Gene A,Gene B,Label,Score,Precision,Recall,False Positive Rate
YBR012W-B,YDL081C,0,-0.3115195,0.0,0.0,9.999999747378752e-05
YEL039C,YCL005W-A,0,-0.37668446,0.0,0.0,0.00019999999494757503
YMR268W-A,YJL164C,0,-0.40823853,0.0,0.0,0.0003000000142492354
YOR294W,YCR029C-A,0,-0.41725087,0.0,0.0,0.00039999998989515007
YNL119W,YDR316W-B,0,-0.43018505,0.0,0.0,0.0005000000237487257
YNL175C,YKL158W,0,-0.43022883,0.0,0.0,0.0006000000284984708
YKL158W,YMR127C,0,-0.441403,0.0,0.0,0.000699999975040555
YNL001W,YCR029C-A,0,-0.44469193,0.0,0.0,0.0007999999797903001
YGL135W,YAR010C,0,-0.45497403,0.0,0.0,0.0008999999845400453
YER046W,YMR268W-A,0,-0.45504913,0.0,0.0,0.0010000000474974513
YHR214C-B,YKL143W,0,-0.4612233,0.0,0.0,0.0010999999940395355
YLL011W,YBL100W-B,0,-0.4642162,0.0,0.0,0.0012000000569969416
YER056C-A,YJR026W,0,-0.46629348,0.0,0.0,0.0013000000035390258
YNR017W,YCL074W,0,-0.4677817,0.0,0.0,0.00139999995008111
YDR453C,YGR161W-A,0,-0.46850803,0.0,0.0,0.001500000013038516
YDR316W-A,YDR297W,0,-0.4704612,0.0,0.0,0.0015999999595806003
YMR238W,YDR261W-B,0,-0.4741234,0.0,0.0,0.0017000000225380063
YDR098C-B,YDR064W,0,-0.47558826,0.0,0.0,0.0017999999690800905
YBR231C,YER087C-A,0,-0.47634932,0.0,0.0,0.0019000000320374966
YMR296C,YDR210C-D,0,-0.4798608,0.0,0.0,0.0020000000949949026
YML039W,YDL202W,0,-0.48065263,0.0,0.0,0.002099999925121665
YPL231W,YGR161W-A,0,-0.4813257,0.0,0.0,0.002199999988079071
YJL087C,YBR012W-B,0,-0.48259398,0.0,0.0,0.002300000051036477
YNL284C-B,YGL226C-A,0,-0.48510993,0.0,0.0,0.002400000113993883
YOL040C,YPR137C-B,0,-0.48523203,0.0,0.0,0.0024999999441206455
YDL184C,YER138C,0,-0.48742366,0.0,0.0,0.0026000000070780516
YIL069C,YFL002W-B,0,-0.48779556,0.0,0.0,0.0027000000700354576
YNL010W,YDR034C-C,0,-0.4880397,0.0,0.0,0.00279999990016222
YER137C-A,YKL013C,0,-0.4888942,0.0,0.0,0.002899999963119626
YNL284C-B,YMR321C,0,-0.48913833,0.0,0.0,0.003000000026077032
YGR027W-B,YFL026W,0,-0.4929226,0.0,0.0,0.003100000089034438
YBL080C,YFL002W-B,0,-0.4938992,0.0,0.0,0.0031999999191612005
YPR158C-D,YCR046C,0,-0.49579135,0.0,0.0,0.0032999999821186066
YBL087C,YDR210C-D,0,-0.49652377,0.0,0.0,0.0034000000450760126
YDR440W,YGR109W-B,0,-0.49713412,0.0,0.0,0.0035000001080334187
YMR321C,YOR343W-A,0,-0.49859902,0.0,0.0,0.003599999938160181
YLR227W-B,YMR225C,0,-0.49920937,0.0,0.0,0.003700000001117587
YLR410W-A,YNR010W,0,-0.49981973,0.0,0.0,0.003800000064074993
YOR142W-B,YGR037C,0,-0.49981973,0.0,0.0,0.0038999998942017555
YOL103W-A,YLR345W,0,-0.5011625,0.0,0.0,0.004000000189989805
YBR012W-B,YEL030W,0,-0.50238156,0.0,0.0,0.004100000020116568
YPL257W-B,YMR307W,0,-0.50293255,0.0,0.0,0.00419999985024333
YMR050C,YLL035W,0,-0.5034344,0.0,0.0,0.00430000014603138
YHL009W-B,YDR510W,0,-0.50476366,0.0,0.0,0.004399999976158142
YOR142W-B,YGL111W,0,-0.50482476,0.0,0.0,0.0044999998062849045
YHR214C-C,YLR430W,0,-0.5058013,0.0,0.0,0.004600000102072954
YBR283C,YFL002W-A,0,-0.5080147,0.0,0.0,0.004699999932199717
YPL026C,YFL011W-A,0,-0.50890005,0.0,0.0,0.004800000227987766
YER031C,YDR210W-B,0,-0.50964665,0.0,0.0,0.004900000058114529
YIL017W,YIL159W,0,-0.51060236,0.0,0.0,0.004999999888241291
YDR098C-B,YEL020W-A,0,-0.5114777,0.0,0.0,0.005100000184029341
YOR192C-B,YKR035W-A,0,-0.5145295,0.0,0.0,0.005200000014156103
YOR192C-B,YNL185C,0,-0.51532304,0.0,0.0,0.0052999998442828655
YDR261C-D,YGL144C,0,-0.5153841,0.0,0.0,0.005400000140070915
YCR055C,YCL026C-B,0,-0.51541805,0.0,0.0,0.005499999970197678
YPL078C,YGR161W-A,0,-0.5166048,0.0,0.0,0.00559999980032444
YKR093W,YMR051C,0,-0.5168413,0.0,0.0,0.00570000009611249
YDR257C,YPR158C-D,0,-0.5178255,0.0,0.0,0.005799999926239252
YBR257W,YER087C-A,0,-0.5180595,0.0,0.0,0.005900000222027302
YGR245C,YMR050C,0,-0.5191605,0.0,0.0,0.006000000052154064
YOR192C-B,YDR422C,0,-0.5198397,0.0,0.0,0.006099999882280827
YIL108W,YDR261W-A,0,-0.5218539,0.0,0.0,0.006200000178068876
YML045W,YGR052W,0,-0.52245045,0.0,0.0,0.006300000008195639
YNL122C,YPR158C-D,0,-0.5244174,0.0,0.0,0.006399999838322401
YOL103W-A,YMR008C,0,-0.5244174,0.0,0.0,0.006500000134110451
YPR137C-A,YOR259C,0,-0.5259434,0.0,0.0,0.006599999964237213
YFR038W,YDR261C-D,0,-0.52917826,0.0,0.0,0.0066999997943639755
YER049W,YNL284C-B,0,-0.52966654,0.0,0.0,0.006800000090152025
YMR281W,YML045W,0,-0.53044486,0.0,0.0,0.006899999920278788
YPL115C,YHL009W-B,0,-0.5311315,0.0,0.0,0.007000000216066837
YOR343W-B,YMR158W,0,-0.5340612,0.0,0.0,0.0071000000461936
YML092C,YBR012W-B,0,-0.5348232,0.0,0.0,0.007199999876320362
YOL053C-A,YER148W,0,-0.53589916,0.0,0.0,0.007300000172108412
YER159C-A,YLR189C,0,-0.53723514,0.0,0.0,0.007400000002235174
YJR155W,YER159C-A,0,-0.5376624,0.0,0.0,0.007499999832361937
YDR261W-B,YBR164C,0,-0.53827274,0.0,0.0,0.007600000128149986
YIL112W,YGR161W-A,0,-0.53827274,0.0,0.0,0.007699999958276749
YGL151W,YGR161W-B,0,-0.5393714,0.0,0.0,0.007799999788403511
YMR268W-A,YBR054W,0,-0.54002607,0.0,0.0,0.007899999618530273
YER071C,YJR029W,0,-0.5403491,0.0,0.0,0.00800000037997961
YOL103W-A,YHR082C,0,-0.54056484,0.0,0.0,0.008100000210106373
YGR161C,YJR028W,0,-0.5411031,0.0,0.0,0.008200000040233135
YOL103W-A,YBR041W,0,-0.54126346,0.0,0.0,0.008299999870359898
YGL051W,YGR109W-B,0,-0.5415687,0.0,0.0,0.00839999970048666
YPL019C,YNL054W-B,0,-0.54175186,0.0,0.0,0.008500000461935997
YOL053C-A,YLR429W,0,-0.54313195,0.0,0.0,0.00860000029206276
YDL121C,YFL002W-B,0,-0.5435829,0.0,0.0,0.008700000122189522
YGR109W-B,YBL074C,0,-0.5438881,0.0,0.0,0.008799999952316284
YNL027W,YGR109W-B,0,-0.5443764,0.0,0.0,0.008899999782443047
YML036W,YLR410W-A,0,-0.5476724,0.0,0.0,0.008999999612569809
YLR268W,YDR098C-A,0,-0.54828274,0.0,0.0,0.009100000374019146
YFR038W,YLR227W-B,0,-0.54950345,0.0,0.0,0.009200000204145908
YDR365W-A,YER028C,0,-0.5518228,0.0,0.0,0.00930000003427267
YDR210C-C,YDR261C,0,-0.55249417,0.0,0.0,0.009399999864399433
YOR265W,YLR410W-B,0,-0.5525247,0.0,0.0,0.009499999694526196
YHR122W,YER138C,0,-0.5528419,0.0,0.0,0.009600000455975533
YKL141W,YJL114W,0,-0.55344164,0.0,0.0,0.009700000286102295
YML040W,YGL185C,0,-0.5539619,0.0,0.0,0.009800000116229057
YGR161C-D,YCR035C,0,-0.55447793,0.0,0.0,0.00989999994635582
YHL009W-B,YJL029C,0,-0.5564921,0.0,0.0,0.009999999776482582
YHL009W-B,YDL099W,0,-0.55728555,0.0,0.0,0.010099999606609344
YPR158C-D,YDR472W,0,-0.5579265,0.0,0.0,0.010200000368058681
YLR020C,YFL002W-B,0,-0.5581096,0.0,0.0,0.010300000198185444
YDR261W-B,YDL045C,0,-0.5581401,0.0,0.0,0.010400000028312206
YDR210C-D,YOR174W,0,-0.55865896,0.0,0.0,0.010499999858438969
YNL308C,YOR192C-B,0,-0.55899465,0.0,0.0,0.010599999688565731
YPL156C,YPR137C-A,0,-0.5597881,0.0,0.0,0.010700000450015068
YJR092W,YCL057C-A,0,-0.56054604,0.0,0.0,0.01080000028014183
YPR072W,YFL002W-A,0,-0.5614648,0.0,0.0,0.010900000110268593
YER071C,YNL054W-B,0,-0.5621685,0.0,0.0,0.010999999940395355
YHR056C,YDR261W-A,0,-0.56357235,0.0,0.0,0.011099999770522118
YDR210W-B,YLL055W,0,-0.5643964,0.0,0.0,0.01119999960064888
YOR063W,YLR410W-B,0,-0.56503725,0.0,0.0,0.011300000362098217
YFL018W-A,YMR267W,0,-0.5652486,0.0,0.0,0.01140000019222498
YMR159C,YLR391W,0,-0.56584585,0.0,0.0,0.011500000022351742
YGR255C,YOL103W-B,0,-0.5672345,0.0,0.0,0.011599999852478504
YJL096W,YLR410W-B,0,-0.56726503,0.0,0.0,0.011699999682605267
YDR210C-C,YOR265W,0,-0.5676923,0.0,0.0,0.011800000444054604
YDR028C,YLR391W-A,0,-0.56781447,0.0,0.0,0.011900000274181366
YDR210C-C,YGL223C,0,-0.56799746,0.0,0.0,0.012000000104308128
YOR243C,YOR343W-B,0,-0.5680585,0.0,0.0,0.01209999993443489
YDR210C-D,YKL011C,0,-0.56830263,0.0,0.0,0.012199999764561653
YOR142W-B,YGR175C,0,-0.5686078,0.0,0.0,0.012299999594688416
YLR391W-A,YFL010W-A,0,-0.5686413,0.0,0.0,0.012400000356137753
YCL003W,YEL038W,0,-0.5701872,0.0,0.0,0.012500000186264515
YBL051C,YER159C-A,0,-0.5705,0.0,0.0,0.012600000016391277
YFR037C,YJR028W,0,-0.57130337,0.0,0.0,0.01269999984651804
YLR391W-A,YBR192W,0,-0.57173324,0.0,0.0,0.012799999676644802
YJR027W,YOR266W,0,-0.5720943,0.0,0.0,0.012900000438094139
YDR210C-C,YLL034C,0,-0.5727278,0.0,0.0,0.013000000268220901
YFL002W-A,YDL143W,0,-0.5728619,0.0,0.0,0.013100000098347664
YML040W,YEL054C,0,-0.57287395,0.0,0.0,0.013199999928474426
YPL257W-B,YKL048C,0,-0.573857,0.0,0.0,0.013299999758601189
YGR161C-D,YGR076C,0,-0.57394856,0.0,0.0,0.013399999588727951
YNL020C,YCL012W,0,-0.57448876,0.0,0.0,0.013500000350177288
YOR228C,YLR256W-A,0,-0.57461995,0.0,0.0,0.01360000018030405
YOR038C,YMR268W-A,0,-0.5749475,0.0,0.0,0.013700000010430813
YDR098C-B,YDR397C,0,-0.57501674,0.0,0.0,0.013799999840557575
YPL183C,YLR312C-B,0,-0.5756235,0.0,0.0,0.013899999670684338
YGR109W-B,YBL089W,0,-0.57593226,0.0,0.0,0.014000000432133675
YER159C-A,YJR015W,0,-0.576329,0.0,0.0,0.014100000262260437
YOL018C,YDR261W-A,0,-0.5775802,0.0,0.0,0.0142000000923872
YFL023W,YBR012W-A,0,-0.5776628,0.0,0.0,0.014299999922513962
YDR213W,YCL012W,0,-0.5779963,0.0,0.0,0.014399999752640724
YLR410W-B,YKL022C,0,-0.57816005,0.0,0.0,0.014499999582767487
YER108C,YOR179C,0,-0.578384,0.0,0.0,0.014600000344216824
YDL043C,YBR090C-A,0,-0.5785502,0.0,0.0,0.014700000174343586
YMR301C,YNL054W-A,0,-0.5787704,0.0,0.0,0.014800000004470348
YLR390W,YLR410W-A,0,-0.58087623,0.0,0.0,0.01489999983459711
YML039W,YDR134C,0,-0.58098614,0.0,0.0,0.014999999664723873
YCR087C-A,YDR098C-A,0,-0.5810288,0.0,0.0,0.01510000042617321
YOR338W,YNL054W-A,0,-0.581334,0.0,0.0,0.015200000256299973
YDR098C-A,YMR089C,0,-0.58179176,0.0,0.0,0.015300000086426735
YCL016C,YJR026W,0,-0.5824461,0.0,0.0,0.015399999916553497
YBR175W,YFL002W-A,0,-0.5833795,0.0,0.0,0.01549999974668026
YHL009W-B,YBR180W,0,-0.5834092,0.0,0.0,0.015599999576807022
YBR002C,YHR079C-B,0,-0.583436,0.0,0.0,0.015699999406933784
YCR045C,YHR039C-B,0,-0.5839875,0.0,0.0,0.015799999237060547
YGR161C-D,YKL005C,0,-0.58409584,0.0,0.0,0.01590000092983246
YFL035C-B,YLR377C,0,-0.58451724,0.0,0.0,0.01600000075995922
YDR398W,YMR045C,0,-0.5849924,0.0,0.0,0.016100000590085983
YNL194C,YDR365W-A,0,-0.5856981,0.0,0.0,0.016200000420212746
YGR254W,YLR410W-B,0,-0.5860338,0.0,0.0,0.016300000250339508
YLR246W,YNL054W-B,0,-0.58614063,0.0,0.0,0.01640000008046627
YNL258C,YLR154W-C,0,-0.58649194,0.0,0.0,0.016499999910593033
YPR178W,YDR261W-A,0,-0.5865526,0.0,0.0,0.016599999740719795
YDR378C,YDR316W-B,0,-0.58658314,0.0,0.0,0.016699999570846558
YDL192W,YOL053C-A,0,-0.58707285,0.0,0.0,0.01679999940097332
YFL002W-B,YGL238W,0,-0.58842945,0.0,0.0,0.016899999231100082
YLR312C-B,YHR147C,0,-0.5887129,0.0,0.0,0.017000000923871994
YBR173C,YPR158C-C,0,-0.58871937,0.0,0.0,0.017100000753998756
YFL002W-B,YOR119C,0,-0.58923817,0.0,0.0,0.01720000058412552
YHR001W-A,YFL035C,0,-0.58972967,0.0,0.0,0.01730000041425228
YMR182C,YOR192C-A,0,-0.5902453,0.0,0.0,0.017400000244379044
YCL060C,YIL013C,0,-0.5909953,0.0,0.0,0.017500000074505806
YKL048C,YJR029W,0,-0.5912858,0.0,0.0,0.01759999990463257
YPL126W,YLR154W-C,0,-0.59159684,0.0,0.0,0.01769999973475933
YER108C,YMR304W,0,-0.5926126,0.0,0.0,0.017799999564886093
YHL009W-B,YOR098C,0,-0.5926868,0.0,0.0,0.017899999395012856
YLR383W,YNL054W-A,0,-0.59280884,0.0,0.0,0.017999999225139618
YOR192C-A,YLL053C,0,-0.59322083,0.0,0.0,0.01810000091791153
YFL035C,YHR161C,0,-0.5932894,0.0,0.0,0.018200000748038292
YKL183W,YDR316W-B,0,-0.5935565,0.0,0.0,0.018300000578165054
YDR253C,YDR365W-A,0,-0.5936786,0.0,0.0,0.018400000408291817
YLR312C-B,YLR315W,0,-0.5937723,0.0,0.0,0.01850000023841858
YBL098W,YDL134C-A,0,-0.5940696,0.0,0.0,0.01860000006854534
YHR080C,YCL057C-A,0,-0.594146,0.0,0.0,0.018699999898672104
YCL060C,YER055C,0,-0.5946188,0.0,0.0,0.018799999728798866
YJL054W,YPR137C-A,0,-0.59483826,0.0,0.0,0.01889999955892563
YJR010C-A,YCL012W,0,-0.5949516,0.0,0.0,0.01899999938905239
YLR312C-B,YOR236W,0,-0.59549916,0.0,0.0,0.019099999219179153
YNL250W,YLR154W-C,0,-0.5957984,0.0,0.0,0.019200000911951065
YOL053C-A,YDR441C,0,-0.5958507,0.0,0.0,0.019300000742077827
YGR161C-D,YHR149C,0,-0.595876,0.0,0.0,0.01940000057220459
YPL257W-B,YLR364W,0,-0.59622693,0.0,0.0,0.019500000402331352
YCL057C-A,YNL314W,0,-0.5962477,0.0,0.0,0.019600000232458115
YFL018W-A,YDR529C,0,-0.59633267,0.0,0.0,0.019700000062584877
YDL105W,YMR051C,0,-0.59661734,0.0,0.0,0.01979999989271164
YKL097W-A,YDR285W,0,-0.5966295,0.0,0.0,0.019899999722838402
YLR370C,YGR161W-B,0,-0.5968524,0.0,0.0,0.019999999552965164
YNL062C,YHR079C-B,0,-0.59698987,0.0,0.0,0.020099999383091927
YMR226C,YNL054W-A,0,-0.5972035,0.0,0.0,0.02019999921321869
YLR391W-A,YIL068C,0,-0.5981399,0.0,0.0,0.0203000009059906
YOR066W,YFL035C-A,0,-0.598189,0.0,0.0,0.020400000736117363
YFL035C,YJL158C,0,-0.5982802,0.0,0.0,0.020500000566244125
YER137C-A,YHR096C,0,-0.5985844,0.0,0.0,0.020600000396370888
YGR161C-D,YER137C-A,0,-0.59867597,0.0,0.0,0.02070000022649765
YMR051C,YKR048C,0,-0.5987315,0.0,0.0,0.020800000056624413
YLR337W,YOL023W,0,-0.599298,0.0,0.0,0.020899999886751175
YML059C,YDL134C-A,0,-0.59930694,0.0,0.0,0.020999999716877937
YCL060C,YOR372C,0,-0.59935546,0.0,0.0,0.0210999995470047
YOR142W-B,YDL119C,0,-0.60075116,0.0,0.0,0.021199999377131462
YOR240W,YGL171W,0,-0.60094047,0.0,0.0,0.021299999207258224
YMR088C,YDR034C-C,0,-0.6010792,0.0,0.0,0.021400000900030136
YKR095W-A,YOR182C,0,-0.60152006,0.0,0.0,0.0215000007301569
YDR365C,YDR210C-D,0,-0.60155225,0.0,0.0,0.02160000056028366
YAL024C,YCR080W,0,-0.60209286,0.0,0.0,0.021700000390410423
YLR020C,YLR391W,0,-0.602095,0.0,0.0,0.021800000220537186
YER138C,YPL101W,0,-0.6021948,0.0,0.0,0.021900000050663948
YMR226C,YDR210C-D,0,-0.6022924,0.0,0.0,0.02199999988079071
YKR072C,YPR137C-B,0,-0.60264325,0.0,0.0,0.022099999710917473
YKL200C,YGL157W,0,-0.6027572,0.0,0.0,0.022199999541044235
YLR085C,YAR010C,0,-0.6028867,0.0,0.0,0.022299999371170998
YLR165C,YJR028W,0,-0.60327125,0.0,0.0,0.02239999920129776
YJL197W,YCR080W,0,-0.6033162,0.0,0.0,0.02250000089406967
YOL103W-A,YPL194W,0,-0.60342157,0.0,0.0,0.022600000724196434
YGR060W,YOR240W,0,-0.6036731,0.0,0.0,0.022700000554323196
YLR154W-A,YMR203W,0,-0.60380936,0.0,0.0,0.02280000038444996
YLR044C,YDL134C-A,0,-0.60422826,0.0,0.0,0.02290000021457672
YCL074W,YDR345C,0,-0.60494614,0.0,0.0,0.023000000044703484
YHR142W,YGR109W-B,0,-0.6050161,0.0,0.0,0.023099999874830246
YLR154W-A,YER167W,0,-0.6051887,0.0,0.0,0.02319999970495701
YFL018W-A,YDL195W,0,-0.60555243,0.0,0.0,0.02329999953508377
YMR319C,YLR391W,0,-0.6056857,0.0,0.0,0.023399999365210533
YJL059W,YCR029C-A,0,-0.60629976,0.0,0.0,0.023499999195337296
YLR154W-A,YGR129W,0,-0.60659635,0.0,0.0,0.023600000888109207
YER040W,YNL054W-B,0,-0.6070112,0.0,0.0,0.02370000071823597
YER052C,YHL009W-B,0,-0.6074424,0.0,0.0,0.023800000548362732
YBL100W-B,YDL065C,0,-0.60773015,0.0,0.0,0.023900000378489494
YPL063W,YDL134C-A,0,-0.6078541,0.0,0.0,0.024000000208616257
YGR006W,YFL035C,0,-0.6082877,0.0,0.0,0.02410000003874302
YMR075W,YLR256W-A,0,-0.6083884,0.0,0.0,0.02419999986886978
YDR179C,YKL200C,0,-0.608547,0.0,0.0,0.024299999698996544
YPL049C,YFL035C,0,-0.60862815,0.0,0.0,0.024399999529123306
YDR210W-B,YIL138C,0,-0.60868216,0.0,0.0,0.02449999935925007
YOR078W,YDL134C-A,0,-0.60887074,0.0,0.0,0.02459999918937683
YOR240W,YBR208C,0,-0.6091702,0.0,0.0,0.024700000882148743
YLR391W-A,YLR383W,0,-0.6093298,0.0,0.0,0.024800000712275505
YML039W,YMR131C,0,-0.60951424,0.0,0.0,0.024900000542402267
YOR317W,YGR031C-A,0,-0.609957,0.0,0.0,0.02500000037252903
YDR038C,YNL054W-A,0,-0.6102023,0.0,0.0,0.025100000202655792
YGR109W-A,YBL056W,0,-0.6102996,0.0,0.0,0.025200000032782555
YNL027W,YBR012W-B,0,-0.61036503,0.0,0.0,0.025299999862909317
YLR015W,YFL035C-A,0,-0.6110816,0.0,0.0,0.02539999969303608
YGR185C,YDR098C-A,0,-0.61127234,0.0,0.0,0.025499999523162842
YOR142W-B,YGR036C,0,-0.6112819,0.0,0.0,0.025599999353289604
YDR210C-D,YGR253C,0,-0.6114383,0.0,0.0,0.025699999183416367
YDL134C-A,YBR183W,0,-0.6116495,0.0,0.0,0.025800000876188278
YCR055C,YLR100W,0,-0.6117685,0.0,0.0,0.02590000070631504
YNR041C,YGR031C-A,0,-0.611866,0.0,0.0,0.026000000536441803
YKR002W,YDR261W-A,0,-0.6119237,0.0,0.0,0.026100000366568565
YDL180W,YFL002W-A,0,-0.61215305,0.0,0.0,0.026200000196695328
YER032W,YMR268W-A,0,-0.61276186,0.0,0.0,0.02630000002682209
YNL284C-B,YJL106W,0,-0.6128435,0.0,0.0,0.026399999856948853
YKL149C,YFL035C,0,-0.6131376,0.0,0.0,0.026499999687075615
YDR086C,YLR154W-C,0,-0.6131735,0.0,0.0,0.026599999517202377
YLR127C,YOR343W-A,0,-0.6135944,0.0,0.0,0.02669999934732914
YJL097W,YCR097WB,0,-0.6136751,0.0,0.0,0.026799999177455902
YJL035C,YDR381C-A,0,-0.6137749,0.0,0.0,0.026900000870227814
YDR320C-A,YDR261W-B,0,-0.6137749,0.0,0.0,0.027000000700354576
YKL168C,YHR214W-G,0,-0.6137749,0.0,0.0,0.02710000053048134
YML041C,YJL133C-A,0,-0.6137749,0.0,0.0,0.0272000003606081
YHR140W,YFL035C-B,0,-0.6137749,0.0,0.0,0.027300000190734863
YNL138W-A,YDR316W-B,0,-0.6137749,0.0,0.0,0.027400000020861626
YNR070W,YFL002W-B,0,-0.6137749,0.0,0.0,0.027499999850988388
YML045W-A,YPR042C,0,-0.6137749,0.0,0.0,0.02759999968111515
YDR169C,YCL048W-A,0,-0.6137749,0.0,0.0,0.027699999511241913
YIL096C,YFL035C-B,0,-0.6137749,0.0,0.0,0.027799999341368675
YPR137C-A,YLR391W,0,-0.6137749,0.0,0.0,0.027899999171495438
YBL101W-A,YBL047C,0,-0.6137749,0.0,0.0,0.02800000086426735
YOR359W,YJL133C-A,0,-0.6137749,0.0,0.0,0.02810000069439411
YNL284C-A,YMR139W,0,-0.6137749,0.0,0.0,0.028200000524520874
YER167W,YDR381C-A,0,-0.6137749,0.0,0.0,0.028300000354647636
YCL048W-A,YLR078C,0,-0.6137749,0.0,0.0,0.0284000001847744
YBR294W,YAR070W-A,0,-0.6137749,0.0,0.0,0.02850000001490116
YJL052W,YJL133C-A,0,-0.6137749,0.0,0.0,0.028599999845027924
YER031C,YNL284C-A,0,-0.6137749,0.0,0.0,0.028699999675154686
YBL113C,YGR031C-A,0,-0.6137749,0.0,0.0,0.02879999950528145
YOR343C-A,YNL098C,0,-0.6137749,0.0,0.0,0.02889999933540821
YOR378W,YLR391W-A,0,-0.6137749,0.0,0.0,0.028999999165534973
YHL021C,YJL133C-A,0,-0.6137749,0.0,0.0,0.029100000858306885
YBL101W-A,YDR494W,0,-0.6137749,0.0,0.0,0.029200000688433647
YBL101W-B,YMR139W,0,-0.6137749,0.0,0.0,0.02930000051856041
YBL005W,YDR316W-B,0,-0.6137749,0.0,0.0,0.029400000348687172
YLR312C-B,YNL010W,0,-0.6137749,0.0,0.0,0.029500000178813934
YBR200W-A,YML051W,0,-0.6137749,0.0,0.0,0.029600000008940697
YDR014W-A,YPL213W,0,-0.6137749,0.0,0.0,0.02969999983906746
YBL101W-A,YKL156W,0,-0.6137749,0.0,0.0,0.02979999966919422
YDR533C,YBL101W-B,0,-0.6137749,0.0,0.0,0.029899999499320984
YEL005C,YBR200W-A,0,-0.6137749,0.0,0.0,0.029999999329447746
YLR190W,YDR210W-C,0,-0.6137749,0.0,0.0,0.03009999915957451
YAR070W-A,YGL173C,0,-0.6137749,0.0,0.0,0.03020000085234642
YPR026W,YHR214W-G,0,-0.6137749,0.0,0.0,0.030300000682473183
YER108C,YJL171C,0,-0.6137749,0.0,0.0,0.030400000512599945
YNL284C-A,YLR029C,0,-0.6137749,0.0,0.0,0.030500000342726707
YDR014W-A,YDL054C,0,-0.6137749,0.0,0.0,0.03060000017285347
YGR271W,YDR210W-C,0,-0.6137749,0.0,0.0,0.030700000002980232
YPL113C,YBL101W-B,0,-0.6137749,0.0,0.0,0.030799999833106995
YLR426W,YBR200W-A,0,-0.6137749,0.0,0.0,0.030899999663233757
YHL015W,YBL101W-B,0,-0.6137749,0.0,0.0,0.03099999949336052
YGR031C-A,YNL010W,0,-0.6137749,0.0,0.0,0.031099999323487282
YML045W-A,YKL198C,0,-0.6137749,0.0,0.0,0.031199999153614044
YLL012W,YCL048W-A,0,-0.6137749,0.0,0.0,0.031300000846385956
YKR059W,YBR200W-A,0,-0.6137749,0.0,0.0,0.03139999881386757
YLR154W-A,YJL225C,0,-0.6137749,0.0,0.0,0.03150000050663948
YOR092W,YBR200W-A,0,-0.6137749,0.0,0.0,0.031599998474121094
YOR343C-A,YGR061C,0,-0.6137749,0.0,0.0,0.031700000166893005
YJR149W,YCL005W-A,0,-0.6137749,0.0,0.0,0.03180000185966492
YBL101W-A,YOR260W,0,-0.6137749,0.0,0.0,0.03189999982714653
YLR154W-C,YMR051C,0,-0.6137749,0.0,0.0,0.03200000151991844
YDR253C,YBL101W-A,0,-0.6137749,0.0,0.0,0.032099999487400055
YDR014W-A,YDR092W,0,-0.6137749,0.0,0.0,0.03220000118017197
YMR051C,YCL026C-B,0,-0.6137749,0.0,0.0,0.03229999914765358
YBR200W-A,YER112W,0,-0.6137749,0.0,0.0,0.03240000084042549
YBR058C-A,YAR010C,0,-0.6137749,0.0,0.0,0.032499998807907104
YIL145C,YBL101W-B,0,-0.6137749,0.0,0.0,0.032600000500679016
YPL075W,YDR210W-C,0,-0.6137749,0.0,0.0,0.03269999846816063
YPL189C-A,YEL048C,0,-0.6137749,0.0,0.0,0.03280000016093254
YBR200W-A,YEL022W,0,-0.6137749,0.0,0.0,0.03290000185370445
YLR363C,YCL048W-A,0,-0.6137749,0.0,0.0,0.032999999821186066
YIL002C,YJL133C-A,0,-0.6137749,0.0,0.0,0.03310000151395798
YJL133C-A,YLL040C,0,-0.6137749,0.0,0.0,0.03319999948143959
YAR070W-A,YDR461W,0,-0.6137749,0.0,0.0,0.0333000011742115
YML045W-A,YMR312W,0,-0.6137749,0.0,0.0,0.033399999141693115
YDL124W,YCR058C,0,-0.6137749,0.0,0.0,0.03350000083446503
YER063W,YBL101W-B,0,-0.6137749,0.0,0.0,0.03359999880194664
YDL205C,YDR381C-A,0,-0.6137749,0.0,0.0,0.03370000049471855
YPR199C,YNL284C-A,0,-0.6137749,0.0,0.0,0.033799998462200165
YFL035C,YJR149W,0,-0.6137749,0.0,0.0,0.033900000154972076
YDR014W-A,YML063W,0,-0.6137749,0.0,0.0,0.03400000184774399
YAR070W-A,YJR035W,0,-0.6137749,0.0,0.0,0.0340999998152256
YMR297W,YCL048W-A,0,-0.6137749,0.0,0.0,0.03420000150799751
YCL012W,YLR194C,0,-0.6137749,0.0,0.0,0.034299999475479126
YLR141W,YCL048W-A,0,-0.6137749,0.0,0.0,0.03440000116825104
YKL052C,YBR200W-A,0,-0.6137749,0.0,0.0,0.03449999913573265
YLR035C-A,YLR154W-C,0,-0.6137749,0.0,0.0,0.03460000082850456
YOR343C-A,YPR187W,0,-0.6137749,0.0,0.0,0.034699998795986176
YLR413W,YLR312C-B,0,-0.6137749,0.0,0.0,0.03480000048875809
YDR100W,YHR214W-G,0,-0.6137749,0.0,0.0,0.0348999984562397
YOR304C-A,YDR210W-C,0,-0.6137749,0.0,0.0,0.03500000014901161
YGR245C,YBL101W-B,0,-0.6137749,0.0,0.0,0.035100001841783524
YNL284C-A,YNR031C,0,-0.6137749,0.0,0.0,0.03519999980926514
YOL045W,YFL002W-B,0,-0.6137749,0.0,0.0,0.03530000150203705
YLR286C,YNL284C-A,0,-0.6137749,0.0,0.0,0.03539999946951866
YDR429C,YHR214W-G,0,-0.6137749,0.0,0.0,0.03550000116229057
YIL046W,YDR381C-A,0,-0.6137749,0.0,0.0,0.035599999129772186
YDR365W-A,YCL003W,0,-0.6137749,0.0,0.0,0.0357000008225441
YML045W-A,YKL196C,0,-0.6137749,0.0,0.0,0.03579999879002571
YHR214C-B,YCR055C,0,-0.6137749,0.0,0.0,0.03590000048279762
YML045W-A,YEL012W,0,-0.6137749,0.0,0.0,0.035999998450279236
YFL018W-A,YDR381C-A,0,-0.6137749,0.0,0.0,0.03610000014305115
YNL016W,YBR200W-A,0,-0.6137749,0.0,0.0,0.03620000183582306
YNL156C,YDR381C-A,0,-0.6137749,0.0,0.0,0.03629999980330467
YFL057C,YLR256W-A,0,-0.6137749,0.0,0.0,0.036400001496076584
YJL133C-A,YIL143C,0,-0.6137749,0.0,0.0,0.0364999994635582
YBR094W,YJL133C-A,0,-0.6137749,0.0,0.0,0.03660000115633011
YAR070W-A,YBL079W,0,-0.6137749,0.0,0.0,0.03669999912381172
YER086W,YCL048W-A,0,-0.6137749,0.0,0.0,0.03680000081658363
YLR396C,YDR014W-A,0,-0.6137749,0.0,0.0,0.03689999878406525
YCR002C,YBL101W-B,0,-0.6137749,0.0,0.0,0.03700000047683716
YNL284C-A,YBR036C,0,-0.6137749,0.0,0.0,0.03709999844431877
YBR218C,YBR200W-A,0,-0.6137749,0.0,0.0,0.03720000013709068
YGL092W,YAR070W-A,0,-0.6137749,0.0,0.0,0.037300001829862595
YLR197W,YDR381C-A,0,-0.6137749,0.0,0.0,0.03739999979734421
YHR186C,YCL048W-A,0,-0.6137749,0.0,0.0,0.03750000149011612
YOR343C-A,YDR318W,0,-0.6137749,0.0,0.0,0.03759999945759773
YOR343C-A,YER096W,0,-0.6137749,0.0,0.0,0.037700001150369644
YJL133C-A,YBL089W,0,-0.6137749,0.0,0.0,0.03779999911785126
YCL048W-A,YLR256W-A,0,-0.6137749,0.0,0.0,0.03790000081062317
YBL101W-A,YMR298W,0,-0.6137749,0.0,0.0,0.03799999877810478
YBL101W-A,YGL063W,0,-0.6137749,0.0,0.0,0.038100000470876694
YKL088W,YOR343C-A,0,-0.6137749,0.0,0.0,0.03819999843835831
YOR377W,YJL133C-A,0,-0.6137749,0.0,0.0,0.03830000013113022
YBR200W-A,YLR321C,0,-0.6137749,0.0,0.0,0.03840000182390213
YJL180C,YDR381C-A,0,-0.6137749,0.0,0.0,0.03849999979138374
YBR200W-A,YEL037C,0,-0.6137749,0.0,0.0,0.038600001484155655
YLR130C,YAR070W-A,0,-0.6137749,0.0,0.0,0.03869999945163727
YNL284C-A,YIL125W,0,-0.6137749,0.0,0.0,0.03880000114440918
YNL297C,YKL138C-A,0,-0.6139504,0.0,0.0,0.03889999911189079
YDL108W,YDR210W-B,0,-0.61411536,0.0,0.0,0.039000000804662704
YJR026W,YER028C,0,-0.61430335,0.0,0.0,0.03909999877214432
YKL200C,YBL098W,0,-0.61445534,0.0,0.0,0.03920000046491623
YGL243W,YGR031C-A,0,-0.6145401,0.0,0.0,0.03929999843239784
YNL147W,YBR090C-A,0,-0.6145433,0.0,0.0,0.039400000125169754
YCL027W,YOL053C-A,0,-0.61475885,0.0,0.0,0.039500001817941666
YOL004W,YLR256W-A,0,-0.6160084,0.0,0.0,0.03959999978542328
YPR137C-A,YJL073W,0,-0.61625445,0.0,0.0,0.03970000147819519
YKR038C,YFL002W-A,0,-0.6173402,0.0,0.0,0.039799999445676804
YER159C-A,YGR077C,0,-0.6176888,0.0,0.0,0.039900001138448715
YPR168W,YER087C-A,0,-0.61799717,0.0,0.0,0.03999999910593033
YLR410W-B,YER098W,0,-0.6184366,0.0,0.0,0.04010000079870224
YBR028C,YCL005W-A,0,-0.61864364,0.0,0.0,0.04019999876618385
YJL178C,YDR365W-A,0,-0.61868834,0.0,0.0,0.040300000458955765
YER044C-A,YIL080W,0,-0.6187587,0.0,0.0,0.04039999842643738
YER108C,YOR162C,0,-0.6188655,0.0,0.0,0.04050000011920929
YGR161C-D,YER123W,0,-0.61900115,0.0,0.0,0.0406000018119812
YLR154W-A,YGR175C,0,-0.6191025,0.0,0.0,0.040699999779462814
YJR084W,YFL002W-A,0,-0.61934674,0.0,0.0,0.040800001472234726
YCR087C-A,YLR256W-A,0,-0.6195619,0.0,0.0,0.04089999943971634
YLR390W-A,YOL103W-B,0,-0.6195924,0.0,0.0,0.04100000113248825
YER138C,YJR015W,0,-0.619745,0.0,0.0,0.041099999099969864
YER179W,YPR158C-C,0,-0.6199205,0.0,0.0,0.041200000792741776
YOR315W,YPR158C-D,0,-0.6202905,0.0,0.0,0.04129999876022339
YBL021C,YKL138C-A,0,-0.6204771,0.0,0.0,0.0414000004529953
YGR031C-A,YGL162W,0,-0.6205379,0.0,0.0,0.04149999842047691
YLR056W,YFL035C-B,0,-0.62092435,0.0,0.0,0.041600000113248825
YLR391W-A,YDR126W,0,-0.6209483,0.0,0.0,0.04170000180602074
YKL200C,YOR290C,0,-0.62120855,0.0,0.0,0.04179999977350235
YBR111W-A,YJL117W,0,-0.6219809,0.0,0.0,0.04190000146627426
YHR214C-B,YER030W,0,-0.6220138,0.0,0.0,0.041999999433755875
YBL100W-B,YER015W,0,-0.6229304,0.0,0.0,0.042100001126527786
YFL035C,YIL037C,0,-0.6229484,0.0,0.0,0.0421999990940094
YGR217W,YFL035C-A,0,-0.62310326,0.0,0.0,0.04230000078678131
YEL024W,YDR261C-D,0,-0.62315154,0.0,0.0,0.042399998754262924
YLR312C-B,YNL293W,0,-0.6232623,0.0,0.0,0.042500000447034836
YGR031C-A,YDR443C,0,-0.62355566,0.0,0.0,0.04259999841451645
YDR210C-C,YHR193C,0,-0.62372375,0.0,0.0,0.04270000010728836
YPR167C,YLR154W-A,0,-0.62391627,0.0,0.0,0.04280000180006027
YFL011W-A,YER055C,0,-0.624321,0.0,0.0,0.042899999767541885
YBR182C,YLR154W-C,0,-0.62434804,0.0,0.0,0.0430000014603138
YOL053C-A,YEL019C,0,-0.6244552,0.0,0.0,0.04309999942779541
YLR073C,YCR080W,0,-0.6251006,0.0,0.0,0.04320000112056732
YIR002C,YCL057C-A,0,-0.62539876,0.0,0.0,0.043299999088048935
YCL060C,YLR353W,0,-0.626127,0.0,0.0,0.04340000078082085
YFL035C,YPL065W,0,-0.62614024,0.0,0.0,0.04349999874830246
YDR098C-B,YDR092W,0,-0.6269206,0.0,0.0,0.04360000044107437
YJL021C,YLR154W-A,0,-0.62705517,0.0,0.0,0.043699998408555984
YNL188W,YCR097WB,0,-0.6272888,0.0,0.0,0.043800000101327896
YGL200C,YNL054W-B,0,-0.6279124,0.0,0.0,0.04390000179409981
YIL017W,YMR302C,0,-0.6279161,0.0,0.0,0.04399999976158142
YLR312C-B,YML051W,0,-0.62820196,0.0,0.0,0.04410000145435333
YKL097W-A,YDL245C,0,-0.6283461,0.0,0.0,0.044199999421834946
YPR137C-A,YEL040W,0,-0.6289195,0.0,0.0,0.04430000111460686
YFL035C-A,YER087C-A,0,-0.6290207,0.0,0.0,0.04439999908208847
YEL020W-A,YJR028W,0,-0.6296301,0.0,0.0,0.04450000077486038
YFL011W-A,YDR334W,0,-0.6297493,0.0,0.0,0.044599998742341995
YOR343W-B,YNR037C,0,-0.62976646,0.0,0.0,0.04470000043511391
YGL004C,YLR256W-A,0,-0.62984276,0.0,0.0,0.04479999840259552
YIL017W,YJL029C,0,-0.63007736,0.0,0.0,0.04490000009536743
YOR155C,YCR080W,0,-0.63027954,0.0,0.0,0.04500000178813934
YMR233W,YOR142W-A,0,-0.630743,0.0,0.0,0.045099999755620956
YCL057C-A,YOR046C,0,-0.63079417,0.0,0.0,0.04520000144839287
YCL060C,YDR044W,0,-0.6308737,0.0,0.0,0.04529999941587448
YER108C,YNL271C,0,-0.6311823,0.0,0.0,0.04540000110864639
YOL053C-A,YOL135C,0,-0.6312181,0.0,0.0,0.045499999076128006
YNR055C,YHL009W-B,0,-0.6312618,0.0,0.0,0.04560000076889992
YFL035C,YNL291C,0,-0.6315224,0.0,0.0,0.04569999873638153
YDR071C,YDL134C-A,0,-0.63160765,0.0,0.0,0.04580000042915344
YGR040W,YDR261C-D,0,-0.6319332,0.0,0.0,0.045899998396635056
YCR080W,YCL026C-B,0,-0.63194263,0.0,0.0,0.04600000008940697
YNL016W,YHR079C-B,0,-0.6321863,0.0,0.0,0.04610000178217888
YPL122C,YJR026W,0,-0.63232565,0.0,0.0,0.04619999974966049
YLR395C,YPR158C-D,0,-0.63232994,0.0,0.0,0.046300001442432404
YDR265W,YMR046C,0,-0.63300014,0.0,0.0,0.04639999940991402
YKL158W,YMR055C,0,-0.6334491,0.0,0.0,0.04650000110268593
YDR057W,YOL103W-B,0,-0.6334591,0.0,0.0,0.04659999907016754
YGL103W,YIL017W,0,-0.6337905,0.0,0.0,0.04670000076293945
YOR142W-A,YGR276C,0,-0.6338711,0.0,0.0,0.046799998730421066
YOR192C-B,YLR189C,0,-0.6339474,0.0,0.0,0.04690000042319298
YFL035C-A,YPL134C,0,-0.63402426,0.0,0.0,0.04699999839067459
YHR037W,YPL257W-A,0,-0.63458824,0.0,0.0,0.0471000000834465
YDR414C,YFL035C,0,-0.63474715,0.0,0.0,0.047200001776218414
YCL060C,YOR380W,0,-0.634858,0.0,0.0,0.04729999974370003
YDR516C,YHR039C-B,0,-0.6348932,0.0,0.0,0.04740000143647194
YDR447C,YDL134C-A,0,-0.63511837,0.0,0.0,0.04749999940395355
YIL107C,YER087C-A,0,-0.63512206,0.0,0.0,0.047600001096725464
YLR337W,YNL223W,0,-0.63678825,0.0,0.0,0.04769999906420708
YNL054W-A,YOL127W,0,-0.637045,0.0,0.0,0.04780000075697899
YAL051W,YBR090C-A,0,-0.6376128,0.0,0.0,0.0478999987244606
YFL011W-A,YDL227C,0,-0.6379298,0.0,0.0,0.04800000041723251
YDR501W,YCR080W,0,-0.638392,0.0,0.0,0.04809999838471413
YDL160C,YDR034C-C,0,-0.6391355,0.0,0.0,0.04820000007748604
YBR012W-B,YPL138C,0,-0.63955915,0.0,0.0,0.04830000177025795
YDL115C,YLR337W,0,-0.640182,0.0,0.0,0.04839999973773956
YBR012W-B,YMR009W,0,-0.6404685,0.0,0.0,0.048500001430511475
YML042W,YML045W,0,-0.6408342,0.0,0.0,0.04859999939799309
YKL109W,YLR227W-A,0,-0.64130235,0.0,0.0,0.048700001090765
YCL027W,YOR142W-A,0,-0.6413939,0.0,0.0,0.04879999905824661
YFL035C-B,YKL140W,0,-0.6415199,0.0,0.0,0.048900000751018524
YER108C,YGL060W,0,-0.6426393,0.0,0.0,0.04899999871850014
YCL044C,YHR079C-B,0,-0.6443529,0.0,0.0,0.04910000041127205
YIL017W,YMR039C,0,-0.6451454,0.0,0.0,0.04919999837875366
YOR032C,YCL012W,0,-0.64541376,0.0,0.0,0.049300000071525574
YCL060C,YKL173W,0,-0.6457689,0.0,0.0,0.049400001764297485
YMR220W,YCR029C-A,0,-0.6463008,0.0,0.0,0.0494999997317791
YHR030C,YDR098C-B,0,-0.64630735,0.0,0.0,0.04960000142455101
YGR027W-B,YMR171C,0,-0.64670396,0.0,0.0,0.04969999939203262
YLR067C,YLR410W-B,0,-0.64716184,0.0,0.0,0.049800001084804535
YDR316W-A,YGR154C,0,-0.64737546,0.0,0.0,0.04989999905228615
YIL133C,YLR391W,0,-0.6475096,0.0,0.0,0.05000000074505806
YGL161C,YGR109W-A,0,-0.64838254,0.0,0.0,0.05009999871253967
YBR109C,YOR142W-A,0,-0.6484436,0.0,0.0,0.050200000405311584
YCL057C-A,YOR278W,0,-0.6486709,0.0,0.0,0.0502999983727932
YPL189C-A,YMR318C,0,-0.64876485,0.0,0.0,0.05040000006556511
YML023C,YDR210W-B,0,-0.6487793,0.0,0.0,0.05050000175833702
YOL103W-A,YGL137W,0,-0.6488098,0.0,0.0,0.050599999725818634
YOL053C-A,YMR091C,0,-0.6488106,0.0,0.0,0.050700001418590546
YKL200C,YCL004W,0,-0.64902866,0.0,0.0,0.05079999938607216
YAL059W,YHR039C-B,0,-0.64947903,0.0,0.0,0.05090000107884407
YOR103C,YLR154W-C,0,-0.64952004,0.0,0.0,0.050999999046325684
YLR382C,YDR098C-B,0,-0.6496948,0.0,0.0,0.051100000739097595
YBR012W-B,YBR082C,0,-0.6503211,0.0,0.0,0.05119999870657921
YBL017C,YLR256W-A,0,-0.6507629,0.0,0.0,0.05130000039935112
YOR142W-A,YFR019W,0,-0.65082395,0.0,0.0,0.05139999836683273
YNL159C,YKL158W,0,-0.6511177,0.0,0.0,0.051500000059604645
YOR142W-B,YNL330C,0,-0.6515565,0.0,0.0,0.051600001752376556
YKR030W,YLR410W-A,0,-0.651587,0.0,0.0,0.05169999971985817
YNR047W,YFL002W-A,0,-0.65186846,0.0,0.0,0.05180000141263008
YJL114W,YER089C,0,-0.65237844,0.0,0.0,0.051899999380111694
YLR047C,YOR192C-A,0,-0.652472,0.0,0.0,0.052000001072883606
YBL051C,YPR137C-B,0,-0.6525941,0.0,0.0,0.05209999904036522
YJR053W,YGR161W-B,0,-0.653357,0.0,0.0,0.05220000073313713
YKL138C-A,YMR224C,0,-0.6542562,0.0,0.0,0.052299998700618744
YNL062C,YCL057C-A,0,-0.6548861,0.0,0.0,0.052400000393390656
YER052C,YFL035C-A,0,-0.65496004,0.0,0.0,0.05249999836087227
YGL232W,YCL057C-A,0,-0.65530527,0.0,0.0,0.05260000005364418
YPL257W-B,YDR144C,0,-0.65598154,0.0,0.0,0.05270000174641609
YIL080W,YOL136C,0,-0.6561806,0.0,0.0,0.052799999713897705
YNL136W,YGR161W-B,0,-0.6562257,0.0,0.0,0.05290000140666962
YML127W,YOR343W-A,0,-0.65650034,0.0,0.0,0.05299999937415123
YFL035C,YIL130W,0,-0.65685046,0.0,0.0,0.05310000106692314
YCL074W,YOL129W,0,-0.65701747,0.0,0.0,0.053199999034404755
YKL097W-A,YOR084W,0,-0.65744746,0.0,0.0,0.053300000727176666
YKL158W,YGL084C,0,-0.65780294,0.0,0.0,0.05339999869465828
YGR161W-A,YHR193C,0,-0.6578127,0.0,0.0,0.05350000038743019
YER138C,YPL176C,0,-0.6582333,0.0,0.0,0.053599998354911804
YAL060W,YOR343W-B,0,-0.6590029,0.0,0.0,0.053700000047683716
YHR214C-B,YGR058W,0,-0.65987396,0.0,0.0,0.05380000174045563
YGR027W-B,YDL245C,0,-0.6604067,0.0,0.0,0.05389999970793724
YER178W,YLR391W,0,-0.6604245,0.0,0.0,0.05400000140070915
YNL054W-B,YGL171W,0,-0.660895,0.0,0.0,0.054099999368190765
YBR012W-B,YLR386W,0,-0.6610501,0.0,0.0,0.05420000106096268
YDR210C-C,YIL155C,0,-0.6613833,0.0,0.0,0.05429999902844429
YPR137C-B,YNR004W,0,-0.66178,0.0,0.0,0.0544000007212162
YBR012W-B,YBR045C,0,-0.66183734,0.0,0.0,0.054499998688697815
YDR210W-B,YKL078W,0,-0.66187155,0.0,0.0,0.05460000038146973
YBR012W-A,YMR133W,0,-0.6626395,0.0,0.0,0.05469999834895134
YBR012W-A,YER033C,0,-0.6641675,0.0,0.0,0.05480000004172325
YFL035C-B,YBR240C,0,-0.6643305,0.0,0.0,0.05490000173449516
YDR086C,YGR109W-A,0,-0.6655643,0.0,0.0,0.054999999701976776
YDR077W,YOR142W-A,0,-0.66599154,0.0,0.0,0.05510000139474869
YJL221C,YNL284C-B,0,-0.66635776,0.0,0.0,0.0551999993622303
YGR161C-D,YER151C,0,-0.6680058,0.0,0.0,0.05530000105500221
YLR410W-A,YLR467W,0,-0.66806686,0.0,0.0,0.055399999022483826
YIL106W,YDR316W-B,0,-0.66977584,0.0,0.0,0.05550000071525574
YDR101C,YOR192C-A,0,-0.67032516,0.0,0.0,0.05559999868273735
YNR031C,YMR046C,0,-0.6706413,0.0,0.0,0.05570000037550926
YNL284C-B,YGR089W,0,-0.6706914,0.0,0.0,0.055799998342990875
YDR359C,YER137C-A,0,-0.67114913,0.0,0.0,0.05590000003576279
YER051W,YPR158W-B,0,-0.67273605,0.0,0.0,0.0560000017285347
YPR137C-B,YBL007C,0,-0.6729497,0.0,0.0,0.05609999969601631
YFL002W-B,YAL044C,0,-0.6729802,0.0,0.0,0.05620000138878822
YPL257W-B,YCL035C,0,-0.67362106,0.0,0.0,0.056299999356269836
YCR053W,YCL003W,0,-0.67471325,0.0,0.0,0.05640000104904175
YDL166C,YJR029W,0,-0.6765959,0.0,0.0,0.05649999901652336
YLR186W,YCR058C,0,-0.6767813,0.0,0.0,0.05660000070929527
YOL019W,YMR046C,0,-0.6779934,0.0,0.0,0.056699998676776886
YIL080W,YDR096W,0,-0.67810655,0.0,0.0,0.0568000003695488
YGL244W,YGR109W-B,0,-0.6783515,0.0,0.0,0.05689999833703041
YPR041W,YOR192C-A,0,-0.6786566,0.0,0.0,0.05700000002980232
YLR247C,YOL103W-B,0,-0.679206,0.0,0.0,0.057100001722574234
YGR017W,YJR029W,0,-0.6794696,0.0,0.0,0.05719999969005585
YBR094W,YDR365W-A,0,-0.67975533,0.0,0.0,0.05730000138282776
YOL051W,YPR158W-B,0,-0.6800605,0.0,0.0,0.05739999935030937
YOR224C,YGR161W-A,0,-0.6801214,0.0,0.0,0.057500001043081284
YHR066W,YER159C-A,0,-0.6801826,0.0,0.0,0.0575999990105629
YBL028C,YER087C-A,0,-0.6810359,0.0,0.0,0.05770000070333481
YOR343W-B,YJL121C,0,-0.68219674,0.0,0.0,0.05779999867081642
YHL009W-B,YHL006C,0,-0.6824409,0.0,0.0,0.05790000036358833
YBR012W-A,YDR167W,0,-0.68310595,0.0,0.0,0.057999998331069946
YJL114W,YLR185W,0,-0.68378675,0.0,0.0,0.05810000002384186
YDL019C,YOR343W-A,0,-0.6838447,0.0,0.0,0.05820000171661377
YPR158C-C,YLR292C,0,-0.68567586,0.0,0.0,0.05829999968409538
YDR532C,YER138C,0,-0.6860806,0.0,0.0,0.058400001376867294
YER108C,YLR315W,0,-0.6861366,0.0,0.0,0.05849999934434891
YHR214C-B,YGL112C,0,-0.68695414,0.0,0.0,0.05860000103712082
YHR160C,YPL257W-A,0,-0.6874459,0.0,0.0,0.05869999900460243
YGR026W,YPR158W-B,0,-0.6874459,0.0,0.0,0.058800000697374344
YOL152W,YJR028W,0,-0.68853307,0.0,0.0,0.05889999866485596
YNL138W-A,YPL149W,0,-0.68894625,0.0,0.0,0.05900000035762787
YPL189C-A,YML088W,0,-0.68898463,0.0,0.0,0.05909999832510948
YOR343W-B,YBR294W,0,-0.6895821,0.0,0.0,0.05920000001788139
YJL056C,YDR034C-C,0,-0.6899483,0.0,0.0,0.059300001710653305
YDR482C,YPL257W-A,0,-0.6912912,0.0,0.0,0.05939999967813492
YOR068C,YDR261W-A,0,-0.6949533,0.0,0.0,0.05950000137090683
YPL257W-B,YBR123C,0,-0.69519746,0.0,0.0,0.05959999933838844
YMR200W,YCL012W,0,-0.6959549,0.0,0.0,0.059700001031160355
YGR027W-B,YPL112C,0,-0.69599104,0.0,0.0,0.05979999899864197
YER159C-A,YNL301C,0,-0.6962352,0.0,0.0,0.05990000069141388
YCL074W,YEL017C-A,0,-0.6965337,0.0,0.0,0.05999999865889549
YDL210W,YCR029C-A,0,-0.6991999,0.0,0.0,0.060100000351667404
YGR082W,YER060W-A,0,-0.69944847,0.0,0.0,0.06019999831914902
YLR088W,YJR029W,0,-0.6997489,0.0,0.0,0.06030000001192093
YPR137C-B,YIL033C,0,-0.70001936,0.0,0.0,0.06040000170469284
YDR228C,YBR111W-A,0,-0.7001376,0.0,0.0,0.060499999672174454
YMR050C,YMR054W,0,-0.7005522,0.0,0.0,0.060600001364946365
YER159C-A,YLR083C,0,-0.7005687,0.0,0.0,0.06069999933242798
YLR106C,YOL103W-B,0,-0.7011181,0.0,0.0,0.06080000102519989
YKL138C-A,YAR035W,0,-0.7012918,0.0,0.0,0.0608999989926815
YDR358W,YCR097WB,0,-0.7018833,0.0,0.0,0.061000000685453415
YML113W,YIL080W,0,-0.7027035,0.0,0.0,0.06109999865293503
YPR137C-A,YPR102C,0,-0.7042309,0.0,0.0,0.06120000034570694
YOR142W-B,YER106W,0,-0.70429194,0.0,0.0,0.06129999831318855
YOR014W,YOR240W,0,-0.7043706,0.0,0.0,0.061400000005960464
YPL183W-A,YCR029C-A,0,-0.70450354,0.0,0.0,0.061500001698732376
YLR227W-B,YHR156C,0,-0.70532954,0.0,0.0,0.06159999966621399
YDR261C-D,YGR142W,0,-0.7069166,0.0,0.0,0.0617000013589859
YDR365W-A,YAR010C,0,-0.7069776,0.0,0.0,0.061799999326467514
YML039W,YHR014W,0,-0.7079147,0.0,0.0,0.061900001019239426
YFL047W,YHL009W-B,0,-0.7086866,0.0,0.0,0.06199999898672104
YNR047W,YML040W,0,-0.7103193,0.0,0.0,0.06210000067949295
YHR214C-B,YDR534C,0,-0.71064866,0.0,0.0,0.062199998646974564
YKL183W,YHR079C-B,0,-0.7125162,0.0,0.0,0.062300000339746475
YDR217C,YNL054W-B,0,-0.7126539,0.0,0.0,0.06239999830722809
YMR100W,YPL257W-A,0,-0.7133254,0.0,0.0,0.0625
YER049W,YMR046C,0,-0.7146008,0.0,0.0,0.06260000169277191
YDR080W,YCL074W,0,-0.7148571,0.0,0.0,0.06270000338554382
YNL138W-A,YLR118C,0,-0.71509063,0.0,0.0,0.06279999762773514
YER038C,YPR158C-D,0,-0.7154616,0.0,0.0,0.06289999932050705
YDR098C-B,YAL068C,0,-0.7164382,0.0,0.0,0.06300000101327896
YIL080W,YDL076C,0,-0.71698153,0.0,0.0,0.06310000270605087
YHR001W-A,YHR039C-B,0,-0.71719325,0.0,0.0,0.06319999694824219
YJR027W,YGL211W,0,-0.71905994,0.0,0.0,0.0632999986410141
YLR047C,YMR046C,0,-0.7197614,0.0,0.0,0.06340000033378601
YPR137C-B,YBR274W,0,-0.72101593,0.0,0.0,0.06350000202655792
YGL063W,YML045W,0,-0.7232684,0.0,0.0,0.06360000371932983
YIL017W,YOR222W,0,-0.7247753,0.0,0.0,0.06369999796152115
YNL138W-A,YDR227W,0,-0.7252804,0.0,0.0,0.06379999965429306
YNR008W,YER087C-A,0,-0.7283782,0.0,0.0,0.06390000134706497
YPR119W,YDR098C-B,0,-0.72846234,0.0,0.0,0.06400000303983688
YPL096C-A,YOL101C,0,-0.72889245,0.0,0.0,0.0640999972820282
YGR161W-A,YOR222W,0,-0.72895074,0.0,0.0,0.06419999897480011
YFL035C-B,YLR289W,0,-0.72925365,0.0,0.0,0.06430000066757202
YFL002W-B,YAL031C,0,-0.729378,0.0,0.0,0.06440000236034393
YEL001C,YAR010C,0,-0.73065436,0.0,0.0,0.06449999660253525
YKL200C,YCL044C,0,-0.7308227,0.0,0.0,0.06459999829530716
YER112W,YMR051C,0,-0.7309451,0.0,0.0,0.06469999998807907
YGL045W,YMR046C,0,-0.7327386,0.0,0.0,0.06480000168085098
YOR142W-A,YPR097W,0,-0.73346734,0.0,0.0,0.0649000033736229
YDR533C,YNL284C-B,0,-0.73468816,0.0,0.0,0.06499999761581421
YKL200C,YLR327C,0,-0.73482835,0.0,0.0,0.06509999930858612
YFL035C-B,YKL033W,0,-0.73672736,0.0,0.0,0.06520000100135803
YJR028W,YPR024W,0,-0.7424214,0.0,0.0,0.06530000269412994
YML040W,YDR301W,0,-0.74260986,0.0,0.0,0.06539999693632126
YJL052W,YCR029C-A,0,-0.7434859,0.0,0.0,0.06549999862909317
YBL005W-B,YER071C,0,-0.744797,0.0,0.0,0.06560000032186508
YCL074W,YBR153W,0,-0.7449806,0.0,0.0,0.065700002014637
YHR133C,YKL138C-A,0,-0.7483038,0.0,0.0,0.0658000037074089
YPL060W,YCL005W-A,0,-0.7485373,0.0,0.0,0.06589999794960022
YBL005W-B,YNL012W,0,-0.74876213,0.0,0.0,0.06599999964237213
YML106W,YLR227W-A,0,-0.749398,0.0,0.0,0.06610000133514404
YGR161W-A,YOR091W,0,-0.7509849,0.0,0.0,0.06620000302791595
YGR129W,YOL103W-B,0,-0.7517173,0.0,0.0,0.06629999727010727
YOR142W-A,YOR047C,0,-0.7517173,0.0,0.0,0.06639999896287918
YJL052W,YML040W,0,-0.7545692,0.0,0.0,0.06650000065565109
YPL189C-A,YKR064W,0,-0.7590852,0.0,0.0,0.066600002348423
YGR027W-B,YML043C,0,-0.7597741,0.0,0.0,0.06669999659061432
YKR095W-A,YDR189W,0,-0.7608309,0.0,0.0,0.06679999828338623
YNR007C,YAR010C,0,-0.76265943,0.0,0.0,0.06689999997615814
YCL074W,YMR063W,0,-0.76409674,0.0,0.0,0.06700000166893005
YLR385C,YMR046C,0,-0.76530886,0.0,0.0,0.06710000336170197
YNL128W,YBR111W-A,0,-0.76757,0.0,0.0,0.06719999760389328
YPL173W,YBR111W-A,0,-0.7693323,0.0,0.0,0.06729999929666519
YLR410W-A,YDR217C,0,-0.7725918,0.0,0.0,0.0674000009894371
YKR095W-A,YFL011W,0,-0.7755765,0.0,0.0,0.06750000268220901
YKR072C,YER138C,0,-0.7780168,0.0,0.0,0.06759999692440033
YML045W,YNL132W,0,-0.7792162,0.0,0.0,0.06769999861717224
YNL138W-A,YDL101C,0,-0.77928746,0.0,0.0,0.06780000030994415
YPR137C-B,YHR082C,0,-0.7794279,0.0,0.0,0.06790000200271606
YPL225W,YBL100W-B,0,-0.7847791,0.0,0.0,0.06800000369548798
YDR418W,YBR111W-A,0,-0.7850845,0.0,0.0,0.06809999793767929
YGR167W,YML045W,0,-0.78923035,0.0,0.0,0.0681999996304512
YIL080W,YOR067C,0,-0.7902303,0.0,0.0,0.06830000132322311
YPL189C-A,YML077W,0,-0.8005222,0.0,0.0,0.06840000301599503
YPL096C-A,YPR159W,0,-0.8029493,0.0,0.0,0.06849999725818634
YPL050C,YCR055C,0,-0.8050628,0.0,0.0,0.06859999895095825
YKL138C-A,YFR024C-A,0,-0.8086021,0.0,0.0,0.06870000064373016
YJL005W,YML040W,0,-0.8090459,0.0,0.0,0.06880000233650208
YNL073W,YBR111W-A,0,-0.8101362,0.0,0.0,0.06889999657869339
YPL087W,YFL035C-B,0,-0.8161397,0.0,0.0,0.0689999982714653
YNL038W,YBR111W-A,0,-0.81657565,0.0,0.0,0.06909999996423721
YHR214C-B,YNL239W,0,-0.8224437,0.0,0.0,0.06920000165700912
YJR026W,YNL243W,0,-0.82529247,0.0,0.0,0.06930000334978104
YFL002W-A,YDL171C,0,-0.82893145,0.0,0.0,0.06939999759197235
YMR308C,YJL114W,0,-0.82911074,0.0,0.0,0.06949999928474426
YNL138W-A,YMR053C,0,-0.84118986,0.0,0.0,0.06960000097751617
YGR161C-D,YHR207C,0,-0.8435161,0.0,0.0,0.06970000267028809
YMR045C,YKL218C,0,-0.84454215,0.0,0.0,0.0697999969124794
YNL138W-A,YER027C,0,-0.84667003,0.0,0.0,0.06989999860525131
YNL138W-A,YMR312W,0,-0.84800243,0.0,0.0,0.07000000029802322
YER060W-A,YIR005W,0,-0.8517611,0.0,0.0,0.07010000199079514
YBR012W-A,YDR039C,0,-0.8548089,0.0,0.0,0.07020000368356705
YNL008C,YMR046C,0,-0.85762286,0.0,0.0,0.07029999792575836
YLR371W,YJR029W,0,-0.85829973,0.0,0.0,0.07039999961853027
YMR023C,YCL005W-A,0,-0.8675678,0.0,0.0,0.07050000131130219
YER145C,YPL096C-A,0,-0.8833796,0.0,0.0,0.0706000030040741
YOR136W,YER060W-A,0,-0.8929994,0.0,0.0,0.07069999724626541
YGL126W,YGR109W-B,0,-0.8974724,0.0,0.0,0.07079999893903732
YKR095W-A,YGL174W,0,-0.9023509,0.0,0.0,0.07090000063180923
YKL138C-A,YJR092W,0,-0.91015685,0.0,0.0,0.07100000232458115
YKR095W-A,YDR393W,0,-0.9343703,0.0,0.0,0.07109999656677246
YHR136C,YCL005W-A,0,-0.9493995,0.0,0.0,0.07119999825954437
YDR309C,YHR214C-B,0,-0.9692311,0.0,0.0,0.07129999995231628
YCL029C,YER060W-A,0,-0.97007406,0.0,0.0,0.0714000016450882
YKR095W-A,YIL008W,0,-1.0845226,0.0,0.0,0.07150000333786011
YHR161C,YBL054W,0,-2.244348,0.0,0.0,0.07159999758005142
YHR142W,YER106W,0,-2.2907073,0.0,0.0,0.07169999927282333
YHR161C,YFR032C-A,0,-2.347903,0.0,0.0,0.07180000096559525
YDR358W,YLR325C,0,-2.3719916,0.0,0.0,0.07190000265836716
YCL024W,YDR345C,0,-2.4086347,0.0,0.0,0.07199999690055847
YOR078W,YGR161C,0,-2.44172,0.0,0.0,0.07209999859333038
YER150W,YOL127W,0,-2.4784522,0.0,0.0,0.0722000002861023
YMR105C,YPL093W,0,-2.4953148,0.0,0.0,0.0723000019788742
YKL103C,YDL208W,0,-2.5288086,0.0,0.0,0.07240000367164612
YDL021W,YKL009W,0,-2.5428433,0.0,0.0,0.07249999791383743
YDR358W,YBL024W,0,-2.5550191,0.0,0.0,0.07259999960660934
YAL029C,YGR251W,0,-2.5619168,0.0,0.0,0.07270000129938126
YHR142W,YIL177C,0,-2.5749512,0.0,0.0,0.07280000299215317
YDR166C,YDR342C,0,-2.600933,0.0,0.0,0.07289999723434448
YDL146W,YMR256C,0,-2.605979,0.0,0.0,0.0729999989271164
YMR169C,YOR096W,0,-2.6060114,0.0,0.0,0.0731000006198883
YOL020W,YNL274C,0,-2.6072288,0.0,0.0,0.07320000231266022
YDR367W,YDR059C,0,-2.6335766,0.0,0.0,0.07329999655485153
YOL084W,YMR300C,0,-2.6346698,0.0,0.0,0.07339999824762344
YLR313C,YGR162W,0,-2.6373625,0.0,0.0,0.07349999994039536
YDR166C,YCR021C,0,-2.66245,0.0,0.0,0.07360000163316727
YIL068C,YPL150W,0,-2.6702166,0.0,0.0,0.07370000332593918
YDR367W,YDR317W,0,-2.6754224,0.0,0.0,0.0737999975681305
YDR358W,YCL036W,0,-2.675709,0.0,0.0,0.0738999992609024
YDL192W,YBR100W,0,-2.6759171,0.0,0.0,0.07400000095367432
YDL130W,YNL335W,0,-2.6918693,0.0,0.0,0.07410000264644623
YLR258W,YER180C,0,-2.7061179,0.0,0.0,0.07419999688863754
YDL111C,YLR189C,0,-2.7066534,0.0,0.0,0.07429999858140945
YEL039C,YLR044C,0,-2.7077816,0.0,0.0,0.07440000027418137
YHR142W,YLR158C,0,-2.7127225,0.0,0.0,0.07450000196695328
YOL112W,YPR144C,0,-2.7177186,0.0,0.0,0.07460000365972519
YGR088W,YNL302C,0,-2.7210512,0.0,0.0,0.0746999979019165
YGL225W,YOR383C,0,-2.7215893,0.0,0.0,0.07479999959468842
YKL080W,YML054C,0,-2.7262425,0.0,0.0,0.07490000128746033
YPR160W,YGR285C,0,-2.730807,0.0,0.0,0.07500000298023224
YPL137C,YDR516C,0,-2.7360015,0.0,0.0,0.07509999722242355
YDL146W,YBL082C,0,-2.7383482,0.0,0.0,0.07519999891519547
YMR128W,YBR072W,0,-2.7424078,0.0,0.0,0.07530000060796738
YFL014W,YDR101C,0,-2.7448545,0.0,0.0,0.07540000230073929
YFL014W,YNL080C,0,-2.747948,0.0,0.0,0.0754999965429306
YDR425W,YKR057W,0,-2.748979,0.0,0.0,0.07559999823570251
YDR367W,YGR169C,0,-2.75133,0.0,0.0,0.07569999992847443
YFR024C-A,YOL124C,0,-2.7529142,0.0,0.0,0.07580000162124634
YMR192W,YIL037C,0,-2.7537723,0.0,0.0,0.07590000331401825
YIL068C,YHR035W,0,-2.757925,0.0,0.0,0.07599999755620956
YDL111C,YNL274C,0,-2.758644,0.0,0.0,0.07609999924898148
YOL020W,YDL170W,0,-2.758669,0.0,0.0,0.07620000094175339
YBL087C,YLR142W,0,-2.7687087,0.0,0.0,0.0763000026345253
YDR166C,YAL044C,0,-2.7750025,0.0,0.0,0.07639999687671661
YIL140W,YHR041C,0,-2.775383,0.0,0.0,0.07649999856948853
YHL040C,YOL132W,0,-2.776657,0.0,0.0,0.07660000026226044
YIL140W,YML071C,0,-2.7800608,0.0,0.0,0.07670000195503235
YOR008C,YNL045W,0,-2.783043,0.0,0.0,0.07680000364780426
YPL269W,YBL068W,0,-2.7881508,0.0,0.0,0.07689999788999557
YJL085W,YBR187W,0,-2.7897563,0.0,0.0,0.07699999958276749
YLL012W,YDL061C,0,-2.7964156,0.0,0.0,0.0771000012755394
YBL075C,YER074W,0,-2.8028142,0.0,0.0,0.07720000296831131
YLR337C,YBR271W,0,-2.803644,0.0,0.0,0.07729999721050262
YIL068C,YLR113W,0,-2.8125505,0.0,0.0,0.07739999890327454
YHR089C,YER053C,0,-2.8184667,0.0,0.0,0.07750000059604645
YOL112W,YNL160W,0,-2.8321185,0.0,0.0,0.07760000228881836
YDR164C,YOL104C,0,-2.8336964,0.0,0.0,0.07769999653100967
YMR110C,YBR158W,0,-2.8354645,0.0,0.0,0.07779999822378159
YPR141C,YJR063W,0,-2.8401566,0.0,0.0,0.0778999999165535
YBL075C,YNL044W,0,-2.840754,0.0,0.0,0.07800000160932541
YHR006W,YJR123W,0,-2.8443847,0.0,0.0,0.07810000330209732
YLR187W,YJL096W,0,-2.8467758,0.0,0.0,0.07819999754428864
YOR008C,YBR189W,0,-2.8469918,0.0,0.0,0.07829999923706055
YPR160W,YLR318W,0,-2.8483095,0.0,0.0,0.07840000092983246
YLR058C,YNL242W,0,-2.8522558,0.0,0.0,0.07850000262260437
YPR055W,YHR073W,0,-2.8525267,0.0,0.0,0.07859999686479568
YDL137W,YHR139C,0,-2.853373,0.0,0.0,0.0786999985575676
YDR367W,YER090W,0,-2.8540995,0.0,0.0,0.07880000025033951
YHR010W,YLL041C,0,-2.8555703,0.0,0.0,0.07890000194311142
YDR345C,YER071C,0,-2.855647,0.0,0.0,0.07900000363588333
YHR142W,YGL084C,0,-2.8569803,0.0,0.0,0.07909999787807465
YLR313C,YHL040C,0,-2.868117,0.0,0.0,0.07919999957084656
YOL112W,YER028C,0,-2.8683853,0.0,0.0,0.07930000126361847
YPR160W,YIL094C,0,-2.868701,0.0,0.0,0.07940000295639038
YPR160W,YML080W,0,-2.8703203,0.0,0.0,0.0794999971985817
YOL084W,YDR424C,0,-2.8721602,0.0,0.0,0.07959999889135361
YHR010W,YMR090W,0,-2.8744996,0.0,0.0,0.07970000058412552
YJL048C,YNL162W,0,-2.8750486,0.0,0.0,0.07980000227689743
YOL084W,YLR033W,0,-2.8763018,0.0,0.0,0.07989999651908875
YOL020W,YER175C,0,-2.876554,0.0,0.0,0.07999999821186066
YEL039C,YLR409C,0,-2.8822007,0.0,0.0,0.08009999990463257
YJR063W,YGL037C,0,-2.8827262,0.0,0.0,0.08020000159740448
YNR019W,YDR500C,0,-2.8854785,0.0,0.0,0.08030000329017639
YML100W,YPR144C,0,-2.8855505,0.0,0.0,0.0803999975323677
YLR187W,YLL027W,0,-2.8857455,0.0,0.0,0.08049999922513962
YIR038C,YOR096W,0,-2.886722,0.0,0.0,0.08060000091791153
YMR192W,YOR145C,0,-2.8868165,0.0,0.0,0.08070000261068344
YOR127W,YCL026C-B,0,-2.8912337,0.0,0.0,0.08079999685287476
YBL085W,YGR175C,0,-2.8928394,0.0,0.0,0.08089999854564667
YGL225W,YNL304W,0,-2.8941655,0.0,0.0,0.08100000023841858
YDR345C,YOL057W,0,-2.8942547,0.0,0.0,0.08110000193119049
YGR103W,YER091C,0,-2.8994088,0.0,0.0,0.0812000036239624
YDR367W,YNL029C,0,-2.9039803,0.0,0.0,0.08129999786615372
YDL130W-A,YBR198C,0,-2.9063346,0.0,0.0,0.08139999955892563
YJL191W,YHR149C,0,-2.9093113,0.0,0.0,0.08150000125169754
YDR492W,YIR017C,0,-2.9114327,0.0,0.0,0.08160000294446945
YPL160W,YDL204W,0,-2.911467,0.0,0.0,0.08169999718666077
YFR015C,YNL298W,0,-2.9133282,0.0,0.0,0.08179999887943268
YCR030C,YLL067C,0,-2.91717,0.0,0.0,0.08190000057220459
YKL212W,YPR049C,0,-2.9193304,0.0,0.0,0.0820000022649765
YLR150W,YML042W,0,-2.9205978,0.0,0.0,0.08209999650716782
YHR142W,YHR001W-A,0,-2.9235828,0.0,0.0,0.08219999819993973
YOL084W,YAL053W,0,-2.9248917,0.0,0.0,0.08229999989271164
YGL225W,YKR089C,0,-2.9262817,0.0,0.0,0.08240000158548355
YNL233W,YGR008C,0,-2.9263325,0.0,0.0,0.08250000327825546
YNL078W,YLL055W,0,-2.9271774,0.0,0.0,0.08259999752044678
YBL075C,YBL087C,0,-2.9323606,0.0,0.0,0.08269999921321869
YJR134C,YDR204W,0,-2.933169,0.0,0.0,0.0828000009059906
YMR105C,YGL112C,0,-2.9355328,0.0,0.0,0.08290000259876251
YGL225W,YPR055W,0,-2.9361157,0.0,0.0,0.08299999684095383
YIL136W,YDR233C,0,-2.9370852,0.0,0.0,0.08309999853372574
YHR138C,YOR168W,0,-2.9379692,0.0,0.0,0.08320000022649765
YDL204W,YMR321C,0,-2.9387763,0.0,0.0,0.08330000191926956
YLL001W,YAL068C,0,-2.9389277,0.0,0.0,0.08340000361204147
YDR367W,YML081W,0,-2.9408648,0.0,0.0,0.08349999785423279
YER175C,YNL301C,0,-2.9418244,0.0,0.0,0.0835999995470047
YLR237W,YMR143W,0,-2.9419754,0.0,0.0,0.08370000123977661
YIL155C,YAL003W,0,-2.9425912,0.0,0.0,0.08380000293254852
YJR089W,YEL043W,0,-2.9447732,0.0,0.0,0.08389999717473984
YGR060W,YDR457W,0,-2.9457436,0.0,0.0,0.08399999886751175
YLR299W,YLR048W,0,-2.9462261,0.0,0.0,0.08410000056028366
YOR271C,YGL183C,0,-2.9464002,0.0,0.0,0.08420000225305557
YHR138C,YKL029C,0,-2.9470468,0.0,0.0,0.08429999649524689
YDL223C,YHR021C,0,-2.947317,0.0,0.0,0.0843999981880188
YJR063W,YOR383C,0,-2.952145,0.0,0.0,0.08449999988079071
YFL014W,YLR074C,0,-2.9539042,0.0,0.0,0.08460000157356262
YML043C,YLL040C,0,-2.955336,0.0,0.0,0.08470000326633453
YHR161C,YDL128W,0,-2.9584782,0.0,0.0,0.08479999750852585
YKR038C,YBR183W,0,-2.9606676,0.0,0.0,0.08489999920129776
YMR250W,YPR187W,0,-2.9607425,0.0,0.0,0.08500000089406967
YOL052C-A,YNR021W,0,-2.9621465,0.0,0.0,0.08510000258684158
YDR449C,YDR273W,0,-2.9626458,0.0,0.0,0.0851999968290329
YDR478W,YLR327C,0,-2.9626555,0.0,0.0,0.08529999852180481
YER091C,YJR092W,0,-2.9670763,0.0,0.0,0.08540000021457672
YDR481C,YLR343W,0,-2.9686713,0.0,0.0,0.08550000190734863
YLR367W,YGR142W,0,-2.9699616,0.0,0.0,0.08560000360012054
YLR344W,YOL052C-A,0,-2.970664,0.0,0.0,0.08569999784231186
YFL014W,YGL256W,0,-2.97224,0.0,0.0,0.08579999953508377
YDL204W,YIL140W,0,-2.9727764,0.0,0.0,0.08590000122785568
YMR105C,YAL011W,0,-2.9728749,0.0,0.0,0.0860000029206276
YBR080C,YBL010C,0,-2.9729912,0.0,0.0,0.08609999716281891
YDR367W,YFL045C,0,-2.973153,0.0,0.0,0.08619999885559082
YIL140W,YBL056W,0,-2.9748979,0.0,0.0,0.08630000054836273
YBR080C,YPR137W,0,-2.9787402,0.0,0.0,0.08640000224113464
YFL014W,YOR025W,0,-2.979102,0.0,0.0,0.08649999648332596
YBL075C,YOR099W,0,-2.9795969,0.0,0.0,0.08659999817609787
YOL107W,YDR515W,0,-2.979639,0.0,0.0,0.08669999986886978
YHR105W,YPR080W,0,-2.9822648,0.0,0.0,0.0868000015616417
YHR096C,YEL040W,0,-2.9823728,0.0,0.0,0.0869000032544136
YLR327C,YDL240W,0,-2.982965,0.0,0.0,0.08699999749660492
YOR349W,YLR167W,0,-2.985112,0.0,0.0,0.08709999918937683
YPL198W,YOR363C,0,-2.9857178,0.0,0.0,0.08720000088214874
YNL248C,YHR161C,0,-2.9873228,0.0,0.0,0.08730000257492065
YDR479C,YNR018W,0,-2.9881482,0.0,0.0,0.08739999681711197
YLR356W,YBR048W,0,-2.9895003,0.0,0.0,0.08749999850988388
YLR270W,YLR364W,0,-2.9898002,0.0,0.0,0.08760000020265579
YHR136C,YPL123C,0,-2.9918704,0.0,0.0,0.0877000018954277
YHR010W,YJL155C,0,-2.9929457,0.0,0.0,0.08780000358819962
YJL069C,YJL171C,0,-2.993205,0.0,0.0,0.08789999783039093
YPR141C,YDL227C,0,-2.9954584,0.0,0.0,0.08799999952316284
YLL041C,YKL180W,0,-2.9954605,0.0,0.0,0.08810000121593475
YMR105C,YMR243C,0,-2.9963174,0.0,0.0,0.08820000290870667
YJR117W,YML054C,0,-2.996345,0.0,0.0,0.08829999715089798
YIL136W,YJL012C,0,-2.996496,0.0,0.0,0.08839999884366989
YDR516C,YHR119W,0,-2.99683,0.0,0.0,0.0885000005364418
YLR347C,YCR054C,0,-2.997983,0.0,0.0,0.08860000222921371
YDR380W,YGL103W,0,-2.9982598,0.0,0.0,0.08869999647140503
YDR436W,YJL069C,0,-3.003102,0.0,0.0,0.08879999816417694
YFR016C,YDR140W,0,-3.0047853,0.0,0.0,0.08889999985694885
YML043C,YGR017W,0,-3.0054083,0.0,0.0,0.08900000154972076
YLL001W,YGR138C,0,-3.0059276,0.0,0.0,0.08910000324249268
YMR192W,YDL108W,0,-3.0060627,0.0,0.0,0.08919999748468399
YLL008W,YDR406W,0,-3.0060816,0.0,0.0,0.0892999991774559
YOR216C,YNL160W,0,-3.0061874,0.0,0.0,0.08940000087022781
YBR247C,YCL064C,0,-3.0068333,0.0,0.0,0.08950000256299973
YGL096W,YJR145C,0,-3.009457,0.0,0.0,0.08959999680519104
YPL100W,YOL132W,0,-3.0117617,0.0,0.0,0.08969999849796295
YOL084W,YML076C,0,-3.012541,0.0,0.0,0.08980000019073486
YDR055W,YHR020W,0,-3.0148635,0.0,0.0,0.08990000188350677
YDR251W,YPR016C,0,-3.014886,0.0,0.0,0.09000000357627869
YEL048C,YOR047C,0,-3.0159087,0.0,0.0,0.09009999781847
YOL101C,YMR261C,0,-3.0163026,0.0,0.0,0.09019999951124191
YDL075W,YDR273W,0,-3.0163937,0.0,0.0,0.09030000120401382
YOR337W,YNL301C,0,-3.0168223,0.0,0.0,0.09040000289678574
YAR019C,YMR114C,0,-3.0172253,0.0,0.0,0.09049999713897705
YDR165W,YOR348C,0,-3.0176334,0.0,0.0,0.09059999883174896
YPL221W,YJR118C,0,-3.0179493,0.0,0.0,0.09070000052452087
YHL019C,YPR010C,0,-3.0185094,0.0,0.0,0.09080000221729279
YLL026W,YPL163C,0,-3.0194042,0.0,0.0,0.0908999964594841
YGR251W,YOL111C,0,-3.0215278,0.0,0.0,0.09099999815225601
YGR229C,YFL066C,0,-3.0217304,0.0,0.0,0.09109999984502792
YGR179C,YER062C,0,-3.0236912,0.0,0.0,0.09120000153779984
YOL107W,YDR468C,0,-3.0242066,0.0,0.0,0.09130000323057175
YOR008C,YDR247W,0,-3.0248396,0.0,0.0,0.09139999747276306
YNL233W,YKL171W,0,-3.0248606,0.0,0.0,0.09149999916553497
YBL017C,YOR120W,0,-3.0250247,0.0,0.0,0.09160000085830688
YNR038W,YBR241C,0,-3.026707,0.0,0.0,0.0917000025510788
YNL065W,YIL171W,0,-3.0296092,0.0,0.0,0.09179999679327011
YBR048W,YBL064C,0,-3.0340807,0.0,0.0,0.09189999848604202
YPR111W,YJR123W,0,-3.0342398,0.0,0.0,0.09200000017881393
YJL082W,YBL039C,0,-3.034245,0.0,0.0,0.09210000187158585
YMR303C,YNL317W,0,-3.0352345,0.0,0.0,0.09220000356435776
YNL066W,YDR273W,0,-3.0364623,0.0,0.0,0.09229999780654907
YLR134W,YKR044W,0,-3.0382338,0.0,0.0,0.09239999949932098
YGR251W,YCL014W,0,-3.038521,0.0,0.0,0.0925000011920929
YLL012W,YPL220W,0,-3.0396993,0.0,0.0,0.09260000288486481
YOL107W,YER180C,0,-3.0441616,0.0,0.0,0.09269999712705612
YGL209W,YMR194W,0,-3.0445104,0.0,0.0,0.09279999881982803
YNL233W,YBR096W,0,-3.0447237,0.0,0.0,0.09290000051259995
YEL040W,YLL040C,0,-3.0452535,0.0,0.0,0.09300000220537186
YDR479C,YOR061W,0,-3.0465474,0.0,0.0,0.09309999644756317
YDR447C,YAL060W,0,-3.049737,0.0,0.0,0.09319999814033508
YFR015C,YGR254W,0,-3.0502038,0.0,0.0,0.093299999833107
YGR088W,YDL179W,0,-3.051703,0.0,0.0,0.0934000015258789
YCR098C,YLR327C,0,-3.0532894,0.0,0.0,0.09350000321865082
YFR016C,YPR133C,0,-3.0534205,0.0,0.0,0.09359999746084213
YER008C,YFL039C,0,-3.0535998,0.0,0.0,0.09369999915361404
YJR143C,YLL040C,0,-3.0545735,0.0,0.0,0.09380000084638596
YFR016C,YLR100W,0,-3.0546908,0.0,0.0,0.09390000253915787
YHR197W,YOR227W,0,-3.054889,0.0,0.0,0.09399999678134918
YIL123W,YOR298W,0,-3.0567183,0.0,0.0,0.0940999984741211
YKR095W,YDR204W,0,-3.0570817,0.0,0.0,0.094200000166893
YBL072C,YDR082W,0,-3.0604534,0.0,0.0,0.09430000185966492
YOR008C,YNL243W,0,-3.0612698,0.0,0.0,0.09440000355243683
YIL155C,YOR193W,0,-3.0632055,0.0,0.0,0.09449999779462814
YDL145C,YNR024W,0,-3.0633829,0.0,0.0,0.09459999948740005
YAR019C,YKL199C,0,-3.0637815,0.0,0.0,0.09470000118017197
YLR386W,YLR258W,0,-3.0639086,0.0,0.0,0.09480000287294388
YKL103C,YGL183C,0,-3.0642715,0.0,0.0,0.09489999711513519
YLR333C,YLL055W,0,-3.0643167,0.0,0.0,0.0949999988079071
YNL278W,YDL093W,0,-3.0647058,0.0,0.0,0.09510000050067902
YMR032W,YPL026C,0,-3.0653107,0.0,0.0,0.09520000219345093
YDR479C,YPL168W,0,-3.0663486,0.0,0.0,0.09529999643564224
YML031W,YOL084W,0,-3.0673623,0.0,0.0,0.09539999812841415
YNR016C,YOR383C,0,-3.0673914,0.0,0.0,0.09549999982118607
YJL191W,YKR075C,0,-3.0674505,0.0,0.0,0.09560000151395798
YHR052W,YDR128W,0,-3.0675015,0.0,0.0,0.09570000320672989
YBR169C,YJR097W,0,-3.0680637,0.0,0.0,0.0957999974489212
YCL024W,YGR181W,0,-3.0682664,0.0,0.0,0.09589999914169312
YBR247C,YOL147C,0,-3.0684638,0.0,0.0,0.09600000083446503
YNL278W,YPL061W,0,-3.0693612,0.0,0.0,0.09610000252723694
YER150W,YCL026C-B,0,-3.0714777,0.0,0.0,0.09619999676942825
YLR187W,YCL055W,0,-3.0730898,0.0,0.0,0.09629999846220016
YGR191W,YOR252W,0,-3.0740871,0.0,0.0,0.09640000015497208
YOL019W,YLL055W,0,-3.0741649,0.0,0.0,0.09650000184774399
YFL014W,YKR027W,0,-3.0745986,0.0,0.0,0.0966000035405159
YMR059W,YKL180W,0,-3.075181,0.0,0.0,0.09669999778270721
YER020W,YLR367W,0,-3.0761056,0.0,0.0,0.09679999947547913
YGR060W,YDR310C,0,-3.076951,0.0,0.0,0.09690000116825104
YOL107W,YML081C-A,0,-3.0787158,0.0,0.0,0.09700000286102295
YML043C,YDL095W,0,-3.078829,0.0,0.0,0.09709999710321426
YDL145C,YDR387C,0,-3.0789394,0.0,0.0,0.09719999879598618
YOR358W,YJR145C,0,-3.0811152,0.0,0.0,0.09730000048875809
YOR216C,YER044C-A,0,-3.0817628,0.0,0.0,0.09740000218153
YMR217W,YDL110C,0,-3.0829968,0.0,0.0,0.09749999642372131
YLL041C,YKL006W,0,-3.0837421,0.0,0.0,0.09759999811649323
YBR164C,YPL281C,0,-3.0837483,0.0,0.0,0.09769999980926514
YGR103W,YLR054C,0,-3.0840354,0.0,0.0,0.09780000150203705
YNL278W,YIL128W,0,-3.0845623,0.0,0.0,0.09790000319480896
YOR120W,YJL162C,0,-3.0851312,0.0,0.0,0.09799999743700027
YAR027W,YLR048W,0,-3.0851932,0.0,0.0,0.09809999912977219
YNL115C,YER036C,0,-3.0865612,0.0,0.0,0.0982000008225441
YGR037C,YHR096C,0,-3.0868127,0.0,0.0,0.09830000251531601
YLR056W,YHR080C,0,-3.0872574,0.0,0.0,0.09839999675750732
YLR343W,YDL036C,0,-3.0873091,0.0,0.0,0.09849999845027924
YJR134C,YML102W,0,-3.0880632,0.0,0.0,0.09860000014305115
YOL107W,YOR257W,0,-3.0881343,0.0,0.0,0.09870000183582306
YNL107W,YLR343W,0,-3.0888405,0.0,0.0,0.09880000352859497
YNL044W,YKL150W,0,-3.0896444,0.0,0.0,0.09889999777078629
YDL130W-A,YKL082C,0,-3.0899744,0.0,0.0,0.0989999994635582
YER086W,YHR139C,0,-3.090795,0.0,0.0,0.09910000115633011
YBR260C,YHR070W,0,-3.0911746,0.0,0.0,0.09920000284910202
YJL191W,YKR037C,0,-3.0913556,0.0,0.0,0.09929999709129333
YNL146W,YLR075W,0,-3.0921648,0.0,0.0,0.09939999878406525
YFL047W,YMR086W,0,-3.0925665,0.0,0.0,0.09950000047683716
YDR229W,YCR005C,0,-3.0932064,0.0,0.0,0.09960000216960907
YOR120W,YNR050C,0,-3.0941596,0.0,0.0,0.09969999641180038
YKR088C,YJR059W,0,-3.0942085,0.0,0.0,0.0997999981045723
YER091C,YNL012W,0,-3.094213,0.0,0.0,0.09989999979734421
YFL023W,YPL123C,0,-3.094292,0.0,0.0,0.10000000149011612
YIR038C,YIR012W,0,-3.0943425,0.0,0.0,0.10010000318288803
YDR309C,YKL203C,0,-3.0952663,0.0,0.0,0.10019999742507935
YML085C,YPR057W,0,-3.09547,0.0,0.0,0.10029999911785126
YPL163C,YBR054W,0,-3.0955627,0.0,0.0,0.10040000081062317
YMR136W,YDL137W,0,-3.0961084,0.0,0.0,0.10050000250339508
YER102W,YFR053C,0,-3.0992613,0.0,0.0,0.1005999967455864
YNL190W,YKL028W,0,-3.0996778,0.0,0.0,0.1006999984383583
YJL066C,YPL137C,0,-3.1004963,0.0,0.0,0.10080000013113022
YDR418W,YDL170W,0,-3.1005778,0.0,0.0,0.10090000182390213
YPL206C,YGL031C,0,-3.1023383,0.0,0.0,0.10100000351667404
YPR046W,YER056C,0,-3.1027792,0.0,0.0,0.10109999775886536
YPR102C,YDL179W,0,-3.1028407,0.0,0.0,0.10119999945163727
YPL033C,YPL090C,0,-3.103825,0.0,0.0,0.10130000114440918
YDR246W,YJL046W,0,-3.1043599,0.0,0.0,0.10140000283718109
YLR337C,YDL142C,0,-3.1043768,0.0,0.0,0.1014999970793724
YJL029C,YMR086W,0,-3.1048846,0.0,0.0,0.10159999877214432
YHR170W,YBR054W,0,-3.1058037,0.0,0.0,0.10170000046491623
YJL158C,YCR105W,0,-3.1060379,0.0,0.0,0.10180000215768814
YOR087W,YIL177C,0,-3.106575,0.0,0.0,0.10189999639987946
YOR273C,YJR066W,0,-3.1066759,0.0,0.0,0.10199999809265137
YOR098C,YCL034W,0,-3.1078615,0.0,0.0,0.10209999978542328
YGR214W,YDR387C,0,-3.1079524,0.0,0.0,0.10220000147819519
YER014W,YLR249W,0,-3.1079776,0.0,0.0,0.1023000031709671
YOL107W,YGR285C,0,-3.1081588,0.0,0.0,0.10239999741315842
YDR492W,YBR046C,0,-3.1085482,0.0,0.0,0.10249999910593033
YLR371W,YBR096W,0,-3.1086626,0.0,0.0,0.10260000079870224
YGR239C,YGR254W,0,-3.1091876,0.0,0.0,0.10270000249147415
YGR003W,YKL180W,0,-3.1095333,0.0,0.0,0.10279999673366547
YDL082W,YMR090W,0,-3.1106768,0.0,0.0,0.10289999842643738
YIL123W,YJL148W,0,-3.110992,0.0,0.0,0.10300000011920929
YPL223C,YPR132W,0,-3.1112766,0.0,0.0,0.1031000018119812
YJR073C,YGL173C,0,-3.1126907,0.0,0.0,0.10320000350475311
YFR047C,YBR247C,0,-3.112801,0.0,0.0,0.10329999774694443
YGR216C,YER062C,0,-3.1130621,0.0,0.0,0.10339999943971634
YOL107W,YMR080C,0,-3.1130924,0.0,0.0,0.10350000113248825
YPR160W,YGL232W,0,-3.1135716,0.0,0.0,0.10360000282526016
YGR103W,YER109C,0,-3.1138706,0.0,0.0,0.10369999706745148
YDR259C,YAL012W,0,-3.1149821,0.0,0.0,0.10379999876022339
YOL107W,YNR003C,0,-3.115015,0.0,0.0,0.1039000004529953
YBL078C,YLR185W,0,-3.1154935,0.0,0.0,0.10400000214576721
YMR250W,YNL210W,0,-3.115534,0.0,0.0,0.10409999638795853
YKR088C,YMR282C,0,-3.115869,0.0,0.0,0.10419999808073044
YDL195W,YAL015C,0,-3.1164563,0.0,0.0,0.10429999977350235
YBL075C,YML097C,0,-3.116788,0.0,0.0,0.10440000146627426
YLL040C,YLR014C,0,-3.1188972,0.0,0.0,0.10450000315904617
YDR358W,YKL110C,0,-3.11894,0.0,0.0,0.10459999740123749
YDR337W,YAL068C,0,-3.1192715,0.0,0.0,0.1046999990940094
YDR520C,YKL006W,0,-3.1194427,0.0,0.0,0.10480000078678131
YCL029C,YOR378W,0,-3.1198168,0.0,0.0,0.10490000247955322
YLL034C,YBR096W,0,-3.1199412,0.0,0.0,0.10499999672174454
YIL155C,YMR032W,0,-3.120347,0.0,0.0,0.10509999841451645
YDL100C,YCR045C,0,-3.1209702,0.0,0.0,0.10520000010728836
YBR238C,YNL231C,0,-3.1216035,0.0,0.0,0.10530000180006027
YNR011C,YPL090C,0,-3.1216953,0.0,0.0,0.10540000349283218
YLR347C,YBR272C,0,-3.121829,0.0,0.0,0.1054999977350235
YCR038C,YNR004W,0,-3.122213,0.0,0.0,0.10559999942779541
YPL131W,YDR313C,0,-3.122323,0.0,0.0,0.10570000112056732
YDR329C,YHR009C,0,-3.1228836,0.0,0.0,0.10580000281333923
YKL129C,YHR169W,0,-3.1239557,0.0,0.0,0.10589999705553055
YDR054C,YML058W-A,0,-3.124228,0.0,0.0,0.10599999874830246
YOL077C,YIL037C,0,-3.1246047,0.0,0.0,0.10610000044107437
YGR060W,YMR017W,0,-3.1249218,0.0,0.0,0.10620000213384628
YER114C,YCL032W,0,-3.1250596,0.0,0.0,0.1062999963760376
YMR139W,YEL054C,0,-3.1254919,0.0,0.0,0.10639999806880951
YER008C,YOR206W,0,-3.126021,0.0,0.0,0.10649999976158142
YLL061W,YBR054W,0,-3.1260629,0.0,0.0,0.10660000145435333
YDR189W,YMR321C,0,-3.126633,0.0,0.0,0.10670000314712524
YHL019C,YLR414C,0,-3.1266809,0.0,0.0,0.10679999738931656
YOR098C,YJR149W,0,-3.127645,0.0,0.0,0.10689999908208847
YHR008C,YGL141W,0,-3.128038,0.0,0.0,0.10700000077486038
YDR196C,YPR016C,0,-3.1281168,0.0,0.0,0.1071000024676323
YMR122W-A,YKR077W,0,-3.1281383,0.0,0.0,0.10719999670982361
YPL100W,YBR181C,0,-3.1286724,0.0,0.0,0.10729999840259552
YPR110C,YIL171W,0,-3.1287498,0.0,0.0,0.10740000009536743
YNL268W,YCR020C,0,-3.1287522,0.0,0.0,0.10750000178813934
YBR169C,YER007C-A,0,-3.129189,0.0,0.0,0.10760000348091125
YDL082W,YDR425W,0,-3.1294494,0.0,0.0,0.10769999772310257
YPR178W,YDL136W,0,-3.129478,0.0,0.0,0.10779999941587448
YNL065W,YGR204W,0,-3.129552,0.0,0.0,0.10790000110864639
YAR027W,YML080W,0,-3.1298165,0.0,0.0,0.1080000028014183
YNL233W,YKR102W,0,-3.130093,0.0,0.0,0.10809999704360962
YBR054W,YOR195W,0,-3.130482,0.0,0.0,0.10819999873638153
YDR019C,YLR291C,0,-3.1312094,0.0,0.0,0.10830000042915344
YNL214W,YOL077C,0,-3.1315393,0.0,0.0,0.10840000212192535
YOR045W,YMR262W,0,-3.1320362,0.0,0.0,0.10849999636411667
YOR341W,YIL011W,0,-3.1321204,0.0,0.0,0.10859999805688858
YDR003W,YPL220W,0,-3.132267,0.0,0.0,0.10869999974966049
YER175C,YLR401C,0,-3.1327667,0.0,0.0,0.1088000014424324
YFR024C,YPL051W,0,-3.1328733,0.0,0.0,0.10890000313520432
YNL073W,YOR348C,0,-3.1331356,0.0,0.0,0.10899999737739563
YLR258W,YBR238C,0,-3.133398,0.0,0.0,0.10909999907016754
YNL078W,YHR012W,0,-3.1339045,0.0,0.0,0.10920000076293945
YER148W,YML058W-A,0,-3.134488,0.0,0.0,0.10930000245571136
YHR149C,YDL076C,0,-3.135109,0.0,0.0,0.10939999669790268
YNL046W,YGL016W,0,-3.1351287,0.0,0.0,0.10949999839067459
YNL073W,YBR141C,0,-3.1352158,0.0,0.0,0.1096000000834465
YJL005W,YPL090C,0,-3.1357102,0.0,0.0,0.10970000177621841
YGR272C,YCR091W,0,-3.1359148,0.0,0.0,0.10980000346899033
YBL076C,YDL209C,0,-3.1363132,0.0,0.0,0.10989999771118164
YKL041W,YBL039C,0,-3.1365492,0.0,0.0,0.10999999940395355
YLR337C,YMR226C,0,-3.1371217,0.0,0.0,0.11010000109672546
YGL183C,YMR049C,0,-3.1376543,0.0,0.0,0.11020000278949738
YCR087C-A,YHR161C,0,-3.1379533,0.0,0.0,0.11029999703168869
YAL044C,YKL191W,0,-3.1380322,0.0,0.0,0.1103999987244606
YLR221C,YCR105W,0,-3.138123,0.0,0.0,0.11050000041723251
YGR120C,YLL053C,0,-3.1386,0.0,0.0,0.11060000211000443
YOR004W,YBR006W,0,-3.138688,0.0,0.0,0.11069999635219574
YMR192W,YML094W,0,-3.138854,0.0,0.0,0.11079999804496765
YFR015C,YOR099W,0,-3.1390295,0.0,0.0,0.11089999973773956
YMR122W-A,YPR149W,0,-3.1401887,0.0,0.0,0.11100000143051147
YER117W,YER106W,0,-3.1411479,0.0,0.0,0.11110000312328339
YER150W,YNL050C,0,-3.1413689,0.0,0.0,0.1111999973654747
YOR273C,YNL145W,0,-3.1426597,0.0,0.0,0.11129999905824661
YMR192W,YGL105W,0,-3.1426816,0.0,0.0,0.11140000075101852
YBL034C,YLR109W,0,-3.1432486,0.0,0.0,0.11150000244379044
YMR295C,YKL090W,0,-3.1434178,0.0,0.0,0.11159999668598175
YLR131C,YGR235C,0,-3.143447,0.0,0.0,0.11169999837875366
YJR033C,YIL018W,0,-3.144076,0.0,0.0,0.11180000007152557
YDL022W,YCR031C,0,-3.1448307,0.0,0.0,0.11190000176429749
YFL014W,YPL258C,0,-3.1449032,0.0,0.0,0.1120000034570694
YAR019C,YML099C,0,-3.1449766,0.0,0.0,0.11209999769926071
YNL202W,YER091C,0,-3.1459887,0.0,0.0,0.11219999939203262
YMR122W-A,YER096W,0,-3.1466312,0.0,0.0,0.11230000108480453
YER149C,YDL117W,0,-3.1466527,0.0,0.0,0.11240000277757645
YLR371W,YJR015W,0,-3.1467924,0.0,0.0,0.11249999701976776
YMR165C,YLR167W,0,-3.1467986,0.0,0.0,0.11259999871253967
YOL090W,YLR175W,0,-3.147201,0.0,0.0,0.11270000040531158
YOR063W,YJR082C,0,-3.147557,0.0,0.0,0.1128000020980835
YER149C,YPR163C,0,-3.1479568,0.0,0.0,0.11289999634027481
YLR043C,YHL024W,1,-3.1480494,0.0008849557489156723,0.0010000000474974513,0.11289999634027481
YDR164C,YLR209C,0,-3.148526,0.0008841733215376735,0.0010000000474974513,0.11299999803304672
YJL102W,YPL051W,0,-3.149207,0.0008833922329358757,0.0010000000474974513,0.11309999972581863
YPL043W,YNL008C,0,-3.1494207,0.0008826125413179398,0.0010000000474974513,0.11320000141859055
YHR052W,YMR264W,0,-3.149473,0.0008818341884762049,0.0010000000474974513,0.11330000311136246
YPL198W,YKL033W,0,-3.1498065,0.0008810572908259928,0.0010000000474974513,0.11339999735355377
YPR080W,YGR154C,0,-3.150454,0.0008802816737443209,0.0010000000474974513,0.11349999904632568
YJL098W,YCL026C-B,0,-3.1504755,0.0008795074536465108,0.0010000000474974513,0.1136000007390976
YDR436W,YML063W,0,-3.151008,0.0008787346305325627,0.0010000000474974513,0.1137000024318695
YJR073C,YHR108W,0,-3.1510873,0.0008779631461948156,0.0010000000474974513,0.11379999667406082
YIL139C,YFR053C,0,-3.1513085,0.0008771930006332695,0.0010000000474974513,0.11389999836683273
YMR122W-A,YNL044W,0,-3.1518774,0.0008764241938479245,0.0010000000474974513,0.11400000005960464
YPL221W,YKL154W,0,-3.1534944,0.0008756567258387804,0.0010000000474974513,0.11410000175237656
YMR001C,YER070W,1,-3.1537142,0.0017497813096269965,0.0020000000949949026,0.11410000175237656
YDR533C,YLR291C,0,-3.1543713,0.0017482517287135124,0.0020000000949949026,0.11420000344514847
YJL097W,YNL160W,0,-3.154373,0.0017467249417677522,0.0020000000949949026,0.11429999768733978
YDL012C,YDR425W,0,-3.1548681,0.0017452007159590721,0.0020000000949949026,0.1143999993801117
YOL019W,YIL053W,0,-3.154941,0.001743679167702794,0.0020000000949949026,0.1145000010728836
YMR115W,YFR053C,0,-3.154969,0.001742160296998918,0.0020000000949949026,0.11460000276565552
YBL028C,YER164W,0,-3.1550975,0.0017406439874321222,0.0020000000949949026,0.11469999700784683
YDR093W,YLR260W,0,-3.1562052,0.0017391304718330503,0.0020000000949949026,0.11479999870061874
YBR191W,YDL149W,0,-3.156352,0.0017376195173710585,0.0020000000949949026,0.11490000039339066
YIL096C,YBR078W,0,-3.1568553,0.0017361111240461469,0.0020000000949949026,0.11500000208616257
YLR390W-A,YGL151W,0,-3.1570978,0.0017346054082736373,0.0020000000949949026,0.11509999632835388
YPL168W,YNL301C,0,-3.1577039,0.001733102253638208,0.0020000000949949026,0.1151999980211258
YBL085W,YER171W,0,-3.1577387,0.0017316017765551805,0.0020000000949949026,0.1152999997138977
YDR026C,YKL026C,0,-3.1577773,0.0017301038606092334,0.0020000000949949026,0.11540000140666962
YBR084W,YDR402C,0,-3.1578696,0.0017286085058003664,0.0020000000949949026,0.11550000309944153
YGL083W,YPR184W,0,-3.159941,0.0017271157121285796,0.0020000000949949026,0.11559999734163284
YOR285W,YKL116C,0,-3.1599543,0.0017256255960091949,0.0020000000949949026,0.11569999903440475
YFR015C,YEL064C,0,-3.1599731,0.0017241379246115685,0.0020000000949949026,0.11580000072717667
YIR006C,YIR039C,0,-3.1601727,0.001722652930766344,0.0020000000949949026,0.11590000241994858
YDR069C,YGR180C,1,-3.1603322,0.002581755630671978,0.003000000026077032,0.11590000241994858
YGR214W,YOL165C,0,-3.1605673,0.0025795355904847383,0.003000000026077032,0.11599999666213989
YBR260C,YGR202C,0,-3.1608672,0.002577319508418441,0.003000000026077032,0.1160999983549118
YHR039C-A,YBR169C,0,-3.1608868,0.0025751073844730854,0.003000000026077032,0.11620000004768372
YBR093C,YOL052C-A,0,-3.1609428,0.002572898752987385,0.003000000026077032,0.11630000174045563
YDL072C,YLR061W,0,-3.1612606,0.0025706940796226263,0.003000000026077032,0.11640000343322754
YDR309C,YPL202C,0,-3.1618967,0.0025684931315481663,0.003000000026077032,0.11649999767541885
YDR345C,YDL030W,0,-3.1622872,0.0025662959087640047,0.003000000026077032,0.11659999936819077
YLR025W,YER150W,0,-3.1633246,0.0025641026441007853,0.003000000026077032,0.11670000106096268
YER177W,YDL247W,0,-3.1634145,0.0025619128718972206,0.003000000026077032,0.11680000275373459
YLL045C,YBR054W,0,-3.1637025,0.002559727057814598,0.003000000026077032,0.1168999969959259
YDL204W,YGL192W,0,-3.1644452,0.0025575447361916304,0.003000000026077032,0.11699999868869781
YHR010W,YPR081C,0,-3.1647751,0.0025553663726896048,0.003000000026077032,0.11710000038146973
YDR164C,YIL148W,0,-3.1662524,0.002553191501647234,0.003000000026077032,0.11720000207424164
YPR184W,YJL041W,0,-3.1666617,0.0025510203558951616,0.003000000026077032,0.11729999631643295
YEL061C,YGL157W,0,-3.1677709,0.0025488529354333878,0.003000000026077032,0.11739999800920486
YNR061C,YCR107W,0,-3.1678052,0.0025466892402619123,0.003000000026077032,0.11749999970197678
YDR093W,YPR016C,0,-3.1681283,0.0025445292703807354,0.003000000026077032,0.11760000139474869
YER091C,YDL225W,0,-3.1699452,0.0025423727929592133,0.003000000026077032,0.1177000030875206
YLR324W,YOR046C,0,-3.1700518,0.0025402200408279896,0.003000000026077032,0.11779999732971191
YGL219C,YHR157W,0,-3.1717725,0.0025380710139870644,0.003000000026077032,0.11789999902248383
YJR076C,YLR419W,0,-3.172184,0.0025359257124364376,0.003000000026077032,0.11800000071525574
YHL036W,YMR221C,0,-3.1725273,0.002533783670514822,0.003000000026077032,0.11810000240802765
YKR059W,YLR189C,0,-3.1727486,0.0025316455867141485,0.003000000026077032,0.11819999665021896
YHL040C,YDR470C,0,-3.1729488,0.00252951099537313,0.003000000026077032,0.11829999834299088
YOL096C,YML073C,0,-3.173019,0.002527379896491766,0.003000000026077032,0.11840000003576279
YMR183C,YDR444W,0,-3.1733608,0.0025252525229007006,0.003000000026077032,0.1185000017285347
YLR347C,YPL194W,0,-3.173668,0.00252312864176929,0.003000000026077032,0.11860000342130661
YNR001C,YJL069C,0,-3.1737487,0.002521008485928178,0.003000000026077032,0.11869999766349792
YDR402C,YBR191W,0,-3.1755672,0.002518891589716077,0.003000000026077032,0.11879999935626984
YDL060W,YBL113C,0,-3.1764107,0.0025167784187942743,0.003000000026077032,0.11890000104904175
YHR024C,YDL179W,0,-3.1769683,0.0025146689731627703,0.003000000026077032,0.11900000274181366
YKL166C,YOL052C-A,0,-3.1771612,0.0025125627871602774,0.003000000026077032,0.11909999698400497
YOR193W,YKL077W,0,-3.1776738,0.002510460326448083,0.003000000026077032,0.11919999867677689
YHR149C,YER164W,0,-3.1779907,0.0025083611253648996,0.003000000026077032,0.1193000003695488
YBL037W,YCR072C,0,-3.1799593,0.002506265649572015,0.003000000026077032,0.11940000206232071
YOR317W,YMR036C,0,-3.1812038,0.002504173666238785,0.003000000026077032,0.11949999630451202
YDR449C,YGR026W,0,-3.1815627,0.0025020851753652096,0.003000000026077032,0.11959999799728394
YER140W,YCR047C,0,-3.1817462,0.0024999999441206455,0.003000000026077032,0.11969999969005585
YHR149C,YJL143W,0,-3.1819372,0.00249791843816638,0.003000000026077032,0.11980000138282776
YBR093C,YCR072C,0,-3.1823876,0.0024958401918411255,0.003000000026077032,0.11990000307559967
YJR134C,YER096W,0,-3.182559,0.0024937656708061695,0.003000000026077032,0.11999999731779099
YJR015W,YOL157C,0,-3.1825778,0.0024916944094002247,0.003000000026077032,0.1200999990105629
YLR056W,YBR028C,0,-3.1825786,0.0024896266404539347,0.003000000026077032,0.12020000070333481
YGL028C,YGL010W,0,-3.1827073,0.002487562131136656,0.003000000026077032,0.12030000239610672
YDL145C,YIR031C,0,-3.1828542,0.0024855013471096754,0.003000000026077032,0.12039999663829803
YNR018W,YML100W,0,-3.182931,0.002483443822711706,0.003000000026077032,0.12049999833106995
YLR299W,YGR158C,0,-3.1830058,0.002481389557942748,0.003000000026077032,0.12060000002384186
YNL233W,YBR301W,0,-3.1833353,0.002479338785633445,0.003000000026077032,0.12070000171661377
YBR142W,YMR226C,0,-3.1844046,0.0024772915057837963,0.003000000026077032,0.12080000340938568
YLR413W,YDR148C,0,-3.1846843,0.002475247485563159,0.003000000026077032,0.120899997651577
YLR056W,YHL008C,0,-3.1846983,0.0024732069578021765,0.003000000026077032,0.12099999934434891
YNL306W,YPR196W,0,-3.1854792,0.002471169689670205,0.003000000026077032,0.12110000103712082
YHL008C,YDR303C,0,-3.1857705,0.0024691359139978886,0.003000000026077032,0.12120000272989273
YMR117C,YGL103W,0,-3.185963,0.0024671051651239395,0.003000000026077032,0.12129999697208405
YGL078C,YGL046W,0,-3.1865425,0.002465078141540289,0.003000000026077032,0.12139999866485596
YPR002W,YGR120C,0,-3.1868696,0.002463054144755006,0.003000000026077032,0.12150000035762787
YHL021C,YDR111C,0,-3.1876993,0.0024610336404293776,0.003000000026077032,0.12160000205039978
YBR054W,YCL032W,0,-3.1879077,0.0024590163957327604,0.003000000026077032,0.1216999962925911
YHL036W,YPR173C,0,-3.1883116,0.0024570024106651545,0.003000000026077032,0.121799997985363
YOR322C,YJL012C-A,0,-3.188735,0.0024549919180572033,0.003000000026077032,0.12189999967813492
YDL111C,YHR153C,0,-3.1904874,0.0024529844522476196,0.003000000026077032,0.12200000137090683
YPL091W,YGR138C,0,-3.1905642,0.0024509804788976908,0.003000000026077032,0.12210000306367874
YKR090W,YDR022C,0,-3.1906106,0.0024489795323461294,0.003000000026077032,0.12219999730587006
YDL021W,YBR080C,0,-3.190875,0.002446982078254223,0.003000000026077032,0.12229999899864197
YLR067C,YKR075C,0,-3.1913028,0.0024449878837913275,0.003000000026077032,0.12240000069141388
YLR068W,YAR035W,0,-3.191449,0.0024429967161267996,0.003000000026077032,0.12250000238418579
YJR092W,YER110C,0,-3.1923285,0.0024410090409219265,0.003000000026077032,0.1225999966263771
YOR215C,YHR052W,0,-3.192669,0.002439024392515421,0.003000000026077032,0.12269999831914902
YPR011C,YKL080W,0,-3.1928482,0.0024370430037379265,0.003000000026077032,0.12280000001192093
YJR063W,YDR259C,0,-3.1930604,0.002435064874589443,0.003000000026077032,0.12290000170469284
YOL132W,YML048W,0,-3.1931634,0.002433090005069971,0.003000000026077032,0.12300000339746475
YHR185C,YGR208W,0,-3.1933265,0.00243111839517951,0.003000000026077032,0.12309999763965607
YPR191W,YML042W,0,-3.1940448,0.0024291498120874166,0.003000000026077032,0.12319999933242798
YHL017W,YNL036W,0,-3.1941051,0.0024271844886243343,0.003000000026077032,0.12330000102519989
YMR131C,YOR363C,0,-3.1948366,0.002425222424790263,0.003000000026077032,0.1234000027179718
YLR300W,YMR198W,0,-3.1959267,0.0024232633877545595,0.003000000026077032,0.12349999696016312
YCR011C,YDR496C,0,-3.1963568,0.002421307610347867,0.003000000026077032,0.12359999865293503
YNR061C,YDR497C,0,-3.1964467,0.002419354859739542,0.003000000026077032,0.12370000034570694
YDR190C,YGL010W,0,-3.1966782,0.002417405368760228,0.003000000026077032,0.12380000203847885
YOR317W,YLL055W,0,-3.1969118,0.002415458904579282,0.003000000026077032,0.12389999628067017
YIL087C,YNL111C,0,-3.1971765,0.0024135157000273466,0.003000000026077032,0.12399999797344208
YMR295C,YDL198C,0,-3.1976013,0.002411575522273779,0.003000000026077032,0.12409999966621399
YCR021C,YJR149W,0,-3.1979697,0.0024096386041492224,0.003000000026077032,0.1242000013589859
YOR341W,YER081W,0,-3.1982875,0.0024077047128230333,0.003000000026077032,0.12430000305175781
YMR122W-A,YFR005C,0,-3.1983197,0.002405773848295212,0.003000000026077032,0.12439999729394913
YLL040C,YDR281C,0,-3.1989098,0.0024038462433964014,0.003000000026077032,0.12449999898672104
YMR192W,YOR126C,0,-3.1989226,0.002401921432465315,0.003000000026077032,0.12460000067949295
YNL176C,YKL191W,0,-3.1996903,0.002400000113993883,0.003000000026077032,0.12470000237226486
YKL195W,YLR194C,0,-3.1997633,0.0023980815894901752,0.003000000026077032,0.12479999661445618
YPL223C,YLR316C,0,-3.1997666,0.002396166091784835,0.003000000026077032,0.12489999830722809
YOL151W,YHR025W,0,-3.1999907,0.0023942538537085056,0.003000000026077032,0.125
YGR060W,YKR030W,0,-3.200478,0.0023923444095999002,0.003000000026077032,0.1251000016927719
YDL055C,YDR239C,0,-3.2006397,0.002390438225120306,0.003000000026077032,0.12520000338554382
YGR260W,YIL087C,0,-3.2015314,0.0023885350674390793,0.003000000026077032,0.12530000507831573
YLL014W,YJR066W,0,-3.2022314,0.00238663493655622,0.003000000026077032,0.12540000677108765
YHR052W,YMR006C,0,-3.2022724,0.0023847375996410847,0.003000000026077032,0.12549999356269836
YLR259C,YPL168W,0,-3.2025657,0.0023828435223549604,0.003000000026077032,0.12559999525547028
YMR204C,YNL162W,0,-3.20267,0.0023809524718672037,0.003000000026077032,0.1256999969482422
YIL133C,YKL171W,0,-3.2031674,0.002379064215347171,0.003000000026077032,0.1257999986410141
YDL028C,YBL072C,0,-3.203202,0.0023771789856255054,0.003000000026077032,0.125900000333786
YFR015C,YDL170W,0,-3.2032142,0.0023752970155328512,0.003000000026077032,0.12600000202655792
YHL040C,YBL041W,0,-3.203598,0.002373417606577277,0.003000000026077032,0.12610000371932983
YCR087C-A,YCR014C,0,-3.2040362,0.0023715414572507143,0.003000000026077032,0.12620000541210175
YPL168W,YHL015W,0,-3.2043295,0.002369668334722519,0.003000000026077032,0.12630000710487366
YOR264W,YGR035C,0,-3.206057,0.0023677980061620474,0.003000000026077032,0.12639999389648438
YMR230W,YHR035W,0,-3.2061448,0.0023659307043999434,0.003000000026077032,0.1264999955892563
YDR080W,YPR144C,0,-3.2061946,0.002364066196605563,0.003000000026077032,0.1265999972820282
YNR018W,YNL328C,0,-3.2063396,0.0023622047156095505,0.003000000026077032,0.1266999989748001
YMR105C,YKR083C,0,-3.2068696,0.0023603462614119053,0.003000000026077032,0.12680000066757202
YPR143W,YHR092C,0,-3.2073622,0.002358490601181984,0.003000000026077032,0.12690000236034393
YIR002C,YDR134C,0,-3.2074013,0.00235663796775043,0.003000000026077032,0.12700000405311584
YDR323C,YGL253W,0,-3.2074602,0.0023547881282866,0.003000000026077032,0.12710000574588776
YNL268W,YNL328C,0,-3.2080195,0.002352941082790494,0.003000000026077032,0.12720000743865967
YIR012W,YER038C,0,-3.20813,0.0023510970640927553,0.003000000026077032,0.12729999423027039
YKR068C,YNL112W,0,-3.2085958,0.002349256072193384,0.003000000026077032,0.1273999959230423
YDR056C,YNL128W,0,-3.2087803,0.002347417874261737,0.003000000026077032,0.1274999976158142
YNL146W,YCL014W,0,-3.2093244,0.0023455824702978134,0.003000000026077032,0.12759999930858612
YIL096C,YOR275C,0,-3.2096057,0.0023437500931322575,0.003000000026077032,0.12770000100135803
YCL025C,YHL011C,0,-3.2105718,0.0023419202771037817,0.003000000026077032,0.12780000269412994
YIL069C,YOR267C,0,-3.210638,0.0023400934878736734,0.003000000026077032,0.12790000438690186
YFR031C,YHR092C,0,-3.2107291,0.0023382697254419327,0.003000000026077032,0.12800000607967377
YPR110C,YLL019C,0,-3.210884,0.002336448524147272,0.003000000026077032,0.12809999287128448
YNR060W,YJL212C,0,-3.210912,0.002334630349650979,0.003000000026077032,0.1281999945640564
YPR154W,YCR035C,0,-3.211102,0.00233281496912241,0.003000000026077032,0.1282999962568283
YDL137W,YML104C,0,-3.2113104,0.0023310023825615644,0.003000000026077032,0.12839999794960022
YNR030W,YGR035C,0,-3.2115316,0.002329192589968443,0.003000000026077032,0.12849999964237213
YCR087C-A,YDR437W,0,-3.2116015,0.0023273855913430452,0.003000000026077032,0.12860000133514404
YPR002W,YGL019W,0,-3.2118437,0.0023255813866853714,0.003000000026077032,0.12870000302791595
YMR307W,YGR112W,0,-3.2119148,0.0023237799759954214,0.003000000026077032,0.12880000472068787
YLL011W,YER014C-A,0,-3.2119412,0.0023219813592731953,0.003000000026077032,0.12890000641345978
YLR056W,YKL038W,0,-3.212053,0.002320185536518693,0.003000000026077032,0.1289999932050705
YJL097W,YNL062C,0,-3.2121742,0.0023183925077319145,0.003000000026077032,0.1290999948978424
YGR088W,YKL179C,0,-3.2122955,0.00231660227291286,0.003000000026077032,0.12919999659061432
YPL019C,YOR356W,0,-3.2123952,0.002314814832061529,0.003000000026077032,0.12929999828338623
YKL026C,YOR046C,0,-3.212903,0.0023130301851779222,0.003000000026077032,0.12939999997615814
YLR223C,YNL160W,0,-3.2129354,0.0023112480994313955,0.003000000026077032,0.12950000166893005
YIL069C,YJR092W,0,-3.2135193,0.0023094688076525927,0.003000000026077032,0.12960000336170197
YIL111W,YOL057W,0,-3.2154078,0.0023076923098415136,0.003000000026077032,0.12970000505447388
YLR367W,YNL092W,0,-3.2156215,0.0023059186059981585,0.003000000026077032,0.1298000067472458
YIL096C,YGR268C,0,-3.2158878,0.0023041474632918835,0.003000000026077032,0.1298999935388565
YJR042W,YDR501W,0,-3.216065,0.0023023791145533323,0.003000000026077032,0.12999999523162842
YFL049W,YER062C,0,-3.2165756,0.002300613559782505,0.003000000026077032,0.13009999692440033
YOR273C,YKL052C,0,-3.2165852,0.002298850566148758,0.003000000026077032,0.13019999861717224
YMR015C,YLR238W,0,-3.216611,0.0022970903664827347,0.003000000026077032,0.13030000030994415
YPL234C,YMR180C,0,-3.2169774,0.0022953327279537916,0.003000000026077032,0.13040000200271606
YAR044W,YBR162W-A,0,-3.2170892,0.0022935778833925724,0.003000000026077032,0.13050000369548798
YMR117C,YOR136W,0,-3.217288,0.002291825832799077,0.003000000026077032,0.1306000053882599
YLR058C,YDR135C,0,-3.218986,0.002290076343342662,0.003000000026077032,0.1307000070810318
YOR320C,YCL068C,0,-3.2192144,0.002288329415023327,0.003000000026077032,0.13079999387264252
YJL080C,YCR054C,0,-3.219242,0.0022865852806717157,0.003000000026077032,0.13089999556541443
YOR008C,YLR330W,0,-3.219533,0.0022848439402878284,0.003000000026077032,0.13099999725818634
YKL103C,YLL050C,0,-3.2198443,0.0022831049282103777,0.003000000026077032,0.13109999895095825
YLR015W,YJL158C,0,-3.2200203,0.002281368710100651,0.003000000026077032,0.13120000064373016
YGL172W,YCL075W,0,-3.2200432,0.0022796352859586477,0.003000000026077032,0.13130000233650208
YBL074C,YNL339C,0,-3.2202718,0.002277904422953725,0.003000000026077032,0.131400004029274
YMR077C,YBR196C,0,-3.2203853,0.002276176121085882,0.003000000026077032,0.1315000057220459
YPR080W,YJR066W,0,-3.2205372,0.0022744503803551197,0.003000000026077032,0.1316000074148178
YDR343C,YML056C,0,-3.2206693,0.0022727272007614374,0.003000000026077032,0.13169999420642853
YCR002C,YDR402C,0,-3.2207737,0.002271006815135479,0.003000000026077032,0.13179999589920044
YMR114C,YHL011C,0,-3.2210326,0.0022692889906466007,0.003000000026077032,0.13189999759197235
YMR237W,YER014C-A,0,-3.2211647,0.0022675737272948027,0.003000000026077032,0.13199999928474426
YDL145C,YJL011C,0,-3.221437,0.002265861025080085,0.003000000026077032,0.13210000097751617
YJL033W,YHL017W,0,-3.2215796,0.002264150884002447,0.003000000026077032,0.13220000267028809
YDR196C,YLR129W,0,-3.2219615,0.0022624435368925333,0.003000000026077032,0.13230000436306
YDR323C,YGL178W,0,-3.2221363,0.002260738518089056,0.003000000026077032,0.1324000060558319
YJL097W,YMR076C,0,-3.2229507,0.002259036060422659,0.003000000026077032,0.13249999284744263
YPL006W,YLR196W,0,-3.223477,0.0022573363967239857,0.003000000026077032,0.13259999454021454
YGL068W,YCL026C-B,0,-3.2237043,0.002255639061331749,0.003000000026077032,0.13269999623298645
YIR002C,YDR399W,0,-3.2241955,0.0022539442870765924,0.003000000026077032,0.13279999792575836
YMR166C,YLR107W,0,-3.2249322,0.0022522523067891598,0.003000000026077032,0.13289999961853027
YMR048W,YLR048W,0,-3.225874,0.0022505626548081636,0.003000000026077032,0.13300000131130219
YFR001W,YLR446W,0,-3.2263923,0.0022488755639642477,0.003000000026077032,0.1331000030040741
YBL031W,YDR345C,0,-3.2267714,0.002247191034257412,0.003000000026077032,0.133200004696846
YHL036W,YPR144C,0,-3.227102,0.0022455090656876564,0.003000000026077032,0.13330000638961792
YDL166C,YKR049C,0,-3.2280197,0.0022438294254243374,0.003000000026077032,0.13339999318122864
YGL256W,YCL068C,0,-3.2282124,0.0022421525791287422,0.003000000026077032,0.13349999487400055
YKL085W,YOL124C,0,-3.2282448,0.0022404780611395836,0.003000000026077032,0.13359999656677246
YCL024W,YCR060W,0,-3.2285576,0.0022388058714568615,0.003000000026077032,0.13369999825954437
YMR221C,YHR174W,0,-3.2288768,0.0022371364757418633,0.003000000026077032,0.13379999995231628
YNL308C,YFL021W,0,-3.228906,0.0022354694083333015,0.003000000026077032,0.1339000016450882
YBR202W,YHL024W,1,-3.2291303,0.0029784066136926413,0.004000000189989805,0.1339000016450882
YKL077W,YGR078C,0,-3.229172,0.0029761905316263437,0.004000000189989805,0.1340000033378601
YKL081W,YAL017W,0,-3.2293024,0.0029739777091890574,0.004000000189989805,0.13410000503063202
YGL021W,YMR175W,0,-3.2294922,0.002971768146380782,0.004000000189989805,0.13420000672340393
YMR166C,YLR292C,0,-3.229792,0.0029695620760321617,0.004000000189989805,0.13429999351501465
YDR410C,YOR383C,0,-3.2301126,0.002967359032481909,0.004000000189989805,0.13439999520778656
YGR060W,YLR007W,0,-3.230352,0.0029651594813913107,0.004000000189989805,0.13449999690055847
YHL021C,YOR320C,0,-3.2310624,0.00296296295709908,0.004000000189989805,0.13459999859333038
YMR041C,YKL081W,0,-3.2311327,0.0029607696924358606,0.004000000189989805,0.1347000002861023
YHR106W,YKL165C,0,-3.2311945,0.002958579920232296,0.004000000189989805,0.1348000019788742
YIR038C,YGL222C,0,-3.2312331,0.002956393174827099,0.004000000189989805,0.13490000367164612
YGL194C,YPL146C,0,-3.2313802,0.002954209689050913,0.004000000189989805,0.13500000536441803
YNL015W,YLR167W,0,-3.2318332,0.002952029462903738,0.004000000189989805,0.13510000705718994
YDR074W,YOL084W,0,-3.2319472,0.0029498524963855743,0.004000000189989805,0.13519999384880066
YOR001W,YLR126C,0,-3.232069,0.002947678789496422,0.004000000189989805,0.13529999554157257
YLR186W,YPR005C,0,-3.232161,0.002945508109405637,0.004000000189989805,0.13539999723434448
YIL108W,YML106W,0,-3.232497,0.002943340688943863,0.004000000189989805,0.1354999989271164
YLR039C,YLR448W,0,-3.2327926,0.0029411765281111,0.004000000189989805,0.1356000006198883
YPR114W,YJL025W,0,-3.2337117,0.002939015394076705,0.004000000189989805,0.13570000231266022
YHR136C,YGR026W,0,-3.233953,0.002936857519671321,0.004000000189989805,0.13580000400543213
YPL240C,YDL216C,0,-3.234634,0.002934702904894948,0.004000000189989805,0.13590000569820404
YJL097W,YGL003C,0,-3.2347553,0.0029325513169169426,0.004000000189989805,0.13600000739097595
YDR166C,YBL031W,0,-3.2348814,0.0029304029885679483,0.004000000189989805,0.13609999418258667
YNL262W,YHL024W,1,-3.2350886,0.003660322166979313,0.004999999888241291,0.13609999418258667
YGL161C,YGR035C,0,-3.2352798,0.0036576443817466497,0.004999999888241291,0.13619999587535858
YGR185C,YLR414C,0,-3.2352939,0.0036549707874655724,0.004999999888241291,0.1362999975681305
YDR012W,YJL082W,0,-3.2353764,0.0036523009184747934,0.004999999888241291,0.1363999992609024
YFL026W,YFR041C,0,-3.235804,0.0036496350076049566,0.004999999888241291,0.13650000095367432
YOR182C,YMR218C,0,-3.2359412,0.003646973054856062,0.004999999888241291,0.13660000264644623
YOR109W,YHR020W,0,-3.2367249,0.0036443148273974657,0.004999999888241291,0.13670000433921814
YFR036W,YGR088W,0,-3.2370863,0.0036416605580598116,0.004999999888241291,0.13680000603199005
YDR410C,YLR278C,0,-3.2376475,0.0036390102468430996,0.004999999888241291,0.13689999282360077
YNL132W,YJR149W,0,-3.2377143,0.003636363660916686,0.004999999888241291,0.13699999451637268
YGL191W,YBL075C,0,-3.2378244,0.0036337210331112146,0.004999999888241291,0.1370999962091446
YGR044C,YLL067C,0,-3.2378702,0.0036310821305960417,0.004999999888241291,0.1371999979019165
YPR125W,YPL225W,0,-3.237999,0.003628446953371167,0.004999999888241291,0.13729999959468842
YGR001C,YBR214W,0,-3.2380795,0.003625815734267235,0.004999999888241291,0.13740000128746033
YPR067W,YGR017W,0,-3.2380855,0.0036231884732842445,0.004999999888241291,0.13750000298023224
YGR165W,YDR533C,0,-3.2386165,0.003620564704760909,0.004999999888241291,0.13760000467300415
YMR152W,YPL038W,0,-3.2390027,0.0036179448943585157,0.004999999888241291,0.13770000636577606
YLR390W,YOR298W,0,-3.2391887,0.0036153290420770645,0.004999999888241291,0.13779999315738678
YPL220W,YFL066C,0,-3.2394056,0.003612716682255268,0.004999999888241291,0.1378999948501587
YCR087C-A,YMR063W,0,-3.2397702,0.003610108280554414,0.004999999888241291,0.1379999965429306
YGR251W,YLR126C,0,-3.239893,0.003607503604143858,0.004999999888241291,0.13809999823570251
YGR272C,YIR006C,0,-3.2403402,0.0036049026530236006,0.004999999888241291,0.13819999992847443
YDR372C,YNL095C,0,-3.2403545,0.0036023054271936417,0.004999999888241291,0.13830000162124634
YML132W,YKR019C,0,-3.240385,0.003599711926653981,0.004999999888241291,0.13840000331401825
YBR120C,YER130C,0,-3.2407877,0.003597122384235263,0.004999999888241291,0.13850000500679016
YPL183W-A,YAR009C,0,-3.2410398,0.0035945363342761993,0.004999999888241291,0.13860000669956207
YGL018C,YPR063C,0,-3.2413797,0.0035919540096074343,0.004999999888241291,0.1386999934911728
YGR264C,YDL022W,0,-3.2414923,0.0035893754102289677,0.004999999888241291,0.1387999951839447
YHL034C,YER140W,0,-3.241629,0.0035868005361407995,0.004999999888241291,0.1388999968767166
YAL008W,YGL155W,0,-3.24225,0.00358422938734293,0.004999999888241291,0.13899999856948853
YBR037C,YLR446W,0,-3.242482,0.0035816619638353586,0.004999999888241291,0.13910000026226044
YBR026C,YLR200W,0,-3.2429605,0.003579098032787442,0.004999999888241291,0.13920000195503235
YHR046C,YHL017W,0,-3.243263,0.0035765378270298243,0.004999999888241291,0.13930000364780426
YHR010W,YNL221C,0,-3.2433116,0.0035739813465625048,0.004999999888241291,0.13940000534057617
YNL194C,YGR202C,0,-3.243827,0.0035714285913854837,0.004999999888241291,0.13950000703334808
YPL215W,YML058W-A,0,-3.2440534,0.0035688793286681175,0.004999999888241291,0.1395999938249588
YPL100W,YMR223W,0,-3.2443094,0.0035663337912410498,0.004999999888241291,0.1396999955177307
YKL087C,YLR343W,0,-3.244747,0.0035637919791042805,0.004999999888241291,0.13979999721050262
YBR009C,YOR348C,0,-3.2447784,0.003561253659427166,0.004999999888241291,0.13989999890327454
YPR001W,YJR132W,0,-3.2450452,0.0035587188322097063,0.004999999888241291,0.14000000059604645
YBR291C,YOR347C,0,-3.2454233,0.003556187730282545,0.004999999888241291,0.14010000228881836
YBR238C,YKL029C,0,-3.2459254,0.0035536603536456823,0.004999999888241291,0.14020000398159027
YLR251W,YPR041W,0,-3.2459493,0.0035511364694684744,0.004999999888241291,0.14030000567436218
YJR075W,YKL026C,0,-3.246756,0.0035486160777509212,0.004999999888241291,0.1404000073671341
YBR080C,YPL171C,0,-3.2472281,0.003546099178493023,0.004999999888241291,0.1404999941587448
YOR057W,YFL066C,0,-3.2472448,0.003543586004525423,0.004999999888241291,0.14059999585151672
YHR204W,YBR066C,0,-3.247283,0.0035410765558481216,0.004999999888241291,0.14069999754428864
YLR448W,YOR195W,0,-3.247416,0.0035385703667998314,0.004999999888241291,0.14079999923706055
YLR008C,YPL123C,0,-3.247562,0.0035360679030418396,0.004999999888241291,0.14090000092983246
YJL200C,YNL122C,0,-3.2475681,0.0035335689317435026,0.004999999888241291,0.14100000262260437
YHL017W,YBR240C,0,-3.2475886,0.0035310734529048204,0.004999999888241291,0.14110000431537628
YKR088C,YLR187W,0,-3.2477994,0.003528581466525793,0.004999999888241291,0.1412000060081482
YML037C,YER083C,0,-3.2478068,0.0035260929726064205,0.004999999888241291,0.1412999927997589
YAL023C,YDL215C,0,-3.247807,0.0035236082039773464,0.004999999888241291,0.14139999449253082
YNL016W,YAL015C,0,-3.2479181,0.0035211266949772835,0.004999999888241291,0.14149999618530273
YDL059C,YDR091C,0,-3.248263,0.003518648911267519,0.004999999888241291,0.14159999787807465
YOR349W,YIL138C,0,-3.2484727,0.0035161743871867657,0.004999999888241291,0.14169999957084656
YDR326C,YLR318W,0,-3.248485,0.003513703355565667,0.004999999888241291,0.14180000126361847
YCR087C-A,YDL235C,0,-3.248759,0.003511236049234867,0.004999999888241291,0.14190000295639038
YIL107C,YGR054W,0,-3.248849,0.003508772002533078,0.004999999888241291,0.1420000046491623
YEL048C,YDL029W,0,-3.2488546,0.003506311448290944,0.004999999888241291,0.1421000063419342
YER070W,YHL024W,1,-3.249227,0.004204625263810158,0.006000000052154064,0.1421000063419342
YDR028C,YML054C,0,-3.2495003,0.004201680887490511,0.006000000052154064,0.14219999313354492
YJL021C,YLR301W,0,-3.2495122,0.004198740236461163,0.006000000052154064,0.14229999482631683
YDR365C,YAL068C,0,-3.2499633,0.004195804242044687,0.006000000052154064,0.14239999651908875
YLL014W,YAL003W,0,-3.2501493,0.0041928719729185104,0.006000000052154064,0.14249999821186066
YDR288W,YHR138C,0,-3.250193,0.004189944360405207,0.006000000052154064,0.14259999990463257
YKR088C,YDR201W,0,-3.2505517,0.004187020007520914,0.006000000052154064,0.14270000159740448
YHR023W,YNR018W,0,-3.2508206,0.0041841003112494946,0.006000000052154064,0.1428000032901764
YER149C,YPR118W,0,-3.2508957,0.004181184805929661,0.006000000052154064,0.1429000049829483
YAL015C,YNL045W,0,-3.251049,0.0041782730259001255,0.006000000052154064,0.14300000667572021
YGL211W,YGL046W,0,-3.2513514,0.004175365436822176,0.006000000052154064,0.14309999346733093
YGR046W,YMR143W,0,-3.2517085,0.004172461573034525,0.006000000052154064,0.14319999516010284
YMR168C,YDL223C,0,-3.2522242,0.004169562365859747,0.006000000052154064,0.14329999685287476
YJL141C,YDR418W,0,-3.252337,0.004166666883975267,0.006000000052154064,0.14339999854564667
YDL012C,YIR005W,0,-3.2525501,0.004163775127381086,0.006000000052154064,0.14350000023841858
YDL208W,YPR047W,0,-3.2525663,0.004160887561738491,0.006000000052154064,0.1436000019311905
YCR087C-A,YDR079W,0,-3.2526512,0.0041580041870474815,0.006000000052154064,0.1437000036239624
YBR181C,YOR215C,0,-3.2527518,0.0041551245376467705,0.006000000052154064,0.14380000531673431
YOL142W,YHR153C,0,-3.252822,0.004152249079197645,0.006000000052154064,0.14390000700950623
YGR138C,YGL106W,0,-3.2530599,0.004149377811700106,0.006000000052154064,0.14399999380111694
YIL047C,YOR177C,0,-3.2531247,0.004146509803831577,0.006000000052154064,0.14409999549388885
YDL208W,YNL318C,0,-3.2532663,0.004143646452575922,0.006000000052154064,0.14419999718666077
YLR447C,YDR270W,0,-3.2533908,0.004140786826610565,0.006000000052154064,0.14429999887943268
YPR041W,YPL018W,0,-3.253922,0.004137930925935507,0.006000000052154064,0.1444000005722046
YLL027W,YBL054W,0,-3.254138,0.004135079216212034,0.006000000052154064,0.1445000022649765
YDR326C,YNR021W,0,-3.2543724,0.00413223123177886,0.006000000052154064,0.1446000039577484
YDR320C-A,YML042W,0,-3.2545757,0.004129387438297272,0.006000000052154064,0.14470000565052032
YOR271C,YGR251W,0,-3.2547207,0.004126547370105982,0.006000000052154064,0.14480000734329224
YEL051W,YFR018C,0,-3.2549179,0.004123711492866278,0.006000000052154064,0.14489999413490295
YBR026C,YDR312W,0,-3.2549374,0.004120879340916872,0.006000000052154064,0.14499999582767487
YBR085W,YKR055W,0,-3.2549915,0.004118050914257765,0.006000000052154064,0.14509999752044678
YBR130C,YOR311C,0,-3.2562852,0.004115226212888956,0.006000000052154064,0.1451999992132187
YOR070C,YMR250W,0,-3.2564425,0.004112405702471733,0.006000000052154064,0.1453000009059906
YNL308C,YJL164C,0,-3.2565427,0.004109588917344809,0.006000000052154064,0.1454000025987625
YGR081C,YOR262W,0,-3.2567954,0.00410677632316947,0.006000000052154064,0.14550000429153442
YLR260W,YNL045W,0,-3.257053,0.004103966988623142,0.006000000052154064,0.14560000598430634
YGR211W,YNL328C,0,-3.2576303,0.0041011618450284,0.006000000052154064,0.14569999277591705
YGL233W,YKL052C,0,-3.2578092,0.004098360426723957,0.006000000052154064,0.14579999446868896
YOR310C,YGR274C,0,-3.2581353,0.0040955631993710995,0.006000000052154064,0.14589999616146088
YML128C,YDR189W,0,-3.2581968,0.004092769231647253,0.006000000052154064,0.1459999978542328
YJR096W,YDR087C,0,-3.2584038,0.004089979454874992,0.006000000052154064,0.1460999995470047
YJL021C,YHR119W,0,-3.2587516,0.00408719340339303,0.006000000052154064,0.1462000012397766
YDR465C,YIL124W,0,-3.2592566,0.004084411077201366,0.006000000052154064,0.14630000293254852
YOL084W,YGL005C,0,-3.2595253,0.004081632476300001,0.006000000052154064,0.14640000462532043
YMR136W,YDL202W,0,-3.2599487,0.004078858066350222,0.006000000052154064,0.14650000631809235
YOR373W,YJL021C,0,-3.2600152,0.004076086916029453,0.006000000052154064,0.14659999310970306
YHL040C,YMR094W,0,-3.2603128,0.004073319956660271,0.006000000052154064,0.14669999480247498
YPL126W,YER145C,0,-3.2604287,0.004070556256920099,0.006000000052154064,0.1467999964952469
YMR238W,YLL057C,0,-3.260887,0.004067796748131514,0.006000000052154064,0.1468999981880188
YDR265W,YOL086W-A,0,-3.261014,0.004065040498971939,0.006000000052154064,0.1469999998807907
YCR086W,YGR180C,1,-3.261126,0.004739336669445038,0.007000000216066837,0.1469999998807907
YJL171C,YOR204W,0,-3.261195,0.004736130125820637,0.007000000216066837,0.14710000157356262
YNL084C,YJR147W,0,-3.261521,0.004732927773147821,0.007000000216066837,0.14720000326633453
YOR195W,YDL240W,0,-3.2619095,0.004729729611426592,0.007000000216066837,0.14730000495910645
YLR056W,YBR164C,0,-3.2621875,0.004726536106318235,0.007000000216066837,0.14740000665187836
YHL017W,YDR140W,0,-3.2622542,0.004723346792161465,0.007000000216066837,0.14749999344348907
YPR063C,YMR289W,0,-3.262681,0.00472016166895628,0.007000000216066837,0.147599995136261
YJR046W,YER070W,1,-3.2628596,0.005390835460275412,0.00800000037997961,0.147599995136261
YCR087C-A,YGR145W,0,-3.2631288,0.0053872051648795605,0.00800000037997961,0.1476999968290329
YCL052C,YGR214W,0,-3.2632372,0.00538357999175787,0.00800000037997961,0.1477999985218048
YFL061W,YOR096W,0,-3.2634606,0.005379959475249052,0.00800000037997961,0.14790000021457672
YDR343C,YDR393W,0,-3.2636337,0.005376344081014395,0.00800000037997961,0.14800000190734863
YJR025C,YDR508C,0,-3.2637782,0.0053727333433926105,0.00800000037997961,0.14810000360012054
YDR523C,YPR187W,0,-3.2644129,0.005369127728044987,0.00800000037997961,0.14820000529289246
YKL132C,YDR353W,0,-3.2645376,0.005365526303648949,0.00800000037997961,0.14830000698566437
YLR452C,YBR183W,0,-3.26468,0.005361930467188358,0.00800000037997961,0.14839999377727509
YOR081C,YLR333C,0,-3.264739,0.005358338821679354,0.00800000037997961,0.148499995470047
YKL024C,YJR098C,0,-3.2650027,0.0053547522984445095,0.00800000037997961,0.1485999971628189
YGR088W,YDL146W,0,-3.265194,0.005351170431822538,0.00800000037997961,0.14869999885559082
YOR127W,YHR108W,0,-3.265255,0.005347593687474728,0.00800000037997961,0.14880000054836273
YGR268C,YMR049C,0,-3.2652571,0.00534402159973979,0.00800000037997961,0.14890000224113464
YLL011W,YJR016C,0,-3.2653413,0.005340454168617725,0.00800000037997961,0.14900000393390656
YDR083W,YMR159C,0,-3.2653985,0.005336891394108534,0.00800000037997961,0.14910000562667847
YNL176C,YDR399W,0,-3.266006,0.005333333276212215,0.00800000037997961,0.14920000731945038
YNL015W,YDL030W,0,-3.2661333,0.005329780280590057,0.00800000037997961,0.1492999941110611
YLR088W,YJR145C,0,-3.266431,0.005326231475919485,0.00800000037997961,0.149399995803833
YPR114W,YFL001W,0,-3.2666082,0.005322687793523073,0.00800000037997961,0.14949999749660492
YHR023W,YGL194C,0,-3.267075,0.005319148767739534,0.00800000037997961,0.14959999918937683
YJL012C-A,YDR377W,0,-3.2672596,0.005315614398568869,0.00800000037997961,0.14970000088214874
YBL017C,YDR342C,0,-3.2678008,0.005312085151672363,0.00800000037997961,0.14980000257492065
YER140W,YMR322C,0,-3.2678843,0.005308560095727444,0.00800000037997961,0.14990000426769257
YNL217W,YIL074C,0,-3.2684264,0.005305039696395397,0.00800000037997961,0.15000000596046448
YHR202W,YIL018W,0,-3.2685542,0.005301524419337511,0.00800000037997961,0.1500999927520752
YBR159W,YDR077W,0,-3.268734,0.005298013333231211,0.00800000037997961,0.1501999944448471
YMR204C,YBL029C-A,0,-3.2687414,0.005294506903737783,0.00800000037997961,0.15029999613761902
YPL221W,YDR351W,0,-3.2688236,0.005291005130857229,0.00800000037997961,0.15039999783039093
YFL026W,YHR056C,0,-3.2689714,0.005287508480250835,0.00800000037997961,0.15049999952316284
YMR221C,YOR386W,0,-3.2691948,0.005284016020596027,0.00800000037997961,0.15060000121593475
YGL046W,YKL042W,0,-3.2692795,0.005280528217554092,0.00800000037997961,0.15070000290870667
YMR195W,YJL180C,0,-3.269527,0.0052770450711250305,0.00800000037997961,0.15080000460147858
YER117W,YKL079W,0,-3.269598,0.005273566115647554,0.00800000037997961,0.1509000062942505
YBR283C,YBR214W,0,-3.2697668,0.005270092282444239,0.00800000037997961,0.1509999930858612
YKL010C,YNR071C,0,-3.2703335,0.005266622640192509,0.00800000037997961,0.15109999477863312
YLR337C,YCR035C,0,-3.2703724,0.005263158120214939,0.00800000037997961,0.15119999647140503
YBR170C,YOL120C,0,-3.2705388,0.005259697791188955,0.00800000037997961,0.15129999816417694
YCR044C,YIL046W,0,-3.2706509,0.005256241653114557,0.00800000037997961,0.15139999985694885
YPL019C,YOR025W,0,-3.270874,0.00525279063731432,0.00800000037997961,0.15150000154972076
YGL096W,YGL028C,0,-3.2713528,0.005249343812465668,0.00800000037997961,0.15160000324249268
YDR158W,YLR323C,0,-3.2717438,0.005245901644229889,0.00800000037997961,0.1517000049352646
YMR300C,YKL026C,0,-3.272057,0.005242464132606983,0.00800000037997961,0.1518000066280365
YPL269W,YGL127C,0,-3.2724404,0.005239030811935663,0.00800000037997961,0.15189999341964722
YKL212W,YCR072C,0,-3.2730713,0.005235602147877216,0.00800000037997961,0.15199999511241913
YKL077W,YJR131W,0,-3.2731447,0.005232177674770355,0.00800000037997961,0.15209999680519104
YNL016W,YFR015C,0,-3.273808,0.0052287583239376545,0.00800000037997961,0.15219999849796295
YLL012W,YOR132W,0,-3.27396,0.005225342698395252,0.00800000037997961,0.15230000019073486
YKL096W-A,YLR215C,0,-3.2739973,0.00522193219512701,0.00800000037997961,0.15240000188350677
YML016C,YBR048W,0,-3.274043,0.005218525882810354,0.00800000037997961,0.1525000035762787
YDL039C,YMR180C,0,-3.274189,0.005215123761445284,0.00800000037997961,0.1526000052690506
YHR140W,YDL117W,0,-3.2741895,0.005211726296693087,0.00800000037997961,0.1527000069618225
YGL203C,YDR170W-A,0,-3.2741976,0.0052083334885537624,0.00800000037997961,0.15279999375343323
YOR320C,YBR267W,0,-3.2742984,0.005204944871366024,0.00800000037997961,0.15289999544620514
YJR083C,YNL178W,0,-3.2745173,0.005201560445129871,0.00800000037997961,0.15299999713897705
YJL021C,YKL149C,0,-3.2745247,0.005198180675506592,0.00800000037997961,0.15309999883174896
YFL004W,YKR049C,0,-3.274827,0.005194805096834898,0.00800000037997961,0.15320000052452087
YOL064C,YMR090W,0,-3.2749817,0.005191434174776077,0.00800000037997961,0.15330000221729279
YHR140W,YKL130C,0,-3.275014,0.005188067443668842,0.00800000037997961,0.1534000039100647
YDL012C,YMR264W,0,-3.2758849,0.005184704903513193,0.00800000037997961,0.1535000056028366
YDR060W,YBR175W,0,-3.276308,0.005181347019970417,0.00800000037997961,0.15360000729560852
YNL086W,YDR406W,0,-3.2764,0.005177993327379227,0.00800000037997961,0.15369999408721924
YOR246C,YJL171C,0,-3.276459,0.005174644291400909,0.00800000037997961,0.15379999577999115
YLL011W,YLR040C,0,-3.2767706,0.005171299446374178,0.00800000037997961,0.15389999747276306
YMR297W,YDR402C,0,-3.277016,0.005167958792299032,0.00800000037997961,0.15399999916553497
YOR285W,YBR100W,0,-3.2770934,0.005164622329175472,0.00800000037997961,0.15410000085830688
YER091C,YJR010C-A,0,-3.277156,0.005161290522664785,0.00800000037997961,0.1542000025510788
YLR432W,YPL233W,0,-3.2771907,0.005157962441444397,0.00800000037997961,0.1543000042438507
YDR115W,YPR173C,0,-3.2771976,0.005154639016836882,0.00800000037997961,0.15440000593662262
YDL138W,YOR369C,0,-3.2772815,0.005151320248842239,0.00800000037997961,0.15449999272823334
YDL129W,YKL150W,0,-3.277473,0.005148005206137896,0.00800000037997961,0.15459999442100525
YJL125C,YJL153C,0,-3.2775629,0.0051446943543851376,0.00800000037997961,0.15469999611377716
YIL098C,YML100W,0,-3.2776499,0.005141388159245253,0.00800000037997961,0.15479999780654907
YNL185C,YCR020C,0,-3.2777972,0.005138086155056953,0.00800000037997961,0.15489999949932098
YDR005C,YNL045W,0,-3.2780528,0.00513478834182024,0.00800000037997961,0.1550000011920929
YER020W,YNL112W,0,-3.27835,0.005131494719535112,0.00800000037997961,0.1551000028848648
YGL141W,YIL140W,0,-3.2789931,0.0051282052882015705,0.00800000037997961,0.15520000457763672
YMR163C,YML042W,0,-3.2789967,0.005124920047819614,0.00800000037997961,0.15530000627040863
YJR096W,YLR384C,0,-3.2791295,0.005121638998389244,0.00800000037997961,0.15539999306201935
YML106W,YCR107W,0,-3.279149,0.0051183621399104595,0.00800000037997961,0.15549999475479126
YOL077C,YMR115W,0,-3.2793875,0.005115089472383261,0.00800000037997961,0.15559999644756317
YDL137W,YDR197W,0,-3.2794619,0.005111820995807648,0.00800000037997961,0.15569999814033508
YDR077W,YMR017W,0,-3.2794847,0.0051085567101836205,0.00800000037997961,0.155799999833107
YDL060W,YOR027W,0,-3.2796426,0.005105296615511179,0.00800000037997961,0.1559000015258789
YLR333C,YIR005W,0,-3.2798762,0.005102040711790323,0.00800000037997961,0.15600000321865082
YGL126W,YBR054W,0,-3.2799695,0.005098788999021053,0.00800000037997961,0.15610000491142273
YMR032W,YGR017W,0,-3.28015,0.005095541477203369,0.00800000037997961,0.15620000660419464
YOR320C,YOL086W-A,0,-3.2802544,0.005092297680675983,0.00800000037997961,0.15629999339580536
YHL021C,YGL014W,0,-3.2805595,0.005089058540761471,0.00800000037997961,0.15639999508857727
YGL180W,YKL063C,0,-3.2807105,0.005085823126137257,0.00800000037997961,0.15649999678134918
YNL238W,YJR123W,0,-3.280973,0.005082591902464628,0.00800000037997961,0.1565999984741211
YDR115W,YJR054W,0,-3.2810004,0.005079364869743586,0.00800000037997961,0.156700000166893
YPR080W,YLL040C,0,-3.2810335,0.005076142027974129,0.00800000037997961,0.15680000185966492
YGR251W,YGR072W,0,-3.2812872,0.005072923377156258,0.00800000037997961,0.15690000355243683
YNL085W,YAR009C,0,-3.2813559,0.005069708451628685,0.00800000037997961,0.15700000524520874
YGR046W,YGL135W,0,-3.2813861,0.005066497717052698,0.00800000037997961,0.15710000693798065
YOL098C,YOR182C,0,-3.2818937,0.005063291173428297,0.00800000037997961,0.15719999372959137
YHR001W-A,YOR383C,0,-3.2820091,0.005060088355094194,0.00800000037997961,0.15729999542236328
YDR251W,YGL253W,0,-3.2822177,0.005056890193372965,0.00800000037997961,0.1573999971151352
YGL231C,YMR322C,0,-3.2823362,0.0050536952912807465,0.00800000037997961,0.1574999988079071
YDR234W,YKL178C,0,-3.2823977,0.005050505045801401,0.00800000037997961,0.15760000050067902
YOR158W,YIL083C,0,-3.282506,0.005047318525612354,0.00800000037997961,0.15770000219345093
YKR075C,YLR318W,0,-3.2827463,0.005044136196374893,0.00800000037997961,0.15780000388622284
YJL021C,YOL098C,0,-3.282839,0.0050409575924277306,0.00800000037997961,0.15790000557899475
YDR298C,YCL026C-B,0,-3.2830281,0.005037783179432154,0.00800000037997961,0.15800000727176666
YDR388W,YDL114W,0,-3.2833018,0.005034612957388163,0.00800000037997961,0.15809999406337738
YDR044W,YLR073C,0,-3.2842324,0.00503144646063447,0.00800000037997961,0.1581999957561493
YJL171C,YMR302C,0,-3.2845569,0.005028284154832363,0.00800000037997961,0.1582999974489212
YOR087W,YPL280W,0,-3.284685,0.005025125574320555,0.00800000037997961,0.15839999914169312
YDL012C,YHR153C,0,-3.2849026,0.005021971184760332,0.00800000037997961,0.15850000083446503
YJL183W,YDR492W,0,-3.284946,0.005018820520490408,0.00800000037997961,0.15860000252723694
YNL213C,YDL175C,0,-3.2851393,0.0050156740471720695,0.00800000037997961,0.15870000422000885
YBR205W,YBR100W,0,-3.2851586,0.00501253129914403,0.00800000037997961,0.15880000591278076
YPL043W,YPL213W,0,-3.2854707,0.0050093927420675755,0.00800000037997961,0.15889999270439148
YOR323C,YJR054W,0,-3.2855248,0.00500625791028142,0.00800000037997961,0.1589999943971634
YNR044W,YOL117W,0,-3.2857144,0.0050031268037855625,0.00800000037997961,0.1590999960899353
YKL103C,YKL171W,0,-3.2862692,0.004999999888241291,0.00800000037997961,0.15919999778270721
YHR079C,YNR018W,0,-3.2863212,0.004996877163648605,0.00800000037997961,0.15929999947547913
YKR089C,YER140W,0,-3.2863667,0.004993757698684931,0.00800000037997961,0.15940000116825104
YLR244C,YBL064C,0,-3.286436,0.004990642424672842,0.00800000037997961,0.15950000286102295
YKL198C,YDR025W,0,-3.2864723,0.004987531341612339,0.00800000037997961,0.15960000455379486
YBL021C,YLR150W,0,-3.286851,0.004984423518180847,0.00800000037997961,0.15970000624656677
YJR016C,YJR078W,0,-3.286972,0.004981319885700941,0.00800000037997961,0.1597999930381775
YLR348C,YER007C-A,0,-3.287795,0.004978220444172621,0.00800000037997961,0.1598999947309494
YJL033W,YPR131C,0,-3.2880569,0.004975124262273312,0.00800000037997961,0.1599999964237213
YGR239C,YDR170W-A,0,-3.288198,0.004972032271325588,0.00800000037997961,0.16009999811649323
YGL053W,YNL217W,0,-3.2886765,0.004968944005668163,0.00800000037997961,0.16019999980926514
YIR006C,YGR008C,0,-3.2888155,0.004965859930962324,0.00800000037997961,0.16030000150203705
YDR159W,YNL339C,0,-3.2890334,0.004962779115885496,0.00800000037997961,0.16040000319480896
YPL221W,YDL080C,0,-3.289427,0.004959702491760254,0.00800000037997961,0.16050000488758087
YIR038C,YGR072W,0,-3.289536,0.00495662959292531,0.00800000037997961,0.16060000658035278
YOL121C,YJL164C,0,-3.2895517,0.004953560419380665,0.00800000037997961,0.1606999933719635
YAL060W,YGR058W,0,-3.2897851,0.004950494971126318,0.00800000037997961,0.1607999950647354
YOR175C,YBR238C,0,-3.2897859,0.004947433713823557,0.00800000037997961,0.16089999675750732
YGL092W,YJR048W,0,-3.2899692,0.004944375716149807,0.00800000037997961,0.16099999845027924
YLR390W-A,YPL141C,0,-3.2905471,0.004941321909427643,0.00800000037997961,0.16110000014305115
YNL020C,YLR197W,0,-3.2906513,0.004938271827995777,0.00800000037997961,0.16120000183582306
YBL005W,YOR287C,0,-3.2907,0.004935225006192923,0.00800000037997961,0.16130000352859497
YDR131C,YLR130C,0,-3.290743,0.004932182375341654,0.00800000037997961,0.16140000522136688
YOR388C,YEL054C,0,-3.2908108,0.0049291434697806835,0.00800000037997961,0.1615000069141388
YER071C,YPL218W,0,-3.290822,0.004926108289510012,0.00800000037997961,0.1615999937057495
YBR159W,YLR090W,0,-3.2910786,0.004923076834529638,0.00800000037997961,0.16169999539852142
YDR533C,YOR287C,0,-3.2912831,0.004920049104839563,0.00800000037997961,0.16179999709129333
YLR333C,YCL032W,0,-3.2913318,0.004917025100439787,0.00800000037997961,0.16189999878406525
YIL108W,YPL050C,0,-3.29172,0.004914004821330309,0.00800000037997961,0.16200000047683716
YGR283C,YJR049C,0,-3.2917423,0.004910988267511129,0.00800000037997961,0.16210000216960907
YDL129W,YOL056W,0,-3.2919044,0.004907975438982248,0.00800000037997961,0.16220000386238098
YPR063C,YDR406W,0,-3.2919955,0.004904966335743666,0.00800000037997961,0.1623000055551529
YGR285C,YER130C,0,-3.292118,0.0049019609577953815,0.00800000037997961,0.1624000072479248
YKR104W,YKL009W,0,-3.2924871,0.0048989588394761086,0.00800000037997961,0.16249999403953552
YMR001C,YLR043C,1,-3.2926662,0.00550795579329133,0.008999999612569809,0.16249999403953552
YDR268W,YLR061W,0,-3.2927756,0.005504587199538946,0.008999999612569809,0.16259999573230743
YGR263C,YGL253W,0,-3.2928648,0.00550122233107686,0.008999999612569809,0.16269999742507935
YKL212W,YNL112W,0,-3.2929635,0.005497862119227648,0.008999999612569809,0.16279999911785126
YGR272C,YPR198W,0,-3.294156,0.005494505632668734,0.008999999612569809,0.16290000081062317
YLR056W,YPR002W,0,-3.2942584,0.005491153337061405,0.008999999612569809,0.16300000250339508
YNL250W,YML073C,0,-3.294316,0.005487804766744375,0.008999999612569809,0.163100004196167
YER140W,YML124C,0,-3.2944794,0.005484460853040218,0.008999999612569809,0.1632000058889389
YHR066W,YDL119C,0,-3.2945871,0.00548112066462636,0.008999999612569809,0.16329999268054962
YCR016W,YGL071W,0,-3.2948499,0.005477784667164087,0.008999999612569809,0.16339999437332153
YLR333C,YHL027W,0,-3.2949884,0.005474452394992113,0.008999999612569809,0.16349999606609344
YBR169C,YFR037C,0,-3.2950993,0.005471124779433012,0.008999999612569809,0.16359999775886536
YMR032W,YOR369C,0,-3.295608,0.005467800889164209,0.008999999612569809,0.16369999945163727
YDR515W,YNL178W,0,-3.2956386,0.005464480724185705,0.008999999612569809,0.16380000114440918
YPL126W,YDL149W,0,-3.2957196,0.005461165215820074,0.008999999612569809,0.1639000028371811
YJR022W,YBR158W,0,-3.2957199,0.0054578534327447414,0.008999999612569809,0.164000004529953
YJR070C,YKL132C,0,-3.2961645,0.005454545374959707,0.008999999612569809,0.16410000622272491
YPL060W,YMR210W,0,-3.2962413,0.005451241508126259,0.008999999612569809,0.16419999301433563
YNL308C,YGL249W,0,-3.2963343,0.005447941832244396,0.008999999612569809,0.16429999470710754
YPL186C,YLR409C,0,-3.2972007,0.005444645881652832,0.008999999612569809,0.16439999639987946
YMR093W,YNL246W,0,-3.297441,0.005441354122012854,0.008999999612569809,0.16449999809265137
YHR202W,YOR192C,0,-3.297628,0.005438066553324461,0.008999999612569809,0.16459999978542328
YJR083C,YDR196C,0,-3.2978141,0.005434782709926367,0.008999999612569809,0.1647000014781952
YDL208W,YJL012C-A,0,-3.2978425,0.005431502591818571,0.008999999612569809,0.1648000031709671
YOR272W,YPR178W,0,-3.2979674,0.005428226664662361,0.008999999612569809,0.164900004863739
YJL062W-A,YMR237W,0,-3.2986782,0.005424954928457737,0.008999999612569809,0.16500000655651093
YMR163C,YBR036C,0,-3.2989616,0.005421686917543411,0.008999999612569809,0.16509999334812164
YPR035W,YER140W,0,-3.2989988,0.005418422631919384,0.008999999612569809,0.16519999504089355
YDL121C,YGL005C,0,-3.2993016,0.0054151625372469425,0.008999999612569809,0.16529999673366547
YHR202W,YOR272W,0,-3.2993171,0.0054119061678647995,0.008999999612569809,0.16539999842643738
YMR042W,YGR161C,0,-3.2994475,0.005408653989434242,0.008999999612569809,0.1655000001192093
YIL051C,YGR225W,0,-3.2995837,0.0054054055362939835,0.008999999612569809,0.1656000018119812
YMR194W,YIL002C,0,-3.2998085,0.005402160808444023,0.008999999612569809,0.1657000035047531
YHL021C,YNL236W,0,-3.2998767,0.005398920271545649,0.008999999612569809,0.16580000519752502
YOR358W,YDR476C,0,-3.3003912,0.0053956834599375725,0.008999999612569809,0.16590000689029694
YDR026C,YMR086W,0,-3.300498,0.005392450373619795,0.008999999612569809,0.16599999368190765
YLR047C,YJR145C,0,-3.3006773,0.005389221478253603,0.008999999612569809,0.16609999537467957
YOR004W,YDR379W,0,-3.3007107,0.00538599630817771,0.008999999612569809,0.16619999706745148
YPR091C,YER023W,0,-3.3009932,0.005382775329053402,0.008999999612569809,0.1662999987602234
YDR065W,YDR358W,0,-3.3010666,0.0053795576095581055,0.008999999612569809,0.1664000004529953
YKL011C,YDR224C,0,-3.3014867,0.005376344081014395,0.008999999612569809,0.1665000021457672
YGL240W,YLR194C,0,-3.3015876,0.0053731342777609825,0.008999999612569809,0.16660000383853912
YER145C,YNL046W,0,-3.3018577,0.005369928199797869,0.008999999612569809,0.16670000553131104
YNL146W,YPL019C,0,-3.3020062,0.005366726312786341,0.008999999612569809,0.16680000722408295
YLR035C-A,YML100W,0,-3.3022976,0.005363528151065111,0.008999999612569809,0.16689999401569366
YIL062C,YOR388C,0,-3.3025174,0.00536033371463418,0.008999999612569809,0.16699999570846558
YGL059W,YKL063C,0,-3.3026927,0.0053571430034935474,0.008999999612569809,0.1670999974012375
YGR094W,YLR348C,0,-3.3027124,0.005353956017643213,0.008999999612569809,0.1671999990940094
YBR023C,YPR097W,0,-3.3027198,0.005350772757083178,0.008999999612569809,0.1673000007867813
YNR004W,YJR084W,0,-3.3029099,0.005347593687474728,0.008999999612569809,0.16740000247955322
YPR002W,YCL068C,0,-3.302939,0.005344417877495289,0.008999999612569809,0.16750000417232513
YLL061W,YIL177C,0,-3.3031812,0.005341246258467436,0.008999999612569809,0.16760000586509705
YML034W,YLL055W,0,-3.3034234,0.005338078364729881,0.008999999612569809,0.16769999265670776
YDL180W,YBL013W,0,-3.303578,0.005334914196282625,0.008999999612569809,0.16779999434947968
YDL180W,YMR175W,0,-3.3036628,0.005331753753125668,0.008999999612569809,0.1678999960422516
YFL047W,YJR042W,0,-3.3042717,0.005328597035259008,0.008999999612569809,0.1679999977350235
YBR023C,YGL037C,0,-3.3045125,0.00532544357702136,0.008999999612569809,0.1680999994277954
YLL024C,YLL053C,0,-3.3045478,0.005322294309735298,0.008999999612569809,0.16820000112056732
YGR020C,YLR196W,0,-3.3046021,0.005319148767739534,0.008999999612569809,0.16830000281333923
YIR014W,YJL079C,0,-3.3052933,0.005316006951034069,0.008999999612569809,0.16840000450611115
YDR273W,YJR048W,0,-3.305665,0.005312868859618902,0.008999999612569809,0.16850000619888306
YPL231W,YPR002W,0,-3.3059635,0.005309734493494034,0.008999999612569809,0.16859999299049377
YNL309W,YBR141C,0,-3.3060284,0.005306603852659464,0.008999999612569809,0.16869999468326569
YIL172C,YGR034W,0,-3.306306,0.005303476937115192,0.008999999612569809,0.1687999963760376
YBL031W,YOR283W,0,-3.3065882,0.005300353281199932,0.008999999612569809,0.1688999980688095
YNL085W,YDL039C,0,-3.3065991,0.0052972338162362576,0.008999999612569809,0.16899999976158142
YNR006W,YDL039C,0,-3.3067274,0.005294117610901594,0.008999999612569809,0.16910000145435333
YPL019C,YBR078W,0,-3.3068547,0.005291005130857229,0.008999999612569809,0.16920000314712524
YER025W,YDR244W,0,-3.3068764,0.005287896376103163,0.008999999612569809,0.16930000483989716
YHR096C,YGL026C,0,-3.3071022,0.005284791346639395,0.008999999612569809,0.16940000653266907
YMR077C,YNL274C,0,-3.3071833,0.005281690042465925,0.008999999612569809,0.16949999332427979
YER087C-B,YML037C,0,-3.3072095,0.005278592463582754,0.008999999612569809,0.1695999950170517
YLL026W,YLR380W,0,-3.3072836,0.005275498144328594,0.008999999612569809,0.1696999967098236
YGR191W,YCR046C,0,-3.3074474,0.005272407550364733,0.008999999612569809,0.16979999840259552
YBR028C,YER019C-A,0,-3.307869,0.00526932068169117,0.008999999612569809,0.16990000009536743
YDR532C,YIL154C,0,-3.3080778,0.005266237538307905,0.008999999612569809,0.17000000178813934
YMR109W,YML058W-A,0,-3.3081474,0.005263158120214939,0.008999999612569809,0.17010000348091125
YER008C,YPL091W,0,-3.3081899,0.005260081961750984,0.008999999612569809,0.17020000517368317
YML100W,YNL246W,0,-3.3084803,0.005257009528577328,0.008999999612569809,0.17030000686645508
YDL077C,YOR247W,0,-3.3085098,0.005253940355032682,0.008999999612569809,0.1703999936580658
YIR011C,YPL056C,0,-3.3087807,0.005250875372439623,0.008999999612569809,0.1704999953508377
YJR083C,YDL136W,0,-3.3089206,0.005247813183814287,0.008999999612569809,0.17059999704360962
YHL004W,YPL056C,0,-3.3090672,0.005244755186140537,0.008999999612569809,0.17069999873638153
YJL062W-A,YDL179W,0,-3.3092914,0.0052417004480957985,0.008999999612569809,0.17080000042915344
YNL142W,YGR078C,0,-3.3095675,0.005238649435341358,0.008999999612569809,0.17090000212192535
YPL131W,YMR173W,0,-3.3098512,0.005235602147877216,0.008999999612569809,0.17100000381469727
YML128C,YLR127C,0,-3.3100169,0.005232558120042086,0.008999999612569809,0.17110000550746918
YNR040W,YLR344W,0,-3.3100665,0.005229517817497253,0.008999999612569809,0.1712000072002411
YPR047W,YLR287C-A,0,-3.3101923,0.005226480774581432,0.008999999612569809,0.1712999939918518
YOL010W,YCR030C,0,-3.3102365,0.00522344745695591,0.008999999612569809,0.17139999568462372
YDL129W,YDL043C,0,-3.3104484,0.005220417864620686,0.008999999612569809,0.17149999737739563
YDR322W,YKL029C,0,-3.3106751,0.005217391531914473,0.008999999612569809,0.17159999907016754
YOR292C,YBR176W,0,-3.3110523,0.005214368458837271,0.008999999612569809,0.17170000076293945
YNR055C,YBL029C-A,0,-3.3110602,0.005211349111050367,0.008999999612569809,0.17180000245571136
YPL172C,YDR399W,0,-3.3111286,0.0052083334885537624,0.008999999612569809,0.17190000414848328
YDR234W,YLR073C,0,-3.3113651,0.005205321125686169,0.008999999612569809,0.1720000058412552
YOR158W,YHL016C,0,-3.3113837,0.005202312022447586,0.008999999612569809,0.1720999926328659
YNL024C,YBL058W,0,-3.312234,0.005199306644499302,0.008999999612569809,0.17219999432563782
YGL061C,YDR399W,0,-3.312346,0.005196304991841316,0.008999999612569809,0.17229999601840973
YDR222W,YPL082C,0,-3.312412,0.005193306598812342,0.008999999612569809,0.17239999771118164
YNL268W,YNL162W,0,-3.312655,0.005190311465412378,0.008999999612569809,0.17249999940395355
YGL194C,YOL127W,0,-3.312696,0.005187320057302713,0.008999999612569809,0.17260000109672546
YHR140W,YNL247W,0,-3.3127236,0.00518433190882206,0.008999999612569809,0.17270000278949738
YPR091C,YAR044W,0,-3.3129904,0.005181347019970417,0.008999999612569809,0.1728000044822693
YKL074C,YGL148W,0,-3.3130987,0.005178365856409073,0.008999999612569809,0.1729000061750412
YGR194C,YJL069C,0,-3.3136508,0.00517538795247674,0.008999999612569809,0.17299999296665192
YDR454C,YDR528W,0,-3.3136659,0.005172413773834705,0.008999999612569809,0.17309999465942383
YBR128C,YHR052W,0,-3.3137288,0.005169442854821682,0.008999999612569809,0.17319999635219574
YIL109C,YNL010W,0,-3.3139815,0.00516647519543767,0.008999999612569809,0.17329999804496765
YGR017W,YEL040W,0,-3.314548,0.005163511261343956,0.008999999612569809,0.17339999973773956
YKL103C,YER178W,0,-3.3149345,0.005160550586879253,0.008999999612569809,0.17350000143051147
YNL281W,YLR126C,0,-3.3149898,0.005157593172043562,0.008999999612569809,0.1736000031232834
YNL194C,YJL214W,0,-3.315023,0.005154639016836882,0.008999999612569809,0.1737000048160553
YDR076W,YDR429C,0,-3.3157825,0.0051516885869205,0.008999999612569809,0.1738000065088272
YBR156C,YML012W,0,-3.31591,0.005148741416633129,0.008999999612569809,0.17389999330043793
YER114C,YMR054W,0,-3.31643,0.00514579750597477,0.008999999612569809,0.17399999499320984
YER053C-A,YEL012W,0,-3.316432,0.0051428573206067085,0.008999999612569809,0.17409999668598175
YER053C-A,YHR057C,0,-3.316432,0.005139919929206371,0.008999999612569809,0.17419999837875366
YER053C-A,YKL124W,0,-3.316432,0.0051369862630963326,0.008999999612569809,0.17430000007152557
YER053C-A,YJR104C,0,-3.316432,0.005134055856615305,0.008999999612569809,0.17440000176429749
YER053C-A,YDL215C,0,-3.316432,0.0051311287097632885,0.008999999612569809,0.1745000034570694
YPL060W,YBR159W,0,-3.3165793,0.0051282052882015705,0.008999999612569809,0.1746000051498413
YBR006W,YOL127W,0,-3.3166385,0.005125284660607576,0.008999999612569809,0.17470000684261322
YGR283C,YDL110C,0,-3.3167,0.005122367758303881,0.008999999612569809,0.17479999363422394
YBR058C-A,YIL167W,0,-3.3167167,0.005119454115629196,0.008999999612569809,0.17489999532699585
YJL021C,YMR105C,0,-3.3170304,0.0051165432669222355,0.008999999612569809,0.17499999701976776
YGL104C,YOL010W,0,-3.3172708,0.005113636143505573,0.008999999612569809,0.17509999871253967
YLR040C,YDR227W,0,-3.3172839,0.0051107327453792095,0.008999999612569809,0.17520000040531158
YER103W,YBR097W,0,-3.3173501,0.00510783214122057,0.008999999612569809,0.1753000020980835
YBL039C,YNR045W,0,-3.3174894,0.005104934796690941,0.008999999612569809,0.1754000037908554
YML120C,YOR271C,0,-3.317659,0.005102040711790323,0.008999999612569809,0.17550000548362732
YOR292C,YOR236W,0,-3.3177977,0.005099150352180004,0.008999999612569809,0.17560000717639923
YPL031C,YGL089C,0,-3.3180733,0.005096262786537409,0.008999999612569809,0.17569999396800995
YML056C,YJL206C,0,-3.3183243,0.005093378480523825,0.008999999612569809,0.17579999566078186
YIL069C,YGL010W,0,-3.3183928,0.005090497899800539,0.008999999612569809,0.17589999735355377
YOR267C,YCL026C-B,0,-3.318491,0.005087620113044977,0.008999999612569809,0.17599999904632568
YGR086C,YEL053C,0,-3.3187957,0.0050847455859184265,0.008999999612569809,0.1761000007390976
YFL025C,YLR099C,0,-3.3188105,0.005081874784082174,0.008999999612569809,0.1762000024318695
YPR154W,YGR235C,0,-3.3190527,0.005079006776213646,0.008999999612569809,0.17630000412464142
YGL095C,YOR119C,0,-3.3193502,0.005076142027974129,0.008999999612569809,0.17640000581741333
YBR085W,YOR101W,0,-3.3193812,0.005073280539363623,0.008999999612569809,0.17649999260902405
YKL135C,YBL039C,0,-3.3195477,0.005070422310382128,0.008999999612569809,0.17659999430179596
YAR009C,YGL073W,0,-3.3196588,0.005067567341029644,0.008999999612569809,0.17669999599456787
YPL231W,YPL186C,0,-3.3196619,0.005064715631306171,0.008999999612569809,0.17679999768733978
YDR065W,YPL056C,0,-3.319766,0.00506186718121171,0.008999999612569809,0.1768999993801117
YIL094C,YPL171C,0,-3.3199782,0.00505902199074626,0.008999999612569809,0.1770000010728836
YBL013W,YFL044C,0,-3.3199787,0.005056179594248533,0.008999999612569809,0.17710000276565552
YEL036C,YDR256C,0,-3.3200903,0.005053340923041105,0.008999999612569809,0.17720000445842743
YMR177W,YHR047C,0,-3.3201816,0.005050505045801401,0.008999999612569809,0.17730000615119934
YBR168W,YOR356W,0,-3.3202538,0.005047672428190708,0.008999999612569809,0.17739999294281006
YOL070C,YLR435W,0,-3.3203006,0.005044843070209026,0.008999999612569809,0.17749999463558197
YMR023C,YER117W,0,-3.3203359,0.005042016971856356,0.008999999612569809,0.17759999632835388
YGR272C,YGL031C,0,-3.3203368,0.005039193667471409,0.008999999612569809,0.1776999980211258
YLR130C,YMR226C,0,-3.3204622,0.005036373622715473,0.008999999612569809,0.1777999997138977
YGR165W,YPR097W,0,-3.320528,0.005033556837588549,0.008999999612569809,0.17790000140666962
YLR313C,YOR109W,0,-3.3209264,0.005030743312090635,0.008999999612569809,0.17800000309944153
YPR143W,YPR007C,0,-3.3209448,0.005027933046221733,0.008999999612569809,0.17810000479221344
YDR226W,YDR256C,0,-3.3209567,0.005025125574320555,0.008999999612569809,0.17820000648498535
YKL041W,YGR158C,0,-3.3210058,0.0050223213620483875,0.008999999612569809,0.17829999327659607
YOR096W,YJL225C,0,-3.3210988,0.0050195204094052315,0.008999999612569809,0.17839999496936798
YNL307C,YEL069C,0,-3.3212419,0.005016722250729799,0.008999999612569809,0.1784999966621399
YPR032W,YLR249W,0,-3.3213122,0.005013927351683378,0.008999999612569809,0.1785999983549118
YJR053W,YDL083C,0,-3.3213375,0.005011135712265968,0.008999999612569809,0.17870000004768372
YHR129C,YOL077C,0,-3.321597,0.00500834733247757,0.008999999612569809,0.17880000174045563
YBR260C,YOR358W,0,-3.3216493,0.005005561746656895,0.008999999612569809,0.17890000343322754
YBR100W,YGR027C,0,-3.3217363,0.005002779420465231,0.008999999612569809,0.17900000512599945
YPR002W,YOL059W,0,-3.3218207,0.004999999888241291,0.008999999612569809,0.17910000681877136
YPR002W,YNL246W,0,-3.3218565,0.004997223615646362,0.008999999612569809,0.17919999361038208
YPL007C,YCL026C-B,0,-3.3220112,0.004994450602680445,0.008999999612569809,0.179299995303154
YER048W-A,YOR246C,0,-3.3220348,0.004991680383682251,0.008999999612569809,0.1793999969959259
YIL087C,YGR097W,0,-3.3223548,0.004988913424313068,0.008999999612569809,0.17949999868869781
YGR084C,YER109C,0,-3.322545,0.004986149724572897,0.008999999612569809,0.17960000038146973
YNL156C,YNL162W,0,-3.3227282,0.004983388818800449,0.008999999612569809,0.17970000207424164
YDR263C,YGR161C,0,-3.3227777,0.004980630706995726,0.008999999612569809,0.17980000376701355
YER113C,YOR027W,0,-3.3229313,0.0049778763204813,0.008999999612569809,0.17990000545978546
YNL191W,YLR350W,0,-3.3235183,0.004975124262273312,0.008999999612569809,0.18000000715255737
YKL185W,YHR122W,0,-3.3237062,0.004972375463694334,0.008999999612569809,0.1800999939441681
YDR056C,YGL028C,0,-3.3238754,0.004969629924744368,0.008999999612569809,0.18019999563694
YGL035C,YJR135W-A,0,-3.323924,0.004966887645423412,0.008999999612569809,0.18029999732971191
YOR359W,YDR056C,0,-3.3244824,0.004964147694408894,0.008999999612569809,0.18039999902248383
YER114C,YNL185C,0,-3.3244908,0.004961411468684673,0.008999999612569809,0.18050000071525574
YIL106W,YCL068C,0,-3.3245425,0.00495867757126689,0.008999999612569809,0.18060000240802765
YJL012C-A,YBR172C,0,-3.324543,0.004955946933478117,0.008999999612569809,0.18070000410079956
YCL034W,YOL127W,0,-3.3245595,0.0049532195553183556,0.008999999612569809,0.18080000579357147
YKL189W,YGL009C,0,-3.3248086,0.004950494971126318,0.008999999612569809,0.1808999925851822
YBL078C,YJL158C,0,-3.3255143,0.0049477736465632915,0.008999999612569809,0.1809999942779541
YGR103W,YDR218C,0,-3.3255787,0.004945055115967989,0.008999999612569809,0.181099995970726
YBR170C,YFR031C-A,0,-3.3259168,0.00494233937934041,0.008999999612569809,0.18119999766349792
YAL033W,YLR194C,0,-3.325965,0.004939626902341843,0.008999999612569809,0.18129999935626984
YGR047C,YML133C,0,-3.3259664,0.004936917219310999,0.008999999612569809,0.18140000104904175
YOR292C,YNL001W,0,-3.326026,0.004934210330247879,0.008999999612569809,0.18150000274181366
YKL063C,YDL080C,0,-3.3260503,0.00493150670081377,0.008999999612569809,0.18160000443458557
YBL075C,YIL115C,0,-3.3263185,0.004928806331008673,0.008999999612569809,0.18170000612735748
YNL185C,YOR228C,0,-3.3263743,0.004926108289510012,0.008999999612569809,0.1817999929189682
YHL008C,YML048W,0,-3.3263764,0.004923413507640362,0.008999999612569809,0.1818999946117401
YOR374W,YEL064C,0,-3.3263786,0.004920721519738436,0.008999999612569809,0.18199999630451202
YLR283W,YDL205C,0,-3.3266258,0.004918032791465521,0.008999999612569809,0.18209999799728394
YBR046C,YIL064W,0,-3.327201,0.00491534685716033,0.008999999612569809,0.18219999969005585
YGL162W,YOR287C,0,-3.327341,0.004912663716822863,0.008999999612569809,0.18230000138282776
YJL030W,YNR060W,0,-3.3273847,0.004909983836114407,0.008999999612569809,0.18240000307559967
YIL107C,YLR192C,0,-3.3277574,0.004907306283712387,0.008999999612569809,0.18250000476837158
YEL065W,YNR067C,0,-3.3277757,0.004904631990939379,0.008999999612569809,0.1826000064611435
YPR046W,YNL160W,0,-3.328127,0.0049019609577953815,0.008999999612569809,0.1826999932527542
YDL031W,YNL274C,0,-3.3281293,0.004899292252957821,0.008999999612569809,0.18279999494552612
YDR322W,YJL225C,0,-3.3282113,0.004896626807749271,0.008999999612569809,0.18289999663829803
YLR404W,YFR045W,0,-3.32847,0.004893964156508446,0.008999999612569809,0.18299999833106995
YDL054C,YIL064W,0,-3.3284757,0.004891304299235344,0.008999999612569809,0.18310000002384186
YDR234W,YGL039W,0,-3.3294184,0.004888647701591253,0.008999999612569809,0.18320000171661377
YJL059W,YPR137W,0,-3.3296485,0.004885993432253599,0.008999999612569809,0.18330000340938568
YDR380W,YOR032C,0,-3.3297153,0.004883342422544956,0.008999999612569809,0.1834000051021576
YML128C,YNL129W,0,-3.329819,0.004880694206804037,0.008999999612569809,0.1835000067949295
YOR299W,YIR014W,0,-3.3305187,0.004878048785030842,0.008999999612569809,0.18359999358654022
YOR074C,YPR162C,1,-3.3305302,0.005417118314653635,0.009999999776482582,0.18359999358654022
YJL033W,YPL056C,0,-3.3305926,0.005414185114204884,0.009999999776482582,0.18369999527931213
YOR087W,YAL025C,0,-3.3307798,0.005411255639046431,0.009999999776482582,0.18379999697208405
YFR018C,YGL244W,0,-3.3309863,0.0054083289578557014,0.009999999776482582,0.18389999866485596
YMR239C,YBR078W,0,-3.3310084,0.0054054055362939835,0.009999999776482582,0.18400000035762787
YPL141C,YGR235C,0,-3.331064,0.005402485374361277,0.009999999776482582,0.18410000205039978
YOR292C,YMR290C,0,-3.3310914,0.005399568006396294,0.009999999776482582,0.1842000037431717
YMR221C,YDR288W,0,-3.3311448,0.005396653898060322,0.009999999776482582,0.1843000054359436
YKL006C-A,YBR241C,0,-3.3313594,0.005393743049353361,0.009999999776482582,0.18440000712871552
YDR229W,YHR209W,0,-3.331627,0.005390835460275412,0.009999999776482582,0.18449999392032623
YDL101C,YGR027C,0,-3.3316424,0.005387931130826473,0.009999999776482582,0.18459999561309814
YKR049C,YPL056C,0,-3.3318279,0.005385029595345259,0.009999999776482582,0.18469999730587006
YOR322C,YOR304C-A,0,-3.3318362,0.005382131319493055,0.009999999776482582,0.18479999899864197
YJL052W,YLR139C,0,-3.331837,0.005379236303269863,0.009999999776482582,0.18490000069141388
YMR177W,YPL171C,0,-3.3318908,0.005376344081014395,0.009999999776482582,0.1850000023841858
YOR292C,YFR021W,0,-3.3324919,0.0053734551183879375,0.009999999776482582,0.1851000040769577
YOL052C,YGL010W,0,-3.3325915,0.0053705694153904915,0.009999999776482582,0.18520000576972961
YCR011C,YMR059W,0,-3.3328629,0.005367686506360769,0.009999999776482582,0.18529999256134033
YDR309C,YNL251C,0,-3.33293,0.005364806856960058,0.009999999776482582,0.18539999425411224
YPL209C,YER126C,0,-3.3330486,0.005361930467188358,0.009999999776482582,0.18549999594688416
YLR460C,YPL220W,0,-3.3330765,0.005359056871384382,0.009999999776482582,0.18559999763965607
YOR110W,YJR054W,0,-3.333149,0.005356186535209417,0.009999999776482582,0.18569999933242798
YDL229W,YML058W-A,0,-3.333158,0.005353318993002176,0.009999999776482582,0.1858000010251999
YCR086W,YER070W,1,-3.333404,0.005885500460863113,0.010999999940395355,0.1858000010251999
YBR260C,YDR381W,0,-3.3336585,0.0058823530562222,0.010999999940395355,0.1859000027179718
YMR055C,YDR415C,0,-3.3338256,0.0058792089112102985,0.010999999940395355,0.1860000044107437
YCL027W,YER096W,0,-3.3341553,0.005876068491488695,0.010999999940395355,0.18610000610351562
YPL206C,YJL012C-A,0,-3.3341703,0.005872931331396103,0.010999999940395355,0.18619999289512634
YDL145C,YPR137W,0,-3.3342495,0.005869797430932522,0.010999999940395355,0.18629999458789825
YHR202W,YNL274C,0,-3.334466,0.005866666790097952,0.010999999940395355,0.18639999628067017
YDR069C,YPR162C,1,-3.3346097,0.0063965884037315845,0.012000000104308128,0.18639999628067017
YLR360W,YGR254W,0,-3.3347611,0.0063931806944310665,0.012000000104308128,0.18649999797344208
YHR132C,YLL014W,0,-3.3350065,0.00638977624475956,0.012000000104308128,0.186599999666214
YOL139C,YPR204W,0,-3.335019,0.006386375520378351,0.012000000104308128,0.1867000013589859
YNL213C,YML124C,0,-3.3350554,0.006382978521287441,0.012000000104308128,0.1868000030517578
YBR005W,YBR066C,0,-3.335538,0.00637958524748683,0.012000000104308128,0.18690000474452972
YER056C-A,YLR079W,0,-3.3356419,0.006376195698976517,0.012000000104308128,0.18700000643730164
YJL066C,YGR212W,0,-3.3358636,0.006372809410095215,0.012000000104308128,0.18709999322891235
YOL154W,YPL135W,0,-3.3365107,0.006369426846504211,0.012000000104308128,0.18719999492168427
YNL045W,YJR098C,0,-3.3365765,0.006366047542542219,0.012000000104308128,0.18729999661445618
YIL034C,YIL009W,0,-3.3366146,0.006362672429531813,0.012000000104308128,0.1873999983072281
YHR031C,YGR180C,1,-3.3367505,0.006889242213219404,0.013000000268220901,0.1873999983072281
YPR175W,YCR086W,1,-3.336904,0.007415254134684801,0.014000000432133675,0.1873999983072281
YGL009C,YOR287C,0,-3.3370771,0.007411328610032797,0.014000000432133675,0.1875
YDR517W,YOR194C,0,-3.3372138,0.007407407276332378,0.014000000432133675,0.1876000016927719
YBL039C,YGL026C,0,-3.3373835,0.007403490133583546,0.014000000432133675,0.18770000338554382
YKR079C,YHR161C,0,-3.3374999,0.007399577181786299,0.014000000432133675,0.18780000507831573
YBL010C,YOL138C,0,-3.3375068,0.007395668420940638,0.014000000432133675,0.18790000677108765
YDL211C,YDR055W,0,-3.3379476,0.007391763385385275,0.014000000432133675,0.18799999356269836
YDR110W,YHL024W,1,-3.338173,0.007915567606687546,0.014999999664723873,0.18799999356269836
YBR058C-A,YDR451C,0,-3.3382938,0.007911392487585545,0.014999999664723873,0.18809999525547028
YDL124W,YEL048C,0,-3.3383648,0.007907222025096416,0.014999999664723873,0.1881999969482422
YKL185W,YLR460C,0,-3.3385499,0.007903056219220161,0.014999999664723873,0.1882999986410141
YIL111W,YLR172C,0,-3.339035,0.007898894138634205,0.014999999664723873,0.188400000333786
YML082W,YHR139C,0,-3.339096,0.007894736714661121,0.014999999664723873,0.18850000202655792
YDR065W,YHR101C,0,-3.339389,0.007890583947300911,0.014999999664723873,0.18860000371932983
YGR205W,YGR254W,0,-3.3394876,0.007886434905230999,0.014999999664723873,0.18870000541210175
YPR011C,YGL016W,0,-3.3396106,0.007882291451096535,0.014999999664723873,0.18880000710487366
YDR369C,YNL036W,0,-3.339901,0.007878151722252369,0.014999999664723873,0.18889999389648438
YLR067C,YPL144W,0,-3.3400035,0.007874015718698502,0.014999999664723873,0.1889999955892563
YLR452C,YER131W,0,-3.3400776,0.007869884371757507,0.014999999664723873,0.1890999972820282
YDR120C,YOR265W,0,-3.340198,0.007865757681429386,0.014999999664723873,0.1891999989748001
YDR003W,YAR009C,0,-3.340228,0.007861635647714138,0.014999999664723873,0.18930000066757202
YLR413W,YMR208W,0,-3.3402553,0.007857517339289188,0.014999999664723873,0.18940000236034393
YLR100W,YLR129W,0,-3.3402622,0.007853402756154537,0.014999999664723873,0.18950000405311584
YPL172C,YGR162W,0,-3.3404033,0.007849293760955334,0.014999999664723873,0.18960000574588776
YLR268W,YJR015W,0,-3.3405607,0.007845188491046429,0.014999999664723873,0.18970000743865967
YEL043W,YMR019W,0,-3.3406181,0.007841086946427822,0.014999999664723873,0.18979999423027039
YDR039C,YHR171W,0,-3.3406382,0.007836990989744663,0.014999999664723873,0.1898999959230423
YDR372C,YDL114W,0,-3.3407016,0.007832897827029228,0.014999999664723873,0.1899999976158142
YKL138C,YPR097W,0,-3.3409271,0.007828810252249241,0.014999999664723873,0.19009999930858612
YDR033W,YHR168W,0,-3.34108,0.007824726402759552,0.014999999664723873,0.19020000100135803
YHR202W,YPR174C,0,-3.341105,0.007820646278560162,0.014999999664723873,0.19030000269412994
YDR248C,YGL167C,0,-3.3411405,0.007816570810973644,0.014999999664723873,0.19040000438690186
YPR125W,YNR057C,0,-3.3412142,0.0078125,0.014999999664723873,0.19050000607967377
YGR205W,YLR414C,0,-3.3413055,0.007808432914316654,0.014999999664723873,0.19059999287128448
YOR272W,YAL063C,0,-3.341379,0.0078043704852461815,0.014999999664723873,0.1906999945640564
YPR006C,YDR222W,0,-3.3414497,0.007800311781466007,0.014999999664723873,0.1907999962568283
YDL211C,YMR302C,0,-3.3416033,0.007796257734298706,0.014999999664723873,0.19089999794960022
YML031W,YER175C,0,-3.3417258,0.007792207878082991,0.014999999664723873,0.19099999964237213
YLR058C,YBR212W,0,-3.3419166,0.007788162212818861,0.014999999664723873,0.19110000133514404
YNL219C,YPR096C,0,-3.3420691,0.00778412027284503,0.014999999664723873,0.19120000302791595
YDR023W,YKL132C,0,-3.3421125,0.007780082989484072,0.014999999664723873,0.19130000472068787
YNL146W,YOR372C,0,-3.342146,0.007776049897074699,0.014999999664723873,0.19140000641345978
YMR166C,YOL019W,0,-3.3421988,0.0077720205299556255,0.014999999664723873,0.1914999932050705
YBL069W,YGL200C,0,-3.342442,0.007767995819449425,0.014999999664723873,0.1915999948978424
YNR018W,YDL099W,0,-3.3425045,0.00776397529989481,0.014999999664723873,0.19169999659061432
YKR078W,YDR093W,0,-3.3425531,0.007759958505630493,0.014999999664723873,0.19179999828338623
YBR016W,YNL304W,0,-3.342763,0.00775594636797905,0.014999999664723873,0.19189999997615814
YHL015W,YJL098W,0,-3.3428297,0.007751937955617905,0.014999999664723873,0.19200000166893005
YDL028C,YBR183W,0,-3.342845,0.007747933734208345,0.014999999664723873,0.19210000336170197
YGL233W,YLR359W,0,-3.34299,0.007743933703750372,0.014999999664723873,0.19220000505447388
YHR129C,YPR204W,0,-3.343343,0.007739937864243984,0.014999999664723873,0.1923000067472458
YER162C,YJR054W,0,-3.343863,0.007735946215689182,0.014999999664723873,0.1923999935388565
YOR374W,YOL125W,0,-3.3439233,0.007731958758085966,0.014999999664723873,0.19249999523162842
YML031W,YMR110C,0,-3.3440893,0.007727975491434336,0.014999999664723873,0.19259999692440033
YNL325C,YIL064W,0,-3.3441257,0.007723995950073004,0.014999999664723873,0.19269999861717224
YLR052W,YMR173W,0,-3.3444219,0.007720020599663258,0.014999999664723873,0.19280000030994415
YMR131C,YOR069W,0,-3.3444974,0.007716049440205097,0.014999999664723873,0.19290000200271606
YIL079C,YBR238C,0,-3.3445778,0.007712082471698523,0.014999999664723873,0.19300000369548798
YDL123W,YML100W,0,-3.3447742,0.007708119228482246,0.014999999664723873,0.1931000053882599
YMR198W,YMR090W,0,-3.3450823,0.007704160176217556,0.014999999664723873,0.1932000070810318
YOL155C,YPL121C,0,-3.3452258,0.007700205314904451,0.014999999664723873,0.19329999387264252
YIR014W,YKR053C,0,-3.3453226,0.0076962546445429325,0.014999999664723873,0.19339999556541443
YOR313C,YDR418W,0,-3.3453288,0.007692307699471712,0.014999999664723873,0.19349999725818634
YDR229W,YBR096W,0,-3.3453925,0.0076883649453520775,0.014999999664723873,0.19359999895095825
YGR264C,YMR094W,0,-3.345447,0.007684426382184029,0.014999999664723873,0.19370000064373016
YIL113W,YLR265C,0,-3.3458827,0.007680491544306278,0.014999999664723873,0.19380000233650208
YNL162W,YPR148C,0,-3.3459451,0.007676560897380114,0.014999999664723873,0.193900004029274
YNL328C,YKR035W-A,0,-3.3460958,0.007672634441405535,0.014999999664723873,0.1940000057220459
YMR035W,YNL112W,0,-3.3462057,0.007668711710721254,0.014999999664723873,0.1941000074148178
YJL178C,YIL101C,0,-3.3462472,0.00766479317098856,0.014999999664723873,0.19419999420642853
YBR105C,YGR012W,0,-3.3463144,0.0076608783565461636,0.014999999664723873,0.19429999589920044
YBR291C,YKL029C,0,-3.3465261,0.007656967733055353,0.014999999664723873,0.19439999759197235
YDR164C,YGR036C,0,-3.3465605,0.0076530613005161285,0.014999999664723873,0.19449999928474426
YEL015W,YGR266W,0,-3.3466644,0.007649158593267202,0.014999999664723873,0.19460000097751617
YHL026C,YBR121C,0,-3.3467317,0.007645260076969862,0.014999999664723873,0.19470000267028809
YLL061W,YML098W,0,-3.3467627,0.00764136528596282,0.014999999664723873,0.19480000436306
YMR001C,YJL026W,1,-3.3471642,0.008146639913320541,0.01600000075995922,0.19480000436306
YIL155C,YOR358W,0,-3.347292,0.008142493665218353,0.01600000075995922,0.1949000060558319
YPR127W,YDR165W,0,-3.347603,0.008138352073729038,0.01600000075995922,0.19499999284744263
YML043C,YLR260W,0,-3.347935,0.008134214207530022,0.01600000075995922,0.19509999454021454
YJR135C,YGR205W,0,-3.3479915,0.008130080997943878,0.01600000075995922,0.19519999623298645
YNR044W,YBL025W,0,-3.3481526,0.008125952444970608,0.01600000075995922,0.19529999792575836
YML028W,YPL258C,0,-3.3482242,0.008121827617287636,0.01600000075995922,0.19539999961853027
YKL164C,YGR235C,0,-3.3486228,0.008117706514894962,0.01600000075995922,0.19550000131130219
YGR274C,YHR089C,0,-3.348641,0.008113590069115162,0.01600000075995922,0.1956000030040741
YEL038W,YHR157W,0,-3.3486876,0.008109478279948235,0.01600000075995922,0.195700004696846
YMR179W,YNL010W,0,-3.3487263,0.008105370216071606,0.01600000075995922,0.19580000638961792
YDR080W,YJL214W,0,-3.3488338,0.008101265877485275,0.01600000075995922,0.19589999318122864
YKR052C,YFL014W,0,-3.3489637,0.008097166195511818,0.01600000075995922,0.19599999487400055
YCL027W,YDR425W,0,-3.3492775,0.008093070238828659,0.01600000075995922,0.19609999656677246
YOR036W,YER074W,0,-3.3498135,0.008088978938758373,0.01600000075995922,0.19619999825954437
YPL060W,YGL103W,0,-3.3498294,0.008084891363978386,0.01600000075995922,0.19629999995231628
YPL019C,YFL010W-A,0,-3.3499193,0.008080808445811272,0.01600000075995922,0.1964000016450882
YOR092W,YLR356W,0,-3.350112,0.008076729252934456,0.01600000075995922,0.1965000033378601
YCR018C,YPR071W,0,-3.3501325,0.008072653785347939,0.01600000075995922,0.19660000503063202
YPR060C,YOL086W-A,0,-3.3504655,0.008068582974374294,0.01600000075995922,0.19670000672340393
YKL103C,YPR057W,0,-3.3506305,0.008064515888690948,0.01600000075995922,0.19679999351501465
YHL021C,YNR016C,0,-3.35121,0.008060453459620476,0.01600000075995922,0.19689999520778656
YMR250W,YPL001W,0,-3.3515582,0.008056394755840302,0.01600000075995922,0.19699999690055847
YKL175W,YMR086W,0,-3.3518238,0.008052339777350426,0.01600000075995922,0.19709999859333038
YKL029C,YER030W,0,-3.3519843,0.008048289455473423,0.01600000075995922,0.1972000002861023
YJL190C,YPR194C,0,-3.3522582,0.008044243790209293,0.01600000075995922,0.1973000019788742
YJR112W,YGL135W,0,-3.3524013,0.008040200918912888,0.01600000075995922,0.19740000367164612
YLR017W,YOL155C,0,-3.3526268,0.008036162704229355,0.01600000075995922,0.19750000536441803
YOL141W,YDR510W,0,-3.3526745,0.00803212821483612,0.01600000075995922,0.19760000705718994
YLR186W,YMR048W,0,-3.3529153,0.00802809838205576,0.01600000075995922,0.19769999384880066
YNL158W,YLR287C-A,0,-3.3531566,0.008024072274565697,0.01600000075995922,0.19779999554157257
YDR531W,YMR240C,0,-3.3532348,0.008020049892365932,0.01600000075995922,0.19789999723434448
YDL180W,YCR054C,0,-3.3536592,0.008016032166779041,0.01600000075995922,0.1979999989271164
YML120C,YHR021C,0,-3.3536787,0.008012018166482449,0.01600000075995922,0.1981000006198883
YMR074C,YBR074W,0,-3.3537788,0.008008007891476154,0.01600000075995922,0.19820000231266022
YKR085C,YER140W,0,-3.3538997,0.008004002273082733,0.01600000075995922,0.19830000400543213
YBL039C,YER109C,0,-3.3539965,0.00800000037997961,0.01600000075995922,0.19840000569820404
YBR271W,YLR194C,0,-3.3540568,0.007996002212166786,0.01600000075995922,0.19850000739097595
YBR040W,YKL007W,0,-3.3542187,0.00799200776964426,0.01600000075995922,0.19859999418258667
YGL078C,YOR258W,0,-3.354296,0.007988017983734608,0.01600000075995922,0.19869999587535858
YOR266W,YDR517W,0,-3.3543925,0.007984031923115253,0.01600000075995922,0.1987999975681305
YML115C,YBL106C,0,-3.3544328,0.007980049587786198,0.01600000075995922,0.1988999992609024
YNR024W,YBR066C,0,-3.3546443,0.007976071909070015,0.01600000075995922,0.19900000095367432
YKL063C,YER178W,0,-3.3552186,0.00797209795564413,0.01600000075995922,0.19910000264644623
YBR016W,YFL011W,0,-3.3555884,0.007968127727508545,0.01600000075995922,0.19920000433921814
YJL030W,YBR085W,0,-3.3556917,0.007964161224663258,0.01600000075995922,0.19930000603199005
YOR074C,YHL024W,1,-3.3557534,0.008457711897790432,0.017000000923871994,0.19930000603199005
YGR255C,YMR036C,0,-3.3559792,0.008453506045043468,0.017000000923871994,0.19939999282360077
YJR063W,YNR070W,0,-3.356063,0.008449303917586803,0.017000000923871994,0.19949999451637268
YPR047W,YBR020W,0,-3.3562326,0.008445106446743011,0.017000000923871994,0.1995999962091446
YDL170W,YPL028W,0,-3.3564563,0.008440913632512093,0.017000000923871994,0.1996999979019165
YDR479C,YOR380W,0,-3.3565037,0.008436724543571472,0.017000000923871994,0.19979999959468842
YFL014W,YIL037C,0,-3.3566039,0.008432540111243725,0.017000000923871994,0.19990000128746033
YPR167C,YDR012W,0,-3.356843,0.008428359404206276,0.017000000923871994,0.20000000298023224
YOR059C,YMR246W,0,-3.356867,0.008424182422459126,0.017000000923871994,0.20010000467300415
YIL132C,YML132W,0,-3.3570883,0.008420010097324848,0.017000000923871994,0.20020000636577606
YOR182C,YGL212W,0,-3.3571079,0.00841584149748087,0.017000000923871994,0.20029999315738678
YIL109C,YDL208W,0,-3.3572621,0.008411677554249763,0.017000000923871994,0.2003999948501587
YDR222W,YLR129W,0,-3.3573709,0.008407517336308956,0.017000000923871994,0.2004999965429306
YIL069C,YOR242C,0,-3.3574567,0.008403361774981022,0.017000000923871994,0.20059999823570251
YMR226C,YLR015W,0,-3.3578734,0.008399209938943386,0.017000000923871994,0.20069999992847443
YOL062C,YER126C,0,-3.3580694,0.008395061828196049,0.017000000923871994,0.20080000162124634
YBR188C,YJL225C,0,-3.3581247,0.008390918374061584,0.017000000923871994,0.20090000331401825
YKL014C,YLL019C,0,-3.3581815,0.008386778645217419,0.017000000923871994,0.20100000500679016
YJR031C,YBL054W,0,-3.35819,0.008382642641663551,0.017000000923871994,0.20110000669956207
YNL007C,YGL243W,0,-3.3583927,0.008378511294722557,0.017000000923871994,0.2011999934911728
YNL176C,YLR042C,0,-3.3584769,0.008374384604394436,0.017000000923871994,0.2012999951839447
YGR020C,YDL111C,0,-3.3585806,0.008370260708034039,0.017000000923871994,0.2013999968767166
YMR009W,YJL012C-A,0,-3.3588781,0.008366141468286514,0.017000000923871994,0.20149999856948853
YDR486C,YOL084W,0,-3.3590255,0.008362026885151863,0.017000000923871994,0.20160000026226044
YJR009C,YLR196W,0,-3.3590968,0.008357915095984936,0.017000000923871994,0.20170000195503235
YLR154C,YHL024W,1,-3.3591065,0.008845209144055843,0.017999999225139618,0.20170000195503235
YMR242C,YBR177C,0,-3.3593667,0.008840864524245262,0.017999999225139618,0.20180000364780426
YHR202W,YHR146W,0,-3.359407,0.008836524561047554,0.017999999225139618,0.20190000534057617
YJR063W,YGL243W,0,-3.3596768,0.008832188323140144,0.017999999225139618,0.20200000703334808
YBR061C,YDR406W,0,-3.3597271,0.008827856741845608,0.017999999225139618,0.2020999938249588
YMR074C,YGR036C,0,-3.3597288,0.008823529817163944,0.017999999225139618,0.2021999955177307
YLR093C,YGR017W,0,-3.3599641,0.00881920661777258,0.017999999225139618,0.20229999721050262
YDR158W,YBR075W,0,-3.3600605,0.008814887143671513,0.017999999225139618,0.20239999890327454
YER005W,YEL016C,0,-3.3601193,0.008810572326183319,0.017999999225139618,0.20250000059604645
YDL123W,YOR019W,0,-3.3602293,0.008806262165307999,0.017999999225139618,0.20260000228881836
YML058W-A,YGL019W,0,-3.3603892,0.008801955729722977,0.017999999225139618,0.20270000398159027
YIL119C,YMR300C,0,-3.3606071,0.008797653950750828,0.017999999225139618,0.20280000567436218
YGR177C,YBR109C,0,-3.3609633,0.008793355897068977,0.017999999225139618,0.2029000073671341
YOL084W,YIL113W,0,-3.3610406,0.0087890625,0.017999999225139618,0.2029999941587448
YNL146W,YOR251C,0,-3.3611302,0.008784772828221321,0.017999999225139618,0.20309999585151672
YJL200C,YDL099W,0,-3.3611498,0.008780487813055515,0.017999999225139618,0.20319999754428864
YER032W,YGR034W,0,-3.3611665,0.008776206523180008,0.017999999225139618,0.20329999923706055
YNL008C,YGL137W,0,-3.3612251,0.008771929889917374,0.017999999225139618,0.20340000092983246
YDR454C,YMR295C,0,-3.3612666,0.008767656981945038,0.017999999225139618,0.20350000262260437
YBL013W,YLR325C,0,-3.3614235,0.008763388730585575,0.017999999225139618,0.20360000431537628
YFL026W,YGL137W,0,-3.3618023,0.00875912420451641,0.017999999225139618,0.2037000060081482
YIR023W,YIR039C,0,-3.3619447,0.008754863403737545,0.017999999225139618,0.2037999927997589
YJL144W,YKL191W,0,-3.3621368,0.008750607259571552,0.017999999225139618,0.20389999449253082
YDR166C,YOR119C,0,-3.3622665,0.008746355772018433,0.017999999225139618,0.20399999618530273
YMR020W,YBL039C,0,-3.362678,0.008742108009755611,0.017999999225139618,0.20409999787807465
YDR038C,YGR235C,0,-3.3626857,0.008737863972783089,0.017999999225139618,0.20419999957084656
YJL060W,YIL020C,0,-3.362696,0.008733624592423439,0.017999999225139618,0.20430000126361847
YBR016W,YDR263C,0,-3.362752,0.008729388937354088,0.017999999225139618,0.20440000295639038
YGL148W,YKL093W,0,-3.3628268,0.00872515793889761,0.017999999225139618,0.2045000046491623
YNL122C,YGL135W,0,-3.3628833,0.00872093066573143,0.017999999225139618,0.2046000063419342
YMR226C,YFL056C,0,-3.362988,0.008716707117855549,0.017999999225139618,0.20469999313354492
YDR069C,YJL026W,1,-3.3630838,0.009196515195071697,0.01899999938905239,0.20469999313354492
YDL223C,YNL291C,0,-3.363321,0.009192065335810184,0.01899999938905239,0.20479999482631683
YIL079C,YLR460C,0,-3.3633294,0.00918762106448412,0.01899999938905239,0.20489999651908875
YLR017W,YBR182C,0,-3.363615,0.009183180518448353,0.01899999938905239,0.20499999821186066
YIL076W,YDL030W,0,-3.3638158,0.009178743697702885,0.01899999938905239,0.20509999990463257
YDR056C,YGR129W,0,-3.3638477,0.00917431153357029,0.01899999938905239,0.20520000159740448
YBR061C,YNL328C,0,-3.3638673,0.009169884026050568,0.01899999938905239,0.2053000032901764
YOR079C,YNL112W,0,-3.3638747,0.009165460243821144,0.01899999938905239,0.2054000049829483
YMR169C,YOR266W,0,-3.3641362,0.009161041118204594,0.01899999938905239,0.20550000667572021
YDR500C,YNL317W,0,-3.3642306,0.009156626649200916,0.01899999938905239,0.20559999346733093
YDR516C,YGL112C,0,-3.3644574,0.009152215905487537,0.01899999938905239,0.20569999516010284
YKR052C,YOL157C,0,-3.3644838,0.009147808887064457,0.01899999938905239,0.20579999685287476
YGL046W,YLR001C,0,-3.364696,0.009143407456576824,0.01899999938905239,0.20589999854564667
YJL060W,YDL106C,0,-3.3648562,0.009139008820056915,0.01899999938905239,0.20600000023841858
YPL043W,YOL102C,0,-3.3648882,0.009134615771472454,0.01899999938905239,0.2061000019311905
YNR002C,YPR097W,0,-3.365051,0.009130225516855717,0.01899999938905239,0.2062000036239624
YNL191W,YGL225W,0,-3.365068,0.009125840850174427,0.01899999938905239,0.20630000531673431
YDR531W,YLR224W,0,-3.3650749,0.009121458977460861,0.01899999938905239,0.20640000700950623
YPR010C,YPL092W,0,-3.3651886,0.009117082692682743,0.01899999938905239,0.20649999380111694
YOR246C,YGR063C,0,-3.365488,0.009112710133194923,0.01899999938905239,0.20659999549388885
YPR003C,YGL073W,0,-3.365512,0.009108341298997402,0.01899999938905239,0.20669999718666077
YNL111C,YDL149W,0,-3.3655212,0.009103977121412754,0.01899999938905239,0.20679999887943268
YDL179W,YML073C,0,-3.3656187,0.009099616669118404,0.01899999938905239,0.2069000005722046
YMR198W,YDR397C,0,-3.3656201,0.009095260873436928,0.01899999938905239,0.2070000022649765
YGL249W,YHR108W,0,-3.3659468,0.00909090880304575,0.01899999938905239,0.2071000039577484
YDR054C,YJL225C,0,-3.3661036,0.009086561389267445,0.01899999938905239,0.20720000565052032
YDR019C,YDR211W,0,-3.3661497,0.009082217700779438,0.01899999938905239,0.20730000734329224
YLR050C,YCR018C,0,-3.366195,0.009077878668904305,0.01899999938905239,0.20739999413490295
YBR245C,YER062C,0,-3.3661957,0.00907354336231947,0.01899999938905239,0.20749999582767487
YMR192W,YPL059W,0,-3.3662252,0.009069212712347507,0.01899999938905239,0.20759999752044678
YOR332W,YER082C,0,-3.366344,0.009064885787665844,0.01899999938905239,0.2076999992132187
YLR283W,YER180C,0,-3.3669124,0.009060562588274479,0.01899999938905239,0.2078000009059906
YML098W,YFR024C,0,-3.367136,0.009056244045495987,0.01899999938905239,0.2079000025987625
YDR164C,YNL307C,0,-3.3672254,0.009051929228007793,0.01899999938905239,0.20800000429153442
YCR005C,YOR247W,0,-3.3675086,0.009047619067132473,0.01899999938905239,0.20810000598430634
YDR105C,YLR167W,0,-3.3677778,0.009043312631547451,0.01899999938905239,0.20819999277591705
YJL144W,YPL169C,0,-3.3678045,0.009039010852575302,0.01899999938905239,0.20829999446868896
YCL034W,YDR464W,0,-3.3678937,0.009034711867570877,0.01899999938905239,0.20839999616146088
YGL185C,YBL088C,0,-3.3681288,0.0090304184705019,0.01899999938905239,0.2084999978542328
YOR317W,YIL009C-A,0,-3.3681326,0.009026127867400646,0.01899999938905239,0.2085999995470047
YLR043C,YPL153C,1,-3.3682313,0.009496675804257393,0.019999999552965164,0.2085999995470047
YCR030C,YER176W,0,-3.368377,0.009492169134318829,0.019999999552965164,0.2087000012397766
YJL144W,YJL179W,0,-3.3684118,0.009487666189670563,0.019999999552965164,0.20880000293254852
YKL089W,YOR247W,0,-3.368457,0.009483166970312595,0.019999999552965164,0.20890000462532043
YPR010C,YFL066C,0,-3.3685384,0.009478673338890076,0.019999999552965164,0.20900000631809235
YNL181W,YGL183C,0,-3.3688293,0.00947418250143528,0.019999999552965164,0.20909999310970306
YJR010C-A,YJL171C,0,-3.368839,0.009469697251915932,0.019999999552965164,0.20919999480247498
YIL090W,YBR075W,0,-3.368847,0.009465215727686882,0.019999999552965164,0.2092999964952469
YGR191W,YNL199C,0,-3.3688877,0.00946073792874813,0.019999999552965164,0.2093999981880188
YNL044W,YOR132W,0,-3.368987,0.009456264786422253,0.019999999552965164,0.2094999998807907
YOR316C,YDL112W,0,-3.3689888,0.009451796300709248,0.019999999552965164,0.20960000157356262
YJL060W,YPL147W,0,-3.3690877,0.009447331540286541,0.019999999552965164,0.20970000326633453
YHR029C,YHL015W,0,-3.3690908,0.009442870505154133,0.019999999552965164,0.20980000495910645
YFL021W,YBR146W,0,-3.3692255,0.009438414126634598,0.019999999552965164,0.20990000665187836
YKR026C,YER071C,0,-3.3692956,0.009433962404727936,0.019999999552965164,0.20999999344348907
YGL136C,YLR327C,0,-3.3694158,0.009429514408111572,0.019999999552965164,0.210099995136261
YBR260C,YHR061C,0,-3.3696837,0.009425071068108082,0.019999999552965164,0.2101999968290329
YDR368W,YMR160W,0,-3.3697166,0.00942063145339489,0.019999999552965164,0.2102999985218048
YPR141C,YFL013C,0,-3.3698242,0.009416195563971996,0.019999999552965164,0.21040000021457672
YLR442C,YDR399W,0,-3.3699694,0.009411764331161976,0.019999999552965164,0.21050000190734863
YKL001C,YLR409C,0,-3.3702288,0.009407337754964828,0.019999999552965164,0.21060000360012054
YCR091W,YOR182C,0,-3.3702884,0.00940291490405798,0.019999999552965164,0.21070000529289246
YER002W,YDR430C,0,-3.3703065,0.00939849577844143,0.019999999552965164,0.21080000698566437
YBR031W,YNL159C,0,-3.3703198,0.009394081309437752,0.019999999552965164,0.21089999377727509
YGR286C,YLR139C,0,-3.3703458,0.009389671497046947,0.019999999552965164,0.210999995470047
YPL231W,YHL026C,0,-3.3703735,0.009385265409946442,0.019999999552965164,0.2110999971628189
YIL106W,YPR011C,0,-3.370454,0.009380863048136234,0.019999999552965164,0.21119999885559082
YLR106C,YLR167W,0,-3.370517,0.0093764653429389,0.019999999552965164,0.21130000054836273
YIL144W,YHR215W,0,-3.3705819,0.009372071363031864,0.019999999552965164,0.21140000224113464
YBR170C,YBR031W,0,-3.3708906,0.009367681108415127,0.019999999552965164,0.21150000393390656
YDR245W,YGR154C,0,-3.3711767,0.009363295510411263,0.019999999552965164,0.21160000562667847
YOR356W,YDR373W,0,-3.3712003,0.009358914569020271,0.019999999552965164,0.21170000731945038
YGR101W,YDL114W,0,-3.3713346,0.009354537352919579,0.019999999552965164,0.2117999941110611
YPR003C,YDR507C,0,-3.3715053,0.009350163862109184,0.019999999552965164,0.211899995803833
YMR296C,YOR075W,0,-3.3716407,0.009345794096589088,0.019999999552965164,0.21199999749660492
YNL066W,YFL026W,0,-3.372322,0.009341428987681866,0.019999999552965164,0.21209999918937683
YGR217W,YEL048C,0,-3.372552,0.009337068535387516,0.019999999552965164,0.21220000088214874
YOR224C,YNL046W,0,-3.3726683,0.00933271087706089,0.019999999552965164,0.21230000257492065
YNL025C,YOL084W,0,-3.3729932,0.009328357875347137,0.019999999552965164,0.21240000426769257
YML043C,YOR147W,0,-3.373241,0.009324009530246258,0.019999999552965164,0.21250000596046448
YHR215W,YJL097W,0,-3.3732715,0.009319664910435677,0.019999999552965164,0.2125999927520752
YJL153C,YNR067C,0,-3.3733714,0.009315324015915394,0.019999999552965164,0.2126999944448471
YNR040W,YGR120C,0,-3.3737588,0.00931098684668541,0.019999999552965164,0.21279999613761902
YLR390W,YJR149W,0,-3.374238,0.009306654334068298,0.019999999552965164,0.21289999783039093
YDR342C,YML102W,0,-3.3742995,0.009302325546741486,0.019999999552965164,0.21299999952316284
YDL144C,YDR284C,0,-3.3744235,0.009298000484704971,0.019999999552965164,0.21310000121593475
YOL120C,YLR176C,0,-3.3744736,0.00929368007928133,0.019999999552965164,0.21320000290870667
YHR156C,YJL167W,0,-3.3745255,0.009289363399147987,0.019999999552965164,0.21330000460147858
YDR229W,YNL031C,0,-3.3745728,0.009285051375627518,0.019999999552965164,0.2134000062942505
YBR195C,YCL068C,0,-3.375821,0.009280742146074772,0.019999999552965164,0.2134999930858612
YGL039W,YKL194C,0,-3.3760276,0.0092764375731349,0.019999999552965164,0.21359999477863312
YJR009C,YGL128C,0,-3.376141,0.0092721376568079,0.019999999552965164,0.21369999647140503
YPL115C,YDR497C,0,-3.3765063,0.009267840534448624,0.019999999552965164,0.21379999816417694
YIL051C,YBL039C,0,-3.376602,0.009263548068702221,0.019999999552965164,0.21389999985694885
YDR065W,YNL309W,0,-3.3766687,0.009259259328246117,0.019999999552965164,0.21400000154972076
YDR131C,YNR013C,0,-3.3767548,0.00925497431308031,0.019999999552965164,0.21410000324249268
YPR175W,YHL024W,1,-3.376759,0.009713228791952133,0.020999999716877937,0.21410000324249268
YGR285C,YNR072W,0,-3.3768158,0.009708737954497337,0.020999999716877937,0.2142000049352646
YJL189W,YGL010W,0,-3.377043,0.009704251773655415,0.020999999716877937,0.2143000066280365
YMR061W,YGR027C,0,-3.3770552,0.00969976931810379,0.020999999716877937,0.21439999341964722
YOR359W,YJL079C,0,-3.3771963,0.009695290587842464,0.020999999716877937,0.21449999511241913
YLR251W,YDR212W,0,-3.3773093,0.009690816514194012,0.020999999716877937,0.21459999680519104
YFR024C-A,YML100W,0,-3.3773112,0.009686347097158432,0.020999999716877937,0.21469999849796295
YGL213C,YGL010W,0,-3.3773842,0.00968188140541315,0.020999999716877937,0.21480000019073486
YNR061C,YDR240C,0,-3.3775513,0.009677419438958168,0.020999999716877937,0.21490000188350677
YJL079C,YCR047C,0,-3.377579,0.009672962129116058,0.020999999716877937,0.2150000035762787
YDR398W,YLR039C,0,-3.3776305,0.009668508544564247,0.020999999716877937,0.2151000052690506
YAL043C,YDR380W,0,-3.3776944,0.009664058685302734,0.020999999716877937,0.2152000069618225
YKR055W,YKL199C,0,-3.377789,0.009659613482654095,0.020999999716877937,0.21529999375343323
YKR099W,YML027W,0,-3.377904,0.009655172005295753,0.020999999716877937,0.21539999544620514
YDR003W,YHR215W,0,-3.3780684,0.009650735184550285,0.020999999716877937,0.21549999713897705
YGL039W,YPL209C,0,-3.3781161,0.009646302089095116,0.020999999716877937,0.21559999883174896
YLR068W,YDL099W,0,-3.3781686,0.009641873650252819,0.020999999716877937,0.21570000052452087
YKL011C,YBR156C,0,-3.3783362,0.009637448005378246,0.020999999716877937,0.21580000221729279
YMR297W,YOL040C,0,-3.3783412,0.009633027948439121,0.020999999716877937,0.2159000039100647
YOR087W,YNL010W,0,-3.378559,0.00962861068546772,0.020999999716877937,0.2160000056028366
YLL012W,YLR015W,0,-3.3787441,0.009624198079109192,0.020999999716877937,0.21610000729560852
YLR025W,YBR069C,0,-3.378819,0.009619789198040962,0.020999999716877937,0.21619999408721924
YDL204W,YBR254C,0,-3.3792157,0.009615384973585606,0.020999999716877937,0.21629999577999115
YGL180W,YPL126W,0,-3.3794928,0.009610983543097973,0.020999999716877937,0.21639999747276306
YGL194C,YFR016C,0,-3.3795004,0.009606587700545788,0.020999999716877937,0.21649999916553497
YGL209W,YNL281W,0,-3.379531,0.009602194651961327,0.020999999716877937,0.21660000085830688
YGL189C,YIL125W,0,-3.3795338,0.009597806259989738,0.020999999716877937,0.2167000025510788
YOL070C,YEL065W,0,-3.3796904,0.009593421593308449,0.020999999716877937,0.2168000042438507
YMR136W,YHR160C,0,-3.3799133,0.009589040651917458,0.020999999716877937,0.21690000593662262
YLR025W,YBR181C,0,-3.3800516,0.00958466436713934,0.020999999716877937,0.21699999272823334
YOR274W,YKL180W,0,-3.3802857,0.00958029180765152,0.020999999716877937,0.21709999442100525
YLR175W,YKL094W,0,-3.3806975,0.009575922973453999,0.020999999716877937,0.21719999611377716
YLR283W,YHR069C,0,-3.3808544,0.00957155879586935,0.020999999716877937,0.21729999780654907
YER052C,YPL280W,0,-3.3808882,0.009567198343575,0.020999999716877937,0.21739999949932098
YKL094W,YIL172C,0,-3.381212,0.00956284161657095,0.020999999716877937,0.2175000011920929
YLR050C,YDL029W,0,-3.3813543,0.009558488614857197,0.020999999716877937,0.2176000028848648
YDR297W,YNR010W,0,-3.381422,0.009554140269756317,0.020999999716877937,0.21770000457763672
YJL035C,YLR044C,0,-3.3815656,0.009549795649945736,0.020999999716877937,0.21780000627040863
YLR050C,YAL016W,0,-3.381769,0.009545454755425453,0.020999999716877937,0.21789999306201935
YMR286W,YGL231C,0,-3.3819413,0.009541117586195469,0.020999999716877937,0.21799999475479126
YHR030C,YDR437W,0,-3.3822784,0.009536785073578358,0.020999999716877937,0.21809999644756317
YGR020C,YMR076C,0,-3.382296,0.00953245535492897,0.020999999716877937,0.21819999814033508
YBR248C,YNL115C,0,-3.3824098,0.009528130292892456,0.020999999716877937,0.218299999833107
YLR206W,YDR384C,0,-3.3824162,0.009523809887468815,0.020999999716877937,0.2184000015258789
YMR105C,YDR116C,0,-3.3825672,0.009519492276012897,0.020999999716877937,0.21850000321865082
YBR085W,YDR127W,0,-3.3825824,0.009515179321169853,0.020999999716877937,0.21860000491142273
YHR202W,YOR322C,0,-3.382598,0.009510869160294533,0.020999999716877937,0.21870000660419464
YGR088W,YDR499W,0,-3.3827503,0.009506563656032085,0.020999999716877937,0.21879999339580536
YNR001C,YDR395W,0,-3.3832264,0.009502262808382511,0.020999999716877937,0.21889999508857727
YDR513W,YPL056C,0,-3.3834047,0.00949796475470066,0.020999999716877937,0.21899999678134918
YGL229C,YFR053C,0,-3.383534,0.009493670426309109,0.020999999716877937,0.2190999984741211
YLR134W,YER053C,0,-3.3836036,0.00948938075453043,0.020999999716877937,0.219200000166893
YML086C,YJL144W,0,-3.3837395,0.00948509480804205,0.020999999716877937,0.21930000185966492
YGR001C,YBR301W,0,-3.3841434,0.009480812586843967,0.020999999716877937,0.21940000355243683
YLR283W,YMR175W,0,-3.3843398,0.009476534090936184,0.020999999716877937,0.21950000524520874
YEL065W,YFL056C,0,-3.3844242,0.009472260251641273,0.020999999716877937,0.21960000693798065
YDR115W,YFR037C,0,-3.3845372,0.009467989206314087,0.020999999716877937,0.21969999372959137
YOL142W,YBR294W,0,-3.3847237,0.009463722817599773,0.020999999716877937,0.21979999542236328
YDR481C,YNL248C,0,-3.38473,0.009459459222853184,0.020999999716877937,0.2198999971151352
YIL084C,YLR035C-A,0,-3.3850365,0.009455200284719467,0.020999999716877937,0.2199999988079071
YDR111C,YJL034W,0,-3.3854034,0.009450945071876049,0.020999999716877937,0.22010000050067902
YLR286C,YBR238C,0,-3.3856347,0.00944669358432293,0.020999999716877937,0.22020000219345093
YDR533C,YIL061C,0,-3.3858614,0.009442445822060108,0.020999999716877937,0.22030000388622284
YFR014C,YGR071C,0,-3.3859398,0.009438201785087585,0.020999999716877937,0.22040000557899475
YER140W,YBR097W,0,-3.386025,0.009433962404727936,0.020999999716877937,0.22050000727176666
YCR011C,YMR086W,0,-3.3861835,0.00942972581833601,0.020999999716877937,0.22059999406337738
YDR111C,YDL206W,0,-3.3863654,0.009425493888556957,0.020999999716877937,0.2206999957561493
YDR299W,YMR207C,0,-3.386568,0.009421264752745628,0.020999999716877937,0.2207999974489212
YMR099C,YKR027W,0,-3.3867922,0.009417040273547173,0.020999999716877937,0.22089999914169312
YPL220W,YDL080C,0,-3.387165,0.009412819519639015,0.020999999716877937,0.22100000083446503
YNL049C,YER126C,0,-3.3872194,0.009408602491021156,0.020999999716877937,0.22110000252723694
YDL019C,YCR020C,0,-3.3873668,0.009404388256371021,0.020999999716877937,0.22120000422000885
YLR348C,YEL056W,0,-3.3873858,0.00940017867833376,0.020999999716877937,0.22130000591278076
YOR272W,YOR301W,0,-3.387446,0.009395972825586796,0.020999999716877937,0.22139999270439148
YMR296C,YCL057W,0,-3.3875113,0.00939177069813013,0.020999999716877937,0.2214999943971634
YBR085W,YGR170W,0,-3.3876047,0.009387572295963764,0.020999999716877937,0.2215999960899353
YHR136C,YCL044C,0,-3.3879447,0.009383377619087696,0.020999999716877937,0.22169999778270721
YLR045C,YNR043W,0,-3.3881686,0.009379187598824501,0.020999999716877937,0.22179999947547913
YLR165C,YIL053W,0,-3.3881755,0.00937500037252903,0.020999999716877937,0.22190000116825104
YBR034C,YDR059C,0,-3.3882217,0.009370816871523857,0.020999999716877937,0.22200000286102295
YBL098W,YNR038W,0,-3.3883553,0.009366637095808983,0.020999999716877937,0.22210000455379486
YDR531W,YCR075C,0,-3.3885405,0.009362461045384407,0.020999999716877937,0.22220000624656677
YAL051W,YNL162W,0,-3.388578,0.00935828872025013,0.020999999716877937,0.2222999930381775
YDR109C,YOR182C,0,-3.388824,0.00935412012040615,0.020999999716877937,0.2223999947309494
YBR159W,YOL101C,0,-3.3888245,0.00934995524585247,0.020999999716877937,0.2224999964237213
YPL177C,YDR134C,0,-3.3889394,0.009345794096589088,0.020999999716877937,0.22259999811649323
YLR382C,YBR054W,0,-3.3889966,0.009341636672616005,0.020999999716877937,0.22269999980926514
YNL239W,YIL020C,0,-3.389108,0.00933748297393322,0.020999999716877937,0.22280000150203705
YNL146W,YPL087W,0,-3.389227,0.009333333000540733,0.020999999716877937,0.22290000319480896
YMR153W,YPL240C,0,-3.389229,0.009329186752438545,0.020999999716877937,0.22300000488758087
YDR534C,YKL056C,0,-3.3895574,0.009325044229626656,0.020999999716877937,0.22310000658035278
YJR009C,YLR266C,0,-3.389809,0.009320905432105064,0.020999999716877937,0.2231999933719635
YCR030C,YPL096W,0,-3.3901343,0.009316770359873772,0.020999999716877937,0.2232999950647354
YOL151W,YHR064C,0,-3.3901432,0.009312639012932777,0.020999999716877937,0.22339999675750732
YBL075C,YNL310C,0,-3.390233,0.009308510459959507,0.020999999716877937,0.22349999845027924
YBR069C,YKL022C,0,-3.3903227,0.00930438656359911,0.020999999716877937,0.22360000014305115
YHR202W,YOL103W,0,-3.3903563,0.009300265461206436,0.020999999716877937,0.22370000183582306
YFR021W,YOR096W,0,-3.390446,0.009296149015426636,0.020999999716877937,0.22380000352859497
YPR006C,YDR498C,0,-3.3904643,0.00929203536361456,0.020999999716877937,0.22390000522136688
YOR358W,YGR055W,0,-3.3904767,0.009287925437092781,0.020999999716877937,0.2240000069141388
YCR030C,YDR201W,0,-3.3905172,0.009283819235861301,0.020999999716877937,0.2240999937057495
YDR205W,YKL077W,0,-3.3908472,0.00927971675992012,0.020999999716877937,0.22419999539852142
YLL062C,YJR119C,0,-3.3909564,0.009275618009269238,0.020999999716877937,0.22429999709129333
YDR351W,YKL180W,0,-3.3910067,0.009271522983908653,0.020999999716877937,0.22439999878406525
YKL117W,YJL149W,0,-3.3911,0.009267431683838367,0.020999999716877937,0.22450000047683716
YNR001C,YOR009W,0,-3.3911083,0.009263343177735806,0.020999999716877937,0.22460000216960907
YKR055W,YLR185W,0,-3.3911762,0.009259259328246117,0.020999999716877937,0.22470000386238098
YJL085W,YLR377C,0,-3.3913035,0.009255178272724152,0.020999999716877937,0.2248000055551529
YHR058C,YDR248C,0,-3.391449,0.009251100942492485,0.020999999716877937,0.2249000072479248
YBR296C,YPR144C,0,-3.391469,0.009247027337551117,0.020999999716877937,0.22499999403953552
YER091C,YLR194C,0,-3.3918304,0.009242957457900047,0.020999999716877937,0.22509999573230743
YBR037C,YJL213W,0,-3.3918734,0.009238891303539276,0.020999999716877937,0.22519999742507935
YGL128C,YHR036W,0,-3.391889,0.009234828874468803,0.020999999716877937,0.22529999911785126
YHL021C,YDR481C,0,-3.391987,0.009230769239366055,0.020999999716877937,0.22540000081062317
YDR328C,YNL176C,0,-3.392135,0.009226713329553604,0.020999999716877937,0.22550000250339508
YDR437W,YKL191W,0,-3.3921607,0.009222661145031452,0.020999999716877937,0.225600004196167
YDR299W,YHL012W,0,-3.3921804,0.009218612685799599,0.020999999716877937,0.2257000058889389
YPR127W,YMR318C,0,-3.3922472,0.009214567951858044,0.020999999716877937,0.22579999268054962
YPL168W,YJR108W,0,-3.392284,0.009210526011884212,0.020999999716877937,0.22589999437332153
YIL150C,YJL026W,1,-3.3923025,0.009644892998039722,0.02199999988079071,0.22589999437332153
YPL050C,YCL034W,0,-3.392546,0.009640665724873543,0.02199999988079071,0.22599999606609344
YNL217W,YGL106W,0,-3.3928754,0.009636443108320236,0.02199999988079071,0.22609999775886536
YJR046W,YJL026W,1,-3.3929772,0.010070052929222584,0.023000000044703484,0.22609999775886536
YJR109C,YGL010W,0,-3.3930383,0.010065645910799503,0.023000000044703484,0.22619999945163727
YBL112C,YDR498C,0,-3.3934414,0.010061242617666721,0.023000000044703484,0.22630000114440918
YNL281W,YNL010W,0,-3.3935215,0.010056843049824238,0.023000000044703484,0.2264000028371811
YHR106W,YMR223W,0,-3.3935676,0.010052447207272053,0.023000000044703484,0.226500004529953
YHL019C,YCL025C,0,-3.39372,0.01004805602133274,0.023000000044703484,0.22660000622272491
YDL074C,YGR138C,0,-3.393723,0.010043668560683727,0.023000000044703484,0.22669999301433563
YNL078W,YIL156W,0,-3.3937385,0.010039283894002438,0.023000000044703484,0.22679999470710754
YDR325W,YLR291C,0,-3.393859,0.010034903883934021,0.023000000044703484,0.22689999639987946
YLL024C,YDR108W,0,-3.3942003,0.010030527599155903,0.023000000044703484,0.22699999809265137
YOR373W,YPL043W,0,-3.394228,0.010026155039668083,0.023000000044703484,0.22709999978542328
YDL083C,YML051W,0,-3.3942337,0.010021786205470562,0.023000000044703484,0.2272000014781952
YCR087C-A,YLR139C,0,-3.394466,0.010017422027885914,0.023000000044703484,0.2273000031709671
YDR418W,YNL339C,0,-3.3945374,0.01001306064426899,0.023000000044703484,0.227400004863739
YDL180W,YGL203C,0,-3.3945887,0.010008702985942364,0.023000000044703484,0.22750000655651093
YFL045C,YJR112W,0,-3.3949323,0.010004349984228611,0.023000000044703484,0.22759999334812164
YGR123C,YDR534C,0,-3.3952398,0.009999999776482582,0.023000000044703484,0.22769999504089355
YML049C,YPR159W,0,-3.3955393,0.009995654225349426,0.023000000044703484,0.22779999673366547
YGL035C,YPL143W,0,-3.395599,0.009991311468183994,0.023000000044703484,0.22789999842643738
YNR044W,YHR170W,0,-3.395621,0.009986973367631435,0.023000000044703484,0.2280000001192093
YKR068C,YCR021C,0,-3.395643,0.009982638992369175,0.023000000044703484,0.2281000018119812
YEL039C,YMR172W,0,-3.3957734,0.009978308342397213,0.023000000044703484,0.2282000035047531
YLL011W,YLR028C,0,-3.396346,0.009973980486392975,0.023000000044703484,0.22830000519752502
YOR026W,YDR109C,0,-3.3964057,0.00996965728700161,0.023000000044703484,0.22840000689029694
YIL079C,YNL210W,0,-3.3966713,0.009965337812900543,0.023000000044703484,0.22849999368190765
YAL028W,YEL040W,0,-3.3968415,0.009961022064089775,0.023000000044703484,0.22859999537467957
YPL017C,YLR004C,0,-3.3969102,0.009956710040569305,0.023000000044703484,0.22869999706745148
YNL095C,YLL067C,0,-3.3969784,0.009952401742339134,0.023000000044703484,0.2287999987602234
YPR148C,YDL080C,0,-3.397047,0.009948097169399261,0.023000000044703484,0.2289000004529953
YLR381W,YER102W,0,-3.3971624,0.009943796321749687,0.023000000044703484,0.2290000021457672
YIL053W,YGR054W,0,-3.397316,0.009939498268067837,0.023000000044703484,0.22910000383853912
YGR167W,YIL064W,0,-3.3977132,0.00993520487099886,0.023000000044703484,0.22920000553131104
YLR360W,YDR204W,0,-3.3977208,0.00993091519922018,0.023000000044703484,0.22930000722408295
YDR523C,YMR312W,0,-3.3977818,0.0099266292527318,0.023000000044703484,0.22939999401569366
YPL010W,YHL047C,0,-3.3979218,0.009922347031533718,0.023000000044703484,0.22949999570846558
YAL008W,YGL186C,0,-3.398005,0.009918068535625935,0.023000000044703484,0.2295999974012375
YPR190C,YNR018W,0,-3.3981524,0.009913792833685875,0.023000000044703484,0.2296999990940094
YPR091C,YCR077C,0,-3.3982763,0.009909521788358688,0.023000000044703484,0.2298000007867813
YJL153C,YDL077C,0,-3.3983011,0.0099052544683218,0.023000000044703484,0.22990000247955322
YOR327C,YDR046C,0,-3.398601,0.009900989942252636,0.023000000044703484,0.23000000417232513
YBR193C,YLL055W,0,-3.3990355,0.009896730072796345,0.023000000044703484,0.23010000586509705
YBR196C,YOL104C,0,-3.3990736,0.009892472997307777,0.023000000044703484,0.23019999265670776
YJL144W,YDR011W,0,-3.399081,0.009888220578432083,0.023000000044703484,0.23029999434947968
YDR200C,YNL095C,0,-3.3992276,0.009883970953524113,0.023000000044703484,0.2303999960422516
YBL106C,YOL010W,0,-3.3992927,0.00987972505390644,0.023000000044703484,0.2304999977350235
YLL041C,YMR055C,0,-3.3993464,0.009875482879579067,0.023000000044703484,0.2305999994277954
YNL138W,YOL125W,0,-3.3995137,0.009871244430541992,0.023000000044703484,0.23070000112056732
YIL076W,YKR077W,0,-3.399634,0.009867009706795216,0.023000000044703484,0.23080000281333923
YDL124W,YOL138C,0,-3.3996782,0.009862778708338737,0.023000000044703484,0.23090000450611115
YMR136W,YGR246C,0,-3.3996923,0.009858551435172558,0.023000000044703484,0.23100000619888306
YNL297C,YML009C,0,-3.3997374,0.009854326955974102,0.023000000044703484,0.23109999299049377
YDL195W,YLL011W,0,-3.399746,0.00985010713338852,0.023000000044703484,0.23119999468326569
YDR531W,YNR017W,0,-3.3999403,0.00984589010477066,0.023000000044703484,0.2312999963760376
YLL011W,YDR039C,0,-3.3999414,0.009841677732765675,0.023000000044703484,0.2313999980688095
YMR001C,YOR346W,1,-3.4000134,0.010265183635056019,0.024000000208616257,0.2313999980688095
YBR273C,YLL066C,0,-3.400019,0.01026079524308443,0.024000000208616257,0.23149999976158142
YDR033W,YHL016C,0,-3.4001374,0.010256410576403141,0.024000000208616257,0.23160000145435333
YGR255C,YBR095C,0,-3.400382,0.010252028703689575,0.024000000208616257,0.23170000314712524
YOL142W,YIL139C,0,-3.4003963,0.010247651487588882,0.024000000208616257,0.23180000483989716
YIL101C,YLR016C,0,-3.4007673,0.010243277996778488,0.024000000208616257,0.23190000653266907
YDL141W,YPL150W,0,-3.400824,0.010238908231258392,0.024000000208616257,0.23199999332427979
YDR178W,YLR196W,0,-3.4010122,0.01023454125970602,0.024000000208616257,0.2320999950170517
YPL155C,YBL038W,0,-3.4010854,0.010230178944766521,0.024000000208616257,0.2321999967098236
YNL173C,YLR278C,0,-3.401219,0.010225820355117321,0.024000000208616257,0.23229999840259552
YHR201C,YJL213W,0,-3.4013388,0.010221465490758419,0.024000000208616257,0.23240000009536743
YER112W,YCL008C,0,-3.4013412,0.010217113420367241,0.024000000208616257,0.23250000178813934
YBL087C,YJL108C,0,-3.401372,0.010212766006588936,0.024000000208616257,0.23260000348091125
YDR350C,YMR246W,0,-3.4014,0.01020842231810093,0.024000000208616257,0.23270000517368317
YAL029C,YOR261C,0,-3.4014785,0.010204081423580647,0.024000000208616257,0.23280000686645508
YDR131C,YJR140C,0,-3.401481,0.010199745185673237,0.024000000208616257,0.2328999936580658
YCR012W,YDL033C,0,-3.401565,0.010195411741733551,0.024000000208616257,0.2329999953508377
YER020W,YIL171W,0,-3.4015794,0.010191082954406738,0.024000000208616257,0.23309999704360962
YBL038W,YLR419W,0,-3.4015875,0.01018675696104765,0.024000000208616257,0.23319999873638153
YDL195W,YGL059W,0,-3.401629,0.010182435624301434,0.024000000208616257,0.23330000042915344
YEL029C,YDR533C,0,-3.4017398,0.010178117081522942,0.024000000208616257,0.23340000212192535
YPL155C,YLR238W,0,-3.40175,0.010173802264034748,0.024000000208616257,0.23350000381469727
YNL287W,YBL021C,0,-3.4017558,0.010169491171836853,0.024000000208616257,0.23360000550746918
YDL129W,YKR049C,0,-3.4019997,0.010165183804929256,0.024000000208616257,0.2337000072002411
YDR115W,YGR208W,0,-3.4020898,0.010160880163311958,0.024000000208616257,0.2337999939918518
YJR098C,YJR135W-A,0,-3.402139,0.010156580246984959,0.024000000208616257,0.23389999568462372
YIL112W,YDR012W,0,-3.4021828,0.010152284055948257,0.024000000208616257,0.23399999737739563
YMR319C,YKL206C,0,-3.4027164,0.010147991590201855,0.024000000208616257,0.23409999907016754
YHR215W,YOL092W,0,-3.4028196,0.01014370284974575,0.024000000208616257,0.23420000076293945
YCR072C,YPL018W,0,-3.4028902,0.01013941690325737,0.024000000208616257,0.23430000245571136
YGL064C,YOL165C,0,-3.4029188,0.010135134682059288,0.024000000208616257,0.23440000414848328
YJL172W,YIL170W,0,-3.4030602,0.010130857117474079,0.024000000208616257,0.2345000058412552
YPR175W,YER070W,1,-3.4032366,0.010548523627221584,0.02500000037252903,0.2345000058412552
YKR103W,YJR041C,0,-3.4033442,0.010544073767960072,0.02500000037252903,0.2345999926328659
YDR395W,YGR266W,0,-3.4034212,0.010539628565311432,0.02500000037252903,0.23469999432563782
YCR011C,YEL037C,0,-3.403645,0.01053518708795309,0.02500000037252903,0.23479999601840973
YHR009C,YJR145C,0,-3.4040823,0.010530749335885048,0.02500000037252903,0.23489999771118164
YJR094W-A,YBR230C,0,-3.404099,0.010526316240429878,0.02500000037252903,0.23499999940395355
YGR272C,YDR238C,0,-3.404291,0.010521885938942432,0.02500000037252903,0.23510000109672546
YDR120C,YGR062C,0,-3.404335,0.010517459362745285,0.02500000037252903,0.23520000278949738
YDL008W,YKR058W,0,-3.4047167,0.010513036511838436,0.02500000037252903,0.2353000044822693
YEL024W,YOR182C,0,-3.4050035,0.010508617386221886,0.02500000037252903,0.2354000061750412
YOR285W,YGR134W,0,-3.4050195,0.010504201985895634,0.02500000037252903,0.23549999296665192
YMR042W,YDL084W,0,-3.4053626,0.01049979031085968,0.02500000037252903,0.23559999465942383
YMR296C,YJL108C,0,-3.4057496,0.010495382361114025,0.02500000037252903,0.23569999635219574
YIL061C,YGL010W,0,-3.405799,0.010490978136658669,0.02500000037252903,0.23579999804496765
YDL061C,YHR171W,0,-3.4058585,0.01048657763749361,0.02500000037252903,0.23589999973773956
YLR134W,YOL165C,0,-3.4059405,0.010482179932296276,0.02500000037252903,0.23600000143051147
YDR387C,YJL208C,0,-3.4059496,0.010477786883711815,0.02500000037252903,0.2361000031232834
YGL189C,YLR414C,0,-3.4059708,0.010473397560417652,0.02500000037252903,0.2362000048160553
YKL009W,YCL043C,0,-3.4061184,0.010469011962413788,0.02500000037252903,0.2363000065088272
YBR145W,YDR056C,0,-3.4061692,0.010464629158377647,0.02500000037252903,0.23639999330043793
YJR046W,YCR086W,1,-3.4062085,0.010878660716116428,0.026000000536441803,0.23639999330043793
YDL133C-A,YPR024W,0,-3.4063234,0.010874111205339432,0.026000000536441803,0.23649999499320984
YDR179C,YBR158W,0,-3.4063334,0.010869565419852734,0.026000000536441803,0.23659999668598175
YNL158W,YDR190C,0,-3.4063878,0.010865023359656334,0.026000000536441803,0.23669999837875366
YHR214W,YGL111W,0,-3.4063919,0.010860484093427658,0.026000000536441803,0.23680000007152557
YBR122C,YLR348C,0,-3.4067218,0.010855949483811855,0.026000000536441803,0.23690000176429749
YDL129W,YPR002W,0,-3.406808,0.010851418599486351,0.026000000536441803,0.2370000034570694
YOR338W,YKL004W,0,-3.4068284,0.01084689237177372,0.026000000536441803,0.2371000051498413
YER014W,YDR288W,0,-3.4068384,0.010842368938028812,0.026000000536441803,0.23720000684261322
YPL019C,YNR021W,0,-3.4070518,0.010837849229574203,0.026000000536441803,0.23729999363422394
YLR283W,YAR027W,0,-3.4072347,0.010833333246409893,0.026000000536441803,0.23739999532699585
YKL041W,YOL158C,0,-3.407887,0.010828820988535881,0.026000000536441803,0.23749999701976776
YKL183W,YIL087C,0,-3.4079013,0.010824313387274742,0.026000000536441803,0.23759999871253967
YHR156C,YOR096W,0,-3.4082828,0.010819808579981327,0.026000000536441803,0.23770000040531158
YOR291W,YPR187W,0,-3.4085393,0.01081530749797821,0.026000000536441803,0.2378000020980835
YGR061C,YJR098C,0,-3.408877,0.010810811072587967,0.026000000536441803,0.2379000037908554
YPR001W,YJR143C,0,-3.4089162,0.010806317441165447,0.026000000536441803,0.23800000548362732
YBR081C,YDR380W,0,-3.4093692,0.0108018284663558,0.026000000536441803,0.23810000717639923
YIL150C,YHL024W,1,-3.4096813,0.011212624609470367,0.027000000700354576,0.23810000717639923
YPL060W,YJR070C,0,-3.4098375,0.01120796985924244,0.027000000700354576,0.23819999396800995
YKR078W,YDR247W,0,-3.4098806,0.011203319765627384,0.027000000700354576,0.23829999566078186
YDL141W,YMR090W,0,-3.4099572,0.011198672465980053,0.027000000700354576,0.23839999735355377
YLR074C,YPL224C,0,-3.4100726,0.011194029822945595,0.027000000700354576,0.23849999904632568
YAL029C,YIL048W,0,-3.4101148,0.011189390905201435,0.027000000700354576,0.2386000007390976
YMR166C,YDL195W,0,-3.410206,0.011184755712747574,0.027000000700354576,0.2387000024318695
YDR054C,YLR158C,0,-3.4103203,0.011180124245584011,0.027000000700354576,0.23880000412464142
YDR284C,YKR069W,0,-3.4103982,0.011175496503710747,0.027000000700354576,0.23890000581741333
YMR159C,YDR233C,0,-3.4106174,0.011170873418450356,0.027000000700354576,0.23899999260902405
YDR032C,YDR240C,0,-3.4107099,0.011166253127157688,0.027000000700354576,0.23909999430179596
YJR145C,YNL041C,0,-3.4107914,0.011161637492477894,0.027000000700354576,0.23919999599456787
YBL098W,YKL021C,0,-3.4109278,0.011157024651765823,0.027000000700354576,0.23929999768733978
YML100W,YDR239C,0,-3.411152,0.011152416467666626,0.027000000700354576,0.2393999993801117
YGL006W,YLR441C,0,-3.4111724,0.011147812008857727,0.027000000700354576,0.2395000010728836
YMR166C,YBR287W,0,-3.4115791,0.011143211275339127,0.027000000700354576,0.23960000276565552
YER087W,YHR021C,0,-3.4115915,0.011138614267110825,0.027000000700354576,0.23970000445842743
YBR159W,YKL016C,0,-3.411708,0.011134020984172821,0.027000000700354576,0.23980000615119934
YIL098C,YIL083C,0,-3.4117408,0.011129431426525116,0.027000000700354576,0.23989999294281006
YER123W,YOL157C,0,-3.411954,0.01112484559416771,0.027000000700354576,0.23999999463558197
YDR227W,YOL032W,0,-3.4120512,0.011120263487100601,0.027000000700354576,0.24009999632835388
YGL116W,YLR448W,0,-3.4121068,0.011115685105323792,0.027000000700354576,0.2401999980211258
YER048W-A,YBR169C,0,-3.412168,0.011111111380159855,0.027000000700354576,0.2402999997138977
YJR042W,YNL077W,0,-3.4129148,0.011106540448963642,0.027000000700354576,0.24040000140666962
YJL052W,YKR077W,0,-3.4129264,0.011101973243057728,0.027000000700354576,0.24050000309944153
YBR271W,YDR529C,0,-3.4129522,0.011097410693764687,0.027000000700354576,0.24060000479221344
YNL027W,YLR426W,0,-3.4131906,0.01109285093843937,0.027000000700354576,0.24070000648498535
YOL165C,YLR293C,0,-3.4131913,0.011088295839726925,0.027000000700354576,0.24079999327659607
YPR160W,YAL063C,0,-3.4132204,0.011083743534982204,0.027000000700354576,0.24089999496936798
YOR253W,YJL225C,0,-3.413293,0.011079195886850357,0.027000000700354576,0.2409999966621399
YCR038C,YGR282C,0,-3.4134054,0.011074651032686234,0.027000000700354576,0.2410999983549118
YDR481C,YBL013W,0,-3.4135513,0.011070110835134983,0.027000000700354576,0.24120000004768372
YPL120W,YJR098C,0,-3.4135535,0.011065573431551456,0.027000000700354576,0.24130000174045563
YJR096W,YER133W,0,-3.413568,0.011061040684580803,0.027000000700354576,0.24140000343322754
YJR057W,YGR180C,1,-3.4135985,0.01146601140499115,0.02800000086426735,0.24140000343322754
YOL010W,YAL023C,0,-3.413601,0.011461318470537663,0.02800000086426735,0.24150000512599945
YNL036W,YPL121C,0,-3.41365,0.011456628330051899,0.02800000086426735,0.24160000681877136
YCL048W,YLR359W,0,-3.414207,0.011451942846179008,0.02800000086426735,0.24169999361038208
YOR059C,YHR157W,0,-3.4142303,0.011447261087596416,0.02800000086426735,0.241799995303154
YLR143W,YPL049C,0,-3.4142885,0.011442583054304123,0.02800000086426735,0.2418999969959259
YLR390W-A,YOR353C,0,-3.4143987,0.011437908746302128,0.02800000086426735,0.24199999868869781
YML120C,YMR210W,0,-3.4149654,0.011433238163590431,0.02800000086426735,0.24210000038146973
YLR050C,YNR002C,0,-3.4149985,0.011428571306169033,0.02800000086426735,0.24220000207424164
YKR002W,YLR249W,0,-3.4154987,0.011423908174037933,0.02800000086426735,0.24230000376701355
YHL017W,YJL029C,0,-3.4156399,0.011419249698519707,0.02800000086426735,0.24240000545978546
YLL045C,YOR065W,0,-3.4156535,0.011414594016969204,0.02800000086426735,0.24250000715255737
YPL090C,YFL036W,0,-3.415781,0.011409942992031574,0.02800000086426735,0.2425999939441681
YCL024W,YDL035C,0,-3.4158156,0.011405295692384243,0.02800000086426735,0.24269999563694
YPL163C,YKL186C,0,-3.415939,0.011400651186704636,0.02800000086426735,0.24279999732971191
YNL238W,YFL021W,0,-3.4159875,0.011396011337637901,0.02800000086426735,0.24289999902248383
YOL140W,YJL164C,0,-3.4159884,0.011391375213861465,0.02800000086426735,0.24300000071525574
YML043C,YNL048W,0,-3.4163785,0.011386742815375328,0.02800000086426735,0.24310000240802765
YDR004W,YBR214W,0,-3.4163797,0.01138211414217949,0.02800000086426735,0.24320000410079956
YPR196W,YJR101W,0,-3.4163826,0.011377489194273949,0.02800000086426735,0.24330000579357147
YMR315W,YLR384C,0,-3.4164324,0.011372867971658707,0.02800000086426735,0.2433999925851822
YLR357W,YOR356W,0,-3.4164462,0.011368250474333763,0.02800000086426735,0.2434999942779541
YLR143W,YMR099C,0,-3.4166522,0.011363636702299118,0.02800000086426735,0.243599995970726
YGR193C,YNL010W,0,-3.4167194,0.011359026655554771,0.02800000086426735,0.24369999766349792
YKL062W,YOR167C,0,-3.4168186,0.011354420334100723,0.02800000086426735,0.24379999935626984
YKL172W,YER143W,0,-3.416823,0.011349817737936974,0.02800000086426735,0.24390000104904175
YPR003C,YFL026W,0,-3.4168787,0.011345218867063522,0.02800000086426735,0.24400000274181366
YJL011C,YOR227W,0,-3.4168806,0.01134062372148037,0.02800000086426735,0.24410000443458557
YDR356W,YJL102W,0,-3.4168808,0.011336032301187515,0.02800000086426735,0.24420000612735748
YHR009C,YOR119C,0,-3.4169195,0.01133144460618496,0.02800000086426735,0.2442999929189682
YJR046W,YJL194W,1,-3.4171262,0.01173139177262783,0.028999999165534973,0.2442999929189682
YKR078W,YGR295C,0,-3.4171557,0.01172664761543274,0.028999999165534973,0.2443999946117401
YDL184C,YJR004C,0,-3.417182,0.011721908114850521,0.028999999165534973,0.24449999630451202
YDR011W,YHR092C,0,-3.4172091,0.011717171408236027,0.028999999165534973,0.24459999799728394
YGR234W,YML097C,0,-3.4173121,0.011712439358234406,0.028999999165534973,0.24469999969005585
YJR015W,YNL127W,0,-3.4173176,0.011707711033523083,0.028999999165534973,0.24480000138282776
YEL024W,YDR361C,0,-3.417413,0.011702986434102058,0.028999999165534973,0.24490000307559967
YDR246W,YGR159C,0,-3.4174407,0.011698265559971333,0.028999999165534973,0.24500000476837158
YCL066W,YLR348C,0,-3.4176836,0.011693548411130905,0.028999999165534973,0.2451000064611435
YPL143W,YGR142W,0,-3.4182,0.011688834987580776,0.028999999165534973,0.2451999932527542
YHR215W,YOR279C,0,-3.4185987,0.011684125289320946,0.028999999165534973,0.24529999494552612
YDR328C,YPR190C,0,-3.4186096,0.011679420247673988,0.028999999165534973,0.24539999663829803
YDL121C,YFL023W,0,-3.4186912,0.011674717999994755,0.028999999165534973,0.24549999833106995
YOR239W,YKR075C,0,-3.4188042,0.011670020408928394,0.028999999165534973,0.24560000002384186
YBR049C,YDR134C,0,-3.4188159,0.011665325611829758,0.028999999165534973,0.24570000171661377
YMR015C,YBR192W,0,-3.4189749,0.011660635471343994,0.028999999165534973,0.24580000340938568
YKL061W,YOR347C,0,-3.4189963,0.011655948124825954,0.028999999165534973,0.2459000051021576
YIL052C,YBR006W,0,-3.4192219,0.011651265434920788,0.028999999165534973,0.2460000067949295
YPR175W,YOR346W,1,-3.419528,0.012048192322254181,0.029999999329447746,0.2460000067949295
YKR105C,YPL019C,0,-3.419842,0.012043355964124203,0.029999999329447746,0.24609999358654022
YHR051W,YNL162W,0,-3.419914,0.012038523331284523,0.029999999329447746,0.24619999527931213
YBR214W,YJL216C,0,-3.4199748,0.012033694423735142,0.029999999329447746,0.24629999697208405
YNL308C,YGR281W,0,-3.4200883,0.012028869241476059,0.029999999329447746,0.24639999866485596
YFR005C,YBR230C,0,-3.4201908,0.012024047784507275,0.029999999329447746,0.24650000035762787
YCR086W,YHL024W,1,-3.420282,0.012419871985912323,0.03099999949336052,0.24650000035762787
YHR214W,YOR283W,0,-3.420351,0.012414897792041302,0.03099999949336052,0.24660000205039978
YMR077C,YGR014W,0,-3.4206305,0.012409928254783154,0.03099999949336052,0.2467000037431717
YDR350C,YBR141C,0,-3.4206948,0.012404962442815304,0.03099999949336052,0.2468000054359436
YDR447C,YIL154C,0,-3.4209602,0.012400000356137753,0.03099999949336052,0.24690000712871552
YGL151W,YDR262W,0,-3.4209714,0.0123950419947505,0.03099999949336052,0.24699999392032623
YDR479C,YMR080C,0,-3.4210594,0.01239008828997612,0.03099999949336052,0.24709999561309814
YER103W,YOL122C,0,-3.4212697,0.012385137379169464,0.03099999949336052,0.24719999730587006
YJL158C,YKR031C,0,-3.4215095,0.012380192056298256,0.03099999949336052,0.24729999899864197
YJR022W,YDR497C,0,-3.4215841,0.012375249527394772,0.03099999949336052,0.24740000069141388
YMR307W,YIL039W,0,-3.4215856,0.01237031165510416,0.03099999949336052,0.2475000023841858
YAL022C,YOL132W,0,-3.4216318,0.012365376576781273,0.03099999949336052,0.2476000040769577
YPL126W,YPL274W,0,-3.421651,0.012360446155071259,0.03099999949336052,0.24770000576972961
YMR315W,YER086W,0,-3.4217625,0.012355520389974117,0.03099999949336052,0.24779999256134033
YKR055W,YER074W,0,-3.4218204,0.0123505974188447,0.03099999949336052,0.24789999425411224
YNR067C,YGR271W,0,-3.4218578,0.012345679104328156,0.03099999949336052,0.24799999594688416
YPR175W,YGR180C,1,-3.4220393,0.012738853693008423,0.03200000151991844,0.24799999594688416
YDR398W,YDL107W,0,-3.4223971,0.01273378450423479,0.03200000151991844,0.24809999763965607
YJL213W,YNL127W,0,-3.4226153,0.012728719040751457,0.03200000151991844,0.24819999933242798
YLL014W,YIL030C,0,-3.4227219,0.012723658233880997,0.03200000151991844,0.2483000010251999
YGL256W,YBR189W,0,-3.422929,0.012718601152300835,0.03200000151991844,0.2484000027179718
YER099C,YDL119C,0,-3.4229355,0.012713547796010971,0.03200000151991844,0.2485000044107437
YKL060C,YHR140W,0,-3.4232507,0.01270849909633398,0.03200000151991844,0.24860000610351562
YDR329C,YLR441C,0,-3.4232883,0.012703454121947289,0.03200000151991844,0.24869999289512634
YKR072C,YLR126C,0,-3.423411,0.012698412872850895,0.03200000151991844,0.24879999458789825
YDR077W,YDR268W,0,-3.4234166,0.0126933753490448,0.03200000151991844,0.24889999628067017
YFL057C,YGL231C,0,-3.4234855,0.012688342481851578,0.03200000151991844,0.24899999797344208
YOL126C,YMR232W,0,-3.4237049,0.012683313339948654,0.03200000151991844,0.249099999666214
YFL026W,YLR019W,0,-3.4239507,0.012678288854658604,0.03200000151991844,0.2492000013589859
YML042W,YHR036W,0,-3.4242573,0.012673267163336277,0.03200000151991844,0.2493000030517578
YPL123C,YER153C,0,-3.4246075,0.012668250128626823,0.03200000151991844,0.24940000474452972
YMR285C,YBR054W,0,-3.4246593,0.012663236819207668,0.03200000151991844,0.24950000643730164
YGL256W,YKL179C,0,-3.424675,0.012658228166401386,0.03200000151991844,0.24959999322891235
YNL194C,YKR083C,0,-3.4248362,0.012653222307562828,0.03200000151991844,0.24969999492168427
YBR260C,YEL058W,0,-3.4248915,0.012648221105337143,0.03200000151991844,0.24979999661445618
YDR380W,YER140W,0,-3.425303,0.012643223628401756,0.03200000151991844,0.2498999983072281
YNR028W,YIR017C,0,-3.425501,0.012638230808079243,0.03200000151991844,0.25
YKL109W,YDL220C,0,-3.4257016,0.012633240781724453,0.03200000151991844,0.2500999867916107
YNL308C,YKL197C,0,-3.4257805,0.012628255411982536,0.03200000151991844,0.2502000033855438
YLR460C,YPR110C,0,-3.4258099,0.012623273767530918,0.03200000151991844,0.25029999017715454
YKR096W,YPR006C,0,-3.4260938,0.012618296779692173,0.03200000151991844,0.25040000677108765
YFR006W,YBL078C,0,-3.4264874,0.012613322585821152,0.03200000151991844,0.25049999356269836
YGL037C,YAR009C,0,-3.4267201,0.012608353048563004,0.03200000151991844,0.25060001015663147
YER040W,YDL082W,0,-3.4270792,0.012603387236595154,0.03200000151991844,0.2506999969482422
YOR131C,YMR318C,0,-3.427103,0.012598425149917603,0.03200000151991844,0.2508000135421753
YMR314W,YOR389W,0,-3.427262,0.01259346678853035,0.03200000151991844,0.250900000333786
YJL208C,YGL147C,0,-3.4273942,0.01258851308375597,0.03200000151991844,0.25099998712539673
YJR123W,YPL174C,0,-3.4274075,0.012583563104271889,0.03200000151991844,0.25110000371932983
YBR049C,YOL157C,0,-3.4275177,0.012578615918755531,0.03200000151991844,0.25119999051094055
YMR032W,YIL075C,0,-3.4276085,0.012573674321174622,0.03200000151991844,0.25130000710487366
YCL001W,YNL066W,0,-3.4281096,0.012568735517561436,0.03200000151991844,0.2513999938964844
YNL122C,YPL146C,0,-3.428164,0.012563800439238548,0.03200000151991844,0.2515000104904175
YDL206W,YFR032C-A,0,-3.4281864,0.012558870017528534,0.03200000151991844,0.2515999972820282
YJR033C,YLR050C,0,-3.4282684,0.012553942389786243,0.03200000151991844,0.2517000138759613
YPR031W,YAL003W,0,-3.4286823,0.012549019418656826,0.03200000151991844,0.251800000667572
YNL233W,YOR269W,0,-3.4289384,0.012544100172817707,0.03200000151991844,0.25189998745918274
YPR196W,YNL156C,0,-3.428998,0.012539184652268887,0.03200000151991844,0.25200000405311584
YNL281W,YOL104C,0,-3.4290123,0.01253427378833294,0.03200000151991844,0.25209999084472656
YER113C,YCR046C,0,-3.4290261,0.012529365718364716,0.03200000151991844,0.25220000743865967
YPL163C,YDL080C,0,-3.4290843,0.012524462305009365,0.03200000151991844,0.2522999942302704
YPR080W,YER174C,0,-3.429234,0.012519561685621738,0.03200000151991844,0.2524000108242035
YOL151W,YMR274C,0,-3.4295487,0.012514665722846985,0.03200000151991844,0.2524999976158142
YGL035C,YPL018W,0,-3.429549,0.01250977348536253,0.03200000151991844,0.2526000142097473
YDL008W,YIL171W,0,-3.4296894,0.012504884973168373,0.03200000151991844,0.25270000100135803
YOR254C,YHR171W,0,-3.4297428,0.012500000186264515,0.03200000151991844,0.25279998779296875
YPL276W,YDR083W,0,-3.4299932,0.012495119124650955,0.03200000151991844,0.25290000438690186
YGR088W,YMR130W,0,-3.4300141,0.012490241788327694,0.03200000151991844,0.2529999911785126
YFR038W,YHR215W,0,-3.4300618,0.012485369108617306,0.03200000151991844,0.2531000077724457
YBR084W,YJR015W,0,-3.4301438,0.012480499222874641,0.03200000151991844,0.2531999945640564
YMR075W,YMR090W,0,-3.4302993,0.01247563399374485,0.03200000151991844,0.2533000111579895
YOR250C,YHR138C,0,-3.4303412,0.012470771558582783,0.03200000151991844,0.2533999979496002
YNR011C,YLR009W,0,-3.4303703,0.012465913780033588,0.03200000151991844,0.2535000145435333
YOR285W,YDR173C,0,-3.4304833,0.012461058795452118,0.03200000151991844,0.25360000133514404
YOL102C,YGR071C,0,-3.4306026,0.01245620846748352,0.03200000151991844,0.25369998812675476
YMR074C,YLR221C,0,-3.4309187,0.012451361864805222,0.03200000151991844,0.25380000472068787
YGR286C,YGR052W,0,-3.4309344,0.012446518987417221,0.03200000151991844,0.2538999915122986
YMR166C,YMR168C,0,-3.430941,0.012441679835319519,0.03200000151991844,0.2540000081062317
YHR129C,YML094W,0,-3.4314232,0.012436844408512115,0.03200000151991844,0.2540999948978424
YDL059C,YDR122W,0,-3.4315658,0.01243201270699501,0.03200000151991844,0.2542000114917755
YDR531W,YHR171W,0,-3.4317284,0.012427184730768204,0.03200000151991844,0.25429999828338623
YMR109W,YPR174C,0,-3.4323213,0.012422360479831696,0.03200000151991844,0.25440001487731934
YBR031W,YNL123W,0,-3.432389,0.012417539954185486,0.03200000151991844,0.25450000166893005
YCR045C,YOR063W,0,-3.432824,0.012412723153829575,0.03200000151991844,0.25459998846054077
YLL012W,YFR006W,0,-3.4329362,0.012407910078763962,0.03200000151991844,0.2547000050544739
YOR045W,YDR134C,0,-3.4329464,0.012403100728988647,0.03200000151991844,0.2547999918460846
YIL111W,YDR292C,0,-3.4332638,0.012398295104503632,0.03200000151991844,0.2549000084400177
YDL038C,YDL179W,0,-3.433309,0.012393493205308914,0.03200000151991844,0.2549999952316284
YNL213C,YJL165C,0,-3.4333706,0.012388695031404495,0.03200000151991844,0.2551000118255615
YHL032C,YDR381W,0,-3.4333742,0.012383900582790375,0.03200000151991844,0.25519999861717224
YEL043W,YGL068W,0,-3.4333866,0.012379109859466553,0.03200000151991844,0.25529998540878296
YNL049C,YLR001C,0,-3.4335408,0.01237432286143303,0.03200000151991844,0.25540000200271606
YMR250W,YIL120W,0,-3.4338393,0.012369539588689804,0.03200000151991844,0.2554999887943268
YPR154W,YLR086W,0,-3.433865,0.012364760041236877,0.03200000151991844,0.2556000053882599
YNL273W,YDL061C,0,-3.434042,0.01235998421907425,0.03200000151991844,0.2556999921798706
YPR204W,YJR112W,0,-3.434105,0.01235521212220192,0.03200000151991844,0.2558000087738037
YNL206C,YER045C,0,-3.4343348,0.012350443750619888,0.03200000151991844,0.25589999556541443
YLR045C,YMR165C,0,-3.43437,0.012345679104328156,0.03200000151991844,0.25600001215934753
YDL130W-A,YPL163C,0,-3.434475,0.012340918183326721,0.03200000151991844,0.25609999895095825
YNL308C,YLR150W,0,-3.4345858,0.01233616005629301,0.03200000151991844,0.25619998574256897
YFR003C,YLR060W,0,-3.4346159,0.012331406585872173,0.03200000151991844,0.2563000023365021
YCL052C,YOR251C,0,-3.4347615,0.012326656840741634,0.03200000151991844,0.2563999891281128
YBR042C,YIL083C,0,-3.4348216,0.01232190988957882,0.03200000151991844,0.2565000057220459
YPR034W,YBL028C,0,-3.4351044,0.012317166663706303,0.03200000151991844,0.2565999925136566
YBL017C,YOL120C,0,-3.4353929,0.012312428094446659,0.03200000151991844,0.2567000091075897
YDL018C,YDR545W,0,-3.435396,0.01230769231915474,0.03200000151991844,0.25679999589920044
YPL075W,YGR034W,0,-3.435408,0.012302960269153118,0.03200000151991844,0.25690001249313354
YIL047C,YNL339C,0,-3.4354982,0.012298231944441795,0.03200000151991844,0.25699999928474426
YKL077W,YGL135W,0,-3.4355102,0.012293507345020771,0.03200000151991844,0.257099986076355
YPR073C,YDR415C,0,-3.4356413,0.012288786470890045,0.03200000151991844,0.2572000026702881
YOR356W,YMR275C,0,-3.435661,0.012284069322049618,0.03200000151991844,0.2572999894618988
YOR332W,YJL157C,0,-3.4359193,0.012279354967176914,0.03200000151991844,0.2574000060558319
YBR257W,YPR154W,0,-3.4359765,0.012274645268917084,0.03200000151991844,0.2574999928474426
YML006C,YDR415C,0,-3.4360232,0.012269938364624977,0.03200000151991844,0.25760000944137573
YMR002W,YEL069C,0,-3.436048,0.012265236116945744,0.03200000151991844,0.25769999623298645
YNR033W,YBR240C,0,-3.436165,0.012260536663234234,0.03200000151991844,0.25780001282691956
YBR036C,YMR240C,0,-3.4364555,0.012255840934813023,0.03200000151991844,0.2578999996185303
YBL047C,YJL106W,0,-3.436489,0.01225114893168211,0.03200000151991844,0.257999986410141
YIL076W,YMR036C,0,-3.4367132,0.012246459722518921,0.03200000151991844,0.2581000030040741
YPL033C,YLR074C,0,-3.4371085,0.012241775169968605,0.03200000151991844,0.2581999897956848
YLL006W,YPL183W-A,0,-3.437331,0.012237093411386013,0.03200000151991844,0.2583000063896179
YNL233W,YIR025W,0,-3.4373925,0.012232416309416294,0.03200000151991844,0.25839999318122864
YMR226C,YNL251C,0,-3.4375591,0.012227742001414299,0.03200000151991844,0.25850000977516174
YOR317W,YPL174C,0,-3.4377694,0.012223071418702602,0.03200000151991844,0.25859999656677246
YIL087C,YJL058C,0,-3.4378812,0.01221840362995863,0.03200000151991844,0.25870001316070557
YOR014W,YPR091C,0,-3.4380078,0.01221374049782753,0.03200000151991844,0.2587999999523163
YOL005C,YDR399W,0,-3.438077,0.012209080159664154,0.03200000151991844,0.258899986743927
YMR302C,YGR054W,0,-3.4381979,0.012204424478113651,0.03200000151991844,0.2590000033378601
YOR288C,YPR133C,0,-3.4382703,0.012199771590530872,0.03200000151991844,0.2590999901294708
YOL132W,YDR517W,0,-3.4384727,0.012195121496915817,0.03200000151991844,0.25920000672340393
YDR172W,YDR453C,0,-3.438573,0.012190476059913635,0.03200000151991844,0.25929999351501465
YKR099W,YDL192W,0,-3.4387774,0.012185834348201752,0.03200000151991844,0.25940001010894775
YIL160C,YNL286W,0,-3.4388204,0.012181195430457592,0.03200000151991844,0.25949999690055847
YPR010C,YGL256W,0,-3.439001,0.01217656023800373,0.03200000151991844,0.2596000134944916
YEL070W,YOR246C,0,-3.4390028,0.012171928770840168,0.03200000151991844,0.2597000002861023
YLR283W,YMR026C,0,-3.4391623,0.012167300097644329,0.03200000151991844,0.259799987077713
YDL109C,YPL111W,0,-3.4391937,0.012162676081061363,0.03200000151991844,0.2599000036716461
YBR080C,YKL191W,0,-3.4393137,0.012158054858446121,0.03200000151991844,0.25999999046325684
YLR221C,YML030W,0,-3.439326,0.012153437361121178,0.03200000151991844,0.26010000705718994
YOL019W,YIL034C,0,-3.4394283,0.012148822657763958,0.03200000151991844,0.26019999384880066
YML125C,YGL009C,0,-3.4394374,0.012144212611019611,0.03200000151991844,0.26030001044273376
YDR217C,YGR159C,0,-3.439441,0.012139605358242989,0.03200000151991844,0.2603999972343445
YEL005C,YIL038C,0,-3.4395075,0.012135001830756664,0.03200000151991844,0.2605000138282776
YGL078C,YLR213C,0,-3.4401255,0.012130402028560638,0.03200000151991844,0.2606000006198883
YML013W,YPL141C,0,-3.4402246,0.012125805020332336,0.03200000151991844,0.260699987411499
YMR221C,YGR282C,0,-3.4402833,0.012121211737394333,0.03200000151991844,0.26080000400543213
YKL212W,YIL115C,0,-3.4406638,0.012116622179746628,0.03200000151991844,0.26089999079704285
YMR184W,YLR293C,0,-3.4407215,0.012112036347389221,0.03200000151991844,0.26100000739097595
YOR340C,YLR315W,0,-3.4407496,0.012107453308999538,0.03200000151991844,0.26109999418258667
YNL189W,YBR001C,0,-3.4408345,0.012102873995900154,0.03200000151991844,0.2612000107765198
YBL061C,YDR014W,0,-3.44091,0.012098298408091068,0.03200000151991844,0.2612999975681305
YGL157W,YGR216C,0,-3.440929,0.012093726545572281,0.03200000151991844,0.2614000141620636
YPR034W,YKL180W,0,-3.440971,0.012089157477021217,0.03200000151991844,0.2615000009536743
YPL038W,YDR406W,0,-3.4412236,0.012084592133760452,0.03200000151991844,0.26159998774528503
YBR031W,YPR001W,0,-3.4412837,0.012080030515789986,0.03200000151991844,0.26170000433921814
YOR224C,YBR128C,0,-3.4414334,0.012075471691787243,0.03200000151991844,0.26179999113082886
YDR028C,YOL002C,0,-3.4415004,0.012070916593074799,0.03200000151991844,0.26190000772476196
YIL123W,YMR159C,0,-3.4415214,0.012066365219652653,0.03200000151991844,0.2619999945163727
YGR007W,YKL014C,0,-3.4418883,0.01206181664019823,0.03200000151991844,0.2621000111103058
YKL143W,YBR128C,0,-3.442013,0.012057271786034107,0.03200000151991844,0.2621999979019165
YLL062C,YDL117W,0,-3.4420366,0.012052730657160282,0.03200000151991844,0.2623000144958496
YPL231W,YDL109C,0,-3.4420571,0.012048192322254181,0.03200000151991844,0.2624000012874603
YPR156C,YGR034W,0,-3.4421415,0.012043658643960953,0.03200000151991844,0.26249998807907104
YMR001C,YJR057W,1,-3.442234,0.01241534948348999,0.032999999821186066,0.26249998807907104
YLR067C,YPR198W,0,-3.4422517,0.012410680763423443,0.032999999821186066,0.26260000467300415
YIL039W,YIR017C,0,-3.4422855,0.01240601483732462,0.032999999821186066,0.26269999146461487
YGR161C,YPL252C,0,-3.4422994,0.012401352636516094,0.032999999821186066,0.262800008058548
YGL028C,YKR077W,0,-3.442332,0.012396694160997868,0.032999999821186066,0.2628999948501587
YBR016W,YOR275C,0,-3.4424691,0.01239203941076994,0.032999999821186066,0.2630000114440918
YBR036C,YGL050W,0,-3.442479,0.012387387454509735,0.032999999821186066,0.2630999982357025
YBR080C,YDR229W,0,-3.4426348,0.01238273922353983,0.032999999821186066,0.2632000148296356
YDR520C,YDL227C,0,-3.442785,0.012378094717860222,0.032999999821186066,0.26330000162124634
YBL098W,YJR150C,0,-3.4427881,0.012373453006148338,0.032999999821186066,0.26339998841285706
YJL078C,YNL112W,0,-3.4431195,0.012368815951049328,0.032999999821186066,0.26350000500679016
YML018C,YOR247W,0,-3.4431336,0.012364181689918041,0.032999999821186066,0.2635999917984009
YER002W,YHR082C,0,-3.4431458,0.012359550222754478,0.032999999821186066,0.263700008392334
YPR091C,YLR067C,0,-3.4434485,0.012354923412203789,0.032999999821186066,0.2637999951839447
YJL060W,YCL032W,0,-3.4435048,0.012350299395620823,0.032999999821186066,0.2639000117778778
YCL027W,YDL003W,0,-3.4436767,0.012345679104328156,0.032999999821186066,0.2639999985694885
YDR069C,YAR007C,1,-3.4437065,0.012715033255517483,0.03400000184774399,0.2639999985694885
YOR338W,YOR020C,0,-3.4437473,0.01271028071641922,0.03400000184774399,0.26409998536109924
YJL112W,YOL092W,0,-3.4440122,0.012705530971288681,0.03400000184774399,0.26420000195503235
YMR077C,YDR412W,0,-3.4442039,0.012700784020125866,0.03400000184774399,0.26429998874664307
YDL120W,YML133C,0,-3.4445586,0.012696041725575924,0.03400000184774399,0.26440000534057617
YDL180W,YBL041W,0,-3.4445982,0.01269130315631628,0.03400000184774399,0.2644999921321869
YNL052W,YGL073W,0,-3.4447913,0.01268656738102436,0.03400000184774399,0.26460000872612
YGR165W,YOR247W,0,-3.444938,0.01268183533102274,0.03400000184774399,0.2646999955177307
YPL112C,YLR333C,0,-3.4450154,0.012677107006311417,0.03400000184774399,0.2648000121116638
YCR077C,YDL114W,0,-3.4450552,0.012672381475567818,0.03400000184774399,0.26489999890327454
YKR096W,YKR095W,0,-3.4451053,0.012667660601437092,0.03400000184774399,0.26499998569488525
YHR122W,YIL101C,0,-3.445118,0.01266294252127409,0.03400000184774399,0.26510000228881836
YER014W,YKL197C,0,-3.4451752,0.012658228166401386,0.03400000184774399,0.2651999890804291
YKL140W,YNL024C,0,-3.4451942,0.012653516605496407,0.03400000184774399,0.2653000056743622
YKL026C,YGL212W,0,-3.445206,0.0126488097012043,0.03400000184774399,0.2653999924659729
YMR226C,YJR059W,0,-3.4452772,0.012644105590879917,0.03400000184774399,0.265500009059906
YNL158W,YEL065W,0,-3.4457462,0.012639405205845833,0.03400000184774399,0.2655999958515167
YKL088W,YHR092C,0,-3.4458165,0.012634708546102047,0.03400000184774399,0.26570001244544983
YPL043W,YEL056W,0,-3.4459789,0.012630014680325985,0.03400000184774399,0.26579999923706055
YIL128W,YAR044W,0,-3.4460652,0.012625324539840221,0.03400000184774399,0.26589998602867126
YMR169C,YGL129C,0,-3.4460917,0.012620638124644756,0.03400000184774399,0.26600000262260437
YGL094C,YPL240C,0,-3.4466665,0.01261595543473959,0.03400000184774399,0.2660999894142151
YOR034C,YGR159C,0,-3.4469018,0.012611275538802147,0.03400000184774399,0.2662000060081482
YMR130W,YBL060W,0,-3.4470127,0.012606600299477577,0.03400000184774399,0.2662999927997589
YDL129W,YGL227W,0,-3.4470582,0.012601926922798157,0.03400000184774399,0.266400009393692
YIL109C,YGR174C,0,-3.4471633,0.01259725820273161,0.03400000184774399,0.26649999618530273
YCL001W,YOL125W,0,-3.4471643,0.012592592276632786,0.03400000184774399,0.26660001277923584
YPL068C,YMR292W,0,-3.4472966,0.01258793007582426,0.03400000184774399,0.26669999957084656
YKL041W,YIL051C,0,-3.4473984,0.012583271600306034,0.03400000184774399,0.2667999863624573
YGR214W,YLL022C,0,-3.447782,0.012578615918755531,0.03400000184774399,0.2669000029563904
YGL021W,YMR182C,0,-3.4478474,0.012573964893817902,0.03400000184774399,0.2669999897480011
YMR009W,YOR348C,0,-3.447877,0.012569315731525421,0.03400000184774399,0.2671000063419342
YDL133C-A,YLR260W,0,-3.4479132,0.012564671225845814,0.03400000184774399,0.2671999931335449
YPR001W,YLR467W,0,-3.4479537,0.01256002951413393,0.03400000184774399,0.267300009727478
YGR014W,YKL210W,0,-3.448028,0.012555391527712345,0.03400000184774399,0.26739999651908875
YPL223C,YEL029C,0,-3.448214,0.012550756335258484,0.03400000184774399,0.26750001311302185
YIL133C,YJL012C-A,0,-3.4483023,0.012546125799417496,0.03400000184774399,0.26759999990463257
YIL096C,YDR078C,0,-3.448402,0.012541498057544231,0.03400000184774399,0.2676999866962433
YKR096W,YOR032C,0,-3.448584,0.012536873109638691,0.03400000184774399,0.2678000032901764
YOR045W,YMR192W,0,-3.4487867,0.012532251887023449,0.03400000184774399,0.2678999900817871
YDR449C,YDL136W,0,-3.448791,0.012527634389698505,0.03400000184774399,0.2680000066757202
YNL164C,YBL029C-A,0,-3.4489527,0.01252302061766386,0.03400000184774399,0.26809999346733093
YDR533C,YFR053C,0,-3.4489603,0.012518409639596939,0.03400000184774399,0.26820001006126404
YKL074C,YEL043W,0,-3.4490526,0.012513802386820316,0.03400000184774399,0.26829999685287476
YNL024C,YDR495C,0,-3.449144,0.012509197928011417,0.03400000184774399,0.26840001344680786
YDR168W,YCL068C,0,-3.4491594,0.012504597194492817,0.03400000184774399,0.2685000002384186
YIL047C,YDR126W,0,-3.4491992,0.012500000186264515,0.03400000184774399,0.2685999870300293
YOR346W,YAR007C,1,-3.4493957,0.012862917967140675,0.03500000014901161,0.2685999870300293
YHR105W,YKL195W,0,-3.4495165,0.012858192436397076,0.03500000014901161,0.2687000036239624
YBL075C,YDL091C,0,-3.449605,0.012853470630943775,0.03500000014901161,0.2687999904155731
YNL044W,YIL075C,0,-3.4497313,0.012848751619458199,0.03500000014901161,0.2689000070095062
YOR113W,YDL124W,0,-3.4498382,0.01284403633326292,0.03500000014901161,0.26899999380111694
YDL144C,YLR353W,0,-3.4498749,0.01283932477235794,0.03500000014901161,0.26910001039505005
YKR078W,YBL038W,0,-3.4499354,0.01283461693674326,0.03500000014901161,0.26919999718666077
YLR067C,YHR101C,0,-3.4499807,0.012829911895096302,0.03500000014901161,0.26930001378059387
YIL108W,YGL115W,0,-3.4500995,0.012825210578739643,0.03500000014901161,0.2694000005722046
YPR035W,YOL101C,0,-3.4502044,0.012820512987673283,0.03500000014901161,0.2694999873638153
YPL183W-A,YJR025C,0,-3.4502127,0.012815818190574646,0.03500000014901161,0.2696000039577484
YHR204W,YOL092W,0,-3.4505033,0.012811127118766308,0.03500000014901161,0.26969999074935913
YHR215W,YDL077C,0,-3.4506528,0.012806439772248268,0.03500000014901161,0.26980000734329224
YDR453C,YNL092W,0,-3.4508028,0.012801755219697952,0.03500000014901161,0.26989999413490295
YKR054C,YHR009C,0,-3.450964,0.01279707532376051,0.03500000014901161,0.27000001072883606
YEL043W,YML051W,0,-3.450985,0.012792397290468216,0.03500000014901161,0.2700999975204468
YOL069W,YLL024C,0,-3.451241,0.012787723913788795,0.03500000014901161,0.2702000141143799
YNL091W,YGL185C,0,-3.4514704,0.012783053331077099,0.03500000014901161,0.2703000009059906
YLR096W,YNL213C,0,-3.451499,0.0127783864736557,0.03500000014901161,0.2703999876976013
YIL113W,YNL281W,0,-3.4516258,0.012773722410202026,0.03500000014901161,0.2705000042915344
YMR105C,YLR237W,0,-3.4516745,0.01276906207203865,0.03500000014901161,0.27059999108314514
YPR091C,YKR096W,0,-3.451734,0.012764405459165573,0.03500000014901161,0.27070000767707825
YNL233W,YKL064W,0,-3.4518313,0.01275975164026022,0.03500000014901161,0.27079999446868896
YDL180W,YOR215C,0,-3.4520156,0.012755102477967739,0.03500000014901161,0.27090001106262207
YOR299W,YML043C,0,-3.4520416,0.012750455178320408,0.03500000014901161,0.2709999978542328
YPR035W,YDL246C,0,-3.452095,0.01274581253528595,0.03500000014901161,0.2711000144481659
YNL095C,YMR109W,0,-3.4522145,0.01274117175489664,0.03500000014901161,0.2712000012397766
YGR086C,YOR340C,0,-3.4522328,0.012736535631120205,0.03500000014901161,0.27129998803138733
YLR394W,YKR059W,0,-3.4522827,0.012731902301311493,0.03500000014901161,0.27140000462532043
YOR288C,YJR025C,0,-3.4522834,0.01272727269679308,0.03500000014901161,0.27149999141693115
YIL111W,YNL007C,0,-3.4524317,0.01272264588624239,0.03500000014901161,0.27160000801086426
YDR167W,YJR054W,0,-3.4524322,0.012718022800981998,0.03500000014901161,0.271699994802475
YOR299W,YDL227C,0,-3.4525552,0.012713403441011906,0.03500000014901161,0.2718000113964081
YBR037C,YIL128W,0,-3.4526007,0.012708786875009537,0.03500000014901161,0.2718999981880188
YDR465C,YDL179W,0,-3.4526284,0.012704174034297466,0.03500000014901161,0.2720000147819519
YPL160W,YBR168W,0,-3.4527287,0.012699564918875694,0.03500000014901161,0.2721000015735626
YJL216C,YCR053W,0,-3.4527893,0.012694958597421646,0.03500000014901161,0.27219998836517334
YOR150W,YDR026C,0,-3.4528193,0.012690355069935322,0.03500000014901161,0.27230000495910645
YBR034C,YCR038C,0,-3.4528759,0.012685755267739296,0.03500000014901161,0.27239999175071716
YNR021W,YGR095C,0,-3.453105,0.012681159190833569,0.03500000014901161,0.27250000834465027
YCR092C,YGR012W,0,-3.4531403,0.01267656683921814,0.03500000014901161,0.272599995136261
YJL025W,YLR224W,0,-3.4532216,0.012671977281570435,0.03500000014901161,0.2727000117301941
YER028C,YGL226C-A,0,-3.453298,0.012667390517890453,0.03500000014901161,0.2727999985218048
YDL105W,YDR429C,0,-3.453322,0.01266280747950077,0.03500000014901161,0.2728999853134155
YLR283W,YHR074W,0,-3.4533427,0.012658228166401386,0.03500000014901161,0.27300000190734863
YJL148W,YDR224C,0,-3.4533467,0.012653651647269726,0.03500000014901161,0.27309998869895935
YPL231W,YGL227W,0,-3.4533806,0.012649078853428364,0.03500000014901161,0.27320000529289246
YBL017C,YOL007C,0,-3.4534934,0.012644508853554726,0.03500000014901161,0.2732999920845032
YKL051W,YPL176C,0,-3.4535704,0.012639942578971386,0.03500000014901161,0.2734000086784363
YCL052C,YAL025C,0,-3.4537077,0.01263537909835577,0.03500000014901161,0.273499995470047
YHR103W,YMR180C,0,-3.4537392,0.012630819343030453,0.03500000014901161,0.2736000120639801
YDL120W,YKL082C,0,-3.4540858,0.01262626238167286,0.03500000014901161,0.2736999988555908
YNL078W,YGL112C,0,-3.4541397,0.012621709145605564,0.03500000014901161,0.27379998564720154
YGR155W,YAR035W,0,-3.4542403,0.012617159634828568,0.03500000014901161,0.27390000224113464
YDL138W,YLR194C,0,-3.454245,0.012612612918019295,0.03500000014901161,0.27399998903274536
YDL129W,YDR064W,0,-3.4542856,0.012608068995177746,0.03500000014901161,0.27410000562667847
YGR189C,YLR384C,0,-3.454393,0.012603528797626495,0.03500000014901161,0.2741999924182892
YBR084W,YIL048W,0,-3.4544268,0.012598992325365543,0.03500000014901161,0.2743000090122223
YNL122C,YOR037W,0,-3.454689,0.012594458647072315,0.03500000014901161,0.274399995803833
YPL231W,YBR264C,0,-3.454892,0.012589927762746811,0.03500000014901161,0.2745000123977661
YDR444W,YOL042W,0,-3.4549398,0.012585400603711605,0.03500000014901161,0.27459999918937683
YIL144W,YJR010W,0,-3.4551616,0.012580877169966698,0.03500000014901161,0.27469998598098755
YGL058W,YML037C,0,-3.455217,0.012576356530189514,0.03500000014901161,0.27480000257492065
YNL181W,YIL172C,0,-3.45531,0.012571838684380054,0.03500000014901161,0.27489998936653137
YPL188W,YER061C,0,-3.4553175,0.012567324563860893,0.03500000014901161,0.2750000059604645
YCR040W,YJL048C,0,-3.4553738,0.01256281416863203,0.03500000014901161,0.2750999927520752
YOL157C,YGR158C,0,-3.4554296,0.012558306567370892,0.03500000014901161,0.2752000093460083
YHR079C,YDL130W,0,-3.4555054,0.012553801760077477,0.03500000014901161,0.275299996137619
YAL021C,YCL068C,0,-3.4555364,0.01254930067807436,0.03500000014901161,0.2754000127315521
YJL178C,YIR017C,0,-3.4556184,0.012544803321361542,0.03500000014901161,0.27549999952316284
YNL052W,YCL069W,0,-3.455627,0.012540307827293873,0.03500000014901161,0.27559998631477356
YMR319C,YPR149W,0,-3.455657,0.012535816989839077,0.03500000014901161,0.27570000290870667
YEL061C,YOR099W,0,-3.4556947,0.01253132801502943,0.03500000014901161,0.2757999897003174
YMR136W,YBR180W,0,-3.4557862,0.012526843696832657,0.03500000014901161,0.2759000062942505
YJL179W,YKL029C,0,-3.455832,0.012522361241281033,0.03500000014901161,0.2759999930858612
YOR239W,YGR159C,0,-3.4559216,0.012517882511019707,0.03500000014901161,0.2761000096797943
YMR239C,YPR007C,0,-3.4559503,0.01251340750604868,0.03500000014901161,0.27619999647140503
YLR283W,YLR404W,0,-3.4559555,0.012508935295045376,0.03500000014901161,0.27630001306533813
YPL146C,YGL253W,0,-3.455984,0.012504465878009796,0.03500000014901161,0.27639999985694885
YBR029C,YKR075C,0,-3.4561453,0.012500000186264515,0.03500000014901161,0.27649998664855957
YLR401C,YDR031W,0,-3.4561663,0.012495537288486958,0.03500000014901161,0.2766000032424927
YDR234W,YFR010W,0,-3.4564867,0.012491078115999699,0.03500000014901161,0.2766999900341034
YML125C,YNL173C,0,-3.456496,0.012486621737480164,0.03500000014901161,0.2768000066280365
YHR105W,YCR039C,0,-3.4565644,0.012482168152928352,0.03500000014901161,0.2768999934196472
YMR226C,YNL077W,0,-3.4566603,0.01247771829366684,0.03500000014901161,0.2770000100135803
YPL175W,YGR142W,0,-3.45681,0.01247327122837305,0.03500000014901161,0.27709999680519104
YHL032C,YER072W,0,-3.4568853,0.01246882788836956,0.03500000014901161,0.27720001339912415
YDR080W,YEL016C,0,-3.456905,0.012464387342333794,0.03500000014901161,0.27730000019073486
YCL068C,YNR021W,0,-3.4569612,0.012459950521588326,0.03500000014901161,0.2773999869823456
YJL148W,YPR189W,0,-3.456966,0.012455515563488007,0.03500000014901161,0.2775000035762787
YKL061W,YKL078W,0,-3.4570894,0.01245108526200056,0.03500000014901161,0.2775999903678894
YKL082C,YDL198C,0,-3.4573328,0.012446656823158264,0.03500000014901161,0.2777000069618225
YCL018W,YPR184W,0,-3.4573693,0.012442232109606266,0.03500000014901161,0.2777999937534332
YMR169C,YJL060W,0,-3.45744,0.012437811121344566,0.03500000014901161,0.27790001034736633
YML124C,YFR019W,0,-3.457488,0.01243339292705059,0.03500000014901161,0.27799999713897705
YDR131C,YOR298W,0,-3.4575603,0.012428977526724339,0.03500000014901161,0.27810001373291016
YPL110C,YLR301W,0,-3.4577458,0.01242456492036581,0.03500000014901161,0.2782000005245209
YLR120C,YBR118W,0,-3.4582708,0.01242015603929758,0.03500000014901161,0.2782999873161316
YMR300C,YGR235C,0,-3.4584565,0.012415749952197075,0.03500000014901161,0.2784000039100647
YPR010C,YMR101C,0,-3.4586015,0.012411347590386868,0.03500000014901161,0.2784999907016754
YMR226C,YIL002C,0,-3.458612,0.012406948022544384,0.03500000014901161,0.2786000072956085
YLR121C,YDR204W,0,-3.4586394,0.012402551248669624,0.03500000014901161,0.27869999408721924
YHR215W,YCL032W,0,-3.4586408,0.012398158200085163,0.03500000014901161,0.27880001068115234
YOL126C,YPL168W,0,-3.4587479,0.012393767945468426,0.03500000014901161,0.27889999747276306
YKL026C,YDL077C,0,-3.4588714,0.012389380484819412,0.03500000014901161,0.27900001406669617
YDR003W,YER130C,0,-3.4590898,0.012384996749460697,0.03500000014901161,0.2791000008583069
YEL061C,YDR347W,0,-3.459127,0.012380615808069706,0.03500000014901161,0.2791999876499176
YBL013W,YER072W,0,-3.4593964,0.012376237660646439,0.03500000014901161,0.2793000042438507
YMR229C,YKL077W,0,-3.4598913,0.01237186323851347,0.03500000014901161,0.2793999910354614
YGR001C,YBR156C,0,-3.460153,0.012367491610348225,0.03500000014901161,0.27950000762939453
YER149C,YKR077W,0,-3.4603724,0.012363122776150703,0.03500000014901161,0.27959999442100525
YBR024W,YCL068C,0,-3.4604332,0.012358756735920906,0.03500000014901161,0.27970001101493835
YDR131C,YLR204W,0,-3.4604716,0.012354394420981407,0.03500000014901161,0.2797999978065491
YJL164C,YGL171W,0,-3.4605732,0.012350034900009632,0.03500000014901161,0.2799000144004822
YHR066W,YDL175C,0,-3.4607258,0.012345679104328156,0.03500000014901161,0.2800000011920929
YMR168C,YDL070W,0,-3.4607794,0.012341326102614403,0.03500000014901161,0.2800999879837036
YMR001C,YDR279W,1,-3.4608934,0.012689461000263691,0.035999998450279236,0.2800999879837036
YGL085W,YOR002W,0,-3.4610634,0.012684989720582962,0.035999998450279236,0.2802000045776367
YOL139C,YPR192W,0,-3.4610858,0.012680521234869957,0.035999998450279236,0.28029999136924744
YKL096W-A,YOR381W,0,-3.4615257,0.01267605647444725,0.035999998450279236,0.28040000796318054
YML018C,YDL084W,0,-3.4619079,0.012671594507992268,0.035999998450279236,0.28049999475479126
YFR006W,YLR015W,0,-3.4619975,0.012667136266827583,0.035999998450279236,0.28060001134872437
YGR258C,YGR205W,0,-3.4620752,0.012662679888308048,0.035999998450279236,0.2806999981403351
YGL168W,YHL024W,1,-3.4621477,0.013009845279157162,0.03700000047683716,0.2806999981403351
YER130C,YOL059W,0,-3.4622257,0.0130052724853158,0.03700000047683716,0.2808000147342682
YGR264C,YDL087C,0,-3.4624085,0.013000702485442162,0.03700000047683716,0.2809000015258789
YOL071W,YGR075C,0,-3.4625227,0.012996136210858822,0.03700000047683716,0.2809999883174896
YJR042W,YOL082W,0,-3.4625616,0.012991572730243206,0.03700000047683716,0.28110000491142273
YDR402C,YGR211W,0,-3.4626522,0.012987012974917889,0.03700000047683716,0.28119999170303345
YML018C,YER171W,0,-3.4627812,0.012982456013560295,0.03700000047683716,0.28130000829696655
YGR255C,YGR044C,0,-3.4629407,0.012977902777493,0.03700000047683716,0.28139999508857727
YDR325W,YPR081C,0,-3.4630084,0.012973352335393429,0.03700000047683716,0.2815000116825104
YJR119C,YMR040W,0,-3.463015,0.012968804687261581,0.03700000047683716,0.2815999984741211
YGR185C,YMR086W,0,-3.4630826,0.012964260764420033,0.03700000047683716,0.2816999852657318
YDR520C,YGR138C,0,-3.463225,0.012959719635546207,0.03700000047683716,0.2818000018596649
YML016C,YOR349W,0,-3.463348,0.01295518223196268,0.03700000047683716,0.28189998865127563
YML042W,YGR229C,0,-3.4633765,0.012950647622346878,0.03700000047683716,0.28200000524520874
YML028W,YDR501W,0,-3.4633923,0.0129461158066988,0.03700000047683716,0.28209999203681946
YCL001W,YPR026W,0,-3.4634376,0.012941587716341019,0.03700000047683716,0.28220000863075256
YDL211C,YIL130W,0,-3.4634633,0.012937063351273537,0.03700000047683716,0.2822999954223633
YLR040C,YAR031W,0,-3.4635606,0.012932540848851204,0.03700000047683716,0.2824000120162964
YKR037C,YGR266W,0,-3.4637277,0.01292802207171917,0.03700000047683716,0.2824999988079071
YJR045C,YDR026C,0,-3.4637446,0.012923507019877434,0.03700000047683716,0.2825999855995178
YDR296W,YGR034W,0,-3.4638646,0.012918994762003422,0.03700000047683716,0.2827000021934509
YDL135C,YNR018W,0,-3.4638863,0.012914485298097134,0.03700000047683716,0.28279998898506165
YOR241W,YCL068C,0,-3.4639032,0.01290997862815857,0.03700000047683716,0.28290000557899475
YMR101C,YPR154W,0,-3.4639308,0.012905475683510303,0.03700000047683716,0.28299999237060547
YOR195W,YPL048W,0,-3.4642272,0.012900976464152336,0.03700000047683716,0.2831000089645386
YKL024C,YDL070W,0,-3.4642277,0.012896480038762093,0.03700000047683716,0.2831999957561493
YMR315W,YBR294W,0,-3.4642396,0.012891986407339573,0.03700000047683716,0.2833000123500824
YLL034C,YBR274W,0,-3.464292,0.012887495569884777,0.03700000047683716,0.2833999991416931
YMR160W,YGR134W,0,-3.4643254,0.01288300845772028,0.03700000047683716,0.28349998593330383
YGR285C,YNL183C,0,-3.4644747,0.012878524139523506,0.03700000047683716,0.28360000252723694
YOR045W,YLL027W,0,-3.464509,0.012874043546617031,0.03700000047683716,0.28369998931884766
YPR132W,YPR054W,0,-3.4648483,0.012869564816355705,0.03700000047683716,0.28380000591278076
YIL047C,YIR031C,0,-3.4649854,0.012865090742707253,0.03700000047683716,0.2838999927043915
YGL053W,YGL209W,0,-3.465056,0.012860618531703949,0.03700000047683716,0.2840000092983246
YDR536W,YGR158C,0,-3.465066,0.012856150045990944,0.03700000047683716,0.2840999960899353
YMR211W,YGL157W,0,-3.4651394,0.012851684354245663,0.03700000047683716,0.2842000126838684
YKL172W,YPL176C,0,-3.465262,0.01284722238779068,0.03700000047683716,0.2842999994754791
YJL079C,YLR289W,0,-3.4653337,0.012842763215303421,0.03700000047683716,0.28439998626708984
YDR479C,YLL033W,0,-3.4653964,0.012838306836783886,0.03700000047683716,0.28450000286102295
YDR069C,YNL290W,1,-3.4655697,0.013180714100599289,0.03799999877810478,0.28450000286102295
YFL014W,YOR011W,0,-3.4656246,0.01317614410072565,0.03799999877810478,0.28459998965263367
YGR205W,YGR113W,0,-3.465629,0.013171576894819736,0.03799999877810478,0.2847000062465668
YBR028C,YJL012C,0,-3.4656463,0.01316701341420412,0.03799999877810478,0.2847999930381775
YDR369C,YPR091C,0,-3.4657393,0.013162452727556229,0.03799999877810478,0.2849000096321106
YJL069C,YGL198W,0,-3.4658136,0.01315789483487606,0.03799999877810478,0.2849999964237213
YNL308C,YAL038W,0,-3.4658394,0.01315334066748619,0.03799999877810478,0.2851000130176544
YFR006W,YGR252W,0,-3.4658782,0.013148789294064045,0.03799999877810478,0.28519999980926514
YKL154W,YFR047C,0,-3.4659529,0.013144240714609623,0.03799999877810478,0.28529998660087585
YBR105C,YCR063W,0,-3.4661267,0.0131396958604455,0.03799999877810478,0.28540000319480896
YAL007C,YER140W,0,-3.4661307,0.0131351538002491,0.03799999877810478,0.2854999899864197
YML005W,YNL122C,0,-3.4662023,0.013130615465342999,0.03799999877810478,0.2856000065803528
YDL192W,YBL082C,0,-3.4662757,0.013126078993082047,0.03799999877810478,0.2856999933719635
YDR369C,YIR032C,0,-3.4665723,0.013121547177433968,0.03799999877810478,0.2858000099658966
YGR178C,YDR473C,0,-3.4667168,0.013117017224431038,0.03799999877810478,0.2858999967575073
YER137C,YAL041W,0,-3.4668312,0.013112490996718407,0.03799999877810478,0.28600001335144043
YML086C,YLR318W,0,-3.466836,0.013107968494296074,0.03799999877810478,0.28610000014305115
YGL010W,YDR030C,0,-3.4668734,0.01310344785451889,0.03799999877810478,0.28619998693466187
YDR148C,YOR258W,0,-3.4669433,0.013098930940032005,0.03799999877810478,0.28630000352859497
YPL202C,YPR148C,0,-3.4671874,0.013094417750835419,0.03799999877810478,0.2863999903202057
YNR053C,YHR116W,0,-3.467209,0.013089907355606556,0.03799999877810478,0.2865000069141388
YDR128W,YNL153C,0,-3.4672387,0.013085399754345417,0.03799999877810478,0.2865999937057495
YML015C,YNL162W,0,-3.4677577,0.013080894947052002,0.03799999877810478,0.2867000102996826
YDR430C,YMR139W,0,-3.4678726,0.013076393865048885,0.03799999877810478,0.28679999709129333
YDR189W,YOL129W,0,-3.468504,0.013071895577013493,0.03799999877810478,0.28690001368522644
YJL208C,YNR072W,0,-3.4686983,0.013067400082945824,0.03799999877810478,0.28700000047683716
YLR001C,YOR119C,0,-3.4687114,0.013062908314168453,0.03799999877810478,0.2870999872684479
YJL168C,YGR071C,0,-3.4692276,0.013058419339358807,0.03799999877810478,0.287200003862381
YNL194C,YDR534C,0,-3.469246,0.013053933158516884,0.03799999877810478,0.2872999906539917
YOL158C,YNR018W,0,-3.4696505,0.01304945070296526,0.03799999877810478,0.2874000072479248
YBL022C,YNR070W,0,-3.4698331,0.013044971041381359,0.03799999877810478,0.2874999940395355
YJL089W,YMR146C,0,-3.4698737,0.013040494173765182,0.03799999877810478,0.28760001063346863
YLR203C,YDR492W,0,-3.4699938,0.013036021031439304,0.03799999877810478,0.28769999742507935
YPL105C,YML037C,0,-3.4700603,0.013031549751758575,0.03799999877810478,0.28780001401901245
YGR174C,YKL014C,0,-3.4701009,0.013027082197368145,0.03799999877810478,0.28790000081062317
YBL023C,YHL024W,1,-3.4702044,0.01336531899869442,0.039000000804662704,0.28790000081062317
YJR033C,YKR057W,0,-3.4703748,0.013360739685595036,0.039000000804662704,0.2879999876022339
YGR094W,YDL039C,0,-3.4704432,0.01335616409778595,0.039000000804662704,0.288100004196167
YML115C,YJL034W,0,-3.4704638,0.013351592235267162,0.039000000804662704,0.2881999909877777
YDL102W,YJL026W,1,-3.47051,0.013689253479242325,0.03999999910593033,0.2881999909877777
YER167W,YDL119C,0,-3.4705286,0.013684570789337158,0.03999999910593033,0.2883000075817108
YMR001C,YPL153C,1,-3.4706545,0.014021887443959713,0.04100000113248825,0.2883000075817108
YMR059W,YOR187W,0,-3.4708636,0.014017093926668167,0.04100000113248825,0.28839999437332153
YDL022W,YPR118W,0,-3.4709132,0.014012303203344345,0.04100000113248825,0.28850001096725464
YMR099C,YJR118C,0,-3.471147,0.014007516205310822,0.04100000113248825,0.28859999775886536
YGR292W,YPR187W,0,-3.4712763,0.014002732001245022,0.04100000113248825,0.28870001435279846
YDL060W,YHR120W,0,-3.4713311,0.01399795152246952,0.04100000113248825,0.2888000011444092
YKL129C,YLR359W,0,-3.4716043,0.013993173837661743,0.04100000113248825,0.2888999879360199
YKL067W,YBR141C,0,-3.4720073,0.013988399878144264,0.04100000113248825,0.289000004529953
YLR102C,YER071C,0,-3.4721608,0.013983628712594509,0.04100000113248825,0.2890999913215637
YMR175W,YPR148C,0,-3.4723225,0.013978861272335052,0.04100000113248825,0.2892000079154968
YDR252W,YGL037C,0,-3.4724035,0.01397409662604332,0.04100000113248825,0.28929999470710754
YOL069W,YJL108C,0,-3.4724357,0.013969335705041885,0.04100000113248825,0.28940001130104065
YBL098W,YBL021C,0,-3.4724789,0.013964577578008175,0.04100000113248825,0.28949999809265137
YNL025C,YDR050C,0,-3.4725401,0.013959823176264763,0.04100000113248825,0.2896000146865845
YEL021W,YGL037C,0,-3.472563,0.013955071568489075,0.04100000113248825,0.2897000014781952
YLR048W,YER153C,0,-3.4726768,0.013950323686003685,0.04100000113248825,0.2897999882698059
YLL061W,YKL054C,0,-3.4727268,0.01394557859748602,0.04100000113248825,0.289900004863739
YIL088C,YNL292W,0,-3.4727519,0.013940836302936077,0.04100000113248825,0.28999999165534973
YIL034C,YMR210W,0,-3.4727964,0.013936097733676434,0.04100000113248825,0.29010000824928284
YNL050C,YGR007W,0,-3.472851,0.013931362889707088,0.04100000113248825,0.29019999504089355
YOL032W,YCR012W,0,-3.4729292,0.013926630839705467,0.04100000113248825,0.29030001163482666
YBR042C,YPL157W,0,-3.4731016,0.01392190158367157,0.04100000113248825,0.2903999984264374
YKL175W,YOL080C,0,-3.4731288,0.013917176052927971,0.04100000113248825,0.2904999852180481
YDR419W,YGR180C,1,-3.473413,0.01425178162753582,0.041999999433755875,0.2904999852180481
YKL040C,YDL138W,0,-3.4735389,0.014246947132050991,0.041999999433755875,0.2906000018119812
YJL173C,YHL024W,1,-3.473689,0.01458121370524168,0.0430000014603138,0.2906000018119812
YML080W,YLR126C,0,-3.4737577,0.014576271176338196,0.0430000014603138,0.2906999886035919
YPR102C,YDR056C,0,-3.473814,0.014571331441402435,0.0430000014603138,0.290800005197525
YCL016C,YER053C-A,0,-3.4738543,0.014566395431756973,0.0430000014603138,0.29089999198913574
YDR174W,YHR061C,0,-3.4740062,0.01456146314740181,0.0430000014603138,0.29100000858306885
YGL168W,YGR180C,1,-3.4742212,0.014895057305693626,0.04399999976158142,0.29100000858306885
YJL097W,YER100W,0,-3.4743145,0.014890016987919807,0.04399999976158142,0.29109999537467957
YDR375C,YPR148C,0,-3.4743838,0.014884979464113712,0.04399999976158142,0.29120001196861267
YKL212W,YBR237W,0,-3.474452,0.014879945665597916,0.04399999976158142,0.2912999987602234
YPL068C,YER087C-B,0,-3.474659,0.014874915592372417,0.04399999976158142,0.2913999855518341
YFL029C,YOR356W,0,-3.4748619,0.014869888313114643,0.04399999976158142,0.2915000021457672
YOR332W,YER028C,0,-3.4749112,0.014864864759147167,0.04399999976158142,0.29159998893737793
YPR175W,YGL251C,1,-3.4749432,0.015197568573057652,0.04500000178813934,0.29159998893737793
YEL065W,YMR228W,0,-3.4749837,0.015192437916994095,0.04500000178813934,0.29170000553131104
YNL138W,YFL066C,0,-3.475022,0.015187310054898262,0.04500000178813934,0.29179999232292175
YLR074C,YJR101W,0,-3.4751697,0.015182185918092728,0.04500000178813934,0.29190000891685486
YCR040W,YIL108W,0,-3.475218,0.015177065506577492,0.04500000178813934,0.2919999957084656
YFR049W,YEL043W,0,-3.4760127,0.015171948820352554,0.04500000178813934,0.2921000123023987
YOR116C,YLR189C,0,-3.47604,0.01516683492809534,0.04500000178813934,0.2921999990940094
YOR348C,YGL190C,0,-3.476059,0.015161724761128426,0.04500000178813934,0.2922999858856201
YDR398W,YNL167C,0,-3.4760928,0.015156618319451809,0.04500000178813934,0.2924000024795532
YEL039C,YDR405W,0,-3.4762442,0.01515151560306549,0.04500000178813934,0.29249998927116394
YPR091C,YLR381W,0,-3.4764562,0.015146415680646896,0.04500000178813934,0.29260000586509705
YNL268W,YOL004W,0,-3.4766178,0.015141318552196026,0.04500000178813934,0.29269999265670776
YBR214W,YDR356W,0,-3.4766994,0.015136226080358028,0.04500000178813934,0.29280000925064087
YMR165C,YMR226C,0,-3.4768977,0.015131136402487755,0.04500000178813934,0.2928999960422516
YJR108W,YLR042C,0,-3.4769788,0.01512605044990778,0.04500000178813934,0.2930000126361847
YDR065W,YJL044C,0,-3.4769802,0.015120967291295528,0.04500000178813934,0.2930999994277954
YDR174W,YLR126C,0,-3.4769816,0.01511588878929615,0.04500000178813934,0.29319998621940613
YKL093W,YLR367W,0,-3.4771965,0.015110813081264496,0.04500000178813934,0.29330000281333923
YHL019C,YLR170C,0,-3.4776735,0.015105740167200565,0.04500000178813934,0.29339998960494995
YKL186C,YBL064C,0,-3.4776764,0.015100670978426933,0.04500000178813934,0.29350000619888306
YER184C,YOL112W,0,-3.477683,0.0150956055149436,0.04500000178813934,0.2935999929904938
YBR119W,YNL247W,0,-3.4776926,0.01509054284542799,0.04500000178813934,0.2937000095844269
YPL049C,YNL335W,0,-3.4779863,0.015085484832525253,0.04500000178813934,0.2937999963760376
YDR487C,YOL117W,0,-3.4781396,0.015080428682267666,0.04500000178813934,0.2939000129699707
YDR301W,YDR273W,0,-3.4781415,0.015075377188622952,0.04500000178813934,0.2939999997615814
YDR398W,YOL012C,0,-3.478228,0.015070328488945961,0.04500000178813934,0.29409998655319214
YLR200W,YOR155C,0,-3.4782484,0.015065282583236694,0.04500000178813934,0.29420000314712524
YIR032C,YLR413W,0,-3.4785564,0.0150602413341403,0.04500000178813934,0.29429998993873596
YPR118W,YDR227W,0,-3.4786263,0.015055201947689056,0.04500000178813934,0.29440000653266907
YMR201C,YNL122C,0,-3.4787164,0.015050167217850685,0.04500000178813934,0.2944999933242798
YOL126C,YMR289W,0,-3.4787884,0.015045135281980038,0.04500000178813934,0.2946000099182129
YMR001C,YHR031C,1,-3.4788148,0.01537433173507452,0.04600000008940697,0.2946000099182129
YEL006W,YMR230W,0,-3.479079,0.015369194559752941,0.04600000008940697,0.2946999967098236
YGL233W,YMR284W,0,-3.4792671,0.01536406110972166,0.04600000008940697,0.2948000133037567
YGL240W,YGR035C,0,-3.479869,0.015358931384980679,0.04600000008940697,0.29490000009536743
YOR113W,YGR071C,0,-3.4799237,0.015353805385529995,0.04600000008940697,0.29499998688697815
YDL144C,YDR088C,0,-3.479978,0.015348682180047035,0.04600000008940697,0.29510000348091125
YPR006C,YGR075C,0,-3.4800367,0.015343562699854374,0.04600000008940697,0.295199990272522
YPR204W,YMR033W,0,-3.4801083,0.015338446013629436,0.04600000008940697,0.2953000068664551
YOR230W,YGL144C,0,-3.4801435,0.015333333052694798,0.04600000008940697,0.2953999936580658
YML028W,YBR180W,0,-3.4801445,0.015328223817050457,0.04600000008940697,0.2955000102519989
YDR079W,YJR123W,0,-3.4802737,0.015323118306696415,0.04600000008940697,0.2955999970436096
YOR335C,YOR297C,0,-3.480278,0.015318015590310097,0.04600000008940697,0.2957000136375427
YHR202W,YHR153C,0,-3.4803064,0.015312915667891502,0.04600000008940697,0.29580000042915344
YKL164C,YHR056C,0,-3.480339,0.015307820402085781,0.04600000008940697,0.29589998722076416
YPL189W,YOR091W,0,-3.4804816,0.015302727930247784,0.04600000008940697,0.29600000381469727
YBR187W,YDR108W,0,-3.4808102,0.015297639183700085,0.04600000008940697,0.296099990606308
YNL049C,YFR006W,0,-3.480886,0.01529255323112011,0.04600000008940697,0.2962000072002411
YDL038C,YLR187W,0,-3.4809988,0.015287471003830433,0.04600000008940697,0.2962999939918518
YKL042W,YOR027W,0,-3.4812078,0.01528239157050848,0.04600000008940697,0.2964000105857849
YPR032W,YEL016C,0,-3.481491,0.0152773167937994,0.04600000008940697,0.29649999737739563
YML128C,YDR468C,0,-3.4816084,0.015272244811058044,0.04600000008940697,0.29660001397132874
YMR306W,YDR046C,0,-3.4817834,0.015267175622284412,0.04600000008940697,0.29670000076293945
YNL247W,YHR080C,0,-3.4818563,0.015262110158801079,0.04600000008940697,0.29679998755455017
YDR173C,YNL121C,0,-3.48213,0.015257048420608044,0.04600000008940697,0.2969000041484833
YGL185C,YER127W,0,-3.482175,0.015251989476382732,0.04600000008940697,0.296999990940094
YOR127W,YNL076W,0,-3.4823403,0.01524693425744772,0.04600000008940697,0.2971000075340271
YBR041W,YKL011C,0,-3.4823742,0.01524188183248043,0.04600000008940697,0.2971999943256378
YMR276W,YDR159W,0,-3.4824138,0.01523683313280344,0.04600000008940697,0.2973000109195709
YPR091C,YDL069C,0,-3.4825742,0.015231788158416748,0.04600000008940697,0.29739999771118164
YMR015C,YLR044C,0,-3.4826093,0.01522674597799778,0.04600000008940697,0.29750001430511475
YKR038C,YKR097W,0,-3.4826207,0.01522170752286911,0.04600000008940697,0.29760000109672546
YDR115W,YOL057W,0,-3.4829216,0.015216671861708164,0.04600000008940697,0.2976999878883362
YML042W,YLR244C,0,-3.4829435,0.015211639925837517,0.04600000008940697,0.2978000044822693
YDR380W,YOR298W,0,-3.4829597,0.015206611715257168,0.04600000008940697,0.29789999127388
YLR418C,YHL026C,0,-3.4831486,0.015201586298644543,0.04600000008940697,0.2980000078678131
YLL004W,YJL026W,1,-3.4833944,0.015526924282312393,0.04699999839067459,0.2980000078678131
YER104W,YKL061W,0,-3.4838734,0.01552179642021656,0.04699999839067459,0.29809999465942383
YLR098C,YDR041W,0,-3.483904,0.015516672283411026,0.04699999839067459,0.29820001125335693
YDL083C,YKL205W,0,-3.4839325,0.015511550940573215,0.04699999839067459,0.29829999804496765
YMR195W,YMR232W,0,-3.4841385,0.015506433323025703,0.04699999839067459,0.29840001463890076
YBR291C,YLR172C,0,-3.4842014,0.01550131943076849,0.04699999839067459,0.2985000014305115
YBR291C,YKL185W,0,-3.4842296,0.015496208332479,0.04699999839067459,0.2985999882221222
YER106W,YDL143W,0,-3.484233,0.015491100959479809,0.04699999839067459,0.2987000048160553
YOR283W,YGL087C,0,-3.4842691,0.015485996380448341,0.04699999839067459,0.298799991607666
YJR006W,YGR180C,1,-3.4845967,0.015810277312994003,0.04800000041723251,0.298799991607666
YDL205C,YJR015W,0,-3.48464,0.015805071219801903,0.04800000041723251,0.2989000082015991
YGL158W,YHR161C,0,-3.484677,0.0157998688519001,0.04800000041723251,0.29899999499320984
YNL122C,YKL206C,0,-3.4847474,0.015794670209288597,0.04800000041723251,0.29910001158714294
YLR316C,YOR020C,0,-3.4847932,0.015789473429322243,0.04800000041723251,0.29919999837875366
YLR383W,YNL160W,0,-3.4848244,0.015784282237291336,0.04800000041723251,0.2992999851703644
YBL098W,YLR440C,0,-3.4849033,0.01577909290790558,0.04800000041723251,0.2994000017642975
YDR036C,YGL183C,0,-3.4851036,0.01577390730381012,0.04800000041723251,0.2994999885559082
YNL006W,YGL162W,0,-3.4853277,0.01576872542500496,0.04800000041723251,0.2996000051498413
YGR286C,YJL012C,0,-3.4855099,0.015763547271490097,0.04800000041723251,0.299699991941452
YKL134C,YNR043W,0,-3.4856195,0.015758370980620384,0.04800000041723251,0.29980000853538513
YKL006C-A,YGR218W,0,-3.4856262,0.01575320027768612,0.04800000041723251,0.29989999532699585
YKL040C,YPL198W,0,-3.4856596,0.015748031437397003,0.04800000041723251,0.30000001192092896
YKR049C,YGR295C,0,-3.4857476,0.015742866322398186,0.04800000041723251,0.3000999987125397
YOR172W,YKL178C,0,-3.485766,0.015737704932689667,0.04800000041723251,0.3001999855041504
YMR229C,YLR263W,0,-3.4859838,0.015732547268271446,0.04800000041723251,0.3003000020980835
YHL019C,YOR372C,0,-3.4867074,0.015727391466498375,0.04800000041723251,0.3003999888896942
YGL205W,YOL158C,0,-3.4867227,0.01572224125266075,0.04800000041723251,0.3005000054836273
YHR046C,YGL171W,0,-3.4867387,0.015717092901468277,0.04800000041723251,0.30059999227523804
YIL108W,YDR036C,0,-3.4867747,0.0157119482755661,0.04800000041723251,0.30070000886917114
YBR001C,YLR011W,0,-3.486978,0.015706805512309074,0.04800000041723251,0.30079999566078186
YHR202W,YML004C,0,-3.487291,0.015701668336987495,0.04800000041723251,0.30090001225471497
YIR038C,YHR035W,0,-3.4874136,0.015696533024311066,0.04800000041723251,0.3009999990463257
YBR101C,YOL098C,0,-3.4876132,0.015691403299570084,0.04800000041723251,0.3010999858379364
YGR288W,YML037C,0,-3.4876156,0.01568627543747425,0.04800000041723251,0.3012000024318695
YHR101C,YJR098C,0,-3.4876332,0.015681149438023567,0.04800000041723251,0.3012999892234802
YKR078W,YMR192W,0,-3.487838,0.01567602902650833,0.04800000041723251,0.30140000581741333
YJL054W,YDL179W,0,-3.487854,0.015670910477638245,0.04800000041723251,0.30149999260902405
YBR101C,YMR122W-A,0,-3.4880347,0.015665795654058456,0.04800000041723251,0.30160000920295715
YOR283W,YBR241C,0,-3.4880996,0.015660684555768967,0.04800000041723251,0.30169999599456787
YER081W,YER062C,0,-3.4881866,0.015655577182769775,0.04800000041723251,0.301800012588501
YPL075W,YMR210W,0,-3.4882898,0.015650473535060883,0.04800000041723251,0.3018999993801117
YDL121C,YOR266W,0,-3.4883285,0.01564537174999714,0.04800000041723251,0.3019999861717224
YDL110C,YGR077C,0,-3.4883842,0.015640273690223694,0.04800000041723251,0.3021000027656555
YAL034W-A,YLR467W,0,-3.4884043,0.015635179355740547,0.04800000041723251,0.30219998955726624
YJL052W,YJL006C,0,-3.48842,0.0156300887465477,0.04800000041723251,0.30230000615119934
YNR071C,YLR288C,0,-3.4884267,0.015625,0.04800000041723251,0.30239999294281006
YNL230C,YHR138C,0,-3.4884953,0.0156199149787426,0.04800000041723251,0.30250000953674316
YLR043C,YPR162C,1,-3.488514,0.015940142795443535,0.04899999871850014,0.30250000953674316
YDR375C,YFL010W-A,0,-3.488595,0.015934959053993225,0.04899999871850014,0.3025999963283539
YJL097W,YGL173C,0,-3.488638,0.015929779037833214,0.04899999871850014,0.302700012922287
YPL150W,YNL291C,0,-3.4886396,0.0159246027469635,0.04899999871850014,0.3027999997138977
YJR009C,YBR115C,0,-3.4888415,0.015919428318738937,0.04899999871850014,0.3028999865055084
YHR006W,YER140W,0,-3.488867,0.015914257615804672,0.04899999871850014,0.30300000309944153
YCR004C,YBR180W,0,-3.488877,0.015909090638160706,0.04899999871850014,0.30309998989105225
YOR262W,YJL079C,0,-3.4890974,0.015903927385807037,0.04899999871850014,0.30320000648498535
YIL014W,YER130C,0,-3.489152,0.015898767858743668,0.04899999871850014,0.30329999327659607
YDL110C,YDL202W,0,-3.4891815,0.015893610194325447,0.04899999871850014,0.3034000098705292
YHR059W,YIL154C,0,-3.4894607,0.015888456255197525,0.04899999871850014,0.3034999966621399
YOR016C,YOR063W,0,-3.489491,0.0158833060413599,0.04899999871850014,0.303600013256073
YLL035W,YGR184C,0,-3.4896653,0.015878159552812576,0.04899999871850014,0.3037000000476837
YGL122C,YEL001C,0,-3.4896832,0.01587301678955555,0.04899999871850014,0.30379998683929443
YIL075C,YIL083C,0,-3.489759,0.015867875888943672,0.04899999871850014,0.30390000343322754
YMR297W,YML094W,0,-3.4897895,0.015862738713622093,0.04899999871850014,0.30399999022483826
YKL015W,YBL010C,0,-3.4899616,0.015857605263590813,0.04899999871850014,0.30410000681877136
YGR180C,YHL024W,1,-3.489991,0.016175994649529457,0.05000000074505806,0.30410000681877136
YGL186C,YJL069C,0,-3.490112,0.016170762479305267,0.05000000074505806,0.3041999936103821
YJL013C,YMR261C,0,-3.4904575,0.016165535897016525,0.05000000074505806,0.3043000102043152
YLR009W,YNL046W,0,-3.4904635,0.016160311177372932,0.05000000074505806,0.3043999969959259
YBL076C,YOR143C,0,-3.490673,0.01615508832037449,0.05000000074505806,0.304500013589859
YPL269W,YPR194C,0,-3.4906878,0.016149871051311493,0.05000000074505806,0.3046000003814697
YBL087C,YML096W,0,-3.4907584,0.016144655644893646,0.05000000074505806,0.30469998717308044
YDL021W,YHR171W,0,-3.4908094,0.016139443963766098,0.05000000074505806,0.30480000376701355
YMR023C,YNL182C,0,-3.490813,0.01613423600792885,0.05000000074505806,0.30489999055862427
YER029C,YOR096W,0,-3.4908242,0.016129031777381897,0.05000000074505806,0.3050000071525574
YER179W,YOR267C,0,-3.490872,0.016123831272125244,0.05000000074505806,0.3050999939441681
YPR083W,YDL051W,0,-3.4908946,0.01611863262951374,0.05000000074505806,0.3052000105381012
YBR046C,YDL077C,0,-3.490995,0.016113437712192535,0.05000000074505806,0.3052999973297119
YLR058C,YLR325C,0,-3.4910903,0.01610824652016163,0.05000000074505806,0.305400013923645
YLR270W,YGL256W,0,-3.4912026,0.01610305905342102,0.05000000074505806,0.30550000071525574
YBR114W,YJL059W,0,-3.4912667,0.01609787531197071,0.05000000074505806,0.30559998750686646
YIL002C,YOR252W,0,-3.4913576,0.01609269343316555,0.05000000074505806,0.30570000410079956
YLR039C,YPL137C,0,-3.4914126,0.016087515279650688,0.05000000074505806,0.3057999908924103
YGL089C,YOL031C,0,-3.4915657,0.016082340851426125,0.05000000074505806,0.3059000074863434
YMR133W,YPL281C,0,-3.4922113,0.01607717014849186,0.05000000074505806,0.3059999942779541
YOR081C,YDL077C,0,-3.4922833,0.016072003170847893,0.05000000074505806,0.3061000108718872
YJL134W,YDR476C,0,-3.492358,0.016066838055849075,0.05000000074505806,0.3061999976634979
YLR345W,YOL069W,0,-3.492386,0.016061676666140556,0.05000000074505806,0.30630001425743103
YER023W,YMR303C,0,-3.4925022,0.016056519001722336,0.05000000074505806,0.30640000104904175
YLR090W,YNL012W,0,-3.4925056,0.016051365062594414,0.05000000074505806,0.30649998784065247
YIL123W,YMR295C,0,-3.4925299,0.01604621298611164,0.05000000074505806,0.30660000443458557
YMR099C,YDR351W,0,-3.4925694,0.016041064634919167,0.05000000074505806,0.3066999912261963
YDR205W,YLR348C,0,-3.4927182,0.01603592000901699,0.05000000074505806,0.3068000078201294
YJL172W,YOL120C,0,-3.492928,0.016030779108405113,0.05000000074505806,0.3068999946117401
YJL026W,YBR060C,1,-3.493205,0.016346154734492302,0.050999999046325684,0.3068999946117401
YOR241W,YDR248C,0,-3.49328,0.016340916976332664,0.050999999046325684,0.3070000112056732
YGR263C,YPR154W,0,-3.4932857,0.016335682943463326,0.050999999046325684,0.30709999799728394
YMR001C,YDL102W,1,-3.4933462,0.01665065623819828,0.052000001072883606,0.30709999799728394
YBR109C,YGR009C,0,-3.4934015,0.01664532721042633,0.052000001072883606,0.30720001459121704
YDL007W,YLR129W,0,-3.4934678,0.01664000004529953,0.052000001072883606,0.30730000138282776
YNR004W,YDR059C,0,-3.4935431,0.016634676605463028,0.052000001072883606,0.3073999881744385
YHR023W,YIL124W,0,-3.4936814,0.016629356890916824,0.052000001072883606,0.3075000047683716
YBR296C,YKL099C,0,-3.4937434,0.01662404090166092,0.052000001072883606,0.3075999915599823
YGR165W,YNR032C-A,0,-3.4937854,0.016618728637695312,0.052000001072883606,0.3077000081539154
YCR030C,YBL082C,0,-3.4938035,0.016613418236374855,0.052000001072883606,0.3077999949455261
YLR304C,YDL039C,0,-3.493847,0.016608111560344696,0.052000001072883606,0.30790001153945923
YIL022W,YJL059W,0,-3.4938593,0.016602810472249985,0.052000001072883606,0.30799999833106995
YER068W,YKR078W,0,-3.4940138,0.016597511246800423,0.052000001072883606,0.30809998512268066
YKL074C,YJL144W,0,-3.4941268,0.01659221388399601,0.052000001072883606,0.30820000171661377
YDL055C,YDR287W,0,-3.4942694,0.016586922109127045,0.052000001072883606,0.3082999885082245
YPL089C,YPL224C,0,-3.494308,0.01658163219690323,0.052000001072883606,0.3084000051021576
YOR226C,YML036W,0,-3.4945838,0.01657634600996971,0.052000001072883606,0.3084999918937683
YMR297W,YDL184C,0,-3.4947767,0.016571063548326492,0.052000001072883606,0.3086000084877014
YDR412W,YGR044C,0,-3.494791,0.016565784811973572,0.052000001072883606,0.30869999527931213
YDR424C,YAR015W,0,-3.495304,0.01656050980091095,0.052000001072883606,0.30880001187324524
YJL069C,YGR010W,0,-3.4953356,0.016555236652493477,0.052000001072883606,0.30889999866485596
YEL022W,YPR188C,0,-3.4954534,0.01654996909201145,0.052000001072883606,0.3089999854564667
YHR129C,YNR030W,0,-3.49548,0.016544703394174576,0.052000001072883606,0.3091000020503998
YDR429C,YLL019C,0,-3.4954803,0.01653943955898285,0.052000001072883606,0.3091999888420105
YHL021C,YIR039C,0,-3.4955537,0.01653418131172657,0.052000001072883606,0.3093000054359436
YLR090W,YGL226C-A,0,-3.4956245,0.01652892492711544,0.052000001072883606,0.3093999922275543
YDR018C,YGR124W,0,-3.4956794,0.01652367413043976,0.052000001072883606,0.3095000088214874
YDL038C,YPL004C,0,-3.4957504,0.016518425196409225,0.052000001072883606,0.30959999561309814
YHR122W,YMR136W,0,-3.4958982,0.016513178125023842,0.052000001072883606,0.30970001220703125
YIR038C,YGR002C,0,-3.4959395,0.016507936641573906,0.052000001072883606,0.30979999899864197
YJL178C,YBL039C,0,-3.4959607,0.01650269702076912,0.052000001072883606,0.3098999857902527
YJL153C,YIL171W,0,-3.4960155,0.01649746112525463,0.052000001072883606,0.3100000023841858
YDL087C,YJL012C-A,0,-3.4960787,0.01649222895503044,0.052000001072883606,0.3100999891757965
YDR329C,YCR047C,0,-3.4961555,0.01648700051009655,0.052000001072883606,0.3102000057697296
YBR291C,YJR132W,0,-3.4962797,0.016481775790452957,0.052000001072883606,0.31029999256134033
YLL017W,YDR495C,0,-3.4964232,0.016476552933454514,0.052000001072883606,0.31040000915527344
YMR166C,YHL027W,0,-3.496621,0.01647133380174637,0.052000001072883606,0.31049999594688416
YNR011C,YDL204W,0,-3.4967675,0.01646611839532852,0.052000001072883606,0.31060001254081726
YOL052C,YIL011W,0,-3.4968786,0.016460904851555824,0.052000001072883606,0.310699999332428
YBR031W,YLR295C,0,-3.4968977,0.016455696895718575,0.052000001072883606,0.3107999861240387
YDR115W,YGL213C,0,-3.496912,0.016450490802526474,0.052000001072883606,0.3109000027179718
YKR100C,YDR093W,0,-3.497727,0.016445288434624672,0.052000001072883606,0.3109999895095825
YGR264C,YEL043W,0,-3.4978075,0.01644008792936802,0.052000001072883606,0.3111000061035156
YFR040W,YDL142C,0,-3.4978905,0.016434893012046814,0.052000001072883606,0.31119999289512634
YKL130C,YCL064C,0,-3.49795,0.016429699957370758,0.052000001072883606,0.31130000948905945
YMR239C,YPL103C,0,-3.4979692,0.016424510627985,0.052000001072883606,0.31139999628067017
YJL198W,YNR057C,0,-3.4980054,0.01641932502388954,0.052000001072883606,0.31150001287460327
YLL008W,YKL138C,0,-3.498105,0.016414141282439232,0.052000001072883606,0.311599999666214
YBR101C,YLL008W,0,-3.4981322,0.01640896126627922,0.052000001072883606,0.3116999864578247
YLR284C,YCR093W,0,-3.498167,0.016403784975409508,0.052000001072883606,0.3118000030517578
YNL010W,YMR049C,0,-3.4982977,0.016398612409830093,0.052000001072883606,0.31189998984336853
YJR070C,YBR091C,0,-3.4984045,0.016393441706895828,0.052000001072883606,0.31200000643730164
YBL026W,YOL057W,0,-3.4984398,0.01638827659189701,0.052000001072883606,0.31209999322891235
YNL208W,YMR243C,0,-3.4985027,0.016383113339543343,0.052000001072883606,0.31220000982284546
YDR229W,YDL112W,0,-3.4986527,0.016377951949834824,0.052000001072883606,0.3122999966144562
YIR038C,YDR169C,0,-3.4987125,0.016372796148061752,0.052000001072883606,0.3124000132083893
YOL103W,YNL046W,0,-3.4988396,0.01636764220893383,0.052000001072883606,0.3125
YLR040C,YNR057C,0,-3.4988453,0.016362491995096207,0.052000001072883606,0.3125999867916107
YJL030W,YGL186C,0,-3.4988627,0.01635734550654888,0.052000001072883606,0.3127000033855438
YOR291W,YML057W,0,-3.4992619,0.016352200880646706,0.052000001072883606,0.31279999017715454
YLR418C,YDL180W,0,-3.4992933,0.016347059980034828,0.052000001072883606,0.31290000677108765
YLR186W,YOR226C,0,-3.4994433,0.01634192280471325,0.052000001072883606,0.31299999356269836
YML063W,YDR126W,0,-3.4996295,0.01633678935468197,0.052000001072883606,0.31310001015663147
YGR014W,YDR457W,0,-3.4997454,0.016331657767295837,0.052000001072883606,0.3131999969482422
YBL013W,YGR105W,0,-3.4999123,0.016326529905200005,0.052000001072883606,0.3133000135421753
YHR069C,YBL039C,0,-3.4999514,0.01632140576839447,0.052000001072883606,0.313400000333786
YFR006W,YLL067C,0,-3.499987,0.016316285356879234,0.052000001072883606,0.31349998712539673
YIL047C,YBR119W,0,-3.5000854,0.016311166808009148,0.052000001072883606,0.31360000371932983
YDL030W,YOR287C,0,-3.5001106,0.01630605198442936,0.052000001072883606,0.31369999051094055
YER149C,YJL117W,0,-3.500122,0.01630094088613987,0.052000001072883606,0.31380000710487366
YOL140W,YNL131W,0,-3.5002036,0.01629583165049553,0.052000001072883606,0.3138999938964844
YFL047W,YNL244C,0,-3.500392,0.016290726140141487,0.052000001072883606,0.3140000104904175
YHR064C,YIL095W,0,-3.5009494,0.016285624355077744,0.052000001072883606,0.3140999972820282
YPL068C,YJL059W,0,-3.50099,0.0162805262953043,0.052000001072883606,0.3142000138759613
YOR014W,YOR393W,0,-3.5010085,0.016275430098176003,0.052000001072883606,0.314300000667572
YKR078W,YML071C,0,-3.501114,0.016270337626338005,0.052000001072883606,0.31439998745918274
YFR018C,YMR059W,0,-3.5012462,0.016265248879790306,0.052000001072883606,0.31450000405311584
YKL182W,YDL189W,0,-3.5012665,0.016260161995887756,0.052000001072883606,0.31459999084472656
YDR320C,YER044C-A,0,-3.5013738,0.016255078837275505,0.052000001072883606,0.31470000743865967
YHR105W,YNR019W,0,-3.5013747,0.016249999403953552,0.052000001072883606,0.3147999942302704
YLR055C,YDL247W,0,-3.50149,0.016244923695921898,0.052000001072883606,0.3149000108242035
YJL136C,YLR220W,0,-3.5014973,0.016239849850535393,0.052000001072883606,0.3149999976158142
YNL111C,YBL068W,0,-3.5015016,0.016234779730439186,0.052000001072883606,0.3151000142097473
YNR067C,YGL014W,0,-3.501708,0.016229713335633278,0.052000001072883606,0.31520000100135803
YMR074C,YNR022C,0,-3.501828,0.01622464880347252,0.052000001072883606,0.31529998779296875
YDR011W,YDR055W,0,-3.5018709,0.01621958799660206,0.052000001072883606,0.31540000438690186
YLR251W,YAL053W,0,-3.5020661,0.016214530915021896,0.052000001072883606,0.3154999911785126
YOR324C,YER117W,0,-3.502119,0.016209475696086884,0.052000001072883606,0.3156000077724457
YOL004W,YGL231C,0,-3.5022473,0.01620442420244217,0.052000001072883606,0.3156999945640564
YJL085W,YGR003W,0,-3.5023427,0.016199376434087753,0.052000001072883606,0.3158000111579895
YNL239W,YLR139C,0,-3.5023494,0.016194332391023636,0.052000001072883606,0.3158999979496002
YIL070C,YPR002W,0,-3.5024114,0.016189290210604668,0.052000001072883606,0.3160000145435333
YPR031W,YDR368W,0,-3.5025682,0.016184251755475998,0.052000001072883606,0.31610000133514404
YKR020W,YOR326W,0,-3.5025976,0.016179215162992477,0.052000001072883606,0.31619998812675476
YDR131C,YHR076W,0,-3.5026855,0.016174184158444405,0.052000001072883606,0.31630000472068787
YCR002C,YLR004C,0,-3.5026906,0.01616915501654148,0.052000001072883606,0.3163999915122986
YMR233W,YKL054C,0,-3.5027776,0.016164127737283707,0.052000001072883606,0.3165000081062317
YMR234W,YGR180C,1,-3.5028644,0.016469856724143028,0.05299999937415123,0.3165000081062317
YOL067C,YDL135C,0,-3.502901,0.01646474003791809,0.05299999937415123,0.3165999948978424
YPL126W,YDR499W,0,-3.503058,0.016459627076983452,0.05299999937415123,0.3167000114917755
YMR105C,YBR123C,0,-3.503137,0.01645451784133911,0.05299999937415123,0.31679999828338623
YPL214C,YER165W,0,-3.5034428,0.01644941046833992,0.05299999937415123,0.31690001487731934
YJR121W,YER044C-A,0,-3.5034976,0.016444306820631027,0.05299999937415123,0.31700000166893005
YCR063W,YMR262W,0,-3.5039172,0.016439205035567284,0.05299999937415123,0.31709998846054077
YKL190W,YKL014C,0,-3.5041418,0.016434108838438988,0.05299999937415123,0.3172000050544739
YER086W,YMR158W,0,-3.5047054,0.01642901450395584,0.05299999937415123,0.3172999918460846
YDR444W,YDR038C,0,-3.5048008,0.016423923894762993,0.05299999937415123,0.3174000084400177
YPR071W,YDR400W,0,-3.5050204,0.016418835148215294,0.05299999937415123,0.3174999952316284
YOR045W,YKL033W,0,-3.505217,0.016413750126957893,0.05299999937415123,0.3176000118255615
YHR090C,YIL107C,0,-3.505395,0.01640866883099079,0.05299999937415123,0.31769999861717224
YIL109C,YGR054W,0,-3.5055718,0.01640358939766884,0.05299999937415123,0.31779998540878296
YIR014W,YKL013C,0,-3.5055766,0.016398515552282333,0.05299999937415123,0.31790000200271606
YHR214W,YLR167W,0,-3.5056834,0.016393441706895828,0.05299999937415123,0.3179999887943268
YGR094W,YDL106C,0,-3.5057077,0.01638837344944477,0.05299999937415123,0.3181000053882599
YOR230W,YOR338W,0,-3.505797,0.016383307054638863,0.05299999937415123,0.3181999921798706
YLR143W,YOR298W,0,-3.5058339,0.016378244385123253,0.05299999937415123,0.3183000087738037
YDR300C,YBR005W,0,-3.505858,0.01637318544089794,0.05299999937415123,0.31839999556541443
YPR204W,YKL181W,0,-3.5058923,0.01636812835931778,0.05299999937415123,0.31850001215934753
YBR212W,YNL045W,0,-3.5059166,0.016363075003027916,0.05299999937415123,0.31859999895095825
YHR164C,YJL026W,1,-3.505962,0.01666666753590107,0.05400000140070915,0.31859999895095825
YNL207W,YPL017C,0,-3.5060225,0.016661524772644043,0.05400000140070915,0.31869998574256897
YBR297W,YLR276C,0,-3.5060954,0.016656385734677315,0.05400000140070915,0.3188000023365021
YBR003W,YLR287C-A,0,-3.5062099,0.016651248559355736,0.05400000140070915,0.3188999891281128
YMR001C,YHR164C,1,-3.5062575,0.01695437729358673,0.054999999701976776,0.3188999891281128
YOR116C,YLR061W,0,-3.5062666,0.016949152573943138,0.054999999701976776,0.3190000057220459
YMR239C,YDR144C,0,-3.5066915,0.016943931579589844,0.054999999701976776,0.3190999925136566
YBR202W,YJL026W,1,-3.5068426,0.017246689647436142,0.0560000017285347,0.3190999925136566
YIL079C,YKL069W,0,-3.5068467,0.017241379246115685,0.0560000017285347,0.3192000091075897
YMR201C,YMR261C,0,-3.5070014,0.017236072570085526,0.0560000017285347,0.31929999589920044
YDR158W,YFL056C,0,-3.5070221,0.017230769619345665,0.0560000017285347,0.31940001249313354
YDR280W,YBR089C-A,0,-3.5070906,0.017225468531250954,0.0560000017285347,0.31949999928474426
YGL031C,YDR057W,0,-3.507203,0.01722017303109169,0.0560000017285347,0.319599986076355
YML043C,YLR291C,0,-3.5072567,0.017214879393577576,0.0560000017285347,0.3197000026702881
YOR018W,YBR158W,0,-3.5072975,0.01720958761870861,0.0560000017285347,0.3197999894618988
YKL185W,YGR017W,0,-3.507303,0.017204301431775093,0.0560000017285347,0.3199000060558319
YGL191W,YFR015C,0,-3.5073266,0.017199017107486725,0.0560000017285347,0.3199999928474426
YBR267W,YMR008C,0,-3.5073452,0.017193736508488655,0.0560000017285347,0.32010000944137573
YML070W,YDL030W,0,-3.5074527,0.017188459634780884,0.0560000017285347,0.32019999623298645
YBR170C,YDR234W,0,-3.5075498,0.01718318462371826,0.0560000017285347,0.32030001282691956
YPL078C,YNL065W,0,-3.507567,0.017177913337945938,0.0560000017285347,0.3203999996185303
YGL039W,YDR268W,0,-3.5076785,0.017172645777463913,0.0560000017285347,0.320499986410141
YPL068C,YGR154C,0,-3.5077457,0.017167381942272186,0.0560000017285347,0.3206000030040741
YBR038W,YDR259C,0,-3.5077972,0.01716211996972561,0.0560000017285347,0.3206999897956848
YER173W,YGL226C-A,0,-3.508215,0.01715686358511448,0.0560000017285347,0.3208000063896179
YJL221C,YOR340C,0,-3.5082257,0.01715160720050335,0.0560000017285347,0.32089999318122864
YCL050C,YMR063W,0,-3.5084178,0.017146356403827667,0.0560000017285347,0.32100000977516174
YDR083W,YGR003W,0,-3.5084884,0.017141107469797134,0.0560000017285347,0.32109999656677246
YBL035C,YGR180C,1,-3.508506,0.01744186133146286,0.05700000002980232,0.32109999656677246
YGL006W,YPL076W,0,-3.5085979,0.017436524853110313,0.05700000002980232,0.32120001316070557
YHR014W,YJL080C,0,-3.5086522,0.017431192100048065,0.05700000002980232,0.3212999999523163
YNL274C,YNL339C,0,-3.5088792,0.017425863072276115,0.05700000002980232,0.321399986743927
YDR342C,YDR259C,0,-3.5092254,0.017420537769794464,0.05700000002980232,0.3215000033378601
YDR453C,YHR077C,0,-3.5092518,0.01741521619260311,0.05700000002980232,0.3215999901294708
YJL181W,YER045C,0,-3.509468,0.017409896478056908,0.05700000002980232,0.32170000672340393
YMR269W,YHR008C,0,-3.5094867,0.017404580488801003,0.05700000002980232,0.32179999351501465
YBR260C,YGR134W,0,-3.509559,0.017399268224835396,0.05700000002980232,0.32190001010894775
YLR417W,YDL149W,0,-3.5096097,0.01739395782351494,0.05700000002980232,0.32199999690055847
YPL113C,YOR288C,0,-3.5096693,0.01738865114748478,0.05700000002980232,0.3221000134944916
YMR168C,YGL050W,0,-3.5098186,0.01738334819674492,0.05700000002980232,0.3222000002861023
YER008C,YBL058W,0,-3.509874,0.017378048971295357,0.05700000002980232,0.322299987077713
YJL026W,YHR031C,1,-3.5098808,0.017677538096904755,0.057999998331069946,0.322299987077713
YMR243C,YGL128C,0,-3.5098977,0.01767215132713318,0.057999998331069946,0.3224000036716461
YOR150W,YBR183W,0,-3.509919,0.0176667682826519,0.057999998331069946,0.32249999046325684
YCR038C,YDL215C,0,-3.5099683,0.017661388963460922,0.057999998331069946,0.32260000705718994
YBR202W,YGR180C,1,-3.5103245,0.017960425466299057,0.05900000035762787,0.32260000705718994
YMR292W,YNL112W,0,-3.5104146,0.017954960465431213,0.05900000035762787,0.32269999384880066
YCL075W,YDR418W,0,-3.5104852,0.01794949732720852,0.05900000035762787,0.32280001044273376
YGL136C,YHL012W,0,-3.5106142,0.017944039776921272,0.05900000035762787,0.3228999972343445
YMR287C,YOR224C,0,-3.5108304,0.017938582226634026,0.05900000035762787,0.3230000138282776
YKL129C,YLR098C,0,-3.51091,0.017933130264282227,0.05900000035762787,0.3231000006198883
YDR270W,YGL115W,0,-3.510945,0.017927682027220726,0.05900000035762787,0.323199987411499
YPL075W,YNL112W,0,-3.510974,0.017922235652804375,0.05900000035762787,0.32330000400543213
YMR221C,YGL206C,0,-3.5112867,0.017916793003678322,0.05900000035762787,0.32339999079704285
YLR299W,YLR164W,0,-3.5113344,0.017911354079842567,0.05900000035762787,0.32350000739097595
YPR026W,YNL328C,0,-3.5113473,0.01790591888129711,0.05900000035762787,0.32359999418258667
YDR384C,YER027C,0,-3.5114763,0.017900485545396805,0.05900000035762787,0.3237000107765198
YLR344W,YGL128C,0,-3.5114994,0.017895055934786797,0.05900000035762787,0.3237999975681305
YNL306W,YER044C-A,0,-3.5115092,0.017889630049467087,0.05900000035762787,0.3239000141620636
YKL043W,YKL026C,0,-3.511649,0.017884207889437675,0.05900000035762787,0.3240000009536743
YLR130C,YPL253C,0,-3.5116892,0.017878787592053413,0.05900000035762787,0.32409998774528503
YNL050C,YHR160C,0,-3.5119374,0.01787337101995945,0.05900000035762787,0.32420000433921814
YIL021W,YDR358W,0,-3.5121603,0.017867958173155785,0.05900000035762787,0.32429999113082886
YDR533C,YDL211C,0,-3.5122066,0.017862549051642418,0.05900000035762787,0.32440000772476196
YOR061W,YPL150W,0,-3.512292,0.01785714365541935,0.05900000035762787,0.3244999945163727
YKL178C,YDR145W,0,-3.5123196,0.01785174012184143,0.05900000035762787,0.3246000111103058
YDL124W,YMR228W,0,-3.5124283,0.01784634031355381,0.05900000035762787,0.3246999979019165
YOR086C,YOL104C,0,-3.512512,0.017840944230556488,0.05900000035762787,0.3248000144958496
YLR247C,YGR279C,0,-3.512514,0.017835550010204315,0.05900000035762787,0.3249000012874603
YER087W,YMR261C,0,-3.5128574,0.01783015951514244,0.05900000035762787,0.32499998807907104
YKL085W,YPR199C,0,-3.512941,0.017824772745370865,0.05900000035762787,0.32510000467300415
YML028W,YOL123W,0,-3.5129833,0.017819389700889587,0.05900000035762787,0.32519999146461487
YLR068W,YKL174C,0,-3.5130434,0.01781401038169861,0.05900000035762787,0.325300008058548
YLR429W,YIL011W,0,-3.513114,0.01780863292515278,0.05900000035762787,0.3253999948501587
YDR536W,YJL012C-A,0,-3.513334,0.017803259193897247,0.05900000035762787,0.3255000114440918
YDR122W,YLR401C,0,-3.5134711,0.017797889187932014,0.05900000035762787,0.3255999982357025
YDR528W,YGL085W,0,-3.5135612,0.01779252104461193,0.05900000035762787,0.3257000148296356
YHR073W,YMR143W,0,-3.5136118,0.017787156626582146,0.05900000035762787,0.32580000162124634
YPL231W,YFL054C,0,-3.5137239,0.01778179593384266,0.05900000035762787,0.32589998841285706
YDL060W,YFR010W,0,-3.513774,0.01777643896639347,0.05900000035762787,0.32600000500679016
YOR025W,YGR080W,0,-3.5138984,0.017771083861589432,0.05900000035762787,0.3260999917984009
YNR071C,YNL258C,0,-3.5139372,0.01776573248207569,0.05900000035762787,0.326200008392334
YER041W,YJL225C,0,-3.5139618,0.01776038482785225,0.05900000035762787,0.3262999951839447
YBR080C,YNL084C,0,-3.5140972,0.017755040898919106,0.05900000035762787,0.3264000117778778
YOR226C,YML081W,0,-3.5144272,0.01774969883263111,0.05900000035762787,0.3264999985694885
YLR337C,YER176W,0,-3.5144725,0.017744360491633415,0.05900000035762787,0.32659998536109924
YPL097W,YOL028C,0,-3.5144796,0.017739025875926018,0.05900000035762787,0.32670000195503235
YOR346W,YJL090C,1,-3.5144868,0.01803426444530487,0.05999999865889549,0.32670000195503235
YBL007C,YJL127C,0,-3.5145373,0.018028846010565758,0.05999999865889549,0.32679998874664307
YMR243C,YMR097C,0,-3.5145595,0.018023431301116943,0.05999999865889549,0.32690000534057617
YDR350C,YMR032W,0,-3.5148659,0.018018018454313278,0.05999999865889549,0.3269999921321869
YDR390C,YDR196C,0,-3.5148866,0.01801260933279991,0.05999999865889549,0.32710000872612
YBR005W,YCL063W,0,-3.5148973,0.018007202073931694,0.05999999865889549,0.3271999955177307
YDL141W,YOR340C,0,-3.5149114,0.018001800402998924,0.05999999865889549,0.3273000121116638
YOR334W,YLR158C,0,-3.5150232,0.017996400594711304,0.05999999865889549,0.32739999890327454
YDL133C-A,YDR288W,0,-3.5151198,0.01799100451171398,0.05999999865889549,0.32749998569488525
YGL078C,YNL073W,0,-3.5152051,0.017985612154006958,0.05999999865889549,0.32760000228881836
YJL026W,YHL024W,1,-3.5152655,0.018279891461133957,0.061000000685453415,0.32760000228881836
YHR202W,YHR194W,0,-3.5152793,0.018274415284395218,0.061000000685453415,0.3276999890804291
YNL112W,YNL232W,0,-3.5153108,0.018268942832946777,0.061000000685453415,0.3278000056743622
YDR436W,YDL143W,0,-3.5154033,0.018263472244143486,0.061000000685453415,0.3278999924659729
YER088C,YLR249W,0,-3.5154276,0.018258007243275642,0.061000000685453415,0.328000009059906
YDR371W,YHR140W,0,-3.5155735,0.018252544105052948,0.061000000685453415,0.3280999958515167
YML127W,YHL050C,0,-3.51562,0.018247082829475403,0.061000000685453415,0.32820001244544983
YHL026C,YJL121C,0,-3.515737,0.018241627141833305,0.061000000685453415,0.32829999923706055
YMR176W,YDR411C,0,-3.5158067,0.018236173316836357,0.061000000685453415,0.32839998602867126
YOR138C,YNL190W,0,-3.5158186,0.018230723217129707,0.061000000685453415,0.32850000262260437
YLL002W,YKL056C,0,-3.515986,0.018225276842713356,0.061000000685453415,0.3285999894142151
YMR256C,YGL085W,0,-3.5160017,0.018219832330942154,0.061000000685453415,0.3287000060081482
YMR101C,YLR301W,0,-3.5160651,0.01821439154446125,0.061000000685453415,0.3287999927997589
YMR234W,YER070W,1,-3.5163493,0.0185074619948864,0.06199999898672104,0.3287999927997589
YPL157W,YCL008C,0,-3.5166209,0.01850193925201893,0.06199999898672104,0.328900009393692
YKL088W,YKL032C,0,-3.5166447,0.018496420234441757,0.06199999898672104,0.32899999618530273
YDR074W,YNR040W,0,-3.5168252,0.018490903079509735,0.06199999898672104,0.32910001277923584
YOR242C,YOR378W,0,-3.5171123,0.01848538964986801,0.06199999898672104,0.32919999957084656
YHR113W,YML037C,0,-3.5171895,0.018479879945516586,0.06199999898672104,0.3292999863624573
YLR086W,YPL248C,0,-3.5172353,0.01847437396645546,0.06199999898672104,0.3294000029563904
YDR468C,YJR145C,0,-3.5172682,0.01846887171268463,0.06199999898672104,0.3294999897480011
YML032C,YKL006W,0,-3.5173492,0.018463371321558952,0.06199999898672104,0.3296000063419342
YNR041C,YCL064C,0,-3.5173974,0.018457874655723572,0.06199999898672104,0.3296999931335449
YOL096C,YGL206C,0,-3.5175536,0.01845238171517849,0.06199999898672104,0.329800009727478
YGR179C,YPR108W,0,-3.51765,0.018446890637278557,0.06199999898672104,0.32989999651908875
YKL165C,YNL076W,0,-3.5176685,0.018441403284668922,0.06199999898672104,0.33000001311302185
YJL189W,YDR082W,0,-3.517733,0.018435919657349586,0.06199999898672104,0.33009999990463257
YOR145C,YKL171W,0,-3.5178623,0.01843043975532055,0.06199999898672104,0.3301999866962433
YBR118W,YDR476C,0,-3.518009,0.01842496357858181,0.06199999898672104,0.3303000032901764
YHR088W,YMR321C,0,-3.518063,0.01841948926448822,0.06199999898672104,0.3303999900817871
YDR273W,YML097C,0,-3.518108,0.01841401867568493,0.06199999898672104,0.3305000066757202
YOR237W,YOR335C,0,-3.5181594,0.018408551812171936,0.06199999898672104,0.33059999346733093
YNL328C,YPR198W,0,-3.5182023,0.018403086811304092,0.06199999898672104,0.33070001006126404
YDL246C,YDR025W,0,-3.5184422,0.018397625535726547,0.06199999898672104,0.33079999685287476
YNR072W,YDR064W,0,-3.518565,0.0183921679854393,0.06199999898672104,0.33090001344680786
YNL096C,YDR531W,0,-3.5186431,0.018386714160442352,0.06199999898672104,0.3310000002384186
YIL123W,YPL147W,0,-3.5188322,0.018381262198090553,0.06199999898672104,0.3310999870300293
YGR202C,YDL081C,0,-3.5188332,0.018375815823674202,0.06199999898672104,0.3312000036239624
YNL146W,YNL142W,0,-3.5189548,0.01837036944925785,0.06199999898672104,0.3312999904155731
YLR050C,YMR110C,0,-3.5195239,0.018364928662776947,0.06199999898672104,0.3314000070095062
YDR345C,YBR187W,0,-3.5195308,0.018359491601586342,0.06199999898672104,0.33149999380111694
YDR002W,YDR222W,0,-3.5196228,0.018354056403040886,0.06199999898672104,0.33160001039505005
YBR158W,YOR221C,0,-3.5197282,0.01834862306714058,0.06199999898672104,0.33169999718666077
YFR030W,YIL039W,0,-3.5198576,0.01834319531917572,0.06199999898672104,0.33180001378059387
YPR110C,YLR131C,0,-3.520072,0.01833776943385601,0.06199999898672104,0.3319000005722046
YBR075W,YPL017C,0,-3.5200787,0.0183323472738266,0.06199999898672104,0.3319999873638153
YFL004W,YLR189C,0,-3.520178,0.018326928839087486,0.06199999898672104,0.3321000039577484
YGR191W,YMR296C,0,-3.5202942,0.018321512266993523,0.06199999898672104,0.33219999074935913
YGR254W,YDL117W,0,-3.520379,0.018316101282835007,0.06199999898672104,0.33230000734329224
YNL223W,YBL024W,0,-3.5204356,0.01831069029867649,0.06199999898672104,0.33239999413490295
YMR001C,YOR330C,1,-3.520596,0.018600530922412872,0.06300000101327896,0.33239999413490295
YCR044C,YJL069C,0,-3.5206873,0.01859504170715809,0.06300000101327896,0.33250001072883606
YMR176W,YDR299W,0,-3.520697,0.018589554354548454,0.06300000101327896,0.3325999975204468
YIL153W,YPR187W,0,-3.5207667,0.01858407072722912,0.06300000101327896,0.3327000141143799
YMR215W,YBR261C,0,-3.5209074,0.01857859082520008,0.06300000101327896,0.3328000009059906
YFR018C,YGR258C,0,-3.520918,0.018573112785816193,0.06300000101327896,0.3328999876976013
YDR222W,YGR095C,0,-3.5209942,0.018567638471722603,0.06300000101327896,0.3330000042915344
YDL107W,YGR085C,0,-3.5211658,0.01856216788291931,0.06300000101327896,0.33309999108314514
YKL174C,YDR109C,0,-3.5211813,0.01855670101940632,0.06300000101327896,0.33320000767707825
YLR143W,YGR054W,0,-3.521201,0.018551236018538475,0.06300000101327896,0.33329999446868896
YOL012C,YJL079C,0,-3.5213609,0.01854577660560608,0.06300000101327896,0.33340001106262207
YOL030W,YMR040W,0,-3.521606,0.018540317192673683,0.06300000101327896,0.3334999978542328
YNL247W,YER147C,0,-3.5216537,0.018534863367676735,0.06300000101327896,0.3336000144481659
YJL213W,YGR078C,0,-3.5216599,0.018529411405324936,0.06300000101327896,0.3337000012397766
YOR038C,YDL119C,0,-3.521781,0.018523963168263435,0.06300000101327896,0.33379998803138733
YLL045C,YBL010C,0,-3.5218704,0.018518518656492233,0.06300000101327896,0.33390000462532043
YDL113C,YIR012W,0,-3.5218854,0.01851307600736618,0.06300000101327896,0.33399999141693115
YCL001W,YOR356W,0,-3.521924,0.018507638946175575,0.06300000101327896,0.33410000801086426
YMR315W,YDR248C,0,-3.5219603,0.01850220188498497,0.06300000101327896,0.334199994802475
YGL157W,YDR096W,0,-3.5220497,0.018496770411729813,0.06300000101327896,0.3343000113964081
YNL182C,YKL026C,0,-3.5220923,0.018491340801119804,0.06300000101327896,0.3343999981880188
YDR083W,YMR017W,0,-3.522111,0.018485914915800095,0.06300000101327896,0.3345000147819519
YCL075W,YGL016W,0,-3.5221772,0.018480492755770683,0.06300000101327896,0.3346000015735626
YJR041C,YBR059C,0,-3.5222225,0.01847507245838642,0.06300000101327896,0.33469998836517334
YNR067C,YDR456W,0,-3.5223727,0.018469657748937607,0.06300000101327896,0.33480000495910645
YER071C,YOR363C,0,-3.5226026,0.018464243039488792,0.06300000101327896,0.33489999175071716
YDL184C,YKR093W,0,-3.5228124,0.018458833917975426,0.06300000101327896,0.33500000834465027
YMR001C,YKL108W,1,-3.5228214,0.01874633878469467,0.06400000303983688,0.33500000834465027
YER149C,YML071C,0,-3.5229511,0.018740849569439888,0.06400000303983688,0.335099995136261
YGR156W,YLL035W,0,-3.523355,0.018735362216830254,0.06400000303983688,0.3352000117301941
YBL074C,YIR017C,0,-3.523355,0.018729880452156067,0.06400000303983688,0.3352999985218048
YPR021C,YLL066C,0,-3.5236206,0.01872440055012703,0.06400000303983688,0.3353999853134155
YHR047C,YLR435W,0,-3.5236554,0.01871892437338829,0.06400000303983688,0.33550000190734863
YFL045C,YJR078W,0,-3.5237465,0.0187134500592947,0.06400000303983688,0.33559998869895935
YHR201C,YOR124C,0,-3.5237732,0.01870797947049141,0.06400000303983688,0.33570000529289246
YDL117W,YGR171C,0,-3.5238533,0.018702512606978416,0.06400000303983688,0.3357999920845032
YNR002C,YLR139C,0,-3.52388,0.018697049468755722,0.06400000303983688,0.3359000086784363
YER046W,YCR087C-A,0,-3.523916,0.018691588193178177,0.06400000303983688,0.335999995470047
YER115C,YOR348C,0,-3.5239458,0.01868613064289093,0.06400000303983688,0.3361000120639801
YGL030W,YDR287W,0,-3.5240033,0.018680676817893982,0.06400000303983688,0.3361999988555908
YIL043C,YOR227W,0,-3.5242548,0.018675226718187332,0.06400000303983688,0.33629998564720154
YLR145W,YDR387C,0,-3.5242682,0.01866977848112583,0.06400000303983688,0.33640000224113464
YIR002C,YMR136W,0,-3.5244558,0.01866433396935463,0.06400000303983688,0.33649998903274536
YGL180W,YBR155W,0,-3.524726,0.018658891320228577,0.06400000303983688,0.33660000562667847
YDR300C,YOR143C,0,-3.524732,0.01865345425903797,0.06400000303983688,0.3366999924182892
YMR292W,YLR092W,0,-3.5248058,0.018648019060492516,0.06400000303983688,0.3368000090122223
YPL089C,YLL067C,0,-3.5248895,0.018642587587237358,0.06400000303983688,0.336899995803833
YLR389C,YOL032W,0,-3.5249162,0.01863715797662735,0.06400000303983688,0.3370000123977661
YPL214C,YFL045C,0,-3.5249872,0.01863173209130764,0.06400000303983688,0.33709999918937683
YNL163C,YOL104C,0,-3.525047,0.01862630993127823,0.06400000303983688,0.33719998598098755
YLL026W,YBR294W,0,-3.5250678,0.018620889633893967,0.06400000303983688,0.33730000257492065
YMR099C,YDR495C,0,-3.5250912,0.018615474924445152,0.06400000303983688,0.33739998936653137
YML042W,YPL096W,0,-3.52527,0.018610060214996338,0.06400000303983688,0.3375000059604645
YJL085W,YPL064C,0,-3.5258894,0.01860465109348297,0.06400000303983688,0.3375999927520752
YIL172C,YGL107C,0,-3.525943,0.018599243834614754,0.06400000303983688,0.3377000093460083
YLR154C,YJL194W,1,-3.5259793,0.01888437010347843,0.06499999761581421,0.3377000093460083
YPL043W,YLR214W,0,-3.5262475,0.018878884613513947,0.06499999761581421,0.337799996137619
YCR045C,YAR031W,0,-3.5263753,0.01887340284883976,0.06499999761581421,0.3379000127315521
YDR423C,YNR038W,0,-3.5264645,0.01886792480945587,0.06499999761581421,0.33799999952316284
YOR254C,YLR126C,0,-3.5265048,0.018862448632717133,0.06499999761581421,0.33809998631477356
YOR391C,YOL061W,0,-3.526677,0.018856976181268692,0.06499999761581421,0.33820000290870667
YOL116W,YIL171W,0,-3.5266976,0.01885150745511055,0.06499999761581421,0.3382999897003174
YOR254C,YEL059C-A,0,-3.5267012,0.018846042454242706,0.06499999761581421,0.3384000062942505
YOL064C,YJL103C,0,-3.5267673,0.018840579316020012,0.06499999761581421,0.3384999930858612
YDR261C,YPL151C,0,-3.5267932,0.018835119903087616,0.06499999761581421,0.3386000096797943
YLR381W,YLR367W,0,-3.5270715,0.01882966421544552,0.06499999761581421,0.33869999647140503
YLR403W,YBL064C,0,-3.5271688,0.01882421039044857,0.06499999761581421,0.33880001306533813
YPL147W,YBR240C,0,-3.5273352,0.01881876029074192,0.06499999761581421,0.33889999985694885
YDL098C,YLR189C,0,-3.5273893,0.01881331391632557,0.06499999761581421,0.33899998664855957
YHR113W,YIL018W,0,-3.5276895,0.018807871267199516,0.06499999761581421,0.3391000032424927
YCR002C,YDR224C,0,-3.527924,0.018802430480718613,0.06499999761581421,0.3391999900341034
YCR011C,YLR157C,0,-3.5279994,0.01879699155688286,0.06499999761581421,0.3393000066280365
YKL001C,YPR108W,0,-3.5281734,0.01879155822098255,0.06499999761581421,0.3393999934196472
YDR545W,YBR159W,0,-3.528217,0.018786126747727394,0.06499999761581421,0.3395000100135803
YDL160C,YML061C,0,-3.528243,0.018780698999762535,0.06499999761581421,0.33959999680519104
YJR132W,YDL119C,0,-3.528315,0.018775274977087975,0.06499999761581421,0.33970001339912415
YPL078C,YBR158W,0,-3.528334,0.018769852817058563,0.06499999761581421,0.33980000019073486
YBR038W,YMR061W,0,-3.528419,0.01876443438231945,0.06499999761581421,0.3398999869823456
YHL003C,YEL056W,0,-3.5284553,0.018759019672870636,0.06499999761581421,0.3400000035762787
YGL106W,YMR090W,0,-3.5285177,0.01875360682606697,0.06499999761581421,0.3400999903678894
YBL035C,YJL026W,1,-3.528676,0.019036630168557167,0.06599999964237213,0.3400999903678894
YGR104C,YNR021W,0,-3.5288148,0.019031140953302383,0.06599999964237213,0.3402000069618225
YOR018W,YDR342C,0,-3.5293732,0.019025655463337898,0.06599999964237213,0.3402999937534332
YGR032W,YDL227C,0,-3.5295248,0.01902017369866371,0.06599999964237213,0.34040001034736633
YDR200C,YGR159C,0,-3.529642,0.019014693796634674,0.06599999964237213,0.34049999713897705
YLR026C,YGR001C,0,-3.529663,0.019009215757250786,0.06599999964237213,0.34060001373291016
YBL113C,YGL244W,0,-3.5297346,0.019003743305802345,0.06599999964237213,0.3407000005245209
YPL276W,YPR167C,0,-3.5297594,0.018998272716999054,0.06599999964237213,0.3407999873161316
YOR065W,YKL043W,0,-3.5297923,0.01899280585348606,0.06599999964237213,0.3409000039100647
YMR159C,YHR179W,0,-3.5298982,0.018987340852618217,0.06599999964237213,0.3409999907016754
YMR001C,YER129W,1,-3.529942,0.019269485026597977,0.06700000166893005,0.3409999907016754
YMR117C,YMR016C,0,-3.5299578,0.019263945519924164,0.06700000166893005,0.3411000072956085
YHR081W,YFR047C,0,-3.5299735,0.0192584078758955,0.06700000166893005,0.34119999408721924
YER165W,YLR426W,0,-3.5299873,0.019252873957157135,0.06700000166893005,0.34130001068115234
YDR148C,YBR091C,0,-3.5299883,0.01924734190106392,0.06700000166893005,0.34139999747276306
YLR316C,YHR004C,0,-3.5302248,0.01924181543290615,0.06700000166893005,0.34150001406669617
YJL216C,YDR105C,0,-3.530336,0.019236290827393532,0.06700000166893005,0.3416000008583069
YPL051W,YCL008C,0,-3.5307188,0.01923076994717121,0.06700000166893005,0.3416999876499176
YDL061C,YBR237W,0,-3.5308034,0.01922525092959404,0.06700000166893005,0.3418000042438507
YHR010W,YKR030W,0,-3.53082,0.019219735637307167,0.06700000166893005,0.3418999910354614
YJL056C,YDR109C,0,-3.530846,0.019214224070310593,0.06700000166893005,0.34200000762939453
YOL152W,YGR017W,0,-3.5308785,0.019208716228604317,0.06700000166893005,0.34209999442100525
YLL017W,YKL006W,0,-3.530879,0.01920321024954319,0.06700000166893005,0.34220001101493835
YKL205W,YKL034W,0,-3.5309796,0.019197707995772362,0.06700000166893005,0.3422999978065491
YPL011C,YHR021C,0,-3.5311165,0.019192209467291832,0.06700000166893005,0.3424000144004822
YKR008W,YPL090C,0,-3.531394,0.01918671280145645,0.06700000166893005,0.3425000011920929
YBL080C,YLR029C,0,-3.53151,0.01918121986091137,0.06700000166893005,0.3425999879837036
YDR380W,YOL005C,0,-3.5315237,0.019175730645656586,0.06700000166893005,0.3427000045776367
YDR122W,YNL182C,0,-3.5315278,0.01917024329304695,0.06700000166893005,0.34279999136924744
YLL061W,YOL028C,0,-3.5315433,0.019164759665727615,0.06700000166893005,0.34290000796318054
YFR030W,YMR289W,0,-3.5316257,0.019159279763698578,0.06700000166893005,0.34299999475479126
YLR270W,YMR065W,0,-3.5316622,0.01915380172431469,0.06700000166893005,0.34310001134872437
YBR026C,YGL178W,0,-3.5316827,0.0191483274102211,0.06700000166893005,0.3431999981403351
YPL276W,YOR209C,0,-3.5316868,0.01914285682141781,0.06700000166893005,0.3433000147342682
YBR028C,YOR279C,0,-3.5317202,0.019137389957904816,0.06700000166893005,0.3434000015258789
YGR205W,YKL002W,0,-3.5318701,0.019131924957036972,0.06700000166893005,0.3434999883174896
YLL017W,YOR057W,0,-3.5319371,0.019126463681459427,0.06700000166893005,0.34360000491142273
YDL130W,YIR023W,0,-3.53195,0.01912100426852703,0.06700000166893005,0.34369999170303345
YPL082C,YDL215C,0,-3.532242,0.019115548580884933,0.06700000166893005,0.34380000829696655
YGL035C,YIL124W,0,-3.532395,0.019110096618533134,0.06700000166893005,0.34389999508857727
YNL188W,YBR189W,0,-3.5325527,0.019104648381471634,0.06700000166893005,0.3440000116825104
YBR092C,YPL244C,0,-3.5326843,0.019099202007055283,0.06700000166893005,0.3440999984741211
YGR254W,YKR056W,0,-3.5327954,0.01909375935792923,0.06700000166893005,0.3441999852657318
YMR316W,YMR295C,0,-3.5328946,0.019088318571448326,0.06700000166893005,0.3443000018596649
YNL230C,YJR025C,0,-3.5328946,0.01908288151025772,0.06700000166893005,0.34439998865127563
YPL078C,YDL033C,0,-3.533001,0.019077448174357414,0.06700000166893005,0.34450000524520874
YMR128W,YJL034W,0,-3.5330067,0.019072018563747406,0.06700000166893005,0.34459999203681946
YFL041W,YGL158W,0,-3.5330358,0.019066590815782547,0.06700000166893005,0.34470000863075256
YDR545W,YCR091W,0,-3.5331593,0.019061166793107986,0.06700000166893005,0.3447999954223633
YER129W,YER070W,1,-3.533437,0.019340159371495247,0.06800000369548798,0.3447999954223633
YKL096W-A,YAL011W,0,-3.5335395,0.019334660843014717,0.06800000369548798,0.3449000120162964
YLR390W,YDL149W,0,-3.53359,0.019329164177179337,0.06800000369548798,0.3449999988079071
YBR297W,YJR073C,0,-3.5336013,0.019323671236634254,0.06800000369548798,0.3450999855995178
YDR018C,YGL238W,0,-3.5336163,0.01931818202137947,0.06800000369548798,0.3452000021934509
YMR302C,YGR266W,0,-3.5336494,0.019312694668769836,0.06800000369548798,0.34529998898506165
YBR085W,YER038C,0,-3.5337005,0.0193072110414505,0.06800000369548798,0.34540000557899475
YNL210W,YNL161W,0,-3.5338507,0.019301731139421463,0.06800000369548798,0.34549999237060547
YLR386W,YEL002C,0,-3.533901,0.019296254962682724,0.06800000369548798,0.3456000089645386
YDR003W,YKL110C,0,-3.5340207,0.019290780648589134,0.06800000369548798,0.3456999957561493
YLR134W,YHL017W,0,-3.5341048,0.019285310059785843,0.06800000369548798,0.3458000123500824
YIL113W,YML061C,0,-3.5341344,0.0192798413336277,0.06800000369548798,0.3458999991416931
YEL041W,YPL169C,0,-3.5341682,0.019274376332759857,0.06800000369548798,0.34599998593330383
YER111C,YKL081W,0,-3.534202,0.019268915057182312,0.06800000369548798,0.34610000252723694
YJL080C,YHR146W,0,-3.5342267,0.019263455644249916,0.06800000369548798,0.34619998931884766
YOL086C,YMR097C,0,-3.5343118,0.01925799995660782,0.06800000369548798,0.34630000591278076
YDR054C,YPL168W,0,-3.534608,0.01925254799425602,0.06800000369548798,0.3463999927043915
YKR072C,YOL092W,0,-3.5347126,0.01924709789454937,0.06800000369548798,0.3465000092983246
YAL033W,YBR180W,0,-3.5347824,0.019241653382778168,0.06800000369548798,0.3465999960899353
YFR030W,YMR227C,0,-3.5348969,0.019236208871006966,0.06800000369548798,0.3467000126838684
YLR466W,YDR170W-A,0,-3.535046,0.01923076994717121,0.06800000369548798,0.3467999994754791
YDR190C,YNL217W,0,-3.5351057,0.019225332885980606,0.06800000369548798,0.34689998626708984
YDR343C,YNL189W,0,-3.53514,0.01921989768743515,0.06800000369548798,0.34700000286102295
YIL078W,YJR078W,0,-3.5352216,0.019214468076825142,0.06800000369548798,0.34709998965263367
YML028W,YAL030W,0,-3.5354273,0.019209040328860283,0.06800000369548798,0.3472000062465668
YOR297C,YBR065C,0,-3.5354567,0.019203614443540573,0.06800000369548798,0.3472999930381775
YOR273C,YNL038W,0,-3.5354772,0.019198192283511162,0.06800000369548798,0.3474000096321106
YMR308C,YPL110C,0,-3.535582,0.01919277384877205,0.06800000369548798,0.3474999964237213
YHR006W,YOR348C,0,-3.5358171,0.019187359139323235,0.06800000369548798,0.3476000130176544
YOR396W,YKR044W,0,-3.5359688,0.01918194629251957,0.06800000369548798,0.34769999980926514
YIL119C,YDR453C,0,-3.535974,0.019176537171006203,0.06800000369548798,0.34779998660087585
YER088C,YCR092C,0,-3.5360417,0.019171129912137985,0.06800000369548798,0.34790000319480896
YJR138W,YER049W,0,-3.5361013,0.019165726378560066,0.06800000369548798,0.3479999899864197
YML031W,YPR083W,0,-3.5361166,0.019160326570272446,0.06800000369548798,0.3481000065803528
YGR292W,YER014C-A,0,-3.536159,0.019154930487275124,0.06800000369548798,0.3481999933719635
YLR120C,YHR088W,0,-3.536162,0.01914953626692295,0.06800000369548798,0.3483000099658966
YBR075W,YMR225C,0,-3.5362887,0.019144143909215927,0.06800000369548798,0.3483999967575073
YGR103W,YPR042C,0,-3.536302,0.019138755276799202,0.06800000369548798,0.34850001335144043
YGR118W,YOR069W,0,-3.5363147,0.019133370369672775,0.06800000369548798,0.34860000014305115
YNL055C,YJL071W,0,-3.5364761,0.019127989187836647,0.06800000369548798,0.34869998693466187
YER007W,YHR092C,0,-3.5365784,0.019122609868645668,0.06800000369548798,0.34880000352859497
YBL011W,YML082W,0,-3.5366025,0.019117234274744987,0.06800000369548798,0.3488999903202057
YOR346W,YCR086W,1,-3.5366082,0.019392916932702065,0.0689999982714653,0.3488999903202057
YPL153C,YER070W,1,-3.5367386,0.019668446853756905,0.07000000029802322,0.3488999903202057
YGR101W,YDL235C,0,-3.536786,0.019662922248244286,0.07000000029802322,0.3490000069141388
YIL062C,YJR022W,0,-3.5368073,0.019657399505376816,0.07000000029802322,0.3490999937057495
YFL014W,YHR140W,0,-3.53698,0.019651880487799644,0.07000000029802322,0.3492000102996826
YDL123W,YPL134C,0,-3.5370476,0.01964636519551277,0.07000000029802322,0.34929999709129333
YCL059C,YDL035C,0,-3.537147,0.019640853628516197,0.07000000029802322,0.34940001368522644
YOL155C,YBR155W,0,-3.5374036,0.019635343924164772,0.07000000029802322,0.34950000047683716
YBL082C,YOR261C,0,-3.5376444,0.019629837945103645,0.07000000029802322,0.3495999872684479
YPR003C,YPR057W,0,-3.5377612,0.019624333828687668,0.07000000029802322,0.349700003862381
YDR317W,YNL178W,0,-3.537786,0.01961883343756199,0.07000000029802322,0.3497999906539917
YDR410C,YDR406W,0,-3.5378265,0.01961333677172661,0.07000000029802322,0.3499000072479248
YOL086W-A,YDR441C,0,-3.5380392,0.019607843831181526,0.07000000029802322,0.3499999940395355
YPL001W,YDL114W,0,-3.538271,0.019602352753281593,0.07000000029802322,0.35010001063346863
YCL004W,YDR170W-A,0,-3.5382748,0.01959686540067196,0.07000000029802322,0.35019999742507935
YDR309C,YBL058W,0,-3.5383341,0.019591379910707474,0.07000000029802322,0.35030001401901245
YJR053W,YPL218W,0,-3.5383487,0.019585898146033287,0.07000000029802322,0.35040000081062317
YPL259C,YDL059C,0,-3.5384119,0.0195804201066494,0.07000000029802322,0.3504999876022339
YLR067C,YIR026C,0,-3.5385308,0.01957494392991066,0.07000000029802322,0.350600004196167
YER020W,YNR044W,0,-3.538549,0.01956947147846222,0.07000000029802322,0.3506999909877777
YCR053W,YGR142W,0,-3.5385852,0.019564002752304077,0.07000000029802322,0.3508000075817108
YEL005C,YJL011C,0,-3.538639,0.019558535888791084,0.07000000029802322,0.35089999437332153
YOL066C,YOL057W,0,-3.5387282,0.01955307275056839,0.07000000029802322,0.35100001096725464
YDL056W,YHL024W,1,-3.5388017,0.019826864823698997,0.07100000232458115,0.35100001096725464
YGL226W,YDR233C,0,-3.5388207,0.019821329042315483,0.07100000232458115,0.35109999775886536
YPR005C,YJL109C,0,-3.5390062,0.019815796986222267,0.07100000232458115,0.35120001435279846
YEL015W,YBR092C,0,-3.5390103,0.01981026865541935,0.07100000232458115,0.3513000011444092
YFL005W,YGL010W,0,-3.5390878,0.01980474218726158,0.07100000232458115,0.3513999879360199
YML031W,YMR273C,0,-3.5392995,0.01979921944439411,0.07100000232458115,0.351500004529953
YBR075W,YOR259C,0,-3.539396,0.01979369856417179,0.07100000232458115,0.3515999913215637
YPL156C,YNL176C,0,-3.5395505,0.019788183271884918,0.07100000232458115,0.3517000079154968
YJL026W,YDR121W,1,-3.5397396,0.020061299204826355,0.07199999690055847,0.3517000079154968
YNL175C,YBR052C,0,-3.539861,0.020055709406733513,0.07199999690055847,0.35179999470710754
YHR029C,YPL144W,0,-3.5399761,0.02005012519657612,0.07199999690055847,0.35190001130104065
YPL231W,YOR075W,0,-3.5400124,0.020044542849063873,0.07199999690055847,0.35199999809265137
YDL229W,YLR004C,0,-3.540143,0.020038964226841927,0.07199999690055847,0.3521000146865845
YMR281W,YLL008W,0,-3.5404367,0.02003338932991028,0.07199999690055847,0.3522000014781952
YDL133C-A,YER033C,0,-3.5404685,0.02002781629562378,0.07199999690055847,0.3522999882698059
YOR251C,YMR033W,0,-3.5405798,0.02002224698662758,0.07199999690055847,0.352400004863739
YJR097W,YDR107C,0,-3.5406842,0.020016681402921677,0.07199999690055847,0.35249999165534973
YMR086W,YOR278W,0,-3.540689,0.020011117681860924,0.07199999690055847,0.35260000824928284
YPR114W,YCR046C,0,-3.5406957,0.02000555768609047,0.07199999690055847,0.35269999504089355
YDR246W,YMR136W,0,-3.5407128,0.019999999552965164,0.07199999690055847,0.35280001163482666
YGL211W,YPR198W,0,-3.5408082,0.019994445145130157,0.07199999690055847,0.3528999984264374
YDR045C,YOL157C,0,-3.5408134,0.01998889446258545,0.07199999690055847,0.3529999852180481
YLL033W,YGR034W,0,-3.5408692,0.01998334750533104,0.07199999690055847,0.3531000018119812
YDR384C,YBR069C,0,-3.5410259,0.01997780241072178,0.07199999690055847,0.3531999886035919
YHR122W,YER022W,0,-3.5410714,0.019972261041402817,0.07199999690055847,0.353300005197525
YDR127W,YGR008C,0,-3.5411038,0.019966721534729004,0.07199999690055847,0.35339999198913574
YLR265C,YGR054W,0,-3.541137,0.01996118575334549,0.07199999690055847,0.35350000858306885
YDR444W,YNL192W,0,-3.5411415,0.019955653697252274,0.07199999690055847,0.35359999537467957
YBR112C,YGR012W,0,-3.5416176,0.019950125366449356,0.07199999690055847,0.35370001196861267
YIL144W,YOL165C,0,-3.541634,0.019944598898291588,0.07199999690055847,0.3537999987602234
YFL061W,YGR158C,0,-3.5416403,0.01993907429277897,0.07199999690055847,0.3538999855518341
YHR139C,YOR236W,0,-3.5416555,0.019933555275201797,0.07199999690055847,0.3540000021457672
YMR195W,YGR005C,0,-3.541843,0.019928038120269775,0.07199999690055847,0.35409998893737793
YNL044W,YLR060W,0,-3.5418797,0.019922522827982903,0.07199999690055847,0.35420000553131104
YBL075C,YDR228C,0,-3.5418992,0.019917013123631477,0.07199999690055847,0.35429999232292175
YDR280W,YLR039C,0,-3.542114,0.0199115052819252,0.07199999690055847,0.35440000891685486
YDL093W,YHR122W,0,-3.5422626,0.019905999302864075,0.07199999690055847,0.3544999957084656
YMR238W,YDR422C,0,-3.5423107,0.019900497049093246,0.07199999690055847,0.3546000123023987
YOR340C,YGL135W,0,-3.5423117,0.019894998520612717,0.07199999690055847,0.3546999990940094
YLL016W,YGR124W,0,-3.5423727,0.019889501854777336,0.07199999690055847,0.3547999858856201
YIL132C,YPL178W,0,-3.5424452,0.019884010776877403,0.07199999690055847,0.3549000024795532
YDR067C,YGR138C,0,-3.5424514,0.01987851969897747,0.07199999690055847,0.35499998927116394
YNL175C,YDL135C,0,-3.5425234,0.019873034209012985,0.07199999690055847,0.35510000586509705
YPR108W,YDR170W-A,0,-3.5425892,0.01986755058169365,0.07199999690055847,0.35519999265670776
YKL041W,YPR002W,0,-3.5426445,0.019862068817019463,0.07199999690055847,0.35530000925064087
YBR005W,YMR304W,0,-3.5428185,0.019856590777635574,0.07199999690055847,0.3553999960422516
YOR061W,YNL095C,0,-3.542859,0.019851116463541985,0.07199999690055847,0.3555000126361847
YDR044W,YNL101W,0,-3.5431323,0.019845645874738693,0.07199999690055847,0.3555999994277954
YOL139C,YKL185W,0,-3.543206,0.01984017714858055,0.07199999690055847,0.35569998621940613
YHR215W,YOR145C,0,-3.5432854,0.01983471028506756,0.07199999690055847,0.35580000281333923
YJL181W,YPL207W,0,-3.5433962,0.019829249009490013,0.07199999690055847,0.35589998960494995
YIR014W,YNR045W,0,-3.5435438,0.019823787733912468,0.07199999690055847,0.35600000619888306
YDR308C,YDR358W,0,-3.5436819,0.01981833204627037,0.07199999690055847,0.3560999929904938
YMR025W,YLR185W,0,-3.5437083,0.019812878221273422,0.07199999690055847,0.3562000095844269
YKR062W,YGL031C,0,-3.543718,0.019807428121566772,0.07199999690055847,0.3562999963760376
YFR018C,YML088W,0,-3.543752,0.019801979884505272,0.07199999690055847,0.3564000129699707
YDL206W,YML100W,0,-3.543758,0.01979653537273407,0.07199999690055847,0.3564999997615814
YPR178W,YFR045W,0,-3.5438342,0.019791094586253166,0.07199999690055847,0.35659998655319214
YKL185W,YGL089C,0,-3.543952,0.019785655662417412,0.07199999690055847,0.35670000314712524
YGL053W,YPL018W,0,-3.5440016,0.019780220463871956,0.07199999690055847,0.35679998993873596
YHL025W,YKL099C,0,-3.5441709,0.01977478712797165,0.07199999690055847,0.35690000653266907
YLL017W,YMR136W,0,-3.5442872,0.01976935751736164,0.07199999690055847,0.3569999933242798
YJR096W,YFR016C,0,-3.5443366,0.01976393163204193,0.07199999690055847,0.3571000099182129
YNL191W,YFL048C,0,-3.544423,0.01975850760936737,0.07199999690055847,0.3571999967098236
YDR380W,YFR045W,0,-3.544438,0.01975308731198311,0.07199999690055847,0.3573000133037567
YGR177C,YAL002W,0,-3.544529,0.019747668877243996,0.07199999690055847,0.35740000009536743
YMR105C,YLR348C,0,-3.544551,0.01974225416779518,0.07199999690055847,0.35749998688697815
YDR178W,YLR291C,0,-3.5446136,0.019736841320991516,0.07199999690055847,0.35760000348091125
YGR155W,YOR357C,0,-3.544702,0.0197314340621233,0.07199999690055847,0.357699990272522
YBR181C,YHR056C,0,-3.5447698,0.01972602680325508,0.07199999690055847,0.3578000068664551
YKR100C,YGR271W,0,-3.5447757,0.01972062513232231,0.07199999690055847,0.3578999936580658
YMR114C,YCL032W,0,-3.544998,0.01971522532403469,0.07199999690055847,0.3580000102519989
YLR286C,YHR092C,0,-3.5451262,0.01970982737839222,0.07199999690055847,0.3580999970436096
YMR298W,YJL046W,0,-3.5451612,0.019704433158040047,0.07199999690055847,0.3582000136375427
YPL131W,YLR097C,0,-3.545183,0.019699042662978172,0.07199999690055847,0.35830000042915344
YMR168C,YGR295C,0,-3.5452697,0.019693654030561447,0.07199999690055847,0.35839998722076416
YJR016C,YKL203C,0,-3.5453048,0.01968826912343502,0.07199999690055847,0.35850000381469727
YOL069W,YHR008C,0,-3.5455637,0.019682886078953743,0.07199999690055847,0.358599990606308
YMR131C,YML018C,0,-3.545576,0.019677506759762764,0.07199999690055847,0.3587000072002411
YNL258C,YKL063C,0,-3.5456018,0.019672131165862083,0.07199999690055847,0.3587999939918518
YPL134C,YLL034C,0,-3.545726,0.019666757434606552,0.07199999690055847,0.3589000105857849
YFR018C,YDR263C,0,-3.545731,0.01966138742864132,0.07199999690055847,0.35899999737739563
YPL269W,YBL021C,0,-3.5457664,0.019656019285321236,0.07199999690055847,0.35910001397132874
YDR178W,YOR156C,0,-3.5458293,0.01965065486729145,0.07199999690055847,0.35920000076293945
YMR204C,YDR469W,0,-3.5464487,0.019645294174551964,0.07199999690055847,0.35929998755455017
YHR210C,YBR287W,0,-3.5465226,0.019639935344457626,0.07199999690055847,0.3594000041484833
YMR234W,YHL024W,1,-3.5465245,0.019907280802726746,0.0729999989271164,0.3594000041484833
YLR048W,YIL064W,0,-3.546607,0.019901853054761887,0.0729999989271164,0.359499990940094
YOR019W,YOL051W,0,-3.546616,0.019896429032087326,0.0729999989271164,0.3596000075340271
YBL038W,YMR087W,0,-3.546631,0.019891008734703064,0.0729999989271164,0.3596999943256378
YDR128W,YOR174W,0,-3.5466757,0.01988559029996395,0.0729999989271164,0.3598000109195709
YLR247C,YHR002W,0,-3.546737,0.019880173727869987,0.0729999989271164,0.35989999771118164
YML132W,YLR248W,0,-3.5469537,0.019874760881066322,0.0729999989271164,0.36000001430511475
YKR007W,YDR030C,0,-3.5470421,0.019869351759552956,0.0729999989271164,0.36010000109672546
YML112W,YDR131C,0,-3.5470428,0.019863946363329887,0.0729999989271164,0.3601999878883362
YOR187W,YOR274W,0,-3.5471528,0.01985854096710682,0.0729999989271164,0.3603000044822693
YGR001C,YNR061C,0,-3.547205,0.0198531411588192,0.0729999989271164,0.36039999127388
YOR065W,YBR153W,0,-3.5473676,0.019847743213176727,0.0729999989271164,0.3605000078678131
YOR142W,YDR078C,0,-3.5474713,0.019842348992824554,0.0729999989271164,0.36059999465942383
YDR144C,YDL240W,0,-3.5475943,0.01983695663511753,0.0729999989271164,0.36070001125335693
YCR092C,YNL095C,0,-3.5477495,0.019831568002700806,0.0729999989271164,0.36079999804496765
YIL053W,YBR261C,0,-3.5477943,0.01982618123292923,0.0729999989271164,0.36090001463890076
YCR044C,YBR001C,0,-3.5478988,0.019820798188447952,0.0729999989271164,0.3610000014305115
YHR136C,YGL183C,0,-3.5479133,0.019815418869256973,0.0729999989271164,0.3610999882221222
YLL011W,YGR202C,0,-3.5480275,0.019810041412711143,0.0729999989271164,0.3612000048160553
YFL004W,YMR094W,0,-3.5481138,0.019804665818810463,0.0729999989271164,0.361299991607666
YML127W,YDL124W,0,-3.5482,0.01979929395020008,0.0729999989271164,0.3614000082015991
YNL123W,YHR209W,0,-3.5483267,0.019793925806879997,0.0729999989271164,0.36149999499320984
YDR447C,YNL259C,0,-3.548423,0.019788561388850212,0.0729999989271164,0.36160001158714294
YDR515W,YMR090W,0,-3.5487392,0.019783196970820427,0.0729999989271164,0.36169999837875366
YGR070W,YHR143W,0,-3.5487719,0.01977783814072609,0.0729999989271164,0.3617999851703644
YGL168W,YER070W,1,-3.5487795,0.02004333771765232,0.07400000095367432,0.3617999851703644
YOL145C,YLR278C,0,-3.5488095,0.020037909969687462,0.07400000095367432,0.3619000017642975
YOR216C,YER030W,0,-3.5488706,0.0200324859470129,0.07400000095367432,0.3619999885559082
YGR286C,YPR161C,0,-3.5488758,0.02002706378698349,0.07400000095367432,0.3621000051498413
YLR160C,YER127W,0,-3.5490832,0.020021645352244377,0.07400000095367432,0.362199991941452
YOR249C,YGR205W,0,-3.5492122,0.020016228780150414,0.07400000095367432,0.36230000853538513
YOL108C,YBR286W,0,-3.549405,0.02001081593334675,0.07400000095367432,0.36239999532699585
YGL183C,YGL246C,0,-3.549554,0.02000540681183338,0.07400000095367432,0.36250001192092896
YBR087W,YGR180C,1,-3.549759,0.020270269364118576,0.07500000298023224,0.36250001192092896
YDR012W,YEL006W,0,-3.549848,0.020264793187379837,0.07500000298023224,0.3625999987125397
YLR102C,YPL274W,0,-3.549973,0.020259318873286247,0.07500000298023224,0.3626999855041504
YPL155C,YMR004W,0,-3.549985,0.020253848284482956,0.07500000298023224,0.3628000020980835
YPR192W,YEL048C,0,-3.5500202,0.020248379558324814,0.07500000298023224,0.3628999888896942
YMR234W,YAR007C,1,-3.5501087,0.020512821152806282,0.07599999755620956,0.3628999888896942
YLR040C,YMR022W,0,-3.5501273,0.020507285371422768,0.07599999755620956,0.3630000054836273
YCL039W,YPL281C,0,-3.5503244,0.02050175331532955,0.07599999755620956,0.36309999227523804
YOR346W,YJL194W,1,-3.5503583,0.020765911787748337,0.07699999958276749,0.36309999227523804
YPL210C,YKR057W,0,-3.5503678,0.02076031267642975,0.07699999958276749,0.36320000886917114
YGL064C,YPR007C,0,-3.5505834,0.02075471729040146,0.07699999958276749,0.36329999566078186
YOR049C,YML133C,0,-3.5506372,0.020749123767018318,0.07699999958276749,0.36340001225471497
YMR297W,YER053C,0,-3.55064,0.020743533968925476,0.07699999958276749,0.3634999990463257
YNL110C,YPL198W,0,-3.5508204,0.020737947896122932,0.07699999958276749,0.3635999858379364
YGL141W,YPL103C,0,-3.5510278,0.020732363685965538,0.07699999958276749,0.3637000024318695
YJL148W,YOR047C,0,-3.551085,0.020726783201098442,0.07699999958276749,0.3637999892234802
YMR093W,YMR282C,0,-3.551222,0.020721206441521645,0.07699999958276749,0.36390000581741333
YLR460C,YOR356W,0,-3.55123,0.020715631544589996,0.07699999958276749,0.36399999260902405
YMR101C,YOL086W-A,0,-3.5512702,0.020710058510303497,0.07699999958276749,0.36410000920295715
YDL038C,YAL063C,0,-3.5512822,0.020704491063952446,0.07699999958276749,0.36419999599456787
YNR053C,YER048W-A,0,-3.551299,0.020698925480246544,0.07699999958276749,0.364300012588501
YPL259C,YCL069W,0,-3.551354,0.02069336175918579,0.07699999958276749,0.3643999993801117
YLL017W,YHL015W,0,-3.5514393,0.020687801763415337,0.07699999958276749,0.3644999861717224
YDR262W,YFL056C,0,-3.5514574,0.02068224549293518,0.07699999958276749,0.3646000027656555
YGL157W,YJL124C,0,-3.5515351,0.020676691085100174,0.07699999958276749,0.36469998955726624
YGR272C,YDL209C,0,-3.5516453,0.020671140402555466,0.07699999958276749,0.36480000615119934
YER137C,YPR060C,0,-3.551676,0.020665593445301056,0.07699999958276749,0.36489999294281006
YBR092C,YDR036C,0,-3.5517964,0.020660048350691795,0.07699999958276749,0.36500000953674316
YLL006W,YDR425W,0,-3.551906,0.020654506981372833,0.07699999958276749,0.3650999963283539
YNL302C,YLR321C,0,-3.551989,0.02064896747469902,0.07699999958276749,0.365200012922287
YOL086W-A,YMR022W,0,-3.5523891,0.020643431693315506,0.07699999958276749,0.3652999997138977
YDR092W,YOR182C,0,-3.552575,0.02063789777457714,0.07699999958276749,0.3653999865055084
YDL115C,YJR149W,0,-3.5525815,0.020632369443774223,0.07699999958276749,0.36550000309944153
YOR270C,YDL085W,0,-3.552741,0.020626841112971306,0.07699999958276749,0.36559998989105225
YPL209C,YJR092W,0,-3.5528426,0.020621318370103836,0.07699999958276749,0.36570000648498535
YEL061C,YKL205W,0,-3.5529366,0.020615795627236366,0.07699999958276749,0.36579999327659607
YMR210W,YOL059W,0,-3.5529513,0.020610278472304344,0.07699999958276749,0.3659000098705292
YMR232W,YOR098C,0,-3.5529761,0.02060476318001747,0.07699999958276749,0.3659999966621399
YDR009W,YGL139W,0,-3.5529945,0.020599251613020897,0.07699999958276749,0.366100013256073
YGL226W,YGL076C,0,-3.5530117,0.020593741908669472,0.07699999958276749,0.3662000000476837
YJL197W,YJL046W,0,-3.5530999,0.020588235929608345,0.07699999958276749,0.36629998683929443
YJL216C,YJL062W-A,0,-3.5531106,0.020582731813192368,0.07699999958276749,0.36640000343322754
YJR096W,YDR356W,0,-3.5531306,0.02057723142206669,0.07699999958276749,0.36649999022483826
YIL177C,YLR356W,0,-3.5532403,0.020571734756231308,0.07699999958276749,0.36660000681877136
YCR063W,YLL067C,0,-3.5534353,0.020566239953041077,0.07699999958276749,0.3666999936103821
YPL050C,YBR041W,0,-3.5534449,0.020560747012495995,0.07699999958276749,0.3668000102043152
YFR052W,YDR239C,0,-3.5535955,0.02055525965988636,0.07699999958276749,0.3668999969959259
YJL082W,YKL191W,0,-3.5536113,0.020549772307276726,0.07699999958276749,0.367000013589859
YLR025W,YGR194C,0,-3.553687,0.02054429054260254,0.07699999958276749,0.3671000003814697
YKL114C,YOR353C,0,-3.5536966,0.0205388106405735,0.07699999958276749,0.36719998717308044
YOR381W,YKL172W,0,-3.553727,0.020533332601189613,0.07699999958276749,0.36730000376701355
YKL028W,YDR476C,0,-3.5538473,0.020527860149741173,0.07699999958276749,0.36739999055862427
YBR122C,YDL124W,0,-3.5539732,0.020522387698292732,0.07699999958276749,0.3675000071525574
YDR253C,YCL044C,0,-3.5540562,0.02051691897213459,0.07699999958276749,0.3675999939441681
YPL011C,YDR397C,0,-3.5542195,0.020511453971266747,0.07699999958276749,0.3677000105381012
YLR409C,YEL064C,0,-3.554259,0.0205059926956892,0.07699999958276749,0.3677999973297119
YFR030W,YLR213C,0,-3.5543568,0.020500533282756805,0.07699999958276749,0.367900013923645
YBR075W,YNL238W,0,-3.5546293,0.02049507573246956,0.07699999958276749,0.36800000071525574
YGL120C,YMR312W,0,-3.5550506,0.02048962190747261,0.07699999958276749,0.36809998750686646
YLR352W,YOR119C,0,-3.5550518,0.02048417180776596,0.07699999958276749,0.36820000410079956
YLR359W,YMR056C,0,-3.5551004,0.02047872357070446,0.07699999958276749,0.3682999908924103
YER130C,YIL159W,0,-3.5551586,0.020473279058933258,0.07699999958276749,0.3684000074863434
YDR379W,YMR160W,0,-3.5553079,0.020467836409807205,0.07699999958276749,0.3684999942779541
YNL292W,YMR019W,0,-3.5553856,0.02046239748597145,0.07699999958276749,0.3686000108718872
YHR033W,YJL109C,0,-3.555497,0.020456960424780846,0.07699999958276749,0.3686999976634979
YGR274C,YAR027W,0,-3.5557346,0.02045152708888054,0.07699999958276749,0.36880001425743103
YOR338W,YBL069W,0,-3.555823,0.02044609747827053,0.07699999958276749,0.36890000104904175
YNR071C,YDR392W,0,-3.5559216,0.02044066973030567,0.07699999958276749,0.36899998784065247
YPR111W,YJL079C,0,-3.5559347,0.020435243844985962,0.07699999958276749,0.36910000443458557
YLR015W,YJR094W-A,0,-3.5559487,0.02042982168495655,0.07699999958276749,0.3691999912261963
YGR174C,YHR139C,0,-3.5561838,0.020424403250217438,0.07699999958276749,0.3693000078201294
YDL144C,YHR066W,0,-3.5562267,0.020418986678123474,0.07699999958276749,0.3693999946117401
YDL130W-A,YAL007C,0,-3.5564036,0.02041357383131981,0.07699999958276749,0.3695000112056732
YIL150C,YGR180C,1,-3.5564406,0.020673204213380814,0.07800000160932541,0.3695000112056732
YOR334W,YHR088W,0,-3.5564787,0.020667726173996925,0.07800000160932541,0.36959999799728394
YPL163C,YML099C,0,-3.5564828,0.020662251859903336,0.07800000160932541,0.36970001459121704
YNL103W,YKL178C,0,-3.5565772,0.020656779408454895,0.07800000160932541,0.36980000138282776
YDL223C,YOL136C,0,-3.5566275,0.020651310682296753,0.07800000160932541,0.3698999881744385
YDR062W,YMR137C,0,-3.556767,0.02064584381878376,0.07800000160932541,0.3700000047683716
YIL035C,YGR169C,0,-3.5572715,0.020640380680561066,0.07800000160932541,0.3700999915599823
YGR020C,YNL236W,0,-3.5573394,0.02063492126762867,0.07800000160932541,0.3702000081539154
YLR337C,YDR353W,0,-3.5573492,0.020629463717341423,0.07800000160932541,0.3702999949455261
YDL145C,YLL022C,0,-3.5575485,0.020624008029699326,0.07800000160932541,0.37040001153945923
YBR207W,YJR092W,0,-3.5575538,0.020618556067347527,0.07800000160932541,0.37049999833106995
YPL017C,YOL092W,0,-3.5575738,0.020613107830286026,0.07800000160932541,0.37059998512268066
YKL087C,YLR414C,0,-3.5576358,0.020607661455869675,0.07800000160932541,0.37070000171661377
YOR162C,YFR045W,0,-3.5577526,0.020602218806743622,0.07800000160932541,0.3707999885082245
YGL209W,YNL077W,0,-3.5578108,0.020596778020262718,0.07800000160932541,0.3709000051021576
YBR075W,YIL171W,0,-3.558111,0.020591340959072113,0.07800000160932541,0.3709999918937683
YGL258W-A,YGR017W,0,-3.558111,0.020585905760526657,0.07800000160932541,0.3711000084877014
YOR396W,YBR016W,0,-3.558111,0.0205804742872715,0.07800000160932541,0.37119999527931213
YGL258W-A,YDR204W,0,-3.558111,0.02057504653930664,0.07800000160932541,0.37130001187324524
YGL258W-A,YPR055W,0,-3.558111,0.02056962065398693,0.07800000160932541,0.37139999866485596
YGL258W-A,YPL117C,0,-3.558111,0.02056419663131237,0.07800000160932541,0.3714999854564667
YGL258W-A,YGL141W,0,-3.558111,0.020558776333928108,0.07800000160932541,0.3716000020503998
YGL258W-A,YER005W,0,-3.558111,0.020553359761834145,0.07800000160932541,0.3716999888420105
YBL113C,YCL026C-B,0,-3.558111,0.02054794505238533,0.07800000160932541,0.3718000054359436
YDR056C,YNL138W,0,-3.5581288,0.020542534068226814,0.07800000160932541,0.3718999922275543
YMR001C,YHR118C,1,-3.5581555,0.02080042101442814,0.07900000363588333,0.3718999922275543
YDR378C,YJR120W,0,-3.5583582,0.02079494670033455,0.07900000363588333,0.3720000088214874
YHR082C,YOL165C,0,-3.5584197,0.02078947424888611,0.07900000363588333,0.37209999561309814
YLR157C,YGL046W,0,-3.558424,0.020784003660082817,0.07900000363588333,0.37220001220703125
YOR346W,YHL024W,1,-3.5584345,0.02104155719280243,0.07999999821186066,0.37220001220703125
YOR322C,YLR014C,0,-3.5586061,0.021036023274064064,0.07999999821186066,0.37229999899864197
YIL150C,YCR086W,1,-3.5586696,0.02129337564110756,0.08100000023841858,0.37229999899864197
YJL179W,YDR273W,0,-3.5588648,0.02128777839243412,0.08100000023841858,0.3723999857902527
YLL061W,YMR318C,0,-3.5592415,0.02128218673169613,0.08100000023841858,0.3725000023841858
YMR262W,YGL060W,0,-3.5594335,0.021276595070958138,0.08100000023841858,0.3725999891757965
YDR288W,YOR347C,0,-3.5595055,0.021271008998155594,0.08100000023841858,0.3727000057697296
YCR044C,YDR128W,0,-3.559529,0.0212654247879982,0.08100000023841858,0.37279999256134033
YHR172W,YMR041C,0,-3.5595756,0.021259842440485954,0.08100000023841858,0.37290000915527344
YGR135W,YOL127W,0,-3.5599673,0.021254263818264008,0.08100000023841858,0.37299999594688416
YHR074W,YLR167W,0,-3.5600083,0.02124868892133236,0.08100000023841858,0.37310001254081726
YDL038C,YBR188C,0,-3.560052,0.02124311588704586,0.08100000023841858,0.373199999332428
YNL233W,YKL186C,0,-3.5601943,0.02123754657804966,0.08100000023841858,0.3732999861240387
YDR253C,YNL163C,0,-3.560231,0.02123197913169861,0.08100000023841858,0.3734000027179718
YLR074C,YHR186C,0,-3.5603633,0.021226415410637856,0.08100000023841858,0.3734999895095825
YPL163C,YLR200W,0,-3.5605025,0.021220853552222252,0.08100000023841858,0.3736000061035156
YLR419W,YGR266W,0,-3.5606933,0.021215295419096947,0.08100000023841858,0.37369999289512634
YNR071C,YBR231C,0,-3.5607886,0.02120974101126194,0.08100000023841858,0.37380000948905945
YMR001C,YJL173C,1,-3.560883,0.0214659683406353,0.0820000022649765,0.37380000948905945
YJL045W,YOR317W,0,-3.561059,0.02146035060286522,0.0820000022649765,0.37389999628067017
YGR001C,YLL035W,0,-3.561174,0.021454736590385437,0.0820000022649765,0.37400001287460327
YML088W,YIL138C,0,-3.561182,0.021449124440550804,0.0820000022649765,0.374099999666214
YLR427W,YLR042C,0,-3.5612116,0.02144351415336132,0.0820000022649765,0.3741999864578247
YFR034C,YMR099C,0,-3.561232,0.021437907591462135,0.0820000022649765,0.3743000030517578
YCL075W,YLR165C,0,-3.561305,0.02143230475485325,0.0820000022649765,0.37439998984336853
YOR267C,YGL085W,0,-3.5613866,0.02142670564353466,0.0820000022649765,0.37450000643730164
YOR315W,YOL061W,0,-3.561637,0.02142110839486122,0.0820000022649765,0.37459999322891235
YCR038C,YPL218W,0,-3.5617452,0.02141551300883293,0.0820000022649765,0.37470000982284546
YMR015C,YGL083W,0,-3.5618722,0.02140992134809494,0.0820000022649765,0.3747999966144562
YOR074C,YGR180C,1,-3.5619652,0.021665360778570175,0.08299999684095383,0.3747999966144562
YMR077C,YER027C,0,-3.5620604,0.02165970765054226,0.08299999684095383,0.3749000132083893
YLR153C,YNL282W,0,-3.5623336,0.021654056385159492,0.08299999684095383,0.375
YJL179W,YDR011W,0,-3.5625322,0.021648408845067024,0.08299999684095383,0.3750999867916107
YNL020C,YGR086C,0,-3.5626109,0.021642763167619705,0.08299999684095383,0.3752000033855438
YNL147W,YGL014W,0,-3.5626981,0.021637121215462685,0.08299999684095383,0.37529999017715454
YBR142W,YGL103W,0,-3.5627587,0.021631482988595963,0.08299999684095383,0.37540000677108765
YLR214W,YFL049W,0,-3.5628376,0.02162584662437439,0.08299999684095383,0.37549999356269836
YBR075W,YJL128C,0,-3.5630245,0.021620213985443115,0.08299999684095383,0.37560001015663147
YPL133C,YDR297W,0,-3.563146,0.02161458320915699,0.08299999684095383,0.3756999969482422
YGR124W,YOR027W,0,-3.5631895,0.021608956158161163,0.08299999684095383,0.3758000135421753
YAL068C,YCL026C-B,0,-3.5632098,0.021603330969810486,0.08299999684095383,0.375900000333786
YCR077C,YCR005C,0,-3.5632663,0.021597709506750107,0.08299999684095383,0.37599998712539673
YGL211W,YPL280W,0,-3.5635257,0.021592091768980026,0.08299999684095383,0.37610000371932983
YOR092W,YER162C,0,-3.5637732,0.021586475893855095,0.08299999684095383,0.37619999051094055
YER068W,YDR248C,0,-3.5638435,0.021580863744020462,0.08299999684095383,0.37630000710487366
YEL029C,YMR053C,0,-3.5640237,0.02157525345683098,0.08299999684095383,0.3763999938964844
YLR260W,YOL059W,0,-3.56406,0.021569646894931793,0.08299999684095383,0.3765000104904175
YDR144C,YDR439W,0,-3.5641541,0.021564042195677757,0.08299999684095383,0.3765999972820282
YER023W,YDR495C,0,-3.5643663,0.02155844122171402,0.08299999684095383,0.3767000138759613
YMR292W,YJL176C,0,-3.5644987,0.02155284397304058,0.08299999684095383,0.376800000667572
YMR184W,YGR292W,0,-3.564566,0.02154724858701229,0.08299999684095383,0.37689998745918274
YOR285W,YDL137W,0,-3.5648112,0.02154165506362915,0.08299999684095383,0.37700000405311584
YMR306W,YCL047C,0,-3.5649095,0.021536067128181458,0.08299999684095383,0.37709999084472656
YLL066C,YNL026W,0,-3.565257,0.021530479192733765,0.08299999684095383,0.37720000743865967
YDR263C,YBR240C,0,-3.5652924,0.02152489684522152,0.08299999684095383,0.3772999942302704
YDR487C,YDR495C,0,-3.5654907,0.021519316360354424,0.08299999684095383,0.3774000108242035
YIL133C,YDR389W,0,-3.5657096,0.021513737738132477,0.08299999684095383,0.3774999976158142
YCR091W,YPR174C,0,-3.5658154,0.02150816284120083,0.08299999684095383,0.3776000142097473
YDR533C,YOR129C,0,-3.5658875,0.02150258980691433,0.08299999684095383,0.37770000100135803
YBL106C,YNR019W,0,-3.5659087,0.021497022360563278,0.08299999684095383,0.37779998779296875
YIL144W,YHR023W,0,-3.5660095,0.021491454914212227,0.08299999684095383,0.37790000438690186
YMR183C,YDR288W,0,-3.5660853,0.021485891193151474,0.08299999684095383,0.3779999911785126
YPR132W,YPL002C,0,-3.566185,0.02148033119738102,0.08299999684095383,0.3781000077724457
YJL090C,YHL024W,1,-3.566187,0.02173350565135479,0.08399999886751175,0.3781000077724457
YBR114W,YMR198W,0,-3.566327,0.02172788418829441,0.08399999886751175,0.3781999945640564
YDR400W,YIL009W,0,-3.566329,0.02172226458787918,0.08399999886751175,0.3783000111579895
YMR099C,YBR146W,0,-3.566389,0.02171664871275425,0.08399999886751175,0.3783999979496002
YDR379W,YLR061W,0,-3.5664744,0.021711036562919617,0.08399999886751175,0.3785000145435333
YCL075W,YPR138C,0,-3.5664778,0.021705426275730133,0.08399999886751175,0.37860000133514404
YLR193C,YPL123C,0,-3.5665388,0.021699819713830948,0.08399999886751175,0.37869998812675476
YJR046W,YNL262W,1,-3.5665946,0.02195248007774353,0.08500000089406967,0.37869998812675476
YPL175W,YPR187W,0,-3.5668163,0.02194681204855442,0.08500000089406967,0.37880000472068787
YIL115C,YER127W,0,-3.5670147,0.02194114588201046,0.08500000089406967,0.3788999915122986
YHL016C,YER071C,0,-3.5670671,0.021935483440756798,0.08500000089406967,0.3790000081062317
YOR019W,YDL036C,0,-3.5670996,0.021929824724793434,0.08500000089406967,0.3790999948978424
YDR047W,YGL186C,0,-3.567336,0.02192416787147522,0.08500000089406967,0.3792000114917755
YER050C,YNR071C,0,-3.5673656,0.021918514743447304,0.08500000089406967,0.37929999828338623
YMR001C,YCR086W,1,-3.5674,0.022170662879943848,0.0860000029206276,0.37929999828338623
YMR143W,YIL011W,0,-3.567544,0.022164948284626007,0.0860000029206276,0.37940001487731934
YDR523C,YGR281W,0,-3.5675511,0.022159237414598465,0.0860000029206276,0.37950000166893005
YLR157C,YIR012W,0,-3.567563,0.022153528407216072,0.0860000029206276,0.37959998846054077
YNL136W,YNL247W,0,-3.5676818,0.022147823125123978,0.0860000029206276,0.3797000050544739
YJL200C,YLR214W,0,-3.5677254,0.02214212156832218,0.0860000029206276,0.3797999918460846
YDR372C,YLR139C,0,-3.5678923,0.022136421874165535,0.0860000029206276,0.3799000084400177
YLR447C,YAL011W,0,-3.5679972,0.022130725905299187,0.0860000029206276,0.3799999952316284
YHR111W,YOL127W,0,-3.5680685,0.022125031799077988,0.0860000029206276,0.3801000118255615
YLL011W,YOR179C,0,-3.5680742,0.022119341418147087,0.0860000029206276,0.38019999861717224
YJR033C,YJL125C,0,-3.5682416,0.022113654762506485,0.0860000029206276,0.38029998540878296
YIL137C,YLR196W,0,-3.5682678,0.022107969969511032,0.0860000029206276,0.38040000200271606
YJR107W,YKL085W,0,-3.568328,0.02210228703916073,0.0860000029206276,0.3804999887943268
YLR143W,YJR092W,0,-3.5684195,0.022096607834100723,0.0860000029206276,0.3806000053882599
YNL123W,YMR316W,0,-3.5687249,0.022090932354331017,0.0860000029206276,0.3806999921798706
YMR074C,YNL015W,0,-3.5688968,0.02208525873720646,0.0860000029206276,0.3808000087738037
YLL043W,YHR011W,0,-3.5690975,0.0220795888453722,0.0860000029206276,0.38089999556541443
YFL001W,YJR135W-A,0,-3.5691414,0.02207392267882824,0.0860000029206276,0.38100001215934753
YBR233W-A,YNL029C,0,-3.5691824,0.022068258374929428,0.0860000029206276,0.38109999895095825
YLR337C,YNR030W,0,-3.5691957,0.022062595933675766,0.0860000029206276,0.38119998574256897
YBL113C,YJL095W,0,-3.5692763,0.022056937217712402,0.0860000029206276,0.3813000023365021
YDR098C,YJL098W,0,-3.5693123,0.022051282227039337,0.0860000029206276,0.3813999891281128
YOR346W,YDL102W,1,-3.5694861,0.022301973775029182,0.08699999749660492,0.3813999891281128
YER044C-A,YCL057W,0,-3.5695274,0.022296259179711342,0.08699999749660492,0.3815000057220459
YDR545W,YBR054W,0,-3.5696657,0.02229054644703865,0.08699999749660492,0.3815999925136566
YGL004C,YNL122C,0,-3.5697958,0.02228483557701111,0.08699999749660492,0.3817000091075897
YBR075W,YMR285C,0,-3.5698533,0.022279128432273865,0.08699999749660492,0.38179999589920044
YLR323C,YAR015W,0,-3.5700386,0.02227342501282692,0.08699999749660492,0.38190001249313354
YOR265W,YFL066C,0,-3.5700965,0.022267725318670273,0.08699999749660492,0.38199999928474426
YPR017C,YOR341W,0,-3.5702796,0.022262027487158775,0.08699999749660492,0.382099986076355
YDR212W,YMR034C,0,-3.5703635,0.022256331518292427,0.08699999749660492,0.3822000026702881
YBR075W,YDR165W,0,-3.570434,0.022250639274716377,0.08699999749660492,0.3822999894618988
YMR001C,YDL017W,1,-3.5704427,0.022500639781355858,0.08799999952316284,0.3822999894618988
YDR486C,YGR159C,0,-3.570475,0.022494887933135033,0.08799999952316284,0.3824000060558319
YER123W,YDR381W,0,-3.57051,0.022489137947559357,0.08799999952316284,0.3824999928474426
YJL157C,YLR446W,0,-3.5707746,0.02248339354991913,0.08799999952316284,0.38260000944137573
YOL165C,YLR315W,0,-3.5709593,0.0224776491522789,0.08799999952316284,0.38269999623298645
YOR150W,YBR241C,0,-3.5710435,0.02247191034257412,0.08799999952316284,0.38280001282691956
YDR110W,YAR007C,1,-3.5710697,0.02272147126495838,0.08900000154972076,0.38280001282691956
YLR439W,YDL082W,0,-3.5711331,0.022715670987963676,0.08900000154972076,0.3828999996185303
YJL053W,YJR094W-A,0,-3.5711858,0.02270987443625927,0.08900000154972076,0.382999986410141
YMR130W,YIL009C-A,0,-3.5711935,0.02270408160984516,0.08900000154972076,0.3831000030040741
YKR026C,YDR022C,0,-3.5713592,0.022698290646076202,0.08900000154972076,0.3831999897956848
YPL276W,YKL126W,0,-3.5714493,0.022692503407597542,0.08900000154972076,0.3833000063896179
YIL160C,YHR036W,0,-3.5715442,0.02268671989440918,0.08900000154972076,0.38339999318122864
YJR051W,YGL259W,0,-3.5721612,0.022680938243865967,0.08900000154972076,0.38350000977516174
YOR123C,YMR136W,0,-3.5721745,0.022675158455967903,0.08900000154972076,0.38359999656677246
YAL023C,YKL195W,0,-3.5722404,0.022669384256005287,0.08900000154972076,0.38370001316070557
YOL086W-A,YNL335W,0,-3.5723836,0.02266361005604267,0.08900000154972076,0.3837999999523163
YLR337C,YLR188W,0,-3.5724578,0.022657841444015503,0.08900000154972076,0.383899986743927
YMR130W,YLR306W,0,-3.5725546,0.022652074694633484,0.08900000154972076,0.3840000033378601
YOR262W,YPL169C,0,-3.5725849,0.022646309807896614,0.08900000154972076,0.3840999901294708
YDL107W,YOR116C,0,-3.5727887,0.022640548646450043,0.08900000154972076,0.38420000672340393
YDR419W,YJL026W,1,-3.5728555,0.022889114916324615,0.09000000357627869,0.38420000672340393
YHR028C,YCR016W,0,-3.5728588,0.022883296012878418,0.09000000357627869,0.38429999351501465
YDR067C,YNL066W,0,-3.5729036,0.02287747897207737,0.09000000357627869,0.38440001010894775
YKL088W,YBL022C,0,-3.5729566,0.02287166379392147,0.09000000357627869,0.38449999690055847
YNL271C,YDL082W,0,-3.573075,0.02286585420370102,0.09000000357627869,0.3846000134944916
YLR237W,YKR014C,0,-3.573121,0.022860046476125717,0.09000000357627869,0.3847000002861023
YLR223C,YER041W,0,-3.5731256,0.022854240611195564,0.09000000357627869,0.384799987077713
YBR031W,YPL097W,0,-3.5733137,0.02284843847155571,0.09000000357627869,0.3849000036716461
YLR284C,YGL119W,0,-3.5734363,0.022842640057206154,0.09000000357627869,0.38499999046325684
YDR516C,YIR006C,0,-3.5735493,0.022836843505501747,0.09000000357627869,0.38510000705718994
YGR177C,YDR148C,0,-3.5739071,0.02283105067908764,0.09000000357627869,0.38519999384880066
YIL137C,YGR145W,0,-3.5739474,0.02282525971531868,0.09000000357627869,0.38530001044273376
YDL105W,YNL182C,0,-3.5739923,0.02281947247684002,0.09000000357627869,0.3853999972343445
YGR179C,YPR198W,0,-3.5740962,0.022813688963651657,0.09000000357627869,0.3855000138282776
YNL128W,YMR008C,0,-3.5742722,0.022807907313108444,0.09000000357627869,0.3856000006198883
YDR444W,YKL052C,0,-3.5742943,0.02280212752521038,0.09000000357627869,0.385699987411499
YPL004C,YPL171C,0,-3.5743215,0.022796353325247765,0.09000000357627869,0.38580000400543213
YHR167W,YPR143W,0,-3.574473,0.02279057912528515,0.09000000357627869,0.38589999079704285
YPL068C,YML031W,0,-3.5744855,0.02278481051325798,0.09000000357627869,0.38600000739097595
YKL199C,YDR312W,0,-3.5745502,0.02277904376387596,0.09000000357627869,0.38609999418258667
YJL013C,YDR204W,0,-3.5746145,0.02277327887713909,0.09000000357627869,0.3862000107765198
YJR005W,YJL174W,0,-3.5747056,0.02276751771569252,0.09000000357627869,0.3862999975681305
YLL008W,YOR327C,0,-3.574736,0.022761760279536247,0.09000000357627869,0.3864000141620636
YPR132W,YLR131C,0,-3.5749233,0.022756004706025124,0.09000000357627869,0.3865000009536743
YLR268W,YNR067C,0,-3.574977,0.0227502528578043,0.09000000357627869,0.38659998774528503
YHR037W,YDR176W,0,-3.5750983,0.022744502872228622,0.09000000357627869,0.38670000433921814
YOL090W,YAL060W,0,-3.5751066,0.022738756611943245,0.09000000357627869,0.38679999113082886
YIL051C,YGR171C,0,-3.5751681,0.022733014076948166,0.09000000357627869,0.38690000772476196
YHR154W,YDL039C,0,-3.57518,0.022727273404598236,0.09000000357627869,0.3869999945163727
YOR346W,YHR164C,1,-3.5752063,0.02297399565577507,0.09099999815225601,0.3869999945163727
YDR148C,YJL078C,0,-3.5752487,0.022968197241425514,0.09099999815225601,0.3871000111103058
YPL120W,YML081C-A,0,-3.575523,0.022962402552366257,0.09099999815225601,0.3871999979019165
YHL008C,YLR426W,0,-3.5755608,0.02295660972595215,0.09099999815225601,0.3873000144958496
YHR167W,YCR026C,0,-3.5756094,0.02295081876218319,0.09099999815225601,0.3874000012874603
YGL035C,YOL020W,0,-3.5756316,0.022945033386349678,0.09099999815225601,0.38749998807907104
YDL189W,YOL117W,0,-3.5756612,0.022939248010516167,0.09099999815225601,0.38760000467300415
YNR059W,YBR159W,0,-3.5756621,0.022933468222618103,0.09099999815225601,0.38769999146461487
YJR022W,YHR133C,0,-3.5757084,0.02292769029736519,0.09099999815225601,0.387800008058548
YGR225W,YER014W,0,-3.5757732,0.022921914234757423,0.09099999815225601,0.3878999948501587
YCL059C,YDR530C,0,-3.576023,0.022916141897439957,0.09099999815225601,0.3880000114440918
YCR072C,YJR058C,0,-3.576101,0.02291037328541279,0.09099999815225601,0.3880999982357025
YKL143W,YGL259W,0,-3.5761745,0.02290460653603077,0.09099999815225601,0.3882000148296356
YMR192W,YNR037C,0,-3.576207,0.0228988416492939,0.09099999815225601,0.38830000162124634
YMR176W,YNR044W,0,-3.5762758,0.022893082350492477,0.09099999815225601,0.38839998841285706
YML081W,YDL077C,0,-3.5762792,0.022887323051691055,0.09099999815225601,0.38850000500679016
YCR040W,YHR005C,0,-3.576283,0.02288156934082508,0.09099999815225601,0.3885999917984009
YCL029C,YPL235W,0,-3.5762997,0.022875817492604256,0.09099999815225601,0.388700008392334
YGL186C,YDL087C,0,-3.5766134,0.02287006750702858,0.09099999815225601,0.3887999951839447
YPL223C,YJL046W,0,-3.5767307,0.022864321246743202,0.09099999815225601,0.3889000117778778
YIR032C,YLR074C,0,-3.5770385,0.022858578711748123,0.09099999815225601,0.3889999985694885
YDR473C,YOR356W,0,-3.577052,0.022852838039398193,0.09099999815225601,0.38909998536109924
YBR058C-A,YBR166C,0,-3.5771148,0.022847101092338562,0.09099999815225601,0.38920000195503235
YHL011C,YLL053C,0,-3.577139,0.02284136600792408,0.09099999815225601,0.38929998874664307
YHR008C,YNR048W,0,-3.5774431,0.022835632786154747,0.09099999815225601,0.38940000534057617
YOR346W,YBR060C,1,-3.5774913,0.02308078296482563,0.09200000017881393,0.38940000534057617
YIL106W,YDR361C,0,-3.5776315,0.02307499386370182,0.09200000017881393,0.3894999921321869
YIL124W,YMR215W,0,-3.5776553,0.02306920848786831,0.09200000017881393,0.38960000872612
YPL089C,YML106W,0,-3.5776744,0.023063424974679947,0.09200000017881393,0.3896999955177307
YOR249C,YGR211W,0,-3.5776825,0.023057643324136734,0.09200000017881393,0.3898000121116638
YDR478W,YIL113W,0,-3.577737,0.02305186726152897,0.09200000017881393,0.38989999890327454
YAL016W,YLR258W,0,-3.577815,0.023046093061566353,0.09200000017881393,0.38999998569488525
YBR075W,YER147C,0,-3.578014,0.023040320724248886,0.09200000017881393,0.39010000228881836
YBR109C,YKL218C,0,-3.5780573,0.023034552112221718,0.09200000017881393,0.3901999890804291
YDR038C,YOR381W,0,-3.5780802,0.0230287853628397,0.09200000017881393,0.3903000056743622
YBR281C,YKR034W,0,-3.5781167,0.023023022338747978,0.09200000017881393,0.3903999924659729
YNR028W,YDL171C,0,-3.5784688,0.023017263039946556,0.09200000017881393,0.390500009059906
YIL052C,YMR128W,0,-3.5785456,0.023011505603790283,0.09200000017881393,0.3905999958515167
YER036C,YPL002C,0,-3.5785537,0.02300575189292431,0.09200000017881393,0.39070001244544983
YOR244W,YPL150W,0,-3.5786576,0.023000000044703484,0.09200000017881393,0.39079999923706055
YOR374W,YDR041W,0,-3.5787895,0.022994251921772957,0.09200000017881393,0.39089998602867126
YHR140W,YML088W,0,-3.5789046,0.02298850566148758,0.09200000017881393,0.39100000262260437
YPL068C,YDR371W,0,-3.5789058,0.0229827631264925,0.09200000017881393,0.3910999894142151
YPL130W,YJR118C,0,-3.578939,0.02297702245414257,0.09200000017881393,0.3912000060081482
YPL021W,YER110C,0,-3.5790894,0.02297128550708294,0.09200000017881393,0.3912999927997589
YNL096C,YCR075C,0,-3.579257,0.022965552285313606,0.09200000017881393,0.391400009393692
YBR016W,YDL008W,0,-3.579308,0.022959820926189423,0.09200000017881393,0.39149999618530273
YNL153C,YPL018W,0,-3.579316,0.022954091429710388,0.09200000017881393,0.39160001277923584
YKL178C,YMR087W,0,-3.5793285,0.022948365658521652,0.09200000017881393,0.39169999957084656
YOR074C,YGL251C,1,-3.5793478,0.023192020133137703,0.09300000220537186,0.39169999957084656
YJL052W,YDL144C,0,-3.5793538,0.02318623848259449,0.09300000220537186,0.3917999863624573
YFR027W,YER070W,1,-3.5794826,0.023429710417985916,0.09399999678134918,0.3917999863624573
YMR175W,YER147C,0,-3.5795472,0.023423872888088226,0.09399999678134918,0.3919000029563904
YPR118W,YMR139W,0,-3.5795875,0.023418037220835686,0.09399999678134918,0.3919999897480011
YJL030W,YDR046C,0,-3.5796359,0.023412203416228294,0.09399999678134918,0.3921000063419342
YER151C,YNL176C,0,-3.5797415,0.02340637519955635,0.09399999678134918,0.3921999931335449
YIL087C,YMR158W,0,-3.5798092,0.023400546982884407,0.09399999678134918,0.392300009727478
YDR444W,YOL005C,0,-3.5798483,0.02339472435414791,0.09399999678134918,0.39239999651908875
YLR154C,YER070W,1,-3.5798755,0.023637721315026283,0.0949999988079071,0.39239999651908875
YNL172W,YDL029W,0,-3.5800438,0.02363184094429016,0.0949999988079071,0.39250001311302185
YFL014W,YBR065C,0,-3.580079,0.023625964298844337,0.0949999988079071,0.39259999990463257
YOL139C,YJL057C,0,-3.5802197,0.023620089516043663,0.0949999988079071,0.3926999866962433
YJL033W,YOR147W,0,-3.580231,0.023614218458533287,0.0949999988079071,0.3928000032901764
YBR080C,YOL012C,0,-3.5802622,0.02360834926366806,0.0949999988079071,0.3928999900817871
YIR038C,YKR061W,0,-3.5804415,0.023602483794093132,0.0949999988079071,0.3930000066757202
YDR536W,YMR210W,0,-3.580474,0.023596622049808502,0.0949999988079071,0.39309999346733093
YNL007C,YOR285W,0,-3.5806305,0.02359076216816902,0.0949999988079071,0.39320001006126404
YOL086W-A,YBR052C,0,-3.5807023,0.02358490601181984,0.0949999988079071,0.39329999685287476
YLR096W,YPL281C,0,-3.5808306,0.023579051718115807,0.0949999988079071,0.39340001344680786
YLL011W,YJL025W,0,-3.5809646,0.023573201149702072,0.0949999988079071,0.3935000002384186
YOR330C,YGR180C,1,-3.5811505,0.02381543070077896,0.09600000083446503,0.3935000002384186
YHL006C,YFL066C,0,-3.5812259,0.02380952425301075,0.09600000083446503,0.3935999870300293
YMR276W,YOR079C,0,-3.5812855,0.023803619667887688,0.09600000083446503,0.3937000036239624
YJL219W,YDR262W,0,-3.5814638,0.023797718808054924,0.09600000083446503,0.3937999904155731
YJL085W,YKL179C,0,-3.5814776,0.02379182167351246,0.09600000083446503,0.3939000070095062
YLR208W,YDL175C,0,-3.5815475,0.023785926401615143,0.09600000083446503,0.39399999380111694
YIL130W,YHR041C,0,-3.581692,0.023780034855008125,0.09600000083446503,0.39410001039505005
YLR395C,YLR467W,0,-3.5816922,0.023774145171046257,0.09600000083446503,0.39419999718666077
YJL053W,YLR142W,0,-3.5817266,0.023768259212374687,0.09600000083446503,0.39430001378059387
YPL122C,YML100W,0,-3.5817559,0.023762376978993416,0.09600000083446503,0.3944000005722046
YJL181W,YIL095W,0,-3.581799,0.023756496608257294,0.09600000083446503,0.3944999873638153
YLR068W,YJR035W,0,-3.5818157,0.02375061810016632,0.09600000083446503,0.3946000039577484
YNR071C,YPR100W,0,-3.581892,0.023744743317365646,0.09600000083446503,0.39469999074935913
YBR038W,YOR251C,0,-3.5820448,0.02373887225985527,0.09600000083446503,0.39480000734329224
YLR333C,YNL251C,0,-3.5822299,0.023733003064990044,0.09600000083446503,0.39489999413490295
YOR338W,YOL011W,0,-3.5822768,0.023727137595415115,0.09600000083446503,0.39500001072883606
YBR142W,YMR311C,0,-3.5823257,0.023721275851130486,0.09600000083446503,0.3950999975204468
YBR067C,YNL032W,0,-3.5823805,0.023715414106845856,0.09600000083446503,0.3952000141143799
YMR061W,YML086C,0,-3.5823834,0.023709557950496674,0.09600000083446503,0.3953000009059906
YFR006W,YGL085W,0,-3.582547,0.02370370365679264,0.09600000083446503,0.3953999876976013
YDR534C,YLL050C,0,-3.5826116,0.023697853088378906,0.09600000083446503,0.3955000042915344
YIL150C,YBR278W,1,-3.5828338,0.023938795551657677,0.09700000286102295,0.3955000042915344
YPR019W,YBL035C,1,-3.5832067,0.024179620668292046,0.09799999743700027,0.3955000042915344
YIR031C,YDL055C,0,-3.5834432,0.024173656478524208,0.09799999743700027,0.39559999108314514
YAL008W,YGR063C,0,-3.583609,0.02416769415140152,0.09799999743700027,0.39570000767707825
YOR239W,YAL025C,0,-3.5840168,0.02416173554956913,0.09799999743700027,0.39579999446868896
YOL126C,YKL080W,0,-3.5840826,0.02415578067302704,0.09799999743700027,0.39590001106262207
YDL200C,YML043C,0,-3.5841103,0.024149827659130096,0.09799999743700027,0.3959999978542328
YGR225W,YPL006W,0,-3.5841901,0.024143878370523453,0.09799999743700027,0.3961000144481659
YKR105C,YNR052C,0,-3.5843158,0.02413793094456196,0.09799999743700027,0.3962000012397766
YFR006W,YJR076C,0,-3.584364,0.024131987243890762,0.09799999743700027,0.39629998803138733
YGR185C,YMR055C,0,-3.5846596,0.024126045405864716,0.09799999743700027,0.39640000462532043
YEL024W,YFR019W,0,-3.5847068,0.024120109155774117,0.09799999743700027,0.39649999141693115
YNL247W,YOR071C,0,-3.5847518,0.024114172905683517,0.09799999743700027,0.39660000801086426
YIL119C,YLR377C,0,-3.5848222,0.024108240380883217,0.09799999743700027,0.396699994802475
YIR023W,YOR224C,0,-3.5850391,0.024102311581373215,0.09799999743700027,0.3968000113964081
YOR230W,YGL031C,0,-3.5851383,0.024096384644508362,0.09799999743700027,0.3968999981880188
YCR038C,YDR377W,0,-3.58524,0.024090461432933807,0.09799999743700027,0.3970000147819519
YLR312W-A,YMR208W,0,-3.5852695,0.02408454194664955,0.09799999743700027,0.3971000015735626
YML047C,YMR241W,0,-3.5852842,0.024078624323010445,0.09799999743700027,0.39719998836517334
YIR023W,YFL011W,0,-3.585552,0.024072708562016487,0.09799999743700027,0.39730000495910645
YML005W,YOR338W,0,-3.5855637,0.024066798388957977,0.09799999743700027,0.39739999175071716
YDR253C,YNR041C,0,-3.5856028,0.024060888215899467,0.09799999743700027,0.39750000834465027
YDL101C,YPR184W,0,-3.585692,0.024054983630776405,0.09799999743700027,0.397599995136261
YPR091C,YNL176C,0,-3.585754,0.024049079045653343,0.09799999743700027,0.3977000117301941
YPR175W,YLR043C,1,-3.5859365,0.024288518354296684,0.0989999994635582,0.3977000117301941
YER029C,YNL046W,0,-3.5861087,0.024282561615109444,0.0989999994635582,0.3977999985218048
YHR156C,YDR500C,0,-3.586369,0.024276606738567352,0.0989999994635582,0.3978999853134155
YJL089W,YGR138C,0,-3.5865166,0.02427065372467041,0.0989999994635582,0.39800000190734863
YDR416W,YIL155C,0,-3.5865993,0.024264706298708916,0.0989999994635582,0.39809998869895935
YDR226W,YJR108W,0,-3.58682,0.02425876073539257,0.0989999994635582,0.39820000529289246
YIL138C,YDR204W,0,-3.5868897,0.024252817034721375,0.0989999994635582,0.3982999920845032
YCL052C,YNL259C,0,-3.586928,0.024246877059340477,0.0989999994635582,0.3984000086784363
YNL213C,YDR270W,0,-3.5869312,0.024240940809249878,0.0989999994635582,0.398499995470047
YLR098C,YIL160C,0,-3.5870214,0.024235006421804428,0.0989999994635582,0.3986000120639801
YLL017W,YJL140W,0,-3.5870707,0.024229075759649277,0.0989999994635582,0.3986999988555908
YKL166C,YIL124W,0,-3.5872598,0.024223146960139275,0.0989999994635582,0.39879998564720154
YJL148W,YIL005W,0,-3.587299,0.02421722188591957,0.0989999994635582,0.39890000224113464
YDL102W,YER070W,1,-3.5873127,0.024455856531858444,0.10000000149011612,0.39890000224113464
YMR269W,YER153C,0,-3.5873249,0.024449877440929413,0.10000000149011612,0.39899998903274536
YNL206C,YNL015W,0,-3.587366,0.02444390207529068,0.10000000149011612,0.39910000562667847
YIL109C,YMR115W,0,-3.5874112,0.024437928572297096,0.10000000149011612,0.3991999924182892
YLR251W,YOR239W,0,-3.587412,0.024431956931948662,0.10000000149011612,0.3993000090122223
YKL100C,YOL012C,0,-3.587459,0.024425989016890526,0.10000000149011612,0.399399995803833
YPL112C,YKL201C,0,-3.5875177,0.02442002482712269,0.10000000149011612,0.3995000123977661
YAL011W,YLR060W,0,-3.5877376,0.0244140625,0.10000000149011612,0.39959999918937683
YJR138W,YFL010W-A,0,-3.5877964,0.02440810389816761,0.10000000149011612,0.39969998598098755
YPL097W,YOR355W,0,-3.5878484,0.02440214715898037,0.10000000149011612,0.39980000257492065
YLL013C,YNR004W,0,-3.5880418,0.024396194145083427,0.10000000149011612,0.39989998936653137
YOR341W,YJL127C,0,-3.5880704,0.024390242993831635,0.10000000149011612,0.4000000059604645
YMR098C,YIL034C,0,-3.5880942,0.02438429743051529,0.10000000149011612,0.4000999927520752
YOR014W,YFL045C,0,-3.5881822,0.024378351867198944,0.10000000149011612,0.4002000093460083
YDR109C,YOR384W,0,-3.5883217,0.024372410029172897,0.10000000149011612,0.400299996137619
YMR115W,YGL240W,0,-3.5887127,0.02436647191643715,0.10000000149011612,0.4004000127315521
YMR262W,YER153C,0,-3.588721,0.02436053566634655,0.10000000149011612,0.40049999952316284
YJR075W,YGL236C,0,-3.5889015,0.02435460314154625,0.10000000149011612,0.40059998631477356
YKL011C,YKR036C,0,-3.5889554,0.024348672479391098,0.10000000149011612,0.40070000290870667
YLR154C,YGL251C,1,-3.589019,0.02458617277443409,0.10100000351667404,0.40070000290870667
YNL308C,YML067C,0,-3.5891984,0.02458018995821476,0.10100000351667404,0.4007999897003174
YKL006C-A,YPL258C,0,-3.589231,0.02457420900464058,0.10100000351667404,0.4009000062942505
YPL174C,YBR054W,0,-3.5892606,0.024568231776356697,0.10100000351667404,0.4009999930858612
YBL113C,YDL227C,0,-3.5894113,0.024562256410717964,0.10100000351667404,0.4011000096797943
YBR058C-A,YER111C,0,-3.5895772,0.02455628477036953,0.10100000351667404,0.40119999647140503
YDR303C,YLR401C,0,-3.5898333,0.024550316855311394,0.10100000351667404,0.40130001306533813
YAL058W,YGL178W,0,-3.589879,0.024544350802898407,0.10100000351667404,0.40139999985694885
YDR320C-A,YPL171C,0,-3.5901742,0.02453838661313057,0.10100000351667404,0.40149998664855957
YER020W,YPL106C,0,-3.5902777,0.02453242614865303,0.10100000351667404,0.4016000032424927
YJL127C,YDR044W,0,-3.5903754,0.02452646940946579,0.10100000351667404,0.4016999900341034
YJR042W,YGL163C,0,-3.5904608,0.0245205145329237,0.10100000351667404,0.4018000066280365
YDR174W,YGL064C,0,-3.5905633,0.024514563381671906,0.10100000351667404,0.4018999934196472
YBR061C,YHR082C,0,-3.5910096,0.024508614093065262,0.10100000351667404,0.4020000100135803
YPR005C,YML043C,0,-3.591113,0.024502668529748917,0.10100000351667404,0.40209999680519104
YJR045C,YKL010C,0,-3.591118,0.02449672482907772,0.10100000351667404,0.40220001339912415
YJL181W,YBR142W,0,-3.5913315,0.024490784853696823,0.10100000351667404,0.40230000019073486
YNR043W,YNL164C,0,-3.5913823,0.024484848603606224,0.10100000351667404,0.4023999869823456
YOL069W,YER030W,0,-3.591545,0.024478914216160774,0.10100000351667404,0.4025000035762787
YDL164C,YGR180C,1,-3.5915844,0.02471528947353363,0.10199999809265137,0.4025000035762787
YGR202C,YCL034W,0,-3.5918179,0.024709302932024002,0.10199999809265137,0.4025999903678894
YBR169C,YDR236C,0,-3.5918374,0.024703318253159523,0.10199999809265137,0.4027000069618225
YGR081C,YGL006W,0,-3.5918517,0.024697337299585342,0.10199999809265137,0.4027999937534332
YOR346W,YDR013W,1,-3.5919418,0.024933429434895515,0.10300000011920929,0.4027999937534332
YLR037C,YEL054C,0,-3.591991,0.024927396327257156,0.10300000011920929,0.40290001034736633
YPR042C,YDR448W,0,-3.5921645,0.024921365082263947,0.10300000011920929,0.40299999713897705
YER120W,YGL128C,0,-3.5922146,0.024915335699915886,0.10300000011920929,0.40310001373291016
YAR035W,YGR158C,0,-3.5922177,0.024909310042858124,0.10300000011920929,0.4032000005245209
YPL022W,YJL158C,0,-3.5924249,0.02490328811109066,0.10300000011920929,0.4032999873161316
YIL078W,YNL163C,0,-3.5925183,0.024897268041968346,0.10300000011920929,0.4034000039100647
YPL231W,YDR530C,0,-3.5925407,0.02489125169813633,0.10300000011920929,0.4034999907016754
YBL034C,YLL002W,0,-3.5925617,0.024885237216949463,0.10300000011920929,0.4036000072956085
YBL093C,YGR034W,0,-3.5925958,0.024879226461052895,0.10300000011920929,0.40369999408721924
YLR153C,YKL099C,0,-3.5926194,0.024873219430446625,0.10300000011920929,0.40380001068115234
YML132W,YGL014W,0,-3.5926752,0.024867214262485504,0.10300000011920929,0.40389999747276306
YHR160C,YGR026W,0,-3.5926979,0.024861210957169533,0.10300000011920929,0.40400001406669617
YCR072C,YDR100W,0,-3.5927517,0.02485521323978901,0.10300000011920929,0.4041000008583069
YGR255C,YKR031C,0,-3.5927656,0.024849215522408485,0.10300000011920929,0.4041999876499176
YGL222C,YDR165W,0,-3.5927925,0.02484322153031826,0.10300000011920929,0.4043000042438507
YJR075W,YPL116W,0,-3.5927982,0.024837231263518333,0.10300000011920929,0.4043999910354614
YFL039C,YDR262W,0,-3.592813,0.024831244722008705,0.10300000011920929,0.40450000762939453
YJL133W,YCL061C,0,-3.5928597,0.024825258180499077,0.10300000011920929,0.40459999442100525
YML011C,YBR159W,0,-3.5929415,0.024819277226924896,0.10300000011920929,0.40470001101493835
YEL051W,YPR190C,0,-3.5929732,0.024813298135995865,0.10300000011920929,0.4047999978065491
YOR298W,YIL171W,0,-3.5930824,0.024807320907711983,0.10300000011920929,0.4049000144004822
YPR010C,YIL125W,0,-3.5931826,0.02480134926736355,0.10300000011920929,0.4050000011920929
YJR143C,YDR495C,0,-3.593214,0.024795377627015114,0.10300000011920929,0.4050999879837036
YJR107W,YNL231C,0,-3.5932486,0.024789409711956978,0.10300000011920929,0.4052000045776367
YAL043C,YMR272C,0,-3.5933185,0.02478344552218914,0.10300000011920929,0.40529999136924744
YEL061C,YDR021W,0,-3.593544,0.024777483195066452,0.10300000011920929,0.40540000796318054
YLR224W,YPR143W,0,-3.5935693,0.024771524593234062,0.10300000011920929,0.40549999475479126
YGL090W,YHR021C,0,-3.5936813,0.02476556785404682,0.10300000011920929,0.40560001134872437
YOL004W,YDL243C,0,-3.5937371,0.02475961484014988,0.10300000011920929,0.4056999981403351
YGR099W,YHR170W,0,-3.5937994,0.024753665551543236,0.10300000011920929,0.4058000147342682
YLR433C,YPL094C,0,-3.5938234,0.02474771812558174,0.10300000011920929,0.4059000015258789
YLR164W,YDR005C,0,-3.5940175,0.024741772562265396,0.10300000011920929,0.4059999883174896
YGR217W,YGR034W,0,-3.594143,0.02473583072423935,0.10300000011920929,0.40610000491142273
YOR266W,YNL251C,0,-3.5942233,0.0247298926115036,0.10300000011920929,0.40619999170303345
YJL166W,YGL016W,0,-3.594232,0.024723956361413002,0.10300000011920929,0.40630000829696655
YFR018C,YLR288C,0,-3.5942411,0.024718021973967552,0.10300000011920929,0.40639999508857727
YKR079C,YHR012W,0,-3.5942516,0.0247120913118124,0.10300000011920929,0.4065000116825104
YKL053C-A,YBR299W,0,-3.5942967,0.024706164374947548,0.10300000011920929,0.4065999984741211
YHR057C,YLR333C,0,-3.594306,0.024700239300727844,0.10300000011920929,0.4066999852657318
YPL133C,YLR129W,0,-3.5943322,0.02469431795179844,0.10300000011920929,0.4068000018596649
YLR324W,YKL173W,0,-3.5943449,0.024688398465514183,0.10300000011920929,0.40689998865127563
YNL218W,YHL024W,1,-3.5945396,0.024922117590904236,0.10400000214576721,0.40689998865127563
YJR046W,YDR013W,1,-3.5945413,0.025155726820230484,0.10499999672174454,0.40689998865127563
YLR020C,YPR005C,0,-3.5945883,0.025149701163172722,0.10499999672174454,0.40700000524520874
YNL307C,YLL018C-A,0,-3.5945892,0.02514367736876011,0.10499999672174454,0.40709999203681946
YOR150W,YBR054W,0,-3.5946102,0.025137659162282944,0.10499999672174454,0.40720000863075256
YBR015C,YOL156W,0,-3.594667,0.025131642818450928,0.10499999672174454,0.4072999954223633
YJR110W,YAL038W,0,-3.5946996,0.02512562833726406,0.10499999672174454,0.4074000120162964
YLR107W,YNL314W,0,-3.594832,0.025119617581367493,0.10499999672174454,0.4074999988079071
YOR222W,YBR067C,0,-3.5949938,0.025113608688116074,0.10499999672174454,0.4075999855995178
YPR102C,YOL055C,0,-3.5951962,0.025107603520154953,0.10499999672174454,0.4077000021934509
YLR460C,YDR243C,0,-3.5952818,0.02510160207748413,0.10499999672174454,0.40779998898506165
YOL007C,YER030W,0,-3.5953288,0.025095602497458458,0.10499999672174454,0.40790000557899475
YNR017W,YPR080W,0,-3.59559,0.025089606642723083,0.10499999672174454,0.40799999237060547
YER137C,YGL186C,0,-3.5956569,0.02508361265063286,0.10499999672174454,0.4081000089645386
YBR264C,YPL225W,0,-3.5957932,0.025077620521187782,0.10499999672174454,0.4081999957561493
YNR045W,YAL063C,0,-3.5958714,0.025071633979678154,0.10499999672174454,0.4083000123500824
YBR023C,YPR083W,0,-3.5958753,0.025065647438168526,0.10499999672174454,0.4083999991416931
YLR247C,YHR073W,0,-3.5959883,0.025059666484594345,0.10499999672174454,0.40849998593330383
YDR018C,YNL242W,0,-3.5960267,0.025053687393665314,0.10499999672174454,0.40860000252723694
YOR258W,YML073C,0,-3.5961595,0.02504771016538143,0.10499999672174454,0.40869998931884766
YGR122W,YJR133W,0,-3.5961864,0.025041736662387848,0.10499999672174454,0.40880000591278076
YML092C,YFR040W,0,-3.596316,0.025035765022039413,0.10499999672174454,0.4088999927043915
YDL184C,YNL118C,0,-3.5963187,0.025029797106981277,0.10499999672174454,0.4090000092983246
YER174C,YBR052C,0,-3.5963638,0.02502383291721344,0.10499999672174454,0.4090999960899353
YOL102C,YLR249W,0,-3.5963912,0.02501787059009075,0.10499999672174454,0.4092000126838684
YNL206C,YIL171W,0,-3.5965047,0.025011910125613213,0.10499999672174454,0.4092999994754791
YAL038W,YLR115W,0,-3.5967855,0.025005953386425972,0.10499999672174454,0.40939998626708984
YNL199C,YNL010W,0,-3.5967975,0.02500000037252903,0.10499999672174454,0.40950000286102295
YML016C,YPR189W,0,-3.5968437,0.024994049221277237,0.10499999672174454,0.40959998965263367
YJR135C,YBR183W,0,-3.5970888,0.024988101795315742,0.10499999672174454,0.4097000062465668
YHL019C,YML015C,0,-3.5972664,0.024982156231999397,0.10499999672174454,0.4097999930381775
YOR230W,YOR356W,0,-3.597393,0.0249762125313282,0.10499999672174454,0.4099000096321106
YOL105C,YNL206C,0,-3.5974896,0.024970272555947304,0.10499999672174454,0.4099999964237213
YLR285W,YOR389W,0,-3.5976062,0.024964336305856705,0.10499999672174454,0.4101000130176544
YCR081W,YJL157C,0,-3.597696,0.024958401918411255,0.10499999672174454,0.41019999980926514
YLR127C,YOR267C,0,-3.5977283,0.024952471256256104,0.10499999672174454,0.41029998660087585
YKL218C,YNL217W,0,-3.59802,0.0249465424567461,0.10499999672174454,0.41040000319480896
YML048W,YDL142C,0,-3.5980225,0.024940617382526398,0.10499999672174454,0.4104999899864197
YOR226C,YPR016C,0,-3.5980616,0.024934694170951843,0.10499999672174454,0.4106000065803528
YDR306C,YOR319W,0,-3.5980735,0.024928774684667587,0.10499999672174454,0.4106999933719635
YKL074C,YDR387C,0,-3.5980735,0.02492285706102848,0.10499999672174454,0.4108000099658966
YOR316C,YAL010C,0,-3.598248,0.024916943162679672,0.10499999672174454,0.4108999967575073
YMR230W,YHR086W,0,-3.5985951,0.024911031126976013,0.10499999672174454,0.41100001335144043
YAL016W,YDR256C,0,-3.5987186,0.024905122816562653,0.10499999672174454,0.41110000014305115
YDR173C,YIL115C,0,-3.598754,0.02489921823143959,0.10499999672174454,0.41119998693466187
YJR013W,YPR163C,0,-3.5988827,0.02489331364631653,0.10499999672174454,0.41130000352859497
YBR205W,YJL155C,0,-3.599298,0.024887414649128914,0.10499999672174454,0.4113999903202057
YBR168W,YNL216W,0,-3.5994701,0.02488151751458645,0.10499999672174454,0.4115000069141388
YJL046W,YBR247C,0,-3.5996013,0.024875622242689133,0.10499999672174454,0.4115999937057495
YPR175W,YPR120C,1,-3.5998216,0.025106584653258324,0.10599999874830246,0.4115999937057495
YBR080C,YOL149W,0,-3.599906,0.02510063908994198,0.10599999874830246,0.4117000102996826
YDR091C,YLL057C,0,-3.6001306,0.02509469725191593,0.10599999874830246,0.41179999709129333
YIL144W,YCR075C,0,-3.6001883,0.025088757276535034,0.10599999874830246,0.41190001368522644
YLL012W,YIL056W,0,-3.6002104,0.025082821026444435,0.10599999874830246,0.41200000047683716
YKL006C-A,YDL142C,0,-3.6003747,0.025076886638998985,0.10599999874830246,0.4120999872684479
YOR373W,YDL110C,0,-3.6006346,0.025070955976843834,0.10599999874830246,0.412200003862381
YPL225W,YHR209W,0,-3.600677,0.025065027177333832,0.10599999874830246,0.4122999906539917
YJL008C,YLR189C,0,-3.6008608,0.025059102103114128,0.10599999874830246,0.4124000072479248
YGR001C,YER137C,0,-3.6009698,0.025053178891539574,0.10599999874830246,0.4124999940395355
YBR281C,YIL072W,0,-3.601005,0.025047259405255318,0.10599999874830246,0.41260001063346863
YPR021C,YLR075W,0,-3.6010504,0.02504134178161621,0.10599999874830246,0.41269999742507935
YCL050C,YOR192C,0,-3.6010838,0.025035427883267403,0.10599999874830246,0.41280001401901245
YBR034C,YOL123W,0,-3.6011527,0.025029515847563744,0.10599999874830246,0.41290000081062317
YKL089W,YGL198W,0,-3.6013207,0.025023607537150383,0.10599999874830246,0.4129999876022339
YHR089C,YDR087C,0,-3.6013365,0.02501770108938217,0.10599999874830246,0.413100004196167
YML047C,YMR006C,0,-3.6015105,0.02501179836690426,0.10599999874830246,0.4131999909877777
YJL034W,YDR422C,0,-3.601616,0.025005897507071495,0.10599999874830246,0.4133000075817108
YBR240C,YHL050C,0,-3.6016588,0.02500000037252903,0.10599999874830246,0.41339999437332153
YDL127W,YOR215C,0,-3.6016855,0.024994105100631714,0.10599999874830246,0.41350001096725464
YAR042W,YNR061C,0,-3.601695,0.024988213554024696,0.10599999874830246,0.41359999775886536
YOL086C,YCL061C,0,-3.601728,0.024982323870062828,0.10599999874830246,0.41370001435279846
YPL059W,YLR287C-A,0,-3.6018934,0.024976437911391258,0.10599999874830246,0.4138000011444092
YBR233W-A,YCR092C,0,-3.601922,0.024970553815364838,0.10599999874830246,0.4138999879360199
YNR067C,YBL090W,0,-3.6019516,0.024964673444628716,0.10599999874830246,0.414000004529953
YPL031C,YHR088W,0,-3.6020267,0.024958794936537743,0.10599999874830246,0.4140999913215637
YDL175C,YBR183W,0,-3.602077,0.02495291829109192,0.10599999874830246,0.4142000079154968
YNL158W,YGL021W,0,-3.602087,0.024947047233581543,0.10599999874830246,0.41429999470710754
YPR028W,YLR289W,0,-3.602123,0.024941176176071167,0.10599999874830246,0.41440001130104065
YCL052C,YNL286W,0,-3.602178,0.02493530884385109,0.10599999874830246,0.41449999809265137
YGL094C,YGR054W,0,-3.602182,0.02492944523692131,0.10599999874830246,0.4146000146865845
YDR248C,YLR142W,0,-3.6022592,0.02492358349263668,0.10599999874830246,0.4147000014781952
YLR164W,YGL060W,0,-3.6022673,0.0249177236109972,0.10599999874830246,0.4147999882698059
YGR122W,YJL011C,0,-3.6024852,0.024911869317293167,0.10599999874830246,0.414900004863739
YJR034W,YGL027C,0,-3.6025884,0.024906015023589134,0.10599999874830246,0.41499999165534973
YHR009C,YJR031C,0,-3.6026468,0.0249001644551754,0.10599999874830246,0.41510000824928284
YKL164C,YDL080C,0,-3.6029148,0.024894315749406815,0.10599999874830246,0.41519999504089355
YGL158W,YPL078C,0,-3.6029236,0.024888470768928528,0.10599999874830246,0.41530001163482666
YIL108W,YLR074C,0,-3.6031685,0.02488262951374054,0.10599999874830246,0.4153999984264374
YLR160C,YDR227W,0,-3.6031961,0.0248767901211977,0.10599999874830246,0.4154999852180481
YKR083C,YJL034W,0,-3.6031966,0.02487095259130001,0.10599999874830246,0.4156000018119812
YKL024C,YMR227C,0,-3.6032639,0.02486511878669262,0.10599999874830246,0.4156999886035919
YCR045C,YDL117W,0,-3.6033201,0.024859286844730377,0.10599999874830246,0.415800005197525
YCR045C,YIL014W,0,-3.603406,0.024853458628058434,0.10599999874830246,0.41589999198913574
YNL039W,YER102W,0,-3.6034253,0.02484763227403164,0.10599999874830246,0.41600000858306885
YBR080C,YGR003W,0,-3.6035197,0.024841809645295143,0.10599999874830246,0.41609999537467957
YDR134C,YMR262W,0,-3.603532,0.024835988879203796,0.10599999874830246,0.41620001196861267
YMR054W,YPL040C,0,-3.6035821,0.024830171838402748,0.10599999874830246,0.4162999987602234
YDR109C,YDL202W,0,-3.603755,0.02482435666024685,0.10599999874830246,0.4163999855518341
YKL088W,YPL083C,0,-3.6038823,0.0248185433447361,0.10599999874830246,0.4165000021457672
YDR144C,YDR117C,0,-3.6039968,0.024812733754515648,0.10599999874830246,0.41659998893737793
YMR016C,YEL062W,0,-3.6040418,0.024806927889585495,0.10599999874830246,0.41670000553131104
YBL055C,YGL135W,0,-3.604167,0.02480112388730049,0.10599999874830246,0.41679999232292175
YGR020C,YOL005C,0,-3.6041758,0.024795321747660637,0.10599999874830246,0.41690000891685486
YPR003C,YOR179C,0,-3.604196,0.02478952333331108,0.10599999874830246,0.4169999957084656
YCR086W,YDR279W,1,-3.6042275,0.02501753531396389,0.10700000077486038,0.4169999957084656
YLR151C,YOL064C,0,-3.604291,0.025011688470840454,0.10700000077486038,0.4171000123023987
YLR371W,YDR423C,0,-3.604349,0.025005841627717018,0.10700000077486038,0.4171999990940094
YPR096C,YPR198W,0,-3.6043591,0.02500000037252903,0.10700000077486038,0.4172999858856201
YKR103W,YJL082W,0,-3.6043844,0.02499416097998619,0.10700000077486038,0.4174000024795532
YOL076W,YJR104C,0,-3.6045392,0.0249883234500885,0.10700000077486038,0.41749998927116394
YML049C,YLL067C,0,-3.604625,0.02498248964548111,0.10700000077486038,0.41760000586509705
YCL018W,YLR189C,0,-3.6046262,0.024976657703518867,0.10700000077486038,0.41769999265670776
YMR229C,YGR010W,0,-3.6049328,0.024970827624201775,0.10700000077486038,0.41780000925064087
YIL139C,YLR467W,0,-3.604937,0.02496500313282013,0.10700000077486038,0.4178999960422516
YDR501W,YDL119C,0,-3.6052618,0.024959178641438484,0.10700000077486038,0.4180000126361847
YNR060W,YMR086W,0,-3.6053307,0.024953357875347137,0.10700000077486038,0.4180999994277954
YOR221C,YBL090W,0,-3.6053958,0.02494754083454609,0.10700000077486038,0.41819998621940613
YNL098C,YKL026C,0,-3.6055071,0.02494172565639019,0.10700000077486038,0.41830000281333923
YIL120W,YOR132W,0,-3.6055098,0.02493591234087944,0.10700000077486038,0.41839998960494995
YDR534C,YKL004W,0,-3.6056516,0.02493010275065899,0.10700000077486038,0.41850000619888306
YKL088W,YDR108W,0,-3.6057153,0.024924295023083687,0.10700000077486038,0.4185999929904938
YBR131W,YGL162W,0,-3.6057453,0.024918491020798683,0.10700000077486038,0.4187000095844269
YOR224C,YIL083C,0,-3.6058583,0.02491268888115883,0.10700000077486038,0.4187999963760376
YCR038C,YLR181C,0,-3.6059575,0.024906890466809273,0.10700000077486038,0.4189000129699707
YGL180W,YPR001W,0,-3.6060538,0.024901093915104866,0.10700000077486038,0.4189999997615814
YPL214C,YBL091C-A,0,-3.6061397,0.02489529922604561,0.10700000077486038,0.41909998655319214
YOR046C,YNR021W,0,-3.6062417,0.02488950826227665,0.10700000077486038,0.41920000314712524
YER175C,YNR048W,0,-3.6062648,0.02488372102379799,0.10700000077486038,0.41929998993873596
YOR047C,YGR235C,0,-3.6062775,0.024877935647964478,0.10700000077486038,0.41940000653266907
YHL028W,YGR105W,0,-3.6063914,0.024872152134776115,0.10700000077486038,0.4194999933242798
YGR292W,YLR278C,0,-3.60643,0.024866372346878052,0.10700000077486038,0.4196000099182129
YPR125W,YDL208W,0,-3.606537,0.024860594421625137,0.10700000077486038,0.4196999967098236
YDR503C,YOR239W,0,-3.606583,0.02485482022166252,0.10700000077486038,0.4198000133037567
YLR143W,YER173W,0,-3.6066844,0.024849047884345055,0.10700000077486038,0.41990000009536743
YJL112W,YER175C,0,-3.607131,0.024843279272317886,0.10700000077486038,0.41999998688697815
YBR045C,YDL137W,0,-3.6071734,0.024837512522935867,0.10700000077486038,0.42010000348091125
YLR043C,YDL102W,1,-3.6072903,0.02506382018327713,0.1080000028014183,0.42010000348091125
YMR059W,YIL002C,0,-3.6075277,0.02505800500512123,0.1080000028014183,0.420199990272522
YDL190C,YER147C,0,-3.6075592,0.02505219168961048,0.1080000028014183,0.4203000068664551
YAL068C,YDR030C,0,-3.607784,0.02504638209939003,0.1080000028014183,0.4203999936580658
YIL136W,YGR154C,0,-3.6078641,0.025040574371814728,0.1080000028014183,0.4205000102519989
YMR110C,YDL076C,0,-3.6078672,0.025034770369529724,0.1080000028014183,0.4205999970436096
YKR078W,YPR041W,0,-3.608129,0.02502896822988987,0.1080000028014183,0.4207000136375427
YER095W,YPL058C,0,-3.6081333,0.025023169815540314,0.1080000028014183,0.42080000042915344
YDL017W,YER070W,1,-3.6081583,0.025249015539884567,0.10899999737739563,0.42080000042915344
YNL081C,YIR036C,0,-3.6081614,0.02524316869676113,0.10899999737739563,0.42089998722076416
YOR074C,YPL153C,1,-3.6084187,0.02546885795891285,0.10999999940395355,0.42089998722076416
YOR060C,YOR239W,0,-3.608767,0.025462962687015533,0.10999999940395355,0.42100000381469727
YLR448W,YLR073C,0,-3.6088634,0.025457069277763367,0.10999999940395355,0.421099990606308
YOR009W,YEL050C,0,-3.6088781,0.0254511795938015,0.10999999940395355,0.4212000072002411
YHR215W,YIL036W,0,-3.6089678,0.02544529177248478,0.10999999940395355,0.4212999939918518
YDL109C,YGR007W,0,-3.6094677,0.02543940767645836,0.10999999940395355,0.4214000105857849
YDR536W,YLR301W,0,-3.6094713,0.025433525443077087,0.10999999940395355,0.42149999737739563
YAL028W,YLR263W,0,-3.6096773,0.025427646934986115,0.10999999940395355,0.42160001397132874
YDL144C,YEL037C,0,-3.6096869,0.02542177028954029,0.10999999940395355,0.42170000076293945
YBR050C,YHR080C,0,-3.6100893,0.025415897369384766,0.10999999940395355,0.42179998755455017
YPL078C,YOL117W,0,-3.6101909,0.02541002631187439,0.10999999940395355,0.4219000041484833
YLR160C,YDL109C,0,-3.6103249,0.025404157117009163,0.10999999940395355,0.421999990940094
YDR330W,YDR412W,0,-3.6104686,0.025398291647434235,0.10999999940395355,0.4221000075340271
YLR043C,YHR118C,1,-3.6106672,0.025623269379138947,0.11100000143051147,0.4221000075340271
YLR040C,YPL040C,0,-3.610691,0.025617355480790138,0.11100000143051147,0.4221999943256378
YNR033W,YDR381W,0,-3.6107574,0.02561144530773163,0.11100000143051147,0.4223000109195709
YIL075C,YKL021C,0,-3.6107593,0.025605536997318268,0.11100000143051147,0.42239999771118164
YLR121C,YBR193C,0,-3.6108313,0.025599630549550056,0.11100000143051147,0.42250001430511475
YOR393W,YDR129C,0,-3.6108902,0.025593727827072144,0.11100000143051147,0.42260000109672546
YHR004C,YBR231C,0,-3.6109114,0.02558782882988453,0.11100000143051147,0.4226999878883362
YBR169C,YLR207W,0,-3.6110249,0.025581931695342064,0.11100000143051147,0.4228000044822693
YMR099C,YLR345W,0,-3.6110935,0.025576036423444748,0.11100000143051147,0.42289999127388
YLR206W,YMR128W,0,-3.6111054,0.02557014487683773,0.11100000143051147,0.4230000078678131
YKL199C,YMR036C,0,-3.6111426,0.025564255192875862,0.11100000143051147,0.42309999465942383
YHR156C,YPL028W,0,-3.611194,0.025558369234204292,0.11100000143051147,0.42320001125335693
YAR035W,YDL114W,0,-3.611269,0.02555248700082302,0.11100000143051147,0.42329999804496765
YPL168W,YDR251W,0,-3.6112957,0.02554660476744175,0.11100000143051147,0.42340001463890076
YPL161C,YGL045W,0,-3.6113434,0.025540726259350777,0.11100000143051147,0.4235000014305115
YHR210C,YGR184C,0,-3.6115441,0.025534851476550102,0.11100000143051147,0.4235999882221222
YBL075C,YLR284C,0,-3.6117558,0.025528978556394577,0.11100000143051147,0.4237000048160553
YDR003W,YGL107C,0,-3.6118305,0.02552310936152935,0.11100000143051147,0.423799991607666
YOR065W,YCL031C,0,-3.6119034,0.025517242029309273,0.11100000143051147,0.4239000082015991
YNR038W,YGL061C,0,-3.6119378,0.025511376559734344,0.11100000143051147,0.42399999499320984
YPR096C,YDL099W,0,-3.611986,0.025505514815449715,0.11100000143051147,0.42410001158714294
YPR154W,YHR207C,0,-3.6120167,0.025499654933810234,0.11100000143051147,0.42419999837875366
YLR203C,YDR472W,0,-3.6121635,0.025493798777461052,0.11100000143051147,0.4242999851703644
YDR038C,YER028C,0,-3.6122458,0.02548794448375702,0.11100000143051147,0.4244000017642975
YEL041W,YEL017C-A,0,-3.612337,0.025482093915343285,0.11100000143051147,0.4244999885559082
YCR005C,YLL027W,0,-3.6124156,0.0254762452095747,0.11100000143051147,0.4246000051498413
YLR390W,YLR157C,0,-3.612544,0.025470398366451263,0.11100000143051147,0.424699991941452
YGR216C,YJR010W,0,-3.6125631,0.025464555248618126,0.11100000143051147,0.42480000853538513
YER081W,YGL209W,0,-3.612646,0.025458715856075287,0.11100000143051147,0.42489999532699585
YJL136C,YLR286C,0,-3.6126926,0.025452878326177597,0.11100000143051147,0.42500001192092896
YOR262W,YJR140C,0,-3.6132045,0.025447042658925056,0.11100000143051147,0.4250999987125397
YOR181W,YLR304C,0,-3.6132474,0.025441210716962814,0.11100000143051147,0.4251999855041504
YIL111W,YJL048C,0,-3.6134298,0.02543538063764572,0.11100000143051147,0.4253000020980835
YOR119C,YJR149W,0,-3.6134355,0.025429552420973778,0.11100000143051147,0.4253999888896942
YOR260W,YDL083C,0,-3.6134663,0.025423727929592133,0.11100000143051147,0.4255000054836273
YDL130W-A,YLR284C,0,-3.6135874,0.025417907163500786,0.11100000143051147,0.42559999227523804
YLR380W,YPR133C,0,-3.613594,0.02541208826005459,0.11100000143051147,0.42570000886917114
YGL227W,YMR094W,0,-3.6137803,0.02540627121925354,0.11100000143051147,0.42579999566078186
YMR198W,YLR001C,0,-3.6138022,0.02540045790374279,0.11100000143051147,0.42590001225471497
YLR259C,YDL117W,0,-3.6138868,0.02539464645087719,0.11100000143051147,0.4259999990463257
YGR143W,YDR415C,0,-3.6139374,0.025388838723301888,0.11100000143051147,0.4260999858379364
YGR202C,YPR144C,0,-3.6140287,0.025383032858371735,0.11100000143051147,0.4262000024318695
YLL061W,YCR026C,0,-3.614053,0.02537722885608673,0.11100000143051147,0.4262999892234802
YDR299W,YGL005C,0,-3.6142192,0.025371428579092026,0.11100000143051147,0.42640000581741333
YMR272C,YKL197C,0,-3.6144397,0.02536563016474247,0.11100000143051147,0.42649999260902405
YKL168C,YPL168W,0,-3.614553,0.025359835475683212,0.11100000143051147,0.42660000920295715
YEL029C,YDR457W,0,-3.6145697,0.025354042649269104,0.11100000143051147,0.42669999599456787
YPL022W,YGL085W,0,-3.6146152,0.025348253548145294,0.11100000143051147,0.426800012588501
YNR059W,YLR035C-A,0,-3.6147242,0.025342466309666634,0.11100000143051147,0.4268999993801117
YKL129C,YLR079W,0,-3.6148658,0.025336680933833122,0.11100000143051147,0.4269999861717224
YAL060W,YMR076C,0,-3.6148806,0.02533089928328991,0.11100000143051147,0.4271000027656555
YFR030W,YEL017C-A,0,-3.6153922,0.025325119495391846,0.11100000143051147,0.42719998955726624
YJR117W,YDR034C,0,-3.6154299,0.02531934343278408,0.11100000143051147,0.42730000615119934
YBR038W,YCL064C,0,-3.61545,0.025313569232821465,0.11100000143051147,0.42739999294281006
YHR101C,YFR052W,0,-3.6154718,0.025307796895503998,0.11100000143051147,0.42750000953674316
YAR035W,YIR039C,0,-3.6160898,0.02530202828347683,0.11100000143051147,0.4275999963283539
YEL021W,YNR004W,0,-3.6162434,0.02529626339673996,0.11100000143051147,0.427700012922287
YDR326C,YOL030W,0,-3.616249,0.02529049851000309,0.11100000143051147,0.4277999997138977
YMR005W,YKR078W,0,-3.616302,0.02528473734855652,0.11100000143051147,0.4278999865055084
YHR122W,YBR122C,0,-3.616356,0.025278979912400246,0.11100000143051147,0.42800000309944153
YIL106W,YFR019W,0,-3.6164584,0.025273224338889122,0.11100000143051147,0.42809998989105225
YLR361C,YGL183C,0,-3.6165009,0.025267470628023148,0.11100000143051147,0.42820000648498535
YPL167C,YGR204W,0,-3.6166658,0.02526172064244747,0.11100000143051147,0.42829999327659607
YHR080C,YAL025C,0,-3.6167197,0.025255972519516945,0.11100000143051147,0.4284000098705292
YNL239W,YBR192W,0,-3.6169834,0.025250228121876717,0.11100000143051147,0.4284999966621399
YAL040C,YMR040W,0,-3.617021,0.025244485586881638,0.11100000143051147,0.428600013256073
YCR072C,YIL138C,0,-3.6170855,0.025238744914531708,0.11100000143051147,0.4287000000476837
YDR520C,YGL206C,0,-3.617188,0.025233007967472076,0.11100000143051147,0.42879998683929443
YGR001C,YGL144C,0,-3.6171987,0.025227272883057594,0.11100000143051147,0.42890000343322754
YJR016C,YGR252W,0,-3.6172538,0.02522153966128826,0.11100000143051147,0.42899999022483826
YKR072C,YOR167C,0,-3.6172729,0.025215810164809227,0.11100000143051147,0.42910000681877136
YGL244W,YFR045W,0,-3.617464,0.02521008439362049,0.11100000143051147,0.4291999936103821
YDR439W,YDR064W,0,-3.6174786,0.025204360485076904,0.11100000143051147,0.4293000102043152
YER048W-A,YDR422C,0,-3.617551,0.025198638439178467,0.11100000143051147,0.4293999969959259
YJR041C,YDR347W,0,-3.6175609,0.02519291825592518,0.11100000143051147,0.429500013589859
YNR052C,YOL133W,0,-3.6175966,0.02518720179796219,0.11100000143051147,0.4296000003814697
YMR195W,YGL005C,0,-3.617629,0.025181489065289497,0.11100000143051147,0.42969998717308044
YKR038C,YBR034C,0,-3.617651,0.025175776332616806,0.11100000143051147,0.42980000376701355
YLR154C,YGL168W,1,-3.6179605,0.02539682574570179,0.1120000034570694,0.42980000376701355
YPR171W,YPL280W,0,-3.6179686,0.025391068309545517,0.1120000034570694,0.42989999055862427
YOR004W,YKL022C,0,-3.6179934,0.025385312736034393,0.1120000034570694,0.4300000071525574
YLR364W,YNL142W,0,-3.6180007,0.025379560887813568,0.1120000034570694,0.4300999939441681
YPL033C,YJL121C,0,-3.6181746,0.025373810902237892,0.1120000034570694,0.4302000105381012
YLL017W,YNR074C,0,-3.618235,0.025368062779307365,0.1120000034570694,0.4302999973297119
YLR360W,YKR026C,0,-3.6184888,0.025362318381667137,0.1120000034570694,0.430400013923645
YIL070C,YGL128C,0,-3.6185274,0.025356577709317207,0.1120000034570694,0.43050000071525574
YIL056W,YKL058W,0,-3.618568,0.025350837036967278,0.1120000034570694,0.43059998750686646
YMR001C,YBR278W,1,-3.6186972,0.025571396574378014,0.11299999803304672,0.43059998750686646
YOR148C,YIL136W,0,-3.618801,0.025565611198544502,0.11299999803304672,0.43070000410079956
YNR059W,YLL066C,0,-3.6188326,0.02555982768535614,0.11299999803304672,0.4307999908924103
YLR276C,YDL197C,0,-3.6191797,0.025554047897458076,0.11299999803304672,0.4309000074863434
YBR059C,YJR052W,0,-3.6193414,0.025548269972205162,0.11299999803304672,0.4309999942779541
YIL052C,YOR048C,0,-3.6194944,0.025542495772242546,0.11299999803304672,0.4311000108718872
YHR039C-A,YOR216C,0,-3.6195624,0.02553672343492508,0.11299999803304672,0.4311999976634979
YKL134C,YNL138W,0,-3.619564,0.025530952960252762,0.11299999803304672,0.43130001425743103
YCR054C,YOR384W,0,-3.6195793,0.025525186210870743,0.11299999803304672,0.43140000104904175
YKL085W,YCL024W,0,-3.61982,0.025519421324133873,0.11299999803304672,0.43149998784065247
YDR069C,YHL024W,1,-3.6200051,0.02573944441974163,0.11400000005960464,0.43149998784065247
YBL106C,YOR226C,0,-3.620052,0.02573363482952118,0.11400000005960464,0.43160000443458557
YMR061W,YPL098C,0,-3.6202517,0.025727827101945877,0.11400000005960464,0.4316999912261963
YMR183C,YKR027W,0,-3.6203337,0.025722021237015724,0.11400000005960464,0.4318000078201294
YJL078C,YLL034C,0,-3.6205578,0.02571621909737587,0.11400000005960464,0.4318999946117401
YLR154C,YBL035C,1,-3.6205807,0.025935949757695198,0.11500000208616257,0.4318999946117401
YHR101C,YIL030C,0,-3.620676,0.025930101051926613,0.11500000208616257,0.4320000112056732
YDL164C,YMR043W,1,-3.6206982,0.026149684563279152,0.11599999666213989,0.4320000112056732
YJR068W,YGR180C,1,-3.620778,0.026369167491793633,0.11699999868869781,0.4320000112056732
YPR042C,YOL029C,0,-3.6209033,0.026363227516412735,0.11699999868869781,0.43209999799728394
YHR021C,YGR072W,0,-3.6210427,0.026357287541031837,0.11699999868869781,0.43220001459121704
YPR191W,YOL005C,0,-3.621068,0.02635135129094124,0.11699999868869781,0.43230000138282776
YKL017C,YER070W,1,-3.6210713,0.02657059207558632,0.11800000071525574,0.43230000138282776
YPL220W,YOR265W,0,-3.621098,0.02656461112201214,0.11800000071525574,0.4323999881744385
YLR043C,YDR013W,1,-3.6213107,0.02678370475769043,0.11900000274181366,0.4323999881744385
YMR221C,YCR002C,0,-3.6213164,0.02677767723798752,0.11900000274181366,0.4325000047683716
YOR306C,YLR299W,0,-3.6213374,0.026771653443574905,0.11900000274181366,0.4325999915599823
YCR092C,YMR128W,0,-3.6214027,0.02676563151180744,0.11900000274181366,0.4327000081539154
YKL074C,YFR019W,0,-3.6216505,0.026759613305330276,0.11900000274181366,0.4327999949455261
YOL132W,YNL268W,0,-3.6216674,0.02675359696149826,0.11900000274181366,0.43290001153945923
YER190W,YML088W,0,-3.62182,0.026747584342956543,0.11900000274181366,0.43299999833106995
YOR346W,YKL045W,1,-3.6218846,0.026966292411088943,0.11999999731779099,0.43299999833106995
YIL108W,YDL231C,0,-3.6219034,0.026960233226418495,0.11999999731779099,0.43309998512268066
YJL044C,YNL250W,0,-3.621924,0.026954177767038345,0.11999999731779099,0.43320000171661377
YLR265C,YGL014W,0,-3.6221123,0.026948124170303345,0.11999999731779099,0.4332999885082245
YDL074C,YML102W,0,-3.6221137,0.026942074298858643,0.11999999731779099,0.4334000051021576
YML106W,YHR067W,0,-3.6221313,0.02693602629005909,0.11999999731779099,0.4334999918937683
YLR248W,YMR262W,0,-3.6221354,0.026929982006549835,0.11999999731779099,0.4336000084877014
YLR043C,YHR164C,1,-3.6222625,0.027148306369781494,0.12099999934434891,0.4336000084877014
YIL007C,YMR055C,0,-3.6224098,0.02714221552014351,0.12099999934434891,0.43369999527931213
YJR097W,YOR363C,0,-3.6224637,0.027136128395795822,0.12099999934434891,0.43380001187324524
YMR203W,YNL217W,0,-3.6225,0.027130044996738434,0.12099999934434891,0.43389999866485596
YHR184W,YDL078C,0,-3.6225076,0.027123963460326195,0.12099999934434891,0.4339999854564667
YBR181C,YLR106C,0,-3.6225731,0.027117883786559105,0.12099999934434891,0.4341000020503998
YMR123W,YMR059W,0,-3.6226857,0.027111807838082314,0.12099999934434891,0.4341999888420105
YML005W,YDR500C,0,-3.6227136,0.02710573561489582,0.12099999934434891,0.4343000054359436
YFL011W,YLR060W,0,-3.6227288,0.027099663391709328,0.12099999934434891,0.4343999922275543
YOR036W,YFL037W,0,-3.6227531,0.027093596756458282,0.12099999934434891,0.4345000088214874
YOR337W,YOR216C,0,-3.6228437,0.027087530121207237,0.12099999934434891,0.43459999561309814
YPL172C,YDR217C,0,-3.6229215,0.02708146907389164,0.12099999934434891,0.43470001220703125
YLL008W,YPL117C,0,-3.6231165,0.027075408026576042,0.12099999934434891,0.43479999899864197
YMR227C,YOL124C,0,-3.6231933,0.027069350704550743,0.12099999934434891,0.4348999857902527
YNL038W,YFR018C,0,-3.6233292,0.027063297107815742,0.12099999934434891,0.4350000023841858
YPR001W,YDL220C,0,-3.6234114,0.02705724537372589,0.12099999934434891,0.4350999891757965
YOR025W,YPL111W,0,-3.6234393,0.02705119550228119,0.12099999934434891,0.4352000057697296
YCL031C,YMR019W,0,-3.623553,0.027045149356126785,0.12099999934434891,0.43529999256134033
YNL024C,YIL160C,0,-3.6236682,0.02703910693526268,0.12099999934434891,0.43540000915527344
YOR201C,YOR156C,0,-3.6239707,0.027033064514398575,0.12099999934434891,0.43549999594688416
YDR270W,YMR169C,0,-3.6241477,0.027027027681469917,0.12099999934434891,0.43560001254081726
YLL017W,YHR156C,0,-3.624156,0.02702099084854126,0.12099999934434891,0.435699999332428
YEL069C,YKR057W,0,-3.6241646,0.02701495960354805,0.12099999934434891,0.4357999861240387
YOL095C,YOR338W,0,-3.6243258,0.02700892835855484,0.12099999934434891,0.4359000027179718
YML043C,YLR016C,0,-3.624361,0.02700290083885193,0.12099999934434891,0.4359999895095825
YLR390W,YDL084W,0,-3.6243994,0.026996877044439316,0.12099999934434891,0.4361000061035156
YMR176W,YIL072W,0,-3.6244917,0.026990855112671852,0.12099999934434891,0.43619999289512634
YLR352W,YIL101C,0,-3.6246066,0.026984835043549538,0.12099999934434891,0.43630000948905945
YOR330C,YHL024W,1,-3.624724,0.027201782912015915,0.12200000137090683,0.43630000948905945
YAL015C,YER089C,0,-3.6247542,0.027195720002055168,0.12200000137090683,0.43639999628067017
YER052C,YOR396W,0,-3.624854,0.02718965895473957,0.12200000137090683,0.43650001287460327
YDR429C,YIL072W,0,-3.6251404,0.02718360163271427,0.12200000137090683,0.436599999666214
YBR273C,YOR228C,0,-3.625142,0.027177544310688972,0.12200000137090683,0.4366999864578247
YBR282W,YBR158W,0,-3.6252136,0.02717149257659912,0.12200000137090683,0.4368000030517578
YJL090C,YJL173C,1,-3.6252449,0.027388108894228935,0.12300000339746475,0.4368000030517578
YLL011W,YPL096W,0,-3.6254954,0.027382012456655502,0.12300000339746475,0.43689998984336853
YLR214W,YOR204W,0,-3.6255171,0.02737591788172722,0.12300000339746475,0.43700000643730164
YLR040C,YJR098C,0,-3.6256137,0.027369827032089233,0.12300000339746475,0.43709999322891235
YNL039W,YGR159C,0,-3.6256652,0.027363738045096397,0.12300000339746475,0.43720000982284546
YDR380W,YDR308C,0,-3.6257346,0.02735765092074871,0.12300000339746475,0.4372999966144562
YIL134W,YDR299W,0,-3.6257524,0.027351567521691322,0.12300000339746475,0.4374000132083893
YGL196W,YLL057C,0,-3.6258473,0.027345485985279083,0.12300000339746475,0.4375
YOL098C,YLR401C,0,-3.625871,0.027339408174157143,0.12300000339746475,0.4375999867916107
YIL019W,YPR057W,0,-3.62601,0.0273333340883255,0.12300000339746475,0.4377000033855438
YDR536W,YBL082C,0,-3.6261585,0.02732726000249386,0.12300000339746475,0.43779999017715454
YMR246W,YOR011W,0,-3.6262054,0.027321191504597664,0.12300000339746475,0.43790000677108765
YPR036W,YOR025W,0,-3.6263447,0.02731512300670147,0.12300000339746475,0.43799999356269836
YNL240C,YLR075W,0,-3.6263552,0.027309058234095573,0.12300000339746475,0.43810001015663147
YOL151W,YHR205W,0,-3.626505,0.027302997186779976,0.12300000339746475,0.4381999969482422
YOR396W,YOR294W,0,-3.6265376,0.027296938002109528,0.12300000339746475,0.4383000135421753
YHR164C,YPR162C,1,-3.6265438,0.02751275710761547,0.12399999797344208,0.4383000135421753
YGR158C,YKL190W,0,-3.6266487,0.02750665508210659,0.12399999797344208,0.438400000333786
YOR016C,YDR399W,0,-3.626762,0.02750055491924286,0.12399999797344208,0.43849998712539673
YEL027W,YGL062W,0,-3.6269503,0.027494456619024277,0.12399999797344208,0.43860000371932983
YGR268C,YDL099W,0,-3.6269612,0.027488362044095993,0.12399999797344208,0.43869999051094055
YBL075C,YIL170W,0,-3.6269677,0.02748226933181286,0.12399999797344208,0.43880000710487366
YPR175W,YDR052C,1,-3.6271589,0.027697762474417686,0.125,0.43880000710487366
YLR154C,YPL153C,1,-3.6274052,0.027913158759474754,0.12600000202655792,0.43880000710487366
YIL056W,YPR083W,0,-3.627448,0.027906976640224457,0.12600000202655792,0.4388999938964844
YML013W,YBR189W,0,-3.6276288,0.02790079638361931,0.12600000202655792,0.4390000104904175
YGL196W,YGR124W,0,-3.6278007,0.02789461985230446,0.12600000202655792,0.4390999972820282
YDR418W,YNR018W,0,-3.6278749,0.027888447046279907,0.12600000202655792,0.4392000138759613
YDR298C,YDR501W,0,-3.6279044,0.027882274240255356,0.12600000202655792,0.439300000667572
YLR396C,YBR248C,0,-3.627956,0.027876107022166252,0.12600000202655792,0.43939998745918274
YJL221C,YPR028W,0,-3.6279593,0.02786993980407715,0.12600000202655792,0.43950000405311584
YPL105C,YLR377C,0,-3.628096,0.027863776311278343,0.12600000202655792,0.43959999084472656
YJR046W,YFR027W,1,-3.6282997,0.028078708797693253,0.12700000405311584,0.43959999084472656
YJR096W,YPL171C,0,-3.6283872,0.028072502464056015,0.12700000405311584,0.43970000743865967
YJL106W,YPR016C,0,-3.6287146,0.028066297993063927,0.12700000405311584,0.4397999942302704
YLR417W,YGL196W,0,-3.628718,0.028060097247362137,0.12700000405311584,0.4399000108242035
YNL098C,YML097C,0,-3.6288304,0.028053898364305496,0.12700000405311584,0.4399999976158142
YCR054C,YGL087C,0,-3.628867,0.028047703206539154,0.12700000405311584,0.4401000142097473
YDL109C,YOL080C,0,-3.6289923,0.02804150991141796,0.12700000405311584,0.44020000100135803
YLR251W,YBL113C,0,-3.629056,0.028035320341587067,0.12700000405311584,0.44029998779296875
YGL067W,YJR109C,0,-3.629062,0.02802913263440132,0.12700000405311584,0.44040000438690186
YDR365C,YOL040C,0,-3.6291237,0.028022948652505875,0.12700000405311584,0.4404999911785126
YBR050C,YOR116C,0,-3.6293604,0.028016766533255577,0.12700000405311584,0.4406000077724457
YHR002W,YEL048C,0,-3.6294012,0.02801058627665043,0.12700000405311584,0.4406999945640564
YPL156C,YNL110C,0,-3.6294942,0.02800440974533558,0.12700000405311584,0.4408000111579895
YOR267C,YJL144W,0,-3.6295824,0.027998236939311028,0.12700000405311584,0.4408999979496002
YBR156C,YOR076C,0,-3.6296048,0.027992065995931625,0.12700000405311584,0.4410000145435333
YLR466W,YDR423C,0,-3.6296492,0.027985896915197372,0.12700000405311584,0.44110000133514404
YKL052C,YOR099W,0,-3.6296554,0.027979731559753418,0.12700000405311584,0.44119998812675476
YPR010C,YGR208W,0,-3.6298132,0.027973568066954613,0.12700000405311584,0.44130000472068787
YNR016C,YLR287C-A,0,-3.629825,0.027967408299446106,0.12700000405311584,0.4413999915122986
YCL054W,YAL012W,0,-3.6300526,0.02796125039458275,0.12700000405311584,0.4415000081062317
YLR383W,YHR041C,0,-3.630062,0.02795509621500969,0.12700000405311584,0.4415999948978424
YMR169C,YDL114W,0,-3.6300645,0.02794894389808178,0.12700000405311584,0.4417000114917755
YDR069C,YJL173C,1,-3.63023,0.028162816539406776,0.12800000607967377,0.4417000114917755
YOL145C,YPL111W,0,-3.630403,0.028156621381640434,0.12800000607967377,0.44179999828338623
YNL130C,YHR077C,0,-3.6304135,0.02815042808651924,0.12800000607967377,0.44190001487731934
YLR154C,YAR007C,1,-3.6304529,0.028364116325974464,0.1289999932050705,0.44190001487731934
YDR128W,YLR287C-A,0,-3.6305318,0.02835788019001484,0.1289999932050705,0.44200000166893005
YDR111C,YER083C,0,-3.6307406,0.028351647779345512,0.1289999932050705,0.44209998846054077
YIL150C,YPL153C,1,-3.631079,0.028565149754285812,0.12999999523162842,0.44209998846054077
YDL216C,YJR132W,0,-3.631177,0.028558874502778053,0.12999999523162842,0.4422000050544739
YKL109W,YLR176C,0,-3.6313772,0.028552602976560593,0.12999999523162842,0.4422999918460846
YHL035C,YLR223C,0,-3.6314416,0.02854633331298828,0.12999999523162842,0.4424000084400177
YLL026W,YLR078C,0,-3.6315734,0.02854006551206112,0.12999999523162842,0.4424999952316284
YDR074W,YDR246W,0,-3.6315966,0.028533801436424255,0.12999999523162842,0.4426000118255615
YFL057C,YJL180C,0,-3.6316109,0.02852753922343254,0.12999999523162842,0.44269999861717224
YNL015W,YLR221C,0,-3.6316576,0.028521280735731125,0.12999999523162842,0.44279998540878296
YJL127C,YAL063C,0,-3.6316948,0.028515025973320007,0.12999999523162842,0.44290000200271606
YPR019W,YJL026W,1,-3.6317897,0.028728069737553596,0.13099999725818634,0.44290000200271606
YOL086C,YLL014W,0,-3.6317968,0.028721772134304047,0.13099999725818634,0.4429999887943268
YOR018W,YPR081C,0,-3.6318243,0.028715476393699646,0.13099999725818634,0.4431000053882599
YLR203C,YBL072C,0,-3.6318274,0.028709182515740395,0.13099999725818634,0.4431999921798706
YJR060W,YKL061W,0,-3.6319146,0.02870289236307144,0.13099999725818634,0.4433000087738037
YER180C,YHL050C,0,-3.6322064,0.028696604073047638,0.13099999725818634,0.44339999556541443
YJL005W,YDL170W,0,-3.632213,0.028690319508314133,0.13099999725818634,0.44350001215934753
YOL076W,YOL092W,0,-3.6322317,0.028684036806225777,0.13099999725818634,0.44359999895095825
YOR261C,YGL014W,0,-3.6323109,0.02867775782942772,0.13099999725818634,0.44369998574256897
YPL097W,YGR095C,0,-3.6324978,0.02867148257791996,0.13099999725818634,0.4438000023365021
YOR306C,YJL221C,0,-3.632527,0.0286652073264122,0.13099999725818634,0.4438999891281128
YKL085W,YER036C,0,-3.6325474,0.02865893766283989,0.13099999725818634,0.4440000057220459
YNR001C,YNL029C,0,-3.6326108,0.028652667999267578,0.13099999725818634,0.4440999925136566
YKL043W,YCL063W,0,-3.6326246,0.028646402060985565,0.13099999725818634,0.4442000091075897
YOR059C,YLR113W,0,-3.632654,0.02864013984799385,0.13099999725818634,0.44429999589920044
YPL254W,YCR047C,0,-3.6326652,0.028633879497647285,0.13099999725818634,0.44440001249313354
YNL103W,YGR286C,0,-3.6329587,0.02862762287259102,0.13099999725818634,0.44449999928474426
YPR019W,YPR120C,1,-3.6329765,0.028839850798249245,0.13199999928474426,0.44449999928474426
YPL113C,YBR125C,0,-3.6330676,0.028833551332354546,0.13199999928474426,0.444599986076355
YJL149W,YML058W-A,0,-3.6331816,0.028827255591750145,0.13199999928474426,0.4447000026702881
YIL034C,YGR063C,0,-3.6334124,0.028820959851145744,0.13199999928474426,0.4447999894618988
YML005W,YJR078W,0,-3.633446,0.02881466969847679,0.13199999928474426,0.4449000060558319
YDR320C-A,YMR076C,0,-3.633481,0.028808381408452988,0.13199999928474426,0.4449999928474426
YLR047C,YMR180C,0,-3.6335332,0.028802094981074333,0.13199999928474426,0.44510000944137573
YDR086C,YGL171W,0,-3.6335588,0.028795812278985977,0.13199999928474426,0.44519999623298645
YGR225W,YPL056C,0,-3.633578,0.02878953143954277,0.13199999928474426,0.44530001282691956
YHL032C,YIL098C,0,-3.6337705,0.028783252462744713,0.13199999928474426,0.4453999996185303
YOR060C,YPL048W,0,-3.63378,0.028776979073882103,0.13199999928474426,0.445499986410141
YKR104W,YML081W,0,-3.6339135,0.028770705685019493,0.13199999928474426,0.4456000030040741
YOL121C,YKL077W,0,-3.6342387,0.02876443602144718,0.13199999928474426,0.4456999897956848
YGR020C,YPL031C,0,-3.6343012,0.02875817008316517,0.13199999928474426,0.4458000063896179
YOL157C,YCR060W,0,-3.6343224,0.028751906007528305,0.13199999928474426,0.44589999318122864
YDL123W,YBR195C,0,-3.6344044,0.02874564379453659,0.13199999928474426,0.44600000977516174
YMR125W,YGR062C,0,-3.634503,0.028739385306835175,0.13199999928474426,0.44609999656677246
YHL036W,YHR017W,0,-3.6346774,0.028733130544424057,0.13199999928474426,0.44620001316070557
YKL001C,YDL230W,0,-3.6346927,0.02872687764465809,0.13199999928474426,0.4462999999523163
YKL161C,YHR092C,0,-3.634819,0.02872062660753727,0.13199999928474426,0.446399986743927
YDR306C,YIL160C,0,-3.6348503,0.02871437929570675,0.13199999928474426,0.4465000033378601
YOL069W,YPL094C,0,-3.6348834,0.028708133846521378,0.13199999928474426,0.4465999901294708
YDL130W,YFR014C,0,-3.6349049,0.028701892122626305,0.13199999928474426,0.44670000672340393
YIL112W,YDR109C,0,-3.6349723,0.02869565226137638,0.13199999928474426,0.44679999351501465
YDR283C,YFR005C,0,-3.6350834,0.028689416125416756,0.13199999928474426,0.44690001010894775
YGL246C,YKL210W,0,-3.6352074,0.02868318185210228,0.13199999928474426,0.44699999690055847
YDL130W-A,YCR010C,0,-3.6353683,0.028676949441432953,0.13199999928474426,0.4471000134944916
YGL128C,YPL040C,0,-3.635599,0.028670720756053925,0.13199999928474426,0.4472000002861023
YBR092C,YHR170W,0,-3.6357055,0.028664495795965195,0.13199999928474426,0.447299987077713
YOR271C,YFR014C,0,-3.6357732,0.028658272698521614,0.13199999928474426,0.4474000036716461
YLR439W,YIL160C,0,-3.6360142,0.028652051463723183,0.13199999928474426,0.44749999046325684
YMR130W,YKL034W,0,-3.6361032,0.02864583395421505,0.13199999928474426,0.44760000705718994
YOR267C,YDR130C,0,-3.636137,0.028639618307352066,0.13199999928474426,0.44769999384880066
YIL076W,YMR230W,0,-3.6362455,0.02863340638577938,0.13199999928474426,0.44780001044273376
YMR186W,YBR175W,0,-3.636282,0.028627196326851845,0.13199999928474426,0.4478999972343445
YBL025W,YIL009C-A,0,-3.6364124,0.028620988130569458,0.13199999928474426,0.4480000138282776
YPR102C,YDR389W,0,-3.6364143,0.02861478365957737,0.13199999928474426,0.4481000006198883
YER086W,YBL014C,0,-3.6364768,0.02860858291387558,0.13199999928474426,0.448199987411499
YOR237W,YKL015W,0,-3.6365013,0.02860238403081894,0.13199999928474426,0.44830000400543213
YNL247W,YNL216W,0,-3.6366928,0.028596187010407448,0.13199999928474426,0.44839999079704285
YDR423C,YGL241W,0,-3.6368272,0.028589993715286255,0.13199999928474426,0.44850000739097595
YHL035C,YML102W,0,-3.6368322,0.02858380228281021,0.13199999928474426,0.44859999418258667
YKL026C,YKL032C,0,-3.6368768,0.028577614575624466,0.13199999928474426,0.4487000107765198
YPR111W,YMR136W,0,-3.6368914,0.02857142873108387,0.13199999928474426,0.4487999975681305
YML004C,YGR095C,0,-3.6369185,0.028565244749188423,0.13199999928474426,0.4489000141620636
YIR037W,YLR441C,0,-3.6372542,0.028559064492583275,0.13199999928474426,0.4490000009536743
YBR009C,YAL053W,0,-3.6373706,0.028552887961268425,0.13199999928474426,0.44909998774528503
YLR385C,YPL111W,0,-3.6373873,0.028546713292598724,0.13199999928474426,0.44920000433921814
YBR058C-A,YKL067W,0,-3.637503,0.028540540486574173,0.13199999928474426,0.44929999113082886
YLL017W,YIL096C,0,-3.6375368,0.02853437140583992,0.13199999928474426,0.44940000772476196
YML129C,YNL078W,0,-3.6378002,0.028528204187750816,0.13199999928474426,0.4494999945163727
YAL043C,YGR027C,0,-3.638099,0.028522038832306862,0.13199999928474426,0.4496000111103058
YGR112W,YNL243W,0,-3.638286,0.028515879064798355,0.13199999928474426,0.4496999979019165
YKR095W,YER127W,0,-3.6386766,0.02850971929728985,0.13199999928474426,0.4498000144958496
YER036C,YFR041C,0,-3.6386971,0.02850356325507164,0.13199999928474426,0.4499000012874603
YOR288C,YNL094W,0,-3.638737,0.02849740907549858,0.13199999928474426,0.44999998807907104
YKL178C,YNL095C,0,-3.6387396,0.02849125862121582,0.13199999928474426,0.45010000467300415
YDR478W,YAR035W,0,-3.6387656,0.02848511002957821,0.13199999928474426,0.45019999146461487
YGL076C,YKL090W,0,-3.6388197,0.028478965163230896,0.13199999928474426,0.450300008058548
YBL112C,YPL183C,0,-3.6388454,0.028472822159528732,0.13199999928474426,0.4503999948501587
YCR040W,YPR072W,0,-3.6389115,0.028466681018471718,0.13199999928474426,0.4505000114440918
YER048W-A,YGR211W,0,-3.6390083,0.028460543602705002,0.13199999928474426,0.4505999982357025
YBR043C,YOR145C,0,-3.6390214,0.028454408049583435,0.13199999928474426,0.4507000148296356
YER145C,YJL048C,0,-3.6391273,0.028448276221752167,0.13199999928474426,0.45080000162124634
YOL109W,YGL157W,0,-3.639134,0.028442146256566048,0.13199999928474426,0.45089998841285706
YKL178C,YBL090W,0,-3.639155,0.028436018154025078,0.13199999928474426,0.45100000500679016
YPL113C,YMR179W,0,-3.6391635,0.028429893776774406,0.13199999928474426,0.4510999917984009
YNL023C,YML030W,0,-3.6393282,0.028423773124814034,0.13199999928474426,0.451200008392334
YPR001W,YHR082C,0,-3.6394563,0.02841765247285366,0.13199999928474426,0.4512999951839447
YER012W,YNL217W,0,-3.639604,0.028411537408828735,0.13199999928474426,0.4514000117778778
YMR232W,YDR469W,0,-3.6397386,0.02840542234480381,0.13199999928474426,0.4514999985694885
YMR287C,YGR014W,0,-3.6398082,0.028399311006069183,0.13199999928474426,0.45159998536109924
YMR314W,YKL033W,0,-3.6399307,0.028393203392624855,0.13199999928474426,0.45170000195503235
YHR099W,YNL181W,0,-3.6399384,0.028387097641825676,0.13199999928474426,0.45179998874664307
YHL036W,YDR466W,0,-3.6401644,0.028380993753671646,0.13199999928474426,0.45190000534057617
YNL130C,YKL026C,0,-3.6402302,0.028374891728162766,0.13199999928474426,0.4519999921321869
YLR068W,YGL200C,0,-3.6403465,0.028368793427944183,0.13199999928474426,0.45210000872612
YOR049C,YPL098C,0,-3.6403732,0.0283626988530159,0.13199999928474426,0.4521999955177307
YPL231W,YOR358W,0,-3.640402,0.028356606140732765,0.13199999928474426,0.4523000121116638
YIR004W,YGL231C,0,-3.6404247,0.02835051529109478,0.13199999928474426,0.45239999890327454
YJL082W,YGR080W,0,-3.6404366,0.028344428166747093,0.13199999928474426,0.45249998569488525
YGR220C,YOR132W,0,-3.6405609,0.028338342905044556,0.13199999928474426,0.45260000228881836
YMR139W,YFL010W-A,0,-3.640646,0.028332259505987167,0.13199999928474426,0.4526999890804291
YCL031C,YCR060W,0,-3.6406722,0.028326179832220078,0.13199999928474426,0.4528000056743622
YHR148W,YGR063C,0,-3.6406834,0.028320103883743286,0.13199999928474426,0.4528999924659729
YOL032W,YBL056W,0,-3.6407714,0.028314027935266495,0.13199999928474426,0.453000009059906
YDL206W,YBR065C,0,-3.6409855,0.028307955712080002,0.13199999928474426,0.4530999958515167
YDR299W,YOL042W,0,-3.6410155,0.028301887214183807,0.13199999928474426,0.45320001244544983
YLL013C,YPL209C,0,-3.6411767,0.028295820578932762,0.13199999928474426,0.45329999923706055
YDR318W,YGL025C,0,-3.6412034,0.028289755806326866,0.13199999928474426,0.45339998602867126
YLR157C,YKL149C,0,-3.641286,0.02828369475901127,0.13199999928474426,0.45350000262260437
YBR273C,YNL153C,0,-3.6412878,0.02827763557434082,0.13199999928474426,0.4535999894142151
YNL129W,YDR248C,0,-3.6415057,0.02827157825231552,0.13199999928474426,0.4537000060081482
YFR034C,YOR271C,0,-3.6415508,0.02826552465558052,0.13199999928474426,0.4537999927997589
YAL021C,YMR221C,0,-3.6416035,0.02825947292149067,0.13199999928474426,0.453900009393692
YML057W,YLR466W,0,-3.6416323,0.028253424912691116,0.13199999928474426,0.45399999618530273
YDR080W,YJL179W,0,-3.6417413,0.028247378766536713,0.13199999928474426,0.45410001277923584
YLR127C,YOR389W,0,-3.6419652,0.028241334483027458,0.13199999928474426,0.45419999957084656
YDL038C,YLL045C,0,-3.6419692,0.028235293924808502,0.13199999928474426,0.4542999863624573
YJL045W,YDR170W-A,0,-3.6421576,0.028229255229234695,0.13199999928474426,0.4544000029563904
YHR210C,YML113W,0,-3.6422157,0.028223220258951187,0.13199999928474426,0.4544999897480011
YJL110C,YBR196C,0,-3.6422434,0.028217187151312828,0.13199999928474426,0.4546000063419342
YGR036C,YDL039C,0,-3.6422918,0.028211155906319618,0.13199999928474426,0.4546999931335449
YGR214W,YDR363W-A,0,-3.6426568,0.028205128386616707,0.13199999928474426,0.454800009727478
YFL001W,YLR344W,0,-3.6426888,0.028199102729558945,0.13199999928474426,0.45489999651908875
YGR061C,YJL035C,0,-3.6427288,0.02819308079779148,0.13199999928474426,0.45500001311302185
YDR449C,YDR334W,0,-3.6429708,0.028187058866024017,0.13199999928474426,0.45509999990463257
YJR107W,YCR072C,0,-3.64302,0.028181042522192,0.13199999928474426,0.4551999866962433
YPR067W,YJL121C,0,-3.6431844,0.028175026178359985,0.13199999928474426,0.4553000032901764
YGL063W,YDL081C,0,-3.6432025,0.028169013559818268,0.13199999928474426,0.4553999900817871
YDL185W,YPL101W,0,-3.6434598,0.02816300466656685,0.13199999928474426,0.4555000066757202
YCR094W,YKL089W,0,-3.6434622,0.02815699577331543,0.13199999928474426,0.45559999346733093
YPR096C,YJL024C,0,-3.6434631,0.02815099246799946,0.13199999928474426,0.45570001006126404
YDR529C,YBL089W,0,-3.6435313,0.028144989162683487,0.13199999928474426,0.45579999685287476
YER048W-A,YGL037C,0,-3.6435723,0.028138989582657814,0.13199999928474426,0.45590001344680786
YJL046W,YKL196C,0,-3.6435757,0.02813299186527729,0.13199999928474426,0.4560000002384186
YPL153C,YJL026W,1,-3.6436532,0.028340080752968788,0.13300000131130219,0.4560000002384186
YBL080C,YLR244C,0,-3.643696,0.02833404392004013,0.13300000131130219,0.4560999870300293
YBR081C,YDR196C,0,-3.6438868,0.028328008949756622,0.13300000131130219,0.4562000036239624
YNL306W,YBR169C,0,-3.6438942,0.028321975842118263,0.13300000131130219,0.4562999904155731
YOR304W,YPL168W,0,-3.6440425,0.028315946459770203,0.13300000131130219,0.4564000070095062
YLR154C,YFR027W,1,-3.6440735,0.028522776439785957,0.1340000033378601,0.4564000070095062
YEL043W,YGL093W,0,-3.6442235,0.028516706079244614,0.1340000033378601,0.45649999380111694
YDR317W,YNL016W,0,-3.6442275,0.02851063758134842,0.1340000033378601,0.45660001039505005
YDR380W,YBR212W,0,-3.6442645,0.028504572808742523,0.1340000033378601,0.45669999718666077
YIR011C,YPL273W,0,-3.6443985,0.028498511761426926,0.1340000033378601,0.45680001378059387
YLR386W,YBR243C,0,-3.6446028,0.028492450714111328,0.1340000033378601,0.4569000005722046
YMR204C,YEL036C,0,-3.6446066,0.02848639525473118,0.1340000033378601,0.4569999873638153
YLR127C,YML037C,0,-3.6447155,0.02848033979535103,0.1340000033378601,0.4571000039577484
YNL175C,YBR082C,0,-3.6448503,0.028474288061261177,0.1340000033378601,0.45719999074935913
YFR007W,YHL008C,0,-3.644917,0.028468238189816475,0.1340000033378601,0.45730000734329224
YPR199C,YJR070C,0,-3.6449819,0.02846219204366207,0.1340000033378601,0.45739999413490295
YPL115C,YPL087W,0,-3.645008,0.028456147760152817,0.1340000033378601,0.45750001072883606
YPL202C,YIL037C,0,-3.645033,0.02845010533928871,0.1340000033378601,0.4575999975204468
YJR046W,YLR103C,1,-3.6450534,0.028656335547566414,0.13500000536441803,0.4575999975204468
YDR252W,YML073C,0,-3.6450648,0.028650254011154175,0.13500000536441803,0.4577000141143799
YJL087C,YPR071W,0,-3.6454632,0.028644176200032234,0.13500000536441803,0.4578000009059906
YNL066W,YOL102C,0,-3.6454809,0.028638098388910294,0.13500000536441803,0.4578999876976013
YIL124W,YMR080C,0,-3.6454997,0.0286320261657238,0.13500000536441803,0.4580000042915344
YLL004W,YGR180C,1,-3.6455007,0.02883799746632576,0.13600000739097595,0.4580000042915344
YNL050C,YGL174W,0,-3.6455426,0.028831884264945984,0.13600000739097595,0.45809999108314514
YOR386W,YDR273W,0,-3.645843,0.028825772926211357,0.13600000739097595,0.45820000767707825
YOR237W,YDL074C,0,-3.6458855,0.02881966531276703,0.13600000739097595,0.45829999446868896
YPR019W,YDR069C,1,-3.64601,0.029025424271821976,0.13699999451637268,0.45829999446868896
YPL130W,YHR076W,0,-3.6460876,0.029019275680184364,0.13699999451637268,0.45840001106262207
YCL047C,YER147C,0,-3.646103,0.02901313081383705,0.13699999451637268,0.4584999978542328
YPR196W,YOL101C,0,-3.6461082,0.029006987810134888,0.13699999451637268,0.4586000144481659
YLR208W,YOR018W,0,-3.6461663,0.029000846669077873,0.13699999451637268,0.4587000012397766
YOR019W,YOR211C,0,-3.6462898,0.028994709253311157,0.13699999451637268,0.45879998803138733
YOR265W,YPR144C,0,-3.6463308,0.02898857370018959,0.13699999451637268,0.45890000462532043
YNL309W,YKR095W,0,-3.6463585,0.028982441872358322,0.13699999451637268,0.45899999141693115
YMR247C,YGL085W,0,-3.646381,0.028976311907172203,0.13699999451637268,0.45910000801086426
YJR046W,YOR346W,1,-3.646449,0.029181644320487976,0.1379999965429306,0.45910000801086426
YPR100W,YLR287C-A,0,-3.6465878,0.029175475239753723,0.1379999965429306,0.459199994802475
YFR007W,YKL205W,0,-3.646603,0.02916930802166462,0.1379999965429306,0.4593000113964081
YPR096C,YOR372C,0,-3.6466274,0.029163144528865814,0.1379999965429306,0.4593999981880188
YOL009C,YJL143W,0,-3.646753,0.029156982898712158,0.1379999965429306,0.4595000147819519
YLR131C,YDL045C,0,-3.6469412,0.02915082313120365,0.1379999965429306,0.4596000015735626
YHR011W,YPL218W,0,-3.6469626,0.029144667088985443,0.1379999965429306,0.45969998836517334
YGL009C,YMR213W,0,-3.647126,0.029138512909412384,0.1379999965429306,0.45980000495910645
YJR070C,YFL037W,0,-3.6471367,0.029132362455129623,0.1379999965429306,0.45989999175071716
YPR141C,YGR009C,0,-3.6472332,0.029126213863492012,0.1379999965429306,0.46000000834465027
YNL207W,YLR446W,0,-3.647255,0.02912006713449955,0.1379999965429306,0.460099995136261
YDR392W,YIL011W,0,-3.6473544,0.029113924130797386,0.1379999965429306,0.4602000117301941
YDR110W,YNL102W,1,-3.6473703,0.029318708926439285,0.13899999856948853,0.4602000117301941
YEL032W,YGR180C,1,-3.6475215,0.02952340804040432,0.14000000059604645,0.4602000117301941
YLR067C,YIL139C,0,-3.6475253,0.02951718308031559,0.14000000059604645,0.4602999985218048
YGR143W,YLR126C,0,-3.6475525,0.02951096184551716,0.14000000059604645,0.4603999853134155
YLR291C,YGR241C,0,-3.647556,0.029504742473363876,0.14000000059604645,0.46050000190734863
YJR057W,YER070W,1,-3.6475763,0.0297092292457819,0.14100000262260437,0.46050000190734863
YOL151W,YER062C,0,-3.6476111,0.029702970758080482,0.14100000262260437,0.46059998869895935
YNL206C,YER102W,0,-3.6477609,0.029696714133024216,0.14100000262260437,0.46070000529289246
YLR276C,YHL017W,0,-3.647893,0.029690461233258247,0.14100000262260437,0.4607999920845032
YIL170W,YOR356W,0,-3.6479707,0.02968421019613743,0.14100000262260437,0.4609000086784363
YGL210W,YHR061C,0,-3.6480165,0.029677962884306908,0.14100000262260437,0.460999995470047
YJL127C,YJL206C,0,-3.6480823,0.029671717435121536,0.14100000262260437,0.4611000120639801
YPL240C,YOR075W,0,-3.6481972,0.029665473848581314,0.14100000262260437,0.4611999988555908
YML096W,YJR035W,0,-3.6482778,0.02965923398733139,0.14100000262260437,0.46129998564720154
YCR044C,YDR165W,0,-3.6482797,0.029652995988726616,0.14100000262260437,0.46140000224113464
YJL098W,YDL240W,0,-3.6483078,0.02964676171541214,0.14100000262260437,0.46149998903274536
YMR001C,YJL194W,1,-3.6483505,0.02985074557363987,0.1420000046491623,0.46149998903274536
YOR253W,YML088W,0,-3.6485806,0.02984447218477726,0.1420000046491623,0.46160000562667847
YPL113C,YML037C,0,-3.6489475,0.0298382006585598,0.1420000046491623,0.4616999924182892
YIR015W,YJL158C,0,-3.6490211,0.029831932857632637,0.1420000046491623,0.4618000090122223
YKL089W,YER031C,0,-3.64909,0.029825666919350624,0.1420000046491623,0.461899995803833
YLR278C,YDR457W,0,-3.6491942,0.02981940284371376,0.1420000046491623,0.4620000123977661
YAL002W,YDR127W,0,-3.6492255,0.029813142493367195,0.1420000046491623,0.46209999918937683
YMR145C,YBR243C,0,-3.6495986,0.02980688586831093,0.1420000046491623,0.46219998598098755
YKL017C,YHL024W,1,-3.6496477,0.030010493472218513,0.14300000667572021,0.46219998598098755
YLR099C,YPL004C,0,-3.6496558,0.030004195868968964,0.14300000667572021,0.46230000257492065
YHR164C,YMR043W,1,-3.6497352,0.03020767867565155,0.14399999380111694,0.46230000257492065
YNR016C,YPL019C,0,-3.6497777,0.030201341956853867,0.14399999380111694,0.46239998936653137
YLR293C,YBL074C,0,-3.6498418,0.03019500896334648,0.14399999380111694,0.4625000059604645
YLR005W,YOR374W,0,-3.6499784,0.030188679695129395,0.14399999380111694,0.4625999927520752
YKR068C,YLR004C,0,-3.650022,0.030182352289557457,0.14399999380111694,0.4627000093460083
YER048W-A,YDR197W,0,-3.6500492,0.03017602674663067,0.14399999380111694,0.462799996137619
YAR018C,YKL081W,0,-3.6500905,0.03016970492899418,0.14399999380111694,0.4629000127315521
YGR244C,YBR294W,0,-3.6501217,0.030163384974002838,0.14399999380111694,0.46299999952316284
YAL021C,YLR367W,0,-3.6502676,0.030157068744301796,0.14399999380111694,0.46309998631477356
YPL176C,YDL036C,0,-3.6502976,0.030150754377245903,0.14399999380111694,0.46320000290870667
YDR218C,YPL100W,0,-3.650313,0.03014444187283516,0.14399999380111694,0.4632999897003174
YPL068C,YMR175W,0,-3.6503296,0.030138133093714714,0.14399999380111694,0.4634000062942505
YGL226W,YNL001W,0,-3.6505198,0.030131826177239418,0.14399999380111694,0.4634999930858612
YCR002C,YOL138C,0,-3.6505551,0.03012552298605442,0.14399999380111694,0.4636000096797943
YOR383C,YMR054W,0,-3.6506662,0.030119221657514572,0.14399999380111694,0.46369999647140503
YLR088W,YOL127W,0,-3.650835,0.030112924054265022,0.14399999380111694,0.46380001306533813
YKL166C,YNL223W,0,-3.6509223,0.03010662831366062,0.14399999380111694,0.46389999985694885
YOL121C,YFL011W,0,-3.650982,0.03010033443570137,0.14399999380111694,0.46399998664855957
YDR038C,YAL056W,0,-3.6509933,0.030094044283032417,0.14399999380111694,0.4641000032424927
YKL100C,YGL128C,0,-3.6510334,0.030087755993008614,0.14399999380111694,0.4641999900341034
YDL170W,YDL099W,0,-3.651051,0.03008147142827511,0.14399999380111694,0.4643000066280365
YDL166C,YOR384W,0,-3.6510596,0.030075188726186752,0.14399999380111694,0.4643999934196472
YBR202W,YAR007C,1,-3.6511214,0.030277719721198082,0.14499999582767487,0.4643999934196472
YJL046W,YDR383C,0,-3.6511924,0.030271397903561592,0.14499999582767487,0.4645000100135803
YDR188W,YOL032W,0,-3.6513896,0.0302650798112154,0.14499999582767487,0.46459999680519104
YJL087C,YPR028W,0,-3.651495,0.030258765444159508,0.14499999582767487,0.46470001339912415
YKR038C,YDL083C,0,-3.6515057,0.030252451077103615,0.14499999582767487,0.46480000019073486
YNL077W,YML116W,0,-3.651582,0.03024614043533802,0.14499999582767487,0.4648999869823456
YDR369C,YPL145C,0,-3.6516578,0.030239833518862724,0.14499999582767487,0.4650000035762787
YDL137W,YKR094C,0,-3.651675,0.030233528465032578,0.14499999582767487,0.4650999903678894
YCR011C,YGR024C,0,-3.6517472,0.03022722527384758,0.14499999582767487,0.4652000069618225
YDR490C,YDR056C,0,-3.6517859,0.03022092580795288,0.14499999582767487,0.4652999937534332
YBR278W,YGR180C,1,-3.6518285,0.030423004180192947,0.1459999978542328,0.4652999937534332
YFL004W,YCL064C,0,-3.6519802,0.030416667461395264,0.1459999978542328,0.46540001034736633
YHR148W,YDR138W,0,-3.652002,0.03041033074259758,0.1459999978542328,0.46549999713897705
YAL015C,YOL042W,0,-3.6521006,0.030403997749090195,0.1459999978542328,0.46560001373291016
YDR259C,YDR517W,0,-3.652145,0.030397668480873108,0.1459999978542328,0.4657000005245209
YGL163C,YGL085W,0,-3.6522593,0.03039134107530117,0.1459999978542328,0.4657999873161316
YHR205W,YMR087W,0,-3.652275,0.030385015532374382,0.1459999978542328,0.4659000039100647
YCR004C,YDL091C,0,-3.6524048,0.030378693714737892,0.1459999978542328,0.4659999907016754
YER179W,YPL225W,0,-3.652485,0.03037237375974655,0.1459999978542328,0.4661000072956085
YCL016C,YHR008C,0,-3.6525297,0.03036605566740036,0.1459999978542328,0.46619999408721924
YPL120W,YCR028C,0,-3.6526752,0.030359741300344467,0.1459999978542328,0.46630001068115234
YOR074C,YMR001C,1,-3.6527452,0.030561329796910286,0.1469999998807907,0.46630001068115234
YJL141C,YDL031W,0,-3.65281,0.03055497817695141,0.1469999998807907,0.46639999747276306
YPR191W,YPL210C,0,-3.652816,0.03054862841963768,0.1469999998807907,0.46650001406669617
YDL204W,YCR091W,0,-3.6528263,0.0305422805249691,0.1469999998807907,0.4666000008583069
YDR129C,YDR130C,0,-3.6528573,0.03053593635559082,0.1469999998807907,0.4666999876499176
YIL153W,YOR079C,0,-3.6529036,0.030529595911502838,0.1469999998807907,0.4668000042438507
YCL066W,YNL335W,0,-3.652965,0.030523255467414856,0.1469999998807907,0.4668999910354614
YNL191W,YDL142C,0,-3.6529803,0.030516918748617172,0.1469999998807907,0.46700000762939453
YLR411W,YOR301W,0,-3.6531959,0.030510585755109787,0.1469999998807907,0.46709999442100525
YBR094W,YIL043C,0,-3.6533973,0.03050425462424755,0.1469999998807907,0.46720001101493835
YLR085C,YDR064W,0,-3.6534343,0.030497925356030464,0.1469999998807907,0.4672999978065491
YDL109C,YDR059C,0,-3.6536484,0.030491599813103676,0.1469999998807907,0.4674000144004822
YNR055C,YFR003C,0,-3.653732,0.030485276132822037,0.1469999998807907,0.4675000011920929
YNR055C,YEL069C,0,-3.6539874,0.030478954315185547,0.1469999998807907,0.4675999879837036
YJR016C,YPR169W,0,-3.6541264,0.030472636222839355,0.1469999998807907,0.4677000045776367
YHR008C,YOL031C,0,-3.6541514,0.030466321855783463,0.1469999998807907,0.46779999136924744
YOR092W,YML095C,0,-3.6542368,0.03046000748872757,0.1469999998807907,0.46790000796318054
YPR006C,YNL094W,0,-3.6543255,0.030453698709607124,0.1469999998807907,0.46799999475479126
YIL062C,YHR206W,0,-3.654333,0.03044738993048668,0.1469999998807907,0.46810001134872437
YHR184W,YKL063C,0,-3.654487,0.030441084876656532,0.1469999998807907,0.4681999981403351
YOR142W,YPL123C,0,-3.654505,0.030434781685471535,0.1469999998807907,0.4683000147342682
YMR004W,YMR133W,0,-3.6545706,0.030428482219576836,0.1469999998807907,0.4684000015258789
YOR332W,YPL193W,0,-3.6546345,0.030422184616327286,0.1469999998807907,0.4684999883174896
YLR009W,YBR114W,0,-3.654698,0.030415890738368034,0.1469999998807907,0.46860000491142273
YLR043C,YLR103C,1,-3.6547208,0.03061646595597267,0.14800000190734863,0.46860000491142273
YCL059C,YGR171C,0,-3.6547627,0.030610134825110435,0.14800000190734863,0.46869999170303345
YKL165C,YGL026C,0,-3.6547816,0.03060380555689335,0.14800000190734863,0.46880000829696655
YIL047C,YNL153C,0,-3.6550832,0.03059747815132141,0.14800000190734863,0.46889999508857727
YMR296C,YJR063W,0,-3.6553738,0.030591152608394623,0.14800000190734863,0.4690000116825104
YDR065W,YDL015C,0,-3.6554132,0.030584830790758133,0.14800000190734863,0.4690999984741211
YLR043C,YCR086W,1,-3.6554255,0.030785124748945236,0.14900000393390656,0.4690999984741211
YOL064C,YGL120C,0,-3.6554472,0.030778763815760612,0.14900000393390656,0.4691999852657318
YDL060W,YER167W,0,-3.6555657,0.030772408470511436,0.14900000393390656,0.4693000018596649
YHR210C,YOR049C,0,-3.65559,0.03076605498790741,0.14900000393390656,0.46939998865127563
YOL026C,YFL011W,0,-3.6558135,0.030759703367948532,0.14900000393390656,0.46950000524520874
YPL194W,YJR147W,0,-3.6558933,0.030753353610634804,0.14900000393390656,0.46959999203681946
YJL030W,YBL025W,0,-3.656004,0.030747007578611374,0.14900000393390656,0.46970000863075256
YLR264W,YCL032W,0,-3.6560793,0.030740663409233093,0.14900000393390656,0.4697999954223633
YNR016C,YDR486C,0,-3.6565604,0.03073432296514511,0.14900000393390656,0.4699000120162964
YDR189W,YOL102C,0,-3.6566935,0.030727984383702278,0.14900000393390656,0.4699999988079071
YBR114W,YCR091W,0,-3.6566978,0.030721649527549744,0.14900000393390656,0.4700999855995178
YOR187W,YJL155C,0,-3.656737,0.03071531653404236,0.14900000393390656,0.4702000021934509
YIR015W,YDR030C,0,-3.6567752,0.030708985403180122,0.14900000393390656,0.47029998898506165
YMR232W,YCL066W,0,-3.656856,0.030702657997608185,0.14900000393390656,0.47040000557899475
YPR106W,YBR069C,0,-3.656857,0.030696332454681396,0.14900000393390656,0.47049999237060547
YNL147W,YPR106W,0,-3.6568928,0.030690010637044907,0.14900000393390656,0.4706000089645386
YNR041C,YOL127W,0,-3.656982,0.030683690682053566,0.14900000393390656,0.4706999957561493
YBL087C,YLR239C,0,-3.6570008,0.030677372589707375,0.14900000393390656,0.4708000123500824
YKL135C,YJR153W,0,-3.657093,0.03067105822265148,0.14900000393390656,0.4708999991416931
YML086C,YBR274W,0,-3.6571398,0.030664745718240738,0.14900000393390656,0.47099998593330383
YNL202W,YFL049W,0,-3.6571913,0.030658436939120293,0.14900000393390656,0.47110000252723694
YLR154C,YEL032W,1,-3.6572504,0.03085784800350666,0.15000000596046448,0.47110000252723694
YHR133C,YDR473C,0,-3.6572824,0.03085150197148323,0.15000000596046448,0.47119998931884766
YAL033W,YLR430W,0,-3.657365,0.03084515780210495,0.15000000596046448,0.47130000591278076
YOR340C,YKR077W,0,-3.6574118,0.03083881549537182,0.15000000596046448,0.4713999927043915
YLR224W,YGR144W,0,-3.657499,0.030832476913928986,0.15000000596046448,0.4715000092983246
YDR240C,YKL196C,0,-3.6577804,0.030826140195131302,0.15000000596046448,0.4715999960899353
YKL185W,YKR054C,0,-3.65785,0.030819807201623917,0.15000000596046448,0.4717000126838684
YBR129C,YJR092W,0,-3.6580505,0.03081347607076168,0.15000000596046448,0.4717999994754791
YHR204W,YFR025C,0,-3.6581507,0.030807146802544594,0.15000000596046448,0.47189998626708984
YOR251C,YKL007W,0,-3.6583233,0.030800821259617805,0.15000000596046448,0.47200000286102295
YDR189W,YBR193C,0,-3.6586473,0.030794497579336166,0.15000000596046448,0.47209998965263367
YHR120W,YIR037W,0,-3.658784,0.030788177624344826,0.15000000596046448,0.4722000062465668
YBR268W,YIR012W,0,-3.6588013,0.030781859531998634,0.15000000596046448,0.4722999930381775
YDR447C,YLR093C,0,-3.658816,0.030775543302297592,0.15000000596046448,0.4724000096321106
YCL048W,YFR033C,0,-3.6588552,0.03076923079788685,0.15000000596046448,0.4724999964237213
YGL104C,YER082C,0,-3.6588957,0.030762920156121254,0.15000000596046448,0.4726000130176544
YNR022C,YJL167W,0,-3.6589496,0.030756613239645958,0.15000000596046448,0.47269999980926514
YDR018C,YHL025W,0,-3.6589544,0.03075030818581581,0.15000000596046448,0.47279998660087585
YBR112C,YDR046C,0,-3.6592226,0.030744004994630814,0.15000000596046448,0.47290000319480896
YCR086W,YPL153C,1,-3.6592727,0.03094262257218361,0.1509999930858612,0.47290000319480896
YLL017W,YBR130C,0,-3.6593637,0.030936283990740776,0.1509999930858612,0.4729999899864197
YER033C,YNR038W,0,-3.65948,0.030929947271943092,0.1509999930858612,0.4731000065803528
YPR169W,YNL161W,0,-3.6595304,0.030923612415790558,0.1509999930858612,0.4731999933719635
YBR060C,YGL251C,1,-3.6595607,0.031122030690312386,0.15199999511241913,0.4731999933719635
YKL088W,YLR433C,0,-3.6595676,0.031115660443902016,0.15199999511241913,0.4733000099658966
YIL108W,YJL057C,0,-3.6595721,0.031109292060136795,0.15199999511241913,0.4733999967575073
YLR429W,YMR284W,0,-3.659753,0.031102925539016724,0.15199999511241913,0.47350001335144043
YBR168W,YJL053W,0,-3.659781,0.03109656274318695,0.15199999511241913,0.47360000014305115
YML057W,YOR215C,0,-3.659811,0.031090201810002327,0.15199999511241913,0.47369998693466187
YDR398W,YPR171W,0,-3.6598132,0.031083844602108,0.15199999511241913,0.47380000352859497
YHR160C,YKL180W,0,-3.659935,0.031077489256858826,0.15199999511241913,0.4738999903202057
YJL125C,YDL130W,0,-3.6600783,0.0310711357742548,0.15199999511241913,0.4740000069141388
YPR182W,YDR351W,0,-3.6600962,0.03106478601694107,0.15199999511241913,0.4740999937057495
YNL214W,YCR107W,0,-3.6601324,0.03105843812227249,0.15199999511241913,0.4742000102996826
YJR155W,YDR342C,0,-3.6602378,0.03105209395289421,0.15199999511241913,0.47429999709129333
YGL039W,YNL117W,0,-3.660245,0.03104575164616108,0.15199999511241913,0.47440001368522644
YBR274W,YOL059W,0,-3.6602495,0.031039411202073097,0.15199999511241913,0.47450000047683716
YBR296C,YOR176W,0,-3.6604888,0.031033074483275414,0.15199999511241913,0.4745999872684479
YJR089W,YKL059C,0,-3.6605954,0.03102673962712288,0.15199999511241913,0.474700003862381
YER089C,YBR097W,0,-3.6608498,0.031020408496260643,0.15199999511241913,0.4747999906539917
YPR035W,YDR364C,0,-3.6609344,0.031014079228043556,0.15199999511241913,0.4749000072479248
YGR003W,YGL249W,0,-3.6609435,0.03100775182247162,0.15199999511241913,0.4749999940395355
YHL012W,YJR151C,0,-3.6609745,0.03100142814218998,0.15199999511241913,0.47510001063346863
YJR046W,YPR120C,1,-3.661016,0.031199021264910698,0.15299999713897705,0.47510001063346863
YDR334W,YGL085W,0,-3.6611943,0.031192660331726074,0.15299999713897705,0.47519999742507935
YDR387C,YHR024C,0,-3.66122,0.03118630312383175,0.15299999713897705,0.47530001401901245
YPL259C,YIL148W,0,-3.6612904,0.031179947778582573,0.15299999713897705,0.47540000081062317
YHR172W,YER123W,0,-3.6613445,0.031173594295978546,0.15299999713897705,0.4754999876022339
YPR008W,YDR248C,0,-3.6615367,0.031167244538664818,0.15299999713897705,0.475600004196167
YEL005C,YDR347W,0,-3.6616287,0.03116089664399624,0.15299999713897705,0.4756999909877777
YNL062C,YML070W,0,-3.6616664,0.03115455061197281,0.15299999713897705,0.4758000075817108
YOR224C,YGL212W,0,-3.6617212,0.031148208305239677,0.15299999713897705,0.47589999437332153
YOL139C,YGR055W,0,-3.661779,0.031141867861151695,0.15299999713897705,0.47600001096725464
YIL124W,YNL251C,0,-3.6617918,0.03113553114235401,0.15299999713897705,0.47609999775886536
YER120W,YJR140C,0,-3.6617947,0.031129196286201477,0.15299999713897705,0.47620001435279846
YPL147W,YDR087C,0,-3.6619973,0.031122863292694092,0.15299999713897705,0.4763000011444092
YDR127W,YMR009W,0,-3.6620598,0.031116534024477005,0.15299999713897705,0.4763999879360199
YKL182W,YDR217C,0,-3.662109,0.031110206618905067,0.15299999713897705,0.476500004529953
YMR168C,YNL080C,0,-3.6623278,0.03110388293862343,0.15299999713897705,0.4765999913215637
YPL010W,YPL137C,0,-3.6623654,0.03109756112098694,0.15299999713897705,0.4767000079154968
YPL130W,YLR120C,0,-3.6625447,0.031091241165995598,0.15299999713897705,0.47679999470710754
YJR109C,YKL026C,0,-3.6625752,0.031084924936294556,0.15299999713897705,0.47690001130104065
YMR099C,YKL175W,0,-3.6626632,0.031078610569238663,0.15299999713897705,0.47699999809265137
YER104W,YDL247W,0,-3.6628795,0.03107229806482792,0.15299999713897705,0.4771000146865845
YJL189W,YIR025W,0,-3.662891,0.031065989285707474,0.15299999713897705,0.4772000014781952
YBR131W,YNL173C,0,-3.6629214,0.031059684231877327,0.15299999713897705,0.4772999882698059
YLR404W,YLR409C,0,-3.6629996,0.03105337917804718,0.15299999713897705,0.477400004863739
YDR028C,YCR105W,0,-3.6632504,0.031047077849507332,0.15299999713897705,0.47749999165534973
YPL214C,YEL020W-A,0,-3.6634421,0.031040778383612633,0.15299999713897705,0.47760000824928284
YJL212C,YDL097C,0,-3.6634674,0.031034482643008232,0.15299999713897705,0.47769999504089355
YPL186C,YLR446W,0,-3.663583,0.03102818876504898,0.15299999713897705,0.47780001163482666
YJR107W,YOR126C,0,-3.6638231,0.031021898612380028,0.15299999713897705,0.4778999984264374
YDR028C,YJR092W,0,-3.6640086,0.031015608459711075,0.15299999713897705,0.4779999852180481
YDR376W,YMR300C,0,-3.6640112,0.03100932389497757,0.15299999713897705,0.4781000018119812
YBL113C,YDR265W,0,-3.6640995,0.031003039330244064,0.15299999713897705,0.4781999886035919
YNL247W,YMR026C,0,-3.6641502,0.030996758490800858,0.15299999713897705,0.478300005197525
YDR451C,YHR169W,0,-3.6642172,0.0309904795140028,0.15299999713897705,0.47839999198913574
YHR060W,YLR313C,0,-3.6643276,0.03098420426249504,0.15299999713897705,0.47850000858306885
YCR018C,YCR052W,0,-3.6644025,0.03097793087363243,0.15299999713897705,0.47859999537467957
YGL168W,YAR007C,1,-3.6646092,0.03117408975958824,0.15399999916553497,0.47859999537467957
YGR004W,YDR236C,0,-3.664805,0.031167779117822647,0.15399999916553497,0.47870001196861267
YGL142C,YPL141C,0,-3.6650362,0.03116147220134735,0.15399999916553497,0.4787999987602234
YBR267W,YEL069C,0,-3.6650395,0.031155169010162354,0.15399999916553497,0.4788999855518341
YBR034C,YML006C,0,-3.6653247,0.031148867681622505,0.15399999916553497,0.4790000021457672
YLR467W,YMR295C,0,-3.665327,0.031142568215727806,0.15399999916553497,0.47909998893737793
YIL053W,YKR026C,0,-3.665454,0.031136272475123405,0.15399999916553497,0.47920000553131104
YLR343W,YJL155C,0,-3.6654568,0.031129978597164154,0.15399999916553497,0.47929999232292175
YER044C-A,YOR002W,0,-3.665502,0.031123686581850052,0.15399999916553497,0.47940000891685486
YBR058C-A,YNL015W,0,-3.6655188,0.031117398291826248,0.15399999916553497,0.4794999957084656
YKL129C,YGR056W,0,-3.6656237,0.031111111864447594,0.15399999916553497,0.4796000123023987
YIL177C,YEL050C,0,-3.66565,0.03110482729971409,0.15399999916553497,0.4796999990940094
YHR172W,YPL101W,0,-3.665699,0.03109854646027088,0.15399999916553497,0.4797999858856201
YGL139W,YFR032C-A,0,-3.6657069,0.031092267483472824,0.15399999916553497,0.4799000024795532
YAL033W,YDL149W,0,-3.665753,0.031085990369319916,0.15399999916553497,0.47999998927116394
YIL078W,YPL031C,0,-3.6658082,0.031079716980457306,0.15399999916553497,0.48010000586509705
YER022W,YLL018C-A,0,-3.6659079,0.031073445454239845,0.15399999916553497,0.48019999265670776
YBR003W,YGL028C,0,-3.6659827,0.031067177653312683,0.15399999916553497,0.48030000925064087
YKL129C,YNL012W,0,-3.6659908,0.03106091171503067,0.15399999916553497,0.4803999960422516
YBR187W,YDL240W,0,-3.6660843,0.031054647639393806,0.15399999916553497,0.4805000126361847
YJR068W,YCR086W,1,-3.6660948,0.03125,0.1550000011920929,0.4805000126361847
YGL222C,YDR273W,0,-3.6662178,0.0312437005341053,0.1550000011920929,0.4805999994277954
YKR044W,YDL171C,0,-3.6662896,0.0312374047935009,0.1550000011920929,0.48069998621940613
YCR094W,YMR243C,0,-3.666387,0.03123111091554165,0.1550000011920929,0.48080000281333923
YNL302C,YBR037C,0,-3.66639,0.031224818900227547,0.1550000011920929,0.48089998960494995
YNR001C,YDR022C,0,-3.6664164,0.031218530610203743,0.1550000011920929,0.48100000619888306
YMR130W,YBR094W,0,-3.6665304,0.03121224418282509,0.1550000011920929,0.4810999929904938
YIL150C,YKL045W,1,-3.6670747,0.03140728920698166,0.15600000321865082,0.4810999929904938
YER165W,YLR118C,0,-3.667075,0.03140096738934517,0.15600000321865082,0.4812000095844269
YKR097W,YHR085W,0,-3.66715,0.03139464557170868,0.15600000321865082,0.4812999963760376
YPL133C,YER045C,0,-3.667191,0.031388331204652786,0.15600000321865082,0.4814000129699707
YLR219W,YBR026C,0,-3.667222,0.03138201683759689,0.15600000321865082,0.4814999997615814
YDR369C,YOR253W,0,-3.6672606,0.031375702470541,0.15600000321865082,0.48159998655319214
YPL075W,YDR334W,0,-3.6673858,0.031369395554065704,0.15600000321865082,0.48170000314712524
YOR167C,YGL107C,0,-3.6673865,0.03136308863759041,0.15600000321865082,0.48179998993873596
YGL095C,YLR312W-A,0,-3.6673882,0.03135678544640541,0.15600000321865082,0.48190000653266907
YIL118W,YBL010C,0,-3.6675577,0.03135048225522041,0.15600000321865082,0.4819999933242798
YIL047C,YHR025W,0,-3.6677208,0.031344182789325714,0.15600000321865082,0.4821000099182129
YGL205W,YBR177C,0,-3.667862,0.031337887048721313,0.15600000321865082,0.4821999967098236
YDR110W,YCR086W,1,-3.66787,0.03153243660926819,0.15700000524520874,0.4821999967098236
YPR010C,YIL133C,0,-3.667938,0.0315261036157608,0.15700000524520874,0.4823000133037567
YAR027W,YDR046C,0,-3.6680803,0.031519774347543716,0.15700000524520874,0.48240000009536743
YGL064C,YLL018C-A,0,-3.6681728,0.03151344880461693,0.15700000524520874,0.48249998688697815
YOR009W,YML099C,0,-3.6682248,0.03150712326169014,0.15700000524520874,0.48260000348091125
YOL043C,YAL039C,0,-3.6685882,0.03150080144405365,0.15700000524520874,0.482699990272522
YDR487C,YBR231C,0,-3.6686156,0.03149448335170746,0.15700000524520874,0.4828000068664551
YDR308C,YKR049C,0,-3.6686819,0.03148816525936127,0.15700000524520874,0.4828999936580658
YPL175W,YKL042W,0,-3.6688004,0.03148185461759567,0.15700000524520874,0.4830000102519989
YCL017C,YLL051C,0,-3.668853,0.03147554025053978,0.15700000524520874,0.4830999970436096
YOR061W,YPL220W,0,-3.6688828,0.031469233334064484,0.15700000524520874,0.4832000136375427
YOR177C,YNR061C,0,-3.6692314,0.03146292641758919,0.15700000524520874,0.48330000042915344
YKL166C,YER126C,0,-3.6692786,0.03145662322640419,0.15700000524520874,0.48339998722076416
YJR042W,YPL101W,0,-3.6693072,0.03145032003521919,0.15700000524520874,0.48350000381469727
YBR122C,YDR437W,0,-3.669337,0.03144402056932449,0.15700000524520874,0.483599990606308
YBR042C,YBR189W,0,-3.669561,0.03143772482872009,0.15700000524520874,0.4837000072002411
YDR166C,YNL118C,0,-3.669658,0.03143143281340599,0.15700000524520874,0.4837999939918518
YLL066C,YGR014W,0,-3.669668,0.03142514079809189,0.15700000524520874,0.4839000105857849
YOR299W,YCL055W,0,-3.6696744,0.031418852508068085,0.15700000524520874,0.48399999737739563
YLR043C,YKL108W,1,-3.6697125,0.03161264583468437,0.15800000727176666,0.48399999737739563
YCR010C,YML106W,0,-3.6697645,0.031606320291757584,0.15800000727176666,0.48410001397132874
YNL117W,YDR026C,0,-3.6697977,0.031599998474121094,0.15800000727176666,0.48420000076293945
YGR178C,YJL060W,0,-3.669941,0.0315936803817749,0.15800000727176666,0.48429998755455017
YDR323C,YER113C,0,-3.6701493,0.03158736601471901,0.15800000727176666,0.4844000041484833
YGR037C,YDR325W,0,-3.6705332,0.031581051647663116,0.15800000727176666,0.484499990940094
YPL202C,YBL020W,0,-3.670865,0.03157474100589752,0.15800000727176666,0.4846000075340271
YMR130W,YJR083C,0,-3.6709628,0.03156843036413193,0.15800000727176666,0.4846999943256378
YDR218C,YGL078C,0,-3.6710074,0.03156212717294693,0.15800000727176666,0.4848000109195709
YIL106W,YNL023C,0,-3.6711361,0.031555820256471634,0.15800000727176666,0.48489999771118164
YLL018C-A,YMR012W,0,-3.671174,0.031549520790576935,0.15800000727176666,0.48500001430511475
YGR178C,YDR201W,0,-3.6711912,0.031543221324682236,0.15800000727176666,0.48510000109672546
YNR059W,YJR048W,0,-3.6715794,0.031536925584077835,0.15800000727176666,0.4851999878883362
YHR133C,YHR207C,0,-3.6715817,0.03153063356876373,0.15800000727176666,0.4853000044822693
YBR055C,YER102W,0,-3.671876,0.03152434155344963,0.15800000727176666,0.48539999127388
YOR018W,YHR036W,0,-3.671884,0.03151805326342583,0.15800000727176666,0.4855000078678131
YMR281W,YBR196C,0,-3.6719124,0.03151176869869232,0.15800000727176666,0.48559999465942383
YKL039W,YMR303C,0,-3.6719265,0.031505484133958817,0.15800000727176666,0.48570001125335693
YOR120W,YNR022C,0,-3.6719375,0.03149920329451561,0.15800000727176666,0.48579999804496765
YCR039C,YDL130W,0,-3.672033,0.0314929224550724,0.15800000727176666,0.48590001463890076
YIL124W,YGL003C,0,-3.672234,0.03148664906620979,0.15800000727176666,0.4860000014305115
YML051W,YHR154W,0,-3.6722872,0.03148037567734718,0.15800000727176666,0.4860999882221222
YML047C,YBL020W,0,-3.6723866,0.03147410228848457,0.15800000727176666,0.4862000048160553
YBL087C,YDR517W,0,-3.6724,0.03146783635020256,0.15800000727176666,0.486299991607666
YMR054W,YPR166C,0,-3.6724584,0.03146157041192055,0.15800000727176666,0.4864000082015991
YHR184W,YOL012C,0,-3.672501,0.031455304473638535,0.15800000727176666,0.48649999499320984
YJL025W,YNR006W,0,-3.672504,0.03144904598593712,0.15800000727176666,0.48660001158714294
YDR414C,YGL240W,0,-3.6725092,0.0314427874982357,0.15800000727176666,0.48669999837875366
YIR037W,YIR005W,0,-3.6725225,0.031436529010534286,0.15800000727176666,0.4867999851703644
YLR039C,YNL236W,0,-3.6726499,0.03143027797341347,0.15800000727176666,0.4869000017642975
YOL158C,YIR026C,0,-3.672701,0.03142402693629265,0.15800000727176666,0.4869999885559082
YMR300C,YOR363C,0,-3.6727881,0.03141777589917183,0.15800000727176666,0.4871000051498413
YEL041W,YBR122C,0,-3.67281,0.03141153231263161,0.15800000727176666,0.487199991941452
YDR447C,YMR272C,0,-3.6728573,0.031405288726091385,0.15800000727176666,0.48730000853538513
YBR173C,YMR226C,0,-3.6729393,0.03139904513955116,0.15800000727176666,0.48739999532699585
YPL231W,YLR163C,0,-3.6729598,0.03139280900359154,0.15800000727176666,0.48750001192092896
YBR058C,YLR186W,0,-3.6731849,0.03138657286763191,0.15800000727176666,0.4875999987125397
YPL235W,YOL152W,0,-3.673208,0.03138033673167229,0.15800000727176666,0.4876999855041504
YDR121W,YAR007C,1,-3.6737125,0.031572677195072174,0.1589999943971634,0.4876999855041504
YDL127W,YHR214W,0,-3.6737819,0.03156640753149986,0.1589999943971634,0.4878000020980835
YOR065W,YLR239C,0,-3.6739774,0.03156014159321785,0.1589999943971634,0.4878999888896942
YGR030C,YJR053W,0,-3.6740818,0.031553879380226135,0.1589999943971634,0.4880000054836273
YPL050C,YGR241C,0,-3.674147,0.03154762089252472,0.1589999943971634,0.48809999227523804
YDR158W,YGL107C,0,-3.6742792,0.0315413624048233,0.1589999943971634,0.48820000886917114
YGR032W,YPR096C,0,-3.6744611,0.03153510391712189,0.1589999943971634,0.48829999566078186
YIL107C,YFR050C,0,-3.6746247,0.03152885288000107,0.1589999943971634,0.48840001225471497
YMR043W,YJL026W,1,-3.6746557,0.031720858067274094,0.1599999964237213,0.48840001225471497
YIL013C,YBR189W,0,-3.6746888,0.03171456977725029,0.1599999964237213,0.4884999990463257
YIL078W,YIL011W,0,-3.6747677,0.031708285212516785,0.1599999964237213,0.4885999858379364
YGL035C,YLR259C,0,-3.674921,0.03170200064778328,0.1599999964237213,0.4887000024318695
YDR077W,YDR379W,0,-3.674989,0.03169571980834007,0.1599999964237213,0.4887999892234802
YLR286C,YPL019C,0,-3.6750069,0.031689442694187164,0.1599999964237213,0.48890000581741333
YML129C,YML073C,0,-3.6751533,0.031683169305324554,0.1599999964237213,0.48899999260902405
YLR324W,YML048W,0,-3.6752448,0.031676895916461945,0.1599999964237213,0.48910000920295715
YER155C,YER098W,0,-3.6752872,0.03167062625288963,0.1599999964237213,0.48919999599456787
YGL116W,YDL143W,0,-3.6752934,0.03166435658931732,0.1599999964237213,0.489300012588501
YPR152C,YOL082W,0,-3.6754851,0.03165809437632561,0.1599999964237213,0.4893999993801117
YBL078C,YGR202C,0,-3.6755137,0.031651828438043594,0.1599999964237213,0.4894999861717224
YBR296C,YGL037C,0,-3.6757436,0.03164556995034218,0.1599999964237213,0.4896000027656555
YKL041W,YML080W,0,-3.6760173,0.03163931146264076,0.1599999964237213,0.48969998955726624
YJL030W,YPR007C,0,-3.676127,0.031633056700229645,0.1599999964237213,0.48980000615119934
YLL026W,YML127W,0,-3.6761422,0.03162680193781853,0.1599999964237213,0.48989999294281006
YOL067C,YDR423C,0,-3.6763182,0.03162055462598801,0.1599999964237213,0.49000000953674316
YOR273C,YJR048W,0,-3.6763988,0.031614307314157486,0.1599999964237213,0.4900999963283539
YNL242W,YML080W,0,-3.6764011,0.031608060002326965,0.1599999964237213,0.490200012922287
YIL111W,YPR171W,0,-3.676414,0.03160181641578674,0.1599999964237213,0.4902999997138977
YLL033W,YPL163C,0,-3.6764603,0.03159557655453682,0.1599999964237213,0.4903999865055084
YFR024C-A,YIL039W,0,-3.676474,0.031589340418577194,0.1599999964237213,0.49050000309944153
YPR081C,YDR238C,0,-3.6764803,0.03158310428261757,0.1599999964237213,0.49059998989105225
YOL069W,YCR052W,0,-3.6768064,0.031576868146657944,0.1599999964237213,0.49070000648498535
YPL011C,YHR171W,0,-3.6768422,0.031570639461278915,0.1599999964237213,0.49079999327659607
YLR299W,YCR052W,0,-3.6769063,0.03156441077589989,0.1599999964237213,0.4909000098705292
YNL231C,YLL055W,0,-3.6769433,0.03155818581581116,0.1599999964237213,0.4909999966621399
YIL051C,YHR120W,0,-3.6769648,0.03155196085572243,0.1599999964237213,0.491100013256073
YIL093C,YNL251C,0,-3.67699,0.031545739620923996,0.1599999964237213,0.4912000000476837
YKR007W,YGR116W,0,-3.6770792,0.03153952211141586,0.1599999964237213,0.49129998683929443
YOL093W,YNL278W,0,-3.6771,0.03153330832719803,0.1599999964237213,0.49140000343322754
YDR320C-A,YOR304W,0,-3.677195,0.031527094542980194,0.1599999964237213,0.49149999022483826
YPL075W,YPL178W,0,-3.6772075,0.03152088075876236,0.1599999964237213,0.49160000681877136
YEL041W,YPL134C,0,-3.6772413,0.03151467442512512,0.1599999964237213,0.4916999936103821
YLL057C,YHR057C,0,-3.6772451,0.031508468091487885,0.1599999964237213,0.4918000102043152
YFL004W,YDL106C,0,-3.6772656,0.031502265483140945,0.1599999964237213,0.4918999969959259
YJL082W,YFR031C,0,-3.6773174,0.031496062874794006,0.1599999964237213,0.492000013589859
YBL082C,YCR075C,0,-3.6773248,0.031489863991737366,0.1599999964237213,0.4921000003814697
YMR001C,YNL290W,1,-3.6776013,0.03168044239282608,0.16099999845027924,0.4921000003814697
YOR092W,YHR057C,0,-3.6776028,0.031674209982156754,0.16099999845027924,0.49219998717308044
YHR174W,YKL013C,0,-3.67773,0.03166797757148743,0.16099999845027924,0.49230000376701355
YHR028C,YOR274W,0,-3.6778274,0.0316617488861084,0.16099999845027924,0.49239999055862427
YPL215W,YPL092W,0,-3.6778607,0.03165552392601967,0.16099999845027924,0.4925000071525574
YPL149W,YDR345C,0,-3.678094,0.03164930269122124,0.16099999845027924,0.4925999939441681
YGL063W,YEL048C,0,-3.6781073,0.031643081456422806,0.16099999845027924,0.4927000105381012
YMR250W,YBR131W,0,-3.6781697,0.03163686394691467,0.16099999845027924,0.4927999973297119
YKL093W,YOR206W,0,-3.6783261,0.03163065016269684,0.16099999845027924,0.492900013923645
YMR002W,YNL063W,0,-3.6783462,0.031624436378479004,0.16099999845027924,0.49300000071525574
YDR393W,YLR333C,0,-3.6786757,0.03161822631955147,0.16099999845027924,0.49309998750686646
YMR173W,YBR289W,0,-3.678848,0.03161201626062393,0.16099999845027924,0.49320000410079956
YKL168C,YPR060C,0,-3.678988,0.031605809926986694,0.16099999845027924,0.4932999908924103
YJR013W,YBR162C,0,-3.6790338,0.031599607318639755,0.16099999845027924,0.4934000074863434
YMR081C,YGL231C,0,-3.6790671,0.031593408435583115,0.16099999845027924,0.4934999942779541
YOR260W,YLR426W,0,-3.6790714,0.031587209552526474,0.16099999845027924,0.4936000108718872
YLR329W,YKL054C,0,-3.6793716,0.03158101066946983,0.16099999845027924,0.4936999976634979
YOR207C,YMR184W,0,-3.6794872,0.03157481923699379,0.16099999845027924,0.49380001425743103
YPR110C,YOR174W,0,-3.6795166,0.031568627804517746,0.16099999845027924,0.49390000104904175
YIL177C,YDR159W,0,-3.679628,0.031562440097332,0.16099999845027924,0.49399998784065247
YLL016W,YDL106C,0,-3.6796615,0.031556252390146255,0.16099999845027924,0.49410000443458557
YLR299W,YDR372C,0,-3.6796732,0.03155006840825081,0.16099999845027924,0.4941999912261963
YHR023W,YMR080C,0,-3.6796823,0.03154388815164566,0.16099999845027924,0.4943000078201294
YER175C,YHR057C,0,-3.6798944,0.03153770789504051,0.16099999845027924,0.4943999946117401
YMR001C,YDR110W,1,-3.680025,0.0317273810505867,0.16200000047683716,0.4943999946117401
YDR306C,YPL058C,0,-3.6800895,0.031721167266368866,0.16200000047683716,0.4945000112056732
YDL127W,YMR004W,0,-3.6803484,0.03171495720744133,0.16200000047683716,0.49459999799728394
YDL206W,YOR039W,0,-3.6803904,0.03170875087380409,0.16200000047683716,0.49470001459121704
YJR153W,YOL124C,0,-3.6806636,0.031702544540166855,0.16200000047683716,0.49480000138282776
YOL121C,YPL051W,0,-3.680829,0.031696341931819916,0.16200000047683716,0.4948999881744385
YGL039W,YMR226C,0,-3.6808367,0.03169013932347298,0.16200000047683716,0.4950000047683716
YOL067C,YDR174W,0,-3.6808453,0.031683944165706635,0.16200000047683716,0.4950999915599823
YHR172W,YMR133W,0,-3.68087,0.03167774900794029,0.16200000047683716,0.4952000081539154
YHR061C,YIL139C,0,-3.6810994,0.03167155385017395,0.16200000047683716,0.4952999949455261
YMR306W,YNL132W,0,-3.6812875,0.031665362417697906,0.16200000047683716,0.49540001153945923
YCR010C,YKL022C,0,-3.6813169,0.03165917471051216,0.16200000047683716,0.49549999833106995
YML047C,YGR167W,0,-3.6813345,0.031652990728616714,0.16200000047683716,0.49559998512268066
YBL025W,YPL138C,0,-3.6813698,0.03164680674672127,0.16200000047683716,0.49570000171661377
YJL026W,YDR279W,1,-3.6814237,0.03183593600988388,0.16300000250339508,0.49570000171661377
YBR297W,YPR149W,0,-3.6814427,0.031829722225666046,0.16300000250339508,0.4957999885082245
YOR346W,YJL072C,1,-3.68148,0.032018743455410004,0.164000004529953,0.4957999885082245
YPL176C,YJL034W,0,-3.6814985,0.032012492418289185,0.164000004529953,0.4959000051021576
YPL113C,YJR015W,0,-3.6815515,0.032006245106458664,0.164000004529953,0.4959999918937683
YMR139W,YLR292C,0,-3.6815681,0.03200000151991844,0.164000004529953,0.4961000084877014
YJL072C,YJL026W,1,-3.6817842,0.032188840210437775,0.16500000655651093,0.4961000084877014
YML016C,YDL230W,0,-3.681871,0.032182563096284866,0.16500000655651093,0.49619999527931213
YOL140W,YBR130C,0,-3.6819367,0.03217628598213196,0.16500000655651093,0.49630001187324524
YHR046C,YMR091C,0,-3.6819534,0.03217001259326935,0.16500000655651093,0.49639999866485596
YOR396W,YPL183W-A,0,-3.6820304,0.03216374292969704,0.16500000655651093,0.4964999854564667
YNR072W,YML058W-A,0,-3.6820574,0.032157473266124725,0.16500000655651093,0.4966000020503998
YGR143W,YBR241C,0,-3.682096,0.03215120732784271,0.16500000655651093,0.4966999888420105
YBL060W,YOR384W,0,-3.6821704,0.032144945114851,0.16500000655651093,0.4968000054359436
YHL011C,YMR273C,0,-3.68219,0.03213868290185928,0.16500000655651093,0.4968999922275543
YDL164C,YPR120C,1,-3.6822684,0.03232716768980026,0.16599999368190765,0.4968999922275543
YDL133C-A,YIR026C,0,-3.682272,0.03232087194919586,0.16599999368190765,0.4970000088214874
YGL226W,YDR011W,0,-3.6822798,0.03231457993388176,0.16599999368190765,0.49709999561309814
YLR088W,YBR006W,0,-3.6824515,0.032308291643857956,0.16599999368190765,0.49720001220703125
YDR075W,YOR076C,0,-3.6828194,0.03230200335383415,0.16599999368190765,0.49729999899864197
YLR357W,YDR173C,0,-3.68293,0.03229571878910065,0.16599999368190765,0.4973999857902527
YMR276W,YBR213W,0,-3.6829524,0.03228943794965744,0.16599999368190765,0.4975000023841858
YKL178C,YPL141C,0,-3.6829734,0.03228315711021423,0.16599999368190765,0.4975999891757965
YDL184C,YJL219W,0,-3.683005,0.032276879996061325,0.16599999368190765,0.4977000057697296
YJL133W,YOR078W,0,-3.6830146,0.032270606607198715,0.16599999368190765,0.49779999256134033
YHR028C,YJL106W,0,-3.6831074,0.032264333218336105,0.16599999368190765,0.49790000915527344
YGR145W,YDR510W,0,-3.6831594,0.032258063554763794,0.16599999368190765,0.49799999594688416
YJR046W,YOR080W,1,-3.6832745,0.032446086406707764,0.16699999570846558,0.49799999594688416
YLR151C,YLR442C,0,-3.6832871,0.032439783215522766,0.16699999570846558,0.49810001254081726
YLL002W,YPL061W,0,-3.683345,0.03243348374962807,0.16699999570846558,0.498199999332428
YMR100W,YFL054C,0,-3.683714,0.03242718428373337,0.16699999570846558,0.4982999861240387
YCL067C,YPL036W,0,-3.6837287,0.03242088854312897,0.16699999570846558,0.4984000027179718
YGR177C,YEL019C,0,-3.6838489,0.032414596527814865,0.16699999570846558,0.4984999895095825
YHR058C,YHR077C,0,-3.6839275,0.03240830451250076,0.16699999570846558,0.4986000061035156
YFL057C,YPL134C,0,-3.6839848,0.03240201622247696,0.16699999570846558,0.49869999289512634
YDR023W,YHR008C,0,-3.6841528,0.032395731657743454,0.16699999570846558,0.49880000948905945
YPR102C,YLL061W,0,-3.6843042,0.03238945081830025,0.16699999570846558,0.49889999628067017
YMR223W,YOR275C,0,-3.6843448,0.03238316997885704,0.16699999570846558,0.49900001287460327
YMR130W,YLR278C,0,-3.68436,0.032376889139413834,0.16699999570846558,0.499099999666214
YLR009W,YHL012W,0,-3.6844158,0.032370615750551224,0.16699999570846558,0.4991999864578247
YDL017W,YGL251C,1,-3.684617,0.0325581394135952,0.1679999977350235,0.4991999864578247
YMR315W,YPL123C,0,-3.6846247,0.032551832497119904,0.1679999977350235,0.4993000030517578
YNR060W,YJL109C,0,-3.6846323,0.03254552558064461,0.1679999977350235,0.49939998984336853
YGR254W,YDR100W,0,-3.6847029,0.03253922238945961,0.1679999977350235,0.49950000643730164
YDR478W,YDR306C,0,-3.6848612,0.03253291919827461,0.1679999977350235,0.49959999322891235
YPL113C,YAL019W,0,-3.6849775,0.03252661973237991,0.1679999977350235,0.49970000982284546
YER046W,YDR055W,0,-3.6849885,0.03252032399177551,0.1679999977350235,0.4997999966144562
YJR089W,YLR024C,0,-3.6850128,0.03251403197646141,0.1679999977350235,0.4999000132083893
YMR301C,YBR121C,0,-3.6850843,0.03250773996114731,0.1679999977350235,0.5
YBR087W,YJL026W,1,-3.6851535,0.03269491344690323,0.16899999976158142,0.5
YMR042W,YKR069W,0,-3.6851988,0.03268858790397644,0.16899999976158142,0.5001000165939331
YMR314W,YPL273W,0,-3.6852007,0.03268226608633995,0.16899999976158142,0.5001999735832214
YJR046W,YHR164C,1,-3.685227,0.03286929801106453,0.17000000178813934,0.5001999735832214
YJR089W,YPL179W,0,-3.6853294,0.03286294266581535,0.17000000178813934,0.5002999901771545
YNL271C,YGR158C,0,-3.6853504,0.032856591045856476,0.17000000178813934,0.5004000067710876
YIL035C,YHR037W,0,-3.6854205,0.0328502431511879,0.17000000178813934,0.5005000233650208
YLR304C,YLR158C,0,-3.685456,0.03284389525651932,0.17000000178813934,0.5005999803543091
YMR257C,YNL145W,0,-3.6854768,0.03283755108714104,0.17000000178813934,0.5006999969482422
YLL024C,YML021C,0,-3.6855345,0.032831210643053055,0.17000000178813934,0.5008000135421753
YJL072C,YER070W,1,-3.6855805,0.03301795572042465,0.17100000381469727,0.5008000135421753
YMR043W,YGR180C,1,-3.6856408,0.03320463374257088,0.1720000058412552,0.5008000135421753
YLR170C,YER044C-A,0,-3.6856837,0.033198222517967224,0.1720000058412552,0.5008999705314636
YBR128C,YIR017C,0,-3.6856916,0.03319181874394417,0.1720000058412552,0.5009999871253967
YIL108W,YOL019W,0,-3.6857362,0.03318541496992111,0.1720000058412552,0.5011000037193298
YGL035C,YDR453C,0,-3.6861901,0.033179011195898056,0.1720000058412552,0.5012000203132629
YOR298W,YER127W,0,-3.6863668,0.0331726148724556,0.1720000058412552,0.5012999773025513
YNL223W,YDR040C,0,-3.6863728,0.03316621854901314,0.1720000058412552,0.5013999938964844
YML015C,YGR034W,0,-3.6864052,0.03315982222557068,0.1720000058412552,0.5015000104904175
YLR154C,YHR164C,1,-3.6865048,0.033346183598041534,0.17299999296665192,0.5015000104904175
YLR438C-A,YDR087C,0,-3.686544,0.03333975747227669,0.17299999296665192,0.5016000270843506
YKL048C,YBL068W,0,-3.6867638,0.03333333507180214,0.17299999296665192,0.5016999840736389
YDR240C,YHR175W,0,-3.6868389,0.03332691267132759,0.17299999296665192,0.501800000667572
YMR037C,YOL104C,0,-3.6868415,0.03332049399614334,0.17299999296665192,0.5019000172615051
YDL145C,YGL129C,0,-3.687096,0.03331407532095909,0.17299999296665192,0.5019999742507935
YKL096W-A,YKL119C,0,-3.6871753,0.03330766409635544,0.17299999296665192,0.5020999908447266
YBR115C,YDR299W,0,-3.6871881,0.033301252871751785,0.17299999296665192,0.5022000074386597
YNL020C,YPL065W,0,-3.6874273,0.03329484164714813,0.17299999296665192,0.5023000240325928
YGR225W,YCR036W,0,-3.687435,0.03328843414783478,0.17299999296665192,0.5023999810218811
YDR511W,YCL066W,0,-3.6874862,0.03328203037381172,0.17299999296665192,0.5024999976158142
YML101C,YNL023C,0,-3.6875217,0.033275630325078964,0.17299999296665192,0.5026000142097473
YOR272W,YGR112W,0,-3.6875248,0.03326923027634621,0.17299999296665192,0.5026999711990356
YOR346W,YNL290W,1,-3.6876583,0.033455103635787964,0.17399999499320984,0.5026999711990356
YOR393W,YCL069W,0,-3.687827,0.03344867378473282,0.17399999499320984,0.5027999877929688
YNL102W,YJL194W,1,-3.687978,0.03363444283604622,0.17499999701976776,0.5027999877929688
YOL066C,YOR317W,0,-3.688011,0.03362797945737839,0.17499999701976776,0.5029000043869019
YIL034C,YNL284C,0,-3.6880474,0.033621516078710556,0.17499999701976776,0.503000020980835
YDR012W,YDR443C,0,-3.688062,0.03361506015062332,0.17499999701976776,0.5030999779701233
YOR317W,YDR168W,0,-3.6881468,0.03360860422253609,0.17499999701976776,0.5031999945640564
YDR219C,YOR132W,0,-3.6881971,0.03360215201973915,0.17499999701976776,0.5033000111579895
YMR210W,YOL100W,0,-3.6883984,0.033595699816942215,0.17499999701976776,0.5034000277519226
YJL046W,YBR156C,0,-3.6885502,0.03358925133943558,0.17499999701976776,0.5034999847412109
YOR260W,YER106W,0,-3.6886597,0.03358280658721924,0.17499999701976776,0.503600001335144
YJR084W,YPL121C,0,-3.6886902,0.0335763618350029,0.17499999701976776,0.5037000179290771
YDR148C,YPR060C,0,-3.688724,0.03356992080807686,0.17499999701976776,0.5037999749183655
YKL171W,YDR239C,0,-3.6888309,0.033563483506441116,0.17499999701976776,0.5038999915122986
YOR036W,YCL068C,0,-3.68888,0.033557046204805374,0.17499999701976776,0.5040000081062317
YHR214W,YEL069C,0,-3.6890306,0.03355061262845993,0.17499999701976776,0.5041000247001648
YNL261W,YHL024W,1,-3.6891003,0.033735863864421844,0.17599999904632568,0.5041000247001648
YHR122W,YER162C,0,-3.689139,0.033729396760463715,0.17599999904632568,0.5041999816894531
YML048W,YFL001W,0,-3.689157,0.03372293710708618,0.17599999904632568,0.5042999982833862
YER145C,YOR209C,0,-3.689172,0.03371647372841835,0.17599999904632568,0.5044000148773193
YKL056C,YPL007C,0,-3.6893005,0.033710017800331116,0.17599999904632568,0.5044999718666077
YER102W,YCL017C,0,-3.6893177,0.03370356187224388,0.17599999904632568,0.5045999884605408
YBL060W,YLR038C,0,-3.6894195,0.033697109669446945,0.17599999904632568,0.5047000050544739
YDR012W,YGR047C,0,-3.6894598,0.03369065746665001,0.17599999904632568,0.504800021648407
YKL069W,YPL226W,0,-3.6895397,0.03368420898914337,0.17599999904632568,0.5048999786376953
YOR155C,YLR238W,0,-3.6896005,0.03367776423692703,0.17599999904632568,0.5049999952316284
YHR117W,YGR062C,0,-3.6896145,0.03367132321000099,0.17599999904632568,0.5051000118255615
YBR026C,YHR006W,0,-3.6896417,0.03366488218307495,0.17599999904632568,0.5052000284194946
YGL122C,YLR441C,0,-3.6898067,0.03365844488143921,0.17599999904632568,0.505299985408783
YNL284C,YKL180W,0,-3.6898928,0.03365200757980347,0.17599999904632568,0.5054000020027161
YKL014C,YPL093W,0,-3.6899564,0.03364557400345802,0.17599999904632568,0.5055000185966492
YPL220W,YOR086C,0,-3.6901968,0.03363914415240288,0.17599999904632568,0.5055999755859375
YDL223C,YER096W,0,-3.69023,0.03363271430134773,0.17599999904632568,0.5056999921798706
YJR138W,YDR410C,0,-3.690308,0.033626288175582886,0.17599999904632568,0.5058000087738037
YJL212C,YNR048W,0,-3.6904137,0.03361986577510834,0.17599999904632568,0.5059000253677368
YDL220C,YCL008C,0,-3.6905758,0.03361344709992409,0.17599999904632568,0.5059999823570251
YBR145W,YER112W,0,-3.690675,0.03360702842473984,0.17599999904632568,0.5060999989509583
YGR202C,YGL246C,0,-3.6907039,0.03360060974955559,0.17599999904632568,0.5062000155448914
YMR267W,YPL092W,0,-3.69072,0.033594198524951935,0.17599999904632568,0.5062999725341797
YEL032W,YGL251C,1,-3.690807,0.03377862647175789,0.1770000010728836,0.5062999725341797
YHR105W,YEL022W,0,-3.6908088,0.03377218171954155,0.1770000010728836,0.5063999891281128
YDR481C,YJR138W,0,-3.6908212,0.03376573696732521,0.1770000010728836,0.5065000057220459
YJR001W,YMR165C,0,-3.6909149,0.03375929966568947,0.1770000010728836,0.506600022315979
YNL049C,YPL239W,0,-3.6909451,0.03375285863876343,0.1770000010728836,0.5066999793052673
YHR085W,YOL092W,0,-3.6910312,0.033746425062417984,0.1770000010728836,0.5067999958992004
YDR387C,YLR238W,0,-3.6911228,0.03373999148607254,0.1770000010728836,0.5069000124931335
YFL054C,YLR016C,0,-3.691126,0.033733561635017395,0.1770000010728836,0.5070000290870667
YJL053W,YDR345C,0,-3.691207,0.03372713550925255,0.1770000010728836,0.507099986076355
YPL131W,YML127W,0,-3.6912444,0.0337207093834877,0.1770000010728836,0.5072000026702881
YJL053W,YMR048W,0,-3.6913679,0.03371428698301315,0.1770000010728836,0.5073000192642212
YIL013C,YGR026W,0,-3.6915777,0.033707864582538605,0.1770000010728836,0.5073999762535095
YJL013C,YOL029C,0,-3.6916032,0.033701445907354355,0.1770000010728836,0.5074999928474426
YJR046W,YPL153C,1,-3.6916833,0.033885397017002106,0.17800000309944153,0.5074999928474426
YDR062W,YIR026C,0,-3.691806,0.03387894853949547,0.17800000309944153,0.5076000094413757
YDR465C,YDL229W,0,-3.6918685,0.03387250378727913,0.17800000309944153,0.5077000260353088
YHR017W,YHR020W,0,-3.6919484,0.03386605903506279,0.17800000309944153,0.5077999830245972
YOR167C,YDR040C,0,-3.692068,0.03385961428284645,0.17800000309944153,0.5078999996185303
YOL105C,YBR129C,0,-3.692239,0.03385317698121071,0.17800000309944153,0.5080000162124634
YKL201C,YDR075W,0,-3.692267,0.033846739679574966,0.17800000309944153,0.5080999732017517
YJR033C,YLR373C,0,-3.692376,0.033840302377939224,0.17800000309944153,0.5081999897956848
YDR031W,YGR080W,0,-3.692389,0.03383387252688408,0.17800000309944153,0.5083000063896179
YDR398W,YDR096W,0,-3.6925268,0.033827442675828934,0.17800000309944153,0.508400022983551
YER055C,YOR078W,0,-3.6927357,0.03382101282477379,0.17800000309944153,0.5084999799728394
YER014W,YMR158W,0,-3.6928365,0.03381459042429924,0.17800000309944153,0.5085999965667725
YER048W-A,YOR290C,0,-3.6928377,0.03380816802382469,0.17800000309944153,0.5087000131607056
YJR010C-A,YDR496C,0,-3.6929803,0.03380174562335014,0.17800000309944153,0.5088000297546387
YIL130W,YPL146C,0,-3.6931794,0.03379533067345619,0.17800000309944153,0.508899986743927
YDR449C,YBL038W,0,-3.693244,0.03378891572356224,0.17800000309944153,0.5090000033378601
YCR098C,YML012W,0,-3.6932893,0.03378250077366829,0.17800000309944153,0.5091000199317932
YKL060C,YMR247C,0,-3.6933427,0.033776089549064636,0.17800000309944153,0.5091999769210815
YKL143W,YLR113W,0,-3.6933465,0.03376968204975128,0.17800000309944153,0.5092999935150146
YCR004C,YOR269W,0,-3.6933866,0.033763278275728226,0.17800000309944153,0.5094000101089478
YLR426W,YER180C,0,-3.6935365,0.03375687450170517,0.17800000309944153,0.5095000267028809
YNL145W,YMR049C,0,-3.693542,0.03375047445297241,0.17800000309944153,0.5095999836921692
YOR158W,YGL122C,0,-3.6936321,0.033744074404239655,0.17800000309944153,0.5097000002861023
YER104W,YPL204W,0,-3.6936383,0.033737681806087494,0.17800000309944153,0.5098000168800354
YDR069C,YGL251C,1,-3.693664,0.033920787274837494,0.17900000512599945,0.5098000168800354
YPR175W,YJL194W,1,-3.6936738,0.03410382568836212,0.18000000715255737,0.5098000168800354
YIL125W,YDR448W,0,-3.6938686,0.03409736603498459,0.18000000715255737,0.5098999738693237
YMR246W,YDL137W,0,-3.6939046,0.034090910106897354,0.18000000715255737,0.5099999904632568
YDL006W,YHL044W,0,-3.694019,0.03408445417881012,0.18000000715255737,0.5101000070571899
YMR043W,YER070W,1,-3.6943667,0.03426732122898102,0.1809999942779541,0.5101000070571899
YOR355W,YGR142W,0,-3.6943727,0.034260835498571396,0.1809999942779541,0.510200023651123
YMR247C,YML082W,0,-3.694519,0.03425435349345207,0.1809999942779541,0.5102999806404114
YOR049C,YHR047C,0,-3.6948557,0.03424787148833275,0.1809999942779541,0.5103999972343445
YOR316C,YDR281C,0,-3.6954274,0.03424139320850372,0.1809999942779541,0.5105000138282776
YPL231W,YDL046W,0,-3.695466,0.0342349149286747,0.1809999942779541,0.5105999708175659
YER133W,YBR193C,0,-3.6958694,0.03422844037413597,0.1809999942779541,0.510699987411499
YHR143W,YGR212W,0,-3.695889,0.03422196954488754,0.1809999942779541,0.5108000040054321
YPL269W,YKR055W,0,-3.6958966,0.03421550244092941,0.1809999942779541,0.5109000205993652
YHR185C,YCR046C,0,-3.696112,0.03420903533697128,0.1809999942779541,0.5109999775886536
YFL054C,YLR093C,0,-3.6961145,0.03420256823301315,0.1809999942779541,0.5110999941825867
YMR080C,YOR221C,0,-3.6961546,0.03419610857963562,0.1809999942779541,0.5112000107765198
YHR029C,YOR129C,0,-3.6962092,0.03418964892625809,0.1809999942779541,0.5113000273704529
YDR320C-A,YMR022W,0,-3.6965141,0.03418319299817085,0.1809999942779541,0.5113999843597412
YLR382C,YOR046C,0,-3.6966767,0.03417673707008362,0.1809999942779541,0.5115000009536743
YIL038C,YBR006W,0,-3.6967921,0.03417028486728668,0.1809999942779541,0.5116000175476074
YBR207W,YPL065W,0,-3.6972318,0.034163836389780045,0.1809999942779541,0.5116999745368958
YJL078C,YPL038W,0,-3.6978002,0.03415738791227341,0.1809999942779541,0.5117999911308289
YMR318C,YGR295C,0,-3.697808,0.03415094316005707,0.1809999942779541,0.511900007724762
YDR530C,YDL030W,0,-3.6978555,0.03414450213313103,0.1809999942779541,0.5120000243186951
YDR253C,YPL159C,0,-3.69801,0.03413806110620499,0.1809999942779541,0.5120999813079834
YER112W,YHL016C,0,-3.6980462,0.034131623804569244,0.1809999942779541,0.5121999979019165
YMR290C,YAL039C,0,-3.6982136,0.0341251902282238,0.1809999942779541,0.5123000144958496
YBR205W,YDR496C,0,-3.6983242,0.03411875665187836,0.1809999942779541,0.5123999714851379
YKL144C,YIL153W,0,-3.6984282,0.03411232680082321,0.1809999942779541,0.512499988079071
YBR281C,YLL051C,0,-3.6984503,0.034105896949768066,0.1809999942779541,0.5126000046730042
YBR029C,YJR035W,0,-3.6985443,0.03409947082400322,0.1809999942779541,0.5127000212669373
YDR517W,YDR064W,0,-3.6988678,0.03409304842352867,0.1809999942779541,0.5127999782562256
YLR086W,YLR234W,0,-3.698929,0.03408662974834442,0.1809999942779541,0.5128999948501587
YJR021C,YGR014W,0,-3.6990557,0.03408021107316017,0.1809999942779541,0.5130000114440918
YOR068C,YAL017W,0,-3.6991663,0.03407379612326622,0.1809999942779541,0.5131000280380249
YDR205W,YER082C,0,-3.6994605,0.03406738117337227,0.1809999942779541,0.5131999850273132
YLR247C,YCR093W,0,-3.6995244,0.034060969948768616,0.1809999942779541,0.5133000016212463
YGR292W,YPL098C,0,-3.6995804,0.03405456244945526,0.1809999942779541,0.5134000182151794
YLR067C,YKR071C,0,-3.699678,0.03404815495014191,0.1809999942779541,0.5134999752044678
YDR120C,YKL022C,0,-3.6997478,0.03404175117611885,0.1809999942779541,0.5135999917984009
YNL331C,YPR043W,0,-3.699789,0.03403535112738609,0.1809999942779541,0.513700008392334
YGL240W,YOR174W,0,-3.6998627,0.034028951078653336,0.1809999942779541,0.5138000249862671
YCL047C,YKR014C,0,-3.7000155,0.034022554755210876,0.1809999942779541,0.5138999819755554
YKL089W,YOL012C,0,-3.7000523,0.034016162157058716,0.1809999942779541,0.5139999985694885
YGL113W,YLR043C,1,-3.7000594,0.034197669476270676,0.18199999630451202,0.5139999985694885
YBR191W,YBL038W,0,-3.7005432,0.03419124707579613,0.18199999630451202,0.5141000151634216
YAL023C,YIL138C,0,-3.700596,0.03418482467532158,0.18199999630451202,0.51419997215271
YJL006C,YFL026W,0,-3.7006752,0.03417840227484703,0.18199999630451202,0.5142999887466431
YER173W,YAL035W,0,-3.7006898,0.03417198732495308,0.18199999630451202,0.5144000053405762
YER031C,YDR101C,0,-3.7007303,0.03416557237505913,0.18199999630451202,0.5145000219345093
YOR254C,YGR081C,0,-3.7011495,0.034159157425165176,0.18199999630451202,0.5145999789237976
YBL011W,YJL174W,0,-3.7011712,0.03415274992585182,0.18199999630451202,0.5146999955177307
YOL071W,YKL161C,0,-3.7011857,0.03414634242653847,0.18199999630451202,0.5148000121116638
YER017C,YPL106C,0,-3.7012908,0.03413993492722511,0.18199999630451202,0.5149000287055969
YGR245C,YIL135C,0,-3.7012973,0.034133534878492355,0.18199999630451202,0.5149999856948853
YOR103C,YOL092W,0,-3.7014606,0.0341271311044693,0.18199999630451202,0.5151000022888184
YLR154C,YJL090C,1,-3.7015407,0.034308210015296936,0.18299999833106995,0.5151000022888184
YGL113W,YOR074C,1,-3.7015686,0.0344892218708992,0.18400000035762787,0.5151000022888184
YML095C,YOL100W,0,-3.7016244,0.03448275849223137,0.18400000035762787,0.5152000188827515
YER023W,YOR279C,0,-3.701963,0.034476298838853836,0.18400000035762787,0.5152999758720398
YGL058W,YHR153C,0,-3.7020485,0.0344698391854763,0.18400000035762787,0.5153999924659729
YLR017W,YBR130C,0,-3.7020493,0.03446338325738907,0.18400000035762787,0.515500009059906
YNL102W,YDR013W,1,-3.70226,0.034644193947315216,0.1850000023841858,0.515500009059906
YDL006W,YHL017W,0,-3.7022762,0.034637708216905594,0.1850000023841858,0.5156000256538391
YLR389C,YJR010W,0,-3.7023745,0.03463122248649597,0.1850000023841858,0.5156999826431274
YGR082W,YHR069C,0,-3.702424,0.034624744206666946,0.1850000023841858,0.5157999992370605
YKR066C,YPL171C,0,-3.7026215,0.03461826220154762,0.1850000023841858,0.5159000158309937
YEL065W,YLR120C,0,-3.702671,0.034611787647008896,0.1850000023841858,0.515999972820282
YNL308C,YNL180C,0,-3.7030187,0.03460531309247017,0.1850000023841858,0.5160999894142151
YCR086W,YKL108W,1,-3.7030268,0.034785863012075424,0.1860000044107437,0.5160999894142151
YKL172W,YER005W,0,-3.7030776,0.03477935492992401,0.1860000044107437,0.5162000060081482
YLR145W,YPR192W,0,-3.7031405,0.034772854298353195,0.1860000044107437,0.5163000226020813
YHR193C,YDR472W,0,-3.7033515,0.03476635366678238,0.1860000044107437,0.5163999795913696
YPR199C,YJL080C,0,-3.7033958,0.03475985676050186,0.1860000044107437,0.5164999961853027
YKL100C,YDL065C,0,-3.7034245,0.03475336357951164,0.1860000044107437,0.5166000127792358
YOR074C,YLL004W,1,-3.703434,0.03493368253111839,0.18700000643730164,0.5166000127792358
YOR301W,YDR476C,0,-3.7034612,0.03492715582251549,0.18700000643730164,0.516700029373169
YHR005C,YER049W,0,-3.7035756,0.03492063656449318,0.18700000643730164,0.5167999863624573
YOR074C,YEL032W,1,-3.703604,0.035100821405649185,0.18799999356269836,0.5167999863624573
YMR001C,YDR419W,1,-3.7036486,0.03528093919157982,0.1889999955892563,0.5167999863624573
YDL179W,YLR194C,0,-3.7036939,0.035274356603622437,0.1889999955892563,0.5169000029563904
YMR130W,YJL165C,0,-3.7038307,0.035267774015665054,0.1889999955892563,0.5170000195503235
YCL066W,YPR081C,0,-3.7039258,0.03526119515299797,0.1889999955892563,0.5170999765396118
YGL067W,YML013W,0,-3.7039635,0.03525461629033089,0.1889999955892563,0.5171999931335449
YFL061W,YJL048C,0,-3.7040138,0.0352480411529541,0.1889999955892563,0.517300009727478
YDR361C,YLR097C,0,-3.7040632,0.035241469740867615,0.1889999955892563,0.5174000263214111
YER179W,YMR198W,0,-3.7041469,0.03523489832878113,0.1889999955892563,0.5174999833106995
YLR237W,YKL189W,0,-3.7042031,0.03522833064198494,0.1889999955892563,0.5175999999046326
YKL078W,YGL167C,0,-3.7042665,0.03522176668047905,0.1889999955892563,0.5177000164985657
YBR081C,YBR299W,0,-3.7044775,0.03521520271897316,0.1889999955892563,0.517799973487854
YGR285C,YPL144W,0,-3.704531,0.03520864248275757,0.1889999955892563,0.5178999900817871
YPL175W,YER089C,0,-3.7045486,0.035202085971832275,0.1889999955892563,0.5180000066757202
YPR175W,YJL072C,1,-3.7046075,0.0353817492723465,0.1899999976158142,0.5180000066757202
YJR046W,YKL108W,1,-3.704746,0.035561349242925644,0.19099999964237213,0.5180000066757202
YMR035W,YKL011C,0,-3.7047625,0.03555472940206528,0.19099999964237213,0.5181000232696533
YNL307C,YCR018C,0,-3.70505,0.03554810956120491,0.19099999964237213,0.5181999802589417
YGR262C,YKL004W,0,-3.7053201,0.03554149717092514,0.19099999964237213,0.5182999968528748
YOL003C,YDR196C,0,-3.7053761,0.03553488478064537,0.19099999964237213,0.5184000134468079
YNL159C,YPL049C,0,-3.7054806,0.0355282723903656,0.19099999964237213,0.5184999704360962
YGR106C,YLL014W,0,-3.7055945,0.03552166745066643,0.19099999964237213,0.5185999870300293
YLR364W,YML012W,0,-3.7056034,0.035515062510967255,0.19099999964237213,0.5187000036239624
YHR103W,YIL009C-A,0,-3.7056675,0.03550845757126808,0.19099999964237213,0.5188000202178955
YDR379W,YLL024C,0,-3.7057514,0.035501860082149506,0.19099999964237213,0.5188999772071838
YMR117C,YKR089C,0,-3.7057521,0.03549526259303093,0.19099999964237213,0.5189999938011169
YCR037C,YPR005C,0,-3.7057853,0.035488665103912354,0.19099999964237213,0.51910001039505
YBR273C,YKL080W,0,-3.7058089,0.035482071340084076,0.19099999964237213,0.5192000269889832
YHL034C,YLR248W,0,-3.7058544,0.0354754813015461,0.19099999964237213,0.5192999839782715
YDR283C,YOR258W,0,-3.705968,0.035468894988298416,0.19099999964237213,0.5194000005722046
YGL222C,YGR184C,0,-3.706053,0.035462308675050735,0.19099999964237213,0.5195000171661377
YMR009W,YPL096W,0,-3.7061772,0.03545572608709335,0.19099999964237213,0.519599974155426
YKL174C,YIL133C,0,-3.7064102,0.03544914722442627,0.19099999964237213,0.5196999907493591
YHL047C,YEL002C,0,-3.7065234,0.035442568361759186,0.19099999964237213,0.5198000073432922
YJL033W,YGL203C,0,-3.706598,0.0354359932243824,0.19099999964237213,0.5199000239372253
YLR426W,YLR126C,0,-3.706662,0.035429418087005615,0.19099999964237213,0.5199999809265137
YDR503C,YNL041C,0,-3.706692,0.03542285040020943,0.19099999964237213,0.5200999975204468
YDR471W,YDR435C,0,-3.7069635,0.03541627898812294,0.19099999964237213,0.5202000141143799
YCL047C,YFR001W,0,-3.70718,0.03540971502661705,0.19099999964237213,0.5202999711036682
YOR323C,YMR290C,0,-3.7073328,0.03540315106511116,0.19099999964237213,0.5203999876976013
YBR055C,YGL171W,0,-3.7073603,0.03539659082889557,0.19099999964237213,0.5205000042915344
YCR053W,YDR227W,0,-3.7074637,0.03539003059267998,0.19099999964237213,0.5206000208854675
YOR346W,YDL056W,1,-3.7076921,0.0355687290430069,0.19200000166893005,0.5206000208854675
YJL129C,YBR162C,0,-3.7078032,0.035562142729759216,0.19200000166893005,0.5206999778747559
YMR130W,YOR061W,0,-3.707808,0.035555556416511536,0.19200000166893005,0.520799994468689
YDR219C,YLR141W,0,-3.707883,0.03554897382855415,0.19200000166893005,0.5209000110626221
YHR002W,YDR449C,0,-3.7078853,0.03554239124059677,0.19200000166893005,0.5210000276565552
YMR071C,YGL021W,0,-3.7080007,0.03553581237792969,0.19200000166893005,0.5210999846458435
YDR083W,YDL120W,0,-3.7080374,0.0355292372405529,0.19200000166893005,0.5212000012397766
YLR043C,YDR052C,1,-3.7080894,0.03570767864584923,0.19300000369548798,0.5212000012397766
YLR417W,YNR070W,0,-3.7083879,0.035701073706150055,0.19300000369548798,0.5213000178337097
YEL015W,YPL076W,0,-3.7085023,0.03569446876645088,0.19300000369548798,0.521399974822998
YOR396W,YJL008C,0,-3.7085218,0.035687871277332306,0.19300000369548798,0.5214999914169312
YER044C,YAR015W,0,-3.7085345,0.03568127378821373,0.19300000369548798,0.5216000080108643
YDL107W,YAL007C,0,-3.7085583,0.035674676299095154,0.19300000369548798,0.5217000246047974
YML129C,YML031W,0,-3.7086315,0.035668082535266876,0.19300000369548798,0.5217999815940857
YKR059W,YLR090W,0,-3.708809,0.0356614924967289,0.19300000369548798,0.5218999981880188
YHR001W-A,YLR383W,0,-3.7089224,0.035654906183481216,0.19300000369548798,0.5220000147819519
YJR034W,YBR067C,0,-3.7089248,0.035648319870233536,0.19300000369548798,0.5220999717712402
YOR020C,YFL001W,0,-3.7093174,0.035641737282276154,0.19300000369548798,0.5221999883651733
YNL297C,YGL119W,0,-3.7094188,0.03563515469431877,0.19300000369548798,0.5223000049591064
YER044C-A,YNL024C,0,-3.7094421,0.03562857583165169,0.19300000369548798,0.5224000215530396
YDR518W,YFL056C,0,-3.709483,0.0356220006942749,0.19300000369548798,0.5224999785423279
YBR168W,YEL041W,0,-3.7094955,0.03561542555689812,0.19300000369548798,0.522599995136261
YLR039C,YPL116W,0,-3.7101822,0.03560885787010193,0.19300000369548798,0.5227000117301941
YGL064C,YMR128W,0,-3.7102218,0.03560228645801544,0.19300000369548798,0.5228000283241272
YMR123W,YOR117W,0,-3.7102327,0.03559572249650955,0.19300000369548798,0.5228999853134155
YFL041W,YLR287C-A,0,-3.7103157,0.03558915853500366,0.19300000369548798,0.5230000019073486
YML023C,YPL248C,0,-3.710466,0.03558259457349777,0.19300000369548798,0.5231000185012817
YJL189W,YMR063W,0,-3.7105541,0.03557603806257248,0.19300000369548798,0.5231999754905701
YGL205W,YGR161C,0,-3.7106824,0.035569481551647186,0.19300000369548798,0.5232999920845032
YDL093W,YGL111W,0,-3.710709,0.03556292504072189,0.19300000369548798,0.5234000086784363
YJL108C,YMR034C,0,-3.7107232,0.0355563759803772,0.19300000369548798,0.5235000252723694
YLR295C,YMR012W,0,-3.7109442,0.0355498231947422,0.19300000369548798,0.5235999822616577
YJL026W,YPR120C,1,-3.7113125,0.03572744131088257,0.1940000057220459,0.5235999822616577
YNL006W,YKR101W,0,-3.7113378,0.035720862448215485,0.1940000057220459,0.5236999988555908
YGR185C,YER022W,0,-3.711386,0.0357142873108387,0.1940000057220459,0.5238000154495239
YGR158C,YMR142C,0,-3.7114973,0.035707712173461914,0.1940000057220459,0.5238999724388123
YJR036C,YDR018C,0,-3.711821,0.03570114076137543,0.1940000057220459,0.5239999890327454
YNR019W,YKR031C,0,-3.711833,0.03569457307457924,0.1940000057220459,0.5241000056266785
YLR284C,YDR090C,0,-3.7118409,0.03568800538778305,0.1940000057220459,0.5242000222206116
YJL033W,YER007W,0,-3.7118835,0.03568144142627716,0.1940000057220459,0.5242999792098999
YCR037C,YBR085W,0,-3.7119465,0.03567488119006157,0.1940000057220459,0.524399995803833
YJR097W,YGR154C,0,-3.7120492,0.03566832095384598,0.1940000057220459,0.5245000123977661
YDL028C,YKL156W,0,-3.712286,0.035661764442920685,0.1940000057220459,0.5246000289916992
YDR146C,YIL094C,0,-3.712294,0.03565521165728569,0.1940000057220459,0.5246999859809875
YBR129C,YJL157C,0,-3.7126527,0.035648658871650696,0.1940000057220459,0.5248000025749207
YOR065W,YOR099W,0,-3.7127395,0.035642109811306,0.1940000057220459,0.5249000191688538
YJR033C,YDR007W,0,-3.712748,0.035635560750961304,0.1940000057220459,0.5249999761581421
YBR202W,YDR069C,1,-3.712826,0.03581267222762108,0.19499999284744263,0.5249999761581421
YML006C,YCL025C,0,-3.7129726,0.03580609709024429,0.19499999284744263,0.5250999927520752
YOR193W,YOR326W,0,-3.7130046,0.03579952195286751,0.19499999284744263,0.5252000093460083
YMR001C,YMR234W,1,-3.7133594,0.035976506769657135,0.19599999487400055,0.5252000093460083
YOR068C,YMR256C,0,-3.713496,0.03596990182995796,0.19599999487400055,0.5253000259399414
YNL052W,YOR356W,0,-3.7135465,0.035963304340839386,0.19599999487400055,0.5253999829292297
YLR017W,YPR134W,0,-3.7139373,0.03595670685172081,0.19599999487400055,0.5254999995231628
YBR278W,YHL024W,1,-3.7140684,0.036133527755737305,0.19699999690055847,0.5254999995231628
YDL093W,YBL082C,0,-3.7140703,0.03612690418958664,0.19699999690055847,0.525600016117096
YHR101C,YPL092W,0,-3.7141533,0.036120276898145676,0.19699999690055847,0.5256999731063843
YDR464W,YDR517W,0,-3.7141953,0.03611365705728531,0.19699999690055847,0.5257999897003174
YOL126C,YLR206W,0,-3.7143805,0.03610703721642494,0.19699999690055847,0.5259000062942505
YGL162W,YGR120C,0,-3.71446,0.036100421100854874,0.19699999690055847,0.5260000228881836
YBR105C,YIR009W,0,-3.7145698,0.036093808710575104,0.19699999690055847,0.5260999798774719
YER007C-A,YJR103W,0,-3.7147841,0.036087196320295334,0.19699999690055847,0.526199996471405
YDR083W,YKR031C,0,-3.7150006,0.03608058765530586,0.19699999690055847,0.5263000130653381
YDR503C,YIL048W,0,-3.7150073,0.03607397899031639,0.19699999690055847,0.5264000296592712
YOR014W,YNL242W,0,-3.7152247,0.03606737405061722,0.19699999690055847,0.5264999866485596
YJL141C,YDR170W-A,0,-3.715436,0.036060772836208344,0.19699999690055847,0.5266000032424927
YBL021C,YPL091W,0,-3.7155378,0.03605417162179947,0.19699999690055847,0.5267000198364258
YKL161C,YMR006C,0,-3.7156472,0.03604757413268089,0.19699999690055847,0.5267999768257141
YHR143W,YOL011W,0,-3.7157779,0.036040980368852615,0.19699999690055847,0.5268999934196472
YEL030W,YDR026C,0,-3.7157822,0.03603438660502434,0.19699999690055847,0.5270000100135803
YGR239C,YDR031W,0,-3.7161484,0.03602779656648636,0.19699999690055847,0.5271000266075134
YKL096W-A,YER072W,0,-3.7161589,0.03602121025323868,0.19699999690055847,0.5271999835968018
YGR244C,YGL238W,0,-3.71643,0.036014623939991,0.19699999690055847,0.5273000001907349
YPL095C,YIL101C,0,-3.7164912,0.036008041352033615,0.19699999690055847,0.527400016784668
YEL015W,YNL063W,0,-3.71653,0.03600146248936653,0.19699999690055847,0.5274999737739563
YJR005W,YMR063W,0,-3.7165303,0.03599488362669945,0.19699999690055847,0.5275999903678894
YER082C,YMR168C,0,-3.716689,0.03598830848932266,0.19699999690055847,0.5277000069618225
YCL061C,YPR097W,0,-3.7166972,0.03598173335194588,0.19699999690055847,0.5278000235557556
YBL025W,YLR263W,0,-3.71673,0.03597516566514969,0.19699999690055847,0.527899980545044
YMR239C,YLR147C,0,-3.7167718,0.0359685942530632,0.19699999690055847,0.527999997138977
YLR190W,YKL119C,0,-3.71705,0.03596203029155731,0.19699999690055847,0.5281000137329102
YLR251W,YLR419W,0,-3.717266,0.03595546633005142,0.19699999690055847,0.5281999707221985
YOR201C,YBR114W,0,-3.717518,0.03594890609383583,0.19699999690055847,0.5282999873161316
YBR243C,YOR247W,0,-3.7175314,0.03594234585762024,0.19699999690055847,0.5284000039100647
YIR002C,YER072W,0,-3.7179596,0.035935789346694946,0.19699999690055847,0.5285000205039978
YJR094W-A,YMR008C,0,-3.7180314,0.03592923656105995,0.19699999690055847,0.5285999774932861
YAL025C,YKL094W,0,-3.7180543,0.03592268377542496,0.19699999690055847,0.5286999940872192
YOR074C,YDR419W,1,-3.7180557,0.03609845042228699,0.1979999989271164,0.5286999940872192
YPL085W,YDL246C,0,-3.7180903,0.036091871559619904,0.1979999989271164,0.5288000106811523
YDL046W,YPL163C,0,-3.7181437,0.03608529269695282,0.1979999989271164,0.5289000272750854
YNL268W,YLR120C,0,-3.7182379,0.036078717559576035,0.1979999989271164,0.5289999842643738
YNL318C,YER174C,0,-3.7182739,0.03607214614748955,0.1979999989271164,0.5291000008583069
YLR043C,YDL164C,1,-3.718352,0.036247722804546356,0.19900000095367432,0.5291000008583069
YJL025W,YJL001W,0,-3.7184377,0.03624112159013748,0.19900000095367432,0.52920001745224
YOR044W,YDR517W,0,-3.7185383,0.036234524101018906,0.19900000095367432,0.5292999744415283
YPR118W,YNL298W,0,-3.7186046,0.03622792661190033,0.19900000095367432,0.5293999910354614
YPR034W,YDL209C,0,-3.718668,0.03622133284807205,0.19900000095367432,0.5295000076293945
YLR344W,YGL025C,0,-3.7187564,0.036214739084243774,0.19900000095367432,0.5296000242233276
YNL001W,YFR019W,0,-3.7189264,0.036208152770996094,0.19900000095367432,0.529699981212616
YMR186W,YGL243W,0,-3.7189646,0.036201562732458115,0.19900000095367432,0.5297999978065491
YBR214W,YLR100W,0,-3.7189941,0.03619498014450073,0.19900000095367432,0.5299000144004822
YML101C,YIL036W,0,-3.7192369,0.03618839755654335,0.19900000095367432,0.5299999713897705
YIL006W,YNL232W,0,-3.7192492,0.036181818693876266,0.19900000095367432,0.5300999879837036
YLR190W,YBR279W,0,-3.7194457,0.03617523983120918,0.19900000095367432,0.5302000045776367
YLL004W,YAR007C,1,-3.7195249,0.036350417882204056,0.20000000298023224,0.5302000045776367
YIL069C,YHR190W,0,-3.7195687,0.03634381294250488,0.20000000298023224,0.5303000211715698
YOR059C,YOR254C,0,-3.7196167,0.03633720800280571,0.20000000298023224,0.5303999781608582
YBR055C,YEL036C,0,-3.7197275,0.036330606788396835,0.20000000298023224,0.5304999947547913
YGR288W,YJL060W,0,-3.719852,0.03632400929927826,0.20000000298023224,0.5306000113487244
YKR089C,YDR041W,0,-3.7199059,0.03631741553544998,0.20000000298023224,0.5307000279426575
YGR161C,YIL036W,0,-3.7199495,0.036310821771621704,0.20000000298023224,0.5307999849319458
YGR224W,YPR046W,0,-3.7199683,0.036304228007793427,0.20000000298023224,0.5309000015258789
YDR298C,YHR146W,0,-3.720057,0.036297641694545746,0.20000000298023224,0.531000018119812
YER046W,YGR266W,0,-3.7202525,0.036291055381298065,0.20000000298023224,0.5310999751091003
YLL013C,YPR194C,0,-3.7203262,0.036284469068050385,0.20000000298023224,0.5311999917030334
YBR278W,YJL026W,1,-3.7203975,0.03645927831530571,0.20100000500679016,0.5311999917030334
YOR074C,YJR068W,1,-3.7204118,0.03663402423262596,0.20200000703334808,0.5311999917030334
YPL049C,YBR274W,0,-3.7205245,0.036627378314733505,0.20200000703334808,0.5313000082969666
YKL074C,YIR019C,0,-3.7206187,0.036620739847421646,0.20200000703334808,0.5314000248908997
YDL144C,YCL044C,0,-3.720687,0.03661410138010979,0.20200000703334808,0.531499981880188
YPR200C,YGL106W,0,-3.7207007,0.036607466638088226,0.20200000703334808,0.5315999984741211
YGL035C,YLR467W,0,-3.7207406,0.036600831896066666,0.20200000703334808,0.5317000150680542
YOR391C,YPR186C,0,-3.7208796,0.0365942046046257,0.20200000703334808,0.5317999720573425
YDR329C,YCL001W,0,-3.7209206,0.03658757358789444,0.20200000703334808,0.5318999886512756
YOL121C,YHR194W,0,-3.7209702,0.036580950021743774,0.20200000703334808,0.5320000052452087
YIR026C,YHR186C,0,-3.7211158,0.03657432645559311,0.20200000703334808,0.5321000218391418
YIL019W,YGL045W,0,-3.7211185,0.036567702889442444,0.20200000703334808,0.5321999788284302
YDL017W,YPR162C,1,-3.7211277,0.03674208000302315,0.2029999941587448,0.5321999788284302
YGR285C,YIL173W,0,-3.7212346,0.03673543408513069,0.2029999941587448,0.5322999954223633
YMR041C,YMR300C,0,-3.7216697,0.03672878444194794,0.2029999941587448,0.5324000120162964
YML041C,YNL135C,0,-3.7216768,0.03672214224934578,0.2029999941587448,0.5325000286102295
YNL128W,YGL085W,0,-3.7217276,0.03671550005674362,0.2029999941587448,0.5325999855995178
YER165W,YOR011W,0,-3.7217932,0.03670886158943176,0.2029999941587448,0.5327000021934509
YGR194C,YMR211W,0,-3.7218513,0.036702223122119904,0.2029999941587448,0.532800018787384
YBL106C,YJL034W,0,-3.721986,0.03669558838009834,0.2029999941587448,0.5328999757766724
YLR153C,YER041W,0,-3.722028,0.03668895736336708,0.2029999941587448,0.5329999923706055
YDL123W,YIL039W,0,-3.7221456,0.03668232634663582,0.2029999941587448,0.5331000089645386
YAL044C,YDR177W,0,-3.7221818,0.036675699055194855,0.2029999941587448,0.5332000255584717
YMR176W,YDR256C,0,-3.7224658,0.03666907548904419,0.2029999941587448,0.53329998254776
YML052W,YOR119C,0,-3.7225814,0.036662451922893524,0.2029999941587448,0.5333999991416931
YPL147W,YKR036C,0,-3.7226567,0.03665583208203316,0.2029999941587448,0.5335000157356262
YPR143W,YKL173W,0,-3.722667,0.03664921596646309,0.2029999941587448,0.5335999727249146
YER056C-A,YPL204W,0,-3.7227294,0.03664259985089302,0.2029999941587448,0.5336999893188477
YHL038C,YNR031C,0,-3.722959,0.03663598746061325,0.2029999941587448,0.5338000059127808
YKR054C,YIL020C,0,-3.7229643,0.03662937507033348,0.2029999941587448,0.5339000225067139
YKL042W,YOR076C,0,-3.72302,0.03662276640534401,0.2029999941587448,0.5339999794960022
YAL060W,YBR241C,0,-3.723031,0.036616161465644836,0.2029999941587448,0.5340999960899353
YER165W,YDR092W,0,-3.7230449,0.03660955652594566,0.2029999941587448,0.5342000126838684
YNL038W,YLR251W,0,-3.723072,0.03660295531153679,0.2029999941587448,0.5343000292778015
YOL120C,YLR032W,0,-3.723108,0.03659635782241821,0.2029999941587448,0.5343999862670898
YDR012W,YGL190C,0,-3.723113,0.03658976033329964,0.2029999941587448,0.534500002861023
YMR315W,YOR117W,0,-3.7231264,0.03658316656947136,0.2029999941587448,0.534600019454956
YKL014C,YNR045W,0,-3.7231562,0.03657657653093338,0.2029999941587448,0.5346999764442444
YCR098C,YBR048W,0,-3.7234404,0.0365699864923954,0.2029999941587448,0.5347999930381775
YDR403W,YHR119W,0,-3.7234416,0.03656340017914772,0.2029999941587448,0.5349000096321106
YKL100C,YMR006C,0,-3.7234507,0.03655681759119034,0.2029999941587448,0.5350000262260437
YLR442C,YPL002C,0,-3.723494,0.036550235003232956,0.2029999941587448,0.535099983215332
YLR203C,YBR272C,0,-3.723507,0.03654365614056587,0.2029999941587448,0.5351999998092651
YDR103W,YDR329C,0,-3.7235284,0.03653707727789879,0.2029999941587448,0.5353000164031982
YJR068W,YER070W,1,-3.7235708,0.036710456013679504,0.20399999618530273,0.5353000164031982
YPR175W,YHR118C,1,-3.7239122,0.036883771419525146,0.20499999821186066,0.5353000164031982
YDL111C,YPL145C,0,-3.723994,0.036877136677503586,0.20499999821186066,0.5353999733924866
YHL019C,YDL076C,0,-3.7240665,0.036870501935482025,0.20499999821186066,0.5354999899864197
YNL160W,YMR034C,0,-3.7240915,0.03686387464404106,0.20499999821186066,0.5356000065803528
YHR119W,YNL231C,0,-3.7241063,0.0368572473526001,0.20499999821186066,0.5357000231742859
YKL024C,YGR054W,0,-3.724259,0.036850620061159134,0.20499999821186066,0.5357999801635742
YCR030C,YIL043C,0,-3.7243814,0.03684399649500847,0.20499999821186066,0.5358999967575073
YPR046W,YLR248W,0,-3.7244947,0.0368373766541481,0.20499999821186066,0.5360000133514404
YAL023C,YGR036C,0,-3.7244966,0.036830756813287735,0.20499999821186066,0.5360999703407288
YHR136C,YJR058C,0,-3.7247434,0.03682414069771767,0.20499999821186066,0.5361999869346619
YNL137C,YJR059W,0,-3.724745,0.0368175283074379,0.20499999821186066,0.536300003528595
YPL033C,YOR215C,0,-3.7248635,0.03681091591715813,0.20499999821186066,0.5364000201225281
YMR312W,YOL029C,0,-3.7249312,0.036804307252168655,0.20499999821186066,0.5364999771118164
YDR111C,YBR208C,0,-3.7250395,0.03679770231246948,0.20499999821186066,0.5365999937057495
YMR156C,YEL056W,0,-3.7250862,0.03679109737277031,0.20499999821186066,0.5367000102996826
YKL052C,YHR099W,0,-3.7250896,0.036784496158361435,0.20499999821186066,0.5368000268936157
YDR371W,YFR037C,0,-3.7251098,0.03677789866924286,0.20499999821186066,0.536899983882904
YIR023W,YKL156W,0,-3.7251127,0.03677130118012428,0.20499999821186066,0.5370000004768372
YLR059C,YHR206W,0,-3.7252522,0.036764707416296005,0.20499999821186066,0.5371000170707703
YPR134W,YPL179W,0,-3.7253742,0.03675811365246773,0.20499999821186066,0.5371999740600586
YOR127W,YKL134C,0,-3.725484,0.03675152361392975,0.20499999821186066,0.5372999906539917
YNL227C,YOL165C,0,-3.7255774,0.03674493730068207,0.20499999821186066,0.5374000072479248
YNL156C,YLR115W,0,-3.7257175,0.03673835098743439,0.20499999821186066,0.5375000238418579
YNL192W,YPR001W,0,-3.7257824,0.036731768399477005,0.20499999821186066,0.5375999808311462
YJR150C,YLR285W,0,-3.7258277,0.03672518953680992,0.20499999821186066,0.5376999974250793
YFR032C-A,YJL058C,0,-3.725863,0.03671861067414284,0.20499999821186066,0.5378000140190125
YLR025W,YPR005C,0,-3.7259998,0.03671203553676605,0.20499999821186066,0.5378999710083008
YBL017C,YMR123W,0,-3.7260754,0.03670546039938927,0.20499999821186066,0.5379999876022339
YCR018C,YFL048C,0,-3.726143,0.03669888898730278,0.20499999821186066,0.538100004196167
YMR001C,YDR052C,1,-3.7261515,0.03687130659818649,0.20600000023841858,0.538100004196167
YMR301C,YPR144C,0,-3.7261612,0.03686470910906792,0.20600000023841858,0.5382000207901001
YDR257C,YJR155W,0,-3.7266355,0.03685811534523964,0.20600000023841858,0.5382999777793884
YOR085W,YDL070W,0,-3.7267542,0.03685152158141136,0.20600000023841858,0.5383999943733215
YOR092W,YGR006W,0,-3.7268066,0.036844927817583084,0.20600000023841858,0.5385000109672546
YOR156C,YGR174C,0,-3.7268152,0.0368383415043354,0.20600000023841858,0.5386000275611877
YBL054W,YER083C,0,-3.7268286,0.03683175519108772,0.20600000023841858,0.5386999845504761
YPL173W,YOL057W,0,-3.7268786,0.03682516887784004,0.20600000023841858,0.5388000011444092
YDR534C,YAR002C-A,0,-3.7269402,0.03681858628988266,0.20600000023841858,0.5389000177383423
YML101C,YGL232W,0,-3.7269626,0.036812007427215576,0.20600000023841858,0.5389999747276306
YDR317W,YLR425W,0,-3.7270088,0.03680543228983879,0.20600000023841858,0.5390999913215637
YMR316W,YGL142C,0,-3.7270093,0.036798857152462006,0.20600000023841858,0.5392000079154968
YIL115C,YCL064C,0,-3.7270627,0.03679228574037552,0.20600000023841858,0.5393000245094299
YGR082W,YJR005W,0,-3.7270856,0.03678571432828903,0.20600000023841858,0.5393999814987183
YJL062W,YKL110C,0,-3.7271938,0.036779146641492844,0.20600000023841858,0.5394999980926514
YIL007C,YHR207C,0,-3.7272654,0.036772582679986954,0.20600000023841858,0.5396000146865845
YDL100C,YPR037C,0,-3.7272782,0.036766018718481064,0.20600000023841858,0.5396999716758728
YER177W,YGR004W,0,-3.7272882,0.03675945848226547,0.20600000023841858,0.5397999882698059
YDR503C,YLL022C,0,-3.7273116,0.03675289824604988,0.20600000023841858,0.539900004863739
YCL016C,YOR271C,0,-3.7274475,0.03674634173512459,0.20600000023841858,0.5400000214576721
YBR299W,YDL081C,0,-3.72746,0.036739788949489594,0.20600000023841858,0.5400999784469604
YHR184W,YML074C,0,-3.7275267,0.0367332398891449,0.20600000023841858,0.5401999950408936
YPL276W,YAR035W,0,-3.72759,0.0367266908288002,0.20600000023841858,0.5403000116348267
YNR074C,YOL023W,0,-3.7276478,0.036720141768455505,0.20600000023841858,0.5404000282287598
YDR121W,YHL024W,1,-3.7276719,0.036891818046569824,0.2070000022649765,0.5404000282287598
YBL014C,YBR261C,0,-3.7278688,0.03688524663448334,0.2070000022649765,0.5404999852180481
YPL276W,YKL095W,0,-3.7278883,0.03687867522239685,0.2070000022649765,0.5406000018119812
YJR042W,YDL108W,0,-3.7280145,0.036872103810310364,0.2070000022649765,0.5407000184059143
YDR449C,YOR098C,0,-3.7280538,0.036865539848804474,0.2070000022649765,0.5407999753952026
YLR312W-A,YGL119W,0,-3.7280865,0.036858975887298584,0.2070000022649765,0.5408999919891357
YKL182W,YOL123W,0,-3.7281103,0.036852411925792694,0.2070000022649765,0.5410000085830688
YBR022W,YPL163C,0,-3.7281256,0.0368458516895771,0.2070000022649765,0.541100025177002
YKL011C,YGL068W,0,-3.7283993,0.03683929517865181,0.2070000022649765,0.5411999821662903
YHR039C-A,YML061C,0,-3.7284234,0.03683273866772652,0.2070000022649765,0.5412999987602234
YHL038C,YGR077C,0,-3.7284632,0.03682618588209152,0.2070000022649765,0.5414000153541565
YCL018W,YGL060W,0,-3.7285476,0.036819636821746826,0.2070000022649765,0.5414999723434448
YNL325C,YHR175W,0,-3.7287354,0.03681308776140213,0.2070000022649765,0.5415999889373779
YJL155C,YGL019W,0,-3.7287602,0.03680654242634773,0.2070000022649765,0.541700005531311
YDL030W,YBR006W,0,-3.7288208,0.03680000081658363,0.2070000022649765,0.5418000221252441
YOL141W,YDR082W,0,-3.7288475,0.036793459206819534,0.2070000022649765,0.5418999791145325
YAL020C,YDR473C,0,-3.7290034,0.036786921322345734,0.2070000022649765,0.5419999957084656
YLR439W,YIL132C,0,-3.7291343,0.03678038343787193,0.2070000022649765,0.5421000123023987
YGR032W,YIL061C,0,-3.7291577,0.03677384927868843,0.2070000022649765,0.5422000288963318
YKL140W,YGL249W,0,-3.7292266,0.03676731884479523,0.2070000022649765,0.5422999858856201
YAL010C,YPL091W,0,-3.729258,0.03676078841090202,0.2070000022649765,0.5424000024795532
YKL116C,YOR167C,0,-3.7295146,0.03675426170229912,0.2070000022649765,0.5425000190734863
YNL239W,YER147C,0,-3.7296686,0.03674773499369621,0.2070000022649765,0.5425999760627747
YDR300C,YGR223C,0,-3.7296758,0.036741215735673904,0.2070000022649765,0.5426999926567078
YDL039C,YLR060W,0,-3.7297869,0.0367346927523613,0.2070000022649765,0.5428000092506409
YMR205C,YJL106W,0,-3.729848,0.03672817721962929,0.2070000022649765,0.542900025844574
YER036C,YBR095C,0,-3.7298484,0.03672166168689728,0.2070000022649765,0.5429999828338623
YBR114W,YMR319C,0,-3.7299738,0.03671514615416527,0.2070000022649765,0.5430999994277954
YIR026C,YJR103W,0,-3.7300735,0.036708638072013855,0.2070000022649765,0.5432000160217285
YBL035C,YPR162C,1,-3.7300806,0.03687943145632744,0.20800000429153442,0.5432000160217285
YDR105C,YKL053C-A,0,-3.7301283,0.03687289357185364,0.20800000429153442,0.5432999730110168
YBR020W,YEL058W,0,-3.7301545,0.036866359412670135,0.20800000429153442,0.54339998960495
YNL191W,YPR030W,0,-3.730193,0.03685982525348663,0.20800000429153442,0.5435000061988831
YBL060W,YGR255C,0,-3.7302518,0.03685329481959343,0.20800000429153442,0.5436000227928162
YAL068C,YER019C-A,0,-3.7303166,0.036846768110990524,0.20800000429153442,0.5436999797821045
YLR109W,YKL206C,0,-3.730318,0.03684024140238762,0.20800000429153442,0.5437999963760376
YKL043W,YDR021W,0,-3.7303338,0.03683371841907501,0.20800000429153442,0.5439000129699707
YBR268W,YKR102W,0,-3.730354,0.036827195435762405,0.20800000429153442,0.5440000295639038
YDR130C,YLR038C,0,-3.7304697,0.0368206761777401,0.20800000429153442,0.5440999865531921
YLR204W,YHR206W,0,-3.7305148,0.03681416064500809,0.20800000429153442,0.5442000031471252
YGR244C,YGR254W,0,-3.7306795,0.03680764511227608,0.20800000429153442,0.5443000197410583
YOR074C,YDR110W,1,-3.730722,0.036978062242269516,0.20900000631809235,0.5443000197410583
YLR153C,YNL167C,0,-3.7307749,0.03697152063250542,0.20900000631809235,0.5443999767303467
YMR042W,YBL080C,0,-3.7308226,0.03696497902274132,0.20900000631809235,0.5444999933242798
YDR135C,YLR285W,0,-3.7309887,0.036958444863557816,0.20900000631809235,0.5446000099182129
YJL045W,YGR216C,0,-3.7310393,0.03695191070437431,0.20900000631809235,0.544700026512146
YFR027W,YPR162C,1,-3.7311144,0.037122149020433426,0.20999999344348907,0.544700026512146
YDL148C,YDR078C,0,-3.7311578,0.037115588784217834,0.20999999344348907,0.5447999835014343
YPL223C,YJL005W,0,-3.7312133,0.03710902854800224,0.20999999344348907,0.5449000000953674
YHR025W,YOR037W,0,-3.731253,0.03710247203707695,0.20999999344348907,0.5450000166893005
YLR447C,YJL158C,0,-3.7312632,0.037095919251441956,0.20999999344348907,0.5450999736785889
YOR113W,YJL011C,0,-3.7312965,0.03708936646580696,0.20999999344348907,0.545199990272522
YOR373W,YAL010C,0,-3.731574,0.037082817405462265,0.20999999344348907,0.5453000068664551
YFR047C,YGL083W,0,-3.7318578,0.03707627207040787,0.20999999344348907,0.5454000234603882
YLR059C,YGL241W,0,-3.7320058,0.03706972673535347,0.20999999344348907,0.5454999804496765
YCR037C,YAL044C,0,-3.7322073,0.03706318512558937,0.20999999344348907,0.5455999970436096
YLL062C,YJR139C,0,-3.7322402,0.03705664351582527,0.20999999344348907,0.5457000136375427
YER106W,YOR067C,0,-3.7323089,0.03705010563135147,0.20999999344348907,0.545799970626831
YKR103W,YJL155C,0,-3.732329,0.03704357147216797,0.20999999344348907,0.5458999872207642
YER088C,YDR201W,0,-3.7324207,0.03703703731298447,0.20999999344348907,0.5460000038146973
YPL137C,YGR113W,0,-3.732491,0.03703050687909126,0.20999999344348907,0.5461000204086304
YNL325C,YGL128C,0,-3.7325015,0.03702397644519806,0.20999999344348907,0.5461999773979187
YNR011C,YLR100W,0,-3.7325215,0.037017449736595154,0.20999999344348907,0.5462999939918518
YPR188C,YNR024W,0,-3.732553,0.03701092675328255,0.20999999344348907,0.5464000105857849
YER173W,YGR052W,0,-3.7325559,0.03700440376996994,0.20999999344348907,0.546500027179718
YKR052C,YBR097W,0,-3.7325947,0.03699788451194763,0.20999999344348907,0.5465999841690063
YKL002W,YOR369C,0,-3.7326362,0.03699136897921562,0.20999999344348907,0.5467000007629395
YLR212C,YBR274W,0,-3.7327619,0.03698485344648361,0.20999999344348907,0.5468000173568726
YDR372C,YBR191W,0,-3.7328024,0.0369783416390419,0.20999999344348907,0.5468999743461609
YIL160C,YDR197W,0,-3.7328048,0.03697182983160019,0.20999999344348907,0.546999990940094
YDR434W,YBR289W,0,-3.7328982,0.036965321749448776,0.20999999344348907,0.5471000075340271
YML101C,YIL160C,0,-3.732922,0.03695881739258766,0.20999999344348907,0.5472000241279602
YDR078C,YGL028C,0,-3.7329981,0.03695231303572655,0.20999999344348907,0.5472999811172485
YER151C,YDR021W,0,-3.7330203,0.03694581240415573,0.20999999344348907,0.5473999977111816
YIR012W,YOR261C,0,-3.7331367,0.036939315497875214,0.20999999344348907,0.5475000143051147
YKR099W,YDR144C,0,-3.7334275,0.036932818591594696,0.20999999344348907,0.5475999712944031
YDL235C,YJR108W,0,-3.7334695,0.03692632168531418,0.20999999344348907,0.5476999878883362
YGR101W,YIL005W,0,-3.7334924,0.03691983222961426,0.20999999344348907,0.5478000044822693
YOL105C,YER148W,0,-3.7336087,0.03691334277391434,0.20999999344348907,0.5479000210762024
YCR035C,YPL106C,0,-3.7338493,0.036906853318214417,0.20999999344348907,0.5479999780654907
YCR086W,YBR060C,1,-3.734084,0.037076085805892944,0.210999995470047,0.5479999780654907
YFR027W,YMR043W,1,-3.734101,0.0372452549636364,0.21199999749660492,0.5479999780654907
YPR081C,YOL057W,0,-3.7341208,0.0372387133538723,0.21199999749660492,0.5480999946594238
YER101C,YMR008C,0,-3.7344527,0.0372321754693985,0.21199999749660492,0.5482000112533569
YDL164C,YBR278W,1,-3.7345166,0.0374012291431427,0.21299999952316284,0.5482000112533569
YNL098C,YDR318W,0,-3.7345533,0.03739466145634651,0.21299999952316284,0.54830002784729
YDR091C,YDR405W,0,-3.7345915,0.03738809749484062,0.21299999952316284,0.5483999848365784
YGL051W,YMR195W,0,-3.7346723,0.03738153725862503,0.21299999952316284,0.5485000014305115
YLL009C,YHL025W,0,-3.734766,0.03737497702240944,0.21299999952316284,0.5486000180244446
YBR119W,YLR029C,0,-3.7348075,0.037368420511484146,0.21299999952316284,0.5486999750137329
YDL184C,YJR160C,0,-3.7349892,0.03736186772584915,0.21299999952316284,0.548799991607666
YDL100C,YDR219C,0,-3.735001,0.03735531494021416,0.21299999952316284,0.5489000082015991
YEL020W-A,YKR044W,0,-3.7351522,0.03734876215457916,0.21299999952316284,0.5490000247955322
YCR086W,YKL017C,1,-3.7353296,0.03751753270626068,0.21400000154972076,0.5490000247955322
YMR281W,YBL112C,0,-3.735332,0.0375109538435936,0.21400000154972076,0.5490999817848206
YDR036C,YDR138W,0,-3.7354264,0.03750438243150711,0.21400000154972076,0.5491999983787537
YPR189W,YNR067C,0,-3.7355304,0.037497811019420624,0.21400000154972076,0.5493000149726868
YPR194C,YDR265W,0,-3.7356377,0.03749123960733414,0.21400000154972076,0.5493999719619751
YDR098C,YNL192W,0,-3.735687,0.03748467192053795,0.21400000154972076,0.5494999885559082
YGL073W,YGL171W,0,-3.7358074,0.03747810795903206,0.21400000154972076,0.5496000051498413
YDR375C,YLR409C,0,-3.7358532,0.03747154772281647,0.21400000154972076,0.5497000217437744
YLR433C,YHR073W,0,-3.7358675,0.037464987486600876,0.21400000154972076,0.5497999787330627
YLR157C,YBR237W,0,-3.7359135,0.037458427250385284,0.21400000154972076,0.5498999953269958
YCL029C,YMR023C,0,-3.7359314,0.03745187073945999,0.21400000154972076,0.550000011920929
YOR306C,YLR164W,0,-3.7359877,0.037445317953825,0.21400000154972076,0.5501000285148621
YOR194C,YGL178W,0,-3.7362757,0.0374387688934803,0.21400000154972076,0.5501999855041504
YMR267W,YGL151W,0,-3.736319,0.037432219833135605,0.21400000154972076,0.5503000020980835
YOR172W,YER044C,0,-3.7364163,0.03742567449808121,0.21400000154972076,0.5504000186920166
YDR545W,YHL025W,0,-3.7364318,0.03741912916302681,0.21400000154972076,0.5504999756813049
YDL106C,YJR135W-A,0,-3.7365015,0.03741258755326271,0.21400000154972076,0.550599992275238
YDR300C,YJR151C,0,-3.736509,0.03740604966878891,0.21400000154972076,0.5507000088691711
YDR300C,YMR273C,0,-3.7365222,0.03739951178431511,0.21400000154972076,0.5508000254631042
YEL041W,YPL026C,0,-3.7365453,0.03739297389984131,0.21400000154972076,0.5508999824523926
YMR207C,YLR019W,0,-3.7365918,0.037386443465948105,0.21400000154972076,0.5509999990463257
YLR130C,YPL083C,0,-3.73671,0.0373799130320549,0.21400000154972076,0.5511000156402588
YML057W,YMR186W,0,-3.7368388,0.037373386323451996,0.21400000154972076,0.5511999726295471
YDL059C,YDL072C,0,-3.7368453,0.03736685961484909,0.21400000154972076,0.5512999892234802
YLR309C,YLR329W,0,-3.73694,0.037360336631536484,0.21400000154972076,0.5514000058174133
YBR046C,YPL176C,0,-3.7369413,0.03735381364822388,0.21400000154972076,0.5515000224113464
YGL210W,YOR297C,0,-3.7369804,0.03734729439020157,0.21400000154972076,0.5515999794006348
YJR022W,YDR313C,0,-3.7370477,0.03734077885746956,0.21400000154972076,0.5516999959945679
YJR046W,YHR031C,1,-3.7371721,0.03750872239470482,0.2150000035762787,0.5516999959945679
YGL104C,YKL022C,0,-3.7373767,0.03750218078494072,0.2150000035762787,0.551800012588501
YCR094W,YHR193C,0,-3.7376833,0.03749563917517662,0.2150000035762787,0.5519000291824341
YBR031W,YHR175W,0,-3.7378078,0.03748910129070282,0.2150000035762787,0.5519999861717224
YLR433C,YOL077C,0,-3.7378983,0.03748256713151932,0.2150000035762787,0.5521000027656555
YHR033W,YJR127C,0,-3.7379487,0.037476032972335815,0.2150000035762787,0.5522000193595886
YLR039C,YGR179C,0,-3.7380812,0.03746950253844261,0.2150000035762787,0.552299976348877
YDL205C,YNL138W,0,-3.7381105,0.03746297210454941,0.2150000035762787,0.5523999929428101
YNL239W,YER019C-A,0,-3.7381341,0.0374564453959465,0.2150000035762787,0.5525000095367432
YNL151C,YMR232W,0,-3.7381399,0.037449922412633896,0.2150000035762787,0.5526000261306763
YOR322C,YNL063W,0,-3.738371,0.03744339942932129,0.2150000035762787,0.5526999831199646
YNL191W,YIL098C,0,-3.7383807,0.03743688017129898,0.2150000035762787,0.5527999997138977
YDR430C,YGR171C,0,-3.7384496,0.03743036091327667,0.2150000035762787,0.5529000163078308
YPL146C,YPL116W,0,-3.738505,0.03742384538054466,0.2150000035762787,0.5529999732971191
YPR187W,YPR133C,0,-3.7385721,0.03741733357310295,0.2150000035762787,0.5530999898910522
YGR285C,YPL137C,0,-3.7386055,0.03741082176566124,0.2150000035762787,0.5532000064849854
YBR202W,YER070W,1,-3.7386222,0.037578288465738297,0.2160000056028366,0.5532000064849854
YOR081C,YDR512C,0,-3.7387705,0.037571750581264496,0.2160000056028366,0.5533000230789185
YKR061W,YDR457W,0,-3.7387705,0.037565216422080994,0.2160000056028366,0.5533999800682068
YHR005C,YER145C,0,-3.7387853,0.03755868598818779,0.2160000056028366,0.5534999966621399
YDL184C,YER178W,0,-3.7388902,0.037552155554294586,0.2160000056028366,0.553600013256073
YPL082C,YBR272C,0,-3.73905,0.03754562884569168,0.2160000056028366,0.5536999702453613
YNL289W,YNL122C,0,-3.739112,0.037539102137088776,0.2160000056028366,0.5537999868392944
YPL113C,YDR313C,0,-3.7392018,0.03753257915377617,0.2160000056028366,0.5539000034332275
YDL128W,YNL110C,0,-3.7392182,0.03752605989575386,0.2160000056028366,0.5540000200271606
YKR089C,YDR495C,0,-3.739277,0.03751954063773155,0.2160000056028366,0.554099977016449
YMR203W,YNL128W,0,-3.7394183,0.03751302510499954,0.2160000056028366,0.5541999936103821
YMR118C,YOL056W,0,-3.739425,0.03750651329755783,0.2160000056028366,0.5543000102043152
YLR154C,YJR046W,1,-3.7394414,0.03767361119389534,0.21699999272823334,0.5543000102043152
YJL103C,YIL009W,0,-3.7394435,0.03766707330942154,0.21699999272823334,0.5544000267982483
YNL145W,YGL031C,0,-3.7394524,0.03766053542494774,0.21699999272823334,0.5544999837875366
YLR154C,YER129W,1,-3.7394845,0.037827521562576294,0.21799999475479126,0.5544999837875366
YPR102C,YMR303C,0,-3.7395015,0.037820957601070404,0.21799999475479126,0.5546000003814697
YIL061C,YGR175C,0,-3.7398312,0.03781439736485481,0.21799999475479126,0.5547000169754028
YIL123W,YNL268W,0,-3.740018,0.03780784085392952,0.21799999475479126,0.5547999739646912
YDR304C,YER149C,0,-3.7403004,0.03780128434300423,0.21799999475479126,0.5548999905586243
YPL189W,YNL190W,0,-3.7405968,0.037794727832078934,0.21799999475479126,0.5550000071525574
YHR156C,YPL087W,0,-3.7406774,0.03778817877173424,0.21799999475479126,0.5551000237464905
YJR001W,YNL250W,0,-3.7408483,0.03778162971138954,0.21799999475479126,0.5551999807357788
YMR193W,YJL097W,0,-3.740852,0.037775080651044846,0.21799999475479126,0.5552999973297119
YDR028C,YJL062W,0,-3.740955,0.037768539041280746,0.21799999475479126,0.555400013923645
YBR145W,YDL230W,0,-3.7410123,0.03776199370622635,0.21799999475479126,0.5554999709129333
YER020W,YPL022W,0,-3.7410736,0.03775545582175255,0.21799999475479126,0.5555999875068665
YPR049C,YGR144W,0,-3.74121,0.03774891793727875,0.21799999475479126,0.5557000041007996
YLR439W,YIL124W,0,-3.7412455,0.037742383778095245,0.21799999475479126,0.5558000206947327
YML012W,YKL155C,0,-3.7413495,0.03773584961891174,0.21799999475479126,0.555899977684021
YGL067W,YBL054W,0,-3.7414517,0.03772931918501854,0.21799999475479126,0.5559999942779541
YBL055C,YNL250W,0,-3.7416592,0.037722788751125336,0.21799999475479126,0.5561000108718872
YHL003C,YDR464W,0,-3.7417321,0.03771626204252243,0.21799999475479126,0.5562000274658203
YDR069C,YBR060C,1,-3.7418547,0.037882719188928604,0.21899999678134918,0.5562000274658203
YNR015W,YHR052W,0,-3.7420504,0.03787616640329361,0.21899999678134918,0.5562999844551086
YDL075W,YHR086W,0,-3.742135,0.037869617342948914,0.21899999678134918,0.5564000010490417
YPL101W,YDR399W,0,-3.7424278,0.037863072007894516,0.21899999678134918,0.5565000176429749
YGR185C,YOR380W,0,-3.7425556,0.03785652667284012,0.21899999678134918,0.5565999746322632
YLR131C,YBR107C,0,-3.7425878,0.03784998133778572,0.21899999678134918,0.5566999912261963
YHR005C,YOR109W,0,-3.7429845,0.03784344345331192,0.21899999678134918,0.5568000078201294
YPR060C,YDR345C,0,-3.743023,0.03783690556883812,0.21899999678134918,0.5569000244140625
YDR159W,YDR041W,0,-3.7431178,0.03783036768436432,0.21899999678134918,0.5569999814033508
YOR212W,YDR025W,0,-3.7432241,0.03782383352518082,0.21899999678134918,0.5570999979972839
YGR234W,YDR392W,0,-3.7433686,0.03781730309128761,0.21899999678134918,0.557200014591217
YJL110C,YBR052C,0,-3.7433786,0.03781077265739441,0.21899999678134918,0.5572999715805054
YJL013C,YPR173C,0,-3.7434697,0.037804245948791504,0.21899999678134918,0.5573999881744385
YIL150C,YAR007C,1,-3.743524,0.03797031566500664,0.2199999988079071,0.5573999881744385
YKL096W-A,YMR246W,0,-3.7435288,0.03796376287937164,0.2199999988079071,0.5575000047683716
YIL119C,YML104C,0,-3.743567,0.03795721009373665,0.2199999988079071,0.5576000213623047
YJL197W,YGL073W,0,-3.743606,0.03795066475868225,0.2199999988079071,0.557699978351593
YDR240C,YGL192W,0,-3.7438006,0.03794411942362785,0.2199999988079071,0.5577999949455261
YBR182C,YNL251C,0,-3.7438347,0.037937574088573456,0.2199999988079071,0.5579000115394592
YPR067W,YOR355W,0,-3.7438715,0.037931036204099655,0.2199999988079071,0.5580000281333923
YDL133C-A,YKR093W,0,-3.7439156,0.037924494594335556,0.2199999988079071,0.5580999851226807
YPL234C,YKL034W,0,-3.7440708,0.037917960435152054,0.2199999988079071,0.5582000017166138
YER044C,YPL252C,0,-3.7442093,0.03791142627596855,0.2199999988079071,0.5583000183105469
YDR122W,YBR156C,0,-3.7442245,0.03790489211678505,0.2199999988079071,0.5583999752998352
YOR123C,YKL218C,0,-3.7442477,0.037898361682891846,0.2199999988079071,0.5584999918937683
YMR159C,YMR235C,0,-3.7444193,0.03789183497428894,0.2199999988079071,0.5586000084877014
YMR234W,YNL102W,1,-3.744686,0.038057517260313034,0.22100000083446503,0.5586000084877014
YDR387C,YLR426W,0,-3.7447023,0.03805096447467804,0.22100000083446503,0.5587000250816345
YOR181W,YDL117W,0,-3.7447162,0.038044415414333344,0.22100000083446503,0.5587999820709229
YEL065W,YNL183C,0,-3.7449846,0.03803786635398865,0.22100000083446503,0.558899998664856
YDR448W,YDR256C,0,-3.7450933,0.03803132101893425,0.22100000083446503,0.5590000152587891
YGR239C,YIR036C,0,-3.7451293,0.03802477568387985,0.22100000083446503,0.5590999722480774
YLR115W,YFR031C-A,0,-3.7451448,0.03801823407411575,0.22100000083446503,0.5591999888420105
YPL138C,YDR399W,0,-3.745213,0.03801169618964195,0.22100000083446503,0.5593000054359436
YLR249W,YOR194C,0,-3.7453346,0.03800515830516815,0.22100000083446503,0.5594000220298767
YMR234W,YPR162C,1,-3.7454133,0.03817056491971016,0.22200000286102295,0.5594000220298767
YOR226C,YHR146W,0,-3.7456121,0.03816400095820427,0.22200000286102295,0.559499979019165
YPR175W,YDR419W,1,-3.7456727,0.03832932189106941,0.22300000488758087,0.559499979019165
YPL140C,YER044C,0,-3.7459106,0.03832273557782173,0.22300000488758087,0.5595999956130981
YLR442C,YNL232W,0,-3.7460442,0.03831615298986435,0.22300000488758087,0.5597000122070312
YOR081C,YOL009C,0,-3.7461672,0.03830957040190697,0.22300000488758087,0.5598000288009644
YLR395C,YBR067C,0,-3.7461872,0.038302987813949585,0.22300000488758087,0.5598999857902527
YDR197W,YDL054C,0,-3.7462778,0.0382964089512825,0.22300000488758087,0.5600000023841858
YGL170C,YOR143C,0,-3.746293,0.038289833813905716,0.22300000488758087,0.5601000189781189
YOR243C,YAL012W,0,-3.746345,0.03828326240181923,0.22300000488758087,0.5601999759674072
YPR175W,YJR057W,1,-3.7463903,0.038448333740234375,0.2240000069141388,0.5601999759674072
YML067C,YJR035W,0,-3.74649,0.0384417362511158,0.2240000069141388,0.5602999925613403
YHR008C,YBL020W,0,-3.7464962,0.03843514248728752,0.2240000069141388,0.5604000091552734
YNR041C,YMR017W,0,-3.7465224,0.038428548723459244,0.2240000069141388,0.5605000257492065
YBR296C,YOL061W,0,-3.746601,0.038421954959630966,0.2240000069141388,0.5605999827384949
YJL156C,YBR067C,0,-3.746648,0.03841536492109299,0.2240000069141388,0.560699999332428
YGL186C,YIL095W,0,-3.7468123,0.038408778607845306,0.2240000069141388,0.5608000159263611
YAL010C,YJR066W,0,-3.7468495,0.038402196019887924,0.2240000069141388,0.5608999729156494
YHR167W,YDR253C,0,-3.7468562,0.03839561343193054,0.2240000069141388,0.5609999895095825
YLR315W,YKL119C,0,-3.7469628,0.03838903084397316,0.2240000069141388,0.5611000061035156
YOL062C,YNL192W,0,-3.7469704,0.038382451981306076,0.2240000069141388,0.5612000226974487
YMR200W,YNL289W,0,-3.7471128,0.03837587684392929,0.2240000069141388,0.5612999796867371
YOL109W,YPR148C,0,-3.7471766,0.038369305431842804,0.2240000069141388,0.5613999962806702
YOR074C,YER129W,1,-3.747324,0.03853399679064751,0.22499999403953552,0.5613999962806702
YDL166C,YDR151C,0,-3.7476377,0.03852739557623863,0.22499999403953552,0.5615000128746033
YGL004C,YML030W,0,-3.7478013,0.038520801812410355,0.22499999403953552,0.5616000294685364
YER007W,YDR262W,0,-3.74788,0.03851420804858208,0.22499999403953552,0.5616999864578247
YPL010W,YGL192W,0,-3.7479455,0.0385076142847538,0.22499999403953552,0.5618000030517578
YER190W,YDR399W,0,-3.7479568,0.03850102797150612,0.22499999403953552,0.5619000196456909
YHR197W,YIL070C,0,-3.747992,0.03849443793296814,0.22499999403953552,0.5619999766349792
YJL004C,YOR129C,0,-3.7480712,0.03848785534501076,0.22499999403953552,0.5620999932289124
YDR395W,YGR062C,0,-3.7482843,0.038481272757053375,0.22499999403953552,0.5622000098228455
YER002W,YGR009C,0,-3.7482903,0.03847469389438629,0.22499999403953552,0.5623000264167786
YJL198W,YGR175C,0,-3.7483435,0.03846811503171921,0.22499999403953552,0.5623999834060669
YJL056C,YMR115W,0,-3.7483695,0.03846153989434242,0.22499999403953552,0.5625
YCL059C,YMR225C,0,-3.7486095,0.03845496475696564,0.22499999403953552,0.5626000165939331
YIL004C,YOL144W,0,-3.7486215,0.03844839334487915,0.22499999403953552,0.5626999735832214
YJR097W,YMR198W,0,-3.748671,0.03844182565808296,0.22499999403953552,0.5627999901771545
YBL080C,YBL069W,0,-3.7486832,0.038435257971286774,0.22499999403953552,0.5629000067710876
YDL077C,YIL036W,0,-3.748766,0.038428694009780884,0.22499999403953552,0.5630000233650208
YAL019W,YEL050C,0,-3.7488518,0.038422130048274994,0.22499999403953552,0.5630999803543091
YMR078C,YBR074W,0,-3.7488708,0.0384155698120594,0.22499999403953552,0.5631999969482422
YHR106W,YOL028C,0,-3.748904,0.03840901330113411,0.22499999403953552,0.5633000135421753
YJR036C,YBR028C,0,-3.7489126,0.038402456790208817,0.22499999403953552,0.5633999705314636
YPL112C,YOR145C,0,-3.7492073,0.03839590400457382,0.22499999403953552,0.5634999871253967
YML049C,YNL173C,0,-3.749292,0.038389354944229126,0.22499999403953552,0.5636000037193298
YBR254C,YPR173C,0,-3.7493217,0.03838280588388443,0.22499999403953552,0.5637000203132629
YPL143W,YIL064W,0,-3.749471,0.038376256823539734,0.22499999403953552,0.5637999773025513
YIL144W,YPL240C,0,-3.749658,0.038369715213775635,0.22499999403953552,0.5638999938964844
YIL056W,YHR057C,0,-3.74968,0.03836316987872124,0.22499999403953552,0.5640000104904175
YIL120W,YPL058C,0,-3.7497225,0.038356631994247437,0.22499999403953552,0.5641000270843506
YMR220W,YOR091W,0,-3.7498088,0.038350094109773636,0.22499999403953552,0.5641999840736389
YPL143W,YGL027C,0,-3.7498343,0.038343559950590134,0.22499999403953552,0.564300000667572
YAL013W,YGL135W,0,-3.749906,0.03833702579140663,0.22499999403953552,0.5644000172615051
YLR432W,YLR131C,0,-3.7499871,0.03833049535751343,0.22499999403953552,0.5644999742507935
YOL103W,YJL098W,0,-3.750091,0.038323964923620224,0.22499999403953552,0.5645999908447266
YMR001C,YBR060C,1,-3.7501712,0.038487739861011505,0.22599999606609344,0.5645999908447266
YJR045C,YIL145C,0,-3.7502131,0.03848118335008621,0.22599999606609344,0.5647000074386597
YOR074C,YFR027W,1,-3.75035,0.03864487633109093,0.22699999809265137,0.5647000074386597
YLR373C,YDR078C,0,-3.7504253,0.03863829746842384,0.22699999809265137,0.5648000240325928
YPR125W,YMR311C,0,-3.7504296,0.03863172233104706,0.22699999809265137,0.5648999810218811
YDL170W,YKR036C,0,-3.750515,0.03862514719367027,0.22699999809265137,0.5649999976158142
YBR058C,YDR165W,0,-3.7505324,0.038618579506874084,0.22699999809265137,0.5651000142097473
YOR217W,YGR180C,1,-3.7505598,0.03878210484981537,0.2280000001192093,0.5651000142097473
YLR055C,YBL005W,0,-3.750594,0.03877551108598709,0.2280000001192093,0.5651999711990356
YLL017W,YLR357W,0,-3.750646,0.038768917322158813,0.2280000001192093,0.5652999877929688
YLR025W,YDR422C,0,-3.750723,0.038762327283620834,0.2280000001192093,0.5654000043869019
YIL084C,YKL078W,0,-3.7507386,0.038755737245082855,0.2280000001192093,0.565500020980835
YJR138W,YAL062W,0,-3.75075,0.038749150931835175,0.2280000001192093,0.5655999779701233
YGL083W,YNL281W,0,-3.7507951,0.038742564618587494,0.2280000001192093,0.5656999945640564
YBR257W,YPL143W,0,-3.7507985,0.03873598203063011,0.2280000001192093,0.5658000111579895
YOR224C,YHR110W,0,-3.750815,0.03872940316796303,0.2280000001192093,0.5659000277519226
YPR134W,YOR054C,0,-3.7509177,0.038722824305295944,0.2280000001192093,0.5659999847412109
YFL045C,YNL110C,0,-3.7510939,0.03871624916791916,0.2280000001192093,0.566100001335144
YGR260W,YHR046C,0,-3.7511034,0.03870967775583267,0.2280000001192093,0.5662000179290771
YLR121C,YKL155C,0,-3.7512193,0.038703106343746185,0.2280000001192093,0.5662999749183655
YER095W,YGR124W,0,-3.7512317,0.03869653865695,0.2280000001192093,0.5663999915122986
YDR498C,YDR236C,0,-3.7512765,0.03868997097015381,0.2280000001192093,0.5665000081062317
YHR004C,YIL011W,0,-3.7512817,0.03868340700864792,0.2280000001192093,0.5666000247001648
YPR180W,YAL035W,0,-3.751332,0.03867684304714203,0.2280000001192093,0.5666999816894531
YJL054W,YLR293C,0,-3.7514715,0.038670286536216736,0.2280000001192093,0.5667999982833862
YHL035C,YDL139C,0,-3.7514796,0.038663726300001144,0.2280000001192093,0.5669000148773193
YIL093C,YDR386W,0,-3.751481,0.03865717351436615,0.2280000001192093,0.5669999718666077
YPL036W,YNL051W,0,-3.7515311,0.03865061700344086,0.2280000001192093,0.5670999884605408
YBR273C,YFR031C,0,-3.7517004,0.03864406794309616,0.2280000001192093,0.5672000050544739
YDR402C,YDR005C,0,-3.751749,0.038637518882751465,0.2280000001192093,0.567300021648407
YGR199W,YOL057W,0,-3.7517943,0.03863097354769707,0.2280000001192093,0.5673999786376953
YPL148C,YMR230W,0,-3.7518654,0.03862442821264267,0.2280000001192093,0.5674999952316284
YER133W,YJR058C,0,-3.751974,0.03861788660287857,0.2280000001192093,0.5676000118255615
YOL007C,YPL235W,0,-3.752006,0.03861134499311447,0.2280000001192093,0.5677000284194946
YLR328W,YOL032W,0,-3.752061,0.03860480710864067,0.2280000001192093,0.567799985408783
YGL035C,YLR390W-A,0,-3.7521524,0.03859827294945717,0.2280000001192093,0.5679000020027161
YDR334W,YGL162W,0,-3.7522142,0.038591738790273666,0.2280000001192093,0.5680000185966492
YDL077C,YDL143W,0,-3.7522378,0.03858520835638046,0.2280000001192093,0.5680999755859375
YHR079C,YGR282C,0,-3.7522492,0.03857868164777756,0.2280000001192093,0.5681999921798706
YLR206W,YOR374W,0,-3.7522655,0.03857215493917465,0.2280000001192093,0.5683000087738037
YPL087W,YHR077C,0,-3.7523637,0.03856562823057175,0.2280000001192093,0.5684000253677368
YIL111W,YBL089W,0,-3.75238,0.03855910524725914,0.2280000001192093,0.5684999823570251
YOR180C,YKL021C,0,-3.7525272,0.03855258598923683,0.2280000001192093,0.5685999989509583
YBR275C,YGL229C,0,-3.7526069,0.03854607045650482,0.2280000001192093,0.5687000155448914
YLR153C,YDR330W,0,-3.752618,0.03853955492377281,0.2280000001192093,0.5687999725341797
YBR291C,YOR078W,0,-3.7530413,0.0385330393910408,0.2280000001192093,0.5688999891281128
YMR098C,YGL135W,0,-3.7531114,0.03852652758359909,0.2280000001192093,0.5690000057220459
YBR268W,YLL029W,0,-3.7534065,0.03852001950144768,0.2280000001192093,0.569100022315979
YOR340C,YLR183C,0,-3.753521,0.03851351514458656,0.2280000001192093,0.5691999793052673
YNR070W,YNL080C,0,-3.7535596,0.03850701078772545,0.2280000001192093,0.5692999958992004
YPL151C,YBR162W-A,0,-3.7536945,0.038500506430864334,0.2280000001192093,0.5694000124931335
YKR006C,YOR195W,0,-3.7537532,0.03849400579929352,0.2280000001192093,0.5695000290870667
YDR371W,YGR208W,0,-3.7538915,0.038487508893013,0.2280000001192093,0.569599986076355
YGR181W,YOR044W,0,-3.75392,0.03848101198673248,0.2280000001192093,0.5697000026702881
YER031C,YMR009W,0,-3.75395,0.038474518805742264,0.2280000001192093,0.5698000192642212
YOR074C,YBL023C,1,-3.7540789,0.03863674774765968,0.2290000021457672,0.5698000192642212
YOL005C,YKL061W,0,-3.7541146,0.038630228489637375,0.2290000021457672,0.5698999762535095
YOL005C,YMR322C,0,-3.7541375,0.038623712956905365,0.2290000021457672,0.5699999928474426
YNR017W,YBR082C,0,-3.7542706,0.038617201149463654,0.2290000021457672,0.5701000094413757
YLR299W,YLL002W,0,-3.7543507,0.03861068934202194,0.2290000021457672,0.5702000260353088
YDR148C,YAR033W,0,-3.7545762,0.03860418125987053,0.2290000021457672,0.5702999830245972
YMR002W,YOR249C,0,-3.7545862,0.038597673177719116,0.2290000021457672,0.5703999996185303
YEL017C-A,YDR100W,0,-3.7546046,0.038591168820858,0.2290000021457672,0.5705000162124634
YDR165W,YEL058W,0,-3.754793,0.038584668189287186,0.2290000021457672,0.5705999732017517
YML086C,YOL056W,0,-3.754929,0.03857816755771637,0.2290000021457672,0.5706999897956848
YDR351W,YKR069W,0,-3.7549615,0.03857167065143585,0.2290000021457672,0.5708000063896179
YIL167W,YLR001C,0,-3.7549658,0.038565173745155334,0.2290000021457672,0.570900022983551
YBL025W,YGR220C,0,-3.7549787,0.038558680564165115,0.2290000021457672,0.5709999799728394
YDR052C,YDR121W,1,-3.7550852,0.03872053697705269,0.23000000417232513,0.5709999799728394
YDR424C,YGL246C,0,-3.755186,0.03871402144432068,0.23000000417232513,0.5710999965667725
YGL128C,YOL117W,0,-3.7557704,0.03870750591158867,0.23000000417232513,0.5712000131607056
YPL026C,YHL038C,0,-3.7557902,0.03870099410414696,0.23000000417232513,0.5713000297546387
YPR010C,YHR108W,0,-3.755845,0.038694482296705246,0.23000000417232513,0.571399986743927
YDL017W,YAR007C,1,-3.7559977,0.038856182247400284,0.23100000619888306,0.571399986743927
YOR045W,YOR008C,0,-3.756002,0.03884964808821678,0.23100000619888306,0.5715000033378601
YER143W,YBR261C,0,-3.7560167,0.03884311392903328,0.23100000619888306,0.5716000199317932
YDR490C,YBL068W,0,-3.7563076,0.038836583495140076,0.23100000619888306,0.5716999769210815
YEL020W-A,YFL011W,0,-3.7563117,0.03883005678653717,0.23100000619888306,0.5717999935150146
YER173W,YDR077W,0,-3.7564383,0.038823530077934265,0.23100000619888306,0.5719000101089478
YLL004W,YLR043C,1,-3.7564716,0.03898504376411438,0.23199999332427979,0.5719000101089478
YPL083C,YHR059W,0,-3.7565696,0.038978494703769684,0.23199999332427979,0.5720000267028809
YFR032C-A,YHR011W,0,-3.7567024,0.03897194564342499,0.23199999332427979,0.5720999836921692
YOR049C,YDR377W,0,-3.7567143,0.03896540030837059,0.23199999332427979,0.5722000002861023
YHR046C,YOL152W,0,-3.756864,0.03895885869860649,0.23199999332427979,0.5723000168800354
YMR012W,YPL082C,0,-3.7570043,0.03895231708884239,0.23199999332427979,0.5723999738693237
YKL175W,YER175C,0,-3.7570467,0.03894577920436859,0.23199999332427979,0.5724999904632568
YGR258C,YDL072C,0,-3.7571478,0.03893924131989479,0.23199999332427979,0.5726000070571899
YCL025C,YGL003C,0,-3.757177,0.03893270716071129,0.23199999332427979,0.572700023651123
YDR499W,YOR326W,0,-3.7571921,0.038926173001527786,0.23199999332427979,0.5727999806404114
YFR049W,YMR008C,0,-3.7573497,0.03891964256763458,0.23199999332427979,0.5728999972343445
YKL189W,YML116W,0,-3.7574282,0.03891311585903168,0.23199999332427979,0.5730000138282776
YOR332W,YDR127W,0,-3.7574606,0.03890658915042877,0.23199999332427979,0.5730999708175659
YOR359W,YNL112W,0,-3.7574804,0.038900066167116165,0.23199999332427979,0.573199987411499
YDL108W,YDL227C,0,-3.7575574,0.03889354690909386,0.23199999332427979,0.5733000040054321
YPR081C,YBR162W-A,0,-3.7577324,0.03888702765107155,0.23199999332427979,0.5734000205993652
YOR237W,YNL328C,0,-3.7577333,0.03888050839304924,0.23199999332427979,0.5734999775886536
YCR091W,YLL016W,0,-3.75782,0.03887399286031723,0.23199999332427979,0.5735999941825867
YJR041C,YCR030C,0,-3.7581143,0.03886748105287552,0.23199999332427979,0.5737000107765198
YER137C,YHR103W,0,-3.75814,0.038860972970724106,0.23199999332427979,0.5738000273704529
YNL322C,YOR038C,0,-3.7583323,0.03885446488857269,0.23199999332427979,0.5738999843597412
YHR058C,YBL007C,0,-3.7584238,0.03884795680642128,0.23199999332427979,0.5740000009536743
YFL025C,YDR523C,0,-3.7584577,0.038841452449560165,0.23199999332427979,0.5741000175476074
YMR298W,YJR055W,0,-3.7584653,0.03883495181798935,0.23199999332427979,0.5741999745368958
YMR145C,YLR439W,0,-3.7584844,0.03882845118641853,0.23199999332427979,0.5742999911308289
YAR033W,YOL121C,0,-3.7585163,0.038821954280138016,0.23199999332427979,0.574400007724762
YLR043C,YPR019W,1,-3.7587662,0.03898276761174202,0.2329999953508377,0.574400007724762
YIR031C,YKR102W,0,-3.7587805,0.03897624462842941,0.2329999953508377,0.5745000243186951
YKL089W,YOL156W,0,-3.7588885,0.0389697290956974,0.2329999953508377,0.5745999813079834
YLR026C,YKL100C,0,-3.7592506,0.038963209837675095,0.2329999953508377,0.5746999979019165
YOR382W,YOR126C,0,-3.7594132,0.03895669803023338,0.2329999953508377,0.5748000144958496
YOR151C,YHR160C,0,-3.7594445,0.03895018249750137,0.2329999953508377,0.5748999714851379
YPR135W,YGR180C,1,-3.759461,0.03911081328988075,0.23399999737739563,0.5748999714851379
YNL191W,YOL067C,0,-3.759485,0.03910427913069725,0.23399999737739563,0.574999988079071
YNL175C,YNL164C,0,-3.7595282,0.03909774497151375,0.23399999737739563,0.5751000046730042
YER050C,YGR177C,0,-3.7596068,0.039091214537620544,0.23399999737739563,0.5752000212669373
YJL025W,YDR523C,0,-3.7596388,0.03908468410372734,0.23399999737739563,0.5752999782562256
YDL102W,YPR120C,1,-3.7596834,0.039245158433914185,0.23499999940395355,0.5752999782562256
YBR045C,YBL021C,0,-3.7598057,0.03923860564827919,0.23499999940395355,0.5753999948501587
YIL051C,YLR390W,0,-3.7599125,0.039232052862644196,0.23499999940395355,0.5755000114440918
YHR046C,YLL022C,0,-3.7599506,0.0392255038022995,0.23499999940395355,0.5756000280380249
YBR176W,YNL031C,0,-3.760023,0.0392189584672451,0.23499999940395355,0.5756999850273132
YMR112C,YOL125W,0,-3.7601566,0.039212413132190704,0.23499999940395355,0.5758000016212463
YPR100W,YER109C,0,-3.7601976,0.039205871522426605,0.23499999940395355,0.5759000182151794
YDL017W,YDR069C,1,-3.760254,0.039366137236356735,0.23600000143051147,0.5759000182151794
YJL052W,YPL092W,0,-3.7604356,0.039359573274850845,0.23600000143051147,0.5759999752044678
YKL182W,YDL085W,0,-3.7604527,0.039353009313344955,0.23600000143051147,0.5760999917984009
YMR242C,YFL004W,0,-3.760508,0.039346449077129364,0.23600000143051147,0.576200008392334
YDR004W,YLR127C,0,-3.760851,0.03933988884091377,0.23600000143051147,0.5763000249862671
YER061C,YDR507C,0,-3.760987,0.03933333232998848,0.23600000143051147,0.5763999819755554
YHR012W,YHR209W,0,-3.7612164,0.039326779544353485,0.23600000143051147,0.5764999985694885
YNL052W,YGL233W,0,-3.7613552,0.03932022675871849,0.23600000143051147,0.5766000151634216
YNL208W,YFL048C,0,-3.7614007,0.039313677698373795,0.23600000143051147,0.57669997215271
YHR004C,YOR065W,0,-3.7615285,0.0393071286380291,0.23600000143051147,0.5767999887466431
YOR074C,YDL164C,1,-3.7615688,0.039467111229896545,0.2370000034570694,0.5767999887466431
YOL012C,YBR046C,0,-3.7616282,0.03946053981781006,0.2370000034570694,0.5769000053405762
YKL024C,YML076C,0,-3.761687,0.03945397213101387,0.2370000034570694,0.5770000219345093
YBL113C,YCR014C,0,-3.7617426,0.03944740444421768,0.2370000034570694,0.5770999789237976
YDR098C,YGR080W,0,-3.7617807,0.03944084048271179,0.2370000034570694,0.5771999955177307
YLR390W,YKL054C,0,-3.7619023,0.0394342765212059,0.2370000034570694,0.5773000121116638
YER048W-A,YGL083W,0,-3.761994,0.03942771628499031,0.2370000034570694,0.5774000287055969
YOR226C,YJR109C,0,-3.7620082,0.03942115604877472,0.2370000034570694,0.5774999856948853
YDR350C,YGL063W,0,-3.762023,0.039414603263139725,0.2370000034570694,0.5776000022888184
YMR276W,YDR175C,0,-3.762249,0.03940804675221443,0.2370000034570694,0.5777000188827515
YHL003C,YLR244C,0,-3.7622654,0.039401497691869736,0.2370000034570694,0.5777999758720398
YML112W,YOR212W,0,-3.7623663,0.03939494863152504,0.2370000034570694,0.5778999924659729
YJL225C,YNL317W,0,-3.7623858,0.039388399571180344,0.2370000034570694,0.578000009059906
YPL179W,YHR154W,0,-3.7629635,0.039381854236125946,0.2370000034570694,0.5781000256538391
YDR545W,YML032C,0,-3.762969,0.03937531262636185,0.2370000034570694,0.5781999826431274
YNL167C,YBR180W,0,-3.7630937,0.03936877101659775,0.2370000034570694,0.5782999992370605
YGL104C,YOL026C,0,-3.7631638,0.03936223313212395,0.2370000034570694,0.5784000158309937
YOL139C,YNL006W,0,-3.763181,0.039355695247650146,0.2370000034570694,0.578499972820282
YDR259C,YBR043C,0,-3.7631857,0.039349161088466644,0.2370000034570694,0.5785999894142151
YLR154C,YHR031C,1,-3.763194,0.0395086333155632,0.23800000548362732,0.5785999894142151
YHR146W,YNL221C,0,-3.76326,0.03950207307934761,0.23800000548362732,0.5787000060081482
YPL033C,YER089C,0,-3.7632911,0.039495520293712616,0.23800000548362732,0.5788000226020813
YOR316C,YDL110C,0,-3.7633073,0.03948896750807762,0.23800000548362732,0.5788999795913696
YFL011W,YIL064W,0,-3.7633586,0.03948241472244263,0.23800000548362732,0.5789999961853027
YAL059W,YMR215W,0,-3.7638798,0.03947586566209793,0.23800000548362732,0.5791000127792358
YOR207C,YLR004C,0,-3.7641954,0.03946932032704353,0.23800000548362732,0.579200029373169
YMR072W,YHR194W,0,-3.7644083,0.039462774991989136,0.23800000548362732,0.5792999863624573
YPL207W,YNL236W,0,-3.7644353,0.03945623338222504,0.23800000548362732,0.5794000029563904
YJL148W,YGL115W,0,-3.764512,0.03944969177246094,0.23800000548362732,0.5795000195503235
YOR242C,YNL026W,0,-3.7645388,0.03944315388798714,0.23800000548362732,0.5795999765396118
YBR268W,YDR389W,0,-3.7645574,0.039436619728803635,0.23800000548362732,0.5796999931335449
YKR030W,YNL339C,0,-3.7646475,0.03943008556962013,0.23800000548362732,0.579800009727478
YHR041C,YPL176C,0,-3.7647042,0.03942355513572693,0.23800000548362732,0.5799000263214111
YPR073C,YGR082W,0,-3.764757,0.039417024701833725,0.23800000548362732,0.5799999833106995
YLR164W,YGR046W,0,-3.764761,0.03941049799323082,0.23800000548362732,0.5800999999046326
YLR047C,YML116W,0,-3.764775,0.03940397500991821,0.23800000548362732,0.5802000164985657
YPL126W,YNL284C,0,-3.7648287,0.039397452026605606,0.23800000548362732,0.580299973487854
YKL003C,YCR105W,0,-3.7649028,0.039390929043293,0.23800000548362732,0.5803999900817871
YJL197W,YPR149W,0,-3.764906,0.03938441351056099,0.23800000548362732,0.5805000066757202
YOR346W,YJL173C,1,-3.765068,0.03954334929585457,0.23899999260902405,0.5805000066757202
YOR136W,YAL044C,0,-3.7653203,0.03953680768609047,0.23899999260902405,0.5806000232696533
YPR057W,YDL039C,0,-3.7655458,0.03953026980161667,0.23899999260902405,0.5806999802589417
YLR277C,YPL172C,0,-3.765644,0.03952373191714287,0.23899999260902405,0.5807999968528748
YJR006W,YOR346W,1,-3.7657144,0.0396825410425663,0.23999999463558197,0.5807999968528748
YAL059W,YMR304W,0,-3.76573,0.03967598080635071,0.23999999463558197,0.5809000134468079
YOR271C,YGR058W,0,-3.7658896,0.03966942057013512,0.23999999463558197,0.5809999704360962
YPL183C,YKR008W,0,-3.7660356,0.039662864059209824,0.23999999463558197,0.5810999870300293
YNL280C,YOL136C,0,-3.7660851,0.03965631127357483,0.23999999463558197,0.5812000036239624
YGL161C,YNL304W,0,-3.766202,0.03964976221323013,0.23999999463558197,0.5813000202178955
YPL226W,YOR106W,0,-3.7662468,0.03964320942759514,0.23999999463558197,0.5813999772071838
YDR496C,YLR150W,0,-3.7662668,0.03963666409254074,0.23999999463558197,0.5814999938011169
YML115C,YLR276C,0,-3.7664387,0.03963011875748634,0.23999999463558197,0.58160001039505
YMR001C,YNL262W,1,-3.7664785,0.03978867456316948,0.2409999966621399,0.58160001039505
YBR097W,YER030W,0,-3.766636,0.03978210687637329,0.2409999966621399,0.5817000269889832
YLR039C,YNL231C,0,-3.766683,0.0397755391895771,0.2409999966621399,0.5817999839782715
YKL149C,YEL012W,0,-3.7667289,0.03976897522807121,0.2409999966621399,0.5819000005722046
YFR014C,YNL274C,0,-3.766852,0.03976241499185562,0.2409999966621399,0.5820000171661377
YPL200W,YCR026C,0,-3.7668839,0.03975585475564003,0.2409999966621399,0.582099974155426
YJL121C,YER098W,0,-3.7669091,0.03974929824471474,0.2409999966621399,0.5821999907493591
YJR001W,YGR162W,0,-3.7671142,0.03974274545907974,0.2409999966621399,0.5823000073432922
YHR023W,YCL032W,0,-3.767135,0.03973619267344475,0.2409999966621399,0.5824000239372253
YFL054C,YER162C,0,-3.7672179,0.03972963988780975,0.2409999966621399,0.5824999809265137
YOR181W,YMR158W,0,-3.7673025,0.03972309082746506,0.2409999966621399,0.5825999975204468
YPL006W,YNL298W,0,-3.7675328,0.03971654549241066,0.2409999966621399,0.5827000141143799
YGR083C,YBR295W,0,-3.7677128,0.03971000015735626,0.2409999966621399,0.5827999711036682
YOL122C,YLR315W,0,-3.767767,0.03970345854759216,0.2409999966621399,0.5828999876976013
YPR194C,YDL108W,0,-3.7677908,0.03969692066311836,0.2409999966621399,0.5830000042915344
YIL093C,YDL184C,0,-3.7679439,0.03969038277864456,0.2409999966621399,0.5831000208854675
YDL216C,YGR112W,0,-3.768118,0.03968384489417076,0.2409999966621399,0.5831999778747559
YJR092W,YGR007W,0,-3.7681289,0.03967731446027756,0.2409999966621399,0.583299994468689
YLR247C,YKL134C,0,-3.7681527,0.039670780301094055,0.2409999966621399,0.5834000110626221
YDR188W,YDR078C,0,-3.7681572,0.03966425359249115,0.2409999966621399,0.5835000276565552
YPL115C,YPL174C,0,-3.7682633,0.039657726883888245,0.2409999966621399,0.5835999846458435
YPR019W,YJL194W,1,-3.768336,0.03981572762131691,0.24199999868869781,0.5835999846458435
YMR043W,YGL251C,1,-3.7683864,0.039973679929971695,0.24300000071525574,0.5835999846458435
YBR279W,YPL183C,0,-3.7683887,0.03996710479259491,0.24300000071525574,0.5837000012397766
YJR155W,YLR163C,0,-3.7683983,0.03996053338050842,0.24300000071525574,0.5838000178337097
YER145C,YDR498C,0,-3.7684352,0.039953961968421936,0.24300000071525574,0.583899974822998
YLR025W,YNR057C,0,-3.7686439,0.03994739428162575,0.24300000071525574,0.5839999914169312
YJL090C,YLR043C,1,-3.7687762,0.040105193853378296,0.24400000274181366,0.5839999914169312
YAL028W,YML067C,0,-3.7688193,0.04009860381484032,0.24400000274181366,0.5841000080108643
YOL095C,YGR234W,0,-3.7688308,0.04009201377630234,0.24400000274181366,0.5842000246047974
YOR272W,YGR106C,0,-3.7688475,0.04008542746305466,0.24400000274181366,0.5842999815940857
YER155C,YPL101W,0,-3.7691126,0.040078844875097275,0.24400000274181366,0.5843999981880188
YDL093W,YML061C,0,-3.7691193,0.04007226228713989,0.24400000274181366,0.5845000147819519
YNL202W,YGR189C,0,-3.7691278,0.04006567969918251,0.24400000274181366,0.5845999717712402
YNL102W,YGL251C,1,-3.769135,0.04022328183054924,0.24500000476837158,0.5845999717712402
YGL093W,YNL232W,0,-3.7692347,0.04021667689085007,0.24500000476837158,0.5846999883651733
YBL023C,YGL251C,1,-3.7692533,0.04037420079112053,0.2460000067949295,0.5846999883651733
YHR023W,YDR175C,0,-3.7692618,0.040367573499679565,0.2460000067949295,0.5848000049591064
YOR262W,YGR129W,0,-3.7692866,0.0403609499335289,0.2460000067949295,0.5849000215530396
YGL084C,YLR287C-A,0,-3.769512,0.04035433009266853,0.2460000067949295,0.5849999785423279
YER068W,YNL286W,0,-3.7696471,0.040347710251808167,0.2460000067949295,0.585099995136261
YAR018C,YBR093C,0,-3.76967,0.0403410941362381,0.2460000067949295,0.5852000117301941
YGR120C,YGL115W,0,-3.7697465,0.04033448174595833,0.2460000067949295,0.5853000283241272
YHR168W,YLR224W,0,-3.769798,0.04032786935567856,0.2460000067949295,0.5853999853134155
YGL112C,YDR406W,0,-3.7698355,0.04032125696539879,0.2460000067949295,0.5855000019073486
YGR143W,YGR034W,0,-3.7700953,0.040314652025699615,0.2460000067949295,0.5856000185012817
YMR276W,YBR193C,0,-3.7703052,0.04030804708600044,0.2460000067949295,0.5856999754905701
YNL061W,YEL054C,0,-3.7705116,0.04030144214630127,0.2460000067949295,0.5857999920845032
YPR024W,YML116W,0,-3.7705226,0.040294840931892395,0.2460000067949295,0.5859000086784363
YDR387C,YPL096W,0,-3.7705884,0.04028823971748352,0.2460000067949295,0.5860000252723694
YDR110W,YBL035C,1,-3.771002,0.040445391088724136,0.24699999392032623,0.5860000252723694
YIR032C,YDR262W,0,-3.7710502,0.04043876752257347,0.24699999392032623,0.5860999822616577
YJL069C,YCR054C,0,-3.7710638,0.040432147681713104,0.24699999392032623,0.5861999988555908
YKR066C,YLR011W,0,-3.7710671,0.040425531566143036,0.24699999392032623,0.5863000154495239
YCR018C,YLR192C,0,-3.7713547,0.04041891545057297,0.24699999392032623,0.5863999724388123
YDL045W-A,YPL174C,0,-3.7714474,0.0404123030602932,0.24699999392032623,0.5864999890327454
YEL021W,YEL036C,0,-3.7714634,0.040405694395303726,0.24699999392032623,0.5866000056266785
YCR009C,YDL117W,0,-3.771522,0.040399085730314255,0.24699999392032623,0.5867000222206116
YCR040W,YDR384C,0,-3.7715652,0.04039247706532478,0.24699999392032623,0.5867999792098999
YBR107C,YPL064C,0,-3.77162,0.04038587212562561,0.24699999392032623,0.586899995803833
YML004C,YML132W,0,-3.7717328,0.040379270911216736,0.24699999392032623,0.5870000123977661
YNR016C,YPL002C,0,-3.7717447,0.04037266969680786,0.24699999392032623,0.5871000289916992
YNL302C,YBR082C,0,-3.7719579,0.040366072207689285,0.24699999392032623,0.5871999859809875
YNL102W,YLR103C,1,-3.7720423,0.040522877126932144,0.24799999594688416,0.5871999859809875
YDR453C,YKR009C,0,-3.7720914,0.04051625728607178,0.24799999594688416,0.5873000025749207
YGR075C,YKL056C,0,-3.7721624,0.04050963744521141,0.24799999594688416,0.5874000191688538
YMR322C,YNL001W,0,-3.7726324,0.04050302132964134,0.24799999594688416,0.5874999761581421
YCR009C,YKR058W,0,-3.7726936,0.04049640893936157,0.24799999594688416,0.5875999927520752
YBL051C,YPL248C,0,-3.7728066,0.0404897965490818,0.24799999594688416,0.5877000093460083
YDL206W,YPL159C,0,-3.7728925,0.04048318788409233,0.24799999594688416,0.5878000259399414
YLR154C,YPR019W,1,-3.773004,0.04063979163765907,0.24899999797344208,0.5878000259399414
YDL107W,YLR324W,0,-3.773232,0.04063316062092781,0.24899999797344208,0.5878999829292297
YKL040C,YOL126C,0,-3.773263,0.04062652960419655,0.24899999797344208,0.5879999995231628
YLR304C,YFL056C,0,-3.7732677,0.040619902312755585,0.24899999797344208,0.588100016117096
YDR304C,YML107C,0,-3.7733045,0.04061327502131462,0.24899999797344208,0.5881999731063843
YFR052W,YLR158C,0,-3.7733235,0.040606655180454254,0.24899999797344208,0.5882999897003174
YKR059W,YJL133W,0,-3.7733245,0.04060003161430359,0.24899999797344208,0.5884000062942505
YOR014W,YER154W,0,-3.7735593,0.04059341549873352,0.24899999797344208,0.5885000228881836
YNR028W,YJR052W,0,-3.7736073,0.040586795657873154,0.24899999797344208,0.5885999798774719
YGL076C,YJR048W,0,-3.773706,0.040580183267593384,0.24899999797344208,0.588699996471405
YOR297C,YER167W,0,-3.773747,0.040573570877313614,0.24899999797344208,0.5888000130653381
YBL112C,YKL006C-A,0,-3.773817,0.040566958487033844,0.24899999797344208,0.5889000296592712
YDR368W,YBR033W,0,-3.773837,0.04056035354733467,0.24899999797344208,0.5889999866485596
YPR191W,YEL002C,0,-3.7738426,0.0405537448823452,0.24899999797344208,0.5891000032424927
YDL246C,YCR039C,0,-3.7740116,0.040547143667936325,0.24899999797344208,0.5892000198364258
YML049C,YER061C,0,-3.77406,0.04054053872823715,0.24899999797344208,0.5892999768257141
YJL029C,YDR075W,0,-3.7740903,0.040533941239118576,0.24899999797344208,0.5893999934196472
YHR172W,YDR404C,0,-3.774466,0.04052734375,0.24899999797344208,0.5895000100135803
YPL206C,YOR076C,0,-3.7744844,0.04052074998617172,0.24899999797344208,0.5896000266075134
YLL004W,YOR346W,1,-3.7744968,0.04067686200141907,0.25,0.5896000266075134
YIL075C,YNL036W,0,-3.774749,0.040670245885849,0.25,0.5896999835968018
YPL115C,YOR332W,0,-3.774921,0.04066362977027893,0.25,0.5898000001907349
YBL026W,YLR028C,0,-3.7749352,0.04065701737999916,0.25,0.589900016784668
YER111C,YBL093C,0,-3.7750177,0.04065040498971939,0.25,0.5899999737739563
YNR011C,YDL140C,0,-3.775194,0.04064379632472992,0.25,0.5900999903678894
YLR292C,YNL310C,0,-3.77522,0.040637191385030746,0.25,0.5902000069618225
YDR234W,YBR036C,0,-3.7753038,0.040630586445331573,0.25,0.5903000235557556
YOR346W,YHR031C,1,-3.7753081,0.04078647866845131,0.25099998712539673,0.5903000235557556
YDL128W,YJR135W-A,0,-3.7755232,0.040779855102300644,0.25099998712539673,0.590399980545044
YLR438C-A,YHR119W,0,-3.7755785,0.04077322781085968,0.25099998712539673,0.590499997138977
YMR300C,YOR265W,0,-3.7756321,0.04076660796999931,0.25099998712539673,0.5906000137329102
YLR383W,YOR129C,0,-3.775989,0.04075998812913895,0.25099998712539673,0.5906999707221985
YPL104W,YJL108C,0,-3.7760406,0.04075336828827858,0.25099998712539673,0.5907999873161316
YBR212W,YPL271W,0,-3.776105,0.04074675217270851,0.25099998712539673,0.5909000039100647
YBR023C,YDR014W,0,-3.7761946,0.04074013978242874,0.25099998712539673,0.5910000205039978
YHR025W,YGR061C,0,-3.7762067,0.04073352739214897,0.25099998712539673,0.5910999774932861
YGR281W,YLR038C,0,-3.7762408,0.0407269187271595,0.25099998712539673,0.5911999940872192
YOR068C,YLR244C,0,-3.776372,0.04072031006217003,0.25099998712539673,0.5913000106811523
YJR155W,YLL035W,0,-3.7764285,0.040713705122470856,0.25099998712539673,0.5914000272750854
YHL021C,YBL041W,0,-3.7764385,0.04070710390806198,0.25099998712539673,0.5914999842643738
YDL105W,YJL221C,0,-3.7764554,0.04070050269365311,0.25099998712539673,0.5916000008583069
YDL046W,YDR011W,0,-3.776476,0.04069390520453453,0.25099998712539673,0.59170001745224
YIL109C,YBL068W,0,-3.7764912,0.040687307715415955,0.25099998712539673,0.5917999744415283
YMR186W,YOL003C,0,-3.7766058,0.04068071395158768,0.25099998712539673,0.5918999910354614
YJL090C,YAR007C,1,-3.7767625,0.04083617031574249,0.25200000405311584,0.5918999910354614
YJR127C,YGL256W,0,-3.777143,0.040829554200172424,0.25200000405311584,0.5920000076293945
YPR135W,YJL194W,1,-3.777208,0.04098493605852127,0.2529999911785126,0.5920000076293945
YAL048C,YPL116W,0,-3.7772555,0.04097829759120941,0.2529999911785126,0.5921000242233276
YKL039W,YER002W,0,-3.7773466,0.04097165912389755,0.2529999911785126,0.592199981212616
YOR124C,YOR278W,0,-3.7774568,0.04096502438187599,0.2529999911785126,0.5922999978065491
YOR142W,YIL013C,0,-3.7777777,0.04095839336514473,0.2529999911785126,0.5924000144004822
YDL069C,YGL026C,0,-3.7778234,0.040951766073703766,0.2529999911785126,0.5924999713897705
YDR362C,YOL154W,0,-3.7779124,0.040945135056972504,0.2529999911785126,0.5925999879837036
YHL004W,YDR312W,0,-3.7779589,0.04093851149082184,0.2529999911785126,0.5927000045776367
YOR316C,YLR055C,0,-3.7780228,0.04093188792467117,0.2529999911785126,0.5928000211715698
YBR015C,YDR351W,0,-3.778029,0.040925268083810806,0.2529999911785126,0.5928999781608582
YML032C,YPR042C,0,-3.7780886,0.04091864824295044,0.2529999911785126,0.5929999947547913
YGL035C,YDR308C,0,-3.778275,0.04091203212738037,0.2529999911785126,0.5931000113487244
YHR170W,YBL079W,0,-3.7784557,0.0409054160118103,0.2529999911785126,0.5932000279426575
YJL065C,YJR135W-A,0,-3.778494,0.04089880362153053,0.2529999911785126,0.5932999849319458
YEL052W,YBR091C,0,-3.7785096,0.04089219495654106,0.2529999911785126,0.5934000015258789
YLR009W,YLR238W,0,-3.778545,0.04088558629155159,0.2529999911785126,0.593500018119812
YJR041C,YCL061C,0,-3.7786517,0.04087897762656212,0.2529999911785126,0.5935999751091003
YLR193C,YJR135W-A,0,-3.7787097,0.040872376412153244,0.2529999911785126,0.5936999917030334
YIR026C,YLR139C,0,-3.7787209,0.04086577147245407,0.2529999911785126,0.5938000082969666
YPR125W,YAL041W,0,-3.7787693,0.040859173983335495,0.2529999911785126,0.5939000248908997
YLR382C,YPR037C,0,-3.7788174,0.04085257649421692,0.2529999911785126,0.593999981880188
YBL026W,YGL009C,0,-3.7788749,0.04084597900509834,0.2529999911785126,0.5940999984741211
YOL095C,YIL145C,0,-3.7788885,0.040839385241270065,0.2529999911785126,0.5942000150680542
YER125W,YDR501W,0,-3.7788992,0.040832795202732086,0.2529999911785126,0.5942999720573425
YOR258W,YGR058W,0,-3.7790174,0.04082620516419411,0.2529999911785126,0.5943999886512756
YIL090W,YDL227C,0,-3.779024,0.040819618850946426,0.2529999911785126,0.5945000052452087
YDR205W,YJL109C,0,-3.7790544,0.040813032537698746,0.2529999911785126,0.5946000218391418
YOR098C,YGL016W,0,-3.7790847,0.040806449949741364,0.2529999911785126,0.5946999788284302
YLR185W,YGR216C,0,-3.7791939,0.04079987108707428,0.2529999911785126,0.5947999954223633
YDL051W,YGL005C,0,-3.7792537,0.040793292224407196,0.2529999911785126,0.5949000120162964
YJR094W-A,YDL045C,0,-3.779437,0.04078671708703041,0.2529999911785126,0.5950000286102295
YGR245C,YPL106C,0,-3.7795904,0.040780141949653625,0.2529999911785126,0.5950999855995178
YPL112C,YEL017C-A,0,-3.779618,0.04077357053756714,0.2529999911785126,0.5952000021934509
YGR061C,YOR079C,0,-3.7798452,0.04076699912548065,0.2529999911785126,0.595300018787384
YML005W,YOL020W,0,-3.7798548,0.040760431438684464,0.2529999911785126,0.5953999757766724
YMR272C,YGL103W,0,-3.7798734,0.040753867477178574,0.2529999911785126,0.5954999923706055
YMR300C,YPL051W,0,-3.7799568,0.040747303515672684,0.2529999911785126,0.5956000089645386
YMR243C,YDR457W,0,-3.7800837,0.040740739554166794,0.2529999911785126,0.5957000255584717
YJL153C,YGL061C,0,-3.7801676,0.0407341830432415,0.2529999911785126,0.59579998254776
YKR053C,YFR037C,0,-3.7801728,0.04072762280702591,0.2529999911785126,0.5958999991416931
YDL105W,YER178W,0,-3.7804785,0.040721070021390915,0.2529999911785126,0.5960000157356262
YOR001W,YKL016C,0,-3.780507,0.04071451723575592,0.2529999911785126,0.5960999727249146
YGL123W,YNL032W,0,-3.7805946,0.040707964450120926,0.2529999911785126,0.5961999893188477
YLR045C,YDR363W-A,0,-3.7806916,0.04070141538977623,0.2529999911785126,0.5963000059127808
YNR053C,YMR203W,0,-3.7807598,0.04069487005472183,0.2529999911785126,0.5964000225067139
YMR002W,YHR012W,0,-3.7807636,0.040688324719667435,0.2529999911785126,0.5964999794960022
YHR029C,YNL289W,0,-3.7807899,0.040681783109903336,0.2529999911785126,0.5965999960899353
YDR088C,YLR249W,0,-3.7809932,0.040675241500139236,0.2529999911785126,0.5967000126838684
YLR439W,YPL195W,0,-3.7810583,0.040668703615665436,0.2529999911785126,0.5968000292778015
YPL214C,YDR312W,0,-3.7811031,0.040662165731191635,0.2529999911785126,0.5968999862670898
YIL061C,YMR142C,0,-3.7811751,0.04065563157200813,0.2529999911785126,0.597000002861023
YOR036W,YLR190W,0,-3.7811966,0.04064910113811493,0.2529999911785126,0.597100019454956
YBL031W,YLL022C,0,-3.7812016,0.040642570704221725,0.2529999911785126,0.5971999764442444
YGR193C,YBR005W,0,-3.7815616,0.04063604399561882,0.2529999911785126,0.5972999930381775
YGL098W,YPL127C,0,-3.781644,0.040629517287015915,0.2529999911785126,0.5974000096321106
YOR311C,YDR217C,0,-3.7816458,0.04062299430370331,0.2529999911785126,0.5975000262260437
YOR157C,YNL221C,0,-3.7817202,0.0406164713203907,0.2529999911785126,0.597599983215332
YDR368W,YFL045C,0,-3.7818184,0.04060995206236839,0.2529999911785126,0.5976999998092651
YDR320C-A,YGL107C,0,-3.7818942,0.040603432804346085,0.2529999911785126,0.5978000164031982
YAL022C,YLL033W,0,-3.7819269,0.040596917271614075,0.2529999911785126,0.5978999733924866
YOR241W,YKR034W,0,-3.7819338,0.04059040546417236,0.2529999911785126,0.5979999899864197
YLR165C,YKL061W,0,-3.7819607,0.04058389365673065,0.2529999911785126,0.5981000065803528
YLR080W,YJL112W,0,-3.781983,0.04057738557457924,0.2529999911785126,0.5982000231742859
YGR222W,YDR159W,0,-3.7820292,0.040570877492427826,0.2529999911785126,0.5982999801635742
YBL106C,YDR067C,0,-3.782316,0.04056437313556671,0.2529999911785126,0.5983999967575073
YML028W,YGR086C,0,-3.7824051,0.040557872503995895,0.2529999911785126,0.5985000133514404
YPL027W,YNL032W,0,-3.7826147,0.04055137187242508,0.2529999911785126,0.5985999703407288
YKL042W,YGL084C,0,-3.7826982,0.04054487124085426,0.2529999911785126,0.5986999869346619
YGL256W,YMR070W,0,-3.7827284,0.040538374334573746,0.2529999911785126,0.598800003528595
YOR026W,YKL217W,0,-3.782874,0.04053188115358353,0.2529999911785126,0.5989000201225281
YDR052C,YKL108W,1,-3.782897,0.04068556800484657,0.2540000081062317,0.5989000201225281
YOL055C,YKR085C,0,-3.7832599,0.04067905247211456,0.2540000081062317,0.5989999771118164
YOR306C,YIL138C,0,-3.7833343,0.04067253693938255,0.2540000081062317,0.5990999937057495
YNL271C,YGL137W,0,-3.7833405,0.04066602513194084,0.2540000081062317,0.5992000102996826
YPR128C,YGL009C,0,-3.7834463,0.04065951704978943,0.2540000081062317,0.5993000268936157
YER095W,YBR237W,0,-3.7835166,0.040653008967638016,0.2540000081062317,0.599399983882904
YNR043W,YNL062C,0,-3.783594,0.0406465046107769,0.2540000081062317,0.5995000004768372
YBR195C,YJR083C,0,-3.783758,0.04064000025391579,0.2540000081062317,0.5996000170707703
YJL212C,YHR077C,0,-3.7838984,0.04063349962234497,0.2540000081062317,0.5996999740600586
YOR346W,YBR202W,1,-3.7839575,0.040786948055028915,0.2549999952316284,0.5996999740600586
YJL183W,YOL136C,0,-3.783986,0.04078042507171631,0.2549999952316284,0.5997999906539917
YCR036W,YPL151C,0,-3.7840896,0.040773905813694,0.2549999952316284,0.5999000072479248
YMR304W,YPL028W,0,-3.7841783,0.04076738655567169,0.2549999952316284,0.6000000238418579
YIL046W,YEL044W,0,-3.7842515,0.04076087102293968,0.2549999952316284,0.6000999808311462
YKL189W,YER147C,0,-3.7844453,0.04075435549020767,0.2549999952316284,0.6001999974250793
YLR438C-A,YHR207C,0,-3.7845426,0.04074784368276596,0.2549999952316284,0.6003000140190125
YBL007C,YLL009C,0,-3.784616,0.04074133187532425,0.2549999952316284,0.6003999710083008
YBL005W,YMR241W,0,-3.784637,0.040734823793172836,0.2549999952316284,0.6004999876022339
YOR074C,YJL072C,1,-3.7848547,0.04088803753256798,0.25600001215934753,0.6004999876022339
YJR107W,YBR268W,0,-3.7848685,0.040881507098674774,0.25600001215934753,0.600600004196167
YOR177C,YBR261C,0,-3.784897,0.04087498039007187,0.25600001215934753,0.6007000207901001
YLR382C,YDR469W,0,-3.7849731,0.040868453681468964,0.25600001215934753,0.6007999777793884
YOR359W,YJL196C,0,-3.7851582,0.04086193069815636,0.25600001215934753,0.6008999943733215
YLL041C,YHL027W,0,-3.785582,0.04085541144013405,0.25600001215934753,0.6010000109672546
YHR103W,YER081W,0,-3.7855864,0.04084889218211174,0.25600001215934753,0.6011000275611877
YKL060C,YNL007C,0,-3.785903,0.04084237292408943,0.25600001215934753,0.6011999845504761
YOR074C,YDR121W,1,-3.7859545,0.04099537432193756,0.25699999928474426,0.6011999845504761
YGL219C,YPR161C,0,-3.785999,0.04098883643746376,0.25699999928474426,0.6013000011444092
YDR387C,YOR113W,0,-3.7861476,0.04098229855298996,0.25699999928474426,0.6014000177383423
YHL047C,YDL097C,0,-3.786209,0.04097576439380646,0.25699999928474426,0.6014999747276306
YMR097C,YMR220W,0,-3.7862687,0.040969233959913254,0.25699999928474426,0.6015999913215637
YDR120C,YER123W,0,-3.7865045,0.04096270352602005,0.25699999928474426,0.6017000079154968
YJR078W,YJL192C,0,-3.7865129,0.040956176817417145,0.25699999928474426,0.6018000245094299
YGR211W,YNL291C,0,-3.7865882,0.04094965010881424,0.25699999928474426,0.6018999814987183
YNL304W,YHL025W,0,-3.7867994,0.04094312712550163,0.25699999928474426,0.6019999980926514
YHR001W-A,YKL114C,0,-3.7868085,0.040936604142189026,0.25699999928474426,0.6021000146865845
YBR248C,YMR237W,0,-3.7870176,0.04093008488416672,0.25699999928474426,0.6021999716758728
YOR346W,YDR052C,1,-3.7870893,0.041082803159952164,0.257999986410141,0.6021999716758728
YOL145C,YDL024C,0,-3.7870932,0.041076261550188065,0.257999986410141,0.6022999882698059
YHR113W,YPL078C,0,-3.787115,0.041069723665714264,0.257999986410141,0.602400004863739
YIL026C,YKL175W,0,-3.7871404,0.04106318578124046,0.257999986410141,0.6025000214576721
YMR125W,YLR121C,0,-3.787367,0.04105665162205696,0.257999986410141,0.6025999784469604
YKL048C,YIR018W,0,-3.787394,0.04105012118816376,0.257999986410141,0.6026999950408936
YBR282W,YCR004C,0,-3.7874556,0.041043590754270554,0.257999986410141,0.6028000116348267
YMR261C,YDR448W,0,-3.7875,0.04103706032037735,0.257999986410141,0.6029000282287598
YIR004W,YJR034W,0,-3.787631,0.041030533611774445,0.257999986410141,0.6029999852180481
YKR052C,YDR377W,0,-3.7876592,0.04102401062846184,0.257999986410141,0.6031000018119812
YCR057C,YKL155C,0,-3.7876592,0.04101748764514923,0.257999986410141,0.6032000184059143
YIL171W,YIR025W,0,-3.7876964,0.04101096838712692,0.257999986410141,0.6032999753952026
YKL040C,YBL063W,0,-3.7877426,0.041004449129104614,0.257999986410141,0.6033999919891357
YMR043W,YJL173C,1,-3.7877455,0.041156839579343796,0.2590000033378601,0.6033999919891357
YDL166C,YCL054W,0,-3.7877474,0.041150301694869995,0.2590000033378601,0.6035000085830688
YPR175W,YPL153C,1,-3.7880151,0.041302621364593506,0.25999999046325684,0.6035000085830688
YGL076C,YDR128W,0,-3.7880244,0.041296061128377914,0.25999999046325684,0.603600025177002
YKL067W,YGR047C,0,-3.7881172,0.04128950461745262,0.25999999046325684,0.6036999821662903
YOR383C,YHR067W,0,-3.7881708,0.04128294810652733,0.25999999046325684,0.6037999987602234
YJL153C,YEL069C,0,-3.7882402,0.041276391595602036,0.25999999046325684,0.6039000153541565
YLR440C,YER030W,0,-3.7882674,0.04126984253525734,0.25999999046325684,0.6039999723434448
YDR139C,YGR191W,0,-3.7883382,0.041263289749622345,0.25999999046325684,0.6040999889373779
YJL125C,YDR379W,0,-3.7883682,0.04125674441456795,0.25999999046325684,0.604200005531311
YOR034C,YPL172C,0,-3.7883844,0.04125019907951355,0.25999999046325684,0.6043000221252441
YOL132W,YNL280C,0,-3.7884429,0.04124365374445915,0.25999999046325684,0.6043999791145325
YKR077W,YLR004C,0,-3.7885704,0.04123711213469505,0.25999999046325684,0.6044999957084656
YBR276C,YOL101C,0,-3.7886724,0.04123057425022125,0.25999999046325684,0.6046000123023987
YLR223C,YOR226C,0,-3.7886777,0.04122403636574745,0.25999999046325684,0.6047000288963318
YNL318C,YBR082C,0,-3.788682,0.04121750220656395,0.25999999046325684,0.6047999858856201
YPL202C,YJL081C,0,-3.788713,0.04121096804738045,0.25999999046325684,0.6049000024795532
YGL144C,YOR132W,0,-3.788743,0.041204437613487244,0.25999999046325684,0.6050000190734863
YAL019W,YBR196C,0,-3.7888007,0.04119790717959404,0.25999999046325684,0.6050999760627747
YLR266C,YLR060W,0,-3.788822,0.041191380470991135,0.25999999046325684,0.6051999926567078
YOR138C,YHR025W,0,-3.7889583,0.04118485748767853,0.25999999046325684,0.6053000092506409
YLR394W,YML027W,0,-3.7891264,0.04117833450436592,0.25999999046325684,0.605400025844574
YOR254C,YML041C,0,-3.7892294,0.041171811521053314,0.25999999046325684,0.6054999828338623
YHR184W,YKL007W,0,-3.7892563,0.041165295988321304,0.25999999046325684,0.6055999994277954
YLR182W,YNL065W,0,-3.7893865,0.041158776730298996,0.25999999046325684,0.6057000160217285
YCR094W,YDL138W,0,-3.789474,0.041152264922857285,0.25999999046325684,0.6057999730110168
YDL051W,YJR004C,0,-3.7894807,0.041145749390125275,0.25999999046325684,0.60589998960495
YOR181W,YJL079C,0,-3.789507,0.04113924130797386,0.25999999046325684,0.6060000061988831
YLR023C,YER112W,0,-3.7895267,0.04113273322582245,0.25999999046325684,0.6061000227928162
YML087C,YMR256C,0,-3.7895584,0.041126225143671036,0.25999999046325684,0.6061999797821045
YMR098C,YLR212C,0,-3.7897615,0.04111972078680992,0.25999999046325684,0.6062999963760376
YEL032W,YHR031C,1,-3.7898073,0.04127134755253792,0.26100000739097595,0.6062999963760376
YMR290C,YLR265C,0,-3.7900348,0.04126482084393501,0.26100000739097595,0.6064000129699707
YKR095W,YLR451W,0,-3.7900405,0.041258297860622406,0.26100000739097595,0.6065000295639038
YLR299W,YDR320C,0,-3.7900789,0.0412517786026001,0.26100000739097595,0.6065999865531921
YGL191W,YBL068W,0,-3.7900925,0.04124525934457779,0.26100000739097595,0.6067000031471252
YNL084C,YDL202W,0,-3.7901325,0.04123874381184578,0.26100000739097595,0.6068000197410583
YML028W,YMR184W,0,-3.790276,0.04123222827911377,0.26100000739097595,0.6068999767303467
YMR171C,YHR119W,0,-3.7903466,0.04122571647167206,0.26100000739097595,0.6069999933242798
YMR200W,YER033C,0,-3.7905664,0.04121920466423035,0.26100000739097595,0.6071000099182129
YJL024C,YDL175C,0,-3.7905977,0.041212696582078934,0.26100000739097595,0.607200026512146
YBR169C,YMR070W,0,-3.7906475,0.04120618849992752,0.26100000739097595,0.6072999835014343
YMR043W,YJL194W,1,-3.7906635,0.04135753586888313,0.2619999945163727,0.6072999835014343
YGL051W,YOR264W,0,-3.7907429,0.04135100916028023,0.2619999945163727,0.6074000000953674
YDL003W,YOR110W,0,-3.7907872,0.04134448617696762,0.2619999945163727,0.6075000166893005
YNL248C,YDR086C,0,-3.7908425,0.041337963193655014,0.2619999945163727,0.6075999736785889
YNL202W,YNL287W,0,-3.790874,0.04133144021034241,0.2619999945163727,0.607699990272522
YOR249C,YJL066C,0,-3.7908978,0.0413249209523201,0.2619999945163727,0.6078000068664551
YNL068C,YMR142C,0,-3.790986,0.04131840541958809,0.2619999945163727,0.6079000234603882
YDL109C,YER184C,0,-3.791098,0.04131188988685608,0.2619999945163727,0.6079999804496765
YNL102W,YBR202W,1,-3.791129,0.04146302863955498,0.2630000114440918,0.6079999804496765
YLR026C,YER045C,0,-3.7914002,0.041456494480371475,0.2630000114440918,0.6080999970436096
YDR195W,YPL273W,0,-3.791637,0.04144996032118797,0.2630000114440918,0.6082000136375427
YBL106C,YMR228W,0,-3.791644,0.04144342988729477,0.2630000114440918,0.608299970626831
YBR170C,YDR469W,0,-3.7916646,0.041436899453401566,0.2630000114440918,0.6083999872207642
YPR113W,YAL019W,0,-3.7916956,0.04143037274479866,0.2630000114440918,0.6085000038146973
YCR010C,YLR190W,0,-3.79173,0.041423846036195755,0.2630000114440918,0.6086000204086304
YER088C,YOL086C,0,-3.791758,0.04141732305288315,0.2630000114440918,0.6086999773979187
YDR270W,YDR405W,0,-3.7917619,0.04141080006957054,0.2630000114440918,0.6087999939918518
YPR010C,YNL287W,0,-3.7919555,0.04140428081154823,0.2630000114440918,0.6089000105857849
YLR381W,YLR016C,0,-3.7920208,0.04139776527881622,0.2630000114440918,0.609000027179718
YHR047C,YDR497C,0,-3.7920299,0.04139124974608421,0.2630000114440918,0.6090999841690063
YDR052C,YDR069C,1,-3.7922192,0.04154209420084953,0.2639999985694885,0.6090999841690063
YPL104W,YKL054C,0,-3.792231,0.04153555631637573,0.2639999985694885,0.6092000007629395
YNL066W,YIL134W,0,-3.7923386,0.04152902215719223,0.2639999985694885,0.6093000173568726
YER007C-A,YJL071W,0,-3.7924228,0.041522491723299026,0.2639999985694885,0.6093999743461609
YER096W,YGR058W,0,-3.7927551,0.04151596128940582,0.2639999985694885,0.609499990940094
YDL164C,YDR013W,1,-3.792794,0.0416666679084301,0.26499998569488525,0.609499990940094
YDR397C,YHL016C,0,-3.7928395,0.041660115122795105,0.26499998569488525,0.6096000075340271
YLR039C,YOR384W,0,-3.7928715,0.04165356978774071,0.26499998569488525,0.6097000241279602
YLR153C,YLR442C,0,-3.7929997,0.04164702072739601,0.26499998569488525,0.6097999811172485
YMR186W,YNL293W,0,-3.793033,0.04164047911763191,0.26499998569488525,0.6098999977111816
YGR101W,YOR054C,0,-3.793179,0.041633933782577515,0.26499998569488525,0.6100000143051147
YIL026C,YOR098C,0,-3.7934215,0.041627395898103714,0.26499998569488525,0.6100999712944031
YER070W,YDR279W,1,-3.7934442,0.04177791625261307,0.26600000262260437,0.6100999712944031
YJL008C,YAR031W,0,-3.7935905,0.041771356016397476,0.26600000262260437,0.6101999878883362
YOR217W,YJL026W,1,-3.793692,0.04192180931568146,0.2669999897480011,0.6101999878883362
YOR180C,YGR155W,0,-3.7937858,0.041915226727724075,0.2669999897480011,0.6103000044822693
YER032W,YMR009W,0,-3.7938182,0.04190864786505699,0.2669999897480011,0.6104000210762024
YDL170W,YER106W,0,-3.7938378,0.041902072727680206,0.2669999897480011,0.6104999780654907
YCR086W,YBR278W,1,-3.794053,0.04205240681767464,0.2680000066757202,0.6104999780654907
YLR109W,YGR276C,0,-3.7941272,0.04204580932855606,0.2680000066757202,0.6105999946594238
YDR158W,YNL068C,0,-3.7941804,0.04203921556472778,0.2680000066757202,0.6107000112533569
YDL084W,YDL003W,0,-3.7941847,0.042032621800899506,0.2680000066757202,0.61080002784729
YDR110W,YDR013W,1,-3.794242,0.04218284413218498,0.26899999380111694,0.61080002784729
YDR512C,YDR465C,0,-3.7943027,0.04217623174190521,0.26899999380111694,0.6108999848365784
YJL066C,YEL044W,0,-3.7943354,0.04216961935162544,0.26899999380111694,0.6110000014305115
YNL290W,YGR180C,1,-3.7943466,0.04231974855065346,0.27000001072883606,0.6110000014305115
YER088C,YIR018W,0,-3.7944145,0.042313117533922195,0.27000001072883606,0.6111000180244446
YDR372C,YPL221W,0,-3.7944565,0.04230648651719093,0.27000001072883606,0.6111999750137329
YBL103C,YKL032C,0,-3.7944677,0.04229985922574997,0.27000001072883606,0.611299991607666
YPL097W,YLR172C,0,-3.7944837,0.042293231934309006,0.27000001072883606,0.6114000082015991
YDR257C,YDR032C,0,-3.7946,0.04228660836815834,0.27000001072883606,0.6115000247955322
YIL078W,YHR059W,0,-3.7946038,0.042279988527297974,0.27000001072883606,0.6115999817848206
YOR066W,YLR344W,0,-3.794655,0.04227336868643761,0.27000001072883606,0.6116999983787537
YLR010C,YPL159C,0,-3.7946882,0.04226674884557724,0.27000001072883606,0.6118000149726868
YPL006W,YOR257W,0,-3.7947514,0.04226013645529747,0.27000001072883606,0.6118999719619751
YJL149W,YDR425W,0,-3.7947564,0.0422535203397274,0.27000001072883606,0.6119999885559082
YER104W,YJL098W,0,-3.7948167,0.04224690794944763,0.27000001072883606,0.6121000051498413
YPR135W,YJL026W,1,-3.7949939,0.04239674657583237,0.2709999978542328,0.6121000051498413
YLR023C,YMR035W,0,-3.7950063,0.042390115559101105,0.2709999978542328,0.6122000217437744
YER126C,YBR095C,0,-3.7950912,0.04238348454236984,0.2709999978542328,0.6122999787330627
YML049C,YPL183W-A,0,-3.795298,0.04237685725092888,0.2709999978542328,0.6123999953269958
YAL016W,YLL040C,0,-3.7953365,0.042370229959487915,0.2709999978542328,0.612500011920929
YER052C,YDR334W,0,-3.7954576,0.04236360639333725,0.2709999978542328,0.6126000285148621
YJL083W,YNL001W,0,-3.795517,0.04235698655247688,0.2709999978542328,0.6126999855041504
YKR027W,YLR321C,0,-3.7956238,0.042350366711616516,0.2709999978542328,0.6128000020980835
YFL039C,YDR087C,0,-3.7956343,0.04234375059604645,0.2709999978542328,0.6129000186920166
YMR001C,YPR120C,1,-3.7956495,0.04249336197972298,0.2720000147819519,0.6129000186920166
YPL133C,YOR175C,0,-3.7957315,0.04248672351241112,0.2720000147819519,0.6129999756813049
YNL311C,YJL065C,0,-3.7957835,0.04248008877038956,0.2720000147819519,0.613099992275238
YJR032W,YOL101C,0,-3.7958734,0.042473454028367996,0.2720000147819519,0.6132000088691711
YER041W,YDL085W,0,-3.7959085,0.042466823011636734,0.2720000147819519,0.6133000254631042
YHR197W,YPL001W,0,-3.7959433,0.04246019199490547,0.2720000147819519,0.6133999824523926
YJR034W,YDL130W,0,-3.7963696,0.04245356470346451,0.2720000147819519,0.6134999990463257
YJL090C,YDR069C,1,-3.796393,0.04260299727320671,0.27300000190734863,0.6134999990463257
YLR154C,YOR217W,1,-3.7965608,0.042752377688884735,0.27399998903274536,0.6134999990463257
YER049W,YOL123W,0,-3.7965913,0.04274570941925049,0.27399998903274536,0.6136000156402588
YCR098C,YDR039C,0,-3.7968183,0.04273904114961624,0.27399998903274536,0.6136999726295471
YJL096W,YKL051W,0,-3.7971733,0.04273237660527229,0.27399998903274536,0.6137999892234802
YOR224C,YOL005C,0,-3.797174,0.042725712060928345,0.27399998903274536,0.6139000058174133
YDR516C,YIL070C,0,-3.7972994,0.042719051241874695,0.27399998903274536,0.6140000224113464
YDR423C,YGL119W,0,-3.79735,0.04271239414811134,0.27399998903274536,0.6140999794006348
YJL221C,YPL027W,0,-3.7974935,0.04270573705434799,0.27399998903274536,0.6141999959945679
YOR226C,YKL114C,0,-3.7975135,0.04269907996058464,0.27399998903274536,0.614300012588501
YDR436W,YIL013C,0,-3.7975466,0.04269242659211159,0.27399998903274536,0.6144000291824341
YHR164C,YBR202W,1,-3.7976346,0.04284156486392021,0.2750000059604645,0.6144000291824341
YBL031W,YPL011C,0,-3.7976706,0.04283488914370537,0.2750000059604645,0.6144999861717224
YMR176W,YPL258C,0,-3.7976708,0.04282822087407112,0.2750000059604645,0.6146000027656555
YDR397C,YML124C,0,-3.7977014,0.042821552604436874,0.2750000059604645,0.6147000193595886
YFR047C,YNL160W,0,-3.797853,0.04281488433480263,0.2750000059604645,0.614799976348877
YLR043C,YOR330C,1,-3.7978742,0.04296388477087021,0.2759999930858612,0.614799976348877
YOR019W,YLR011W,0,-3.7978873,0.04295719787478447,0.2759999930858612,0.6148999929428101
YPL059W,YOR194C,0,-3.798019,0.04295051470398903,0.2759999930858612,0.6150000095367432
YDR172W,YGL147C,0,-3.7980266,0.04294383153319359,0.2759999930858612,0.6151000261306763
YDL105W,YDL231C,0,-3.7980833,0.04293714836239815,0.2759999930858612,0.6151999831199646
YOR346W,YLR043C,1,-3.7981,0.043086014688014984,0.2770000100135803,0.6151999831199646
YDR098C,YKL212W,0,-3.798202,0.04307931661605835,0.2770000100135803,0.6152999997138977
YDL056W,YPR162C,1,-3.7983456,0.043228112161159515,0.27799999713897705,0.6152999997138977
YLR305C,YNL210W,0,-3.7983904,0.04322139173746109,0.27799999713897705,0.6154000163078308
YFL041W,YBR119W,0,-3.7985697,0.04321467503905296,0.27799999713897705,0.6154999732971191
YLR141W,YLR192C,0,-3.7985954,0.043207958340644836,0.27799999713897705,0.6155999898910522
YFL045C,YER159C,0,-3.7986112,0.04320124164223671,0.27799999713897705,0.6157000064849854
YOR180C,YGL073W,0,-3.798639,0.04319453239440918,0.27799999713897705,0.6158000230789185
YDL231C,YKR053C,0,-3.798726,0.04318781942129135,0.27799999713897705,0.6158999800682068
YLR357W,YGL031C,0,-3.7988808,0.04318111389875412,0.27799999713897705,0.6159999966621399
YDR176W,YER056C,0,-3.7989206,0.04317440465092659,0.27799999713897705,0.616100013256073
YPL148C,YIL160C,0,-3.798922,0.04316770285367966,0.27799999713897705,0.6161999702453613
YEL019C,YOR194C,0,-3.7989664,0.043161001056432724,0.27799999713897705,0.6162999868392944
YGL210W,YGR188C,0,-3.7990546,0.04315429925918579,0.27799999713897705,0.6164000034332275
YBR142W,YER007C-A,0,-3.799127,0.043147601187229156,0.27799999713897705,0.6165000200271606
YIL002C,YKL054C,0,-3.79914,0.04314090684056282,0.27799999713897705,0.616599977016449
YPL183C,YKL195W,0,-3.7993526,0.043134212493896484,0.27799999713897705,0.6166999936103821
YDL040C,YMR152W,0,-3.7995517,0.04312752187252045,0.27799999713897705,0.6168000102043152
YPR168W,YDL217C,0,-3.7996082,0.04312083125114441,0.27799999713897705,0.6169000267982483
YMR017W,YGL071W,0,-3.7996101,0.04311414435505867,0.27799999713897705,0.6169999837875366
YOL165C,YKR037C,0,-3.7996438,0.04310745745897293,0.27799999713897705,0.6171000003814697
YJL221C,YMR036C,0,-3.7996662,0.04310077428817749,0.27799999713897705,0.6172000169754028
YOL002C,YHR057C,0,-3.7996845,0.04309409484267235,0.27799999713897705,0.6172999739646912
YDL105W,YPL075W,0,-3.7999988,0.043087415397167206,0.27799999713897705,0.6173999905586243
YOR074C,YPR019W,1,-3.800015,0.04323570430278778,0.27900001406669617,0.6173999905586243
YOR059C,YGL090W,0,-3.800095,0.043229006230831146,0.27900001406669617,0.6175000071525574
YDR140W,YJL102W,0,-3.8002045,0.04322230815887451,0.27900001406669617,0.6176000237464905
YDL059C,YEL038W,0,-3.8003008,0.043215613812208176,0.27900001406669617,0.6176999807357788
YNL180C,YER082C,0,-3.8003082,0.04320891946554184,0.27900001406669617,0.6177999973297119
YKL149C,YCL035C,0,-3.800425,0.0432022288441658,0.27900001406669617,0.617900013923645
YGL092W,YNL026W,0,-3.8004692,0.04319554194808006,0.27900001406669617,0.6179999709129333
YGR181W,YMR180C,0,-3.8005195,0.043188855051994324,0.27900001406669617,0.6180999875068665
YJL094C,YDL227C,0,-3.8006854,0.043182168155908585,0.27900001406669617,0.6182000041007996
YIL170W,YER007W,0,-3.8007164,0.04317548871040344,0.27900001406669617,0.6183000206947327
YPL021W,YDR440W,0,-3.8008451,0.043168805539608,0.27900001406669617,0.618399977684021
YOL070C,YPL106C,0,-3.8008928,0.04316212981939316,0.27900001406669617,0.6184999942779541
YNL304W,YOR269W,0,-3.8008938,0.043155454099178314,0.27900001406669617,0.6186000108718872
YDL190C,YML073C,0,-3.8009837,0.04314877837896347,0.27900001406669617,0.6187000274658203
YOR346W,YPR019W,1,-3.800994,0.04329673573374748,0.2800000011920929,0.6187000274658203
YOR207C,YJL098W,0,-3.8010876,0.043290045112371445,0.2800000011920929,0.6187999844551086
YCL034W,YFL021W,0,-3.8010998,0.04328335076570511,0.2800000011920929,0.6189000010490417
YER020W,YCR037C,0,-3.801106,0.04327666014432907,0.2800000011920929,0.6190000176429749
YOR346W,YDR121W,1,-3.8013492,0.04342450946569443,0.2809999883174896,0.6190000176429749
YKL161C,YGL183C,0,-3.801552,0.0434178002178669,0.2809999883174896,0.6190999746322632
YDR387C,YHR209W,0,-3.8018115,0.04341109097003937,0.2809999883174896,0.6191999912261963
YCL067C,YGL259W,0,-3.8019342,0.043404385447502136,0.2809999883174896,0.6193000078201294
YJL025W,YOR143C,0,-3.8020072,0.0433976836502552,0.2809999883174896,0.6194000244140625
YKL186C,YPL157W,0,-3.8020077,0.04339098185300827,0.2809999883174896,0.6194999814033508
YDR110W,YPR162C,1,-3.80215,0.04353867471218109,0.28200000524520874,0.6194999814033508
YMR112C,YHR092C,0,-3.802328,0.043531954288482666,0.28200000524520874,0.6195999979972839
YMR229C,YPR144C,0,-3.8025181,0.04352523386478424,0.28200000524520874,0.619700014591217
YPL063W,YNL283C,0,-3.8026197,0.043518517166376114,0.28200000524520874,0.6197999715805054
YJL219W,YDR021W,0,-3.8026366,0.043511804193258286,0.28200000524520874,0.6198999881744385
YDR103W,YNL243W,0,-3.8027403,0.04350509122014046,0.28200000524520874,0.6200000047683716
YML016C,YLR265C,0,-3.8029466,0.04349838197231293,0.28200000524520874,0.6201000213623047
YDL082W,YJL140W,0,-3.8030806,0.0434916727244854,0.28200000524520874,0.620199978351593
YGL096W,YGL144C,0,-3.8033292,0.04348496347665787,0.28200000524520874,0.6202999949455261
YNR067C,YNL081C,0,-3.8033957,0.043478261679410934,0.28200000524520874,0.6204000115394592
YLR026C,YDR281C,0,-3.8034186,0.043471559882164,0.28200000524520874,0.6205000281333923
YDR110W,YHR164C,1,-3.8035545,0.04361898824572563,0.28299999237060547,0.6205000281333923
YNR074C,YLL018C,0,-3.8035944,0.043612267822027206,0.28299999237060547,0.6205999851226807
YDR439W,YOR252W,0,-3.803628,0.04360554739832878,0.28299999237060547,0.6207000017166138
YIL107C,YOR106W,0,-3.8039062,0.043598830699920654,0.28299999237060547,0.6208000183105469
YIL132C,YOL076W,0,-3.8040147,0.04359211400151253,0.28299999237060547,0.6208999752998352
YCR012W,YOR027W,0,-3.80412,0.0435854010283947,0.28299999237060547,0.6209999918937683
YBR049C,YGL135W,0,-3.8041487,0.04357868805527687,0.28299999237060547,0.6211000084877014
YGL226W,YKR048C,0,-3.8042073,0.04357197880744934,0.28299999237060547,0.6212000250816345
YLR439W,YHR110W,0,-3.8042183,0.04356526955962181,0.28299999237060547,0.6212999820709229
YGR061C,YPL040C,0,-3.8043666,0.04355856403708458,0.28299999237060547,0.621399998664856
YIL144W,YMR054W,0,-3.8044534,0.043551862239837646,0.28299999237060547,0.6215000152587891
YDR451C,YGL190C,0,-3.804475,0.043545160442590714,0.28299999237060547,0.6215999722480774
YBR015C,YLR185W,0,-3.8045926,0.04353846237063408,0.28299999237060547,0.6216999888420105
YHR070W,YNL112W,0,-3.8046458,0.043531764298677444,0.28299999237060547,0.6218000054359436
YJL090C,YDR419W,1,-3.804676,0.04367886856198311,0.2840000092983246,0.6218000054359436
YKR105C,YBL056W,0,-3.8047419,0.04367215186357498,0.2840000092983246,0.6219000220298767
YCR086W,YPR120C,1,-3.8048165,0.04381918907165527,0.2849999964237213,0.6219000220298767
YPL137C,YNL283C,0,-3.8049755,0.043812453746795654,0.2849999964237213,0.621999979019165
YOR217W,YPL153C,1,-3.8052156,0.043959423899650574,0.28600001335144043,0.621999979019165
YGL122C,YMR008C,0,-3.8052428,0.043952666223049164,0.28600001335144043,0.6220999956130981
YDR146C,YER123W,0,-3.8052545,0.04394591227173805,0.28600001335144043,0.6222000122070312
YNR032C-A,YDR497C,0,-3.8054497,0.04393916204571724,0.28600001335144043,0.6223000288009644
YLL013C,YHR008C,0,-3.805481,0.043932411819696426,0.28600001335144043,0.6223999857902527
YCL054W,YPL174C,0,-3.8056264,0.04392566531896591,0.28600001335144043,0.6225000023841858
YHR170W,YLR115W,0,-3.8058033,0.0439189188182354,0.28600001335144043,0.6226000189781189
YKR079C,YLR127C,0,-3.8058162,0.04391217604279518,0.28600001335144043,0.6226999759674072
YDL164C,YDR121W,1,-3.8058891,0.04405894875526428,0.28700000047683716,0.6226999759674072
YML092C,YBL079W,0,-3.806034,0.044052187353372574,0.28700000047683716,0.6227999925613403
YDR323C,YBL074C,0,-3.8060713,0.044045425951480865,0.28700000047683716,0.6229000091552734
YCL016C,YGR158C,0,-3.8061097,0.044038668274879456,0.28700000047683716,0.6230000257492065
YMR042W,YJL106W,0,-3.8062348,0.044031910598278046,0.28700000047683716,0.6230999827384949
YDR242W,YBR045C,0,-3.8062816,0.044025156646966934,0.28700000047683716,0.623199999332428
YOR290C,YGL226C-A,0,-3.8063238,0.04401840642094612,0.28700000047683716,0.6233000159263611
YLL003W,YML127W,0,-3.806457,0.04401165619492531,0.28700000047683716,0.6233999729156494
YNL091W,YDR076W,0,-3.8067322,0.044004905968904495,0.28700000047683716,0.6234999895095825
YGR014W,YBR254C,0,-3.8068593,0.04399815946817398,0.28700000047683716,0.6236000061035156
YPR125W,YOR266W,0,-3.8069892,0.043991416692733765,0.28700000047683716,0.6237000226974487
YDL195W,YHR004C,0,-3.8070636,0.04398467391729355,0.28700000047683716,0.6237999796867371
YHL038C,YNL163C,0,-3.8070765,0.04397793486714363,0.28700000047683716,0.6238999962806702
YLR103C,YGL251C,1,-3.807198,0.044124405831098557,0.2879999876022339,0.6238999962806702
YFL023W,YDR071C,0,-3.8074365,0.04411764815449715,0.2879999876022339,0.6240000128746033
YDR447C,YEL056W,0,-3.8074608,0.04411089047789574,0.2879999876022339,0.6241000294685364
YDL190C,YJL212C,0,-3.8074732,0.044104136526584625,0.2879999876022339,0.6241999864578247
YNL202W,YPL061W,0,-3.8075273,0.044097382575273514,0.2879999876022339,0.6243000030517578
YBL026W,YJR035W,0,-3.8076444,0.0440906323492527,0.2879999876022339,0.6244000196456909
YGR138C,YAL030W,0,-3.8076594,0.04408388212323189,0.2879999876022339,0.6244999766349792
YLR043C,YDR121W,1,-3.8077898,0.044230181723833084,0.289000004529953,0.6244999766349792
YDL123W,YGL223C,0,-3.8078475,0.04422341287136078,0.289000004529953,0.6245999932289124
YLR039C,YIL039W,0,-3.8080096,0.04421664774417877,0.289000004529953,0.6247000098228455
YMR153W,YBR115C,0,-3.808279,0.044209882616996765,0.289000004529953,0.6248000264167786
YKL024C,YPL042C,0,-3.8083248,0.04420312121510506,0.289000004529953,0.6248999834060669
YKL041W,YKL053C-A,0,-3.8084178,0.04419635981321335,0.289000004529953,0.625
YKR071C,YMR053C,0,-3.8084283,0.04418960213661194,0.289000004529953,0.6251000165939331
YJL153C,YPL248C,0,-3.8085082,0.04418284818530083,0.289000004529953,0.6251999735832214
YDR453C,YER040W,0,-3.8086615,0.044176094233989716,0.289000004529953,0.6252999901771545
YIL112W,YMR229C,0,-3.8088195,0.044169340282678604,0.289000004529953,0.6254000067710876
YGL155W,YDR107C,0,-3.8089743,0.04416259005665779,0.289000004529953,0.6255000233650208
YOR049C,YKR102W,0,-3.8091352,0.04415584355592728,0.289000004529953,0.6255999803543091
YCR035C,YDL033C,0,-3.8092678,0.04414909705519676,0.289000004529953,0.6256999969482422
YGL006W,YDR050C,0,-3.8093135,0.044142354279756546,0.289000004529953,0.6258000135421753
YEL020W-A,YGL241W,0,-3.8093665,0.04413561522960663,0.289000004529953,0.6258999705314636
YBR020W,YGL226C-A,0,-3.8094387,0.04412887617945671,0.289000004529953,0.6259999871253967
YDR532C,YGL191W,0,-3.8095143,0.04412213712930679,0.289000004529953,0.6261000037193298
YHR164C,YPL153C,1,-3.8095238,0.04426804929971695,0.28999999165534973,0.6261000037193298
YDR169C,YDR496C,0,-3.8099189,0.04426129534840584,0.28999999165534973,0.6262000203132629
YKL045W,YGR180C,1,-3.8099418,0.04440714046359062,0.29100000858306885,0.6262000203132629
YGL251C,YHL024W,1,-3.8099809,0.04455294460058212,0.2919999957084656,0.6262000203132629
YML013W,YOL009C,0,-3.8101087,0.04454614967107773,0.2919999957084656,0.6262999773025513
YHR184W,YPL135W,0,-3.8101673,0.044539354741573334,0.2919999957084656,0.6263999938964844
YPR021C,YOR227W,0,-3.8101802,0.04453255981206894,0.2919999957084656,0.6265000104904175
YNL284C,YHR146W,0,-3.8103437,0.04452576860785484,0.2919999957084656,0.6266000270843506
YGR185C,YDR129C,0,-3.8103528,0.044518981128931046,0.2919999957084656,0.6266999840736389
YPL104W,YAR035W,0,-3.810495,0.04451219365000725,0.2919999957084656,0.626800000667572
YGL240W,YGL246C,0,-3.8106613,0.04450540989637375,0.2919999957084656,0.6269000172615051
YFL011W,YPL207W,0,-3.8107789,0.04449862986803055,0.2919999957084656,0.6269999742507935
YMR188C,YER162C,0,-3.810822,0.04449184983968735,0.2919999957084656,0.6270999908447266
YNL261W,YER070W,1,-3.8108544,0.04463741555809975,0.2930000126361847,0.6270999908447266
YLR039C,YFL017W-A,0,-3.8108761,0.044630616903305054,0.2930000126361847,0.6272000074386597
YIR032C,YDR131C,0,-3.8108912,0.04462381824851036,0.2930000126361847,0.6273000240325928
YJL087C,YKL161C,0,-3.8110807,0.044617023319005966,0.2930000126361847,0.6273999810218811
YPR192W,YNL267W,0,-3.8111122,0.04461023211479187,0.2930000126361847,0.6274999976158142
YIL150C,YBL023C,1,-3.8111165,0.04475567117333412,0.2939999997615814,0.6274999976158142
YNL084C,YHR006W,0,-3.8111186,0.044748857617378235,0.2939999997615814,0.6276000142097473
YDR067C,YIL167W,0,-3.8111496,0.044742047786712646,0.2939999997615814,0.6276999711990356
YPR054W,YOL125W,0,-3.811242,0.04473524168133736,0.2939999997615814,0.6277999877929688
YEL032W,YBL035C,1,-3.8112864,0.04488057270646095,0.29499998688697815,0.6277999877929688
YDR435C,YEL036C,0,-3.8113472,0.04487374424934387,0.29499998688697815,0.6279000043869019
YLR037C,YOR187W,0,-3.8113828,0.04486691951751709,0.29499998688697815,0.628000020980835
YOR049C,YBL080C,0,-3.8114614,0.044860098510980606,0.29499998688697815,0.6280999779701233
YLR175W,YJL011C,0,-3.811522,0.04485327750444412,0.29499998688697815,0.6281999945640564
YLR268W,YGL045W,0,-3.8115482,0.04484645649790764,0.29499998688697815,0.6283000111579895
YKR027W,YOL103W,0,-3.811573,0.04483964294195175,0.29499998688697815,0.6284000277519226
YCR086W,YKL045W,1,-3.8117204,0.04498480260372162,0.29600000381469727,0.6284000277519226
YNL325C,YGL233W,0,-3.811742,0.04497796669602394,0.29600000381469727,0.6284999847412109
YDR468C,YHR157W,0,-3.8117447,0.04497113451361656,0.29600000381469727,0.628600001335144
YPL033C,YBR188C,0,-3.8117888,0.04496430233120918,0.29600000381469727,0.6287000179290771
YGR034W,YDL067C,0,-3.8119001,0.0449574738740921,0.29600000381469727,0.6287999749183655
YAL019W,YPR173C,0,-3.8120074,0.04495064541697502,0.29600000381469727,0.6288999915122986
YBR272C,YBR180W,0,-3.8121407,0.04494382068514824,0.29600000381469727,0.6290000081062317
YDR419W,YDR279W,1,-3.8122916,0.045088812708854675,0.296999990940094,0.6290000081062317
YOR016C,YDL138W,0,-3.812405,0.0450819656252861,0.296999990940094,0.6291000247001648
YIL112W,YML052W,0,-3.8126826,0.045075125992298126,0.296999990940094,0.6291999816894531
YEL030W,YKR077W,0,-3.8127496,0.04506828635931015,0.296999990940094,0.6292999982833862
YDL082W,YPL091W,0,-3.812762,0.045061446726322174,0.296999990940094,0.6294000148773193
YOR087W,YPL001W,0,-3.812811,0.045054610818624496,0.296999990940094,0.6294999718666077
YKL192C,YCR035C,0,-3.8130774,0.04504777863621712,0.296999990940094,0.6295999884605408
YMR224C,YAL026C,0,-3.8130972,0.04504094645380974,0.296999990940094,0.6297000050544739
YGR194C,YOL147C,0,-3.8133917,0.04503411799669266,0.296999990940094,0.629800021648407
YCL034W,YPL042C,0,-3.8134582,0.04502728953957558,0.296999990940094,0.6298999786376953
YLR151C,YDR117C,0,-3.8135252,0.045020464807748795,0.296999990940094,0.6299999952316284
YJL087C,YHR069C,0,-3.813603,0.04501364007592201,0.296999990940094,0.6301000118255615
YJR006W,YEL032W,1,-3.8136673,0.04515835642814636,0.2980000078678131,0.6301000118255615
YDR404C,YNL286W,0,-3.8136885,0.045151516795158386,0.2980000078678131,0.6302000284194946
YLR384C,YDR530C,0,-3.8137856,0.04514467343688011,0.2980000078678131,0.630299985408783
YOL076W,YIL002C,0,-3.8138561,0.045137837529182434,0.2980000078678131,0.6304000020027161
YKR104W,YPL135W,0,-3.8139398,0.045131001621484756,0.2980000078678131,0.6305000185966492
YHR033W,YDL022W,0,-3.8139694,0.04512416571378708,0.2980000078678131,0.6305999755859375
YNL268W,YGR135W,0,-3.8139944,0.0451173335313797,0.2980000078678131,0.6306999921798706
YNL218W,YJL026W,1,-3.8141162,0.04526188224554062,0.29899999499320984,0.6306999921798706
YOR156C,YKR071C,0,-3.8141224,0.04525503143668175,0.29899999499320984,0.6308000087738037
YOR373W,YIL070C,0,-3.8148,0.045248184353113174,0.29899999499320984,0.6309000253677368
YGL139W,YPR068C,0,-3.8148775,0.0452413372695446,0.29899999499320984,0.6309999823570251
YEL069C,YDL149W,0,-3.8151,0.04523449391126633,0.29899999499320984,0.6310999989509583
YGR170W,YIL171W,0,-3.8152795,0.04522765055298805,0.29899999499320984,0.6312000155448914
YIL038C,YMR038C,0,-3.8153648,0.045220810920000076,0.29899999499320984,0.6312999725341797
YNL062C,YKR037C,0,-3.815474,0.0452139712870121,0.29899999499320984,0.6313999891281128
YOL155C,YMR133W,0,-3.815609,0.04520713537931442,0.29899999499320984,0.6315000057220459
YMR004W,YJL143W,0,-3.8156106,0.04520030319690704,0.29899999499320984,0.631600022315979
YLR219W,YDL085W,0,-3.8156676,0.045193471014499664,0.29899999499320984,0.6316999793052673
YMR016C,YPR118W,0,-3.8157408,0.045186638832092285,0.29899999499320984,0.6317999958992004
YJR138W,YBR150C,0,-3.8157437,0.0451798141002655,0.29899999499320984,0.6319000124931335
YDR372C,YDR299W,0,-3.8160162,0.04517298564314842,0.29899999499320984,0.6320000290870667
YOL067C,YKL013C,0,-3.8162632,0.04516616463661194,0.29899999499320984,0.632099986076355
YPR175W,YDL017W,1,-3.8163362,0.0453103743493557,0.30000001192092896,0.632099986076355
YPL151C,YOR091W,0,-3.8163905,0.04530353471636772,0.30000001192092896,0.6322000026702881
YGR271W,YDR014W,0,-3.8164272,0.045296695083379745,0.30000001192092896,0.6323000192642212
YLL045C,YKR030W,0,-3.8166795,0.04528985545039177,0.30000001192092896,0.6323999762535095
YAL010C,YER093C,0,-3.816689,0.04528301954269409,0.30000001192092896,0.6324999928474426
YPL021W,YBR043C,0,-3.8167117,0.045276183634996414,0.30000001192092896,0.6326000094413757
YNL331C,YLR086W,0,-3.817021,0.045269351452589035,0.30000001192092896,0.6327000260353088
YLR014C,YCR065W,0,-3.8170786,0.045262522995471954,0.30000001192092896,0.6327999830245972
YFL023W,YNL121C,0,-3.8170838,0.045255694538354874,0.30000001192092896,0.6328999996185303
YDR317W,YBR067C,0,-3.8171415,0.04524886980652809,0.30000001192092896,0.6330000162124634
YCR018C,YOR257W,0,-3.8171759,0.04524204507470131,0.30000001192092896,0.6330999732017517
YFL021W,YOR025W,0,-3.8172603,0.045235224068164825,0.30000001192092896,0.6331999897956848
YPL098C,YLR287C-A,0,-3.8175266,0.04522840306162834,0.30000001192092896,0.6333000063896179
YDL130W-A,YBR037C,0,-3.8175309,0.045221585780382156,0.30000001192092896,0.633400022983551
YKR014C,YNL328C,0,-3.8175416,0.04521476849913597,0.30000001192092896,0.6334999799728394
YBL026W,YOR211C,0,-3.817656,0.045207954943180084,0.30000001192092896,0.6335999965667725
YNL073W,YER148W,0,-3.8177593,0.045201145112514496,0.30000001192092896,0.6337000131607056
YPL011C,YJL212C,0,-3.8177702,0.04519433528184891,0.30000001192092896,0.6338000297546387
YOR373W,YGL200C,0,-3.8178394,0.04518752917647362,0.30000001192092896,0.633899986743927
YFL047W,YOR322C,0,-3.8178792,0.04518072307109833,0.30000001192092896,0.6340000033378601
YDR468C,YHR169W,0,-3.818043,0.045173920691013336,0.30000001192092896,0.6341000199317932
YPL234C,YJL012C,0,-3.8182957,0.045167118310928345,0.30000001192092896,0.6341999769210815
YCL048W,YGL232W,0,-3.8188372,0.04516031965613365,0.30000001192092896,0.6342999935150146
YEL021W,YCL051W,0,-3.8190236,0.04515352100133896,0.30000001192092896,0.6344000101089478
YML120C,YDR518W,0,-3.8190634,0.045146726071834564,0.30000001192092896,0.6345000267028809
YDR263C,YGL192W,0,-3.8194227,0.04513993486762047,0.30000001192092896,0.6345999836921692
YDR074W,YLR109W,0,-3.819592,0.04513314366340637,0.30000001192092896,0.6347000002861023
YBR202W,YDR121W,1,-3.8196836,0.04527677595615387,0.3009999990463257,0.6347000002861023
YLL062C,YPL173W,0,-3.8197813,0.04526996612548828,0.3009999990463257,0.6348000168800354
YLR068W,YOR001W,0,-3.8197923,0.04526315629482269,0.3009999990463257,0.6348999738693237
YKL002W,YGR003W,0,-3.8198557,0.0452563539147377,0.3009999990463257,0.6349999904632568
YOL005C,YCR081W,0,-3.8200026,0.04524954780936241,0.3009999990463257,0.6351000070571899
YBR094W,YCL055W,0,-3.8203163,0.04524274915456772,0.3009999990463257,0.635200023651123
YOR155C,YBR237W,0,-3.820455,0.04523594677448273,0.3009999990463257,0.6352999806404114
YJL197W,YLL018C-A,0,-3.8204672,0.04522915184497833,0.3009999990463257,0.6353999972343445
YDR532C,YDR244W,0,-3.8205056,0.04522235691547394,0.3009999990463257,0.6355000138282776
YDR454C,YLR016C,0,-3.8206398,0.04521556198596954,0.3009999990463257,0.6355999708175659
YCR054C,YBR069C,0,-3.8206873,0.04520877078175545,0.3009999990463257,0.635699987411499
YBR240C,YNL317W,0,-3.8207893,0.04520198330283165,0.3009999990463257,0.6358000040054321
YKR038C,YNL130C,0,-3.8209853,0.04519519582390785,0.3009999990463257,0.6359000205993652
YBL092W,YNL192W,0,-3.8210444,0.045188408344984055,0.3009999990463257,0.6359999775886536
YER145C,YOR239W,0,-3.821075,0.045181628316640854,0.3009999990463257,0.6360999941825867
YDR252W,YMR063W,0,-3.8211815,0.045174844563007355,0.3009999990463257,0.6362000107765198
YJL219W,YJL108C,0,-3.8212733,0.04516806825995445,0.3009999990463257,0.6363000273704529
YMR013C,YPR143W,0,-3.821373,0.04516129195690155,0.3009999990463257,0.6363999843597412
YPR001W,YPL076W,0,-3.8216186,0.04515451565384865,0.3009999990463257,0.6365000009536743
YBR175W,YIL072W,0,-3.8217187,0.045147743076086044,0.3009999990463257,0.6366000175476074
YAR035W,YML021C,0,-3.821844,0.04514097049832344,0.3009999990463257,0.6366999745368958
YOR259C,YBR267W,0,-3.8218808,0.045134201645851135,0.3009999990463257,0.6367999911308289
YMR193W,YOR359W,0,-3.8219244,0.04512743651866913,0.3009999990463257,0.636900007724762
YOR181W,YDR464W,0,-3.8220391,0.04512067139148712,0.3009999990463257,0.6370000243186951
YGL113W,YHR031C,1,-3.8221283,0.04526378959417343,0.3019999861717224,0.6370000243186951
YGR082W,YOR078W,0,-3.822239,0.04525700584053993,0.3019999861717224,0.6370999813079834
YAR042W,YOR020C,0,-3.8222742,0.04525022581219673,0.3019999861717224,0.6371999979019165
YOR020C,YHR046C,0,-3.822277,0.04524344578385353,0.3019999861717224,0.6373000144958496
YKL218C,YHR179W,0,-3.8223176,0.04523666948080063,0.3019999861717224,0.6373999714851379
YOR217W,YHL024W,1,-3.8223507,0.04537966102361679,0.30300000309944153,0.6373999714851379
YGR101W,YJL003W,0,-3.8224275,0.045372866094112396,0.30300000309944153,0.637499988079071
YOR046C,YMR026C,0,-3.8224506,0.045366071164608,0.30300000309944153,0.6376000046730042
YGL173C,YDL085W,0,-3.8226514,0.045359279960393906,0.30300000309944153,0.6377000212669373
YOR036W,YPR055W,0,-3.8228362,0.04535249248147011,0.30300000309944153,0.6377999782562256
YFL057C,YDL008W,0,-3.8230336,0.04534570500254631,0.30300000309944153,0.6378999948501587
YDR280W,YHR204W,0,-3.8232613,0.04533892124891281,0.30300000309944153,0.6380000114440918
YEL037C,YML073C,0,-3.8234706,0.04533213749527931,0.30300000309944153,0.6381000280380249
YNL156C,YBR146W,0,-3.8235073,0.04532535374164581,0.30300000309944153,0.6381999850273132
YBL092W,YJL101C,0,-3.8235667,0.04531857743859291,0.30300000309944153,0.6383000016212463
YCR009C,YNL026W,0,-3.8235948,0.04531179741024971,0.30300000309944153,0.6384000182151794
YDR110W,YLR103C,1,-3.8236446,0.04545454680919647,0.30399999022483826,0.6384000182151794
YIL137C,YEL017C-A,0,-3.8236582,0.04544775187969208,0.30399999022483826,0.6384999752044678
YDR328C,YLR115W,0,-3.8237257,0.04544095695018768,0.30399999022483826,0.6385999917984009
YHR014W,YOL144W,0,-3.8238025,0.04543416574597359,0.30399999022483826,0.638700008392334
YER126C,YDR303C,0,-3.8238912,0.04542737454175949,0.30399999022483826,0.6388000249862671
YLR277C,YER185W,0,-3.8240428,0.04542058706283569,0.30399999022483826,0.6388999819755554
YLR193C,YPR049C,0,-3.8242216,0.045413803309202194,0.30399999022483826,0.6389999985694885
YGR274C,YKL087C,0,-3.8242736,0.045407019555568695,0.30399999022483826,0.6391000151634216
YDR419W,YPR162C,1,-3.8244524,0.045549582690000534,0.3050000071525574,0.6391000151634216
YGR211W,YKR044W,0,-3.8244717,0.04554278030991554,0.3050000071525574,0.63919997215271
YAL022C,YMR195W,0,-3.8245292,0.04553598165512085,0.3050000071525574,0.6392999887466431
YER126C,YBL020W,0,-3.8245358,0.04552918300032616,0.3050000071525574,0.6394000053405762
YKL201C,YGR216C,0,-3.8246732,0.04552238807082176,0.3050000071525574,0.6395000219345093
YNL158W,YLR212C,0,-3.824738,0.04551559314131737,0.3050000071525574,0.6395999789237976
YIR012W,YML097C,0,-3.8247793,0.04550880193710327,0.3050000071525574,0.6396999955177307
YHR028C,YLR215C,0,-3.8248131,0.045502014458179474,0.3050000071525574,0.6398000121116638
YBR087W,YER070W,1,-3.8248243,0.04564439132809639,0.3059999942779541,0.6398000121116638
YFR036W,YDR256C,0,-3.8248312,0.0456375852227211,0.3059999942779541,0.6399000287055969
YPL112C,YDL115C,0,-3.8248448,0.04563077911734581,0.3059999942779541,0.6399999856948853
YLR251W,YKL074C,0,-3.8248737,0.04562397673726082,0.3059999942779541,0.6401000022888184
YDR146C,YPL233W,0,-3.8249202,0.04561717435717583,0.3059999942779541,0.6402000188827515
YPL021W,YAL031C,0,-3.825003,0.045610375702381134,0.3059999942779541,0.6402999758720398
YKL048C,YPL258C,0,-3.8250368,0.04560357704758644,0.3059999942779541,0.6403999924659729
YNL153C,YJL158C,0,-3.825067,0.045596782118082047,0.3059999942779541,0.640500009059906
YBL082C,YER019C-A,0,-3.8250704,0.04558998718857765,0.3059999942779541,0.6406000256538391
YOR066W,YMR086W,0,-3.825204,0.045583195984363556,0.3059999942779541,0.6406999826431274
YMR281W,YOR337W,0,-3.8252964,0.04557640850543976,0.3059999942779541,0.6407999992370605
YHR168W,YKR093W,0,-3.8253045,0.04556962102651596,0.3059999942779541,0.6409000158309937
YJR110W,YGL037C,0,-3.8256242,0.04556283354759216,0.3059999942779541,0.640999972820282
YBR195C,YOL042W,0,-3.8257833,0.04555605351924896,0.3059999942779541,0.6410999894142151
YNR020C,YBL054W,0,-3.8258667,0.04554926976561546,0.3059999942779541,0.6412000060081482
YMR177W,YOR265W,0,-3.8260026,0.04554248973727226,0.3059999942779541,0.6413000226020813
YBR112C,YML051W,0,-3.826007,0.04553571343421936,0.3059999942779541,0.6413999795913696
YLR043C,YGL168W,1,-3.8260279,0.04567772522568703,0.3070000112056732,0.6413999795913696
YIL046W,YDR379W,0,-3.826043,0.04567093029618263,0.3070000112056732,0.6414999961853027
YIL139C,YDL039C,0,-3.8261871,0.045664139091968536,0.3070000112056732,0.6416000127792358
YPL149W,YPL280W,0,-3.8263056,0.04565734788775444,0.3070000112056732,0.641700029373169
YNL102W,YJL026W,1,-3.8264685,0.04579925537109375,0.30799999833106995,0.641700029373169
YJL089W,YOR221C,0,-3.8268354,0.04579244554042816,0.30799999833106995,0.6417999863624573
YML052W,YBR130C,0,-3.82689,0.04578563943505287,0.30799999833106995,0.6419000029563904
YCR096C,YHR211W,0,-3.8269055,0.04577883332967758,0.30799999833106995,0.6420000195503235
YER123W,YDR362C,0,-3.8270614,0.04577203094959259,0.30799999833106995,0.6420999765396118
YMR292W,YLR441C,0,-3.8271518,0.0457652285695076,0.30799999833106995,0.6421999931335449
YLR295C,YNL297C,0,-3.8273566,0.045758429914712906,0.30799999833106995,0.642300009727478
YPL239W,YJL128C,0,-3.8274317,0.04575163498520851,0.30799999833106995,0.6424000263214111
YPR135W,YOR080W,1,-3.8274841,0.045893359929323196,0.3089999854564667,0.6424000263214111
YDL141W,YIL173W,0,-3.8276296,0.04588654637336731,0.3089999854564667,0.6424999833106995
YLR145W,YLR014C,0,-3.827838,0.04587973281741142,0.3089999854564667,0.6425999999046326
YDR298C,YNR007C,0,-3.8279834,0.045872922986745834,0.3089999854564667,0.6427000164985657
YLR099C,YML102W,0,-3.8280506,0.045866113156080246,0.3089999854564667,0.642799973487854
YBL023C,YDR013W,1,-3.8280625,0.04600771889090538,0.3100000023841858,0.642799973487854
YJR046W,YNL290W,1,-3.8281145,0.04614927992224693,0.3109999895095825,0.642799973487854
YOL145C,YDL054C,0,-3.828165,0.04614243283867836,0.3109999895095825,0.6428999900817871
YOR061W,YDR201W,0,-3.8282902,0.046135589480400085,0.3109999895095825,0.6430000066757202
YLR220W,YNL163C,0,-3.8283024,0.04612874612212181,0.3109999895095825,0.6431000232696533
YHR164C,YNL218W,1,-3.8284602,0.046270206570625305,0.31200000643730164,0.6431000232696533
YLR008C,YBR299W,0,-3.8284743,0.04626334458589554,0.31200000643730164,0.6431999802589417
YOR383C,YGL151W,0,-3.8285074,0.04625648632645607,0.31200000643730164,0.6432999968528748
YMR227C,YDL070W,0,-3.8285341,0.0462496280670166,0.31200000643730164,0.6434000134468079
YNR028W,YDR364C,0,-3.8285537,0.04624277353286743,0.31200000643730164,0.6434999704360962
YGR274C,YDR228C,0,-3.8287344,0.04623592272400856,0.31200000643730164,0.6435999870300293
YKR054C,YHR190W,0,-3.8288903,0.04622907191514969,0.31200000643730164,0.6437000036239624
YIL079C,YPL083C,0,-3.8292556,0.04622222110629082,0.31200000643730164,0.6438000202178955
YNL219C,YMR256C,0,-3.8293984,0.046215374022722244,0.31200000643730164,0.6438999772071838
YFR034C,YJR049C,0,-3.8295197,0.04620853066444397,0.31200000643730164,0.6439999938011169
YBR094W,YPR144C,0,-3.8296201,0.046201687306165695,0.31200000643730164,0.64410001039505
YOL139C,YKL175W,0,-3.8297465,0.04619484767317772,0.31200000643730164,0.6442000269889832
YKR079C,YDR359C,0,-3.8298562,0.04618800804018974,0.31200000643730164,0.6442999839782715
YDR332W,YDR148C,0,-3.8298988,0.046181172132492065,0.31200000643730164,0.6444000005722046
YAL033W,YDR297W,0,-3.829918,0.04617433622479439,0.31200000643730164,0.6445000171661377
YMR243C,YJR055W,0,-3.8302715,0.04616750404238701,0.31200000643730164,0.644599974155426
YJL024C,YGL241W,0,-3.8303876,0.04616067558526993,0.31200000643730164,0.6446999907493591
YGR158C,YDL136W,0,-3.8304205,0.04615384712815285,0.31200000643730164,0.6448000073432922
YLR154C,YJL072C,1,-3.8308296,0.0462949275970459,0.31299999356269836,0.6448000073432922
YLR075W,YGR184C,0,-3.8310497,0.046288080513477325,0.31299999356269836,0.6449000239372253
YAR007C,YGR180C,1,-3.8310812,0.0464290976524353,0.3140000104904175,0.6449000239372253
YHR139C,YGR047C,0,-3.8310907,0.046422235667705536,0.3140000104904175,0.6449999809265137
YPR189W,YEL053C,0,-3.8311417,0.04641537368297577,0.3140000104904175,0.6450999975204468
YLR039C,YNL039W,0,-3.8312044,0.046408511698246,0.3140000104904175,0.6452000141143799
YJR132W,YMR109W,0,-3.8312294,0.046401653438806534,0.3140000104904175,0.6452999711036682
YDR320C,YJR050W,0,-3.8314734,0.046394798904657364,0.3140000104904175,0.6453999876976013
YDR178W,YDR244W,0,-3.8315856,0.046387944370508194,0.3140000104904175,0.6455000042915344
YNL311C,YER154W,0,-3.8317068,0.04638109356164932,0.3140000104904175,0.6456000208854675
YPL154C,YGR184C,0,-3.8318715,0.04637424275279045,0.3140000104904175,0.6456999778747559
YJL011C,YNR007C,0,-3.8319478,0.04636739566922188,0.3140000104904175,0.645799994468689
YKL217W,YNL221C,0,-3.8319516,0.046360548585653305,0.3140000104904175,0.6459000110626221
YMR115W,YIL013C,0,-3.8320327,0.04635370522737503,0.3140000104904175,0.6460000276565552
YNL262W,YGL168W,1,-3.832183,0.046494465321302414,0.3149999976158142,0.6460000276565552
YDR120C,YOR266W,0,-3.8321877,0.04648760333657265,0.3149999976158142,0.6460999846458435
YER100W,YMR133W,0,-3.832471,0.04648074507713318,0.3149999976158142,0.6462000012397766
YCR010C,YJL156C,0,-3.8324766,0.04647388681769371,0.3149999976158142,0.6463000178337097
YLR300W,YHR047C,0,-3.8324933,0.04646703228354454,0.3149999976158142,0.646399974822998
YPL231W,YOR098C,0,-3.83258,0.04646017774939537,0.3149999976158142,0.6464999914169312
YHR023W,YML006C,0,-3.832585,0.0464533269405365,0.3149999976158142,0.6466000080108643
YJL167W,YJL083W,0,-3.8326178,0.04644647613167763,0.3149999976158142,0.6467000246047974
YOR298W,YGL028C,0,-3.8328505,0.046439629048109055,0.3149999976158142,0.6467999815940857
YJR046W,YPR175W,1,-3.8328948,0.04658018797636032,0.3160000145435333,0.6467999815940857
YCR018C,YHL025W,0,-3.8329508,0.046573322266340256,0.3160000145435333,0.6468999981880188
YER020W,YJL078C,0,-3.8330574,0.04656646028161049,0.3160000145435333,0.6470000147819519
YDR453C,YIL005W,0,-3.8330579,0.04655959829688072,0.3160000145435333,0.6470999717712402
YCL016C,YMR306W,0,-3.833065,0.046552740037441254,0.3160000145435333,0.6471999883651733
YNR001C,YCR096C,0,-3.8330884,0.046545881778001785,0.3160000145435333,0.6473000049591064
YDR074W,YOL116W,0,-3.8330913,0.046539027243852615,0.3160000145435333,0.6474000215530396
YDR118W,YLR263W,0,-3.8331912,0.046532176434993744,0.3160000145435333,0.6474999785423279
YER111C,YOL045W,0,-3.8332667,0.04652532562613487,0.3160000145435333,0.647599995136261
YCR037C,YLR038C,0,-3.8335462,0.046518474817276,0.3160000145435333,0.6477000117301941
YBR037C,YDR176W,0,-3.8336716,0.04651162773370743,0.3160000145435333,0.6478000283241272
YPL200W,YIR011C,0,-3.8337955,0.04650478437542915,0.3160000145435333,0.6478999853134155
YGL051W,YPL126W,0,-3.8340726,0.04649794101715088,0.3160000145435333,0.6480000019073486
YIL070C,YKL069W,0,-3.8341053,0.046491097658872604,0.3160000145435333,0.6481000185012817
YJR032W,YPR007C,0,-3.834342,0.04648426175117493,0.3160000145435333,0.6481999754905701
YER104W,YDL106C,0,-3.8343828,0.04647742211818695,0.3160000145435333,0.6482999920845032
YLR390W,YPR046W,0,-3.834404,0.04647058993577957,0.3160000145435333,0.6484000086784363
YDR395W,YOR278W,0,-3.8346393,0.046463754028081894,0.3160000145435333,0.6485000252723694
YPR156C,YPR171W,0,-3.8348503,0.04645692557096481,0.3160000145435333,0.6485999822616577
YPR032W,YBR055C,0,-3.8349755,0.04645009711384773,0.3160000145435333,0.6486999988555908
YML032C,YNL044W,0,-3.8350217,0.04644326865673065,0.3160000145435333,0.6488000154495239
YHR035W,YNR007C,0,-3.8350701,0.04643644392490387,0.3160000145435333,0.6488999724388123
YLR190W,YOL009C,0,-3.8351297,0.04642961919307709,0.3160000145435333,0.6489999890327454
YPL076W,YHR077C,0,-3.8352332,0.0464228019118309,0.3160000145435333,0.6491000056266785
YDR013W,YAR007C,1,-3.8354309,0.04656286537647247,0.31700000166893005,0.6491000056266785
YEL032W,YCR086W,1,-3.835486,0.04670289158821106,0.3179999887943268,0.6491000056266785
YIL047C,YGL203C,0,-3.8355994,0.04669603705406189,0.3179999887943268,0.6492000222206116
YML059C,YOR326W,0,-3.8356123,0.04668917879462242,0.3179999887943268,0.6492999792098999
YPR034W,YPL207W,0,-3.835614,0.04668232426047325,0.3179999887943268,0.649399995803833
YPL200W,YER087C-B,0,-3.8356233,0.04667547345161438,0.3179999887943268,0.6495000123977661
YDR334W,YCR063W,0,-3.835907,0.04666862264275551,0.3179999887943268,0.6496000289916992
YPL119C,YGR061C,0,-3.835908,0.046661775559186935,0.3179999887943268,0.6496999859809875
YFL041W,YML049C,0,-3.83597,0.04665492847561836,0.3179999887943268,0.6498000025749207
YPL074W,YNL036W,0,-3.836094,0.04664808511734009,0.3179999887943268,0.6499000191688538
YMR234W,YCR086W,1,-3.8361158,0.046787913888692856,0.3190000057220459,0.6499000191688538
YJL125C,YGL106W,0,-3.8361888,0.04678105190396309,0.3190000057220459,0.6499999761581421
YDR252W,YPR118W,0,-3.8362737,0.04677419364452362,0.3190000057220459,0.6500999927520752
YDR280W,YPR113W,0,-3.8362908,0.04676733538508415,0.3190000057220459,0.6502000093460083
YMR071C,YOR168W,0,-3.8363385,0.04676048085093498,0.3190000057220459,0.6503000259399414
YJL173C,YBR060C,1,-3.8363452,0.0469001904129982,0.3199999928474426,0.6503000259399414
YMR123W,YBR035C,0,-3.8364997,0.04689331725239754,0.3199999928474426,0.6503999829292297
YGR135W,YJR103W,0,-3.8365922,0.04688644781708717,0.3199999928474426,0.6504999995231628
YGR245C,YJL110C,0,-3.8366034,0.04687957838177681,0.3199999928474426,0.650600016117096
YJR135C,YLR115W,0,-3.8366892,0.046872712671756744,0.3199999928474426,0.6506999731063843
YHR139C,YDR096W,0,-3.8368778,0.04686584696173668,0.3199999928474426,0.6507999897003174
YJR050W,YPR037C,0,-3.8369858,0.04685898497700691,0.3199999928474426,0.6509000062942505
YJL034W,YHR086W,0,-3.8370333,0.046852122992277145,0.3199999928474426,0.6510000228881836
YHL047C,YML116W,0,-3.8371468,0.04684526473283768,0.3199999928474426,0.6510999798774719
YLR452C,YKR101W,0,-3.8371775,0.04683840647339821,0.3199999928474426,0.651199996471405
YPL200W,YLR287C-A,0,-3.8371906,0.04683155193924904,0.3199999928474426,0.6513000130653381
YNL191W,YMR233W,0,-3.8374982,0.04682470113039017,0.3199999928474426,0.6514000296592712
YPL200W,YEL064C,0,-3.8375444,0.046817850321531296,0.3199999928474426,0.6514999866485596
YOR272W,YPR086W,0,-3.8375907,0.046810999512672424,0.3199999928474426,0.6516000032424927
YBR010W,YER027C,0,-3.837617,0.04680415242910385,0.3199999928474426,0.6517000198364258
YDR110W,YGL251C,1,-3.8376243,0.046943549066782,0.32100000977516174,0.6517000198364258
YDL246C,YKR072C,0,-3.8377662,0.04693668708205223,0.32100000977516174,0.6517999768257141
YOR096W,YAR002C-A,0,-3.8378043,0.046929825097322464,0.32100000977516174,0.6518999934196472
YPR060C,YIL159W,0,-3.8378074,0.0469229631125927,0.32100000977516174,0.6520000100135803
YDR283C,YDR443C,0,-3.837996,0.04691610485315323,0.32100000977516174,0.6521000266075134
YDR076W,YDL149W,0,-3.838126,0.04690925031900406,0.32100000977516174,0.6521999835968018
YBR015C,YFL048C,0,-3.8381395,0.04690239578485489,0.32100000977516174,0.6523000001907349
YML032C,YKL033W,0,-3.838478,0.04689554497599602,0.32100000977516174,0.652400016784668
YDR280W,YDR227W,0,-3.8385496,0.046888694167137146,0.32100000977516174,0.6524999737739563
YCR072C,YBR166C,0,-3.8386421,0.04688184708356857,0.32100000977516174,0.6525999903678894
YHR201C,YOR351C,0,-3.8386667,0.046875,0.32100000977516174,0.6527000069618225
YFL004W,YLR321C,0,-3.8387718,0.046868156641721725,0.32100000977516174,0.6528000235557556
YMR105C,YNR037C,0,-3.8389082,0.04686131328344345,0.32100000977516174,0.652899980545044
YDL085W,YDR472W,0,-3.8389144,0.046854473650455475,0.32100000977516174,0.652999997138977
YCR010C,YPL172C,0,-3.838923,0.0468476340174675,0.32100000977516174,0.6531000137329102
YGR262C,YKL143W,0,-3.8391457,0.04684079810976982,0.32100000977516174,0.6531999707221985
YOR018W,YCR046C,0,-3.8391905,0.04683396592736244,0.32100000977516174,0.6532999873161316
YBR109C,YPR198W,0,-3.839238,0.04682713374495506,0.32100000977516174,0.6534000039100647
YBR055C,YPL186C,0,-3.839326,0.046820301562547684,0.32100000977516174,0.6535000205039978
YDR499W,YJR117W,0,-3.8395567,0.0468134768307209,0.32100000977516174,0.6535999774932861
YBR291C,YKR002W,0,-3.839558,0.04680664837360382,0.32100000977516174,0.6536999940872192
YDR499W,YOR288C,0,-3.8396685,0.04679982364177704,0.32100000977516174,0.6538000106811523
YOR193W,YGL073W,0,-3.839758,0.046793002635240555,0.32100000977516174,0.6539000272750854
YAL013W,YIL115C,0,-3.840067,0.04678618162870407,0.32100000977516174,0.6539999842643738
YEL022W,YLR079W,0,-3.8401184,0.046779364347457886,0.32100000977516174,0.6541000008583069
YML028W,YLR249W,0,-3.8401642,0.0467725470662117,0.32100000977516174,0.65420001745224
YJR078W,YGL209W,0,-3.8401756,0.046765733510255814,0.32100000977516174,0.6542999744415283
YFL057C,YLL050C,0,-3.8402767,0.046758923679590225,0.32100000977516174,0.6543999910354614
YNL192W,YNR002C,0,-3.8404841,0.04675211012363434,0.32100000977516174,0.6545000076293945
YOR157C,YGL107C,0,-3.8408346,0.04674530401825905,0.32100000977516174,0.6546000242233276
YNL218W,YAR007C,1,-3.8409457,0.04688410088419914,0.32199999690055847,0.6546000242233276
YPR167C,YDR400W,0,-3.840974,0.04687727615237236,0.32199999690055847,0.654699981212616
YLR160C,YJL213W,0,-3.8409915,0.04687045142054558,0.32199999690055847,0.6547999978065491
YOL002C,YNR010W,0,-3.8411074,0.046863630414009094,0.32199999690055847,0.6549000144004822
YOR306C,YER005W,0,-3.8412023,0.04685680940747261,0.32199999690055847,0.6549999713897705
YGR178C,YGR208W,0,-3.841211,0.046849992126226425,0.32199999690055847,0.6550999879837036
YGR264C,YOR278W,0,-3.8412175,0.04684317857027054,0.32199999690055847,0.6552000045776367
YPR133W-A,YOR381W,0,-3.841312,0.04683636501431465,0.32199999690055847,0.6553000211715698
YOR066W,YDR040C,0,-3.8413363,0.046829551458358765,0.32199999690055847,0.6553999781608582
YOR275C,YBR029C,0,-3.8414435,0.046822741627693176,0.32199999690055847,0.6554999947547913
YGL161C,YHR070W,0,-3.841513,0.046815935522317886,0.32199999690055847,0.6556000113487244
YLR265C,YGL219C,0,-3.8417168,0.046809129416942596,0.32199999690055847,0.6557000279426575
YOR099W,YJL083W,0,-3.841815,0.046802327036857605,0.32199999690055847,0.6557999849319458
YPL140C,YLR010C,0,-3.841828,0.046795524656772614,0.32199999690055847,0.6559000015258789
YIL150C,YDR052C,1,-3.841991,0.04693403095006943,0.3230000138282776,0.6559000015258789
YGR057C,YLL026W,0,-3.842181,0.04692721366882324,0.3230000138282776,0.656000018119812
YLR364W,YKL191W,0,-3.8422508,0.04692039638757706,0.3230000138282776,0.6560999751091003
YLR323C,YNL111C,0,-3.8423557,0.04691357910633087,0.3230000138282776,0.6561999917030334
YOL093W,YDR118W,0,-3.8425725,0.046906765550374985,0.3230000138282776,0.6563000082969666
YPL050C,YDR507C,0,-3.8425753,0.046899955719709396,0.3230000138282776,0.6564000248908997
YBR276C,YDR496C,0,-3.842682,0.04689314588904381,0.3230000138282776,0.656499981880188
YHR160C,YPL144W,0,-3.8427553,0.04688633978366852,0.3230000138282776,0.6565999984741211
YBL091C,YCL035C,0,-3.8429456,0.04687953740358353,0.3230000138282776,0.6567000150680542
YER008C,YPL180W,0,-3.8430243,0.04687273129820824,0.3230000138282776,0.6567999720573425
YJR057W,YGL251C,1,-3.8430305,0.04701102897524834,0.3240000009536743,0.6567999720573425
YOR109W,YBL085W,0,-3.8431404,0.04700420796871185,0.3240000009536743,0.6568999886512756
YFR036W,YMR308C,0,-3.8432126,0.04699739068746567,0.3240000009536743,0.6570000052452087
YGL113W,YJR046W,1,-3.843252,0.0471356064081192,0.32499998807907104,0.6570000052452087
YBR276C,YML055W,0,-3.84329,0.047128770500421524,0.32499998807907104,0.6571000218391418
YDL189W,YGR252W,0,-3.843328,0.047121938318014145,0.32499998807907104,0.6571999788284302
YPL156C,YMR055C,0,-3.8433318,0.047115106135606766,0.32499998807907104,0.6572999954223633
YBL091C,YDR137W,0,-3.8434873,0.047108277678489685,0.32499998807907104,0.6574000120162964
YJL178C,YDR412W,0,-3.8434954,0.047101449221372604,0.32499998807907104,0.6575000286102295
YMR306W,YJR066W,0,-3.8435106,0.04709462448954582,0.32499998807907104,0.6575999855995178
YLR450W,YDR384C,0,-3.8435192,0.04708779975771904,0.32499998807907104,0.6577000021934509
YHR154W,YGL025C,0,-3.8435888,0.047080978751182556,0.32499998807907104,0.657800018787384
YLL057C,YER167W,0,-3.843594,0.04707416146993637,0.32499998807907104,0.6578999757766724
YDR481C,YIL125W,0,-3.843598,0.047067344188690186,0.32499998807907104,0.6579999923706055
YIL090W,YER143W,0,-3.8437302,0.047060526907444,0.32499998807907104,0.6581000089645386
YMR081C,YEL056W,0,-3.843801,0.04705371335148811,0.32499998807907104,0.6582000255584717
YLR043C,YDR069C,1,-3.8438838,0.04719166085124016,0.32600000500679016,0.6582000255584717
YEL070W,YEL037C,0,-3.8441467,0.04718483239412308,0.32600000500679016,0.65829998254776
YKL179C,YNL032W,0,-3.8442597,0.047178003937006,0.32600000500679016,0.6583999991416931
YDL205C,YHR061C,0,-3.8443677,0.047171175479888916,0.32600000500679016,0.6585000157356262
YLR265C,YNL221C,0,-3.844443,0.047164350748062134,0.32600000500679016,0.6585999727249146
YOR109W,YPL040C,0,-3.8444748,0.04715752974152565,0.32600000500679016,0.6586999893188477
YHR074W,YGL211W,0,-3.8445697,0.047150708734989166,0.32600000500679016,0.6588000059127808
YPR175W,YLR103C,1,-3.8445845,0.047288503497838974,0.3269999921321869,0.6588000059127808
YIL120W,YGL030W,0,-3.8447456,0.047281663864851,0.3269999921321869,0.6589000225067139
YDR518W,YML109W,0,-3.8449273,0.04727483168244362,0.3269999921321869,0.6589999794960022
YDL100C,YNL236W,0,-3.8449671,0.04726799577474594,0.3269999921321869,0.6590999960899353
YML092C,YDR425W,0,-3.8449812,0.04726116359233856,0.3269999921321869,0.6592000126838684
YDR127W,YMR225C,0,-3.8450513,0.04725433513522148,0.3269999921321869,0.6593000292778015
YBL007C,YMR053C,0,-3.8451033,0.0472475066781044,0.3269999921321869,0.6593999862670898
YAR018C,YLR055C,0,-3.84512,0.04724068194627762,0.3269999921321869,0.659500002861023
YDR395W,YMR172W,0,-3.8451355,0.047233857214450836,0.3269999921321869,0.659600019454956
YNL102W,YDL102W,1,-3.845225,0.04737146198749542,0.328000009059906,0.659600019454956
YLR438C-A,YML036W,0,-3.8452764,0.047364622354507446,0.328000009059906,0.6596999764442444
YLL026W,YDR284C,0,-3.8453517,0.04735778272151947,0.328000009059906,0.6597999930381775
YHR064C,YPR188C,0,-3.8454704,0.04735094681382179,0.328000009059906,0.6599000096321106
YGR244C,YGL195W,0,-3.8455076,0.047344110906124115,0.328000009059906,0.6600000262260437
YML099C,YGR120C,0,-3.8455486,0.047337278723716736,0.328000009059906,0.660099983215332
YML086C,YKR020W,0,-3.8455687,0.04733044654130936,0.328000009059906,0.6601999998092651
YPR019W,YAR007C,1,-3.8456023,0.047467898577451706,0.32899999618530273,0.6601999998092651
YGL064C,YIL143C,0,-3.8456502,0.04746105149388313,0.32899999618530273,0.6603000164031982
YMR101C,YGR062C,0,-3.8457556,0.04745420441031456,0.32899999618530273,0.6603999733924866
YPL254W,YNR044W,0,-3.845829,0.047447361052036285,0.32899999618530273,0.6604999899864197
YGL113W,YAR007C,1,-3.8460279,0.047584716230630875,0.33000001311302185,0.6604999899864197
YOL096C,YPR037C,0,-3.8462152,0.04757785424590111,0.33000001311302185,0.6606000065803528
YLR154C,YBR087W,1,-3.8462205,0.04771514981985092,0.3310000002384186,0.6606000065803528
YER154W,YBL079W,0,-3.8462863,0.04770827293395996,0.3310000002384186,0.6607000231742859
YDR434W,YOL147C,0,-3.8463187,0.047701396048069,0.3310000002384186,0.6607999801635742
YOR101W,YGL200C,0,-3.8464491,0.04769452288746834,0.3310000002384186,0.6608999967575073
YKL042W,YJR052W,0,-3.846514,0.047687653452157974,0.3310000002384186,0.6610000133514404
YJR006W,YLR043C,1,-3.8465772,0.047824833542108536,0.3319999873638153,0.6610000133514404
YPR182W,YJR135W-A,0,-3.846605,0.04781794548034668,0.3319999873638153,0.6610999703407288
YJL164C,YDR377W,0,-3.8466077,0.04781106114387512,0.3319999873638153,0.6611999869346619
YPR073C,YNL161W,0,-3.846725,0.047804176807403564,0.3319999873638153,0.661300003528595
YJR068W,YHL024W,1,-3.846776,0.047941260039806366,0.3330000042915344,0.661300003528595
YPL207W,YHL027W,0,-3.8468423,0.047934360802173615,0.3330000042915344,0.6614000201225281
YOL032W,YPL178W,0,-3.8468523,0.04792746156454086,0.3330000042915344,0.6614999771118164
YLR145W,YDR148C,0,-3.8468828,0.04792056232690811,0.3330000042915344,0.6615999937057495
YNL191W,YOR106W,0,-3.8470235,0.04791367053985596,0.3330000042915344,0.6617000102996826
YOR254C,YOR204W,0,-3.847248,0.047906775027513504,0.3330000042915344,0.6618000268936157
YOR244W,YER007C-A,0,-3.8473659,0.04789988324046135,0.3330000042915344,0.661899983882904
YKL058W,YPL089C,0,-3.847373,0.04789299517869949,0.3330000042915344,0.6620000004768372
YKL217W,YMR152W,0,-3.8473907,0.04788610711693764,0.3330000042915344,0.6621000170707703
YIL079C,YKR026C,0,-3.8477407,0.04787922278046608,0.3330000042915344,0.6621999740600586
YGR271W,YKL079W,0,-3.8477802,0.04787234216928482,0.3330000042915344,0.6622999906539917
YOL139C,YLR427W,0,-3.847827,0.04786545783281326,0.3330000042915344,0.6624000072479248
YKL194C,YHL031C,0,-3.8478508,0.0478585809469223,0.3330000042915344,0.6625000238418579
YBR087W,YIL150C,1,-3.8478951,0.04799540340900421,0.33399999141693115,0.6625000238418579
YGR211W,YHR146W,0,-3.8479376,0.04798850417137146,0.33399999141693115,0.6625999808311462
YNL049C,YAL041W,0,-3.8481221,0.047981612384319305,0.33399999141693115,0.6626999974250793
YLR154C,YJR006W,1,-3.848259,0.04811835661530495,0.33500000834465027,0.6626999974250793
YDR011W,YDL015C,0,-3.8483098,0.0481114462018013,0.33500000834465027,0.6628000140190125
YEL032W,YPR162C,1,-3.8483183,0.048248134553432465,0.335999995470047,0.6628000140190125
YIL070C,YNL244C,0,-3.8485017,0.048241205513477325,0.335999995470047,0.6628999710083008
YGL148W,YLR350W,0,-3.8485503,0.048234280198812485,0.335999995470047,0.6629999876022339
YMR171C,YMR133W,0,-3.8485568,0.04822735860943794,0.335999995470047,0.663100004196167
YBL087C,YGR286C,0,-3.8487477,0.0482204370200634,0.335999995470047,0.6632000207901001
YGR086C,YBR240C,0,-3.8488207,0.04821351543068886,0.335999995470047,0.6632999777793884
YDR482C,YDR325W,0,-3.8489368,0.04820660129189491,0.335999995470047,0.6633999943733215
YDR361C,YIL070C,0,-3.849031,0.04819968342781067,0.335999995470047,0.6635000109672546
YER178W,YBR175W,0,-3.849073,0.048192769289016724,0.335999995470047,0.6636000275611877
YPR175W,YNL218W,1,-3.8490925,0.048329271376132965,0.3370000123977661,0.6636000275611877
YPL167C,YOR142W,0,-3.8493786,0.04832233861088753,0.3370000123977661,0.6636999845504761
YGL113W,YPR175W,1,-3.8493924,0.048458781093358994,0.33799999952316284,0.6636999845504761
YHR164C,YDL017W,1,-3.8494906,0.048595182597637177,0.33899998664855957,0.6636999845504761
YPL027W,YNL129W,0,-3.8495526,0.04858822003006935,0.33899998664855957,0.6638000011444092
YKL082C,YML009C,0,-3.8495657,0.04858125373721123,0.33899998664855957,0.6639000177383423
YOR237W,YGR072W,0,-3.8496442,0.0485742948949337,0.33899998664855957,0.6639999747276306
YOR080W,YBR202W,1,-3.8497777,0.04871060326695442,0.3400000035762787,0.6639999747276306
YIL046W,YKL197C,0,-3.8498049,0.0487036257982254,0.3400000035762787,0.6640999913215637
YMR001C,YKL017C,1,-3.8499336,0.04883987456560135,0.3409999907016754,0.6640999913215637
YBR170C,YHR168W,0,-3.8499346,0.04883287847042084,0.3409999907016754,0.6642000079154968
YPR105C,YCR004C,0,-3.85007,0.048825886100530624,0.3409999907016754,0.6643000245094299
YNR050C,YMR143W,0,-3.8502698,0.04881889745593071,0.3409999907016754,0.6643999814987183
YHR090C,YOL111C,0,-3.8503733,0.048811908811330795,0.3409999907016754,0.6644999980926514
YPL113C,YMR156C,0,-3.850512,0.04880492389202118,0.3409999907016754,0.6646000146865845
YKL141W,YER131W,0,-3.8505692,0.04879793897271156,0.3409999907016754,0.6646999716758728
YML127W,YML081C-A,0,-3.8505743,0.048790957778692245,0.3409999907016754,0.6647999882698059
YFL025C,YGR080W,0,-3.8508341,0.04878397658467293,0.3409999907016754,0.664900004863739
YGR118W,YDR457W,0,-3.850842,0.04877699911594391,0.3409999907016754,0.6650000214576721
YER082C,YBR109C,0,-3.8508487,0.04877002164721489,0.3409999907016754,0.6650999784469604
YDR320C-A,YJR013W,0,-3.8508563,0.04876304790377617,0.3409999907016754,0.6651999950408936
YER045C,YDR040C,0,-3.8508973,0.04875607788562775,0.3409999907016754,0.6653000116348267
YBR061C,YIL074C,0,-3.8510206,0.048749107867479324,0.3409999907016754,0.6654000282287598
YPL149W,YNL046W,0,-3.8510423,0.0487421378493309,0.3409999907016754,0.6654999852180481
YNL027W,YDR497C,0,-3.8510776,0.04873517155647278,0.3409999907016754,0.6656000018119812
YNL158W,YDL128W,0,-3.8511076,0.04872820898890495,0.3409999907016754,0.6657000184059143
YKL181W,YNL081C,0,-3.8511314,0.04872124642133713,0.3409999907016754,0.6657999753952026
YJL062W,YJL180C,0,-3.8512583,0.0487142838537693,0.3409999907016754,0.6658999919891357
YNL262W,YHR031C,1,-3.8512897,0.0488501638174057,0.34200000762939453,0.6658999919891357
YPR194C,YER178W,0,-3.8514028,0.04884318634867668,0.34200000762939453,0.6660000085830688
YBR202W,YPR120C,1,-3.8514311,0.0489790104329586,0.34299999475479126,0.6660000085830688
YHR148W,YPL210C,0,-3.8515468,0.04897201433777809,0.34299999475479126,0.666100025177002
YDR536W,YGR281W,0,-3.851591,0.04896502569317818,0.34299999475479126,0.6661999821662903
YJR119C,YDR229W,0,-3.851698,0.04895803704857826,0.34299999475479126,0.6662999987602234
YHR060W,YBL031W,0,-3.8517222,0.04895104840397835,0.34299999475479126,0.6664000153541565
YMR208W,YLL019C,0,-3.8518536,0.04894406348466873,0.34299999475479126,0.6664999723434448
YKL048C,YFR005C,0,-3.8519027,0.048937082290649414,0.34299999475479126,0.6665999889373779
YBR268W,YGR034W,0,-3.8519115,0.048930101096630096,0.34299999475479126,0.666700005531311
YGL172W,YDL235C,0,-3.8519425,0.04892311990261078,0.34299999475479126,0.6668000221252441
YAL021C,YBR251W,0,-3.8519623,0.04891614243388176,0.34299999475479126,0.6668999791145325
YOR323C,YGL241W,0,-3.8519835,0.04890916869044304,0.34299999475479126,0.6669999957084656
YDL017W,YOR217W,1,-3.851997,0.04904476925730705,0.3440000116825104,0.6669999957084656
YLR054C,YDR347W,0,-3.8520484,0.04903777688741684,0.3440000116825104,0.6671000123023987
YBL005W,YPR068C,0,-3.8521757,0.049030788242816925,0.3440000116825104,0.6672000288963318
YML067C,YDR046C,0,-3.85222,0.04902379959821701,0.3440000116825104,0.6672999858856201
YOR330C,YKL017C,1,-3.8522966,0.049159303307533264,0.3449999988079071,0.6672999858856201
YBR279W,YDR224C,0,-3.8523262,0.049152299761772156,0.3449999988079071,0.6674000024795532
YJL124C,YDR285W,0,-3.8525405,0.049145299941301346,0.3449999988079071,0.6675000190734863
YDR242W,YKR071C,0,-3.852565,0.049138300120830536,0.3449999988079071,0.6675999760627747
YNL050C,YPL146C,0,-3.8525882,0.049131300300359726,0.3449999988079071,0.6676999926567078
YDL100C,YOL032W,0,-3.8526406,0.049124304205179214,0.3449999988079071,0.6678000092506409
YJL141C,YOR020C,0,-3.852746,0.049117311835289,0.3449999988079071,0.667900025844574
YKR034W,YLR113W,0,-3.8528006,0.04911031946539879,0.3449999988079071,0.6679999828338623
YCR086W,YFR027W,1,-3.8528066,0.04924565926194191,0.34599998593330383,0.6679999828338623
YDR297W,YLR287C-A,0,-3.8530777,0.0492386519908905,0.34599998593330383,0.6680999994277954
YDR351W,YGL246C,0,-3.8531766,0.049231644719839096,0.34599998593330383,0.6682000160217285
YLR025W,YDR247W,0,-3.8535097,0.04922464117407799,0.34599998593330383,0.6682999730110168
YLR382C,YPL262W,0,-3.8535194,0.04921763762831688,0.34599998593330383,0.66839998960495
YCR026C,YLR380W,0,-3.8535814,0.04921063780784607,0.34599998593330383,0.6685000061988831
YNL080C,YPL093W,0,-3.853774,0.04920364171266556,0.34599998593330383,0.6686000227928162
YDL195W,YER176W,0,-3.8539114,0.049196645617485046,0.34599998593330383,0.6686999797821045
YOR224C,YIL033C,0,-3.8539472,0.049189649522304535,0.34599998593330383,0.6687999963760376
YDL084W,YOL054W,0,-3.853991,0.04918265715241432,0.34599998593330383,0.6689000129699707
YER123W,YOL100W,0,-3.8539956,0.04917566850781441,0.34599998593330383,0.6690000295639038
YDL200C,YHR184W,0,-3.8541374,0.04916867986321449,0.34599998593330383,0.6690999865531921
YNL084C,YPL048W,0,-3.8542056,0.04916169494390488,0.34599998593330383,0.6692000031471252
YOR288C,YBR173C,0,-3.8543725,0.04915471002459526,0.34599998593330383,0.6693000197410583
YOR009W,YIL042C,0,-3.8545988,0.04914772883057594,0.34599998593330383,0.6693999767303467
YPL087W,YHR146W,0,-3.8547287,0.049140747636556625,0.34599998593330383,0.6694999933242798
YOR074C,YJL090C,1,-3.85475,0.049275774508714676,0.34700000286102295,0.6694999933242798
YDR398W,YDR359C,0,-3.8547592,0.049268778413534164,0.34700000286102295,0.6696000099182129
YNL294C,YGR061C,0,-3.8549938,0.04926178231835365,0.34700000286102295,0.669700026512146
YOR066W,YMR307W,0,-3.8551078,0.04925478994846344,0.34700000286102295,0.6697999835014343
YDR189W,YKL138C,0,-3.8551736,0.049247801303863525,0.34700000286102295,0.6699000000953674
YOR237W,YHR077C,0,-3.8552856,0.04924081265926361,0.34700000286102295,0.6700000166893005
YML129C,YKL042W,0,-3.8555028,0.049233824014663696,0.34700000286102295,0.6700999736785889
YGL172W,YPR149W,0,-3.8555646,0.04922683909535408,0.34700000286102295,0.670199990272522
YDL138W,YKL014C,0,-3.8556511,0.04921985790133476,0.34700000286102295,0.6703000068664551
YHR160C,YIL011W,0,-3.8556652,0.049212876707315445,0.34700000286102295,0.6704000234603882
YGL136C,YLR121C,0,-3.8556952,0.049205899238586426,0.34700000286102295,0.6704999804496765
YDL069C,YKL099C,0,-3.8558264,0.04919892176985741,0.34700000286102295,0.6705999970436096
YDL087C,YHL044W,0,-3.8559074,0.049191948026418686,0.34700000286102295,0.6707000136375427
YDR328C,YOR216C,0,-3.8559113,0.049184974282979965,0.34700000286102295,0.670799970626831
YGL067W,YDL101C,0,-3.8559165,0.04917800426483154,0.34700000286102295,0.6708999872207642
YLR385C,YDL080C,0,-3.8560178,0.04917103424668312,0.34700000286102295,0.6710000038146973
YLR054C,YCR093W,0,-3.8561454,0.049164067953825,0.34700000286102295,0.6711000204086304
YNR022C,YOL065C,0,-3.8561592,0.04915710538625717,0.34700000286102295,0.6711999773979187
YML011C,YJL129C,0,-3.856479,0.049150142818689346,0.34700000286102295,0.6712999939918518
YGR260W,YOR257W,0,-3.856484,0.04914318025112152,0.34700000286102295,0.6714000105857849
YNL306W,YMR272C,0,-3.8564928,0.049136221408843994,0.34700000286102295,0.671500027179718
YOR311C,YBR059C,0,-3.8565068,0.049129266291856766,0.34700000286102295,0.6715999841690063
YOR158W,YKL110C,0,-3.856582,0.04912231117486954,0.34700000286102295,0.6717000007629395
YNL129W,YPR048W,0,-3.8566341,0.04911535605788231,0.34700000286102295,0.6718000173568726
YPL061W,YBR208C,0,-3.8567252,0.04910840466618538,0.34700000286102295,0.6718999743461609
YGR113W,YOL104C,0,-3.856736,0.04910145699977875,0.34700000286102295,0.671999990940094
YPL089C,YJL098W,0,-3.8567774,0.049094509333372116,0.34700000286102295,0.6721000075340271
YLR075W,YIL009W,0,-3.8567874,0.04908756539225578,0.34700000286102295,0.6722000241279602
YMR009W,YBR251W,0,-3.8569784,0.04908062145113945,0.34700000286102295,0.6722999811172485
YOR301W,YOL028C,0,-3.8570228,0.049073681235313416,0.34700000286102295,0.6723999977111816
YGL113W,YEL032W,1,-3.857092,0.0492081455886364,0.3479999899864197,0.6723999977111816
YDR075W,YPL001W,0,-3.8571029,0.04920118674635887,0.3479999899864197,0.6725000143051147
YOR045W,YOR209C,0,-3.857184,0.04919423162937164,0.3479999899864197,0.6725999712944031
YJL090C,YJL194W,1,-3.857192,0.04932862147688866,0.3490000069141388,0.6725999712944031
YOR355W,YIR036C,0,-3.857215,0.049321651458740234,0.3490000069141388,0.6726999878883362
YKL007W,YGL241W,0,-3.8573215,0.04931468144059181,0.3490000069141388,0.6728000044822693
YIL123W,YGR175C,0,-3.8573403,0.04930771514773369,0.3490000069141388,0.6729000210762024
YJL121C,YER030W,0,-3.8574424,0.049300748854875565,0.3490000069141388,0.6729999780654907
YDR419W,YGL251C,1,-3.8575196,0.049435026943683624,0.3499999940395355,0.6729999780654907
YJL011C,YBR240C,0,-3.857864,0.04942804574966431,0.3499999940395355,0.6730999946594238
YNL020C,YLR439W,0,-3.8579419,0.04942106828093529,0.3499999940395355,0.6732000112533569
YEL037C,YPL116W,0,-3.8580527,0.04941409081220627,0.3499999940395355,0.67330002784729
YOL121C,YGL106W,0,-3.8580637,0.04940711334347725,0.3499999940395355,0.6733999848365784
YDR243C,YNL070W,0,-3.858224,0.04940013960003853,0.3499999940395355,0.6735000014305115
YDR122W,YKL117W,0,-3.858228,0.049393169581890106,0.3499999940395355,0.6736000180244446
YLR007W,YAR031W,0,-3.858819,0.049386199563741684,0.3499999940395355,0.6736999750137329
YLL035W,YLR312W-A,0,-3.8589764,0.04937923327088356,0.3499999940395355,0.673799991607666
YJR150C,YOR076C,0,-3.8589804,0.049372266978025436,0.3499999940395355,0.6739000082015991
YCR077C,YDL054C,0,-3.8590426,0.04936530441045761,0.3499999940395355,0.6740000247955322
YEL058W,YML094W,0,-3.8590748,0.049358341842889786,0.3499999940395355,0.6740999817848206
YOL071W,YGR052W,0,-3.85908,0.04935138300061226,0.3499999940395355,0.6741999983787537
YOR071C,YDL143W,0,-3.859128,0.04934442415833473,0.3499999940395355,0.6743000149726868
YMR233W,YOL023W,0,-3.85914,0.049337469041347504,0.3499999940395355,0.6743999719619751
YOR334W,YHL028W,0,-3.8592162,0.049330513924360275,0.3499999940395355,0.6744999885559082
YJL173C,YGL251C,1,-3.8596003,0.04946448653936386,0.35100001096725464,0.6744999885559082
YML128C,YGL096W,0,-3.8598185,0.04945751652121544,0.35100001096725464,0.6746000051498413
YDR320C-A,YBR196C,0,-3.8599055,0.049450550228357315,0.35100001096725464,0.6747000217437744
YDR261C,YKL034W,0,-3.8599377,0.04944358393549919,0.35100001096725464,0.6747999787330627
YMR009W,YNL079C,0,-3.8599422,0.049436621367931366,0.35100001096725464,0.6748999953269958
YKL069W,YKR031C,0,-3.8599434,0.04942965880036354,0.35100001096725464,0.675000011920929
YER008C,YMR149W,0,-3.8599463,0.049422696232795715,0.35100001096725464,0.6751000285148621
YIL090W,YOR261C,0,-3.860052,0.04941574111580849,0.35100001096725464,0.6751999855041504
YDR165W,YNL041C,0,-3.8600638,0.04940878227353096,0.35100001096725464,0.6753000020980835
YPR067W,YLR183C,0,-3.8601491,0.04940183088183403,0.35100001096725464,0.6754000186920166
YDR371W,YLL040C,0,-3.8602476,0.0493948757648468,0.35100001096725464,0.6754999756813049
YOR089C,YGL119W,0,-3.860291,0.04938792809844017,0.35100001096725464,0.675599992275238
YIL145C,YAL058W,0,-3.8605523,0.04938098043203354,0.35100001096725464,0.6757000088691711
YER111C,YDL008W,0,-3.8605685,0.04937403276562691,0.35100001096725464,0.6758000254631042
YOL012C,YGR208W,0,-3.8605976,0.049367088824510574,0.35100001096725464,0.6758999824523926
YIL052C,YIL062C,0,-3.8606296,0.04936014488339424,0.35100001096725464,0.6759999990463257
YNL128W,YHR035W,0,-3.860828,0.04935320466756821,0.35100001096725464,0.6761000156402588
YNL102W,YCR086W,1,-3.8608422,0.049486856907606125,0.35199999809265137,0.6761000156402588
YHR201C,YPL148C,0,-3.8608665,0.0494798980653286,0.35199999809265137,0.6761999726295471
YOR101W,YLR238W,0,-3.860921,0.04947294294834137,0.35199999809265137,0.6762999892234802
YKL043W,YKL145W,0,-3.861082,0.04946599155664444,0.35199999809265137,0.6764000058174133
YJL033W,YIL130W,0,-3.861116,0.04945904016494751,0.35199999809265137,0.6765000224113464
YOL026C,YGL189C,0,-3.861136,0.04945209249854088,0.35199999809265137,0.6765999794006348
YGR145W,YGL028C,0,-3.8612099,0.049445148557424545,0.35199999809265137,0.6766999959945679
YOL045W,YLR113W,0,-3.8612168,0.049438200891017914,0.35199999809265137,0.676800012588501
YDR439W,YJR112W,0,-3.8613305,0.04943126067519188,0.35199999809265137,0.6769000291824341
YOL140W,YNL132W,0,-3.8613768,0.049424320459365845,0.35199999809265137,0.6769999861717224
YLR395C,YLR006C,0,-3.8614652,0.04941738024353981,0.35199999809265137,0.6771000027656555
YBR257W,YBR295W,0,-3.8615527,0.049410443753004074,0.35199999809265137,0.6772000193595886
YJL173C,YPR162C,1,-3.861556,0.04954386129975319,0.3529999852180481,0.6772000193595886
YOR081C,YMR016C,0,-3.8615952,0.04953690618276596,0.3529999852180481,0.677299976348877
YJL130C,YBL017C,0,-3.861708,0.04952995479106903,0.3529999852180481,0.6773999929428101
YNL039W,YFL021W,0,-3.8618283,0.0495230071246624,0.3529999852180481,0.6775000095367432
YGR061C,YPL144W,0,-3.8619037,0.04951605945825577,0.3529999852180481,0.6776000261306763
YPL097W,YBR294W,0,-3.86202,0.049509115517139435,0.3529999852180481,0.6776999831199646
YDL107W,YFL017W-A,0,-3.8620234,0.0495021753013134,0.3529999852180481,0.6777999997138977
YPL183C,YER149C,0,-3.8620362,0.04949523136019707,0.3529999852180481,0.6779000163078308
YDR371W,YFL017W-A,0,-3.8621483,0.04948829486966133,0.3529999852180481,0.6779999732971191
YNL307C,YBL091C-A,0,-3.8622823,0.049481358379125595,0.3529999852180481,0.6780999898910522
YGL205W,YIL038C,0,-3.8623044,0.04947442188858986,0.3529999852180481,0.6782000064849854
YLR389C,YNL110C,0,-3.8623695,0.04946748912334442,0.3529999852180481,0.6783000230789185
YER168C,YBL074C,0,-3.862579,0.049460556358098984,0.3529999852180481,0.6783999800682068
YNL102W,YAR007C,1,-3.8626096,0.0495937243103981,0.3540000021457672,0.6783999800682068
YLR385C,YIL088C,0,-3.8627048,0.04958677664399147,0.3540000021457672,0.6784999966621399
YML032C,YCR038C,0,-3.8627596,0.04957983270287514,0.3540000021457672,0.678600013256073
YGR086C,YNL304W,0,-3.862956,0.049572888761758804,0.3540000021457672,0.6786999702453613
YDR067C,YLR295C,0,-3.8633175,0.04956594854593277,0.3540000021457672,0.6787999868392944
YIR002C,YOL129W,0,-3.8633935,0.049559008330106735,0.3540000021457672,0.6789000034332275
YBR283C,YBR052C,0,-3.8633976,0.049552071839571,0.3540000021457672,0.6790000200271606
YOR279C,YBR006W,0,-3.8635747,0.04954513534903526,0.3540000021457672,0.679099977016449
YLR043C,YBR278W,1,-3.863577,0.04967814311385155,0.35499998927116394,0.679099977016449
YKR038C,YLR025W,0,-3.863579,0.04967119172215462,0.35499998927116394,0.6791999936103821
YKR062W,YPL036W,0,-3.8636913,0.04966424033045769,0.35499998927116394,0.6793000102043152
YMR308C,YAL033W,0,-3.8637638,0.049657296389341354,0.35499998927116394,0.6794000267982483
YGL220W,YDR207C,0,-3.8639317,0.04965034872293472,0.35499998927116394,0.6794999837875366
YKL042W,YPR057W,0,-3.8639565,0.04964340478181839,0.35499998927116394,0.6796000003814697
YJR046W,YDR069C,1,-3.8639908,0.049776285886764526,0.35600000619888306,0.6796000003814697
YBL026W,YGL189C,0,-3.863998,0.049769327044487,0.35600000619888306,0.6797000169754028
YIL118W,YDL055C,0,-3.8641791,0.04976237192749977,0.35600000619888306,0.6797999739646912
YDR086C,YOR221C,0,-3.8643138,0.04975541681051254,0.35600000619888306,0.6798999905586243
YBR257W,YMR230W,0,-3.8643382,0.049748461693525314,0.35600000619888306,0.6800000071525574
YLR364W,YBR074W,0,-3.864494,0.049741510301828384,0.35600000619888306,0.6801000237464905
YGL222C,YDR359C,0,-3.8645236,0.04973456263542175,0.35600000619888306,0.6801999807357788
YKL144C,YPR073C,0,-3.864539,0.04972761496901512,0.35600000619888306,0.6802999973297119
YOR090C,YPR191W,0,-3.8646698,0.04972067102789879,0.35600000619888306,0.680400013923645
YHR079C,YOR212W,0,-3.8647156,0.049713727086782455,0.35600000619888306,0.6804999709129333
YDR246W,YNL031C,0,-3.8647666,0.04970678687095642,0.35600000619888306,0.6805999875068665
YDR419W,YBR202W,1,-3.8648024,0.04983945190906525,0.3569999933242798,0.6805999875068665
YDR288W,YHR108W,0,-3.864821,0.04983249679207802,0.3569999933242798,0.6807000041007996
YPL083C,YDL080C,0,-3.8649511,0.04982554167509079,0.3569999933242798,0.6808000206947327
YKL041W,YLR247C,0,-3.8650641,0.04981858655810356,0.3569999933242798,0.680899977684021
YFR007W,YJL011C,0,-3.8652303,0.04981163516640663,0.3569999933242798,0.6809999942779541
YMR234W,YHR031C,1,-3.8652878,0.0499441958963871,0.3580000102519989,0.6809999942779541
YAL024C,YNR035C,0,-3.8653445,0.049937229603528976,0.3580000102519989,0.6811000108718872
YIL035C,YOR271C,0,-3.8653584,0.04993026331067085,0.3580000102519989,0.6812000274658203
YIL090W,YPL214C,0,-3.8653612,0.04992330074310303,0.3580000102519989,0.6812999844551086
YKR034W,YGL243W,0,-3.8653874,0.0499163419008255,0.3580000102519989,0.6814000010490417
YHR029C,YDR234W,0,-3.8654153,0.049909383058547974,0.3580000102519989,0.6815000176429749
YOR217W,YJL194W,1,-3.8655639,0.050041817128658295,0.35899999737739563,0.6815000176429749
YMR145C,YML129C,0,-3.865583,0.050034843385219574,0.35899999737739563,0.6815999746322632
YAR007C,YPR162C,1,-3.8658235,0.05016722530126572,0.36000001430511475,0.6815999746322632
YPL022W,YMR312W,0,-3.8660436,0.050160232931375504,0.36000001430511475,0.6816999912261963
YFL048C,YOR075W,0,-3.8660507,0.05015324428677559,0.36000001430511475,0.6818000078201294
YGR145W,YDR067C,0,-3.8661127,0.05014625936746597,0.36000001430511475,0.6819000244140625
YER031C,YBR129C,0,-3.8661366,0.05013927444815636,0.36000001430511475,0.6819999814033508
YAL051W,YDL029W,0,-3.8662462,0.05013229325413704,0.36000001430511475,0.6820999979972839
YMR297W,YNL183C,0,-3.8662477,0.05012531206011772,0.36000001430511475,0.682200014591217
YDR414C,YHL011C,0,-3.866383,0.0501183345913887,0.36000001430511475,0.6822999715805054
YMR098C,YKR057W,0,-3.866408,0.05011135712265968,0.36000001430511475,0.6823999881744385
YLL004W,YEL032W,1,-3.8664088,0.0502435639500618,0.3610000014305115,0.6823999881744385
YDR188W,YKL161C,0,-3.866569,0.050236571580171585,0.3610000014305115,0.6825000047683716
YHR076W,YBR180W,0,-3.8666124,0.05022958293557167,0.3610000014305115,0.6826000213623047
YAL040C,YOR274W,0,-3.8667235,0.050222594290971756,0.3610000014305115,0.682699978351593
YCL051W,YNL282W,0,-3.8667302,0.05021560564637184,0.3610000014305115,0.6827999949455261
YKL001C,YLL027W,0,-3.8667367,0.050208624452352524,0.3610000014305115,0.6829000115394592
YOR187W,YJL133W,0,-3.8667836,0.05020163953304291,0.3610000014305115,0.6830000281333923
YJL081C,YJL158C,0,-3.866835,0.05019466206431389,0.3610000014305115,0.6830999851226807
YPR155C,YJR151C,0,-3.866971,0.05018768087029457,0.3610000014305115,0.6832000017166138
YPL082C,YDL077C,0,-3.8671908,0.05018070712685585,0.3610000014305115,0.6833000183105469
YDL135C,YIR026C,0,-3.8673172,0.05017373338341713,0.3610000014305115,0.6833999752998352
YPL050C,YMR089C,0,-3.86732,0.05016675963997841,0.3610000014305115,0.6834999918937683
YPL273W,YOR206W,0,-3.8673844,0.05015978962182999,0.3610000014305115,0.6836000084877014
YPL050C,YFL004W,0,-3.867433,0.050152819603681564,0.3610000014305115,0.6837000250816345
YOL144W,YPR016C,0,-3.8675385,0.05014585331082344,0.3610000014305115,0.6837999820709229
YNL262W,YJL072C,1,-3.8676364,0.05027777701616287,0.3619999885559082,0.6837999820709229
YER012W,YNL301C,0,-3.867639,0.050270795822143555,0.3619999885559082,0.683899998664856
YDR473C,YGL128C,0,-3.8676627,0.05026381462812424,0.3619999885559082,0.6840000152587891
YOL009C,YBL038W,0,-3.8676965,0.05025683715939522,0.3619999885559082,0.6840999722480774
YLL026W,YMR208W,0,-3.867721,0.0502498596906662,0.3619999885559082,0.6841999888420105
YNL322C,YPR054W,0,-3.8677213,0.05024288594722748,0.3619999885559082,0.6843000054359436
YNL290W,YGL251C,1,-3.8679876,0.05037468671798706,0.3630000054836273,0.6843000054359436
YKL039W,YPR006C,0,-3.8680077,0.050367698073387146,0.3630000054836273,0.6844000220298767
YCR086W,YNL290W,1,-3.868049,0.05049944669008255,0.36399999260902405,0.6844000220298767
YFR049W,YJL208C,0,-3.8680594,0.05049243941903114,0.36399999260902405,0.684499979019165
YOR244W,YML032C,0,-3.8681116,0.050485435873270035,0.36399999260902405,0.6845999956130981
YCL018W,YDL243C,0,-3.8682823,0.050478436052799225,0.36399999260902405,0.6847000122070312
YDR403W,YDL078C,0,-3.8683236,0.050471436232328415,0.36399999260902405,0.6848000288009644
YCL059C,YMR146C,0,-3.8683584,0.0504644401371479,0.36399999260902405,0.6848999857902527
YDR288W,YOR162C,0,-3.8684156,0.05045744404196739,0.36399999260902405,0.6850000023841858
YMR032W,YHR153C,0,-3.8685513,0.05045045167207718,0.36399999260902405,0.6851000189781189
YDR033W,YML063W,0,-3.8685942,0.050443459302186966,0.36399999260902405,0.6851999759674072
YPR120C,YJL194W,1,-3.8687313,0.05057503283023834,0.36500000953674316,0.6851999759674072
YJR021C,YER159C,0,-3.8687325,0.050568025559186935,0.36500000953674316,0.6852999925613403
YNL158W,YKL110C,0,-3.8689094,0.05056101828813553,0.36500000953674316,0.6854000091552734
YDR419W,YHL024W,1,-3.8689747,0.050692521035671234,0.3659999966621399,0.6854000091552734
YDR371W,YKL145W,0,-3.8690233,0.05068549886345863,0.3659999966621399,0.6855000257492065
YCR009C,YER055C,0,-3.8691125,0.05067848414182663,0.3659999966621399,0.6855999827384949
YOR061W,YLR106C,0,-3.8691268,0.05067146569490433,0.3659999966621399,0.685699999332428
YPL117C,YFR019W,0,-3.8691711,0.050664450973272324,0.3659999966621399,0.6858000159263611
YOR018W,YOL156W,0,-3.8692613,0.05065743997693062,0.3659999966621399,0.6858999729156494
YDR351W,YDR377W,0,-3.8693423,0.05065042898058891,0.3659999966621399,0.6859999895095825
YJR013W,YDR050C,0,-3.8693595,0.050643421709537506,0.3659999966621399,0.6861000061035156
YDL246C,YPL007C,0,-3.8693793,0.0506364144384861,0.3659999966621399,0.6862000226974487
YCR018C,YKR031C,0,-3.869388,0.05062941089272499,0.3659999966621399,0.6862999796867371
YGL006W,YER083C,0,-3.8694434,0.05062240734696388,0.3659999966621399,0.6863999962806702
YBR281C,YGL236C,0,-3.8696144,0.05061540752649307,0.3659999966621399,0.6865000128746033
YKL085W,YIR011C,0,-3.8697357,0.05060840770602226,0.3659999966621399,0.6866000294685364
YPL063W,YER061C,0,-3.869893,0.05060141161084175,0.3659999966621399,0.6866999864578247
YNL258C,YHR175W,0,-3.8699222,0.05059441551566124,0.3659999966621399,0.6868000030517578
YGR199W,YOR119C,0,-3.869955,0.05058742314577103,0.3659999966621399,0.6869000196456909
YNL262W,YDR013W,1,-3.870007,0.050718627870082855,0.367000013589859,0.6869000196456909
YBR087W,YFR027W,1,-3.8701034,0.050849799066782,0.36800000071525574,0.6869000196456909
YLR147C,YEL059C-A,0,-3.8701682,0.0508427731692791,0.36800000071525574,0.6869999766349792
YML063W,YLL009C,0,-3.8702555,0.0508357509970665,0.36800000071525574,0.6870999932289124
YDR279W,YJL194W,1,-3.8702617,0.05096685141324997,0.36899998784065247,0.6870999932289124
YHR185C,YDR030C,0,-3.870267,0.050959810614585876,0.36899998784065247,0.6872000098228455
YOR320C,YOR089C,0,-3.8704364,0.05095277726650238,0.36899998784065247,0.6873000264167786
YGR212W,YNL175C,0,-3.8704972,0.050945740193128586,0.36899998784065247,0.6873999834060669
YGL021W,YPL180W,0,-3.8705268,0.05093870684504509,0.36899998784065247,0.6875
YBR195C,YGL028C,0,-3.8714256,0.05093167722225189,0.36899998784065247,0.6876000165939331
YJL112W,YGL070C,0,-3.8716562,0.050924647599458694,0.36899998784065247,0.6876999735832214
YLR439W,YLR350W,0,-3.8716767,0.050917621701955795,0.36899998784065247,0.6877999901771545
YDR039C,YBL020W,0,-3.8717027,0.050910595804452896,0.36899998784065247,0.6879000067710876
YOR049C,YER112W,0,-3.8718226,0.050903573632240295,0.36899998784065247,0.6880000233650208
YPR154W,YMR188C,0,-3.8720446,0.050896551460027695,0.36899998784065247,0.6880999803543091
YLR017W,YCR004C,0,-3.8721566,0.05088953301310539,0.36899998784065247,0.6881999969482422
YOR080W,YDL102W,1,-3.8722188,0.051020409911870956,0.3700000047683716,0.6881999969482422
YLR246W,YER086W,0,-3.8723774,0.05101337283849716,0.3700000047683716,0.6883000135421753
YDL028C,YBL058W,0,-3.87262,0.051006339490413666,0.3700000047683716,0.6883999705314636
YIL150C,YHR164C,1,-3.8726406,0.05113714560866356,0.3709999918937683,0.6883999705314636
YKR064W,YOR174W,0,-3.8728068,0.05113010108470917,0.3709999918937683,0.6884999871253967
YGL122C,YJL062W,0,-3.8728352,0.05112305283546448,0.3709999918937683,0.6886000037193298
YLR043C,YNL218W,1,-3.8731923,0.0512537881731987,0.3720000088214874,0.6886000037193298
YLR382C,YCL057W,0,-3.8732343,0.051246728748083115,0.3720000088214874,0.6887000203132629
YDR151C,YNR024W,0,-3.8732853,0.05123966932296753,0.3720000088214874,0.6887999773025513
YIL147C,YGR062C,0,-3.8732874,0.05123261362314224,0.3720000088214874,0.6888999938964844
YOL095C,YJR135W-A,0,-3.8733075,0.051225557923316956,0.3720000088214874,0.6890000104904175
YEL032W,YER070W,1,-3.873318,0.05135618895292282,0.37299999594688416,0.6890000104904175
YNL029C,YGR189C,0,-3.8735619,0.05134911835193634,0.37299999594688416,0.6891000270843506
YPR036W,YNR044W,0,-3.873581,0.05134205147624016,0.37299999594688416,0.6891999840736389
YDL164C,YJL072C,1,-3.8736165,0.05147261172533035,0.37400001287460327,0.6891999840736389
YBR030W,YOR168W,0,-3.8736463,0.05146552994847298,0.37400001287460327,0.689300000667572
YMR125W,YDR197W,0,-3.873664,0.0514584481716156,0.37400001287460327,0.6894000172615051
YLR270W,YLR304C,0,-3.8737488,0.05145137012004852,0.37400001287460327,0.6894999742507935
YBL025W,YER113C,0,-3.873774,0.051444292068481445,0.37400001287460327,0.6895999908447266
YHR118C,YJL173C,1,-3.8738708,0.05157474800944328,0.375,0.6895999908447266
YFL041W,YER171W,0,-3.8739164,0.05156765505671501,0.375,0.6897000074386597
YPR192W,YBR251W,0,-3.8741422,0.05156056582927704,0.375,0.6898000240325928
YNR028W,YPR037C,0,-3.8741975,0.051553476601839066,0.375,0.6898999810218811
YDL055C,YDR251W,0,-3.8742647,0.05154639109969139,0.375,0.6899999976158142
YPL153C,YJL194W,1,-3.87431,0.05167674645781517,0.37599998712539673,0.6899999976158142
YGR156W,YNL278W,0,-3.8743567,0.051669642329216,0.37599998712539673,0.6901000142097473
YHR164C,YER070W,1,-3.874672,0.051799945533275604,0.37700000405311584,0.6901000142097473
YMR100W,YDR300C,0,-3.8748202,0.05179283022880554,0.37700000405311584,0.6901999711990356
YOR074C,YOR080W,1,-3.8748717,0.051923077553510666,0.3779999911785126,0.6901999711990356
YKL166C,YGR184C,0,-3.8749232,0.05191594734787941,0.3779999911785126,0.6902999877929688
YPR019W,YBR278W,1,-3.8749447,0.052046142518520355,0.3790000081062317,0.6902999877929688
YNL262W,YFR027W,1,-3.8749933,0.052176300436258316,0.3799999952316284,0.6902999877929688
YFR027W,YDR121W,1,-3.8751016,0.05230642482638359,0.38100001215934753,0.6902999877929688
YKL173W,YMR218C,0,-3.8752,0.052299246191978455,0.38100001215934753,0.6904000043869019
YJL166W,YJR102C,0,-3.8752334,0.05229206755757332,0.38100001215934753,0.690500020980835
YBR278W,YJL194W,1,-3.8752847,0.05242212116718292,0.38199999928474426,0.690500020980835
YHR117W,YOL043C,0,-3.8754392,0.05241492763161659,0.38199999928474426,0.6905999779701233
YDR460W,YER126C,0,-3.8755789,0.05240773782134056,0.38199999928474426,0.6906999945640564
YGR123C,YER111C,0,-3.8756208,0.05240054801106453,0.38199999928474426,0.6908000111579895
YCR086W,YDR052C,1,-3.8756208,0.05253051593899727,0.382999986410141,0.6908000111579895
YOR176W,YPR173C,0,-3.8756337,0.05252331495285034,0.382999986410141,0.6909000277519226
YDL220C,YLR330W,0,-3.8757796,0.052516110241413116,0.382999986410141,0.6909999847412109
YER129W,YJL194W,1,-3.875835,0.05264601111412048,0.3840000033378601,0.6909999847412109
YGR167W,YBR274W,0,-3.8761094,0.05263879522681236,0.3840000033378601,0.691100001335144
YOL030W,YJR104C,0,-3.8762221,0.05263157933950424,0.3840000033378601,0.6912000179290771
YIL150C,YLR103C,1,-3.8762727,0.05276140943169594,0.38499999046325684,0.6912000179290771
YGR024C,YHR109W,0,-3.8764815,0.052754178643226624,0.38499999046325684,0.6912999749183655
YDR481C,YDR353W,0,-3.876873,0.05274695158004761,0.38499999046325684,0.6913999915122986
YGL220W,YKR031C,0,-3.8769088,0.05273972451686859,0.38499999046325684,0.6915000081062317
YER173W,YAL026C,0,-3.8769484,0.052732501178979874,0.38499999046325684,0.6916000247001648
YFR027W,YGL251C,1,-3.877224,0.05286223068833351,0.38600000739097595,0.6916000247001648
YBR055C,YMR270C,0,-3.8774831,0.0528549924492836,0.38600000739097595,0.6916999816894531
YDL031W,YBL089W,0,-3.8775678,0.05284775421023369,0.38600000739097595,0.6917999982833862
YDL113C,YDR347W,0,-3.8776555,0.052840519696474075,0.38600000739097595,0.6919000148773193
YDR304C,YPL089C,0,-3.877798,0.05283328890800476,0.38600000739097595,0.6919999718666077
YDR323C,YPL271W,0,-3.877802,0.052826058119535446,0.38600000739097595,0.6920999884605408
YPR106W,YJR103W,0,-3.8778405,0.05281882733106613,0.38600000739097595,0.6922000050544739
YFL037W,YHR088W,0,-3.877841,0.052811603993177414,0.38600000739097595,0.692300021648407
YPL078C,YPL210C,0,-3.877976,0.0528043769299984,0.38600000739097595,0.6923999786376953
YNL199C,YML073C,0,-3.878056,0.05279715359210968,0.38600000739097595,0.6924999952316284
YLL026W,YDR160W,0,-3.878122,0.05278993397951126,0.38600000739097595,0.6926000118255615
YBR170C,YDR236C,0,-3.8781548,0.05278271436691284,0.38600000739097595,0.6927000284194946
YOR270C,YFR041C,0,-3.878269,0.05277549847960472,0.38600000739097595,0.692799985408783
YOL158C,YLR047C,0,-3.8782883,0.0527682825922966,0.38600000739097595,0.6929000020027161
YPL196W,YGR095C,0,-3.878349,0.05276107043027878,0.38600000739097595,0.6930000185966492
YNR072W,YKR026C,0,-3.878675,0.052753861993551254,0.38600000739097595,0.6930999755859375
YML109W,YGL006W,0,-3.879075,0.05274665355682373,0.38600000739097595,0.6931999921798706
YNR027W,YNL259C,0,-3.8791635,0.05273944512009621,0.38600000739097595,0.6933000087738037
YOR346W,YHR118C,1,-3.8791804,0.05286885425448418,0.3869999945163727,0.6933000087738037
YGL171W,YLR315W,0,-3.879214,0.05286163091659546,0.3869999945163727,0.6934000253677368
YHR118C,YNL218W,1,-3.879229,0.05299098789691925,0.3880000114440918,0.6934000253677368
YER111C,YDR337W,0,-3.8792624,0.05298374965786934,0.3880000114440918,0.6934999823570251
YER101C,YOR119C,0,-3.879278,0.052976515144109726,0.3880000114440918,0.6935999989509583
YER032W,YMR198W,0,-3.879291,0.05296928435564041,0.3880000114440918,0.6937000155448914
YIL137C,YOR174W,0,-3.8793898,0.0529620535671711,0.3880000114440918,0.6937999725341797
YGL113W,YNL102W,1,-3.8796659,0.05309130623936653,0.3889999985694885,0.6937999725341797
YCR086W,YHR031C,1,-3.8796673,0.05322052538394928,0.38999998569488525,0.6937999725341797
YDR419W,YIL150C,1,-3.8797007,0.053349707275629044,0.39100000262260437,0.6937999725341797
YJL083W,YBR089C-A,0,-3.8799078,0.05334242805838585,0.39100000262260437,0.6938999891281128
YNL039W,YLR141W,0,-3.8799574,0.05333515256643295,0.39100000262260437,0.6940000057220459
YIL128W,YBL063W,0,-3.8800602,0.05332787707448006,0.39100000262260437,0.694100022315979
YJL082W,YHR041C,0,-3.880304,0.05332060530781746,0.39100000262260437,0.6941999793052673
YBR278W,YLR103C,1,-3.8803272,0.053449686616659164,0.3919999897480011,0.6941999793052673
YDR364C,YHR057C,0,-3.8804307,0.05344239994883537,0.3919999897480011,0.6942999958992004
YDL185W,YBR237W,0,-3.8804932,0.05343511328101158,0.3919999897480011,0.6944000124931335
YLR450W,YLR315W,0,-3.8805208,0.05342783033847809,0.3919999897480011,0.6945000290870667
YGL078C,YNL175C,0,-3.8805509,0.053420551121234894,0.3919999897480011,0.694599986076355
YGR143W,YMR133W,0,-3.8805854,0.0534132719039917,0.3919999897480011,0.6947000026702881
YLR085C,YIR002C,0,-3.8806052,0.0534059964120388,0.3919999897480011,0.6948000192642212
YDL083C,YEL058W,0,-3.8806186,0.05339872092008591,0.3919999897480011,0.6948999762535095
YCR072C,YOR266W,0,-3.880802,0.05339144542813301,0.3919999897480011,0.6949999928474426
YOR334W,YIR025W,0,-3.8808403,0.05338417366147041,0.3919999897480011,0.6951000094413757
YGL027C,YKR037C,0,-3.8808932,0.053376905620098114,0.3919999897480011,0.6952000260353088
YLR203C,YMR228W,0,-3.8809464,0.053369637578725815,0.3919999897480011,0.6952999830245972
YOR334W,YBR095C,0,-3.8810718,0.053362373262643814,0.3919999897480011,0.6953999996185303
YJL103C,YDR245W,0,-3.8811257,0.05335511267185211,0.3919999897480011,0.6955000162124634
YGL209W,YEL044W,0,-3.8811436,0.05334784835577011,0.3919999897480011,0.6955999732017517
YLR215C,YHR170W,0,-3.8814547,0.05334059149026871,0.3919999897480011,0.6956999897956848
YKL194C,YIL142W,0,-3.8816032,0.0533333346247673,0.3919999897480011,0.6958000063896179
YMR223W,YOR355W,0,-3.8816245,0.0533260777592659,0.3919999897480011,0.695900022983551
YLR360W,YPR068C,0,-3.881659,0.053318824619054794,0.3919999897480011,0.6959999799728394
YKL087C,YKL129C,0,-3.8817098,0.05331157520413399,0.3919999897480011,0.6960999965667725
YPL274W,YDR443C,0,-3.8817284,0.05330432578921318,0.3919999897480011,0.6962000131607056
YCR098C,YLL022C,0,-3.8818064,0.053297076374292374,0.3919999897480011,0.6963000297546387
YOR201C,YPL092W,0,-3.881827,0.053289830684661865,0.3919999897480011,0.696399986743927
YGR030C,YLR120C,0,-3.8818622,0.053282588720321655,0.3919999897480011,0.6965000033378601
YOR074C,YDR052C,1,-3.8823483,0.05341125279664993,0.3930000066757202,0.6965000033378601
YOL007C,YOR129C,0,-3.8824158,0.05340399593114853,0.3930000066757202,0.6966000199317932
YBR207W,YML094W,0,-3.8824754,0.053396739065647125,0.3930000066757202,0.6966999769210815
YBL092W,YFR013W,0,-3.8825788,0.05338948592543602,0.3930000066757202,0.6967999935150146
YKL124W,YPL106C,0,-3.8826113,0.053382232785224915,0.3930000066757202,0.6969000101089478
YAL040C,YNR045W,0,-3.882693,0.05337498337030411,0.3930000066757202,0.6970000267028809
YFL049W,YHR036W,0,-3.882853,0.0533677339553833,0.3930000066757202,0.6970999836921692
YPL179W,YKL067W,0,-3.883212,0.05336048826575279,0.3930000066757202,0.6972000002861023
YKL109W,YJR051W,0,-3.883236,0.05335324630141258,0.3930000066757202,0.6973000168800354
YOL121C,YKL154W,0,-3.8833077,0.053346000611782074,0.3930000066757202,0.6973999738693237
YJR068W,YGL251C,1,-3.8834023,0.053474485874176025,0.39399999380111694,0.6973999738693237
YPR182W,YOR117W,0,-3.8834538,0.05346722900867462,0.39399999380111694,0.6974999904632568
YKL056C,YDR469W,0,-3.8834982,0.05345997214317322,0.39399999380111694,0.6976000070571899
YDR052C,YHR031C,1,-3.8835402,0.0535883866250515,0.39500001072883606,0.6976000070571899
YLR361C,YMR229C,0,-3.8835404,0.0535811185836792,0.39500001072883606,0.697700023651123
YOR074C,YLR043C,1,-3.8839664,0.0537094809114933,0.3959999978542328,0.697700023651123
YER052C,YAL007C,0,-3.8840227,0.05370219796895981,0.3959999978542328,0.6977999806404114
YLR321C,YLR059C,0,-3.8840988,0.053694915026426315,0.3959999978542328,0.6978999972343445
YCL066W,YPL203W,0,-3.8840995,0.05368763580918312,0.3959999978542328,0.6980000138282776
YOL076W,YPL147W,0,-3.8843353,0.053680356591939926,0.3959999978542328,0.6980999708175659
YNL008C,YJR049C,0,-3.884431,0.05367308109998703,0.3959999978542328,0.698199987411499
YDR200C,YOR315W,0,-3.8846598,0.05366580933332443,0.3959999978542328,0.6983000040054321
YKL017C,YNL290W,1,-3.8846688,0.05379403755068779,0.3970000147819519,0.6983000040054321
YPL017C,YLR377C,0,-3.8847609,0.053786750882864,0.3970000147819519,0.6984000205993652
YIL143C,YJR151C,0,-3.8848836,0.05377946421504021,0.3970000147819519,0.6984999775886536
YLR452C,YGL232W,0,-3.8848872,0.053772177547216415,0.3970000147819519,0.6985999941825867
YDR265W,YMR115W,0,-3.8850179,0.05376489832997322,0.3970000147819519,0.6987000107765198
YMR101C,YIL088C,0,-3.8850784,0.05375761538743973,0.3970000147819519,0.6988000273704529
YKL149C,YGR113W,0,-3.885251,0.05375033989548683,0.3970000147819519,0.6988999843597412
YOR116C,YOL136C,0,-3.885581,0.05374306067824364,0.3970000147819519,0.6990000009536743
YMR177W,YDL006W,0,-3.8856263,0.05373578891158104,0.3970000147819519,0.6991000175476074
YGR145W,YKR027W,0,-3.885667,0.05372851714491844,0.3970000147819519,0.6991999745368958
YMR036C,YNL036W,0,-3.8857377,0.053721245378255844,0.3970000147819519,0.6992999911308289
YDR536W,YOR227W,0,-3.885839,0.053713977336883545,0.3970000147819519,0.699400007724762
YDR528W,YML070W,0,-3.8858612,0.053706709295511246,0.3970000147819519,0.6995000243186951
YML098W,YLR451W,0,-3.8859434,0.053699444979429245,0.3970000147819519,0.6995999813079834
YDR499W,YBR045C,0,-3.8862264,0.05369218438863754,0.3970000147819519,0.6996999979019165
YHR056C,YOL023W,0,-3.8862913,0.05368492379784584,0.3970000147819519,0.6998000144958496
YPR135W,YJL072C,1,-3.886375,0.05381287261843681,0.39800000190734863,0.6998000144958496
YMR176W,YKR058W,0,-3.8864694,0.05380559712648392,0.39800000190734863,0.6998999714851379
YOR270C,YBR033W,0,-3.886476,0.05379832535982132,0.39800000190734863,0.699999988079071
YDR532C,YHR059W,0,-3.8864894,0.05379105359315872,0.39800000190734863,0.7001000046730042
YNL175C,YPL038W,0,-3.8867095,0.05378378555178642,0.39800000190734863,0.7002000212669373
YCL016C,YDR072C,0,-3.8867466,0.053776517510414124,0.39800000190734863,0.7002999782562256
YNL048W,YMR300C,0,-3.8867788,0.05376925319433212,0.39800000190734863,0.7003999948501587
YLR043C,YJR057W,1,-3.886869,0.05389706790447235,0.39899998903274536,0.7003999948501587
YLR214W,YLR113W,0,-3.8868709,0.053889788687229156,0.39899998903274536,0.7005000114440918
YJR065C,YMR316W,0,-3.8871422,0.05388251319527626,0.39899998903274536,0.7006000280380249
YOR237W,YNL081C,0,-3.8872294,0.053875237703323364,0.39899998903274536,0.7006999850273132
YGR220C,YLR441C,0,-3.8874514,0.05386796221137047,0.39899998903274536,0.7008000016212463
YJL130C,YHR170W,0,-3.8875246,0.05386069044470787,0.39899998903274536,0.7009000182151794
YEL032W,YER129W,1,-3.8875294,0.053988393396139145,0.4000000059604645,0.7009000182151794
YPL235W,YMR182C,0,-3.8875844,0.05398110672831535,0.4000000059604645,0.7009999752044678
YNL117W,YBR241C,0,-3.8876977,0.05397382378578186,0.4000000059604645,0.7010999917984009
YDR303C,YAL017W,0,-3.8879306,0.05396654084324837,0.4000000059604645,0.701200008392334
YIR031C,YCR018C,0,-3.888104,0.05395926162600517,0.4000000059604645,0.7013000249862671
YNR003C,YKL079W,0,-3.8881621,0.05395198240876198,0.4000000059604645,0.7013999819755554
YDR471W,YOL126C,0,-3.8881984,0.05394470691680908,0.4000000059604645,0.7014999985694885
YER095W,YNL206C,0,-3.8882027,0.053937431424856186,0.4000000059604645,0.7016000151634216
YBL011W,YHR160C,0,-3.888218,0.05393015965819359,0.4000000059604645,0.70169997215271
YNL210W,YNR024W,0,-3.8882809,0.05392289161682129,0.4000000059604645,0.7017999887466431
YOR346W,YOR217W,1,-3.888308,0.05405041202902794,0.4009999930858612,0.7017999887466431
YBR150C,YNL273W,0,-3.8883786,0.05404312536120415,0.4009999930858612,0.7019000053405762
YAL010C,YOR129C,0,-3.8883963,0.054035842418670654,0.4009999930858612,0.7020000219345093
YER031C,YLR371W,0,-3.8884292,0.05402856320142746,0.4009999930858612,0.7020999789237976
YKR053C,YML081C-A,0,-3.8884332,0.054021283984184265,0.4009999930858612,0.7021999955177307
YDL102W,YJL194W,1,-3.8884764,0.054148707538843155,0.4020000100135803,0.7021999955177307
YJR078W,YNL056W,0,-3.8884897,0.054141413420438766,0.4020000100135803,0.7023000121116638
YOL067C,YAL013W,0,-3.8889456,0.054134123027324677,0.4020000100135803,0.7024000287055969
YJL072C,YCR086W,1,-3.8891037,0.054261479526758194,0.40299999713897705,0.7024000287055969
YGR202C,YGR254W,0,-3.889141,0.05425417423248291,0.40299999713897705,0.7024999856948853
YMR203W,YGR080W,0,-3.8891711,0.054246868938207626,0.40299999713897705,0.7026000022888184
YEL005C,YDL035C,0,-3.889298,0.05423957109451294,0.40299999713897705,0.7027000188827515
YLR099C,YNR030W,0,-3.88934,0.054232269525527954,0.40299999713897705,0.7027999758720398
YDR069C,YHR031C,1,-3.8894796,0.05435952544212341,0.40400001406669617,0.7027999758720398
YDL008W,YDR517W,0,-3.889559,0.05435221269726753,0.40400001406669617,0.7028999924659729
YDR168W,YER002W,0,-3.889666,0.05434489995241165,0.40400001406669617,0.703000009059906
YER165W,YDL120W,0,-3.889764,0.05433759093284607,0.40400001406669617,0.7031000256538391
YOR018W,YPL127C,0,-3.8901398,0.054330285638570786,0.40400001406669617,0.7031999826431274
YLR039C,YMR101C,0,-3.8901458,0.0543229803442955,0.40400001406669617,0.7032999992370605
YDR076W,YGL050W,0,-3.8902993,0.05431567505002022,0.40400001406669617,0.7034000158309937
YJR097W,YMR091C,0,-3.8903148,0.05430837348103523,0.40400001406669617,0.703499972820282
YDR390C,YML102W,0,-3.8904538,0.054301075637340546,0.40400001406669617,0.7035999894142151
YLR028C,YHL028W,0,-3.8904767,0.05429377779364586,0.40400001406669617,0.7037000060081482
YPL208W,YMR033W,0,-3.8905456,0.05428648367524147,0.40400001406669617,0.7038000226020813
YDL101C,YOR011W,0,-3.8906074,0.05427918955683708,0.40400001406669617,0.7038999795913696
YFL005W,YIR012W,0,-3.8906326,0.054271895438432693,0.40400001406669617,0.7039999961853027
YLR386W,YPL078C,0,-3.8908052,0.0542646087706089,0.40400001406669617,0.7041000127792358
YFR025C,YOR044W,0,-3.8909402,0.05425731837749481,0.40400001406669617,0.704200029373169
YDL024C,YBL047C,0,-3.8909817,0.05425003170967102,0.40400001406669617,0.7042999863624573
YOR087W,YLR386W,0,-3.891027,0.05424274876713753,0.40400001406669617,0.7044000029563904
YOR043W,YPR054W,0,-3.8911228,0.05423546954989433,0.40400001406669617,0.7045000195503235
YDL164C,YKL017C,1,-3.891178,0.05436241626739502,0.4050000011920929,0.7045000195503235
YMR013C,YMR182C,0,-3.891268,0.05435511842370033,0.4050000011920929,0.7045999765396118
YBR033W,YOR089C,0,-3.8913126,0.054347824305295944,0.4050000011920929,0.7046999931335449
YHR004C,YBL056W,0,-3.8913374,0.054340533912181854,0.4050000011920929,0.704800009727478
YLR008C,YNL138W,0,-3.8914523,0.054333243519067764,0.4050000011920929,0.7049000263214111
YIL034C,YKL195W,0,-3.8914752,0.05432595685124397,0.4050000011920929,0.7049999833106995
YBR166C,YGL161C,0,-3.8917391,0.05431867018342018,0.4050000011920929,0.7050999999046326
YBR035C,YHR011W,0,-3.8917418,0.05431138351559639,0.4050000011920929,0.7052000164985657
YNL102W,YKL017C,1,-3.8917618,0.054438188672065735,0.4059999883174896,0.7052000164985657
YJR127C,YER113C,0,-3.8917825,0.05443088710308075,0.4059999883174896,0.705299973487854
YLR037C,YNR022C,0,-3.8918319,0.05442359298467636,0.4059999883174896,0.7053999900817871
YLR090W,YKR035W-A,0,-3.891838,0.05441629886627197,0.4059999883174896,0.7055000066757202
YML032C,YPR168W,0,-3.892029,0.054409004747867584,0.4059999883174896,0.7056000232696533
YMR306W,YOR266W,0,-3.8920743,0.054401714354753494,0.4059999883174896,0.7056999802589417
YBR041W,YER072W,0,-3.8920841,0.0543944276869297,0.4059999883174896,0.7057999968528748
YNL202W,YDR347W,0,-3.892168,0.05438714101910591,0.4059999883174896,0.7059000134468079
YPR106W,YLR451W,0,-3.892229,0.05437985435128212,0.4059999883174896,0.7059999704360962
YLR043C,YDL056W,1,-3.892239,0.05450649559497833,0.40700000524520874,0.7059999704360962
YKL045W,YGL251C,1,-3.892438,0.05463309958577156,0.40799999237060547,0.7059999704360962
YBL039C,YKL004W,0,-3.8925338,0.05462578684091568,0.40799999237060547,0.7060999870300293
YGL251C,YDR121W,1,-3.8925502,0.05475234240293503,0.4090000092983246,0.7060999870300293
YGR037C,YDR077W,0,-3.8926528,0.054745014756917953,0.4090000092983246,0.7062000036239624
YFL057C,YGR099W,0,-3.8926902,0.05473768711090088,0.4090000092983246,0.7063000202178955
YLR052W,YIL075C,0,-3.8930259,0.0547303631901741,0.4090000092983246,0.7063999772071838
YML028W,YAR002C-A,0,-3.8931444,0.05472303926944733,0.4090000092983246,0.7064999938011169
YOR068C,YER072W,0,-3.893203,0.05471571907401085,0.4090000092983246,0.70660001039505
YDR234W,YNL129W,0,-3.8932095,0.05470839887857437,0.4090000092983246,0.7067000269889832
YKL143W,YGL137W,0,-3.893247,0.05470108240842819,0.4090000092983246,0.7067999839782715
YLR214W,YLR115W,0,-3.8932714,0.05469376966357231,0.4090000092983246,0.7069000005722046
YOR101W,YCR093W,0,-3.8934858,0.05468645691871643,0.4090000092983246,0.7070000171661377
YKR079C,YKL005C,0,-3.8934903,0.05467914417386055,0.4090000092983246,0.707099974155426
YMR304W,YJL071W,0,-3.8935723,0.05467183515429497,0.4090000092983246,0.7071999907493591
YPR073C,YNR007C,0,-3.8936114,0.054664529860019684,0.4090000092983246,0.7073000073432922
YDR013W,YGL251C,1,-3.893679,0.054790858179330826,0.4099999964237213,0.7073000073432922
YLR404W,YOR117W,0,-3.8936963,0.05478353798389435,0.4099999964237213,0.7074000239372253
YDR437W,YDL087C,0,-3.8938026,0.05477621778845787,0.4099999964237213,0.7074999809265137
YCL018W,YLR264W,0,-3.8939018,0.05476890131831169,0.4099999964237213,0.7075999975204468
YHR001W-A,YNR028W,0,-3.894198,0.05476158857345581,0.4099999964237213,0.7077000141143799
YPL202C,YDR392W,0,-3.894604,0.05475427210330963,0.4099999964237213,0.7077999711036682
YHR186C,YCR093W,0,-3.8948698,0.05474696308374405,0.4099999964237213,0.7078999876976013
YER052C,YGL087C,0,-3.895022,0.05473965406417847,0.4099999964237213,0.7080000042915344
YNR047W,YHL047C,0,-3.8952098,0.054732345044612885,0.4099999964237213,0.7081000208854675
YBR085W,YIR019C,0,-3.8952966,0.0547250397503376,0.4099999964237213,0.7081999778747559
YDR403W,YLR206W,0,-3.895364,0.054717738181352615,0.4099999964237213,0.708299994468689
YMR306W,YMR012W,0,-3.8953962,0.05471043661236763,0.4099999964237213,0.7084000110626221
YDR332W,YLR285W,0,-3.8954134,0.054703135043382645,0.4099999964237213,0.7085000276565552
YJR135C,YBR050C,0,-3.8955753,0.05469583719968796,0.4099999964237213,0.7085999846458435
YPR068C,YGL073W,0,-3.8956177,0.05468854308128357,0.4099999964237213,0.7087000012397766
YBL088C,YLR167W,0,-3.8957617,0.05468124896287918,0.4099999964237213,0.7088000178337097
YFR040W,YOR109W,0,-3.8957691,0.05467395484447479,0.4099999964237213,0.708899974822998
YKL017C,YAR007C,1,-3.8959148,0.05480000004172325,0.41100001335144043,0.708899974822998
YMR123W,YDR126W,0,-3.8962495,0.05479269474744797,0.41100001335144043,0.7089999914169312
YDR439W,YPL135W,0,-3.8962643,0.054785389453172684,0.41100001335144043,0.7091000080108643
YBL035C,YBR202W,1,-3.896353,0.05491136759519577,0.41200000047683716,0.7091000080108643
YOR232W,YGR097W,0,-3.8963766,0.05490405112504959,0.41200000047683716,0.7092000246047974
YFR027W,YJL194W,1,-3.8964174,0.0550299808382988,0.4129999876022339,0.7092000246047974
YPL099C,YNL301C,0,-3.8964648,0.055022649466991425,0.4129999876022339,0.7092999815940857
YNR028W,YER099C,0,-3.8965364,0.05501531809568405,0.4129999876022339,0.7093999981880188
YDR501W,YDR495C,0,-3.8965926,0.05500799044966698,0.4129999876022339,0.7095000147819519
YIL021W,YKL014C,0,-3.8966026,0.0550006665289402,0.4129999876022339,0.7095999717712402
YHR070W,YPR187W,0,-3.896712,0.054993342608213425,0.4129999876022339,0.7096999883651733
YGL142C,YLR044C,0,-3.8970225,0.05498601868748665,0.4129999876022339,0.7098000049591064
YNL216W,YLR107W,0,-3.8970256,0.05497870221734047,0.4129999876022339,0.7099000215530396
YFR027W,YJL173C,1,-3.897088,0.055104486644268036,0.414000004529953,0.7099000215530396
YPL235W,YCL066W,0,-3.8971672,0.055097151547670364,0.414000004529953,0.7099999785423279
YOR079C,YML106W,0,-3.8976955,0.05508982017636299,0.414000004529953,0.710099995136261
YPL202C,YBR237W,0,-3.8977907,0.05508249253034592,0.414000004529953,0.7102000117301941
YJL200C,YGL186C,0,-3.897871,0.055075161159038544,0.414000004529953,0.7103000283241272
YDR110W,YDR279W,1,-3.8981872,0.05520085245370865,0.41499999165534973,0.7103000283241272
YPL033C,YDR175C,0,-3.8981977,0.05519350990653038,0.41499999165534973,0.7103999853134155
YOR071C,YLR167W,0,-3.8982072,0.05518617108464241,0.41499999165534973,0.7105000019073486
YMR184W,YGL259W,0,-3.8983212,0.05517883226275444,0.41499999165534973,0.7106000185012817
YDR372C,YMR036C,0,-3.8983645,0.05517149716615677,0.41499999165534973,0.7106999754905701
YDL135C,YNL309W,0,-3.8984416,0.0551641620695591,0.41499999165534973,0.7107999920845032
YMR078C,YOR191W,0,-3.8984456,0.055156830698251724,0.41499999165534973,0.7109000086784363
YHR031C,YPR162C,1,-3.898738,0.05528239160776138,0.41600000858306885,0.7109000086784363
YOL093W,YLL061W,0,-3.899182,0.055275045335292816,0.41600000858306885,0.7110000252723694
YDR323C,YGL006W,0,-3.89924,0.05526770278811455,0.41600000858306885,0.7110999822616577
YCL067C,YPL154C,0,-3.8993,0.05526036024093628,0.41600000858306885,0.7111999988555908
YOL076W,YBL041W,0,-3.8993986,0.05525302141904831,0.41600000858306885,0.7113000154495239
YLR099C,YDR392W,0,-3.899525,0.05524568259716034,0.41600000858306885,0.7113999724388123
YLR466W,YKL110C,0,-3.8997178,0.05523834750056267,0.41600000858306885,0.7114999890327454
YML112W,YGL220W,0,-3.8997364,0.055231016129255295,0.41600000858306885,0.7116000056266785
YPL119C,YPL101W,0,-3.8997924,0.05522368103265762,0.41600000858306885,0.7117000222206116
YMR186W,YKL007W,0,-3.899859,0.05521635338664055,0.41600000858306885,0.7117999792098999
YPR035W,YJL183W,0,-3.8999238,0.055209025740623474,0.41600000858306885,0.711899995803833
YOR032C,YJR048W,0,-3.8999734,0.0552016980946064,0.41600000858306885,0.7120000123977661
YCR036W,YMR220W,0,-3.9000502,0.05519437417387962,0.41600000858306885,0.7121000289916992
YPL273W,YKR035W-A,0,-3.9001064,0.055187053978443146,0.41600000858306885,0.7121999859809875
YJR083C,YPL038W,0,-3.9001186,0.05517973378300667,0.41600000858306885,0.7123000025749207
YPR102C,YKR028W,0,-3.900301,0.05517241358757019,0.41600000858306885,0.7124000191688538
YDR012W,YDL099W,0,-3.900333,0.05516509711742401,0.41600000858306885,0.7124999761581421
YIL030C,YER007W,0,-3.900384,0.05515778437256813,0.41600000858306885,0.7125999927520752
YOR239W,YPL051W,0,-3.9003892,0.05515047162771225,0.41600000858306885,0.7127000093460083
YPR035W,YCR077C,0,-3.9004269,0.05514315888285637,0.41600000858306885,0.7128000259399414
YJL133W,YAL062W,0,-3.9006376,0.05513584986329079,0.41600000858306885,0.7128999829292297
YEL032W,YOR330C,1,-3.9007397,0.05526106432080269,0.4169999957084656,0.7128999829292297
YGL112C,YPL134C,0,-3.9009242,0.05525374412536621,0.4169999957084656,0.7129999995231628
YHR143W,YIL008W,0,-3.9009633,0.05524642392992973,0.4169999957084656,0.713100016117096
YNR053C,YML063W,0,-3.901061,0.055239103734493256,0.4169999957084656,0.7131999731063843
YLR344W,YDR497C,0,-3.9010978,0.055231787264347076,0.4169999957084656,0.7132999897003174
YPR054W,YKL191W,0,-3.9011426,0.055224474519491196,0.4169999957084656,0.7134000062942505
YPL194W,YCL008C,0,-3.9012203,0.055217161774635315,0.4169999957084656,0.7135000228881836
YLR023C,YDR443C,0,-3.9012232,0.055209849029779434,0.4169999957084656,0.7135999798774719
YBL030C,YNL077W,0,-3.9012792,0.05520254001021385,0.4169999957084656,0.713699996471405
YCL031C,YIL048W,0,-3.9013329,0.05519523471593857,0.4169999957084656,0.7138000130653381
YGR014W,YNL101W,0,-3.9013677,0.055187929421663284,0.4169999957084656,0.7139000296592712
YDR281C,YPL121C,0,-3.901472,0.0551806278526783,0.4169999957084656,0.7139999866485596
YJR046W,YOR217W,1,-3.9014778,0.055305637419223785,0.4180000126361847,0.7139999866485596
YKR002W,YKR044W,0,-3.9014938,0.055298320949077606,0.4180000126361847,0.7141000032424927
YDL074C,YDR281C,0,-3.9015586,0.05529100447893143,0.4180000126361847,0.7142000198364258
YHR185C,YKL140W,0,-3.9015872,0.055283691734075546,0.4180000126361847,0.7142999768257141
YML015C,YDL072C,0,-3.9016538,0.055276382714509964,0.4180000126361847,0.7143999934196472
YKR089C,YJL065C,0,-3.9017313,0.05526907369494438,0.4180000126361847,0.7145000100135803
YML091C,YMR220W,0,-3.9020543,0.0552617646753788,0.4180000126361847,0.7146000266075134
YIL147C,YDR059C,0,-3.9021063,0.055254463106393814,0.4180000126361847,0.7146999835968018
YBR061C,YLR329W,0,-3.9022374,0.05524715781211853,0.4180000126361847,0.7148000001907349
YDR067C,YIL014W,0,-3.902257,0.055239856243133545,0.4180000126361847,0.714900016784668
YGL173C,YDR508C,0,-3.9023514,0.05523255839943886,0.4180000126361847,0.7149999737739563
YPR060C,YCR096C,0,-3.902384,0.05522526055574417,0.4180000126361847,0.7150999903678894
YCR086W,YDR013W,1,-3.9024081,0.05535006523132324,0.4189999997615814,0.7150999903678894
YDR486C,YDR517W,0,-3.9024267,0.05534275621175766,0.4189999997615814,0.7152000069618225
YOR129C,YJR103W,0,-3.9024534,0.05533544719219208,0.4189999997615814,0.7153000235557556
YLR300W,YDR044W,0,-3.9026523,0.055328138172626495,0.4189999997615814,0.715399980545044
YHR013C,YJL128C,0,-3.9027443,0.05532083287835121,0.4189999997615814,0.715499997138977
YBR145W,YDR005C,0,-3.9028077,0.055313531309366226,0.4189999997615814,0.7156000137329102
YOL103W,YBR261C,0,-3.9028378,0.05530622974038124,0.4189999997615814,0.7156999707221985
YBR155W,YHR059W,0,-3.9029677,0.055298931896686554,0.4189999997615814,0.7157999873161316
YML086C,YOR191W,0,-3.9031563,0.05529163405299187,0.4189999997615814,0.7159000039100647
YNL130C,YLL050C,0,-3.9031856,0.05528433993458748,0.4189999997615814,0.7160000205039978
YDR395W,YGL076C,0,-3.9032917,0.05527704581618309,0.4189999997615814,0.7160999774932861
YDR301W,YOL005C,0,-3.9033341,0.0552697516977787,0.4189999997615814,0.7161999940872192
YFL004W,YGL225W,0,-3.903348,0.05526246502995491,0.4189999997615814,0.7163000106811523
YNL219C,YGR170W,0,-3.9034503,0.05525517463684082,0.4189999997615814,0.7164000272750854
YLR244C,YOL138C,0,-3.903527,0.05524789169430733,0.4189999997615814,0.7164999842643738
YML047C,YDR375C,0,-3.9036255,0.055240605026483536,0.4189999997615814,0.7166000008583069
YER151C,YKL155C,0,-3.9036326,0.05523332580924034,0.4189999997615814,0.71670001745224
YAL041W,YGR268C,0,-3.9036484,0.05522604286670685,0.4189999997615814,0.7167999744415283
YJL103C,YBL017C,0,-3.9036667,0.05521876737475395,0.4189999997615814,0.7168999910354614
YMR072W,YER093C,0,-3.903687,0.055211491882801056,0.4189999997615814,0.7170000076293945
YNL261W,YMR001C,1,-3.903694,0.05533596873283386,0.41999998688697815,0.7170000076293945
YNL240C,YCL008C,0,-3.9037285,0.05532867833971977,0.41999998688697815,0.7171000242233276
YCL043C,YKL006W,0,-3.9038582,0.05532139167189598,0.41999998688697815,0.717199981212616
YIL147C,YLR037C,0,-3.9040751,0.05531410500407219,0.41999998688697815,0.7172999978065491
YML013W,YDR435C,0,-3.9041848,0.055306822061538696,0.41999998688697815,0.7174000144004822
YMR054W,YGR171C,0,-3.9043658,0.0552995391190052,0.41999998688697815,0.7174999713897705
YAR002C-A,YOL054W,0,-3.9044595,0.05529225990176201,0.41999998688697815,0.7175999879837036
YNL129W,YPL017C,0,-3.9045866,0.055284980684518814,0.41999998688697815,0.7177000045776367
YNL288W,YGL233W,0,-3.9046226,0.05527770519256592,0.41999998688697815,0.7178000211715698
YNL052W,YNR007C,0,-3.904736,0.05527042970061302,0.41999998688697815,0.7178999781608582
YJL134W,YOL100W,0,-3.9051912,0.055263157933950424,0.41999998688697815,0.7179999947547913
YGR106C,YNL059C,0,-3.9051964,0.05525588616728783,0.41999998688697815,0.7181000113487244
YEL032W,YMR234W,1,-3.9054976,0.055380161851644516,0.42100000381469727,0.7181000113487244
YGR178C,YNL167C,0,-3.9056287,0.05537287890911102,0.42100000381469727,0.7182000279426575
YOL023W,YJL117W,0,-3.9057264,0.05536559596657753,0.42100000381469727,0.7182999849319458
YLR228C,YKR052C,0,-3.905891,0.055358316749334335,0.42100000381469727,0.7184000015258789
YLR395C,YGL137W,0,-3.9059815,0.05535103753209114,0.42100000381469727,0.718500018119812
YOR080W,YER070W,1,-3.9059906,0.05547522008419037,0.421999990940094,0.718500018119812
YDR253C,YJR133W,0,-3.9061244,0.05546792969107628,0.421999990940094,0.7185999751091003
YDL216C,YOR142W,0,-3.9062095,0.05546063929796219,0.421999990940094,0.7186999917030334
YDL101C,YDR469W,0,-3.906242,0.0554533526301384,0.421999990940094,0.7188000082969666
YLR385C,YIL038C,0,-3.906333,0.055446065962314606,0.421999990940094,0.7189000248908997
YIL106W,YDL115C,0,-3.9063942,0.055438779294490814,0.421999990940094,0.718999981880188
YNL102W,YFR027W,1,-3.906404,0.05556285381317139,0.4230000078678131,0.718999981880188
YPR191W,YGR024C,0,-3.9064784,0.0555555559694767,0.4230000078678131,0.7190999984741211
YJR001W,YPL231W,0,-3.9065363,0.05554826185107231,0.4230000078678131,0.7192000150680542
YJL087C,YOL061W,0,-3.906539,0.05554096773266792,0.4230000078678131,0.7192999720573425
YKL069W,YGR120C,0,-3.9065585,0.055533673614263535,0.4230000078678131,0.7193999886512756
YLR154C,YDR069C,1,-3.9067998,0.05565765127539635,0.42399999499320984,0.7193999886512756
YJL005W,YMR311C,0,-3.9068053,0.05565034598112106,0.42399999499320984,0.7195000052452087
YJL013C,YDL235C,0,-3.9069808,0.05564304441213608,0.42399999499320984,0.7196000218391418
YHR205W,YDR091C,0,-3.9069963,0.05563574284315109,0.42399999499320984,0.7196999788284302
YHR118C,YDR052C,1,-3.9070635,0.05575964227318764,0.42500001192092896,0.7196999788284302
YOL158C,YER017C,0,-3.9074974,0.05575232952833176,0.42500001192092896,0.7197999954223633
YLR020C,YOL011W,0,-3.9075024,0.055745016783475876,0.42500001192092896,0.7199000120162964
YJR094W-A,YLR088W,0,-3.9076211,0.055737704038619995,0.42500001192092896,0.7200000286102295
YMR176W,YOL051W,0,-3.9077394,0.05573039501905441,0.42500001192092896,0.7200999855995178
YDR175C,YIL130W,0,-3.9079638,0.05572308972477913,0.42500001192092896,0.7202000021934509
YGL009C,YGR034W,0,-3.9079714,0.055715784430503845,0.42500001192092896,0.720300018787384
YBR155W,YLR131C,0,-3.9080336,0.05570847913622856,0.42500001192092896,0.7203999757766724
YBR087W,YOR074C,1,-3.9082103,0.05583224073052406,0.4259999990463257,0.7203999757766724
YNL164C,YGL106W,0,-3.9082456,0.055824924260377884,0.4259999990463257,0.7204999923706055
YBR123C,YGR229C,0,-3.9082687,0.055817611515522,0.4259999990463257,0.7206000089645386
YMR043W,YDR069C,1,-3.9083362,0.05594130605459213,0.4269999861717224,0.7206000089645386
YGR040W,YNR044W,0,-3.9084034,0.05593397840857506,0.4269999861717224,0.7207000255584717
YER151C,YML077W,0,-3.9084659,0.05592665448784828,0.4269999861717224,0.72079998254776
YGR208W,YNL258C,0,-3.9087172,0.055919330567121506,0.4269999861717224,0.7208999991416931
YCL063W,YML077W,0,-3.908917,0.05591200664639473,0.4269999861717224,0.7210000157356262
YOR381W,YER087C-B,0,-3.908967,0.05590468645095825,0.4269999861717224,0.7210999727249146
YDR328C,YGL076C,0,-3.9090486,0.05589736998081207,0.4269999861717224,0.7211999893188477
YDR308C,YDR138W,0,-3.9090872,0.055890053510665894,0.4269999861717224,0.7213000059127808
YLR439W,YLR212C,0,-3.9092484,0.055882737040519714,0.4269999861717224,0.7214000225067139
YPR200C,YCL032W,0,-3.9093266,0.055875424295663834,0.4269999861717224,0.7214999794960022
YOR167C,YGL083W,0,-3.9093595,0.05586811527609825,0.4269999861717224,0.7215999960899353
YJR036C,YEL013W,0,-3.9093666,0.05586080625653267,0.4269999861717224,0.7217000126838684
YMR296C,YHR181W,0,-3.9094398,0.05585349723696709,0.4269999861717224,0.7218000292778015
YLR090W,YDR423C,0,-3.9095895,0.0558461956679821,0.4269999861717224,0.7218999862670898
YPR190C,YGR162W,0,-3.9095898,0.05583889037370682,0.4269999861717224,0.722000002861023
YHR051W,YGR279C,0,-3.9096277,0.05583158880472183,0.4269999861717224,0.722100019454956
YHR129C,YPL157W,0,-3.9096758,0.055824290961027145,0.4269999861717224,0.7221999764442444
YDR501W,YGL241W,0,-3.9096973,0.05581699311733246,0.4269999861717224,0.7222999930381775
YML013W,YDR081C,0,-3.9097893,0.05580969899892807,0.4269999861717224,0.7224000096321106
YNR060W,YER044C,0,-3.9098449,0.05580240488052368,0.4269999861717224,0.7225000262260437
YDR400W,YGL192W,0,-3.9099808,0.05579511448740959,0.4269999861717224,0.722599983215332
YJR068W,YDL164C,1,-3.9099817,0.05591847375035286,0.42800000309944153,0.722599983215332
YOR330C,YDR069C,1,-3.9100084,0.05604180321097374,0.42899999022483826,0.722599983215332
YGL226W,YER017C,0,-3.9100854,0.05603448301553726,0.42899999022483826,0.7226999998092651
YPR081C,YDR457W,0,-3.910269,0.05602716654539108,0.42899999022483826,0.7228000164031982
YNL054W,YMR208W,0,-3.910294,0.056019850075244904,0.42899999022483826,0.7228999733924866
YJL143W,YNR024W,0,-3.9103026,0.056012533605098724,0.42899999022483826,0.7229999899864197
YJR021C,YMR019W,0,-3.9103594,0.056005220860242844,0.42899999022483826,0.7231000065803528
YPR086W,YGL222C,0,-3.9105754,0.05599791184067726,0.42899999022483826,0.7232000231742859
YJR102C,YLL034C,0,-3.9106545,0.05599060282111168,0.42899999022483826,0.7232999801635742
YHR143W,YBL041W,0,-3.9107285,0.055983297526836395,0.42899999022483826,0.7233999967575073
YOR377W,YER083C,0,-3.9107425,0.05597599223256111,0.42899999022483826,0.7235000133514404
YKR054C,YGL083W,0,-3.9109836,0.055968690663576126,0.42899999022483826,0.7235999703407288
YNL322C,YJR103W,0,-3.911126,0.05596138909459114,0.42899999022483826,0.7236999869346619
YAL022C,YDL240W,0,-3.91115,0.055954087525606155,0.42899999022483826,0.723800003528595
YLR214W,YPR068C,0,-3.911152,0.05594679340720177,0.42899999022483826,0.7239000201225281
YPL202C,YLR363C,0,-3.9111729,0.05593949556350708,0.42899999022483826,0.7239999771118164
YPR135W,YDL017W,1,-3.9114633,0.05606258288025856,0.4300000071525574,0.7239999771118164
YNL156C,YOL125W,0,-3.9116707,0.05605527386069298,0.4300000071525574,0.7240999937057495
YBR046C,YNL036W,0,-3.9117014,0.056047964841127396,0.4300000071525574,0.7242000102996826
YDR361C,YOL135C,0,-3.9117682,0.05604066327214241,0.4300000071525574,0.7243000268936157
YBR286W,YMR143W,0,-3.911892,0.056033357977867126,0.4300000071525574,0.724399983882904
YJL041W,YPL233W,0,-3.91202,0.05602606013417244,0.4300000071525574,0.7245000004768372
YEL032W,YDR052C,1,-3.9120276,0.056149035692214966,0.4309999942779541,0.7245000004768372
YIL035C,YJR132W,0,-3.9120712,0.056141722947359085,0.4309999942779541,0.7246000170707703
YPR125W,YIL153W,0,-3.9121554,0.056134410202503204,0.4309999942779541,0.7246999740600586
YLL040C,YAL017W,0,-3.9122205,0.05612710118293762,0.4309999942779541,0.7247999906539917
YDR218C,YGL127C,0,-3.9122474,0.05611979216337204,0.4309999942779541,0.7249000072479248
YIL144W,YCL014W,0,-3.9123032,0.056112486869096756,0.4309999942779541,0.7250000238418579
YDR219C,YDL008W,0,-3.9123197,0.05610518157482147,0.4309999942779541,0.7250999808311462
YER002W,YDR211W,0,-3.9123409,0.05609788000583649,0.4309999942779541,0.7251999974250793
YOR330C,YBR060C,1,-3.912572,0.05622071772813797,0.4320000112056732,0.7251999974250793
YGL122C,YKL079W,0,-3.9125779,0.05621340125799179,0.4320000112056732,0.7253000140190125
YDR032C,YMR037C,0,-3.9126477,0.05620608851313591,0.4320000112056732,0.7253999710083008
YKL175W,YDR400W,0,-3.912667,0.05619877576828003,0.4320000112056732,0.7254999876022339
YOL061W,YOR132W,0,-3.9127517,0.05619146674871445,0.4320000112056732,0.725600004196167
YBR188C,YLR004C,0,-3.9128036,0.056184157729148865,0.4320000112056732,0.7257000207901001
YKL117W,YFR049W,0,-3.9128299,0.05617685243487358,0.4320000112056732,0.7257999777793884
YLR466W,YPL101W,0,-3.9130428,0.0561695471405983,0.4320000112056732,0.7258999943733215
YJL162C,YGR216C,0,-3.9130661,0.05616224557161331,0.4320000112056732,0.7260000109672546
YJL134W,YPR110C,0,-3.9131932,0.056154947727918625,0.4320000112056732,0.7261000275611877
YMR311C,YJL035C,0,-3.9134154,0.05614764615893364,0.4320000112056732,0.7261999845504761
YOL009C,YAL031C,0,-3.9134307,0.05614035204052925,0.4320000112056732,0.7263000011444092
YLR429W,YMR304W,0,-3.9134505,0.05613305792212486,0.4320000112056732,0.7264000177383423
YLR219W,YHR153C,0,-3.913541,0.056125763803720474,0.4320000112056732,0.7264999747276306
YCL066W,YJR066W,0,-3.9136262,0.056118473410606384,0.4320000112056732,0.7265999913215637
YGR296W,YGR101W,0,-3.913669,0.056111183017492294,0.4320000112056732,0.7267000079154968
YJL221C,YMR022W,0,-3.9141092,0.0561038963496685,0.4320000112056732,0.7268000245094299
YPR019W,YJL072C,1,-3.9142058,0.0562264658510685,0.43299999833106995,0.7268000245094299
YLR277C,YPL169C,0,-3.9143906,0.05621916428208351,0.43299999833106995,0.7268999814987183
YPL031C,YDR034C,0,-3.9144363,0.056211866438388824,0.43299999833106995,0.7269999980926514
YDR300C,YOL031C,0,-3.9144468,0.05620456859469414,0.43299999833106995,0.7271000146865845
YKL166C,YGL107C,0,-3.9144673,0.05619727447628975,0.43299999833106995,0.7271999716758728
YPL095C,YLR016C,0,-3.9144678,0.05618998035788536,0.43299999833106995,0.7272999882698059
YMR223W,YLR364W,0,-3.9145012,0.05618268996477127,0.43299999833106995,0.727400004863739
YMR234W,YNL262W,1,-3.9147067,0.056305136531591415,0.4339999854564667,0.727400004863739
YOR009W,YER005W,0,-3.9147491,0.05629783496260643,0.4339999854564667,0.7275000214576721
YLR008C,YLR141W,0,-3.914881,0.056290533393621445,0.4339999854564667,0.7275999784469604
YPR035W,YBR276C,0,-3.9148996,0.05628323182463646,0.4339999854564667,0.7276999950408936
YOR180C,YBR274W,0,-3.9149463,0.05627593398094177,0.4339999854564667,0.7278000116348267
YPL186C,YKL109W,0,-3.9153628,0.056268636137247086,0.4339999854564667,0.7279000282287598
YMR077C,YKR064W,0,-3.9155037,0.0562613420188427,0.4339999854564667,0.7279999852180481
YJL103C,YPR168W,0,-3.9156666,0.05625405162572861,0.4339999854564667,0.7281000018119812
YPL172C,YNL041C,0,-3.9156725,0.05624676123261452,0.4339999854564667,0.7282000184059143
YOR260W,YLR107W,0,-3.9157495,0.05623947083950043,0.4339999854564667,0.7282999753952026
YNL026W,YJL155C,0,-3.9157534,0.056232184171676636,0.4339999854564667,0.7283999919891357
YHR157W,YPL281C,0,-3.9159012,0.05622490122914314,0.4339999854564667,0.7285000085830688
YGL116W,YBR055C,0,-3.9162023,0.05621761828660965,0.4339999854564667,0.728600025177002
YJR006W,YGL168W,1,-3.916362,0.05633985251188278,0.4350000023841858,0.728600025177002
YDR532C,YDR363W-A,0,-3.91639,0.056332554668188095,0.4350000023841858,0.7286999821662903
YPL258C,YLL027W,0,-3.9164932,0.05632526054978371,0.4350000023841858,0.7287999987602234
YLR260W,YHL038C,0,-3.9167056,0.05631797015666962,0.4350000023841858,0.7289000153541565
YDL170W,YDR005C,0,-3.9168115,0.05631067976355553,0.4350000023841858,0.7289999723434448
YBL035C,YOR217W,1,-3.9169273,0.056432824581861496,0.4359999895095825,0.7289999723434448
YJR153W,YER159C,0,-3.9169931,0.05642551928758621,0.4359999895095825,0.7290999889373779
YCL066W,YGL183C,0,-3.9170322,0.05641821771860123,0.4359999895095825,0.729200005531311
YOL132W,YNR010W,0,-3.9172595,0.05641091987490654,0.4359999895095825,0.7293000221252441
YDR387C,YDR513W,0,-3.917334,0.05640362203121185,0.4359999895095825,0.7293999791145325
YBR003W,YNR043W,0,-3.917388,0.056396327912807465,0.4359999895095825,0.7294999957084656
YLR370C,YDR301W,0,-3.9176912,0.056389033794403076,0.4359999895095825,0.7296000123023987
YPR182W,YNL138W,0,-3.9180148,0.05638173967599869,0.4359999895095825,0.7297000288963318
YML013W,YEL031W,0,-3.9181032,0.0563744492828846,0.4359999895095825,0.7297999858856201
YDR351W,YML104C,0,-3.918159,0.056367162615060806,0.4359999895095825,0.7299000024795532
YOR212W,YOL124C,0,-3.9183407,0.056359875947237015,0.4359999895095825,0.7300000190734863
YPR194C,YLR010C,0,-3.9183602,0.05635259300470352,0.4359999895095825,0.7300999760627747
YGR245C,YGL142C,0,-3.9183614,0.05634531006217003,0.4359999895095825,0.7301999926567078
YEL053C,YLR139C,0,-3.9183736,0.056338027119636536,0.4359999895095825,0.7303000092506409
YDR260C,YOR086C,0,-3.9185498,0.05633074790239334,0.4359999895095825,0.730400025844574
YDR487C,YBR243C,0,-3.9188423,0.056323472410440445,0.4359999895095825,0.7304999828338623
YPL226W,YOR369C,0,-3.9189289,0.05631619691848755,0.4359999895095825,0.7305999994277954
YKL217W,YJL034W,0,-3.9190598,0.05630892515182495,0.4359999895095825,0.7307000160217285
YOL018C,YNL301C,0,-3.9192765,0.056301653385162354,0.4359999895095825,0.7307999730110168
YJL006C,YNL142W,0,-3.9192777,0.056294381618499756,0.4359999895095825,0.73089998960495
YHL025W,YER090W,0,-3.9193234,0.056287117302417755,0.4359999895095825,0.7310000061988831
YDR377W,YKL156W,0,-3.9193506,0.056279849261045456,0.4359999895095825,0.7311000227928162
YPL174C,YGR279C,0,-3.9193945,0.056272584944963455,0.4359999895095825,0.7311999797821045
YOR330C,YNL290W,1,-3.9196148,0.05639437213540077,0.43700000643730164,0.7311999797821045
YIL150C,YMR043W,1,-3.9196777,0.0565161295235157,0.43799999356269836,0.7311999797821045
YDR023W,YER161C,0,-3.9196815,0.05650883913040161,0.43799999356269836,0.7312999963760376
YDR454C,YDR365C,0,-3.9196827,0.05650154873728752,0.43799999356269836,0.7314000129699707
YNR032C-A,YNL246W,0,-3.9199533,0.05649426206946373,0.43799999356269836,0.7315000295639038
YLR277C,YMR165C,0,-3.9201117,0.05648697540163994,0.43799999356269836,0.7315999865531921
YKR103W,YMR211W,0,-3.920165,0.05647968873381615,0.43799999356269836,0.7317000031471252
YNL103W,YDL030W,0,-3.9204428,0.05647240951657295,0.43799999356269836,0.7318000197410583
YPL220W,YBR010W,0,-3.920473,0.05646512657403946,0.43799999356269836,0.7318999767303467
YJR126C,YFR040W,0,-3.9204893,0.05645785108208656,0.43799999356269836,0.7319999933242798
YDR329C,YKL013C,0,-3.9207993,0.05645057186484337,0.43799999356269836,0.7321000099182129
YLR037C,YJL156C,0,-3.9208927,0.05644330009818077,0.43799999356269836,0.732200026512146
YDR359C,YPL065W,0,-3.9209855,0.056436024606227875,0.43799999356269836,0.7322999835014343
YGR178C,YKL138C,0,-3.9212775,0.056428756564855576,0.43799999356269836,0.7324000000953674
YNR002C,YBR261C,0,-3.9213338,0.05642148479819298,0.43799999356269836,0.7325000166893005
YJR031C,YGL016W,0,-3.9213986,0.05641422048211098,0.43799999356269836,0.7325999736785889
YGL189C,YER019C-A,0,-3.9215791,0.05640695244073868,0.43799999356269836,0.732699990272522
YLR023C,YMR137C,0,-3.921702,0.056399691849946976,0.43799999356269836,0.7328000068664551
YLR219W,YNL130C,0,-3.9219365,0.05639243125915527,0.43799999356269836,0.7329000234603882
YDL078C,YPL049C,0,-3.9220672,0.05638517066836357,0.43799999356269836,0.7329999804496765
YNL084C,YDR298C,0,-3.9220676,0.05637791380286217,0.43799999356269836,0.7330999970436096
YFL001W,YDL245C,0,-3.9221115,0.056370656937360764,0.43799999356269836,0.7332000136375427
YDL145C,YDR456W,0,-3.9221258,0.05636340379714966,0.43799999356269836,0.733299970626831
YPL153C,YNL290W,1,-3.9221463,0.05648481845855713,0.4390000104904175,0.733299970626831
YPR072W,YLL027W,0,-3.9221518,0.05647755041718483,0.4390000104904175,0.7333999872207642
YNL290W,YPR162C,1,-3.9222136,0.05659892037510872,0.4399999976158142,0.7333999872207642
YHL038C,YDL033C,0,-3.9222286,0.056591641157865524,0.4399999976158142,0.7335000038146973
YDL185W,YIL009W,0,-3.9223368,0.05658436194062233,0.4399999976158142,0.7336000204086304
YDR111C,YJL128C,0,-3.922441,0.056577086448669434,0.4399999976158142,0.7336999773979187
YLR054C,YGL161C,0,-3.9224837,0.05656981095671654,0.4399999976158142,0.7337999939918518
YMR098C,YDL190C,0,-3.922722,0.05656253919005394,0.4399999976158142,0.7339000105857849
YBR087W,YDL102W,1,-3.922739,0.05668380483984947,0.4410000145435333,0.7339000105857849
YJL124C,YPL143W,0,-3.9227834,0.05667651817202568,0.4410000145435333,0.734000027179718
YMR065W,YHR160C,0,-3.9228644,0.05666923522949219,0.4410000145435333,0.7340999841690063
YEL018W,YCR063W,0,-3.9228745,0.05666195601224899,0.4410000145435333,0.7342000007629395
YIL150C,YDL017W,1,-3.9228797,0.05678314343094826,0.44200000166893005,0.7342000007629395
YJL183W,YNR031C,0,-3.9231987,0.05677584931254387,0.44200000166893005,0.7343000173568726
YDR062W,YOR327C,0,-3.9232845,0.05676855891942978,0.44200000166893005,0.7343999743461609
YMR223W,YHR099W,0,-3.9233308,0.05676126852631569,0.44200000166893005,0.734499990940094
YCL004W,YDL137W,0,-3.9235106,0.0567539818584919,0.44200000166893005,0.7346000075340271
YMR203W,YNL242W,0,-3.9235625,0.056746695190668106,0.44200000166893005,0.7347000241279602
YPR194C,YCR046C,0,-3.923728,0.056739408522844315,0.44200000166893005,0.7347999811172485
YBR205W,YHR165C,0,-3.9237583,0.05673212558031082,0.44200000166893005,0.7348999977111816
YOR306C,YFR049W,0,-3.9237785,0.05672484636306763,0.44200000166893005,0.7350000143051147
YLR024C,YDL140C,0,-3.9238815,0.05671756714582443,0.44200000166893005,0.7350999712944031
YNL023C,YKL014C,0,-3.9239168,0.056710291653871536,0.44200000166893005,0.7351999878883362
YKL048C,YDR376W,0,-3.924059,0.05670301616191864,0.44200000166893005,0.7353000044822693
YER089C,YEL002C,0,-3.9241278,0.056695740669965744,0.44200000166893005,0.7354000210762024
YDR419W,YDR013W,1,-3.924321,0.05681672319769859,0.4429999887943268,0.7354000210762024
YLR025W,YER123W,0,-3.9243417,0.0568094365298748,0.4429999887943268,0.7354999780654907
YOL043C,YKR095W,0,-3.9245381,0.05680215358734131,0.4429999887943268,0.7355999946594238
YER044C-A,YNR048W,0,-3.9245484,0.056794870644807816,0.4429999887943268,0.7357000112533569
YMR247C,YLR120C,0,-3.9246082,0.05678759142756462,0.4429999887943268,0.73580002784729
YER052C,YDR107C,0,-3.9247427,0.056780312210321426,0.4429999887943268,0.7358999848365784
YLR220W,YOR357C,0,-3.924905,0.05677303671836853,0.4429999887943268,0.7360000014305115
YKL166C,YMR287C,0,-3.924942,0.056765761226415634,0.4429999887943268,0.7361000180244446
YBR282W,YER087C-B,0,-3.9249713,0.056758489459753036,0.4429999887943268,0.7361999750137329
YLL003W,YIL076W,0,-3.925019,0.05675121769309044,0.4429999887943268,0.736299991607666
YFR027W,YLR103C,1,-3.9250338,0.056872036308050156,0.4440000057220459,0.736299991607666
YOL069W,YDL033C,0,-3.9250565,0.05686475336551666,0.4440000057220459,0.7364000082015991
YNR006W,YER027C,0,-3.9251006,0.05685747042298317,0.4440000057220459,0.7365000247955322
YPL177C,YEL038W,0,-3.9251602,0.056850191205739975,0.4440000057220459,0.7365999817848206
YNR028W,YBL090W,0,-3.9251935,0.05684291198849678,0.4440000057220459,0.7366999983787537
YPR167C,YBL047C,0,-3.9252167,0.056835636496543884,0.4440000057220459,0.7368000149726868
YAL041W,YGL161C,0,-3.9256287,0.05682836472988129,0.4440000057220459,0.7368999719619751
YJR006W,YHR118C,1,-3.9256308,0.05694906413555145,0.4449999928474426,0.7368999719619751
YPL060W,YAL029C,0,-3.9256856,0.05694177746772766,0.4449999928474426,0.7369999885559082
YER190W,YGL005C,0,-3.926097,0.05693449452519417,0.4449999928474426,0.7371000051498413
YBR223C,YDR392W,0,-3.9261692,0.056927211582660675,0.4449999928474426,0.7372000217437744
YPR111W,YKL129C,0,-3.926508,0.05691992864012718,0.4449999928474426,0.7372999787330627
YNR003C,YBR115C,0,-3.9265776,0.05691264942288399,0.4449999928474426,0.7373999953269958
YDL190C,YOR048C,0,-3.926691,0.05690537020564079,0.4449999928474426,0.737500011920929
YLR439W,YGR241C,0,-3.9267046,0.0568980947136879,0.4449999928474426,0.7376000285148621
YOR301W,YGL014W,0,-3.926899,0.056890819221735,0.4449999928474426,0.7376999855041504
YPL063W,YHR150W,0,-3.9269104,0.0568835474550724,0.4449999928474426,0.7378000020980835
YOR080W,YEL032W,1,-3.9270728,0.057004090398550034,0.44600000977516174,0.7378000020980835
YOR081C,YDL175C,0,-3.9271772,0.05699680373072624,0.44600000977516174,0.7379000186920166
YML055W,YOL095C,0,-3.9271855,0.05698952078819275,0.44600000977516174,0.7379999756813049
YLR438C-A,YOR272W,0,-3.927246,0.056982241570949554,0.44600000977516174,0.738099992275238
YKL058W,YIL113W,0,-3.9272723,0.05697496235370636,0.44600000977516174,0.7382000088691711
YPR135W,YLR103C,1,-3.9272785,0.05709541589021683,0.44699999690055847,0.7382000088691711
YGR144W,YBR082C,0,-3.927302,0.05708812177181244,0.44699999690055847,0.7383000254631042
YOR113W,YDR229W,0,-3.92734,0.05708083137869835,0.44699999690055847,0.7383999824523926
YIR018W,YOR265W,0,-3.9273796,0.05707354471087456,0.44699999690055847,0.7384999990463257
YJR055W,YBL020W,0,-3.9275694,0.057066258043050766,0.44699999690055847,0.7386000156402588
YNL102W,YBR060C,1,-3.927633,0.05718662217259407,0.4480000138282776,0.7386000156402588
YOR233W,YPL151C,0,-3.927682,0.057179324328899384,0.4480000138282776,0.7386999726295471
YPR036W,YIL156W,0,-3.9276867,0.0571720264852047,0.4480000138282776,0.7387999892234802
YDL102W,YPL153C,1,-3.927718,0.057292331010103226,0.4490000009536743,0.7387999892234802
YDR313C,YDR389W,0,-3.9277837,0.05728502199053764,0.4490000009536743,0.7389000058174133
YFR030W,YGL093W,0,-3.92786,0.05727771297097206,0.4490000009536743,0.7390000224113464
YDR379W,YBL069W,0,-3.9279134,0.05727040767669678,0.4490000009536743,0.7390999794006348
YNL331C,YPL239W,0,-3.9279246,0.057263102382421494,0.4490000009536743,0.7391999959945679
YNL207W,YGR105W,0,-3.9279313,0.05725580081343651,0.4490000009536743,0.739300012588501
YLR295C,YER019C-A,0,-3.927969,0.05724850296974182,0.4490000009536743,0.7394000291824341
YCL004W,YOL004W,0,-3.927998,0.057241205126047134,0.4490000009536743,0.7394999861717224
YGL163C,YGR246C,0,-3.9282699,0.05723390728235245,0.4490000009536743,0.7396000027656555
YPL060W,YPR083W,0,-3.9283946,0.05722661316394806,0.4490000009536743,0.7397000193595886
YDR334W,YER127W,0,-3.9288123,0.05721931904554367,0.4490000009536743,0.739799976348877
YGR223C,YJL056C,0,-3.9288998,0.05721202865242958,0.4490000009536743,0.7398999929428101
YBR202W,YGL251C,1,-3.928998,0.05733214318752289,0.44999998807907104,0.7398999929428101
YOR270C,YMR211W,0,-3.9290044,0.0573248416185379,0.44999998807907104,0.7400000095367432
YMR081C,YJR102C,0,-3.9293456,0.05731754004955292,0.44999998807907104,0.7401000261306763
YPR005C,YER031C,0,-3.929358,0.05731023848056793,0.44999998807907104,0.7401999831199646
YLR209C,YHR174W,0,-3.9293861,0.057302940636873245,0.44999998807907104,0.7402999997138977
YPR135W,YMR234W,1,-3.9294238,0.05742296949028969,0.45100000500679016,0.7402999997138977
YLR023C,YOR054C,0,-3.9295115,0.057415660470724106,0.45100000500679016,0.7404000163078308
YOR349W,YDR364C,0,-3.929605,0.057408351451158524,0.45100000500679016,0.7404999732971191
YML067C,YNL314W,0,-3.9296057,0.05740104243159294,0.45100000500679016,0.7405999898910522
YOR070C,YMR016C,0,-3.9296203,0.05739373713731766,0.45100000500679016,0.7407000064849854
YDR427W,YBL079W,0,-3.929734,0.05738643556833267,0.45100000500679016,0.7408000230789185
YPL013C,YER178W,0,-3.929977,0.05737913399934769,0.45100000500679016,0.7408999800682068
YNL216W,YGR216C,0,-3.9300742,0.057371836155653,0.45100000500679016,0.7409999966621399
YPR175W,YAR007C,1,-3.9302433,0.0574917308986187,0.4519999921321869,0.7409999966621399
YDR253C,YLR097C,0,-3.9302888,0.057484421879053116,0.4519999921321869,0.741100013256073
YLR404W,YHR090C,0,-3.9303257,0.057477109134197235,0.4519999921321869,0.7411999702453613
YOL103W,YDR530C,0,-3.9303942,0.05746980383992195,0.4519999921321869,0.7412999868392944
YJR133W,YMR159C,0,-3.9304028,0.05746249854564667,0.4519999921321869,0.7414000034332275
YNL147W,YCR105W,0,-3.9304843,0.057455193251371384,0.4519999921321869,0.7415000200271606
YBL087C,YGL144C,0,-3.9305077,0.0574478916823864,0.4519999921321869,0.741599977016449
YMR217W,YOR253W,0,-3.9305289,0.05744059011340141,0.4519999921321869,0.7416999936103821
YKL212W,YMR123W,0,-3.9309971,0.057433292269706726,0.4519999921321869,0.7418000102043152
YLR404W,YIL156W,0,-3.9310098,0.05742599442601204,0.4519999921321869,0.7419000267982483
YDR110W,YOR217W,1,-3.9312792,0.0575457327067852,0.453000009059906,0.7419000267982483
YPR067W,YOR254C,0,-3.9314508,0.05753842368721962,0.453000009059906,0.7419999837875366
YPR135W,YKL108W,1,-3.931662,0.0576581135392189,0.45399999618530273,0.7419999837875366
YDR529C,YNL239W,0,-3.9317172,0.057650793343782425,0.45399999618530273,0.7421000003814697
YIL167W,YKL022C,0,-3.9317222,0.05764347314834595,0.45399999618530273,0.7422000169754028
YFR005C,YKL014C,0,-3.9317262,0.05763615667819977,0.45399999618530273,0.7422999739646912
YJR006W,YDL102W,1,-3.931826,0.05775577574968338,0.45500001311302185,0.7422999739646912
YOR162C,YLL051C,0,-3.931902,0.05774844437837601,0.45500001311302185,0.7423999905586243
YPL259C,YLR381W,0,-3.9319031,0.05774111673235893,0.45500001311302185,0.7425000071525574
YJR021C,YMR032W,0,-3.9319644,0.05773378908634186,0.45500001311302185,0.7426000237464905
YCR107W,YOR211C,0,-3.9320545,0.05772646516561508,0.45500001311302185,0.7426999807357788
YJL197W,YPR190C,0,-3.932055,0.057719141244888306,0.45500001311302185,0.7427999973297119
YLL002W,YOR061W,0,-3.9320772,0.05771182104945183,0.45500001311302185,0.742900013923645
YDR126W,YMR006C,0,-3.932126,0.05770450085401535,0.45500001311302185,0.7429999709129333
YER100W,YKL099C,0,-3.9322908,0.05769718438386917,0.45500001311302185,0.7430999875068665
YOL155C,YDR034C,0,-3.9323888,0.05768986791372299,0.45500001311302185,0.7432000041007996
YIL128W,YMR076C,0,-3.9327822,0.05768255516886711,0.45500001311302185,0.7433000206947327
YGR020C,YOR016C,0,-3.9328065,0.05767524242401123,0.45500001311302185,0.743399977684021
YDR139C,YDL231C,0,-3.9328437,0.05766793340444565,0.45500001311302185,0.7434999942779541
YGR145W,YPL129W,0,-3.9329255,0.057660624384880066,0.45500001311302185,0.7436000108718872
YDR515W,YAL030W,0,-3.932938,0.05765331909060478,0.45500001311302185,0.7437000274658203
YJL096W,YGL212W,0,-3.933033,0.0576460137963295,0.45500001311302185,0.7437999844551086
YPL252C,YGR241C,0,-3.9331517,0.05763871222734451,0.45500001311302185,0.7439000010490417
YGR262C,YPL208W,0,-3.9331856,0.05763141065835953,0.45500001311302185,0.7440000176429749
YDR138W,YLR004C,0,-3.933222,0.05762411281466484,0.45500001311302185,0.7440999746322632
YJL143W,YDR077W,0,-3.933281,0.057616814970970154,0.45500001311302185,0.7441999912261963
YDR032C,YIL014W,0,-3.9332829,0.057609520852565765,0.45500001311302185,0.7443000078201294
YHR117W,YNL185C,0,-3.933313,0.05760222673416138,0.45500001311302185,0.7444000244140625
YBL035C,YCR086W,1,-3.9334111,0.057721517980098724,0.4560000002384186,0.7444000244140625
YER093C,YKL126W,0,-3.9334276,0.05771421268582344,0.4560000002384186,0.7444999814033508
YLR099C,YPL095C,0,-3.9335256,0.057706911116838455,0.4560000002384186,0.7445999979972839
YLR390W-A,YPL204W,0,-3.9335356,0.05769960954785347,0.4560000002384186,0.744700014591217
YJR076C,YMR171C,0,-3.9339223,0.057692307978868484,0.4560000002384186,0.7447999715805054
YOR069W,YNL063W,0,-3.9339373,0.0576850101351738,0.4560000002384186,0.7448999881744385
YHR153C,YLL050C,0,-3.9339423,0.05767771229147911,0.4560000002384186,0.7450000047683716
YHR167W,YGR112W,0,-3.934133,0.05767041817307472,0.4560000002384186,0.7451000213623047
YPR191W,YDR145W,0,-3.9341536,0.05766312777996063,0.4560000002384186,0.745199978351593
YPL085W,YDR148C,0,-3.9341664,0.057655833661556244,0.4560000002384186,0.7452999949455261
YOR045W,YEL024W,0,-3.934187,0.05764854699373245,0.4560000002384186,0.7454000115394592
YOR150W,YLR115W,0,-3.9343057,0.05764126032590866,0.4560000002384186,0.7455000281333923
YMR115W,YDL143W,0,-3.9343574,0.05763397365808487,0.4560000002384186,0.7455999851226807
YGL180W,YCL032W,0,-3.9343746,0.057626690715551376,0.4560000002384186,0.7457000017166138
YDR103W,YNL149C,0,-3.9343777,0.05761940777301788,0.4560000002384186,0.7458000183105469
YNL103W,YBR188C,0,-3.9344063,0.05761212855577469,0.4560000002384186,0.7458999752998352
YKL017C,YDR069C,1,-3.9344718,0.057731177657842636,0.4569999873638153,0.7458999752998352
YDR110W,YOR330C,1,-3.934515,0.057850196957588196,0.4580000042915344,0.7458999752998352
YGR095C,YGL171W,0,-3.9346251,0.057842887938022614,0.4580000042915344,0.7459999918937683
YBR289W,YPR173C,0,-3.9347186,0.05783558636903763,0.4580000042915344,0.7461000084877014
YDR079W,YDR118W,0,-3.9347217,0.057828281074762344,0.4580000042915344,0.7462000250816345
YJR021C,YPL178W,0,-3.9347994,0.05782098323106766,0.4580000042915344,0.7462999820709229
YAR042W,YOR267C,0,-3.9348705,0.05781368166208267,0.4580000042915344,0.746399998664856
YOR080W,YHR164C,1,-3.9349504,0.05793260037899017,0.45899999141693115,0.746399998664856
YDR369C,YNL230C,0,-3.9349933,0.05792529135942459,0.45899999141693115,0.7465000152587891
YLR157C,YKL150W,0,-3.9350328,0.05791798233985901,0.45899999141693115,0.7465999722480774
YGL189C,YGR024C,0,-3.935069,0.057910673320293427,0.45899999141693115,0.7466999888420105
YJL089W,YKL138C,0,-3.9353435,0.05790336802601814,0.45899999141693115,0.7468000054359436
YCR012W,YLR204W,0,-3.9354115,0.05789606273174286,0.45899999141693115,0.7469000220298767
YOR313C,YBR260C,0,-3.9354138,0.057888761162757874,0.45899999141693115,0.746999979019165
YMR285C,YNL223W,0,-3.935947,0.05788146331906319,0.45899999141693115,0.7470999956130981
YJR006W,YJR046W,1,-3.9360454,0.05800025165081024,0.46000000834465027,0.7470999956130981
YML005W,YNL110C,0,-3.9361436,0.05799293890595436,0.46000000834465027,0.7472000122070312
YDL210W,YOR176W,0,-3.936264,0.05798562988638878,0.46000000834465027,0.7473000288009644
YGL094C,YDL083C,0,-3.9363585,0.057978320866823196,0.46000000834465027,0.7473999857902527
YBR231C,YDR236C,0,-3.9365776,0.05797101557254791,0.46000000834465027,0.7475000023841858
YFL037W,YMR311C,0,-3.936578,0.05796371027827263,0.46000000834465027,0.7476000189781189
YNR017W,YHR073W,0,-3.9368417,0.057956404983997345,0.46000000834465027,0.7476999759674072
YER044C,YJL079C,0,-3.937043,0.05794910714030266,0.46000000834465027,0.7477999925613403
YCR098C,YLR288C,0,-3.9371307,0.05794180557131767,0.46000000834465027,0.7479000091552734
YDR160W,YOR232W,0,-3.9375043,0.057934507727622986,0.46000000834465027,0.7480000257492065
YNR060W,YDR383C,0,-3.9375148,0.0579272136092186,0.46000000834465027,0.7480999827384949
YMR123W,YGR241C,0,-3.9376593,0.05791991949081421,0.46000000834465027,0.748199999332428
YMR125W,YKL119C,0,-3.9376786,0.05791262909770012,0.46000000834465027,0.7483000159263611
YFL005W,YDL107W,0,-3.9377432,0.05790533870458603,0.46000000834465027,0.7483999729156494
YNL262W,YDR419W,1,-3.9378192,0.05802391469478607,0.460999995470047,0.7483999729156494
YKL062W,YKR048C,0,-3.9379926,0.058016613125801086,0.460999995470047,0.7484999895095825
YML052W,YML074C,0,-3.9380274,0.0580093115568161,0.460999995470047,0.7486000061035156
YMR038C,YJL003W,0,-3.938223,0.058002013713121414,0.460999995470047,0.7487000226974487
YIL021W,YGL135W,0,-3.9384,0.05799471586942673,0.460999995470047,0.7487999796867371
YMR205C,YKL087C,0,-3.9386137,0.05798742175102234,0.460999995470047,0.7488999962806702
YOR092W,YDR315C,0,-3.9387424,0.05798012763261795,0.460999995470047,0.7490000128746033
YDR103W,YKL064W,0,-3.9387527,0.05797283723950386,0.460999995470047,0.7491000294685364
YBR087W,YPR019W,1,-3.9388583,0.058091286569833755,0.4620000123977661,0.7491000294685364
YNL262W,YDL056W,1,-3.9389791,0.05820970609784126,0.46299999952316284,0.7491000294685364
YPR026W,YKL033W,0,-3.9390295,0.058202389627695084,0.46299999952316284,0.7491999864578247
YDR304C,YGL060W,0,-3.9390664,0.058195073157548904,0.46299999952316284,0.7493000030517578
YLR363C,YGL093W,0,-3.9391634,0.058187760412693024,0.46299999952316284,0.7494000196456909
YBR115C,YPR173C,0,-3.939281,0.05818044766783714,0.46299999952316284,0.7494999766349792
YDR527W,YBR237W,0,-3.9393468,0.05817313864827156,0.46299999952316284,0.7495999932289124
YMR165C,YBL008W,0,-3.9393892,0.05816582962870598,0.46299999952316284,0.7497000098228455
YHR074W,YDR390C,0,-3.9394517,0.058158524334430695,0.46299999952316284,0.7498000264167786
YMR234W,YBL023C,1,-3.9395301,0.058276813477277756,0.46399998664855957,0.7498000264167786
YHR103W,YDL036C,0,-3.9396343,0.05826949700713158,0.46399998664855957,0.7498999834060669
YCL051W,YGL068W,0,-3.9396503,0.0582621805369854,0.46399998664855957,0.75
YCR010C,YDR126W,0,-3.9398305,0.05825486406683922,0.46399998664855957,0.7501000165939331
YKL206C,YLR244C,0,-3.9398906,0.05824755132198334,0.46399998664855957,0.7501999735832214
YPR010C,YML031W,0,-3.9399881,0.058240242302417755,0.46399998664855957,0.7502999901771545
YLR234W,YDL045C,0,-3.9401278,0.05823293328285217,0.46399998664855957,0.7504000067710876
YDR022C,YOL125W,0,-3.9401405,0.05822562426328659,0.46399998664855957,0.7505000233650208
YOR386W,YPL234C,0,-3.9401503,0.05821831896901131,0.46399998664855957,0.7505999803543091
YJR158W,YDR439W,0,-3.9404216,0.05821101367473602,0.46399998664855957,0.7506999969482422
YOL076W,YHR194W,0,-3.9404607,0.05820371210575104,0.46399998664855957,0.7508000135421753
YLR191W,YER154W,0,-3.9406338,0.05819641426205635,0.46399998664855957,0.7508999705314636
YDL056W,YPL153C,1,-3.9407141,0.05831452086567879,0.4650000035762787,0.7508999705314636
YLR045C,YLR450W,0,-3.9407885,0.058307211846113205,0.4650000035762787,0.7509999871253967
YIR019C,YIL159W,0,-3.9408007,0.058299899101257324,0.4650000035762787,0.7511000037193298
YKL069W,YER044C,0,-3.9408774,0.05829259008169174,0.4650000035762787,0.7512000203132629
YPR199C,YGR154C,0,-3.9409504,0.05828528478741646,0.4650000035762787,0.7512999773025513
YOR181W,YBL056W,0,-3.9409516,0.058277979493141174,0.4650000035762787,0.7513999938964844
YJL103C,YGR161C,0,-3.9409933,0.05827067792415619,0.4650000035762787,0.7515000104904175
YML005W,YGL028C,0,-3.9410548,0.058263376355171204,0.4650000035762787,0.7516000270843506
YNL281W,YDR251W,0,-3.9411664,0.05825607478618622,0.4650000035762787,0.7516999840736389
YDR351W,YMR149W,0,-3.941193,0.05824877694249153,0.4650000035762787,0.751800000667572
YNR070W,YGR276C,0,-3.9414093,0.05824148282408714,0.4650000035762787,0.7519000172615051
YJL173C,YER070W,1,-3.9415445,0.05835942551493645,0.4659999907016754,0.7519000172615051
YOR043W,YPL083C,0,-3.9415565,0.058352116495370865,0.4659999907016754,0.7519999742507935
YMR204C,YMR097C,0,-3.9417768,0.05834481120109558,0.4659999907016754,0.7520999908447266
YGR214W,YJL044C,0,-3.941874,0.0583375059068203,0.4659999907016754,0.7522000074386597
YOR299W,YHR024C,0,-3.9418888,0.05833020433783531,0.4659999907016754,0.7523000240325928
YLR373C,YPR198W,0,-3.9420261,0.05832290276885033,0.4659999907016754,0.7523999810218811
YBR087W,YLL004W,1,-3.9420776,0.05844074487686157,0.46700000762939453,0.7523999810218811
YNL162W,YPR060C,0,-3.9421802,0.05843343213200569,0.46700000762939453,0.7524999976158142
YNL055C,YLR038C,0,-3.9422898,0.05842612311244011,0.46700000762939453,0.7526000142097473
YKR020W,YJL176C,0,-3.94241,0.05841881409287453,0.46700000762939453,0.7526999711990356
YGR123C,YDR365C,0,-3.9424238,0.05841150879859924,0.46700000762939453,0.7527999877929688
YLR154C,YDL017W,1,-3.9424658,0.058529265224933624,0.46799999475479126,0.7527999877929688
YMR012W,YGR211W,0,-3.9427543,0.05852194502949715,0.46799999475479126,0.7529000043869019
YDR033W,YMR142C,0,-3.9427686,0.05851462855935097,0.46799999475479126,0.753000020980835
YBL023C,YAR007C,1,-3.9428625,0.05863232910633087,0.4690000116825104,0.753000020980835
YOR288C,YPL059W,0,-3.9429827,0.0586250014603138,0.4690000116825104,0.7530999779701233
YNL102W,YHR164C,1,-3.9429908,0.05874265730381012,0.4699999988079071,0.7530999779701233
YML112W,YOR249C,0,-3.943089,0.05873531475663185,0.4699999988079071,0.7531999945640564
YNR047W,YGR113W,0,-3.9431329,0.05872797593474388,0.4699999988079071,0.7533000111579895
YEL054C,YEL056W,0,-3.943181,0.05872064083814621,0.4699999988079071,0.7534000277519226
YHL038C,YJL081C,0,-3.943599,0.05871330574154854,0.4699999988079071,0.7534999847412109
YOR242C,YKL212W,0,-3.9437723,0.05870597064495087,0.4699999988079071,0.753600001335144
YBR283C,YNL175C,0,-3.9437928,0.058698639273643494,0.4699999988079071,0.7537000179290771
YDL202W,YPL051W,0,-3.943883,0.05869130790233612,0.4699999988079071,0.7537999749183655
YNL306W,YDR207C,0,-3.943987,0.058683980256319046,0.4699999988079071,0.7538999915122986
YJR127C,YDR231C,0,-3.9441385,0.05867665261030197,0.4699999988079071,0.7540000081062317
YIL150C,YJL194W,1,-3.9441874,0.058794159442186356,0.47099998593330383,0.7540000081062317
YKL052C,YKL175W,0,-3.9442089,0.058786820620298386,0.47099998593330383,0.7541000247001648
YDR242W,YGR005C,0,-3.9443216,0.058779481798410416,0.47099998593330383,0.7541999816894531
YDR074W,YOR299W,0,-3.9443336,0.05877215042710304,0.47099998593330383,0.7542999982833862
YKL114C,YOL136C,0,-3.9443462,0.05876481533050537,0.47099998593330383,0.7544000148773193
YMR081C,YLR314C,0,-3.944353,0.058757483959198,0.47099998593330383,0.7544999718666077
YBL076C,YMR200W,0,-3.944364,0.05875015631318092,0.47099998593330383,0.7545999884605408
YBR180W,YKL054C,0,-3.9445355,0.05874282866716385,0.47099998593330383,0.7547000050544739
YMR171C,YNL094W,0,-3.944552,0.05873550474643707,0.47099998593330383,0.754800021648407
YBR129C,YDR240C,0,-3.9447277,0.0587281808257103,0.47099998593330383,0.7548999786376953
YPL075W,YDR229W,0,-3.9449959,0.05872085690498352,0.47099998593330383,0.7549999952316284
YDL046W,YKL138C,0,-3.9450068,0.05871353670954704,0.47099998593330383,0.7551000118255615
YKR055W,YKL024C,0,-3.9450212,0.058706220239400864,0.47099998593330383,0.7552000284194946
YPL022W,YGR200C,0,-3.9450655,0.058698903769254684,0.47099998593330383,0.755299985408783
YCL018W,YOR267C,0,-3.945114,0.058691587299108505,0.47099998593330383,0.7554000020027161
YNR047W,YKR083C,0,-3.9451213,0.058684274554252625,0.47099998593330383,0.7555000185966492
YOL032W,YAL030W,0,-3.9452014,0.05867696553468704,0.47099998593330383,0.7555999755859375
YGR274C,YBL103C,0,-3.945454,0.05866965651512146,0.47099998593330383,0.7556999921798706
YOR103C,YJL048C,0,-3.945521,0.05866234749555588,0.47099998593330383,0.7558000087738037
YML015C,YGL006W,0,-3.9455316,0.058655042201280594,0.47099998593330383,0.7559000253677368
YJR140C,YHR070W,0,-3.945611,0.05864774063229561,0.47099998593330383,0.7559999823570251
YMR098C,YOR334W,0,-3.9456537,0.05864043906331062,0.47099998593330383,0.7560999989509583
YPL083C,YIL020C,0,-3.9459252,0.05863313749432564,0.47099998593330383,0.7562000155448914
YPR135W,YMR043W,1,-3.9459753,0.05875031277537346,0.47200000286102295,0.7562000155448914
YDR447C,YGR167W,0,-3.9460783,0.05874300003051758,0.47200000286102295,0.7562999725341797
YBR170C,YBR035C,0,-3.9462266,0.058735691010951996,0.47200000286102295,0.7563999891281128
YOR080W,YCR086W,1,-3.94624,0.05885280668735504,0.4729999899864197,0.7563999891281128
YKL069W,YIL048W,0,-3.9463072,0.058845482766628265,0.4729999899864197,0.7565000057220459
YDR257C,YDR308C,0,-3.946421,0.05883816257119179,0.4729999899864197,0.756600022315979
YKR072C,YDR425W,0,-3.9465084,0.05883084610104561,0.4729999899864197,0.7566999793052673
YDR368W,YDR078C,0,-3.9465377,0.05882352963089943,0.4729999899864197,0.7567999958992004
YPL235W,YDR440W,0,-3.946796,0.05881621316075325,0.4729999899864197,0.7569000124931335
YLR295C,YOR060C,0,-3.9468174,0.05880890041589737,0.4729999899864197,0.7570000290870667
YOR244W,YLR382C,0,-3.9469652,0.05880159139633179,0.4729999899864197,0.757099986076355
YDR378C,YPL049C,0,-3.9469671,0.058794282376766205,0.4729999899864197,0.7572000026702881
YIL147C,YKL094W,0,-3.9469929,0.05878697335720062,0.4729999899864197,0.7573000192642212
YFR027W,YOR217W,1,-3.9470518,0.05890394002199173,0.4740000069141388,0.7573000192642212
YCR077C,YOR179C,0,-3.947054,0.05889661982655525,0.4740000069141388,0.7573999762535095
YPR134W,YML101C,0,-3.947132,0.05888930335640907,0.4740000069141388,0.7574999928474426
YHR079C,YBL089W,0,-3.9472082,0.058881986886262894,0.4740000069141388,0.7576000094413757
YML036W,YMR230W,0,-3.9472556,0.05887467414140701,0.4740000069141388,0.7577000260353088
YDR341C,YJL156C,0,-3.9473827,0.05886736139655113,0.4740000069141388,0.7577999830245972
YKL116C,YDR513W,0,-3.9474154,0.05886005237698555,0.4740000069141388,0.7578999996185303
YNL039W,YDR341C,0,-3.9475222,0.05885274335741997,0.4740000069141388,0.7580000162124634
YCR081W,YLR011W,0,-3.9476197,0.058845438063144684,0.4740000069141388,0.7580999732017517
YOR279C,YAR031W,0,-3.9477048,0.0588381327688694,0.4740000069141388,0.7581999897956848
YIL061C,YHR041C,0,-3.9477549,0.058830831199884415,0.4740000069141388,0.7583000063896179
YFR037C,YDR236C,0,-3.947874,0.05882352963089943,0.4740000069141388,0.758400022983551
YDR129C,YBR196C,0,-3.9479399,0.05881623178720474,0.4740000069141388,0.7584999799728394
YDR032C,YBR074W,0,-3.9479756,0.058808933943510056,0.4740000069141388,0.7585999965667725
YDR486C,YOR001W,0,-3.9480429,0.05880163609981537,0.4740000069141388,0.7587000131607056
YGR097W,YIL074C,0,-3.9481542,0.05879434198141098,0.4740000069141388,0.7588000297546387
YDR079W,YDL154W,0,-3.9483411,0.05878705158829689,0.4740000069141388,0.758899986743927
YNR024W,YEL016C,0,-3.948484,0.0587797611951828,0.4740000069141388,0.7590000033378601
YNL048W,YNL107W,0,-3.9485118,0.05877247452735901,0.4740000069141388,0.7591000199317932
YLR439W,YNR006W,0,-3.9485297,0.05876518785953522,0.4740000069141388,0.7591999769210815
YNL214W,YDR318W,0,-3.948635,0.058757901191711426,0.4740000069141388,0.7592999935150146
YCL004W,YGL195W,0,-3.9487264,0.05875061824917793,0.4740000069141388,0.7594000101089478
YPR081C,YIL038C,0,-3.9487529,0.05874333903193474,0.4740000069141388,0.7595000267028809
YOR074C,YBL035C,1,-3.9490027,0.05885997414588928,0.4749999940395355,0.7595000267028809
YAR035W,YGR221C,0,-3.9492545,0.05885268375277519,0.4749999940395355,0.7595999836921692
YBL023C,YMR043W,1,-3.949329,0.05896927788853645,0.47600001096725464,0.7595999836921692
YBL005W,YDR140W,0,-3.9493923,0.05896197259426117,0.47600001096725464,0.7597000002861023
YBR240C,YKL032C,0,-3.9494083,0.058954671025276184,0.47600001096725464,0.7598000168800354
YFR037C,YER110C,0,-3.9496443,0.0589473694562912,0.47600001096725464,0.7598999738693237
YNL210W,YGR075C,0,-3.949688,0.05894006788730621,0.47600001096725464,0.7599999904632568
YDR148C,YGL068W,0,-3.9497073,0.058932773768901825,0.47600001096725464,0.7601000070571899
YHR184W,YPL244C,0,-3.9497979,0.05892547592520714,0.47600001096725464,0.760200023651123
YIL052C,YGL155W,0,-3.94992,0.05891818180680275,0.47600001096725464,0.7602999806404114
YOR304W,YJR109C,0,-3.9499524,0.05891089141368866,0.47600001096725464,0.7603999972343445
YGR084C,YIL130W,0,-3.9506037,0.05890360102057457,0.47600001096725464,0.7605000138282776
YJL143W,YDR377W,0,-3.950637,0.05889631435275078,0.47600001096725464,0.7605999708175659
YNL317W,YMR033W,0,-3.9509883,0.05888902768492699,0.47600001096725464,0.760699987411499
YNL261W,YPR162C,1,-3.951013,0.05900544300675392,0.47699999809265137,0.760699987411499
YNL133C,YNL283C,0,-3.9511006,0.058998145163059235,0.47699999809265137,0.7608000040054321
YDL102W,YJL173C,1,-3.951264,0.059114519506692886,0.4779999852180481,0.7608000040054321
YMR234W,YDR069C,1,-3.9513252,0.05923086404800415,0.4790000021457672,0.7608000040054321
YNL262W,YDL017W,1,-3.9516065,0.059347182512283325,0.47999998927116394,0.7608000040054321
YJR036C,YBR176W,0,-3.9516506,0.059339843690395355,0.47999998927116394,0.7609000205993652
YDR393W,YGR052W,0,-3.9518006,0.059332508593797684,0.47999998927116394,0.7609999775886536
YNL261W,YDR052C,1,-3.9521546,0.05944877117872238,0.48100000619888306,0.7609999775886536
YML080W,YHR077C,0,-3.9524522,0.059441424906253815,0.48100000619888306,0.7610999941825867
YPL139C,YDR285W,0,-3.9526546,0.05943407863378525,0.48100000619888306,0.7612000107765198
YJR102C,YBR189W,0,-3.9528415,0.05942673608660698,0.48100000619888306,0.7613000273704529
YJL130C,YNL056W,0,-3.952877,0.05941939353942871,0.48100000619888306,0.7613999843597412
YJL172W,YDR511W,0,-3.9531498,0.05941205471754074,0.48100000619888306,0.7615000009536743
YBR087W,YMR234W,1,-3.9531684,0.05952822044491768,0.4819999933242798,0.7615000009536743
YLR215C,YER155C,0,-3.953217,0.059520870447158813,0.4819999933242798,0.7616000175476074
YNL258C,YDL243C,0,-3.9532838,0.05951352044939995,0.4819999933242798,0.7616999745368958
YEL020W-A,YNL166C,0,-3.9534178,0.05950617417693138,0.4819999933242798,0.7617999911308289
YDR301W,YOR357C,0,-3.953435,0.059498827904462814,0.4819999933242798,0.761900007724762
YPL134C,YDR107C,0,-3.9535031,0.059491485357284546,0.4819999933242798,0.7620000243186951
YML027W,YML061C,0,-3.9535553,0.05948414281010628,0.4819999933242798,0.7620999813079834
YCR018C,YBR109C,0,-3.9540029,0.05947680026292801,0.4819999933242798,0.7621999979019165
YLR023C,YJL156C,0,-3.9541168,0.05946946144104004,0.4819999933242798,0.7623000144958496
YHR079C,YHR036W,0,-3.9541585,0.05946212634444237,0.4819999933242798,0.7623999714851379
YIL035C,YDL106C,0,-3.9542396,0.059454791247844696,0.4819999933242798,0.762499988079071
YDR257C,YGR084C,0,-3.9543138,0.05944745987653732,0.4819999933242798,0.7626000046730042
YNL261W,YCR086W,1,-3.9544148,0.059563446789979935,0.4830000102519989,0.7626000046730042
YDR371W,YHR077C,0,-3.9545174,0.059556104242801666,0.4830000102519989,0.7627000212669373
YDR289C,YER177W,0,-3.9545608,0.0595487616956234,0.4830000102519989,0.7627999782562256
YKL189W,YDR472W,0,-3.9546118,0.05954141914844513,0.4830000102519989,0.7628999948501587
YOR346W,YMR043W,1,-3.9547577,0.05965733900666237,0.48399999737739563,0.7628999948501587
YBL024W,YGL084C,0,-3.9550242,0.0596499890089035,0.48399999737739563,0.7630000114440918
YKR008W,YLL034C,0,-3.9551713,0.05964263528585434,0.48399999737739563,0.7631000280380249
YLR025W,YOR301W,0,-3.955318,0.05963528901338577,0.48399999737739563,0.7631999850273132
YOR301W,YLR215C,0,-3.9553547,0.059627942740917206,0.48399999737739563,0.7633000016212463
YOR158W,YOR191W,0,-3.9554098,0.05962059646844864,0.48399999737739563,0.7634000182151794
YOR201C,YKL149C,0,-3.9554462,0.05961325392127037,0.48399999737739563,0.7634999752044678
YBR195C,YDR379W,0,-3.9555924,0.0596059113740921,0.48399999737739563,0.7635999917984009
YMR043W,YDR279W,1,-3.9557872,0.05972170829772949,0.48500001430511475,0.7635999917984009
YLR467W,YKR028W,0,-3.9558663,0.05971435457468033,0.48500001430511475,0.763700008392334
YEL032W,YMR043W,1,-3.9558692,0.059830110520124435,0.4860000014305115,0.763700008392334
YPL028W,YDL171C,0,-3.9558835,0.059822745621204376,0.4860000014305115,0.7638000249862671
YML112W,YDR372C,0,-3.9559362,0.059815384447574615,0.4860000014305115,0.7638999819755554
YOR189W,YGL249W,0,-3.9560442,0.059808023273944855,0.4860000014305115,0.7639999985694885
YGR222W,YGL256W,0,-3.9562192,0.05980066582560539,0.4860000014305115,0.7641000151634216
YOR061W,YBL087C,0,-3.956489,0.05979330837726593,0.4860000014305115,0.76419997215271
YDL056W,YJL173C,1,-3.9565246,0.05990896746516228,0.4869999885559082,0.76419997215271
YDR052C,YJL194W,1,-3.9566793,0.060024600476026535,0.4880000054836273,0.76419997215271
YBR223C,YKL189W,0,-3.956714,0.060017216950654984,0.4880000054836273,0.7642999887466431
YBR170C,YOR259C,0,-3.956799,0.06000983715057373,0.4880000054836273,0.7644000053405762
YKL024C,YJL080C,0,-3.9568386,0.06000245735049248,0.4880000054836273,0.7645000219345093
YDR330W,YPL104W,0,-3.956898,0.05999508127570152,0.4880000054836273,0.7645999789237976
YDR257C,YML099C,0,-3.9570332,0.05998770892620087,0.4880000054836273,0.7646999955177307
YDR195W,YOR221C,0,-3.957103,0.05998033285140991,0.4880000054836273,0.7648000121116638
YDR373W,YKL186C,0,-3.9571629,0.059972964227199554,0.4880000054836273,0.7649000287055969
YLR165C,YCR036W,0,-3.9572873,0.0599655918776989,0.4880000054836273,0.7649999856948853
YHR118C,YJL194W,1,-3.9573812,0.06008109077811241,0.48899999260902405,0.7649999856948853
YJL221C,YMR207C,0,-3.9573886,0.06007371097803116,0.48899999260902405,0.7651000022888184
YBR170C,YNL258C,0,-3.9573922,0.060066331177949905,0.48899999260902405,0.7652000188827515
YKR027W,YFR013W,0,-3.9574327,0.06005895510315895,0.48899999260902405,0.7652999758720398
YLR154C,YJR068W,1,-3.957439,0.06017438322305679,0.49000000953674316,0.7652999758720398
YHL006C,YGR105W,0,-3.9574392,0.060166992247104645,0.49000000953674316,0.7653999924659729
YOR074C,YDR069C,1,-3.9574456,0.0602823831140995,0.4909999966621399,0.7653999924659729
YER041W,YPR081C,0,-3.9575608,0.06027498096227646,0.4909999966621399,0.765500009059906
YOL108C,YDR130C,0,-3.957614,0.06026758253574371,0.4909999966621399,0.7656000256538391
YDL190C,YJR101W,0,-3.957777,0.060260187834501266,0.4909999966621399,0.7656999826431274
YDR081C,YMR270C,0,-3.9579751,0.06025279313325882,0.4909999966621399,0.7657999992370605
YBR015C,YDR510W,0,-3.957981,0.06024539843201637,0.4909999966621399,0.7659000158309937
YIL046W,YDL028C,0,-3.9580379,0.060238007456064224,0.4909999966621399,0.765999972820282
YIL026C,YIL006W,0,-3.9580927,0.060230616480112076,0.4909999966621399,0.7660999894142151
YGL113W,YDL164C,1,-3.9582067,0.060345884412527084,0.492000013589859,0.7660999894142151
YLR394W,YML031W,0,-3.9583054,0.06033848598599434,0.492000013589859,0.7662000060081482
YOR373W,YKL039W,0,-3.9583101,0.060331083834171295,0.492000013589859,0.7663000226020813
YJL094C,YLR038C,0,-3.958328,0.06032368913292885,0.492000013589859,0.7663999795913696
YIL026C,YFL017W-A,0,-3.958401,0.0603162944316864,0.492000013589859,0.7664999961853027
YHR186C,YML074C,0,-3.9584866,0.060308899730443954,0.492000013589859,0.7666000127792358
YGL196W,YEL058W,0,-3.9585648,0.060301508754491806,0.492000013589859,0.766700029373169
YIL115C,YNL172W,0,-3.9590654,0.06029411777853966,0.492000013589859,0.7667999863624573
YDR310C,YLR120C,0,-3.959235,0.06028673052787781,0.492000013589859,0.7669000029563904
YBR087W,YEL032W,1,-3.9592805,0.06040186062455177,0.49300000071525574,0.7669000029563904
YER095W,YIR015W,0,-3.9594612,0.06039446219801903,0.49300000071525574,0.7670000195503235
YDR451C,YGL173C,0,-3.9595077,0.06038706377148628,0.49300000071525574,0.7670999765396118
YBR078W,YNR037C,0,-3.959533,0.060379669070243835,0.49300000071525574,0.7671999931335449
YER129W,YKL045W,1,-3.9595618,0.06049473583698273,0.49399998784065247,0.7671999931335449
YKL168C,YDR244W,0,-3.959626,0.060487326234579086,0.49399998784065247,0.767300009727478
YOL067C,YPL179W,0,-3.9597273,0.060479920357465744,0.49399998784065247,0.7674000263214111
YHR058C,YEL016C,0,-3.9598427,0.0604725182056427,0.49399998784065247,0.7674999833106995
YNR032C-A,YBL080C,0,-3.9600945,0.060465116053819656,0.49399998784065247,0.7675999999046326
YNL330C,YBR030W,0,-3.960366,0.06045771762728691,0.49399998784065247,0.7677000164985657
YLR209C,YOL059W,0,-3.9604635,0.060450319200754166,0.49399998784065247,0.767799973487854
YML009C,YHR085W,0,-3.9605305,0.06044292077422142,0.49399998784065247,0.7678999900817871
YAL019W,YDR150W,0,-3.9606047,0.06043552607297897,0.49399998784065247,0.7680000066757202
YOR373W,YKR085C,0,-3.9607337,0.060428135097026825,0.49399998784065247,0.7681000232696533
YML086C,YIL014W,0,-3.9607983,0.060420744121074677,0.49399998784065247,0.7681999802589417
YJL044C,YCL014W,0,-3.9608722,0.06041335314512253,0.49399998784065247,0.7682999968528748
YGL180W,YKR068C,0,-3.960971,0.06040596589446068,0.49399998784065247,0.7684000134468079
YDR229W,YPL151C,0,-3.9610305,0.06039858236908913,0.49399998784065247,0.7684999704360962
YML097C,YCR047C,0,-3.9611053,0.060391198843717575,0.49399998784065247,0.7685999870300293
YLR323C,YBR036C,0,-3.9612746,0.060383815318346024,0.49399998784065247,0.7687000036239624
YKR049C,YNL160W,0,-3.9613025,0.06037643551826477,0.49399998784065247,0.7688000202178955
YOR335C,YBR119W,0,-3.9613929,0.060369059443473816,0.49399998784065247,0.7688999772071838
YPR135W,YJR006W,1,-3.9613943,0.060483869165182114,0.4950000047683716,0.7688999772071838
YEL051W,YJL167W,0,-3.9614735,0.060476481914520264,0.4950000047683716,0.7689999938011169
YGR005C,YLR430W,0,-3.9615421,0.060469094663858414,0.4950000047683716,0.76910001039505
YHR153C,YML094W,0,-3.9616034,0.060461707413196564,0.4950000047683716,0.7692000269889832
YCR014C,YHR119W,0,-3.9618292,0.06045432388782501,0.4950000047683716,0.7692999839782715
YBR040W,YGL232W,0,-3.9619055,0.06044694036245346,0.4950000047683716,0.7694000005722046
YCR052W,YHR005C-A,0,-3.9620159,0.06043956056237221,0.4950000047683716,0.7695000171661377
YAR007C,YPR120C,1,-3.9624426,0.06055426597595215,0.4959999918937683,0.7695000171661377
YIL106W,YER061C,0,-3.9624443,0.060546875,0.4959999918937683,0.769599974155426
YDR140W,YMR228W,0,-3.9624834,0.06053948402404785,0.4959999918937683,0.7696999907493591
YNL006W,YPL134C,0,-3.9625616,0.060532096773386,0.4959999918937683,0.7698000073432922
YHR204W,YOR147W,0,-3.9625895,0.06052470952272415,0.4959999918937683,0.7699000239372253
YBR087W,YBR278W,1,-3.9627934,0.060639336705207825,0.4970000088214874,0.7699000239372253
YOR217W,YAR007C,1,-3.9629169,0.06075393408536911,0.49799999594688416,0.7699000239372253
YDR023W,YPL119C,0,-3.9629438,0.06074652448296547,0.49799999594688416,0.7699999809265137
YDL164C,YJL173C,1,-3.9631119,0.06086108088493347,0.49900001287460327,0.7699999809265137
YCR060W,YOR195W,0,-3.9632244,0.060853660106658936,0.49900001287460327,0.7700999975204468
YPR134W,YDR067C,0,-3.9632373,0.0608462393283844,0.49900001287460327,0.7702000141143799
YCR031C,YGR004W,0,-3.9632976,0.06083881855010986,0.49900001287460327,0.7702999711036682
YGR037C,YMR009W,0,-3.9633567,0.060831401497125626,0.49900001287460327,0.7703999876976013
YDR378C,YCL057W,0,-3.9634676,0.060823988169431686,0.49900001287460327,0.7705000042915344
YHR101C,YIL039W,0,-3.9635706,0.06081657484173775,0.49900001287460327,0.7706000208854675
YOR074C,YAR007C,1,-3.9636693,0.06093102693557739,0.5,0.7706000208854675
YFL029C,YLR442C,0,-3.9639175,0.06092360243201256,0.5,0.7706999778747559
YMR241W,YPR028W,0,-3.964131,0.06091617792844772,0.5,0.770799994468689
YBL030C,YKL029C,0,-3.9641595,0.06090875715017319,0.5,0.7709000110626221
YMR224C,YNL121C,0,-3.9641771,0.06090134009718895,0.5,0.7710000276565552
YLR105C,YMR228W,0,-3.9644628,0.06089392304420471,0.5,0.7710999846458435
YJL173C,YDR121W,1,-3.964466,0.061008282005786896,0.5009999871253967,0.7710999846458435
YBR268W,YGR036C,0,-3.964507,0.06100085377693176,0.5009999871253967,0.7712000012397766
YNL098C,YJL121C,0,-3.9646268,0.06099342554807663,0.5009999871253967,0.7713000178337097
YDR038C,YOL136C,0,-3.9647522,0.060986001044511795,0.5009999871253967,0.771399974822998
YHR014W,YGL084C,0,-3.9647977,0.06097857654094696,0.5009999871253967,0.7714999914169312
YDL246C,YGL163C,0,-3.9650483,0.060971155762672424,0.5009999871253967,0.7716000080108643
YDR289C,YGR010W,0,-3.9651594,0.06096373870968819,0.5009999871253967,0.7717000246047974
YAL024C,YHR036W,0,-3.965399,0.06095632165670395,0.5009999871253967,0.7717999815940857
YPL200W,YOR158W,0,-3.9654698,0.06094890460371971,0.5009999871253967,0.7718999981880188
YDL148C,YGL031C,0,-3.9655914,0.06094149127602577,0.5009999871253967,0.7720000147819519
YGL063W,YNR007C,0,-3.9656405,0.06093407794833183,0.5009999871253967,0.7720999717712402
YMR123W,YFL039C,0,-3.9656575,0.06092666834592819,0.5009999871253967,0.7721999883651733
YNL262W,YDR121W,1,-3.9656873,0.06104085594415665,0.5019999742507935,0.7721999883651733
YGR104C,YOL004W,0,-3.9658663,0.06103343516588211,0.5019999742507935,0.7723000049591064
YJL004C,YKL186C,0,-3.9659503,0.061026014387607574,0.5019999742507935,0.7724000215530396
YMR173W,YOR162C,0,-3.9661639,0.06101859733462334,0.5019999742507935,0.7724999785423279
YLR295C,YNL310C,0,-3.9662223,0.0610111802816391,0.5019999742507935,0.772599995136261
YBR081C,YML012W,0,-3.9662251,0.06100376695394516,0.5019999742507935,0.7727000117301941
YBR146W,YDR138W,0,-3.9663844,0.06099635362625122,0.5019999742507935,0.7728000283241272
YIL046W,YCL029C,0,-3.9665484,0.06098894402384758,0.5019999742507935,0.7728999853134155
YOR233W,YNR045W,0,-3.9665976,0.06098153442144394,0.5019999742507935,0.7730000019073486
YJR006W,YER129W,1,-3.9666133,0.06109559163451195,0.503000020980835,0.7730000019073486
YER112W,YNL127W,0,-3.9667566,0.06108817085623741,0.503000020980835,0.7731000185012817
YGR104C,YLR118C,0,-3.9667692,0.061080753803253174,0.503000020980835,0.7731999754905701
YAL043C,YKL119C,0,-3.9668536,0.061073336750268936,0.503000020980835,0.7732999920845032
YJR046W,YGL168W,1,-3.9671822,0.06118732690811157,0.5040000081062317,0.7732999920845032
YJR158W,YPR006C,0,-3.9672575,0.06117989867925644,0.5040000081062317,0.7734000086784363
YDR371W,YPL207W,0,-3.967476,0.061172474175691605,0.5040000081062317,0.7735000252723694
YNL091W,YDL051W,0,-3.9676557,0.06116504967212677,0.5040000081062317,0.7735999822616577
YHL011C,YJL011C,0,-3.9677637,0.061157625168561935,0.5040000081062317,0.7736999988555908
YJR006W,YMR234W,1,-3.9678042,0.061271537095308304,0.5049999952316284,0.7736999988555908
YNR055C,YHR207C,0,-3.967908,0.061264101415872574,0.5049999952316284,0.7738000154495239
YDL017W,YDL102W,1,-3.9679394,0.06137797236442566,0.5059999823570251,0.7738000154495239
YDL098C,YOL078W,0,-3.9680018,0.06137052923440933,0.5059999823570251,0.7738999724388123
YOR074C,YJL194W,1,-3.9680557,0.061484355479478836,0.5070000290870667,0.7738999724388123
YCR010C,YKR044W,0,-3.9680576,0.061476901173591614,0.5070000290870667,0.7739999890327454
YDL101C,YGR058W,0,-3.968074,0.06146944686770439,0.5070000290870667,0.7741000056266785
YPR133W-A,YBR006W,0,-3.968128,0.06146199628710747,0.5070000290870667,0.7742000222206116
YGL127C,YHR206W,0,-3.9681606,0.061454545706510544,0.5070000290870667,0.7742999792098999
YOR074C,YPR175W,1,-3.9681697,0.06156829372048378,0.5080000162124634,0.7742999792098999
YPL117C,YHR111W,0,-3.9684281,0.06156083196401596,0.5080000162124634,0.774399995803833
YJL125C,YKR056W,0,-3.9687226,0.06155337393283844,0.5080000162124634,0.7745000123977661
YOR087W,YDR174W,0,-3.9688046,0.06154591590166092,0.5080000162124634,0.7746000289916992
YBR173C,YFL039C,0,-3.9689116,0.0615384615957737,0.5080000162124634,0.7746999859809875
YJR046W,YHR118C,1,-3.9690025,0.061652131378650665,0.5090000033378601,0.7746999859809875
YPL259C,YDR197W,0,-3.9690647,0.06164466589689255,0.5090000033378601,0.7748000025749207
YGL223C,YDR386W,0,-3.9690728,0.06163720041513443,0.5090000033378601,0.7749000191688538
YPL223C,YKL094W,0,-3.9691582,0.06162973865866661,0.5090000033378601,0.7749999761581421
YJR130C,YMR002W,0,-3.969172,0.06162227690219879,0.5090000033378601,0.7750999927520752
YFL004W,YJR117W,0,-3.9693866,0.06161481514573097,0.5090000033378601,0.7752000093460083
YOR080W,YGL251C,1,-3.9694126,0.06172839552164078,0.5099999904632568,0.7752000093460083
YLR386W,YOR057W,0,-3.9694154,0.06172092631459236,0.5099999904632568,0.7753000259399414
YDR110W,YGL168W,1,-3.9696565,0.061834461987018585,0.5109999775886536,0.7753000259399414
YPL172C,YJL112W,0,-3.9697478,0.061826981604099274,0.5109999775886536,0.7753999829292297
YDR011W,YDR420W,0,-3.9697604,0.06181950122117996,0.5109999775886536,0.7754999995231628
YBL023C,YJL173C,1,-3.9698098,0.06193298473954201,0.5120000243186951,0.7754999995231628
YDL045W-A,YMR076C,0,-3.969822,0.0619254969060421,0.5120000243186951,0.775600016117096
YBL011W,YDR334W,0,-3.9698951,0.06191800534725189,0.5120000243186951,0.7756999731063843
YNL261W,YPR120C,1,-3.9699368,0.06203144043684006,0.5130000114440918,0.7756999731063843
YOR181W,YOL003C,0,-3.9699895,0.062023937702178955,0.5130000114440918,0.7757999897003174
YGR224W,YER089C,0,-3.970355,0.06201644241809845,0.5130000114440918,0.7759000062942505
YNL262W,YIL150C,1,-3.9703953,0.06212982162833214,0.5139999985694885,0.7759000062942505
YOR176W,YMR215W,0,-3.9704204,0.06212231144309044,0.5139999985694885,0.7760000228881836
YJL044C,YLR075W,0,-3.9706156,0.06211480498313904,0.5139999985694885,0.7760999798774719
YPL019C,YLR120C,0,-3.970656,0.06210729852318764,0.5139999985694885,0.776199996471405
YHR082C,YML099C,0,-3.9706948,0.062099795788526535,0.5139999985694885,0.7763000130653381
YOR014W,YBR131W,0,-3.9708781,0.06209229305386543,0.5139999985694885,0.7764000296592712
YDL202W,YOR106W,0,-3.9710784,0.06208479404449463,0.5139999985694885,0.7764999866485596
YNL261W,YPR175W,1,-3.9714112,0.06219806894659996,0.5149999856948853,0.7764999866485596
YBR030W,YHR041C,0,-3.9714231,0.06219055503606796,0.5149999856948853,0.7766000032424927
YBR058C,YLR219W,0,-3.9718184,0.06218304857611656,0.5149999856948853,0.7767000198364258
YBR015C,YDR470C,0,-3.9719439,0.06217554211616516,0.5149999856948853,0.7767999768257141
YOR259C,YLR312W-A,0,-3.971951,0.06216803565621376,0.5149999856948853,0.7768999934196472
YGL098W,YKL210W,0,-3.971964,0.06216053292155266,0.5149999856948853,0.7770000100135803
YBR145W,YKL196C,0,-3.972042,0.062153030186891556,0.5149999856948853,0.7771000266075134
YHR047C,YML081C-A,0,-3.9722152,0.062145527452230453,0.5149999856948853,0.7771999835968018
YOL030W,YKL186C,0,-3.9725785,0.06213803216814995,0.5149999856948853,0.7773000001907349
YDR105C,YPL103C,0,-3.9726067,0.062130533158779144,0.5149999856948853,0.777400016784668
YNL262W,YJL090C,1,-3.9726887,0.062243666499853134,0.515999972820282,0.777400016784668
YOR074C,YDL102W,1,-3.9728231,0.062356773763895035,0.5170000195503235,0.777400016784668
YLR154C,YDR121W,1,-3.9728475,0.06246985122561455,0.5180000066757202,0.777400016784668
YPR026W,YKL145W,0,-3.9728658,0.06246231868863106,0.5180000066757202,0.7774999737739563
YML034W,YJL089W,0,-3.973106,0.06245478615164757,0.5180000066757202,0.7775999903678894
YMR211W,YBR074W,0,-3.9731088,0.062447257339954376,0.5180000066757202,0.7777000069618225
YOL061W,YER022W,0,-3.9731092,0.062439728528261185,0.5180000066757202,0.7778000235557556
YLR154C,YOR074C,1,-3.97312,0.06255272775888443,0.5189999938011169,0.7778000235557556
YFR032C-A,YGR116W,0,-3.9732473,0.06254519522190094,0.5189999938011169,0.777899980545044
YKR055W,YGL026C,0,-3.9733098,0.06253765523433685,0.5189999938011169,0.777999997138977
YOR330C,YHR031C,1,-3.9733143,0.06265060603618622,0.5199999809265137,0.777999997138977
YIL074C,YDR389W,0,-3.9733338,0.06264305859804153,0.5199999809265137,0.7781000137329102
YHR025W,YDR418W,0,-3.9733758,0.06263551115989685,0.5199999809265137,0.7781999707221985
YFL041W,YJL174W,0,-3.973752,0.06262796372175217,0.5199999809265137,0.7782999873161316
YML060W,YDR397C,0,-3.9737933,0.06262042373418808,0.5199999809265137,0.7784000039100647
YMR169C,YFR014C,0,-3.9738975,0.06261288374662399,0.5199999809265137,0.7785000205039978
YBL089W,YOR355W,0,-3.9739077,0.0626053437590599,0.5199999809265137,0.7785999774932861
YDR067C,YNL076W,0,-3.9739454,0.06259781122207642,0.5199999809265137,0.7786999940872192
YOL055C,YIR036C,0,-3.974152,0.06259027123451233,0.5199999809265137,0.7788000106811523
YBL051C,YOR117W,0,-3.9742172,0.06258273869752884,0.5199999809265137,0.7789000272750854
YOR323C,YLR286C,0,-3.9743052,0.06257521361112595,0.5199999809265137,0.7789999842643738
YMR311C,YGR268C,0,-3.9744463,0.06256768107414246,0.5199999809265137,0.7791000008583069
YDL210W,YLR047C,0,-3.974464,0.06256015598773956,0.5199999809265137,0.77920001745224
YMR080C,YPL151C,0,-3.974493,0.06255263090133667,0.5199999809265137,0.7792999744415283
YEL021W,YNL301C,0,-3.9746902,0.06254510581493378,0.5199999809265137,0.7793999910354614
YDR228C,YJL096W,0,-3.9747608,0.06253758072853088,0.5199999809265137,0.7795000076293945
YJL103C,YJL162C,0,-3.9747958,0.06253006309270859,0.5199999809265137,0.7796000242233276
YDR003W,YDL028C,0,-3.9748917,0.06252254545688629,0.5199999809265137,0.779699981212616
YNR070W,YDL134C,0,-3.9750578,0.062515027821064,0.5199999809265137,0.7797999978065491
YJL112W,YOR221C,0,-3.975126,0.0625075101852417,0.5199999809265137,0.7799000144004822
YNL084C,YKL094W,0,-3.9751515,0.0625,0.5199999809265137,0.7799999713897705
YJL214W,YLR016C,0,-3.9754403,0.0624924898147583,0.5199999809265137,0.7800999879837036
YIL013C,YDR041W,0,-3.9756556,0.0624849796295166,0.5199999809265137,0.7802000045776367
YML004C,YDR078C,0,-3.9757369,0.0624774731695652,0.5199999809265137,0.7803000211715698
YGL094C,YFR007W,0,-3.9758105,0.0624699667096138,0.5199999809265137,0.7803999781608582
YLR450W,YDL185W,0,-3.9758217,0.0624624639749527,0.5199999809265137,0.7804999947547913
YLR277C,YKL126W,0,-3.9759488,0.062454961240291595,0.5199999809265137,0.7806000113487244
YNL290W,YHR031C,1,-3.976359,0.06256755441427231,0.5210000276565552,0.7806000113487244
YPR120C,YHL024W,1,-3.9767904,0.06268011778593063,0.5220000147819519,0.7806000113487244
YPR175W,YDL164C,1,-3.9769607,0.06279265135526657,0.5230000019073486,0.7806000113487244
YJR021C,YOR011W,0,-3.976977,0.06278511136770248,0.5230000019073486,0.7807000279426575
YOL064C,YOL066C,0,-3.9770975,0.062777578830719,0.5230000019073486,0.7807999849319458
YKR094C,YMR264W,0,-3.9771883,0.0627700462937355,0.5230000019073486,0.7809000015258789
YJR036C,YER171W,0,-3.9772108,0.06276251375675201,0.5230000019073486,0.781000018119812
YDL127W,YDR164C,0,-3.977237,0.06275498121976852,0.5230000019073486,0.7810999751091003
YER129W,YHR164C,1,-3.9773335,0.0628674253821373,0.5239999890327454,0.7810999751091003
YER126C,YOR259C,0,-3.977364,0.06285988539457321,0.5239999890327454,0.7811999917030334
YDR350C,YGL209W,0,-3.9773703,0.06285234540700912,0.5239999890327454,0.7813000082969666
YDR368W,YLL009C,0,-3.977477,0.06284480541944504,0.5239999890327454,0.7814000248908997
YHL038C,YNR007C,0,-3.977624,0.06283727288246155,0.5239999890327454,0.781499981880188
YDL098C,YLR364W,0,-3.9776425,0.06282973289489746,0.5239999890327454,0.7815999984741211
YDR002W,YNL216W,0,-3.9777036,0.06282220035791397,0.5239999890327454,0.7817000150680542
YJL221C,YIL036W,0,-3.9780319,0.06281467527151108,0.5239999890327454,0.7817999720573425
YKL017C,YGL251C,1,-3.9780755,0.0629270076751709,0.5249999761581421,0.7817999720573425
YKR056W,YIL142W,0,-3.97809,0.06291946023702621,0.5249999761581421,0.7818999886512756
YGR104C,YMR139W,0,-3.9782944,0.06291192024946213,0.5249999761581421,0.7820000052452087
YDR512C,YER114C,0,-3.9783556,0.06290438771247864,0.5249999761581421,0.7821000218391418
YPL131W,YDR390C,0,-3.9784887,0.06289684772491455,0.5249999761581421,0.7821999788284302
YDL074C,YER027C,0,-3.9785094,0.06288931518793106,0.5249999761581421,0.7822999954223633
YDR490C,YLR337C,0,-3.9785488,0.06288178265094757,0.5249999761581421,0.7824000120162964
YLR118C,YPR024W,0,-3.9786751,0.06287425011396408,0.5249999761581421,0.7825000286102295
YJL004C,YIL140W,0,-3.9788122,0.06286672502756119,0.5249999761581421,0.7825999855995178
YJL078C,YLL043W,0,-3.9788566,0.0628591924905777,0.5249999761581421,0.7827000021934509
YLR154C,YNL290W,1,-3.979137,0.06297139078378677,0.5260000228881836,0.7827000021934509
YPL156C,YBR187W,0,-3.979179,0.06296385079622269,0.5260000228881836,0.782800018787384
YER176W,YNL291C,0,-3.979213,0.0629563108086586,0.5260000228881836,0.7828999757766724
YDR172W,YDR238C,0,-3.979387,0.06294877827167511,0.5260000228881836,0.7829999923706055
YOR264W,YNL310C,0,-3.9797916,0.06294124573469162,0.5260000228881836,0.7831000089645386
YMR234W,YBL035C,1,-3.9798212,0.06305336207151413,0.5270000100135803,0.7831000089645386
YLR432W,YOR209C,0,-3.9800482,0.06304582208395004,0.5270000100135803,0.7832000255584717
YMR123W,YDR337W,0,-3.980162,0.06303827464580536,0.5270000100135803,0.78329998254776
YHL011C,YHR047C,0,-3.9802835,0.06303073465824127,0.5270000100135803,0.7833999991416931
YDL056W,YDR279W,1,-3.9803753,0.063142791390419,0.527999997138977,0.7833999991416931
YDR362C,YER153C,0,-3.9804406,0.06313523650169373,0.527999997138977,0.7835000157356262
YDR079W,YFL049W,0,-3.980483,0.06312768906354904,0.527999997138977,0.7835999727249146
YPL163C,YOR109W,0,-3.9806066,0.06312014162540436,0.527999997138977,0.7836999893188477
YPR180W,YDR103W,0,-3.980732,0.06311260163784027,0.527999997138977,0.7838000059127808
YOR233W,YIL143C,0,-3.980742,0.06310505419969559,0.527999997138977,0.7839000225067139
YDR135C,YDR059C,0,-3.9807968,0.0630975142121315,0.527999997138977,0.7839999794960022
YJR155W,YKR027W,0,-3.9814298,0.06308997422456741,0.527999997138977,0.7840999960899353
YMR159C,YNL330C,0,-3.98148,0.06308243423700333,0.527999997138977,0.7842000126838684
YMR198W,YNL131W,0,-3.9816628,0.06307490170001984,0.527999997138977,0.7843000292778015
YGR143W,YBR069C,0,-3.9817827,0.06306736916303635,0.527999997138977,0.7843999862670898
YKR055W,YOR347C,0,-3.981819,0.06305983662605286,0.527999997138977,0.784500002861023
YLR268W,YMR193W,0,-3.9820437,0.06305230408906937,0.527999997138977,0.784600019454956
YDR168W,YLR382C,0,-3.982272,0.06304477900266647,0.527999997138977,0.7846999764442444
YPL144W,YIR005W,0,-3.9822776,0.06303724646568298,0.527999997138977,0.7847999930381775
YGR032W,YOR172W,0,-3.982379,0.06302972137928009,0.527999997138977,0.7849000096321106
YPR102C,YNL175C,0,-3.9824998,0.0630222037434578,0.527999997138977,0.7850000262260437
YPL050C,YPL096W,0,-3.9826245,0.0630146786570549,0.527999997138977,0.785099983215332
YPR019W,YPL153C,1,-3.982693,0.06312648952007294,0.5289999842643738,0.785099983215332
YER129W,YDL017W,1,-3.9827836,0.06323827803134918,0.5299999713897705,0.785099983215332
YJR021C,YML071C,0,-3.982814,0.0632307305932045,0.5299999713897705,0.7851999998092651
YEL015W,YPR108W,0,-3.9830213,0.06322319060564041,0.5299999713897705,0.7853000164031982
YMR211W,YMR139W,0,-3.9831657,0.06321565061807632,0.5299999713897705,0.7853999733924866
YIL150C,YHR118C,1,-3.983601,0.0633273720741272,0.531000018119812,0.7853999733924866
YFR027W,YNL218W,1,-3.9836376,0.06343906372785568,0.5320000052452087,0.7853999733924866
YLR103C,YER070W,1,-3.9836726,0.06355073302984238,0.5329999923706055,0.7853999733924866
YPR019W,YMR043W,1,-3.9838204,0.06366237252950668,0.5339999794960022,0.7853999733924866
YDL056W,YHR031C,1,-3.983861,0.0637739896774292,0.5350000262260437,0.7853999733924866
YMR153W,YDR038C,0,-3.9839396,0.06376639008522034,0.5350000262260437,0.7854999899864197
YPL153C,YGL251C,1,-3.983959,0.06387796252965927,0.5360000133514404,0.7854999899864197
YIL118W,YBL025W,0,-3.9840102,0.06387035548686981,0.5360000133514404,0.7856000065803528
YJL090C,YJL072C,1,-3.9841886,0.06398189067840576,0.5370000004768372,0.7856000065803528
YMR234W,YDR419W,1,-3.9842722,0.06409340351819992,0.5379999876022339,0.7856000065803528
YBR087W,YDR069C,1,-3.984284,0.06420488655567169,0.5389999747276306,0.7856000065803528
YGL168W,YPR120C,1,-3.984413,0.06431633979082108,0.5400000214576721,0.7856000065803528
YBR058C,YOR129C,0,-3.9844213,0.06430868059396744,0.5400000214576721,0.7857000231742859
YOR217W,YDR279W,1,-3.9845157,0.06442009657621384,0.5410000085830688,0.7857000231742859
YFR036W,YDR463W,0,-3.9846015,0.0644124299287796,0.5410000085830688,0.7857999801635742
YKL051W,YAL030W,0,-3.984979,0.06440476328134537,0.5410000085830688,0.7858999967575073
YGL113W,YNL290W,1,-3.9850748,0.06451612710952759,0.5419999957084656,0.7858999967575073
YLR157C,YPR086W,0,-3.9851103,0.06450845301151276,0.5419999957084656,0.7860000133514404
YPL078C,YDR036C,0,-3.9851112,0.06450077146291733,0.5419999957084656,0.7860999703407288
YMR223W,YJL083W,0,-3.9852974,0.0644930973649025,0.5419999957084656,0.7861999869346619
YJL087C,YGL003C,0,-3.985457,0.06448542326688766,0.5419999957084656,0.786300003528595
YOL095C,YOR174W,0,-3.985548,0.06447775661945343,0.5419999957084656,0.7864000201225281
YOL076W,YJL124C,0,-3.9855914,0.0644700825214386,0.5419999957084656,0.7864999771118164
YBR129C,YLR200W,0,-3.985781,0.06446241587400436,0.5419999957084656,0.7865999937057495
YHR024C,YCR028C,0,-3.9858751,0.06445474922657013,0.5419999957084656,0.7867000102996826
YEL015W,YKL170W,0,-3.9860191,0.06444709002971649,0.5419999957084656,0.7868000268936157
YDL134C,YPL103C,0,-3.986064,0.06443942338228226,0.5419999957084656,0.786899983882904
YOR074C,YOR217W,1,-3.9861488,0.06455064564943314,0.5429999828338623,0.786899983882904
YNL289W,YPR149W,0,-3.9861522,0.0645429715514183,0.5429999828338623,0.7870000004768372
YBR188C,YDR005C,0,-3.9862335,0.06453529745340347,0.5429999828338623,0.7871000170707703
YDR456W,YMR039C,0,-3.986292,0.06452763080596924,0.5429999828338623,0.7871999740600586
YLL004W,YCR086W,1,-3.9863749,0.06463878601789474,0.5440000295639038,0.7871999740600586
YDR145W,YCL032W,0,-3.986435,0.06463110446929932,0.5440000295639038,0.7872999906539917
YJL090C,YDL102W,1,-3.986483,0.06474222242832184,0.5450000166893005,0.7872999906539917
YMR237W,YKL206C,0,-3.9867353,0.06473452597856522,0.5450000166893005,0.7874000072479248
YGL051W,YBL079W,0,-3.986878,0.06472684442996979,0.5450000166893005,0.7875000238418579
YAL023C,YMR264W,0,-3.9871144,0.06471915543079376,0.5450000166893005,0.7875999808311462
YPR083W,YCR105W,0,-3.9871445,0.06471146643161774,0.5450000166893005,0.7876999974250793
YMR257C,YMR055C,0,-3.98744,0.06470378488302231,0.5450000166893005,0.7878000140190125
YCR106W,YGR099W,0,-3.9874482,0.06469610333442688,0.5450000166893005,0.7878999710083008
YOR080W,YAR007C,1,-3.9875262,0.06480712443590164,0.5460000038146973,0.7878999710083008
YNL218W,YPR162C,1,-3.9878032,0.06491810828447342,0.546999990940094,0.7878999710083008
YNL273W,YBR299W,0,-3.9880257,0.0649104043841362,0.546999990940094,0.7879999876022339
YGR262C,YGL090W,0,-3.98818,0.06490270793437958,0.546999990940094,0.788100004196167
YGL139W,YDL208W,0,-3.9882553,0.06489500403404236,0.546999990940094,0.7882000207901001
YMR012W,YBR118W,0,-3.988476,0.06488730758428574,0.546999990940094,0.7882999777793884
YPR073C,YOR332W,0,-3.988532,0.06487961113452911,0.546999990940094,0.7883999943733215
YKL154W,YGR075C,0,-3.9885533,0.06487191468477249,0.546999990940094,0.7885000109672546
YBR038W,YMR193W,0,-3.9886456,0.06486422568559647,0.546999990940094,0.7886000275611877
YBR120C,YLR433C,0,-3.9889405,0.06485653668642044,0.546999990940094,0.7886999845504761
YJL179W,YKR056W,0,-3.9891107,0.06484884768724442,0.546999990940094,0.7888000011444092
YLR277C,YJR001W,0,-3.9891837,0.06484115868806839,0.546999990940094,0.7889000177383423
YLR265C,YKL064W,0,-3.9894273,0.06483346968889236,0.546999990940094,0.7889999747276306
YGL098W,YJR132W,0,-3.989512,0.06482578814029694,0.546999990940094,0.7890999913215637
YJR034W,YPL280W,0,-3.9896545,0.06481810659170151,0.546999990940094,0.7892000079154968
YNL290W,YPR120C,1,-3.989676,0.06492891162633896,0.5479999780654907,0.7892000079154968
YCL067C,YNL227C,0,-3.9898326,0.06492121517658234,0.5479999780654907,0.7893000245094299
YNR057C,YMR273C,0,-3.990065,0.06491352617740631,0.5479999780654907,0.7893999814987183
YDR108W,YBR065C,0,-3.990306,0.06490583717823029,0.5479999780654907,0.7894999980926514
YMR131C,YDL061C,0,-3.990418,0.06489815562963486,0.5479999780654907,0.7896000146865845
YER100W,YDL054C,0,-3.990532,0.06489046663045883,0.5479999780654907,0.7896999716758728
YBR264C,YJL083W,0,-3.9905586,0.0648827850818634,0.5479999780654907,0.7897999882698059
YMR098C,YDR226W,0,-3.9906735,0.06487510353326797,0.5479999780654907,0.789900004863739
YGL113W,YCR086W,1,-3.9907093,0.06498579680919647,0.5490000247955322,0.789900004863739
YDL043C,YPL156C,0,-3.990745,0.06497810035943985,0.5490000247955322,0.7900000214576721
YDR334W,YKL126W,0,-3.9908383,0.06497041136026382,0.5490000247955322,0.7900999784469604
YKL024C,YGL107C,0,-3.9911728,0.0649627298116684,0.5490000247955322,0.7901999950408936
YNL218W,YMR043W,1,-3.9912837,0.06507335603237152,0.550000011920929,0.7901999950408936
YDL056W,YPR120C,1,-3.9914017,0.06518395990133286,0.5509999990463257,0.7901999950408936
YHR164C,YKL045W,1,-3.991549,0.0652945339679718,0.5519999861717224,0.7901999950408936
YJL166W,YPL274W,0,-3.9917376,0.06528681516647339,0.5519999861717224,0.7903000116348267
YMR238W,YPL002C,0,-3.9917529,0.06527908891439438,0.5519999861717224,0.7904000282287598
YMR088C,YMR184W,0,-3.991987,0.06527137011289597,0.5519999861717224,0.7904999852180481
YPL262W,YIL070C,0,-3.9920602,0.06526365876197815,0.5519999861717224,0.7906000018119812
YPL153C,YAR007C,1,-3.9920988,0.06537415832281113,0.5529999732971191,0.7906000018119812
YEL054C,YGR200C,0,-3.9921608,0.06536643207073212,0.5529999732971191,0.7907000184059143
YHR006W,YKL218C,0,-3.992192,0.0653587058186531,0.5529999732971191,0.7907999753952026
YDR378C,YER089C,0,-3.9922175,0.0653509795665741,0.5529999732971191,0.7908999919891357
YJR006W,YBR202W,1,-3.9922786,0.0654614195227623,0.5540000200271606,0.7908999919891357
YNL219C,YGR171C,0,-3.9926648,0.06545368582010269,0.5540000200271606,0.7910000085830688
YLR403W,YML061C,0,-3.9927258,0.06544595211744308,0.5540000200271606,0.791100025177002
YKL053C-A,YER072W,0,-3.9928055,0.06543822586536407,0.5540000200271606,0.7911999821662903
YGL051W,YHR106W,0,-3.9928417,0.06543049216270447,0.5540000200271606,0.7912999987602234
YOR191W,YGL016W,0,-3.9929101,0.06542276591062546,0.5540000200271606,0.7914000153541565
YJL208C,YER127W,0,-3.9929636,0.06541503965854645,0.5540000200271606,0.7914999723434448
YPL083C,YDR389W,0,-3.9930258,0.06540732085704803,0.5540000200271606,0.7915999889373779
YNL117W,YPR024W,0,-3.993038,0.06539960205554962,0.5540000200271606,0.791700005531311
YHR058C,YDR510W,0,-3.9930718,0.06539187580347061,0.5540000200271606,0.7918000221252441
YGL113W,YHR164C,1,-3.9931173,0.06550218164920807,0.5550000071525574,0.7918000221252441
YKR050W,YPL064C,0,-3.9931774,0.06549445539712906,0.5550000071525574,0.7918999791145325
YKL161C,YKL132C,0,-3.9933703,0.06548672914505005,0.5550000071525574,0.7919999957084656
YER129W,YLR103C,1,-3.9934502,0.06559698283672333,0.5559999942779541,0.7919999957084656
YKL093W,YER147C,0,-3.9934916,0.06558924168348312,0.5559999942779541,0.7921000123023987
YOR187W,YJL012C,0,-3.993593,0.06558150798082352,0.5559999942779541,0.7922000288963318
YJL125C,YDR174W,0,-3.99375,0.06557376682758331,0.5559999942779541,0.7922999858856201
YGL004C,YMR215W,0,-3.9939442,0.0655660405755043,0.5559999942779541,0.7924000024795532
YNL102W,YOR330C,1,-3.9939585,0.06567621976137161,0.5569999814033508,0.7924000024795532
YBR202W,YNL290W,1,-3.993975,0.06578636914491653,0.5580000281333923,0.7924000024795532
YJL183W,YHR108W,0,-3.993991,0.06577861309051514,0.5580000281333923,0.7925000190734863
YGR061C,YMR080C,0,-3.9939957,0.06577086448669434,0.5580000281333923,0.7925999760627747
YPR135W,YGL251C,1,-3.9942899,0.06588096916675568,0.5590000152587891,0.7925999760627747
YNL214W,YPL206C,0,-3.9943972,0.06587320566177368,0.5590000152587891,0.7926999926567078
YLR172C,YDR312W,0,-3.9945607,0.06586544215679169,0.5590000152587891,0.7928000092506409
YGR264C,YJL200C,0,-3.9945822,0.06585767865180969,0.5590000152587891,0.792900025844574
YGL113W,YIL150C,1,-3.9946415,0.06596772372722626,0.5600000023841858,0.792900025844574
YBL026W,YHR133C,0,-3.9946594,0.06595995277166367,0.5600000023841858,0.7929999828338623
YDL017W,YDR013W,1,-3.9946637,0.06606995314359665,0.5609999895095825,0.7929999828338623
YLR265C,YOR150W,0,-3.9947522,0.06606217473745346,0.5609999895095825,0.7930999994277954
YIL109C,YGR040W,0,-3.9948006,0.06605439633131027,0.5609999895095825,0.7932000160217285
YDR398W,YNL288W,0,-3.994872,0.06604661792516708,0.5609999895095825,0.7932999730110168
YDR351W,YPL135W,0,-3.9949746,0.06603884696960449,0.5609999895095825,0.79339998960495
YIL150C,YKL108W,1,-3.9949827,0.0661487728357315,0.5619999766349792,0.79339998960495
YBR202W,YDR279W,1,-3.995092,0.06625867635011673,0.5630000233650208,0.79339998960495
YPL105C,YER164W,0,-3.995128,0.06625088304281235,0.5630000233650208,0.7935000061988831
YKL192C,YGR211W,0,-3.9951563,0.06624308973550797,0.5630000233650208,0.7936000227928162
YFL005W,YGL045W,0,-3.995187,0.06623529642820358,0.5630000233650208,0.7936999797821045
YBL089W,YPL138C,0,-3.9952688,0.0662275031208992,0.5630000233650208,0.7937999963760376
YER063W,YJL094C,0,-3.9954693,0.06621970981359482,0.5630000233650208,0.7939000129699707
YOL028C,YLL048C,0,-3.9955812,0.06621192395687103,0.5630000233650208,0.7940000295639038
YER180C,YOL030W,0,-3.995646,0.06620413810014725,0.5630000233650208,0.7940999865531921
YOR039W,YPR016C,0,-3.9956596,0.06619635224342346,0.5630000233650208,0.7942000031471252
YMR285C,YDR096W,0,-3.995679,0.06618857383728027,0.5630000233650208,0.7943000197410583
YGL104C,YJR127C,0,-3.99573,0.06618079543113708,0.5630000233650208,0.7943999767303467
YJL073W,YHR056C,0,-3.9957614,0.0661730170249939,0.5630000233650208,0.7944999933242798
YBR218C,YER162C,0,-3.9958062,0.06616523861885071,0.5630000233650208,0.7946000099182129
YMR179W,YBL057C,0,-3.995952,0.06615746021270752,0.5630000233650208,0.794700026512146
YDR326C,YGL195W,0,-3.995987,0.06614968925714493,0.5630000233650208,0.7947999835014343
YOL040C,YGR086C,0,-3.9962006,0.06614191830158234,0.5630000233650208,0.7949000000953674
YMR318C,YNL246W,0,-3.9963892,0.06613414734601974,0.5630000233650208,0.7950000166893005
YPL172C,YKL126W,0,-3.996416,0.06612637639045715,0.5630000233650208,0.7950999736785889
YOR096W,YKL099C,0,-3.9964645,0.06611861288547516,0.5630000233650208,0.795199990272522
YPR135W,YDL102W,1,-3.9967217,0.06622827798128128,0.5640000104904175,0.795199990272522
YJR102C,YIR025W,0,-3.9968152,0.06622049957513809,0.5640000104904175,0.7953000068664551
YBR035C,YKL138C,0,-3.9969196,0.0662127286195755,0.5640000104904175,0.7954000234603882
YML004C,YER031C,0,-3.9971077,0.06620495021343231,0.5640000104904175,0.7954999804496765
YGL173C,YCR060W,0,-3.9971695,0.06619718670845032,0.5640000104904175,0.7955999970436096
YOL002C,YMR225C,0,-3.9972563,0.06618941575288773,0.5640000104904175,0.7957000136375427
YJR140C,YDR457W,0,-3.9972768,0.06618164479732513,0.5640000104904175,0.795799970626831
YPL224C,YDR443C,0,-3.997321,0.06617388129234314,0.5640000104904175,0.7958999872207642
YLL057C,YGR003W,0,-3.997453,0.06616611778736115,0.5640000104904175,0.7960000038146973
YDR110W,YPR019W,1,-3.9974954,0.06627565622329712,0.5649999976158142,0.7960000038146973
YDR052C,YBR060C,1,-3.9975955,0.0663851723074913,0.5659999847412109,0.7960000038146973
YKL145W,YPL127C,0,-3.9976525,0.06637738645076752,0.5659999847412109,0.7961000204086304
YGL089C,YPL233W,0,-3.9977055,0.06636960804462433,0.5659999847412109,0.7961999773979187
YOR148C,YPL103C,0,-3.997765,0.06636182218790054,0.5659999847412109,0.7962999939918518
YGL018C,YJL164C,0,-3.9979193,0.06635404378175735,0.5659999847412109,0.7964000105857849
YEL032W,YLR103C,1,-3.99796,0.06646348536014557,0.5669999718666077,0.7964000105857849
YPL001W,YAL053W,0,-3.9980187,0.06645569950342178,0.5669999718666077,0.796500027179718
YDL101C,YNL137C,0,-3.9981449,0.0664479061961174,0.5669999718666077,0.7965999841690063
YAL026C,YBL103C,0,-3.9983964,0.06644012033939362,0.5669999718666077,0.7967000007629395
YPL138C,YOR227W,0,-3.9984248,0.06643233448266983,0.5669999718666077,0.7968000173568726
YDL128W,YPL204W,0,-3.9986217,0.06642455607652664,0.5669999718666077,0.7968999743461609
YMR048W,YJR097W,0,-3.9986348,0.06641677767038345,0.5669999718666077,0.796999990940094
YLR404W,YBR193C,0,-3.9987183,0.06640899181365967,0.5669999718666077,0.7971000075340271
YDL100C,YMR098C,0,-3.998724,0.06640122085809708,0.5669999718666077,0.7972000241279602
YDR369C,YDR246W,0,-3.9987435,0.06639344245195389,0.5669999718666077,0.7972999811172485
YDR308C,YBL025W,0,-3.998786,0.0663856714963913,0.5669999718666077,0.7973999977111816
YER180C,YOR252W,0,-3.9988632,0.0663779005408287,0.5669999718666077,0.7975000143051147
YHR118C,YDR279W,1,-3.9989223,0.06648718565702438,0.5680000185966492,0.7975000143051147
YER023W,YNL298W,0,-3.9989328,0.0664793998003006,0.5680000185966492,0.7975999712944031
YGR070W,YOR189W,0,-3.9989867,0.06647162139415741,0.5680000185966492,0.7976999878883362
YGR162W,YJR055W,0,-3.999189,0.06646384298801422,0.5680000185966492,0.7978000044822693
YPR135W,YNL262W,1,-3.999333,0.06657306849956512,0.5690000057220459,0.7978000044822693
YIL004C,YIL120W,0,-3.999442,0.06656527519226074,0.5690000057220459,0.7979000210762024
YPL262W,YKR002W,0,-3.9994566,0.06655748933553696,0.5690000057220459,0.7979999780654907
YOR335C,YPL169C,0,-3.9996238,0.06654971092939377,0.5690000057220459,0.7980999946594238
YAR018C,YMR097C,0,-3.9997737,0.06654192507266998,0.5690000057220459,0.7982000112533569
YMR290C,YJR075W,0,-3.999844,0.0665341466665268,0.5690000057220459,0.79830002784729
YDR200C,YOR221C,0,-4.000144,0.0665263682603836,0.5690000057220459,0.7983999848365784
YPR019W,YGL251C,1,-4.0003014,0.06663548946380615,0.5699999928474426,0.7983999848365784
YOR346W,YPL153C,1,-4.0006,0.0667445957660675,0.5709999799728394,0.7983999848365784
YJR006W,YCR086W,1,-4.000614,0.06685367226600647,0.5720000267028809,0.7983999848365784
YGL127C,YJR025C,0,-4.000776,0.0668458566069603,0.5720000267028809,0.7985000014305115
YNL212W,YPL050C,0,-4.0007772,0.06683804839849472,0.5720000267028809,0.7986000180244446
YCL051W,YBR180W,0,-4.0009165,0.06683024019002914,0.5720000267028809,0.7986999750137329
YHR116W,YOR274W,0,-4.001097,0.06682243198156357,0.5720000267028809,0.798799991607666
YOR254C,YGL241W,0,-4.001292,0.06681462377309799,0.5720000267028809,0.7989000082015991
YGR260W,YPL178W,0,-4.0015264,0.06680682301521301,0.5720000267028809,0.7990000247955322
YJL172W,YPL135W,0,-4.0016456,0.06679902225732803,0.5720000267028809,0.7990999817848206
YPL172C,YEL037C,0,-4.0020905,0.06679122149944305,0.5720000267028809,0.7991999983787537
YLR433C,YAL011W,0,-4.0023293,0.06678342074155807,0.5720000267028809,0.7993000149726868
YDR410C,YDR251W,0,-4.0024576,0.06677562743425369,0.5720000267028809,0.7993999719619751
YLL002W,YLR266C,0,-4.002509,0.06676782667636871,0.5720000267028809,0.7994999885559082
YFR032C-A,YBR261C,0,-4.0025673,0.06676004081964493,0.5720000267028809,0.7996000051498413
YMR043W,YOR217W,1,-4.002656,0.06686894595623016,0.5730000138282776,0.7996000051498413
YDR060W,YAL019W,0,-4.002665,0.06686114519834518,0.5730000138282776,0.7997000217437744
YLR067C,YMR033W,0,-4.002775,0.0668533444404602,0.5730000138282776,0.7997999787330627
YJL187C,YLR291C,0,-4.002832,0.06684554368257523,0.5730000138282776,0.7998999953269958
YMR081C,YBL069W,0,-4.002909,0.06683774292469025,0.5730000138282776,0.800000011920929
YCR018C,YPL076W,0,-4.0029144,0.06682994961738586,0.5730000138282776,0.8001000285148621
YEL032W,YNL262W,1,-4.0029373,0.06693877279758453,0.5740000009536743,0.8001000285148621
YDL030W,YOR106W,0,-4.002981,0.06693097203969955,0.5740000009536743,0.8001999855041504
YNL261W,YDL017W,1,-4.0031524,0.06703975796699524,0.574999988079071,0.8001999855041504
YBR129C,YNL328C,0,-4.0033646,0.06703194230794907,0.574999988079071,0.8003000020980835
YGL158W,YPL233W,0,-4.003417,0.0670241266489029,0.574999988079071,0.8004000186920166
YDR218C,YDR047W,0,-4.0034757,0.06701631844043732,0.574999988079071,0.8004999756813049
YEL032W,YDL164C,1,-4.0035048,0.06712504476308823,0.5759999752044678,0.8004999756813049
YMR037C,YOL059W,0,-4.0035224,0.06711722165346146,0.5759999752044678,0.800599992275238
YNR011C,YOR272W,0,-4.0035443,0.06710940599441528,0.5759999752044678,0.8007000088691711
YER164W,YMR125W,0,-4.004023,0.06710158288478851,0.5759999752044678,0.8008000254631042
YPR073C,YNL001W,0,-4.0042195,0.06709376722574234,0.5759999752044678,0.8008999824523926
YBR283C,YOR355W,0,-4.0042596,0.06708595156669617,0.5759999752044678,0.8009999990463257
YDR107C,YNR031C,0,-4.0044985,0.06707814335823059,0.5759999752044678,0.8011000156402588
YKL198C,YLR113W,0,-4.004533,0.06707032769918442,0.5759999752044678,0.8011999726295471
YDR512C,YAL053W,0,-4.0046725,0.06706251949071884,0.5759999752044678,0.8012999892234802
YCL016C,YDR227W,0,-4.0048037,0.06705471128225327,0.5759999752044678,0.8014000058174133
YDL164C,YBR060C,1,-4.0049376,0.06716331094503403,0.5770000219345093,0.8014000058174133
YPL178W,YGR234W,0,-4.004985,0.06715549528598785,0.5770000219345093,0.8015000224113464
YJL168C,YFL029C,0,-4.004998,0.06714767962694168,0.5770000219345093,0.8015999794006348
YLR154C,YNL262W,1,-4.005122,0.06725622713565826,0.578000009059906,0.8015999794006348
YJR021C,YDR528W,0,-4.0052238,0.0672483965754509,0.578000009059906,0.8016999959945679
YOL066C,YFR021W,0,-4.005444,0.06724057346582413,0.578000009059906,0.801800012588501
YOL055C,YMR163C,0,-4.0055623,0.06723275780677795,0.578000009059906,0.8019000291824341
YHR164C,YJL173C,1,-4.0057225,0.06734124571084976,0.5789999961853027,0.8019000291824341
YOR026W,YNR003C,0,-4.0059166,0.0673334077000618,0.5789999961853027,0.8019999861717224
YEL001C,YKL138C,0,-4.006015,0.06732558459043503,0.5789999961853027,0.8021000027656555
YJL134W,YDL106C,0,-4.006388,0.06731775403022766,0.5789999961853027,0.8022000193595886
YPR035W,YJR094W-A,0,-4.006495,0.06730993092060089,0.5789999961853027,0.802299976348877
YGR070W,YMR065W,0,-4.0065312,0.06730210036039352,0.5789999961853027,0.8023999929428101
YDR438W,YMR125W,0,-4.0065703,0.06729428470134735,0.5789999961853027,0.8025000095367432
YJR068W,YJL194W,1,-4.006678,0.0674026757478714,0.5799999833106995,0.8025000095367432
YEL021W,YGL137W,0,-4.0067577,0.06739483773708344,0.5799999833106995,0.8026000261306763
YDR363W-A,YDR116C,0,-4.0069814,0.06738700717687607,0.5799999833106995,0.8026999831199646
YAL035W,YER102W,0,-4.0070267,0.0673791840672493,0.5799999833106995,0.8027999997138977
YDL085W,YKR019C,0,-4.0073247,0.06737135350704193,0.5799999833106995,0.8029000163078308
YMR020W,YJR066W,0,-4.007378,0.06736353039741516,0.5799999833106995,0.8029999732971191
YIL135C,YNL091W,0,-4.007622,0.06735570728778839,0.5799999833106995,0.8030999898910522
YGR169C,YIL014W,0,-4.0077624,0.06734788417816162,0.5799999833106995,0.8032000064849854
YCL067C,YGR268C,0,-4.0077844,0.06734006851911545,0.5799999833106995,0.8033000230789185
YBR245C,YDL095W,0,-4.0079174,0.06733225286006927,0.5799999833106995,0.8033999800682068
YMR238W,YHR146W,0,-4.0080194,0.0673244372010231,0.5799999833106995,0.8034999966621399
YMR235C,YNL055C,0,-4.008114,0.06731662154197693,0.5799999833106995,0.803600013256073
YOL009C,YOL065C,0,-4.008339,0.06730880588293076,0.5799999833106995,0.8036999702453613
YMR098C,YCR039C,0,-4.0085526,0.06730099767446518,0.5799999833106995,0.8037999868392944
YLR417W,YKR100C,0,-4.008649,0.0672931894659996,0.5799999833106995,0.8039000034332275
YOR080W,YBR278W,1,-4.0086627,0.06740139424800873,0.5809999704360962,0.8039000034332275
YJL094C,YGR129W,0,-4.008759,0.06739357113838196,0.5809999704360962,0.8040000200271606
YGL251C,YPR162C,1,-4.0088587,0.0675017386674881,0.5820000171661377,0.8040000200271606
YNL262W,YDR052C,1,-4.0088887,0.06760988384485245,0.5830000042915344,0.8040000200271606
YDR403W,YHR004C,0,-4.009,0.06760203838348389,0.5830000042915344,0.804099977016449
YJL103C,YGL172W,0,-4.0090227,0.06759420037269592,0.5830000042915344,0.8041999936103821
YCL069W,YGR089W,0,-4.009046,0.06758636981248856,0.5830000042915344,0.8043000102043152
YDR139C,YKR036C,0,-4.009052,0.06757853180170059,0.5830000042915344,0.8044000267982483
YCR011C,YNL271C,0,-4.0090966,0.06757070124149323,0.5830000042915344,0.8044999837875366
YLR006C,YML036W,0,-4.009262,0.06756287068128586,0.5830000042915344,0.8046000003814697
YDL175C,YNL110C,0,-4.009379,0.06755504012107849,0.5830000042915344,0.8047000169754028
YOR080W,YOR330C,1,-4.0093894,0.06766307353973389,0.5839999914169312,0.8047000169754028
YPR118W,YHR073W,0,-4.0094047,0.06765523552894592,0.5839999914169312,0.8047999739646912
YPL206C,YJL060W,0,-4.00945,0.06764739751815796,0.5839999914169312,0.8048999905586243
YPL271W,YHR099W,0,-4.009516,0.06763956695795059,0.5839999914169312,0.8050000071525574
YHL034C,YMR194W,0,-4.009518,0.06763172894716263,0.5839999914169312,0.8051000237464905
YER020W,YOL103W,0,-4.0096345,0.06762389838695526,0.5839999914169312,0.8051999807357788
YGL191W,YOR239W,0,-4.0096416,0.0676160678267479,0.5839999914169312,0.8052999973297119
YLR023C,YDL093W,0,-4.0096636,0.06760824471712112,0.5839999914169312,0.805400013923645
YMR201C,YOR353C,0,-4.0097895,0.06760041415691376,0.5839999914169312,0.8054999709129333
YBR218C,YBR173C,0,-4.009889,0.06759259104728699,0.5839999914169312,0.8055999875068665
YPL022W,YIL026C,0,-4.009954,0.06758476793766022,0.5839999914169312,0.8057000041007996
YEL032W,YKL017C,1,-4.009985,0.06769266724586487,0.5849999785423279,0.8057000041007996
YNL077W,YML094W,0,-4.0100083,0.0676848292350769,0.5849999785423279,0.8058000206947327
YCL069W,YJR084W,0,-4.010062,0.06767699867486954,0.5849999785423279,0.805899977684021
YJR153W,YMR274C,0,-4.0101285,0.06766917556524277,0.5849999785423279,0.8059999942779541
YLR043C,YJL173C,1,-4.0104175,0.06777700781822205,0.5860000252723694,0.8059999942779541
YER023W,YKL006C-A,0,-4.010489,0.06776916980743408,0.5860000252723694,0.8061000108718872
YNR047W,YPL210C,0,-4.010873,0.06776133179664612,0.5860000252723694,0.8062000274658203
YMR017W,YML009C,0,-4.010875,0.06775350123643875,0.5860000252723694,0.8062999844551086
YLR448W,YOL052C,0,-4.0115895,0.06774566322565079,0.5860000252723694,0.8064000010490417
YLR147C,YGR255C,0,-4.01159,0.06773783266544342,0.5860000252723694,0.8065000176429749
YML055W,YML060W,0,-4.0116916,0.06773000210523605,0.5860000252723694,0.8065999746322632
YDL056W,YDR069C,1,-4.0117955,0.06783774495124817,0.5870000123977661,0.8065999746322632
YDR478W,YBL024W,0,-4.011896,0.0678299069404602,0.5870000123977661,0.8066999912261963
YDL087C,YDR116C,0,-4.0119915,0.06782206892967224,0.5870000123977661,0.8068000078201294
YDR359C,YLR318W,0,-4.0120115,0.06781423091888428,0.5870000123977661,0.8069000244140625
YNL218W,YDL056W,1,-4.0120306,0.06792191416025162,0.5879999995231628,0.8069000244140625
YNR011C,YIL068C,0,-4.012049,0.06791406869888306,0.5879999995231628,0.8069999814033508
YLL002W,YJR131W,0,-4.0120683,0.0679062232375145,0.5879999995231628,0.8070999979972839
YLR418C,YPL159C,0,-4.012108,0.06789838522672653,0.5879999995231628,0.807200014591217
YOR358W,YML095C,0,-4.012134,0.06789054721593857,0.5879999995231628,0.8072999715805054
YMR078C,YDR159W,0,-4.012447,0.0678827092051506,0.5879999995231628,0.8073999881744385
YNL219C,YAL026C,0,-4.012518,0.06787487119436264,0.5879999995231628,0.8075000047683716
YOR259C,YBR089C-A,0,-4.012589,0.06786703318357468,0.5879999995231628,0.8076000213623047
YER096W,YGR004W,0,-4.012636,0.06785920262336731,0.5879999995231628,0.807699978351593
YDR483W,YPL063W,0,-4.0131125,0.06785137206315994,0.5879999995231628,0.8077999949455261
YHR205W,YGL083W,0,-4.013144,0.06784354150295258,0.5879999995231628,0.8079000115394592
YBR003W,YEL037C,0,-4.0131726,0.0678357183933258,0.5879999995231628,0.8080000281333923
YDR483W,YDR288W,0,-4.0132604,0.06782789528369904,0.5879999995231628,0.8080999851226807
YOR018W,YDL197C,0,-4.013276,0.06782007217407227,0.5879999995231628,0.8082000017166138
YBR268W,YBR121C,0,-4.013404,0.0678122490644455,0.5879999995231628,0.8083000183105469
YLR266C,YPL147W,0,-4.01349,0.06780442595481873,0.5879999995231628,0.8083999752998352
YHR132C,YDR301W,0,-4.013501,0.06779661029577255,0.5879999995231628,0.8084999918937683
YPR135W,YJR046W,1,-4.013638,0.06790407747030258,0.5889999866485596,0.8084999918937683
YIL069C,YBL082C,0,-4.013733,0.06789625436067581,0.5889999866485596,0.8086000084877014
YLR054C,YBR211C,0,-4.013987,0.06788843125104904,0.5889999866485596,0.8087000250816345
YPL101W,YDL030W,0,-4.0140214,0.06788060069084167,0.5889999866485596,0.8087999820709229
YGL084C,YCR052W,0,-4.0143394,0.0678727850317955,0.5889999866485596,0.808899998664856
YNL262W,YJR057W,1,-4.0144296,0.06798018515110016,0.5899999737739563,0.808899998664856
YNL118C,YOR326W,0,-4.0145307,0.0679723471403122,0.5899999737739563,0.8090000152587891
YGL191W,YGR058W,0,-4.01472,0.06796451658010483,0.5899999737739563,0.8090999722480774
YPL148C,YFR033C,0,-4.0147905,0.06795669347047806,0.5899999737739563,0.8091999888420105
YJL103C,YNL059C,0,-4.014798,0.06794886291027069,0.5899999737739563,0.8093000054359436
YGR222W,YLR285W,0,-4.0148487,0.06794103980064392,0.5899999737739563,0.8094000220298767
YLR450W,YOL147C,0,-4.015772,0.06793321669101715,0.5899999737739563,0.809499979019165
YNR032C-A,YPR036W,0,-4.0158796,0.06792539358139038,0.5899999737739563,0.8095999956130981
YNL261W,YBL035C,1,-4.015909,0.06803268939256668,0.5910000205039978,0.8095999956130981
YHR101C,YIL088C,0,-4.0160418,0.06802485883235931,0.5910000205039978,0.8097000122070312
YDL006W,YIL101C,0,-4.0161304,0.06801703572273254,0.5910000205039978,0.8098000288009644
YGR077C,YKR044W,0,-4.0161433,0.06800920516252518,0.5910000205039978,0.8098999857902527
YOR020C,YIL002C,0,-4.0163913,0.06800138205289841,0.5910000205039978,0.8100000023841858
YLR043C,YJL026W,1,-4.0164146,0.06810860335826874,0.5920000076293945,0.8100000023841858
YNL206C,YOR353C,0,-4.0164165,0.06810077279806137,0.5920000076293945,0.8101000189781189
YPL174C,YML124C,0,-4.0165915,0.06809293478727341,0.5920000076293945,0.8101999759674072
YPL085W,YNL268W,0,-4.01662,0.06808510422706604,0.5920000076293945,0.8102999925613403
YGR089W,YDL047W,0,-4.0167456,0.06807727366685867,0.5920000076293945,0.8104000091552734
YPR199C,YBL008W,0,-4.0168247,0.0680694505572319,0.5920000076293945,0.8105000257492065
YDR110W,YKL045W,1,-4.0168266,0.06817658990621567,0.5929999947547913,0.8105000257492065
YOR217W,YPR120C,1,-4.016844,0.06828371435403824,0.593999981880188,0.8105000257492065
YJL087C,YHR184W,0,-4.0170255,0.06827586144208908,0.593999981880188,0.8105999827384949
YOR189W,YJL058C,0,-4.0170517,0.06826801598072052,0.593999981880188,0.810699999332428
YGR223C,YGL195W,0,-4.0170984,0.06826017051935196,0.593999981880188,0.8108000159263611
YBR155W,YBR193C,0,-4.017283,0.0682523250579834,0.593999981880188,0.8108999729156494
YOR061W,YCL055W,0,-4.017324,0.06824448704719543,0.593999981880188,0.8109999895095825
YOR242C,YOR195W,0,-4.017611,0.06823664903640747,0.593999981880188,0.8111000061035156
YJL011C,YIL138C,0,-4.017693,0.0682288110256195,0.593999981880188,0.8112000226974487
YHR077C,YDR456W,0,-4.017953,0.06822097301483154,0.593999981880188,0.8112999796867371
YAL016W,YDL189W,0,-4.01803,0.06821313500404358,0.593999981880188,0.8113999962806702
YCR052W,YOR195W,0,-4.0181417,0.06820530444383621,0.593999981880188,0.8115000128746033
YNL261W,YHR031C,1,-4.018304,0.06831228733062744,0.5950000286102295,0.8115000128746033
YHR164C,YDL164C,1,-4.0184326,0.06841924041509628,0.5960000157356262,0.8115000128746033
YOR353C,YPR149W,0,-4.0185127,0.06841138750314713,0.5960000157356262,0.8116000294685364
YJL054W,YDR322W,0,-4.0185986,0.06840353459119797,0.5960000157356262,0.8116999864578247
YDR308C,YLR024C,0,-4.018698,0.06839568167924881,0.5960000157356262,0.8118000030517578
YJL044C,YAR031W,0,-4.0188537,0.06838783621788025,0.5960000157356262,0.8119000196456909
YER060W,YLR028C,0,-4.0189223,0.06837999075651169,0.5960000157356262,0.8119999766349792
YNL054W,YGR084C,0,-4.019148,0.06837214529514313,0.5960000157356262,0.8120999932289124
YDR292C,YLR337C,0,-4.0192246,0.06836430728435516,0.5960000157356262,0.8122000098228455
YBR188C,YML027W,0,-4.0192504,0.0683564618229866,0.5960000157356262,0.8123000264167786
YHR058C,YBL089W,0,-4.019396,0.06834862381219864,0.5960000157356262,0.8123999834060669
YFR014C,YHR027C,0,-4.0194225,0.06834078580141068,0.5960000157356262,0.8125
YPR105C,YGL016W,0,-4.019501,0.06833294779062271,0.5960000157356262,0.8126000165939331
YDL164C,YBR202W,1,-4.019742,0.06843975931406021,0.597000002861023,0.8126000165939331
YEL030W,YHR096C,0,-4.0198545,0.06843191385269165,0.597000002861023,0.8126999735832214
YPR095C,YER167W,0,-4.0199423,0.06842406839132309,0.597000002861023,0.8127999901771545
YLR439W,YDR494W,0,-4.019993,0.06841623038053513,0.597000002861023,0.8129000067710876
YPL153C,YJL173C,1,-4.0200396,0.06852297484874725,0.5979999899864197,0.8129000067710876
YFR027W,YPR120C,1,-4.020154,0.06862969696521759,0.5989999771118164,0.8129000067710876
YNL103W,YOL042W,0,-4.0201745,0.06862183660268784,0.5989999771118164,0.8130000233650208
YGL189C,YDL135C,0,-4.020255,0.06861397624015808,0.5989999771118164,0.8130999803543091
YMR005W,YOR334W,0,-4.020258,0.06860611587762833,0.5989999771118164,0.8131999969482422
YDR201W,YJR118C,0,-4.020282,0.06859826296567917,0.5989999771118164,0.8133000135421753
YLR361C,YMR297W,0,-4.0203257,0.06859040260314941,0.5989999771118164,0.8133999705314636
YLR005W,YDR412W,0,-4.020411,0.06858254969120026,0.5989999771118164,0.8134999871253967
YNL049C,YLR006C,0,-4.0207195,0.0685746967792511,0.5989999771118164,0.8136000037193298
YNL325C,YDR469W,0,-4.0207314,0.06856685131788254,0.5989999771118164,0.8137000203132629
YDL190C,YLR451W,0,-4.020813,0.06855899840593338,0.5989999771118164,0.8137999773025513
YMR301C,YKL005C,0,-4.021003,0.06855115294456482,0.5989999771118164,0.8138999938964844
YFR021W,YEL037C,0,-4.021028,0.06854331493377686,0.5989999771118164,0.8140000104904175
YMR177W,YGR202C,0,-4.0213194,0.0685354694724083,0.5989999771118164,0.8141000270843506
YML048W,YMR215W,0,-4.021423,0.06852763146162033,0.5989999771118164,0.8141999840736389
YDR144C,YBR121C,0,-4.02143,0.06851978600025177,0.5989999771118164,0.814300000667572
YOR067C,YPR037C,0,-4.0216193,0.0685119554400444,0.5989999771118164,0.8144000172615051
YNL059C,YOL149W,0,-4.0216923,0.06850411742925644,0.5989999771118164,0.8144999742507935
YDR151C,YGL232W,0,-4.0217276,0.06849628686904907,0.5989999771118164,0.8145999908447266
YJL090C,YPR162C,1,-4.021792,0.0686027929186821,0.6000000238418579,0.8145999908447266
YER063W,YHR027C,0,-4.022381,0.06859494745731354,0.6000000238418579,0.8147000074386597
YBR101C,YKR007W,0,-4.0224414,0.06858710199594498,0.6000000238418579,0.8148000240325928
YMR025W,YDL198C,0,-4.022784,0.06857926398515701,0.6000000238418579,0.8148999810218811
YEL031W,YHR024C,0,-4.022975,0.06857142597436905,0.6000000238418579,0.8149999976158142
YJR046W,YDR279W,1,-4.023027,0.0686778649687767,0.6010000109672546,0.8149999976158142
YDR259C,YIL160C,0,-4.0230436,0.06867001950740814,0.6010000109672546,0.8151000142097473
YCR037C,YKR064W,0,-4.023186,0.06866217404603958,0.6010000109672546,0.8151999711990356
YJR068W,YIL150C,1,-4.023402,0.06876856088638306,0.6019999980926514,0.8151999711990356
YML006C,YBR247C,0,-4.023591,0.0687607079744339,0.6019999980926514,0.8152999877929688
YER125W,YJL180C,0,-4.023613,0.06875285506248474,0.6019999980926514,0.8154000043869019
YIL120W,YOR018W,0,-4.0238357,0.06874500215053558,0.6019999980926514,0.815500020980835
YHL016C,YMR275C,0,-4.0238414,0.06873715668916702,0.6019999980926514,0.8155999779701233
YNL223W,YMR180C,0,-4.023923,0.06872930377721786,0.6019999980926514,0.8156999945640564
YJR046W,YDR419W,1,-4.0243034,0.06883561611175537,0.6029999852180481,0.8156999945640564
YKR030W,YBR118W,0,-4.0243287,0.06882775574922562,0.6029999852180481,0.8158000111579895
YKL005C,YPR106W,0,-4.0243907,0.06881990283727646,0.6029999852180481,0.8159000277519226
YPL240C,YKL117W,0,-4.024429,0.0688120499253273,0.6029999852180481,0.8159999847412109
YJR006W,YPL153C,1,-4.024454,0.06891830265522003,0.6039999723434448,0.8159999847412109
YEL032W,YHR118C,1,-4.024784,0.06902453303337097,0.6050000190734863,0.8159999847412109
YLR246W,YML081C-A,0,-4.0248017,0.06901665776968002,0.6050000190734863,0.816100001335144
YPL059W,YDR201W,0,-4.024933,0.06900878250598907,0.6050000190734863,0.8162000179290771
YOL040C,YKL029C,0,-4.024963,0.06900091469287872,0.6050000190734863,0.8162999749183655
YCR012W,YPR173C,0,-4.0250525,0.06899304687976837,0.6050000190734863,0.8163999915122986
YMR037C,YIL020C,0,-4.0250745,0.06898517906665802,0.6050000190734863,0.8165000081062317
YMR301C,YMR312W,0,-4.025109,0.06897731125354767,0.6050000190734863,0.8166000247001648
YDL017W,YJL173C,1,-4.025272,0.06908344477415085,0.6060000061988831,0.8166000247001648
YNL102W,YMR043W,1,-4.025287,0.06918955594301224,0.6069999933242798,0.8166000247001648
YHR013C,YNL001W,0,-4.0252914,0.06918167322874069,0.6069999933242798,0.8166999816894531
YNL131W,YAR031W,0,-4.025454,0.06917379051446915,0.6069999933242798,0.8167999982833862
YNL261W,YJL072C,1,-4.0254664,0.06927985697984695,0.6079999804496765,0.8167999982833862
YAL035W,YMR070W,0,-4.0255685,0.06927195936441422,0.6079999804496765,0.8169000148773193
YDR483W,YIL008W,0,-4.025575,0.06926406919956207,0.6079999804496765,0.8169999718666077
YPL001W,YLR435W,0,-4.0257297,0.06925617903470993,0.6079999804496765,0.8170999884605408
YNL331C,YDR030C,0,-4.0257745,0.06924828886985779,0.6079999804496765,0.8172000050544739
YIL062C,YHR074W,0,-4.026011,0.06924040615558624,0.6079999804496765,0.817300021648407
YNL123W,YLR380W,0,-4.0260153,0.0692325234413147,0.6079999804496765,0.8173999786376953
YIL118W,YOR156C,0,-4.026085,0.06922464072704315,0.6079999804496765,0.8174999952316284
YJR153W,YJR117W,0,-4.026212,0.0692167580127716,0.6079999804496765,0.8176000118255615
YJR135C,YKR062W,0,-4.026256,0.06920887529850006,0.6079999804496765,0.8177000284194946
YJR045C,YHR090C,0,-4.026356,0.06920100003480911,0.6079999804496765,0.817799985408783
YLR200W,YPL040C,0,-4.026378,0.06919312477111816,0.6079999804496765,0.8179000020027161
YGL237C,YLR440C,0,-4.026404,0.06918524950742722,0.6079999804496765,0.8180000185966492
YOR080W,YJL026W,1,-4.026468,0.06929115951061249,0.609000027179718,0.8180000185966492
YLR170C,YDR127W,0,-4.0265427,0.06928327679634094,0.609000027179718,0.8180999755859375
YOR143C,YCR004C,0,-4.02655,0.0692753940820694,0.609000027179718,0.8181999921798706
YLR120C,YDR057W,0,-4.026577,0.06926751881837845,0.609000027179718,0.8183000087738037
YGL148W,YLR328W,0,-4.02666,0.0692596361041069,0.609000027179718,0.8184000253677368
YDL019C,YDR276C,0,-4.027031,0.06925176084041595,0.609000027179718,0.8184999823570251
YPL159C,YGR184C,0,-4.027095,0.069243885576725,0.609000027179718,0.8185999989509583
YMR292W,YDR315C,0,-4.027346,0.06923601776361465,0.609000027179718,0.8187000155448914
YOR157C,YHR117W,0,-4.0274997,0.0692281424999237,0.609000027179718,0.8187999725341797
YPL011C,YMR093W,0,-4.027709,0.06922027468681335,0.609000027179718,0.8188999891281128
YBR207W,YBR082C,0,-4.027926,0.069212406873703,0.609000027179718,0.8190000057220459
YPR186C,YPL157W,0,-4.028021,0.06920454651117325,0.609000027179718,0.819100022315979
YPR135W,YLL004W,1,-4.028138,0.06931030750274658,0.6100000143051147,0.819100022315979
YKL067W,YBL056W,0,-4.0281644,0.06930243223905563,0.6100000143051147,0.8191999793052673
YPL099C,YHR154W,0,-4.0289474,0.06929455697536469,0.6100000143051147,0.8192999958992004
YBR087W,YJL072C,1,-4.0290227,0.06940027326345444,0.6110000014305115,0.8192999958992004
YJR046W,YOR330C,1,-4.029321,0.0695059597492218,0.6119999885559082,0.8192999958992004
YGL195W,YPR163C,0,-4.029516,0.06949806958436966,0.6119999885559082,0.8194000124931335
YGL158W,YER022W,0,-4.0295224,0.06949017941951752,0.6119999885559082,0.8195000290870667
YNL048W,YDL217C,0,-4.029525,0.06948228925466537,0.6119999885559082,0.819599986076355
YBR268W,YNL330C,0,-4.029564,0.06947439908981323,0.6119999885559082,0.8197000026702881
YLR043C,YBL035C,1,-4.0296164,0.06958002597093582,0.6129999756813049,0.8197000026702881
YGL205W,YDL093W,0,-4.029688,0.06957212835550308,0.6129999756813049,0.8198000192642212
YDR081C,YKL154W,0,-4.02972,0.06956423074007034,0.6129999756813049,0.8198999762535095
YDR078C,YOR067C,0,-4.029901,0.0695563405752182,0.6129999756813049,0.8199999928474426
YLR239C,YGL019W,0,-4.0300636,0.06954844295978546,0.6129999756813049,0.8201000094413757
YEL030W,YLR451W,0,-4.0302653,0.06954055279493332,0.6129999756813049,0.8202000260353088
YDR470C,YDL171C,0,-4.0303493,0.06953267008066177,0.6129999756813049,0.8202999830245972
YNR011C,YLR239C,0,-4.0304418,0.06952477991580963,0.6129999756813049,0.8203999996185303
YNR017W,YPL106C,0,-4.030471,0.06951689720153809,0.6129999756813049,0.8205000162124634
YPR086W,YAL062W,0,-4.0306826,0.06950901448726654,0.6129999756813049,0.8205999732017517
YOR306C,YNL110C,0,-4.0309467,0.069501131772995,0.6129999756813049,0.8206999897956848
YLL021W,YDR517W,0,-4.0311584,0.06949325650930405,0.6129999756813049,0.8208000063896179
YLR389C,YDR041W,0,-4.0312343,0.0694853737950325,0.6129999756813049,0.820900022983551
YNL322C,YDL141W,0,-4.031399,0.06947749853134155,0.6129999756813049,0.8209999799728394
YLL033W,YDR347W,0,-4.031435,0.0694696307182312,0.6129999756813049,0.8210999965667725
YPL011C,YDR201W,0,-4.0315547,0.06946175545454025,0.6129999756813049,0.8212000131607056
YPL105C,YGR220C,0,-4.031707,0.0694538876414299,0.6129999756813049,0.8213000297546387
YDR461W,YCR096C,0,-4.031783,0.06944601982831955,0.6129999756813049,0.821399986743927
YBR296C,YDR150W,0,-4.031909,0.0694381520152092,0.6129999756813049,0.8215000033378601
YKL161C,YJR032W,0,-4.0322127,0.06943028420209885,0.6129999756813049,0.8216000199317932
YJR158W,YKL095W,0,-4.032232,0.06942242383956909,0.6129999756813049,0.8216999769210815
YGL113W,YGL251C,1,-4.032379,0.06952779740095139,0.6140000224113464,0.8216999769210815
YDR341C,YMR211W,0,-4.0326576,0.06951992958784103,0.6140000224113464,0.8217999935150146
YPR135W,YNL102W,1,-4.0327334,0.06962526589632034,0.6150000095367432,0.8217999935150146
YDR138W,YBR107C,0,-4.0329127,0.0696173906326294,0.6150000095367432,0.8219000101089478
YLR395C,YIR036C,0,-4.033108,0.06960950791835785,0.6150000095367432,0.8220000267028809
YOR080W,YMR043W,1,-4.0332084,0.06971479952335358,0.6159999966621399,0.8220000267028809
YBR112C,YIL128W,0,-4.0332494,0.06970691680908203,0.6159999966621399,0.8220999836921692
YLR305C,YDR039C,0,-4.033442,0.06969902664422989,0.6159999966621399,0.8222000002861023
YBL026W,YIL115C,0,-4.033563,0.06969114392995834,0.6159999966621399,0.8223000168800354
YHR017W,YBR121C,0,-4.0336127,0.0696832612156868,0.6159999966621399,0.8223999738693237
YLR277C,YBR128C,0,-4.0336547,0.06967537850141525,0.6159999966621399,0.8224999904632568
YPL140C,YOL152W,0,-4.033671,0.06966749578714371,0.6159999966621399,0.8226000070571899
YOR074C,YJR057W,1,-4.033739,0.06977269798517227,0.6169999837875366,0.8226000070571899
YGL180W,YKL195W,0,-4.033753,0.06976481527090073,0.6169999837875366,0.822700023651123
YER051W,YIL002C,0,-4.033779,0.06975692510604858,0.6169999837875366,0.8227999806404114
YJR022W,YMR311C,0,-4.033799,0.06974904239177704,0.6169999837875366,0.8228999972343445
YOR061W,YNL175C,0,-4.033831,0.0697411522269249,0.6169999837875366,0.8230000138282776
YIL150C,YDL164C,1,-4.034001,0.06984629482030869,0.6179999709129333,0.8230000138282776
YFR038W,YOR351C,0,-4.034136,0.06983839720487595,0.6179999709129333,0.8230999708175659
YEL032W,YDL017W,1,-4.034198,0.06994350254535675,0.6190000176429749,0.8230999708175659
YER173W,YDR439W,0,-4.034231,0.06993559747934341,0.6190000176429749,0.823199987411499
YML011C,YGR169C,0,-4.034235,0.06992769986391068,0.6190000176429749,0.8233000040054321
YBR301W,YFR041C,0,-4.0343595,0.06991980224847794,0.6190000176429749,0.8234000205993652
YOR346W,YBR278W,1,-4.03436,0.07002484798431396,0.6200000047683716,0.8234000205993652
YMR013C,YPL252C,0,-4.0347757,0.07001694291830063,0.6200000047683716,0.8234999775886536
YBR278W,YNL218W,1,-4.0347934,0.07012195140123367,0.6209999918937683,0.8234999775886536
YLR172C,YKR090W,0,-4.0351057,0.07011403143405914,0.6209999918937683,0.8235999941825867
YEL032W,YKL108W,1,-4.03511,0.0702190101146698,0.621999979019165,0.8235999941825867
YLR201C,YPL103C,0,-4.0352006,0.07021108269691467,0.621999979019165,0.8237000107765198
YIL034C,YHR057C,0,-4.035234,0.07020316272974014,0.621999979019165,0.8238000273704529
YMR159C,YPL218W,0,-4.0352693,0.07019523531198502,0.621999979019165,0.8238999843597412
YNL214W,YGL237C,0,-4.0353737,0.07018731534481049,0.621999979019165,0.8240000009536743
YBR087W,YKL108W,1,-4.03566,0.07029222697019577,0.6230000257492065,0.8240000009536743
YOL038W,YGL127C,0,-4.035797,0.07028429955244064,0.6230000257492065,0.8241000175476074
YDR252W,YKL053C-A,0,-4.0358596,0.07027636468410492,0.6230000257492065,0.8241999745368958
YDL130W,YLL048C,0,-4.0359583,0.07026844471693039,0.6230000257492065,0.8242999911308289
YAL022C,YOR155C,0,-4.036008,0.07026051729917526,0.6230000257492065,0.824400007724762
YDR359C,YDR297W,0,-4.0360317,0.07025258988142014,0.6230000257492065,0.8245000243186951
YDR110W,YMR234W,1,-4.036081,0.07035742700099945,0.6240000128746033,0.8245000243186951
YLL004W,YDL164C,1,-4.036121,0.07046223431825638,0.625,0.8245000243186951
YGL014W,YDR524C,0,-4.0362267,0.07045429199934006,0.625,0.8245999813079834
YDL045W-A,YDR218C,0,-4.036395,0.07044634968042374,0.625,0.8246999979019165
YMR168C,YHR099W,0,-4.0364475,0.07043840736150742,0.625,0.8248000144958496
YER093C,YGR281W,0,-4.036526,0.07043047249317169,0.625,0.8248999714851379
YDR481C,YPL075W,0,-4.036559,0.07042253762483597,0.625,0.824999988079071
YLR219W,YNL258C,0,-4.036595,0.07041460275650024,0.625,0.8251000046730042
YKL190W,YHR011W,0,-4.036659,0.07040666788816452,0.625,0.8252000212669373
YPR111W,YLR452C,0,-4.0367064,0.0703987404704094,0.625,0.8252999782562256
YDL021W,YDR516C,0,-4.036755,0.07039081305265427,0.625,0.8253999948501587
YBR033W,YBR112C,0,-4.036896,0.07038288563489914,0.625,0.8255000114440918
YNL016W,YOR011W,0,-4.0368996,0.07037495821714401,0.625,0.8256000280380249
YGR106C,YCR030C,0,-4.037135,0.07036703079938889,0.625,0.8256999850273132
YML086C,YMR080C,0,-4.0374355,0.07035911083221436,0.625,0.8258000016212463
YLR425W,YPR131C,0,-4.0375896,0.07035119086503983,0.625,0.8259000182151794
YIR002C,YPR006C,0,-4.0377784,0.07034327834844589,0.625,0.8259999752044678
YKR061W,YLR191W,0,-4.037841,0.07033535838127136,0.625,0.8260999917984009
YER063W,YBR050C,0,-4.037977,0.07032744586467743,0.625,0.826200008392334
YJL073W,YOR145C,0,-4.038082,0.0703195333480835,0.625,0.8263000249862671
YFR036W,YPR199C,0,-4.038103,0.07031162083148956,0.625,0.8263999819755554
YEL052W,YNL268W,0,-4.038505,0.07030370831489563,0.625,0.8264999985694885
YDR469W,YOL054W,0,-4.0387573,0.0702958032488823,0.625,0.8266000151634216
YOR250C,YCL016C,0,-4.0388002,0.07028789818286896,0.625,0.82669997215271
YPR175W,YPR019W,1,-4.038829,0.07039244472980499,0.6259999871253967,0.82669997215271
YIR025W,YDL033C,0,-4.0388956,0.07038453221321106,0.6259999871253967,0.8267999887466431
YBL030C,YER060W,0,-4.038948,0.07037661969661713,0.6259999871253967,0.8269000053405762
YDL102W,YBR278W,1,-4.038982,0.07048111408948898,0.6269999742507935,0.8269000053405762
YGR094W,YGR229C,0,-4.0389843,0.07047319412231445,0.6269999742507935,0.8270000219345093
YMR071C,YLL021W,0,-4.039043,0.07046527415513992,0.6269999742507935,0.8270999789237976
YLR103C,YPR162C,1,-4.039361,0.0705697238445282,0.628000020980835,0.8270999789237976
YJR150C,YIR005W,0,-4.0393643,0.07056179642677307,0.628000020980835,0.8271999955177307
YJR102C,YOR054C,0,-4.039386,0.07055386900901794,0.628000020980835,0.8273000121116638
YCR010C,YBR097W,0,-4.0394244,0.07054594159126282,0.628000020980835,0.8274000287055969
YNL188W,YIL042C,0,-4.0394864,0.07053802162408829,0.628000020980835,0.8274999856948853
YNR022C,YJL134W,0,-4.0399218,0.07053010165691376,0.628000020980835,0.8276000022888184
YLR266C,YNL322C,0,-4.0402126,0.07052218168973923,0.628000020980835,0.8277000188827515
YHR099W,YOL056W,0,-4.0403237,0.0705142617225647,0.628000020980835,0.8277999758720398
YMR112C,YEL062W,0,-4.040356,0.07050634175539017,0.628000020980835,0.8278999924659729
YBR168W,YDR260C,0,-4.040512,0.07049842923879623,0.628000020980835,0.828000009059906
YHR012W,YDL111C,0,-4.0405345,0.0704905167222023,0.628000020980835,0.8281000256538391
YDR435C,YLR288C,0,-4.0407066,0.07048260420560837,0.628000020980835,0.8281999826431274
YPR021C,YDR117C,0,-4.040753,0.07047469168901443,0.628000020980835,0.8282999992370605
YOR172W,YOR148C,0,-4.040798,0.0704667866230011,0.628000020980835,0.8284000158309937
YNL062C,YNL267W,0,-4.040821,0.07045888155698776,0.628000020980835,0.828499972820282
YOR074C,YER070W,1,-4.0408635,0.07056315988302231,0.6290000081062317,0.828499972820282
YER129W,YNL290W,1,-4.0410433,0.07066741585731506,0.6299999952316284,0.828499972820282
YNL262W,YNL290W,1,-4.0411263,0.07077164947986603,0.6309999823570251,0.828499972820282
YIL156W,YGL120C,0,-4.041191,0.07076370716094971,0.6309999823570251,0.8285999894142151
YNL230C,YJL112W,0,-4.0413547,0.07075577229261398,0.6309999823570251,0.8287000060081482
YHR002W,YNL107W,0,-4.041497,0.07074784487485886,0.6309999823570251,0.8288000226020813
YER161C,YJL035C,0,-4.041622,0.07073991000652313,0.6309999823570251,0.8288999795913696
YDR322W,YOR089C,0,-4.041649,0.070731982588768,0.6309999823570251,0.8289999961853027
YDR322W,YGR007W,0,-4.04171,0.07072405517101288,0.6309999823570251,0.8291000127792358
YKR055W,YIL125W,0,-4.041732,0.07071612775325775,0.6309999823570251,0.829200029373169
YPR086W,YEL036C,0,-4.0417423,0.07070820033550262,0.6309999823570251,0.8292999863624573
YDR013W,YPR120C,1,-4.0418377,0.07081232219934464,0.6320000290870667,0.8292999863624573
YOR158W,YOR258W,0,-4.042032,0.07080439478158951,0.6320000290870667,0.8294000029563904
YJR065C,YOL102C,0,-4.042045,0.07079645991325378,0.6320000290870667,0.8295000195503235
YMR002W,YPR037C,0,-4.0421968,0.07078853249549866,0.6320000290870667,0.8295999765396118
YFR038W,YNR022C,0,-4.042222,0.07078060507774353,0.6320000290870667,0.8296999931335449
YGR211W,YGL019W,0,-4.042606,0.0707726776599884,0.6320000290870667,0.829800009727478
YPR057W,YPR173C,0,-4.042669,0.07076475024223328,0.6320000290870667,0.8299000263214111
YPL206C,YJL024C,0,-4.043047,0.07075683027505875,0.6320000290870667,0.8299999833106995
YOR323C,YGL161C,0,-4.0430617,0.07074891030788422,0.6320000290870667,0.8300999999046326
YER173W,YMR158W,0,-4.043089,0.07074099034070969,0.6320000290870667,0.8302000164985657
YJL125C,YLR147C,0,-4.043291,0.07073307037353516,0.6320000290870667,0.830299973487854
YOR324C,YCL043C,0,-4.043352,0.07072515785694122,0.6320000290870667,0.8303999900817871
YDR419W,YNL102W,1,-4.043551,0.07082913815975189,0.6330000162124634,0.8303999900817871
YML036W,YCR092C,0,-4.043572,0.07082121074199677,0.6330000162124634,0.8305000066757202
YHR164C,YKL108W,1,-4.043604,0.07092516124248505,0.6340000033378601,0.8305000066757202
YBL088C,YGL119W,0,-4.043639,0.07091722637414932,0.6340000033378601,0.8306000232696533
YEL029C,YGL025C,0,-4.043644,0.0709092915058136,0.6340000033378601,0.8306999802589417
YJL166W,YKL140W,0,-4.0436597,0.07090136408805847,0.6340000033378601,0.8307999968528748
YLR086W,YDR096W,0,-4.0437107,0.07089343667030334,0.6340000033378601,0.8309000134468079
YGR116W,YGL071W,0,-4.043867,0.07088550925254822,0.6340000033378601,0.8309999704360962
YOR372C,YAL023C,0,-4.044096,0.07087758183479309,0.6340000033378601,0.8310999870300293
YDL164C,YOR217W,1,-4.04414,0.07098144292831421,0.6349999904632568,0.8310999870300293
YDL127W,YHR039C-A,0,-4.044204,0.07097350805997849,0.6349999904632568,0.8312000036239624
YGL098W,YMR094W,0,-4.04433,0.07096558064222336,0.6349999904632568,0.8313000202178955
YDR004W,YMR065W,0,-4.044399,0.07095764577388763,0.6349999904632568,0.8313999772071838
YBL051C,YFL013C,0,-4.04446,0.07094971835613251,0.6349999904632568,0.8314999938011169
YAL013W,YDR207C,0,-4.044519,0.07094179093837738,0.6349999904632568,0.83160001039505
YER115C,YGR061C,0,-4.0446,0.07093387097120285,0.6349999904632568,0.8317000269889832
YOL061W,YGR252W,0,-4.0447307,0.07092594355344772,0.6349999904632568,0.8317999839782715
YBL051C,YJL081C,0,-4.0447526,0.0709180235862732,0.6349999904632568,0.8319000005722046
YPL133C,YOR069W,0,-4.04479,0.07091010361909866,0.6349999904632568,0.8320000171661377
YBR125C,YNL029C,0,-4.0450826,0.07090219110250473,0.6349999904632568,0.832099974155426
YFR034C,YIL033C,0,-4.0451202,0.0708942711353302,0.6349999904632568,0.8321999907493591
YJR006W,YJL090C,1,-4.0452666,0.07099799066781998,0.6359999775886536,0.8321999907493591
YER032W,YOR147W,0,-4.045338,0.07099006325006485,0.6359999775886536,0.8323000073432922
YOR217W,YJL173C,1,-4.0454044,0.07109375298023224,0.6370000243186951,0.8323000073432922
YDR176W,YBR074W,0,-4.0456448,0.07108581811189651,0.6370000243186951,0.8324000239372253
YKL040C,YKR037C,0,-4.045718,0.07107788324356079,0.6370000243186951,0.8324999809265137
YNL281W,YOL032W,0,-4.045738,0.07106995582580566,0.6370000243186951,0.8325999975204468
YDL018C,YHR186C,0,-4.045832,0.07106202840805054,0.6370000243186951,0.8327000141143799
YMR168C,YOL116W,0,-4.045927,0.07105410099029541,0.6370000243186951,0.8327999711036682
YKL108W,YPR162C,1,-4.0459623,0.07115770876407623,0.6380000114440918,0.8327999711036682
YDR419W,YKL108W,1,-4.045966,0.07126129418611526,0.6389999985694885,0.8327999711036682
YJL103C,YDL085W,0,-4.045975,0.07125334441661835,0.6389999985694885,0.8328999876976013
YKL155C,YGR058W,0,-4.0460095,0.07124540209770203,0.6389999985694885,0.8330000042915344
YDL115C,YEL017C-A,0,-4.046044,0.0712374597787857,0.6389999985694885,0.8331000208854675
YBR296C,YLR093C,0,-4.0461135,0.07122951745986938,0.6389999985694885,0.8331999778747559
YIL022W,YGR112W,0,-4.0461955,0.07122157514095306,0.6389999985694885,0.833299994468689
YPL098C,YKL181W,0,-4.0463386,0.07121364027261734,0.6389999985694885,0.8334000110626221
YLL004W,YBL023C,1,-4.0466647,0.07131713628768921,0.6399999856948853,0.8334000110626221
YKR009C,YPL244C,0,-4.046727,0.07130919396877289,0.6399999856948853,0.8335000276565552
YGR057C,YNL163C,0,-4.0467334,0.07130124419927597,0.6399999856948853,0.8335999846458435
YOR103C,YNL077W,0,-4.0467515,0.07129330188035965,0.6399999856948853,0.8337000012397766
YER082C,YJL081C,0,-4.0467987,0.07128536701202393,0.6399999856948853,0.8338000178337097
YMR172W,YGL127C,0,-4.0468693,0.0712774246931076,0.6399999856948853,0.833899974822998
YOR244W,YPR166C,0,-4.04701,0.07126948982477188,0.6399999856948853,0.8339999914169312
YIL070C,YGR199W,0,-4.047603,0.07126155495643616,0.6399999856948853,0.8341000080108643
YER101C,YDR032C,0,-4.0480585,0.07125362008810043,0.6399999856948853,0.8342000246047974
YGL098W,YGL049C,0,-4.048276,0.07124568521976471,0.6399999856948853,0.8342999815940857
YDR453C,YHL027W,0,-4.0484176,0.07123775780200958,0.6399999856948853,0.8343999981880188
YPR135W,YLR154C,1,-4.048459,0.0713411271572113,0.640999972820282,0.8343999981880188
YGR193C,YNL049C,0,-4.0484605,0.07133318483829498,0.640999972820282,0.8345000147819519
YPL100W,YOR275C,0,-4.0485506,0.07132524996995926,0.640999972820282,0.8345999717712402
YBR087W,YJR057W,1,-4.04893,0.0714285746216774,0.6420000195503235,0.8345999717712402
YEL018W,YKL124W,0,-4.0489917,0.07142062485218048,0.6420000195503235,0.8346999883651733
YJL134W,YAL062W,0,-4.0490513,0.07141268253326416,0.6420000195503235,0.8348000049591064
YDR195W,YMR070W,0,-4.0490704,0.07140474021434784,0.6420000195503235,0.8349000215530396
YOR232W,YPL127C,0,-4.049144,0.07139679789543152,0.6420000195503235,0.8349999785423279
YIL147C,YML104C,0,-4.0492163,0.0713888555765152,0.6420000195503235,0.835099995136261
YOL030W,YNL121C,0,-4.049334,0.07138092070817947,0.6420000195503235,0.8352000117301941
YDR393W,YDR014W,0,-4.049438,0.07137298583984375,0.6420000195503235,0.8353000283241272
YLR103C,YHR031C,1,-4.049452,0.07147621363401413,0.6430000066757202,0.8353000283241272
YDR148C,YDL197C,0,-4.0494995,0.07146826386451721,0.6430000066757202,0.8353999853134155
YGL168W,YOR217W,1,-4.049651,0.0715714618563652,0.6439999938011169,0.8353999853134155
YDL154W,YBR065C,0,-4.0496883,0.07156350463628769,0.6439999938011169,0.8355000019073486
YDL017W,YOR330C,1,-4.049769,0.0716666653752327,0.6449999809265137,0.8355000019073486
YPL215W,YKR028W,0,-4.049779,0.07165870815515518,0.6449999809265137,0.8356000185012817
YLR154C,YKL045W,1,-4.0498576,0.0717618316411972,0.6460000276565552,0.8356000185012817
YMR234W,YHR164C,1,-4.049968,0.07186493277549744,0.6470000147819519,0.8356000185012817
YIL098C,YIL138C,0,-4.0499806,0.07185695320367813,0.6470000147819519,0.8356999754905701
YDR032C,YJL121C,0,-4.050137,0.07184897363185883,0.6470000147819519,0.8357999920845032
YBR181C,YNL153C,0,-4.0503435,0.07184099406003952,0.6470000147819519,0.8359000086784363
YKL192C,YKL138C,0,-4.050561,0.07183302193880081,0.6470000147819519,0.8360000252723694
YOR150W,YER178W,0,-4.0509224,0.0718250423669815,0.6470000147819519,0.8360999822616577
YHR081W,YGR174C,0,-4.0510726,0.0718170702457428,0.6470000147819519,0.8361999988555908
YER129W,YHR031C,1,-4.0511174,0.07192008942365646,0.6480000019073486,0.8361999988555908
YOR381W,YKL145W,0,-4.0511727,0.07191210985183716,0.6480000019073486,0.8363000154495239
YBL091C-A,YBR273C,0,-4.0512276,0.07190413028001785,0.6480000019073486,0.8363999724388123
YGR006W,YOR327C,0,-4.05146,0.07189615070819855,0.6480000019073486,0.8364999890327454
YDR088C,YNL026W,0,-4.0515547,0.07188817113637924,0.6480000019073486,0.8366000056266785
YDR438W,YDL069C,0,-4.051558,0.07188019901514053,0.6480000019073486,0.8367000222206116
YPL224C,YBR107C,0,-4.051818,0.07187222689390182,0.6480000019073486,0.8367999792098999
YOR016C,YMR039C,0,-4.052058,0.07186425477266312,0.6480000019073486,0.836899995803833
YPL033C,YGL241W,0,-4.052161,0.071856290102005,0.6480000019073486,0.8370000123977661
YHR154W,YGL106W,0,-4.052269,0.0718483179807663,0.6480000019073486,0.8371000289916992
YGL191W,YLR015W,0,-4.052318,0.07184035331010818,0.6480000019073486,0.8371999859809875
YIL030C,YNL284C,0,-4.0523977,0.07183238863945007,0.6480000019073486,0.8373000025749207
YJR155W,YHR150W,0,-4.0525966,0.07182443141937256,0.6480000019073486,0.8374000191688538
YEL032W,YDR419W,1,-4.05262,0.07192729413509369,0.6489999890327454,0.8374000191688538
YDR499W,YDL230W,0,-4.052658,0.07191932946443558,0.6489999890327454,0.8374999761581421
YLR373C,YOR156C,0,-4.0526996,0.07191135734319687,0.6489999890327454,0.8375999927520752
YBL023C,YPR120C,1,-4.0527234,0.07201418280601501,0.6499999761581421,0.8375999927520752
YPL075W,YLL006W,0,-4.0528827,0.07200620323419571,0.6499999761581421,0.8377000093460083
YBL035C,YPR120C,1,-4.0531173,0.07210899144411087,0.6510000228881836,0.8377000093460083
YBR295W,YKL095W,0,-4.0532074,0.07210100442171097,0.6510000228881836,0.8378000259399414
YNL180C,YNL232W,0,-4.053294,0.07209302484989166,0.6510000228881836,0.8378999829292297
YDR091C,YDR303C,0,-4.053303,0.07208503782749176,0.6510000228881836,0.8379999995231628
YMR276W,YJL165C,0,-4.0533676,0.07207705825567245,0.6510000228881836,0.838100016117096
YKR055W,YOL117W,0,-4.0534472,0.07206907868385315,0.6510000228881836,0.8381999731063843
YHR197W,YBR048W,0,-4.053504,0.07206109911203384,0.6510000228881836,0.8382999897003174
YGR245C,YBR125C,0,-4.0536137,0.07205312699079514,0.6510000228881836,0.8384000062942505
YJL090C,YBL023C,1,-4.05367,0.07215581834316254,0.6520000100135803,0.8384000062942505
YML047C,YJL162C,0,-4.053788,0.07214783877134323,0.6520000100135803,0.8385000228881836
YDR416W,YBL093C,0,-4.053904,0.07213985174894333,0.6520000100135803,0.8385999798774719
YDL102W,YOR217W,1,-4.05414,0.07224250584840775,0.652999997138977,0.8385999798774719
YDL017W,YDR279W,1,-4.054174,0.07234513014554977,0.6539999842643738,0.8385999798774719
YPR036W,YNL103W,0,-4.054423,0.07233712822198868,0.6539999842643738,0.838699996471405
YOR275C,YNL287W,0,-4.054426,0.07232913374900818,0.6539999842643738,0.8388000130653381
YBL035C,YNL218W,1,-4.0545106,0.07243171334266663,0.6549999713897705,0.8388000130653381
YOR069W,YDR197W,0,-4.054527,0.07242370396852493,0.6549999713897705,0.8389000296592712
YJR006W,YPR175W,1,-4.0545354,0.07252626121044159,0.656000018119812,0.8389000296592712
YDL164C,YDL056W,1,-4.054546,0.07262878865003586,0.6570000052452087,0.8389000296592712
YOR032C,YDR473C,0,-4.054631,0.07262075692415237,0.6570000052452087,0.8389999866485596
YDR482C,YGL073W,0,-4.054678,0.07261273264884949,0.6570000052452087,0.8391000032424927
YLR154C,YDR279W,1,-4.0548296,0.07271521538496017,0.6579999923706055,0.8391000032424927
YBR281C,YGR162W,0,-4.0553017,0.07270718365907669,0.6579999923706055,0.8392000198364258
YBR268W,YMR312W,0,-4.0554686,0.0726991519331932,0.6579999923706055,0.8392999768257141
YDR179C,YOR159C,0,-4.055636,0.07269112020730972,0.6579999923706055,0.8393999934196472
YNL164C,YHR169W,0,-4.0556874,0.07268308848142624,0.6579999923706055,0.8395000100135803
YJL090C,YPR120C,1,-4.0557556,0.07278551161289215,0.6589999794960022,0.8395000100135803
YDR160W,YER123W,0,-4.055895,0.07277747243642807,0.6589999794960022,0.8396000266075134
YBR286W,YMR013C,0,-4.0559726,0.07276943325996399,0.6589999794960022,0.8396999835968018
YPL060W,YER109C,0,-4.055976,0.0727614015340805,0.6589999794960022,0.8398000001907349
YLR288C,YHR099W,0,-4.0560427,0.07275336980819702,0.6589999794960022,0.839900016784668
YIL004C,YER142C,0,-4.056119,0.07274533808231354,0.6589999794960022,0.8399999737739563
YKL074C,YPR068C,0,-4.0561423,0.07273730635643005,0.6589999794960022,0.8400999903678894
YJR153W,YOR106W,0,-4.0562234,0.07272928208112717,0.6589999794960022,0.8402000069618225
YBR166C,YCR028C,0,-4.0563126,0.07272125035524368,0.6589999794960022,0.8403000235557556
YOR159C,YHR069C,0,-4.0563297,0.0727132260799408,0.6589999794960022,0.840399980545044
YMR270C,YMR039C,0,-4.0565796,0.0727052092552185,0.6589999794960022,0.840499997138977
YOR142W,YGR204W,0,-4.0566993,0.07269718497991562,0.6589999794960022,0.8406000137329102
YGR003W,YOR075W,0,-4.0567245,0.07268916815519333,0.6589999794960022,0.8406999707221985
YBR020W,YDL076C,0,-4.0568438,0.07268115133047104,0.6589999794960022,0.8407999873161316
YPL099C,YLR192C,0,-4.0570445,0.07267313450574875,0.6589999794960022,0.8409000039100647
YPL176C,YBL058W,0,-4.057149,0.07266512513160706,0.6589999794960022,0.8410000205039978
YML049C,YDL087C,0,-4.0572114,0.07265710830688477,0.6589999794960022,0.8410999774932861
YOR346W,YOR330C,1,-4.0574756,0.07275934517383575,0.6600000262260437,0.8410999774932861
YDL019C,YCL054W,0,-4.0575833,0.07275132089853287,0.6600000262260437,0.8411999940872192
YBR273C,YPL248C,0,-4.0576096,0.07274330407381058,0.6600000262260437,0.8413000106811523
YIR037W,YPL117C,0,-4.057624,0.07273528724908829,0.6600000262260437,0.8414000272750854
YDR527W,YAL025C,0,-4.0576673,0.072727270424366,0.6600000262260437,0.8414999842643738
YDR434W,YBR193C,0,-4.057726,0.0727192610502243,0.6600000262260437,0.8416000008583069
YCL050C,YDR341C,0,-4.0578074,0.07271125167608261,0.6600000262260437,0.84170001745224
YDR451C,YKL013C,0,-4.058161,0.07270324230194092,0.6600000262260437,0.8417999744415283
YPL004C,YFR041C,0,-4.0582504,0.07269523292779922,0.6600000262260437,0.8418999910354614
YML041C,YDR107C,0,-4.0584145,0.07268722355365753,0.6600000262260437,0.8420000076293945
YCL063W,YDR041W,0,-4.0589566,0.07267922163009644,0.6600000262260437,0.8421000242233276
YIL128W,YLR074C,0,-4.059022,0.07267121970653534,0.6600000262260437,0.842199981212616
YPR021C,YMR077C,0,-4.0592856,0.07266321778297424,0.6600000262260437,0.8422999978065491
YEL044W,YJR131W,0,-4.059321,0.07265521585941315,0.6600000262260437,0.8424000144004822
YMR070W,YLR204W,0,-4.0595083,0.07264722138643265,0.6600000262260437,0.8424999713897705
YJL156C,YJL101C,0,-4.059696,0.07263922691345215,0.6600000262260437,0.8425999879837036
YDR146C,YKL189W,0,-4.059928,0.07263123244047165,0.6600000262260437,0.8427000045776367
YKL024C,YNL081C,0,-4.059958,0.07262323796749115,0.6600000262260437,0.8428000211715698
YNL262W,YHR118C,1,-4.0602303,0.07272527366876602,0.6610000133514404,0.8428000211715698
YDR378C,YIL078W,0,-4.0603695,0.07271727174520493,0.6610000133514404,0.8428999781608582
YJL005W,YPL022W,0,-4.0607343,0.07270926982164383,0.6610000133514404,0.8429999947547913
YIL145C,YLL038C,0,-4.060807,0.07270127534866333,0.6610000133514404,0.8431000113487244
YDR478W,YJL110C,0,-4.060861,0.07269328087568283,0.6610000133514404,0.8432000279426575
YDL166C,YMR301C,0,-4.061031,0.07268528640270233,0.6610000133514404,0.8432999849319458
YKL058W,YKL174C,0,-4.06118,0.07267729192972183,0.6610000133514404,0.8434000015258789
YFR008W,YIR036C,0,-4.0616293,0.07266930490732193,0.6610000133514404,0.843500018119812
YFR036W,YAL035W,0,-4.0618625,0.07266131788492203,0.6610000133514404,0.8435999751091003
YOR241W,YNL173C,0,-4.062023,0.07265333086252213,0.6610000133514404,0.8436999917030334
YKR038C,YPL083C,0,-4.0622745,0.07264534384012222,0.6610000133514404,0.8438000082969666
YEL032W,YBR202W,1,-4.0622764,0.07274725288152695,0.6620000004768372,0.8438000082969666
YLR097C,YGR279C,0,-4.0626864,0.07273925840854645,0.6620000004768372,0.8439000248908997
YGR156W,YLR115W,0,-4.062745,0.07273127138614655,0.6620000004768372,0.843999981880188
YLR304C,YDR379W,0,-4.0629673,0.07272327691316605,0.6620000004768372,0.8440999984741211
YJR068W,YDR052C,1,-4.0633903,0.07282513380050659,0.6629999876022339,0.8440999984741211
YPR180W,YHR103W,0,-4.063439,0.0728171318769455,0.6629999876022339,0.8442000150680542
YOL145C,YPL193W,0,-4.063442,0.072809137403965,0.6629999876022339,0.8442999720573425
YOL051W,YGL073W,0,-4.063747,0.0728011429309845,0.6629999876022339,0.8443999886512756
YPL189W,YER112W,0,-4.0638165,0.072793148458004,0.6629999876022339,0.8445000052452087
YKR062W,YOR155C,0,-4.0638185,0.0727851539850235,0.6629999876022339,0.8446000218391418
YLR204W,YDR177W,0,-4.0643673,0.0727771669626236,0.6629999876022339,0.8446999788284302
YDL017W,YKL045W,1,-4.064526,0.07287893444299698,0.6639999747276306,0.8446999788284302
YLR246W,YGR220C,0,-4.064605,0.07287093997001648,0.6639999747276306,0.8447999954223633
YBL023C,YOR330C,1,-4.0648184,0.07297267764806747,0.6650000214576721,0.8447999954223633
YER082C,YMR171C,0,-4.064856,0.07296466827392578,0.6650000214576721,0.8449000120162964
YOR032C,YMR125W,0,-4.0649486,0.07295666635036469,0.6650000214576721,0.8450000286102295
YDR332W,YOR274W,0,-4.0651503,0.07294866442680359,0.6650000214576721,0.8450999855995178
YGL210W,YOR359W,0,-4.0652065,0.07294066250324249,0.6650000214576721,0.8452000021934509
YGR169C,YPR049C,0,-4.0652547,0.0729326605796814,0.6650000214576721,0.845300018787384
YDL031W,YHR067W,0,-4.065437,0.0729246661067009,0.6650000214576721,0.8453999757766724
YKR089C,YMR013C,0,-4.0656223,0.0729166641831398,0.6650000214576721,0.8454999923706055
YNL102W,YNL218W,1,-4.065744,0.07301831245422363,0.6660000085830688,0.8454999923706055
YDR110W,YBR202W,1,-4.0660443,0.07311993092298508,0.6669999957084656,0.8454999923706055
YBR286W,YDR384C,0,-4.0660768,0.07311191409826279,0.6669999957084656,0.8456000089645386
YLR142W,YDL215C,0,-4.066362,0.0731039047241211,0.6669999957084656,0.8457000255584717
YOR180C,YIL144W,0,-4.066484,0.0730958878993988,0.6669999957084656,0.84579998254776
YOL123W,YDL215C,0,-4.06657,0.07308787852525711,0.6669999957084656,0.8458999991416931
YEL032W,YJL173C,1,-4.066722,0.07318943738937378,0.6679999828338623,0.8458999991416931
YDR436W,YOR279C,0,-4.0668273,0.07318142056465149,0.6679999828338623,0.8460000157356262
YKL002W,YNL101W,0,-4.0668826,0.0731734037399292,0.6679999828338623,0.8460999727249146
YKL062W,YNL243W,0,-4.0670705,0.07316538691520691,0.6679999828338623,0.8461999893188477
YBR045C,YKR020W,0,-4.0671244,0.07315737754106522,0.6679999828338623,0.8463000059127808
YPL105C,YGR156W,0,-4.0671306,0.07314936816692352,0.6679999828338623,0.8464000225067139
YNR008W,YGL192W,0,-4.067233,0.07314135879278183,0.6679999828338623,0.8464999794960022
YDR471W,YJL192C,0,-4.0673237,0.07313334941864014,0.6679999828338623,0.8465999960899353
YDL101C,YLR260W,0,-4.067403,0.07312534004449844,0.6679999828338623,0.8467000126838684
YMR234W,YDR013W,1,-4.067413,0.07322679460048676,0.6690000295639038,0.8467000126838684
YML015C,YMR163C,0,-4.067425,0.07321877777576447,0.6690000295639038,0.8468000292778015
YER101C,YER088C,0,-4.0675135,0.07321076840162277,0.6690000295639038,0.8468999862670898
YEL018W,YNL172W,0,-4.0676255,0.07320275902748108,0.6690000295639038,0.847000002861023
YDR108W,YDR096W,0,-4.067638,0.07319474965333939,0.6690000295639038,0.847100019454956
YHR105W,YMR042W,0,-4.0679703,0.07318674027919769,0.6690000295639038,0.8471999764442444
YBR081C,YHR116W,0,-4.0680375,0.0731787383556366,0.6690000295639038,0.8472999930381775
YBR050C,YPR068C,0,-4.068215,0.0731707289814949,0.6690000295639038,0.8474000096321106
YBL041W,YBR289W,0,-4.0682416,0.07316272705793381,0.6690000295639038,0.8475000262260437
YPR086W,YGL129C,0,-4.06845,0.07315473258495331,0.6690000295639038,0.847599983215332
YAL051W,YDR410C,0,-4.068892,0.07314673066139221,0.6690000295639038,0.8476999998092651
YFR007W,YOR211C,0,-4.0689464,0.07313873618841171,0.6690000295639038,0.8478000164031982
YDR483W,YKL004W,0,-4.0690894,0.07313074171543121,0.6690000295639038,0.8478999733924866
YOR150W,YGR221C,0,-4.06911,0.07312274724245071,0.6690000295639038,0.8479999899864197
YNL188W,YIL008W,0,-4.069257,0.07311475276947021,0.6690000295639038,0.8481000065803528
YLR043C,YPR120C,1,-4.0694375,0.0732160434126854,0.6700000166893005,0.8481000065803528
YLR435W,YDR337W,0,-4.0694494,0.0732080414891243,0.6700000166893005,0.8482000231742859
YDR107C,YJL155C,0,-4.0696034,0.0732000470161438,0.6700000166893005,0.8482999801635742
YLR093C,YML077W,0,-4.069652,0.0731920450925827,0.6700000166893005,0.8483999967575073
YDR423C,YBR230C,0,-4.0697827,0.0731840506196022,0.6700000166893005,0.8485000133514404
YBR283C,YJL212C,0,-4.069818,0.0731760561466217,0.6700000166893005,0.8485999703407288
YLL048C,YFR041C,0,-4.069882,0.0731680691242218,0.6700000166893005,0.8486999869346619
YLL004W,YBR202W,1,-4.0700474,0.07326927036046982,0.6710000038146973,0.8486999869346619
YDL200C,YJR066W,0,-4.0700684,0.07326127588748932,0.6710000038146973,0.848800003528595
YDR260C,YCL066W,0,-4.0703607,0.07325327396392822,0.6710000038146973,0.8489000201225281
YGR003W,YCL061C,0,-4.070361,0.07324527949094772,0.6710000038146973,0.8489999771118164
YLR304C,YKR031C,0,-4.0705123,0.07323728501796722,0.6710000038146973,0.8490999937057495
YBR049C,YNR030W,0,-4.070752,0.07322929054498672,0.6710000038146973,0.8492000102996826
YIL135C,YBR049C,0,-4.0707717,0.07322130352258682,0.6710000038146973,0.8493000268936157
YLR086W,YBR193C,0,-4.070784,0.07321330904960632,0.6710000038146973,0.849399983882904
YAL043C,YMR137C,0,-4.0708184,0.07320532202720642,0.6710000038146973,0.8495000004768372
YIL078W,YBR145W,0,-4.071157,0.07319733500480652,0.6710000038146973,0.8496000170707703
YML125C,YMR285C,0,-4.071338,0.07318935543298721,0.6710000038146973,0.8496999740600586
YGL191W,YDR117C,0,-4.0715384,0.07318136841058731,0.6710000038146973,0.8497999906539917
YGL116W,YAL031C,0,-4.071604,0.073173388838768,0.6710000038146973,0.8499000072479248
YFL037W,YLR061W,0,-4.071854,0.0731654092669487,0.6710000038146973,0.8500000238418579
YOR330C,YDR279W,1,-4.0720396,0.07326646149158478,0.671999990940094,0.8500000238418579
YDR369C,YKL094W,0,-4.072208,0.07325847446918488,0.671999990940094,0.8500999808311462
YDR028C,YPL004C,0,-4.072512,0.07325048744678497,0.671999990940094,0.8501999974250793
YNR022C,YPL143W,0,-4.0725145,0.07324250787496567,0.671999990940094,0.8503000140190125
YDR421W,YBL007C,0,-4.072566,0.07323452830314636,0.671999990940094,0.8503999710083008
YOR192C,YJR151C,0,-4.0726004,0.07322654128074646,0.671999990940094,0.8504999876022339
YHR031C,YJL194W,1,-4.0726194,0.07332751899957657,0.6729999780654907,0.8504999876022339
YGL123W,YIL020C,0,-4.072685,0.07331953197717667,0.6729999780654907,0.850600004196167
YNL091W,YBL021C,0,-4.0729423,0.07331154495477676,0.6729999780654907,0.8507000207901001
YKL005C,YPL065W,0,-4.07302,0.07330356538295746,0.6729999780654907,0.8507999777793884
YGR217W,YER012W,0,-4.0732393,0.07329557836055756,0.6729999780654907,0.8508999943733215
YBR205W,YBR281C,0,-4.073285,0.07328759878873825,0.6729999780654907,0.8510000109672546
YHR118C,YOR217W,1,-4.0733366,0.07338850200176239,0.6740000247955322,0.8510000109672546
YKL174C,YKL090W,0,-4.073337,0.07338051497936249,0.6740000247955322,0.8511000275611877
YPR135W,YKL045W,1,-4.073358,0.07348138839006424,0.675000011920929,0.8511000275611877
YLR329W,YMR207C,0,-4.073403,0.07347338646650314,0.675000011920929,0.8511999845504761
YOR332W,YGR082W,0,-4.07351,0.07346539199352264,0.675000011920929,0.8513000011444092
YGL251C,YGR180C,1,-4.0735507,0.07356622070074081,0.6759999990463257,0.8513000011444092
YKL117W,YPL117C,0,-4.0735993,0.07355821877717972,0.6759999990463257,0.8514000177383423
YNL102W,YHR118C,1,-4.0736747,0.0736590176820755,0.6769999861717224,0.8514000177383423
YDR356W,YDR470C,0,-4.0741024,0.07365100085735321,0.6769999861717224,0.8514999747276306
YER022W,YNL298W,0,-4.074144,0.07364299148321152,0.6769999861717224,0.8515999913215637
YBR043C,YJL140W,0,-4.0742645,0.07363498210906982,0.6769999861717224,0.8517000079154968
YJL173C,YPR120C,1,-4.0744324,0.07373572885990143,0.6779999732971191,0.8517000079154968
YOR192C,YLR188W,0,-4.074513,0.07372770458459854,0.6779999732971191,0.8518000245094299
YMR100W,YPR036W,0,-4.074599,0.07371968775987625,0.6779999732971191,0.8518999814987183
YBR087W,YLR103C,1,-4.074802,0.07382039725780487,0.6790000200271606,0.8518999814987183
YMR247C,YNR028W,0,-4.0748477,0.07381237298250198,0.6790000200271606,0.8519999980926514
YDL040C,YER098W,0,-4.0749297,0.0738043487071991,0.6790000200271606,0.8521000146865845
YHR153C,YDL003W,0,-4.0751667,0.07379632443189621,0.6790000200271606,0.8521999716758728
YLR220W,YBR055C,0,-4.0752025,0.07378830760717392,0.6790000200271606,0.8522999882698059
YKL056C,YLR105C,0,-4.075357,0.07378029078245163,0.6790000200271606,0.852400004863739
YDR379W,YJR052W,0,-4.0754924,0.07377227395772934,0.6790000200271606,0.8525000214576721
YDL197C,YPL002C,0,-4.0755334,0.07376425713300705,0.6790000200271606,0.8525999784469604
YOL076W,YNL032W,0,-4.075712,0.07375624775886536,0.6790000200271606,0.8526999950408936
YOR061W,YLR118C,0,-4.075735,0.07374823838472366,0.6790000200271606,0.8528000116348267
YLL021W,YCR018C,0,-4.0757666,0.07374022901058197,0.6790000200271606,0.8529000282287598
YFL029C,YDR285W,0,-4.0758047,0.07373221963644028,0.6790000200271606,0.8529999852180481
YIL008W,YER051W,0,-4.075817,0.07372421026229858,0.6790000200271606,0.8531000018119812
YPL253C,YLR088W,0,-4.0760083,0.07371620833873749,0.6790000200271606,0.8532000184059143
YDL080C,YKR035W-A,0,-4.076055,0.07370820641517639,0.6790000200271606,0.8532999753952026
YNL123W,YBR043C,0,-4.076138,0.0737002044916153,0.6790000200271606,0.8533999919891357
YNL212W,YPL122C,0,-4.0762,0.0736922100186348,0.6790000200271606,0.8535000085830688
YBL093C,YIL126W,0,-4.076216,0.0736842080950737,0.6790000200271606,0.853600025177002
YIL118W,YOR168W,0,-4.0764112,0.0736762136220932,0.6790000200271606,0.8536999821662903
YDR512C,YDR011W,0,-4.0764165,0.0736682191491127,0.6790000200271606,0.8537999987602234
YJL090C,YPL153C,1,-4.0766115,0.07376871258020401,0.6800000071525574,0.8537999987602234
YML015C,YKL198C,0,-4.0766277,0.07376071065664291,0.6800000071525574,0.8539000153541565
YDR126W,YDR217C,0,-4.0767226,0.07375270873308182,0.6800000071525574,0.8539999723434448
YIL052C,YER155C,0,-4.0767374,0.07374471426010132,0.6800000071525574,0.8540999889373779
YDR460W,YIL075C,0,-4.0770116,0.07373671978712082,0.6800000071525574,0.854200005531311
YKR008W,YMR063W,0,-4.077088,0.07372872531414032,0.6800000071525574,0.8543000221252441
YNL039W,YLR371W,0,-4.0770893,0.07372073084115982,0.6800000071525574,0.8543999791145325
YBR218C,YER176W,0,-4.077153,0.07371273636817932,0.6800000071525574,0.8544999957084656
YDL006W,YGL016W,0,-4.077191,0.07370474934577942,0.6800000071525574,0.8546000123023987
YLR395C,YDR473C,0,-4.07732,0.07369676232337952,0.6800000071525574,0.8547000288963318
YOR159C,YGL237C,0,-4.0773363,0.07368877530097961,0.6800000071525574,0.8547999858856201
YNL261W,YAR007C,1,-4.077355,0.07378914207220078,0.6809999942779541,0.8547999858856201
YPR005C,YPL103C,0,-4.0775437,0.07378114759922028,0.6809999942779541,0.8549000024795532
YDR416W,YMR179W,0,-4.077631,0.07377315312623978,0.6809999942779541,0.8550000190734863
YNL261W,YGL251C,1,-4.0777044,0.07387348264455795,0.6819999814033508,0.8550000190734863
YNL261W,YFR027W,1,-4.0778036,0.07397378981113434,0.6830000281333923,0.8550000190734863
YNL261W,YNL102W,1,-4.077829,0.07407407462596893,0.6840000152587891,0.8550000190734863
YBR043C,YDL029W,0,-4.0779223,0.07406605035066605,0.6840000152587891,0.8550999760627747
YNL284C,YJL041W,0,-4.077938,0.07405803352594376,0.6840000152587891,0.8551999926567078
YER165W,YDR377W,0,-4.0779777,0.07405001670122147,0.6840000152587891,0.8553000092506409
YIL135C,YNL158W,0,-4.0780373,0.07404199987649918,0.6840000152587891,0.855400025844574
YDR308C,YPR054W,0,-4.0781918,0.07403398305177689,0.6840000152587891,0.8554999828338623
YOR311C,YHR006W,0,-4.0783224,0.07402597367763519,0.6840000152587891,0.8555999994277954
YLR085C,YHR156C,0,-4.0785193,0.0740179643034935,0.6840000152587891,0.8557000160217285
YHR070W,YDR150W,0,-4.078531,0.0740099549293518,0.6840000152587891,0.8557999730110168
YLR201C,YFR019W,0,-4.0785336,0.07400194555521011,0.6840000152587891,0.85589998960495
YNL029C,YDL097C,0,-4.078649,0.07399394363164902,0.6840000152587891,0.8560000061988831
YLR213C,YBR065C,0,-4.0787234,0.07398594170808792,0.6840000152587891,0.8561000227928162
YKR030W,YMR016C,0,-4.0787735,0.07397793978452682,0.6840000152587891,0.8561999797821045
YGR076C,YER005W,0,-4.07884,0.07396993786096573,0.6840000152587891,0.8562999963760376
YMR153W,YIL042C,0,-4.079338,0.07396193593740463,0.6840000152587891,0.8564000129699707
YAL048C,YKL114C,0,-4.079406,0.07395394146442413,0.6840000152587891,0.8565000295639038
YAL019W,YER013W,0,-4.079577,0.07394594699144363,0.6840000152587891,0.8565999865531921
YNL102W,YBL023C,1,-4.079742,0.0740460455417633,0.6850000023841858,0.8565999865531921
YHR103W,YEL016C,0,-4.0797553,0.07403804361820221,0.6850000023841858,0.8567000031471252
YBR082C,YHR108W,0,-4.0801144,0.07403004169464111,0.6850000023841858,0.8568000197410583
YGL168W,YDL056W,1,-4.080426,0.0741301029920578,0.6859999895095825,0.8568000197410583
YMR234W,YDL164C,1,-4.0807757,0.0742301493883133,0.6869999766349792,0.8568000197410583
YOR034C,YGL212W,0,-4.0808887,0.0742221251130104,0.6869999766349792,0.8568999767303467
YIL133C,YGL070C,0,-4.0810337,0.07421410828828812,0.6869999766349792,0.8569999933242798
YBL091C,YFR031C-A,0,-4.0812616,0.07420609146356583,0.6869999766349792,0.8571000099182129
YML011C,YEL070W,0,-4.0813007,0.07419807463884354,0.6869999766349792,0.857200026512146
YKL045W,YER070W,1,-4.081376,0.07429805397987366,0.6880000233650208,0.857200026512146
YLR154C,YJR057W,1,-4.0814185,0.07439801096916199,0.6890000104904175,0.857200026512146
YPR135W,YDL164C,1,-4.0815134,0.07449794560670853,0.6899999976158142,0.857200026512146
YDR323C,YBL021C,0,-4.0815477,0.07448990643024445,0.6899999976158142,0.8572999835014343
YDL017W,YHR118C,1,-4.0815644,0.0745898112654686,0.6909999847412109,0.8572999835014343
YDR229W,YGL223C,0,-4.0817657,0.07458175718784332,0.6909999847412109,0.8574000000953674
YMR234W,YDL102W,1,-4.081875,0.07468163222074509,0.6919999718666077,0.8574000000953674
YDR404C,YGR162W,0,-4.081988,0.07467357069253922,0.6919999718666077,0.8575000166893005
YJL176C,YGL019W,0,-4.082121,0.07466551661491394,0.6919999718666077,0.8575999736785889
YJL170C,YLR395C,0,-4.082332,0.07465746253728867,0.6919999718666077,0.857699990272522
YKL017C,YPR162C,1,-4.0824313,0.07475727796554565,0.6930000185966492,0.857699990272522
YDR292C,YJL025W,0,-4.082476,0.07474921643733978,0.6930000185966492,0.8578000068664551
YPR135W,YDL056W,1,-4.0824795,0.07484900951385498,0.6940000057220459,0.8578000068664551
YGL168W,YDL017W,1,-4.0825753,0.07494877278804779,0.6949999928474426,0.8578000068664551
YIL004C,YDR463W,0,-4.0825925,0.07494069635868073,0.6949999928474426,0.8579000234603882
YBL091C,YLR248W,0,-4.0825934,0.07493261247873306,0.6949999928474426,0.8579999804496765
YPR125W,YNL094W,0,-4.082629,0.074924536049366,0.6949999928474426,0.8580999970436096
YLR043C,YNL102W,1,-4.082632,0.07502425462007523,0.6959999799728394,0.8580999970436096
YJL081C,YBR118W,0,-4.0826993,0.07501617074012756,0.6959999799728394,0.8582000136375427
YGL018C,YHL047C,0,-4.0827565,0.0750080794095993,0.6959999799728394,0.858299970626831
YJL033W,YOR106W,0,-4.0827713,0.07500000298023224,0.6959999799728394,0.8583999872207642
YJR005W,YML127W,0,-4.082822,0.07499191910028458,0.6959999799728394,0.8585000038146973
YGR217W,YKL054C,0,-4.08287,0.07498384267091751,0.6959999799728394,0.8586000204086304
YJL096W,YIL005W,0,-4.082941,0.07497575879096985,0.6959999799728394,0.8586999773979187
YKL161C,YGL098W,0,-4.082954,0.07496768981218338,0.6959999799728394,0.8587999939918518
YEL032W,YDR121W,1,-4.0832233,0.07506731152534485,0.6970000267028809,0.8587999939918518
YBL023C,YPL153C,1,-4.083444,0.07516691833734512,0.6980000138282776,0.8587999939918518
YDL093W,YGL040C,0,-4.0835037,0.07515882700681686,0.6980000138282776,0.8589000105857849
YBR131W,YAL011W,0,-4.0835757,0.0751507356762886,0.6980000138282776,0.859000027179718
YOR297C,YGR220C,0,-4.0835843,0.07514264434576035,0.6980000138282776,0.8590999841690063
YMR159C,YLR377C,0,-4.0838046,0.07513455301523209,0.6980000138282776,0.8592000007629395
YIL022W,YGL129C,0,-4.0838294,0.07512646913528442,0.6980000138282776,0.8593000173568726
YPL224C,YEL053C,0,-4.084332,0.07511837780475616,0.6980000138282776,0.8593999743461609
YNL218W,YBR060C,1,-4.0844235,0.07521790266036987,0.6990000009536743,0.8593999743461609
YNL261W,YLR043C,1,-4.0844746,0.07531741261482239,0.699999988079071,0.8593999743461609
YLR212C,YDR498C,0,-4.084566,0.07530930638313293,0.699999988079071,0.859499990940094
YHR064C,YPL220W,0,-4.085131,0.07530120760202408,0.699999988079071,0.8596000075340271
YKR068C,YLR435W,0,-4.085215,0.07529310882091522,0.699999988079071,0.8597000241279602
YGL113W,YJR068W,1,-4.0853214,0.07539255917072296,0.7009999752044678,0.8597000241279602
YJL090C,YMR043W,1,-4.085448,0.07549198716878891,0.7020000219345093,0.8597000241279602
YBL023C,YOR217W,1,-4.085452,0.07559140026569366,0.703000009059906,0.8597000241279602
YEL015W,YGR116W,0,-4.0855746,0.07558327168226242,0.703000009059906,0.8597999811172485
YGR113W,YGL198W,0,-4.0856237,0.07557514309883118,0.703000009059906,0.8598999977111816
YPL098C,YMR080C,0,-4.085722,0.07556702196598053,0.703000009059906,0.8600000143051147
YNL091W,YOR227W,0,-4.0857906,0.07555890083312988,0.703000009059906,0.8600999712944031
YPL075W,YOR018W,0,-4.0858846,0.07555077970027924,0.703000009059906,0.8601999878883362
YDR403W,YML060W,0,-4.086064,0.07554265856742859,0.703000009059906,0.8603000044822693
YLR220W,YNR074C,0,-4.0860777,0.07553454488515854,0.703000009059906,0.8604000210762024
YOR192C,YPL042C,0,-4.086135,0.07552643120288849,0.703000009059906,0.8604999780654907
YCR039C,YMR127C,0,-4.0861573,0.07551831752061844,0.703000009059906,0.8605999946594238
YJL112W,YMR304W,0,-4.0861907,0.07551020383834839,0.703000009059906,0.8607000112533569
YGL094C,YHR172W,0,-4.086217,0.07550209760665894,0.703000009059906,0.86080002784729
YDR169C,YGL223C,0,-4.086732,0.07549398392438889,0.703000009059906,0.8608999848365784
YBR091C,YNR022C,0,-4.086931,0.07548587769269943,0.703000009059906,0.8610000014305115
YDR369C,YBR094W,0,-4.086933,0.07547777891159058,0.703000009059906,0.8611000180244446
YNL311C,YLR238W,0,-4.0870547,0.07546967267990112,0.703000009059906,0.8611999750137329
YJL156C,YOL104C,0,-4.0870576,0.07546157389879227,0.703000009059906,0.861299991607666
YPL259C,YOR157C,0,-4.08722,0.07545347511768341,0.703000009059906,0.8614000082015991
YGL172W,YKL191W,0,-4.087293,0.07544537633657455,0.703000009059906,0.8615000247955322
YBL035C,YDL017W,1,-4.0873775,0.07554458826780319,0.7039999961853027,0.8615000247955322
YMR071C,YMR318C,0,-4.087516,0.07553648203611374,0.7039999961853027,0.8615999817848206
YDR028C,YGR097W,0,-4.087597,0.07552837580442429,0.7039999961853027,0.8616999983787537
YFL049W,YKL034W,0,-4.087606,0.07552027702331543,0.7039999961853027,0.8618000149726868
YDR375C,YPR105C,0,-4.0876327,0.07551217079162598,0.7039999961853027,0.8618999719619751
YNL084C,YJL176C,0,-4.08783,0.07550407201051712,0.7039999961853027,0.8619999885559082
YMR042W,YIL126W,0,-4.0878844,0.07549598067998886,0.7039999961853027,0.8621000051498413
YDL102W,YOR330C,1,-4.088034,0.07559511065483093,0.7049999833106995,0.8621000051498413
YPL013C,YNL244C,0,-4.0882688,0.07558700442314148,0.7049999833106995,0.8622000217437744
YMR072W,YJR025C,0,-4.088277,0.07557890564203262,0.7049999833106995,0.8622999787330627
YGR123C,YDR116C,0,-4.0883503,0.07557079941034317,0.7049999833106995,0.8623999953269958
YDR228C,YOR047C,0,-4.088441,0.07556270062923431,0.7049999833106995,0.862500011920929
YPL027W,YMR213W,0,-4.088466,0.07555460184812546,0.7049999833106995,0.8626000285148621
YFL037W,YLR207W,0,-4.088608,0.0755465030670166,0.7049999833106995,0.8626999855041504
YIR015W,YKL119C,0,-4.0886602,0.07553841173648834,0.7049999833106995,0.8628000020980835
YOR194C,YDL099W,0,-4.088716,0.07553032040596008,0.7049999833106995,0.8629000186920166
YDR453C,YLL019C,0,-4.0887227,0.07552222907543182,0.7049999833106995,0.8629999756813049
YDR003W,YOL062C,0,-4.0888743,0.07551413774490356,0.7049999833106995,0.863099992275238
YIL018W,YKL145W,0,-4.08898,0.0755060538649559,0.7049999833106995,0.8632000088691711
YLR103C,YOR330C,1,-4.089136,0.07560505717992783,0.7059999704360962,0.8632000088691711
YKR058W,YMR013C,0,-4.089161,0.07559695839881897,0.7059999704360962,0.8633000254631042
YCR036W,YIL095W,0,-4.089164,0.07558886706829071,0.7059999704360962,0.8633999824523926
YMR173W,YPL095C,0,-4.08932,0.07558077573776245,0.7059999704360962,0.8634999990463257
YNL230C,YDR439W,0,-4.0893316,0.07557268440723419,0.7059999704360962,0.8636000156402588
YOR272W,YLR068W,0,-4.089694,0.07556459307670593,0.7059999704360962,0.8636999726295471
YFR027W,YDR052C,1,-4.08972,0.07566352933645248,0.7070000171661377,0.8636999726295471
YKL043W,YHL027W,0,-4.0898237,0.07565543055534363,0.7070000171661377,0.8637999892234802
YJR006W,YNL102W,1,-4.0898547,0.07575433701276779,0.7080000042915344,0.8637999892234802
YBR278W,YFR027W,1,-4.0898623,0.07585321366786957,0.7089999914169312,0.8637999892234802
YDR160W,YMR159C,0,-4.0899415,0.07584509998559952,0.7089999914169312,0.8639000058174133
YIR004W,YDR439W,0,-4.090391,0.07583698630332947,0.7089999914169312,0.8640000224113464
YOR080W,YDL164C,1,-4.0904174,0.07593582570552826,0.7099999785423279,0.8640000224113464
YDR498C,YIL020C,0,-4.0905304,0.07592770457267761,0.7099999785423279,0.8640999794006348
YFL025C,YCR096C,0,-4.0905375,0.07591959089040756,0.7099999785423279,0.8641999959945679
YBR278W,YNL290W,1,-4.0906887,0.07601839303970337,0.7110000252723694,0.8641999959945679
YNL029C,YDR411C,0,-4.0908585,0.07601026445627213,0.7110000252723694,0.864300012588501
YLR092W,YBR261C,0,-4.0908813,0.07600213587284088,0.7110000252723694,0.8644000291824341
YAL031C,YDR145W,0,-4.0909247,0.07599401473999023,0.7110000252723694,0.8644999861717224
YOL038W,YOR008C,0,-4.090945,0.07598589360713959,0.7110000252723694,0.8646000027656555
YOL066C,YNL322C,0,-4.0912285,0.07597777247428894,0.7110000252723694,0.8647000193595886
YDL128W,YIL126W,0,-4.091327,0.0759696513414383,0.7110000252723694,0.864799976348877
YIR031C,YDR511W,0,-4.091341,0.07596153765916824,0.7110000252723694,0.8648999929428101
YGL168W,YPR162C,1,-4.091347,0.07606025040149689,0.7120000123977661,0.8648999929428101
YPL122C,YLR163C,0,-4.0914593,0.07605212926864624,0.7120000123977661,0.8650000095367432
YJR127C,YNR008W,0,-4.0916104,0.076044000685215,0.7120000123977661,0.8651000261306763
YER049W,YIL039W,0,-4.0916286,0.07603587955236435,0.7120000123977661,0.8651999831199646
YMR017W,YGL060W,0,-4.091762,0.0760277658700943,0.7120000123977661,0.8652999997138977
YJL054W,YFR024C-A,0,-4.0918384,0.07601964473724365,0.7120000123977661,0.8654000163078308
YGL113W,YOR330C,1,-4.091853,0.07611829042434692,0.7129999995231628,0.8654000163078308
YBR286W,YHR021C,0,-4.092113,0.07611016184091568,0.7129999995231628,0.8654999732971191
YLR154C,YNL102W,1,-4.0922575,0.07620877027511597,0.7139999866485596,0.8654999732971191
YGL186C,YJR051W,0,-4.092499,0.07620064169168472,0.7139999866485596,0.8655999898910522
YNR043W,YPL048W,0,-4.0925627,0.07619250565767288,0.7139999866485596,0.8657000064849854
YBR264C,YGL136C,0,-4.092635,0.07618437707424164,0.7139999866485596,0.8658000230789185
YKL196C,YLR029C,0,-4.093103,0.0761762484908104,0.7139999866485596,0.8658999800682068
YLR182W,YDL230W,0,-4.093356,0.07616812735795975,0.7139999866485596,0.8659999966621399
YDR013W,YOR330C,1,-4.0936623,0.07626666873693466,0.7149999737739563,0.8659999966621399
YPR135W,YHR164C,1,-4.0939636,0.07636518776416779,0.7160000205039978,0.8659999966621399
YJL048C,YLR306W,0,-4.0940013,0.07635704427957535,0.7160000205039978,0.866100013256073
YMR234W,YJR057W,1,-4.0941076,0.07645553350448608,0.7170000076293945,0.866100013256073
YNR015W,YER171W,0,-4.0943003,0.07644738256931305,0.7170000076293945,0.8661999702453613
YLR305C,YGL189C,0,-4.094302,0.07643923163414001,0.7170000076293945,0.8662999868392944
YMR286W,YEL037C,0,-4.094385,0.07643108069896698,0.7170000076293945,0.8664000034332275
YOR319W,YMR076C,0,-4.094385,0.07642293721437454,0.7170000076293945,0.8665000200271606
YIL134W,YNL281W,0,-4.0944786,0.0764147937297821,0.7170000076293945,0.866599977016449
YGL051W,YKL022C,0,-4.0947347,0.07640665024518967,0.7170000076293945,0.8666999936103821
YNL102W,YDR052C,1,-4.094819,0.07650506496429443,0.7179999947547913,0.8666999936103821
YBR058C,YGL090W,0,-4.095597,0.0764969065785408,0.7179999947547913,0.8668000102043152
YLR306W,YEL069C,0,-4.095723,0.07648876309394836,0.7179999947547913,0.8669000267982483
YCL052C,YHR110W,0,-4.095927,0.07648061215877533,0.7179999947547913,0.8669999837875366
YJL004C,YNL076W,0,-4.095978,0.07647246867418289,0.7179999947547913,0.8671000003814697
YDR176W,YPL224C,0,-4.096074,0.07646432518959045,0.7179999947547913,0.8672000169754028
YHR164C,YLR103C,1,-4.0961647,0.07656266540288925,0.718999981880188,0.8672000169754028
YNL103W,YGL186C,0,-4.0962005,0.07655451446771622,0.718999981880188,0.8672999739646912
YPL244C,YCR038C,0,-4.096224,0.07654636353254318,0.718999981880188,0.8673999905586243
YNL230C,YDL128W,0,-4.0962358,0.07653821259737015,0.718999981880188,0.8675000071525574
YJR132W,YNL166C,0,-4.0962505,0.07653006911277771,0.718999981880188,0.8676000237464905
YIL119C,YOR034C,0,-4.096359,0.07652192562818527,0.718999981880188,0.8676999807357788
YPL122C,YEL006W,0,-4.096549,0.07651378214359283,0.718999981880188,0.8677999973297119
YNL070W,YDR377W,0,-4.0969276,0.0765056386590004,0.718999981880188,0.867900013923645
YNL084C,YML077W,0,-4.0969615,0.07649750262498856,0.718999981880188,0.8679999709129333
YKL039W,YLR323C,0,-4.097,0.07648935914039612,0.718999981880188,0.8680999875068665
YML048W,YMR292W,0,-4.097182,0.07648122310638428,0.718999981880188,0.8682000041007996
YOL005C,YBR024W,0,-4.097257,0.07647309452295303,0.718999981880188,0.8683000206947327
YOR192C,YPR083W,0,-4.0973773,0.07646495848894119,0.718999981880188,0.868399977684021
YOR036W,YHR041C,0,-4.0974436,0.07645682990550995,0.718999981880188,0.8684999942779541
YIL150C,YDR069C,1,-4.097795,0.07655502110719681,0.7200000286102295,0.8684999942779541
YNL230C,YPL202C,0,-4.097894,0.07654688507318497,0.7200000286102295,0.8686000108718872
YJR006W,YDR052C,1,-4.097931,0.07664505392313004,0.7210000157356262,0.8686000108718872
YKL198C,YPL134C,0,-4.098034,0.076636902987957,0.7210000157356262,0.8687000274658203
YDR471W,YGR200C,0,-4.0983524,0.07662875950336456,0.7210000157356262,0.8687999844551086
YNR003C,YMR176W,0,-4.0990114,0.07662061601877213,0.7210000157356262,0.8689000010490417
YPR005C,YDL243C,0,-4.099015,0.07661247253417969,0.7210000157356262,0.8690000176429749
YGR006W,YPL253C,0,-4.0992155,0.07660433650016785,0.7210000157356262,0.8690999746322632
YJL127C,YLR204W,0,-4.099308,0.076596200466156,0.7210000157356262,0.8691999912261963
YMR061W,YHR085W,0,-4.099357,0.07658805698156357,0.7210000157356262,0.8693000078201294
YHR106W,YOR155C,0,-4.0993733,0.07657992839813232,0.7210000157356262,0.8694000244140625
YNL290W,YJL194W,1,-4.099457,0.07667799293994904,0.722000002861023,0.8694000244140625
YGL148W,YMR243C,0,-4.0998898,0.0766698494553566,0.722000002861023,0.8694999814033508
YKL143W,YLR105C,0,-4.099892,0.07666171342134476,0.722000002861023,0.8695999979972839
YBR264C,YOR099W,0,-4.099893,0.07665356993675232,0.722000002861023,0.869700014591217
YBR115C,YBR123C,0,-4.0999613,0.07664543390274048,0.722000002861023,0.8697999715805054
YCL031C,YMR289W,0,-4.1002846,0.07663729786872864,0.722000002861023,0.8698999881744385
YPL167C,YDL093W,0,-4.100476,0.0766291692852974,0.722000002861023,0.8700000047683716
YDR483W,YJL156C,0,-4.1005116,0.07662103325128555,0.722000002861023,0.8701000213623047
YJR006W,YDR279W,1,-4.100538,0.0767190158367157,0.7229999899864197,0.8701000213623047
YMR290C,YPL174C,0,-4.10055,0.07671087235212326,0.7229999899864197,0.870199978351593
YDL197C,YOL116W,0,-4.100713,0.07670273631811142,0.7229999899864197,0.8702999949455261
YHR013C,YJR140C,0,-4.1008434,0.07669460028409958,0.7229999899864197,0.8704000115394592
YGL004C,YDR246W,0,-4.100852,0.07668646425008774,0.7229999899864197,0.8705000281333923
YGL168W,YNL218W,1,-4.10105,0.07678438723087311,0.7239999771118164,0.8705000281333923
YPR134W,YGR029W,0,-4.101117,0.07677624374628067,0.7239999771118164,0.8705999851226807
YML009C,YPR133C,0,-4.1016774,0.07676810771226883,0.7239999771118164,0.8707000017166138
YOR038C,YDR422C,0,-4.101736,0.07675996422767639,0.7239999771118164,0.8708000183105469
YMR150C,YNL175C,0,-4.101886,0.07675182819366455,0.7239999771118164,0.8708999752998352
YDR376W,YGL200C,0,-4.1021957,0.07674369215965271,0.7239999771118164,0.8709999918937683
YDL102W,YDR013W,1,-4.102233,0.07684154808521271,0.7250000238418579,0.8709999918937683
YHR168W,YEL022W,0,-4.1023803,0.07683340460062027,0.7250000238418579,0.8711000084877014
YLL013C,YBR283C,0,-4.1024656,0.07682526111602783,0.7250000238418579,0.8712000250816345
YDL024C,YOR039W,0,-4.1025124,0.07681712508201599,0.7250000238418579,0.8712999820709229
YHR079C,YJL166W,0,-4.102602,0.07680898159742355,0.7250000238418579,0.871399998664856
YJL019W,YDR351W,0,-4.102624,0.07680084556341171,0.7250000238418579,0.8715000152587891
YBL005W,YDR322W,0,-4.102737,0.07679270952939987,0.7250000238418579,0.8715999722480774
YHR017W,YBR089C-A,0,-4.1030684,0.07678458094596863,0.7250000238418579,0.8716999888420105
YGL127C,YNL059C,0,-4.1030807,0.07677644491195679,0.7250000238418579,0.8718000054359436
YDR122W,YOR299W,0,-4.1036386,0.07676831632852554,0.7250000238418579,0.8719000220298767
YOR157C,YBR095C,0,-4.1036386,0.0767601877450943,0.7250000238418579,0.871999979019165
YNL049C,YOL112W,0,-4.103654,0.07675206661224365,0.7250000238418579,0.8720999956130981
YKL124W,YGL107C,0,-4.1037464,0.07674393802881241,0.7250000238418579,0.8722000122070312
YDR298C,YGL095C,0,-4.1038694,0.07673581689596176,0.7250000238418579,0.8723000288009644
YNL192W,YDR229W,0,-4.1039886,0.07672769576311111,0.7250000238418579,0.8723999857902527
YKL062W,YOL133W,0,-4.1040616,0.07671957463026047,0.7250000238418579,0.8725000023841858
YPL063W,YKR048C,0,-4.1041765,0.07671146094799042,0.7250000238418579,0.8726000189781189
YLL031C,YKR058W,0,-4.104552,0.07670333981513977,0.7250000238418579,0.8726999759674072
YHR004C,YAL016W,0,-4.104618,0.07669522613286972,0.7250000238418579,0.8727999925613403
YDR419W,YLR103C,1,-4.104702,0.0767928883433342,0.7260000109672546,0.8727999925613403
YDR201W,YOR002W,0,-4.1047263,0.07678476721048355,0.7260000109672546,0.8729000091552734
YGL067W,YLR191W,0,-4.1049767,0.0767766460776329,0.7260000109672546,0.8730000257492065
YNL261W,YGL168W,1,-4.1051183,0.0768742710351944,0.7269999980926514,0.8730000257492065
YAR018C,YMR125W,0,-4.1053405,0.07686614245176315,0.7269999980926514,0.8730999827384949
YJR068W,YPR019W,1,-4.105369,0.07696373760700226,0.7279999852180481,0.8730999827384949
YPL048W,YJL117W,0,-4.1053815,0.07695560157299042,0.7279999852180481,0.873199999332428
YJR130C,YDR441C,0,-4.1054163,0.07694746553897858,0.7279999852180481,0.8733000159263611
YMR070W,YNL231C,0,-4.1057644,0.07693933695554733,0.7279999852180481,0.8733999729156494
YER123W,YOR194C,0,-4.1059566,0.07693120837211609,0.7279999852180481,0.8734999895095825
YNL025C,YOR126C,0,-4.106039,0.07692307978868484,0.7279999852180481,0.8736000061035156
YBR202W,YKL045W,1,-4.1061115,0.07702060043811798,0.7289999723434448,0.8736000061035156
YDR388W,YEL058W,0,-4.1061788,0.07701246440410614,0.7289999723434448,0.8737000226974487
YPL022W,YJR042W,0,-4.106384,0.0770043283700943,0.7289999723434448,0.8737999796867371
YNL038W,YEL012W,0,-4.1065693,0.07699619978666306,0.7289999723434448,0.8738999962806702
YIR023W,YGL115W,0,-4.106571,0.07698806375265121,0.7289999723434448,0.8740000128746033
YER161C,YMR012W,0,-4.106576,0.07697993516921997,0.7289999723434448,0.8741000294685364
YDR481C,YIL027C,0,-4.1066866,0.07697180658578873,0.7289999723434448,0.8741999864578247
YLR264W,YDR399W,0,-4.106802,0.07696368545293808,0.7289999723434448,0.8743000030517578
YCR044C,YNL091W,0,-4.1073585,0.07695555686950684,0.7289999723434448,0.8744000196456909
YLR247C,YDR254W,0,-4.107461,0.07694743573665619,0.7289999723434448,0.8744999766349792
YNL149C,YBR177C,0,-4.107546,0.07693931460380554,0.7289999723434448,0.8745999932289124
YNL230C,YIL098C,0,-4.1076946,0.0769311934709549,0.7289999723434448,0.8747000098228455
YNL293W,YGR276C,0,-4.1077986,0.07692307978868484,0.7289999723434448,0.8748000264167786
YOR151C,YOL045W,0,-4.107825,0.0769149586558342,0.7289999723434448,0.8748999834060669
YLR417W,YKR071C,0,-4.1079154,0.07690684497356415,0.7289999723434448,0.875
YDL210W,YOR106W,0,-4.107979,0.0768987312912941,0.7289999723434448,0.8751000165939331
YMR137C,YOR106W,0,-4.108033,0.07689062505960464,0.7289999723434448,0.8751999735832214
YCR039C,YMR284W,0,-4.1082783,0.0768825113773346,0.7289999723434448,0.8752999901771545
YDR174W,YNR031C,0,-4.1085606,0.07687440514564514,0.7289999723434448,0.8754000067710876
YDR372C,YGL003C,0,-4.10882,0.07686629891395569,0.7289999723434448,0.8755000233650208
YOR253W,YCR060W,0,-4.108822,0.07685820013284683,0.7289999723434448,0.8755999803543091
YNL103W,YDR390C,0,-4.1089053,0.07685009390115738,0.7289999723434448,0.8756999969482422
YNR019W,YDL106C,0,-4.1093817,0.07684199512004852,0.7289999723434448,0.8758000135421753
YMR276W,YMR054W,0,-4.109445,0.07683389633893967,0.7289999723434448,0.8758999705314636
YOR324C,YHR194W,0,-4.10946,0.07682579755783081,0.7289999723434448,0.8759999871253967
YPR111W,YCL061C,0,-4.1098766,0.07681770622730255,0.7289999723434448,0.8761000037193298
YDL056W,YGL251C,1,-4.1100006,0.07691497355699539,0.7300000190734863,0.8761000037193298
YJL033W,YMR146C,0,-4.1100054,0.07690686732530594,0.7300000190734863,0.8762000203132629
YGL103W,YNL248C,0,-4.1100097,0.07689876854419708,0.7300000190734863,0.8762999773025513
YBR003W,YHR190W,0,-4.110192,0.07689066976308823,0.7300000190734863,0.8763999938964844
YLR127C,YPL244C,0,-4.1102653,0.07688257098197937,0.7300000190734863,0.8765000104904175
YJL094C,YBR294W,0,-4.1103926,0.07687447220087051,0.7300000190734863,0.8766000270843506
YJL006C,YBR150C,0,-4.110426,0.07686638087034225,0.7300000190734863,0.8766999840736389
YER129W,YBL035C,1,-4.110505,0.07696357369422913,0.7310000061988831,0.8766999840736389
YOL061W,YPL094C,0,-4.110549,0.07695546746253967,0.7310000061988831,0.876800000667572
YPR102C,YPR118W,0,-4.1105876,0.07694736868143082,0.7310000061988831,0.8769000172615051
YKR059W,YNL031C,0,-4.110693,0.07693926990032196,0.7310000061988831,0.8769999742507935
YKR079C,YBL055C,0,-4.110856,0.0769311711192131,0.7310000061988831,0.8770999908447266
YMR035W,YBL008W,0,-4.110904,0.07692307978868484,0.7310000061988831,0.8772000074386597
YMR224C,YLR014C,0,-4.1110744,0.07691498100757599,0.7310000061988831,0.8773000240325928
YJL052W,YOL103W,0,-4.111167,0.07690688967704773,0.7310000061988831,0.8773999810218811
YOR123C,YFR052W,0,-4.1112647,0.07689879834651947,0.7310000061988831,0.8774999976158142
YAL022C,YIL154C,0,-4.1113997,0.07689071446657181,0.7310000061988831,0.8776000142097473
YDL074C,YOL125W,0,-4.1115813,0.07688262313604355,0.7310000061988831,0.8776999711990356
YKL039W,YFL021W,0,-4.1116047,0.07687453925609589,0.7310000061988831,0.8777999877929688
YLR417W,YKR079C,0,-4.111973,0.07686645537614822,0.7310000061988831,0.8779000043869019
YAL059W,YFR013W,0,-4.112016,0.07685837149620056,0.7310000061988831,0.878000020980835
YER050C,YER126C,0,-4.1121883,0.0768502950668335,0.7310000061988831,0.8780999779701233
YFL038C,YLR200W,0,-4.112291,0.07684221863746643,0.7310000061988831,0.8781999945640564
YJL090C,YDR013W,1,-4.1123276,0.07693924754858017,0.7319999933242798,0.8781999945640564
YPR171W,YHL027W,0,-4.1127477,0.07693116366863251,0.7319999933242798,0.8783000111579895
YNL133C,YCL017C,0,-4.1129017,0.07692307978868484,0.7319999933242798,0.8784000277519226
YCR052W,YDR457W,0,-4.1131606,0.07691499590873718,0.7319999933242798,0.8784999847412109
YBL047C,YPL106C,0,-4.113247,0.07690691202878952,0.7319999933242798,0.878600001335144
YIR004W,YMR201C,0,-4.113275,0.07689883559942245,0.7319999933242798,0.8787000179290771
YLR025W,YIL036W,0,-4.113279,0.07689075917005539,0.7319999933242798,0.8787999749183655
YDR110W,YBR060C,1,-4.113661,0.07698771357536316,0.7329999804496765,0.8787999749183655
YOL040C,YOL109W,0,-4.1138086,0.0769796296954155,0.7329999804496765,0.8788999915122986
YLL004W,YDR052C,1,-4.113843,0.07707655429840088,0.734000027179718,0.8788999915122986
YJL134W,YHR116W,0,-4.113917,0.07706845551729202,0.734000027179718,0.8790000081062317
YER165W,YNL080C,0,-4.1140413,0.07706036418676376,0.734000027179718,0.8791000247001648
YAR007C,YJL194W,1,-4.114076,0.07715725153684616,0.7350000143051147,0.8791000247001648
YDR530C,YPL233W,0,-4.1141605,0.0771491527557373,0.7350000143051147,0.8791999816894531
YGL018C,YGR181W,0,-4.1142693,0.07714106142520905,0.7350000143051147,0.8792999982833862
YPL122C,YKL094W,0,-4.1144485,0.07713296264410019,0.7350000143051147,0.8794000148773193
YER143W,YGR135W,0,-4.114509,0.07712487131357193,0.7350000143051147,0.8794999718666077
YLR425W,YNL206C,0,-4.1145515,0.07711677998304367,0.7350000143051147,0.8795999884605408
YLR103C,YDR121W,1,-4.114643,0.0772135928273201,0.7360000014305115,0.8795999884605408
YBL023C,YBR202W,1,-4.1147323,0.07731039822101593,0.7369999885559082,0.8795999884605408
YDL246C,YOL116W,0,-4.1149015,0.07730228453874588,0.7369999885559082,0.8797000050544739
YOR074C,YNL262W,1,-4.115551,0.07739905267953873,0.7379999756813049,0.8797000050544739
YLR154C,YBR278W,1,-4.115592,0.07749580591917038,0.7390000224113464,0.8797000050544739
YIL120W,YDL216C,0,-4.115929,0.07748767733573914,0.7390000224113464,0.879800021648407
YOR085W,YDR088C,0,-4.115989,0.07747955620288849,0.7390000224113464,0.8798999786376953
YDR350C,YPL122C,0,-4.11623,0.07747143507003784,0.7390000224113464,0.8799999952316284
YLR417W,YMR163C,0,-4.1164017,0.0774633139371872,0.7390000224113464,0.8801000118255615
YMR098C,YDR224C,0,-4.116558,0.07745519280433655,0.7390000224113464,0.8802000284194946
YJL072C,YHR031C,1,-4.116568,0.07755187898874283,0.7400000095367432,0.8802000284194946
YOL038W,YMR009W,0,-4.1166916,0.07754375040531158,0.7400000095367432,0.880299985408783
YEL020W-A,YBR010W,0,-4.116762,0.07753562182188034,0.7400000095367432,0.8804000020027161
YNR041C,YOR038C,0,-4.1170154,0.0775275006890297,0.7400000095367432,0.8805000185966492
YEL015W,YJR040W,0,-4.1172466,0.07751937955617905,0.7400000095367432,0.8805999755859375
YBR245C,YEL050C,0,-4.117266,0.0775112584233284,0.7400000095367432,0.8806999921798706
YNL128W,YHL006C,0,-4.117998,0.07750314474105835,0.7400000095367432,0.8808000087738037
YOR080W,YPR120C,1,-4.1180735,0.07759974896907806,0.7409999966621399,0.8808000087738037
YDR483W,YAR015W,0,-4.1182265,0.07759162038564682,0.7409999966621399,0.8809000253677368
YFL049W,YMR282C,0,-4.118259,0.07758349925279617,0.7409999966621399,0.8809999823570251
YDR482C,YIL068C,0,-4.118431,0.07757537811994553,0.7409999966621399,0.8810999989509583
YJR006W,YBL023C,1,-4.1187654,0.07767193764448166,0.7419999837875366,0.8810999989509583
YJR013W,YIL038C,0,-4.118807,0.07766380906105042,0.7419999837875366,0.8812000155448914
YDR463W,YKL205W,0,-4.118905,0.07765568047761917,0.7419999837875366,0.8812999725341797
YOR189W,YAL026C,0,-4.1190615,0.07764755189418793,0.7419999837875366,0.8813999891281128
YPL206C,YPR198W,0,-4.1191387,0.07763942331075668,0.7419999837875366,0.8815000057220459
YML107C,YKR036C,0,-4.11915,0.07763130217790604,0.7419999837875366,0.881600022315979
YIL132C,YDR437W,0,-4.119522,0.07762318104505539,0.7419999837875366,0.8816999793052673
YHR118C,YFR027W,1,-4.119628,0.07771966606378555,0.7429999709129333,0.8816999793052673
YMR287C,YDR425W,0,-4.119702,0.07771153748035431,0.7429999709129333,0.8817999958992004
YLR418C,YDL123W,0,-4.119873,0.07770340889692307,0.7429999709129333,0.8819000124931335
YDL017W,YNL218W,1,-4.1199303,0.07779985666275024,0.7440000176429749,0.8819000124931335
YOR129C,YOL116W,0,-4.1199636,0.0777917206287384,0.7440000176429749,0.8820000290870667
YJL073W,YPL098C,0,-4.1199956,0.07778358459472656,0.7440000176429749,0.882099986076355
YPL011C,YOR067C,0,-4.1200657,0.07777545601129532,0.7440000176429749,0.8822000026702881
YKR089C,YMR019W,0,-4.1205063,0.07776732742786407,0.7440000176429749,0.8823000192642212
YOR241W,YKL203C,0,-4.120689,0.07775919884443283,0.7440000176429749,0.8823999762535095
YDR174W,YMR289W,0,-4.120798,0.07775107026100159,0.7440000176429749,0.8824999928474426
YKL170W,YDR086C,0,-4.1208405,0.07774294912815094,0.7440000176429749,0.8826000094413757
YDR418W,YBL056W,0,-4.1208763,0.0777348205447197,0.7440000176429749,0.8827000260353088
YLL004W,YOR217W,1,-4.120941,0.07783117145299911,0.7450000047683716,0.8827000260353088
YJL090C,YKL045W,1,-4.1209984,0.07792750746011734,0.7459999918937683,0.8827000260353088
YOR043W,YML127W,0,-4.121284,0.0779193639755249,0.7459999918937683,0.8827999830245972
YNL322C,YFL036W,0,-4.121555,0.07791122794151306,0.7459999918937683,0.8828999996185303
YDL102W,YLR103C,1,-4.121851,0.0780075192451477,0.746999979019165,0.8828999996185303
YOR244W,YNL094W,0,-4.121864,0.07799937576055527,0.746999979019165,0.8830000162124634
YAL035W,YKL020C,0,-4.1221733,0.07799123227596283,0.746999979019165,0.8830999732017517
YMR318C,YER027C,0,-4.122223,0.07798308879137039,0.746999979019165,0.8831999897956848
YOL102C,YJR040W,0,-4.1224527,0.07797494530677795,0.746999979019165,0.8833000063896179
YLR459W,YMR025W,0,-4.122523,0.07796680927276611,0.746999979019165,0.883400022983551
YMR227C,YBR237W,0,-4.1226525,0.07795867323875427,0.746999979019165,0.8834999799728394
YER031C,YKR028W,0,-4.122677,0.07795053720474243,0.746999979019165,0.8835999965667725
YKL168C,YDL146W,0,-4.1227107,0.07794240117073059,0.746999979019165,0.8837000131607056
YKL010C,YMR237W,0,-4.12283,0.07793427258729935,0.746999979019165,0.8838000297546387
YNR059W,YEL064C,0,-4.123045,0.0779261440038681,0.746999979019165,0.883899986743927
YHR044C,YLR347C,0,-4.123084,0.07791801542043686,0.746999979019165,0.8840000033378601
YOR026W,YDR072C,0,-4.123517,0.07790988683700562,0.746999979019165,0.8841000199317932
YOR386W,YOR347C,0,-4.1236897,0.07790176570415497,0.746999979019165,0.8841999769210815
YBR166C,YMR033W,0,-4.1238046,0.07789363712072372,0.746999979019165,0.8842999935150146
YLL029W,YMR257C,0,-4.123812,0.07788551598787308,0.746999979019165,0.8844000101089478
YHR024C,YHR111W,0,-4.1238737,0.07787739485502243,0.746999979019165,0.8845000267028809
YMR234W,YPR019W,1,-4.123927,0.07797352224588394,0.7480000257492065,0.8845000267028809
YDR287W,YNL137C,0,-4.1239376,0.0779653936624527,0.7480000257492065,0.8845999836921692
YPL149W,YGR077C,0,-4.1240263,0.07795727252960205,0.7480000257492065,0.8847000002861023
YHR174W,YKL064W,0,-4.124138,0.0779491439461708,0.7480000257492065,0.8848000168800354
YLR151C,YKL003C,0,-4.1241703,0.07794102281332016,0.7480000257492065,0.8848999738693237
YGL051W,YDR108W,0,-4.1241856,0.07793290168046951,0.7480000257492065,0.8849999904632568
YDR110W,YMR043W,1,-4.124282,0.07802896201610565,0.7490000128746033,0.8849999904632568
YJL090C,YOR330C,1,-4.12438,0.078125,0.75,0.8849999904632568
YBR087W,YOR217W,1,-4.1246247,0.07822101563215256,0.7509999871253967,0.8849999904632568
YBR207W,YDR140W,0,-4.124669,0.07821287214756012,0.7509999871253967,0.8851000070571899
YJR006W,YDR419W,1,-4.124675,0.07830886542797089,0.7519999742507935,0.8851000070571899
YCR031C,YNL080C,0,-4.124751,0.07830070704221725,0.7519999742507935,0.885200023651123
YMR156C,YBL020W,0,-4.1248603,0.07829255610704422,0.7519999742507935,0.8852999806404114
YKL144C,YDR466W,0,-4.1249523,0.07828440517187119,0.7519999742507935,0.8853999972343445
YHR186C,YLR105C,0,-4.125122,0.07827625423669815,0.7519999742507935,0.8855000138282776
YIL098C,YJL071W,0,-4.1251807,0.07826811075210571,0.7519999742507935,0.8855999708175659
YHR164C,YJL072C,1,-4.1253257,0.07836403697729111,0.753000020980835,0.8855999708175659
YIR015W,YJL106W,0,-4.125495,0.07835587859153748,0.753000020980835,0.885699987411499
YLR005W,YFR049W,0,-4.12555,0.07834772765636444,0.753000020980835,0.8858000040054321
YPR135W,YFR027W,1,-4.1257534,0.07844360917806625,0.7540000081062317,0.8858000040054321
YGR193C,YMR228W,0,-4.1258945,0.07843545079231262,0.7540000081062317,0.8859000205993652
YPL254W,YJL058C,0,-4.1258965,0.07842729240655899,0.7540000081062317,0.8859999775886536
YCR077C,YKL064W,0,-4.1261244,0.07841913402080536,0.7540000081062317,0.8860999941825867
YMR292W,YKL138C,0,-4.1261263,0.07841098308563232,0.7540000081062317,0.8862000107765198
YHR025W,YBR187W,0,-4.126146,0.07840282469987869,0.7540000081062317,0.8863000273704529
YDR148C,YJL041W,0,-4.126438,0.07839467376470566,0.7540000081062317,0.8863999843597412
YBR297W,YOR048C,0,-4.1264653,0.07838653028011322,0.7540000081062317,0.8865000009536743
YCR026C,YCR060W,0,-4.127203,0.07837837934494019,0.7540000081062317,0.8866000175476074
YFL061W,YDR217C,0,-4.12739,0.07837022840976715,0.7540000081062317,0.8866999745368958
YKL040C,YGR135W,0,-4.1275687,0.07836208492517471,0.7540000081062317,0.8867999911308289
YHR060W,YMR188C,0,-4.1276627,0.07835394144058228,0.7540000081062317,0.886900007724762
YNL289W,YKL059C,0,-4.127851,0.07834580540657043,0.7540000081062317,0.8870000243186951
YNL117W,YOR221C,0,-4.128058,0.078337661921978,0.7540000081062317,0.8870999813079834
YDL024C,YMR182C,0,-4.1280603,0.07832952588796616,0.7540000081062317,0.8871999979019165
YLR395C,YNL185C,0,-4.1283193,0.07832138985395432,0.7540000081062317,0.8873000144958496
YIL134W,YBL088C,0,-4.12844,0.07831325381994247,0.7540000081062317,0.8873999714851379
YDR460W,YCR018C,0,-4.128687,0.07830511778593063,0.7540000081062317,0.887499988079071
YLL004W,YBR060C,1,-4.1290016,0.07840082794427872,0.7549999952316284,0.887499988079071
YHL004W,YGL105W,0,-4.129319,0.07839269191026688,0.7549999952316284,0.8876000046730042
YFL041W,YMR055C,0,-4.129399,0.07838454842567444,0.7549999952316284,0.8877000212669373
YGR262C,YGR007W,0,-4.1294327,0.0783764123916626,0.7549999952316284,0.8877999782562256
YOR151C,YKR048C,0,-4.1295443,0.07836827635765076,0.7549999952316284,0.8878999948501587
YJL164C,YOR257W,0,-4.129622,0.07836014777421951,0.7549999952316284,0.8880000114440918
YDL231C,YCR014C,0,-4.1296873,0.07835201174020767,0.7549999952316284,0.8881000280380249
YHR010W,YDL051W,0,-4.1297646,0.07834388315677643,0.7549999952316284,0.8881999850273132
YOL108C,YDR456W,0,-4.1302576,0.07833575457334518,0.7549999952316284,0.8883000016212463
YMR153W,YLR097C,0,-4.1307545,0.07832762598991394,0.7549999952316284,0.8884000182151794
YKR068C,YJL058C,0,-4.130905,0.0783195048570633,0.7549999952316284,0.8884999752044678
YGL232W,YML021C,0,-4.130966,0.07831137627363205,0.7549999952316284,0.8885999917984009
YLL004W,YDR419W,1,-4.1311045,0.07840696722269058,0.7559999823570251,0.8885999917984009
YJR070C,YIL018W,0,-4.1312413,0.07839883863925934,0.7559999823570251,0.888700008392334
YMR171C,YDR303C,0,-4.1313047,0.0783907100558281,0.7559999823570251,0.8888000249862671
YOR320C,YML094W,0,-4.131443,0.07838258147239685,0.7559999823570251,0.8888999819755554
YOR038C,YGL128C,0,-4.131522,0.0783744528889656,0.7559999823570251,0.8889999985694885
YOR217W,YDR069C,1,-4.131527,0.07846999168395996,0.7570000290870667,0.8889999985694885
YEL021W,YHL011C,0,-4.1316404,0.07846185564994812,0.7570000290870667,0.8891000151634216
YBR087W,YNL102W,1,-4.131837,0.07855736464262009,0.7580000162124634,0.8891000151634216
YPR095C,YDL185W,0,-4.132015,0.07854922115802765,0.7580000162124634,0.88919997215271
YMR150C,YDR524C,0,-4.132048,0.07854108512401581,0.7580000162124634,0.8892999887466431
YER099C,YPL135W,0,-4.132165,0.07853294909000397,0.7580000162124634,0.8894000053405762
YLL022C,YDR377W,0,-4.1323195,0.07852481305599213,0.7580000162124634,0.8895000219345093
YNL297C,YNL258C,0,-4.1323576,0.07851667702198029,0.7580000162124634,0.8895999789237976
YJR004C,YBR187W,0,-4.1324677,0.07850854843854904,0.7580000162124634,0.8896999955177307
YER060W,YDR200C,0,-4.132477,0.0785004124045372,0.7580000162124634,0.8898000121116638
YOR087W,YOL054W,0,-4.1327233,0.07849228382110596,0.7580000162124634,0.8899000287055969
YGR005C,YBR208C,0,-4.132861,0.07848415523767471,0.7580000162124634,0.8899999856948853
YOR244W,YGR179C,0,-4.1331854,0.07847603410482407,0.7580000162124634,0.8901000022888184
YNL304W,YNL137C,0,-4.1332664,0.07846790552139282,0.7580000162124634,0.8902000188827515
YJL073W,YKL069W,0,-4.1333585,0.07845978438854218,0.7580000162124634,0.8902999758720398
YPL126W,YPL178W,0,-4.1337566,0.07845166325569153,0.7580000162124634,0.8903999924659729
YHL034C,YBL030C,0,-4.133814,0.07844354957342148,0.7580000162124634,0.890500009059906
YDR054C,YDR228C,0,-4.1338177,0.07843542844057083,0.7580000162124634,0.8906000256538391
YJR006W,YDL164C,1,-4.1338787,0.07853078097105026,0.7590000033378601,0.8906000256538391
YDR301W,YLR097C,0,-4.133896,0.07852265983819962,0.7590000033378601,0.8906999826431274
YHR164C,YNL290W,1,-4.134152,0.07861797511577606,0.7599999904632568,0.8906999826431274
YPL011C,YBR166C,0,-4.134355,0.07860984653234482,0.7599999904632568,0.8907999992370605
YNL267W,YIL036W,0,-4.134435,0.07860171794891357,0.7599999904632568,0.8909000158309937
YGR106C,YBR042C,0,-4.1344976,0.07859358936548233,0.7599999904632568,0.890999972820282
YOR217W,YJR057W,1,-4.134517,0.0786888599395752,0.7609999775886536,0.890999972820282
YPL094C,YDR456W,0,-4.134586,0.07868073135614395,0.7609999775886536,0.8910999894142151
YJL090C,YIL150C,1,-4.1346035,0.07877597212791443,0.7620000243186951,0.8910999894142151
YOL108C,YOL023W,0,-4.134768,0.07876782864332199,0.7620000243186951,0.8912000060081482
YLR395C,YML124C,0,-4.134837,0.07875969260931015,0.7620000243186951,0.8913000226020813
YJL095W,YDL243C,0,-4.1349063,0.07875154912471771,0.7620000243186951,0.8913999795913696
YJL054W,YGR181W,0,-4.135254,0.07874341309070587,0.7620000243186951,0.8914999961853027
YGL092W,YGL213C,0,-4.1353536,0.07873527705669403,0.7620000243186951,0.8916000127792358
YER060W,YBL037W,0,-4.135652,0.07872714102268219,0.7620000243186951,0.891700029373169
YIL021W,YPL239W,0,-4.1356783,0.07871900498867035,0.7620000243186951,0.8917999863624573
YLR403W,YDR494W,0,-4.135741,0.0787108764052391,0.7620000243186951,0.8919000029563904
YPL011C,YDR150W,0,-4.1357956,0.07870274782180786,0.7620000243186951,0.8920000195503235
YJR135C,YMR023C,0,-4.1359663,0.07869461923837662,0.7620000243186951,0.8920999765396118
YEL038W,YBR067C,0,-4.136179,0.07868649065494537,0.7620000243186951,0.8921999931335449
YML048W,YPL143W,0,-4.1362724,0.07867836952209473,0.7620000243186951,0.892300009727478
YEL032W,YPL153C,1,-4.136556,0.07877349108457565,0.7630000114440918,0.892300009727478
YMR298W,YJR032W,0,-4.137193,0.07876535505056381,0.7630000114440918,0.8924000263214111
YOR219C,YDR405W,0,-4.1373553,0.07875722646713257,0.7630000114440918,0.8924999833106995
YNL261W,YBR202W,1,-4.137607,0.07885230332612991,0.7639999985694885,0.8924999833106995
YGL051W,YDR440W,0,-4.1378794,0.07884416729211807,0.7639999985694885,0.8925999999046326
YER046W,YGL195W,0,-4.137908,0.07883603125810623,0.7639999985694885,0.8927000164985657
YER029C,YHR066W,0,-4.138027,0.07882790267467499,0.7639999985694885,0.892799973487854
YKL132C,YDL036C,0,-4.1380615,0.07881976664066315,0.7639999985694885,0.8928999900817871
YER015W,YLR176C,0,-4.13807,0.0788116380572319,0.7639999985694885,0.8930000066757202
YDL069C,YNL084C,0,-4.138112,0.07880350947380066,0.7639999985694885,0.8931000232696533
YNL290W,YDR279W,1,-4.1383133,0.07889851182699203,0.7649999856948853,0.8931000232696533
YHR129C,YMR075W,0,-4.1388683,0.0788903757929802,0.7649999856948853,0.8931999802589417
YJL129C,YJR104C,0,-4.138986,0.07888224720954895,0.7649999856948853,0.8932999968528748
YLR157C,YLR097C,0,-4.139077,0.07887411117553711,0.7649999856948853,0.8934000134468079
YLR193C,YDR507C,0,-4.139109,0.07886598259210587,0.7649999856948853,0.8934999704360962
YDR499W,YEL019C,0,-4.1392817,0.07885784655809402,0.7649999856948853,0.8935999870300293
YNL156C,YOL111C,0,-4.1394114,0.07884972542524338,0.7649999856948853,0.8937000036239624
YML070W,YPR149W,0,-4.1395206,0.07884159684181213,0.7649999856948853,0.8938000202178955
YAR042W,YOR001W,0,-4.139574,0.07883346825838089,0.7649999856948853,0.8938999772071838
YHR002W,YHR051W,0,-4.1397343,0.07882534712553024,0.7649999856948853,0.8939999938011169
YIL004C,YDR246W,0,-4.1398373,0.0788172259926796,0.7649999856948853,0.89410001039505
YJL214W,YIR025W,0,-4.140313,0.07880910485982895,0.7649999856948853,0.8942000269889832
YDR179C,YKL166C,0,-4.140875,0.0788009911775589,0.7649999856948853,0.8942999839782715
YBR038W,YDR439W,0,-4.14089,0.07879287004470825,0.7649999856948853,0.8944000005722046
YHR008C,YGR238C,0,-4.140932,0.0787847563624382,0.7649999856948853,0.8945000171661377
YOR180C,YHL028W,0,-4.141013,0.07877664268016815,0.7649999856948853,0.894599974155426
YOR381W,YBR020W,0,-4.1411633,0.0787685364484787,0.7649999856948853,0.8946999907493591
YJL052W,YNR045W,0,-4.141468,0.07876042276620865,0.7649999856948853,0.8948000073432922
YBR212W,YLR350W,0,-4.14149,0.0787523165345192,0.7649999856948853,0.8949000239372253
YKR099W,YNL068C,0,-4.1414976,0.07874421030282974,0.7649999856948853,0.8949999809265137
YNR055C,YGL103W,0,-4.1415124,0.07873610407114029,0.7649999856948853,0.8950999975204468
YMR156C,YLL035W,0,-4.141588,0.07872800529003143,0.7649999856948853,0.8952000141143799
YNL304W,YDR031W,0,-4.141688,0.07871989905834198,0.7649999856948853,0.8952999711036682
YDR013W,YHR031C,1,-4.1417255,0.07881469279527664,0.765999972820282,0.8952999711036682
YPR021C,YBL037W,0,-4.1418285,0.07880658656358719,0.765999972820282,0.8953999876976013
YBL035C,YPL153C,1,-4.141899,0.07890135049819946,0.7670000195503235,0.8953999876976013
YDL210W,YKL042W,0,-4.1422567,0.07889322936534882,0.7670000195503235,0.8955000042915344
YMR072W,YPL031C,0,-4.1423798,0.07888511568307877,0.7670000195503235,0.8956000208854675
YDR390C,YDR078C,0,-4.1426005,0.07887700200080872,0.7670000195503235,0.8956999778747559
YHL006C,YGL241W,0,-4.1427794,0.07886889576911926,0.7670000195503235,0.895799994468689
YOL018C,YNL015W,0,-4.1428533,0.07886078208684921,0.7670000195503235,0.8959000110626221
YDL200C,YLR172C,0,-4.142905,0.07885267585515976,0.7670000195503235,0.8960000276565552
YCR014C,YJL062W,0,-4.143069,0.0788445696234703,0.7670000195503235,0.8960999846458435
YLR417W,YLR285W,0,-4.143069,0.07883647084236145,0.7670000195503235,0.8962000012397766
YLR016C,YPL096W,0,-4.1430902,0.078828364610672,0.7670000195503235,0.8963000178337097
YER031C,YLR292C,0,-4.1431446,0.07882026582956314,0.7670000195503235,0.896399974822998
YOR372C,YDR400W,0,-4.1432166,0.07881216704845428,0.7670000195503235,0.8964999914169312
YLR452C,YKR008W,0,-4.1432233,0.07880406826734543,0.7670000195503235,0.8966000080108643
YDR372C,YOL100W,0,-4.1432867,0.07879596948623657,0.7670000195503235,0.8967000246047974
YER173W,YNR037C,0,-4.1434174,0.07878787815570831,0.7670000195503235,0.8967999815940857
YBR024W,YFR033C,0,-4.143596,0.07877978682518005,0.7670000195503235,0.8968999981880188
YJR006W,YDR013W,1,-4.1436076,0.07887439429759979,0.7680000066757202,0.8968999981880188
YBR035C,YJL029C,0,-4.143624,0.07886629551649094,0.7680000066757202,0.8970000147819519
YDR416W,YDR457W,0,-4.143878,0.07885819673538208,0.7680000066757202,0.8970999717712402
YDR529C,YBR010W,0,-4.14404,0.07885010540485382,0.7680000066757202,0.8971999883651733
YMR017W,YOR266W,0,-4.1442976,0.07884200662374496,0.7680000066757202,0.8973000049591064
YBL030C,YOR275C,0,-4.144696,0.0788339152932167,0.7680000066757202,0.8974000215530396
YGR245C,YER164W,0,-4.1447725,0.07882582396268845,0.7680000066757202,0.8974999785423279
YLL033W,YOR212W,0,-4.145013,0.07881773263216019,0.7680000066757202,0.897599995136261
YDR454C,YGR276C,0,-4.1453466,0.07880964875221252,0.7680000066757202,0.8977000117301941
YFR003C,YLR295C,0,-4.145481,0.07880155742168427,0.7680000066757202,0.8978000283241272
YHR064C,YML067C,0,-4.145625,0.0787934735417366,0.7680000066757202,0.8978999853134155
YMR306W,YBR261C,0,-4.145655,0.07878538966178894,0.7680000066757202,0.8980000019073486
YGL168W,YMR043W,1,-4.1457047,0.07887988537549973,0.7689999938011169,0.8980000019073486
YJR006W,YHR164C,1,-4.145879,0.07897435873746872,0.7699999809265137,0.8980000019073486
YNL218W,YKL108W,1,-4.1463103,0.07906880974769592,0.7710000276565552,0.8980000019073486
YMR274C,YCR065W,0,-4.146375,0.07906070351600647,0.7710000276565552,0.8981000185012817
YPL214C,YDL243C,0,-4.1464043,0.07905259728431702,0.7710000276565552,0.8981999754905701
YLL004W,YFR027W,1,-4.147006,0.07914701849222183,0.7720000147819519,0.8981999754905701
YML011C,YLR085C,0,-4.147029,0.07913890480995178,0.7720000147819519,0.8982999920845032
YOL038W,YJL165C,0,-4.147578,0.07913079112768173,0.7720000147819519,0.8984000086784363
YPR133W-A,YBR015C,0,-4.147586,0.07912267744541168,0.7720000147819519,0.8985000252723694
YMR097C,YBR089C-A,0,-4.147635,0.07911457121372223,0.7720000147819519,0.8985999822616577
YPL063W,YLR291C,0,-4.147702,0.07910646498203278,0.7720000147819519,0.8986999988555908
YGL213C,YLR430W,0,-4.147724,0.07909835875034332,0.7720000147819519,0.8988000154495239
YGR246C,YGL105W,0,-4.147986,0.07909025996923447,0.7720000147819519,0.8988999724388123
YHR184W,YNL298W,0,-4.147999,0.07908215373754501,0.7720000147819519,0.8989999890327454
YBL092W,YOR372C,0,-4.148097,0.07907405495643616,0.7720000147819519,0.8991000056266785
YPR086W,YBR121C,0,-4.14812,0.0790659561753273,0.7720000147819519,0.8992000222206116
YLL048C,YER083C,0,-4.1482267,0.07905785739421844,0.7720000147819519,0.8992999792098999
YJR068W,YNL102W,1,-4.148232,0.07915215939283371,0.7730000019073486,0.8992999792098999
YLR299W,YOL054W,0,-4.1484976,0.07914405316114426,0.7730000019073486,0.899399995803833
YPR005C,YCR009C,0,-4.148627,0.0791359543800354,0.7730000019073486,0.8995000123977661
YDR151C,YFR007W,0,-4.148766,0.07912785559892654,0.7730000019073486,0.8996000289916992
YNL199C,YML041C,0,-4.14919,0.07911975681781769,0.7730000019073486,0.8996999859809875
YDL069C,YGL211W,0,-4.1493607,0.07911165803670883,0.7730000019073486,0.8998000025749207
YDR158W,YFR024C-A,0,-4.149538,0.07910355925559998,0.7730000019073486,0.8999000191688538
YGL058W,YDR117C,0,-4.1499,0.07909546792507172,0.7730000019073486,0.8999999761581421
YJL219W,YJL187C,0,-4.15,0.07908737659454346,0.7730000019073486,0.9000999927520752
YDL164C,YKL045W,1,-4.150033,0.07918158918619156,0.7739999890327454,0.9000999927520752
YKR034W,YGL192W,0,-4.1501565,0.0791734829545021,0.7739999890327454,0.9002000093460083
YBR169C,YGL163C,0,-4.150334,0.07916539162397385,0.7739999890327454,0.9003000259399414
YOR123C,YER174C,0,-4.150491,0.07915729284286499,0.7739999890327454,0.9003999829292297
YLR328W,YDR100W,0,-4.1505013,0.07914919406175613,0.7739999890327454,0.9004999995231628
YDR004W,YLL009C,0,-4.1505804,0.07914110273122787,0.7739999890327454,0.900600016117096
YBR294W,YDR252W,0,-4.1507335,0.07913301140069962,0.7739999890327454,0.9006999731063843
YDL045W-A,YEL018W,0,-4.1507416,0.07912492007017136,0.7739999890327454,0.9007999897003174
YBR247C,YLR175W,0,-4.1507854,0.0791168361902237,0.7739999890327454,0.9009000062942505
YER046W,YLR285W,0,-4.1508775,0.07910875231027603,0.7739999890327454,0.9010000228881836
YDL134C,YDR423C,0,-4.1512423,0.07910066097974777,0.7739999890327454,0.9010999798774719
YOR313C,YMR163C,0,-4.1512895,0.0790925845503807,0.7739999890327454,0.901199996471405
YNL118C,YGL071W,0,-4.1515384,0.07908450067043304,0.7739999890327454,0.9013000130653381
YPR199C,YGL209W,0,-4.1517086,0.07907641679048538,0.7739999890327454,0.9014000296592712
YAL020C,YIL035C,0,-4.1518774,0.07906834036111832,0.7739999890327454,0.9014999866485596
YJR006W,YHR031C,1,-4.151916,0.07916241139173508,0.7749999761581421,0.9014999866485596
YMR156C,YBR153W,0,-4.152323,0.07915432751178741,0.7749999761581421,0.9016000032424927
YOR080W,YGL168W,1,-4.152705,0.07924836874008179,0.7760000228881836,0.9016000032424927
YNL263C,YDR296W,0,-4.152719,0.07924026995897293,0.7760000228881836,0.9017000198364258
YNL054W,YDR403W,0,-4.1530056,0.07923218607902527,0.7760000228881836,0.9017999768257141
YHR174W,YEL050C,0,-4.1530557,0.07922409474849701,0.7760000228881836,0.9018999934196472
YLR305C,YPL122C,0,-4.1531925,0.07921600341796875,0.7760000228881836,0.9020000100135803
YKL174C,YBL047C,0,-4.1533947,0.07920791953802109,0.7760000228881836,0.9021000266075134
YFR038W,YDR524C,0,-4.1534348,0.07919983565807343,0.7760000228881836,0.9021999835968018
YPL253C,YBR251W,0,-4.1536794,0.07919175177812576,0.7760000228881836,0.9023000001907349
YOR253W,YDR400W,0,-4.1537285,0.0791836753487587,0.7760000228881836,0.902400016784668
YOR151C,YGL186C,0,-4.1538897,0.07917559146881104,0.7760000228881836,0.9024999737739563
YGL083W,YHR027C,0,-4.1539783,0.07916751503944397,0.7760000228881836,0.9025999903678894
YPL139C,YGR105W,0,-4.1539855,0.0791594386100769,0.7760000228881836,0.9027000069618225
YPL149W,YML097C,0,-4.1540766,0.07915136963129044,0.7760000228881836,0.9028000235557556
YDR520C,YLR187W,0,-4.1544056,0.07914329320192337,0.7760000228881836,0.902899980545044
YER041W,YOR110W,0,-4.154702,0.0791352242231369,0.7760000228881836,0.902999997138977
YOR049C,YER114C,0,-4.1548414,0.07912715524435043,0.7760000228881836,0.9031000137329102
YLL021W,YMR016C,0,-4.154957,0.07911908626556396,0.7760000228881836,0.9031999707221985
YPL098C,YGL009C,0,-4.1550574,0.0791110172867775,0.7760000228881836,0.9032999873161316
YBR202W,YBR060C,1,-4.1551967,0.07920489460229874,0.7770000100135803,0.9032999873161316
YKL090W,YOR236W,0,-4.1552324,0.07919681817293167,0.7770000100135803,0.9034000039100647
YGL113W,YDR052C,1,-4.155291,0.07929066568613052,0.777999997138977,0.9034000039100647
YGL113W,YDR110W,1,-4.1554976,0.07938449084758759,0.7789999842643738,0.9034000039100647
YDR369C,YDR260C,0,-4.1556535,0.07937639951705933,0.7789999842643738,0.9035000205039978
YOR014W,YDR457W,0,-4.1561155,0.07936831563711166,0.7789999842643738,0.9035999774932861
YDL021W,YNL274C,0,-4.1568995,0.079360231757164,0.7789999842643738,0.9036999940872192
YBL035C,YJL072C,1,-4.1571655,0.07945400476455688,0.7799999713897705,0.9036999940872192
YBR166C,YGL244W,0,-4.1575346,0.07944591343402863,0.7799999713897705,0.9038000106811523
YDR390C,YER159C,0,-4.1576376,0.07943782210350037,0.7799999713897705,0.9039000272750854
YLR309C,YAL024C,0,-4.1576614,0.0794297382235527,0.7799999713897705,0.9039999842643738
YLR459W,YLR032W,0,-4.15783,0.07942164689302444,0.7799999713897705,0.9041000008583069
YBR195C,YIL014W,0,-4.1579356,0.07941356301307678,0.7799999713897705,0.90420001745224
YNL261W,YDR419W,1,-4.158034,0.07950727641582489,0.781000018119812,0.90420001745224
YOL144W,YHR052W,0,-4.158307,0.07949918508529663,0.781000018119812,0.9042999744415283
YER129W,YBR202W,1,-4.1583276,0.07959287613630295,0.7820000052452087,0.9042999744415283
YNL039W,YDR472W,0,-4.158389,0.07958477735519409,0.7820000052452087,0.9043999910354614
YER126C,YDR088C,0,-4.1585217,0.07957667857408524,0.7820000052452087,0.9045000076293945
YDR052C,YGL251C,1,-4.158581,0.07967033237218857,0.7829999923706055,0.9045000076293945
YLL004W,YNL290W,1,-4.1587057,0.07976396381855011,0.7839999794960022,0.9045000076293945
YCR014C,YDR140W,0,-4.1587925,0.07975585013628006,0.7839999794960022,0.9046000242233276
YLR394W,YGL212W,0,-4.158816,0.07974773645401001,0.7839999794960022,0.904699981212616
YGL094C,YLR185W,0,-4.1588645,0.07973962277173996,0.7839999794960022,0.9047999978065491
YJR068W,YKL108W,1,-4.1592827,0.07983321696519852,0.7850000262260437,0.9047999978065491
YLR032W,YPL210C,0,-4.159314,0.07982509583234787,0.7850000262260437,0.9049000144004822
YAR031W,YGR199W,0,-4.159363,0.07981698215007782,0.7850000262260437,0.9049999713897705
YJL012C,YDL235C,0,-4.1593995,0.07980886846780777,0.7850000262260437,0.9050999879837036
YNL068C,YOR069W,0,-4.159484,0.07980075478553772,0.7850000262260437,0.9052000045776367
YGR263C,YKR019C,0,-4.159544,0.07979264110326767,0.7850000262260437,0.9053000211715698
YDR482C,YKR037C,0,-4.159669,0.07978452742099762,0.7850000262260437,0.9053999781608582
YBL035C,YLR103C,1,-4.159687,0.07987804710865021,0.7860000133514404,0.9053999781608582
YBL023C,YNL218W,1,-4.1599617,0.079971544444561,0.7870000004768372,0.9053999781608582
YDR515W,YDR005C,0,-4.1600523,0.07996342331171036,0.7870000004768372,0.9054999947547913
YBR060C,YDR279W,1,-4.1602664,0.08005689084529877,0.7879999876022339,0.9054999947547913
YOR074C,YDL056W,1,-4.1604114,0.08015034347772598,0.7889999747276306,0.9054999947547913
YER129W,YBL023C,1,-4.1604548,0.080243781208992,0.7900000214576721,0.9054999947547913
YOR048C,YHR206W,0,-4.1606355,0.08023563027381897,0.7900000214576721,0.9056000113487244
YDL017W,YNL290W,1,-4.1607757,0.080329030752182,0.7910000085830688,0.9056000113487244
YKR062W,YNL079C,0,-4.1609035,0.08032087981700897,0.7910000085830688,0.9057000279426575
YMR070W,YLR176C,0,-4.1611433,0.08031272143125534,0.7910000085830688,0.9057999849319458
YIL084C,YBL055C,0,-4.1611958,0.0803045704960823,0.7910000085830688,0.9059000015258789
YKL062W,YNL076W,0,-4.16127,0.08029641956090927,0.7910000085830688,0.906000018119812
YGR106C,YDR100W,0,-4.1615524,0.08028826862573624,0.7910000085830688,0.9060999751091003
YIL098C,YFR025C,0,-4.1623993,0.0802801176905632,0.7910000085830688,0.9061999917030334
YJR013W,YML107C,0,-4.162565,0.08027197420597076,0.7910000085830688,0.9063000082969666
YLL031C,YNL180C,0,-4.1626406,0.08026382327079773,0.7910000085830688,0.9064000248908997
YBR125C,YIL038C,0,-4.162671,0.08025567978620529,0.7910000085830688,0.906499981880188
YBR281C,YNR030W,0,-4.162757,0.08024753630161285,0.7910000085830688,0.9065999984741211
YIL014W,YDL097C,0,-4.162785,0.08023940026760101,0.7910000085830688,0.9067000150680542
YBR129C,YDR381W,0,-4.162842,0.08023126423358917,0.7910000085830688,0.9067999720573425
YAL024C,YHR011W,0,-4.1629405,0.08022312074899673,0.7910000085830688,0.9068999886512756
YDR244W,YMR089C,0,-4.16331,0.0802149847149849,0.7910000085830688,0.9070000052452087
YPL140C,YGR238C,0,-4.1634126,0.08020685613155365,0.7910000085830688,0.9071000218391418
YJR066W,YPL038W,0,-4.1636734,0.08019872009754181,0.7910000085830688,0.9071999788284302
YNR033W,YGL219C,0,-4.1638217,0.08019059151411057,0.7910000085830688,0.9072999954223633
YNL102W,YBR278W,1,-4.1638427,0.08028382807970047,0.7919999957084656,0.9072999954223633
YDL084W,YGR084C,0,-4.1640577,0.08027569204568863,0.7919999957084656,0.9074000120162964
YOR275C,YDR039C,0,-4.164063,0.08026755601167679,0.7919999957084656,0.9075000286102295
YJR004C,YGL241W,0,-4.1640816,0.08025942742824554,0.7919999957084656,0.9075999855995178
YGR262C,YDR310C,0,-4.164109,0.0802512913942337,0.7919999957084656,0.9077000021934509
YMR125W,YFR052W,0,-4.1641674,0.08024316281080246,0.7919999957084656,0.907800018787384
YDR436W,YML091C,0,-4.1644363,0.08023503422737122,0.7919999957084656,0.9078999757766724
YDL056W,YBR202W,1,-4.164797,0.08032820373773575,0.7929999828338623,0.9078999757766724
YNL261W,YBR087W,1,-4.164818,0.08042135089635849,0.7940000295639038,0.9078999757766724
YDR447C,YGR254W,0,-4.1649437,0.08041320741176605,0.7940000295639038,0.9079999923706055
YMR316W,YDR150W,0,-4.1651936,0.08040506392717361,0.7940000295639038,0.9081000089645386
YNR016C,YNL131W,0,-4.165738,0.08039692044258118,0.7940000295639038,0.9082000255584717
YML127W,YNL094W,0,-4.1658783,0.08038878440856934,0.7940000295639038,0.90829998254776
YHR118C,YPL153C,1,-4.165879,0.0804818794131279,0.7950000166893005,0.90829998254776
YPL050C,YGR084C,0,-4.1665373,0.08047372847795486,0.7950000166893005,0.9083999991416931
YJR068W,YBR202W,1,-4.1665854,0.08056680113077164,0.7960000038146973,0.9083999991416931
YMR234W,YJL072C,1,-4.16663,0.08065985143184662,0.796999990940094,0.9083999991416931
YGL163C,YKR089C,0,-4.166644,0.08065169304609299,0.796999990940094,0.9085000157356262
YDR217C,YDR440W,0,-4.166839,0.08064352720975876,0.796999990940094,0.9085999727249146
YNR074C,YBR260C,0,-4.1672497,0.08063536882400513,0.796999990940094,0.9086999893188477
YBL035C,YJL173C,1,-4.1675386,0.08072837442159653,0.7979999780654907,0.9086999893188477
YHR132C,YER112W,0,-4.167636,0.0807202085852623,0.7979999780654907,0.9088000059127808
YJR057W,YHR031C,1,-4.1677065,0.08081319183111191,0.7990000247955322,0.9088000059127808
YPL011C,YNL161W,0,-4.1677756,0.08080501854419708,0.7990000247955322,0.9089000225067139
YPL214C,YNL239W,0,-4.167803,0.08079684525728226,0.7990000247955322,0.9089999794960022
YIL118W,YDR168W,0,-4.1684294,0.08078867197036743,0.7990000247955322,0.9090999960899353
YJL090C,YDL056W,1,-4.1685114,0.08088161051273346,0.800000011920929,0.9090999960899353
YGR193C,YGR113W,0,-4.1685305,0.08087342977523804,0.800000011920929,0.9092000126838684
YMR156C,YER089C,0,-4.1685553,0.08086525648832321,0.800000011920929,0.9093000292778015
YDR487C,YCR009C,0,-4.1686096,0.08085708320140839,0.800000011920929,0.9093999862670898
YIL021W,YJL198W,0,-4.1686296,0.08084890991449356,0.800000011920929,0.909500002861023
YFR010W,YPL154C,0,-4.1686516,0.08084074407815933,0.800000011920929,0.909600019454956
YER164W,YDR420W,0,-4.1689477,0.0808325782418251,0.800000011920929,0.9096999764442444
YMR063W,YDL045C,0,-4.16914,0.08082441240549088,0.800000011920929,0.9097999930381775
YMR298W,YDR497C,0,-4.1692486,0.08081624656915665,0.800000011920929,0.9099000096321106
YDR260C,YDR145W,0,-4.169284,0.08080808073282242,0.800000011920929,0.9100000262260437
YLR103C,YNL290W,1,-4.1696186,0.08090092241764069,0.8009999990463257,0.9100000262260437
YBR192W,YIL020C,0,-4.1696277,0.08089274913072586,0.8009999990463257,0.910099983215332
YLL004W,YDL102W,1,-4.169695,0.08098556101322174,0.8019999861717224,0.910099983215332
YJL081C,YIL020C,0,-4.1698127,0.08097738027572632,0.8019999861717224,0.9101999998092651
YKL108W,YHR031C,1,-4.1701527,0.08107016980648041,0.8029999732971191,0.9101999998092651
YNL218W,YPR120C,1,-4.1704593,0.08116292953491211,0.8040000200271606,0.9101999998092651
YLR447C,YJL196C,0,-4.170554,0.08115474134683609,0.8040000200271606,0.9103000164031982
YDR383C,YGL045W,0,-4.1708164,0.08114654570817947,0.8040000200271606,0.9103999733924866
YFR040W,YPL151C,0,-4.1710243,0.08113835752010345,0.8040000200271606,0.9104999899864197
YGR224W,YDR530C,0,-4.1711745,0.08113016933202744,0.8040000200271606,0.9106000065803528
YFR049W,YBR231C,0,-4.1712294,0.08112198859453201,0.8040000200271606,0.9107000231742859
YGL025C,YDR524C,0,-4.1712885,0.081113800406456,0.8040000200271606,0.9107999801635742
YPR135W,YPR019W,1,-4.1713314,0.08120649307966232,0.8050000071525574,0.9107999801635742
YGL067W,YOR174W,0,-4.1713343,0.0811983048915863,0.8050000071525574,0.9108999967575073
YIL120W,YDL076C,0,-4.1715364,0.08119011670351028,0.8050000071525574,0.9110000133514404
YOR061W,YOL010W,0,-4.171848,0.08118192851543427,0.8050000071525574,0.9110999703407288
YOR080W,YJR057W,1,-4.171855,0.08127457648515701,0.8059999942779541,0.9110999703407288
YDL154W,YMR179W,0,-4.1719546,0.0812663808465004,0.8059999942779541,0.9111999869346619
YLR019W,YKR048C,0,-4.172068,0.08125819265842438,0.8059999942779541,0.911300003528595
YLR115W,YMR179W,0,-4.172369,0.08124999701976776,0.8059999942779541,0.9114000201225281
YNL102W,YDL056W,1,-4.172468,0.08134260773658752,0.8069999814033508,0.9114000201225281
YER093C,YOR054C,0,-4.172477,0.08133441209793091,0.8069999814033508,0.9114999771118164
YOR207C,YCR081W,0,-4.1732607,0.0813262090086937,0.8069999814033508,0.9115999937057495
YBL092W,YBR022W,0,-4.1733,0.08131801337003708,0.8069999814033508,0.9117000102996826
YNL292W,YKL114C,0,-4.173309,0.08130982518196106,0.8069999814033508,0.9118000268936157
YPR067W,YDR440W,0,-4.17341,0.08130162954330444,0.8069999814033508,0.911899983882904
YNL262W,YNL102W,1,-4.1738305,0.08139418065547943,0.8080000281333923,0.911899983882904
YPL106C,YBR059C,0,-4.174187,0.08138597756624222,0.8080000281333923,0.9120000004768372
YKR030W,YBR020W,0,-4.1741924,0.0813777819275856,0.8080000281333923,0.9121000170707703
YJL103C,YLR127C,0,-4.1744733,0.08136958628892899,0.8080000281333923,0.9121999740600586
YPL179W,YDR036C,0,-4.174799,0.08136139065027237,0.8080000281333923,0.9122999906539917
YER046W,YGR276C,0,-4.1748314,0.08135320246219635,0.8080000281333923,0.9124000072479248
YCL018W,YGR204W,0,-4.175255,0.08134501427412033,0.8080000281333923,0.9125000238418579
YOR299W,YEL053C,0,-4.175424,0.08133682608604431,0.8080000281333923,0.9125999808311462
YGR185C,YKL032C,0,-4.1758976,0.08132863789796829,0.8080000281333923,0.9126999974250793
YMR025W,YNL147W,0,-4.1760135,0.08132044970989227,0.8080000281333923,0.9128000140190125
YJL019W,YGL226C-A,0,-4.176288,0.08131226897239685,0.8080000281333923,0.9128999710083008
YER180C,YBL085W,0,-4.1766176,0.08130408823490143,0.8080000281333923,0.9129999876022339
YDR334W,YLR451W,0,-4.1766567,0.081295907497406,0.8080000281333923,0.913100004196167
YDL056W,YNL290W,1,-4.1766734,0.08138833194971085,0.8090000152587891,0.913100004196167
YNL133C,YDR392W,0,-4.176866,0.08138014376163483,0.8090000152587891,0.9132000207901001
YGR032W,YJL103C,0,-4.177021,0.08137195557355881,0.8090000152587891,0.9132999777793884
YIL021W,YGL144C,0,-4.177034,0.08136377483606339,0.8090000152587891,0.9133999943733215
YPR188C,YGL115W,0,-4.177082,0.08135559409856796,0.8090000152587891,0.9135000109672546
YMR298W,YGR047C,0,-4.177371,0.08134741336107254,0.8090000152587891,0.9136000275611877
YOR060C,YDR377W,0,-4.1774025,0.08133923262357712,0.8090000152587891,0.9136999845504761
YMR168C,YJR082C,0,-4.1777334,0.0813310518860817,0.8090000152587891,0.9138000011444092
YLL004W,YDR279W,1,-4.17791,0.08142340183258057,0.8100000023841858,0.9138000011444092
YDL105W,YJR131W,0,-4.177973,0.08141522109508514,0.8100000023841858,0.9139000177383423
YJL173C,YJL026W,1,-4.1780167,0.08150754123926163,0.8109999895095825,0.9139000177383423
YIL112W,YNL101W,0,-4.1780677,0.08149934560060501,0.8109999895095825,0.9139999747276306
YLR417W,YHR109W,0,-4.178613,0.08149115741252899,0.8109999895095825,0.9140999913215637
YDL076C,YFL056C,0,-4.178878,0.08148296922445297,0.8109999895095825,0.9142000079154968
YOR061W,YGR239C,0,-4.1789703,0.08147478103637695,0.8109999895095825,0.9143000245094299
YDR168W,YNL055C,0,-4.1790667,0.08146660029888153,0.8109999895095825,0.9143999814987183
YOR270C,YDR127W,0,-4.1791987,0.08145841956138611,0.8109999895095825,0.9144999980926514
YJR046W,YDR121W,1,-4.1793823,0.08155066519975662,0.8119999766349792,0.9144999980926514
YPR017C,YDL065C,0,-4.179488,0.0815424770116806,0.8119999766349792,0.9146000146865845
YGL113W,YHR118C,1,-4.1795974,0.08163470029830933,0.8130000233650208,0.9146000146865845
YPR167C,YPL011C,0,-4.179645,0.08162650465965271,0.8130000233650208,0.9146999716758728
YPL180W,YCL061C,0,-4.1796937,0.0816183090209961,0.8130000233650208,0.9147999882698059
YLL031C,YJL073W,0,-4.1797047,0.08161012083292007,0.8130000233650208,0.914900004863739
YPR180W,YDR033W,0,-4.1798253,0.08160192519426346,0.8130000233650208,0.9150000214576721
YJR057W,YKL017C,1,-4.179906,0.081694096326828,0.8140000104904175,0.9150000214576721
YML127W,YPR122W,0,-4.179953,0.08168590068817139,0.8140000104904175,0.9150999784469604
YDR054C,YLR028C,0,-4.1800604,0.08167770504951477,0.8140000104904175,0.9151999950408936
YOR330C,YPL153C,1,-4.18045,0.08176983892917633,0.8149999976158142,0.9151999950408936
YGL216W,YLR127C,0,-4.180561,0.08176163583993912,0.8149999976158142,0.9153000116348267
YPR155C,YLR078C,0,-4.18063,0.0817534327507019,0.8149999976158142,0.9154000282287598
YLL004W,YDL017W,1,-4.180765,0.08184553682804108,0.8159999847412109,0.9154000282287598
YJL192C,YDL076C,0,-4.180815,0.08183732628822327,0.8159999847412109,0.9154999852180481
YBR129C,YDL046W,0,-4.180832,0.08182912319898605,0.8159999847412109,0.9156000018119812
YPL137C,YKR028W,0,-4.180842,0.08182092010974884,0.8159999847412109,0.9157000184059143
YKL017C,YJL194W,1,-4.1810474,0.08191297203302383,0.8169999718666077,0.9157000184059143
YDR301W,YDR464W,0,-4.1813946,0.08190476149320602,0.8169999718666077,0.9157999753952026
YNL261W,YPR135W,1,-4.181642,0.08199679106473923,0.8180000185966492,0.9157999753952026
YLR266C,YBL103C,0,-4.181686,0.08198857307434082,0.8180000185966492,0.9158999919891357
YKL015W,YGL167C,0,-4.1823273,0.08198035508394241,0.8180000185966492,0.9160000085830688
YMR150C,YPL273W,0,-4.18254,0.0819721445441246,0.8180000185966492,0.916100025177002
YNR033W,YPL098C,0,-4.1825647,0.0819639265537262,0.8180000185966492,0.9161999821662903
YDR013W,YLR103C,1,-4.1826487,0.08205590397119522,0.8190000057220459,0.9161999821662903
YJR143C,YHR181W,0,-4.1827164,0.08204768598079681,0.8190000057220459,0.9162999987602234
YDR298C,YMR225C,0,-4.1827927,0.08203946799039841,0.8190000057220459,0.9164000153541565
YBR257W,YKR006C,0,-4.1829967,0.08203125,0.8190000057220459,0.9164999723434448
YNL292W,YML061C,0,-4.183015,0.08202303200960159,0.8190000057220459,0.9165999889373779
YBR294W,YDR108W,0,-4.1834326,0.08201482146978378,0.8190000057220459,0.916700005531311
YML005W,YNL273W,0,-4.183489,0.08200661092996597,0.8190000057220459,0.9168000221252441
YBR048W,YGL106W,0,-4.1836395,0.08199840039014816,0.8190000057220459,0.9168999791145325
YPL173W,YGR158C,0,-4.183684,0.08199018985033035,0.8190000057220459,0.9169999957084656
YKR101W,YIR015W,0,-4.1839504,0.08198197931051254,0.8190000057220459,0.9171000123023987
YDR028C,YIL048W,0,-4.1847324,0.08197377622127533,0.8190000057220459,0.9172000288963318
YHR118C,YBR060C,1,-4.184886,0.082065649330616,0.8199999928474426,0.9172000288963318
YFR038W,YOL038W,0,-4.185066,0.08205743879079819,0.8199999928474426,0.9172999858856201
YER050C,YGR040W,0,-4.185069,0.08204922825098038,0.8199999928474426,0.9174000024795532
YPL010W,YIL043C,0,-4.185173,0.08204101771116257,0.8199999928474426,0.9175000190734863
YDR004W,YKR035W-A,0,-4.185681,0.08203281462192535,0.8199999928474426,0.9175999760627747
YPL099C,YLL043W,0,-4.1857176,0.08202460408210754,0.8199999928474426,0.9176999926567078
YHR010W,YGL253W,0,-4.1857805,0.08201640099287033,0.8199999928474426,0.9178000092506409
YIL022W,YBR196C,0,-4.1858373,0.08200819790363312,0.8199999928474426,0.917900025844574
YJL090C,YNL218W,1,-4.1858377,0.08209999650716782,0.8209999799728394,0.917900025844574
YGL062W,YCL017C,0,-4.1858478,0.0820917934179306,0.8209999799728394,0.9179999828338623
YGR143W,YDR235W,0,-4.185958,0.08208358287811279,0.8209999799728394,0.9180999994277954
YDL115C,YER114C,0,-4.1861773,0.08207537978887558,0.8209999799728394,0.9182000160217285
YDR403W,YCR063W,0,-4.1863713,0.08206717669963837,0.8209999799728394,0.9182999730110168
YDL007W,YOL031C,0,-4.186469,0.08205897361040115,0.8209999799728394,0.91839998960495
YNL188W,YOL103W,0,-4.1869183,0.08205077052116394,0.8209999799728394,0.9185000061988831
YLR103C,YPR120C,1,-4.18709,0.08214250206947327,0.8220000267028809,0.9185000061988831
YIL112W,YCL014W,0,-4.187637,0.08213429152965546,0.8220000267028809,0.9186000227928162
YGL148W,YDL081C,0,-4.187923,0.08212608844041824,0.8220000267028809,0.9186999797821045
YPL153C,YPR162C,1,-4.1882358,0.08221778273582458,0.8230000138282776,0.9186999797821045
YAL022C,YDR420W,0,-4.1883755,0.08220957219600677,0.8230000138282776,0.9187999963760376
YMR075W,YNL059C,0,-4.1884546,0.08220136165618896,0.8230000138282776,0.9189000129699707
YLR305C,YGR223C,0,-4.1886034,0.08219315111637115,0.8230000138282776,0.9190000295639038
YBR146W,YLL038C,0,-4.1886325,0.08218494057655334,0.8230000138282776,0.9190999865531921
YMR065W,YNR070W,0,-4.188721,0.08217673748731613,0.8230000138282776,0.9192000031471252
YML129C,YER133W,0,-4.1888566,0.08216852694749832,0.8230000138282776,0.9193000197410583
YMR071C,YMR211W,0,-4.1894436,0.08216032385826111,0.8230000138282776,0.9193999767303467
YMR156C,YJL187C,0,-4.189495,0.08215212821960449,0.8230000138282776,0.9194999933242798
YLR172C,YPL218W,0,-4.189536,0.08214392513036728,0.8230000138282776,0.9196000099182129
YMR139W,YNL243W,0,-4.1895986,0.08213572949171066,0.8230000138282776,0.919700026512146
YJL072C,YDR052C,1,-4.190049,0.08222731947898865,0.8240000009536743,0.919700026512146
YMR234W,YER129W,1,-4.190067,0.08231890201568604,0.824999988079071,0.919700026512146
YBR182C,YGL098W,0,-4.1901283,0.08231068402528763,0.824999988079071,0.9197999835014343
YCR044C,YPR110C,0,-4.190521,0.08230247348546982,0.824999988079071,0.9199000000953674
YHR081W,YJR083C,0,-4.1906962,0.08229426294565201,0.824999988079071,0.9200000166893005
YPR192W,YMR109W,0,-4.190731,0.0822860598564148,0.824999988079071,0.9200999736785889
YDR092W,YLR239C,0,-4.1909084,0.08227784931659698,0.824999988079071,0.920199990272522
YHR148W,YJL112W,0,-4.191081,0.08226964622735977,0.824999988079071,0.9203000068664551
YMR171C,YDR145W,0,-4.1911244,0.08226144313812256,0.824999988079071,0.9204000234603882
YOL122C,YDL008W,0,-4.1913123,0.08225324004888535,0.824999988079071,0.9204999804496765
YFR037C,YMR089C,0,-4.1913404,0.08224503695964813,0.824999988079071,0.9205999970436096
YJR068W,YHR118C,1,-4.191384,0.08233652263879776,0.8259999752044678,0.9205999970436096
YOR226C,YKR014C,0,-4.19176,0.08232831954956055,0.8259999752044678,0.9207000136375427
YOR330C,YDR052C,1,-4.191784,0.08241977542638779,0.8270000219345093,0.9207000136375427
YMR316W,YAL062W,0,-4.191834,0.08241155743598938,0.8270000219345093,0.920799970626831
YLL021W,YJR131W,0,-4.1918974,0.08240334689617157,0.8270000219345093,0.9208999872207642
YNL261W,YLL004W,1,-4.191941,0.08249477297067642,0.828000009059906,0.9208999872207642
YDL075W,YDR189W,0,-4.192173,0.08248654752969742,0.828000009059906,0.9210000038146973
YFR025C,YER061C,0,-4.192228,0.08247833698987961,0.828000009059906,0.9211000204086304
YKL175W,YEL002C,0,-4.1922617,0.0824701189994812,0.828000009059906,0.9211999773979187
YDR510W,YPR070W,0,-4.192362,0.08246190845966339,0.828000009059906,0.9212999939918518
YLR246W,YOL102C,0,-4.1925716,0.08245369791984558,0.828000009059906,0.9214000105857849
YKL040C,YNL199C,0,-4.192604,0.08244548738002777,0.828000009059906,0.921500027179718
YPR135W,YBL035C,1,-4.1928744,0.08253683894872665,0.8289999961853027,0.921500027179718
YJL219W,YGL203C,0,-4.193015,0.08252862095832825,0.8289999961853027,0.9215999841690063
YOR080W,YDL017W,1,-4.1937337,0.08261995017528534,0.8299999833106995,0.9215999841690063
YBR278W,YPL153C,1,-4.193844,0.08271125704050064,0.8309999704360962,0.9215999841690063
YJR155W,YDL087C,0,-4.1940775,0.08270302414894104,0.8309999704360962,0.9217000007629395
YIL134W,YJL140W,0,-4.194113,0.08269479870796204,0.8309999704360962,0.9218000173568726
YLR350W,YER083C,0,-4.194293,0.08268656581640244,0.8309999704360962,0.9218999743461609
YLR357W,YDR463W,0,-4.1945686,0.08267834037542343,0.8309999704360962,0.921999990940094
YMR098C,YDR231C,0,-4.194585,0.08267011493444443,0.8309999704360962,0.9221000075340271
YDR121W,YPR120C,1,-4.194993,0.08276136219501495,0.8320000171661377,0.9221000075340271
YOL026C,YNL232W,0,-4.1950855,0.08275313675403595,0.8320000171661377,0.9222000241279602
YOR011W,YKL197C,0,-4.195092,0.08274490386247635,0.8320000171661377,0.9222999811172485
YDR395W,YLR024C,0,-4.195161,0.08273667097091675,0.8320000171661377,0.9223999977111816
YBL091C-A,YEL002C,0,-4.195315,0.08272844552993774,0.8320000171661377,0.9225000143051147
YKL040C,YDR011W,0,-4.195359,0.08272022008895874,0.8320000171661377,0.9225999712944031
YJR040W,YPL048W,0,-4.195712,0.08271200209856033,0.8320000171661377,0.9226999878883362
YJR133W,YLR007W,0,-4.195717,0.08270377665758133,0.8320000171661377,0.9228000044822693
YLR190W,YJR092W,0,-4.19575,0.08269555866718292,0.8320000171661377,0.9229000210762024
YKL001C,YNL149C,0,-4.1957955,0.08268734067678452,0.8320000171661377,0.9229999780654907
YJR057W,YBR060C,1,-4.1959443,0.08277849853038788,0.8330000042915344,0.9229999780654907
YDR303C,YHR059W,0,-4.196284,0.08277027308940887,0.8330000042915344,0.9230999946594238
YMR043W,YKL017C,1,-4.196292,0.08286140114068985,0.8339999914169312,0.9230999946594238
YOR319W,YEL002C,0,-4.1966014,0.08285316824913025,0.8339999914169312,0.9232000112533569
YHR164C,YJL194W,1,-4.1972284,0.08294427394866943,0.8349999785423279,0.9232000112533569
YKL196C,YBL079W,0,-4.197241,0.08293603360652924,0.8349999785423279,0.92330002784729
YGL070C,YCR052W,0,-4.197359,0.08292780071496964,0.8349999785423279,0.9233999848365784
YDR334W,YBR207W,0,-4.197412,0.08291956037282944,0.8349999785423279,0.9235000014305115
YNR006W,YJL155C,0,-4.1975417,0.08291132748126984,0.8349999785423279,0.9236000180244446
YMR091C,YLR118C,0,-4.1976933,0.08290309458971024,0.8349999785423279,0.9236999750137329
YDR378C,YDR529C,0,-4.19785,0.08289486914873123,0.8349999785423279,0.923799991607666
YER176W,YDR386W,0,-4.1979547,0.08288663625717163,0.8349999785423279,0.9239000082015991
YOL117W,YOL149W,0,-4.198062,0.08287841081619263,0.8349999785423279,0.9240000247955322
YDR013W,YBR202W,1,-4.1983547,0.08296943455934525,0.8360000252723694,0.9240000247955322
YNL218W,YPL153C,1,-4.198908,0.08306043595075607,0.8370000123977661,0.9240000247955322
YGL004C,YBR275C,0,-4.199083,0.08305219560861588,0.8370000123977661,0.9240999817848206
YLR452C,YOR239W,0,-4.1996975,0.08304395526647568,0.8370000123977661,0.9241999983787537
YGL051W,YPL195W,0,-4.199752,0.08303571492433548,0.8370000123977661,0.9243000149726868
YNL164C,YDR087C,0,-4.200025,0.08302747458219528,0.8370000123977661,0.9243999719619751
YGL168W,YDL164C,1,-4.2000833,0.08311843127012253,0.8379999995231628,0.9243999719619751
YJL072C,YJL173C,1,-4.2001414,0.08320936560630798,0.8389999866485596,0.9243999719619751
YGL180W,YOR057W,0,-4.2003255,0.08320111036300659,0.8389999866485596,0.9244999885559082
YDR419W,YCR086W,1,-4.200663,0.08329201489686966,0.8399999737739563,0.9244999885559082
YJL165C,YGR216C,0,-4.2007427,0.08328375965356827,0.8399999737739563,0.9246000051498413
YDR473C,YOR388C,0,-4.20102,0.08327550441026688,0.8399999737739563,0.9247000217437744
YNL102W,YJL173C,1,-4.2010665,0.08336637914180756,0.8410000205039978,0.9247000217437744
YHL047C,YDR473C,0,-4.2011194,0.08335811644792557,0.8410000205039978,0.9247999787330627
YKL108W,YPR120C,1,-4.201318,0.08344896137714386,0.8420000076293945,0.9247999787330627
YEL031W,YGL213C,0,-4.201428,0.08344069123268127,0.8420000076293945,0.9248999953269958
YNL263C,YNL180C,0,-4.201818,0.08343242108821869,0.8420000076293945,0.925000011920929
YPL112C,YFR037C,0,-4.2020836,0.0834241583943367,0.8420000076293945,0.9251000285148621
YNL261W,YHR118C,1,-4.2022867,0.08351495862007141,0.8429999947547913,0.9251000285148621
YPL075W,YJR083C,0,-4.202481,0.08350668847560883,0.8429999947547913,0.9251999855041504
YLL004W,YDL056W,1,-4.2025046,0.08359746634960175,0.843999981880188,0.9251999855041504
YJR006W,YKL017C,1,-4.2025676,0.08368822187185287,0.8450000286102295,0.9251999855041504
YLR309C,YER061C,0,-4.2032447,0.0836799368262291,0.8450000286102295,0.9253000020980835
YIL118W,YPL042C,0,-4.20326,0.08367165178060532,0.8450000286102295,0.9254000186920166
YOL111C,YBR261C,0,-4.2033634,0.08366336673498154,0.8450000286102295,0.9254999756813049
YPR019W,YNL290W,1,-4.203723,0.08375408500432968,0.8460000157356262,0.9254999756813049
YDR169C,YPL254W,0,-4.203762,0.0837457925081253,0.8460000157356262,0.925599992275238
YNR011C,YMR240C,0,-4.2040033,0.08373750001192093,0.8460000157356262,0.9257000088691711
YJL062W,YGR047C,0,-4.204259,0.08372921496629715,0.8460000157356262,0.9258000254631042
YJR126C,YDR527W,0,-4.2043476,0.08372092992067337,0.8460000157356262,0.9258999824523926
YCR077C,YHR193C,0,-4.204364,0.08371264487504959,0.8460000157356262,0.9259999990463257
YGL113W,YPL153C,1,-4.204419,0.08380330353975296,0.847000002861023,0.9259999990463257
YOL003C,YOL133W,0,-4.204587,0.08379501104354858,0.847000002861023,0.9261000156402588
YHR168W,YLR360W,0,-4.204605,0.0837867259979248,0.847000002861023,0.9261999726295471
YBR279W,YNL084C,0,-4.20462,0.08377843350172043,0.847000002861023,0.9262999892234802
YPL087W,YLL001W,0,-4.204636,0.08377014845609665,0.847000002861023,0.9264000058174133
YBL035C,YGL168W,1,-4.204822,0.08386076241731644,0.8479999899864197,0.9264000058174133
YBR278W,YKL017C,1,-4.2049446,0.08395134657621384,0.8489999771118164,0.9264000058174133
YOL005C,YKL016C,0,-4.2049465,0.08394304662942886,0.8489999771118164,0.9265000224113464
YMR150C,YER068W,0,-4.2055607,0.08393474668264389,0.8489999771118164,0.9265999794006348
YJL072C,YBL023C,1,-4.2055826,0.0840253084897995,0.8500000238418579,0.9265999794006348
YBR048W,YLR078C,0,-4.205589,0.08401700109243393,0.8500000238418579,0.9266999959945679
YBR022W,YBR175W,0,-4.2056937,0.08400869369506836,0.8500000238418579,0.926800012588501
YOR180C,YDR137W,0,-4.2058487,0.08400039374828339,0.8500000238418579,0.9269000291824341
YNL325C,YER159C,0,-4.2060194,0.08399209380149841,0.8500000238418579,0.9269999861717224
YGL236C,YOR266W,0,-4.20605,0.08398379385471344,0.8500000238418579,0.9271000027656555
YGL195W,YOR191W,0,-4.2062593,0.08397550135850906,0.8500000238418579,0.9272000193595886
YNR020C,YNL029C,0,-4.2063313,0.08396720141172409,0.8500000238418579,0.927299976348877
YMR077C,YFL048C,0,-4.2064686,0.08395890891551971,0.8500000238418579,0.9273999929428101
YGL237C,YDR039C,0,-4.2066813,0.08395061641931534,0.8500000238418579,0.9275000095367432
YLR451W,YIL143C,0,-4.206876,0.08394232392311096,0.8500000238418579,0.9276000261306763
YHR031C,YPR120C,1,-4.206919,0.08403278142213821,0.8510000109672546,0.9276000261306763
YMR234W,YHR118C,1,-4.2069893,0.08412322402000427,0.8519999980926514,0.9276000261306763
YMR075W,YJL083W,0,-4.206999,0.0841149166226387,0.8519999980926514,0.9276999831199646
YIL156W,YGL026C,0,-4.207139,0.08410661667585373,0.8519999980926514,0.9277999997138977
YLR309C,YDL185W,0,-4.2073646,0.08409830927848816,0.8519999980926514,0.9279000163078308
YJL054W,YOR327C,0,-4.207845,0.08409000933170319,0.8519999980926514,0.9279999732971191
YNL188W,YOL066C,0,-4.2078695,0.08408171683549881,0.8519999980926514,0.9280999898910522
YML125C,YER177W,0,-4.2082515,0.08407341688871384,0.8519999980926514,0.9282000064849854
YIL008W,YPL059W,0,-4.2084866,0.08406512439250946,0.8519999980926514,0.9283000230789185
YLR361C,YPL078C,0,-4.2087297,0.08405682444572449,0.8519999980926514,0.9283999800682068
YDR490C,YJL024C,0,-4.208802,0.08404853194952011,0.8519999980926514,0.9284999966621399
YLL004W,YPR120C,1,-4.208982,0.084138885140419,0.8529999852180481,0.9284999966621399
YKL145W,YGR047C,0,-4.209244,0.08413058519363403,0.8529999852180481,0.928600013256073
YHR056C,YDL106C,0,-4.209352,0.08412228524684906,0.8529999852180481,0.9286999702453613
YNL117W,YDR313C,0,-4.2095156,0.08411399275064468,0.8529999852180481,0.9287999868392944
YGL142C,YEL062W,0,-4.2096367,0.08410570025444031,0.8529999852180481,0.9289000034332275
YOR359W,YOR326W,0,-4.209704,0.08409740775823593,0.8529999852180481,0.9290000200271606
YHR002W,YFL038C,0,-4.20973,0.08408911526203156,0.8529999852180481,0.929099977016449
YPL013C,YNL001W,0,-4.209798,0.08408083021640778,0.8529999852180481,0.9291999936103821
YGL174W,YPR024W,0,-4.209835,0.0840725377202034,0.8529999852180481,0.9293000102043152
YMR123W,YDL051W,0,-4.2099504,0.08406425267457962,0.8529999852180481,0.9294000267982483
YJL094C,YJR050W,0,-4.210046,0.08405597507953644,0.8529999852180481,0.9294999837875366
YAL024C,YOL138C,0,-4.210191,0.08404769003391266,0.8529999852180481,0.9296000003814697
YOR217W,YNL290W,1,-4.2102027,0.0841379314661026,0.8539999723434448,0.9296000003814697
YML012W,YBL020W,0,-4.2105837,0.08412963896989822,0.8539999723434448,0.9297000169754028
YPL099C,YPR021C,0,-4.210889,0.08412135392427444,0.8539999723434448,0.9297999739646912
YLL002W,YBL085W,0,-4.210907,0.08411306887865067,0.8539999723434448,0.9298999905586243
YJR006W,YNL290W,1,-4.211422,0.08420327305793762,0.8550000190734863,0.9298999905586243
YFR027W,YKL108W,1,-4.2116475,0.08429345488548279,0.8560000061988831,0.9298999905586243
YDR532C,YMR275C,0,-4.211672,0.08428515493869781,0.8560000061988831,0.9300000071525574
YDL024C,YIR015W,0,-4.212322,0.08427685499191284,0.8560000061988831,0.9301000237464905
YLR191W,YAL031C,0,-4.213043,0.08426855504512787,0.8560000061988831,0.9301999807357788
YHR002W,YLR328W,0,-4.2131295,0.08426026254892349,0.8560000061988831,0.9302999973297119
YPR080W,YGL031C,0,-4.2131634,0.08425197005271912,0.8560000061988831,0.930400013923645
YOR232W,YER019C-A,0,-4.2136407,0.08424367755651474,0.8560000061988831,0.9304999709129333
YPL145C,YDR150W,0,-4.2137866,0.08423538506031036,0.8560000061988831,0.9305999875068665
YBR188C,YFR005C,0,-4.2138944,0.08422710001468658,0.8560000061988831,0.9307000041007996
YMR316W,YCR096C,0,-4.2140455,0.0842188149690628,0.8560000061988831,0.9308000206947327
YLR200W,YKR028W,0,-4.21418,0.08421052992343903,0.8560000061988831,0.930899977684021
YNL322C,YNL240C,0,-4.214236,0.08420224487781525,0.8560000061988831,0.9309999942779541
YGR077C,YGR199W,0,-4.2143917,0.08419395983219147,0.8560000061988831,0.9311000108718872
YDR390C,YLR425W,0,-4.214548,0.08418568223714828,0.8560000061988831,0.9312000274658203
YBR120C,YOR011W,0,-4.214757,0.0841774046421051,0.8560000061988831,0.9312999844551086
YPL145C,YDR036C,0,-4.215129,0.08416912704706192,0.8560000061988831,0.9314000010490417
YNL267W,YDR057W,0,-4.2152576,0.08416084945201874,0.8560000061988831,0.9315000176429749
YJR006W,YKL045W,1,-4.2155166,0.08425088226795197,0.8569999933242798,0.9315000176429749
YMR043W,YPR120C,1,-4.215652,0.084340900182724,0.8579999804496765,0.9315000176429749
YLR176C,YPL176C,0,-4.2159,0.08433261513710022,0.8579999804496765,0.9315999746322632
YOR272W,YGR145W,0,-4.216556,0.08432432264089584,0.8579999804496765,0.9316999912261963
YKL002W,YKL053C-A,0,-4.216978,0.08431603759527206,0.8579999804496765,0.9318000078201294
YJR155W,YFR049W,0,-4.2175436,0.08430775254964828,0.8579999804496765,0.9319000244140625
YJL143W,YKL196C,0,-4.217858,0.0842994675040245,0.8579999804496765,0.9319999814033508
YML127W,YGL129C,0,-4.218088,0.08429118990898132,0.8579999804496765,0.9320999979972839
YCL069W,YMR282C,0,-4.2182093,0.08428290486335754,0.8579999804496765,0.932200014591217
YJL094C,YGL071W,0,-4.2182393,0.08427462726831436,0.8579999804496765,0.9322999715805054
YHR031C,YDR121W,1,-4.218257,0.08436456322669983,0.859000027179718,0.9322999715805054
YBR173C,YER100W,0,-4.2183523,0.08435627818107605,0.859000027179718,0.9323999881744385
YGR169C,YMR274C,0,-4.218474,0.08434799313545227,0.859000027179718,0.9325000047683716
YDL229W,YLR287C-A,0,-4.2186337,0.08433971554040909,0.859000027179718,0.9326000213623047
YLL021W,YPR046W,0,-4.218975,0.0843314379453659,0.859000027179718,0.932699978351593
YPL156C,YER068W,0,-4.2192326,0.08432316035032272,0.859000027179718,0.9327999949455261
YBR061C,YLR200W,0,-4.219833,0.08431488275527954,0.859000027179718,0.9329000115394592
YLR005W,YFR005C,0,-4.2199564,0.08430660516023636,0.859000027179718,0.9330000281333923
YDR110W,YHR031C,1,-4.2199636,0.08439646661281586,0.8600000143051147,0.9330000281333923
YJR057W,YNL290W,1,-4.220139,0.08448631316423416,0.8610000014305115,0.9330000281333923
YJL170C,YNR031C,0,-4.2203465,0.08447802066802979,0.8610000014305115,0.9330999851226807
YDR383C,YNL032W,0,-4.220398,0.084469735622406,0.8610000014305115,0.9332000017166138
YAL035W,YNL283C,0,-4.2205925,0.08446145057678223,0.8610000014305115,0.9333000183105469
YLR172C,YDR091C,0,-4.220887,0.08445316553115845,0.8610000014305115,0.9333999752998352
YBR024W,YOR193W,0,-4.2209415,0.08444488048553467,0.8610000014305115,0.9334999918937683
YHR136C,YJL117W,0,-4.221258,0.08443659543991089,0.8610000014305115,0.9336000084877014
YKL045W,YJL194W,1,-4.221505,0.08452637493610382,0.8619999885559082,0.9336000084877014
YML005W,YGR063C,0,-4.2222095,0.08451808989048004,0.8619999885559082,0.9337000250816345
YIL062C,YDR483W,0,-4.2223516,0.08450980484485626,0.8619999885559082,0.9337999820709229
YOL031C,YLR078C,0,-4.2225304,0.08450151979923248,0.8619999885559082,0.933899998664856
YGL168W,YKL045W,1,-4.222535,0.08459125459194183,0.8629999756813049,0.933899998664856
YBL023C,YKL045W,1,-4.22258,0.08468097448348999,0.8640000224113464,0.933899998664856
YOR020C,YOR159C,0,-4.2226167,0.08467267453670502,0.8640000224113464,0.9340000152587891
YBR087W,YMR043W,1,-4.222624,0.08476237207651138,0.8650000095367432,0.9340000152587891
YKR062W,YLL035W,0,-4.2227488,0.08475406467914581,0.8650000095367432,0.9340999722480774
YLR384C,YPL273W,0,-4.222929,0.08474576473236084,0.8650000095367432,0.9341999888420105
YPL224C,YBR095C,0,-4.222994,0.08473745733499527,0.8650000095367432,0.9343000054359436
YNL330C,YDR524C,0,-4.223612,0.0847291573882103,0.8650000095367432,0.9344000220298767
YPR019W,YDR052C,1,-4.223654,0.08481880277395248,0.8659999966621399,0.9344000220298767
YDL230W,YKL034W,0,-4.2240415,0.08481049537658691,0.8659999966621399,0.934499979019165
YGR030C,YBL088C,0,-4.2243595,0.08480219542980194,0.8659999966621399,0.9345999956130981
YJL129C,YDR159W,0,-4.225142,0.08479388803243637,0.8659999966621399,0.9347000122070312
YBR087W,YDR279W,1,-4.2251434,0.08488349616527557,0.8669999837875366,0.9347000122070312
YDR292C,YJR066W,0,-4.2251463,0.0848751813173294,0.8669999837875366,0.9348000288009644
YNL147W,YDR359C,0,-4.2251725,0.08486687391996384,0.8669999837875366,0.9348999857902527
YFL038C,YMR054W,0,-4.2256756,0.08485856652259827,0.8669999837875366,0.9350000023841858
YOR372C,YDR364C,0,-4.225783,0.0848502665758133,0.8669999837875366,0.9351000189781189
YKL020C,YDR088C,0,-4.2259107,0.08484195917844772,0.8669999837875366,0.9351999759674072
YLR277C,YBR166C,0,-4.226218,0.08483365923166275,0.8669999837875366,0.9352999925613403
YOR219C,YOL117W,0,-4.226709,0.08482535928487778,0.8669999837875366,0.9354000091552734
YOR209C,YFR052W,0,-4.2269173,0.0848170593380928,0.8669999837875366,0.9355000257492065
YJL129C,YBL069W,0,-4.2270117,0.08480876684188843,0.8669999837875366,0.9355999827384949
YER129W,YBR060C,1,-4.2271023,0.08489827811717987,0.8679999709129333,0.9355999827384949
YER129W,YBR278W,1,-4.2271285,0.08498777449131012,0.8690000176429749,0.9355999827384949
YIL027C,YFR001W,0,-4.228185,0.08497946709394455,0.8690000176429749,0.935699999332428
YDL006W,YPL040C,0,-4.22828,0.08497115224599838,0.8690000176429749,0.9358000159263611
YIL144W,YKR068C,0,-4.228504,0.08496284484863281,0.8690000176429749,0.9358999729156494
YLR165C,YHR171W,0,-4.228714,0.08495453745126724,0.8690000176429749,0.9359999895095825
YBL092W,YBR145W,0,-4.2295237,0.08494623750448227,0.8690000176429749,0.9361000061035156
YHR184W,YNL025C,0,-4.2304487,0.0849379301071167,0.8690000176429749,0.9362000226974487
YPR135W,YDR279W,1,-4.230594,0.08502736687660217,0.8700000047683716,0.9362000226974487
YMR002W,YKL028W,0,-4.231129,0.0850190594792366,0.8700000047683716,0.9362999796867371
YML067C,YDR424C,0,-4.2311864,0.08501075208187103,0.8700000047683716,0.9363999962806702
YHR201C,YGL092W,0,-4.2316017,0.08500244468450546,0.8700000047683716,0.9365000128746033
YNR028W,YIL138C,0,-4.2316675,0.08499413728713989,0.8700000047683716,0.9366000294685364
YBR211C,YBR086C,0,-4.2320404,0.08498583734035492,0.8700000047683716,0.9366999864578247
YGR262C,YLL038C,0,-4.232938,0.08497753739356995,0.8700000047683716,0.9368000030517578
YIL013C,YKR102W,0,-4.233424,0.08496923744678497,0.8700000047683716,0.9369000196456909
YIL118W,YJR082C,0,-4.2334433,0.0849609375,0.8700000047683716,0.9369999766349792
YMR314W,YNL239W,0,-4.2346063,0.08495264500379562,0.8700000047683716,0.9370999932289124
YMR272C,YDL128W,0,-4.234645,0.08494434505701065,0.8700000047683716,0.9372000098228455
YAL031C,YKR019C,0,-4.2348676,0.08493605256080627,0.8700000047683716,0.9373000264167786
YGL172W,YGL203C,0,-4.2352247,0.0849277600646019,0.8700000047683716,0.9373999834060669
YJL072C,YDR013W,1,-4.2356973,0.08501708507537842,0.8709999918937683,0.9373999834060669
YOR278W,YDR472W,0,-4.2359,0.08500878512859344,0.8709999918937683,0.9375
YDL108W,YNL059C,0,-4.23654,0.08500048518180847,0.8709999918937683,0.9376000165939331
YJL168C,YNL292W,0,-4.236553,0.0849921926856041,0.8709999918937683,0.9376999735832214
YKR072C,YJL044C,0,-4.237774,0.08498390018939972,0.8709999918937683,0.9377999901771545
YML004C,YMR115W,0,-4.237915,0.08497560769319534,0.8709999918937683,0.9379000067710876
YLL004W,YLR103C,1,-4.2380676,0.08506487309932709,0.871999979019165,0.9379000067710876
YPR019W,YOR330C,1,-4.23825,0.08515411615371704,0.8730000257492065,0.9379000067710876
YLR305C,YLR105C,0,-4.238282,0.08514580875635147,0.8730000257492065,0.9380000233650208
YMR188C,YPR155C,0,-4.2385902,0.0851375088095665,0.8730000257492065,0.9380999803543091
YKL005C,YOR194C,0,-4.238693,0.08512920886278152,0.8730000257492065,0.9381999969482422
YGL004C,YJR102C,0,-4.2388334,0.08512090146541595,0.8730000257492065,0.9383000135421753
YDR390C,YLR118C,0,-4.238902,0.08511260896921158,0.8730000257492065,0.9383999705314636
YPL110C,YLR430W,0,-4.239105,0.0851043090224266,0.8730000257492065,0.9384999871253967
YPR072W,YGL119W,0,-4.239246,0.08509601652622223,0.8730000257492065,0.9386000037193298
YDR513W,YMR089C,0,-4.239282,0.08508771657943726,0.8730000257492065,0.9387000203132629
YOR189W,YDR400W,0,-4.2394958,0.08507942408323288,0.8730000257492065,0.9387999773025513
YJR066W,YOL100W,0,-4.23951,0.0850711390376091,0.8730000257492065,0.9388999938964844
YPR067W,YJL165C,0,-4.2395864,0.08506284654140472,0.8730000257492065,0.9390000104904175
YGR225W,YAL056W,0,-4.2397065,0.08505456149578094,0.8730000257492065,0.9391000270843506
YLR170C,YGR281W,0,-4.23977,0.08504627645015717,0.8730000257492065,0.9391999840736389
YJL090C,YGL251C,1,-4.2405815,0.08513540029525757,0.8740000128746033,0.9391999840736389
YGL061C,YNL137C,0,-4.240668,0.08512710779905319,0.8740000128746033,0.939300000667572
YJL087C,YOR258W,0,-4.240836,0.08511881530284882,0.8740000128746033,0.9394000172615051
YLR151C,YBL078C,0,-4.241392,0.08511053025722504,0.8740000128746033,0.9394999742507935
YLL004W,YDR069C,1,-4.2414026,0.08519960939884186,0.875,0.9394999742507935
YDR246W,YOL135C,0,-4.2415533,0.08519131690263748,0.875,0.9395999908447266
YNL038W,YKR050W,0,-4.241866,0.0851830244064331,0.875,0.9397000074386597
YPL159C,YIL159W,0,-4.241886,0.08517473191022873,0.875,0.9398000240325928
YGL113W,YDR121W,1,-4.242299,0.08526377379894257,0.8759999871253967,0.9398000240325928
YER017C,YLR204W,0,-4.242346,0.08525547385215759,0.8759999871253967,0.9398999810218811
YER063W,YHL003C,0,-4.2423697,0.08524718135595322,0.8759999871253967,0.9399999976158142
YBR205W,YJR065C,0,-4.2423882,0.08523888140916824,0.8759999871253967,0.9401000142097473
YGR212W,YGL112C,0,-4.242951,0.08523058891296387,0.8759999871253967,0.9401999711990356
YCL004W,YMR201C,0,-4.243491,0.08522229641675949,0.8759999871253967,0.9402999877929688
YNL048W,YLR181C,0,-4.2441826,0.08521401137113571,0.8759999871253967,0.9404000043869019
YGR135W,YGL087C,0,-4.244288,0.08520571887493134,0.8759999871253967,0.940500020980835
YGR135W,YDL054C,0,-4.2444935,0.08519743382930756,0.8759999871253967,0.9405999779701233
YJL072C,YBR202W,1,-4.244779,0.08528639376163483,0.8769999742507935,0.9405999779701233
YER046W,YDR105C,0,-4.2452374,0.08527810126543045,0.8769999742507935,0.9406999945640564
YPR186C,YKL175W,0,-4.24533,0.08526980876922607,0.8769999742507935,0.9408000111579895
YJR057W,YPR120C,1,-4.245477,0.08535873889923096,0.878000020980835,0.9408000111579895
YPL149W,YDL029W,0,-4.245579,0.08535043895244598,0.878000020980835,0.9409000277519226
YKL190W,YCR046C,0,-4.245622,0.08534214645624161,0.878000020980835,0.9409999847412109
YDL166C,YIL019W,0,-4.2456284,0.08533385396003723,0.878000020980835,0.941100001335144
YMR043W,YBR060C,1,-4.2459445,0.08542273938655853,0.8790000081062317,0.941100001335144
YGR155W,YNL231C,0,-4.246086,0.08541443943977356,0.8790000081062317,0.9412000179290771
YKL135C,YBR080C,0,-4.2460938,0.08540613949298859,0.8790000081062317,0.9412999749183655
YMR081C,YEL013W,0,-4.246415,0.08539783954620361,0.8790000081062317,0.9413999915122986
YMR169C,YJL057C,0,-4.246618,0.08538954704999924,0.8790000081062317,0.9415000081062317
YLR459W,YOR249C,0,-4.2476296,0.08538125455379486,0.8790000081062317,0.9416000247001648
YIL098C,YMR311C,0,-4.247747,0.08537296205759048,0.8790000081062317,0.9416999816894531
YML015C,YGR241C,0,-4.248005,0.08536466956138611,0.8790000081062317,0.9417999982833862
YLR200W,YMR033W,0,-4.248065,0.08535637706518173,0.8790000081062317,0.9419000148773193
YFL005W,YIL008W,0,-4.2482147,0.08534809201955795,0.8790000081062317,0.9419999718666077
YDR013W,YDL056W,1,-4.248389,0.08543689548969269,0.8799999952316284,0.9419999718666077
YMR100W,YDL099W,0,-4.248529,0.08542859554290771,0.8799999952316284,0.9420999884605408
YML129C,YHR081W,0,-4.2486606,0.08542030304670334,0.8799999952316284,0.9422000050544739
YLR052W,YKL039W,0,-4.248758,0.08541201800107956,0.8799999952316284,0.942300021648407
YFR003C,YJL004C,0,-4.2492595,0.08540372550487518,0.8799999952316284,0.9423999786376953
YFR007W,YKL197C,0,-4.249308,0.0853954404592514,0.8799999952316284,0.9424999952316284
YBR247C,YLR129W,0,-4.2500954,0.08538715541362762,0.8799999952316284,0.9426000118255615
YBR213W,YBR192W,0,-4.2503223,0.08537887036800385,0.8799999952316284,0.9427000284194946
YLR048W,YNL135C,0,-4.2505975,0.08537058532238007,0.8799999952316284,0.942799985408783
YHL006C,YPL018W,0,-4.250708,0.08536230772733688,0.8799999952316284,0.9429000020027161
YGR029W,YHR004C,0,-4.2514086,0.0853540226817131,0.8799999952316284,0.9430000185966492
YDL200C,YNL153C,0,-4.251475,0.08534574508666992,0.8799999952316284,0.9430999755859375
YKL141W,YDR400W,0,-4.251542,0.08533746749162674,0.8799999952316284,0.9431999921798706
YIL135C,YDR254W,0,-4.2515917,0.08532919734716415,0.8799999952316284,0.9433000087738037
YDR228C,YPL203W,0,-4.2518816,0.08532091975212097,0.8799999952316284,0.9434000253677368
YDR532C,YML034W,0,-4.252186,0.08531264960765839,0.8799999952316284,0.9434999823570251
YLL011W,YGR030C,0,-4.252241,0.0853043794631958,0.8799999952316284,0.9435999989509583
YPR135W,YOR217W,1,-4.252246,0.0853930413722992,0.8809999823570251,0.9435999989509583
YPL153C,YDR052C,1,-4.2525444,0.0854816809296608,0.8820000290870667,0.9435999989509583
YIL118W,YBL063W,0,-4.253285,0.08547339588403702,0.8820000290870667,0.9437000155448914
YOR217W,YDR121W,1,-4.254077,0.08556201308965683,0.8830000162124634,0.9437000155448914
YOR301W,YMR017W,0,-4.254223,0.08555372804403305,0.8830000162124634,0.9437999725341797
YDL046W,YKL094W,0,-4.2548456,0.08554543554782867,0.8830000162124634,0.9438999891281128
YGR032W,YBR114W,0,-4.255122,0.0855371505022049,0.8830000162124634,0.9440000057220459
YGL113W,YDR419W,1,-4.255225,0.08562572300434113,0.8840000033378601,0.9440000057220459
YHL034C,YOL112W,0,-4.255362,0.08561743050813675,0.8840000033378601,0.944100022315979
YKL015W,YBR107C,0,-4.255827,0.08560914546251297,0.8840000033378601,0.9441999793052673
YNL103W,YBR272C,0,-4.2559605,0.0856008529663086,0.8840000033378601,0.9442999958992004
YNL027W,YDR105C,0,-4.2562985,0.08559256047010422,0.8840000033378601,0.9444000124931335
YGL051W,YJR059W,0,-4.2564096,0.08558427542448044,0.8840000033378601,0.9445000290870667
YJL090C,YBR202W,1,-4.256568,0.08567279577255249,0.8849999904632568,0.9445000290870667
YDR179C,YNL032W,0,-4.257023,0.08566450327634811,0.8849999904632568,0.944599986076355
YPR080W,YIL043C,0,-4.2573676,0.08565621078014374,0.8849999904632568,0.9447000026702881
YOR241W,YPL239W,0,-4.2580914,0.08564792573451996,0.8849999904632568,0.9448000192642212
YER015W,YDL170W,0,-4.258212,0.08563963323831558,0.8849999904632568,0.9448999762535095
YPR125W,YNL330C,0,-4.2583513,0.0856313481926918,0.8849999904632568,0.9449999928474426
YNL091W,YPR173C,0,-4.258429,0.08562306314706802,0.8849999904632568,0.9451000094413757
YLR305C,YCR053W,0,-4.258566,0.08561478555202484,0.8849999904632568,0.9452000260353088
YKR002W,YKL079W,0,-4.2588344,0.08560650050640106,0.8849999904632568,0.9452999830245972
YDR536W,YLR097C,0,-4.259522,0.08559822291135788,0.8849999904632568,0.9453999996185303
YNL261W,YPR019W,1,-4.2597485,0.08568665385246277,0.8859999775886536,0.9453999996185303
YFR049W,YJR059W,0,-4.2600327,0.08567836880683899,0.8859999775886536,0.9455000162124634
YNR022C,YMR149W,0,-4.2603188,0.08567008376121521,0.8859999775886536,0.9455999732017517
YMR020W,YAR035W,0,-4.2605286,0.08566179871559143,0.8859999775886536,0.9456999897956848
YKR101W,YNL012W,0,-4.2607784,0.08565352112054825,0.8859999775886536,0.9458000063896179
YHR044C,YJR075W,0,-4.2608433,0.08564523607492447,0.8859999775886536,0.945900022983551
YOR217W,YKL017C,1,-4.2612386,0.08573361486196518,0.8870000243186951,0.945900022983551
YNR059W,YJR110W,0,-4.2613993,0.0857253298163414,0.8870000243186951,0.9459999799728394
YER129W,YKL108W,1,-4.261547,0.08581368625164032,0.8880000114440918,0.9459999799728394
YHR081W,YAL025C,0,-4.2615814,0.08580539375543594,0.8880000114440918,0.9460999965667725
YDR260C,YNL282W,0,-4.261985,0.08579710125923157,0.8880000114440918,0.9462000131607056
YJR046W,YER129W,1,-4.2621956,0.0858854204416275,0.8889999985694885,0.9462000131607056
YKL045W,YDR069C,1,-4.262207,0.08597372472286224,0.8899999856948853,0.9462000131607056
YNL180C,YCL031C,0,-4.262628,0.08596541732549667,0.8899999856948853,0.9463000297546387
YKL108W,YBR060C,1,-4.2628775,0.08605369925498962,0.890999972820282,0.9463000297546387
YNR047W,YAL056W,0,-4.2634134,0.08604539185762405,0.890999972820282,0.946399986743927
YLR103C,YDL056W,1,-4.2635326,0.08613364398479462,0.8920000195503235,0.946399986743927
YOR124C,YNR030W,0,-4.2638273,0.08612532913684845,0.8920000195503235,0.9465000033378601
YCR052W,YNL221C,0,-4.2640247,0.08611701428890228,0.8920000195503235,0.9466000199317932
YER012W,YOL100W,0,-4.264409,0.08610869944095612,0.8920000195503235,0.9466999769210815
YMR171C,YNL167C,0,-4.265606,0.08610038459300995,0.8920000195503235,0.9467999935150146
YLR260W,YLR239C,0,-4.2656603,0.08609207719564438,0.8920000195503235,0.9469000101089478
YDR129C,YBL041W,0,-4.2656755,0.08608376979827881,0.8920000195503235,0.9470000267028809
YLR127C,YDR386W,0,-4.265704,0.08607546240091324,0.8920000195503235,0.9470999836921692
YHL003C,YJL192C,0,-4.266012,0.08606715500354767,0.8920000195503235,0.9472000002861023
YGR224W,YGL129C,0,-4.2662115,0.0860588550567627,0.8920000195503235,0.9473000168800354
YJL168C,YKR088C,0,-4.266257,0.08605054765939713,0.8920000195503235,0.9473999738693237
YHR190W,YGL058W,0,-4.2664766,0.08604224771261215,0.8920000195503235,0.9474999904632568
YOR047C,YDR197W,0,-4.266553,0.08603394776582718,0.8920000195503235,0.9476000070571899
YPL022W,YIL153W,0,-4.267167,0.0860256552696228,0.8920000195503235,0.947700023651123
YGR081C,YNL081C,0,-4.2673984,0.08601735532283783,0.8920000195503235,0.9477999806404114
YPR021C,YGR047C,0,-4.267979,0.08600906282663345,0.8920000195503235,0.9478999972343445
YOR179C,YNL231C,0,-4.268095,0.08600077033042908,0.8920000195503235,0.9480000138282776
YLR008C,YGL244W,0,-4.2684927,0.0859924778342247,0.8920000195503235,0.9480999708175659
YKR100C,YKL020C,0,-4.2685957,0.08598419278860092,0.8920000195503235,0.948199987411499
YMR285C,YML102W,0,-4.268708,0.08597590029239655,0.8920000195503235,0.9483000040054321
YMR243C,YDL015C,0,-4.2687693,0.08596761524677277,0.8920000195503235,0.9484000205993652
YKL173W,YMR039C,0,-4.269412,0.08595933020114899,0.8920000195503235,0.9484999775886536
YJL019W,YNL242W,0,-4.2697926,0.0859510526061058,0.8920000195503235,0.9485999941825867
YFR038W,YJR032W,0,-4.27042,0.08594276756048203,0.8920000195503235,0.9487000107765198
YDR110W,YER129W,1,-4.2704935,0.08603082597255707,0.8930000066757202,0.9487000107765198
YBR276C,YIL039W,0,-4.270763,0.08602254092693329,0.8930000066757202,0.9488000273704529
YER101C,YER048W-A,0,-4.2710595,0.08601425588130951,0.8930000066757202,0.9488999843597412
YLR145W,YOR258W,0,-4.271582,0.08600597083568573,0.8930000066757202,0.9490000009536743
YKL039W,YIL074C,0,-4.271696,0.08599768579006195,0.8930000066757202,0.9491000175476074
YGR224W,YDR386W,0,-4.271807,0.08598940819501877,0.8930000066757202,0.9491999745368958
YBR049C,YGR082W,0,-4.2719517,0.08598113059997559,0.8930000066757202,0.9492999911308289
YIR002C,YGL136C,0,-4.272036,0.0859728530049324,0.8930000066757202,0.949400007724762
YDL197C,YGL050W,0,-4.272267,0.08596457540988922,0.8930000066757202,0.9495000243186951
YGR113W,YIL048W,0,-4.27252,0.08595629781484604,0.8930000066757202,0.9495999813079834
YBR087W,YPR120C,1,-4.272716,0.08604427427053452,0.8939999938011169,0.9495999813079834
YHR103W,YOR290C,0,-4.2731476,0.08603598922491074,0.8939999938011169,0.9496999979019165
YGL004C,YPL104W,0,-4.273305,0.08602771162986755,0.8939999938011169,0.9498000144958496
YDR023W,YIL053W,0,-4.2733803,0.08601943403482437,0.8939999938011169,0.9498999714851379
YGL058W,YDR298C,0,-4.273588,0.08601116389036179,0.8939999938011169,0.949999988079071
YGL113W,YLR103C,1,-4.274121,0.08609908819198608,0.8949999809265137,0.949999988079071
YNL310C,YDR425W,0,-4.274274,0.0860908031463623,0.8949999809265137,0.9501000046730042
YOR192C,YOR279C,0,-4.2743053,0.08608252555131912,0.8949999809265137,0.9502000212669373
YNL188W,YMR188C,0,-4.275312,0.08607424795627594,0.8949999809265137,0.9502999782562256
YKL015W,YNL153C,0,-4.2755823,0.08606597036123276,0.8949999809265137,0.9503999948501587
YIL090W,YFL001W,0,-4.2756553,0.08605769276618958,0.8949999809265137,0.9505000114440918
YBL051C,YDR251W,0,-4.2756996,0.08604941517114639,0.8949999809265137,0.9506000280380249
YLL031C,YGR169C,0,-4.276107,0.08604114502668381,0.8949999809265137,0.9506999850273132
YPR021C,YDL065C,0,-4.276376,0.08603287488222122,0.8949999809265137,0.9508000016212463
YKL170W,YMR316W,0,-4.2767363,0.08602460473775864,0.8949999809265137,0.9509000182151794
YBR170C,YMR275C,0,-4.2769337,0.08601633459329605,0.8949999809265137,0.9509999752044678
YDR389W,YNL076W,0,-4.277206,0.08600807189941406,0.8949999809265137,0.9510999917984009
YMR311C,YDR389W,0,-4.277377,0.08599980920553207,0.8949999809265137,0.951200008392334
YML036W,YKL020C,0,-4.27765,0.08599154651165009,0.8949999809265137,0.9513000249862671
YHR044C,YBR301W,0,-4.2780676,0.0859832838177681,0.8949999809265137,0.9513999819755554
YML036W,YGL019W,0,-4.2783666,0.08597502112388611,0.8949999809265137,0.9514999985694885
YDR260C,YGL090W,0,-4.2784257,0.08596676588058472,0.8949999809265137,0.9516000151634216
YGL168W,YHR031C,1,-4.278658,0.08605455607175827,0.8960000276565552,0.9516000151634216
YDL107W,YMR025W,0,-4.279499,0.08604628592729568,0.8960000276565552,0.95169997215271
YMR275C,YDR457W,0,-4.2801094,0.0860380232334137,0.8960000276565552,0.9517999887466431
YER041W,YLR360W,0,-4.2803545,0.0860297679901123,0.8960000276565552,0.9519000053405762
YNL261W,YJL173C,1,-4.2804484,0.08611751347780228,0.8970000147819519,0.9519000053405762
YKL045W,YDR052C,1,-4.2808967,0.08620524406433105,0.8980000019073486,0.9519000053405762
YGL198W,YMR076C,0,-4.280938,0.08619696646928787,0.8980000019073486,0.9520000219345093
YML036W,YPR106W,0,-4.2809954,0.08618869632482529,0.8980000019073486,0.9520999789237976
YNL073W,YDR284C,0,-4.281124,0.0861804187297821,0.8980000019073486,0.9521999955177307
YBL039C,YLR264W,0,-4.2817006,0.08617215603590012,0.8980000019073486,0.9523000121116638
YKR038C,YOR236W,0,-4.2819405,0.08616388589143753,0.8980000019073486,0.9524000287055969
YBR022W,YGL129C,0,-4.281959,0.08615561574697495,0.8980000019073486,0.9524999856948853
YKL144C,YOL010W,0,-4.282835,0.08614735305309296,0.8980000019073486,0.9526000022888184
YNL297C,YLR371W,0,-4.2835712,0.08613909035921097,0.8980000019073486,0.9527000188827515
YLL033W,YMR224C,0,-4.285365,0.08613082766532898,0.8980000019073486,0.9527999758720398
YDL098C,YBL025W,0,-4.2858,0.08612256497144699,0.8980000019073486,0.9528999924659729
YPL001W,YBR086C,0,-4.2859287,0.0861143097281456,0.8980000019073486,0.953000009059906
YNL123W,YCR028C,0,-4.2862425,0.08610604703426361,0.8980000019073486,0.9531000256538391
YJL167W,YDR397C,0,-4.2864523,0.08609779179096222,0.8980000019073486,0.9531999826431274
YOR311C,YFR050C,0,-4.2874236,0.08608954399824142,0.8980000019073486,0.9532999992370605
YBR278W,YOR330C,1,-4.2874293,0.08617714792490005,0.8989999890327454,0.9532999992370605
YOL055C,YLR246W,0,-4.287433,0.08616888523101807,0.8989999890327454,0.9534000158309937
YOR080W,YJL072C,1,-4.287778,0.0862564668059349,0.8999999761581421,0.9534000158309937
YGR106C,YEL017C-A,0,-4.288063,0.08624820411205292,0.8999999761581421,0.953499972820282
YKL045W,YPR162C,1,-4.288441,0.08633576333522797,0.9010000228881836,0.953499972820282
YDL113C,YDR494W,0,-4.2885,0.08632748574018478,0.9010000228881836,0.9535999894142151
YLL004W,YKL108W,1,-4.2891273,0.08641502261161804,0.9020000100135803,0.9535999894142151
YHR118C,YBR278W,1,-4.2893305,0.08650253713130951,0.902999997138977,0.9535999894142151
YBR022W,YBL074C,0,-4.2893486,0.08649425208568573,0.902999997138977,0.9537000060081482
YBL091C,YBR187W,0,-4.289454,0.08648596704006195,0.902999997138977,0.9538000226020813
YMR100W,YGR222W,0,-4.289799,0.08647768944501877,0.902999997138977,0.9538999795913696
YPL112C,YLL048C,0,-4.290056,0.08646940439939499,0.902999997138977,0.9539999961853027
YDR310C,YJL083W,0,-4.2902756,0.0864611268043518,0.902999997138977,0.9541000127792358
YDL175C,YNL131W,0,-4.290688,0.08645284920930862,0.902999997138977,0.954200029373169
YJR068W,YDL056W,1,-4.2907505,0.08654030412435532,0.9039999842643738,0.954200029373169
YDR111C,YFL036W,0,-4.2914047,0.08653201907873154,0.9039999842643738,0.9542999863624573
YOR138C,YDL230W,0,-4.291445,0.08652373403310776,0.9039999842643738,0.9544000029563904
YLR017W,YDL015C,0,-4.2915955,0.08651545643806458,0.9039999842643738,0.9545000195503235
YDR341C,YOR332W,0,-4.292128,0.08650717884302139,0.9039999842643738,0.9545999765396118
YDL179W,YAL034W-A,0,-4.2923837,0.08649890124797821,0.9039999842643738,0.9546999931335449
YAL062W,YIL009W,0,-4.2924857,0.08649062365293503,0.9039999842643738,0.954800009727478
YMR020W,YNL101W,0,-4.2925453,0.08648234605789185,0.9039999842643738,0.9549000263214111
YNL137C,YBL090W,0,-4.292915,0.08647407591342926,0.9039999842643738,0.9549999833106995
YIL052C,YJL080C,0,-4.293601,0.08646580576896667,0.9039999842643738,0.9550999999046326
YGL113W,YOR080W,1,-4.2936115,0.0865531787276268,0.9049999713897705,0.9550999999046326
YLR309C,YBL089W,0,-4.2940855,0.08654490113258362,0.9049999713897705,0.9552000164985657
YMR205C,YOR099W,0,-4.2941647,0.08653662353754044,0.9049999713897705,0.955299973487854
YLR293C,YGL120C,0,-4.294983,0.08652834594249725,0.9049999713897705,0.9553999900817871
YMR186W,YDL075W,0,-4.295178,0.08652007579803467,0.9049999713897705,0.9555000066757202
YGR099W,YER139C,0,-4.295618,0.08651180565357208,0.9049999713897705,0.9556000232696533
YDR079W,YLR219W,0,-4.295753,0.0865035355091095,0.9049999713897705,0.9556999802589417
YER050C,YNL243W,0,-4.2958746,0.08649526536464691,0.9049999713897705,0.9557999968528748
YDR045C,YER007C-A,0,-4.297085,0.08648700267076492,0.9049999713897705,0.9559000134468079
YAL013W,YLR204W,0,-4.297424,0.08647873997688293,0.9049999713897705,0.9559999704360962
YOR158W,YKR068C,0,-4.2974787,0.08647047728300095,0.9049999713897705,0.9560999870300293
YPR135W,YOR330C,1,-4.2977123,0.08655775338411331,0.906000018119812,0.9560999870300293
YJL090C,YLR103C,1,-4.297876,0.08664501458406448,0.9070000052452087,0.9560999870300293
YOR259C,YBL057C,0,-4.298061,0.0866367369890213,0.9070000052452087,0.9562000036239624
YER074W,YGL167C,0,-4.2982483,0.08662845939397812,0.9070000052452087,0.9563000202178955
YLR309C,YNL287W,0,-4.2985077,0.08662018924951553,0.9070000052452087,0.9563999772071838
YGR245C,YBL024W,0,-4.2987595,0.08661191910505295,0.9070000052452087,0.9564999938011169
YOR243C,YKR071C,0,-4.299182,0.08660364896059036,0.9070000052452087,0.95660001039505
YLR007W,YGL213C,0,-4.299471,0.08659537881612778,0.9070000052452087,0.9567000269889832
YAL019W,YBL068W,0,-4.2997656,0.08658710867166519,0.9070000052452087,0.9567999839782715
YEL052W,YLR088W,0,-4.3005285,0.0865788459777832,0.9070000052452087,0.9569000005722046
YBR207W,YKR085C,0,-4.3005857,0.08657058328390121,0.9070000052452087,0.9570000171661377
YLR147C,YOL100W,0,-4.300907,0.08656232059001923,0.9070000052452087,0.957099974155426
YJL001W,YNL094W,0,-4.3013105,0.08655405789613724,0.9070000052452087,0.9571999907493591
YBR094W,YNL287W,0,-4.301359,0.08654580265283585,0.9070000052452087,0.9573000073432922
YBR087W,YJL173C,1,-4.3018665,0.08663295209407806,0.9079999923706055,0.9573000073432922
YHR150W,YHR036W,0,-4.301942,0.08662468940019608,0.9079999923706055,0.9574000239372253
YMR158W,YMR208W,0,-4.3019657,0.08661642670631409,0.9079999923706055,0.9574999809265137
YAR033W,YGR144W,0,-4.3020377,0.0866081640124321,0.9079999923706055,0.9575999975204468
YER093C,YOR290C,0,-4.3020835,0.08659990131855011,0.9079999923706055,0.9577000141143799
YEL044W,YDL198C,0,-4.302289,0.08659164607524872,0.9079999923706055,0.9577999711036682
YJR010C-A,YJR060W,0,-4.3023815,0.08658339083194733,0.9079999923706055,0.9578999876976013
YPR008W,YOR061W,0,-4.303267,0.08657513558864594,0.9079999923706055,0.9580000042915344
YJL110C,YHR037W,0,-4.303667,0.08656688034534454,0.9079999923706055,0.9581000208854675
YJL103C,YLL043W,0,-4.304387,0.08655862510204315,0.9079999923706055,0.9581999778747559
YJL019W,YCL043C,0,-4.3045783,0.08655037730932236,0.9079999923706055,0.958299994468689
YIL147C,YLR033W,0,-4.3055964,0.08654212951660156,0.9079999923706055,0.9584000110626221
YNL054W,YER048W-A,0,-4.305712,0.08653388172388077,0.9079999923706055,0.9585000276565552
YDR419W,YDL056W,1,-4.3057294,0.08662092685699463,0.9089999794960022,0.9585000276565552
YOL102C,YNL153C,0,-4.3058243,0.08661267161369324,0.9089999794960022,0.9585999846458435
YPR162C,YPR120C,1,-4.3064985,0.08669969439506531,0.9100000262260437,0.9585999846458435
YNL261W,YJL090C,1,-4.3066373,0.08678670227527618,0.9110000133514404,0.9585999846458435
YDR240C,YER127W,0,-4.306666,0.0867784321308136,0.9110000133514404,0.9587000012397766
YOR066W,YLR088W,0,-4.306733,0.08677016943693161,0.9110000133514404,0.9588000178337097
YOR217W,YOR330C,1,-4.306773,0.0868571400642395,0.9120000004768372,0.9588000178337097
YPR068C,YBR089C-A,0,-4.3068037,0.08684886991977692,0.9120000004768372,0.958899974822998
YOR269W,YGL061C,0,-4.3073683,0.08684059977531433,0.9120000004768372,0.9589999914169312
YBL091C,YKL094W,0,-4.307372,0.08683233708143234,0.9120000004768372,0.9591000080108643
YLR246W,YHR175W,0,-4.307397,0.08682406693696976,0.9120000004768372,0.9592000246047974
YNL038W,YKL062W,0,-4.307401,0.08681580424308777,0.9120000004768372,0.9592999815940857
YPL153C,YPR120C,1,-4.3074217,0.08690272271633148,0.9129999876022339,0.9592999815940857
YKL141W,YPR046W,0,-4.307453,0.0868944525718689,0.9129999876022339,0.9593999981880188
YOR180C,YDR337W,0,-4.3078585,0.08688618242740631,0.9129999876022339,0.9595000147819519
YOR129C,YPR155C,0,-4.3080163,0.08687791228294373,0.9129999876022339,0.9595999717712402
YOL009C,YDR315C,0,-4.3080883,0.08686964958906174,0.9129999876022339,0.9596999883651733
YLR328W,YLR244C,0,-4.3082952,0.08686138689517975,0.9129999876022339,0.9598000049591064
YNL039W,YLR207W,0,-4.3086753,0.08685311675071716,0.9129999876022339,0.9599000215530396
YER129W,YPR120C,1,-4.308688,0.0869399756193161,0.9139999747276306,0.9599000215530396
YKL093W,YKL095W,0,-4.3094816,0.08693171292543411,0.9139999747276306,0.9599999785423279
YOR071C,YJR052W,0,-4.3103685,0.08692344278097153,0.9139999747276306,0.960099995136261
YLR417W,YPL112C,0,-4.3108053,0.08691518008708954,0.9139999747276306,0.9602000117301941
YDR468C,YCL035C,0,-4.310871,0.08690690994262695,0.9139999747276306,0.9603000283241272
YGR002C,YER125W,0,-4.3114905,0.08689864724874496,0.9139999747276306,0.9603999853134155
YDL056W,YOR217W,1,-4.3116417,0.08698545396327972,0.9150000214576721,0.9603999853134155
YDL093W,YOL051W,0,-4.3123794,0.08697718381881714,0.9150000214576721,0.9605000019073486
YPL173W,YDR217C,0,-4.312455,0.08696892112493515,0.9150000214576721,0.9606000185012817
YDL056W,YDR052C,1,-4.3132076,0.08705569058656693,0.9160000085830688,0.9606000185012817
YOR034C,YOR113W,0,-4.313445,0.08704742044210434,0.9160000085830688,0.9606999754905701
YJL172W,YHR190W,0,-4.3137817,0.08703915029764175,0.9160000085830688,0.9607999920845032
YGR170W,YDR268W,0,-4.3141155,0.08703088015317917,0.9160000085830688,0.9609000086784363
YOR372C,YLR440C,0,-4.314363,0.08702261000871658,0.9160000085830688,0.9610000252723694
YGR217W,YOL051W,0,-4.314372,0.0870143473148346,0.9160000085830688,0.9610999822616577
YLR103C,YKL108W,1,-4.3147235,0.08710106462240219,0.9169999957084656,0.9610999822616577
YBL035C,YOR330C,1,-4.31479,0.0871877670288086,0.9179999828338623,0.9610999822616577
YBR060C,YDR121W,1,-4.3150654,0.0872744545340538,0.9190000295639038,0.9610999822616577
YJL072C,YNL218W,1,-4.3152246,0.08736112713813782,0.9200000166893005,0.9610999822616577
YER082C,YMR227C,0,-4.315488,0.08735282719135284,0.9200000166893005,0.9611999988555908
YDL102W,YDR121W,1,-4.31579,0.08743947744369507,0.9210000038146973,0.9611999988555908
YLL004W,YDR121W,1,-4.3160667,0.0875261053442955,0.921999990940094,0.9611999988555908
YPL153C,YKL045W,1,-4.316996,0.08761271834373474,0.9229999780654907,0.9611999988555908
YBL076C,YHR108W,0,-4.3172235,0.08760440349578857,0.9229999780654907,0.9613000154495239
YGL113W,YKL017C,1,-4.3173084,0.08769099414348602,0.9240000247955322,0.9613000154495239
YGL198W,YPR149W,0,-4.3174133,0.08768267184495926,0.9240000247955322,0.9613999724388123
YBR087W,YBR060C,1,-4.3174477,0.08776924014091492,0.925000011920929,0.9613999724388123
YBR087W,YBL023C,1,-4.317628,0.08785578608512878,0.9259999990463257,0.9613999724388123
YOR241W,YMR192W,0,-4.3180337,0.08784745633602142,0.9259999990463257,0.9614999890327454
YDR190C,YDL051W,0,-4.3180685,0.08783911913633347,0.9259999990463257,0.9616000056266785
YLR459W,YIL140W,0,-4.3180847,0.0878307893872261,0.9259999990463257,0.9617000222206116
YGL113W,YLL004W,1,-4.3183603,0.08791729807853699,0.9269999861717224,0.9617000222206116
YDL175C,YKL051W,0,-4.3200064,0.08790896087884903,0.9269999861717224,0.9617999792098999
YBR245C,YBL020W,0,-4.3200073,0.08790062367916107,0.9269999861717224,0.961899995803833
YCR009C,YDR092W,0,-4.320098,0.08789229393005371,0.9269999861717224,0.9620000123977661
YLR103C,YBR060C,1,-4.3204823,0.08797876536846161,0.9279999732971191,0.9620000123977661
YER051W,YJL095W,0,-4.3205833,0.08797042071819305,0.9279999732971191,0.9621000289916992
YFR007W,YDL139C,0,-4.3208528,0.0879620835185051,0.9279999732971191,0.9621999859809875
YMR013C,YGL144C,0,-4.320919,0.08795374631881714,0.9279999732971191,0.9623000025749207
YOL002C,YOR327C,0,-4.3215384,0.08794541656970978,0.9279999732971191,0.9624000191688538
YBR275C,YHR186C,0,-4.321786,0.08793707937002182,0.9279999732971191,0.9624999761581421
YDR334W,YNL331C,0,-4.3220825,0.08792874962091446,0.9279999732971191,0.9625999927520752
YMR081C,YLR327C,0,-4.32269,0.0879204198718071,0.9279999732971191,0.9627000093460083
YLR008C,YOR001W,0,-4.3232055,0.08791209012269974,0.9279999732971191,0.9628000259399414
YDL082W,YJL192C,0,-4.323318,0.08790376037359238,0.9279999732971191,0.9628999829292297
YER007W,YDR464W,0,-4.3243957,0.08789543807506561,0.9279999732971191,0.9629999995231628
YOR175C,YDL061C,0,-4.3246593,0.08788710832595825,0.9279999732971191,0.963100016117096
YML086C,YOL003C,0,-4.3255177,0.08787878602743149,0.9279999732971191,0.9631999731063843
YER101C,YML081C-A,0,-4.3255587,0.08787046372890472,0.9279999732971191,0.9632999897003174
YLR357W,YGR276C,0,-4.325678,0.08786214888095856,0.9279999732971191,0.9634000062942505
YIL118W,YBL089W,0,-4.3256984,0.0878538265824318,0.9279999732971191,0.9635000228881836
YOL145C,YPL004C,0,-4.3257422,0.08784551173448563,0.9279999732971191,0.9635999798774719
YCL052C,YKL013C,0,-4.325833,0.08783719688653946,0.9279999732971191,0.963699996471405
YLR438C-A,YML081C-A,0,-4.3267374,0.08782888203859329,0.9279999732971191,0.9638000130653381
YMR035W,YKR020W,0,-4.327135,0.08782057464122772,0.9279999732971191,0.9639000296592712
YKL124W,YOR308C,0,-4.3273935,0.08781225979328156,0.9279999732971191,0.9639999866485596
YMR149W,YFR050C,0,-4.327565,0.08780395239591599,0.9279999732971191,0.9641000032424927
YDR172W,YNL068C,0,-4.328206,0.08779564499855042,0.9279999732971191,0.9642000198364258
YGR106C,YER086W,0,-4.3282766,0.08778734505176544,0.9279999732971191,0.9642999768257141
YPL022W,YPR192W,0,-4.328354,0.08777903765439987,0.9279999732971191,0.9643999934196472
YDR512C,YJR060W,0,-4.3289065,0.0877707377076149,0.9279999732971191,0.9645000100135803
YOR080W,YJL090C,1,-4.3289256,0.08785700798034668,0.9290000200271606,0.9645000100135803
YOR301W,YKR028W,0,-4.3296328,0.08784870058298111,0.9290000200271606,0.9646000266075134
YGR009C,YLR105C,0,-4.3296714,0.08784039318561554,0.9290000200271606,0.9646999835968018
YJL072C,YBR060C,1,-4.329703,0.08792663365602493,0.9300000071525574,0.9646999835968018
YMR156C,YGR129W,0,-4.3302555,0.08791831880807877,0.9300000071525574,0.9648000001907349
YNR055C,YOL145C,0,-4.3304744,0.0879100114107132,0.9300000071525574,0.964900016784668
YDR512C,YIL002C,0,-4.331494,0.08790170401334763,0.9300000071525574,0.9649999737739563
YDR045C,YNL259C,0,-4.331608,0.08789339661598206,0.9300000071525574,0.9650999903678894
YDR175C,YOR194C,0,-4.3320894,0.08788508921861649,0.9300000071525574,0.9652000069618225
YCR053W,YGL135W,0,-4.332199,0.08787678182125092,0.9300000071525574,0.9653000235557556
YDR419W,YPL153C,1,-4.332261,0.08796296268701553,0.9309999942779541,0.9653000235557556
YGR253C,YIL070C,0,-4.3322773,0.08795465528964996,0.9309999942779541,0.965399980545044
YHR028C,YGL137W,0,-4.332331,0.0879463478922844,0.9309999942779541,0.965499997138977
YBL068W,YNL110C,0,-4.332389,0.08793804049491882,0.9309999942779541,0.9656000137329102
YCL004W,YLR213C,0,-4.332691,0.08792973309755325,0.9309999942779541,0.9656999707221985
YJL095W,YGL049C,0,-4.3335886,0.08792142570018768,0.9309999942779541,0.9657999873161316
YOR304W,YGL060W,0,-4.333623,0.08791312575340271,0.9309999942779541,0.9659000039100647
YKL045W,YHR031C,1,-4.3338137,0.08799924701452255,0.9319999814033508,0.9659000039100647
YOR020C,YOL012C,0,-4.3340864,0.08799093961715698,0.9319999814033508,0.9660000205039978
YLR193C,YHR181W,0,-4.334485,0.08798263221979141,0.9319999814033508,0.9660999774932861
YFL049W,YOL100W,0,-4.3355527,0.08797432482242584,0.9319999814033508,0.9661999940872192
YOR301W,YOR129C,0,-4.335553,0.08796602487564087,0.9319999814033508,0.9663000106811523
YKR008W,YCR028C,0,-4.3367043,0.0879577174782753,0.9319999814033508,0.9664000272750854
YDR515W,YDR337W,0,-4.337459,0.08794941753149033,0.9319999814033508,0.9664999842643738
YDL043C,YOR150W,0,-4.337467,0.08794111758470535,0.9319999814033508,0.9666000008583069
YKL060C,YML106W,0,-4.337529,0.08793282508850098,0.9319999814033508,0.96670001745224
YFR029W,YGR056W,0,-4.337665,0.087924525141716,0.9319999814033508,0.9667999744415283
YOL026C,YOR060C,0,-4.3377514,0.08791623264551163,0.9319999814033508,0.9668999910354614
YDR207C,YPL203W,0,-4.3378825,0.08790794014930725,0.9319999814033508,0.9670000076293945
YDL100C,YCR004C,0,-4.338171,0.08789964765310287,0.9319999814033508,0.9671000242233276
YER117W,YER126C,0,-4.3381743,0.0878913626074791,0.9319999814033508,0.967199981212616
YOL078W,YOR002W,0,-4.33881,0.08788307756185532,0.9319999814033508,0.9672999978065491
YMR194W,YDR050C,0,-4.33934,0.08787478506565094,0.9319999814033508,0.9674000144004822
YOR066W,YNL080C,0,-4.3396716,0.08786650002002716,0.9319999814033508,0.9674999713897705
YGR199W,YHR171W,0,-4.3399,0.08785822242498398,0.9319999814033508,0.9675999879837036
YNL261W,YMR234W,1,-4.34023,0.08794419467449188,0.9330000281333923,0.9675999879837036
YJL090C,YKL017C,1,-4.340558,0.08803015947341919,0.9340000152587891,0.9675999879837036
YBL035C,YBR278W,1,-4.34094,0.0881161093711853,0.9350000023841858,0.9675999879837036
YOR117W,YDR177W,0,-4.341028,0.08810780197381973,0.9350000023841858,0.9677000045776367
YOR079C,YOR075W,0,-4.3411913,0.08809950202703476,0.9350000023841858,0.9678000211715698
YBL055C,YBR061C,0,-4.341281,0.08809120208024979,0.9350000023841858,0.9678999781608582
YMR247C,YNL238W,0,-4.34144,0.08808290213346481,0.9350000023841858,0.9679999947547913
YPL099C,YDL225W,0,-4.341644,0.08807460218667984,0.9350000023841858,0.9681000113487244
YGR030C,YJL033W,0,-4.342671,0.08806630969047546,0.9350000023841858,0.9682000279426575
YLR047C,YJR131W,0,-4.3428473,0.08805801719427109,0.9350000023841858,0.9682999849319458
YNL147W,YIL156W,0,-4.343132,0.08804972469806671,0.9350000023841858,0.9684000015258789
YGL216W,YDL045C,0,-4.343183,0.08804143220186234,0.9350000023841858,0.968500018119812
YER012W,YDR096W,0,-4.3432918,0.08803313970565796,0.9350000023841858,0.9685999751091003
YLR370C,YJL155C,0,-4.3435535,0.08802485466003418,0.9350000023841858,0.9686999917030334
YKL170W,YJR060W,0,-4.3437634,0.0880165696144104,0.9350000023841858,0.9688000082969666
YMR012W,YBL047C,0,-4.343973,0.08800828456878662,0.9350000023841858,0.9689000248908997
YHR148W,YHR090C,0,-4.344163,0.08799999952316284,0.9350000023841858,0.968999981880188
YDR381W,YDR224C,0,-4.3456917,0.08799172192811966,0.9350000023841858,0.9690999984741211
YCR037C,YLL021W,0,-4.3460865,0.08798343688249588,0.9350000023841858,0.9692000150680542
YML113W,YOR359W,0,-4.3461094,0.0879751592874527,0.9350000023841858,0.9692999720573425
YER063W,YHR024C,0,-4.3462276,0.08796688169240952,0.9350000023841858,0.9693999886512756
YJR155W,YFL056C,0,-4.346297,0.08795860409736633,0.9350000023841858,0.9695000052452087
YDR419W,YOR330C,1,-4.348323,0.08804439753293991,0.9359999895095825,0.9695000052452087
YOR080W,YKL108W,1,-4.348455,0.0881301760673523,0.9369999766349792,0.9695000052452087
YPR111W,YOR126C,0,-4.3486857,0.08812188357114792,0.9369999766349792,0.9696000218391418
YOR113W,YPR198W,0,-4.3488007,0.08811359852552414,0.9369999766349792,0.9696999788284302
YOL005C,YOL102C,0,-4.3491225,0.08810531347990036,0.9369999766349792,0.9697999954223633
YDR427W,YBR095C,0,-4.349305,0.08809702843427658,0.9369999766349792,0.9699000120162964
YPL026C,YPL074W,0,-4.3493376,0.0880887433886528,0.9369999766349792,0.9700000286102295
YMR112C,YML021C,0,-4.349353,0.08808046579360962,0.9369999766349792,0.9700999855995178
YDR257C,YOR261C,0,-4.350207,0.08807218819856644,0.9369999766349792,0.9702000021934509
YBR279W,YDR386W,0,-4.350567,0.08806391060352325,0.9369999766349792,0.970300018787384
YPL153C,YKL108W,1,-4.3511953,0.08814960718154907,0.9380000233650208,0.970300018787384
YER129W,YPL153C,1,-4.3514304,0.0882352963089943,0.9390000104904175,0.970300018787384
YGL168W,YDR013W,1,-4.351715,0.08832096308469772,0.9399999976158142,0.970300018787384
YPR019W,YOR217W,1,-4.3518314,0.08840661495923996,0.9409999847412109,0.970300018787384
YDR013W,YKL017C,1,-4.3523784,0.088492251932621,0.9419999718666077,0.970300018787384
YPR180W,YMR076C,0,-4.352986,0.08848393708467484,0.9419999718666077,0.9703999757766724
YOR039W,YLR238W,0,-4.3531685,0.08847562968730927,0.9419999718666077,0.9704999923706055
YDL127W,YGR104C,0,-4.353689,0.0884673148393631,0.9419999718666077,0.9706000089645386
YPR125W,YOR322C,0,-4.354356,0.08845900744199753,0.9419999718666077,0.9707000255584717
YOL045W,YOR150W,0,-4.354376,0.08845070749521255,0.9419999718666077,0.97079998254776
YLL021W,YGL167C,0,-4.3559065,0.08844240009784698,0.9419999718666077,0.9708999991416931
YLR373C,YJR032W,0,-4.3565555,0.08843410015106201,0.9419999718666077,0.9710000157356262
YDR323C,YPR100W,0,-4.3582025,0.08842579275369644,0.9419999718666077,0.9710999727249146
YLL004W,YJL090C,1,-4.3586617,0.08851135522127151,0.9430000185966492,0.9710999727249146
YAR042W,YGL083W,0,-4.3587375,0.08850304782390594,0.9430000185966492,0.9711999893188477
YER129W,YDR419W,1,-4.3594046,0.08858858793973923,0.9440000057220459,0.9711999893188477
YHR081W,YDR245W,0,-4.3595743,0.08858027309179306,0.9440000057220459,0.9713000059127808
YDR169C,YNL185C,0,-4.3597183,0.08857196569442749,0.9440000057220459,0.9714000225067139
YNL261W,YKL017C,1,-4.3602524,0.08865747600793839,0.9449999928474426,0.9714000225067139
YOR148C,YLR078C,0,-4.360299,0.08864915370941162,0.9449999928474426,0.9714999794960022
YDR496C,YER002W,0,-4.360604,0.08864083886146545,0.9449999928474426,0.9715999960899353
YOR061W,YDR005C,0,-4.3611994,0.08863252401351929,0.9449999928474426,0.9717000126838684
YPL234C,YPL048W,0,-4.3624516,0.08862421661615372,0.9449999928474426,0.9718000292778015
YMR156C,YKL197C,0,-4.3626046,0.08861590176820755,0.9449999928474426,0.9718999862670898
YER046W,YLR176C,0,-4.362906,0.08860759437084198,0.9449999928474426,0.972000002861023
YJR068W,YBR060C,1,-4.3630867,0.0886930450797081,0.9459999799728394,0.972000002861023
YNL027W,YKL155C,0,-4.363516,0.08868473023176193,0.9459999799728394,0.972100019454956
YPL022W,YOL011W,0,-4.363863,0.08867641538381577,0.9459999799728394,0.9721999764442444
YOR080W,YDL056W,1,-4.363915,0.0887618362903595,0.9470000267028809,0.9721999764442444
YGL168W,YKL017C,1,-4.364017,0.08884723484516144,0.9480000138282776,0.9721999764442444
YNL085W,YML124C,0,-4.364043,0.08883891254663467,0.9480000138282776,0.9722999930381775
YDR419W,YKL017C,1,-4.3657885,0.08892428874969482,0.9490000009536743,0.9722999930381775
YHR135C,YHR024C,0,-4.365981,0.08891595900058746,0.9490000009536743,0.9724000096321106
YOR294W,YPR187W,0,-4.3668118,0.0889076292514801,0.9490000009536743,0.9725000262260437
YDR512C,YOL005C,0,-4.3668494,0.08889929950237274,0.9490000009536743,0.972599983215332
YAR033W,YDR201W,0,-4.367465,0.08889096975326538,0.9490000009536743,0.9726999998092651
YFL048C,YDR207C,0,-4.3677206,0.08888264745473862,0.9490000009536743,0.9728000164031982
YIL007C,YDR168W,0,-4.368275,0.08887431770563126,0.9490000009536743,0.9728999733924866
YDL102W,YJR057W,1,-4.36885,0.08895964175462723,0.949999988079071,0.9728999733924866
YDR172W,YOR123C,0,-4.368861,0.08895131200551987,0.949999988079071,0.9729999899864197
YOR177C,YLR165C,0,-4.3691506,0.0889429822564125,0.949999988079071,0.9731000065803528
YBR245C,YOR259C,0,-4.3699493,0.08893465995788574,0.949999988079071,0.9732000231742859
YGR225W,YJR082C,0,-4.3705034,0.08892633020877838,0.949999988079071,0.9732999801635742
YLR015W,YGL090W,0,-4.370783,0.08891800791025162,0.949999988079071,0.9733999967575073
YNL311C,YOL135C,0,-4.3710566,0.08890968561172485,0.949999988079071,0.9735000133514404
YOR269W,YML081C-A,0,-4.372223,0.08890136331319809,0.949999988079071,0.9735999703407288
YLR459W,YHR150W,0,-4.3727355,0.08889304846525192,0.949999988079071,0.9736999869346619
YKL045W,YJL173C,1,-4.37334,0.08897829055786133,0.9509999752044678,0.9736999869346619
YMR020W,YDL019C,0,-4.37346,0.08896996825933456,0.9509999752044678,0.973800003528595
YOL145C,YGR009C,0,-4.3734875,0.0889616459608078,0.9509999752044678,0.9739000201225281
YHR186C,YGL241W,0,-4.373578,0.08895332366228104,0.9509999752044678,0.9739999771118164
YOR187W,YKR006C,0,-4.375232,0.08894500881433487,0.9509999752044678,0.9740999937057495
YLR025W,YIR004W,0,-4.375575,0.0889366865158081,0.9509999752044678,0.9742000102996826
YBL035C,YHR118C,1,-4.376354,0.08902188390493393,0.9520000219345093,0.9742000102996826
YMR077C,YBR123C,0,-4.3771915,0.08901355415582657,0.9520000219345093,0.9743000268936157
YGR032W,YDL070W,0,-4.3778267,0.0890052393078804,0.9520000219345093,0.974399983882904
YNL016W,YNL330C,0,-4.378172,0.08899691700935364,0.9520000219345093,0.9745000004768372
YKL017C,YBR060C,1,-4.3782187,0.08908206969499588,0.953000009059906,0.9745000004768372
YBR095C,YOL149W,0,-4.37959,0.08907374739646912,0.953000009059906,0.9746000170707703
YER063W,YPL271W,0,-4.3801365,0.08906541764736176,0.953000009059906,0.9746999740600586
YLR395C,YBL064C,0,-4.3804793,0.08905709534883499,0.953000009059906,0.9747999906539917
YJL140W,YOL149W,0,-4.380533,0.08904877305030823,0.953000009059906,0.9749000072479248
YIL035C,YJL096W,0,-4.3810396,0.08904045820236206,0.953000009059906,0.9750000238418579
YNL103W,YGR216C,0,-4.3811975,0.0890321359038353,0.953000009059906,0.9750999808311462
YFR010W,YHR027C,0,-4.3818593,0.08902382105588913,0.953000009059906,0.9751999974250793
YBR264C,YLR118C,0,-4.3833804,0.08901550620794296,0.953000009059906,0.9753000140190125
YCL067C,YDL106C,0,-4.3839636,0.0890071913599968,0.953000009059906,0.9753999710083008
YGL191W,YGL068W,0,-4.384727,0.08899887651205063,0.953000009059906,0.9754999876022339
YDR487C,YLR450W,0,-4.3847857,0.08899056911468506,0.953000009059906,0.975600004196167
YJR068W,YPR120C,1,-4.3848195,0.08907563239336014,0.9539999961853027,0.975600004196167
YLR023C,YKL062W,0,-4.384941,0.08906731754541397,0.9539999961853027,0.9757000207901001
YDL115C,YGL087C,0,-4.3854957,0.0890590026974678,0.9539999961853027,0.9757999777793884
YBR022W,YDL008W,0,-4.385846,0.08905068784952164,0.9539999961853027,0.9758999943733215
YPL156C,YOL102C,0,-4.3861113,0.08904237300157547,0.9539999961853027,0.9760000109672546
YER055C,YLR192C,0,-4.386115,0.0890340656042099,0.9539999961853027,0.9761000275611877
YLR373C,YMR224C,0,-4.3867235,0.08902575820684433,0.9539999961853027,0.9761999845504761
YPR067W,YPL022W,0,-4.3877892,0.08901745080947876,0.9539999961853027,0.9763000011444092
YIL126W,YBR164C,0,-4.3892508,0.08900914341211319,0.9539999961853027,0.9764000177383423
YHR017W,YDR494W,0,-4.3893123,0.08900083601474762,0.9539999961853027,0.9764999747276306
YGR143W,YOR257W,0,-4.3894844,0.08899253606796265,0.9539999961853027,0.9765999913215637
YFL005W,YBR254C,0,-4.389943,0.08898423612117767,0.9539999961853027,0.9767000079154968
YOR260W,YOR002W,0,-4.390695,0.0889759361743927,0.9539999961853027,0.9768000245094299
YLR427W,YGL060W,0,-4.390957,0.08896763622760773,0.9539999961853027,0.9768999814987183
YBL088C,YHR181W,0,-4.391388,0.08895934373140335,0.9539999961853027,0.9769999980926514
YDR013W,YBR060C,1,-4.391556,0.08904428780078888,0.9549999833106995,0.9769999980926514
YML099C,YNL298W,0,-4.392205,0.0890359878540039,0.9549999833106995,0.9771000146865845
YKR030W,YGL220W,0,-4.3923016,0.08902768790721893,0.9549999833106995,0.9771999716758728
YDR121W,YDR279W,1,-4.394594,0.08911260217428207,0.9559999704360962,0.9771999716758728
YNL261W,YDR121W,1,-4.394695,0.08919750154018402,0.9570000171661377,0.9771999716758728
YLL029W,YKR031C,0,-4.3953114,0.08918918669223785,0.9570000171661377,0.9772999882698059
YDR045C,YBR187W,0,-4.3970447,0.08918087929487228,0.9570000171661377,0.977400004863739
YDR292C,YPL235W,0,-4.3972025,0.08917256444692612,0.9570000171661377,0.9775000214576721
YNL038W,YMR075W,0,-4.399555,0.08916425704956055,0.9570000171661377,0.9775999784469604
YLR418C,YMR054W,0,-4.400587,0.08915594965219498,0.9570000171661377,0.9776999950408936
YDR013W,YJR057W,1,-4.401481,0.08924080431461334,0.9580000042915344,0.9776999950408936
YDR284C,YMR302C,0,-4.401532,0.08923248946666718,0.9580000042915344,0.9778000116348267
YLL004W,YMR234W,1,-4.4022074,0.08931731432676315,0.9589999914169312,0.9778000116348267
YNL136W,YDR207C,0,-4.4025207,0.08930899947881699,0.9589999914169312,0.9779000282287598
YKL015W,YLR105C,0,-4.403102,0.08930067718029022,0.9589999914169312,0.9779999852180481
YKR053C,YER022W,0,-4.403452,0.08929236233234406,0.9589999914169312,0.9781000018119812
YJL066C,YGL037C,0,-4.403968,0.08928405493497849,0.9589999914169312,0.9782000184059143
YOL064C,YML067C,0,-4.4045157,0.08927574008703232,0.9589999914169312,0.9782999753952026
YFR036W,YKR008W,0,-4.404751,0.08926743268966675,0.9589999914169312,0.9783999919891357
YGR143W,YDL076C,0,-4.404874,0.08925911784172058,0.9589999914169312,0.9785000085830688
YGL122C,YOR117W,0,-4.405239,0.08925081789493561,0.9589999914169312,0.978600025177002
YER129W,YDL056W,1,-4.405423,0.08933556824922562,0.9599999785423279,0.978600025177002
YDR453C,YFR024C-A,0,-4.4058604,0.08932725340127945,0.9599999785423279,0.9786999821662903
YLR182W,YGL142C,0,-4.406192,0.08931894600391388,0.9599999785423279,0.9787999987602234
YPL235W,YGL167C,0,-4.4062204,0.08931063115596771,0.9599999785423279,0.9789000153541565
YLR418C,YPL252C,0,-4.4073324,0.08930232375860214,0.9599999785423279,0.9789999723434448
YLR096W,YML006C,0,-4.4081807,0.08929401636123657,0.9599999785423279,0.9790999889373779
YBR278W,YDR069C,1,-4.4091387,0.089378722012043,0.9610000252723694,0.9790999889373779
YOR301W,YOR304W,0,-4.4095654,0.08937040716409683,0.9610000252723694,0.979200005531311
YLR075W,YBL056W,0,-4.4103765,0.08936209976673126,0.9610000252723694,0.9793000221252441
YIR002C,YDR494W,0,-4.4108057,0.08935379236936569,0.9610000252723694,0.9793999791145325
YDR289C,YNL107W,0,-4.411028,0.08934548497200012,0.9610000252723694,0.9794999957084656
YMR088C,YMR039C,0,-4.411971,0.08933717757463455,0.9610000252723694,0.9796000123023987
YDR419W,YDR069C,1,-4.4121013,0.0894218236207962,0.9620000123977661,0.9796000123023987
YDR427W,YMR005W,0,-4.4121084,0.08941351622343063,0.9620000123977661,0.9797000288963318
YMR281W,YGR268C,0,-4.413355,0.08940520137548447,0.9620000123977661,0.9797999858856201
YGL003C,YDR088C,0,-4.413984,0.0893968939781189,0.9620000123977661,0.9799000024795532
YBR087W,YJR068W,1,-4.414149,0.08948151022195816,0.9629999995231628,0.9799000024795532
YMR081C,YDR207C,0,-4.414216,0.089473195374012,0.9629999995231628,0.9800000190734863
YDR511W,YBR123C,0,-4.4146276,0.08946488052606583,0.9629999995231628,0.9800999760627747
YNR037C,YDL047W,0,-4.415659,0.08945657312870026,0.9629999995231628,0.9801999926567078
YAR035W,YKL094W,0,-4.415722,0.08944826573133469,0.9629999995231628,0.9803000092506409
YKR055W,YJR082C,0,-4.4157324,0.08943995833396912,0.9629999995231628,0.980400025844574
YMR075W,YMR224C,0,-4.4157763,0.08943165093660355,0.9629999995231628,0.9804999828338623
YDL102W,YDL056W,1,-4.416669,0.08951620757579803,0.9639999866485596,0.9804999828338623
YNL094W,YJL128C,0,-4.419053,0.08950789272785187,0.9639999866485596,0.9805999994277954
YOR372C,YBR074W,0,-4.419592,0.0894995853304863,0.9639999866485596,0.9807000160217285
YJL072C,YKL045W,1,-4.419817,0.0895841047167778,0.9649999737739563,0.9807000160217285
YDR069C,YDR121W,1,-4.421154,0.08966861665248871,0.9660000205039978,0.9807000160217285
YDR362C,YER114C,0,-4.4212694,0.08966029435396194,0.9660000205039978,0.9807999730110168
YNL147W,YOL003C,0,-4.421302,0.08965197205543518,0.9660000205039978,0.98089998960495
YMR240C,YPL204W,0,-4.4215784,0.08964364975690842,0.9660000205039978,0.9810000061988831
YGL168W,YDR121W,1,-4.423914,0.08972812443971634,0.9670000076293945,0.9810000061988831
YER129W,YJR057W,1,-4.4250145,0.08981258422136307,0.9679999947547913,0.9810000061988831
YJL072C,YDL102W,1,-4.4273853,0.089897021651268,0.968999981880188,0.9810000061988831
YOL026C,YGR253C,0,-4.427992,0.08988868445158005,0.968999981880188,0.9811000227928162
YPL137C,YPL159C,0,-4.430046,0.08988034725189209,0.968999981880188,0.9811999797821045
YLR209C,YHR186C,0,-4.4300528,0.08987201005220413,0.968999981880188,0.9812999963760376
YOL026C,YDR483W,0,-4.4305286,0.08986367285251617,0.968999981880188,0.9814000129699707
YMR188C,YGL050W,0,-4.4316654,0.08985534310340881,0.968999981880188,0.9815000295639038
YDR260C,YCR096C,0,-4.4326043,0.08984701335430145,0.968999981880188,0.9815999865531921
YER068W,YIR011C,0,-4.4327383,0.0898386761546135,0.968999981880188,0.9817000031471252
YPL122C,YGL190C,0,-4.4344177,0.08983035385608673,0.968999981880188,0.9818000197410583
YNL330C,YOR179C,0,-4.434554,0.08982202410697937,0.968999981880188,0.9818999767303467
YBR022W,YDR375C,0,-4.4355717,0.0898137018084526,0.968999981880188,0.9819999933242798
YKR066C,YDL065C,0,-4.435774,0.08980537205934525,0.968999981880188,0.9821000099182129
YCR014C,YER112W,0,-4.4358068,0.08979704976081848,0.968999981880188,0.982200026512146
YML011C,YDL006W,0,-4.4358873,0.08978873491287231,0.968999981880188,0.9822999835014343
YPL099C,YLR360W,0,-4.4362955,0.08978041261434555,0.968999981880188,0.9824000000953674
YDR511W,YDR377W,0,-4.4364843,0.08977209776639938,0.968999981880188,0.9825000166893005
YDR419W,YPR120C,1,-4.436841,0.08985641598701477,0.9700000286102295,0.9825000166893005
YPR171W,YDR057W,0,-4.4383125,0.089848093688488,0.9700000286102295,0.9825999736785889
YAL022C,YOR061W,0,-4.43876,0.08983977138996124,0.9700000286102295,0.982699990272522
YIL150C,YGL251C,1,-4.4388638,0.08992405980825424,0.9710000157356262,0.982699990272522
YMR036C,YDL045C,0,-4.439779,0.08991573005914688,0.9710000157356262,0.9828000068664551
YHR118C,YDR121W,1,-4.44014,0.09000000357627869,0.972000002861023,0.9828000068664551
YDR013W,YDR279W,1,-4.440979,0.0900842547416687,0.9729999899864197,0.9828000068664551
YLR052W,YLR130C,0,-4.442155,0.09007591009140015,0.9729999899864197,0.9829000234603882
YIL039W,YBL056W,0,-4.443622,0.09006757289171219,0.9729999899864197,0.9829999804496765
YOR020C,YOR167C,0,-4.4437704,0.09005923569202423,0.9729999899864197,0.9830999970436096
YHR118C,YHR031C,1,-4.4440775,0.09014344960451126,0.9739999771118164,0.9830999970436096
YOR259C,YCR096C,0,-4.444107,0.0901351124048233,0.9739999771118164,0.9832000136375427
YMR194W,YLR175W,0,-4.445857,0.09012676775455475,0.9739999771118164,0.983299970626831
YBL047C,YDR150W,0,-4.445904,0.09011843055486679,0.9739999771118164,0.9833999872207642
YDR013W,YDR121W,1,-4.4473333,0.09020260721445084,0.9750000238418579,0.9833999872207642
YLL004W,YDR110W,1,-4.448366,0.09028676897287369,0.9760000109672546,0.9833999872207642
YLR361C,YPL004C,0,-4.4488173,0.09027841687202454,0.9760000109672546,0.9835000038146973
YDL056W,YBR060C,1,-4.449062,0.0903625637292862,0.9769999980926514,0.9835000038146973
YOR061W,YPL226W,0,-4.4501724,0.09035420417785645,0.9769999980926514,0.9836000204086304
YJL124C,YNL284C,0,-4.4504805,0.0903458446264267,0.9769999980926514,0.9836999773979187
YDR289C,YDR088C,0,-4.45053,0.09033749252557755,0.9769999980926514,0.9837999939918518
YOR014W,YOR089C,0,-4.4505367,0.0903291404247284,0.9769999980926514,0.9839000105857849
YGR181W,YOL005C,0,-4.4508576,0.09032078832387924,0.9769999980926514,0.984000027179718
YLL004W,YNL218W,1,-4.4523053,0.09040488302707672,0.9779999852180481,0.984000027179718
YBR173C,YKL190W,0,-4.4529133,0.09039652347564697,0.9779999852180481,0.9840999841690063
YPL127C,YBR052C,0,-4.454305,0.09038817137479782,0.9779999852180481,0.9842000007629395
YLR165C,YKL002W,0,-4.45518,0.09037981927394867,0.9779999852180481,0.9843000173568726
YHR064C,YER023W,0,-4.456233,0.09037146717309952,0.9779999852180481,0.9843999743461609
YLR459W,YJL143W,0,-4.4562745,0.09036311507225037,0.9779999852180481,0.984499990940094
YIL120W,YDR088C,0,-4.458308,0.09035477042198181,0.9779999852180481,0.9846000075340271
YFR052W,YDR031W,0,-4.4588156,0.09034641832113266,0.9779999852180481,0.9847000241279602
YLR097C,YPL215W,0,-4.459062,0.0903380736708641,0.9779999852180481,0.9847999811172485
YOR217W,YKL045W,1,-4.4605246,0.09042209386825562,0.9789999723434448,0.9847999811172485
YDR512C,YPL002C,0,-4.460532,0.09041374176740646,0.9789999723434448,0.9848999977111816
YNL027W,YGL095C,0,-4.4610186,0.09040538966655731,0.9789999723434448,0.9850000143051147
YHR079C,YOR279C,0,-4.4638615,0.09039704501628876,0.9789999723434448,0.9850999712944031
YMR065W,YDR057W,0,-4.4647136,0.0903887003660202,0.9789999723434448,0.9851999878883362
YLR182W,YOR274W,0,-4.4650483,0.09038035571575165,0.9789999723434448,0.9853000044822693
YDR308C,YKL002W,0,-4.4665275,0.0903720110654831,0.9789999723434448,0.9854000210762024
YGR009C,YHR111W,0,-4.467875,0.09036366641521454,0.9789999723434448,0.9854999780654907
YOR038C,YMR037C,0,-4.4684362,0.09035532921552658,0.9789999723434448,0.9855999946594238
YCL014W,YPR198W,0,-4.4685564,0.09034699201583862,0.9789999723434448,0.9857000112533569
YGL113W,YNL261W,1,-4.469716,0.09043093025684357,0.9800000190734863,0.9857000112533569
YDR341C,YHL011C,0,-4.470274,0.09042258560657501,0.9800000190734863,0.98580002784729
YPR135W,YJR068W,1,-4.470513,0.09050650149583817,0.9810000061988831,0.98580002784729
YNL133C,YGL163C,0,-4.470522,0.09049815684556961,0.9810000061988831,0.9858999848365784
YOR080W,YDR419W,1,-4.47064,0.09058205038309097,0.9819999933242798,0.9858999848365784
YLR418C,YKL002W,0,-4.471449,0.09057369828224182,0.9819999933242798,0.9860000014305115
YML036W,YBR187W,0,-4.4720793,0.09056533873081207,0.9819999933242798,0.9861000180244446
YKL045W,YKL108W,1,-4.4727087,0.09064920991659164,0.9829999804496765,0.9861000180244446
YKR062W,YGR046W,0,-4.4729834,0.0906408503651619,0.9829999804496765,0.9861999750137329
YLR015W,YGL049C,0,-4.474413,0.09063249081373215,0.9829999804496765,0.986299991607666
YNL119W,YDR496C,0,-4.474698,0.090624138712883,0.9829999804496765,0.9864000082015991
YPR135W,YDR121W,1,-4.4750147,0.09070796519517899,0.984000027179718,0.9864000082015991
YBR170C,YCL052C,0,-4.4754457,0.09069960564374924,0.984000027179718,0.9865000247955322
YBR087W,YKL045W,1,-4.4766626,0.09078340977430344,0.9850000143051147,0.9865000247955322
YAL013W,YDR229W,0,-4.4799767,0.09077504277229309,0.9850000143051147,0.9865999817848206
YOR061W,YDR372C,0,-4.4808264,0.09076667577028275,0.9850000143051147,0.9866999983787537
YNR001C,YGL037C,0,-4.481393,0.090758316218853,0.9850000143051147,0.9868000149726868
YJR126C,YBR254C,0,-4.4816923,0.09074995666742325,0.9850000143051147,0.9868999719619751
YNL128W,YNL107W,0,-4.4833603,0.0907415971159935,0.9850000143051147,0.9869999885559082
YDL130W,YKL156W,0,-4.4857492,0.09073323756456375,0.9850000143051147,0.9871000051498413
YMR274C,YOR002W,0,-4.4859633,0.090724878013134,0.9850000143051147,0.9872000217437744
YIL109C,YHR027C,0,-4.4866366,0.09071652591228485,0.9850000143051147,0.9872999787330627
YPL174C,YLR330W,0,-4.487603,0.0907081663608551,0.9850000143051147,0.9873999953269958
YDL148C,YOR119C,0,-4.4882565,0.09069981426000595,0.9850000143051147,0.987500011920929
YPR135W,YHR031C,1,-4.4887276,0.09078353643417358,0.9860000014305115,0.987500011920929
YNL212W,YDR507C,0,-4.4898806,0.09077517688274384,0.9860000014305115,0.9876000285148621
YER129W,YDR121W,1,-4.490837,0.09085887670516968,0.9869999885559082,0.9876000285148621
YPL173W,YBR251W,0,-4.4915843,0.09085051715373993,0.9869999885559082,0.9876999855041504
YDR421W,YBR273C,0,-4.492359,0.09084215015172958,0.9869999885559082,0.9878000020980835
YDR292C,YMR220W,0,-4.493342,0.09083379060029984,0.9869999885559082,0.9879000186920166
YKR008W,YNL293W,0,-4.4933786,0.09082543849945068,0.9869999885559082,0.9879999756813049
YKR055W,YGR143W,0,-4.493585,0.09081707894802094,0.9869999885559082,0.988099992275238
YEL058W,YDL029W,0,-4.4943,0.09080871939659119,0.9869999885559082,0.9882000088691711
YPR095C,YML077W,0,-4.496926,0.09080036729574203,0.9869999885559082,0.9883000254631042
YMR133W,YPR007C,0,-4.500435,0.09079201519489288,0.9869999885559082,0.9883999824523926
YLL033W,YMR198W,0,-4.503231,0.09078366309404373,0.9869999885559082,0.9884999990463257
YPL203W,YJR058C,0,-4.503874,0.09077531844377518,0.9869999885559082,0.9886000156402588
YJL187C,YER154W,0,-4.504218,0.09076696634292603,0.9869999885559082,0.9886999726295471
YDR419W,YNL218W,1,-4.5042977,0.0908505767583847,0.9879999756813049,0.9886999726295471
YKR052C,YDR511W,0,-4.505206,0.09084222465753555,0.9879999756813049,0.9887999892234802
YGL139W,YER025W,0,-4.5055103,0.0908338725566864,0.9879999756813049,0.9889000058174133
YAL051W,YPR024W,0,-4.5058866,0.09082552045583725,0.9879999756813049,0.9890000224113464
YCL004W,YNL223W,0,-4.506613,0.0908171683549881,0.9879999756813049,0.9890999794006348
YGL089C,YKL178C,0,-4.508346,0.09080882370471954,0.9879999756813049,0.9891999959945679
YOR150W,YBL056W,0,-4.510417,0.09080047905445099,0.9879999756813049,0.989300012588501
YFR038W,YPR171W,0,-4.511075,0.09079213440418243,0.9879999756813049,0.9894000291824341
YJR057W,YDR121W,1,-4.513586,0.09087567776441574,0.9890000224113464,0.9894000291824341
YBL026W,YML067C,0,-4.5151668,0.09086732566356659,0.9890000224113464,0.9894999861717224
YIL019W,YPL126W,0,-4.5154114,0.09085898101329803,0.9890000224113464,0.9896000027656555
YBR278W,YDR121W,1,-4.516618,0.09094249457120895,0.9900000095367432,0.9896000027656555
YDR081C,YDR034C,0,-4.516968,0.0909341424703598,0.9900000095367432,0.9897000193595886
YKL170W,YDR071C,0,-4.5170135,0.09092579036951065,0.9900000095367432,0.989799976348877
YPL177C,YKR100C,0,-4.517214,0.0909174382686615,0.9900000095367432,0.9898999929428101
YLL004W,YER129W,1,-4.5173206,0.09100091457366943,0.9909999966621399,0.9898999929428101
YIL118W,YGR056W,0,-4.517587,0.09099256247282028,0.9909999966621399,0.9900000095367432
YJR068W,YGL168W,1,-4.518861,0.09107601642608643,0.9919999837875366,0.9900000095367432
YLR361C,YJL134W,0,-4.5197124,0.09106765687465668,0.9919999837875366,0.9901000261306763
YDR460W,YNL183C,0,-4.5233173,0.09105929732322693,0.9919999837875366,0.9901999831199646
YKR062W,YNL129W,0,-4.525478,0.09105093777179718,0.9919999837875366,0.9902999997138977
YOR372C,YKL059C,0,-4.526249,0.09104258567094803,0.9919999837875366,0.9904000163078308
YLR438C-A,YDR486C,0,-4.5277,0.09103422611951828,0.9919999837875366,0.9904999732971191
YCR096C,YDR022C,0,-4.527724,0.09102587401866913,0.9919999837875366,0.9905999898910522
YGR193C,YDR456W,0,-4.533512,0.09101752191781998,0.9919999837875366,0.9907000064849854
YAL051W,YMR188C,0,-4.5426574,0.09100917726755142,0.9919999837875366,0.9908000230789185
YIL007C,YDR468C,0,-4.544036,0.09100082516670227,0.9919999837875366,0.9908999800682068
YDR247W,YLL019C,0,-4.5450196,0.09099248051643372,0.9919999837875366,0.9909999966621399
YER167W,YPL213W,0,-4.546951,0.09098413586616516,0.9919999837875366,0.991100013256073
YNR008W,YDR386W,0,-4.5503597,0.0909757912158966,0.9919999837875366,0.9911999702453613
YMR281W,YGL003C,0,-4.550533,0.09096744656562805,0.9919999837875366,0.9912999868392944
YML098W,YMR077C,0,-4.5533834,0.0909591019153595,0.9919999837875366,0.9914000034332275
YFL013C,YGR241C,0,-4.5537143,0.09095076471567154,0.9919999837875366,0.9915000200271606
YMR150C,YDL192W,0,-4.555137,0.09094242751598358,0.9919999837875366,0.991599977016449
YDR260C,YPL180W,0,-4.5558977,0.09093409031629562,0.9919999837875366,0.9916999936103821
YGR193C,YNL231C,0,-4.559793,0.09092575311660767,0.9919999837875366,0.9918000102043152
YOL108C,YEL018W,0,-4.56021,0.0909174233675003,0.9919999837875366,0.9919000267982483
YER063W,YPL218W,0,-4.5634203,0.09090909361839294,0.9919999837875366,0.9919999837875366
YGL168W,YDR279W,1,-4.5640354,0.09099239110946655,0.9929999709129333,0.9919999837875366
YGR009C,YJL098W,0,-4.5640583,0.0909840539097786,0.9929999709129333,0.9921000003814697
YGR254W,YAL035W,0,-4.56618,0.09097572416067123,0.9929999709129333,0.9922000169754028
YPL011C,YNL107W,0,-4.5685167,0.09096738696098328,0.9929999709129333,0.9922999739646912
YLR285W,YOR067C,0,-4.569229,0.09095905721187592,0.9929999709129333,0.9923999905586243
YBL092W,YNL244C,0,-4.570499,0.09095072001218796,0.9929999709129333,0.9925000071525574
YGR223C,YLR191W,0,-4.5768766,0.0909423977136612,0.9929999709129333,0.9926000237464905
YNL199C,YIL005W,0,-4.577362,0.09093406796455383,0.9929999709129333,0.9926999807357788
YMR005W,YPL180W,0,-4.5804043,0.09092573821544647,0.9929999709129333,0.9927999973297119
YOR304W,YDR072C,0,-4.5833893,0.09091741591691971,0.9929999709129333,0.992900013923645
YMR193W,YNL147W,0,-4.5839043,0.09090909361839294,0.9929999709129333,0.9929999709129333
YJR068W,YDR279W,1,-4.584134,0.09099230915307999,0.9940000176429749,0.9929999709129333
YBR049C,YDR228C,0,-4.589862,0.09098397940397263,0.9940000176429749,0.9930999875068665
YDR139C,YNL159C,0,-4.591276,0.09097565710544586,0.9940000176429749,0.9932000041007996
YGL173C,YNL137C,0,-4.5916557,0.0909673273563385,0.9940000176429749,0.9933000206947327
YJR133W,YOL003C,0,-4.5973253,0.09095900505781174,0.9940000176429749,0.993399977684021
YPR135W,YHR118C,1,-4.599805,0.0910421833395958,0.9950000047683716,0.993399977684021
YER151C,YDR005C,0,-4.600359,0.09103385359048843,0.9950000047683716,0.9934999942779541
YBR283C,YMR146C,0,-4.6008444,0.09102552384138107,0.9950000047683716,0.9936000108718872
YPR086W,YKL016C,0,-4.602257,0.09101719409227371,0.9950000047683716,0.9937000274658203
YOR257W,YKL028W,0,-4.604611,0.09100887179374695,0.9950000047683716,0.9937999844551086
YPR180W,YOR275C,0,-4.6058083,0.09100054949522018,0.9950000047683716,0.9939000010490417
YBL035C,YDR279W,1,-4.610713,0.09108367562294006,0.9959999918937683,0.9939000010490417
YML048W,YBR036C,0,-4.6118317,0.0910753458738327,0.9959999918937683,0.9940000176429749
YPL154C,YPL004C,0,-4.6190233,0.09106702357530594,0.9959999918937683,0.9940999746322632
YLR425W,YGL219C,0,-4.619902,0.09105869382619858,0.9959999918937683,0.9941999912261963
YJL072C,YKL017C,1,-4.6206694,0.09114178270101547,0.996999979019165,0.9941999912261963
YKL189W,YNR007C,0,-4.6277094,0.09113345295190811,0.996999979019165,0.9943000078201294
YKR062W,YKL119C,0,-4.6281004,0.09112512320280075,0.996999979019165,0.9944000244140625
YDL106C,YDR425W,0,-4.633148,0.09111680090427399,0.996999979019165,0.9944999814033508
YJL019W,YDR403W,0,-4.63392,0.09110847115516663,0.996999979019165,0.9945999979972839
YMR097C,YDL045C,0,-4.6361647,0.09110014885663986,0.996999979019165,0.994700014591217
YNL038W,YMR061W,0,-4.639987,0.0910918191075325,0.996999979019165,0.9947999715805054
YJR068W,YER129W,1,-4.641776,0.09117485582828522,0.9980000257492065,0.9947999715805054
YKL059C,YMR019W,0,-4.6477594,0.09116652607917786,0.9980000257492065,0.9948999881744385
YDR419W,YDR121W,1,-4.648192,0.09124954044818878,0.9990000128746033,0.9948999881744385
YKL005C,YNR010W,0,-4.6518965,0.09124121069908142,0.9990000128746033,0.9950000047683716
YOR257W,YOR016C,0,-4.6535845,0.09123287349939346,0.9990000128746033,0.9951000213623047
YLL021W,YOR316C,0,-4.6554747,0.0912245437502861,0.9990000128746033,0.995199978351593
YJR068W,YBR278W,1,-4.6561503,0.09130752086639404,1.0,0.995199978351593
YOR191W,YLL048C,0,-4.6580772,0.09129919111728668,1.0,0.9952999949455261
YNL039W,YPL214C,0,-4.659314,0.09129085391759872,1.0,0.9954000115394592
YNL188W,YDR166C,0,-4.659332,0.09128251671791077,1.0,0.9955000281333923
YKL145W,YDR072C,0,-4.6628656,0.0912741869688034,1.0,0.9955999851226807
YLL021W,YNL161W,0,-4.664654,0.09126585721969604,1.0,0.9957000017166138
YGR076C,YKL195W,0,-4.670096,0.09125752747058868,1.0,0.9958000183105469
YAL051W,YBR065C,0,-4.671471,0.09124920517206192,1.0,0.9958999752998352
YPL148C,YMR282C,0,-4.6822596,0.09124087542295456,1.0,0.9959999918937683
YPR057W,YOR257W,0,-4.6829805,0.0912325531244278,1.0,0.9961000084877014
YMR203W,YML106W,0,-4.6896224,0.09122423082590103,1.0,0.9962000250816345
YDR212W,YKL196C,0,-4.699651,0.09121590852737427,1.0,0.9962999820709229
YLL021W,YDL120W,0,-4.7113,0.0912075862288475,1.0,0.996399998664856
YLR249W,YBR118W,0,-4.7173123,0.09119927138090134,1.0,0.9965000152587891
YDR292C,YGR106C,0,-4.719101,0.09119095653295517,1.0,0.9965999722480774
YNL038W,YDR150W,0,-4.728648,0.091182641685009,1.0,0.9966999888420105
YDL045C,YDR177W,0,-4.7372093,0.09117432683706284,1.0,0.9968000054359436
YOL045W,YMR039C,0,-4.7439895,0.09116601198911667,1.0,0.9969000220298767
YLL018C,YGL105W,0,-4.744474,0.0911577045917511,1.0,0.996999979019165
YAL051W,YGL018C,0,-4.7449512,0.09114939719438553,1.0,0.9970999956130981
YIL007C,YGL219C,0,-4.7512617,0.09114108979701996,1.0,0.9972000122070312
YBR272C,YOR265W,0,-4.751795,0.09113278239965439,1.0,0.9973000288009644
YGL105W,YPL048W,0,-4.751926,0.09112447500228882,1.0,0.9973999857902527
YBR035C,YKL007W,0,-4.757871,0.09111617505550385,1.0,0.9975000023841858
YPR086W,YIL156W,0,-4.760184,0.09110787510871887,1.0,0.9976000189781189
YHR081W,YLR435W,0,-4.763571,0.0910995751619339,1.0,0.9976999759674072
YMR193W,YKL196C,0,-4.767123,0.09109127521514893,1.0,0.9977999925613403
YKL005C,YPL213W,0,-4.769232,0.09108297526836395,1.0,0.9979000091552734
YJL141C,YBR273C,0,-4.770806,0.09107468277215958,1.0,0.9980000257492065
YGL220W,YGR105W,0,-4.78123,0.0910663902759552,1.0,0.9980999827384949
YOR241W,YNL085W,0,-4.7856054,0.09105809777975082,1.0,0.998199999332428
YOR054C,YLR248W,0,-4.8034654,0.09104980528354645,1.0,0.9983000159263611
YDR200C,YOR054C,0,-4.865672,0.09104151278734207,1.0,0.9983999729156494
YOR219C,YKL034W,0,-4.865724,0.09103322774171829,1.0,0.9984999895095825
YMR194W,YOR063W,0,-4.8657427,0.09102494269609451,1.0,0.9986000061035156
YNL302C,YLR249W,0,-4.892358,0.09101665765047073,1.0,0.9987000226974487
YFR003C,YMR097C,0,-4.897184,0.09100837260484695,1.0,0.9987999796867371
YDR494W,YMR091C,0,-4.907358,0.09100008755922318,1.0,0.9988999962806702
YNL302C,YOR182C,0,-4.991165,0.09099180996417999,1.0,0.9990000128746033
YNL156C,YPL087W,0,-5.1136975,0.09098353236913681,1.0,0.9991000294685364
YMR194W,YLR048W,0,-5.203134,0.09097525477409363,1.0,0.9991999864578247
YHL015W,YDR025W,0,-5.2350736,0.09096697717905045,1.0,0.9993000030517578
YDR418W,YOL127W,0,-5.3653636,0.09095870703458786,1.0,0.9994000196456909
YHL015W,YLR167W,0,-5.4570613,0.09095042943954468,1.0,0.9994999766349792
YBL087C,YIL148W,0,-5.457592,0.09094215929508209,1.0,0.9995999932289124
YGL030W,YDR500C,0,-5.457654,0.0909338891506195,1.0,0.9997000098228455
YPR132W,YGR027C,0,-5.5374417,0.09092562645673752,1.0,0.9998000264167786
YOR294W,YNL110C,0,-5.654266,0.09091735631227493,1.0,0.9998999834060669
YOL120C,YML073C,0,-5.764827,0.09090909361839294,1.0,1.0
