,Name,+/-,Folds,Score,True Positive,False Positive,True Negative,False Negative,Accuracy,Precision,Recall,False Positive Rate,Selectivity
0,YDL215C YBR072W,0.0,NA,2.1564265354411066e-21,2850,31040,1,0,0.0841226284264259,0.0840956034228386,1.0,0.9999677845430237,3.2215456976257205e-05
1,YAL054C YJL101C,0.0,NA,2.1923497212083845e-21,2850,31039,2,0,0.08415213478504618,0.08409808492431173,1.0,0.9999355690860475,6.443091395251441e-05
2,YOR348C YCR005C,0.0,NA,5.6129237115645e-21,2850,31038,3,0,0.08418164114366646,0.08410056657223797,1.0,0.9999033536290712,9.664637092877162e-05
3,YGR175C YLR343W,0.0,NA,1.6509953108713034e-20,2850,31037,4,0,0.08421114750228674,0.08410304836663027,1.0,0.9998711381720949,0.00012886182790502882
4,YBR156C YGR245C,0.0,NA,2.877956837115184e-20,2850,31036,5,0,0.08424065386090702,0.08410553030750162,1.0,0.9998389227151188,0.00016107728488128604
5,YCR021C YKL085W,0.0,NA,2.887237738964544e-20,2850,31035,6,0,0.08427016021952731,0.08410801239486498,1.0,0.9998067072581425,0.00019329274185754324
6,YGR248W YNR059W,0.0,NA,7.934359087108976e-20,2850,31034,7,0,0.0842996665781476,0.08411049462873332,1.0,0.9997744918011662,0.00022550819883380047
7,YLL060C YOR120W,0.0,NA,1.6732254667162393e-19,2850,31033,8,0,0.08432917293676788,0.08411297700911961,1.0,0.99974227634419,0.00025772365581005764
8,YMR136W YPL135W,0.0,NA,4.1505250310556617e-19,2850,31032,9,0,0.08435867929538815,0.08411545953603683,1.0,0.9997100608872137,0.00028993911278631486
9,YLR178C YMR106C,0.0,NA,4.892528787982573e-19,2850,31031,10,0,0.08438818565400844,0.08411794220949795,1.0,0.9996778454302374,0.0003221545697625721
10,YNR075W YML128C,0.0,NA,9.68245099085677e-19,2850,31030,11,0,0.08441769201262872,0.08412042502951594,1.0,0.9996456299732611,0.0003543700267388293
11,YLR453C YLR343W,0.0,NA,2.3081165979972872e-18,2850,31029,12,0,0.084447198371249,0.08412290799610378,1.0,0.9996134145162849,0.0003865854837150865
12,YLR343W YPR103W,0.0,NA,2.9988213016706503e-18,2850,31028,13,0,0.08447670472986929,0.08412539110927446,1.0,0.9995811990593086,0.0004188009406913437
13,YGR254W YJR073C,0.0,NA,3.015960690757902e-18,2850,31027,14,0,0.08450621108848957,0.08412787436904094,1.0,0.9995489836023324,0.00045101639766760094
14,YJL219W YOR173W,0.0,NA,3.638775786426894e-18,2850,31026,15,0,0.08453571744710985,0.08413035777541622,1.0,0.9995167681453562,0.0004832318546438581
15,YOR173W YLR035C,0.0,NA,4.681986610067027e-18,2850,31025,16,0,0.08456522380573013,0.08413284132841328,1.0,0.9994845526883799,0.0005154473116201153
16,YKL109W YBR088C,0.0,NA,4.992549916688836e-18,2850,31024,17,0,0.08459473016435042,0.0841353250280451,1.0,0.9994523372314036,0.0005476627685963725
17,YBR280C YBL075C,0.0,NA,5.191925673322799e-18,2850,31023,18,0,0.0846242365229707,0.08413780887432468,1.0,0.9994201217744274,0.0005798782255726297
18,YKL188C YDR273W,0.0,NA,5.192420740919412e-18,2850,31022,19,0,0.08465374288159098,0.084140292867265,1.0,0.9993879063174511,0.000612093682548887
19,YAL015C YBL075C,0.0,NA,1.652522733476595e-17,2850,31021,20,0,0.08468324924021127,0.08414277700687904,1.0,0.9993556908604748,0.0006443091395251442
20,YJL130C YLR178C,0.0,NA,1.9068660480217476e-17,2850,31020,21,0,0.08471275559883155,0.0841452612931798,1.0,0.9993234754034986,0.0006765245965014014
21,YOR173W YER029C,0.0,NA,2.0039662985875098e-17,2850,31019,22,0,0.08474226195745183,0.08414774572618028,1.0,0.9992912599465223,0.0007087400534776586
22,YML100W YCR091W,0.0,NA,2.3021032017391798e-17,2850,31018,23,0,0.08477176831607211,0.08415023030589347,1.0,0.9992590444895461,0.0007409555104539157
23,YOR348C YLR246W,0.0,NA,2.433036462847341e-17,2850,31017,24,0,0.0848012746746924,0.08415271503233236,1.0,0.9992268290325699,0.000773170967430173
24,YBR066C YOR323C,0.0,NA,3.375643677873366e-17,2850,31016,25,0,0.08483078103331268,0.08415519990550994,1.0,0.9991946135755936,0.0008053864244064302
25,YDL106C YLR343W,0.0,NA,3.555271903589666e-17,2850,31015,26,0,0.08486028739193296,0.08415768492543925,1.0,0.9991623981186173,0.0008376018813826874
26,YML011C YMR180C,0.0,NA,4.008676067109582e-17,2850,31014,27,0,0.08488979375055325,0.08416017009213324,1.0,0.9991301826616411,0.0008698173383589446
27,YGR248W YDL238C,0.0,NA,5.256997821442753e-17,2850,31013,28,0,0.08491930010917352,0.08416265540560494,1.0,0.9990979672046648,0.0009020327953352019
28,YFL014W YPR120C,0.0,NA,5.483936476857901e-17,2850,31012,29,0,0.0849488064677938,0.08416514086586735,1.0,0.9990657517476885,0.000934248252311459
29,YBR298C YLR258W,0.0,NA,5.887491097070677e-17,2850,31011,30,0,0.08497831282641409,0.08416762647293347,1.0,0.9990335362907122,0.0009664637092877162
30,YOR219C YGL096W,0.0,NA,6.849803904957307e-17,2850,31010,31,0,0.08500781918503438,0.08417011222681631,1.0,0.999001320833736,0.0009986791662639734
31,YKR010C YBL075C,0.0,NA,7.605099875301517e-17,2850,31009,32,0,0.08503732554365466,0.08417259812752886,1.0,0.9989691053767598,0.0010308946232402306
32,YNR059W YHR137W,0.0,NA,8.352695125015102e-17,2850,31008,33,0,0.08506683190227494,0.08417508417508418,1.0,0.9989368899197835,0.0010631100802164879
33,YJL053W YGL184C,0.0,NA,8.643024270364884e-17,2850,31007,34,0,0.08509633826089523,0.08417757036949523,1.0,0.9989046744628073,0.001095325537192745
34,YGR248W YDR314C,0.0,NA,9.134078386645764e-17,2850,31006,35,0,0.0851258446195155,0.08418005671077505,1.0,0.998872459005831,0.0011275409941690023
35,YNL128W YEL011W,0.0,NA,1.2478852014930896e-16,2850,31005,36,0,0.08515535097813579,0.08418254319893664,1.0,0.9988402435488547,0.0011597564511452595
36,YDL223C YKL197C,0.0,NA,1.2790676606550726e-16,2850,31004,37,0,0.08518485733675607,0.08418502983399302,1.0,0.9988080280918785,0.0011919719081215168
37,YLR025W YPR065W,0.0,NA,1.4197685682212804e-16,2850,31003,38,0,0.08521436369537636,0.08418751661595723,1.0,0.9987758126349022,0.001224187365097774
38,YFL014W YOR368W,0.0,NA,1.5504846778750342e-16,2850,31002,39,0,0.08524387005399664,0.08419000354484225,1.0,0.9987435971779259,0.001256402822074031
39,YDL141W YLR343W,0.0,NA,1.655135466159405e-16,2850,31001,40,0,0.08527337641261692,0.08419249062066113,1.0,0.9987113817209498,0.0012886182790502884
40,YEL012W YGL184C,0.0,NA,1.801299074490913e-16,2850,31000,41,0,0.0853028827712372,0.08419497784342689,1.0,0.9986791662639735,0.0013208337360265455
41,YOR353C YBL075C,0.0,NA,2.266275296257099e-16,2850,30999,42,0,0.08533238912985748,0.08419746521315254,1.0,0.9986469508069972,0.0013530491930028028
42,YPR184W YLL060C,0.0,NA,2.320947831931016e-16,2850,30998,43,0,0.08536189548847777,0.0841999527298511,1.0,0.998614735350021,0.00138526464997906
43,YMR251W YLL041C,0.0,NA,2.528772130100187e-16,2850,30997,44,0,0.08539140184709805,0.08420244039353561,1.0,0.9985825198930447,0.0014174801069553173
44,YOL052C-A YIL167W,0.0,NA,2.8716788604173094e-16,2850,30996,45,0,0.08542090820571833,0.08420492820421911,1.0,0.9985503044360684,0.0014496955639315744
45,YNL052W YCR021C,0.0,NA,3.082919083644079e-16,2850,30995,46,0,0.08545041456433862,0.08420741616191461,1.0,0.9985180889790922,0.0014819110209078315
46,YMR256C YBL075C,0.0,NA,3.2366322701646852e-16,2850,30994,47,0,0.08547992092295889,0.08420990426663515,1.0,0.9984858735221159,0.0015141264778840888
47,YNL047C YBR072W,0.0,NA,3.2807364816348286e-16,2850,30993,48,0,0.08550942728157918,0.08421239251839376,1.0,0.9984536580651396,0.001546341934860346
48,YDR073W YOL052C-A,0.0,NA,3.553728053694397e-16,2850,30992,49,0,0.08553893364019946,0.08421488091720347,1.0,0.9984214426081633,0.0015785573918366033
49,YJL004C YGR088W,0.0,NA,3.796599928242991e-16,2850,30991,50,0,0.08556843999881975,0.08421736946307733,1.0,0.9983892271511872,0.0016107728488128604
50,YER103W YPL224C,0.0,NA,4.278625732097324e-16,2850,30990,51,0,0.08559794635744003,0.08421985815602837,1.0,0.9983570116942109,0.0016429883057891177
51,YGL156W YCR005C,0.0,NA,5.62305363133609e-16,2850,30989,52,0,0.08562745271606031,0.08422234699606962,1.0,0.9983247962372346,0.0016752037627653748
52,YAL054C YGR154C,0.0,NA,6.014893190318298e-16,2850,30988,53,0,0.0856569590746806,0.08422483598321413,1.0,0.9982925807802584,0.001707419219741632
53,YER054C YPL203W,0.0,NA,6.438186788401202e-16,2850,30987,54,0,0.08568646543330087,0.08422732511747495,1.0,0.9982603653232821,0.0017396346767178893
54,YLL006W YCL044C,0.0,NA,6.58581245500901e-16,2850,30986,55,0,0.08571597179192116,0.08422981439886511,1.0,0.9982281498663058,0.0017718501336941464
55,YGR248W YDR379W,0.0,NA,7.668055863803988e-16,2850,30985,56,0,0.08574547815054144,0.08423230382739766,1.0,0.9981959344093296,0.0018040655906704037
56,YGR248W YBR240C,0.0,NA,8.324611747648886e-16,2850,30984,57,0,0.08577498450916173,0.08423479340308565,1.0,0.9981637189523533,0.0018362810476466609
57,YCR106W YLR251W,0.0,NA,9.31508919512511e-16,2850,30983,58,0,0.08580449086778201,0.08423728312594213,1.0,0.998131503495377,0.001868496504622918
58,YLR058C YBL078C,0.0,NA,9.93759594267716e-16,2850,30982,59,0,0.0858339972264023,0.08423977299598014,1.0,0.9980992880384009,0.0019007119615991753
59,YOR353C YDR259C,0.0,NA,1.0244682443748287e-15,2850,30981,60,0,0.08586350358502257,0.08424226301321273,1.0,0.9980670725814246,0.0019329274185754324
60,YFL056C YMR136W,0.0,NA,1.2054207399297121e-15,2850,30980,61,0,0.08589300994364285,0.08424475317765297,1.0,0.9980348571244483,0.0019651428755516898
61,YKR024C YGL096W,0.0,NA,1.7444550375078118e-15,2850,30979,62,0,0.08592251630226314,0.08424724348931391,1.0,0.9980026416674721,0.001997358332527947
62,YML052W YPR065W,0.0,NA,1.7477188672118194e-15,2850,30978,63,0,0.08595202266088342,0.08424973394820859,1.0,0.9979704262104958,0.002029573789504204
63,YIL046W YPL123C,0.0,NA,1.7579090970837622e-15,2850,30977,64,0,0.0859815290195037,0.08425222455435008,1.0,0.9979382107535195,0.002061789246480461
64,YDR283C YNL244C,0.0,NA,1.8806736055358275e-15,2850,30976,65,0,0.08601103537812399,0.08425471530775143,1.0,0.9979059952965433,0.0020940047034567187
65,YDL223C YER098W,0.0,NA,2.12012770214225e-15,2850,30975,66,0,0.08604054173674427,0.08425720620842572,1.0,0.997873779839567,0.0021262201604329758
66,YJL125C YBR066C,0.0,NA,2.3229685878453686e-15,2850,30974,67,0,0.08607004809536455,0.084259697256386,1.0,0.9978415643825908,0.002158435617409233
67,YKR024C YDR001C,0.0,NA,2.5144503382093335e-15,2850,30973,68,0,0.08609955445398483,0.08426218845164533,1.0,0.9978093489256145,0.00219065107438549
68,YLR421C YNR049C,0.0,NA,2.885207882409092e-15,2850,30972,69,0,0.08612906081260512,0.08426467979421678,1.0,0.9977771334686383,0.0022228665313617476
69,YMR136W YKL221W,0.0,NA,3.000736823667474e-15,2850,30971,70,0,0.0861585671712254,0.08426717128411342,1.0,0.997744918011662,0.0022550819883380047
70,YOL097C YJL122W,0.0,NA,3.5840623681783826e-15,2850,30970,71,0,0.08618807352984569,0.08426966292134831,1.0,0.9977127025546857,0.002287297445314262
71,YLR361C YIL046W,0.0,NA,3.687619769276746e-15,2850,30969,72,0,0.08621757988846597,0.08427215470593453,1.0,0.9976804870977095,0.002319512902290519
72,YOL052C-A YGR002C,0.0,NA,3.720428743455694e-15,2850,30968,73,0,0.08624708624708624,0.08427464663788516,1.0,0.9976482716407332,0.002351728359266776
73,YOR202W YBR066C,0.0,NA,4.0184178989150724e-15,2850,30967,74,0,0.08627659260570653,0.08427713871721323,1.0,0.9976160561837569,0.0023839438162430336
74,YGL055W YCL044C,0.0,NA,4.535919030787192e-15,2850,30966,75,0,0.08630609896432681,0.08427963094393187,1.0,0.9975838407267807,0.0024161592732192907
75,YGR221C YBR072W,0.0,NA,4.693957591052952e-15,2850,30965,76,0,0.0863356053229471,0.08428212331805411,1.0,0.9975516252698045,0.002448374730195548
76,YLR244C YBL075C,0.0,NA,4.7889489479557325e-15,2850,30964,77,0,0.08636511168156738,0.08428461583959307,1.0,0.9975194098128282,0.002480590187171805
77,YOR120W YLR430W,0.0,NA,4.881427581620483e-15,2850,30963,78,0,0.08639461804018767,0.08428710850856179,1.0,0.997487194355852,0.002512805644148062
78,YGR088W YER094C,0.0,NA,4.947586360515201e-15,2850,30962,79,0,0.08642412439880795,0.08428960132497339,1.0,0.9974549788988757,0.0025450211011243196
79,YMR189W YKR103W,0.0,NA,4.981580333787358e-15,2850,30961,80,0,0.08645363075742822,0.08429209428884091,1.0,0.9974227634418994,0.0025772365581005767
80,YKR104W YER103W,0.0,NA,5.450925948542176e-15,2850,30960,81,0,0.0864831371160485,0.08429458740017746,1.0,0.9973905479849232,0.002609452015076834
81,YEL026W YDR273W,0.0,NA,5.9474740263980655e-15,2850,30959,82,0,0.08651264347466879,0.08429708065899613,1.0,0.9973583325279469,0.002641667472053091
82,YGL008C YER103W,0.0,NA,6.3809274670459295e-15,2850,30958,83,0,0.08654214983328908,0.08429957406530998,1.0,0.9973261170709706,0.0026738829290293485
83,YOL151W YGL121C,0.0,NA,6.3838488836810096e-15,2850,30957,84,0,0.08657165619190936,0.08430206761913213,1.0,0.9972939016139944,0.0027060983860056056
84,YGL156W YDL223C,0.0,NA,6.447529667688535e-15,2850,30956,85,0,0.08660116255052965,0.08430456132047566,1.0,0.9972616861570182,0.0027383138429818627
85,YML100W YNL103W,0.0,NA,7.058275574526197e-15,2850,30955,86,0,0.08663066890914992,0.08430705516935365,1.0,0.9972294707000419,0.00277052929995812
86,YBL098W YNL277W,0.0,NA,7.129499186929022e-15,2850,30954,87,0,0.0866601752677702,0.0843095491657792,1.0,0.9971972552430656,0.002802744756934377
87,YFL014W YKR046C,0.0,NA,7.420041652232614e-15,2850,30953,88,0,0.08668968162639049,0.08431204330976541,1.0,0.9971650397860894,0.0028349602139106345
88,YBL078C YDR369C,0.0,NA,7.424657134762203e-15,2850,30952,89,0,0.08671918798501077,0.08431453760132536,1.0,0.9971328243291131,0.0028671756708868916
89,YLR135W YMR180C,0.0,NA,7.44766254960963e-15,2850,30951,90,0,0.08674869434363106,0.08431703204047218,1.0,0.9971006088721368,0.0028993911278631487
90,YLR355C YCL044C,0.0,NA,7.683929684752008e-15,2850,30950,91,0,0.08677820070225134,0.08431952662721894,1.0,0.9970683934151606,0.002931606584839406
91,YFR001W YHR196W,0.0,NA,7.76475441561196e-15,2850,30949,92,0,0.08680770706087161,0.08432202136157875,1.0,0.9970361779581843,0.002963822041815663
92,YER045C YOL011W,0.0,NA,7.785903134239006e-15,2850,30948,93,0,0.0868372134194919,0.08432451624356471,1.0,0.997003962501208,0.0029960374987919205
93,YCL025C YNL277W,0.0,NA,8.81847864858936e-15,2850,30947,94,0,0.08686671977811218,0.08432701127318992,1.0,0.9969717470442319,0.0030282529557681776
94,YCL014W YGL184C,0.0,NA,9.496389609463078e-15,2850,30946,95,0,0.08689622613673247,0.08432950645046751,1.0,0.9969395315872556,0.0030604684127444348
95,YLR343W YGR074W,0.0,NA,9.748736818076132e-15,2850,30945,96,0,0.08692573249535275,0.08433200177541056,1.0,0.9969073161302793,0.003092683869720692
96,YLR189C YDL223C,0.0,NA,9.935023927132823e-15,2850,30944,97,0,0.08695523885397304,0.0843344972480322,1.0,0.9968751006733031,0.003124899326696949
97,YOR107W YDR204W,0.0,NA,1.0088707043983802e-14,2850,30943,98,0,0.08698474521259332,0.08433699286834552,1.0,0.9968428852163268,0.0031571147836732066
98,YIL101C YGR161C,0.0,NA,1.1811192587938679e-14,2850,30942,99,0,0.08701425157121359,0.08433948863636363,1.0,0.9968106697593505,0.0031893302406494637
99,YGR138C YBR078W,0.0,NA,1.1912413872168515e-14,2850,30941,100,0,0.08704375792983388,0.08434198455209967,1.0,0.9967784543023743,0.003221545697625721
100,YFL045C YNL111C,0.0,NA,1.3791177841924757e-14,2850,30940,101,0,0.08707326428845416,0.08434448061556674,1.0,0.996746238845398,0.003253761154601978
101,YJL139C YLR251W,0.0,NA,1.4198106869345826e-14,2850,30939,102,0,0.08710277064707445,0.08434697682677794,1.0,0.9967140233884217,0.0032859766115782355
102,YGR248W YEL060C,0.0,NA,1.456355415224101e-14,2850,30938,103,0,0.08713227700569473,0.08434947318574641,1.0,0.9966818079314456,0.0033181920685544926
103,YDL234C YCR008W,0.0,NA,1.5518621069719914e-14,2850,30937,104,0,0.08716178336431502,0.08435196969248528,1.0,0.9966495924744693,0.0033504075255307497
104,YER038C YDL223C,0.0,NA,1.685282332252163e-14,2850,30936,105,0,0.08719128972293529,0.08435446634700763,1.0,0.996617377017493,0.003382622982507007
105,YDL141W YMR170C,0.0,NA,1.7158620851205272e-14,2850,30935,106,0,0.08722079608155557,0.08435696314932663,1.0,0.9965851615605167,0.003414838439483264
106,YPL241C YHR052W,0.0,NA,1.7337419341975288e-14,2850,30934,107,0,0.08725030244017586,0.08435946009945536,1.0,0.9965529461035405,0.0034470538964595215
107,YDL234C YKR063C,0.0,NA,1.749994632982855e-14,2850,30933,108,0,0.08727980879879614,0.08436195719740698,1.0,0.9965207306465642,0.0034792693534357786
108,YDR014W YGL096W,0.0,NA,1.7798057881548805e-14,2850,30932,109,0,0.08730931515741643,0.0843644544431946,1.0,0.9964885151895879,0.0035114848104120357
109,YIR002C YNL277W,0.0,NA,1.92704417012338e-14,2850,30931,110,0,0.08733882151603671,0.08436695183683135,1.0,0.9964562997326117,0.003543700267388293
110,YMR093W YLR113W,0.0,NA,2.0257939816197175e-14,2850,30930,111,0,0.087368327874657,0.08436944937833037,1.0,0.9964240842756354,0.00357591572436455
111,YDR273W YIL014W,0.0,NA,2.0848201501754912e-14,2850,30929,112,0,0.08739783423327727,0.08437194706770479,1.0,0.9963918688186592,0.0036081311813408075
112,YOL082W YPR040W,0.0,NA,2.1746076754635205e-14,2850,30928,113,0,0.08742734059189755,0.08437444490496773,1.0,0.996359653361683,0.0036403466383170646
113,YER103W YLR286C,0.0,NA,2.20892470710176e-14,2850,30927,114,0,0.08745684695051784,0.08437694289013234,1.0,0.9963274379047067,0.0036725620952933217
114,YDR392W YBL075C,0.0,NA,2.3229919236030655e-14,2850,30926,115,0,0.08748635330913812,0.08437944102321175,1.0,0.9962952224477304,0.003704777552269579
115,YGL073W YAL029C,0.0,NA,2.3426139500459797e-14,2850,30925,116,0,0.0875158596677584,0.0843819393042191,1.0,0.9962630069907542,0.003736993009245836
116,YDR204W YLR047C,0.0,NA,2.6669171157480548e-14,2850,30924,117,0,0.08754536602637869,0.08438443773316752,1.0,0.9962307915337779,0.0037692084662220935
117,YKL190W YER045C,0.0,NA,2.7359477598504385e-14,2850,30923,118,0,0.08757487238499896,0.08438693631007017,1.0,0.9961985760768016,0.0038014239231983506
118,YIR017C YLR074C,0.0,NA,2.7464411428142037e-14,2850,30922,119,0,0.08760437874361925,0.08438943503494019,1.0,0.9961663606198254,0.0038336393801746077
119,YDL045C YNR049C,0.0,NA,2.9041249656816537e-14,2850,30921,120,0,0.08763388510223953,0.0843919339077907,1.0,0.9961341451628491,0.003865854837150865
120,YLR451W YPL123C,0.0,NA,2.9245862323687075e-14,2850,30920,121,0,0.08766339146085982,0.08439443292863488,1.0,0.9961019297058729,0.0038980702941271224
121,YGR248W YHL027W,0.0,NA,3.392449962982304e-14,2850,30919,122,0,0.0876928978194801,0.08439693209748586,1.0,0.9960697142488967,0.0039302857511033795
122,YPL188W YNL175C,0.0,NA,3.475842050705384e-14,2850,30918,123,0,0.08772240417810039,0.08439943141435678,1.0,0.9960374987919204,0.003962501208079636
123,YER117W YPL123C,0.0,NA,3.710926897259985e-14,2850,30917,124,0,0.08775191053672066,0.08440193087926082,1.0,0.9960052833349441,0.003994716665055894
124,YFL001W YLR343W,0.0,NA,3.735326867151771e-14,2850,30916,125,0,0.08778141689534094,0.0844044304922111,1.0,0.9959730678779678,0.004026932122032151
125,YMR216C YLR258W,0.0,NA,3.801806756236793e-14,2850,30915,126,0,0.08781092325396123,0.0844069302532208,1.0,0.9959408524209916,0.004059147579008408
126,YER054C YFL050C,0.0,NA,3.943049839004627e-14,2850,30914,127,0,0.08784042961258151,0.08440943016230304,1.0,0.9959086369640153,0.0040913630359846655
127,YGR097W YDR516C,0.0,NA,4.0834916286043577e-14,2850,30913,128,0,0.0878699359712018,0.08441193021947102,1.0,0.995876421507039,0.004123578492960922
128,YGR088W YNL044W,0.0,NA,4.268807529683727e-14,2850,30912,129,0,0.08789944232982208,0.08441443042473787,1.0,0.9958442060500629,0.00415579394993718
129,YPR184W YDR315C,0.0,NA,4.5229025060801453e-14,2850,30911,130,0,0.08792894868844237,0.08441693077811677,1.0,0.9958119905930866,0.004188009406913437
130,YOR123C YDR001C,0.0,NA,4.5824180902728426e-14,2850,30910,131,0,0.08795845504706264,0.08441943127962086,1.0,0.9957797751361103,0.004220224863889694
131,YPR094W YDR173C,0.0,NA,4.5837116789898893e-14,2850,30909,132,0,0.08798796140568292,0.08442193192926331,1.0,0.9957475596791341,0.0042524403208659516
132,YBR156C YLR285W,0.0,NA,4.717772599991364e-14,2850,30908,133,0,0.0880174677643032,0.0844244327270573,1.0,0.9957153442221578,0.004284655777842209
133,YMR063W YGL096W,0.0,NA,4.851208749490944e-14,2850,30907,134,0,0.08804697412292349,0.08442693367301597,1.0,0.9956831287651815,0.004316871234818466
134,YMR021C YIL117C,0.0,NA,5.872046420071428e-14,2850,30906,135,0,0.08807648048154378,0.0844294347671525,1.0,0.9956509133082053,0.004349086691794723
135,YER045C YOR241W,0.0,NA,6.243813924005845e-14,2850,30905,136,0,0.08810598684016406,0.08443193600948008,1.0,0.995618697851229,0.00438130214877098
136,YLR048W YDR173C,0.0,NA,6.273334716283552e-14,2850,30904,137,0,0.08813549319878433,0.08443443740001184,1.0,0.9955864823942527,0.004413517605747238
137,YDR140W YLL061W,0.0,NA,6.409240813857325e-14,2850,30903,138,0,0.08816499955740462,0.084436938938761,1.0,0.9955542669372766,0.004445733062723495
138,YKL034W YDL223C,0.0,NA,6.49081754056785e-14,2850,30902,139,0,0.0881945059160249,0.0844394406257407,1.0,0.9955220514803003,0.004477948519699752
139,YOL054W YNL301C,0.0,NA,6.636637311756288e-14,2850,30901,140,0,0.08822401227464519,0.08444194246096412,1.0,0.995489836023324,0.004510163976676009
140,YMR250W YDL020C,0.0,NA,7.028978229539976e-14,2850,30900,141,0,0.08825351863326547,0.08444444444444445,1.0,0.9954576205663477,0.004542379433652266
141,YDR451C YDR144C,0.0,NA,7.250539009245535e-14,2850,30899,142,0,0.08828302499188576,0.08444694657619485,1.0,0.9954254051093715,0.004574594890628524
142,YDR019C YKL196C,0.0,NA,7.258439454951165e-14,2850,30898,143,0,0.08831253135050604,0.08444944885622852,1.0,0.9953931896523952,0.004606810347604781
143,YOL032W YBR072W,0.0,NA,7.505778496560284e-14,2850,30897,144,0,0.08834203770912631,0.08445195128455862,1.0,0.9953609741954189,0.004639025804581038
144,YBR247C YPR034W,0.0,NA,7.570940402379378e-14,2850,30896,145,0,0.0883715440677466,0.08445445386119836,1.0,0.9953287587384427,0.004671241261557295
145,YLR284C YMR063W,0.0,NA,7.612890217311916e-14,2850,30895,146,0,0.08840105042636688,0.08445695658616091,1.0,0.9952965432814664,0.004703456718533552
146,YGL096W YOR346W,0.0,NA,7.815633990687632e-14,2850,30894,147,0,0.08843055678498717,0.08445945945945946,1.0,0.9952643278244901,0.00473567217550981
147,YHR087W YGL208W,0.0,NA,7.90054125094676e-14,2850,30893,148,0,0.08846006314360745,0.0844619624811072,1.0,0.995232112367514,0.004767887632486067
148,YOL032W YBL075C,0.0,NA,8.175465106329341e-14,2850,30892,149,0,0.08848956950222774,0.0844644656511173,1.0,0.9951998969105377,0.004800103089462324
149,YEL011W YGL192W,0.0,NA,8.268364969478761e-14,2850,30891,150,0,0.088519075860848,0.08446696896950298,1.0,0.9951676814535614,0.004832318546438581
150,YKR057W YER103W,0.0,NA,8.30953415884711e-14,2850,30890,151,0,0.08854858221946829,0.08446947243627742,1.0,0.9951354659965852,0.004864534003414838
151,YHR104W YIR027C,0.0,NA,8.989034153529876e-14,2850,30889,152,0,0.08857808857808858,0.0844719760514538,1.0,0.9951032505396089,0.004896749460391096
152,YKL173W YLR258W,0.0,NA,9.053472354398837e-14,2850,30888,153,0,0.08860759493670886,0.08447447981504536,1.0,0.9950710350826326,0.004928964917367353
153,YJR050W YDR273W,0.0,NA,9.189083684506966e-14,2850,30887,154,0,0.08863710129532915,0.08447698372706525,1.0,0.9950388196256564,0.00496118037434361
154,YCL039W YGR195W,0.0,NA,9.211456873962562e-14,2850,30886,155,0,0.08866660765394943,0.08447948778752667,1.0,0.9950066041686801,0.004993395831319867
155,YPL267W YDR087C,0.0,NA,9.853070778980538e-14,2850,30885,156,0,0.08869611401256972,0.08448199199644287,1.0,0.9949743887117038,0.005025611288296124
156,YLL022C YNL113W,0.0,NA,1.0168342540585809e-13,2850,30884,157,0,0.08872562037118999,0.084484496353827,1.0,0.9949421732547277,0.005057826745272382
157,YOL082W YPR145W,0.0,NA,1.0197631584649147e-13,2850,30883,158,0,0.08875512672981027,0.0844870008596923,1.0,0.9949099577977514,0.005090042202248639
158,YMR189W YPR030W,0.0,NA,1.1544922190551837e-13,2850,30882,159,0,0.08878463308843056,0.08448950551405193,1.0,0.9948777423407751,0.005122257659224896
159,YNL041C YGR088W,0.0,NA,1.2104930230925903e-13,2850,30881,160,0,0.08881413944705084,0.08449201031691915,1.0,0.9948455268837988,0.005154473116201153
160,YOR032C YKR059W,0.0,NA,1.303155581491508e-13,2850,30880,161,0,0.08884364580567113,0.08449451526830715,1.0,0.9948133114268226,0.00518668857317741
161,YCL039W YGR245C,0.0,NA,1.3446760523637413e-13,2850,30879,162,0,0.08887315216429141,0.08449702036822912,1.0,0.9947810959698463,0.005218904030153668
162,YML004C YOR173W,0.0,NA,1.3466703067347569e-13,2850,30878,163,0,0.08890265852291168,0.0844995256166983,1.0,0.99474888051287,0.005251119487129925
163,YOL117W YOR173W,0.0,NA,1.3668940653834005e-13,2850,30877,164,0,0.08893216488153197,0.08450203101372787,1.0,0.9947166650558938,0.005283334944106182
164,YMR104C YML006C,0.0,NA,1.4512594956068298e-13,2850,30876,165,0,0.08896167124015225,0.08450453655933109,1.0,0.9946844495989176,0.0053155504010824394
165,YLR175W YGR085C,0.0,NA,1.4636353923552087e-13,2850,30875,166,0,0.08899117759877254,0.08450704225352113,1.0,0.9946522341419413,0.005347765858058697
166,YOR193W YLL041C,0.0,NA,1.528756640592835e-13,2850,30874,167,0,0.08902068395739282,0.08450954809631123,1.0,0.9946200186849651,0.005379981315034954
167,YOR348C YLR214W,0.0,NA,1.5376084737048212e-13,2850,30873,168,0,0.0890501903160131,0.08451205408771462,1.0,0.9945878032279888,0.005412196772011211
168,YPR154W YDR082W,0.0,NA,1.5807239414980523e-13,2850,30872,169,0,0.08907969667463338,0.08451456022774449,1.0,0.9945555877710125,0.005444412228987468
169,YLR343W YBR026C,0.0,NA,1.61571466926122e-13,2850,30871,170,0,0.08910920303325366,0.08451706651641411,1.0,0.9945233723140363,0.0054766276859637255
170,YGL203C YBR066C,0.0,NA,1.6542857036484782e-13,2850,30870,171,0,0.08913870939187395,0.08451957295373666,1.0,0.99449115685706,0.005508843142939983
171,YAL025C YGL229C,0.0,NA,1.6710076248052652e-13,2850,30869,172,0,0.08916821575049423,0.08452207953972538,1.0,0.9944589414000837,0.00554105859991624
172,YFL014W YMR006C,0.0,NA,1.671724960067636e-13,2850,30868,173,0,0.08919772210911452,0.08452458627439349,1.0,0.9944267259431075,0.005573274056892497
173,YOL017W YHR104W,0.0,NA,1.6980637544943694e-13,2850,30867,174,0,0.0892272284677348,0.08452709315775425,1.0,0.9943945104861313,0.005605489513868754
174,YJR021C YBR169C,0.0,NA,1.6984361779406182e-13,2850,30866,175,0,0.08925673482635509,0.08452960018982085,1.0,0.994362295029155,0.0056377049708450115
175,YFL014W YGL038C,0.0,NA,1.7201489527478991e-13,2850,30865,176,0,0.08928624118497536,0.08453210737060655,1.0,0.9943300795721788,0.005669920427821269
176,YHR052W YOR234C,0.0,NA,1.8176920472262603e-13,2850,30864,177,0,0.08931574754359564,0.08453461470012458,1.0,0.9942978641152025,0.005702135884797526
177,YDR407C YLR074C,0.0,NA,1.873647179247151e-13,2850,30863,178,0,0.08934525390221593,0.08453712217838816,1.0,0.9942656486582262,0.005734351341773783
178,YNL172W YAL060W,0.0,NA,1.916068215548905e-13,2850,30862,179,0,0.08937476026083621,0.08453962980541053,1.0,0.9942334332012499,0.00576656679875004
179,YPL123C YFR033C,0.0,NA,1.9581123560704489e-13,2850,30861,180,0,0.0894042666194565,0.08454213758120495,1.0,0.9942012177442737,0.0057987822557262975
180,YHR139C YKL005C,0.0,NA,2.1412213636277239e-13,2850,30860,181,0,0.08943377297807678,0.08454464550578464,1.0,0.9941690022872974,0.005830997712702555
181,YCR079W YER103W,0.0,NA,2.152720140818562e-13,2850,30859,182,0,0.08946327933669705,0.08454715357916283,1.0,0.9941367868303211,0.005863213169678812
182,YPL146C YLR362W,0.0,NA,2.2411066058491969e-13,2850,30858,183,0,0.08949278569531734,0.08454966180135279,1.0,0.994104571373345,0.005895428626655069
183,YOR163W YGL096W,0.0,NA,2.2412390140395116e-13,2850,30857,184,0,0.08952229205393762,0.08455217017236775,1.0,0.9940723559163687,0.005927644083631326
184,YDR038C YOR138C,0.0,NA,2.2555668812741791e-13,2850,30856,185,0,0.0895517984125579,0.08455467869222097,1.0,0.9940401404593924,0.0059598595406075835
185,YDR530C YHR104W,0.0,NA,2.303588092847364e-13,2850,30855,186,0,0.08958130477117819,0.08455718736092568,1.0,0.9940079250024162,0.005992074997583841
186,YBR119W YBR072W,0.0,NA,2.3304088151397673e-13,2850,30854,187,0,0.08961081112979848,0.08455969617849514,1.0,0.9939757095454399,0.006024290454560098
187,YJL164C YMR271C,0.0,NA,2.346040299961577e-13,2850,30853,188,0,0.08964031748841876,0.08456220514494259,1.0,0.9939434940884636,0.006056505911536355
188,YLR258W YLR228C,0.0,NA,2.346120801972884e-13,2850,30852,189,0,0.08966982384703903,0.0845647142602813,1.0,0.9939112786314874,0.006088721368512612
189,YKL049C YER103W,0.0,NA,2.461453621222659e-13,2850,30851,190,0,0.08969933020565932,0.08456722352452449,1.0,0.9938790631745111,0.0061209368254888695
190,YBR236C YDR259C,0.0,NA,2.506002404287916e-13,2850,30850,191,0,0.0897288365642796,0.08456973293768547,1.0,0.9938468477175348,0.006153152282465127
191,YFL014W YER129W,0.0,NA,2.562320472986046e-13,2850,30849,192,0,0.08975834292289989,0.08457224249977745,1.0,0.9938146322605587,0.006185367739441384
192,YDR204W YIL147C,0.0,NA,2.6461290298686324e-13,2850,30848,193,0,0.08978784928152017,0.0845747522108137,1.0,0.9937824168035824,0.006217583196417641
193,YER054C YOR288C,0.0,NA,2.7452535687408353e-13,2850,30847,194,0,0.08981735564014046,0.08457726207080749,1.0,0.9937502013466061,0.006249798653393898
194,YMR189W YDR137W,0.0,NA,2.7636150746329635e-13,2850,30846,195,0,0.08984686199876073,0.08457977207977208,1.0,0.9937179858896299,0.0062820141103701556
195,YNL008C YDL045C,0.0,NA,2.804748620854891e-13,2850,30845,196,0,0.08987636835738101,0.08458228223772073,1.0,0.9936857704326536,0.006314229567346413
196,YKR094C YDR058C,0.0,NA,2.808335432692016e-13,2850,30844,197,0,0.0899058747160013,0.0845847925446667,1.0,0.9936535549756773,0.00634644502432267
197,YLR245C YPR160W,0.0,NA,2.8103284673355877e-13,2850,30843,198,0,0.08993538107462158,0.08458730300062328,1.0,0.993621339518701,0.006378660481298927
198,YNL294C YDL223C,0.0,NA,2.9388413902951827e-13,2850,30842,199,0,0.08996488743324187,0.0845898136056037,1.0,0.9935891240617248,0.006410875938275184
199,YGR248W YBR072W,0.0,NA,2.9856965424318593e-13,2850,30841,200,0,0.08999439379186215,0.08459232435962126,1.0,0.9935569086047485,0.006443091395251442
200,YLR240W YDR273W,0.0,NA,3.082247727447668e-13,2850,30840,201,0,0.09002390015048242,0.08459483526268922,1.0,0.9935246931477723,0.006475306852227699
201,YFL033C YDR019C,0.0,NA,3.262849788531613e-13,2850,30839,202,0,0.09005340650910271,0.08459734631482087,1.0,0.9934924776907961,0.006507522309203956
202,YLL057C YDR204W,0.0,NA,3.525775591622926e-13,2850,30838,203,0,0.09008291286772299,0.08459985751602944,1.0,0.9934602622338198,0.006539737766180213
203,YFR050C YGL184C,0.0,NA,3.870224453417226e-13,2850,30837,204,0,0.09011241922634328,0.08460236886632826,1.0,0.9934280467768435,0.006571953223156471
204,YOR090C YGR161C,0.0,NA,4.266351540712504e-13,2850,30836,205,0,0.09014192558496356,0.08460488036573056,1.0,0.9933958313198673,0.006604168680132728
205,YDR200C YMR180C,0.0,NA,4.328877479999743e-13,2850,30835,206,0,0.09017143194358385,0.08460739201424966,1.0,0.993363615862891,0.006636384137108985
206,YOR185C YIL042C,0.0,NA,4.48789551528439e-13,2850,30834,207,0,0.09020093830220413,0.08460990381189883,1.0,0.9933314004059147,0.006668599594085242
207,YBR210W YBR214W,0.0,NA,4.755366564933305e-13,2850,30833,208,0,0.0902304446608244,0.08461241575869133,1.0,0.9932991849489385,0.006700815051061499
208,YAL036C YPL152W,0.0,NA,4.765817731774979e-13,2850,30832,209,0,0.09025995101944469,0.08461492785464046,1.0,0.9932669694919622,0.006733030508037757
209,YOR253W YJR075W,0.0,NA,4.799570029606626e-13,2850,30831,210,0,0.09028945737806497,0.08461744009975951,1.0,0.993234754034986,0.006765245965014014
210,YCL040W YIL147C,0.0,NA,5.612592638912228e-13,2850,30830,211,0,0.09031896373668526,0.08461995249406176,1.0,0.9932025385780098,0.006797461421990271
211,YER035W YCR091W,0.0,NA,5.765242883787325e-13,2850,30829,212,0,0.09034847009530554,0.0846224650375605,1.0,0.9931703231210335,0.006829676878966528
212,YBR072W YLR154C,0.0,NA,6.007197235306794e-13,2850,30828,213,0,0.09037797645392583,0.08462497773026902,1.0,0.9931381076640572,0.006861892335942785
213,YOR348C YMR180C,0.0,NA,6.054716732324661e-13,2850,30827,214,0,0.0904074828125461,0.0846274905722006,1.0,0.993105892207081,0.006894107792919043
214,YMR170C YKR031C,0.0,NA,6.197768535366743e-13,2850,30826,215,0,0.09043698917116638,0.08463000356336857,1.0,0.9930736767501047,0.0069263232498953
215,YBR066C YOR383C,0.0,NA,6.224340162210018e-13,2850,30825,216,0,0.09046649552978667,0.08463251670378619,1.0,0.9930414612931284,0.006958538706871557
216,YDR083W YDR001C,0.0,NA,6.381847090716763e-13,2850,30824,217,0,0.09049600188840695,0.08463502999346677,1.0,0.9930092458361521,0.006990754163847814
217,YGR002C YHR137W,0.0,NA,6.913476952377651e-13,2850,30823,218,0,0.09052550824702724,0.0846375434324236,1.0,0.992977030379176,0.007022969620824071
218,YBR081C YOR145C,0.0,NA,7.002272568203127e-13,2850,30822,219,0,0.09055501460564752,0.08464005702067,1.0,0.9929448149221997,0.007055185077800329
219,YFL014W YER120W,0.0,NA,7.046244013611536e-13,2850,30821,220,0,0.0905845209642678,0.08464257075821924,1.0,0.9929125994652234,0.007087400534776586
220,YOL119C YIL013C,0.0,NA,7.261184925902442e-13,2850,30820,221,0,0.09061402732288808,0.08464508464508465,1.0,0.9928803840082472,0.007119615991752843
221,YER083C YGL096W,0.0,NA,7.621756958203774e-13,2850,30819,222,0,0.09064353368150836,0.08464759868127951,1.0,0.9928481685512709,0.0071518314487291
222,YBR101C YGR088W,0.0,NA,7.764984944098885e-13,2850,30818,223,0,0.09067304004012865,0.08465011286681716,1.0,0.9928159530942946,0.007184046905705357
223,YHR186C YIR012W,0.0,NA,7.829947627768785e-13,2850,30817,224,0,0.09070254639874893,0.08465262720171088,1.0,0.9927837376373184,0.007216262362681615
224,YLL060C YNL301C,0.0,NA,7.903559534269688e-13,2850,30816,225,0,0.09073205275736922,0.08465514168597398,1.0,0.9927515221803421,0.007248477819657872
225,YCR009C YHR087W,0.0,NA,8.271413610462519e-13,2850,30815,226,0,0.0907615591159895,0.08465765631961979,1.0,0.9927193067233658,0.007280693276634129
226,YER114C YMR170C,0.0,NA,8.278895147553755e-13,2850,30814,227,0,0.09079106547460977,0.0846601711026616,1.0,0.9926870912663897,0.007312908733610386
227,YBL056W YMR189W,0.0,NA,8.362850884881257e-13,2850,30813,228,0,0.09082057183323006,0.08466268603511273,1.0,0.9926548758094134,0.0073451241905866434
228,YBR034C YOR273C,0.0,NA,8.464658010978732e-13,2850,30812,229,0,0.09085007819185034,0.08466520111698651,1.0,0.9926226603524371,0.007377339647562901
229,YLR175W YHR062C,0.0,NA,8.664498697512346e-13,2850,30811,230,0,0.09087958455047063,0.08466771634829624,1.0,0.9925904448954609,0.007409555104539158
230,YGR013W YPL211W,0.0,NA,8.766081935861203e-13,2850,30810,231,0,0.09090909090909091,0.08467023172905526,1.0,0.9925582294384846,0.007441770561515415
231,YDR451C YDR184C,0.0,NA,8.842893322973111e-13,2850,30809,232,0,0.0909385972677112,0.08467274725927687,1.0,0.9925260139815083,0.007473986018491672
232,YDR025W YOR341W,0.0,NA,8.860164663580805e-13,2850,30808,233,0,0.09096810362633148,0.08467526293897439,1.0,0.9924937985245321,0.0075062014754679295
233,YJL136C YCR061W,0.0,NA,9.157593303457667e-13,2850,30807,234,0,0.09099760998495175,0.08467777876816115,1.0,0.9924615830675558,0.007538416932444187
234,YLR026C YNL286W,0.0,NA,9.18528491114512e-13,2850,30806,235,0,0.09102711634357204,0.08468029474685049,1.0,0.9924293676105795,0.007570632389420444
235,YOR076C YBR156C,0.0,NA,9.204804887058549e-13,2850,30805,236,0,0.09105662270219232,0.0846828108750557,1.0,0.9923971521536032,0.007602847846396701
236,YHR089C YDR173C,0.0,NA,9.223803361727012e-13,2850,30804,237,0,0.0910861290608126,0.08468532715279016,1.0,0.9923649366966271,0.007635063303372958
237,YDL223C YDR263C,0.0,NA,9.461704423424644e-13,2850,30803,238,0,0.09111563541943289,0.08468784358006716,1.0,0.9923327212396508,0.0076672787603492155
238,YOL028C YFR015C,0.0,NA,9.521809339260723e-13,2850,30802,239,0,0.09114514177805318,0.08469036015690004,1.0,0.9923005057826745,0.007699494217325473
239,YHR075C YCR036W,0.0,NA,9.619103473815227e-13,2850,30801,240,0,0.09117464813667345,0.08469287688330213,1.0,0.9922682903256983,0.00773170967430173
240,YHR075C YPL093W,0.0,NA,9.7173918217619e-13,2850,30800,241,0,0.09120415449529373,0.08469539375928678,1.0,0.992236074868722,0.007763925131277987
241,YFL049W YOR120W,0.0,NA,9.90092664972242e-13,2850,30799,242,0,0.09123366085391402,0.08469791078486731,1.0,0.9922038594117457,0.007796140588254245
242,YJR110W YIL097W,0.0,NA,1.0394126965379558e-12,2850,30798,243,0,0.0912631672125343,0.08470042796005706,1.0,0.9921716439547695,0.007828356045230501
243,YNL008C YOR315W,0.0,NA,1.0697738268145018e-12,2850,30797,244,0,0.09129267357115459,0.08470294528486938,1.0,0.9921394284977932,0.007860571502206759
244,YER117W YMR290C,0.0,NA,1.0736454043522303e-12,2850,30796,245,0,0.09132217992977487,0.0847054627593176,1.0,0.992107213040817,0.007892786959183017
245,YMR062C YBL075C,0.0,NA,1.0780264484908098e-12,2850,30795,246,0,0.09135168628839514,0.08470798038341507,1.0,0.9920749975838408,0.007925002416159272
246,YHR169W YDL195W,0.0,NA,1.0892556388114594e-12,2850,30794,247,0,0.09138119264701543,0.08471049815717513,1.0,0.9920427821268645,0.00795721787313553
247,YBR072W YMR198W,0.0,NA,1.1144530394011087e-12,2850,30793,248,0,0.09141069900563571,0.08471301608061112,1.0,0.9920105666698882,0.007989433330111788
248,YCR083W YLR449W,0.0,NA,1.1974798323072244e-12,2850,30792,249,0,0.091440205364256,0.08471553415373641,1.0,0.991978351212912,0.008021648787088045
249,YDR236C YBR072W,0.0,NA,1.2079565863201691e-12,2850,30791,250,0,0.09146971172287628,0.08471805237656431,1.0,0.9919461357559357,0.008053864244064303
250,YFL014W YMR176W,0.0,NA,1.2079611399692936e-12,2850,30790,251,0,0.09149921808149657,0.0847205707491082,1.0,0.9919139202989594,0.008086079701040558
251,YDL099W YGR138C,0.0,NA,1.2402494396074326e-12,2850,30789,252,0,0.09152872444011685,0.08472308927138143,1.0,0.9918817048419832,0.008118295158016816
252,YPL265W YAL028W,0.0,NA,1.2731824058573316e-12,2850,30788,253,0,0.09155823079873712,0.08472560794339735,1.0,0.9918494893850069,0.008150510614993074
253,YFL026W YOR279C,0.0,NA,1.2813068748368517e-12,2850,30787,254,0,0.09158773715735741,0.0847281267651693,1.0,0.9918172739280307,0.008182726071969331
254,YMR250W YMR216C,0.0,NA,1.3733915263727803e-12,2850,30786,255,0,0.09161724351597769,0.08473064573671067,1.0,0.9917850584710544,0.008214941528945589
255,YMR261C YPL135W,0.0,NA,1.4143739348118634e-12,2850,30785,256,0,0.09164674987459798,0.08473316485803478,1.0,0.9917528430140782,0.008247156985921844
256,YOR310C YGR036C,0.0,NA,1.428014065503469e-12,2850,30784,257,0,0.09167625623321826,0.08473568412915503,1.0,0.9917206275571019,0.008279372442898102
257,YMR250W YGR036C,0.0,NA,1.456431871806052e-12,2850,30783,258,0,0.09170576259183855,0.08473820355008474,1.0,0.9916884121001256,0.00831158789987436
258,YNL041C YDR273W,0.0,NA,1.4605964007707861e-12,2850,30782,259,0,0.09173526895045882,0.0847407231208373,1.0,0.9916561966431494,0.008343803356850617
259,YEL066W YDR214W,0.0,NA,1.5047089008818348e-12,2850,30781,260,0,0.0917647753090791,0.08474324284142606,1.0,0.9916239811861731,0.008376018813826875
260,YNR007C YJL080C,0.0,NA,1.5181427079000165e-12,2850,30780,261,0,0.09179428166769939,0.0847457627118644,1.0,0.9915917657291968,0.008408234270803132
261,YGR116W YBR072W,0.0,NA,1.5231487945910338e-12,2850,30779,262,0,0.09182378802631967,0.08474828273216568,1.0,0.9915595502722206,0.008440449727779388
262,YDR204W YDR439W,0.0,NA,1.5430120289122717e-12,2850,30778,263,0,0.09185329438493996,0.08475080290234328,1.0,0.9915273348152444,0.008472665184755646
263,YHR043C YCR021C,0.0,NA,1.628943833119345e-12,2850,30777,264,0,0.09188280074356024,0.08475332322241057,1.0,0.9914951193582681,0.008504880641731903
264,YKL082C YCL039W,0.0,NA,1.668412912166073e-12,2850,30776,265,0,0.09191230710218053,0.0847558436923809,1.0,0.9914629039012919,0.00853709609870816
265,YKL160W YPL119C,0.0,NA,1.6689890572005317e-12,2850,30775,266,0,0.0919418134608008,0.08475836431226766,1.0,0.9914306884443156,0.008569311555684418
266,YGL156W YJR035W,0.0,NA,1.7257760975483705e-12,2850,30774,267,0,0.09197131981942108,0.08476088508208422,1.0,0.9913984729873393,0.008601527012660674
267,YLR197W YKL045W,0.0,NA,1.7581062473903675e-12,2850,30773,268,0,0.09200082617804137,0.08476340600184398,1.0,0.9913662575303631,0.008633742469636932
268,YHR015W YCR021C,0.0,NA,2.0182794237960655e-12,2850,30772,269,0,0.09203033253666165,0.08476592707156029,1.0,0.9913340420733868,0.008665957926613189
269,YPR160W YHR133C,0.0,NA,2.065656890329337e-12,2850,30771,270,0,0.09205983889528194,0.08476844829124654,1.0,0.9913018266164105,0.008698173383589447
270,YNL008C YLL021W,0.0,NA,2.0710891768943585e-12,2850,30770,271,0,0.09208934525390222,0.08477096966091612,1.0,0.9912696111594343,0.008730388840565704
271,YGL156W YAL055W,0.0,NA,2.071409233375676e-12,2850,30769,272,0,0.09211885161252249,0.0847734911805824,1.0,0.9912373957024581,0.00876260429754196
272,YLR054C YNL277W,0.0,NA,2.1002041251938497e-12,2850,30768,273,0,0.09214835797114278,0.08477601285025879,1.0,0.9912051802454818,0.008794819754518218
273,YLR284C YOL120C,0.0,NA,2.1222548458182944e-12,2850,30767,274,0,0.09217786432976306,0.08477853466995865,1.0,0.9911729647885055,0.008827035211494475
274,YCL039W YER174C,0.0,NA,2.170780916133097e-12,2850,30766,275,0,0.09220737068838335,0.08478105663969539,1.0,0.9911407493315293,0.008859250668470733
275,YMR093W YBR155W,0.0,NA,2.2004325445079687e-12,2850,30765,276,0,0.09223687704700363,0.08478357875948238,1.0,0.991108533874553,0.00889146612544699
276,YOL010W YOR138C,0.0,NA,2.2012259636577935e-12,2850,30764,277,0,0.09226638340562392,0.08478610102933301,1.0,0.9910763184175767,0.008923681582423246
277,YMR104C YER051W,0.0,NA,2.2313698198189735e-12,2850,30763,278,0,0.09229588976424419,0.0847886234492607,1.0,0.9910441029606005,0.008955897039399504
278,YLR448W YKL011C,0.0,NA,2.2763433932954102e-12,2850,30762,279,0,0.09232539612286447,0.08479114601927883,1.0,0.9910118875036242,0.008988112496375761
279,YCL039W YGL223C,0.0,NA,2.280432787049591e-12,2850,30761,280,0,0.09235490248148476,0.0847936687394008,1.0,0.9909796720466479,0.009020327953352019
280,YBL019W YHR087W,0.0,NA,2.2863471099004995e-12,2850,30760,281,0,0.09238440884010504,0.08479619160963998,1.0,0.9909474565896718,0.009052543410328276
281,YNR074C YBL075C,0.0,NA,2.320598574412358e-12,2850,30759,282,0,0.09241391519872533,0.08479871463000982,1.0,0.9909152411326955,0.009084758867304532
282,YDR300C YHR137W,0.0,NA,2.336097461308473e-12,2850,30758,283,0,0.09244342155734561,0.08480123780052369,1.0,0.9908830256757192,0.00911697432428079
283,YKR028W YGL184C,0.0,NA,2.389936772789758e-12,2850,30757,284,0,0.0924729279159659,0.08480376112119499,1.0,0.990850810218743,0.009149189781257047
284,YPL144W YGL232W,0.0,NA,2.4323698437356267e-12,2850,30756,285,0,0.09250243427458617,0.08480628459203714,1.0,0.9908185947617667,0.009181405238233305
285,YCR079W YOL052C-A,0.0,NA,2.498620234325788e-12,2850,30755,286,0,0.09253194063320645,0.08480880821306354,1.0,0.9907863793047904,0.009213620695209562
286,YOR267C YPL223C,0.0,NA,2.601074303859585e-12,2850,30754,287,0,0.09256144699182674,0.08481133198428759,1.0,0.9907541638478142,0.009245836152185818
287,YOL052C-A YCL037C,0.0,NA,2.6061099892699113e-12,2850,30753,288,0,0.09259095335044702,0.0848138559057227,1.0,0.9907219483908379,0.009278051609162076
288,YOR196C YGR161C,0.0,NA,2.624912223345155e-12,2850,30752,289,0,0.09262045970906731,0.0848163799773823,1.0,0.9906897329338616,0.009310267066138333
289,YGL045W YJL141C,0.0,NA,2.6342660691680564e-12,2850,30751,290,0,0.09264996606768759,0.08481890419927979,1.0,0.9906575174768855,0.00934248252311459
290,YJR073C YGL098W,0.0,NA,2.6752293956489037e-12,2850,30750,291,0,0.09267947242630786,0.08482142857142858,1.0,0.9906253020199092,0.009374697980090848
291,YER162C YGL184C,0.0,NA,2.6800759962003484e-12,2850,30749,292,0,0.09270897878492815,0.08482395309384208,1.0,0.9905930865629329,0.009406913437067104
292,YNL149C YCL044C,0.0,NA,2.717306414601328e-12,2850,30748,293,0,0.09273848514354843,0.08482647776653372,1.0,0.9905608711059566,0.009439128894043362
293,YIL110W YKL109W,0.0,NA,2.809172599399501e-12,2850,30747,294,0,0.09276799150216872,0.08482900258951692,1.0,0.9905286556489804,0.00947134435101962
294,YER062C YGR141W,0.0,NA,2.868071882419776e-12,2850,30746,295,0,0.092797497860789,0.0848315275628051,1.0,0.9904964401920041,0.009503559807995877
295,YHR172W YGL147C,0.0,NA,2.9275585861771036e-12,2850,30745,296,0,0.09282700421940929,0.08483405268641167,1.0,0.9904642247350278,0.009535775264972134
296,YLL036C YIL079C,0.0,NA,2.9623048805604846e-12,2850,30744,297,0,0.09285651057802957,0.08483657796035006,1.0,0.9904320092780516,0.00956799072194839
297,YML080W YGR197C,0.0,NA,2.9807647235896573e-12,2850,30743,298,0,0.09288601693664984,0.0848391033846337,1.0,0.9903997938210753,0.009600206178924648
298,YPR118W YPR144C,0.0,NA,3.0385290637757745e-12,2850,30742,299,0,0.09291552329527013,0.08484162895927602,1.0,0.990367578364099,0.009632421635900905
299,YLR175W YBR097W,0.0,NA,3.0754838779845084e-12,2850,30741,300,0,0.09294502965389041,0.08484415468429043,1.0,0.9903353629071229,0.009664637092877163
300,YMR146C YLR009W,0.0,NA,3.0764345064493437e-12,2850,30740,301,0,0.0929745360125107,0.08484668055969039,1.0,0.9903031474501466,0.00969685254985342
301,YKR056W YNR054C,0.0,NA,3.081790465181422e-12,2850,30739,302,0,0.09300404237113098,0.08484920658548929,1.0,0.9902709319931703,0.009729068006829676
302,YOR185C YBL084C,0.0,NA,3.1109416258334743e-12,2850,30738,303,0,0.09303354872975127,0.0848517327617006,1.0,0.9902387165361941,0.009761283463805934
303,YNL219C YBR072W,0.0,NA,3.1581122265922357e-12,2850,30737,304,0,0.09306305508837154,0.08485425908833776,1.0,0.9902065010792178,0.009793498920782191
304,YDR038C YNL127W,0.0,NA,3.2293317325793325e-12,2850,30736,305,0,0.09309256144699182,0.08485678556541416,1.0,0.9901742856222415,0.009825714377758449
305,YGR145W YBL075C,0.0,NA,3.2731237425281945e-12,2850,30735,306,0,0.09312206780561211,0.08485931219294328,1.0,0.9901420701652653,0.009857929834734706
306,YHL011C YCR021C,0.0,NA,3.2906572432211956e-12,2850,30734,307,0,0.09315157416423239,0.08486183897093855,1.0,0.990109854708289,0.009890145291710962
307,YDR260C YJL153C,0.0,NA,3.3504115280746927e-12,2850,30733,308,0,0.09318108052285268,0.08486436589941339,1.0,0.9900776392513128,0.00992236074868722
308,YER103W YKR076W,0.0,NA,3.356551798658347e-12,2850,30732,309,0,0.09321058688147296,0.08486689297838128,1.0,0.9900454237943366,0.009954576205663477
309,YJL122W YMR069W,0.0,NA,3.3868545988580134e-12,2850,30731,310,0,0.09324009324009325,0.08486942020785564,1.0,0.9900132083373603,0.009986791662639735
310,YOR095C YJR070C,0.0,NA,3.4123699959448528e-12,2850,30730,311,0,0.09326959959871352,0.08487194758784991,1.0,0.989980992880384,0.010019007119615992
311,YGL106W YAL059W,0.0,NA,3.4248760511640386e-12,2850,30729,312,0,0.0932991059573338,0.08487447511837756,1.0,0.9899487774234077,0.010051222576592248
312,YIL101C YPR145W,0.0,NA,3.448664531030543e-12,2850,30728,313,0,0.09332861231595409,0.08487700279945203,1.0,0.9899165619664315,0.010083438033568506
313,YGL212W YDR204W,0.0,NA,3.6272978978096893e-12,2850,30727,314,0,0.09335811867457437,0.08487953063108676,1.0,0.9898843465094552,0.010115653490544763
314,YOR273C YPL093W,0.0,NA,3.6493867823506054e-12,2850,30726,315,0,0.09338762503319466,0.08488205861329522,1.0,0.9898521310524789,0.01014786894752102
315,YOL060C YCL044C,0.0,NA,3.6743628972768505e-12,2850,30725,316,0,0.09341713139181494,0.08488458674609084,1.0,0.9898199155955028,0.010180084404497278
316,YGL003C YBR280C,0.0,NA,3.750179420475286e-12,2850,30724,317,0,0.09344663775043521,0.0848871150294871,1.0,0.9897877001385265,0.010212299861473534
317,YKL175W YDL223C,0.0,NA,3.800194100372911e-12,2850,30723,318,0,0.0934761441090555,0.08488964346349745,1.0,0.9897554846815502,0.010244515318449792
318,YGR248W YBR169C,0.0,NA,3.864030623246251e-12,2850,30722,319,0,0.09350565046767578,0.08489217204813534,1.0,0.989723269224574,0.01027673077542605
319,YGL212W YMR139W,0.0,NA,3.9334538230739735e-12,2850,30721,320,0,0.09353515682629607,0.08489470078341425,1.0,0.9896910537675977,0.010308946232402307
320,YOR027W YBL008W,0.0,NA,3.9896246029069715e-12,2850,30720,321,0,0.09356466318491635,0.08489722966934764,1.0,0.9896588383106214,0.010341161689378564
321,YGR192C YEL041W,0.0,NA,4.014524390000274e-12,2850,30719,322,0,0.09359416954353664,0.08489975870594894,1.0,0.9896266228536452,0.01037337714635482
322,YDR335W YMR180C,0.0,NA,4.019059824528215e-12,2850,30718,323,0,0.09362367590215691,0.08490228789323165,1.0,0.9895944073966689,0.010405592603331078
323,YAL019W YER082C,0.0,NA,4.080015839069695e-12,2850,30717,324,0,0.09365318226077719,0.08490481723120923,1.0,0.9895621919396926,0.010437808060307335
324,YNR050C YGR161C,0.0,NA,4.131370592852512e-12,2850,30716,325,0,0.09368268861939748,0.08490734671989514,1.0,0.9895299764827165,0.010470023517283593
325,YGL100W YHR062C,0.0,NA,4.155609450301467e-12,2850,30715,326,0,0.09371219497801776,0.08490987635930285,1.0,0.9894977610257402,0.01050223897425985
326,YPR154W YER169W,0.0,NA,4.1828216237882465e-12,2850,30714,327,0,0.09374170133663805,0.08491240614944584,1.0,0.9894655455687639,0.010534454431236106
327,YOR120W YDL224C,0.0,NA,4.2537995695313136e-12,2850,30713,328,0,0.09377120769525833,0.08491493609033757,1.0,0.9894333301117877,0.010566669888212364
328,YKR057W YNL130C,0.0,NA,4.3105718647296065e-12,2850,30712,329,0,0.09380071405387862,0.08491746618199154,1.0,0.9894011146548114,0.010598885345188621
329,YOR076C YDR054C,0.0,NA,4.3792387251218035e-12,2850,30711,330,0,0.09383022041249889,0.0849199964244212,1.0,0.9893688991978351,0.010631100802164879
330,YDR227W YOR120W,0.0,NA,4.490089723641066e-12,2850,30710,331,0,0.09385972677111917,0.08492252681764005,1.0,0.9893366837408588,0.010663316259141136
331,YDL060W YNR023W,0.0,NA,4.563565237508671e-12,2850,30709,332,0,0.09388923312973946,0.08492505736166155,1.0,0.9893044682838826,0.010695531716117394
332,YGR177C YGL171W,0.0,NA,4.610987373171449e-12,2850,30708,333,0,0.09391873948835974,0.08492758805649919,1.0,0.9892722528269063,0.01072774717309365
333,YJL125C YOR272W,0.0,NA,4.863953424055767e-12,2850,30707,334,0,0.09394824584698003,0.08493011890216647,1.0,0.98924003736993,0.010759962630069907
334,YPL224C YHL036W,0.0,NA,4.870823796382373e-12,2850,30706,335,0,0.09397775220560031,0.08493264989867684,1.0,0.9892078219129539,0.010792178087046165
335,YKR003W YGL184C,0.0,NA,5.0166385802408175e-12,2850,30705,336,0,0.09400725856422058,0.0849351810460438,1.0,0.9891756064559776,0.010824393544022422
336,YOR348C YNL277W,0.0,NA,5.101707684779244e-12,2850,30704,337,0,0.09403676492284087,0.08493771234428087,1.0,0.9891433909990013,0.01085660900099868
337,YPL011C YOR178C,0.0,NA,5.2814133275069786e-12,2850,30703,338,0,0.09406627128146115,0.08494024379340148,1.0,0.9891111755420251,0.010888824457974936
338,YJR156C YBL064C,0.0,NA,5.3408870208382364e-12,2850,30702,339,0,0.09409577764008144,0.08494277539341917,1.0,0.9890789600850488,0.010921039914951193
339,YGL141W YCL018W,0.0,NA,5.34826740186678e-12,2850,30701,340,0,0.09412528399870172,0.0849453071443474,1.0,0.9890467446280725,0.010953255371927451
340,YLR251W YHR171W,0.0,NA,5.459081537512178e-12,2850,30700,341,0,0.09415479035732201,0.08494783904619971,1.0,0.9890145291710963,0.010985470828903708
341,YPL188W YGR148C,0.0,NA,5.4839609416046375e-12,2850,30699,342,0,0.09418429671594229,0.08495037109898954,1.0,0.98898231371412,0.011017686285879966
342,YLR094C YBL069W,0.0,NA,5.545387933569845e-12,2850,30698,343,0,0.09421380307456256,0.08495290330273042,1.0,0.9889500982571438,0.011049901742856222
343,YGR177C YPL079W,0.0,NA,5.699176807566486e-12,2850,30697,344,0,0.09424330943318285,0.08495543565743584,1.0,0.9889178828001676,0.01108211719983248
344,YBR188C YPL123C,0.0,NA,5.711930928242737e-12,2850,30696,345,0,0.09427281579180313,0.0849579681631193,1.0,0.9888856673431913,0.011114332656808737
345,YFL014W YML114C,0.0,NA,5.731323401980681e-12,2850,30695,346,0,0.09430232215042342,0.08496050081979431,1.0,0.988853451886215,0.011146548113784994
346,YPL241C YLR343W,0.0,NA,5.751550277710571e-12,2850,30694,347,0,0.0943318285090437,0.08496303362747436,1.0,0.9888212364292388,0.011178763570761252
347,YDR369C YML100W,0.0,NA,5.806751780801367e-12,2850,30693,348,0,0.09436133486766399,0.08496556658617298,1.0,0.9887890209722625,0.011210979027737508
348,YMR189W YMR145C,0.0,NA,5.94422818259166e-12,2850,30692,349,0,0.09439084122628426,0.08496809969590365,1.0,0.9887568055152862,0.011243194484713765
349,YDR227W YLR251W,0.0,NA,5.956053792527394e-12,2850,30691,350,0,0.09442034758490454,0.08497063295667988,1.0,0.9887245900583099,0.011275409941690023
350,YLR237W YIR041W,0.0,NA,5.982069006815749e-12,2850,30690,351,0,0.09444985394352483,0.08497316636851521,1.0,0.9886923746013337,0.01130762539866628
351,YBR286W YBR169C,0.0,NA,6.244070364924692e-12,2850,30689,352,0,0.09447936030214511,0.08497569993142312,1.0,0.9886601591443575,0.011339840855642538
352,YAL054C YNL099C,0.0,NA,6.287428043483256e-12,2850,30688,353,0,0.0945088666607654,0.08497823364541714,1.0,0.9886279436873812,0.011372056312618794
353,YGR088W YDR082W,0.0,NA,6.3696166396898235e-12,2850,30687,354,0,0.09453837301938568,0.08498076751051079,1.0,0.988595728230405,0.011404271769595051
354,YNL008C YPL179W,0.0,NA,6.495778307608058e-12,2850,30686,355,0,0.09456787937800595,0.08498330152671756,1.0,0.9885635127734287,0.011436487226571309
355,YER103W YEL040W,0.0,NA,6.604505570911856e-12,2850,30685,356,0,0.09459738573662624,0.08498583569405099,1.0,0.9885312973164524,0.011468702683547567
356,YJR145C YDR407C,0.0,NA,6.9307363667614474e-12,2850,30684,357,0,0.09462689209524652,0.0849883700125246,1.0,0.9884990818594762,0.011500918140523824
357,YJL091C YBL039C,0.0,NA,6.981112736503814e-12,2850,30683,358,0,0.09465639845386681,0.08499090448215191,1.0,0.9884668664024999,0.01153313359750008
358,YOL091W YOR348C,0.0,NA,6.988640135346946e-12,2850,30682,359,0,0.09468590481248709,0.08499343910294643,1.0,0.9884346509455236,0.011565349054476337
359,YPL138C YLR248W,0.0,NA,7.081830781519027e-12,2850,30681,360,0,0.09471541117110738,0.08499597387492172,1.0,0.9884024354885474,0.011597564511452595
360,YPR154W YGR289C,0.0,NA,7.096542537637918e-12,2850,30680,361,0,0.09474491752972766,0.08499850879809126,1.0,0.9883702200315712,0.011629779968428853
361,YOR184W YPR030W,0.0,NA,7.177647799033737e-12,2850,30679,362,0,0.09477442388834793,0.08500104387246861,1.0,0.9883380045745949,0.01166199542540511
362,YLR145W YNR049C,0.0,NA,7.256024774082714e-12,2850,30678,363,0,0.09480393024696822,0.08500357909806729,1.0,0.9883057891176187,0.011694210882381366
363,YBR066C YDR191W,0.0,NA,7.374832515505414e-12,2850,30677,364,0,0.0948334366055885,0.08500611447490082,1.0,0.9882735736606424,0.011726426339357623
364,YHR104W YIR005W,0.0,NA,7.382432339053668e-12,2850,30676,365,0,0.09486294296420879,0.08500865000298276,1.0,0.9882413582036661,0.011758641796333881
365,YMR142C YML100W,0.0,NA,7.39621645179378e-12,2850,30675,366,0,0.09489244932282907,0.08501118568232663,1.0,0.9882091427466899,0.011790857253310139
366,YPL086C YGL247W,0.0,NA,7.526616482844695e-12,2850,30674,367,0,0.09492195568144936,0.08501372151294595,1.0,0.9881769272897136,0.011823072710286396
367,YER103W YLR452C,0.0,NA,7.559779191534943e-12,2850,30673,368,0,0.09495146204006963,0.08501625749485428,1.0,0.9881447118327373,0.011855288167262652
368,YKR009C YJL190C,0.0,NA,7.613536537331989e-12,2850,30672,369,0,0.09498096839868991,0.08501879362806515,1.0,0.988112496375761,0.01188750362423891
369,YOL039W YDR082W,0.0,NA,7.618635756989622e-12,2850,30671,370,0,0.0950104747573102,0.0850213299125921,1.0,0.9880802809187849,0.011919719081215167
370,YDL193W YIR017C,0.0,NA,7.666111669080156e-12,2850,30670,371,0,0.09503998111593048,0.08502386634844869,1.0,0.9880480654618086,0.011951934538191425
371,YBR029C YLR178C,0.0,NA,7.72757899336618e-12,2850,30669,372,0,0.09506948747455077,0.08502640293564843,1.0,0.9880158500048323,0.011984149995167682
372,YIL131C YER045C,0.0,NA,7.738464383177934e-12,2850,30668,373,0,0.09509899383317105,0.0850289396742049,1.0,0.9879836345478561,0.012016365452143938
373,YNL001W YNR049C,0.0,NA,7.828801842912902e-12,2850,30667,374,0,0.09512850019179134,0.08503147656413164,1.0,0.9879514190908798,0.012048580909120195
374,YOR383C YKR020W,0.0,NA,7.939553528513166e-12,2850,30666,375,0,0.09515800655041161,0.08503401360544217,1.0,0.9879192036339035,0.012080796366096453
375,YBL064C YJL103C,0.0,NA,7.97439978633685e-12,2850,30665,376,0,0.0951875129090319,0.08503655079815008,1.0,0.9878869881769273,0.01211301182307271
376,YKL049C YKR094C,0.0,NA,7.975935883974827e-12,2850,30664,377,0,0.09521701926765218,0.0850390881422689,1.0,0.987854772719951,0.012145227280048968
377,YOL010W YGL229C,0.0,NA,8.02940526567486e-12,2850,30663,378,0,0.09524652562627246,0.08504162563781219,1.0,0.9878225572629747,0.012177442737025224
378,YHR111W YDR273W,0.0,NA,8.085268565771742e-12,2850,30662,379,0,0.09527603198489275,0.0850441632847935,1.0,0.9877903418059986,0.012209658194001482
379,YER015W YLR009W,0.0,NA,8.103052950847456e-12,2850,30661,380,0,0.09530553834351303,0.0850467010832264,1.0,0.9877581263490223,0.012241873650977739
380,YPR143W YGR141W,0.0,NA,8.128129246054439e-12,2850,30660,381,0,0.0953350447021333,0.08504923903312445,1.0,0.987725910892046,0.012274089107953997
381,YKL082C YGR049W,0.0,NA,8.367849815837936e-12,2850,30659,382,0,0.09536455106075359,0.08505177713450118,1.0,0.9876936954350698,0.012306304564930254
382,YLR144C YBR066C,0.0,NA,8.509518610588795e-12,2850,30658,383,0,0.09539405741937387,0.08505431538737018,1.0,0.9876614799780935,0.01233852002190651
383,YLR409C YOL010W,0.0,NA,8.679903150399237e-12,2850,30657,384,0,0.09542356377799416,0.085056853791745,1.0,0.9876292645211172,0.012370735478882768
384,YOL016C YKR046C,0.0,NA,8.765032970259323e-12,2850,30656,385,0,0.09545307013661444,0.08505939234763923,1.0,0.9875970490641409,0.012402950935859025
385,YLR298C YHR104W,0.0,NA,8.778919431684518e-12,2850,30655,386,0,0.09548257649523473,0.0850619310550664,1.0,0.9875648336071647,0.012435166392835283
386,YDR113C YHR085W,0.0,NA,9.352171814747123e-12,2850,30654,387,0,0.09551208285385501,0.08506446991404011,1.0,0.9875326181501884,0.01246738184981154
387,YOR192C YDR380W,0.0,NA,9.358042986351567e-12,2850,30653,388,0,0.09554158921247528,0.08506700892457392,1.0,0.9875004026932122,0.012499597306787796
388,YHL001W YBR066C,0.0,NA,9.709559545267865e-12,2850,30652,389,0,0.09557109557109557,0.08506954808668139,1.0,0.987468187236236,0.012531812763764054
389,YDL132W YDR143C,0.0,NA,9.715877408167373e-12,2850,30651,390,0,0.09560060192971585,0.08507208740037611,1.0,0.9874359717792597,0.012564028220740311
390,YMR006C YOL123W,0.0,NA,1.0054182313090632e-11,2850,30650,391,0,0.09563010828833614,0.08507462686567165,1.0,0.9874037563222834,0.012596243677716569
391,YMR189W YPR181C,0.0,NA,1.0274957100431248e-11,2850,30649,392,0,0.09565961464695642,0.08507716648258157,1.0,0.9873715408653072,0.012628459134692826
392,YPL005W YCR021C,0.0,NA,1.0344627932035166e-11,2850,30648,393,0,0.09568912100557671,0.08507970625111946,1.0,0.9873393254083309,0.012660674591669082
393,YKR057W YLR258W,0.0,NA,1.0395976614285818e-11,2850,30647,394,0,0.09571862736419698,0.08508224617129892,1.0,0.9873071099513546,0.01269289004864534
394,YPL231W YIR031C,0.0,NA,1.073209836971456e-11,2850,30646,395,0,0.09574813372281726,0.08508478624313351,1.0,0.9872748944943784,0.012725105505621597
395,YHL033C YNL202W,0.0,NA,1.0867867369923623e-11,2850,30645,396,0,0.09577764008143755,0.08508732646663682,1.0,0.9872426790374021,0.012757320962597855
396,YOL052C-A YPL249C,0.0,NA,1.0902830721581935e-11,2850,30644,397,0,0.09580714644005783,0.08508986684182242,1.0,0.9872104635804259,0.012789536419574112
397,YGR138C YBR170C,0.0,NA,1.1005709364686478e-11,2850,30643,398,0,0.09583665279867812,0.08509240736870391,1.0,0.9871782481234497,0.012821751876550368
398,YIL153W YMR136W,0.0,NA,1.114761841863876e-11,2850,30642,399,0,0.0958661591572984,0.08509494804729488,1.0,0.9871460326664734,0.012853967333526626
399,YNL093W YMR180C,0.0,NA,1.1214304658502261e-11,2850,30641,400,0,0.09589566551591867,0.08509748887760892,1.0,0.9871138172094971,0.012886182790502883
400,YPL123C YBL068W,0.0,NA,1.125433166798695e-11,2850,30640,401,0,0.09592517187453896,0.0851000298596596,1.0,0.9870816017525209,0.01291839824747914
401,YKR053C YDR216W,0.0,NA,1.1306894656670785e-11,2850,30639,402,0,0.09595467823315924,0.08510257099346054,1.0,0.9870493862955446,0.012950613704455398
402,YDR480W YOR120W,0.0,NA,1.1404186622820944e-11,2850,30638,403,0,0.09598418459177953,0.08510511227902533,1.0,0.9870171708385683,0.012982829161431654
403,YNL037C YER035W,0.0,NA,1.1425763113415144e-11,2850,30637,404,0,0.09601369095039981,0.08510765371636754,1.0,0.986984955381592,0.013015044618407912
404,YLL035W YOR091W,0.0,NA,1.146540761637338e-11,2850,30636,405,0,0.0960431973090201,0.0851101953055008,1.0,0.9869527399246159,0.01304726007538417
405,YJR063W YGR142W,0.0,NA,1.155105698591452e-11,2850,30635,406,0,0.09607270366764038,0.08511273704643871,1.0,0.9869205244676396,0.013079475532360427
406,YLL039C YPR194C,0.0,NA,1.1564107310624294e-11,2850,30634,407,0,0.09610221002626065,0.08511527893919484,1.0,0.9868883090106633,0.013111690989336684
407,YHR158C YGL184C,0.0,NA,1.1586229371751688e-11,2850,30633,408,0,0.09613171638488094,0.08511782098378282,1.0,0.9868560935536871,0.013143906446312942
408,YBR211C YML128C,0.0,NA,1.1616943518255596e-11,2850,30632,409,0,0.09616122274350122,0.08512036318021624,1.0,0.9868238780967108,0.013176121903289198
409,YPL095C YML100W,0.0,NA,1.17461925602802e-11,2850,30631,410,0,0.09619072910212151,0.08512290552850871,1.0,0.9867916626397345,0.013208337360265455
410,YCL040W YKL096W,0.0,NA,1.1755965124982115e-11,2850,30630,411,0,0.0962202354607418,0.08512544802867383,1.0,0.9867594471827583,0.013240552817241713
411,YOR046C YHR148W,0.0,NA,1.1801638659381108e-11,2850,30629,412,0,0.09624974181936208,0.08512799068072523,1.0,0.986727231725782,0.01327276827421797
412,YBL078C YOR196C,0.0,NA,1.2577524959034303e-11,2850,30628,413,0,0.09627924817798235,0.0851305334846765,1.0,0.9866950162688057,0.013304983731194228
413,YBR193C YPR160W,0.0,NA,1.2579300448511965e-11,2850,30627,414,0,0.09630875453660263,0.08513307644054127,1.0,0.9866628008118296,0.013337199188170484
414,YLL039C YMR106C,0.0,NA,1.294651798960933e-11,2850,30626,415,0,0.09633826089522292,0.08513561954833314,1.0,0.9866305853548533,0.013369414645146741
415,YIL097W YLR186W,0.0,NA,1.3031867251989127e-11,2850,30625,416,0,0.0963677672538432,0.08513816280806571,1.0,0.986598369897877,0.013401630102122999
416,YGL037C YLR260W,0.0,NA,1.3132223607159599e-11,2850,30624,417,0,0.09639727361246349,0.08514070621975264,1.0,0.9865661544409008,0.013433845559099256
417,YDR386W YDR256C,0.0,NA,1.3203502527425748e-11,2850,30623,418,0,0.09642677997108377,0.08514324978340752,1.0,0.9865339389839245,0.013466061016075514
418,YHR205W YGL096W,0.0,NA,1.3281397683029272e-11,2850,30622,419,0,0.09645628632970406,0.08514579349904397,1.0,0.9865017235269482,0.01349827647305177
419,YDR083W YOR353C,0.0,NA,1.36522789601079e-11,2850,30621,420,0,0.09648579268832433,0.08514833736667562,1.0,0.986469508069972,0.013530491930028027
420,YLL062C YJR106W,0.0,NA,1.3669503029500873e-11,2850,30620,421,0,0.09651529904694461,0.0851508813863161,1.0,0.9864372926129957,0.013562707387004285
421,YPL012W YOR321W,0.0,NA,1.3779840116190378e-11,2850,30619,422,0,0.0965448054055649,0.08515342555797903,1.0,0.9864050771560194,0.013594922843980542
422,YBR085W YHR052W,0.0,NA,1.4177669455106567e-11,2850,30618,423,0,0.09657431176418518,0.08515596988167802,1.0,0.9863728616990431,0.0136271383009568
423,YPL069C YMR180C,0.0,NA,1.4213084702230372e-11,2850,30617,424,0,0.09660381812280547,0.08515851435742672,1.0,0.986340646242067,0.013659353757933056
424,YLR220W YCL008C,0.0,NA,1.4448697446822756e-11,2850,30616,425,0,0.09663332448142575,0.08516105898523875,1.0,0.9863084307850907,0.013691569214909313
425,YPL052W YJL140W,0.0,NA,1.5136388670233814e-11,2850,30615,426,0,0.09666283084004602,0.08516360376512774,1.0,0.9862762153281144,0.01372378467188557
426,YGL104C YGL208W,0.0,NA,1.535195408297607e-11,2850,30614,427,0,0.09669233719866631,0.08516614869710734,1.0,0.9862439998711382,0.013756000128861828
427,YBR247C YOL064C,0.0,NA,1.548505594584082e-11,2850,30613,428,0,0.0967218435572866,0.08516869378119117,1.0,0.9862117844141619,0.013788215585838086
428,YOR340C YPR023C,0.0,NA,1.57096315123173e-11,2850,30612,429,0,0.09675134991590688,0.08517123901739286,1.0,0.9861795689571856,0.013820431042814342
429,YLR180W YGL100W,0.0,NA,1.612416103413672e-11,2850,30611,430,0,0.09678085627452716,0.08517378440572607,1.0,0.9861473535002094,0.0138526464997906
430,YLR324W YPL057C,0.0,NA,1.640725229290485e-11,2850,30610,431,0,0.09681036263314745,0.08517632994620443,1.0,0.9861151380432331,0.013884861956766857
431,YOL052C-A YFR024C-A,0.0,NA,1.651465943164343e-11,2850,30609,432,0,0.09683986899176772,0.08517887563884156,1.0,0.9860829225862568,0.013917077413743114
432,YBR066C YDR310C,0.0,NA,1.671573643391433e-11,2850,30608,433,0,0.096869375350388,0.08518142148365114,1.0,0.9860507071292807,0.013949292870719372
433,YLR189C YGL035C,0.0,NA,1.7672653271350036e-11,2850,30607,434,0,0.09689888170900829,0.0851839674806468,1.0,0.9860184916723044,0.013981508327695628
434,YCL039W YNL255C,0.0,NA,1.7674573610237942e-11,2850,30606,435,0,0.09692838806762857,0.08518651362984218,1.0,0.9859862762153281,0.014013723784671885
435,YDL132W YJR055W,0.0,NA,1.7763866766440373e-11,2850,30605,436,0,0.09695789442624886,0.08518905993125094,1.0,0.9859540607583519,0.014045939241648143
436,YHR197W YCL043C,0.0,NA,1.777467756314266e-11,2850,30604,437,0,0.09698740078486914,0.08519160638488671,1.0,0.9859218453013756,0.0140781546986244
437,YKR053C YJL047C,0.0,NA,1.77977459159262e-11,2850,30603,438,0,0.09701690714348943,0.08519415299076316,1.0,0.9858896298443993,0.014110370155600658
438,YFL008W YBR066C,0.0,NA,1.7818975461825204e-11,2850,30602,439,0,0.0970464135021097,0.08519669974889393,1.0,0.9858574143874231,0.014142585612576914
439,YDL141W YGR161C,0.0,NA,1.7843802824213384e-11,2850,30601,440,0,0.09707591986072998,0.0851992466592927,1.0,0.9858251989304468,0.014174801069553171
440,YDR471W YPL143W,0.0,NA,1.7913606362163215e-11,2850,30600,441,0,0.09710542621935027,0.08520179372197309,1.0,0.9857929834734706,0.014207016526529429
441,YDR263C YMR180C,0.0,NA,1.811941048590615e-11,2850,30599,442,0,0.09713493257797055,0.08520434093694879,1.0,0.9857607680164943,0.014239231983505686
442,YCL054W YJL030W,0.0,NA,1.886187907251813e-11,2850,30598,443,0,0.09716443893659084,0.08520688830423344,1.0,0.9857285525595181,0.014271447440481944
443,YLR205C YKR061W,0.0,NA,1.9076575388798922e-11,2850,30597,444,0,0.09719394529521112,0.0852094358238407,1.0,0.9856963371025418,0.0143036628974582
444,YDL174C YFL026W,0.0,NA,1.9285472524499525e-11,2850,30596,445,0,0.0972234516538314,0.08521198349578425,1.0,0.9856641216455655,0.014335878354434457
445,YOR229W YCR021C,0.0,NA,1.9995968422725774e-11,2850,30595,446,0,0.09725295801245168,0.08521453132007774,1.0,0.9856319061885893,0.014368093811410715
446,YGR177C YPR138C,0.0,NA,2.0087062221896268e-11,2850,30594,447,0,0.09728246437107196,0.08521707929673485,1.0,0.985599690731613,0.014400309268386972
447,YDL234C YBR166C,0.0,NA,2.009188995732991e-11,2850,30593,448,0,0.09731197072969225,0.08521962742576922,1.0,0.9855674752746367,0.01443252472536323
448,YLR178C YPL145C,0.0,NA,2.0629803421101656e-11,2850,30592,449,0,0.09734147708831253,0.08522217570719455,1.0,0.9855352598176605,0.014464740182339486
449,YFL014W YBR189W,0.0,NA,2.133461809994408e-11,2850,30591,450,0,0.09737098344693282,0.08522472414102449,1.0,0.9855030443606843,0.014496955639315743
450,YBR066C YBR170C,0.0,NA,2.1555573298526198e-11,2850,30590,451,0,0.0974004898055531,0.08522727272727272,1.0,0.985470828903708,0.014529171096292
451,YLL022C YBR101C,0.0,NA,2.1572930941626822e-11,2850,30589,452,0,0.09742999616417337,0.08522982146595293,1.0,0.9854386134467318,0.014561386553268258
452,YOR004W YAR002C-A,0.0,NA,2.1616921794254118e-11,2850,30588,453,0,0.09745950252279366,0.08523237035707877,1.0,0.9854063979897555,0.014593602010244516
453,YDR436W YGR248W,0.0,NA,2.1773213440545724e-11,2850,30587,454,0,0.09748900888141394,0.08523491940066394,1.0,0.9853741825327792,0.014625817467220772
454,YOR145C YOR138C,0.0,NA,2.1838511901628443e-11,2850,30586,455,0,0.09751851524003423,0.0852374685967221,1.0,0.985341967075803,0.01465803292419703
455,YKL004W YMR093W,0.0,NA,2.1952356599186373e-11,2850,30585,456,0,0.09754802159865451,0.08524001794526694,1.0,0.9853097516188267,0.014690248381173287
456,YKR068C YLR324W,0.0,NA,2.2491250181722044e-11,2850,30584,457,0,0.0975775279572748,0.08524256744631213,1.0,0.9852775361618504,0.014722463838149544
457,YEL054C YNL093W,0.0,NA,2.2778038136217482e-11,2850,30583,458,0,0.09760703431589507,0.08524511709987138,1.0,0.9852453207048743,0.014754679295125802
458,YHR104W YHR062C,0.0,NA,2.2922386211376988e-11,2850,30582,459,0,0.09763654067451535,0.08524766690595836,1.0,0.985213105247898,0.014786894752102058
459,YIL097W YDR259C,0.0,NA,2.29542374691194e-11,2850,30581,460,0,0.09766604703313564,0.08525021686458677,1.0,0.9851808897909217,0.014819110209078315
460,YJL103C YER168C,0.0,NA,2.3052035974524543e-11,2850,30580,461,0,0.09769555339175592,0.08525276697577026,1.0,0.9851486743339454,0.014851325666054573
461,YJR082C YOR078W,0.0,NA,2.310067068189703e-11,2850,30579,462,0,0.09772505975037621,0.08525531723952257,1.0,0.9851164588769692,0.01488354112303083
462,YGL209W YHR007C,0.0,NA,2.31336078765354e-11,2850,30578,463,0,0.0977545661089965,0.08525786765585737,1.0,0.9850842434199929,0.014915756580007088
463,YDR256C YIL145C,0.0,NA,2.333822891886772e-11,2850,30577,464,0,0.09778407246761678,0.08526041822478835,1.0,0.9850520279630166,0.014947972036983344
464,YNL294C YMR170C,0.0,NA,2.335363499805787e-11,2850,30576,465,0,0.09781357882623705,0.0852629689463292,1.0,0.9850198125060404,0.014980187493959601
465,YHR087W YLR237W,0.0,NA,2.3760887354895566e-11,2850,30575,466,0,0.09784308518485733,0.08526551982049364,1.0,0.9849875970490641,0.015012402950935859
466,YPR179C YDR173C,0.0,NA,2.387600707420834e-11,2850,30574,467,0,0.09787259154347762,0.08526807084729536,1.0,0.9849553815920878,0.015044618407912116
467,YDR273W YNL135C,0.0,NA,2.4099187923010135e-11,2850,30573,468,0,0.0979020979020979,0.08527062202674805,1.0,0.9849231661351117,0.015076833864888374
468,YBR102C YDL223C,0.0,NA,2.4103507384465317e-11,2850,30572,469,0,0.09793160426071819,0.08527317335886542,1.0,0.9848909506781354,0.01510904932186463
469,YOR216C YLR009W,0.0,NA,2.4109209420530853e-11,2850,30571,470,0,0.09796111061933847,0.08527572484366117,1.0,0.9848587352211591,0.015141264778840887
470,YLR380W YDR273W,0.0,NA,2.4429765502209655e-11,2850,30570,471,0,0.09799061697795874,0.08527827648114901,1.0,0.9848265197641829,0.015173480235817145
471,YCL052C YJL045W,0.0,NA,2.4777636539741188e-11,2850,30569,472,0,0.09802012333657903,0.08528082827134265,1.0,0.9847943043072066,0.015205695692793402
472,YOR068C YDR173C,0.0,NA,2.499226867125337e-11,2850,30568,473,0,0.09804962969519931,0.08528338021425579,1.0,0.9847620888502303,0.01523791114976966
473,YPR154W YDL111C,0.0,NA,2.525120217089505e-11,2850,30567,474,0,0.0980791360538196,0.08528593230990214,1.0,0.9847298733932541,0.015270126606745916
474,YJL052W YEL060C,0.0,NA,2.5412581761141695e-11,2850,30566,475,0,0.09810864241243988,0.08528848455829542,1.0,0.9846976579362778,0.015302342063722173
475,YDL031W YJL205C,0.0,NA,2.5773414652485727e-11,2850,30565,476,0,0.09813814877106017,0.08529103695944935,1.0,0.9846654424793015,0.015334557520698431
476,YBR068C YPL003W,0.0,NA,2.5874139636394844e-11,2850,30564,477,0,0.09816765512968044,0.08529358951337762,1.0,0.9846332270223254,0.015366772977674688
477,YLL060C YGR085C,0.0,NA,2.5892309130082225e-11,2850,30563,478,0,0.09819716148830072,0.08529614222009398,1.0,0.9846010115653491,0.015398988434650946
478,YPR065W YGL029W,0.0,NA,2.5953074758722217e-11,2850,30562,479,0,0.09822666784692101,0.08529869507961212,1.0,0.9845687961083728,0.015431203891627202
479,YAR018C YDR273W,0.0,NA,2.6209161577139817e-11,2850,30561,480,0,0.0982561742055413,0.08530124809194577,1.0,0.9845365806513965,0.01546341934860346
480,YPL239W YDR075W,0.0,NA,2.6539713135487197e-11,2850,30560,481,0,0.09828568056416158,0.08530380125710865,1.0,0.9845043651944203,0.015495634805579717
481,YDR350C YOR043W,0.0,NA,2.6947166720248106e-11,2850,30559,482,0,0.09831518692278186,0.08530635457511448,1.0,0.984472149737444,0.015527850262555975
482,YDL216C YLR258W,0.0,NA,2.749957206393816e-11,2850,30558,483,0,0.09834469328140215,0.08530890804597702,1.0,0.9844399342804677,0.015560065719532232
483,YNL015W YDL101C,0.0,NA,2.7690207765607155e-11,2850,30557,484,0,0.09837419964002242,0.08531146166970995,1.0,0.9844077188234915,0.01559228117650849
484,YMR017W YDR085C,0.0,NA,2.8239686630793237e-11,2850,30556,485,0,0.0984037059986427,0.08531401544632701,1.0,0.9843755033665152,0.015624496633484745
485,YCR091W YBR066C,0.0,NA,2.8290201778413682e-11,2850,30555,486,0,0.09843321235726299,0.08531656937584194,1.0,0.984343287909539,0.015656712090461003
486,YNL182C YLL040C,0.0,NA,2.8468503596168482e-11,2850,30554,487,0,0.09846271871588327,0.08531912345826848,1.0,0.9843110724525628,0.01568892754743726
487,YLR309C YDR184C,0.0,NA,2.8494959863900604e-11,2850,30553,488,0,0.09849222507450356,0.08532167769362034,1.0,0.9842788569955865,0.015721143004413518
488,YPL052W YPR001W,0.0,NA,2.8586469996705333e-11,2850,30552,489,0,0.09852173143312384,0.08532423208191127,1.0,0.9842466415386102,0.015753358461389776
489,YBL043W YLR017W,0.0,NA,2.9404367829499733e-11,2850,30551,490,0,0.09855123779174411,0.085326786623155,1.0,0.984214426081634,0.015785573918366033
490,YLR284C YGL123W,0.0,NA,3.0103794457225774e-11,2850,30550,491,0,0.0985807441503644,0.08532934131736528,1.0,0.9841822106246577,0.01581778937534229
491,YGR088W YLR313C,0.0,NA,3.01897014332031e-11,2850,30549,492,0,0.09861025050898468,0.08533189616455583,1.0,0.9841499951676814,0.015850004832318545
492,YKL096W YDR263C,0.0,NA,3.0457254773796905e-11,2850,30548,493,0,0.09863975686760497,0.08533445116474041,1.0,0.9841177797107052,0.015882220289294802
493,YPL266W YNL062C,0.0,NA,3.076025198445187e-11,2850,30547,494,0,0.09866926322622525,0.08533700631793274,1.0,0.984085564253729,0.01591443574627106
494,YCL033C YHR104W,0.0,NA,3.091836509039325e-11,2850,30546,495,0,0.09869876958484554,0.0853395616241466,1.0,0.9840533487967527,0.015946651203247317
495,YMR182C YOR163W,0.0,NA,3.2344803918560316e-11,2850,30545,496,0,0.09872827594346582,0.08534211708339572,1.0,0.9840211333397765,0.015978866660223575
496,YLR258W YMR236W,0.0,NA,3.347583668600329e-11,2850,30544,497,0,0.0987577823020861,0.08534467269569383,1.0,0.9839889178828002,0.016011082117199833
497,YMR061W YBR296C,0.0,NA,3.408566484619513e-11,2850,30543,498,0,0.09878728866070638,0.0853472284610547,1.0,0.9839567024258239,0.01604329757417609
498,YMR250W YER155C,0.0,NA,3.432916104162409e-11,2850,30542,499,0,0.09881679501932666,0.08534978437949209,1.0,0.9839244869688476,0.016075513031152348
499,YDR330W YHR160C,0.0,NA,3.495393210983799e-11,2850,30541,500,0,0.09884630137794695,0.08535234045101973,1.0,0.9838922715118714,0.016107728488128605
500,YOR192C YPR049C,0.0,NA,3.56111251598179e-11,2850,30540,501,0,0.09887580773656723,0.0853548966756514,1.0,0.9838600560548951,0.016139943945104863
501,YGR088W YLR113W,0.0,NA,3.591384828416366e-11,2850,30539,502,0,0.09890531409518752,0.08535745305340083,1.0,0.9838278405979188,0.016172159402081117
502,YMR250W YFL034C-B,0.0,NA,3.6486438870220184e-11,2850,30538,503,0,0.09893482045380779,0.08536000958428178,1.0,0.9837956251409427,0.016204374859057374
503,YEL011W YNR049C,0.0,NA,3.811563911715332e-11,2850,30537,504,0,0.09896432681242807,0.08536256626830803,1.0,0.9837634096839664,0.016236590316033632
504,YNL103W YBL093C,0.0,NA,3.8183380068890216e-11,2850,30536,505,0,0.09899383317104836,0.08536512310549332,1.0,0.9837311942269901,0.01626880577300989
505,YLR333C YPR017C,0.0,NA,3.823636546274045e-11,2850,30535,506,0,0.09902333952966864,0.08536768009585143,1.0,0.9836989787700139,0.016301021229986147
506,YKL109W YPR168W,0.0,NA,3.827912639642328e-11,2850,30534,507,0,0.09905284588828893,0.08537023723939612,1.0,0.9836667633130376,0.016333236686962405
507,YGL073W YKR092C,0.0,NA,3.848337273848479e-11,2850,30533,508,0,0.09908235224690921,0.08537279453614115,1.0,0.9836345478560613,0.016365452143938662
508,YMR093W YOR295W,0.0,NA,3.916275290172244e-11,2850,30532,509,0,0.09911185860552948,0.08537535198610029,1.0,0.9836023323990851,0.01639766760091492
509,YER045C YBL074C,0.0,NA,3.943281465246251e-11,2850,30531,510,0,0.09914136496414977,0.08537790958928732,1.0,0.9835701169421088,0.016429883057891177
510,YOR198C YGL029W,0.0,NA,3.957009026001046e-11,2850,30530,511,0,0.09917087132277005,0.085380467345716,1.0,0.9835379014851325,0.016462098514867435
511,YGL078C YOR173W,0.0,NA,3.9642913951531966e-11,2850,30529,512,0,0.09920037768139034,0.0853830252554001,1.0,0.9835056860281564,0.01649431397184369
512,YDR260C YGL096W,0.0,NA,4.005997616962631e-11,2850,30528,513,0,0.09922988404001062,0.0853855833183534,1.0,0.9834734705711801,0.016526529428819946
513,YOR078W YFR013W,0.0,NA,4.021316266089592e-11,2850,30527,514,0,0.09925939039863091,0.08538814153458969,1.0,0.9834412551142038,0.016558744885796204
514,YDR011W YBR072W,0.0,NA,4.026781338928309e-11,2850,30526,515,0,0.0992888967572512,0.08539069990412272,1.0,0.9834090396572276,0.01659096034277246
515,YER038C YDR273W,0.0,NA,4.0572958187601316e-11,2850,30525,516,0,0.09931840311587146,0.0853932584269663,1.0,0.9833768242002513,0.01662317579974872
516,YPL081W YEL059C-A,0.0,NA,4.0716843091592736e-11,2850,30524,517,0,0.09934790947449175,0.08539581710313418,1.0,0.983344608743275,0.016655391256724977
517,YPR137W YBR210W,0.0,NA,4.108458365181811e-11,2850,30523,518,0,0.09937741583311203,0.08539837593264016,1.0,0.9833123932862987,0.016687606713701234
518,YGR179C YLR134W,0.0,NA,4.151863922108312e-11,2850,30522,519,0,0.09940692219173232,0.08540093491549802,1.0,0.9832801778293225,0.016719822170677492
519,YMR307W YMR170C,0.0,NA,4.163616673658055e-11,2850,30521,520,0,0.0994364285503526,0.08540349405172155,1.0,0.9832479623723462,0.01675203762765375
520,YDR324C YNL223W,0.0,NA,4.1776013204319895e-11,2850,30520,521,0,0.09946593490897289,0.08540605334132455,1.0,0.98321574691537,0.016784253084630007
521,YKR069W YDR421W,0.0,NA,4.18125221945953e-11,2850,30519,522,0,0.09949544126759316,0.08540861278432077,1.0,0.9831835314583938,0.016816468541606264
522,YIL009W YPL126W,0.0,NA,4.183597565599051e-11,2850,30518,523,0,0.09952494762621344,0.08541117238072404,1.0,0.9831513160014175,0.01684868399858252
523,YOR348C YPR132W,0.0,NA,4.244424950394787e-11,2850,30517,524,0,0.09955445398483373,0.08541373213054815,1.0,0.9831191005444412,0.016880899455558776
524,YCR089W YGR234W,0.0,NA,4.314069934618914e-11,2850,30516,525,0,0.09958396034345401,0.08541629203380686,1.0,0.983086885087465,0.016913114912535034
525,YOR078W YPL123C,0.0,NA,4.3644483860294514e-11,2850,30515,526,0,0.0996134667020743,0.08541885209051402,1.0,0.9830546696304887,0.01694533036951129
526,YMR232W YPL123C,0.0,NA,4.475966125516706e-11,2850,30514,527,0,0.09964297306069458,0.08542141230068337,1.0,0.9830224541735124,0.01697754582648755
527,YGR177C YML036W,0.0,NA,4.477341067343765e-11,2850,30513,528,0,0.09967247941931487,0.08542397266432875,1.0,0.9829902387165362,0.017009761283463806
528,YNL209W YDR273W,0.0,NA,4.513963508534502e-11,2850,30512,529,0,0.09970198577793514,0.08542653318146394,1.0,0.9829580232595599,0.017041976740440064
529,YBR169C YIL053W,0.0,NA,4.6808786013929904e-11,2850,30511,530,0,0.09973149213655542,0.08542909385210276,1.0,0.9829258078025837,0.01707419219741632
530,YML099C YMR261C,0.0,NA,4.700103847787851e-11,2850,30510,531,0,0.09976099849517571,0.08543165467625899,1.0,0.9828935923456075,0.01710640765439258
531,YGR088W YGR085C,0.0,NA,4.7122219321016345e-11,2850,30509,532,0,0.099790504853796,0.08543421565394646,1.0,0.9828613768886312,0.017138623111368836
532,YGL203C YGL184C,0.0,NA,4.718445772988744e-11,2850,30508,533,0,0.09982001121241628,0.08543677678517897,1.0,0.9828291614316549,0.01717083856834509
533,YMR136W YMR270C,0.0,NA,4.766131933564566e-11,2850,30507,534,0,0.09984951757103656,0.08543933806997032,1.0,0.9827969459746787,0.017203054025321348
534,YKR069W YCR010C,0.0,NA,4.852928822685065e-11,2850,30506,535,0,0.09987902392965683,0.08544189950833433,1.0,0.9827647305177024,0.017235269482297606
535,YGL093W YKL032C,0.0,NA,4.8567989907599696e-11,2850,30505,536,0,0.09990853028827712,0.08544446110028482,1.0,0.9827325150607261,0.017267484939273863
536,YGL096W YNL080C,0.0,NA,4.858615246239317e-11,2850,30504,537,0,0.0999380366468974,0.08544702284583558,1.0,0.9827002996037498,0.01729970039625012
537,YOR348C YML043C,0.0,NA,4.879538786917159e-11,2850,30503,538,0,0.09996754300551769,0.08544958474500045,1.0,0.9826680841467736,0.017331915853226378
538,YFR008W YOR043W,0.0,NA,4.9240510974213336e-11,2850,30502,539,0,0.09999704936413797,0.08545214679779324,1.0,0.9826358686897974,0.017364131310202636
539,YDL230W YCR005C,0.0,NA,4.928862526454303e-11,2850,30501,540,0,0.10002655572275826,0.08545470900422776,1.0,0.9826036532328211,0.017396346767178893
540,YDR038C YOR132W,0.0,NA,5.013284232191495e-11,2850,30500,541,0,0.10005606208137854,0.08545727136431784,1.0,0.9825714377758449,0.01742856222415515
541,YIR027C YPL160W,0.0,NA,5.230659308463892e-11,2850,30499,542,0,0.10008556843999881,0.0854598338780773,1.0,0.9825392223188686,0.01746077768113141
542,YDR294C YBR105C,0.0,NA,5.262441177267263e-11,2850,30498,543,0,0.1001150747986191,0.08546239654551997,1.0,0.9825070068618923,0.017492993138107663
543,YDL223C YML001W,0.0,NA,5.306659625614607e-11,2850,30497,544,0,0.10014458115723938,0.08546495936665967,1.0,0.9824747914049161,0.01752520859508392
544,YER103W YPR108W,0.0,NA,5.4248314174110135e-11,2850,30496,545,0,0.10017408751585967,0.08546752234151023,1.0,0.9824425759479398,0.017557424052060178
545,YPL043W YDR362C,0.0,NA,5.466022773292778e-11,2850,30495,546,0,0.10020359387447995,0.08547008547008547,1.0,0.9824103604909635,0.017589639509036435
546,YJL187C YBR066C,0.0,NA,5.477012593457786e-11,2850,30494,547,0,0.10023310023310024,0.08547264875239924,1.0,0.9823781450339873,0.017621854966012693
547,YGR092W YBR072W,0.0,NA,5.5261208803392137e-11,2850,30493,548,0,0.10026260659172051,0.08547521218846535,1.0,0.9823459295770111,0.01765407042298895
548,YGL090W YDR516C,0.0,NA,5.532227453919347e-11,2850,30492,549,0,0.1002921129503408,0.08547777577829764,1.0,0.9823137141200348,0.017686285879965208
549,YNL326C YDR001C,0.0,NA,5.829859511807811e-11,2850,30491,550,0,0.10032161930896108,0.08548033952190996,1.0,0.9822814986630586,0.017718501336941465
550,YLR216C YDR256C,0.0,NA,5.830126659223112e-11,2850,30490,551,0,0.10035112566758136,0.08548290341931614,1.0,0.9822492832060823,0.017750716793917723
551,YBR237W YDR516C,0.0,NA,5.91595453180993e-11,2850,30489,552,0,0.10038063202620165,0.08548546747053001,1.0,0.982217067749106,0.01778293225089398
552,YBL064C YLL010C,0.0,NA,5.93030208273504e-11,2850,30488,553,0,0.10041013838482193,0.08548803167556542,1.0,0.9821848522921298,0.017815147707870235
553,YBL078C YOL039W,0.0,NA,5.941431374667516e-11,2850,30487,554,0,0.1004396447434422,0.0854905960344362,1.0,0.9821526368351535,0.017847363164846492
554,YIL042C YPR030W,0.0,NA,5.943233405414361e-11,2850,30486,555,0,0.10046915110206249,0.08549316054715622,1.0,0.9821204213781772,0.01787957862182275
555,YLR308W YHR137W,0.0,NA,5.97560612103365e-11,2850,30485,556,0,0.10049865746068277,0.08549572521373931,1.0,0.9820882059212009,0.017911794078799007
556,YPR049C YBL039C,0.0,NA,5.984502476907849e-11,2850,30484,557,0,0.10052816381930306,0.08549829003419931,1.0,0.9820559904642248,0.017944009535775265
557,YHR025W YBR296C,0.0,NA,6.02758745693599e-11,2850,30483,558,0,0.10055767017792334,0.08550085500855009,1.0,0.9820237750072485,0.017976224992751522
558,YGR138C YNL116W,0.0,NA,6.068666402736511e-11,2850,30482,559,0,0.10058717653654363,0.08550342013680547,1.0,0.9819915595502722,0.01800844044972778
559,YLR060W YDR173C,0.0,NA,6.187451245809328e-11,2850,30481,560,0,0.10061668289516391,0.08550598541897933,1.0,0.981959344093296,0.018040655906704037
560,YER100W YMR014W,0.0,NA,6.220429726866428e-11,2850,30480,561,0,0.10064618925378419,0.0855085508550855,1.0,0.9819271286363197,0.018072871363680295
561,YGR027C YPR065W,0.0,NA,6.306034860958931e-11,2850,30479,562,0,0.10067569561240447,0.08551111644513787,1.0,0.9818949131793434,0.018105086820656553
562,YJL020C YER062C,0.0,NA,6.339875152638896e-11,2850,30478,563,0,0.10070520197102475,0.08551368218915026,1.0,0.9818626977223672,0.018137302277632807
563,YDR450W YFL008W,0.0,NA,6.435072613664161e-11,2850,30477,564,0,0.10073470832964504,0.08551624808713655,1.0,0.9818304822653909,0.018169517734609064
564,YDR005C YBL075C,0.0,NA,6.557026449582892e-11,2850,30476,565,0,0.10076421468826532,0.08551881413911061,1.0,0.9817982668084146,0.01820173319158532
565,YOL017W YMR049C,0.0,NA,6.56496038087262e-11,2850,30475,566,0,0.10079372104688561,0.08552138034508627,1.0,0.9817660513514385,0.01823394864856158
566,YDR204W YER062C,0.0,NA,6.587801831825502e-11,2850,30474,567,0,0.10082322740550588,0.08552394670507742,1.0,0.9817338358944622,0.018266164105537837
567,YNL082W YML128C,0.0,NA,6.666905916219434e-11,2850,30473,568,0,0.10085273376412617,0.08552651321909792,1.0,0.9817016204374859,0.018298379562514094
568,YPR186C YER103W,0.0,NA,6.697839505243053e-11,2850,30472,569,0,0.10088224012274645,0.08552907988716163,1.0,0.9816694049805097,0.018330595019490352
569,YIL142W YBR040W,0.0,NA,6.785431244660245e-11,2850,30471,570,0,0.10091174648136673,0.08553164670928244,1.0,0.9816371895235334,0.01836281047646661
570,YOR091W YBR001C,0.0,NA,6.931639290330693e-11,2850,30470,571,0,0.10094125283998702,0.08553421368547419,1.0,0.9816049740665571,0.018395025933442867
571,YPL101W YLL012W,0.0,NA,6.966338617075962e-11,2850,30469,572,0,0.1009707591986073,0.08553678081575078,1.0,0.9815727586095809,0.018427241390419125
572,YBR072W YBR176W,0.0,NA,7.099240639796278e-11,2850,30468,573,0,0.10100026555722759,0.08553934810012606,1.0,0.9815405431526046,0.01845945684739538
573,YCL064C YBR169C,0.0,NA,7.419462266788912e-11,2850,30467,574,0,0.10102977191584786,0.08554191553861393,1.0,0.9815083276956283,0.018491672304371636
574,YKR092C YBR210W,0.0,NA,7.463106521665708e-11,2850,30466,575,0,0.10105927827446815,0.08554448313122824,1.0,0.981476112238652,0.018523887761347894
575,YMR069W YBL075C,0.0,NA,7.550762098906816e-11,2850,30465,576,0,0.10108878463308843,0.0855470508779829,1.0,0.9814438967816759,0.01855610321832415
576,YNL037C YPR184W,0.0,NA,7.563389498033146e-11,2850,30464,577,0,0.10111829099170871,0.08554961877889175,1.0,0.9814116813246996,0.01858831867530041
577,YDR253C YDL194W,0.0,NA,7.783364924796032e-11,2850,30463,578,0,0.101147797350329,0.08555218683396872,1.0,0.9813794658677233,0.018620534132276666
578,YMR309C YOL110W,0.0,NA,7.7852953250801e-11,2850,30462,579,0,0.10117730370894928,0.08555475504322767,1.0,0.9813472504107471,0.018652749589252924
579,YMR189W YER161C,0.0,NA,7.830940756958782e-11,2850,30461,580,0,0.10120681006756956,0.08555732340668248,1.0,0.9813150349537708,0.01868496504622918
580,YDL132W YIL053W,0.0,NA,7.892706627155022e-11,2850,30460,581,0,0.10123631642618984,0.08555989192434704,1.0,0.9812828194967945,0.01871718050320544
581,YPL058C YGL078C,0.0,NA,7.941586971371706e-11,2850,30459,582,0,0.10126582278481013,0.08556246059623525,1.0,0.9812506040398183,0.018749395960181697
582,YGL163C YDL022W,0.0,NA,8.024203523859796e-11,2850,30458,583,0,0.10129532914343041,0.085565029422361,1.0,0.981218388582842,0.01878161141715795
583,YDL171C YBR066C,0.0,NA,8.036870474681379e-11,2850,30457,584,0,0.1013248355020507,0.08556759840273816,1.0,0.9811861731258658,0.018813826874134208
584,YML052W YER081W,0.0,NA,8.167030940420261e-11,2850,30456,585,0,0.10135434186067098,0.08557016753738066,1.0,0.9811539576688896,0.018846042331110466
585,YMR104C YGR105W,0.0,NA,8.188993233515518e-11,2850,30455,586,0,0.10138384821929125,0.08557273682630236,1.0,0.9811217422119133,0.018878257788086723
586,YOL016C YPL133C,0.0,NA,8.197103412710405e-11,2850,30454,587,0,0.10141335457791154,0.08557530626951718,1.0,0.981089526754937,0.01891047324506298
587,YOL095C YCL044C,0.0,NA,8.307121657225025e-11,2850,30453,588,0,0.10144286093653182,0.08557787586703901,1.0,0.9810573112979608,0.01894268870203924
588,YFL026W YKL103C,0.0,NA,8.418472863258586e-11,2850,30452,589,0,0.1014723672951521,0.08558044561888174,1.0,0.9810250958409845,0.018974904159015496
589,YGR027C YLR333C,0.0,NA,8.515724930768798e-11,2850,30451,590,0,0.10150187365377239,0.08558301552505931,1.0,0.9809928803840082,0.019007119615991754
590,YJR073C YFL026W,0.0,NA,8.54103593406208e-11,2850,30450,591,0,0.10153138001239267,0.08558558558558559,1.0,0.980960664927032,0.01903933507296801
591,YHL036W YDR246W,0.0,NA,8.6080240158104e-11,2850,30449,592,0,0.10156088637101296,0.08558815580047449,1.0,0.9809284494700558,0.01907155052994427
592,YGL135W YOR340C,0.0,NA,8.64544130729783e-11,2850,30448,593,0,0.10159039272963323,0.08559072616973992,1.0,0.9808962340130795,0.019103765986920526
593,YPL019C YPL081W,0.0,NA,8.992168121224609e-11,2850,30447,594,0,0.10161989908825352,0.0855932966933958,1.0,0.9808640185561032,0.01913598144389678
594,YLR056W YNL052W,0.0,NA,9.018930047233198e-11,2850,30446,595,0,0.1016494054468738,0.08559586737145602,1.0,0.980831803099127,0.019168196900873038
595,YGL067W YNL286W,0.0,NA,9.027552316798193e-11,2850,30445,596,0,0.10167891180549408,0.08559843820393452,1.0,0.9807995876421507,0.019200412357849295
596,YBR061C YNL299W,0.0,NA,9.234533276947232e-11,2850,30444,597,0,0.10170841816411437,0.08560100919084519,1.0,0.9807673721851744,0.019232627814825553
597,YLR372W YBR296C,0.0,NA,9.241158532846683e-11,2850,30443,598,0,0.10173792452273465,0.08560358033220196,1.0,0.9807351567281982,0.01926484327180181
598,YHR083W YCL044C,0.0,NA,9.29821289408217e-11,2850,30442,599,0,0.10176743088135493,0.08560615162801874,1.0,0.9807029412712219,0.019297058728778068
599,YDR162C YMR180C,0.0,NA,9.359511082829286e-11,2850,30441,600,0,0.10179693723997521,0.08560872307830945,1.0,0.9806707258142456,0.019329274185754326
600,YLR146C YOR295W,0.0,NA,9.412735868519206e-11,2850,30440,601,0,0.1018264435985955,0.08561129468308802,1.0,0.9806385103572695,0.019361489642730583
601,YDL020C YFL034C-A,0.0,NA,9.446494975140496e-11,2850,30439,602,0,0.10185594995721578,0.08561386644236835,1.0,0.9806062949002932,0.01939370509970684
602,YML064C YGL171W,0.0,NA,9.497948955106139e-11,2850,30438,603,0,0.10188545631583606,0.08561643835616438,1.0,0.9805740794433169,0.019425920556683098
603,YGL073W YBR236C,0.0,NA,9.628217667589922e-11,2850,30437,604,0,0.10191496267445635,0.08561901042449004,1.0,0.9805418639863407,0.019458136013659352
604,YGR177C YKR059W,0.0,NA,9.716271537341115e-11,2850,30436,605,0,0.10194446903307663,0.08562158264735925,1.0,0.9805096485293644,0.01949035147063561
605,YEL011W YML107C,0.0,NA,9.837499564957497e-11,2850,30435,606,0,0.1019739753916969,0.08562415502478594,1.0,0.9804774330723881,0.019522566927611867
606,YCL059C YCR035C,0.0,NA,9.953479707114354e-11,2850,30434,607,0,0.10200348175031719,0.08562672755678404,1.0,0.9804452176154119,0.019554782384588125
607,YNR075W YPR160W,0.0,NA,1.0056891430743065e-10,2850,30433,608,0,0.10203298810893748,0.08562930024336748,1.0,0.9804130021584356,0.019586997841564383
608,YOR368W YDR001C,0.0,NA,1.0132675948293368e-10,2850,30432,609,0,0.10206249446755776,0.08563187308455021,1.0,0.9803807867014593,0.01961921329854064
609,YNR007C YBR093C,0.0,NA,1.0140061706964687e-10,2850,30431,610,0,0.10209200082617804,0.08563444608034615,1.0,0.9803485712444832,0.019651428755516898
610,YJL125C YGL027C,0.0,NA,1.0215518708722726e-10,2850,30430,611,0,0.10212150718479833,0.08563701923076923,1.0,0.9803163557875069,0.019683644212493155
611,YJR147W YLR015W,0.0,NA,1.0294206459482425e-10,2850,30429,612,0,0.1021510135434186,0.0856395925358334,1.0,0.9802841403305306,0.019715859669469413
612,YEL019C YML042W,0.0,NA,1.0309100101357771e-10,2850,30428,613,0,0.10218051990203889,0.08564216599555262,1.0,0.9802519248735543,0.01974807512644567
613,YBR129C YLR258W,0.0,NA,1.0338321171365905e-10,2850,30427,614,0,0.10221002626065917,0.0856447396099408,1.0,0.9802197094165781,0.019780290583421924
614,YER045C YBR207W,0.0,NA,1.0379239134827856e-10,2850,30426,615,0,0.10223953261927946,0.0856473133790119,1.0,0.9801874939596018,0.019812506040398182
615,YPR192W YKR009C,0.0,NA,1.0449578008442373e-10,2850,30425,616,0,0.10226903897789974,0.08564988730277986,1.0,0.9801552785026255,0.01984472149737444
616,YNL277W YPR060C,0.0,NA,1.0458250931932866e-10,2850,30424,617,0,0.10229854533652002,0.08565246138125863,1.0,0.9801230630456493,0.019876936954350697
617,YER155C YDR449C,0.0,NA,1.0530952498921664e-10,2850,30423,618,0,0.10232805169514031,0.08565503561446218,1.0,0.980090847588673,0.019909152411326955
618,YCL040W YOR064C,0.0,NA,1.0719992948882151e-10,2850,30422,619,0,0.10235755805376058,0.08565761000240442,1.0,0.9800586321316967,0.019941367868303212
619,YGL229C YNR054C,0.0,NA,1.0765131841505848e-10,2850,30421,620,0,0.10238706441238087,0.08566018454509934,1.0,0.9800264166747206,0.01997358332527947
620,YDL132W YLR051C,0.0,NA,1.0823066748377741e-10,2850,30420,621,0,0.10241657077100115,0.08566275924256087,1.0,0.9799942012177443,0.020005798782255727
621,YOR184W YOR120W,0.0,NA,1.0972096148309518e-10,2850,30419,622,0,0.10244607712962144,0.08566533409480297,1.0,0.979961985760768,0.020038014239231985
622,YKR025W YGL096W,0.0,NA,1.0979528397569993e-10,2850,30418,623,0,0.10247558348824172,0.0856679091018396,1.0,0.9799297703037918,0.020070229696208242
623,YLR367W YMR175W,0.0,NA,1.0979758768847603e-10,2850,30417,624,0,0.102505089846862,0.08567048426368473,1.0,0.9798975548468155,0.020102445153184496
624,YAL036C YDL014W,0.0,NA,1.1144668521367862e-10,2850,30416,625,0,0.10253459620548228,0.08567305958035232,1.0,0.9798653393898392,0.020134660610160754
625,YHR013C YGL078C,0.0,NA,1.1171698288681142e-10,2850,30415,626,0,0.10256410256410256,0.08567563505185631,1.0,0.979833123932863,0.02016687606713701
626,YDR324C YMR176W,0.0,NA,1.12006938446374e-10,2850,30414,627,0,0.10259360892272285,0.08567821067821067,1.0,0.9798009084758867,0.02019909152411327
627,YER119C YBR199W,0.0,NA,1.1326651422338685e-10,2850,30413,628,0,0.10262311528134313,0.08568078645942939,1.0,0.9797686930189105,0.020231306981089527
628,YNL007C YEL054C,0.0,NA,1.1422129908567058e-10,2850,30412,629,0,0.10265262163996342,0.08568336239552643,1.0,0.9797364775619343,0.020263522438065784
629,YPL052W YJL042W,0.0,NA,1.1681250411399446e-10,2850,30411,630,0,0.1026821279985837,0.08568593848651573,1.0,0.979704262104958,0.02029573789504204
630,YLR066W YMR175W,0.0,NA,1.2087759959644728e-10,2850,30410,631,0,0.10271163435720397,0.0856885147324113,1.0,0.9796720466479817,0.0203279533520183
631,YPR007C YGL078C,0.0,NA,1.2127873705303216e-10,2850,30409,632,0,0.10274114071582426,0.08569109113322709,1.0,0.9796398311910054,0.020360168808994557
632,YDR403W YLR028C,0.0,NA,1.213011774359174e-10,2850,30408,633,0,0.10277064707444454,0.08569366768897708,1.0,0.9796076157340292,0.020392384265970814
633,YGR261C YLR009W,0.0,NA,1.2226025747352764e-10,2850,30407,634,0,0.10280015343306483,0.08569624439967526,1.0,0.9795754002770529,0.02042459972294707
634,YGL212W YMR180C,0.0,NA,1.2314491093512459e-10,2850,30406,635,0,0.10282965979168511,0.08569882126533558,1.0,0.9795431848200766,0.020456815179923326
635,YLR048W YMR112C,0.0,NA,1.2316370145981637e-10,2850,30405,636,0,0.1028591661503054,0.08570139828597204,1.0,0.9795109693631004,0.020489030636899584
636,YLL062C YML006C,0.0,NA,1.2332400378678443e-10,2850,30404,637,0,0.10288867250892568,0.08570397546159861,1.0,0.9794787539061242,0.02052124609387584
637,YCL039W YOL078W,0.0,NA,1.2357359580050797e-10,2850,30403,638,0,0.10291817886754595,0.08570655279222927,1.0,0.9794465384491479,0.0205534615508521
638,YGR163W YHL036W,0.0,NA,1.2448389541397376e-10,2850,30402,639,0,0.10294768522616624,0.08570913027787802,1.0,0.9794143229921717,0.020585677007828356
639,YDR108W YPR160W,0.0,NA,1.248336573000941e-10,2850,30401,640,0,0.10297719158478652,0.08571170791855884,1.0,0.9793821075351954,0.020617892464804614
640,YHR052W YGL254W,0.0,NA,1.268338489790466e-10,2850,30400,641,0,0.1030066979434068,0.08571428571428572,1.0,0.9793498920782191,0.02065010792178087
641,YFL014W YER102W,0.0,NA,1.281555001009238e-10,2850,30399,642,0,0.10303620430202709,0.08571686366507264,1.0,0.9793176766212429,0.02068232337875713
642,YNL331C YBR086C,0.0,NA,1.284422984637601e-10,2850,30398,643,0,0.10306571066064737,0.08571944177093359,1.0,0.9792854611642666,0.020714538835733386
643,YCL039W YBL016W,0.0,NA,1.308946839806424e-10,2850,30397,644,0,0.10309521701926765,0.08572202003188258,1.0,0.9792532457072903,0.02074675429270964
644,YBR077C YOR096W,0.0,NA,1.3108181207144298e-10,2850,30396,645,0,0.10312472337788793,0.08572459844793359,1.0,0.9792210302503142,0.020778969749685898
645,YBR214W YLR009W,0.0,NA,1.3187149983107105e-10,2850,30395,646,0,0.10315422973650822,0.08572717701910061,1.0,0.9791888147933379,0.020811185206662156
646,YJR091C YNL279W,0.0,NA,1.3234975615450395e-10,2850,30394,647,0,0.1031837360951285,0.08572975574539766,1.0,0.9791565993363616,0.020843400663638413
647,YLL035W YHR085W,0.0,NA,1.3492718053953467e-10,2850,30393,648,0,0.10321324245374879,0.08573233462683873,1.0,0.9791243838793853,0.02087561612061467
648,YKL109W YDR400W,0.0,NA,1.3505849216777221e-10,2850,30392,649,0,0.10324274881236907,0.08573491366343781,1.0,0.9790921684224091,0.020907831577590928
649,YGL048C YMR017W,0.0,NA,1.3548213939618137e-10,2850,30391,650,0,0.10327225517098935,0.08573749285520893,1.0,0.9790599529654328,0.020940047034567186
650,YLR206W YBR214W,0.0,NA,1.3567712231488116e-10,2850,30390,651,0,0.10330176152960963,0.08574007220216606,1.0,0.9790277375084565,0.020972262491543443
651,YMR212C YFL057C,0.0,NA,1.3576591240127556e-10,2850,30389,652,0,0.10333126788822991,0.08574265170432324,1.0,0.9789955220514803,0.0210044779485197
652,YIR027C YPL169C,0.0,NA,1.3723507052976203e-10,2850,30388,653,0,0.1033607742468502,0.08574523136169444,1.0,0.978963306594504,0.02103669340549596
653,YAL017W YAL033W,0.0,NA,1.4118525792916614e-10,2850,30387,654,0,0.10339028060547048,0.08574781117429371,1.0,0.9789310911375277,0.021068908862472212
654,YPL138C YDR204W,0.0,NA,1.424919210402109e-10,2850,30386,655,0,0.10341978696409077,0.08575039114213504,1.0,0.9788988756805516,0.02110112431944847
655,YOR109W YER062C,0.0,NA,1.4454162866606168e-10,2850,30385,656,0,0.10344929332271105,0.08575297126523243,1.0,0.9788666602235753,0.021133339776424728
656,YPR154W YJL052W,0.0,NA,1.4495962763483305e-10,2850,30384,657,0,0.10347879968133132,0.08575555154359993,1.0,0.978834444766599,0.021165555233400985
657,YOL069W YDL223C,0.0,NA,1.455253140214552e-10,2850,30383,658,0,0.1035083060399516,0.08575813197725153,1.0,0.9788022293096228,0.021197770690377243
658,YMR241W YCL044C,0.0,NA,1.4553531990646462e-10,2850,30382,659,0,0.10353781239857189,0.08576071256620126,1.0,0.9787700138526465,0.0212299861473535
659,YIL079C YGL171W,0.0,NA,1.464788151883667e-10,2850,30381,660,0,0.10356731875719218,0.08576329331046312,1.0,0.9787377983956702,0.021262201604329758
660,YER054C YDR369C,0.0,NA,1.4707120243873106e-10,2850,30380,661,0,0.10359682511581246,0.08576587421005116,1.0,0.978705582938694,0.021294417061306015
661,YPR184W YLR324W,0.0,NA,1.4710654916427757e-10,2850,30379,662,0,0.10362633147443275,0.08576845526497938,1.0,0.9786733674817177,0.021326632518282273
662,YIR017C YGL029W,0.0,NA,1.4832225725402992e-10,2850,30378,663,0,0.10365583783305302,0.08577103647526182,1.0,0.9786411520247414,0.02135884797525853
663,YMR192W YPL256C,0.0,NA,1.4899624589670424e-10,2850,30377,664,0,0.1036853441916733,0.08577361784091252,1.0,0.9786089365677653,0.021391063432234788
664,YOL132W YHR008C,0.0,NA,1.5098335082175396e-10,2850,30376,665,0,0.10371485055029359,0.08577619936194547,1.0,0.978576721110789,0.021423278889211042
665,YNL053W YNL141W,0.0,NA,1.5105075523713651e-10,2850,30375,666,0,0.10374435690891387,0.08577878103837472,1.0,0.9785445056538127,0.0214554943461873
666,YMR232W YLR258W,0.0,NA,1.5249265739036844e-10,2850,30374,667,0,0.10377386326753416,0.0857813628702143,1.0,0.9785122901968364,0.021487709803163557
667,YDR368W YBR065C,0.0,NA,1.5492804261718618e-10,2850,30373,668,0,0.10380336962615444,0.08578394485747826,1.0,0.9784800747398602,0.021519925260139815
668,YGR019W YPL043W,0.0,NA,1.5918756590682648e-10,2850,30372,669,0,0.10383287598477473,0.0857865270001806,1.0,0.9784478592828839,0.021552140717116072
669,YBR156C YBR078W,0.0,NA,1.6004121639046076e-10,2850,30371,670,0,0.103862382343395,0.08578910929833539,1.0,0.9784156438259076,0.02158435617409233
670,YLR258W YGR010W,0.0,NA,1.6055456963925963e-10,2850,30370,671,0,0.10389188870201528,0.08579169175195665,1.0,0.9783834283689314,0.021616571631068587
671,YFR005C YOL052C-A,0.0,NA,1.6069795494288996e-10,2850,30369,672,0,0.10392139506063557,0.08579427436105844,1.0,0.9783512129119551,0.021648787088044845
672,YGL205W YER131W,0.0,NA,1.6095377808333922e-10,2850,30368,673,0,0.10395090141925585,0.08579685712565477,1.0,0.9783189974549789,0.021681002545021102
673,YDL132W YKR097W,0.0,NA,1.6233531185960715e-10,2850,30367,674,0,0.10398040777787614,0.0857994400457597,1.0,0.9782867819980027,0.02171321800199736
674,YOR253W YMR093W,0.0,NA,1.6296322624675952e-10,2850,30366,675,0,0.10400991413649642,0.08580202312138728,1.0,0.9782545665410264,0.021745433458973614
675,YER006W YFL008W,0.0,NA,1.6486877141286271e-10,2850,30365,676,0,0.10403942049511669,0.08580460635255156,1.0,0.9782223510840501,0.02177764891594987
676,YDR380W YER115C,0.0,NA,1.6495181609510468e-10,2850,30364,677,0,0.10406892685373698,0.08580718973926657,1.0,0.9781901356270739,0.02180986437292613
677,YLR223C YCL039W,0.0,NA,1.654881787160889e-10,2850,30363,678,0,0.10409843321235726,0.08580977328154639,1.0,0.9781579201700976,0.021842079829902387
678,YDL132W YPL126W,0.0,NA,1.6660837987014787e-10,2850,30362,679,0,0.10412793957097755,0.08581235697940504,1.0,0.9781257047131213,0.021874295286878644
679,YCR008W YOR273C,0.0,NA,1.6762358168165292e-10,2850,30361,680,0,0.10415744592959783,0.08581494083285658,1.0,0.9780934892561451,0.021906510743854902
680,YOR374W YCL048W,0.0,NA,1.708872904293557e-10,2850,30360,681,0,0.10418695228821812,0.08581752484191509,1.0,0.9780612737991689,0.02193872620083116
681,YMR272C YBR008C,0.0,NA,1.7090585890944254e-10,2850,30359,682,0,0.1042164586468384,0.08582010900659459,1.0,0.9780290583421926,0.021970941657807417
682,YPL226W YHR183W,0.0,NA,1.7106370486796862e-10,2850,30358,683,0,0.10424596500545867,0.08582269332690917,1.0,0.9779968428852164,0.022003157114783675
683,YGR088W YDR035W,0.0,NA,1.7336264368505994e-10,2850,30357,684,0,0.10427547136407896,0.08582527780287288,1.0,0.9779646274282401,0.022035372571759932
684,YDL247W YKL127W,0.0,NA,1.749504430215154e-10,2850,30356,685,0,0.10430497772269924,0.08582786243449979,1.0,0.9779324119712638,0.022067588028736186
685,YJR073C YLR176C,0.0,NA,1.7697590615206593e-10,2850,30355,686,0,0.10433448408131953,0.08583044722180394,1.0,0.9779001965142875,0.022099803485712444
686,YOL052C-A YBL098W,0.0,NA,1.779296987525214e-10,2850,30354,687,0,0.10436399043993981,0.08583303216479943,1.0,0.9778679810573113,0.0221320189426887
687,YKL110C YMR170C,0.0,NA,1.786270992232275e-10,2850,30353,688,0,0.1043934967985601,0.08583561726350028,1.0,0.977835765600335,0.02216423439966496
688,YDR184C YLR114C,0.0,NA,1.791293363639923e-10,2850,30352,689,0,0.10442300315718037,0.08583820251792061,1.0,0.9778035501433587,0.022196449856641216
689,YPR154W YCR019W,0.0,NA,1.7977211386188685e-10,2850,30351,690,0,0.10445250951580065,0.08584078792807445,1.0,0.9777713346863826,0.022228665313617474
690,YPL252C YHR104W,0.0,NA,1.8186589734181524e-10,2850,30350,691,0,0.10448201587442094,0.0858433734939759,1.0,0.9777391192294063,0.02226088077059373
691,YMR093W YER164W,0.0,NA,1.825456591442176e-10,2850,30349,692,0,0.10451152223304122,0.08584595921563902,1.0,0.97770690377243,0.02229309622756999
692,YPR070W YKR076W,0.0,NA,1.8396090206707072e-10,2850,30348,693,0,0.1045410285916615,0.08584854509307789,1.0,0.9776746883154538,0.022325311684546247
693,YLR058C YEL065W,0.0,NA,1.848221992117871e-10,2850,30347,694,0,0.10457053495028179,0.08585113112630659,1.0,0.9776424728584775,0.022357527141522504
694,YIL168W YBL015W,0.0,NA,1.850324338192877e-10,2850,30346,695,0,0.10460004130890208,0.0858537173153392,1.0,0.9776102574015012,0.022389742598498758
695,YPL258C YOR374W,0.0,NA,1.8537718582400942e-10,2850,30345,696,0,0.10462954766752235,0.08585630366018979,1.0,0.977578041944525,0.022421958055475016
696,YHR052W YHR144C,0.0,NA,1.8585798178261115e-10,2850,30344,697,0,0.10465905402614263,0.08585889016087245,1.0,0.9775458264875487,0.022454173512451273
697,YDL160C YDR046C,0.0,NA,1.8810118740386628e-10,2850,30343,698,0,0.10468856038476292,0.08586147681740126,1.0,0.9775136110305724,0.02248638896942753
698,YGR221C YOL011W,0.0,NA,1.8999421480536682e-10,2850,30342,699,0,0.1047180667433832,0.08586406362979031,1.0,0.9774813955735963,0.02251860442640379
699,YER109C YJL035C,0.0,NA,1.9099995196558694e-10,2850,30341,700,0,0.10474757310200349,0.08586665059805369,1.0,0.97744918011662,0.022550819883380046
700,YHR197W YMR125W,0.0,NA,1.9113989557784095e-10,2850,30340,701,0,0.10477707946062377,0.08586923772220548,1.0,0.9774169646596437,0.022583035340356303
701,YGL038C YGR161C,0.0,NA,1.9644935678186926e-10,2850,30339,702,0,0.10480658581924404,0.08587182500225979,1.0,0.9773847492026675,0.02261525079733256
702,YOR065W YLR054C,0.0,NA,1.9795953765111562e-10,2850,30338,703,0,0.10483609217786433,0.08587441243823069,1.0,0.9773525337456912,0.02264746625430882
703,YDL224C YHR085W,0.0,NA,1.9937940187730874e-10,2850,30337,704,0,0.10486559853648461,0.08587700003013228,1.0,0.9773203182887149,0.022679681711285076
704,YOR046C YGR285C,0.0,NA,1.9996972133728974e-10,2850,30336,705,0,0.1048951048951049,0.08587958777797866,1.0,0.9772881028317386,0.02271189716826133
705,YNL258C YPL093W,0.0,NA,2.0190282778997926e-10,2850,30335,706,0,0.10492461125372518,0.08588217568178394,1.0,0.9772558873747624,0.022744112625237588
706,YDR211W YER045C,0.0,NA,2.0307965031829411e-10,2850,30334,707,0,0.10495411761234547,0.0858847637415622,1.0,0.9772236719177861,0.022776328082213845
707,YMR227C YHR075C,0.0,NA,2.0351859086886748e-10,2850,30333,708,0,0.10498362397096574,0.08588735195732755,1.0,0.9771914564608098,0.022808543539190103
708,YJL146W YBR066C,0.0,NA,2.0477354534254033e-10,2850,30332,709,0,0.10501313032958602,0.08588994032909408,1.0,0.9771592410038337,0.02284075899616636
709,YML022W YGL121C,0.0,NA,2.0908694220445057e-10,2850,30331,710,0,0.1050426366882063,0.08589252885687593,1.0,0.9771270255468574,0.022872974453142618
710,YOR253W YEL003W,0.0,NA,2.143190208636625e-10,2850,30330,711,0,0.10507214304682659,0.08589511754068715,1.0,0.9770948100898811,0.022905189910118876
711,YDR329C YPL093W,0.0,NA,2.1553900331205966e-10,2850,30329,712,0,0.10510164940544688,0.08589770638054191,1.0,0.9770625946329049,0.022937405367095133
712,YOR127W YFR015C,0.0,NA,2.1627284685354908e-10,2850,30328,713,0,0.10513115576406716,0.08590029537645427,1.0,0.9770303791759286,0.02296962082407139
713,YBL064C YGR230W,0.0,NA,2.16637804917319e-10,2850,30327,714,0,0.10516066212268745,0.08590288452843838,1.0,0.9769981637189523,0.023001836281047648
714,YAL033W YLR009W,0.0,NA,2.183848102355057e-10,2850,30326,715,0,0.10519016848130772,0.08590547383650832,1.0,0.9769659482619761,0.023034051738023902
715,YBR248C YER096W,0.0,NA,2.259057663156483e-10,2850,30325,716,0,0.105219674839928,0.08590806330067823,1.0,0.9769337328049998,0.02306626719500016
716,YOR003W YOL120C,0.0,NA,2.292375456125484e-10,2850,30324,717,0,0.10524918119854829,0.0859106529209622,1.0,0.9769015173480236,0.023098482651976417
717,YJL059W YJR063W,0.0,NA,2.3048572772577103e-10,2850,30323,718,0,0.10527868755716857,0.08591324269737437,1.0,0.9768693018910474,0.023130698108952675
718,YPL146C YDR285W,0.0,NA,2.3333432408456645e-10,2850,30322,719,0,0.10530819391578886,0.08591583262992886,1.0,0.9768370864340711,0.023162913565928932
719,YDR318W YGL184C,0.0,NA,2.338252924616313e-10,2850,30321,720,0,0.10533770027440914,0.08591842271863978,1.0,0.9768048709770948,0.02319512902290519
720,YLR178C YLR401C,0.0,NA,2.349931083056589e-10,2850,30320,721,0,0.10536720663302941,0.08592101296352125,1.0,0.9767726555201186,0.023227344479881448
721,YHR052W YKR103W,0.0,NA,2.360685813496133e-10,2850,30319,722,0,0.1053967129916497,0.08592360336458742,1.0,0.9767404400631423,0.023259559936857705
722,YPL058C YJL156C,0.0,NA,2.3859994535690987e-10,2850,30318,723,0,0.10542621935026998,0.08592619392185238,1.0,0.976708224606166,0.023291775393833963
723,YKR057W YDR001C,0.0,NA,2.408642452156329e-10,2850,30317,724,0,0.10545572570889027,0.0859287846353303,1.0,0.9766760091491897,0.02332399085081022
724,YLR284C YPL259C,0.0,NA,2.4176638468986766e-10,2850,30316,725,0,0.10548523206751055,0.08593137550503528,1.0,0.9766437936922135,0.023356206307786474
725,YOL032W YCL029C,0.0,NA,2.4394344877443075e-10,2850,30315,726,0,0.10551473842613084,0.08593396653098145,1.0,0.9766115782352373,0.023388421764762732
726,YMR011W YDR287W,0.0,NA,2.5324337071808145e-10,2850,30314,727,0,0.10554424478475112,0.08593655771318297,1.0,0.976579362778261,0.02342063722173899
727,YNL149C YOL060C,0.0,NA,2.5354010557698814e-10,2850,30313,728,0,0.10557375114337139,0.08593914905165395,1.0,0.9765471473212848,0.023452852678715247
728,YKR024C YCL024W,0.0,NA,2.5898791444767255e-10,2850,30312,729,0,0.10560325750199168,0.08594174054640855,1.0,0.9765149318643085,0.023485068135691504
729,YHL006C YDR019C,0.0,NA,2.6349925019708564e-10,2850,30311,730,0,0.10563276386061196,0.08594433219746088,1.0,0.9764827164073322,0.023517283592667762
730,YMR061W YOR078W,0.0,NA,2.6647919981748203e-10,2850,30310,731,0,0.10566227021923225,0.08594692400482509,1.0,0.976450500950356,0.02354949904964402
731,YBR126C YDR255C,0.0,NA,2.6792254526064596e-10,2850,30309,732,0,0.10569177657785253,0.08594951596851534,1.0,0.9764182854933797,0.023581714506620277
732,YGR204W YCL037C,0.0,NA,2.692524259106932e-10,2850,30308,733,0,0.10572128293647282,0.08595210808854575,1.0,0.9763860700364034,0.023613929963596535
733,YAL017W YOR207C,0.0,NA,2.7324748019808e-10,2850,30307,734,0,0.10575078929509309,0.08595470036493048,1.0,0.9763538545794272,0.023646145420572792
734,YBR164C YLR009W,0.0,NA,2.834071588520004e-10,2850,30306,735,0,0.10578029565371337,0.08595729279768367,1.0,0.976321639122451,0.023678360877549046
735,YPL144W YGR049W,0.0,NA,2.84350903934083e-10,2850,30305,736,0,0.10580980201233366,0.08595988538681948,1.0,0.9762894236654747,0.023710576334525304
736,YPL123C YBR170C,0.0,NA,2.844463831142008e-10,2850,30304,737,0,0.10583930837095394,0.08596247813235205,1.0,0.9762572082084985,0.02374279179150156
737,YHR161C YNR058W,0.0,NA,2.8484326008992866e-10,2850,30303,738,0,0.10586881472957423,0.08596507103429554,1.0,0.9762249927515222,0.02377500724847782
738,YPL194W YMR170C,0.0,NA,2.884450733819932e-10,2850,30302,739,0,0.10589832108819451,0.0859676640926641,1.0,0.9761927772945459,0.023807222705454077
739,YDL137W YFL011W,0.0,NA,2.8991331557648437e-10,2850,30301,740,0,0.10592782744681478,0.08597025730747188,1.0,0.9761605618375697,0.023839438162430334
740,YOL097C YDL003W,0.0,NA,2.927204034719466e-10,2850,30300,741,0,0.10595733380543507,0.08597285067873303,1.0,0.9761283463805934,0.02387165361940659
741,YCL016C YBR214W,0.0,NA,3.012701754734337e-10,2850,30299,742,0,0.10598684016405535,0.08597544420646173,1.0,0.9760961309236171,0.02390386907638285
742,YJR125C YPL043W,0.0,NA,3.0438626619222475e-10,2850,30298,743,0,0.10601634652267564,0.08597803789067214,1.0,0.9760639154666408,0.023936084533359107
743,YOL032W YPR111W,0.0,NA,3.0724853217201087e-10,2850,30297,744,0,0.10604585288129592,0.0859806317313784,1.0,0.9760317000096647,0.023968299990335364
744,YDL222C YDR461W,0.0,NA,3.083093225164646e-10,2850,30296,745,0,0.1060753592399162,0.08598322572859471,1.0,0.9759994845526884,0.024000515447311622
745,YLR398C YER096W,0.0,NA,3.095042000467174e-10,2850,30295,746,0,0.10610486559853649,0.0859858198823352,1.0,0.9759672690957121,0.024032730904287876
746,YLR284C YLR333C,0.0,NA,3.1200722561131045e-10,2850,30294,747,0,0.10613437195715676,0.08598841419261405,1.0,0.9759350536387359,0.024064946361264133
747,YJR160C YLR029C,0.0,NA,3.1225369512277723e-10,2850,30293,748,0,0.10616387831577705,0.08599100865944544,1.0,0.9759028381817596,0.02409716181824039
748,YDR052C YOR346W,0.0,NA,3.1349617346521086e-10,2850,30292,749,0,0.10619338467439733,0.08599360328284353,1.0,0.9758706227247833,0.02412937727521665
749,YNL124W YJL097W,0.0,NA,3.1753780160848066e-10,2850,30291,750,0,0.10622289103301762,0.08599619806282248,1.0,0.9758384072678071,0.024161592732192906
750,YDR168W YKL188C,0.0,NA,3.1912616993423626e-10,2850,30290,751,0,0.1062523973916379,0.0859987929993965,1.0,0.9758061918108308,0.024193808189169164
751,YER123W YGR055W,0.0,NA,3.22288640219881e-10,2850,30289,752,0,0.10628190375025819,0.08600138809257973,1.0,0.9757739763538545,0.02422602364614542
752,YDL075W YAR031W,0.0,NA,3.2337107991331493e-10,2850,30288,753,0,0.10631141010887846,0.08600398334238639,1.0,0.9757417608968784,0.02425823910312168
753,YPL019C YOR386W,0.0,NA,3.2618965861708205e-10,2850,30287,754,0,0.10634091646749874,0.08600657874883061,1.0,0.9757095454399021,0.024290454560097936
754,YLR309C YHR085W,0.0,NA,3.3180513892006047e-10,2850,30286,755,0,0.10637042282611903,0.0860091743119266,1.0,0.9756773299829258,0.024322670017074194
755,YML113W YML128C,0.0,NA,3.324024666628844e-10,2850,30285,756,0,0.10639992918473931,0.08601177003168854,1.0,0.9756451145259496,0.024354885474050448
756,YPL226W YMR180C,0.0,NA,3.324177044738974e-10,2850,30284,757,0,0.1064294355433596,0.08601436590813062,1.0,0.9756128990689733,0.024387100931026705
757,YCR012W YDR001C,0.0,NA,3.3413974365181787e-10,2850,30283,758,0,0.10645894190197988,0.08601696194126701,1.0,0.975580683611997,0.024419316388002963
758,YHL036W YOR363C,0.0,NA,3.352083333130196e-10,2850,30282,759,0,0.10648844826060017,0.08601955813111192,1.0,0.9755484681550208,0.02445153184497922
759,YGR261C YDR508C,0.0,NA,3.3996080950338126e-10,2850,30281,760,0,0.10651795461922044,0.08602215447767951,1.0,0.9755162526980445,0.024483747301955478
760,YLL040C YKL093W,0.0,NA,3.405513926413306e-10,2850,30280,761,0,0.10654746097784072,0.086024750980984,1.0,0.9754840372410682,0.024515962758931736
761,YNL164C YGR049W,0.0,NA,3.4196970255528925e-10,2850,30279,762,0,0.106576967336461,0.08602734764103957,1.0,0.975451821784092,0.024548178215907993
762,YLR178C YOR197W,0.0,NA,3.431202544312839e-10,2850,30278,763,0,0.10660647369508129,0.08602994445786041,1.0,0.9754196063271158,0.02458039367288425
763,YOR340C YER082C,0.0,NA,3.432956696691747e-10,2850,30277,764,0,0.10663598005370158,0.08603254143146075,1.0,0.9753873908701395,0.02461260912986051
764,YOR046C YIL052C,0.0,NA,3.4330288611883475e-10,2850,30276,765,0,0.10666548641232186,0.08603513856185474,1.0,0.9753551754131632,0.024644824586836766
765,YGR178C YMR108W,0.0,NA,3.480997434746058e-10,2850,30275,766,0,0.10669499277094213,0.0860377358490566,1.0,0.975322959956187,0.02467704004381302
766,YDL234C YKR092C,0.0,NA,3.523306923991498e-10,2850,30274,767,0,0.10672449912956242,0.08604033329308054,1.0,0.9752907444992107,0.024709255500789278
767,YHR089C YAR031W,0.0,NA,3.5594099889735276e-10,2850,30273,768,0,0.1067540054881827,0.08604293089394077,1.0,0.9752585290422344,0.024741470957765535
768,YFR008W YLR254C,0.0,NA,3.567981465835146e-10,2850,30272,769,0,0.10678351184680299,0.08604552865165147,1.0,0.9752263135852582,0.024773686414741793
769,YPL156C YDR486C,0.0,NA,3.5758160321641697e-10,2850,30271,770,0,0.10681301820542327,0.08604812656622686,1.0,0.975194098128282,0.02480590187171805
770,YMR250W YHR204W,0.0,NA,3.62748830973203e-10,2850,30270,771,0,0.10684252456404356,0.08605072463768115,1.0,0.9751618826713057,0.024838117328694308
771,YOR348C YDR311W,0.0,NA,3.6453623453169826e-10,2850,30269,772,0,0.10687203092266384,0.08605332286602857,1.0,0.9751296672143295,0.024870332785670565
772,YGL194C YJL010C,0.0,NA,3.6524822055739037e-10,2850,30268,773,0,0.10690153728128411,0.0860559212512833,1.0,0.9750974517573532,0.024902548242646823
773,YJL083W YOR173W,0.0,NA,3.6533112646175425e-10,2850,30267,774,0,0.1069310436399044,0.08605851979345955,1.0,0.9750652363003769,0.02493476369962308
774,YIL053W YLR324W,0.0,NA,3.667378900562568e-10,2850,30266,775,0,0.10696054999852468,0.08606111849257157,1.0,0.9750330208434007,0.024966979156599338
775,YKL006W YPL211W,0.0,NA,3.6854352902793153e-10,2850,30265,776,0,0.10699005635714497,0.08606371734863355,1.0,0.9750008053864244,0.024999194613575592
776,YOL082W YJL047C,0.0,NA,3.691295602514799e-10,2850,30264,777,0,0.10701956271576525,0.08606631636165972,1.0,0.9749685899294481,0.02503141007055185
777,YGL156W YER162C,0.0,NA,3.694211603288977e-10,2850,30263,778,0,0.10704906907438554,0.0860689155316643,1.0,0.974936374472472,0.025063625527528107
778,YER054C YHL030W,0.0,NA,3.719409502611626e-10,2850,30262,779,0,0.10707857543300581,0.08607151485866152,1.0,0.9749041590154957,0.025095840984504365
779,YLR350W YAL028W,0.0,NA,3.726098318779236e-10,2850,30261,780,0,0.10710808179162609,0.08607411434266558,1.0,0.9748719435585194,0.025128056441480622
780,YIR012W YGR088W,0.0,NA,3.736061182646466e-10,2850,30260,781,0,0.10713758815024638,0.08607671398369073,1.0,0.9748397281015431,0.02516027189845688
781,YKR024C YDR019C,0.0,NA,3.743393928168359e-10,2850,30259,782,0,0.10716709450886666,0.08607931378175118,1.0,0.9748075126445669,0.025192487355433137
782,YDR376W YFR015C,0.0,NA,3.753331812017535e-10,2850,30258,783,0,0.10719660086748695,0.08608191373686118,1.0,0.9747752971875906,0.025224702812409395
783,YJL103C YGL035C,0.0,NA,3.768661493985803e-10,2850,30257,784,0,0.10722610722610723,0.08608451384903494,1.0,0.9747430817306143,0.025256918269385652
784,YMR170C YDR310C,0.0,NA,3.794164704640224e-10,2850,30256,785,0,0.1072556135847275,0.08608711411828672,1.0,0.9747108662736381,0.02528913372636191
785,YPR194C YPL163C,0.0,NA,3.7976907729664333e-10,2850,30255,786,0,0.10728511994334779,0.08608971454463073,1.0,0.9746786508166618,0.025321349183338164
786,YGR088W YGL172W,0.0,NA,3.837286044472421e-10,2850,30254,787,0,0.10731462630196807,0.0860923151280812,1.0,0.9746464353596855,0.02535356464031442
787,YMR183C YER131W,0.0,NA,3.863592501485158e-10,2850,30253,788,0,0.10734413266058836,0.0860949158686524,1.0,0.9746142199027094,0.02538578009729068
788,YCR081W YDR173C,0.0,NA,3.890806565820526e-10,2850,30252,789,0,0.10737363901920864,0.08609751676635853,1.0,0.9745820044457331,0.025417995554266937
789,YDR019C YLR148W,0.0,NA,3.8940731195147293e-10,2850,30251,790,0,0.10740314537782893,0.08610011782121386,1.0,0.9745497889887568,0.025450211011243194
790,YLL012W YML074C,0.0,NA,3.9000050411353016e-10,2850,30250,791,0,0.10743265173644921,0.08610271903323263,1.0,0.9745175735317806,0.025482426468219452
791,YNL302C YPR034W,0.0,NA,3.923140701189709e-10,2850,30249,792,0,0.10746215809506948,0.08610532040242908,1.0,0.9744853580748043,0.02551464192519571
792,YNL277W YDR399W,0.0,NA,3.925505753787917e-10,2850,30248,793,0,0.10749166445368977,0.08610792192881746,1.0,0.974453142617828,0.025546857382171967
793,YHR216W YER045C,0.0,NA,3.932302816700428e-10,2850,30247,794,0,0.10752117081231005,0.086110523612412,1.0,0.9744209271608518,0.025579072839148224
794,YLR309C YLR258W,0.0,NA,3.9368655557758814e-10,2850,30246,795,0,0.10755067717093034,0.08611312545322698,1.0,0.9743887117038755,0.025611288296124482
795,YHR154W YDR019C,0.0,NA,3.94323823593723e-10,2850,30245,796,0,0.10758018352955062,0.08611572745127663,1.0,0.9743564962468992,0.025643503753100736
796,YJL031C YGR049W,0.0,NA,3.949327809227299e-10,2850,30244,797,0,0.1076096898881709,0.08611832960657521,1.0,0.9743242807899231,0.025675719210076994
797,YAR018C YIL104C,0.0,NA,3.953480320895153e-10,2850,30243,798,0,0.10763919624679118,0.08612093191913697,1.0,0.9742920653329468,0.02570793466705325
798,YDR039C YLR098C,0.0,NA,3.9556372066762435e-10,2850,30242,799,0,0.10766870260541146,0.08612353438897619,1.0,0.9742598498759705,0.02574015012402951
799,YDR044W YDL223C,0.0,NA,3.963900041537016e-10,2850,30241,800,0,0.10769820896403175,0.0861261370161071,1.0,0.9742276344189942,0.025772365581005766
800,YGR267C YGL248W,0.0,NA,3.964187311744638e-10,2850,30240,801,0,0.10772771532265203,0.08612873980054397,1.0,0.974195418962018,0.025804581037982024
801,YAL036C YPL203W,0.0,NA,4.0032654968769066e-10,2850,30239,802,0,0.10775722168127232,0.08613134274230107,1.0,0.9741632035050417,0.02583679649495828
802,YJL130C YHR075C,0.0,NA,4.017929600141912e-10,2850,30238,803,0,0.1077867280398926,0.08613394584139265,1.0,0.9741309880480654,0.02586901195193454
803,YOR320C YJL177W,0.0,NA,4.028035127667806e-10,2850,30237,804,0,0.10781623439851289,0.08613654909783298,1.0,0.9740987725910892,0.025901227408910796
804,YJL020C YOR383C,0.0,NA,4.0616879304344877e-10,2850,30236,805,0,0.10784574075713316,0.08613915251163634,1.0,0.9740665571341129,0.025933442865887054
805,YOR068C YDR204W,0.0,NA,4.064865388730965e-10,2850,30235,806,0,0.10787524711575344,0.08614175608281699,1.0,0.9740343416771367,0.025965658322863308
806,YBL024W YNL111C,0.0,NA,4.0708317272653005e-10,2850,30234,807,0,0.10790475347437373,0.0861443598113892,1.0,0.9740021262201605,0.025997873779839566
807,YOR185C YOL078W,0.0,NA,4.096316619239815e-10,2850,30233,808,0,0.10793425983299401,0.08614696369736723,1.0,0.9739699107631842,0.026030089236815823
808,YIL103W YHR171W,0.0,NA,4.1021730456947125e-10,2850,30232,809,0,0.1079637661916143,0.08614956774076538,1.0,0.9739376953062079,0.02606230469379208
809,YJL122W YNR026C,0.0,NA,4.107465756408857e-10,2850,30231,810,0,0.10799327255023458,0.0861521719415979,1.0,0.9739054798492317,0.02609452015076834
810,YCL040W YLR254C,0.0,NA,4.166701428331976e-10,2850,30230,811,0,0.10802277890885485,0.08615477629987908,1.0,0.9738732643922554,0.026126735607744596
811,YJL164C YGL166W,0.0,NA,4.1879669177014023e-10,2850,30229,812,0,0.10805228526747514,0.0861573808156232,1.0,0.9738410489352791,0.026158951064720853
812,YBL039C YPL198W,0.0,NA,4.217031168707308e-10,2850,30228,813,0,0.10808179162609542,0.08615998548884454,1.0,0.9738088334783029,0.02619116652169711
813,YPL188W YJR017C,0.0,NA,4.247180662719785e-10,2850,30227,814,0,0.1081112979847157,0.08616259031955739,1.0,0.9737766180213266,0.02622338197867337
814,YGL194C YIL009W,0.0,NA,4.267399489332746e-10,2850,30226,815,0,0.10814080434333599,0.08616519530777603,1.0,0.9737444025643504,0.026255597435649626
815,YPL018W YOL080C,0.0,NA,4.3328160503897095e-10,2850,30225,816,0,0.10817031070195628,0.08616780045351474,1.0,0.9737121871073742,0.026287812892625884
816,YHR188C YPR005C,0.0,NA,4.3335265931254696e-10,2850,30224,817,0,0.10819981706057655,0.0861704057567878,1.0,0.9736799716503979,0.026320028349602138
817,YJR046W YKR092C,0.0,NA,4.399520192599482e-10,2850,30223,818,0,0.10822932341919683,0.08617301121760954,1.0,0.9736477561934216,0.026352243806578395
818,YOL082W YER081W,0.0,NA,4.477317405715553e-10,2850,30222,819,0,0.10825882977781712,0.0861756168359942,1.0,0.9736155407364453,0.026384459263554653
819,YPR184W YDR121W,0.0,NA,4.479743243024359e-10,2850,30221,820,0,0.1082883361364374,0.0861782226119561,1.0,0.9735833252794691,0.02641667472053091
820,YDL049C YNL008C,0.0,NA,4.548432186446405e-10,2850,30220,821,0,0.10831784249505769,0.08618082854550953,1.0,0.9735511098224928,0.026448890177507168
821,YDR369C YOR234C,0.0,NA,4.564335853718404e-10,2850,30219,822,0,0.10834734885367797,0.08618343463666879,1.0,0.9735188943655165,0.026481105634483425
822,YPR118W YOL002C,0.0,NA,4.6393097696828534e-10,2850,30218,823,0,0.10837685521229826,0.08618604088544816,1.0,0.9734866789085403,0.026513321091459683
823,YJR152W YGL244W,0.0,NA,4.657698671195476e-10,2850,30217,824,0,0.10840636157091853,0.08618864729186197,1.0,0.9734544634515641,0.02654553654843594
824,YJR065C YCL044C,0.0,NA,4.850219670338163e-10,2850,30216,825,0,0.10843586792953881,0.08619125385592452,1.0,0.9734222479945878,0.026577752005412198
825,YDR100W YJL210W,0.0,NA,4.870178149651849e-10,2850,30215,826,0,0.1084653742881591,0.08619386057765008,1.0,0.9733900325376116,0.026609967462388456
826,YOL032W YER001W,0.0,NA,4.890563509718504e-10,2850,30214,827,0,0.10849488064677938,0.08619646745705299,1.0,0.9733578170806353,0.02664218291936471
827,YOR310C YNL096C,0.0,NA,4.911503426185959e-10,2850,30213,828,0,0.10852438700539967,0.08619907449414754,1.0,0.973325601623659,0.026674398376340967
828,YGR138C YGL065C,0.0,NA,4.913789375393662e-10,2850,30212,829,0,0.10855389336401995,0.08620168168894804,1.0,0.9732933861666828,0.026706613833317225
829,YHR067W YDR261C,0.0,NA,4.962919519790887e-10,2850,30211,830,0,0.10858339972264022,0.0862042890414688,1.0,0.9732611707097065,0.026738829290293482
830,YBL078C YFL047W,0.0,NA,4.977300238628857e-10,2850,30210,831,0,0.10861290608126051,0.08620689655172414,1.0,0.9732289552527302,0.02677104474726974
831,YDL074C YGL002W,0.0,NA,5.0696541409323e-10,2850,30209,832,0,0.10864241243988079,0.08620950421972837,1.0,0.973196739795754,0.026803260204245997
832,YGL232W YPR034W,0.0,NA,5.076262743486382e-10,2850,30208,833,0,0.10867191879850108,0.0862121120454958,1.0,0.9731645243387778,0.026835475661222255
833,YGL104C YPR007C,0.0,NA,5.123654278627043e-10,2850,30207,834,0,0.10870142515712136,0.08621472002904075,1.0,0.9731323088818015,0.026867691118198513
834,YHR139C YBR042C,0.0,NA,5.231879374179016e-10,2850,30206,835,0,0.10873093151574165,0.08621732817037754,1.0,0.9731000934248253,0.02689990657517477
835,YNR039C YMR199W,0.0,NA,5.254099932905376e-10,2850,30205,836,0,0.10876043787436193,0.0862199364695205,1.0,0.973067877967849,0.026932122032151028
836,YMR189W YLR417W,0.0,NA,5.266902469713841e-10,2850,30204,837,0,0.1087899442329822,0.08622254492648393,1.0,0.9730356625108727,0.026964337489127282
837,YFL014W YGL029W,0.0,NA,5.27039967224141e-10,2850,30203,838,0,0.10881945059160249,0.08622515354128218,1.0,0.9730034470538964,0.02699655294610354
838,YPR188C YHR137W,0.0,NA,5.352109866407773e-10,2850,30202,839,0,0.10884895695022277,0.08622776231392956,1.0,0.9729712315969202,0.027028768403079797
839,YKR066C YOR374W,0.0,NA,5.362348343140866e-10,2850,30201,840,0,0.10887846330884306,0.08623037124444041,1.0,0.9729390161399439,0.027060983860056054
840,YLR180W YOR279C,0.0,NA,5.401355473999558e-10,2850,30200,841,0,0.10890796966746334,0.08623298033282904,1.0,0.9729068006829676,0.027093199317032312
841,YKR092C YHR129C,0.0,NA,5.488727805591509e-10,2850,30199,842,0,0.10893747602608363,0.0862355895791098,1.0,0.9728745852259915,0.02712541477400857
842,YIL133C YDR277C,0.0,NA,5.495379151732038e-10,2850,30198,843,0,0.1089669823847039,0.08623819898329703,1.0,0.9728423697690152,0.027157630230984827
843,YLR324W YGL089C,0.0,NA,5.498640431866875e-10,2850,30197,844,0,0.10899648874332418,0.08624080854540503,1.0,0.9728101543120389,0.027189845687961085
844,YHR075C YOR361C,0.0,NA,5.502595601392102e-10,2850,30196,845,0,0.10902599510194447,0.08624341826544817,1.0,0.9727779388550627,0.027222061144937342
845,YGL104C YLR035C,0.0,NA,5.514699252806565e-10,2850,30195,846,0,0.10905550146056475,0.08624602814344076,1.0,0.9727457233980864,0.0272542766019136
846,YCR009C YNL277W,0.0,NA,5.649020695663864e-10,2850,30194,847,0,0.10908500781918504,0.08624863817939717,1.0,0.9727135079411101,0.027286492058889854
847,YAL011W YDL222C,0.0,NA,5.730968477557496e-10,2850,30193,848,0,0.10911451417780532,0.08625124837333172,1.0,0.9726812924841339,0.02731870751586611
848,YER015W YBL024W,0.0,NA,5.793239221674185e-10,2850,30192,849,0,0.1091440205364256,0.08625385872525876,1.0,0.9726490770271576,0.02735092297284237
849,YLR056W YKR025W,0.0,NA,5.809571712589445e-10,2850,30191,850,0,0.10917352689504588,0.08625646923519265,1.0,0.9726168615701813,0.027383138429818626
850,YGR221C YLR435W,0.0,NA,5.833066252236563e-10,2850,30190,851,0,0.10920303325366616,0.0862590799031477,1.0,0.9725846461132052,0.027415353886794884
851,YFR046C YHR167W,0.0,NA,5.848027062604899e-10,2850,30189,852,0,0.10923253961228645,0.0862616907291383,1.0,0.9725524306562289,0.02744756934377114
852,YOL144W YOR340C,0.0,NA,5.87804194207564e-10,2850,30188,853,0,0.10926204597090673,0.08626430171317877,1.0,0.9725202151992526,0.0274797848007474
853,YOR294W YMR139W,0.0,NA,5.895793853127884e-10,2850,30187,854,0,0.10929155232952702,0.08626691285528347,1.0,0.9724879997422764,0.027512000257723657
854,YMR161W YGR088W,0.0,NA,5.924516988109474e-10,2850,30186,855,0,0.1093210586881473,0.08626952415546676,1.0,0.9724557842853001,0.027544215714699914
855,YER054C YPL235W,0.0,NA,5.93529614345556e-10,2850,30185,856,0,0.10935056504676757,0.086272135613743,1.0,0.9724235688283238,0.027576431171676172
856,YDR021W YER014W,0.0,NA,5.947591308341771e-10,2850,30184,857,0,0.10938007140538786,0.08627474723012654,1.0,0.9723913533713475,0.027608646628652426
857,YDL061C YMR304W,0.0,NA,5.963244342765961e-10,2850,30183,858,0,0.10940957776400814,0.08627735900463174,1.0,0.9723591379143713,0.027640862085628683
858,YPR065W YDR217C,0.0,NA,6.055499990331725e-10,2850,30182,859,0,0.10943908412262843,0.08627997093727295,1.0,0.972326922457395,0.02767307754260494
859,YOR348C YDL043C,0.0,NA,6.083619719099431e-10,2850,30181,860,0,0.10946859048124871,0.08628258302806455,1.0,0.9722947070004188,0.0277052929995812
860,YIL124W YER062C,0.0,NA,6.161874344101648e-10,2850,30180,861,0,0.109498096839869,0.08628519527702089,1.0,0.9722624915434426,0.027737508456557456
861,YDL223C YNL147W,0.0,NA,6.254887718881719e-10,2850,30179,862,0,0.10952760319848927,0.08628780768415635,1.0,0.9722302760864663,0.027769723913533714
862,YER031C YPR190C,0.0,NA,6.279392561481245e-10,2850,30178,863,0,0.10955710955710955,0.08629042024948529,1.0,0.97219806062949,0.02780193937050997
863,YMR251W YDR178W,0.0,NA,6.351352221933837e-10,2850,30177,864,0,0.10958661591572984,0.08629303297302207,1.0,0.9721658451725138,0.02783415482748623
864,YDL222C YPR079W,0.0,NA,6.356793980089037e-10,2850,30176,865,0,0.10961612227435012,0.08629564585478108,1.0,0.9721336297155375,0.027866370284462486
865,YDR324C YPR164W,0.0,NA,6.374313854529134e-10,2850,30175,866,0,0.10964562863297041,0.08629825889477669,1.0,0.9721014142585612,0.027898585741438744
866,YLL052C YIR011C,0.0,NA,6.380261874383564e-10,2850,30174,867,0,0.10967513499159069,0.08630087209302326,1.0,0.972069198801585,0.027930801198414998
867,YNL239W YOR120W,0.0,NA,6.391370210856451e-10,2850,30173,868,0,0.10970464135021098,0.08630348544953517,1.0,0.9720369833446088,0.027963016655391255
868,YHR052W YNL330C,0.0,NA,6.39167496707671e-10,2850,30172,869,0,0.10973414770883125,0.08630609896432681,1.0,0.9720047678876325,0.027995232112367513
869,YJL035C YKR097W,0.0,NA,6.45092868012398e-10,2850,30171,870,0,0.10976365406745153,0.08630871263741255,1.0,0.9719725524306563,0.02802744756934377
870,YLR423C YOR040W,0.0,NA,6.465155633073039e-10,2850,30170,871,0,0.10979316042607182,0.08631132646880678,1.0,0.97194033697368,0.028059663026320028
871,YBL078C YER155C,0.0,NA,6.512048678075644e-10,2850,30169,872,0,0.1098226667846921,0.08631394045852388,1.0,0.9719081215167037,0.028091878483296286
872,YHL011C YBR207W,0.0,NA,6.535453289657767e-10,2850,30168,873,0,0.10985217314331239,0.08631655460657824,1.0,0.9718759060597275,0.028124093940272543
873,YKR024C YDR021W,0.0,NA,6.586108880490826e-10,2850,30167,874,0,0.10988167950193267,0.08631916891298422,1.0,0.9718436906027512,0.0281563093972488
874,YGR194C YLR003C,0.0,NA,6.586473588754416e-10,2850,30166,875,0,0.10991118586055294,0.08632178337775624,1.0,0.9718114751457749,0.02818852485422506
875,YLL052C YDR072C,0.0,NA,6.589401246870352e-10,2850,30165,876,0,0.10994069221917323,0.08632439800090867,1.0,0.9717792596887986,0.028220740311201316
876,YER072W YOR120W,0.0,NA,6.685806908102165e-10,2850,30164,877,0,0.10997019857779351,0.08632701278245593,1.0,0.9717470442318225,0.02825295576817757
877,YBR114W YOR219C,0.0,NA,6.710156874589757e-10,2850,30163,878,0,0.1099997049364138,0.08632962772241239,1.0,0.9717148287748462,0.028285171225153827
878,YLL057C YLR020C,0.0,NA,6.754393155894434e-10,2850,30162,879,0,0.11002921129503408,0.08633224282079244,1.0,0.9716826133178699,0.028317386682130085
879,YOR084W YJL088W,0.0,NA,6.783985595504305e-10,2850,30161,880,0,0.11005871765365437,0.08633485807761049,1.0,0.9716503978608937,0.028349602139106343
880,YLR223C YNL312W,0.0,NA,6.788787310085809e-10,2850,30160,881,0,0.11008822401227465,0.08633747349288094,1.0,0.9716181824039174,0.0283818175960826
881,YDR037W YDR214W,0.0,NA,6.855958578633192e-10,2850,30159,882,0,0.11011773037089492,0.08634008906661819,1.0,0.9715859669469411,0.028414033053058858
882,YKR053C YER025W,0.0,NA,6.895288229280538e-10,2850,30158,883,0,0.11014723672951521,0.08634270479883664,1.0,0.9715537514899649,0.028446248510035115
883,YGL156W YGR288W,0.0,NA,6.898813742495236e-10,2850,30157,884,0,0.11017674308813549,0.0863453206895507,1.0,0.9715215360329886,0.028478463967011373
884,YER103W YGR234W,0.0,NA,6.937528329586939e-10,2850,30156,885,0,0.11020624944675578,0.08634793673877476,1.0,0.9714893205760123,0.02851067942398763
885,YOL081W YLR154C,0.0,NA,6.950335862399015e-10,2850,30155,886,0,0.11023575580537606,0.08635055294652326,1.0,0.9714571051190362,0.028542894880963888
886,YGL190C YKL103C,0.0,NA,6.980041544757398e-10,2850,30154,887,0,0.11026526216399635,0.08635316931281056,1.0,0.9714248896620599,0.028575110337940145
887,YOR294W YNR033W,0.0,NA,7.010247937699887e-10,2850,30153,888,0,0.11029476852261662,0.08635578583765112,1.0,0.9713926742050836,0.0286073257949164
888,YLR144C YFL050C,0.0,NA,7.040921179424231e-10,2850,30152,889,0,0.1103242748812369,0.08635840252105934,1.0,0.9713604587481074,0.028639541251892657
889,YAL060W YFL001W,0.0,NA,7.060488305121737e-10,2850,30151,890,0,0.11035378123985719,0.0863610193630496,1.0,0.9713282432911311,0.028671756708868915
890,YLR130C YGR197C,0.0,NA,7.076869090738569e-10,2850,30150,891,0,0.11038328759847747,0.08636363636363636,1.0,0.9712960278341548,0.028703972165845172
891,YNL008C YLR406C,0.0,NA,7.079123953701583e-10,2850,30149,892,0,0.11041279395709776,0.08636625352283403,1.0,0.9712638123771785,0.02873618762282143
892,YIL079C YKR082W,0.0,NA,7.124148493353744e-10,2850,30148,893,0,0.11044230031571804,0.086368870840657,1.0,0.9712315969202023,0.028768403079797687
893,YPR075C YKL216W,0.0,NA,7.157598957974187e-10,2850,30147,894,0,0.11047180667433831,0.08637148831711974,1.0,0.971199381463226,0.028800618536773945
894,YDL236W YHR085W,0.0,NA,7.16880221851568e-10,2850,30146,895,0,0.1105013130329586,0.08637410595223663,1.0,0.9711671660062497,0.028832833993750202
895,YJL141C YIL103W,0.0,NA,7.22330584235209e-10,2850,30145,896,0,0.11053081939157888,0.08637672374602212,1.0,0.9711349505492736,0.02886504945072646
896,YGR019W YJL033W,0.0,NA,7.326665940610155e-10,2850,30144,897,0,0.11056032575019917,0.08637934169849064,1.0,0.9711027350922973,0.028897264907702717
897,YPL137C YLR214W,0.0,NA,7.339029939323893e-10,2850,30143,898,0,0.11058983210881945,0.0863819598096566,1.0,0.971070519635321,0.02892948036467897
898,YNL293W YOR340C,0.0,NA,7.343986530017332e-10,2850,30142,899,0,0.11061933846743974,0.08638457807953444,1.0,0.9710383041783448,0.02896169582165523
899,YMR136W YMR179W,0.0,NA,7.393148870882271e-10,2850,30141,900,0,0.11064884482606002,0.08638719650813859,1.0,0.9710060887213685,0.028993911278631487
900,YNL297C YMR250W,0.0,NA,7.414062141997135e-10,2850,30140,901,0,0.1106783511846803,0.08638981509548348,1.0,0.9709738732643922,0.029026126735607744
901,YFR003C YKR086W,0.0,NA,7.42585160029563e-10,2850,30139,902,0,0.11070785754330058,0.08639243384158356,1.0,0.970941657807416,0.029058342192584
902,YMR104C YDR334W,0.0,NA,7.475419172564557e-10,2850,30138,903,0,0.11073736390192086,0.08639505274645326,1.0,0.9709094423504397,0.02909055764956026
903,YGR208W YBR077C,0.0,NA,7.517226841002866e-10,2850,30137,904,0,0.11076687026054115,0.08639767181010702,1.0,0.9708772268934635,0.029122773106536517
904,YHL043W YKR009C,0.0,NA,7.524628697908042e-10,2850,30136,905,0,0.11079637661916143,0.08640029103255926,1.0,0.9708450114364873,0.029154988563512774
905,YOL082W YBR030W,0.0,NA,7.553992431574841e-10,2850,30135,906,0,0.11082588297778172,0.08640291041382446,1.0,0.970812795979511,0.029187204020489032
906,YDR054C YOL063C,0.0,NA,7.6046480224079e-10,2850,30134,907,0,0.11085538933640199,0.08640552995391705,1.0,0.9707805805225347,0.02921941947746529
907,YOR157C YOR210W,0.0,NA,7.626727582810133e-10,2850,30133,908,0,0.11088489569502227,0.08640814965285147,1.0,0.9707483650655585,0.029251634934441544
908,YNL322C YBR098W,0.0,NA,7.648914279734242e-10,2850,30132,909,0,0.11091440205364256,0.08641076951064217,1.0,0.9707161496085822,0.0292838503914178
909,YNL096C YML026C,0.0,NA,7.682645630779916e-10,2850,30131,910,0,0.11094390841226284,0.0864133895273036,1.0,0.9706839341516059,0.02931606584839406
910,YKL175W YHR087W,0.0,NA,7.70794927884566e-10,2850,30130,911,0,0.11097341477088313,0.08641600970285021,1.0,0.9706517186946296,0.029348281305370316
911,YPL273W YGR161C,0.0,NA,7.729075712781253e-10,2850,30129,912,0,0.11100292112950341,0.08641863003729647,1.0,0.9706195032376534,0.029380496762346574
912,YDR259C YGR049W,0.0,NA,7.768196641499969e-10,2850,30128,913,0,0.1110324274881237,0.0864212505306568,1.0,0.9705872877806772,0.02941271221932283
913,YPL093W YPR121W,0.0,NA,7.835098680963881e-10,2850,30127,914,0,0.11106193384674397,0.08642387118294569,1.0,0.9705550723237009,0.02944492767629909
914,YIL146C YOR023C,0.0,NA,7.85816134385442e-10,2850,30126,915,0,0.11109144020536425,0.08642649199417758,1.0,0.9705228568667247,0.029477143133275346
915,YOR134W YKL159C,0.0,NA,7.859255468645188e-10,2850,30125,916,0,0.11112094656398454,0.08642911296436695,1.0,0.9704906414097484,0.029509358590251604
916,YLR273C YGR184C,0.0,NA,7.861534756514743e-10,2850,30124,917,0,0.11115045292260482,0.08643173409352824,1.0,0.9704584259527721,0.02954157404722786
917,YCR035C YPL239W,0.0,NA,7.87468090734933e-10,2850,30123,918,0,0.11117995928122511,0.08643435538167592,1.0,0.9704262104957959,0.029573789504204116
918,YIL052C YJR095W,0.0,NA,7.879683572298291e-10,2850,30122,919,0,0.11120946563984539,0.08643697682882445,1.0,0.9703939950388196,0.029606004961180373
919,YER143W YOR043W,0.0,NA,7.956540426512504e-10,2850,30121,920,0,0.11123897199846566,0.08643959843498833,1.0,0.9703617795818433,0.02963822041815663
920,YER103W YGL058W,0.0,NA,8.06559208310631e-10,2850,30120,921,0,0.11126847835708595,0.08644222020018198,1.0,0.9703295641248671,0.029670435875132888
921,YPR137W YGR002C,0.0,NA,8.070530910231355e-10,2850,30119,922,0,0.11129798471570623,0.08644484212441991,1.0,0.9702973486678909,0.029702651332109146
922,YPR001W YEL054C,0.0,NA,8.070654144987088e-10,2850,30118,923,0,0.11132749107432652,0.08644746420771657,1.0,0.9702651332109146,0.029734866789085403
923,YHR197W YCR094W,0.0,NA,8.135225826322312e-10,2850,30117,924,0,0.1113569974329468,0.08645008645008645,1.0,0.9702329177539384,0.02976708224606166
924,YKL093W YHL009C,0.0,NA,8.220044644957625e-10,2850,30116,925,0,0.11138650379156709,0.08645270885154402,1.0,0.9702007022969621,0.02979929770303792
925,YLR405W YJL177W,0.0,NA,8.239147697430838e-10,2850,30115,926,0,0.11141601015018737,0.08645533141210375,1.0,0.9701684868399858,0.029831513160014176
926,YBR101C YLR154C,0.0,NA,8.249651517466816e-10,2850,30114,927,0,0.11144551650880764,0.08645795413178012,1.0,0.9701362713830096,0.029863728616990434
927,YNR002C YBL051C,0.0,NA,8.25942925164469e-10,2850,30113,928,0,0.11147502286742793,0.08646057701058762,1.0,0.9701040559260333,0.029895944073966688
928,YBL064C YOL044W,0.0,NA,8.283235208850215e-10,2850,30112,929,0,0.11150452922604821,0.08646320004854074,1.0,0.970071840469057,0.029928159530942945
929,YNL270C YLR248W,0.0,NA,8.309582466559107e-10,2850,30111,930,0,0.1115340355846685,0.08646582324565395,1.0,0.9700396250120807,0.029960374987919203
930,YDL210W YER179W,0.0,NA,8.327575296007694e-10,2850,30110,931,0,0.11156354194328878,0.08646844660194175,1.0,0.9700074095551046,0.02999259044489546
931,YNL331C YMR152W,0.0,NA,8.339337553842086e-10,2850,30109,932,0,0.11159304830190907,0.08647107011741861,1.0,0.9699751940981283,0.030024805901871718
932,YJL059W YPR065W,0.0,NA,8.424838049414518e-10,2850,30108,933,0,0.11162255466052934,0.08647369379209903,1.0,0.969942978641152,0.030057021358847975
933,YCR021C YHR039C,0.0,NA,8.434323794936915e-10,2850,30107,934,0,0.11165206101914962,0.08647631762599751,1.0,0.9699107631841758,0.030089236815824233
934,YOR185C YCR105W,0.0,NA,8.652670802078433e-10,2850,30106,935,0,0.11168156737776991,0.08647894161912853,1.0,0.9698785477271995,0.03012145227280049
935,YPL243W YKL143W,0.0,NA,8.680822727313853e-10,2850,30105,936,0,0.11171107373639019,0.0864815657715066,1.0,0.9698463322702232,0.030153667729776748
936,YDR499W YGR187C,0.0,NA,8.726008249304584e-10,2850,30104,937,0,0.11174058009501048,0.0864841900831462,1.0,0.969814116813247,0.030185883186753006
937,YPR036W YLR258W,0.0,NA,8.809288853939279e-10,2850,30103,938,0,0.11177008645363076,0.08648681455406185,1.0,0.9697819013562707,0.03021809864372926
938,YJR090C YKL085W,0.0,NA,8.865012612879752e-10,2850,30102,939,0,0.11179959281225103,0.08648943918426803,1.0,0.9697496858992944,0.030250314100705517
939,YHR015W YER131W,0.0,NA,9.011797974523006e-10,2850,30101,940,0,0.11182909917087132,0.08649206397377925,1.0,0.9697174704423183,0.030282529557681775
940,YKR024C YFL001W,0.0,NA,9.026919212118401e-10,2850,30100,941,0,0.1118586055294916,0.08649468892261002,1.0,0.969685254985342,0.030314745014658032
941,YPL121C YBR267W,0.0,NA,9.054907379457688e-10,2850,30099,942,0,0.11188811188811189,0.08649731403077483,1.0,0.9696530395283657,0.03034696047163429
942,YIL019W YPL152W,0.0,NA,9.059036298886269e-10,2850,30098,943,0,0.11191761824673217,0.08649993929828821,1.0,0.9696208240713895,0.030379175928610547
943,YDL122W YPR074C,0.0,NA,9.078304219478639e-10,2850,30097,944,0,0.11194712460535246,0.08650256472516465,1.0,0.9695886086144132,0.030411391385586805
944,YMR119W YIL099W,0.0,NA,9.087140484531631e-10,2850,30096,945,0,0.11197663096397274,0.08650519031141868,1.0,0.9695563931574369,0.030443606842563063
945,YER043C YJR010W,0.0,NA,9.150309954186753e-10,2850,30095,946,0,0.11200613732259301,0.0865078160570648,1.0,0.9695241777004607,0.03047582229953932
946,YOL032W YDL044C,0.0,NA,9.224909169880391e-10,2850,30094,947,0,0.1120356436812133,0.08651044196211753,1.0,0.9694919622434844,0.030508037756515578
947,YEL060C YMR081C,0.0,NA,9.303203207799982e-10,2850,30093,948,0,0.11206515003983358,0.08651306802659138,1.0,0.9694597467865081,0.03054025321349183
948,YCL059C YLR154C,0.0,NA,9.351236451848877e-10,2850,30092,949,0,0.11209465639845387,0.08651569425050087,1.0,0.9694275313295319,0.03057246867046809
949,YGR134W YDR259C,0.0,NA,9.359927277685642e-10,2850,30091,950,0,0.11212416275707415,0.08651832063386054,1.0,0.9693953158725557,0.030604684127444347
950,YNL163C YDL115C,0.0,NA,9.388838595469906e-10,2850,30090,951,0,0.11215366911569444,0.08652094717668488,1.0,0.9693631004155794,0.030636899584420604
951,YBR089C-A YAL044C,0.0,NA,9.441761816830763e-10,2850,30089,952,0,0.11218317547431471,0.08652357387898843,1.0,0.9693308849586031,0.030669115041396862
952,YPL031C YFL057C,0.0,NA,9.456234684179776e-10,2850,30088,953,0,0.112212681832935,0.08652620074078572,1.0,0.9692986695016269,0.03070133049837312
953,YKR097W YNL067W,0.0,NA,9.46639433507812e-10,2850,30087,954,0,0.11224218819155528,0.08652882776209127,1.0,0.9692664540446506,0.030733545955349377
954,YGR108W YBR293W,0.0,NA,9.497193032004247e-10,2850,30086,955,0,0.11227169455017556,0.0865314549429196,1.0,0.9692342385876743,0.030765761412325635
955,YDR407C YDL148C,0.0,NA,9.612809437342662e-10,2850,30085,956,0,0.11230120090879585,0.08653408228328525,1.0,0.9692020231306981,0.030797976869301892
956,YHR139C YPR066W,0.0,NA,9.637777242943457e-10,2850,30084,957,0,0.11233070726741613,0.08653670978320277,1.0,0.9691698076737219,0.03083019232627815
957,YNL233W YFL026W,0.0,NA,9.64160196126329e-10,2850,30083,958,0,0.11236021362603642,0.08653933744268667,1.0,0.9691375922167456,0.030862407783254404
958,YOR373W YDL213C,0.0,NA,9.663621014510682e-10,2850,30082,959,0,0.11238971998465669,0.0865419652617515,1.0,0.9691053767597694,0.03089462324023066
959,YIR011C YOR303W,0.0,NA,9.837805015067147e-10,2850,30081,960,0,0.11241922634327697,0.08654459324041178,1.0,0.9690731613027931,0.03092683869720692
960,YER043C YKL216W,0.0,NA,9.881019336077657e-10,2850,30080,961,0,0.11244873270189726,0.08654722137868205,1.0,0.9690409458458168,0.030959054154183176
961,YFL057C YGR083C,0.0,NA,9.89159865127931e-10,2850,30079,962,0,0.11247823906051754,0.08654984967657688,1.0,0.9690087303888406,0.030991269611159434
962,YMR139W YGR255C,0.0,NA,9.911957921104886e-10,2850,30078,963,0,0.11250774541913783,0.0865524781341108,1.0,0.9689765149318643,0.03102348506813569
963,YIL117C YHR164C,0.0,NA,9.916099052986738e-10,2850,30077,964,0,0.11253725177775811,0.08655510675129832,1.0,0.968944299474888,0.03105570052511195
964,YDR028C YFL014W,0.0,NA,9.975760217884044e-10,2850,30076,965,0,0.11256675813637838,0.08655773552815405,1.0,0.9689120840179118,0.031087915982088207
965,YDR256C YLR254C,0.0,NA,1.0034957309557058e-09,2850,30075,966,0,0.11259626449499867,0.08656036446469248,1.0,0.9688798685609356,0.031120131439064464
966,YOR255W YBR126C,0.0,NA,1.0037848330313182e-09,2850,30074,967,0,0.11262577085361895,0.0865629935609282,1.0,0.9688476531039593,0.03115234689604072
967,YOR295W YDR087C,0.0,NA,1.013474970612549e-09,2850,30073,968,0,0.11265527721223924,0.08656562281687574,1.0,0.968815437646983,0.03118456235301698
968,YMR030W YHL020C,0.0,NA,1.0204169731409252e-09,2850,30072,969,0,0.11268478357085952,0.08656825223254966,1.0,0.9687832221900068,0.031216777809993233
969,YER045C YOL147C,0.0,NA,1.0220980728448126e-09,2850,30071,970,0,0.11271428992947981,0.08657088180796452,1.0,0.9687510067330305,0.03124899326696949
970,YDL149W YDL214C,0.0,NA,1.0246844484029793e-09,2850,30070,971,0,0.11274379628810008,0.08657351154313488,1.0,0.9687187912760542,0.03128120872394575
971,YDR385W YGL121C,0.0,NA,1.0256249183271393e-09,2850,30069,972,0,0.11277330264672036,0.08657614143807528,1.0,0.968686575819078,0.031313424180922006
972,YOR207C YLL011W,0.0,NA,1.0369529679365996e-09,2850,30068,973,0,0.11280280900534065,0.08657877149280029,1.0,0.9686543603621017,0.031345639637898264
973,YFL024C YOL002C,0.0,NA,1.0382155135602034e-09,2850,30067,974,0,0.11283231536396093,0.08658140170732448,1.0,0.9686221449051254,0.03137785509487452
974,YPR137W YPL194W,0.0,NA,1.0496986613262038e-09,2850,30066,975,0,0.11286182172258122,0.08658403208166242,1.0,0.9685899294481493,0.03141007055185078
975,YBL021C YHR123W,0.0,NA,1.0522565041526377e-09,2850,30065,976,0,0.1128913280812015,0.08658666261582865,1.0,0.968557713991173,0.031442286008827036
976,YOR185C YHR007C,0.0,NA,1.0759922952630063e-09,2850,30064,977,0,0.11292083443982179,0.08658929330983776,1.0,0.9685254985341967,0.031474501465803294
977,YBR093C YAL033W,0.0,NA,1.0859321220024754e-09,2850,30063,978,0,0.11295034079844206,0.08659192416370431,1.0,0.9684932830772205,0.03150671692277955
978,YKR080W YCR060W,0.0,NA,1.0903923319816045e-09,2850,30062,979,0,0.11297984715706234,0.08659455517744288,1.0,0.9684610676202442,0.03153893237975581
979,YFR001W YOR340C,0.0,NA,1.0967833308228592e-09,2850,30061,980,0,0.11300935351568263,0.08659718635106803,1.0,0.9684288521632679,0.031571147836732066
980,YJL106W YKL109W,0.0,NA,1.0980015785477804e-09,2850,30060,981,0,0.11303885987430291,0.08659981768459435,1.0,0.9683966367062917,0.031603363293708324
981,YOR028C YOR196C,0.0,NA,1.0992378118857005e-09,2850,30059,982,0,0.1130683662329232,0.0866024491780364,1.0,0.9683644212493154,0.03163557875068458
982,YNR030W YDR287W,0.0,NA,1.104641489391156e-09,2850,30058,983,0,0.11309787259154348,0.08660508083140878,1.0,0.9683322057923391,0.03166779420766084
983,YDR003W YDR513W,0.0,NA,1.1073734151878512e-09,2850,30057,984,0,0.11312737895016375,0.08660771264472604,1.0,0.968299990335363,0.03170000966463709
984,YMR250W YCR061W,0.0,NA,1.1087407658649795e-09,2850,30056,985,0,0.11315688530878404,0.0866103446180028,1.0,0.9682677748783867,0.03173222512161335
985,YDR003W YHL001W,0.0,NA,1.109934144594149e-09,2850,30055,986,0,0.11318639166740432,0.08661297675125361,1.0,0.9682355594214104,0.031764440578589605
986,YBR048W YMR197C,0.0,NA,1.1118410636612452e-09,2850,30054,987,0,0.11321589802602461,0.08661560904449307,1.0,0.9682033439644341,0.03179665603556586
987,YAL060W YJR094W-A,0.0,NA,1.1167337055084658e-09,2850,30053,988,0,0.1132454043846449,0.08661824149773577,1.0,0.9681711285074579,0.03182887149254212
988,YBL004W YDR214W,0.0,NA,1.124016324460797e-09,2850,30052,989,0,0.11327491074326518,0.0866208741109963,1.0,0.9681389130504816,0.03186108694951838
989,YNL124W YPL116W,0.0,NA,1.1240999242545513e-09,2850,30051,990,0,0.11330441710188546,0.08662350688428923,1.0,0.9681066975935053,0.031893302406494635
990,YHR216W YBL078C,0.0,NA,1.128968807329045e-09,2850,30050,991,0,0.11333392346050573,0.08662613981762918,1.0,0.9680744821365291,0.03192551786347089
991,YGL148W YJR036C,0.0,NA,1.1409594380396015e-09,2850,30049,992,0,0.11336342981912602,0.08662877291103073,1.0,0.9680422666795528,0.03195773332044715
992,YJL109C YEL041W,0.0,NA,1.1472419680913504e-09,2850,30048,993,0,0.1133929361777463,0.08663140616450848,1.0,0.9680100512225766,0.03198994877742341
993,YOR197W YGR158C,0.0,NA,1.163638074785922e-09,2850,30047,994,0,0.11342244253636659,0.08663403957807703,1.0,0.9679778357656004,0.032022164234399665
994,YKL213C YLR145W,0.0,NA,1.1737001370804023e-09,2850,30046,995,0,0.11345194889498687,0.08663667315175097,1.0,0.9679456203086241,0.03205437969137592
995,YIL007C YLL042C,0.0,NA,1.1783567455125876e-09,2850,30045,996,0,0.11348145525360716,0.08663930688554491,1.0,0.9679134048516478,0.03208659514835218
996,YFL013C YDR449C,0.0,NA,1.1849174974543075e-09,2850,30044,997,0,0.11351096161222743,0.08664194077947346,1.0,0.9678811893946716,0.03211881060532844
997,YLL042C YOL052C-A,0.0,NA,1.1966688751030574e-09,2850,30043,998,0,0.11354046797084771,0.08664457483355122,1.0,0.9678489739376953,0.032151026062304695
998,YGL147C YGR141W,0.0,NA,1.2008325445123091e-09,2850,30042,999,0,0.113569974329468,0.08664720904779277,1.0,0.967816758480719,0.03218324151928095
999,YDR354W YMR189W,0.0,NA,1.2068783750152079e-09,2850,30041,1000,0,0.11359948068808828,0.08664984342221277,1.0,0.9677845430237428,0.03221545697625721
1000,YBL005W YPR049C,0.0,NA,1.2114100833571229e-09,2850,30040,1001,0,0.11362898704670857,0.08665247795682578,1.0,0.9677523275667665,0.03224767243323347
1001,YJL134W YKL035W,0.0,NA,1.213553924017674e-09,2850,30039,1002,0,0.11365849340532885,0.08665511265164645,1.0,0.9677201121097903,0.032279887890209726
1002,YMR162C YMR180C,0.0,NA,1.2345964250926045e-09,2850,30038,1003,0,0.11368799976394912,0.08665774750668936,1.0,0.9676878966528141,0.03231210334718598
1003,YBR169C YDR122W,0.0,NA,1.23467647217268e-09,2850,30037,1004,0,0.11371750612256941,0.08666038252196917,1.0,0.9676556811958378,0.032344318804162234
1004,YGL089C YNL111C,0.0,NA,1.2366562218701915e-09,2850,30036,1005,0,0.1137470124811897,0.08666301769750046,1.0,0.9676234657388615,0.03237653426113849
1005,YMR104C YML074C,0.0,NA,1.2605324561931752e-09,2850,30035,1006,0,0.11377651883980998,0.08666565303329786,1.0,0.9675912502818852,0.03240874971811475
1006,YJR145C YOR388C,0.0,NA,1.2751334432792305e-09,2850,30034,1007,0,0.11380602519843026,0.08666828852937598,1.0,0.967559034824909,0.032440965175091006
1007,YFR050C YDR324C,0.0,NA,1.2903758062066117e-09,2850,30033,1008,0,0.11383553155705055,0.08667092418574948,1.0,0.9675268193679327,0.032473180632067264
1008,YMR112C YLR186W,0.0,NA,1.2922403147541672e-09,2850,30032,1009,0,0.11386503791567083,0.08667356000243294,1.0,0.9674946039109564,0.03250539608904352
1009,YGR041W YGR148C,0.0,NA,1.2941395732823935e-09,2850,30031,1010,0,0.1138945442742911,0.08667619597944101,1.0,0.9674623884539802,0.03253761154601978
1010,YBR088C YOR315W,0.0,NA,1.3047449787251253e-09,2850,30030,1011,0,0.11392405063291139,0.08667883211678833,1.0,0.967430172997004,0.03256982700299604
1011,YOR253W YOR004W,0.0,NA,1.3131034037883182e-09,2850,30029,1012,0,0.11395355699153167,0.0866814684144895,1.0,0.9673979575400277,0.032602042459972294
1012,YOR185C YNL258C,0.0,NA,1.3149029642889332e-09,2850,30028,1013,0,0.11398306335015196,0.08668410487255916,1.0,0.9673657420830515,0.03263425791694855
1013,YKL011C YLR248W,0.0,NA,1.3228950157539998e-09,2850,30027,1014,0,0.11401256970877224,0.08668674149101195,1.0,0.9673335266260752,0.03266647337392481
1014,YIL103W YLR386W,0.0,NA,1.3267130727356857e-09,2850,30026,1015,0,0.11404207606739253,0.08668937826986252,1.0,0.9673013111690989,0.03269868883090107
1015,YPR137W YPL124W,0.0,NA,1.3412053689876302e-09,2850,30025,1016,0,0.1140715824260128,0.08669201520912548,1.0,0.9672690957121227,0.032730904287877324
1016,YLL004W YDL167C,0.0,NA,1.3495813355746122e-09,2850,30024,1017,0,0.11410108878463308,0.08669465230881548,1.0,0.9672368802551464,0.03276311974485358
1017,YOR030W YJL047C,0.0,NA,1.3604515292087171e-09,2850,30023,1018,0,0.11413059514325337,0.08669728956894716,1.0,0.9672046647981701,0.03279533520182984
1018,YOR301W YMR170C,0.0,NA,1.3737498916199797e-09,2850,30022,1019,0,0.11416010150187365,0.08669992698953517,1.0,0.967172449341194,0.0328275506588061
1019,YOR353C YML080W,0.0,NA,1.3738966631038352e-09,2850,30021,1020,0,0.11418960786049394,0.08670256457059414,1.0,0.9671402338842177,0.032859766115782355
1020,YGL156W YNR033W,0.0,NA,1.3863847847517263e-09,2850,30020,1021,0,0.11421911421911422,0.08670520231213873,1.0,0.9671080184272414,0.03289198157275861
1021,YDR039C YDR040C,0.0,NA,1.387426951104942e-09,2850,30019,1022,0,0.11424862057773451,0.08670784021418358,1.0,0.9670758029702652,0.03292419702973487
1022,YOL155C YHR169W,0.0,NA,1.3888274974505066e-09,2850,30018,1023,0,0.11427812693635478,0.08671047827674333,1.0,0.9670435875132889,0.03295641248671113
1023,YCL008C YOL144W,0.0,NA,1.3965230083456959e-09,2850,30017,1024,0,0.11430763329497506,0.08671311649983265,1.0,0.9670113720563126,0.03298862794368738
1024,YLR189C YOL119C,0.0,NA,1.4063864517410707e-09,2850,30016,1025,0,0.11433713965359535,0.0867157548834662,1.0,0.9669791565993363,0.033020843400663635
1025,YFR003C YOR168W,0.0,NA,1.4080667742888409e-09,2850,30015,1026,0,0.11436664601221563,0.08671839342765861,1.0,0.9669469411423601,0.03305305885763989
1026,YDR156W YDR425W,0.0,NA,1.4123110458896804e-09,2850,30014,1027,0,0.11439615237083592,0.08672103213242453,1.0,0.9669147256853838,0.03308527431461615
1027,YHR194W YCL044C,0.0,NA,1.4126720904172885e-09,2850,30013,1028,0,0.1144256587294562,0.08672367099777865,1.0,0.9668825102284075,0.03311748977159241
1028,YDR369C YJL080C,0.0,NA,1.4150640659238434e-09,2850,30012,1029,0,0.11445516508807647,0.08672631002373563,1.0,0.9668502947714314,0.033149705228568666
1029,YGL209W YOR007C,0.0,NA,1.4285937988134378e-09,2850,30011,1030,0,0.11448467144669676,0.08672894921031009,1.0,0.9668180793144551,0.03318192068554492
1030,YDR206W YAL036C,0.0,NA,1.4340073573038126e-09,2850,30010,1031,0,0.11451417780531704,0.08673158855751674,1.0,0.9667858638574788,0.03321413614252118
1031,YPL086C YBR245C,0.0,NA,1.4453206409470454e-09,2850,30009,1032,0,0.11454368416393733,0.08673422806537022,1.0,0.9667536484005026,0.03324635159949744
1032,YHR205W YNL130C,0.0,NA,1.4513953372485844e-09,2850,30008,1033,0,0.11457319052255761,0.0867368677338852,1.0,0.9667214329435263,0.033278567056473696
1033,YGR212W YBR199W,0.0,NA,1.4532762770969043e-09,2850,30007,1034,0,0.1146026968811779,0.08673950756307636,1.0,0.96668921748655,0.03331078251344995
1034,YNL268W YDL223C,0.0,NA,1.4582297591658744e-09,2850,30006,1035,0,0.11463220323979818,0.08674214755295837,1.0,0.9666570020295738,0.03334299797042621
1035,YJL129C YBR105C,0.0,NA,1.4595181729859519e-09,2850,30005,1036,0,0.11466170959841845,0.08674478770354588,1.0,0.9666247865725975,0.03337521342740247
1036,YGR195W YDR293C,0.0,NA,1.4742234100140195e-09,2850,30004,1037,0,0.11469121595703874,0.08674742801485359,1.0,0.9665925711156212,0.033407428884378726
1037,YBR105C YBR042C,0.0,NA,1.4758158028982393e-09,2850,30003,1038,0,0.11472072231565902,0.08675006848689618,1.0,0.9665603556586451,0.033439644341354983
1038,YOR030W YDR246W,0.0,NA,1.4895199518250024e-09,2850,30002,1039,0,0.11475022867427931,0.0867527091196883,1.0,0.9665281402016688,0.03347185979833124
1039,YPL138C YPL131W,0.0,NA,1.5047112444932509e-09,2850,30001,1040,0,0.1147797350328996,0.08675534991324466,1.0,0.9664959247446925,0.0335040752553075
1040,YMR189W YGL232W,0.0,NA,1.5068796210826463e-09,2850,30000,1041,0,0.11480924139151988,0.0867579908675799,1.0,0.9664637092877163,0.033536290712283756
1041,YLR223C YGL096W,0.0,NA,1.516229364284527e-09,2850,29999,1042,0,0.11483874775014015,0.08676063198270875,1.0,0.96643149383074,0.033568506169260014
1042,YLR150W YGL120C,0.0,NA,1.518443260017932e-09,2850,29998,1043,0,0.11486825410876043,0.08676327325864588,1.0,0.9663992783737637,0.03360072162623627
1043,YLR206W YPR160W,0.0,NA,1.5330374747435371e-09,2850,29997,1044,0,0.11489776046738072,0.08676591469540597,1.0,0.9663670629167874,0.03363293708321253
1044,YJL103C YNR060W,0.0,NA,1.5393193386614712e-09,2850,29996,1045,0,0.114927266826001,0.08676855629300372,1.0,0.9663348474598112,0.03366515254018878
1045,YCR027C YPR160W,0.0,NA,1.5613549342319288e-09,2850,29995,1046,0,0.11495677318462129,0.0867711980514538,1.0,0.966302632002835,0.03369736799716504
1046,YER054C YBR024W,0.0,NA,1.5905291528284238e-09,2850,29994,1047,0,0.11498627954324157,0.08677383997077091,1.0,0.9662704165458587,0.033729583454141294
1047,YDR184C YOL135C,0.0,NA,1.5954969567744115e-09,2850,29993,1048,0,0.11501578590186184,0.08677648205096977,1.0,0.9662382010888825,0.03376179891111755
1048,YLR238W YLL041C,0.0,NA,1.5996044488986172e-09,2850,29992,1049,0,0.11504529226048213,0.08677912429206504,1.0,0.9662059856319062,0.03379401436809381
1049,YJL214W YOL064C,0.0,NA,1.6045240691653362e-09,2850,29991,1050,0,0.11507479861910241,0.08678176669407144,1.0,0.9661737701749299,0.03382622982507007
1050,YOR367W YDL014W,0.0,NA,1.6058007146213527e-09,2850,29990,1051,0,0.1151043049777227,0.08678440925700365,1.0,0.9661415547179537,0.033858445282046325
1051,YOR037W YCL044C,0.0,NA,1.6108684386395566e-09,2850,29989,1052,0,0.11513381133634298,0.0867870519808764,1.0,0.9661093392609774,0.03389066073902258
1052,YDR184C YGL012W,0.0,NA,1.6215930820351332e-09,2850,29988,1053,0,0.11516331769496327,0.08678969486570437,1.0,0.9660771238040011,0.03392287619599884
1053,YOR380W YOR132W,0.0,NA,1.6218190124206444e-09,2850,29987,1054,0,0.11519282405358355,0.08679233791150227,1.0,0.9660449083470249,0.0339550916529751
1054,YDR530C YJL115W,0.0,NA,1.635873991823189e-09,2850,29986,1055,0,0.11522233041220382,0.0867949811182848,1.0,0.9660126928900487,0.033987307109951355
1055,YPR086W YOL012C,0.0,NA,1.6407925018668834e-09,2850,29985,1056,0,0.11525183677082411,0.08679762448606669,1.0,0.9659804774330724,0.03401952256692761
1056,YHR004C YIL014W,0.0,NA,1.641531244267469e-09,2850,29984,1057,0,0.1152813431294444,0.08680026801486264,1.0,0.9659482619760962,0.03405173802390387
1057,YFL026W YGL257C,0.0,NA,1.6419227089059518e-09,2850,29983,1058,0,0.11531084948806468,0.08680291170468736,1.0,0.9659160465191199,0.03408395348088013
1058,YJL031C YGR083C,0.0,NA,1.6637663469154518e-09,2850,29982,1059,0,0.11534035584668496,0.08680555555555555,1.0,0.9658838310621436,0.034116168937856385
1059,YOR234C YEL059C-A,0.0,NA,1.6745078657010026e-09,2850,29981,1060,0,0.11536986220530525,0.08680819956748195,1.0,0.9658516156051674,0.03414838439483264
1060,YOL081W YJR063W,0.0,NA,1.6928575208297048e-09,2850,29980,1061,0,0.11539936856392552,0.08681084374048127,1.0,0.9658194001481911,0.0341805998518089
1061,YCR089W YDR399W,0.0,NA,1.7107065763966034e-09,2850,29979,1062,0,0.1154288749225458,0.08681348807456822,1.0,0.9657871846912148,0.03421281530878516
1062,YLR205C YBL061C,0.0,NA,1.7154344611469696e-09,2850,29978,1063,0,0.11545838128116609,0.08681613256975752,1.0,0.9657549692342385,0.034245030765761415
1063,YFR001W YDR059C,0.0,NA,1.7334487178999325e-09,2850,29977,1064,0,0.11548788763978637,0.08681877722606392,1.0,0.9657227537772624,0.03427724622273767
1064,YOR185C YNL044W,0.0,NA,1.7334818025460663e-09,2850,29976,1065,0,0.11551739399840666,0.0868214220435021,1.0,0.9656905383202861,0.03430946167971392
1065,YIL018W YBR299W,0.0,NA,1.7662090678882691e-09,2850,29975,1066,0,0.11554690035702694,0.08682406702208682,1.0,0.9656583228633098,0.03434167713669018
1066,YGR262C YCL039W,0.0,NA,1.7729796519816432e-09,2850,29974,1067,0,0.11557640671564723,0.08682671216183281,1.0,0.9656261074063336,0.03437389259366644
1067,YMR104C YHR169W,0.0,NA,1.7865412482720444e-09,2850,29973,1068,0,0.1156059130742675,0.08682935746275477,1.0,0.9655938919493573,0.034406108050642696
1068,YNL270C YDR182W,0.0,NA,1.789357995107821e-09,2850,29972,1069,0,0.11563541943288778,0.08683200292486747,1.0,0.965561676492381,0.034438323507618954
1069,YNR059W YGL121C,0.0,NA,1.789958847808748e-09,2850,29971,1070,0,0.11566492579150807,0.08683464854818561,1.0,0.9655294610354048,0.03447053896459521
1070,YDR440W YKR092C,0.0,NA,1.7914343342084749e-09,2850,29970,1071,0,0.11569443215012835,0.08683729433272395,1.0,0.9654972455784285,0.03450275442157147
1071,YKL213C YHL009C,0.0,NA,1.7934890239601486e-09,2850,29969,1072,0,0.11572393850874864,0.08683994027849722,1.0,0.9654650301214522,0.034534969878547726
1072,YGR123C YAL007C,0.0,NA,1.8145955849036e-09,2850,29968,1073,0,0.11575344486736892,0.08684258638552014,1.0,0.9654328146644761,0.034567185335523984
1073,YGL104C YJL129C,0.0,NA,1.8235365439878137e-09,2850,29967,1074,0,0.1157829512259892,0.08684523265380747,1.0,0.9654005992074998,0.03459940079250024
1074,YKR076W YLR320W,0.0,NA,1.8275477797757844e-09,2850,29966,1075,0,0.11581245758460948,0.08684787908337396,1.0,0.9653683837505235,0.0346316162494765
1075,YIL052C YPL024W,0.0,NA,1.8447574579028014e-09,2850,29965,1076,0,0.11584196394322976,0.08685052567423435,1.0,0.9653361682935473,0.034663831706452757
1076,YOR030W YKR076W,0.0,NA,1.8485685204794322e-09,2850,29964,1077,0,0.11587147030185005,0.08685317242640336,1.0,0.965303952836571,0.034696047163429014
1077,YOR185C YMR189W,0.0,NA,1.8639556564892246e-09,2850,29963,1078,0,0.11590097666047033,0.08685581933989578,1.0,0.9652717373795947,0.03472826262040527
1078,YPL235W YLL034C,0.0,NA,1.8748198549189965e-09,2850,29962,1079,0,0.11593048301909062,0.08685846641472632,1.0,0.9652395219226185,0.03476047807738153
1079,YDR425W YGL257C,0.0,NA,1.8891674891108323e-09,2850,29961,1080,0,0.11595998937771089,0.08686111365090976,1.0,0.9652073064656422,0.03479269353435779
1080,YIL097W YBR210W,0.0,NA,1.895711587707183e-09,2850,29960,1081,0,0.11598949573633117,0.08686376104846083,1.0,0.9651750910086659,0.034824908991334044
1081,YMR013C YGR138C,0.0,NA,1.9086092706288582e-09,2850,29959,1082,0,0.11601900209495146,0.08686640860739431,1.0,0.9651428755516896,0.0348571244483103
1082,YAL054C YPL203W,0.0,NA,1.9088060021488218e-09,2850,29958,1083,0,0.11604850845357174,0.08686905632772494,1.0,0.9651106600947135,0.03488933990528656
1083,YLR397C YJL207C,0.0,NA,1.921407921656737e-09,2850,29957,1084,0,0.11607801481219203,0.08687170420946749,1.0,0.9650784446377372,0.03492155536226282
1084,YGL135W YNL130C,0.0,NA,1.9237291759566233e-09,2850,29956,1085,0,0.11610752117081231,0.08687435225263672,1.0,0.9650462291807609,0.03495377081923907
1085,YIL045W YLR240W,0.0,NA,1.9416925844950583e-09,2850,29955,1086,0,0.1161370275294326,0.08687700045724737,1.0,0.9650140137237847,0.034985986276215325
1086,YOR134W YER144C,0.0,NA,1.955477557658014e-09,2850,29954,1087,0,0.11616653388805287,0.08687964882331423,1.0,0.9649817982668084,0.03501820173319158
1087,YFL011W YJR103W,0.0,NA,1.9735342249305177e-09,2850,29953,1088,0,0.11619604024667315,0.08688229735085205,1.0,0.9649495828098321,0.03505041719016784
1088,YBL087C YGR083C,0.0,NA,1.9758807923153654e-09,2850,29952,1089,0,0.11622554660529344,0.08688494603987562,1.0,0.9649173673528559,0.0350826326471441
1089,YNL299W YOR098C,0.0,NA,2.0206281092782774e-09,2850,29951,1090,0,0.11625505296391372,0.08688759489039968,1.0,0.9648851518958796,0.035114848104120355
1090,YOR307C YOR185C,0.0,NA,2.031262269497347e-09,2850,29950,1091,0,0.11628455932253401,0.08689024390243902,1.0,0.9648529364389034,0.03514706356109661
1091,YDR184C YGR261C,0.0,NA,2.03442240831464e-09,2850,29949,1092,0,0.1163140656811543,0.08689289307600842,1.0,0.9648207209819272,0.03517927901807287
1092,YNL326C YKL103C,0.0,NA,2.039741486825619e-09,2850,29948,1093,0,0.11634357203977456,0.08689554241112263,1.0,0.9647885055249509,0.03521149447504913
1093,YGR138C YDL167C,0.0,NA,2.0420032331713855e-09,2850,29947,1094,0,0.11637307839839485,0.08689819190779645,1.0,0.9647562900679746,0.035243709932025385
1094,YGR178C YOL001W,0.0,NA,2.0844397319308428e-09,2850,29946,1095,0,0.11640258475701513,0.08690084156604463,1.0,0.9647240746109984,0.03527592538900164
1095,YBR298C YER040W,0.0,NA,2.089208139821608e-09,2850,29945,1096,0,0.11643209111563542,0.08690349138588199,1.0,0.9646918591540221,0.0353081408459779
1096,YOR145C YIR027C,0.0,NA,2.1145327711025175e-09,2850,29944,1097,0,0.1164615974742557,0.08690614136732329,1.0,0.9646596436970458,0.03534035630295416
1097,YPL249C YJL052W,0.0,NA,2.1202515299023617e-09,2850,29943,1098,0,0.11649110383287599,0.08690879151038332,1.0,0.9646274282400696,0.035372571759930416
1098,YDR151C YOR078W,0.0,NA,2.121598452475837e-09,2850,29942,1099,0,0.11652061019149627,0.08691144181507685,1.0,0.9645952127830933,0.03540478721690667
1099,YDL059C YMR081C,0.0,NA,2.127397147333454e-09,2850,29941,1100,0,0.11655011655011654,0.08691409228141868,1.0,0.964562997326117,0.03543700267388293
1100,YOR063W YFL058W,0.0,NA,2.1315480491779226e-09,2850,29940,1101,0,0.11657962290873683,0.08691674290942361,1.0,0.9645307818691408,0.03546921813085919
1101,YBR073W YLR022C,0.0,NA,2.1565877972307135e-09,2850,29939,1102,0,0.11660912926735711,0.08691939369910641,1.0,0.9644985664121646,0.035501433587835446
1102,YCL008C YBR055C,0.0,NA,2.1573158814902627e-09,2850,29938,1103,0,0.1166386356259774,0.08692204465048188,1.0,0.9644663509551883,0.0355336490448117
1103,YLL022C YER103W,0.0,NA,2.2056629855882193e-09,2850,29937,1104,0,0.11666814198459768,0.08692469576356483,1.0,0.964434135498212,0.03556586450178796
1104,YNL312W YAL023C,0.0,NA,2.2117463416293504e-09,2850,29936,1105,0,0.11669764834321797,0.08692734703837003,1.0,0.9644019200412358,0.03559807995876421
1105,YKL213C YPL117C,0.0,NA,2.2136033006603384e-09,2850,29935,1106,0,0.11672715470183824,0.08692999847491231,1.0,0.9643697045842595,0.03563029541574047
1106,YBR004C YNL220W,0.0,NA,2.2222332862753547e-09,2850,29934,1107,0,0.11675666106045852,0.08693265007320644,1.0,0.9643374891272832,0.03566251087271673
1107,YBR067C YDR001C,0.0,NA,2.2249815323505118e-09,2850,29933,1108,0,0.11678616741907881,0.08693530183326724,1.0,0.964305273670307,0.035694726329692984
1108,YPL283C YFL026W,0.0,NA,2.2530344256921353e-09,2850,29932,1109,0,0.1168156737776991,0.08693795375510951,1.0,0.9642730582133308,0.03572694178666924
1109,YOL110W YER062C,0.0,NA,2.253219388848038e-09,2850,29931,1110,0,0.11684518013631938,0.08694060583874806,1.0,0.9642408427563545,0.0357591572436455
1110,YHR103W YHR075C,0.0,NA,2.2559543122468995e-09,2850,29930,1111,0,0.11687468649493966,0.08694325808419769,1.0,0.9642086272993783,0.03579137270062176
1111,YPL092W YKR034W,0.0,NA,2.2579775826869763e-09,2850,29929,1112,0,0.11690419285355995,0.0869459104914732,1.0,0.964176411842402,0.035823588157598014
1112,YER131W YBR098W,0.0,NA,2.264174847610434e-09,2850,29928,1113,0,0.11693369921218022,0.08694856306058941,1.0,0.9641441963854257,0.03585580361457427
1113,YGL194C YOR327C,0.0,NA,2.2659765175347957e-09,2850,29927,1114,0,0.1169632055708005,0.08695121579156116,1.0,0.9641119809284495,0.03588801907155053
1114,YKR081C YOL039W,0.0,NA,2.2735482385627392e-09,2850,29926,1115,0,0.11699271192942079,0.08695386868440322,1.0,0.9640797654714732,0.03592023452852679
1115,YOR328W YBR011C,0.0,NA,2.2906632146657557e-09,2850,29925,1116,0,0.11702221828804107,0.08695652173913043,1.0,0.9640475500144969,0.035952449985503045
1116,YOR026W YNL111C,0.0,NA,2.3266206738981055e-09,2850,29924,1117,0,0.11705172464666136,0.08695917495575761,1.0,0.9640153345575208,0.0359846654424793
1117,YJR158W YKR099W,0.0,NA,2.335753368498672e-09,2850,29923,1118,0,0.11708123100528164,0.08696182833429958,1.0,0.9639831191005445,0.03601688089945556
1118,YOL156W YBL064C,0.0,NA,2.3441573127058746e-09,2850,29922,1119,0,0.11711073736390192,0.08696448187477114,1.0,0.9639509036435682,0.03604909635643182
1119,YOR340C YDL106C,0.0,NA,2.3706363538877895e-09,2850,29921,1120,0,0.1171402437225222,0.08696713557718715,1.0,0.9639186881865919,0.036081311813408075
1120,YDR436W YBR055C,0.0,NA,2.3760957645890812e-09,2850,29920,1121,0,0.11716975008114248,0.0869697894415624,1.0,0.9638864727296157,0.03611352727038433
1121,YBR249C YIL014W,0.0,NA,2.4053841141125076e-09,2850,29919,1122,0,0.11719925643976277,0.08697244346791175,1.0,0.9638542572726394,0.03614574272736059
1122,YAL060W YBR008C,0.0,NA,2.438709900687286e-09,2850,29918,1123,0,0.11722876279838305,0.08697509765625,1.0,0.9638220418156631,0.03617795818433685
1123,YOR295W YCR057C,0.0,NA,2.461083115079532e-09,2850,29917,1124,0,0.11725826915700334,0.086977752006592,1.0,0.9637898263586869,0.036210173641313105
1124,YGL136C YBR214W,0.0,NA,2.4741346749124205e-09,2850,29916,1125,0,0.11728777551562361,0.08698040651895257,1.0,0.9637576109017106,0.03624238909828936
1125,YDL193W YHR085W,0.0,NA,2.4745214766142e-09,2850,29915,1126,0,0.1173172818742439,0.08698306119334656,1.0,0.9637253954447343,0.03627460455526561
1126,YGR094W YKR097W,0.0,NA,2.4877295778935604e-09,2850,29914,1127,0,0.11734678823286418,0.08698571602978879,1.0,0.9636931799877582,0.03630682001224187
1127,YGL044C YDR183W,0.0,NA,2.4939483811436958e-09,2850,29913,1128,0,0.11737629459148446,0.08698837102829411,1.0,0.9636609645307819,0.03633903546921813
1128,YCL054W YMR197C,0.0,NA,2.502697382666952e-09,2850,29912,1129,0,0.11740580095010475,0.08699102618887736,1.0,0.9636287490738056,0.036371250926194386
1129,YBR231C YNL248C,0.0,NA,2.5367570266610073e-09,2850,29911,1130,0,0.11743530730872503,0.08699368151155337,1.0,0.9635965336168294,0.03640346638317064
1130,YKR025W YHR196W,0.0,NA,2.5555899618723288e-09,2850,29910,1131,0,0.11746481366734532,0.08699633699633699,1.0,0.9635643181598531,0.0364356818401469
1131,YLR354C YMR175W,0.0,NA,2.5574575790443532e-09,2850,29909,1132,0,0.11749432002596559,0.08699899264324308,1.0,0.9635321027028768,0.03646789729712316
1132,YOR185C YML121W,0.0,NA,2.5583897222958285e-09,2850,29908,1133,0,0.11752382638458587,0.08700164845228646,1.0,0.9634998872459006,0.036500112754099416
1133,YPL211W YOR173W,0.0,NA,2.558794509610607e-09,2850,29907,1134,0,0.11755333274320616,0.087004304423482,1.0,0.9634676717889243,0.036532328211075674
1134,YOR253W YBR154C,0.0,NA,2.5605424447405767e-09,2850,29906,1135,0,0.11758283910182644,0.08700696055684455,1.0,0.963435456331948,0.03656454366805193
1135,YDR451C YMR131C,0.0,NA,2.5672419745603747e-09,2850,29905,1136,0,0.11761234546044673,0.08700961685238895,1.0,0.9634032408749719,0.03659675912502819
1136,YFR010W YOR339C,0.0,NA,2.579763735965912e-09,2850,29904,1137,0,0.11764185181906701,0.08701227331013006,1.0,0.9633710254179956,0.036628974582004446
1137,YNL070W YCL044C,0.0,NA,2.5930932956441666e-09,2850,29903,1138,0,0.11767135817768729,0.08701492993008274,1.0,0.9633388099610193,0.036661190038980704
1138,YOL144W YOL052C-A,0.0,NA,2.5952999749279115e-09,2850,29902,1139,0,0.11770086453630757,0.08701758671226184,1.0,0.963306594504043,0.03669340549595696
1139,YAL015C YPR069C,0.0,NA,2.6052642265739223e-09,2850,29901,1140,0,0.11773037089492785,0.08702024365668223,1.0,0.9632743790470668,0.03672562095293322
1140,YDL143W YIL079C,0.0,NA,2.6153810228635166e-09,2850,29900,1141,0,0.11775987725354814,0.08702290076335878,1.0,0.9632421635900905,0.036757836409909476
1141,YDL222C YNL240C,0.0,NA,2.6182007673014596e-09,2850,29899,1142,0,0.11778938361216842,0.08702555803230633,1.0,0.9632099481331142,0.036790051866885734
1142,YDR064W YCR105W,0.0,NA,2.6239552752826967e-09,2850,29898,1143,0,0.11781888997078871,0.08702821546353975,1.0,0.963177732676138,0.03682226732386199
1143,YGL043W YLR245C,0.0,NA,2.64544830486102e-09,2850,29897,1144,0,0.117848396329409,0.08703087305707392,1.0,0.9631455172191618,0.03685448278083825
1144,YOR137C YML004C,0.0,NA,2.6692394961003174e-09,2850,29896,1145,0,0.11787790268802927,0.08703353081292371,1.0,0.9631133017621855,0.03688669823781451
1145,YPL058C YPL049C,0.0,NA,2.685089484089076e-09,2850,29895,1146,0,0.11790740904664955,0.08703618873110398,1.0,0.9630810863052093,0.03691891369479076
1146,YHL015W YDR516C,0.0,NA,2.7086324294600672e-09,2850,29894,1147,0,0.11793691540526983,0.08703884681162961,1.0,0.963048870848233,0.036951129151767015
1147,YPL086C YKL034W,0.0,NA,2.7182902595512815e-09,2850,29893,1148,0,0.11796642176389012,0.08704150505451547,1.0,0.9630166553912567,0.03698334460874327
1148,YJR147W YLR258W,0.0,NA,2.7237343491748334e-09,2850,29892,1149,0,0.1179959281225104,0.08704416345977643,1.0,0.9629844399342805,0.03701556006571953
1149,YJR035W YIL103W,0.0,NA,2.7270770086573748e-09,2850,29891,1150,0,0.11802543448113069,0.08704682202742739,1.0,0.9629522244773042,0.03704777552269579
1150,YOR322C YOR340C,0.0,NA,2.7412145886529515e-09,2850,29890,1151,0,0.11805494083975096,0.0870494807574832,1.0,0.9629200090203279,0.037079990979672045
1151,YPR184W YKR072C,0.0,NA,2.758312467321389e-09,2850,29889,1152,0,0.11808444719837125,0.08705213964995877,1.0,0.9628877935633517,0.0371122064366483
1152,YOR100C YDL143W,0.0,NA,2.768992146684468e-09,2850,29888,1153,0,0.11811395355699153,0.08705479870486896,1.0,0.9628555781063755,0.03714442189362456
1153,YLR134W YNL027W,0.0,NA,2.7818396475254303e-09,2850,29887,1154,0,0.11814345991561181,0.08705745792222867,1.0,0.9628233626493992,0.03717663735060082
1154,YDL222C YBL082C,0.0,NA,2.802096998877346e-09,2850,29886,1155,0,0.1181729662742321,0.08706011730205279,1.0,0.9627911471924229,0.037208852807577075
1155,YLR367W YDR078C,0.0,NA,2.8077518088309716e-09,2850,29885,1156,0,0.11820247263285238,0.08706277684435619,1.0,0.9627589317354467,0.03724106826455333
1156,YLL046C YKL035W,0.0,NA,2.8131337259651445e-09,2850,29884,1157,0,0.11823197899147266,0.08706543654915379,1.0,0.9627267162784704,0.03727328372152959
1157,YLR181C YDR523C,0.0,NA,2.8202575830249543e-09,2850,29883,1158,0,0.11826148535009294,0.08706809641646045,1.0,0.9626945008214941,0.03730549917850585
1158,YIL046W YIL037C,0.0,NA,2.822361455656619e-09,2850,29882,1159,0,0.11829099170871323,0.08707075644629109,1.0,0.9626622853645179,0.037337714635482105
1159,YDR296W YCL044C,0.0,NA,2.8428055465212765e-09,2850,29881,1160,0,0.11832049806733351,0.0870734166386606,1.0,0.9626300699075416,0.03736993009245836
1160,YIR017C YHR166C,0.0,NA,2.851336722287101e-09,2850,29880,1161,0,0.1183500044259538,0.08707607699358387,1.0,0.9625978544505653,0.03740214554943462
1161,YLR304C YCL044C,0.0,NA,2.876364924020436e-09,2850,29879,1162,0,0.11837951078457408,0.08707873751107581,1.0,0.9625656389935892,0.03743436100641088
1162,YPR138C YKL103C,0.0,NA,2.8967577225813557e-09,2850,29878,1163,0,0.11840901714319436,0.08708139819115131,1.0,0.9625334235366129,0.037466576463387136
1163,YGR161C YHR084W,0.0,NA,2.9199229700793694e-09,2850,29877,1164,0,0.11843852350181464,0.08708405903382528,1.0,0.9625012080796366,0.03749879192036339
1164,YLR397C YBR042C,0.0,NA,2.9205857732250706e-09,2850,29876,1165,0,0.11846802986043492,0.08708672003911264,1.0,0.9624689926226604,0.03753100737733965
1165,YMR170C YNL327W,0.0,NA,2.9573132831473004e-09,2850,29875,1166,0,0.1184975362190552,0.08708938120702826,1.0,0.9624367771656841,0.0375632228343159
1166,YLR189C YBL015W,0.0,NA,2.9589777295058184e-09,2850,29874,1167,0,0.11852704257767549,0.0870920425375871,1.0,0.9624045617087078,0.03759543829129216
1167,YOL017W YDR294C,0.0,NA,2.960925282735616e-09,2850,29873,1168,0,0.11855654893629577,0.08709470403080402,1.0,0.9623723462517316,0.037627653748268416
1168,YLL040C YDR091C,0.0,NA,2.961541012425073e-09,2850,29872,1169,0,0.11858605529491606,0.08709736568669396,1.0,0.9623401307947553,0.037659869205244674
1169,YOL067C YML006C,0.0,NA,2.9657241107372556e-09,2850,29871,1170,0,0.11861556165353633,0.08710002750527185,1.0,0.962307915337779,0.03769208466222093
1170,YMR121C YKL122C,0.0,NA,2.9680442548141173e-09,2850,29870,1171,0,0.11864506801215662,0.08710268948655257,1.0,0.9622756998808029,0.03772430011919719
1171,YLR075W YOR388C,0.0,NA,3.0173843423852986e-09,2850,29869,1172,0,0.1186745743707769,0.08710535163055105,1.0,0.9622434844238266,0.03775651557617345
1172,YNR013C YDR072C,0.0,NA,3.0282005791804067e-09,2850,29868,1173,0,0.11870408072939719,0.08710801393728224,1.0,0.9622112689668503,0.037788731033149704
1173,YGR245C YOR080W,0.0,NA,3.0401048345396475e-09,2850,29867,1174,0,0.11873358708801747,0.08711067640676101,1.0,0.962179053509874,0.03782094649012596
1174,YNL128W YLR251W,0.0,NA,3.0742393075655627e-09,2850,29866,1175,0,0.11876309344663775,0.08711333903900233,1.0,0.9621468380528978,0.03785316194710222
1175,YBR169C YDR507C,0.0,NA,3.087673228208132e-09,2850,29865,1176,0,0.11879259980525804,0.08711600183402109,1.0,0.9621146225959215,0.03788537740407848
1176,YMR044W YNR013C,0.0,NA,3.122711422776092e-09,2850,29864,1177,0,0.11882210616387831,0.08711866479183224,1.0,0.9620824071389452,0.037917592861054734
1177,YPL242C YLR154C,0.0,NA,3.1255715793321315e-09,2850,29863,1178,0,0.1188516125224986,0.08712132791245071,1.0,0.962050191681969,0.03794980831803099
1178,YOR185C YGR172C,0.0,NA,3.1513716081121856e-09,2850,29862,1179,0,0.11888111888111888,0.08712399119589141,1.0,0.9620179762249927,0.03798202377500725
1179,YBR049C YLR258W,0.0,NA,3.172159201980662e-09,2850,29861,1180,0,0.11891062523973916,0.0871266546421693,1.0,0.9619857607680165,0.03801423923198351
1180,YDL216C YCL067C,0.0,NA,3.185352204226888e-09,2850,29860,1181,0,0.11894013159835945,0.0871293182512993,1.0,0.9619535453110403,0.038046454688959765
1181,YMR135C YOR058C,0.0,NA,3.2076847844564327e-09,2850,29859,1182,0,0.11896963795697973,0.08713198202329633,1.0,0.961921329854064,0.03807867014593602
1182,YGR208W YAL036C,0.0,NA,3.2105433867002375e-09,2850,29858,1183,0,0.1189991443156,0.08713464595817537,1.0,0.9618891143970877,0.03811088560291228
1183,YMR061W YDR486C,0.0,NA,3.2128710802936666e-09,2850,29857,1184,0,0.11902865067422029,0.08713731005595132,1.0,0.9618568989401115,0.03814310105988854
1184,YDR385W YCL037C,0.0,NA,3.2186182608029412e-09,2850,29856,1185,0,0.11905815703284058,0.08713997431663915,1.0,0.9618246834831352,0.038175316516864795
1185,YPL092W YGL003C,0.0,NA,3.2424334328595705e-09,2850,29855,1186,0,0.11908766339146086,0.08714263874025378,1.0,0.9617924680261589,0.03820753197384105
1186,YCR028C YOR124C,0.0,NA,3.2437572627941336e-09,2850,29854,1187,0,0.11911716975008114,0.08714530332681017,1.0,0.9617602525691827,0.0382397474308173
1187,YHL043W YKR059W,0.0,NA,3.269672310679539e-09,2850,29853,1188,0,0.11914667610870143,0.08714796807632327,1.0,0.9617280371122064,0.03827196288779356
1188,YJL103C YGL006W,0.0,NA,3.290141492584553e-09,2850,29852,1189,0,0.11917618246732171,0.08715063298880803,1.0,0.9616958216552302,0.03830417834476982
1189,YJL020C YBL093C,0.0,NA,3.2994926790763657e-09,2850,29851,1190,0,0.11920568882594199,0.08715329806427938,1.0,0.961663606198254,0.038336393801746076
1190,YGL018C YOL011W,0.0,NA,3.3045437497492003e-09,2850,29850,1191,0,0.11923519518456227,0.0871559633027523,1.0,0.9616313907412777,0.03836860925872233
1191,YNL097C YBR156C,0.0,NA,3.3219476058832242e-09,2850,29849,1192,0,0.11926470154318256,0.08715862870424172,1.0,0.9615991752843014,0.03840082471569859
1192,YGL205W YOR226C,0.0,NA,3.3280864730755866e-09,2850,29848,1193,0,0.11929420790180284,0.08716129426876261,1.0,0.9615669598273251,0.03843304017267485
1193,YFL011W YDR421W,0.0,NA,3.3376856833911006e-09,2850,29847,1194,0,0.11932371426042312,0.08716395999632993,1.0,0.9615347443703489,0.038465255629651106
1194,YNL030W YEL018W,0.0,NA,3.342903509562234e-09,2850,29846,1195,0,0.11935322061904341,0.08716662588695864,1.0,0.9615025289133726,0.03849747108662736
1195,YIL019W YLR121C,0.0,NA,3.3514648833943284e-09,2850,29845,1196,0,0.11938272697766368,0.08716929194066371,1.0,0.9614703134563963,0.03852968654360362
1196,YBR156C YJL186W,0.0,NA,3.370658196999443e-09,2850,29844,1197,0,0.11941223333628397,0.08717195815746008,1.0,0.9614380979994201,0.03856190200057988
1197,YGL141W YDR057W,0.0,NA,3.3737459492755306e-09,2850,29843,1198,0,0.11944173969490425,0.08717462453736274,1.0,0.9614058825424439,0.038594117457556136
1198,YPL147W YBR086C,0.0,NA,3.3809284261110406e-09,2850,29842,1199,0,0.11947124605352454,0.08717729108038665,1.0,0.9613736670854676,0.038626332914532394
1199,YER054C YDL175C,0.0,NA,3.393455294542491e-09,2850,29841,1200,0,0.11950075241214482,0.08717995778654676,1.0,0.9613414516284914,0.03865854837150865
1200,YNL078W YJL033W,0.0,NA,3.4049698616200885e-09,2850,29840,1201,0,0.1195302587707651,0.08718262465585806,1.0,0.9613092361715151,0.03869076382848491
1201,YPR154W YOR002W,0.0,NA,3.4069904675249063e-09,2850,29839,1202,0,0.11955976512938538,0.08718529168833553,1.0,0.9612770207145388,0.038722979285461166
1202,YEL018W YJR090C,0.0,NA,3.4227201073377955e-09,2850,29838,1203,0,0.11958927148800566,0.08718795888399412,1.0,0.9612448052575626,0.038755194742437424
1203,YNL182C YDR471W,0.0,NA,3.43662764912267e-09,2850,29837,1204,0,0.11961877784662595,0.08719062624284885,1.0,0.9612125898005863,0.03878741019941368
1204,YCL054W YNL183C,0.0,NA,3.4472891208281453e-09,2850,29836,1205,0,0.11964828420524623,0.08719329376491464,1.0,0.96118037434361,0.03881962565638994
1205,YGL212W YGL073W,0.0,NA,3.466998244050501e-09,2850,29835,1206,0,0.11967779056386652,0.08719596145020651,1.0,0.9611481588866339,0.038851841113366196
1206,YGL151W YGR141W,0.0,NA,3.507752532883046e-09,2850,29834,1207,0,0.1197072969224868,0.08719862929873945,1.0,0.9611159434296576,0.03888405657034245
1207,YPL005W YBL068W,0.0,NA,3.564650130627456e-09,2850,29833,1208,0,0.11973680328110708,0.0872012973105284,1.0,0.9610837279726813,0.038916272027318705
1208,YDR478W YBR059C,0.0,NA,3.5979295098798048e-09,2850,29832,1209,0,0.11976630963972736,0.0872039654855884,1.0,0.9610515125157051,0.03894848748429496
1209,YLR088W YLL039C,0.0,NA,3.599659015307566e-09,2850,29831,1210,0,0.11979581599834764,0.0872066338239344,1.0,0.9610192970587288,0.03898070294127122
1210,YPL052W YPR094W,0.0,NA,3.6005312065157113e-09,2850,29830,1211,0,0.11982532235696793,0.0872093023255814,1.0,0.9609870816017525,0.03901291839824748
1211,YOR328W YFL022C,0.0,NA,3.601375864192846e-09,2850,29829,1212,0,0.11985482871558821,0.08721197099054438,1.0,0.9609548661447762,0.039045133855223735
1212,YHR075C YOR196C,0.0,NA,3.6884120202529402e-09,2850,29828,1213,0,0.1198843350742085,0.08721463981883837,1.0,0.9609226506878,0.03907734931219999
1213,YGL194C YFR019W,0.0,NA,3.6926073310183938e-09,2850,29827,1214,0,0.11991384143282878,0.08721730881047832,1.0,0.9608904352308237,0.03910956476917625
1214,YDL209C YBR026C,0.0,NA,3.6926495194933295e-09,2850,29826,1215,0,0.11994334779144905,0.08721997796547926,1.0,0.9608582197738474,0.03914178022615251
1215,YNR034W YCR091W,0.0,NA,3.6957568116946504e-09,2850,29825,1216,0,0.11997285415006934,0.08722264728385616,1.0,0.9608260043168713,0.039173995683128765
1216,YKL104C YJL153C,0.0,NA,3.7134570973762493e-09,2850,29824,1217,0,0.12000236050868962,0.08722531676562405,1.0,0.960793788859895,0.03920621114010502
1217,YNL292W YLR186W,0.0,NA,3.7145693188023188e-09,2850,29823,1218,0,0.1200318668673099,0.0872279864107979,1.0,0.9607615734029187,0.03923842659708128
1218,YMR072W YCL044C,0.0,NA,3.793587666223175e-09,2850,29822,1219,0,0.12006137322593019,0.08723065621939276,1.0,0.9607293579459425,0.03927064205405754
1219,YKL006W YNL067W,0.0,NA,3.79623710244914e-09,2850,29821,1220,0,0.12009087958455048,0.08723332619142359,1.0,0.9606971424889662,0.039302857511033795
1220,YBR126C YNL007C,0.0,NA,3.800518566521305e-09,2850,29820,1221,0,0.12012038594317076,0.08723599632690542,1.0,0.9606649270319899,0.03933507296801005
1221,YNR075W YGL035C,0.0,NA,3.810564308537323e-09,2850,29819,1222,0,0.12014989230179103,0.08723866662585325,1.0,0.9606327115750137,0.03936728842498631
1222,YEL018W YLR196W,0.0,NA,3.817817617601804e-09,2850,29818,1223,0,0.12017939866041132,0.0872413370882821,1.0,0.9606004961180374,0.03939950388196257
1223,YOL003C YPL211W,0.0,NA,3.824326189061367e-09,2850,29817,1224,0,0.1202089050190316,0.087244007714207,1.0,0.9605682806610611,0.039431719338938825
1224,YLR262C-A YGL184C,0.0,NA,3.834727202445265e-09,2850,29816,1225,0,0.12023841137765189,0.08724667850364293,1.0,0.960536065204085,0.03946393479591508
1225,YHR206W YPL126W,0.0,NA,3.845229912258219e-09,2850,29815,1226,0,0.12026791773627217,0.08724934945660492,1.0,0.9605038497471087,0.03949615025289134
1226,YIL133C YER102W,0.0,NA,3.856305941241089e-09,2850,29814,1227,0,0.12029742409489246,0.087252020573108,1.0,0.9604716342901324,0.03952836570986759
1227,YER096W YMR139W,0.0,NA,3.873518839014878e-09,2850,29813,1228,0,0.12032693045351273,0.0872546918531672,1.0,0.9604394188331562,0.03956058116684385
1228,YNR070W YMR139W,0.0,NA,3.87700760384746e-09,2850,29812,1229,0,0.12035643681213301,0.08725736329679751,1.0,0.9604072033761799,0.039592796623820106
1229,YLR309C YHR075C,0.0,NA,3.8906304844488204e-09,2850,29811,1230,0,0.1203859431707533,0.08726003490401396,1.0,0.9603749879192036,0.039625012080796364
1230,YKR034W YLL015W,0.0,NA,3.898222189491207e-09,2850,29810,1231,0,0.12041544952937358,0.0872627066748316,1.0,0.9603427724622273,0.03965722753777262
1231,YMR136W YMR208W,0.0,NA,3.934345293998831e-09,2850,29809,1232,0,0.12044495588799387,0.08726537860926543,1.0,0.9603105570052511,0.03968944299474888
1232,YPL188W YER052C,0.0,NA,3.955979099856677e-09,2850,29808,1233,0,0.12047446224661415,0.08726805070733051,1.0,0.9602783415482748,0.039721658451725136
1233,YLL050C YCR021C,0.0,NA,3.9681533614555065e-09,2850,29807,1234,0,0.12050396860523442,0.08727072296904186,1.0,0.9602461260912986,0.039753873908701394
1234,YNL061W YLR094C,0.0,NA,4.010313414681832e-09,2850,29806,1235,0,0.1205334749638547,0.0872733953944145,1.0,0.9602139106343224,0.03978608936567765
1235,YJR145C YOR108W,0.0,NA,4.0118819377710224e-09,2850,29805,1236,0,0.12056298132247499,0.08727606798346348,1.0,0.9601816951773461,0.03981830482265391
1236,YJR158W YGL136C,0.0,NA,4.018399391014782e-09,2850,29804,1237,0,0.12059248768109528,0.08727874073620383,1.0,0.9601494797203698,0.03985052027963017
1237,YCL039W YLR250W,0.0,NA,4.04473610160494e-09,2850,29803,1238,0,0.12062199403971556,0.0872814136526506,1.0,0.9601172642633936,0.039882735736606424
1238,YOL081W YIR017C,0.0,NA,4.049645507819832e-09,2850,29802,1239,0,0.12065150039833585,0.08728408673281882,1.0,0.9600850488064173,0.03991495119358268
1239,YLR406C YMR197C,0.0,NA,4.0644096976905075e-09,2850,29801,1240,0,0.12068100675695613,0.08728675997672353,1.0,0.960052833349441,0.03994716665055894
1240,YLR146C YML125C,0.0,NA,4.066325054452591e-09,2850,29800,1241,0,0.1207105131155764,0.08728943338437979,1.0,0.9600206178924648,0.0399793821075352
1241,YOR207C YHR075C,0.0,NA,4.0900651754327555e-09,2850,29799,1242,0,0.12074001947419669,0.08729210695580263,1.0,0.9599884024354886,0.040011597564511454
1242,YGR258C YNL080C,0.0,NA,4.107397089114784e-09,2850,29798,1243,0,0.12076952583281697,0.0872947806910071,1.0,0.9599561869785123,0.04004381302148771
1243,YKR059W YER073W,0.0,NA,4.111151419294856e-09,2850,29797,1244,0,0.12079903219143726,0.08729745459000827,1.0,0.9599239715215361,0.04007602847846397
1244,YLR432W YJR095W,0.0,NA,4.113198670552265e-09,2850,29796,1245,0,0.12082853855005754,0.08730012865282118,1.0,0.9598917560645598,0.04010824393544023
1245,YDL143W YNL008C,0.0,NA,4.145711773873018e-09,2850,29795,1246,0,0.12085804490867783,0.08730280287946086,1.0,0.9598595406075835,0.040140459392416485
1246,YGL194C YDL084W,0.0,NA,4.179980805929517e-09,2850,29794,1247,0,0.1208875512672981,0.08730547726994241,1.0,0.9598273251506073,0.040172674849392735
1247,YDL075W YGR088W,0.0,NA,4.189047331237816e-09,2850,29793,1248,0,0.12091705762591838,0.08730815182428085,1.0,0.959795109693631,0.04020489030636899
1248,YKR053C YOL135C,0.0,NA,4.1917327386897796e-09,2850,29792,1249,0,0.12094656398453867,0.08731082654249127,1.0,0.9597628942366547,0.04023710576334525
1249,YDL132W YLR383W,0.0,NA,4.205394699141607e-09,2850,29791,1250,0,0.12097607034315895,0.08731350142458871,1.0,0.9597306787796784,0.04026932122032151
1250,YIL168W YAL030W,0.0,NA,4.245141571601607e-09,2850,29790,1251,0,0.12100557670177924,0.08731617647058823,1.0,0.9596984633227023,0.040301536677297765
1251,YPL152W YMR143W,0.0,NA,4.245295670557425e-09,2850,29789,1252,0,0.12103508306039952,0.08731885168050492,1.0,0.959666247865726,0.04033375213427402
1252,YGL026C YEL011W,0.0,NA,4.260212627116289e-09,2850,29788,1253,0,0.1210645894190198,0.08732152705435382,1.0,0.9596340324087497,0.04036596759125028
1253,YGL104C YER045C,0.0,NA,4.261862418530882e-09,2850,29787,1254,0,0.12109409577764008,0.08732420259215001,1.0,0.9596018169517735,0.04039818304822654
1254,YLR189C YCR044C,0.0,NA,4.273934539611446e-09,2850,29786,1255,0,0.12112360213626036,0.08732687829390856,1.0,0.9595696014947972,0.040430398505202796
1255,YOR368W YOR178C,0.0,NA,4.295559019595885e-09,2850,29785,1256,0,0.12115310849488065,0.08732955415964455,1.0,0.9595373860378209,0.04046261396217905
1256,YPR093C YOL122C,0.0,NA,4.450083856966103e-09,2850,29784,1257,0,0.12118261485350093,0.08733223018937304,1.0,0.9595051705808447,0.04049482941915531
1257,YKL006W YOR212W,0.0,NA,4.51128245870791e-09,2850,29783,1258,0,0.12121212121212122,0.08733490638310912,1.0,0.9594729551238684,0.04052704487613157
1258,YNL307C YPL189W,0.0,NA,4.514828955137773e-09,2850,29782,1259,0,0.1212416275707415,0.08733758274086786,1.0,0.9594407396668921,0.040559260333107826
1259,YHR111W YJL153C,0.0,NA,4.525994246051823e-09,2850,29781,1260,0,0.12127113392936177,0.08734025926266434,1.0,0.959408524209916,0.04059147579008408
1260,YKR068C YCL038C,0.0,NA,4.528023733740838e-09,2850,29780,1261,0,0.12130064028798206,0.08734293594851364,1.0,0.9593763087529397,0.04062369124706034
1261,YER054C YDL028C,0.0,NA,4.556700794466906e-09,2850,29779,1262,0,0.12133014664660234,0.08734561279843084,1.0,0.9593440932959634,0.0406559067040366
1262,YIL168W YGL147C,0.0,NA,4.5626844524804255e-09,2850,29778,1263,0,0.12135965300522263,0.08734828981243103,1.0,0.9593118778389872,0.040688122161012856
1263,YKR024C YAR002C-A,0.0,NA,4.5721715302704524e-09,2850,29777,1264,0,0.12138915936384291,0.08735096699052931,1.0,0.9592796623820109,0.040720337617989114
1264,YGL252C YCR061W,0.0,NA,4.624725491453319e-09,2850,29776,1265,0,0.1214186657224632,0.08735364433274076,1.0,0.9592474469250346,0.04075255307496537
1265,YOR046C YNL085W,0.0,NA,4.665658970282038e-09,2850,29775,1266,0,0.12144817208108348,0.08735632183908046,1.0,0.9592152314680584,0.04078476853194163
1266,YEL060C YNL279W,0.0,NA,4.66805305521234e-09,2850,29774,1267,0,0.12147767843970375,0.08735899950956351,1.0,0.9591830160110821,0.040816983988917886
1267,YDR181C YDR001C,0.0,NA,4.7038035688729e-09,2850,29773,1268,0,0.12150718479832404,0.08736167734420501,1.0,0.9591508005541058,0.04084919944589414
1268,YJL048C YPL137C,0.0,NA,4.7560564375714875e-09,2850,29772,1269,0,0.12153669115694432,0.08736435534302005,1.0,0.9591185850971296,0.040881414902870394
1269,YBR006W YBL032W,0.0,NA,4.79872852565677e-09,2850,29771,1270,0,0.1215661975155646,0.08736703350602373,1.0,0.9590863696401534,0.04091363035984665
1270,YLR186W YHR101C,0.0,NA,4.816407717100901e-09,2850,29770,1271,0,0.12159570387418489,0.08736971183323115,1.0,0.9590541541831771,0.04094584581682291
1271,YML021C YPL093W,0.0,NA,4.825483568282607e-09,2850,29769,1272,0,0.12162521023280518,0.0873723903246574,1.0,0.9590219387262008,0.04097806127379917
1272,YHL001W YGR049W,0.0,NA,4.8476600511548895e-09,2850,29768,1273,0,0.12165471659142545,0.08737506898031762,1.0,0.9589897232692246,0.041010276730775425
1273,YOR046C YOR078W,0.0,NA,4.860622127011993e-09,2850,29767,1274,0,0.12168422295004573,0.08737774780022688,1.0,0.9589575078122483,0.04104249218775168
1274,YER102W YBR240C,0.0,NA,4.869976422128275e-09,2850,29766,1275,0,0.12171372930866602,0.08738042678440029,1.0,0.958925292355272,0.04107470764472794
1275,YLL062C YMR217W,0.0,NA,4.886612892107678e-09,2850,29765,1276,0,0.1217432356672863,0.08738310593285298,1.0,0.9588930768982958,0.0411069231017042
1276,YIL124W YOR250C,0.0,NA,4.922366070303497e-09,2850,29764,1277,0,0.12177274202590659,0.08738578524560005,1.0,0.9588608614413195,0.041139138558680455
1277,YLR347C YHR048W,0.0,NA,4.9608019914160195e-09,2850,29763,1278,0,0.12180224838452687,0.08738846472265661,1.0,0.9588286459843433,0.04117135401565671
1278,YDR294C YNL001W,0.0,NA,5.006256298401013e-09,2850,29762,1279,0,0.12183175474314714,0.08739114436403778,1.0,0.9587964305273671,0.04120356947263297
1279,YMR189W YDL148C,0.0,NA,5.01076558023783e-09,2850,29761,1280,0,0.12186126110176743,0.08739382416975867,1.0,0.9587642150703908,0.04123578492960923
1280,YGL135W YDR101C,0.0,NA,5.0491504310912205e-09,2850,29760,1281,0,0.12189076746038771,0.08739650413983441,1.0,0.9587319996134145,0.041268000386585485
1281,YLR245C YAL067C,0.0,NA,5.059320518085997e-09,2850,29759,1282,0,0.121920273819008,0.0873991842742801,1.0,0.9586997841564383,0.04130021584356174
1282,YBR143C YNL175C,0.0,NA,5.122454904693541e-09,2850,29758,1283,0,0.12194978017762828,0.08740186457311089,1.0,0.958667568699462,0.041332431300538
1283,YLR397C YDL131W,0.0,NA,5.126882918204956e-09,2850,29757,1284,0,0.12197928653624857,0.08740454503634189,1.0,0.9586353532424857,0.04136464675751426
1284,YLR448W YDR058C,0.0,NA,5.1279975821216794e-09,2850,29756,1285,0,0.12200879289486885,0.08740722566398822,1.0,0.9586031377855095,0.041396862214490515
1285,YHR136C YNL111C,0.0,NA,5.170080363825491e-09,2850,29755,1286,0,0.12203829925348912,0.08740990645606501,1.0,0.9585709223285332,0.04142907767146677
1286,YBR247C YOR025W,0.0,NA,5.202496655698496e-09,2850,29754,1287,0,0.1220678056121094,0.08741258741258741,1.0,0.958538706871557,0.04146129312844303
1287,YFL026W YHR101C,0.0,NA,5.286349580302385e-09,2850,29753,1288,0,0.12209731197072969,0.08741526853357053,1.0,0.9585064914145807,0.04149350858541928
1288,YHR028C YJR106W,0.0,NA,5.301920236178148e-09,2850,29752,1289,0,0.12212681832934998,0.0874179498190295,1.0,0.9584742759576045,0.04152572404239554
1289,YDL112W YPL256C,0.0,NA,5.3389803689185555e-09,2850,29751,1290,0,0.12215632468797026,0.08742063126897948,1.0,0.9584420605006282,0.041557939499371796
1290,YBR169C YPR094W,0.0,NA,5.388064217015653e-09,2850,29750,1291,0,0.12218583104659055,0.08742331288343558,1.0,0.9584098450436519,0.041590154956348054
1291,YGR094W YDL222C,0.0,NA,5.3921662690470384e-09,2850,29749,1292,0,0.12221533740521082,0.08742599466241295,1.0,0.9583776295866757,0.04162237041332431
1292,YMR309C YLR354C,0.0,NA,5.398320013227931e-09,2850,29748,1293,0,0.1222448437638311,0.08742867660592675,1.0,0.9583454141296994,0.04165458587030057
1293,YKR063C YKL139W,0.0,NA,5.415728754343263e-09,2850,29747,1294,0,0.12227435012245139,0.08743135871399209,1.0,0.9583131986727231,0.041686801327276826
1294,YDL111C YBL027W,0.0,NA,5.416079584819045e-09,2850,29746,1295,0,0.12230385648107167,0.08743404098662412,1.0,0.958280983215747,0.041719016784253084
1295,YDR019C YNL175C,0.0,NA,5.426699090094189e-09,2850,29745,1296,0,0.12233336283969196,0.08743672342383801,1.0,0.9582487677587707,0.04175123224122934
1296,YGL009C YMR180C,0.0,NA,5.436375349887612e-09,2850,29744,1297,0,0.12236286919831224,0.0874394060256489,1.0,0.9582165523017944,0.0417834476982056
1297,YKL109W YIL150C,0.0,NA,5.451691542646131e-09,2850,29743,1298,0,0.12239237555693253,0.08744208879207192,1.0,0.9581843368448182,0.041815663155181856
1298,YPL248C YPL249C,0.0,NA,5.459006136021571e-09,2850,29742,1299,0,0.1224218819155528,0.08744477172312223,1.0,0.9581521213878419,0.041847878612158114
1299,YHR103W YIL045W,0.0,NA,5.468781871798001e-09,2850,29741,1300,0,0.12245138827417308,0.08744745481881501,1.0,0.9581199059308656,0.04188009406913437
1300,YGL192W YLR353W,0.0,NA,5.475628395146259e-09,2850,29740,1301,0,0.12248089463279337,0.0874501380791654,1.0,0.9580876904738894,0.04191230952611063
1301,YDR123C YHR075C,0.0,NA,5.4876938548886756e-09,2850,29739,1302,0,0.12251040099141365,0.08745282150418852,1.0,0.9580554750169131,0.04194452498308689
1302,YLR433C YPL249C,0.0,NA,5.488290710786714e-09,2850,29738,1303,0,0.12253990735003394,0.0874555050938996,1.0,0.9580232595599368,0.041976740440063144
1303,YOR064C YMR014W,0.0,NA,5.544275261115672e-09,2850,29737,1304,0,0.12256941370865422,0.08745818884831374,1.0,0.9579910441029607,0.0420089558970394
1304,YFR015C YPL057C,0.0,NA,5.563915550510501e-09,2850,29736,1305,0,0.12259892006727449,0.08746087276744614,1.0,0.9579588286459844,0.04204117135401566
1305,YML113W YAL022C,0.0,NA,5.589550156059886e-09,2850,29735,1306,0,0.12262842642589478,0.08746355685131195,1.0,0.9579266131890081,0.04207338681099192
1306,YMR093W YGL043W,0.0,NA,5.591832330509305e-09,2850,29734,1307,0,0.12265793278451506,0.08746624109992635,1.0,0.9578943977320318,0.042105602267968174
1307,YER096W YPL011C,0.0,NA,5.633475907984575e-09,2850,29733,1308,0,0.12268743914313535,0.08746892551330449,1.0,0.9578621822750556,0.042137817724944425
1308,YFL014W YIL007C,0.0,NA,5.661071167395448e-09,2850,29732,1309,0,0.12271694550175563,0.08747161009146154,1.0,0.9578299668180793,0.04217003318192068
1309,YPL188W YML107C,0.0,NA,5.686731086029795e-09,2850,29731,1310,0,0.12274645186037592,0.0874742948344127,1.0,0.957797751361103,0.04220224863889694
1310,YOR294W YJL034W,0.0,NA,5.726622731572206e-09,2850,29730,1311,0,0.12277595821899619,0.08747697974217311,1.0,0.9577655359041268,0.0422344640958732
1311,YOR134W YFR024C-A,0.0,NA,5.726950025319866e-09,2850,29729,1312,0,0.12280546457761647,0.08747966481475797,1.0,0.9577333204471505,0.042266679552849455
1312,YIL101C YJL103C,0.0,NA,5.734908103960379e-09,2850,29728,1313,0,0.12283497093623676,0.08748235005218245,1.0,0.9577011049901742,0.04229889500982571
1313,YBL093C YGR197C,0.0,NA,5.739887232181218e-09,2850,29727,1314,0,0.12286447729485704,0.08748503545446173,1.0,0.9576688895331981,0.04233111046680197
1314,YDL132W YGL071W,0.0,NA,5.767784472254789e-09,2850,29726,1315,0,0.12289398365347733,0.087487721021611,1.0,0.9576366740762218,0.04236332592377823
1315,YHR019C YKL220C,0.0,NA,5.835707028722936e-09,2850,29725,1316,0,0.12292349001209761,0.08749040675364543,1.0,0.9576044586192455,0.042395541380754485
1316,YDR536W YLR028C,0.0,NA,5.839971617405126e-09,2850,29724,1317,0,0.1229529963707179,0.08749309265058022,1.0,0.9575722431622693,0.04242775683773074
1317,YDL167C YNL141W,0.0,NA,5.846346073923314e-09,2850,29723,1318,0,0.12298250272933817,0.08749577871243054,1.0,0.957540027705293,0.042459972294707
1318,YLR291C YDR091C,0.0,NA,5.8552069859274525e-09,2850,29722,1319,0,0.12301200908795845,0.0874984649392116,1.0,0.9575078122483167,0.04249218775168326
1319,YDR064W YER098W,0.0,NA,5.8621463239205696e-09,2850,29721,1320,0,0.12304151544657874,0.08750115133093857,1.0,0.9574755967913405,0.042524403208659516
1320,YOL097C YDL236W,0.0,NA,5.863555418983424e-09,2850,29720,1321,0,0.12307102180519902,0.08750383788762665,1.0,0.9574433813343642,0.04255661866563577
1321,YDR184C YER087C-B,0.0,NA,5.926599655481368e-09,2850,29719,1322,0,0.1231005281638193,0.08750652460929105,1.0,0.957411165877388,0.04258883412261203
1322,YBR126C YIL048W,0.0,NA,5.95615379239689e-09,2850,29718,1323,0,0.12313003452243959,0.08750921149594694,1.0,0.9573789504204118,0.04262104957958829
1323,YGR248W YNL259C,0.0,NA,6.001643626518671e-09,2850,29717,1324,0,0.12315954088105986,0.08751189854760955,1.0,0.9573467349634355,0.042653265036564546
1324,YPR129W YNL279W,0.0,NA,6.006144026571292e-09,2850,29716,1325,0,0.12318904723968015,0.08751458576429405,1.0,0.9573145195064592,0.0426854804935408
1325,YPL026C YOR074C,0.0,NA,6.013446185448856e-09,2850,29715,1326,0,0.12321855359830043,0.08751727314601566,1.0,0.9572823040494829,0.04271769595051706
1326,YCL008C YIL119C,0.0,NA,6.0574198990082095e-09,2850,29714,1327,0,0.12324805995692072,0.08751996069278958,1.0,0.9572500885925067,0.04274991140749332
1327,YGR154C YCL014W,0.0,NA,6.063095803199303e-09,2850,29713,1328,0,0.123277566315541,0.08752264840463102,1.0,0.9572178731355304,0.042782126864469576
1328,YFL056C YBR093C,0.0,NA,6.074670988454045e-09,2850,29712,1329,0,0.12330707267416129,0.08752533628155519,1.0,0.9571856576785541,0.04281434232144583
1329,YJL100W YMR177W,0.0,NA,6.0960276826449444e-09,2850,29711,1330,0,0.12333657903278157,0.08752802432357729,1.0,0.9571534422215779,0.042846557778422084
1330,YKL181W YDR481C,0.0,NA,6.145034703308738e-09,2850,29710,1331,0,0.12336608539140184,0.08753071253071253,1.0,0.9571212267646017,0.04287877323539834
1331,YDL141W YML023C,0.0,NA,6.2140443901625986e-09,2850,29709,1332,0,0.12339559175002213,0.08753340090297614,1.0,0.9570890113076254,0.0429109886923746
1332,YLR003C YGL089C,0.0,NA,6.234666560800406e-09,2850,29708,1333,0,0.12342509810864241,0.08753608944038331,1.0,0.9570567958506492,0.04294320414935086
1333,YKL004W YPL156C,0.0,NA,6.2379967857850716e-09,2850,29707,1334,0,0.1234546044672627,0.08753877814294929,1.0,0.9570245803936729,0.042975419606327114
1334,YPR184W YJR070C,0.0,NA,6.240531646994896e-09,2850,29706,1335,0,0.12348411082588298,0.08754146701068928,1.0,0.9569923649366966,0.04300763506330337
1335,YCR047C YIR001C,0.0,NA,6.258924489799256e-09,2850,29705,1336,0,0.12351361718450327,0.0875441560436185,1.0,0.9569601494797204,0.04303985052027963
1336,YBR057C YPR034W,0.0,NA,6.298432442264357e-09,2850,29704,1337,0,0.12354312354312354,0.08754684524175217,1.0,0.9569279340227441,0.04307206597725589
1337,YHL011C YEL012W,0.0,NA,6.3313745357618245e-09,2850,29703,1338,0,0.12357262990174382,0.08754953460510552,1.0,0.9568957185657678,0.043104281434232145
1338,YHR025W YOL025W,0.0,NA,6.345313607880598e-09,2850,29702,1339,0,0.1236021362603641,0.08755222413369378,1.0,0.9568635031087916,0.0431364968912084
1339,YIR011C YER065C,0.0,NA,6.377697925330494e-09,2850,29701,1340,0,0.12363164261898439,0.08755491382753218,1.0,0.9568312876518154,0.04316871234818466
1340,YBR093C YEL011W,0.0,NA,6.3811778083788795e-09,2850,29700,1341,0,0.12366114897760468,0.08755760368663594,1.0,0.9567990721948391,0.04320092780516092
1341,YNL128W YBR128C,0.0,NA,6.394348606164613e-09,2850,29699,1342,0,0.12369065533622496,0.08756029371102031,1.0,0.9567668567378629,0.043233143262137175
1342,YPL273W YDL209C,0.0,NA,6.478280134558645e-09,2850,29698,1343,0,0.12372016169484525,0.0875629839007005,1.0,0.9567346412808866,0.04326535871911343
1343,YLR367W YOR043W,0.0,NA,6.493955151398723e-09,2850,29697,1344,0,0.12374966805346552,0.08756567425569177,1.0,0.9567024258239103,0.04329757417608969
1344,YNR008W YDL222C,0.0,NA,6.526774232185062e-09,2850,29696,1345,0,0.1237791744120858,0.08756836477600934,1.0,0.956670210366934,0.04332978963306595
1345,YAL060W YPL232W,0.0,NA,6.562813403832024e-09,2850,29695,1346,0,0.12380868077070609,0.08757105546166846,1.0,0.9566379949099578,0.043362005090042205
1346,YNL182C YDL135C,0.0,NA,6.607061564523065e-09,2850,29694,1347,0,0.12383818712932637,0.08757374631268437,1.0,0.9566057794529815,0.04339422054701846
1347,YJL141C YJL060W,0.0,NA,6.6181478075577616e-09,2850,29693,1348,0,0.12386769348794666,0.0875764373290723,1.0,0.9565735639960052,0.04342643600399472
1348,YKR039W YDL079C,0.0,NA,6.637578042756331e-09,2850,29692,1349,0,0.12389719984656694,0.08757912851084752,1.0,0.9565413485390291,0.04345865146097097
1349,YMR292W YER081W,0.0,NA,6.732505219986251e-09,2850,29691,1350,0,0.12392670620518721,0.08758181985802527,1.0,0.9565091330820528,0.04349086691794723
1350,YAL013W YLL012W,0.0,NA,6.772637561880401e-09,2850,29690,1351,0,0.1239562125638075,0.08758451137062077,1.0,0.9564769176250765,0.043523082374923486
1351,YMR318C YGR013W,0.0,NA,6.780560557473336e-09,2850,29689,1352,0,0.12398571892242778,0.08758720304864931,1.0,0.9564447021681003,0.04355529783189974
1352,YOR084W YJL129C,0.0,NA,6.811982977694697e-09,2850,29688,1353,0,0.12401522528104807,0.08758989489212612,1.0,0.956412486711124,0.043587513288876
1353,YJL212C YLR024C,0.0,NA,6.8131518204950225e-09,2850,29687,1354,0,0.12404473163966835,0.08759258690106647,1.0,0.9563802712541477,0.04361972874585226
1354,YDL191W YOL039W,0.0,NA,6.815881636867971e-09,2850,29686,1355,0,0.12407423799828864,0.08759527907548562,1.0,0.9563480557971715,0.043651944202828516
1355,YPR143W YFL047W,0.0,NA,6.822411080520396e-09,2850,29685,1356,0,0.12410374435690891,0.0875979714153988,1.0,0.9563158403401952,0.043684159659804774
1356,YLR370C YCL044C,0.0,NA,6.829663057317248e-09,2850,29684,1357,0,0.12413325071552919,0.08760066392082129,1.0,0.9562836248832189,0.04371637511678103
1357,YKR053C YNR049C,0.0,NA,6.841175181904191e-09,2850,29683,1358,0,0.12416275707414948,0.08760335659176836,1.0,0.9562514094262428,0.04374859057375729
1358,YLL061W YJL053W,0.0,NA,6.870334967601366e-09,2850,29682,1359,0,0.12419226343276976,0.08760604942825526,1.0,0.9562191939692665,0.043780806030733546
1359,YOR185C YML008C,0.0,NA,6.876759606200267e-09,2850,29681,1360,0,0.12422176979139005,0.08760874243029726,1.0,0.9561869785122902,0.043813021487709804
1360,YKR056W YMR264W,0.0,NA,6.8849228540557306e-09,2850,29680,1361,0,0.12425127615001033,0.08761143559790963,1.0,0.956154763055314,0.04384523694468606
1361,YML114C YNL012W,0.0,NA,6.889493864292717e-09,2850,29679,1362,0,0.12428078250863062,0.08761412893110762,1.0,0.9561225475983377,0.04387745240166232
1362,YLR119W YPL026C,0.0,NA,6.903832172611146e-09,2850,29678,1363,0,0.12431028886725089,0.08761682242990654,1.0,0.9560903321413614,0.043909667858638576
1363,YML100W YOL063C,0.0,NA,6.9183325734911705e-09,2850,29677,1364,0,0.12433979522587117,0.08761951609432164,1.0,0.9560581166843851,0.043941883315614834
1364,YPL273W YNR009W,0.0,NA,6.9374923583609416e-09,2850,29676,1365,0,0.12436930158449146,0.0876222099243682,1.0,0.9560259012274089,0.04397409877259109
1365,YER035W YBL008W,0.0,NA,6.956360820709051e-09,2850,29675,1366,0,0.12439880794311174,0.08762490392006149,1.0,0.9559936857704326,0.04400631422956735
1366,YDR004W YNL059C,0.0,NA,7.010024116738123e-09,2850,29674,1367,0,0.12442831430173203,0.0876275980814168,1.0,0.9559614703134564,0.04403852968654361
1367,YIL021W YDR256C,0.0,NA,7.0132206708706235e-09,2850,29673,1368,0,0.12445782066035231,0.08763029240844941,1.0,0.9559292548564802,0.044070745143519864
1368,YGL248W YDR263C,0.0,NA,7.033166493641829e-09,2850,29672,1369,0,0.12448732701897258,0.08763298690117459,1.0,0.9558970393995039,0.044102960600496115
1369,YAL025C YMR001C,0.0,NA,7.05434022307827e-09,2850,29671,1370,0,0.12451683337759287,0.08763568155960764,1.0,0.9558648239425276,0.04413517605747237
1370,YDL112W YDR364C,0.0,NA,7.080491304378711e-09,2850,29670,1371,0,0.12454633973621315,0.08763837638376384,1.0,0.9558326084855514,0.04416739151444863
1371,YKR056W YDR384C,0.0,NA,7.1588863725935425e-09,2850,29669,1372,0,0.12457584609483344,0.08764107137365848,1.0,0.9558003930285751,0.04419960697142489
1372,YCL044C YOR211C,0.0,NA,7.193625251034064e-09,2850,29668,1373,0,0.12460535245345372,0.08764376652930685,1.0,0.9557681775715988,0.044231822428401145
1373,YCR031C YDR273W,0.0,NA,7.20480297644599e-09,2850,29667,1374,0,0.124634858812074,0.08764646185072424,1.0,0.9557359621146226,0.0442640378853774
1374,YCL054W YHL027W,0.0,NA,7.227154874556163e-09,2850,29666,1375,0,0.12466436517069429,0.08764915733792594,1.0,0.9557037466576463,0.04429625334235366
1375,YDL239C YNL202W,0.0,NA,7.248524891423358e-09,2850,29665,1376,0,0.12469387152931456,0.08765185299092726,1.0,0.95567153120067,0.04432846879932992
1376,YCL037C YOR173W,0.0,NA,7.271040214362756e-09,2850,29664,1377,0,0.12472337788793485,0.0876545488097435,1.0,0.9556393157436939,0.044360684256306175
1377,YML038C YNL277W,0.0,NA,7.311760530370748e-09,2850,29663,1378,0,0.12475288424655513,0.08765724479438994,1.0,0.9556071002867176,0.04439289971328243
1378,YFR046C YOR027W,0.0,NA,7.337564333909086e-09,2850,29662,1379,0,0.12478239060517542,0.08765994094488189,1.0,0.9555748848297413,0.04442511517025869
1379,YNL145W YPR073C,0.0,NA,7.421975034560546e-09,2850,29661,1380,0,0.1248118969637957,0.08766263726123466,1.0,0.9555426693727651,0.04445733062723495
1380,YMR182C YKR019C,0.0,NA,7.43499661837177e-09,2850,29660,1381,0,0.12484140332241599,0.08766533374346355,1.0,0.9555104539157888,0.044489546084211205
1381,YNR075W YGR249W,0.0,NA,7.46929451622691e-09,2850,29659,1382,0,0.12487090968103626,0.08766803039158387,1.0,0.9554782384588125,0.04452176154118746
1382,YJR127C YPL274W,0.0,NA,7.475693841740849e-09,2850,29658,1383,0,0.12490041603965654,0.08767072720561092,1.0,0.9554460230018362,0.04455397699816372
1383,YKL174C YPR031W,0.0,NA,7.484354469511345e-09,2850,29657,1384,0,0.12492992239827683,0.08767342418556004,1.0,0.95541380754486,0.04458619245513998
1384,YHL015W YNR049C,0.0,NA,7.488523579013417e-09,2850,29656,1385,0,0.12495942875689711,0.0876761213314465,1.0,0.9553815920878838,0.044618407912116236
1385,YIL040W YMR194W,0.0,NA,7.539113333621117e-09,2850,29655,1386,0,0.1249889351155174,0.08767881864328565,1.0,0.9553493766309075,0.04465062336909249
1386,YDR425W YLR186W,0.0,NA,7.544838531714504e-09,2850,29654,1387,0,0.12501844147413768,0.08768151612109279,1.0,0.9553171611739313,0.04468283882606875
1387,YHR088W YIR026C,0.0,NA,7.547372504745908e-09,2850,29653,1388,0,0.12504794783275797,0.08768421376488324,1.0,0.955284945716955,0.04471505428304501
1388,YOL082W YAL051W,0.0,NA,7.566210769027748e-09,2850,29652,1389,0,0.12507745419137825,0.08768691157467233,1.0,0.9552527302599787,0.04474726974002126
1389,YGL136C YIR017C,0.0,NA,7.574758598138942e-09,2850,29651,1390,0,0.12510696054999854,0.08768960955047538,1.0,0.9552205148030025,0.044779485196997516
1390,YBR280C YLR381W,0.0,NA,7.612982244609157e-09,2850,29650,1391,0,0.12513646690861882,0.0876923076923077,1.0,0.9551882993460262,0.044811700653973774
1391,YFL030W YML023C,0.0,NA,7.641117072409997e-09,2850,29649,1392,0,0.12516597326723908,0.08769500600018462,1.0,0.9551560838890499,0.04484391611095003
1392,YNL322C YMR271C,0.0,NA,7.641218324749843e-09,2850,29648,1393,0,0.12519547962585936,0.08769770447412148,1.0,0.9551238684320738,0.04487613156792629
1393,YIL049W YEL040W,0.0,NA,7.641335564301244e-09,2850,29647,1394,0,0.12522498598447965,0.08770040311413362,1.0,0.9550916529750975,0.04490834702490255
1394,YOL081W YHR137W,0.0,NA,7.646248967319025e-09,2850,29646,1395,0,0.12525449234309993,0.08770310192023634,1.0,0.9550594375181212,0.044940562481878804
1395,YMR004W YPL270W,0.0,NA,7.650640121426022e-09,2850,29645,1396,0,0.12528399870172022,0.087705800892445,1.0,0.955027222061145,0.04497277793885506
1396,YNR043W YGL209W,0.0,NA,7.663404133495533e-09,2850,29644,1397,0,0.1253135050603405,0.08770850003077492,1.0,0.9549950066041687,0.04500499339583132
1397,YDL111C YLR251W,0.0,NA,7.680759139816473e-09,2850,29643,1398,0,0.1253430114189608,0.08771119933524144,1.0,0.9549627911471924,0.04503720885280758
1398,YIL131C YFL011W,0.0,NA,7.685009073554738e-09,2850,29642,1399,0,0.12537251777758107,0.0877138988058599,1.0,0.9549305756902162,0.045069424309783834
1399,YKL034W YPL089C,0.0,NA,7.710247551528937e-09,2850,29641,1400,0,0.12540202413620136,0.08771659844264565,1.0,0.9548983602332399,0.04510163976676009
1400,YLR372W YIL103W,0.0,NA,7.786045586044565e-09,2850,29640,1401,0,0.12543153049482164,0.08771929824561403,1.0,0.9548661447762636,0.04513385522373635
1401,YER103W YML103C,0.0,NA,7.838585780461926e-09,2850,29639,1402,0,0.12546103685344193,0.08772199821478038,1.0,0.9548339293192873,0.04516607068071261
1402,YOR134W YPL028W,0.0,NA,7.850855077151664e-09,2850,29638,1403,0,0.1254905432120622,0.08772469835016006,1.0,0.9548017138623112,0.045198286137688864
1403,YFR040W YOR386W,0.0,NA,7.852621664028447e-09,2850,29637,1404,0,0.1255200495706825,0.0877273986517684,1.0,0.9547694984053349,0.04523050159466512
1404,YPR143W YDR373W,0.0,NA,7.919949140955396e-09,2850,29636,1405,0,0.12554955592930275,0.08773009911962076,1.0,0.9547372829483586,0.04526271705164138
1405,YLR389C YLR009W,0.0,NA,7.923589784297747e-09,2850,29635,1406,0,0.12557906228792304,0.0877327997537325,1.0,0.9547050674913824,0.04529493250861764
1406,YAL058W YBL051C,0.0,NA,7.940595736499745e-09,2850,29634,1407,0,0.12560856864654332,0.08773550055411895,1.0,0.9546728520344061,0.045327147965593895
1407,YOR245C YMR009W,0.0,NA,8.012985830418984e-09,2850,29633,1408,0,0.1256380750051636,0.08773820152079549,1.0,0.9546406365774298,0.04535936342257015
1408,YFL014W YMR146C,0.0,NA,8.110967009145043e-09,2850,29632,1409,0,0.1256675813637839,0.08774090265377747,1.0,0.9546084211204536,0.04539157887954641
1409,YDL031W YCL039W,0.0,NA,8.122392536336065e-09,2850,29631,1410,0,0.12569708772240418,0.08774360395308026,1.0,0.9545762056634773,0.04542379433652266
1410,YLR205C YIL071C,0.0,NA,8.173070220607315e-09,2850,29630,1411,0,0.12572659408102446,0.08774630541871921,1.0,0.954543990206501,0.04545600979349892
1411,YMR180C YBR020W,0.0,NA,8.174971810603893e-09,2850,29629,1412,0,0.12575610043964475,0.08774900705070969,1.0,0.9545117747495249,0.045488225250475176
1412,YER054C YAL007C,0.0,NA,8.286732189333179e-09,2850,29628,1413,0,0.12578560679826503,0.08775170884906706,1.0,0.9544795592925486,0.04552044070745143
1413,YNL067W YBL034C,0.0,NA,8.31845170523593e-09,2850,29627,1414,0,0.12581511315688532,0.0877544108138067,1.0,0.9544473438355723,0.04555265616442769
1414,YOR208W YPL228W,0.0,NA,8.37594171798628e-09,2850,29626,1415,0,0.1258446195155056,0.08775711294494395,1.0,0.9544151283785961,0.04558487162140395
1415,YAL019W YLR319C,0.0,NA,8.426513709025585e-09,2850,29625,1416,0,0.1258741258741259,0.08775981524249422,1.0,0.9543829129216198,0.045617087078380206
1416,YER038C YGL094C,0.0,NA,8.436387588517391e-09,2850,29624,1417,0,0.12590363223274614,0.08776251770647286,1.0,0.9543506974646435,0.04564930253535646
1417,YDL082W YOL044W,0.0,NA,8.567885068089254e-09,2850,29623,1418,0,0.12593313859136643,0.08776522033689527,1.0,0.9543184820076672,0.04568151799233272
1418,YER045C YHR172W,0.0,NA,8.576763299572576e-09,2850,29622,1419,0,0.1259626449499867,0.08776792313377679,1.0,0.954286266550691,0.04571373344930898
1419,YPL048W YLL012W,0.0,NA,8.600172130002193e-09,2850,29621,1420,0,0.125992151308607,0.08777062609713282,1.0,0.9542540510937148,0.045745948906285236
1420,YKL096W YER167W,0.0,NA,8.636517279114742e-09,2850,29620,1421,0,0.12602165766722728,0.08777332922697875,1.0,0.9542218356367385,0.04577816436326149
1421,YNL113W YJR094W-A,0.0,NA,8.698678222174294e-09,2850,29619,1422,0,0.12605116402584757,0.08777603252332994,1.0,0.9541896201797623,0.04581037982023775
1422,YKL112W YGL078C,0.0,NA,8.711163346220019e-09,2850,29618,1423,0,0.12608067038446785,0.0877787359862018,1.0,0.954157404722786,0.04584259527721401
1423,YOR372C YBR169C,0.0,NA,8.71560068560484e-09,2850,29617,1424,0,0.12611017674308814,0.08778143961560969,1.0,0.9541251892658097,0.045874810734190266
1424,YGL251C YER131W,0.0,NA,8.725630884498514e-09,2850,29616,1425,0,0.12613968310170842,0.08778414341156902,1.0,0.9540929738088335,0.045907026191166524
1425,YKL004W YHR128W,0.0,NA,8.758779479478562e-09,2850,29615,1426,0,0.1261691894603287,0.08778684737409517,1.0,0.9540607583518572,0.04593924164814278
1426,YNL248C YIL079C,0.0,NA,8.810990159702214e-09,2850,29614,1427,0,0.126198695818949,0.08778955150320354,1.0,0.9540285428948809,0.04597145710511904
1427,YBR026C YMR135C,0.0,NA,8.973296772296635e-09,2850,29613,1428,0,0.12622820217756928,0.08779225579890952,1.0,0.9539963274379047,0.046003672562095296
1428,YCR028C YDL022W,0.0,NA,9.049006877148713e-09,2850,29612,1429,0,0.12625770853618956,0.08779496026122852,1.0,0.9539641119809285,0.046035888019071554
1429,YBR154C YPL024W,0.0,NA,9.06719943571943e-09,2850,29611,1430,0,0.12628721489480982,0.0877976648901759,1.0,0.9539318965239522,0.046068103476047804
1430,YOR134W YOL049W,0.0,NA,9.088184427241686e-09,2850,29610,1431,0,0.1263167212534301,0.0878003696857671,1.0,0.953899681066976,0.04610031893302406
1431,YHR161C YMR217W,0.0,NA,9.095676212211856e-09,2850,29609,1432,0,0.1263462276120504,0.0878030746480175,1.0,0.9538674656099997,0.04613253439000032
1432,YLR055C YNL240C,0.0,NA,9.137147038984494e-09,2850,29608,1433,0,0.12637573397067067,0.08780577977694251,1.0,0.9538352501530234,0.04616474984697658
1433,YOR136W YOR168W,0.0,NA,9.143771961817038e-09,2850,29607,1434,0,0.12640524032929096,0.08780848507255753,1.0,0.9538030346960472,0.046196965303952835
1434,YPL119C YHR084W,0.0,NA,9.219091268164448e-09,2850,29606,1435,0,0.12643474668791124,0.08781119053487799,1.0,0.9537708192390709,0.04622918076092909
1435,YOR245C YNL271C,0.0,NA,9.228661390636717e-09,2850,29605,1436,0,0.12646425304653153,0.08781389616391927,1.0,0.9537386037820946,0.04626139621790535
1436,YLR318W YDL223C,0.0,NA,9.252244304036594e-09,2850,29604,1437,0,0.1264937594051518,0.0878166019596968,1.0,0.9537063883251183,0.04629361167488161
1437,YHR139C YBR105C,0.0,NA,9.294853775543288e-09,2850,29603,1438,0,0.1265232657637721,0.08781930792222599,1.0,0.9536741728681422,0.046325827131857865
1438,YPL092W YLR305C,0.0,NA,9.311853510496348e-09,2850,29602,1439,0,0.12655277212239238,0.08782201405152225,1.0,0.9536419574111659,0.04635804258883412
1439,YDR403W YKR031C,0.0,NA,9.326250882679687e-09,2850,29601,1440,0,0.12658227848101267,0.087824720347601,1.0,0.9536097419541896,0.04639025804581038
1440,YBL005W YDL022W,0.0,NA,9.343753326618298e-09,2850,29600,1441,0,0.12661178483963295,0.08782742681047766,1.0,0.9535775264972134,0.04642247350278664
1441,YJL001W YDL132W,0.0,NA,9.34635568938802e-09,2850,29599,1442,0,0.12664129119825324,0.08783013344016764,1.0,0.9535453110402371,0.046454688959762895
1442,YBR234C YCL044C,0.0,NA,9.360377362099825e-09,2850,29598,1443,0,0.1266707975568735,0.08783284023668639,1.0,0.9535130955832608,0.04648690441673915
1443,YGL139W YBR066C,0.0,NA,9.365324515897555e-09,2850,29597,1444,0,0.12670030391549378,0.08783554720004931,1.0,0.9534808801262846,0.04651911987371541
1444,YDR350C YBR215W,0.0,NA,9.397246536479997e-09,2850,29596,1445,0,0.12672981027411406,0.08783825433027184,1.0,0.9534486646693083,0.04655133533069167
1445,YPR154W YER147C,0.0,NA,9.419534485743952e-09,2850,29595,1446,0,0.12675931663273435,0.08784096162736939,1.0,0.953416449212332,0.046583550787667925
1446,YOR351C YER131W,0.0,NA,9.462301164830933e-09,2850,29594,1447,0,0.12678882299135463,0.08784366909135742,1.0,0.9533842337553559,0.04661576624464418
1447,YPR154W YDR354W,0.0,NA,9.48132417022407e-09,2850,29593,1448,0,0.12681832934997492,0.08784637672225133,1.0,0.9533520182983796,0.04664798170162044
1448,YMR268C YFL026W,0.0,NA,9.536114120578532e-09,2850,29592,1449,0,0.1268478357085952,0.08784908452006658,1.0,0.9533198028414033,0.0466801971585967
1449,YPR086W YDR059C,0.0,NA,9.57930090805803e-09,2850,29591,1450,0,0.1268773420672155,0.0878517924848186,1.0,0.9532875873844271,0.04671241261557295
1450,YBL041W YPL093W,0.0,NA,9.591111904683203e-09,2850,29590,1451,0,0.12690684842583577,0.08785450061652281,1.0,0.9532553719274508,0.046744628072549206
1451,YBR248C YLR004C,0.0,NA,9.634914199807554e-09,2850,29589,1452,0,0.12693635478445606,0.08785720891519468,1.0,0.9532231564704745,0.046776843529525464
1452,YOR100C YBR263W,0.0,NA,9.644236520500726e-09,2850,29588,1453,0,0.12696586114307634,0.08785991738084963,1.0,0.9531909410134983,0.04680905898650172
1453,YLL060C YOR243C,0.0,NA,9.708241321959576e-09,2850,29587,1454,0,0.12699536750169663,0.0878626260135031,1.0,0.953158725556522,0.04684127444347798
1454,YAR071W YFL034C-A,0.0,NA,9.715242832442073e-09,2850,29586,1455,0,0.1270248738603169,0.08786533481317055,1.0,0.9531265100995457,0.046873489900454236
1455,YDR420W YER029C,0.0,NA,9.774889342395454e-09,2850,29585,1456,0,0.12705438021893717,0.08786804377986743,1.0,0.9530942946425695,0.046905705357430494
1456,YAL015C YMR145C,0.0,NA,9.793065913754617e-09,2850,29584,1457,0,0.12708388657755745,0.08787075291360917,1.0,0.9530620791855933,0.04693792081440675
1457,YMR194W YKL139W,0.0,NA,9.807945566819853e-09,2850,29583,1458,0,0.12711339293617774,0.08787346221441125,1.0,0.953029863728617,0.04697013627138301
1458,YJL010C YHR164C,0.0,NA,9.907312303880644e-09,2850,29582,1459,0,0.12714289929479802,0.0878761716822891,1.0,0.9529976482716407,0.047002351728359267
1459,YMR093W YNL267W,0.0,NA,9.917635601652819e-09,2850,29581,1460,0,0.1271724056534183,0.08787888131725818,1.0,0.9529654328146645,0.047034567185335524
1460,YCL040W YNL272C,0.0,NA,1.0010512419000861e-08,2850,29580,1461,0,0.1272019120120386,0.08788159111933395,1.0,0.9529332173576882,0.04706678264231178
1461,YOL093W YNR049C,0.0,NA,1.001863036975692e-08,2850,29579,1462,0,0.12723141837065888,0.08788430108853187,1.0,0.9529010019007119,0.04709899809928804
1462,YMR063W YDR035W,0.0,NA,1.0083100576707693e-08,2850,29578,1463,0,0.12726092472927916,0.0878870112248674,1.0,0.9528687864437357,0.0471312135562643
1463,YOR272W YJR010C-A,0.0,NA,1.0156641749858863e-08,2850,29577,1464,0,0.12729043108789945,0.087889721528356,1.0,0.9528365709867594,0.047163429013240554
1464,YMR189W YOR004W,0.0,NA,1.0163597963241955e-08,2850,29576,1465,0,0.12731993744651973,0.08789243199901314,1.0,0.9528043555297832,0.04719564447021681
1465,YDR164C YDR516C,0.0,NA,1.0170773556694712e-08,2850,29575,1466,0,0.12734944380514002,0.08789514263685427,1.0,0.952772140072807,0.04722785992719307
1466,YPL092W YOR193W,0.0,NA,1.0184420418113405e-08,2850,29574,1467,0,0.1273789501637603,0.0878978534418949,1.0,0.9527399246158307,0.04726007538416933
1467,YDR023W YDR436W,0.0,NA,1.0301445030336254e-08,2850,29573,1468,0,0.1274084565223806,0.08790056441415045,1.0,0.9527077091588544,0.047292290841145584
1468,YMR322C YMR198W,0.0,NA,1.0428382601901376e-08,2850,29572,1469,0,0.12743796288100084,0.08790327555363642,1.0,0.9526754937018782,0.04732450629812184
1469,YOL032W YNL255C,0.0,NA,1.0430670549510523e-08,2850,29571,1470,0,0.12746746923962113,0.08790598686036828,1.0,0.9526432782449019,0.04735672175509809
1470,YJR127C YNL286W,0.0,NA,1.0456785659584966e-08,2850,29570,1471,0,0.1274969755982414,0.0879086983343615,1.0,0.9526110627879256,0.04738893721207435
1471,YOR046C YIL117C,0.0,NA,1.0458202304164388e-08,2850,29569,1472,0,0.1275264819568617,0.08791140997563157,1.0,0.9525788473309494,0.04742115266905061
1472,YBR173C YBR214W,0.0,NA,1.0508470538184156e-08,2850,29568,1473,0,0.12755598831548198,0.08791412178419397,1.0,0.9525466318739731,0.047453368126026865
1473,YGR108W YKR061W,0.0,NA,1.0519219273419367e-08,2850,29567,1474,0,0.12758549467410227,0.08791683376006416,1.0,0.9525144164169969,0.04748558358300312
1474,YOR294W YJL050W,0.0,NA,1.0549679352322983e-08,2850,29566,1475,0,0.12761500103272255,0.08791954590325765,1.0,0.9524822009600206,0.04751779903997938
1475,YHR150W YPL116W,0.0,NA,1.0554429330511539e-08,2850,29565,1476,0,0.12764450739134284,0.0879222582137899,1.0,0.9524499855030444,0.04755001449695564
1476,YMR176W YMR180C,0.0,NA,1.0565648800309191e-08,2850,29564,1477,0,0.12767401374996312,0.08792497069167643,1.0,0.9524177700460681,0.047582229953931895
1477,YGR260W YBL064C,0.0,NA,1.0587132948103317e-08,2850,29563,1478,0,0.1277035201085834,0.08792768333693271,1.0,0.9523855545890918,0.04761444541090815
1478,YKR104W YPL026C,0.0,NA,1.0590283316957994e-08,2850,29562,1479,0,0.1277330264672037,0.08793039614957424,1.0,0.9523533391321156,0.04764666086788441
1479,YLR196W YPL089C,0.0,NA,1.0632239977326208e-08,2850,29561,1480,0,0.12776253282582398,0.0879331091296165,1.0,0.9523211236751393,0.04767887632486067
1480,YIL026C YOR293W,0.0,NA,1.0646667547575817e-08,2850,29560,1481,0,0.12779203918444426,0.08793582227707497,1.0,0.952288908218163,0.047711091781836926
1481,YGR288W YKL085W,0.0,NA,1.0650019532931765e-08,2850,29559,1482,0,0.12782154554306452,0.0879385355919652,1.0,0.9522566927611869,0.04774330723881318
1482,YCL035C YBL050W,0.0,NA,1.0650405002365915e-08,2850,29558,1483,0,0.1278510519016848,0.08794124907430265,1.0,0.9522244773042106,0.04777552269578944
1483,YOR108W YBR040W,0.0,NA,1.0655668347681058e-08,2850,29557,1484,0,0.1278805582603051,0.08794396272410282,1.0,0.9521922618472343,0.0478077381527657
1484,YKL006W YBR026C,0.0,NA,1.067171506718978e-08,2850,29556,1485,0,0.12791006461892537,0.08794667654138122,1.0,0.9521600463902581,0.047839953609741956
1485,YLR360W YLR307W,0.0,NA,1.0711705300536778e-08,2850,29555,1486,0,0.12793957097754566,0.08794939052615337,1.0,0.9521278309332818,0.04787216906671821
1486,YDR530C YIL125W,0.0,NA,1.0721639576161124e-08,2850,29554,1487,0,0.12796907733616594,0.08795210467843476,1.0,0.9520956154763055,0.04790438452369447
1487,YHR058C YGR195W,0.0,NA,1.0909857905971876e-08,2850,29553,1488,0,0.12799858369478623,0.0879548189982409,1.0,0.9520634000193293,0.04793659998067073
1488,YER065C YAL041W,0.0,NA,1.1003523425756612e-08,2850,29552,1489,0,0.1280280900534065,0.08795753348558731,1.0,0.952031184562353,0.047968815437646986
1489,YGR112W YJL045W,0.0,NA,1.1040143910179268e-08,2850,29551,1490,0,0.1280575964120268,0.08796024814048949,1.0,0.9519989691053767,0.048001030894623244
1490,YDR110W YPL101W,0.0,NA,1.10815152609689e-08,2850,29550,1491,0,0.12808710277064708,0.08796296296296297,1.0,0.9519667536484006,0.048033246351599494
1491,YGR249W YFL041W,0.0,NA,1.1144998701695386e-08,2850,29549,1492,0,0.12811660912926737,0.08796567795302324,1.0,0.9519345381914243,0.04806546180857575
1492,YLR284C YGL044C,0.0,NA,1.1151953138721638e-08,2850,29548,1493,0,0.12814611548788765,0.08796839311068584,1.0,0.951902322734448,0.04809767726555201
1493,YFR009W YGL247W,0.0,NA,1.1155420587272147e-08,2850,29547,1494,0,0.1281756218465079,0.0879711084359663,1.0,0.9518701072774717,0.04812989272252827
1494,YGR241C YPL269W,0.0,NA,1.1159804635951787e-08,2850,29546,1495,0,0.1282051282051282,0.0879738239288801,1.0,0.9518378918204955,0.048162108179504524
1495,YIL149C YBL075C,0.0,NA,1.117857273413847e-08,2850,29545,1496,0,0.12823463456374848,0.08797653958944282,1.0,0.9518056763635192,0.04819432363648078
1496,YNL232W YHR128W,0.0,NA,1.1204657646146643e-08,2850,29544,1497,0,0.12826414092236876,0.08797925541766993,1.0,0.9517734609065429,0.04822653909345704
1497,YER117W YDR263C,0.0,NA,1.1220420148561061e-08,2850,29543,1498,0,0.12829364728098905,0.08798197141357701,1.0,0.9517412454495667,0.0482587545504333
1498,YKR056W YLR086W,0.0,NA,1.1386273257585344e-08,2850,29542,1499,0,0.12832315363960933,0.08798468757717955,1.0,0.9517090299925904,0.048290970007409555
1499,YBR247C YPR065W,0.0,NA,1.1400071997513805e-08,2850,29541,1500,0,0.12835265999822962,0.0879874039084931,1.0,0.9516768145356141,0.04832318546438581
1500,YDR099W YDR263C,0.0,NA,1.1402334187948782e-08,2850,29540,1501,0,0.1283821663568499,0.08799012040753319,1.0,0.951644599078638,0.04835540092136207
1501,YGL071W YLR121C,0.0,NA,1.1403964883527351e-08,2850,29539,1502,0,0.1284116727154702,0.08799283707431535,1.0,0.9516123836216617,0.04838761637833833
1502,YBR002C YNL008C,0.0,NA,1.142408123655514e-08,2850,29538,1503,0,0.12844117907409047,0.08799555390885513,1.0,0.9515801681646854,0.048419831835314585
1503,YKL074C YDR190C,0.0,NA,1.1482845785337759e-08,2850,29537,1504,0,0.12847068543271076,0.08799827091116806,1.0,0.9515479527077092,0.04845204729229084
1504,YPR137W YJL122W,0.0,NA,1.1503232144605136e-08,2850,29536,1505,0,0.12850019179133104,0.08800098808126969,1.0,0.9515157372507329,0.0484842627492671
1505,YOR178C YPL198W,0.0,NA,1.1515460585087567e-08,2850,29535,1506,0,0.12852969814995133,0.08800370541917554,1.0,0.9514835217937566,0.04851647820624336
1506,YOL082W YDL058W,0.0,NA,1.1541759548094888e-08,2850,29534,1507,0,0.12855920450857158,0.08800642292490118,1.0,0.9514513063367804,0.048548693663219615
1507,YIR012W YCL039W,0.0,NA,1.1585208348208198e-08,2850,29533,1508,0,0.12858871086719187,0.08800914059846215,1.0,0.9514190908798041,0.04858090912019587
1508,YAR050W YLR029C,0.0,NA,1.1611378525344662e-08,2850,29532,1509,0,0.12861821722581215,0.08801185843987401,1.0,0.9513868754228278,0.04861312457717213
1509,YLL021W YCR047C,0.0,NA,1.1613461303738859e-08,2850,29531,1510,0,0.12864772358443244,0.08801457644915228,1.0,0.9513546599658517,0.04864534003414839
1510,YKR081C YGL171W,0.0,NA,1.172962171835934e-08,2850,29530,1511,0,0.12867722994305272,0.08801729462631254,1.0,0.9513224445088754,0.04867755549112464
1511,YPR143W YLR381W,0.0,NA,1.1741551730892752e-08,2850,29529,1512,0,0.128706736301673,0.08802001297137033,1.0,0.9512902290518991,0.048709770948100896
1512,YJR031C YBR249C,0.0,NA,1.1754481832326746e-08,2850,29528,1513,0,0.1287362426602933,0.08802273148434121,1.0,0.9512580135949228,0.04874198640507715
1513,YGR289C YHR171W,0.0,NA,1.177795638795942e-08,2850,29527,1514,0,0.12876574901891358,0.08802545016524076,1.0,0.9512257981379466,0.04877420186205341
1514,YPR075C YDR399W,0.0,NA,1.1787844478305942e-08,2850,29526,1515,0,0.12879525537753386,0.0880281690140845,1.0,0.9511935826809703,0.04880641731902967
1515,YPR143W YDR480W,0.0,NA,1.1818010570152637e-08,2850,29525,1516,0,0.12882476173615415,0.08803088803088803,1.0,0.951161367223994,0.048838632776005926
1516,YER045C YDL065C,0.0,NA,1.184009956745058e-08,2850,29524,1517,0,0.12885426809477443,0.08803360721566689,1.0,0.9511291517670178,0.048870848232982184
1517,YLR150W YPL269W,0.0,NA,1.1883017236868909e-08,2850,29523,1518,0,0.12888377445339472,0.08803632656843666,1.0,0.9510969363100416,0.04890306368995844
1518,YGL045W YNL233W,0.0,NA,1.1988261050532856e-08,2850,29522,1519,0,0.128913280812015,0.0880390460892129,1.0,0.9510647208530653,0.0489352791469347
1519,YGR087C YDL171C,0.0,NA,1.200036248150127e-08,2850,29521,1520,0,0.12894278717063526,0.08804176577801118,1.0,0.9510325053960891,0.048967494603910956
1520,YCL016C YIL117C,0.0,NA,1.2050019648768284e-08,2850,29520,1521,0,0.12897229352925554,0.08804448563484708,1.0,0.9510002899391128,0.048999710060887214
1521,YMR268C YOL144W,0.0,NA,1.2167227225745592e-08,2850,29519,1522,0,0.12900179988787583,0.08804720565973617,1.0,0.9509680744821365,0.04903192551786347
1522,YBR041W YJR106W,0.0,NA,1.235930557896836e-08,2850,29518,1523,0,0.1290313062464961,0.08804992585269401,1.0,0.9509358590251603,0.04906414097483973
1523,YIL168W YDL079C,0.0,NA,1.240006053393472e-08,2850,29517,1524,0,0.1290608126051164,0.08805264621373621,1.0,0.950903643568184,0.049096356431815986
1524,YKL109W YNL067W,0.0,NA,1.258251103308794e-08,2850,29516,1525,0,0.12909031896373668,0.08805536674287832,1.0,0.9508714281112077,0.049128571888792244
1525,YIL079C YJL178C,0.0,NA,1.2627806356135807e-08,2850,29515,1526,0,0.12911982532235697,0.08805808744013595,1.0,0.9508392126542315,0.0491607873457685
1526,YHL007C YDR214W,0.0,NA,1.2628288637017704e-08,2850,29514,1527,0,0.12914933168097725,0.08806080830552465,1.0,0.9508069971972553,0.04919300280274476
1527,YOL082W YHR001W-A,0.0,NA,1.2646197866672537e-08,2850,29513,1528,0,0.12917883803959754,0.08806352933906003,1.0,0.950774781740279,0.04922521825972102
1528,YGL073W YDR308C,0.0,NA,1.266318960801982e-08,2850,29512,1529,0,0.12920834439821782,0.08806625054075767,1.0,0.9507425662833028,0.049257433716697274
1529,YDR028C YMR039C,0.0,NA,1.2695135609419594e-08,2850,29511,1530,0,0.1292378507568381,0.08806897191063318,1.0,0.9507103508263265,0.04928964917367353
1530,YBR161W YFR030W,0.0,NA,1.272364347215671e-08,2850,29510,1531,0,0.1292673571154584,0.0880716934487021,1.0,0.9506781353693502,0.04932186463064978
1531,YMR043W YHR048W,0.0,NA,1.2741299570961928e-08,2850,29509,1532,0,0.12929686347407868,0.08807441515498007,1.0,0.9506459199123739,0.04935408008762604
1532,YLR205C YHR084W,0.0,NA,1.2768547108521489e-08,2850,29508,1533,0,0.12932636983269893,0.08807713702948267,1.0,0.9506137044553977,0.0493862955446023
1533,YJR041C YOL102C,0.0,NA,1.2786021130750669e-08,2850,29507,1534,0,0.12935587619131922,0.08807985907222549,1.0,0.9505814889984214,0.049418511001578555
1534,YPL012W YDR135C,0.0,NA,1.2794584058894998e-08,2850,29506,1535,0,0.1293853825499395,0.08808258128322413,1.0,0.9505492735414451,0.04945072645855481
1535,YER074W YPL163C,0.0,NA,1.2814145300410473e-08,2850,29505,1536,0,0.1294148889085598,0.0880853036624942,1.0,0.950517058084469,0.04948294191553107
1536,YLR397C YER117W,0.0,NA,1.283192752055129e-08,2850,29504,1537,0,0.12944439526718007,0.08808802621005131,1.0,0.9504848426274927,0.04951515737250733
1537,YPR043W YGL016W,0.0,NA,1.2863513809691085e-08,2850,29503,1538,0,0.12947390162580036,0.08809074892591104,1.0,0.9504526271705164,0.049547372829483585
1538,YGR256W YHR106W,0.0,NA,1.2931902659829575e-08,2850,29502,1539,0,0.12950340798442064,0.08809347181008902,1.0,0.9504204117135402,0.04957958828645984
1539,YDR023W YEL056W,0.0,NA,1.2955232442379838e-08,2850,29501,1540,0,0.12953291434304093,0.08809619486260084,1.0,0.9503881962565639,0.0496118037434361
1540,YKR094C YKL034W,0.0,NA,1.300824514771648e-08,2850,29500,1541,0,0.1295624207016612,0.08809891808346214,1.0,0.9503559807995876,0.04964401920041236
1541,YLR466W YBL027W,0.0,NA,1.3052833480742265e-08,2850,29499,1542,0,0.1295919270602815,0.0881016414726885,1.0,0.9503237653426114,0.049676234657388615
1542,YDL184C YMR189W,0.0,NA,1.3168964585474896e-08,2850,29498,1543,0,0.12962143341890178,0.08810436503029553,1.0,0.9502915498856351,0.04970845011436487
1543,YBL046W YFL026W,0.0,NA,1.3218969030504013e-08,2850,29497,1544,0,0.12965093977752207,0.08810708875629888,1.0,0.9502593344286588,0.04974066557134113
1544,YAL031C YBR126C,0.0,NA,1.3242742014085707e-08,2850,29496,1545,0,0.12968044613614235,0.08810981265071416,1.0,0.9502271189716827,0.04977288102831739
1545,YIL131C YHR087W,0.0,NA,1.328162113622966e-08,2850,29495,1546,0,0.1297099524947626,0.08811253671355697,1.0,0.9501949035147064,0.049805096485293646
1546,YGL014W YAR002C-A,0.0,NA,1.3284381594758088e-08,2850,29494,1547,0,0.1297394588533829,0.08811526094484294,1.0,0.9501626880577301,0.0498373119422699
1547,YNL298W YDR259C,0.0,NA,1.3388700814687127e-08,2850,29493,1548,0,0.12976896521200318,0.0881179853445877,1.0,0.9501304726007539,0.04986952739924616
1548,YPL152W YPL016W,0.0,NA,1.3618594252307048e-08,2850,29492,1549,0,0.12979847157062346,0.08812070991280688,1.0,0.9500982571437776,0.04990174285622242
1549,YLR003C YOR196C,0.0,NA,1.3686271671531358e-08,2850,29491,1550,0,0.12982797792924375,0.0881234346495161,1.0,0.9500660416868013,0.049933958313198676
1550,YJL164C YDR460W,0.0,NA,1.3740756088509443e-08,2850,29490,1551,0,0.12985748428786403,0.08812615955473098,1.0,0.950033826229825,0.04996617377017493
1551,YDR009W YOL097C,0.0,NA,1.3841238377665377e-08,2850,29489,1552,0,0.12988699064648432,0.08812888462846717,1.0,0.9500016107728488,0.049998389227151184
1552,YJL056C YLR214W,0.0,NA,1.3862030634470557e-08,2850,29488,1553,0,0.1299164970051046,0.0881316098707403,1.0,0.9499693953158725,0.05003060468412744
1553,YDR100W YGR224W,0.0,NA,1.3886242378191582e-08,2850,29487,1554,0,0.1299460033637249,0.08813433528156601,1.0,0.9499371798588963,0.0500628201411037
1554,YKL020C YLR362W,0.0,NA,1.3896151784820177e-08,2850,29486,1555,0,0.12997550972234517,0.08813706086095992,1.0,0.9499049644019201,0.05009503559807996
1555,YJL033W YLR020C,0.0,NA,1.391272785866704e-08,2850,29485,1556,0,0.13000501608096546,0.08813978660893769,1.0,0.9498727489449438,0.050127251055056214
1556,YML102W YGR248W,0.0,NA,1.3915329333258342e-08,2850,29484,1557,0,0.13003452243958574,0.08814251252551494,1.0,0.9498405334879675,0.05015946651203247
1557,YOR113W YMR136W,0.0,NA,1.3958178612938354e-08,2850,29483,1558,0,0.13006402879820603,0.08814523861070733,1.0,0.9498083180309913,0.05019168196900873
1558,YOL052C-A YIR019C,0.0,NA,1.3988003644271885e-08,2850,29482,1559,0,0.13009353515682628,0.0881479648645305,1.0,0.949776102574015,0.05022389742598499
1559,YJR062C YGL045W,0.0,NA,1.40188785024975e-08,2850,29481,1560,0,0.13012304151544657,0.0881506912870001,1.0,0.9497438871170387,0.050256112882961244
1560,YJL097W YNL166C,0.0,NA,1.4057971675640601e-08,2850,29480,1561,0,0.13015254787406685,0.08815341787813176,1.0,0.9497116716600625,0.0502883283399375
1561,YOR007C YDR173C,0.0,NA,1.4065481224179166e-08,2850,29479,1562,0,0.13018205423268714,0.08815614463794116,1.0,0.9496794562030862,0.05032054379691376
1562,YJR064W YPL043W,0.0,NA,1.409932437468342e-08,2850,29478,1563,0,0.13021156059130742,0.08815887156644395,1.0,0.94964724074611,0.05035275925389002
1563,YNL286W YML107C,0.0,NA,1.41149048005218e-08,2850,29477,1564,0,0.1302410669499277,0.08816159866365576,1.0,0.9496150252891338,0.050384974710866275
1564,YGR145W YIL117C,0.0,NA,1.4115147273230377e-08,2850,29476,1565,0,0.130270573308548,0.08816432592959228,1.0,0.9495828098321575,0.05041719016784253
1565,YKL218C YGR245C,0.0,NA,1.4181855689798795e-08,2850,29475,1566,0,0.13030007966716828,0.08816705336426914,1.0,0.9495505943751812,0.05044940562481879
1566,YMR104C YHR193C,0.0,NA,1.4207089726880895e-08,2850,29474,1567,0,0.13032958602578856,0.08816978096770202,1.0,0.949518378918205,0.05048162108179505
1567,YMR139W YDR075W,0.0,NA,1.4238067613803196e-08,2850,29473,1568,0,0.13035909238440885,0.08817250873990656,1.0,0.9494861634612287,0.050513836538771305
1568,YFR005C YLL060C,0.0,NA,1.4238666246058074e-08,2850,29472,1569,0,0.13038859874302913,0.08817523668089845,1.0,0.9494539480042524,0.05054605199574756
1569,YER054C YDL232W,0.0,NA,1.4470838749502946e-08,2850,29471,1570,0,0.13041810510164942,0.08817796479069336,1.0,0.9494217325472761,0.05057826745272382
1570,YOR373W YNL231C,0.0,NA,1.4480724175314208e-08,2850,29470,1571,0,0.13044761146026967,0.08818069306930693,1.0,0.9493895170903,0.05061048290970008
1571,YPL082C YGR142W,0.0,NA,1.4485392441088152e-08,2850,29469,1572,0,0.13047711781888996,0.08818342151675485,1.0,0.9493573016333237,0.05064269836667633
1572,YBL098W YOR196C,0.0,NA,1.4521879698747853e-08,2850,29468,1573,0,0.13050662417751024,0.08818615013305278,1.0,0.9493250861763474,0.050674913823652586
1573,YBR132C YML042W,0.0,NA,1.4548994897722878e-08,2850,29467,1574,0,0.13053613053613053,0.08818887891821642,1.0,0.9492928707193712,0.05070712928062884
1574,YML100W YLR109W,0.0,NA,1.4651920565711407e-08,2850,29466,1575,0,0.13056563689475081,0.08819160787226142,1.0,0.9492606552623949,0.0507393447376051
1575,YPL147W YJL127C,0.0,NA,1.4733696040991617e-08,2850,29465,1576,0,0.1305951432533711,0.08819433699520346,1.0,0.9492284398054186,0.05077156019458136
1576,YDR086C YPL235W,0.0,NA,1.4743563703234486e-08,2850,29464,1577,0,0.13062464961199138,0.08819706628705824,1.0,0.9491962243484424,0.050803775651557616
1577,YNL309W YGR197C,0.0,NA,1.483509937116878e-08,2850,29463,1578,0,0.13065415597061167,0.08819979574784143,1.0,0.9491640088914661,0.05083599110853387
1578,YGR208W YBR070C,0.0,NA,1.486886613832894e-08,2850,29462,1579,0,0.13068366232923195,0.0882025253775687,1.0,0.9491317934344898,0.05086820656551013
1579,YKL180W YDL170W,0.0,NA,1.4953791094285407e-08,2850,29461,1580,0,0.13071316868785224,0.08820525517625577,1.0,0.9490995779775137,0.05090042202248639
1580,YBR212W YCL044C,0.0,NA,1.4977025841744762e-08,2850,29460,1581,0,0.13074267504647252,0.0882079851439183,1.0,0.9490673625205374,0.050932637479462646
1581,YPR062W YOR293W,0.0,NA,1.5199711711488817e-08,2850,29459,1582,0,0.1307721814050928,0.08821071528057198,1.0,0.9490351470635611,0.050964852936438904
1582,YGL246C YPL123C,0.0,NA,1.5326698132867023e-08,2850,29458,1583,0,0.1308016877637131,0.08821344558623251,1.0,0.9490029316065849,0.05099706839341516
1583,YBR085W YPL174C,0.0,NA,1.5409652220910175e-08,2850,29457,1584,0,0.13083119412233335,0.08821617606091559,1.0,0.9489707161496086,0.05102928385039142
1584,YHR015W YOR096W,0.0,NA,1.546046668465806e-08,2850,29456,1585,0,0.13086070048095363,0.0882189067046369,1.0,0.9489385006926323,0.051061499307367676
1585,YBL024W YER062C,0.0,NA,1.5489982629901533e-08,2850,29455,1586,0,0.13089020683957392,0.08822163751741216,1.0,0.9489062852356561,0.051093714764343934
1586,YMR268C YNL111C,0.0,NA,1.553406825394177e-08,2850,29454,1587,0,0.1309197131981942,0.08822436849925706,1.0,0.9488740697786798,0.05112593022132019
1587,YIL131C YLR258W,0.0,NA,1.5631137273430795e-08,2850,29453,1588,0,0.1309492195568145,0.08822709965018728,1.0,0.9488418543217035,0.05115814567829645
1588,YHR104W YGR158C,0.0,NA,1.5636206995850443e-08,2850,29452,1589,0,0.13097872591543477,0.08822983097021857,1.0,0.9488096388647272,0.051190361135272706
1589,YPR056W YPL131W,0.0,NA,1.5681694165436966e-08,2850,29451,1590,0,0.13100823227405506,0.08823256245936659,1.0,0.9487774234077511,0.051222576592248964
1590,YMR292W YOL067C,0.0,NA,1.5712441125970145e-08,2850,29450,1591,0,0.13103773863267534,0.08823529411764706,1.0,0.9487452079507748,0.05125479204922522
1591,YPL198W YJL103C,0.0,NA,1.5723864876804328e-08,2850,29449,1592,0,0.13106724499129563,0.0882380259450757,1.0,0.9487129924937985,0.05128700750620147
1592,YPR007C YCR021C,0.0,NA,1.57908868203549e-08,2850,29448,1593,0,0.1310967513499159,0.08824075794166822,1.0,0.9486807770368223,0.05131922296317773
1593,YHL006C YOL097C,0.0,NA,1.582414199674531e-08,2850,29447,1594,0,0.1311262577085362,0.08824349010744031,1.0,0.948648561579846,0.05135143842015399
1594,YLR189C YJL080C,0.0,NA,1.590287190822437e-08,2850,29446,1595,0,0.13115576406715648,0.08824622244240773,1.0,0.9486163461228697,0.051383653877130245
1595,YPL024W YLR129W,0.0,NA,1.594344745114995e-08,2850,29445,1596,0,0.13118527042577677,0.08824895494658616,1.0,0.9485841306658935,0.0514158693341065
1596,YAL060W YMR229C,0.0,NA,1.6028852911631475e-08,2850,29444,1597,0,0.13121477678439702,0.08825168761999133,1.0,0.9485519152089172,0.05144808479108276
1597,YLR248W YNL108C,0.0,NA,1.6090483612174467e-08,2850,29443,1598,0,0.1312442831430173,0.08825442046263897,1.0,0.948519699751941,0.05148030024805902
1598,YBR161W YHL040C,0.0,NA,1.6103470557027322e-08,2850,29442,1599,0,0.1312737895016376,0.08825715347454478,1.0,0.9484874842949648,0.051512515705035275
1599,YML065W YCL037C,0.0,NA,1.610368549620489e-08,2850,29441,1600,0,0.13130329586025788,0.08825988665572451,1.0,0.9484552688379885,0.05154473116201153
1600,YLR359W YIL099W,0.0,NA,1.6126584512221598e-08,2850,29440,1601,0,0.13133280221887816,0.08826262000619386,1.0,0.9484230533810122,0.05157694661898779
1601,YIL097W YLR303W,0.0,NA,1.613366151786977e-08,2850,29439,1602,0,0.13136230857749845,0.08826535352596859,1.0,0.948390837924036,0.05160916207596405
1602,YBR256C YPL211W,0.0,NA,1.629351054077688e-08,2850,29438,1603,0,0.13139181493611873,0.08826808721506442,1.0,0.9483586224670597,0.051641377532940305
1603,YAR071W YMR290C,0.0,NA,1.6297365235118377e-08,2850,29437,1604,0,0.13142132129473902,0.08827082107349707,1.0,0.9483264070100834,0.05167359298991656
1604,YPL052W YML074C,0.0,NA,1.6341315856038818e-08,2850,29436,1605,0,0.1314508276533593,0.08827355510128229,1.0,0.9482941915531072,0.05170580844689282
1605,YJL138C YLR306W,0.0,NA,1.6426533022695367e-08,2850,29435,1606,0,0.1314803340119796,0.08827628929843581,1.0,0.9482619760961309,0.05173802390386908
1606,YIL120W YLR060W,0.0,NA,1.6458427509746798e-08,2850,29434,1607,0,0.13150984037059987,0.08827902366497337,1.0,0.9482297606391547,0.051770239360845335
1607,YJL101C YER035W,0.0,NA,1.6473094888169726e-08,2850,29433,1608,0,0.13153934672922016,0.08828175820091069,1.0,0.9481975451821784,0.05180245481782159
1608,YJL091C YMR104C,0.0,NA,1.6496645827146494e-08,2850,29432,1609,0,0.13156885308784044,0.08828449290626356,1.0,0.9481653297252022,0.05183467027479785
1609,YOL155C YER059W,0.0,NA,1.6538074021354987e-08,2850,29431,1610,0,0.1315983594464607,0.08828722778104768,1.0,0.9481331142682259,0.05186688573177411
1610,YCR072C YGL016W,0.0,NA,1.6567467397976543e-08,2850,29430,1611,0,0.13162786580508098,0.08828996282527882,1.0,0.9481008988112496,0.051899101188750366
1611,YPR190C YBR213W,0.0,NA,1.6598242780219152e-08,2850,29429,1612,0,0.13165737216370127,0.0882926980389727,1.0,0.9480686833542734,0.051931316645726616
1612,YMR309C YHR065C,0.0,NA,1.6621875431610533e-08,2850,29428,1613,0,0.13168687852232155,0.08829543342214512,1.0,0.9480364678972971,0.051963532102702874
1613,YCR086W YLR196W,0.0,NA,1.666838755909339e-08,2850,29427,1614,0,0.13171638488094184,0.08829816897481178,1.0,0.9480042524403208,0.05199574755967913
1614,YGL166W YGR077C,0.0,NA,1.6850817630142956e-08,2850,29426,1615,0,0.13174589123956212,0.08830090469698848,1.0,0.9479720369833446,0.05202796301665539
1615,YBR280C YER056C,0.0,NA,1.7021571707687144e-08,2850,29425,1616,0,0.1317753975981824,0.08830364058869093,1.0,0.9479398215263684,0.052060178473631646
1616,YCR031C YJL042W,0.0,NA,1.713437391970274e-08,2850,29424,1617,0,0.1318049039568027,0.08830637664993493,1.0,0.9479076060693921,0.052092393930607904
1617,YDL190C YDR295C,0.0,NA,1.7175732835994495e-08,2850,29423,1618,0,0.13183441031542298,0.08830911288073622,1.0,0.9478753906124159,0.05212460938758416
1618,YLR372W YHR039C,0.0,NA,1.7365403337521457e-08,2850,29422,1619,0,0.13186391667404326,0.08831184928111056,1.0,0.9478431751554396,0.05215682484456042
1619,YKR055W YBR079C,0.0,NA,1.7447842282081183e-08,2850,29421,1620,0,0.13189342303266355,0.08831458585107371,1.0,0.9478109596984633,0.05218904030153668
1620,YDR281C YPR132W,0.0,NA,1.7560688903017763e-08,2850,29420,1621,0,0.13192292939128383,0.08831732259064146,1.0,0.9477787442414871,0.052221255758512934
1621,YMR232W YLR115W,0.0,NA,1.7685932718336517e-08,2850,29419,1622,0,0.13195243574990412,0.08832005949982956,1.0,0.9477465287845108,0.05225347121548919
1622,YNR038W YDL232W,0.0,NA,1.775837077389042e-08,2850,29418,1623,0,0.13198194210852437,0.08832279657865377,1.0,0.9477143133275345,0.05228568667246545
1623,YLL057C YDR421W,0.0,NA,1.7877454183690134e-08,2850,29417,1624,0,0.13201144846714466,0.08832553382712989,1.0,0.9476820978705583,0.05231790212944171
1624,YOR136W YGL091C,0.0,NA,1.7921255590636065e-08,2850,29416,1625,0,0.13204095482576494,0.08832827124527366,1.0,0.9476498824135821,0.052350117586417964
1625,YKL220C YPL211W,0.0,NA,1.796341742021923e-08,2850,29415,1626,0,0.13207046118438523,0.08833100883310088,1.0,0.9476176669566058,0.05238233304339422
1626,YPR154W YNL283C,0.0,NA,1.8071117935392067e-08,2850,29414,1627,0,0.13209996754300551,0.08833374659062733,1.0,0.9475854514996295,0.05241454850037048
1627,YHR001W YER013W,0.0,NA,1.80832202545389e-08,2850,29413,1628,0,0.1321294739016258,0.08833648451786877,1.0,0.9475532360426533,0.05244676395734674
1628,YHR036W YDL222C,0.0,NA,1.820972528321363e-08,2850,29412,1629,0,0.13215898026024608,0.08833922261484099,1.0,0.947521020585677,0.052478979414322995
1629,YOR245C YDR217C,0.0,NA,1.851487674287e-08,2850,29411,1630,0,0.13218848661886637,0.08834196088155978,1.0,0.9474888051287007,0.05251119487129925
1630,YLR291C YDR078C,0.0,NA,1.858003884080972e-08,2850,29410,1631,0,0.13221799297748665,0.08834469931804091,1.0,0.9474565896717245,0.05254341032827551
1631,YHL009C YGL248W,0.0,NA,1.8603373064252082e-08,2850,29409,1632,0,0.13224749933610694,0.08834743792430019,1.0,0.9474243742147482,0.05257562578525177
1632,YLR129W YLR248W,0.0,NA,1.865468135520132e-08,2850,29408,1633,0,0.13227700569472722,0.0883501767003534,1.0,0.9473921587577719,0.05260784124222802
1633,YDL122W YPL164C,0.0,NA,1.8655285316526715e-08,2850,29407,1634,0,0.1323065120533475,0.08835291564621632,1.0,0.9473599433007958,0.052640056699204275
1634,YKL172W YBR106W,0.0,NA,1.8679212843153437e-08,2850,29406,1635,0,0.1323360184119678,0.08835565476190477,1.0,0.9473277278438195,0.05267227215618053
1635,YML097C YCR057C,0.0,NA,1.8717658534228576e-08,2850,29405,1636,0,0.13236552477058805,0.08835839404743451,1.0,0.9472955123868432,0.05270448761315679
1636,YMR136W YBL020W,0.0,NA,1.8721193484338983e-08,2850,29404,1637,0,0.13239503112920833,0.08836113350282136,1.0,0.947263296929867,0.05273670307013305
1637,YDR155C YDR001C,0.0,NA,1.8784502842095208e-08,2850,29403,1638,0,0.13242453748782862,0.08836387312808111,1.0,0.9472310814728907,0.052768918527109306
1638,YOR381W YOR202W,0.0,NA,1.8795290657180885e-08,2850,29402,1639,0,0.1324540438464489,0.08836661292322957,1.0,0.9471988660159144,0.05280113398408556
1639,YIR030C YEL011W,0.0,NA,1.8826719738740394e-08,2850,29401,1640,0,0.1324835502050692,0.08836935288828253,1.0,0.9471666505589382,0.05283334944106182
1640,YER035W YNL325C,0.0,NA,1.895181078737096e-08,2850,29400,1641,0,0.13251305656368947,0.08837209302325581,1.0,0.9471344351019619,0.05286556489803808
1641,YKR057W YIL146C,0.0,NA,1.8962875714123584e-08,2850,29399,1642,0,0.13254256292230976,0.08837483332816522,1.0,0.9471022196449856,0.052897780355014336
1642,YLL052C YPL126W,0.0,NA,1.8979303462174357e-08,2850,29398,1643,0,0.13257206928093004,0.08837757380302655,1.0,0.9470700041880095,0.05292999581199059
1643,YBL045C YIL099W,0.0,NA,1.8981330285328113e-08,2850,29397,1644,0,0.13260157563955033,0.08838031444785562,1.0,0.9470377887310332,0.05296221126896685
1644,YGR208W YGR129W,0.0,NA,1.9107412541075064e-08,2850,29396,1645,0,0.1326310819981706,0.08838305526266824,1.0,0.9470055732740569,0.05299442672594311
1645,YBR106W YOR210W,0.0,NA,1.913115177387681e-08,2850,29395,1646,0,0.1326605883567909,0.08838579624748023,1.0,0.9469733578170806,0.053026642182919366
1646,YNL132W YIL117C,0.0,NA,1.914841973871262e-08,2850,29394,1647,0,0.13269009471541118,0.08838853740230741,1.0,0.9469411423601044,0.053058857639895624
1647,YOL052C-A YEL003W,0.0,NA,1.91838420704471e-08,2850,29393,1648,0,0.13271960107403144,0.08839127872716558,1.0,0.9469089269031281,0.05309107309687188
1648,YLR048W YCR020C-A,0.0,NA,1.9191235267612683e-08,2850,29392,1649,0,0.13274910743265173,0.08839402022207059,1.0,0.9468767114461518,0.05312328855384814
1649,YOR245C YCL031C,0.0,NA,1.9210387947055096e-08,2850,29391,1650,0,0.132778613791272,0.08839676188703824,1.0,0.9468444959891756,0.053155504010824396
1650,YEL018W YCL039W,0.0,NA,1.921496917134391e-08,2850,29390,1651,0,0.1328081201498923,0.08839950372208437,1.0,0.9468122805321993,0.053187719467800654
1651,YNL286W YMR001C,0.0,NA,1.9234953185787163e-08,2850,29389,1652,0,0.13283762650851258,0.08840224572722478,1.0,0.946780065075223,0.05321993492477691
1652,YLR025W YIR031C,0.0,NA,1.923788950364269e-08,2850,29388,1653,0,0.13286713286713286,0.08840498790247533,1.0,0.9467478496182469,0.05325215038175316
1653,YLR185W YEL012W,0.0,NA,1.942212257688425e-08,2850,29387,1654,0,0.13289663922575315,0.08840773024785185,1.0,0.9467156341612706,0.05328436583872942
1654,YJL019W YKL139W,0.0,NA,1.946536443142577e-08,2850,29386,1655,0,0.13292614558437343,0.08841047276337015,1.0,0.9466834187042943,0.05331658129570568
1655,YDR299W YDR085C,0.0,NA,1.9478104462677948e-08,2850,29385,1656,0,0.13295565194299372,0.08841321544904607,1.0,0.9466512032473181,0.053348796752681935
1656,YOR294W YOL001W,0.0,NA,1.9640271631260475e-08,2850,29384,1657,0,0.132985158301614,0.08841595830489546,1.0,0.9466189877903418,0.05338101220965819
1657,YJR076C YOR272W,0.0,NA,1.9699625042335356e-08,2850,29383,1658,0,0.1330146646602343,0.08841870133093413,1.0,0.9465867723333655,0.05341322766663445
1658,YPL241C YHR169W,0.0,NA,1.9735466594283935e-08,2850,29382,1659,0,0.13304417101885457,0.08842144452717796,1.0,0.9465545568763893,0.05344544312361071
1659,YER096W YOL122C,0.0,NA,1.9751695390368695e-08,2850,29381,1660,0,0.13307367737747486,0.08842418789364277,1.0,0.946522341419413,0.053477658580586965
1660,YDL193W YLR250W,0.0,NA,1.9884259572222618e-08,2850,29380,1661,0,0.13310318373609512,0.0884269314303444,1.0,0.9464901259624368,0.05350987403756322
1661,YPR065W YLR409C,0.0,NA,1.9896589265044895e-08,2850,29379,1662,0,0.1331326900947154,0.0884296751372987,1.0,0.9464579105054605,0.05354208949453948
1662,YPR180W YOL120C,0.0,NA,1.9898182657129837e-08,2850,29378,1663,0,0.13316219645333568,0.08843241901452153,1.0,0.9464256950484843,0.05357430495151574
1663,YMR093W YPL234C,0.0,NA,1.9959228936272666e-08,2850,29377,1664,0,0.13319170281195597,0.08843516306202874,1.0,0.946393479591508,0.053606520408491995
1664,YHL007C YBR267W,0.0,NA,2.001202403789648e-08,2850,29376,1665,0,0.13322120917057625,0.08843790727983615,1.0,0.9463612641345317,0.05363873586546825
1665,YLR134W YIL073C,0.0,NA,2.003088894753091e-08,2850,29375,1666,0,0.13325071552919654,0.08844065166795965,1.0,0.9463290486775555,0.05367095132244451
1666,YOR359W YLL035W,0.0,NA,2.006940036380911e-08,2850,29374,1667,0,0.13328022188781682,0.08844339622641509,1.0,0.9462968332205792,0.05370316677942077
1667,YMR135C YMR231W,0.0,NA,2.007908506129752e-08,2850,29373,1668,0,0.1333097282464371,0.08844614095521833,1.0,0.9462646177636029,0.053735382236397025
1668,YDL060W YGL213C,0.0,NA,2.0100390685229286e-08,2850,29372,1669,0,0.1333392346050574,0.0884488858543852,1.0,0.9462324023066268,0.05376759769337328
1669,YGL133W YIR037W,0.0,NA,2.0107254528056728e-08,2850,29371,1670,0,0.13336874096367768,0.0884516309239316,1.0,0.9462001868496505,0.05379981315034954
1670,YMR239C YML042W,0.0,NA,2.0120069166296162e-08,2850,29370,1671,0,0.13339824732229796,0.08845437616387337,1.0,0.9461679713926742,0.0538320286073258
1671,YHR178W YDR403W,0.0,NA,2.016844113938987e-08,2850,29369,1672,0,0.13342775368091825,0.08845712157422639,1.0,0.946135755935698,0.053864244064302055
1672,YOR010C YOL065C,0.0,NA,2.0192421956721773e-08,2850,29368,1673,0,0.13345726003953853,0.08845986715500652,1.0,0.9461035404787217,0.053896459521278306
1673,YPL079W YJR156C,0.0,NA,2.0200086936483785e-08,2850,29367,1674,0,0.1334867663981588,0.08846261290622963,1.0,0.9460713250217454,0.053928674978254564
1674,YML088W YER011W,0.0,NA,2.037304724922251e-08,2850,29366,1675,0,0.13351627275677908,0.0884653588279116,1.0,0.9460391095647692,0.05396089043523082
1675,YGR248W YEL022W,0.0,NA,2.0376816678435716e-08,2850,29365,1676,0,0.13354577911539936,0.08846810492006829,1.0,0.9460068941077929,0.05399310589220708
1676,YHR088W YDL060W,0.0,NA,2.0482179508007903e-08,2850,29364,1677,0,0.13357528547401964,0.0884708511827156,1.0,0.9459746786508166,0.054025321349183336
1677,YKL109W YFR040W,0.0,NA,2.05353796189911e-08,2850,29363,1678,0,0.13360479183263993,0.08847359761586937,1.0,0.9459424631938405,0.054057536806159594
1678,YNL183C YHR001W,0.0,NA,2.0664451483298762e-08,2850,29362,1679,0,0.13363429819126021,0.0884763442195455,1.0,0.9459102477368642,0.05408975226313585
1679,YDL247W YNL163C,0.0,NA,2.0680106516124397e-08,2850,29361,1680,0,0.1336638045498805,0.08847909099375989,1.0,0.9458780322798879,0.05412196772011211
1680,YNL278W YHL040C,0.0,NA,2.070169280443679e-08,2850,29360,1681,0,0.13369331090850078,0.0884818379385284,1.0,0.9458458168229116,0.054154183177088366
1681,YDL085W YJR010C-A,0.0,NA,2.0878347939401465e-08,2850,29359,1682,0,0.13372281726712107,0.08848458505386693,1.0,0.9458136013659354,0.054186398634064624
1682,YHR160C YGL168W,0.0,NA,2.0893805796617926e-08,2850,29358,1683,0,0.13375232362574135,0.08848733233979135,1.0,0.9457813859089591,0.05421861409104088
1683,YJL001W YGL192W,0.0,NA,2.098102314107564e-08,2850,29357,1684,0,0.13378182998436164,0.08849007979631757,1.0,0.9457491704519828,0.05425082954801714
1684,YLR423C YCR021C,0.0,NA,2.1041136832877783e-08,2850,29356,1685,0,0.13381133634298192,0.08849282742346147,1.0,0.9457169549950066,0.0542830450049934
1685,YER038C YBR066C,0.0,NA,2.1085932999653778e-08,2850,29355,1686,0,0.1338408427016022,0.08849557522123894,1.0,0.9456847395380303,0.054315260461969654
1686,YGR256W YCR017C,0.0,NA,2.1098323088608595e-08,2850,29354,1687,0,0.13387034906022247,0.08849832318966588,1.0,0.945652524081054,0.05434747591894591
1687,YDR255C YDR059C,0.0,NA,2.1153647722371716e-08,2850,29353,1688,0,0.13389985541884275,0.08850107132875819,1.0,0.9456203086240779,0.05437969137592217
1688,YAR002W YNL061W,0.0,NA,2.1316875375987365e-08,2850,29352,1689,0,0.13392936177746304,0.08850381963853177,1.0,0.9455880931671016,0.05441190683289843
1689,YCR018C YFR019W,0.0,NA,2.1324112253751082e-08,2850,29351,1690,0,0.13395886813608332,0.08850656811900251,1.0,0.9455558777101253,0.054444122289874684
1690,YPL111W YGR296W,0.0,NA,2.1358101065516166e-08,2850,29350,1691,0,0.1339883744947036,0.08850931677018634,1.0,0.9455236622531491,0.05447633774685094
1691,YGR241C YPL203W,0.0,NA,2.1359854329716654e-08,2850,29349,1692,0,0.1340178808533239,0.08851206559209913,1.0,0.9454914467961728,0.0545085532038272
1692,YDR151C YMR313C,0.0,NA,2.1431921126691122e-08,2850,29348,1693,0,0.13404738721194417,0.08851481458475682,1.0,0.9454592313391965,0.05454076866080345
1693,YDL234C YER054C,0.0,NA,2.143494803874546e-08,2850,29347,1694,0,0.13407689357056446,0.08851756374817529,1.0,0.9454270158822203,0.05457298411777971
1694,YNL240C YNL147W,0.0,NA,2.1631059610172088e-08,2850,29346,1695,0,0.13410639992918474,0.08852031308237047,1.0,0.945394800425244,0.054605199574755965
1695,YDR390C YGL147C,0.0,NA,2.1767350588675072e-08,2850,29345,1696,0,0.13413590628780503,0.08852306258735829,1.0,0.9453625849682677,0.05463741503173222
1696,YOR351C YJL177W,0.0,NA,2.1793937321490375e-08,2850,29344,1697,0,0.1341654126464253,0.08852581226315462,1.0,0.9453303695112916,0.05466963048870848
1697,YHR176W YDR007W,0.0,NA,2.188265924019106e-08,2850,29343,1698,0,0.1341949190050456,0.08852856210977542,1.0,0.9452981540543153,0.05470184594568474
1698,YLR291C YER015W,0.0,NA,2.1900113722495007e-08,2850,29342,1699,0,0.13422442536366588,0.08853131212723658,1.0,0.945265938597339,0.054734061402660995
1699,YCR020C-A YPL237W,0.0,NA,2.2048062930934975e-08,2850,29341,1700,0,0.13425393172228614,0.08853406231555404,1.0,0.9452337231403627,0.05476627685963725
1700,YER074W-A YBL097W,0.0,NA,2.216773253849169e-08,2850,29340,1701,0,0.13428343808090643,0.08853681267474371,1.0,0.9452015076833865,0.05479849231661351
1701,YPL157W YLR216C,0.0,NA,2.221479888930844e-08,2850,29339,1702,0,0.1343129444395267,0.08853956320482152,1.0,0.9451692922264102,0.05483070777358977
1702,YKL054C YPL146C,0.0,NA,2.226358120083205e-08,2850,29338,1703,0,0.134342450798147,0.0885423139058034,1.0,0.9451370767694339,0.054862923230566026
1703,YGL043W YOR340C,0.0,NA,2.2302129920603875e-08,2850,29337,1704,0,0.13437195715676728,0.08854506477770528,1.0,0.9451048613124577,0.05489513868754228
1704,YNL166C YCR021C,0.0,NA,2.2375287400677735e-08,2850,29336,1705,0,0.13440146351538756,0.0885478158205431,1.0,0.9450726458554815,0.05492735414451854
1705,YPL137C YGR085C,0.0,NA,2.2399669674655343e-08,2850,29335,1706,0,0.13443096987400785,0.08855056703433277,1.0,0.9450404303985052,0.0549595696014948
1706,YGR238C YDR277C,0.0,NA,2.2412018907402853e-08,2850,29334,1707,0,0.13446047623262813,0.08855331841909023,1.0,0.945008214941529,0.054991785058471056
1707,YLR129W YOL025W,0.0,NA,2.2535987298510918e-08,2850,29333,1708,0,0.13448998259124842,0.08855606997483144,1.0,0.9449759994845527,0.05502400051544731
1708,YDR143C YKL189W,0.0,NA,2.2800373145059893e-08,2850,29332,1709,0,0.1345194889498687,0.08855882170157231,1.0,0.9449437840275764,0.05505621597242357
1709,YDL082W YHR148W,0.0,NA,2.2967061141798695e-08,2850,29331,1710,0,0.134548995308489,0.0885615735993288,1.0,0.9449115685706002,0.05508843142939983
1710,YNR038W YGR198W,0.0,NA,2.3027899587191314e-08,2850,29330,1711,0,0.13457850166710927,0.08856432566811684,1.0,0.9448793531136239,0.055120646886376086
1711,YDR310C YHR137W,0.0,NA,2.3062227683112724e-08,2850,29329,1712,0,0.13460800802572956,0.08856707790795239,1.0,0.9448471376566476,0.055152862343352343
1712,YDR122W YEL044W,0.0,NA,2.3123586601059287e-08,2850,29328,1713,0,0.13463751438434982,0.08856983031885139,1.0,0.9448149221996714,0.0551850778003286
1713,YFR005C YJL041W,0.0,NA,2.31242047732394e-08,2850,29327,1714,0,0.1346670207429701,0.08857258290082978,1.0,0.9447827067426952,0.05521729325730485
1714,YOR076C YLR223C,0.0,NA,2.3189704378978604e-08,2850,29326,1715,0,0.13469652710159039,0.08857533565390353,1.0,0.9447504912857189,0.05524950871428111
1715,YMR061W YOR310C,0.0,NA,2.3370068547023948e-08,2850,29325,1716,0,0.13472603346021067,0.08857808857808858,1.0,0.9447182758287427,0.05528172417125737
1716,YDR312W YLR009W,0.0,NA,2.3377245028655125e-08,2850,29324,1717,0,0.13475553981883096,0.08858084167340088,1.0,0.9446860603717664,0.055313939628233624
1717,YIL116W YEL012W,0.0,NA,2.3566888884829496e-08,2850,29323,1718,0,0.13478504617745124,0.0885835949398564,1.0,0.9446538449147901,0.05534615508520988
1718,YKL122C YOR310C,0.0,NA,2.3598104803568276e-08,2850,29322,1719,0,0.13481455253607152,0.08858634837747109,1.0,0.9446216294578138,0.05537837054218614
1719,YOR103C YNL062C,0.0,NA,2.361156603569725e-08,2850,29321,1720,0,0.1348440588946918,0.08858910198626092,1.0,0.9445894140008376,0.0554105859991624
1720,YPL231W YLR004C,0.0,NA,2.3618863309593507e-08,2850,29320,1721,0,0.1348735652533121,0.08859185576624184,1.0,0.9445571985438613,0.055442801456138655
1721,YBR018C YDR001C,0.0,NA,2.3629496581634157e-08,2850,29319,1722,0,0.13490307161193238,0.08859460971742983,1.0,0.944524983086885,0.05547501691311491
1722,YDR450W YER029C,0.0,NA,2.3631345769103973e-08,2850,29318,1723,0,0.13493257797055266,0.08859736383984083,1.0,0.9444927676299089,0.05550723237009117
1723,YEL026W YLR148W,0.0,NA,2.3800611259616744e-08,2850,29317,1724,0,0.13496208432917295,0.08860011813349085,1.0,0.9444605521729326,0.05553944782706743
1724,YPR137W YBR084W,0.0,NA,2.3895951883901034e-08,2850,29316,1725,0,0.1349915906877932,0.08860287259839582,1.0,0.9444283367159563,0.055571663284043685
1725,YPR073C YFL034C-A,0.0,NA,2.401277932051471e-08,2850,29315,1726,0,0.1350210970464135,0.08860562723457174,1.0,0.9443961212589801,0.05560387874101994
1726,YDR256C YMR131C,0.0,NA,2.40887469971085e-08,2850,29314,1727,0,0.13505060340503378,0.08860838204203457,1.0,0.9443639058020038,0.0556360941979962
1727,YOR090C YHR046C,0.0,NA,2.421954015119354e-08,2850,29313,1728,0,0.13508010976365406,0.0886111370208003,1.0,0.9443316903450275,0.05566830965497246
1728,YJL088W YDR226W,0.0,NA,2.4230212503084658e-08,2850,29312,1729,0,0.13510961612227435,0.08861389217088489,1.0,0.9442994748880513,0.055700525111948715
1729,YNL281W YGR289C,0.0,NA,2.433469958873502e-08,2850,29311,1730,0,0.13513912248089463,0.08861664749230434,1.0,0.944267259431075,0.05573274056892497
1730,YKR034W YBL068W,0.0,NA,2.4342776683283773e-08,2850,29310,1731,0,0.13516862883951491,0.08861940298507463,1.0,0.9442350439740987,0.05576495602590123
1731,YMR069W YDR510W,0.0,NA,2.4522050168229725e-08,2850,29309,1732,0,0.1351981351981352,0.08862215864921173,1.0,0.9442028285171226,0.05579717148287749
1732,YOR273C YPL145C,0.0,NA,2.4590294245285804e-08,2850,29308,1733,0,0.13522764155675548,0.08862491448473164,1.0,0.9441706130601463,0.055829386939853745
1733,YPR154W YDR404C,0.0,NA,2.4697651923588637e-08,2850,29307,1734,0,0.13525714791537577,0.08862767049165034,1.0,0.94413839760317,0.055861602396829996
1734,YBR095C YHR068W,0.0,NA,2.4820101529599015e-08,2850,29306,1735,0,0.13528665427399605,0.08863042666998383,1.0,0.9441061821461938,0.05589381785380625
1735,YML091C YCL044C,0.0,NA,2.4851793511970754e-08,2850,29305,1736,0,0.13531616063261634,0.0886331830197481,1.0,0.9440739666892175,0.05592603331078251
1736,YNL132W YHR110W,0.0,NA,2.496234152715715e-08,2850,29304,1737,0,0.13534566699123662,0.08863593954095914,1.0,0.9440417512322412,0.05595824876775877
1737,YGR060W YOR040W,0.0,NA,2.519644404230803e-08,2850,29303,1738,0,0.13537517334985688,0.08863869623363295,1.0,0.9440095357752649,0.055990464224735026
1738,YDL059C YLR324W,0.0,NA,2.519822217550427e-08,2850,29302,1739,0,0.13540467970847717,0.08864145309778552,1.0,0.9439773203182887,0.056022679681711283
1739,YJL212C YBR263W,0.0,NA,2.521827191515058e-08,2850,29301,1740,0,0.13543418606709745,0.08864421013343286,1.0,0.9439451048613124,0.05605489513868754
1740,YLR353W YOL065C,0.0,NA,2.5234486500380626e-08,2850,29300,1741,0,0.13546369242571774,0.08864696734059098,1.0,0.9439128894043362,0.0560871105956638
1741,YPL273W YOR003W,0.0,NA,2.529409393048354e-08,2850,29299,1742,0,0.13549319878433802,0.08864972471927587,1.0,0.94388067394736,0.056119326052640056
1742,YFL013C YER120W,0.0,NA,2.5424885308211742e-08,2850,29298,1743,0,0.1355227051429583,0.08865248226950355,1.0,0.9438484584903837,0.056151541509616314
1743,YIR026C YBR042C,0.0,NA,2.5445212159525e-08,2850,29297,1744,0,0.1355522115015786,0.08865523999129,1.0,0.9438162430334074,0.05618375696659257
1744,YFR005C YBL064C,0.0,NA,2.5580492390986365e-08,2850,29296,1745,0,0.13558171786019887,0.08865799788465129,1.0,0.9437840275764312,0.05621597242356883
1745,YCL031C YNR075W,0.0,NA,2.558956779807886e-08,2850,29295,1746,0,0.13561122421881916,0.08866075594960336,1.0,0.9437518121194549,0.056248187880545086
1746,YOR257W YMR077C,0.0,NA,2.581852243110916e-08,2850,29294,1747,0,0.13564073057743944,0.08866351418616226,1.0,0.9437195966624786,0.056280403337521344
1747,YHR136C YIR041W,0.0,NA,2.5871464970350644e-08,2850,29293,1748,0,0.13567023693605973,0.08866627259434402,1.0,0.9436873812055024,0.0563126187944976
1748,YNL178W YBR019C,0.0,NA,2.5911662149269432e-08,2850,29292,1749,0,0.13569974329468001,0.08866903117416465,1.0,0.9436551657485261,0.05634483425147386
1749,YDR499W YCR057C,0.0,NA,2.613851179944504e-08,2850,29291,1750,0,0.1357292496533003,0.08867178992564015,1.0,0.9436229502915499,0.05637704970845012
1750,YJR103W YKL035W,0.0,NA,2.6173832878839676e-08,2850,29290,1751,0,0.13575875601192056,0.08867454884878656,1.0,0.9435907348345737,0.056409265165426374
1751,YER055C YDR046C,0.0,NA,2.6247173323667994e-08,2850,29289,1752,0,0.13578826237054084,0.0886773079436199,1.0,0.9435585193775974,0.05644148062240263
1752,YOR084W YDR037W,0.0,NA,2.6325539081994975e-08,2850,29288,1753,0,0.13581776872916113,0.0886800672101562,1.0,0.9435263039206211,0.05647369607937889
1753,YNL061W YLR386W,0.0,NA,2.646494223768059e-08,2850,29287,1754,0,0.1358472750877814,0.08868282664841148,1.0,0.9434940884636449,0.05650591153635514
1754,YNL051W YNL186W,0.0,NA,2.6543146347535185e-08,2850,29286,1755,0,0.1358767814464017,0.0886855862584018,1.0,0.9434618730066686,0.0565381269933314
1755,YOR134W YJL050W,0.0,NA,2.669892396056639e-08,2850,29285,1756,0,0.13590628780502198,0.08868834604014314,1.0,0.9434296575496923,0.056570342450307655
1756,YNL096C YDR287W,0.0,NA,2.6898064220404194e-08,2850,29284,1757,0,0.13593579416364227,0.08869110599365158,1.0,0.943397442092716,0.05660255790728391
1757,YNL183C YMR246W,0.0,NA,2.6898527849539278e-08,2850,29283,1758,0,0.13596530052226255,0.08869386611894314,1.0,0.9433652266357399,0.05663477336426017
1758,YCL033C YGR142W,0.0,NA,2.6994948498781923e-08,2850,29282,1759,0,0.13599480688088283,0.08869662641603386,1.0,0.9433330111787636,0.05666698882123643
1759,YER054C YLR389C,0.0,NA,2.7139657632346825e-08,2850,29281,1760,0,0.13602431323950312,0.08869938688493978,1.0,0.9433007957217873,0.056699204278212685
1760,YFL022C YBR289W,0.0,NA,2.722811132116476e-08,2850,29280,1761,0,0.1360538195981234,0.08870214752567694,1.0,0.9432685802648111,0.05673141973518894
1761,YMR044W YKR055W,0.0,NA,2.72611107021703e-08,2850,29279,1762,0,0.1360833259567437,0.08870490833826139,1.0,0.9432363648078348,0.0567636351921652
1762,YGR195W YOR367W,0.0,NA,2.7285299353252412e-08,2850,29278,1763,0,0.13611283231536397,0.08870766932270917,1.0,0.9432041493508585,0.05679585064914146
1763,YOR030W YML067C,0.0,NA,2.7293316051668626e-08,2850,29277,1764,0,0.13614233867398423,0.08871043047903633,1.0,0.9431719338938823,0.056828066106117715
1764,YGL037C YDL170W,0.0,NA,2.7306226613177387e-08,2850,29276,1765,0,0.13617184503260452,0.08871319180725892,1.0,0.943139718436906,0.05686028156309397
1765,YDL127W YHR075C,0.0,NA,2.7358202814298238e-08,2850,29275,1766,0,0.1362013513912248,0.088715953307393,1.0,0.9431075029799297,0.05689249702007023
1766,YOR109W YJR035W,0.0,NA,2.740505067322374e-08,2850,29274,1767,0,0.13623085774984509,0.08871871497945462,1.0,0.9430752875229536,0.05692471247704649
1767,YAL054C YOR087W,0.0,NA,2.7446112937923317e-08,2850,29273,1768,0,0.13626036410846537,0.08872147682345982,1.0,0.9430430720659773,0.056956927934022746
1768,YGR221C YDL223C,0.0,NA,2.752595840149752e-08,2850,29272,1769,0,0.13628987046708566,0.0887242388394247,1.0,0.943010856609001,0.056989143390999
1769,YLL028W YKL085W,0.0,NA,2.7613248576585647e-08,2850,29271,1770,0,0.13631937682570594,0.08872700102736528,1.0,0.9429786411520248,0.05702135884797526
1770,YDR184C YPR120C,0.0,NA,2.785637676083752e-08,2850,29270,1771,0,0.13634888318432623,0.08872976338729763,1.0,0.9429464256950485,0.05705357430495152
1771,YFL048C YHR046C,0.0,NA,2.805355059365411e-08,2850,29269,1772,0,0.1363783895429465,0.08873252591923783,1.0,0.9429142102380722,0.057085789761927776
1772,YML011C YMR199W,0.0,NA,2.8175223931725668e-08,2850,29268,1773,0,0.1364078959015668,0.08873528862320194,1.0,0.942881994781096,0.05711800521890403
1773,YPL248C YOR073W,0.0,NA,2.8220778602872088e-08,2850,29267,1774,0,0.13643740226018708,0.08873805149920602,1.0,0.9428497793241197,0.05715022067588029
1774,YKR094C YAR031W,0.0,NA,2.8246519789831837e-08,2850,29266,1775,0,0.13646690861880736,0.08874081454726616,1.0,0.9428175638671434,0.05718243613285654
1775,YMR305C YOR063W,0.0,NA,2.825616363111294e-08,2850,29265,1776,0,0.13649641497742765,0.08874357776739841,1.0,0.9427853484101671,0.0572146515898328
1776,YIL048W YDL022W,0.0,NA,2.8274548924400733e-08,2850,29264,1777,0,0.1365259213360479,0.08874634115961885,1.0,0.942753132953191,0.057246867046809057
1777,YJR110W YDR110W,0.0,NA,2.8335284341096667e-08,2850,29263,1778,0,0.1365554276946682,0.08874910472394358,1.0,0.9427209174962147,0.057279082503785314
1778,YDL222C YOR117W,0.0,NA,2.846545221757424e-08,2850,29262,1779,0,0.13658493405328848,0.08875186846038864,1.0,0.9426887020392384,0.05731129796076157
1779,YKL020C YNR059W,0.0,NA,2.849228586399022e-08,2850,29261,1780,0,0.13661444041190876,0.08875463236897013,1.0,0.9426564865822622,0.05734351341773783
1780,YBL074C YDR259C,0.0,NA,2.852045000167891e-08,2850,29260,1781,0,0.13664394677052905,0.08875739644970414,1.0,0.9426242711252859,0.05737572887471409
1781,YOL082W YGR154C,0.0,NA,2.8555506403904474e-08,2850,29259,1782,0,0.13667345312914933,0.08876016070260674,1.0,0.9425920556683096,0.057407944331690344
1782,YNL149C YML091C,0.0,NA,2.86446404373919e-08,2850,29258,1783,0,0.13670295948776962,0.08876292512769403,1.0,0.9425598402113334,0.0574401597886666
1783,YAL054C YBL047C,0.0,NA,2.8660052109330536e-08,2850,29257,1784,0,0.1367324658463899,0.0887656897249821,1.0,0.9425276247543571,0.05747237524564286
1784,YDR184C YLR045C,0.0,NA,2.870381798913968e-08,2850,29256,1785,0,0.13676197220501018,0.08876845449448702,1.0,0.9424954092973808,0.05750459070261912
1785,YDL209C YNR046W,0.0,NA,2.873251858659387e-08,2850,29255,1786,0,0.13679147856363047,0.08877121943622489,1.0,0.9424631938404047,0.057536806159595374
1786,YGL127C YJL033W,0.0,NA,2.8844645783010492e-08,2850,29254,1787,0,0.13682098492225075,0.0887739845502118,1.0,0.9424309783834284,0.05756902161657163
1787,YMR004W YLR251W,0.0,NA,2.8879766134082274e-08,2850,29253,1788,0,0.13685049128087104,0.08877674983646389,1.0,0.9423987629264521,0.05760123707354789
1788,YPR018W YDR037W,0.0,NA,2.9003915713587958e-08,2850,29252,1789,0,0.1368799976394913,0.0887795152949972,1.0,0.9423665474694759,0.05763345253052415
1789,YNL216W YKL144C,0.0,NA,2.9046988814229735e-08,2850,29251,1790,0,0.13690950399811158,0.08878228092582785,1.0,0.9423343320124996,0.057665667987500405
1790,YIL148W YDR046C,0.0,NA,2.9152220193395806e-08,2850,29250,1791,0,0.13693901035673187,0.08878504672897196,1.0,0.9423021165555233,0.05769788344447666
1791,YGR061C YFL058W,0.0,NA,2.9293742542790824e-08,2850,29249,1792,0,0.13696851671535215,0.08878781270444562,1.0,0.9422699010985471,0.05773009890145292
1792,YDR294C YJR055W,0.0,NA,2.9463752326819304e-08,2850,29248,1793,0,0.13699802307397244,0.08879057885226493,1.0,0.9422376856415708,0.05776231435842918
1793,YJL056C YMR301C,0.0,NA,2.975340329669507e-08,2850,29247,1794,0,0.13702752943259272,0.08879334517244603,1.0,0.9422054701845946,0.057794529815405435
1794,YHR090C YER030W,0.0,NA,2.9783327804011606e-08,2850,29246,1795,0,0.137057035791213,0.08879611166500498,1.0,0.9421732547276183,0.057826745272381685
1795,YNL124W YPL079W,0.0,NA,2.990006464642647e-08,2850,29245,1796,0,0.1370865421498333,0.08879887832995793,1.0,0.9421410392706421,0.05785896072935794
1796,YJL141C YGL240W,0.0,NA,2.994772430042758e-08,2850,29244,1797,0,0.13711604850845358,0.08880164516732099,1.0,0.9421088238136658,0.0578911761863342
1797,YGL076C YFL060C,0.0,NA,3.016263860899926e-08,2850,29243,1798,0,0.13714555486707386,0.08880441217711027,1.0,0.9420766083566895,0.05792339164331046
1798,YER045C YBR265W,0.0,NA,3.027260575549917e-08,2850,29242,1799,0,0.13717506122569414,0.08880717935934189,1.0,0.9420443928997133,0.057955607100286716
1799,YJR119C YML026C,0.0,NA,3.030137207815642e-08,2850,29241,1800,0,0.13720456758431443,0.08880994671403197,1.0,0.942012177442737,0.05798782255726297
1800,YOL067C YGR104C,0.0,NA,3.03282057245724e-08,2850,29240,1801,0,0.13723407394293471,0.08881271424119663,1.0,0.9419799619857607,0.05802003801423923
1801,YNL002C YER081W,0.0,NA,3.035216167290855e-08,2850,29239,1802,0,0.13726358030155497,0.08881548194085201,1.0,0.9419477465287845,0.05805225347121549
1802,YOL052C-A YPL036W,0.0,NA,3.038981333247648e-08,2850,29238,1803,0,0.13729308666017526,0.08881824981301421,1.0,0.9419155310718083,0.058084468928191746
1803,YLR145W YGR156W,0.0,NA,3.040802099008033e-08,2850,29237,1804,0,0.13732259301879554,0.08882101785769939,1.0,0.941883315614832,0.058116684385168
1804,YKR079C YJL019W,0.0,NA,3.042594798330356e-08,2850,29236,1805,0,0.13735209937741583,0.08882378607492364,1.0,0.9418511001578558,0.05814889984214426
1805,YDR343C YOR178C,0.0,NA,3.0469909262365036e-08,2850,29235,1806,0,0.1373816057360361,0.08882655446470314,1.0,0.9418188847008795,0.05818111529912052
1806,YBR038W YOL025W,0.0,NA,3.047397711952726e-08,2850,29234,1807,0,0.1374111120946564,0.08882932302705399,1.0,0.9417866692439032,0.058213330756096776
1807,YNL008C YJR150C,0.0,NA,3.0593891864327816e-08,2850,29233,1808,0,0.13744061845327668,0.08883209176199233,1.0,0.941754453786927,0.058245546213073034
1808,YFL014W YPR182W,0.0,NA,3.06969418772951e-08,2850,29232,1809,0,0.13747012481189697,0.08883486066953432,1.0,0.9417222383299507,0.05827776167004929
1809,YLR178C YCR093W,0.0,NA,3.083396293845908e-08,2850,29231,1810,0,0.13749963117051725,0.08883762974969608,1.0,0.9416900228729744,0.05830997712702555
1810,YKR081C YNL332W,0.0,NA,3.0886461388490716e-08,2850,29230,1811,0,0.13752913752913754,0.08884039900249377,1.0,0.9416578074159982,0.058342192584001806
1811,YBR207W YNL327W,0.0,NA,3.088941014084412e-08,2850,29229,1812,0,0.13755864388775782,0.08884316842794351,1.0,0.941625591959022,0.058374408040978064
1812,YDR009W YGL071W,0.0,NA,3.092731759579692e-08,2850,29228,1813,0,0.1375881502463781,0.08884593802606147,1.0,0.9415933765020457,0.05840662349795432
1813,YCL033C YER013W,0.0,NA,3.104060652958651e-08,2850,29227,1814,0,0.1376176566049984,0.0888487077968638,1.0,0.9415611610450694,0.05843883895493058
1814,YER142C YBL051C,0.0,NA,3.107277279923437e-08,2850,29226,1815,0,0.13764716296361865,0.08885147774036663,1.0,0.9415289455880932,0.05847105441190683
1815,YOL127W YJL047C,0.0,NA,3.1140945822016874e-08,2850,29225,1816,0,0.13767666932223893,0.08885424785658613,1.0,0.9414967301311169,0.05850326986888309
1816,YBL064C YOR204W,0.0,NA,3.121664349237108e-08,2850,29224,1817,0,0.13770617568085922,0.08885701814553844,1.0,0.9414645146741406,0.058535485325859345
1817,YLR251W YER029C,0.0,NA,3.12545971326017e-08,2850,29223,1818,0,0.1377356820394795,0.08885978860723974,1.0,0.9414322992171644,0.0585677007828356
1818,YLL052C YJL045W,0.0,NA,3.130161019271327e-08,2850,29222,1819,0,0.13776518839809979,0.08886255924170616,1.0,0.9414000837601881,0.05859991623981186
1819,YPL092W YOL127W,0.0,NA,3.13122967554591e-08,2850,29221,1820,0,0.13779469475672007,0.08886533004895389,1.0,0.9413678683032118,0.05863213169678812
1820,YFL045C YNL141W,0.0,NA,3.138404380820248e-08,2850,29220,1821,0,0.13782420111534036,0.08886810102899906,1.0,0.9413356528462357,0.058664347153764375
1821,YNR056C YLR160C,0.0,NA,3.142585924820196e-08,2850,29219,1822,0,0.13785370747396064,0.08887087218185787,1.0,0.9413034373892594,0.05869656261074063
1822,YOR348C YIL162W,0.0,NA,3.144036853086618e-08,2850,29218,1823,0,0.13788321383258093,0.08887364350754647,1.0,0.9412712219322831,0.05872877806771689
1823,YNL074C YGL186C,0.0,NA,3.14947463664339e-08,2850,29217,1824,0,0.1379127201912012,0.08887641500608101,1.0,0.9412390064753069,0.05876099352469315
1824,YDR253C YKR003W,0.0,NA,3.160619499453787e-08,2850,29216,1825,0,0.1379422265498215,0.0888791866774777,1.0,0.9412067910183306,0.058793208981669405
1825,YNL209W YHR104W,0.0,NA,3.162832484804312e-08,2850,29215,1826,0,0.13797173290844178,0.0888819585217527,1.0,0.9411745755613543,0.05882542443864566
1826,YJR046W YHL038C,0.0,NA,3.189001418490989e-08,2850,29214,1827,0,0.13800123926706206,0.08888473053892215,1.0,0.9411423601043781,0.05885763989562192
1827,YKR010C YOL120C,0.0,NA,3.197387599129797e-08,2850,29213,1828,0,0.13803074562568232,0.08888750272900228,1.0,0.9411101446474018,0.05888985535259818
1828,YKL180W YML041C,0.0,NA,3.2124805926514455e-08,2850,29212,1829,0,0.1380602519843026,0.08889027509200924,1.0,0.9410779291904255,0.058922070809574435
1829,YLR128W YCR057C,0.0,NA,3.242150370397212e-08,2850,29211,1830,0,0.1380897583429229,0.0888930476279592,1.0,0.9410457137334494,0.05895428626655069
1830,YGR289C YKL217W,0.0,NA,3.243065904712239e-08,2850,29210,1831,0,0.13811926470154318,0.08889582033686837,1.0,0.9410134982764731,0.05898650172352695
1831,YHL002W YDL079C,0.0,NA,3.252469227277288e-08,2850,29209,1832,0,0.13814877106016346,0.08889859321875293,1.0,0.9409812828194968,0.05901871718050321
1832,YIL051C YCL044C,0.0,NA,3.255038549809797e-08,2850,29208,1833,0,0.13817827741878375,0.08890136627362905,1.0,0.9409490673625205,0.059050932637479465
1833,YDR083W YPL140C,0.0,NA,3.261028780343622e-08,2850,29207,1834,0,0.13820778377740403,0.08890413950151294,1.0,0.9409168519055443,0.05908314809445572
1834,YCL054W YMR288W,0.0,NA,3.27601625826901e-08,2850,29206,1835,0,0.13823729013602432,0.08890691290242077,1.0,0.940884636448568,0.059115363551431974
1835,YLR277C YOR173W,0.0,NA,3.3034357471706244e-08,2850,29205,1836,0,0.1382667964946446,0.08890968647636874,1.0,0.9408524209915917,0.05914757900840823
1836,YKL004W YOR247W,0.0,NA,3.317529362334426e-08,2850,29204,1837,0,0.13829630285326489,0.08891246022337305,1.0,0.9408202055346155,0.05917979446538449
1837,YBR169C YMR261C,0.0,NA,3.318396579743421e-08,2850,29203,1838,0,0.13832580921188517,0.08891523414344991,1.0,0.9407879900776392,0.059212009922360746
1838,YIR021W YDR212W,0.0,NA,3.3256135623105365e-08,2850,29202,1839,0,0.13835531557050545,0.0889180082366155,1.0,0.940755774620663,0.059244225379337004
1839,YHL033C YOR386W,0.0,NA,3.328456443796313e-08,2850,29201,1840,0,0.13838482192912574,0.08892078250288603,1.0,0.9407235591636868,0.05927644083631326
1840,YGL150C YKL186C,0.0,NA,3.343957288848287e-08,2850,29200,1841,0,0.138414328287746,0.08892355694227769,1.0,0.9406913437067105,0.05930865629328952
1841,YER048W-A YNR049C,0.0,NA,3.35195231571106e-08,2850,29199,1842,0,0.13844383464636628,0.0889263315548067,1.0,0.9406591282497342,0.059340871750265776
1842,YML046W YBR026C,0.0,NA,3.35275167628879e-08,2850,29198,1843,0,0.13847334100498657,0.08892910634048927,1.0,0.940626912792758,0.059373087207242034
1843,YHR206W YDR075W,0.0,NA,3.357723699082271e-08,2850,29197,1844,0,0.13850284736360685,0.0889318812993416,1.0,0.9405946973357817,0.05940530266421829
1844,YMR041C YKR020W,0.0,NA,3.415052773902971e-08,2850,29196,1845,0,0.13853235372222714,0.08893465643137989,1.0,0.9405624818788054,0.05943751812119455
1845,YDL245C YMR271C,0.0,NA,3.440347740024663e-08,2850,29195,1846,0,0.13856186008084742,0.08893743173662037,1.0,0.9405302664218292,0.05946973357817081
1846,YKR099W YBR214W,0.0,NA,3.445417462444311e-08,2850,29194,1847,0,0.1385913664394677,0.08894020721507927,1.0,0.940498050964853,0.059501949035147064
1847,YER051W YKL085W,0.0,NA,3.448066721034593e-08,2850,29193,1848,0,0.138620872798088,0.08894298286677277,1.0,0.9404658355078767,0.05953416449212332
1848,YDL220C YDL060W,0.0,NA,3.448244001447165e-08,2850,29192,1849,0,0.13865037915670828,0.08894575869171713,1.0,0.9404336200509005,0.05956637994909958
1849,YLR383W YJL125C,0.0,NA,3.450171703889282e-08,2850,29191,1850,0,0.13867988551532856,0.08894853468992853,1.0,0.9404014045939242,0.05959859540607584
1850,YDR014W YER074W,0.0,NA,3.450178454045272e-08,2850,29190,1851,0,0.13870939187394885,0.08895131086142322,1.0,0.9403691891369479,0.059630810863052094
1851,YKL181W YMR201C,0.0,NA,3.4503628398852015e-08,2850,29189,1852,0,0.13873889823256913,0.08895408720621742,1.0,0.9403369736799716,0.05966302632002835
1852,YER179W YGL213C,0.0,NA,3.455585328993038e-08,2850,29188,1853,0,0.13876840459118941,0.08895686372432736,1.0,0.9403047582229954,0.05969524177700461
1853,YHR092C YER119C,0.0,NA,3.455974351140867e-08,2850,29187,1854,0,0.13879791094980967,0.08895964041576927,1.0,0.9402725427660191,0.05972745723398087
1854,YBR114W YLL057C,0.0,NA,3.486223221216278e-08,2850,29186,1855,0,0.13882741730842996,0.08896241728055937,1.0,0.9402403273090428,0.059759672690957125
1855,YER045C YLR409C,0.0,NA,3.514846724783638e-08,2850,29185,1856,0,0.13885692366705024,0.0889651943187139,1.0,0.9402081118520667,0.059791888147933375
1856,YLR054C YDR085C,0.0,NA,3.5187905922384743e-08,2850,29184,1857,0,0.13888643002567053,0.08896797153024912,1.0,0.9401758963950904,0.05982410360490963
1857,YJR131W YOR120W,0.0,NA,3.530131564843941e-08,2850,29183,1858,0,0.1389159363842908,0.08897074891518122,1.0,0.9401436809381141,0.05985631906188589
1858,YHL033C YPR046W,0.0,NA,3.5329065894984524e-08,2850,29182,1859,0,0.1389454427429111,0.08897352647352648,1.0,0.9401114654811379,0.05988853451886215
1859,YDR440W YMR069W,0.0,NA,3.5536274367586884e-08,2850,29181,1860,0,0.13897494910153138,0.08897630420530112,1.0,0.9400792500241616,0.059920749975838405
1860,YOL091W YJL177W,0.0,NA,3.5615052240700606e-08,2850,29180,1861,0,0.13900445546015167,0.08897908211052138,1.0,0.9400470345671853,0.05995296543281466
1861,YPR137W YGR198W,0.0,NA,3.5649918572744355e-08,2850,29179,1862,0,0.13903396181877195,0.08898186018920354,1.0,0.9400148191102091,0.05998518088979092
1862,YDL247W YOL067C,0.0,NA,3.5660050912156294e-08,2850,29178,1863,0,0.13906346817739224,0.08898463844136381,1.0,0.9399826036532328,0.06001739634676718
1863,YDL113C YBR203W,0.0,NA,3.5661614106174966e-08,2850,29177,1864,0,0.13909297453601252,0.08898741686701846,1.0,0.9399503881962565,0.060049611803743436
1864,YNL110C YDR182W,0.0,NA,3.574510287762678e-08,2850,29176,1865,0,0.1391224808946328,0.08899019546618372,1.0,0.9399181727392804,0.06008182726071969
1865,YIL040W YDL179W,0.0,NA,3.584191432537409e-08,2850,29175,1866,0,0.13915198725325306,0.08899297423887588,1.0,0.9398859572823041,0.06011404271769595
1866,YDL137W YOL032W,0.0,NA,3.588808539234378e-08,2850,29174,1867,0,0.13918149361187335,0.08899575318511117,1.0,0.9398537418253278,0.06014625817467221
1867,YKL104C YNR007C,0.0,NA,3.594940523043988e-08,2850,29173,1868,0,0.13921099997049363,0.08899853230490586,1.0,0.9398215263683516,0.060178473631648466
1868,YBR169C YEL055C,0.0,NA,3.599516773533651e-08,2850,29172,1869,0,0.13924050632911392,0.08900131159827618,1.0,0.9397893109113753,0.06021068908862472
1869,YPR137W YNR060W,0.0,NA,3.6138530390417145e-08,2850,29171,1870,0,0.1392700126877342,0.08900409106523843,1.0,0.939757095454399,0.06024290454560098
1870,YGL216W YOL124C,0.0,NA,3.627436839792608e-08,2850,29170,1871,0,0.1392995190463545,0.08900687070580887,1.0,0.9397248799974227,0.06027512000257724
1871,YDR283C YGL147C,0.0,NA,3.6291808669375314e-08,2850,29169,1872,0,0.13932902540497477,0.08900965052000374,1.0,0.9396926645404465,0.060307335459553496
1872,YNL002C YDR346C,0.0,NA,3.644274571001915e-08,2850,29168,1873,0,0.13935853176359506,0.08901243050783934,1.0,0.9396604490834702,0.060339550916529754
1873,YMR004W YPR030W,0.0,NA,3.6515665158276533e-08,2850,29167,1874,0,0.13938803812221534,0.08901521066933192,1.0,0.939628233626494,0.06037176637350601
1874,YGL026C YHR106W,0.0,NA,3.690334793304828e-08,2850,29166,1875,0,0.13941754448083563,0.08901799100449775,1.0,0.9395960181695178,0.06040398183048227
1875,YOL091W YGL071W,0.0,NA,3.6982264361995476e-08,2850,29165,1876,0,0.1394470508394559,0.08902077151335312,1.0,0.9395638027125415,0.06043619728745852
1876,YPR065W YDR392W,0.0,NA,3.7010845943541426e-08,2850,29164,1877,0,0.1394765571980762,0.08902355219591429,1.0,0.9395315872555652,0.06046841274443478
1877,YMR159C YNR057C,0.0,NA,3.701783057863395e-08,2850,29163,1878,0,0.13950606355669648,0.08902633305219755,1.0,0.939499371798589,0.060500628201411034
1878,YJR119C YPL163C,0.0,NA,3.70750683487131e-08,2850,29162,1879,0,0.13953556991531674,0.08902911408221917,1.0,0.9394671563416127,0.06053284365838729
1879,YPL198W YMR125W,0.0,NA,3.7140964082027494e-08,2850,29161,1880,0,0.13956507627393702,0.08903189528599544,1.0,0.9394349408846364,0.06056505911536355
1880,YDR251W YFL026W,0.0,NA,3.7178313760932724e-08,2850,29160,1881,0,0.1395945826325573,0.08903467666354264,1.0,0.9394027254276602,0.06059727457233981
1881,YMR006C YPL003W,0.0,NA,3.725966735146358e-08,2850,29159,1882,0,0.1396240889911776,0.08903745821487706,1.0,0.9393705099706839,0.060629490029316065
1882,YGR049W YDR213W,0.0,NA,3.726194464093169e-08,2850,29158,1883,0,0.13965359534979788,0.08904023994001499,1.0,0.9393382945137077,0.06066170548629232
1883,YMR307W YIL007C,0.0,NA,3.731913267301934e-08,2850,29157,1884,0,0.13968310170841816,0.08904302183897272,1.0,0.9393060790567315,0.06069392094326858
1884,YDR251W YAL019W,0.0,NA,3.7575045297444376e-08,2850,29156,1885,0,0.13971260806703845,0.08904580391176654,1.0,0.9392738635997552,0.06072613640024484
1885,YKL184W YHR137W,0.0,NA,3.766164624607882e-08,2850,29155,1886,0,0.13974211442565873,0.08904858615841275,1.0,0.9392416481427789,0.060758351857221095
1886,YCL043C YCR061W,0.0,NA,3.769449108403933e-08,2850,29154,1887,0,0.13977162078427902,0.08905136857892763,1.0,0.9392094326858027,0.06079056731419735
1887,YGL104C YNR041C,0.0,NA,3.771346968051148e-08,2850,29153,1888,0,0.1398011271428993,0.0890541511733275,1.0,0.9391772172288264,0.06082278277117361
1888,YDR403W YJL177W,0.0,NA,3.814551163827673e-08,2850,29152,1889,0,0.13983063350151959,0.08905693394162865,1.0,0.9391450017718501,0.06085499822814987
1889,YDL061C YKL011C,0.0,NA,3.8232631283108276e-08,2850,29151,1890,0,0.13986013986013987,0.08905971688384738,1.0,0.9391127863148738,0.060887213685126125
1890,YBR152W YPL052W,0.0,NA,3.8566462023936765e-08,2850,29150,1891,0,0.13988964621876016,0.0890625,1.0,0.9390805708578976,0.06091942914210238
1891,YJL153C YML128C,0.0,NA,3.858117736399436e-08,2850,29149,1892,0,0.1399191525773804,0.08906528329010281,1.0,0.9390483554009214,0.06095164459907864
1892,YLR466W YGL169W,0.0,NA,3.869857678751032e-08,2850,29148,1893,0,0.1399486589360007,0.08906806675417214,1.0,0.9390161399439451,0.0609838600560549
1893,YFR009W YNL339C,0.0,NA,3.8719914385865195e-08,2850,29147,1894,0,0.13997816529462098,0.08907085039222427,1.0,0.9389839244869689,0.061016075513031155
1894,YLR258W YGR206W,0.0,NA,3.8813155356365314e-08,2850,29146,1895,0,0.14000767165324127,0.08907363420427554,1.0,0.9389517090299926,0.06104829097000741
1895,YKR099W YLR228C,0.0,NA,3.9040205734863775e-08,2850,29145,1896,0,0.14003717801186155,0.08907641819034225,1.0,0.9389194935730163,0.06108050642698366
1896,YKL221W YOL040C,0.0,NA,3.906783518914381e-08,2850,29144,1897,0,0.14006668437048184,0.08907920235044071,1.0,0.9388872781160401,0.06111272188395992
1897,YOR156C YKL060C,0.0,NA,3.951222282694289e-08,2850,29143,1898,0,0.14009619072910212,0.08908198668458725,1.0,0.9388550626590638,0.06114493734093618
1898,YOR023C YOR063W,0.0,NA,3.959914351980842e-08,2850,29142,1899,0,0.1401256970877224,0.0890847711927982,1.0,0.9388228472020875,0.061177152797912436
1899,YGL043W YPL266W,0.0,NA,3.978310303409671e-08,2850,29141,1900,0,0.1401552034463427,0.08908755587508987,1.0,0.9387906317451113,0.061209368254888694
1900,YGR256W YNL130C,0.0,NA,3.9785906125189285e-08,2850,29140,1901,0,0.14018470980496298,0.08909034073147859,1.0,0.9387584162881351,0.06124158371186495
1901,YJR064W YDR075W,0.0,NA,3.979350182703456e-08,2850,29139,1902,0,0.14021421616358326,0.08909312576198068,1.0,0.9387262008311588,0.06127379916884121
1902,YMR091C YPL147W,0.0,NA,3.9858143452420336e-08,2850,29138,1903,0,0.14024372252220355,0.08909591096661248,1.0,0.9386939853741826,0.061306014625817466
1903,YPL189W YDL115C,0.0,NA,3.991307195860827e-08,2850,29137,1904,0,0.14027322888082383,0.08909869634539032,1.0,0.9386617699172063,0.061338230082793724
1904,YDL209C YER145C,0.0,NA,4.007226550584164e-08,2850,29136,1905,0,0.1403027352394441,0.08910148189833052,1.0,0.93862955446023,0.06137044553976998
1905,YAR035W YGR085C,0.0,NA,4.0076695739799106e-08,2850,29135,1906,0,0.14033224159806437,0.08910426762544943,1.0,0.9385973390032538,0.06140266099674624
1906,YDL239C YOR004W,0.0,NA,4.0320284000472384e-08,2850,29134,1907,0,0.14036174795668466,0.08910705352676339,1.0,0.9385651235462775,0.061434876453722496
1907,YLR451W YPR121W,0.0,NA,4.059360847463722e-08,2850,29133,1908,0,0.14039125431530494,0.08910983960228872,1.0,0.9385329080893012,0.061467091910698754
1908,YBR154C YGR288W,0.0,NA,4.0738960649377987e-08,2850,29132,1909,0,0.14042076067392523,0.08911262585204177,1.0,0.9385006926323249,0.06149930736767501
1909,YGR244C YIL084C,0.0,NA,4.078133031271136e-08,2850,29131,1910,0,0.1404502670325455,0.0891154122760389,1.0,0.9384684771753488,0.06153152282465127
1910,YHR025W YJR092W,0.0,NA,4.088171579041955e-08,2850,29130,1911,0,0.1404797733911658,0.08911819887429644,1.0,0.9384362617183725,0.06156373828162753
1911,YJL042W YEL009C,0.0,NA,4.097547900983045e-08,2850,29129,1912,0,0.14050927974978608,0.08912098564683073,1.0,0.9384040462613962,0.061595953738603784
1912,YLR406C YJR053W,0.0,NA,4.113239882030939e-08,2850,29128,1913,0,0.14053878610840637,0.08912377259365814,1.0,0.93837183080442,0.06162816919558004
1913,YDR471W YIL039W,0.0,NA,4.145405441136063e-08,2850,29127,1914,0,0.14056829246702665,0.08912655971479501,1.0,0.9383396153474437,0.0616603846525563
1914,YER117W YMR229C,0.0,NA,4.149131171971021e-08,2850,29126,1915,0,0.14059779882564694,0.0891293470102577,1.0,0.9383073998904674,0.06169260010953256
1915,YAR071W YNR057C,0.0,NA,4.1562593366961664e-08,2850,29125,1916,0,0.14062730518426722,0.08913213448006255,1.0,0.9382751844334912,0.06172481556650881
1916,YJL122W YMR236W,0.0,NA,4.156648358843995e-08,2850,29124,1917,0,0.1406568115428875,0.08913492212422594,1.0,0.9382429689765149,0.061757031023485065
1917,YMR261C YGR161C,0.0,NA,4.15900380801304e-08,2850,29123,1918,0,0.14068631790150776,0.08913770994276421,1.0,0.9382107535195386,0.06178924648046132
1918,YOR198C YNR057C,0.0,NA,4.167937106558384e-08,2850,29122,1919,0,0.14071582426012805,0.08914049793569373,1.0,0.9381785380625625,0.06182146193743758
1919,YKL210W YHR048W,0.0,NA,4.16802485858625e-08,2850,29121,1920,0,0.14074533061874833,0.08914328610303088,1.0,0.9381463226055862,0.06185367739441384
1920,YLL040C YNL220W,0.0,NA,4.1696228691989745e-08,2850,29120,1921,0,0.14077483697736862,0.08914607444479199,1.0,0.9381141071486099,0.061885892851390095
1921,YIL053W YPL256C,0.0,NA,4.174070866724833e-08,2850,29119,1922,0,0.1408043433359889,0.08914886296099346,1.0,0.9380818916916337,0.06191810830836635
1922,YAL029C YER162C,0.0,NA,4.193254099504884e-08,2850,29118,1923,0,0.1408338496946092,0.08915165165165165,1.0,0.9380496762346574,0.06195032376534261
1923,YBR086C YGR289C,0.0,NA,4.2139884470770994e-08,2850,29117,1924,0,0.14086335605322947,0.08915444051678294,1.0,0.9380174607776811,0.06198253922231887
1924,YOR123C YOL123W,0.0,NA,4.217887905610951e-08,2850,29116,1925,0,0.14089286241184976,0.08915722955640368,1.0,0.9379852453207048,0.062014754679295125
1925,YNL283C YOR202W,0.0,NA,4.2529158861270844e-08,2850,29115,1926,0,0.14092236877047004,0.08916001877053027,1.0,0.9379530298637286,0.06204697013627138
1926,YOR295W YOR120W,0.0,NA,4.26139301623607e-08,2850,29114,1927,0,0.14095187512909033,0.08916280815917908,1.0,0.9379208144067523,0.06207918559324764
1927,YAL044C YIR002C,0.0,NA,4.264758857175366e-08,2850,29113,1928,0,0.1409813814877106,0.08916559772236649,1.0,0.937888598949776,0.0621114010502239
1928,YOR191W YDR058C,0.0,NA,4.26806288089665e-08,2850,29112,1929,0,0.1410108878463309,0.08916838746010888,1.0,0.9378563834927999,0.062143616507200156
1929,YHR023W YLR009W,0.0,NA,4.275290521604802e-08,2850,29111,1930,0,0.14104039420495118,0.08917117737242264,1.0,0.9378241680358236,0.06217583196417641
1930,YKR055W YAL036C,0.0,NA,4.2867213778663427e-08,2850,29110,1931,0,0.14106990056357144,0.08917396745932415,1.0,0.9377919525788473,0.06220804742115267
1931,YDR402C YJR036C,0.0,NA,4.296585487395532e-08,2850,29109,1932,0,0.14109940692219172,0.08917675772082981,1.0,0.9377597371218711,0.06224026287812893
1932,YMR152W YDL194W,0.0,NA,4.298618350162542e-08,2850,29108,1933,0,0.141128913280812,0.089179548156956,1.0,0.9377275216648948,0.062272478335105186
1933,YOR100C YLL043W,0.0,NA,4.3335720789627885e-08,2850,29107,1934,0,0.1411584196394323,0.08918233876771912,1.0,0.9376953062079185,0.06230469379208144
1934,YHR111W YNR057C,0.0,NA,4.333737280148853e-08,2850,29106,1935,0,0.14118792599805258,0.08918512955313557,1.0,0.9376630907509423,0.0623369092490577
1935,YPR110C YPL003W,0.0,NA,4.351263882540479e-08,2850,29105,1936,0,0.14121743235667286,0.08918792051322172,1.0,0.937630875293966,0.06236912470603396
1936,YLR003C YJL103C,0.0,NA,4.3598372911901606e-08,2850,29104,1937,0,0.14124693871529315,0.089190711647994,1.0,0.9375986598369898,0.06240134016301021
1937,YLR054C YDR163W,0.0,NA,4.36068532394529e-08,2850,29103,1938,0,0.14127644507391343,0.08919350295746878,1.0,0.9375664443800136,0.06243355561998647
1938,YFR040W YOL025W,0.0,NA,4.37614176007628e-08,2850,29102,1939,0,0.14130595143253372,0.0891962944416625,1.0,0.9375342289230373,0.062465771076962724
1939,YMR091C YOR323C,0.0,NA,4.3805677307773294e-08,2850,29101,1940,0,0.141335457791154,0.08919908610059153,1.0,0.937502013466061,0.06249798653393898
1940,YDL075W YDR450W,0.0,NA,4.384162011206172e-08,2850,29100,1941,0,0.14136496414977429,0.0892018779342723,1.0,0.9374697980090848,0.06253020199091525
1941,YPR065W YBR088C,0.0,NA,4.4158930734283786e-08,2850,29099,1942,0,0.14139447050839457,0.08920466994272121,1.0,0.9374375825521085,0.0625624174478915
1942,YOR307C YHR008C,0.0,NA,4.4190862524828844e-08,2850,29098,1943,0,0.14142397686701483,0.08920746212595468,1.0,0.9374053670951322,0.06259463290486776
1943,YJL164C YBR223C,0.0,NA,4.424872912522915e-08,2850,29097,1944,0,0.1414534832256351,0.0892102544839891,1.0,0.9373731516381559,0.06262684836184401
1944,YKR080W YGR274C,0.0,NA,4.4323311243488206e-08,2850,29096,1945,0,0.1414829895842554,0.08921304701684092,1.0,0.9373409361811798,0.06265906381882028
1945,YIR030C YLL012W,0.0,NA,4.4663273968126305e-08,2850,29095,1946,0,0.14151249594287568,0.08921583972452653,1.0,0.9373087207242035,0.06269127927579653
1946,YNL164C YOR095C,0.0,NA,4.4670855459116865e-08,2850,29094,1947,0,0.14154200230149597,0.08921863260706236,1.0,0.9372765052672272,0.06272349473277278
1947,YDL132W YKR019C,0.0,NA,4.480106952087226e-08,2850,29093,1948,0,0.14157150866011625,0.08922142566446482,1.0,0.937244289810251,0.06275571018974904
1948,YPL167C YER062C,0.0,NA,4.489464444645819e-08,2850,29092,1949,0,0.14160101501873654,0.08922421889675036,1.0,0.9372120743532747,0.06278792564672529
1949,YDR335W YHL036W,0.0,NA,4.5181565155871795e-08,2850,29091,1950,0,0.14163052137735682,0.08922701230393539,1.0,0.9371798588962984,0.06282014110370156
1950,YDR490C YBR249C,0.0,NA,4.535346320722056e-08,2850,29090,1951,0,0.1416600277359771,0.08922980588603632,1.0,0.9371476434393222,0.06285235656067781
1951,YJL167W YDR030C,0.0,NA,4.554617660801341e-08,2850,29089,1952,0,0.1416895340945974,0.08923259964306961,1.0,0.9371154279823459,0.06288457201765407
1952,YGR256W YLR180W,0.0,NA,4.562669175811607e-08,2850,29088,1953,0,0.14171904045321768,0.08923539357505167,1.0,0.9370832125253696,0.06291678747463032
1953,YDR252W YML123C,0.0,NA,4.563269584423324e-08,2850,29087,1954,0,0.14174854681183796,0.08923818768199894,1.0,0.9370509970683935,0.06294900293160659
1954,YPL243W YGL238W,0.0,NA,4.568076406030741e-08,2850,29086,1955,0,0.14177805317045825,0.08924098196392785,1.0,0.9370187816114172,0.06298121838858284
1955,YFR010W YIL084C,0.0,NA,4.583498380839046e-08,2850,29085,1956,0,0.1418075595290785,0.08924377642085486,1.0,0.9369865661544409,0.0630134338455591
1956,YER100W YBR142W,0.0,NA,4.597218250523838e-08,2850,29084,1957,0,0.1418370658876988,0.08924657105279639,1.0,0.9369543506974647,0.06304564930253535
1957,YKR069W YMR322C,0.0,NA,4.6176502621619875e-08,2850,29083,1958,0,0.14186657224631907,0.08924936585976889,1.0,0.9369221352404884,0.06307786475951162
1958,YDL184C YHR036W,0.0,NA,4.6509740059264004e-08,2850,29082,1959,0,0.14189607860493936,0.0892521608417888,1.0,0.9368899197835121,0.06311008021648787
1959,YMR301C YNR059W,0.0,NA,4.655163365896442e-08,2850,29081,1960,0,0.14192558496355964,0.08925495599887256,1.0,0.9368577043265359,0.06314229567346413
1960,YOR340C YOR293W,0.0,NA,4.664228825390637e-08,2850,29080,1961,0,0.14195509132217993,0.08925775133103664,1.0,0.9368254888695596,0.06317451113044038
1961,YJL091C YGR142W,0.0,NA,4.6782435703107694e-08,2850,29079,1962,0,0.1419845976808002,0.08926054683829747,1.0,0.9367932734125833,0.06320672658741665
1962,YPR095C YGL001C,0.0,NA,4.680858012306999e-08,2850,29078,1963,0,0.1420141040394205,0.08926334252067152,1.0,0.936761057955607,0.0632389420443929
1963,YPR144C YFR015C,0.0,NA,4.68402845399396e-08,2850,29077,1964,0,0.14204361039804078,0.08926613837817521,1.0,0.9367288424986309,0.06327115750136916
1964,YOR100C YDR372C,0.0,NA,4.71864147755241e-08,2850,29076,1965,0,0.14207311675666107,0.08926893441082503,1.0,0.9366966270416546,0.06330337295834541
1965,YDR451C YOL132W,0.0,NA,4.7223512211758134e-08,2850,29075,1966,0,0.14210262311528135,0.08927173061863743,1.0,0.9366644115846783,0.06333558841532168
1966,YPL123C YNL262W,0.0,NA,4.743330705991866e-08,2850,29074,1967,0,0.14213212947390164,0.08927452700162887,1.0,0.9366321961277021,0.06336780387229793
1967,YNL047C YDR001C,0.0,NA,4.766829420077556e-08,2850,29073,1968,0,0.14216163583252192,0.08927732355981581,1.0,0.9365999806707258,0.06340001932927418
1968,YML004C YBL039C,0.0,NA,4.76688413186821e-08,2850,29072,1969,0,0.14219114219114218,0.08928012029321471,1.0,0.9365677652137495,0.06343223478625044
1969,YGL038C YGR230W,0.0,NA,4.769703565443706e-08,2850,29071,1970,0,0.14222064854976246,0.08928291720184205,1.0,0.9365355497567733,0.0634644502432267
1970,YIL090W YER098W,0.0,NA,4.7775888134538036e-08,2850,29070,1971,0,0.14225015490838275,0.08928571428571429,1.0,0.936503334299797,0.06349666570020296
1971,YDR317W YHR123W,0.0,NA,4.788170215874743e-08,2850,29069,1972,0,0.14227966126700303,0.08928851154484789,1.0,0.9364711188428207,0.06352888115717921
1972,YBR211C YML100W,0.0,NA,4.793817964809932e-08,2850,29068,1973,0,0.14230916762562332,0.08929130897925935,1.0,0.9364389033858446,0.06356109661415547
1973,YJR104C YJL219W,0.0,NA,4.807809617091152e-08,2850,29067,1974,0,0.1423386739842436,0.08929410658896512,1.0,0.9364066879288683,0.06359331207113172
1974,YCL040W YJL153C,0.0,NA,4.811974818608178e-08,2850,29066,1975,0,0.1423681803428639,0.0892969043739817,1.0,0.936374472471892,0.06362552752810799
1975,YKR053C YEL012W,0.0,NA,4.867731107083273e-08,2850,29065,1976,0,0.14239768670148417,0.08929970233432555,1.0,0.9363422570149158,0.06365774298508424
1976,YDR261C YOR361C,0.0,NA,4.877694692595469e-08,2850,29064,1977,0,0.14242719306010446,0.08930250047001316,1.0,0.9363100415579395,0.0636899584420605
1977,YMR212C YGL205W,0.0,NA,4.9043379135582654e-08,2850,29063,1978,0,0.14245669941872474,0.08930529878106101,1.0,0.9362778261009632,0.06372217389903675
1978,YGL135W YDR211W,0.0,NA,4.9355019626773355e-08,2850,29062,1979,0,0.14248620577734503,0.08930809726748559,1.0,0.936245610643987,0.06375438935601302
1979,YGR086C YLL012W,0.0,NA,4.936000763677839e-08,2850,29061,1980,0,0.1425157121359653,0.08931089592930337,1.0,0.9362133951870107,0.06378660481298927
1980,YJR104C YPL043W,0.0,NA,4.941482956155596e-08,2850,29060,1981,0,0.1425452184945856,0.08931369476653087,1.0,0.9361811797300345,0.06381882026996553
1981,YOR321W YMR092C,0.0,NA,4.952881127451292e-08,2850,29059,1982,0,0.14257472485320585,0.08931649377918456,1.0,0.9361489642730582,0.06385103572694178
1982,YKL082C YHR085W,0.0,NA,4.963151667425336e-08,2850,29058,1983,0,0.14260423121182614,0.08931929296728093,1.0,0.936116748816082,0.06388325118391805
1983,YER119C YIL168W,0.0,NA,4.979280276984355e-08,2850,29057,1984,0,0.14263373757044642,0.08932209233083649,1.0,0.9360845333591057,0.0639154666408943
1984,YER142C YGR170W,0.0,NA,4.982425139132829e-08,2850,29056,1985,0,0.1426632439290667,0.08932489186986774,1.0,0.9360523179021294,0.06394768209787056
1985,YLR423C YGL197W,0.0,NA,5.0030227072284106e-08,2850,29055,1986,0,0.142692750287687,0.08932769158439116,1.0,0.9360201024451532,0.06397989755484682
1986,YPL146C YDL135C,0.0,NA,5.005113123957017e-08,2850,29054,1987,0,0.14272225664630728,0.08933049147442328,1.0,0.9359878869881769,0.06401211301182307
1987,YNL072W YOR120W,0.0,NA,5.006163661391838e-08,2850,29053,1988,0,0.14275176300492756,0.08933329153998057,1.0,0.9359556715312006,0.06404432846879933
1988,YKR056W YIL097W,0.0,NA,5.03807981999671e-08,2850,29052,1989,0,0.14278126936354785,0.08933609178107955,1.0,0.9359234560742244,0.06407654392577558
1989,YER009W YML098W,0.0,NA,5.042396367116453e-08,2850,29051,1990,0,0.14281077572216813,0.08933889219773675,1.0,0.9358912406172482,0.06410875938275185
1990,YCR082W YIL037C,0.0,NA,5.0771873816302104e-08,2850,29050,1991,0,0.14284028208078842,0.08934169278996865,1.0,0.9358590251602719,0.0641409748397281
1991,YDR073W YDL002C,0.0,NA,5.09544584303967e-08,2850,29049,1992,0,0.1428697884394087,0.08934449355779178,1.0,0.9358268097032957,0.06417319029670436
1992,YML100W YEL055C,0.0,NA,5.0995577538515136e-08,2850,29048,1993,0,0.142899294798029,0.08934729450122264,1.0,0.9357945942463194,0.06420540575368061
1993,YMR104C YML080W,0.0,NA,5.1013380186759605e-08,2850,29047,1994,0,0.14292880115664927,0.08935009562027776,1.0,0.9357623787893431,0.06423762121065688
1994,YDL223C YBL051C,0.0,NA,5.1016108670864924e-08,2850,29046,1995,0,0.14295830751526953,0.08935289691497367,1.0,0.9357301633323669,0.06426983666763313
1995,YOR109W YPR007C,0.0,NA,5.11127247193599e-08,2850,29045,1996,0,0.1429878138738898,0.08935569838532685,1.0,0.9356979478753906,0.06430205212460939
1996,YNL062C YBR098W,0.0,NA,5.1114291466092254e-08,2850,29044,1997,0,0.1430173202325101,0.08935850003135386,1.0,0.9356657324184143,0.06433426758158564
1997,YLR216C YBR257W,0.0,NA,5.1167834413945457e-08,2850,29043,1998,0,0.14304682659113038,0.0893613018530712,1.0,0.9356335169614381,0.0643664830385619
1998,YDL212W YMR137C,0.0,NA,5.137369285534987e-08,2850,29042,1999,0,0.14307633294975067,0.08936410385049542,1.0,0.9356013015044619,0.06439869849553816
1999,YER019W YOR363C,0.0,NA,5.168662653431966e-08,2850,29041,2000,0,0.14310583930837095,0.08936690602364303,1.0,0.9355690860474856,0.06443091395251442
2000,YOR123C YOR028C,0.0,NA,5.174531736429344e-08,2850,29040,2001,0,0.14313534566699124,0.08936970837253057,1.0,0.9355368705905093,0.06446312940949067
2001,YGR214W YKR054C,0.0,NA,5.1971529302363706e-08,2850,29039,2002,0,0.14316485202561152,0.08937251089717457,1.0,0.9355046551335331,0.06449534486646694
2002,YAL003W YNL111C,0.0,NA,5.1978076953673735e-08,2850,29038,2003,0,0.1431943583842318,0.08937531359759157,1.0,0.9354724396765568,0.06452756032344319
2003,YFR031C-A YLR307W,0.0,NA,5.204007536008248e-08,2850,29037,2004,0,0.1432238647428521,0.0893781164737981,1.0,0.9354402242195805,0.06455977578041945
2004,YIL101C YDR512C,0.0,NA,5.2063409583524844e-08,2850,29036,2005,0,0.14325337110147238,0.0893809195258107,1.0,0.9354080087626043,0.0645919912373957
2005,YDR300C YOL067C,0.0,NA,5.218251430960663e-08,2850,29035,2006,0,0.14328287746009266,0.08938372275364591,1.0,0.935375793305628,0.06462420669437197
2006,YGR178C YMR125W,0.0,NA,5.23746557234972e-08,2850,29034,2007,0,0.14331238381871295,0.08938652615732029,1.0,0.9353435778486517,0.06465642215134822
2007,YOR047C YNL283C,0.0,NA,5.273421521678756e-08,2850,29033,2008,0,0.1433418901773332,0.08938932973685036,1.0,0.9353113623916756,0.06468863760832447
2008,YIR012W YOL146W,0.0,NA,5.274215908457336e-08,2850,29032,2009,0,0.1433713965359535,0.08939213349225268,1.0,0.9352791469346993,0.06472085306530073
2009,YLR048W YGR180C,0.0,NA,5.299365213318197e-08,2850,29031,2010,0,0.14340090289457377,0.0893949374235438,1.0,0.935246931477723,0.06475306852227698
2010,YDL083C YBR114W,0.0,NA,5.341131625868911e-08,2850,29030,2011,0,0.14343040925319406,0.08939774153074027,1.0,0.9352147160207468,0.06478528397925325
2011,YER179W YJL095W,0.0,NA,5.35102273602206e-08,2850,29029,2012,0,0.14345991561181434,0.08940054581385866,1.0,0.9351825005637705,0.0648174994362295
2012,YIR002C YMR180C,0.0,NA,5.369436451019283e-08,2850,29028,2013,0,0.14348942197043463,0.08940335027291549,1.0,0.9351502851067942,0.06484971489320576
2013,YBL101C YIL071C,0.0,NA,5.388005419604269e-08,2850,29027,2014,0,0.1435189283290549,0.08940615490792735,1.0,0.935118069649818,0.06488193035018201
2014,YJL010C YDR295C,0.0,NA,5.4034625662779945e-08,2850,29026,2015,0,0.1435484346876752,0.08940895971891077,1.0,0.9350858541928417,0.06491414580715828
2015,YJL059W YMR217W,0.0,NA,5.4233805002468216e-08,2850,29025,2016,0,0.14357794104629548,0.08941176470588236,1.0,0.9350536387358654,0.06494636126413453
2016,YPR001W YGL147C,0.0,NA,5.4263811222199365e-08,2850,29024,2017,0,0.14360744740491577,0.08941456986885864,1.0,0.9350214232788893,0.06497857672111079
2017,YER096W YBL098W,0.0,NA,5.485928156190312e-08,2850,29023,2018,0,0.14363695376353605,0.08941737520785618,1.0,0.934989207821913,0.06501079217808704
2018,YPL179W YLR347C,0.0,NA,5.497019728295527e-08,2850,29022,2019,0,0.14366646012215634,0.08942018072289157,1.0,0.9349569923649367,0.06504300763506331
2019,YMR189W YMR198W,0.0,NA,5.503503430759338e-08,2850,29021,2020,0,0.1436959664807766,0.08942298641398136,1.0,0.9349247769079604,0.06507522309203956
2020,YIL097W YBR129C,0.0,NA,5.5435481982613055e-08,2850,29020,2021,0,0.14372547283939688,0.08942579228114214,1.0,0.9348925614509842,0.06510743854901582
2021,YDR021W YGL141W,0.0,NA,5.5484559169372005e-08,2850,29019,2022,0,0.14375497919801716,0.08942859832439047,1.0,0.9348603459940079,0.06513965400599207
2022,YGL238W YGL001C,0.0,NA,5.5678889054888714e-08,2850,29018,2023,0,0.14378448555663745,0.08943140454374295,1.0,0.9348281305370316,0.06517186946296834
2023,YOR370C YOR133W,0.0,NA,5.611654785298015e-08,2850,29017,2024,0,0.14381399191525773,0.08943421093921612,1.0,0.9347959150800554,0.06520408491994459
2024,YBL021C YPL019C,0.0,NA,5.6445884411004954e-08,2850,29016,2025,0,0.14384349827387802,0.08943701751082658,1.0,0.9347636996230791,0.06523630037692085
2025,YLR056W YLL052C,0.0,NA,5.649177481359402e-08,2850,29015,2026,0,0.1438730046324983,0.08943982425859093,1.0,0.9347314841661029,0.0652685158338971
2026,YBR048W YPL258C,0.0,NA,5.650566592407813e-08,2850,29014,2027,0,0.1439025109911186,0.08944263118252574,1.0,0.9346992687091267,0.06530073129087337
2027,YKL216W YGL002W,0.0,NA,5.658278467990385e-08,2850,29013,2028,0,0.14393201734973887,0.08944543828264759,1.0,0.9346670532521504,0.06533294674784962
2028,YKR019C YOR371C,0.0,NA,5.6979484241992395e-08,2850,29012,2029,0,0.14396152370835916,0.08944824555897307,1.0,0.9346348377951741,0.06536516220482587
2029,YNL172W YHL038C,0.0,NA,5.699590488461581e-08,2850,29011,2030,0,0.14399103006697944,0.08945105301151879,1.0,0.9346026223381979,0.06539737766180213
2030,YMR227C YGL208W,0.0,NA,5.717894069334761e-08,2850,29010,2031,0,0.14402053642559973,0.08945386064030132,1.0,0.9345704068812216,0.06542959311877838
2031,YBR114W YDR162C,0.0,NA,5.7270842290790824e-08,2850,29009,2032,0,0.14405004278422,0.08945666844533727,1.0,0.9345381914242453,0.06546180857575465
2032,YDR308C YOR120W,0.0,NA,5.742792197338531e-08,2850,29008,2033,0,0.14407954914284027,0.08945947642664323,1.0,0.9345059759672691,0.0654940240327309
2033,YGR258C YOL063C,0.0,NA,5.750617759758825e-08,2850,29007,2034,0,0.14410905550146055,0.0894622845842358,1.0,0.9344737605102929,0.06552623948970716
2034,YEL011W YDR183W,0.0,NA,5.762663235486798e-08,2850,29006,2035,0,0.14413856186008084,0.0894650929181316,1.0,0.9344415450533166,0.06555845494668341
2035,YGR055W YHR101C,0.0,NA,5.7882751036686386e-08,2850,29005,2036,0,0.14416806821870112,0.0894679014283472,1.0,0.9344093295963404,0.06559067040365968
2036,YLR396C YLR019W,0.0,NA,5.8015825032953217e-08,2850,29004,2037,0,0.1441975745773214,0.08947071011489922,1.0,0.9343771141393641,0.06562288586063593
2037,YGL171W YCR005C,0.0,NA,5.807650182987345e-08,2850,29003,2038,0,0.1442270809359417,0.08947351897780428,1.0,0.9343448986823878,0.0656551013176122
2038,YDR523C YDR469W,0.0,NA,5.858012386283917e-08,2850,29002,2039,0,0.14425658729456198,0.08947632801707898,1.0,0.9343126832254115,0.06568731677458844
2039,YIL131C YBL087C,0.0,NA,5.858951723780592e-08,2850,29001,2040,0,0.14428609365318226,0.08947913723273994,1.0,0.9342804677684353,0.06571953223156471
2040,YBL041W YPL026C,0.0,NA,5.859677898456539e-08,2850,29000,2041,0,0.14431560001180255,0.08948194662480377,1.0,0.934248252311459,0.06575174768854096
2041,YLR216C YDR075W,0.0,NA,5.8618915943497996e-08,2850,28999,2042,0,0.14434510637042283,0.08948475619328708,1.0,0.9342160368544827,0.06578396314551722
2042,YMR261C YLR430W,0.0,NA,5.8692307902674656e-08,2850,28998,2043,0,0.14437461272904312,0.08948756593820648,1.0,0.9341838213975066,0.06581617860249347
2043,YOL052C-A YGR148C,0.0,NA,5.871134334256567e-08,2850,28997,2044,0,0.1444041190876634,0.08949037585957861,1.0,0.9341516059405303,0.06584839405946974
2044,YDR530C YMR037C,0.0,NA,5.88678794599673e-08,2850,28996,2045,0,0.1444336254462837,0.08949318595742009,1.0,0.934119390483554,0.06588060951644599
2045,YDR507C YMR167W,0.0,NA,5.8929671808982675e-08,2850,28995,2046,0,0.14446313180490394,0.08949599623174753,1.0,0.9340871750265778,0.06591282497342225
2046,YNL149C YJL112W,0.0,NA,5.932505686701006e-08,2850,28994,2047,0,0.14449263816352423,0.08949880668257756,1.0,0.9340549595696015,0.0659450404303985
2047,YOR340C YMR078C,0.0,NA,5.968985306026298e-08,2850,28993,2048,0,0.1445221445221445,0.08950161730992683,1.0,0.9340227441126252,0.06597725588737476
2048,YIL162W YLR238W,0.0,NA,6.009286579455875e-08,2850,28992,2049,0,0.1445516508807648,0.08950442811381194,1.0,0.933990528655649,0.06600947134435102
2049,YKL014C YMR081C,0.0,NA,6.020035669962454e-08,2850,28991,2050,0,0.14458115723938508,0.08950723909424955,1.0,0.9339583131986727,0.06604168680132727
2050,YLR308W YDR173C,0.0,NA,6.046860789865605e-08,2850,28990,2051,0,0.14461066359800537,0.08951005025125629,1.0,0.9339260977416964,0.06607390225830354
2051,YER179W YNL201C,0.0,NA,6.054500545360497e-08,2850,28989,2052,0,0.14464016995662565,0.08951286158484877,1.0,0.9338938822847203,0.06610611771527979
2052,YPL143W YOR254C,0.0,NA,6.054951029454969e-08,2850,28988,2053,0,0.14466967631524594,0.08951567309504366,1.0,0.933861666827744,0.06613833317225605
2053,YIL162W YBR066C,0.0,NA,6.060577817379453e-08,2850,28987,2054,0,0.14469918267386622,0.08951848478185759,1.0,0.9338294513707677,0.0661705486292323
2054,YBR068C YMR184W,0.0,NA,6.064926338922305e-08,2850,28986,2055,0,0.1447286890324865,0.0895212966453072,1.0,0.9337972359137915,0.06620276408620857
2055,YLR385C YKL035W,0.0,NA,6.066210289645824e-08,2850,28985,2056,0,0.1447581953911068,0.08952410868540914,1.0,0.9337650204568152,0.06623497954318482
2056,YDR397C YNL099C,0.0,NA,6.084623294100311e-08,2850,28984,2057,0,0.14478770174972708,0.08952692090218006,1.0,0.9337328049998389,0.06626719500016108
2057,YPL079W YLR467W,0.0,NA,6.111386596785451e-08,2850,28983,2058,0,0.14481720810834736,0.0895297332956366,1.0,0.9337005895428626,0.06629941045713733
2058,YGL037C YDR277C,0.0,NA,6.127692131485674e-08,2850,28982,2059,0,0.14484671446696762,0.08953254586579543,1.0,0.9336683740858864,0.0663316259141136
2059,YKL174C YAL028W,0.0,NA,6.128159668605804e-08,2850,28981,2060,0,0.1448762208255879,0.08953535861267319,1.0,0.9336361586289101,0.06636384137108985
2060,YKL172W YHR104W,0.0,NA,6.140714248203949e-08,2850,28980,2061,0,0.1449057271842082,0.08953817153628653,1.0,0.9336039431719338,0.06639605682806611
2061,YKL192C YER081W,0.0,NA,6.174409605819164e-08,2850,28979,2062,0,0.14493523354282847,0.08954098463665211,1.0,0.9335717277149577,0.06642827228504236
2062,YOL031C YPR187W,0.0,NA,6.21020816993223e-08,2850,28978,2063,0,0.14496473990144876,0.0895437979137866,1.0,0.9335395122579814,0.06646048774201863
2063,YOR124C YPR160W,0.0,NA,6.26165004291579e-08,2850,28977,2064,0,0.14499424626006904,0.08954661136770667,1.0,0.9335072968010051,0.06649270319899488
2064,YGL012W YGR161C,0.0,NA,6.272108521443442e-08,2850,28976,2065,0,0.14502375261868933,0.08954942499842895,1.0,0.9334750813440289,0.06652491865597114
2065,YDR086C YLR154C,0.0,NA,6.28947915970457e-08,2850,28975,2066,0,0.1450532589773096,0.08955223880597014,1.0,0.9334428658870526,0.06655713411294739
2066,YDL083C YPR194C,0.0,NA,6.292034981925099e-08,2850,28974,2067,0,0.1450827653359299,0.08955505279034691,1.0,0.9334106504300763,0.06658934956992366
2067,YGL151W YFR030W,0.0,NA,6.292443543998161e-08,2850,28973,2068,0,0.14511227169455018,0.0895578669515759,1.0,0.9333784349731001,0.0666215650268999
2068,YIL097W YOL116W,0.0,NA,6.312867384394849e-08,2850,28972,2069,0,0.14514177805317047,0.08956068128967382,1.0,0.9333462195161238,0.06665378048387616
2069,YAL017W YIL150C,0.0,NA,6.329566559770683e-08,2850,28971,2070,0,0.14517128441179075,0.0895634958046573,1.0,0.9333140040591476,0.06668599594085242
2070,YML035C YKL182W,0.0,NA,6.353042891760197e-08,2850,28970,2071,0,0.14520079077041104,0.08956631049654305,1.0,0.9332817886021714,0.06671821139782867
2071,YAL059W YLR254C,0.0,NA,6.368814808865864e-08,2850,28969,2072,0,0.1452302971290313,0.08956912536534775,1.0,0.9332495731451951,0.06675042685480494
2072,YDL160C YDR508C,0.0,NA,6.403908514585055e-08,2850,28968,2073,0,0.14525980348765158,0.08957194041108807,1.0,0.9332173576882188,0.06678264231178119
2073,YKL054C YOL144W,0.0,NA,6.408441777239204e-08,2850,28967,2074,0,0.14528930984627186,0.08957475563378069,1.0,0.9331851422312426,0.06681485776875745
2074,YDR373W YML076C,0.0,NA,6.434480326333869e-08,2850,28966,2075,0,0.14531881620489215,0.0895775710334423,1.0,0.9331529267742663,0.0668470732257337
2075,YLL005C YPR105C,0.0,NA,6.477764458168167e-08,2850,28965,2076,0,0.14534832256351243,0.08958038661008957,1.0,0.93312071131729,0.06687928868270997
2076,YKL172W YLR299W,0.0,NA,6.482930814399879e-08,2850,28964,2077,0,0.14537782892213272,0.08958320236373923,1.0,0.9330884958603137,0.06691150413968622
2077,YBR156C YPL152W,0.0,NA,6.489982951052298e-08,2850,28963,2078,0,0.145407335280753,0.08958601829440795,1.0,0.9330562804033375,0.06694371959666248
2078,YDR003W YPL019C,0.0,NA,6.502943961095298e-08,2850,28962,2079,0,0.1454368416393733,0.0895888344021124,1.0,0.9330240649463613,0.06697593505363873
2079,YOL082W YKL144C,0.0,NA,6.527076124029918e-08,2850,28961,2080,0,0.14546634799799357,0.08959165068686932,1.0,0.932991849489385,0.067008150510615
2080,YER109C YJL139C,0.0,NA,6.528769347369234e-08,2850,28960,2081,0,0.14549585435661386,0.08959446714869537,1.0,0.9329596340324088,0.06704036596759125
2081,YJR059W YDR288W,0.0,NA,6.531459462166822e-08,2850,28959,2082,0,0.14552536071523414,0.08959728378760728,1.0,0.9329274185754325,0.06707258142456751
2082,YNR033W YLR303W,0.0,NA,6.541208819044186e-08,2850,28958,2083,0,0.14555486707385443,0.08960010060362172,1.0,0.9328952031184562,0.06710479688154376
2083,YKL172W YOR381W,0.0,NA,6.57450556218464e-08,2850,28957,2084,0,0.1455843734324747,0.08960291759675543,1.0,0.93286298766148,0.06713701233852003
2084,YPL211W YDR190C,0.0,NA,6.584130574083247e-08,2850,28956,2085,0,0.14561387979109497,0.08960573476702509,1.0,0.9328307722045037,0.06716922779549628
2085,YER035W YAL041W,0.0,NA,6.619072223656985e-08,2850,28955,2086,0,0.14564338614971525,0.08960855211444742,1.0,0.9327985567475274,0.06720144325247254
2086,YKL218C YOR108W,0.0,NA,6.623807990990827e-08,2850,28954,2087,0,0.14567289250833554,0.08961136963903911,1.0,0.9327663412905512,0.0672336587094488
2087,YBL058W YIL099W,0.0,NA,6.64973285324777e-08,2850,28953,2088,0,0.14570239886695582,0.0896141873408169,1.0,0.932734125833575,0.06726587416642506
2088,YPL069C YFL037W,0.0,NA,6.666305552016638e-08,2850,28952,2089,0,0.1457319052255761,0.0896170052197975,1.0,0.9327019103765987,0.06729808962340131
2089,YPR005C YGR104C,0.0,NA,6.694745735558172e-08,2850,28951,2090,0,0.1457614115841964,0.08961982327599761,1.0,0.9326696949196225,0.06733030508037756
2090,YPL256C YOL140W,0.0,NA,6.731301027684822e-08,2850,28950,2091,0,0.14579091794281668,0.08962264150943396,1.0,0.9326374794626462,0.06736252053735382
2091,YOL113W YJR063W,0.0,NA,6.747549008423448e-08,2850,28949,2092,0,0.14582042430143696,0.08962545992012327,1.0,0.9326052640056699,0.06739473599433007
2092,YLR080W YDR085C,0.0,NA,6.749377234882559e-08,2850,28948,2093,0,0.14584993066005725,0.08962827850808226,1.0,0.9325730485486937,0.06742695145130634
2093,YER015W YNR038W,0.0,NA,6.806232732969875e-08,2850,28947,2094,0,0.14587943701867753,0.08963109727332767,1.0,0.9325408330917174,0.06745916690828259
2094,YKL096W YPR066W,0.0,NA,6.82198475487894e-08,2850,28946,2095,0,0.14590894337729782,0.08963391621587621,1.0,0.9325086176347411,0.06749138236525885
2095,YDR204W YCR094W,0.0,NA,6.837786514779509e-08,2850,28945,2096,0,0.1459384497359181,0.08963673533574461,1.0,0.9324764021777648,0.0675235978222351
2096,YOL144W YOL135C,0.0,NA,6.8382036033654e-08,2850,28944,2097,0,0.14596795609453836,0.08963955463294962,1.0,0.9324441867207887,0.06755581327921137
2097,YBL039C YLR405W,0.0,NA,6.852448564131919e-08,2850,28943,2098,0,0.14599746245315864,0.08964237410750794,1.0,0.9324119712638124,0.06758802873618762
2098,YGL252C YER179W,0.0,NA,6.860962287191796e-08,2850,28942,2099,0,0.14602696881177893,0.08964519375943633,1.0,0.9323797558068361,0.06762024419316388
2099,YNL113W YOR272W,0.0,NA,6.881721503759763e-08,2850,28941,2100,0,0.1460564751703992,0.08964801358875153,1.0,0.9323475403498599,0.06765245965014013
2100,YPL092W YAL060W,0.0,NA,6.886502035285957e-08,2850,28940,2101,0,0.1460859815290195,0.08965083359547027,1.0,0.9323153248928836,0.0676846751071164
2101,YIL046W YJR033C,0.0,NA,6.889654713404525e-08,2850,28939,2102,0,0.14611548788763978,0.0896536537796093,1.0,0.9322831094359073,0.06771689056409265
2102,YDL059C YOR374W,0.0,NA,6.893321824463783e-08,2850,28938,2103,0,0.14614499424626007,0.08965647414118535,1.0,0.9322508939789311,0.06774910602106891
2103,YBR161W YNL136W,0.0,NA,6.902702409661288e-08,2850,28937,2104,0,0.14617450060488035,0.08965929468021518,1.0,0.9322186785219548,0.06778132147804516
2104,YOL127W YEL011W,0.0,NA,6.918308770309523e-08,2850,28936,2105,0,0.14620400696350064,0.08966211539671554,1.0,0.9321864630649785,0.06781353693502143
2105,YLR251W YHR077C,0.0,NA,6.926164530796086e-08,2850,28935,2106,0,0.14623351332212092,0.08966493629070316,1.0,0.9321542476080024,0.06784575239199768
2106,YFL056C YIR031C,0.0,NA,6.940619101669654e-08,2850,28934,2107,0,0.1462630196807412,0.08966775736219482,1.0,0.9321220321510261,0.06787796784897394
2107,YKL156W YDR256C,0.0,NA,6.966693888443842e-08,2850,28933,2108,0,0.1462925260393615,0.08967057861120725,1.0,0.9320898166940498,0.0679101833059502
2108,YBR105C YOR358W,0.0,NA,6.972941690719381e-08,2850,28932,2109,0,0.14632203239798178,0.08967340003775721,1.0,0.9320576012370736,0.06794239876292645
2109,YPL092W YNL178W,0.0,NA,6.976227950872271e-08,2850,28931,2110,0,0.14635153875660203,0.0896762216418615,1.0,0.9320253857800973,0.06797461421990271
2110,YAR050W YHL002W,0.0,NA,7.00672515563383e-08,2850,28930,2111,0,0.14638104511522232,0.08967904342353682,1.0,0.931993170323121,0.06800682967687896
2111,YGL135W YCR068W,0.0,NA,7.019365710903003e-08,2850,28929,2112,0,0.1464105514738426,0.08968186538279996,1.0,0.9319609548661448,0.06803904513385522
2112,YOL121C YKL216W,0.0,NA,7.0300714583027e-08,2850,28928,2113,0,0.1464400578324629,0.0896846875196677,1.0,0.9319287394091685,0.06807126059083148
2113,YOL127W YDR059C,0.0,NA,7.065533225159015e-08,2850,28927,2114,0,0.14646956419108317,0.08968750983415678,1.0,0.9318965239521922,0.06810347604780774
2114,YOR294W YJL179W,0.0,NA,7.097639809217071e-08,2850,28926,2115,0,0.14649907054970346,0.08969033232628398,1.0,0.931864308495216,0.06813569150478399
2115,YLR196W YJL103C,0.0,NA,7.098763177282308e-08,2850,28925,2116,0,0.14652857690832374,0.08969315499606609,1.0,0.9318320930382398,0.06816790696176026
2116,YFL031W YER035W,0.0,NA,7.109779431857532e-08,2850,28924,2117,0,0.14655808326694403,0.08969597784351986,1.0,0.9317998775812635,0.0682001224187365
2117,YBL021C YCR093W,0.0,NA,7.110756428119203e-08,2850,28923,2118,0,0.1465875896255643,0.08969880086866207,1.0,0.9317676621242872,0.06823233787571277
2118,YBL091C YLR467W,0.0,NA,7.124630485577654e-08,2850,28922,2119,0,0.1466170959841846,0.0897016240715095,1.0,0.931735446667311,0.06826455333268902
2119,YCR079W YNL286W,0.0,NA,7.142590874309462e-08,2850,28921,2120,0,0.14664660234280488,0.08970444745207894,1.0,0.9317032312103347,0.06829676878966529
2120,YKL015W YDR403W,0.0,NA,7.16498220754147e-08,2850,28920,2121,0,0.14667610870142517,0.08970727101038715,1.0,0.9316710157533584,0.06832898424664154
2121,YDL209C YDR283C,0.0,NA,7.204901919521944e-08,2850,28919,2122,0,0.14670561506004545,0.08971009474645095,1.0,0.9316388002963822,0.0683611997036178
2122,YLR284C YNL302C,0.0,NA,7.204915419833924e-08,2850,28918,2123,0,0.1467351214186657,0.08971291866028708,1.0,0.931606584839406,0.06839341516059405
2123,YLR284C YLR078C,0.0,NA,7.212010189050488e-08,2850,28917,2124,0,0.146764627777286,0.08971574275191237,1.0,0.9315743693824297,0.06842563061757032
2124,YKR080W YDL008W,0.0,NA,7.223408715617552e-08,2850,28916,2125,0,0.14679413413590628,0.08971856702134358,1.0,0.9315421539254535,0.06845784607454657
2125,YPR049C YKR031C,0.0,NA,7.234977772441198e-08,2850,28915,2126,0,0.14682364049452656,0.08972139146859752,1.0,0.9315099384684772,0.06849006153152283
2126,YLR080W YNL108C,0.0,NA,7.31324121261423e-08,2850,28914,2127,0,0.14685314685314685,0.08972421609369097,1.0,0.9314777230115009,0.06852227698849908
2127,YFL031W YLR421C,0.0,NA,7.342425334400104e-08,2850,28913,2128,0,0.14688265321176713,0.08972704089664074,1.0,0.9314455075545247,0.06855449244547535
2128,YDL160C YDR197W,0.0,NA,7.35541902940895e-08,2850,28912,2129,0,0.14691215957038742,0.08972986587746364,1.0,0.9314132920975484,0.0685867079024516
2129,YOR357C YGL184C,0.0,NA,7.362057630189156e-08,2850,28911,2130,0,0.1469416659290077,0.08973269103617644,1.0,0.9313810766405721,0.06861892335942785
2130,YKL014C YNL240C,0.0,NA,7.386348244153851e-08,2850,28910,2131,0,0.146971172287628,0.08973551637279598,1.0,0.9313488611835959,0.06865113881640411
2131,YDL061C YKL093W,0.0,NA,7.405349577993547e-08,2850,28909,2132,0,0.14700067864624827,0.08973834188733902,1.0,0.9313166457266197,0.06868335427338036
2132,YMR264W YER056C,0.0,NA,7.40577306146406e-08,2850,28908,2133,0,0.14703018500486856,0.08974116757982241,1.0,0.9312844302696434,0.06871556973035663
2133,YDL234C YOR083W,0.0,NA,7.408797131347455e-08,2850,28907,2134,0,0.14705969136348884,0.08974399345026293,1.0,0.9312522148126671,0.06874778518733288
2134,YGL119W YDL222C,0.0,NA,7.410633884319395e-08,2850,28906,2135,0,0.14708919772210913,0.08974681949867741,1.0,0.9312199993556909,0.06878000064430914
2135,YDL219W YEL018W,0.0,NA,7.421780168215264e-08,2850,28905,2136,0,0.14711870408072938,0.08974964572508266,1.0,0.9311877838987146,0.06881221610128539
2136,YNL025C YJR145C,0.0,NA,7.430391946172676e-08,2850,28904,2137,0,0.14714821043934967,0.0897524721294955,1.0,0.9311555684417383,0.06884443155826166
2137,YGR254W YKL144C,0.0,NA,7.43949613024597e-08,2850,28903,2138,0,0.14717771679796995,0.08975529871193273,1.0,0.9311233529847621,0.06887664701523791
2138,YML077W YCR061W,0.0,NA,7.444720040439279e-08,2850,28902,2139,0,0.14720722315659024,0.08975812547241119,1.0,0.9310911375277858,0.06890886247221417
2139,YDL052C YOL124C,0.0,NA,7.455889772245428e-08,2850,28901,2140,0,0.14723672951521052,0.08976095241094768,1.0,0.9310589220708095,0.06894107792919042
2140,YDR227W YKL014C,0.0,NA,7.481802555275863e-08,2850,28900,2141,0,0.1472662358738308,0.08976377952755905,1.0,0.9310267066138334,0.06897329338616669
2141,YGL104C YHR153C,0.0,NA,7.495214049413335e-08,2850,28899,2142,0,0.1472957422324511,0.08976660682226212,1.0,0.9309944911568571,0.06900550884314294
2142,YDR104C YKL006W,0.0,NA,7.499618703832311e-08,2850,28898,2143,0,0.14732524859107138,0.08976943429507371,1.0,0.9309622756998808,0.0690377243001192
2143,YJL122W YBR008C,0.0,NA,7.501478904714531e-08,2850,28897,2144,0,0.14735475494969166,0.08977226194601065,1.0,0.9309300602429046,0.06906993975709545
2144,YBR267W YOL148C,0.0,NA,7.540813840023475e-08,2850,28896,2145,0,0.14738426130831195,0.08977508977508977,1.0,0.9308978447859283,0.06910215521407172
2145,YMR201C YDR528W,0.0,NA,7.542611513144948e-08,2850,28895,2146,0,0.14741376766693223,0.08977791778232792,1.0,0.930865629328952,0.06913437067104797
2146,YDR073W YKL014C,0.0,NA,7.543820146338476e-08,2850,28894,2147,0,0.14744327402555252,0.08978074596774194,1.0,0.9308334138719758,0.06916658612802423
2147,YPL012W YMR009W,0.0,NA,7.545389024699034e-08,2850,28893,2148,0,0.1474727803841728,0.08978357433134865,1.0,0.9308011984149995,0.06919880158500048
2148,YPL048W YPL123C,0.0,NA,7.56536238100125e-08,2850,28892,2149,0,0.14750228674279306,0.08978640287316489,1.0,0.9307689829580232,0.06923101704197675
2149,YMR274C YNL111C,0.0,NA,7.566675463976935e-08,2850,28891,2150,0,0.14753179310141334,0.08978923159320752,1.0,0.9307367675010471,0.069263232498953
2150,YKR039W YIL003W,0.0,NA,7.568075233166383e-08,2850,28890,2151,0,0.14756129946003363,0.08979206049149338,1.0,0.9307045520440708,0.06929544795592925
2151,YER145C YBR008C,0.0,NA,7.570457682959386e-08,2850,28889,2152,0,0.14759080581865391,0.08979488956803933,1.0,0.9306723365870945,0.06932766341290551
2152,YGL208W YKR101W,0.0,NA,7.591959416686223e-08,2850,28888,2153,0,0.1476203121772742,0.08979771882286218,1.0,0.9306401211301182,0.06935987886988176
2153,YGL022W YBR267W,0.0,NA,7.651065914160426e-08,2850,28887,2154,0,0.14764981853589448,0.08980054825597883,1.0,0.930607905673142,0.06939209432685803
2154,YDL040C YLR180W,0.0,NA,7.660221967853431e-08,2850,28886,2155,0,0.14767932489451477,0.0898033778674061,1.0,0.9305756902161657,0.06942430978383428
2155,YER183C YDR516C,0.0,NA,7.665892809427532e-08,2850,28885,2156,0,0.14770883125313505,0.08980620765716087,1.0,0.9305434747591894,0.06945652524081054
2156,YJR010C-A YNL332W,0.0,NA,7.685803637969002e-08,2850,28884,2157,0,0.14773833761175534,0.08980903762525998,1.0,0.9305112593022132,0.0694887406977868
2157,YML052W YPR093C,0.0,NA,7.730690043672439e-08,2850,28883,2158,0,0.14776784397037562,0.08981186777172029,1.0,0.9304790438452369,0.06952095615476306
2158,YPL220W YHR040W,0.0,NA,7.73787434127371e-08,2850,28882,2159,0,0.1477973503289959,0.08981469809655868,1.0,0.9304468283882606,0.06955317161173931
2159,YHR085W YDL159W,0.0,NA,7.753889263995006e-08,2850,28881,2160,0,0.1478268566876162,0.089817528599792,1.0,0.9304146129312845,0.06958538706871557
2160,YMR095C YPL231W,0.0,NA,7.754791653269422e-08,2850,28880,2161,0,0.14785636304623648,0.08982035928143713,1.0,0.9303823974743082,0.06961760252569182
2161,YFL060C YCR057C,0.0,NA,7.795751599815048e-08,2850,28879,2162,0,0.14788586940485673,0.08982319014151093,1.0,0.9303501820173319,0.06964981798266809
2162,YNR038W YBR172C,0.0,NA,7.81419728923538e-08,2850,28878,2163,0,0.14791537576347702,0.08982602118003026,1.0,0.9303179665603557,0.06968203343964434
2163,YER006W YLR103C,0.0,NA,7.833790505173965e-08,2850,28877,2164,0,0.1479448821220973,0.08982885239701201,1.0,0.9302857511033794,0.0697142488966206
2164,YBR038W YLR080W,0.0,NA,7.841085647442014e-08,2850,28876,2165,0,0.1479743884807176,0.08983168379247305,1.0,0.9302535356464031,0.06974646435359685
2165,YBL078C YJR147W,0.0,NA,7.854647776639467e-08,2850,28875,2166,0,0.14800389483933787,0.08983451536643026,1.0,0.9302213201894269,0.06977867981057312
2166,YOL040C YNL325C,0.0,NA,7.857389761056766e-08,2850,28874,2167,0,0.14803340119795816,0.08983734711890051,1.0,0.9301891047324506,0.06981089526754937
2167,YBR114W YEL060C,0.0,NA,7.880803565285532e-08,2850,28873,2168,0,0.14806290755657844,0.0898401790499007,1.0,0.9301568892754744,0.06984311072452563
2168,YCR040W YML132W,0.0,NA,7.92039074326567e-08,2850,28872,2169,0,0.14809241391519873,0.0898430111594477,1.0,0.9301246738184981,0.06987532618150188
2169,YKL025C YCR073W-A,0.0,NA,7.952391456456098e-08,2850,28871,2170,0,0.148121920273819,0.0898458434475584,1.0,0.9300924583615219,0.06990754163847814
2170,YDL082W YLR060W,0.0,NA,7.968834836447058e-08,2850,28870,2171,0,0.1481514266324393,0.08984867591424968,1.0,0.9300602429045456,0.0699397570954544
2171,YFL034C-A YER124C,0.0,NA,7.976529303732605e-08,2850,28869,2172,0,0.14818093299105958,0.08985150855953845,1.0,0.9300280274475693,0.06997197255243065
2172,YEL012W YBL087C,0.0,NA,7.991940975671241e-08,2850,28868,2173,0,0.14821043934967987,0.08985434138344157,1.0,0.9299958119905931,0.07000418800940691
2173,YNL339C YKL186C,0.0,NA,8.000299089871987e-08,2850,28867,2174,0,0.14823994570830012,0.08985717438597597,1.0,0.9299635965336168,0.07003640346638317
2174,YMR011W YDR151C,0.0,NA,8.01994630705849e-08,2850,28866,2175,0,0.1482694520669204,0.08986000756715853,1.0,0.9299313810766405,0.07006861892335943
2175,YGL037C YDR162C,0.0,NA,8.032744602815001e-08,2850,28865,2176,0,0.1482989584255407,0.08986284092700615,1.0,0.9298991656196643,0.07010083438033568
2176,YEL041W YNL279W,0.0,NA,8.077869040334917e-08,2850,28864,2177,0,0.14832846478416098,0.08986567446553573,1.0,0.929866950162688,0.07013304983731194
2177,YGL156W YIL030C,0.0,NA,8.081922686642429e-08,2850,28863,2178,0,0.14835797114278126,0.08986850818276416,1.0,0.9298347347057118,0.0701652652942882
2178,YJL184W YBR155W,0.0,NA,8.112269966886743e-08,2850,28862,2179,0,0.14838747750140155,0.08987134207870838,1.0,0.9298025192487356,0.07019748075126446
2179,YER045C YLR383W,0.0,NA,8.12692064755538e-08,2850,28861,2180,0,0.14841698386002183,0.08987417615338526,1.0,0.9297703037917593,0.07022969620824071
2180,YIL153W YMR145C,0.0,NA,8.135977935808114e-08,2850,28860,2181,0,0.14844649021864212,0.08987701040681173,1.0,0.929738088334783,0.07026191166521698
2181,YHR186C YBR126C,0.0,NA,8.16590599583833e-08,2850,28859,2182,0,0.1484759965772624,0.0898798448390047,1.0,0.9297058728778068,0.07029412712219323
2182,YDR025W YKR080W,0.0,NA,8.169940457491975e-08,2850,28858,2183,0,0.1485055029358827,0.08988267944998107,1.0,0.9296736574208305,0.07032634257916949
2183,YNL197C YJR127C,0.0,NA,8.181854127542465e-08,2850,28857,2184,0,0.14853500929450297,0.08988551423975778,1.0,0.9296414419638542,0.07035855803614574
2184,YJR131W YOR113W,0.0,NA,8.208755986061078e-08,2850,28856,2185,0,0.14856451565312326,0.08988834920835173,1.0,0.929609226506878,0.070390773493122
2185,YNL227C YOL082W,0.0,NA,8.278520624571684e-08,2850,28855,2186,0,0.14859402201174354,0.08989118435577985,1.0,0.9295770110499018,0.07042298895009826
2186,YBL039C YIL144W,0.0,NA,8.316123256690844e-08,2850,28854,2187,0,0.1486235283703638,0.08989401968205904,1.0,0.9295447955929255,0.07045520440707452
2187,YDL060W YDL022W,0.0,NA,8.329568146336896e-08,2850,28853,2188,0,0.14865303472898408,0.08989685518720626,1.0,0.9295125801359492,0.07048741986405077
2188,YCL059C YBL035C,0.0,NA,8.337404722169595e-08,2850,28852,2189,0,0.14868254108760437,0.0898996908712384,1.0,0.929480364678973,0.07051963532102704
2189,YIL145C YJL045W,0.0,NA,8.357561398497637e-08,2850,28851,2190,0,0.14871204744622465,0.08990252673417243,1.0,0.9294481492219967,0.07055185077800329
2190,YBR201W YPR030W,0.0,NA,8.357736192010634e-08,2850,28850,2191,0,0.14874155380484494,0.08990536277602523,1.0,0.9294159337650204,0.07058406623497954
2191,YKL180W YMR096W,0.0,NA,8.369717363621021e-08,2850,28849,2192,0,0.14877106016346522,0.08990819899681378,1.0,0.9293837183080442,0.0706162816919558
2192,YJR159W YNL255C,0.0,NA,8.395186057441606e-08,2850,28848,2193,0,0.1488005665220855,0.08991103539655498,1.0,0.9293515028510679,0.07064849714893205
2193,YGL033W YDR001C,0.0,NA,8.4110538978166e-08,2850,28847,2194,0,0.1488300728807058,0.08991387197526579,1.0,0.9293192873940916,0.07068071260590832
2194,YDR091C YDR321W,0.0,NA,8.420315822377233e-08,2850,28846,2195,0,0.14885957923932608,0.08991670873296315,1.0,0.9292870719371155,0.07071292806288457
2195,YDL022W YPR079W,0.0,NA,8.429812226040667e-08,2850,28845,2196,0,0.14888908559794636,0.08991954566966398,1.0,0.9292548564801392,0.07074514351986083
2196,YMR055C YDR085C,0.0,NA,8.431083386994942e-08,2850,28844,2197,0,0.14891859195656665,0.08992238278538525,1.0,0.9292226410231629,0.07077735897683708
2197,YPR042C YNL248C,0.0,NA,8.511207028050194e-08,2850,28843,2198,0,0.14894809831518693,0.08992522008014388,1.0,0.9291904255661867,0.07080957443381335
2198,YJL219W YOR184W,0.0,NA,8.530205519718947e-08,2850,28842,2199,0,0.14897760467380722,0.08992805755395683,1.0,0.9291582101092104,0.0708417898907896
2199,YHR191C YFL050C,0.0,NA,8.567987208607519e-08,2850,28841,2200,0,0.14900711103242748,0.08993089520684105,1.0,0.9291259946522341,0.07087400534776586
2200,YIL134W YCL039W,0.0,NA,8.570880538627534e-08,2850,28840,2201,0,0.14903661739104776,0.08993373303881351,1.0,0.9290937791952579,0.07090622080474211
2201,YPL138C YOR234C,0.0,NA,8.614491520120282e-08,2850,28839,2202,0,0.14906612374966804,0.08993657104989113,1.0,0.9290615637382816,0.07093843626171838
2202,YDR294C YDR305C,0.0,NA,8.652283156607155e-08,2850,28838,2203,0,0.14909563010828833,0.08993940924009089,1.0,0.9290293482813053,0.07097065171869463
2203,YDR064W YLR372W,0.0,NA,8.668470741213241e-08,2850,28837,2204,0,0.14912513646690861,0.08994224760942973,1.0,0.9289971328243292,0.07100286717567089
2204,YER142C YMR079W,0.0,NA,8.685716323952875e-08,2850,28836,2205,0,0.1491546428255289,0.08994508615792464,1.0,0.9289649173673529,0.07103508263264714
2205,YDR502C YKL143W,0.0,NA,8.734375711583198e-08,2850,28835,2206,0,0.14918414918414918,0.08994792488559256,1.0,0.9289327019103766,0.0710672980896234
2206,YMR266W YPL249C,0.0,NA,8.760152780951103e-08,2850,28834,2207,0,0.14921365554276947,0.08995076379245044,1.0,0.9289004864534003,0.07109951354659966
2207,YMR119W YMR304W,0.0,NA,8.76158949836281e-08,2850,28833,2208,0,0.14924316190138975,0.0899536028785153,1.0,0.9288682709964241,0.07113172900357592
2208,YKL045W YDR254W,0.0,NA,8.775421633799851e-08,2850,28832,2209,0,0.14927266826001004,0.08995644214380405,1.0,0.9288360555394478,0.07116394446055217
2209,YDL216C YDR173C,0.0,NA,8.786273753003115e-08,2850,28831,2210,0,0.14930217461863032,0.0899592815883337,1.0,0.9288038400824715,0.07119615991752842
2210,YLR276C YDL039C,0.0,NA,8.80375381484555e-08,2850,28830,2211,0,0.1493316809772506,0.08996212121212122,1.0,0.9287716246254953,0.07122837537450469
2211,YLR197W YOR254C,0.0,NA,8.812271801161842e-08,2850,28829,2212,0,0.1493611873358709,0.08996496101518356,1.0,0.928739409168519,0.07126059083148094
2212,YER147C YLL012W,0.0,NA,8.85858071342227e-08,2850,28828,2213,0,0.14939069369449115,0.08996780099753772,1.0,0.9287071937115428,0.0712928062884572
2213,YFL017C YDL234C,0.0,NA,8.862536304832247e-08,2850,28827,2214,0,0.14942020005311143,0.08997064115920068,1.0,0.9286749782545666,0.07132502174543345
2214,YHR112C YGL078C,0.0,NA,8.876475021679653e-08,2850,28826,2215,0,0.14944970641173172,0.08997348150018941,1.0,0.9286427627975903,0.07135723720240972
2215,YHR089C YBR280C,0.0,NA,8.899446157784041e-08,2850,28825,2216,0,0.149479212770352,0.08997632202052092,1.0,0.928610547340614,0.07138945265938597
2216,YLL039C YDR305C,0.0,NA,8.921471561507133e-08,2850,28824,2217,0,0.1495087191289723,0.08997916272021216,1.0,0.9285783318836378,0.07142166811636223
2217,YLR333C YMR065W,0.0,NA,8.940823903458295e-08,2850,28823,2218,0,0.14953822548759257,0.08998200359928014,1.0,0.9285461164266615,0.07145388357333848
2218,YLR078C YGL029W,0.0,NA,8.996006783945631e-08,2850,28822,2219,0,0.14956773184621286,0.08998484465774186,1.0,0.9285139009696852,0.07148609903031475
2219,YEL065W YPR112C,0.0,NA,9.001414014164766e-08,2850,28821,2220,0,0.14959723820483314,0.08998768589561429,1.0,0.928481685512709,0.071518314487291
2220,YOR237W YBR126C,0.0,NA,9.018547331152149e-08,2850,28820,2221,0,0.14962674456345343,0.08999052731291443,1.0,0.9284494700557328,0.07155052994426726
2221,YOR243C YAR031W,0.0,NA,9.050702232116237e-08,2850,28819,2222,0,0.1496562509220737,0.08999336890965928,1.0,0.9284172545987565,0.07158274540124351
2222,YBR264C YKL205W,0.0,NA,9.090979347092798e-08,2850,28818,2223,0,0.149685757280694,0.08999621068586586,1.0,0.9283850391417803,0.07161496085821978
2223,YER075C YGL121C,0.0,NA,9.108804732704812e-08,2850,28817,2224,0,0.14971526363931428,0.08999905264155114,1.0,0.928352823684804,0.07164717631519603
2224,YBR019C YMR180C,0.0,NA,9.170813797254596e-08,2850,28816,2225,0,0.14974476999793457,0.09000189477673214,1.0,0.9283206082278277,0.0716793917721723
2225,YML011C YEL022W,0.0,NA,9.171162673737854e-08,2850,28815,2226,0,0.14977427635655483,0.09000473709142587,1.0,0.9282883927708514,0.07171160722914854
2226,YER059W YIR028W,0.0,NA,9.17916054277157e-08,2850,28814,2227,0,0.1498037827151751,0.09000757958564931,1.0,0.9282561773138752,0.07174382268612481
2227,YNL111C YKR102W,0.0,NA,9.204792661421379e-08,2850,28813,2228,0,0.1498332890737954,0.0900104222594195,1.0,0.9282239618568989,0.07177603814310106
2228,YKL062W YPL049C,0.0,NA,9.232820730176172e-08,2850,28812,2229,0,0.14986279543241568,0.09001326511275345,1.0,0.9281917463999226,0.07180825360007732
2229,YPL026C YPL228W,0.0,NA,9.253748345372514e-08,2850,28811,2230,0,0.14989230179103596,0.09001610814566817,1.0,0.9281595309429465,0.07184046905705357
2230,YCR018C YGL078C,0.0,NA,9.263725786468058e-08,2850,28810,2231,0,0.14992180814965625,0.09001895135818067,1.0,0.9281273154859702,0.07187268451402982
2231,YCR028C-A YCL044C,0.0,NA,9.292110547676202e-08,2850,28809,2232,0,0.14995131450827653,0.09002179475030797,1.0,0.9280951000289939,0.07190489997100609
2232,YML113W YNR008W,0.0,NA,9.350068097546682e-08,2850,28808,2233,0,0.14998082086689682,0.09002463832206709,1.0,0.9280628845720177,0.07193711542798234
2233,YPL092W YCL054W,0.0,NA,9.35613329033913e-08,2850,28807,2234,0,0.1500103272255171,0.09002748207347507,1.0,0.9280306691150414,0.0719693308849586
2234,YKL055C YJL205C,0.0,NA,9.375354892426913e-08,2850,28806,2235,0,0.1500398335841374,0.0900303260045489,1.0,0.9279984536580651,0.07200154634193486
2235,YLR223C YJL019W,0.0,NA,9.386484123297123e-08,2850,28805,2236,0,0.15006933994275767,0.09003317011530564,1.0,0.9279662382010889,0.07203376179891112
2236,YNR075W YEL062W,0.0,NA,9.440311998787365e-08,2850,28804,2237,0,0.15009884630137796,0.09003601440576231,1.0,0.9279340227441126,0.07206597725588737
2237,YOR080W YHR040W,0.0,NA,9.445228954518825e-08,2850,28803,2238,0,0.15012835265999824,0.09003885887593593,1.0,0.9279018072871363,0.07209819271286363
2238,YLR449W YKL041W,0.0,NA,9.454691962673678e-08,2850,28802,2239,0,0.1501578590186185,0.09004170352584355,1.0,0.9278695918301602,0.07213040816983989
2239,YMR201C YLR028C,0.0,NA,9.494176822499867e-08,2850,28801,2240,0,0.15018736537723879,0.0900445483555022,1.0,0.9278373763731839,0.07216262362681615
2240,YOR308C YNL262W,0.0,NA,9.497256314716651e-08,2850,28800,2241,0,0.15021687173585907,0.09004739336492891,1.0,0.9278051609162076,0.0721948390837924
2241,YMR229C YNL332W,0.0,NA,9.542395673634019e-08,2850,28799,2242,0,0.15024637809447935,0.09005023855414074,1.0,0.9277729454592314,0.07222705454076866
2242,YPR040W YLR029C,0.0,NA,9.554543112244573e-08,2850,28798,2243,0,0.15027588445309964,0.0900530839231547,1.0,0.9277407300022551,0.07225926999774492
2243,YML097C YCL054W,0.0,NA,9.559100533351739e-08,2850,28797,2244,0,0.15030539081171992,0.09005592947198787,1.0,0.9277085145452788,0.07229148545472118
2244,YLR380W YMR131C,0.0,NA,9.564335101686083e-08,2850,28796,2245,0,0.1503348971703402,0.09005877520065728,1.0,0.9276762990883025,0.07232370091169743
2245,YMR322C YKR028W,0.0,NA,9.569480852178458e-08,2850,28795,2246,0,0.1503644035289605,0.09006162110917997,1.0,0.9276440836313263,0.0723559163686737
2246,YHR128W YGL094C,0.0,NA,9.578775461704936e-08,2850,28794,2247,0,0.15039390988758078,0.090064467197573,1.0,0.92761186817435,0.07238813182564995
2247,YOL017W YOR028C,0.0,NA,9.604644191085754e-08,2850,28793,2248,0,0.15042341624620106,0.09006731346585342,1.0,0.9275796527173737,0.07242034728262621
2248,YLR399C YPL138C,0.0,NA,9.632658759528567e-08,2850,28792,2249,0,0.15045292260482135,0.0900701599140383,1.0,0.9275474372603976,0.07245256273960246
2249,YJL053W YER011W,0.0,NA,9.669344791518597e-08,2850,28791,2250,0,0.15048242896344163,0.09007300654214469,1.0,0.9275152218034213,0.07248477819657873
2250,YNL008C YBR079C,0.0,NA,9.688969271337555e-08,2850,28790,2251,0,0.1505119353220619,0.09007585335018964,1.0,0.927483006346445,0.07251699365355498
2251,YMR053C YLR367W,0.0,NA,9.788904975494006e-08,2850,28789,2252,0,0.15054144168068218,0.09007870033819021,1.0,0.9274507908894688,0.07254920911053123
2252,YJR127C YLR183C,0.0,NA,9.790791466457449e-08,2850,28788,2253,0,0.15057094803930246,0.09008154750616347,1.0,0.9274185754324925,0.07258142456750749
2253,YOR359W YLR258W,0.0,NA,9.79404077838808e-08,2850,28787,2254,0,0.15060045439792275,0.0900843948541265,1.0,0.9273863599755162,0.07261364002448374
2254,YOL110W YHR119W,0.0,NA,9.794415234409826e-08,2850,28786,2255,0,0.15062996075654303,0.09008724238209635,1.0,0.92735414451854,0.07264585548146
2255,YBR029C YFR009W,0.0,NA,9.83177415037062e-08,2850,28785,2256,0,0.15065946711516331,0.09009009009009009,1.0,0.9273219290615637,0.07267807093843626
2256,YMR152W YDR019C,0.0,NA,9.839803283284709e-08,2850,28784,2257,0,0.1506889734737836,0.0900929379781248,1.0,0.9272897136045875,0.07271028639541252
2257,YMR062C YPL227C,0.0,NA,9.872324824300449e-08,2850,28783,2258,0,0.15071847983240388,0.09009578604621755,1.0,0.9272574981476113,0.07274250185238877
2258,YPL228W YGL121C,0.0,NA,9.889098606663538e-08,2850,28782,2259,0,0.15074798619102417,0.09009863429438543,1.0,0.927225282690635,0.07277471730936504
2259,YLR210W YGL192W,0.0,NA,9.909037146371702e-08,2850,28781,2260,0,0.15077749254964445,0.09010148272264551,1.0,0.9271930672336587,0.07280693276634129
2260,YLR019W YOL123W,0.0,NA,9.920515964267906e-08,2850,28780,2261,0,0.15080699890826474,0.09010433133101486,1.0,0.9271608517766825,0.07283914822331755
2261,YNL280C YOR133W,0.0,NA,9.931194000500909e-08,2850,28779,2262,0,0.15083650526688502,0.09010718011951058,1.0,0.9271286363197062,0.0728713636802938
2262,YER100W YOR204W,0.0,NA,9.95831754835308e-08,2850,28778,2263,0,0.1508660116255053,0.09011002908814975,1.0,0.9270964208627299,0.07290357913727007
2263,YBR006W YLR051C,0.0,NA,1.0004179529232715e-07,2850,28777,2264,0,0.15089551798412557,0.09011287823694944,1.0,0.9270642054057536,0.07293579459424632
2264,YNL239W YGR289C,0.0,NA,1.0047377685395986e-07,2850,28776,2265,0,0.15092502434274585,0.09011572756592677,1.0,0.9270319899487774,0.07296801005122258
2265,YDR204W YHR114W,0.0,NA,1.0052898602452842e-07,2850,28775,2266,0,0.15095453070136614,0.09011857707509881,1.0,0.9269997744918012,0.07300022550819883
2266,YDR064W YGR049W,0.0,NA,1.0078932177748356e-07,2850,28774,2267,0,0.15098403705998642,0.09012142676448268,1.0,0.9269675590348249,0.0730324409651751
2267,YOR362C YOR004W,0.0,NA,1.008860621709573e-07,2850,28773,2268,0,0.1510135434186067,0.09012427663409543,1.0,0.9269353435778487,0.07306465642215135
2268,YPL256C YER052C,0.0,NA,1.0101333458578665e-07,2850,28772,2269,0,0.151043049777227,0.09012712668395421,1.0,0.9269031281208724,0.07309687187912761
2269,YKR046C YJR153W,0.0,NA,1.0118322535390689e-07,2850,28771,2270,0,0.15107255613584727,0.0901299769140761,1.0,0.9268709126638961,0.07312908733610386
2270,YDL061C YFL058W,0.0,NA,1.0181238963014039e-07,2850,28770,2271,0,0.15110206249446756,0.09013282732447818,1.0,0.9268386972069199,0.07316130279308011
2271,YOR016C YJL157C,0.0,NA,1.0268276895430972e-07,2850,28769,2272,0,0.15113156885308784,0.09013567791517758,1.0,0.9268064817499436,0.07319351825005638
2272,YML036W YDR299W,0.0,NA,1.0275859807507004e-07,2850,28768,2273,0,0.15116107521170813,0.0901385286861914,1.0,0.9267742662929673,0.07322573370703263
2273,YKR056W YML016C,0.0,NA,1.0280211881763535e-07,2850,28767,2274,0,0.15119058157032841,0.09014137963753677,1.0,0.9267420508359911,0.07325794916400889
2274,YCL027W YEL062W,0.0,NA,1.0321844712279926e-07,2850,28766,2275,0,0.1512200879289487,0.09014423076923077,1.0,0.9267098353790149,0.07329016462098514
2275,YCL008C YPR008W,0.0,NA,1.0333190658684543e-07,2850,28765,2276,0,0.15124959428756898,0.09014708208129053,1.0,0.9266776199220386,0.07332238007796141
2276,YKR010C YGL192W,0.0,NA,1.0338631284412259e-07,2850,28764,2277,0,0.15127910064618924,0.09014993357373316,1.0,0.9266454044650624,0.07335459553493766
2277,YHL001W YML001W,0.0,NA,1.0348338719268213e-07,2850,28763,2278,0,0.15130860700480953,0.09015278524657577,1.0,0.9266131890080861,0.07338681099191392
2278,YPL178W YDR399W,0.0,NA,1.0440328424010659e-07,2850,28762,2279,0,0.1513381133634298,0.09015563709983551,1.0,0.9265809735511098,0.07341902644889017
2279,YER147C YNR054C,0.0,NA,1.0444351516980532e-07,2850,28761,2280,0,0.1513676197220501,0.09015848913352947,1.0,0.9265487580941336,0.07345124190586644
2280,YOR134W YNL251C,0.0,NA,1.0488049895229778e-07,2850,28760,2281,0,0.15139712608067038,0.09016134134767478,1.0,0.9265165426371573,0.07348345736284269
2281,YKR099W YDR122W,0.0,NA,1.0490031598919813e-07,2850,28759,2282,0,0.15142663243929066,0.0901641937422886,1.0,0.926484327180181,0.07351567281981895
2282,YPL079W YLR362W,0.0,NA,1.0523758930958138e-07,2850,28758,2283,0,0.15145613879791095,0.090167046317388,1.0,0.9264521117232047,0.0735478882767952
2283,YPL273W YOR234C,0.0,NA,1.0579445586245129e-07,2850,28757,2284,0,0.15148564515653123,0.09016989907299017,1.0,0.9264198962662286,0.07358010373377147
2284,YGR019W YLR441C,0.0,NA,1.0597783983712361e-07,2850,28756,2285,0,0.15151515151515152,0.09017275200911219,1.0,0.9263876808092523,0.07361231919074772
2285,YMR131C YDR318W,0.0,NA,1.0620022550256181e-07,2850,28755,2286,0,0.1515446578737718,0.09017560512577123,1.0,0.926355465352276,0.07364453464772398
2286,YGR194C YCL018W,0.0,NA,1.062966887843686e-07,2850,28754,2287,0,0.1515741642323921,0.09017845842298443,1.0,0.9263232498952998,0.07367675010470023
2287,YOR091W YBL037W,0.0,NA,1.0637132419333284e-07,2850,28753,2288,0,0.15160367059101237,0.09018131190076892,1.0,0.9262910344383235,0.0737089655616765
2288,YIL045W YGL170C,0.0,NA,1.0650795445599215e-07,2850,28752,2289,0,0.15163317694963266,0.09018416555914183,1.0,0.9262588189813472,0.07374118101865275
2289,YLR051C YNL085W,0.0,NA,1.0699478281139818e-07,2850,28751,2290,0,0.15166268330825292,0.09018701939812031,1.0,0.926226603524371,0.07377339647562901
2290,YPR187W YHR085W,0.0,NA,1.0702662933681495e-07,2850,28750,2291,0,0.1516921896668732,0.09018987341772151,1.0,0.9261943880673947,0.07380561193260526
2291,YHL011C YDR473C,0.0,NA,1.0703050179472484e-07,2850,28749,2292,0,0.15172169602549349,0.0901927276179626,1.0,0.9261621726104184,0.07383782738958151
2292,YMR312W YPR134W,0.0,NA,1.074332161010716e-07,2850,28748,2293,0,0.15175120238411377,0.09019558199886069,1.0,0.9261299571534423,0.07387004284655778
2293,YOR253W YDR173C,0.0,NA,1.0754311574601161e-07,2850,28747,2294,0,0.15178070874273406,0.09019843656043296,1.0,0.926097741696466,0.07390225830353403
2294,YJL207C YER124C,0.0,NA,1.0763217517251178e-07,2850,28746,2295,0,0.15181021510135434,0.09020129130269654,1.0,0.9260655262394897,0.0739344737605103
2295,YGL156W YLR098C,0.0,NA,1.077022062645483e-07,2850,28745,2296,0,0.15183972145997462,0.09020414622566862,1.0,0.9260333107825135,0.07396668921748654
2296,YLR066W YGR148C,0.0,NA,1.081249720868982e-07,2850,28744,2297,0,0.1518692278185949,0.09020700132936633,1.0,0.9260010953255372,0.07399890467446281
2297,YML128C YPR187W,0.0,NA,1.0812786399583274e-07,2850,28743,2298,0,0.1518987341772152,0.09020985661380686,1.0,0.9259688798685609,0.07403112013143906
2298,YOR160W YLR082C,0.0,NA,1.0902498104314873e-07,2850,28742,2299,0,0.15192824053583548,0.09021271207900734,1.0,0.9259366644115847,0.07406333558841532
2299,YOR123C YMR176W,0.0,NA,1.0911173831118504e-07,2850,28741,2300,0,0.15195774689445576,0.09021556772498496,1.0,0.9259044489546084,0.07409555104539157
2300,YNR046W YKL045W,0.0,NA,1.0930065741376893e-07,2850,28740,2301,0,0.15198725325307605,0.09021842355175688,1.0,0.9258722334976321,0.07412776650236784
2301,YOR320C YDR369C,0.0,NA,1.0935007566104105e-07,2850,28739,2302,0,0.15201675961169633,0.09022127955934027,1.0,0.9258400180406559,0.07415998195934409
2302,YGR178C YDR246W,0.0,NA,1.0956468798895003e-07,2850,28738,2303,0,0.1520462659703166,0.09022413574775232,1.0,0.9258078025836797,0.07419219741632035
2303,YFL024C YDL132W,0.0,NA,1.0964642882527187e-07,2850,28737,2304,0,0.15207577232893688,0.09022699211701016,1.0,0.9257755871267034,0.0742244128732966
2304,YBR089C-A YNL016W,0.0,NA,1.098635138419013e-07,2850,28736,2305,0,0.15210527868755716,0.090229848667131,1.0,0.9257433716697271,0.07425662833027287
2305,YBR114W YDL106C,0.0,NA,1.1018795476047671e-07,2850,28735,2306,0,0.15213478504617745,0.09023270539813202,1.0,0.9257111562127509,0.07428884378724912
2306,YMR272C YER056C,0.0,NA,1.1030423507918385e-07,2850,28734,2307,0,0.15216429140479773,0.0902355623100304,1.0,0.9256789407557746,0.07432105924422538
2307,YHL043W YOL121C,0.0,NA,1.1050514103772002e-07,2850,28733,2308,0,0.15219379776341802,0.0902384194028433,1.0,0.9256467252987983,0.07435327470120164
2308,YGR055W YER083C,0.0,NA,1.1094208218764834e-07,2850,28732,2309,0,0.1522233041220383,0.09024127667658793,1.0,0.9256145098418221,0.0743854901581779
2309,YOR056C YOR312C,0.0,NA,1.1128243926350478e-07,2850,28731,2310,0,0.15225281048065858,0.09024413413128146,1.0,0.9255822943848458,0.07441770561515415
2310,YLR393W YMR235C,0.0,NA,1.1138542532762585e-07,2850,28730,2311,0,0.15228231683927887,0.0902469917669411,1.0,0.9255500789278696,0.07444992107213041
2311,YCR020C-A YLR060W,0.0,NA,1.1161256452396628e-07,2850,28729,2312,0,0.15231182319789915,0.09024984958358402,1.0,0.9255178634708934,0.07448213652910667
2312,YDL125C YIL013C,0.0,NA,1.116949803758871e-07,2850,28728,2313,0,0.15234132955651944,0.09025270758122744,1.0,0.9254856480139171,0.07451435198608292
2313,YNL262W YGR187C,0.0,NA,1.1240022956826579e-07,2850,28727,2314,0,0.15237083591513972,0.09025556575988852,1.0,0.9254534325569408,0.07454656744305918
2314,YLR220W YHR142W,0.0,NA,1.1261579402344069e-07,2850,28726,2315,0,0.15240034227376,0.0902584241195845,1.0,0.9254212170999646,0.07457878290003543
2315,YOR310C YLR435W,0.0,NA,1.1278969935801797e-07,2850,28725,2316,0,0.15242984863238027,0.09026128266033254,1.0,0.9253890016429883,0.0746109983570117
2316,YMR159C YKR076W,0.0,NA,1.1280938139179852e-07,2850,28724,2317,0,0.15245935499100055,0.09026414138214987,1.0,0.925356786186012,0.07464321381398795
2317,YIL148W YLR180W,0.0,NA,1.1289547074966322e-07,2850,28723,2318,0,0.15248886134962084,0.09026700028505369,1.0,0.9253245707290358,0.07467542927096421
2318,YMR176W YNL263C,0.0,NA,1.1348758022222682e-07,2850,28722,2319,0,0.15251836770824112,0.09026985936906119,1.0,0.9252923552720596,0.07470764472794046
2319,YNL325C YDR263C,0.0,NA,1.1349244743996678e-07,2850,28721,2320,0,0.1525478740668614,0.0902727186341896,1.0,0.9252601398150833,0.07473986018491673
2320,YIL019W YLR148W,0.0,NA,1.1388623732955239e-07,2850,28720,2321,0,0.1525773804254817,0.09027557808045612,1.0,0.925227924358107,0.07477207564189298
2321,YCL039W YBR111W-A,0.0,NA,1.1425262869124708e-07,2850,28719,2322,0,0.15260688678410197,0.09027843770787798,1.0,0.9251957089011308,0.07480429109886924
2322,YPL115C YGL209W,0.0,NA,1.1436053881652697e-07,2850,28718,2323,0,0.15263639314272226,0.09028129751647238,1.0,0.9251634934441545,0.07483650655584549
2323,YFL013C YHR205W,0.0,NA,1.1469924743323645e-07,2850,28717,2324,0,0.15266589950134254,0.09028415750625654,1.0,0.9251312779871782,0.07486872201282176
2324,YBR293W YLL042C,0.0,NA,1.1478351069627024e-07,2850,28716,2325,0,0.15269540585996283,0.09028701767724767,1.0,0.925099062530202,0.074900937469798
2325,YDR299W YDR254W,0.0,NA,1.148392385630359e-07,2850,28715,2326,0,0.15272491221858311,0.09028987802946302,1.0,0.9250668470732257,0.07493315292677427
2326,YDR028C YOR236W,0.0,NA,1.1505245112175544e-07,2850,28714,2327,0,0.1527544185772034,0.09029273856291978,1.0,0.9250346316162494,0.07496536838375052
2327,YGL087C YDL159W,0.0,NA,1.1506473640565673e-07,2850,28713,2328,0,0.15278392493582366,0.09029559927763521,1.0,0.9250024161592733,0.07499758384072679
2328,YGR105W YIR041W,0.0,NA,1.1507384556352918e-07,2850,28712,2329,0,0.15281343129444394,0.09029846017362651,1.0,0.924970200702297,0.07502979929770304
2329,YHR200W YOL123W,0.0,NA,1.151570643287414e-07,2850,28711,2330,0,0.15284293765306423,0.09030132125091093,1.0,0.9249379852453207,0.0750620147546793
2330,YGR116W YHL006C,0.0,NA,1.1541973066186983e-07,2850,28710,2331,0,0.1528724440116845,0.0903041825095057,1.0,0.9249057697883445,0.07509423021165555
2331,YDR023W YBR142W,0.0,NA,1.1547026446123709e-07,2850,28709,2332,0,0.1529019503703048,0.09030704394942805,1.0,0.9248735543313682,0.0751264456686318
2332,YFL014W YMR123W,0.0,NA,1.1564196000790616e-07,2850,28708,2333,0,0.15293145672892508,0.09030990557069522,1.0,0.9248413388743919,0.07515866112560807
2333,YOR375C YGL178W,0.0,NA,1.158062872264054e-07,2850,28707,2334,0,0.15296096308754537,0.09031276737332446,1.0,0.9248091234174157,0.07519087658258432
2334,YHR136C YBR128C,0.0,NA,1.1634705288088298e-07,2850,28706,2335,0,0.15299046944616565,0.09031562935733299,1.0,0.9247769079604394,0.07522309203956058
2335,YHR015W YGR158C,0.0,NA,1.1660776522148808e-07,2850,28705,2336,0,0.15301997580478593,0.09031849152273808,1.0,0.9247446925034631,0.07525530749653683
2336,YJR041C YBR129C,0.0,NA,1.1670834254573492e-07,2850,28704,2337,0,0.15304948216340622,0.09032135386955695,1.0,0.924712477046487,0.0752875229535131
2337,YNR054C YPL249C-A,0.0,NA,1.1675253119847184e-07,2850,28703,2338,0,0.1530789885220265,0.09032421639780687,1.0,0.9246802615895107,0.07531973841048935
2338,YNL074C YNL163C,0.0,NA,1.1688510426210996e-07,2850,28702,2339,0,0.1531084948806468,0.09032707910750506,1.0,0.9246480461325344,0.07535195386746561
2339,YDR030C YBR038W,0.0,NA,1.1691776791167285e-07,2850,28701,2340,0,0.15313800123926707,0.09032994199866883,1.0,0.9246158306755581,0.07538416932444186
2340,YNL061W YOR184W,0.0,NA,1.1716902292846498e-07,2850,28700,2341,0,0.15316750759788733,0.09033280507131537,1.0,0.9245836152185819,0.07541638478141813
2341,YML027W YPR108W,0.0,NA,1.1740997507558859e-07,2850,28699,2342,0,0.15319701395650762,0.09033566832546198,1.0,0.9245513997616056,0.07544860023839438
2342,YNL008C YHR039C,0.0,NA,1.1743538408381937e-07,2850,28698,2343,0,0.1532265203151279,0.0903385317611259,1.0,0.9245191843046293,0.07548081569537064
2343,YPL111W YLR438W,0.0,NA,1.178802833123882e-07,2850,28697,2344,0,0.15325602667374819,0.0903413953783244,1.0,0.9244869688476531,0.0755130311523469
2344,YJR094C YGL075C,0.0,NA,1.1821396839195586e-07,2850,28696,2345,0,0.15328553303236847,0.09034425917707475,1.0,0.9244547533906768,0.07554524660932316
2345,YJL020C YNL103W,0.0,NA,1.1841729730122097e-07,2850,28695,2346,0,0.15331503939098876,0.0903471231573942,1.0,0.9244225379337005,0.07557746206629941
2346,YLL004W YML051W,0.0,NA,1.1898546148358946e-07,2850,28694,2347,0,0.15334454574960904,0.09034998731930002,1.0,0.9243903224767244,0.07560967752327567
2347,YDL085W YLR094C,0.0,NA,1.189965814774041e-07,2850,28693,2348,0,0.15337405210822933,0.0903528516628095,1.0,0.9243581070197481,0.07564189298025192
2348,YGL178W YPL003W,0.0,NA,1.1905856212024446e-07,2850,28692,2349,0,0.1534035584668496,0.09035571618793989,1.0,0.9243258915627718,0.07567410843722819
2349,YLR033W YBR050C,0.0,NA,1.1906400487760038e-07,2850,28691,2350,0,0.1534330648254699,0.09035858089470847,1.0,0.9242936761057956,0.07570632389420444
2350,YKR094C YER014W,0.0,NA,1.1946573863497179e-07,2850,28690,2351,0,0.15346257118409018,0.09036144578313253,1.0,0.9242614606488193,0.0757385393511807
2351,YJR055W YGL213C,0.0,NA,1.1950231737500872e-07,2850,28689,2352,0,0.15349207754271046,0.09036431085322934,1.0,0.924229245191843,0.07577075480815695
2352,YOR099W YBR299W,0.0,NA,1.1953537182307628e-07,2850,28688,2353,0,0.15352158390133075,0.09036717610501617,1.0,0.9241970297348668,0.0758029702651332
2353,YBR097W YGR123C,0.0,NA,1.1962568180479138e-07,2850,28687,2354,0,0.153551090259951,0.09037004153851032,1.0,0.9241648142778905,0.07583518572210947
2354,YDR162C YDR021W,0.0,NA,1.1965238400080125e-07,2850,28686,2355,0,0.1535805966185713,0.09037290715372907,1.0,0.9241325988209143,0.07586740117908572
2355,YLR095C YNL091W,0.0,NA,1.2018979589356604e-07,2850,28685,2356,0,0.15361010297719158,0.09037577295068971,1.0,0.9241003833639381,0.07589961663606198
2356,YML095C YNL162W,0.0,NA,1.2031892993036308e-07,2850,28684,2357,0,0.15363960933581186,0.09037863892940953,1.0,0.9240681679069618,0.07593183209303823
2357,YDR483W YLL042C,0.0,NA,1.2117104120079603e-07,2850,28683,2358,0,0.15366911569443215,0.09038150508990582,1.0,0.9240359524499855,0.0759640475500145
2358,YCR014C YNL130C,0.0,NA,1.2134057669754839e-07,2850,28682,2359,0,0.15369862205305243,0.09038437143219587,1.0,0.9240037369930092,0.07599626300699075
2359,YKR009C YER023W,0.0,NA,1.2171109631253785e-07,2850,28681,2360,0,0.15372812841167272,0.09038723795629698,1.0,0.923971521536033,0.07602847846396701
2360,YBR006W YPL086C,0.0,NA,1.219137999441955e-07,2850,28680,2361,0,0.153757634770293,0.09039010466222645,1.0,0.9239393060790567,0.07606069392094326
2361,YBR152W YPR190C,0.0,NA,1.2208168698180089e-07,2850,28679,2362,0,0.15378714112891329,0.09039297155000159,1.0,0.9239070906220804,0.07609290937791953
2362,YGL093W YPL176C,0.0,NA,1.221385304006617e-07,2850,28678,2363,0,0.15381664748753357,0.09039583861963968,1.0,0.9238748751651042,0.07612512483489578
2363,YJL031C YGL002W,0.0,NA,1.2220213818636694e-07,2850,28677,2364,0,0.15384615384615385,0.09039870587115806,1.0,0.923842659708128,0.07615734029187204
2364,YNL156C YMR131C,0.0,NA,1.2225714840496948e-07,2850,28676,2365,0,0.15387566020477414,0.090401573304574,1.0,0.9238104442511517,0.0761895557488483
2365,YBL043W YLR129W,0.0,NA,1.2256710135716276e-07,2850,28675,2366,0,0.15390516656339442,0.09040444091990484,1.0,0.9237782287941755,0.07622177120582456
2366,YCL035C YDR183W,0.0,NA,1.2256884929229273e-07,2850,28674,2367,0,0.15393467292201468,0.09040730871716787,1.0,0.9237460133371992,0.07625398666280081
2367,YOR119C YDR259C,0.0,NA,1.2331571497270488e-07,2850,28673,2368,0,0.15396417928063497,0.09041017669638042,1.0,0.9237137978802229,0.07628620211977707
2368,YLR197W YGL097W,0.0,NA,1.2341101296442503e-07,2850,28672,2369,0,0.15399368563925525,0.0904130448575598,1.0,0.9236815824232467,0.07631841757675333
2369,YPL157W YOL109W,0.0,NA,1.2352205658316961e-07,2850,28671,2370,0,0.15402319199787554,0.09041591320072333,1.0,0.9236493669662704,0.07635063303372959
2370,YPR184W YOL054W,0.0,NA,1.2352404610282974e-07,2850,28670,2371,0,0.15405269835649582,0.09041878172588833,1.0,0.9236171515092941,0.07638284849070584
2371,YOR237W YKL103C,0.0,NA,1.2366407986519334e-07,2850,28669,2372,0,0.1540822047151161,0.09042165043307211,1.0,0.923584936052318,0.0764150639476821
2372,YDR030C YMR131C,0.0,NA,1.2397227067140193e-07,2850,28668,2373,0,0.1541117110737364,0.09042451932229202,1.0,0.9235527205953417,0.07644727940465836
2373,YGR244C YDR450W,0.0,NA,1.2409942939939356e-07,2850,28667,2374,0,0.15414121743235668,0.09042738839356537,1.0,0.9235205051383654,0.0764794948616346
2374,YPL081W YPR184W,0.0,NA,1.242101461684797e-07,2850,28666,2375,0,0.15417072379097696,0.09043025764690951,1.0,0.9234882896813892,0.07651171031861087
2375,YPL146C YPL065W,0.0,NA,1.2437371310625167e-07,2850,28665,2376,0,0.15420023014959724,0.09043312708234175,1.0,0.9234560742244129,0.07654392577558712
2376,YLR056W YGL035C,0.0,NA,1.2455473097361391e-07,2850,28664,2377,0,0.15422973650821753,0.09043599669987942,1.0,0.9234238587674366,0.07657614123256339
2377,YIR012W YLR406C,0.0,NA,1.2494245993366349e-07,2850,28663,2378,0,0.15425924286683781,0.09043886649953987,1.0,0.9233916433104603,0.07660835668953964
2378,YBL039C YBR139W,0.0,NA,1.2519126357801724e-07,2850,28662,2379,0,0.1542887492254581,0.09044173648134045,1.0,0.9233594278534841,0.0766405721465159
2379,YDR054C YPL033C,0.0,NA,1.255988024695398e-07,2850,28661,2380,0,0.15431825558407836,0.09044460664529846,1.0,0.9233272123965078,0.07667278760349215
2380,YOL043C YDR064W,0.0,NA,1.263299083120728e-07,2850,28660,2381,0,0.15434776194269864,0.0904474769914313,1.0,0.9232949969395315,0.07670500306046842
2381,YGR258C YKR061W,0.0,NA,1.2687600303706859e-07,2850,28659,2382,0,0.15437726830131893,0.09045034751975627,1.0,0.9232627814825554,0.07673721851744467
2382,YPL152W YIL125W,0.0,NA,1.2708005669992417e-07,2850,28658,2383,0,0.1544067746599392,0.09045321823029072,1.0,0.9232305660255791,0.07676943397442093
2383,YML051W YJL121C,0.0,NA,1.274540011309e-07,2850,28657,2384,0,0.1544362810185595,0.09045608912305202,1.0,0.9231983505686028,0.07680164943139718
2384,YDR207C YBR199W,0.0,NA,1.2778906466337503e-07,2850,28656,2385,0,0.15446578737717978,0.09045896019805752,1.0,0.9231661351116266,0.07683386488837345
2385,YOR136W YHL036W,0.0,NA,1.282413961689599e-07,2850,28655,2386,0,0.15449529373580007,0.09046183145532455,1.0,0.9231339196546503,0.0768660803453497
2386,YDR259C YKL216W,0.0,NA,1.288140509814184e-07,2850,28654,2387,0,0.15452480009442035,0.09046470289487049,1.0,0.923101704197674,0.07689829580232596
2387,YGR116W YPL157W,0.0,NA,1.2893400480606942e-07,2850,28653,2388,0,0.15455430645304064,0.0904675745167127,1.0,0.9230694887406978,0.07693051125930221
2388,YCL040W YCL059C,0.0,NA,1.2914604496927495e-07,2850,28652,2389,0,0.15458381281166092,0.09047044632086852,1.0,0.9230372732837215,0.07696272671627848
2389,YFL041W YOL013C,0.0,NA,1.2928923354138533e-07,2850,28651,2390,0,0.1546133191702812,0.09047331830735532,1.0,0.9230050578267452,0.07699494217325473
2390,YNL277W YLR087C,0.0,NA,1.2941049476467015e-07,2850,28650,2391,0,0.1546428255289015,0.09047619047619047,1.0,0.9229728423697691,0.07702715763023099
2391,YKL171W YDR324C,0.0,NA,1.29722863562165e-07,2850,28649,2392,0,0.15467233188752177,0.09047906282739135,1.0,0.9229406269127928,0.07705937308720724
2392,YOR079C YDR078C,0.0,NA,1.30035374468207e-07,2850,28648,2393,0,0.15470183824614203,0.0904819353609753,1.0,0.9229084114558165,0.07709158854418349
2393,YOR026W YLR094C,0.0,NA,1.3014789601584198e-07,2850,28647,2394,0,0.15473134460476232,0.09048480807695972,1.0,0.9228761959988403,0.07712380400115976
2394,YKR024C YMR042W,0.0,NA,1.3043829483194713e-07,2850,28646,2395,0,0.1547608509633826,0.09048768097536194,1.0,0.922843980541864,0.07715601945813601
2395,YLR276C YDL042C,0.0,NA,1.304442491800728e-07,2850,28645,2396,0,0.15479035732200289,0.0904905540561994,1.0,0.9228117650848877,0.07718823491511227
2396,YIL079C YBR215W,0.0,NA,1.3055253589300264e-07,2850,28644,2397,0,0.15481986368062317,0.09049342731948942,1.0,0.9227795496279114,0.07722045037208852
2397,YIL018W YKL220C,0.0,NA,1.3213453087246307e-07,2850,28643,2398,0,0.15484937003924346,0.09049630076524942,1.0,0.9227473341709352,0.07725266582906479
2398,YGL104C YPL089C,0.0,NA,1.3244805074918986e-07,2850,28642,2399,0,0.15487887639786374,0.09049917439349676,1.0,0.922715118713959,0.07728488128604104
2399,YBR114W YBL037W,0.0,NA,1.3248001096144435e-07,2850,28641,2400,0,0.15490838275648403,0.09050204820424883,1.0,0.9226829032569827,0.0773170967430173
2400,YBL043W YFL034C-B,0.0,NA,1.3339852955596143e-07,2850,28640,2401,0,0.1549378891151043,0.09050492219752303,1.0,0.9226506878000065,0.07734931219999355
2401,YMR121C YBR298C,0.0,NA,1.335673260882686e-07,2850,28639,2402,0,0.1549673954737246,0.09050779637333672,1.0,0.9226184723430302,0.07738152765696982
2402,YJL187C YHR013C,0.0,NA,1.336329518153434e-07,2850,28638,2403,0,0.15499690183234488,0.09051067073170732,1.0,0.9225862568860539,0.07741374311394607
2403,YFL026W YGR222W,0.0,NA,1.3402859622146934e-07,2850,28637,2404,0,0.15502640819096516,0.09051354527265221,1.0,0.9225540414290777,0.07744595857092233
2404,YGR123C YGL238W,0.0,NA,1.340549289352566e-07,2850,28636,2405,0,0.15505591454958542,0.09051641999618878,1.0,0.9225218259721014,0.07747817402789858
2405,YNL065W YDR466W,0.0,NA,1.3406184962150292e-07,2850,28635,2406,0,0.1550854209082057,0.09051929490233444,1.0,0.9224896105151251,0.07751038948487485
2406,YJR159W YOR145C,0.0,NA,1.3411234078830603e-07,2850,28634,2407,0,0.155114927266826,0.0905221699911066,1.0,0.9224573950581489,0.0775426049418511
2407,YDR064W YLR054C,0.0,NA,1.3493996675606468e-07,2850,28633,2408,0,0.15514443362544628,0.09052504526252263,1.0,0.9224251796011727,0.07757482039882736
2408,YAL058W YOL065C,0.0,NA,1.351303069441201e-07,2850,28632,2409,0,0.15517393998406656,0.09052792071659996,1.0,0.9223929641441964,0.07760703585580361
2409,YKL086W YGL077C,0.0,NA,1.352031375745355e-07,2850,28631,2410,0,0.15520344634268685,0.090530796353356,1.0,0.9223607486872202,0.07763925131277988
2410,YIL040W YNR046W,0.0,NA,1.352187410930128e-07,2850,28630,2411,0,0.15523295270130713,0.09053367217280814,1.0,0.9223285332302439,0.07767146676975613
2411,YOR123C YGR145W,0.0,NA,1.353473777498948e-07,2850,28629,2412,0,0.15526245905992742,0.0905365481749738,1.0,0.9222963177732676,0.07770368222673239
2412,YDR451C YLL042C,0.0,NA,1.357804677581953e-07,2850,28628,2413,0,0.1552919654185477,0.09053942435987039,1.0,0.9222641023162914,0.07773589768370864
2413,YOR209C YOR091W,0.0,NA,1.3600065074115264e-07,2850,28627,2414,0,0.15532147177716799,0.09054230072751533,1.0,0.9222318868593151,0.0777681131406849
2414,YIL110W YJR078W,0.0,NA,1.3605877313693782e-07,2850,28626,2415,0,0.15535097813578827,0.09054517727792603,1.0,0.9221996714023388,0.07780032859766116
2415,YGL192W YPR149W,0.0,NA,1.3618702610074251e-07,2850,28625,2416,0,0.15538048449440856,0.09054805401111994,1.0,0.9221674559453625,0.07783254405463741
2416,YPL133C YKL196C,0.0,NA,1.363225550221614e-07,2850,28624,2417,0,0.15540999085302884,0.09055093092711444,1.0,0.9221352404883864,0.07786475951161367
2417,YOR063W YDR201W,0.0,NA,1.3661565390066244e-07,2850,28623,2418,0,0.1554394972116491,0.09055380802592698,1.0,0.9221030250314101,0.07789697496858992
2418,YMR290C YOR243C,0.0,NA,1.367209705449568e-07,2850,28622,2419,0,0.15546900357026938,0.09055668530757499,1.0,0.9220708095744338,0.07792919042556619
2419,YOR320C YIR026C,0.0,NA,1.3685662736406812e-07,2850,28621,2420,0,0.15549850992888967,0.09055956277207589,1.0,0.9220385941174576,0.07796140588254244
2420,YDR335W YHR160C,0.0,NA,1.368743767216074e-07,2850,28620,2421,0,0.15552801628750995,0.0905624404194471,1.0,0.9220063786604813,0.0779936213395187
2421,YLR399C YOR388C,0.0,NA,1.3691132494386693e-07,2850,28619,2422,0,0.15555752264613024,0.09056531824970605,1.0,0.921974163203505,0.07802583679649495
2422,YNL149C YNL066W,0.0,NA,1.3711805024740897e-07,2850,28618,2423,0,0.15558702900475052,0.09056819626287022,1.0,0.9219419477465288,0.07805805225347122
2423,YNR056C YDR279W,0.0,NA,1.37313548975726e-07,2850,28617,2424,0,0.1556165353633708,0.090571074458957,1.0,0.9219097322895525,0.07809026771044747
2424,YJR127C YMR032W,0.0,NA,1.3776384832908661e-07,2850,28616,2425,0,0.1556460417219911,0.09057395283798386,1.0,0.9218775168325762,0.07812248316742373
2425,YOL082W YIL037C,0.0,NA,1.3802869602841383e-07,2850,28615,2426,0,0.15567554808061138,0.09057683139996822,1.0,0.9218453013756001,0.07815469862439998
2426,YDR536W YJR137C,0.0,NA,1.381471008699009e-07,2850,28614,2427,0,0.15570505443923166,0.09057971014492754,1.0,0.9218130859186238,0.07818691408137625
2427,YHR196W YPL269W,0.0,NA,1.3841216173204884e-07,2850,28613,2428,0,0.15573456079785195,0.09058258907287925,1.0,0.9217808704616475,0.0782191295383525
2428,YMR266W YLL060C,0.0,NA,1.3857845715392614e-07,2850,28612,2429,0,0.15576406715647223,0.09058546818384082,1.0,0.9217486550046713,0.07825134499532876
2429,YER013W YNR049C,0.0,NA,1.3865393100331858e-07,2850,28611,2430,0,0.15579357351509251,0.09058834747782969,1.0,0.921716439547695,0.07828356045230501
2430,YDL245C YHR019C,0.0,NA,1.3866529968709074e-07,2850,28610,2431,0,0.15582307987371277,0.09059122695486332,1.0,0.9216842240907187,0.07831577590928128
2431,YDR184C YKL005C,0.0,NA,1.391074277989901e-07,2850,28609,2432,0,0.15585258623233306,0.09059410661495915,1.0,0.9216520086337424,0.07834799136625753
2432,YEL029C YDL223C,0.0,NA,1.396966382571918e-07,2850,28608,2433,0,0.15588209259095334,0.09059698645813466,1.0,0.9216197931767662,0.07838020682323378
2433,YJR059W YOR310C,0.0,NA,1.4043759222204244e-07,2850,28607,2434,0,0.15591159894957363,0.09059986648440728,1.0,0.9215875777197899,0.07841242228021005
2434,YCR028C YGL209W,0.0,NA,1.4064640652122762e-07,2850,28606,2435,0,0.1559411053081939,0.0906027466937945,1.0,0.9215553622628136,0.0784446377371863
2435,YMR201C YER055C,0.0,NA,1.409187007084256e-07,2850,28605,2436,0,0.1559706116668142,0.09060562708631378,1.0,0.9215231468058375,0.07847685319416256
2436,YDR007W YDR392W,0.0,NA,1.4113079771505e-07,2850,28604,2437,0,0.15600011802543448,0.09060850766198258,1.0,0.9214909313488612,0.07850906865113881
2437,YBR083W YMR075W,0.0,NA,1.4121870606231823e-07,2850,28603,2438,0,0.15602962438405477,0.09061138842081837,1.0,0.9214587158918849,0.07854128410811508
2438,YLR406C YDR328C,0.0,NA,1.413541212968994e-07,2850,28602,2439,0,0.15605913074267505,0.09061426936283862,1.0,0.9214265004349087,0.07857349956509133
2439,YDR259C YDR345C,0.0,NA,1.413748833556383e-07,2850,28601,2440,0,0.15608863710129534,0.0906171504880608,1.0,0.9213942849779324,0.07860571502206759
2440,YBL004W YGR230W,0.0,NA,1.4146066007469926e-07,2850,28600,2441,0,0.15611814345991562,0.09062003179650238,1.0,0.9213620695209561,0.07863793047904384
2441,YJL060W YLR154C,0.0,NA,1.4182739960233448e-07,2850,28599,2442,0,0.1561476498185359,0.09062291328818087,1.0,0.9213298540639799,0.0786701459360201
2442,YIR006C YGL163C,0.0,NA,1.4200267628439178e-07,2850,28598,2443,0,0.1561771561771562,0.09062579496311371,1.0,0.9212976386070036,0.07870236139299636
2443,YKL082C YPL028W,0.0,NA,1.433273126849599e-07,2850,28597,2444,0,0.15620666253577645,0.09062867682131841,1.0,0.9212654231500274,0.07873457684997262
2444,YDR071C YER117W,0.0,NA,1.4333031117530481e-07,2850,28596,2445,0,0.15623616889439673,0.09063155886281243,1.0,0.9212332076930512,0.07876679230694887
2445,YLR165C YOR370C,0.0,NA,1.4392107061667048e-07,2850,28595,2446,0,0.15626567525301702,0.09063444108761329,1.0,0.9212009922360749,0.07879900776392514
2446,YGL151W YNL318C,0.0,NA,1.4417534544008959e-07,2850,28594,2447,0,0.1562951816116373,0.09063732349573846,1.0,0.9211687767790986,0.07883122322090139
2447,YNL277W YPR162C,0.0,NA,1.4428498218421737e-07,2850,28593,2448,0,0.1563246879702576,0.09064020608720542,1.0,0.9211365613221224,0.07886343867787765
2448,YNL172W YDL115C,0.0,NA,1.4446742113705113e-07,2850,28592,2449,0,0.15635419432887787,0.09064308886203168,1.0,0.9211043458651461,0.0788956541348539
2449,YPR107C YPL266W,0.0,NA,1.446067727783884e-07,2850,28591,2450,0,0.15638370068749816,0.09064597182023472,1.0,0.9210721304081698,0.07892786959183017
2450,YMR261C YHR106W,0.0,NA,1.458072489413098e-07,2850,28590,2451,0,0.15641320704611844,0.09064885496183206,1.0,0.9210399149511935,0.07896008504880642
2451,YJL034W YOR083W,0.0,NA,1.4648266244421393e-07,2850,28589,2452,0,0.15644271340473873,0.09065173828684119,1.0,0.9210076994942173,0.07899230050578268
2452,YPL019C YKL086W,0.0,NA,1.465156316271532e-07,2850,28588,2453,0,0.156472219763359,0.0906546217952796,1.0,0.920975484037241,0.07902451596275893
2453,YPL226W YMR081C,0.0,NA,1.4680263404898142e-07,2850,28587,2454,0,0.1565017261219793,0.09065750548716481,1.0,0.9209432685802648,0.07905673141973518
2454,YKL068W YER012W,0.0,NA,1.471791648555154e-07,2850,28586,2455,0,0.15653123248059958,0.09066038936251432,1.0,0.9209110531232886,0.07908894687671145
2455,YPL058C YOL109W,0.0,NA,1.4741151233010896e-07,2850,28585,2456,0,0.15656073883921987,0.09066327342134563,1.0,0.9208788376663123,0.0791211623336877
2456,YBR275C YDR356W,0.0,NA,1.4768053802072245e-07,2850,28584,2457,0,0.15659024519784012,0.09066615766367628,1.0,0.920846622209336,0.07915337779066396
2457,YNR008W YEL036C,0.0,NA,1.4796221137203247e-07,2850,28583,2458,0,0.1566197515564604,0.09066904208952375,1.0,0.9208144067523598,0.07918559324764021
2458,YBR156C YJL074C,0.0,NA,1.4820962235262414e-07,2850,28582,2459,0,0.1566492579150807,0.09067192669890557,1.0,0.9207821912953835,0.07921780870461648
2459,YDL024C YMR014W,0.0,NA,1.4830916938990413e-07,2850,28581,2460,0,0.15667876427370098,0.09067481149183927,1.0,0.9207499758384072,0.07925002416159273
2460,YFL031W YOL039W,0.0,NA,1.488379695047115e-07,2850,28580,2461,0,0.15670827063232126,0.09067769646834235,1.0,0.920717760381431,0.07928223961856899
2461,YLR044C YER065C,0.0,NA,1.4971118389439653e-07,2850,28579,2462,0,0.15673777699094155,0.09068058162843234,1.0,0.9206855449244548,0.07931445507554524
2462,YJR139C YDR217C,0.0,NA,1.4989277019594738e-07,2850,28578,2463,0,0.15676728334956183,0.09068346697212677,1.0,0.9206533294674785,0.07934667053252151
2463,YJR046W YOL028C,0.0,NA,1.5005080911123514e-07,2850,28577,2464,0,0.15679678970818212,0.09068635249944315,1.0,0.9206211140105023,0.07937888598949776
2464,YNR043W YOR247W,0.0,NA,1.5028452082788135e-07,2850,28576,2465,0,0.1568262960668024,0.09068923821039904,1.0,0.920588898553526,0.07941110144647402
2465,YDL020C YER162C,0.0,NA,1.5075809756126546e-07,2850,28575,2466,0,0.15685580242542269,0.09069212410501193,1.0,0.9205566830965497,0.07944331690345027
2466,YBL032W YPL211W,0.0,NA,1.5086193627666944e-07,2850,28574,2467,0,0.15688530878404297,0.09069501018329938,1.0,0.9205244676395735,0.07947553236042654
2467,YDR530C YIL047C,0.0,NA,1.5099134031970607e-07,2850,28573,2468,0,0.15691481514266326,0.09069789644527894,1.0,0.9204922521825972,0.07950774781740279
2468,YGR083C YCL038C,0.0,NA,1.5113870688310271e-07,2850,28572,2469,0,0.15694432150128354,0.09070078289096811,1.0,0.9204600367256209,0.07953996327437905
2469,YCL016C YGL073W,0.0,NA,1.5146827081480296e-07,2850,28571,2470,0,0.1569738278599038,0.09070366952038446,1.0,0.9204278212686446,0.0795721787313553
2470,YMR268C YKR069W,0.0,NA,1.5202907377442898e-07,2850,28570,2471,0,0.15700333421852408,0.09070655633354552,1.0,0.9203956058116685,0.07960439418833157
2471,YDR513W YPL036W,0.0,NA,1.5322699198350165e-07,2850,28569,2472,0,0.15703284057714437,0.09070944333046882,1.0,0.9203633903546922,0.07963660964530782
2472,YAL055W YMR032W,0.0,NA,1.5342030224019254e-07,2850,28568,2473,0,0.15706234693576465,0.09071233051117195,1.0,0.9203311748977159,0.07966882510228408
2473,YHR205W YOL147C,0.0,NA,1.535128006935338e-07,2850,28567,2474,0,0.15709185329438494,0.09071521787567241,1.0,0.9202989594407397,0.07970104055926033
2474,YOR196C YLR237W,0.0,NA,1.5406028808229166e-07,2850,28566,2475,0,0.15712135965300522,0.09071810542398778,1.0,0.9202667439837634,0.07973325601623658
2475,YBR006W YMR174C,0.0,NA,1.542818637290111e-07,2850,28565,2476,0,0.1571508660116255,0.0907209931561356,1.0,0.9202345285267871,0.07976547147321285
2476,YOR056C YDL135C,0.0,NA,1.5487520954593492e-07,2850,28564,2477,0,0.1571803723702458,0.09072388107213344,1.0,0.9202023130698109,0.0797976869301891
2477,YNL316C YER162C,0.0,NA,1.5551370324828895e-07,2850,28563,2478,0,0.15720987872886608,0.09072676917199886,1.0,0.9201700976128346,0.07982990238716536
2478,YPR154W YKL028W,0.0,NA,1.578205512942077e-07,2850,28562,2479,0,0.15723938508748636,0.0907296574557494,1.0,0.9201378821558583,0.07986211784414161
2479,YCL059C YNR016C,0.0,NA,1.5787760787588923e-07,2850,28561,2480,0,0.15726889144610665,0.09073254592340263,1.0,0.9201056666988822,0.07989433330111788
2480,YDR213W YDR384C,0.0,NA,1.5977761336216645e-07,2850,28560,2481,0,0.15729839780472693,0.09073543457497613,1.0,0.9200734512419059,0.07992654875809413
2481,YPR154W YEL059C-A,0.0,NA,1.5977883549567196e-07,2850,28559,2482,0,0.1573279041633472,0.09073832341048745,1.0,0.9200412357849296,0.0799587642150704
2482,YPL086C YGL096W,0.0,NA,1.5985810364327335e-07,2850,28558,2483,0,0.15735741052196747,0.09074121242995416,1.0,0.9200090203279534,0.07999097967204664
2483,YDL060W YPL239W,0.0,NA,1.6040632999647642e-07,2850,28557,2484,0,0.15738691688058776,0.09074410163339383,1.0,0.9199768048709771,0.08002319512902291
2484,YCR008W YDR523C,0.0,NA,1.6166995919775218e-07,2850,28556,2485,0,0.15741642323920804,0.09074699102082405,1.0,0.9199445894140008,0.08005541058599916
2485,YOL059W YPR005C,0.0,NA,1.618069234154973e-07,2850,28555,2486,0,0.15744592959782833,0.09074988059226238,1.0,0.9199123739570246,0.08008762604297542
2486,YKR010C YDR001C,0.0,NA,1.6185184392725205e-07,2850,28554,2487,0,0.1574754359564486,0.0907527703477264,1.0,0.9198801585000483,0.08011984149995167
2487,YNL270C YKL103C,0.0,NA,1.6199422248064366e-07,2850,28553,2488,0,0.1575049423150689,0.0907556602872337,1.0,0.919847943043072,0.08015205695692794
2488,YBR195C YKL165C,0.0,NA,1.6272893788027432e-07,2850,28552,2489,0,0.15753444867368918,0.09075855041080186,1.0,0.9198157275860958,0.08018427241390419
2489,YMR093W YCR068W,0.0,NA,1.6397223134845262e-07,2850,28551,2490,0,0.15756395503230947,0.09076144071844845,1.0,0.9197835121291196,0.08021648787088045
2490,YLR343W YGL229C,0.0,NA,1.6490061227614206e-07,2850,28550,2491,0,0.15759346139092975,0.09076433121019108,1.0,0.9197512966721433,0.0802487033278567
2491,YOR375C YGL096W,0.0,NA,1.6496274213295692e-07,2850,28549,2492,0,0.15762296774955004,0.09076722188604733,1.0,0.919719081215167,0.08028091878483297
2492,YBL068W YOL138C,0.0,NA,1.6506973565810767e-07,2850,28548,2493,0,0.15765247410817032,0.09077011274603478,1.0,0.9196868657581908,0.08031313424180922
2493,YDL247W YGL136C,0.0,NA,1.651210794761937e-07,2850,28547,2494,0,0.1576819804667906,0.09077300379017103,1.0,0.9196546503012145,0.08034534969878547
2494,YOR217W YDR439W,0.0,NA,1.6566004035212245e-07,2850,28546,2495,0,0.15771148682541086,0.09077589501847369,1.0,0.9196224348442382,0.08037756515576173
2495,YAL033W YDL232W,0.0,NA,1.6577904204950755e-07,2850,28545,2496,0,0.15774099318403115,0.09077878643096035,1.0,0.919590219387262,0.08040978061273799
2496,YNL182C YPL233W,0.0,NA,1.662292845594493e-07,2850,28544,2497,0,0.15777049954265143,0.0907816780276486,1.0,0.9195580039302858,0.08044199606971425
2497,YDL059C YNL135C,0.0,NA,1.6720328233077453e-07,2850,28543,2498,0,0.15780000590127172,0.09078456980855605,1.0,0.9195257884733095,0.0804742115266905
2498,YDR073W YOR096W,0.0,NA,1.677170331504385e-07,2850,28542,2499,0,0.157829512259892,0.09078746177370031,1.0,0.9194935730163333,0.08050642698366677
2499,YBR079C YLL041C,0.0,NA,1.6828468574203725e-07,2850,28541,2500,0,0.1578590186185123,0.09079035392309898,1.0,0.919461357559357,0.08053864244064302
2500,YLR244C YNL316C,0.0,NA,1.686822059809856e-07,2850,28540,2501,0,0.15788852497713257,0.09079324625676967,1.0,0.9194291421023807,0.08057085789761928
2501,YGL089C YLR248W,0.0,NA,1.687716775222725e-07,2850,28539,2502,0,0.15791803133575286,0.09079613877473,1.0,0.9193969266454045,0.08060307335459553
2502,YDL060W YML042W,0.0,NA,1.6907550559608353e-07,2850,28538,2503,0,0.15794753769437314,0.09079903147699758,1.0,0.9193647111884282,0.0806352888115718
2503,YDR412W YBR019C,0.0,NA,1.6929912760588195e-07,2850,28537,2504,0,0.15797704405299343,0.09080192436359003,1.0,0.9193324957314519,0.08066750426854805
2504,YDR122W YBR265W,0.0,NA,1.6998005492041557e-07,2850,28536,2505,0,0.1580065504116137,0.09080481743452495,1.0,0.9193002802744757,0.08069971972552431
2505,YPR049C YBR126C,0.0,NA,1.701588132618781e-07,2850,28535,2506,0,0.158036056770234,0.09080771068981998,1.0,0.9192680648174995,0.08073193518250056
2506,YBR142W YKL216W,0.0,NA,1.7024888165906304e-07,2850,28534,2507,0,0.15806556312885428,0.09081060412949274,1.0,0.9192358493605232,0.08076415063947683
2507,YHR048W YKL182W,0.0,NA,1.7053635303909687e-07,2850,28533,2508,0,0.15809506948747454,0.09081349775356085,1.0,0.9192036339035469,0.08079636609645308
2508,YNR008W YOR163W,0.0,NA,1.7111403849412454e-07,2850,28532,2509,0,0.15812457584609482,0.09081639156204194,1.0,0.9191714184465707,0.08082858155342934
2509,YCL050C YBR252W,0.0,NA,1.7129575269336783e-07,2850,28531,2510,0,0.1581540822047151,0.09081928555495364,1.0,0.9191392029895944,0.08086079701040559
2510,YDL215C YLR324W,0.0,NA,1.7153655562651693e-07,2850,28530,2511,0,0.1581835885633354,0.09082217973231357,1.0,0.9191069875326181,0.08089301246738186
2511,YNL232W YNR034W,0.0,NA,1.721299440760049e-07,2850,28529,2512,0,0.15821309492195568,0.0908250740941394,1.0,0.9190747720756419,0.0809252279243581
2512,YDR118W YKR081C,0.0,NA,1.7221877612882963e-07,2850,28528,2513,0,0.15824260128057596,0.09082796864044872,1.0,0.9190425566186656,0.08095744338133437
2513,YMR268C YLR133W,0.0,NA,1.725279901165777e-07,2850,28527,2514,0,0.15827210763919625,0.0908308633712592,1.0,0.9190103411616893,0.08098965883831062
2514,YGL205W YKR086W,0.0,NA,1.7268206420339993e-07,2850,28526,2515,0,0.15830161399781653,0.09083375828658848,1.0,0.9189781257047132,0.08102187429528687
2515,YPR054W YPL089C,0.0,NA,1.7316921230303706e-07,2850,28525,2516,0,0.15833112035643682,0.09083665338645418,1.0,0.9189459102477369,0.08105408975226314
2516,YPL266W YPL203W,0.0,NA,1.7335179336441797e-07,2850,28524,2517,0,0.1583606267150571,0.09083954867087397,1.0,0.9189136947907606,0.08108630520923939
2517,YDR184C YOR351C,0.0,NA,1.73753321064396e-07,2850,28523,2518,0,0.15839013307367739,0.09084244413986549,1.0,0.9188814793337844,0.08111852066621565
2518,YOR207C YOR360C,0.0,NA,1.740374102610076e-07,2850,28522,2519,0,0.15841963943229767,0.09084533979344639,1.0,0.9188492638768081,0.0811507361231919
2519,YDR252W YIR041W,0.0,NA,1.7451257861011982e-07,2850,28521,2520,0,0.15844914579091796,0.09084823563163431,1.0,0.9188170484198318,0.08118295158016817
2520,YKR094C YBL015W,0.0,NA,1.7456333978316252e-07,2850,28520,2521,0,0.1584786521495382,0.09085113165444693,1.0,0.9187848329628556,0.08121516703714442
2521,YNL078W YCR047C,0.0,NA,1.7532914853291004e-07,2850,28519,2522,0,0.1585081585081585,0.09085402786190187,1.0,0.9187526175058793,0.08124738249412068
2522,YCR083W YKL092C,0.0,NA,1.7541161412282236e-07,2850,28518,2523,0,0.15853766486677878,0.09085692425401683,1.0,0.918720402048903,0.08127959795109693
2523,YLR145W YIL117C,0.0,NA,1.756029206489984e-07,2850,28517,2524,0,0.15856717122539907,0.09085982083080944,1.0,0.9186881865919269,0.0813118134080732
2524,YJL060W YPL023C,0.0,NA,1.759099887976845e-07,2850,28516,2525,0,0.15859667758401935,0.09086271759229739,1.0,0.9186559711349506,0.08134402886504945
2525,YOR310C YOR179C,0.0,NA,1.762071661914888e-07,2850,28515,2526,0,0.15862618394263964,0.09086561453849833,1.0,0.9186237556779743,0.08137624432202571
2526,YLL040C YLR150W,0.0,NA,1.764767603162909e-07,2850,28514,2527,0,0.15865569030125992,0.09086851166942991,1.0,0.918591540220998,0.08140845977900196
2527,YOR113W YKR101W,0.0,NA,1.765924082519632e-07,2850,28513,2528,0,0.1586851966598802,0.09087140898510984,1.0,0.9185593247640218,0.08144067523597823
2528,YNR034W YER098W,0.0,NA,1.7709854205349984e-07,2850,28512,2529,0,0.1587147030185005,0.09087430648555576,1.0,0.9185271093070455,0.08147289069295448
2529,YMR136W YDR279W,0.0,NA,1.7790108586268616e-07,2850,28511,2530,0,0.15874420937712078,0.09087720417078538,1.0,0.9184948938500692,0.08150510614993074
2530,YGR097W YOR100C,0.0,NA,1.784819261274606e-07,2850,28510,2531,0,0.15877371573574106,0.09088010204081633,1.0,0.918462678393093,0.08153732160690699
2531,YFR015C YDR434W,0.0,NA,1.7875669300337904e-07,2850,28509,2532,0,0.15880322209436135,0.09088300009566631,1.0,0.9184304629361167,0.08156953706388326
2532,YNL248C YOL119C,0.0,NA,1.7918389971782744e-07,2850,28508,2533,0,0.15883272845298163,0.09088589833535302,1.0,0.9183982474791405,0.08160175252085951
2533,YER151C YJL207C,0.0,NA,1.7929740181443776e-07,2850,28507,2534,0,0.1588622348116019,0.09088879675989413,1.0,0.9183660320221643,0.08163396797783577
2534,YOR340C YML007W,0.0,NA,1.7961829712476174e-07,2850,28506,2535,0,0.15889174117022217,0.09089169536930732,1.0,0.918333816565188,0.08166618343481202
2535,YKL086W YDR466W,0.0,NA,1.7984677924687276e-07,2850,28505,2536,0,0.15892124752884246,0.09089459416361027,1.0,0.9183016011082117,0.08169839889178827
2536,YMR152W YPL154C,0.0,NA,1.799087101517216e-07,2850,28504,2537,0,0.15895075388746274,0.0908974931428207,1.0,0.9182693856512355,0.08173061434876454
2537,YHR008C YBR026C,0.0,NA,1.80074351874282e-07,2850,28503,2538,0,0.15898026024608303,0.09090039230695628,1.0,0.9182371701942592,0.08176282980574079
2538,YGR268C YKL034W,0.0,NA,1.8007503399530833e-07,2850,28502,2539,0,0.1590097666047033,0.0909032916560347,1.0,0.9182049547372829,0.08179504526271705
2539,YGR041W YOR095C,0.0,NA,1.8018944558662042e-07,2850,28501,2540,0,0.1590392729633236,0.09090619119007368,1.0,0.9181727392803067,0.0818272607196933
2540,YBR089C-A YLR196W,0.0,NA,1.809940926023046e-07,2850,28500,2541,0,0.15906877932194388,0.09090909090909091,1.0,0.9181405238233304,0.08185947617666957
2541,YAL055W YJL153C,0.0,NA,1.8106089783032076e-07,2850,28499,2542,0,0.15909828568056417,0.09091199081310408,1.0,0.9181083083663542,0.08189169163364582
2542,YKL112W YOL130W,0.0,NA,1.813794199279073e-07,2850,28498,2543,0,0.15912779203918445,0.09091489090213092,1.0,0.918076092909378,0.08192390709062208
2543,YOR377W YOR113W,0.0,NA,1.8138237578568805e-07,2850,28497,2544,0,0.15915729839780474,0.0909177911761891,1.0,0.9180438774524017,0.08195612254759833
2544,YDL003W YLR420W,0.0,NA,1.8278909408309119e-07,2850,28496,2545,0,0.15918680475642502,0.09092069163529637,1.0,0.9180116619954254,0.0819883380045746
2545,YBL043W YNL090W,0.0,NA,1.8311398264359013e-07,2850,28495,2546,0,0.1592163111150453,0.09092359227947042,1.0,0.9179794465384491,0.08202055346155085
2546,YKL043W YLL028W,0.0,NA,1.837423297956775e-07,2850,28494,2547,0,0.15924581747366556,0.09092649310872894,1.0,0.9179472310814729,0.08205276891852711
2547,YOL097C YER029C,0.0,NA,1.8375757804278692e-07,2850,28493,2548,0,0.15927532383228585,0.09092939412308969,1.0,0.9179150156244966,0.08208498437550336
2548,YGL178W YDR121W,0.0,NA,1.8398324641566433e-07,2850,28492,2549,0,0.15930483019090613,0.09093229532257036,1.0,0.9178828001675203,0.08211719983247963
2549,YGR178C YBR088C,0.0,NA,1.842812480390421e-07,2850,28491,2550,0,0.15933433654952642,0.09093519670718866,1.0,0.9178505847105441,0.08214941528945588
2550,YHR139C YLR384C,0.0,NA,1.8436755055972753e-07,2850,28490,2551,0,0.1593638429081467,0.09093809827696235,1.0,0.9178183692535679,0.08218163074643214
2551,YGR260W YLR248W,0.0,NA,1.8537249957262247e-07,2850,28489,2552,0,0.159393349266767,0.09094100003190912,1.0,0.9177861537965916,0.0822138462034084
2552,YMR183C YHR046C,0.0,NA,1.8569346593722003e-07,2850,28488,2553,0,0.15942285562538727,0.09094390197204671,1.0,0.9177539383396154,0.08224606166038466
2553,YPL098C YCL044C,0.0,NA,1.862034793020939e-07,2850,28487,2554,0,0.15945236198400756,0.09094680409739286,1.0,0.9177217228826391,0.08227827711736091
2554,YGR260W YDL234C,0.0,NA,1.8654081657132338e-07,2850,28486,2555,0,0.15948186834262784,0.09094970640796528,1.0,0.9176895074256628,0.08231049257433716
2555,YGL027C YER098W,0.0,NA,1.8703605064729345e-07,2850,28485,2556,0,0.15951137470124813,0.09095260890378172,1.0,0.9176572919686866,0.08234270803131342
2556,YFR031C-A YMR049C,0.0,NA,1.8725127404195518e-07,2850,28484,2557,0,0.1595408810598684,0.0909555115848599,1.0,0.9176250765117103,0.08237492348828968
2557,YDR009W YER051W,0.0,NA,1.873312953648565e-07,2850,28483,2558,0,0.1595703874184887,0.09095841445121756,1.0,0.917592861054734,0.08240713894526594
2558,YKL109W YPL123C,0.0,NA,1.8753578956420824e-07,2850,28482,2559,0,0.15959989377710895,0.09096131750287247,1.0,0.9175606455977579,0.08243935440224219
2559,YDR259C YGR085C,0.0,NA,1.8764741582799616e-07,2850,28481,2560,0,0.15962940013572924,0.09096422073984232,1.0,0.9175284301407816,0.08247156985921845
2560,YGL045W YLL035W,0.0,NA,1.8800692203058134e-07,2850,28480,2561,0,0.15965890649434952,0.0909671241621449,1.0,0.9174962146838053,0.0825037853161947
2561,YMR184W YDR345C,0.0,NA,1.8929254963495623e-07,2850,28479,2562,0,0.1596884128529698,0.09097002776979796,1.0,0.9174639992268291,0.08253600077317097
2562,YPL231W YDR162C,0.0,NA,1.8953279834477144e-07,2850,28478,2563,0,0.1597179192115901,0.0909729315628192,1.0,0.9174317837698528,0.08256821623014722
2563,YLL011W YLR313C,0.0,NA,1.8953551261802204e-07,2850,28477,2564,0,0.15974742557021038,0.09097583554122642,1.0,0.9173995683128765,0.08260043168712349
2564,YBL009W YDR261C,0.0,NA,1.9070152745825908e-07,2850,28476,2565,0,0.15977693192883066,0.09097873970503735,1.0,0.9173673528559002,0.08263264714409974
2565,YDR028C YFL001W,0.0,NA,1.914955731763257e-07,2850,28475,2566,0,0.15980643828745095,0.09098164405426976,1.0,0.917335137398924,0.082664862601076
2566,YDL065C YMR180C,0.0,NA,1.9155839936502161e-07,2850,28474,2567,0,0.15983594464607123,0.09098454858894138,1.0,0.9173029219419477,0.08269707805805225
2567,YCL037C YGL009C,0.0,NA,1.9344895463291323e-07,2850,28473,2568,0,0.15986545100469152,0.09098745330907002,1.0,0.9172707064849714,0.08272929351502852
2568,YOR076C YBR010W,0.0,NA,1.9371832138403988e-07,2850,28472,2569,0,0.1598949573633118,0.0909903582146734,1.0,0.9172384910279953,0.08276150897200477
2569,YCL064C YFR019W,0.0,NA,1.9374158455320867e-07,2850,28471,2570,0,0.1599244637219321,0.09099326330576929,1.0,0.917206275571019,0.08279372442898103
2570,YLR051C YPL084W,0.0,NA,1.939806395512278e-07,2850,28470,2571,0,0.15995397008055237,0.09099616858237548,1.0,0.9171740601140427,0.08282593988595728
2571,YCL035C YPL198W,0.0,NA,1.9418017416228395e-07,2850,28469,2572,0,0.15998347643917263,0.09099907404450973,1.0,0.9171418446570665,0.08285815534293355
2572,YCR019W YLR129W,0.0,NA,1.9435135811818327e-07,2850,28468,2573,0,0.1600129827977929,0.09100197969218979,1.0,0.9171096292000902,0.0828903707999098
2573,YNL278W YOR043W,0.0,NA,1.948364598547414e-07,2850,28467,2574,0,0.1600424891564132,0.09100488552543347,1.0,0.9170774137431139,0.08292258625688606
2574,YJR103W YBL016W,0.0,NA,1.9487605129597796e-07,2850,28466,2575,0,0.16007199551503348,0.09100779154425853,1.0,0.9170451982861377,0.08295480171386231
2575,YOR056C YGL156W,0.0,NA,1.9492455294312094e-07,2850,28465,2576,0,0.16010150187365377,0.09101069774868274,1.0,0.9170129828291614,0.08298701717083856
2576,YBR114W YDR064W,0.0,NA,1.9505750969983637e-07,2850,28464,2577,0,0.16013100823227405,0.09101360413872389,1.0,0.9169807673721851,0.08301923262781483
2577,YDL224C YER081W,0.0,NA,1.956159962901438e-07,2850,28463,2578,0,0.16016051459089434,0.09101651071439977,1.0,0.916948551915209,0.08305144808479108
2578,YJL179W YHR007C,0.0,NA,1.9585399968491402e-07,2850,28462,2579,0,0.16019002094951462,0.09101941747572816,1.0,0.9169163364582327,0.08308366354176734
2579,YGL139W YOL123W,0.0,NA,1.961901290314927e-07,2850,28461,2580,0,0.1602195273081349,0.09102232442272684,1.0,0.9168841210012564,0.08311587899874359
2580,YDR273W YJR076C,0.0,NA,1.962226718887905e-07,2850,28460,2581,0,0.1602490336667552,0.0910252315554136,1.0,0.9168519055442802,0.08314809445571986
2581,YFL048C YJL100W,0.0,NA,1.9632824432846974e-07,2850,28459,2582,0,0.16027854002537548,0.09102813887380626,1.0,0.9168196900873039,0.08318030991269611
2582,YKR080W YCR091W,0.0,NA,1.9682242680119089e-07,2850,28458,2583,0,0.16030804638399576,0.09103104637792257,1.0,0.9167874746303276,0.08321252536967237
2583,YJL063C YCL044C,0.0,NA,1.9706807563579787e-07,2850,28457,2584,0,0.16033755274261605,0.09103395406778036,1.0,0.9167552591733513,0.08324474082664862
2584,YML114C YDR481C,0.0,NA,1.9728847178157594e-07,2850,28456,2585,0,0.1603670591012363,0.09103686194339743,1.0,0.9167230437163751,0.08327695628362489
2585,YJR070C YBR042C,0.0,NA,1.9760406644309114e-07,2850,28455,2586,0,0.1603965654598566,0.09103977000479156,1.0,0.9166908282593988,0.08330917174060114
2586,YKL180W YLR275W,0.0,NA,1.9855198729601398e-07,2850,28454,2587,0,0.16042607181847687,0.09104267825198058,1.0,0.9166586128024226,0.0833413871975774
2587,YBR015C YGL037C,0.0,NA,1.988749005477075e-07,2850,28453,2588,0,0.16045557817709716,0.09104558668498226,1.0,0.9166263973454464,0.08337360265455365
2588,YOL051W YML060W,0.0,NA,1.9908098636278737e-07,2850,28452,2589,0,0.16048508453571744,0.09104849530381445,1.0,0.9165941818884701,0.08340581811152992
2589,YDR517W YDR343C,0.0,NA,1.9911477977530012e-07,2850,28451,2590,0,0.16051459089433773,0.09105140410849494,1.0,0.9165619664314938,0.08343803356850617
2590,YLR134W YDR403W,0.0,NA,1.9952061336425686e-07,2850,28450,2591,0,0.160544097252958,0.09105431309904154,1.0,0.9165297509745176,0.08347024902548243
2591,YDR495C YNL082W,0.0,NA,2.000477934416267e-07,2850,28449,2592,0,0.1605736036115783,0.09105722227547206,1.0,0.9164975355175413,0.08350246448245868
2592,YPR065W YDR137W,0.0,NA,2.001218319946929e-07,2850,28448,2593,0,0.16060310997019858,0.09106013163780433,1.0,0.916465320060565,0.08353467993943495
2593,YPL012W YOR265W,0.0,NA,2.0090203634026693e-07,2850,28447,2594,0,0.16063261632881887,0.09106304118605617,1.0,0.9164331046035888,0.0835668953964112
2594,YJR127C YDR082W,0.0,NA,2.021489393655429e-07,2850,28446,2595,0,0.16066212268743915,0.0910659509202454,1.0,0.9164008891466126,0.08359911085338746
2595,YHR061C YNL130C,0.0,NA,2.025099661295826e-07,2850,28445,2596,0,0.16069162904605944,0.09106886084038984,1.0,0.9163686736896363,0.08363132631036371
2596,YBR106W YDR087C,0.0,NA,2.0393368060922512e-07,2850,28444,2597,0,0.16072113540467972,0.09107177094650731,1.0,0.9163364582326601,0.08366354176733996
2597,YPL031C YML116W,0.0,NA,2.041198712277037e-07,2850,28443,2598,0,0.16075064176329998,0.09107468123861566,1.0,0.9163042427756838,0.08369575722431623
2598,YAR050W YPR073C,0.0,NA,2.0480273121847858e-07,2850,28442,2599,0,0.16078014812192026,0.09107759171673271,1.0,0.9162720273187075,0.08372797268129248
2599,YPL008W YHR098C,0.0,NA,2.048418110689454e-07,2850,28441,2600,0,0.16080965448054055,0.0910805023808763,1.0,0.9162398118617313,0.08376018813826874
2600,YGL026C YJL106W,0.0,NA,2.0499618358371663e-07,2850,28440,2601,0,0.16083916083916083,0.09108341323106424,1.0,0.916207596404755,0.083792403595245
2601,YPL160W YPR180W,0.0,NA,2.0526262289877195e-07,2850,28439,2602,0,0.16086866719778112,0.09108632426731439,1.0,0.9161753809477787,0.08382461905222126
2602,YBL011W YDR058C,0.0,NA,2.0542184131500107e-07,2850,28438,2603,0,0.1608981735564014,0.0910892354896446,1.0,0.9161431654908024,0.08385683450919751
2603,YDR078C YGR158C,0.0,NA,2.0572255721162946e-07,2850,28437,2604,0,0.1609276799150217,0.09109214689807268,1.0,0.9161109500338263,0.08388904996617377
2604,YLR448W YDR364C,0.0,NA,2.0690073654350272e-07,2850,28436,2605,0,0.16095718627364197,0.09109505849261651,1.0,0.91607873457685,0.08392126542315002
2605,YHR061C YBR026C,0.0,NA,2.0711493675662496e-07,2850,28435,2606,0,0.16098669263226226,0.09109797027329392,1.0,0.9160465191198737,0.08395348088012629
2606,YBR170C YJR070C,0.0,NA,2.0740054651469109e-07,2850,28434,2607,0,0.16101619899088254,0.09110088224012275,1.0,0.9160143036628975,0.08398569633710254
2607,YDL137W YHR176W,0.0,NA,2.0830842117902648e-07,2850,28433,2608,0,0.16104570534950283,0.09110379439312087,1.0,0.9159820882059212,0.0840179117940788
2608,YER015W YNL084C,0.0,NA,2.0836503722421185e-07,2850,28432,2609,0,0.1610752117081231,0.09110670673230611,1.0,0.9159498727489449,0.08405012725105505
2609,YKL029C YNR016C,0.0,NA,2.0841750369982037e-07,2850,28431,2610,0,0.1611047180667434,0.09110961925769637,1.0,0.9159176572919687,0.08408234270803132
2610,YNL264C YGL078C,0.0,NA,2.08887911412603e-07,2850,28430,2611,0,0.16113422442536365,0.09111253196930946,1.0,0.9158854418349924,0.08411455816500757
2611,YPL086C YHR172W,0.0,NA,2.0928172261847067e-07,2850,28429,2612,0,0.16116373078398394,0.09111544486716328,1.0,0.9158532263780161,0.08414677362198383
2612,YMR142C YDR364C,0.0,NA,2.0939812372944289e-07,2850,28428,2613,0,0.16119323714260422,0.09111835795127565,1.0,0.91582101092104,0.08417898907896008
2613,YNL192W YOR383C,0.0,NA,2.100840106322721e-07,2850,28427,2614,0,0.1612227435012245,0.09112127122166448,1.0,0.9157887954640637,0.08421120453593635
2614,YGL097W YPR194C,0.0,NA,2.1014511730754748e-07,2850,28426,2615,0,0.1612522498598448,0.09112418467834761,1.0,0.9157565800070874,0.0842434199929126
2615,YDR204W YAL023C,0.0,NA,2.121563653645353e-07,2850,28425,2616,0,0.16128175621846508,0.09112709832134293,1.0,0.9157243645501112,0.08427563544988885
2616,YOR237W YOR375C,0.0,NA,2.1234301073036477e-07,2850,28424,2617,0,0.16131126257708536,0.0911300121506683,1.0,0.9156921490931349,0.08430785090686511
2617,YPR073C YLR221C,0.0,NA,2.1315598530691204e-07,2850,28423,2618,0,0.16134076893570565,0.09113292616634157,1.0,0.9156599336361586,0.08434006636384137
2618,YNL167C YPL089C,0.0,NA,2.1324912324871548e-07,2850,28422,2619,0,0.16137027529432593,0.09113584036838066,1.0,0.9156277181791824,0.08437228182081763
2619,YGL001C YBR162W-A,0.0,NA,2.135619325827065e-07,2850,28421,2620,0,0.16139978165294622,0.09113875475680343,1.0,0.9155955027222061,0.08440449727779388
2620,YDL074C YBR217W,0.0,NA,2.1401210403837467e-07,2850,28420,2621,0,0.1614292880115665,0.09114166933162776,1.0,0.9155632872652298,0.08443671273477014
2621,YPL117C YBR065C,0.0,NA,2.1478027179000492e-07,2850,28419,2622,0,0.1614587943701868,0.09114458409287153,1.0,0.9155310718082535,0.0844689281917464
2622,YLR024C YHR163W,0.0,NA,2.148581330629895e-07,2850,28418,2623,0,0.16148830072880707,0.09114749904055264,1.0,0.9154988563512774,0.08450114364872266
2623,YCR010C YER110C,0.0,NA,2.1493293900221033e-07,2850,28417,2624,0,0.16151780708742733,0.09115041417468897,1.0,0.9154666408943011,0.08453335910569891
2624,YIL042C YLR409C,0.0,NA,2.150780886722714e-07,2850,28416,2625,0,0.1615473134460476,0.0911533294952984,1.0,0.9154344254373248,0.08456557456267517
2625,YBR180W YDR394W,0.0,NA,2.1508486724997056e-07,2850,28415,2626,0,0.1615768198046679,0.09115624500239884,1.0,0.9154022099803486,0.08459779001965143
2626,YHR112C YNL175C,0.0,NA,2.1549693940414727e-07,2850,28414,2627,0,0.16160632616328818,0.09115916069600818,1.0,0.9153699945233723,0.08463000547662769
2627,YNL283C YCL050C,0.0,NA,2.1550393114466715e-07,2850,28413,2628,0,0.16163583252190847,0.09116207657614432,1.0,0.915337779066396,0.08466222093360394
2628,YPR086W YNL322C,0.0,NA,2.1614158640659298e-07,2850,28412,2629,0,0.16166533888052875,0.09116499264282515,1.0,0.9153055636094198,0.0846944363905802
2629,YML103C YGR142W,0.0,NA,2.1693456631055597e-07,2850,28411,2630,0,0.16169484523914904,0.09116790889606859,1.0,0.9152733481524435,0.08472665184755646
2630,YFR015C YBR026C,0.0,NA,2.183634535413148e-07,2850,28410,2631,0,0.16172435159776932,0.09117082533589252,1.0,0.9152411326954673,0.08475886730453272
2631,YFL013C YGL058W,0.0,NA,2.1902542357565835e-07,2850,28409,2632,0,0.1617538579563896,0.09117374196231486,1.0,0.9152089172384911,0.08479108276150897
2632,YPR201W YHL036W,0.0,NA,2.1903399272105162e-07,2850,28408,2633,0,0.1617833643150099,0.09117665877535351,1.0,0.9151767017815148,0.08482329821848524
2633,YIL099W YNR047W,0.0,NA,2.1950114614810445e-07,2850,28407,2634,0,0.16181287067363018,0.09117957577502639,1.0,0.9151444863245385,0.08485551367546149
2634,YKL213C YMR070W,0.0,NA,2.2073039929182414e-07,2850,28406,2635,0,0.16184237703225046,0.09118249296135142,1.0,0.9151122708675623,0.08488772913243775
2635,YBR061C YCR063W,0.0,NA,2.2101498586835078e-07,2850,28405,2636,0,0.16187188339087072,0.0911854103343465,1.0,0.915080055410586,0.084919944589414
2636,YDR437W YER056C,0.0,NA,2.2106895869455911e-07,2850,28404,2637,0,0.161901389749491,0.09118832789402956,1.0,0.9150478399536097,0.08495216004639025
2637,YGR275W YJR090C,0.0,NA,2.2162454627050465e-07,2850,28403,2638,0,0.1619308961081113,0.09119124564041851,1.0,0.9150156244966335,0.08498437550336652
2638,YNR023W YCR047C,0.0,NA,2.2181802705745213e-07,2850,28402,2639,0,0.16196040246673157,0.0911941635735313,1.0,0.9149834090396572,0.08501659096034277
2639,YPL019C YBR299W,0.0,NA,2.2227033014132758e-07,2850,28401,2640,0,0.16198990882535186,0.0911970816933858,1.0,0.914951193582681,0.08504880641731903
2640,YLR273C YNL080C,0.0,NA,2.2246649677981623e-07,2850,28400,2641,0,0.16201941518397214,0.0912,1.0,0.9149189781257047,0.08508102187429528
2641,YMR182C YBR214W,0.0,NA,2.227093318651896e-07,2850,28399,2642,0,0.16204892154259243,0.0912029184933918,1.0,0.9148867626687285,0.08511323733127155
2642,YNL292W YGR187C,0.0,NA,2.2284915246473247e-07,2850,28398,2643,0,0.1620784279012127,0.09120583717357911,1.0,0.9148545472117522,0.0851454527882478
2643,YNL145W YBR245C,0.0,NA,2.241497583099772e-07,2850,28397,2644,0,0.162107934259833,0.0912087560405799,1.0,0.9148223317547759,0.08517766824522406
2644,YJR094W-A YCR021C,0.0,NA,2.2579169467462634e-07,2850,28396,2645,0,0.16213744061845328,0.09121167509441208,1.0,0.9147901162977997,0.08520988370220031
2645,YPL045W YER025W,0.0,NA,2.2658571197098354e-07,2850,28395,2646,0,0.16216694697707357,0.09121459433509362,1.0,0.9147579008408234,0.08524209915917658
2646,YLR054C YML092C,0.0,NA,2.2744977457023197e-07,2850,28394,2647,0,0.16219645333569385,0.09121751376264242,1.0,0.9147256853838471,0.08527431461615283
2647,YGR086C YML063W,0.0,NA,2.277795090321888e-07,2850,28393,2648,0,0.16222595969431414,0.09122043337707647,1.0,0.914693469926871,0.08530653007312909
2648,YKR009C YNL027W,0.0,NA,2.2847787306545797e-07,2850,28392,2649,0,0.1622554660529344,0.09122335317841368,1.0,0.9146612544698947,0.08533874553010534
2649,YLR088W YPL121C,0.0,NA,2.291657210662379e-07,2850,28391,2650,0,0.16228497241155468,0.091226273166672,1.0,0.9146290390129184,0.0853709609870816
2650,YGR023W YBR068C,0.0,NA,2.294545851100338e-07,2850,28390,2651,0,0.16231447877017496,0.0912291933418694,1.0,0.9145968235559422,0.08540317644405786
2651,YER045C YJL186W,0.0,NA,2.2946314004457236e-07,2850,28389,2652,0,0.16234398512879525,0.09123211370402382,1.0,0.9145646080989659,0.08543539190103412
2652,YKR069W YLL012W,0.0,NA,2.2965795665186306e-07,2850,28388,2653,0,0.16237349148741553,0.09123503425315321,1.0,0.9145323926419896,0.08546760735801037
2653,YLR100W YPL237W,0.0,NA,2.2972544400090555e-07,2850,28387,2654,0,0.16240299784603582,0.09123795498927553,1.0,0.9145001771850134,0.08549982281498664
2654,YIL168W YML105C,0.0,NA,2.302382284824489e-07,2850,28386,2655,0,0.1624325042046561,0.09124087591240876,1.0,0.9144679617280371,0.08553203827196289
2655,YLL021W YDR478W,0.0,NA,2.3173748786575743e-07,2850,28385,2656,0,0.1624620105632764,0.09124379702257084,1.0,0.9144357462710608,0.08556425372893915
2656,YJR021C YLR068W,0.0,NA,2.3234248658354772e-07,2850,28384,2657,0,0.16249151692189667,0.09124671831977972,1.0,0.9144035308140847,0.0855964691859154
2657,YNR043W YDR144C,0.0,NA,2.329577455384424e-07,2850,28383,2658,0,0.16252102328051696,0.0912496398040534,1.0,0.9143713153571084,0.08562868464289165
2658,YJR103W YNL012W,0.0,NA,2.3387175929201476e-07,2850,28382,2659,0,0.16255052963913724,0.09125256147540983,1.0,0.9143390999001321,0.08566090009986792
2659,YNL002C YPL026C,0.0,NA,2.3480320976432267e-07,2850,28381,2660,0,0.16258003599775753,0.09125548333386699,1.0,0.9143068844431558,0.08569311555684417
2660,YEL016C YHR098C,0.0,NA,2.3509385016495798e-07,2850,28380,2661,0,0.1626095423563778,0.09125840537944284,1.0,0.9142746689861796,0.08572533101382043
2661,YPL249C YER056C,0.0,NA,2.3533296200639597e-07,2850,28379,2662,0,0.16263904871499807,0.09126132761215537,1.0,0.9142424535292033,0.08575754647079668
2662,YKL046C YER167W,0.0,NA,2.3631307044524874e-07,2850,28378,2663,0,0.16266855507361835,0.09126425003202254,1.0,0.914210238072227,0.08578976192777295
2663,YIL052C YLR254C,0.0,NA,2.3762832768170483e-07,2850,28377,2664,0,0.16269806143223864,0.09126717263906235,1.0,0.9141780226152508,0.0858219773847492
2664,YNL248C YBR067C,0.0,NA,2.377092442884532e-07,2850,28376,2665,0,0.16272756779085892,0.09127009543329277,1.0,0.9141458071582745,0.08585419284172546
2665,YKL213C YFR037C,0.0,NA,2.3771967505581415e-07,2850,28375,2666,0,0.1627570741494792,0.09127301841473179,1.0,0.9141135917012982,0.08588640829870171
2666,YKL188C YBR249C,0.0,NA,2.3822782679872034e-07,2850,28374,2667,0,0.1627865805080995,0.09127594158339739,1.0,0.9140813762443221,0.08591862375567798
2667,YMR165C YCR012W,0.0,NA,2.3830531858948234e-07,2850,28373,2668,0,0.16281608686671978,0.09127886493930756,1.0,0.9140491607873458,0.08595083921265423
2668,YOR018W YBR172C,0.0,NA,2.389999451679614e-07,2850,28372,2669,0,0.16284559322534006,0.09128178848248031,1.0,0.9140169453303695,0.0859830546696305
2669,YPL038W YNL164C,0.0,NA,2.3912440383355715e-07,2850,28371,2670,0,0.16287509958396035,0.0912847122129336,1.0,0.9139847298733933,0.08601527012660674
2670,YCL025C YLR047C,0.0,NA,2.407228691936325e-07,2850,28370,2671,0,0.16290460594258063,0.09128763613068545,1.0,0.913952514416417,0.08604748558358301
2671,YDL040C YGL141W,0.0,NA,2.4166249090740166e-07,2850,28369,2672,0,0.16293411230120092,0.09129056023575387,1.0,0.9139202989594407,0.08607970104055926
2672,YLR189C YMR170C,0.0,NA,2.418312590179994e-07,2850,28368,2673,0,0.1629636186598212,0.09129348452815683,1.0,0.9138880835024645,0.08611191649753552
2673,YDR454C YOR328W,0.0,NA,2.4229365180872264e-07,2850,28367,2674,0,0.1629931250184415,0.09129640900791236,1.0,0.9138558680454882,0.08614413195451177
2674,YAL054C YDR310C,0.0,NA,2.426162097890483e-07,2850,28366,2675,0,0.16302263137706174,0.09129933367503844,1.0,0.913823652588512,0.08617634741148804
2675,YBR083W YNR058W,0.0,NA,2.4288846134368214e-07,2850,28365,2676,0,0.16305213773568203,0.0913022585295531,1.0,0.9137914371315357,0.08620856286846429
2676,YBR080C YNR072W,0.0,NA,2.440629032207653e-07,2850,28364,2677,0,0.1630816440943023,0.09130518357147434,1.0,0.9137592216745595,0.08624077832544054
2677,YCR010C YFR009W,0.0,NA,2.454369791848876e-07,2850,28363,2678,0,0.1631111504529226,0.09130810880082017,1.0,0.9137270062175832,0.0862729937824168
2678,YLL040C YOR185C,0.0,NA,2.4605148496448237e-07,2850,28362,2679,0,0.16314065681154288,0.09131103421760861,1.0,0.9136947907606069,0.08630520923939305
2679,YER114C YMR069W,0.0,NA,2.464565795889939e-07,2850,28361,2680,0,0.16317016317016317,0.09131395982185768,1.0,0.9136625753036307,0.08633742469636932
2680,YCL031C YJL115W,0.0,NA,2.470569029355829e-07,2850,28360,2681,0,0.16319966952878345,0.09131688561358539,1.0,0.9136303598466544,0.08636964015334557
2681,YLL031C YPL189W,0.0,NA,2.4767615514065255e-07,2850,28359,2682,0,0.16322917588740374,0.09131981159280976,1.0,0.9135981443896781,0.08640185561032183
2682,YOL063C YHR062C,0.0,NA,2.495168303084938e-07,2850,28358,2683,0,0.16325868224602402,0.09132273775954883,1.0,0.9135659289327019,0.08643407106729808
2683,YLL015W YGR004W,0.0,NA,2.497515652066795e-07,2850,28357,2684,0,0.1632881886046443,0.09132566411382062,1.0,0.9135337134757257,0.08646628652427435
2684,YJL101C YFL058W,0.0,NA,2.4986809421534417e-07,2850,28356,2685,0,0.1633176949632646,0.09132859065564315,1.0,0.9135014980187494,0.0864985019812506
2685,YOR056C YOL043C,0.0,NA,2.5161463668155193e-07,2850,28355,2686,0,0.16334720132188488,0.09133151738503445,1.0,0.9134692825617732,0.08653071743822686
2686,YGL205W YGR184C,0.0,NA,2.520500572700257e-07,2850,28354,2687,0,0.16337670768050516,0.09133444430201257,1.0,0.9134370671047969,0.08656293289520312
2687,YGL135W YDL184C,0.0,NA,2.520844475384365e-07,2850,28353,2688,0,0.16340621403912542,0.09133737140659552,1.0,0.9134048516478206,0.08659514835217938
2688,YDL061C YLL050C,0.0,NA,2.524590172470198e-07,2850,28352,2689,0,0.1634357203977457,0.09134029869880136,1.0,0.9133726361908444,0.08662736380915563
2689,YKR039W YHR124W,0.0,NA,2.5283924287577975e-07,2850,28351,2690,0,0.163465226756366,0.09134322617864812,1.0,0.9133404207338681,0.0866595792661319
2690,YPL001W YEL011W,0.0,NA,2.528599623019545e-07,2850,28350,2691,0,0.16349473311498627,0.09134615384615384,1.0,0.9133082052768918,0.08669179472310815
2691,YIL039W YFL037W,0.0,NA,2.530500751163345e-07,2850,28349,2692,0,0.16352423947360656,0.09134908170133658,1.0,0.9132759898199156,0.08672401018008441
2692,YKL034W YLR109W,0.0,NA,2.531417919726664e-07,2850,28348,2693,0,0.16355374583222684,0.09135200974421437,1.0,0.9132437743629394,0.08675622563706066
2693,YIL021W YIL046W,0.0,NA,2.533465988108219e-07,2850,28347,2694,0,0.16358325219084713,0.09135493797480528,1.0,0.9132115589059631,0.08678844109403692
2694,YKL049C YGR077C,0.0,NA,2.536156671339995e-07,2850,28346,2695,0,0.1636127585494674,0.09135786639312732,1.0,0.9131793434489868,0.08682065655101318
2695,YLR245C YDR486C,0.0,NA,2.5383874913131876e-07,2850,28345,2696,0,0.1636422649080877,0.0913607949991986,1.0,0.9131471279920106,0.08685287200798944
2696,YLR051C YEL060C,0.0,NA,2.5419291205253103e-07,2850,28344,2697,0,0.16367177126670798,0.09136372379303712,1.0,0.9131149125350343,0.08688508746496569
2697,YOL032W YEL036C,0.0,NA,2.54606817406966e-07,2850,28343,2698,0,0.16370127762532827,0.09136665277466098,1.0,0.913082697078058,0.08691730292194194
2698,YGR249W YFR041C,0.0,NA,2.551111606408085e-07,2850,28342,2699,0,0.16373078398394855,0.09136958194408823,1.0,0.9130504816210818,0.0869495183789182
2699,YJR089W YLL039C,0.0,NA,2.55718646258174e-07,2850,28341,2700,0,0.16376029034256884,0.09137251130133692,1.0,0.9130182661641055,0.08698173383589446
2700,YOL032W YBR180W,0.0,NA,2.559990264217049e-07,2850,28340,2701,0,0.1637897967011891,0.09137544084642514,1.0,0.9129860507071292,0.08701394929287072
2701,YOL017W YJL222W,0.0,NA,2.561545784374175e-07,2850,28339,2702,0,0.16381930305980938,0.09137837057937093,1.0,0.9129538352501531,0.08704616474984697
2702,YKL114C YGR288W,0.0,NA,2.562190672961151e-07,2850,28338,2703,0,0.16384880941842966,0.09138130050019239,1.0,0.9129216197931768,0.08707838020682324
2703,YOR198C YKL103C,0.0,NA,2.5728124342094816e-07,2850,28337,2704,0,0.16387831577704995,0.09138423060890756,1.0,0.9128894043362005,0.08711059566379949
2704,YLR098C YOL058W,0.0,NA,2.582988258836849e-07,2850,28336,2705,0,0.16390782213567023,0.09138716090553453,1.0,0.9128571888792243,0.08714281112077575
2705,YOR087W YDL222C,0.0,NA,2.5923139901351533e-07,2850,28335,2706,0,0.16393732849429052,0.0913900913900914,1.0,0.912824973422248,0.087175026577752
2706,YNL002C YKL221W,0.0,NA,2.5944606818484317e-07,2850,28334,2707,0,0.1639668348529108,0.0913930220625962,1.0,0.9127927579652717,0.08720724203472827
2707,YOR156C YJR145C,0.0,NA,2.5971144168579485e-07,2850,28333,2708,0,0.1639963412115311,0.09139595292306706,1.0,0.9127605425082955,0.08723945749170452
2708,YER040W YJL140W,0.0,NA,2.5994981456278765e-07,2850,28332,2709,0,0.16402584757015137,0.09139888397152203,1.0,0.9127283270513192,0.08727167294868078
2709,YLR183C YGL216W,0.0,NA,2.6000535058301466e-07,2850,28331,2710,0,0.16405535392877166,0.09140181520797921,1.0,0.9126961115943429,0.08730388840565703
2710,YPR104C YOR138C,0.0,NA,2.6059967694891384e-07,2850,28330,2711,0,0.16408486028739194,0.09140474663245671,1.0,0.9126638961373668,0.0873361038626333
2711,YCR008W YDR255C,0.0,NA,2.6083836246471037e-07,2850,28329,2712,0,0.16411436664601223,0.09140767824497258,1.0,0.9126316806803905,0.08736831931960955
2712,YCR021C YER168C,0.0,NA,2.610065621411195e-07,2850,28328,2713,0,0.16414387300463248,0.09141061004554493,1.0,0.9125994652234142,0.08740053477658581
2713,YPL135W YIR041W,0.0,NA,2.618657504172006e-07,2850,28327,2714,0,0.16417337936325277,0.09141354203419187,1.0,0.9125672497664379,0.08743275023356206
2714,YLR276C YBR093C,0.0,NA,2.6438863187649986e-07,2850,28326,2715,0,0.16420288572187305,0.09141647421093149,1.0,0.9125350343094617,0.08746496569053833
2715,YIR004W YLR449W,0.0,NA,2.6463334279469564e-07,2850,28325,2716,0,0.16423239208049334,0.09141940657578188,1.0,0.9125028188524854,0.08749718114751458
2716,YIL111W YOR386W,0.0,NA,2.6497249905332865e-07,2850,28324,2717,0,0.16426189843911362,0.09142233912876115,1.0,0.9124706033955091,0.08752939660449083
2717,YOL082W YKL159C,0.0,NA,2.656219635355228e-07,2850,28323,2718,0,0.1642914047977339,0.0914252718698874,1.0,0.9124383879385329,0.08756161206146709
2718,YIL168W YMR069W,0.0,NA,2.6619963477969577e-07,2850,28322,2719,0,0.1643209111563542,0.09142820479917875,1.0,0.9124061724815566,0.08759382751844334
2719,YBR214W YDR173C,0.0,NA,2.66619366584564e-07,2850,28321,2720,0,0.16435041751497448,0.0914311379166533,1.0,0.9123739570245804,0.08762604297541961
2720,YPR118W YBL014C,0.0,NA,2.671291383649077e-07,2850,28320,2721,0,0.16437992387359476,0.09143407122232916,1.0,0.9123417415676042,0.08765825843239586
2721,YHR062C YJL140W,0.0,NA,2.6875790126723587e-07,2850,28319,2722,0,0.16440943023221505,0.09143700471622446,1.0,0.9123095261106279,0.08769047388937212
2722,YJL056C YJL010C,0.0,NA,2.688063602818147e-07,2850,28318,2723,0,0.16443893659083533,0.09143993839835729,1.0,0.9122773106536516,0.08772268934634837
2723,YNR074C YML123C,0.0,NA,2.706052839585027e-07,2850,28317,2724,0,0.16446844294945562,0.09144287226874578,1.0,0.9122450951966754,0.08775490480332464
2724,YOR100C YGR154C,0.0,NA,2.71046417310572e-07,2850,28316,2725,0,0.1644979493080759,0.09144580632740808,1.0,0.9122128797396991,0.08778712026030089
2725,YMR311C YNL277W,0.0,NA,2.710471846967266e-07,2850,28315,2726,0,0.16452745566669616,0.09144874057436227,1.0,0.9121806642827228,0.08781933571727715
2726,YDR407C YOR243C,0.0,NA,2.7140129077452e-07,2850,28314,2727,0,0.16455696202531644,0.09145167500962649,1.0,0.9121484488257466,0.0878515511742534
2727,YDR423C YPL170W,0.0,NA,2.714533309244871e-07,2850,28313,2728,0,0.16458646838393673,0.09145460963321889,1.0,0.9121162333687703,0.08788376663122967
2728,YML066C YMR271C,0.0,NA,2.714610900511616e-07,2850,28312,2729,0,0.16461597474255701,0.09145754444515757,1.0,0.912084017911794,0.08791598208820592
2729,YAR018C YNR054C,0.0,NA,2.720569227676606e-07,2850,28311,2730,0,0.1646454811011773,0.09146047944546067,1.0,0.9120518024548179,0.08794819754518218
2730,YDL087C YHR084W,0.0,NA,2.723783154578996e-07,2850,28310,2731,0,0.16467498745979758,0.09146341463414634,1.0,0.9120195869978416,0.08798041300215843
2731,YKR055W YMR146C,0.0,NA,2.7250354150964995e-07,2850,28309,2732,0,0.16470449381841787,0.09146635001123271,1.0,0.9119873715408653,0.0880126284591347
2732,YDR083W YMR176W,0.0,NA,2.725217314036854e-07,2850,28308,2733,0,0.16473400017703815,0.09146928557673792,1.0,0.911955156083889,0.08804484391611095
2733,YCR044C YHR048W,0.0,NA,2.726371519656823e-07,2850,28307,2734,0,0.16476350653565844,0.0914722213306801,1.0,0.9119229406269128,0.08807705937308721
2734,YDR386W YKL015W,0.0,NA,2.7366090193936543e-07,2850,28306,2735,0,0.16479301289427872,0.09147515727307742,1.0,0.9118907251699365,0.08810927483006346
2735,YFL039C YCL044C,0.0,NA,2.742210085671104e-07,2850,28305,2736,0,0.164822519252899,0.091478093403948,1.0,0.9118585097129602,0.08814149028703973
2736,YBR089C-A YOR226C,0.0,NA,2.742913807196601e-07,2850,28304,2737,0,0.1648520256115193,0.09148102972331001,1.0,0.911826294255984,0.08817370574401598
2737,YDR464W YPL081W,0.0,NA,2.748281531239627e-07,2850,28303,2738,0,0.16488153197013958,0.09148396623118159,1.0,0.9117940787990078,0.08820592120099223
2738,YLR377C YLR384C,0.0,NA,2.768109652606654e-07,2850,28302,2739,0,0.16491103832875983,0.0914869029275809,1.0,0.9117618633420315,0.0882381366579685
2739,YDR151C YLL011W,0.0,NA,2.771395486433903e-07,2850,28301,2740,0,0.16494054468738012,0.09148983981252608,1.0,0.9117296478850553,0.08827035211494474
2740,YKL205W YJL177W,0.0,NA,2.7759531917581626e-07,2850,28300,2741,0,0.1649700510460004,0.09149277688603531,1.0,0.911697432428079,0.08830256757192101
2741,YDR515W YIR006C,0.0,NA,2.777875636184035e-07,2850,28299,2742,0,0.1649995574046207,0.09149571414812674,1.0,0.9116652169711027,0.08833478302889726
2742,YJL020C YHR196W,0.0,NA,2.788732160752261e-07,2850,28298,2743,0,0.16502906376324097,0.09149865159881855,1.0,0.9116330015141265,0.08836699848587352
2743,YCR106W YGL097W,0.0,NA,2.791222470932553e-07,2850,28297,2744,0,0.16505857012186126,0.09150158923812887,1.0,0.9116007860571502,0.08839921394284977
2744,YFR040W YKR101W,0.0,NA,2.7916007638850715e-07,2850,28296,2745,0,0.16508807648048154,0.0915045270660759,1.0,0.9115685706001739,0.08843142939982604
2745,YGL037C YPL020C,0.0,NA,2.791717861327925e-07,2850,28295,2746,0,0.16511758283910183,0.09150746508267779,1.0,0.9115363551431978,0.08846364485680229
2746,YBR114W YDL108W,0.0,NA,2.813455068917392e-07,2850,28294,2747,0,0.1651470891977221,0.09151040328795274,1.0,0.9115041396862215,0.08849586031377855
2747,YDL235C YGL011C,0.0,NA,2.81470562413233e-07,2850,28293,2748,0,0.1651765955563424,0.0915133416819189,1.0,0.9114719242292452,0.0885280757707548
2748,YIL009C-A YHR148W,0.0,NA,2.817281199440913e-07,2850,28292,2749,0,0.16520610191496268,0.09151628026459444,1.0,0.911439708772269,0.08856029122773107
2749,YER119C YLL057C,0.0,NA,2.8173536747999606e-07,2850,28291,2750,0,0.16523560827358297,0.09151921903599756,1.0,0.9114074933152927,0.08859250668470732
2750,YGR083C YDR176W,0.0,NA,2.8189529643896094e-07,2850,28290,2751,0,0.16526511463220325,0.09152215799614644,1.0,0.9113752778583164,0.08862472214168358
2751,YHL001W YJL042W,0.0,NA,2.8196140533509606e-07,2850,28289,2752,0,0.1652946209908235,0.09152509714505926,1.0,0.9113430624013401,0.08865693759865984
2752,YKR099W YLR165C,0.0,NA,2.821836346811324e-07,2850,28288,2753,0,0.1653241273494438,0.09152803648275419,1.0,0.9113108469443639,0.0886891530556361
2753,YJR094C YMR229C,0.0,NA,2.8233813509359607e-07,2850,28287,2754,0,0.16535363370806408,0.09153097600924945,1.0,0.9112786314873876,0.08872136851261235
2754,YER096W YIL103W,0.0,NA,2.8357783321553143e-07,2850,28286,2755,0,0.16538314006668436,0.09153391572456321,1.0,0.9112464160304113,0.08875358396958861
2755,YLR409C YMR251W,0.0,NA,2.8411190555743815e-07,2850,28285,2756,0,0.16541264642530465,0.09153685562871366,1.0,0.9112142005734352,0.08878579942656487
2756,YMR165C YJL190C,0.0,NA,2.843065090019081e-07,2850,28284,2757,0,0.16544215278392493,0.09153979572171903,1.0,0.9111819851164589,0.08881801488354113
2757,YLR362W YNL301C,0.0,NA,2.8472410917856905e-07,2850,28283,2758,0,0.16547165914254522,0.09154273600359747,1.0,0.9111497696594826,0.08885023034051738
2758,YER045C YDR245W,0.0,NA,2.860116410374758e-07,2850,28282,2759,0,0.1655011655011655,0.0915456764743672,1.0,0.9111175542025064,0.08888244579749363
2759,YGL103W YOL041C,0.0,NA,2.8630390147554863e-07,2850,28281,2760,0,0.1655306718597858,0.09154861713404645,1.0,0.9110853387455301,0.0889146612544699
2760,YMR131C YBR072W,0.0,NA,2.867318187327328e-07,2850,28280,2761,0,0.16556017821840607,0.0915515579826534,1.0,0.9110531232885538,0.08894687671144615
2761,YMR204C YLR435W,0.0,NA,2.868299873171054e-07,2850,28279,2762,0,0.16558968457702636,0.09155449902020624,1.0,0.9110209078315776,0.08897909216842241
2762,YIL101C YIL150C,0.0,NA,2.8711104960166267e-07,2850,28278,2763,0,0.16561919093564664,0.0915574402467232,1.0,0.9109886923746013,0.08901130762539866
2763,YGL089C YDR328C,0.0,NA,2.8745981239808316e-07,2850,28277,2764,0,0.16564869729426693,0.09156038166222251,1.0,0.910956476917625,0.08904352308237493
2764,YKL144C YGL002W,0.0,NA,2.881193381654157e-07,2850,28276,2765,0,0.16567820365288718,0.09156332326672235,1.0,0.9109242614606489,0.08907573853935118
2765,YHR052W YDR047W,0.0,NA,2.8815148311878147e-07,2850,28275,2766,0,0.16570771001150747,0.09156626506024096,1.0,0.9108920460036726,0.08910795399632744
2766,YLR377C YLR201C,0.0,NA,2.8889414238619793e-07,2850,28274,2767,0,0.16573721637012775,0.09156920704279656,1.0,0.9108598305466963,0.08914016945330369
2767,YDR177W YBL072C,0.0,NA,2.889048857923626e-07,2850,28273,2768,0,0.16576672272874804,0.09157214921440734,1.0,0.9108276150897201,0.08917238491027996
2768,YLR178C YPR107C,0.0,NA,2.893548867177742e-07,2850,28272,2769,0,0.16579622908736832,0.09157509157509157,1.0,0.9107953996327438,0.0892046003672562
2769,YPL137C YHR084W,0.0,NA,2.9033535042799485e-07,2850,28271,2770,0,0.1658257354459886,0.09157803412486745,1.0,0.9107631841757675,0.08923681582423247
2770,YDR471W YNR038W,0.0,NA,2.904344853504881e-07,2850,28270,2771,0,0.1658552418046089,0.09158097686375322,1.0,0.9107309687187912,0.08926903128120872
2771,YBR293W YDR046C,0.0,NA,2.913043886110245e-07,2850,28269,2772,0,0.16588474816322918,0.09158391979176708,1.0,0.910698753261815,0.08930124673818499
2772,YJR021C YER082C,0.0,NA,2.9157649805711117e-07,2850,28268,2773,0,0.16591425452184946,0.09158686290892731,1.0,0.9106665378048387,0.08933346219516124
2773,YFL056C YDR151C,0.0,NA,2.917547874403681e-07,2850,28267,2774,0,0.16594376088046975,0.09158980621525212,1.0,0.9106343223478625,0.0893656776521375
2774,YDR460W YDL167C,0.0,NA,2.922463124832575e-07,2850,28266,2775,0,0.16597326723909003,0.09159274971075974,1.0,0.9106021068908863,0.08939789310911375
2775,YER093C YCL054W,0.0,NA,2.9284362312864687e-07,2850,28265,2776,0,0.16600277359771032,0.09159569339546843,1.0,0.91056989143391,0.08943010856609002
2776,YML071C YBR267W,0.0,NA,2.931344909029576e-07,2850,28264,2777,0,0.1660322799563306,0.09159863726939642,1.0,0.9105376759769337,0.08946232402306627
2777,YLL015W YML074C,0.0,NA,2.9385523703240324e-07,2850,28263,2778,0,0.16606178631495086,0.09160158133256195,1.0,0.9105054605199575,0.08949453948004252
2778,YNL302C YNL325C,0.0,NA,2.950511941435252e-07,2850,28262,2779,0,0.16609129267357114,0.09160452558498329,1.0,0.9104732450629812,0.08952675493701878
2779,YKL020C YOR032C,0.0,NA,2.9515760502363264e-07,2850,28261,2780,0,0.16612079903219143,0.09160747002667867,1.0,0.9104410296060049,0.08955897039399503
2780,YML102W YCR017C,0.0,NA,2.9530849587899866e-07,2850,28260,2781,0,0.16615030539081171,0.09161041465766634,1.0,0.9104088141490287,0.0895911858509713
2781,YDR253C YGR047C,0.0,NA,2.9537301315940567e-07,2850,28259,2782,0,0.166179811749432,0.09161335947796458,1.0,0.9103765986920525,0.08962340130794755
2782,YDL132W YDL230W,0.0,NA,2.954253943698859e-07,2850,28258,2783,0,0.16620931810805228,0.09161630448759162,1.0,0.9103443832350762,0.08965561676492381
2783,YBR083W YLR070C,0.0,NA,2.9568894888143404e-07,2850,28257,2784,0,0.16623882446667257,0.09161924968656572,1.0,0.9103121677781,0.08968783222190006
2784,YGL209W YER089C,0.0,NA,2.9625570618918573e-07,2850,28256,2785,0,0.16626833082529285,0.09162219507490517,1.0,0.9102799523211237,0.08972004767887633
2785,YJL174W YPL224C,0.0,NA,2.967800014630484e-07,2850,28255,2786,0,0.16629783718391314,0.0916251406526282,1.0,0.9102477368641474,0.08975226313585258
2786,YIL133C YNL325C,0.0,NA,2.968816374959715e-07,2850,28254,2787,0,0.16632734354253342,0.09162808641975309,1.0,0.9102155214071712,0.08978447859282884
2787,YMR216C YPL101W,0.0,NA,2.970614900732471e-07,2850,28253,2788,0,0.1663568499011537,0.0916310323762981,1.0,0.9101833059501949,0.0898166940498051
2788,YJL048C YLR381W,0.0,NA,2.980271176511451e-07,2850,28252,2789,0,0.166386356259774,0.09163397852228153,1.0,0.9101510904932186,0.08984890950678136
2789,YNL182C YHR114W,0.0,NA,2.9817039148838376e-07,2850,28251,2790,0,0.16641586261839425,0.09163692485772161,1.0,0.9101188750362423,0.08988112496375761
2790,YKR066C YER110C,0.0,NA,2.981923046263546e-07,2850,28250,2791,0,0.16644536897701454,0.09163987138263666,1.0,0.9100866595792662,0.08991334042073387
2791,YPL124W YHR142W,0.0,NA,2.9848305871382763e-07,2850,28249,2792,0,0.16647487533563482,0.09164281809704491,1.0,0.9100544441222899,0.08994555587771012
2792,YPL110C YPL093W,0.0,NA,2.990657606005698e-07,2850,28248,2793,0,0.1665043816942551,0.09164576500096469,1.0,0.9100222286653136,0.08997777133468639
2793,YIR005W YJL122W,0.0,NA,2.9953156399642467e-07,2850,28247,2794,0,0.1665338880528754,0.09164871209441425,1.0,0.9099900132083374,0.09000998679166264
2794,YLR110C YMR131C,0.0,NA,2.999360617650382e-07,2850,28246,2795,0,0.16656339441149567,0.09165165937741189,1.0,0.9099577977513611,0.0900422022486389
2795,YBL027W YHR108W,0.0,NA,3.00754948057147e-07,2850,28245,2796,0,0.16659290077011596,0.09165460684997588,1.0,0.9099255822943848,0.09007441770561515
2796,YJL122W YGR141W,0.0,NA,3.009259614827897e-07,2850,28244,2797,0,0.16662240712873624,0.09165755451212453,1.0,0.9098933668374086,0.09010663316259142
2797,YMR168C YPL256C,0.0,NA,3.013429363818432e-07,2850,28243,2798,0,0.16665191348735653,0.09166050236387611,1.0,0.9098611513804323,0.09013884861956767
2798,YDR303C YER162C,0.0,NA,3.017248388914595e-07,2850,28242,2799,0,0.1666814198459768,0.09166345040524894,1.0,0.909828935923456,0.09017106407654392
2799,YMR006C YOR178C,0.0,NA,3.031959181498678e-07,2850,28241,2800,0,0.1667109262045971,0.0916663986362613,1.0,0.9097967204664799,0.09020327953352018
2800,YKR034W YGL192W,0.0,NA,3.033651410078164e-07,2850,28240,2801,0,0.16674043256321738,0.09166934705693149,1.0,0.9097645050095036,0.09023549499049643
2801,YIL071C YDR293C,0.0,NA,3.043065532892797e-07,2850,28239,2802,0,0.16676993892183767,0.09167229566727782,1.0,0.9097322895525273,0.0902677104474727
2802,YNR035C YCL044C,0.0,NA,3.047825600788201e-07,2850,28238,2803,0,0.16679944528045793,0.09167524446731858,1.0,0.9097000740955511,0.09029992590444895
2803,YAL017W YJL138C,0.0,NA,3.0577098186768126e-07,2850,28237,2804,0,0.1668289516390782,0.0916781934570721,1.0,0.9096678586385748,0.09033214136142521
2804,YOR265W YNL301C,0.0,NA,3.057870117118e-07,2850,28236,2805,0,0.1668584579976985,0.09168114263655665,1.0,0.9096356431815985,0.09036435681840146
2805,YOL132W YOR136W,0.0,NA,3.0594017630392045e-07,2850,28235,2806,0,0.16688796435631878,0.09168409200579057,1.0,0.9096034277246223,0.09039657227537773
2806,YER035W YBR233W-A,0.0,NA,3.0628055469605897e-07,2850,28234,2807,0,0.16691747071493906,0.09168704156479218,1.0,0.909571212267646,0.09042878773235398
2807,YGR224W YGL022W,0.0,NA,3.067529235067923e-07,2850,28233,2808,0,0.16694697707355935,0.09168999131357977,1.0,0.9095389968106697,0.09046100318933024
2808,YMR316W YOR288C,0.0,NA,3.0741185241822677e-07,2850,28232,2809,0,0.16697648343217963,0.09169294125217167,1.0,0.9095067813536934,0.0904932186463065
2809,YKL054C YDL213C,0.0,NA,3.0741770729036944e-07,2850,28231,2810,0,0.16700598979079992,0.09169589138058622,1.0,0.9094745658967173,0.09052543410328276
2810,YOL072W YDR017C,0.0,NA,3.075520282891375e-07,2850,28230,2811,0,0.1670354961494202,0.0916988416988417,1.0,0.909442350439741,0.09055764956025901
2811,YER114C YER049W,0.0,NA,3.1064661243362934e-07,2850,28229,2812,0,0.1670650025080405,0.09170179220695647,1.0,0.9094101349827647,0.09058986501723527
2812,YJL072C YMR097C,0.0,NA,3.115473248271883e-07,2850,28228,2813,0,0.16709450886666077,0.09170474290494884,1.0,0.9093779195257885,0.09062208047421152
2813,YIR028W YJL103C,0.0,NA,3.1167601832748915e-07,2850,28227,2814,0,0.16712401522528106,0.09170769379283715,1.0,0.9093457040688122,0.09065429593118779
2814,YJL056C YML035C,0.0,NA,3.117464757451671e-07,2850,28226,2815,0,0.16715352158390134,0.09171064487063972,1.0,0.9093134886118359,0.09068651138816404
2815,YOR028C YPL149W,0.0,NA,3.118053371053975e-07,2850,28225,2816,0,0.1671830279425216,0.0917135961383749,1.0,0.9092812731548597,0.0907187268451403
2816,YPL188W YDR522C,0.0,NA,3.1270138833860983e-07,2850,28224,2817,0,0.16721253430114189,0.09171654759606102,1.0,0.9092490576978834,0.09075094230211656
2817,YER119C YOL001W,0.0,NA,3.133745849481784e-07,2850,28223,2818,0,0.16724204065976217,0.0917194992437164,1.0,0.9092168422409072,0.09078315775909282
2818,YOR036W YMR304W,0.0,NA,3.1353599183603365e-07,2850,28222,2819,0,0.16727154701838245,0.09172245108135943,1.0,0.909184626783931,0.09081537321606907
2819,YGL145W YPL033C,0.0,NA,3.144493234685797e-07,2850,28221,2820,0,0.16730105337700274,0.0917254031090084,1.0,0.9091524113269547,0.09084758867304532
2820,YGL150C YGL208W,0.0,NA,3.14848392690692e-07,2850,28220,2821,0,0.16733055973562302,0.0917283553266817,1.0,0.9091201958699784,0.09087980413002159
2821,YBR055C YPL127C,0.0,NA,3.156168020268524e-07,2850,28219,2822,0,0.1673600660942433,0.09173130773439764,1.0,0.9090879804130022,0.09091201958699784
2822,YPL137C YDR346C,0.0,NA,3.1613464557267434e-07,2850,28218,2823,0,0.1673895724528636,0.09173426033217459,1.0,0.9090557649560259,0.0909442350439741
2823,YLR165C YLR384C,0.0,NA,3.163276574014162e-07,2850,28217,2824,0,0.16741907881148388,0.0917372131200309,1.0,0.9090235494990496,0.09097645050095035
2824,YCR057C YOR014W,0.0,NA,3.1657512522542675e-07,2850,28216,2825,0,0.16744858517010416,0.09174016609798494,1.0,0.9089913340420734,0.09100866595792662
2825,YGL257C YIL099W,0.0,NA,3.167028808093164e-07,2850,28215,2826,0,0.16747809152872445,0.09174311926605505,1.0,0.9089591185850971,0.09104088141490287
2826,YCL067C YNL102W,0.0,NA,3.1686147394793807e-07,2850,28214,2827,0,0.16750759788734473,0.09174607262425959,1.0,0.9089269031281209,0.09107309687187913
2827,YLR196W YLR082C,0.0,NA,3.1767902441970364e-07,2850,28213,2828,0,0.16753710424596502,0.09174902617261695,1.0,0.9088946876711446,0.09110531232885538
2828,YNL182C YKL214C,0.0,NA,3.191417476955394e-07,2850,28212,2829,0,0.16756661060458528,0.09175197991114545,1.0,0.9088624722141684,0.09113752778583165
2829,YDR320C YNL107W,0.0,NA,3.222330633434467e-07,2850,28211,2830,0,0.16759611696320556,0.0917549338398635,1.0,0.9088302567571921,0.0911697432428079
2830,YNL132W YLR373C,0.0,NA,3.231692460303748e-07,2850,28210,2831,0,0.16762562332182585,0.09175788795878943,1.0,0.9087980413002158,0.09120195869978416
2831,YIL117C YJL122W,0.0,NA,3.2381927894675755e-07,2850,28209,2832,0,0.16765512968044613,0.09176084226794166,1.0,0.9087658258432396,0.09123417415676041
2832,YPR138C YJL097W,0.0,NA,3.242614923237852e-07,2850,28208,2833,0,0.16768463603906641,0.09176379676733853,1.0,0.9087336103862633,0.09126638961373668
2833,YNL183C YPR093C,0.0,NA,3.250187887715583e-07,2850,28207,2834,0,0.1677141423976867,0.09176675145699842,1.0,0.908701394929287,0.09129860507071293
2834,YDR211W YOR236W,0.0,NA,3.258331560118677e-07,2850,28206,2835,0,0.16774364875630698,0.09176970633693972,1.0,0.9086691794723109,0.09133082052768919
2835,YPL259C YMR251W,0.0,NA,3.2646767067490146e-07,2850,28205,2836,0,0.16777315511492727,0.09177266140718081,1.0,0.9086369640153346,0.09136303598466544
2836,YKR055W YKR076W,0.0,NA,3.270453987624933e-07,2850,28204,2837,0,0.16780266147354755,0.09177561666774006,1.0,0.9086047485583583,0.0913952514416417
2837,YMR212C YDL082W,0.0,NA,3.2705040098335303e-07,2850,28203,2838,0,0.16783216783216784,0.09177857211863588,1.0,0.9085725331013821,0.09142746689861796
2838,YKR099W YDL044C,0.0,NA,3.2718298825784586e-07,2850,28202,2839,0,0.16786167419078812,0.09178152775988664,1.0,0.9085403176444058,0.09145968235559421
2839,YIL099W YDR507C,0.0,NA,3.2807002980916877e-07,2850,28201,2840,0,0.1678911805494084,0.09178448359151074,1.0,0.9085081021874295,0.09149189781257047
2840,YMR294W YMR316W,0.0,NA,3.281870704086032e-07,2850,28200,2841,0,0.1679206869080287,0.09178743961352658,1.0,0.9084758867304533,0.09152411326954672
2841,YJR135W-A YCL044C,0.0,NA,3.285531420260668e-07,2850,28199,2842,0,0.16795019326664895,0.09179039582595253,1.0,0.908443671273477,0.09155632872652299
2842,YJR159W YJR143C,0.0,NA,3.28882606481784e-07,2850,28198,2843,0,0.16797969962526924,0.09179335222880701,1.0,0.9084114558165007,0.09158854418349924
2843,YBR129C YHR176W,0.0,NA,3.296230204341555e-07,2850,28197,2844,0,0.16800920598388952,0.09179630882210842,1.0,0.9083792403595246,0.0916207596404755
2844,YPL110C YLR154C,0.0,NA,3.296629529359052e-07,2850,28196,2845,0,0.1680387123425098,0.09179926560587515,1.0,0.9083470249025483,0.09165297509745175
2845,YKR081C YLR208W,0.0,NA,3.29850678326693e-07,2850,28195,2846,0,0.1680682187011301,0.09180222258012563,1.0,0.908314809445572,0.09168519055442802
2846,YLL004W YDR046C,0.0,NA,3.3218358908015944e-07,2850,28194,2847,0,0.16809772505975037,0.09180517974487824,1.0,0.9082825939885957,0.09171740601140427
2847,YLR397C YDR408C,0.0,NA,3.3292508305748925e-07,2850,28193,2848,0,0.16812723141837066,0.0918081371001514,1.0,0.9082503785316195,0.09174962146838053
2848,YNR033W YDR075W,0.0,NA,3.336691634103772e-07,2850,28192,2849,0,0.16815673777699094,0.09181109464596353,1.0,0.9082181630746432,0.09178183692535678
2849,YOR032C YCL050C,0.0,NA,3.337200951136765e-07,2850,28191,2850,0,0.16818624413561123,0.09181405238233305,1.0,0.9081859476176669,0.09181405238233305
2850,YPL052W YGL197W,0.0,NA,3.339302168114955e-07,2850,28190,2851,0,0.16821575049423151,0.09181701030927836,1.0,0.9081537321606907,0.0918462678393093
2851,YML097C YJL033W,0.0,NA,3.343801608934882e-07,2850,28189,2852,0,0.1682452568528518,0.09181996842681787,1.0,0.9081215167037144,0.09187848329628556
2852,YLL036C YOR115C,0.0,NA,3.3509942909404344e-07,2850,28188,2853,0,0.16827476321147208,0.09182292673497004,1.0,0.9080893012467381,0.09191069875326181
2853,YGL073W YHL043W,0.0,NA,3.3528479548294854e-07,2850,28187,2854,0,0.16830426957009237,0.09182588523375326,1.0,0.908057085789762,0.09194291421023808
2854,YMR146C YLR285W,0.0,NA,3.3589225267860456e-07,2850,28186,2855,0,0.16833377592871263,0.09182884392318598,1.0,0.9080248703327857,0.09197512966721433
2855,YBR068C YJR050W,0.0,NA,3.360588607392856e-07,2850,28185,2856,0,0.1683632822873329,0.09183180280328661,1.0,0.9079926548758094,0.09200734512419059
2856,YGL017W YHR171W,0.0,NA,3.366513396940718e-07,2850,28184,2857,0,0.1683927886459532,0.09183476187407359,1.0,0.9079604394188332,0.09203956058116684
2857,YKL060C YDR058C,0.0,NA,3.366760381595668e-07,2850,28183,2858,0,0.16842229500457348,0.09183772113556536,1.0,0.9079282239618569,0.09207177603814311
2858,YIL126W YBR030W,0.0,NA,3.378551980404154e-07,2850,28182,2859,0,0.16845180136319376,0.09184068058778036,1.0,0.9078960085048806,0.09210399149511936
2859,YMR121C YNR057C,0.0,NA,3.3842920288407186e-07,2850,28181,2860,0,0.16848130772181405,0.091843640230737,1.0,0.9078637930479044,0.09213620695209561
2860,YFL034C-B YBR191W,0.0,NA,3.3852248293442244e-07,2850,28180,2861,0,0.16851081408043433,0.09184660006445375,1.0,0.9078315775909281,0.09216842240907187
2861,YLL015W YDR285W,0.0,NA,3.3862130521811196e-07,2850,28179,2862,0,0.16854032043905462,0.09184956008894905,1.0,0.9077993621339518,0.09220063786604812
2862,YKL164C YGL194C,0.0,NA,3.3865651971609623e-07,2850,28178,2863,0,0.1685698267976749,0.09185252030424133,1.0,0.9077671466769757,0.09223285332302439
2863,YBR179C YCL044C,0.0,NA,3.390953793314111e-07,2850,28177,2864,0,0.1685993331562952,0.09185548071034905,1.0,0.9077349312199994,0.09226506878000064
2864,YLR345W YBR143C,0.0,NA,3.396472152417118e-07,2850,28176,2865,0,0.16862883951491547,0.09185844130729066,1.0,0.9077027157630231,0.0922972842369769
2865,YLR377C YBR126C,0.0,NA,3.402972481580946e-07,2850,28175,2866,0,0.16865834587353576,0.09186140209508462,1.0,0.9076705003060468,0.09232949969395315
2866,YPR167C YHR062C,0.0,NA,3.4152196803916013e-07,2850,28174,2867,0,0.16868785223215602,0.09186436307374936,1.0,0.9076382848490706,0.09236171515092942
2867,YGL103W YNR049C,0.0,NA,3.431154027566663e-07,2850,28173,2868,0,0.1687173585907763,0.09186732424330335,1.0,0.9076060693920943,0.09239393060790567
2868,YJR156C YLR347C,0.0,NA,3.4455953823453456e-07,2850,28172,2869,0,0.16874686494939659,0.09187028560376508,1.0,0.907573853935118,0.09242614606488193
2869,YBL063W YLR453C,0.0,NA,3.452348096288915e-07,2850,28171,2870,0,0.16877637130801687,0.09187324715515297,1.0,0.9075416384781418,0.09245836152185818
2870,YDR436W YBR191W,0.0,NA,3.4692627082222316e-07,2850,28170,2871,0,0.16880587766663716,0.09187620889748549,1.0,0.9075094230211656,0.09249057697883445
2871,YIL046W YNL325C,0.0,NA,3.4938395288008905e-07,2850,28169,2872,0,0.16883538402525744,0.09187917083078113,1.0,0.9074772075641893,0.0925227924358107
2872,YAL058W YDR025W,0.0,NA,3.4983403907062893e-07,2850,28168,2873,0,0.16886489038387772,0.09188213295505836,1.0,0.9074449921072131,0.09255500789278696
2873,YMR199W YKR103W,0.0,NA,3.506510495299153e-07,2850,28167,2874,0,0.168894396742498,0.09188509527033563,1.0,0.9074127766502368,0.09258722334976321
2874,YDR464W YPR049C,0.0,NA,3.512116393267206e-07,2850,28166,2875,0,0.1689239031011183,0.09188805777663142,1.0,0.9073805611932605,0.09261943880673948
2875,YIL111W YDR014W,0.0,NA,3.514311117669422e-07,2850,28165,2876,0,0.16895340945973858,0.0918910204739642,1.0,0.9073483457362843,0.09265165426371573
2876,YOR184W YHR169W,0.0,NA,3.5650060681291507e-07,2850,28164,2877,0,0.16898291581835886,0.09189398336235248,1.0,0.907316130279308,0.092683869720692
2877,YMR217W YBR214W,0.0,NA,3.5719824609259376e-07,2850,28163,2878,0,0.16901242217697915,0.09189694644181472,1.0,0.9072839148223317,0.09271608517766824
2878,YGR027C YIL002C,0.0,NA,3.574156437480269e-07,2850,28162,2879,0,0.16904192853559943,0.0918999097123694,1.0,0.9072516993653555,0.09274830063464451
2879,YNL209W YPR031W,0.0,NA,3.578525422653911e-07,2850,28161,2880,0,0.1690714348942197,0.09190287317403502,1.0,0.9072194839083793,0.09278051609162076
2880,YLR139C YDR216W,0.0,NA,3.588025663248118e-07,2850,28160,2881,0,0.16910094125283998,0.09190583682683005,1.0,0.907187268451403,0.09281273154859701
2881,YDR091C YHR040W,0.0,NA,3.6191065078128304e-07,2850,28159,2882,0,0.16913044761146026,0.091908800670773,1.0,0.9071550529944268,0.09284494700557328
2882,YER143W YIR031C,0.0,NA,3.6394405356077186e-07,2850,28158,2883,0,0.16915995397008055,0.09191176470588236,1.0,0.9071228375374505,0.09287716246254953
2883,YLR383W YKL174C,0.0,NA,3.6419297089196334e-07,2850,28157,2884,0,0.16918946032870083,0.0919147289321766,1.0,0.9070906220804742,0.09290937791952579
2884,YER008C YKL096W,0.0,NA,3.6427636018743215e-07,2850,28156,2885,0,0.16921896668732112,0.09191769334967426,1.0,0.9070584066234979,0.09294159337650204
2885,YBL039C YEL011W,0.0,NA,3.647265316431003e-07,2850,28155,2886,0,0.1692484730459414,0.09192065795839381,1.0,0.9070261911665217,0.0929738088334783
2886,YPL195W YMR170C,0.0,NA,3.65559145620864e-07,2850,28154,2887,0,0.16927797940456168,0.09192362275835377,1.0,0.9069939757095454,0.09300602429045456
2887,YDR530C YIL030C,0.0,NA,3.6713237250296515e-07,2850,28153,2888,0,0.16930748576318197,0.09192658774957262,1.0,0.9069617602525691,0.09303823974743082
2888,YDL052C YPL220W,0.0,NA,3.673761170830403e-07,2850,28152,2889,0,0.16933699212180225,0.09192955293206889,1.0,0.906929544795593,0.09307045520440707
2889,YHR196W YDR158W,0.0,NA,3.6794591551370104e-07,2850,28151,2890,0,0.16936649848042254,0.0919325183058611,1.0,0.9068973293386167,0.09310267066138334
2890,YAL036C YGL033W,0.0,NA,3.6852813423138286e-07,2850,28150,2891,0,0.16939600483904282,0.09193548387096774,1.0,0.9068651138816404,0.09313488611835959
2891,YKL122C YLR205C,0.0,NA,3.689800678330357e-07,2850,28149,2892,0,0.1694255111976631,0.09193844962740734,1.0,0.9068328984246642,0.09316710157533585
2892,YDR142C YDR403W,0.0,NA,3.700873207890254e-07,2850,28148,2893,0,0.16945501755628337,0.0919414155751984,1.0,0.9068006829676879,0.0931993170323121
2893,YIL045W YLR051C,0.0,NA,3.703507331920264e-07,2850,28147,2894,0,0.16948452391490365,0.09194438171435945,1.0,0.9067684675107116,0.09323153248928837
2894,YGR166W YHR154W,0.0,NA,3.7117035844858037e-07,2850,28146,2895,0,0.16951403027352394,0.09194734804490902,1.0,0.9067362520537354,0.09326374794626462
2895,YPR186C YER179W,0.0,NA,3.7140898712095805e-07,2850,28145,2896,0,0.16954353663214422,0.09195031456686563,1.0,0.9067040365967591,0.09329596340324088
2896,YGR124W YML041C,0.0,NA,3.731070137291681e-07,2850,28144,2897,0,0.1695730429907645,0.0919532812802478,1.0,0.9066718211397828,0.09332817886021713
2897,YOR294W YKL020C,0.0,NA,3.7355172821662563e-07,2850,28143,2898,0,0.1696025493493848,0.09195624818507404,1.0,0.9066396056828067,0.0933603943171934
2898,YMR189W YNL164C,0.0,NA,3.751289057163376e-07,2850,28142,2899,0,0.16963205570800508,0.09195921528136293,1.0,0.9066073902258304,0.09339260977416965
2899,YFL031W YJL101C,0.0,NA,3.7533433783210057e-07,2850,28141,2900,0,0.16966156206662536,0.09196218256913298,1.0,0.9065751747688541,0.0934248252311459
2900,YPL146C YNL111C,0.0,NA,3.7700283428421244e-07,2850,28140,2901,0,0.16969106842524564,0.09196515004840271,1.0,0.9065429593118779,0.09345704068812216
2901,YOL027C YCL044C,0.0,NA,3.775807044803514e-07,2850,28139,2902,0,0.16972057478386593,0.09196811771919068,1.0,0.9065107438549016,0.09348925614509841
2902,YKR039W YIL088C,0.0,NA,3.800441561452317e-07,2850,28138,2903,0,0.16975008114248621,0.09197108558151543,1.0,0.9064785283979253,0.09352147160207468
2903,YDR384C YOR250C,0.0,NA,3.802718140377692e-07,2850,28137,2904,0,0.1697795875011065,0.09197405363539549,1.0,0.906446312940949,0.09355368705905093
2904,YIL104C YDL079C,0.0,NA,3.806542281381553e-07,2850,28136,2905,0,0.16980909385972678,0.09197702188084941,1.0,0.9064140974839728,0.09358590251602719
2905,YBR129C YOL010W,0.0,NA,3.808576138908393e-07,2850,28135,2906,0,0.16983860021834704,0.09197999031789576,1.0,0.9063818820269965,0.09361811797300344
2906,YOR294W YDL111C,0.0,NA,3.828670855909877e-07,2850,28134,2907,0,0.16986810657696733,0.09198295894655306,1.0,0.9063496665700203,0.0936503334299797
2907,YMR247C YMR131C,0.0,NA,3.8326675166899804e-07,2850,28133,2908,0,0.1698976129355876,0.09198592776683988,1.0,0.9063174511130441,0.09368254888695596
2908,YGR086C YPL223C,0.0,NA,3.8465418583655264e-07,2850,28132,2909,0,0.1699271192942079,0.09198889677877477,1.0,0.9062852356560678,0.09371476434393222
2909,YDR513W YDL101C,0.0,NA,3.848732603728422e-07,2850,28131,2910,0,0.16995662565282818,0.0919918659823763,1.0,0.9062530201990915,0.09374697980090847
2910,YJR010W YNL173C,0.0,NA,3.8576325778194587e-07,2850,28130,2911,0,0.16998613201144847,0.09199483537766301,1.0,0.9062208047421153,0.09377919525788474
2911,YPL188W YBR021W,0.0,NA,3.8604403584940883e-07,2850,28129,2912,0,0.17001563837006875,0.09199780496465347,1.0,0.906188589285139,0.09381141071486099
2912,YJR046W YMR281W,0.0,NA,3.873983303037676e-07,2850,28128,2913,0,0.17004514472868903,0.09200077474336626,1.0,0.9061563738281627,0.09384362617183725
2913,YGR129W YOL025W,0.0,NA,3.884289867528423e-07,2850,28127,2914,0,0.17007465108730932,0.09200374471381993,1.0,0.9061241583711865,0.0938758416288135
2914,YDL193W YNL139C,0.0,NA,3.895466988979024e-07,2850,28126,2915,0,0.1701041574459296,0.09200671487603305,1.0,0.9060919429142102,0.09390805708578977
2915,YLR406C YBR210W,0.0,NA,3.899559430919908e-07,2850,28125,2916,0,0.1701336638045499,0.09200968523002422,1.0,0.906059727457234,0.09394027254276602
2916,YHL009C YCR017C,0.0,NA,3.900299248016381e-07,2850,28124,2917,0,0.17016317016317017,0.09201265577581197,1.0,0.9060275120002578,0.09397248799974228
2917,YPL192C YPL269W,0.0,NA,3.9040619981278724e-07,2850,28123,2918,0,0.17019267652179046,0.09201562651341491,1.0,0.9059952965432815,0.09400470345671853
2918,YLR307W YNL154C,0.0,NA,3.914071271537978e-07,2850,28122,2919,0,0.17022218288041072,0.09201859744285161,1.0,0.9059630810863052,0.0940369189136948
2919,YOL078W YGL093W,0.0,NA,3.916550781468686e-07,2850,28121,2920,0,0.170251689239031,0.09202156856414065,1.0,0.905930865629329,0.09406913437067105
2920,YOL032W YAL024C,0.0,NA,3.929188210349821e-07,2850,28120,2921,0,0.17028119559765129,0.09202453987730061,1.0,0.9058986501723527,0.0941013498276473
2921,YHL009C YDL160C,0.0,NA,3.9416448771589785e-07,2850,28119,2922,0,0.17031070195627157,0.09202751138235009,1.0,0.9058664347153764,0.09413356528462356
2922,YPL194W YPL170W,0.0,NA,3.9444989852199797e-07,2850,28118,2923,0,0.17034020831489186,0.09203048307930767,1.0,0.9058342192584001,0.09416578074159981
2923,YNL123W YGL184C,0.0,NA,3.94574442452722e-07,2850,28117,2924,0,0.17036971467351214,0.09203345496819194,1.0,0.905802003801424,0.09419799619857608
2924,YLR423C YGR048W,0.0,NA,3.9544312357975286e-07,2850,28116,2925,0,0.17039922103213243,0.09203642704902151,1.0,0.9057697883444477,0.09423021165555233
2925,YOR160W YDL059C,0.0,NA,3.95833268385104e-07,2850,28115,2926,0,0.1704287273907527,0.09203939932181496,1.0,0.9057375728874714,0.0942624271125286
2926,YOL097C YAR002C-A,0.0,NA,3.962993559980532e-07,2850,28114,2927,0,0.170458233749373,0.09204237178659087,1.0,0.9057053574304952,0.09429464256950484
2927,YDL106C YOR080W,0.0,NA,3.9710482724331087e-07,2850,28113,2928,0,0.17048774010799328,0.09204534444336789,1.0,0.9056731419735189,0.09432685802648111
2928,YDR162C YGL213C,0.0,NA,3.9806027984923276e-07,2850,28112,2929,0,0.17051724646661356,0.09204831729216459,1.0,0.9056409265165426,0.09435907348345736
2929,YBR107C YAL033W,0.0,NA,3.9828660192142706e-07,2850,28111,2930,0,0.17054675282523385,0.09205129033299958,1.0,0.9056087110595664,0.09439128894043362
2930,YBR207W YER082C,0.0,NA,3.983880390023842e-07,2850,28110,2931,0,0.17057625918385413,0.09205426356589147,1.0,0.9055764956025901,0.09442350439740987
2931,YNL074C YCR061W,0.0,NA,3.984857244176965e-07,2850,28109,2932,0,0.1706057655424744,0.09205723699085888,1.0,0.9055442801456138,0.09445571985438614
2932,YPL081W YKR025W,0.0,NA,3.9899413195598754e-07,2850,28108,2933,0,0.17063527190109468,0.09206021060792041,1.0,0.9055120646886377,0.09448793531136239
2933,YLR189C YKL104C,0.0,NA,3.9910145233079675e-07,2850,28107,2934,0,0.17066477825971496,0.09206318441709468,1.0,0.9054798492316614,0.09452015076833865
2934,YCR040W YNL002C,0.0,NA,3.9938814211382123e-07,2850,28106,2935,0,0.17069428461833525,0.09206615841840031,1.0,0.9054476337746851,0.0945523662253149
2935,YGL001C YDR321W,0.0,NA,3.994075541413622e-07,2850,28105,2936,0,0.17072379097695553,0.09206913261185593,1.0,0.9054154183177089,0.09458458168229117
2936,YCR010C YMR049C,0.0,NA,3.99708198983717e-07,2850,28104,2937,0,0.17075329733557582,0.09207210699748013,1.0,0.9053832028607326,0.09461679713926742
2937,YGL145W YDL213C,0.0,NA,4.0037090798250574e-07,2850,28103,2938,0,0.1707828036941961,0.09207508157529157,1.0,0.9053509874037563,0.09464901259624368
2938,YML125C YDR481C,0.0,NA,4.010339011983888e-07,2850,28102,2939,0,0.17081231005281639,0.09207805634530887,1.0,0.90531877194678,0.09468122805321993
2939,YCL024W YBL072C,0.0,NA,4.010690872746636e-07,2850,28101,2940,0,0.17084181641143667,0.09208103130755065,1.0,0.9052865564898038,0.09471344351019619
2940,YER102W YHR128W,0.0,NA,4.0204719198300154e-07,2850,28100,2941,0,0.17087132277005695,0.09208400646203554,1.0,0.9052543410328275,0.09474565896717245
2941,YDL149W YOR039W,0.0,NA,4.036981238186854e-07,2850,28099,2942,0,0.17090082912867724,0.09208698180878219,1.0,0.9052221255758512,0.0947778744241487
2942,YDR039C YKL108W,0.0,NA,4.044599677399674e-07,2850,28098,2943,0,0.17093033548729752,0.09208995734780923,1.0,0.9051899101188751,0.09481008988112496
2943,YLR080W YLR435W,0.0,NA,4.046802928314719e-07,2850,28097,2944,0,0.17095984184591778,0.0920929330791353,1.0,0.9051576946618988,0.09484230533810122
2944,YNR007C YLR240W,0.0,NA,4.0563813286098593e-07,2850,28096,2945,0,0.17098934820453807,0.09209590900277903,1.0,0.9051254792049225,0.09487452079507748
2945,YCL040W YGR227W,0.0,NA,4.058346974034066e-07,2850,28095,2946,0,0.17101885456315835,0.09209888511875909,1.0,0.9050932637479463,0.09490673625205373
2946,YIL039W YDR545W,0.0,NA,4.0670178691470937e-07,2850,28094,2947,0,0.17104836092177864,0.0921018614270941,1.0,0.90506104829097,0.09493895170903
2947,YLR183C YGL029W,0.0,NA,4.0711822180128365e-07,2850,28093,2948,0,0.17107786728039892,0.09210483792780273,1.0,0.9050288328339937,0.09497116716600625
2948,YBR248C YGR061C,0.0,NA,4.0828504666023946e-07,2850,28092,2949,0,0.1711073736390192,0.09210781462090363,1.0,0.9049966173770175,0.09500338262298251
2949,YCL040W YCR021C,0.0,NA,4.0848908611224033e-07,2850,28091,2950,0,0.1711368799976395,0.09211079150641543,1.0,0.9049644019200412,0.09503559807995876
2950,YJL004C YHR085W,0.0,NA,4.0912149756877625e-07,2850,28090,2951,0,0.17116638635625978,0.09211376858435683,1.0,0.904932186463065,0.09506781353693503
2951,YMR192W YIR027C,0.0,NA,4.095505232726282e-07,2850,28089,2952,0,0.17119589271488006,0.09211674585474644,1.0,0.9048999710060888,0.09510002899391128
2952,YOR047C YFL030W,0.0,NA,4.10044123100306e-07,2850,28088,2953,0,0.17122539907350035,0.09211972331760294,1.0,0.9048677555491125,0.09513224445088754
2953,YDR023W YER046W,0.0,NA,4.103891342310817e-07,2850,28087,2954,0,0.17125490543212063,0.09212270097294502,1.0,0.9048355400921362,0.09516445990786379
2954,YKL213C YGL207W,0.0,NA,4.110621034669748e-07,2850,28086,2955,0,0.17128441179074091,0.09212567882079131,1.0,0.90480332463516,0.09519667536484006
2955,YPL081W YKL186C,0.0,NA,4.1212192058992514e-07,2850,28085,2956,0,0.1713139181493612,0.0921286568611605,1.0,0.9047711091781837,0.0952288908218163
2956,YHR142W YBR265W,0.0,NA,4.1236168613068003e-07,2850,28084,2957,0,0.17134342450798146,0.09213163509407125,1.0,0.9047388937212074,0.09526110627879257
2957,YDL135C YOL039W,0.0,NA,4.123813823753153e-07,2850,28083,2958,0,0.17137293086660174,0.09213461351954223,1.0,0.9047066782642311,0.09529332173576882
2958,YIL046W YPL198W,0.0,NA,4.127673491893802e-07,2850,28082,2959,0,0.17140243722522203,0.09213759213759214,1.0,0.9046744628072549,0.09532553719274509
2959,YHR136C YML100W,0.0,NA,4.13013054867406e-07,2850,28081,2960,0,0.1714319435838423,0.09214057094823963,1.0,0.9046422473502786,0.09535775264972134
2960,YBL041W YOR096W,0.0,NA,4.13723853398551e-07,2850,28080,2961,0,0.1714614499424626,0.0921435499515034,1.0,0.9046100318933024,0.09538996810669759
2961,YPL176C YLR237W,0.0,NA,4.144639262904093e-07,2850,28079,2962,0,0.17149095630108288,0.09214652914740211,1.0,0.9045778164363262,0.09542218356367385
2962,YJL059W YPR190C,0.0,NA,4.1625037283665733e-07,2850,28078,2963,0,0.17152046265970317,0.09214950853595448,1.0,0.9045456009793499,0.0954543990206501
2963,YOR239W YKR082W,0.0,NA,4.172292733528593e-07,2850,28077,2964,0,0.17154996901832345,0.09215248811717916,1.0,0.9045133855223736,0.09548661447762637
2964,YNL156C YPL126W,0.0,NA,4.172543413005769e-07,2850,28076,2965,0,0.17157947537694374,0.09215546789109487,1.0,0.9044811700653974,0.09551882993460262
2965,YPL110C YLR262C,0.0,NA,4.1793413174673333e-07,2850,28075,2966,0,0.17160898173556402,0.09215844785772029,1.0,0.9044489546084211,0.09555104539157888
2966,YPL024W YKL165C,0.0,NA,4.185140483059513e-07,2850,28074,2967,0,0.1716384880941843,0.09216142801707412,1.0,0.9044167391514448,0.09558326084855513
2967,YML049C YDL065C,0.0,NA,4.196671454792522e-07,2850,28073,2968,0,0.1716679944528046,0.09216440836917504,1.0,0.9043845236944686,0.0956154763055314
2968,YBR119W YML063W,0.0,NA,4.2054617210851575e-07,2850,28072,2969,0,0.17169750081142487,0.09216738891404178,1.0,0.9043523082374924,0.09564769176250765
2969,YHR043C YJL106W,0.0,NA,4.208891937196313e-07,2850,28071,2970,0,0.17172700717004513,0.09217036965169302,1.0,0.9043200927805161,0.09567990721948391
2970,YBR189W YNL333W,0.0,NA,4.209462076687487e-07,2850,28070,2971,0,0.17175651352866542,0.09217335058214748,1.0,0.9042878773235399,0.09571212267646016
2971,YMR192W YHR042W,0.0,NA,4.2121322962884733e-07,2850,28069,2972,0,0.1717860198872857,0.09217633170542384,1.0,0.9042556618665636,0.09574433813343643
2972,YOR056C YBR207W,0.0,NA,4.213124782381783e-07,2850,28068,2973,0,0.171815526245906,0.09217931302154085,1.0,0.9042234464095873,0.09577655359041268
2973,YBR101C YER131W,0.0,NA,4.2157574853263213e-07,2850,28067,2974,0,0.17184503260452627,0.0921822945305172,1.0,0.9041912309526111,0.09580876904738894
2974,YNL298W YDR180W,0.0,NA,4.23594428866636e-07,2850,28066,2975,0,0.17187453896314656,0.09218527623237159,1.0,0.9041590154956348,0.09584098450436519
2975,YLR448W YMR006C,0.0,NA,4.240766031671228e-07,2850,28065,2976,0,0.17190404532176684,0.09218825812712275,1.0,0.9041268000386585,0.09587319996134146
2976,YDL031W YKR002W,0.0,NA,4.2471893380024994e-07,2850,28064,2977,0,0.17193355168038713,0.09219124021478942,1.0,0.9040945845816822,0.09590541541831771
2977,YGL161C YHR048W,0.0,NA,4.252721907960222e-07,2850,28063,2978,0,0.1719630580390074,0.09219422249539029,1.0,0.9040623691247061,0.09593763087529397
2978,YHR139C YMR199W,0.0,NA,4.2575589986881823e-07,2850,28062,2979,0,0.1719925643976277,0.0921972049689441,1.0,0.9040301536677298,0.09596984633227022
2979,YLR223C YER145C,0.0,NA,4.2844496306315705e-07,2850,28061,2980,0,0.17202207075624798,0.09220018763546957,1.0,0.9039979382107535,0.09600206178924649
2980,YLR215C YLR450W,0.0,NA,4.2866443550337863e-07,2850,28060,2981,0,0.17205157711486826,0.09220317049498544,1.0,0.9039657227537773,0.09603427724622274
2981,YOL132W YAL031C,0.0,NA,4.2869510252785403e-07,2850,28059,2982,0,0.17208108347348855,0.09220615354751044,1.0,0.903933507296801,0.09606649270319899
2982,YGL252C YGL133W,0.0,NA,4.2903948838102224e-07,2850,28058,2983,0,0.1721105898321088,0.09220913679306328,1.0,0.9039012918398247,0.09609870816017525
2983,YOR047C YER025W,0.0,NA,4.3040824948548106e-07,2850,28057,2984,0,0.1721400961907291,0.09221212023166273,1.0,0.9038690763828485,0.0961309236171515
2984,YOR092W YBR169C,0.0,NA,4.306772325435304e-07,2850,28056,2985,0,0.17216960254934938,0.09221510386332751,1.0,0.9038368609258722,0.09616313907412777
2985,YNL130C YGL171W,0.0,NA,4.30712930210575e-07,2850,28055,2986,0,0.17219910890796966,0.09221808768807636,1.0,0.9038046454688959,0.09619535453110402
2986,YLR393W YDR295C,0.0,NA,4.312813928208925e-07,2850,28054,2987,0,0.17222861526658995,0.09222107170592804,1.0,0.9037724300119198,0.09622756998808028
2987,YGL139W YNL277W,0.0,NA,4.3175012365281873e-07,2850,28053,2988,0,0.17225812162521023,0.09222405591690128,1.0,0.9037402145549435,0.09625978544505653
2988,YHR128W YBR077C,0.0,NA,4.319132074215304e-07,2850,28052,2989,0,0.17228762798383052,0.09222704032101482,1.0,0.9037079990979672,0.0962920009020328
2989,YLR308W YDL215C,0.0,NA,4.3208956412854604e-07,2850,28051,2990,0,0.1723171343424508,0.09223002491828744,1.0,0.903675783640991,0.09632421635900905
2990,YPR118W YNR052C,0.0,NA,4.323265159200673e-07,2850,28050,2991,0,0.17234664070107109,0.09223300970873786,1.0,0.9036435681840147,0.09635643181598531
2991,YML051W YEL040W,0.0,NA,4.328550460286351e-07,2850,28049,2992,0,0.17237614705969137,0.09223599469238487,1.0,0.9036113527270384,0.09638864727296156
2992,YFL047W YIL037C,0.0,NA,4.329689886617416e-07,2850,28048,2993,0,0.17240565341831166,0.0922389798692472,1.0,0.9035791372700622,0.09642086272993783
2993,YOR307C YMR163C,0.0,NA,4.331490117692738e-07,2850,28047,2994,0,0.17243515977693194,0.09224196523934362,1.0,0.9035469218130859,0.09645307818691408
2994,YKL214C YOR323C,0.0,NA,4.337624659456196e-07,2850,28046,2995,0,0.17246466613555222,0.0922449508026929,1.0,0.9035147063561096,0.09648529364389034
2995,YHR211W YDR343C,0.0,NA,4.348534616838151e-07,2850,28045,2996,0,0.17249417249417248,0.0922479365593138,1.0,0.9034824908991334,0.0965175091008666
2996,YKL156W YNL039W,0.0,NA,4.351036011485121e-07,2850,28044,2997,0,0.17252367885279277,0.09225092250922509,1.0,0.9034502754421572,0.09654972455784286
2997,YNL330C YOR310C,0.0,NA,4.3596131149570283e-07,2850,28043,2998,0,0.17255318521141305,0.09225390865244554,1.0,0.9034180599851809,0.09658194001481911
2998,YER019W YOR100C,0.0,NA,4.361825745036185e-07,2850,28042,2999,0,0.17258269157003334,0.09225689498899392,1.0,0.9033858445282046,0.09661415547179537
2999,YLR284C YPL043W,0.0,NA,4.374802529127919e-07,2850,28041,3000,0,0.17261219792865362,0.092259881518889,1.0,0.9033536290712284,0.09664637092877162
3000,YER024W YOL143C,0.0,NA,4.3861280119017465e-07,2850,28040,3001,0,0.1726417042872739,0.09226286824214956,1.0,0.9033214136142521,0.09667858638574787
3001,YOR375C YGR023W,0.0,NA,4.3888306322514836e-07,2850,28039,3002,0,0.1726712106458942,0.09226585515879439,1.0,0.9032891981572758,0.09671080184272414
3002,YOR133W YER098W,0.0,NA,4.397335828798532e-07,2850,28038,3003,0,0.17270071700451448,0.09226884226884227,1.0,0.9032569827002996,0.09674301729970039
3003,YML046W YKL214C,0.0,NA,4.418100729708385e-07,2850,28037,3004,0,0.17273022336313476,0.09227182957231198,1.0,0.9032247672433233,0.09677523275667665
3004,YGR221C YJR063W,0.0,NA,4.452981841041037e-07,2850,28036,3005,0,0.17275972972175505,0.0922748170692223,1.0,0.903192551786347,0.0968074482136529
3005,YMR246W YGL171W,0.0,NA,4.4612195893023454e-07,2850,28035,3006,0,0.17278923608037533,0.09227780475959203,1.0,0.9031603363293709,0.09683966367062917
3006,YLL034C YIL049W,0.0,NA,4.4660552589448343e-07,2850,28034,3007,0,0.17281874243899562,0.09228079264343997,1.0,0.9031281208723946,0.09687187912760542
3007,YDL052C YPR121W,0.0,NA,4.4692552592096035e-07,2850,28033,3008,0,0.1728482487976159,0.0922837807207849,1.0,0.9030959054154183,0.09690409458458168
3008,YOR108W YPL093W,0.0,NA,4.4700610146719555e-07,2850,28032,3009,0,0.17287775515623616,0.09228676899164562,1.0,0.9030636899584421,0.09693631004155794
3009,YMR272C YBR293W,0.0,NA,4.483543420974456e-07,2850,28031,3010,0,0.17290726151485644,0.09228975745604093,1.0,0.9030314745014658,0.0969685254985342
3010,YGL248W YOR288C,0.0,NA,4.483851512304682e-07,2850,28030,3011,0,0.17293676787347673,0.09229274611398963,1.0,0.9029992590444895,0.09700074095551045
3011,YNL221C YEL062W,0.0,NA,4.492304981340567e-07,2850,28029,3012,0,0.172966274232097,0.09229573496551054,1.0,0.9029670435875133,0.09703295641248671
3012,YOR180C YBR155W,0.0,NA,4.4996193082624814e-07,2850,28028,3013,0,0.1729957805907173,0.09229872401062245,1.0,0.902934828130537,0.09706517186946297
3013,YJL138C YLR246W,0.0,NA,4.5020618699709303e-07,2850,28027,3014,0,0.17302528694933758,0.09230171324934418,1.0,0.9029026126735608,0.09709738732643923
3014,YCL059C YDR436W,0.0,NA,4.512193072514492e-07,2850,28026,3015,0,0.17305479330795787,0.09230470268169452,1.0,0.9028703972165845,0.09712960278341548
3015,YDR006C YMR093W,0.0,NA,4.524529515492759e-07,2850,28025,3016,0,0.17308429966657815,0.09230769230769231,1.0,0.9028381817596083,0.09716181824039175
3016,YDL239C YBL051C,0.0,NA,4.5277064941728895e-07,2850,28024,3017,0,0.17311380602519844,0.09231068212735635,1.0,0.902805966302632,0.097194033697368
3017,YKL043W YGL091C,0.0,NA,4.528475301412982e-07,2850,28023,3018,0,0.17314331238381872,0.09231367214070547,1.0,0.9027737508456557,0.09722624915434426
3018,YDL147W YGR049W,0.0,NA,4.531067361313035e-07,2850,28022,3019,0,0.173172818742439,0.09231666234775848,1.0,0.9027415353886795,0.09725846461132051
3019,YJL031C YDL245C,0.0,NA,4.5351828248385573e-07,2850,28021,3020,0,0.1732023251010593,0.09231965274853422,1.0,0.9027093199317032,0.09729068006829678
3020,YIL044C YDR085C,0.0,NA,4.5398132897389587e-07,2850,28020,3021,0,0.17323183145967955,0.0923226433430515,1.0,0.9026771044747269,0.09732289552527303
3021,YIL047C YNL277W,0.0,NA,4.588380022596539e-07,2850,28019,3022,0,0.17326133781829983,0.09232563413132916,1.0,0.9026448890177508,0.09735511098224928
3022,YER025W YOR098C,0.0,NA,4.599845624397858e-07,2850,28018,3023,0,0.17329084417692012,0.09232862511338603,1.0,0.9026126735607745,0.09738732643922554
3023,YER045C YHR211W,0.0,NA,4.607102255249629e-07,2850,28017,3024,0,0.1733203505355404,0.09233161628924094,1.0,0.9025804581037982,0.09741954189620179
3024,YJL020C YDR110W,0.0,NA,4.613328030700359e-07,2850,28016,3025,0,0.1733498568941607,0.09233460765891272,1.0,0.902548242646822,0.09745175735317806
3025,YPR009W YLR237W,0.0,NA,4.615506270511105e-07,2850,28015,3026,0,0.17337936325278097,0.09233759922242021,1.0,0.9025160271898457,0.0974839728101543
3026,YJL205C YML123C,0.0,NA,4.618804325673409e-07,2850,28014,3027,0,0.17340886961140126,0.09234059097978227,1.0,0.9024838117328694,0.09751618826713057
3027,YIL038C YOR273C,0.0,NA,4.622259268671769e-07,2850,28013,3028,0,0.17343837597002154,0.09234358293101773,1.0,0.9024515962758932,0.09754840372410682
3028,YHR204W YGL096W,0.0,NA,4.6225017058532103e-07,2850,28012,3029,0,0.17346788232864183,0.09234657507614542,1.0,0.9024193808189169,0.09758061918108309
3029,YJL087C YLR260W,0.0,NA,4.628893464087014e-07,2850,28011,3030,0,0.1734973886872621,0.09234956741518421,1.0,0.9023871653619406,0.09761283463805934
3030,YDR009W YJL127C,0.0,NA,4.630884973266802e-07,2850,28010,3031,0,0.1735268950458824,0.09235255994815295,1.0,0.9023549499049645,0.0976450500950356
3031,YML102W YPL043W,0.0,NA,4.632895240774815e-07,2850,28009,3032,0,0.17355640140450268,0.09235555267507048,1.0,0.9023227344479882,0.09767726555201185
3032,YMR011W YCR010C,0.0,NA,4.639164217223879e-07,2850,28008,3033,0,0.17358590776312297,0.09235854559595567,1.0,0.9022905189910119,0.09770948100898812
3033,YNL154C YLR009W,0.0,NA,4.643395925540972e-07,2850,28007,3034,0,0.17361541412174322,0.09236153871082736,1.0,0.9022583035340356,0.09774169646596437
3034,YHR087W YDL155W,0.0,NA,4.6483668825203495e-07,2850,28006,3035,0,0.1736449204803635,0.09236453201970443,1.0,0.9022260880770594,0.09777391192294063
3035,YDL098C YMR261C,0.0,NA,4.65123150661384e-07,2850,28005,3036,0,0.1736744268389838,0.09236752552260574,1.0,0.9021938726200831,0.09780612737991688
3036,YGL215W YJR106W,0.0,NA,4.65819226747044e-07,2850,28004,3037,0,0.17370393319760408,0.09237051921955014,1.0,0.9021616571631068,0.09783834283689315
3037,YGR179C YNL008C,0.0,NA,4.676874141296139e-07,2850,28003,3038,0,0.17373343955622436,0.09237351311055651,1.0,0.9021294417061306,0.0978705582938694
3038,YDL122W YBR083W,0.0,NA,4.6780161255810526e-07,2850,28002,3039,0,0.17376294591484465,0.09237650719564372,1.0,0.9020972262491543,0.09790277375084566
3039,YHL011C YKL004W,0.0,NA,4.68974178602366e-07,2850,28001,3040,0,0.17379245227346493,0.09237950147483064,1.0,0.902065010792178,0.09793498920782191
3040,YMR176W YHL048W,0.0,NA,4.691848687343736e-07,2850,28000,3041,0,0.17382195863208522,0.09238249594813615,1.0,0.9020327953352019,0.09796720466479818
3041,YMR049C YFR025C,0.0,NA,4.692855668508855e-07,2850,27999,3042,0,0.1738514649907055,0.09238549061557912,1.0,0.9020005798782256,0.09799942012177443
3042,YCL016C YOR190W,0.0,NA,4.6943640086283267e-07,2850,27998,3043,0,0.17388097134932579,0.09238848547717843,1.0,0.9019683644212493,0.09803163557875068
3043,YDR471W YNL301C,0.0,NA,4.7061172381290817e-07,2850,27997,3044,0,0.17391047770794607,0.09239148053295296,1.0,0.9019361489642731,0.09806385103572694
3044,YPL052W YDR087C,0.0,NA,4.717962553968391e-07,2850,27996,3045,0,0.17393998406656636,0.0923944757829216,1.0,0.9019039335072968,0.0980960664927032
3045,YML004C YOR058C,0.0,NA,4.720028528026887e-07,2850,27995,3046,0,0.17396949042518664,0.09239747122710326,1.0,0.9018717180503205,0.09812828194967946
3046,YGL064C YBR065C,0.0,NA,4.727502016521612e-07,2850,27994,3047,0,0.1739989967838069,0.0924004668655168,1.0,0.9018395025933443,0.09816049740665571
3047,YDL022W YBR020W,0.0,NA,4.749967104089592e-07,2850,27993,3048,0,0.17402850314242718,0.09240346269818112,1.0,0.901807287136368,0.09819271286363197
3048,YIL005W YOL041C,0.0,NA,4.76360781931362e-07,2850,27992,3049,0,0.17405800950104747,0.0924064587251151,1.0,0.9017750716793917,0.09822492832060822
3049,YDL184C YMR014W,0.0,NA,4.772625175064604e-07,2850,27991,3050,0,0.17408751585966775,0.09240945494633766,1.0,0.9017428562224156,0.09825714377758449
3050,YIL168W YER143W,0.0,NA,4.77860965020227e-07,2850,27990,3051,0,0.17411702221828804,0.09241245136186771,1.0,0.9017106407654393,0.09828935923456074
3051,YKL103C YBR289W,0.0,NA,4.783250915352255e-07,2850,27989,3052,0,0.17414652857690832,0.09241544797172412,1.0,0.901678425308463,0.098321574691537
3052,YEL018W YPL026C,0.0,NA,4.785386522598856e-07,2850,27988,3053,0,0.1741760349355286,0.09241844477592581,1.0,0.9016462098514867,0.09835379014851325
3053,YER035W YML099C,0.0,NA,4.791716037289007e-07,2850,27987,3054,0,0.1742055412941489,0.09242144177449169,1.0,0.9016139943945105,0.09838600560548952
3054,YFR019W YMR239C,0.0,NA,4.792264576281013e-07,2850,27986,3055,0,0.17423504765276918,0.09242443896744065,1.0,0.9015817789375342,0.09841822106246577
3055,YOR301W YHR087W,0.0,NA,4.803103479389392e-07,2850,27985,3056,0,0.17426455401138946,0.09242743635479163,1.0,0.9015495634805579,0.09845043651944203
3056,YDL136W YKR076W,0.0,NA,4.803621322935214e-07,2850,27984,3057,0,0.17429406037000975,0.09243043393656353,1.0,0.9015173480235817,0.09848265197641828
3057,YLR025W YPL239W,0.0,NA,4.812076213056571e-07,2850,27983,3058,0,0.17432356672863003,0.09243343171277528,1.0,0.9014851325666055,0.09851486743339455
3058,YNL293W YJL053W,0.0,NA,4.820674917027645e-07,2850,27982,3059,0,0.17435307308725032,0.09243642968344577,1.0,0.9014529171096292,0.0985470828903708
3059,YLR362W YLR451W,0.0,NA,4.834154765376297e-07,2850,27981,3060,0,0.17438257944587057,0.09243942784859395,1.0,0.901420701652653,0.09857929834734706
3060,YMR304W YKL028W,0.0,NA,4.835238200939784e-07,2850,27980,3061,0,0.17441208580449086,0.09244242620823873,1.0,0.9013884861956767,0.09861151380432331
3061,YLL062C YDR312W,0.0,NA,4.840132987737888e-07,2850,27979,3062,0,0.17444159216311114,0.09244542476239904,1.0,0.9013562707387004,0.09864372926129956
3062,YDR380W YOL127W,0.0,NA,4.841555210077786e-07,2850,27978,3063,0,0.17447109852173143,0.09244842351109381,1.0,0.9013240552817242,0.09867594471827583
3063,YKR088C YGL136C,0.0,NA,4.85614918943611e-07,2850,27977,3064,0,0.1745006048803517,0.09245142245434197,1.0,0.9012918398247479,0.09870816017525208
3064,YKL034W YBR162W-A,0.0,NA,4.887249360763235e-07,2850,27976,3065,0,0.174530111238972,0.09245442159216247,1.0,0.9012596243677716,0.09874037563222834
3065,YMR300C YEL044W,0.0,NA,4.888340185971174e-07,2850,27975,3066,0,0.17455961759759228,0.09245742092457421,1.0,0.9012274089107954,0.0987725910892046
3066,YJL044C YER040W,0.0,NA,4.892089577879233e-07,2850,27974,3067,0,0.17458912395621257,0.09246042045159616,1.0,0.9011951934538192,0.09880480654618086
3067,YMR053C YFL057C,0.0,NA,4.894852168035868e-07,2850,27973,3068,0,0.17461863031483285,0.09246342017324725,1.0,0.9011629779968429,0.09883702200315711
3068,YML105C YGR197C,0.0,NA,4.895813958682993e-07,2850,27972,3069,0,0.17464813667345314,0.09246642008954643,1.0,0.9011307625398667,0.09886923746013337
3069,YHR037W YIL147C,0.0,NA,4.90633510707994e-07,2850,27971,3070,0,0.17467764303207342,0.09246942020051263,1.0,0.9010985470828904,0.09890145291710963
3070,YHR037W YKL079W,0.0,NA,4.9075845254265e-07,2850,27970,3071,0,0.1747071493906937,0.09247242050616483,1.0,0.9010663316259141,0.09893366837408589
3071,YHL009C YLR022C,0.0,NA,4.907799961983983e-07,2850,27969,3072,0,0.174736655749314,0.09247542100652195,1.0,0.9010341161689378,0.09896588383106214
3072,YOR107W YOR043W,0.0,NA,4.909709900857706e-07,2850,27968,3073,0,0.17476616210793425,0.09247842170160296,1.0,0.9010019007119616,0.0989980992880384
3073,YMR062C YIL106W,0.0,NA,4.910103257316223e-07,2850,27967,3074,0,0.17479566846655453,0.0924814225914268,1.0,0.9009696852549853,0.09903031474501466
3074,YKR036C YNL149C,0.0,NA,4.912595272799081e-07,2850,27966,3075,0,0.17482517482517482,0.09248442367601246,1.0,0.900937469798009,0.09906253020199092
3075,YOL127W YBR132C,0.0,NA,4.917943670079694e-07,2850,27965,3076,0,0.1748546811837951,0.09248742495537887,1.0,0.9009052543410329,0.09909474565896717
3076,YPL058C YJR031C,0.0,NA,4.941902602695336e-07,2850,27964,3077,0,0.1748841875424154,0.09249042642954501,1.0,0.9008730388840566,0.09912696111594343
3077,YOR270C YCL048W,0.0,NA,4.946198259858647e-07,2850,27963,3078,0,0.17491369390103567,0.09249342809852984,1.0,0.9008408234270803,0.09915917657291969
3078,YOR299W YBR065C,0.0,NA,4.948018954564759e-07,2850,27962,3079,0,0.17494320025965596,0.09249642996235233,1.0,0.9008086079701041,0.09919139202989595
3079,YPL223C YNR016C,0.0,NA,4.951658638674417e-07,2850,27961,3080,0,0.17497270661827624,0.09249943202103145,1.0,0.9007763925131278,0.0992236074868722
3080,YFL011W YAR071W,0.0,NA,4.964789468431263e-07,2850,27960,3081,0,0.17500221297689653,0.09250243427458617,1.0,0.9007441770561515,0.09925582294384847
3081,YIL061C YPR073C,0.0,NA,4.968711664332659e-07,2850,27959,3082,0,0.1750317193355168,0.09250543672303548,1.0,0.9007119615991753,0.09928803840082472
3082,YEL056W YPR121W,0.0,NA,4.997863243261236e-07,2850,27958,3083,0,0.1750612256941371,0.09250843936639834,1.0,0.900679746142199,0.09932025385780097
3083,YFL014W YNL327W,0.0,NA,5.00061389629991e-07,2850,27957,3084,0,0.17509073205275738,0.09251144220469373,1.0,0.9006475306852227,0.09935246931477723
3084,YBL032W YOR004W,0.0,NA,5.02661976042873e-07,2850,27956,3085,0,0.17512023841137767,0.09251444523794065,1.0,0.9006153152282466,0.09938468477175348
3085,YGL227W YNL293W,0.0,NA,5.037047685618745e-07,2850,27955,3086,0,0.17514974476999792,0.09251744846615809,1.0,0.9005830997712703,0.09941690022872975
3086,YOR148C YPR043W,0.0,NA,5.062248078502307e-07,2850,27954,3087,0,0.1751792511286182,0.09252045188936502,1.0,0.900550884314294,0.099449115685706
3087,YGR138C YLR033W,0.0,NA,5.08842845192703e-07,2850,27953,3088,0,0.1752087574872385,0.09252345550758043,1.0,0.9005186688573178,0.09948133114268226
3088,YPR185W YBR001C,0.0,NA,5.118316721564042e-07,2850,27952,3089,0,0.17523826384585878,0.09252645932082332,1.0,0.9004864534003415,0.09951354659965851
3089,YOR004W YFR037C,0.0,NA,5.127071176502795e-07,2850,27951,3090,0,0.17526777020447906,0.09252946332911269,1.0,0.9004542379433652,0.09954576205663478
3090,YDR317W YGL153W,0.0,NA,5.150428137312701e-07,2850,27950,3091,0,0.17529727656309935,0.09253246753246754,1.0,0.9004220224863889,0.09957797751361103
3091,YDR030C YIL104C,0.0,NA,5.164051799511071e-07,2850,27949,3092,0,0.17532678292171963,0.09253547193090685,1.0,0.9003898070294127,0.09961019297058729
3092,YMR104C YIL079C,0.0,NA,5.167002541384136e-07,2850,27948,3093,0,0.17535628928033992,0.09253847652444964,1.0,0.9003575915724364,0.09964240842756354
3093,YMR173W YML006C,0.0,NA,5.169737846699718e-07,2850,27947,3094,0,0.1753857956389602,0.09254148131311492,1.0,0.9003253761154602,0.0996746238845398
3094,YFR050C YHR089C,0.0,NA,5.17072919592465e-07,2850,27946,3095,0,0.1754153019975805,0.09254448629692168,1.0,0.900293160658484,0.09970683934151606
3095,YDL060W YAL055W,0.0,NA,5.174902639737411e-07,2850,27945,3096,0,0.17544480835620077,0.09254749147588895,1.0,0.9002609452015077,0.09973905479849232
3096,YML076C YEL034W,0.0,NA,5.182700988370925e-07,2850,27944,3097,0,0.17547431471482106,0.09255049685003572,1.0,0.9002287297445314,0.09977127025546857
3097,YLR303W YNL067W,0.0,NA,5.186557814340631e-07,2850,27943,3098,0,0.1755038210734413,0.09255350241938103,1.0,0.9001965142875552,0.09980348571244484
3098,YJL052W YPL203W,0.0,NA,5.214733391767368e-07,2850,27942,3099,0,0.1755333274320616,0.09255650818394388,1.0,0.9001642988305789,0.09983570116942109
3099,YDL087C YAL054C,0.0,NA,5.22244249623327e-07,2850,27941,3100,0,0.17556283379068188,0.0925595141437433,1.0,0.9001320833736026,0.09986791662639735
3100,YJL103C YPL180W,0.0,NA,5.234838909018436e-07,2850,27940,3101,0,0.17559234014930217,0.09256252029879831,1.0,0.9000998679166264,0.0999001320833736
3101,YNL186W YPR030W,0.0,NA,5.237080813458306e-07,2850,27939,3102,0,0.17562184650792245,0.09256552664912794,1.0,0.9000676524596501,0.09993234754034987
3102,YDR320C YNL325C,0.0,NA,5.248685965852928e-07,2850,27938,3103,0,0.17565135286654274,0.0925685331947512,1.0,0.9000354370026739,0.09996456299732612
3103,YDR312W YGL002W,0.0,NA,5.259799991108594e-07,2850,27937,3104,0,0.17568085922516302,0.09257153993568715,1.0,0.9000032215456977,0.09999677845430237
3104,YIL097W YGL027C,0.0,NA,5.261580895421503e-07,2850,27936,3105,0,0.1757103655837833,0.09257454687195478,1.0,0.8999710060887214,0.10002899391127863
3105,YLR362W YPL053C,0.0,NA,5.266255129754427e-07,2850,27935,3106,0,0.1757398719424036,0.09257755400357316,1.0,0.8999387906317451,0.10006120936825488
3106,YJL048C YMR135C,0.0,NA,5.269429834697803e-07,2850,27934,3107,0,0.17576937830102388,0.09258056133056133,1.0,0.8999065751747689,0.10009342482523115
3107,YKR039W YJL053W,0.0,NA,5.283514497023134e-07,2850,27933,3108,0,0.17579888465964416,0.09258356885293831,1.0,0.8998743597177926,0.1001256402822074
3108,YGL097W YOR063W,0.0,NA,5.290815465741616e-07,2850,27932,3109,0,0.17582839101826445,0.09258657657072315,1.0,0.8998421442608163,0.10015785573918366
3109,YMR313C YDR295C,0.0,NA,5.292491209729633e-07,2850,27931,3110,0,0.17585789737688473,0.0925895844839349,1.0,0.89980992880384,0.10019007119615991
3110,YHR139C YNL016W,0.0,NA,5.330512067303061e-07,2850,27930,3111,0,0.175887403735505,0.09259259259259259,1.0,0.8997777133468638,0.10022228665313618
3111,YIL045W YMR143W,0.0,NA,5.331351076165447e-07,2850,27929,3112,0,0.17591691009412527,0.0925956008967153,1.0,0.8997454978898876,0.10025450211011243
3112,YBR048W YEL064C,0.0,NA,5.331879719960853e-07,2850,27928,3113,0,0.17594641645274556,0.09259860939632204,1.0,0.8997132824329113,0.10028671756708869
3113,YIL142W YBR114W,0.0,NA,5.339410904525721e-07,2850,27927,3114,0,0.17597592281136584,0.09260161809143191,1.0,0.8996810669759351,0.10031893302406494
3114,YDR285W YCR061W,0.0,NA,5.350369747247896e-07,2850,27926,3115,0,0.17600542916998613,0.09260462698206394,1.0,0.8996488515189588,0.10035114848104121
3115,YDL074C YKL034W,0.0,NA,5.360420800570864e-07,2850,27925,3116,0,0.1760349355286064,0.0926076360682372,1.0,0.8996166360619825,0.10038336393801746
3116,YIR005W YMR006C,0.0,NA,5.361096100386931e-07,2850,27924,3117,0,0.1760644418872267,0.09261064534997075,1.0,0.8995844206050063,0.10041557939499372
3117,YPR018W YGL121C,0.0,NA,5.379563958740619e-07,2850,27923,3118,0,0.17609394824584698,0.09261365482728366,1.0,0.89955220514803,0.10044779485196997
3118,YKL034W YJL125C,0.0,NA,5.382150334298785e-07,2850,27922,3119,0,0.17612345460446727,0.09261666450019498,1.0,0.8995199896910537,0.10048001030894624
3119,YOR064C YKL138C-A,0.0,NA,5.384173391576041e-07,2850,27921,3120,0,0.17615296096308755,0.0926196743687238,1.0,0.8994877742340776,0.10051222576592249
3120,YLR129W YAR007C,0.0,NA,5.398374014475849e-07,2850,27920,3121,0,0.17618246732170784,0.09262268443288918,1.0,0.8994555587771013,0.10054444122289875
3121,YFL013C YER103W,0.0,NA,5.399692213359231e-07,2850,27919,3122,0,0.17621197368032812,0.09262569469271019,1.0,0.899423343320125,0.100576656679875
3122,YOR100C YNL236W,0.0,NA,5.419358330982504e-07,2850,27918,3123,0,0.1762414800389484,0.09262870514820593,1.0,0.8993911278631488,0.10060887213685125
3123,YCL011C YGR088W,0.0,NA,5.419926196736924e-07,2850,27917,3124,0,0.17627098639756866,0.09263171579939546,1.0,0.8993589124061725,0.10064108759382752
3124,YLR276C YGR248W,0.0,NA,5.428927920547721e-07,2850,27916,3125,0,0.17630049275618895,0.09263472664629786,1.0,0.8993266969491962,0.10067330305080377
3125,YKL040C YHR085W,0.0,NA,5.432247576209193e-07,2850,27915,3126,0,0.17632999911480923,0.09263773768893223,1.0,0.89929448149222,0.10070551850778003
3126,YLR100W YDR321W,0.0,NA,5.434060881270852e-07,2850,27914,3127,0,0.17635950547342952,0.09264074892731765,1.0,0.8992622660352437,0.10073773396475628
3127,YBR152W YHR196W,0.0,NA,5.437264576357848e-07,2850,27913,3128,0,0.1763890118320498,0.0926437603614732,1.0,0.8992300505782674,0.10076994942173255
3128,YHR079C YNL244C,0.0,NA,5.455735276882479e-07,2850,27912,3129,0,0.1764185181906701,0.09264677199141798,1.0,0.8991978351212911,0.1008021648787088
3129,YGL156W YGR020C,0.0,NA,5.460909164867189e-07,2850,27911,3130,0,0.17644802454929037,0.0926497838171711,1.0,0.899165619664315,0.10083438033568506
3130,YLR047C YBL098W,0.0,NA,5.471309236781963e-07,2850,27910,3131,0,0.17647753090791066,0.09265279583875162,1.0,0.8991334042073387,0.10086659579266131
3131,YFR003C YBL046W,0.0,NA,5.497020083566895e-07,2850,27909,3132,0,0.17650703726653094,0.09265580805617868,1.0,0.8991011887503624,0.10089881124963758
3132,YDR055W YBL016W,0.0,NA,5.499568942468613e-07,2850,27908,3133,0,0.17653654362515123,0.09265882046947135,1.0,0.8990689732933862,0.10093102670661383
3133,YOL017W YDL046W,0.0,NA,5.546921784116421e-07,2850,27907,3134,0,0.1765660499837715,0.09266183307864877,1.0,0.8990367578364099,0.1009632421635901
3134,YLL046C YDR158W,0.0,NA,5.573488124355208e-07,2850,27906,3135,0,0.1765955563423918,0.09266484588373,1.0,0.8990045423794336,0.10099545762056635
3135,YDR324C YNR002C,0.0,NA,5.581759410233644e-07,2850,27905,3136,0,0.17662506270101208,0.0926678588847342,1.0,0.8989723269224574,0.10102767307754261
3136,YMR152W YLR153C,0.0,NA,5.589179750131734e-07,2850,27904,3137,0,0.17665456905963234,0.09267087208168043,1.0,0.8989401114654811,0.10105988853451886
3137,YHR139C YOL088C,0.0,NA,5.591706440100097e-07,2850,27903,3138,0,0.17668407541825262,0.09267388547458784,1.0,0.8989078960085048,0.10109210399149512
3138,YIL119C YML043C,0.0,NA,5.63001947284647e-07,2850,27902,3139,0,0.1767135817768729,0.09267689906347555,1.0,0.8988756805515287,0.10112431944847138
3139,YLL012W YER174C,0.0,NA,5.642333462674287e-07,2850,27901,3140,0,0.1767430881354932,0.09267991284836266,1.0,0.8988434650945524,0.10115653490544764
3140,YGL224C YJL214W,0.0,NA,5.64745334941108e-07,2850,27900,3141,0,0.17677259449411348,0.09268292682926829,1.0,0.8988112496375761,0.10118875036242389
3141,YDR450W YPL135W,0.0,NA,5.648627166010556e-07,2850,27899,3142,0,0.17680210085273376,0.09268594100621158,1.0,0.8987790341805999,0.10122096581940015
3142,YEL060C YDL167C,0.0,NA,5.651552896779322e-07,2850,27898,3143,0,0.17683160721135405,0.09268895537921165,1.0,0.8987468187236236,0.1012531812763764
3143,YPL095C YOR208W,0.0,NA,5.652809136336145e-07,2850,27897,3144,0,0.17686111356997433,0.09269196994828764,1.0,0.8987146032666473,0.10128539673335266
3144,YOR023C YOR362C,0.0,NA,5.65977813948848e-07,2850,27896,3145,0,0.17689061992859462,0.09269498471345866,1.0,0.8986823878096711,0.10131761219032892
3145,YOR351C YJR109C,0.0,NA,5.673185796695179e-07,2850,27895,3146,0,0.1769201262872149,0.09269799967474386,1.0,0.8986501723526948,0.10134982764730517
3146,YIL111W YMR246W,0.0,NA,5.680120693796198e-07,2850,27894,3147,0,0.1769496326458352,0.09270101483216238,1.0,0.8986179568957186,0.10138204310428144
3147,YLR362W YFL047W,0.0,NA,5.688056603503355e-07,2850,27893,3148,0,0.17697913900445547,0.09270403018573334,1.0,0.8985857414387423,0.10141425856125769
3148,YGR004W YOR028C,0.0,NA,5.703864189854357e-07,2850,27892,3149,0,0.17700864536307576,0.09270704573547589,1.0,0.8985535259817661,0.10144647401823395
3149,YLR367W YBR011C,0.0,NA,5.717501494473254e-07,2850,27891,3150,0,0.177038151721696,0.09271006148140919,1.0,0.8985213105247898,0.1014786894752102
3150,YCL024W YGL229C,0.0,NA,5.728072665078798e-07,2850,27890,3151,0,0.1770676580803163,0.09271307742355238,1.0,0.8984890950678135,0.10151090493218647
3151,YCL069W YPL198W,0.0,NA,5.744676059293852e-07,2850,27889,3152,0,0.17709716443893658,0.09271609356192459,1.0,0.8984568796108373,0.10154312038916272
3152,YBL027W YCR094W,0.0,NA,5.745158091485791e-07,2850,27888,3153,0,0.17712667079755687,0.092719109896545,1.0,0.898424664153861,0.10157533584613898
3153,YPL086C YDR064W,0.0,NA,5.749438969360199e-07,2850,27887,3154,0,0.17715617715617715,0.09272212642743273,1.0,0.8983924486968847,0.10160755130311523
3154,YLR106C YBL018C,0.0,NA,5.74956516175007e-07,2850,27886,3155,0,0.17718568351479744,0.09272514315460698,1.0,0.8983602332399085,0.1016397667600915
3155,YHR206W YOR361C,0.0,NA,5.754145604441874e-07,2850,27885,3156,0,0.17721518987341772,0.09272816007808687,1.0,0.8983280177829323,0.10167198221706775
3156,YGL026C YBR123C,0.0,NA,5.755495635639818e-07,2850,27884,3157,0,0.177244696232038,0.09273117719789159,1.0,0.898295802325956,0.10170419767404401
3157,YMR006C YIL099W,0.0,NA,5.76800744056527e-07,2850,27883,3158,0,0.1772742025906583,0.09273419451404029,1.0,0.8982635868689798,0.10173641313102026
3158,YPL137C YMR218C,0.0,NA,5.775173690381052e-07,2850,27882,3159,0,0.17730370894927858,0.09273721202655213,1.0,0.8982313714120035,0.10176862858799653
3159,YOL080C YNL292W,0.0,NA,5.793432933387521e-07,2850,27881,3160,0,0.17733321530789886,0.0927402297354463,1.0,0.8981991559550272,0.10180084404497278
3160,YDL082W YPL119C,0.0,NA,5.809106369270012e-07,2850,27880,3161,0,0.17736272166651915,0.09274324764074195,1.0,0.898166940498051,0.10183305950194904
3161,YIR005W YEL040W,0.0,NA,5.821384547743946e-07,2850,27879,3162,0,0.17739222802513943,0.09274626574245827,1.0,0.8981347250410747,0.10186527495892529
3162,YOR381W YPR191W,0.0,NA,5.856164193573932e-07,2850,27878,3163,0,0.1774217343837597,0.09274928404061443,1.0,0.8981025095840984,0.10189749041590154
3163,YJL136C YDR473C,0.0,NA,5.857191922586935e-07,2850,27877,3164,0,0.17745124074237997,0.0927523025352296,1.0,0.8980702941271222,0.10192970587287781
3164,YHR172W YPL093W,0.0,NA,5.857677933818195e-07,2850,27876,3165,0,0.17748074710100026,0.09275532122632299,1.0,0.898038078670146,0.10196192132985406
3165,YJR094W-A YKR037C,0.0,NA,5.859656084794551e-07,2850,27875,3166,0,0.17751025345962054,0.09275834011391375,1.0,0.8980058632131697,0.10199413678683032
3166,YJL020C YKL043W,0.0,NA,5.866331775905564e-07,2850,27874,3167,0,0.17753975981824083,0.09276135919802109,1.0,0.8979736477561934,0.10202635224380657
3167,YML088W YDL085W,0.0,NA,5.905692432861542e-07,2850,27873,3168,0,0.1775692661768611,0.09276437847866419,1.0,0.8979414322992172,0.10205856770078284
3168,YER082C YOL138C,0.0,NA,5.906042019887536e-07,2850,27872,3169,0,0.1775987725354814,0.09276739795586225,1.0,0.8979092168422409,0.10209078315775909
3169,YIL047C YMR299C,0.0,NA,5.915748602092208e-07,2850,27871,3170,0,0.17762827889410168,0.09277041762963445,1.0,0.8978770013852646,0.10212299861473535
3170,YNL041C YOR383C,0.0,NA,5.943446126366325e-07,2850,27870,3171,0,0.17765778525272197,0.0927734375,1.0,0.8978447859282884,0.1021552140717116
3171,YCR083W YDL058W,0.0,NA,5.952771857664629e-07,2850,27869,3172,0,0.17768729161134225,0.0927764575669781,1.0,0.8978125704713121,0.10218742952868787
3172,YJL083W YDR255C,0.0,NA,5.953390882496024e-07,2850,27868,3173,0,0.17771679796996254,0.09277947783058793,1.0,0.8977803550143358,0.10221964498566412
3173,YDR447C YOL039W,0.0,NA,5.993244371893525e-07,2850,27867,3174,0,0.17774630432858282,0.09278249829084871,1.0,0.8977481395573597,0.10225186044264038
3174,YNL316C YDR035W,0.0,NA,6.000043981657655e-07,2850,27866,3175,0,0.17777581068720308,0.09278551894777966,1.0,0.8977159241003834,0.10228407589961663
3175,YHR166C YHR004C,0.0,NA,6.001102406116843e-07,2850,27865,3176,0,0.17780531704582336,0.09278853980139996,1.0,0.8976837086434071,0.1023162913565929
3176,YLR146C YPL167C,0.0,NA,6.006049488860299e-07,2850,27864,3177,0,0.17783482340444365,0.09279156085172885,1.0,0.8976514931864309,0.10234850681356915
3177,YBR161W YMR131C,0.0,NA,6.010387210153567e-07,2850,27863,3178,0,0.17786432976306393,0.09279458209878554,1.0,0.8976192777294546,0.10238072227054541
3178,YDR058C YHR004C,0.0,NA,6.061445105842722e-07,2850,27862,3179,0,0.17789383612168422,0.09279760354258922,1.0,0.8975870622724783,0.10241293772752166
3179,YGL133W YDR501W,0.0,NA,6.072993983252672e-07,2850,27861,3180,0,0.1779233424803045,0.09280062518315912,1.0,0.8975548468155021,0.10244515318449793
3180,YLL040C YJL156C,0.0,NA,6.081699552851205e-07,2850,27860,3181,0,0.1779528488389248,0.0928036470205145,1.0,0.8975226313585258,0.10247736864147418
3181,YLR360W YPL249C,0.0,NA,6.08741515861766e-07,2850,27859,3182,0,0.17798235519754507,0.09280666905467452,1.0,0.8974904159015495,0.10250958409845044
3182,YMR165C YHR036W,0.0,NA,6.100939344833023e-07,2850,27858,3183,0,0.17801186155616536,0.09280969128565845,1.0,0.8974582004445733,0.1025417995554267
3183,YER179W YER052C,0.0,NA,6.102644078964659e-07,2850,27857,3184,0,0.17804136791478564,0.09281271371348553,1.0,0.8974259849875971,0.10257401501240294
3184,YLR308W YDL222C,0.0,NA,6.109520995778439e-07,2850,27856,3185,0,0.17807087427340593,0.09281573633817496,1.0,0.8973937695306208,0.10260623046937921
3185,YNL149C YLR304C,0.0,NA,6.117531938798493e-07,2850,27855,3186,0,0.1781003806320262,0.09281875915974597,1.0,0.8973615540736445,0.10263844592635546
3186,YLR245C YGL009C,0.0,NA,6.129176881586318e-07,2850,27854,3187,0,0.1781298869906465,0.09282178217821782,1.0,0.8973293386166683,0.10267066138333172
3187,YLR286C YOR173W,0.0,NA,6.156428753456566e-07,2850,27853,3188,0,0.17815939334926675,0.09282480539360974,1.0,0.897297123159692,0.10270287684030797
3188,YLR216C YGL077C,0.0,NA,6.160105385788484e-07,2850,27852,3189,0,0.17818889970788704,0.09282782880594098,1.0,0.8972649077027157,0.10273509229728424
3189,YOL091W YLR238W,0.0,NA,6.165606691865833e-07,2850,27851,3190,0,0.17821840606650732,0.09283085241523077,1.0,0.8972326922457395,0.10276730775426049
3190,YDL174C YOL040C,0.0,NA,6.170030246721581e-07,2850,27850,3191,0,0.1782479124251276,0.09283387622149837,1.0,0.8972004767887632,0.10279952321123675
3191,YIL079C YKR103W,0.0,NA,6.197209927449876e-07,2850,27849,3192,0,0.1782774187837479,0.09283690022476303,1.0,0.897168261331787,0.102831738668213
3192,YGL206C YER006W,0.0,NA,6.197422521836415e-07,2850,27848,3193,0,0.17830692514236818,0.09283992442504398,1.0,0.8971360458748108,0.10286395412518927
3193,YDL149W YGL169W,0.0,NA,6.20280331986578e-07,2850,27847,3194,0,0.17833643150098846,0.0928429488223605,1.0,0.8971038304178345,0.10289616958216552
3194,YPR190C YDR078C,0.0,NA,6.221833359632001e-07,2850,27846,3195,0,0.17836593785960875,0.09284597341673183,1.0,0.8970716149608582,0.10292838503914178
3195,YLR319C YKL093W,0.0,NA,6.23765458840353e-07,2850,27845,3196,0,0.17839544421822903,0.09284899820817723,1.0,0.897039399503882,0.10296060049611803
3196,YDL247W YKL206C,0.0,NA,6.264110652409727e-07,2850,27844,3197,0,0.17842495057684932,0.09285202319671597,1.0,0.8970071840469057,0.1029928159530943
3197,YLR276C YDL103C,0.0,NA,6.271683901104552e-07,2850,27843,3198,0,0.1784544569354696,0.09285504838236731,1.0,0.8969749685899294,0.10302503141007055
3198,YPR049C YCR067C,0.0,NA,6.282830895543157e-07,2850,27842,3199,0,0.1784839632940899,0.09285807376515053,1.0,0.8969427531329532,0.10305724686704681
3199,YMR073C YNL067W,0.0,NA,6.28480222530925e-07,2850,27841,3200,0,0.17851346965271017,0.09286109934508488,1.0,0.896910537675977,0.10308946232402307
3200,YLR276C YGR229C,0.0,NA,6.287224323386909e-07,2850,27840,3201,0,0.17854297601133043,0.09286412512218964,1.0,0.8968783222190007,0.10312167778099933
3201,YPR009W YOR371C,0.0,NA,6.314065217338793e-07,2850,27839,3202,0,0.1785724823699507,0.09286715109648408,1.0,0.8968461067620244,0.10315389323797558
3202,YPL267W YMR229C,0.0,NA,6.315372047538403e-07,2850,27838,3203,0,0.178601988728571,0.09287017726798749,1.0,0.8968138913050482,0.10318610869495184
3203,YOR320C YBL084C,0.0,NA,6.323031698229897e-07,2850,27837,3204,0,0.17863149508719128,0.09287320363671914,1.0,0.8967816758480719,0.1032183241519281
3204,YCR035C YBR280C,0.0,NA,6.333937676572532e-07,2850,27836,3205,0,0.17866100144581157,0.09287623020269829,1.0,0.8967494603910956,0.10325053960890435
3205,YGR229C YNL318C,0.0,NA,6.335181979011395e-07,2850,27835,3206,0,0.17869050780443185,0.09287925696594428,1.0,0.8967172449341194,0.10328275506588061
3206,YLR333C YEL069C,0.0,NA,6.337188551697182e-07,2850,27834,3207,0,0.17872001416305214,0.09288228392647634,1.0,0.8966850294771431,0.10331497052285686
3207,YBR085W YNR054C,0.0,NA,6.354611628012208e-07,2850,27833,3208,0,0.17874952052167242,0.09288531108431379,1.0,0.8966528140201668,0.10334718597983313
3208,YNL297C YGL003C,0.0,NA,6.357636266329791e-07,2850,27832,3209,0,0.1787790268802927,0.09288833843947591,1.0,0.8966205985631907,0.10337940143680938
3209,YIL120W YNL327W,0.0,NA,6.358582140819635e-07,2850,27831,3210,0,0.178808533238913,0.09289136599198201,1.0,0.8965883831062144,0.10341161689378564
3210,YOR267C YMR175W,0.0,NA,6.373122118930041e-07,2850,27830,3211,0,0.17883803959753328,0.09289439374185136,1.0,0.8965561676492381,0.10344383235076189
3211,YLR185W YDR255C,0.0,NA,6.376520786943729e-07,2850,27829,3212,0,0.17886754595615356,0.0928974216891033,1.0,0.8965239521922619,0.10347604780773816
3212,YHR143W-A YOR353C,0.0,NA,6.38650135442731e-07,2850,27828,3213,0,0.17889705231477385,0.09290044983375709,1.0,0.8964917367352856,0.1035082632647144
3213,YNL189W YMR136W,0.0,NA,6.388609108398668e-07,2850,27827,3214,0,0.1789265586733941,0.09290347817583205,1.0,0.8964595212783093,0.10354047872169067
3214,YNL192W YOR027W,0.0,NA,6.406094712474442e-07,2850,27826,3215,0,0.1789560650320144,0.0929065067153475,1.0,0.8964273058213331,0.10357269417866692
3215,YOR016C YMR009W,0.0,NA,6.415240818569146e-07,2850,27825,3216,0,0.17898557139063467,0.09290953545232274,1.0,0.8963950903643568,0.10360490963564319
3216,YFR046C YPL227C,0.0,NA,6.424374987545889e-07,2850,27824,3217,0,0.17901507774925496,0.09291256438677707,1.0,0.8963628749073805,0.10363712509261944
3217,YML102W YGL203C,0.0,NA,6.430419148273359e-07,2850,27823,3218,0,0.17904458410787524,0.09291559351872983,1.0,0.8963306594504044,0.1036693405495957
3218,YPR201W YEL041W,0.0,NA,6.431191650335677e-07,2850,27822,3219,0,0.17907409046649553,0.09291862284820031,1.0,0.8962984439934281,0.10370155600657195
3219,YEL019C YNL067W,0.0,NA,6.433019734686241e-07,2850,27821,3220,0,0.1791035968251158,0.09292165237520784,1.0,0.8962662285364518,0.10373377146354822
3220,YMR172W YPL226W,0.0,NA,6.443396500799281e-07,2850,27820,3221,0,0.1791331031837361,0.09292468209977177,1.0,0.8962340130794755,0.10376598692052447
3221,YOR046C YPL024W,0.0,NA,6.443985967052868e-07,2850,27819,3222,0,0.17916260954235638,0.09292771202191137,1.0,0.8962017976224993,0.10379820237750073
3222,YDR450W YPL249C-A,0.0,NA,6.453734044953308e-07,2850,27818,3223,0,0.17919211590097667,0.09293074214164601,1.0,0.896169582165523,0.10383041783447698
3223,YDL140C YGL163C,0.0,NA,6.464046009568847e-07,2850,27817,3224,0,0.17922162225959695,0.092933772458995,1.0,0.8961373667085467,0.10386263329145323
3224,YJL100W YJL122W,0.0,NA,6.470515927503584e-07,2850,27816,3225,0,0.17925112861821724,0.09293680297397769,1.0,0.8961051512515705,0.1038948487484295
3225,YKR039W YLR196W,0.0,NA,6.474854785665229e-07,2850,27815,3226,0,0.17928063497683752,0.0929398336866134,1.0,0.8960729357945942,0.10392706420540575
3226,YAL033W YPR031W,0.0,NA,6.487618406936235e-07,2850,27814,3227,0,0.17931014133545778,0.09294286459692147,1.0,0.896040720337618,0.10395927966238201
3227,YMR053C YHR015W,0.0,NA,6.487730388471391e-07,2850,27813,3228,0,0.17933964769407806,0.09294589570492125,1.0,0.8960085048806418,0.10399149511935826
3228,YLR234W YCR057C,0.0,NA,6.495345132861985e-07,2850,27812,3229,0,0.17936915405269835,0.09294892701063205,1.0,0.8959762894236655,0.10402371057633453
3229,YER162C YLR019W,0.0,NA,6.515533073070401e-07,2850,27811,3230,0,0.17939866041131863,0.09295195851407326,1.0,0.8959440739666892,0.10405592603331078
3230,YDR500C YGL163C,0.0,NA,6.515812742691196e-07,2850,27810,3231,0,0.17942816676993892,0.09295499021526418,1.0,0.895911858509713,0.10408814149028704
3231,YKR037C YOR133W,0.0,NA,6.516247026411293e-07,2850,27809,3232,0,0.1794576731285592,0.09295802211422421,1.0,0.8958796430527367,0.10412035694726329
3232,YLR449W YOR290C,0.0,NA,6.525949061142455e-07,2850,27808,3233,0,0.1794871794871795,0.09296105421097267,1.0,0.8958474275957604,0.10415257240423956
3233,YBR101C YDL081C,0.0,NA,6.526907441184449e-07,2850,27807,3234,0,0.17951668584579977,0.09296408650552891,1.0,0.8958152121387842,0.10418478786121581
3234,YEL041W YEL044W,0.0,NA,6.545739097418846e-07,2850,27806,3235,0,0.17954619220442006,0.09296711899791232,1.0,0.8957829966818079,0.10421700331819207
3235,YGL223C YJL190C,0.0,NA,6.58139299503091e-07,2850,27805,3236,0,0.17957569856304034,0.09297015168814222,1.0,0.8957507812248316,0.10424921877516832
3236,YPL145C YMR251W,0.0,NA,6.587496272913995e-07,2850,27804,3237,0,0.17960520492166063,0.09297318457623802,1.0,0.8957185657678555,0.10428143423214459
3237,YPR143W YML098W,0.0,NA,6.609596994167077e-07,2850,27803,3238,0,0.1796347112802809,0.09297621766221903,1.0,0.8956863503108792,0.10431364968912084
3238,YAL007C YMR143W,0.0,NA,6.620182375627337e-07,2850,27802,3239,0,0.1796642176389012,0.09297925094610465,1.0,0.8956541348539029,0.1043458651460971
3239,YLR223C YNL298W,0.0,NA,6.62246804949973e-07,2850,27801,3240,0,0.17969372399752145,0.09298228442791426,1.0,0.8956219193969266,0.10437808060307335
3240,YLR398C YDR229W,0.0,NA,6.641075174229627e-07,2850,27800,3241,0,0.17972323035614174,0.0929853181076672,1.0,0.8955897039399504,0.10441029606004962
3241,YMR197C YDL148C,0.0,NA,6.641822665187647e-07,2850,27799,3242,0,0.17975273671476202,0.09298835198538288,1.0,0.8955574884829741,0.10444251151702587
3242,YKL085W YBL034C,0.0,NA,6.653436912529287e-07,2850,27798,3243,0,0.1797822430733823,0.09299138606108066,1.0,0.8955252730259978,0.10447472697400213
3243,YDR315C YDL230W,0.0,NA,6.653493755948148e-07,2850,27797,3244,0,0.1798117494320026,0.0929944203347799,1.0,0.8954930575690216,0.10450694243097838
3244,YMR290C YNL277W,0.0,NA,6.664404281764291e-07,2850,27796,3245,0,0.17984125579062288,0.09299745480650003,1.0,0.8954608421120454,0.10453915788795463
3245,YGR138C YBL091C,0.0,NA,6.667487468803301e-07,2850,27795,3246,0,0.17987076214924316,0.0930004894762604,1.0,0.8954286266550691,0.1045713733449309
3246,YBR298C YDL188C,0.0,NA,6.673091661468789e-07,2850,27794,3247,0,0.17990026850786345,0.09300352434408041,1.0,0.8953964111980929,0.10460358880190715
3247,YPL038W YBR050C,0.0,NA,6.691630574096052e-07,2850,27793,3248,0,0.17992977486648373,0.09300655940997944,1.0,0.8953641957411166,0.10463580425888341
3248,YLR058C YJR132W,0.0,NA,6.700001335957495e-07,2850,27792,3249,0,0.17995928122510402,0.09300959467397689,1.0,0.8953319802841403,0.10466801971585966
3249,YLR362W YEL044W,0.0,NA,6.709848889840941e-07,2850,27791,3250,0,0.1799887875837243,0.09301263013609216,1.0,0.8952997648271641,0.10470023517283593
3250,YDR285W YPR160W,0.0,NA,6.774222924832429e-07,2850,27790,3251,0,0.1800182939423446,0.09301566579634465,1.0,0.8952675493701878,0.10473245062981218
3251,YMR272C YLL012W,0.0,NA,6.783240564800508e-07,2850,27789,3252,0,0.18004780030096484,0.09301870165475375,1.0,0.8952353339132115,0.10476466608678844
3252,YDR302W YER179W,0.0,NA,6.78517551477853e-07,2850,27788,3253,0,0.18007730665958513,0.09302173771133886,1.0,0.8952031184562353,0.1047968815437647
3253,YNL197C YDR498C,0.0,NA,6.787033157706901e-07,2850,27787,3254,0,0.18010681301820541,0.0930247739661194,1.0,0.895170902999259,0.10482909700074096
3254,YAR050W YNL294C,0.0,NA,6.792647013753594e-07,2850,27786,3255,0,0.1801363193768257,0.09302781041911477,1.0,0.8951386875422828,0.10486131245771721
3255,YDL060W YJR075W,0.0,NA,6.798751428505057e-07,2850,27785,3256,0,0.18016582573544598,0.09303084707034438,1.0,0.8951064720853066,0.10489352791469347
3256,YHR154W YHL002W,0.0,NA,6.808335228924989e-07,2850,27784,3257,0,0.18019533209406627,0.09303388391982764,1.0,0.8950742566283303,0.10492574337166972
3257,YKR014C YKL092C,0.0,NA,6.825263767495926e-07,2850,27783,3258,0,0.18022483845268655,0.09303692096758398,1.0,0.895042041171354,0.10495795882864599
3258,YKL093W YPR191W,0.0,NA,6.859096970401879e-07,2850,27782,3259,0,0.18025434481130684,0.0930399582136328,1.0,0.8950098257143777,0.10499017428562224
3259,YNL186W YIR001C,0.0,NA,6.86085684264981e-07,2850,27781,3260,0,0.18028385116992712,0.09304299565799354,1.0,0.8949776102574015,0.1050223897425985
3260,YOR202W YPL046C,0.0,NA,6.861222914267273e-07,2850,27780,3261,0,0.1803133575285474,0.0930460333006856,1.0,0.8949453948004252,0.10505460519957475
3261,YLR205C YGR013W,0.0,NA,6.866512194392271e-07,2850,27779,3262,0,0.1803428638871677,0.09304907114172843,1.0,0.8949131793434489,0.10508682065655102
3262,YLR303W YKR046C,0.0,NA,6.871438245070749e-07,2850,27778,3263,0,0.18037237024578798,0.09305210918114144,1.0,0.8948809638864728,0.10511903611352727
3263,YCL033C YFR032C-A,0.0,NA,6.887466383886931e-07,2850,27777,3264,0,0.18040187660440826,0.09305514741894406,1.0,0.8948487484294965,0.10515125157050353
3264,YML071C YLR258W,0.0,NA,6.887965469104529e-07,2850,27776,3265,0,0.18043138296302852,0.09305818585515575,1.0,0.8948165329725202,0.10518346702747979
3265,YDR517W YLR068W,0.0,NA,6.891855264257174e-07,2850,27775,3266,0,0.1804608893216488,0.09306122448979592,1.0,0.894784317515544,0.10521568248445604
3266,YDR253C YDR394W,0.0,NA,6.904743372615485e-07,2850,27774,3267,0,0.1804903956802691,0.09306426332288402,1.0,0.8947521020585677,0.1052478979414323
3267,YMR093W YML051W,0.0,NA,6.90629747168714e-07,2850,27773,3268,0,0.18051990203888937,0.09306730235443947,1.0,0.8947198866015914,0.10528011339840855
3268,YLR306W YGL169W,0.0,NA,6.912840149198018e-07,2850,27772,3269,0,0.18054940839750966,0.09307034158448174,1.0,0.8946876711446152,0.10531232885538482
3269,YPL005W YGL205W,0.0,NA,6.914456207596231e-07,2850,27771,3270,0,0.18057891475612994,0.09307338101303027,1.0,0.8946554556876389,0.10534454431236107
3270,YDR173C YIL149C,0.0,NA,6.923945079506666e-07,2850,27770,3271,0,0.18060842111475023,0.0930764206401045,1.0,0.8946232402306626,0.10537675976933733
3271,YGL089C YNL263C,0.0,NA,6.936118666089897e-07,2850,27769,3272,0,0.1806379274733705,0.09307946046572389,1.0,0.8945910247736865,0.10540897522631358
3272,YDR254W YBR191W,0.0,NA,6.942544246157922e-07,2850,27768,3273,0,0.1806674338319908,0.09308250048990789,1.0,0.8945588093167102,0.10544119068328985
3273,YDL060W YGR129W,0.0,NA,6.957106393201684e-07,2850,27767,3274,0,0.18069694019061108,0.09308554071267597,1.0,0.8945265938597339,0.1054734061402661
3274,YKL122C YOL041C,0.0,NA,6.976586632845283e-07,2850,27766,3275,0,0.18072644654923137,0.09308858113404755,1.0,0.8944943784027577,0.10550562159724236
3275,YHR139C YOR073W,0.0,NA,6.979049089750333e-07,2850,27765,3276,0,0.18075595290785165,0.09309162175404213,1.0,0.8944621629457814,0.10553783705421861
3276,YLR276C YGR198W,0.0,NA,6.992579528741771e-07,2850,27764,3277,0,0.18078545926647194,0.09309466257267916,1.0,0.8944299474888051,0.10557005251119488
3277,YLR145W YGR129W,0.0,NA,7.003364430602232e-07,2850,27763,3278,0,0.1808149656250922,0.09309770358997811,1.0,0.8943977320318288,0.10560226796817113
3278,YGR177C YAL058W,0.0,NA,7.011537377366039e-07,2850,27762,3279,0,0.18084447198371248,0.09310074480595845,1.0,0.8943655165748526,0.10563448342514739
3279,YNL107W YLR459W,0.0,NA,7.022458703431766e-07,2850,27761,3280,0,0.18087397834233276,0.09310378622063964,1.0,0.8943333011178763,0.10566669888212364
3280,YPL160W YPL256C,0.0,NA,7.04027513620531e-07,2850,27760,3281,0,0.18090348470095305,0.09310682783404116,1.0,0.8943010856609,0.1056989143390999
3281,YER009W YHL002W,0.0,NA,7.041987828415586e-07,2850,27759,3282,0,0.18093299105957333,0.0931098696461825,1.0,0.8942688702039239,0.10573112979607616
3282,YML015C YML100W,0.0,NA,7.069967864481441e-07,2850,27758,3283,0,0.18096249741819362,0.09311291165708312,1.0,0.8942366547469476,0.10576334525305242
3283,YDR409W YPL024W,0.0,NA,7.070378842399805e-07,2850,27757,3284,0,0.1809920037768139,0.09311595386676251,1.0,0.8942044392899713,0.10579556071002867
3284,YPL005W YKL144C,0.0,NA,7.073852543726389e-07,2850,27756,3285,0,0.1810215101354342,0.09311899627524015,1.0,0.8941722238329951,0.10582777616700492
3285,YBR015C YOR002W,0.0,NA,7.084512390065356e-07,2850,27755,3286,0,0.18105101649405447,0.09312203888253553,1.0,0.8941400083760188,0.10585999162398119
3286,YLL061W YDR153C,0.0,NA,7.089723226272326e-07,2850,27754,3287,0,0.18108052285267476,0.09312508168866815,1.0,0.8941077929190425,0.10589220708095744
3287,YGL120C YNL101W,0.0,NA,7.10480321686191e-07,2850,27753,3288,0,0.18111002921129504,0.09312812469365749,1.0,0.8940755774620663,0.1059244225379337
3288,YDR459C YDR402C,0.0,NA,7.107073543011211e-07,2850,27752,3289,0,0.18113953556991533,0.09313116789752304,1.0,0.89404336200509,0.10595663799490995
3289,YHL030W YIL145C,0.0,NA,7.10796825842408e-07,2850,27751,3290,0,0.1811690419285356,0.0931342113002843,1.0,0.8940111465481138,0.10598885345188622
3290,YNL074C YBR216C,0.0,NA,7.109229045454413e-07,2850,27750,3291,0,0.18119854828715587,0.09313725490196079,1.0,0.8939789310911376,0.10602106890886247
3291,YOR310C YCR036W,0.0,NA,7.147141332097817e-07,2850,27749,3292,0,0.18122805464577615,0.09314029870257198,1.0,0.8939467156341613,0.10605328436583873
3292,YGR221C YDL175C,0.0,NA,7.150482019824267e-07,2850,27748,3293,0,0.18125756100439644,0.0931433427021374,1.0,0.893914500177185,0.10608549982281498
3293,YDL113C YOR095C,0.0,NA,7.162042834352178e-07,2850,27747,3294,0,0.18128706736301672,0.09314638690067653,1.0,0.8938822847202088,0.10611771527979125
3294,YNL292W YPR120C,0.0,NA,7.187825872279063e-07,2850,27746,3295,0,0.181316573721637,0.09314943129820892,1.0,0.8938500692632325,0.1061499307367675
3295,YBR035C YHR160C,0.0,NA,7.203375957942626e-07,2850,27745,3296,0,0.1813460800802573,0.09315247589475405,1.0,0.8938178538062562,0.10618214619374376
3296,YEL017C-A YBR066C,0.0,NA,7.207540306808369e-07,2850,27744,3297,0,0.18137558643887758,0.09315552069033144,1.0,0.8937856383492799,0.10621436165072001
3297,YNR074C YDL222C,0.0,NA,7.210702506199596e-07,2850,27743,3298,0,0.18140509279749786,0.09315856568496061,1.0,0.8937534228923038,0.10624657710769628
3298,YOR069W YPL119C,0.0,NA,7.239524961732968e-07,2850,27742,3299,0,0.18143459915611815,0.0931616108786611,1.0,0.8937212074353275,0.10627879256467253
3299,YLR313C YLR381W,0.0,NA,7.261728569574188e-07,2850,27741,3300,0,0.18146410551473843,0.09316465627145239,1.0,0.8936889919783512,0.10631100802164879
3300,YOR202W YMR179W,0.0,NA,7.26179735011101e-07,2850,27740,3301,0,0.18149361187335872,0.09316770186335403,1.0,0.893656776521375,0.10634322347862504
3301,YNL117W YDR400W,0.0,NA,7.262961503329279e-07,2850,27739,3302,0,0.181523118231979,0.09317074765438556,1.0,0.8936245610643987,0.10637543893560131
3302,YIR030C YBR128C,0.0,NA,7.302967333089327e-07,2850,27738,3303,0,0.1815526245905993,0.0931737936445665,1.0,0.8935923456074224,0.10640765439257756
3303,YKL172W YOL104C,0.0,NA,7.313589662771847e-07,2850,27737,3304,0,0.18158213094921954,0.09317683983391636,1.0,0.8935601301504462,0.10643986984955382
3304,YDR122W YDR246W,0.0,NA,7.318829489122436e-07,2850,27736,3305,0,0.18161163730783983,0.09317988622245472,1.0,0.8935279146934699,0.10647208530653007
3305,YDL215C YBL101C,0.0,NA,7.353664273068716e-07,2850,27735,3306,0,0.18164114366646011,0.09318293281020108,1.0,0.8934956992364936,0.10650430076350632
3306,YOR236W YML042W,0.0,NA,7.354421427407942e-07,2850,27734,3307,0,0.1816706500250804,0.09318597959717499,1.0,0.8934634837795175,0.10653651622048259
3307,YNL333W YKR101W,0.0,NA,7.366214163084805e-07,2850,27733,3308,0,0.18170015638370068,0.093189026583396,1.0,0.8934312683225412,0.10656873167745884
3308,YNL299W YMR058W,0.0,NA,7.382712965409155e-07,2850,27732,3309,0,0.18172966274232097,0.09319207376888365,1.0,0.8933990528655649,0.1066009471344351
3309,YGR258C YEL060C,0.0,NA,7.389334086838062e-07,2850,27731,3310,0,0.18175916910094125,0.0931951211536575,1.0,0.8933668374085887,0.10663316259141135
3310,YER143W YLR113W,0.0,NA,7.395876764348941e-07,2850,27730,3311,0,0.18178867545956154,0.09319816873773708,1.0,0.8933346219516124,0.10666537804838762
3311,YDR385W YGR288W,0.0,NA,7.397711101475579e-07,2850,27729,3312,0,0.18181818181818182,0.09320121652114197,1.0,0.8933024064946361,0.10669759350536387
3312,YDR227W YPL209C,0.0,NA,7.405108135571936e-07,2850,27728,3313,0,0.1818476881768021,0.09320426450389169,1.0,0.8932701910376599,0.10672980896234013
3313,YCR035C YKR079C,0.0,NA,7.412852482957533e-07,2850,27727,3314,0,0.1818771945354224,0.09320731268600582,1.0,0.8932379755806836,0.10676202441931638
3314,YLL057C YKL196C,0.0,NA,7.418411200887931e-07,2850,27726,3315,0,0.18190670089404268,0.09321036106750392,1.0,0.8932057601237073,0.10679423987629265
3315,YBR024W YOR272W,0.0,NA,7.424702630487445e-07,2850,27725,3316,0,0.18193620725266296,0.09321340964840556,1.0,0.893173544666731,0.1068264553332689
3316,YOL067C YNL255C,0.0,NA,7.426672254950972e-07,2850,27724,3317,0,0.18196571361128322,0.09321645842873029,1.0,0.8931413292097549,0.10685867079024516
3317,YAL017W YBR080C,0.0,NA,7.457139759026177e-07,2850,27723,3318,0,0.1819952199699035,0.09321950740849769,1.0,0.8931091137527786,0.10689088624722141
3318,YOR380W YPR190C,0.0,NA,7.461983955181495e-07,2850,27722,3319,0,0.1820247263285238,0.09322255658772734,1.0,0.8930768982958023,0.10692310170419768
3319,YGL014W YKL015W,0.0,NA,7.471134608749708e-07,2850,27721,3320,0,0.18205423268714407,0.09322560596643878,1.0,0.8930446828388261,0.10695531716117393
3320,YML066C YFL026W,0.0,NA,7.484312618544209e-07,2850,27720,3321,0,0.18208373904576436,0.09322865554465162,1.0,0.8930124673818498,0.1069875326181502
3321,YGR004W YHR028C,0.0,NA,7.488368396479927e-07,2850,27719,3322,0,0.18211324540438464,0.09323170532238542,1.0,0.8929802519248735,0.10701974807512644
3322,YOR136W YBR256C,0.0,NA,7.495770546483982e-07,2850,27718,3323,0,0.18214275176300493,0.09323475529965977,1.0,0.8929480364678973,0.10705196353210271
3323,YJL088W YKL119C,0.0,NA,7.503809911213466e-07,2850,27717,3324,0,0.1821722581216252,0.09323780547649425,1.0,0.892915821010921,0.10708417898907896
3324,YOR322C YPL058C,0.0,NA,7.507317150157178e-07,2850,27716,3325,0,0.1822017644802455,0.09324085585290846,1.0,0.8928836055539447,0.10711639444605522
3325,YHR136C YLL012W,0.0,NA,7.527850129918079e-07,2850,27715,3326,0,0.18223127083886578,0.09324390642892197,1.0,0.8928513900969686,0.10714860990303147
3326,YGR060W YPL212C,0.0,NA,7.547330937995866e-07,2850,27714,3327,0,0.18226077719748607,0.09324695720455438,1.0,0.8928191746399923,0.10718082536000773
3327,YGR116W YDR085C,0.0,NA,7.548417215730296e-07,2850,27713,3328,0,0.18229028355610635,0.09325000817982528,1.0,0.892786959183016,0.10721304081698399
3328,YCR019W YGR085C,0.0,NA,7.594753697048873e-07,2850,27712,3329,0,0.1823197899147266,0.09325305935475427,1.0,0.8927547437260398,0.10724525627396024
3329,YBR152W YKR061W,0.0,NA,7.598839601996588e-07,2850,27711,3330,0,0.1823492962733469,0.09325611072936095,1.0,0.8927225282690635,0.1072774717309365
3330,YKL218C YGR240C,0.0,NA,7.638830652467732e-07,2850,27710,3331,0,0.18237880263196718,0.09325916230366492,1.0,0.8926903128120872,0.10730968718791276
3331,YLL062C YJL103C,0.0,NA,7.641789352419437e-07,2850,27709,3332,0,0.18240830899058746,0.09326221407768578,1.0,0.892658097355111,0.10734190264488902
3332,YKR099W YPR030W,0.0,NA,7.66795324125269e-07,2850,27708,3333,0,0.18243781534920775,0.09326526605144315,1.0,0.8926258818981347,0.10737411810186527
3333,YBR093C YPR132W,0.0,NA,7.694258670198906e-07,2850,27707,3334,0,0.18246732170782803,0.09326831822495664,1.0,0.8925936664411585,0.10740633355884154
3334,YDL112W YPL269W,0.0,NA,7.729832987024565e-07,2850,27706,3335,0,0.18249682806644832,0.09327137059824585,1.0,0.8925614509841822,0.10743854901581779
3335,YJL164C YGL011C,0.0,NA,7.738654517197574e-07,2850,27705,3336,0,0.1825263344250686,0.09327442317133039,1.0,0.892529235527206,0.10747076447279405
3336,YPR032W YMR143W,0.0,NA,7.759613254165743e-07,2850,27704,3337,0,0.1825558407836889,0.09327747594422989,1.0,0.8924970200702297,0.1075029799297703
3337,YMR014W YPL133C,0.0,NA,7.792970109221642e-07,2850,27703,3338,0,0.18258534714230917,0.09328052891696396,1.0,0.8924648046132534,0.10753519538674657
3338,YOR284W YOR353C,0.0,NA,7.807475981280732e-07,2850,27702,3339,0,0.18261485350092946,0.09328358208955224,1.0,0.8924325891562772,0.10756741084372282
3339,YKL197C YEL036C,0.0,NA,7.812146236574335e-07,2850,27701,3340,0,0.18264435985954974,0.09328663546201434,1.0,0.8924003736993009,0.10759962630069908
3340,YHR191C YHR089C,0.0,NA,7.82280721978168e-07,2850,27700,3341,0,0.18267386621817003,0.09328968903436989,1.0,0.8923681582423246,0.10763184175767533
3341,YMR170C YBR088C,0.0,NA,7.835059250282939e-07,2850,27699,3342,0,0.18270337257679028,0.09329274280663852,1.0,0.8923359427853484,0.1076640572146516
3342,YNL182C YKR086W,0.0,NA,7.835731707928062e-07,2850,27698,3343,0,0.18273287893541057,0.09329579677883985,1.0,0.8923037273283722,0.10769627267162785
3343,YCR093W YPR066W,0.0,NA,7.838183933017717e-07,2850,27697,3344,0,0.18276238529403085,0.09329885095099355,1.0,0.8922715118713959,0.10772848812860411
3344,YJR017C YGL192W,0.0,NA,7.856481829549011e-07,2850,27696,3345,0,0.18279189165265114,0.09330190532311923,1.0,0.8922392964144197,0.10776070358558036
3345,YOR208W YNL002C,0.0,NA,7.914189836810692e-07,2850,27695,3346,0,0.18282139801127142,0.09330495989523653,1.0,0.8922070809574434,0.10779291904255661
3346,YLR383W YDL232W,0.0,NA,7.925103773231967e-07,2850,27694,3347,0,0.1828509043698917,0.09330801466736512,1.0,0.8921748655004671,0.10782513449953288
3347,YBR238C YER082C,0.0,NA,7.933171559670882e-07,2850,27693,3348,0,0.182880410728512,0.09331106963952461,1.0,0.8921426500434909,0.10785734995650913
3348,YJR016C YER104W,0.0,NA,7.957532943692058e-07,2850,27692,3349,0,0.18290991708713228,0.09331412481173466,1.0,0.8921104345865146,0.10788956541348539
3349,YCL031C YDL103C,0.0,NA,7.987146091181785e-07,2850,27691,3350,0,0.18293942344575256,0.09331718018401493,1.0,0.8920782191295383,0.10792178087046164
3350,YJL012C YOR244W,0.0,NA,7.9917259654394e-07,2850,27690,3351,0,0.18296892980437285,0.09332023575638507,1.0,0.8920460036725621,0.1079539963274379
3351,YMR104C YJL176C,0.0,NA,7.992061341610679e-07,2850,27689,3352,0,0.18299843616299313,0.09332329152886473,1.0,0.8920137882155859,0.10798621178441416
3352,YPL095C YKL103C,0.0,NA,8.015869070732151e-07,2850,27688,3353,0,0.18302794252161342,0.09332634750147357,1.0,0.8919815727586096,0.10801842724139042
3353,YDR123C YOR096W,0.0,NA,8.022308293220703e-07,2850,27687,3354,0,0.1830574488802337,0.09332940367423126,1.0,0.8919493573016333,0.10805064269836667
3354,YJL034W YHR166C,0.0,NA,8.071514230323373e-07,2850,27686,3355,0,0.18308695523885396,0.09333246004715745,1.0,0.8919171418446571,0.10808285815534294
3355,YJR059W YNL012W,0.0,NA,8.073693607002497e-07,2850,27685,3356,0,0.18311646159747424,0.09333551662027181,1.0,0.8918849263876808,0.10811507361231919
3356,YFR010W YPL223C,0.0,NA,8.077721531662974e-07,2850,27684,3357,0,0.18314596795609453,0.09333857339359403,1.0,0.8918527109307045,0.10814728906929545
3357,YPL058C YDR113C,0.0,NA,8.092463872344524e-07,2850,27683,3358,0,0.18317547431471481,0.09334163036714374,1.0,0.8918204954737283,0.1081795045262717
3358,YDR103W YMR255W,0.0,NA,8.103128266157e-07,2850,27682,3359,0,0.1832049806733351,0.09334468754094065,1.0,0.891788280016752,0.10821171998324797
3359,YLR058C YHR136C,0.0,NA,8.14749910205137e-07,2850,27681,3360,0,0.18323448703195538,0.09334774491500442,1.0,0.8917560645597757,0.10824393544022422
3360,YDR300C YOR191W,0.0,NA,8.161823643604293e-07,2850,27680,3361,0,0.18326399339057567,0.09335080248935473,1.0,0.8917238491027996,0.10827615089720048
3361,YER100W YBL004W,0.0,NA,8.168396448127169e-07,2850,27679,3362,0,0.18329349974919595,0.09335386026401127,1.0,0.8916916336458233,0.10830836635417673
3362,YPL192C YNR049C,0.0,NA,8.17162231214752e-07,2850,27678,3363,0,0.18332300610781624,0.09335691823899371,1.0,0.891659418188847,0.108340581811153
3363,YOR046C YGR161C,0.0,NA,8.175643984031922e-07,2850,27677,3364,0,0.18335251246643652,0.09335997641432175,1.0,0.8916272027318708,0.10837279726812925
3364,YDL193W YOR210W,0.0,NA,8.18204796360078e-07,2850,27676,3365,0,0.1833820188250568,0.09336303479001506,1.0,0.8915949872748945,0.10840501272510551
3365,YFR001W YHR178W,0.0,NA,8.205865356103459e-07,2850,27675,3366,0,0.1834115251836771,0.09336609336609336,1.0,0.8915627718179182,0.10843722818208176
3366,YBL087C YHR169W,0.0,NA,8.216986202569387e-07,2850,27674,3367,0,0.18344103154229738,0.09336915214257634,1.0,0.891530556360942,0.10846944363905801
3367,YDR499W YMR125W,0.0,NA,8.220693530347489e-07,2850,27673,3368,0,0.18347053790091764,0.09337221111948367,1.0,0.8914983409039657,0.10850165909603428
3368,YOR380W YGR010W,0.0,NA,8.232493087234616e-07,2850,27672,3369,0,0.18350004425953792,0.09337527029683507,1.0,0.8914661254469894,0.10853387455301053
3369,YKL025C YDR216W,0.0,NA,8.250939913523325e-07,2850,27671,3370,0,0.1835295506181582,0.09337832967465023,1.0,0.8914339099900133,0.1085660900099868
3370,YBR213W YJL035C,0.0,NA,8.265470228252525e-07,2850,27670,3371,0,0.1835590569767785,0.09338138925294888,1.0,0.891401694533037,0.10859830546696304
3371,YGL156W YDL095W,0.0,NA,8.307766279358475e-07,2850,27669,3372,0,0.18358856333539877,0.09338444903175071,1.0,0.8913694790760607,0.10863052092393931
3372,YOR284W YPL160W,0.0,NA,8.338118391293392e-07,2850,27668,3373,0,0.18361806969401906,0.09338750901107543,1.0,0.8913372636190844,0.10866273638091556
3373,YGL171W YJL042W,0.0,NA,8.342747719325416e-07,2850,27667,3374,0,0.18364757605263934,0.09339056919094275,1.0,0.8913050481621082,0.10869495183789182
3374,YDL049C YMR119W,0.0,NA,8.343615149897232e-07,2850,27666,3375,0,0.18367708241125963,0.0933936295713724,1.0,0.8912728327051319,0.10872716729486807
3375,YDR021W YNL015W,0.0,NA,8.351353244506754e-07,2850,27665,3376,0,0.1837065887698799,0.09339669015238407,1.0,0.8912406172481556,0.10875938275184434
3376,YLR025W YGR145W,0.0,NA,8.358181275980314e-07,2850,27664,3377,0,0.1837360951285002,0.09339975093399751,1.0,0.8912084017911794,0.10879159820882059
3377,YCR044C YBR280C,0.0,NA,8.36724098007835e-07,2850,27663,3378,0,0.18376560148712048,0.09340281191623243,1.0,0.8911761863342031,0.10882381366579685
3378,YDL087C YNL202W,0.0,NA,8.371119974981411e-07,2850,27662,3379,0,0.18379510784574077,0.09340587309910854,1.0,0.8911439708772269,0.1088560291227731
3379,YGR007W YER162C,0.0,NA,8.402609523727733e-07,2850,27661,3380,0,0.18382461420436105,0.0934089344826456,1.0,0.8911117554202507,0.10888824457974937
3380,YJL059W YJL125C,0.0,NA,8.411902285843098e-07,2850,27660,3381,0,0.1838541205629813,0.09341199606686332,1.0,0.8910795399632744,0.10892046003672562
3381,YMR156C YMR065W,0.0,NA,8.413009027208318e-07,2850,27659,3382,0,0.1838836269216016,0.09341505785178145,1.0,0.8910473245062981,0.10895267549370188
3382,YCR035C YGL001C,0.0,NA,8.415375987169682e-07,2850,27658,3383,0,0.18391313328022188,0.0934181198374197,1.0,0.8910151090493219,0.10898489095067813
3383,YOR284W YHR098C,0.0,NA,8.419173127549584e-07,2850,27657,3384,0,0.18394263963884216,0.09342118202379782,1.0,0.8909828935923456,0.1090171064076544
3384,YKL159C YDR122W,0.0,NA,8.433895004600345e-07,2850,27656,3385,0,0.18397214599746245,0.09342424441093555,1.0,0.8909506781353693,0.10904932186463065
3385,YAL012W YHR176W,0.0,NA,8.465904102195054e-07,2850,27655,3386,0,0.18400165235608273,0.09342730699885264,1.0,0.8909184626783931,0.1090815373216069
3386,YHR064C YML128C,0.0,NA,8.465944461022445e-07,2850,27654,3387,0,0.18403115871470302,0.09343036978756884,1.0,0.8908862472214168,0.10911375277858316
3387,YER054C YIL019W,0.0,NA,8.483473834530741e-07,2850,27653,3388,0,0.1840606650733233,0.09343343277710389,1.0,0.8908540317644406,0.10914596823555942
3388,YBR136W YBR015C,0.0,NA,8.511058240401326e-07,2850,27652,3389,0,0.1840901714319436,0.09343649596747754,1.0,0.8908218163074644,0.10917818369253568
3389,YOR133W YHR044C,0.0,NA,8.513648594998813e-07,2850,27651,3390,0,0.18411967779056387,0.09343955935870955,1.0,0.8907896008504881,0.10921039914951193
3390,YLL061W YKL040C,0.0,NA,8.514135174664261e-07,2850,27650,3391,0,0.18414918414918416,0.09344262295081968,1.0,0.8907573853935118,0.1092426146064882
3391,YPR062W YGL209W,0.0,NA,8.525893235855619e-07,2850,27649,3392,0,0.18417869050780444,0.09344568674382767,1.0,0.8907251699365355,0.10927483006346445
3392,YLR147C YPR168W,0.0,NA,8.547727929908433e-07,2850,27648,3393,0,0.18420819686642473,0.0934487507377533,1.0,0.8906929544795593,0.10930704552044071
3393,YCR014C YJR074W,0.0,NA,8.563115443394054e-07,2850,27647,3394,0,0.18423770322504499,0.09345181493261633,1.0,0.890660739022583,0.10933926097741696
3394,YDL098C YMR290C,0.0,NA,8.586962962908729e-07,2850,27646,3395,0,0.18426720958366527,0.09345487932843652,1.0,0.8906285235656067,0.10937147643439322
3395,YIL162W YGL096W,0.0,NA,8.594975042797159e-07,2850,27645,3396,0,0.18429671594228555,0.09345794392523364,1.0,0.8905963081086306,0.10940369189136948
3396,YMR009W YGL169W,0.0,NA,8.608387247477367e-07,2850,27644,3397,0,0.18432622230090584,0.09346100872302748,1.0,0.8905640926516543,0.10943590734834574
3397,YGL089C YDR510W,0.0,NA,8.614251214567048e-07,2850,27643,3398,0,0.18435572865952612,0.09346407372183779,1.0,0.890531877194678,0.10946812280532199
3398,YNL012W YJL095W,0.0,NA,8.628795740150963e-07,2850,27642,3399,0,0.1843852350181464,0.09346713892168437,1.0,0.8904996617377018,0.10950033826229826
3399,YIL047C YMR264W,0.0,NA,8.649079745737254e-07,2850,27641,3400,0,0.1844147413767667,0.09347020432258699,1.0,0.8904674462807255,0.1095325537192745
3400,YGR055W YOL080C,0.0,NA,8.658669230499072e-07,2850,27640,3401,0,0.18444424773538698,0.09347326992456544,1.0,0.8904352308237492,0.10956476917625077
3401,YMR247C YML080W,0.0,NA,8.661907600071572e-07,2850,27639,3402,0,0.18447375409400726,0.09347633572763947,1.0,0.890403015366773,0.10959698463322702
3402,YPL180W YML074C,0.0,NA,8.665980431032949e-07,2850,27638,3403,0,0.18450326045262755,0.09347940173182892,1.0,0.8903707999097967,0.10962920009020329
3403,YGL062W YGR032W,0.0,NA,8.706978746886307e-07,2850,27637,3404,0,0.18453276681124783,0.09348246793715353,1.0,0.8903385844528204,0.10966141554717954
3404,YLR383W YPR088C,0.0,NA,8.712277690392511e-07,2850,27636,3405,0,0.18456227316986812,0.09348553434363314,1.0,0.8903063689958443,0.1096936310041558
3405,YPL051W YHR178W,0.0,NA,8.712352155271219e-07,2850,27635,3406,0,0.18459177952848838,0.09348860095128751,1.0,0.890274153538868,0.10972584646113205
3406,YPL138C YGR085C,0.0,NA,8.723501991880767e-07,2850,27634,3407,0,0.18462128588710866,0.09349166776013647,1.0,0.8902419380818917,0.1097580619181083
3407,YMR093W YKR014C,0.0,NA,8.726197506803146e-07,2850,27633,3408,0,0.18465079224572895,0.09349473477019979,1.0,0.8902097226249155,0.10979027737508457
3408,YDL087C YHL015W,0.0,NA,8.731391858418647e-07,2850,27632,3409,0,0.18468029860434923,0.09349780198149728,1.0,0.8901775071679392,0.10982249283206082
3409,YBR256C YJL178C,0.0,NA,8.734439802537963e-07,2850,27631,3410,0,0.18470980496296951,0.09350086939404875,1.0,0.8901452917109629,0.10985470828903708
3410,YOR047C YBL087C,0.0,NA,8.744257797843602e-07,2850,27630,3411,0,0.1847393113215898,0.09350393700787402,1.0,0.8901130762539866,0.10988692374601333
3411,YGR177C YBL001C,0.0,NA,8.76549052009068e-07,2850,27629,3412,0,0.18476881768021008,0.09350700482299289,1.0,0.8900808607970104,0.1099191392029896
3412,YBR264C YMR256C,0.0,NA,8.769930559537897e-07,2850,27628,3413,0,0.18479832403883037,0.09351007283942515,1.0,0.8900486453400341,0.10995135465996585
3413,YOL061W YDR473C,0.0,NA,8.770767294663528e-07,2850,27627,3414,0,0.18482783039745065,0.09351314105719066,1.0,0.8900164298830578,0.10998357011694211
3414,YDL082W YNL151C,0.0,NA,8.791417371867283e-07,2850,27626,3415,0,0.18485733675607094,0.09351620947630923,1.0,0.8899842144260817,0.11001578557391836
3415,YGR049W YDR439W,0.0,NA,8.862896834216372e-07,2850,27625,3416,0,0.18488684311469122,0.09351927809680066,1.0,0.8899519989691054,0.11004800103089463
3416,YHL011C YBR061C,0.0,NA,8.863386824486952e-07,2850,27624,3417,0,0.1849163494733115,0.09352234691868479,1.0,0.8899197835121291,0.11008021648787088
3417,YBL018C YJR090C,0.0,NA,8.868992722455005e-07,2850,27623,3418,0,0.1849458558319318,0.09352541594198142,1.0,0.8898875680551529,0.11011243194484714
3418,YPL095C YEL041W,0.0,NA,8.876592119122506e-07,2850,27622,3419,0,0.18497536219055205,0.09352848516671042,1.0,0.8898553525981766,0.11014464740182339
3419,YLR201C YGL223C,0.0,NA,8.892910727809067e-07,2850,27621,3420,0,0.18500486854917234,0.0935315545928916,1.0,0.8898231371412003,0.11017686285879966
3420,YNL002C YDR461W,0.0,NA,8.918849516703631e-07,2850,27620,3421,0,0.18503437490779262,0.0935346242205448,1.0,0.8897909216842241,0.11020907831577591
3421,YGR007W YHR128W,0.0,NA,8.925205747800646e-07,2850,27619,3422,0,0.1850638812664129,0.09353769404968985,1.0,0.8897587062272478,0.11024129377275217
3422,YNL030W YGR063C,0.0,NA,8.925323982111877e-07,2850,27618,3423,0,0.1850933876250332,0.09354076408034659,1.0,0.8897264907702715,0.11027350922972842
3423,YIL026C YGR002C,0.0,NA,8.940309612626152e-07,2850,27617,3424,0,0.18512289398365347,0.09354383431253488,1.0,0.8896942753132954,0.11030572468670469
3424,YJL041W YJR090C,0.0,NA,8.948873073677532e-07,2850,27616,3425,0,0.18515240034227376,0.09354690474627454,1.0,0.8896620598563191,0.11033794014368094
3425,YDR498C YDR343C,0.0,NA,8.955909152064123e-07,2850,27615,3426,0,0.18518190670089404,0.09354997538158542,1.0,0.8896298443993428,0.1103701556006572
3426,YMR170C YLR007W,0.0,NA,8.962872470874572e-07,2850,27614,3427,0,0.18521141305951433,0.0935530462184874,1.0,0.8895976289423666,0.11040237105763345
3427,YML092C YHR137W,0.0,NA,8.967942335402768e-07,2850,27613,3428,0,0.18524091941813461,0.09355611725700029,1.0,0.8895654134853903,0.1104345865146097
3428,YFL034C-A YGL243W,0.0,NA,8.968276006271481e-07,2850,27612,3429,0,0.1852704257767549,0.09355918849714398,1.0,0.889533198028414,0.11046680197158597
3429,YDR160W YGL038C,0.0,NA,8.985937824945722e-07,2850,27611,3430,0,0.18529993213537518,0.09356225993893831,1.0,0.8895009825714377,0.11049901742856222
3430,YKL172W YLR350W,0.0,NA,8.999213036986475e-07,2850,27610,3431,0,0.18532943849399547,0.09356533158240316,1.0,0.8894687671144615,0.11053123288553848
3431,YOR294W YDR480W,0.0,NA,9.005592573885224e-07,2850,27609,3432,0,0.18535894485261573,0.09356840342755836,1.0,0.8894365516574853,0.11056344834251473
3432,YKR059W YHR160C,0.0,NA,9.017323350235529e-07,2850,27608,3433,0,0.185388451211236,0.0935714754744238,1.0,0.889404336200509,0.110595663799491
3433,YJR094W-A YLR430W,0.0,NA,9.025427516462514e-07,2850,27607,3434,0,0.1854179575698563,0.09357454772301933,1.0,0.8893721207435328,0.11062787925646725
3434,YML113W YJL039C,0.0,NA,9.03613283753657e-07,2850,27606,3435,0,0.18544746392847658,0.09357762017336485,1.0,0.8893399052865565,0.11066009471344351
3435,YPR120C YDR046C,0.0,NA,9.135927143688605e-07,2850,27605,3436,0,0.18547697028709687,0.09358069282548022,1.0,0.8893076898295802,0.11069231017041976
3436,YGL076C YDR343C,0.0,NA,9.179227618005825e-07,2850,27604,3437,0,0.18550647664571715,0.0935837656793853,1.0,0.889275474372604,0.11072452562739603
3437,YPR192W YDL160C,0.0,NA,9.182730309476028e-07,2850,27603,3438,0,0.18553598300433743,0.09358683873509999,1.0,0.8892432589156277,0.11075674108437228
3438,YDR160W YPL149W,0.0,NA,9.208222877532535e-07,2850,27602,3439,0,0.18556548936295772,0.09358991199264416,1.0,0.8892110434586514,0.11078895654134854
3439,YMR037C YNR075W,0.0,NA,9.212658369506244e-07,2850,27601,3440,0,0.185594995721578,0.0935929854520377,1.0,0.8891788280016752,0.1108211719983248
3440,YDR422C YDR153C,0.0,NA,9.258758950636548e-07,2850,27600,3441,0,0.1856245020801983,0.09359605911330049,1.0,0.889146612544699,0.11085338745530106
3441,YLR383W YJR147W,0.0,NA,9.265560834137432e-07,2850,27599,3442,0,0.18565400843881857,0.09359913297645243,1.0,0.8891143970877227,0.11088560291227731
3442,YER049W YHR106W,0.0,NA,9.276789683099196e-07,2850,27598,3443,0,0.18568351479743886,0.0936022070415134,1.0,0.8890821816307465,0.11091781836925357
3443,YGL133W YOR353C,0.0,NA,9.276948844672006e-07,2850,27597,3444,0,0.18571302115605914,0.0936052813085033,1.0,0.8890499661737702,0.11095003382622982
3444,YDR343C YLR115W,0.0,NA,9.279469850298483e-07,2850,27596,3445,0,0.1857425275146794,0.09360835577744203,1.0,0.8890177507167939,0.11098224928320609
3445,YHR184W YGR065C,0.0,NA,9.290636739933689e-07,2850,27595,3446,0,0.18577203387329969,0.09361143044834948,1.0,0.8889855352598176,0.11101446474018234
3446,YHR166C YBR223C,0.0,NA,9.351902576781868e-07,2850,27594,3447,0,0.18580154023191997,0.09361450532124557,1.0,0.8889533198028414,0.11104668019715859
3447,YAR014C YPL209C,0.0,NA,9.385890393787122e-07,2850,27593,3448,0,0.18583104659054026,0.09361758039615019,1.0,0.8889211043458651,0.11107889565413485
3448,YDR508C YBR299W,0.0,NA,9.406347771800938e-07,2850,27592,3449,0,0.18586055294916054,0.09362065567308324,1.0,0.8888888888888888,0.1111111111111111
3449,YNL289W YJR063W,0.0,NA,9.407415291207144e-07,2850,27591,3450,0,0.18589005930778082,0.09362373115206465,1.0,0.8888566734319127,0.11114332656808737
3450,YEL065W YGL071W,0.0,NA,9.429925853510213e-07,2850,27590,3451,0,0.1859195656664011,0.09362680683311432,1.0,0.8888244579749364,0.11117554202506362
3451,YJL052W YHR028C,0.0,NA,9.471095268054341e-07,2850,27589,3452,0,0.1859490720250214,0.09362988271625218,1.0,0.8887922425179601,0.11120775748203988
3452,YDR315C YIR027C,0.0,NA,9.484255656388996e-07,2850,27588,3453,0,0.18597857838364168,0.09363295880149813,1.0,0.8887600270609839,0.11123997293901614
3453,YLR056W YDR006C,0.0,NA,9.485584655521961e-07,2850,27587,3454,0,0.18600808474226196,0.0936360350888721,1.0,0.8887278116040076,0.1112721883959924
3454,YKL217W YOR312C,0.0,NA,9.486083172305371e-07,2850,27586,3455,0,0.18603759110088225,0.09363911157839401,1.0,0.8886955961470313,0.11130440385296865
3455,YOR027W YJL125C,0.0,NA,9.505245088803349e-07,2850,27585,3456,0,0.18606709745950253,0.09364218827008379,1.0,0.8886633806900551,0.11133661930994491
3456,YLR194C YKL110C,0.0,NA,9.513624377177621e-07,2850,27584,3457,0,0.18609660381812282,0.09364526516396136,1.0,0.8886311652330788,0.11136883476692117
3457,YLR047C YMR197C,0.0,NA,9.52247432906006e-07,2850,27583,3458,0,0.18612611017674308,0.09364834226004666,1.0,0.8885989497761025,0.11140105022389743
3458,YBR086C YOR275C,0.0,NA,9.54165557232045e-07,2850,27582,3459,0,0.18615561653536336,0.09365141955835962,1.0,0.8885667343191264,0.11143326568087368
3459,YML011C YHR148W,0.0,NA,9.54218307924748e-07,2850,27581,3460,0,0.18618512289398365,0.09365449705892018,1.0,0.8885345188621501,0.11146548113784994
3460,YEL019C YJL190C,0.0,NA,9.55048562900629e-07,2850,27580,3461,0,0.18621462925260393,0.09365757476174827,1.0,0.8885023034051738,0.1114976965948262
3461,YNL037C YGL244W,0.0,NA,9.57512725108245e-07,2850,27579,3462,0,0.18624413561122422,0.09366065266686385,1.0,0.8884700879481976,0.11152991205180246
3462,YGR252W YMR176W,0.0,NA,9.59586031967774e-07,2850,27578,3463,0,0.1862736419698445,0.09366373077428684,1.0,0.8884378724912213,0.11156212750877871
3463,YLR396C YKL052C,0.0,NA,9.632627779865288e-07,2850,27577,3464,0,0.18630314832846478,0.0936668090840372,1.0,0.888405657034245,0.11159434296575498
3464,YCL067C YNL067W,0.0,NA,9.645901855037664e-07,2850,27576,3465,0,0.18633265468708507,0.09366988759613488,1.0,0.8883734415772687,0.11162655842273123
3465,YKR004C YBR066C,0.0,NA,9.673456133896252e-07,2850,27575,3466,0,0.18636216104570535,0.09367296631059983,1.0,0.8883412261202925,0.11165877387970749
3466,YML011C YKL014C,0.0,NA,9.68085714703193e-07,2850,27574,3467,0,0.18639166740432564,0.09367604522745202,1.0,0.8883090106633162,0.11169098933668374
3467,YNL096C YAR002C-A,0.0,NA,9.681974688646733e-07,2850,27573,3468,0,0.18642117376294592,0.09367912434671137,1.0,0.88827679520634,0.11172320479365999
3468,YGL161C YOR388C,0.0,NA,9.689391617939691e-07,2850,27572,3469,0,0.1864506801215662,0.09368220366839787,1.0,0.8882445797493638,0.11175542025063626
3469,YLR196W YCL050C,0.0,NA,9.697877203507232e-07,2850,27571,3470,0,0.1864801864801865,0.09368528319253147,1.0,0.8882123642923875,0.1117876357076125
3470,YOR068C YBL003C,0.0,NA,9.710853419164778e-07,2850,27570,3471,0,0.18650969283880675,0.09368836291913216,1.0,0.8881801488354112,0.11181985116458877
3471,YAL054C YMR032W,0.0,NA,9.724791425469448e-07,2850,27569,3472,0,0.18653919919742704,0.09369144284821987,1.0,0.888147933378435,0.11185206662156502
3472,YGR060W YLR405W,0.0,NA,9.729726571094943e-07,2850,27568,3473,0,0.18656870555604732,0.09369452297981458,1.0,0.8881157179214587,0.11188428207854129
3473,YPL188W YGL095C,0.0,NA,9.748303000378655e-07,2850,27567,3474,0,0.1865982119146676,0.09369760331393628,1.0,0.8880835024644824,0.11191649753551754
3474,YBR101C YJR055W,0.0,NA,9.75516627477191e-07,2850,27566,3475,0,0.1866277182732879,0.09370068385060494,1.0,0.8880512870075062,0.1119487129924938
3475,YNL302C YMR138W,0.0,NA,9.770332098923973e-07,2850,27565,3476,0,0.18665722463190818,0.09370376458984053,1.0,0.88801907155053,0.11198092844947005
3476,YEL012W YJR126C,0.0,NA,9.798577593755908e-07,2850,27564,3477,0,0.18668673099052846,0.09370684553166304,1.0,0.8879868560935537,0.11201314390644632
3477,YIL168W YBR256C,0.0,NA,9.80655272542208e-07,2850,27563,3478,0,0.18671623734914874,0.09370992667609246,1.0,0.8879546406365775,0.11204535936342257
3478,YDL039C YKL143W,0.0,NA,9.8164514383825e-07,2850,27562,3479,0,0.18674574370776903,0.09371300802314876,1.0,0.8879224251796012,0.11207757482039883
3479,YJL091C YAR050W,0.0,NA,9.853979463514406e-07,2850,27561,3480,0,0.18677525006638931,0.09371608957285193,1.0,0.8878902097226249,0.11210979027737508
3480,YKL181W YDR295C,0.0,NA,9.872537702904083e-07,2850,27560,3481,0,0.1868047564250096,0.09371917132522196,1.0,0.8878579942656487,0.11214200573435135
3481,YJR119C YER168C,0.0,NA,9.89694399322616e-07,2850,27559,3482,0,0.18683426278362988,0.09372225328027886,1.0,0.8878257788086724,0.1121742211913276
3482,YBR126C YGL044C,0.0,NA,9.907162166200578e-07,2850,27558,3483,0,0.18686376914225014,0.09372533543804262,1.0,0.8877935633516961,0.11220643664830386
3483,YHR090C YDR345C,0.0,NA,9.908683296089293e-07,2850,27557,3484,0,0.18689327550087043,0.09372841779853323,1.0,0.8877613478947198,0.11223865210528011
3484,YGL026C YHR079C-A,0.0,NA,9.92317040982016e-07,2850,27556,3485,0,0.1869227818594907,0.0937315003617707,1.0,0.8877291324377437,0.11227086756225638
3485,YFR003C YPR137W,0.0,NA,9.930147371051135e-07,2850,27555,3486,0,0.186952288218111,0.09373458312777504,1.0,0.8876969169807674,0.11230308301923263
3486,YKL002W YGL127C,0.0,NA,9.932762168318732e-07,2850,27554,3487,0,0.18698179457673128,0.09373766609656624,1.0,0.8876647015237911,0.11233529847620889
3487,YOL122C YNL240C,0.0,NA,9.961534033209318e-07,2850,27553,3488,0,0.18701130093535157,0.09374074926816432,1.0,0.8876324860668149,0.11236751393318514
3488,YDL219W YPL249C-A,0.0,NA,9.973055057344027e-07,2850,27552,3489,0,0.18704080729397185,0.0937438326425893,1.0,0.8876002706098386,0.1123997293901614
3489,YOL028C YLR075W,0.0,NA,9.975917691917857e-07,2850,27551,3490,0,0.18707031365259214,0.09374691621986118,1.0,0.8875680551528623,0.11243194484713766
3490,YIL062C YCL044C,0.0,NA,9.981189350583008e-07,2850,27550,3491,0,0.18709982001121242,0.09375,1.0,0.8875358396958861,0.11246416030411391
3491,YCR047C YGL170C,0.0,NA,1.0001075452237274e-06,2850,27549,3492,0,0.1871293263698327,0.09375308398302576,1.0,0.8875036242389098,0.11249637576109017
3492,YMR091C YBL039C,0.0,NA,1.0031413921751664e-06,2850,27548,3493,0,0.187158832728453,0.09375616816895849,1.0,0.8874714087819335,0.11252859121806642
3493,YLR376C YOR090C,0.0,NA,1.0042526810138952e-06,2850,27547,3494,0,0.18718833908707327,0.09375925255781821,1.0,0.8874391933249574,0.11256080667504269
3494,YLL040C YIL159W,0.0,NA,1.0051456911241985e-06,2850,27546,3495,0,0.18721784544569356,0.09376233714962495,1.0,0.8874069778679811,0.11259302213201894
3495,YMR062C YDR384C,0.0,NA,1.006590309771127e-06,2850,27545,3496,0,0.18724735180431382,0.09376542194439876,1.0,0.8873747624110048,0.1126252375889952
3496,YAL059W YBL082C,0.0,NA,1.006724687613314e-06,2850,27544,3497,0,0.1872768581629341,0.09376850694215964,1.0,0.8873425469540286,0.11265745304597145
3497,YHL022C YOR108W,0.0,NA,1.0100867484652554e-06,2850,27543,3498,0,0.18730636452155439,0.09377159214292764,1.0,0.8873103314970523,0.11268966850294772
3498,YGR272C YLR060W,0.0,NA,1.0141407074115705e-06,2850,27542,3499,0,0.18733587088017467,0.09377467754672282,1.0,0.887278116040076,0.11272188395992397
3499,YDL215C YGR138C,0.0,NA,1.0164877721763332e-06,2850,27541,3500,0,0.18736537723879496,0.0937777631535652,1.0,0.8872459005830998,0.11275409941690023
3500,YPR182W YGR142W,0.0,NA,1.0186178087678854e-06,2850,27540,3501,0,0.18739488359741524,0.09378084896347483,1.0,0.8872136851261235,0.11278631487387648
3501,YBR247C YDR378C,0.0,NA,1.0197171604886535e-06,2850,27539,3502,0,0.18742438995603553,0.09378393497647175,1.0,0.8871814696691472,0.11281853033085275
3502,YOR099W YOR323C,0.0,NA,1.0211700782747357e-06,2850,27538,3503,0,0.1874538963146558,0.09378702119257602,1.0,0.887149254212171,0.112850745787829
3503,YER049W YGR085C,0.0,NA,1.0232855629510595e-06,2850,27537,3504,0,0.1874834026732761,0.09379010761180769,1.0,0.8871170387551948,0.11288296124480526
3504,YNL339C YGL184C,0.0,NA,1.0253643267787993e-06,2850,27536,3505,0,0.18751290903189638,0.09379319423418679,1.0,0.8870848232982185,0.11291517670178151
3505,YDR272W YAL040C,0.0,NA,1.02538774626737e-06,2850,27535,3506,0,0.18754241539051666,0.09379628105973342,1.0,0.8870526078412422,0.11294739215875778
3506,YDR412W YDL148C,0.0,NA,1.0283413303113775e-06,2850,27534,3507,0,0.18757192174913695,0.09379936808846762,1.0,0.887020392384266,0.11297960761573403
3507,YOR310C YOR371C,0.0,NA,1.0295129868609365e-06,2850,27533,3508,0,0.18760142810775723,0.09380245532040944,1.0,0.8869881769272897,0.11301182307271028
3508,YGR086C YKL006W,0.0,NA,1.032914610732405e-06,2850,27532,3509,0,0.1876309344663775,0.09380554275557897,1.0,0.8869559614703134,0.11304403852968654
3509,YHR068W YMR255W,0.0,NA,1.0345215741836e-06,2850,27531,3510,0,0.18766044082499778,0.09380863039399624,1.0,0.8869237460133372,0.1130762539866628
3510,YBR142W YJL088W,0.0,NA,1.0385091400166857e-06,2850,27530,3511,0,0.18768994718361806,0.09381171823568137,1.0,0.8868915305563609,0.11310846944363906
3511,YAL040C YPL169C,0.0,NA,1.0438063782203244e-06,2850,27529,3512,0,0.18771945354223835,0.0938148062806544,1.0,0.8868593150993846,0.11314068490061531
3512,YOR363C YOR272W,0.0,NA,1.0441877975608804e-06,2850,27528,3513,0,0.18774895990085863,0.09381789452893541,1.0,0.8868270996424085,0.11317290035759157
3513,YNL245C YMR065W,0.0,NA,1.0443072824273258e-06,2850,27527,3514,0,0.18777846625947892,0.09382098298054449,1.0,0.8867948841854322,0.11320511581456782
3514,YGL045W YML012W,0.0,NA,1.0452139349581557e-06,2850,27526,3515,0,0.1878079726180992,0.09382407163550172,1.0,0.8867626687284559,0.11323733127154409
3515,YPR137W YPR073C,0.0,NA,1.0457114285600255e-06,2850,27525,3516,0,0.18783747897671949,0.09382716049382717,1.0,0.8867304532714797,0.11326954672852034
3516,YDR500C YDL105W,0.0,NA,1.049492880156322e-06,2850,27524,3517,0,0.18786698533533977,0.09383024955554092,1.0,0.8866982378145034,0.1133017621854966
3517,YLL038C YGL205W,0.0,NA,1.0496670483917114e-06,2850,27523,3518,0,0.18789649169396005,0.0938333388206631,1.0,0.8866660223575271,0.11333397764247286
3518,YKL045W YKL221W,0.0,NA,1.0513421102587017e-06,2850,27522,3519,0,0.18792599805258034,0.09383642828921375,1.0,0.8866338069005509,0.11336619309944912
3519,YML113W YER059W,0.0,NA,1.0531464340601815e-06,2850,27521,3520,0,0.18795550441120062,0.093839517961213,1.0,0.8866015914435746,0.11339840855642537
3520,YGL178W YGL027C,0.0,NA,1.0536286936257966e-06,2850,27520,3521,0,0.1879850107698209,0.09384260783668094,1.0,0.8865693759865984,0.11343062401340163
3521,YER031C YER062C,0.0,NA,1.0564690455794334e-06,2850,27519,3522,0,0.18801451712844117,0.09384569791563765,1.0,0.8865371605296221,0.11346283947037789
3522,YNL149C YPR083W,0.0,NA,1.0601024769130163e-06,2850,27518,3523,0,0.18804402348706145,0.09384878819810327,1.0,0.8865049450726459,0.11349505492735415
3523,YHR178W YOR090C,0.0,NA,1.0603461078062537e-06,2850,27517,3524,0,0.18807352984568174,0.09385187868409788,1.0,0.8864727296156696,0.1135272703843304
3524,YLL028W YPL143W,0.0,NA,1.0604826456983574e-06,2850,27516,3525,0,0.18810303620430202,0.09385496937364157,1.0,0.8864405141586933,0.11355948584130666
3525,YHL036W YDL058W,0.0,NA,1.060742533809389e-06,2850,27515,3526,0,0.1881325425629223,0.09385806026675449,1.0,0.8864082987017171,0.11359170129828292
3526,YLR276C YGR083C,0.0,NA,1.0639582797011826e-06,2850,27514,3527,0,0.1881620489215426,0.09386115136345673,1.0,0.8863760832447408,0.11362391675525918
3527,YKL101W YDR399W,0.0,NA,1.0667989727153326e-06,2850,27513,3528,0,0.18819155528016288,0.0938642426637684,1.0,0.8863438677877645,0.11365613221223543
3528,YOL121C YAL047C,0.0,NA,1.0722538945628912e-06,2850,27512,3529,0,0.18822106163878316,0.09386733416770963,1.0,0.8863116523307883,0.11368834766921168
3529,YPR184W YNL102W,0.0,NA,1.0746248335635755e-06,2850,27511,3530,0,0.18825056799740345,0.09387042587530055,1.0,0.886279436873812,0.11372056312618795
3530,YGL135W YNL194C,0.0,NA,1.0749281500466168e-06,2850,27510,3531,0,0.18828007435602373,0.09387351778656126,1.0,0.8862472214168358,0.1137527785831642
3531,YJR158W YBR123C,0.0,NA,1.0769136906674248e-06,2850,27509,3532,0,0.18830958071464401,0.0938766099015119,1.0,0.8862150059598596,0.11378499404014046
3532,YKR102W YDR224C,0.0,NA,1.0779956483020214e-06,2850,27508,3533,0,0.1883390870732643,0.09387970222017261,1.0,0.8861827905028833,0.11381720949711671
3533,YDL135C YER124C,0.0,NA,1.0793072533488157e-06,2850,27507,3534,0,0.18836859343188458,0.09388279474256349,1.0,0.886150575045907,0.11384942495409298
3534,YNL232W YAL028W,0.0,NA,1.0828982794919284e-06,2850,27506,3535,0,0.18839809979050484,0.0938858874687047,1.0,0.8861183595889308,0.11388164041106923
3535,YLR146C YKL005C,0.0,NA,1.0840286677193944e-06,2850,27505,3536,0,0.18842760614912513,0.09388898039861637,1.0,0.8860861441319545,0.11391385586804549
3536,YMR125W YMR177W,0.0,NA,1.084963628272817e-06,2850,27504,3537,0,0.1884571125077454,0.09389207353231864,1.0,0.8860539286749782,0.11394607132502174
3537,YDR459C YHR085W,0.0,NA,1.0921473858616082e-06,2850,27503,3538,0,0.1884866188663657,0.09389516686983165,1.0,0.886021713218002,0.113978286781998
3538,YNL312W YNL111C,0.0,NA,1.0926235063379863e-06,2850,27502,3539,0,0.18851612522498598,0.09389826041117554,1.0,0.8859894977610258,0.11401050223897426
3539,YBR002C YJL214W,0.0,NA,1.0943483630398987e-06,2850,27501,3540,0,0.18854563158360627,0.09390135415637046,1.0,0.8859572823040495,0.11404271769595052
3540,YIL133C YJR070C,0.0,NA,1.097373910852184e-06,2850,27500,3541,0,0.18857513794222655,0.09390444810543658,1.0,0.8859250668470732,0.11407493315292677
3541,YDL213C YNL267W,0.0,NA,1.1013222547262558e-06,2850,27499,3542,0,0.18860464430084684,0.09390754225839401,1.0,0.885892851390097,0.11410714860990304
3542,YIR031C YPL135W,0.0,NA,1.1021249974874081e-06,2850,27498,3543,0,0.18863415065946712,0.09391063661526294,1.0,0.8858606359331207,0.11413936406687929
3543,YOR007C YPL170W,0.0,NA,1.1046420240745647e-06,2850,27497,3544,0,0.1886636570180874,0.09391373117606353,1.0,0.8858284204761444,0.11417157952385555
3544,YPL146C YBL082C,0.0,NA,1.106480794987874e-06,2850,27496,3545,0,0.1886931633767077,0.09391682594081592,1.0,0.8857962050191682,0.1142037949808318
3545,YDR087C YDL013W,0.0,NA,1.1073675523221027e-06,2850,27495,3546,0,0.18872266973532797,0.09391992090954028,1.0,0.8857639895621919,0.11423601043780807
3546,YPL026C YNL201C,0.0,NA,1.1083162689828896e-06,2850,27494,3547,0,0.18875217609394826,0.09392301608225678,1.0,0.8857317741052156,0.11426822589478432
3547,YDL087C YBR267W,0.0,NA,1.111888195737265e-06,2850,27493,3548,0,0.18878168245256852,0.09392611145898559,1.0,0.8856995586482395,0.11430044135176058
3548,YBL101C YNR060W,0.0,NA,1.1126222716484335e-06,2850,27492,3549,0,0.1888111888111888,0.09392920703974689,1.0,0.8856673431912632,0.11433265680873683
3549,YHL011C YJL020C,0.0,NA,1.1126541039629956e-06,2850,27491,3550,0,0.1888406951698091,0.09393230282456083,1.0,0.8856351277342869,0.11436487226571308
3550,YBR180W YLR033W,0.0,NA,1.1128981896035839e-06,2850,27490,3551,0,0.18887020152842937,0.09393539881344759,1.0,0.8856029122773107,0.11439708772268935
3551,YAL054C YDR437W,0.0,NA,1.114374413191399e-06,2850,27489,3552,0,0.18889970788704966,0.09393849500642737,1.0,0.8855706968203344,0.1144293031796656
3552,YJL108C YOR068C,0.0,NA,1.1157695780639187e-06,2850,27488,3553,0,0.18892921424566994,0.09394159140352033,1.0,0.8855384813633581,0.11446151863664186
3553,YLR128W YLR450W,0.0,NA,1.1163443787154392e-06,2850,27487,3554,0,0.18895872060429023,0.09394468800474667,1.0,0.8855062659063819,0.11449373409361811
3554,YDL145C YBR019C,0.0,NA,1.1180277397215832e-06,2850,27486,3555,0,0.1889882269629105,0.09394778481012658,1.0,0.8854740504494056,0.11452594955059438
3555,YPL135W YPR194C,0.0,NA,1.1189162023583776e-06,2850,27485,3556,0,0.1890177333215308,0.09395088181968024,1.0,0.8854418349924293,0.11455816500757063
3556,YDR221W YIL090W,0.0,NA,1.1189696351721068e-06,2850,27484,3557,0,0.18904723968015108,0.09395397903342784,1.0,0.8854096195354532,0.11459038046454689
3557,YNL094W YPL057C,0.0,NA,1.1194883882126305e-06,2850,27483,3558,0,0.18907674603877136,0.09395707645138958,1.0,0.8853774040784769,0.11462259592152314
3558,YJL156C YCL051W,0.0,NA,1.121575451179524e-06,2850,27482,3559,0,0.18910625239739165,0.09396017407358566,1.0,0.8853451886215006,0.11465481137849941
3559,YML011C YML100W,0.0,NA,1.1232870065214229e-06,2850,27481,3560,0,0.1891357587560119,0.09396327190003627,1.0,0.8853129731645243,0.11468702683547566
3560,YGL209W YER081W,0.0,NA,1.1251191835981444e-06,2850,27480,3561,0,0.1891652651146322,0.09396636993076163,1.0,0.8852807577075481,0.11471924229245192
3561,YNL270C YLR303W,0.0,NA,1.1264677368671983e-06,2850,27479,3562,0,0.18919477147325248,0.09396946816578193,1.0,0.8852485422505718,0.11475145774942817
3562,YLL061W YBR036C,0.0,NA,1.1267836725892266e-06,2850,27478,3563,0,0.18922427783187276,0.09397256660511738,1.0,0.8852163267935955,0.11478367320640444
3563,YOR025W YDR021W,0.0,NA,1.1284827223789762e-06,2850,27477,3564,0,0.18925378419049305,0.09397566524878821,1.0,0.8851841113366193,0.11481588866338069
3564,YOR368W YHR055C,0.0,NA,1.1292729595879791e-06,2850,27476,3565,0,0.18928329054911333,0.09397876409681462,1.0,0.885151895879643,0.11484810412035695
3565,YGL224C YHL001W,0.0,NA,1.1295594504190376e-06,2850,27475,3566,0,0.18931279690773362,0.09398186314921682,1.0,0.8851196804226668,0.1148803195773332
3566,YLR133W YDR523C,0.0,NA,1.1328087339279591e-06,2850,27474,3567,0,0.1893423032663539,0.09398496240601503,1.0,0.8850874649656906,0.11491253503430947
3567,YGL044C YLR150W,0.0,NA,1.1354835578458733e-06,2850,27473,3568,0,0.18937180962497419,0.0939880618672295,1.0,0.8850552495087143,0.11494475049128572
3568,YOR023C YNR054C,0.0,NA,1.135965590037813e-06,2850,27472,3569,0,0.18940131598359447,0.09399116153288041,1.0,0.885023034051738,0.11497696594826197
3569,YGR154C YHR004C,0.0,NA,1.1359763902873965e-06,2850,27471,3570,0,0.18943082234221476,0.09399426140298803,1.0,0.8849908185947618,0.11500918140523823
3570,YHL015W YBR024W,0.0,NA,1.1363880503267865e-06,2850,27470,3571,0,0.18946032870083504,0.09399736147757255,1.0,0.8849586031377855,0.11504139686221448
3571,YGR154C YJL190C,0.0,NA,1.1392691021683277e-06,2850,27469,3572,0,0.18948983505945532,0.09400046175665425,1.0,0.8849263876808092,0.11507361231919075
3572,YPL188W YOR089C,0.0,NA,1.1404061979192193e-06,2850,27468,3573,0,0.18951934141807558,0.09400356224025332,1.0,0.884894172223833,0.115105827776167
3573,YLR201C YGR161C,0.0,NA,1.1423055639170343e-06,2850,27467,3574,0,0.18954884777669587,0.09400666292839001,1.0,0.8848619567668567,0.11513804323314326
3574,YGL246C YGL027C,0.0,NA,1.144780071626883e-06,2850,27466,3575,0,0.18957835413531615,0.09400976382108457,1.0,0.8848297413098805,0.11517025869011951
3575,YOR056C YFR036W,0.0,NA,1.1455455251052626e-06,2850,27465,3576,0,0.18960786049393644,0.09401286491835725,1.0,0.8847975258529043,0.11520247414709578
3576,YBL078C YBR065C,0.0,NA,1.1499622587507474e-06,2850,27464,3577,0,0.18963736685255672,0.09401596622022827,1.0,0.884765310395928,0.11523468960407203
3577,YMR306W YDR007W,0.0,NA,1.1533725228218827e-06,2850,27463,3578,0,0.189666873211177,0.0940190677267179,1.0,0.8847330949389517,0.1152669050610483
3578,YPR083W YCL044C,0.0,NA,1.1544454991962994e-06,2850,27462,3579,0,0.1896963795697973,0.0940221694378464,1.0,0.8847008794819754,0.11529912051802454
3579,YGR276C YEL003W,0.0,NA,1.1582069419091567e-06,2850,27461,3580,0,0.18972588592841758,0.09402527135363399,1.0,0.8846686640249992,0.11533133597500081
3580,YDR261C YDR497C,0.0,NA,1.1597344382607844e-06,2850,27460,3581,0,0.18975539228703786,0.09402837347410095,1.0,0.8846364485680229,0.11536355143197706
3581,YMR212C YPR079W,0.0,NA,1.1597963975873427e-06,2850,27459,3582,0,0.18978489864565815,0.09403147579926754,1.0,0.8846042331110466,0.11539576688895332
3582,YHL011C YOR084W,0.0,NA,1.1610392220973154e-06,2850,27458,3583,0,0.18981440500427843,0.09403457832915402,1.0,0.8845720176540705,0.11542798234592958
3583,YNL209W YLL035W,0.0,NA,1.1651364957288024e-06,2850,27457,3584,0,0.18984391136289872,0.09403768106378065,1.0,0.8845398021970942,0.11546019780290584
3584,YCL034W YOR157C,0.0,NA,1.1671149877656717e-06,2850,27456,3585,0,0.189873417721519,0.09404078400316769,1.0,0.8845075867401179,0.11549241325988209
3585,YML116W YBR217W,0.0,NA,1.1678198461595457e-06,2850,27455,3586,0,0.18990292408013926,0.09404388714733543,1.0,0.8844753712831417,0.11552462871685835
3586,YPL212C YCR028C,0.0,NA,1.1693555279634893e-06,2850,27454,3587,0,0.18993243043875954,0.09404699049630412,1.0,0.8844431558261654,0.1155568441738346
3587,YBR069C YDR376W,0.0,NA,1.173154373645957e-06,2850,27453,3588,0,0.18996193679737983,0.09405009405009405,1.0,0.8844109403691891,0.11558905963081087
3588,YLR121C YOR063W,0.0,NA,1.1763585234803031e-06,2850,27452,3589,0,0.1899914431560001,0.0940531978087255,1.0,0.8843787249122129,0.11562127508778712
3589,YOR004W YCL043C,0.0,NA,1.1799832009273814e-06,2850,27451,3590,0,0.1900209495146204,0.09405630177221874,1.0,0.8843465094552366,0.11565349054476337
3590,YNL053W YBR026C,0.0,NA,1.1837320244012517e-06,2850,27450,3591,0,0.19005045587324068,0.09405940594059406,1.0,0.8843142939982603,0.11568570600173964
3591,YJR084W YMR175W,0.0,NA,1.1851145700347843e-06,2850,27449,3592,0,0.19007996223186097,0.09406251031387175,1.0,0.8842820785412842,0.11571792145871589
3592,YML097C YLR285W,0.0,NA,1.1856583341796068e-06,2850,27448,3593,0,0.19010946859048125,0.09406561489207209,1.0,0.8842498630843079,0.11575013691569215
3593,YPR052C YPL198W,0.0,NA,1.1860247468575835e-06,2850,27447,3594,0,0.19013897494910154,0.09406871967521536,1.0,0.8842176476273316,0.1157823523726684
3594,YOL097C YDR093W,0.0,NA,1.1860405493280268e-06,2850,27446,3595,0,0.19016848130772182,0.0940718246633219,1.0,0.8841854321703554,0.11581456782964467
3595,YJR050W YDR212W,0.0,NA,1.1873680705321021e-06,2850,27445,3596,0,0.1901979876663421,0.09407492985641194,1.0,0.8841532167133791,0.11584678328662092
3596,YCL034W YBL079W,0.0,NA,1.1879808425874216e-06,2850,27444,3597,0,0.1902274940249624,0.09407803525450584,1.0,0.8841210012564028,0.11587899874359718
3597,YML088W YPL269W,0.0,NA,1.1899935543624451e-06,2850,27443,3598,0,0.19025700038358268,0.09408114085762387,1.0,0.8840887857994265,0.11591121420057343
3598,YDR320C YLR246W,0.0,NA,1.1906564623131999e-06,2850,27442,3599,0,0.19028650674220293,0.09408424666578635,1.0,0.8840565703424503,0.1159434296575497
3599,YMR165C YMR049C,0.0,NA,1.1919765938728233e-06,2850,27441,3600,0,0.19031601310082322,0.09408735267901357,1.0,0.884024354885474,0.11597564511452595
3600,YIL007C YMR301C,0.0,NA,1.1966659485551645e-06,2850,27440,3601,0,0.1903455194594435,0.09409045889732585,1.0,0.8839921394284977,0.11600786057150221
3601,YJR105W YHR169W,0.0,NA,1.1997202591373934e-06,2850,27439,3602,0,0.1903750258180638,0.0940935653207435,1.0,0.8839599239715216,0.11604007602847846
3602,YER180C YOR207C,0.0,NA,1.2015545962640317e-06,2850,27438,3603,0,0.19040453217668407,0.09409667194928685,1.0,0.8839277085145453,0.11607229148545473
3603,YKL007W YCR037C,0.0,NA,1.2053661748723243e-06,2850,27437,3604,0,0.19043403853530436,0.09409977878297619,1.0,0.883895493057569,0.11610450694243098
3604,YCL027W YGR105W,0.0,NA,1.2151606370025547e-06,2850,27436,3605,0,0.19046354489392464,0.09410288582183186,1.0,0.8838632776005928,0.11613672239940724
3605,YER162C YDR075W,0.0,NA,1.2171635717095342e-06,2850,27435,3606,0,0.19049305125254493,0.0941059930658742,1.0,0.8838310621436165,0.11616893785638349
3606,YER055C YIL073C,0.0,NA,1.218046122630767e-06,2850,27434,3607,0,0.1905225576111652,0.0941091005151235,1.0,0.8837988466866402,0.11620115331335976
3607,YBL011W YML121W,0.0,NA,1.2184364095446654e-06,2850,27433,3608,0,0.1905520639697855,0.0941122081696001,1.0,0.883766631229664,0.116233368770336
3608,YIR034C YBR280C,0.0,NA,1.2185596460767556e-06,2850,27432,3609,0,0.19058157032840578,0.09411531602932435,1.0,0.8837344157726877,0.11626558422731226
3609,YLR056W YGL058W,0.0,NA,1.2219169320815126e-06,2850,27431,3610,0,0.19061107668702607,0.09411842409431657,1.0,0.8837022003157115,0.11629779968428852
3610,YMR009W YNL175C,0.0,NA,1.2221745464557898e-06,2850,27430,3611,0,0.19064058304564635,0.0941215323645971,1.0,0.8836699848587353,0.11633001514126477
3611,YNR070W YOR241W,0.0,NA,1.2229171488797874e-06,2850,27429,3612,0,0.1906700894042666,0.09412464084018626,1.0,0.883637769401759,0.11636223059824104
3612,YDR294C YMR058W,0.0,NA,1.2247157883393811e-06,2850,27428,3613,0,0.1906995957628869,0.09412774952110443,1.0,0.8836055539447827,0.11639444605521729
3613,YKR008W YER143W,0.0,NA,1.2248394796188222e-06,2850,27427,3614,0,0.19072910212150718,0.09413085840737193,1.0,0.8835733384878065,0.11642666151219355
3614,YAL051W YLR359W,0.0,NA,1.2249003020770033e-06,2850,27426,3615,0,0.19075860848012746,0.09413396749900911,1.0,0.8835411230308302,0.1164588769691698
3615,YPL273W YKR102W,0.0,NA,1.2272785170353018e-06,2850,27425,3616,0,0.19078811483874775,0.09413707679603633,1.0,0.8835089075738539,0.11649109242614607
3616,YKL164C YHL001W,0.0,NA,1.228843302669702e-06,2850,27424,3617,0,0.19081762119736803,0.09414018629847394,1.0,0.8834766921168776,0.11652330788312232
3617,YGR229C YHR085W,0.0,NA,1.2333046015555738e-06,2850,27423,3618,0,0.19084712755598832,0.09414329600634229,1.0,0.8834444766599014,0.11655552334009858
3618,YOL072W YCR072C,0.0,NA,1.2430059541657101e-06,2850,27422,3619,0,0.1908766339146086,0.09414640591966174,1.0,0.8834122612029252,0.11658773879707483
3619,YKL006W YLR154C,0.0,NA,1.2481280009524198e-06,2850,27421,3620,0,0.19090614027322889,0.09414951603845265,1.0,0.8833800457459489,0.1166199542540511
3620,YGR083C YER120W,0.0,NA,1.2503713833211805e-06,2850,27420,3621,0,0.19093564663184917,0.09415262636273539,1.0,0.8833478302889727,0.11665216971102735
3621,YLR048W YJL059W,0.0,NA,1.252549509445089e-06,2850,27419,3622,0,0.19096515299046946,0.09415573689253032,1.0,0.8833156148319964,0.11668438516800361
3622,YHR104W YBL063W,0.0,NA,1.253001187251357e-06,2850,27418,3623,0,0.19099465934908974,0.0941588476278578,1.0,0.8832833993750201,0.11671660062497986
3623,YBR061C YBL063W,0.0,NA,1.2565000133690774e-06,2850,27417,3624,0,0.19102416570771003,0.09416195856873823,1.0,0.8832511839180439,0.11674881608195613
3624,YHR052W YJL219W,0.0,NA,1.2584739579324378e-06,2850,27416,3625,0,0.19105367206633028,0.09416506971519197,1.0,0.8832189684610676,0.11678103153893238
3625,YEL022W YLL062C,0.0,NA,1.2614310662684147e-06,2850,27415,3626,0,0.19108317842495057,0.09416818106723938,1.0,0.8831867530040913,0.11681324699590864
3626,YHR216W YIL079C,0.0,NA,1.2640068689506734e-06,2850,27414,3627,0,0.19111268478357085,0.09417129262490087,1.0,0.8831545375471151,0.1168454624528849
3627,YMR168C YBR215W,0.0,NA,1.2655521004489856e-06,2850,27413,3628,0,0.19114219114219114,0.09417440438819681,1.0,0.8831223220901389,0.11687767790986116
3628,YGL163C YLR401C,0.0,NA,1.2658248351726797e-06,2850,27412,3629,0,0.19117169750081142,0.09417751635714758,1.0,0.8830901066331626,0.11690989336683741
3629,YOR079C YNL339C,0.0,NA,1.2663959978453931e-06,2850,27411,3630,0,0.1912012038594317,0.09418062853177357,1.0,0.8830578911761864,0.11694210882381366
3630,YOL147C YDR072C,0.0,NA,1.2749098914355272e-06,2850,27410,3631,0,0.191230710218052,0.09418374091209518,1.0,0.8830256757192101,0.11697432428078992
3631,YFL024C YER082C,0.0,NA,1.2767094403898227e-06,2850,27409,3632,0,0.19126021657667228,0.09418685349813279,1.0,0.8829934602622338,0.11700653973776617
3632,YML051W YHR137W,0.0,NA,1.277950786970905e-06,2850,27408,3633,0,0.19128972293529256,0.0941899662899068,1.0,0.8829612448052576,0.11703875519474244
3633,YDR372C YOL138C,0.0,NA,1.2788444792022347e-06,2850,27407,3634,0,0.19131922929391285,0.09419307928743761,1.0,0.8829290293482813,0.11707097065171869
3634,YLR175W YCR072C,0.0,NA,1.2804687230527634e-06,2850,27406,3635,0,0.19134873565253313,0.09419619249074564,1.0,0.882896813891305,0.11710318610869495
3635,YPR032W YNL299W,0.0,NA,1.2832131233153632e-06,2850,27405,3636,0,0.19137824201115342,0.09419930589985126,1.0,0.8828645984343287,0.1171354015656712
3636,YNL221C YLR430W,0.0,NA,1.2838582961194334e-06,2850,27404,3637,0,0.19140774836977367,0.09420241951477491,1.0,0.8828323829773526,0.11716761702264747
3637,YDR122W YJL010C,0.0,NA,1.2874862704848056e-06,2850,27403,3638,0,0.19143725472839396,0.09420553333553697,1.0,0.8828001675203763,0.11719983247962372
3638,YLR201C YKL184W,0.0,NA,1.2888584706161055e-06,2850,27402,3639,0,0.19146676108701424,0.09420864736215788,1.0,0.8827679520634,0.11723204793659998
3639,YHR143W-A YKL174C,0.0,NA,1.2895321788164438e-06,2850,27401,3640,0,0.19149626744563453,0.09421176159465802,1.0,0.8827357366064238,0.11726426339357623
3640,YER009W YGL005C,0.0,NA,1.2901841728307772e-06,2850,27400,3641,0,0.1915257738042548,0.09421487603305785,1.0,0.8827035211494475,0.1172964788505525
3641,YKR076W YDR245W,0.0,NA,1.2930543107358972e-06,2850,27399,3642,0,0.1915552801628751,0.09421799067737777,1.0,0.8826713056924712,0.11732869430752875
3642,YML065W YNL067W,0.0,NA,1.2949818710694672e-06,2850,27398,3643,0,0.19158478652149538,0.0942211055276382,1.0,0.882639090235495,0.11736090976450501
3643,YDR178W YHR185C,0.0,NA,1.2975086747246678e-06,2850,27397,3644,0,0.19161429288011567,0.09422422058385956,1.0,0.8826068747785187,0.11739312522148126
3644,YOR092W YPL019C,0.0,NA,1.2977412779946462e-06,2850,27396,3645,0,0.19164379923873595,0.09422733584606229,1.0,0.8825746593215424,0.11742534067845753
3645,YML080W YPR088C,0.0,NA,1.3050427014604793e-06,2850,27395,3646,0,0.19167330559735624,0.09423045131426683,1.0,0.8825424438645663,0.11745755613543378
3646,YNL103W YMR016C,0.0,NA,1.3053551128905383e-06,2850,27394,3647,0,0.19170281195597652,0.09423356698849358,1.0,0.88251022840759,0.11748977159241004
3647,YIL134W YDR299W,0.0,NA,1.3056613852313603e-06,2850,27393,3648,0,0.1917323183145968,0.09423668286876302,1.0,0.8824780129506137,0.1175219870493863
3648,YLR231C YMR179W,0.0,NA,1.307000616179721e-06,2850,27392,3649,0,0.1917618246732171,0.09423979895509556,1.0,0.8824457974936375,0.11755420250636256
3649,YJR084W YPL203W,0.0,NA,1.3082762961857952e-06,2850,27391,3650,0,0.19179133103183735,0.09424291524751166,1.0,0.8824135820366612,0.11758641796333881
3650,YDR227W YDL075W,0.0,NA,1.310831635237264e-06,2850,27390,3651,0,0.19182083739045763,0.09424603174603174,1.0,0.8823813665796849,0.11761863342031506
3651,YNL331C YML105C,0.0,NA,1.3132678304828005e-06,2850,27389,3652,0,0.19185034374907792,0.09424914845067628,1.0,0.8823491511227087,0.11765084887729133
3652,YBR088C YNL261W,0.0,NA,1.3144768900019699e-06,2850,27388,3653,0,0.1918798501076982,0.0942522653614657,1.0,0.8823169356657324,0.11768306433426758
3653,YPL235W YLR388W,0.0,NA,1.316403995588189e-06,2850,27387,3654,0,0.1919093564663185,0.09425538247842048,1.0,0.8822847202087561,0.11771527979124384
3654,YML097C YNL061W,0.0,NA,1.3213721103966236e-06,2850,27386,3655,0,0.19193886282493877,0.09425849980156105,1.0,0.8822525047517799,0.11774749524822009
3655,YNL030W YDR425W,0.0,NA,1.324377194578119e-06,2850,27385,3656,0,0.19196836918355906,0.09426161733090789,1.0,0.8822202892948037,0.11777971070519636
3656,YOR284W YOR210W,0.0,NA,1.3252212056613644e-06,2850,27384,3657,0,0.19199787554217934,0.09426473506648145,1.0,0.8821880738378274,0.1178119261621726
3657,YNL309W YOR341W,0.0,NA,1.3287138926898479e-06,2850,27383,3658,0,0.19202738190079963,0.09426785300830219,1.0,0.8821558583808511,0.11784414161914887
3658,YPR181C YOL054W,0.0,NA,1.3311288284967304e-06,2850,27382,3659,0,0.1920568882594199,0.09427097115639058,1.0,0.8821236429238749,0.11787635707612512
3659,YKL172W YKL165C,0.0,NA,1.3353781014302513e-06,2850,27381,3660,0,0.1920863946180402,0.09427408951076709,1.0,0.8820914274668986,0.11790857253310139
3660,YLR450W YHR169W,0.0,NA,1.335518277301162e-06,2850,27380,3661,0,0.19211590097666048,0.0942772080714522,1.0,0.8820592120099223,0.11794078799007764
3661,YBR097W YDL213C,0.0,NA,1.3398646387940971e-06,2850,27379,3662,0,0.19214540733528077,0.09428032683846638,1.0,0.8820269965529461,0.1179730034470539
3662,YBR170C YML092C,0.0,NA,1.3454794043354923e-06,2850,27378,3663,0,0.19217491369390102,0.0942834458118301,1.0,0.8819947810959698,0.11800521890403015
3663,YDR055W YOR361C,0.0,NA,1.3465128176903818e-06,2850,27377,3664,0,0.1922044200525213,0.09428656499156383,1.0,0.8819625656389936,0.11803743436100642
3664,YOL130W YEL062W,0.0,NA,1.3465873962559272e-06,2850,27376,3665,0,0.1922339264111416,0.09428968437768809,1.0,0.8819303501820174,0.11806964981798267
3665,YJL056C YMR152W,0.0,NA,1.3480495226758649e-06,2850,27375,3666,0,0.19226343276976188,0.09429280397022333,1.0,0.8818981347250411,0.11810186527495893
3666,YNL097C YJL129C,0.0,NA,1.3483902421285165e-06,2850,27374,3667,0,0.19229293912838216,0.09429592376919005,1.0,0.8818659192680648,0.11813408073193518
3667,YNL068C YLR248W,0.0,NA,1.3498879525286611e-06,2850,27373,3668,0,0.19232244548700245,0.09429904377460874,1.0,0.8818337038110886,0.11816629618891145
3668,YML022W YJL205C,0.0,NA,1.3556300473283045e-06,2850,27372,3669,0,0.19235195184562273,0.0943021639864999,1.0,0.8818014883541123,0.1181985116458877
3669,YGL097W YHR085W,0.0,NA,1.355853669338103e-06,2850,27371,3670,0,0.19238145820424302,0.09430528440488402,1.0,0.881769272897136,0.11823072710286395
3670,YER045C YJL212C,0.0,NA,1.3587713283413905e-06,2850,27370,3671,0,0.1924109645628633,0.0943084050297816,1.0,0.8817370574401598,0.11826294255984021
3671,YHR143W-A YCL050C,0.0,NA,1.3686228612641571e-06,2850,27369,3672,0,0.1924404709214836,0.09431152586121315,1.0,0.8817048419831836,0.11829515801681646
3672,YPL267W YDR081C,0.0,NA,1.3700200724997558e-06,2850,27368,3673,0,0.19246997728010387,0.09431464689919915,1.0,0.8816726265262073,0.11832737347379273
3673,YGR175C YNL222W,0.0,NA,1.3754267911281204e-06,2850,27367,3674,0,0.19249948363872416,0.09431776814376014,1.0,0.881640411069231,0.11835958893076898
3674,YDR421W YOR236W,0.0,NA,1.3777531648884178e-06,2850,27366,3675,0,0.19252898999734444,0.09432088959491661,1.0,0.8816081956122548,0.11839180438774524
3675,YPL249C YOR063W,0.0,NA,1.3779015262116445e-06,2850,27365,3676,0,0.1925584963559647,0.09432401125268906,1.0,0.8815759801552785,0.11842401984472149
3676,YNL225C YPR054W,0.0,NA,1.3785194141746615e-06,2850,27364,3677,0,0.19258800271458498,0.09432713311709803,1.0,0.8815437646983022,0.11845623530169776
3677,YKL096W YBR172C,0.0,NA,1.3796845905744703e-06,2850,27363,3678,0,0.19261750907320527,0.09433025518816404,1.0,0.881511549241326,0.11848845075867401
3678,YPR137W YBL008W,0.0,NA,1.3801452496409183e-06,2850,27362,3679,0,0.19264701543182555,0.09433337746590759,1.0,0.8814793337843497,0.11852066621565027
3679,YNL001W YJL122W,0.0,NA,1.3801991372019984e-06,2850,27361,3680,0,0.19267652179044584,0.0943364999503492,1.0,0.8814471183273734,0.11855288167262652
3680,YCR036W YLR121C,0.0,NA,1.3822777873429004e-06,2850,27360,3681,0,0.19270602814906612,0.09433962264150944,1.0,0.8814149028703973,0.11858509712960279
3681,YER183C YMR065W,0.0,NA,1.3838553059031256e-06,2850,27359,3682,0,0.1927355345076864,0.09434274553940879,1.0,0.881382687413421,0.11861731258657904
3682,YDL209C YNL339C,0.0,NA,1.3854015605829773e-06,2850,27358,3683,0,0.1927650408663067,0.0943458686440678,1.0,0.8813504719564447,0.1186495280435553
3683,YHR015W YKL126W,0.0,NA,1.390516217725235e-06,2850,27357,3684,0,0.19279454722492698,0.094348991955507,1.0,0.8813182564994685,0.11868174350053155
3684,YKL203C YLR022C,0.0,NA,1.394040168634092e-06,2850,27356,3685,0,0.19282405358354726,0.09435211547374693,1.0,0.8812860410424922,0.11871395895750782
3685,YLL039C YOR091W,0.0,NA,1.3972611441204208e-06,2850,27355,3686,0,0.19285355994216755,0.09435523919880814,1.0,0.8812538255855159,0.11874617441448407
3686,YER123W YLR307W,0.0,NA,1.3975143247080268e-06,2850,27354,3687,0,0.19288306630078783,0.09435836313071116,1.0,0.8812216101285397,0.11877838987146033
3687,YML076C YLR467W,0.0,NA,1.3979382629258907e-06,2850,27353,3688,0,0.19291257265940812,0.09436148726947655,1.0,0.8811893946715634,0.11881060532843658
3688,YNL047C YOL111C,0.0,NA,1.404290514983586e-06,2850,27352,3689,0,0.19294207901802837,0.09436461161512483,1.0,0.8811571792145871,0.11884282078541285
3689,YJL179W YLR383W,0.0,NA,1.4057524140298483e-06,2850,27351,3690,0,0.19297158537664866,0.09436773616767656,1.0,0.8811249637576108,0.1188750362423891
3690,YHR206W YOR247W,0.0,NA,1.406402702741616e-06,2850,27350,3691,0,0.19300109173526894,0.09437086092715231,1.0,0.8810927483006347,0.11890725169936535
3691,YNL232W YOR020C,0.0,NA,1.4082925190450624e-06,2850,27349,3692,0,0.19303059809388923,0.09437398589357264,1.0,0.8810605328436584,0.11893946715634161
3692,YHR120W YCL044C,0.0,NA,1.408425418958359e-06,2850,27348,3693,0,0.1930601044525095,0.09437711106695808,1.0,0.8810283173866821,0.11897168261331786
3693,YDR361C YMR009W,0.0,NA,1.4120796549832448e-06,2850,27347,3694,0,0.1930896108111298,0.09438023644732921,1.0,0.8809961019297059,0.11900389807029413
3694,YKL218C YIL052C,0.0,NA,1.4151534060147242e-06,2850,27346,3695,0,0.19311911716975008,0.09438336203470658,1.0,0.8809638864727296,0.11903611352727038
3695,YMR093W YMR314W,0.0,NA,1.4155879171084962e-06,2850,27345,3696,0,0.19314862352837037,0.09438648782911079,1.0,0.8809316710157533,0.11906832898424664
3696,YCR010C YHR133C,0.0,NA,1.421741103513341e-06,2850,27344,3697,0,0.19317812988699065,0.09438961383056237,1.0,0.8808994555587771,0.1191005444412229
3697,YJL189W YKR099W,0.0,NA,1.4261150909078424e-06,2850,27343,3698,0,0.19320763624561094,0.09439274003908191,1.0,0.8808672401018008,0.11913275989819916
3698,YDR283C YKR037C,0.0,NA,1.4278883782026242e-06,2850,27342,3699,0,0.19323714260423122,0.09439586645468999,1.0,0.8808350246448245,0.11916497535517541
3699,YPL051W YHR104W,0.0,NA,1.428911446055281e-06,2850,27341,3700,0,0.1932666489628515,0.09439899307740718,1.0,0.8808028091878484,0.11919719081215167
3700,YPR173C YKR076W,0.0,NA,1.4307836408988805e-06,2850,27340,3701,0,0.1932961553214718,0.09440211990725406,1.0,0.8807705937308721,0.11922940626912792
3701,YJL033W YKR082W,0.0,NA,1.4314742884380394e-06,2850,27339,3702,0,0.19332566168009205,0.09440524694425122,1.0,0.8807383782738958,0.11926162172610419
3702,YIL133C YDR469W,0.0,NA,1.433247234672308e-06,2850,27338,3703,0,0.19335516803871233,0.09440837418841924,1.0,0.8807061628169196,0.11929383718308044
3703,YGR091W YBL087C,0.0,NA,1.4336710592033342e-06,2850,27337,3704,0,0.19338467439733262,0.09441150163977871,1.0,0.8806739473599433,0.1193260526400567
3704,YGR056W YBL064C,0.0,NA,1.436619186279131e-06,2850,27336,3705,0,0.1934141807559529,0.09441462929835023,1.0,0.880641731902967,0.11935826809703295
3705,YLR121C YDR447C,0.0,NA,1.4379666026798077e-06,2850,27335,3706,0,0.1934436871145732,0.09441775716415438,1.0,0.8806095164459908,0.11939048355400922
3706,YDR408C YDR356W,0.0,NA,1.4390653859663871e-06,2850,27334,3707,0,0.19347319347319347,0.09442088523721177,1.0,0.8805773009890145,0.11942269901098547
3707,YBR040W YML047C,0.0,NA,1.4413207054531085e-06,2850,27333,3708,0,0.19350269983181376,0.09442401351754298,1.0,0.8805450855320383,0.11945491446796173
3708,YFR010W YNL096C,0.0,NA,1.4415502391784685e-06,2850,27332,3709,0,0.19353220619043404,0.09442714200516865,1.0,0.880512870075062,0.11948712992493798
3709,YBL063W YFR040W,0.0,NA,1.4420783145396854e-06,2850,27331,3710,0,0.19356171254905433,0.09443027070010934,1.0,0.8804806546180858,0.11951934538191425
3710,YDR023W YLR178C,0.0,NA,1.4429408565774793e-06,2850,27330,3711,0,0.1935912189076746,0.09443339960238568,1.0,0.8804484391611095,0.1195515608388905
3711,YLR208W YOR386W,0.0,NA,1.4429627981371596e-06,2850,27329,3712,0,0.1936207252662949,0.0944365287120183,1.0,0.8804162237041332,0.11958377629586675
3712,YPL226W YML095C,0.0,NA,1.4431086583499564e-06,2850,27328,3713,0,0.19365023162491518,0.09443965802902776,1.0,0.880384008247157,0.11961599175284301
3713,YOR167C YLR254C,0.0,NA,1.4454351457970915e-06,2850,27327,3714,0,0.19367973798353544,0.09444278755343473,1.0,0.8803517927901807,0.11964820720981927
3714,YMR163C YPR065W,0.0,NA,1.45189801514789e-06,2850,27326,3715,0,0.19370924434215572,0.0944459172852598,1.0,0.8803195773332044,0.11968042266679553
3715,YNL110C YMR106C,0.0,NA,1.4544576742991921e-06,2850,27325,3716,0,0.193738750700776,0.09444904722452362,1.0,0.8802873618762282,0.11971263812377178
3716,YPR021C YGL044C,0.0,NA,1.455459482713195e-06,2850,27324,3717,0,0.1937682570593963,0.09445217737124677,1.0,0.880255146419252,0.11974485358074805
3717,YMR306W YLR075W,0.0,NA,1.4556010228261584e-06,2850,27323,3718,0,0.19379776341801658,0.09445530772544991,1.0,0.8802229309622757,0.1197770690377243
3718,YDR478W YAL033W,0.0,NA,1.4616633734476636e-06,2850,27322,3719,0,0.19382726977663686,0.09445843828715365,1.0,0.8801907155052995,0.11980928449470056
3719,YIL018W YJR073C,0.0,NA,1.464342176404898e-06,2850,27321,3720,0,0.19385677613525715,0.09446156905637865,1.0,0.8801585000483232,0.11984149995167681
3720,YKR022C YDR293C,0.0,NA,1.4654513051937101e-06,2850,27320,3721,0,0.19388628249387743,0.09446470003314551,1.0,0.8801262845913469,0.11987371540865308
3721,YHR172W YIL013C,0.0,NA,1.4656974371973774e-06,2850,27319,3722,0,0.19391578885249772,0.09446783121747489,1.0,0.8800940691343707,0.11990593086562933
3722,YGR178C YIR008C,0.0,NA,1.4660272427136078e-06,2850,27318,3723,0,0.193945295211118,0.09447096260938743,1.0,0.8800618536773944,0.11993814632260559
3723,YJL044C YER065C,0.0,NA,1.4664299214928178e-06,2850,27317,3724,0,0.1939748015697383,0.09447409420890376,1.0,0.8800296382204181,0.11997036177958184
3724,YDR166C YNL221C,0.0,NA,1.4673435089207487e-06,2850,27316,3725,0,0.19400430792835857,0.09447722601604455,1.0,0.879997422763442,0.1200025772365581
3725,YGL227W YJL106W,0.0,NA,1.4691315755044343e-06,2850,27315,3726,0,0.19403381428697886,0.09448035803083044,1.0,0.8799652073064657,0.12003479269353436
3726,YMR250W YPR052C,0.0,NA,1.469992184865987e-06,2850,27314,3727,0,0.1940633206455991,0.09448349025328205,1.0,0.8799329918494894,0.12006700815051062
3727,YPL267W YMR014W,0.0,NA,1.4714775034008198e-06,2850,27313,3728,0,0.1940928270042194,0.09448662268342009,1.0,0.8799007763925131,0.12009922360748687
3728,YHL015W YDR089W,0.0,NA,1.4754456287846551e-06,2850,27312,3729,0,0.19412233336283968,0.09448975532126516,1.0,0.8798685609355369,0.12013143906446314
3729,YKL214C YLR451W,0.0,NA,1.4761691318199155e-06,2850,27311,3730,0,0.19415183972145997,0.09449288816683797,1.0,0.8798363454785606,0.12016365452143939
3730,YDR397C YOL068C,0.0,NA,1.4797633411944844e-06,2850,27310,3731,0,0.19418134608008025,0.09449602122015915,1.0,0.8798041300215843,0.12019586997841564
3731,YDR299W YER162C,0.0,NA,1.4851455034659011e-06,2850,27309,3732,0,0.19421085243870054,0.09449915448124938,1.0,0.8797719145646081,0.1202280854353919
3732,YLR397C YMR250W,0.0,NA,1.4857702126391814e-06,2850,27308,3733,0,0.19424035879732082,0.09450228795012931,1.0,0.8797396991076318,0.12026030089236815
3733,YOL059W YDL222C,0.0,NA,1.4861359431961318e-06,2850,27307,3734,0,0.1942698651559411,0.09450542162681964,1.0,0.8797074836506555,0.12029251634934442
3734,YCR035C YPR055W,0.0,NA,1.4900230098646716e-06,2850,27306,3735,0,0.1942993715145614,0.09450855551134103,1.0,0.8796752681936794,0.12032473180632067
3735,YLL040C YHR134W,0.0,NA,1.4905004945831024e-06,2850,27305,3736,0,0.19432887787318168,0.09451168960371414,1.0,0.8796430527367031,0.12035694726329693
3736,YGL212W YHR039C,0.0,NA,1.4957092844269937e-06,2850,27304,3737,0,0.19435838423180196,0.09451482390395967,1.0,0.8796108372797268,0.12038916272027318
3737,YLR114C YLR307W,0.0,NA,1.4968422874517273e-06,2850,27303,3738,0,0.19438789059042225,0.0945179584120983,1.0,0.8795786218227506,0.12042137817724945
3738,YGL070C YER045C,0.0,NA,1.502170562162064e-06,2850,27302,3739,0,0.19441739694904253,0.0945210931281507,1.0,0.8795464063657743,0.1204535936342257
3739,YGL148W YGL171W,0.0,NA,1.5033572253742022e-06,2850,27301,3740,0,0.1944469033076628,0.09452422805213757,1.0,0.879514190908798,0.12048580909120196
3740,YOR346W YBR181C,0.0,NA,1.504190436207864e-06,2850,27300,3741,0,0.19447640966628307,0.0945273631840796,1.0,0.8794819754518218,0.12051802454817821
3741,YHR090C YEL061C,0.0,NA,1.504447254774277e-06,2850,27299,3742,0,0.19450591602490336,0.09453049852399747,1.0,0.8794497599948455,0.12055024000515448
3742,YLR397C YLR383W,0.0,NA,1.5058036524351337e-06,2850,27298,3743,0,0.19453542238352364,0.0945336340719119,1.0,0.8794175445378692,0.12058245546213073
3743,YIL084C YOR208W,0.0,NA,1.5067129197632312e-06,2850,27297,3744,0,0.19456492874214393,0.09453676982784356,1.0,0.8793853290808931,0.12061467091910699
3744,YAL025C YAL009W,0.0,NA,1.5071298093971564e-06,2850,27296,3745,0,0.1945944351007642,0.09453990579181318,1.0,0.8793531136239168,0.12064688637608324
3745,YGR138C YJR019C,0.0,NA,1.5121009937502095e-06,2850,27295,3746,0,0.1946239414593845,0.09454304196384143,1.0,0.8793208981669405,0.12067910183305951
3746,YBL032W YDR508C,0.0,NA,1.5183667301243986e-06,2850,27294,3747,0,0.19465344781800478,0.09454617834394904,1.0,0.8792886827099642,0.12071131729003576
3747,YAL067C YNR067C,0.0,NA,1.519306692898681e-06,2850,27293,3748,0,0.19468295417662507,0.09454931493215672,1.0,0.879256467252988,0.12074353274701202
3748,YNL199C YBL003C,0.0,NA,1.527604126749793e-06,2850,27292,3749,0,0.19471246053524535,0.09455245172848517,1.0,0.8792242517960117,0.12077574820398827
3749,YCL014W YDR214W,0.0,NA,1.5308445426853723e-06,2850,27291,3750,0,0.19474196689386564,0.09455558873295511,1.0,0.8791920363390354,0.12080796366096454
3750,YOR002W YKL029C,0.0,NA,1.5310517937905388e-06,2850,27290,3751,0,0.19477147325248592,0.09455872594558726,1.0,0.8791598208820592,0.12084017911794079
3751,YGL252C YMR006C,0.0,NA,1.5312899677155656e-06,2850,27289,3752,0,0.1948009796111062,0.09456186336640234,1.0,0.879127605425083,0.12087239457491704
3752,YER001W YCL029C,0.0,NA,1.5320772490667878e-06,2850,27288,3753,0,0.19483048596972646,0.09456500099542106,1.0,0.8790953899681067,0.1209046100318933
3753,YLR309C YLL019C,0.0,NA,1.53476514697104e-06,2850,27287,3754,0,0.19485999232834675,0.09456813883266417,1.0,0.8790631745111305,0.12093682548886955
3754,YLL048C YHR055C,0.0,NA,1.539425170449249e-06,2850,27286,3755,0,0.19488949868696703,0.09457127687815238,1.0,0.8790309590541542,0.12096904094584582
3755,YPL198W YBL061C,0.0,NA,1.539792265248252e-06,2850,27285,3756,0,0.19491900504558732,0.09457441513190643,1.0,0.8789987435971779,0.12100125640282207
3756,YDL213C YOR275C,0.0,NA,1.5402079043269623e-06,2850,27284,3757,0,0.1949485114042076,0.09457755359394704,1.0,0.8789665281402017,0.12103347185979833
3757,YDR272W YPR069C,0.0,NA,1.5432499367307173e-06,2850,27283,3758,0,0.1949780177628279,0.09458069226429495,1.0,0.8789343126832254,0.12106568731677458
3758,YJL031C YLL035W,0.0,NA,1.5458157349712565e-06,2850,27282,3759,0,0.19500752412144817,0.09458383114297093,1.0,0.8789020972262491,0.12109790277375085
3759,YLL057C YOR226C,0.0,NA,1.5485321682717768e-06,2850,27281,3760,0,0.19503703048006846,0.09458697022999568,1.0,0.8788698817692729,0.1211301182307271
3760,YNR002C YOL039W,0.0,NA,1.5510980801991536e-06,2850,27280,3761,0,0.19506653683868874,0.09459010952538997,1.0,0.8788376663122967,0.12116233368770336
3761,YNR008W YOR339C,0.0,NA,1.552046569486265e-06,2850,27279,3762,0,0.19509604319730903,0.09459324902917456,1.0,0.8788054508553204,0.12119454914467961
3762,YIL148W YDR473C,0.0,NA,1.5567219406875665e-06,2850,27278,3763,0,0.1951255495559293,0.09459638874137015,1.0,0.8787732353983442,0.12122676460165588
3763,YPR110C YKL067W,0.0,NA,1.5579516912112013e-06,2850,27277,3764,0,0.1951550559145496,0.09459952866199754,1.0,0.8787410199413679,0.12125898005863213
3764,YMR044W YOR230W,0.0,NA,1.5580155832140008e-06,2850,27276,3765,0,0.19518456227316988,0.09460266879107747,1.0,0.8787088044843916,0.1212911955156084
3765,YOL081W YCR089W,0.0,NA,1.559531824568694e-06,2850,27275,3766,0,0.19521406863179014,0.0946058091286307,1.0,0.8786765890274153,0.12132341097258464
3766,YPL194W YHR065C,0.0,NA,1.561838757879741e-06,2850,27274,3767,0,0.19524357499041042,0.09460894967467799,1.0,0.8786443735704391,0.12135562642956091
3767,YDR469W YBL084C,0.0,NA,1.564026888445369e-06,2850,27273,3768,0,0.1952730813490307,0.09461209042924011,1.0,0.8786121581134628,0.12138784188653716
3768,YDR446W YJL071W,0.0,NA,1.5647759710191167e-06,2850,27272,3769,0,0.195302587707651,0.09461523139233782,1.0,0.8785799426564865,0.12142005734351342
3769,YBR002C YBR267W,0.0,NA,1.5649862916689017e-06,2850,27271,3770,0,0.19533209406627128,0.0946183725639919,1.0,0.8785477271995104,0.12145227280048967
3770,YDR312W YOR074C,0.0,NA,1.5711864307377255e-06,2850,27270,3771,0,0.19536160042489156,0.0946215139442231,1.0,0.8785155117425341,0.12148448825746594
3771,YHR090C YMR081C,0.0,NA,1.5724050399512635e-06,2850,27269,3772,0,0.19539110678351185,0.09462465553305223,1.0,0.8784832962855578,0.12151670371444219
3772,YBR168W YJL047C,0.0,NA,1.5733590998934233e-06,2850,27268,3773,0,0.19542061314213213,0.09462779733050003,1.0,0.8784510808285816,0.12154891917141844
3773,YDR200C YBR223C,0.0,NA,1.5735946590211825e-06,2850,27267,3774,0,0.19545011950075242,0.09463093933658731,1.0,0.8784188653716053,0.1215811346283947
3774,YGR229C YOR244W,0.0,NA,1.5745703194625094e-06,2850,27266,3775,0,0.1954796258593727,0.09463408155133483,1.0,0.878386649914629,0.12161335008537096
3775,YOR353C YPR074C,0.0,NA,1.5778834949742304e-06,2850,27265,3776,0,0.195509132217993,0.0946372239747634,1.0,0.8783544344576528,0.12164556554234722
3776,YGL166W YCL048W,0.0,NA,1.5800579831193318e-06,2850,27264,3777,0,0.19553863857661327,0.0946403666068938,1.0,0.8783222190006765,0.12167778099932347
3777,YNL135C YJR150C,0.0,NA,1.5803834685357288e-06,2850,27263,3778,0,0.19556814493523356,0.09464350944774683,1.0,0.8782900035437002,0.12170999645629973
3778,YPL283C YJR110W,0.0,NA,1.5830215716050589e-06,2850,27262,3779,0,0.1955976512938538,0.09464665249734325,1.0,0.8782577880867241,0.12174221191327599
3779,YBR298C YGL105W,0.0,NA,1.583042717356875e-06,2850,27261,3780,0,0.1956271576524741,0.0946497957557039,1.0,0.8782255726297478,0.12177442737025225
3780,YLL042C YHR039C,0.0,NA,1.58463171828771e-06,2850,27260,3781,0,0.19565666401109438,0.09465293922284955,1.0,0.8781933571727715,0.1218066428272285
3781,YAL033W YDR287W,0.0,NA,1.5850716863496928e-06,2850,27259,3782,0,0.19568617036971467,0.09465608289880102,1.0,0.8781611417157953,0.12183885828420477
3782,YOR090C YDL043C,0.0,NA,1.5855357560212724e-06,2850,27258,3783,0,0.19571567672833495,0.09465922678357912,1.0,0.878128926258819,0.12187107374118102
3783,YOR151C YOR178C,0.0,NA,1.5894069065325311e-06,2850,27257,3784,0,0.19574518308695524,0.09466237087720464,1.0,0.8780967108018427,0.12190328919815728
3784,YBR298C YPL174C,0.0,NA,1.5936080899336957e-06,2850,27256,3785,0,0.19577468944557552,0.0946655151796984,1.0,0.8780644953448664,0.12193550465513353
3785,YDR416W YMR239C,0.0,NA,1.594091486367688e-06,2850,27255,3786,0,0.1958041958041958,0.09466865969108122,1.0,0.8780322798878902,0.1219677201121098
3786,YDR025W YFL037W,0.0,NA,1.5942175650707213e-06,2850,27254,3787,0,0.1958337021628161,0.0946718044113739,1.0,0.8780000644309139,0.12199993556908605
3787,YNL286W YCL034W,0.0,NA,1.5944076494633919e-06,2850,27253,3788,0,0.19586320852143638,0.09467494934059728,1.0,0.8779678489739376,0.12203215102606231
3788,YML095C YBR038W,0.0,NA,1.595341586835275e-06,2850,27252,3789,0,0.19589271488005666,0.09467809447877218,1.0,0.8779356335169615,0.12206436648303856
3789,YFR003C YNL293W,0.0,NA,1.595469370840874e-06,2850,27251,3790,0,0.19592222123867695,0.0946812398259194,1.0,0.8779034180599852,0.12209658194001483
3790,YJL081C YAL003W,0.0,NA,1.5969307014529477e-06,2850,27250,3791,0,0.1959517275972972,0.0946843853820598,1.0,0.8778712026030089,0.12212879739699108
3791,YJR158W YIL002C,0.0,NA,1.5998543858586345e-06,2850,27249,3792,0,0.1959812339559175,0.09468753114721419,1.0,0.8778389871460327,0.12216101285396733
3792,YER093C YBL004W,0.0,NA,1.6007732028811006e-06,2850,27248,3793,0,0.19601074031453777,0.09469067712140342,1.0,0.8778067716890564,0.12219322831094359
3793,YNL123W YOR091W,0.0,NA,1.6014237189665437e-06,2850,27247,3794,0,0.19604024667315806,0.0946938233046483,1.0,0.8777745562320801,0.12222544376791984
3794,YLR276C YGR199W,0.0,NA,1.6014419088605791e-06,2850,27246,3795,0,0.19606975303177834,0.0946969696969697,1.0,0.8777423407751039,0.1222576592248961
3795,YBR101C YJL140W,0.0,NA,1.603924147275393e-06,2850,27245,3796,0,0.19609925939039863,0.09470011629838844,1.0,0.8777101253181276,0.12228987468187236
3796,YPL094C YMR131C,0.0,NA,1.6041444723668974e-06,2850,27244,3797,0,0.1961287657490189,0.09470326310892536,1.0,0.8776779098611514,0.12232209013884862
3797,YLL035W YGL065C,0.0,NA,1.606594082659285e-06,2850,27243,3798,0,0.1961582721076392,0.09470641012860134,1.0,0.8776456944041752,0.12235430559582487
3798,YJR160C YLR359W,0.0,NA,1.6071364825620549e-06,2850,27242,3799,0,0.19618777846625948,0.09470955735743719,1.0,0.8776134789471989,0.12238652105280114
3799,YOR273C YGR187C,0.0,NA,1.607347940080217e-06,2850,27241,3800,0,0.19621728482487977,0.0947127047954538,1.0,0.8775812634902226,0.12241873650977739
3800,YBR161W YNL251C,0.0,NA,1.618294618310756e-06,2850,27240,3801,0,0.19624679118350005,0.09471585244267199,1.0,0.8775490480332464,0.12245095196675365
3801,YOR339C YJL166W,0.0,NA,1.6234777149293222e-06,2850,27239,3802,0,0.19627629754212034,0.09471900029911264,1.0,0.8775168325762701,0.1224831674237299
3802,YMR268C YOL082W,0.0,NA,1.6244395055764471e-06,2850,27238,3803,0,0.19630580390074062,0.0947221483647966,1.0,0.8774846171192938,0.12251538288070617
3803,YER031C YFR009W,0.0,NA,1.6247726080109715e-06,2850,27237,3804,0,0.19633531025936088,0.09472529663974474,1.0,0.8774524016623175,0.12254759833768242
3804,YER023W YJR132W,0.0,NA,1.624797278054757e-06,2850,27236,3805,0,0.19636481661798116,0.09472844512397793,1.0,0.8774201862053413,0.12257981379465868
3805,YKL220C YPL160W,0.0,NA,1.6339155308742193e-06,2850,27235,3806,0,0.19639432297660145,0.09473159381751703,1.0,0.877387970748365,0.12261202925163493
3806,YDR335W YOR115C,0.0,NA,1.6345202311640605e-06,2850,27234,3807,0,0.19642382933522173,0.09473474272038293,1.0,0.8773557552913888,0.1226442447086112
3807,YNL281W YIL134W,0.0,NA,1.636153115214256e-06,2850,27233,3808,0,0.19645333569384202,0.09473789183259648,1.0,0.8773235398344126,0.12267646016558745
3808,YHR067W YLR409C,0.0,NA,1.6412274135291227e-06,2850,27232,3809,0,0.1964828420524623,0.09474104115417858,1.0,0.8772913243774363,0.12270867562256371
3809,YNL124W YGL244W,0.0,NA,1.6465733096993063e-06,2850,27231,3810,0,0.1965123484110826,0.0947441906851501,1.0,0.87725910892046,0.12274089107953996
3810,YOR120W YHR107C,0.0,NA,1.6469770116600557e-06,2850,27230,3811,0,0.19654185476970287,0.09474734042553191,1.0,0.8772268934634838,0.12277310653651623
3811,YER179W YIR021W,0.0,NA,1.6501716118000331e-06,2850,27229,3812,0,0.19657136112832316,0.09475049037534493,1.0,0.8771946780065075,0.12280532199349248
3812,YNR033W YMR041C,0.0,NA,1.6531125766050536e-06,2850,27228,3813,0,0.19660086748694344,0.09475364053461001,1.0,0.8771624625495312,0.12283753745046873
3813,YNL065W YDL082W,0.0,NA,1.655670075706439e-06,2850,27227,3814,0,0.19663037384556373,0.09475679090334807,1.0,0.877130247092555,0.12286975290744499
3814,YBR082C YOR346W,0.0,NA,1.656462814025872e-06,2850,27226,3815,0,0.196659880204184,0.09475994148158,1.0,0.8770980316355788,0.12290196836442124
3815,YLR231C YLL028W,0.0,NA,1.657939037613687e-06,2850,27225,3816,0,0.1966893865628043,0.09476309226932668,1.0,0.8770658161786025,0.12293418382139751
3816,YKL181W YNL082W,0.0,NA,1.6587788422839367e-06,2850,27224,3817,0,0.19671889292142455,0.09476624326660903,1.0,0.8770336007216263,0.12296639927837376
3817,YKR057W YOL125W,0.0,NA,1.659193230807432e-06,2850,27223,3818,0,0.19674839928004484,0.09476939447344794,1.0,0.87700138526465,0.12299861473535002
3818,YOR307C YKR008W,0.0,NA,1.6605420114501612e-06,2850,27222,3819,0,0.19677790563866512,0.09477254588986432,1.0,0.8769691698076737,0.12303083019232627
3819,YPR007C YCR067C,0.0,NA,1.6635599422443192e-06,2850,27221,3820,0,0.1968074119972854,0.09477569751587908,1.0,0.8769369543506975,0.12306304564930254
3820,YKR056W YJL184W,0.0,NA,1.6649883036734536e-06,2850,27220,3821,0,0.1968369183559057,0.09477884935151314,1.0,0.8769047388937212,0.12309526110627879
3821,YNR008W YGL171W,0.0,NA,1.665109039095114e-06,2850,27219,3822,0,0.19686642471452598,0.09478200139678739,1.0,0.8768725234367449,0.12312747656325505
3822,YCL044C YGR181W,0.0,NA,1.6712976957933279e-06,2850,27218,3823,0,0.19689593107314626,0.09478515365172276,1.0,0.8768403079797686,0.1231596920202313
3823,YBR093C YGR013W,0.0,NA,1.6751976090745302e-06,2850,27217,3824,0,0.19692543743176655,0.09478830611634018,1.0,0.8768080925227925,0.12319190747720757
3824,YIL038C YGL097W,0.0,NA,1.6752263718444738e-06,2850,27216,3825,0,0.19695494379038683,0.09479145879066055,1.0,0.8767758770658162,0.12322412293418382
3825,YJL019W YKR103W,0.0,NA,1.677115847087407e-06,2850,27215,3826,0,0.19698445014900712,0.0947946116747048,1.0,0.8767436616088399,0.12325633839116008
3826,YMR095C YDR422C,0.0,NA,1.6781013982836157e-06,2850,27214,3827,0,0.1970139565076274,0.09479776476849389,1.0,0.8767114461518637,0.12328855384813633
3827,YLR181C YMR314W,0.0,NA,1.6781878002802841e-06,2850,27213,3828,0,0.1970434628662477,0.0948009180720487,1.0,0.8766792306948874,0.1233207693051126
3828,YJL080C YNR054C,0.0,NA,1.681026105870842e-06,2850,27212,3829,0,0.19707296922486797,0.0948040715853902,1.0,0.8766470152379111,0.12335298476208885
3829,YGR180C YLR075W,0.0,NA,1.6825499642436625e-06,2850,27211,3830,0,0.19710247558348823,0.0948072253085393,1.0,0.8766147997809349,0.12338520021906511
3830,YKR009C YJL212C,0.0,NA,1.6853924762472161e-06,2850,27210,3831,0,0.19713198194210851,0.09481037924151696,1.0,0.8765825843239586,0.12341741567604136
3831,YMR011W YOL127W,0.0,NA,1.6856255342645454e-06,2850,27209,3832,0,0.1971614883007288,0.09481353338434412,1.0,0.8765503688669823,0.12344963113301761
3832,YFR033C YOL064C,0.0,NA,1.689449391051312e-06,2850,27208,3833,0,0.19719099465934908,0.09481668773704172,1.0,0.8765181534100062,0.12348184658999388
3833,YPL110C YIL097W,0.0,NA,1.6949992414083681e-06,2850,27207,3834,0,0.19722050101796937,0.0948198422996307,1.0,0.8764859379530299,0.12351406204697013
3834,YKL109W YNR026C,0.0,NA,1.6962541167231393e-06,2850,27206,3835,0,0.19725000737658965,0.09482299707213201,1.0,0.8764537224960536,0.1235462775039464
3835,YHR052W YPL028W,0.0,NA,1.6983486830213224e-06,2850,27205,3836,0,0.19727951373520994,0.09482615205456663,1.0,0.8764215070390774,0.12357849296092265
3836,YDL245C YDR163W,0.0,NA,1.6985917454803712e-06,2850,27204,3837,0,0.19730902009383022,0.09482930724695549,1.0,0.8763892915821011,0.12361070841789891
3837,YHR191C YHR136C,0.0,NA,1.7040091506714816e-06,2850,27203,3838,0,0.1973385264524505,0.09483246264931953,1.0,0.8763570761251248,0.12364292387487516
3838,YDL098C YLR024C,0.0,NA,1.7044511650965433e-06,2850,27202,3839,0,0.1973680328110708,0.09483561826167976,1.0,0.8763248606681486,0.12367513933185142
3839,YNL111C YIL167W,0.0,NA,1.7061342987290118e-06,2850,27201,3840,0,0.19739753916969108,0.09483877408405711,1.0,0.8762926452111723,0.12370735478882768
3840,YOR123C YDR523C,0.0,NA,1.7093476571972133e-06,2850,27200,3841,0,0.19742704552831136,0.09484193011647254,1.0,0.876260429754196,0.12373957024580394
3841,YGR247W YLR019W,0.0,NA,1.7121996052082977e-06,2850,27199,3842,0,0.19745655188693165,0.09484508635894705,1.0,0.8762282142972198,0.12377178570278019
3842,YLR119W YBR132C,0.0,NA,1.7137663235189393e-06,2850,27198,3843,0,0.1974860582455519,0.0948482428115016,1.0,0.8761959988402436,0.12380400115975645
3843,YPL005W YKR039W,0.0,NA,1.7149041013908572e-06,2850,27197,3844,0,0.1975155646041722,0.09485139947415715,1.0,0.8761637833832673,0.1238362166167327
3844,YOL124C YFL026W,0.0,NA,1.7168810018119984e-06,2850,27196,3845,0,0.19754507096279247,0.0948545563469347,1.0,0.876131567926291,0.12386843207370897
3845,YOR091W YMR125W,0.0,NA,1.7196420003529056e-06,2850,27195,3846,0,0.19757457732141276,0.09485771342985522,1.0,0.8760993524693148,0.12390064753068522
3846,YBR095C YGL006W,0.0,NA,1.7203686866196222e-06,2850,27194,3847,0,0.19760408368003304,0.0948608707229397,1.0,0.8760671370123385,0.12393286298766149
3847,YEL036C YML128C,0.0,NA,1.7263724885197007e-06,2850,27193,3848,0,0.19763359003865333,0.0948640282262091,1.0,0.8760349215553622,0.12396507844463774
3848,YGR204W YPL256C,0.0,NA,1.7308582300756825e-06,2850,27192,3849,0,0.1976630963972736,0.09486718593968445,1.0,0.876002706098386,0.123997293901614
3849,YER040W YBR001C,0.0,NA,1.7351520682495902e-06,2850,27191,3850,0,0.1976926027558939,0.0948703438633867,1.0,0.8759704906414097,0.12402950935859025
3850,YOR064C YIL014W,0.0,NA,1.7359579942421988e-06,2850,27190,3851,0,0.19772210911451418,0.09487350199733688,1.0,0.8759382751844335,0.12406172481556652
3851,YDR123C YOL115W,0.0,NA,1.7413402702004532e-06,2850,27189,3852,0,0.19775161547313447,0.09487666034155598,1.0,0.8759060597274573,0.12409394027254277
3852,YJR158W YBR101C,0.0,NA,1.7462859887018567e-06,2850,27188,3853,0,0.19778112183175475,0.09487981889606499,1.0,0.875873844270481,0.12412615572951902
3853,YDL093W YLR325C,0.0,NA,1.7466408053223859e-06,2850,27187,3854,0,0.19781062819037504,0.09488297766088491,1.0,0.8758416288135047,0.12415837118649528
3854,YDR156W YJR033C,0.0,NA,1.7530455806991085e-06,2850,27186,3855,0,0.19784013454899532,0.09488613663603676,1.0,0.8758094133565285,0.12419058664347153
3855,YOR119C YHR160C,0.0,NA,1.7553172710904619e-06,2850,27185,3856,0,0.19786964090761558,0.09488929582154154,1.0,0.8757771978995522,0.1242228021004478
3856,YCL034W YLR237W,0.0,NA,1.758061557666224e-06,2850,27184,3857,0,0.19789914726623586,0.09489245521742026,1.0,0.8757449824425759,0.12425501755742405
3857,YBR156C YHR075C,0.0,NA,1.7582141254024464e-06,2850,27183,3858,0,0.19792865362485615,0.09489561482369394,1.0,0.8757127669855997,0.12428723301440031
3858,YDR314C YJL178C,0.0,NA,1.7618783658690518e-06,2850,27182,3859,0,0.19795815998347643,0.09489877464038358,1.0,0.8756805515286235,0.12431944847137656
3859,YDR006C YPR122W,0.0,NA,1.7628765363042476e-06,2850,27181,3860,0,0.19798766634209672,0.09490193466751023,1.0,0.8756483360716472,0.12435166392835283
3860,YGR282C YDR311W,0.0,NA,1.764413923410757e-06,2850,27180,3861,0,0.198017172700717,0.09490509490509491,1.0,0.8756161206146709,0.12438387938532908
3861,YPL007C YHR137W,0.0,NA,1.767880235092889e-06,2850,27179,3862,0,0.1980466790593373,0.09490825535315861,1.0,0.8755839051576947,0.12441609484230534
3862,YNL149C YGL219C,0.0,NA,1.7712942508296692e-06,2850,27178,3863,0,0.19807618541795757,0.0949114160117224,1.0,0.8755516897007184,0.12444831029928159
3863,YJL219W YGL246C,0.0,NA,1.7718585922921193e-06,2850,27177,3864,0,0.19810569177657786,0.09491457688080727,1.0,0.8755194742437421,0.12448052575625786
3864,YOL117W YLR340W,0.0,NA,1.7750703591445927e-06,2850,27176,3865,0,0.19813519813519814,0.09491773796043429,1.0,0.8754872587867659,0.12451274121323411
3865,YMR070W YIL021W,0.0,NA,1.7752803387338645e-06,2850,27175,3866,0,0.19816470449381843,0.09492089925062448,1.0,0.8754550433297896,0.12454495667021037
3866,YER164W YBL082C,0.0,NA,1.7776080767362146e-06,2850,27174,3867,0,0.1981942108524387,0.09492406075139888,1.0,0.8754228278728133,0.12457717212718662
3867,YAL054C YNL316C,0.0,NA,1.7803531591198407e-06,2850,27173,3868,0,0.19822371721105897,0.09492722246277854,1.0,0.8753906124158372,0.12460938758416289
3868,YDR256C YOL115W,0.0,NA,1.782786171133921e-06,2850,27172,3869,0,0.19825322356967925,0.09493038438478449,1.0,0.8753583969588609,0.12464160304113914
3869,YCR024C YNL309W,0.0,NA,1.7861063952295808e-06,2850,27171,3870,0,0.19828272992829954,0.0949335465174378,1.0,0.8753261815018846,0.1246738184981154
3870,YIL131C YAL054C,0.0,NA,1.796129595277307e-06,2850,27170,3871,0,0.19831223628691982,0.0949367088607595,1.0,0.8752939660449084,0.12470603395509165
3871,YBR131W YOR123C,0.0,NA,1.7976017261389643e-06,2850,27169,3872,0,0.1983417426455401,0.09493987141477064,1.0,0.8752617505879321,0.12473824941206792
3872,YGR135W YER044C,0.0,NA,1.8016228295891779e-06,2850,27168,3873,0,0.1983712490041604,0.0949430341794923,1.0,0.8752295351309558,0.12477046486904417
3873,YGR060W YLR251W,0.0,NA,1.8030303863270092e-06,2850,27167,3874,0,0.19840075536278068,0.09494619715494552,1.0,0.8751973196739796,0.12480268032602042
3874,YLL040C YDL219W,0.0,NA,1.8045942624667077e-06,2850,27166,3875,0,0.19843026172140096,0.09494936034115138,1.0,0.8751651042170033,0.12483489578299668
3875,YIL153W YDR178W,0.0,NA,1.804761154744483e-06,2850,27165,3876,0,0.19845976808002125,0.09495252373813093,1.0,0.875132888760027,0.12486711123997293
3876,YBL043W YMR208W,0.0,NA,1.8056872477245633e-06,2850,27164,3877,0,0.19848927443864153,0.09495568734590525,1.0,0.8751006733030509,0.1248993266969492
3877,YMR096W YKL206C,0.0,NA,1.8111198869519285e-06,2850,27163,3878,0,0.19851878079726182,0.09495885116449539,1.0,0.8750684578460746,0.12493154215392545
3878,YDR406W YER011W,0.0,NA,1.8112513089363347e-06,2850,27162,3879,0,0.1985482871558821,0.09496201519392243,1.0,0.8750362423890983,0.12496375761090171
3879,YDL087C YPL036W,0.0,NA,1.8126733039025567e-06,2850,27161,3880,0,0.1985777935145024,0.09496517943420746,1.0,0.875004026932122,0.12499597306787796
3880,YOR103C YDL222C,0.0,NA,1.8147196669815457e-06,2850,27160,3881,0,0.19860729987312264,0.09496834388537154,1.0,0.8749718114751458,0.12502818852485423
3881,YDR490C YJL095W,0.0,NA,1.8170263729189173e-06,2850,27159,3882,0,0.19863680623174293,0.09497150854743577,1.0,0.8749395960181695,0.1250604039818305
3882,YPL081W YJR089W,0.0,NA,1.8179605376644759e-06,2850,27158,3883,0,0.19866631259036321,0.09497467342042122,1.0,0.8749073805611932,0.12509261943880673
3883,YIL077C YOL041C,0.0,NA,1.8189317643191316e-06,2850,27157,3884,0,0.1986958189489835,0.09497783850434899,1.0,0.874875165104217,0.125124834895783
3884,YPR144C YLR150W,0.0,NA,1.8194452877651202e-06,2850,27156,3885,0,0.19872532530760378,0.09498100379924015,1.0,0.8748429496472407,0.12515705035275926
3885,YFR030W YHR085W,0.0,NA,1.821172418203787e-06,2850,27155,3886,0,0.19875483166622407,0.09498416930511581,1.0,0.8748107341902644,0.12518926580973552
3886,YKL086W YDR082W,0.0,NA,1.8243849808641244e-06,2850,27154,3887,0,0.19878433802484435,0.09498733502199706,1.0,0.8747785187332883,0.12522148126671176
3887,YMR192W YJL122W,0.0,NA,1.8244128341393662e-06,2850,27153,3888,0,0.19881384438346464,0.09499050094990501,1.0,0.874746303276312,0.12525369672368802
3888,YDR122W YBR154C,0.0,NA,1.8300553392691654e-06,2850,27152,3889,0,0.19884335074208492,0.09499366708886074,1.0,0.8747140878193357,0.1252859121806643
3889,YJR046W YPL227C,0.0,NA,1.8305613593838643e-06,2850,27151,3890,0,0.1988728571007052,0.09499683343888538,1.0,0.8746818723623595,0.12531812763764055
3890,YLR127C YHR133C,0.0,NA,1.832821908465121e-06,2850,27150,3891,0,0.1989023634593255,0.095,1.0,0.8746496569053832,0.1253503430946168
3891,YDL220C YLR260W,0.0,NA,1.8368253904554876e-06,2850,27149,3892,0,0.19893186981794578,0.09500316677222574,1.0,0.8746174414484069,0.12538255855159305
3892,YGR221C YDR265W,0.0,NA,1.8375438912698883e-06,2850,27148,3893,0,0.19896137617656606,0.0950063337555837,1.0,0.8745852259914307,0.12541477400856932
3893,YOR363C YHR133C,0.0,NA,1.844668986450415e-06,2850,27147,3894,0,0.19899088253518632,0.09500950095009501,1.0,0.8745530105344544,0.12544698946554556
3894,YMR100W YER082C,0.0,NA,1.8494636151444865e-06,2850,27146,3895,0,0.1990203888938066,0.09501266835578077,1.0,0.8745207950774782,0.12547920492252182
3895,YER090W YOR180C,0.0,NA,1.8576516822577105e-06,2850,27145,3896,0,0.1990498952524269,0.09501583597266211,1.0,0.874488579620502,0.12551142037949808
3896,YNL053W YDR302W,0.0,NA,1.8579632978799054e-06,2850,27144,3897,0,0.19907940161104717,0.09501900380076016,1.0,0.8744563641635257,0.12554363583647435
3897,YER019W YLR025W,0.0,NA,1.8610755887493724e-06,2850,27143,3898,0,0.19910890796966746,0.09502217184009602,1.0,0.8744241487065494,0.12557585129345059
3898,YMR121C YJR136C,0.0,NA,1.8651639948075172e-06,2850,27142,3899,0,0.19913841432828774,0.09502534009069086,1.0,0.8743919332495731,0.12560806675042685
3899,YLL041C YIR019C,0.0,NA,1.8672213855097652e-06,2850,27141,3900,0,0.19916792068690803,0.09502850855256577,1.0,0.8743597177925969,0.12564028220740311
3900,YPR055W YGR222W,0.0,NA,1.869416564659332e-06,2850,27140,3901,0,0.1991974270455283,0.09503167722574192,1.0,0.8743275023356206,0.12567249766437938
3901,YOR056C YLR148W,0.0,NA,1.8721891592576867e-06,2850,27139,3902,0,0.1992269334041486,0.09503484611024042,1.0,0.8742952868786443,0.12570471312135562
3902,YHL001W YHR044C,0.0,NA,1.8762088984658476e-06,2850,27138,3903,0,0.19925643976276888,0.09503801520608243,1.0,0.8742630714216681,0.12573692857833188
3903,YMR139W YDR486C,0.0,NA,1.8764523019854096e-06,2850,27137,3904,0,0.19928594612138917,0.09504118451328909,1.0,0.8742308559646919,0.12576914403530814
3904,YKL144C YOR315W,0.0,NA,1.8837839661500766e-06,2850,27136,3905,0,0.19931545248000945,0.09504435403188155,1.0,0.8741986405077156,0.1258013594922844
3905,YFL054C YJR132W,0.0,NA,1.886642507997749e-06,2850,27135,3906,0,0.19934495883862974,0.09504752376188094,1.0,0.8741664250507394,0.12583357494926065
3906,YOR140W YMR239C,0.0,NA,1.8896641904575517e-06,2850,27134,3907,0,0.19937446519725,0.09505069370330843,1.0,0.8741342095937631,0.1258657904062369
3907,YPL253C YNL015W,0.0,NA,1.8905418528447626e-06,2850,27133,3908,0,0.19940397155587028,0.09505386385618517,1.0,0.8741019941367868,0.12589800586321317
3908,YER114C YPR034W,0.0,NA,1.8962462036142824e-06,2850,27132,3909,0,0.19943347791449056,0.09505703422053231,1.0,0.8740697786798106,0.12593022132018944
3909,YLR220W YMR167W,0.0,NA,1.901053451547341e-06,2850,27131,3910,0,0.19946298427311085,0.09506020479637103,1.0,0.8740375632228343,0.12596243677716568
3910,YLR378C YGR061C,0.0,NA,1.9037730680793175e-06,2850,27130,3911,0,0.19949249063173113,0.09506337558372248,1.0,0.874005347765858,0.12599465223414194
3911,YNL099C YOR163W,0.0,NA,1.9084939140157076e-06,2850,27129,3912,0,0.19952199699035142,0.09506654658260782,1.0,0.8739731323088819,0.1260268676911182
3912,YDR030C YHR107C,0.0,NA,1.9111548681394197e-06,2850,27128,3913,0,0.1995515033489717,0.09506971779304824,1.0,0.8739409168519056,0.12605908314809447
3913,YNL088W YBL014C,0.0,NA,1.9142667042615358e-06,2850,27127,3914,0,0.199581009707592,0.09507288921506488,1.0,0.8739087013949293,0.1260912986050707
3914,YLL040C YOR178C,0.0,NA,1.9143287772749318e-06,2850,27126,3915,0,0.19961051606621227,0.09507606084867894,1.0,0.8738764859379531,0.12612351406204697
3915,YLR175W YBL026W,0.0,NA,1.915658458528924e-06,2850,27125,3916,0,0.19964002242483256,0.0950792326939116,1.0,0.8738442704809768,0.12615572951902324
3916,YPL258C YNL052W,0.0,NA,1.9170181531080743e-06,2850,27124,3917,0,0.19966952878345284,0.09508240475078401,1.0,0.8738120550240005,0.12618794497599947
3917,YKL160W YOR010C,0.0,NA,1.9179744867869886e-06,2850,27123,3918,0,0.19969903514207313,0.09508557701931739,1.0,0.8737798395670242,0.12622016043297574
3918,YHR193C YNL231C,0.0,NA,1.928114443217055e-06,2850,27122,3919,0,0.1997285415006934,0.0950887494995329,1.0,0.873747624110048,0.126252375889952
3919,YPR112C YBR072W,0.0,NA,1.9283277197246207e-06,2850,27121,3920,0,0.19975804785931367,0.09509192219145174,1.0,0.8737154086530717,0.12628459134692827
3920,YGR272C YDL044C,0.0,NA,1.933124394781771e-06,2850,27120,3921,0,0.19978755421793395,0.09509509509509509,1.0,0.8736831931960954,0.1263168068039045
3921,YLR197W YHR072W,0.0,NA,1.9357198652869556e-06,2850,27119,3922,0,0.19981706057655424,0.09509826821048417,1.0,0.8736509777391193,0.12634902226088077
3922,YOR322C YHR148W,0.0,NA,1.9364806576049887e-06,2850,27118,3923,0,0.19984656693517452,0.09510144153764015,1.0,0.873618762282143,0.12638123771785703
3923,YDR140W YPL249C,0.0,NA,1.9387350675970083e-06,2850,27117,3924,0,0.1998760732937948,0.09510461507658424,1.0,0.8735865468251667,0.1264134531748333
3924,YCR039C YGL051W,0.0,NA,1.9396836705709575e-06,2850,27116,3925,0,0.1999055796524151,0.09510778882733766,1.0,0.8735543313681905,0.12644566863180953
3925,YNL080C YDR449C,0.0,NA,1.9416270333749708e-06,2850,27115,3926,0,0.19993508601103538,0.09511096278992158,1.0,0.8735221159112142,0.1264778840887858
3926,YPR070W YGR154C,0.0,NA,1.942829157997039e-06,2850,27114,3927,0,0.19996459236965566,0.09511413696435723,1.0,0.8734899004542379,0.12651009954576206
3927,YML036W YPL256C,0.0,NA,1.944089490280021e-06,2850,27113,3928,0,0.19999409872827595,0.09511731135066583,1.0,0.8734576849972617,0.12654231500273833
3928,YKR068C YFR015C,0.0,NA,1.9477899968478596e-06,2850,27112,3929,0,0.20002360508689623,0.09512048594886857,1.0,0.8734254695402854,0.12657453045971456
3929,YGL065C YNR026C,0.0,NA,1.959639803317259e-06,2850,27111,3930,0,0.20005311144551652,0.09512366075898668,1.0,0.8733932540833091,0.12660674591669083
3930,YDR446W YPL131W,0.0,NA,1.960559529834427e-06,2850,27110,3931,0,0.2000826178041368,0.09512683578104139,1.0,0.873361038626333,0.1266389613736671
3931,YAL007C YJL042W,0.0,NA,1.971588289961801e-06,2850,27109,3932,0,0.2001121241627571,0.0951300110150539,1.0,0.8733288231693567,0.12667117683064336
3932,YGL205W YDR069C,0.0,NA,1.9726114715012955e-06,2850,27108,3933,0,0.20014163052137734,0.09513318646104546,1.0,0.8732966077123804,0.1267033922876196
3933,YDL234C YGL003C,0.0,NA,1.9751450963667594e-06,2850,27107,3934,0,0.20017113687999763,0.09513636211903728,1.0,0.8732643922554042,0.12673560774459586
3934,YPL144W YER110C,0.0,NA,1.9840028926410014e-06,2850,27106,3935,0,0.20020064323861791,0.0951395379890506,1.0,0.8732321767984279,0.12676782320157212
3935,YBL101C YMR106C,0.0,NA,1.9888866518158466e-06,2850,27105,3936,0,0.2002301495972382,0.09514271407110667,1.0,0.8731999613414516,0.12680003865854836
3936,YGL094C YBR214W,0.0,NA,1.9896588128176518e-06,2850,27104,3937,0,0.20025965595585848,0.09514589036522668,1.0,0.8731677458844753,0.12683225411552462
3937,YIL094C YOL044W,0.0,NA,1.990171313082101e-06,2850,27103,3938,0,0.20028916231447877,0.0951490668714319,1.0,0.8731355304274991,0.1268644695725009
3938,YKR094C YBR065C,0.0,NA,1.9912324660253944e-06,2850,27102,3939,0,0.20031866867309905,0.09515224358974358,1.0,0.8731033149705228,0.12689668502947715
3939,YLR397C YOL111C,0.0,NA,1.992206989598344e-06,2850,27101,3940,0,0.20034817503171934,0.09515542052018297,1.0,0.8730710995135466,0.1269289004864534
3940,YCL027W YDR500C,0.0,NA,2.0005516034871107e-06,2850,27100,3941,0,0.20037768139033962,0.09515859766277128,1.0,0.8730388840565704,0.12696111594342965
3941,YER073W YPL171C,0.0,NA,2.006916929531144e-06,2850,27099,3942,0,0.2004071877489599,0.0951617750175298,1.0,0.8730066685995941,0.12699333140040592
3942,YOR195W YOR108W,0.0,NA,2.007994680752745e-06,2850,27098,3943,0,0.2004366941075802,0.09516495258447977,1.0,0.8729744531426178,0.12702554685738218
3943,YDR206W YJL177W,0.0,NA,2.0093932562303962e-06,2850,27097,3944,0,0.20046620046620048,0.09516813036364244,1.0,0.8729422376856416,0.12705776231435842
3944,YJL059W YOL001W,0.0,NA,2.0150312138866866e-06,2850,27096,3945,0,0.20049570682482074,0.09517130835503906,1.0,0.8729100222286653,0.12708997777133468
3945,YCL039W YGL197W,0.0,NA,2.0238187516952166e-06,2850,27095,3946,0,0.20052521318344102,0.09517448655869093,1.0,0.872877806771689,0.12712219322831095
3946,YER102W YOR310C,0.0,NA,2.0240004232618958e-06,2850,27094,3947,0,0.2005547195420613,0.09517766497461928,1.0,0.8728455913147128,0.1271544086852872
3947,YDR064W YPL149W,0.0,NA,2.0262425550754415e-06,2850,27093,3948,0,0.2005842259006816,0.0951808436028454,1.0,0.8728133758577366,0.12718662414226345
3948,YER117W YJL140W,0.0,NA,2.0302929897297872e-06,2850,27092,3949,0,0.20061373225930187,0.09518402244339055,1.0,0.8727811604007603,0.1272188395992397
3949,YOR320C YPR070W,0.0,NA,2.0345185021142242e-06,2850,27091,3950,0,0.20064323861792216,0.095187201496276,1.0,0.8727489449437841,0.12725105505621598
3950,YLR299W YPR049C,0.0,NA,2.037415242739371e-06,2850,27090,3951,0,0.20067274497654244,0.09519038076152304,1.0,0.8727167294868078,0.12728327051319224
3951,YCR047C YKR054C,0.0,NA,2.045533847194747e-06,2850,27089,3952,0,0.20070225133516273,0.09519356023915294,1.0,0.8726845140298315,0.12731548597016848
3952,YGL087C YBR181C,0.0,NA,2.0461054646148114e-06,2850,27088,3953,0,0.20073175769378301,0.09519673992918698,1.0,0.8726522985728552,0.12734770142714474
3953,YGR154C YHR085W,0.0,NA,2.046759391305386e-06,2850,27087,3954,0,0.2007612640524033,0.09519991983164645,1.0,0.872620083115879,0.127379916884121
3954,YKL156W YGR086C,0.0,NA,2.049988552244031e-06,2850,27086,3955,0,0.20079077041102358,0.09520309994655264,1.0,0.8725878676589027,0.12741213234109725
3955,YJR156C YLR043C,0.0,NA,2.0571092136378866e-06,2850,27085,3956,0,0.20082027676964387,0.09520628027392684,1.0,0.8725556522019264,0.1274443477980735
3956,YLR166C YOR272W,0.0,NA,2.057900019281078e-06,2850,27084,3957,0,0.20084978312826415,0.09520946081379034,1.0,0.8725234367449503,0.12747656325504977
3957,YDR500C YNL279W,0.0,NA,2.062407020275714e-06,2850,27083,3958,0,0.2008792894868844,0.09521264156616444,1.0,0.872491221287974,0.12750877871202604
3958,YOR028C YDL076C,0.0,NA,2.0625880097213667e-06,2850,27082,3959,0,0.2009087958455047,0.09521582253107043,1.0,0.8724590058309977,0.12754099416900228
3959,YDR006C YJL134W,0.0,NA,2.063670081042801e-06,2850,27081,3960,0,0.20093830220412498,0.09521900370852962,1.0,0.8724267903740215,0.12757320962597854
3960,YDR151C YAL060W,0.0,NA,2.063994770651334e-06,2850,27080,3961,0,0.20096780856274526,0.09522218509856331,1.0,0.8723945749170452,0.1276054250829548
3961,YOL144W YML076C,0.0,NA,2.0647566998377442e-06,2850,27079,3962,0,0.20099731492136555,0.09522536670119282,1.0,0.8723623594600689,0.12763764053993107
3962,YPL265W YOR151C,0.0,NA,2.067172317765653e-06,2850,27078,3963,0,0.20102682127998583,0.09522854851643946,1.0,0.8723301440030927,0.1276698559969073
3963,YNL189W YBR128C,0.0,NA,2.067260993499076e-06,2850,27077,3964,0,0.20105632763860612,0.09523173054432452,1.0,0.8722979285461164,0.12770207145388357
3964,YLR298C YLL039C,0.0,NA,2.067590230581118e-06,2850,27076,3965,0,0.2010858339972264,0.09523491278486934,1.0,0.8722657130891401,0.12773428691085983
3965,YHR216W YDR177W,0.0,NA,2.0702598249044968e-06,2850,27075,3966,0,0.2011153403558467,0.09523809523809523,1.0,0.872233497632164,0.1277665023678361
3966,YDL082W YGL120C,0.0,NA,2.071403287118301e-06,2850,27074,3967,0,0.20114484671446697,0.09524127790402352,1.0,0.8722012821751877,0.12779871782481234
3967,YKR057W YPL026C,0.0,NA,2.0728714389406377e-06,2850,27073,3968,0,0.20117435307308726,0.09524446078267554,1.0,0.8721690667182114,0.1278309332817886
3968,YKR069W YGR232W,0.0,NA,2.075619249808369e-06,2850,27072,3969,0,0.20120385943170754,0.09524764387407259,1.0,0.8721368512612352,0.12786314873876486
3969,YPR009W YOL127W,0.0,NA,2.0766865418408997e-06,2850,27071,3970,0,0.20123336579032783,0.09525082717823602,1.0,0.8721046358042589,0.12789536419574113
3970,YIL003W YOL123W,0.0,NA,2.0777758891199483e-06,2850,27070,3971,0,0.20126287214894809,0.09525401069518717,1.0,0.8720724203472826,0.12792757965271737
3971,YDL112W YDR373W,0.0,NA,2.0787056200788356e-06,2850,27069,3972,0,0.20129237850756837,0.09525719442494736,1.0,0.8720402048903063,0.12795979510969363
3972,YBR161W YMR217W,0.0,NA,2.079280420730356e-06,2850,27068,3973,0,0.20132188486618866,0.09526037836753794,1.0,0.8720079894333301,0.1279920105666699
3973,YCR040W YER081W,0.0,NA,2.0795857835764764e-06,2850,27067,3974,0,0.20135139122480894,0.09526356252298024,1.0,0.8719757739763538,0.12802422602364613
3974,YLR216C YAL060W,0.0,NA,2.090482439598418e-06,2850,27066,3975,0,0.20138089758342922,0.09526674689129563,1.0,0.8719435585193775,0.1280564414806224
3975,YMR322C YBR118W,0.0,NA,2.091770738843479e-06,2850,27065,3976,0,0.2014104039420495,0.09526993147250543,1.0,0.8719113430624014,0.12808865693759866
3976,YLR056W YER190W,0.0,NA,2.09449763133307e-06,2850,27064,3977,0,0.2014399103006698,0.09527311626663101,1.0,0.8718791276054251,0.12812087239457493
3977,YLR109W YBL072C,0.0,NA,2.0945255982951494e-06,2850,27063,3978,0,0.20146941665929008,0.09527630127369371,1.0,0.8718469121484488,0.12815308785155116
3978,YPR043W YEL019C,0.0,NA,2.0967859200027306e-06,2850,27062,3979,0,0.20149892301791036,0.0952794864937149,1.0,0.8718146966914726,0.12818530330852743
3979,YNL130C YBL097W,0.0,NA,2.1026110061939107e-06,2850,27061,3980,0,0.20152842937653065,0.09528267192671593,1.0,0.8717824812344963,0.1282175187655037
3980,YPL256C YPL269W,0.0,NA,2.1045509583927924e-06,2850,27060,3981,0,0.20155793573515093,0.09528585757271815,1.0,0.87175026577752,0.12824973422247996
3981,YOR236W YPL016W,0.0,NA,2.1057535377622116e-06,2850,27059,3982,0,0.20158744209377122,0.09528904343174295,1.0,0.8717180503205438,0.1282819496794562
3982,YGR175C YIR001C,0.0,NA,2.108152557411813e-06,2850,27058,3983,0,0.2016169484523915,0.09529222950381169,1.0,0.8716858348635675,0.12831416513643246
3983,YDR451C YOR303W,0.0,NA,2.1115370145707857e-06,2850,27057,3984,0,0.20164645481101176,0.09529541578894574,1.0,0.8716536194065913,0.12834638059340872
3984,YIL038C YJL184W,0.0,NA,2.1120022211107425e-06,2850,27056,3985,0,0.20167596116963205,0.09529860228716645,1.0,0.8716214039496151,0.12837859605038499
3985,YJR156C YPL047W,0.0,NA,2.113438767992193e-06,2850,27055,3986,0,0.20170546752825233,0.09530178899849523,1.0,0.8715891884926388,0.12841081150736122
3986,YHR158C YLR129W,0.0,NA,2.1145092432561796e-06,2850,27054,3987,0,0.20173497388687262,0.09530497592295345,1.0,0.8715569730356625,0.1284430269643375
3987,YPL189W YMR246W,0.0,NA,2.116169525834266e-06,2850,27053,3988,0,0.2017644802454929,0.09530816306056249,1.0,0.8715247575786863,0.12847524242131375
3988,YNL167C YGL205W,0.0,NA,2.1203229607635876e-06,2850,27052,3989,0,0.20179398660411318,0.09531135041134373,1.0,0.87149254212171,0.12850745787829002
3989,YHR085W YPR046W,0.0,NA,2.1210307750152424e-06,2850,27051,3990,0,0.20182349296273347,0.09531453797531855,1.0,0.8714603266647337,0.12853967333526625
3990,YFL011W YPL028W,0.0,NA,2.1214596017671283e-06,2850,27050,3991,0,0.20185299932135375,0.09531772575250837,1.0,0.8714281112077574,0.12857188879224252
3991,YGR120C YBR263W,0.0,NA,2.1221030692686327e-06,2850,27049,3992,0,0.20188250567997404,0.09532091374293454,1.0,0.8713958957507812,0.12860410424921878
3992,YKL174C YOL120C,0.0,NA,2.1275195649650414e-06,2850,27048,3993,0,0.20191201203859432,0.0953241019466185,1.0,0.871363680293805,0.12863631970619505
3993,YKL011C YMR138W,0.0,NA,2.1279356587911025e-06,2850,27047,3994,0,0.2019415183972146,0.09532729036358163,1.0,0.8713314648368287,0.12866853516317128
3994,YCR106W YDR197W,0.0,NA,2.1289483811415266e-06,2850,27046,3995,0,0.2019710247558349,0.09533047899384534,1.0,0.8712992493798525,0.12870075062014755
3995,YBL005W YKL074C,0.0,NA,2.1290072709234664e-06,2850,27045,3996,0,0.20200053111445518,0.09533366783743101,1.0,0.8712670339228762,0.1287329660771238
3996,YDR324C YMR179W,0.0,NA,2.1294135876814835e-06,2850,27044,3997,0,0.20203003747307544,0.09533685689436007,1.0,0.8712348184658999,0.12876518153410005
3997,YIR008C YLR020C,0.0,NA,2.131859901055577e-06,2850,27043,3998,0,0.20205954383169572,0.09534004616465393,1.0,0.8712026030089237,0.1287973969910763
3998,YDR471W YMR009W,0.0,NA,2.132652980435523e-06,2850,27042,3999,0,0.202089050190316,0.095343235648334,1.0,0.8711703875519474,0.12882961244805258
3999,YJL034W YNL147W,0.0,NA,2.1359951460908633e-06,2850,27041,4000,0,0.2021185565489363,0.0953464253454217,1.0,0.8711381720949711,0.12886182790502884
4000,YNL247W YAL068C,0.0,NA,2.1365779048210243e-06,2850,27040,4001,0,0.20214806290755657,0.09534961525593844,1.0,0.871105956637995,0.12889404336200508
4001,YNL047C YLR024C,0.0,NA,2.1377579741965747e-06,2850,27039,4002,0,0.20217756926617686,0.09535280537990565,1.0,0.8710737411810187,0.12892625881898134
4002,YMR301C YDR331W,0.0,NA,2.139532170986058e-06,2850,27038,4003,0,0.20220707562479714,0.09535599571734475,1.0,0.8710415257240424,0.1289584742759576
4003,YFL024C YDR044W,0.0,NA,2.143228584827739e-06,2850,27037,4004,0,0.20223658198341743,0.09535918626827718,1.0,0.8710093102670662,0.12899068973293387
4004,YHR139C YHR085W,0.0,NA,2.1458322407852393e-06,2850,27036,4005,0,0.20226608834203771,0.09536237703272435,1.0,0.8709770948100899,0.1290229051899101
4005,YBR240C YBR172C,0.0,NA,2.150658929167548e-06,2850,27035,4006,0,0.202295594700658,0.09536556801070771,1.0,0.8709448793531136,0.12905512064688637
4006,YCL029C YOR386W,0.0,NA,2.1515902517421637e-06,2850,27034,4007,0,0.20232510105927828,0.0953687592022487,1.0,0.8709126638961374,0.12908733610386264
4007,YML125C YMR069W,0.0,NA,2.1535672658501426e-06,2850,27033,4008,0,0.20235460741789857,0.09537195060736874,1.0,0.8708804484391611,0.1291195515608389
4008,YOR209C YGR285C,0.0,NA,2.1544526589423185e-06,2850,27032,4009,0,0.20238411377651885,0.09537514222608928,1.0,0.8708482329821848,0.12915176701781514
4009,YPL095C YMR301C,0.0,NA,2.1564876533375354e-06,2850,27031,4010,0,0.2024136201351391,0.09537833405843178,1.0,0.8708160175252085,0.1291839824747914
4010,YIL048W YHR048W,0.0,NA,2.158652250727755e-06,2850,27030,4011,0,0.2024431264937594,0.09538152610441768,1.0,0.8707838020682324,0.12921619793176767
4011,YAL036C YLR305C,0.0,NA,2.1587100036413176e-06,2850,27029,4012,0,0.20247263285237968,0.09538471836406841,1.0,0.8707515866112561,0.12924841338874393
4012,YGL113W YJR073C,0.0,NA,2.1591629320028005e-06,2850,27028,4013,0,0.20250213921099997,0.09538791083740544,1.0,0.8707193711542798,0.12928062884572017
4013,YFL013C YBR086C,0.0,NA,2.160936674044933e-06,2850,27027,4014,0,0.20253164556962025,0.09539110352445025,1.0,0.8706871556973036,0.12931284430269643
4014,YPL038W YNL248C,0.0,NA,2.161396196243004e-06,2850,27026,4015,0,0.20256115192824053,0.09539429642522426,1.0,0.8706549402403273,0.1293450597596727
4015,YPR007C YCR002C,0.0,NA,2.1615651348838583e-06,2850,27025,4016,0,0.20259065828686082,0.09539748953974896,1.0,0.870622724783351,0.12937727521664893
4016,YBR214W YJL207C,0.0,NA,2.164461420761654e-06,2850,27024,4017,0,0.2026201646454811,0.09540068286804579,1.0,0.8705905093263748,0.1294094906736252
4017,YDR517W YDR253C,0.0,NA,2.16763214666571e-06,2850,27023,4018,0,0.2026496710041014,0.09540387641013624,1.0,0.8705582938693985,0.12944170613060146
4018,YCL039W YHR026W,0.0,NA,2.1709358861699e-06,2850,27022,4019,0,0.20267917736272167,0.09540707016604177,1.0,0.8705260784124222,0.12947392158757773
4019,YOL041C YPR139C,0.0,NA,2.175315103158937e-06,2850,27021,4020,0,0.20270868372134196,0.09541026413578386,1.0,0.8704938629554461,0.12950613704455397
4020,YNL182C YPR023C,0.0,NA,2.180969431719859e-06,2850,27020,4021,0,0.20273819007996224,0.095413458319384,1.0,0.8704616474984698,0.12953835250153023
4021,YPR043W YPL143W,0.0,NA,2.185706307500368e-06,2850,27019,4022,0,0.2027676964385825,0.09541665271686364,1.0,0.8704294320414935,0.1295705679585065
4022,YEL040W YOR261C,0.0,NA,2.186521442126832e-06,2850,27018,4023,0,0.20279720279720279,0.09541984732824428,1.0,0.8703972165845173,0.12960278341548276
4023,YGL104C YOL010W,0.0,NA,2.187282689192216e-06,2850,27017,4024,0,0.20282670915582307,0.0954230421535474,1.0,0.870365001127541,0.129634998872459
4024,YCL033C YGL077C,0.0,NA,2.1966623080516e-06,2850,27016,4025,0,0.20285621551444336,0.09542623719279449,1.0,0.8703327856705647,0.12966721432943526
4025,YDR103W YAR035W,0.0,NA,2.1990372260916047e-06,2850,27015,4026,0,0.20288572187306364,0.09542943244600703,1.0,0.8703005702135885,0.12969942978641152
4026,YEL022W YBR048W,0.0,NA,2.1996706891513895e-06,2850,27014,4027,0,0.20291522823168393,0.09543262791320653,1.0,0.8702683547566122,0.1297316452433878
4027,YEL066W YBR030W,0.0,NA,2.2000378976372303e-06,2850,27013,4028,0,0.2029447345903042,0.09543582359441449,1.0,0.870236139299636,0.12976386070036403
4028,YOR090C YML123C,0.0,NA,2.2074377739045303e-06,2850,27012,4029,0,0.2029742409489245,0.0954390194896524,1.0,0.8702039238426597,0.1297960761573403
4029,YPR180W YOL054W,0.0,NA,2.2132894628157374e-06,2850,27011,4030,0,0.20300374730754478,0.09544221559894177,1.0,0.8701717083856835,0.12982829161431655
4030,YML100W YML006C,0.0,NA,2.2138508484204067e-06,2850,27010,4031,0,0.20303325366616506,0.09544541192230409,1.0,0.8701394929287072,0.12986050707129282
4031,YOL010W YBR038W,0.0,NA,2.214851747339708e-06,2850,27009,4032,0,0.20306276002478535,0.09544860845976087,1.0,0.8701072774717309,0.12989272252826906
4032,YDL052C YJL134W,0.0,NA,2.223192041128641e-06,2850,27008,4033,0,0.20309226638340563,0.09545180521133365,1.0,0.8700750620147547,0.12992493798524532
4033,YDL038C YLL034C,0.0,NA,2.2266272026172373e-06,2850,27007,4034,0,0.20312177274202592,0.0954550021770439,1.0,0.8700428465577784,0.12995715344222158
4034,YLR051C YNL333W,0.0,NA,2.226748165412573e-06,2850,27006,4035,0,0.20315127910064618,0.09545819935691319,1.0,0.8700106311008021,0.12998936889919782
4035,YIR027C YBR112C,0.0,NA,2.2283479665929917e-06,2850,27005,4036,0,0.20318078545926646,0.09546139675096299,1.0,0.8699784156438259,0.13002158435617409
4036,YOL144W YKR099W,0.0,NA,2.232412498415215e-06,2850,27004,4037,0,0.20321029181788675,0.09546459435921485,1.0,0.8699462001868496,0.13005379981315035
4037,YDR343C YBL027W,0.0,NA,2.232521183032077e-06,2850,27003,4038,0,0.20323979817650703,0.09546779218169028,1.0,0.8699139847298734,0.13008601527012661
4038,YHR007C YGR085C,0.0,NA,2.2397100565285655e-06,2850,27002,4039,0,0.20326930453512732,0.09547099021841082,1.0,0.8698817692728972,0.13011823072710285
4039,YNL099C YGL223C,0.0,NA,2.241325319118914e-06,2850,27001,4040,0,0.2032988108937476,0.09547418846939801,1.0,0.8698495538159209,0.13015044618407912
4040,YPL167C YEL054C,0.0,NA,2.246416215712088e-06,2850,27000,4041,0,0.20332831725236789,0.09547738693467336,1.0,0.8698173383589446,0.13018266164105538
4041,YJL212C YDR085C,0.0,NA,2.2520039237861056e-06,2850,26999,4042,0,0.20335782361098817,0.09548058561425843,1.0,0.8697851229019684,0.13021487709803165
4042,YLL028W YBR038W,0.0,NA,2.2544236344401725e-06,2850,26998,4043,0,0.20338732996960845,0.09548378450817475,1.0,0.8697529074449921,0.13024709255500788
4043,YDR406W YER146W,0.0,NA,2.2552685550181195e-06,2850,26997,4044,0,0.20341683632822874,0.09548698361644387,1.0,0.8697206919880158,0.13027930801198415
4044,YLR216C YNL099C,0.0,NA,2.2557051124749705e-06,2850,26996,4045,0,0.20344634268684902,0.09549018293908731,1.0,0.8696884765310396,0.1303115234689604
4045,YGL127C YLR215C,0.0,NA,2.258027734569623e-06,2850,26995,4046,0,0.2034758490454693,0.09549338247612665,1.0,0.8696562610740634,0.13034373892593668
4046,YER090W YOR244W,0.0,NA,2.2619803985435283e-06,2850,26994,4047,0,0.2035053554040896,0.09549658222758343,1.0,0.8696240456170871,0.1303759543829129
4047,YDR143C YDR069C,0.0,NA,2.262083853565855e-06,2850,26993,4048,0,0.20353486176270985,0.09549978219347921,1.0,0.8695918301601108,0.13040816983988918
4048,YLR221C YOL116W,0.0,NA,2.26660586122307e-06,2850,26992,4049,0,0.20356436812133014,0.09550298237383553,1.0,0.8695596147031346,0.13044038529686544
4049,YJR016C YAL015C,0.0,NA,2.2731042008672375e-06,2850,26991,4050,0,0.20359387447995042,0.09550618276867397,1.0,0.8695273992461583,0.1304726007538417
4050,YOR056C YNL233W,0.0,NA,2.2755291411158396e-06,2850,26990,4051,0,0.2036233808385707,0.09550938337801608,1.0,0.869495183789182,0.13050481621081794
4051,YCR089W YDL247W,0.0,NA,2.2785736746300245e-06,2850,26989,4052,0,0.203652887197191,0.09551258420188344,1.0,0.8694629683322058,0.1305370316677942
4052,YPL024W YCR073W-A,0.0,NA,2.2793822154199006e-06,2850,26988,4053,0,0.20368239355581128,0.09551578524029761,1.0,0.8694307528752295,0.13056924712477047
4053,YDL230W YJR106W,0.0,NA,2.281698471051641e-06,2850,26987,4054,0,0.20371189991443156,0.09551898649328015,1.0,0.8693985374182532,0.13060146258174674
4054,YMR299C YMR063W,0.0,NA,2.3019065338303335e-06,2850,26986,4055,0,0.20374140627305184,0.09552218796085266,1.0,0.869366321961277,0.13063367803872297
4055,YDR390C YKL034W,0.0,NA,2.304606141478871e-06,2850,26985,4056,0,0.20377091263167213,0.0955253896430367,1.0,0.8693341065043008,0.13066589349569924
4056,YKL068W YAR007C,0.0,NA,2.3058923943608534e-06,2850,26984,4057,0,0.20380041899029241,0.09552859153985385,1.0,0.8693018910473245,0.1306981089526755
4057,YER024W YDR299W,0.0,NA,2.320947487532976e-06,2850,26983,4058,0,0.2038299253489127,0.09553179365132572,1.0,0.8692696755903483,0.13073032440965174
4058,YBR035C YNR054C,0.0,NA,2.3220213734020945e-06,2850,26982,4059,0,0.20385943170753298,0.09553499597747385,1.0,0.869237460133372,0.130762539866628
4059,YOL091W YGL244W,0.0,NA,2.3243078430823516e-06,2850,26981,4060,0,0.20388893806615327,0.09553819851831986,1.0,0.8692052446763957,0.13079475532360427
4060,YGR032W YJR036C,0.0,NA,2.331071755179437e-06,2850,26980,4061,0,0.20391844442477353,0.09554140127388536,1.0,0.8691730292194195,0.13082697078058053
4061,YHR088W YIL159W,0.0,NA,2.3342217900790274e-06,2850,26979,4062,0,0.2039479507833938,0.0955446042441919,1.0,0.8691408137624432,0.13085918623755677
4062,YNL246W YCL043C,0.0,NA,2.3440056793333497e-06,2850,26978,4063,0,0.2039774571420141,0.0955478074292611,1.0,0.8691085983054669,0.13089140169453303
4063,YDL126C YLR248W,0.0,NA,2.3474574391002534e-06,2850,26977,4064,0,0.20400696350063438,0.09555101082911456,1.0,0.8690763828484908,0.1309236171515093
4064,YPL208W YKL216W,0.0,NA,2.3480038180423435e-06,2850,26976,4065,0,0.20403646985925467,0.09555421444377389,1.0,0.8690441673915145,0.13095583260848556
4065,YMR199W YBL084C,0.0,NA,2.359642849114607e-06,2850,26975,4066,0,0.20406597621787495,0.09555741827326068,1.0,0.8690119519345382,0.1309880480654618
4066,YDR103W YMR011W,0.0,NA,2.3734824026178103e-06,2850,26974,4067,0,0.20409548257649524,0.09556062231759657,1.0,0.8689797364775619,0.13102026352243806
4067,YMR251W-A YML057W,0.0,NA,2.3761162992741447e-06,2850,26973,4068,0,0.20412498893511552,0.09556382657680314,1.0,0.8689475210205857,0.13105247897941433
4068,YGL190C YFR024C-A,0.0,NA,2.3770953703206033e-06,2850,26972,4069,0,0.2041544952937358,0.09556703105090202,1.0,0.8689153055636094,0.1310846944363906
4069,YJR068W YOR180C,0.0,NA,2.378748604314751e-06,2850,26971,4070,0,0.2041840016523561,0.09557023573991483,1.0,0.8688830901066331,0.13111690989336683
4070,YJL001W YDL149W,0.0,NA,2.3798399979568785e-06,2850,26970,4071,0,0.20421350801097637,0.09557344064386318,1.0,0.8688508746496569,0.1311491253503431
4071,YBL046W YGR198W,0.0,NA,2.3811455776012735e-06,2850,26969,4072,0,0.20424301436959666,0.09557664576276871,1.0,0.8688186591926806,0.13118134080731936
4072,YBR166C YPL226W,0.0,NA,2.3813045118004084e-06,2850,26968,4073,0,0.20427252072821694,0.09557985109665303,1.0,0.8687864437357044,0.13121355626429562
4073,YHL011C YDR087C,0.0,NA,2.381894773861859e-06,2850,26967,4074,0,0.2043020270868372,0.09558305664553778,1.0,0.8687542282787282,0.13124577172127186
4074,YNL008C YEL026W,0.0,NA,2.38211077885353e-06,2850,26966,4075,0,0.20433153344545749,0.0955862624094446,1.0,0.8687220128217519,0.13127798717824812
4075,YPR164W YNL244C,0.0,NA,2.382835646130843e-06,2850,26965,4076,0,0.20436103980407777,0.0955894683883951,1.0,0.8686897973647756,0.1313102026352244
4076,YDR263C YDR449C,0.0,NA,2.3898883227957413e-06,2850,26964,4077,0,0.20439054616269806,0.09559267458241094,1.0,0.8686575819077994,0.13134241809220062
4077,YMR095C YER030W,0.0,NA,2.390544750596746e-06,2850,26963,4078,0,0.20442005252131834,0.09559588099151377,1.0,0.8686253664508231,0.1313746335491769
4078,YEL012W YIL036W,0.0,NA,2.3930674615257885e-06,2850,26962,4079,0,0.20444955887993863,0.0955990876157252,1.0,0.8685931509938468,0.13140684900615315
4079,YHR072W YPL016W,0.0,NA,2.3942227471707156e-06,2850,26961,4080,0,0.2044790652385589,0.09560229445506692,1.0,0.8685609355368706,0.13143906446312942
4080,YDL085W YNL091W,0.0,NA,2.3999698441912187e-06,2850,26960,4081,0,0.2045085715971792,0.09560550150956056,1.0,0.8685287200798943,0.13147127992010565
4081,YKL043W YHL022C,0.0,NA,2.4007022147998214e-06,2850,26959,4082,0,0.20453807795579948,0.09560870877922775,1.0,0.868496504622918,0.13150349537708192
4082,YHR036W YBR143C,0.0,NA,2.4069192932074657e-06,2850,26958,4083,0,0.20456758431441976,0.09561191626409017,1.0,0.8684642891659419,0.13153571083405818
4083,YFR001W YOR103C,0.0,NA,2.410410843367572e-06,2850,26957,4084,0,0.20459709067304005,0.09561512396416949,1.0,0.8684320737089656,0.13156792629103445
4084,YPR030W YER118C,0.0,NA,2.4116202439472545e-06,2850,26956,4085,0,0.20462659703166033,0.09561833187948734,1.0,0.8683998582519893,0.13160014174801068
4085,YER142C YIL090W,0.0,NA,2.414920572846313e-06,2850,26955,4086,0,0.20465610339028062,0.09562154001006543,1.0,0.868367642795013,0.13163235720498695
4086,YKL048C YGR249W,0.0,NA,2.4180894797609653e-06,2850,26954,4087,0,0.20468560974890088,0.09562474835592538,1.0,0.8683354273380368,0.13166457266196321
4087,YIR006C YDL247W,0.0,NA,2.422033730908879e-06,2850,26953,4088,0,0.20471511610752116,0.09562795691708888,1.0,0.8683032118810605,0.13169678811893948
4088,YNL297C YER110C,0.0,NA,2.425995944577153e-06,2850,26952,4089,0,0.20474462246614145,0.09563116569357762,1.0,0.8682709964240842,0.13172900357591572
4089,YER104W YDR163W,0.0,NA,2.426750143058598e-06,2850,26951,4090,0,0.20477412882476173,0.09563437468541323,1.0,0.868238780967108,0.13176121903289198
4090,YGR276C YDR232W,0.0,NA,2.4344087705685524e-06,2850,26950,4091,0,0.20480363518338202,0.09563758389261745,1.0,0.8682065655101318,0.13179343448986824
4091,YOR134W YIL009C-A,0.0,NA,2.4363762349821627e-06,2850,26949,4092,0,0.2048331415420023,0.09564079331521191,1.0,0.8681743500531555,0.1318256499468445
4092,YKR014C YCL048W,0.0,NA,2.438900764900609e-06,2850,26948,4093,0,0.20486264790062259,0.09564400295321834,1.0,0.8681421345961793,0.13185786540382075
4093,YER082C YJR106W,0.0,NA,2.4395264972554287e-06,2850,26947,4094,0,0.20489215425924287,0.09564721280665839,1.0,0.868109919139203,0.131890080860797
4094,YKR010C YHL015W,0.0,NA,2.440461912556202e-06,2850,26946,4095,0,0.20492166061786316,0.09565042287555377,1.0,0.8680777036822267,0.13192229631777327
4095,YIL120W YGR138C,0.0,NA,2.443081712044659e-06,2850,26945,4096,0,0.20495116697648344,0.09565363315992616,1.0,0.8680454882252505,0.1319545117747495
4096,YLR354C YPR144C,0.0,NA,2.44850707531441e-06,2850,26944,4097,0,0.20498067333510372,0.09565684365979728,1.0,0.8680132727682742,0.13198672723172578
4097,YJL187C YEL054C,0.0,NA,2.454445393595961e-06,2850,26943,4098,0,0.205010179693724,0.0956600543751888,1.0,0.8679810573112979,0.13201894268870204
4098,YJR016C YAL056W,0.0,NA,2.4609776119177695e-06,2850,26942,4099,0,0.20503968605234427,0.09566326530612244,1.0,0.8679488418543218,0.1320511581456783
4099,YJL167W YMR036C,0.0,NA,2.464973022142658e-06,2850,26941,4100,0,0.20506919241096455,0.09566647645261991,1.0,0.8679166263973455,0.13208337360265454
4100,YML058W YCL044C,0.0,NA,2.468070988470572e-06,2850,26940,4101,0,0.20509869876958484,0.09566968781470292,1.0,0.8678844109403692,0.1321155890596308
4101,YHR072W YHR176W,0.0,NA,2.469742867106106e-06,2850,26939,4102,0,0.20512820512820512,0.09567289939239317,1.0,0.867852195483393,0.13214780451660707
4102,YKL080W YJR095W,0.0,NA,2.4728867629164597e-06,2850,26938,4103,0,0.2051577114868254,0.09567611118571237,1.0,0.8678199800264167,0.13218001997358333
4103,YIL047C YOL102C,0.0,NA,2.474141638231231e-06,2850,26937,4104,0,0.2051872178454457,0.09567932319468224,1.0,0.8677877645694404,0.13221223543055957
4104,YDL095W YIL073C,0.0,NA,2.4776313694019336e-06,2850,26936,4105,0,0.20521672420406598,0.09568253541932452,1.0,0.8677555491124641,0.13224445088753584
4105,YBR213W YPR069C,0.0,NA,2.4885221137083136e-06,2850,26935,4106,0,0.20524623056268626,0.0956857478596609,1.0,0.8677233336554879,0.1322766663445121
4106,YOL113W YPL228W,0.0,NA,2.4964565454865806e-06,2850,26934,4107,0,0.20527573692130655,0.09568896051571313,1.0,0.8676911181985116,0.13230888180148836
4107,YGL043W YOR028C,0.0,NA,2.4967898752947804e-06,2850,26933,4108,0,0.20530524327992683,0.09569217338750294,1.0,0.8676589027415353,0.1323410972584646
4108,YML115C YLR245C,0.0,NA,2.5006097530422267e-06,2850,26932,4109,0,0.20533474963854711,0.09569538647505205,1.0,0.8676266872845592,0.13237331271544087
4109,YML097C YBR035C,0.0,NA,2.501172730262624e-06,2850,26931,4110,0,0.2053642559971674,0.09569859977838219,1.0,0.8675944718275829,0.13240552817241713
4110,YMR123W YBR050C,0.0,NA,2.5084343633352546e-06,2850,26930,4111,0,0.20539376235578768,0.0957018132975151,1.0,0.8675622563706066,0.1324377436293934
4111,YOR160W YPL120W,0.0,NA,2.509980276954593e-06,2850,26929,4112,0,0.20542326871440794,0.09570502703247255,1.0,0.8675300409136304,0.13246995908636963
4112,YFR010W YML106W,0.0,NA,2.5100712264247704e-06,2850,26928,4113,0,0.20545277507302823,0.09570824098327624,1.0,0.8674978254566541,0.1325021745433459
4113,YIR005W YBR106W,0.0,NA,2.510147851353395e-06,2850,26927,4114,0,0.2054822814316485,0.09571145514994794,1.0,0.8674656099996778,0.13253439000032216
4114,YHR104W YDL161W,0.0,NA,2.5108397494477686e-06,2850,26926,4115,0,0.2055117877902688,0.0957146695325094,1.0,0.8674333945427016,0.13256660545729843
4115,YML060W YPL043W,0.0,NA,2.512197852411191e-06,2850,26925,4116,0,0.20554129414888908,0.09571788413098237,1.0,0.8674011790857253,0.13259882091427466
4116,YLL011W YPL176C,0.0,NA,2.513448634999804e-06,2850,26924,4117,0,0.20557080050750937,0.09572109894538859,1.0,0.867368963628749,0.13263103637125093
4117,YNL097C YOR011W,0.0,NA,2.513971367079648e-06,2850,26923,4118,0,0.20560030686612965,0.09572431397574985,1.0,0.8673367481717729,0.1326632518282272
4118,YDR055W YGR184C,0.0,NA,2.5192177872668253e-06,2850,26922,4119,0,0.20562981322474994,0.09572752922208787,1.0,0.8673045327147966,0.13269546728520343
4119,YBR248C YIL038C,0.0,NA,2.520246198400855e-06,2850,26921,4120,0,0.20565931958337022,0.09573074468442444,1.0,0.8672723172578203,0.1327276827421797
4120,YFL017C YJL041W,0.0,NA,2.5236327019229066e-06,2850,26920,4121,0,0.2056888259419905,0.09573396036278133,1.0,0.8672401018008441,0.13275989819915596
4121,YFL056C YJL207C,0.0,NA,2.537080945330672e-06,2850,26919,4122,0,0.2057183323006108,0.09573717625718028,1.0,0.8672078863438678,0.13279211365613222
4122,YGR217W YJR021C,0.0,NA,2.5400684080523206e-06,2850,26918,4123,0,0.20574783865923107,0.0957403923676431,1.0,0.8671756708868915,0.13282432911310846
4123,YIL047C YER147C,0.0,NA,2.5474748781562084e-06,2850,26917,4124,0,0.20577734501785136,0.09574360869419156,1.0,0.8671434554299152,0.13285654457008472
4124,YPL274W YHR028C,0.0,NA,2.549076270952355e-06,2850,26916,4125,0,0.20580685137647162,0.09574682523684741,1.0,0.867111239972939,0.132888760027061
4125,YMR009W YOR361C,0.0,NA,2.5512310912745306e-06,2850,26915,4126,0,0.2058363577350919,0.09575004199563246,1.0,0.8670790245159627,0.13292097548403725
4126,YPR143W YDR420W,0.0,NA,2.5518272650515428e-06,2850,26914,4127,0,0.2058658640937122,0.09575325897056847,1.0,0.8670468090589865,0.1329531909410135
4127,YIL037C YHR123W,0.0,NA,2.554174216129468e-06,2850,26913,4128,0,0.20589537045233247,0.09575647616167725,1.0,0.8670145936020103,0.13298540639798975
4128,YGR119C YDL149W,0.0,NA,2.560473831181298e-06,2850,26912,4129,0,0.20592487681095276,0.09575969356898058,1.0,0.866982378145034,0.13301762185496602
4129,YNL065W YKR082W,0.0,NA,2.5611429919081274e-06,2850,26911,4130,0,0.20595438316957304,0.09576291119250026,1.0,0.8669501626880577,0.13304983731194228
4130,YNL008C YHL022C,0.0,NA,2.568326635810081e-06,2850,26910,4131,0,0.20598388952819333,0.09576612903225806,1.0,0.8669179472310815,0.13308205276891852
4131,YER164W YDL079C,0.0,NA,2.571427103248425e-06,2850,26909,4132,0,0.2060133958868136,0.09576934708827582,1.0,0.8668857317741052,0.13311426822589478
4132,YLR197W YBR112C,0.0,NA,2.5816980269155465e-06,2850,26908,4133,0,0.2060429022454339,0.09577256536057531,1.0,0.8668535163171289,0.13314648368287105
4133,YJL214W YER124C,0.0,NA,2.585174343039398e-06,2850,26907,4134,0,0.20607240860405418,0.09577578384917834,1.0,0.8668213008601527,0.1331786991398473
4134,YMR053C YMR217W,0.0,NA,2.5866293071885593e-06,2850,26906,4135,0,0.20610191496267447,0.09577900255410673,1.0,0.8667890854031765,0.13321091459682355
4135,YDR035W YER112W,0.0,NA,2.588339384601568e-06,2850,26905,4136,0,0.20613142132129475,0.09578222147538229,1.0,0.8667568699462002,0.1332431300537998
4136,YGL133W YOR226C,0.0,NA,2.5905767415679293e-06,2850,26904,4137,0,0.20616092767991503,0.09578544061302682,1.0,0.866724654489224,0.13327534551077608
4137,YER040W YBR240C,0.0,NA,2.5943718355847523e-06,2850,26903,4138,0,0.2061904340385353,0.09578865996706215,1.0,0.8666924390322477,0.13330756096775231
4138,YER151C YDL148C,0.0,NA,2.5961787741834996e-06,2850,26902,4139,0,0.20621994039715558,0.09579187953751009,1.0,0.8666602235752714,0.13333977642472858
4139,YCR083W YKL182W,0.0,NA,2.599406798253767e-06,2850,26901,4140,0,0.20624944675577586,0.09579509932439245,1.0,0.8666280081182952,0.13337199188170484
4140,YCR016W YPR075C,0.0,NA,2.6021523353847442e-06,2850,26900,4141,0,0.20627895311439615,0.0957983193277311,1.0,0.8665957926613189,0.1334042073386811
4141,YMR224C YPR030W,0.0,NA,2.603805569378892e-06,2850,26899,4142,0,0.20630845947301643,0.09580153954754782,1.0,0.8665635772043426,0.13343642279565734
4142,YOL127W YLR129W,0.0,NA,2.6066779810207663e-06,2850,26898,4143,0,0.20633796583163672,0.09580475998386447,1.0,0.8665313617473663,0.1334686382526336
4143,YER083C YKL109W,0.0,NA,2.625068418637966e-06,2850,26897,4144,0,0.206367472190257,0.09580798063670286,1.0,0.8664991462903902,0.13350085370960987
4144,YIL044C YOR040W,0.0,NA,2.6305367555323755e-06,2850,26896,4145,0,0.20639697854887729,0.09581120150608485,1.0,0.8664669308334139,0.13353306916658614
4145,YFR052W YDR261C,0.0,NA,2.6311388410249492e-06,2850,26895,4146,0,0.20642648490749757,0.09581442259203228,1.0,0.8664347153764376,0.13356528462356237
4146,YLR209C YHR040W,0.0,NA,2.635523742355872e-06,2850,26894,4147,0,0.20645599126611786,0.09581764389456697,1.0,0.8664024999194614,0.13359750008053864
4147,YPR011C YFR031C-A,0.0,NA,2.638244723129901e-06,2850,26893,4148,0,0.20648549762473814,0.09582086541371079,1.0,0.8663702844624851,0.1336297155375149
4148,YPL081W YGR091W,0.0,NA,2.638450951053528e-06,2850,26892,4149,0,0.20651500398335843,0.09582408714948558,1.0,0.8663380690055088,0.13366193099449117
4149,YDL230W YPL023C,0.0,NA,2.6387681373307714e-06,2850,26891,4150,0,0.2065445103419787,0.09582730910191319,1.0,0.8663058535485326,0.1336941464514674
4150,YHR186C YDL085W,0.0,NA,2.640890215843683e-06,2850,26890,4151,0,0.20657401670059897,0.09583053127101547,1.0,0.8662736380915563,0.13372636190844367
4151,YKL214C YJR137C,0.0,NA,2.6416357741254615e-06,2850,26889,4152,0,0.20660352305921925,0.09583375365681429,1.0,0.86624142263458,0.13375857736541993
4152,YPR103W YER162C,0.0,NA,2.642051640577847e-06,2850,26888,4153,0,0.20663302941783954,0.09583697625933149,1.0,0.8662092071776039,0.1337907928223962
4153,YGL008C YDR181C,0.0,NA,2.6474592687009135e-06,2850,26887,4154,0,0.20666253577645982,0.09584019907858897,1.0,0.8661769917206276,0.13382300827937244
4154,YKL093W YDR113C,0.0,NA,2.649944917720859e-06,2850,26886,4155,0,0.2066920421350801,0.09584342211460856,1.0,0.8661447762636513,0.1338552237363487
4155,YDR256C YDL238C,0.0,NA,2.6556624561635545e-06,2850,26885,4156,0,0.2067215484937004,0.09584664536741214,1.0,0.8661125608066751,0.13388743919332496
4156,YKL007W YLR185W,0.0,NA,2.655758635228267e-06,2850,26884,4157,0,0.20675105485232068,0.0958498688370216,1.0,0.8660803453496988,0.1339196546503012
4157,YLR024C YPR134W,0.0,NA,2.6591344521875726e-06,2850,26883,4158,0,0.20678056121094096,0.09585309252345878,1.0,0.8660481298927225,0.13395187010727747
4158,YLR045C YPL085W,0.0,NA,2.671834181455779e-06,2850,26882,4159,0,0.20681006756956125,0.0958563164267456,1.0,0.8660159144357463,0.13398408556425373
4159,YOR293W YGL184C,0.0,NA,2.676866188267013e-06,2850,26881,4160,0,0.20683957392818153,0.0958595405469039,1.0,0.86598369897877,0.13401630102123
4160,YOR247W YDR273W,0.0,NA,2.6777727271110052e-06,2850,26880,4161,0,0.20686908028680182,0.0958627648839556,1.0,0.8659514835217937,0.13404851647820623
4161,YLL040C YML067C,0.0,NA,2.6783370685734553e-06,2850,26879,4162,0,0.2068985866454221,0.09586598943792257,1.0,0.8659192680648174,0.1340807319351825
4162,YDR517W YDR009W,0.0,NA,2.6900738703261595e-06,2850,26878,4163,0,0.20692809300404238,0.0958692142088267,1.0,0.8658870526078413,0.13411294739215876
4163,YLR131C YDR216W,0.0,NA,2.69059228230617e-06,2850,26877,4164,0,0.20695759936266264,0.09587243919668988,1.0,0.865854837150865,0.13414516284913502
4164,YMR232W YML006C,0.0,NA,2.6956161036650883e-06,2850,26876,4165,0,0.20698710572128293,0.09587566440153401,1.0,0.8658226216938887,0.13417737830611126
4165,YJL088W YBR011C,0.0,NA,2.699528977245791e-06,2850,26875,4166,0,0.2070166120799032,0.095878889823381,1.0,0.8657904062369125,0.13420959376308753
4166,YAR002W YLR406C,0.0,NA,2.7013959424948553e-06,2850,26874,4167,0,0.2070461184385235,0.09588211546225273,1.0,0.8657581907799362,0.1342418092200638
4167,YLR150W YLR070C,0.0,NA,2.701400944715715e-06,2850,26873,4168,0,0.20707562479714378,0.09588534131817111,1.0,0.8657259753229599,0.13427402467704005
4168,YDL105W YOR167C,0.0,NA,2.7026276256947313e-06,2850,26872,4169,0,0.20710513115576407,0.09588856739115806,1.0,0.8656937598659837,0.1343062401340163
4169,YGL251C YLR129W,0.0,NA,2.7065843823947944e-06,2850,26871,4170,0,0.20713463751438435,0.09589179368123549,1.0,0.8656615444090074,0.13433845559099256
4170,YOR294W YBR210W,0.0,NA,2.707769226617529e-06,2850,26870,4171,0,0.20716414387300464,0.0958950201884253,1.0,0.8656293289520312,0.13437067104796882
4171,YCR036W YJL134W,0.0,NA,2.7080768632004037e-06,2850,26869,4172,0,0.20719365023162492,0.09589824691274942,1.0,0.865597113495055,0.13440288650494508
4172,YHR047C YER052C,0.0,NA,2.709639602471725e-06,2850,26868,4173,0,0.2072231565902452,0.09590147385422976,1.0,0.8655648980380787,0.13443510196192132
4173,YDL098C YGL147C,0.0,NA,2.7126700388180325e-06,2850,26867,4174,0,0.2072526629488655,0.09590470101288824,1.0,0.8655326825811024,0.1344673174188976
4174,YNL183C YMR081C,0.0,NA,2.729529796852148e-06,2850,26866,4175,0,0.20728216930748578,0.0959079283887468,1.0,0.8655004671241262,0.13449953287587385
4175,YEL058W YER114C,0.0,NA,2.730602318479214e-06,2850,26865,4176,0,0.20731167566610603,0.09591115598182735,1.0,0.8654682516671499,0.13453174833285012
4176,YNL164C YLR129W,0.0,NA,2.731699169089552e-06,2850,26864,4177,0,0.20734118202472632,0.09591438379215185,1.0,0.8654360362101736,0.13456396378982635
4177,YNL149C YIL138C,0.0,NA,2.738780949584907e-06,2850,26863,4178,0,0.2073706883833466,0.0959176118197422,1.0,0.8654038207531974,0.13459617924680262
4178,YLR438C-A YDR143C,0.0,NA,2.739149294939125e-06,2850,26862,4179,0,0.2074001947419669,0.09592084006462036,1.0,0.8653716052962211,0.13462839470377888
4179,YKL180W YAL001C,0.0,NA,2.743128106885706e-06,2850,26861,4180,0,0.20742970110058717,0.09592406852680825,1.0,0.8653393898392449,0.13466061016075512
4180,YHR089C YHR150W,0.0,NA,2.7532737476576585e-06,2850,26860,4181,0,0.20745920745920746,0.09592729720632784,1.0,0.8653071743822686,0.13469282561773138
4181,YER007C-A YOL117W,0.0,NA,2.7566049993765773e-06,2850,26859,4182,0,0.20748871381782774,0.09593052610320105,1.0,0.8652749589252924,0.13472504107470765
4182,YKL043W YBR038W,0.0,NA,2.757038828349323e-06,2850,26858,4183,0,0.20751822017644803,0.09593375521744985,1.0,0.8652427434683161,0.1347572565316839
4183,YMR049C YMR017W,0.0,NA,2.76751006822451e-06,2850,26857,4184,0,0.2075477265350683,0.09593698454909617,1.0,0.8652105280113398,0.13478947198866015
4184,YLR109W YDL148C,0.0,NA,2.7756036615755875e-06,2850,26856,4185,0,0.2075772328936886,0.09594021409816199,1.0,0.8651783125543636,0.1348216874456364
4185,YBL043W YMR304W,0.0,NA,2.776818746497156e-06,2850,26855,4186,0,0.20760673925230888,0.09594344386466924,1.0,0.8651460970973873,0.13485390290261268
4186,YLL002W YOR294W,0.0,NA,2.77849562735355e-06,2850,26854,4187,0,0.20763624561092917,0.09594667384863992,1.0,0.865113881640411,0.13488611835958894
4187,YJL034W YFL045C,0.0,NA,2.780934437396354e-06,2850,26853,4188,0,0.20766575196954945,0.09594990405009594,1.0,0.8650816661834348,0.13491833381656518
4188,YHR023W YPL043W,0.0,NA,2.782563115033554e-06,2850,26852,4189,0,0.2076952583281697,0.09595313446905933,1.0,0.8650494507264586,0.13495054927354144
4189,YML022W YOR293W,0.0,NA,2.7832134037453216e-06,2850,26851,4190,0,0.20772476468679,0.095956365105552,1.0,0.8650172352694823,0.1349827647305177
4190,YOR092W YLL028W,0.0,NA,2.79228993349534e-06,2850,26850,4191,0,0.20775427104541028,0.09595959595959595,1.0,0.8649850198125061,0.13501498018749397
4191,YOR132W YFL001W,0.0,NA,2.8008857952954713e-06,2850,26849,4192,0,0.20778377740403056,0.09596282703121317,1.0,0.8649528043555298,0.1350471956444702
4192,YDR447C YHR169W,0.0,NA,2.805213625833858e-06,2850,26848,4193,0,0.20781328376265085,0.09596605832042562,1.0,0.8649205888985535,0.13507941110144647
4193,YHR010W YBR257W,0.0,NA,2.8116228349972516e-06,2850,26847,4194,0,0.20784279012127113,0.09596928982725528,1.0,0.8648883734415773,0.13511162655842274
4194,YPR107C YDL194W,0.0,NA,2.8136505534348544e-06,2850,26846,4195,0,0.20787229647989142,0.09597252155172414,1.0,0.864856157984601,0.135143842015399
4195,YJR094W-A YLR188W,0.0,NA,2.826163836289197e-06,2850,26845,4196,0,0.2079018028385117,0.09597575349385419,1.0,0.8648239425276247,0.13517605747237524
4196,YOR202W YLR409C,0.0,NA,2.8324614049779484e-06,2850,26844,4197,0,0.20793130919713199,0.0959789856536674,1.0,0.8647917270706486,0.1352082729293515
4197,YMR302C YNL149C,0.0,NA,2.8326912797638215e-06,2850,26843,4198,0,0.20796081555575227,0.0959822180311858,1.0,0.8647595116136723,0.13524048838632777
4198,YDR255C YOR226C,0.0,NA,2.8370789095788496e-06,2850,26842,4199,0,0.20799032191437256,0.09598545062643137,1.0,0.864727296156696,0.135272703843304
4199,YHR025W YNL128W,0.0,NA,2.8402598672983004e-06,2850,26841,4200,0,0.20801982827299284,0.09598868343942608,1.0,0.8646950806997197,0.13530491930028027
4200,YJL081C YIL035C,0.0,NA,2.841376044671051e-06,2850,26840,4201,0,0.20804933463161313,0.09599191647019198,1.0,0.8646628652427435,0.13533713475725653
4201,YGL020C YCL044C,0.0,NA,2.845649760274682e-06,2850,26839,4202,0,0.20807884099023338,0.09599514971875105,1.0,0.8646306497857672,0.1353693502142328
4202,YDR017C YPL116W,0.0,NA,2.8476968054746976e-06,2850,26838,4203,0,0.20810834734885367,0.0959983831851253,1.0,0.8645984343287909,0.13540156567120903
4203,YIL131C YGL035C,0.0,NA,2.8493973331933375e-06,2850,26837,4204,0,0.20813785370747395,0.09600161686933675,1.0,0.8645662188718147,0.1354337811281853
4204,YLR056W YDR516C,0.0,NA,2.8512049539131112e-06,2850,26836,4205,0,0.20816736006609424,0.0960048507714074,1.0,0.8645340034148384,0.13546599658516156
4205,YDR096W YBL008W,0.0,NA,2.8513354664028157e-06,2850,26835,4206,0,0.20819686642471452,0.09600808489135927,1.0,0.8645017879578621,0.13549821204213783
4206,YHR007C YHR108W,0.0,NA,2.853457317542052e-06,2850,26834,4207,0,0.2082263727833348,0.0960113192292144,1.0,0.864469572500886,0.13553042749911406
4207,YNR008W YNL186W,0.0,NA,2.8542604013637174e-06,2850,26833,4208,0,0.2082558791419551,0.09601455378499478,1.0,0.8644373570439097,0.13556264295609033
4208,YLR262C-A YDL209C,0.0,NA,2.8553927222674247e-06,2850,26832,4209,0,0.20828538550057538,0.09601778855872246,1.0,0.8644051415869334,0.1355948584130666
4209,YMR131C YOL001W,0.0,NA,2.8581171136465855e-06,2850,26831,4210,0,0.20831489185919566,0.09602102355041946,1.0,0.8643729261299572,0.13562707387004286
4210,YLR060W YOR098C,0.0,NA,2.863333520508604e-06,2850,26830,4211,0,0.20834439821781595,0.09602425876010781,1.0,0.8643407106729809,0.1356592893270191
4211,YJR041C YER083C,0.0,NA,2.8659833333222196e-06,2850,26829,4212,0,0.20837390457643623,0.09602749418780956,1.0,0.8643084952160046,0.13569150478399536
4212,YDR325W YDR447C,0.0,NA,2.868592218874255e-06,2850,26828,4213,0,0.20840341093505652,0.09603072983354674,1.0,0.8642762797590284,0.13572372024097162
4213,YOR321W YGL097W,0.0,NA,2.8700696930172853e-06,2850,26827,4214,0,0.2084329172936768,0.09603396569734138,1.0,0.8642440643020521,0.1357559356979479
4214,YHR184W YOR293W,0.0,NA,2.871178594432422e-06,2850,26826,4215,0,0.20846242365229706,0.09603720177921553,1.0,0.8642118488450758,0.13578815115492412
4215,YPL267W YNL094W,0.0,NA,2.877112819987815e-06,2850,26825,4216,0,0.20849193001091734,0.09604043807919124,1.0,0.8641796333880996,0.1358203666119004
4216,YMR264W YDR173C,0.0,NA,2.881852424252429e-06,2850,26824,4217,0,0.20852143636953763,0.09604367459729056,1.0,0.8641474179311234,0.13585258206887665
4217,YDL122W YPL212C,0.0,NA,2.8828392260038527e-06,2850,26823,4218,0,0.2085509427281579,0.09604691133353553,1.0,0.8641152024741471,0.1358847975258529
4218,YLR229C YIR017C,0.0,NA,2.894583303714171e-06,2850,26822,4219,0,0.2085804490867782,0.09605014828794824,1.0,0.8640829870171708,0.13591701298282916
4219,YDR389W YDL115C,0.0,NA,2.8980359729757765e-06,2850,26821,4220,0,0.20860995544539848,0.0960533854605507,1.0,0.8640507715601946,0.13594922843980542
4220,YPL045W YLR398C,0.0,NA,2.9051752790110186e-06,2850,26820,4221,0,0.20863946180401877,0.09605662285136501,1.0,0.8640185561032183,0.13598144389678168
4221,YHR216W YLR015W,0.0,NA,2.9051864203211153e-06,2850,26819,4222,0,0.20866896816263905,0.09605986046041323,1.0,0.863986340646242,0.13601365935375792
4222,YGL070C YDR434W,0.0,NA,2.9056795938231517e-06,2850,26818,4223,0,0.20869847452125934,0.0960630982877174,1.0,0.8639541251892658,0.13604587481073419
4223,YDR421W YKL217W,0.0,NA,2.9171244477765867e-06,2850,26817,4224,0,0.20872798087987962,0.09606633633329963,1.0,0.8639219097322896,0.13607809026771045
4224,YDR283C YBR093C,0.0,NA,2.9186242045398103e-06,2850,26816,4225,0,0.2087574872384999,0.09606957459718196,1.0,0.8638896942753133,0.13611030572468671
4225,YJL108C YER065C,0.0,NA,2.9307323075045133e-06,2850,26815,4226,0,0.2087869935971202,0.09607281307938648,1.0,0.8638574788183371,0.13614252118166295
4226,YGL045W YGL009C,0.0,NA,2.933355062850751e-06,2850,26814,4227,0,0.20881649995574048,0.09607605177993528,1.0,0.8638252633613608,0.13617473663863922
4227,YIR034C YLR154C,0.0,NA,2.9397374419204425e-06,2850,26813,4228,0,0.20884600631436073,0.09607929069885042,1.0,0.8637930479043845,0.13620695209561548
4228,YCR008W YML013W,0.0,NA,2.9426964829326607e-06,2850,26812,4229,0,0.20887551267298102,0.09608252983615401,1.0,0.8637608324474083,0.13623916755259174
4229,YEL026W YPR069C,0.0,NA,2.9500865821319167e-06,2850,26811,4230,0,0.2089050190316013,0.0960857691918681,1.0,0.863728616990432,0.13627138300956798
4230,YJL080C YDR085C,0.0,NA,2.9544478366005933e-06,2850,26810,4231,0,0.2089345253902216,0.09608900876601484,1.0,0.8636964015334557,0.13630359846654425
4231,YGR054W YHR112C,0.0,NA,2.9580648970295442e-06,2850,26809,4232,0,0.20896403174884187,0.09609224855861627,1.0,0.8636641860764795,0.1363358139235205
4232,YJL035C YNL277W,0.0,NA,2.9603847906400915e-06,2850,26808,4233,0,0.20899353810746216,0.09609548856969452,1.0,0.8636319706195033,0.13636802938049677
4233,YDL024C YPL154C,0.0,NA,2.9608506793010747e-06,2850,26807,4234,0,0.20902304446608244,0.09609872879927167,1.0,0.863599755162527,0.136400244837473
4234,YDR354W YLR409C,0.0,NA,2.9694047043449245e-06,2850,26806,4235,0,0.20905255082470273,0.09610196924736984,1.0,0.8635675397055507,0.13643246029444928
4235,YGL106W YJL141C,0.0,NA,2.973003120132489e-06,2850,26805,4236,0,0.209082057183323,0.09610520991401113,1.0,0.8635353242485745,0.13646467575142554
4236,YKL109W YER046W,0.0,NA,2.9785344395349966e-06,2850,26804,4237,0,0.2091115635419433,0.09610845079921765,1.0,0.8635031087915982,0.1364968912084018
4237,YDL247W YDR001C,0.0,NA,2.979736109409714e-06,2850,26803,4238,0,0.20914106990056358,0.0961116919030115,1.0,0.8634708933346219,0.13652910666537804
4238,YLR376C YOR167C,0.0,NA,2.9828322567482246e-06,2850,26802,4239,0,0.20917057625918387,0.09611493322541481,1.0,0.8634386778776457,0.1365613221223543
4239,YOR156C YGR184C,0.0,NA,2.9840700790373376e-06,2850,26801,4240,0,0.20920008261780415,0.0961181747664497,1.0,0.8634064624206694,0.13659353757933057
4240,YBR034C YMR055C,0.0,NA,2.9966122383484617e-06,2850,26800,4241,0,0.2092295889764244,0.09612141652613827,1.0,0.8633742469636931,0.1366257530363068
4241,YIL131C YIL132C,0.0,NA,3.0039598186704097e-06,2850,26799,4242,0,0.2092590953350447,0.09612465850450268,1.0,0.863342031506717,0.13665796849328307
4242,YBR002C YDR065W,0.0,NA,3.0130493087199284e-06,2850,26798,4243,0,0.20928860169366498,0.09612790070156503,1.0,0.8633098160497407,0.13669018395025934
4243,YGR023W YML080W,0.0,NA,3.022379360118066e-06,2850,26797,4244,0,0.20931810805228526,0.09613114311734745,1.0,0.8632776005927644,0.1367223994072356
4244,YPL267W YPR105C,0.0,NA,3.0228809464460937e-06,2850,26796,4245,0,0.20934761441090555,0.0961343857518721,1.0,0.8632453851357882,0.13675461486421184
4245,YIL110W YBR038W,0.0,NA,3.0237920327635948e-06,2850,26795,4246,0,0.20937712076952583,0.09613762860516108,1.0,0.8632131696788119,0.1367868303211881
4246,YLR206W YDR498C,0.0,NA,3.0242565571825253e-06,2850,26794,4247,0,0.20940662712814612,0.09614087167723653,1.0,0.8631809542218356,0.13681904577816437
4247,YDL240W YDR399W,0.0,NA,3.0358005460584536e-06,2850,26793,4248,0,0.2094361334867664,0.09614411496812064,1.0,0.8631487387648594,0.13685126123514063
4248,YHR065C YNL236W,0.0,NA,3.0372600576811237e-06,2850,26792,4249,0,0.2094656398453867,0.09614735847783551,1.0,0.8631165233078831,0.13688347669211687
4249,YGR118W YPR043W,0.0,NA,3.0467031137959566e-06,2850,26791,4250,0,0.20949514620400697,0.0961506022064033,1.0,0.8630843078509068,0.13691569214909313
4250,YGR124W YJR036C,0.0,NA,3.048449570997036e-06,2850,26790,4251,0,0.20952465256262726,0.09615384615384616,1.0,0.8630520923939307,0.1369479076060694
4251,YMR139W YIR009W,0.0,NA,3.049827910217573e-06,2850,26789,4252,0,0.20955415892124754,0.09615709032018624,1.0,0.8630198769369544,0.13698012306304566
4252,YOR253W YGR019W,0.0,NA,3.0499852528009797e-06,2850,26788,4253,0,0.2095836652798678,0.09616033470544572,1.0,0.8629876614799781,0.1370123385200219
4253,YPR021C YLR251W,0.0,NA,3.0678443181386683e-06,2850,26787,4254,0,0.20961317163848808,0.09616357930964672,1.0,0.8629554460230018,0.13704455397699816
4254,YLR313C YLR401C,0.0,NA,3.0700216484547127e-06,2850,26786,4255,0,0.20964267799710837,0.09616682413281144,1.0,0.8629232305660256,0.13707676943397443
4255,YPR104C YJR109C,0.0,NA,3.070873844990274e-06,2850,26785,4256,0,0.20967218435572865,0.09617006917496204,1.0,0.8628910151090493,0.1371089848909507
4256,YMR322C YLR075W,0.0,NA,3.0716498713445617e-06,2850,26784,4257,0,0.20970169071434894,0.09617331443612068,1.0,0.862858799652073,0.13714120034792693
4257,YMR313C YDR346C,0.0,NA,3.077614110225113e-06,2850,26783,4258,0,0.20973119707296922,0.09617655991630952,1.0,0.8628265841950968,0.1371734158049032
4258,YKL054C YOR143C,0.0,NA,3.0776698167755967e-06,2850,26782,4259,0,0.2097607034315895,0.09617980561555076,1.0,0.8627943687381205,0.13720563126187946
4259,YHR139C YJL153C,0.0,NA,3.083077899646014e-06,2850,26781,4260,0,0.2097902097902098,0.09618305153386655,1.0,0.8627621532811443,0.1372378467188557
4260,YMR017W YDR466W,0.0,NA,3.083525143665611e-06,2850,26780,4261,0,0.20981971614883008,0.0961862976712791,1.0,0.8627299378241681,0.13727006217583196
4261,YPR194C YER014W,0.0,NA,3.0854282613290707e-06,2850,26779,4262,0,0.20984922250745036,0.09618954402781059,1.0,0.8626977223671918,0.13730227763280822
4262,YCR057C YKR020W,0.0,NA,3.0955463898862945e-06,2850,26778,4263,0,0.20987872886607065,0.0961927906034832,1.0,0.8626655069102155,0.1373344930897845
4263,YDR253C YGL186C,0.0,NA,3.0974717901699478e-06,2850,26777,4264,0,0.20990823522469093,0.0961960373983191,1.0,0.8626332914532393,0.13736670854676072
4264,YEL054C YHR176W,0.0,NA,3.0991736821306404e-06,2850,26776,4265,0,0.20993774158331122,0.0961992844123405,1.0,0.862601075996263,0.137398924003737
4265,YGR086C YHR181W,0.0,NA,3.103177959928871e-06,2850,26775,4266,0,0.20996724794193147,0.09620253164556962,1.0,0.8625688605392867,0.13743113946071325
4266,YIR017C YDR191W,0.0,NA,3.1064619179232977e-06,2850,26774,4267,0,0.20999675430055176,0.09620577909802863,1.0,0.8625366450823105,0.13746335491768952
4267,YCR014C YDL192W,0.0,NA,3.1099625630304217e-06,2850,26773,4268,0,0.21002626065917204,0.09620902676973973,1.0,0.8625044296253342,0.13749557037466575
4268,YBR114W YBR036C,0.0,NA,3.118200766039081e-06,2850,26772,4269,0,0.21005576701779233,0.09621227466072514,1.0,0.862472214168358,0.13752778583164202
4269,YGR019W YJR036C,0.0,NA,3.120687779301079e-06,2850,26771,4270,0,0.2100852733764126,0.09621552277100706,1.0,0.8624399987113818,0.13756000128861828
4270,YLR121C YDR166C,0.0,NA,3.123826218143222e-06,2850,26770,4271,0,0.2101147797350329,0.0962187711006077,1.0,0.8624077832544055,0.13759221674559455
4271,YLL062C YMR197C,0.0,NA,3.1302317893278087e-06,2850,26769,4272,0,0.21014428609365318,0.09622201964954928,1.0,0.8623755677974292,0.13762443220257078
4272,YLR361C YDR473C,0.0,NA,3.143808271488524e-06,2850,26768,4273,0,0.21017379245227347,0.096225268417854,1.0,0.8623433523404529,0.13765664765954705
4273,YPR144C YDR190C,0.0,NA,3.147092911603977e-06,2850,26767,4274,0,0.21020329881089375,0.09622851740554411,1.0,0.8623111368834767,0.1376888631165233
4274,YPL235W YIR017C,0.0,NA,3.1487140859098872e-06,2850,26766,4275,0,0.21023280516951404,0.09623176661264181,1.0,0.8622789214265004,0.13772107857349958
4275,YPL223C YOL040C,0.0,NA,3.1534018489765003e-06,2850,26765,4276,0,0.21026231152813432,0.09623501603916934,1.0,0.8622467059695241,0.13775329403047581
4276,YPL267W YER117W,0.0,NA,3.153495072183432e-06,2850,26764,4277,0,0.2102918178867546,0.09623826568514891,1.0,0.862214490512548,0.13778550948745208
4277,YER096W YPR017C,0.0,NA,3.1577383197145537e-06,2850,26763,4278,0,0.2103213242453749,0.09624151555060277,1.0,0.8621822750555717,0.13781772494442834
4278,YGR113W YKL144C,0.0,NA,3.1626025247533107e-06,2850,26762,4279,0,0.21035083060399515,0.09624476563555315,1.0,0.8621500595985954,0.13784994040140458
4279,YAL025C YKR087C,0.0,NA,3.1633053367841057e-06,2850,26761,4280,0,0.21038033696261543,0.09624801594002229,1.0,0.8621178441416192,0.13788215585838084
4280,YKL174C YNL316C,0.0,NA,3.1674348974775057e-06,2850,26760,4281,0,0.21040984332123572,0.09625126646403243,1.0,0.8620856286846429,0.1379143713153571
4281,YIL111W YBR257W,0.0,NA,3.1675497211836046e-06,2850,26759,4282,0,0.210439349679856,0.09625451720760579,1.0,0.8620534132276666,0.13794658677233337
4282,YBL078C YOL078W,0.0,NA,3.169148385495646e-06,2850,26758,4283,0,0.2104688560384763,0.09625776817076466,1.0,0.8620211977706904,0.1379788022293096
4283,YHR065C YLR060W,0.0,NA,3.1699221381131792e-06,2850,26757,4284,0,0.21049836239709657,0.09626101935353126,1.0,0.8619889823137141,0.13801101768628588
4284,YJL031C YDR254W,0.0,NA,3.190043571521528e-06,2850,26756,4285,0,0.21052786875571686,0.09626427075592785,1.0,0.8619567668567378,0.13804323314326214
4285,YMR168C YMR239C,0.0,NA,3.1918511922413018e-06,2850,26755,4286,0,0.21055737511433714,0.0962675223779767,1.0,0.8619245513997617,0.1380754486002384
4286,YHR191C YIR037W,0.0,NA,3.192344365743338e-06,2850,26754,4287,0,0.21058688147295743,0.09627077421970004,1.0,0.8618923359427854,0.13810766405721464
4287,YDR434W YJR094C,0.0,NA,3.19648779623094e-06,2850,26753,4288,0,0.2106163878315777,0.09627402628112015,1.0,0.8618601204858091,0.1381398795141909
4288,YBR180W YBL064C,0.0,NA,3.197048499714583e-06,2850,26752,4289,0,0.210645894190198,0.0962772785622593,1.0,0.8618279050288329,0.13817209497116717
4289,YKR057W YGL037C,0.0,NA,3.198429794792901e-06,2850,26751,4290,0,0.21067540054881828,0.09628053106313976,1.0,0.8617956895718566,0.13820431042814343
4290,YDL047W YGR229C,0.0,NA,3.2026787266659085e-06,2850,26750,4291,0,0.21070490690743857,0.09628378378378379,1.0,0.8617634741148803,0.13823652588511967
4291,YPL115C YNL093W,0.0,NA,3.20288972943672e-06,2850,26749,4292,0,0.21073441326605882,0.09628703672421365,1.0,0.861731258657904,0.13826874134209594
4292,YNL302C YBR048W,0.0,NA,3.2059731438494055e-06,2850,26748,4293,0,0.2107639196246791,0.09629028988445165,1.0,0.8616990432009278,0.1383009567990722
4293,YDL194W YOR261C,0.0,NA,3.206792598575703e-06,2850,26747,4294,0,0.2107934259832994,0.09629354326452005,1.0,0.8616668277439515,0.13833317225604846
4294,YOR245C YJR075W,0.0,NA,3.2114780879055616e-06,2850,26746,4295,0,0.21082293234191968,0.09629679686444115,1.0,0.8616346122869752,0.1383653877130247
4295,YJL087C YJL205C,0.0,NA,3.2133068543771515e-06,2850,26745,4296,0,0.21085243870053996,0.0963000506842372,1.0,0.8616023968299991,0.13839760317000097
4296,YCR014C YLR248W,0.0,NA,3.215655169697129e-06,2850,26744,4297,0,0.21088194505916025,0.09630330472393053,1.0,0.8615701813730228,0.13842981862697723
4297,YBR155W YKR072C,0.0,NA,3.2167470180866076e-06,2850,26743,4298,0,0.21091145141778053,0.0963065589835434,1.0,0.8615379659160465,0.1384620340839535
4298,YAL025C YIL120W,0.0,NA,3.2191533136938233e-06,2850,26742,4299,0,0.21094095777640082,0.09630981346309814,1.0,0.8615057504590703,0.13849424954092973
4299,YOR363C YAL042W,0.0,NA,3.2201235171669396e-06,2850,26741,4300,0,0.2109704641350211,0.09631306816261702,1.0,0.861473535002094,0.138526464997906
4300,YCR053W YFR036W,0.0,NA,3.2324460335075855e-06,2850,26740,4301,0,0.2109999704936414,0.09631632308212233,1.0,0.8614413195451177,0.13855868045488226
4301,YGL045W YNL262W,0.0,NA,3.233201368857408e-06,2850,26739,4302,0,0.21102947685226167,0.09631957822163642,1.0,0.8614091040881415,0.1385908959118585
4302,YOR192C YBL061C,0.0,NA,3.233361894672271e-06,2850,26738,4303,0,0.21105898321088196,0.09632283358118156,1.0,0.8613768886311652,0.13862311136883476
4303,YGL161C YJL115W,0.0,NA,3.244704657845432e-06,2850,26737,4304,0,0.21108848956950224,0.09632608916078007,1.0,0.861344673174189,0.13865532682581103
4304,YPL140C YLR074C,0.0,NA,3.25592532135488e-06,2850,26736,4305,0,0.2111179959281225,0.09632934496045427,1.0,0.8613124577172128,0.1386875422827873
4305,YPR056W YNL244C,0.0,NA,3.257888465668657e-06,2850,26735,4306,0,0.21114750228674278,0.09633260098022646,1.0,0.8612802422602365,0.13871975773976353
4306,YGL045W YKL144C,0.0,NA,3.267284910180024e-06,2850,26734,4307,0,0.21117700864536307,0.09633585722011899,1.0,0.8612480268032602,0.1387519731967398
4307,YLR405W YMR097C,0.0,NA,3.2696634661988355e-06,2850,26733,4308,0,0.21120651500398335,0.09633911368015415,1.0,0.861215811346284,0.13878418865371606
4308,YLR377C YCR017C,0.0,NA,3.289238293291419e-06,2850,26732,4309,0,0.21123602136260364,0.09634237036035427,1.0,0.8611835958893077,0.13881640411069232
4309,YBR048W YPL135W,0.0,NA,3.2924740480666514e-06,2850,26731,4310,0,0.21126552772122392,0.0963456272607417,1.0,0.8611513804323314,0.13884861956766856
4310,YML076C YLR134W,0.0,NA,3.293500867584953e-06,2850,26730,4311,0,0.2112950340798442,0.09634888438133875,1.0,0.8611191649753551,0.13888083502464482
4311,YDR503C YGL120C,0.0,NA,3.3026128676283406e-06,2850,26729,4312,0,0.2113245404384645,0.09635214172216776,1.0,0.8610869495183789,0.1389130504816211
4312,YOR020C YKR054C,0.0,NA,3.311411774120643e-06,2850,26728,4313,0,0.21135404679708478,0.09635539928325107,1.0,0.8610547340614026,0.13894526593859735
4313,YGL240W YGL003C,0.0,NA,3.313092520329519e-06,2850,26727,4314,0,0.21138355315570506,0.09635865706461101,1.0,0.8610225186044264,0.1389774813955736
4314,YGR289C YMR092C,0.0,NA,3.3178127978317207e-06,2850,26726,4315,0,0.21141305951432535,0.09636191506626995,1.0,0.8609903031474502,0.13900969685254985
4315,YBR109C YHR104W,0.0,NA,3.3241599339817185e-06,2850,26725,4316,0,0.21144256587294563,0.09636517328825021,1.0,0.8609580876904739,0.13904191230952612
4316,YML041C YDR362C,0.0,NA,3.3303031159448437e-06,2850,26724,4317,0,0.21147207223156592,0.09636843173057415,1.0,0.8609258722334976,0.13907412776650238
4317,YOR030W YBL008W,0.0,NA,3.3331627946608933e-06,2850,26723,4318,0,0.21150157859018617,0.09637169039326413,1.0,0.8608936567765214,0.13910634322347862
4318,YGL103W YOR003W,0.0,NA,3.3407941373297945e-06,2850,26722,4319,0,0.21153108494880646,0.09637494927634249,1.0,0.8608614413195451,0.13913855868045488
4319,YFL045C YNL164C,0.0,NA,3.3427379548811587e-06,2850,26721,4320,0,0.21156059130742674,0.09637820837983159,1.0,0.8608292258625688,0.13917077413743115
4320,YKL172W YIL167W,0.0,NA,3.3501355574117042e-06,2850,26720,4321,0,0.21159009766604703,0.0963814677037538,1.0,0.8607970104055926,0.13920298959440738
4321,YOR275C YMR229C,0.0,NA,3.3567430364200845e-06,2850,26719,4322,0,0.2116196040246673,0.09638472724813149,1.0,0.8607647949486164,0.13923520505138365
4322,YDR386W YDR385W,0.0,NA,3.357777359269676e-06,2850,26718,4323,0,0.2116491103832876,0.09638798701298701,1.0,0.8607325794916401,0.1392674205083599
4323,YLR363C YDR283C,0.0,NA,3.3602309486013837e-06,2850,26717,4324,0,0.21167861674190788,0.09639124699834274,1.0,0.8607003640346639,0.13929963596533618
4324,YHR203C YOL039W,0.0,NA,3.3617918688833015e-06,2850,26716,4325,0,0.21170812310052817,0.09639450720422106,1.0,0.8606681485776876,0.1393318514223124
4325,YDL137W YPR121W,0.0,NA,3.3661806355667068e-06,2850,26715,4326,0,0.21173762945914845,0.09639776763064434,1.0,0.8606359331207113,0.13936406687928868
4326,YIL148W YLR411W,0.0,NA,3.3682806588331005e-06,2850,26714,4327,0,0.21176713581776874,0.09640102827763496,1.0,0.8606037176637351,0.13939628233626494
4327,YLR438C-A YLR238W,0.0,NA,3.3712053664203268e-06,2850,26713,4328,0,0.21179664217638902,0.0964042891452153,1.0,0.8605715022067588,0.1394284977932412
4328,YDR350C YGR083C,0.0,NA,3.3733340387698263e-06,2850,26712,4329,0,0.2118261485350093,0.09640755023340776,1.0,0.8605392867497825,0.13946071325021744
4329,YOR295W YOL109W,0.0,NA,3.3738906495273113e-06,2850,26711,4330,0,0.21185565489362956,0.0964108115422347,1.0,0.8605070712928062,0.1394929287071937
4330,YNL182C YGL215W,0.0,NA,3.376008635314065e-06,2850,26710,4331,0,0.21188516125224985,0.09641407307171854,1.0,0.86047485583583,0.13952514416416997
4331,YDR083W YBR060C,0.0,NA,3.3849291867227294e-06,2850,26709,4332,0,0.21191466761087013,0.09641733482188167,1.0,0.8604426403788538,0.13955735962114624
4332,YMR304W YMR235C,0.0,NA,3.3853195873234654e-06,2850,26708,4333,0,0.21194417396949042,0.09642059679274646,1.0,0.8604104249218775,0.13958957507812247
4333,YGR055W YNL197C,0.0,NA,3.3908092973433668e-06,2850,26707,4334,0,0.2119736803281107,0.09642385898433535,1.0,0.8603782094649013,0.13962179053509874
4334,YDL101C YJL210W,0.0,NA,3.390990514162695e-06,2850,26706,4335,0,0.212003186686731,0.09642712139667073,1.0,0.860345994007925,0.139654005992075
4335,YOL052C-A YEL034W,0.0,NA,3.396220336071565e-06,2850,26705,4336,0,0.21203269304535127,0.096430384029775,1.0,0.8603137785509487,0.13968622144905127
4336,YLR066W YGL153W,0.0,NA,3.4000117921095807e-06,2850,26704,4337,0,0.21206219940397156,0.09643364688367057,1.0,0.8602815630939725,0.1397184369060275
4337,YDL141W YKL067W,0.0,NA,3.4001159292529337e-06,2850,26703,4338,0,0.21209170576259184,0.09643690995837986,1.0,0.8602493476369962,0.13975065236300377
4338,YHR039C YLR401C,0.0,NA,3.408043312447262e-06,2850,26702,4339,0,0.21212121212121213,0.09644017325392529,1.0,0.8602171321800199,0.13978286781998003
4339,YIL047C YKL210W,0.0,NA,3.413371132410248e-06,2850,26701,4340,0,0.2121507184798324,0.09644343677032927,1.0,0.8601849167230438,0.13981508327695627
4340,YNR008W YDR343C,0.0,NA,3.4145564313803334e-06,2850,26700,4341,0,0.2121802248384527,0.09644670050761421,1.0,0.8601527012660675,0.13984729873393253
4341,YOR195W YKL126W,0.0,NA,3.417761945456732e-06,2850,26699,4342,0,0.21220973119707298,0.09644996446580256,1.0,0.8601204858090912,0.1398795141909088
4342,YMR053C YNR038W,0.0,NA,3.4197737477370538e-06,2850,26698,4343,0,0.21223923755569324,0.09645322864491675,1.0,0.860088270352115,0.13991172964788506
4343,YLR298C YGL223C,0.0,NA,3.429143134781043e-06,2850,26697,4344,0,0.21226874391431352,0.09645649304497919,1.0,0.8600560548951387,0.1399439451048613
4344,YOR145C YOR159C,0.0,NA,3.429944854360656e-06,2850,26696,4345,0,0.2122982502729338,0.09645975766601232,1.0,0.8600238394381624,0.13997616056183756
4345,YGR140W YML080W,0.0,NA,3.435336338952766e-06,2850,26695,4346,0,0.2123277566315541,0.09646302250803858,1.0,0.8599916239811862,0.14000837601881383
4346,YGL224C YCR017C,0.0,NA,3.438928843024769e-06,2850,26694,4347,0,0.21235726299017438,0.09646628757108042,1.0,0.8599594085242099,0.1400405914757901
4347,YLR045C YNL279W,0.0,NA,3.445704578552977e-06,2850,26693,4348,0,0.21238676934879466,0.09646955285516028,1.0,0.8599271930672336,0.14007280693276633
4348,YNL141W YBR103W,0.0,NA,3.4473939649615204e-06,2850,26692,4349,0,0.21241627570741495,0.09647281836030058,1.0,0.8598949776102573,0.1401050223897426
4349,YJR066W YJR036C,0.0,NA,3.4520228382461937e-06,2850,26691,4350,0,0.21244578206603523,0.09647608408652382,1.0,0.8598627621532812,0.14013723784671886
4350,YCR033W YIR012W,0.0,NA,3.455438445598702e-06,2850,26690,4351,0,0.21247528842465552,0.0964793500338524,1.0,0.8598305466963049,0.14016945330369512
4351,YBR201W YLR068W,0.0,NA,3.4565525766083738e-06,2850,26689,4352,0,0.2125047947832758,0.09648261620230882,1.0,0.8597983312393286,0.14020166876067136
4352,YLR389C YPL120W,0.0,NA,3.4573372431623284e-06,2850,26688,4353,0,0.2125343011418961,0.0964858825919155,1.0,0.8597661157823524,0.14023388421764763
4353,YAL017W YKR019C,0.0,NA,3.459593244770076e-06,2850,26687,4354,0,0.21256380750051637,0.09648914920269493,1.0,0.8597339003253761,0.1402660996746239
4354,YKL122C YJL214W,0.0,NA,3.462676204435411e-06,2850,26686,4355,0,0.21259331385913666,0.09649241603466956,1.0,0.8597016848683998,0.14029831513160015
4355,YBL043W YDR212W,0.0,NA,3.4656163734325673e-06,2850,26685,4356,0,0.2126228202177569,0.09649568308786186,1.0,0.8596694694114236,0.1403305305885764
4356,YLR165C YOR312C,0.0,NA,3.476954816505895e-06,2850,26684,4357,0,0.2126523265763772,0.0964989503622943,1.0,0.8596372539544473,0.14036274604555266
4357,YML115C YCL029C,0.0,NA,3.478291091596475e-06,2850,26683,4358,0,0.21268183293499748,0.09650221785798936,1.0,0.859605038497471,0.14039496150252892
4358,YAL058W YER043C,0.0,NA,3.4838285500882193e-06,2850,26682,4359,0,0.21271133929361777,0.09650548557496952,1.0,0.8595728230404949,0.14042717695950518
4359,YGL022W YJL010C,0.0,NA,3.486002015051781e-06,2850,26681,4360,0,0.21274084565223805,0.09650875351325726,1.0,0.8595406075835186,0.14045939241648142
4360,YLR210W YIR011C,0.0,NA,3.4894478631031234e-06,2850,26680,4361,0,0.21277035201085834,0.09651202167287504,1.0,0.8595083921265423,0.14049160787345769
4361,YLR197W YCR068W,0.0,NA,3.4922713894047774e-06,2850,26679,4362,0,0.21279985836947862,0.09651529005384538,1.0,0.8594761766695661,0.14052382333043395
4362,YDL003W YCR068W,0.0,NA,3.5000566640519537e-06,2850,26678,4363,0,0.2128293647280989,0.09651855865619073,1.0,0.8594439612125898,0.1405560387874102
4363,YHR134W YNL162W,0.0,NA,3.5008476970688207e-06,2850,26677,4364,0,0.2128588710867192,0.09652182747993363,1.0,0.8594117457556135,0.14058825424438645
4364,YPR190C YBR278W,0.0,NA,3.5024972930841614e-06,2850,26676,4365,0,0.21288837744533948,0.09652509652509653,1.0,0.8593795302986373,0.14062046970136272
4365,YDL124W YDR001C,0.0,NA,3.504154619804467e-06,2850,26675,4366,0,0.21291788380395976,0.09652836579170194,1.0,0.859347314841661,0.14065268515833898
4366,YPR133C YPL043W,0.0,NA,3.5068489978584694e-06,2850,26674,4367,0,0.21294739016258005,0.09653163527977239,1.0,0.8593150993846848,0.14068490061531522
4367,YDL024C YOL028C,0.0,NA,3.5135440157318953e-06,2850,26673,4368,0,0.21297689652120033,0.09653490498933036,1.0,0.8592828839277085,0.14071711607229148
4368,YBR180W YLR150W,0.0,NA,3.5182015380996745e-06,2850,26672,4369,0,0.2130064028798206,0.09653817492039835,1.0,0.8592506684707323,0.14074933152926775
4369,YCR048W YBR020W,0.0,NA,3.5267439670860767e-06,2850,26671,4370,0,0.21303590923844087,0.09654144507299889,1.0,0.859218453013756,0.140781546986244
4370,YGL169W YCR005C,0.0,NA,3.5441992167761782e-06,2850,26670,4371,0,0.21306541559706116,0.09654471544715447,1.0,0.8591862375567797,0.14081376244322025
4371,YMR256C YLR054C,0.0,NA,3.548477479853318e-06,2850,26669,4372,0,0.21309492195568144,0.09654798604288763,1.0,0.8591540220998035,0.1408459779001965
4372,YDL074C YGL153W,0.0,NA,3.552351017788169e-06,2850,26668,4373,0,0.21312442831430173,0.09655125686022088,1.0,0.8591218066428272,0.14087819335717278
4373,YDL135C YER082C,0.0,NA,3.561638777682674e-06,2850,26667,4374,0,0.213153934672922,0.09655452789917675,1.0,0.8590895911858509,0.14091040881414904
4374,YKL007W YER162C,0.0,NA,3.5700659282156266e-06,2850,26666,4375,0,0.2131834410315423,0.09655779915977775,1.0,0.8590573757288748,0.14094262427112528
4375,YNL183C YJR019C,0.0,NA,3.5753096199186984e-06,2850,26665,4376,0,0.21321294739016258,0.09656107064204641,1.0,0.8590251602718985,0.14097483972810154
4376,YBR101C YOR074C,0.0,NA,3.57643125425966e-06,2850,26664,4377,0,0.21324245374878287,0.09656434234600529,1.0,0.8589929448149222,0.1410070551850778
4377,YOR127W YOR388C,0.0,NA,3.5764519452641252e-06,2850,26663,4378,0,0.21327196010740315,0.09656761427167689,1.0,0.858960729357946,0.14103927064205407
4378,YMR123W YHR015W,0.0,NA,3.581154942366993e-06,2850,26662,4379,0,0.21330146646602344,0.09657088641908376,1.0,0.8589285139009697,0.1410714860990303
4379,YPL148C YNL258C,0.0,NA,3.582876615837449e-06,2850,26661,4380,0,0.21333097282464372,0.09657415878824845,1.0,0.8588962984439934,0.14110370155600657
4380,YOR025W YPL212C,0.0,NA,3.586295179047738e-06,2850,26660,4381,0,0.213360479183264,0.09657743137919349,1.0,0.8588640829870172,0.14113591701298284
4381,YML011C YBR256C,0.0,NA,3.587307674024487e-06,2850,26659,4382,0,0.21338998554188426,0.09658070419194144,1.0,0.8588318675300409,0.14116813246995907
4382,YFL022C YLR436C,0.0,NA,3.589083689803374e-06,2850,26658,4383,0,0.21341949190050455,0.09658397722651485,1.0,0.8587996520730646,0.14120034792693534
4383,YOR315W YAR035W,0.0,NA,3.592781922634458e-06,2850,26657,4384,0,0.21344899825912483,0.09658725048293625,1.0,0.8587674366160885,0.1412325633839116
4384,YKL043W YJR042W,0.0,NA,3.5935327105107717e-06,2850,26656,4385,0,0.21347850461774512,0.09659052396122822,1.0,0.8587352211591122,0.14126477884088787
4385,YDL019C YOR339C,0.0,NA,3.596371243475005e-06,2850,26655,4386,0,0.2135080109763654,0.09659379766141332,1.0,0.8587030057021359,0.1412969942978641
4386,YGR221C YCR057C,0.0,NA,3.602543074521236e-06,2850,26654,4387,0,0.2135375173349857,0.0965970715835141,1.0,0.8586707902451596,0.14132920975484037
4387,YGR007W YOR380W,0.0,NA,3.6038215966982534e-06,2850,26653,4388,0,0.21356702369360597,0.09660034572755313,1.0,0.8586385747881834,0.14136142521181663
4388,YHR204W YIR041W,0.0,NA,3.61223806066846e-06,2850,26652,4389,0,0.21359653005222626,0.09660362009355299,1.0,0.8586063593312071,0.1413936406687929
4389,YDR164C YJR077C,0.0,NA,3.6127958082943223e-06,2850,26651,4390,0,0.21362603641084654,0.09660689468153622,1.0,0.8585741438742308,0.14142585612576913
4390,YPL232W YLR024C,0.0,NA,3.6174021715851268e-06,2850,26650,4391,0,0.21365554276946683,0.09661016949152543,1.0,0.8585419284172546,0.1414580715827454
4391,YJL044C YEL041W,0.0,NA,3.630046876423876e-06,2850,26649,4392,0,0.2136850491280871,0.09661344452354317,1.0,0.8585097129602783,0.14149028703972166
4392,YBR129C YGR104C,0.0,NA,3.630583478297922e-06,2850,26648,4393,0,0.2137145554867074,0.09661671977761205,1.0,0.858477497503302,0.14152250249669793
4393,YKL190W YML080W,0.0,NA,3.6307706068328116e-06,2850,26647,4394,0,0.21374406184532768,0.09661999525375461,1.0,0.8584452820463259,0.14155471795367416
4394,YDL065C YGR048W,0.0,NA,3.64324318979925e-06,2850,26646,4395,0,0.21377356820394794,0.0966232709519935,1.0,0.8584130665893496,0.14158693341065043
4395,YBL051C YER124C,0.0,NA,3.652033683465561e-06,2850,26645,4396,0,0.21380307456256822,0.09662654687235124,1.0,0.8583808511323733,0.1416191488676267
4396,YFR014C YKR101W,0.0,NA,3.660126594695612e-06,2850,26644,4397,0,0.2138325809211885,0.09662982301485047,1.0,0.8583486356753971,0.14165136432460296
4397,YGR094W YGL254W,0.0,NA,3.6657995678979205e-06,2850,26643,4398,0,0.2138620872798088,0.09663309937951378,1.0,0.8583164202184208,0.1416835797815792
4398,YFL034C-B YPL266W,0.0,NA,3.681059752125293e-06,2850,26642,4399,0,0.21389159363842908,0.09663637596636376,1.0,0.8582842047614445,0.14171579523855546
4399,YNL183C YGL248W,0.0,NA,3.683391241793288e-06,2850,26641,4400,0,0.21392109999704936,0.09663965277542301,1.0,0.8582519893044683,0.14174801069553172
4400,YLL021W YNL101W,0.0,NA,3.6904939406667836e-06,2850,26640,4401,0,0.21395060635566965,0.09664292980671414,1.0,0.858219773847492,0.14178022615250796
4401,YPL076W YIR037W,0.0,NA,3.6936380638508126e-06,2850,26639,4402,0,0.21398011271428993,0.09664620706025975,1.0,0.8581875583905157,0.14181244160948422
4402,YBL087C YNL135C,0.0,NA,3.694029146572575e-06,2850,26638,4403,0,0.21400961907291022,0.09664948453608248,1.0,0.8581553429335396,0.1418446570664605
4403,YDL136W YPR180W,0.0,NA,3.6960484521841863e-06,2850,26637,4404,0,0.2140391254315305,0.09665276223420491,1.0,0.8581231274765633,0.14187687252343675
4404,YBL098W YBR214W,0.0,NA,3.703952415889944e-06,2850,26636,4405,0,0.2140686317901508,0.09665604015464967,1.0,0.858090912019587,0.141909087980413
4405,YER147C YGL205W,0.0,NA,3.704623850353528e-06,2850,26635,4406,0,0.21409813814877107,0.09665931829743937,1.0,0.8580586965626107,0.14194130343738925
4406,YFL014W YER045C,0.0,NA,3.7077093111292925e-06,2850,26634,4407,0,0.21412764450739133,0.09666259666259666,1.0,0.8580264811056345,0.14197351889436552
4407,YBR109C YEL065W,0.0,NA,3.7088373119331663e-06,2850,26633,4408,0,0.21415715086601161,0.09666587525014415,1.0,0.8579942656486582,0.14200573435134178
4408,YOL149W YOR108W,0.0,NA,3.7129495922272326e-06,2850,26632,4409,0,0.2141866572246319,0.09666915406010447,1.0,0.8579620501916819,0.14203794980831802
4409,YOR294W YKL210W,0.0,NA,3.716425226230058e-06,2850,26631,4410,0,0.21421616358325218,0.09667243309250026,1.0,0.8579298347347057,0.14207016526529428
4410,YDR073W YAL023C,0.0,NA,3.7184349821473006e-06,2850,26630,4411,0,0.21424566994187247,0.09667571234735414,1.0,0.8578976192777295,0.14210238072227055
4411,YML022W YLR442C,0.0,NA,3.7186796362220775e-06,2850,26629,4412,0,0.21427517630049275,0.09667899182468877,1.0,0.8578654038207532,0.1421345961792468
4412,YEL071W YBL043W,0.0,NA,3.722796009242302e-06,2850,26628,4413,0,0.21430468265911304,0.09668227152452677,1.0,0.857833188363777,0.14216681163622305
4413,YLR361C YNL128W,0.0,NA,3.725125679920893e-06,2850,26627,4414,0,0.21433418901773332,0.0966855514468908,1.0,0.8578009729068007,0.14219902709319931
4414,YGR055W YOR381W,0.0,NA,3.7410177355923224e-06,2850,26626,4415,0,0.2143636953763536,0.0966888315918035,1.0,0.8577687574498244,0.14223124255017558
4415,YFR003C YGL116W,0.0,NA,3.7415779843286145e-06,2850,26625,4416,0,0.2143932017349739,0.09669211195928754,1.0,0.8577365419928482,0.14226345800715184
4416,YOR091W YOR216C,0.0,NA,3.744565901797614e-06,2850,26624,4417,0,0.21442270809359418,0.09669539254936554,1.0,0.8577043265358719,0.14229567346412808
4417,YPR105C YBL041W,0.0,NA,3.7501408769458067e-06,2850,26623,4418,0,0.21445221445221446,0.09669867336206019,1.0,0.8576721110788956,0.14232788892110435
4418,YNL331C YGR133W,0.0,NA,3.7505055843212176e-06,2850,26622,4419,0,0.21448172081083475,0.09670195439739414,1.0,0.8576398956219194,0.1423601043780806
4419,YCL054W YBL018C,0.0,NA,3.7542488371400395e-06,2850,26621,4420,0,0.214511227169455,0.09670523565539005,1.0,0.8576076801649432,0.14239231983505685
4420,YBR114W YKR089C,0.0,NA,3.7656300264643505e-06,2850,26620,4421,0,0.2145407335280753,0.09670851713607058,1.0,0.8575754647079669,0.1424245352920331
4421,YPR032W YGL246C,0.0,NA,3.769064733205596e-06,2850,26619,4422,0,0.21457023988669557,0.09671179883945841,1.0,0.8575432492509907,0.14245675074900938
4422,YDR096W YKR059W,0.0,NA,3.769668637687573e-06,2850,26618,4423,0,0.21459974624531586,0.09671508076557622,1.0,0.8575110337940144,0.14248896620598564
4423,YDL054C YNL327W,0.0,NA,3.772149966607685e-06,2850,26617,4424,0,0.21462925260393614,0.09671836291444667,1.0,0.8574788183370381,0.14252118166296188
4424,YDR530C YKL220C,0.0,NA,3.7736685953859705e-06,2850,26616,4425,0,0.21465875896255643,0.09672164528609245,1.0,0.8574466028800618,0.14255339711993814
4425,YOR253W YOL144W,0.0,NA,3.7881093248870457e-06,2850,26615,4426,0,0.2146882653211767,0.09672492788053623,1.0,0.8574143874230856,0.1425856125769144
4426,YBR142W YGL172W,0.0,NA,3.7904003420408117e-06,2850,26614,4427,0,0.214717771679797,0.0967282106978007,1.0,0.8573821719661093,0.14261782803389067
4427,YOR197W YAL013W,0.0,NA,3.79087396140676e-06,2850,26613,4428,0,0.21474727803841728,0.09673149373790857,1.0,0.857349956509133,0.1426500434908669
4428,YDL085W YGR204W,0.0,NA,3.797148337980616e-06,2850,26612,4429,0,0.21477678439703757,0.0967347770008825,1.0,0.8573177410521569,0.14268225894784317
4429,YGR118W YKR025W,0.0,NA,3.8038533602957614e-06,2850,26611,4430,0,0.21480629075565785,0.09673806048674519,1.0,0.8572855255951806,0.14271447440481944
4430,YJL103C YPR034W,0.0,NA,3.810948328464292e-06,2850,26610,4431,0,0.21483579711427814,0.09674134419551934,1.0,0.8572533101382043,0.1427466898617957
4431,YPR173C YOR040W,0.0,NA,3.817222932411823e-06,2850,26609,4432,0,0.21486530347289842,0.09674462812722767,1.0,0.8572210946812281,0.14277890531877194
4432,YPR066W YDL148C,0.0,NA,3.825805379165104e-06,2850,26608,4433,0,0.21489480983151868,0.09674791228189286,1.0,0.8571888792242518,0.1428111207757482
4433,YCR089W YOR124C,0.0,NA,3.834528342849808e-06,2850,26607,4434,0,0.21492431619013896,0.09675119665953763,1.0,0.8571566637672755,0.14284333623272447
4434,YPR143W YNL322C,0.0,NA,3.836569248960586e-06,2850,26606,4435,0,0.21495382254875925,0.09675448126018468,1.0,0.8571244483102993,0.14287555168970073
4435,YBR036C YIR011C,0.0,NA,3.841948000626871e-06,2850,26605,4436,0,0.21498332890737953,0.09675776608385674,1.0,0.857092232853323,0.14290776714667697
4436,YPR021C YFL008W,0.0,NA,3.849767381325364e-06,2850,26604,4437,0,0.21501283526599982,0.0967610511305765,1.0,0.8570600173963467,0.14293998260365323
4437,YDR142C YLR047C,0.0,NA,3.8498737922054715e-06,2850,26603,4438,0,0.2150423416246201,0.09676433640036669,1.0,0.8570278019393706,0.1429721980606295
4438,YBR101C YGL002W,0.0,NA,3.855752765957732e-06,2850,26602,4439,0,0.2150718479832404,0.09676762189325003,1.0,0.8569955864823943,0.14300441351760576
4439,YNL021W YGR178C,0.0,NA,3.870648015436018e-06,2850,26601,4440,0,0.21510135434186067,0.09677090760924927,1.0,0.856963371025418,0.143036628974582
4440,YDL184C YEL018W,0.0,NA,3.872036359098274e-06,2850,26600,4441,0,0.21513086070048096,0.0967741935483871,1.0,0.8569311555684418,0.14306884443155826
4441,YLR022C YDL022W,0.0,NA,3.88122680305969e-06,2850,26599,4442,0,0.21516036705910124,0.09677747971068627,1.0,0.8568989401114655,0.14310105988853453
4442,YOR284W YGL238W,0.0,NA,3.887394541379763e-06,2850,26598,4443,0,0.21518987341772153,0.09678076609616952,1.0,0.8568667246544892,0.14313327534551076
4443,YHR042W YLR405W,0.0,NA,3.888811079377774e-06,2850,26597,4444,0,0.2152193797763418,0.09678405270485958,1.0,0.8568345091975129,0.14316549080248703
4444,YOR229W YJL115W,0.0,NA,3.891370852215914e-06,2850,26596,4445,0,0.2152488861349621,0.09678733953677919,1.0,0.8568022937405367,0.1431977062594633
4445,YCR036W YIL144W,0.0,NA,3.911484782292973e-06,2850,26595,4446,0,0.21527839249358235,0.09679062659195109,1.0,0.8567700782835604,0.14322992171643956
4446,YLR433C YMR175W,0.0,NA,3.9175961319415364e-06,2850,26594,4447,0,0.21530789885220264,0.09679391387039804,1.0,0.8567378628265842,0.1432621371734158
4447,YHR184W YJL178C,0.0,NA,3.91957291867584e-06,2850,26593,4448,0,0.21533740521082292,0.09679720137214279,1.0,0.856705647369608,0.14329435263039206
4448,YOR016C YMR136W,0.0,NA,3.921143161278451e-06,2850,26592,4449,0,0.2153669115694432,0.09680048909720806,1.0,0.8566734319126317,0.14332656808736832
4449,YKL172W YDR464W,0.0,NA,3.926887529814849e-06,2850,26591,4450,0,0.2153964179280635,0.09680377704561666,1.0,0.8566412164556554,0.1433587835443446
4450,YHR139C YER168C,0.0,NA,3.93091522710165e-06,2850,26590,4451,0,0.21542592428668378,0.09680706521739131,1.0,0.8566090009986792,0.14339099900132082
4451,YBR132C YOR310C,0.0,NA,3.931789251510054e-06,2850,26589,4452,0,0.21545543064530406,0.09681035361255477,1.0,0.8565767855417029,0.1434232144582971
4452,YGL224C YMR096W,0.0,NA,3.9391488826368e-06,2850,26588,4453,0,0.21548493700392435,0.09681364223112983,1.0,0.8565445700847266,0.14345542991527335
4453,YOR383C YLR029C,0.0,NA,3.939535872632405e-06,2850,26587,4454,0,0.21551444336254463,0.09681693107313924,1.0,0.8565123546277504,0.14348764537224962
4454,YBR068C YNL099C,0.0,NA,3.939810085284989e-06,2850,26586,4455,0,0.21554394972116492,0.09682022013860579,1.0,0.8564801391707741,0.14351986082922585
4455,YGR248W YPL112C,0.0,NA,3.945976914110361e-06,2850,26585,4456,0,0.2155734560797852,0.09682350942755223,1.0,0.8564479237137979,0.14355207628620212
4456,YIL124W YNL322C,0.0,NA,3.949843630834948e-06,2850,26584,4457,0,0.2156029624384055,0.09682679894000136,1.0,0.8564157082568217,0.14358429174317838
4457,YLR048W YNL123W,0.0,NA,3.970820216636639e-06,2850,26583,4458,0,0.21563246879702577,0.09683008867597595,1.0,0.8563834927998454,0.14361650720015465
4458,YDR173C YPL057C,0.0,NA,3.988167463830905e-06,2850,26582,4459,0,0.21566197515564603,0.09683337863549878,1.0,0.8563512773428691,0.14364872265713088
4459,YIL162W YGR288W,0.0,NA,3.9909450606501196e-06,2850,26581,4460,0,0.21569148151426631,0.09683666881859264,1.0,0.8563190618858928,0.14368093811410715
4460,YHR010W YHL028W,0.0,NA,4.000155058747623e-06,2850,26580,4461,0,0.2157209878728866,0.09683995922528033,1.0,0.8562868464289166,0.1437131535710834
4461,YKL041W YLL012W,0.0,NA,4.0039026316662785e-06,2850,26579,4462,0,0.21575049423150688,0.09684324985558462,1.0,0.8562546309719403,0.14374536902805965
4462,YJR070C YDR216W,0.0,NA,4.009064923593542e-06,2850,26578,4463,0,0.21578000059012717,0.09684654070952833,1.0,0.856222415514964,0.14377758448503591
4463,YLR144C YKR103W,0.0,NA,4.009279109595809e-06,2850,26577,4464,0,0.21580950694874745,0.09684983178713426,1.0,0.8561902000579878,0.14380979994201218
4464,YBR123C YGR261C,0.0,NA,4.013261332147522e-06,2850,26576,4465,0,0.21583901330736774,0.0968531230884252,1.0,0.8561579846010116,0.14384201539898844
4465,YGR192C YBR156C,0.0,NA,4.013510078948457e-06,2850,26575,4466,0,0.21586851966598802,0.09685641461342395,1.0,0.8561257691440353,0.14387423085596468
4466,YDR353W YJR109C,0.0,NA,4.019343577965628e-06,2850,26574,4467,0,0.2158980260246083,0.09685970636215334,1.0,0.8560935536870591,0.14390644631294094
4467,YKR053C YDL219W,0.0,NA,4.022373104817234e-06,2850,26573,4468,0,0.2159275323832286,0.09686299833463617,1.0,0.8560613382300828,0.1439386617699172
4468,YML123C YBR252W,0.0,NA,4.0367299334320705e-06,2850,26572,4469,0,0.21595703874184888,0.09686629053089525,1.0,0.8560291227731065,0.14397087722689347
4469,YJL205C YDR173C,0.0,NA,4.0379159145231824e-06,2850,26571,4470,0,0.21598654510046916,0.0968695829509534,1.0,0.8559969073161303,0.1440030926838697
4470,YLR130C YLR106C,0.0,NA,4.039683517476078e-06,2850,26570,4471,0,0.21601605145908945,0.09687287559483344,1.0,0.855964691859154,0.14403530814084597
4471,YKR068C YOR303W,0.0,NA,4.0411478039459325e-06,2850,26569,4472,0,0.2160455578177097,0.09687616846255821,1.0,0.8559324764021777,0.14406752359782224
4472,YDR244W YKR072C,0.0,NA,4.044995876029134e-06,2850,26568,4473,0,0.21607506417633,0.09687946155415052,1.0,0.8559002609452016,0.1440997390547985
4473,YJL136C YPR043W,0.0,NA,4.0471800275554415e-06,2850,26567,4474,0,0.21610457053495027,0.0968827548696332,1.0,0.8558680454882253,0.14413195451177474
4474,YPL211W YHR138C,0.0,NA,4.0584386624686886e-06,2850,26566,4475,0,0.21613407689357056,0.0968860484090291,1.0,0.855835830031249,0.144164169968751
4475,YDR197W YOL064C,0.0,NA,4.0592321965959854e-06,2850,26565,4476,0,0.21616358325219084,0.09688934217236105,1.0,0.8558036145742728,0.14419638542572727
4476,YBR041W YEL003W,0.0,NA,4.063012056576554e-06,2850,26564,4477,0,0.21619308961081113,0.09689263615965187,1.0,0.8557713991172965,0.14422860088270353
4477,YAL029C YLR208W,0.0,NA,4.0633453863847535e-06,2850,26563,4478,0,0.2162225959694314,0.09689593037092442,1.0,0.8557391836603202,0.14426081633967977
4478,YNL310C YCL044C,0.0,NA,4.06487242798903e-06,2850,26562,4479,0,0.2162521023280517,0.09689922480620156,1.0,0.8557069682033439,0.14429303179665603
4479,YPR043W YPR001W,0.0,NA,4.066590463480679e-06,2850,26561,4480,0,0.21628160868667198,0.0969025194655061,1.0,0.8556747527463677,0.1443252472536323
4480,YKR090W YLR186W,0.0,NA,4.066687324666418e-06,2850,26560,4481,0,0.21631111504529227,0.09690581434886093,1.0,0.8556425372893914,0.14435746271060854
4481,YMR083W YPL047W,0.0,NA,4.0687004911887925e-06,2850,26559,4482,0,0.21634062140391255,0.09690910945628889,1.0,0.8556103218324151,0.1443896781675848
4482,YNL117W YOR069W,0.0,NA,4.0712079680815805e-06,2850,26558,4483,0,0.21637012776253284,0.09691240478781284,1.0,0.855578106375439,0.14442189362456107
4483,YDL083C YKR007W,0.0,NA,4.080361577507574e-06,2850,26557,4484,0,0.2163996341211531,0.09691570034345565,1.0,0.8555458909184627,0.14445410908153733
4484,YLR060W YBR176W,0.0,NA,4.0836162042978685e-06,2850,26556,4485,0,0.21642914047977338,0.09691899612324016,1.0,0.8555136754614864,0.14448632453851357
4485,YJR004C YDR235W,0.0,NA,4.088144123670645e-06,2850,26555,4486,0,0.21645864683839366,0.09692229212718925,1.0,0.8554814600045102,0.14451853999548983
4486,YPL178W YIR041W,0.0,NA,4.089064077561488e-06,2850,26554,4487,0,0.21648815319701395,0.0969255883553258,1.0,0.8554492445475339,0.1445507554524661
4487,YNL283C YCR010C,0.0,NA,4.095093572686892e-06,2850,26553,4488,0,0.21651765955563423,0.09692888480767269,1.0,0.8554170290905576,0.14458297090944236
4488,YBR114W YGR157W,0.0,NA,4.097785222256789e-06,2850,26552,4489,0,0.21654716591425452,0.09693218148425277,1.0,0.8553848136335814,0.1446151863664186
4489,YPL012W YPL218W,0.0,NA,4.0999821067089215e-06,2850,26551,4490,0,0.2165766722728748,0.09693547838508894,1.0,0.8553525981766051,0.14464740182339486
4490,YPR186C YBL068W,0.0,NA,4.11041537518031e-06,2850,26550,4491,0,0.2166061786314951,0.09693877551020408,1.0,0.8553203827196288,0.14467961728037113
4491,YER052C YBR021W,0.0,NA,4.113238901481964e-06,2850,26549,4492,0,0.21663568499011537,0.09694207285962107,1.0,0.8552881672626527,0.1447118327373474
4492,YBR298C YJR139C,0.0,NA,4.127778538531857e-06,2850,26548,4493,0,0.21666519134873566,0.0969453704333628,1.0,0.8552559518056764,0.14474404819432363
4493,YER166W YPL198W,0.0,NA,4.131169134780066e-06,2850,26547,4494,0,0.21669469770735594,0.09694866823145219,1.0,0.8552237363487001,0.1447762636512999
4494,YAL055W YCR009C,0.0,NA,4.134448317927308e-06,2850,26546,4495,0,0.21672420406597623,0.0969519662539121,1.0,0.8551915208917239,0.14480847910827616
4495,YDR409W YLR186W,0.0,NA,4.1458629311819095e-06,2850,26545,4496,0,0.2167537104245965,0.09695526450076544,1.0,0.8551593054347476,0.14484069456525242
4496,YGR248W YJL198W,0.0,NA,4.152376277488656e-06,2850,26544,4497,0,0.21678321678321677,0.0969585629720351,1.0,0.8551270899777713,0.14487291002222866
4497,YOR301W YDR404C,0.0,NA,4.158165666012792e-06,2850,26543,4498,0,0.21681272314183705,0.09696186166774402,1.0,0.855094874520795,0.14490512547920492
4498,YER096W YNL222W,0.0,NA,4.159323452768149e-06,2850,26542,4499,0,0.21684222950045734,0.09696516058791507,1.0,0.8550626590638188,0.14493734093618119
4499,YDL088C YPL249C,0.0,NA,4.163419362157583e-06,2850,26541,4500,0,0.21687173585907762,0.09696845973257119,1.0,0.8550304436068425,0.14496955639315745
4500,YLR139C YOR207C,0.0,NA,4.16602870245697e-06,2850,26540,4501,0,0.2169012422176979,0.09697175910173528,1.0,0.8549982281498663,0.1450017718501337
4501,YLL052C YDR135C,0.0,NA,4.168011855654186e-06,2850,26539,4502,0,0.2169307485763182,0.09697505869543026,1.0,0.8549660126928901,0.14503398730710995
4502,YER176W YKL079W,0.0,NA,4.170015927229542e-06,2850,26538,4503,0,0.21696025493493848,0.09697835851367906,1.0,0.8549337972359138,0.14506620276408622
4503,YFR046C YKL205W,0.0,NA,4.176248239673441e-06,2850,26537,4504,0,0.21698976129355876,0.09698165855650458,1.0,0.8549015817789375,0.14509841822106245
4504,YCL024W YIR028W,0.0,NA,4.185314537608065e-06,2850,26536,4505,0,0.21701926765217905,0.09698495882392977,1.0,0.8548693663219613,0.14513063367803872
4505,YKL006W YDR035W,0.0,NA,4.197810540063074e-06,2850,26535,4506,0,0.21704877401079933,0.09698825931597754,1.0,0.854837150864985,0.14516284913501498
4506,YDR502C YGR227W,0.0,NA,4.200750026939204e-06,2850,26534,4507,0,0.21707828036941962,0.09699156003267084,1.0,0.8548049354080087,0.14519506459199125
4507,YPL248C YCL039W,0.0,NA,4.203691332804738e-06,2850,26533,4508,0,0.2171077867280399,0.0969948609740326,1.0,0.8547727199510325,0.14522728004896748
4508,YNL117W YJR090C,0.0,NA,4.205712230032077e-06,2850,26532,4509,0,0.2171372930866602,0.09699816214008576,1.0,0.8547405044940563,0.14525949550594375
4509,YPR179C YDL148C,0.0,NA,4.205816821922781e-06,2850,26531,4510,0,0.21716679944528045,0.09700146353085327,1.0,0.85470828903708,0.14529171096292
4510,YNL116W YOR040W,0.0,NA,4.234681910020299e-06,2850,26530,4511,0,0.21719630580390073,0.09700476514635807,1.0,0.8546760735801038,0.14532392641989628
4511,YKR014C YBR290W,0.0,NA,4.238876044837525e-06,2850,26529,4512,0,0.21722581216252101,0.09700806698662309,1.0,0.8546438581231275,0.1453561418768725
4512,YMR246W YLR009W,0.0,NA,4.240298949298449e-06,2850,26528,4513,0,0.2172553185211413,0.09701136905167132,1.0,0.8546116426661512,0.14538835733384878
4513,YBR298C YLR299W,0.0,NA,4.24117661168566e-06,2850,26527,4514,0,0.21728482487976158,0.09701467134152568,1.0,0.854579427209175,0.14542057279082504
4514,YKL144C YGL170C,0.0,NA,4.254638497513952e-06,2850,26526,4515,0,0.21731433123838187,0.09701797385620915,1.0,0.8545472117521987,0.1454527882478013
4515,YPL111W YPL228W,0.0,NA,4.265005827619461e-06,2850,26525,4516,0,0.21734383759700215,0.09702127659574468,1.0,0.8545149962952224,0.14548500370477754
4516,YDR195W YHR046C,0.0,NA,4.269103555998299e-06,2850,26524,4517,0,0.21737334395562244,0.09702457956015524,1.0,0.8544827808382461,0.1455172191617538
4517,YJL091C YPR086W,0.0,NA,4.270052613719599e-06,2850,26523,4518,0,0.21740285031424272,0.09702788274946379,1.0,0.85445056538127,0.14554943461873007
4518,YOR184W YOL044W,0.0,NA,4.272276328265434e-06,2850,26522,4519,0,0.217432356672863,0.09703118616369331,1.0,0.8544183499242937,0.14558165007570634
4519,YJL212C YAR031W,0.0,NA,4.274811544746626e-06,2850,26521,4520,0,0.2174618630314833,0.09703448980286677,1.0,0.8543861344673174,0.14561386553268257
4520,YGL142C YDL098C,0.0,NA,4.275398623576621e-06,2850,26520,4521,0,0.21749136939010358,0.09703779366700716,1.0,0.8543539190103412,0.14564608098965884
4521,YNL167C YGR230W,0.0,NA,4.2789720282598864e-06,2850,26519,4522,0,0.21752087574872386,0.09704109775613742,1.0,0.8543217035533649,0.1456782964466351
4522,YER114C YEL053C,0.0,NA,4.28048224421218e-06,2850,26518,4523,0,0.21755038210734412,0.09704440207028057,1.0,0.8542894880963886,0.14571051190361134
4523,YGL103W YPL203W,0.0,NA,4.280914708942873e-06,2850,26517,4524,0,0.2175798884659644,0.09704770660945959,1.0,0.8542572726394124,0.1457427273605876
4524,YER154W YCL044C,0.0,NA,4.283663201931631e-06,2850,26516,4525,0,0.2176093948245847,0.09705101137369747,1.0,0.8542250571824361,0.14577494281756387
4525,YNL128W YDL150W,0.0,NA,4.2974484131264035e-06,2850,26515,4526,0,0.21763890118320497,0.0970543163630172,1.0,0.8541928417254598,0.14580715827454013
4526,YDR423C YGL037C,0.0,NA,4.300621640140889e-06,2850,26514,4527,0,0.21766840754182526,0.09705762157744177,1.0,0.8541606262684837,0.14583937373151637
4527,YOL112W YHR184W,0.0,NA,4.303148671169765e-06,2850,26513,4528,0,0.21769791390044554,0.09706092701699418,1.0,0.8541284108115074,0.14587158918849263
4528,YJR013W YMR229C,0.0,NA,4.3089557948405854e-06,2850,26512,4529,0,0.21772742025906583,0.09706423268169743,1.0,0.8540961953545311,0.1459038046454689
4529,YML114C YKL019W,0.0,NA,4.319348136050394e-06,2850,26511,4530,0,0.21775692661768611,0.09706753857157453,1.0,0.8540639798975549,0.14593602010244516
4530,YER007C-A YGL027C,0.0,NA,4.321515461924719e-06,2850,26510,4531,0,0.2177864329763064,0.0970708446866485,1.0,0.8540317644405786,0.1459682355594214
4531,YKL173W YOL125W,0.0,NA,4.328609975345898e-06,2850,26509,4532,0,0.21781593933492668,0.09707415102694233,1.0,0.8539995489836023,0.14600045101639766
4532,YOL144W YPR043W,0.0,NA,4.329105195211014e-06,2850,26508,4533,0,0.21784544569354697,0.09707745759247906,1.0,0.8539673335266261,0.14603266647337393
4533,YGR289C YOR020C,0.0,NA,4.3303357415425126e-06,2850,26507,4534,0,0.21787495205216725,0.09708076438328167,1.0,0.8539351180696498,0.1460648819303502
4534,YJR042W YLR459W,0.0,NA,4.330880983616225e-06,2850,26506,4535,0,0.21790445841078754,0.09708407139937321,1.0,0.8539029026126735,0.14609709738732643
4535,YHR206W YDR178W,0.0,NA,4.331979653215967e-06,2850,26505,4536,0,0.2179339647694078,0.0970873786407767,1.0,0.8538706871556972,0.1461293128443027
4536,YCR089W YHR075C,0.0,NA,4.341243766248226e-06,2850,26504,4537,0,0.21796347112802808,0.09709068610751516,1.0,0.8538384716987211,0.14616152830127896
4537,YGL178W YLR307W,0.0,NA,4.34577532359981e-06,2850,26503,4538,0,0.21799297748664836,0.09709399379961163,1.0,0.8538062562417448,0.14619374375825522
4538,YNR046W YJR094C,0.0,NA,4.34880212196731e-06,2850,26502,4539,0,0.21802248384526865,0.09709730171708912,1.0,0.8537740407847685,0.14622595921523146
4539,YMR239C YPL209C,0.0,NA,4.3504028326424304e-06,2850,26501,4540,0,0.21805199020388893,0.0971006098599707,1.0,0.8537418253277923,0.14625817467220772
4540,YDL087C YDR178W,0.0,NA,4.357627858553315e-06,2850,26500,4541,0,0.21808149656250922,0.09710391822827939,1.0,0.853709609870816,0.146290390129184
4541,YHR184W YPR069C,0.0,NA,4.360296770755667e-06,2850,26499,4542,0,0.2181110029211295,0.09710722682203823,1.0,0.8536773944138397,0.14632260558616023
4542,YDR373W YOR080W,0.0,NA,4.368046575109474e-06,2850,26498,4543,0,0.2181405092797498,0.09711053564127027,1.0,0.8536451789568635,0.1463548210431365
4543,YMR307W YFL001W,0.0,NA,4.36900882050395e-06,2850,26497,4544,0,0.21817001563837007,0.09711384468599857,1.0,0.8536129634998872,0.14638703650011275
4544,YOR373W YDR335W,0.0,NA,4.3693839870684315e-06,2850,26496,4545,0,0.21819952199699036,0.09711715395624616,1.0,0.853580748042911,0.14641925195708902
4545,YML076C YIR041W,0.0,NA,4.369404450699221e-06,2850,26495,4546,0,0.21822902835561064,0.09712046345203612,1.0,0.8535485325859348,0.14645146741406526
4546,YNL286W YJL115W,0.0,NA,4.383938176033553e-06,2850,26494,4547,0,0.21825853471423093,0.09712377317339149,1.0,0.8535163171289585,0.14648368287104152
4547,YDR464W YER110C,0.0,NA,4.387769422464771e-06,2850,26493,4548,0,0.2182880410728512,0.09712708312033534,1.0,0.8534841016719822,0.14651589832801779
4548,YGR227W YFL022C,0.0,NA,4.3885811464861035e-06,2850,26492,4549,0,0.21831754743147147,0.09713039329289073,1.0,0.853451886215006,0.14654811378499405
4549,YJL101C YLR273C,0.0,NA,4.388958132039988e-06,2850,26491,4550,0,0.21834705379009176,0.09713370369108074,1.0,0.8534196707580297,0.1465803292419703
4550,YDR174W YJL080C,0.0,NA,4.392324626678601e-06,2850,26490,4551,0,0.21837656014871204,0.09713701431492842,1.0,0.8533874553010534,0.14661254469894655
4551,YKL156W YLR453C,0.0,NA,4.395375071908347e-06,2850,26489,4552,0,0.21840606650733232,0.09714032516445686,1.0,0.8533552398440772,0.14664476015592282
4552,YBR165W YPL137C,0.0,NA,4.395836185722146e-06,2850,26488,4553,0,0.2184355728659526,0.09714363623968914,1.0,0.853323024387101,0.14667697561289908
4553,YAL020C YGR142W,0.0,NA,4.409927441884065e-06,2850,26487,4554,0,0.2184650792245729,0.09714694754064833,1.0,0.8532908089301247,0.14670919106987532
4554,YCL035C YOR383C,0.0,NA,4.415886905917432e-06,2850,26486,4555,0,0.21849458558319318,0.09715025906735751,1.0,0.8532585934731484,0.14674140652685158
4555,YOR295W YDR402C,0.0,NA,4.4290709411143325e-06,2850,26485,4556,0,0.21852409194181346,0.09715357081983979,1.0,0.8532263780161722,0.14677362198382785
4556,YDR350C YAR035W,0.0,NA,4.432442892721156e-06,2850,26484,4557,0,0.21855359830043375,0.09715688279811822,1.0,0.8531941625591959,0.1468058374408041
4557,YBR123C YER176W,0.0,NA,4.435318260220811e-06,2850,26483,4558,0,0.21858310465905403,0.09716019500221594,1.0,0.8531619471022196,0.14683805289778035
4558,YDL136W YHL027W,0.0,NA,4.4364646782923955e-06,2850,26482,4559,0,0.21861261101767432,0.097163507432156,1.0,0.8531297316452434,0.1468702683547566
4559,YPL144W YDR238C,0.0,NA,4.439626081875758e-06,2850,26481,4560,0,0.2186421173762946,0.09716682008796154,1.0,0.8530975161882671,0.14690248381173288
4560,YPL265W YGR002C,0.0,NA,4.447500032256357e-06,2850,26480,4561,0,0.21867162373491486,0.09717013296965564,1.0,0.8530653007312908,0.14693469926870914
4561,YHR104W YML013W,0.0,NA,4.454886038729455e-06,2850,26479,4562,0,0.21870113009353515,0.09717344607726142,1.0,0.8530330852743147,0.14696691472568538
4562,YOL116W YDR216W,0.0,NA,4.454894678929122e-06,2850,26478,4563,0,0.21873063645215543,0.09717675941080196,1.0,0.8530008698173384,0.14699913018266164
4563,YMR021C YDR343C,0.0,NA,4.460097898117965e-06,2850,26477,4564,0,0.21876014281077572,0.0971800729703004,1.0,0.8529686543603621,0.1470313456396379
4564,YKL002W YDL214C,0.0,NA,4.4653070290223695e-06,2850,26476,4565,0,0.218789649169396,0.09718338675577985,1.0,0.8529364389033859,0.14706356109661414
4565,YMR297W YDL124W,0.0,NA,4.467070539249107e-06,2850,26475,4566,0,0.21881915552801628,0.09718670076726342,1.0,0.8529042234464096,0.1470957765535904
4566,YPL138C YDR057W,0.0,NA,4.481753421714529e-06,2850,26474,4567,0,0.21884866188663657,0.09719001500477424,1.0,0.8528720079894333,0.14712799201056667
4567,YKL006W YGR245C,0.0,NA,4.487582828005543e-06,2850,26473,4568,0,0.21887816824525685,0.09719332946833543,1.0,0.8528397925324571,0.14716020746754294
4568,YOL082W YOR295W,0.0,NA,4.492867446970195e-06,2850,26472,4569,0,0.21890767460387714,0.09719664415797012,1.0,0.8528075770754808,0.14719242292451917
4569,YDR028C YIL146C,0.0,NA,4.493522737902822e-06,2850,26471,4570,0,0.21893718096249742,0.09719995907370144,1.0,0.8527753616185045,0.14722463838149544
4570,YGL158W YJR064W,0.0,NA,4.4939170038560405e-06,2850,26470,4571,0,0.2189666873211177,0.09720327421555253,1.0,0.8527431461615284,0.1472568538384717
4571,YJR078W YPL211W,0.0,NA,4.4948942559130955e-06,2850,26469,4572,0,0.218996193679738,0.0972065895835465,1.0,0.8527109307045521,0.14728906929544797
4572,YPL189W YCR094W,0.0,NA,4.498668204178102e-06,2850,26468,4573,0,0.21902570003835828,0.09720990517770653,1.0,0.8526787152475758,0.1473212847524242
4573,YLR248W YKR086W,0.0,NA,4.505898687057197e-06,2850,26467,4574,0,0.21905520639697854,0.09721322099805574,1.0,0.8526464997905995,0.14735350020940047
4574,YNR054C YOR040W,0.0,NA,4.507574885792565e-06,2850,26466,4575,0,0.21908471275559882,0.09721653704461727,1.0,0.8526142843336233,0.14738571566637673
4575,YJL106W YHR039C,0.0,NA,4.515246018854668e-06,2850,26465,4576,0,0.2191142191142191,0.0972198533174143,1.0,0.852582068876647,0.147417931123353
4576,YBR211C YBR068C,0.0,NA,4.521278697211528e-06,2850,26464,4577,0,0.2191437254728394,0.09722316981646995,1.0,0.8525498534196707,0.14745014658032923
4577,YJL125C YLR087C,0.0,NA,4.5262659114087e-06,2850,26463,4578,0,0.21917323183145968,0.09722648654180739,1.0,0.8525176379626945,0.1474823620373055
4578,YML071C YMR180C,0.0,NA,4.5274055082700215e-06,2850,26462,4579,0,0.21920273819007996,0.09722980349344978,1.0,0.8524854225057182,0.14751457749428176
4579,YPR164W YPL253C,0.0,NA,4.52967742603505e-06,2850,26461,4580,0,0.21923224454870024,0.09723312067142029,1.0,0.852453207048742,0.14754679295125803
4580,YJR094W-A YBR103W,0.0,NA,4.540810095932102e-06,2850,26460,4581,0,0.21926175090732053,0.09723643807574207,1.0,0.8524209915917658,0.14757900840823426
4581,YNR039C YNL130C,0.0,NA,4.555079613055568e-06,2850,26459,4582,0,0.21929125726594081,0.0972397557064383,1.0,0.8523887761347895,0.14761122386521053
4582,YKR081C YOL040C,0.0,NA,4.55547024102998e-06,2850,26458,4583,0,0.2193207636245611,0.09724307356353214,1.0,0.8523565606778132,0.1476434393221868
4583,YDL088C YHR040W,0.0,NA,4.561269633995835e-06,2850,26457,4584,0,0.21935026998318138,0.09724639164704678,1.0,0.852324345220837,0.14767565477916303
4584,YLR397C YGL147C,0.0,NA,4.565225481201196e-06,2850,26456,4585,0,0.21937977634180167,0.0972497099570054,1.0,0.8522921297638607,0.1477078702361393
4585,YJL073W YOR168W,0.0,NA,4.575324055622332e-06,2850,26455,4586,0,0.21940928270042195,0.09725302849343115,1.0,0.8522599143068844,0.14774008569311556
4586,YDR303C YOL125W,0.0,NA,4.583521331369411e-06,2850,26454,4587,0,0.2194387890590422,0.09725634725634726,1.0,0.8522276988499082,0.14777230115009182
4587,YER151C YGR229C,0.0,NA,4.585428087011678e-06,2850,26453,4588,0,0.2194682954176625,0.09725966624577688,1.0,0.8521954833929319,0.14780451660706806
4588,YNL061W YHR023W,0.0,NA,4.58883550891187e-06,2850,26452,4589,0,0.21949780177628278,0.09726298546174322,1.0,0.8521632679359556,0.14783673206404432
4589,YOR281C YHR039C,0.0,NA,4.592937784764217e-06,2850,26451,4590,0,0.21952730813490307,0.09726630490426948,1.0,0.8521310524789795,0.1478689475210206
4590,YHR178W YPL028W,0.0,NA,4.595268819684861e-06,2850,26450,4591,0,0.21955681449352335,0.09726962457337884,1.0,0.8520988370220032,0.14790116297799685
4591,YPL273W YDR478W,0.0,NA,4.5968336053192616e-06,2850,26449,4592,0,0.21958632085214363,0.09727294446909451,1.0,0.8520666215650269,0.1479333784349731
4592,YBR030W YOR250C,0.0,NA,4.599276053340873e-06,2850,26448,4593,0,0.21961582721076392,0.09727626459143969,1.0,0.8520344061080506,0.14796559389194935
4593,YAR031W YOR361C,0.0,NA,4.607498794939602e-06,2850,26447,4594,0,0.2196453335693842,0.09727958494043759,1.0,0.8520021906510744,0.14799780934892562
4594,YER142C YIL133C,0.0,NA,4.618545517587336e-06,2850,26446,4595,0,0.2196748399280045,0.09728290551611142,1.0,0.8519699751940981,0.14803002480590188
4595,YGL076C YPL126W,0.0,NA,4.630616331269266e-06,2850,26445,4596,0,0.21970434628662477,0.09728622631848438,1.0,0.8519377597371218,0.14806224026287812
4596,YCR057C YKL040C,0.0,NA,4.638917289412348e-06,2850,26444,4597,0,0.21973385264524506,0.0972895473475797,1.0,0.8519055442801456,0.14809445571985438
4597,YBR093C YDR113C,0.0,NA,4.6428872337855864e-06,2850,26443,4598,0,0.21976335900386534,0.09729286860342061,1.0,0.8518733288231694,0.14812667117683065
4598,YBR131W YER102W,0.0,NA,4.646426532417536e-06,2850,26442,4599,0,0.21979286536248563,0.09729619008603031,1.0,0.8518411133661931,0.1481588866338069
4599,YJR046W YNL090W,0.0,NA,4.648199137591291e-06,2850,26441,4600,0,0.21982237172110589,0.09729951179543204,1.0,0.8518088979092169,0.14819110209078315
4600,YOR328W YOL016C,0.0,NA,4.65108132630121e-06,2850,26440,4601,0,0.21985187807972617,0.09730283373164902,1.0,0.8517766824522406,0.14822331754775941
4601,YGR262C YBR256C,0.0,NA,4.6581394599343184e-06,2850,26439,4602,0,0.21988138443834646,0.0973061558947045,1.0,0.8517444669952643,0.14825553300473568
4602,YEL058W YPL266W,0.0,NA,4.666952463594498e-06,2850,26438,4603,0,0.21991089079696674,0.09730947828462169,1.0,0.8517122515382881,0.14828774846171192
4603,YOR145C YMR004W,0.0,NA,4.6709242269571405e-06,2850,26437,4604,0,0.21994039715558703,0.09731280090142384,1.0,0.8516800360813118,0.14831996391868818
4604,YDR003W YJL073W,0.0,NA,4.678641289501684e-06,2850,26436,4605,0,0.2199699035142073,0.0973161237451342,1.0,0.8516478206243355,0.14835217937566444
4605,YDR127W YOR388C,0.0,NA,4.687895398092223e-06,2850,26435,4606,0,0.2199994098728276,0.09731944681577599,1.0,0.8516156051673593,0.1483843948326407
4606,YGR256W YJL186W,0.0,NA,4.6885033953003585e-06,2850,26434,4607,0,0.22002891623144788,0.0973227701133725,1.0,0.851583389710383,0.14841661028961695
4607,YGR217W YNL233W,0.0,NA,4.695555617217906e-06,2850,26433,4608,0,0.22005842259006816,0.09732609363794693,1.0,0.8515511742534068,0.1484488257465932
4608,YER100W YIL119C,0.0,NA,4.696643827628577e-06,2850,26432,4609,0,0.22008792894868845,0.09732941738952257,1.0,0.8515189587964306,0.14848104120356947
4609,YFL030W YBR050C,0.0,NA,4.699269084085245e-06,2850,26431,4610,0,0.22011743530730873,0.09733274136812267,1.0,0.8514867433394543,0.14851325666054574
4610,YDR288W YPL146C,0.0,NA,4.725415237771813e-06,2850,26430,4611,0,0.22014694166592902,0.09733606557377049,1.0,0.851454527882478,0.14854547211752198
4611,YLL040C YHL007C,0.0,NA,4.7295538934122305e-06,2850,26429,4612,0,0.2201764480245493,0.0973393900064893,1.0,0.8514223124255017,0.14857768757449824
4612,YFR005C YMR106C,0.0,NA,4.733290097647114e-06,2850,26428,4613,0,0.22020595438316956,0.09734271466630234,1.0,0.8513900969685255,0.1486099030314745
4613,YDR320C YBR105C,0.0,NA,4.756785074278014e-06,2850,26427,4614,0,0.22023546074178985,0.09734603955323291,1.0,0.8513578815115492,0.14864211848845077
4614,YHR191C YCR072C,0.0,NA,4.7828771130298264e-06,2850,26426,4615,0,0.22026496710041013,0.09734936466730428,1.0,0.8513256660545729,0.148674333945427
4615,YBL071W-A YMR092C,0.0,NA,4.786975296156015e-06,2850,26425,4616,0,0.22029447345903042,0.09735269000853972,1.0,0.8512934505975968,0.14870654940240327
4616,YPR052C YLR441C,0.0,NA,4.788509158970555e-06,2850,26424,4617,0,0.2203239798176507,0.0973560155769625,1.0,0.8512612351406205,0.14873876485937954
4617,YPL188W YGL003C,0.0,NA,4.788559181179153e-06,2850,26423,4618,0,0.22035348617627099,0.0973593413725959,1.0,0.8512290196836442,0.1487709803163558
4618,YGR191W YDL045C,0.0,NA,4.801725026482018e-06,2850,26422,4619,0,0.22038299253489127,0.09736266739546325,1.0,0.851196804226668,0.14880319577333204
4619,YIL035C YFL054C,0.0,NA,4.803217962034978e-06,2850,26421,4620,0,0.22041249889351155,0.09736599364558779,1.0,0.8511645887696917,0.1488354112303083
4620,YLR383W YMR092C,0.0,NA,4.804390755452914e-06,2850,26420,4621,0,0.22044200525213184,0.09736932012299282,1.0,0.8511323733127154,0.14886762668728457
4621,YIR028W YOL093W,0.0,NA,4.80957987747388e-06,2850,26419,4622,0,0.22047151161075212,0.09737264682770166,1.0,0.8511001578557392,0.14889984214426083
4622,YLR004C YEL062W,0.0,NA,4.814164640265517e-06,2850,26418,4623,0,0.2205010179693724,0.0973759737597376,1.0,0.8510679423987629,0.14893205760123707
4623,YLR175W YOR039W,0.0,NA,4.814623935089912e-06,2850,26417,4624,0,0.2205305243279927,0.09737930091912393,1.0,0.8510357269417866,0.14896427305821333
4624,YER009W YGR245C,0.0,NA,4.818289198738057e-06,2850,26416,4625,0,0.22056003068661298,0.09738262830588396,1.0,0.8510035114848105,0.1489964885151896
4625,YBR084C-A YLR423C,0.0,NA,4.825531959795626e-06,2850,26415,4626,0,0.22058953704523324,0.097385955920041,1.0,0.8509712960278342,0.14902870397216583
4626,YHR143W-A YDR166C,0.0,NA,4.830896159546683e-06,2850,26414,4627,0,0.22061904340385352,0.09738928376161837,1.0,0.8509390805708579,0.1490609194291421
4627,YDL160C YHR196W,0.0,NA,4.8365200200350955e-06,2850,26413,4628,0,0.2206485497624738,0.09739261183063938,1.0,0.8509068651138817,0.14909313488611836
4628,YFL011W YPL273W,0.0,NA,4.8382821660197806e-06,2850,26412,4629,0,0.2206780561210941,0.09739594012712734,1.0,0.8508746496569054,0.14912535034309463
4629,YLR028C YIR019C,0.0,NA,4.838383574679028e-06,2850,26411,4630,0,0.22070756247971438,0.09739926865110557,1.0,0.8508424341999291,0.14915756580007086
4630,YBR106W YDR046C,0.0,NA,4.842192083742702e-06,2850,26410,4631,0,0.22073706883833466,0.09740259740259741,1.0,0.8508102187429528,0.14918978125704713
4631,YJL164C YOR358W,0.0,NA,4.850918230658863e-06,2850,26409,4632,0,0.22076657519695495,0.09740592638162617,1.0,0.8507780032859766,0.1492219967140234
4632,YPR108W YDL197C,0.0,NA,4.853801328863483e-06,2850,26408,4633,0,0.22079608155557523,0.09740925558821519,1.0,0.8507457878290003,0.14925421217099966
4633,YDR422C YPL232W,0.0,NA,4.853810423810501e-06,2850,26407,4634,0,0.22082558791419551,0.09741258502238781,1.0,0.850713572372024,0.1492864276279759
4634,YIR001C YNL136W,0.0,NA,4.855824499827577e-06,2850,26406,4635,0,0.2208550942728158,0.09741591468416735,1.0,0.8506813569150479,0.14931864308495216
4635,YDR052C YOL020W,0.0,NA,4.8675133257347625e-06,2850,26405,4636,0,0.22088460063143608,0.09741924457357716,1.0,0.8506491414580716,0.14935085854192842
4636,YJR059W YOR099W,0.0,NA,4.870572865911527e-06,2850,26404,4637,0,0.22091410699005637,0.0974225746906406,1.0,0.8506169260010953,0.1493830739989047
4637,YDR013W YLR233C,0.0,NA,4.871450983046088e-06,2850,26403,4638,0,0.22094361334867663,0.09742590503538098,1.0,0.8505847105441191,0.14941528945588092
4638,YMR156C YNL141W,0.0,NA,4.872078079642961e-06,2850,26402,4639,0,0.2209731197072969,0.09742923560782168,1.0,0.8505524950871428,0.1494475049128572
4639,YJL050W YBR026C,0.0,NA,4.884788722847588e-06,2850,26401,4640,0,0.2210026260659172,0.09743256640798605,1.0,0.8505202796301665,0.14947972036983345
4640,YBL045C YOR010C,0.0,NA,4.888572675554315e-06,2850,26400,4641,0,0.22103213242453748,0.09743589743589744,1.0,0.8504880641731903,0.14951193582680972
4641,YNL299W YEL066W,0.0,NA,4.897518465440953e-06,2850,26399,4642,0,0.22106163878315777,0.0974392286915792,1.0,0.850455848716214,0.14954415128378595
4642,YMR143W YHR163W,0.0,NA,4.902677119389409e-06,2850,26398,4643,0,0.22109114514177805,0.0974425601750547,1.0,0.8504236332592378,0.14957636674076222
4643,YOR193W YIL048W,0.0,NA,4.902873570244992e-06,2850,26397,4644,0,0.22112065150039834,0.09744589188634732,1.0,0.8503914178022616,0.14960858219773848
4644,YNL247W YGR161C,0.0,NA,4.91190121465479e-06,2850,26396,4645,0,0.22115015785901862,0.09744922382548041,1.0,0.8503592023452853,0.14964079765471472
4645,YGL175C YPR164W,0.0,NA,4.91656419399078e-06,2850,26395,4646,0,0.2211796642176389,0.09745255599247735,1.0,0.850326986888309,0.14967301311169098
4646,YLR026C YFL008W,0.0,NA,4.9187169679498766e-06,2850,26394,4647,0,0.2212091705762592,0.09745588838736151,1.0,0.8502947714313328,0.14970522856866725
4647,YFR009W YPL116W,0.0,NA,4.93684774482972e-06,2850,26393,4648,0,0.22123867693487947,0.09745922101015628,1.0,0.8502625559743565,0.1497374440256435
4648,YHR186C YLR361C,0.0,NA,4.9419682000007015e-06,2850,26392,4649,0,0.22126818329349976,0.09746255386088502,1.0,0.8502303405173802,0.14976965948261975
4649,YDR536W YAL014C,0.0,NA,4.944400643580593e-06,2850,26391,4650,0,0.22129768965212004,0.09746588693957114,1.0,0.8501981250604039,0.149801874939596
4650,YOR054C YDR318W,0.0,NA,4.949623416905524e-06,2850,26390,4651,0,0.2213271960107403,0.09746922024623803,1.0,0.8501659096034277,0.14983409039657228
4651,YDL219W YOR243C,0.0,NA,4.953145889885491e-06,2850,26389,4652,0,0.2213567023693606,0.09747255378090906,1.0,0.8501336941464515,0.14986630585354854
4652,YOL089C YBL093C,0.0,NA,4.970313057128806e-06,2850,26388,4653,0,0.22138620872798087,0.09747588754360763,1.0,0.8501014786894752,0.14989852131052478
4653,YKL172W YER024W,0.0,NA,4.977503976988373e-06,2850,26387,4654,0,0.22141571508660116,0.09747922153435715,1.0,0.850069263232499,0.14993073676750104
4654,YMR095C YGR288W,0.0,NA,4.979488949174993e-06,2850,26386,4655,0,0.22144522144522144,0.09748255575318102,1.0,0.8500370477755227,0.1499629522244773
4655,YLR284C YJL222W,0.0,NA,4.982847258361289e-06,2850,26385,4656,0,0.22147472780384173,0.09748589020010262,1.0,0.8500048323185464,0.14999516768145357
4656,YIR034C YCR057C,0.0,NA,4.98348890687339e-06,2850,26384,4657,0,0.221504234162462,0.09748922487514537,1.0,0.8499726168615702,0.1500273831384298
4657,YER059W YPR185W,0.0,NA,4.990317847841652e-06,2850,26383,4658,0,0.2215337405210823,0.09749255977833271,1.0,0.8499404014045939,0.15005959859540607
4658,YDR446W YLR359W,0.0,NA,4.993098173144972e-06,2850,26382,4659,0,0.22156324687970258,0.09749589490968802,1.0,0.8499081859476176,0.15009181405238234
4659,YAL026C YFR015C,0.0,NA,4.9931081775866915e-06,2850,26381,4660,0,0.22159275323832286,0.09749923026923471,1.0,0.8498759704906415,0.1501240295093586
4660,YOR023C YLR467W,0.0,NA,5.001624231226742e-06,2850,26380,4661,0,0.22162225959694315,0.09750256585699624,1.0,0.8498437550336652,0.15015624496633484
4661,YKR061W YMR112C,0.0,NA,5.0018675210594665e-06,2850,26379,4662,0,0.22165176595556343,0.097505901672996,1.0,0.8498115395766889,0.1501884604233111
4662,YPL133C YBR199W,0.0,NA,5.004520517104538e-06,2850,26378,4663,0,0.22168127231418372,0.09750923771725742,1.0,0.8497793241197127,0.15022067588028737
4663,YER074W-A YOR004W,0.0,NA,5.010427685192553e-06,2850,26377,4664,0,0.22171077867280398,0.09751257398980395,1.0,0.8497471086627364,0.1502528913372636
4664,YDL106C YLR009W,0.0,NA,5.022866389481351e-06,2850,26376,4665,0,0.22174028503142426,0.097515910490659,1.0,0.8497148932057601,0.15028510679423987
4665,YGL076C YPL089C,0.0,NA,5.024011443310883e-06,2850,26375,4666,0,0.22176979139004455,0.09751924721984602,1.0,0.8496826777487839,0.15031732225121613
4666,YIL040W YDL042C,0.0,NA,5.031189630244626e-06,2850,26374,4667,0,0.22179929774866483,0.09752258417738845,1.0,0.8496504622918076,0.1503495377081924
4667,YOR036W YAR018C,0.0,NA,5.031606633565389e-06,2850,26373,4668,0,0.22182880410728512,0.09752592136330972,1.0,0.8496182468348313,0.15038175316516864
4668,YER112W YLR208W,0.0,NA,5.03676301377709e-06,2850,26372,4669,0,0.2218583104659054,0.09752925877763328,1.0,0.849586031377855,0.1504139686221449
4669,YHR191C YBR021W,0.0,NA,5.038929884904064e-06,2850,26371,4670,0,0.22188781682452569,0.0975325964203826,1.0,0.8495538159208789,0.15044618407912116
4670,YMR053C YBR172C,0.0,NA,5.039458756073145e-06,2850,26370,4671,0,0.22191732318314597,0.09753593429158111,1.0,0.8495216004639026,0.15047839953609743
4671,YLR079W YNR034W,0.0,NA,5.039914867666084e-06,2850,26369,4672,0,0.22194682954176626,0.09753927239125226,1.0,0.8494893850069263,0.15051061499307367
4672,YGR091W YGL006W,0.0,NA,5.040184078097809e-06,2850,26368,4673,0,0.22197633590038654,0.09754261071941954,1.0,0.8494571695499501,0.15054283045004993
4673,YGL106W YKL109W,0.0,NA,5.065390723757446e-06,2850,26367,4674,0,0.22200584225900682,0.09754594927610638,1.0,0.8494249540929738,0.1505750459070262
4674,YDL134C YLR045C,0.0,NA,5.065405275672674e-06,2850,26366,4675,0,0.2220353486176271,0.09754928806133625,1.0,0.8493927386359975,0.15060726136400246
4675,YER075C YCR081W,0.0,NA,5.06784999743104e-06,2850,26365,4676,0,0.2220648549762474,0.09755262707513264,1.0,0.8493605231790213,0.1506394768209787
4676,YGL058W YDR334W,0.0,NA,5.070093266112963e-06,2850,26364,4677,0,0.22209436133486765,0.09755596631751899,1.0,0.849328307722045,0.15067169227795496
4677,YNL283C YIL018W,0.0,NA,5.070421593700303e-06,2850,26363,4678,0,0.22212386769348794,0.0975593057885188,1.0,0.8492960922650687,0.15070390773493123
4678,YGR138C YFR040W,0.0,NA,5.073643478681333e-06,2850,26362,4679,0,0.22215337405210822,0.09756264548815555,1.0,0.8492638768080926,0.1507361231919075
4679,YDL127W YPR074C,0.0,NA,5.077297828393057e-06,2850,26361,4680,0,0.2221828804107285,0.0975659854164527,1.0,0.8492316613511163,0.15076833864888373
4680,YPL124W YHR040W,0.0,NA,5.077738478576066e-06,2850,26360,4681,0,0.2222123867693488,0.09756932557343376,1.0,0.84919944589414,0.15080055410586
4681,YJL137C YBR001C,0.0,NA,5.100651378597831e-06,2850,26359,4682,0,0.22224189312796908,0.09757266595912219,1.0,0.8491672304371638,0.15083276956283626
4682,YOL068C YBR215W,0.0,NA,5.109200174047146e-06,2850,26358,4683,0,0.22227139948658936,0.0975760065735415,1.0,0.8491350149801875,0.15086498501981252
4683,YNL129W YIL050W,0.0,NA,5.109604444442084e-06,2850,26357,4684,0,0.22230090584520965,0.09757934741671517,1.0,0.8491027995232112,0.15089720047678876
4684,YFL003C YDR180W,0.0,NA,5.110170150146587e-06,2850,26356,4685,0,0.22233041220382993,0.09758268848866672,1.0,0.849070584066235,0.15092941593376502
4685,YPR188C YNL259C,0.0,NA,5.1107163017150015e-06,2850,26355,4686,0,0.22235991856245022,0.09758602978941962,1.0,0.8490383686092587,0.15096163139074129
4686,Q0160 YNR056C,0.0,NA,5.114129180583404e-06,2850,26354,4687,0,0.2223894249210705,0.09758937131899739,1.0,0.8490061531522825,0.15099384684771752
4687,YKL122C YOL132W,0.0,NA,5.117065484228078e-06,2850,26353,4688,0,0.22241893127969078,0.09759271307742355,1.0,0.8489739376953062,0.1510260623046938
4688,YGR221C YPR159W,0.0,NA,5.1172169150959235e-06,2850,26352,4689,0,0.22244843763831107,0.09759605506472159,1.0,0.84894172223833,0.15105827776167005
4689,YCL059C YJR046W,0.0,NA,5.1172805797250476e-06,2850,26351,4690,0,0.22247794399693133,0.09759939728091503,1.0,0.8489095067813537,0.15109049321864632
4690,YGR188C YKL035W,0.0,NA,5.126424639456673e-06,2850,26350,4691,0,0.2225074503555516,0.0976027397260274,1.0,0.8488772913243774,0.15112270867562255
4691,YOR295W YOL001W,0.0,NA,5.12928045282024e-06,2850,26349,4692,0,0.2225369567141719,0.0976060824000822,1.0,0.8488450758674012,0.15115492413259882
4692,YNL097C YKL203C,0.0,NA,5.135927494848147e-06,2850,26348,4693,0,0.22256646307279218,0.09760942530310296,1.0,0.8488128604104249,0.15118713958957508
4693,YDR227W YPR074C,0.0,NA,5.139405857335078e-06,2850,26347,4694,0,0.22259596943141247,0.0976127684351132,1.0,0.8487806449534486,0.15121935504655135
4694,YDR281C YLR449W,0.0,NA,5.1529123084037565e-06,2850,26346,4695,0,0.22262547579003275,0.09761611179613645,1.0,0.8487484294964724,0.15125157050352758
4695,YPR145W YIL125W,0.0,NA,5.1533006626414135e-06,2850,26345,4696,0,0.22265498214865304,0.09761945538619626,1.0,0.8487162140394962,0.15128378596050385
4696,YNL167C YJL210W,0.0,NA,5.160406999493716e-06,2850,26344,4697,0,0.22268448850727332,0.09762279920531616,1.0,0.8486839985825199,0.1513160014174801
4697,YBR083W YDR011W,0.0,NA,5.194733603275381e-06,2850,26343,4698,0,0.2227139948658936,0.09762614325351968,1.0,0.8486517831255437,0.15134821687445638
4698,YKL218C YDL111C,0.0,NA,5.203073214943288e-06,2850,26342,4699,0,0.2227435012245139,0.09762948753083037,1.0,0.8486195676685674,0.1513804323314326
4699,YER007W YFL005W,0.0,NA,5.2066716307308525e-06,2850,26341,4700,0,0.22277300758313417,0.09763283203727176,1.0,0.8485873522115911,0.15141264778840888
4700,YLR206W YGL203C,0.0,NA,5.208504262554925e-06,2850,26340,4701,0,0.22280251394175446,0.09763617677286741,1.0,0.8485551367546149,0.15144486324538514
4701,YEL053C YOR254C,0.0,NA,5.208807124290615e-06,2850,26339,4702,0,0.22283202030037474,0.09763952173764089,1.0,0.8485229212976386,0.1514770787023614
4702,YDR437W YDR178W,0.0,NA,5.225041149969911e-06,2850,26338,4703,0,0.222861526658995,0.09764286693161574,1.0,0.8484907058406623,0.15150929415933764
4703,YER031C YOR341W,0.0,NA,5.225818767939927e-06,2850,26337,4704,0,0.2228910330176153,0.0976462123548155,1.0,0.8484584903836861,0.1515415096163139
4704,YLR363C YOL138C,0.0,NA,5.228037025517551e-06,2850,26336,4705,0,0.22292053937623557,0.09764955800726376,1.0,0.8484262749267099,0.15157372507329017
4705,YPR184W YDR009W,0.0,NA,5.229268481343752e-06,2850,26335,4706,0,0.22295004573485586,0.09765290388898407,1.0,0.8483940594697336,0.1516059405302664
4706,YGR094W YBL021C,0.0,NA,5.229587713984074e-06,2850,26334,4707,0,0.22297955209347614,0.09765625,1.0,0.8483618440127573,0.15163815598724267
4707,YDL191W YER098W,0.0,NA,5.232436251390027e-06,2850,26333,4708,0,0.22300905845209643,0.09765959634033512,1.0,0.8483296285557811,0.15167037144421894
4708,YIL126W YDL085W,0.0,NA,5.234931904851692e-06,2850,26332,4709,0,0.2230385648107167,0.09766294291001303,1.0,0.8482974130988048,0.1517025869011952
4709,YPR110C YAR035W,0.0,NA,5.2557566050381865e-06,2850,26331,4710,0,0.223068071169337,0.09766628970905726,1.0,0.8482651976418285,0.15173480235817144
4710,YPL058C YIL094C,0.0,NA,5.255786618363345e-06,2850,26330,4711,0,0.22309757752795728,0.09766963673749143,1.0,0.8482329821848523,0.1517670178151477
4711,YMR104C YHR026W,0.0,NA,5.259687441139249e-06,2850,26329,4712,0,0.22312708388657757,0.09767298399533911,1.0,0.848200766727876,0.15179923327212397
4712,YPL266W YKR037C,0.0,NA,5.276256615616148e-06,2850,26328,4713,0,0.22315659024519785,0.09767633148262389,1.0,0.8481685512708997,0.15183144872910023
4713,YDR515W YNL162W,0.0,NA,5.276623596728314e-06,2850,26327,4714,0,0.22318609660381813,0.09767967919936936,1.0,0.8481363358139236,0.15186366418607647
4714,YIR015W YGL121C,0.0,NA,5.277715899865143e-06,2850,26326,4715,0,0.2232156029624384,0.09768302714559912,1.0,0.8481041203569473,0.15189587964305273
4715,YPL147W YCL031C,0.0,NA,5.2863092605548445e-06,2850,26325,4716,0,0.22324510932105868,0.09768637532133675,1.0,0.848071904899971,0.151928095100029
4716,YPR024W YCL044C,0.0,NA,5.311794666340575e-06,2850,26324,4717,0,0.22327461567967896,0.09768972372660588,1.0,0.8480396894429948,0.15196031055700526
4717,YLL048C YPR052C,0.0,NA,5.3127923820284195e-06,2850,26323,4718,0,0.22330412203829925,0.09769307236143009,1.0,0.8480074739860185,0.1519925260139815
4718,YOL041C YDL076C,0.0,NA,5.31361865796498e-06,2850,26322,4719,0,0.22333362839691953,0.097696421225833,1.0,0.8479752585290422,0.15202474147095776
4719,YPR164W YDR245W,0.0,NA,5.31972818862414e-06,2850,26321,4720,0,0.22336313475553982,0.09769977031983819,1.0,0.847943043072066,0.15205695692793403
4720,YHR178W YOL067C,0.0,NA,5.326195150701096e-06,2850,26320,4721,0,0.2233926411141601,0.09770311964346932,1.0,0.8479108276150897,0.1520891723849103
4721,YMR104C YDR406W,0.0,NA,5.331338343239622e-06,2850,26319,4722,0,0.22342214747278039,0.09770646919674997,1.0,0.8478786121581134,0.15212138784188653
4722,YBR247C YPL061W,0.0,NA,5.332858563633636e-06,2850,26318,4723,0,0.22345165383140067,0.09770981897970378,1.0,0.8478463967011372,0.1521536032988628
4723,YOR202W YDR244W,0.0,NA,5.342698841559468e-06,2850,26317,4724,0,0.22348116019002096,0.09771316899235437,1.0,0.847814181244161,0.15218581875583906
4724,YLR362W YAL051W,0.0,NA,5.344425971998135e-06,2850,26316,4725,0,0.22351066654864124,0.09771651923472537,1.0,0.8477819657871847,0.1522180342128153
4725,YPL124W YPL208W,0.0,NA,5.35524759470718e-06,2850,26315,4726,0,0.22354017290726153,0.09771986970684039,1.0,0.8477497503302084,0.15225024966979156
4726,YJL081C YPR010C,0.0,NA,5.3577964536088984e-06,2850,26314,4727,0,0.2235696792658818,0.09772322040872308,1.0,0.8477175348732322,0.15228246512676782
4727,YBR085W YDL042C,0.0,NA,5.360622708394658e-06,2850,26313,4728,0,0.22359918562450207,0.09772657134039708,1.0,0.8476853194162559,0.1523146805837441
4728,YNL149C YNR035C,0.0,NA,5.360643172025448e-06,2850,26312,4729,0,0.22362869198312235,0.09772992250188602,1.0,0.8476531039592796,0.15234689604072033
4729,YPL088W YPL266W,0.0,NA,5.360914201446576e-06,2850,26311,4730,0,0.22365819834174264,0.09773327389321354,1.0,0.8476208885023034,0.1523791114976966
4730,YGL094C YGR063C,0.0,NA,5.361634975997731e-06,2850,26310,4731,0,0.22368770470036292,0.09773662551440329,1.0,0.8475886730453271,0.15241132695467285
4731,YKL074C YML106W,0.0,NA,5.365123342926381e-06,2850,26309,4732,0,0.2237172110589832,0.09773997736547893,1.0,0.8475564575883509,0.15244354241164912
4732,YLL015W YMR070W,0.0,NA,5.3709854910266586e-06,2850,26308,4733,0,0.2237467174176035,0.09774332944646409,1.0,0.8475242421313747,0.15247575786862536
4733,YFL057C YDL042C,0.0,NA,5.378345576900756e-06,2850,26307,4734,0,0.22377622377622378,0.09774668175738245,1.0,0.8474920266743984,0.15250797332560162
4734,YJL031C YBL004W,0.0,NA,5.38377526027034e-06,2850,26306,4735,0,0.22380573013484406,0.09775003429825765,1.0,0.8474598112174221,0.15254018878257788
4735,YEL056W YLR004C,0.0,NA,5.38777658221079e-06,2850,26305,4736,0,0.22383523649346435,0.09775338706911336,1.0,0.8474275957604459,0.15257240423955415
4736,YPL160W YKL103C,0.0,NA,5.393554602051154e-06,2850,26304,4737,0,0.22386474285208463,0.09775674006997324,1.0,0.8473953803034696,0.15260461969653039
4737,YNL080C YOR386W,0.0,NA,5.397135737439385e-06,2850,26303,4738,0,0.22389424921070492,0.09776009330086098,1.0,0.8473631648464933,0.15263683515350665
4738,YMR100W YER009W,0.0,NA,5.397208042268176e-06,2850,26302,4739,0,0.2239237555693252,0.09776344676180022,1.0,0.8473309493895171,0.15266905061048291
4739,YOL101C YDL245C,0.0,NA,5.40190922038164e-06,2850,26301,4740,0,0.22395326192794549,0.09776680045281465,1.0,0.8472987339325408,0.15270126606745918
4740,YCL008C YGL065C,0.0,NA,5.4049546633905265e-06,2850,26300,4741,0,0.22398276828656574,0.09777015437392796,1.0,0.8472665184755646,0.15273348152443542
4741,YER102W YLR215C,0.0,NA,5.4101014939078595e-06,2850,26299,4742,0,0.22401227464518603,0.09777350852516381,1.0,0.8472343030185883,0.15276569698141168
4742,YDR523C YDR477W,0.0,NA,5.41269218956586e-06,2850,26298,4743,0,0.2240417810038063,0.0977768629065459,1.0,0.8472020875616121,0.15279791243838795
4743,YKR085C YGL020C,0.0,NA,5.416740350483451e-06,2850,26297,4744,0,0.2240712873624266,0.09778021751809791,1.0,0.8471698721046358,0.1528301278953642
4744,YJR070C YJL092W,0.0,NA,5.423325546871638e-06,2850,26296,4745,0,0.22410079372104688,0.09778357235984354,1.0,0.8471376566476595,0.15286234335234045
4745,YPR129W YBR084W,0.0,NA,5.431679710454773e-06,2850,26295,4746,0,0.22413030007966717,0.09778692743180649,1.0,0.8471054411906833,0.1528945588093167
4746,YGR212W YJL174W,0.0,NA,5.444022008305183e-06,2850,26294,4747,0,0.22415980643828745,0.09779028273401043,1.0,0.847073225733707,0.15292677426629298
4747,YMR044W YPR103W,0.0,NA,5.446483555715531e-06,2850,26293,4748,0,0.22418931279690774,0.09779363826647909,1.0,0.8470410102767307,0.1529589897232692
4748,YLR141W YDL079C,0.0,NA,5.453417088574497e-06,2850,26292,4749,0,0.22421881915552802,0.09779699402923615,1.0,0.8470087948197546,0.15299120518024548
4749,YFL005W YEL003W,0.0,NA,5.454077381727984e-06,2850,26291,4750,0,0.2242483255141483,0.09780035002230535,1.0,0.8469765793627783,0.15302342063722174
4750,YIL019W YDL247W,0.0,NA,5.4596771406068e-06,2850,26290,4751,0,0.2242778318727686,0.09780370624571036,1.0,0.846944363905802,0.153055636094198
4751,YNL202W YIL162W,0.0,NA,5.472198154166108e-06,2850,26289,4752,0,0.22430733823138888,0.09780706269947494,1.0,0.8469121484488258,0.15308785155117424
4752,YLL036C YDR073W,0.0,NA,5.483696440933272e-06,2850,26288,4753,0,0.22433684459000916,0.09781041938362275,1.0,0.8468799329918495,0.1531200670081505
4753,YBR215W YNR047W,0.0,NA,5.501689429365797e-06,2850,26287,4754,0,0.22436635094862942,0.09781377629817757,1.0,0.8468477175348732,0.15315228246512677
4754,YHR110W YLL010C,0.0,NA,5.504618457052857e-06,2850,26286,4755,0,0.2243958573072497,0.0978171334431631,1.0,0.846815502077897,0.15318449792210304
4755,YGR212W YER009W,0.0,NA,5.505479293788085e-06,2850,26285,4756,0,0.22442536366587,0.09782049081860306,1.0,0.8467832866209207,0.15321671337907927
4756,YPL189W YNL222W,0.0,NA,5.50559479961521e-06,2850,26284,4757,0,0.22445487002449027,0.09782384842452117,1.0,0.8467510711639444,0.15324892883605554
4757,YLR223C YHR084W,0.0,NA,5.506387424247805e-06,2850,26283,4758,0,0.22448437638311056,0.0978272062609412,1.0,0.8467188557069683,0.1532811442930318
4758,YHR128W YDR434W,0.0,NA,5.5378591241606046e-06,2850,26282,4759,0,0.22451388274173084,0.09783056432788687,1.0,0.846686640249992,0.15331335975000807
4759,YIL026C YOR383C,0.0,NA,5.54888629267225e-06,2850,26281,4760,0,0.22454338910035113,0.09783392262538189,1.0,0.8466544247930157,0.1533455752069843
4760,YER102W YBR008C,0.0,NA,5.5611503739783075e-06,2850,26280,4761,0,0.2245728954589714,0.09783728115345006,1.0,0.8466222093360394,0.15337779066396057
4761,YNL051W YJL201W,0.0,NA,5.564094863075297e-06,2850,26279,4762,0,0.2246024018175917,0.09784063991211507,1.0,0.8465899938790632,0.15341000612093683
4762,YJR075W YLR214W,0.0,NA,5.57259136257926e-06,2850,26278,4763,0,0.22463190817621198,0.09784399890140072,1.0,0.8465577784220869,0.1534422215779131
4763,YOR079C YDL216C,0.0,NA,5.5857444749563e-06,2850,26277,4764,0,0.22466141453483227,0.09784735812133072,1.0,0.8465255629651106,0.15347443703488933
4764,YBR076W YDR434W,0.0,NA,5.591404260485433e-06,2850,26276,4765,0,0.22469092089345255,0.09785071757192886,1.0,0.8464933475081344,0.1535066524918656
4765,YJR031C YOL041C,0.0,NA,5.5993332352954894e-06,2850,26275,4766,0,0.22472042725207284,0.09785407725321889,1.0,0.8464611320511581,0.15353886794884186
4766,YDL220C YBR069C,0.0,NA,5.604152192972833e-06,2850,26274,4767,0,0.2247499336106931,0.09785743716522456,1.0,0.8464289165941818,0.1535710834058181
4767,YHR176W YMR179W,0.0,NA,5.6047401812975295e-06,2850,26273,4768,0,0.22477943996931338,0.09786079730796965,1.0,0.8463967011372057,0.15360329886279436
4768,YLR406C YBL098W,0.0,NA,5.628377493849257e-06,2850,26272,4769,0,0.22480894632793366,0.09786415768147792,1.0,0.8463644856802294,0.15363551431977063
4769,YMR220W YLR240W,0.0,NA,5.6295048125321046e-06,2850,26271,4770,0,0.22483845268655395,0.09786751828577316,1.0,0.8463322702232531,0.1536677297767469
4770,YDR380W YBL082C,0.0,NA,5.656946541421348e-06,2850,26270,4771,0,0.22486795904517423,0.09787087912087912,1.0,0.8463000547662769,0.15369994523372313
4771,YGL212W YIL140W,0.0,NA,5.663294359692372e-06,2850,26269,4772,0,0.22489746540379452,0.0978742401868196,1.0,0.8462678393093006,0.1537321606906994
4772,YLR353W YMR156C,0.0,NA,5.6926000979729e-06,2850,26268,4773,0,0.2249269717624148,0.09787760148361838,1.0,0.8462356238523243,0.15376437614767566
4773,YER102W YIL149C,0.0,NA,5.7084416766883805e-06,2850,26267,4774,0,0.22495647812103509,0.09788096301129924,1.0,0.8462034083953481,0.15379659160465192
4774,YOR307C YPL269W,0.0,NA,5.711055564461276e-06,2850,26266,4775,0,0.22498598447965537,0.09788432476988597,1.0,0.8461711929383718,0.15382880706162816
4775,YDR100W YOR143C,0.0,NA,5.72085082239937e-06,2850,26265,4776,0,0.22501549083827566,0.09788768675940238,1.0,0.8461389774813955,0.15386102251860442
4776,YOL082W YDL220C,0.0,NA,5.720916306017898e-06,2850,26264,4777,0,0.22504499719689594,0.09789104897987223,1.0,0.8461067620244194,0.1538932379755807
4777,YDR255C YBR021W,0.0,NA,5.725042683479842e-06,2850,26263,4778,0,0.22507450355551623,0.09789441143131934,1.0,0.8460745465674431,0.15392545343255695
4778,YDR294C YPL267W,0.0,NA,5.732128101954004e-06,2850,26262,4779,0,0.2251040099141365,0.09789777411376752,1.0,0.8460423311104668,0.1539576688895332
4779,YLR448W YER035W,0.0,NA,5.737006176786963e-06,2850,26261,4780,0,0.22513351627275677,0.09790113702724056,1.0,0.8460101156534905,0.15398988434650945
4780,YDL246C YOR002W,0.0,NA,5.738927029597107e-06,2850,26260,4781,0,0.22516302263137705,0.09790450017176228,1.0,0.8459779001965143,0.15402209980348572
4781,YMR001C YPL053C,0.0,NA,5.741527274949476e-06,2850,26259,4782,0,0.22519252898999734,0.09790786354735649,1.0,0.845945684739538,0.15405431526046198
4782,YHL011C YKL196C,0.0,NA,5.743471774621867e-06,2850,26258,4783,0,0.22522203534861762,0.097911227154047,1.0,0.8459134692825617,0.15408653071743822
4783,YPR042C YOR003W,0.0,NA,5.743625024479115e-06,2850,26257,4784,0,0.2252515417072379,0.09791459099185763,1.0,0.8458812538255855,0.15411874617441448
4784,YKL014C YIL009C-A,0.0,NA,5.744298505305778e-06,2850,26256,4785,0,0.2252810480658582,0.0979179550608122,1.0,0.8458490383686093,0.15415096163139075
4785,YPL241C YOR273C,0.0,NA,5.745893304265337e-06,2850,26255,4786,0,0.22531055442447848,0.09792131936093455,1.0,0.845816822911633,0.15418317708836698
4786,YHR165C YPR120C,0.0,NA,5.75127114643692e-06,2850,26254,4787,0,0.22534006078309876,0.09792468389224848,1.0,0.8457846074546568,0.15421539254534325
4787,YLR310C YDR420W,0.0,NA,5.754201083618682e-06,2850,26253,4788,0,0.22536956714171905,0.09792804865477786,1.0,0.8457523919976805,0.15424760800231951
4788,YLR205C YJL006C,0.0,NA,5.75568265048787e-06,2850,26252,4789,0,0.22539907350033933,0.09793141364854649,1.0,0.8457201765407042,0.15427982345929578
4789,YOR076C YNL173C,0.0,NA,5.7619490689830855e-06,2850,26251,4790,0,0.22542857985895962,0.09793477887357822,1.0,0.845687961083728,0.15431203891627202
4790,YGR147C YDR213W,0.0,NA,5.762949058407685e-06,2850,26250,4791,0,0.2254580862175799,0.0979381443298969,1.0,0.8456557456267517,0.15434425437324828
4791,YPL026C YNL261W,0.0,NA,5.76344928049366e-06,2850,26249,4792,0,0.22548759257620016,0.09794151001752638,1.0,0.8456235301697754,0.15437646983022454
4792,YOR373W YHL030W,0.0,NA,5.764185971202096e-06,2850,26248,4793,0,0.22551709893482044,0.09794487593649048,1.0,0.8455913147127992,0.1544086852872008
4793,YDR206W YLR234W,0.0,NA,5.764867637481075e-06,2850,26247,4794,0,0.22554660529344073,0.09794824208681308,1.0,0.845559099255823,0.15444090074417705
4794,YHR206W YEL034W,0.0,NA,5.7666270549816545e-06,2850,26246,4795,0,0.225576111652061,0.09795160846851801,1.0,0.8455268837988467,0.1544731162011533
4795,YER015W YEL036C,0.0,NA,5.77580203753314e-06,2850,26245,4796,0,0.2256056180106813,0.09795497508162915,1.0,0.8454946683418705,0.15450533165812957
4796,YOR054C YKL174C,0.0,NA,5.780833362223348e-06,2850,26244,4797,0,0.22563512436930158,0.09795834192617034,1.0,0.8454624528848942,0.15453754711510584
4797,YLR263W YMR137C,0.0,NA,5.78343042434426e-06,2850,26243,4798,0,0.22566463072792187,0.09796170900216547,1.0,0.8454302374279179,0.15456976257208208
4798,YNL001W YNL047C,0.0,NA,5.783490905741928e-06,2850,26242,4799,0,0.22569413708654215,0.09796507630963838,1.0,0.8453980219709416,0.15460197802905834
4799,YMR095C YNL113W,0.0,NA,5.801627139589982e-06,2850,26241,4800,0,0.22572364344516244,0.09796844384861297,1.0,0.8453658065139654,0.1546341934860346
4800,YDL167C YPR161C,0.0,NA,5.810408765682951e-06,2850,26240,4801,0,0.22575314980378272,0.0979718116191131,1.0,0.8453335910569891,0.15466640894301087
4801,YGR147C YBL020W,0.0,NA,5.8129085118707735e-06,2850,26239,4802,0,0.225782656162403,0.09797517962116264,1.0,0.8453013756000128,0.1546986243999871
4802,YJL006C YJR160C,0.0,NA,5.819253601657692e-06,2850,26238,4803,0,0.2258121625210233,0.09797854785478548,1.0,0.8452691601430367,0.15473083985696337
4803,YJR073C YFL057C,0.0,NA,5.830208010593196e-06,2850,26237,4804,0,0.22584166887964358,0.0979819163200055,1.0,0.8452369446860604,0.15476305531393963
4804,YBR084C-A YHR104W,0.0,NA,5.834051080455538e-06,2850,26236,4805,0,0.22587117523826383,0.0979852850168466,1.0,0.8452047292290841,0.1547952707709159
4805,YKL221W YMR217W,0.0,NA,5.840291578351753e-06,2850,26235,4806,0,0.22590068159688412,0.09798865394533264,1.0,0.8451725137721079,0.15482748622789214
4806,YCL033C YJL207C,0.0,NA,5.854466962773586e-06,2850,26234,4807,0,0.2259301879555044,0.09799202310548755,1.0,0.8451402983151316,0.1548597016848684
4807,YDL033C YOR064C,0.0,NA,5.865643743163673e-06,2850,26233,4808,0,0.2259596943141247,0.09799539249733522,1.0,0.8451080828581553,0.15489191714184466
4808,YER123W YBR252W,0.0,NA,5.869012056791689e-06,2850,26232,4809,0,0.22598920067274497,0.09799876212089953,1.0,0.8450758674011791,0.1549241325988209
4809,YMR095C YIL052C,0.0,NA,5.871985194971785e-06,2850,26231,4810,0,0.22601870703136526,0.0980021319762044,1.0,0.8450436519442028,0.15495634805579717
4810,YER164W YPL085W,0.0,NA,5.885019618290244e-06,2850,26230,4811,0,0.22604821338998554,0.09800550206327373,1.0,0.8450114364872265,0.15498856351277343
4811,YBR004C YOL088C,0.0,NA,5.888141004106728e-06,2850,26229,4812,0,0.22607771974860583,0.09800887238213143,1.0,0.8449792210302504,0.1550207789697497
4812,YJR119C YLL043W,0.0,NA,5.893432899028994e-06,2850,26228,4813,0,0.2261072261072261,0.09801224293280143,1.0,0.8449470055732741,0.15505299442672593
4813,YLR070C YIR026C,0.0,NA,5.895130470889853e-06,2850,26227,4814,0,0.2261367324658464,0.09801561371530763,1.0,0.8449147901162978,0.1550852098837022
4814,YFR029W YEL012W,0.0,NA,5.914710527576972e-06,2850,26226,4815,0,0.22616623882446668,0.09801898472967396,1.0,0.8448825746593216,0.15511742534067846
4815,YGL021W YPL192C,0.0,NA,5.916278496442828e-06,2850,26225,4816,0,0.22619574518308697,0.09802235597592433,1.0,0.8448503592023453,0.15514964079765473
4816,YMR062C YHR148W,0.0,NA,5.936914021731354e-06,2850,26224,4817,0,0.22622525154170725,0.09802572745408268,1.0,0.844818143745369,0.15518185625463096
4817,YIL007C YER081W,0.0,NA,5.940414666838478e-06,2850,26223,4818,0,0.2262547579003275,0.09802909916417295,1.0,0.8447859282883927,0.15521407171160723
4818,YBL098W YJL207C,0.0,NA,5.94357061345363e-06,2850,26222,4819,0,0.2262842642589478,0.09803247110621904,1.0,0.8447537128314165,0.1552462871685835
4819,YJR089W YPR171W,0.0,NA,5.9481922107806895e-06,2850,26221,4820,0,0.22631377061756808,0.09803584328024492,1.0,0.8447214973744402,0.15527850262555976
4820,YCL059C YKR037C,0.0,NA,5.94883886151365e-06,2850,26220,4821,0,0.22634327697618836,0.09803921568627451,1.0,0.844689281917464,0.155310718082536
4821,YPL079W YMR264W,0.0,NA,5.950705599389039e-06,2850,26219,4822,0,0.22637278333480865,0.09804258832433176,1.0,0.8446570664604878,0.15534293353951226
4822,YNL287W YGL209W,0.0,NA,5.95092160438071e-06,2850,26218,4823,0,0.22640228969342893,0.09804596119444062,1.0,0.8446248510035115,0.15537514899648852
4823,YDL111C YBR245C,0.0,NA,5.954434982413659e-06,2850,26217,4824,0,0.22643179605204922,0.09804933429662503,1.0,0.8445926355465352,0.15540736445346479
4824,YKL127W YDR295C,0.0,NA,5.958763722446747e-06,2850,26216,4825,0,0.2264613024106695,0.09805270763090897,1.0,0.844560420089559,0.15543957991044102
4825,YKL080W YBR128C,0.0,NA,5.971756763756275e-06,2850,26215,4826,0,0.2264908087692898,0.09805608119731636,1.0,0.8445282046325827,0.1554717953674173
4826,YOR244W YDR235W,0.0,NA,5.982285074423999e-06,2850,26214,4827,0,0.22652031512791007,0.09805945499587118,1.0,0.8444959891756064,0.15550401082439355
4827,YGL045W YDL081C,0.0,NA,5.98477890889626e-06,2850,26213,4828,0,0.22654982148653036,0.0980628290265974,1.0,0.8444637737186302,0.1555362262813698
4828,YBR167C YML106W,0.0,NA,5.986748419672949e-06,2850,26212,4829,0,0.22657932784515064,0.09806620328951896,1.0,0.844431558261654,0.15556844173834605
4829,YGR221C YLR186W,0.0,NA,6.002710051689064e-06,2850,26211,4830,0,0.22660883420377093,0.09806957778465986,1.0,0.8443993428046777,0.15560065719532232
4830,YKR094C YKR020W,0.0,NA,6.003139787935652e-06,2850,26210,4831,0,0.22663834056239118,0.09807295251204405,1.0,0.8443671273477015,0.15563287265229858
4831,YPL092W YOL088C,0.0,NA,6.004674105497543e-06,2850,26209,4832,0,0.22666784692101147,0.09807632747169552,1.0,0.8443349118907252,0.15566508810927482
4832,YAL026C YOR095C,0.0,NA,6.015105554979527e-06,2850,26208,4833,0,0.22669735327963175,0.09807970266363825,1.0,0.8443026964337489,0.15569730356625108
4833,YPL211W YDR411C,0.0,NA,6.019477950758301e-06,2850,26207,4834,0,0.22672685963825204,0.09808307808789621,1.0,0.8442704809767727,0.15572951902322735
4834,YOR253W YER115C,0.0,NA,6.02533600613242e-06,2850,26206,4835,0,0.22675636599687232,0.09808645374449339,1.0,0.8442382655197964,0.1557617344802036
4835,YCL040W YGL254W,0.0,NA,6.0319594012980815e-06,2850,26205,4836,0,0.2267858723554926,0.09808982963345379,1.0,0.8442060500628201,0.15579394993717985
4836,YMR290C YDR158W,0.0,NA,6.033852514519822e-06,2850,26204,4837,0,0.2268153787141129,0.0980932057548014,1.0,0.8441738346058438,0.1558261653941561
4837,YGR040W YCR047C,0.0,NA,6.037305865902454e-06,2850,26203,4838,0,0.22684488507273318,0.09809658210856022,1.0,0.8441416191488677,0.15585838085113238
4838,YMR263W YDR006C,0.0,NA,6.045228019502247e-06,2850,26202,4839,0,0.22687439143135346,0.09809995869475423,1.0,0.8441094036918914,0.15589059630810864
4839,YGL026C YJR082C,0.0,NA,6.062513421056792e-06,2850,26201,4840,0,0.22690389778997375,0.09810333551340746,1.0,0.8440771882349151,0.15592281176508488
4840,YPL076W YBR218C,0.0,NA,6.06427693128353e-06,2850,26200,4841,0,0.22693340414859403,0.0981067125645439,1.0,0.8440449727779389,0.15595502722206114
4841,YML035C YDR007W,0.0,NA,6.087599558668444e-06,2850,26199,4842,0,0.22696291050721432,0.09811008984818755,1.0,0.8440127573209626,0.1559872426790374
4842,YBR084C-A YER049W,0.0,NA,6.08824393566465e-06,2850,26198,4843,0,0.2269924168658346,0.09811346736436244,1.0,0.8439805418639863,0.15601945813601367
4843,YDL061C YMR043W,0.0,NA,6.091908289818093e-06,2850,26197,4844,0,0.22702192322445486,0.09811684511309257,1.0,0.8439483264070101,0.1560516735929899
4844,YMR104C YNL330C,0.0,NA,6.102712632127805e-06,2850,26196,4845,0,0.22705142958307514,0.09812022309440198,1.0,0.8439161109500338,0.15608388904996617
4845,YLL031C YKL189W,0.0,NA,6.106601631472586e-06,2850,26195,4846,0,0.22708093594169543,0.09812360130831468,1.0,0.8438838954930575,0.15611610450694244
4846,YIL167W YBL061C,0.0,NA,6.1133437156968284e-06,2850,26194,4847,0,0.2271104423003157,0.09812697975485471,1.0,0.8438516800360814,0.15614831996391867
4847,YER043C YDL224C,0.0,NA,6.119537829363253e-06,2850,26193,4848,0,0.227139948658936,0.09813035843404606,1.0,0.8438194645791051,0.15618053542089494
4848,YMR251W YJR153W,0.0,NA,6.121902060840512e-06,2850,26192,4849,0,0.22716945501755628,0.09813373734591281,1.0,0.8437872491221288,0.1562127508778712
4849,YOR207C YPL146C,0.0,NA,6.123285857029259e-06,2850,26191,4850,0,0.22719896137617657,0.09813711649047897,1.0,0.8437550336651526,0.15624496633484747
4850,YKR087C YOR173W,0.0,NA,6.123828825366218e-06,2850,26190,4851,0,0.22722846773479685,0.0981404958677686,1.0,0.8437228182081763,0.1562771817918237
4851,YJL091C YOL088C,0.0,NA,6.183299319673097e-06,2850,26189,4852,0,0.22725797409341714,0.0981438754778057,1.0,0.8436906027512,0.15630939724879997
4852,YJL219W YBR086C,0.0,NA,6.191926331666764e-06,2850,26188,4853,0,0.22728748045203742,0.09814725532061437,1.0,0.8436583872942238,0.15634161270577623
4853,YBR084W YPR051W,0.0,NA,6.197716629685601e-06,2850,26187,4854,0,0.2273169868106577,0.09815063539621861,1.0,0.8436261718372475,0.1563738281627525
4854,YOR100C YGR004W,0.0,NA,6.207783826539526e-06,2850,26186,4855,0,0.227346493169278,0.09815401570464251,1.0,0.8435939563802712,0.15640604361972874
4855,YOR273C YNL222W,0.0,NA,6.209750154084759e-06,2850,26185,4856,0,0.22737599952789825,0.0981573962459101,1.0,0.843561740923295,0.156438259076705
4856,YOL063C YBR223C,0.0,NA,6.209992989170132e-06,2850,26184,4857,0,0.22740550588651853,0.09816077702004547,1.0,0.8435295254663188,0.15647047453368126
4857,YER119C YHL038C,0.0,NA,6.226395726116607e-06,2850,26183,4858,0,0.22743501224513882,0.09816415802707264,1.0,0.8434973100093425,0.15650268999065753
4858,YHR025W YPL046C,0.0,NA,6.227553512871964e-06,2850,26182,4859,0,0.2274645186037591,0.09816753926701571,1.0,0.8434650945523662,0.15653490544763377
4859,YJL072C YDR235W,0.0,NA,6.240769835130777e-06,2850,26181,4860,0,0.2274940249623794,0.09817092073989873,1.0,0.84343287909539,0.15656712090461003
4860,YER007C-A YDR252W,0.0,NA,6.2410972532234155e-06,2850,26180,4861,0,0.22752353132099967,0.09817430244574578,1.0,0.8434006636384137,0.1565993363615863
4861,YOL149W YJL214W,0.0,NA,6.248119007068453e-06,2850,26179,4862,0,0.22755303767961996,0.09817768438458094,1.0,0.8433684481814374,0.15663155181856256
4862,YJL019W YOR293W,0.0,NA,6.250961632758845e-06,2850,26178,4863,0,0.22758254403824024,0.09818106655642828,1.0,0.8433362327244612,0.1566637672755388
4863,YGR087C YER069W,0.0,NA,6.25542224952369e-06,2850,26177,4864,0,0.22761205039686053,0.09818444896131188,1.0,0.8433040172674849,0.15669598273251506
4864,YGL076C YBL103C,0.0,NA,6.255774223973276e-06,2850,26176,4865,0,0.2276415567554808,0.09818783159925584,1.0,0.8432718018105086,0.15672819818949132
4865,YCR010C YLR103C,0.0,NA,6.264555850066245e-06,2850,26175,4866,0,0.2276710631141011,0.09819121447028424,1.0,0.8432395863535325,0.15676041364646756
4866,YDL022W YJR036C,0.0,NA,6.270019184739795e-06,2850,26174,4867,0,0.22770056947272138,0.09819459757442117,1.0,0.8432073708965562,0.15679262910344383
4867,YLR397C YER075C,0.0,NA,6.272901828197064e-06,2850,26173,4868,0,0.22773007583134167,0.09819798091169073,1.0,0.8431751554395799,0.1568248445604201
4868,YMR088C YEL011W,0.0,NA,6.27299732514075e-06,2850,26172,4869,0,0.22775958218996192,0.09820136448211701,1.0,0.8431429399826037,0.15685706001739635
4869,YML115C YHR171W,0.0,NA,6.27385907137068e-06,2850,26171,4870,0,0.2277890885485822,0.09820474828572413,1.0,0.8431107245256274,0.1568892754743726
4870,YMR307W YJL187C,0.0,NA,6.27393092145212e-06,2850,26170,4871,0,0.2278185949072025,0.09820813232253618,1.0,0.8430785090686511,0.15692149093134886
4871,YPL101W YMR143W,0.0,NA,6.297771506069694e-06,2850,26169,4872,0,0.22784810126582278,0.09821151659257728,1.0,0.8430462936116749,0.15695370638832512
4872,YJL122W YJR106W,0.0,NA,6.303401733021019e-06,2850,26168,4873,0,0.22787760762444306,0.09821490109587153,1.0,0.8430140781546986,0.15698592184530138
4873,YJR053W YKL127W,0.0,NA,6.30497697784449e-06,2850,26167,4874,0,0.22790711398306335,0.09821828583244305,1.0,0.8429818626977224,0.15701813730227762
4874,YGL021W YLR306W,0.0,NA,6.30630574960378e-06,2850,26166,4875,0,0.22793662034168363,0.09822167080231596,1.0,0.8429496472407461,0.1570503527592539
4875,YMR042W YLR441C,0.0,NA,6.316158760455437e-06,2850,26165,4876,0,0.22796612670030392,0.09822505600551439,1.0,0.8429174317837699,0.15708256821623015
4876,YNL130C YHL020C,0.0,NA,6.326455149974208e-06,2850,26164,4877,0,0.2279956330589242,0.09822844144206246,1.0,0.8428852163267936,0.15711478367320642
4877,YCL054W YOR127W,0.0,NA,6.33278114037239e-06,2850,26163,4878,0,0.2280251394175445,0.09823182711198428,1.0,0.8428530008698173,0.15714699913018265
4878,YBR156C YKL103C,0.0,NA,6.3453794609813485e-06,2850,26162,4879,0,0.22805464577616477,0.09823521301530401,1.0,0.8428207854128411,0.15717921458715892
4879,YDR487C YER174C,0.0,NA,6.345688689179951e-06,2850,26161,4880,0,0.22808415213478506,0.09823859915204577,1.0,0.8427885699558648,0.15721143004413518
4880,YBR040W YHR148W,0.0,NA,6.347564522002358e-06,2850,26160,4881,0,0.22811365849340534,0.09824198552223372,1.0,0.8427563544988885,0.15724364550111145
4881,YOL151W YLR287C-A,0.0,NA,6.354257493512705e-06,2850,26159,4882,0,0.2281431648520256,0.09824537212589196,1.0,0.8427241390419123,0.15727586095808768
4882,YCL033C YPL273W,0.0,NA,6.357094207487535e-06,2850,26158,4883,0,0.22817267121064588,0.09824875896304468,1.0,0.842691923584936,0.15730807641506395
4883,YCL059C YJR119C,0.0,NA,6.3676452555228025e-06,2850,26157,4884,0,0.22820217756926617,0.098252146033716,1.0,0.8426597081279598,0.1573402918720402
4884,YDR464W YIL010W,0.0,NA,6.372893949446734e-06,2850,26156,4885,0,0.22823168392788645,0.09825553333793008,1.0,0.8426274926709836,0.15737250732901648
4885,YPR043W YMR041C,0.0,NA,6.385365850292146e-06,2850,26155,4886,0,0.22826119028650674,0.09825892087571109,1.0,0.8425952772140073,0.1574047227859927
4886,YGL004C YGL257C,0.0,NA,6.39012341707712e-06,2850,26154,4887,0,0.22829069664512702,0.09826230864708316,1.0,0.842563061757031,0.15743693824296898
4887,YIL132C YJL168C,0.0,NA,6.400272013706854e-06,2850,26153,4888,0,0.2283202030037473,0.09826569665207048,1.0,0.8425308463000548,0.15746915369994524
4888,YBR162W-A YPL163C,0.0,NA,6.400766324077267e-06,2850,26152,4889,0,0.2283497093623676,0.09826908489069719,1.0,0.8424986308430785,0.15750136915692148
4889,YGR283C YGR145W,0.0,NA,6.401328391802963e-06,2850,26151,4890,0,0.22837921572098788,0.09827247336298749,1.0,0.8424664153861022,0.15753358461389774
4890,YKR053C YJL042W,0.0,NA,6.410669357137522e-06,2850,26150,4891,0,0.22840872207960816,0.09827586206896552,1.0,0.842434199929126,0.157565800070874
4891,YGR195W YPR134W,0.0,NA,6.4109503910003696e-06,2850,26149,4892,0,0.22843822843822845,0.09827925100865548,1.0,0.8424019844721498,0.15759801552785027
4892,YER054C YNL163C,0.0,NA,6.413799837901024e-06,2850,26148,4893,0,0.22846773479684873,0.09828264018208152,1.0,0.8423697690151735,0.1576302309848265
4893,YDR381W YKL214C,0.0,NA,6.4223258959827945e-06,2850,26147,4894,0,0.22849724115546902,0.09828602958926785,1.0,0.8423375535581972,0.15766244644180277
4894,YDR315C YGL148W,0.0,NA,6.430679604818579e-06,2850,26146,4895,0,0.22852674751408927,0.09828941923023865,1.0,0.842305338101221,0.15769466189877904
4895,YOR316C YLR251W,0.0,NA,6.439983280870365e-06,2850,26145,4896,0,0.22855625387270956,0.0982928091050181,1.0,0.8422731226442447,0.1577268773557553
4896,YER013W YGR048W,0.0,NA,6.451614353863988e-06,2850,26144,4897,0,0.22858576023132984,0.0982961992136304,1.0,0.8422409071872684,0.15775909281273154
4897,YML114C YNL290W,0.0,NA,6.467686489486368e-06,2850,26143,4898,0,0.22861526658995013,0.09829958955609974,1.0,0.8422086917302922,0.1577913082697078
4898,YOR032C YFR040W,0.0,NA,6.489428415079601e-06,2850,26142,4899,0,0.2286447729485704,0.09830298013245033,1.0,0.8421764762733159,0.15782352372668407
4899,YPL146C YHR134W,0.0,NA,6.490895430033561e-06,2850,26141,4900,0,0.2286742793071907,0.09830637094270636,1.0,0.8421442608163396,0.15785573918366033
4900,YLR166C YML006C,0.0,NA,6.493575710919686e-06,2850,26140,4901,0,0.22870378566581098,0.09830976198689204,1.0,0.8421120453593635,0.15788795464063657
4901,YAL058W YOR239W,0.0,NA,6.500106337625766e-06,2850,26139,4902,0,0.22873329202443127,0.09831315326503157,1.0,0.8420798299023872,0.15792017009761283
4902,YMR053C YLR094C,0.0,NA,6.512907020805869e-06,2850,26138,4903,0,0.22876279838305155,0.09831654477714917,1.0,0.8420476144454109,0.1579523855545891
4903,YOL058W YGL032C,0.0,NA,6.5288832047372125e-06,2850,26137,4904,0,0.22879230474167184,0.09831993652326905,1.0,0.8420153989884347,0.15798460101156536
4904,YBR247C YNL293W,0.0,NA,6.540505637531169e-06,2850,26136,4905,0,0.22882181110029212,0.09832332850341544,1.0,0.8419831835314584,0.1580168164685416
4905,YMR011W YBR200W,0.0,NA,6.540886261063861e-06,2850,26135,4906,0,0.2288513174589124,0.09832672071761256,1.0,0.8419509680744821,0.15804903192551786
4906,YOR056C YML041C,0.0,NA,6.5447925408079755e-06,2850,26134,4907,0,0.2288808238175327,0.09833011316588462,1.0,0.8419187526175059,0.15808124738249413
4907,YAR002C-A YER098W,0.0,NA,6.546471468027448e-06,2850,26133,4908,0,0.22891033017615295,0.09833350584825587,1.0,0.8418865371605296,0.15811346283947036
4908,YLR299W YNL175C,0.0,NA,6.548988039867254e-06,2850,26132,4909,0,0.22893983653477323,0.09833689876475053,1.0,0.8418543217035533,0.15814567829644663
4909,YNL199C YKL103C,0.0,NA,6.55504936730722e-06,2850,26131,4910,0,0.22896934289339352,0.09834029191539284,1.0,0.8418221062465772,0.1581778937534229
4910,YOR076C YOR381W,0.0,NA,6.556061634910293e-06,2850,26130,4911,0,0.2289988492520138,0.09834368530020704,1.0,0.8417898907896009,0.15821010921039916
4911,YLR206W YBR010W,0.0,NA,6.5586068558332045e-06,2850,26129,4912,0,0.2290283556106341,0.09834707891921736,1.0,0.8417576753326246,0.1582423246673754
4912,YLR256W YNL221C,0.0,NA,6.570971891051158e-06,2850,26128,4913,0,0.22905786196925437,0.09835047277244806,1.0,0.8417254598756483,0.15827454012435166
4913,YMR021C YPL036W,0.0,NA,6.580993158422643e-06,2850,26127,4914,0,0.22908736832787466,0.09835386685992338,1.0,0.8416932444186721,0.15830675558132792
4914,YIL005W YHR041C,0.0,NA,6.589308213733602e-06,2850,26126,4915,0,0.22911687468649494,0.09835726118166759,1.0,0.8416610289616958,0.1583389710383042
4915,YKR008W YGR024C,0.0,NA,6.591589681193e-06,2850,26125,4916,0,0.22914638104511523,0.09836065573770492,1.0,0.8416288135047195,0.15837118649528042
4916,YBR011C YBL001C,0.0,NA,6.606026090594241e-06,2850,26124,4917,0,0.2291758874037355,0.09836405052805965,1.0,0.8415965980477433,0.1584034019522567
4917,YOR047C YER179W,0.0,NA,6.610235686821397e-06,2850,26123,4918,0,0.2292053937623558,0.09836744555275602,1.0,0.841564382590767,0.15843561740923295
4918,YKL035W YGR158C,0.0,NA,6.617255621677032e-06,2850,26122,4919,0,0.22923490012097608,0.09837084081181831,1.0,0.8415321671337908,0.15846783286620922
4919,YJL031C YGR198W,0.0,NA,6.624459729209775e-06,2850,26121,4920,0,0.22926440647959637,0.09837423630527078,1.0,0.8414999516768146,0.15850004832318546
4920,YOL043C YDL141W,0.0,NA,6.6442885326978285e-06,2850,26120,4921,0,0.22929391283821662,0.09837763203313774,1.0,0.8414677362198383,0.15853226378016172
4921,YPR118W YOR040W,0.0,NA,6.654726803390076e-06,2850,26119,4922,0,0.2293234191968369,0.0983810279954434,1.0,0.841435520762862,0.15856447923713798
4922,YGR049W YBR172C,0.0,NA,6.657793164777104e-06,2850,26118,4923,0,0.2293529255554572,0.09838442419221209,1.0,0.8414033053058858,0.15859669469411425
4923,YDL143W YMR009W,0.0,NA,6.661565748800058e-06,2850,26117,4924,0,0.22938243191407748,0.09838782062346808,1.0,0.8413710898489095,0.15862891015109049
4924,YFR001W YPR181C,0.0,NA,6.662035048066173e-06,2850,26116,4925,0,0.22941193827269776,0.09839121728923565,1.0,0.8413388743919332,0.15866112560806675
4925,YHR079C YNL074C,0.0,NA,6.66856385578285e-06,2850,26115,4926,0,0.22944144463131805,0.0983946141895391,1.0,0.841306658934957,0.15869334106504301
4926,YBR237W YGL244W,0.0,NA,6.671012670267373e-06,2850,26114,4927,0,0.22947095098993833,0.0983980113244027,1.0,0.8412744434779807,0.15872555652201925
4927,YOR316C YDR513W,0.0,NA,6.681288141408004e-06,2850,26113,4928,0,0.22950045734855862,0.09840140869385078,1.0,0.8412422280210045,0.15875777197899552
4928,YIR015W YDL044C,0.0,NA,6.692263013974298e-06,2850,26112,4929,0,0.2295299637071789,0.0984048062979076,1.0,0.8412100125640283,0.15878998743597178
4929,YPL019C YJR031C,0.0,NA,6.700699032080593e-06,2850,26111,4930,0,0.2295594700657992,0.0984082041365975,1.0,0.841177797107052,0.15882220289294804
4930,YGR047C YLL035W,0.0,NA,6.7027699515165295e-06,2850,26110,4931,0,0.22958897642441947,0.09841160220994476,1.0,0.8411455816500757,0.15885441834992428
4931,YMR116C YLL035W,0.0,NA,6.717090855090646e-06,2850,26109,4932,0,0.22961848278303976,0.09841500051797368,1.0,0.8411133661930994,0.15888663380690055
4932,YIL037C YER011W,0.0,NA,6.74253215038334e-06,2850,26108,4933,0,0.22964798914166,0.09841839906070861,1.0,0.8410811507361232,0.1589188492638768
4933,YKR056W YNL082W,0.0,NA,6.765675152564654e-06,2850,26107,4934,0,0.2296774955002803,0.09842179783817384,1.0,0.8410489352791469,0.15895106472085307
4934,YDL234C YGR180C,0.0,NA,6.775121619284619e-06,2850,26106,4935,0,0.22970700185890058,0.0984251968503937,1.0,0.8410167198221706,0.1589832801778293
4935,YBL046W YLR354C,0.0,NA,6.7866776589653455e-06,2850,26105,4936,0,0.22973650821752087,0.0984285960973925,1.0,0.8409845043651945,0.15901549563480558
4936,YOR373W YBL064C,0.0,NA,6.8000431383552495e-06,2850,26104,4937,0,0.22976601457614115,0.09843199557919459,1.0,0.8409522889082182,0.15904771109178184
4937,YBR168W YGL246C,0.0,NA,6.8029553403903265e-06,2850,26103,4938,0,0.22979552093476144,0.09843539529582426,1.0,0.8409200734512419,0.1590799265487581
4938,YMR100W YPL126W,0.0,NA,6.810635113652097e-06,2850,26102,4939,0,0.22982502729338172,0.09843879524730588,1.0,0.8408878579942657,0.15911214200573434
4939,YPL259C YBR105C,0.0,NA,6.811544153606519e-06,2850,26101,4940,0,0.229854533652002,0.09844219543366378,1.0,0.8408556425372894,0.1591443574627106
4940,YBR189W YMR032W,0.0,NA,6.825966920587234e-06,2850,26100,4941,0,0.2298840400106223,0.09844559585492228,1.0,0.8408234270803131,0.15917657291968687
4941,YHR092C YNR013C,0.0,NA,6.859411314508179e-06,2850,26099,4942,0,0.22991354636924258,0.09844899651110574,1.0,0.8407912116233369,0.15920878837666314
4942,YHR047C YLR011W,0.0,NA,6.863395810796646e-06,2850,26098,4943,0,0.22994305272786286,0.0984523974022385,1.0,0.8407589961663606,0.15924100383363937
4943,YMR184W YEL009C,0.0,NA,6.8664276113850065e-06,2850,26097,4944,0,0.22997255908648315,0.0984557985283449,1.0,0.8407267807093843,0.15927321929061564
4944,YOL156W YDR190C,0.0,NA,6.866983767395141e-06,2850,26096,4945,0,0.23000206544510343,0.09845919988944932,1.0,0.8406945652524082,0.1593054347475919
4945,YBR061C YJL074C,0.0,NA,6.87133342580637e-06,2850,26095,4946,0,0.2300315718037237,0.09846260148557609,1.0,0.8406623497954319,0.15933765020456817
4946,YNL053W YLL019C,0.0,NA,6.884951289976016e-06,2850,26094,4947,0,0.23006107816234397,0.09846600331674958,1.0,0.8406301343384556,0.1593698656615444
4947,YKL101W YER174C,0.0,NA,6.885417860758025e-06,2850,26093,4948,0,0.23009058452096426,0.09846940538299416,1.0,0.8405979188814794,0.15940208111852067
4948,YNL255C YKR062W,0.0,NA,6.887492418172769e-06,2850,26092,4949,0,0.23012009087958454,0.09847280768433418,1.0,0.8405657034245031,0.15943429657549693
4949,YFL050C YHR028C,0.0,NA,6.888695224915864e-06,2850,26091,4950,0,0.23014959723820483,0.09847621022079403,1.0,0.8405334879675268,0.15946651203247317
4950,YIR031C YBR059C,0.0,NA,6.8936233219574206e-06,2850,26090,4951,0,0.2301791035968251,0.09847961299239806,1.0,0.8405012725105505,0.15949872748944943
4951,YDR523C YOR069W,0.0,NA,6.908326213306282e-06,2850,26089,4952,0,0.2302086099554454,0.09848301599917067,1.0,0.8404690570535743,0.1595309429464257
4952,YAL022C YHR171W,0.0,NA,6.910875981702702e-06,2850,26088,4953,0,0.23023811631406568,0.09848641924113623,1.0,0.840436841596598,0.15956315840340196
4953,YLR068W YKL174C,0.0,NA,6.9161974352027755e-06,2850,26087,4954,0,0.23026762267268597,0.0984898227183191,1.0,0.8404046261396217,0.1595953738603782
4954,YOL041C YDL045C,0.0,NA,6.946352186787408e-06,2850,26086,4955,0,0.23029712903130625,0.09849322643074371,1.0,0.8403724106826456,0.15962758931735446
4955,YBR127C YNL231C,0.0,NA,6.950042916287202e-06,2850,26085,4956,0,0.23032663538992654,0.09849663037843442,1.0,0.8403401952256693,0.15965980477433073
4956,YJL153C YDR144C,0.0,NA,6.9548368628602475e-06,2850,26084,4957,0,0.23035614174854682,0.09850003456141564,1.0,0.840307979768693,0.159692020231307
4957,YFR002W YPL003W,0.0,NA,6.969058631511871e-06,2850,26083,4958,0,0.2303856481071671,0.09850343897971174,1.0,0.8402757643117168,0.15972423568828323
4958,YDR177W YCR072C,0.0,NA,6.982536888244795e-06,2850,26082,4959,0,0.23041515446578736,0.09850684363334716,1.0,0.8402435488547405,0.1597564511452595
4959,YMR165C YDL015C,0.0,NA,6.984301762713585e-06,2850,26081,4960,0,0.23044466082440765,0.09851024852234627,1.0,0.8402113333977642,0.15978866660223576
4960,YHR153C YLR396C,0.0,NA,6.989851954131154e-06,2850,26080,4961,0,0.23047416718302793,0.09851365364673349,1.0,0.840179117940788,0.15982088205921202
4961,YDR254W YDR384C,0.0,NA,7.01660746926791e-06,2850,26079,4962,0,0.23050367354164822,0.09851705900653324,1.0,0.8401469024838117,0.15985309751618826
4962,YKR103W YDR321W,0.0,NA,7.0287428570736665e-06,2850,26078,4963,0,0.2305331799002685,0.09852046460176991,1.0,0.8401146870268354,0.15988531297316452
4963,YHL033C YBR011C,0.0,NA,7.032994290057104e-06,2850,26077,4964,0,0.2305626862588888,0.09852387043246794,1.0,0.8400824715698593,0.1599175284301408
4964,YKL004W YHR088W,0.0,NA,7.03756313669146e-06,2850,26076,4965,0,0.23059219261750907,0.09852727649865173,1.0,0.840050256112883,0.15994974388711705
4965,YER022W YLL040C,0.0,NA,7.038402145553846e-06,2850,26075,4966,0,0.23062169897612936,0.09853068280034573,1.0,0.8400180406559067,0.1599819593440933
4966,YHL009C YOL143C,0.0,NA,7.041295248200186e-06,2850,26074,4967,0,0.23065120533474964,0.09853408933757433,1.0,0.8399858251989304,0.16001417480106955
4967,YGL148W YLR353W,0.0,NA,7.04963349562604e-06,2850,26073,4968,0,0.23068071169336993,0.098537496110362,1.0,0.8399536097419542,0.16004639025804582
4968,YGR032W YOR371C,0.0,NA,7.052659384498838e-06,2850,26072,4969,0,0.2307102180519902,0.09854090311873315,1.0,0.8399213942849779,0.16007860571502205
4969,YKR079C YIL013C,0.0,NA,7.059388735797256e-06,2850,26071,4970,0,0.2307397244106105,0.09854431036271222,1.0,0.8398891788280016,0.16011082117199832
4970,YDR221W YGR204W,0.0,NA,7.093570275173988e-06,2850,26070,4971,0,0.23076923076923078,0.09854771784232365,1.0,0.8398569633710254,0.16014303662897458
4971,YMR322C YGL161C,0.0,NA,7.10096855982556e-06,2850,26069,4972,0,0.23079873712785104,0.09855112555759189,1.0,0.8398247479140492,0.16017525208595085
4972,YML004C YGL141W,0.0,NA,7.115047537809005e-06,2850,26068,4973,0,0.23082824348647132,0.09855453350854139,1.0,0.8397925324570729,0.16020746754292708
4973,YGR049W YIR001C,0.0,NA,7.1281147029367276e-06,2850,26067,4974,0,0.2308577498450916,0.09855794169519659,1.0,0.8397603170000967,0.16023968299990335
4974,YCR057C YHR152W,0.0,NA,7.1381282396032475e-06,2850,26066,4975,0,0.2308872562037119,0.09856135011758196,1.0,0.8397281015431204,0.1602718984568796
4975,YOR245C YLR303W,0.0,NA,7.152192665671464e-06,2850,26065,4976,0,0.23091676256233218,0.09856475877572195,1.0,0.8396958860861441,0.16030411391385588
4976,YMR300C YHL036W,0.0,NA,7.1551189648744185e-06,2850,26064,4977,0,0.23094626892095246,0.09856816766964101,1.0,0.8396636706291679,0.16033632937083211
4977,YPL232W YPL093W,0.0,NA,7.155146249715472e-06,2850,26063,4978,0,0.23097577527957275,0.09857157679936361,1.0,0.8396314551721916,0.16036854482780838
4978,YBR006W YHR123W,0.0,NA,7.1731428761268035e-06,2850,26062,4979,0,0.23100528163819303,0.09857498616491422,1.0,0.8395992397152153,0.16040076028478464
4979,YHR042W YHR108W,0.0,NA,7.1967137955653016e-06,2850,26061,4980,0,0.23103478799681332,0.09857839576631731,1.0,0.8395670242582391,0.1604329757417609
4980,YER049W YAL028W,0.0,NA,7.198999810498208e-06,2850,26060,4981,0,0.2310642943554336,0.09858180560359737,1.0,0.8395348088012629,0.16046519119873714
4981,YGR224W YNL136W,0.0,NA,7.206273949122988e-06,2850,26059,4982,0,0.2310938007140539,0.09858521567677886,1.0,0.8395025933442866,0.1604974066557134
4982,YIL021W YDL099W,0.0,NA,7.207043381640688e-06,2850,26058,4983,0,0.23112330707267417,0.09858862598588626,1.0,0.8394703778873104,0.16052962211268967
4983,YBR034C YOR132W,0.0,NA,7.209051091194851e-06,2850,26057,4984,0,0.23115281343129446,0.09859203653094406,1.0,0.8394381624303341,0.16056183756966594
4984,YDR317W YLR273C,0.0,NA,7.212227501440793e-06,2850,26056,4985,0,0.23118231978991471,0.09859544731197675,1.0,0.8394059469733578,0.16059405302664218
4985,YJL141C YDL101C,0.0,NA,7.213266144390218e-06,2850,26055,4986,0,0.231211826148535,0.09859885832900882,1.0,0.8393737315163815,0.16062626848361844
4986,YNL270C YLR208W,0.0,NA,7.2338430072704796e-06,2850,26054,4987,0,0.23124133250715528,0.09860226958206476,1.0,0.8393415160594053,0.1606584839405947
4987,YIR028W YBL064C,0.0,NA,7.25111067367834e-06,2850,26053,4988,0,0.23127083886577557,0.09860568107116909,1.0,0.839309300602429,0.16069069939757094
4988,YIL077C YLR333C,0.0,NA,7.274888957908843e-06,2850,26052,4989,0,0.23130034522439585,0.09860909279634628,1.0,0.8392770851454527,0.1607229148545472
4989,YGR282C YMR192W,0.0,NA,7.277393706317525e-06,2850,26051,4990,0,0.23132985158301614,0.09861250475762084,1.0,0.8392448696884766,0.16075513031152347
4990,YDR156W YBL078C,0.0,NA,7.284212188096717e-06,2850,26050,4991,0,0.23135935794163642,0.0986159169550173,1.0,0.8392126542315003,0.16078734576849973
4991,YLL028W YKL186C,0.0,NA,7.286908385140123e-06,2850,26049,4992,0,0.2313888643002567,0.09861932938856016,1.0,0.839180438774524,0.16081956122547597
4992,YMR146C YGL091C,0.0,NA,7.288833785423776e-06,2850,26048,4993,0,0.231418370658877,0.09862274205827393,1.0,0.8391482233175478,0.16085177668245224
4993,YPR144C YMR069W,0.0,NA,7.289062978088623e-06,2850,26047,4994,0,0.23144787701749728,0.09862615496418313,1.0,0.8391160078605715,0.1608839921394285
4994,YNL232W YNL292W,0.0,NA,7.290175744856242e-06,2850,26046,4995,0,0.23147738337611756,0.0986295681063123,1.0,0.8390837924035952,0.16091620759640476
4995,YOL102C YGR195W,0.0,NA,7.290536814252846e-06,2850,26045,4996,0,0.23150688973473785,0.09863298148468594,1.0,0.839051576946619,0.160948423053381
4996,YKR046C YDR311W,0.0,NA,7.295906925719464e-06,2850,26044,4997,0,0.23153639609335813,0.09863639509932857,1.0,0.8390193614896427,0.16098063851035727
4997,YPL019C YFL058W,0.0,NA,7.297812771867029e-06,2850,26043,4998,0,0.2315659024519784,0.09863980895026477,1.0,0.8389871460326664,0.16101285396733353
4998,YHR090C YBR098W,0.0,NA,7.310560249607079e-06,2850,26042,4999,0,0.23159540881059867,0.09864322303751903,1.0,0.8389549305756903,0.1610450694243098
4999,YBL032W YPR049C,0.0,NA,7.31318232283229e-06,2850,26041,5000,0,0.23162491516921896,0.09864663736111592,1.0,0.838922715118714,0.16107728488128603
5000,YJR074W YPR051W,0.0,NA,7.317731160583207e-06,2850,26040,5001,0,0.23165442152783924,0.09865005192107996,1.0,0.8388904996617377,0.1611095003382623
5001,YBR083W YDR281C,0.0,NA,7.320725217141444e-06,2850,26039,5002,0,0.23168392788645953,0.0986534667174357,1.0,0.8388582842047615,0.16114171579523856
5002,YBR085W YER176W,0.0,NA,7.326054401346482e-06,2850,26038,5003,0,0.2317134342450798,0.0986568817502077,1.0,0.8388260687477852,0.16117393125221482
5003,YGR272C YHR128W,0.0,NA,7.33626166038448e-06,2850,26037,5004,0,0.2317429406037001,0.0986602970194205,1.0,0.8387938532908089,0.16120614670919106
5004,YGR112W YFL050C,0.0,NA,7.338032446568832e-06,2850,26036,5005,0,0.23177244696232038,0.09866371252509866,1.0,0.8387616378338326,0.16123836216616733
5005,YKL004W YOR236W,0.0,NA,7.347695373027818e-06,2850,26035,5006,0,0.23180195332094067,0.09866712826726674,1.0,0.8387294223768564,0.1612705776231436
5006,YLR144C YDL247W,0.0,NA,7.348165581788635e-06,2850,26034,5007,0,0.23183145967956095,0.09867054424594932,1.0,0.8386972069198801,0.16130279308011986
5007,YOR063W YOL138C,0.0,NA,7.349826319114072e-06,2850,26033,5008,0,0.23186096603818124,0.09867396046117093,1.0,0.8386649914629039,0.1613350085370961
5008,YJR031C YMR036C,0.0,NA,7.354769877565559e-06,2850,26032,5009,0,0.23189047239680152,0.09867737691295617,1.0,0.8386327760059277,0.16136722399407236
5009,YDL191W YDR466W,0.0,NA,7.357168215094134e-06,2850,26031,5010,0,0.23191997875542178,0.0986807936013296,1.0,0.8386005605489514,0.16139943945104862
5010,YPL188W YML035C,0.0,NA,7.362545147771016e-06,2850,26030,5011,0,0.23194948511404206,0.09868421052631579,1.0,0.8385683450919751,0.16143165490802486
5011,YBR293W YDL024C,0.0,NA,7.36354240871151e-06,2850,26029,5012,0,0.23197899147266235,0.09868762768793933,1.0,0.8385361296349989,0.16146387036500112
5012,YMR006C YPR149W,0.0,NA,7.365080364252208e-06,2850,26028,5013,0,0.23200849783128263,0.09869104508622481,1.0,0.8385039141780226,0.1614960858219774
5013,YAL031C YNR007C,0.0,NA,7.36687161406735e-06,2850,26027,5014,0,0.23203800418990292,0.0986944627211968,1.0,0.8384716987210463,0.16152830127895365
5014,YDR151C YER038C,0.0,NA,7.369309514615452e-06,2850,26026,5015,0,0.2320675105485232,0.0986978805928799,1.0,0.8384394832640701,0.1615605167359299
5015,YGR274C YBR049C,0.0,NA,7.371137144218665e-06,2850,26025,5016,0,0.2320970169071435,0.0987012987012987,1.0,0.8384072678070938,0.16159273219290615
5016,YOR193W YGR234W,0.0,NA,7.378037025773665e-06,2850,26024,5017,0,0.23212652326576377,0.0987047170464778,1.0,0.8383750523501176,0.16162494764988242
5017,YDR294C YPR034W,0.0,NA,7.387161076621851e-06,2850,26023,5018,0,0.23215602962438406,0.0987081356284418,1.0,0.8383428368931414,0.16165716310685868
5018,YJL204C YHR176W,0.0,NA,7.391755389107857e-06,2850,26022,5019,0,0.23218553598300434,0.0987115544472153,1.0,0.8383106214361651,0.16168937856383492
5019,YCL027W YER023W,0.0,NA,7.406567419820931e-06,2850,26021,5020,0,0.23221504234162463,0.0987149735028229,1.0,0.8382784059791888,0.16172159402081118
5020,YIL002C YHR065C,0.0,NA,7.414941592287505e-06,2850,26020,5021,0,0.2322445487002449,0.09871839279528923,1.0,0.8382461905222126,0.16175380947778745
5021,YLR094C YER094C,0.0,NA,7.441918569384143e-06,2850,26019,5022,0,0.2322740550588652,0.09872181232463889,1.0,0.8382139750652363,0.1617860249347637
5022,YOR213C YGR187C,0.0,NA,7.445383289450547e-06,2850,26018,5023,0,0.23230356141748545,0.0987252320908965,1.0,0.83818175960826,0.16181824039173995
5023,YHR139C YER023W,0.0,NA,7.445383289450547e-06,2850,26017,5024,0,0.23233306777610574,0.09872865209408667,1.0,0.8381495441512837,0.1618504558487162
5024,Q0115 YFL018C,0.0,NA,7.455984359694412e-06,2850,26016,5025,0,0.23236257413472602,0.09873207233423405,1.0,0.8381173286943076,0.16188267130569248
5025,YLR220W YAL029C,0.0,NA,7.456872936018044e-06,2850,26015,5026,0,0.2323920804933463,0.09873549281136325,1.0,0.8380851132373313,0.16191488676266874
5026,YBR024W YKL028W,0.0,NA,7.461866971425479e-06,2850,26014,5027,0,0.2324215868519666,0.09873891352549889,1.0,0.838052897780355,0.16194710221964498
5027,YAR050W YEL044W,0.0,NA,7.47276317270007e-06,2850,26013,5028,0,0.23245109321058688,0.09874233447666562,1.0,0.8380206823233788,0.16197931767662124
5028,YCR036W YPL033C,0.0,NA,7.483131867047632e-06,2850,26012,5029,0,0.23248059956920716,0.0987457556648881,1.0,0.8379884668664025,0.1620115331335975
5029,YPR137W YIL050W,0.0,NA,7.484110028599389e-06,2850,26011,5030,0,0.23251010592782745,0.09874917709019092,1.0,0.8379562514094262,0.16204374859057374
5030,YOL045W YOL123W,0.0,NA,7.5034049586975016e-06,2850,26010,5031,0,0.23253961228644773,0.09875259875259876,1.0,0.83792403595245,0.16207596404755
5031,YML125C YDL245C,0.0,NA,7.5103062044945545e-06,2850,26009,5032,0,0.23256911864506802,0.09875602065213625,1.0,0.8378918204954737,0.16210817950452627
5032,YDR294C YGR096W,0.0,NA,7.510736395488493e-06,2850,26008,5033,0,0.2325986250036883,0.09875944278882806,1.0,0.8378596050384974,0.16214039496150254
5033,YFR019W YBR191W,0.0,NA,7.519709470216185e-06,2850,26007,5034,0,0.2326281313623086,0.09876286516269883,1.0,0.8378273895815213,0.16217261041847877
5034,YLR088W YDR014W,0.0,NA,7.523913154727779e-06,2850,26006,5035,0,0.23265763772092887,0.09876628777377322,1.0,0.837795174124545,0.16220482587545504
5035,YOL078W YML036W,0.0,NA,7.571795322292019e-06,2850,26005,5036,0,0.23268714407954913,0.0987697106220759,1.0,0.8377629586675687,0.1622370413324313
5036,YJR062C YPL189W,0.0,NA,7.581412319268566e-06,2850,26004,5037,0,0.23271665043816941,0.09877313370763152,1.0,0.8377307432105925,0.16226925678940757
5037,YGL004C YFL060C,0.0,NA,7.586084393551573e-06,2850,26003,5038,0,0.2327461567967897,0.09877655703046477,1.0,0.8376985277536162,0.1623014722463838
5038,YFL045C YOR243C,0.0,NA,7.5899843068327755e-06,2850,26002,5039,0,0.23277566315540998,0.09877998059060031,1.0,0.8376663122966399,0.16233368770336007
5039,YDL194W YDR254W,0.0,NA,7.593850568810012e-06,2850,26001,5040,0,0.23280516951403027,0.09878340438806281,1.0,0.8376340968396637,0.16236590316033633
5040,YPL147W YLR074C,0.0,NA,7.5973057391820475e-06,2850,26000,5041,0,0.23283467587265055,0.09878682842287695,1.0,0.8376018813826874,0.1623981186173126
5041,YCR044C YNR026C,0.0,NA,7.617467872478301e-06,2850,25999,5042,0,0.23286418223127084,0.09879025269506742,1.0,0.8375696659257111,0.16243033407428883
5042,YGL158W YLL019C,0.0,NA,7.619727057317505e-06,2850,25998,5043,0,0.23289368858989112,0.0987936772046589,1.0,0.8375374504687348,0.1624625495312651
5043,YDR025W YDR217C,0.0,NA,7.627681497979211e-06,2850,25997,5044,0,0.2329231949485114,0.09879710195167608,1.0,0.8375052350117587,0.16249476498824136
5044,YDR363W-A YOR185C,0.0,NA,7.631311746081337e-06,2850,25996,5045,0,0.2329527013071317,0.09880052693614366,1.0,0.8374730195547824,0.16252698044521763
5045,YPL007C YOL119C,0.0,NA,7.648849532415625e-06,2850,25995,5046,0,0.23298220766575198,0.09880395215808632,1.0,0.8374408040978061,0.16255919590219386
5046,YDR087C YCR065W,0.0,NA,7.654117325728294e-06,2850,25994,5047,0,0.23301171402437226,0.09880737761752878,1.0,0.8374085886408299,0.16259141135917013
5047,YLR058C YDL081C,0.0,NA,7.661099516553804e-06,2850,25993,5048,0,0.23304122038299255,0.09881080331449572,1.0,0.8373763731838536,0.1626236268161464
5048,YDR528W YDR007W,0.0,NA,7.67934943723958e-06,2850,25992,5049,0,0.2330707267416128,0.09881422924901186,1.0,0.8373441577268773,0.16265584227312263
5049,YDR329C YLR005W,0.0,NA,7.719514542259276e-06,2850,25991,5050,0,0.2331002331002331,0.09881765542110191,1.0,0.8373119422699011,0.1626880577300989
5050,YJR158W YDR030C,0.0,NA,7.723181624896824e-06,2850,25990,5051,0,0.23312973945885337,0.09882108183079057,1.0,0.8372797268129248,0.16272027318707516
5051,YFL050C YMR306W,0.0,NA,7.725818250037264e-06,2850,25989,5052,0,0.23315924581747366,0.09882450847810256,1.0,0.8372475113559485,0.16275248864405142
5052,YKR034W YDR277C,0.0,NA,7.733329766779207e-06,2850,25988,5053,0,0.23318875217609394,0.09882793536306263,1.0,0.8372152958989724,0.16278470410102766
5053,YPR182W YPL093W,0.0,NA,7.73764531913912e-06,2850,25987,5054,0,0.23321825853471423,0.09883136248569546,1.0,0.8371830804419961,0.16281691955800393
5054,YAL040C YGL147C,0.0,NA,7.74048749008216e-06,2850,25986,5055,0,0.2332477648933345,0.0988347898460258,1.0,0.8371508649850198,0.1628491350149802
5055,YER012W YBL085W,0.0,NA,7.747539711999707e-06,2850,25985,5056,0,0.2332772712519548,0.09883821744407838,1.0,0.8371186495280436,0.16288135047195645
5056,YFL026W YOL020W,0.0,NA,7.751634257147089e-06,2850,25984,5057,0,0.23330677761057508,0.09884164527987792,1.0,0.8370864340710673,0.1629135659289327
5057,YMR318C YDR021W,0.0,NA,7.767173883621581e-06,2850,25983,5058,0,0.23333628396919537,0.09884507335344918,1.0,0.837054218614091,0.16294578138590896
5058,YJL081C YKR094C,0.0,NA,7.778322469675913e-06,2850,25982,5059,0,0.23336579032781565,0.09884850166481687,1.0,0.8370220031571148,0.16297799684288522
5059,YDR004W YLL061W,0.0,NA,7.786887181282509e-06,2850,25981,5060,0,0.23339529668643594,0.09885193021400576,1.0,0.8369897877001385,0.16301021229986148
5060,YCR010C YKL109W,0.0,NA,7.806100256857462e-06,2850,25980,5061,0,0.23342480304505622,0.09885535900104059,1.0,0.8369575722431623,0.16304242775683772
5061,YIL047C YNR072W,0.0,NA,7.8064276749501e-06,2850,25979,5062,0,0.23345430940367648,0.0988587880259461,1.0,0.836925356786186,0.16307464321381399
5062,YBL039C YIL073C,0.0,NA,7.807261681591626e-06,2850,25978,5063,0,0.23348381576229676,0.09886221728874706,1.0,0.8368931413292098,0.16310685867079025
5063,YJL035C YDL015C,0.0,NA,7.823704436304979e-06,2850,25977,5064,0,0.23351332212091705,0.0988656467894682,1.0,0.8368609258722335,0.16313907412776651
5064,YLR233C YPL003W,0.0,NA,7.833163181203417e-06,2850,25976,5065,0,0.23354282847953733,0.09886907652813433,1.0,0.8368287104152572,0.16317128958474275
5065,YER114C YPL079W,0.0,NA,7.846022526791785e-06,2850,25975,5066,0,0.23357233483815762,0.09887250650477017,1.0,0.836796494958281,0.16320350504171902
5066,YLR144C YMR309C,0.0,NA,7.862373422540259e-06,2850,25974,5067,0,0.2336018411967779,0.0988759367194005,1.0,0.8367642795013047,0.16323572049869528
5067,YPL224C YNL261W,0.0,NA,7.865418410801794e-06,2850,25973,5068,0,0.2336313475553982,0.09887936717205009,1.0,0.8367320640443284,0.16326793595567154
5068,YIL146C YGL012W,0.0,NA,7.867729436839e-06,2850,25972,5069,0,0.23366085391401847,0.09888279786274373,1.0,0.8366998485873522,0.16330015141264778
5069,YGR194C YMR281W,0.0,NA,7.875160918047186e-06,2850,25971,5070,0,0.23369036027263876,0.09888622879150619,1.0,0.836667633130376,0.16333236686962405
5070,YPL259C YDR040C,0.0,NA,7.876129529904574e-06,2850,25970,5071,0,0.23371986663125904,0.09888965995836224,1.0,0.8366354176733997,0.1633645823266003
5071,YFL014W YHR197W,0.0,NA,7.902598554210272e-06,2850,25969,5072,0,0.23374937298987933,0.09889309136333668,1.0,0.8366032022164235,0.16339679778357655
5072,YKL073W YPL258C,0.0,NA,7.94646894064499e-06,2850,25968,5073,0,0.2337788793484996,0.0988965230064543,1.0,0.8365709867594472,0.1634290132405528
5073,YLR056W YBR240C,0.0,NA,7.948226993903518e-06,2850,25967,5074,0,0.2338083857071199,0.09889995488773988,1.0,0.8365387713024709,0.16346122869752908
5074,YAL011W YMR119W,0.0,NA,7.954126886033919e-06,2850,25966,5075,0,0.23383789206574015,0.09890338700721821,1.0,0.8365065558454947,0.16349344415450534
5075,YER166W YAR035W,0.0,NA,7.955894034239464e-06,2850,25965,5076,0,0.23386739842436044,0.0989068193649141,1.0,0.8364743403885184,0.16352565961148158
5076,YBR267W YLL010C,0.0,NA,7.964328688103706e-06,2850,25964,5077,0,0.23389690478298072,0.09891025196085236,1.0,0.8364421249315421,0.16355787506845784
5077,YGL227W YLR060W,0.0,NA,7.972839739522897e-06,2850,25963,5078,0,0.233926411141601,0.09891368479505779,1.0,0.836409909474566,0.1635900905254341
5078,YHR088W YPR104C,0.0,NA,7.976269444043282e-06,2850,25962,5079,0,0.2339559175002213,0.09891711786755518,1.0,0.8363776940175897,0.16362230598241037
5079,YJL080C YLR430W,0.0,NA,7.993349754542578e-06,2850,25961,5080,0,0.23398542385884158,0.09892055117836937,1.0,0.8363454785606134,0.1636545214393866
5080,YDR483W YER147C,0.0,NA,8.007998985704035e-06,2850,25960,5081,0,0.23401493021746186,0.09892398472752517,1.0,0.8363132631036371,0.16368673689636287
5081,YBR057C YEL019C,0.0,NA,8.010137207747903e-06,2850,25959,5082,0,0.23404443657608215,0.09892741851504738,1.0,0.8362810476466609,0.16371895235333914
5082,YHR072W YDR412W,0.0,NA,8.01578426035121e-06,2850,25958,5083,0,0.23407394293470243,0.09893085254096085,1.0,0.8362488321896846,0.1637511678103154
5083,YDR086C YPL249C,0.0,NA,8.026210707612336e-06,2850,25957,5084,0,0.23410344929332272,0.09893428680529039,1.0,0.8362166167327083,0.16378338326729164
5084,YPL058C YOL039W,0.0,NA,8.04666615294991e-06,2850,25956,5085,0,0.234132955651943,0.09893772130806082,1.0,0.8361844012757321,0.1638155987242679
5085,YGR274C YPR075C,0.0,NA,8.049682946875691e-06,2850,25955,5086,0,0.2341624620105633,0.098941156049297,1.0,0.8361521858187558,0.16384781418124417
5086,YNL233W YDL147W,0.0,NA,8.049713869695552e-06,2850,25954,5087,0,0.23419196836918355,0.09894459102902374,1.0,0.8361199703617795,0.16388002963822043
5087,YHR206W YOL044W,0.0,NA,8.058738785621244e-06,2850,25953,5088,0,0.23422147472780383,0.09894802624726591,1.0,0.8360877549048034,0.16391224509519667
5088,YBR236C YGL208W,0.0,NA,8.066127520578448e-06,2850,25952,5089,0,0.23425098108642411,0.09895146170404832,1.0,0.8360555394478271,0.16394446055217293
5089,YJL087C YEL064C,0.0,NA,8.071652700891718e-06,2850,25951,5090,0,0.2342804874450444,0.09895489739939585,1.0,0.8360233239908508,0.1639766760091492
5090,YLR363C YIL023C,0.0,NA,8.07373089628527e-06,2850,25950,5091,0,0.23430999380366468,0.09895833333333333,1.0,0.8359911085338746,0.16400889146612543
5091,YKR038C YLR186W,0.0,NA,8.07893775345292e-06,2850,25949,5092,0,0.23433950016228497,0.09896176950588562,1.0,0.8359588930768983,0.1640411069231017
5092,YHL011C YGL019W,0.0,NA,8.085689842118882e-06,2850,25948,5093,0,0.23436900652090525,0.09896520591707758,1.0,0.835926677619922,0.16407332238007796
5093,YDL059C YDR158W,0.0,NA,8.085990884865168e-06,2850,25947,5094,0,0.23439851287952554,0.09896864256693405,1.0,0.8358944621629458,0.16410553783705423
5094,YPR065W YOR216C,0.0,NA,8.095859811874107e-06,2850,25946,5095,0,0.23442801923814582,0.09897207945547992,1.0,0.8358622467059695,0.16413775329403046
5095,YIR004W YLR175W,0.0,NA,8.11272366263438e-06,2850,25945,5096,0,0.2344575255967661,0.09897551658274006,1.0,0.8358300312489932,0.16416996875100673
5096,YNL094W YJL210W,0.0,NA,8.120665370370261e-06,2850,25944,5097,0,0.2344870319553864,0.09897895394873932,1.0,0.8357978157920171,0.164202184207983
5097,YNL329C YDR523C,0.0,NA,8.130909918691032e-06,2850,25943,5098,0,0.23451653831400668,0.0989823915535026,1.0,0.8357656003350408,0.16423439966495926
5098,YCL044C YMR211W,0.0,NA,8.134221388900187e-06,2850,25942,5099,0,0.23454604467262696,0.09898582939705473,1.0,0.8357333848780645,0.1642666151219355
5099,YBL079W YBR203W,0.0,NA,8.150373105308972e-06,2850,25941,5100,0,0.23457555103124722,0.09898926747942065,1.0,0.8357011694210882,0.16429883057891176
5100,YPL223C YJR090C,0.0,NA,8.158001946867444e-06,2850,25940,5101,0,0.2346050573898675,0.09899270580062522,1.0,0.835668953964112,0.16433104603588802
5101,YML080W YDR293C,0.0,NA,8.171542503987439e-06,2850,25939,5102,0,0.2346345637484878,0.09899614436069332,1.0,0.8356367385071357,0.1643632614928643
5102,YGL135W YHR164C,0.0,NA,8.181827979569789e-06,2850,25938,5103,0,0.23466407010710807,0.09899958315964985,1.0,0.8356045230501594,0.16439547694984052
5103,YDR409W YCR091W,0.0,NA,8.20009063318139e-06,2850,25937,5104,0,0.23469357646572836,0.09900302219751972,1.0,0.8355723075931832,0.1644276924068168
5104,YLR306W YHR165C,0.0,NA,8.213317414629273e-06,2850,25936,5105,0,0.23472308282434864,0.0990064614743278,1.0,0.835540092136207,0.16445990786379305
5105,ALD1 YMR313C,0.0,NA,8.219554729294032e-06,2850,25935,5106,0,0.23475258918296893,0.09900990099009901,1.0,0.8355078766792307,0.16449212332076932
5106,YOR027W YDR191W,0.0,NA,8.228550541389268e-06,2850,25934,5107,0,0.23478209554158921,0.09901334074485825,1.0,0.8354756612222545,0.16452433877774555
5107,YOR180C YBR143C,0.0,NA,8.242247531597968e-06,2850,25933,5108,0,0.2348116019002095,0.09901678073863045,1.0,0.8354434457652782,0.16455655423472182
5108,YCR044C YJL122W,0.0,NA,8.244519449362997e-06,2850,25932,5109,0,0.23484110825882978,0.09902022097144049,1.0,0.8354112303083019,0.16458876969169808
5109,YDR118W YOL078W,0.0,NA,8.247005098382942e-06,2850,25931,5110,0,0.23487061461745007,0.0990236614433133,1.0,0.8353790148513257,0.16462098514867432
5110,YOL091W YIL016W,0.0,NA,8.261284165200777e-06,2850,25930,5111,0,0.23490012097607035,0.09902710215427381,1.0,0.8353467993943494,0.16465320060565058
5111,YNL298W YLR186W,0.0,NA,8.269134923466481e-06,2850,25929,5112,0,0.23492962733469064,0.09903054310434692,1.0,0.8353145839373731,0.16468541606262685
5112,YKL135C YFL008W,0.0,NA,8.271256774605718e-06,2850,25928,5113,0,0.2349591336933109,0.09903398429355757,1.0,0.8352823684803969,0.1647176315196031
5113,YER099C YBR034C,0.0,NA,8.30113458505366e-06,2850,25927,5114,0,0.23498864005193118,0.09903742572193071,1.0,0.8352501530234206,0.16474984697657935
5114,YDR039C YAL014C,0.0,NA,8.302734386234079e-06,2850,25926,5115,0,0.23501814641055147,0.09904086738949125,1.0,0.8352179375664444,0.16478206243355561
5115,YGR135W YPR086W,0.0,NA,8.31370834930567e-06,2850,25925,5116,0,0.23504765276917175,0.09904430929626412,1.0,0.8351857221094682,0.16481427789053188
5116,YDR498C YFR025C,0.0,NA,8.31501620268682e-06,2850,25924,5117,0,0.23507715912779203,0.09904775144227428,1.0,0.8351535066524919,0.16484649334750814
5117,YDL234C YOR069W,0.0,NA,8.31639590614941e-06,2850,25923,5118,0,0.23510666548641232,0.09905119382754665,1.0,0.8351212911955156,0.16487870880448438
5118,YGL058W YNL329C,0.0,NA,8.346683898707852e-06,2850,25922,5119,0,0.2351361718450326,0.09905463645210622,1.0,0.8350890757385393,0.16491092426146065
5119,YGR097W YOR295W,0.0,NA,8.354392775800079e-06,2850,25921,5120,0,0.2351656782036529,0.09905807931597789,1.0,0.8350568602815631,0.1649431397184369
5120,YDL220C YKL074C,0.0,NA,8.359414096048567e-06,2850,25920,5121,0,0.23519518456227317,0.09906152241918666,1.0,0.8350246448245868,0.16497535517541317
5121,YLR273C YHR084W,0.0,NA,8.374231583729852e-06,2850,25919,5122,0,0.23522469092089346,0.09906496576175745,1.0,0.8349924293676105,0.1650075706323894
5122,YMR309C YPR139C,0.0,NA,8.375277502636891e-06,2850,25918,5123,0,0.23525419727951374,0.09906840934371523,1.0,0.8349602139106344,0.16503978608936568
5123,YDR214W YKR072C,0.0,NA,8.394156793656293e-06,2850,25917,5124,0,0.23528370363813403,0.09907185316508499,1.0,0.8349279984536581,0.16507200154634194
5124,YDR379W YPL120W,0.0,NA,8.398993486480322e-06,2850,25916,5125,0,0.2353132099967543,0.09907529722589167,1.0,0.8348957829966818,0.1651042170033182
5125,YNL199C YPL203W,0.0,NA,8.400363185501192e-06,2850,25915,5126,0,0.23534271635537457,0.09907874152616027,1.0,0.8348635675397056,0.16513643246029444
5126,YKL181W YDR516C,0.0,NA,8.421040547546e-06,2850,25914,5127,0,0.23537222271399486,0.09908218606591573,1.0,0.8348313520827293,0.1651686479172707
5127,YER102W YML103C,0.0,NA,8.431294190813787e-06,2850,25913,5128,0,0.23540172907261514,0.09908563084518304,1.0,0.834799136625753,0.16520086337424697
5128,YKL020C YPL170W,0.0,NA,8.447084837825969e-06,2850,25912,5129,0,0.23543123543123542,0.0990890758639872,1.0,0.8347669211687768,0.16523307883122323
5129,YGL178W YLR238W,0.0,NA,8.462227924610488e-06,2850,25911,5130,0,0.2354607417898557,0.09909252112235319,1.0,0.8347347057118005,0.16526529428819947
5130,YMR189W YLL038C,0.0,NA,8.46953389554983e-06,2850,25910,5131,0,0.235490248148476,0.09909596662030598,1.0,0.8347024902548242,0.16529750974517574
5131,YCR010C YLR017W,0.0,NA,8.470317879982758e-06,2850,25909,5132,0,0.23551975450709628,0.09909941235787058,1.0,0.834670274797848,0.165329725202152
5132,YPL241C YBR112C,0.0,NA,8.489369974995498e-06,2850,25908,5133,0,0.23554926086571656,0.09910285833507199,1.0,0.8346380593408718,0.16536194065912824
5133,YBL003C YMR042W,0.0,NA,8.49057687446475e-06,2850,25907,5134,0,0.23557876722433685,0.09910630455193518,1.0,0.8346058438838955,0.1653941561161045
5134,YIL119C YAL014C,0.0,NA,8.504101970174816e-06,2850,25906,5135,0,0.23560827358295713,0.09910975100848518,1.0,0.8345736284269193,0.16542637157308077
5135,YGL097W YLR353W,0.0,NA,8.535065717296675e-06,2850,25905,5136,0,0.23563777994157742,0.099113197704747,1.0,0.834541412969943,0.16545858703005703
5136,YCR106W YCR031C,0.0,NA,8.540488124708645e-06,2850,25904,5137,0,0.2356672863001977,0.09911664464074564,1.0,0.8345091975129667,0.16549080248703327
5137,YOR267C YPL164C,0.0,NA,8.554753549105953e-06,2850,25903,5138,0,0.235696792658818,0.0991200918165061,1.0,0.8344769820559904,0.16552301794400953
5138,YIL167W YDR481C,0.0,NA,8.561388312955387e-06,2850,25902,5139,0,0.23572629901743825,0.09912353923205343,1.0,0.8344447665990142,0.1655552334009858
5139,YNL065W YKR101W,0.0,NA,8.564132258470636e-06,2850,25901,5140,0,0.23575580537605853,0.09912698688741262,1.0,0.8344125511420379,0.16558744885796206
5140,YBR058C YBR042C,0.0,NA,8.568077646486927e-06,2850,25900,5141,0,0.23578531173467882,0.09913043478260869,1.0,0.8343803356850616,0.1656196643149383
5141,YDR369C YOR018W,0.0,NA,8.569426427129656e-06,2850,25899,5142,0,0.2358148180932991,0.0991338829176667,1.0,0.8343481202280855,0.16565187977191456
5142,YER147C YPL026C,0.0,NA,8.571894795750268e-06,2850,25898,5143,0,0.23584432445191938,0.09913733129261167,1.0,0.8343159047711092,0.16568409522889083
5143,YLR176C YGL248W,0.0,NA,8.588775926909875e-06,2850,25897,5144,0,0.23587383081053967,0.0991407799074686,1.0,0.8342836893141329,0.1657163106858671
5144,YGR120C YOR039W,0.0,NA,8.59480587678263e-06,2850,25896,5145,0,0.23590333716915995,0.09914422876226257,1.0,0.8342514738571567,0.16574852614284333
5145,YOR234C YKL114C,0.0,NA,8.610501026851125e-06,2850,25895,5146,0,0.23593284352778024,0.09914767785701861,1.0,0.8342192584001804,0.1657807415998196
5146,YMR123W YML019W,0.0,NA,8.6141308202059e-06,2850,25894,5147,0,0.23596234988640052,0.09915112719176176,1.0,0.8341870429432041,0.16581295705679586
5147,YIL026C YHR136C,0.0,NA,8.63551667862339e-06,2850,25893,5148,0,0.2359918562450208,0.09915457676651707,1.0,0.8341548274862279,0.16584517251377212
5148,YER099C YLL036C,0.0,NA,8.64097000885522e-06,2850,25892,5149,0,0.2360213626036411,0.09915802658130958,1.0,0.8341226120292516,0.16587738797074836
5149,YNR007C YMR041C,0.0,NA,8.652596989122685e-06,2850,25891,5150,0,0.23605086896226138,0.09916147663616437,1.0,0.8340903965722753,0.16590960342772462
5150,YMR069W YML012W,0.0,NA,8.656542377138976e-06,2850,25890,5151,0,0.23608037532088166,0.09916492693110647,1.0,0.8340581811152992,0.1659418188847009
5151,YIL138C YCL044C,0.0,NA,8.658210390422028e-06,2850,25889,5152,0,0.23610988167950192,0.09916837746616096,1.0,0.8340259656583229,0.16597403434167712
5152,YOR030W YGL223C,0.0,NA,8.670621355122421e-06,2850,25888,5153,0,0.2361393880381222,0.09917182824135291,1.0,0.8339937502013466,0.1660062497986534
5153,YLR377C YPR168W,0.0,NA,8.673341653775424e-06,2850,25887,5154,0,0.2361688943967425,0.09917527925670738,1.0,0.8339615347443704,0.16603846525562965
5154,YNL178W YCR068W,0.0,NA,8.676461220602505e-06,2850,25886,5155,0,0.23619840075536278,0.09917873051224944,1.0,0.8339293192873941,0.16607068071260592
5155,YKR056W YHR079C-A,0.0,NA,8.680682185513433e-06,2850,25885,5156,0,0.23622790711398306,0.09918218200800417,1.0,0.8338971038304178,0.16610289616958215
5156,YBL016W YHR171W,0.0,NA,8.689196874911431e-06,2850,25884,5157,0,0.23625741347260334,0.09918563374399667,1.0,0.8338648883734415,0.16613511162655842
5157,YPL252C YDR030C,0.0,NA,8.710701877134852e-06,2850,25883,5158,0,0.23628691983122363,0.09918908572025198,1.0,0.8338326729164653,0.16616732708353468
5158,YPL212C YIL009W,0.0,NA,8.722871825739276e-06,2850,25882,5159,0,0.23631642618984391,0.09919253793679521,1.0,0.833800457459489,0.16619954254051095
5159,YOL132W YER133W,0.0,NA,8.725583938939963e-06,2850,25881,5160,0,0.2363459325484642,0.09919599039365146,1.0,0.8337682420025128,0.16623175799748718
5160,YGR268C YGL147C,0.0,NA,8.72896362125175e-06,2850,25880,5161,0,0.23637543890708448,0.0991994430908458,1.0,0.8337360265455366,0.16626397345446345
5161,YNR072W YJL010C,0.0,NA,8.733043614483904e-06,2850,25879,5162,0,0.23640494526570477,0.09920289602840336,1.0,0.8337038110885603,0.1662961889114397
5162,YGR244C YLR181C,0.0,NA,8.737916687096003e-06,2850,25878,5163,0,0.23643445162432505,0.0992063492063492,1.0,0.833671595631584,0.16632840436841598
5163,YBR058C YML042W,0.0,NA,8.7634616647847e-06,2850,25877,5164,0,0.2364639579829453,0.09920980262470847,1.0,0.8336393801746078,0.16636061982539221
5164,YER117W YML041C,0.0,NA,8.768385669100098e-06,2850,25876,5165,0,0.2364934643415656,0.09921325628350623,1.0,0.8336071647176315,0.16639283528236848
5165,YBL003C YFL050C,0.0,NA,8.769464329816401e-06,2850,25875,5166,0,0.23652297070018588,0.09921671018276762,1.0,0.8335749492606552,0.16642505073934474
5166,YLR340W YMR175W,0.0,NA,8.770785825618077e-06,2850,25874,5167,0,0.23655247705880617,0.09922016432251776,1.0,0.833542733803679,0.166457266196321
5167,YJR044C YAL031C,0.0,NA,8.773035915510263e-06,2850,25873,5168,0,0.23658198341742645,0.09922361870278175,1.0,0.8335105183467028,0.16648948165329724
5168,YER007C-A YLR170C,0.0,NA,8.78083665156737e-06,2850,25872,5169,0,0.23661148977604674,0.09922707332358471,1.0,0.8334783028897265,0.1665216971102735
5169,YJL103C YJR090C,0.0,NA,8.791629625193309e-06,2850,25871,5170,0,0.23664099613466702,0.09923052818495177,1.0,0.8334460874327503,0.16655391256724977
5170,YIL162W YBL034C,0.0,NA,8.828033969621174e-06,2850,25870,5171,0,0.2366705024932873,0.09923398328690808,1.0,0.833413871975774,0.166586128024226
5171,YGR191W YOR065W,0.0,NA,8.831856575852726e-06,2850,25869,5172,0,0.2367000088519076,0.09923743862947874,1.0,0.8333816565187977,0.16661834348120227
5172,YDR402C YHR142W,0.0,NA,8.834502295940183e-06,2850,25868,5173,0,0.23672951521052787,0.0992408942126889,1.0,0.8333494410618215,0.16665055893817854
5173,YGL044C YPL198W,0.0,NA,8.836743290885352e-06,2850,25867,5174,0,0.23675902156914816,0.0992443500365637,1.0,0.8333172256048452,0.1666827743951548
5174,YMR123W YMR255W,0.0,NA,8.841919225233141e-06,2850,25866,5175,0,0.23678852792776844,0.0992478061011283,1.0,0.8332850101478689,0.16671498985213104
5175,YLR180W YKR102W,0.0,NA,8.85602094058413e-06,2850,25865,5176,0,0.23681803428638873,0.0992512624064078,1.0,0.8332527946908926,0.1667472053091073
5176,YGR007W YNL132W,0.0,NA,8.874011655279901e-06,2850,25864,5177,0,0.23684754064500899,0.09925471895242739,1.0,0.8332205792339165,0.16677942076608357
5177,YGL090W YCR083W,0.0,NA,8.889825039659627e-06,2850,25863,5178,0,0.23687704700362927,0.09925817573921221,1.0,0.8331883637769402,0.16681163622305983
5178,YOR047C YGL170C,0.0,NA,8.903094567358494e-06,2850,25862,5179,0,0.23690655336224956,0.0992616327667874,1.0,0.8331561483199639,0.16684385168003607
5179,YML099C YDR382W,0.0,NA,8.90340015757829e-06,2850,25861,5180,0,0.23693605972086984,0.09926509003517815,1.0,0.8331239328629877,0.16687606713701233
5180,YFR003C YGL126W,0.0,NA,8.911853001336567e-06,2850,25860,5181,0,0.23696556607949013,0.09926854754440961,1.0,0.8330917174060114,0.1669082825939886
5181,YJR127C YGL163C,0.0,NA,8.917064405977726e-06,2850,25859,5182,0,0.2369950724381104,0.09927200529450694,1.0,0.8330595019490351,0.16694049805096486
5182,YOR213C YDR362C,0.0,NA,8.925469956011511e-06,2850,25858,5183,0,0.2370245787967307,0.09927546328549533,1.0,0.8330272864920589,0.1669727135079411
5183,YPL156C YLR447C,0.0,NA,8.926559530664235e-06,2850,25857,5184,0,0.23705408515535098,0.09927892151739993,1.0,0.8329950710350826,0.16700492896491737
5184,YPR005C YFR021W,0.0,NA,8.93073229235597e-06,2850,25856,5185,0,0.23708359151397126,0.09928237999024594,1.0,0.8329628555781063,0.16703714442189363
5185,YNL316C YIR002C,0.0,NA,8.954542863648385e-06,2850,25855,5186,0,0.23711309787259155,0.09928583870405852,1.0,0.8329306401211302,0.1670693598788699
5186,YIL167W YKL126W,0.0,NA,8.96188157639699e-06,2850,25854,5187,0,0.23714260423121183,0.09928929765886288,1.0,0.8328984246641539,0.16710157533584613
5187,YDR447C YGL186C,0.0,NA,8.96244546311209e-06,2850,25853,5188,0,0.23717211058983212,0.09929275685468418,1.0,0.8328662092071776,0.1671337907928224
5188,YBR123C YNL091W,0.0,NA,8.969584996521007e-06,2850,25852,5189,0,0.2372016169484524,0.09929621629154763,1.0,0.8328339937502014,0.16716600624979866
5189,YMR300C YDR153C,0.0,NA,8.972801879281178e-06,2850,25851,5190,0,0.23723112330707266,0.09929967596947842,1.0,0.8328017782932251,0.16719822170677492
5190,YDL052C YNR033W,0.0,NA,8.97458266990725e-06,2850,25850,5191,0,0.23726062966569295,0.09930313588850175,1.0,0.8327695628362488,0.16723043716375116
5191,YMR168C YNL316C,0.0,NA,8.993105439003557e-06,2850,25849,5192,0,0.23729013602431323,0.09930659604864281,1.0,0.8327373473792726,0.16726265262072743
5192,YMR168C YGL002W,0.0,NA,9.004897037812043e-06,2850,25848,5193,0,0.23731964238293352,0.09931005644992683,1.0,0.8327051319222963,0.1672948680777037
5193,YNL183C YML022W,0.0,NA,9.016988769872114e-06,2850,25847,5194,0,0.2373491487415538,0.099313517092379,1.0,0.83267291646532,0.16732708353467993
5194,YIR023W YOR213C,0.0,NA,9.019207027449738e-06,2850,25846,5195,0,0.23737865510017409,0.09931697797602454,1.0,0.8326407010083438,0.1673592989916562
5195,YDR406W YAL053W,0.0,NA,9.027304258779623e-06,2850,25845,5196,0,0.23740816145879437,0.09932043910088866,1.0,0.8326084855513676,0.16739151444863246
5196,YLR133W YLR307W,0.0,NA,9.031403351400513e-06,2850,25844,5197,0,0.23743766781741465,0.09932390046699659,1.0,0.8325762700943913,0.16742372990560872
5197,YPL091W YDL022W,0.0,NA,9.034082722791936e-06,2850,25843,5198,0,0.23746717417603494,0.09932736207437354,1.0,0.832544054637415,0.16745594536258496
5198,YJL179W YHR181W,0.0,NA,9.039365068019833e-06,2850,25842,5199,0,0.23749668053465522,0.09933082392304475,1.0,0.8325118391804388,0.16748816081956122
5199,YLR286C YBR067C,0.0,NA,9.03991713130381e-06,2850,25841,5200,0,0.2375261868932755,0.09933428601303544,1.0,0.8324796237234625,0.16752037627653749
5200,YOR091W YPR161C,0.0,NA,9.040537406690419e-06,2850,25840,5201,0,0.2375556932518958,0.09933774834437085,1.0,0.8324474082664862,0.16755259173351375
5201,YFL056C YDR523C,0.0,NA,9.044349098985549e-06,2850,25839,5202,0,0.23758519961051608,0.09934121091707623,1.0,0.83241519280951,0.16758480719049
5202,YGL093W YGR104C,0.0,NA,9.054351721715648e-06,2850,25838,5203,0,0.23761470596913634,0.0993446737311768,1.0,0.8323829773525337,0.16761702264746625
5203,YER045C YBR214W,0.0,NA,9.069232874026056e-06,2850,25837,5204,0,0.23764421232775662,0.09934813678669781,1.0,0.8323507618955575,0.16764923810444252
5204,YPR201W YBL027W,0.0,NA,9.077851245820057e-06,2850,25836,5205,0,0.2376737186863769,0.0993516000836645,1.0,0.8323185464385813,0.16768145356141878
5205,YBL055C YOL001W,0.0,NA,9.096995199797675e-06,2850,25835,5206,0,0.2377032250449972,0.09935506362210214,1.0,0.832286330981605,0.16771366901839502
5206,YLR094C YPL223C,0.0,NA,9.107533514907118e-06,2850,25834,5207,0,0.23773273140361748,0.09935852740203598,1.0,0.8322541155246287,0.16774588447537128
5207,YHL011C YCR083W,0.0,NA,9.12687937670853e-06,2850,25833,5208,0,0.23776223776223776,0.09936199142349127,1.0,0.8322219000676525,0.16777809993234755
5208,YER104W YHR193C,0.0,NA,9.12986524781445e-06,2850,25832,5209,0,0.23779174412085805,0.09936545568649327,1.0,0.8321896846106762,0.1678103153893238
5209,YMR294W YPR144C,0.0,NA,9.143536772171501e-06,2850,25831,5210,0,0.23782125047947833,0.09936892019106726,1.0,0.8321574691536999,0.16784253084630005
5210,YCR093W YNL136W,0.0,NA,9.145995136350393e-06,2850,25830,5211,0,0.23785075683809861,0.09937238493723849,1.0,0.8321252536967237,0.1678747463032763
5211,YJL097W YOL115W,0.0,NA,9.15026157599641e-06,2850,25829,5212,0,0.2378802631967189,0.09937584992503225,1.0,0.8320930382397475,0.16790696176025258
5212,YNL292W YBR214W,0.0,NA,9.159368346445262e-06,2850,25828,5213,0,0.23790976955533918,0.09937931515447382,1.0,0.8320608227827712,0.1679391772172288
5213,YPL204W YNL322C,0.0,NA,9.161377420241479e-06,2850,25827,5214,0,0.23793927591395947,0.09938278062558845,1.0,0.8320286073257949,0.16797139267420508
5214,YIL133C YBL105C,0.0,NA,9.165038136416115e-06,2850,25826,5215,0,0.23796878227257975,0.09938624633840146,1.0,0.8319963918688187,0.16800360813118134
5215,YMR096W YLR150W,0.0,NA,9.166280506178737e-06,2850,25825,5216,0,0.2379982886312,0.0993897122929381,1.0,0.8319641764118424,0.1680358235881576
5216,YFL003C YAL022C,0.0,NA,9.173267244477756e-06,2850,25824,5217,0,0.2380277949898203,0.09939317848922369,1.0,0.8319319609548661,0.16806803904513384
5217,YJL205C YNL041C,0.0,NA,9.186976967612281e-06,2850,25823,5218,0,0.23805730134844058,0.0993966449272835,1.0,0.8318997454978899,0.1681002545021101
5218,YIL007C YER169W,0.0,NA,9.187546311295591e-06,2850,25822,5219,0,0.23808680770706087,0.09940011160714286,1.0,0.8318675300409136,0.16813246995908637
5219,YMR212C YMR255W,0.0,NA,9.192218385578599e-06,2850,25821,5220,0,0.23811631406568115,0.09940357852882704,1.0,0.8318353145839373,0.16816468541606264
5220,YIL084C YGR249W,0.0,NA,9.195242455461994e-06,2850,25820,5221,0,0.23814582042430144,0.09940704569236135,1.0,0.8318030991269612,0.16819690087303887
5221,YDR046C YLR357W,0.0,NA,9.197101462632418e-06,2850,25819,5222,0,0.23817532678292172,0.09941051309777112,1.0,0.8317708836699849,0.16822911633001514
5222,YCR019W YER011W,0.0,NA,9.212463737640064e-06,2850,25818,5223,0,0.238204833141542,0.09941398074508162,1.0,0.8317386682130086,0.1682613317869914
5223,YLL035W YPL057C,0.0,NA,9.221095751854591e-06,2850,25817,5224,0,0.2382343395001623,0.0994174486343182,1.0,0.8317064527560324,0.16829354724396767
5224,YBR169C YDR232W,0.0,NA,9.234780009137467e-06,2850,25816,5225,0,0.23826384585878257,0.09942091676550617,1.0,0.8316742372990561,0.1683257627009439
5225,YOR087W YFR019W,0.0,NA,9.239282007911243e-06,2850,25815,5226,0,0.23829335221740286,0.09942438513867086,1.0,0.8316420218420798,0.16835797815792017
5226,YBR006W YOR322C,0.0,NA,9.248405149264727e-06,2850,25814,5227,0,0.23832285857602314,0.09942785375383757,1.0,0.8316098063851036,0.16839019361489643
5227,YBR069C YIR027C,0.0,NA,9.253487405658234e-06,2850,25813,5228,0,0.23835236493464343,0.09943132261103164,1.0,0.8315775909281273,0.1684224090718727
5228,YIL040W YPL093W,0.0,NA,9.261582817998715e-06,2850,25812,5229,0,0.2383818712932637,0.09943479171027841,1.0,0.831545375471151,0.16845462452884893
5229,YBL043W YML035C,0.0,NA,9.275822776544373e-06,2850,25811,5230,0,0.23841137765188397,0.09943826105160322,1.0,0.8315131600141747,0.1684868399858252
5230,YBR009C YGR180C,0.0,NA,9.282406608690508e-06,2850,25810,5231,0,0.23844088401050426,0.09944173063503141,1.0,0.8314809445571986,0.16851905544280146
5231,YKL082C YNL298W,0.0,NA,9.287658031098545e-06,2850,25809,5232,0,0.23847039036912454,0.0994452004605883,1.0,0.8314487291002223,0.1685512708997777
5232,YNL124W YOL148C,0.0,NA,9.292937647842336e-06,2850,25808,5233,0,0.23849989672774483,0.09944867052829925,1.0,0.831416513643246,0.16858348635675396
5233,YER112W YNL279W,0.0,NA,9.301201316702645e-06,2850,25807,5234,0,0.2385294030863651,0.09945214083818962,1.0,0.8313842981862698,0.16861570181373023
5234,YNL103W YBR216C,0.0,NA,9.302300895797089e-06,2850,25806,5235,0,0.2385589094449854,0.09945561139028476,1.0,0.8313520827292935,0.1686479172707065
5235,YJL146W YGL005C,0.0,NA,9.309063898399472e-06,2850,25805,5236,0,0.23858841580360568,0.09945908218461001,1.0,0.8313198672723172,0.16868013272768273
5236,YDR320C YDL038C,0.0,NA,9.320488061348442e-06,2850,25804,5237,0,0.23861792216222596,0.09946255322119076,1.0,0.831287651815341,0.168712348184659
5237,YLR397C YCL043C,0.0,NA,9.326079634774942e-06,2850,25803,5238,0,0.23864742852084625,0.09946602450005235,1.0,0.8312554363583647,0.16874456364163526
5238,YDL127W YPL283C,0.0,NA,9.344348654849455e-06,2850,25802,5239,0,0.23867693487946653,0.09946949602122016,1.0,0.8312232209013884,0.16877677909861152
5239,YJR050W YDR497C,0.0,NA,9.351444532512687e-06,2850,25801,5240,0,0.23870644123808682,0.09947296778471956,1.0,0.8311910054444123,0.16880899455558776
5240,YPL156C YFL028C,0.0,NA,9.358144779980648e-06,2850,25800,5241,0,0.23873594759670708,0.09947643979057591,1.0,0.831158789987436,0.16884121001256402
5241,YNL042W YKL206C,0.0,NA,9.390864761371631e-06,2850,25799,5242,0,0.23876545395532736,0.09947991203881462,1.0,0.8311265745304597,0.1688734254695403
5242,YCR067C YLR238W,0.0,NA,9.393284017278347e-06,2850,25798,5243,0,0.23879496031394765,0.09948338452946104,1.0,0.8310943590734835,0.16890564092651655
5243,YNR020C YLR214W,0.0,NA,9.399673217558302e-06,2850,25797,5244,0,0.23882446667256793,0.09948685726254058,1.0,0.8310621436165072,0.1689378563834928
5244,YNL183C YPL179W,0.0,NA,9.401887837157119e-06,2850,25796,5245,0,0.23885397303118822,0.09949033023807861,1.0,0.8310299281595309,0.16897007184046905
5245,YGL158W YGL208W,0.0,NA,9.412294275534805e-06,2850,25795,5246,0,0.2388834793898085,0.09949380345610054,1.0,0.8309977127025547,0.16900228729744532
5246,YJL157C YDL007W,0.0,NA,9.417644832865335e-06,2850,25794,5247,0,0.23891298574842879,0.09949727691663175,1.0,0.8309654972455784,0.16903450275442158
5247,YML097C YHR166C,0.0,NA,9.424240488442592e-06,2850,25793,5248,0,0.23894249210704907,0.09950075061969765,1.0,0.8309332817886022,0.16906671821139782
5248,YJR001W YMR255W,0.0,NA,9.426505130250007e-06,2850,25792,5249,0,0.23897199846566936,0.09950422456532365,1.0,0.8309010663316259,0.16909893366837409
5249,YLR263W YPL091W,0.0,NA,9.43421218835283e-06,2850,25791,5250,0,0.23900150482428964,0.09950769875353514,1.0,0.8308688508746497,0.16913114912535035
5250,YNL189W YNL166C,0.0,NA,9.447870979784057e-06,2850,25790,5251,0,0.23903101118290992,0.09951117318435754,1.0,0.8308366354176734,0.16916336458232661
5251,YKL046C YJR035W,0.0,NA,9.46992622630205e-06,2850,25789,5252,0,0.2390605175415302,0.09951464785781626,1.0,0.8308044199606971,0.16919558003930285
5252,YDR354W YDR447C,0.0,NA,9.495121048530564e-06,2850,25788,5253,0,0.2390900239001505,0.09951812277393672,1.0,0.8307722045037209,0.16922779549627912
5253,YHR101C YLR228C,0.0,NA,9.503790352027863e-06,2850,25787,5254,0,0.23911953025877075,0.09952159793274436,1.0,0.8307399890467446,0.16926001095325538
5254,YDR221W YJL207C,0.0,NA,9.511696589470375e-06,2850,25786,5255,0,0.23914903661739104,0.09952507333426457,1.0,0.8307077735897683,0.16929222641023162
5255,YPR201W YLR459W,0.0,NA,9.517277248960454e-06,2850,25785,5256,0,0.23917854297601132,0.09952854897852279,1.0,0.8306755581327921,0.16932444186720788
5256,YOR064C YBL001C,0.0,NA,9.532255717203952e-06,2850,25784,5257,0,0.2392080493346316,0.09953202486554445,1.0,0.8306433426758159,0.16935665732418415
5257,YAL019W YFL025C,0.0,NA,9.539285201753955e-06,2850,25783,5258,0,0.2392375556932519,0.099535500995355,1.0,0.8306111272188396,0.1693888727811604
5258,YMR165C YML076C,0.0,NA,9.541432518744841e-06,2850,25782,5259,0,0.23926706205187218,0.09953897736797988,1.0,0.8305789117618634,0.16942108823813665
5259,YNL298W YKR001C,0.0,NA,9.545846296532545e-06,2850,25781,5260,0,0.23929656841049246,0.09954245398344452,1.0,0.8305466963048871,0.1694533036951129
5260,YOR339C YOR288C,0.0,NA,9.545901775709353e-06,2850,25780,5261,0,0.23932607476911275,0.09954593084177436,1.0,0.8305144808479108,0.16948551915208918
5261,YDR402C YAL028W,0.0,NA,9.563605999574065e-06,2850,25779,5262,0,0.23935558112773303,0.09954940794299487,1.0,0.8304822653909346,0.16951773460906544
5262,YOR109W YLR054C,0.0,NA,9.56613257585559e-06,2850,25778,5263,0,0.23938508748635332,0.09955288528713148,1.0,0.8304500499339583,0.16954995006604168
5263,YBR217W YHR015W,0.0,NA,9.596368727216031e-06,2850,25777,5264,0,0.2394145938449736,0.09955636287420966,1.0,0.830417834476982,0.16958216552301794
5264,YOR076C YIL018W,0.0,NA,9.60672514338512e-06,2850,25776,5265,0,0.23944410020359388,0.09955984070425487,1.0,0.8303856190200058,0.1696143809799942
5265,YNL094W YPL211W,0.0,NA,9.610535926185548e-06,2850,25775,5266,0,0.23947360656221417,0.09956331877729258,1.0,0.8303534035630296,0.16964659643697047
5266,YBR247C YJL207C,0.0,NA,9.63857655733591e-06,2850,25774,5267,0,0.23950311292083443,0.09956679709334824,1.0,0.8303211881060533,0.1696788118939467
5267,YLR180W YKR103W,0.0,NA,9.641601536714006e-06,2850,25773,5268,0,0.2395326192794547,0.09957027565244733,1.0,0.830288972649077,0.16971102735092297
5268,YIL117C YER011W,0.0,NA,9.642089025874157e-06,2850,25772,5269,0,0.239562125638075,0.09957375445461533,1.0,0.8302567571921008,0.16974324280789924
5269,YNL239W YOR340C,0.0,NA,9.652991138864309e-06,2850,25771,5270,0,0.23959163199669528,0.09957723349987771,1.0,0.8302245417351245,0.1697754582648755
5270,YGR166W YLR401C,0.0,NA,9.656904694566038e-06,2850,25770,5271,0,0.23962113835531557,0.09958071278825996,1.0,0.8301923262781482,0.16980767372185174
5271,YCR106W YOL149W,0.0,NA,9.683178177510854e-06,2850,25769,5272,0,0.23965064471393585,0.09958419231978756,1.0,0.830160110821172,0.169839889178828
5272,YPL140C YMR194W,0.0,NA,9.701599992695265e-06,2850,25768,5273,0,0.23968015107255614,0.09958767209448599,1.0,0.8301278953641957,0.16987210463580427
5273,YLR022C YLR148W,0.0,NA,9.708578545541968e-06,2850,25767,5274,0,0.23970965743117642,0.09959115211238075,1.0,0.8300956799072194,0.1699043200927805
5274,YJL012C YHR088W,0.0,NA,9.713449799164664e-06,2850,25766,5275,0,0.2397391637897967,0.09959463237349735,1.0,0.8300634644502433,0.16993653554975677
5275,YDR363W YMR270C,0.0,NA,9.714070984045975e-06,2850,25765,5276,0,0.239768670148417,0.09959811287786126,1.0,0.830031248993267,0.16996875100673303
5276,YPR010C YOR030W,0.0,NA,9.714718544273637e-06,2850,25764,5277,0,0.23979817650703728,0.099601593625498,1.0,0.8299990335362907,0.1700009664637093
5277,YNL074C YER044C,0.0,NA,9.72363613982452e-06,2850,25763,5278,0,0.23982768286565756,0.09960507461643309,1.0,0.8299668180793145,0.17003318192068553
5278,YDR320C YKL110C,0.0,NA,9.724534720589872e-06,2850,25762,5279,0,0.23985718922427784,0.09960855585069202,1.0,0.8299346026223382,0.1700653973776618
5279,YDR303C YOL081W,0.0,NA,9.725064046506304e-06,2850,25761,5280,0,0.2398866955828981,0.0996120373283003,1.0,0.8299023871653619,0.17009761283463806
5280,YER119C YGR194C,0.0,NA,9.732374564919155e-06,2850,25760,5281,0,0.2399162019415184,0.09961551904928347,1.0,0.8298701717083857,0.17012982829161433
5281,YDR156W YDR528W,0.0,NA,9.741874237079173e-06,2850,25759,5282,0,0.23994570830013867,0.09961900101366702,1.0,0.8298379562514094,0.17016204374859056
5282,YIL013C YMR081C,0.0,NA,9.743797818373423e-06,2850,25758,5283,0,0.23997521465875896,0.09962248322147652,1.0,0.8298057407944331,0.17019425920556683
5283,YGR032W YOR108W,0.0,NA,9.744615454110317e-06,2850,25757,5284,0,0.24000472101737924,0.09962596567273745,1.0,0.829773525337457,0.1702264746625431
5284,YDL239C YMR304W,0.0,NA,9.748789125296753e-06,2850,25756,5285,0,0.24003422737599953,0.09962944836747535,1.0,0.8297413098804807,0.17025869011951936
5285,YML082W YML100W,0.0,NA,9.762986337591428e-06,2850,25755,5286,0,0.2400637337346198,0.09963293130571578,1.0,0.8297090944235044,0.1702909055764956
5286,YMR142C YCR072C,0.0,NA,9.78524622041732e-06,2850,25754,5287,0,0.2400932400932401,0.09963641448748427,1.0,0.8296768789665281,0.17032312103347186
5287,YKR097W YNR016C,0.0,NA,9.80930508376332e-06,2850,25753,5288,0,0.24012274645186038,0.09963989791280635,1.0,0.8296446635095519,0.17035533649044812
5288,YLL019C YLL012W,0.0,NA,9.816585588851012e-06,2850,25752,5289,0,0.24015225281048067,0.09964338158170757,1.0,0.8296124480525756,0.1703875519474244
5289,YBR223C YIL036W,0.0,NA,9.857693839876447e-06,2850,25751,5290,0,0.24018175916910095,0.09964686549421349,1.0,0.8295802325955993,0.17041976740440062
5290,YDR536W YBR142W,0.0,NA,9.870704161585309e-06,2850,25750,5291,0,0.24021126552772123,0.09965034965034965,1.0,0.8295480171386231,0.1704519828613769
5291,YGL065C YPL126W,0.0,NA,9.874602255877107e-06,2850,25749,5292,0,0.24024077188634152,0.09965383405014161,1.0,0.8295158016816468,0.17048419831835315
5292,YDR536W YPL084W,0.0,NA,9.888672138913535e-06,2850,25748,5293,0,0.24027027824496178,0.09965731869361494,1.0,0.8294835862246706,0.1705164137753294
5293,YDL084W YOR243C,0.0,NA,9.902676538331434e-06,2850,25747,5294,0,0.24029978460358206,0.09966080358079518,1.0,0.8294513707676944,0.17054862923230565
5294,YLR196W YJL167W,0.0,NA,9.9053777375957e-06,2850,25746,5295,0,0.24032929096220235,0.09966428871170793,1.0,0.8294191553107181,0.17058084468928192
5295,YPL086C YGR148C,0.0,NA,9.931096428772435e-06,2850,25745,5296,0,0.24035879732082263,0.09966777408637874,1.0,0.8293869398537418,0.17061306014625818
5296,YNL008C YBR180W,0.0,NA,9.943993973138276e-06,2850,25744,5297,0,0.24038830367944292,0.09967125970483318,1.0,0.8293547243967656,0.17064527560323442
5297,YHR158C YDR163W,0.0,NA,9.944194061972667e-06,2850,25743,5298,0,0.2404178100380632,0.09967474556709684,1.0,0.8293225089397893,0.17067749106021068
5298,YGR112W YPL198W,0.0,NA,9.944961675500963e-06,2850,25742,5299,0,0.24044731639668349,0.0996782316731953,1.0,0.829290293482813,0.17070970651718695
5299,YPR055W YDR399W,0.0,NA,9.953235348802991e-06,2850,25741,5300,0,0.24047682275530377,0.09968171802315413,1.0,0.8292580780258368,0.1707419219741632
5300,YCL054W YNL163C,0.0,NA,9.95699519990012e-06,2850,25740,5301,0,0.24050632911392406,0.09968520461699895,1.0,0.8292258625688606,0.17077413743113945
5301,YFL003C YFR004W,0.0,NA,9.963255251932424e-06,2850,25739,5302,0,0.24053583547254434,0.09968869145475533,1.0,0.8291936471118843,0.17080635288811571
5302,YBR114W YAL013W,0.0,NA,9.975471584766638e-06,2850,25738,5303,0,0.24056534183116463,0.09969217853644886,1.0,0.8291614316549081,0.17083856834509198
5303,YCR089W YOL067C,0.0,NA,9.988532838178799e-06,2850,25737,5304,0,0.2405948481897849,0.09969566586210515,1.0,0.8291292161979318,0.17087078380206824
5304,YDL190C YOL010W,0.0,NA,1.0017302884079982e-05,2850,25736,5305,0,0.2406243545484052,0.0996991534317498,1.0,0.8290970007409555,0.17090299925904448
5305,YPL231W YOR261C,0.0,NA,1.0027530152001418e-05,2850,25735,5306,0,0.24065386090702545,0.09970264124540842,1.0,0.8290647852839792,0.17093521471602074
5306,YPL092W YLR332W,0.0,NA,1.0034207662101835e-05,2850,25734,5307,0,0.24068336726564574,0.09970612930310663,1.0,0.829032569827003,0.170967430172997
5307,YDL184C YNL132W,0.0,NA,1.0036676940217149e-05,2850,25733,5308,0,0.24071287362426602,0.09970961760487003,1.0,0.8290003543700267,0.17099964562997327
5308,YDL087C YDL076C,0.0,NA,1.0043781912827399e-05,2850,25732,5309,0,0.2407423799828863,0.09971310615072423,1.0,0.8289681389130504,0.1710318610869495
5309,YDR303C YKR028W,0.0,NA,1.0050766832137015e-05,2850,25731,5310,0,0.2407718863415066,0.09971659494069486,1.0,0.8289359234560743,0.17106407654392577
5310,YNL124W YMR004W,0.0,NA,1.0053939149656799e-05,2850,25730,5311,0,0.24080139270012688,0.09972008397480756,1.0,0.828903707999098,0.17109629200090204
5311,YBL074C YPL116W,0.0,NA,1.0062015462608542e-05,2850,25729,5312,0,0.24083089905874716,0.09972357325308794,1.0,0.8288714925421217,0.1711285074578783
5312,YHR043C YHR047C,0.0,NA,1.0075113095808774e-05,2850,25728,5313,0,0.24086040541736745,0.09972706277556162,1.0,0.8288392770851455,0.17116072291485454
5313,YHL006C YOR197W,0.0,NA,1.0095262950926553e-05,2850,25727,5314,0,0.24088991177598773,0.09973055254225426,1.0,0.8288070616281692,0.1711929383718308
5314,YOR160W YBR214W,0.0,NA,1.0109126378665678e-05,2850,25726,5315,0,0.24091941813460802,0.09973404255319149,1.0,0.8287748461711929,0.17122515382880707
5315,YDR317W YJL184W,0.0,NA,1.0121802006324288e-05,2850,25725,5316,0,0.2409489244932283,0.09973753280839895,1.0,0.8287426307142167,0.1712573692857833
5316,YMR294W YGL037C,0.0,NA,1.0136523997061886e-05,2850,25724,5317,0,0.24097843085184859,0.09974102330790229,1.0,0.8287104152572404,0.17128958474275957
5317,YOR016C YAL040C,0.0,NA,1.0151092283194885e-05,2850,25723,5318,0,0.24100793721046884,0.09974451405172716,1.0,0.8286781998002641,0.17132180019973584
5318,YDR376W YJL035C,0.0,NA,1.0162638318433892e-05,2850,25722,5319,0,0.24103744356908913,0.0997480050398992,1.0,0.828645984343288,0.1713540156567121
5319,YNR008W YLR275W,0.0,NA,1.0163452316191979e-05,2850,25721,5320,0,0.2410669499277094,0.09975149627244409,1.0,0.8286137688863117,0.17138623111368834
5320,YDR409W YOL140W,0.0,NA,1.0166448191739619e-05,2850,25720,5321,0,0.2410964562863297,0.09975498774938747,1.0,0.8285815534293354,0.1714184465706646
5321,YBL039C YBR202W,0.0,NA,1.0256888344883919e-05,2850,25719,5322,0,0.24112596264494998,0.09975847947075502,1.0,0.8285493379723592,0.17145066202764087
5322,YKR025W YBR203W,0.0,NA,1.0268476216879208e-05,2850,25718,5323,0,0.24115546900357027,0.0997619714365724,1.0,0.8285171225153829,0.17148287748461713
5323,YMR091C YHR171W,0.0,NA,1.0269250196870416e-05,2850,25717,5324,0,0.24118497536219055,0.09976546364686527,1.0,0.8284849070584066,0.17151509294159337
5324,YDL184C YOR124C,0.0,NA,1.0284245036018547e-05,2850,25716,5325,0,0.24121448172081084,0.09976895610165931,1.0,0.8284526916014303,0.17154730839856963
5325,YJL219W YJR106W,0.0,NA,1.0338527317799162e-05,2850,25715,5326,0,0.24124398807943112,0.09977244880098023,1.0,0.8284204761444541,0.1715795238555459
5326,YEL026W YLR406C,0.0,NA,1.0348361684009433e-05,2850,25714,5327,0,0.2412734944380514,0.09977594174485366,1.0,0.8283882606874778,0.17161173931252216
5327,YBR154C YKR076W,0.0,NA,1.0366120477556251e-05,2850,25713,5328,0,0.2413030007966717,0.09977943493330532,1.0,0.8283560452305015,0.1716439547694984
5328,YGR119C YNR060W,0.0,NA,1.036654612107668e-05,2850,25712,5329,0,0.24133250715529198,0.09978292836636089,1.0,0.8283238297735254,0.17167617022647466
5329,YEL044W YER118C,0.0,NA,1.0433263923914637e-05,2850,25711,5330,0,0.24136201351391226,0.09978642204404607,1.0,0.8282916143165491,0.17170838568345093
5330,YKL046C YOR003W,0.0,NA,1.044273994921241e-05,2850,25710,5331,0,0.24139151987253252,0.09978991596638656,1.0,0.8282593988595728,0.1717406011404272
5331,YDL049C YLR433C,0.0,NA,1.0471501809661277e-05,2850,25709,5332,0,0.2414210262311528,0.09979341013340803,1.0,0.8282271834025966,0.17177281659740343
5332,YNL264C YGL093W,0.0,NA,1.0475107956153806e-05,2850,25708,5333,0,0.2414505325897731,0.09979690454513622,1.0,0.8281949679456203,0.1718050320543797
5333,YGL016W YLR087C,0.0,NA,1.0494334674149286e-05,2850,25707,5334,0,0.24148003894839337,0.0998003992015968,1.0,0.828162752488644,0.17183724751135596
5334,YER099C YML042W,0.0,NA,1.050985974870855e-05,2850,25706,5335,0,0.24150954530701366,0.09980389410281552,1.0,0.8281305370316678,0.1718694629683322
5335,YKR036C YCL044C,0.0,NA,1.0514089808566496e-05,2850,25705,5336,0,0.24153905166563394,0.09980738924881807,1.0,0.8280983215746915,0.17190167842530846
5336,YOL086C YNL281W,0.0,NA,1.0518843737372663e-05,2850,25704,5337,0,0.24156855802425423,0.09981088463963017,1.0,0.8280661061177153,0.17193389388228472
5337,YPL045W YHR052W,0.0,NA,1.0525947800488211e-05,2850,25703,5338,0,0.2415980643828745,0.09981438027527756,1.0,0.8280338906607391,0.171966109339261
5338,YLR287C-A YKL110C,0.0,NA,1.053644336934667e-05,2850,25702,5339,0,0.2416275707414948,0.09981787615578594,1.0,0.8280016752037628,0.17199832479623722
5339,YGR267C YJR075W,0.0,NA,1.0571629900368862e-05,2850,25701,5340,0,0.24165707710011508,0.09982137228118104,1.0,0.8279694597467865,0.1720305402532135
5340,YML088W YHR160C,0.0,NA,1.0590954843792133e-05,2850,25700,5341,0,0.24168658345873537,0.09982486865148861,1.0,0.8279372442898103,0.17206275571018975
5341,YPL110C YDR151C,0.0,NA,1.0598421795293689e-05,2850,25699,5342,0,0.24171608981735565,0.09982836526673439,1.0,0.827905028832834,0.17209497116716602
5342,YOL031C YOR090C,0.0,NA,1.0619982276693918e-05,2850,25698,5343,0,0.24174559617597594,0.09983186212694409,1.0,0.8278728133758577,0.17212718662414225
5343,YPR164W YPL223C,0.0,NA,1.0634647878760006e-05,2850,25697,5344,0,0.2417751025345962,0.09983535923214348,1.0,0.8278405979188814,0.17215940208111852
5344,YAL026C YFL058W,0.0,NA,1.064164734998485e-05,2850,25696,5345,0,0.24180460889321648,0.0998388565823583,1.0,0.8278083824619052,0.17219161753809478
5345,YJR127C YDR229W,0.0,NA,1.0651161574060097e-05,2850,25695,5346,0,0.24183411525183676,0.09984235417761429,1.0,0.827776167004929,0.17222383299507105
5346,YIL030C YIR012W,0.0,NA,1.0651669072103687e-05,2850,25694,5347,0,0.24186362161045705,0.09984585201793722,1.0,0.8277439515479527,0.17225604845204728
5347,YDR025W YPR122W,0.0,NA,1.0662075510481372e-05,2850,25693,5348,0,0.24189312796907733,0.09984935010335283,1.0,0.8277117360909765,0.17228826390902355
5348,YGR180C YOR096W,0.0,NA,1.0664261935744435e-05,2850,25692,5349,0,0.24192263432769762,0.0998528484338869,1.0,0.8276795206340002,0.1723204793659998
5349,YNL117W YGL120C,0.0,NA,1.0672737516870257e-05,2850,25691,5350,0,0.2419521406863179,0.09985634700956518,1.0,0.8276473051770239,0.17235269482297608
5350,YJR073C YHL039W,0.0,NA,1.0675913472368848e-05,2850,25690,5351,0,0.2419816470449382,0.09985984583041345,1.0,0.8276150897200477,0.1723849102799523
5351,YJR073C YML016C,0.0,NA,1.0683317668735981e-05,2850,25689,5352,0,0.24201115340355847,0.09986334489645748,1.0,0.8275828742630714,0.17241712573692858
5352,YOR340C YIL159W,0.0,NA,1.0692185242078267e-05,2850,25688,5353,0,0.24204065976217876,0.09986684420772303,1.0,0.8275506588060951,0.17244934119390484
5353,YOL101C YLL036C,0.0,NA,1.069529571395833e-05,2850,25687,5354,0,0.24207016612079904,0.09987034376423591,1.0,0.827518443349119,0.17248155665088108
5354,YOL032W YNL264C,0.0,NA,1.0703958650992718e-05,2850,25686,5355,0,0.24209967247941933,0.09987384356602187,1.0,0.8274862278921427,0.17251377210785734
5355,YDL212W YGL254W,0.0,NA,1.0709237358241808e-05,2850,25685,5356,0,0.2421291788380396,0.09987734361310671,1.0,0.8274540124351664,0.1725459875648336
5356,YJR066W YBR252W,0.0,NA,1.0712004950619303e-05,2850,25684,5357,0,0.24215868519665987,0.09988084390551623,1.0,0.8274217969781902,0.17257820302180987
5357,YPL094C YLR307W,0.0,NA,1.0727063454396557e-05,2850,25683,5358,0,0.24218819155528015,0.09988434444327621,1.0,0.8273895815212139,0.1726104184787861
5358,YNR052C YFR010W,0.0,NA,1.0741190635599196e-05,2850,25682,5359,0,0.24221769791390044,0.09988784522641245,1.0,0.8273573660642376,0.17264263393576237
5359,YOR054C YNL085W,0.0,NA,1.0744100109150168e-05,2850,25681,5360,0,0.24224720427252072,0.09989134625495076,1.0,0.8273251506072614,0.17267484939273864
5360,YML036W YDR461W,0.0,NA,1.0759891665657051e-05,2850,25680,5361,0,0.242276710631141,0.09989484752891693,1.0,0.8272929351502851,0.1727070648497149
5361,YPL058C YDR353W,0.0,NA,1.0774964721349534e-05,2850,25679,5362,0,0.2423062169897613,0.09989834904833678,1.0,0.8272607196933088,0.17273928030669114
5362,YJL189W YDL135C,0.0,NA,1.0791233762574848e-05,2850,25678,5363,0,0.24233572334838158,0.09990185081323612,1.0,0.8272285042363325,0.1727714957636674
5363,YOL122C YPR030W,0.0,NA,1.0801818461914081e-05,2850,25677,5364,0,0.24236522970700186,0.09990535282364076,1.0,0.8271962887793564,0.17280371122064367
5364,YDR523C YBR021W,0.0,NA,1.0815300811373163e-05,2850,25676,5365,0,0.24239473606562215,0.09990885507957653,1.0,0.8271640733223801,0.17283592667761993
5365,YHR008C YLR134W,0.0,NA,1.0825763638422359e-05,2850,25675,5366,0,0.24242424242424243,0.09991235758106924,1.0,0.8271318578654038,0.17286814213459617
5366,YPR164W YPR065W,0.0,NA,1.0860239854082465e-05,2850,25674,5367,0,0.24245374878286272,0.09991586032814471,1.0,0.8270996424084276,0.17290035759157243
5367,YER044C YBR172C,0.0,NA,1.0866589946090244e-05,2850,25673,5368,0,0.242483255141483,0.0999193633208288,1.0,0.8270674269514513,0.1729325730485487
5368,YML052W YMR092C,0.0,NA,1.0877861313929316e-05,2850,25672,5369,0,0.24251276150010329,0.09992286655914732,1.0,0.827035211494475,0.17296478850552496
5369,ALD1 YOL119C,0.0,NA,1.0921164175670128e-05,2850,25671,5370,0,0.24254226785872354,0.09992637004312611,1.0,0.8270029960374988,0.1729970039625012
5370,YMR183C YOR063W,0.0,NA,1.0925081369350664e-05,2850,25670,5371,0,0.24257177421734383,0.09992987377279103,1.0,0.8269707805805225,0.17302921941947746
5371,YJR119C YDR197W,0.0,NA,1.0936234502878506e-05,2850,25669,5372,0,0.2426012805759641,0.09993337774816789,1.0,0.8269385651235462,0.17306143487645373
5372,YGR224W YIR037W,0.0,NA,1.0937382285192143e-05,2850,25668,5373,0,0.2426307869345844,0.09993688196928256,1.0,0.8269063496665701,0.17309365033342997
5373,YBL019W YLR189C,0.0,NA,1.0946585462079383e-05,2850,25667,5374,0,0.24266029329320468,0.09994038643616089,1.0,0.8268741342095938,0.17312586579040623
5374,YGL045W YKR031C,0.0,NA,1.0953414857794996e-05,2850,25666,5375,0,0.24268979965182497,0.09994389114882873,1.0,0.8268419187526175,0.1731580812473825
5375,YMR318C YIR001C,0.0,NA,1.0965811270580161e-05,2850,25665,5376,0,0.24271930601044525,0.09994739610731194,1.0,0.8268097032956413,0.17319029670435876
5376,YPL157W YJR125C,0.0,NA,1.097456697607413e-05,2850,25664,5377,0,0.24274881236906554,0.09995090131163639,1.0,0.826777487838665,0.173222512161335
5377,YER100W YNL261W,0.0,NA,1.0976838893839158e-05,2850,25663,5378,0,0.24277831872768582,0.09995440676182794,1.0,0.8267452723816887,0.17325472761831126
5378,YMR011W YJR106W,0.0,NA,1.0980356819345616e-05,2850,25662,5379,0,0.2428078250863061,0.09995791245791245,1.0,0.8267130569247125,0.17328694307528753
5379,YDL088C YDL054C,0.0,NA,1.098270331567619e-05,2850,25661,5380,0,0.2428373314449264,0.09996141839991582,1.0,0.8266808414677362,0.1733191585322638
5380,YER096W YAL009W,0.0,NA,1.0992468560289126e-05,2850,25660,5381,0,0.24286683780354668,0.09996492458786391,1.0,0.82664862601076,0.17335137398924003
5381,YDL230W YDR318W,0.0,NA,1.1005884516634978e-05,2850,25659,5382,0,0.24289634416216696,0.0999684310217826,1.0,0.8266164105537837,0.1733835894462163
5382,YNR023W YNR054C,0.0,NA,1.1008719411620405e-05,2850,25658,5383,0,0.24292585052078722,0.09997193770169777,1.0,0.8265841950968075,0.17341580490319256
5383,YLL034C YPL180W,0.0,NA,1.1013444236596115e-05,2850,25657,5384,0,0.2429553568794075,0.09997544462763532,1.0,0.8265519796398312,0.17344802036016882
5384,YDL213C YER167W,0.0,NA,1.101902307709679e-05,2850,25656,5385,0,0.2429848632380278,0.09997895179962113,1.0,0.8265197641828549,0.17348023581714506
5385,YDR004W YKR028W,0.0,NA,1.1059111784561537e-05,2850,25655,5386,0,0.24301436959664807,0.0999824592176811,1.0,0.8264875487258787,0.17351245127412132
5386,YER123W YGR032W,0.0,NA,1.1060546967200935e-05,2850,25654,5387,0,0.24304387595526836,0.09998596688184115,1.0,0.8264553332689024,0.17354466673109759
5387,YNL111C YNL194C,0.0,NA,1.1086462109233253e-05,2850,25653,5388,0,0.24307338231388864,0.09998947479212715,1.0,0.8264231178119261,0.17357688218807385
5388,YMR318C YGL121C,0.0,NA,1.1091897249571048e-05,2850,25652,5389,0,0.24310288867250893,0.09999298294856501,1.0,0.8263909023549499,0.1736090976450501
5389,YFL034C-B YOR180C,0.0,NA,1.1101040399807971e-05,2850,25651,5390,0,0.2431323950311292,0.09999649135118066,1.0,0.8263586868979736,0.17364131310202635
5390,YJL039C YGR138C,0.0,NA,1.1126955541840289e-05,2850,25650,5391,0,0.2431619013897495,0.1,1.0,0.8263264714409974,0.17367352855900262
5391,YER025W YOL143C,0.0,NA,1.1135309250676073e-05,2850,25649,5392,0,0.24319140774836978,0.10000350889504894,1.0,0.8262942559840212,0.17370574401597888
5392,YIR023W YJL083W,0.0,NA,1.115159011533251e-05,2850,25648,5393,0,0.24322091410699007,0.10000701803635342,1.0,0.8262620405270449,0.17373795947295512
5393,YNL167C YKR019C,0.0,NA,1.1163784620293882e-05,2850,25647,5394,0,0.24325042046561035,0.10001052742393936,1.0,0.8262298250700686,0.17377017492993138
5394,YNR060W YJL222W,0.0,NA,1.1166532203787938e-05,2850,25646,5395,0,0.2432799268242306,0.10001403705783268,1.0,0.8261976096130924,0.17380239038690765
5395,YBR145W ALD1,0.0,NA,1.118553427659208e-05,2850,25645,5396,0,0.2433094331828509,0.10001754693805931,1.0,0.8261653941561161,0.17383460584388388
5396,YDR361C YPR162C,0.0,NA,1.120316119340714e-05,2850,25644,5397,0,0.24333893954147118,0.10002105706464519,1.0,0.8261331786991398,0.17386682130086015
5397,YER099C YBR199W,0.0,NA,1.1204004294995684e-05,2850,25643,5398,0,0.24336844590009146,0.10002456743761626,1.0,0.8261009632421636,0.1738990367578364
5398,YOL144W YOR388C,0.0,NA,1.1214063306397293e-05,2850,25642,5399,0,0.24339795225871175,0.10002807805699845,1.0,0.8260687477851874,0.17393125221481268
5399,YOR370C YPL135W,0.0,NA,1.1217528481211048e-05,2850,25641,5400,0,0.24342745861733203,0.10003158892281773,1.0,0.8260365323282111,0.1739634676717889
5400,YML031W YGL156W,0.0,NA,1.1220696251257323e-05,2850,25640,5401,0,0.24345696497595232,0.10003510003510004,1.0,0.8260043168712348,0.17399568312876518
5401,YMR300C YDR259C,0.0,NA,1.1237294529564679e-05,2850,25639,5402,0,0.2434864713345726,0.10003861139387132,1.0,0.8259721014142586,0.17402789858574144
5402,YNL307C YKL217W,0.0,NA,1.1239651939831674e-05,2850,25638,5403,0,0.2435159776931929,0.10004212299915755,1.0,0.8259398859572823,0.1740601140427177
5403,YGR089W YLR246W,0.0,NA,1.1248359442106448e-05,2850,25637,5404,0,0.24354548405181317,0.10004563485098467,1.0,0.825907670500306,0.17409232949969394
5404,YBR126C YPL008W,0.0,NA,1.1252672265982255e-05,2850,25636,5405,0,0.24357499041043346,0.10004914694937864,1.0,0.8258754550433298,0.1741245449566702
5405,YIL128W YHR013C,0.0,NA,1.1262162843195256e-05,2850,25635,5406,0,0.24360449676905374,0.10005265929436545,1.0,0.8258432395863535,0.17415676041364647
5406,YHR072W YJL115W,0.0,NA,1.128112489823252e-05,2850,25634,5407,0,0.24363400312767403,0.10005617188597107,1.0,0.8258110241293772,0.17418897587062274
5407,YER075C YLR009W,0.0,NA,1.1291478585917503e-05,2850,25633,5408,0,0.24366350948629428,0.10005968472422147,1.0,0.825778808672401,0.17422119132759897
5408,YPR118W YLL022C,0.0,NA,1.1292630915704649e-05,2850,25632,5409,0,0.24369301584491457,0.10006319780914262,1.0,0.8257465932154248,0.17425340678457524
5409,YJL140W YNL162W,0.0,NA,1.1301509402983356e-05,2850,25631,5410,0,0.24372252220353485,0.1000667111407605,1.0,0.8257143777584485,0.1742856222415515
5410,YGR262C YDR213W,0.0,NA,1.132118450186681e-05,2850,25630,5411,0,0.24375202856215514,0.10007022471910113,1.0,0.8256821623014723,0.17431783769852777
5411,YMR277W YKR059W,0.0,NA,1.1341122444719076e-05,2850,25629,5412,0,0.24378153492077542,0.10007373854419045,1.0,0.825649946844496,0.174350053155504
5412,YLR299W YLR436C,0.0,NA,1.1346498467901256e-05,2850,25628,5413,0,0.2438110412793957,0.1000772526160545,1.0,0.8256177313875197,0.17438226861248027
5413,YGR113W YOL058W,0.0,NA,1.136650189437205e-05,2850,25627,5414,0,0.243840547638016,0.10008076693471925,1.0,0.8255855159305435,0.17441448406945653
5414,YDL040C YIL128W,0.0,NA,1.1372357221262064e-05,2850,25626,5415,0,0.24387005399663628,0.1000842815002107,1.0,0.8255533004735672,0.17444669952643277
5415,YER119C YBL024W,0.0,NA,1.1374048881407361e-05,2850,25625,5416,0,0.24389956035525656,0.10008779631255488,1.0,0.8255210850165909,0.17447891498340903
5416,YKL206C YDR404C,0.0,NA,1.1385922334739007e-05,2850,25624,5417,0,0.24392906671387685,0.10009131137177776,1.0,0.8254888695596148,0.1745111304403853
5417,YPL249C YOL011W,0.0,NA,1.1386465303075965e-05,2850,25623,5418,0,0.24395857307249713,0.10009482667790538,1.0,0.8254566541026385,0.17454334589736156
5418,YIL101C YDL224C,0.0,NA,1.139841515396256e-05,2850,25622,5419,0,0.24398807943111742,0.10009834223096375,1.0,0.8254244386456622,0.1745755613543378
5419,YIL116W YGL197W,0.0,NA,1.1404450560803525e-05,2850,25621,5420,0,0.2440175857897377,0.10010185803097889,1.0,0.8253922231886859,0.17460777681131406
5420,YDR197W YBR019C,0.0,NA,1.1418413123465143e-05,2850,25620,5421,0,0.24404709214835796,0.10010537407797682,1.0,0.8253600077317097,0.17463999226829033
5421,YGL127C YJL006C,0.0,NA,1.1441106835263781e-05,2850,25619,5422,0,0.24407659850697824,0.10010889037198356,1.0,0.8253277922747334,0.1746722077252666
5422,YLR260W YOR043W,0.0,NA,1.1454896593932062e-05,2850,25618,5423,0,0.24410610486559853,0.10011240691302516,1.0,0.8252955768177571,0.17470442318224283
5423,YOL148C YER073W,0.0,NA,1.1466120668046642e-05,2850,25617,5424,0,0.2441356112242188,0.10011592370112762,1.0,0.8252633613607809,0.1747366386392191
5424,YGL078C YKL210W,0.0,NA,1.146760769188404e-05,2850,25616,5425,0,0.2441651175828391,0.10011944073631701,1.0,0.8252311459038046,0.17476885409619536
5425,YOR069W YMR106C,0.0,NA,1.147552757174708e-05,2850,25615,5426,0,0.24419462394145938,0.10012295801861935,1.0,0.8251989304468283,0.17480106955317162
5426,YER090W YDR082W,0.0,NA,1.1477148291305639e-05,2850,25614,5427,0,0.24422413030007967,0.10012647554806071,1.0,0.8251667149898522,0.17483328501014786
5427,YHL033C YNL299W,0.0,NA,1.1490750694065355e-05,2850,25613,5428,0,0.24425363665869995,0.10012999332466711,1.0,0.8251344995328759,0.17486550046712412
5428,YNL151C YOR043W,0.0,NA,1.1494049431348685e-05,2850,25612,5429,0,0.24428314301732024,0.10013351134846461,1.0,0.8251022840758996,0.1748977159241004
5429,YBL032W YGR194C,0.0,NA,1.1508560419315472e-05,2850,25611,5430,0,0.24431264937594052,0.10013702961947929,1.0,0.8250700686189234,0.17492993138107665
5430,YPL003W YDR477W,0.0,NA,1.1514785001054406e-05,2850,25610,5431,0,0.2443421557345608,0.10014054813773718,1.0,0.8250378531619471,0.1749621468380529
5431,YGL087C YML123C,0.0,NA,1.1574126801860984e-05,2850,25609,5432,0,0.2443716620931811,0.10014406690326434,1.0,0.8250056377049708,0.17499436229502915
5432,YML065W YOL043C,0.0,NA,1.1589754649321549e-05,2850,25608,5433,0,0.24440116845180138,0.10014758591608687,1.0,0.8249734222479946,0.17502657775200542
5433,YNR007C YGR172C,0.0,NA,1.1601455298659857e-05,2850,25607,5434,0,0.24443067481042163,0.1001511051762308,1.0,0.8249412067910183,0.17505879320898166
5434,YDL209C YPR043W,0.0,NA,1.1610342880885582e-05,2850,25606,5435,0,0.24446018116904192,0.10015462468372224,1.0,0.824908991334042,0.17509100866595792
5435,YPL038W YMR172W,0.0,NA,1.1628116226347629e-05,2850,25605,5436,0,0.2444896875276622,0.10015814443858724,1.0,0.8248767758770659,0.17512322412293418
5436,YNR002C YDR449C,0.0,NA,1.1641197488643229e-05,2850,25604,5437,0,0.2445191938862825,0.10016166444085191,1.0,0.8248445604200896,0.17515543957991045
5437,YER157W YER147C,0.0,NA,1.1642353456409182e-05,2850,25603,5438,0,0.24454870024490277,0.1001651846905423,1.0,0.8248123449631133,0.17518765503688669
5438,YPL094C YER112W,0.0,NA,1.165517187473597e-05,2850,25602,5439,0,0.24457820660352306,0.10016870518768452,1.0,0.824780129506137,0.17521987049386295
5439,YLR384C YBR078W,0.0,NA,1.1667316357488744e-05,2850,25601,5440,0,0.24460771296214334,0.10017222593230467,1.0,0.8247479140491608,0.17525208595083921
5440,YKR088C YEL065W,0.0,NA,1.167985192296328e-05,2850,25600,5441,0,0.24463721932076363,0.10017574692442882,1.0,0.8247156985921845,0.17528430140781548
5441,YHL006C YOL143C,0.0,NA,1.1699728929670528e-05,2850,25599,5442,0,0.2446667256793839,0.1001792681640831,1.0,0.8246834831352082,0.17531651686479172
5442,YDR490C YNR047W,0.0,NA,1.1744825314963236e-05,2850,25598,5443,0,0.2446962320380042,0.10018278965129358,1.0,0.824651267678232,0.17534873232176798
5443,YBR061C YEL059C-A,0.0,NA,1.1750707926694304e-05,2850,25597,5444,0,0.24472573839662448,0.10018631138608641,1.0,0.8246190522212558,0.17538094777874425
5444,YER179W YDL028C,0.0,NA,1.176756268250756e-05,2850,25596,5445,0,0.24475524475524477,0.10018983336848766,1.0,0.8245868367642795,0.1754131632357205
5445,YCR002C YBR019C,0.0,NA,1.1775824532378465e-05,2850,25595,5446,0,0.24478475111386505,0.10019335559852346,1.0,0.8245546213073033,0.17544537869269675
5446,YGR091W YER012W,0.0,NA,1.1793064913945273e-05,2850,25594,5447,0,0.2448142574724853,0.10019687807621994,1.0,0.824522405850327,0.175477594149673
5447,YIL101C YBL040C,0.0,NA,1.1802751032519154e-05,2850,25593,5448,0,0.2448437638311056,0.10020040080160321,1.0,0.8244901903933507,0.17550980960664928
5448,YDR440W YIR017C,0.0,NA,1.1822420674434397e-05,2850,25592,5449,0,0.24487327018972588,0.10020392377469939,1.0,0.8244579749363745,0.17554202506362554
5449,YDR023W YOL120C,0.0,NA,1.1831511073978618e-05,2850,25591,5450,0,0.24490277654834616,0.10020744699553462,1.0,0.8244257594793982,0.17557424052060178
5450,YGR177C YML066C,0.0,NA,1.183997665066272e-05,2850,25590,5451,0,0.24493228290696645,0.10021097046413502,1.0,0.8243935440224219,0.17560645597757804
5451,YLL052C Q0115,0.0,NA,1.184708162327297e-05,2850,25589,5452,0,0.24496178926558673,0.10021449418052675,1.0,0.8243613285654458,0.1756386714345543
5452,YKL110C YPL003W,0.0,NA,1.186392819363391e-05,2850,25588,5453,0,0.24499129562420702,0.10021801814473592,1.0,0.8243291131084695,0.17567088689153057
5453,YDR353W YDR528W,0.0,NA,1.1879528756253421e-05,2850,25587,5454,0,0.2450208019828273,0.10022154235678869,1.0,0.8242968976514932,0.1757031023485068
5454,YBR275C YGL098W,0.0,NA,1.1886634638358373e-05,2850,25586,5455,0,0.2450503083414476,0.10022506681671121,1.0,0.824264682194517,0.17573531780548307
5455,YDL007W YDL056W,0.0,NA,1.190656803373713e-05,2850,25585,5456,0,0.24507981470006787,0.10022859152452963,1.0,0.8242324667375407,0.17576753326245934
5456,YML125C YPL093W,0.0,NA,1.1917394658667035e-05,2850,25584,5457,0,0.24510932105868816,0.1002321164802701,1.0,0.8242002512805644,0.17579974871943557
5457,YJL044C YLR423C,0.0,NA,1.1918859854631592e-05,2850,25583,5458,0,0.24513882741730844,0.10023564168395878,1.0,0.8241680358235881,0.17583196417641184
5458,YDR459C YDL014W,0.0,NA,1.1945818187086843e-05,2850,25582,5459,0,0.24516833377592873,0.10023916713562184,1.0,0.8241358203666119,0.1758641796333881
5459,YFL031W YNL261W,0.0,NA,1.1966456440859474e-05,2850,25581,5460,0,0.24519784013454898,0.10024269283528543,1.0,0.8241036049096356,0.17589639509036437
5460,YPR110C YDR122W,0.0,NA,1.1972642823820934e-05,2850,25580,5461,0,0.24522734649316927,0.10024621878297572,1.0,0.8240713894526593,0.1759286105473406
5461,YLR262C-A YHR055C,0.0,NA,1.2012224942736793e-05,2850,25579,5462,0,0.24525685285178955,0.10024974497871891,1.0,0.8240391739956832,0.17596082600431687
5462,YCL069W YBL027W,0.0,NA,1.2017049812129699e-05,2850,25578,5463,0,0.24528635921040984,0.10025327142254116,1.0,0.8240069585387069,0.17599304146129313
5463,YDR459C YOL054W,0.0,NA,1.2023812814732082e-05,2850,25577,5464,0,0.24531586556903012,0.10025679811446864,1.0,0.8239747430817306,0.1760252569182694
5464,YLR205C YJL210W,0.0,NA,1.2044837603752967e-05,2850,25576,5465,0,0.2453453719276504,0.10026032505452755,1.0,0.8239425276247544,0.17605747237524563
5465,YGR163W YAL062W,0.0,NA,1.2045343282807153e-05,2850,25575,5466,0,0.2453748782862707,0.10026385224274406,1.0,0.8239103121677781,0.1760896878322219
5466,YGR086C YDR065W,0.0,NA,1.2067165698681492e-05,2850,25574,5467,0,0.24540438464489098,0.10026737967914438,1.0,0.8238780967108018,0.17612190328919816
5467,YLR377C YAL003W,0.0,NA,1.2072368008375634e-05,2850,25573,5468,0,0.24543389100351126,0.1002709073637547,1.0,0.8238458812538256,0.17615411874617443
5468,YGR027C YML060W,0.0,NA,1.2127306945330929e-05,2850,25572,5469,0,0.24546339736213155,0.10027443529660122,1.0,0.8238136657968493,0.17618633420315066
5469,YDR364C YPL133C,0.0,NA,1.2167934073659126e-05,2850,25571,5470,0,0.24549290372075183,0.10027796347771015,1.0,0.823781450339873,0.17621854966012693
5470,YPL121C YNR013C,0.0,NA,1.2199933735246304e-05,2850,25570,5471,0,0.24552241007937212,0.10028149190710767,1.0,0.8237492348828969,0.1762507651171032
5471,YDR073W YAL059W,0.0,NA,1.224922471010359e-05,2850,25569,5472,0,0.24555191643799237,0.10028502058482001,1.0,0.8237170194259206,0.17628298057407946
5472,YNR039C YFR008W,0.0,NA,1.2251385669515003e-05,2850,25568,5473,0,0.24558142279661266,0.10028854951087339,1.0,0.8236848039689443,0.1763151960310557
5473,YHL022C YMR108W,0.0,NA,1.226959011546569e-05,2850,25567,5474,0,0.24561092915523294,0.10029207868529401,1.0,0.823652588511968,0.17634741148803196
5474,YGL224C YLR129W,0.0,NA,1.229152621817775e-05,2850,25566,5475,0,0.24564043551385323,0.10029560810810811,1.0,0.8236203730549918,0.17637962694500822
5475,YBL103C YDR232W,0.0,NA,1.2294890439079609e-05,2850,25565,5476,0,0.2456699418724735,0.1002991377793419,1.0,0.8235881575980155,0.17641184240198446
5476,YER190W YDR473C,0.0,NA,1.2303346920816693e-05,2850,25564,5477,0,0.2456994482310938,0.1003026676990216,1.0,0.8235559421410392,0.17644405785896072
5477,YMR227C YDR363W-A,0.0,NA,1.2308289115026128e-05,2850,25563,5478,0,0.24572895458971408,0.10030619786717347,1.0,0.823523726684063,0.176476273315937
5478,YER180C YLR227C,0.0,NA,1.2312115359236486e-05,2850,25562,5479,0,0.24575846094833437,0.10030972828382374,1.0,0.8234915112270867,0.17650848877291325
5479,YML075C YHR137W,0.0,NA,1.232383874594234e-05,2850,25561,5480,0,0.24578796730695465,0.10031325894899863,1.0,0.8234592957701105,0.1765407042298895
5480,YKL080W YPL171C,0.0,NA,1.2329952369327657e-05,2850,25560,5481,0,0.24581747366557494,0.1003167898627244,1.0,0.8234270803131343,0.17657291968686575
5481,YLR185W YLR183C,0.0,NA,1.2343022717686836e-05,2850,25559,5482,0,0.24584698002419522,0.10032032102502728,1.0,0.823394864856158,0.17660513514384202
5482,YHR109W YGL077C,0.0,NA,1.2361151675577275e-05,2850,25558,5483,0,0.2458764863828155,0.10032385243593354,1.0,0.8233626493991817,0.17663735060081828
5483,YBR029C YOR339C,0.0,NA,1.2398069884511642e-05,2850,25557,5484,0,0.2459059927414358,0.10032738409546943,1.0,0.8233304339422055,0.17666956605779452
5484,YMR063W YPR149W,0.0,NA,1.2411744137352798e-05,2850,25556,5485,0,0.24593549910005605,0.1003309160036612,1.0,0.8232982184852292,0.17670178151477078
5485,YKL011C YKL058W,0.0,NA,1.2429251910361927e-05,2850,25555,5486,0,0.24596500545867633,0.10033444816053512,1.0,0.8232660030282529,0.17673399697174705
5486,YLL046C YMR165C,0.0,NA,1.2441075341484975e-05,2850,25554,5487,0,0.24599451181729662,0.10033798056611745,1.0,0.8232337875712767,0.1767662124287233
5487,YLL052C YMR039C,0.0,NA,1.2462271115509793e-05,2850,25553,5488,0,0.2460240181759169,0.10034151322043446,1.0,0.8232015721143005,0.17679842788569955
5488,YDR135C YLR022C,0.0,NA,1.2507348401413765e-05,2850,25552,5489,0,0.2460535245345372,0.10034504612351243,1.0,0.8231693566573242,0.17683064334267581
5489,YPR132W YLR074C,0.0,NA,1.2522147699201014e-05,2850,25551,5490,0,0.24608303089315747,0.10034857927537763,1.0,0.823137141200348,0.17686285879965208
5490,YDR004W YDR499W,0.0,NA,1.2547142432595138e-05,2850,25550,5491,0,0.24611253725177776,0.10035211267605634,1.0,0.8231049257433717,0.17689507425662834
5491,YMR037C YNL220W,0.0,NA,1.2559617971419357e-05,2850,25549,5492,0,0.24614204361039804,0.10035564632557484,1.0,0.8230727102863954,0.17692728971360458
5492,YIR017C YMR179W,0.0,NA,1.2561198673211038e-05,2850,25548,5493,0,0.24617154996901833,0.10035918022395944,1.0,0.8230404948294191,0.17695950517058084
5493,YDR528W YOR386W,0.0,NA,1.256152245332487e-05,2850,25547,5494,0,0.2462010563276386,0.1003627143712364,1.0,0.8230082793724429,0.1769917206275571
5494,YGR247W YHR039C,0.0,NA,1.2603520190168638e-05,2850,25546,5495,0,0.2462305626862589,0.10036624876743203,1.0,0.8229760639154666,0.17702393608453335
5495,YDR315C YGR234W,0.0,NA,1.2619155313586816e-05,2850,25545,5496,0,0.24626006904487918,0.10036978341257263,1.0,0.8229438484584903,0.1770561515415096
5496,YIL099W YOL104C,0.0,NA,1.2655986211029813e-05,2850,25544,5497,0,0.24628957540349947,0.10037331830668451,1.0,0.8229116330015142,0.17708836699848587
5497,YJR158W YPL070W,0.0,NA,1.266196159122046e-05,2850,25543,5498,0,0.24631908176211972,0.10037685344979397,1.0,0.8228794175445379,0.17712058245546214
5498,YPL267W YGL133W,0.0,NA,1.2708718713838607e-05,2850,25542,5499,0,0.24634858812074,0.1003803888419273,1.0,0.8228472020875616,0.17715279791243838
5499,YCR106W YJR070C,0.0,NA,1.2745750609610695e-05,2850,25541,5500,0,0.2463780944793603,0.10038392448311084,1.0,0.8228149866305854,0.17718501336941464
5500,YER166W YHL002W,0.0,NA,1.2749701454595197e-05,2850,25540,5501,0,0.24640760083798058,0.1003874603733709,1.0,0.8227827711736091,0.1772172288263909
5501,YGL247W YGL120C,0.0,NA,1.2750248970405664e-05,2850,25539,5502,0,0.24643710719660086,0.10039099651273381,1.0,0.8227505557166328,0.17724944428336717
5502,YGL048C YLR205C,0.0,NA,1.2759760465996806e-05,2850,25538,5503,0,0.24646661355522115,0.10039453290122587,1.0,0.8227183402596566,0.1772816597403434
5503,YGR156W YMR079W,0.0,NA,1.2771897672791965e-05,2850,25537,5504,0,0.24649611991384143,0.10039806953887342,1.0,0.8226861248026803,0.17731387519731967
5504,YNL159C YPR054W,0.0,NA,1.2774589777109213e-05,2850,25536,5505,0,0.24652562627246172,0.10040160642570281,1.0,0.822653909345704,0.17734609065429593
5505,YLL057C YNL025C,0.0,NA,1.2841049283451866e-05,2850,25535,5506,0,0.246555132631082,0.10040514356174035,1.0,0.8226216938887279,0.1773783061112722
5506,YLR276C YPL249C,0.0,NA,1.284488280361984e-05,2850,25534,5507,0,0.2465846389897023,0.1004086809470124,1.0,0.8225894784317516,0.17741052156824844
5507,YMR229C YBR103W,0.0,NA,1.2866570614278316e-05,2850,25533,5508,0,0.24661414534832257,0.1004122185815453,1.0,0.8225572629747753,0.1774427370252247
5508,YFR010W YLR034C,0.0,NA,1.2872939805674832e-05,2850,25532,5509,0,0.24664365170694286,0.10041575646536537,1.0,0.8225250475177991,0.17747495248220096
5509,YNL232W YFL033C,0.0,NA,1.2875297215941828e-05,2850,25531,5510,0,0.24667315806556314,0.10041929459849899,1.0,0.8224928320608228,0.17750716793917723
5510,YPL031C YPR167C,0.0,NA,1.2880283065896947e-05,2850,25530,5511,0,0.2467026644241834,0.10042283298097252,1.0,0.8224606166038465,0.17753938339615347
5511,YML099C YJR063W,0.0,NA,1.289872125198599e-05,2850,25529,5512,0,0.24673217078280368,0.10042637161281229,1.0,0.8224284011468702,0.17757159885312973
5512,YPL045W YLR220W,0.0,NA,1.290332329517696e-05,2850,25528,5513,0,0.24676167714142397,0.10042991049404468,1.0,0.822396185689894,0.177603814310106
5513,YIL168W YDR471W,0.0,NA,1.2906104529974982e-05,2850,25527,5514,0,0.24679118350004425,0.10043344962469605,1.0,0.8223639702329177,0.17763602976708226
5514,YNL316C YMR116C,0.0,NA,1.2907925338367932e-05,2850,25526,5515,0,0.24682068985866454,0.10043698900479278,1.0,0.8223317547759414,0.1776682452240585
5515,YGL252C YDR059C,0.0,NA,1.292418619414093e-05,2850,25525,5516,0,0.24685019621728482,0.10044052863436123,1.0,0.8222995393189653,0.17770046068103476
5516,YGL156W YPL174C,0.0,NA,1.2950601558259223e-05,2850,25524,5517,0,0.2468797025759051,0.10044406851342778,1.0,0.822267323861989,0.17773267613801103
5517,YKR059W YDR279W,0.0,NA,1.2954701560374815e-05,2850,25523,5518,0,0.2469092089345254,0.10044760864201882,1.0,0.8222351084050127,0.17776489159498726
5518,YGL135W YOR011W,0.0,NA,1.2971985597687308e-05,2850,25522,5519,0,0.24693871529314568,0.10045114902016072,1.0,0.8222028929480365,0.17779710705196353
5519,YDL014W YHR106W,0.0,NA,1.2984720342501532e-05,2850,25521,5520,0,0.24696822165176596,0.10045468964787987,1.0,0.8221706774910602,0.1778293225089398
5520,YGR134W YKL182W,0.0,NA,1.3005168511881493e-05,2850,25520,5521,0,0.24699772801038625,0.10045823052520268,1.0,0.8221384620340839,0.17786153796591606
5521,YJL056C YPR069C,0.0,NA,1.3037529242865276e-05,2850,25519,5522,0,0.24702723436900653,0.10046177165215552,1.0,0.8221062465771077,0.1778937534228923
5522,YPL052W YPR060C,0.0,NA,1.3054686860414222e-05,2850,25518,5523,0,0.24705674072762682,0.10046531302876481,1.0,0.8220740311201314,0.17792596887986856
5523,YLR438W YDR122W,0.0,NA,1.308441369474167e-05,2850,25517,5524,0,0.24708624708624707,0.10046885465505694,1.0,0.8220418156631552,0.17795818433684482
5524,YDL022W YNL164C,0.0,NA,1.309150320594199e-05,2850,25516,5525,0,0.24711575344486736,0.10047239653105831,1.0,0.822009600206179,0.17799039979382109
5525,YNL183C YHL020C,0.0,NA,1.3121750271238852e-05,2850,25515,5526,0,0.24714525980348764,0.10047593865679534,1.0,0.8219773847492027,0.17802261525079732
5526,YGR289C YGR087C,0.0,NA,1.3128986211086158e-05,2850,25514,5527,0,0.24717476616210793,0.10047948103229445,1.0,0.8219451692922264,0.1780548307077736
5527,YPL148C YGL127C,0.0,NA,1.316933958150912e-05,2850,25513,5528,0,0.2472042725207282,0.10048302365758206,1.0,0.8219129538352502,0.17808704616474985
5528,YDL003W YEL012W,0.0,NA,1.3193047379900236e-05,2850,25512,5529,0,0.2472337788793485,0.10048656653268458,1.0,0.8218807383782739,0.17811926162172612
5529,YJR136C YGR230W,0.0,NA,1.3216822480899282e-05,2850,25511,5530,0,0.24726328523796878,0.10049010965762843,1.0,0.8218485229212976,0.17815147707870235
5530,YLL015W YMR232W,0.0,NA,1.3221486369729973e-05,2850,25510,5531,0,0.24729279159658907,0.10049365303244005,1.0,0.8218163074643213,0.17818369253567862
5531,YAL012W YPL081W,0.0,NA,1.3222507732280064e-05,2850,25509,5532,0,0.24732229795520935,0.10049719665714588,1.0,0.8217840920073451,0.17821590799265488
5532,YJL214W YIL014W,0.0,NA,1.3226960618339945e-05,2850,25508,5533,0,0.24735180431382964,0.10050074053177234,1.0,0.8217518765503689,0.17824812344963115
5533,YKR004C YIL003W,0.0,NA,1.3228221177996602e-05,2850,25507,5534,0,0.24738131067244992,0.10050428465634588,1.0,0.8217196610933926,0.17828033890660738
5534,YNR059W YLR020C,0.0,NA,1.3230163858679589e-05,2850,25506,5535,0,0.2474108170310702,0.10050782903089293,1.0,0.8216874456364164,0.17831255436358365
5535,YLR095C YEL041W,0.0,NA,1.3232587662059814e-05,2850,25505,5536,0,0.2474403233896905,0.10051137365543995,1.0,0.8216552301794401,0.1783447698205599
5536,YGL019W YMR180C,0.0,NA,1.3245643458503764e-05,2850,25504,5537,0,0.24746982974831075,0.1005149185300134,1.0,0.8216230147224638,0.17837698527753615
5537,YJL044C YGR268C,0.0,NA,1.3249154108052608e-05,2850,25503,5538,0,0.24749933610693103,0.10051846365463972,1.0,0.8215907992654876,0.1784092007345124
5538,YLR276C YPL117C,0.0,NA,1.3267957001517061e-05,2850,25502,5539,0,0.24752884246555132,0.10052200902934537,1.0,0.8215585838085113,0.17844141619148868
5539,YOR132W YBR207W,0.0,NA,1.332585725322133e-05,2850,25501,5540,0,0.2475583488241716,0.10052555465415682,1.0,0.821526368351535,0.17847363164846494
5540,YLR273C YMR108W,0.0,NA,1.3330826732271817e-05,2850,25500,5541,0,0.2475878551827919,0.10052910052910052,1.0,0.8214941528945588,0.17850584710544118
5541,YER051W YBL039C,0.0,NA,1.333633281319635e-05,2850,25499,5542,0,0.24761736154141217,0.10053264665420297,1.0,0.8214619374375826,0.17853806256241744
5542,YBR089C-A YCR061W,0.0,NA,1.3345404113351833e-05,2850,25498,5543,0,0.24764686790003246,0.10053619302949061,1.0,0.8214297219806063,0.1785702780193937
5543,YGR024C YGL213C,0.0,NA,1.3360429875319824e-05,2850,25497,5544,0,0.24767637425865274,0.10053973965498994,1.0,0.8213975065236301,0.17860249347636997
5544,YMR123W YBR143C,0.0,NA,1.3363590369408485e-05,2850,25496,5545,0,0.24770588061727303,0.10054328653072744,1.0,0.8213652910666538,0.1786347089333462
5545,YOR132W YPR190C,0.0,NA,1.3368612599151675e-05,2850,25495,5546,0,0.2477353869758933,0.10054683365672958,1.0,0.8213330756096775,0.17866692439032247
5546,YPR110C YNL240C,0.0,NA,1.3373763977142517e-05,2850,25494,5547,0,0.2477648933345136,0.10055038103302286,1.0,0.8213008601527013,0.17869913984729874
5547,YCL033C YNL278W,0.0,NA,1.3391324500844348e-05,2850,25493,5548,0,0.24779439969313388,0.10055392865963378,1.0,0.821268644695725,0.178731355304275
5548,YGR032W YDR502C,0.0,NA,1.3394684174272697e-05,2850,25492,5549,0,0.24782390605175414,0.10055747653658881,1.0,0.8212364292387487,0.17876357076125124
5549,YPL156C YLR435W,0.0,NA,1.3404638593783602e-05,2850,25491,5550,0,0.24785341241037442,0.10056102466391446,1.0,0.8212042137817724,0.1787957862182275
5550,YKL054C YMR232W,0.0,NA,1.340663311566459e-05,2850,25490,5551,0,0.2478829187689947,0.10056457304163727,1.0,0.8211719983247963,0.17882800167520377
5551,YKL082C YER157W,0.0,NA,1.3414331988315098e-05,2850,25489,5552,0,0.247912425127615,0.1005681216697837,1.0,0.82113978286782,0.17886021713218003
5552,YMR093W YDL002C,0.0,NA,1.3438660062092822e-05,2850,25488,5553,0,0.24794193148623528,0.10057167054838027,1.0,0.8211075674108437,0.17889243258915627
5553,YMR182C YHL009C,0.0,NA,1.3457281966111623e-05,2850,25487,5554,0,0.24797143784485556,0.1005752196774535,1.0,0.8210753519538675,0.17892464804613253
5554,YJL214W YNL032W,0.0,NA,1.3459874026011676e-05,2850,25486,5555,0,0.24800094420347585,0.10057876905702992,1.0,0.8210431364968912,0.1789568635031088
5555,YLR360W YNL141W,0.0,NA,1.347001852991525e-05,2850,25485,5556,0,0.24803045056209613,0.10058231868713605,1.0,0.8210109210399149,0.17898907896008504
5556,YLR214W YPR159W,0.0,NA,1.3482961549016181e-05,2850,25484,5557,0,0.24805995692071642,0.1005858685677984,1.0,0.8209787055829387,0.1790212944170613
5557,YPL144W YPL164C,0.0,NA,1.3513043995772023e-05,2850,25483,5558,0,0.2480894632793367,0.10058941869904352,1.0,0.8209464901259624,0.17905350987403756
5558,YNL012W YPR095C,0.0,NA,1.3528981980925892e-05,2850,25482,5559,0,0.248118969637957,0.10059296908089793,1.0,0.8209142746689861,0.17908572533101383
5559,YLL041C YBR020W,0.0,NA,1.3556568774220068e-05,2850,25481,5560,0,0.24814847599657727,0.10059651971338816,1.0,0.82088205921201,0.17911794078799007
5560,YDL149W YCL009C,0.0,NA,1.3569840120908339e-05,2850,25480,5561,0,0.24817798235519756,0.10060007059654077,1.0,0.8208498437550337,0.17915015624496633
5561,YMR183C YOR351C,0.0,NA,1.3588176443590783e-05,2850,25479,5562,0,0.24820748871381781,0.1006036217303823,1.0,0.8208176282980574,0.1791823717019426
5562,YGL035C YJR132W,0.0,NA,1.3591287824965548e-05,2850,25478,5563,0,0.2482369950724381,0.10060717311493929,1.0,0.8207854128410812,0.17921458715891886
5563,YDL039C YJR010W,0.0,NA,1.3595850759884343e-05,2850,25477,5564,0,0.24826650143105838,0.10061072475023829,1.0,0.8207531973841049,0.1792468026158951
5564,YHR181W YGR096W,0.0,NA,1.3618286175187677e-05,2850,25476,5565,0,0.24829600778967867,0.10061427663630587,1.0,0.8207209819271286,0.17927901807287136
5565,YGR258C YDL005C,0.0,NA,1.3623599443235435e-05,2850,25475,5566,0,0.24832551414829895,0.10061782877316858,1.0,0.8206887664701524,0.17931123352984762
5566,YBR131W YIR006C,0.0,NA,1.3623820450447965e-05,2850,25474,5567,0,0.24835502050691924,0.100621381160853,1.0,0.8206565510131761,0.1793434489868239
5567,YHR150W YJL134W,0.0,NA,1.365825482935179e-05,2850,25473,5568,0,0.24838452686553952,0.10062493379938565,1.0,0.8206243355561998,0.17937566444380013
5568,YBR247C YCR014C,0.0,NA,1.3666228369402234e-05,2850,25472,5569,0,0.2484140332241598,0.10062848668879316,1.0,0.8205921200992236,0.1794078799007764
5569,YHR188C YDR314C,0.0,NA,1.3683064935321454e-05,2850,25471,5570,0,0.2484435395827801,0.10063203982910209,1.0,0.8205599046422474,0.17944009535775265
5570,YKL164C YHR211W,0.0,NA,1.3684004443348385e-05,2850,25470,5571,0,0.24847304594140038,0.10063559322033898,1.0,0.8205276891852711,0.17947231081472892
5571,YGR212W YGL147C,0.0,NA,1.3710548046219628e-05,2850,25469,5572,0,0.24850255230002066,0.10063914686253046,1.0,0.8204954737282948,0.17950452627170516
5572,YGR023W YNL261W,0.0,NA,1.3730789760302287e-05,2850,25468,5573,0,0.24853205865864095,0.10064270075570309,1.0,0.8204632582713186,0.17953674172868142
5573,YGL070C YDL019C,0.0,NA,1.379551031277515e-05,2850,25467,5574,0,0.24856156501726123,0.10064625489988346,1.0,0.8204310428143423,0.17956895718565768
5574,YAL026C YNL255C,0.0,NA,1.3857100384484511e-05,2850,25466,5575,0,0.2485910713758815,0.10064980929509817,1.0,0.820398827357366,0.17960117264263395
5575,YPR005C YDR310C,0.0,NA,1.3863418644177727e-05,2850,25465,5576,0,0.24862057773450177,0.10065336394137384,1.0,0.8203666119003898,0.1796333880996102
5576,YLR276C YKL062W,0.0,NA,1.3866156223230064e-05,2850,25464,5577,0,0.24865008409312206,0.10065691883873702,1.0,0.8203343964434135,0.17966560355658645
5577,YNL186W YPL208W,0.0,NA,1.3867822417523712e-05,2850,25463,5578,0,0.24867959045174234,0.10066047398721435,1.0,0.8203021809864373,0.17969781901356272
5578,YKR104W YLR044C,0.0,NA,1.3870692782802507e-05,2850,25462,5579,0,0.24870909681036263,0.10066402938683244,1.0,0.8202699655294611,0.17973003447053895
5579,YLR153C YPL209C,0.0,NA,1.3871685041522142e-05,2850,25461,5580,0,0.2487386031689829,0.10066758503761788,1.0,0.8202377500724848,0.17976224992751522
5580,YCR039C YDR331W,0.0,NA,1.3873893294658046e-05,2850,25460,5581,0,0.2487681095276032,0.10067114093959731,1.0,0.8202055346155085,0.17979446538449148
5581,YOR208W YKR061W,0.0,NA,1.388270811730763e-05,2850,25459,5582,0,0.24879761588622348,0.10067469709279735,1.0,0.8201733191585323,0.17982668084146775
5582,YBR136W YOR032C,0.0,NA,1.3924622180638835e-05,2850,25458,5583,0,0.24882712224484377,0.1006782534972446,1.0,0.820141103701556,0.17985889629844398
5583,YJL012C YMR139W,0.0,NA,1.3977746675664093e-05,2850,25457,5584,0,0.24885662860346405,0.10068181015296569,1.0,0.8201088882445797,0.17989111175542025
5584,YDR300C YBR188C,0.0,NA,1.3990176739753224e-05,2850,25456,5585,0,0.24888613496208434,0.10068536705998728,1.0,0.8200766727876035,0.1799233272123965
5585,YGL017W YGR206W,0.0,NA,1.3990202205604874e-05,2850,25455,5586,0,0.24891564132070462,0.10068892421833599,1.0,0.8200444573306273,0.17995554266937278
5586,YML069W YGL137W,0.0,NA,1.4008747712068725e-05,2850,25454,5587,0,0.2489451476793249,0.10069248162803844,1.0,0.820012241873651,0.179987758126349
5587,YLR051C YLR131C,0.0,NA,1.4014291991770733e-05,2850,25453,5588,0,0.24897465403794516,0.1006960392891213,1.0,0.8199800264166747,0.18001997358332528
5588,YOR340C YDL161W,0.0,NA,1.4023223229742143e-05,2850,25452,5589,0,0.24900416039656545,0.10069959720161119,1.0,0.8199478109596985,0.18005218904030154
5589,YBR155W YJL035C,0.0,NA,1.402401176164858e-05,2850,25451,5590,0,0.24903366675518573,0.10070315536553479,1.0,0.8199155955027222,0.1800844044972778
5590,YJL088W YNL154C,0.0,NA,1.4027970792085398e-05,2850,25450,5591,0,0.24906317311380602,0.10070671378091872,1.0,0.8198833800457459,0.18011661995425404
5591,YBL032W YEL036C,0.0,NA,1.4028051737113856e-05,2850,25449,5592,0,0.2490926794724263,0.10071027244778967,1.0,0.8198511645887697,0.1801488354112303
5592,YDL088C YML015C,0.0,NA,1.402953603246715e-05,2850,25448,5593,0,0.2491221858310466,0.10071383136617429,1.0,0.8198189491317934,0.18018105086820657
5593,YDR368W YDL216C,0.0,NA,1.4041891517990734e-05,2850,25447,5594,0,0.24915169218966687,0.10071739053609924,1.0,0.8197867336748171,0.18021326632518284
5594,YGL004C YHR124W,0.0,NA,1.4083143469179049e-05,2850,25446,5595,0,0.24918119854828716,0.10072094995759118,1.0,0.819754518217841,0.18024548178215907
5595,YDL060W YOR290C,0.0,NA,1.4094334801484365e-05,2850,25445,5596,0,0.24921070490690744,0.10072450963067679,1.0,0.8197223027608647,0.18027769723913534
5596,YKL048C YGR281W,0.0,NA,1.4098650353844278e-05,2850,25444,5597,0,0.24924021126552773,0.10072806955538277,1.0,0.8196900873038884,0.1803099126961116
5597,YDL140C YNL159C,0.0,NA,1.4108994037087541e-05,2850,25443,5598,0,0.249269717624148,0.10073162973173576,1.0,0.8196578718469122,0.18034212815308784
5598,YBL035C YBL087C,0.0,NA,1.4118766557658091e-05,2850,25442,5599,0,0.2492992239827683,0.10073519015976248,1.0,0.8196256563899359,0.1803743436100641
5599,YBR280C YDR201W,0.0,NA,1.4148122318147216e-05,2850,25441,5600,0,0.24932873034138858,0.10073875083948959,1.0,0.8195934409329596,0.18040655906704037
5600,YPL092W YGR089W,0.0,NA,1.4150604329188354e-05,2850,25440,5601,0,0.24935823670000884,0.1007423117709438,1.0,0.8195612254759834,0.18043877452401663
5601,YGL038C YBR267W,0.0,NA,1.4151401046547107e-05,2850,25439,5602,0,0.24938774305862912,0.10074587295415179,1.0,0.8195290100190071,0.18047098998099287
5602,YMR311C YER056C,0.0,NA,1.4167483641358558e-05,2850,25438,5603,0,0.2494172494172494,0.10074943438914027,1.0,0.8194967945620308,0.18050320543796913
5603,YLR377C YLR381W,0.0,NA,1.4167794688546564e-05,2850,25437,5604,0,0.2494467557758697,0.10075299607593594,1.0,0.8194645791050547,0.1805354208949454
5604,YGR038W YAL031C,0.0,NA,1.4189293324307073e-05,2850,25436,5605,0,0.24947626213448998,0.10075655801456551,1.0,0.8194323636480784,0.18056763635192166
5605,YPR021C YHL048W,0.0,NA,1.421564957126975e-05,2850,25435,5606,0,0.24950576849311026,0.10076012020505569,1.0,0.8194001481911021,0.1805998518088979
5606,YNL209W YEL066W,0.0,NA,1.4250385902414564e-05,2850,25434,5607,0,0.24953527485173055,0.10076368264743318,1.0,0.8193679327341258,0.18063206726587416
5607,YPL024W YDR301W,0.0,NA,1.426400922355242e-05,2850,25433,5608,0,0.24956478121035083,0.10076724534172471,1.0,0.8193357172771496,0.18066428272285043
5608,YBR083W YLR238W,0.0,NA,1.4267138794821221e-05,2850,25432,5609,0,0.24959428756897112,0.10077080828795701,1.0,0.8193035018201733,0.1806964981798267
5609,YDR464W YLR068W,0.0,NA,1.4279089555202518e-05,2850,25431,5610,0,0.2496237939275914,0.10077437148615678,1.0,0.819271286363197,0.18072871363680293
5610,YCR020C-A YML019W,0.0,NA,1.4313282008515671e-05,2850,25430,5611,0,0.2496533002862117,0.10077793493635077,1.0,0.8192390709062208,0.1807609290937792
5611,YLR333C YOR113W,0.0,NA,1.4329440091387369e-05,2850,25429,5612,0,0.24968280664483197,0.10078149863856573,1.0,0.8192068554492445,0.18079314455075546
5612,YHR107C YNL221C,0.0,NA,1.4330326848721597e-05,2850,25428,5613,0,0.24971231300345226,0.10078506259282835,1.0,0.8191746399922682,0.18082536000773172
5613,YPL121C YOR272W,0.0,NA,1.434146997780772e-05,2850,25427,5614,0,0.24974181936207251,0.10078862679916539,1.0,0.8191424245352921,0.18085757546470796
5614,YJR159W YPL210C,0.0,NA,1.4348542208608706e-05,2850,25426,5615,0,0.2497713257206928,0.10079219125760362,1.0,0.8191102090783158,0.18088979092168422
5615,YIL128W YGL120C,0.0,NA,1.4355850908032153e-05,2850,25425,5616,0,0.24980083207931308,0.10079575596816977,1.0,0.8190779936213395,0.1809220063786605
5616,YDL045C YGL167C,0.0,NA,1.4391669537872076e-05,2850,25424,5617,0,0.24983033843793337,0.10079932093089057,1.0,0.8190457781643633,0.18095422183563672
5617,YOR002W YNL175C,0.0,NA,1.4404068679141346e-05,2850,25423,5618,0,0.24985984479655365,0.1008028861457928,1.0,0.819013562707387,0.180986437292613
5618,YOR046C YGR038W,0.0,NA,1.440468622604385e-05,2850,25422,5619,0,0.24988935115517394,0.10080645161290322,1.0,0.8189813472504107,0.18101865274958925
5619,YDL136W YER168C,0.0,NA,1.4410883522941731e-05,2850,25421,5620,0,0.24991885751379422,0.10081001733224859,1.0,0.8189491317934345,0.18105086820656552
5620,YLR098C YKR101W,0.0,NA,1.4424096661969088e-05,2850,25420,5621,0,0.2499483638724145,0.10081358330385568,1.0,0.8189169163364582,0.18108308366354176
5621,YCR042C YKL109W,0.0,NA,1.4425968402065337e-05,2850,25419,5622,0,0.2499778702310348,0.10081714952775124,1.0,0.818884700879482,0.18111529912051802
5622,YGR157W YOR138C,0.0,NA,1.4442746760323644e-05,2850,25418,5623,0,0.25000737658965505,0.10082071600396207,1.0,0.8188524854225058,0.18114751457749428
5623,YDR005C YDR288W,0.0,NA,1.4451069546339568e-05,2850,25417,5624,0,0.25003688294827536,0.10082428273251495,1.0,0.8188202699655295,0.18117973003447055
5624,YER109C YNL001W,0.0,NA,1.4470927453658078e-05,2850,25416,5625,0,0.2500663893068956,0.10082784971343664,1.0,0.8187880545085532,0.18121194549144679
5625,YHR161C YOR038C,0.0,NA,1.4490274224954192e-05,2850,25415,5626,0,0.25009589566551593,0.10083141694675393,1.0,0.8187558390515769,0.18124416094842305
5626,YBR254C YJR094W-A,0.0,NA,1.4497366464638617e-05,2850,25414,5627,0,0.2501254020241362,0.10083498443249363,1.0,0.8187236235946007,0.18127637640539931
5627,YOR328W YER096W,0.0,NA,1.4513689166051336e-05,2850,25413,5628,0,0.2501549083827565,0.10083855217068252,1.0,0.8186914081376244,0.18130859186237558
5628,YML052W YGL021W,0.0,NA,1.4524364814860746e-05,2850,25412,5629,0,0.25018441474137676,0.10084212016134739,1.0,0.8186591926806481,0.18134080731935182
5629,YNL251C YPL120W,0.0,NA,1.4526402082992718e-05,2850,25411,5630,0,0.25021392109999707,0.10084568840451505,1.0,0.818626977223672,0.18137302277632808
5630,YNR059W YDR362C,0.0,NA,1.4534341062244494e-05,2850,25410,5631,0,0.25024342745861733,0.10084925690021232,1.0,0.8185947617666957,0.18140523823330434
5631,YGR075C YFR033C,0.0,NA,1.4540926713380031e-05,2850,25409,5632,0,0.25027293381723764,0.10085282564846597,1.0,0.8185625463097194,0.1814374536902806
5632,YDR089W YJL190C,0.0,NA,1.4560534509655554e-05,2850,25408,5633,0,0.2503024401758579,0.10085639464930285,1.0,0.8185303308527432,0.18146966914725685
5633,YLL036C YMR036C,0.0,NA,1.4563992408511695e-05,2850,25407,5634,0,0.25033194653447816,0.10085996390274976,1.0,0.8184981153957669,0.1815018846042331
5634,YDL074C YNL239W,0.0,NA,1.4569533959729597e-05,2850,25406,5635,0,0.25036145289309847,0.10086353340883353,1.0,0.8184658999387906,0.18153410006120937
5635,YJL106W YHR163W,0.0,NA,1.457149483030662e-05,2850,25405,5636,0,0.2503909592517187,0.10086710316758096,1.0,0.8184336844818144,0.18156631551818564
5636,YOR107W YPR181C,0.0,NA,1.463755324948579e-05,2850,25404,5637,0,0.25042046561033904,0.1008706731790189,1.0,0.8184014690248381,0.18159853097516188
5637,YBR009C YML043C,0.0,NA,1.467852507630596e-05,2850,25403,5638,0,0.2504499719689593,0.10087424344317418,1.0,0.8183692535678618,0.18163074643213814
5638,YNR059W YPR180W,0.0,NA,1.4694911442347802e-05,2850,25402,5639,0,0.2504794783275796,0.10087781396007363,1.0,0.8183370381108857,0.1816629618891144
5639,YBL021C YOL032W,0.0,NA,1.471165433031274e-05,2850,25401,5640,0,0.25050898468619986,0.10088138472974408,1.0,0.8183048226539094,0.18169517734609064
5640,YGL006W YDL080C,0.0,NA,1.4718404599989299e-05,2850,25400,5641,0,0.2505384910448202,0.10088495575221239,1.0,0.8182726071969331,0.1817273928030669
5641,YPL149W YKL186C,0.0,NA,1.4719162209075876e-05,2850,25399,5642,0,0.25056799740344043,0.10088852702750539,1.0,0.8182403917399569,0.18175960826004317
5642,YDR459C YGR197C,0.0,NA,1.475252429372631e-05,2850,25398,5643,0,0.25059750376206075,0.10089209855564996,1.0,0.8182081762829806,0.18179182371701944
5643,YLR025W YML132W,0.0,NA,1.476493889640551e-05,2850,25397,5644,0,0.250627010120681,0.10089567033667292,1.0,0.8181759608260043,0.18182403917399567
5644,YGL021W YJL198W,0.0,NA,1.482990865042666e-05,2850,25396,5645,0,0.2506565164793013,0.10089924237060115,1.0,0.818143745369028,0.18185625463097194
5645,YJL153C YHR023W,0.0,NA,1.4895987987983972e-05,2850,25395,5646,0,0.2506860228379216,0.1009028146574615,1.0,0.8181115299120518,0.1818884700879482
5646,YHR196W YJR036C,0.0,NA,1.4911140169715509e-05,2850,25394,5647,0,0.25071552919654183,0.10090638719728084,1.0,0.8180793144550755,0.18192068554492447
5647,YOL072W YKR054C,0.0,NA,1.4912262486177497e-05,2850,25393,5648,0,0.25074503555516214,0.10090995999008603,1.0,0.8180470989980992,0.1819529010019007
5648,YGR118W YGR229C,0.0,NA,1.4912917322362773e-05,2850,25392,5649,0,0.2507745419137824,0.10091353303590397,1.0,0.8180148835411231,0.18198511645887697
5649,YGL167C YLR275W,0.0,NA,1.4923587514203973e-05,2850,25391,5650,0,0.2508040482724027,0.10091710633476152,1.0,0.8179826680841468,0.18201733191585323
5650,YAL017W YAL019W,0.0,NA,1.493410763941938e-05,2850,25390,5651,0,0.25083355463102297,0.10092067988668556,1.0,0.8179504526271705,0.1820495473728295
5651,YOR032C YNL016W,0.0,NA,1.4964531146688387e-05,2850,25389,5652,0,0.2508630609896433,0.10092425369170296,1.0,0.8179182371701943,0.18208176282980573
5652,YLR005W YOR090C,0.0,NA,1.4980038940848317e-05,2850,25388,5653,0,0.25089256734826354,0.10092782774984065,1.0,0.817886021713218,0.182113978286782
5653,YBL105C YJL095W,0.0,NA,1.4984180779720191e-05,2850,25387,5654,0,0.25092207370688385,0.10093140206112547,1.0,0.8178538062562417,0.18214619374375826
5654,YPL241C YLL031C,0.0,NA,1.5007420188339893e-05,2850,25386,5655,0,0.2509515800655041,0.10093497662558436,1.0,0.8178215907992655,0.18217840920073453
5655,YGR199W YBR265W,0.0,NA,1.500833695899928e-05,2850,25385,5656,0,0.2509810864241244,0.1009385514432442,1.0,0.8177893753422892,0.18221062465771076
5656,YKR034W YDR343C,0.0,NA,1.502649683970958e-05,2850,25384,5657,0,0.2510105927827447,0.1009421265141319,1.0,0.817757159885313,0.18224284011468703
5657,YKR103W YGL016W,0.0,NA,1.5047950000735e-05,2850,25383,5658,0,0.251040099141365,0.10094570183827437,1.0,0.8177249444283368,0.1822750555716633
5658,YMR294W YJL100W,0.0,NA,1.5054924915602896e-05,2850,25382,5659,0,0.25106960549998525,0.1009492774156985,1.0,0.8176927289713605,0.18230727102863953
5659,YHR090C YFR041C,0.0,NA,1.5054997675179038e-05,2850,25381,5660,0,0.2510991118586055,0.10095285324643123,1.0,0.8176605135143842,0.1823394864856158
5660,YEL011W YER112W,0.0,NA,1.5080676348588895e-05,2850,25380,5661,0,0.2511286182172258,0.10095642933049948,1.0,0.817628298057408,0.18237170194259206
5661,YNL225C YDR075W,0.0,NA,1.508268996985862e-05,2850,25379,5662,0,0.2511581245758461,0.10096000566793015,1.0,0.8175960826004317,0.18240391739956832
5662,YPR093C YML055W,0.0,NA,1.5093941328814253e-05,2850,25378,5663,0,0.2511876309344664,0.10096358225875017,1.0,0.8175638671434554,0.18243613285654456
5663,YKL104C YIL094C,0.0,NA,1.5104367776075378e-05,2850,25377,5664,0,0.25121713729308665,0.10096715910298651,1.0,0.8175316516864791,0.18246834831352082
5664,YHR184W YHR015W,0.0,NA,1.5109653759282082e-05,2850,25376,5665,0,0.25124664365170696,0.10097073620066606,1.0,0.8174994362295029,0.1825005637704971
5665,YDR023W YHR040W,0.0,NA,1.5116644135559909e-05,2850,25375,5666,0,0.2512761500103272,0.10097431355181577,1.0,0.8174672207725266,0.18253277922747335
5666,YNL216W YBL035C,0.0,NA,1.5148190868785605e-05,2850,25374,5667,0,0.2513056563689475,0.10097789115646258,1.0,0.8174350053155504,0.1825649946844496
5667,YGL127C YKR037C,0.0,NA,1.5157800589804538e-05,2850,25373,5668,0,0.2513351627275678,0.10098146901463345,1.0,0.8174027898585742,0.18259721014142585
5668,YBL011W YGR154C,0.0,NA,1.5166998309723567e-05,2850,25372,5669,0,0.2513646690861881,0.10098504712635532,1.0,0.8173705744015979,0.18262942559840212
5669,YGR296W YMR236W,0.0,NA,1.5215777239063755e-05,2850,25371,5670,0,0.25139417544480835,0.10098862549165515,1.0,0.8173383589446216,0.18266164105537838
5670,YIR031C YDL175C,0.0,NA,1.5261481166817248e-05,2850,25370,5671,0,0.2514236818034286,0.10099220411055988,1.0,0.8173061434876454,0.18269385651235462
5671,YHR010W YMR311C,0.0,NA,1.526982305222191e-05,2850,25369,5672,0,0.2514531881620489,0.1009957829830965,1.0,0.8172739280306691,0.18272607196933088
5672,YIL005W YBR215W,0.0,NA,1.5310022718040273e-05,2850,25368,5673,0,0.2514826945206692,0.10099936210929195,1.0,0.8172417125736928,0.18275828742630715
5673,YIL042C YMR001C,0.0,NA,1.531701855128631e-05,2850,25367,5674,0,0.2515122008792895,0.10100294148917319,1.0,0.8172094971167166,0.1827905028832834
5674,YML116W YGL002W,0.0,NA,1.5332949260482565e-05,2850,25366,5675,0,0.25154170723790975,0.10100652112276723,1.0,0.8171772816597404,0.18282271834025965
5675,YBR004C YKR076W,0.0,NA,1.5333856936194934e-05,2850,25365,5676,0,0.25157121359653006,0.10101010101010101,1.0,0.8171450662027641,0.1828549337972359
5676,YDR331W YGL209W,0.0,NA,1.5369900211226195e-05,2850,25364,5677,0,0.2516007199551503,0.10101368115120153,1.0,0.8171128507457879,0.18288714925421218
5677,YCR047C YJL166W,0.0,NA,1.5384755897684954e-05,2850,25363,5678,0,0.25163022631377063,0.10101726154609578,1.0,0.8170806352888116,0.18291936471118841
5678,YOR236W YPL082C,0.0,NA,1.5387382518383674e-05,2850,25362,5679,0,0.2516597326723909,0.10102084219481072,1.0,0.8170484198318353,0.18295158016816468
5679,YDR312W YOR357C,0.0,NA,1.541084930067882e-05,2850,25361,5680,0,0.2516892390310112,0.10102442309737336,1.0,0.8170162043748591,0.18298379562514094
5680,YOR322C YGL186C,0.0,NA,1.5422347132698633e-05,2850,25360,5681,0,0.25171874538963146,0.1010280042538107,1.0,0.8169839889178828,0.1830160110821172
5681,YPL243W YNL316C,0.0,NA,1.5430012354045175e-05,2850,25359,5682,0,0.2517482517482518,0.10103158566414974,1.0,0.8169517734609065,0.18304822653909344
5682,YNR007C YDL125C,0.0,NA,1.544508631923236e-05,2850,25358,5683,0,0.25177775810687203,0.10103516732841747,1.0,0.8169195580039302,0.1830804419960697
5683,YGR281W YGR161C,0.0,NA,1.5457288100151345e-05,2850,25357,5684,0,0.2518072644654923,0.1010387492466409,1.0,0.816887342546954,0.18311265745304597
5684,YPL147W YEL027W,0.0,NA,1.5460531358257867e-05,2850,25356,5685,0,0.2518367708241126,0.10104233141884705,1.0,0.8168551270899778,0.18314487291002224
5685,YPR190C YPR074C,0.0,NA,1.546684325148817e-05,2850,25355,5686,0,0.25186627718273286,0.10104591384506294,1.0,0.8168229116330015,0.18317708836699848
5686,YML016C YPR111W,0.0,NA,1.5472611266886815e-05,2850,25354,5687,0,0.25189578354135317,0.10104949652531556,1.0,0.8167906961760253,0.18320930382397474
5687,YER049W YCL035C,0.0,NA,1.5483239621971734e-05,2850,25353,5688,0,0.2519252898999734,0.10105307945963195,1.0,0.816758480719049,0.183241519280951
5688,YBR240C YDR207C,0.0,NA,1.5488969438592903e-05,2850,25352,5689,0,0.25195479625859374,0.10105666264803914,1.0,0.8167262652620727,0.18327373473792727
5689,YDR052C YBR143C,0.0,NA,1.5517740393988788e-05,2850,25351,5690,0,0.251984302617214,0.10106024609056416,1.0,0.8166940498050965,0.1833059501949035
5690,YIL132C YHR036W,0.0,NA,1.551873174321372e-05,2850,25350,5691,0,0.2520138089758343,0.10106382978723404,1.0,0.8166618343481202,0.18333816565187977
5691,YCL064C YPL163C,0.0,NA,1.551941386424005e-05,2850,25349,5692,0,0.25204331533445457,0.10106741373807582,1.0,0.8166296188911439,0.18337038110885603
5692,YGR229C YNL255C,0.0,NA,1.552730282128323e-05,2850,25348,5693,0,0.2520728216930749,0.10107099794311654,1.0,0.8165974034341678,0.1834025965658323
5693,YDR101C YPL049C,0.0,NA,1.5529465599684045e-05,2850,25347,5694,0,0.25210232805169513,0.10107458240238323,1.0,0.8165651879771915,0.18343481202280854
5694,YML027W YAL053W,0.0,NA,1.55481666297419e-05,2850,25346,5695,0,0.25213183441031545,0.10107816711590296,1.0,0.8165329725202152,0.1834670274797848
5695,YLR051C YGR229C,0.0,NA,1.5564010027446784e-05,2850,25345,5696,0,0.2521613407689357,0.10108175208370278,1.0,0.816500757063239,0.18349924293676106
5696,YJL092W YMR081C,0.0,NA,1.5572191841783933e-05,2850,25344,5697,0,0.25219084712755596,0.10108533730580975,1.0,0.8164685416062627,0.18353145839373733
5697,YBR143C YJL210W,0.0,NA,1.5601191989844665e-05,2850,25343,5698,0,0.2522203534861763,0.10108892278225091,1.0,0.8164363261492864,0.18356367385071357
5698,YJL122W YMR097C,0.0,NA,1.5608780813636258e-05,2850,25342,5699,0,0.25224985984479653,0.10109250851305335,1.0,0.8164041106923102,0.18359588930768983
5699,YDR373W YOR229W,0.0,NA,1.5630410416633822e-05,2850,25341,5700,0,0.25227936620341684,0.10109609449824412,1.0,0.8163718952353339,0.1836281047646661
5700,YGL133W YPL176C,0.0,NA,1.563473415444605e-05,2850,25340,5701,0,0.2523088725620371,0.1010996807378503,1.0,0.8163396797783576,0.18366032022164233
5701,YPL005W YLR240W,0.0,NA,1.563506157253869e-05,2850,25339,5702,0,0.2523383789206574,0.10110326723189897,1.0,0.8163074643213813,0.1836925356786186
5702,YLR409C YIL144W,0.0,NA,1.5639147022739053e-05,2850,25338,5703,0,0.25236788527927767,0.1011068539804172,1.0,0.8162752488644052,0.18372475113559486
5703,YGL124C YKL116C,0.0,NA,1.565624916111119e-05,2850,25337,5704,0,0.252397391637898,0.10111044098343208,1.0,0.8162430334074289,0.18375696659257112
5704,YDR450W YPR051W,0.0,NA,1.5656667528674006e-05,2850,25336,5705,0,0.25242689799651824,0.1011140282409707,1.0,0.8162108179504526,0.18378918204954736
5705,YJR127C YDL161W,0.0,NA,1.5657518815714866e-05,2850,25335,5706,0,0.25245640435513855,0.10111761575306014,1.0,0.8161786024934764,0.18382139750652363
5706,YDL061C YNL333W,0.0,NA,1.5663057638448663e-05,2850,25334,5707,0,0.2524859107137588,0.1011212035197275,1.0,0.8161463870365001,0.1838536129634999
5707,YNL012W YKL035W,0.0,NA,1.567393701407127e-05,2850,25333,5708,0,0.2525154170723791,0.10112479154099989,1.0,0.8161141715795238,0.18388582842047616
5708,YDR073W YGR002C,0.0,NA,1.5676119801355526e-05,2850,25332,5709,0,0.2525449234309994,0.10112837981690441,1.0,0.8160819561225476,0.1839180438774524
5709,YGR091W YOR312C,0.0,NA,1.5686468032072298e-05,2850,25331,5710,0,0.25257442978961964,0.10113196834746815,1.0,0.8160497406655713,0.18395025933442866
5710,YGR049W YPR005C,0.0,NA,1.5694504327257164e-05,2850,25330,5711,0,0.25260393614823995,0.10113555713271824,1.0,0.816017525208595,0.18398247479140492
5711,YGR056W YLR009W,0.0,NA,1.5695684851380065e-05,2850,25329,5712,0,0.2526334425068602,0.10113914617268178,1.0,0.8159853097516189,0.18401469024838119
5712,YOL091W YGR020C,0.0,NA,1.5695775800850242e-05,2850,25328,5713,0,0.2526629488654805,0.1011427354673859,1.0,0.8159530942946426,0.18404690570535742
5713,YDR144C YOR383C,0.0,NA,1.573717236169614e-05,2850,25327,5714,0,0.2526924552241008,0.10114632501685772,1.0,0.8159208788376663,0.1840791211623337
5714,YJR021C YLR401C,0.0,NA,1.5742336472612806e-05,2850,25326,5715,0,0.2527219615827211,0.10114991482112436,1.0,0.8158886633806901,0.18411133661930995
5715,YBR076W YGR199W,0.0,NA,1.5743627955089323e-05,2850,25325,5716,0,0.25275146794134135,0.10115350488021295,1.0,0.8158564479237138,0.18414355207628622
5716,YDR260C YNL277W,0.0,NA,1.5751405953778885e-05,2850,25324,5717,0,0.25278097429996166,0.10115709519415063,1.0,0.8158242324667375,0.18417576753326245
5717,YPL189W YKR003W,0.0,NA,1.5752637409605086e-05,2850,25323,5718,0,0.2528104806585819,0.10116068576296454,1.0,0.8157920170097613,0.18420798299023872
5718,YPL253C YBR077C,0.0,NA,1.5754591004224494e-05,2850,25322,5719,0,0.25283998701720223,0.10116427658668181,1.0,0.815759801552785,0.18424019844721498
5719,YBR061C YKR087C,0.0,NA,1.576434624439571e-05,2850,25321,5720,0,0.2528694933758225,0.10116786766532959,1.0,0.8157275860958088,0.18427241390419122
5720,YER022W YOL120C,0.0,NA,1.578459341544658e-05,2850,25320,5721,0,0.2528989997344428,0.10117145899893504,1.0,0.8156953706388325,0.18430462936116748
5721,YPL124W YDR021W,0.0,NA,1.5802170310053043e-05,2850,25319,5722,0,0.25292850609306305,0.1011750505875253,1.0,0.8156631551818563,0.18433684481814375
5722,YKL180W YBR081C,0.0,NA,1.5831779819563963e-05,2850,25318,5723,0,0.2529580124516833,0.10117864243112752,1.0,0.81563093972488,0.18436906027512
5723,YLL042C YOR361C,0.0,NA,1.585255449754186e-05,2850,25317,5724,0,0.2529875188103036,0.10118223452976888,1.0,0.8155987242679037,0.18440127573209625
5724,YPR007C YOL003C,0.0,NA,1.5866196918068454e-05,2850,25316,5725,0,0.2530170251689239,0.10118582688347653,1.0,0.8155665088109275,0.1844334911890725
5725,YCR084C YNL136W,0.0,NA,1.587109909451101e-05,2850,25315,5726,0,0.2530465315275442,0.10118941949227765,1.0,0.8155342933539512,0.18446570664604878
5726,YPL038W YGR214W,0.0,NA,1.587138649483677e-05,2850,25314,5727,0,0.25307603788616445,0.1011930123561994,1.0,0.8155020778969749,0.18449792210302504
5727,YNL132W YHR148W,0.0,NA,1.592400985828135e-05,2850,25313,5728,0,0.25310554424478476,0.10119660547526897,1.0,0.8154698624399987,0.18453013756000128
5728,YKL004W YJL198W,0.0,NA,1.5938550859573297e-05,2850,25312,5729,0,0.253135050603405,0.10120019884951353,1.0,0.8154376469830225,0.18456235301697754
5729,YDR023W YMR097C,0.0,NA,1.594428249518387e-05,2850,25311,5730,0,0.25316455696202533,0.10120379247896026,1.0,0.8154054315260462,0.1845945684739538
5730,YJL081C YGR094W,0.0,NA,1.6012028936529532e-05,2850,25310,5731,0,0.2531940633206456,0.10120738636363637,1.0,0.81537321606907,0.18462678393093007
5731,YHR063C YKL112W,0.0,NA,1.6015173969208263e-05,2850,25309,5732,0,0.2532235696792659,0.10121098050356901,1.0,0.8153410006120937,0.1846589993879063
5732,YJL146W YJR127C,0.0,NA,1.6058409528341144e-05,2850,25308,5733,0,0.25325307603788616,0.10121457489878542,1.0,0.8153087851551174,0.18469121484488257
5733,YHR004C YMR208W,0.0,NA,1.6087486073956825e-05,2850,25307,5734,0,0.2532825823965065,0.10121816954931279,1.0,0.8152765696981412,0.18472343030185884
5734,YPR070W YKR101W,0.0,NA,1.6092826626845635e-05,2850,25306,5735,0,0.25331208875512673,0.10122176445517829,1.0,0.8152443542411649,0.1847556457588351
5735,YGR247W YOL064C,0.0,NA,1.6097246771096252e-05,2850,25305,5736,0,0.253341595113747,0.10122535961640916,1.0,0.8152121387841886,0.18478786121581134
5736,YIL133C YOR368W,0.0,NA,1.610197614354547e-05,2850,25304,5737,0,0.2533711014723673,0.1012289550330326,1.0,0.8151799233272123,0.1848200766727876
5737,YLL062C YLR100W,0.0,NA,1.611057814443484e-05,2850,25303,5738,0,0.25340060783098756,0.10123255070507584,1.0,0.8151477078702362,0.18485229212976387
5738,YMR053C YOL040C,0.0,NA,1.6119462088681757e-05,2850,25302,5739,0,0.25343011418960787,0.10123614663256607,1.0,0.8151154924132599,0.1848845075867401
5739,YAL034W-A YER023W,0.0,NA,1.6135732948896475e-05,2850,25301,5740,0,0.2534596205482281,0.10123974281553053,1.0,0.8150832769562836,0.18491672304371637
5740,YNL149C YPR024W,0.0,NA,1.614681605133228e-05,2850,25300,5741,0,0.25348912690684844,0.10124333925399645,1.0,0.8150510614993074,0.18494893850069263
5741,YGR179C YHL007C,0.0,NA,1.6149018847499974e-05,2850,25299,5742,0,0.2535186332654687,0.10124693594799104,1.0,0.8150188460423311,0.1849811539576689
5742,YNL103W YLR022C,0.0,NA,1.615650580788497e-05,2850,25298,5743,0,0.253548139624089,0.10125053289754156,1.0,0.8149866305853548,0.18501336941464513
5743,YDL085W YLR451W,0.0,NA,1.62042306328658e-05,2850,25297,5744,0,0.25357764598270927,0.10125413010267524,1.0,0.8149544151283786,0.1850455848716214
5744,YMR300C YPL223C,0.0,NA,1.622629861230962e-05,2850,25296,5745,0,0.2536071523413296,0.10125772756341932,1.0,0.8149221996714023,0.18507780032859766
5745,YLR121C YGL078C,0.0,NA,1.6271966160275042e-05,2850,25295,5746,0,0.25363665869994984,0.10126132527980103,1.0,0.814889984214426,0.18511001578557393
5746,YGL018C YGL097W,0.0,NA,1.6286279787891544e-05,2850,25294,5747,0,0.25366616505857015,0.10126492325184765,1.0,0.8148577687574499,0.18514223124255016
5747,YOR167C YER014W,0.0,NA,1.6295181922032498e-05,2850,25293,5748,0,0.2536956714171904,0.1012685214795864,1.0,0.8148255533004736,0.18517444669952643
5748,YBR248C YLR028C,0.0,NA,1.6299283743137494e-05,2850,25292,5749,0,0.25372517777581066,0.10127211996304455,1.0,0.8147933378434973,0.1852066621565027
5749,YOR253W YDL232W,0.0,NA,1.6325699107255787e-05,2850,25291,5750,0,0.253754684134431,0.10127571870224938,1.0,0.8147611223865211,0.18523887761347896
5750,YBR142W YGR188C,0.0,NA,1.6329218851751648e-05,2850,25290,5751,0,0.25378419049305123,0.10127931769722814,1.0,0.8147289069295448,0.1852710930704552
5751,YOR295W YEL060C,0.0,NA,1.634899126656819e-05,2850,25289,5752,0,0.25381369685167154,0.1012829169480081,1.0,0.8146966914725685,0.18530330852743146
5752,YOR362C YLR381W,0.0,NA,1.6370569937862456e-05,2850,25288,5753,0,0.2538432032102918,0.10128651645461653,1.0,0.8146644760155923,0.18533552398440772
5753,YDR288W YOR096W,0.0,NA,1.637328568904195e-05,2850,25287,5754,0,0.2538727095689121,0.10129011621708071,1.0,0.814632260558616,0.185367739441384
5754,YJL204C YCR037C,0.0,NA,1.6404592315666378e-05,2850,25286,5755,0,0.25390221592753237,0.10129371623542792,1.0,0.8146000451016397,0.18539995489836023
5755,YLR214W YMR198W,0.0,NA,1.646870259719435e-05,2850,25285,5756,0,0.2539317222861527,0.10129731650968544,1.0,0.8145678296446635,0.1854321703553365
5756,YJR126C YDR224C,0.0,NA,1.647451426833868e-05,2850,25284,5757,0,0.25396122864477294,0.10130091703988058,1.0,0.8145356141876873,0.18546438581231275
5757,YDL127W YPR132W,0.0,NA,1.6506706742802635e-05,2850,25283,5758,0,0.25399073500339325,0.1013045178260406,1.0,0.814503398730711,0.18549660126928902
5758,YMR192W YLL039C,0.0,NA,1.652937316976022e-05,2850,25282,5759,0,0.2540202413620135,0.10130811886819281,1.0,0.8144711832737347,0.18552881672626526
5759,YMR224C YLR251W,0.0,NA,1.6541784134460613e-05,2850,25281,5760,0,0.2540497477206338,0.10131172016636451,1.0,0.8144389678167585,0.18556103218324152
5760,YBR029C YGL022W,0.0,NA,1.657388565945439e-05,2850,25280,5761,0,0.2540792540792541,0.10131532172058301,1.0,0.8144067523597822,0.18559324764021778
5761,YNL110C YOR361C,0.0,NA,1.6590602172072977e-05,2850,25279,5762,0,0.25410876043787434,0.10131892353087561,1.0,0.8143745369028059,0.18562546309719402
5762,YJR158W YIR041W,0.0,NA,1.6615649656159803e-05,2850,25278,5763,0,0.25413826679649465,0.10132252559726962,1.0,0.8143423214458297,0.18565767855417029
5763,YOL151W YIL048W,0.0,NA,1.6649262761347927e-05,2850,25277,5764,0,0.2541677731551149,0.10132612791979237,1.0,0.8143101059888534,0.18568989401114655
5764,YJL136C YJL170C,0.0,NA,1.667872493271716e-05,2850,25276,5765,0,0.2541972795137352,0.10132973049847116,1.0,0.8142778905318772,0.18572210946812281
5765,YFL033C YHL002W,0.0,NA,1.6701023923815228e-05,2850,25275,5766,0,0.2542267858723555,0.10133333333333333,1.0,0.814245675074901,0.18575432492509905
5766,YMR305C YAL062W,0.0,NA,1.670801611908246e-05,2850,25274,5767,0,0.2542562922309758,0.10133693642440621,1.0,0.8142134596179247,0.18578654038207532
5767,YCR079W YBL103C,0.0,NA,1.6720849089324474e-05,2850,25273,5768,0,0.25428579858959605,0.1013405397717171,1.0,0.8141812441609484,0.18581875583905158
5768,YPL265W YLL043W,0.0,NA,1.6730195056879893e-05,2850,25272,5769,0,0.25431530494821636,0.10134414337529336,1.0,0.8141490287039722,0.18585097129602784
5769,YNL293W YDR069C,0.0,NA,1.6737871192162856e-05,2850,25271,5770,0,0.2543448113068366,0.10134774723516234,1.0,0.8141168132469959,0.18588318675300408
5770,YKR092C YKR097W,0.0,NA,1.684378003119491e-05,2850,25270,5771,0,0.25437431766545693,0.10135135135135136,1.0,0.8140845977900196,0.18591540220998035
5771,YPR194C YDR481C,0.0,NA,1.6881022020243108e-05,2850,25269,5772,0,0.2544038240240772,0.10135495572388777,1.0,0.8140523823330434,0.1859476176669566
5772,YFL050C YOL103W,0.0,NA,1.688532211119309e-05,2850,25268,5773,0,0.2544333303826975,0.10135856035279892,1.0,0.8140201668760672,0.18597983312393288
5773,YMR277W YLR396C,0.0,NA,1.6900385162443854e-05,2850,25267,5774,0,0.25446283674131775,0.10136216523811217,1.0,0.8139879514190909,0.1860120485809091
5774,YLR273C YNL059C,0.0,NA,1.6901190974749625e-05,2850,25266,5775,0,0.254492343099938,0.10136577037985489,1.0,0.8139557359621146,0.18604426403788538
5775,YDR211W YNR002C,0.0,NA,1.6904350559343584e-05,2850,25265,5776,0,0.2545218494585583,0.10136937577805442,1.0,0.8139235205051384,0.18607647949486164
5776,YPL194W YKL086W,0.0,NA,1.691567013040185e-05,2850,25264,5777,0,0.2545513558171786,0.10137298143273814,1.0,0.8138913050481621,0.1861086949518379
5777,YGR163W YDR260C,0.0,NA,1.6924028386711143e-05,2850,25263,5778,0,0.2545808621757989,0.10137658734393341,1.0,0.8138590895911858,0.18614091040881414
5778,YKL096W YOL120C,0.0,NA,1.694100137683563e-05,2850,25262,5779,0,0.25461036853441915,0.10138019351166762,1.0,0.8138268741342096,0.1861731258657904
5779,YCR017C YLR009W,0.0,NA,1.706375951471273e-05,2850,25261,5780,0,0.25463987489303946,0.10138379993596813,1.0,0.8137946586772333,0.18620534132276667
5780,YDR294C YCR037C,0.0,NA,1.7085840227082372e-05,2850,25260,5781,0,0.2546693812516597,0.10138740661686232,1.0,0.813762443220257,0.1862375567797429
5781,YDR317W YOL103W,0.0,NA,1.7091886547859758e-05,2850,25259,5782,0,0.25469888761028003,0.1013910135543776,1.0,0.8137302277632809,0.18626977223671917
5782,YOR119C YMR290C,0.0,NA,1.712979246804025e-05,2850,25258,5783,0,0.2547283939689003,0.10139462074854134,1.0,0.8136980123063046,0.18630198769369544
5783,YLL028W YKL197C,0.0,NA,1.7160204151878133e-05,2850,25257,5784,0,0.2547579003275206,0.10139822819938094,1.0,0.8136657968493283,0.1863342031506717
5784,YOR127W YCR093W,0.0,NA,1.716239785309881e-05,2850,25256,5785,0,0.25478740668614086,0.10140183590692378,1.0,0.8136335813923521,0.18636641860764794
5785,YFR019W YDR238C,0.0,NA,1.7164264136226848e-05,2850,25255,5786,0,0.2548169130447612,0.10140544387119729,1.0,0.8136013659353758,0.1863986340646242
5786,YPR162C YJL047C,0.0,NA,1.7171107174362987e-05,2850,25254,5787,0,0.25484641940338143,0.10140905209222886,1.0,0.8135691504783995,0.18643084952160047
5787,YPR104C YDR400W,0.0,NA,1.722342312859837e-05,2850,25253,5788,0,0.2548759257620017,0.1014126605700459,1.0,0.8135369350214233,0.18646306497857673
5788,YKR008W YHR196W,0.0,NA,1.722546039673034e-05,2850,25252,5789,0,0.254905432120622,0.10141626930467583,1.0,0.813504719564447,0.18649528043555297
5789,YCR035C YIL120W,0.0,NA,1.7228516298928298e-05,2850,25251,5790,0,0.25493493847924226,0.10141987829614604,1.0,0.8134725041074707,0.18652749589252923
5790,YOR134W YML064C,0.0,NA,1.7236487110494636e-05,2850,25250,5791,0,0.25496444483786257,0.10142348754448399,1.0,0.8134402886504946,0.1865597113495055
5791,YOL091W YDR310C,0.0,NA,1.724791400192771e-05,2850,25249,5792,0,0.2549939511964828,0.10142709704971707,1.0,0.8134080731935183,0.18659192680648176
5792,YMR212C YAL055W,0.0,NA,1.7250513337785378e-05,2850,25248,5793,0,0.25502345755510314,0.10143070681187273,1.0,0.813375857736542,0.186624142263458
5793,YGL227W YGL191W,0.0,NA,1.727000199025497e-05,2850,25247,5794,0,0.2550529639137234,0.1014343168309784,1.0,0.8133436422795657,0.18665635772043426
5794,YLR448W YHR104W,0.0,NA,1.727000199025497e-05,2850,25246,5795,0,0.2550824702723437,0.10143792710706151,1.0,0.8133114268225895,0.18668857317741053
5795,YLR307W YAL009W,0.0,NA,1.7272457625949755e-05,2850,25245,5796,0,0.25511197663096397,0.10144153764014949,1.0,0.8132792113656132,0.1867207886343868
5796,YDR083W YOR151C,0.0,NA,1.7312497220700607e-05,2850,25244,5797,0,0.2551414829895843,0.1014451484302698,1.0,0.8132469959086369,0.18675300409136303
5797,YOR167C YLR248W,0.0,NA,1.7325413864455186e-05,2850,25243,5798,0,0.25517098934820454,0.1014487594774499,1.0,0.8132147804516607,0.1867852195483393
5798,YKL103C Q0115,0.0,NA,1.7333330106339417e-05,2850,25242,5799,0,0.25520049570682485,0.10145237078171722,1.0,0.8131825649946844,0.18681743500531556
5799,YMR093W YDL230W,0.0,NA,1.7338488760287873e-05,2850,25241,5800,0,0.2552300020654451,0.10145598234309922,1.0,0.8131503495377082,0.1868496504622918
5800,YLR361C YGL095C,0.0,NA,1.7353044313495047e-05,2850,25240,5801,0,0.25525950842406536,0.10145959416162335,1.0,0.813118134080732,0.18688186591926806
5801,YMR163C YFL045C,0.0,NA,1.7364036466460675e-05,2850,25239,5802,0,0.2552890147826857,0.1014632062373171,1.0,0.8130859186237557,0.18691408137624432
5802,YBR136W YEL024W,0.0,NA,1.7381615180056542e-05,2850,25238,5803,0,0.25531852114130593,0.10146681857020792,1.0,0.8130537031667794,0.1869462968332206
5803,YJL219W YMR223W,0.0,NA,1.7386555555276573e-05,2850,25237,5804,0,0.25534802749992624,0.10147043116032328,1.0,0.8130214877098032,0.18697851229019682
5804,YDR436W YLR034C,0.0,NA,1.7396805560565554e-05,2850,25236,5805,0,0.2553775338585465,0.10147404400769067,1.0,0.8129892722528269,0.1870107277471731
5805,YBR172C YFR051C,0.0,NA,1.7413287423551083e-05,2850,25235,5806,0,0.2554070402171668,0.10147765711233754,1.0,0.8129570567958506,0.18704294320414935
5806,YNL007C YLR313C,0.0,NA,1.7437017959309742e-05,2850,25234,5807,0,0.25543654657578707,0.10148127047429141,1.0,0.8129248413388744,0.18707515866112562
5807,YBR142W YCR047C,0.0,NA,1.7465194105170667e-05,2850,25233,5808,0,0.2554660529344074,0.10148488409357975,1.0,0.8128926258818981,0.18710737411810185
5808,YGR296W YMR065W,0.0,NA,1.7474605556344613e-05,2850,25232,5809,0,0.25549555929302764,0.10148849797023005,1.0,0.8128604104249219,0.18713958957507812
5809,YOR287C YBR016W,0.0,NA,1.7511107216705568e-05,2850,25231,5810,0,0.25552506565164795,0.1014921121042698,1.0,0.8128281949679457,0.18717180503205438
5810,YIL047C YKL192C,0.0,NA,1.7515081708552316e-05,2850,25230,5811,0,0.2555545720102682,0.1014957264957265,1.0,0.8127959795109694,0.18720402048903065
5811,YCL031C YER164W,0.0,NA,1.7515298168291338e-05,2850,25229,5812,0,0.2555840783688885,0.10149934114462766,1.0,0.8127637640539931,0.18723623594600688
5812,YHR062C YDL101C,0.0,NA,1.7534133803565055e-05,2850,25228,5813,0,0.2556135847275088,0.10150295605100078,1.0,0.8127315485970168,0.18726845140298315
5813,YDL020C YJL173C,0.0,NA,1.7536005543661304e-05,2850,25227,5814,0,0.25564309108612904,0.10150657121487339,1.0,0.8126993331400406,0.1873006668599594
5814,YDR498C YPR054W,0.0,NA,1.754383629304357e-05,2850,25226,5815,0,0.25567259744474935,0.10151018663627297,1.0,0.8126671176830643,0.18733288231693568
5815,YKL055C YLR298C,0.0,NA,1.7549456970300525e-05,2850,25225,5816,0,0.2557021038033696,0.10151380231522707,1.0,0.812634902226088,0.18736509777391192
5816,YNL272C YBR280C,0.0,NA,1.7554679288878106e-05,2850,25224,5817,0,0.2557316101619899,0.10151741825176319,1.0,0.8126026867691118,0.18739731323088818
5817,YPL089C YMR077C,0.0,NA,1.755717494233977e-05,2850,25223,5818,0,0.2557611165206102,0.10152103444590888,1.0,0.8125704713121356,0.18742952868786444
5818,YHR074W YMR255W,0.0,NA,1.756494566507172e-05,2850,25222,5819,0,0.2557906228792305,0.10152465089769165,1.0,0.8125382558551593,0.18746174414484068
5819,YHR205W YJL157C,0.0,NA,1.7579106497578323e-05,2850,25221,5820,0,0.25582012923785075,0.10152826760713904,1.0,0.8125060403981831,0.18749395960181695
5820,YMR294W YHR044C,0.0,NA,1.7592723452253267e-05,2850,25220,5821,0,0.25584963559647106,0.10153188457427859,1.0,0.8124738249412068,0.1875261750587932
5821,YOR132W YDR362C,0.0,NA,1.760257509886287e-05,2850,25219,5822,0,0.2558791419550913,0.10153550179913784,1.0,0.8124416094842305,0.18755839051576947
5822,YGR244C YDR471W,0.0,NA,1.7604623280931264e-05,2850,25218,5823,0,0.25590864831371163,0.10153911928174433,1.0,0.8124093940272543,0.1875906059727457
5823,YIR041W YLL010C,0.0,NA,1.7627016859478317e-05,2850,25217,5824,0,0.2559381546723319,0.10154273702212563,1.0,0.812377178570278,0.18762282142972198
5824,YHR136C YFR021W,0.0,NA,1.7631253285799176e-05,2850,25216,5825,0,0.25596766103095214,0.10154635502030927,1.0,0.8123449631133017,0.18765503688669824
5825,YDL003W YNL333W,0.0,NA,1.763991531333886e-05,2850,25215,5826,0,0.25599716738957246,0.10154997327632283,1.0,0.8123127476563256,0.1876872523436745
5826,YIL044C YNR075W,0.0,NA,1.768935726431664e-05,2850,25214,5827,0,0.2560266737481927,0.10155359179019384,1.0,0.8122805321993493,0.18771946780065074
5827,YGL062W YLR442C,0.0,NA,1.774193333403673e-05,2850,25213,5828,0,0.256056180106813,0.1015572105619499,1.0,0.812248316742373,0.187751683257627
5828,YIR009W YGR222W,0.0,NA,1.774516567820683e-05,2850,25212,5829,0,0.2560856864654333,0.10156082959161856,1.0,0.8122161012853968,0.18778389871460327
5829,YNL001W YMR239C,0.0,NA,1.7753933207131922e-05,2850,25211,5830,0,0.2561151928240536,0.1015644488792274,1.0,0.8121838858284205,0.18781611417157953
5830,YPL273W YGL012W,0.0,NA,1.776716271706391e-05,2850,25210,5831,0,0.25614469918267385,0.101568068424804,1.0,0.8121516703714442,0.18784832962855577
5831,YNL030W YML046W,0.0,NA,1.7772601495380513e-05,2850,25209,5832,0,0.25617420554129416,0.10157168822837592,1.0,0.8121194549144679,0.18788054508553204
5832,YPR138C YNL309W,0.0,NA,1.777441502781585e-05,2850,25208,5833,0,0.2562037118999144,0.10157530828997077,1.0,0.8120872394574917,0.1879127605425083
5833,YPL020C YOR304W,0.0,NA,1.7783097064238973e-05,2850,25207,5834,0,0.25623321825853473,0.10157892860961613,1.0,0.8120550240005154,0.18794497599948456
5834,YDR184C YOR368W,0.0,NA,1.7788423065212555e-05,2850,25206,5835,0,0.256262724617155,0.10158254918733961,1.0,0.8120228085435391,0.1879771914564608
5835,YLR372W YJR005W,0.0,NA,1.7812933947425336e-05,2850,25205,5836,0,0.2562922309757753,0.10158617002316878,1.0,0.811990593086563,0.18800940691343707
5836,YPL179W YDL079C,0.0,NA,1.782008803274948e-05,2850,25204,5837,0,0.25632173733439556,0.10158979111713125,1.0,0.8119583776295867,0.18804162237041333
5837,YNL299W YGR063C,0.0,NA,1.7822279914980754e-05,2850,25203,5838,0,0.2563512436930158,0.10159341246925463,1.0,0.8119261621726104,0.1880738378273896
5838,YKR003W YJL047C,0.0,NA,1.783086554496549e-05,2850,25202,5839,0,0.25638075005163613,0.10159703407956652,1.0,0.8118939467156342,0.18810605328436583
5839,YHR088W YIR033W,0.0,NA,1.7844440662884153e-05,2850,25201,5840,0,0.2564102564102564,0.10160065594809455,1.0,0.8118617312586579,0.1881382687413421
5840,YOL102C YLR251W,0.0,NA,1.7864924302557483e-05,2850,25200,5841,0,0.2564397627688767,0.10160427807486631,1.0,0.8118295158016816,0.18817048419831836
5841,YCR106W YMR199W,0.0,NA,1.7869371731649153e-05,2850,25199,5842,0,0.25646926912749696,0.10160790045990944,1.0,0.8117973003447054,0.1882026996552946
5842,YOR328W YMR281W,0.0,NA,1.7916552678798325e-05,2850,25198,5843,0,0.25649877548611727,0.10161152310325157,1.0,0.8117650848877291,0.18823491511227086
5843,YPL045W YGL029W,0.0,NA,1.7956510419026017e-05,2850,25197,5844,0,0.2565282818447375,0.10161514600492032,1.0,0.8117328694307528,0.18826713056924713
5844,YGL135W YNR047W,0.0,NA,1.796505785023328e-05,2850,25196,5845,0,0.25655778820335784,0.1016187691649433,1.0,0.8117006539737767,0.1882993460262234
5845,YNL298W YEL064C,0.0,NA,1.7975973605643958e-05,2850,25195,5846,0,0.2565872945619781,0.1016223925833482,1.0,0.8116684385168004,0.18833156148319963
5846,YGR195W YJL137C,0.0,NA,1.7992404536926188e-05,2850,25194,5847,0,0.2566168009205984,0.1016260162601626,1.0,0.8116362230598241,0.1883637769401759
5847,YDR329C YML067C,0.0,NA,1.803383929654956e-05,2850,25193,5848,0,0.25664630727921867,0.10162964019541419,1.0,0.8116040076028479,0.18839599239715216
5848,YIL019W YBR257W,0.0,NA,1.8053455278277397e-05,2850,25192,5849,0,0.256675813637839,0.10163326438913059,1.0,0.8115717921458716,0.18842820785412842
5849,YGL219C YCL044C,0.0,NA,1.8055090549751185e-05,2850,25191,5850,0,0.25670531999645924,0.10163688884133946,1.0,0.8115395766888953,0.18846042331110466
5850,YNL199C YPL052W,0.0,NA,1.807657645258587e-05,2850,25190,5851,0,0.2567348263550795,0.10164051355206848,1.0,0.811507361231919,0.18849263876808092
5851,YPL243W YMR246W,0.0,NA,1.8088388969772495e-05,2850,25189,5852,0,0.2567643327136998,0.10164413852134527,1.0,0.8114751457749428,0.1885248542250572
5852,YDR363W YPR122W,0.0,NA,1.8155078578274697e-05,2850,25188,5853,0,0.25679383907232006,0.10164776374919751,1.0,0.8114429303179665,0.18855706968203345
5853,YOR308C YOR226C,0.0,NA,1.816034273360856e-05,2850,25187,5854,0,0.2568233454309404,0.10165138923565288,1.0,0.8114107148609903,0.1885892851390097
5854,YJR082C YOR241W,0.0,NA,1.8162440028390847e-05,2850,25186,5855,0,0.25685285178956063,0.10165501498073905,1.0,0.8113784994040141,0.18862150059598595
5855,YER059W YPR187W,0.0,NA,1.8189079128205776e-05,2850,25185,5856,0,0.25688235814818094,0.10165864098448368,1.0,0.8113462839470378,0.18865371605296222
5856,YDR389W YBR077C,0.0,NA,1.8224449377157725e-05,2850,25184,5857,0,0.2569118645068012,0.10166226724691446,1.0,0.8113140684900615,0.18868593150993848
5857,YIR015W YOR095C,0.0,NA,1.8226377505925484e-05,2850,25183,5858,0,0.2569413708654215,0.10166589376805907,1.0,0.8112818530330853,0.18871814696691472
5858,YEL066W YCR093W,0.0,NA,1.8253618691232987e-05,2850,25182,5859,0,0.25697087722404177,0.1016695205479452,1.0,0.811249637576109,0.18875036242389098
5859,YPL019C YJL106W,0.0,NA,1.82578314706916e-05,2850,25181,5860,0,0.2570003835826621,0.10167314758660055,1.0,0.8112174221191327,0.18878257788086725
5860,YLR139C YDL111C,0.0,NA,1.8283095414517447e-05,2850,25180,5861,0,0.25702988994128234,0.1016767748840528,1.0,0.8111852066621565,0.18881479333784348
5861,YJR041C YLL011W,0.0,NA,1.8294904293725267e-05,2850,25179,5862,0,0.25705939629990265,0.10168040244032966,1.0,0.8111529912051803,0.18884700879481975
5862,YFL050C YLR441C,0.0,NA,1.83387310244143e-05,2850,25178,5863,0,0.2570889026585229,0.10168403025545883,1.0,0.811120775748204,0.188879224251796
5863,YML011C YKL188C,0.0,NA,1.8376160369371064e-05,2850,25177,5864,0,0.25711840901714317,0.10168765832946801,1.0,0.8110885602912278,0.18891143970877228
5864,YOR363C YJL177W,0.0,NA,1.838341631810181e-05,2850,25176,5865,0,0.2571479153757635,0.10169128666238493,1.0,0.8110563448342515,0.18894365516574851
5865,YHR169W YBR038W,0.0,NA,1.83976226253435e-05,2850,25175,5866,0,0.25717742173438374,0.1016949152542373,1.0,0.8110241293772752,0.18897587062272478
5866,YOL067C YBL027W,0.0,NA,1.8402815840090625e-05,2850,25174,5867,0,0.25720692809300405,0.10169854410505282,1.0,0.810991913920299,0.18900808607970104
5867,YDR151C YPL130W,0.0,NA,1.844769394665491e-05,2850,25173,5868,0,0.2572364344516243,0.10170217321485922,1.0,0.8109596984633227,0.1890403015366773
5868,YML114C YLR080W,0.0,NA,1.84518448804738e-05,2850,25172,5869,0,0.2572659408102446,0.10170580258368425,1.0,0.8109274830063464,0.18907251699365354
5869,YML001W YPR069C,0.0,NA,1.8454362361808307e-05,2850,25171,5870,0,0.2572954471688649,0.10170943221155562,1.0,0.8108952675493701,0.1891047324506298
5870,YLR377C YHR107C,0.0,NA,1.8460823412169702e-05,2850,25170,5871,0,0.2573249535274852,0.10171306209850108,1.0,0.810863052092394,0.18913694790760607
5871,YBR114W YGR283C,0.0,NA,1.849730142566841e-05,2850,25169,5872,0,0.25735445988610545,0.10171669224454834,1.0,0.8108308366354177,0.18916916336458234
5872,YHR161C YMR143W,0.0,NA,1.8509370420360938e-05,2850,25168,5873,0,0.25738396624472576,0.10172032264972518,1.0,0.8107986211784414,0.18920137882155857
5873,YFL024C YCR036W,0.0,NA,1.8537157302489504e-05,2850,25167,5874,0,0.257413472603346,0.10172395331405933,1.0,0.8107664057214652,0.18923359427853484
5874,YGR123C YHR136C,0.0,NA,1.8557606381364167e-05,2850,25166,5875,0,0.25744297896196633,0.10172758423757852,1.0,0.8107341902644889,0.1892658097355111
5875,YLR309C YPL243W,0.0,NA,1.8561020624474622e-05,2850,25165,5876,0,0.2574724853205866,0.10173121542031055,1.0,0.8107019748075126,0.18929802519248737
5876,YGR252W YJR106W,0.0,NA,1.8581849872134626e-05,2850,25164,5877,0,0.25750199167920684,0.10173484686228314,1.0,0.8106697593505364,0.1893302406494636
5877,YER035W YFR030W,0.0,NA,1.8585978978080675e-05,2850,25163,5878,0,0.25753149803782716,0.10173847856352408,1.0,0.8106375438935601,0.18936245610643987
5878,YDL088C YOR239W,0.0,NA,1.8587308659334667e-05,2850,25162,5879,0,0.2575610043964474,0.10174211052406111,1.0,0.8106053284365838,0.18939467156341613
5879,YHR203C YDR226W,0.0,NA,1.864511432358995e-05,2850,25161,5880,0,0.2575905107550677,0.10174574274392204,1.0,0.8105731129796077,0.18942688702039237
5880,YDR305C YGL234W,0.0,NA,1.867996070359368e-05,2850,25160,5881,0,0.257620017113688,0.1017493752231346,1.0,0.8105408975226314,0.18945910247736863
5881,YBR069C YOR303W,0.0,NA,1.8682954760151915e-05,2850,25159,5882,0,0.2576495234723083,0.1017530079617266,1.0,0.8105086820656551,0.1894913179343449
5882,YGR129W YLL041C,0.0,NA,1.8728282157098874e-05,2850,25158,5883,0,0.25767902983092855,0.1017566409597258,1.0,0.8104764666086789,0.18952353339132116
5883,YNL286W YMR304W,0.0,NA,1.8731569070951082e-05,2850,25157,5884,0,0.25770853618954886,0.10176027421716,1.0,0.8104442511517026,0.1895557488482974
5884,YCR065W YPR030W,0.0,NA,1.8744667613646016e-05,2850,25156,5885,0,0.2577380425481691,0.10176390773405698,1.0,0.8104120356947263,0.18958796430527367
5885,YLR291C YMR119W,0.0,NA,1.8753804397420026e-05,2850,25155,5886,0,0.25776754890678943,0.10176754151044456,1.0,0.8103798202377501,0.18962017976224993
5886,YGL045W YMR165C,0.0,NA,1.8765449567581527e-05,2850,25154,5887,0,0.2577970552654097,0.10177117554635053,1.0,0.8103476047807738,0.1896523952192262
5887,YPR005C YBL079W,0.0,NA,1.8795557480189018e-05,2850,25153,5888,0,0.25782656162403,0.10177480984180266,1.0,0.8103153893237975,0.18968461067620243
5888,YIL117C YNL154C,0.0,NA,1.881564276118297e-05,2850,25152,5889,0,0.25785606798265026,0.1017784443968288,1.0,0.8102831738668212,0.1897168261331787
5889,YLR189C YGL065C,0.0,NA,1.8848706531571224e-05,2850,25151,5890,0,0.2578855743412705,0.10178207921145674,1.0,0.8102509584098451,0.18974904159015496
5890,YAR042W YDR497C,0.0,NA,1.8864280718844384e-05,2850,25150,5891,0,0.25791508069989083,0.10178571428571428,1.0,0.8102187429528688,0.18978125704713122
5891,YER099C YDR437W,0.0,NA,1.8892003936343826e-05,2850,25149,5892,0,0.2579445870585111,0.10178934961962927,1.0,0.8101865274958925,0.18981347250410746
5892,YJL050W YBL093C,0.0,NA,1.892781801871024e-05,2850,25148,5893,0,0.2579740934171314,0.10179298521322952,1.0,0.8101543120389163,0.18984568796108373
5893,YOR213C YPL170W,0.0,NA,1.8928758436231874e-05,2850,25147,5894,0,0.25800359977575166,0.10179662106654284,1.0,0.81012209658194,0.18987790341806
5894,YIL106W YIL014W,0.0,NA,1.8979570086230524e-05,2850,25146,5895,0,0.25803310613437197,0.10180025717959708,1.0,0.8100898811249637,0.18991011887503625
5895,YLR181C YDR545W,0.0,NA,1.8983279005624354e-05,2850,25145,5896,0,0.2580626124929922,0.10180389355242007,1.0,0.8100576656679875,0.1899423343320125
5896,YBL027W YLR019W,0.0,NA,1.900603274407331e-05,2850,25144,5897,0,0.25809211885161254,0.10180753018503966,1.0,0.8100254502110112,0.18997454978898876
5897,YJR021C YPL203W,0.0,NA,1.9041226551053114e-05,2850,25143,5898,0,0.2581216252102328,0.10181116707748365,1.0,0.809993234754035,0.19000676524596502
5898,YGR285C YJL030W,0.0,NA,1.9050454284297302e-05,2850,25142,5899,0,0.2581511315688531,0.10181480422977994,1.0,0.8099610192970588,0.19003898070294128
5899,YKR014C YGL004C,0.0,NA,1.9054432414122857e-05,2850,25141,5900,0,0.25818063792747337,0.10181844164195634,1.0,0.8099288038400825,0.19007119615991752
5900,YPL018W YMR176W,0.0,NA,1.9061775674344972e-05,2850,25140,5901,0,0.2582101442860937,0.10182207931404073,1.0,0.8098965883831062,0.19010341161689379
5901,YMR170C YML078W,0.0,NA,1.9065557353314944e-05,2850,25139,5902,0,0.25823965064471394,0.10182571724606096,1.0,0.80986437292613,0.19013562707387005
5902,YLR451W YLR209C,0.0,NA,1.9069648260483518e-05,2850,25138,5903,0,0.2582691570033342,0.10182935543804487,1.0,0.8098321574691537,0.1901678425308463
5903,YGL073W YPL007C,0.0,NA,1.9099277778877877e-05,2850,25137,5904,0,0.2582986633619545,0.10183299389002037,1.0,0.8097999420121774,0.19020005798782255
5904,YGR238C YPL149W,0.0,NA,1.910762148327194e-05,2850,25136,5905,0,0.25832816972057476,0.1018366326020153,1.0,0.8097677265552012,0.19023227344479882
5905,YCL044C YGR101W,0.0,NA,1.9137985873385333e-05,2850,25135,5906,0,0.2583576760791951,0.10184027157405753,1.0,0.809735511098225,0.19026448890177508
5906,YKL135C YGL075C,0.0,NA,1.914523272716906e-05,2850,25134,5907,0,0.25838718243781533,0.10184391080617496,1.0,0.8097032956412487,0.19029670435875132
5907,YML036W YIL140W,0.0,NA,1.9183100448572077e-05,2850,25133,5908,0,0.25841668879643565,0.10184755029839546,1.0,0.8096710801842724,0.19032891981572758
5908,YLR372W YMR309C,0.0,NA,1.919137139339e-05,2850,25132,5909,0,0.2584461951550559,0.10185119005074691,1.0,0.8096388647272962,0.19036113527270385
5909,YIL128W YKR076W,0.0,NA,1.920979229907971e-05,2850,25131,5910,0,0.2584757015136762,0.10185483006325721,1.0,0.8096066492703199,0.1903933507296801
5910,YGR296W YNL290W,0.0,NA,1.9243823771830648e-05,2850,25130,5911,0,0.25850520787229647,0.10185847033595426,1.0,0.8095744338133436,0.19042556618665635
5911,YKL144C YGR061C,0.0,NA,1.925674769154284e-05,2850,25129,5912,0,0.2585347142309168,0.10186211086886593,1.0,0.8095422183563674,0.1904577816436326
5912,YHR088W YDL224C,0.0,NA,1.9272751160315238e-05,2850,25128,5913,0,0.25856422058953704,0.10186575166202017,1.0,0.8095100028993911,0.19048999710060888
5913,YPR043W YNL166C,0.0,NA,1.930422331497539e-05,2850,25127,5914,0,0.25859372694815735,0.10186939271544483,1.0,0.8094777874424148,0.19052221255758514
5914,YCR079W YJL204C,0.0,NA,1.930492180690635e-05,2850,25126,5915,0,0.2586232333067776,0.10187303402916786,1.0,0.8094455719854386,0.19055442801456138
5915,YKL080W YIL159W,0.0,NA,1.9350707589183003e-05,2850,25125,5916,0,0.25865273966539787,0.10187667560321716,1.0,0.8094133565284624,0.19058664347153764
5916,YPL273W YKL067W,0.0,NA,1.936894841492176e-05,2850,25124,5917,0,0.2586822460240182,0.10188031743762065,1.0,0.8093811410714861,0.1906188589285139
5917,YGR113W YHR085W,0.0,NA,1.938469176820945e-05,2850,25123,5918,0,0.25871175238263844,0.10188395953240625,1.0,0.8093489256145099,0.19065107438549017
5918,YPR118W YER162C,0.0,NA,1.9389315639273264e-05,2850,25122,5919,0,0.25874125874125875,0.10188760188760189,1.0,0.8093167101575336,0.1906832898424664
5919,YDR436W YML046W,0.0,NA,1.941044320119545e-05,2850,25121,5920,0,0.258770765099879,0.1018912445032355,1.0,0.8092844947005573,0.19071550529944267
5920,YOL146W YBR065C,0.0,NA,1.9439748939475976e-05,2850,25120,5921,0,0.2588002714584993,0.101894887379335,1.0,0.8092522792435811,0.19074772075641894
5921,YLR362W YGR285C,0.0,NA,1.94567928701872e-05,2850,25119,5922,0,0.2588297778171196,0.10189853051592834,1.0,0.8092200637866048,0.19077993621339517
5922,YNL216W YBR084W,0.0,NA,1.9465627701720223e-05,2850,25118,5923,0,0.2588592841757399,0.10190217391304347,1.0,0.8091878483296285,0.19081215167037144
5923,YPR018W YMR239C,0.0,NA,1.9490240447339602e-05,2850,25117,5924,0,0.25888879053436015,0.10190581757070834,1.0,0.8091556328726524,0.1908443671273477
5924,YMR251W-A YHR148W,0.0,NA,1.952190177689772e-05,2850,25116,5925,0,0.25891829689298046,0.10190946148895087,1.0,0.8091234174156761,0.19087658258432397
5925,YKR057W YLR246W,0.0,NA,1.9530727513483725e-05,2850,25115,5926,0,0.2589478032516007,0.10191310566779903,1.0,0.8090912019586998,0.1909087980413002
5926,YFL013C YGL126W,0.0,NA,1.953590617631562e-05,2850,25114,5927,0,0.25897730961022103,0.1019167501072808,1.0,0.8090589865017235,0.19094101349827647
5927,YDR403W YML092C,0.0,NA,1.954026629391592e-05,2850,25113,5928,0,0.2590068159688413,0.1019203948074241,1.0,0.8090267710447473,0.19097322895525273
5928,YNL178W YAL062W,0.0,NA,1.9576598788262345e-05,2850,25112,5929,0,0.25903632232746154,0.10192403976825692,1.0,0.808994555587771,0.191005444412229
5929,YDL039C YBR199W,0.0,NA,1.9582743334467523e-05,2850,25111,5930,0,0.25906582868608186,0.10192768498980723,1.0,0.8089623401307947,0.19103765986920523
5930,YPR054W YOR133W,0.0,NA,1.9587916540331207e-05,2850,25110,5931,0,0.2590953350447021,0.10193133047210301,1.0,0.8089301246738185,0.1910698753261815
5931,YMR142C YDL042C,0.0,NA,1.9596811398514546e-05,2850,25109,5932,0,0.2591248414033224,0.10193497621517221,1.0,0.8088979092168422,0.19110209078315776
5932,YEL062W YGL147C,0.0,NA,1.961795896932017e-05,2850,25108,5933,0,0.2591543477619427,0.10193862221904285,1.0,0.808865693759866,0.19113430624013403
5933,YGR098C YLR250W,0.0,NA,1.9618239093688317e-05,2850,25107,5934,0,0.259183854120563,0.1019422684837429,1.0,0.8088334783028898,0.19116652169711026
5934,YBR057C YOL044W,0.0,NA,1.965707997442223e-05,2850,25106,5935,0,0.25921336047918325,0.10194591500930032,1.0,0.8088012628459135,0.19119873715408653
5935,YGR288W YNR060W,0.0,NA,1.9670056644827127e-05,2850,25105,5936,0,0.25924286683780356,0.10194956179574316,1.0,0.8087690473889372,0.1912309526110628
5936,YNL145W YDL082W,0.0,NA,1.9672514099511318e-05,2850,25104,5937,0,0.2592723731964238,0.10195320884309937,1.0,0.808736831931961,0.19126316806803906
5937,YNL164C YNL173C,0.0,NA,1.9682742276927456e-05,2850,25103,5938,0,0.25930187955504413,0.10195685615139699,1.0,0.8087046164749847,0.1912953835250153
5938,YAL043C YKL025C,0.0,NA,1.9684506696648896e-05,2850,25102,5939,0,0.2593313859136644,0.101960503720664,1.0,0.8086724010180084,0.19132759898199156
5939,YDR113C YPL120W,0.0,NA,1.968705873878207e-05,2850,25101,5940,0,0.2593608922722847,0.10196415155092842,1.0,0.8086401855610322,0.19135981443896782
5940,YGL064C YHR004C,0.0,NA,1.9714321751962416e-05,2850,25100,5941,0,0.25939039863090496,0.10196779964221825,1.0,0.8086079701040559,0.19139202989594406
5941,YKL203C YGL246C,0.0,NA,1.973712096514646e-05,2850,25099,5942,0,0.2594199049895252,0.10197144799456152,1.0,0.8085757546470796,0.19142424535292032
5942,YGR065C YEL041W,0.0,NA,1.975306986423675e-05,2850,25098,5943,0,0.25944941134814553,0.10197509660798626,1.0,0.8085435391901035,0.1914564608098966
5943,YLR406C YER112W,0.0,NA,1.975634768314194e-05,2850,25097,5944,0,0.2594789177067658,0.10197874548252049,1.0,0.8085113237331272,0.19148867626687285
5944,YKL007W YDR390C,0.0,NA,1.9815350242424756e-05,2850,25096,5945,0,0.2595084240653861,0.10198239461819222,1.0,0.8084791082761509,0.1915208917238491
5945,YDL083C YIL117C,0.0,NA,1.9826538846245967e-05,2850,25095,5946,0,0.25953793042400636,0.10198604401502952,1.0,0.8084468928191746,0.19155310718082535
5946,YMR173W YLR303W,0.0,NA,1.9857554434565827e-05,2850,25094,5947,0,0.25956743678262667,0.1019896936730604,1.0,0.8084146773621984,0.19158532263780162
5947,YBL087C YAL042W,0.0,NA,1.9879420506185852e-05,2850,25093,5948,0,0.2595969431412469,0.10199334359231292,1.0,0.8083824619052221,0.19161753809477788
5948,YCL040W YOR312C,0.0,NA,1.9952924048993737e-05,2850,25092,5949,0,0.25962644949986724,0.10199699377281511,1.0,0.8083502464482458,0.19164975355175412
5949,YBR055C YHR171W,0.0,NA,1.9963428712799214e-05,2850,25091,5950,0,0.2596559558584875,0.10200064421459504,1.0,0.8083180309912696,0.19168196900873039
5950,YGL040C YBL051C,0.0,NA,1.9963943486800417e-05,2850,25090,5951,0,0.2596854622171078,0.10200429491768075,1.0,0.8082858155342934,0.19171418446570665
5951,YHR104W YNL166C,0.0,NA,1.997146500798408e-05,2850,25089,5952,0,0.25971496857572807,0.10200794588210028,1.0,0.8082536000773171,0.19174639992268291
5952,YGR094W YLR363C,0.0,NA,1.9996736227767542e-05,2850,25088,5953,0,0.2597444749343484,0.10201159710788174,1.0,0.8082213846203409,0.19177861537965915
5953,YBL056W YOR065W,0.0,NA,2.000310632865876e-05,2850,25087,5954,0,0.25977398129296864,0.10201524859505315,1.0,0.8081891691633646,0.19181083083663542
5954,YDL246C YGR049W,0.0,NA,2.0005816622870043e-05,2850,25086,5955,0,0.2598034876515889,0.10201890034364261,1.0,0.8081569537063883,0.19184304629361168
5955,YPR075C YHR144C,0.0,NA,2.0055655113537796e-05,2850,25085,5956,0,0.2598329940102092,0.10202255235367819,1.0,0.8081247382494121,0.19187526175058794
5956,YDR324C YKL093W,0.0,NA,2.0097890228498727e-05,2850,25084,5957,0,0.25986250036882946,0.10202620462518794,1.0,0.8080925227924358,0.19190747720756418
5957,YGL038C YBL001C,0.0,NA,2.0165372916380875e-05,2850,25083,5958,0,0.2598920067274498,0.10202985715819998,1.0,0.8080603073354595,0.19193969266454045
5958,YMR011W YNL301C,0.0,NA,2.019215935433749e-05,2850,25082,5959,0,0.25992151308607003,0.10203350995274238,1.0,0.8080280918784833,0.1919719081215167
5959,YER142C YNL248C,0.0,NA,2.0210885850246996e-05,2850,25081,5960,0,0.25995101944469035,0.10203716300884322,1.0,0.807995876421507,0.19200412357849297
5960,YGL184C YOR210W,0.0,NA,2.0211618902976625e-05,2850,25080,5961,0,0.2599805258033106,0.10204081632653061,1.0,0.8079636609645308,0.1920363390354692
5961,YIL010W YKR020W,0.0,NA,2.0231134840287268e-05,2850,25079,5962,0,0.2600100321619309,0.10204446990583264,1.0,0.8079314455075546,0.19206855449244548
5962,YDL087C YIL021W,0.0,NA,2.03097933990648e-05,2850,25078,5963,0,0.26003953852055117,0.10204812374677742,1.0,0.8078992300505783,0.19210076994942174
5963,YGL011C YER120W,0.0,NA,2.031167059612926e-05,2850,25077,5964,0,0.2600690448791715,0.10205177784939307,1.0,0.807867014593602,0.19213298540639798
5964,YPL145C YML057W,0.0,NA,2.0313627828727476e-05,2850,25076,5965,0,0.26009855123779174,0.10205543221370765,1.0,0.8078347991366257,0.19216520086337424
5965,YLR277C YKR081C,0.0,NA,2.0317134840297513e-05,2850,25075,5966,0,0.26012805759641205,0.10205908683974933,1.0,0.8078025836796495,0.1921974163203505
5966,YPL012W YJL073W,0.0,NA,2.033040982496459e-05,2850,25074,5967,0,0.2601575639550323,0.1020627417275462,1.0,0.8077703682226732,0.19222963177732677
5967,YML064C YLR007W,0.0,NA,2.0342415155027993e-05,2850,25073,5968,0,0.26018707031365257,0.10206639687712639,1.0,0.8077381527656969,0.192261847234303
5968,YBR048W YNL329C,0.0,NA,2.0361221686471254e-05,2850,25072,5969,0,0.2602165766722729,0.10207005228851801,1.0,0.8077059373087208,0.19229406269127927
5969,YKL055C YBR156C,0.0,NA,2.0366951503092423e-05,2850,25071,5970,0,0.26024608303089314,0.10207370796174922,1.0,0.8076737218517445,0.19232627814825554
5970,YKL213C YBR161W,0.0,NA,2.0373207007651217e-05,2850,25070,5971,0,0.26027558938951345,0.10207736389684814,1.0,0.8076415063947682,0.1923584936052318
5971,YNL163C YGL198W,0.0,NA,2.0388912162161432e-05,2850,25069,5972,0,0.2603050957481337,0.1020810200938429,1.0,0.807609290937792,0.19239070906220804
5972,YGL136C YLR320W,0.0,NA,2.0405232135090046e-05,2850,25068,5973,0,0.260334602106754,0.10208467655276166,1.0,0.8075770754808157,0.1924229245191843
5973,YOL097C YPR017C,0.0,NA,2.0420473447302356e-05,2850,25067,5974,0,0.2603641084653743,0.10208833327363255,1.0,0.8075448600238394,0.19245513997616057
5974,YOL078W YOR332W,0.0,NA,2.042312189587392e-05,2850,25066,5975,0,0.2603936148239946,0.10209199025648373,1.0,0.8075126445668632,0.19248735543313683
5975,YDR300C YDR440W,0.0,NA,2.0431753000593744e-05,2850,25065,5976,0,0.26042312118261485,0.10209564750134337,1.0,0.8074804291098869,0.19251957089011307
5976,YDL147W YLR121C,0.0,NA,2.0475563360378146e-05,2850,25064,5977,0,0.26045262754123516,0.10209930500823959,1.0,0.8074482136529106,0.19255178634708933
5977,YLL041C YDL161W,0.0,NA,2.0481871615629643e-05,2850,25063,5978,0,0.2604821338998554,0.10210296277720059,1.0,0.8074159981959345,0.1925840018040656
5978,YGL064C YOR359W,0.0,NA,2.048440910584759e-05,2850,25062,5979,0,0.2605116402584757,0.10210662080825451,1.0,0.8073837827389582,0.19261621726104186
5979,YDR168W YBL058W,0.0,NA,2.0494609998422675e-05,2850,25061,5980,0,0.260541146617096,0.10211027910142954,1.0,0.8073515672819819,0.1926484327180181
5980,YLL002W YML107C,0.0,NA,2.0499828679021448e-05,2850,25060,5981,0,0.26057065297571624,0.10211393765675385,1.0,0.8073193518250056,0.19268064817499436
5981,YGR134W YJR013W,0.0,NA,2.0516590666375123e-05,2850,25059,5982,0,0.26060015933433656,0.10211759647425561,1.0,0.8072871363680294,0.19271286363197063
5982,YMR266W YIL104C,0.0,NA,2.0524495994322933e-05,2850,25058,5983,0,0.2606296656929568,0.10212125555396302,1.0,0.8072549209110531,0.19274507908894686
5983,YNL189W YML076C,0.0,NA,2.0537496311590075e-05,2850,25057,5984,0,0.2606591720515771,0.10212491489590425,1.0,0.8072227054540768,0.19277729454592313
5984,YER008C YNL178W,0.0,NA,2.057085839624051e-05,2850,25056,5985,0,0.2606886784101974,0.1021285745001075,1.0,0.8071904899971006,0.1928095100028994
5985,YMR277W YMR235C,0.0,NA,2.0576313545461744e-05,2850,25055,5986,0,0.2607181847688177,0.10213223436660097,1.0,0.8071582745401243,0.19284172545987566
5986,YBL021C YPR086W,0.0,NA,2.066001616185531e-05,2850,25054,5987,0,0.26074769112743795,0.10213589449541284,1.0,0.807126059083148,0.1928739409168519
5987,YOR083W YGL120C,0.0,NA,2.0660962036345154e-05,2850,25053,5988,0,0.26077719748605827,0.10213955488657134,1.0,0.8070938436261719,0.19290615637382816
5988,YBL028C YLR135W,0.0,NA,2.0664685507654212e-05,2850,25052,5989,0,0.2608067038446785,0.10214321554010465,1.0,0.8070616281691956,0.19293837183080442
5989,YML006C YPL049C,0.0,NA,2.06648837774992e-05,2850,25051,5990,0,0.26083621020329883,0.10214687645604101,1.0,0.8070294127122193,0.1929705872877807
5990,YOL061W YGR148C,0.0,NA,2.0672570826718584e-05,2850,25050,5991,0,0.2608657165619191,0.10215053763440861,1.0,0.8069971972552431,0.19300280274475692
5991,YLR094C YLR307W,0.0,NA,2.07194661925314e-05,2850,25049,5992,0,0.26089522292053935,0.10215419907523567,1.0,0.8069649817982668,0.1930350182017332
5992,YMR180C YBR181C,0.0,NA,2.072345705528278e-05,2850,25048,5993,0,0.26092472927915966,0.10215786077855044,1.0,0.8069327663412905,0.19306723365870945
5993,YOL086C YIR033W,0.0,NA,2.074338772217743e-05,2850,25047,5994,0,0.2609542356377799,0.10216152274438112,1.0,0.8069005508843143,0.19309944911568572
5994,YDR369C YBR036C,0.0,NA,2.076733835565392e-05,2850,25046,5995,0,0.26098374199640023,0.10216518497275595,1.0,0.806868335427338,0.19313166457266195
5995,YJL035C YLR029C,0.0,NA,2.0776211385964416e-05,2850,25045,5996,0,0.2610132483550205,0.10216884746370317,1.0,0.8068361199703618,0.19316388002963822
5996,YNR043W YHR090C,0.0,NA,2.0784278603969142e-05,2850,25044,5997,0,0.2610427547136408,0.10217251021725102,1.0,0.8068039045133856,0.19319609548661448
5997,YBR162C YDR295C,0.0,NA,2.0795559976249933e-05,2850,25043,5998,0,0.26107226107226106,0.10217617323342774,1.0,0.8067716890564093,0.19322831094359075
5998,YOL040C YKL139W,0.0,NA,2.0812323782593012e-05,2850,25042,5999,0,0.26110176743088137,0.10217983651226158,1.0,0.806739473599433,0.19326052640056698
5999,YNL164C YMR261C,0.0,NA,2.084833977278322e-05,2850,25041,6000,0,0.26113127378950163,0.1021835000537808,1.0,0.8067072581424567,0.19329274185754325
6000,YNL268W YDR141C,0.0,NA,2.088168912450783e-05,2850,25040,6001,0,0.26116078014812194,0.10218716385801363,1.0,0.8066750426854805,0.1933249573145195
6001,YDR006C YFR013W,0.0,NA,2.090767156914808e-05,2850,25039,6002,0,0.2611902865067422,0.10219082792498835,1.0,0.8066428272285042,0.19335717277149575
6002,YDR363W YBR105C,0.0,NA,2.095460149575956e-05,2850,25038,6003,0,0.2612197928653625,0.10219449225473322,1.0,0.8066106117715279,0.19338938822847201
6003,YGR061C YEL044W,0.0,NA,2.096381467708852e-05,2850,25037,6004,0,0.26124929922398277,0.10219815684727651,1.0,0.8065783963145517,0.19342160368544828
6004,YKL156W YDR363W,0.0,NA,2.09897607419407e-05,2850,25036,6005,0,0.261278805582603,0.1022018217026465,1.0,0.8065461808575755,0.19345381914242454
6005,YCR079W YPL237W,0.0,NA,2.103089718730189e-05,2850,25035,6006,0,0.26130831194122334,0.10220548682087144,1.0,0.8065139654005992,0.19348603459940078
6006,YDR156W YMR199W,0.0,NA,2.103845872625243e-05,2850,25034,6007,0,0.2613378182998436,0.10220915220197963,1.0,0.806481749943623,0.19351825005637704
6007,YAR002W YLR306W,0.0,NA,2.1089523215778172e-05,2850,25033,6008,0,0.2613673246584639,0.10221281784599935,1.0,0.8064495344866467,0.1935504655133533
6008,YEL034W YHR123W,0.0,NA,2.1094228941365145e-05,2850,25032,6009,0,0.26139683101708416,0.1022164837529589,1.0,0.8064173190296704,0.19358268097032957
6009,YNL107W YEL046C,0.0,NA,2.1106181520735845e-05,2850,25031,6010,0,0.2614263373757045,0.10222014992288656,1.0,0.8063851035726942,0.1936148964273058
6010,YJR131W YGL105W,0.0,NA,2.1107591237523593e-05,2850,25030,6011,0,0.26145584373432473,0.10222381635581061,1.0,0.8063528881157179,0.19364711188428207
6011,YJR127C YDR147W,0.0,NA,2.112243055307772e-05,2850,25029,6012,0,0.26148535009294505,0.10222748305175938,1.0,0.8063206726587416,0.19367932734125834
6012,YFL025C YPL171C,0.0,NA,2.1129562810529023e-05,2850,25028,6013,0,0.2615148564515653,0.10223115001076118,1.0,0.8062884572017655,0.1937115427982346
6013,YMR311C YOR133W,0.0,NA,2.1162271877983585e-05,2850,25027,6014,0,0.2615443628101856,0.10223481723284428,1.0,0.8062562417447892,0.19374375825521084
6014,YHR025W YDR481C,0.0,NA,2.1191635823925026e-05,2850,25026,6015,0,0.2615738691688059,0.10223848471803702,1.0,0.8062240262878129,0.1937759737121871
6015,YER001W YBL064C,0.0,NA,2.121699435519986e-05,2850,25025,6016,0,0.2616033755274262,0.10224215246636771,1.0,0.8061918108308367,0.19380818916916337
6016,YOR316C YER110C,0.0,NA,2.1220454073045403e-05,2850,25024,6017,0,0.26163288188604644,0.10224582047786468,1.0,0.8061595953738604,0.19384040462613963
6017,YGR286C YER026C,0.0,NA,2.1222418581601232e-05,2850,25023,6018,0,0.2616623882446667,0.10224948875255624,1.0,0.8061273799168841,0.19387262008311587
6018,YER007C-A YGR041W,0.0,NA,2.1224157535471022e-05,2850,25022,6019,0,0.261691894603287,0.10225315729047073,1.0,0.8060951644599078,0.19390483554009214
6019,YDR213W YER124C,0.0,NA,2.122832665918395e-05,2850,25021,6020,0,0.26172140096190727,0.10225682609163647,1.0,0.8060629490029316,0.1939370509970684
6020,YBR106W YBL027W,0.0,NA,2.123104059137404e-05,2850,25020,6021,0,0.2617509073205276,0.10226049515608181,1.0,0.8060307335459553,0.19396926645404466
6021,YOR119C YML057W,0.0,NA,2.1277679479680955e-05,2850,25019,6022,0,0.26178041367914784,0.10226416448383509,1.0,0.805998518088979,0.1940014819110209
6022,YGR192C YPL110C,0.0,NA,2.1283829482854344e-05,2850,25018,6023,0,0.26180992003776815,0.10226783407492464,1.0,0.8059663026320029,0.19403369736799717
6023,YPR137W YLR088W,0.0,NA,2.1289310097927228e-05,2850,25017,6024,0,0.2618394263963884,0.10227150392937884,1.0,0.8059340871750266,0.19406591282497343
6024,YLR025W YBL079W,0.0,NA,2.1330239178496413e-05,2850,25016,6025,0,0.2618689327550087,0.10227517404722601,1.0,0.8059018717180503,0.19409812828194967
6025,YPR095C YHL038C,0.0,NA,2.1360203390941024e-05,2850,25015,6026,0,0.261898439113629,0.10227884442849453,1.0,0.8058696562610741,0.19413034373892593
6026,YMR100W YPL211W,0.0,NA,2.1364401618484408e-05,2850,25014,6027,0,0.2619279454722493,0.10228251507321275,1.0,0.8058374408040978,0.1941625591959022
6027,YBR024W YKL052C,0.0,NA,2.1371572074713185e-05,2850,25013,6028,0,0.26195745183086955,0.10228618598140904,1.0,0.8058052253471215,0.19419477465287846
6028,YKL025C YNL164C,0.0,NA,2.1377200027927756e-05,2850,25012,6029,0,0.26198695818948986,0.10228985715311177,1.0,0.8057730098901453,0.1942269901098547
6029,YMR152W YLR196W,0.0,NA,2.138555828423705e-05,2850,25011,6030,0,0.2620164645481101,0.10229352858834931,1.0,0.805740794433169,0.19425920556683096
6030,YDR038C YGR256W,0.0,NA,2.1388619643403217e-05,2850,25010,6031,0,0.2620459709067304,0.10229720028715003,1.0,0.8057085789761927,0.19429142102380723
6031,YAR042W YLR353W,0.0,NA,2.1397738237283193e-05,2850,25009,6032,0,0.2620754772653507,0.10230087224954233,1.0,0.8056763635192166,0.1943236364807835
6032,YNL132W YKL181W,0.0,NA,2.1400330297183245e-05,2850,25008,6033,0,0.26210498362397094,0.10230454447555459,1.0,0.8056441480622403,0.19435585193775973
6033,YOR046C YLR201C,0.0,NA,2.1407657186500728e-05,2850,25007,6034,0,0.26213448998259126,0.1023082169652152,1.0,0.805611932605264,0.194388067394736
6034,YMR028W YBR026C,0.0,NA,2.1431087589007802e-05,2850,25006,6035,0,0.2621639963412115,0.10231188971855255,1.0,0.8055797171482878,0.19442028285171226
6035,YKL103C YJR126C,0.0,NA,2.1487077901838347e-05,2850,25005,6036,0,0.2621935026998318,0.10231556273559504,1.0,0.8055475016913115,0.19445249830868852
6036,YML049C YLR134W,0.0,NA,2.1504749383893795e-05,2850,25004,6037,0,0.2622230090584521,0.10231923601637108,1.0,0.8055152862343352,0.19448471376566476
6037,YGR023W YHR152W,0.0,NA,2.152042361558415e-05,2850,25003,6038,0,0.2622525154170724,0.10232290956090906,1.0,0.8054830707773589,0.19451692922264102
6038,YER119C YOR324C,0.0,NA,2.1523315808735788e-05,2850,25002,6039,0,0.26228202177569265,0.1023265833692374,1.0,0.8054508553203827,0.1945491446796173
6039,YLR094C YCR002C,0.0,NA,2.1540708985412493e-05,2850,25001,6040,0,0.26231152813431297,0.1023302574413845,1.0,0.8054186398634064,0.19458136013659355
6040,YGR147C YDL106C,0.0,NA,2.1585990907624364e-05,2850,25000,6041,0,0.2623410344929332,0.10233393177737882,1.0,0.8053864244064302,0.1946135755935698
6041,YOR084W YLR087C,0.0,NA,2.159177529392764e-05,2850,24999,6042,0,0.26237054085155354,0.10233760637724873,1.0,0.805354208949454,0.19464579105054605
6042,YNR050C YBR093C,0.0,NA,2.1632438802043907e-05,2850,24998,6043,0,0.2624000472101738,0.1023412812410227,1.0,0.8053219934924777,0.19467800650752232
6043,YDL137W YOR234C,0.0,NA,2.1633637516060844e-05,2850,24997,6044,0,0.26242955356879405,0.10234495636872913,1.0,0.8052897780355014,0.19471022196449855
6044,YJL101C YDR082W,0.0,NA,2.1636835299432278e-05,2850,24996,6045,0,0.26245905992741436,0.10234863176039646,1.0,0.8052575625785252,0.19474243742147482
6045,YLR452C YEL055C,0.0,NA,2.1665431631845422e-05,2850,24995,6046,0,0.2624885662860346,0.10235230741605315,1.0,0.8052253471215489,0.19477465287845108
6046,YDR436W YIL096C,0.0,NA,2.167667480534874e-05,2850,24994,6047,0,0.26251807264465493,0.10235598333572762,1.0,0.8051931316645726,0.19480686833542735
6047,YGL106W YIL162W,0.0,NA,2.168552418879699e-05,2850,24993,6048,0,0.2625475790032752,0.10235965951944834,1.0,0.8051609162075964,0.19483908379240358
6048,YPL133C YDR449C,0.0,NA,2.1714455215260386e-05,2850,24992,6049,0,0.2625770853618955,0.10236333596724373,1.0,0.8051287007506202,0.19487129924937985
6049,YPL053C YBR020W,0.0,NA,2.1726218619733118e-05,2850,24991,6050,0,0.26260659172051576,0.10236701267914228,1.0,0.8050964852936439,0.1949035147063561
6050,YJR145C YOR054C,0.0,NA,2.178337672376074e-05,2850,24990,6051,0,0.26263609807913607,0.10237068965517242,1.0,0.8050642698366677,0.19493573016333238
6051,YDR181C YGR234W,0.0,NA,2.179258081014268e-05,2850,24989,6052,0,0.26266560443775633,0.10237436689536263,1.0,0.8050320543796914,0.1949679456203086
6052,YGR204W YBR162W-A,0.0,NA,2.1821406335220672e-05,2850,24988,6053,0,0.26269511079637664,0.10237804439974137,1.0,0.8049998389227151,0.19500016107728488
6053,YGL025C YML011C,0.0,NA,2.1827316231792793e-05,2850,24987,6054,0,0.2627246171549969,0.1023817221683371,1.0,0.8049676234657389,0.19503237653426114
6054,YER075C YDR183W,0.0,NA,2.185220546380151e-05,2850,24986,6055,0,0.2627541235136172,0.10238540020117833,1.0,0.8049354080087626,0.1950645919912374
6055,YHR150W YNL110C,0.0,NA,2.1863148504053243e-05,2850,24985,6056,0,0.26278362987223747,0.10238907849829351,1.0,0.8049031925517863,0.19509680744821364
6056,YGL246C YLR450W,0.0,NA,2.1866026145289652e-05,2850,24984,6057,0,0.2628131362308577,0.10239275705971114,1.0,0.80487097709481,0.1951290229051899
6057,YMR316W YNL259C,0.0,NA,2.1867403120268136e-05,2850,24983,6058,0,0.26284264258947804,0.1023964358854597,1.0,0.8048387616378339,0.19516123836216617
6058,YIL090W YHR048W,0.0,NA,2.189551196352113e-05,2850,24982,6059,0,0.2628721489480983,0.1024001149755677,1.0,0.8048065461808576,0.19519345381914244
6059,YCR057C YBR026C,0.0,NA,2.190990198869258e-05,2850,24981,6060,0,0.2629016553067186,0.1024037943300636,1.0,0.8047743307238813,0.19522566927611867
6060,YNL074C YOL016C,0.0,NA,2.1910445866524242e-05,2850,24980,6061,0,0.26293116166533886,0.10240747394897592,1.0,0.8047421152669051,0.19525788473309494
6061,YLL031C YGR245C,0.0,NA,2.1915480829193257e-05,2850,24979,6062,0,0.2629606680239592,0.10241115383233318,1.0,0.8047098998099288,0.1952901001900712
6062,YNL065W YOL104C,0.0,NA,2.191966268583201e-05,2850,24978,6063,0,0.26299017438257943,0.10241483398016386,1.0,0.8046776843529525,0.19532231564704744
6063,YDR260C YJL138C,0.0,NA,2.1970872694510035e-05,2850,24977,6064,0,0.26301968074119975,0.1024185143924965,1.0,0.8046454688959763,0.1953545311040237
6064,YBR002C YIL042C,0.0,NA,2.1971376554574817e-05,2850,24976,6065,0,0.26304918709982,0.1024221950693596,1.0,0.804613253439,0.19538674656099997
6065,YLL015W YKR099W,0.0,NA,2.1978543372824788e-05,2850,24975,6066,0,0.2630786934584403,0.10242587601078167,1.0,0.8045810379820237,0.19541896201797623
6066,YIL052C YLR245C,0.0,NA,2.198009315179661e-05,2850,24974,6067,0,0.2631081998170606,0.10242955721679126,1.0,0.8045488225250476,0.19545117747495247
6067,YDR174W YOL093W,0.0,NA,2.1982861653668806e-05,2850,24973,6068,0,0.2631377061756809,0.10243323868741688,1.0,0.8045166070680713,0.19548339293192873
6068,YJL137C YHL040C,0.0,NA,2.2004674974596128e-05,2850,24972,6069,0,0.26316721253430114,0.10243692042268708,1.0,0.804484391611095,0.195515608388905
6069,YBR136W YKR063C,0.0,NA,2.201661845901981e-05,2850,24971,6070,0,0.2631967188929214,0.10244060242263038,1.0,0.8044521761541188,0.19554782384588126
6070,YDR329C YOR099W,0.0,NA,2.2108963094069622e-05,2850,24970,6071,0,0.2632262252515417,0.10244428468727534,1.0,0.8044199606971425,0.1955800393028575
6071,YCR072C YHL020C,0.0,NA,2.2116619220469147e-05,2850,24969,6072,0,0.26325573161016197,0.10244796721665049,1.0,0.8043877452401662,0.19561225475983376
6072,YNL248C YMR050C,0.0,NA,2.2130903744255193e-05,2850,24968,6073,0,0.2632852379687823,0.10245165001078438,1.0,0.80435552978319,0.19564447021681003
6073,YFR037C YKL108W,0.0,NA,2.214504638686776e-05,2850,24967,6074,0,0.26331474432740254,0.10245533306970557,1.0,0.8043233143262137,0.1956766856737863
6074,YBL009W YBR136W,0.0,NA,2.2155314582050778e-05,2850,24966,6075,0,0.26334425068602285,0.10245901639344263,1.0,0.8042910988692374,0.19570890113076253
6075,YPL144W YDR200C,0.0,NA,2.217638939328026e-05,2850,24965,6076,0,0.2633737570446431,0.10246269998202409,1.0,0.8042588834122611,0.1957411165877388
6076,YIL133C YNL270C,0.0,NA,2.2198244550963864e-05,2850,24964,6077,0,0.2634032634032634,0.10246638383547854,1.0,0.804226667955285,0.19577333204471506
6077,YBR145W YJR055W,0.0,NA,2.2203410480869934e-05,2850,24963,6078,0,0.2634327697618837,0.10247006795383454,1.0,0.8041944524983087,0.19580554750169132
6078,YMR123W YNL015W,0.0,NA,2.221741306129843e-05,2850,24962,6079,0,0.263462276120504,0.10247375233712067,1.0,0.8041622370413324,0.19583776295866756
6079,YNL199C YOR035C,0.0,NA,2.221745489805471e-05,2850,24961,6080,0,0.26349178247912425,0.1024774369853655,1.0,0.8041300215843562,0.19586997841564383
6080,YML004C YJL122W,0.0,NA,2.222790317318868e-05,2850,24960,6081,0,0.26352128883774456,0.10248112189859762,1.0,0.8040978061273799,0.1959021938726201
6081,YLR399C YHR007C,0.0,NA,2.22282214963343e-05,2850,24959,6082,0,0.2635507951963648,0.10248480707684562,1.0,0.8040655906704036,0.19593440932959635
6082,YNL331C YPL269W,0.0,NA,2.2246733351494186e-05,2850,24958,6083,0,0.2635803015549851,0.10248849252013809,1.0,0.8040333752134274,0.1959666247865726
6083,YOL017W YML060W,0.0,NA,2.2258383978623897e-05,2850,24957,6084,0,0.2636098079136054,0.10249217822850361,1.0,0.8040011597564511,0.19599884024354886
6084,YIL090W YML066C,0.0,NA,2.2308195184450597e-05,2850,24956,6085,0,0.26363931427222564,0.1024958642019708,1.0,0.8039689442994749,0.19603105570052512
6085,YDR447C YBL034C,0.0,NA,2.231440885225311e-05,2850,24955,6086,0,0.26366882063084596,0.10249955044056824,1.0,0.8039367288424987,0.19606327115750136
6086,YNL139C YBR172C,0.0,NA,2.233273880847264e-05,2850,24954,6087,0,0.2636983269894662,0.10250323694432456,1.0,0.8039045133855224,0.19609548661447762
6087,YOR078W YKL068W,0.0,NA,2.234125895483885e-05,2850,24953,6088,0,0.2637278333480865,0.10250692371326835,1.0,0.8038722979285461,0.19612770207145389
6088,YLL042C YEL064C,0.0,NA,2.234637395304162e-05,2850,24952,6089,0,0.2637573397067068,0.10251061074742825,1.0,0.8038400824715699,0.19615991752843015
6089,YIL168W YNL085W,0.0,NA,2.2356798581313342e-05,2850,24951,6090,0,0.2637868460653271,0.10251429804683285,1.0,0.8038078670145936,0.1961921329854064
6090,YPR017C YPL160W,0.0,NA,2.2359206923283637e-05,2850,24950,6091,0,0.26381635242394735,0.10251798561151079,1.0,0.8037756515576173,0.19622434844238265
6091,YBR200W YDR399W,0.0,NA,2.239676541648805e-05,2850,24949,6092,0,0.26384585878256767,0.1025216734414907,1.0,0.8037434361006411,0.19625656389935892
6092,YCR044C YOL120C,0.0,NA,2.2410655219573528e-05,2850,24948,6093,0,0.2638753651411879,0.10252536153680121,1.0,0.8037112206436648,0.19628877935633518
6093,YCR073W-A YPL209C,0.0,NA,2.2412150428863242e-05,2850,24947,6094,0,0.26390487149980824,0.10252904989747096,1.0,0.8036790051866886,0.19632099481331142
6094,YLR276C YGR116W,0.0,NA,2.242183472844772e-05,2850,24946,6095,0,0.2639343778584285,0.10253273852352857,1.0,0.8036467897297123,0.19635321027028768
6095,YCL059C YDL108W,0.0,NA,2.242300979560241e-05,2850,24945,6096,0,0.26396388421704875,0.1025364274150027,1.0,0.8036145742727361,0.19638542572726395
6096,YGR148C YMR180C,0.0,NA,2.2436914150603116e-05,2850,24944,6097,0,0.26399339057566906,0.102540116571922,1.0,0.8035823588157598,0.1964176411842402
6097,YER114C YOL123W,0.0,NA,2.2464770154329017e-05,2850,24943,6098,0,0.2640228969342893,0.10254380599431512,1.0,0.8035501433587835,0.19644985664121645
6098,YLR398C YER124C,0.0,NA,2.2465046640718356e-05,2850,24942,6099,0,0.26405240329290963,0.10254749568221071,1.0,0.8035179279018073,0.1964820720981927
6099,YLR129W YGL192W,0.0,NA,2.2472868295153603e-05,2850,24941,6100,0,0.2640819096515299,0.10255118563563743,1.0,0.803485712444831,0.19651428755516898
6100,YGL073W YPR110C,0.0,NA,2.248159216833301e-05,2850,24940,6101,0,0.2641114160101502,0.10255487585462396,1.0,0.8034534969878547,0.19654650301214524
6101,YOL063C YLR248W,0.0,NA,2.2489055481855758e-05,2850,24939,6102,0,0.26414092236877046,0.10255856633919896,1.0,0.8034212815308786,0.19657871846912148
6102,YLR082C YMR145C,0.0,NA,2.249323733849451e-05,2850,24938,6103,0,0.26417042872739077,0.10256225708939111,1.0,0.8033890660739023,0.19661093392609774
6103,YDR213W YBR265W,0.0,NA,2.2497462850878946e-05,2850,24937,6104,0,0.26419993508601103,0.10256594810522907,1.0,0.803356850616926,0.196643149383074
6104,YCR084C YGL065C,0.0,NA,2.2524640371557325e-05,2850,24936,6105,0,0.26422944144463134,0.10256963938674152,1.0,0.8033246351599498,0.19667536484005024
6105,YGL223C YKR089C,0.0,NA,2.2546304535353556e-05,2850,24935,6106,0,0.2642589478032516,0.10257333093395717,1.0,0.8032924197029735,0.1967075802970265
6106,YOR381W YDR432W,0.0,NA,2.255383151350543e-05,2850,24934,6107,0,0.2642884541618719,0.1025770227469047,1.0,0.8032602042459972,0.19673979575400277
6107,YGL212W YDR013W,0.0,NA,2.2587968487641774e-05,2850,24933,6108,0,0.26431796052049217,0.10258071482561279,1.0,0.803227988789021,0.19677201121097904
6108,YGR258C YBR290W,0.0,NA,2.2596803319174796e-05,2850,24932,6109,0,0.2643474668791124,0.10258440717011014,1.0,0.8031957733320447,0.19680422666795527
6109,YBR254C YPL223C,0.0,NA,2.266642877657432e-05,2850,24931,6110,0,0.26437697323773274,0.10258809978042548,1.0,0.8031635578750684,0.19683644212493154
6110,YGR192C YBR142W,0.0,NA,2.270344521093648e-05,2850,24930,6111,0,0.264406479596353,0.10259179265658748,1.0,0.8031313424180923,0.1968686575819078
6111,YLR420W YCR053W,0.0,NA,2.271442281198688e-05,2850,24929,6112,0,0.2644359859549733,0.10259548579862486,1.0,0.803099126961116,0.19690087303888407
6112,YJR140C YOL025W,0.0,NA,2.2732452634954825e-05,2850,24928,6113,0,0.26446549231359356,0.10259917920656635,1.0,0.8030669115041397,0.1969330884958603
6113,YBR093C YCR048W,0.0,NA,2.27483942580875e-05,2850,24927,6114,0,0.2644949986722139,0.10260287288044065,1.0,0.8030346960471634,0.19696530395283657
6114,YLL042C YER072W,0.0,NA,2.2769445422454737e-05,2850,24926,6115,0,0.26452450503083413,0.1026065668202765,1.0,0.8030024805901872,0.19699751940981283
6115,YGL151W YNL147W,0.0,NA,2.2772399461246096e-05,2850,24925,6116,0,0.26455401138945445,0.10261026102610261,1.0,0.8029702651332109,0.1970297348667891
6116,YPR184W YBR021W,0.0,NA,2.2791517039877363e-05,2850,24924,6117,0,0.2645835177480747,0.10261395549794772,1.0,0.8029380496762346,0.19706195032376533
6117,YJL080C YLR209C,0.0,NA,2.2828737201052718e-05,2850,24923,6118,0,0.264613024106695,0.10261765023584056,1.0,0.8029058342192584,0.1970941657807416
6118,YBL078C YMR274C,0.0,NA,2.2846552383271046e-05,2850,24922,6119,0,0.2646425304653153,0.10262134523980988,1.0,0.8028736187622821,0.19712638123771786
6119,YLR361C YDR277C,0.0,NA,2.2910720872459933e-05,2850,24921,6120,0,0.2646720368239356,0.10262504050988441,1.0,0.8028414033053058,0.19715859669469413
6120,YNR056C YGR214W,0.0,NA,2.2927571990294382e-05,2850,24920,6121,0,0.26470154318255584,0.1026287360460929,1.0,0.8028091878483297,0.19719081215167036
6121,YHR176W YOR304W,0.0,NA,2.294471960340161e-05,2850,24919,6122,0,0.2647310495411761,0.10263243184846411,1.0,0.8027769723913534,0.19722302760864663
6122,YAL044C YPL069C,0.0,NA,2.2969152269070037e-05,2850,24918,6123,0,0.2647605558997964,0.1026361279170268,1.0,0.8027447569343771,0.1972552430656229
6123,YJL141C YPL001W,0.0,NA,2.2972591978032142e-05,2850,24917,6124,0,0.26479006225841667,0.1026398242518097,1.0,0.8027125414774009,0.19728745852259913
6124,YPR192W YBL032W,0.0,NA,2.2974718376644887e-05,2850,24916,6125,0,0.264819568617037,0.1026435208528416,1.0,0.8026803260204246,0.1973196739795754
6125,YIL026C YBR078W,0.0,NA,2.3018579668132588e-05,2850,24915,6126,0,0.26484907497565724,0.10264721772015127,1.0,0.8026481105634483,0.19735188943655166
6126,YAL014C YIL037C,0.0,NA,2.303039036632981e-05,2850,24914,6127,0,0.26487858133427755,0.10265091485376747,1.0,0.8026158951064721,0.19738410489352792
6127,YJR017C YLR215C,0.0,NA,2.3060458261170425e-05,2850,24913,6128,0,0.2649080876928978,0.10265461225371898,1.0,0.8025836796494958,0.19741632035050416
6128,YER183C YHR142W,0.0,NA,2.3100295948097482e-05,2850,24912,6129,0,0.2649375940515181,0.10265830992003458,1.0,0.8025514641925195,0.19744853580748042
6129,YLR215C YKL214C,0.0,NA,2.311360731255263e-05,2850,24911,6130,0,0.2649671004101384,0.10266200785274306,1.0,0.8025192487355434,0.1974807512644567
6130,YJL033W YML041C,0.0,NA,2.3115810108720325e-05,2850,24910,6131,0,0.2649966067687587,0.1026657060518732,1.0,0.8024870332785671,0.19751296672143295
6131,YLR157C YKR054C,0.0,NA,2.3146692910813726e-05,2850,24909,6132,0,0.26502611312737895,0.1026694045174538,1.0,0.8024548178215908,0.1975451821784092
6132,YNL156C YNL151C,0.0,NA,2.3187876649899408e-05,2850,24908,6133,0,0.2650556194859992,0.10267310324951365,1.0,0.8024226023646145,0.19757739763538545
6133,YGR118W YOL088C,0.0,NA,2.3214339307742193e-05,2850,24907,6134,0,0.2650851258446195,0.10267680224808157,1.0,0.8023903869076383,0.19760961309236172
6134,YLR389C YGL126W,0.0,NA,2.3224656615639105e-05,2850,24906,6135,0,0.2651146322032398,0.10268050151318633,1.0,0.802358171450662,0.19764182854933798
6135,YLR399C YBR009C,0.0,NA,2.3240609152708203e-05,2850,24905,6136,0,0.2651441385618601,0.10268420104485679,1.0,0.8023259559936857,0.19767404400631422
6136,YFL031W YDR059C,0.0,NA,2.325965579075273e-05,2850,24904,6137,0,0.26517364492048034,0.10268790084312171,1.0,0.8022937405367095,0.19770625946329048
6137,YKL005C YPL020C,0.0,NA,2.3279782908502966e-05,2850,24903,6138,0,0.26520315127910066,0.10269160090800994,1.0,0.8022615250797333,0.19773847492026675
6138,YPR132W YGL077C,0.0,NA,2.347106783417985e-05,2850,24902,6139,0,0.2652326576377209,0.1026953012395503,1.0,0.802229309622757,0.197770690377243
6139,YNL248C YGL232W,0.0,NA,2.3499827875639312e-05,2850,24901,6140,0,0.2652621639963412,0.10269900183777161,1.0,0.8021970941657808,0.19780290583421925
6140,YER096W YJL201W,0.0,NA,2.3515363864134997e-05,2850,24900,6141,0,0.2652916703549615,0.10270270270270271,1.0,0.8021648787088045,0.19783512129119551
6141,YOL144W YPL178W,0.0,NA,2.3532389604952186e-05,2850,24899,6142,0,0.2653211767135818,0.1027064038343724,1.0,0.8021326632518282,0.19786733674817178
6142,YER015W YHR183W,0.0,NA,2.353533091081772e-05,2850,24898,6143,0,0.26535068307220205,0.10271010523280957,1.0,0.802100447794852,0.19789955220514804
6143,YOR028C YKL006W,0.0,NA,2.3543276256532408e-05,2850,24897,6144,0,0.26538018943082237,0.10271380689804303,1.0,0.8020682323378757,0.19793176766212428
6144,YCR053W YGL096W,0.0,NA,2.356167351535987e-05,2850,24896,6145,0,0.2654096957894426,0.10271750883010164,1.0,0.8020360168808994,0.19796398311910055
6145,YLR022C YJL168C,0.0,NA,2.3565491574117914e-05,2850,24895,6146,0,0.2654392021480629,0.10272121102901424,1.0,0.8020038014239232,0.1979961985760768
6146,YOR016C YDR471W,0.0,NA,2.3586289898958057e-05,2850,24894,6147,0,0.2654687085066832,0.1027249134948097,1.0,0.801971585966947,0.19802841403305305
6147,YLR194C YBR036C,0.0,NA,2.3602668079547584e-05,2850,24893,6148,0,0.26549821486530345,0.10272861622751685,1.0,0.8019393705099707,0.1980606294900293
6148,YCR066W YMR316W,0.0,NA,2.360786857025232e-05,2850,24892,6149,0,0.26552772122392376,0.10273231922716458,1.0,0.8019071550529945,0.19809284494700558
6149,YCL011C YKR079C,0.0,NA,2.361235056014266e-05,2850,24891,6150,0,0.265557227582544,0.10273602249378176,1.0,0.8018749395960182,0.19812506040398184
6150,YKR042W YCL044C,0.0,NA,2.3613476514583454e-05,2850,24890,6151,0,0.26558673394116433,0.10273972602739725,1.0,0.8018427241390419,0.19815727586095808
6151,YGR254W YDL170W,0.0,NA,2.3613882149220444e-05,2850,24889,6152,0,0.2656162402997846,0.10274342982803994,1.0,0.8018105086820656,0.19818949131793434
6152,YMR100W YNL301C,0.0,NA,2.3650211005588062e-05,2850,24888,6153,0,0.2656457466584049,0.1027471338957387,1.0,0.8017782932250894,0.1982217067749106
6153,YJL101C YBR110W,0.0,NA,2.365327782172244e-05,2850,24887,6154,0,0.26567525301702516,0.1027508382305224,1.0,0.8017460777681131,0.19825392223188687
6154,YML075C YOR230W,0.0,NA,2.3674718249822035e-05,2850,24886,6155,0,0.26570475937564547,0.10275454283241996,1.0,0.8017138623111368,0.1982861376888631
6155,YJL138C YFR031C-A,0.0,NA,2.369364483456593e-05,2850,24885,6156,0,0.26573426573426573,0.10275824770146025,1.0,0.8016816468541607,0.19831835314583937
6156,YLR210W YDR516C,0.0,NA,2.3736389266559854e-05,2850,24884,6157,0,0.26576377209288604,0.10276195283767217,1.0,0.8016494313971844,0.19835056860281564
6157,YJL139C YFR002W,0.0,NA,2.3740283722872846e-05,2850,24883,6158,0,0.2657932784515063,0.10276565824108463,1.0,0.8016172159402081,0.1983827840597919
6158,YGR172C YDR256C,0.0,NA,2.3745264115859754e-05,2850,24882,6159,0,0.26582278481012656,0.10276936391172653,1.0,0.8015850004832319,0.19841499951676814
6159,YMR314W YNL277W,0.0,NA,2.37518543144688e-05,2850,24881,6160,0,0.26585229116874687,0.10277306984962677,1.0,0.8015527850262556,0.1984472149737444
6160,YLR298C YBR010W,0.0,NA,2.3775037334416993e-05,2850,24880,6161,0,0.2658817975273671,0.10277677605481428,1.0,0.8015205695692793,0.19847943043072067
6161,YNL272C YER162C,0.0,NA,2.382194907113444e-05,2850,24879,6162,0,0.26591130388598744,0.10278048252731797,1.0,0.8014883541123031,0.19851164588769693
6162,YMR121C YEL062W,0.0,NA,2.387464337516576e-05,2850,24878,6163,0,0.2659408102446077,0.10278418926716676,1.0,0.8014561386553268,0.19854386134467317
6163,YLR448W YNL129W,0.0,NA,2.3908227376523428e-05,2850,24877,6164,0,0.265970316603228,0.10278789627438958,1.0,0.8014239231983505,0.19857607680164943
6164,YPL188W YML077W,0.0,NA,2.3924101697048172e-05,2850,24876,6165,0,0.26599982296184826,0.10279160354901537,1.0,0.8013917077413744,0.1986082922586257
6165,YPL235W YIL099W,0.0,NA,2.3985712687135674e-05,2850,24875,6166,0,0.2660293293204686,0.10279531109107304,1.0,0.8013594922843981,0.19864050771560193
6166,YNL309W YGR049W,0.0,NA,2.401739220658783e-05,2850,24874,6167,0,0.26605883567908883,0.10279901890059155,1.0,0.8013272768274218,0.1986727231725782
6167,YMR301C YMR246W,0.0,NA,2.4049159037531354e-05,2850,24873,6168,0,0.26608834203770915,0.10280272697759983,1.0,0.8012950613704456,0.19870493862955446
6168,YDR390C YOL040C,0.0,NA,2.4093211322906427e-05,2850,24872,6169,0,0.2661178483963294,0.10280643532212683,1.0,0.8012628459134693,0.19873715408653073
6169,YML068W YBR263W,0.0,NA,2.4110748199746013e-05,2850,24871,6170,0,0.2661473547549497,0.10281014393420151,1.0,0.801230630456493,0.19876936954350696
6170,YGL058W YLR273C,0.0,NA,2.4136952561093494e-05,2850,24870,6171,0,0.26617686111357,0.10281385281385282,1.0,0.8011984149995167,0.19880158500048323
6171,YNL186W YOR374W,0.0,NA,2.4157399820978753e-05,2850,24869,6172,0,0.26620636747219023,0.10281756196110971,1.0,0.8011661995425405,0.1988338004574595
6172,YKR008W YPR171W,0.0,NA,2.4166110961232334e-05,2850,24868,6173,0,0.26623587383081054,0.10282127137600115,1.0,0.8011339840855642,0.19886601591443576
6173,YMR311C YOR011W,0.0,NA,2.4166987714124843e-05,2850,24867,6174,0,0.2662653801894308,0.10282498105855611,1.0,0.801101768628588,0.198898231371412
6174,YFR048W YHR185C,0.0,NA,2.41780981014017e-05,2850,24866,6175,0,0.2662948865480511,0.10282869100880358,1.0,0.8010695531716118,0.19893044682838826
6175,YNL302C YDR244W,0.0,NA,2.42001042352058e-05,2850,24865,6176,0,0.26632439290667137,0.10283240122677251,1.0,0.8010373377146355,0.19896266228536452
6176,YBR048W YKL005C,0.0,NA,2.420511191303376e-05,2850,24864,6177,0,0.2663538992652917,0.10283611171249188,1.0,0.8010051222576592,0.1989948777423408
6177,YNL332W YHL039W,0.0,NA,2.4213008146034554e-05,2850,24863,6178,0,0.26638340562391194,0.10283982246599069,1.0,0.800972906800683,0.19902709319931702
6178,YFL022C YGR142W,0.0,NA,2.425224920443725e-05,2850,24862,6179,0,0.26641291198253225,0.10284353348729793,1.0,0.8009406913437067,0.1990593086562933
6179,YIL046W YOR002W,0.0,NA,2.426397622912191e-05,2850,24861,6180,0,0.2664424183411525,0.10284724477644257,1.0,0.8009084758867304,0.19909152411326955
6180,YDR201W YOR388C,0.0,NA,2.430985841783695e-05,2850,24860,6181,0,0.2664719246997728,0.10285095633345363,1.0,0.8008762604297542,0.19912373957024582
6181,YJL138C YOR327C,0.0,NA,2.4318833311554044e-05,2850,24859,6182,0,0.2665014310583931,0.1028546681583601,1.0,0.800844044972778,0.19915595502722205
6182,YGL148W YDR207C,0.0,NA,2.433374902466312e-05,2850,24858,6183,0,0.2665309374170134,0.102858380251191,1.0,0.8008118295158017,0.19918817048419832
6183,YDL013W YKR102W,0.0,NA,2.43402027990669e-05,2850,24857,6184,0,0.26656044377563365,0.10286209261197532,1.0,0.8007796140588255,0.19922038594117458
6184,YOR032C YAL056W,0.0,NA,2.4360499082831666e-05,2850,24856,6185,0,0.2665899501342539,0.10286580524074208,1.0,0.8007473986018492,0.19925260139815082
6185,YGL104C YGL058W,0.0,NA,2.4389135433011688e-05,2850,24855,6186,0,0.2666194564928742,0.10286951813752031,1.0,0.8007151831448729,0.19928481685512708
6186,YDL240W YLR176C,0.0,NA,2.442565528326668e-05,2850,24854,6187,0,0.2666489628514945,0.10287323130233901,1.0,0.8006829676878967,0.19931703231210335
6187,YBR142W YPL268W,0.0,NA,2.4428940378129482e-05,2850,24853,6188,0,0.2666784692101148,0.10287694473522724,1.0,0.8006507522309204,0.1993492477690796
6188,YGL086W YDR299W,0.0,NA,2.4440381821477786e-05,2850,24852,6189,0,0.26670797556873505,0.102880658436214,1.0,0.8006185367739441,0.19938146322605585
6189,YBL074C YPR121W,0.0,NA,2.4457822291878983e-05,2850,24851,6190,0,0.26673748192735536,0.10288437240532833,1.0,0.8005863213169678,0.19941367868303211
6190,YLR298C YBL098W,0.0,NA,2.4470909920637496e-05,2850,24850,6191,0,0.2667669882859756,0.10288808664259928,1.0,0.8005541058599916,0.19944589414000838
6191,YNR009W YPR005C,0.0,NA,2.4545257474528626e-05,2850,24849,6192,0,0.2667964946445959,0.10289180114805589,1.0,0.8005218904030154,0.19947810959698464
6192,YOL005C YMR014W,0.0,NA,2.455026697134599e-05,2850,24848,6193,0,0.2668260010032162,0.1028955159217272,1.0,0.8004896749460391,0.19951032505396088
6193,YDR251W YPL120W,0.0,NA,2.4678902263985947e-05,2850,24847,6194,0,0.2668555073618365,0.10289923096364227,1.0,0.8004574594890629,0.19954254051093714
6194,YMR277W YHR037W,0.0,NA,2.468803540978115e-05,2850,24846,6195,0,0.26688501372045675,0.10290294627383016,1.0,0.8004252440320866,0.1995747559679134
6195,YLR449W YIL145C,0.0,NA,2.471932202752214e-05,2850,24845,6196,0,0.26691452007907707,0.10290666185231992,1.0,0.8003930285751103,0.19960697142488967
6196,YJL139C YOR363C,0.0,NA,2.4727456548134796e-05,2850,24844,6197,0,0.2669440264376973,0.1029103776991406,1.0,0.8003608131181341,0.1996391868818659
6197,YOR068C YHR185C,0.0,NA,2.4746683266130276e-05,2850,24843,6198,0,0.2669735327963176,0.1029140938143213,1.0,0.8003285976611578,0.19967140233884217
6198,YLR449W YNR054C,0.0,NA,2.4752936951699667e-05,2850,24842,6199,0,0.2670030391549379,0.10291781019789109,1.0,0.8002963822041815,0.19970361779581844
6199,YBL069W YHR166C,0.0,NA,2.4759478037594818e-05,2850,24841,6200,0,0.26703254551355815,0.10292152684987903,1.0,0.8002641667472054,0.1997358332527947
6200,YML051W YHL020C,0.0,NA,2.4760800442891195e-05,2850,24840,6201,0,0.26706205187217846,0.10292524377031419,1.0,0.8002319512902291,0.19976804870977094
6201,YNR023W YJL198W,0.0,NA,2.477052839822136e-05,2850,24839,6202,0,0.2670915582307987,0.10292896095922568,1.0,0.8001997358332528,0.1998002641667472
6202,YMR095C YBR207W,0.0,NA,2.4793405827949755e-05,2850,24838,6203,0,0.26712106458941903,0.1029326784166426,1.0,0.8001675203762766,0.19983247962372347
6203,YNL159C YBR098W,0.0,NA,2.479494287399575e-05,2850,24837,6204,0,0.2671505709480393,0.10293639614259399,1.0,0.8001353049193003,0.19986469508069973
6204,YLR003C YLR417W,0.0,NA,2.481019873812329e-05,2850,24836,6205,0,0.2671800773066596,0.102940114137109,1.0,0.800103089462324,0.19989691053767597
6205,YBR095C YER025W,0.0,NA,2.4812257834128104e-05,2850,24835,6206,0,0.26720958366527986,0.10294383240021672,1.0,0.8000708740053478,0.19992912599465223
6206,YOL151W YGL076C,0.0,NA,2.4826862500049174e-05,2850,24834,6207,0,0.26723909002390017,0.10294755093194626,1.0,0.8000386585483715,0.1999613414516285
6207,YIL009W YGL171W,0.0,NA,2.4904262318159454e-05,2850,24833,6208,0,0.26726859638252043,0.1029512697323267,1.0,0.8000064430913952,0.19999355690860474
6208,YGL194C YBR073W,0.0,NA,2.490621045581065e-05,2850,24832,6209,0,0.26729810274114074,0.10295498880138718,1.0,0.7999742276344189,0.200025772365581
6209,YPL127C YDR075W,0.0,NA,2.4918015697039664e-05,2850,24831,6210,0,0.267327609099761,0.10295870813915682,1.0,0.7999420121774428,0.20005798782255726
6210,YDR386W YJL083W,0.0,NA,2.49236254603602e-05,2850,24830,6211,0,0.26735711545838126,0.10296242774566473,1.0,0.7999097967204665,0.20009020327953353
6211,YOR359W YCR091W,0.0,NA,2.494041109457612e-05,2850,24829,6212,0,0.26738662181700157,0.10296614762094006,1.0,0.7998775812634902,0.20012241873650977
6212,YKL213C YOL051W,0.0,NA,2.4952329113148153e-05,2850,24828,6213,0,0.2674161281756218,0.10296986776501192,1.0,0.799845365806514,0.20015463419348603
6213,YDR346C YBL085W,0.0,NA,2.4962875613709912e-05,2850,24827,6214,0,0.26744563453424214,0.10297358817790946,1.0,0.7998131503495377,0.2001868496504623
6214,YER190W YLR354C,0.0,NA,2.498118919902481e-05,2850,24826,6215,0,0.2674751408928624,0.1029773088596618,1.0,0.7997809348925614,0.20021906510743856
6215,YGR177C YER151C,0.0,NA,2.501995550119318e-05,2850,24825,6216,0,0.2675046472514827,0.10298102981029811,1.0,0.7997487194355852,0.2002512805644148
6216,YOR032C YER081W,0.0,NA,2.505999873392284e-05,2850,24824,6217,0,0.26753415361010296,0.10298475102984751,1.0,0.7997165039786089,0.20028349602139106
6217,YGR178C YNL007C,0.0,NA,2.5096973331528716e-05,2850,24823,6218,0,0.2675636599687233,0.10298847251833917,1.0,0.7996842885216326,0.20031571147836733
6218,YIR023W YNL293W,0.0,NA,2.512003447918687e-05,2850,24822,6219,0,0.26759316632734353,0.10299219427580225,1.0,0.7996520730646565,0.2003479269353436
6219,YDR363W YGR214W,0.0,NA,2.5188495783368126e-05,2850,24821,6220,0,0.26762267268596385,0.10299591630226591,1.0,0.7996198576076802,0.20038014239231983
6220,YHL020C YHR204W,0.0,NA,2.5191618988174014e-05,2850,24820,6221,0,0.2676521790445841,0.1029996385977593,1.0,0.7995876421507039,0.2004123578492961
6221,YIL110W YDR288W,0.0,NA,2.5205892598023638e-05,2850,24819,6222,0,0.2676816854032044,0.10300336116231161,1.0,0.7995554266937277,0.20044457330627236
6222,YDR184C YLR233C,0.0,NA,2.5241686671506613e-05,2850,24818,6223,0,0.2677111917618247,0.103007083995952,1.0,0.7995232112367514,0.20047678876324862
6223,YDR385W YKR072C,0.0,NA,2.5241928597097285e-05,2850,24817,6224,0,0.26774069812044493,0.10301080709870965,1.0,0.7994909957797751,0.20050900422022486
6224,YDR314C YLL019C,0.0,NA,2.524216688470915e-05,2850,24816,6225,0,0.26777020447906524,0.10301453047061375,1.0,0.7994587803227989,0.20054121967720112
6225,YOL086C YOL039W,0.0,NA,2.5334051315439865e-05,2850,24815,6226,0,0.2677997108376855,0.10301825411169348,1.0,0.7994265648658226,0.20057343513417739
6226,YOR375C YMR055C,0.0,NA,2.5338544219266623e-05,2850,24814,6227,0,0.2678292171963058,0.10302197802197802,1.0,0.7993943494088463,0.20060565059115362
6227,YOR281C YMR170C,0.0,NA,2.5340985303046182e-05,2850,24813,6228,0,0.26785872355492607,0.10302570220149658,1.0,0.7993621339518701,0.2006378660481299
6228,YMR011W YDR480W,0.0,NA,2.53538200922776e-05,2850,24812,6229,0,0.2678882299135464,0.10302942665027837,1.0,0.7993299184948939,0.20067008150510615
6229,YNR002C YLR250W,0.0,NA,2.5384981199749745e-05,2850,24811,6230,0,0.26791773627216664,0.10303315136835256,1.0,0.7992977030379176,0.20070229696208242
6230,YLR388W YER001W,0.0,NA,2.5386361812707037e-05,2850,24810,6231,0,0.26794724263078695,0.10303687635574837,1.0,0.7992654875809413,0.20073451241905865
6231,YIL101C YLR085C,0.0,NA,2.540561581554357e-05,2850,24809,6232,0,0.2679767489894072,0.10304060161249502,1.0,0.7992332721239651,0.20076672787603492
6232,YCL031C YFL030W,0.0,NA,2.5428909793845378e-05,2850,24808,6233,0,0.2680062553480275,0.10304432713862173,1.0,0.7992010566669888,0.20079894333301118
6233,YMR194W YNL101W,0.0,NA,2.5482828277745284e-05,2850,24807,6234,0,0.2680357617066478,0.10304805293415772,1.0,0.7991688412100125,0.20083115878998745
6234,YOL054W YOR217W,0.0,NA,2.5610850570956245e-05,2850,24806,6235,0,0.2680652680652681,0.10305177899913219,1.0,0.7991366257530363,0.20086337424696368
6235,YMR281W YBL093C,0.0,NA,2.5643526896601543e-05,2850,24805,6236,0,0.26809477442388835,0.1030555053335744,1.0,0.79910441029606,0.20089558970393995
6236,YDL213C YGR188C,0.0,NA,2.565380054875277e-05,2850,24804,6237,0,0.2681242807825086,0.10305923193751355,1.0,0.7990721948390838,0.2009278051609162
6237,YDL040C YKR088C,0.0,NA,2.5669269234640524e-05,2850,24803,6238,0,0.2681537871411289,0.10306295881097892,1.0,0.7990399793821076,0.20096002061789248
6238,YHR090C YGR256W,0.0,NA,2.5706845917738974e-05,2850,24802,6239,0,0.2681832934997492,0.1030666859539997,1.0,0.7990077639251313,0.2009922360748687
6239,YPL231W YER115C,0.0,NA,2.5732402718858793e-05,2850,24801,6240,0,0.2682127998583695,0.10307041336660519,1.0,0.798975548468155,0.20102445153184498
6240,YML105C YGR074W,0.0,NA,2.5751010980457067e-05,2850,24800,6241,0,0.26824230621698975,0.10307414104882459,1.0,0.7989433330111788,0.20105666698882124
6241,YER025W YJR076C,0.0,NA,2.576658698671963e-05,2850,24799,6242,0,0.26827181257561006,0.10307786900068719,1.0,0.7989111175542025,0.2010888824457975
6242,YLR390W-A YPR049C,0.0,NA,2.5800789444474503e-05,2850,24798,6243,0,0.2683013189342303,0.10308159722222222,1.0,0.7988789020972262,0.20112109790277374
6243,YDL216C YLR115W,0.0,NA,2.58184863923816e-05,2850,24797,6244,0,0.2683308252928506,0.10308532571345896,1.0,0.7988466866402499,0.20115331335975
6244,YIL084C YBR267W,0.0,NA,2.5823288524406962e-05,2850,24796,6245,0,0.2683603316514709,0.10308905447442668,1.0,0.7988144711832738,0.20118552881672627
6245,YBL020W YDL076C,0.0,NA,2.5864395865937695e-05,2850,24795,6246,0,0.2683898380100912,0.10309278350515463,1.0,0.7987822557262975,0.2012177442737025
6246,YLR449W YOL040C,0.0,NA,2.5876239305944182e-05,2850,24794,6247,0,0.26841934436871145,0.10309651280567211,1.0,0.7987500402693212,0.20124995973067877
6247,YMR091C YPR088C,0.0,NA,2.5974020900321193e-05,2850,24793,6248,0,0.26844885072733177,0.10310024237600839,1.0,0.798717824812345,0.20128217518765504
6248,YGR138C YLR432W,0.0,NA,2.5983385057770647e-05,2850,24792,6249,0,0.268478357085952,0.10310397221619275,1.0,0.7986856093553687,0.2013143906446313
6249,YLR397C YOR159C,0.0,NA,2.603760913189035e-05,2850,24791,6250,0,0.2685078634445723,0.10310770232625448,1.0,0.7986533938983924,0.20134660610160754
6250,YDL160C YHR048W,0.0,NA,2.6056910428451374e-05,2850,24790,6251,0,0.2685373698031926,0.10311143270622286,1.0,0.7986211784414162,0.2013788215585838
6251,YOR180C YDR182W,0.0,NA,2.6059891752083786e-05,2850,24789,6252,0,0.26856687616181285,0.1031151633561272,1.0,0.7985889629844399,0.20141103701556007
6252,YPL005W YGR142W,0.0,NA,2.6124462237930857e-05,2850,24788,6253,0,0.26859638252043316,0.10311889427599681,1.0,0.7985567475274636,0.20144325247253633
6253,YKL006W YPR018W,0.0,NA,2.6144776711589657e-05,2850,24787,6254,0,0.2686258888790534,0.10312262546586098,1.0,0.7985245320704875,0.20147546792951257
6254,YHR111W YOL115W,0.0,NA,2.6165900635533035e-05,2850,24786,6255,0,0.26865539523767373,0.10312635692574902,1.0,0.7984923166135112,0.20150768338648883
6255,YOR079C YDL113C,0.0,NA,2.6192565201199614e-05,2850,24785,6256,0,0.268684901596294,0.10313008865569025,1.0,0.7984601011565349,0.2015398988434651
6256,YDR277C YER082C,0.0,NA,2.6213581804768182e-05,2850,24784,6257,0,0.2687144079549143,0.10313382065571397,1.0,0.7984278856995587,0.20157211430044136
6257,YOL132W YOR030W,0.0,NA,2.6244346372550353e-05,2850,24783,6258,0,0.26874391431353456,0.10313755292584953,1.0,0.7983956702425824,0.2016043297574176
6258,YDR300C YGL012W,0.0,NA,2.6262947358191013e-05,2850,24782,6259,0,0.2687734206721549,0.10314128546612623,1.0,0.7983634547856061,0.20163654521439386
6259,YDR369C YPL171C,0.0,NA,2.62740213656798e-05,2850,24781,6260,0,0.26880292703077513,0.10314501827657341,1.0,0.7983312393286299,0.20166876067137013
6260,YOL005C YOR346W,0.0,NA,2.630016751936637e-05,2850,24780,6261,0,0.26883243338939544,0.10314875135722042,1.0,0.7982990238716536,0.2017009761283464
6261,YOR119C YMR194W,0.0,NA,2.6332165361964144e-05,2850,24779,6262,0,0.2688619397480157,0.10315248470809657,1.0,0.7982668084146773,0.20173319158532263
6262,YLR080W YHR134W,0.0,NA,2.635105738590937e-05,2850,24778,6263,0,0.26889144610663596,0.10315621832923122,1.0,0.798234592957701,0.2017654070422989
6263,YDL061C YER131W,0.0,NA,2.6364479708718136e-05,2850,24777,6264,0,0.26892095246525627,0.1031599522206537,1.0,0.7982023775007249,0.20179762249927516
6264,YGL090W YOL010W,0.0,NA,2.637685065565165e-05,2850,24776,6265,0,0.2689504588238765,0.1031636863823934,1.0,0.7981701620437486,0.2018298379562514
6265,YBR173C YJL106W,0.0,NA,2.6388726837467402e-05,2850,24775,6266,0,0.26897996518249684,0.10316742081447963,1.0,0.7981379465867723,0.20186205341322766
6266,YOR109W YBR065C,0.0,NA,2.6425495889270678e-05,2850,24774,6267,0,0.2690094715411171,0.1031711555169418,1.0,0.7981057311297961,0.20189426887020392
6267,YOR242C YOR108W,0.0,NA,2.6448513381183147e-05,2850,24773,6268,0,0.2690389778997374,0.10317489048980921,1.0,0.7980735156728198,0.2019264843271802
6268,YDR422C YHL027W,0.0,NA,2.6452626116224565e-05,2850,24772,6269,0,0.26906848425835767,0.10317862573311129,1.0,0.7980413002158435,0.20195869978415643
6269,YLL061W YER110C,0.0,NA,2.6480287488084286e-05,2850,24771,6270,0,0.269097990616978,0.10318236124687738,1.0,0.7980090847588673,0.2019909152411327
6270,YFR010W YJL214W,0.0,NA,2.6492311008041725e-05,2850,24770,6271,0,0.26912749697559823,0.10318609703113686,1.0,0.797976869301891,0.20202313069810895
6271,YCR063W YOR133W,0.0,NA,2.6513340344536118e-05,2850,24769,6272,0,0.26915700333421855,0.10318983308591911,1.0,0.7979446538449148,0.20205534615508522
6272,YDL031W YOR243C,0.0,NA,2.6573785362415947e-05,2850,24768,6273,0,0.2691865096928388,0.10319356941125353,1.0,0.7979124383879386,0.20208756161206146
6273,YDR288W YLR043C,0.0,NA,2.6592750145937316e-05,2850,24767,6274,0,0.2692160160514591,0.1031973060071695,1.0,0.7978802229309623,0.20211977706903772
6274,YBR193C YOR236W,0.0,NA,2.6598278054734692e-05,2850,24766,6275,0,0.2692455224100794,0.10320104287369641,1.0,0.797848007473986,0.20215199252601398
6275,YPR138C YLR044C,0.0,NA,2.6603756850818172e-05,2850,24765,6276,0,0.26927502876869963,0.10320478001086367,1.0,0.7978157920170098,0.20218420798299025
6276,YBR168W YPL149W,0.0,NA,2.6633788365870714e-05,2850,24764,6277,0,0.26930453512731994,0.10320851741870066,1.0,0.7977835765600335,0.2022164234399665
6277,YAL059W YML095C,0.0,NA,2.6643874662113376e-05,2850,24763,6278,0,0.2693340414859402,0.1032122550972368,1.0,0.7977513611030572,0.20224863889694275
6278,YOL117W YNL016W,0.0,NA,2.6693060135585256e-05,2850,24762,6279,0,0.2693635478445605,0.10321599304650152,1.0,0.797719145646081,0.20228085435391902
6279,YER025W YMR229C,0.0,NA,2.6694409825722687e-05,2850,24761,6280,0,0.26939305420318077,0.10321973126652421,1.0,0.7976869301891047,0.20231306981089528
6280,YDR261C YLR285W,0.0,NA,2.672033770068083e-05,2850,24760,6281,0,0.2694225605618011,0.1032234697573343,1.0,0.7976547147321285,0.20234528526787152
6281,YPL156C YPL010W,0.0,NA,2.672308801265899e-05,2850,24759,6282,0,0.26945206692042134,0.10322720851896121,1.0,0.7976224992751522,0.20237750072484778
6282,YDR216W YOR323C,0.0,NA,2.6739709937828593e-05,2850,24758,6283,0,0.26948157327904165,0.10323094755143436,1.0,0.797590283818176,0.20240971618182405
6283,YJL081C YHR142W,0.0,NA,2.6748204618343152e-05,2850,24757,6284,0,0.2695110796376619,0.10323468685478321,1.0,0.7975580683611997,0.2024419316388003
6284,YMR316W YOL049W,0.0,NA,2.677163138287142e-05,2850,24756,6285,0,0.2695405859962822,0.10323842642903716,1.0,0.7975258529042234,0.20247414709577655
6285,YEL071W YOR090C,0.0,NA,2.6821257051778957e-05,2850,24755,6286,0,0.2695700923549025,0.10324216627422568,1.0,0.7974936374472472,0.2025063625527528
6286,YBR256C YCR027C,0.0,NA,2.6824121960089542e-05,2850,24754,6287,0,0.26959959871352274,0.1032459063903782,1.0,0.7974614219902709,0.20253857800972908
6287,YLR432W YKL032C,0.0,NA,2.682614285731688e-05,2850,24753,6288,0,0.26962910507214305,0.10324964677752418,1.0,0.7974292065332946,0.2025707934667053
6288,YIL144W YOL068C,0.0,NA,2.6838091798708774e-05,2850,24752,6289,0,0.2696586114307633,0.10325338743569307,1.0,0.7973969910763185,0.20260300892368158
6289,YJL189W YKR009C,0.0,NA,2.6854246243601665e-05,2850,24751,6290,0,0.2696881177893836,0.10325712836491431,1.0,0.7973647756193422,0.20263522438065784
6290,YOR148C YPL089C,0.0,NA,2.6866260668612085e-05,2850,24750,6291,0,0.2697176241480039,0.10326086956521739,1.0,0.7973325601623659,0.2026674398376341
6291,YGL113W YOR123C,0.0,NA,2.687402411538642e-05,2850,24749,6292,0,0.2697471305066242,0.10326461103663176,1.0,0.7973003447053897,0.20269965529461034
6292,YJL034W YKR046C,0.0,NA,2.6878971766564064e-05,2850,24748,6293,0,0.26977663686524445,0.1032683527791869,1.0,0.7972681292484134,0.2027318707515866
6293,YIL079C YBR265W,0.0,NA,2.688017593754921e-05,2850,24747,6294,0,0.26980614322386476,0.10327209479291227,1.0,0.7972359137914371,0.20276408620856287
6294,YOL049W YMR235C,0.0,NA,2.6899999284069054e-05,2850,24746,6295,0,0.269835649582485,0.10327583707783737,1.0,0.7972036983344609,0.20279630166553914
6295,YLR250W YOL120C,0.0,NA,2.6910158339887857e-05,2850,24745,6296,0,0.26986515594110533,0.10327957963399166,1.0,0.7971714828774846,0.20282851712251537
6296,YBL101C YKL058W,0.0,NA,2.6926589271170087e-05,2850,24744,6297,0,0.2698946622997256,0.10328332246140465,1.0,0.7971392674205083,0.20286073257949164
6297,YGR179C YER009W,0.0,NA,2.6951944164466113e-05,2850,24743,6298,0,0.2699241686583459,0.10328706556010582,1.0,0.7971070519635322,0.2028929480364679
6298,YCL040W YIL083C,0.0,NA,2.6960686227539554e-05,2850,24742,6299,0,0.26995367501696615,0.10329080893012467,1.0,0.7970748365065559,0.20292516349344417
6299,YER059W YBR026C,0.0,NA,2.6977353627444245e-05,2850,24741,6300,0,0.2699831813755864,0.1032945525714907,1.0,0.7970426210495796,0.2029573789504204
6300,YJL050W YLR214W,0.0,NA,2.7008809411199763e-05,2850,24740,6301,0,0.2700126877342067,0.10329829648423342,1.0,0.7970104055926033,0.20298959440739667
6301,YOR083W YOR362C,0.0,NA,2.7081099688075483e-05,2850,24739,6302,0,0.270042194092827,0.10330204066838232,1.0,0.7969781901356271,0.20302180986437293
6302,YGL073W YDR364C,0.0,NA,2.7092028176411986e-05,2850,24738,6303,0,0.2700717004514473,0.10330578512396695,1.0,0.7969459746786508,0.2030540253213492
6303,YGR145W YGL016W,0.0,NA,2.7101978048449382e-05,2850,24737,6304,0,0.27010120681006755,0.10330952985101678,1.0,0.7969137592216745,0.20308624077832543
6304,YLR047C YPL033C,0.0,NA,2.7127964131068438e-05,2850,24736,6305,0,0.27013071316868786,0.10331327484956138,1.0,0.7968815437646983,0.2031184562353017
6305,YGR097W YGR194C,0.0,NA,2.7152735128765926e-05,2850,24735,6306,0,0.2701602195273081,0.10331702011963023,1.0,0.796849328307722,0.20315067169227796
6306,YEL029C YGL037C,0.0,NA,2.71595963567961e-05,2850,24734,6307,0,0.27018972588592843,0.1033207656612529,1.0,0.7968171128507457,0.2031828871492542
6307,YDL019C YOL067C,0.0,NA,2.7215211957809515e-05,2850,24733,6308,0,0.2702192322445487,0.10332451147445891,1.0,0.7967848973937696,0.20321510260623046
6308,YPL179W YER179W,0.0,NA,2.7224295990890823e-05,2850,24732,6309,0,0.270248738603169,0.10332825755927778,1.0,0.7967526819367933,0.20324731806320673
6309,YBR131W YDR127W,0.0,NA,2.7250480343354866e-05,2850,24731,6310,0,0.27027824496178926,0.1033320039157391,1.0,0.796720466479817,0.203279533520183
6310,YGR007W YBR082C,0.0,NA,2.7273199521005154e-05,2850,24730,6311,0,0.2703077513204096,0.10333575054387237,1.0,0.7966882510228408,0.20331174897715923
6311,YPL045W YIL167W,0.0,NA,2.7328658688929863e-05,2850,24729,6312,0,0.27033725767902983,0.10333949744370717,1.0,0.7966560355658645,0.2033439644341355
6312,YLR227C YMR179W,0.0,NA,2.733475594141055e-05,2850,24728,6313,0,0.2703667640376501,0.10334324461527304,1.0,0.7966238201088882,0.20337617989111176
6313,YIR004W YDR211W,0.0,NA,2.7340489396010526e-05,2850,24727,6314,0,0.2703962703962704,0.10334699205859955,1.0,0.796591604651912,0.20340839534808802
6314,YJL109C YOL110W,0.0,NA,2.736005262704566e-05,2850,24726,6315,0,0.27042577675489066,0.10335073977371627,1.0,0.7965593891949357,0.20344061080506426
6315,YJL056C YKL189W,0.0,NA,2.7361096726963297e-05,2850,24725,6316,0,0.27045528311351097,0.10335448776065277,1.0,0.7965271737379594,0.20347282626204052
6316,YER083C YGR096W,0.0,NA,2.7392270567361265e-05,2850,24724,6317,0,0.2704847894721312,0.1033582360194386,1.0,0.7964949582809833,0.2035050417190168
6317,YMR297W YPR031W,0.0,NA,2.7396292352932505e-05,2850,24723,6318,0,0.27051429583075154,0.10336198455010336,1.0,0.796462742824007,0.20353725717599305
6318,YDR538W YOR179C,0.0,NA,2.7406536901253276e-05,2850,24722,6319,0,0.2705438021893718,0.10336573335267663,1.0,0.7964305273670307,0.2035694726329693
6319,YBR252W YHR108W,0.0,NA,2.74209651252022e-05,2850,24721,6320,0,0.2705733085479921,0.10336948242718799,1.0,0.7963983119100544,0.20360168808994555
6320,YBR079C YBR088C,0.0,NA,2.7422325729276054e-05,2850,24720,6321,0,0.27060281490661237,0.10337323177366703,1.0,0.7963660964530782,0.20363390354692182
6321,YKR104W YLR256W,0.0,NA,2.7424810468801297e-05,2850,24719,6322,0,0.2706323212652327,0.10337698139214335,1.0,0.7963338809961019,0.20366611900389808
6322,YGL227W YDR452W,0.0,NA,2.7429230613051914e-05,2850,24718,6323,0,0.27066182762385294,0.10338073128264655,1.0,0.7963016655391256,0.20369833446087432
6323,YAR007C YBR258C,0.0,NA,2.74682624876732e-05,2850,24717,6324,0,0.27069133398247325,0.10338448144520622,1.0,0.7962694500821494,0.20373054991785058
6324,YFL031W YJL177W,0.0,NA,2.752072578005027e-05,2850,24716,6325,0,0.2707208403410935,0.103388231879852,1.0,0.7962372346251732,0.20376276537482685
6325,YGL205W YFL018C,0.0,NA,2.762738222372718e-05,2850,24715,6326,0,0.27075034669971376,0.10339198258661346,1.0,0.7962050191681969,0.20379498083180309
6326,YPL086C YDL043C,0.0,NA,2.7647098249872215e-05,2850,24714,6327,0,0.2707798530583341,0.10339573356552025,1.0,0.7961728037112207,0.20382719628877935
6327,YEL018W YMR251W,0.0,NA,2.7651156415231526e-05,2850,24713,6328,0,0.27080935941695433,0.10339948481660197,1.0,0.7961405882542444,0.20385941174575561
6328,YHR031C YCL044C,0.0,NA,2.7660311388899572e-05,2850,24712,6329,0,0.27083886577557464,0.10340323633988825,1.0,0.7961083727972681,0.20389162720273188
6329,YCL064C YFL047W,0.0,NA,2.7691532523022033e-05,2850,24711,6330,0,0.2708683721341949,0.10340698813540873,1.0,0.7960761573402919,0.20392384265970812
6330,YLR449W YGL091C,0.0,NA,2.769293132587336e-05,2850,24710,6331,0,0.2708978784928152,0.10341074020319303,1.0,0.7960439418833156,0.20395605811668438
6331,YGL062W YLL021W,0.0,NA,2.7695443350239657e-05,2850,24709,6332,0,0.27092738485143547,0.1034144925432708,1.0,0.7960117264263393,0.20398827357366064
6332,YJL091C YPR069C,0.0,NA,2.7702284569386393e-05,2850,24708,6333,0,0.2709568912100558,0.10341824515567168,1.0,0.7959795109693631,0.2040204890306369
6333,YOL132W YPR179C,0.0,NA,2.7702839361154474e-05,2850,24707,6334,0,0.27098639756867604,0.1034219980404253,1.0,0.7959472955123869,0.20405270448761315
6334,YJL136C YER062C,0.0,NA,2.773239066300448e-05,2850,24706,6335,0,0.27101590392729635,0.10342575119756132,1.0,0.7959150800554106,0.2040849199445894
6335,YAR071W YPR086W,0.0,NA,2.7785757993115112e-05,2850,24705,6336,0,0.2710454102859166,0.10342950462710941,1.0,0.7958828645984344,0.20411713540156567
6336,YOR136W YOL049W,0.0,NA,2.7794081688625738e-05,2850,24704,6337,0,0.2710749166445369,0.10343325832909922,1.0,0.7958506491414581,0.20414935085854194
6337,YDR009W YKL126W,0.0,NA,2.7811845939140767e-05,2850,24703,6338,0,0.2711044230031572,0.10343701230356041,1.0,0.7958184336844818,0.20418156631551818
6338,YPR021C YOR362C,0.0,NA,2.7851046979776584e-05,2850,24702,6339,0,0.27113392936177744,0.10344076655052264,1.0,0.7957862182275055,0.20421378177249444
6339,YER142C YDR180W,0.0,NA,2.7860316549777053e-05,2850,24701,6340,0,0.27116343572039775,0.1034445210700156,1.0,0.7957540027705293,0.2042459972294707
6340,YCR066W YCR039C,0.0,NA,2.787599623843562e-05,2850,24700,6341,0,0.271192942079018,0.10344827586206896,1.0,0.795721787313553,0.20427821268644697
6341,YIL077C YHR085W,0.0,NA,2.7884370865649544e-05,2850,24699,6342,0,0.2712224484376383,0.1034520309267124,1.0,0.7956895718565767,0.2043104281434232
6342,YLR399C YEL062W,0.0,NA,2.7931346266996115e-05,2850,24698,6343,0,0.2712519547962586,0.1034557862639756,1.0,0.7956573563996006,0.20434264360039947
6343,YDL112W YCL038C,0.0,NA,2.798619243549183e-05,2850,24697,6344,0,0.2712814611548789,0.10345954187388827,1.0,0.7956251409426243,0.20437485905737574
6344,YIL110W YGL051W,0.0,NA,2.80066960840486e-05,2850,24696,6345,0,0.27131096751349915,0.10346329775648007,1.0,0.795592925485648,0.204407074514352
6345,YML071C YOL091W,0.0,NA,2.8015752832288854e-05,2850,24695,6346,0,0.27134047387211946,0.10346705391178072,1.0,0.7955607100286718,0.20443928997132824
6346,YLR047C YBR021W,0.0,NA,2.802326162054669e-05,2850,24694,6347,0,0.2713699802307397,0.10347081033981992,1.0,0.7955284945716955,0.2044715054283045
6347,YOL086C YHR154W,0.0,NA,2.8054597351001576e-05,2850,24693,6348,0,0.27139948658936003,0.10347456704062738,1.0,0.7954962791147192,0.20450372088528077
6348,YDR300C YGR172C,0.0,NA,2.8081820346415043e-05,2850,24692,6349,0,0.2714289929479803,0.1034783240142328,1.0,0.795464063657743,0.204535936342257
6349,YKR008W YDL220C,0.0,NA,2.818532993842382e-05,2850,24691,6350,0,0.2714584993066006,0.10348208126066592,1.0,0.7954318482007667,0.20456815179923327
6350,YEL051W YJR082C,0.0,NA,2.8201327950228006e-05,2850,24690,6351,0,0.27148800566522086,0.10348583877995643,1.0,0.7953996327437904,0.20460036725620953
6351,YPR173C YOR340C,0.0,NA,2.825290175678674e-05,2850,24689,6352,0,0.2715175120238411,0.10348959657213407,1.0,0.7953674172868143,0.2046325827131858
6352,YDR312W YOR007C,0.0,NA,2.8304413717705756e-05,2850,24688,6353,0,0.2715470183824614,0.10349335463722856,1.0,0.795335201829838,0.20466479817016203
6353,YLR113W YDR516C,0.0,NA,2.83177232631715e-05,2850,24687,6354,0,0.2715765247410817,0.10349711297526963,1.0,0.7953029863728617,0.2046970136271383
6354,YPL007C YNL175C,0.0,NA,2.8332633519312367e-05,2850,24686,6355,0,0.271606031099702,0.10350087158628704,1.0,0.7952707709158855,0.20472922908411456
6355,YIL030C YOL045W,0.0,NA,2.8367971026455052e-05,2850,24685,6356,0,0.27163553745832225,0.10350463047031051,1.0,0.7952385554589092,0.20476144454109083
6356,YDR422C YPL138C,0.0,NA,2.8392571039148606e-05,2850,24684,6357,0,0.27166504381694256,0.1035083896273698,1.0,0.7952063400019329,0.20479365999806706
6357,YDR057W YNL090W,0.0,NA,2.8428388759493828e-05,2850,24683,6358,0,0.2716945501755628,0.10351214905749465,1.0,0.7951741245449566,0.20482587545504333
6358,YOL101C YDL175C,0.0,NA,2.844132177415304e-05,2850,24682,6359,0,0.27172405653418313,0.1035159087607148,1.0,0.7951419090879804,0.2048580909120196
6359,YOL093W YDR392W,0.0,NA,2.8452717742766254e-05,2850,24681,6360,0,0.2717535628928034,0.10351966873706005,1.0,0.7951096936310041,0.20489030636899586
6360,YDR263C YDR497C,0.0,NA,2.846799725375604e-05,2850,24680,6361,0,0.2717830692514237,0.10352342898656011,1.0,0.7950774781740279,0.2049225218259721
6361,YDR044W YLR047C,0.0,NA,2.847217911039479e-05,2850,24679,6362,0,0.27181257561004396,0.10352718950924479,1.0,0.7950452627170517,0.20495473728294836
6362,YPR137W YJL219W,0.0,NA,2.8476115403464064e-05,2850,24678,6363,0,0.2718420819686643,0.10353095030514385,1.0,0.7950130472600754,0.20498695273992462
6363,YCL037C YGL168W,0.0,NA,2.850464625225868e-05,2850,24677,6364,0,0.27187158832728453,0.10353471137428706,1.0,0.7949808318030991,0.20501916819690089
6364,YOR133W YMR077C,0.0,NA,2.8513615689007565e-05,2850,24676,6365,0,0.2719010946859048,0.1035384727167042,1.0,0.7949486163461229,0.20505138365387712
6365,YCR039C YGR119C,0.0,NA,2.853099795174785e-05,2850,24675,6366,0,0.2719306010445251,0.10354223433242507,1.0,0.7949164008891466,0.2050835991108534
6366,YMR162C YNL278W,0.0,NA,2.8566228138515726e-05,2850,24674,6367,0,0.27196010740314536,0.10354599622147943,1.0,0.7948841854321703,0.20511581456782965
6367,YML069W YPL259C,0.0,NA,2.8580832804436795e-05,2850,24673,6368,0,0.27198961376176567,0.1035497583838971,1.0,0.7948519699751941,0.2051480300248059
6368,YML115C YOR363C,0.0,NA,2.8603571990970522e-05,2850,24672,6369,0,0.2720191201203859,0.10355352081970787,1.0,0.7948197545182178,0.20518024548178215
6369,YHR086W YOR279C,0.0,NA,2.8664793717325665e-05,2850,24671,6370,0,0.27204862647900624,0.10355728352894153,1.0,0.7947875390612416,0.20521246093875842
6370,YGR023W YDL003W,0.0,NA,2.867020884878002e-05,2850,24670,6371,0,0.2720781328376265,0.10356104651162791,1.0,0.7947553236042654,0.20524467639573468
6371,YOR109W YDR486C,0.0,NA,2.8672560802078806e-05,2850,24669,6372,0,0.2721076391962468,0.10356480976779679,1.0,0.7947231081472891,0.20527689185271092
6372,YNR007C YIL128W,0.0,NA,2.8771331926691346e-05,2850,24668,6373,0,0.27213714555486707,0.10356857329747801,1.0,0.7946908926903128,0.20530910730968718
6373,YNL264C YOR073W,0.0,NA,2.878277337003965e-05,2850,24667,6374,0,0.2721666519134874,0.10357233710070138,1.0,0.7946586772333366,0.20534132276666345
6374,YOL155C YER029C,0.0,NA,2.8796530386898667e-05,2850,24666,6375,0,0.27219615827210764,0.10357610117749673,1.0,0.7946264617763603,0.2053735382236397
6375,YDR137W YPL120W,0.0,NA,2.8817188649554737e-05,2850,24665,6376,0,0.27222566463072795,0.10357986552789387,1.0,0.794594246319384,0.20540575368061595
6376,YHR079C YIR005W,0.0,NA,2.8836762794526294e-05,2850,24664,6377,0,0.2722551709893482,0.10358363015192265,1.0,0.7945620308624077,0.2054379691375922
6377,YKR055W YNL166C,0.0,NA,2.8846663553849794e-05,2850,24663,6378,0,0.27228467734796846,0.10358739504961291,1.0,0.7945298154054315,0.20547018459456848
6378,YOR070C YAL028W,0.0,NA,2.8899916287628002e-05,2850,24662,6379,0,0.2723141837065888,0.10359116022099447,1.0,0.7944975999484553,0.20550240005154474
6379,YLR234W YBR088C,0.0,NA,2.9065140552120283e-05,2850,24661,6380,0,0.27234369006520903,0.1035949256660972,1.0,0.794465384491479,0.20553461550852098
6380,YLR383W YOR043W,0.0,NA,2.9068245567032136e-05,2850,24660,6381,0,0.27237319642382934,0.10359869138495092,1.0,0.7944331690345028,0.20556683096549724
6381,YNL016W YPL003W,0.0,NA,2.9104359782650135e-05,2850,24659,6382,0,0.2724027027824496,0.10360245737758551,1.0,0.7944009535775265,0.2055990464224735
6382,YOR380W YPL011C,0.0,NA,2.9113356504240073e-05,2850,24658,6383,0,0.2724322091410699,0.10360622364403083,1.0,0.7943687381205502,0.20563126187944977
6383,YER089C YGL078C,0.0,NA,2.911907540692482e-05,2850,24657,6384,0,0.27246171549969017,0.10360999018431671,1.0,0.794336522663574,0.205663477336426
6384,YHR001W YGR049W,0.0,NA,2.9124796128598973e-05,2850,24656,6385,0,0.2724912218583105,0.10361375699847306,1.0,0.7943043072065977,0.20569569279340227
6385,YKR092C YMR039C,0.0,NA,2.913729622378014e-05,2850,24655,6386,0,0.27252072821693074,0.10361752408652972,1.0,0.7942720917496214,0.20572790825037854
6386,YNL124W YOL121C,0.0,NA,2.9141967388568446e-05,2850,24654,6387,0,0.27255023457555105,0.10362129144851658,1.0,0.7942398762926453,0.20576012370735478
6387,YHR211W YKL188C,0.0,NA,2.917118945333641e-05,2850,24653,6388,0,0.2725797409341713,0.10362505908446351,1.0,0.794207660835669,0.20579233916433104
6388,YBR081C YDR471W,0.0,NA,2.917230267485138e-05,2850,24652,6389,0,0.2726092472927916,0.1036288269944004,1.0,0.7941754453786927,0.2058245546213073
6389,YPL274W YBL058W,0.0,NA,2.9172968424973078e-05,2850,24651,6390,0,0.2726387536514119,0.10363259517835716,1.0,0.7941432299217165,0.20585677007828357
6390,YPR185W YLR260W,0.0,NA,2.917950951086823e-05,2850,24650,6391,0,0.27266826001003214,0.10363636363636364,1.0,0.7941110144647402,0.2058889855352598
6391,YIL120W YOL091W,0.0,NA,2.9216207622084767e-05,2850,24649,6392,0,0.27269776636865245,0.10364013236844977,1.0,0.7940787990077639,0.20592120099223607
6392,YDR397C YHR206W,0.0,NA,2.9218101190053858e-05,2850,24648,6393,0,0.2727272727272727,0.10364390137464542,1.0,0.7940465835507877,0.20595341644921233
6393,YCL052C YKL108W,0.0,NA,2.922743806266226e-05,2850,24647,6394,0,0.272756779085893,0.10364767065498054,1.0,0.7940143680938114,0.2059856319061886
6394,YDR030C YOL001W,0.0,NA,2.923003012256231e-05,2850,24646,6395,0,0.2727862854445133,0.10365144020948501,1.0,0.7939821526368351,0.20601784736316484
6395,YHR161C YOR014W,0.0,NA,2.9238810384413227e-05,2850,24645,6396,0,0.2728157918031336,0.10365521003818876,1.0,0.7939499371798588,0.2060500628201411
6396,YBL019W YLR447C,0.0,NA,2.9253007596707903e-05,2850,24644,6397,0,0.27284529816175385,0.1036589801411217,1.0,0.7939177217228827,0.20608227827711736
6397,YFR051C YDR334W,0.0,NA,2.926668275904376e-05,2850,24643,6398,0,0.27287480452037416,0.10366275051831375,1.0,0.7938855062659064,0.20611449373409363
6398,YER100W YML063W,0.0,NA,2.9272039682837203e-05,2850,24642,6399,0,0.2729043108789944,0.10366652116979486,1.0,0.7938532908089301,0.20614670919106987
6399,YIL097W YLR043C,0.0,NA,2.927790228568483e-05,2850,24641,6400,0,0.27293381723761473,0.10367029209559492,1.0,0.7938210753519539,0.20617892464804613
6400,YMR251W-A YHR216W,0.0,NA,2.9284352422109805e-05,2850,24640,6401,0,0.272963323596235,0.10367406329574391,1.0,0.7937888598949776,0.2062111401050224
6401,YPL243W YKL127W,0.0,NA,2.933707037300337e-05,2850,24639,6402,0,0.2729928299548553,0.10367783477027175,1.0,0.7937566444380013,0.20624335556199866
6402,YOR073W YLR121C,0.0,NA,2.9340344553929754e-05,2850,24638,6403,0,0.27302233631347556,0.10368160651920838,1.0,0.7937244289810251,0.2062755710189749
6403,YKR092C YKL042W,0.0,NA,2.9342443667701446e-05,2850,24637,6404,0,0.2730518426720958,0.10368537854258376,1.0,0.7936922135240488,0.20630778647595116
6404,YDR156W YPR201W,0.0,NA,2.9345494112931192e-05,2850,24636,6405,0,0.2730813490307161,0.10368915084042786,1.0,0.7936599980670725,0.20634000193292742
6405,YLR051C YER098W,0.0,NA,2.9387529139057733e-05,2850,24635,6406,0,0.2731108553893364,0.1036929234127706,1.0,0.7936277826100964,0.2063722173899037
6406,YDR146C YDR313C,0.0,NA,2.941495222330559e-05,2850,24634,6407,0,0.2731403617479567,0.10369669625964198,1.0,0.7935955671531201,0.20640443284687993
6407,YDR146C YGL254W,0.0,NA,2.942350874945987e-05,2850,24633,6408,0,0.27316986810657695,0.10370046938107194,1.0,0.7935633516961438,0.2064366483038562
6408,YIR017C YDR207C,0.0,NA,2.9445347536238842e-05,2850,24632,6409,0,0.27319937446519726,0.10370424277709046,1.0,0.7935311362391676,0.20646886376083246
6409,YDL215C YER014W,0.0,NA,2.9448156055877917e-05,2850,24631,6410,0,0.2732288808238175,0.10370801644772752,1.0,0.7934989207821913,0.2065010792178087
6410,YIL035C YBR107C,0.0,NA,2.947889151982963e-05,2850,24630,6411,0,0.27325838718243783,0.1037117903930131,1.0,0.793466705325215,0.20653329467478496
6411,YLR396C YDR213W,0.0,NA,2.9549568353104405e-05,2850,24629,6412,0,0.2732878935410581,0.10371556461297718,1.0,0.7934344898682388,0.20656551013176122
6412,YOL051W YOR157C,0.0,NA,2.9626851755892858e-05,2850,24628,6413,0,0.2733173998996784,0.10371933910764976,1.0,0.7934022744112625,0.20659772558873749
6413,YNR074C YIL049W,0.0,NA,2.9652575904037803e-05,2850,24627,6414,0,0.27334690625829866,0.10372311387706082,1.0,0.7933700589542863,0.20662994104571372
6414,YCL067C YNL085W,0.0,NA,2.966100328194443e-05,2850,24626,6415,0,0.273376412616919,0.10372688892124035,1.0,0.79333784349731,0.20666215650269
6415,YNL281W YNR002C,0.0,NA,2.9679789804504253e-05,2850,24625,6416,0,0.27340591897553923,0.10373066424021839,1.0,0.7933056280403338,0.20669437195966625
6416,YKR103W YBR170C,0.0,NA,2.9688681024708785e-05,2850,24624,6417,0,0.2734354253341595,0.1037344398340249,1.0,0.7932734125833575,0.20672658741664252
6417,YCR009C YMR092C,0.0,NA,2.9701312087127008e-05,2850,24623,6418,0,0.2734649316927798,0.10373821570268991,1.0,0.7932411971263812,0.20675880287361875
6418,YPR168W YOR039W,0.0,NA,2.974689232360106e-05,2850,24622,6419,0,0.27349443805140006,0.10374199184624344,1.0,0.793208981669405,0.20679101833059502
6419,YDL013W YOR035C,0.0,NA,2.9763177735731006e-05,2850,24621,6420,0,0.27352394441002037,0.10374576826471552,1.0,0.7931767662124287,0.20682323378757128
6420,YOR377W YPR145W,0.0,NA,2.984167804243043e-05,2850,24620,6421,0,0.2735534507686406,0.10374954495813615,1.0,0.7931445507554524,0.20685544924454755
6421,YLR176C YGR234W,0.0,NA,2.9842020012438297e-05,2850,24619,6422,0,0.27358295712726094,0.10375332192653537,1.0,0.7931123352984762,0.20688766470152378
6422,YPL111W YBR089C-A,0.0,NA,2.9873735911678523e-05,2850,24618,6423,0,0.2736124634858812,0.1037570991699432,1.0,0.7930801198415,0.20691988015850005
6423,YLR380W YDR057W,0.0,NA,2.9900673325755633e-05,2850,24617,6424,0,0.2736419698445015,0.10376087668838971,1.0,0.7930479043845237,0.2069520956154763
6424,YMR311C YGL093W,0.0,NA,2.991721521539148e-05,2850,24616,6425,0,0.27367147620312177,0.1037646544819049,1.0,0.7930156889275475,0.20698431107245258
6425,YBR200W YCR024C-A,0.0,NA,2.9937762519693933e-05,2850,24615,6426,0,0.2737009825617421,0.10376843255051885,1.0,0.7929834734705712,0.2070165265294288
6426,YFL050C YGL142C,0.0,NA,2.9945729693281464e-05,2850,24614,6427,0,0.27373048892036234,0.10377221089426159,1.0,0.7929512580135949,0.20704874198640508
6427,YLR047C YJR109C,0.0,NA,2.9962013286422007e-05,2850,24613,6428,0,0.2737599952789826,0.10377598951316316,1.0,0.7929190425566187,0.20708095744338134
6428,YGR040W YBL098W,0.0,NA,2.9985081710037775e-05,2850,24612,6429,0,0.2737895016376029,0.10377976840725366,1.0,0.7928868270996424,0.20711317290035758
6429,YDR253C YOL127W,0.0,NA,2.999649223056622e-05,2850,24611,6430,0,0.27381900799622316,0.10378354757656312,1.0,0.7928546116426661,0.20714538835733384
6430,YDL143W YBR026C,0.0,NA,3.0055192837608047e-05,2850,24610,6431,0,0.2738485143548435,0.10378732702112163,1.0,0.79282239618569,0.2071776038143101
6431,YOR213C YPR007C,0.0,NA,3.013098285009619e-05,2850,24609,6432,0,0.27387802071346373,0.10379110674095925,1.0,0.7927901807287137,0.20720981927128637
6432,YGR074W YGR180C,0.0,NA,3.0172763217706233e-05,2850,24608,6433,0,0.27390752707208404,0.10379488673610605,1.0,0.7927579652717374,0.2072420347282626
6433,YKL156W YOR007C,0.0,NA,3.0204026188584976e-05,2850,24607,6434,0,0.2739370334307043,0.10379866700659213,1.0,0.7927257498147611,0.20727425018523887
6434,YOR136W YKL127W,0.0,NA,3.0208118914742954e-05,2850,24606,6435,0,0.2739665397893246,0.10380244755244755,1.0,0.7926935343577849,0.20730646564221514
6435,YGR179C YOL039W,0.0,NA,3.0242967113736086e-05,2850,24605,6436,0,0.27399604614794487,0.10380622837370242,1.0,0.7926613189008086,0.2073386810991914
6436,YBR109C YNL289W,0.0,NA,3.025413207069505e-05,2850,24604,6437,0,0.2740255525065652,0.10381000947038684,1.0,0.7926291034438323,0.20737089655616764
6437,YOL132W YDR055W,0.0,NA,3.0335488190758042e-05,2850,24603,6438,0,0.27405505886518544,0.10381379084253087,1.0,0.7925968879868561,0.2074031120131439
6438,YDL125C YJR053W,0.0,NA,3.033725261047948e-05,2850,24602,6439,0,0.27408456522380575,0.10381757249016466,1.0,0.7925646725298798,0.20743532747012017
6439,YHR028C YDR143C,0.0,NA,3.0345354389282875e-05,2850,24601,6440,0,0.274114071582426,0.10382135441331827,1.0,0.7925324570729035,0.20746754292709643
6440,YNL094W YGL215W,0.0,NA,3.037048372789286e-05,2850,24600,6441,0,0.27414357794104627,0.10382513661202186,1.0,0.7925002416159274,0.20749975838407267
6441,YBL058W YER131W,0.0,NA,3.0371582397492602e-05,2850,24599,6442,0,0.2741730842996666,0.10382891908630551,1.0,0.7924680261589511,0.20753197384104893
6442,YBR167C YBR049C,0.0,NA,3.0411551051656716e-05,2850,24598,6443,0,0.27420259065828684,0.10383270183619936,1.0,0.7924358107019748,0.2075641892980252
6443,YGL171W YGR247W,0.0,NA,3.0430377591983415e-05,2850,24597,6444,0,0.27423209701690715,0.10383648486173352,1.0,0.7924035952449986,0.20759640475500146
6444,YHR191C YDR411C,0.0,NA,3.044405093532987e-05,2850,24596,6445,0,0.2742616033755274,0.10384026816293813,1.0,0.7923713797880223,0.2076286202119777
6445,YDR515W YAL012W,0.0,NA,3.0462286304100417e-05,2850,24595,6446,0,0.2742911097341477,0.10384405173984332,1.0,0.792339164331046,0.20766083566895396
6446,YDR452W YIL009C-A,0.0,NA,3.04979821521556e-05,2850,24594,6447,0,0.274320616092768,0.10384783559247923,1.0,0.7923069488740698,0.20769305112593023
6447,YDR363W YPR145W,0.0,NA,3.052623651456088e-05,2850,24593,6448,0,0.2743501224513883,0.103851619720876,1.0,0.7922747334170935,0.20772526658290646
6448,YCR028C YMR199W,0.0,NA,3.063960321014747e-05,2850,24592,6449,0,0.27437962881000855,0.10385540412506378,1.0,0.7922425179601172,0.20775748203988273
6449,YIL023C YKL221W,0.0,NA,3.0699764465680346e-05,2850,24591,6450,0,0.27440913516862886,0.10385918880507271,1.0,0.7922103025031411,0.207789697496859
6450,YER083C YKR056W,0.0,NA,3.073066909564659e-05,2850,24590,6451,0,0.2744386415272491,0.10386297376093294,1.0,0.7921780870461648,0.20782191295383526
6451,YJL127C YOL138C,0.0,NA,3.0755469197174534e-05,2850,24589,6452,0,0.27446814788586943,0.10386675899267465,1.0,0.7921458715891885,0.2078541284108115
6452,YDL220C YPL112C,0.0,NA,3.076867142226547e-05,2850,24588,6453,0,0.2744976542444897,0.10387054450032801,1.0,0.7921136561322122,0.20788634386778776
6453,YKL068W YLR401C,0.0,NA,3.078948429902084e-05,2850,24587,6454,0,0.27452716060310994,0.10387433028392316,1.0,0.792081440675236,0.20791855932476402
6454,YDL105W YBR011C,0.0,NA,3.079650196013972e-05,2850,24586,6455,0,0.27455666696173026,0.1038781163434903,1.0,0.7920492252182597,0.2079507747817403
6455,YPL049C YNL154C,0.0,NA,3.082459079450928e-05,2850,24585,6456,0,0.2745861733203505,0.1038819026790596,1.0,0.7920170097612834,0.20798299023871653
6456,YAR018C YKL006W,0.0,NA,3.089846359216608e-05,2850,24584,6457,0,0.2746156796789708,0.10388568929066122,1.0,0.7919847943043072,0.2080152056956928
6457,YLR056W YHR084W,0.0,NA,3.090512109338306e-05,2850,24583,6458,0,0.2746451860375911,0.10388947617832538,1.0,0.791952578847331,0.20804742115266905
6458,YPR173C YMR180C,0.0,NA,3.0922899895813316e-05,2850,24582,6459,0,0.2746746923962114,0.10389326334208224,1.0,0.7919203633903547,0.20807963660964532
6459,YEL011W YFR037C,0.0,NA,3.0941100703785196e-05,2850,24581,6460,0,0.27470419875483165,0.10389705078196201,1.0,0.7918881479333785,0.20811185206662156
6460,YKR080W YBR223C,0.0,NA,3.095260763075203e-05,2850,24580,6461,0,0.27473370511345196,0.10390083849799489,1.0,0.7918559324764022,0.20814406752359782
6461,YBR102C YGL144C,0.0,NA,3.096926229773089e-05,2850,24579,6462,0,0.2747632114720722,0.1039046264902111,1.0,0.7918237170194259,0.20817628298057408
6462,YOR213C YDL056W,0.0,NA,3.0987695936346427e-05,2850,24578,6463,0,0.27479271783069253,0.10390841475864081,1.0,0.7917915015624497,0.20820849843755035
6463,YIL007C YLR357W,0.0,NA,3.100093817920424e-05,2850,24577,6464,0,0.2748222241893128,0.10391220330331426,1.0,0.7917592861054734,0.20824071389452659
6464,YJL085W YDR331W,0.0,NA,3.106501026195474e-05,2850,24576,6465,0,0.2748517305479331,0.10391599212426166,1.0,0.7917270706484971,0.20827292935150285
6465,YJR076C YLL041C,0.0,NA,3.108646706095897e-05,2850,24575,6466,0,0.27488123690655336,0.10391978122151321,1.0,0.7916948551915209,0.20830514480847911
6466,YDR103W YGR087C,0.0,NA,3.110722536803223e-05,2850,24574,6467,0,0.2749107432651736,0.10392357059509919,1.0,0.7916626397345446,0.20833736026545538
6467,YPL248C YKL035W,0.0,NA,3.113797356490977e-05,2850,24573,6468,0,0.27494024962379393,0.10392736024504978,1.0,0.7916304242775684,0.20836957572243162
6468,YLR409C YOL111C,0.0,NA,3.116167863481678e-05,2850,24572,6469,0,0.2749697559824142,0.10393115017139523,1.0,0.7915982088205922,0.20840179117940788
6469,YPR186C YMR131C,0.0,NA,3.1183677492663264e-05,2850,24571,6470,0,0.2749992623410345,0.10393494037416579,1.0,0.7915659933636159,0.20843400663638414
6470,YBR136W YDL131W,0.0,NA,3.127674790448509e-05,2850,24570,6471,0,0.27502876869965476,0.10393873085339168,1.0,0.7915337779066396,0.20846622209336038
6471,YMR054W YFL034C-A,0.0,NA,3.129560354864225e-05,2850,24569,6472,0,0.27505827505827507,0.10394252160910318,1.0,0.7915015624496633,0.20849843755033665
6472,YDR232W YNL116W,0.0,NA,3.13045566144865e-05,2850,24568,6473,0,0.2750877814168953,0.10394631264133052,1.0,0.7914693469926871,0.2085306530073129
6473,YDR142C YBR021W,0.0,NA,3.131387347821146e-05,2850,24567,6474,0,0.27511728777551564,0.10395010395010396,1.0,0.7914371315357108,0.20856286846428918
6474,YIL159W YHR007C,0.0,NA,3.131922130705789e-05,2850,24566,6475,0,0.2751467941341359,0.10395389553545376,1.0,0.7914049160787345,0.2085950839212654
6475,YMR184W YER001W,0.0,NA,3.136082159471698e-05,2850,24565,6476,0,0.2751763004927562,0.10395768739741018,1.0,0.7913727006217584,0.20862729937824168
6476,YLR449W YJL129C,0.0,NA,3.136437953799032e-05,2850,24564,6477,0,0.27520580685137647,0.1039614795360035,1.0,0.7913404851647821,0.20865951483521794
6477,YMR061W YGL075C,0.0,NA,3.141640991088934e-05,2850,24563,6478,0,0.2752353132099968,0.103965271951264,1.0,0.7913082697078058,0.2086917302921942
6478,YBL082C YCR060W,0.0,NA,3.142198329442181e-05,2850,24562,6479,0,0.27526481956861704,0.10396906464322195,1.0,0.7912760542508296,0.20872394574917044
6479,YDL085W YFL025C,0.0,NA,3.142395871691406e-05,2850,24561,6480,0,0.2752943259272373,0.10397285761190762,1.0,0.7912438387938533,0.2087561612061467
6480,YBR101C YPR191W,0.0,NA,3.144857328152284e-05,2850,24560,6481,0,0.2753238322858576,0.10397665085735133,1.0,0.791211623336877,0.20878837666312297
6481,YKL156W YLR141W,0.0,NA,3.1524661608273163e-05,2850,24559,6482,0,0.27535333864447786,0.10398044437958334,1.0,0.7911794078799008,0.20882059212009924
6482,YER100W YGR048W,0.0,NA,3.15509460051544e-05,2850,24558,6483,0,0.2753828450030982,0.10398423817863398,1.0,0.7911471924229245,0.20885280757707547
6483,YKR095W-A YLR003C,0.0,NA,3.156398088322021e-05,2850,24557,6484,0,0.27541235136171843,0.10398803225453351,1.0,0.7911149769659482,0.20888502303405174
6484,YLR399C YPR073C,0.0,NA,3.16515433951281e-05,2850,24556,6485,0,0.27544185772033875,0.10399182660731227,1.0,0.791082761508972,0.208917238491028
6485,YOL119C YGL105W,0.0,NA,3.176033351337537e-05,2850,24555,6486,0,0.275471364078959,0.10399562123700054,1.0,0.7910505460519958,0.20894945394800427
6486,YLR056W YKL206C,0.0,NA,3.178151018801145e-05,2850,24554,6487,0,0.2755008704375793,0.10399941614362866,1.0,0.7910183305950195,0.2089816694049805
6487,YCL016C YCR082W,0.0,NA,3.186803587595932e-05,2850,24553,6488,0,0.27553037679619957,0.10400321132722695,1.0,0.7909861151380433,0.20901388486195677
6488,YGR089W YGL012W,0.0,NA,3.188509072060697e-05,2850,24552,6489,0,0.2755598831548199,0.1040070067878257,1.0,0.790953899681067,0.20904610031893303
6489,YOR145C YMR112C,0.0,NA,3.1893850973574445e-05,2850,24551,6490,0,0.27558938951344014,0.10401080252545528,1.0,0.7909216842240907,0.20907831577590927
6490,YNL223W YLR432W,0.0,NA,3.202188236173242e-05,2850,24550,6491,0,0.27561889587206045,0.10401459854014598,1.0,0.7908894687671144,0.20911053123288553
6491,YBR249C YJL177W,0.0,NA,3.2085063139675185e-05,2850,24549,6492,0,0.2756484022306807,0.10401839483192818,1.0,0.7908572533101382,0.2091427466898618
6492,YLL061W YOL156W,0.0,NA,3.209687565686181e-05,2850,24548,6493,0,0.27567790858930097,0.10402219140083217,1.0,0.7908250378531619,0.20917496214683806
6493,YNL172W YCL025C,0.0,NA,3.209978240192868e-05,2850,24547,6494,0,0.2757074149479213,0.10402598824688834,1.0,0.7907928223961856,0.2092071776038143
6494,YKR080W YNR038W,0.0,NA,3.210367140127346e-05,2850,24546,6495,0,0.27573692130654154,0.10402978537012703,1.0,0.7907606069392095,0.20923939306079056
6495,YGL151W YMR017W,0.0,NA,3.219503560103476e-05,2850,24545,6496,0,0.27576642766516185,0.10403358277057857,1.0,0.7907283914822332,0.20927160851776683
6496,YLR208W YNL279W,0.0,NA,3.224139800295234e-05,2850,24544,6497,0,0.2757959340237821,0.10403738044827335,1.0,0.7906961760252569,0.2093038239747431
6497,YLR133W YDL141W,0.0,NA,3.2296604331349954e-05,2850,24543,6498,0,0.2758254403824024,0.1040411784032417,1.0,0.7906639605682807,0.20933603943171933
6498,YCR081W YOR226C,0.0,NA,3.2303043553838506e-05,2850,24542,6499,0,0.2758549467410227,0.10404497663551401,1.0,0.7906317451113044,0.2093682548886956
6499,YPL144W YDR123C,0.0,NA,3.231441223761067e-05,2850,24541,6500,0,0.275884453099643,0.10404877514512066,1.0,0.7905995296543281,0.20940047034567186
6500,YBR162C YOR362C,0.0,NA,3.231579830753617e-05,2850,24540,6501,0,0.27591395945826325,0.10405257393209201,1.0,0.7905673141973519,0.20943268580264812
6501,YDR498C YKR002W,0.0,NA,3.23829626722727e-05,2850,24539,6502,0,0.27594346581688356,0.10405637299645844,1.0,0.7905350987403756,0.20946490125962436
6502,YBR080C YGR206W,0.0,NA,3.238644785596989e-05,2850,24538,6503,0,0.2759729721755038,0.10406017233825032,1.0,0.7905028832833993,0.20949711671660062
6503,YPR184W YJL097W,0.0,NA,3.249383007641882e-05,2850,24537,6504,0,0.27600247853412413,0.10406397195749809,1.0,0.7904706678264232,0.2095293321735769
6504,YJL039C YIL111W,0.0,NA,3.2525855203857645e-05,2850,24536,6505,0,0.2760319848927444,0.10406777185423209,1.0,0.7904384523694469,0.20956154763055315
6505,YOL101C YPL133C,0.0,NA,3.253513204981573e-05,2850,24535,6506,0,0.27606149125136464,0.10407157202848275,1.0,0.7904062369124706,0.2095937630875294
6506,YNL216W YER069W,0.0,NA,3.25576365867164e-05,2850,24534,6507,0,0.27609099760998496,0.10407537248028045,1.0,0.7903740214554943,0.20962597854450565
6507,YFR048W YKL096W,0.0,NA,3.2571424526395276e-05,2850,24533,6508,0,0.2761205039686052,0.10407917320965562,1.0,0.7903418059985181,0.20965819400148192
6508,YJL030W YDR507C,0.0,NA,3.259777440689504e-05,2850,24532,6509,0,0.2761500103272255,0.10408297421663867,1.0,0.7903095905415418,0.20969040945845815
6509,YNL007C YLL028W,0.0,NA,3.263046164647676e-05,2850,24531,6510,0,0.2761795166858458,0.10408677550126,1.0,0.7902773750845655,0.20972262491543442
6510,YDL209C YLR466W,0.0,NA,3.2643129088683054e-05,2850,24530,6511,0,0.2762090230444661,0.10409057706355003,1.0,0.7902451596275893,0.20975484037241068
6511,YJL002C YJL047C,0.0,NA,3.264991755713709e-05,2850,24529,6512,0,0.27623852940308635,0.1040943789035392,1.0,0.790212944170613,0.20978705582938695
6512,YDR499W YBR143C,0.0,NA,3.26960944221355e-05,2850,24528,6513,0,0.27626803576170667,0.10409818102125794,1.0,0.7901807287136368,0.20981927128636318
6513,YMR030W YKL049C,0.0,NA,3.270466913818382e-05,2850,24527,6514,0,0.2762975421203269,0.10410198341673668,1.0,0.7901485132566606,0.20985148674333945
6514,YJL056C YOR179C,0.0,NA,3.2844473025761545e-05,2850,24526,6515,0,0.27632704847894723,0.10410578609000584,1.0,0.7901162977996843,0.2098837022003157
6515,YIL035C YDR137W,0.0,NA,3.286593346274458e-05,2850,24525,6516,0,0.2763565548375675,0.10410958904109589,1.0,0.790084082342708,0.20991591765729198
6516,YDR118W YGL248W,0.0,NA,3.286803621449508e-05,2850,24524,6517,0,0.2763860611961878,0.10411339227003726,1.0,0.7900518668857318,0.20994813311426822
6517,YMR091C YER104W,0.0,NA,3.290221866336651e-05,2850,24523,6518,0,0.27641556755480806,0.1041171957768604,1.0,0.7900196514287555,0.20998034857124448
6518,YAL036C YKR004C,0.0,NA,3.2908683351706713e-05,2850,24522,6519,0,0.2764450739134283,0.10412099956159579,1.0,0.7899874359717792,0.21001256402822074
6519,YPL042C YDR085C,0.0,NA,3.2911131711443886e-05,2850,24521,6520,0,0.27647458027204863,0.10412480362427387,1.0,0.789955220514803,0.210044779485197
6520,YOL097C YMR246W,0.0,NA,3.2994281355058774e-05,2850,24520,6521,0,0.2765040866306689,0.1041286079649251,1.0,0.7899230050578268,0.21007699494217325
6521,YLL048C YNL147W,0.0,NA,3.300403477624059e-05,2850,24519,6522,0,0.2765335929892892,0.10413241258357997,1.0,0.7898907896008505,0.2101092103991495
6522,YBR286W YKL220C,0.0,NA,3.301272590761073e-05,2850,24518,6523,0,0.27656309934790946,0.10413621748026892,1.0,0.7898585741438743,0.21014142585612577
6523,YGL045W YOR328W,0.0,NA,3.303637640783563e-05,2850,24517,6524,0,0.27659260570652977,0.10414002265502247,1.0,0.789826358686898,0.21017364131310204
6524,YCR010C YDR450W,0.0,NA,3.310850661364384e-05,2850,24516,6525,0,0.27662211206515,0.10414382810787108,1.0,0.7897941432299217,0.21020585677007828
6525,YMR043W YPR054W,0.0,NA,3.314768400741741e-05,2850,24515,6526,0,0.27665161842377034,0.10414763383884525,1.0,0.7897619277729454,0.21023807222705454
6526,YIL116W YKL085W,0.0,NA,3.3218882890651e-05,2850,24514,6527,0,0.2766811247823906,0.10415143984797544,1.0,0.7897297123159692,0.2102702876840308
6527,YDR460W YJL190C,0.0,NA,3.3234664442716166e-05,2850,24513,6528,0,0.2767106311410109,0.10415524613529219,1.0,0.7896974968589929,0.21030250314100707
6528,YMR306W YPL160W,0.0,NA,3.323631244711578e-05,2850,24512,6529,0,0.27674013749963117,0.10415905270082597,1.0,0.7896652814020166,0.2103347185979833
6529,YNL037C YOR269W,0.0,NA,3.325660145492293e-05,2850,24511,6530,0,0.2767696438582515,0.10416285954460729,1.0,0.7896330659450405,0.21036693405495957
6530,YNL287W YDL141W,0.0,NA,3.330427352921106e-05,2850,24510,6531,0,0.27679915021687174,0.10416666666666667,1.0,0.7896008504880642,0.21039914951193583
6531,YKL122C YIL106W,0.0,NA,3.3314499887637794e-05,2850,24509,6532,0,0.276828656575492,0.10417047406703461,1.0,0.7895686350310879,0.21043136496891207
6532,YKL156W YEL026W,0.0,NA,3.3331787562929094e-05,2850,24508,6533,0,0.2768581629341123,0.10417428174574164,1.0,0.7895364195741117,0.21046358042588834
6533,YLL035W YGR104C,0.0,NA,3.3454773074481636e-05,2850,24507,6534,0,0.27688766929273256,0.10417808970281829,1.0,0.7895042041171354,0.2104957958828646
6534,YBR142W YPL210C,0.0,NA,3.346622906974517e-05,2850,24506,6535,0,0.2769171756513529,0.10418189793829508,1.0,0.7894719886601591,0.21052801133984086
6535,YDL075W YOR361C,0.0,NA,3.3520209399284795e-05,2850,24505,6536,0,0.27694668200997313,0.10418570645220253,1.0,0.7894397732031829,0.2105602267968171
6536,YML099C YIR017C,0.0,NA,3.3526699553476647e-05,2850,24504,6537,0,0.27697618836859345,0.10418951524457118,1.0,0.7894075577462066,0.21059244225379337
6537,YOL132W YNL039W,0.0,NA,3.3564640034455806e-05,2850,24503,6538,0,0.2770056947272137,0.10419332431543157,1.0,0.7893753422892303,0.21062465771076963
6538,YML065W YHR087W,0.0,NA,3.369015394127928e-05,2850,24502,6539,0,0.277035201085834,0.10419713366481427,1.0,0.7893431268322542,0.2106568731677459
6539,YPL231W YGR198W,0.0,NA,3.369051046320237e-05,2850,24501,6540,0,0.2770647074444543,0.10420094329274981,1.0,0.7893109113752779,0.21068908862472213
6540,YNL042W YMR309C,0.0,NA,3.372786522959359e-05,2850,24500,6541,0,0.2770942138030746,0.10420475319926874,1.0,0.7892786959183016,0.2107213040816984
6541,YIR015W YER133W,0.0,NA,3.3731048461049795e-05,2850,24499,6542,0,0.27712372016169484,0.10420856338440163,1.0,0.7892464804613254,0.21075351953867466
6542,YBR238C YDR273W,0.0,NA,3.3849533792817965e-05,2850,24498,6543,0,0.27715322652031515,0.10421237384817902,1.0,0.7892142650043491,0.21078573499565093
6543,YDR054C YHR171W,0.0,NA,3.385989839443937e-05,2850,24497,6544,0,0.2771827328789354,0.10421618459063152,1.0,0.7891820495473728,0.21081795045262716
6544,YOR100C YEL036C,0.0,NA,3.3865646400954574e-05,2850,24496,6545,0,0.27721223923755567,0.10421999561178966,1.0,0.7891498340903965,0.21085016590960343
6545,YJL097W YFL030W,0.0,NA,3.393055885680951e-05,2850,24495,6546,0,0.277241745596176,0.10422380691168404,1.0,0.7891176186334203,0.2108823813665797
6546,YMR292W YBL005W,0.0,NA,3.3999742299783975e-05,2850,24494,6547,0,0.27727125195479624,0.10422761849034523,1.0,0.789085403176444,0.21091459682355596
6547,YLL048C YDL076C,0.0,NA,3.40027290803846e-05,2850,24493,6548,0,0.27730075831341655,0.10423143034780383,1.0,0.7890531877194678,0.2109468122805322
6548,YMR093W YDL079C,0.0,NA,3.402640504646115e-05,2850,24492,6549,0,0.2773302646720368,0.10423524248409041,1.0,0.7890209722624916,0.21097902773750846
6549,YGL137W YER112W,0.0,NA,3.406374162295833e-05,2850,24491,6550,0,0.2773597710306571,0.10423905489923559,1.0,0.7889887568055153,0.21101124319448472
6550,YGL158W YBR223C,0.0,NA,3.408424890949391e-05,2850,24490,6551,0,0.2773892773892774,0.10424286759326994,1.0,0.788956541348539,0.21104345865146096
6551,YDL113C YDL197C,0.0,NA,3.411738725844771e-05,2850,24489,6552,0,0.2774187837478977,0.10424668056622408,1.0,0.7889243258915628,0.21107567410843722
6552,YCR081W YOR212W,0.0,NA,3.4132161090383306e-05,2850,24488,6553,0,0.27744829010651795,0.1042504938181286,1.0,0.7888921104345865,0.2111078895654135
6553,YPR009W YER052C,0.0,NA,3.413906233618036e-05,2850,24487,6554,0,0.27747779646513826,0.10425430734901416,1.0,0.7888598949776102,0.21114010502238975
6554,YLR058C YMR088C,0.0,NA,3.4155604225816205e-05,2850,24486,6555,0,0.2775073028237585,0.10425812115891132,1.0,0.788827679520634,0.211172320479366
6555,YFL049W YGR175C,0.0,NA,3.41972554451786e-05,2850,24485,6556,0,0.27753680918237883,0.10426193524785074,1.0,0.7887954640636577,0.21120453593634225
6556,YOR207C YDR315C,0.0,NA,3.4218526707263663e-05,2850,24484,6557,0,0.2775663155409991,0.10426574961586303,1.0,0.7887632486066815,0.21123675139331852
6557,YGL067W YJR004C,0.0,NA,3.4239550586789846e-05,2850,24483,6558,0,0.27759582189961934,0.10426956426297881,1.0,0.7887310331497053,0.21126896685029478
6558,YDR315C YOR272W,0.0,NA,3.425829709158279e-05,2850,24482,6559,0,0.27762532825823966,0.10427337918922874,1.0,0.788698817692729,0.21130118230727102
6559,YDL235C YHR216W,0.0,NA,3.42798994097393e-05,2850,24481,6560,0,0.2776548346168599,0.10427719439464345,1.0,0.7886666022357527,0.21133339776424728
6560,YDR376W YKL029C,0.0,NA,3.437689883867279e-05,2850,24480,6561,0,0.2776843409754802,0.10428100987925357,1.0,0.7886343867787765,0.21136561322122355
6561,YOR301W YDR318W,0.0,NA,3.44123545801267e-05,2850,24479,6562,0,0.2777138473341005,0.10428482564308976,1.0,0.7886021713218002,0.2113978286781998
6562,YLL042C YGL123W,0.0,NA,3.4483640774851665e-05,2850,24478,6563,0,0.2777433536927208,0.10428864168618267,1.0,0.7885699558648239,0.21143004413517605
6563,YBR107C YNL327W,0.0,NA,3.452915188972838e-05,2850,24477,6564,0,0.27777286005134105,0.10429245800856296,1.0,0.7885377404078476,0.2114622595921523
6564,YIL039W YLR103C,0.0,NA,3.4532775316620246e-05,2850,24476,6565,0,0.27780236640996137,0.1042962746102613,1.0,0.7885055249508715,0.21149447504912858
6565,YBL032W YPL178W,0.0,NA,3.466528141871095e-05,2850,24475,6566,0,0.2778318727685816,0.10430009149130832,1.0,0.7884733094938952,0.21152669050610484
6566,YLR068W YBL079W,0.0,NA,3.4745506127364933e-05,2850,24474,6567,0,0.27786137912720194,0.10430390865173474,1.0,0.7884410940369189,0.21155890596308108
6567,YCL054W YDR176W,0.0,NA,3.474689947324805e-05,2850,24473,6568,0,0.2778908854858222,0.1043077260915712,1.0,0.7884088785799427,0.21159112142005734
6568,YDR406W YOR011W,0.0,NA,3.475329503999092e-05,2850,24472,6569,0,0.2779203918444425,0.1043115438108484,1.0,0.7883766631229664,0.2116233368770336
6569,YNL008C YGL244W,0.0,NA,3.479743463685736e-05,2850,24471,6570,0,0.27794989820306276,0.10431536180959701,1.0,0.7883444476659901,0.21165555233400984
6570,YDR324C YBR216C,0.0,NA,3.4808686905307695e-05,2850,24470,6571,0,0.277979404561683,0.10431918008784773,1.0,0.7883122322090139,0.2116877677909861
6571,YGR271W YDR158W,0.0,NA,3.4809549106284976e-05,2850,24469,6572,0,0.27800891092030333,0.10432299864563124,1.0,0.7882800167520376,0.21171998324796237
6572,YOR293W YOR091W,0.0,NA,3.486626155790873e-05,2850,24468,6573,0,0.2780384172789236,0.10432681748297826,1.0,0.7882478012950613,0.21175219870493864
6573,YBR217W YOR323C,0.0,NA,3.488714719424024e-05,2850,24467,6574,0,0.2780679236375439,0.10433063659991947,1.0,0.7882155858380852,0.21178441416191487
6574,YCR089W YOR138C,0.0,NA,3.489460141281597e-05,2850,24466,6575,0,0.27809742999616416,0.10433445599648558,1.0,0.7881833703811089,0.21181662961889114
6575,YMR212C YNL123W,0.0,NA,3.490278686513193e-05,2850,24465,6576,0,0.27812693635478447,0.1043382756727073,1.0,0.7881511549241326,0.2118488450758674
6576,YBR048W YAL028W,0.0,NA,3.4932389098685235e-05,2850,24464,6577,0,0.27815644271340473,0.10434209562861536,1.0,0.7881189394671564,0.21188106053284367
6577,YAR014C YBR040W,0.0,NA,3.493628901196644e-05,2850,24463,6578,0,0.27818594907202504,0.10434591586424047,1.0,0.7880867240101801,0.2119132759898199
6578,YOR193W YMR231W,0.0,NA,3.496641875244677e-05,2850,24462,6579,0,0.2782154554306453,0.10434973637961335,1.0,0.7880545085532038,0.21194549144679617
6579,YGL006W YDR473C,0.0,NA,3.501974788377993e-05,2850,24461,6580,0,0.2782449617892656,0.10435355717476474,1.0,0.7880222930962276,0.21197770690377243
6580,YGR260W YNL065W,0.0,NA,3.5117634979542345e-05,2850,24460,6581,0,0.27827446814788587,0.10435737824972538,1.0,0.7879900776392513,0.2120099223607487
6581,YPR042C YHR077C,0.0,NA,3.512855255394243e-05,2850,24459,6582,0,0.2783039745065061,0.10436119960452599,1.0,0.787957862182275,0.21204213781772493
6582,YLL060C YOR074C,0.0,NA,3.52307761204429e-05,2850,24458,6583,0,0.27833348086512644,0.1043650212391973,1.0,0.7879256467252987,0.2120743532747012
6583,YOR377W YPL170W,0.0,NA,3.524657222442329e-05,2850,24457,6584,0,0.2783629872237467,0.1043688431537701,1.0,0.7878934312683226,0.21210656873167746
6584,YBR284W YOR288C,0.0,NA,3.528383240336552e-05,2850,24456,6585,0,0.278392493582367,0.1043726653482751,1.0,0.7878612158113463,0.21213878418865373
6585,YDR372C YEL055C,0.0,NA,3.5300727176945657e-05,2850,24455,6586,0,0.27842199994098726,0.10437648782274309,1.0,0.78782900035437,0.21217099964562997
6586,YNL104C YBL024W,0.0,NA,3.531328547978774e-05,2850,24454,6587,0,0.2784515062996076,0.1043803105772048,1.0,0.7877967848973938,0.21220321510260623
6587,YML036W YDR487C,0.0,NA,3.533605922712013e-05,2850,24453,6588,0,0.27848101265822783,0.10438413361169102,1.0,0.7877645694404175,0.2122354305595825
6588,YBR173C YLR275W,0.0,NA,3.53842115146108e-05,2850,24452,6589,0,0.27851051901684815,0.10438795692623251,1.0,0.7877323539834412,0.21226764601655876
6589,YGL151W YPR062W,0.0,NA,3.541104888427071e-05,2850,24451,6590,0,0.2785400253754684,0.10439178052086004,1.0,0.787700138526465,0.212299861473535
6590,YER090W YJL092W,0.0,NA,3.5412907891441137e-05,2850,24450,6591,0,0.2785695317340887,0.1043956043956044,1.0,0.7876679230694887,0.21233207693051126
6591,YML051W YOR108W,0.0,NA,3.5425167880021036e-05,2850,24449,6592,0,0.278599038092709,0.10439942855049636,1.0,0.7876357076125124,0.21236429238748752
6592,YMR292W YDR201W,0.0,NA,3.5443819797364995e-05,2850,24448,6593,0,0.2786285444513293,0.10440325298556671,1.0,0.7876034921555363,0.21239650784446376
6593,YBR114W YLR160C,0.0,NA,3.544503852026537e-05,2850,24447,6594,0,0.27865805080994954,0.10440707770084624,1.0,0.78757127669856,0.21242872330144003
6594,YOR090C YJR070C,0.0,NA,3.5445882531348616e-05,2850,24446,6595,0,0.2786875571685698,0.10441090269636577,1.0,0.7875390612415837,0.2124609387584163
6595,YDR174W YAL062W,0.0,NA,3.547743472154252e-05,2850,24445,6596,0,0.2787170635271901,0.10441472797215608,1.0,0.7875068457846075,0.21249315421539255
6596,YMR283C YLR047C,0.0,NA,3.5488941648509353e-05,2850,24444,6597,0,0.27874656988581037,0.10441855352824797,1.0,0.7874746303276312,0.2125253696723688
6597,YPL051W YNL182C,0.0,NA,3.5534183552954346e-05,2850,24443,6598,0,0.2787760762444307,0.10442237936467226,1.0,0.7874424148706549,0.21255758512934506
6598,YIR030C YGL169W,0.0,NA,3.560538243618794e-05,2850,24442,6599,0,0.27880558260305094,0.10442620548145977,1.0,0.7874101994136787,0.21258980058632132
6599,YHL033C YBL097W,0.0,NA,3.565686347428709e-05,2850,24441,6600,0,0.27883508896167125,0.1044300318786413,1.0,0.7873779839567024,0.21262201604329758
6600,YKL181W YDR082W,0.0,NA,3.567019302863628e-05,2850,24440,6601,0,0.2788645953202915,0.1044338585562477,1.0,0.7873457684997262,0.21265423150027382
6601,YMR173W YLR160C,0.0,NA,3.571948400349356e-05,2850,24439,6602,0,0.2788941016789118,0.10443768551430979,1.0,0.7873135530427499,0.21268644695725009
6602,YPL274W YDL015C,0.0,NA,3.576873859856278e-05,2850,24438,6603,0,0.2789236080375321,0.1044415127528584,1.0,0.7872813375857737,0.21271866241422635
6603,YBL093C YDR213W,0.0,NA,3.5873577871825546e-05,2850,24437,6604,0,0.2789531143961524,0.10444534027192436,1.0,0.7872491221287974,0.21275087787120261
6604,YOR247W YLR070C,0.0,NA,3.5916160413762555e-05,2850,24436,6605,0,0.27898262075477265,0.10444916807153852,1.0,0.7872169066718211,0.21278309332817885
6605,YJL068C YDR174W,0.0,NA,3.597992690629326e-05,2850,24435,6606,0,0.27901212711339296,0.10445299615173172,1.0,0.7871846912148449,0.21281530878515512
6606,YDR310C YMR156C,0.0,NA,3.5990564356325194e-05,2850,24434,6607,0,0.2790416334720132,0.10445682451253482,1.0,0.7871524757578686,0.21284752424213138
6607,YDR021W YML026C,0.0,NA,3.601322532631457e-05,2850,24433,6608,0,0.2790711398306335,0.10446065315397866,1.0,0.7871202603008923,0.21287973969910765
6608,YBR210W YJR040W,0.0,NA,3.601810021791607e-05,2850,24432,6609,0,0.2791006461892538,0.10446448207609413,1.0,0.7870880448439161,0.21291195515608388
6609,YGL246C YMR081C,0.0,NA,3.6054632801096886e-05,2850,24431,6610,0,0.27913015254787404,0.10446831127891207,1.0,0.7870558293869399,0.21294417061306015
6610,YOR168W YDL148C,0.0,NA,3.6063502193428576e-05,2850,24430,6611,0,0.27915965890649436,0.10447214076246335,1.0,0.7870236139299636,0.2129763860700364
6611,YKL048C YNR059W,0.0,NA,3.618007031036541e-05,2850,24429,6612,0,0.2791891652651146,0.10447597052677884,1.0,0.7869913984729874,0.21300860152701265
6612,YOR213C YNR054C,0.0,NA,3.6187317164149135e-05,2850,24428,6613,0,0.2792186716237349,0.10447980057188944,1.0,0.7869591830160111,0.2130408169839889
6613,YNL124W YMR184W,0.0,NA,3.619301423896104e-05,2850,24427,6614,0,0.2792481779823552,0.104483630897826,1.0,0.7869269675590348,0.21307303244096518
6614,YGL224C YLR127C,0.0,NA,3.619625567807816e-05,2850,24426,6615,0,0.2792776843409755,0.10448746150461945,1.0,0.7868947521020586,0.21310524789794144
6615,YIL019W YBR170C,0.0,NA,3.624161035986617e-05,2850,24425,6616,0,0.27930719069959575,0.10449129239230064,1.0,0.7868625366450823,0.21313746335491768
6616,YFR048W YNL333W,0.0,NA,3.626422039815225e-05,2850,24424,6617,0,0.27933669705821607,0.10449512356090049,1.0,0.786830321188106,0.21316967881189394
6617,YOR380W YBR210W,0.0,NA,3.629324783105403e-05,2850,24423,6618,0,0.2793662034168363,0.1044989550104499,1.0,0.7867981057311298,0.2132018942688702
6618,YMR005W YHR208W,0.0,NA,3.6308130802353844e-05,2850,24422,6619,0,0.27939570977545664,0.10450278674097976,1.0,0.7867658902741536,0.21323410972584647
6619,YDR435C YGL029W,0.0,NA,3.63159560947679e-05,2850,24421,6620,0,0.2794252161340769,0.104506618752521,1.0,0.7867336748171773,0.2132663251828227
6620,YNL280C YMR016C,0.0,NA,3.638889756985009e-05,2850,24420,6621,0,0.27945472249269715,0.10451045104510451,1.0,0.786701459360201,0.21329854063979897
6621,YOR028C YDL022W,0.0,NA,3.639042188297026e-05,2850,24419,6622,0,0.27948422885131746,0.10451428361876124,1.0,0.7866692439032248,0.21333075609677524
6622,YOL082W YDR085C,0.0,NA,3.643160380306654e-05,2850,24418,6623,0,0.2795137352099377,0.10451811647352208,1.0,0.7866370284462485,0.2133629715537515
6623,YJL173C YPL152W,0.0,NA,3.648006895673461e-05,2850,24417,6624,0,0.27954324156855803,0.10452194960941798,1.0,0.7866048129892722,0.21339518701072774
6624,YPL065W YDR384C,0.0,NA,3.656201806734316e-05,2850,24416,6625,0,0.2795727479271783,0.10452578302647987,1.0,0.786572597532296,0.213427402467704
6625,YDR073W YHR106W,0.0,NA,3.6569028452504426e-05,2850,24415,6626,0,0.2796022542857986,0.10452961672473868,1.0,0.7865403820753197,0.21345961792468027
6626,YBL021C YBL068W,0.0,NA,3.661222945083864e-05,2850,24414,6627,0,0.27963176064441886,0.10453345070422536,1.0,0.7865081666183434,0.21349183338165653
6627,YOR003W YER082C,0.0,NA,3.666921838885173e-05,2850,24413,6628,0,0.27966126700303917,0.10453728496497083,1.0,0.7864759511613673,0.21352404883863277
6628,YGL170C YJL210W,0.0,NA,3.66785898222588e-05,2850,24412,6629,0,0.27969077336165943,0.10454111950700609,1.0,0.786443735704391,0.21355626429560903
6629,YGL150C YLL034C,0.0,NA,3.6717679904541e-05,2850,24411,6630,0,0.27972027972027974,0.10454495433036205,1.0,0.7864115202474147,0.2135884797525853
6630,YLR333C YBR289W,0.0,NA,3.672114689834416e-05,2850,24410,6631,0,0.2797497860789,0.1045487894350697,1.0,0.7863793047904385,0.21362069520956153
6631,YGL224C YPL089C,0.0,NA,3.6736139009008184e-05,2850,24409,6632,0,0.2797792924375203,0.10455262482115998,1.0,0.7863470893334622,0.2136529106665378
6632,YCR067C YIR009W,0.0,NA,3.673900937428698e-05,2850,24408,6633,0,0.27980879879614057,0.10455646048866388,1.0,0.7863148738764859,0.21368512612351406
6633,YDL246C YKL085W,0.0,NA,3.678518260130659e-05,2850,24407,6634,0,0.2798383051547608,0.10456029643761236,1.0,0.7862826584195097,0.21371734158049033
6634,YOR213C YGL095C,0.0,NA,3.68326400348451e-05,2850,24406,6635,0,0.27986781151338114,0.1045641326680364,1.0,0.7862504429625334,0.21374955703746656
6635,YDR104C YIR027C,0.0,NA,3.687530625029467e-05,2850,24405,6636,0,0.2798973178720014,0.10456796917996698,1.0,0.7862182275055571,0.21378177249444283
6636,YPL119C YNL110C,0.0,NA,3.6893914511892945e-05,2850,24404,6637,0,0.2799268242306217,0.10457180597343509,1.0,0.786186012048581,0.2138139879514191
6637,YEL018W YPL248C,0.0,NA,3.69997214875184e-05,2850,24403,6638,0,0.27995633058924196,0.10457564304847172,1.0,0.7861537965916047,0.21384620340839536
6638,YPL019C YLR303W,0.0,NA,3.700727393152192e-05,2850,24402,6639,0,0.2799858369478623,0.10457948040510788,1.0,0.7861215811346284,0.2138784188653716
6639,YIL061C YLR146C,0.0,NA,3.7023582990514114e-05,2850,24401,6640,0,0.28001534330648253,0.10458331804337455,1.0,0.7860893656776521,0.21391063432234786
6640,YGL008C YBR200W,0.0,NA,3.704576374730095e-05,2850,24400,6641,0,0.28004484966510285,0.10458715596330276,1.0,0.7860571502206759,0.21394284977932412
6641,YGR214W YOR212W,0.0,NA,3.7057845474919304e-05,2850,24399,6642,0,0.2800743560237231,0.10459099416492348,1.0,0.7860249347636996,0.2139750652363004
6642,YDL171C YDR403W,0.0,NA,3.708828444359824e-05,2850,24398,6643,0,0.2801038623823434,0.10459483264826776,1.0,0.7859927193067233,0.21400728069327662
6643,YLR248W YOL001W,0.0,NA,3.712515899678692e-05,2850,24397,6644,0,0.2801333687409637,0.10459867141336661,1.0,0.7859605038497471,0.2140394961502529
6644,YOL097C YDR046C,0.0,NA,3.715019556693733e-05,2850,24396,6645,0,0.280162875099584,0.10460251046025104,1.0,0.7859282883927708,0.21407171160722915
6645,YHR103W YMR175W,0.0,NA,3.716104038176127e-05,2850,24395,6646,0,0.28019238145820424,0.1046063497889521,1.0,0.7858960729357946,0.21410392706420542
6646,YDL212W YNL062C,0.0,NA,3.7209341826383024e-05,2850,24394,6647,0,0.2802218878168245,0.10461018939950081,1.0,0.7858638574788184,0.21413614252118165
6647,YJR033C YML063W,0.0,NA,3.722367910086177e-05,2850,24393,6648,0,0.2802513941754448,0.1046140292919282,1.0,0.7858316420218421,0.21416835797815792
6648,YPL235W YBL093C,0.0,NA,3.724555062945001e-05,2850,24392,6649,0,0.28028090053406507,0.10461786946626532,1.0,0.7857994265648658,0.21420057343513418
6649,YJL088W YJL092W,0.0,NA,3.728378942469135e-05,2850,24391,6650,0,0.2803104068926854,0.10462170992254323,1.0,0.7857672111078896,0.21423278889211045
6650,YJL219W YJL127C,0.0,NA,3.731049946509302e-05,2850,24390,6651,0,0.28033991325130564,0.10462555066079295,1.0,0.7857349956509133,0.21426500434908669
6651,YBR207W YHL009C,0.0,NA,3.734755955520086e-05,2850,24389,6652,0,0.28036941960992595,0.10462939168104556,1.0,0.785702780193937,0.21429721980606295
6652,YML008C YDR487C,0.0,NA,3.7372708902694285e-05,2850,24388,6653,0,0.2803989259685462,0.1046332329833321,1.0,0.7856705647369608,0.21432943526303921
6653,YGL194C YJL212C,0.0,NA,3.7405869079520926e-05,2850,24387,6654,0,0.2804284323271665,0.10463707456768366,1.0,0.7856383492799845,0.21436165072001545
6654,YOR156C YIL071C,0.0,NA,3.740701140486635e-05,2850,24386,6655,0,0.2804579386857868,0.1046409164341313,1.0,0.7856061338230083,0.21439386617699172
6655,YJR059W YLR075W,0.0,NA,3.747013761312701e-05,2850,24385,6656,0,0.2804874450444071,0.10464475858270608,1.0,0.7855739183660321,0.21442608163396798
6656,YGL195W YJL137C,0.0,NA,3.750674659386277e-05,2850,24384,6657,0,0.28051695140302735,0.10464860101343908,1.0,0.7855417029090558,0.21445829709094424
6657,YDR046C YNL318C,0.0,NA,3.7557892937911674e-05,2850,24383,6658,0,0.28054645776164766,0.1046524437263614,1.0,0.7855094874520795,0.21449051254792048
6658,YJR063W YGL147C,0.0,NA,3.758909952011891e-05,2850,24382,6659,0,0.2805759641202679,0.10465628672150411,1.0,0.7854772719951032,0.21452272800489675
6659,YNL078W YOR212W,0.0,NA,3.7596557376673445e-05,2850,24381,6660,0,0.2806054704788882,0.10466012999889832,1.0,0.785445056538127,0.214554943461873
6660,YGL246C YGR232W,0.0,NA,3.7605699617415667e-05,2850,24380,6661,0,0.2806349768375085,0.1046639735585751,1.0,0.7854128410811507,0.21458715891884927
6661,YGL016W YNL259C,0.0,NA,3.7615347537212074e-05,2850,24379,6662,0,0.28066448319612874,0.10466781740056558,1.0,0.7853806256241744,0.2146193743758255
6662,YOR198C YDR064W,0.0,NA,3.771740011870861e-05,2850,24378,6663,0,0.28069398955474906,0.10467166152490084,1.0,0.7853484101671983,0.21465158983280178
6663,YJL085W YDR142C,0.0,NA,3.781507257372141e-05,2850,24377,6664,0,0.2807234959133693,0.104675505931612,1.0,0.785316194710222,0.21468380528977804
6664,YGR119C YAL041W,0.0,NA,3.784743239521049e-05,2850,24376,6665,0,0.2807530022719896,0.10467935062073018,1.0,0.7852839792532457,0.2147160207467543
6665,YPL248C YGL003C,0.0,NA,3.7871042877668515e-05,2850,24375,6666,0,0.2807825086306099,0.1046831955922865,1.0,0.7852517637962695,0.21474823620373054
6666,YPR186C YOR304W,0.0,NA,3.790623668464832e-05,2850,24374,6667,0,0.2808120149892302,0.10468704084631207,1.0,0.7852195483392932,0.2147804516607068
6667,YHR020W YDR001C,0.0,NA,3.7939327739877626e-05,2850,24373,6668,0,0.28084152134785045,0.10469088638283804,1.0,0.7851873328823169,0.21481266711768307
6668,YPR118W YPR079W,0.0,NA,3.798885518335737e-05,2850,24372,6669,0,0.28087102770647077,0.10469473220189553,1.0,0.7851551174253407,0.21484488257465933
6669,YPR095C YPL198W,0.0,NA,3.801382626988925e-05,2850,24371,6670,0,0.280900534065091,0.10469857830351567,1.0,0.7851229019683644,0.21487709803163557
6670,YKL213C YIL140W,0.0,NA,3.803173603955656e-05,2850,24370,6671,0,0.28093004042371134,0.10470242468772961,1.0,0.7850906865113881,0.21490931348861184
6671,YGR262C YPR111W,0.0,NA,3.8032208976801485e-05,2850,24369,6672,0,0.2809595467823316,0.1047062713545685,1.0,0.785058471054412,0.2149415289455881
6672,YPR138C YMR143W,0.0,NA,3.80326782760676e-05,2850,24368,6673,0,0.28098905314095185,0.10471011830406349,1.0,0.7850262555974357,0.21497374440256434
6673,YPL248C YDL230W,0.0,NA,3.8105285057099536e-05,2850,24367,6674,0,0.28101855949957216,0.10471396553624573,1.0,0.7849940401404594,0.2150059598595406
6674,YBR061C YLR340W,0.0,NA,3.812509748968296e-05,2850,24366,6675,0,0.2810480658581924,0.10471781305114639,1.0,0.7849618246834832,0.21503817531651687
6675,YKR094C YDR372C,0.0,NA,3.8153721106937155e-05,2850,24365,6676,0,0.28107757221681273,0.10472166084879662,1.0,0.7849296092265069,0.21507039077349313
6676,YIL047C YDR528W,0.0,NA,3.81863719667308e-05,2850,24364,6677,0,0.281107078575433,0.1047255089292276,1.0,0.7848973937695306,0.21510260623046937
6677,YMR272C YJL053W,0.0,NA,3.819689663941972e-05,2850,24363,6678,0,0.2811365849340533,0.10472935729247052,1.0,0.7848651783125543,0.21513482168744563
6678,YLR411W YOL115W,0.0,NA,3.828628177870996e-05,2850,24362,6679,0,0.28116609129267356,0.10473320593855652,1.0,0.7848329628555781,0.2151670371444219
6679,YKL080W YOL156W,0.0,NA,3.834485687548295e-05,2850,24361,6680,0,0.28119559765129387,0.10473705486751682,1.0,0.7848007473986018,0.21519925260139816
6680,YPL023C YGR048W,0.0,NA,3.837503754766658e-05,2850,24360,6681,0,0.28122510400991413,0.10474090407938258,1.0,0.7847685319416255,0.2152314680583744
6681,YJL004C YLR238W,0.0,NA,3.839425335172564e-05,2850,24359,6682,0,0.28125461036853444,0.10474475357418501,1.0,0.7847363164846494,0.21526368351535066
6682,YPR112C YNL231C,0.0,NA,3.849224594887346e-05,2850,24358,6683,0,0.2812841167271547,0.10474860335195531,1.0,0.7847041010276731,0.21529589897232693
6683,YMR062C YNL316C,0.0,NA,3.85017556254752e-05,2850,24357,6684,0,0.281313623085775,0.10475245341272467,1.0,0.7846718855706968,0.2153281144293032
6684,YML031W YGR247W,0.0,NA,3.857547926600091e-05,2850,24356,6685,0,0.28134312944439527,0.1047563037565243,1.0,0.7846396701137206,0.21536032988627943
6685,YMR247C YER082C,0.0,NA,3.859612479573116e-05,2850,24355,6686,0,0.2813726358030155,0.1047601543833854,1.0,0.7846074546567443,0.2153925453432557
6686,YBR097W YBR066C,0.0,NA,3.861390723614022e-05,2850,24354,6687,0,0.28140214216163584,0.10476400529333922,1.0,0.784575239199768,0.21542476080023196
6687,YKL175W YMR145C,0.0,NA,3.871589433401823e-05,2850,24353,6688,0,0.2814316485202561,0.10476785648641694,1.0,0.7845430237427918,0.21545697625720822
6688,YJR074W YOL080C,0.0,NA,3.87233158107847e-05,2850,24352,6689,0,0.2814611548788764,0.1047717079626498,1.0,0.7845108082858155,0.21548919171418446
6689,YLR438C-A YDR147W,0.0,NA,3.8804013456683606e-05,2850,24351,6690,0,0.28149066123749666,0.10477555972206905,1.0,0.7844785928288392,0.21552140717116072
6690,YJL085W YDR214W,0.0,NA,3.881156226270832e-05,2850,24350,6691,0,0.281520167596117,0.10477941176470588,1.0,0.7844463773718631,0.215553622628137
6691,YCR072C YMR079W,0.0,NA,3.886537888320163e-05,2850,24349,6692,0,0.28154967395473723,0.10478326409059156,1.0,0.7844141619148868,0.21558583808511322
6692,YGL067W YNL312W,0.0,NA,3.889741492457688e-05,2850,24348,6693,0,0.28157918031335755,0.10478711669975734,1.0,0.7843819464579105,0.2156180535420895
6693,YCL067C YGR285C,0.0,NA,3.892279710271396e-05,2850,24347,6694,0,0.2816086866719778,0.10479096959223444,1.0,0.7843497310009343,0.21565026899906575
6694,YIL045W YKL143W,0.0,NA,3.89707820431795e-05,2850,24346,6695,0,0.2816381930305981,0.10479482276805413,1.0,0.784317515543958,0.21568248445604202
6695,YDL245C YBR030W,0.0,NA,3.8974161725491285e-05,2850,24345,6696,0,0.2816676993892184,0.10479867622724766,1.0,0.7842853000869817,0.21571469991301825
6696,YDR261C YBR176W,0.0,NA,3.9008522435324267e-05,2850,24344,6697,0,0.2816972057478387,0.10480252996984629,1.0,0.7842530846300054,0.21574691536999452
6697,YDR314C YPL130W,0.0,NA,3.9027574530337006e-05,2850,24343,6698,0,0.28172671210645894,0.1048063839958813,1.0,0.7842208691730292,0.21577913082697078
6698,YFL048C YBL004W,0.0,NA,3.902846583514474e-05,2850,24342,6699,0,0.2817562184650792,0.10481023830538394,1.0,0.784188653716053,0.21581134628394705
6699,YNL283C YER035W,0.0,NA,3.907043355866335e-05,2850,24341,6700,0,0.2817857248236995,0.10481409289838549,1.0,0.7841564382590767,0.21584356174092328
6700,YHR058C YOR035C,0.0,NA,3.907546488335356e-05,2850,24340,6701,0,0.28181523118231977,0.10481794777491725,1.0,0.7841242228021005,0.21587577719789955
6701,YMR005W YBR237W,0.0,NA,3.9094698877306655e-05,2850,24339,6702,0,0.2818447375409401,0.10482180293501048,1.0,0.7840920073451242,0.2159079926548758
6702,YGR234W YGL094C,0.0,NA,3.911326712113805e-05,2850,24338,6703,0,0.28187424389956034,0.10482565837869648,1.0,0.7840597918881479,0.21594020811185208
6703,YNL116W YJL080C,0.0,NA,3.927687066607177e-05,2850,24337,6704,0,0.28190375025818065,0.10482951410600655,1.0,0.7840275764311717,0.21597242356882831
6704,YDR283C YGL148W,0.0,NA,3.934570122510195e-05,2850,24336,6705,0,0.2819332566168009,0.10483337011697197,1.0,0.7839953609741954,0.21600463902580458
6705,YPR001W YER073W,0.0,NA,3.9516002289019525e-05,2850,24335,6706,0,0.2819627629754212,0.10483722641162406,1.0,0.7839631455172191,0.21603685448278084
6706,YCL037C YJL170C,0.0,NA,3.956619184464216e-05,2850,24334,6707,0,0.2819922693340415,0.10484108298999412,1.0,0.783930930060243,0.2160690699397571
6707,YMR063W YFR030W,0.0,NA,3.9665210351813585e-05,2850,24333,6708,0,0.2820217756926618,0.10484493985211345,1.0,0.7838987146032667,0.21610128539673334
6708,YGL094C YHR150W,0.0,NA,3.9665359508944675e-05,2850,24332,6709,0,0.28205128205128205,0.10484879699801339,1.0,0.7838664991462904,0.2161335008537096
6709,YPL027W YOR204W,0.0,NA,3.96690666093491e-05,2850,24331,6710,0,0.28208078840990236,0.10485265442772525,1.0,0.7838342836893142,0.21616571631068587
6710,YMR070W YDR216W,0.0,NA,3.969018507632427e-05,2850,24330,6711,0,0.2821102947685226,0.10485651214128035,1.0,0.7838020682323379,0.21619793176766214
6711,YBR126C YOR018W,0.0,NA,3.9775739423930645e-05,2850,24329,6712,0,0.2821398011271429,0.10486037013871004,1.0,0.7837698527753616,0.21623014722463837
6712,YOL043C YLR238W,0.0,NA,3.978894164902158e-05,2850,24328,6713,0,0.2821693074857632,0.10486422842004563,1.0,0.7837376373183854,0.21626236268161464
6713,YER019W YBR236C,0.0,NA,3.9815666241338477e-05,2850,24327,6714,0,0.28219881384438344,0.10486808698531846,1.0,0.7837054218614091,0.2162945781385909
6714,YHR004C YOR249C,0.0,NA,3.984411159763113e-05,2850,24326,6715,0,0.28222832020300376,0.1048719458345599,1.0,0.7836732064044328,0.21632679359556714
6715,YMR011W YHR026W,0.0,NA,3.9853272028267384e-05,2850,24325,6716,0,0.282257826561624,0.10487580496780129,1.0,0.7836409909474565,0.2163590090525434
6716,YNL128W YMR001C,0.0,NA,3.987125455751084e-05,2850,24324,6717,0,0.2822873329202443,0.10487966438507397,1.0,0.7836087754904804,0.21639122450951967
6717,YOR328W YER082C,0.0,NA,3.9919304981594905e-05,2850,24323,6718,0,0.2823168392788646,0.1048835240864093,1.0,0.7835765600335041,0.21642343996649593
6718,YOR213C YDL212W,0.0,NA,3.99559794459492e-05,2850,24322,6719,0,0.2823463456374849,0.10488738407183866,1.0,0.7835443445765278,0.21645565542347217
6719,YNL333W YDR147W,0.0,NA,3.9959297282621264e-05,2850,24321,6720,0,0.28237585199610515,0.1048912443413934,1.0,0.7835121291195516,0.21648787088044844
6720,YOR056C YEL016C,0.0,NA,3.9963375456864014e-05,2850,24320,6721,0,0.28240535835472547,0.1048951048951049,1.0,0.7834799136625753,0.2165200863374247
6721,YJL101C YJR139C,0.0,NA,3.9998449210543185e-05,2850,24319,6722,0,0.2824348647133457,0.10489896573300453,1.0,0.783447698205599,0.21655230179440096
6722,YBR049C YHL036W,0.0,NA,4.002664718427695e-05,2850,24318,6723,0,0.28246437107196604,0.10490282685512367,1.0,0.7834154827486228,0.2165845172513772
6723,YKL116C YPL171C,0.0,NA,4.006315430160612e-05,2850,24317,6724,0,0.2824938774305863,0.10490668826149373,1.0,0.7833832672916465,0.21661673270835347
6724,YHR036W YDL124W,0.0,NA,4.007760071544908e-05,2850,24316,6725,0,0.28252338378920655,0.10491054995214606,1.0,0.7833510518346702,0.21664894816532973
6725,YMR163C YML064C,0.0,NA,4.015388185507618e-05,2850,24315,6726,0,0.28255289014782686,0.1049144119271121,1.0,0.7833188363776941,0.216681163622306
6726,YJL083W YLR141W,0.0,NA,4.023660221719183e-05,2850,24314,6727,0,0.2825823965064471,0.1049182741864232,1.0,0.7832866209207178,0.21671337907928223
6727,YDR363W YMR246W,0.0,NA,4.0255370549857616e-05,2850,24313,6728,0,0.28261190286506743,0.10492213673011082,1.0,0.7832544054637415,0.2167455945362585
6728,YDL234C YAL013W,0.0,NA,4.035353413200937e-05,2850,24312,6729,0,0.2826414092236877,0.10492599955820632,1.0,0.7832221900067653,0.21677780999323476
6729,YIR005W YBL105C,0.0,NA,4.0378636185778305e-05,2850,24311,6730,0,0.282670915582308,0.10492986267074114,1.0,0.783189974549789,0.21681002545021102
6730,YJL108C YOL097C,0.0,NA,4.0384602471021935e-05,2850,24310,6731,0,0.28270042194092826,0.10493372606774669,1.0,0.7831577590928127,0.21684224090718726
6731,YPL007C YNL080C,0.0,NA,4.0397313568973914e-05,2850,24309,6732,0,0.28272992829954857,0.10493758974925439,1.0,0.7831255436358365,0.21687445636416353
6732,YDL082W YDR072C,0.0,NA,4.0449547668686137e-05,2850,24308,6733,0,0.28275943465816883,0.10494145371529567,1.0,0.7830933281788602,0.2169066718211398
6733,YDL219W YBR009C,0.0,NA,4.0455528505844995e-05,2850,24307,6734,0,0.28278894101678914,0.10494531796590198,1.0,0.783061112721884,0.21693888727811603
6734,YOR377W YOR004W,0.0,NA,4.052928488817997e-05,2850,24306,6735,0,0.2828184473754094,0.10494918250110473,1.0,0.7830288972649077,0.2169711027350923
6735,YBR298C YBR237W,0.0,NA,4.0554026782047004e-05,2850,24305,6736,0,0.28284795373402966,0.10495304732093537,1.0,0.7829966818079315,0.21700331819206856
6736,YDL235C YJL108C,0.0,NA,4.055746830999851e-05,2850,24304,6737,0,0.28287746009264997,0.10495691242542535,1.0,0.7829644663509552,0.21703553364904482
6737,YGL206C YKR081C,0.0,NA,4.056187754031271e-05,2850,24303,6738,0,0.2829069664512702,0.10496077781460612,1.0,0.7829322508939789,0.21706774910602106
6738,YBR168W YNL136W,0.0,NA,4.0618469938635826e-05,2850,24302,6739,0,0.28293647280989054,0.10496464348850913,1.0,0.7829000354370027,0.21709996456299732
6739,YGR108W YLR121C,0.0,NA,4.061920481035486e-05,2850,24301,6740,0,0.2829659791685108,0.10496850944716585,1.0,0.7828678199800264,0.2171321800199736
6740,YKR094C YNL333W,0.0,NA,4.064315362484194e-05,2850,24300,6741,0,0.2829954855271311,0.10497237569060773,1.0,0.7828356045230501,0.21716439547694985
6741,YBL032W YGR221C,0.0,NA,4.064741369802505e-05,2850,24299,6742,0,0.28302499188575136,0.10497624221886626,1.0,0.7828033890660739,0.2171966109339261
6742,YMR142C YLR333C,0.0,NA,4.067436384502798e-05,2850,24298,6743,0,0.2830544982443717,0.10498010903197288,1.0,0.7827711736090976,0.21722882639090235
6743,YGL091C YPL256C,0.0,NA,4.068223643116653e-05,2850,24297,6744,0,0.28308400460299193,0.1049839761299591,1.0,0.7827389581521214,0.21726104184787862
6744,YOL124C YBR280C,0.0,NA,4.069220813107677e-05,2850,24296,6745,0,0.28311351096161225,0.10498784351285641,1.0,0.7827067426951452,0.21729325730485488
6745,YFR050C YML047C,0.0,NA,4.073985110153444e-05,2850,24295,6746,0,0.2831430173202325,0.10499171118069626,1.0,0.7826745272381689,0.21732547276183112
6746,YCR039C YOR272W,0.0,NA,4.076954792253673e-05,2850,24294,6747,0,0.2831725236788528,0.10499557913351017,1.0,0.7826423117811926,0.21735768821880738
6747,YNR070W YCL009C,0.0,NA,4.084948159288615e-05,2850,24293,6748,0,0.2832020300374731,0.10499944737132963,1.0,0.7826100963242164,0.21738990367578365
6748,YJR046W YML076C,0.0,NA,4.087640991201624e-05,2850,24292,6749,0,0.28323153639609333,0.10500331589418613,1.0,0.7825778808672401,0.2174221191327599
6749,YDR325W YAL042W,0.0,NA,4.0926843212218955e-05,2850,24291,6750,0,0.28326104275471364,0.10500718470211119,1.0,0.7825456654102638,0.21745433458973615
6750,YDR403W YMR176W,0.0,NA,4.0927545342128724e-05,2850,24290,6751,0,0.2832905491133339,0.10501105379513632,1.0,0.7825134499532875,0.2174865500467124
6751,YLR145W YGL115W,0.0,NA,4.1070685256272554e-05,2850,24289,6752,0,0.2833200554719542,0.10501492317329304,1.0,0.7824812344963114,0.21751876550368868
6752,YHL022C YKL216W,0.0,NA,4.1252464143326506e-05,2850,24288,6753,0,0.28334956183057447,0.10501879283661286,1.0,0.7824490190393351,0.2175509809606649
6753,YML046W YDR035W,0.0,NA,4.128142973058857e-05,2850,24287,6754,0,0.2833790681891948,0.10502266278512731,1.0,0.7824168035823588,0.21758319641764118
6754,YML027W YER069W,0.0,NA,4.1324281482957304e-05,2850,24286,6755,0,0.28340857454781504,0.10502653301886793,1.0,0.7823845881253826,0.21761541187461744
6755,YOR307C YKR086W,0.0,NA,4.133117909077555e-05,2850,24285,6756,0,0.28343808090643535,0.10503040353786622,1.0,0.7823523726684063,0.2176476273315937
6756,YER166W YOL031C,0.0,NA,4.1368009988218546e-05,2850,24284,6757,0,0.2834675872650556,0.10503427434215376,1.0,0.78232015721143,0.21767984278856994
6757,YHR064C YML043C,0.0,NA,4.1375980799784884e-05,2850,24283,6758,0,0.2834970936236759,0.10503814543176206,1.0,0.7822879417544538,0.2177120582455462
6758,YPL145C YAL029C,0.0,NA,4.1492188756819814e-05,2850,24282,6759,0,0.2835265999822962,0.10504201680672269,1.0,0.7822557262974775,0.21774427370252247
6759,YBR256C YOR138C,0.0,NA,4.1537994547979906e-05,2850,24281,6760,0,0.2835561063409165,0.1050458884670672,1.0,0.7822235108405012,0.21777648915949874
6760,YER022W YHR114W,0.0,NA,4.1638330003479496e-05,2850,24280,6761,0,0.28358561269953675,0.10504976041282713,1.0,0.782191295383525,0.21780870461647497
6761,YGR040W YNL021W,0.0,NA,4.1671741200843826e-05,2850,24279,6762,0,0.283615119058157,0.10505363264403406,1.0,0.7821590799265488,0.21784092007345124
6762,YNL219C YPL209C,0.0,NA,4.167881706962362e-05,2850,24278,6763,0,0.2836446254167773,0.10505750516071956,1.0,0.7821268644695725,0.2178731355304275
6763,YGR108W YPR120C,0.0,NA,4.172792978351936e-05,2850,24277,6764,0,0.2836741317753976,0.10506137796291518,1.0,0.7820946490125963,0.21790535098740377
6764,YHR166C YGL257C,0.0,NA,4.17296432715375e-05,2850,24276,6765,0,0.2837036381340179,0.10506525105065251,1.0,0.78206243355562,0.21793756644438
6765,YKL018W YDL245C,0.0,NA,4.175404319539666e-05,2850,24275,6766,0,0.28373314449263815,0.10506912442396313,1.0,0.7820302180986437,0.21796978190135627
6766,YLR004C YDL003W,0.0,NA,4.1780571336857975e-05,2850,24274,6767,0,0.28376265085125846,0.10507299808287864,1.0,0.7819980026416675,0.21800199735833253
6767,YPL081W YBR199W,0.0,NA,4.1804163629421964e-05,2850,24273,6768,0,0.2837921572098787,0.10507687202743059,1.0,0.7819657871846912,0.2180342128153088
6768,YAL014C YPL036W,0.0,NA,4.182043267064728e-05,2850,24272,6769,0,0.283821663568499,0.10508074625765061,1.0,0.7819335717277149,0.21806642827228503
6769,YPR017C YDR490C,0.0,NA,4.183271812507883e-05,2850,24271,6770,0,0.2838511699271193,0.1050846207735703,1.0,0.7819013562707386,0.2180986437292613
6770,YER164W YBR299W,0.0,NA,4.188884486211464e-05,2850,24270,6771,0,0.2838806762857396,0.10508849557522124,1.0,0.7818691408137625,0.21813085918623756
6771,YHL006C YCR063W,0.0,NA,4.210619954392314e-05,2850,24269,6772,0,0.28391018264435985,0.10509237066263505,1.0,0.7818369253567862,0.2181630746432138
6772,YAL007C YBR267W,0.0,NA,4.211599662085064e-05,2850,24268,6773,0,0.28393968900298017,0.10509624603584335,1.0,0.7818047098998099,0.21819529010019006
6773,YML100W YOR310C,0.0,NA,4.215947410557419e-05,2850,24267,6774,0,0.2839691953616004,0.10510012169487776,1.0,0.7817724944428337,0.21822750555716633
6774,YER179W YJL222W,0.0,NA,4.2194467823719606e-05,2850,24266,6775,0,0.2839987017202207,0.10510399763976988,1.0,0.7817402789858574,0.2182597210141426
6775,YNL183C YML064C,0.0,NA,4.2207026126561686e-05,2850,24265,6776,0,0.284028208078841,0.10510787387055136,1.0,0.7817080635288811,0.21829193647111883
6776,YGR249W YDR343C,0.0,NA,4.221237759338692e-05,2850,24264,6777,0,0.28405771443746125,0.10511175038725382,1.0,0.7816758480719049,0.2183241519280951
6777,YOR100C YLR393W,0.0,NA,4.222187999403104e-05,2850,24263,6778,0,0.28408722079608156,0.1051156271899089,1.0,0.7816436326149286,0.21835636738507136
6778,YHR048W YOL111C,0.0,NA,4.2254949221387506e-05,2850,24262,6779,0,0.2841167271547018,0.10511950427854824,1.0,0.7816114171579523,0.21838858284204762
6779,YJL219W YER088C,0.0,NA,4.2268809920642525e-05,2850,24261,6780,0,0.28414623351332213,0.1051233816532035,1.0,0.7815792017009762,0.21842079829902386
6780,YLL022C YMR179W,0.0,NA,4.232419451000169e-05,2850,24260,6781,0,0.2841757398719424,0.1051272593139063,1.0,0.7815469862439999,0.21845301375600013
6781,YFR014C YCR063W,0.0,NA,4.232443461660296e-05,2850,24259,6782,0,0.2842052462305627,0.10513113726068833,1.0,0.7815147707870236,0.2184852292129764
6782,YDR227W YOR208W,0.0,NA,4.235169035382569e-05,2850,24258,6783,0,0.28423475258918296,0.10513501549358123,1.0,0.7814825553300474,0.21851744466995265
6783,YLR452C YGR172C,0.0,NA,4.237107714288868e-05,2850,24257,6784,0,0.28426425894780327,0.10513889401261667,1.0,0.7814503398730711,0.2185496601269289
6784,YFL056C YPL016W,0.0,NA,4.238639667164534e-05,2850,24256,6785,0,0.28429376530642353,0.10514277281782632,1.0,0.7814181244160948,0.21858187558390516
6785,YMR100W YBR118W,0.0,NA,4.251484642736614e-05,2850,24255,6786,0,0.28432327166504384,0.10514665190924184,1.0,0.7813859089591186,0.21861409104088142
6786,YJR082C YPL189W,0.0,NA,4.2568277422105893e-05,2850,24254,6787,0,0.2843527780236641,0.10515053128689493,1.0,0.7813536935021423,0.21864630649785768
6787,YOL045W YDR295C,0.0,NA,4.259658089722507e-05,2850,24253,6788,0,0.28438228438228436,0.10515441095081725,1.0,0.781321478045166,0.21867852195483392
6788,YML105C YDR419W,0.0,NA,4.264690142008476e-05,2850,24252,6789,0,0.28441179074090467,0.10515829090104051,1.0,0.7812892625881898,0.21871073741181019
6789,YOR145C YJL178C,0.0,NA,4.264901508577168e-05,2850,24251,6790,0,0.2844412970995249,0.1051621711375964,1.0,0.7812570471312136,0.21874295286878645
6790,YPL164C YDR490C,0.0,NA,4.2721712816273794e-05,2850,24250,6791,0,0.28447080345814524,0.10516605166051661,1.0,0.7812248316742373,0.21877516832576271
6791,YMR163C YML041C,0.0,NA,4.274775710655376e-05,2850,24249,6792,0,0.2845003098167655,0.10516993246983283,1.0,0.781192616217261,0.21880738378273895
6792,YPR054W YOR091W,0.0,NA,4.278274718672037e-05,2850,24248,6793,0,0.2845298161753858,0.1051738135655768,1.0,0.7811604007602848,0.21883959923971522
6793,YOL040C YER131W,0.0,NA,4.2822746763704345e-05,2850,24247,6794,0,0.28455932253400607,0.1051776949477802,1.0,0.7811281853033085,0.21887181469669148
6794,YJL212C YBR127C,0.0,NA,4.287108822609298e-05,2850,24246,6795,0,0.2845888288926264,0.10518157661647476,1.0,0.7810959698463322,0.21890403015366772
6795,YOR056C YJL106W,0.0,NA,4.2891821067314595e-05,2850,24245,6796,0,0.28461833525124663,0.10518545857169219,1.0,0.781063754389356,0.21893624561064398
6796,YHR087W YGL077C,0.0,NA,4.291264485800639e-05,2850,24244,6797,0,0.28464784160986695,0.10518934081346423,1.0,0.7810315389323798,0.21896846106762025
6797,YOL147C YDR545W,0.0,NA,4.293147139833309e-05,2850,24243,6798,0,0.2846773479684872,0.10519322334182261,1.0,0.7809993234754035,0.2190006765245965
6798,YMR212C YKL160W,0.0,NA,4.2969400965375826e-05,2850,24242,6799,0,0.2847068543271075,0.10519710615679906,1.0,0.7809671080184273,0.21903289198157275
6799,YMR163C YER012W,0.0,NA,4.3025167542509735e-05,2850,24241,6800,0,0.2847363606857278,0.1052009892584253,1.0,0.780934892561451,0.219065107438549
6800,YDR181C YGL094C,0.0,NA,4.3199568608542904e-05,2850,24240,6801,0,0.28476586704434803,0.10520487264673312,1.0,0.7809026771044747,0.21909732289552528
6801,YLR393W YKR097W,0.0,NA,4.328096838435158e-05,2850,24239,6802,0,0.28479537340296834,0.10520875632175422,1.0,0.7808704616474985,0.21912953835250154
6802,YPL092W YHR128W,0.0,NA,4.329756120569073e-05,2850,24238,6803,0,0.2848248797615886,0.10521264028352038,1.0,0.7808382461905222,0.21916175380947778
6803,YBR002C YOR363C,0.0,NA,4.333188553573564e-05,2850,24237,6804,0,0.2848543861202089,0.10521652453206336,1.0,0.7808060307335459,0.21919396926645404
6804,YLR409C YDR460W,0.0,NA,4.340981104178354e-05,2850,24236,6805,0,0.28488389247882917,0.1052204090674149,1.0,0.7807738152765697,0.2192261847234303
6805,YDR335W YPL274W,0.0,NA,4.342910324339755e-05,2850,24235,6806,0,0.2849133988374495,0.10522429388960679,1.0,0.7807415998195935,0.21925840018040657
6806,YMR311C YPL057C,0.0,NA,4.348484435467981e-05,2850,24234,6807,0,0.28494290519606974,0.1052281789986708,1.0,0.7807093843626172,0.2192906156373828
6807,YHR186C YKR066C,0.0,NA,4.353401163825765e-05,2850,24233,6808,0,0.28497241155469005,0.1052320643946387,1.0,0.7806771689056409,0.21932283109435907
6808,YPL253C YKL189W,0.0,NA,4.357691796030849e-05,2850,24232,6809,0,0.2850019179133103,0.10523595007754227,1.0,0.7806449534486647,0.21935504655133534
6809,YOL086C YBR012W-B,0.0,NA,4.366577559267171e-05,2850,24231,6810,0,0.2850314242719306,0.10523983604741331,1.0,0.7806127379916884,0.2193872620083116
6810,YOL081W YGL190C,0.0,NA,4.36706468462944e-05,2850,24230,6811,0,0.2850609306305509,0.10524372230428361,1.0,0.7805805225347121,0.21941947746528784
6811,YHL043W YOR270C,0.0,NA,4.368493318906985e-05,2850,24229,6812,0,0.2850904369891712,0.10524760884818495,1.0,0.7805483070777359,0.2194516929222641
6812,YLR056W YJL100W,0.0,NA,4.370610258774832e-05,2850,24228,6813,0,0.28511994334779145,0.10525149567914913,1.0,0.7805160916207596,0.21948390837924037
6813,YHR136C YPL127C,0.0,NA,4.378052108222619e-05,2850,24227,6814,0,0.2851494497064117,0.10525538279720796,1.0,0.7804838761637833,0.2195161238362166
6814,YPR043W YGL098W,0.0,NA,4.378553421702236e-05,2850,24226,6815,0,0.285178956065032,0.10525927020239326,1.0,0.7804516607068072,0.21954833929319287
6815,YER157W YPR180W,0.0,NA,4.380219615995884e-05,2850,24225,6816,0,0.2852084624236523,0.10526315789473684,1.0,0.7804194452498309,0.21958055475016913
6816,YDR538W YPR159W,0.0,NA,4.380436803330667e-05,2850,24224,6817,0,0.2852379687822726,0.10526704587427052,1.0,0.7803872297928546,0.2196127702071454
6817,YMR306W YDR059C,0.0,NA,4.382408951641992e-05,2850,24223,6818,0,0.28526747514089285,0.10527093414102612,1.0,0.7803550143358784,0.21964498566412163
6818,YOL032W YOR265W,0.0,NA,4.382438419270329e-05,2850,24222,6819,0,0.28529698149951316,0.10527482269503546,1.0,0.7803227988789021,0.2196772011210979
6819,YDR446W YMR083W,0.0,NA,4.389356035972014e-05,2850,24221,6820,0,0.2853264878581334,0.1052787115363304,1.0,0.7802905834219258,0.21970941657807416
6820,YBR152W YML047C,0.0,NA,4.393124982016161e-05,2850,24220,6821,0,0.28535599421675373,0.10528260066494274,1.0,0.7802583679649496,0.21974163203505043
6821,YPL218W YLR287C-A,0.0,NA,4.401763726491481e-05,2850,24219,6822,0,0.285385500575374,0.10528649008090435,1.0,0.7802261525079733,0.21977384749202666
6822,YKR094C YJL140W,0.0,NA,4.402510967338458e-05,2850,24218,6823,0,0.2854150069339943,0.10529037978424709,1.0,0.780193937050997,0.21980606294900293
6823,YIL101C YDR176W,0.0,NA,4.40373296441976e-05,2850,24217,6824,0,0.28544451329261455,0.10529426977500277,1.0,0.7801617215940209,0.2198382784059792
6824,YPL093W YHR085W,0.0,NA,4.406543303048238e-05,2850,24216,6825,0,0.28547401965123487,0.10529816005320328,1.0,0.7801295061370446,0.21987049386295546
6825,YGR092W YDL155W,0.0,NA,4.407219967106357e-05,2850,24215,6826,0,0.2855035260098551,0.10530205061888047,1.0,0.7800972906800683,0.2199027093199317
6826,YPR055W YNL244C,0.0,NA,4.4113276089774445e-05,2850,24214,6827,0,0.2855330323684754,0.10530594147206622,1.0,0.780065075223092,0.21993492477690796
6827,YER144C YNL147W,0.0,NA,4.413482383824885e-05,2850,24213,6828,0,0.2855625387270957,0.10530983261279238,1.0,0.7800328597661158,0.21996714023388422
6828,YOR070C YDR113C,0.0,NA,4.4161472033010796e-05,2850,24212,6829,0,0.28559204508571595,0.10531372404109082,1.0,0.7800006443091395,0.2199993556908605
6829,YNL292W YJR005W,0.0,NA,4.416395677253604e-05,2850,24211,6830,0,0.28562155144433626,0.10531761575699346,1.0,0.7799684288521632,0.22003157114783672
6830,YJL207C YOR040W,0.0,NA,4.418005119077861e-05,2850,24210,6831,0,0.2856510578029565,0.10532150776053215,1.0,0.779936213395187,0.220063786604813
6831,YDL246C YER110C,0.0,NA,4.421182529767975e-05,2850,24209,6832,0,0.28568056416157683,0.1053254000517388,1.0,0.7799039979382107,0.22009600206178925
6832,YGL058W YNL278W,0.0,NA,4.425843872013502e-05,2850,24208,6833,0,0.2857100705201971,0.10532929263064528,1.0,0.7798717824812345,0.2201282175187655
6833,YOR160W YMR261C,0.0,NA,4.426337909535505e-05,2850,24207,6834,0,0.2857395768788174,0.10533318549728352,1.0,0.7798395670242583,0.22016043297574175
6834,YKL218C YDR361C,0.0,NA,4.4267009798204526e-05,2850,24206,6835,0,0.28576908323743766,0.10533707865168539,1.0,0.779807351567282,0.22019264843271802
6835,YLR299W YGR234W,0.0,NA,4.43206554336939e-05,2850,24205,6836,0,0.285798589596058,0.10534097209388284,1.0,0.7797751361103057,0.22022486388969428
6836,YDR238C YER029C,0.0,NA,4.4340013118926436e-05,2850,24204,6837,0,0.28582809595467823,0.10534486582390774,1.0,0.7797429206533295,0.22025707934667052
6837,YMR232W YNR013C,0.0,NA,4.4430005800677463e-05,2850,24203,6838,0,0.28585760231329854,0.10534875984179204,1.0,0.7797107051963532,0.22028929480364678
6838,YGL166W YPL145C,0.0,NA,4.443703801371157e-05,2850,24202,6839,0,0.2858871086719188,0.10535265414756764,1.0,0.7796784897393769,0.22032151026062305
6839,YNL129W YLR275W,0.0,NA,4.445513695827685e-05,2850,24201,6840,0,0.28591661503053906,0.1053565487412665,1.0,0.7796462742824007,0.2203537257175993
6840,YOR373W YDL115C,0.0,NA,4.4472395529737696e-05,2850,24200,6841,0,0.28594612138915937,0.10536044362292052,1.0,0.7796140588254244,0.22038594117457555
6841,YCR083W YIL037C,0.0,NA,4.4487409468274564e-05,2850,24199,6842,0,0.2859756277477796,0.10536433879256164,1.0,0.7795818433684482,0.22041815663155181
6842,YER144C YAL028W,0.0,NA,4.450175038073212e-05,2850,24198,6843,0,0.28600513410639994,0.10536823425022183,1.0,0.779549627911472,0.22045037208852808
6843,YMR201C YOR226C,0.0,NA,4.450735286809504e-05,2850,24197,6844,0,0.2860346404650202,0.10537212999593301,1.0,0.7795174124544957,0.22048258754550434
6844,YPL094C YKL197C,0.0,NA,4.455228190636262e-05,2850,24196,6845,0,0.2860641468236405,0.10537602602972714,1.0,0.7794851969975194,0.22051480300248058
6845,YGR108W YOL058W,0.0,NA,4.45627338194754e-05,2850,24195,6846,0,0.28609365318226077,0.10537992235163617,1.0,0.7794529815405431,0.22054701845945685
6846,YOR065W YML074C,0.0,NA,4.4573956984095275e-05,2850,24194,6847,0,0.2861231595408811,0.10538381896169206,1.0,0.7794207660835669,0.2205792339164331
6847,YDR177W YGR184C,0.0,NA,4.46096746600233e-05,2850,24193,6848,0,0.28615266589950134,0.10538771585992679,1.0,0.7793885506265906,0.22061144937340937
6848,YDL136W YLL038C,0.0,NA,4.463912409846671e-05,2850,24192,6849,0,0.28618217225812165,0.1053916130463723,1.0,0.7793563351696143,0.2206436648303856
6849,YGR282C YDL065C,0.0,NA,4.465326128411107e-05,2850,24191,6850,0,0.2862116786167419,0.10539551052106061,1.0,0.7793241197126382,0.22067588028736188
6850,YOR108W YKL127W,0.0,NA,4.46762605861295e-05,2850,24190,6851,0,0.2862411849753622,0.10539940828402367,1.0,0.7792919042556619,0.22070809574433814
6851,YKL175W YJL115W,0.0,NA,4.471854481380433e-05,2850,24189,6852,0,0.2862706913339825,0.10540330633529346,1.0,0.7792596887986856,0.2207403112013144
6852,YOR004W YAR007C,0.0,NA,4.479302151594311e-05,2850,24188,6853,0,0.28630019769260273,0.10540720467490199,1.0,0.7792274733417094,0.22077252665829064
6853,YBR057C YDR335W,0.0,NA,4.479601193452254e-05,2850,24187,6854,0,0.28632970405122304,0.10541110330288124,1.0,0.7791952578847331,0.2208047421152669
6854,YFL057C YBL008W,0.0,NA,4.482793519855477e-05,2850,24186,6855,0,0.2863592104098433,0.1054150022192632,1.0,0.7791630424277568,0.22083695757224317
6855,YBR015C YPR034W,0.0,NA,4.4940334191778675e-05,2850,24185,6856,0,0.2863887167684636,0.10541890142407989,1.0,0.7791308269707806,0.2208691730292194
6856,YPR133C YGL147C,0.0,NA,4.499891656450927e-05,2850,24184,6857,0,0.28641822312708387,0.10542280091736332,1.0,0.7790986115138043,0.22090138848619567
6857,YKR024C YJR013W,0.0,NA,4.5090280764270574e-05,2850,24183,6858,0,0.2864477294857042,0.10542670069914549,1.0,0.779066396056828,0.22093360394317194
6858,YOL041C YJL168C,0.0,NA,4.515418186201714e-05,2850,24182,6859,0,0.28647723584432444,0.10543060076945841,1.0,0.7790341805998519,0.2209658194001482
6859,YCR033W YMR304W,0.0,NA,4.5180542656453326e-05,2850,24181,6860,0,0.28650674220294475,0.10543450112833413,1.0,0.7790019651428756,0.22099803485712444
6860,YJL136C YHL036W,0.0,NA,4.518136120168492e-05,2850,24180,6861,0,0.286536248561565,0.10543840177580466,1.0,0.7789697496858993,0.2210302503141007
6861,YDL074C YJR105W,0.0,NA,4.5303244405658916e-05,2850,24179,6862,0,0.2865657549201853,0.10544230271190203,1.0,0.7789375342289231,0.22106246577107697
6862,YDR416W YOR133W,0.0,NA,4.53087268397212e-05,2850,24178,6863,0,0.2865952612788056,0.10544620393665828,1.0,0.7789053187719468,0.22109468122805323
6863,YOR267C YPL115C,0.0,NA,4.539756628219038e-05,2850,24177,6864,0,0.2866247676374259,0.10545010545010546,1.0,0.7788731033149705,0.22112689668502947
6864,YJL139C YKR102W,0.0,NA,4.543169416137971e-05,2850,24176,6865,0,0.28665427399604615,0.10545400725227559,1.0,0.7788408878579942,0.22115911214200573
6865,YBR131W YOR354C,0.0,NA,4.569548036670312e-05,2850,24175,6866,0,0.2866837803546664,0.10545790934320073,1.0,0.778808672401018,0.221191327598982
6866,YIL133C YBL091C,0.0,NA,4.571609679260291e-05,2850,24174,6867,0,0.2867132867132867,0.10546181172291297,1.0,0.7787764569440417,0.22122354305595826
6867,YBR164C YOR301W,0.0,NA,4.572869875119068e-05,2850,24173,6868,0,0.286742793071907,0.10546571439144432,1.0,0.7787442414870654,0.2212557585129345
6868,YGL033W YNL339C,0.0,NA,4.574614285957068e-05,2850,24172,6869,0,0.2867722994305273,0.10546961734882689,1.0,0.7787120260300893,0.22128797396991076
6869,YIL026C YEL019C,0.0,NA,4.581630491884425e-05,2850,24171,6870,0,0.28680180578914755,0.10547352059509271,1.0,0.778679810573113,0.22132018942688703
6870,YLL042C YDR084C,0.0,NA,4.582626934279688e-05,2850,24170,6871,0,0.28683131214776786,0.10547742413027388,1.0,0.7786475951161367,0.2213524048838633
6871,YMR127C YCR005C,0.0,NA,4.585136048262939e-05,2850,24169,6872,0,0.2868608185063881,0.10548132795440246,1.0,0.7786153796591605,0.22138462034083953
6872,YPL023C YDR216W,0.0,NA,4.5865526772104204e-05,2850,24168,6873,0,0.28689032486500843,0.10548523206751055,1.0,0.7785831642021842,0.2214168357978158
6873,YDL113C YPR121W,0.0,NA,4.5886965381214395e-05,2850,24167,6874,0,0.2869198312236287,0.10548913646963023,1.0,0.7785509487452079,0.22144905125479206
6874,YOR351C YBR132C,0.0,NA,4.5924392907181755e-05,2850,24166,6875,0,0.286949337582249,0.10549304116079361,1.0,0.7785187332882317,0.2214812667117683
6875,YGL045W YGR289C,0.0,NA,4.593328412738629e-05,2850,24165,6876,0,0.28697884394086925,0.10549694614103276,1.0,0.7784865178312554,0.22151348216874456
6876,YOR191W YEL053C,0.0,NA,4.597128281602636e-05,2850,24164,6877,0,0.28700835029948957,0.1055008514103798,1.0,0.7784543023742792,0.22154569762572082
6877,YOR184W YOL130W,0.0,NA,4.603032357408665e-05,2850,24163,6878,0,0.2870378566581098,0.10550475696886684,1.0,0.778422086917303,0.2215779130826971
6878,YCR042C YGL200C,0.0,NA,4.609164534485899e-05,2850,24162,6879,0,0.2870673630167301,0.10550866281652599,1.0,0.7783898714603267,0.22161012853967332
6879,YLR399C YKR055W,0.0,NA,4.610043833963573e-05,2850,24161,6880,0,0.2870968693753504,0.10551256895338935,1.0,0.7783576560033504,0.2216423439966496
6880,YGR094W YPL211W,0.0,NA,4.613386045093648e-05,2850,24160,6881,0,0.28712637573397065,0.10551647537948908,1.0,0.7783254405463742,0.22167455945362585
6881,YER123W YKL214C,0.0,NA,4.61446434201207e-05,2850,24159,6882,0,0.28715588209259096,0.10552038209485727,1.0,0.7782932250893979,0.22170677491060212
6882,YDL059C YMR276W,0.0,NA,4.615036232280545e-05,2850,24158,6883,0,0.2871853884512112,0.10552428909952606,1.0,0.7782610096324216,0.22173899036757835
6883,YDR451C YPL140C,0.0,NA,4.627874295692891e-05,2850,24157,6884,0,0.28721489480983153,0.1055281963935276,1.0,0.7782287941754453,0.22177120582455462
6884,YCR031C YJR050W,0.0,NA,4.637558231479488e-05,2850,24156,6885,0,0.2872444011684518,0.10553210397689403,1.0,0.7781965787184691,0.22180342128153088
6885,YGL212W YBR067C,0.0,NA,4.6398145059356466e-05,2850,24155,6886,0,0.2872739075270721,0.10553601184965747,1.0,0.7781643632614929,0.22183563673850715
6886,YJR016C YBR298C,0.0,NA,4.645232911570929e-05,2850,24154,6887,0,0.28730341388569236,0.1055399200118501,1.0,0.7781321478045166,0.22186785219548338
6887,YHL043W YJR137C,0.0,NA,4.647599416784942e-05,2850,24153,6888,0,0.2873329202443127,0.10554382846350406,1.0,0.7780999323475404,0.22190006765245965
6888,YGR040W YPR094W,0.0,NA,4.647825699066743e-05,2850,24152,6889,0,0.28736242660293293,0.1055477372046515,1.0,0.7780677168905641,0.2219322831094359
6889,YFL047W YGL027C,0.0,NA,4.650059781852178e-05,2850,24151,6890,0,0.2873919329615532,0.10555164623532462,1.0,0.7780355014335878,0.22196449856641218
6890,YLR025W YHR044C,0.0,NA,4.6503082558047026e-05,2850,24150,6891,0,0.2874214393201735,0.10555555555555556,1.0,0.7780032859766116,0.22199671402338841
6891,YMR251W-A YBR069C,0.0,NA,4.65428784082178e-05,2850,24149,6892,0,0.28745094567879376,0.1055594651653765,1.0,0.7779710705196353,0.22202892948036468
6892,YAR050W YLR026C,0.0,NA,4.6558860049117357e-05,2850,24148,6893,0,0.28748045203741407,0.10556337506481962,1.0,0.777938855062659,0.22206114493734094
6893,YOR076C YLR448W,0.0,NA,4.6572182327508926e-05,2850,24147,6894,0,0.2875099583960343,0.1055672852539171,1.0,0.7779066396056828,0.22209336039431718
6894,YHR098C YPL061W,0.0,NA,4.659385740524158e-05,2850,24146,6895,0,0.28753946475465464,0.10557119573270114,1.0,0.7778744241487066,0.22212557585129344
6895,YKR081C YMR204C,0.0,NA,4.661714774556458e-05,2850,24145,6896,0,0.2875689711132749,0.10557510650120393,1.0,0.7778422086917303,0.2221577913082697
6896,YOR351C YLR401C,0.0,NA,4.66585552203469e-05,2850,24144,6897,0,0.2875984774718952,0.10557901755945766,1.0,0.7778099932347541,0.22219000676524597
6897,YPR143W YML060W,0.0,NA,4.667742541641928e-05,2850,24143,6898,0,0.28762798383051547,0.10558292890749453,1.0,0.7777777777777778,0.2222222222222222
6898,YBR145W YNL091W,0.0,NA,4.6697059588041157e-05,2850,24142,6899,0,0.2876574901891358,0.10558684054534677,1.0,0.7777455623208015,0.22225443767919847
6899,YBR216C YFR025C,0.0,NA,4.669972986448556e-05,2850,24141,6900,0,0.28768699654775604,0.10559075247304657,1.0,0.7777133468638253,0.22228665313617474
6900,YKL011C YNL062C,0.0,NA,4.672744034905918e-05,2850,24140,6901,0,0.28771650290637635,0.10559466469062616,1.0,0.777681131406849,0.222318868593151
6901,YML082W YGR195W,0.0,NA,4.681870268541388e-05,2850,24139,6902,0,0.2877460092649966,0.10559857719811776,1.0,0.7776489159498727,0.22235108405012724
6902,YGL064C YPL211W,0.0,NA,4.6868284698575735e-05,2850,24138,6903,0,0.28777551562361686,0.10560248999555358,1.0,0.7776167004928964,0.2223832995071035
6903,YDR236C YMR167W,0.0,NA,4.698432167060673e-05,2850,24137,6904,0,0.2878050219822372,0.10560640308296587,1.0,0.7775844850359203,0.22241551496407977
6904,YPL148C YOR234C,0.0,NA,4.699570490629412e-05,2850,24136,6905,0,0.28783452834085743,0.10561031646038686,1.0,0.777552269578944,0.22244773042105603
6905,YMR093W YMR116C,0.0,NA,4.7029865527292714e-05,2850,24135,6906,0,0.28786403469947774,0.1056142301278488,1.0,0.7775200541219677,0.22247994587803227
6906,YNL216W YLR183C,0.0,NA,4.7078599891392514e-05,2850,24134,6907,0,0.287893541058098,0.10561814408538393,1.0,0.7774878386649915,0.22251216133500853
6907,YKR066C YLR003C,0.0,NA,4.712288500741124e-05,2850,24133,6908,0,0.2879230474167183,0.1056220583330245,1.0,0.7774556232080152,0.2225443767919848
6908,YBR081C YDR363W,0.0,NA,4.712989539257251e-05,2850,24132,6909,0,0.28795255377533857,0.10562597287080276,1.0,0.7774234077510389,0.22257659224896106
6909,YNL072W YNL221C,0.0,NA,4.7156918299151585e-05,2850,24131,6910,0,0.2879820601339589,0.10562988769875098,1.0,0.7773911922940627,0.2226088077059373
6910,YFL017C YOL064C,0.0,NA,4.732441084343009e-05,2850,24130,6911,0,0.28801156649257914,0.1056338028169014,1.0,0.7773589768370864,0.22264102316291356
6911,YOR168W YKL165C,0.0,NA,4.743520185002126e-05,2850,24129,6912,0,0.28804107285119945,0.10563771822528634,1.0,0.7773267613801101,0.22267323861988983
6912,YMR006C YJR145C,0.0,NA,4.743777753901668e-05,2850,24128,6913,0,0.2880705792098197,0.10564163392393802,1.0,0.777294545923134,0.2227054540768661
6913,YGL113W YER168C,0.0,NA,4.747357525047846e-05,2850,24127,6914,0,0.28810008556844,0.10564554991288876,1.0,0.7772623304661577,0.22273766953384233
6914,YMR322C YGL207W,0.0,NA,4.751107553602196e-05,2850,24126,6915,0,0.2881295919270603,0.10564946619217082,1.0,0.7772301150091814,0.2227698849908186
6915,YDL024C YNR009W,0.0,NA,4.7558671212755144e-05,2850,24125,6916,0,0.28815909828568054,0.1056533827618165,1.0,0.7771978995522052,0.22280210044779486
6916,YBR238C YPL043W,0.0,NA,4.7559307859046385e-05,2850,24124,6917,0,0.28818860464430085,0.10565729962185809,1.0,0.7771656840952289,0.2228343159047711
6917,YOR284W YOR254C,0.0,NA,4.7725639888085425e-05,2850,24123,6918,0,0.2882181110029211,0.10566121677232788,1.0,0.7771334686382526,0.22286653136174736
6918,YBR095C YOR124C,0.0,NA,4.773642649524845e-05,2850,24122,6919,0,0.2882476173615414,0.1056651342132582,1.0,0.7771012531812764,0.22289874681872363
6919,YCR019W YOL123W,0.0,NA,4.7803758207010105e-05,2850,24121,6920,0,0.2882771237201617,0.10566905194468132,1.0,0.7770690377243001,0.2229309622756999
6920,YGR124W YPR111W,0.0,NA,4.7825098590692505e-05,2850,24120,6921,0,0.288306630078782,0.10567296996662959,1.0,0.7770368222673238,0.22296317773267613
6921,YJL048C YER087C-B,0.0,NA,4.7834855649853125e-05,2850,24119,6922,0,0.28833613643740225,0.10567688827913531,1.0,0.7770046068103476,0.2229953931896524
6922,Q0120 YER143W,0.0,NA,4.8032234190031886e-05,2850,24118,6923,0,0.28836564279602256,0.10568080688223079,1.0,0.7769723913533714,0.22302760864662866
6923,YCL031C YCR057C,0.0,NA,4.8064404836623e-05,2850,24117,6924,0,0.2883951491546428,0.10568472577594838,1.0,0.7769401758963951,0.22305982410360492
6924,YDL171C YPL112C,0.0,NA,4.8128018534043804e-05,2850,24116,6925,0,0.28842465551326313,0.1056886449603204,1.0,0.7769079604394188,0.22309203956058116
6925,YLL052C YPR110C,0.0,NA,4.813609484699555e-05,2850,24115,6926,0,0.2884541618718834,0.1056925644353792,1.0,0.7768757449824426,0.22312425501755742
6926,YNL301C YGR187C,0.0,NA,4.816842556465417e-05,2850,24114,6927,0,0.2884836682305037,0.1056964842011571,1.0,0.7768435295254663,0.22315647047453369
6927,YHR001W-A YPL047W,0.0,NA,4.816883665625937e-05,2850,24113,6928,0,0.28851317458912396,0.10570040425768645,1.0,0.77681131406849,0.22318868593150995
6928,YIL046W YGR085C,0.0,NA,4.828616147278808e-05,2850,24112,6929,0,0.2885426809477442,0.10570432460499964,1.0,0.7767790986115138,0.2232209013884862
6929,YBR142W YDL232W,0.0,NA,4.8329875426134095e-05,2850,24111,6930,0,0.2885721873063645,0.10570824524312897,1.0,0.7767468831545375,0.22325311684546245
6930,YPR094W YHR136C,0.0,NA,4.84270385641139e-05,2850,24110,6931,0,0.2886016936649848,0.10571216617210683,1.0,0.7767146676975613,0.22328533230243872
6931,YOL151W YAL011W,0.0,NA,4.85389718960505e-05,2850,24109,6932,0,0.2886312000236051,0.10571608739196557,1.0,0.7766824522405851,0.22331754775941498
6932,YNL186W YNL136W,0.0,NA,4.855577935813926e-05,2850,24108,6933,0,0.28866070638222535,0.1057200089027376,1.0,0.7766502367836088,0.22334976321639122
6933,YBL024W YDR085C,0.0,NA,4.8574536776868626e-05,2850,24107,6934,0,0.28869021274084566,0.10572393070445524,1.0,0.7766180213266325,0.22338197867336748
6934,YDR311W YLR195C,0.0,NA,4.860562694375403e-05,2850,24106,6935,0,0.2887197190994659,0.10572785279715091,1.0,0.7765858058696563,0.22341419413034375
6935,YPR021C YBR105C,0.0,NA,4.8716905439505354e-05,2850,24105,6936,0,0.28874922545808623,0.10573177518085698,1.0,0.77655359041268,0.22344640958731998
6936,YDL184C YNR052C,0.0,NA,4.879152766079642e-05,2850,24104,6937,0,0.2887787318167065,0.10573569785560585,1.0,0.7765213749557037,0.22347862504429625
6937,YFR001W YIL166C,0.0,NA,4.8818288632901385e-05,2850,24103,6938,0,0.2888082381753268,0.1057396208214299,1.0,0.7764891594987275,0.2235108405012725
6938,YBL028C YOL097C,0.0,NA,4.884306326857768e-05,2850,24102,6939,0,0.28883774453394706,0.10574354407836153,1.0,0.7764569440417513,0.22354305595824878
6939,YKR024C YPR139C,0.0,NA,4.884674126515165e-05,2850,24101,6940,0,0.2888672508925674,0.10574746762643315,1.0,0.776424728584775,0.223575271415225
6940,YGL018C YGR255C,0.0,NA,4.8854617489269e-05,2850,24100,6941,0,0.28889675725118763,0.10575139146567718,1.0,0.7763925131277987,0.22360748687220128
6941,YOR056C YER062C,0.0,NA,4.896534301224165e-05,2850,24099,6942,0,0.2889262636098079,0.10575531559612601,1.0,0.7763602976708225,0.22363970232917754
6942,YMR032W YNR038W,0.0,NA,4.8982994485413656e-05,2850,24098,6943,0,0.2889557699684282,0.10575924001781208,1.0,0.7763280822138462,0.2236719177861538
6943,YDR390C YHR114W,0.0,NA,4.8997291742125526e-05,2850,24097,6944,0,0.28898527632704846,0.1057631647307678,1.0,0.7762958667568699,0.22370413324313004
6944,YNL053W YAL009W,0.0,NA,4.9042075261240825e-05,2850,24096,6945,0,0.28901478268566877,0.1057670897350256,1.0,0.7762636512998937,0.2237363487001063
6945,YMR037C YLR363C,0.0,NA,4.907627226202749e-05,2850,24095,6946,0,0.289044289044289,0.10577101503061792,1.0,0.7762314358429174,0.22376856415708257
6946,YGL213C YJR004C,0.0,NA,4.9078240408562124e-05,2850,24094,6947,0,0.28907379540290934,0.1057749406175772,1.0,0.7761992203859411,0.22380077961405884
6947,YLR399C YLR074C,0.0,NA,4.9085167120210826e-05,2850,24093,6948,0,0.2891033017615296,0.10577886649593586,1.0,0.776167004928965,0.22383299507103507
6948,YPR095C YPL239W,0.0,NA,4.916869875160046e-05,2850,24092,6949,0,0.2891328081201499,0.10578279266572638,1.0,0.7761347894719887,0.22386521052801134
6949,YKL122C YNL091W,0.0,NA,4.920978972222656e-05,2850,24091,6950,0,0.28916231447877017,0.10578671912698118,1.0,0.7761025740150124,0.2238974259849876
6950,YNR013C YDR207C,0.0,NA,4.921110303257592e-05,2850,24090,6951,0,0.2891918208373905,0.10579064587973273,1.0,0.7760703585580362,0.22392964144196387
6951,YKL180W YGR032W,0.0,NA,4.922387233818881e-05,2850,24089,6952,0,0.28922132719601074,0.10579457292401351,1.0,0.7760381431010599,0.2239618568989401
6952,YDL149W YPR001W,0.0,NA,4.9286012654192746e-05,2850,24088,6953,0,0.28925083355463105,0.10579850025985596,1.0,0.7760059276440836,0.22399407235591637
6953,YGR245C YIL111W,0.0,NA,4.9313421186525375e-05,2850,24087,6954,0,0.2892803399132513,0.10580242788729258,1.0,0.7759737121871074,0.22402628781289263
6954,YNL182C YML021C,0.0,NA,4.940765938954428e-05,2850,24086,6955,0,0.28930984627187156,0.1058063558063558,1.0,0.7759414967301311,0.22405850326986887
6955,YCL067C YPL010W,0.0,NA,4.946328772348352e-05,2850,24085,6956,0,0.2893393526304919,0.10581028401707815,1.0,0.7759092812731548,0.22409071872684513
6956,YNL068C YIL048W,0.0,NA,4.9468144425190985e-05,2850,24084,6957,0,0.28936885898911213,0.10581421251949209,1.0,0.7758770658161787,0.2241229341838214
6957,YDR447C YBL037W,0.0,NA,4.947758134221658e-05,2850,24083,6958,0,0.28939836534773244,0.10581814131363011,1.0,0.7758448503592024,0.22415514964079766
6958,YLR310C YOR145C,0.0,NA,4.9479327572043985e-05,2850,24082,6959,0,0.2894278717063527,0.10582207039952472,1.0,0.7758126349022261,0.2241873650977739
6959,YOR163W YNL244C,0.0,NA,4.954803080181591e-05,2850,24081,6960,0,0.289457378064973,0.10582599977720843,1.0,0.7757804194452498,0.22421958055475016
6960,YML069W YCL074W,0.0,NA,4.9591282731853426e-05,2850,24080,6961,0,0.28948688442359327,0.1058299294467137,1.0,0.7757482039882736,0.22425179601172643
6961,YOR081C YNL292W,0.0,NA,4.9609632696956396e-05,2850,24079,6962,0,0.2895163907822136,0.10583385940807308,1.0,0.7757159885312973,0.2242840114687027
6962,YPR110C YKL220C,0.0,NA,4.9672693421598524e-05,2850,24078,6963,0,0.28954589714083384,0.10583778966131907,1.0,0.775683773074321,0.22431622692567893
6963,YDL038C YOR167C,0.0,NA,4.9802987632574514e-05,2850,24077,6964,0,0.28957540349945415,0.10584172020648419,1.0,0.7756515576173448,0.2243484423826552
6964,YDL049C YIL149C,0.0,NA,4.9868569476529956e-05,2850,24076,6965,0,0.2896049098580744,0.10584565104360098,1.0,0.7756193421603685,0.22438065783963146
6965,YDR200C YLR325C,0.0,NA,4.9889786168932915e-05,2850,24075,6966,0,0.2896344162166947,0.10584958217270195,1.0,0.7755871267033922,0.22441287329660772
6966,YER022W YDL170W,0.0,NA,4.9895541451405734e-05,2850,24074,6967,0,0.289663922575315,0.10585351359381964,1.0,0.7755549112464161,0.22444508875358396
6967,YAL026C YER169W,0.0,NA,4.990839079255238e-05,2850,24073,6968,0,0.28969342893393524,0.1058574453069866,1.0,0.7755226957894398,0.22447730421056022
6968,YBL032W YDR500C,0.0,NA,4.991448076907545e-05,2850,24072,6969,0,0.28972293529255555,0.10586137731223534,1.0,0.7754904803324635,0.2245095196675365
6969,YDR162C YBL105C,0.0,NA,5.001449608244002e-05,2850,24071,6970,0,0.2897524416511758,0.10586530960959846,1.0,0.7754582648754873,0.22454173512451275
6970,YCR067C YKL216W,0.0,NA,5.0133061449741945e-05,2850,24070,6971,0,0.2897819480097961,0.10586924219910847,1.0,0.775426049418511,0.224573950581489
6971,YBR123C YNL298W,0.0,NA,5.015123315388337e-05,2850,24069,6972,0,0.2898114543684164,0.10587317508079795,1.0,0.7753938339615347,0.22460616603846525
6972,YIL159W YDR176W,0.0,NA,5.0172664487035945e-05,2850,24068,6973,0,0.2898409607270367,0.10587710825469945,1.0,0.7753616185045585,0.22463838149544152
6973,YER151C YCR047C,0.0,NA,5.0184724386781454e-05,2850,24067,6974,0,0.28987046708565695,0.10588104172084556,1.0,0.7753294030475822,0.22467059695241778
6974,YGL087C YDR232W,0.0,NA,5.02375842188485e-05,2850,24066,6975,0,0.28989997344427726,0.10588497547926884,1.0,0.775297187590606,0.22470281240939402
6975,YLR216C YHR133C,0.0,NA,5.0256989197805524e-05,2850,24065,6976,0,0.2899294798028975,0.10588890953000185,1.0,0.7752649721336298,0.22473502786637028
6976,YOL078W YDR379W,0.0,NA,5.032763510826044e-05,2850,24064,6977,0,0.28995898616151783,0.10589284387307721,1.0,0.7752327566766535,0.22476724332334655
6977,YPR176C YOL110W,0.0,NA,5.033670458942652e-05,2850,24063,6978,0,0.2899884925201381,0.10589677850852748,1.0,0.7752005412196772,0.2247994587803228
6978,YIR031C YLR022C,0.0,NA,5.042212796979584e-05,2850,24062,6979,0,0.2900179988787584,0.10590071343638525,1.0,0.7751683257627009,0.22483167423729905
6979,YLR421C YNR026C,0.0,NA,5.043477358412929e-05,2850,24061,6980,0,0.29004750523737866,0.10590464865668314,1.0,0.7751361103057247,0.22486388969427532
6980,YGL048C YKL189W,0.0,NA,5.046806836617179e-05,2850,24060,6981,0,0.2900770115959989,0.10590858416945373,1.0,0.7751038948487484,0.22489610515125158
6981,YMR028W YNL255C,0.0,NA,5.050210529589094e-05,2850,24059,6982,0,0.2901065179546192,0.10591251997472964,1.0,0.7750716793917721,0.22492832060822782
6982,YBR018C YKL119C,0.0,NA,5.051366679253988e-05,2850,24058,6983,0,0.2901360243132395,0.10591645607254348,1.0,0.775039463934796,0.22496053606520408
6983,YNR002C YDL101C,0.0,NA,5.053689164924435e-05,2850,24057,6984,0,0.2901655306718598,0.10592039246292786,1.0,0.7750072484778197,0.22499275152218035
6984,YOR036W YML121W,0.0,NA,5.060599869466387e-05,2850,24056,6985,0,0.29019503703048005,0.1059243291459154,1.0,0.7749750330208434,0.2250249669791566
6985,YDL213C YJR156C,0.0,NA,5.061275442130864e-05,2850,24055,6986,0,0.29022454338910036,0.10592826612153874,1.0,0.7749428175638672,0.22505718243613285
6986,YLR048W YER110C,0.0,NA,5.0622988055692986e-05,2850,24054,6987,0,0.2902540497477206,0.1059322033898305,1.0,0.7749106021068909,0.2250893978931091
6987,YOR236W YPR055W,0.0,NA,5.064022116130218e-05,2850,24053,6988,0,0.29028355610634093,0.10593614095082333,1.0,0.7748783866499146,0.22512161335008538
6988,YKL048C YDL150W,0.0,NA,5.065765799372457e-05,2850,24052,6989,0,0.2903130624649612,0.10594007880454985,1.0,0.7748461711929384,0.22515382880706164
6989,YGL051W YDR403W,0.0,NA,5.069051985628903e-05,2850,24051,6990,0,0.2903425688235815,0.10594401695104272,1.0,0.7748139557359621,0.22518604426403788
6990,YLL015W YDR025W,0.0,NA,5.070686529506929e-05,2850,24050,6991,0,0.29037207518220176,0.10594795539033457,1.0,0.7747817402789858,0.22521825972101414
6991,YJL176C YCR005C,0.0,NA,5.077993409940973e-05,2850,24049,6992,0,0.2904015815408221,0.10595189412245809,1.0,0.7747495248220096,0.2252504751779904
6992,YDR099W YCL035C,0.0,NA,5.0783615733962506e-05,2850,24048,6993,0,0.29043108789944233,0.1059558331474459,1.0,0.7747173093650334,0.22528269063496667
6993,YMR042W YOR272W,0.0,NA,5.080793198430911e-05,2850,24047,6994,0,0.2904605942580626,0.10595977246533071,1.0,0.7746850939080571,0.2253149060919429
6994,YLL015W YER052C,0.0,NA,5.0853104767156765e-05,2850,24046,6995,0,0.2904901006166829,0.10596371207614515,1.0,0.7746528784510809,0.22534712154891917
6995,YGL141W YGR251W,0.0,NA,5.087833051220514e-05,2850,24045,6996,0,0.29051960697530316,0.10596765197992192,1.0,0.7746206629941046,0.22537933700589544
6996,YKL079W YOR304W,0.0,NA,5.098994733998552e-05,2850,24044,6997,0,0.29054911333392347,0.10597159217669369,1.0,0.7745884475371283,0.22541155246287167
6997,YLR309C YPL131W,0.0,NA,5.0993741751881316e-05,2850,24043,6998,0,0.2905786196925437,0.10597553266649314,1.0,0.774556232080152,0.22544376791984794
6998,YGL251C YDL126C,0.0,NA,5.100979615235701e-05,2850,24042,6999,0,0.29060812605116404,0.10597947344935296,1.0,0.7745240166231758,0.2254759833768242
6999,YOR185C YGR083C,0.0,NA,5.107414472149685e-05,2850,24041,7000,0,0.2906376324097843,0.10598341452530587,1.0,0.7744918011661995,0.22550819883380047
7000,YDL063C YGR245C,0.0,NA,5.123248774907552e-05,2850,24040,7001,0,0.2906671387684046,0.10598735589438453,1.0,0.7744595857092232,0.2255404142907767
7001,YDL111C YNR046W,0.0,NA,5.124489689478651e-05,2850,24039,7002,0,0.29069664512702487,0.10599129755662166,1.0,0.7744273702522471,0.22557262974775297
7002,YLR085C YOR388C,0.0,NA,5.12677725055255e-05,2850,24038,7003,0,0.2907261514856452,0.10599523951204999,1.0,0.7743951547952708,0.22560484520472923
7003,YOR270C YAL029C,0.0,NA,5.1318351324880496e-05,2850,24037,7004,0,0.29075565784426544,0.1059991817607022,1.0,0.7743629393382945,0.2256370606617055
7004,YDR200C YIR005W,0.0,NA,5.132314618094824e-05,2850,24036,7005,0,0.29078516420288575,0.10600312430261102,1.0,0.7743307238813183,0.22566927611868173
7005,YGL194C YPR088C,0.0,NA,5.135163519298658e-05,2850,24035,7006,0,0.290814670561506,0.10600706713780919,1.0,0.774298508424342,0.225701491575658
7006,YDL145C YBR020W,0.0,NA,5.138151391292922e-05,2850,24034,7007,0,0.29084417692012626,0.10601101026632942,1.0,0.7742662929673657,0.22573370703263426
7007,YIL101C YDL205C,0.0,NA,5.146547482581809e-05,2850,24033,7008,0,0.2908736832787466,0.10601495368820445,1.0,0.7742340775103895,0.22576592248961053
7008,YMR313C YDL045C,0.0,NA,5.1468759920680895e-05,2850,24032,7009,0,0.29090318963736683,0.10601889740346701,1.0,0.7742018620534132,0.22579813794658676
7009,YDR324C YGR288W,0.0,NA,5.1474602514645085e-05,2850,24031,7010,0,0.29093269599598715,0.10602284141214985,1.0,0.7741696465964369,0.22583035340356303
7010,YCL025C YOR004W,0.0,NA,5.1525086746551096e-05,2850,24030,7011,0,0.2909622023546074,0.10602678571428571,1.0,0.7741374311394608,0.2258625688605393
7011,YGR166W YBR162C,0.0,NA,5.156136103323661e-05,2850,24029,7012,0,0.2909917087132277,0.10603073030990737,1.0,0.7741052156824845,0.22589478431751556
7012,YDR363W-A YPL212C,0.0,NA,5.1587921916507185e-05,2850,24028,7013,0,0.29102121507184797,0.10603467519904755,1.0,0.7740730002255082,0.2259269997744918
7013,YOL028C YAR002C-A,0.0,NA,5.16910913574975e-05,2850,24027,7014,0,0.2910507214304683,0.10603862038173903,1.0,0.7740407847685319,0.22595921523146806
7014,YLR452C YNL277W,0.0,NA,5.170297299628146e-05,2850,24026,7015,0,0.29108022778908854,0.10604256585801458,1.0,0.7740085693115557,0.22599143068844432
7015,YDR122W YFR009W,0.0,NA,5.172600140213035e-05,2850,24025,7016,0,0.29110973414770885,0.10604651162790697,1.0,0.7739763538545794,0.22602364614542056
7016,YMR301C YJL019W,0.0,NA,5.174539182917215e-05,2850,24024,7017,0,0.2911392405063291,0.10605045769144898,1.0,0.7739441383976031,0.22605586160239682
7017,YML102W YPR156C,0.0,NA,5.175881233299151e-05,2850,24023,7018,0,0.2911687468649494,0.10605440404867339,1.0,0.7739119229406269,0.2260880770593731
7018,YKL190W YKR072C,0.0,NA,5.1842842367477715e-05,2850,24022,7019,0,0.2911982532235697,0.10605835069961297,1.0,0.7738797074836506,0.22612029251634935
7019,YIL085C YOR003W,0.0,NA,5.195097764953971e-05,2850,24021,7020,0,0.29122775958218994,0.10606229764430054,1.0,0.7738474920266744,0.2261525079733256
7020,YIR019C YOR058C,0.0,NA,5.195464109419845e-05,2850,24020,7021,0,0.29125726594081025,0.10606624488276889,1.0,0.7738152765696982,0.22618472343030185
7021,YBR200W YOR357C,0.0,NA,5.195726771489717e-05,2850,24019,7022,0,0.2912867722994305,0.1060701924150508,1.0,0.7737830611127219,0.22621693888727812
7022,YGL148W YBR040W,0.0,NA,5.2032341045560315e-05,2850,24018,7023,0,0.2913162786580508,0.1060741402411791,1.0,0.7737508456557456,0.22624915434425438
7023,YHL007C YHL030W,0.0,NA,5.206196874496527e-05,2850,24017,7024,0,0.2913457850166711,0.10607808836118658,1.0,0.7737186301987694,0.22628136980123062
7024,YCL034W YMR159C,0.0,NA,5.211650932324119e-05,2850,24016,7025,0,0.2913752913752914,0.10608203677510608,1.0,0.7736864147417931,0.22631358525820688
7025,YGR249W YIL003W,0.0,NA,5.2132665587123483e-05,2850,24015,7026,0,0.29140479773391165,0.10608598548297041,1.0,0.7736541992848168,0.22634580071518315
7026,YGL090W YPR046W,0.0,NA,5.2188028348609805e-05,2850,24014,7027,0,0.29143430409253196,0.10608993448481238,1.0,0.7736219838278406,0.2263780161721594
7027,YDR315C YCR031C,0.0,NA,5.2236224291846156e-05,2850,24013,7028,0,0.2914638104511522,0.10609388378066485,1.0,0.7735897683708644,0.22641023162913565
7028,YPL283C YIL005W,0.0,NA,5.2244795369915664e-05,2850,24012,7029,0,0.29149331680977253,0.10609783337056064,1.0,0.7735575529138881,0.22644244708611191
7029,YML076C YDR225W,0.0,NA,5.226946450420655e-05,2850,24011,7030,0,0.2915228231683928,0.1061017832545326,1.0,0.7735253374569119,0.22647466254308818
7030,YDL137W YDR265W,0.0,NA,5.24088682141155e-05,2850,24010,7031,0,0.2915523295270131,0.10610573343261355,1.0,0.7734931219999356,0.22650687800006444
7031,YDR083W YNL068C,0.0,NA,5.241916369413957e-05,2850,24009,7032,0,0.29158183588563336,0.10610968390483637,1.0,0.7734609065429593,0.22653909345704068
7032,YNL331C YNL330C,0.0,NA,5.245406646281481e-05,2850,24008,7033,0,0.2916113422442536,0.1061136346712339,1.0,0.773428691085983,0.22657130891401694
7033,YDR483W YPR040W,0.0,NA,5.2512423280859366e-05,2850,24007,7034,0,0.2916408486028739,0.10611758573183899,1.0,0.7733964756290068,0.2266035243709932
7034,YPR094W YDR480W,0.0,NA,5.2535564464051276e-05,2850,24006,7035,0,0.2916703549614942,0.10612153708668454,1.0,0.7733642601720305,0.22663573982796947
7035,YLR377C YOR091W,0.0,NA,5.25412724527996e-05,2850,24005,7036,0,0.2916998613201145,0.1061254887358034,1.0,0.7733320447150542,0.2266679552849457
7036,YDR177W YER074W,0.0,NA,5.25588147866074e-05,2850,24004,7037,0,0.29172936767873475,0.10612944067922842,1.0,0.773299829258078,0.22670017074192197
7037,YGL113W YPL049C,0.0,NA,5.2562623750418425e-05,2850,24003,7038,0,0.29175887403735506,0.10613339291699252,1.0,0.7732676138011018,0.22673238619889824
7038,YJL101C YPL070W,0.0,NA,5.256502845440991e-05,2850,24002,7039,0,0.2917883803959753,0.10613734544912856,1.0,0.7732353983441255,0.22676460165587448
7039,YNL186W YGL254W,0.0,NA,5.2579071052605286e-05,2850,24001,7040,0,0.29181788675459563,0.10614129827566944,1.0,0.7732031828871493,0.22679681711285074
7040,YOR254C YEL059C-A,0.0,NA,5.26807016285602e-05,2850,24000,7041,0,0.2918473931132159,0.10614525139664804,1.0,0.773170967430173,0.226829032569827
7041,YBL056W YBR237W,0.0,NA,5.2713970944751054e-05,2850,23999,7042,0,0.2918768994718362,0.10614920481209729,1.0,0.7731387519731967,0.22686124802680327
7042,YGL063W YDR507C,0.0,NA,5.272367343422957e-05,2850,23998,7043,0,0.29190640583045646,0.10615315852205005,1.0,0.7731065365162205,0.2268934634837795
7043,YJR092W YGL244W,0.0,NA,5.28292111994233e-05,2850,23997,7044,0,0.2919359121890767,0.10615711252653928,1.0,0.7730743210592442,0.22692567894075577
7044,YMR247C YOR236W,0.0,NA,5.283651626086794e-05,2850,23996,7045,0,0.29196541854769703,0.10616106682559785,1.0,0.7730421056022679,0.22695789439773204
7045,YER143W YCL038C,0.0,NA,5.288793545332737e-05,2850,23995,7046,0,0.2919949249063173,0.10616502141925871,1.0,0.7730098901452918,0.2269901098547083
7046,YJR103W YML068W,0.0,NA,5.294445145409554e-05,2850,23994,7047,0,0.2920244312649376,0.10616897630755476,1.0,0.7729776746883155,0.22702232531168454
7047,YDR156W YGR268C,0.0,NA,5.300876364344731e-05,2850,23993,7048,0,0.29205393762355786,0.10617293149051894,1.0,0.7729454592313392,0.2270545407686608
7048,YJR131W YPL112C,0.0,NA,5.306343882693909e-05,2850,23992,7049,0,0.29208344398217817,0.10617688696818418,1.0,0.772913243774363,0.22708675622563707
7049,YOR209C YLR134W,0.0,NA,5.3073003073222935e-05,2850,23991,7050,0,0.2921129503407984,0.10618084274058344,1.0,0.7728810283173867,0.22711897168261333
7050,YOL002C YGL035C,0.0,NA,5.307522587827407e-05,2850,23990,7051,0,0.29214245669941874,0.10618479880774963,1.0,0.7728488128604104,0.22715118713958957
7051,YBL056W YKL092C,0.0,NA,5.308935578796081e-05,2850,23989,7052,0,0.292171963058039,0.10618875516971571,1.0,0.7728165974034341,0.22718340259656583
7052,YGL195W YOR061W,0.0,NA,5.311391214490868e-05,2850,23988,7053,0,0.2922014694166593,0.10619271182651464,1.0,0.7727843819464579,0.2272156180535421
7053,YPR154W YIL162W,0.0,NA,5.314517329679802e-05,2850,23987,7054,0,0.29223097577527957,0.10619666877817938,1.0,0.7727521664894816,0.22724783351051836
7054,YFR048W YHL040C,0.0,NA,5.3151961765252054e-05,2850,23986,7055,0,0.2922604821338999,0.10620062602474288,1.0,0.7727199510325053,0.2272800489674946
7055,YLR178C YCL050C,0.0,NA,5.3154701163293794e-05,2850,23985,7056,0,0.29228998849252014,0.10620458356623812,1.0,0.7726877355755292,0.22731226442447086
7056,YJL029C YAL021C,0.0,NA,5.320724449120462e-05,2850,23984,7057,0,0.2923194948511404,0.10620854140269807,1.0,0.7726555201185529,0.22734447988144713
7057,YIL003W YGL161C,0.0,NA,5.322937067830935e-05,2850,23983,7058,0,0.2923490012097607,0.10621249953415571,1.0,0.7726233046615766,0.22737669533842336
7058,YER132C YBL087C,0.0,NA,5.326948667061515e-05,2850,23982,7059,0,0.29237850756838096,0.10621645796064401,1.0,0.7725910892046004,0.22740891079539963
7059,YFL036W YCL044C,0.0,NA,5.3272786317393184e-05,2850,23981,7060,0,0.2924080139270013,0.10622041668219596,1.0,0.7725588737476241,0.2274411262523759
7060,YBR095C YBR105C,0.0,NA,5.3311210649553686e-05,2850,23980,7061,0,0.29243752028562153,0.10622437569884458,1.0,0.7725266582906478,0.22747334170935216
7061,YOR319W YIL145C,0.0,NA,5.3371793910628185e-05,2850,23979,7062,0,0.29246702664424185,0.10622833501062283,1.0,0.7724944428336716,0.2275055571663284
7062,YFL034C-B YPL149W,0.0,NA,5.33774436917156e-05,2850,23978,7063,0,0.2924965330028621,0.10623229461756374,1.0,0.7724622273766953,0.22753777262330466
7063,YNL096C YOR272W,0.0,NA,5.343932207324542e-05,2850,23977,7064,0,0.2925260393614824,0.1062362545197003,1.0,0.772430011919719,0.22756998808028092
7064,YPR201W YIL038C,0.0,NA,5.345246972865425e-05,2850,23976,7065,0,0.29255554572010267,0.10624021471706553,1.0,0.7723977964627429,0.22760220353725719
7065,YJL214W YMR271C,0.0,NA,5.347847763914615e-05,2850,23975,7066,0,0.292585052078723,0.10624417520969245,1.0,0.7723655810057666,0.22763441899423342
7066,YPL243W YLR383W,0.0,NA,5.349285856937058e-05,2850,23974,7067,0,0.29261455843734324,0.10624813599761408,1.0,0.7723333655487903,0.2276666344512097
7067,YNL121C YCL044C,0.0,NA,5.3546755225397646e-05,2850,23973,7068,0,0.29264406479596355,0.10625209708086344,1.0,0.7723011500918141,0.22769884990818595
7068,YDL063C YOR096W,0.0,NA,5.3635321819456294e-05,2850,23972,7069,0,0.2926735711545838,0.10625605845947357,1.0,0.7722689346348378,0.22773106536516222
7069,YKL055C YDR523C,0.0,NA,5.3654708608519286e-05,2850,23971,7070,0,0.29270307751320407,0.1062600201334775,1.0,0.7722367191778615,0.22776328082213845
7070,YPR017C YFL060C,0.0,NA,5.36752340849489e-05,2850,23970,7071,0,0.2927325838718244,0.10626398210290827,1.0,0.7722045037208852,0.22779549627911472
7071,YBR114W YBL045C,0.0,NA,5.3704621677752584e-05,2850,23969,7072,0,0.29276209023044464,0.10626794436779895,1.0,0.772172288263909,0.22782771173609098
7072,YDL140C YMR271C,0.0,NA,5.374171450966969e-05,2850,23968,7073,0,0.29279159658906495,0.10627190692818256,1.0,0.7721400728069328,0.22785992719306725
7073,YBL041W YGR245C,0.0,NA,5.376175249693915e-05,2850,23967,7074,0,0.2928211029476852,0.10627586978409218,1.0,0.7721078573499565,0.22789214265004348
7074,YER043C YNL111C,0.0,NA,5.384179166867398e-05,2850,23966,7075,0,0.2928506093063055,0.10627983293556086,1.0,0.7720756418929803,0.22792435810701975
7075,YPL011C YNL290W,0.0,NA,5.3854528232477605e-05,2850,23965,7076,0,0.2928801156649258,0.10628379638262167,1.0,0.772043426436004,0.227956573563996
7076,YBR015C YOL109W,0.0,NA,5.387142300605774e-05,2850,23964,7077,0,0.2929096220235461,0.10628776012530768,1.0,0.7720112109790277,0.22798878902097225
7077,YDR412W YNL262W,0.0,NA,5.3935938922222704e-05,2850,23963,7078,0,0.29293912838216635,0.10629172416365196,1.0,0.7719789955220515,0.2280210044779485
7078,YML116W YJL106W,0.0,NA,5.396042615757324e-05,2850,23962,7079,0,0.29296863474078666,0.1062956884976876,1.0,0.7719467800650752,0.22805321993492478
7079,YAL025C YNR047W,0.0,NA,5.402370516094379e-05,2850,23961,7080,0,0.2929981410994069,0.10629965312744769,1.0,0.7719145646080989,0.22808543539190104
7080,YGR252W YHR052W,0.0,NA,5.4052306950325146e-05,2850,23960,7081,0,0.29302764745802723,0.10630361805296532,1.0,0.7718823491511227,0.22811765084887728
7081,YGR212W YDR320C,0.0,NA,5.4073185310699046e-05,2850,23959,7082,0,0.2930571538166475,0.10630758327427356,1.0,0.7718501336941465,0.22814986630585354
7082,YEL019C YNL047C,0.0,NA,5.4141761211212724e-05,2850,23958,7083,0,0.29308666017526774,0.10631154879140554,1.0,0.7718179182371702,0.2281820817628298
7083,YKL055C YMR294W,0.0,NA,5.424263872555457e-05,2850,23957,7084,0,0.29311616653388806,0.10631551460439437,1.0,0.771785702780194,0.22821429721980607
7084,YPL038W YIR026C,0.0,NA,5.4250758694252e-05,2850,23956,7085,0,0.2931456728925083,0.10631948071327314,1.0,0.7717534873232177,0.2282465126767823
7085,YCR089W YPR065W,0.0,NA,5.4284137149807066e-05,2850,23955,7086,0,0.2931751792511286,0.10632344711807498,1.0,0.7717212718662414,0.22827872813375857
7086,YDR023W YPL198W,0.0,NA,5.4313448345055804e-05,2850,23954,7087,0,0.2932046856097489,0.10632741381883301,1.0,0.7716890564092652,0.22831094359073484
7087,YGR192C YNL007C,0.0,NA,5.4466869187308475e-05,2850,23953,7088,0,0.2932341919683692,0.10633138081558034,1.0,0.7716568409522889,0.2283431590477111
7088,YML027W YDL002C,0.0,NA,5.453698031487875e-05,2850,23952,7089,0,0.29326369832698945,0.10633534810835012,1.0,0.7716246254953126,0.22837537450468734
7089,YOL091W YBL074C,0.0,NA,5.463229172164574e-05,2850,23951,7090,0,0.29329320468560977,0.10633931569717547,1.0,0.7715924100383363,0.2284075899616636
7090,YGL006W YPL180W,0.0,NA,5.465907815960236e-05,2850,23950,7091,0,0.29332271104423,0.10634328358208955,1.0,0.7715601945813602,0.22843980541863987
7091,YOR359W YOR159C,0.0,NA,5.467398659675382e-05,2850,23949,7092,0,0.29335221740285033,0.10634725176312548,1.0,0.7715279791243839,0.22847202087561613
7092,YCL008C YPL209C,0.0,NA,5.473032433656044e-05,2850,23948,7093,0,0.2933817237614706,0.10635122024031644,1.0,0.7714957636674076,0.22850423633259237
7093,YMR021C YLL060C,0.0,NA,5.473335477290675e-05,2850,23947,7094,0,0.2934112301200909,0.10635518901369556,1.0,0.7714635482104314,0.22853645178956863
7094,YGL044C YLR130C,0.0,NA,5.4753661970607936e-05,2850,23946,7095,0,0.29344073647871116,0.10635915808329602,1.0,0.7714313327534551,0.2285686672465449
7095,YJL087C YPL003W,0.0,NA,5.477627200889401e-05,2850,23945,7096,0,0.2934702428373314,0.10636312744915095,1.0,0.7713991172964788,0.22860088270352116
7096,YDL194W YHR176W,0.0,NA,5.4799158533569425e-05,2850,23944,7097,0,0.29349974919595173,0.10636709711129358,1.0,0.7713669018395026,0.2286330981604974
7097,YNL026W YCL044C,0.0,NA,5.4836171329952776e-05,2850,23943,7098,0,0.293529255554572,0.10637106706975702,1.0,0.7713346863825263,0.22866531361747366
7098,YOR165W YLL035W,0.0,NA,5.4861116950633004e-05,2850,23942,7099,0,0.2935587619131923,0.1063750373245745,1.0,0.77130247092555,0.22869752907444993
7099,YER007W YOR003W,0.0,NA,5.486268855747767e-05,2850,23941,7100,0,0.29358826827181256,0.10637900787577918,1.0,0.7712702554685739,0.22872974453142617
7100,YKR104W YER059W,0.0,NA,5.495667937793769e-05,2850,23940,7101,0,0.29361777463043287,0.10638297872340426,1.0,0.7712380400115976,0.22876195998840243
7101,YOR173W YGL215W,0.0,NA,5.5035241530276835e-05,2850,23939,7102,0,0.2936472809890531,0.10638694986748293,1.0,0.7712058245546213,0.2287941754453787
7102,YPL033C YPL061W,0.0,NA,5.506784509634599e-05,2850,23938,7103,0,0.29367678734767344,0.10639092130804838,1.0,0.7711736090976451,0.22882639090235496
7103,YBR061C YLR451W,0.0,NA,5.512842471944168e-05,2850,23937,7104,0,0.2937062937062937,0.10639489304513383,1.0,0.7711413936406688,0.2288586063593312
7104,YBR164C YLR258W,0.0,NA,5.513909854926169e-05,2850,23936,7105,0,0.293735800064914,0.1063988650787725,1.0,0.7711091781836925,0.22889082181630746
7105,YGL091C YGL240W,0.0,NA,5.51950215594843e-05,2850,23935,7106,0,0.29376530642353427,0.10640283740899757,1.0,0.7710769627267163,0.22892303727328372
7106,YOL044W YPR121W,0.0,NA,5.5204025557031855e-05,2850,23934,7107,0,0.2937948127821546,0.10640681003584229,1.0,0.77104474726974,0.22895525273026
7107,YOR307C YPL179W,0.0,NA,5.523756772163324e-05,2850,23933,7108,0,0.29382431914077484,0.10641078295933988,1.0,0.7710125318127637,0.22898746818723623
7108,YOR368W YHR171W,0.0,NA,5.5238200729945675e-05,2850,23932,7109,0,0.2938538254993951,0.10641475617952356,1.0,0.7709803163557875,0.2290196836442125
7109,YLR361C YGL144C,0.0,NA,5.52466262888629e-05,2850,23931,7110,0,0.2938833318580154,0.10641872969642657,1.0,0.7709481008988113,0.22905189910118876
7110,YDR259C YHR152W,0.0,NA,5.52696074009873e-05,2850,23930,7111,0,0.29391283821663566,0.10642270351008215,1.0,0.770915885441835,0.22908411455816502
7111,YNL074C YOR273C,0.0,NA,5.5315267672995105e-05,2850,23929,7112,0,0.293942344575256,0.10642667762052355,1.0,0.7708836699848587,0.22911633001514126
7112,YLR176C YCL018W,0.0,NA,5.53863137611188e-05,2850,23928,7113,0,0.29397185093387623,0.106430652027784,1.0,0.7708514545278825,0.22914854547211752
7113,YMR292W YPR139C,0.0,NA,5.5407759646186605e-05,2850,23927,7114,0,0.29400135729249655,0.10643462673189678,1.0,0.7708192390709062,0.22918076092909379
7114,YLR333C YLR035C,0.0,NA,5.543365841731429e-05,2850,23926,7115,0,0.2940308636511168,0.10643860173289513,1.0,0.7707870236139299,0.22921297638607005
7115,YMR159C YHR196W,0.0,NA,5.5440421419916674e-05,2850,23925,7116,0,0.2940603700097371,0.10644257703081232,1.0,0.7707548081569537,0.2292451918430463
7116,YMR300C YMR039C,0.0,NA,5.5486965720774606e-05,2850,23924,7117,0,0.2940898763683574,0.10644655262568163,1.0,0.7707225926999774,0.22927740730002255
7117,YPR086W YBR019C,0.0,NA,5.5505704949609935e-05,2850,23923,7118,0,0.2941193827269777,0.10645052851753632,1.0,0.7706903772430012,0.22930962275699882
7118,YKR094C YLR360W,0.0,NA,5.5536838772241026e-05,2850,23922,7119,0,0.29414888908559794,0.10645450470640969,1.0,0.770658161786025,0.22934183821397505
7119,YOL045W YIL013C,0.0,NA,5.5575143051100895e-05,2850,23921,7120,0,0.29417839544421825,0.10645848119233499,1.0,0.7706259463290487,0.22937405367095132
7120,YPL232W YBR199W,0.0,NA,5.561802754527889e-05,2850,23920,7121,0,0.2942079018028385,0.10646245797534554,1.0,0.7705937308720724,0.22940626912792758
7121,YBR061C YDR381W,0.0,NA,5.5641372455284e-05,2850,23919,7122,0,0.29423740816145877,0.10646643505547462,1.0,0.7705615154150962,0.22943848458490385
7122,YDR100W YCR053W,0.0,NA,5.564705134020187e-05,2850,23918,7123,0,0.2942669145200791,0.10647041243275553,1.0,0.7705292999581199,0.22947070004188008
7123,YLR144C YDR162C,0.0,NA,5.565862375078723e-05,2850,23917,7124,0,0.29429642087869934,0.10647439010722158,1.0,0.7704970845011436,0.22950291549885635
7124,YPL248C YIL173W,0.0,NA,5.566642357734963e-05,2850,23916,7125,0,0.29432592723731965,0.10647836807890608,1.0,0.7704648690441674,0.2295351309558326
7125,YIL159W YDR261C,0.0,NA,5.5670247093075886e-05,2850,23915,7126,0,0.2943554335959399,0.10648234634784233,1.0,0.7704326535871912,0.22956734641280888
7126,YLR006C YOR383C,0.0,NA,5.570529538090341e-05,2850,23914,7127,0,0.2943849399545602,0.10648632491406367,1.0,0.7704004381302149,0.2295995618697851
7127,YNL124W YMR307W,0.0,NA,5.5788332247175276e-05,2850,23913,7128,0,0.2944144463131805,0.1064903037776034,1.0,0.7703682226732386,0.22963177732676138
7128,YHL006C YGL019W,0.0,NA,5.5835917009972036e-05,2850,23912,7129,0,0.2944439526718008,0.10649428293849487,1.0,0.7703360072162624,0.22966399278373764
7129,YGL035C YLR405W,0.0,NA,5.583729944191873e-05,2850,23911,7130,0,0.29447345903042105,0.10649826239677142,1.0,0.7703037917592861,0.2296962082407139
7130,YCL069W YDR158W,0.0,NA,5.588748535956256e-05,2850,23910,7131,0,0.29450296538904136,0.10650224215246637,1.0,0.7702715763023098,0.22972842369769014
7131,YLR449W YFR029W,0.0,NA,5.596161281573586e-05,2850,23909,7132,0,0.2945324717476616,0.10650622220561307,1.0,0.7702393608453336,0.2297606391546664
7132,YBR018C YNL091W,0.0,NA,5.598862117039971e-05,2850,23908,7133,0,0.29456197810628193,0.10651020255624487,1.0,0.7702071453883573,0.22979285461164267
7133,YKR008W YDR299W,0.0,NA,5.603439421975054e-05,2850,23907,7134,0,0.2945914844649022,0.10651418320439511,1.0,0.770174929931381,0.22982507006861894
7134,YPR065W YLR028C,0.0,NA,5.605748810921796e-05,2850,23906,7135,0,0.29462099082352244,0.10651816415009717,1.0,0.7701427144744049,0.22985728552559517
7135,YEL071W YGL090W,0.0,NA,5.614067049464211e-05,2850,23905,7136,0,0.29465049718214276,0.10652214539338442,1.0,0.7701104990174286,0.22988950098257144
7136,YLR056W YAL028W,0.0,NA,5.6148706789826974e-05,2850,23904,7137,0,0.294680003540763,0.1065261269342902,1.0,0.7700782835604523,0.2299217164395477
7137,YOR165W YNL099C,0.0,NA,5.61734450457152e-05,2850,23903,7138,0,0.2947095098993833,0.10653010877284791,1.0,0.7700460681034761,0.22995393189652394
7138,YIL061C YOR054C,0.0,NA,5.626598067465238e-05,2850,23902,7139,0,0.2947390162580036,0.10653409090909091,1.0,0.7700138526464998,0.2299861473535002
7139,YOR294W YBR267W,0.0,NA,5.6438162573613226e-05,2850,23901,7140,0,0.2947685226166239,0.1065380733430526,1.0,0.7699816371895235,0.23001836281047647
7140,YPL268W YOR242C,0.0,NA,5.6484572269255295e-05,2850,23900,7141,0,0.29479802897524415,0.10654205607476636,1.0,0.7699494217325473,0.23005057826745273
7141,YNL078W YOR040W,0.0,NA,5.652294203173369e-05,2850,23899,7142,0,0.29482753533386447,0.10654603910426558,1.0,0.769917206275571,0.23008279372442897
7142,YDR320C YOL061W,0.0,NA,5.65463888051454e-05,2850,23898,7143,0,0.2948570416924847,0.10655002243158367,1.0,0.7698849908185947,0.23011500918140523
7143,YLR452C YEL069C,0.0,NA,5.6572011089883745e-05,2850,23897,7144,0,0.29488654805110504,0.10655400605675402,1.0,0.7698527753616186,0.2301472246383815
7144,YBR002C YPL085W,0.0,NA,5.661010800395161e-05,2850,23896,7145,0,0.2949160544097253,0.10655798997981006,1.0,0.7698205599046423,0.23017944009535776
7145,YOR351C YAL009W,0.0,NA,5.6651206250535324e-05,2850,23895,7146,0,0.2949455607683456,0.1065619742007852,1.0,0.769788344447666,0.230211655552334
7146,YNL101W YGR230W,0.0,NA,5.6705743190832436e-05,2850,23894,7147,0,0.29497506712696586,0.10656595871971283,1.0,0.7697561289906897,0.23024387100931026
7147,YIR012W YLR019W,0.0,NA,5.671158214681782e-05,2850,23893,7148,0,0.2950045734855861,0.10656994353662641,1.0,0.7697239135337135,0.23027608646628653
7148,YOR190W YOR354C,0.0,NA,5.676146611222066e-05,2850,23892,7149,0,0.29503407984420643,0.10657392865155935,1.0,0.7696916980767372,0.2303083019232628
7149,YIL132C YML001W,0.0,NA,5.6847871746867895e-05,2850,23891,7150,0,0.2950635862028267,0.10657791406454509,1.0,0.7696594826197609,0.23034051738023903
7150,YIL042C YOL039W,0.0,NA,5.685822179657407e-05,2850,23890,7151,0,0.295093092561447,0.10658189977561705,1.0,0.7696272671627847,0.2303727328372153
7151,YBL021C YKL182W,0.0,NA,5.686771692126058e-05,2850,23889,7152,0,0.29512259892006726,0.10658588578480871,1.0,0.7695950517058084,0.23040494829419156
7152,YDL230W YIL009C-A,0.0,NA,5.69122021261137e-05,2850,23888,7153,0,0.29515210527868757,0.1065898720921535,1.0,0.7695628362488321,0.23043716375116782
7153,YMR030W YMR256C,0.0,NA,5.691387923434377e-05,2850,23887,7154,0,0.29518161163730783,0.10659385869768485,1.0,0.769530620791856,0.23046937920814406
7154,YDR040C YMR137C,0.0,NA,5.693917773896828e-05,2850,23886,7155,0,0.29521111799592814,0.10659784560143627,1.0,0.7694984053348797,0.23050159466512032
7155,YPL092W YHR123W,0.0,NA,5.696128573617898e-05,2850,23885,7156,0,0.2952406243545484,0.10660183280344118,1.0,0.7694661898779034,0.2305338101220966
7156,YNL183C YAL003W,0.0,NA,5.6974375183926895e-05,2850,23884,7157,0,0.2952701307131687,0.10660582030373307,1.0,0.7694339744209272,0.23056602557907285
7157,YDR464W YMR112C,0.0,NA,5.6983019021572545e-05,2850,23883,7158,0,0.29529963707178897,0.10660980810234541,1.0,0.7694017589639509,0.2305982410360491
7158,YKR019C YNL135C,0.0,NA,5.702780981664546e-05,2850,23882,7159,0,0.2953291434304093,0.10661379619931169,1.0,0.7693695435069746,0.23063045649302535
7159,YMR093W YFR014C,0.0,NA,5.714392682421021e-05,2850,23881,7160,0,0.29535864978902954,0.10661778459466537,1.0,0.7693373280499984,0.23066267195000162
7160,YIR011C YOR090C,0.0,NA,5.714637882192619e-05,2850,23880,7161,0,0.2953881561476498,0.10662177328843996,1.0,0.7693051125930221,0.23069488740697786
7161,YJR127C YPR055W,0.0,NA,5.716229497920722e-05,2850,23879,7162,0,0.2954176625062701,0.10662576228066893,1.0,0.7692728971360459,0.23072710286395412
7162,YLR047C YPR180W,0.0,NA,5.717619933420792e-05,2850,23878,7163,0,0.29544716886489036,0.10662975157138581,1.0,0.7692406816790697,0.23075931832093038
7163,YMR305C YDR089W,0.0,NA,5.7216937420889735e-05,2850,23877,7164,0,0.2954766752235107,0.10663374116062409,1.0,0.7692084662220934,0.23079153377790665
7164,YHR152W YLR305C,0.0,NA,5.7281471526948735e-05,2850,23876,7165,0,0.29550618158213093,0.10663773104841727,1.0,0.7691762507651171,0.23082374923488289
7165,YBR084W YNL240C,0.0,NA,5.7335135352332145e-05,2850,23875,7166,0,0.29553568794075125,0.10664172123479888,1.0,0.7691440353081408,0.23085596469185915
7166,YOL112W YDR104C,0.0,NA,5.739684638683684e-05,2850,23874,7167,0,0.2955651942993715,0.10664571171980243,1.0,0.7691118198511646,0.23088818014883541
7167,YKL159C YDL192W,0.0,NA,5.742416396969929e-05,2850,23873,7168,0,0.2955947006579918,0.10664970250346144,1.0,0.7690796043941883,0.23092039560581168
7168,YNL302C YNL313C,0.0,NA,5.7465415011392906e-05,2850,23872,7169,0,0.2956242070166121,0.10665369358580945,1.0,0.769047388937212,0.23095261106278792
7169,YOR095C YPR066W,0.0,NA,5.748503463109955e-05,2850,23871,7170,0,0.2956537133752324,0.10665768496687998,1.0,0.7690151734802358,0.23098482651976418
7170,YGL257C YKR072C,0.0,NA,5.7530825870344415e-05,2850,23870,7171,0,0.29568321973385264,0.10666167664670659,1.0,0.7689829580232596,0.23101704197674044
7171,YIR012W YKL085W,0.0,NA,5.753796358476393e-05,2850,23869,7172,0,0.29571272609247296,0.1066656686253228,1.0,0.7689507425662833,0.2310492574337167
7172,YLR237W YMR108W,0.0,NA,5.7582637964515015e-05,2850,23868,7173,0,0.2957422324510932,0.10666966090276218,1.0,0.7689185271093071,0.23108147289069295
7173,YDR464W YHR042W,0.0,NA,5.758544284617528e-05,2850,23867,7174,0,0.29577173880971347,0.10667365347905827,1.0,0.7688863116523308,0.2311136883476692
7174,YFR048W YFL034C-B,0.0,NA,5.758692714152858e-05,2850,23866,7175,0,0.2958012451683338,0.10667764635424465,1.0,0.7688540961953545,0.23114590380464548
7175,YDL135C YGR247W,0.0,NA,5.7606532209319994e-05,2850,23865,7176,0,0.29583075152695404,0.10668163952835485,1.0,0.7688218807383783,0.23117811926162174
7176,YMR183C YEL056W,0.0,NA,5.7719862525118515e-05,2850,23864,7177,0,0.29586025788557435,0.10668563300142248,1.0,0.768789665281402,0.23121033471859798
7177,YDR385W YGR013W,0.0,NA,5.773995508207008e-05,2850,23863,7178,0,0.2958897642441946,0.10668962677348108,1.0,0.7687574498244257,0.23124255017557424
7178,YPR007C YIL162W,0.0,NA,5.77542778046336e-05,2850,23862,7179,0,0.2959192706028149,0.10669362084456424,1.0,0.7687252343674496,0.2312747656325505
7179,YLR346C YDR321W,0.0,NA,5.777691330877133e-05,2850,23861,7180,0,0.2959487769614352,0.10669761521470555,1.0,0.7686930189104733,0.23130698108952674
7180,YGR024C YNR072W,0.0,NA,5.779223283752799e-05,2850,23860,7181,0,0.2959782833200555,0.1067016098839386,1.0,0.768660803453497,0.231339196546503
7181,YMR322C YLR129W,0.0,NA,5.8029923820868134e-05,2850,23859,7182,0,0.29600778967867575,0.10670560485229698,1.0,0.7686285879965208,0.23137141200347927
7182,YMR127C YPL269W,0.0,NA,5.803518070024438e-05,2850,23858,7183,0,0.29603729603729606,0.10670960011981429,1.0,0.7685963725395445,0.23140362746045554
7183,YJR046W YKL096W,0.0,NA,5.811953087686561e-05,2850,23857,7184,0,0.2960668023959163,0.10671359568652414,1.0,0.7685641570825682,0.23143584291743177
7184,YNL149C YDR219C,0.0,NA,5.825720290886238e-05,2850,23856,7185,0,0.29609630875453663,0.10671759155246012,1.0,0.7685319416255919,0.23146805837440804
7185,YDL074C YNL071W,0.0,NA,5.826647611684166e-05,2850,23855,7186,0,0.2961258151131569,0.10672158771765587,1.0,0.7684997261686157,0.2315002738313843
7186,YDL074C YBR036C,0.0,NA,5.830304871778935e-05,2850,23854,7187,0,0.29615532147177714,0.10672558418214499,1.0,0.7684675107116394,0.23153248928836057
7187,YLR277C YPL170W,0.0,NA,5.833086106576957e-05,2850,23853,7188,0,0.29618482783039746,0.10672958094596113,1.0,0.7684352952546631,0.2315647047453368
7188,YIL005W YPR192W,0.0,NA,5.833720206283033e-05,2850,23852,7189,0,0.2962143341890177,0.1067335780091379,1.0,0.768403079797687,0.23159692020231307
7189,YPL243W YDR073W,0.0,NA,5.8398651162860915e-05,2850,23851,7190,0,0.296243840547638,0.10673757537170893,1.0,0.7683708643407107,0.23162913565928933
7190,YGL150C YPR191W,0.0,NA,5.8398814871907234e-05,2850,23850,7191,0,0.2962733469062583,0.10674157303370786,1.0,0.7683386488837344,0.2316613511162656
7191,YGR192C YHL040C,0.0,NA,5.8423658629180863e-05,2850,23849,7192,0,0.2963028532648786,0.10674557099516836,1.0,0.7683064334267582,0.23169356657324183
7192,YOL135C YAL044C,0.0,NA,5.846027488587424e-05,2850,23848,7193,0,0.29633235962349885,0.10674956925612406,1.0,0.7682742179697819,0.2317257820302181
7193,YOL081W YDL135C,0.0,NA,5.847455031471327e-05,2850,23847,7194,0,0.29636186598211917,0.10675356781660861,1.0,0.7682420025128056,0.23175799748719436
7194,YDR261C YLR214W,0.0,NA,5.8539601013762876e-05,2850,23846,7195,0,0.2963913723407394,0.10675756667665567,1.0,0.7682097870558294,0.23179021294417063
7195,YBR216C YMR069W,0.0,NA,5.854217306477949e-05,2850,23845,7196,0,0.29642087869935974,0.10676156583629894,1.0,0.7681775715988531,0.23182242840114686
7196,YJL178C YLR435W,0.0,NA,5.861680256202817e-05,2850,23844,7197,0,0.29645038505798,0.10676556529557203,1.0,0.7681453561418768,0.23185464385812313
7197,YIL116W YDR497C,0.0,NA,5.865225466550328e-05,2850,23843,7198,0,0.29647989141660025,0.10676956505450867,1.0,0.7681131406849007,0.2318868593150994
7198,YBR110W YNL175C,0.0,NA,5.870205131941475e-05,2850,23842,7199,0,0.29650939777522056,0.10677356511314251,1.0,0.7680809252279244,0.23191907477207563
7199,YMR302C YCL044C,0.0,NA,5.87935937801376e-05,2850,23841,7200,0,0.2965389041338408,0.10677756547150725,1.0,0.7680487097709481,0.2319512902290519
7200,YLR141W YNL162W,0.0,NA,5.880340904695913e-05,2850,23840,7201,0,0.29656841049246113,0.10678156612963657,1.0,0.7680164943139719,0.23198350568602816
7201,YBR240C YJL168C,0.0,NA,5.881967081222683e-05,2850,23839,7202,0,0.2965979168510814,0.10678556708756416,1.0,0.7679842788569956,0.23201572114300442
7202,YDR181C YLL004W,0.0,NA,5.8871355577139184e-05,2850,23838,7203,0,0.2966274232097017,0.10678956834532374,1.0,0.7679520634000193,0.23204793659998066
7203,YHR153C YMR032W,0.0,NA,5.890684769838117e-05,2850,23837,7204,0,0.29665692956832196,0.106793569902949,1.0,0.767919847943043,0.23208015205695692
7204,YNR050C YNL001W,0.0,NA,5.8919653383782133e-05,2850,23836,7205,0,0.29668643592694227,0.10679757176047365,1.0,0.7678876324860668,0.2321123675139332
7205,YER164W YGR048W,0.0,NA,5.8959391026291996e-05,2850,23835,7206,0,0.29671594228556253,0.10680157391793142,1.0,0.7678554170290905,0.23214458297090945
7206,YNL268W YEL044W,0.0,NA,5.898605377296917e-05,2850,23834,7207,0,0.29674544864418284,0.10680557637535602,1.0,0.7678232015721143,0.2321767984278857
7207,YNL218W YNR047W,0.0,NA,5.901176336919889e-05,2850,23833,7208,0,0.2967749550028031,0.10680957913278118,1.0,0.7677909861151381,0.23220901388486195
7208,YBL026W YER062C,0.0,NA,5.909888568567112e-05,2850,23832,7209,0,0.2968044613614234,0.1068135821902406,1.0,0.7677587706581618,0.23224122934183822
7209,YJR148W YCR010C,0.0,NA,5.910046093049459e-05,2850,23831,7210,0,0.29683396772004367,0.10681758554776807,1.0,0.7677265552011855,0.23227344479881448
7210,YGL073W YLR262C-A,0.0,NA,5.916739974054508e-05,2850,23830,7211,0,0.2968634740786639,0.1068215892053973,1.0,0.7676943397442093,0.23230566025579072
7211,YGL158W YHR007C,0.0,NA,5.9219553804723546e-05,2850,23829,7212,0,0.29689298043728424,0.10682559316316204,1.0,0.767662124287233,0.23233787571276698
7212,YGL043W YMR055C,0.0,NA,5.923096614424139e-05,2850,23828,7213,0,0.2969224867959045,0.10682959742109603,1.0,0.7676299088302567,0.23237009116974325
7213,YNR059W YLR024C,0.0,NA,5.9273905208101496e-05,2850,23827,7214,0,0.2969519931545248,0.10683360197923304,1.0,0.7675976933732805,0.2324023066267195
7214,YML082W YER145C,0.0,NA,5.9288155171088874e-05,2850,23826,7215,0,0.29698149951314506,0.10683760683760683,1.0,0.7675654779163043,0.23243452208369575
7215,YJL214W YDL161W,0.0,NA,5.936435627518222e-05,2850,23825,7216,0,0.2970110058717654,0.10684161199625117,1.0,0.767533262459328,0.232466737540672
7216,YAL056W YGL216W,0.0,NA,5.9368037909734994e-05,2850,23824,7217,0,0.29704051223038563,0.10684561745519983,1.0,0.7675010470023518,0.23249895299764828
7217,YNL272C YOR340C,0.0,NA,5.9429894463391975e-05,2850,23823,7218,0,0.29707001858900595,0.10684962321448656,1.0,0.7674688315453755,0.23253116845462452
7218,YER109C YHL033C,0.0,NA,5.949238038738258e-05,2850,23822,7219,0,0.2970995249476262,0.10685362927414517,1.0,0.7674366160883992,0.23256338391160078
7219,YIL023C YBR024W,0.0,NA,5.95833953411784e-05,2850,23821,7220,0,0.2971290313062465,0.10685763563420944,1.0,0.767404400631423,0.23259559936857704
7220,YKL109W YMR145C,0.0,NA,5.9622383560054004e-05,2850,23820,7221,0,0.2971585376648668,0.10686164229471316,1.0,0.7673721851744467,0.2326278148255533
7221,YGL212W YKR003W,0.0,NA,5.978025365038775e-05,2850,23819,7222,0,0.2971880440234871,0.10686564925569013,1.0,0.7673399697174704,0.23266003028252955
7222,YPL242C YHR046C,0.0,NA,5.978550325380638e-05,2850,23818,7223,0,0.29721755038210734,0.10686965651717414,1.0,0.7673077542604941,0.2326922457395058
7223,YOR290C YNL279W,0.0,NA,5.980135392746888e-05,2850,23817,7224,0,0.2972470567407276,0.10687366407919902,1.0,0.767275538803518,0.23272446119648207
7224,YMR194W YOL147C,0.0,NA,5.9835521824425086e-05,2850,23816,7225,0,0.2972765630993479,0.10687767194179855,1.0,0.7672433233465417,0.23275667665345834
7225,YLR128W YDR073W,0.0,NA,5.987833355902694e-05,2850,23815,7226,0,0.29730606945796817,0.10688168010500657,1.0,0.7672111078895654,0.23278889211043458
7226,YBR155W YJR132W,0.0,NA,5.990060526528396e-05,2850,23814,7227,0,0.2973355758165885,0.10688568856885688,1.0,0.7671788924325892,0.23282110756741084
7227,YDR156W YOR003W,0.0,NA,5.994409366394393e-05,2850,23813,7228,0,0.29736508217520874,0.10688969733338334,1.0,0.7671466769756129,0.2328533230243871
7228,YBL045C YJR063W,0.0,NA,6.000111170578748e-05,2850,23812,7229,0,0.29739458853382905,0.10689370639861975,1.0,0.7671144615186366,0.23288553848136337
7229,YIR004W YOR267C,0.0,NA,6.000723806209862e-05,2850,23811,7230,0,0.2974240948924493,0.10689771576459997,1.0,0.7670822460616604,0.2329177539383396
7230,YDR098C YDR144C,0.0,NA,6.010666038491763e-05,2850,23810,7231,0,0.2974536012510696,0.10690172543135784,1.0,0.7670500306046841,0.23294996939531587
7231,YJL091C YGL002W,0.0,NA,6.0152990045025945e-05,2850,23809,7232,0,0.2974831076096899,0.10690573539892718,1.0,0.7670178151477078,0.23298218485229213
7232,YDR206W YJL157C,0.0,NA,6.026667688274756e-05,2850,23808,7233,0,0.2975126139683102,0.10690974566734189,1.0,0.7669855996907317,0.2330144003092684
7233,YAL036C YLR153C,0.0,NA,6.0451267927419394e-05,2850,23807,7234,0,0.29754212032693045,0.10691375623663578,1.0,0.7669533842337554,0.23304661576624464
7234,YML125C YDR295C,0.0,NA,6.050761294318363e-05,2850,23806,7235,0,0.29757162668555076,0.10691776710684274,1.0,0.7669211687767791,0.2330788312232209
7235,YNL052W YDR087C,0.0,NA,6.053918696125038e-05,2850,23805,7236,0,0.297601133044171,0.10692177827799662,1.0,0.7668889533198029,0.23311104668019716
7236,YLR363C YBR077C,0.0,NA,6.072849646443501e-05,2850,23804,7237,0,0.2976306394027913,0.10692578975013131,1.0,0.7668567378628266,0.23314326213717343
7237,YDR140W YPR093C,0.0,NA,6.0788173868786544e-05,2850,23803,7238,0,0.2976601457614116,0.10692980152328069,1.0,0.7668245224058503,0.23317547759414967
7238,YDR021W YNL141W,0.0,NA,6.081182436901145e-05,2850,23802,7239,0,0.29768965212003184,0.10693381359747861,1.0,0.7667923069488741,0.23320769305112593
7239,YFR029W YPL093W,0.0,NA,6.0834969190182164e-05,2850,23801,7240,0,0.29771915847865216,0.106937825972759,1.0,0.7667600914918978,0.2332399085081022
7240,YOR234C YML067C,0.0,NA,6.105517968535423e-05,2850,23800,7241,0,0.2977486648372724,0.10694183864915573,1.0,0.7667278760349215,0.23327212396507843
7241,YDR039C YER035W,0.0,NA,6.109350215410814e-05,2850,23799,7242,0,0.2977781711958927,0.10694585162670268,1.0,0.7666956605779452,0.2333043394220547
7242,YDR006C YDL239C,0.0,NA,6.121602928033099e-05,2850,23798,7243,0,0.297807677554513,0.1069498649054338,1.0,0.7666634451209691,0.23333655487903096
7243,YJL164C YDR225W,0.0,NA,6.123734056018293e-05,2850,23797,7244,0,0.2978371839131333,0.10695387848538297,1.0,0.7666312296639928,0.23336877033600723
7244,YLR144C YCR060W,0.0,NA,6.14283635513857e-05,2850,23796,7245,0,0.29786669027175355,0.10695789236658411,1.0,0.7665990142070165,0.23340098579298346
7245,YNR034W YOL125W,0.0,NA,6.14995151408948e-05,2850,23795,7246,0,0.29789619663037387,0.10696190654907112,1.0,0.7665667987500403,0.23343320124995973
7246,YKL028W YPR168W,0.0,NA,6.154416769277304e-05,2850,23794,7247,0,0.2979257029889941,0.10696592103287794,1.0,0.766534583293064,0.233465416706936
7247,YBR248C YGR221C,0.0,NA,6.155965820653364e-05,2850,23793,7248,0,0.29795520934761444,0.10696993581803851,1.0,0.7665023678360877,0.23349763216391226
7248,YER104W YPL209C,0.0,NA,6.159172335173935e-05,2850,23792,7249,0,0.2979847157062347,0.10697395090458674,1.0,0.7664701523791115,0.2335298476208885
7249,YOR245C YNL167C,0.0,NA,6.170129927340895e-05,2850,23791,7250,0,0.29801422206485495,0.10697796629255658,1.0,0.7664379369221352,0.23356206307786476
7250,YKL173W YLR436C,0.0,NA,6.171812856337056e-05,2850,23790,7251,0,0.29804372842347526,0.10698198198198199,1.0,0.766405721465159,0.23359427853484102
7251,YAL020C YGL178W,0.0,NA,6.177135946927592e-05,2850,23789,7252,0,0.2980732347820955,0.10698599797289689,1.0,0.7663735060081828,0.23362649399181729
7252,YCR010C YJL041W,0.0,NA,6.179846241138875e-05,2850,23788,7253,0,0.29810274114071583,0.10699001426533523,1.0,0.7663412905512065,0.23365870944879352
7253,YDR151C YJR055W,0.0,NA,6.198602932272479e-05,2850,23787,7254,0,0.2981322474993361,0.106994030859331,1.0,0.7663090750942302,0.2336909249057698
7254,YIR023W YOL120C,0.0,NA,6.20329228695482e-05,2850,23786,7255,0,0.2981617538579564,0.10699804775491815,1.0,0.766276859637254,0.23372314036274605
7255,YMR310C YCR061W,0.0,NA,6.211928848642856e-05,2850,23785,7256,0,0.29819126021657666,0.10700206495213066,1.0,0.7662446441802777,0.23375535581972232
7256,YCL059C YGL169W,0.0,NA,6.213902088347822e-05,2850,23784,7257,0,0.29822076657519697,0.10700608245100247,1.0,0.7662124287233014,0.23378757127669855
7257,YML065W YOR137C,0.0,NA,6.214595487108454e-05,2850,23783,7258,0,0.29825027293381723,0.10701010025156761,1.0,0.7661802132663251,0.23381978673367482
7258,YGR199W YMR145C,0.0,NA,6.216361362021416e-05,2850,23782,7259,0,0.29827977929243754,0.10701411835386002,1.0,0.766147997809349,0.23385200219065108
7259,YGL251C YAR071W,0.0,NA,6.22036459390074e-05,2850,23781,7260,0,0.2983092856510578,0.1070181367579137,1.0,0.7661157823523727,0.23388421764762732
7260,YPR180W YNL027W,0.0,NA,6.225895776879042e-05,2850,23780,7261,0,0.2983387920096781,0.10702215546376267,1.0,0.7660835668953964,0.23391643310460358
7261,YIL096C YGR088W,0.0,NA,6.238013156689703e-05,2850,23779,7262,0,0.29836829836829837,0.10702617447144092,1.0,0.7660513514384202,0.23394864856157985
7262,YPL079W YHR123W,0.0,NA,6.240916991373524e-05,2850,23778,7263,0,0.2983978047269186,0.10703019378098243,1.0,0.7660191359814439,0.2339808640185561
7263,YKL002W YBR101C,0.0,NA,6.261094677029178e-05,2850,23777,7264,0,0.29842731108553894,0.10703421339242122,1.0,0.7659869205244676,0.23401307947553235
7264,YKR104W YNR057C,0.0,NA,6.261769158300012e-05,2850,23776,7265,0,0.2984568174441592,0.10703823330579133,1.0,0.7659547050674914,0.2340452949325086
7265,YOL102C YDR459C,0.0,NA,6.267343269428238e-05,2850,23775,7266,0,0.2984863238027795,0.10704225352112676,1.0,0.7659224896105151,0.23407751038948488
7266,YNL180C YOL120C,0.0,NA,6.273286999203265e-05,2850,23774,7267,0,0.29851583016139976,0.10704627403846154,1.0,0.7658902741535388,0.23410972584646114
7267,YCR038C YMR017W,0.0,NA,6.290773308137432e-05,2850,23773,7268,0,0.2985453365200201,0.1070502948578297,1.0,0.7658580586965626,0.23414194130343738
7268,YKL180W YGR281W,0.0,NA,6.29221904091537e-05,2850,23772,7269,0,0.29857484287864033,0.10705431597926526,1.0,0.7658258432395864,0.23417415676041364
7269,YMR227C YPL019C,0.0,NA,6.294301419984549e-05,2850,23771,7270,0,0.29860434923726065,0.1070583374028023,1.0,0.7657936277826101,0.2342063722173899
7270,YAL034W-A YBR059C,0.0,NA,6.295333878370002e-05,2850,23770,7271,0,0.2986338555958809,0.10706235912847484,1.0,0.7657614123256339,0.23423858767436617
7271,YPL095C YHR108W,0.0,NA,6.296144420048222e-05,2850,23769,7272,0,0.2986633619545012,0.10706638115631692,1.0,0.7657291968686576,0.2342708031313424
7272,YGL063W YMR006C,0.0,NA,6.301514804363251e-05,2850,23768,7273,0,0.2986928683131215,0.10707040348636261,1.0,0.7656969814116813,0.23430301858831867
7273,YJL042W YLR393W,0.0,NA,6.304117414401844e-05,2850,23767,7274,0,0.2987223746717418,0.10707442611864598,1.0,0.7656647659547051,0.23433523404529494
7274,YDR014W YNL154C,0.0,NA,6.323317938949913e-05,2850,23766,7275,0,0.29875188103036204,0.10707844905320109,1.0,0.7656325504977288,0.2343674495022712
7275,YHR161C YNL032W,0.0,NA,6.334573845379055e-05,2850,23765,7276,0,0.2987813873889823,0.107082472290062,1.0,0.7656003350407525,0.23439966495924744
7276,YMR239C YOR073W,0.0,NA,6.336875958368182e-05,2850,23764,7277,0,0.2988108937476026,0.10708649582926279,1.0,0.7655681195837762,0.2344318804162237
7277,YFR015C YNL263C,0.0,NA,6.339807441690937e-05,2850,23763,7278,0,0.29884040010622287,0.10709051967083756,1.0,0.7655359041268001,0.23446409587319997
7278,YJL006C YPL203W,0.0,NA,6.347308226395398e-05,2850,23762,7279,0,0.2988699064648432,0.10709454381482038,1.0,0.7655036886698238,0.2344963113301762
7279,YAR002W YKR007W,0.0,NA,6.360098632285371e-05,2850,23761,7280,0,0.29889941282346344,0.10709856826124535,1.0,0.7654714732128475,0.23452852678715247
7280,YCL027W YJL109C,0.0,NA,6.37493867543526e-05,2850,23760,7281,0,0.29892891918208375,0.10710259301014656,1.0,0.7654392577558713,0.23456074224412873
7281,YOL119C YLR248W,0.0,NA,6.378867692546919e-05,2850,23759,7282,0,0.298958425540704,0.10710661806155812,1.0,0.765407042298895,0.234592957701105
7282,YHR110W YOR272W,0.0,NA,6.40057769487612e-05,2850,23758,7283,0,0.2989879318993243,0.10711064341551413,1.0,0.7653748268419187,0.23462517315808123
7283,YMR264W YDR477W,0.0,NA,6.40118814771995e-05,2850,23757,7284,0,0.2990174382579446,0.10711466907204871,1.0,0.7653426113849425,0.2346573886150575
7284,YHR161C YOL115W,0.0,NA,6.402531289495528e-05,2850,23756,7285,0,0.2990469446165649,0.10711869503119598,1.0,0.7653103959279662,0.23468960407203376
7285,YDR142C YGR085C,0.0,NA,6.405145541066304e-05,2850,23755,7286,0,0.29907645097518515,0.10712272129299004,1.0,0.7652781804709899,0.23472181952901003
7286,YDL019C YIL079C,0.0,NA,6.41384904156439e-05,2850,23754,7287,0,0.29910595733380546,0.10712674785746504,1.0,0.7652459650140138,0.23475403498598627
7287,YNL163C YGL095C,0.0,NA,6.423115701181814e-05,2850,23753,7288,0,0.2991354636924257,0.10713077472465511,1.0,0.7652137495570375,0.23478625044296253
7288,YDR200C YHR196W,0.0,NA,6.427177868317813e-05,2850,23752,7289,0,0.299164970051046,0.10713480189459439,1.0,0.7651815341000612,0.2348184658999388
7289,YNR002C YHR123W,0.0,NA,6.428042252082378e-05,2850,23751,7290,0,0.2991944764096663,0.10713882936731702,1.0,0.765149318643085,0.23485068135691506
7290,YNR050C YAL025C,0.0,NA,6.430899520637468e-05,2850,23750,7291,0,0.29922398276828654,0.10714285714285714,1.0,0.7651171031861087,0.2348828968138913
7291,YJL097W YKL058W,0.0,NA,6.431488145608455e-05,2850,23749,7292,0,0.29925348912690686,0.10714688522124892,1.0,0.7650848877291324,0.23491511227086756
7292,YLR299W YGL139W,0.0,NA,6.439760909415781e-05,2850,23748,7293,0,0.2992829954855271,0.1071509136025265,1.0,0.7650526722721562,0.23494732772784382
7293,YCR065W YDR007W,0.0,NA,6.439835124183446e-05,2850,23747,7294,0,0.2993125018441474,0.10715494228672406,1.0,0.7650204568151799,0.2349795431848201
7294,YBR152W YMR176W,0.0,NA,6.439896242227405e-05,2850,23746,7295,0,0.2993420082027677,0.10715897127387577,1.0,0.7649882413582036,0.23501175864179633
7295,YDL240W YLR070C,0.0,NA,6.44028332317248e-05,2850,23745,7296,0,0.299371514561388,0.10716300056401579,1.0,0.7649560259012274,0.2350439740987726
7296,YLR194C YPL232W,0.0,NA,6.443716847570613e-05,2850,23744,7297,0,0.29940102092000825,0.10716703015717831,1.0,0.7649238104442512,0.23507618955574885
7297,YGL151W YBR040W,0.0,NA,6.447066698456183e-05,2850,23743,7298,0,0.29943052727862857,0.10717106005339751,1.0,0.7648915949872749,0.23510840501272512
7298,YDL017W YOR361C,0.0,NA,6.447927444241941e-05,2850,23742,7299,0,0.2994600336372488,0.10717509025270758,1.0,0.7648593795302986,0.23514062046970136
7299,YPL117C YHL048W,0.0,NA,6.452504021581262e-05,2850,23741,7300,0,0.29948953999586914,0.10717912075514271,1.0,0.7648271640733224,0.23517283592667762
7300,YLR298C YMR194W,0.0,NA,6.452608795370907e-05,2850,23740,7301,0,0.2995190463544894,0.10718315156073711,1.0,0.7647949486163461,0.23520505138365388
7301,YNL004W YPR046W,0.0,NA,6.456166011048481e-05,2850,23739,7302,0,0.29954855271310965,0.107187182669525,1.0,0.7647627331593698,0.23523726684063012
7302,YNL139C YPL120W,0.0,NA,6.468009814852849e-05,2850,23738,7303,0,0.29957805907172996,0.10719121408154055,1.0,0.7647305177023936,0.23526948229760639
7303,YJR140C YPR007C,0.0,NA,6.472539098467678e-05,2850,23737,7304,0,0.2996075654303502,0.107195245796818,1.0,0.7646983022454173,0.23530169775458265
7304,YNL021W YDL002C,0.0,NA,6.501037569250911e-05,2850,23736,7305,0,0.29963707178897053,0.10719927781539156,1.0,0.7646660867884411,0.23533391321155891
7305,YML043C YHR163W,0.0,NA,6.51467198622413e-05,2850,23735,7306,0,0.2996665781475908,0.10720331013729546,1.0,0.7646338713314649,0.23536612866853515
7306,YBR264C YDL185W,0.0,NA,6.515796121675521e-05,2850,23734,7307,0,0.2996960845062111,0.10720734276256395,1.0,0.7646016558744886,0.23539834412551142
7307,YLR350W YJR070C,0.0,NA,6.52616290608421e-05,2850,23733,7308,0,0.29972559086483136,0.10721137569123124,1.0,0.7645694404175123,0.23543055958248768
7308,YDR038C YEL059C-A,0.0,NA,6.526448851218447e-05,2850,23732,7309,0,0.29975509722345167,0.10721540892333158,1.0,0.7645372249605361,0.23546277503946395
7309,YKL048C YLR194C,0.0,NA,6.529181700898334e-05,2850,23731,7310,0,0.29978460358207193,0.10721944245889921,1.0,0.7645050095035598,0.23549499049644018
7310,YIL124W YOR032C,0.0,NA,6.530894461320713e-05,2850,23730,7311,0,0.29981410994069224,0.1072234762979684,1.0,0.7644727940465835,0.23552720595341645
7311,YBR132C YBR267W,0.0,NA,6.540105096064508e-05,2850,23729,7312,0,0.2998436162993125,0.10722751044057338,1.0,0.7644405785896073,0.2355594214103927
7312,YKL086W YLL063C,0.0,NA,6.54348696116358e-05,2850,23728,7313,0,0.2998731226579328,0.10723154488674844,1.0,0.764408363132631,0.23559163686736898
7313,YDL247W YMR201C,0.0,NA,6.54558971291408e-05,2850,23727,7314,0,0.29990262901655307,0.10723557963652783,1.0,0.7643761476756548,0.2356238523243452
7314,YJR159W YNL001W,0.0,NA,6.550653779413551e-05,2850,23726,7315,0,0.2999321353751733,0.10723961468994582,1.0,0.7643439322186785,0.23565606778132148
7315,YDR523C YJL035C,0.0,NA,6.554540595971048e-05,2850,23725,7316,0,0.29996164173379364,0.10724365004703669,1.0,0.7643117167617023,0.23568828323829774
7316,YDR515W YKR102W,0.0,NA,6.560975452885032e-05,2850,23724,7317,0,0.2999911480924139,0.10724768570783473,1.0,0.764279501304726,0.235720498695274
7317,YIL005W YOR208W,0.0,NA,6.563253555214033e-05,2850,23723,7318,0,0.3000206544510342,0.10725172167237422,1.0,0.7642472858477497,0.23575271415225024
7318,YLR194C YBR079C,0.0,NA,6.565218791365623e-05,2850,23722,7319,0,0.30005016080965446,0.10725575794068945,1.0,0.7642150703907735,0.2357849296092265
7319,YJL138C YNL025C,0.0,NA,6.572742131538689e-05,2850,23721,7320,0,0.3000796671682748,0.10725979451281473,1.0,0.7641828549337972,0.23581714506620277
7320,YGR241C YPR145W,0.0,NA,6.573319114977494e-05,2850,23720,7321,0,0.30010917352689503,0.10726383138878434,1.0,0.7641506394768209,0.235849360523179
7321,YDR451C YGL247W,0.0,NA,6.575864244950935e-05,2850,23719,7322,0,0.30013867988551535,0.10726786856863262,1.0,0.7641184240198448,0.23588157598015527
7322,YNL099C YKR020W,0.0,NA,6.576334999408573e-05,2850,23718,7323,0,0.3001681862441356,0.10727190605239385,1.0,0.7640862085628685,0.23591379143713154
7323,YJL031C YOR065W,0.0,NA,6.576792657142505e-05,2850,23717,7324,0,0.3001976926027559,0.10727594384010239,1.0,0.7640539931058922,0.2359460068941078
7324,YJR031C YLR318W,0.0,NA,6.582470814464614e-05,2850,23716,7325,0,0.3002271989613762,0.10727998193179251,1.0,0.764021777648916,0.23597822235108404
7325,YKR056W YML060W,0.0,NA,6.604710506508127e-05,2850,23715,7326,0,0.3002567053199965,0.10728402032749859,1.0,0.7639895621919397,0.2360104378080603
7326,YPL095C YHR158C,0.0,NA,6.609335105167702e-05,2850,23714,7327,0,0.30028621167861674,0.10728805902725493,1.0,0.7639573467349634,0.23604265326503657
7327,YIR030C YOR198C,0.0,NA,6.61826561554335e-05,2850,23713,7328,0,0.300315718037237,0.10729209803109589,1.0,0.7639251312779872,0.23607486872201283
7328,YPL045W YJL101C,0.0,NA,6.620051863137633e-05,2850,23712,7329,0,0.3003452243958573,0.1072961373390558,1.0,0.7638929158210109,0.23610708417898907
7329,YDR373W YCR005C,0.0,NA,6.620286148972809e-05,2850,23711,7330,0,0.30037473075447757,0.107300176951169,1.0,0.7638607003640346,0.23613929963596533
7330,YPL241C YNL244C,0.0,NA,6.622761429753155e-05,2850,23710,7331,0,0.3004042371130979,0.10730421686746988,1.0,0.7638284849070585,0.2361715150929416
7331,YOL132W YJL214W,0.0,NA,6.62441598251462e-05,2850,23709,7332,0,0.30043374347171814,0.10730825708799277,1.0,0.7637962694500822,0.23620373054991786
7332,YLR245C YIL013C,0.0,NA,6.630337156821042e-05,2850,23708,7333,0,0.30046324983033845,0.10731229761277204,1.0,0.7637640539931059,0.2362359460068941
7333,YPL231W YLR215C,0.0,NA,6.631640280829743e-05,2850,23707,7334,0,0.3004927561889587,0.10731633844184207,1.0,0.7637318385361296,0.23626816146387036
7334,YJL184W YDL045C,0.0,NA,6.634341116296127e-05,2850,23706,7335,0,0.300522262547579,0.10732037957523724,1.0,0.7636996230791534,0.23630037692084663
7335,YGR098C YLL039C,0.0,NA,6.654376193182543e-05,2850,23705,7336,0,0.3005517689061993,0.1073244210129919,1.0,0.7636674076221771,0.2363325923778229
7336,YBR097W YHR040W,0.0,NA,6.655638571828604e-05,2850,23704,7337,0,0.3005812752648196,0.10732846275514046,1.0,0.7636351921652008,0.23636480783479913
7337,YKR034W YDR439W,0.0,NA,6.655804463662207e-05,2850,23703,7338,0,0.30061078162343985,0.10733250480171733,1.0,0.7636029767082246,0.2363970232917754
7338,YJR074W YNL139C,0.0,NA,6.669712456641719e-05,2850,23702,7339,0,0.30064028798206016,0.10733654715275685,1.0,0.7635707612512483,0.23642923874875166
7339,YNL037C YER164W,0.0,NA,6.67540734866634e-05,2850,23701,7340,0,0.3006697943406804,0.10734058980829347,1.0,0.763538545794272,0.2364614542057279
7340,YHR047C YDL131W,0.0,NA,6.691895396215841e-05,2850,23700,7341,0,0.3006993006993007,0.10734463276836158,1.0,0.7635063303372959,0.23649366966270416
7341,YGR116W YAL026C,0.0,NA,6.692993338219821e-05,2850,23699,7342,0,0.300728807057921,0.1073486760329956,1.0,0.7634741148803196,0.23652588511968042
7342,YNL299W YDR279W,0.0,NA,6.705738633172587e-05,2850,23698,7343,0,0.30075831341654125,0.10735271960222992,1.0,0.7634418994233433,0.2365581005766567
7343,YOL078W YBR289W,0.0,NA,6.706255953758955e-05,2850,23697,7344,0,0.30078781977516156,0.10735676347609899,1.0,0.7634096839663671,0.23659031603363292
7344,YDR373W YAL022C,0.0,NA,6.71681045787409e-05,2850,23696,7345,0,0.3008173261337818,0.10736080765463724,1.0,0.7633774685093908,0.2366225314906092
7345,YHR025W YNL192W,0.0,NA,6.727688742103055e-05,2850,23695,7346,0,0.3008468324924021,0.10736485213787908,1.0,0.7633452530524145,0.23665474694758545
7346,YIL018W YPR054W,0.0,NA,6.73243121127598e-05,2850,23694,7347,0,0.3008763388510224,0.10736889692585895,1.0,0.7633130375954383,0.23668696240456172
7347,YKR010C YMR194W,0.0,NA,6.733831105520949e-05,2850,23693,7348,0,0.3009058452096427,0.1073729420186113,1.0,0.763280822138462,0.23671917786153795
7348,YDR331W YGR145W,0.0,NA,6.738983211107552e-05,2850,23692,7349,0,0.30093535156826295,0.10737698741617059,1.0,0.7632486066814858,0.23675139331851422
7349,YLR004C YDL058W,0.0,NA,6.745013524778187e-05,2850,23691,7350,0,0.30096485792688327,0.10738103311857126,1.0,0.7632163912245096,0.23678360877549048
7350,YOR056C YHR001W-A,0.0,NA,6.748874147888273e-05,2850,23690,7351,0,0.3009943642855035,0.10738507912584777,1.0,0.7631841757675333,0.23681582423246675
7351,YOL102C YBL058W,0.0,NA,6.749524618498981e-05,2850,23689,7352,0,0.3010238706441238,0.1073891254380346,1.0,0.763151960310557,0.23684803968944299
7352,YEL026W YGR134W,0.0,NA,6.75215051160194e-05,2850,23688,7353,0,0.3010533770027441,0.10739317205516617,1.0,0.7631197448535807,0.23688025514641925
7353,YGL247W YPL023C,0.0,NA,6.76466734148562e-05,2850,23687,7354,0,0.30108288336136435,0.10739721897727701,1.0,0.7630875293966045,0.23691247060339551
7354,YAR002W YER119C,0.0,NA,6.766641308786348e-05,2850,23686,7355,0,0.30111238971998466,0.10740126620440157,1.0,0.7630553139396282,0.23694468606037178
7355,YDR363W-A YDL075W,0.0,NA,6.773264613002539e-05,2850,23685,7356,0,0.3011418960786049,0.10740531373657433,1.0,0.7630230984826519,0.23697690151734802
7356,YNL097C YLR234W,0.0,NA,6.774518260499462e-05,2850,23684,7357,0,0.30117140243722523,0.1074093615738298,1.0,0.7629908830256757,0.23700911697432428
7357,YDR272W YKR054C,0.0,NA,6.780787225579843e-05,2850,23683,7358,0,0.3012009087958455,0.10741340971620246,1.0,0.7629586675686995,0.23704133243130054
7358,YLR109W YMR199W,0.0,NA,6.782248965464532e-05,2850,23682,7359,0,0.3012304151544658,0.10741745816372682,1.0,0.7629264521117232,0.2370735478882768
7359,YBR034C YIL003W,0.0,NA,6.794671207899228e-05,2850,23681,7360,0,0.30125992151308606,0.10742150691643737,1.0,0.762894236654747,0.23710576334525305
7360,YDL188C YOR098C,0.0,NA,6.799753464292735e-05,2850,23680,7361,0,0.3012894278717064,0.10742555597436863,1.0,0.7628620211977707,0.2371379788022293
7361,YLR308W YKR081C,0.0,NA,6.802107964176685e-05,2850,23679,7362,0,0.30131893423032663,0.10742960533755513,1.0,0.7628298057407944,0.23717019425920557
7362,YDR176W YML067C,0.0,NA,6.803632277296856e-05,2850,23678,7363,0,0.30134844058894694,0.10743365500603136,1.0,0.7627975902838182,0.2372024097161818
7363,YHL002W YDR510W,0.0,NA,6.809798651374876e-05,2850,23677,7364,0,0.3013779469475672,0.10743770497983186,1.0,0.7627653748268419,0.23723462517315808
7364,YKL172W YLR367W,0.0,NA,6.814469088567421e-05,2850,23676,7365,0,0.30140745330618746,0.10744175525899118,1.0,0.7627331593698656,0.23726684063013434
7365,YMR001C YLR325C,0.0,NA,6.836364627815783e-05,2850,23675,7366,0,0.30143695966480777,0.10744580584354382,1.0,0.7627009439128895,0.2372990560871106
7366,YOR373W YDR122W,0.0,NA,6.837694672867656e-05,2850,23674,7367,0,0.301466466023428,0.10744985673352435,1.0,0.7626687284559132,0.23733127154408684
7367,YHR015W YCR002C,0.0,NA,6.840343121439219e-05,2850,23673,7368,0,0.30149597238204834,0.10745390792896731,1.0,0.7626365129989369,0.2373634870010631
7368,YFR051C YLR011W,0.0,NA,6.850055797258392e-05,2850,23672,7369,0,0.3015254787406686,0.10745795942990724,1.0,0.7626042975419607,0.23739570245803937
7369,YEL022W YOR115C,0.0,NA,6.851689249742776e-05,2850,23671,7370,0,0.3015549850992889,0.10746201123637872,1.0,0.7625720820849844,0.23742791791501563
7370,YAL019W YPR095C,0.0,NA,6.853080412838608e-05,2850,23670,7371,0,0.30158449145790917,0.1074660633484163,1.0,0.7625398666280081,0.23746013337199187
7371,YML012W YLR237W,0.0,NA,6.863309681648389e-05,2850,23669,7372,0,0.3016139978165295,0.10747011576605453,1.0,0.7625076511710318,0.23749234882896814
7372,YML055W YDR254W,0.0,NA,6.887555355206132e-05,2850,23668,7373,0,0.30164350417514973,0.107474168489328,1.0,0.7624754357140556,0.2375245642859444
7373,YLR350W YML047C,0.0,NA,6.888028292451054e-05,2850,23667,7374,0,0.30167301053377005,0.1074782215182713,1.0,0.7624432202570793,0.23755677974292067
7374,YGR116W YKR028W,0.0,NA,6.90752494847402e-05,2850,23666,7375,0,0.3017025168923903,0.10748227485291899,1.0,0.762411004800103,0.2375889951998969
7375,YNL286W YJL201W,0.0,NA,6.908796058269218e-05,2850,23665,7376,0,0.3017320232510106,0.10748632849330568,1.0,0.7623787893431269,0.23762121065687317
7376,YHR193C YGR206W,0.0,NA,6.909593503223732e-05,2850,23664,7377,0,0.3017615296096309,0.10749038243946595,1.0,0.7623465738861506,0.23765342611384943
7377,YGL166W YER098W,0.0,NA,6.91264503984712e-05,2850,23663,7378,0,0.30179103596825113,0.1074944366914344,1.0,0.7623143584291743,0.2376856415708257
7378,YKL216W YBR162W-A,0.0,NA,6.914892583154142e-05,2850,23662,7379,0,0.30182054232687144,0.10749849124924563,1.0,0.7622821429721981,0.23771785702780193
7379,YPL220W YNR049C,0.0,NA,6.925716297701001e-05,2850,23661,7380,0,0.3018500486854917,0.10750254611293425,1.0,0.7622499275152218,0.2377500724847782
7380,YDR412W YEL060C,0.0,NA,6.932951509952545e-05,2850,23660,7381,0,0.301879555044112,0.10750660128253489,1.0,0.7622177120582455,0.23778228794175446
7381,YNL330C YGL232W,0.0,NA,6.936925638001412e-05,2850,23659,7382,0,0.30190906140273227,0.10751065675808216,1.0,0.7621854966012693,0.2378145033987307
7382,YOR056C YNR075W,0.0,NA,6.93705806042999e-05,2850,23658,7383,0,0.3019385677613526,0.10751471253961069,1.0,0.762153281144293,0.23784671885570696
7383,YJL106W YFR025C,0.0,NA,6.940267485333607e-05,2850,23657,7384,0,0.30196807411997284,0.10751876862715509,1.0,0.7621210656873167,0.23787893431268323
7384,YJR063W YKR086W,0.0,NA,6.950466922717169e-05,2850,23656,7385,0,0.30199758047859315,0.10752282502075002,1.0,0.7620888502303406,0.2379111497696595
7385,YNL102W YDR245W,0.0,NA,6.951249088160694e-05,2850,23655,7386,0,0.3020270868372134,0.10752688172043011,1.0,0.7620566347733643,0.23794336522663573
7386,YPL117C YOR362C,0.0,NA,6.953549745958298e-05,2850,23654,7387,0,0.3020565931958337,0.10753093872623,1.0,0.762024419316388,0.237975580683612
7387,YML015C YFL041W,0.0,NA,6.956063589313999e-05,2850,23653,7388,0,0.302086099554454,0.10753499603818435,1.0,0.7619922038594118,0.23800779614058826
7388,YPR132W YNL201C,0.0,NA,6.976710574235767e-05,2850,23652,7389,0,0.3021156059130743,0.10753905365632782,1.0,0.7619599884024355,0.23804001159756452
7389,YBR131W YHR039C,0.0,NA,6.979984027566388e-05,2850,23651,7390,0,0.30214511227169455,0.10754311158069507,1.0,0.7619277729454592,0.23807222705454076
7390,YOR202W YER038C,0.0,NA,6.980057514738292e-05,2850,23650,7391,0,0.3021746186303148,0.10754716981132076,1.0,0.7618955574884829,0.23810444251151702
7391,YKL104C YEL034W,0.0,NA,6.980237230891362e-05,2850,23649,7392,0,0.3022041249889351,0.10755122834823956,1.0,0.7618633420315067,0.2381366579684933
7392,YHR158C YPL274W,0.0,NA,6.984325591474771e-05,2850,23648,7393,0,0.3022336313475554,0.10755528719148615,1.0,0.7618311265745304,0.23816887342546955
7393,YLR449W YAL047C,0.0,NA,6.98653093422763e-05,2850,23647,7394,0,0.3022631377061757,0.10755934634109522,1.0,0.7617989111175542,0.2382010888824458
7394,YGR249W YDR378C,0.0,NA,6.990902329562232e-05,2850,23646,7395,0,0.30229264406479595,0.10756340579710146,1.0,0.761766695660578,0.23823330433942205
7395,YBR161W YKR082W,0.0,NA,6.994637078605592e-05,2850,23645,7396,0,0.30232215042341626,0.10756746555953954,1.0,0.7617344802036017,0.23826551979639832
7396,YLR332W YNR047W,0.0,NA,6.996124284341931e-05,2850,23644,7397,0,0.3023516567820365,0.10757152562844417,1.0,0.7617022647466254,0.23829773525337458
7397,YPR001W YKL216W,0.0,NA,7.012649439275265e-05,2850,23643,7398,0,0.30238116314065683,0.10757558600385007,1.0,0.7616700492896492,0.23832995071035082
7398,YBR040W YMR081C,0.0,NA,7.016844028839841e-05,2850,23642,7399,0,0.3024106694992771,0.10757964668579194,1.0,0.7616378338326729,0.23836216616732708
7399,YER014C-A YDR354W,0.0,NA,7.021315104793757e-05,2850,23641,7400,0,0.3024401758578974,0.10758370767430447,1.0,0.7616056183756966,0.23839438162430335
7400,YBR252W YBR020W,0.0,NA,7.040805940050632e-05,2850,23640,7401,0,0.30246968221651765,0.10758776896942242,1.0,0.7615734029187204,0.23842659708127958
7401,YPR040W YBR021W,0.0,NA,7.041154458420351e-05,2850,23639,7402,0,0.30249918857513797,0.10759183057118049,1.0,0.7615411874617442,0.23845881253825585
7402,YOR254C YJR036C,0.0,NA,7.05512793501839e-05,2850,23638,7403,0,0.3025286949337582,0.1075958924796134,1.0,0.7615089720047679,0.2384910279952321
7403,YIL097W YDR478W,0.0,NA,7.059631025185809e-05,2850,23637,7404,0,0.3025582012923785,0.10759995469475592,1.0,0.7614767565477917,0.23852324345220838
7404,YGR274C YGL006W,0.0,NA,7.064647797960788e-05,2850,23636,7405,0,0.3025877076509988,0.10760401721664276,1.0,0.7614445410908154,0.23855545890918461
7405,YGR177C YKL046C,0.0,NA,7.067026308504865e-05,2850,23635,7406,0,0.30261721400961905,0.10760808004530867,1.0,0.7614123256338391,0.23858767436616088
7406,YGL216W YGL121C,0.0,NA,7.069655111990869e-05,2850,23634,7407,0,0.30264672036823936,0.1076121431807884,1.0,0.7613801101768629,0.23861988982313714
7407,YMR263W YNR043W,0.0,NA,7.07401122781448e-05,2850,23633,7408,0,0.3026762267268596,0.10761620662311672,1.0,0.7613478947198866,0.2386521052801134
7408,YOR196C YJL186W,0.0,NA,7.074105815263465e-05,2850,23632,7409,0,0.30270573308547993,0.10762027037232838,1.0,0.7613156792629103,0.23868432073708964
7409,YGL186C YKL079W,0.0,NA,7.074699533404782e-05,2850,23631,7410,0,0.3027352394441002,0.10762433442845815,1.0,0.761283463805934,0.2387165361940659
7410,YDL209C YOR288C,0.0,NA,7.087245467118919e-05,2850,23630,7411,0,0.3027647458027205,0.10762839879154079,1.0,0.7612512483489579,0.23874875165104217
7411,YPR125W YCL044C,0.0,NA,7.08739462425001e-05,2850,23629,7412,0,0.30279425216134076,0.1076324634616111,1.0,0.7612190328919816,0.23878096710801844
7412,YAL043C YLR170C,0.0,NA,7.088529673637822e-05,2850,23628,7413,0,0.3028237585199611,0.10763652843870383,1.0,0.7611868174350053,0.23881318256499467
7413,YNL318C YHR108W,0.0,NA,7.099990034475923e-05,2850,23627,7414,0,0.30285326487858133,0.1076405937228538,1.0,0.7611546019780291,0.23884539802197094
7414,YML036W YFR030W,0.0,NA,7.108254794729874e-05,2850,23626,7415,0,0.30288277123720164,0.10764465931409578,1.0,0.7611223865210528,0.2388776134789472
7415,YKR025W YJL190C,0.0,NA,7.10883759893477e-05,2850,23625,7416,0,0.3029122775958219,0.10764872521246459,1.0,0.7610901710640765,0.23890982893592347
7416,YDR142C YBR008C,0.0,NA,7.111427839845419e-05,2850,23624,7417,0,0.30294178395444216,0.10765279141799501,1.0,0.7610579556071003,0.2389420443928997
7417,YIL007C YGR133W,0.0,NA,7.119828660506755e-05,2850,23623,7418,0,0.30297129031306247,0.10765685793072187,1.0,0.761025740150124,0.23897425984987597
7418,YPL265W YDR500C,0.0,NA,7.127015123842284e-05,2850,23622,7419,0,0.3030007966716827,0.10766092475067997,1.0,0.7609935246931477,0.23900647530685223
7419,YNL061W YLR088W,0.0,NA,7.12870096322149e-05,2850,23621,7420,0,0.30303030303030304,0.10766499187790413,1.0,0.7609613092361716,0.2390386907638285
7420,YPL258C YDL125C,0.0,NA,7.130835729185492e-05,2850,23620,7421,0,0.3030598093889233,0.10766905931242916,1.0,0.7609290937791953,0.23907090622080474
7421,YDR480W YMR264W,0.0,NA,7.134475163184106e-05,2850,23619,7422,0,0.3030893157475436,0.10767312705428993,1.0,0.760896878322219,0.239103121677781
7422,YGL064C YER190W,0.0,NA,7.136196654755622e-05,2850,23618,7423,0,0.30311882210616387,0.10767719510352124,1.0,0.7608646628652428,0.23913533713475726
7423,YGR204W YEL044W,0.0,NA,7.142678077798337e-05,2850,23617,7424,0,0.3031483284647842,0.10768126346015794,1.0,0.7608324474082665,0.2391675525917335
7424,YDL184C YJL033W,0.0,NA,7.143236143747345e-05,2850,23616,7425,0,0.30317783482340444,0.10768533212423487,1.0,0.7608002319512902,0.23919976804870977
7425,YGR019W YLR452C,0.0,NA,7.1483947976958e-05,2850,23615,7426,0,0.30320734118202475,0.10768940109578688,1.0,0.760768016494314,0.23923198350568603
7426,YLL021W YMR065W,0.0,NA,7.150344754336402e-05,2850,23614,7427,0,0.303236847540645,0.10769347037484885,1.0,0.7607358010373377,0.2392641989626623
7427,YKL070W YJR063W,0.0,NA,7.150658348109573e-05,2850,23613,7428,0,0.3032663538992653,0.10769753996145562,1.0,0.7607035855803614,0.23929641441963853
7428,YNL061W YML007W,0.0,NA,7.156313949963078e-05,2850,23612,7429,0,0.3032958602578856,0.10770160985564205,1.0,0.7606713701233851,0.2393286298766148
7429,YDL122W YPL121C,0.0,NA,7.157118670875207e-05,2850,23611,7430,0,0.30332536661650583,0.10770568005744303,1.0,0.760639154666409,0.23936084533359106
7430,YLR100W YIL111W,0.0,NA,7.157548679970205e-05,2850,23610,7431,0,0.30335487297512614,0.10770975056689343,1.0,0.7606069392094327,0.23939306079056732
7431,YCR009C YLR043C,0.0,NA,7.158661173889413e-05,2850,23609,7432,0,0.3033843793337464,0.10771382138402812,1.0,0.7605747237524564,0.23942527624754356
7432,YMR013C YOL065C,0.0,NA,7.159193773986772e-05,2850,23608,7433,0,0.3034138856923667,0.107717892508882,1.0,0.7605425082954802,0.23945749170451983
7433,YBR247C YPR133C,0.0,NA,7.160600216593593e-05,2850,23607,7434,0,0.30344339205098697,0.10772196394148996,1.0,0.7605102928385039,0.2394897071614961
7434,YJR103W YLL011W,0.0,NA,7.165614078985527e-05,2850,23606,7435,0,0.3034728984096073,0.1077260356818869,1.0,0.7604780773815276,0.23952192261847235
7435,YOL101C YEL029C,0.0,NA,7.199608080554754e-05,2850,23605,7436,0,0.30350240476822754,0.10773010773010773,1.0,0.7604458619245514,0.2395541380754486
7436,YLR245C YHR129C,0.0,NA,7.200404070317745e-05,2850,23604,7437,0,0.30353191112684785,0.10773418008618735,1.0,0.7604136464675751,0.23958635353242486
7437,YCL052C YGL093W,0.0,NA,7.20100142643787e-05,2850,23603,7438,0,0.3035614174854681,0.10773825275016066,1.0,0.7603814310105989,0.23961856898940112
7438,YOR371C YDR311W,0.0,NA,7.205012661870569e-05,2850,23602,7439,0,0.3035909238440884,0.1077423257220626,1.0,0.7603492155536227,0.23965078444637739
7439,YPR009W YDR058C,0.0,NA,7.205273868748918e-05,2850,23601,7440,0,0.3036204302027087,0.10774639900192809,1.0,0.7603170000966464,0.23968299990335362
7440,YHR072W YPR129W,0.0,NA,7.206016016425565e-05,2850,23600,7441,0,0.303649936561329,0.10775047258979206,1.0,0.7602847846396701,0.2397152153603299
7441,YPL121C YOR058C,0.0,NA,7.212107448140159e-05,2850,23599,7442,0,0.30367944291994925,0.10775454648568944,1.0,0.7602525691826939,0.23974743081730615
7442,YLL039C YPL180W,0.0,NA,7.226467278087512e-05,2850,23598,7443,0,0.3037089492785695,0.10775862068965517,1.0,0.7602203537257176,0.2397796462742824
7443,YOR321W YJR076C,0.0,NA,7.253082003444433e-05,2850,23597,7444,0,0.3037384556371898,0.1077626952017242,1.0,0.7601881382687413,0.23981186173125865
7444,YML102W YDR437W,0.0,NA,7.25775898899883e-05,2850,23596,7445,0,0.3037679619958101,0.10776677002193148,1.0,0.7601559228117651,0.23984407718823492
7445,YGR063C YDR299W,0.0,NA,7.257918332470581e-05,2850,23595,7446,0,0.3037974683544304,0.10777084515031196,1.0,0.7601237073547888,0.23987629264521118
7446,YJL205C YPL208W,0.0,NA,7.263831503223628e-05,2850,23594,7447,0,0.30382697471305065,0.10777492058690062,1.0,0.7600914918978126,0.23990850810218742
7447,YBR080C YFR046C,0.0,NA,7.266803731909022e-05,2850,23593,7448,0,0.30385648107167096,0.10777899633173241,1.0,0.7600592764408363,0.23994072355916368
7448,YOR028C YDL024C,0.0,NA,7.268591434694827e-05,2850,23592,7449,0,0.3038859874302912,0.10778307238484229,1.0,0.7600270609838601,0.23997293901613995
7449,YBL024W YDL002C,0.0,NA,7.271420327015221e-05,2850,23591,7450,0,0.30391549378891153,0.10778714874626527,1.0,0.7599948455268838,0.2400051544731162
7450,YLR363C YLR035C,0.0,NA,7.279989222297445e-05,2850,23590,7451,0,0.3039450001475318,0.10779122541603631,1.0,0.7599626300699075,0.24003736993009245
7451,YCR067C YDR144C,0.0,NA,7.286461914191023e-05,2850,23589,7452,0,0.3039745065061521,0.1077953023941904,1.0,0.7599304146129313,0.2400695853870687
7452,YOR163W YNL221C,0.0,NA,7.288894266821444e-05,2850,23588,7453,0,0.30400401286477235,0.10779937968076254,1.0,0.759898199155955,0.24010180084404498
7453,YOL032W YMR139W,0.0,NA,7.29287785361521e-05,2850,23587,7454,0,0.30403351922339267,0.10780345727578772,1.0,0.7598659836989787,0.24013401630102124
7454,YBR123C YOL040C,0.0,NA,7.29449893697165e-05,2850,23586,7455,0,0.3040630255820129,0.10780753517930096,1.0,0.7598337682420025,0.24016623175799748
7455,YBR216C YCL037C,0.0,NA,7.298701530089602e-05,2850,23585,7456,0,0.3040925319406332,0.10781161339133724,1.0,0.7598015527850263,0.24019844721497374
7456,YGR013W YGL229C,0.0,NA,7.298979471670464e-05,2850,23584,7457,0,0.3041220382992535,0.1078156919119316,1.0,0.75976933732805,0.24023066267195
7457,YER131W YKL186C,0.0,NA,7.303198799490929e-05,2850,23583,7458,0,0.30415154465787375,0.10781977074111905,1.0,0.7597371218710738,0.24026287812892627
7458,YHR171W YDR050C,0.0,NA,7.305246981559321e-05,2850,23582,7459,0,0.30418105101649406,0.10782384987893462,1.0,0.7597049064140975,0.2402950935859025
7459,YMR261C YPR162C,0.0,NA,7.305274630198255e-05,2850,23581,7460,0,0.3042105573751143,0.10782792932541334,1.0,0.7596726909571212,0.24032730904287877
7460,YDL220C YJL129C,0.0,NA,7.318054849747568e-05,2850,23580,7461,0,0.30424006373373463,0.10783200908059024,1.0,0.759640475500145,0.24035952449985504
7461,YKR068C YLR381W,0.0,NA,7.320030272239819e-05,2850,23579,7462,0,0.3042695700923549,0.10783608914450037,1.0,0.7596082600431687,0.24039173995683127
7462,YGR004W YNR054C,0.0,NA,7.322355668293312e-05,2850,23578,7463,0,0.3042990764509752,0.10784016951717874,1.0,0.7595760445861924,0.24042395541380754
7463,YBL024W YHL036W,0.0,NA,7.322376768570393e-05,2850,23577,7464,0,0.30432858280959546,0.10784425019866047,1.0,0.7595438291292163,0.2404561708707838
7464,YHR028C YLR070C,0.0,NA,7.330075459321961e-05,2850,23576,7465,0,0.3043580891682158,0.10784833118898055,1.0,0.75951161367224,0.24048838632776007
7465,YLR397C YAL003W,0.0,NA,7.341022865148261e-05,2850,23575,7466,0,0.30438759552683603,0.10785241248817408,1.0,0.7594793982152637,0.2405206017847363
7466,YGR212W YDR244W,0.0,NA,7.343052857322618e-05,2850,23574,7467,0,0.30441710188545634,0.10785649409627611,1.0,0.7594471827582874,0.24055281724171257
7467,YAR050W YFL048C,0.0,NA,7.348944200202823e-05,2850,23573,7468,0,0.3044466082440766,0.10786057601332173,1.0,0.7594149673013112,0.24058503269868883
7468,YLR265C YNL175C,0.0,NA,7.35595531295985e-05,2850,23572,7469,0,0.30447611460269686,0.107864658239346,1.0,0.7593827518443349,0.2406172481556651
7469,YDR082W YMR198W,0.0,NA,7.358516450040042e-05,2850,23571,7470,0,0.30450562096131717,0.107868740774384,1.0,0.7593505363873586,0.24064946361264133
7470,YLR376C YPR168W,0.0,NA,7.363114127656445e-05,2850,23570,7471,0,0.3045351273199374,0.10787282361847085,1.0,0.7593183209303824,0.2406816790696176
7471,YIL132C YDL214C,0.0,NA,7.37859882065095e-05,2850,23569,7472,0,0.30456463367855774,0.10787690677164162,1.0,0.7592861054734061,0.24071389452659386
7472,YNR075W YAL007C,0.0,NA,7.381983596133068e-05,2850,23568,7473,0,0.304594140037178,0.10788099023393141,1.0,0.7592538900164298,0.24074610998357013
7473,YHL011C YML022W,0.0,NA,7.385941717075184e-05,2850,23567,7474,0,0.3046236463957983,0.10788507400537532,1.0,0.7592216745594537,0.24077832544054636
7474,YOL149W YCR091W,0.0,NA,7.392924453597516e-05,2850,23566,7475,0,0.30465315275441857,0.10788915808600848,1.0,0.7591894591024774,0.24081054089752263
7475,YOR293W YPL010W,0.0,NA,7.39889801479876e-05,2850,23565,7476,0,0.3046826591130389,0.10789324247586599,1.0,0.7591572436455011,0.2408427563544989
7476,YDR030C YPR129W,0.0,NA,7.399589958367869e-05,2850,23564,7477,0,0.30471216547165914,0.10789732717498296,1.0,0.7591250281885249,0.24087497181147516
7477,YHR092C YFR013W,0.0,NA,7.40270916139707e-05,2850,23563,7478,0,0.30474167183027945,0.10790141218339454,1.0,0.7590928127315486,0.2409071872684514
7478,YMR183C YGL238W,0.0,NA,7.405194628518075e-05,2850,23562,7479,0,0.3047711781888997,0.10790549750113584,1.0,0.7590605972745723,0.24093940272542766
7479,YLR244C YDR376W,0.0,NA,7.412570266751572e-05,2850,23561,7480,0,0.30480068454752,0.10790958312824202,1.0,0.7590283818175961,0.24097161818240392
7480,YOR127W YAL036C,0.0,NA,7.413121784338728e-05,2850,23560,7481,0,0.3048301909061403,0.1079136690647482,1.0,0.7589961663606198,0.2410038336393802
7481,YMR297W YJR094W-A,0.0,NA,7.438898319378495e-05,2850,23559,7482,0,0.30485969726476053,0.10791775531068953,1.0,0.7589639509036435,0.24103604909635643
7482,YBR267W YOL054W,0.0,NA,7.445363735314459e-05,2850,23558,7483,0,0.30488920362338084,0.10792184186610118,1.0,0.7589317354466674,0.2410682645533327
7483,YLR298C YPL011C,0.0,NA,7.4705109000206e-05,2850,23557,7484,0,0.3049187099820011,0.10792592873101829,1.0,0.7588995199896911,0.24110048001030895
7484,YML088W YGR227W,0.0,NA,7.472028664778918e-05,2850,23556,7485,0,0.3049482163406214,0.10793001590547603,1.0,0.7588673045327148,0.2411326954672852
7485,YHR191C YIL037C,0.0,NA,7.47250669519417e-05,2850,23555,7486,0,0.30497772269924167,0.10793410338950957,1.0,0.7588350890757385,0.24116491092426146
7486,YLR395C YDR113C,0.0,NA,7.47336889617145e-05,2850,23554,7487,0,0.305007229057862,0.10793819118315406,1.0,0.7588028736187623,0.24119712638123772
7487,YMR053C YLR051C,0.0,NA,7.487235416192561e-05,2850,23553,7488,0,0.30503673541648224,0.10794227928644472,1.0,0.758770658161786,0.24122934183821398
7488,YDL140C YLR360W,0.0,NA,7.488177652703598e-05,2850,23552,7489,0,0.30506624177510255,0.1079463676994167,1.0,0.7587384427048097,0.24126155729519022
7489,YER022W YLR153C,0.0,NA,7.495800673495978e-05,2850,23551,7490,0,0.3050957481337228,0.10795045642210523,1.0,0.7587062272478335,0.24129377275216649
7490,YKL092C YDL131W,0.0,NA,7.500284118577838e-05,2850,23550,7491,0,0.3051252544923431,0.10795454545454546,1.0,0.7586740117908573,0.24132598820914275
7491,YKR080W YOR168W,0.0,NA,7.505765097448602e-05,2850,23549,7492,0,0.3051547608509634,0.1079586347967726,1.0,0.758641796333881,0.24135820366611901
7492,YGR177C YML001W,0.0,NA,7.505836401833221e-05,2850,23548,7493,0,0.3051842672095837,0.10796272444882188,1.0,0.7586095808769048,0.24139041912309525
7493,YDR381W YML080W,0.0,NA,7.511507283197716e-05,2850,23547,7494,0,0.30521377356820395,0.10796681441072849,1.0,0.7585773654199285,0.24142263458007152
7494,YNL149C YDL217C,0.0,NA,7.513813761761412e-05,2850,23546,7495,0,0.3052432799268242,0.10797090468252765,1.0,0.7585451499629522,0.24145485003704778
7495,YGL076C YOR078W,0.0,NA,7.543672836618498e-05,2850,23545,7496,0,0.3052727862854445,0.1079749952642546,1.0,0.758512934505976,0.24148706549402404
7496,YER096W YFR004W,0.0,NA,7.549826113972813e-05,2850,23544,7497,0,0.3053022926440648,0.10797908615594454,1.0,0.7584807190489997,0.24151928095100028
7497,YPL147W YMR079W,0.0,NA,7.552951865363866e-05,2850,23543,7498,0,0.3053317990026851,0.1079831773576327,1.0,0.7584485035920234,0.24155149640797655
7498,YHR143W YDR260C,0.0,NA,7.55646760808304e-05,2850,23542,7499,0,0.30536130536130535,0.10798726886935435,1.0,0.7584162881350472,0.2415837118649528
7499,YNL096C YER124C,0.0,NA,7.557310163974762e-05,2850,23541,7500,0,0.30539081171992566,0.1079913606911447,1.0,0.758384072678071,0.24161592732192907
7500,YJL139C YHR167W,0.0,NA,7.561945676570758e-05,2850,23540,7501,0,0.3054203180785459,0.10799545282303903,1.0,0.7583518572210947,0.2416481427789053
7501,YLR420W YMR135C,0.0,NA,7.563518011011183e-05,2850,23539,7502,0,0.30544982443716623,0.10799954526507256,1.0,0.7583196417641185,0.24168035823588158
7502,YMR061W YBR217W,0.0,NA,7.564924453618005e-05,2850,23538,7503,0,0.3054793307957865,0.10800363801728058,1.0,0.7582874263071422,0.24171257369285784
7503,YNL248C YBR018C,0.0,NA,7.583262777188793e-05,2850,23537,7504,0,0.3055088371544068,0.10800773107969834,1.0,0.7582552108501659,0.24174478914983408
7504,YDR530C YGR179C,0.0,NA,7.589528104290366e-05,2850,23536,7505,0,0.30553834351302706,0.1080118244523611,1.0,0.7582229953931896,0.24177700460681034
7505,YGR089W YNL294C,0.0,NA,7.589803135488182e-05,2850,23535,7506,0,0.3055678498716473,0.10801591813530415,1.0,0.7581907799362134,0.2418092200637866
7506,YJR005W YOR261C,0.0,NA,7.592973997816443e-05,2850,23534,7507,0,0.3055973562302676,0.10802001212856277,1.0,0.7581585644792371,0.24184143552076287
7507,YDL238C YCR057C,0.0,NA,7.601493416586891e-05,2850,23533,7508,0,0.3056268625888879,0.10802410643217224,1.0,0.7581263490222608,0.2418736509777391
7508,YBR213W YGL162W,0.0,NA,7.602153345942497e-05,2850,23532,7509,0,0.3056563689475082,0.10802820104616784,1.0,0.7580941335652847,0.24190586643471537
7509,YAL043C YHR007C,0.0,NA,7.603305857628584e-05,2850,23531,7510,0,0.30568587530612845,0.10803229597058489,1.0,0.7580619181083084,0.24193808189169164
7510,YDR285W YNL032W,0.0,NA,7.604552956763655e-05,2850,23530,7511,0,0.30571538166474876,0.10803639120545869,1.0,0.7580297026513321,0.2419702973486679
7511,YPL192C YER089C,0.0,NA,7.605466817039996e-05,2850,23529,7512,0,0.305744888023369,0.10804048675082452,1.0,0.7579974871943559,0.24200251280564414
7512,YJL129C YMR135C,0.0,NA,7.610023021697998e-05,2850,23528,7513,0,0.30577439438198933,0.10804458260671772,1.0,0.7579652717373796,0.2420347282626204
7513,YPL224C YPL126W,0.0,NA,7.612635818077251e-05,2850,23527,7514,0,0.3058039007406096,0.1080486787731736,1.0,0.7579330562804033,0.24206694371959667
7514,YBR111W-A YMR097C,0.0,NA,7.61586707085371e-05,2850,23526,7515,0,0.3058334070992299,0.10805277525022748,1.0,0.7579008408234271,0.24209915917657293
7515,YGL033W YHR152W,0.0,NA,7.616135553689674e-05,2850,23525,7516,0,0.30586291345785016,0.1080568720379147,1.0,0.7578686253664508,0.24213137463354917
7516,YAL058W YJL006C,0.0,NA,7.616469520144165e-05,2850,23524,7517,0,0.3058924198164705,0.10806096913627057,1.0,0.7578364099094745,0.24216359009052543
7517,YNL223W YMR006C,0.0,NA,7.61880146455951e-05,2850,23523,7518,0,0.30592192617509073,0.10806506654533045,1.0,0.7578041944524984,0.2421958055475017
7518,YNL132W YOR063W,0.0,NA,7.619491952937096e-05,2850,23522,7519,0,0.305951432533711,0.10806916426512968,1.0,0.7577719789955221,0.24222802100447796
7519,YDR078C YOL143C,0.0,NA,7.631926564499736e-05,2850,23521,7520,0,0.3059809388923313,0.10807326229570362,1.0,0.7577397635385458,0.2422602364614542
7520,YGR261C YOR196C,0.0,NA,7.635348447365686e-05,2850,23520,7521,0,0.30601044525095156,0.1080773606370876,1.0,0.7577075480815695,0.24229245191843046
7521,YJR070C YKL067W,0.0,NA,7.647692109458148e-05,2850,23519,7522,0,0.30603995160957187,0.108081459289317,1.0,0.7576753326245933,0.24232466737540673
7522,YBR084W YDR512C,0.0,NA,7.651127816643566e-05,2850,23518,7523,0,0.3060694579681921,0.10808555825242719,1.0,0.757643117167617,0.24235688283238296
7523,YJR084W YNL067W,0.0,NA,7.656536035938188e-05,2850,23517,7524,0,0.30609896432681244,0.10808965752645353,1.0,0.7576109017106407,0.24238909828935923
7524,YJL031C YDR294C,0.0,NA,7.660457777092233e-05,2850,23516,7525,0,0.3061284706854327,0.10809375711143139,1.0,0.7575786862536645,0.2424213137463355
7525,YDL093W YLR029C,0.0,NA,7.660852133994922e-05,2850,23515,7526,0,0.306157977044053,0.10809785700739617,1.0,0.7575464707966882,0.24245352920331176
7526,YFR002W YOR014W,0.0,NA,7.674562220927328e-05,2850,23514,7527,0,0.30618748340267327,0.10810195721438325,1.0,0.757514255339712,0.242485744660288
7527,YBL009W YOR143C,0.0,NA,7.67619494581595e-05,2850,23513,7528,0,0.3062169897612936,0.10810605773242803,1.0,0.7574820398827358,0.24251796011726426
7528,YML035C YDL222C,0.0,NA,7.680104317842051e-05,2850,23512,7529,0,0.30624649611991384,0.10811015856156589,1.0,0.7574498244257595,0.24255017557424052
7529,YCL016C YGL144C,0.0,NA,7.681188435526565e-05,2850,23511,7530,0,0.30627600247853415,0.10811425970183225,1.0,0.7574176089687832,0.2425823910312168
7530,YLL048C YBR161W,0.0,NA,7.692175859119743e-05,2850,23510,7531,0,0.3063055088371544,0.10811836115326252,1.0,0.757385393511807,0.24261460648819302
7531,YEL019C YPL237W,0.0,NA,7.694333180552348e-05,2850,23509,7532,0,0.30633501519577466,0.1081224629158921,1.0,0.7573531780548307,0.2426468219451693
7532,YLR134W YIL162W,0.0,NA,7.694333180552348e-05,2850,23508,7533,0,0.306364521554395,0.10812656498975642,1.0,0.7573209625978544,0.24267903740214555
7533,YOR132W YJR063W,0.0,NA,7.698479748796672e-05,2850,23507,7534,0,0.30639402791301523,0.10813066737489092,1.0,0.7572887471408782,0.24271125285912182
7534,YBR036C YBL093C,0.0,NA,7.701196591369808e-05,2850,23506,7535,0,0.30642353427163554,0.108134770071331,1.0,0.757256531683902,0.24274346831609805
7535,YDR180W YER131W,0.0,NA,7.70271653891541e-05,2850,23505,7536,0,0.3064530406302558,0.10813887307911212,1.0,0.7572243162269257,0.24277568377307432
7536,YAL026C YIL150C,0.0,NA,7.73093051975593e-05,2850,23504,7537,0,0.3064825469888761,0.10814297639826971,1.0,0.7571921007699495,0.24280789923005058
7537,YGR092W YJL071W,0.0,NA,7.736786210443825e-05,2850,23503,7538,0,0.30651205334749637,0.10814708002883922,1.0,0.7571598853129732,0.24284011468702685
7538,YGR296W YER090W,0.0,NA,7.73869760450907e-05,2850,23502,7539,0,0.3065415597061167,0.1081511839708561,1.0,0.7571276698559969,0.24287233014400308
7539,YLR131C YIR026C,0.0,NA,7.756021659588441e-05,2850,23501,7540,0,0.30657106606473694,0.10815528822435581,1.0,0.7570954543990206,0.24290454560097935
7540,YLR277C YKR003W,0.0,NA,7.763139728922397e-05,2850,23500,7541,0,0.30660057242335725,0.10815939278937381,1.0,0.7570632389420444,0.2429367610579556
7541,YCR009C YBR103W,0.0,NA,7.769242802169174e-05,2850,23499,7542,0,0.3066300787819775,0.10816349766594557,1.0,0.7570310234850681,0.24296897651493188
7542,YDR368W YPL115C,0.0,NA,7.791574898874387e-05,2850,23498,7543,0,0.3066595851405978,0.10816760285410658,1.0,0.7569988080280918,0.24300119197190811
7543,YKR034W YNL332W,0.0,NA,7.793752592988312e-05,2850,23497,7544,0,0.3066890914992181,0.10817170835389228,1.0,0.7569665925711156,0.24303340742888438
7544,YDR035W YPR031W,0.0,NA,7.813919364707544e-05,2850,23496,7545,0,0.30671859785783834,0.1081758141653382,1.0,0.7569343771141394,0.24306562288586064
7545,YIL119C YML001W,0.0,NA,7.830665708752349e-05,2850,23495,7546,0,0.30674810421645865,0.10817992028847978,1.0,0.7569021616571631,0.24309783834283688
7546,YNL292W YDL113C,0.0,NA,7.831591210560873e-05,2850,23494,7547,0,0.3067776105750789,0.10818402672335256,1.0,0.7568699462001869,0.24313005379981315
7547,YGL011C YEL066W,0.0,NA,7.832577102817595e-05,2850,23493,7548,0,0.3068071169336992,0.10818813346999202,1.0,0.7568377307432106,0.2431622692567894
7548,YGL224C YHR208W,0.0,NA,7.837994053261355e-05,2850,23492,7549,0,0.3068366232923195,0.10819224052843368,1.0,0.7568055152862343,0.24319448471376567
7549,YJR160C YNL221C,0.0,NA,7.848248787922785e-05,2850,23491,7550,0,0.3068661296509398,0.10819634789871303,1.0,0.7567732998292581,0.2432267001707419
7550,YDR423C YDR046C,0.0,NA,7.849565736250952e-05,2850,23490,7551,0,0.30689563600956005,0.1082004555808656,1.0,0.7567410843722818,0.24325891562771818
7551,YLR368W YCL044C,0.0,NA,7.850007386878133e-05,2850,23489,7552,0,0.30692514236818036,0.10820456357492692,1.0,0.7567088689153055,0.24329113108469444
7552,YER035W YOL130W,0.0,NA,7.854552677599713e-05,2850,23488,7553,0,0.3069546487268006,0.1082086718809325,1.0,0.7566766534583294,0.2433233465416707
7553,YCR094W YIR019C,0.0,NA,7.856987213017419e-05,2850,23487,7554,0,0.30698415508542093,0.10821278049891787,1.0,0.7566444380013531,0.24335556199864694
7554,YJR078W YPL237W,0.0,NA,7.857609307393432e-05,2850,23486,7555,0,0.3070136614440412,0.10821688942891859,1.0,0.7566122225443768,0.2433877774556232
7555,YDL046W YJR010C-A,0.0,NA,7.86431846790947e-05,2850,23485,7556,0,0.3070431678026615,0.1082209986709702,1.0,0.7565800070874006,0.24341999291259947
7556,YLR068W YGL162W,0.0,NA,7.864970393711701e-05,2850,23484,7557,0,0.30707267416128176,0.10822510822510822,1.0,0.7565477916304243,0.24345220836957573
7557,YBR034C YLR250W,0.0,NA,7.872519199736416e-05,2850,23483,7558,0,0.307102180519902,0.10822921809136825,1.0,0.756515576173448,0.24348442382655197
7558,YOR165W YPL085W,0.0,NA,7.874050788814202e-05,2850,23482,7559,0,0.3071316868785223,0.10823332826978581,1.0,0.7564833607164717,0.24351663928352824
7559,YOR241W YDL013W,0.0,NA,7.874606671975926e-05,2850,23481,7560,0,0.3071611932371426,0.10823743876039649,1.0,0.7564511452594955,0.2435488547405045
7560,YGR268C YHR046C,0.0,NA,7.876934250816703e-05,2850,23480,7561,0,0.3071906995957629,0.10824154956323585,1.0,0.7564189298025192,0.24358107019748076
7561,YBR216C YBR257W,0.0,NA,7.887352694524452e-05,2850,23479,7562,0,0.30722020595438315,0.10824566067833948,1.0,0.7563867143455429,0.243613285654457
7562,YPL038W YER075C,0.0,NA,7.895088492659852e-05,2850,23478,7563,0,0.30724971231300346,0.10824977210574294,1.0,0.7563544988885668,0.24364550111143327
7563,YMR309C YBR038W,0.0,NA,7.901075878180563e-05,2850,23477,7564,0,0.3072792186716237,0.10825388384548182,1.0,0.7563222834315905,0.24367771656840953
7564,YMR184W YBL087C,0.0,NA,7.91591010056436e-05,2850,23476,7565,0,0.30730872503024403,0.10825799589759173,1.0,0.7562900679746142,0.24370993202538577
7565,YDR207C YOR167C,0.0,NA,7.920349889900535e-05,2850,23475,7566,0,0.3073382313888643,0.10826210826210826,1.0,0.756257852517638,0.24374214748236203
7566,YIR033W YBR299W,0.0,NA,7.937112241052091e-05,2850,23474,7567,0,0.3073677377474846,0.10826622093906701,1.0,0.7562256370606617,0.2437743629393383
7567,YKL055C YOR275C,0.0,NA,7.941177318571135e-05,2850,23473,7568,0,0.30739724410610486,0.10827033392850359,1.0,0.7561934216036854,0.24380657839631456
7568,YGR041W YAR007C,0.0,NA,7.947102130856365e-05,2850,23472,7569,0,0.3074267504647252,0.10827444723045361,1.0,0.7561612061467092,0.2438387938532908
7569,YGR238C YHL040C,0.0,NA,7.952484884299338e-05,2850,23471,7570,0,0.30745625682334543,0.1082785608449527,1.0,0.7561289906897329,0.24387100931026706
7570,YDR277C YDR017C,0.0,NA,7.963943062350154e-05,2850,23470,7571,0,0.3074857631819657,0.10828267477203647,1.0,0.7560967752327566,0.24390322476724333
7571,YHL033C YHR183W,0.0,NA,7.980249938555062e-05,2850,23469,7572,0,0.307515269540586,0.10828678901174056,1.0,0.7560645597757805,0.2439354402242196
7572,YNL214W YJL178C,0.0,NA,7.982677925610915e-05,2850,23468,7573,0,0.30754477589920626,0.10829090356410062,1.0,0.7560323443188042,0.24396765568119583
7573,YHR067W YML042W,0.0,NA,7.9855635704007e-05,2850,23467,7574,0,0.30757428225782657,0.10829501842915226,1.0,0.7560001288618279,0.2439998711381721
7574,YNL286W YGR048W,0.0,NA,7.98784094513394e-05,2850,23466,7575,0,0.3076037886164468,0.10829913360693115,1.0,0.7559679134048517,0.24403208659514836
7575,YNL052W YHR028C,0.0,NA,7.99860354163684e-05,2850,23465,7576,0,0.30763329497506714,0.10830324909747292,1.0,0.7559356979478754,0.24406430205212462
7576,YOR192C YPL223C,0.0,NA,8.02072390797548e-05,2850,23464,7577,0,0.3076628013336874,0.10830736490081326,1.0,0.7559034824908991,0.24409651750910086
7577,YPL212C YER026C,0.0,NA,8.021931716939434e-05,2850,23463,7578,0,0.3076923076923077,0.1083114810169878,1.0,0.7558712670339228,0.24412873296607712
7578,YGL094C YPL256C,0.0,NA,8.027058356674388e-05,2850,23462,7579,0,0.30772181405092797,0.10831559744603222,1.0,0.7558390515769466,0.2441609484230534
7579,YGR163W YGL248W,0.0,NA,8.038456871872768e-05,2850,23461,7580,0,0.3077513204095483,0.10831971418798221,1.0,0.7558068361199703,0.24419316388002965
7580,YMR168C YAR031W,0.0,NA,8.043632988119498e-05,2850,23460,7581,0,0.30778082676816854,0.10832383124287344,1.0,0.7557746206629941,0.2442253793370059
7581,YJR042W YLL060C,0.0,NA,8.046179573284462e-05,2850,23459,7582,0,0.30781033312678885,0.10832794861074158,1.0,0.7557424052060179,0.24425759479398215
7582,YFL024C YBL004W,0.0,NA,8.054762292886153e-05,2850,23458,7583,0,0.3078398394854091,0.10833206629162231,1.0,0.7557101897490416,0.24428981025095842
7583,YMR318C YGR234W,0.0,NA,8.056606020545587e-05,2850,23457,7584,0,0.30786934584402936,0.10833618428555138,1.0,0.7556779742920653,0.24432202570793465
7584,YDR312W YHR007C,0.0,NA,8.056875230977312e-05,2850,23456,7585,0,0.3078988522026497,0.10834030259256443,1.0,0.7556457588350891,0.24435424116491092
7585,YPL089C YDL076C,0.0,NA,8.057735249167308e-05,2850,23455,7586,0,0.30792835856126993,0.1083444212126972,1.0,0.7556135433781128,0.24438645662188718
7586,YGR134W YCR038C,0.0,NA,8.065792644629255e-05,2850,23454,7587,0,0.30795786491989025,0.1083485401459854,1.0,0.7555813279211365,0.24441867207886345
7587,YPL019C YGR274C,0.0,NA,8.072232594713569e-05,2850,23453,7588,0,0.3079873712785105,0.10835265939246473,1.0,0.7555491124641603,0.24445088753583968
7588,YDL214C YER011W,0.0,NA,8.073841308942065e-05,2850,23452,7589,0,0.3080168776371308,0.10835677895217094,1.0,0.755516897007184,0.24448310299281595
7589,YDL061C YNL220W,0.0,NA,8.074904326349497e-05,2850,23451,7590,0,0.30804638399575107,0.10836089882513973,1.0,0.7554846815502078,0.2445153184497922
7590,YOR014W YOR043W,0.0,NA,8.087750757113099e-05,2850,23450,7591,0,0.3080758903543714,0.10836501901140684,1.0,0.7554524660932316,0.24454753390676848
7591,YGR281W YKL034W,0.0,NA,8.114177762763575e-05,2850,23449,7592,0,0.30810539671299164,0.10836913951100802,1.0,0.7554202506362553,0.24457974936374471
7592,YDR086C YLR186W,0.0,NA,8.11678619356826e-05,2850,23448,7593,0,0.30813490307161195,0.10837326032397901,1.0,0.755388035179279,0.24461196482072098
7593,YDL143W YNL332W,0.0,NA,8.120014535961673e-05,2850,23447,7594,0,0.3081644094302322,0.10837738145035555,1.0,0.7553558197223028,0.24464418027769724
7594,YGR154C YGL029W,0.0,NA,8.123220322886482e-05,2850,23446,7595,0,0.3081939157888525,0.10838150289017341,1.0,0.7553236042653265,0.2446763957346735
7595,YMR183C YJL146W,0.0,NA,8.129373600240797e-05,2850,23445,7596,0,0.3082234221474728,0.10838562464346833,1.0,0.7552913888083502,0.24470861119164974
7596,YGR251W YOR210W,0.0,NA,8.130141213769093e-05,2850,23444,7597,0,0.30825292850609304,0.10838974671027611,1.0,0.7552591733513739,0.244740826648626
7597,YBR173C YHR185C,0.0,NA,8.130753121804446e-05,2850,23443,7598,0,0.30828243486471335,0.10839386909063249,1.0,0.7552269578943978,0.24477304210560227
7598,YKL135C YBR018C,0.0,NA,8.141771104419604e-05,2850,23442,7599,0,0.3083119412233336,0.10839799178457325,1.0,0.7551947424374215,0.24480525756257854
7599,YPR191W YGR096W,0.0,NA,8.143176091834903e-05,2850,23441,7600,0,0.3083414475819539,0.10840211479213419,1.0,0.7551625269804452,0.24483747301955477
7600,YOR208W YOL104C,0.0,NA,8.144519961206242e-05,2850,23440,7601,0,0.3083709539405742,0.10840623811335108,1.0,0.755130311523469,0.24486968847653104
7601,YCL031C YPL224C,0.0,NA,8.16279134596698e-05,2850,23439,7602,0,0.3084004602991945,0.10841036174825973,1.0,0.7550980960664927,0.2449019039335073
7602,YJL019W YEL040W,0.0,NA,8.19289343780838e-05,2850,23438,7603,0,0.30842996665781475,0.10841448569689592,1.0,0.7550658806095164,0.24493411939048357
7603,YJL083W YPL223C,0.0,NA,8.192971290554851e-05,2850,23437,7604,0,0.30845947301643506,0.10841860995929548,1.0,0.7550336651525402,0.2449663348474598
7604,YML116W YDR466W,0.0,NA,8.195073314709589e-05,2850,23436,7605,0,0.3084889793750553,0.10842273453549418,1.0,0.7550014496955639,0.24499855030443607
7605,YNL097C YPL082C,0.0,NA,8.200162119464949e-05,2850,23435,7606,0,0.30851848573367563,0.10842685942552786,1.0,0.7549692342385876,0.24503076576141233
7606,YGR116W YPL148C,0.0,NA,8.206546044675633e-05,2850,23434,7607,0,0.3085479920922959,0.10843098462943235,1.0,0.7549370187816115,0.24506298121838857
7607,YNR058W YHR176W,0.0,NA,8.215589332394302e-05,2850,23433,7608,0,0.3085774984509162,0.10843511014724347,1.0,0.7549048033246352,0.24509519667536483
7608,YOL101C YMR290C,0.0,NA,8.218621951527894e-05,2850,23432,7609,0,0.30860700480953646,0.10843923597899703,1.0,0.7548725878676589,0.2451274121323411
7609,YGR271W YKL079W,0.0,NA,8.222588803619146e-05,2850,23431,7610,0,0.3086365111681567,0.1084433621247289,1.0,0.7548403724106827,0.24515962758931736
7610,YJR068W YGR262C,0.0,NA,8.228722435887903e-05,2850,23430,7611,0,0.308666017526777,0.10844748858447488,1.0,0.7548081569537064,0.2451918430462936
7611,YMR306W YDR461W,0.0,NA,8.230339153669775e-05,2850,23429,7612,0,0.3086955238853973,0.10845161535827086,1.0,0.7547759414967301,0.24522405850326986
7612,YDR113C YFR030W,0.0,NA,8.231218089349568e-05,2850,23428,7613,0,0.3087250302440176,0.10845574244615268,1.0,0.7547437260397539,0.24525627396024613
7613,YBR065C YPR187W,0.0,NA,8.235072891693562e-05,2850,23427,7614,0,0.30875453660263785,0.10845986984815618,1.0,0.7547115105827776,0.2452884894172224
7614,YOR032C YLL028W,0.0,NA,8.264534699264914e-05,2850,23426,7615,0,0.30878404296125816,0.10846399756431725,1.0,0.7546792951258013,0.24532070487419863
7615,YCL044C YIL065C,0.0,NA,8.271228580269963e-05,2850,23425,7616,0,0.3088135493198784,0.10846812559467174,1.0,0.754647079668825,0.2453529203311749
7616,YMR036C YPR194C,0.0,NA,8.274644642369822e-05,2850,23424,7617,0,0.30884305567849873,0.10847225393925554,1.0,0.7546148642118489,0.24538513578815116
7617,YFL034C-B YPR062W,0.0,NA,8.278495806735009e-05,2850,23423,7618,0,0.308872562037119,0.10847638259810452,1.0,0.7545826487548726,0.24541735124512742
7618,YML105C YPL120W,0.0,NA,8.28411866677925e-05,2850,23422,7619,0,0.3089020683957393,0.10848051157125457,1.0,0.7545504332978963,0.24544956670210366
7619,YKR104W YBR036C,0.0,NA,8.289350080303848e-05,2850,23421,7620,0,0.30893157475435956,0.10848464085874159,1.0,0.7545182178409201,0.24548178215907993
7620,YDR450W YPR069C,0.0,NA,8.2932245277334e-05,2850,23420,7621,0,0.3089610811129799,0.10848877046060144,1.0,0.7544860023839438,0.2455139976160562
7621,YLR060W YOR126C,0.0,NA,8.327165414812043e-05,2850,23419,7622,0,0.30899058747160013,0.10849290037687008,1.0,0.7544537869269675,0.24554621307303245
7622,YPL283C YJL184W,0.0,NA,8.327649265993387e-05,2850,23418,7623,0,0.3090200938302204,0.10849703060758337,1.0,0.7544215714699913,0.2455784285300087
7623,YIR019C YNL101W,0.0,NA,8.32787191029638e-05,2850,23417,7624,0,0.3090496001888407,0.10850116115277725,1.0,0.754389356013015,0.24561064398698496
7624,YNR059W YGL153W,0.0,NA,8.367657574126497e-05,2850,23416,7625,0,0.30907910654746096,0.10850529201248763,1.0,0.7543571405560388,0.24564285944396122
7625,YDR421W YGR063C,0.0,NA,8.380274812225252e-05,2850,23415,7626,0,0.30910861290608127,0.10850942318675043,1.0,0.7543249250990626,0.24567507490093746
7626,YBL021C YNL221C,0.0,NA,8.382823580177501e-05,2850,23414,7627,0,0.3091381192647015,0.10851355467560159,1.0,0.7542927096420863,0.24570729035791372
7627,YDL049C YAL042W,0.0,NA,8.394014730583876e-05,2850,23413,7628,0,0.30916762562332184,0.10851768647907703,1.0,0.75426049418511,0.24573950581488999
7628,YGR256W YNL241C,0.0,NA,8.395215991185978e-05,2850,23412,7629,0,0.3091971319819421,0.1085218185972127,1.0,0.7542282787281338,0.24577172127186625
7629,YIL030C YGL126W,0.0,NA,8.403970423387364e-05,2850,23411,7630,0,0.3092266383405624,0.10852595103004456,1.0,0.7541960632711575,0.2458039367288425
7630,YLR360W YOR054C,0.0,NA,8.404178515775129e-05,2850,23410,7631,0,0.30925614469918267,0.10853008377760853,1.0,0.7541638478141812,0.24583615218581875
7631,YNL182C YMR322C,0.0,NA,8.411643648287281e-05,2850,23409,7632,0,0.309285651057803,0.10853421683994059,1.0,0.754131632357205,0.24586836764279502
7632,YDR451C YBR021W,0.0,NA,8.422607788816094e-05,2850,23408,7633,0,0.30931515741642324,0.1085383502170767,1.0,0.7540994169002287,0.24590058309977128
7633,YNL074C YBL028C,0.0,NA,8.428488217759877e-05,2850,23407,7634,0,0.30934466377504355,0.10854248390905283,1.0,0.7540672014432525,0.24593279855674752
7634,YDR314C YOR324C,0.0,NA,8.450950554106385e-05,2850,23406,7635,0,0.3093741701336638,0.10854661791590493,1.0,0.7540349859862762,0.24596501401372378
7635,YNL068C YOR157C,0.0,NA,8.451475150650367e-05,2850,23405,7636,0,0.30940367649228406,0.10855075223766901,1.0,0.7540027705293,0.24599722947070005
7636,YLR223C YML060W,0.0,NA,8.454642374999821e-05,2850,23404,7637,0,0.3094331828509044,0.10855488687438104,1.0,0.7539705550723237,0.2460294449276763
7637,YLR378C YHR135C,0.0,NA,8.454925409751013e-05,2850,23403,7638,0,0.30946268920952463,0.10855902182607702,1.0,0.7539383396153474,0.24606166038465255
7638,YHR008C YKL114C,0.0,NA,8.465557766612619e-05,2850,23402,7639,0,0.30949219556814495,0.10856315709279293,1.0,0.7539061241583712,0.2460938758416288
7639,YIL047C YBL103C,0.0,NA,8.47360206535086e-05,2850,23401,7640,0,0.3095217019267652,0.10856729267456477,1.0,0.7538739087013949,0.24612609129860508
7640,YNR075W YNL222W,0.0,NA,8.473949856124818e-05,2850,23400,7641,0,0.3095512082853855,0.10857142857142857,1.0,0.7538416932444186,0.24615830675558134
7641,YPL194W YHR055C,0.0,NA,8.48537529236637e-05,2850,23399,7642,0,0.30958071464400577,0.10857556478342031,1.0,0.7538094777874425,0.24619052221255758
7642,YCR017C YNR026C,0.0,NA,8.497310773236677e-05,2850,23398,7643,0,0.3096102210026261,0.10857970131057604,1.0,0.7537772623304662,0.24622273766953384
7643,YDR346C YNR057C,0.0,NA,8.501249976688996e-05,2850,23397,7644,0,0.30963972736124634,0.10858383815293177,1.0,0.7537450468734899,0.2462549531265101
7644,YCR072C YAR035W,0.0,NA,8.502644777763635e-05,2850,23396,7645,0,0.30966923371986665,0.10858797531052351,1.0,0.7537128314165137,0.24628716858348634
7645,YIL009W YDR345C,0.0,NA,8.520411211065948e-05,2850,23395,7646,0,0.3096987400784869,0.10859211278338732,1.0,0.7536806159595374,0.2463193840404626
7646,YGL043W YLR022C,0.0,NA,8.530874765710905e-05,2850,23394,7647,0,0.3097282464371072,0.10859625057155921,1.0,0.7536484005025611,0.24635159949743887
7647,YML043C YBR176W,0.0,NA,8.538858674000949e-05,2850,23393,7648,0,0.3097577527957275,0.10860038867507525,1.0,0.7536161850455849,0.24638381495441514
7648,YGL094C YDR285W,0.0,NA,8.53984456625767e-05,2850,23392,7649,0,0.30978725915434774,0.10860452709397149,1.0,0.7535839695886086,0.24641603041139137
7649,YDR160W YLL036C,0.0,NA,8.573461673222482e-05,2850,23391,7650,0,0.30981676551296805,0.10860866582828398,1.0,0.7535517541316323,0.24644824586836764
7650,YER089C YML041C,0.0,NA,8.573608647566289e-05,2850,23390,7651,0,0.3098462718715883,0.10861280487804878,1.0,0.7535195386746562,0.2464804613253439
7651,YDL065C YGL206C,0.0,NA,8.575325773563236e-05,2850,23389,7652,0,0.3098757782302086,0.10861694424330195,1.0,0.7534873232176799,0.24651267678232017
7652,YOR315W YLR320W,0.0,NA,8.587534830439836e-05,2850,23388,7653,0,0.3099052845888289,0.10862108392407958,1.0,0.7534551077607036,0.2465448922392964
7653,YNL104C YBL027W,0.0,NA,8.597506530350074e-05,2850,23387,7654,0,0.3099347909474492,0.10862522392041774,1.0,0.7534228923037273,0.24657710769627267
7654,YNL233W YLR442C,0.0,NA,8.59996653161943e-05,2850,23386,7655,0,0.30996429730606945,0.10862936423235249,1.0,0.7533906768467511,0.24660932315324893
7655,YPR133C YMR014W,0.0,NA,8.614239777671173e-05,2850,23385,7656,0,0.30999380366468976,0.10863350485991996,1.0,0.7533584613897748,0.2466415386102252
7656,YDL063C YPL143W,0.0,NA,8.627105125924572e-05,2850,23384,7657,0,0.31002331002331,0.10863764580315621,1.0,0.7533262459327985,0.24667375406720143
7657,YBL087C YDR516C,0.0,NA,8.639429142931476e-05,2850,23383,7658,0,0.31005281638193033,0.10864178706209736,1.0,0.7532940304758223,0.2467059695241777
7658,YGR047C YCL067C,0.0,NA,8.640730811748654e-05,2850,23382,7659,0,0.3100823227405506,0.1086459286367795,1.0,0.753261815018846,0.24673818498115396
7659,YOL051W YIL119C,0.0,NA,8.64736721268855e-05,2850,23381,7660,0,0.31011182909917084,0.10865007052723877,1.0,0.7532295995618697,0.24677040043813023
7660,YPL027W YGL173C,0.0,NA,8.649445226183161e-05,2850,23380,7661,0,0.31014133545779116,0.10865421273351125,1.0,0.7531973841048936,0.24680261589510646
7661,YDR516C YBR112C,0.0,NA,8.650921517983079e-05,2850,23379,7662,0,0.3101708418164114,0.10865835525563308,1.0,0.7531651686479173,0.24683483135208273
7662,YJR021C YJL050W,0.0,NA,8.665940549690276e-05,2850,23378,7663,0,0.3102003481750317,0.10866249809364038,1.0,0.753132953190941,0.246867046809059
7663,YHR015W YML132W,0.0,NA,8.66750197019428e-05,2850,23377,7664,0,0.310229854533652,0.10866664124756929,1.0,0.7531007377339648,0.24689926226603523
7664,YHR154W YMR135C,0.0,NA,8.675258141011e-05,2850,23376,7665,0,0.3102593608922723,0.10867078471745596,1.0,0.7530685222769885,0.2469314777230115
7665,YOL081W YPL093W,0.0,NA,8.693659765413031e-05,2850,23375,7666,0,0.31028886725089255,0.10867492850333652,1.0,0.7530363068200122,0.24696369317998776
7666,YBR114W YGR240C,0.0,NA,8.71931406436488e-05,2850,23374,7667,0,0.31031837360951287,0.1086790726052471,1.0,0.753004091363036,0.24699590863696402
7667,YPL253C YGR154C,0.0,NA,8.720046025700867e-05,2850,23373,7668,0,0.3103478799681331,0.1086832170232239,1.0,0.7529718759060597,0.24702812409394026
7668,YLR453C YPL127C,0.0,NA,8.724271174287423e-05,2850,23372,7669,0,0.31037738632675343,0.10868736175730302,1.0,0.7529396604490834,0.24706033955091652
7669,YIR030C YPL274W,0.0,NA,8.741459168959409e-05,2850,23371,7670,0,0.3104068926853737,0.1086915068075207,1.0,0.7529074449921073,0.2470925550078928
7670,YDR404C YDR486C,0.0,NA,8.742827048990875e-05,2850,23370,7671,0,0.310436399043994,0.10869565217391304,1.0,0.752875229535131,0.24712477046486905
7671,YJL146W YPL235W,0.0,NA,8.74717952683568e-05,2850,23369,7672,0,0.31046590540261426,0.10869979785651626,1.0,0.7528430140781547,0.2471569859218453
7672,YIL050W YHR160C,0.0,NA,8.75547484611161e-05,2850,23368,7673,0,0.3104954117612345,0.10870394385536654,1.0,0.7528107986211784,0.24718920137882155
7673,YMR088C YMR055C,0.0,NA,8.76768899615854e-05,2850,23367,7674,0,0.31052491811985483,0.10870809017050005,1.0,0.7527785831642022,0.24722141683579782
7674,YAL055W YDL115C,0.0,NA,8.76938720466569e-05,2850,23366,7675,0,0.3105544244784751,0.10871223680195301,1.0,0.7527463677072259,0.24725363229277408
7675,YLR068W YLR395C,0.0,NA,8.785030513536185e-05,2850,23365,7676,0,0.3105839308370954,0.10871638374976159,1.0,0.7527141522502496,0.24728584774975032
7676,YIL061C YKL116C,0.0,NA,8.797454211162403e-05,2850,23364,7677,0,0.31061343719571566,0.10872053101396201,1.0,0.7526819367932734,0.24731806320672658
7677,YDR288W YOR043W,0.0,NA,8.800256910035387e-05,2850,23363,7678,0,0.31064294355433597,0.10872467859459047,1.0,0.7526497213362972,0.24735027866370285
7678,YIL053W YGR142W,0.0,NA,8.802169759292156e-05,2850,23362,7679,0,0.31067244991295623,0.1087288264916832,1.0,0.7526175058793209,0.24738249412067911
7679,YLR363C YPR139C,0.0,NA,8.804705430520698e-05,2850,23361,7680,0,0.31070195627157654,0.10873297470527642,1.0,0.7525852904223447,0.24741470957765535
7680,YGL194C YOL064C,0.0,NA,8.811844600131735e-05,2850,23360,7681,0,0.3107314626301968,0.10873712323540634,1.0,0.7525530749653684,0.24744692503463162
7681,YIL061C YOR165W,0.0,NA,8.813459135126323e-05,2850,23359,7682,0,0.3107609689888171,0.1087412720821092,1.0,0.7525208595083921,0.24747914049160788
7682,YPR143W YLR453C,0.0,NA,8.814988541416824e-05,2850,23358,7683,0,0.31079047534743737,0.10874542124542125,1.0,0.7524886440514159,0.24751135594858414
7683,YLR245C YMR106C,0.0,NA,8.819410868454725e-05,2850,23357,7684,0,0.3108199817060577,0.10874957072537872,1.0,0.7524564285944396,0.24754357140556038
7684,YDR164C YDR207C,0.0,NA,8.828439604258165e-05,2850,23356,7685,0,0.31084948806467794,0.10875372052201786,1.0,0.7524242131374633,0.24757578686253665
7685,YOL097C YDL076C,0.0,NA,8.843007526593283e-05,2850,23355,7686,0,0.3108789944232982,0.10875787063537493,1.0,0.7523919976804871,0.2476080023195129
7686,YJL109C YDL047W,0.0,NA,8.84784894878976e-05,2850,23354,7687,0,0.3109085007819185,0.10876202106548619,1.0,0.7523597822235109,0.24764021777648915
7687,YGR054W YER013W,0.0,NA,8.850271115079522e-05,2850,23353,7688,0,0.31093800714053876,0.10876617181238789,1.0,0.7523275667665346,0.2476724332334654
7688,YER190W YML110C,0.0,NA,8.859179069986567e-05,2850,23352,7689,0,0.3109675134991591,0.10877032287611632,1.0,0.7522953513095584,0.24770464869044168
7689,YOR113W Q0115,0.0,NA,8.859466470312327e-05,2850,23351,7690,0,0.31099701985777933,0.10877447425670776,1.0,0.7522631358525821,0.24773686414741794
7690,YBR006W YDL155W,0.0,NA,8.86364869074896e-05,2850,23350,7691,0,0.31102652621639965,0.10877862595419847,1.0,0.7522309203956058,0.24776907960439418
7691,YPL138C YDL141W,0.0,NA,8.866025018505752e-05,2850,23349,7692,0,0.3110560325750199,0.10878277796862476,1.0,0.7521987049386295,0.24780129506137044
7692,YKL188C YNL130C,0.0,NA,8.887305011739954e-05,2850,23348,7693,0,0.3110855389336402,0.1087869303000229,1.0,0.7521664894816533,0.2478335105183467
7693,YGR023W YEL027W,0.0,NA,8.896690997062251e-05,2850,23347,7694,0,0.3111150452922605,0.10879108294842921,1.0,0.752134274024677,0.24786572597532297
7694,YLR129W YOR261C,0.0,NA,8.89875300345011e-05,2850,23346,7695,0,0.3111445516508808,0.10879523591387998,1.0,0.7521020585677007,0.2478979414322992
7695,YOR132W YJL138C,0.0,NA,8.902131230570376e-05,2850,23345,7696,0,0.31117405800950104,0.10879938919641152,1.0,0.7520698431107246,0.24793015688927547
7696,YNL239W YOL105C,0.0,NA,8.904712740331888e-05,2850,23344,7697,0,0.31120356436812135,0.10880354279606017,1.0,0.7520376276537483,0.24796237234625174
7697,YJL177W YBR199W,0.0,NA,8.906453876988962e-05,2850,23343,7698,0,0.3112330707267416,0.10880769671286221,1.0,0.752005412196772,0.247994587803228
7698,YHL033C YOL065C,0.0,NA,8.912001067074016e-05,2850,23342,7699,0,0.31126257708536187,0.108811850946854,1.0,0.7519731967397958,0.24802680326020424
7699,YOR307C YHR183W,0.0,NA,8.91938034328632e-05,2850,23341,7700,0,0.3112920834439822,0.10881600549807185,1.0,0.7519409812828195,0.2480590187171805
7700,YDR158W YAL067C,0.0,NA,8.928307215683162e-05,2850,23340,7701,0,0.31132158980260244,0.10882016036655212,1.0,0.7519087658258432,0.24809123417415677
7701,YBR036C YLR405W,0.0,NA,8.92986572580412e-05,2850,23339,7702,0,0.31135109616122275,0.10882431555233113,1.0,0.751876550368867,0.24812344963113303
7702,YKR066C YGR154C,0.0,NA,8.936884842114523e-05,2850,23338,7703,0,0.311380602519843,0.10882847105544524,1.0,0.7518443349118907,0.24815566508810927
7703,YBR103W YOR388C,0.0,NA,8.940942643675953e-05,2850,23337,7704,0,0.3114101088784633,0.1088326268759308,1.0,0.7518121194549144,0.24818788054508553
7704,YDL136W YML106W,0.0,NA,8.9447625214234e-05,2850,23336,7705,0,0.3114396152370836,0.10883678301382418,1.0,0.7517799039979383,0.2482200960020618
7705,YNL130C YDL056W,0.0,NA,8.951341442298144e-05,2850,23335,7706,0,0.3114691215957039,0.10884093946916173,1.0,0.751747688540962,0.24825231145903803
7706,YCR031C YMR208W,0.0,NA,8.95379125722684e-05,2850,23334,7707,0,0.31149862795432415,0.10884509624197984,1.0,0.7517154730839857,0.2482845269160143
7707,YIL018W YDR214W,0.0,NA,8.962077845353633e-05,2850,23333,7708,0,0.31152813431294446,0.10884925333231486,1.0,0.7516832576270095,0.24831674237299056
7708,YPL235W YPL164C,0.0,NA,8.963530854089186e-05,2850,23332,7709,0,0.3115576406715647,0.10885341074020319,1.0,0.7516510421700332,0.24834895782996683
7709,YOL147C YIR026C,0.0,NA,9.002129081636667e-05,2850,23331,7710,0,0.31158714703018503,0.10885756846568122,1.0,0.7516188267130569,0.24838117328694306
7710,YGR002C YGL147C,0.0,NA,9.006833715829998e-05,2850,23330,7711,0,0.3116166533888053,0.10886172650878534,1.0,0.7515866112560806,0.24841338874391933
7711,YLR025W YGR154C,0.0,NA,9.015048999572173e-05,2850,23329,7712,0,0.31164615974742554,0.10886588486955193,1.0,0.7515543957991044,0.2484456042008956
7712,YGL043W YOR173W,0.0,NA,9.016897820401937e-05,2850,23328,7713,0,0.31167566610604586,0.10887004354801742,1.0,0.7515221803421281,0.24847781965787186
7713,YNL289W YGL238W,0.0,NA,9.025103645399213e-05,2850,23327,7714,0,0.3117051724646661,0.1088742025442182,1.0,0.7514899648851519,0.2485100351148481
7714,YOR190W YPR005C,0.0,NA,9.027686610352248e-05,2850,23326,7715,0,0.3117346788232864,0.1088783618581907,1.0,0.7514577494281757,0.24854225057182436
7715,YMR182C YOL041C,0.0,NA,9.031724039232358e-05,2850,23325,7716,0,0.3117641851819067,0.10888252148997135,1.0,0.7514255339711994,0.24857446602880062
7716,YOL028C YEL009C,0.0,NA,9.034739196067676e-05,2850,23324,7717,0,0.311793691540527,0.10888668143959655,1.0,0.7513933185142231,0.2486066814857769
7717,YPR137W YEL065W,0.0,NA,9.039711585501209e-05,2850,23323,7718,0,0.31182319789914725,0.10889084170710274,1.0,0.7513611030572469,0.24863889694275312
7718,YKL203C YBR290W,0.0,NA,9.056113049155101e-05,2850,23322,7719,0,0.31185270425776757,0.10889500229252637,1.0,0.7513288876002706,0.2486711123997294
7719,YNL097C YGR217W,0.0,NA,9.057288116309792e-05,2850,23321,7720,0,0.3118822106163878,0.10889916319590387,1.0,0.7512966721432943,0.24870332785670565
7720,YCL069W YKL159C,0.0,NA,9.05983688426204e-05,2850,23320,7721,0,0.31191171697500814,0.10890332441727169,1.0,0.7512644566863181,0.24873554331368192
7721,YER183C YHR129C,0.0,NA,9.062532626558095e-05,2850,23319,7722,0,0.3119412233336284,0.10890748595666629,1.0,0.7512322412293418,0.24876775877065815
7722,YMR030W YDR439W,0.0,NA,9.091849642572924e-05,2850,23318,7723,0,0.3119707296922487,0.10891164781412412,1.0,0.7512000257723656,0.24879997422763442
7723,YBR164C YDR044W,0.0,NA,9.095509449252859e-05,2850,23317,7724,0,0.31200023605086896,0.10891580998968166,1.0,0.7511678103153894,0.24883218968461068
7724,YKR034W YHR015W,0.0,NA,9.098580630961806e-05,2850,23316,7725,0,0.3120297424094892,0.10891997248337537,1.0,0.7511355948584131,0.24886440514158692
7725,YGR191W YER023W,0.0,NA,9.099421731662005e-05,2850,23315,7726,0,0.31205924876810953,0.10892413529524174,1.0,0.7511033794014368,0.24889662059856318
7726,YBR006W YGR275W,0.0,NA,9.115393186220899e-05,2850,23314,7727,0,0.3120887551267298,0.10892829842531723,1.0,0.7510711639444606,0.24892883605553945
7727,YNL298W YPR108W,0.0,NA,9.121732000494376e-05,2850,23313,7728,0,0.3121182614853501,0.10893246187363835,1.0,0.7510389484874843,0.2489610515125157
7728,YPL052W YLR275W,0.0,NA,9.129093086812645e-05,2850,23312,7729,0,0.31214776784397036,0.10893662564024158,1.0,0.751006733030508,0.24899326696949195
7729,YMR011W YER007W,0.0,NA,9.137663437286392e-05,2850,23311,7730,0,0.31217727420259067,0.10894078972516341,1.0,0.7509745175735317,0.24902548242646821
7730,YER170W YDR288W,0.0,NA,9.144681098405272e-05,2850,23310,7731,0,0.31220678056121093,0.10894495412844037,1.0,0.7509423021165555,0.24905769788344448
7731,YJR095W YJL186W,0.0,NA,9.155544103123248e-05,2850,23309,7732,0,0.31223628691983124,0.10894911885010895,1.0,0.7509100866595793,0.24908991334042074
7732,YDL220C YPR108W,0.0,NA,9.160154877463356e-05,2850,23308,7733,0,0.3122657932784515,0.10895328389020567,1.0,0.750877871202603,0.24912212879739698
7733,YOL043C YKL085W,0.0,NA,9.170328121399507e-05,2850,23307,7734,0,0.3122952996370718,0.10895744924876706,1.0,0.7508456557456268,0.24915434425437324
7734,YDR103W YOR032C,0.0,NA,9.170424164040014e-05,2850,23306,7735,0,0.31232480599569207,0.10896161492582963,1.0,0.7508134402886505,0.2491865597113495
7735,YLR189C YDR143C,0.0,NA,9.171692363452166e-05,2850,23305,7736,0,0.3123543123543124,0.10896578092142993,1.0,0.7507812248316742,0.24921877516832577
7736,YLR421C YDR100W,0.0,NA,9.180477354675531e-05,2850,23304,7737,0,0.31238381871293264,0.10896994723560449,1.0,0.750749009374698,0.249250990625302
7737,YDR423C YCL059C,0.0,NA,9.18269288376905e-05,2850,23303,7738,0,0.3124133250715529,0.10897411386838986,1.0,0.7507167939177217,0.24928320608227827
7738,YJR017C YJL004C,0.0,NA,9.201248758472502e-05,2850,23302,7739,0,0.3124428314301732,0.10897828081982258,1.0,0.7506845784607454,0.24931542153925454
7739,YIL023C YML080W,0.0,NA,9.201327338814735e-05,2850,23301,7740,0,0.31247233778879346,0.1089824480899392,1.0,0.7506523630037693,0.2493476369962308
7740,YOL063C YDR345C,0.0,NA,9.212899749400094e-05,2850,23300,7741,0,0.3125018441474138,0.1089866156787763,1.0,0.750620147546793,0.24937985245320704
7741,YOR273C YGL215W,0.0,NA,9.21993050724268e-05,2850,23299,7742,0,0.31253135050603403,0.10899078358637042,1.0,0.7505879320898167,0.2494120679101833
7742,YER098W YBL084C,0.0,NA,9.22177714528516e-05,2850,23298,7743,0,0.31256085686465435,0.10899495181275815,1.0,0.7505557166328405,0.24944428336715957
7743,YKL217W YLR340W,0.0,NA,9.239971404895186e-05,2850,23297,7744,0,0.3125903632232746,0.10899912035797606,1.0,0.7505235011758642,0.24947649882413583
7744,YIL134W YOL140W,0.0,NA,9.242536179954186e-05,2850,23296,7745,0,0.3126198695818949,0.10900328922206073,1.0,0.7504912857188879,0.24950871428111207
7745,YCL044C YNL066W,0.0,NA,9.247102570952848e-05,2850,23295,7746,0,0.3126493759405152,0.10900745840504876,1.0,0.7504590702619117,0.24954092973808834
7746,YOR184W YER043C,0.0,NA,9.259720536647364e-05,2850,23294,7747,0,0.3126788822991355,0.10901162790697674,1.0,0.7504268548049354,0.2495731451950646
7747,YJR103W YLR020C,0.0,NA,9.26170832826756e-05,2850,23293,7748,0,0.31270838865775574,0.10901579772788127,1.0,0.7503946393479591,0.24960536065204084
7748,YMR224C YCR005C,0.0,NA,9.275646152673289e-05,2850,23292,7749,0,0.31273789501637606,0.10901996786779894,1.0,0.7503624238909828,0.2496375761090171
7749,YGR019W YNL068C,0.0,NA,9.294788469560444e-05,2850,23291,7750,0,0.3127674013749963,0.10902413832676638,1.0,0.7503302084340067,0.24966979156599337
7750,YJR152W YJL074C,0.0,NA,9.297199721913785e-05,2850,23290,7751,0,0.31279690773361657,0.1090283091048202,1.0,0.7502979929770304,0.24970200702296963
7751,YCL040W YML019W,0.0,NA,9.301120007876307e-05,2850,23289,7752,0,0.3128264140922369,0.10903248020199702,1.0,0.7502657775200541,0.24973422247994587
7752,YDL017W YNL279W,0.0,NA,9.322181722382084e-05,2850,23288,7753,0,0.31285592045085714,0.10903665161833347,1.0,0.7502335620630779,0.24976643793692213
7753,YLR467W YGL032C,0.0,NA,9.339211828773841e-05,2850,23287,7754,0,0.31288542680947745,0.10904082335386617,1.0,0.7502013466061016,0.2497986533938984
7754,YPL234C YDR213W,0.0,NA,9.35384668991901e-05,2850,23286,7755,0,0.3129149331680977,0.10904499540863177,1.0,0.7501691311491253,0.24983086885087466
7755,YHR041C YNL141W,0.0,NA,9.365279402118176e-05,2850,23285,7756,0,0.312944439526718,0.10904916778266692,1.0,0.7501369156921491,0.2498630843078509
7756,YOR338W YPR021C,0.0,NA,9.37679797061719e-05,2850,23284,7757,0,0.3129739458853383,0.10905334047600826,1.0,0.7501047002351728,0.24989529976482716
7757,YBR034C YKR090W,0.0,NA,9.378533286508173e-05,2850,23283,7758,0,0.3130034522439586,0.10905751348869246,1.0,0.7500724847781965,0.24992751522180343
7758,YDR251W YBR155W,0.0,NA,9.381108975503594e-05,2850,23282,7759,0,0.31303295860257885,0.10906168682075616,1.0,0.7500402693212204,0.2499597306787797
7759,YER023W YMR197C,0.0,NA,9.39139281399548e-05,2850,23281,7760,0,0.31306246496119916,0.10906586047223604,1.0,0.7500080538642441,0.24999194613575593
7760,YKR002W YFL025C,0.0,NA,9.39608653425239e-05,2850,23280,7761,0,0.3130919713198194,0.10907003444316878,1.0,0.7499758384072678,0.2500241615927322
7761,YLR066W YGL120C,0.0,NA,9.398963447893038e-05,2850,23279,7762,0,0.31312147767843973,0.10907420873359103,1.0,0.7499436229502916,0.25005637704970846
7762,YLR347C YKL143W,0.0,NA,9.411967766936868e-05,2850,23278,7763,0,0.31315098403706,0.1090783833435395,1.0,0.7499114074933153,0.2500885925066847
7763,YDR376W YHR171W,0.0,NA,9.420085552847013e-05,2850,23277,7764,0,0.31318049039568024,0.10908255827305087,1.0,0.749879192036339,0.250120807963661
7764,YEL061C YDR082W,0.0,NA,9.436817344976589e-05,2850,23276,7765,0,0.31320999675430056,0.10908673352216183,1.0,0.7498469765793627,0.2501530234206372
7765,YGL227W YCL009C,0.0,NA,9.436862455913797e-05,2850,23275,7766,0,0.3132395031129208,0.10909090909090909,1.0,0.7498147611223865,0.25018523887761346
7766,YBR012W-A YDR400W,0.0,NA,9.438148845219985e-05,2850,23274,7767,0,0.3132690094715411,0.10909508497932935,1.0,0.7497825456654102,0.25021745433458975
7767,YOR380W YDL093W,0.0,NA,9.449703065911308e-05,2850,23273,7768,0,0.3132985158301614,0.10909926118745933,1.0,0.749750330208434,0.250249669791566
7768,YIL010W YGL089C,0.0,NA,9.465648327022791e-05,2850,23272,7769,0,0.3133280221887817,0.10910343771533573,1.0,0.7497181147514578,0.2502818852485422
7769,YJL205C YMR069W,0.0,NA,9.46595537243411e-05,2850,23271,7770,0,0.31335752854740195,0.1091076145629953,1.0,0.7496858992944815,0.2503141007055185
7770,YDL159W YJL190C,0.0,NA,9.466867777518928e-05,2850,23270,7771,0,0.31338703490602227,0.10911179173047474,1.0,0.7496536838375052,0.25034631616249475
7771,YDR013W YPL001W,0.0,NA,9.479721484240144e-05,2850,23269,7772,0,0.3134165412646425,0.10911596921781079,1.0,0.749621468380529,0.25037853161947105
7772,YLR466W YHR169W,0.0,NA,9.492340905126184e-05,2850,23268,7773,0,0.31344604762326284,0.1091201470250402,1.0,0.7495892529235527,0.2504107470764473
7773,YLR372W YJL168C,0.0,NA,9.506916103418916e-05,2850,23267,7774,0,0.3134755539818831,0.10912432515219972,1.0,0.7495570374665764,0.2504429625334235
7774,YKL092C YIL106W,0.0,NA,9.516530553810298e-05,2850,23266,7775,0,0.3135050603405034,0.10912850359932609,1.0,0.7495248220096002,0.2504751779903998
7775,YDL028C YDL148C,0.0,NA,9.530843090033159e-05,2850,23265,7776,0,0.31353456669912366,0.10913268236645605,1.0,0.749492606552624,0.25050739344737605
7776,YBL055C YCL019W,0.0,NA,9.541346662444994e-05,2850,23264,7777,0,0.3135640730577439,0.1091368614536264,1.0,0.7494603910956477,0.2505396089043523
7777,YNL065W YGL232W,0.0,NA,9.544430213281885e-05,2850,23263,7778,0,0.31359357941636423,0.1091410408608739,1.0,0.7494281756386715,0.2505718243613286
7778,YLR250W YMR092C,0.0,NA,9.546024375595152e-05,2850,23262,7779,0,0.3136230857749845,0.1091452205882353,1.0,0.7493959601816952,0.2506040398183048
7779,YFL049W YDL115C,0.0,NA,9.549283277010545e-05,2850,23261,7780,0,0.3136525921336048,0.10914940063574739,1.0,0.7493637447247189,0.2506362552752811
7780,YFR050C YPL076W,0.0,NA,9.54941933741793e-05,2850,23260,7781,0,0.31368209849222506,0.10915358100344695,1.0,0.7493315292677427,0.25066847073225734
7781,YOR061W YGL147C,0.0,NA,9.550166578264907e-05,2850,23259,7782,0,0.31371160485084537,0.10915776169137079,1.0,0.7492993138107664,0.2507006861892336
7782,YPL195W YNR007C,0.0,NA,9.564821812091395e-05,2850,23258,7783,0,0.31374111120946563,0.10916194269955569,1.0,0.7492670983537901,0.25073290164620987
7783,YKL221W YBR035C,0.0,NA,9.568762470735237e-05,2850,23257,7784,0,0.31377061756808594,0.10916612402803846,1.0,0.7492348828968138,0.2507651171031861
7784,YIL030C YCR072C,0.0,NA,9.572586714057252e-05,2850,23256,7785,0,0.3138001239267062,0.1091703056768559,1.0,0.7492026674398377,0.25079733256016234
7785,YMR176W YMR092C,0.0,NA,9.573069837642834e-05,2850,23255,7786,0,0.3138296302853265,0.10917448764604482,1.0,0.7491704519828614,0.25082954801713864
7786,YML069W YPR062W,0.0,NA,9.574495197739452e-05,2850,23254,7787,0,0.31385913664394677,0.10917866993564204,1.0,0.7491382365258851,0.2508617634741149
7787,YHR088W YOR304W,0.0,NA,9.577746095601469e-05,2850,23253,7788,0,0.3138886430025671,0.1091828525456844,1.0,0.7491060210689089,0.2508939789310911
7788,YJL204C YOL010W,0.0,NA,9.58311720751226e-05,2850,23252,7789,0,0.31391814936118734,0.10918703547620871,1.0,0.7490738056119326,0.2509261943880674
7789,YGL147C YGL075C,0.0,NA,9.588099055690691e-05,2850,23251,7790,0,0.3139476557198076,0.10919121872725183,1.0,0.7490415901549563,0.25095840984504364
7790,YAR002W YDR252W,0.0,NA,9.590449190000072e-05,2850,23250,7791,0,0.3139771620784279,0.10919540229885058,1.0,0.7490093746979801,0.25099062530201993
7791,YLR176C YLR029C,0.0,NA,9.614897862775251e-05,2850,23249,7792,0,0.31400666843704816,0.10919958619104181,1.0,0.7489771592410038,0.25102284075899617
7792,YAR014C YOL054W,0.0,NA,9.618896001484245e-05,2850,23248,7793,0,0.3140361747956685,0.10920377040386237,1.0,0.7489449437840275,0.2510550562159724
7793,YOR242C YDL194W,0.0,NA,9.624070662539452e-05,2850,23247,7794,0,0.31406568115428873,0.10920795493734912,1.0,0.7489127283270514,0.2510872716729487
7794,YML082W YGR285C,0.0,NA,9.634345769882202e-05,2850,23246,7795,0,0.31409518751290905,0.10921213979153893,1.0,0.7488805128700751,0.25111948712992493
7795,YFR041C YOL088C,0.0,NA,9.655121539253742e-05,2850,23245,7796,0,0.3141246938715293,0.10921632496646867,1.0,0.7488482974130988,0.25115170258690117
7796,ALD1 YIL073C,0.0,NA,9.66111765592359e-05,2850,23244,7797,0,0.3141542002301496,0.10922051046217521,1.0,0.7488160819561226,0.25118391804387746
7797,YOR237W YPR001W,0.0,NA,9.662204683991149e-05,2850,23243,7798,0,0.3141837065887699,0.10922469627869544,1.0,0.7487838664991463,0.2512161335008537
7798,YDL083C YPL211W,0.0,NA,9.667660924606025e-05,2850,23242,7799,0,0.3142132129473902,0.10922888241606622,1.0,0.74875165104217,0.25124834895783
7799,YPR054W YNL255C,0.0,NA,9.668628626968712e-05,2850,23241,7800,0,0.31424271930601044,0.10923306887432448,1.0,0.7487194355851938,0.25128056441480623
7800,YDR142C YDR301W,0.0,NA,9.671303268987685e-05,2850,23240,7801,0,0.31427222566463076,0.10923725565350709,1.0,0.7486872201282175,0.25131277987178247
7801,YJL054W YCL044C,0.0,NA,9.672871237853542e-05,2850,23239,7802,0,0.314301732023251,0.10924144275365097,1.0,0.7486550046712412,0.25134499532875876
7802,YMR272C YHR089C,0.0,NA,9.716153726913035e-05,2850,23238,7803,0,0.31433123838187127,0.10924563017479301,1.0,0.748622789214265,0.251377210785735
7803,YML065W YOL130W,0.0,NA,9.717107604956254e-05,2850,23237,7804,0,0.3143607447404916,0.10924981791697014,1.0,0.7485905737572888,0.25140942624271123
7804,YDR101C YOR178C,0.0,NA,9.718702494865283e-05,2850,23236,7805,0,0.31439025109911184,0.10925400598021927,1.0,0.7485583583003125,0.2514416416996875
7805,YPL042C YLR393W,0.0,NA,9.725052950670943e-05,2850,23235,7806,0,0.31441975745773215,0.10925819436457734,1.0,0.7485261428433362,0.25147385715666376
7806,YJL048C YBR180W,0.0,NA,9.73695787251927e-05,2850,23234,7807,0,0.3144492638163524,0.10926238307008128,1.0,0.74849392738636,0.25150607261364
7807,YBL041W YDL190C,0.0,NA,9.742614201968536e-05,2850,23233,7808,0,0.3144787701749727,0.10926657209676802,1.0,0.7484617119293837,0.2515382880706163
7808,YBL055C YLR433C,0.0,NA,9.747929289005697e-05,2850,23232,7809,0,0.314508276533593,0.10927076144467449,1.0,0.7484294964724074,0.2515705035275925
7809,YGR133W YGL234W,0.0,NA,9.759918611962348e-05,2850,23231,7810,0,0.3145377828922133,0.10927495111383766,1.0,0.7483972810154312,0.2516027189845688
7810,YBL064C YHR046C,0.0,NA,9.764693822944537e-05,2850,23230,7811,0,0.31456728925083355,0.10927914110429447,1.0,0.748365065558455,0.25163493444154506
7811,YER161C YDR362C,0.0,NA,9.785481233848259e-05,2850,23229,7812,0,0.31459679560945386,0.1092833314160819,1.0,0.7483328501014787,0.2516671498985213
7812,YGR145W YGL205W,0.0,NA,9.806133311940357e-05,2850,23228,7813,0,0.3146263019680741,0.1092875220492369,1.0,0.7483006346445025,0.2516993653554976
7813,YIL018W YBR067C,0.0,NA,9.810744813876227e-05,2850,23227,7814,0,0.3146558083266944,0.10929171300379645,1.0,0.7482684191875262,0.2517315808124738
7814,YNR050C YOR359W,0.0,NA,9.813252836465836e-05,2850,23226,7815,0,0.3146853146853147,0.10929590427979752,1.0,0.7482362037305499,0.25176379626945006
7815,YOR197W YNL175C,0.0,NA,9.844707528827712e-05,2850,23225,7816,0,0.31471482104393494,0.10930009587727708,1.0,0.7482039882735737,0.25179601172642635
7816,YAR050W YPL127C,0.0,NA,9.854926611296833e-05,2850,23224,7817,0,0.31474432740255526,0.10930428779627215,1.0,0.7481717728165974,0.2518282271834026
7817,YML071C YDL014W,0.0,NA,9.864460298558697e-05,2850,23223,7818,0,0.3147738337611755,0.1093084800368197,1.0,0.7481395573596211,0.2518604426403789
7818,YBR284W YPL152W,0.0,NA,9.86749873845838e-05,2850,23222,7819,0,0.3148033401197958,0.10931267259895673,1.0,0.7481073419026449,0.2518926580973551
7819,YGR283C YKL034W,0.0,NA,9.867810149444267e-05,2850,23221,7820,0,0.3148328464784161,0.10931686548272027,1.0,0.7480751264456686,0.25192487355433135
7820,YEL012W YLR436C,0.0,NA,9.875773685052991e-05,2850,23220,7821,0,0.3148623528370364,0.1093210586881473,1.0,0.7480429109886924,0.25195708901130764
7821,YFL001W YOR341W,0.0,NA,9.877082629827783e-05,2850,23219,7822,0,0.31489185919565665,0.10932525221527485,1.0,0.7480106955317161,0.2519893044682839
7822,YOR267C YKL196C,0.0,NA,9.882527956506237e-05,2850,23218,7823,0,0.31492136555427697,0.10932944606413994,1.0,0.7479784800747399,0.2520215199252601
7823,YPL018W YLR350W,0.0,NA,9.888938075164333e-05,2850,23217,7824,0,0.3149508719128972,0.10933364023477961,1.0,0.7479462646177636,0.2520537353822364
7824,YMR017W YLR080W,0.0,NA,9.895050607156008e-05,2850,23216,7825,0,0.31498037827151754,0.10933783472723088,1.0,0.7479140491607873,0.25208595083921265
7825,YMR174C YMR177W,0.0,NA,9.905359183903784e-05,2850,23215,7826,0,0.3150098846301378,0.10934202954153079,1.0,0.7478818337038111,0.25211816629618894
7826,YFL054C YMR179W,0.0,NA,9.906833292916417e-05,2850,23214,7827,0,0.31503939098875805,0.10934622467771639,1.0,0.7478496182468348,0.2521503817531652
7827,YGL224C YPR180W,0.0,NA,9.908562788041309e-05,2850,23213,7828,0,0.31506889734737836,0.10935042013582473,1.0,0.7478174027898585,0.2521825972101414
7828,YJL085W YDR085C,0.0,NA,9.938834409695119e-05,2850,23212,7829,0,0.3150984037059986,0.10935461591589288,1.0,0.7477851873328824,0.2522148126671177
7829,YJR140C YDR324C,0.0,NA,9.954930283129215e-05,2850,23211,7830,0,0.31512791006461893,0.10935881201795787,1.0,0.7477529718759061,0.25224702812409394
7830,YMR091C YIR001C,0.0,NA,9.955747373169288e-05,2850,23210,7831,0,0.3151574164232392,0.10936300844205679,1.0,0.7477207564189298,0.2522792435810702
7831,YGL043W YIL002C,0.0,NA,9.957114525604993e-05,2850,23209,7832,0,0.3151869227818595,0.10936720518822672,1.0,0.7476885409619536,0.25231145903804647
7832,YBR095C YNL012W,0.0,NA,9.959089948097244e-05,2850,23208,7833,0,0.31521642914047976,0.10937140225650473,1.0,0.7476563255049773,0.2523436744950227
7833,YLR181C YOL044W,0.0,NA,9.960590250557289e-05,2850,23207,7834,0,0.31524593549910007,0.10937559964692789,1.0,0.747624110048001,0.25237588995199894
7834,YGR272C YGR197C,0.0,NA,9.96947564999573e-05,2850,23206,7835,0,0.31527544185772033,0.1093797973595333,1.0,0.7475918945910248,0.25240810540897524
7835,YER123W YOL147C,0.0,NA,9.971927647711709e-05,2850,23205,7836,0,0.31530494821634064,0.10938399539435809,1.0,0.7475596791340485,0.2524403208659515
7836,YIL038C YDR411C,0.0,NA,9.976388537324965e-05,2850,23204,7837,0,0.3153344545749609,0.10938819375143932,1.0,0.7475274636770722,0.25247253632292777
7837,YGR285C YOR386W,0.0,NA,9.991802653530613e-05,2850,23203,7838,0,0.3153639609335812,0.10939239243081411,1.0,0.747495248220096,0.252504751779904
7838,YGR063C YOR095C,0.0,NA,9.998217137763277e-05,2850,23202,7839,0,0.31539346729220147,0.10939659143251958,1.0,0.7474630327631198,0.25253696723688024
7839,YPL283C YHR183W,0.0,NA,0.00010000210022553802,2850,23201,7840,0,0.3154229736508217,0.10940079075659284,1.0,0.7474308173061435,0.25256918269385653
7840,YKL144C YIR019C,0.0,NA,0.00010006266529671848,2850,23200,7841,0,0.31545248000944204,0.10940499040307101,1.0,0.7473986018491672,0.25260139815083277
7841,YNL167C YDR416W,0.0,NA,0.00010009578545577824,2850,23199,7842,0,0.3154819863680623,0.10940919037199125,1.0,0.747366386392191,0.252633613607809
7842,YML088W YGL209W,0.0,NA,0.000100178767752368,2850,23198,7843,0,0.3155114927266826,0.10941339066339066,1.0,0.7473341709352147,0.2526658290647853
7843,YER015W YLR098C,0.0,NA,0.00010019070759881288,2850,23197,7844,0,0.31554099908530286,0.10941759127730641,1.0,0.7473019554782384,0.25269804452176153
7844,YLR194C YIL115C,0.0,NA,0.00010022137576015666,2850,23196,7845,0,0.3155705054439232,0.10942179221377563,1.0,0.7472697400212622,0.2527302599787378
7845,YBR067C YNL231C,0.0,NA,0.00010030389239545912,2850,23195,7846,0,0.31560001180254343,0.10942599347283548,1.0,0.7472375245642859,0.25276247543571406
7846,YLL034C YFR013W,0.0,NA,0.00010033880971604958,2850,23194,7847,0,0.31562951816116375,0.10943019505452312,1.0,0.7472053091073096,0.2527946908926903
7847,YML116W YHR043C,0.0,NA,0.00010035612649517134,2850,23193,7848,0,0.315659024519784,0.1094343969588757,1.0,0.7471730936503335,0.2528269063496666
7848,YJR062C YML022W,0.0,NA,0.00010041940549854189,2850,23192,7849,0,0.3156885308784043,0.10943859918593042,1.0,0.7471408781933572,0.25285912180664283
7849,YNL046W YLR060W,0.0,NA,0.00010050763376057148,2850,23191,7850,0,0.3157180372370246,0.10944280173572443,1.0,0.7471086627363809,0.25289133726361906
7850,YNL325C YER056C,0.0,NA,0.00010052412108052522,2850,23190,7851,0,0.3157475435956449,0.10944700460829493,1.0,0.7470764472794047,0.25292355272059536
7851,YLR262C YLR246W,0.0,NA,0.00010060525528388098,2850,23189,7852,0,0.31577704995426514,0.10945120780367909,1.0,0.7470442318224284,0.2529557681775716
7852,YAL059W YPL116W,0.0,NA,0.00010076299076899886,2850,23188,7853,0,0.3158065563128854,0.10945541132191412,1.0,0.7470120163654521,0.25298798363454783
7853,YDR361C YML057W,0.0,NA,0.00010076991748064756,2850,23187,7854,0,0.3158360626715057,0.10945961516303722,1.0,0.7469798009084759,0.2530201990915241
7854,YNL008C YLR381W,0.0,NA,0.00010077577462652698,2850,23186,7855,0,0.31586556903012597,0.10946381932708557,1.0,0.7469475854514996,0.25305241454850036
7855,YHR205W YMR177W,0.0,NA,0.0001008114340947941,2850,23185,7856,0,0.3158950753887463,0.10946802381409641,1.0,0.7469153699945233,0.25308463000547665
7856,YOR030W YAL062W,0.0,NA,0.00010083681991090998,2850,23184,7857,0,0.31592458174736654,0.10947222862410694,1.0,0.7468831545375472,0.2531168454624529
7857,YNL149C YDL006W,0.0,NA,0.0001008526814985089,2850,23183,7858,0,0.31595408810598685,0.10947643375715438,1.0,0.7468509390805709,0.2531490609194291
7858,YPL085W YIL083C,0.0,NA,0.00010100252984557301,2850,23182,7859,0,0.3159835944646071,0.10948063921327597,1.0,0.7468187236235946,0.2531812763764054
7859,YBL001C YLR237W,0.0,NA,0.00010113437747349963,2850,23181,7860,0,0.3160131008232274,0.10948484499250893,1.0,0.7467865081666183,0.25321349183338165
7860,YPL042C YOL122C,0.0,NA,0.00010116562771145254,2850,23180,7861,0,0.3160426071818477,0.10948905109489052,1.0,0.7467542927096421,0.2532457072903579
7861,YKL073W YDR523C,0.0,NA,0.00010119495709659532,2850,23179,7862,0,0.316072113540468,0.10949325752045795,1.0,0.7467220772526658,0.2532779227473342
7862,YBR264C YFR024C-A,0.0,NA,0.00010146870044991374,2850,23178,7863,0,0.31610161989908825,0.1094974642692485,1.0,0.7466898617956895,0.2533101382043104
7863,YAL012W YDR122W,0.0,NA,0.00010172068141400814,2850,23177,7864,0,0.31613112625770856,0.10950167134129941,1.0,0.7466576463387133,0.2533423536612867
7864,YPR192W YMR212C,0.0,NA,0.00010180151730310172,2850,23176,7865,0,0.3161606326163288,0.10950587873664797,1.0,0.746625430881737,0.25337456911826295
7865,YPL212C YLR019W,0.0,NA,0.00010181898687733337,2850,23175,7866,0,0.3161901389749491,0.10951008645533142,1.0,0.7465932154247608,0.2534067845752392
7866,YPL051W YHR174W,0.0,NA,0.00010188056330662221,2850,23174,7867,0,0.3162196453335694,0.10951429449738703,1.0,0.7465609999677846,0.2534390000322155
7867,YOR027W YAL060W,0.0,NA,0.00010201024997513741,2850,23173,7868,0,0.31624915169218965,0.1095185028628521,1.0,0.7465287845108083,0.2534712154891917
7868,YNR034W YKL130C,0.0,NA,0.000102228470495902,2850,23172,7869,0,0.31627865805080996,0.1095227115517639,1.0,0.746496569053832,0.25350343094616795
7869,YOL051W YLR098C,0.0,NA,0.00010241229756502435,2850,23171,7870,0,0.3163081644094302,0.10952692056415972,1.0,0.7464643535968558,0.25353564640314424
7870,YJL139C YPL170W,0.0,NA,0.0001024311495712027,2850,23170,7871,0,0.3163376707680505,0.10953112990007687,1.0,0.7464321381398795,0.2535678618601205
7871,YNR007C YLR325C,0.0,NA,0.00010248213948216289,2850,23169,7872,0,0.3163671771266708,0.10953533955955264,1.0,0.7463999226829032,0.2536000773170967
7872,YIL146C YKL144C,0.0,NA,0.00010258422116748989,2850,23168,7873,0,0.3163966834852911,0.10953954954262433,1.0,0.746367707225927,0.253632292774073
7873,YGL248W YPR023C,0.0,NA,0.00010269824269926175,2850,23167,7874,0,0.31642618984391135,0.10954375984932928,1.0,0.7463354917689508,0.25366450823104925
7874,YBL021C YOR156C,0.0,NA,0.00010270078928442672,2850,23166,7875,0,0.31645569620253167,0.1095479704797048,1.0,0.7463032763119745,0.25369672368802554
7875,YFR014C YER098W,0.0,NA,0.0001032040236168541,2850,23165,7876,0,0.3164852025611519,0.1095521814337882,1.0,0.7462710608549983,0.2537289391450018
7876,YPL111W YMR048W,0.0,NA,0.00010361008025938645,2850,23164,7877,0,0.31651470891977224,0.10955639271161682,1.0,0.746238845398022,0.253761154601978
7877,YCR082W YDL132W,0.0,NA,0.00010377551370766014,2850,23163,7878,0,0.3165442152783925,0.109560604313228,1.0,0.7462066299410457,0.2537933700589543
7878,YPL178W YOR039W,0.0,NA,0.00010378540901001543,2850,23162,7879,0,0.31657372163701275,0.10956481623865907,1.0,0.7461744144840694,0.25382558551593054
7879,YDR140W YKR102W,0.0,NA,0.00010379729064879939,2850,23161,7880,0,0.31660322799563306,0.1095690284879474,1.0,0.7461421990270932,0.2538578009729068
7880,YLR401C YDR399W,0.0,NA,0.00010382758046034724,2850,23160,7881,0,0.3166327343542533,0.10957324106113034,1.0,0.7461099835701169,0.25389001642988307
7881,YLL038C YIL039W,0.0,NA,0.00010392444528406486,2850,23159,7882,0,0.31666224071287363,0.10957745395824522,1.0,0.7460777681131406,0.2539222318868593
7882,YLR095C YAL054C,0.0,NA,0.00010399820166639984,2850,23158,7883,0,0.3166917470714939,0.10958166717932943,1.0,0.7460455526561645,0.2539544473438356
7883,YIL071C YER052C,0.0,NA,0.00010410555842099711,2850,23157,7884,0,0.3167212534301142,0.10958588072442035,1.0,0.7460133371991882,0.25398666280081184
7884,YNL145W YLR078C,0.0,NA,0.00010420469334349036,2850,23156,7885,0,0.31675075978873446,0.10959009459355533,1.0,0.7459811217422119,0.25401887825778807
7885,YJL139C YBR172C,0.0,NA,0.00010421501792734489,2850,23155,7886,0,0.31678026614735477,0.10959430878677177,1.0,0.7459489062852357,0.25405109371476436
7886,YDL112W YJL207C,0.0,NA,0.00010438718891236931,2850,23154,7887,0,0.31680977250597503,0.10959852330410706,1.0,0.7459166908282594,0.2540833091717406
7887,YDL184C YAL042W,0.0,NA,0.00010447720705997199,2850,23153,7888,0,0.31683927886459534,0.10960273814559858,1.0,0.7458844753712831,0.25411552462871684
7888,YNL074C YDR144C,0.0,NA,0.00010449364344822243,2850,23152,7889,0,0.3168687852232156,0.10960695331128374,1.0,0.7458522599143069,0.25414774008569313
7889,YER083C YDR176W,0.0,NA,0.00010451846173964441,2850,23151,7890,0,0.3168982915818359,0.10961116880119995,1.0,0.7458200444573306,0.25417995554266937
7890,YEL044W YBR181C,0.0,NA,0.00010453421418787912,2850,23150,7891,0,0.31692779794045617,0.10961538461538461,1.0,0.7457878290003543,0.2542121709996456
7891,YPL167C YKR082W,0.0,NA,0.00010461717465659603,2850,23149,7892,0,0.3169573042990764,0.10961960075387515,1.0,0.7457556135433782,0.2542443864566219
7892,YMR306W YMR217W,0.0,NA,0.00010477092291694134,2850,23148,7893,0,0.31698681065769674,0.10962381721670898,1.0,0.7457233980864019,0.25427660191359813
7893,YCR066W YER059W,0.0,NA,0.00010491708962945268,2850,23147,7894,0,0.317016317016317,0.10962803400392353,1.0,0.7456911826294256,0.2543088173705744
7894,YJL189W YOR028C,0.0,NA,0.00010491708962945268,2850,23146,7895,0,0.3170458233749373,0.10963225111555625,1.0,0.7456589671724494,0.25434103282755066
7895,YBR085W YBR038W,0.0,NA,0.00010493829904589802,2850,23145,7896,0,0.31707532973355756,0.10963646855164455,1.0,0.7456267517154731,0.2543732482845269
7896,YPR086W YNL062C,0.0,NA,0.0001049469065037556,2850,23144,7897,0,0.3171048360921779,0.1096406863122259,1.0,0.7455945362584968,0.2544054637415032
7897,YJR084W YBR076W,0.0,NA,0.00010495030437596142,2850,23143,7898,0,0.31713434245079813,0.10964490439733775,1.0,0.7455623208015205,0.2544376791984794
7898,YPL218W YGL078C,0.0,NA,0.0001050128776114434,2850,23142,7899,0,0.31716384880941845,0.10964912280701754,1.0,0.7455301053445443,0.25446989465545566
7899,YJL146W YMR198W,0.0,NA,0.00010506725811865181,2850,23141,7900,0,0.3171933551680387,0.10965334154130275,1.0,0.745497889887568,0.25450211011243196
7900,YJL130C YML013W,0.0,NA,0.00010513010056456551,2850,23140,7901,0,0.317222861526659,0.10965756060023085,1.0,0.7454656744305918,0.2545343255694082
7901,YLR129W YIL125W,0.0,NA,0.00010524575191084296,2850,23139,7902,0,0.3172523678852793,0.10966177998383932,1.0,0.7454334589736156,0.2545665410263845
7902,YHR064C YDL216C,0.0,NA,0.00010527647100389004,2850,23138,7903,0,0.3172818742438996,0.10966599969216562,1.0,0.7454012435166393,0.2545987564833607
7903,YPR052C YBL061C,0.0,NA,0.0001055291504599154,2850,23137,7904,0,0.31731138060251984,0.10967021972524724,1.0,0.745369028059663,0.25463097194033696
7904,YOL059W YJL060W,0.0,NA,0.00010558420763118193,2850,23136,7905,0,0.3173408869611401,0.10967444008312167,1.0,0.7453368126026868,0.25466318739731325
7905,YOR338W YKL188C,0.0,NA,0.0001056989494827576,2850,23135,7906,0,0.3173703933197604,0.10967866076582644,1.0,0.7453045971457105,0.2546954028542895
7906,YMR264W YPR162C,0.0,NA,0.00010570418817223981,2850,23134,7907,0,0.31739989967838067,0.10968288177339902,1.0,0.7452723816887342,0.2547276183112657
7907,YIL133C YHR085W,0.0,NA,0.0001057689223671332,2850,23133,7908,0,0.317429406037001,0.10968710310587693,1.0,0.745240166231758,0.254759833768242
7908,YLL022C YMR218C,0.0,NA,0.0001058569032466039,2850,23132,7909,0,0.31745891239562124,0.10969132476329767,1.0,0.7452079507747817,0.25479204922521825
7909,YNL129W YJR063W,0.0,NA,0.00010608193406369537,2850,23131,7910,0,0.31748841875424155,0.10969554674569879,1.0,0.7451757353178055,0.2548242646821945
7910,YGR094W YNL277W,0.0,NA,0.00010624340939102694,2850,23130,7911,0,0.3175179251128618,0.10969976905311778,1.0,0.7451435198608293,0.2548564801391708
7911,YLR299W YLR035C,0.0,NA,0.00010630481847329065,2850,23129,7912,0,0.3175474314714821,0.10970399168559221,1.0,0.745111304403853,0.254888695596147
7912,YLR399C YHR171W,0.0,NA,0.00010632711928337812,2850,23128,7913,0,0.3175769378301024,0.1097082146431596,1.0,0.7450790889468767,0.2549209110531233
7913,YOL028C YBR065C,0.0,NA,0.00010642266715876758,2850,23127,7914,0,0.3176064441887227,0.10971243792585748,1.0,0.7450468734899005,0.25495312651009955
7914,YBR086C YLR214W,0.0,NA,0.00010649210889823735,2850,23126,7915,0,0.31763595054734295,0.10971666153372343,1.0,0.7450146580329242,0.2549853419670758
7915,YLR206W YDR354W,0.0,NA,0.00010686229506973177,2850,23125,7916,0,0.31766545690596326,0.109720885466795,1.0,0.7449824425759479,0.2550175574240521
7916,YNL088W YOR038C,0.0,NA,0.00010686360474210232,2850,23124,7917,0,0.3176949632645835,0.10972510972510972,1.0,0.7449502271189716,0.2550497728810283
7917,YDR335W YDL147W,0.0,NA,0.00010687054600566626,2850,23123,7918,0,0.3177244696232038,0.1097293343087052,1.0,0.7449180116619954,0.25508198833800455
7918,YML038C YJR150C,0.0,NA,0.00010710865899454802,2850,23122,7919,0,0.3177539759818241,0.10973355921761897,1.0,0.7448857962050192,0.25511420379498084
7919,YIL030C YGR061C,0.0,NA,0.00010742339509306476,2850,23121,7920,0,0.31778348234044435,0.10973778445188864,1.0,0.7448535807480429,0.2551464192519571
7920,YDR528W YER046W,0.0,NA,0.00010761891462607309,2850,23120,7921,0,0.31781298869906466,0.10974201001155179,1.0,0.7448213652910667,0.25517863470893337
7921,YGL133W YDL195W,0.0,NA,0.00010766870400402695,2850,23119,7922,0,0.3178424950576849,0.109746235896646,1.0,0.7447891498340904,0.2552108501659096
7922,YPL111W YDR122W,0.0,NA,0.00010801968164741993,2850,23118,7923,0,0.3178720014163052,0.10975046210720887,1.0,0.7447569343771141,0.25524306562288585
7923,YNL298W YER081W,0.0,NA,0.00010809099330799654,2850,23117,7924,0,0.3179015077749255,0.109754688643278,1.0,0.7447247189201379,0.25527528107986214
7924,YLR227C YCL038C,0.0,NA,0.00010818203736562282,2850,23116,7925,0,0.3179310141335458,0.10975891550489102,1.0,0.7446925034631616,0.2553074965368384
7925,YOR236W YLR020C,0.0,NA,0.00010829619714058936,2850,23115,7926,0,0.31796052049216605,0.1097631426920855,1.0,0.7446602880061853,0.2553397119938146
7926,YDL054C YOR178C,0.0,NA,0.00010845089855138212,2850,23114,7927,0,0.31799002685078637,0.10976737020489909,1.0,0.7446280725492092,0.2553719274507909
7927,YIR030C YOR184W,0.0,NA,0.00010847902012756094,2850,23113,7928,0,0.3180195332094066,0.10977159804336942,1.0,0.7445958570922329,0.25540414290776714
7928,YNL102W YHR203C,0.0,NA,0.00010883077629841864,2850,23112,7929,0,0.31804903956802694,0.1097758262075341,1.0,0.7445636416352566,0.2554363583647434
7929,YHR178W YAL009W,0.0,NA,0.00010892069258261472,2850,23111,7930,0,0.3180785459266472,0.10978005469743077,1.0,0.7445314261782804,0.25546857382171967
7930,YIL124W YNL065W,0.0,NA,0.00010892838326981291,2850,23110,7931,0,0.31810805228526745,0.10978428351309708,1.0,0.7444992107213041,0.2555007892786959
7931,YCR060W YNR054C,0.0,NA,0.00010893585567828268,2850,23109,7932,0,0.31813755864388776,0.10978851265457067,1.0,0.7444669952643278,0.2555330047356722
7932,YDR101C YJR139C,0.0,NA,0.00010901639325311407,2850,23108,7933,0,0.318167065002508,0.1097927421218892,1.0,0.7444347798073516,0.25556522019264843
7933,YDR335W YJR004C,0.0,NA,0.00010903967631747946,2850,23107,7934,0,0.31819657136112833,0.10979697191509034,1.0,0.7444025643503753,0.25559743564962467
7934,YDR253C YER073W,0.0,NA,0.00010916546307271346,2850,23106,7935,0,0.3182260777197486,0.10980120203421175,1.0,0.744370348893399,0.25562965110660096
7935,YFL045C YOR383C,0.0,NA,0.00010925690003205091,2850,23105,7936,0,0.3182555840783689,0.10980543247929109,1.0,0.7443381334364227,0.2556618665635772
7936,YLR377C YGL045W,0.0,NA,0.00010934017336694524,2850,23104,7937,0,0.31828509043698916,0.10980966325036604,1.0,0.7443059179794466,0.25569408202055344
7937,YKR079C YBR070C,0.0,NA,0.0001093454920919612,2850,23103,7938,0,0.3183145967956095,0.10981389434747428,1.0,0.7442737025224703,0.25572629747752973
7938,YLR309C YCL051W,0.0,NA,0.00010947266855509952,2850,23102,7939,0,0.31834410315422973,0.10981812577065352,1.0,0.744241487065494,0.25575851293450597
7939,YDL136W YPL274W,0.0,NA,0.00010949051647912711,2850,23101,7940,0,0.31837360951285004,0.10982235751994143,1.0,0.7442092716085178,0.25579072839148226
7940,YLR385C YLR325C,0.0,NA,0.00010952027514576912,2850,23100,7941,0,0.3184031158714703,0.10982658959537572,1.0,0.7441770561515415,0.2558229438484585
7941,YGL113W YCL043C,0.0,NA,0.0001095343759516254,2850,23099,7942,0,0.3184326222300906,0.10983082199699411,1.0,0.7441448406945652,0.25585515930543473
7942,YCR065W YDL223C,0.0,NA,0.00010955098696285859,2850,23098,7943,0,0.31846212858871087,0.10983505472483428,1.0,0.744112625237589,0.255887374762411
7943,YOL072W YGR049W,0.0,NA,0.00010959299106616527,2850,23097,7944,0,0.3184916349473311,0.10983928777893398,1.0,0.7440804097806127,0.25591959021938726
7944,YJL081C YKL017C,0.0,NA,0.00010966083209495991,2850,23096,7945,0,0.31852114130595144,0.10984352115933092,1.0,0.7440481943236364,0.2559518056763635
7945,YDR021W YLL043W,0.0,NA,0.00010974943870678544,2850,23095,7946,0,0.3185506476645717,0.10984775486606282,1.0,0.7440159788666603,0.2559840211333398
7946,YMR163C YMR256C,0.0,NA,0.00010996009950758889,2850,23094,7947,0,0.318580154023192,0.10985198889916743,1.0,0.743983763409684,0.256016236590316
7947,YLR020C YAR031W,0.0,NA,0.00011008159344783053,2850,23093,7948,0,0.31860966038181227,0.1098562232586825,1.0,0.7439515479527077,0.25604845204729226
7948,YOR377W YJR156C,0.0,NA,0.00011010793969035149,2850,23092,7949,0,0.3186391667404326,0.10986045794464575,1.0,0.7439193324957315,0.25608066750426856
7949,YBR195C YER069W,0.0,NA,0.00011010951857315376,2850,23091,7950,0,0.31866867309905283,0.10986469295709494,1.0,0.7438871170387552,0.2561128829612448
7950,YDR101C YJR051W,0.0,NA,0.00011027911386918277,2850,23090,7951,0,0.31869817945767315,0.10986892829606786,1.0,0.7438549015817789,0.2561450984182211
7951,YMR127C YJL045W,0.0,NA,0.00011037169315386564,2850,23089,7952,0,0.3187276858162934,0.10987316396160222,1.0,0.7438226861248027,0.2561773138751973
7952,YHR193C YLR150W,0.0,NA,0.00011072176857851446,2850,23088,7953,0,0.3187571921749137,0.10987739995373583,1.0,0.7437904706678264,0.25620952933217356
7953,YOL156W YKR046C,0.0,NA,0.00011085107689723372,2850,23087,7954,0,0.318786698533534,0.10988163627250645,1.0,0.7437582552108501,0.25624174478914985
7954,YDR108W YNL270C,0.0,NA,0.00011094053479610011,2850,23086,7955,0,0.3188162048921543,0.10988587291795188,1.0,0.7437260397538739,0.2562739602461261
7955,YIL119C YOR061W,0.0,NA,0.00011107878526672721,2850,23085,7956,0,0.31884571125077454,0.10989010989010989,1.0,0.7436938242968977,0.2563061757031023
7956,YLR026C YBL093C,0.0,NA,0.00011113037908216938,2850,23084,7957,0,0.3188752176093948,0.10989434718901828,1.0,0.7436616088399214,0.2563383911600786
7957,YOR377W YPR179C,0.0,NA,0.00011115666711702943,2850,23083,7958,0,0.3189047239680151,0.10989858481471484,1.0,0.7436293933829451,0.25637060661705485
7958,YOR359W YDR072C,0.0,NA,0.00011120171257061884,2850,23082,7959,0,0.31893423032663537,0.1099028227672374,1.0,0.7435971779259689,0.25640282207403114
7959,YPL007C YNL316C,0.0,NA,0.00011129072663607076,2850,23081,7960,0,0.3189637366852557,0.10990706104662373,1.0,0.7435649624689926,0.2564350375310074
7960,YMR309C YNL309W,0.0,NA,0.0001116556377382949,2850,23080,7961,0,0.31899324304387594,0.10991129965291169,1.0,0.7435327470120163,0.2564672529879836
7961,YIL153W YOR167C,0.0,NA,0.00011167545017087832,2850,23079,7962,0,0.31902274940249625,0.10991553858613907,1.0,0.7435005315550401,0.2564994684449599
7962,YLR448W YPL113C,0.0,NA,0.00011168162745889276,2850,23078,7963,0,0.3190522557611165,0.10991977784634373,1.0,0.7434683160980639,0.25653168390193615
7963,YJR123W YDR091C,0.0,NA,0.00011168939818162471,2850,23077,7964,0,0.3190817621197368,0.10992401743356346,1.0,0.7434361006410876,0.2565638993589124
7964,YJL091C YAL068C,0.0,NA,0.00011170197103638202,2850,23076,7965,0,0.3191112684783571,0.10992825734783615,1.0,0.7434038851841114,0.2565961148158887
7965,YPR093C YGR184C,0.0,NA,0.00011186312622157857,2850,23075,7966,0,0.3191407748369774,0.10993249758919961,1.0,0.7433716697271351,0.2566283302728649
7966,YFR021W YDR477W,0.0,NA,0.00011187155905645341,2850,23074,7967,0,0.31917028119559765,0.10993673815769171,1.0,0.7433394542701588,0.2566605457298412
7967,YDL111C YCR063W,0.0,NA,0.00011187561904080212,2850,23073,7968,0,0.3191997875542179,0.1099409790533503,1.0,0.7433072388131826,0.25669276118681744
7968,YMR119W YJR160C,0.0,NA,0.00011188543430762365,2850,23072,7969,0,0.3192292939128382,0.10994522027621326,1.0,0.7432750233562063,0.2567249766437937
7969,YDR156W YGL254W,0.0,NA,0.00011194913531653583,2850,23071,7970,0,0.3192588002714585,0.10994946182631843,1.0,0.74324280789923,0.25675719210076997
7970,YLR194C YFL022C,0.0,NA,0.00011195469414815307,2850,23070,7971,0,0.3192883066300788,0.1099537037037037,1.0,0.7432105924422538,0.2567894075577462
7971,YJL073W YNL286W,0.0,NA,0.00011200401786481962,2850,23069,7972,0,0.31931781298869905,0.10995794590840696,1.0,0.7431783769852776,0.25682162301472244
7972,YDR108W YKL144C,0.0,NA,0.00011224083573324606,2850,23068,7973,0,0.31934731934731936,0.10996218844046608,1.0,0.7431461615283013,0.25685383847169874
7973,YOR383C YIR019C,0.0,NA,0.00011237899889238179,2850,23067,7974,0,0.3193768257059396,0.10996643129991897,1.0,0.743113946071325,0.256886053928675
7974,YHR062C YOL013C,0.0,NA,0.00011244299093959853,2850,23066,7975,0,0.31940633206455993,0.10997067448680352,1.0,0.7430817306143488,0.2569182693856512
7975,YIL007C YPR032W,0.0,NA,0.00011248685041209683,2850,23065,7976,0,0.3194358384231802,0.10997491800115763,1.0,0.7430495151573725,0.2569504848426275
7976,YLR467W YIR026C,0.0,NA,0.0001125649650930427,2850,23064,7977,0,0.3194653447818005,0.10997916184301922,1.0,0.7430172997003962,0.25698270029960374
7977,YCR047C YOR358W,0.0,NA,0.00011275285214651376,2850,23063,7978,0,0.31949485114042075,0.10998340601242619,1.0,0.74298508424342,0.25701491575658003
7978,YOR107W YOL130W,0.0,NA,0.00011281813203822821,2850,23062,7979,0,0.31952435749904107,0.10998765050941649,1.0,0.7429528687864437,0.25704713121355627
7979,YPR056W YGL097W,0.0,NA,0.00011291737610008568,2850,23061,7980,0,0.3195538638576613,0.10999189533402802,1.0,0.7429206533294674,0.2570793466705325
7980,YGL227W YDL235C,0.0,NA,0.00011296044976916164,2850,23060,7981,0,0.3195833702162816,0.10999614048629873,1.0,0.7428884378724913,0.2571115621275088
7981,YGR198W YBL050W,0.0,NA,0.00011299621837679297,2850,23059,7982,0,0.3196128765749019,0.11000038596626655,1.0,0.742856222415515,0.25714377758448503
7982,YER015W YDR141C,0.0,NA,0.00011300924961687997,2850,23058,7983,0,0.31964238293352215,0.11000463177396944,1.0,0.7428240069585387,0.25717599304146127
7983,YDR452W YDR513W,0.0,NA,0.00011301410268060863,2850,23057,7984,0,0.31967188929214246,0.11000887790944533,1.0,0.7427917915015625,0.25720820849843756
7984,YLR129W YCR065W,0.0,NA,0.00011323664512019604,2850,23056,7985,0,0.3197013956507627,0.11001312437273218,1.0,0.7427595760445862,0.2572404239554138
7985,YHR104W YOR061W,0.0,NA,0.00011329269909765571,2850,23055,7986,0,0.31973090200938303,0.11001737116386798,1.0,0.7427273605876099,0.2572726394123901
7986,YNL021W YOL147C,0.0,NA,0.00011332825670251623,2850,23054,7987,0,0.3197604083680033,0.11002161828289067,1.0,0.7426951451306337,0.25730485486936633
7987,YGR042W YOR287C,0.0,NA,0.00011338813783368096,2850,23053,7988,0,0.3197899147266236,0.11002586572983825,1.0,0.7426629296736574,0.25733707032634257
7988,YIL030C YDR495C,0.0,NA,0.00011343149526510388,2850,23052,7989,0,0.31981942108524386,0.11003011350474867,1.0,0.7426307142166811,0.25736928578331886
7989,YGR145W YHR208W,0.0,NA,0.00011344328231643885,2850,23051,7990,0,0.3198489274438642,0.11003436160765993,1.0,0.742598498759705,0.2574015012402951
7990,YHR052W YMR046C,0.0,NA,0.00011358866322552785,2850,23050,7991,0,0.31987843380248443,0.11003861003861004,1.0,0.7425662833027287,0.25743371669727133
7991,YBR035C YBR210W,0.0,NA,0.00011364391684764996,2850,23049,7992,0,0.31990794016110474,0.11004285879763698,1.0,0.7425340678457524,0.2574659321542476
7992,YPR185W YDL108W,0.0,NA,0.00011370146967237815,2850,23048,7993,0,0.319937446519725,0.11004710788477874,1.0,0.7425018523887761,0.25749814761122386
7993,YML078W YPL033C,0.0,NA,0.00011383784294594079,2850,23047,7994,0,0.31996695287834526,0.11005135730007337,1.0,0.7424696369317999,0.2575303630682001
7994,YFL028C YGR184C,0.0,NA,0.00011383903620298952,2850,23046,7995,0,0.31999645923696557,0.11005560704355885,1.0,0.7424374214748236,0.2575625785251764
7995,YOR056C YPL227C,0.0,NA,0.00011394166358513758,2850,23045,7996,0,0.3200259655955858,0.11005985711527322,1.0,0.7424052060178473,0.2575947939821526
7996,YLR284C YGL141W,0.0,NA,0.00011433805775595829,2850,23044,7997,0,0.32005547195420614,0.1100641075152545,1.0,0.7423729905608711,0.2576270094391289
7997,YJL052W YFR004W,0.0,NA,0.00011457719665486366,2850,23043,7998,0,0.3200849783128264,0.11006835824354072,1.0,0.7423407751038948,0.25765922489610515
7998,YGL017W YIR019C,0.0,NA,0.00011472718324512243,2850,23042,7999,0,0.3201144846714467,0.11007260930016993,1.0,0.7423085596469186,0.2576914403530814
7999,YPL018W YDR118W,0.0,NA,0.00011489140888443217,2850,23041,8000,0,0.32014399103006697,0.11007686068518018,1.0,0.7422763441899424,0.2577236558100577
8000,YPL093W YNR026C,0.0,NA,0.00011493611964397132,2850,23040,8001,0,0.3201734973886873,0.1100811123986095,1.0,0.7422441287329661,0.2577558712670339
8001,YKL218C YIL111W,0.0,NA,0.00011505037400638685,2850,23039,8002,0,0.32020300374730754,0.11008536444049596,1.0,0.7422119132759898,0.25778808672401016
8002,YKL203C YKL160W,0.0,NA,0.00011510337208164856,2850,23038,8003,0,0.32023251010592785,0.11008961681087763,1.0,0.7421796978190136,0.25782030218098645
8003,YJL091C YJR035W,0.0,NA,0.00011527912283781916,2850,23037,8004,0,0.3202620164645481,0.11009386950979257,1.0,0.7421474823620373,0.2578525176379627
8004,YLR098C YOR319W,0.0,NA,0.00011538778198882937,2850,23036,8005,0,0.3202915228231684,0.11009812253727884,1.0,0.742115266905061,0.257884733094939
8005,YMR032W YPR187W,0.0,NA,0.00011542034917511046,2850,23035,8006,0,0.3203210291817887,0.11010237589337454,1.0,0.7420830514480848,0.2579169485519152
8006,YFL058W YJL095W,0.0,NA,0.00011551746865734458,2850,23034,8007,0,0.32035053554040893,0.11010662957811776,1.0,0.7420508359911085,0.25794916400889145
8007,YGL103W YER104W,0.0,NA,0.00011559195263544098,2850,23033,8008,0,0.32038004189902924,0.11011088359154657,1.0,0.7420186205341323,0.25798137946586774
8008,YHR068W YDR364C,0.0,NA,0.00011561654537217692,2850,23032,8009,0,0.3204095482576495,0.11011513793369909,1.0,0.7419864050771561,0.258013594922844
8009,YKR076W YHL039W,0.0,NA,0.00011575751705095172,2850,23031,8010,0,0.3204390546162698,0.11011939260461343,1.0,0.7419541896201798,0.2580458103798202
8010,YGL178W YER026C,0.0,NA,0.00011599784920690581,2850,23030,8011,0,0.32046856097489007,0.11012364760432766,1.0,0.7419219741632035,0.2580780258367965
8011,YFR001W YLR110C,0.0,NA,0.00011616433766903356,2850,23029,8012,0,0.3204980673335104,0.11012790293287994,1.0,0.7418897587062272,0.25811024129377275
8012,YEL061C YIR028W,0.0,NA,0.00011624522448983043,2850,23028,8013,0,0.32052757369213064,0.11013215859030837,1.0,0.741857543249251,0.258142456750749
8013,YJR131W YLR405W,0.0,NA,0.0001164914428954944,2850,23027,8014,0,0.32055708005075095,0.11013641457665108,1.0,0.7418253277922747,0.2581746722077253
8014,YBR267W YHR183W,0.0,NA,0.00011665107740554959,2850,23026,8015,0,0.3205865864093712,0.11014067089194621,1.0,0.7417931123352984,0.2582068876647015
8015,YAL047C YIL090W,0.0,NA,0.0001167955415439792,2850,23025,8016,0,0.3206160927679915,0.11014492753623188,1.0,0.7417608968783223,0.2582391031216778
8016,YDL150W YMR017W,0.0,NA,0.00011693037959048524,2850,23024,8017,0,0.3206455991266118,0.11014918450954626,1.0,0.741728681421346,0.25827131857865404
8017,YER144C YLR028C,0.0,NA,0.00011709115642588586,2850,23023,8018,0,0.3206751054852321,0.11015344181192749,1.0,0.7416964659643697,0.2583035340356303
8018,YJL068C YMR250W,0.0,NA,0.00011710255057550967,2850,23022,8019,0,0.32070461184385235,0.11015769944341373,1.0,0.7416642505073935,0.25833574949260657
8019,YPL094C YPL033C,0.0,NA,0.00011710679973475635,2850,23021,8020,0,0.3207341182024726,0.11016195740404314,1.0,0.7416320350504172,0.2583679649495828
8020,YKL144C YAL021C,0.0,NA,0.00011743264622054994,2850,23020,8021,0,0.3207636245610929,0.11016621569385389,1.0,0.7415998195934409,0.25840018040655904
8021,YGR177C YOR061W,0.0,NA,0.00011747834651032463,2850,23019,8022,0,0.3207931309197132,0.11017047431288415,1.0,0.7415676041364647,0.25843239586353534
8022,YIL085C YBR213W,0.0,NA,0.00011748260294552892,2850,23018,8023,0,0.3208226372783335,0.11017473326117211,1.0,0.7415353886794884,0.2584646113205116
8023,YKR055W YGR256W,0.0,NA,0.00011750041448976845,2850,23017,8024,0,0.32085214363695375,0.11017899253875595,1.0,0.7415031732225121,0.25849682677748786
8024,YGL211W YFR008W,0.0,NA,0.00011750288103939965,2850,23016,8025,0,0.32088164999557406,0.11018325214567386,1.0,0.741470957765536,0.2585290422344641
8025,YBL063W YMR167W,0.0,NA,0.00011757158790715039,2850,23015,8026,0,0.3209111563541943,0.11018751208196405,1.0,0.7414387423085597,0.25856125769144034
8026,YER117W YMR062C,0.0,NA,0.00011758167238440365,2850,23014,8027,0,0.32094066271281463,0.11019177234766471,1.0,0.7414065268515834,0.25859347314841663
8027,YCR035C YOR310C,0.0,NA,0.00011764493683585897,2850,23013,8028,0,0.3209701690714349,0.11019603294281406,1.0,0.7413743113946071,0.25862568860539287
8028,YOR132W YGL011C,0.0,NA,0.0001176811711047776,2850,23012,8029,0,0.3209996754300552,0.11020029386745031,1.0,0.7413420959376309,0.2586579040623691
8029,YIR030C YGL194C,0.0,NA,0.00011770250421250239,2850,23011,8030,0,0.32102918178867546,0.11020455512161169,1.0,0.7413098804806546,0.2586901195193454
8030,YGL145W YLR129W,0.0,NA,0.00011771382560255006,2850,23010,8031,0,0.32105868814729577,0.11020881670533643,1.0,0.7412776650236783,0.25872233497632163
8031,YNR070W YPR051W,0.0,NA,0.0001177234880742617,2850,23009,8032,0,0.321088194505916,0.11021307861866275,1.0,0.7412454495667021,0.25875455043329787
8032,YJR131W YNR054C,0.0,NA,0.00011777659528888762,2850,23008,8033,0,0.3211177008645363,0.11021734086162889,1.0,0.7412132341097258,0.25878676589027416
8033,YAL011W YOL155C,0.0,NA,0.00011785949754994363,2850,23007,8034,0,0.3211472072231566,0.11022160343427312,1.0,0.7411810186527495,0.2588189813472504
8034,YDR403W YKR089C,0.0,NA,0.0001179938844870776,2850,23006,8035,0,0.32117671358177685,0.11022586633663366,1.0,0.7411488031957734,0.2588511968042267
8035,YPR094W YOR312C,0.0,NA,0.0001181073603220284,2850,23005,8036,0,0.32120621994039716,0.1102301295687488,1.0,0.7411165877387971,0.2588834122612029
8036,YNL192W YNR016C,0.0,NA,0.00011814384924946353,2850,23004,8037,0,0.3212357262990174,0.11023439313065676,1.0,0.7410843722818208,0.25891562771817916
8037,YGR217W YBR067C,0.0,NA,0.00011843746324302629,2850,23003,8038,0,0.32126523265763773,0.11023865702239585,1.0,0.7410521568248446,0.25894784317515546
8038,YIL110W YJL050W,0.0,NA,0.00011847801215481013,2850,23002,8039,0,0.321294739016258,0.11024292124400434,1.0,0.7410199413678683,0.2589800586321317
8039,YOR046C YNL239W,0.0,NA,0.00011858188372571021,2850,23001,8040,0,0.3213242453748783,0.11024718579552048,1.0,0.740987725910892,0.25901227408910793
8040,YDR343C YMR069W,0.0,NA,0.00011858324432978407,2850,23000,8041,0,0.32135375173349856,0.1102514506769826,1.0,0.7409555104539158,0.2590444895460842
8041,YGR206W YOR312C,0.0,NA,0.00011863685358548537,2850,22999,8042,0,0.3213832580921189,0.11025571588842896,1.0,0.7409232949969395,0.25907670500306046
8042,YNR074C YER117W,0.0,NA,0.00011869240552186966,2850,22998,8043,0,0.32141276445073913,0.11025998142989786,1.0,0.7408910795399632,0.25910892046003675
8043,YJL106W YLR411W,0.0,NA,0.00011879227531608194,2850,22997,8044,0,0.32144227080935944,0.11026424730142763,1.0,0.7408588640829871,0.259141135917013
8044,YNL172W YIL159W,0.0,NA,0.00011896775686182082,2850,22996,8045,0,0.3214717771679797,0.11026851350305657,1.0,0.7408266486260108,0.2591733513739892
8045,YBR168W YGL093W,0.0,NA,0.00011913099297089502,2850,22995,8046,0,0.32150128352659996,0.11027278003482298,1.0,0.7407944331690345,0.2592055668309655
8046,YGL027C YHR133C,0.0,NA,0.00011916020594071597,2850,22994,8047,0,0.32153078988522027,0.11027704689676521,1.0,0.7407622177120582,0.25923778228794175
8047,YDR255C YKL025C,0.0,NA,0.00011918985546799377,2850,22993,8048,0,0.3215602962438405,0.11028131408892157,1.0,0.740730002255082,0.259269997744918
8048,YKR082W YPL171C,0.0,NA,0.0001193378193420358,2850,22992,8049,0,0.32158980260246084,0.1102855816113304,1.0,0.7406977867981057,0.2593022132018943
8049,YMR306W YBR223C,0.0,NA,0.00011939780233660713,2850,22991,8050,0,0.3216193089610811,0.11028984946403003,1.0,0.7406655713411294,0.2593344286588705
8050,YNL074C YFL031W,0.0,NA,0.00011953620560234413,2850,22990,8051,0,0.3216488153197014,0.11029411764705882,1.0,0.7406333558841532,0.25936664411584676
8051,YEL044W YDR158W,0.0,NA,0.00011963793804170564,2850,22989,8052,0,0.32167832167832167,0.11029838616045512,1.0,0.740601140427177,0.25939885957282305
8052,YLR360W YIR033W,0.0,NA,0.0001197429301100783,2850,22988,8053,0,0.321707828036942,0.1103026550042573,1.0,0.7405689249702007,0.2594310750297993
8053,YLR121C YOR361C,0.0,NA,0.00011979317787336186,2850,22987,8054,0,0.32173733439556224,0.1103069241785037,1.0,0.7405367095132245,0.2594632904867756
8054,YNL239W YDR073W,0.0,NA,0.0001197988967760466,2850,22986,8055,0,0.32176684075418255,0.1103111936832327,1.0,0.7405044940562482,0.2594955059437518
8055,YER049W YBL039C,0.0,NA,0.00011988083133473992,2850,22985,8056,0,0.3217963471128028,0.11031546351848268,1.0,0.7404722785992719,0.25952772140072805
8056,YGR133W YJR139C,0.0,NA,0.00011997070396319032,2850,22984,8057,0,0.3218258534714231,0.11031973368429202,1.0,0.7404400631422957,0.25955993685770434
8057,YIL140W YBR011C,0.0,NA,0.00012012181105092168,2850,22983,8058,0,0.3218553598300434,0.11032400418069911,1.0,0.7404078476853194,0.2595921523146806
8058,YER009W YOR190W,0.0,NA,0.0001202959319925867,2850,22982,8059,0,0.32188486618866363,0.11032827500774234,1.0,0.7403756322283431,0.2596243677716568
8059,YCR039C YKR066C,0.0,NA,0.00012049488577758893,2850,22981,8060,0,0.32191437254728394,0.11033254616546011,1.0,0.740343416771367,0.2596565832286331
8060,YPR036W YGL137W,0.0,NA,0.00012063548638252541,2850,22980,8061,0,0.3219438789059042,0.11033681765389082,1.0,0.7403112013143907,0.25968879868560935
8061,YGR208W YLR467W,0.0,NA,0.00012079169391654432,2850,22979,8062,0,0.3219733852645245,0.1103410894730729,1.0,0.7402789858574144,0.25972101414258564
8062,YBR213W YLR015W,0.0,NA,0.00012113888806197792,2850,22978,8063,0,0.32200289162314477,0.11034536162304476,1.0,0.7402467704004382,0.2597532295995619
8063,YEL022W YML105C,0.0,NA,0.00012114731362089515,2850,22977,8064,0,0.3220323979817651,0.11034963410384481,1.0,0.7402145549434619,0.2597854450565381
8064,YDR064W YEL055C,0.0,NA,0.00012116338621126488,2850,22976,8065,0,0.32206190434038534,0.1103539069155115,1.0,0.7401823394864856,0.2598176605135144
8065,YLR144C YGR009C,0.0,NA,0.00012131413677707314,2850,22975,8066,0,0.32209141069900565,0.11035818005808325,1.0,0.7401501240295093,0.25984987597049064
8066,YAL043C YJL050W,0.0,NA,0.00012131888070143759,2850,22974,8067,0,0.3221209170576259,0.11036245353159851,1.0,0.7401179085725331,0.2598820914274669
8067,YHR101C YDR321W,0.0,NA,0.00012139930913690478,2850,22973,8068,0,0.3221504234162462,0.11036672733609573,1.0,0.7400856931155568,0.25991430688444317
8068,YDL193W YOR091W,0.0,NA,0.00012157109449617565,2850,22972,8069,0,0.3221799297748665,0.11037100147161336,1.0,0.7400534776585805,0.2599465223414194
8069,YPR138C YBR106W,0.0,NA,0.00012162408529547974,2850,22971,8070,0,0.3222094361334868,0.11037527593818984,1.0,0.7400212622016044,0.25997873779839564
8070,YGR040W YML080W,0.0,NA,0.00012164044164819643,2850,22970,8071,0,0.32223894249210705,0.11037955073586367,1.0,0.7399890467446281,0.26001095325537193
8071,YPR185W YDR059C,0.0,NA,0.00012166063243057579,2850,22969,8072,0,0.3222684488507273,0.1103838258646733,1.0,0.7399568312876518,0.26004316871234817
8072,YDL230W YGR206W,0.0,NA,0.00012171086564194411,2850,22968,8073,0,0.3222979552093476,0.11038810132465722,1.0,0.7399246158306756,0.26007538416932446
8073,YDR409W YEL054C,0.0,NA,0.00012216805771458894,2850,22967,8074,0,0.3223274615679679,0.1103923771158539,1.0,0.7398924003736993,0.2601075996263007
8074,YER117W YML026C,0.0,NA,0.00012217331095598638,2850,22966,8075,0,0.3223569679265882,0.11039665323830183,1.0,0.739860184916723,0.26013981508327694
8075,YKL006W YJL140W,0.0,NA,0.00012244049867149442,2850,22965,8076,0,0.32238647428520845,0.11040092969203952,1.0,0.7398279694597468,0.26017203054025323
8076,YMR263W YDR411C,0.0,NA,0.00012246666301507503,2850,22964,8077,0,0.32241598064382876,0.11040520647710544,1.0,0.7397957540027705,0.26020424599722947
8077,YCR042C YJR017C,0.0,NA,0.00012251829321030527,2850,22963,8078,0,0.322445487002449,0.11040948359353814,1.0,0.7397635385457942,0.2602364614542057
8078,YPR074C YKR081C,0.0,NA,0.00012270301522221416,2850,22962,8079,0,0.32247499336106933,0.11041376104137611,1.0,0.7397313230888181,0.260268676911182
8079,YDR160W YML123C,0.0,NA,0.00012274397886358202,2850,22961,8080,0,0.3225044997196896,0.11041803882065786,1.0,0.7396991076318418,0.26030089236815823
8080,YGL070C YOR281C,0.0,NA,0.00012282405805308372,2850,22960,8081,0,0.3225340060783099,0.11042231693142193,1.0,0.7396668921748655,0.2603331078251345
8081,YKL018W YOR027W,0.0,NA,0.00012285192497074604,2850,22959,8082,0,0.32256351243693016,0.11042659537370685,1.0,0.7396346767178893,0.26036532328211076
8082,YBL079W YPL016W,0.0,NA,0.00012292340397834778,2850,22958,8083,0,0.32259301879555047,0.11043087414755115,1.0,0.739602461260913,0.260397538739087
8083,YKL130C YLL039C,0.0,NA,0.0001229792251251638,2850,22957,8084,0,0.3226225251541707,0.11043515325299337,1.0,0.7395702458039367,0.2604297541960633
8084,YBR173C YOR136W,0.0,NA,0.00012300454545766115,2850,22956,8085,0,0.322652031512791,0.11043943269007207,1.0,0.7395380303469604,0.2604619696530395
8085,YOR191W YBR067C,0.0,NA,0.00012324299314059317,2850,22955,8086,0,0.3226815378714113,0.11044371245882581,1.0,0.7395058148899842,0.26049418511001576
8086,YFR010W YMR016C,0.0,NA,0.0001233265793416649,2850,22954,8087,0,0.32271104423003155,0.11044799255929313,1.0,0.7394735994330079,0.26052640056699206
8087,YHR010W YFR037C,0.0,NA,0.00012345095456112176,2850,22953,8088,0,0.32274055058865186,0.11045227299151261,1.0,0.7394413839760317,0.2605586160239683
8088,YCR008W YOR257W,0.0,NA,0.00012352160410955548,2850,22952,8089,0,0.3227700569472721,0.11045655375552282,1.0,0.7394091685190555,0.2605908314809446
8089,YGL139W YLL035W,0.0,NA,0.00012358487583696842,2850,22951,8090,0,0.32279956330589243,0.11046083485136235,1.0,0.7393769530620792,0.2606230469379208
8090,YOR076C YFL056C,0.0,NA,0.00012400097330100834,2850,22950,8091,0,0.3228290696645127,0.11046511627906977,1.0,0.7393447376051029,0.26065526239489706
8091,YJL039C YDL148C,0.0,NA,0.00012415940000209957,2850,22949,8092,0,0.322858576023133,0.11046939803868366,1.0,0.7393125221481267,0.26068747785187335
8092,YDR389W YEL059C-A,0.0,NA,0.00012420462735462934,2850,22948,8093,0,0.32288808238175326,0.11047368013024265,1.0,0.7392803066911504,0.2607196933088496
8093,YDR100W YMR143W,0.0,NA,0.00012427014007698745,2850,22947,8094,0,0.3229175887403736,0.11047796255378532,1.0,0.7392480912341741,0.2607519087658258
8094,YML095C YGL035C,0.0,NA,0.00012435774260666221,2850,22946,8095,0,0.32294709509899383,0.11048224530935029,1.0,0.7392158757771979,0.2607841242228021
8095,YHR139C YIL106W,0.0,NA,0.00012447590415831655,2850,22945,8096,0,0.32297660145761414,0.11048652839697616,1.0,0.7391836603202216,0.26081633967977835
8096,YKR025W YBR263W,0.0,NA,0.00012470627552829683,2850,22944,8097,0,0.3230061078162344,0.11049081181670156,1.0,0.7391514448632454,0.2608485551367546
8097,YER043C YNL085W,0.0,NA,0.000124721133033745,2850,22943,8098,0,0.32303561417485466,0.11049509556856511,1.0,0.7391192294062692,0.2608807705937309
8098,YGL166W YOR168W,0.0,NA,0.00012488132051657885,2850,22942,8099,0,0.32306512053347497,0.11049937965260546,1.0,0.7390870139492929,0.2609129860507071
8099,YCR009C YDR439W,0.0,NA,0.0001250174973392859,2850,22941,8100,0,0.3230946268920952,0.11050366406886122,1.0,0.7390547984923166,0.2609452015076834
8100,YDL213C YLR131C,0.0,NA,0.00012503682228270918,2850,22940,8101,0,0.32312413325071554,0.11050794881737107,1.0,0.7390225830353404,0.26097741696465965
8101,YDR025W YPR078C,0.0,NA,0.00012517232971731573,2850,22939,8102,0,0.3231536396093358,0.11051223389817363,1.0,0.7389903675783641,0.2610096324216359
8102,YLR430W YHR084W,0.0,NA,0.00012554277782328427,2850,22938,8103,0,0.3231831459679561,0.11051651931130758,1.0,0.7389581521213878,0.2610418478786122
8103,YIL124W YOR040W,0.0,NA,0.00012557102309074253,2850,22937,8104,0,0.32321265232657637,0.11052080505681157,1.0,0.7389259366644115,0.2610740633355884
8104,YIL096C YDR057W,0.0,NA,0.0001256983814528212,2850,22936,8105,0,0.3232421586851967,0.11052509113472427,1.0,0.7388937212074353,0.26110627879256465
8105,YDR160W YBR030W,0.0,NA,0.0001260621938854456,2850,22935,8106,0,0.32327166504381694,0.11052937754508435,1.0,0.7388615057504591,0.26113849424954094
8106,YJL212C YPR129W,0.0,NA,0.00012613891158252954,2850,22934,8107,0,0.32330117140243725,0.1105336642879305,1.0,0.7388292902934828,0.2611707097065172
8107,YLR423C YLL060C,0.0,NA,0.00012626670650206506,2850,22933,8108,0,0.3233306777610575,0.1105379513633014,1.0,0.7387970748365066,0.26120292516349347
8108,YGL025C YLL005C,0.0,NA,0.00012631536810658872,2850,22932,8109,0,0.3233601841196778,0.11054223877123574,1.0,0.7387648593795303,0.2612351406204697
8109,YIL149C YMR180C,0.0,NA,0.00012634294398594648,2850,22931,8110,0,0.3233896904782981,0.11054652651177224,1.0,0.738732643922554,0.26126735607744594
8110,YER051W YDL161W,0.0,NA,0.0001265584141947329,2850,22930,8111,0,0.32341919683691833,0.11055081458494957,1.0,0.7387004284655778,0.26129957153442224
8111,YJR147W YDL118W,0.0,NA,0.00012659946514759213,2850,22929,8112,0,0.32344870319553864,0.11055510299080647,1.0,0.7386682130086015,0.2613317869913985
8112,YDL083C YLR206W,0.0,NA,0.00012665717804338783,2850,22928,8113,0,0.3234782095541589,0.11055939172938165,1.0,0.7386359975516252,0.2613640024483747
8113,YFL049W YGR285C,0.0,NA,0.00012675178004428744,2850,22927,8114,0,0.3235077159127792,0.11056368080071381,1.0,0.738603782094649,0.261396217905351
8114,YER102W YML076C,0.0,NA,0.00012677644554059952,2850,22926,8115,0,0.32353722227139947,0.11056797020484171,1.0,0.7385715666376728,0.26142843336232724
8115,YMR212C YDR507C,0.0,NA,0.00012679348583333194,2850,22925,8116,0,0.3235667286300198,0.11057225994180407,1.0,0.7385393511806965,0.2614606488193035
8116,YNR056C YBL037W,0.0,NA,0.00012699059152510017,2850,22924,8117,0,0.32359623498864004,0.11057655001163964,1.0,0.7385071357237203,0.26149286427627977
8117,YLR183C YER074W,0.0,NA,0.00012700572551693767,2850,22923,8118,0,0.32362574134726035,0.11058084041438715,1.0,0.738474920266744,0.261525079733256
8118,YER172C YNL072W,0.0,NA,0.00012702244566753507,2850,22922,8119,0,0.3236552477058806,0.11058513115008536,1.0,0.7384427048097677,0.2615572951902323
8119,YHL007C YLR180W,0.0,NA,0.0001270303182536736,2850,22921,8120,0,0.3236847540645009,0.11058942221877303,1.0,0.7384104893527915,0.26158951064720853
8120,YPR138C YGR154C,0.0,NA,0.0001270503125851974,2850,22920,8121,0,0.3237142604231212,0.11059371362048893,1.0,0.7383782738958152,0.26162172610418477
8121,YKL034W YDR180W,0.0,NA,0.00012706387497019023,2850,22919,8122,0,0.32374376678174144,0.11059800535527184,1.0,0.7383460584388389,0.26165394156116106
8122,YJR105W YPL049C,0.0,NA,0.00012732001778203994,2850,22918,8123,0,0.32377327314036175,0.11060229742316051,1.0,0.7383138429818626,0.2616861570181373
8123,YGL058W YMR054W,0.0,NA,0.00012737224460579455,2850,22917,8124,0,0.323802779498982,0.11060658982419373,1.0,0.7382816275248865,0.26171837247511354
8124,YGL254W YKL196C,0.0,NA,0.00012742253602482378,2850,22916,8125,0,0.3238322858576023,0.11061088255841031,1.0,0.7382494120679102,0.26175058793208983
8125,YPR017C YER014W,0.0,NA,0.00012749047891702503,2850,22915,8126,0,0.3238617922162226,0.11061517562584902,1.0,0.7382171966109339,0.26178280338906607
8126,YHR111W YOR002W,0.0,NA,0.00012757997319567949,2850,22914,8127,0,0.3238912985748429,0.11061946902654868,1.0,0.7381849811539577,0.26181501884604236
8127,YDR204W YKR059W,0.0,NA,0.0001276483671972528,2850,22913,8128,0,0.32392080493346315,0.11062376276054807,1.0,0.7381527656969814,0.2618472343030186
8128,YGL162W YHR204W,0.0,NA,0.00012797389354091138,2850,22912,8129,0,0.32395031129208346,0.11062805682788604,1.0,0.7381205502400051,0.26187944975999483
8129,YJR131W YNL251C,0.0,NA,0.00012799659452866763,2850,22911,8130,0,0.3239798176507037,0.11063235122860138,1.0,0.7380883347830289,0.2619116652169711
8130,YLR227C YPL146C,0.0,NA,0.00012803540448658168,2850,22910,8131,0,0.32400932400932403,0.11063664596273291,1.0,0.7380561193260526,0.26194388067394736
8131,YDL084W YDL022W,0.0,NA,0.00012805005826521665,2850,22909,8132,0,0.3240388303679443,0.1106409410303195,1.0,0.7380239038690763,0.2619760961309236
8132,YBR142W YPL117C,0.0,NA,0.00012809244799427688,2850,22908,8133,0,0.3240683367265646,0.11064523643139995,1.0,0.7379916884121002,0.2620083115878999
8133,YKL006W YNL002C,0.0,NA,0.00012809562031179667,2850,22907,8134,0,0.32409784308518486,0.11064953216601313,1.0,0.7379594729551239,0.2620405270448761
8134,YOR294W YGL016W,0.0,NA,0.00012812847853638232,2850,22906,8135,0,0.3241273494438051,0.11065382823419785,1.0,0.7379272574981476,0.26207274250185236
8135,YLR085C YGR285C,0.0,NA,0.00012822405551560223,2850,22905,8136,0,0.3241568558024254,0.110658124635993,1.0,0.7378950420411714,0.26210495795882865
8136,YOR165W YDR436W,0.0,NA,0.00012827700993511826,2850,22904,8137,0,0.3241863621610457,0.11066242137143745,1.0,0.7378628265841951,0.2621371734158049
8137,YBR097W YKL192C,0.0,NA,0.00012832850916311145,2850,22903,8138,0,0.324215868519666,0.11066671844057004,1.0,0.7378306111272188,0.2621693888727812
8138,YJR082C YCL014W,0.0,NA,0.00012836327368859202,2850,22902,8139,0,0.32424537487828625,0.11067101584342964,1.0,0.7377983956702426,0.2622016043297574
8139,YNL216W YOR386W,0.0,NA,0.00012843134754803032,2850,22901,8140,0,0.32427488123690656,0.11067531358005514,1.0,0.7377661802132663,0.26223381978673366
8140,YDR005C YDL079C,0.0,NA,0.00012885492469649762,2850,22900,8141,0,0.3243043875955268,0.11067961165048544,1.0,0.73773396475629,0.26226603524370995
8141,YER031C YJL047C,0.0,NA,0.00012888539640698582,2850,22899,8142,0,0.32433389395414713,0.1106839100547594,1.0,0.7377017492993138,0.2622982507006862
8142,YJL214W YHR085W,0.0,NA,0.00012907147174701095,2850,22898,8143,0,0.3243634003127674,0.11068820879291595,1.0,0.7376695338423376,0.2623304661576624
8143,YFL054C YLR386W,0.0,NA,0.00012911688827443868,2850,22897,8144,0,0.3243929066713877,0.11069250786499397,1.0,0.7376373183853613,0.2623626816146387
8144,YMR127C YLR033W,0.0,NA,0.00012919916480313987,2850,22896,8145,0,0.32442241303000796,0.1106968072710324,1.0,0.737605102928385,0.26239489707161495
8145,YGR123C YPR078C,0.0,NA,0.00012923046597279608,2850,22895,8146,0,0.3244519193886283,0.11070110701107011,1.0,0.7375728874714088,0.26242711252859124
8146,YHR184W YKL067W,0.0,NA,0.00012926114141009748,2850,22894,8147,0,0.32448142574724853,0.11070540708514605,1.0,0.7375406720144325,0.2624593279855675
8147,YOL005C YBL034C,0.0,NA,0.00012929935473948717,2850,22893,8148,0,0.3245109321058688,0.11070970749329916,1.0,0.7375084565574562,0.2624915434425437
8148,YMR030W YDR064W,0.0,NA,0.0001293748355237767,2850,22892,8149,0,0.3245404384644891,0.11071400823556833,1.0,0.73747624110048,0.26252375889952
8149,YBR029C YGR166W,0.0,NA,0.00012940604938194156,2850,22891,8150,0,0.32456994482310936,0.11071830931199254,1.0,0.7374440256435038,0.26255597435649625
8150,YJR140C YGL017W,0.0,NA,0.000129480249597691,2850,22890,8151,0,0.32459945118172967,0.11072261072261072,1.0,0.7374118101865275,0.2625881898134725
8151,YPL192C YBR111W-A,0.0,NA,0.00012948653602506965,2850,22889,8152,0,0.3246289575403499,0.11072691246746183,1.0,0.7373795947295513,0.2626204052704488
8152,YPR110C YKR061W,0.0,NA,0.00012965901987627149,2850,22888,8153,0,0.32465846389897024,0.11073121454658481,1.0,0.737347379272575,0.262652620727425
8153,YNL209W YDR158W,0.0,NA,0.00012984695786144584,2850,22887,8154,0,0.3246879702575905,0.11073551696001865,1.0,0.7373151638155987,0.26268483618440125
8154,YPR056W YKL112W,0.0,NA,0.00012984794739168137,2850,22886,8155,0,0.3247174766162108,0.1107398197078023,1.0,0.7372829483586225,0.26271705164137754
8155,YJL106W YPL160W,0.0,NA,0.0001298719726037234,2850,22885,8156,0,0.32474698297483107,0.11074412278997474,1.0,0.7372507329016462,0.2627492670983538
8156,YFL005W YMR170C,0.0,NA,0.00013004583888687193,2850,22884,8157,0,0.3247764893334514,0.11074842620657496,1.0,0.7372185174446699,0.26278148255533007
8157,YLR120C YDR480W,0.0,NA,0.00013006356311962008,2850,22883,8158,0,0.32480599569207164,0.11075272995764193,1.0,0.7371863019876937,0.2628136980123063
8158,YNL091W YML057W,0.0,NA,0.00013007113011553884,2850,22882,8159,0,0.32483550205069195,0.11075703404321467,1.0,0.7371540865307175,0.26284591346928254
8159,YKR099W YMR313C,0.0,NA,0.00013008774840272963,2850,22881,8160,0,0.3248650084093122,0.11076133846333217,1.0,0.7371218710737412,0.26287812892625884
8160,YPL082C YDL080C,0.0,NA,0.00013027756358496845,2850,22880,8161,0,0.32489451476793246,0.11076564321803342,1.0,0.7370896556167649,0.2629103443832351
8161,YOR054C YLR237W,0.0,NA,0.00013032526476308703,2850,22879,8162,0,0.3249240211265528,0.11076994830735745,1.0,0.7370574401597887,0.2629425598402113
8162,YPL243W YLR214W,0.0,NA,0.0001303275057580322,2850,22878,8163,0,0.32495352748517303,0.11077425373134328,1.0,0.7370252247028124,0.2629747752971876
8163,YMR028W YNR013C,0.0,NA,0.00013037846656516194,2850,22877,8164,0,0.32498303384379335,0.11077855949002993,1.0,0.7369930092458361,0.26300699075416384
8164,YDL215C YPL084W,0.0,NA,0.00013044984370935708,2850,22876,8165,0,0.3250125402024136,0.11078286558345643,1.0,0.7369607937888599,0.26303920621114013
8165,YDL149W YDR283C,0.0,NA,0.00013098420458845794,2850,22875,8166,0,0.3250420465610339,0.11078717201166181,1.0,0.7369285783318836,0.26307142166811637
8166,YDR320C YKL165C,0.0,NA,0.00013133551692590117,2850,22874,8167,0,0.32507155291965417,0.11079147877468512,1.0,0.7368963628749073,0.2631036371250926
8167,YJL179W YDR142C,0.0,NA,0.00013137083442416042,2850,22873,8168,0,0.3251010592782745,0.1107957858725654,1.0,0.7368641474179312,0.2631358525820689
8168,YBR136W YNL084C,0.0,NA,0.0001316276320721954,2850,22872,8169,0,0.32513056563689474,0.11080009330534173,1.0,0.7368319319609549,0.26316806803904513
8169,YIL052C YKR019C,0.0,NA,0.0001316565030720085,2850,22871,8170,0,0.32516007199551505,0.11080440107305314,1.0,0.7367997165039786,0.26320028349602137
8170,YBR073W YER179W,0.0,NA,0.00013178323570173234,2850,22870,8171,0,0.3251895783541353,0.11080870917573872,1.0,0.7367675010470024,0.26323249895299766
8171,YBR084C-A YFR019W,0.0,NA,0.00013178499648347497,2850,22869,8172,0,0.3252190847127556,0.11081301761343754,1.0,0.7367352855900261,0.2632647144099739
8172,YHR090C YOR063W,0.0,NA,0.00013187940930947661,2850,22868,8173,0,0.3252485910713759,0.11081732638618866,1.0,0.7367030701330498,0.26329692986695014
8173,YNR060W YPL043W,0.0,NA,0.00013215509534347802,2850,22867,8174,0,0.32527809742999614,0.11082163549403118,1.0,0.7366708546760736,0.26332914532392643
8174,YCR106W YDR118W,0.0,NA,0.00013216429215390235,2850,22866,8175,0,0.32530760378861645,0.1108259449370042,1.0,0.7366386392190973,0.26336136078090266
8175,YKL007W YER129W,0.0,NA,0.0001322187454206869,2850,22865,8176,0,0.3253371101472367,0.1108302547151468,1.0,0.736606423762121,0.26339357623787896
8176,YER082C YJR036C,0.0,NA,0.0001322294701822102,2850,22864,8177,0,0.325366616505857,0.1108345648284981,1.0,0.7365742083051449,0.2634257916948552
8177,YHR072W YDL194W,0.0,NA,0.0001322506577707827,2850,22863,8178,0,0.3253961228644773,0.11083887527709718,1.0,0.7365419928481686,0.26345800715183143
8178,YDR071C YDR064W,0.0,NA,0.00013235182268545032,2850,22862,8179,0,0.3254256292230976,0.1108431860609832,1.0,0.7365097773911923,0.2634902226088077
8179,YNL178W YHL022C,0.0,NA,0.00013252091594040394,2850,22861,8180,0,0.32545513558171785,0.11084749718019525,1.0,0.736477561934216,0.26352243806578396
8180,YLR345W YMR208W,0.0,NA,0.00013265025336295366,2850,22860,8181,0,0.32548464194033816,0.11085180863477247,1.0,0.7364453464772398,0.2635546535227602
8181,YJR140C YGR221C,0.0,NA,0.000132966844830662,2850,22859,8182,0,0.3255141482989584,0.11085612042475397,1.0,0.7364131310202635,0.2635868689797365
8182,YJL101C YKR086W,0.0,NA,0.00013306832988746464,2850,22858,8183,0,0.32554365465757873,0.11086043255017894,1.0,0.7363809155632872,0.2636190844367127
8183,YBL003C YMR062C,0.0,NA,0.00013316441618371755,2850,22857,8184,0,0.325573161016199,0.11086474501108648,1.0,0.736348700106311,0.263651299893689
8184,YDL140C YHR136C,0.0,NA,0.00013367520296014845,2850,22856,8185,0,0.3256026673748193,0.11086905780751576,1.0,0.7363164846493347,0.26368351535066525
8185,YDR308C YAL022C,0.0,NA,0.0001337747962679714,2850,22855,8186,0,0.32563217373343956,0.11087337093950593,1.0,0.7362842691923585,0.2637157308076415
8186,YEL022W YNR023W,0.0,NA,0.00013377619325183332,2850,22854,8187,0,0.3256616800920598,0.11087768440709617,1.0,0.7362520537353823,0.2637479462646178
8187,YML105C YOL078W,0.0,NA,0.00013379240408539772,2850,22853,8188,0,0.3256911864506801,0.11088199821032564,1.0,0.736219838278406,0.263780161721594
8188,YJL091C YBL021C,0.0,NA,0.00013389973901212215,2850,22852,8189,0,0.3257206928093004,0.11088631234923352,1.0,0.7361876228214297,0.26381237717857026
8189,YNL312W YGL234W,0.0,NA,0.00013392693654168397,2850,22851,8190,0,0.3257501991679207,0.11089062682385899,1.0,0.7361554073644535,0.26384459263554655
8190,YHL015W YHR163W,0.0,NA,0.00013401239993982017,2850,22850,8191,0,0.32577970552654095,0.11089494163424124,1.0,0.7361231919074772,0.2638768080925228
8191,YHR052W YIL029C,0.0,NA,0.00013404818309936672,2850,22849,8192,0,0.32580921188516127,0.11089925678041947,1.0,0.7360909764505009,0.263909023549499
8192,YIL016W YHL020C,0.0,NA,0.00013407426013145596,2850,22848,8193,0,0.3258387182437815,0.11090357226243287,1.0,0.7360587609935247,0.2639412390064753
8193,YJL100W YEL064C,0.0,NA,0.00013421598123386502,2850,22847,8194,0,0.32586822460240183,0.11090788808032066,1.0,0.7360265455365484,0.26397345446345155
8194,YMR127C YIL073C,0.0,NA,0.00013457609748002142,2850,22846,8195,0,0.3258977309610221,0.11091220423412204,1.0,0.7359943300795722,0.26400566992042784
8195,YBR081C YPR104C,0.0,NA,0.00013458340254146606,2850,22845,8196,0,0.3259272373196424,0.11091652072387624,1.0,0.735962114622596,0.2640378853774041
8196,YBR156C YJR160C,0.0,NA,0.00013461588241625577,2850,22844,8197,0,0.32595674367826266,0.11092083754962248,1.0,0.7359298991656197,0.2640701008343803
8197,YNL166C YDR177W,0.0,NA,0.00013498040789272636,2850,22843,8198,0,0.325986250036883,0.11092515471139999,1.0,0.7358976837086434,0.2641023162913566
8198,YMR220W YPR185W,0.0,NA,0.00013506526011042297,2850,22842,8199,0,0.32601575639550323,0.11092947220924801,1.0,0.7358654682516671,0.26413453174833285
8199,YLR307W YPL163C,0.0,NA,0.00013507298717740923,2850,22841,8200,0,0.3260452627541235,0.11093379004320579,1.0,0.7358332527946909,0.2641667472053091
8200,YPL018W YGR063C,0.0,NA,0.0001351862447336316,2850,22840,8201,0,0.3260747691127438,0.11093810821331257,1.0,0.7358010373377146,0.2641989626622854
8201,YHR110W YPL016W,0.0,NA,0.00013538336497731507,2850,22839,8202,0,0.32610427547136406,0.11094242671960762,1.0,0.7357688218807383,0.2642311781192616
8202,YPL258C YNL225C,0.0,NA,0.000135413181851618,2850,22838,8203,0,0.32613378182998437,0.11094674556213018,1.0,0.7357366064237622,0.2642633935762379
8203,YML051W YLR409C,0.0,NA,0.00013542210217565298,2850,22837,8204,0,0.3261632881886046,0.11095106474091954,1.0,0.7357043909667859,0.26429560903321414
8204,YBL039C YGL166W,0.0,NA,0.00013550218136515468,2850,22836,8205,0,0.32619279454722494,0.11095538425601495,1.0,0.7356721755098096,0.2643278244901904
8205,YHR040W YOR126C,0.0,NA,0.0001357934670522809,2850,22835,8206,0,0.3262223009058452,0.11095970410745572,1.0,0.7356399600528334,0.26436003994716667
8206,YLR220W YLR119W,0.0,NA,0.00013595542986877263,2850,22834,8207,0,0.3262518072644655,0.11096402429528111,1.0,0.7356077445958571,0.2643922554041429
8207,YNR049C YDR522C,0.0,NA,0.00013595671043731272,2850,22833,8208,0,0.32628131362308577,0.11096834481953043,1.0,0.7355755291388808,0.26442447086111914
8208,YBR078W YGL170C,0.0,NA,0.00013613807095680386,2850,22832,8209,0,0.3263108199817061,0.11097266568024297,1.0,0.7355433136819046,0.26445668631809544
8209,YHR109W YLR047C,0.0,NA,0.0001362502807751298,2850,22831,8210,0,0.32634032634032634,0.11097698687745804,1.0,0.7355110982249283,0.26448890177507167
8210,YMR246W YJL071W,0.0,NA,0.0001364053605357185,2850,22830,8211,0,0.32636983269894665,0.11098130841121495,1.0,0.735478882767952,0.26452111723204796
8211,YML014W YJR084W,0.0,NA,0.00013646950537804514,2850,22829,8212,0,0.3263993390575669,0.11098563028155302,1.0,0.7354466673109759,0.2645533326890242
8212,YPL239W YGR247W,0.0,NA,0.00013648043386638165,2850,22828,8213,0,0.32642884541618716,0.11098995248851157,1.0,0.7354144518539996,0.26458554814600044
8213,YJL164C YHR142W,0.0,NA,0.00013650541950482875,2850,22827,8214,0,0.3264583517748075,0.11099427503212993,1.0,0.7353822363970233,0.26461776360297673
8214,YMR030W YDR137W,0.0,NA,0.00013659123214893043,2850,22826,8215,0,0.32648785813342773,0.11099859791244743,1.0,0.7353500209400471,0.26464997905995297
8215,YDL061C YER006W,0.0,NA,0.00013673966168425977,2850,22825,8216,0,0.32651736449204805,0.11100292112950341,1.0,0.7353178054830708,0.2646821945169292
8216,YDR006C YKR072C,0.0,NA,0.00013674161164090037,2850,22824,8217,0,0.3265468708506683,0.11100724468333723,1.0,0.7352855900260945,0.2647144099739055
8217,YHR206W YLR170C,0.0,NA,0.00013705476885661483,2850,22823,8218,0,0.3265763772092886,0.11101156857398824,1.0,0.7352533745691182,0.26474662543088173
8218,YOR140W YKR101W,0.0,NA,0.00013712876534555107,2850,22822,8219,0,0.3266058835679089,0.11101589280149579,1.0,0.735221159112142,0.26477884088785797
8219,YMR096W YLR022C,0.0,NA,0.00013729820784647018,2850,22821,8220,0,0.3266353899265292,0.11102021736589926,1.0,0.7351889436551657,0.26481105634483426
8220,YER109C YOL091W,0.0,NA,0.00013766657502856106,2850,22820,8221,0,0.32666489628514944,0.11102454226723803,1.0,0.7351567281981894,0.2648432718018105
8221,YCL011C YNL037C,0.0,NA,0.00013773576938547194,2850,22819,8222,0,0.32669440264376975,0.11102886750555144,1.0,0.7351245127412133,0.2648754872587868
8222,YJL033W YBL037W,0.0,NA,0.00013782196037936956,2850,22818,8223,0,0.32672390900239,0.11103319308087892,1.0,0.735092297284237,0.264907702715763
8223,YMR061W YNL015W,0.0,NA,0.00013787808711640537,2850,22817,8224,0,0.3267534153610103,0.11103751899325982,1.0,0.7350600818272607,0.26493991817273926
8224,YLR144C YMR272C,0.0,NA,0.0001380571338813752,2850,22816,8225,0,0.3267829217196306,0.11104184524273358,1.0,0.7350278663702845,0.26497213362971556
8225,YHR150W YOR346W,0.0,NA,0.00013809216034132987,2850,22815,8226,0,0.32681242807825084,0.11104617182933957,1.0,0.7349956509133082,0.2650043490866918
8226,YFR003C YOR217W,0.0,NA,0.00013812034740112722,2850,22814,8227,0,0.32684193443687115,0.1110504987531172,1.0,0.7349634354563319,0.26503656454366803
8227,YMR070W YNL262W,0.0,NA,0.00013821545871905982,2850,22813,8228,0,0.3268714407954914,0.1110548260141059,1.0,0.7349312199993557,0.2650687800006443
8228,YLL057C YLR086W,0.0,NA,0.00013822496111970395,2850,22812,8229,0,0.3269009471541117,0.1110591536123451,1.0,0.7348990045423794,0.26510099545762056
8229,YDR373W YEL027W,0.0,NA,0.00013825672795064747,2850,22811,8230,0,0.326930453512732,0.11106348154787421,1.0,0.7348667890854031,0.26513321091459685
8230,YGR023W YOL124C,0.0,NA,0.00013841369946021587,2850,22810,8231,0,0.3269599598713523,0.11106780982073265,1.0,0.734834573628427,0.2651654263715731
8231,YBR077C YDL212W,0.0,NA,0.00013850729737896472,2850,22809,8232,0,0.32698946622997255,0.1110721384309599,1.0,0.7348023581714507,0.2651976418285493
8232,YBR070C YDL108W,0.0,NA,0.00013886223314329982,2850,22808,8233,0,0.32701897258859286,0.11107646737859538,1.0,0.7347701427144744,0.2652298572855256
8233,YDL239C YDR046C,0.0,NA,0.0001388949458487332,2850,22807,8234,0,0.3270484789472131,0.11108079666367852,1.0,0.7347379272574982,0.26526207274250185
8234,YMR162C YBR180W,0.0,NA,0.00013891600247006863,2850,22806,8235,0,0.32707798530583343,0.11108512628624884,1.0,0.7347057118005219,0.2652942881994781
8235,YPL194W YML038C,0.0,NA,0.0001389913959428668,2850,22805,8236,0,0.3271074916644537,0.11108945624634574,1.0,0.7346734963435456,0.2653265036564544
8236,YPR104C YOR091W,0.0,NA,0.00013931993453297764,2850,22804,8237,0,0.327136998023074,0.11109378654400873,1.0,0.7346412808865693,0.2653587191134306
8237,YMR314W YDL007W,0.0,NA,0.0001394970022374764,2850,22803,8238,0,0.32716650438169426,0.11109811717927728,1.0,0.7346090654295931,0.26539093457040686
8238,YER081W YER026C,0.0,NA,0.00013956418843008578,2850,22802,8239,0,0.3271960107403145,0.11110244815219086,1.0,0.7345768499726169,0.26542315002738315
8239,YPL224C YDR214W,0.0,NA,0.0001396137085976079,2850,22801,8240,0,0.3272255170989348,0.11110677946278898,1.0,0.7345446345156406,0.2654553654843594
8240,YIL167W YKL182W,0.0,NA,0.00013979327923152596,2850,22800,8241,0,0.3272550234575551,0.1111111111111111,1.0,0.7345124190586644,0.2654875809413357
8241,YPL208W YKL143W,0.0,NA,0.000139799143653363,2850,22799,8242,0,0.3272845298161754,0.11111544309719677,1.0,0.7344802036016881,0.2655197963983119
8242,YDR146C YOR230W,0.0,NA,0.00014014082262292504,2850,22798,8243,0,0.32731403617479565,0.11111977542108546,1.0,0.7344479881447118,0.26555201185528815
8243,YLL035W YNL127W,0.0,NA,0.00014036388893146068,2850,22797,8244,0,0.32734354253341597,0.1111241080828167,1.0,0.7344157726877356,0.26558422731226444
8244,YDR481C YOL025W,0.0,NA,0.00014037619985174388,2850,22796,8245,0,0.3273730488920362,0.11112844108243,1.0,0.7343835572307593,0.2656164427692407
8245,YNL132W YLR228C,0.0,NA,0.00014040512905921787,2850,22795,8246,0,0.32740255525065654,0.1111327744199649,1.0,0.734351341773783,0.2656486582262169
8246,YKL013C YCL044C,0.0,NA,0.00014066376024857163,2850,22794,8247,0,0.3274320616092768,0.11113710809546093,1.0,0.7343191263168068,0.2656808736831932
8247,YML004C YNR057C,0.0,NA,0.00014076170918997377,2850,22793,8248,0,0.3274615679678971,0.11114144210895761,1.0,0.7342869108598306,0.26571308914016945
8248,YKR008W YBL103C,0.0,NA,0.00014078021922614425,2850,22792,8249,0,0.32749107432651736,0.1111457764604945,1.0,0.7342546954028543,0.26574530459714574
8249,YLL040C YMR021C,0.0,NA,0.000140834876219742,2850,22791,8250,0,0.3275205806851377,0.11115011115011116,1.0,0.7342224799458781,0.265777520054122
8250,YKR061W YIL150C,0.0,NA,0.0001409282413078472,2850,22790,8251,0,0.32755008704375793,0.11115444617784712,1.0,0.7341902644889018,0.2658097355110982
8251,YMR146C YKR020W,0.0,NA,0.0001409989345120266,2850,22789,8252,0,0.3275795934023782,0.11115878154374195,1.0,0.7341580490319255,0.2658419509680745
8252,YBR264C YKL139W,0.0,NA,0.00014119173283688724,2850,22788,8253,0,0.3276090997609985,0.11116311724783524,1.0,0.7341258335749493,0.26587416642505074
8253,YPR167C YBR278W,0.0,NA,0.00014125138113740832,2850,22787,8254,0,0.32763860611961876,0.11116745329016656,1.0,0.734093618117973,0.265906381882027
8254,YDR046C YLR074C,0.0,NA,0.00014127077884040773,2850,22786,8255,0,0.32766811247823907,0.11117178967077547,1.0,0.7340614026609967,0.26593859733900327
8255,YER044C YHR134W,0.0,NA,0.00014149106573313475,2850,22785,8256,0,0.32769761883685933,0.11117612638970158,1.0,0.7340291872040204,0.2659708127959795
8256,YDR423C YDR191W,0.0,NA,0.00014150780043564737,2850,22784,8257,0,0.32772712519547964,0.11118046344698447,1.0,0.7339969717470443,0.26600302825295574
8257,YBR161W YHL007C,0.0,NA,0.00014158284466248006,2850,22783,8258,0,0.3277566315540999,0.11118480084266376,1.0,0.733964756290068,0.26603524370993203
8258,YBL008W YMR167W,0.0,NA,0.0001418512110831216,2850,22782,8259,0,0.3277861379127202,0.11118913857677902,1.0,0.7339325408330917,0.26606745916690827
8259,YFL058W YBL015W,0.0,NA,0.0001418628526153043,2850,22781,8260,0,0.32781564427134047,0.1111934766493699,1.0,0.7339003253761155,0.26609967462388456
8260,YGR177C YDR460W,0.0,NA,0.00014188259956426919,2850,22780,8261,0,0.3278451506299608,0.111197815060476,1.0,0.7338681099191392,0.2661318900808608
8261,YLR452C YJL153C,0.0,NA,0.00014204313629306853,2850,22779,8262,0,0.32787465698858104,0.11120215381013696,1.0,0.7338358944621629,0.26616410553783704
8262,YJL087C YJR019C,0.0,NA,0.00014213798567652702,2850,22778,8263,0,0.32790416334720135,0.11120649289839238,1.0,0.7338036790051867,0.26619632099481333
8263,YBR102C YGR285C,0.0,NA,0.00014222624304238707,2850,22777,8264,0,0.3279336697058216,0.11121083232528194,1.0,0.7337714635482104,0.26622853645178957
8264,YJL198W YKL126W,0.0,NA,0.00014225405175238848,2850,22776,8265,0,0.32796317606444186,0.11121517209084524,1.0,0.7337392480912341,0.2662607519087658
8265,YDL132W YDL223C,0.0,NA,0.00014228497457224876,2850,22775,8266,0,0.3279926824230622,0.11121951219512195,1.0,0.733707032634258,0.2662929673657421
8266,YDR098C YOR065W,0.0,NA,0.00014258023293223232,2850,22774,8267,0,0.32802218878168243,0.11122385263815174,1.0,0.7336748171772817,0.26632518282271833
8267,YCL018W YHR040W,0.0,NA,0.00014263164484873414,2850,22773,8268,0,0.32805169514030275,0.11122819341997424,1.0,0.7336426017203054,0.2663573982796946
8268,YDL017W YOR191W,0.0,NA,0.0001426474191248417,2850,22772,8269,0,0.328081201498923,0.11123253454062915,1.0,0.7336103862633292,0.26638961373667086
8269,YDR110W YPR149W,0.0,NA,0.00014275178546085954,2850,22771,8270,0,0.3281107078575433,0.11123687600015612,1.0,0.7335781708063529,0.2664218291936471
8270,YBR018C YBL040C,0.0,NA,0.00014314475993160158,2850,22770,8271,0,0.3281402142161636,0.11124121779859485,1.0,0.7335459553493766,0.2664540446506234
8271,YHR072W-A YER065C,0.0,NA,0.00014326683594845235,2850,22769,8272,0,0.3281697205747839,0.111245559935985,1.0,0.7335137398924003,0.2664862601075996
8272,YDL083C YIL046W,0.0,NA,0.00014329442637972534,2850,22768,8273,0,0.32819922693340414,0.1112499024123663,1.0,0.7334815244354241,0.26651847556457586
8273,YPR138C YMR097C,0.0,NA,0.00014330659178085625,2850,22767,8274,0,0.32822873329202445,0.11125424522777842,1.0,0.7334493089784478,0.26655069102155216
8274,YBR275C YBL015W,0.0,NA,0.0001433605793863535,2850,22766,8275,0,0.3282582396506447,0.11125858838226109,1.0,0.7334170935214716,0.2665829064785284
8275,YDR206W YDR288W,0.0,NA,0.0001435356680303812,2850,22765,8276,0,0.32828774600926497,0.111262931875854,1.0,0.7333848780644954,0.26661512193550463
8276,YGL251C YOL102C,0.0,NA,0.00014359316264744848,2850,22764,8277,0,0.3283172523678853,0.11126727570859686,1.0,0.7333526626075191,0.2666473373924809
8277,YBL101C YLR086W,0.0,NA,0.00014363505761139095,2850,22763,8278,0,0.32834675872650554,0.11127161988052942,1.0,0.7333204471505428,0.26667955284945716
8278,YMR139W YAL007C,0.0,NA,0.0001437837490811944,2850,22762,8279,0,0.32837626508512585,0.11127596439169139,1.0,0.7332882316935666,0.26671176830643345
8279,YAL058W YBL027W,0.0,NA,0.0001444226800231263,2850,22761,8280,0,0.3284057714437461,0.11128030924212252,1.0,0.7332560162365903,0.2667439837634097
8280,YDR137W YDR178W,0.0,NA,0.00014450396702159196,2850,22760,8281,0,0.3284352778023664,0.11128465443186256,1.0,0.733223800779614,0.2667761992203859
8281,YGL145W YDL141W,0.0,NA,0.00014457548968493938,2850,22759,8282,0,0.3284647841609867,0.11128899996095123,1.0,0.7331915853226378,0.2668084146773622
8282,YLR325C YHR134W,0.0,NA,0.00014458059740718454,2850,22758,8283,0,0.328494290519607,0.1112933458294283,1.0,0.7331593698656615,0.26684063013433845
8283,YHR183W YDR313C,0.0,NA,0.00014462237595580518,2850,22757,8284,0,0.32852379687822725,0.11129769203733354,1.0,0.7331271544086853,0.2668728455913147
8284,YKL164C YLR189C,0.0,NA,0.00014466926222667098,2850,22756,8285,0,0.32855330323684756,0.1113020385847067,1.0,0.7330949389517091,0.266905061048291
8285,YIL120W YPL126W,0.0,NA,0.00014469216694124043,2850,22755,8286,0,0.3285828095954678,0.11130638547158758,1.0,0.7330627234947328,0.2669372765052672
8286,YOL149W YMR032W,0.0,NA,0.00014479375386144966,2850,22754,8287,0,0.32861231595408813,0.11131073269801593,1.0,0.7330305080377565,0.2669694919622435
8287,YBR018C YIR011C,0.0,NA,0.00014567325706593692,2850,22753,8288,0,0.3286418223127084,0.11131508026403156,1.0,0.7329982925807803,0.26700170741921975
8288,YML065W YJR091C,0.0,NA,0.00014571439533028752,2850,22752,8289,0,0.32867132867132864,0.11131942816967424,1.0,0.732966077123804,0.267033922876196
8289,YDR406W YJR053W,0.0,NA,0.00014580320566892624,2850,22751,8290,0,0.32870083502994896,0.1113237764149838,1.0,0.7329338616668277,0.2670661383331723
8290,YJR073C YNL332W,0.0,NA,0.00014590930368285626,2850,22750,8291,0,0.3287303413885692,0.111328125,1.0,0.7329016462098514,0.2670983537901485
8291,YLR277C YAL036C,0.0,NA,0.00014593380910810083,2850,22749,8292,0,0.3287598477471895,0.11133247392476268,1.0,0.7328694307528753,0.26713056924712475
8292,YKL045W YBL026W,0.0,NA,0.00014594772073905915,2850,22748,8293,0,0.3287893541058098,0.11133682318931166,1.0,0.732837215295899,0.26716278470410104
8293,YCR027C YGL170C,0.0,NA,0.00014617307169828564,2850,22747,8294,0,0.3288188604644301,0.11134117279368676,1.0,0.7328049998389227,0.2671950001610773
8294,YDR320C YML041C,0.0,NA,0.0001462458458263427,2850,22746,8295,0,0.32884836682305035,0.1113455227379278,1.0,0.7327727843819465,0.2672272156180535
8295,YKL032C YLR029C,0.0,NA,0.00014625141920987517,2850,22745,8296,0,0.32887787318167067,0.11134987302207462,1.0,0.7327405689249702,0.2672594310750298
8296,YLR308W YMR300C,0.0,NA,0.0001464111846871674,2850,22744,8297,0,0.3289073795402909,0.11135422364616707,1.0,0.7327083534679939,0.26729164653200604
8297,YMR121C YHR103W,0.0,NA,0.00014655951235909015,2850,22743,8298,0,0.32893688589891124,0.111358574610245,1.0,0.7326761380110177,0.26732386198898234
8298,YHR087W YLR075W,0.0,NA,0.00014656678831670433,2850,22742,8299,0,0.3289663922575315,0.11136292591434824,1.0,0.7326439225540414,0.2673560774459586
8299,YPL095C YJL001W,0.0,NA,0.00014677460421808064,2850,22741,8300,0,0.3289958986161518,0.11136727755851666,1.0,0.7326117070970651,0.2673882929029348
8300,YIR006C YNL110C,0.0,NA,0.0001468363479943946,2850,22740,8301,0,0.32902540497477206,0.11137162954279015,1.0,0.732579491640089,0.2674205083599111
8301,YBR173C YGR158C,0.0,NA,0.0001469182752771303,2850,22739,8302,0,0.3290549113333923,0.11137598186720857,1.0,0.7325472761831127,0.26745272381688734
8302,YKL020C YLR438C-A,0.0,NA,0.00014708297385368496,2850,22738,8303,0,0.32908441769201263,0.11138033453181179,1.0,0.7325150607261364,0.2674849392738636
8303,YLR452C YNL258C,0.0,NA,0.00014720756735187024,2850,22737,8304,0,0.3291139240506329,0.1113846875366397,1.0,0.7324828452691602,0.26751715473083987
8304,YBR109C YJL056C,0.0,NA,0.0001472244184697047,2850,22736,8305,0,0.3291434304092532,0.1113890408817322,1.0,0.7324506298121839,0.2675493701878161
8305,YOR192C YMR239C,0.0,NA,0.0001474333112128079,2850,22735,8306,0,0.32917293676787346,0.11139339456712918,1.0,0.7324184143552076,0.2675815856447924
8306,YDL043C YOR096W,0.0,NA,0.0001476154720876366,2850,22734,8307,0,0.32920244312649377,0.11139774859287055,1.0,0.7323861988982314,0.26761380110176863
8307,YNL117W YLR333C,0.0,NA,0.00014777955948375165,2850,22733,8308,0,0.32923194948511403,0.1114021029589962,1.0,0.7323539834412551,0.26764601655874487
8308,YPR167C YDR279W,0.0,NA,0.00014780237688682973,2850,22732,8309,0,0.32926145584373434,0.11140645766554609,1.0,0.7323217679842788,0.26767823201572116
8309,YKL032C YBR191W,0.0,NA,0.00014782465586904436,2850,22731,8310,0,0.3292909622023546,0.1114108127125601,1.0,0.7322895525273025,0.2677104474726974
8310,YJR041C YDR343C,0.0,NA,0.00014797358016949147,2850,22730,8311,0,0.3293204685609749,0.11141516810007819,1.0,0.7322573370703264,0.26774266292967364
8311,YOR255W YGL004C,0.0,NA,0.00014798020129092038,2850,22729,8312,0,0.32934997491959517,0.11141952382814027,1.0,0.7322251216133501,0.26777487838664993
8312,YNL021W YGL192W,0.0,NA,0.00014836493937764317,2850,22728,8313,0,0.3293794812782155,0.1114238798967863,1.0,0.7321929061563738,0.26780709384362616
8313,YDL087C YKR082W,0.0,NA,0.0001484238018747419,2850,22727,8314,0,0.32940898763683574,0.11142823630605622,1.0,0.7321606906993976,0.2678393093006024
8314,YNL232W YIR037W,0.0,NA,0.0001488333655288443,2850,22726,8315,0,0.329438493995456,0.11143259305598999,1.0,0.7321284752424213,0.2678715247575787
8315,YBR086C YDL238C,0.0,NA,0.00014896370703354478,2850,22725,8316,0,0.3294680003540763,0.11143695014662756,1.0,0.732096259785445,0.26790374021455493
8316,YNL002C YLR074C,0.0,NA,0.00014923127309884876,2850,22724,8317,0,0.32949750671269656,0.11144130757800892,1.0,0.7320640443284688,0.2679359556715312
8317,YBR084W YPL255W,0.0,NA,0.000149292332935147,2850,22723,8318,0,0.3295270130713169,0.11144566535017401,1.0,0.7320318288714925,0.26796817112850746
8318,YLR206W YHR153C,0.0,NA,0.00014932564226910472,2850,22722,8319,0,0.32955651942993713,0.11145002346316284,1.0,0.7319996134145162,0.2680003865854837
8319,YLL039C YNR047W,0.0,NA,0.00014934515638742596,2850,22721,8320,0,0.32958602578855745,0.11145438191701537,1.0,0.7319673979575401,0.26803260204246
8320,YBR155W YPR187W,0.0,NA,0.00014935141371097416,2850,22720,8321,0,0.3296155321471777,0.1114587407117716,1.0,0.7319351825005638,0.2680648174994362
8321,YJL034W YJL168C,0.0,NA,0.00014935726358089596,2850,22719,8322,0,0.329645038505798,0.11146309984747155,1.0,0.7319029670435875,0.26809703295641246
8322,YER083C YPL026C,0.0,NA,0.00014939428365323693,2850,22718,8323,0,0.3296745448644183,0.1114674593241552,1.0,0.7318707515866113,0.26812924841338875
8323,YMR277W YOL049W,0.0,NA,0.00014952811761759222,2850,22717,8324,0,0.3297040512230386,0.11147181914186256,1.0,0.731838536129635,0.268161463870365
8324,YCR060W YIL103W,0.0,NA,0.0001497844059485942,2850,22716,8325,0,0.32973355758165884,0.11147617930063365,1.0,0.7318063206726587,0.2681936793273413
8325,YLR146C YPR017C,0.0,NA,0.00014979268598835915,2850,22715,8326,0,0.32976306394027916,0.11148053980050851,1.0,0.7317741052156825,0.2682258947843175
8326,YCL008C YLR233C,0.0,NA,0.0001499030040577054,2850,22714,8327,0,0.3297925702988994,0.11148490064152715,1.0,0.7317418897587062,0.26825811024129376
8327,YLR119W YBR216C,0.0,NA,0.00014993330114521086,2850,22713,8328,0,0.32982207665751967,0.1114892618237296,1.0,0.73170967430173,0.26829032569827005
8328,YGL190C YDR254W,0.0,NA,0.0001500045182183385,2850,22712,8329,0,0.32985158301614,0.11149362334715593,1.0,0.7316774588447537,0.2683225411552463
8329,YHR158C YMR058W,0.0,NA,0.0001502242375863716,2850,22711,8330,0,0.32988108937476024,0.11149798521184617,1.0,0.7316452433877775,0.2683547566122225
8330,YLR233C YGR249W,0.0,NA,0.00015069810615386814,2850,22710,8331,0,0.32991059573338055,0.11150234741784038,1.0,0.7316130279308012,0.2683869720691988
8331,YBR034C YHR143W-A,0.0,NA,0.00015078809519764036,2850,22709,8332,0,0.3299401020920008,0.11150670996517861,1.0,0.7315808124738249,0.26841918752617505
8332,YDL007W YML045W,0.0,NA,0.0001508060668129474,2850,22708,8333,0,0.3299696084506211,0.11151107285390092,1.0,0.7315485970168487,0.26845140298315134
8333,YHR068W YHR114W,0.0,NA,0.0001508346904302016,2850,22707,8334,0,0.3299991148092414,0.11151543608404742,1.0,0.7315163815598724,0.2684836184401276
8334,YDR081C YNL067W,0.0,NA,0.00015123361663427204,2850,22706,8335,0,0.3300286211678617,0.11151979965565816,1.0,0.7314841661028961,0.2685158338971038
8335,YHR138C YEL027W,0.0,NA,0.00015149498358368874,2850,22705,8336,0,0.33005812752648195,0.11152416356877323,1.0,0.73145195064592,0.2685480493540801
8336,YJR064W YHR106W,0.0,NA,0.00015163271746132523,2850,22704,8337,0,0.33008763388510226,0.11152852782343273,1.0,0.7314197351889437,0.26858026481105635
8337,YPR017C YLR432W,0.0,NA,0.0001517096534371376,2850,22703,8338,0,0.3301171402437225,0.11153289241967675,1.0,0.7313875197319674,0.2686124802680326
8338,YPL086C YMR058W,0.0,NA,0.00015175147564150393,2850,22702,8339,0,0.33014664660234283,0.1115372573575454,1.0,0.7313553042749912,0.2686446957250089
8339,YKR053C YMR138W,0.0,NA,0.00015185352822300047,2850,22701,8340,0,0.3301761529609631,0.11154162263707879,1.0,0.7313230888180149,0.2686769111819851
8340,YGL212W YDR190C,0.0,NA,0.00015196693129837513,2850,22700,8341,0,0.33020565931958334,0.11154598825831702,1.0,0.7312908733610386,0.26870912663896135
8341,YCL050C YJL134W,0.0,NA,0.00015209117555059493,2850,22699,8342,0,0.33023516567820366,0.11155035422130025,1.0,0.7312586579040624,0.26874134209593764
8342,YIL038C YDR182W,0.0,NA,0.0001522889651823789,2850,22698,8343,0,0.3302646720368239,0.11155472052606857,1.0,0.7312264424470861,0.2687735575529139
8343,YDL245C YGR170W,0.0,NA,0.0001524614344816655,2850,22697,8344,0,0.3302941783954442,0.11155908717266215,1.0,0.7311942269901098,0.26880577300989017
8344,YNL053W YLR405W,0.0,NA,0.00015255145262926817,2850,22696,8345,0,0.3303236847540645,0.11156345416112111,1.0,0.7311620115331336,0.2688379884668664
8345,YJR078W YLL028W,0.0,NA,0.00015261211956385523,2850,22695,8346,0,0.3303531911126848,0.11156782149148561,1.0,0.7311297960761574,0.26887020392384264
8346,YMR083W YBR050C,0.0,NA,0.00015270266158040613,2850,22694,8347,0,0.33038269747130505,0.1115721891637958,1.0,0.7310975806191811,0.26890241938081894
8347,YJL006C YDR376W,0.0,NA,0.00015291888848878443,2850,22693,8348,0,0.33041220382992537,0.11157655717809184,1.0,0.7310653651622048,0.2689346348377952
8348,YDR236C YPR134W,0.0,NA,0.000152986278408207,2850,22692,8349,0,0.3304417101885456,0.11158092553441391,1.0,0.7310331497052286,0.2689668502947714
8349,YKL054C YHR164C,0.0,NA,0.00015302376414183527,2850,22691,8350,0,0.33047121654716594,0.11158529423280217,1.0,0.7310009342482523,0.2689990657517477
8350,YIR005W YLR467W,0.0,NA,0.00015316404460463673,2850,22690,8351,0,0.3305007229057862,0.1115896632732968,1.0,0.730968718791276,0.26903128120872394
8351,YPL145C YOR074C,0.0,NA,0.00015335125499404967,2850,22689,8352,0,0.3305302292644065,0.11159403265593798,1.0,0.7309365033342998,0.26906349666570023
8352,YGL029W YJL137C,0.0,NA,0.00015338357479777187,2850,22688,8353,0,0.33055973562302676,0.11159840238076592,1.0,0.7309042878773235,0.26909571212267647
8353,YOR160W YGL216W,0.0,NA,0.0001533958566142246,2850,22687,8354,0,0.330589241981647,0.11160277244782081,1.0,0.7308720724203472,0.2691279275796527
8354,YNL093W YNL136W,0.0,NA,0.0001535921182949096,2850,22686,8355,0,0.33061874834026733,0.11160714285714286,1.0,0.7308398569633711,0.269160143036629
8355,YMR183C YML066C,0.0,NA,0.00015362098929472268,2850,22685,8356,0,0.3306482546988876,0.11161151360877228,1.0,0.7308076415063948,0.26919235849360523
8356,YCR033W YKR024C,0.0,NA,0.00015363314014393836,2850,22684,8357,0,0.3306777610575079,0.11161588470274927,1.0,0.7307754260494185,0.26922457395058147
8357,YIL021W YIL097W,0.0,NA,0.00015396148955915123,2850,22683,8358,0,0.33070726741612816,0.11162025613911408,1.0,0.7307432105924423,0.26925678940755776
8358,YDR181C YHR065C,0.0,NA,0.0001541895035188645,2850,22682,8359,0,0.33073677377474847,0.11162462791790694,1.0,0.730710995135466,0.269289004864534
8359,YJR035W YHR004C,0.0,NA,0.00015419066767208278,2850,22681,8360,0,0.33076628013336873,0.11162900003916806,1.0,0.7306787796784897,0.26932122032151024
8360,YIL079C YGR255C,0.0,NA,0.00015419890405610204,2850,22680,8361,0,0.33079578649198904,0.11163337250293771,1.0,0.7306465642215135,0.2693534357784865
8361,YOR267C YAL009W,0.0,NA,0.00015430305211339146,2850,22679,8362,0,0.3308252928506093,0.11163774530925615,1.0,0.7306143487645372,0.26938565123546276
8362,YIL002C YMR079W,0.0,NA,0.00015437927504535764,2850,22678,8363,0,0.3308547992092296,0.11164211845816359,1.0,0.7305821333075609,0.26941786669243906
8363,YDR536W YPL033C,0.0,NA,0.0001544879487482831,2850,22677,8364,0,0.33088430556784987,0.11164649194970032,1.0,0.7305499178505848,0.2694500821494153
8364,YER090W YDR229W,0.0,NA,0.0001545884442748502,2850,22676,8365,0,0.3309138119264702,0.11165086578390661,1.0,0.7305177023936085,0.26948229760639153
8365,YGR256W YOR275C,0.0,NA,0.00015472235099878162,2850,22675,8366,0,0.33094331828509044,0.11165523996082272,1.0,0.7304854869366322,0.2695145130633678
8366,YLR119W YGR065C,0.0,NA,0.00015473857638426125,2850,22674,8367,0,0.3309728246437107,0.11165961448048896,1.0,0.7304532714796559,0.26954672852034406
8367,YBR254C YML046W,0.0,NA,0.00015487364726141095,2850,22673,8368,0,0.331002331002331,0.11166398934294558,1.0,0.7304210560226797,0.2695789439773203
8368,YDR055W YJL010C,0.0,NA,0.0001551102614030242,2850,22672,8369,0,0.33103183736095126,0.1116683645482329,1.0,0.7303888405657034,0.2696111594342966
8369,YGR097W YDR122W,0.0,NA,0.00015512312529608607,2850,22671,8370,0,0.3310613437195716,0.11167274009639121,1.0,0.7303566251087271,0.2696433748912728
8370,YNL189W YDL040C,0.0,NA,0.0001552212197566405,2850,22670,8371,0,0.33109085007819183,0.11167711598746081,1.0,0.7303244096517509,0.2696755903482491
8371,YDR500C YGL093W,0.0,NA,0.0001553147885715589,2850,22669,8372,0,0.33112035643681215,0.11168149222148203,1.0,0.7302921941947746,0.26970780580522535
8372,YOR107W YOR217W,0.0,NA,0.00015539182641077787,2850,22668,8373,0,0.3311498627954324,0.11168586879849518,1.0,0.7302599787377984,0.2697400212622016
8373,YJR103W YML095C,0.0,NA,0.0001554580667288974,2850,22667,8374,0,0.3311793691540527,0.11169024571854058,1.0,0.7302277632808222,0.2697722367191779
8374,YML004C YBL098W,0.0,NA,0.00015578288002870977,2850,22666,8375,0,0.331208875512673,0.11169462298165857,1.0,0.7301955478238459,0.2698044521761541
8375,YNL236W YBR040W,0.0,NA,0.00015590772090945393,2850,22665,8376,0,0.3312383818712933,0.11169900058788948,1.0,0.7301633323668696,0.26983666763313036
8376,YLR119W YGL021W,0.0,NA,0.0001560064556542784,2850,22664,8377,0,0.33126788822991354,0.11170337853727365,1.0,0.7301311169098934,0.26986888309010665
8377,YDR038C YHR167W,0.0,NA,0.0001560254895593971,2850,22663,8378,0,0.33129739458853386,0.11170775682985144,1.0,0.7300989014529171,0.2699010985470829
8378,YJR159W YJL074C,0.0,NA,0.00015618788893334568,2850,22662,8379,0,0.3313269009471541,0.11171213546566322,1.0,0.7300666859959408,0.2699333140040591
8379,YLR250W YHR135C,0.0,NA,0.00015619280748069286,2850,22661,8380,0,0.33135640730577437,0.11171651444474932,1.0,0.7300344705389646,0.2699655294610354
8380,YER107C YGR204W,0.0,NA,0.00015619474288541824,2850,22660,8381,0,0.3313859136643947,0.11172089376715014,1.0,0.7300022550819883,0.26999774491801165
8381,YNL149C YGR101W,0.0,NA,0.0001562872639624402,2850,22659,8382,0,0.33141542002301494,0.11172527343290603,1.0,0.7299700396250121,0.27002996037498794
8382,YPL023C YPL057C,0.0,NA,0.00015655334573239088,2850,22658,8383,0,0.33144492638163525,0.11172965344205739,1.0,0.7299378241680359,0.2700621758319642
8383,YBR095C YPR075C,0.0,NA,0.00015657066251151264,2850,22657,8384,0,0.3314744327402555,0.11173403379464461,1.0,0.7299056087110596,0.2700943912889404
8384,YKL214C YER081W,0.0,NA,0.00015686280676163733,2850,22656,8385,0,0.3315039390988758,0.11173841449070807,1.0,0.7298733932540833,0.2701266067459167
8385,YDR122W YDL043C,0.0,NA,0.00015693191380705684,2850,22655,8386,0,0.3315334454574961,0.11174279553028818,1.0,0.729841177797107,0.27015882220289295
8386,YML113W YDR412W,0.0,NA,0.00015693821478635073,2850,22654,8387,0,0.3315629518161164,0.11174717691342534,1.0,0.7298089623401308,0.2701910376598692
8387,YHL030W YMR176W,0.0,NA,0.00015696050832048059,2850,22653,8388,0,0.33159245817473665,0.11175155864015998,1.0,0.7297767468831545,0.2702232531168455
8388,YNL278W YPR088C,0.0,NA,0.00015721123781986535,2850,22652,8389,0,0.33162196453335696,0.1117559407105325,1.0,0.7297445314261782,0.2702554685738217
8389,YJL167W YMR251W,0.0,NA,0.00015727542631793767,2850,22651,8390,0,0.3316514708919772,0.11176032312458335,1.0,0.729712315969202,0.270287684030798
8390,YDL113C YOL093W,0.0,NA,0.0001573096087668091,2850,22650,8391,0,0.33168097725059753,0.11176470588235295,1.0,0.7296801005122258,0.27031989948777424
8391,YDR039C YDL056W,0.0,NA,0.00015731650637462735,2850,22649,8392,0,0.3317104836092178,0.11176908898388171,1.0,0.7296478850552495,0.2703521149447505
8392,YLR119W YJR010W,0.0,NA,0.0001573301706230268,2850,22648,8393,0,0.33173998996783804,0.11177347242921014,1.0,0.7296156695982733,0.27038433040172677
8393,YJL170C YOL013C,0.0,NA,0.00015733842155896127,2850,22647,8394,0,0.33176949632645836,0.11177785621837863,1.0,0.729583454141297,0.270416545858703
8394,YGR019W YNL316C,0.0,NA,0.000157399641466327,2850,22646,8395,0,0.3317990026850786,0.11178224035142767,1.0,0.7295512386843207,0.27044876131567924
8395,YAL012W YAL014C,0.0,NA,0.00015756557695567608,2850,22645,8396,0,0.3318285090436989,0.11178662482839773,1.0,0.7295190232273445,0.27048097677265553
8396,YPL002C YJL101C,0.0,NA,0.0001576758804731071,2850,22644,8397,0,0.3318580154023192,0.11179100964932925,1.0,0.7294868077703682,0.27051319222963177
8397,YLL004W YDL224C,0.0,NA,0.0001579354575369507,2850,22643,8398,0,0.3318875217609395,0.11179539481426273,1.0,0.7294545923133919,0.270545407686608
8398,YDR454C YFR003C,0.0,NA,0.0001581428077770397,2850,22642,8399,0,0.33191702811955975,0.11179978032323866,1.0,0.7294223768564158,0.2705776231435843
8399,YIL038C YDR498C,0.0,NA,0.00015835496014915407,2850,22641,8400,0,0.33194653447818007,0.11180416617629751,1.0,0.7293901613994395,0.27060983860056054
8400,YOR219C YGL136C,0.0,NA,0.00015835526573937386,2850,22640,8401,0,0.3319760408368003,0.1118085523734798,1.0,0.7293579459424632,0.27064205405753683
8401,YLR244C YOR339C,0.0,NA,0.00015858041297178715,2850,22639,8402,0,0.33200554719542064,0.11181293891482601,1.0,0.729325730485487,0.27067426951451307
8402,YBL024W YDL159W,0.0,NA,0.00015860641724430025,2850,22638,8403,0,0.3320350535540409,0.11181732580037665,1.0,0.7292935150285107,0.2707064849714893
8403,YEL051W YPL223C,0.0,NA,0.0001586796424817294,2850,22637,8404,0,0.3320645599126612,0.11182171303017224,1.0,0.7292612995715344,0.2707387004284656
8404,YOR319W YKL042W,0.0,NA,0.00015899799473118037,2850,22636,8405,0,0.33209406627128146,0.11182610060425331,1.0,0.7292290841145581,0.27077091588544183
8405,YDR245W YNL127W,0.0,NA,0.00015902347513474524,2850,22635,8406,0,0.3321235726299017,0.11183048852266039,1.0,0.7291968686575819,0.27080313134241807
8406,YJR152W YHR110W,0.0,NA,0.00015912599337752908,2850,22634,8407,0,0.33215307898852203,0.111834876785434,1.0,0.7291646532006056,0.27083534679939436
8407,YAR002W YIL132C,0.0,NA,0.00015921221347525716,2850,22633,8408,0,0.3321825853471423,0.11183926539261468,1.0,0.7291324377436293,0.2708675622563706
8408,YCR089W YIR008C,0.0,NA,0.00015924015315249562,2850,22632,8409,0,0.3322120917057626,0.111843654344243,1.0,0.7291002222866532,0.2708997777133469
8409,YJR158W YHL028W,0.0,NA,0.00015926535706967115,2850,22631,8410,0,0.33224159806438286,0.11184804364035948,1.0,0.7290680068296769,0.2709319931703231
8410,YLR146C YCR068W,0.0,NA,0.00015944890037644655,2850,22630,8411,0,0.33227110442300317,0.1118524332810047,1.0,0.7290357913727006,0.27096420862729936
8411,YOR241W YIL014W,0.0,NA,0.00015945742779877037,2850,22629,8412,0,0.33230061078162343,0.11185682326621924,1.0,0.7290035759157244,0.27099642408427566
8412,YOR079C YPL019C,0.0,NA,0.00015945910126902163,2850,22628,8413,0,0.33233011714024374,0.11186121359604365,1.0,0.7289713604587481,0.2710286395412519
8413,YBR275C YHL028W,0.0,NA,0.00015959949814714491,2850,22627,8414,0,0.332359623498864,0.1118656042705185,1.0,0.7289391450017718,0.27106085499822813
8414,YDR184C YOR065W,0.0,NA,0.00015976637951098382,2850,22626,8415,0,0.3323891298574843,0.11186999528968442,1.0,0.7289069295447956,0.2710930704552044
8415,YMR173W YCL067C,0.0,NA,0.0001598600938450545,2850,22625,8416,0,0.33241863621610457,0.11187438665358194,1.0,0.7288747140878193,0.27112528591218066
8416,YKL130C YDR001C,0.0,NA,0.00015994044952094555,2850,22624,8417,0,0.3324481425747249,0.11187877836225171,1.0,0.728842498630843,0.2711575013691569
8417,YOR207C YLL038C,0.0,NA,0.000159959658049047,2850,22623,8418,0,0.33247764893334514,0.11188317041573431,1.0,0.7288102831738669,0.2711897168261332
8418,YBR293W YPL121C,0.0,NA,0.00015999458264559507,2850,22622,8419,0,0.3325071552919654,0.11188756281407035,1.0,0.7287780677168906,0.2712219322831094
8419,YDR006C YJL072C,0.0,NA,0.0001601305848453194,2850,22621,8420,0,0.3325366616505857,0.11189195555730046,1.0,0.7287458522599143,0.2712541477400857
8420,YDR354W YBR162C,0.0,NA,0.00016029861581046134,2850,22620,8421,0,0.33256616800920596,0.11189634864546526,1.0,0.7287136368029381,0.27128636319706195
8421,YOR372C YDR324C,0.0,NA,0.0001603406562935561,2850,22619,8422,0,0.3325956743678263,0.11190074207860537,1.0,0.7286814213459618,0.2713185786540382
8422,YIL044C YLR367W,0.0,NA,0.0001603892887942493,2850,22618,8423,0,0.33262518072644653,0.11190513585676143,1.0,0.7286492058889855,0.2713507941110145
8423,YDL085W YDL079C,0.0,NA,0.00016052545106504112,2850,22617,8424,0,0.33265468708506685,0.11190952997997408,1.0,0.7286169904320092,0.2713830095679907
8424,YNL227C YPL065W,0.0,NA,0.00016054275329224765,2850,22616,8425,0,0.3326841934436871,0.11191392444828399,1.0,0.728584774975033,0.27141522502496696
8425,YHL033C YER013W,0.0,NA,0.00016068242257460952,2850,22615,8426,0,0.3327136998023074,0.11191831926173179,1.0,0.7285525595180568,0.27144744048194325
8426,YMR096W YBL097W,0.0,NA,0.00016076472820714116,2850,22614,8427,0,0.3327432061609277,0.11192271442035816,1.0,0.7285203440610805,0.2714796559389195
8427,YOR226C YOR035C,0.0,NA,0.00016089307609945536,2850,22613,8428,0,0.332772712519548,0.11192710992420375,1.0,0.7284881286041043,0.2715118713958958
8428,YLR423C YCR089W,0.0,NA,0.00016099252388812602,2850,22612,8429,0,0.33280221887816824,0.11193150577330925,1.0,0.728455913147128,0.271544086852872
8429,YGL151W YLR373C,0.0,NA,0.00016107436385937035,2850,22611,8430,0,0.3328317252367885,0.11193590196771533,1.0,0.7284236976901517,0.27157630230984825
8430,YNL149C YDR077W,0.0,NA,0.00016116039478220046,2850,22610,8431,0,0.3328612315954088,0.11194029850746269,1.0,0.7283914822331755,0.27160851776682454
8431,YPR168W YPR145W,0.0,NA,0.00016129444702528417,2850,22609,8432,0,0.33289073795402907,0.11194469539259201,1.0,0.7283592667761992,0.2716407332238008
8432,YPL265W YPL269W,0.0,NA,0.0001613669010112062,2850,22608,8433,0,0.3329202443126494,0.11194909262314401,1.0,0.7283270513192229,0.271672948680777
8433,YDL141W YPL026C,0.0,NA,0.0001614289212739095,2850,22607,8434,0,0.33294975067126964,0.11195349019915937,1.0,0.7282948358622467,0.2717051641377533
8434,YPL002C YKL025C,0.0,NA,0.00016152362513821572,2850,22606,8435,0,0.33297925702988995,0.11195788812067882,1.0,0.7282626204052705,0.27173737959472954
8435,YGL004C YAL051W,0.0,NA,0.00016161066014319658,2850,22605,8436,0,0.3330087633885102,0.11196228638774308,1.0,0.7282304049482942,0.2717695950517058
8436,YLR377C YMR276W,0.0,NA,0.00016168912407010794,2850,22604,8437,0,0.3330382697471305,0.11196668500039286,1.0,0.728198189491318,0.2718018105086821
8437,YGR163W YOR212W,0.0,NA,0.00016177007637452334,2850,22603,8438,0,0.3330677761057508,0.11197108395866892,1.0,0.7281659740343417,0.2718340259656583
8438,YDR256C YEL011W,0.0,NA,0.00016180479724425822,2850,22602,8439,0,0.3330972824643711,0.11197548326261197,1.0,0.7281337585773654,0.2718662414226346
8439,YKL103C YHR133C,0.0,NA,0.00016203668201342225,2850,22601,8440,0,0.33312678882299135,0.11197988291226278,1.0,0.7281015431203892,0.27189845687961084
8440,YMR121C YCR093W,0.0,NA,0.00016222003614529967,2850,22600,8441,0,0.33315629518161166,0.11198428290766209,1.0,0.7280693276634129,0.2719306723365871
8441,YOR091W YLR024C,0.0,NA,0.00016242061974480748,2850,22599,8442,0,0.3331858015402319,0.11198868324885064,1.0,0.7280371122064366,0.27196288779356337
8442,YAL014C YAL023C,0.0,NA,0.0001624601281946525,2850,22598,8443,0,0.3332153078988522,0.11199308393586922,1.0,0.7280048967494603,0.2719951032505396
8443,YOR237W YDL232W,0.0,NA,0.00016248134488705546,2850,22597,8444,0,0.3332448142574725,0.1119974849687586,1.0,0.7279726812924842,0.27202731870751584
8444,YOL135C YOR359W,0.0,NA,0.00016255464288406074,2850,22596,8445,0,0.33327432061609275,0.11200188634755953,1.0,0.7279404658355079,0.27205953416449213
8445,YDL174C YDL111C,0.0,NA,0.00016273655637633055,2850,22595,8446,0,0.33330382697471306,0.11200628807231283,1.0,0.7279082503785316,0.27209174962146837
8446,YJL034W YJR053W,0.0,NA,0.00016295922978315502,2850,22594,8447,0,0.3333333333333333,0.11201069014305927,1.0,0.7278760349215554,0.27212396507844466
8447,YLR319C YHR015W,0.0,NA,0.00016304440214298666,2850,22593,8448,0,0.3333628396919536,0.11201509255983964,1.0,0.7278438194645791,0.2721561805354209
8448,YGL022W YBR030W,0.0,NA,0.00016329520440194756,2850,22592,8449,0,0.3333923460505739,0.11201949532269476,1.0,0.7278116040076028,0.27218839599239714
8449,YPL170W YFL034C-A,0.0,NA,0.00016360098379664123,2850,22591,8450,0,0.3334218524091942,0.11202389843166542,1.0,0.7277793885506266,0.27222061144937343
8450,YLL062C YDR214W,0.0,NA,0.0001636930537642911,2850,22590,8451,0,0.33345135876781445,0.11202830188679246,1.0,0.7277471730936503,0.27225282690634967
8451,YDL147W YPL189W,0.0,NA,0.00016372394748032093,2850,22589,8452,0,0.33348086512643477,0.11203270568811667,1.0,0.727714957636674,0.2722850423633259
8452,YLR022C YKL189W,0.0,NA,0.0001637867244426161,2850,22588,8453,0,0.333510371485055,0.11203710983567891,1.0,0.7276827421796979,0.2723172578203022
8453,YOL135C YLR273C,0.0,NA,0.00016406651411671191,2850,22587,8454,0,0.33353987784367534,0.11204151432951999,1.0,0.7276505267227216,0.27234947327727843
8454,YIL120W YHR153C,0.0,NA,0.00016449650865979493,2850,22586,8455,0,0.3335693842022956,0.11204591916968076,1.0,0.7276183112657453,0.27238168873425467
8455,YNL097C YOR236W,0.0,NA,0.00016466033412143588,2850,22585,8456,0,0.33359889056091585,0.11205032435620209,1.0,0.7275860958087691,0.27241390419123096
8456,YOR070C YOR340C,0.0,NA,0.0001647299068281427,2850,22584,8457,0,0.33362839691953616,0.1120547298891248,1.0,0.7275538803517928,0.2724461196482072
8457,YDL141W YFL037W,0.0,NA,0.0001649554615141824,2850,22583,8458,0,0.3336579032781564,0.11205913576848976,1.0,0.7275216648948165,0.2724783351051835
8458,YJR035W YCL048W,0.0,NA,0.00016501006030011922,2850,22582,8459,0,0.33368740963677673,0.11206354199433784,1.0,0.7274894494378403,0.2725105505621597
8459,YGR118W YLR195C,0.0,NA,0.00016518321353942156,2850,22581,8460,0,0.333716915995397,0.11206794856670992,1.0,0.727457233980864,0.27254276601913596
8460,YEL061C YPL070W,0.0,NA,0.0001652660866966471,2850,22580,8461,0,0.3337464223540173,0.11207235548564687,1.0,0.7274250185238877,0.27257498147611225
8461,YCR089W YMR288W,0.0,NA,0.00016528295236639678,2850,22579,8462,0,0.33377592871263756,0.1120767627511896,1.0,0.7273928030669115,0.2726071969330885
8462,YHR063C YER124C,0.0,NA,0.00016534347378183156,2850,22578,8463,0,0.33380543507125787,0.11208117036337895,1.0,0.7273605876099353,0.27263941239006473
8463,YKL080W YPL239W,0.0,NA,0.0001653991494094953,2850,22577,8464,0,0.33383494142987813,0.11208557832225587,1.0,0.727328372152959,0.272671627847041
8464,YBR236C YJL137C,0.0,NA,0.00016550278814975172,2850,22576,8465,0,0.33386444778849844,0.11208998662786124,1.0,0.7272961566959827,0.27270384330401726
8465,YNL074C YOR178C,0.0,NA,0.000165642675710842,2850,22575,8466,0,0.3338939541471187,0.11209439528023599,1.0,0.7272639412390065,0.27273605876099355
8466,YER109C YMR194W,0.0,NA,0.00016566130216233432,2850,22574,8467,0,0.333923460505739,0.11209880427942102,1.0,0.7272317257820302,0.2727682742179698
8467,YFL048C YLR114C,0.0,NA,0.00016608154692221433,2850,22573,8468,0,0.33395296686435927,0.11210321362545726,1.0,0.7271995103250539,0.272800489674946
8468,YHR004C YGR230W,0.0,NA,0.00016609832528047264,2850,22572,8469,0,0.3339824732229795,0.11210762331838565,1.0,0.7271672948680777,0.2728327051319223
8469,YMR232W YPL082C,0.0,NA,0.0001662497961660847,2850,22571,8470,0,0.33401197958159984,0.11211203335824711,1.0,0.7271350794111014,0.27286492058889855
8470,YAL025C YNL163C,0.0,NA,0.00016630593745503575,2850,22570,8471,0,0.3340414859402201,0.11211644374508262,1.0,0.7271028639541252,0.2728971360458748
8471,YDR103W YDR277C,0.0,NA,0.00016642680566292256,2850,22569,8472,0,0.3340709922988404,0.11212085447893308,1.0,0.727070648497149,0.2729293515028511
8472,YER138C YDL148C,0.0,NA,0.000166528086992912,2850,22568,8473,0,0.33410049865746066,0.11212526555983948,1.0,0.7270384330401727,0.2729615669598273
8473,YML116W YHR089C,0.0,NA,0.00016654079081490636,2850,22567,8474,0,0.334130005016081,0.11212967698784278,1.0,0.7270062175831964,0.2729937824168036
8474,YGR054W YMR093W,0.0,NA,0.000166622587130405,2850,22566,8475,0,0.33415951137470123,0.11213408876298395,1.0,0.7269740021262202,0.27302599787377985
8475,YDR180W YLR029C,0.0,NA,0.00016685837181285024,2850,22565,8476,0,0.33418901773332155,0.11213850088530396,1.0,0.7269417866692439,0.2730582133307561
8476,YHR043C YDR404C,0.0,NA,0.0001670218480285257,2850,22564,8477,0,0.3342185240919418,0.11214291335484379,1.0,0.7269095712122676,0.2730904287877324
8477,YGR197C YFR036W,0.0,NA,0.00016710659838281572,2850,22563,8478,0,0.3342480304505621,0.11214732617164444,1.0,0.7268773557552914,0.2731226442447086
8478,YHR010W YNL088W,0.0,NA,0.00016718103142920882,2850,22562,8479,0,0.3342775368091824,0.11215173933574689,1.0,0.7268451402983152,0.27315485970168485
8479,YOR132W YOR138C,0.0,NA,0.00016721099382266402,2850,22561,8480,0,0.3343070431678027,0.11215615284719216,1.0,0.7268129248413389,0.27318707515866114
8480,YNL001W YPL126W,0.0,NA,0.00016771876835264266,2850,22560,8481,0,0.33433654952642294,0.11216056670602124,1.0,0.7267807093843626,0.2732192906156374
8481,YLR291C YKR019C,0.0,NA,0.00016772228991612792,2850,22559,8482,0,0.3343660558850432,0.11216498091227518,1.0,0.7267484939273864,0.2732515060726136
8482,YLR309C YMR322C,0.0,NA,0.00016776596021372825,2850,22558,8483,0,0.3343955622436635,0.11216939546599496,1.0,0.7267162784704101,0.2732837215295899
8483,YBL035C YPL171C,0.0,NA,0.00016779139696154743,2850,22557,8484,0,0.33442506860228377,0.11217381036722163,1.0,0.7266840630134338,0.27331593698656614
8484,YFL041W YOR315W,0.0,NA,0.00016791687812656164,2850,22556,8485,0,0.3344545749609041,0.11217822561599622,1.0,0.7266518475564576,0.27334815244354244
8485,YNL042W YLR363C,0.0,NA,0.0001679898996371776,2850,22555,8486,0,0.33448408131952434,0.11218264121235977,1.0,0.7266196320994813,0.2733803679005187
8486,YPL095C YML027W,0.0,NA,0.00016799695731606334,2850,22554,8487,0,0.33451358767814465,0.11218705715635333,1.0,0.726587416642505,0.2734125833574949
8487,YJL157C YML012W,0.0,NA,0.0001680575223872438,2850,22553,8488,0,0.3345430940367649,0.11219147344801796,1.0,0.7265552011855289,0.2734447988144712
8488,YPR079W YNL032W,0.0,NA,0.00016830238746479154,2850,22552,8489,0,0.3345726003953852,0.1121958900873947,1.0,0.7265229857285526,0.27347701427144744
8489,YER001W YOR120W,0.0,NA,0.00016853492707014084,2850,22551,8490,0,0.3346021067540055,0.11220030707452462,1.0,0.7264907702715763,0.2735092297284237
8490,YBR059C YNL261W,0.0,NA,0.00016863731434568763,2850,22550,8491,0,0.3346316131126258,0.11220472440944881,1.0,0.7264585548146001,0.27354144518539997
8491,YNL159C YDR093W,0.0,NA,0.0001686715695541352,2850,22549,8492,0,0.33466111947124605,0.11220914209220835,1.0,0.7264263393576238,0.2735736606423762
8492,YDL167C YHR176W,0.0,NA,0.0001687401090748608,2850,22548,8493,0,0.33469062582986636,0.11221356012284432,1.0,0.7263941239006475,0.2736058760993525
8493,YML011C YLR372W,0.0,NA,0.00016875055734999478,2850,22547,8494,0,0.3347201321884866,0.11221797850139781,1.0,0.7263619084436713,0.27363809155632873
8494,YMR322C YCR024C-A,0.0,NA,0.0001688025367911905,2850,22546,8495,0,0.3347496385471069,0.1122223972279099,1.0,0.726329692986695,0.27367030701330497
8495,YIL021W YLR208W,0.0,NA,0.00016910137492232025,2850,22545,8496,0,0.3347791449057272,0.11222681630242173,1.0,0.7262974775297187,0.27370252247028126
8496,YGR281W YLR436C,0.0,NA,0.0001691702491370961,2850,22544,8497,0,0.33480865126434745,0.1122312357249744,1.0,0.7262652620727426,0.2737347379272575
8497,YLR094C YGL238W,0.0,NA,0.00016931466234382242,2850,22543,8498,0,0.33483815762296776,0.11223565549560903,1.0,0.7262330466157663,0.27376695338423374
8498,YDL122W YML027W,0.0,NA,0.00016949283599387854,2850,22542,8499,0,0.334867663981588,0.11224007561436673,1.0,0.72620083115879,0.27379916884121
8499,YAR050W YLR256W,0.0,NA,0.0001698842243058607,2850,22541,8500,0,0.3348971703402083,0.11224449608128864,1.0,0.7261686157018137,0.27383138429818626
8500,YKL181W YML046W,0.0,NA,0.00016994935867842287,2850,22540,8501,0,0.3349266766988286,0.11224891689641592,1.0,0.7261364002448375,0.2738635997551625
8501,YDR181C YNR038W,0.0,NA,0.0001700980355963111,2850,22539,8502,0,0.3349561830574489,0.11225333805978967,1.0,0.7261041847878612,0.2738958152121388
8502,YDR281C YDL239C,0.0,NA,0.00017036372446455061,2850,22538,8503,0,0.33498568941606915,0.11225775957145108,1.0,0.7260719693308849,0.27392803066911503
8503,YER059W YHR204W,0.0,NA,0.00017037267389241606,2850,22537,8504,0,0.33501519577468947,0.11226218143144129,1.0,0.7260397538739087,0.2739602461260913
8504,YOL110W YER055C,0.0,NA,0.00017057375225704163,2850,22536,8505,0,0.3350447021333097,0.11226660363980147,1.0,0.7260075384169324,0.27399246158306756
8505,YGR138C YDR305C,0.0,NA,0.000170793297002092,2850,22535,8506,0,0.33507420849193004,0.11227102619657278,1.0,0.7259753229599561,0.2740246770400438
8506,YIL142W YFR029W,0.0,NA,0.00017091580957639962,2850,22534,8507,0,0.3351037148505503,0.1122754491017964,1.0,0.72594310750298,0.2740568924970201
8507,YBL079W YOR011W,0.0,NA,0.0001711516233626753,2850,22533,8508,0,0.33513322120917055,0.11227987235551354,1.0,0.7259108920460037,0.2740891079539963
8508,YAR031W YML045W,0.0,NA,0.00017121968267019838,2850,22532,8509,0,0.33516272756779086,0.11228429595776535,1.0,0.7258786765890274,0.27412132341097256
8509,YER142C YDR487C,0.0,NA,0.00017157399270217866,2850,22531,8510,0,0.3351922339264111,0.11228871990859304,1.0,0.7258464611320512,0.27415353886794885
8510,YGR075C YFL025C,0.0,NA,0.00017166334146168083,2850,22530,8511,0,0.33522174028503143,0.11229314420803782,1.0,0.7258142456750749,0.2741857543249251
8511,YIL094C YNR072W,0.0,NA,0.0001719024876365438,2850,22529,8512,0,0.3352512466436517,0.11229756885614091,1.0,0.7257820302180986,0.2742179697819014
8512,YGR154C YNL339C,0.0,NA,0.00017199265130329877,2850,22528,8513,0,0.335280753002272,0.1123019938529435,1.0,0.7257498147611224,0.2742501852388776
8513,YLR307W YHR160C,0.0,NA,0.00017200004367623478,2850,22527,8514,0,0.33531025936089226,0.11230641919848681,1.0,0.7257175993041461,0.27428240069585386
8514,YLR120C YBR280C,0.0,NA,0.0001720674626994878,2850,22526,8515,0,0.3353397657195126,0.11231084489281211,1.0,0.7256853838471699,0.27431461615283015
8515,YLR028C YKL103C,0.0,NA,0.0001721285079838708,2850,22525,8516,0,0.33536927207813283,0.1123152709359606,1.0,0.7256531683901937,0.2743468316098064
8516,YLR399C YKL085W,0.0,NA,0.0001724361936794594,2850,22524,8517,0,0.33539877843675314,0.11231969732797352,1.0,0.7256209529332174,0.2743790470667826
8517,YPL145C YDR261C,0.0,NA,0.00017248601943720132,2850,22523,8518,0,0.3354282847953734,0.11232412406889213,1.0,0.7255887374762411,0.2744112625237589
8518,YGR238C YMR108W,0.0,NA,0.0001731837837724015,2850,22522,8519,0,0.3354577911539937,0.11232855115875769,1.0,0.7255565220192648,0.27444347798073515
8519,YML065W YCR081W,0.0,NA,0.00017331476556137204,2850,22521,8520,0,0.33548729751261397,0.11233297859761145,1.0,0.7255243065622886,0.2744756934377114
8520,YJR003C YPR052C,0.0,NA,0.00017339395708404481,2850,22520,8521,0,0.3355168038712342,0.11233740638549468,1.0,0.7254920911053123,0.2745079088946877
8521,YCR089W YKR055W,0.0,NA,0.00017346175445709378,2850,22519,8522,0,0.33554631022985454,0.11234183452244866,1.0,0.725459875648336,0.2745401243516639
8522,YGR232W YLR054C,0.0,NA,0.00017378291522618383,2850,22518,8523,0,0.3355758165884748,0.11234626300851466,1.0,0.7254276601913598,0.2745723398086402
8523,YNR052C YPL011C,0.0,NA,0.00017410733562428504,2850,22517,8524,0,0.3356053229470951,0.11235069184373399,1.0,0.7253954447343836,0.27460455526561645
8524,YHR174W YGL198W,0.0,NA,0.0001741352170938626,2850,22516,8525,0,0.33563482930571537,0.11235512102814792,1.0,0.7253632292774073,0.2746367707225927
8525,YKL070W YAL003W,0.0,NA,0.0001741365558700636,2850,22515,8526,0,0.3356643356643357,0.11235955056179775,1.0,0.7253310138204311,0.274668986179569
8526,YLR044C YDR427W,0.0,NA,0.00017417276103515178,2850,22514,8527,0,0.33569384202295594,0.1123639804447248,1.0,0.7252987983634548,0.2747012016365452
8527,YHR136C YPL233W,0.0,NA,0.00017422193195670843,2850,22513,8528,0,0.33572334838157625,0.11236841067697038,1.0,0.7252665829064785,0.27473341709352145
8528,YDR460W YMR079W,0.0,NA,0.00017449824372306466,2850,22512,8529,0,0.3357528547401965,0.11237284125857583,1.0,0.7252343674495023,0.27476563255049774
8529,YHR174W YBR170C,0.0,NA,0.00017450122686568648,2850,22511,8530,0,0.3357823610988168,0.11237727218958243,1.0,0.725202151992526,0.274797848007474
8530,YIL064W YPL210C,0.0,NA,0.0001745483314152807,2850,22510,8531,0,0.3358118674574371,0.11238170347003154,1.0,0.7251699365355497,0.27483006346445027
8531,YDR232W YJL140W,0.0,NA,0.00017490534810349345,2850,22509,8532,0,0.3358413738160574,0.11238613509996451,1.0,0.7251377210785735,0.2748622789214265
8532,YJL091C YCR083W,0.0,NA,0.00017495272913947701,2850,22508,8533,0,0.33587088017467764,0.11239056707942267,1.0,0.7251055056215973,0.27489449437840274
8533,YLR210W YGL247W,0.0,NA,0.0001750029477989301,2850,22507,8534,0,0.3359003865332979,0.11239499940844737,1.0,0.725073290164621,0.27492670983537904
8534,YNL233W YKL186C,0.0,NA,0.0001752825191942975,2850,22506,8535,0,0.3359298928919182,0.11239943208707998,1.0,0.7250410747076447,0.27495892529235527
8535,YKR037C YLR019W,0.0,NA,0.00017534468497615308,2850,22505,8536,0,0.33595939925053847,0.11240386511536186,1.0,0.7250088592506685,0.2749911407493315
8536,YML100W YGL096W,0.0,NA,0.00017536841914989054,2850,22504,8537,0,0.3359889056091588,0.11240829849333439,1.0,0.7249766437936922,0.2750233562063078
8537,YLL038C YPL198W,0.0,NA,0.00017537912935949862,2850,22503,8538,0,0.33601841196777904,0.11241273222103892,1.0,0.7249444283367159,0.27505557166328404
8538,YIR034C YGR283C,0.0,NA,0.00017552402277942747,2850,22502,8539,0,0.33604791832639935,0.11241716629851688,1.0,0.7249122128797397,0.2750877871202603
8539,YGL166W YPR144C,0.0,NA,0.00017569716146681458,2850,22501,8540,0,0.3360774246850196,0.11242160072580963,1.0,0.7248799974227634,0.27512000257723657
8540,YGL216W YER014W,0.0,NA,0.0001759947626851499,2850,22500,8541,0,0.3361069310436399,0.11242603550295859,1.0,0.7248477819657871,0.2751522180342128
8541,YCR091W YLR246W,0.0,NA,0.00017606207984499633,2850,22499,8542,0,0.3361364374022602,0.11243047063000512,1.0,0.724815566508811,0.2751844334911891
8542,YLR106C YNL201C,0.0,NA,0.0001760951563483104,2850,22498,8543,0,0.3361659437608805,0.1124349061069907,1.0,0.7247833510518347,0.27521664894816533
8543,YDR006C YJR092W,0.0,NA,0.00017618635320104659,2850,22497,8544,0,0.33619545011950075,0.11243934193395669,1.0,0.7247511355948584,0.27524886440514157
8544,YDR335W YNL248C,0.0,NA,0.00017630767251830548,2850,22496,8545,0,0.33622495647812106,0.11244377811094453,1.0,0.7247189201378822,0.27528107986211786
8545,YDR500C YJL204C,0.0,NA,0.0001764268963597715,2850,22495,8546,0,0.3362544628367413,0.11244821463799566,1.0,0.7246867046809059,0.2753132953190941
8546,YJR066W YOR109W,0.0,NA,0.0001765738270478323,2850,22494,8547,0,0.3362839691953616,0.11245265151515152,1.0,0.7246544892239296,0.27534551077607033
8547,YDL171C YCR048W,0.0,NA,0.00017666375788394362,2850,22493,8548,0,0.3363134755539819,0.11245708874245354,1.0,0.7246222737669534,0.2753777262330466
8548,YGR116W YGL037C,0.0,NA,0.00017670317902229726,2850,22492,8549,0,0.33634298191260215,0.11246152631994318,1.0,0.7245900583099771,0.27540994169002286
8549,YDR329C YDL003W,0.0,NA,0.00017671733803581446,2850,22491,8550,0,0.33637248827122246,0.11246596424766189,1.0,0.7245578428530008,0.27544215714699916
8550,YPL028W YGR194C,0.0,NA,0.0001767234061844647,2850,22490,8551,0,0.3364019946298427,0.11247040252565114,1.0,0.7245256273960247,0.2754743726039754
8551,YKR079C YBL008W,0.0,NA,0.00017674497212283313,2850,22489,8552,0,0.33643150098846303,0.1124748411539524,1.0,0.7244934119390484,0.27550658806095163
8552,YOR068C YPL093W,0.0,NA,0.0001770365925040096,2850,22488,8553,0,0.3364610073470833,0.11247928013260715,1.0,0.7244611964820721,0.2755388035179279
8553,YGR178C YBL018C,0.0,NA,0.00017717033915687352,2850,22487,8554,0,0.3364905137057036,0.11248371946165686,1.0,0.7244289810250958,0.27557101897490416
8554,YFR052W YLR409C,0.0,NA,0.00017732886772137135,2850,22486,8555,0,0.33652002006432385,0.11248815914114303,1.0,0.7243967655681196,0.2756032344318804
8555,YKR024C YAR014C,0.0,NA,0.00017735795699991286,2850,22485,8556,0,0.33654952642294417,0.11249259917110717,1.0,0.7243645501111433,0.2756354498888567
8556,YDR325W YPR062W,0.0,NA,0.00017764973745215684,2850,22484,8557,0,0.3365790327815644,0.11249703955159075,1.0,0.724332334654167,0.2756676653458329
8557,YJL106W YMR288W,0.0,NA,0.00017776446475181729,2850,22483,8558,0,0.33660853914018474,0.11250148028263529,1.0,0.7243001191971908,0.27569988080280916
8558,YGL203C YDR265W,0.0,NA,0.00017806998221203685,2850,22482,8559,0,0.336638045498805,0.11250592136428234,1.0,0.7242679037402145,0.27573209625978545
8559,YPR043W YPR108W,0.0,NA,0.00017810055578593165,2850,22481,8560,0,0.33666755185742525,0.11251036279657337,1.0,0.7242356882832383,0.2757643117167617
8560,YNL062C YLR148W,0.0,NA,0.0001781341852620244,2850,22480,8561,0,0.33669705821604556,0.11251480457954995,1.0,0.7242034728262621,0.275796527173738
8561,YCR082W YIL106W,0.0,NA,0.0001783944171620533,2850,22479,8562,0,0.3367265645746658,0.11251924671325358,1.0,0.7241712573692858,0.2758287426307142
8562,YER099C YHR085W,0.0,NA,0.00017840546206571162,2850,22478,8563,0,0.33675607093328613,0.11252368919772583,1.0,0.7241390419123095,0.27586095808769046
8563,YJR089W YMR283C,0.0,NA,0.00017843047680798918,2850,22477,8564,0,0.3367855772919064,0.11252813203300825,1.0,0.7241068264553333,0.27589317354466675
8564,YJR041C YDR394W,0.0,NA,0.00017858656065072864,2850,22476,8565,0,0.3368150836505267,0.11253257521914238,1.0,0.724074610998357,0.275925389001643
8565,YBL024W YDR463W,0.0,NA,0.0001787414075806737,2850,22475,8566,0,0.33684459000914696,0.1125370187561698,1.0,0.7240423955413807,0.2759576044586192
8566,YPR093C YIL145C,0.0,NA,0.00017893699987325817,2850,22474,8567,0,0.3368740963677673,0.11254146264413205,1.0,0.7240101800844045,0.2759898199155955
8567,YKR104W YGL153W,0.0,NA,0.00017901721002999693,2850,22473,8568,0,0.33690360272638753,0.11254590688307073,1.0,0.7239779646274282,0.27602203537257175
8568,YIL021W YGL243W,0.0,NA,0.0001792368566384539,2850,22472,8569,0,0.33693310908500784,0.1125503514730274,1.0,0.723945749170452,0.27605425082954804
8569,YLR383W YDR201W,0.0,NA,0.00017936917720362544,2850,22471,8570,0,0.3369626154436281,0.11255479641404367,1.0,0.7239135337134758,0.2760864662865243
8570,YKR088C YMR097C,0.0,NA,0.00017941280384548008,2850,22470,8571,0,0.3369921218022484,0.11255924170616113,1.0,0.7238813182564995,0.2761186817435005
8571,YDR104C YFR032C-A,0.0,NA,0.00017952728376258165,2850,22469,8572,0,0.33702162816086867,0.11256368734942138,1.0,0.7238491027995232,0.2761508972004768
8572,YGL148W YLR131C,0.0,NA,0.00017957710952032357,2850,22468,8573,0,0.3370511345194889,0.11256813334386602,1.0,0.7238168873425469,0.27618311265745304
8573,YPR143W YDL054C,0.0,NA,0.00017980464326683432,2850,22467,8574,0,0.33708064087810924,0.11257257968953667,1.0,0.7237846718855707,0.2762153281144293
8574,YLR074C YPL010W,0.0,NA,0.00017986842431128025,2850,22466,8575,0,0.3371101472367295,0.11257702638647496,1.0,0.7237524564285944,0.2762475435714056
8575,YOR160W YNL156C,0.0,NA,0.00018018203263636678,2850,22465,8576,0,0.3371396535953498,0.1125814734347225,1.0,0.7237202409716181,0.2762797590283818
8576,YGR179C YCR089W,0.0,NA,0.0001803062914405018,2850,22464,8577,0,0.33716915995397007,0.11258592083432092,1.0,0.723688025514642,0.27631197448535805
8577,YEL069C YJR094C,0.0,NA,0.00018040243594441563,2850,22463,8578,0,0.3371986663125904,0.11259036858531189,1.0,0.7236558100576657,0.27634418994233434
8578,YBR223C YDR507C,0.0,NA,0.00018080401059705764,2850,22462,8579,0,0.33722817267121064,0.11259481668773705,1.0,0.7236235946006894,0.2763764053993106
8579,YAL029C YIL036W,0.0,NA,0.0001809544046409428,2850,22461,8580,0,0.33725767902983095,0.11259926514163802,1.0,0.7235913791437132,0.27640862085628687
8580,YGL116W YJR036C,0.0,NA,0.00018103551701642573,2850,22460,8581,0,0.3372871853884512,0.1126037139470565,1.0,0.7235591636867369,0.2764408363132631
8581,YJL091C YMR311C,0.0,NA,0.00018124761118087918,2850,22459,8582,0,0.3373166917470715,0.11260816310403414,1.0,0.7235269482297606,0.27647305177023934
8582,YER109C YKR076W,0.0,NA,0.0001812757836887613,2850,22458,8583,0,0.3373461981056918,0.11261261261261261,1.0,0.7234947327727844,0.27650526722721563
8583,YIR015W YBR170C,0.0,NA,0.00018142345652449876,2850,22457,8584,0,0.33737570446431203,0.11261706247283361,1.0,0.7234625173158081,0.27653748268419187
8584,YGL064C YDR127W,0.0,NA,0.00018144110799767077,2850,22456,8585,0,0.33740521082293234,0.1126215126847388,1.0,0.7234303018588318,0.2765696981411681
8585,YBR299W YDR254W,0.0,NA,0.00018153557903133333,2850,22455,8586,0,0.3374347171815526,0.11262596324836989,1.0,0.7233980864018557,0.2766019135981444
8586,YMR247C YPL120W,0.0,NA,0.00018206621462013572,2850,22454,8587,0,0.3374642235401729,0.11263041416376858,1.0,0.7233658709448794,0.27663412905512064
8587,YDR206W YNL139C,0.0,NA,0.00018214990268461406,2850,22453,8588,0,0.33749372989879317,0.11263486543097656,1.0,0.7233336554879031,0.27666634451209693
8588,YPR194C YOL103W,0.0,NA,0.0001826170046115294,2850,22452,8589,0,0.3375232362574135,0.11263931705003558,1.0,0.7233014400309269,0.27669855996907317
8589,YBL043W YIR005W,0.0,NA,0.00018265427206642926,2850,22451,8590,0,0.33755274261603374,0.11264376902098731,1.0,0.7232692245739506,0.2767307754260494
8590,YDL160C YOL065C,0.0,NA,0.00018265913240611553,2850,22450,8591,0,0.33758224897465405,0.11264822134387352,1.0,0.7232370091169743,0.2767629908830257
8591,YBR068C YDR207C,0.0,NA,0.00018290069419890642,2850,22449,8592,0,0.3376117553332743,0.11265267401873592,1.0,0.723204793659998,0.27679520634000193
8592,YNR033W YDR478W,0.0,NA,0.00018300100055057555,2850,22448,8593,0,0.3376412616918946,0.11265712704561626,1.0,0.7231725782030218,0.27682742179697817
8593,YKL045W YDR346C,0.0,NA,0.00018367543816566467,2850,22447,8594,0,0.3376707680505149,0.11266158042455628,1.0,0.7231403627460455,0.27685963725395446
8594,YOL081W YMR199W,0.0,NA,0.0001837719464674592,2850,22446,8595,0,0.3377002744091352,0.11266603415559773,1.0,0.7231081472890692,0.2768918527109307
8595,YGR166W YJR109C,0.0,NA,0.00018383118731435388,2850,22445,8596,0,0.33772978076775545,0.11267048823878237,1.0,0.7230759318320931,0.276924068167907
8596,YHR211W YDR318W,0.0,NA,0.00018384346913080662,2850,22444,8597,0,0.3377592871263757,0.11267494267415197,1.0,0.7230437163751168,0.2769562836248832
8597,YLR223C YER055C,0.0,NA,0.0001839360484154895,2850,22443,8598,0,0.337788793484996,0.1126793974617483,1.0,0.7230115009181405,0.27698849908185946
8598,YIL124W YDR356W,0.0,NA,0.0001843238715082407,2850,22442,8599,0,0.3378182998436163,0.11268385260161316,1.0,0.7229792854611643,0.27702071453883576
8599,YOR061W YER155C,0.0,NA,0.0001844552025431767,2850,22441,8600,0,0.3378478062022366,0.1126883080937883,1.0,0.722947070004188,0.277052929995812
8600,YDR420W YPL127C,0.0,NA,0.00018448721675667912,2850,22440,8601,0,0.33787731256085685,0.11269276393831554,1.0,0.7229148545472117,0.27708514545278823
8601,YMR184W YHR072W-A,0.0,NA,0.00018450568313710392,2850,22439,8602,0,0.33790681891947716,0.11269722013523667,1.0,0.7228826390902355,0.2771173609097645
8602,YLR095C YBR038W,0.0,NA,0.00018494180403649807,2850,22438,8603,0,0.3379363252780974,0.11270167668459348,1.0,0.7228504236332592,0.27714957636674076
8603,YGR248W YDL213C,0.0,NA,0.0001850806293077767,2850,22437,8604,0,0.33796583163671773,0.11270613358642781,1.0,0.722818208176283,0.277181791823717
8604,YPL020C YPL016W,0.0,NA,0.00018513605755288154,2850,22436,8605,0,0.337995337995338,0.11271059084078146,1.0,0.7227859927193068,0.2772140072806933
8605,YGL136C YDR021W,0.0,NA,0.00018564850324764848,2850,22435,8606,0,0.3380248443539583,0.11271504844769627,1.0,0.7227537772623305,0.2772462227376695
8606,YDR009W YER073W,0.0,NA,0.00018575067224446684,2850,22434,8607,0,0.33805435071257856,0.11271950640721405,1.0,0.7227215618053542,0.2772784381946458
8607,YPL167C YDR158W,0.0,NA,0.00018580628966446966,2850,22433,8608,0,0.33808385707119887,0.11272396471937665,1.0,0.722689346348378,0.27731065365162205
8608,YLR003C YNR047W,0.0,NA,0.00018587558588478714,2850,22432,8609,0,0.3381133634298191,0.11272842338422594,1.0,0.7226571308914017,0.2773428691085983
8609,YOR068C YOR338W,0.0,NA,0.0001861380587797612,2850,22431,8610,0,0.3381428697884394,0.11273288240180372,1.0,0.7226249154344254,0.2773750845655746
8610,YBR070C YNL219C,0.0,NA,0.0001861430355347693,2850,22430,8611,0,0.3381723761470597,0.1127373417721519,1.0,0.7225926999774491,0.2774073000225508
8611,YDL052C YDR227W,0.0,NA,0.00018620907212607563,2850,22429,8612,0,0.33820188250567995,0.11274180149531231,1.0,0.722560484520473,0.27743951547952705
8612,YPR118W YOL105C,0.0,NA,0.0001862351637100801,2850,22428,8613,0,0.33823138886430026,0.11274626157132685,1.0,0.7225282690634967,0.27747173093650335
8613,YGL090W YBR050C,0.0,NA,0.00018631758575793356,2850,22427,8614,0,0.3382608952229205,0.11275072200023736,1.0,0.7224960536065204,0.2775039463934796
8614,YKR022C YEL064C,0.0,NA,0.00018639843619894236,2850,22426,8615,0,0.33829040158154083,0.11275518278208577,1.0,0.7224638381495442,0.2775361618504559
8615,YHR188C YBR078W,0.0,NA,0.00018640021153260022,2850,22425,8616,0,0.3383199079401611,0.11275964391691394,1.0,0.7224316226925679,0.2775683773074321
8616,YGR142W YOR388C,0.0,NA,0.00018641816859599203,2850,22424,8617,0,0.3383494142987814,0.1127641054047638,1.0,0.7223994072355916,0.27760059276440835
8617,YDR501W YLR260W,0.0,NA,0.00018651098071131855,2850,22423,8618,0,0.33837892065740166,0.1127685672456772,1.0,0.7223671917786154,0.27763280822138464
8618,YPL179W YOR340C,0.0,NA,0.00018659494526218623,2850,22422,8619,0,0.338408427016022,0.11277302943969611,1.0,0.7223349763216391,0.2776650236783609
8619,YBL097W YMR174C,0.0,NA,0.00018666041432879865,2850,22421,8620,0,0.33843793337464223,0.1127774919868624,1.0,0.7223027608646628,0.2776972391353371
8620,YKL135C YGL098W,0.0,NA,0.00018668212578631938,2850,22420,8621,0,0.33846743973326254,0.11278195488721804,1.0,0.7222705454076866,0.2777294545923134
8621,YPR073C YHR160C,0.0,NA,0.0001868826657300815,2850,22419,8622,0,0.3384969460918828,0.11278641814080494,1.0,0.7222383299507104,0.27776167004928964
8622,YPL235W YDR321W,0.0,NA,0.0001868938998086378,2850,22418,8623,0,0.33852645245050306,0.11279088174766504,1.0,0.7222061144937341,0.2777938855062659
8623,YLL035W YLR357W,0.0,NA,0.00018699960492085665,2850,22417,8624,0,0.33855595880912337,0.11279534570784026,1.0,0.7221738990367579,0.2778261009632422
8624,YNL132W YOL125W,0.0,NA,0.00018709769938141108,2850,22416,8625,0,0.3385854651677436,0.1127998100213726,1.0,0.7221416835797816,0.2778583164202184
8625,YNL309W YDR510W,0.0,NA,0.00018726973212324083,2850,22415,8626,0,0.33861497152636394,0.11280427468830398,1.0,0.7221094681228053,0.2778905318771947
8626,YGR224W YDR302W,0.0,NA,0.0001873704750323668,2850,22414,8627,0,0.3386444778849842,0.11280873970867637,1.0,0.7220772526658291,0.27792274733417094
8627,YBL043W YAL067C,0.0,NA,0.00018756369536276907,2850,22413,8628,0,0.3386739842436045,0.11281320508253176,1.0,0.7220450372088528,0.2779549627911472
8628,YPL051W YGL224C,0.0,NA,0.00018766263383440673,2850,22412,8629,0,0.33870349060222477,0.11281767080991212,1.0,0.7220128217518765,0.27798717824812347
8629,YJL136C YPL195W,0.0,NA,0.00018778954108711332,2850,22411,8630,0,0.3387329969608451,0.11282213689085943,1.0,0.7219806062949002,0.2780193937050997
8630,YBR093C YMR138W,0.0,NA,0.000187875863048248,2850,22410,8631,0,0.33876250331946534,0.11282660332541568,1.0,0.7219483908379241,0.27805160916207594
8631,YIL116W YDR463W,0.0,NA,0.00018845772137865424,2850,22409,8632,0,0.33879200967808565,0.11283107011362287,1.0,0.7219161753809478,0.27808382461905223
8632,YPL140C YML043C,0.0,NA,0.00018852348148357123,2850,22408,8633,0,0.3388215160367059,0.112835537255523,1.0,0.7218839599239715,0.27811604007602847
8633,YOR123C YHR153C,0.0,NA,0.00018855657253880054,2850,22407,8634,0,0.3388510223953262,0.1128400047511581,1.0,0.7218517444669953,0.27814825553300476
8634,YLR231C YDR356W,0.0,NA,0.00018862490833271295,2850,22406,8635,0,0.3388805287539465,0.11284447260057016,1.0,0.721819529010019,0.278180470989981
8635,YGR166W YDR078C,0.0,NA,0.0001886950631160289,2850,22405,8636,0,0.33891003511256673,0.11284894080380123,1.0,0.7217873135530427,0.27821268644695724
8636,YFL025C YLR043C,0.0,NA,0.00018879276467487216,2850,22404,8637,0,0.33893954147118704,0.11285340936089332,1.0,0.7217550980960665,0.27824490190393353
8637,Q0115 YLR188W,0.0,NA,0.00018905469914898276,2850,22403,8638,0,0.3389690478298073,0.11285787827188849,1.0,0.7217228826390902,0.27827711736090976
8638,YGL116W YDR315C,0.0,NA,0.00018911076767835766,2850,22402,8639,0,0.3389985541884276,0.11286234753682876,1.0,0.7216906671821139,0.278309332817886
8639,YPR009W YFL005W,0.0,NA,0.00018933882529381663,2850,22401,8640,0,0.33902806054704787,0.11286681715575621,1.0,0.7216584517251378,0.2783415482748623
8640,YDR263C YOR249C,0.0,NA,0.00018971181998495013,2850,22400,8641,0,0.3390575669056682,0.11287128712871287,1.0,0.7216262362681615,0.27837376373183853
8641,YNL163C YOL143C,0.0,NA,0.00018971326062455773,2850,22399,8642,0,0.33908707326428844,0.11287575745574083,1.0,0.7215940208111852,0.27840597918881477
8642,YHL009C YHL015W,0.0,NA,0.00018975578132085502,2850,22398,8643,0,0.33911657962290875,0.11288022813688213,1.0,0.721561805354209,0.27843819464579106
8643,YNL182C YKR034W,0.0,NA,0.00018983051995746791,2850,22397,8644,0,0.339146085981529,0.11288469917217887,1.0,0.7215295898972327,0.2784704101027673
8644,YDR500C YDR402C,0.0,NA,0.00018984028429258615,2850,22396,8645,0,0.3391755923401493,0.11288917056167314,1.0,0.7214973744402564,0.2785026255597436
8645,YOL041C YMR271C,0.0,NA,0.0001903920783661306,2850,22395,8646,0,0.3392050986987696,0.11289364230540701,1.0,0.7214651589832802,0.2785348410167198
8646,YJR041C YML004C,0.0,NA,0.00019063604122493416,2850,22394,8647,0,0.3392346050573899,0.1128981144034226,1.0,0.7214329435263039,0.27856705647369606
8647,YKL104C YGR002C,0.0,NA,0.00019066021195612848,2850,22393,8648,0,0.33926411141601015,0.11290258685576199,1.0,0.7214007280693276,0.27859927193067235
8648,YOR039W YDL056W,0.0,NA,0.00019076895841863006,2850,22392,8649,0,0.3392936177746304,0.11290705966246732,1.0,0.7213685126123514,0.2786314873876486
8649,YKR085C YNL121C,0.0,NA,0.00019108009291812778,2850,22391,8650,0,0.3393231241332507,0.11291153282358068,1.0,0.7213362971553752,0.2786637028446248
8650,YJR160C YML078W,0.0,NA,0.00019108336709905416,2850,22390,8651,0,0.339352630491871,0.11291600633914421,1.0,0.7213040816983989,0.2786959183016011
8651,YJL072C YGR148C,0.0,NA,0.00019110048015136272,2850,22389,8652,0,0.3393821368504913,0.11292048020920005,1.0,0.7212718662414226,0.27872813375857736
8652,YLL040C YKL006W,0.0,NA,0.00019150123989675194,2850,22388,8653,0,0.33941164320911155,0.11292495443379032,1.0,0.7212396507844464,0.27876034921555365
8653,YDL213C YMR311C,0.0,NA,0.00019151510787196457,2850,22387,8654,0,0.33944114956773186,0.11292942901295716,1.0,0.7212074353274701,0.2787925646725299
8654,YMR272C YGL161C,0.0,NA,0.00019153556786477566,2850,22386,8655,0,0.3394706559263521,0.11293390394674274,1.0,0.7211752198704938,0.2788247801295061
8655,YBL021C YBR077C,0.0,NA,0.00019155054178554565,2850,22385,8656,0,0.33950016228497243,0.11293837923518922,1.0,0.7211430044135176,0.2788569955864824
8656,YBR237W YLR019W,0.0,NA,0.00019160077499691397,2850,22384,8657,0,0.3395296686435927,0.11294285487833874,1.0,0.7211107889565413,0.27888921104345865
8657,YCL034W YJL134W,0.0,NA,0.00019167458231095225,2850,22383,8658,0,0.339559175002213,0.1129473308762335,1.0,0.7210785734995651,0.2789214265004349
8658,YBL009W YDR009W,0.0,NA,0.00019169652659911662,2850,22382,8659,0,0.33958868136083326,0.11295180722891567,1.0,0.7210463580425889,0.2789536419574112
8659,YLR299W YOL011W,0.0,NA,0.00019183859694749117,2850,22381,8660,0,0.33961818771945357,0.11295628393642741,1.0,0.7210141425856126,0.2789858574143874
8660,YNR002C YOR327C,0.0,NA,0.0001921237853821367,2850,22380,8661,0,0.3396476940780738,0.11296076099881094,1.0,0.7209819271286363,0.27901807287136365
8661,YBR057C YJL164C,0.0,NA,0.00019233128114137799,2850,22379,8662,0,0.3396772004366941,0.11296523841610845,1.0,0.7209497116716601,0.27905028832833995
8662,YHR184W YGR085C,0.0,NA,0.00019253384380135685,2850,22378,8663,0,0.3397067067953144,0.11296971618836214,1.0,0.7209174962146838,0.2790825037853162
8663,YGL246C YBR213W,0.0,NA,0.0001927454286487773,2850,22377,8664,0,0.33973621315393465,0.11297419431561423,1.0,0.7208852807577075,0.2791147192422925
8664,YNL047C YNL147W,0.0,NA,0.00019310838251840323,2850,22376,8665,0,0.33976571951255496,0.11297867279790692,1.0,0.7208530653007313,0.2791469346992687
8665,YLR095C YEL026W,0.0,NA,0.00019319438433740288,2850,22375,8666,0,0.3397952258711752,0.11298315163528246,1.0,0.720820849843755,0.27917915015624495
8666,YLR181C YDR135C,0.0,NA,0.00019325388711877167,2850,22374,8667,0,0.33982473222979553,0.11298763082778307,1.0,0.7207886343867788,0.27921136561322124
8667,YNL062C YPL046C,0.0,NA,0.00019331194926053286,2850,22373,8668,0,0.3398542385884158,0.11299211037545098,1.0,0.7207564189298025,0.2792435810701975
8668,YEL041W YKR020W,0.0,NA,0.00019341407460160553,2850,22372,8669,0,0.3398837449470361,0.11299659027832844,1.0,0.7207242034728263,0.2792757965271737
8669,YHL001W YJR136C,0.0,NA,0.00019346203771419823,2850,22371,8670,0,0.33991325130565636,0.11300107053645772,1.0,0.72069198801585,0.27930801198415
8670,YML116W YLL022C,0.0,NA,0.00019362333114258945,2850,22370,8671,0,0.3399427576642767,0.11300555114988105,1.0,0.7206597725588737,0.27934022744112624
8671,YBR009C YDR461W,0.0,NA,0.00019417611474636942,2850,22369,8672,0,0.33997226402289693,0.1130100321186407,1.0,0.7206275571018975,0.27937244289810254
8672,YPL124W YLR240W,0.0,NA,0.00019433096167631447,2850,22368,8673,0,0.34000177038151724,0.11301451344277896,1.0,0.7205953416449212,0.27940465835507877
8673,YLR020C YCL038C,0.0,NA,0.00019436208822298795,2850,22367,8674,0,0.3400312767401375,0.11301899512233811,1.0,0.7205631261879449,0.279436873812055
8674,YDL052C YGR222W,0.0,NA,0.0001949173747561872,2850,22366,8675,0,0.34006078309875776,0.1130234771573604,1.0,0.7205309107309688,0.2794690892690313
8675,YGR009C YOR212W,0.0,NA,0.0001950079167727381,2850,22365,8676,0,0.34009028945737807,0.11302795954788816,1.0,0.7204986952739925,0.27950130472600754
8676,YBR026C YBR021W,0.0,NA,0.00019501069618854672,2850,22364,8677,0,0.3401197958159983,0.11303244229396367,1.0,0.7204664798170162,0.2795335201829838
8677,YDL219W YNL123W,0.0,NA,0.00019509067351464182,2850,22363,8678,0,0.34014930217461864,0.11303692539562923,1.0,0.72043426436004,0.27956573563996007
8678,YDR229W YJR090C,0.0,NA,0.0001951146696228534,2850,22362,8679,0,0.3401788085332389,0.11304140885292718,1.0,0.7204020489030637,0.2795979510969363
8679,YDR409W YHR001W,0.0,NA,0.0001951248850673437,2850,22361,8680,0,0.3402083148918592,0.1130458926658998,1.0,0.7203698334460874,0.27963016655391254
8680,YGR118W YGL030W,0.0,NA,0.00019525479001458734,2850,22360,8681,0,0.34023782125047947,0.11305037683458945,1.0,0.7203376179891112,0.27966238201088883
8681,YJL136C YDR329C,0.0,NA,0.00019527602125890553,2850,22359,8682,0,0.3402673276090998,0.11305486135903844,1.0,0.7203054025321349,0.27969459746786507
8682,YPR180W YAL021C,0.0,NA,0.00019531698490027338,2850,22358,8683,0,0.34029683396772004,0.11305934623928912,1.0,0.7202731870751586,0.27972681292484136
8683,YOR168W YGR085C,0.0,NA,0.0001956263731699437,2850,22357,8684,0,0.34032634032634035,0.11306383147538382,1.0,0.7202409716181825,0.2797590283818176
8684,YNL246W YJL168C,0.0,NA,0.00019566014816518873,2850,22356,8685,0,0.3403558466849606,0.1130683170673649,1.0,0.7202087561612062,0.27979124383879383
8685,YBR293W YPR049C,0.0,NA,0.0001957818167284131,2850,22355,8686,0,0.3403853530435809,0.11307280301527475,1.0,0.7201765407042299,0.2798234592957701
8686,YHR178W YMR204C,0.0,NA,0.0001957984350156039,2850,22354,8687,0,0.3404148594022012,0.11307728931915569,1.0,0.7201443252472536,0.27985567475274636
8687,YOR036W YDL185W,0.0,NA,0.0001960061490535736,2850,22353,8688,0,0.34044436576082143,0.11308177597905011,1.0,0.7201121097902774,0.2798878902097226
8688,YDR447C YJR109C,0.0,NA,0.00019605978741310537,2850,22352,8689,0,0.34047387211944175,0.1130862629950004,1.0,0.7200798943333011,0.2799201056666989
8689,YCL040W YNL096C,0.0,NA,0.00019607193826232105,2850,22351,8690,0,0.340503378478062,0.11309075036704892,1.0,0.7200476788763248,0.27995232112367513
8690,YHR158C YER174C,0.0,NA,0.00019612615869846195,2850,22350,8691,0,0.3405328848366823,0.1130952380952381,1.0,0.7200154634193486,0.2799845365806514
8691,YLL042C YGL211W,0.0,NA,0.00019615533528849483,2850,22349,8692,0,0.34056239119530257,0.1130997261796103,1.0,0.7199832479623723,0.28001675203762766
8692,YLR372W YOR290C,0.0,NA,0.00019662010890897363,2850,22348,8693,0,0.3405918975539229,0.11310421462020795,1.0,0.719951032505396,0.2800489674946039
8693,YKL043W YAL059W,0.0,NA,0.00019729090854525566,2850,22347,8694,0,0.34062140391254314,0.11310870341707346,1.0,0.7199188170484199,0.2800811829515802
8694,YGL038C YNL001W,0.0,NA,0.00019730294297914952,2850,22346,8695,0,0.34065091027116345,0.11311319257024925,1.0,0.7198866015914436,0.2801133984085564
8695,YAL003W YBR263W,0.0,NA,0.00019730294297914952,2850,22345,8696,0,0.3406804166297837,0.11311768207977774,1.0,0.7198543861344673,0.28014561386553266
8696,YOL067C YLR113W,0.0,NA,0.00019747797341551632,2850,22344,8697,0,0.340709922988404,0.11312217194570136,1.0,0.7198221706774911,0.28017782932250895
8697,YML052W YKR022C,0.0,NA,0.00019766052719205618,2850,22343,8698,0,0.3407394293470243,0.11312666216806255,1.0,0.7197899552205148,0.2802100447794852
8698,YDL150W YDL205C,0.0,NA,0.00019767841149587184,2850,22342,8699,0,0.3407689357056446,0.11313115274690377,1.0,0.7197577397635385,0.2802422602364614
8699,YPR112C YKL040C,0.0,NA,0.00019785661424975842,2850,22341,8700,0,0.34079844206426485,0.11313564368226747,1.0,0.7197255243065623,0.2802744756934377
8700,YKL190W YLR094C,0.0,NA,0.00019811013771686703,2850,22340,8701,0,0.3408279484228851,0.11314013497419612,1.0,0.719693308849586,0.28030669115041396
8701,YMR168C YKR024C,0.0,NA,0.00019818005966953933,2850,22339,8702,0,0.3408574547815054,0.11314462662273214,1.0,0.7196610933926098,0.28033890660739025
8702,YKL164C YIL173W,0.0,NA,0.0001983127585845068,2850,22338,8703,0,0.3408869611401257,0.11314911862791806,1.0,0.7196288779356336,0.2803711220643665
8703,YHR068W YCL074W,0.0,NA,0.00019832825637422502,2850,22337,8704,0,0.340916467498746,0.11315361098979633,1.0,0.7195966624786573,0.2804033375213427
8704,YJL198W YNL261W,0.0,NA,0.00019836021238006651,2850,22336,8705,0,0.34094597385736625,0.11315810370840944,1.0,0.719564447021681,0.280435552978319
8705,YNL149C YOR211C,0.0,NA,0.0001984512055059895,2850,22335,8706,0,0.34097548021598656,0.11316259678379988,1.0,0.7195322315647047,0.28046776843529525
8706,YDR113C YKR101W,0.0,NA,0.00019862878252752125,2850,22334,8707,0,0.3410049865746068,0.11316709021601017,1.0,0.7195000161077285,0.2804999838922715
8707,YKR095W-A YER120W,0.0,NA,0.00019864032219629735,2850,22333,8708,0,0.34103449293322713,0.11317158400508279,1.0,0.7194678006507522,0.2805321993492478
8708,YCL044C YOL076W,0.0,NA,0.0001987721916520968,2850,22332,8709,0,0.3410639992918474,0.11317607815106027,1.0,0.7194355851937759,0.280564414806224
8709,YNL072W YOR272W,0.0,NA,0.00019892975979018956,2850,22331,8710,0,0.3410935056504677,0.11318057265398515,1.0,0.7194033697367997,0.2805966302632003
8710,YFL031W YML057W,0.0,NA,0.00019904928922187537,2850,22330,8711,0,0.34112301200908796,0.11318506751389992,1.0,0.7193711542798235,0.28062884572017655
8711,YOR078W YER176W,0.0,NA,0.00019910071569029242,2850,22329,8712,0,0.34115251836770827,0.11318956273084714,1.0,0.7193389388228472,0.2806610611771528
8712,YNL271C YGL147C,0.0,NA,0.00019931516726501286,2850,22328,8713,0,0.3411820247263285,0.11319405830486932,1.0,0.719306723365871,0.2806932766341291
8713,YIL016W YAL023C,0.0,NA,0.00019940717902500182,2850,22327,8714,0,0.3412115310849488,0.11319855423600905,1.0,0.7192745079088947,0.2807254920911053
8714,YEL071W YFL058W,0.0,NA,0.00019964516104664654,2850,22326,8715,0,0.3412410374435691,0.11320305052430886,1.0,0.7192422924519184,0.28075770754808155
8715,YHR020W YDR244W,0.0,NA,0.0001999959204113111,2850,22325,8716,0,0.34127054380218935,0.11320754716981132,1.0,0.7192100769949422,0.28078992300505784
8716,YGR105W YCL009C,0.0,NA,0.0002001800312427804,2850,22324,8717,0,0.34130005016080966,0.11321204417255899,1.0,0.7191778615379659,0.2808221384620341
8717,YPL033C YLR188W,0.0,NA,0.00020037520152982324,2850,22323,8718,0,0.3413295565194299,0.11321654153259444,1.0,0.7191456460809896,0.28085435391901037
8718,YBR254C YOR340C,0.0,NA,0.00020038816728629172,2850,22322,8719,0,0.34135906287805023,0.11322103924996027,1.0,0.7191134306240134,0.2808865693759866
8719,YML027W YDR313C,0.0,NA,0.0002004615671467036,2850,22321,8720,0,0.3413885692366705,0.11322553732469906,1.0,0.7190812151670372,0.28091878483296284
8720,YIL112W YBR040W,0.0,NA,0.00020080360991414636,2850,22320,8721,0,0.3414180755952908,0.11323003575685339,1.0,0.7190489997100609,0.28095100028993913
8721,YLR227C YPR180W,0.0,NA,0.0002008141455007717,2850,22319,8722,0,0.34144758195391106,0.11323453454646588,1.0,0.7190167842530847,0.28098321574691537
8722,YBR095C YDR423C,0.0,NA,0.000200896683963947,2850,22318,8723,0,0.3414770883125314,0.11323903369357914,1.0,0.7189845687961084,0.2810154312038916
8723,YOL151W YOL156W,0.0,NA,0.00020104403665754944,2850,22317,8724,0,0.34150659467115163,0.11324353319823578,1.0,0.7189523533391321,0.2810476466608679
8724,YKL093W YAL042W,0.0,NA,0.0002010741300182417,2850,22316,8725,0,0.34153610102977194,0.11324803306047843,1.0,0.7189201378821558,0.28107986211784414
8725,YDR104C YGL116W,0.0,NA,0.00020130988559685647,2850,22315,8726,0,0.3415656073883922,0.11325253328034969,1.0,0.7188879224251796,0.2811120775748204
8726,YJR103W YGL067W,0.0,NA,0.00020139034313615412,2850,22314,8727,0,0.34159511374701246,0.11325703385789222,1.0,0.7188557069682033,0.28114429303179667
8727,YOR267C YGL123W,0.0,NA,0.00020154498633928597,2850,22313,8728,0,0.34162462010563277,0.11326153479314867,1.0,0.718823491511227,0.2811765084887729
8728,YDL017W YLR189C,0.0,NA,0.00020165204477962106,2850,22312,8729,0,0.341654126464253,0.11326603608616168,1.0,0.7187912760542509,0.2812087239457492
8729,YJL166W YNL162W,0.0,NA,0.0002017891820287332,2850,22311,8730,0,0.34168363282287334,0.11327053773697389,1.0,0.7187590605972746,0.28124093940272543
8730,YDL246C YMR176W,0.0,NA,0.00020188502094242722,2850,22310,8731,0,0.3417131391814936,0.11327503974562798,1.0,0.7187268451402983,0.28127315485970167
8731,YGR247W YOR254C,0.0,NA,0.00020192755619063973,2850,22309,8732,0,0.3417426455401139,0.11327954211216662,1.0,0.7186946296833221,0.28130537031667796
8732,YGL127C YPL070W,0.0,NA,0.00020216393750160933,2850,22308,8733,0,0.34177215189873417,0.11328404483663249,1.0,0.7186624142263458,0.2813375857736542
8733,YNL233W YCR036W,0.0,NA,0.0002024590939981863,2850,22307,8734,0,0.3418016582573545,0.11328854791906826,1.0,0.7186301987693695,0.28136980123063043
8734,YDR140W YDR200C,0.0,NA,0.0002027432492468506,2850,22306,8735,0,0.34183116461597474,0.11329305135951662,1.0,0.7185979833123933,0.2814020166876067
8735,YBR213W YDR305C,0.0,NA,0.00020280240278225392,2850,22305,8736,0,0.34186067097459505,0.11329755515802027,1.0,0.718565767855417,0.28143423214458296
8736,YDL143W YHR184W,0.0,NA,0.00020285094797145575,2850,22304,8737,0,0.3418901773332153,0.11330205931462192,1.0,0.7185335523984407,0.28146644760155926
8737,YCL027W YOR138C,0.0,NA,0.00020285655045881867,2850,22303,8738,0,0.34191968369183556,0.11330656382936428,1.0,0.7185013369414646,0.2814986630585355
8738,YLR310C YOR089C,0.0,NA,0.0002028925227932632,2850,22302,8739,0,0.3419491900504559,0.11331106870229007,1.0,0.7184691214844883,0.28153087851551173
8739,YPL027W YAL040C,0.0,NA,0.00020309517276473343,2850,22301,8740,0,0.34197869640907613,0.11331557393344201,1.0,0.718436906027512,0.281563093972488
8740,YDR166C YNL062C,0.0,NA,0.0002032856282312423,2850,22300,8741,0,0.34200820276769645,0.11332007952286283,1.0,0.7184046905705358,0.28159530942946426
8741,YJR001W YGL089C,0.0,NA,0.00020349332771729678,2850,22299,8742,0,0.3420377091263167,0.11332458547059525,1.0,0.7183724751135595,0.2816275248864405
8742,YPR143W YDR047W,0.0,NA,0.00020367676916066557,2850,22298,8743,0,0.342067215484937,0.11332909177668204,1.0,0.7183402596565832,0.2816597403434168
8743,YMR192W YHL002W,0.0,NA,0.0002037581434706226,2850,22297,8744,0,0.34209672184355727,0.11333359844116594,1.0,0.7183080441996069,0.281691955800393
8744,YJR041C YEL040W,0.0,NA,0.00020380788191687316,2850,22296,8745,0,0.3421262282021776,0.11333810546408972,1.0,0.7182758287426307,0.28172417125736926
8745,YLR183C YAR009C,0.0,NA,0.00020389242854434997,2850,22295,8746,0,0.34215573456079784,0.11334261284549613,1.0,0.7182436132856544,0.28175638671434555
8746,YDR253C YNL163C,0.0,NA,0.00020389692508615553,2850,22294,8747,0,0.34218524091941815,0.11334712058542794,1.0,0.7182113978286782,0.2817886021713218
8747,YCR091W YPL171C,0.0,NA,0.00020397624757606536,2850,22293,8748,0,0.3422147472780384,0.11335162868392794,1.0,0.718179182371702,0.2818208176282981
8748,YKR053C YML132W,0.0,NA,0.00020403324742801487,2850,22292,8749,0,0.3422442536366587,0.1133561371410389,1.0,0.7181469669147257,0.2818530330852743
8749,YBR076W YHR133C,0.0,NA,0.00020410833531059325,2850,22291,8750,0,0.342273759995279,0.11336064595680363,1.0,0.7181147514577494,0.28188524854225055
8750,YNR064C YBR296C,0.0,NA,0.00020419963402673602,2850,22290,8751,0,0.34230326635389924,0.11336515513126491,1.0,0.7180825360007732,0.28191746399922685
8751,YNR013C YOR204W,0.0,NA,0.00020423508249223232,2850,22289,8752,0,0.34233277271251955,0.11336966466446557,1.0,0.7180503205437969,0.2819496794562031
8752,YMR004W YOR273C,0.0,NA,0.00020430305448826402,2850,22288,8753,0,0.3423622790711398,0.11337417455644841,1.0,0.7180181050868206,0.2819818949131793
8753,YNL268W YBR267W,0.0,NA,0.0002045570290647447,2850,22287,8754,0,0.3423917854297601,0.11337868480725624,1.0,0.7179858896298444,0.2820141103701556
8754,YBR095C YDR400W,0.0,NA,0.00020474240591283888,2850,22286,8755,0,0.3424212917883804,0.11338319541693188,1.0,0.7179536741728682,0.28204632582713185
8755,YPR074C YBL015W,0.0,NA,0.0002048371097771451,2850,22285,8756,0,0.3424507981470007,0.1133877063855182,1.0,0.7179214587158919,0.28207854128410814
8756,YGL005C YIL037C,0.0,NA,0.00020485487766563892,2850,22284,8757,0,0.34248030450562095,0.113392217713058,1.0,0.7178892432589157,0.2821107567410844
8757,YML004C YBR223C,0.0,NA,0.00020499067613855004,2850,22283,8758,0,0.34250981086424126,0.11339672939959416,1.0,0.7178570278019394,0.2821429721980606
8758,YPR145W YOL120C,0.0,NA,0.0002051238261628896,2850,22282,8759,0,0.3425393172228615,0.1134012414451695,1.0,0.7178248123449631,0.2821751876550369
8759,YGL232W YEL040W,0.0,NA,0.00020519757526926696,2850,22281,8760,0,0.34256882358148183,0.1134057538498269,1.0,0.7177925968879869,0.28220740311201314
8760,YBR156C YFL030W,0.0,NA,0.00020538215176202357,2850,22280,8761,0,0.3425983299401021,0.11341026661360923,1.0,0.7177603814310106,0.2822396185689894
8761,YNL283C YHR055C,0.0,NA,0.00020547304302453995,2850,22279,8762,0,0.3426278362987224,0.11341477973655935,1.0,0.7177281659740343,0.2822718340259657
8762,YGR214W YBL005W-B,0.0,NA,0.0002056559023912996,2850,22278,8763,0,0.34265734265734266,0.11341929321872016,1.0,0.717695950517058,0.2823040494829419
8763,YNL079C YCL044C,0.0,NA,0.00020573790243361145,2850,22277,8764,0,0.3426868490159629,0.11342380706013451,1.0,0.7176637350600819,0.28233626493991815
8764,YOL063C YGL257C,0.0,NA,0.00020574632799252868,2850,22276,8765,0,0.3427163553745832,0.11342832126084534,1.0,0.7176315196031056,0.28236848039689444
8765,YHR161C YPL249C-A,0.0,NA,0.00020586446044035256,2850,22275,8766,0,0.3427458617332035,0.11343283582089553,1.0,0.7175993041461293,0.2824006958538707
8766,YMR247C YKL119C,0.0,NA,0.00020612214575521648,2850,22274,8767,0,0.3427753680918238,0.11343735074032797,1.0,0.7175670886891531,0.28243291131084697
8767,YIR012W YNL312W,0.0,NA,0.00020613452943507582,2850,22273,8768,0,0.34280487445044405,0.11344186601918561,1.0,0.7175348732321768,0.2824651267678232
8768,YOL072W YKL143W,0.0,NA,0.00020625288016162813,2850,22272,8769,0,0.34283438080906437,0.11344638165751135,1.0,0.7175026577752005,0.28249734222479944
8769,YOR137C YNR046W,0.0,NA,0.00020630205108318478,2850,22271,8770,0,0.3428638871676846,0.11345089765534812,1.0,0.7174704423182243,0.28252955768177573
8770,YJR078W YOL041C,0.0,NA,0.00020634729298762977,2850,22270,8771,0,0.34289339352630493,0.11345541401273886,1.0,0.717438226861248,0.28256177313875197
8771,YOL151W YBL051C,0.0,NA,0.00020656146807596087,2850,22269,8772,0,0.3429228998849252,0.1134599307297265,1.0,0.7174060114042717,0.2825939885957282
8772,YOR321W YGR024C,0.0,NA,0.00020670628873631358,2850,22268,8773,0,0.3429524062435455,0.11346444780635401,1.0,0.7173737959472956,0.2826262040527045
8773,YGR027C YOR032C,0.0,NA,0.00020672421669587493,2850,22267,8774,0,0.34298191260216576,0.11346896524266432,1.0,0.7173415804903193,0.28265841950968074
8774,YMR274C YLR017W,0.0,NA,0.0002067447203444317,2850,22266,8775,0,0.3430114189607861,0.11347348303870043,1.0,0.717309365033343,0.28269063496665703
8775,YPL267W YDL236W,0.0,NA,0.00020683286129496992,2850,22265,8776,0,0.34304092531940633,0.11347800119450528,1.0,0.7172771495763668,0.28272285042363327
8776,YLR238W YNL032W,0.0,NA,0.00020684035553131253,2850,22264,8777,0,0.3430704316780266,0.11348251971012184,1.0,0.7172449341193905,0.2827550658806095
8777,YDR408C YPR052C,0.0,NA,0.00020688195945695043,2850,22263,8778,0,0.3430999380366469,0.11348703858559311,1.0,0.7172127186624142,0.2827872813375858
8778,YGR120C YBL051C,0.0,NA,0.00020716541621368378,2850,22262,8779,0,0.34312944439526716,0.1134915578209621,1.0,0.7171805032054379,0.28281949679456203
8779,YPL188W YGL073W,0.0,NA,0.00020741939079016447,2850,22261,8780,0,0.34315895075388747,0.11349607741627175,1.0,0.7171482877484617,0.28285171225153827
8780,YAL058W YDR229W,0.0,NA,0.00020747201051563025,2850,22260,8781,0,0.3431884571125077,0.1135005973715651,1.0,0.7171160722914854,0.28288392770851456
8781,YDR437W YML019W,0.0,NA,0.00020765290537383407,2850,22259,8782,0,0.34321796347112804,0.11350511768688518,1.0,0.7170838568345091,0.2829161431654908
8782,YLL034C YGL153W,0.0,NA,0.00020781690545845777,2850,22258,8783,0,0.3432474698297483,0.11350963836227497,1.0,0.717051641377533,0.28294835862246703
8783,YMR274C YOL089C,0.0,NA,0.0002078927936963737,2850,22257,8784,0,0.3432769761883686,0.11351415939777751,1.0,0.7170194259205567,0.2829805740794433
8784,YHR086W YPL228W,0.0,NA,0.0002079572295770049,2850,22256,8785,0,0.34330648254698887,0.11351868079343583,1.0,0.7169872104635804,0.28301278953641956
8785,YDR146C YOR080W,0.0,NA,0.00020796200260519981,2850,22255,8786,0,0.3433359889056092,0.11352320254929298,1.0,0.7169549950066042,0.28304500499339585
8786,YPR008W YML132W,0.0,NA,0.00020830827997997403,2850,22254,8787,0,0.34336549526422944,0.11352772466539197,1.0,0.7169227795496279,0.2830772204503721
8787,YOR047C YAL036C,0.0,NA,0.00020837661577388644,2850,22253,8788,0,0.34339500162284975,0.11353224714177589,1.0,0.7168905640926516,0.28310943590734833
8788,YMR017W YPL085W,0.0,NA,0.00020842849335167557,2850,22252,8789,0,0.34342450798147,0.11353676997848777,1.0,0.7168583486356754,0.2831416513643246
8789,YMR075W YLR340W,0.0,NA,0.00020895438501611352,2850,22251,8790,0,0.34345401434009026,0.1135412931755707,1.0,0.7168261331786991,0.28317386682130086
8790,YGL043W YLR388W,0.0,NA,0.00020897491776850075,2850,22250,8791,0,0.3434835206987106,0.11354581673306773,1.0,0.7167939177217229,0.2832060822782771
8791,YNR075W YGR230W,0.0,NA,0.00020901874813716859,2850,22249,8792,0,0.34351302705733083,0.11355034065102196,1.0,0.7167617022647467,0.2832382977352534
8792,YBR293W YHR088W,0.0,NA,0.0002091048809234053,2850,22248,8793,0,0.34354253341595115,0.11355486492947645,1.0,0.7167294868077704,0.2832705131922296
8793,YDR394W YKL079W,0.0,NA,0.00020927459991071373,2850,22247,8794,0,0.3435720397745714,0.11355938956847432,1.0,0.7166972713507941,0.2833027286492059
8794,YOR375C YHR163W,0.0,NA,0.0002092977665597573,2850,22246,8795,0,0.3436015461331917,0.11356391456805866,1.0,0.7166650558938179,0.28333494410618215
8795,YDR507C YDR089W,0.0,NA,0.00020940495596732944,2850,22245,8796,0,0.343631052491812,0.11356843992827256,1.0,0.7166328404368416,0.2833671595631584
8796,YDL160C YGR198W,0.0,NA,0.0002094464871333912,2850,22244,8797,0,0.3436605588504323,0.11357296564915915,1.0,0.7166006249798653,0.2833993750201347
8797,YDL136W YHL048W,0.0,NA,0.00020965246949344873,2850,22243,8798,0,0.34369006520905254,0.11357749173076157,1.0,0.716568409522889,0.2834315904771109
8798,YLR113W YGL033W,0.0,NA,0.00020975126244593412,2850,22242,8799,0,0.34371957156767285,0.11358201817312291,1.0,0.7165361940659128,0.28346380593408715
8799,YLR146C YOR108W,0.0,NA,0.00020980586123187095,2850,22241,8800,0,0.3437490779262931,0.11358654497628631,1.0,0.7165039786089366,0.28349602139106345
8800,YMR095C YNL135C,0.0,NA,0.00020985868468414992,2850,22240,8801,0,0.3437785842849134,0.11359107214029494,1.0,0.7164717631519603,0.2835282368480397
8801,YLR433C YDR369C,0.0,NA,0.0002100682759191841,2850,22239,8802,0,0.3438080906435337,0.11359559966519192,1.0,0.7164395476949841,0.2835604523050159
8802,YNL039W YDR001C,0.0,NA,0.0002101590362144634,2850,22238,8803,0,0.34383759700215394,0.1136001275510204,1.0,0.7164073322380078,0.2835926677619922
8803,YHR128W YGL091C,0.0,NA,0.00021078737336210907,2850,22237,8804,0,0.34386710336077425,0.11360465579782357,1.0,0.7163751167810315,0.28362488321896845
8804,YGR188C YIR011C,0.0,NA,0.00021079540601931512,2850,22236,8805,0,0.3438966097193945,0.11360918440564459,1.0,0.7163429013240553,0.28365709867594474
8805,YBR168W YOR196C,0.0,NA,0.00021086394554004073,2850,22235,8806,0,0.3439261160780148,0.11361371337452661,1.0,0.716310685867079,0.283689314132921
8806,YER110C YBR252W,0.0,NA,0.00021093715622555465,2850,22234,8807,0,0.3439556224366351,0.11361824270451283,1.0,0.7162784704101027,0.2837215295898972
8807,YCL016C YKR004C,0.0,NA,0.000210963495192118,2850,22233,8808,0,0.3439851287952554,0.11362277239564646,1.0,0.7162462549531265,0.2837537450468735
8808,YGL063W YNL262W,0.0,NA,0.00021107294014655054,2850,22232,8809,0,0.34401463515387565,0.11362730244797066,1.0,0.7162140394961503,0.28378596050384974
8809,YLL052C YBR038W,0.0,NA,0.0002115115348715335,2850,22231,8810,0,0.34404414151249596,0.11363183286152864,1.0,0.716181824039174,0.283818175960826
8810,YNR059W YNL110C,0.0,NA,0.00021161379117984325,2850,22230,8811,0,0.3440736478711162,0.11363636363636363,1.0,0.7161496085821978,0.2838503914178023
8811,YIR015W YKL043W,0.0,NA,0.00021175146684981883,2850,22229,8812,0,0.34410315422973653,0.11364089477251885,1.0,0.7161173931252215,0.2838826068747785
8812,YDR483W YHR111W,0.0,NA,0.00021175912115722895,2850,22228,8813,0,0.3441326605883568,0.11364542627003749,1.0,0.7160851776682452,0.2839148223317548
8813,YDR317W YER056C,0.0,NA,0.0002117956755682826,2850,22227,8814,0,0.3441621669469771,0.1136499581289628,1.0,0.716052962211269,0.28394703778873104
8814,YML046W YPR030W,0.0,NA,0.00021179688337724656,2850,22226,8815,0,0.34419167330559736,0.11365449034933801,1.0,0.7160207467542927,0.2839792532457073
8815,YJL083W YEL019C,0.0,NA,0.00021179788745939732,2850,22225,8816,0,0.3442211796642176,0.11365902293120637,1.0,0.7159885312973164,0.28401146870268357
8816,YER102W YGL208W,0.0,NA,0.00021181102783884853,2850,22224,8817,0,0.3442506860228379,0.11366355587461115,1.0,0.7159563158403401,0.2840436841596598
8817,YER123W YIL048W,0.0,NA,0.0002118770789820701,2850,22223,8818,0,0.3442801923814582,0.11366808917959557,1.0,0.715924100383364,0.28407589961663604
8818,YFL017C YMR005W,0.0,NA,0.0002120571443811059,2850,22222,8819,0,0.3443096987400785,0.11367262284620294,1.0,0.7158918849263877,0.28410811507361233
8819,YGR268C YIL052C,0.0,NA,0.0002121303550666198,2850,22221,8820,0,0.34433920509869875,0.11367715687447649,1.0,0.7158596694694114,0.28414033053058857
8820,YOR136W YDR419W,0.0,NA,0.00021214268053881824,2850,22220,8821,0,0.34436871145731907,0.11368169126445951,1.0,0.7158274540124352,0.2841725459875648
8821,YOR236W YOR065W,0.0,NA,0.00021226915123406798,2850,22219,8822,0,0.3443982178159393,0.1136862260161953,1.0,0.7157952385554589,0.2842047614445411
8822,YGR260W YNL156C,0.0,NA,0.00021227987599559128,2850,22218,8823,0,0.34442772417455964,0.11369076112972715,1.0,0.7157630230984826,0.28423697690151734
8823,YDR083W YPL026C,0.0,NA,0.00021231691061984748,2850,22217,8824,0,0.3444572305331799,0.11369529660509833,1.0,0.7157308076415064,0.2842691923584936
8824,YLR276C YNL117W,0.0,NA,0.00021246311371214688,2850,22216,8825,0,0.3444867368918002,0.11369983244235218,1.0,0.7156985921845301,0.28430140781546986
8825,YNR074C YIR034C,0.0,NA,0.00021248197299428284,2850,22215,8826,0,0.34451624325042046,0.11370436864153202,1.0,0.7156663767275538,0.2843336232724461
8826,YDR044W YPL089C,0.0,NA,0.00021251985162962228,2850,22214,8827,0,0.3445457496090408,0.11370890520268113,1.0,0.7156341612705777,0.2843658387294224
8827,YLR245C YDR017C,0.0,NA,0.00021265727991703898,2850,22213,8828,0,0.34457525596766103,0.11371344212584288,1.0,0.7156019458136014,0.28439805418639863
8828,YGL246C YPR093C,0.0,NA,0.0002127079787896946,2850,22212,8829,0,0.3446047623262813,0.11371797941106057,1.0,0.7155697303566251,0.28443026964337487
8829,YDR545W YPR121W,0.0,NA,0.0002127753250533715,2850,22211,8830,0,0.3446342686849016,0.11372251705837756,1.0,0.7155375148996489,0.28446248510035116
8830,YHR064C YAL054C,0.0,NA,0.00021282464149408042,2850,22210,8831,0,0.34466377504352186,0.11372705506783719,1.0,0.7155052994426726,0.2844947005573274
8831,YAL030W YFL030W,0.0,NA,0.00021291353914421052,2850,22209,8832,0,0.34469328140214217,0.11373159343948282,1.0,0.7154730839856963,0.2845269160143037
8832,YNL117W YNL110C,0.0,NA,0.00021321744134183973,2850,22208,8833,0,0.34472278776076243,0.1137361321733578,1.0,0.7154408685287201,0.2845591314712799
8833,YDR390C YDR528W,0.0,NA,0.00021324957197066396,2850,22207,8834,0,0.34475229411938274,0.11374067126950553,1.0,0.7154086530717438,0.28459134692825616
8834,YJR147W YGL091C,0.0,NA,0.00021331626339815557,2850,22206,8835,0,0.344781800478003,0.11374521072796935,1.0,0.7153764376147675,0.28462356238523245
8835,YGR163W YPL137C,0.0,NA,0.00021343813568819314,2850,22205,8836,0,0.3448113068366233,0.11374975054879266,1.0,0.7153442221577913,0.2846557778422087
8836,YNL297C YJR150C,0.0,NA,0.00021358471713028848,2850,22204,8837,0,0.34484081319524357,0.11375429073201884,1.0,0.7153120067008151,0.2846879932991849
8837,YJL020C YHR123W,0.0,NA,0.00021385675063356757,2850,22203,8838,0,0.3448703195538639,0.11375883127769129,1.0,0.7152797912438388,0.2847202087561612
8838,YOR367W YPR168W,0.0,NA,0.00021401260164566338,2850,22202,8839,0,0.34489982591248414,0.11376337218585343,1.0,0.7152475757868625,0.28475242421313746
8839,YEL051W YMR201C,0.0,NA,0.00021442190336529166,2850,22201,8840,0,0.34492933227110445,0.11376791345654864,1.0,0.7152153603298863,0.2847846396701137
8840,YKR025W YDR378C,0.0,NA,0.00021467618353199214,2850,22200,8841,0,0.3449588386297247,0.11377245508982035,1.0,0.71518314487291,0.28481685512709
8841,YER006W YPL239W,0.0,NA,0.00021471794752869755,2850,22199,8842,0,0.34498834498834496,0.113776997085712,1.0,0.7151509294159337,0.2848490705840662
8842,YNL209W YIL048W,0.0,NA,0.0002151044027414173,2850,22198,8843,0,0.3450178513469653,0.11378153944426701,1.0,0.7151187139589575,0.2848812860410425
8843,YGL200C YJR036C,0.0,NA,0.00021551662939600646,2850,22197,8844,0,0.34504735770558553,0.11378608216552881,1.0,0.7150864985019812,0.28491350149801875
8844,YHR010W YMR212C,0.0,NA,0.00021559125161729753,2850,22196,8845,0,0.34507686406420585,0.11379062524954084,1.0,0.715054283045005,0.284945716954995
8845,YJL113W YLR150W,0.0,NA,0.00021594241843558848,2850,22195,8846,0,0.3451063704228261,0.11379516869634658,1.0,0.7150220675880288,0.2849779324119713
8846,YKL005C YDR229W,0.0,NA,0.0002163290191674605,2850,22194,8847,0,0.3451358767814464,0.11379971250598946,1.0,0.7149898521310525,0.2850101478689475
8847,YMR268C YDR058C,0.0,NA,0.00021640989871229976,2850,22193,8848,0,0.3451653831400667,0.11380425667851296,1.0,0.7149576366740762,0.28504236332592375
8848,YDL165W YFL003C,0.0,NA,0.00021652196301147342,2850,22192,8849,0,0.345194889498687,0.11380880121396054,1.0,0.7149254212171,0.28507457878290005
8849,YGL008C YNL223W,0.0,NA,0.0002165473415516317,2850,22191,8850,0,0.34522439585730724,0.1138133461123757,1.0,0.7148932057601237,0.2851067942398763
8850,YPL220W YGL004C,0.0,NA,0.00021654900046996772,2850,22190,8851,0,0.34525390221592756,0.11381789137380191,1.0,0.7148609903031474,0.2851390096968526
8851,YOR340C YDR404C,0.0,NA,0.00021683411614503711,2850,22189,8852,0,0.3452834085745478,0.11382243699828268,1.0,0.7148287748461712,0.2851712251538288
8852,YGL216W YLR210W,0.0,NA,0.00021687670960091054,2850,22188,8853,0,0.3453129149331681,0.1138269829858615,1.0,0.714796559389195,0.28520344061080505
8853,YPL040C YOR184W,0.0,NA,0.00021718897914979607,2850,22187,8854,0,0.3453424212917884,0.11383152933658186,1.0,0.7147643439322187,0.28523565606778134
8854,YDR101C YLR438C-A,0.0,NA,0.00021740321244578809,2850,22186,8855,0,0.34537192765040864,0.1138360760504873,1.0,0.7147321284752424,0.2852678715247576
8855,YOL082W YIL096C,0.0,NA,0.00021742164972238243,2850,22185,8856,0,0.34540143400902895,0.11384062312762133,1.0,0.7146999130182662,0.2853000869817338
8856,YJL146W YGL247W,0.0,NA,0.00021750501764472574,2850,22184,8857,0,0.3454309403676492,0.11384517056802748,1.0,0.7146676975612899,0.2853323024387101
8857,YKL180W YER022W,0.0,NA,0.00021758237562607974,2850,22183,8858,0,0.3454604467262695,0.11384971837174929,1.0,0.7146354821043136,0.28536451789568634
8858,YCR072C YER088C,0.0,NA,0.0002176686975872144,2850,22182,8859,0,0.3454899530848898,0.1138542665388303,1.0,0.7146032666473374,0.28539673335266263
8859,YDL141W YNL244C,0.0,NA,0.00021792204643134028,2850,22181,8860,0,0.3455194594435101,0.11385881506931406,1.0,0.7145710511903611,0.28542894880963887
8860,YNL166C YHL027W,0.0,NA,0.00021815759828314185,2850,22180,8861,0,0.34554896580213035,0.1138633639632441,1.0,0.7145388357333848,0.2854611642666151
8861,YML014W YIL153W,0.0,NA,0.00021856461535207927,2850,22179,8862,0,0.34557847216075066,0.11386791322066403,1.0,0.7145066202764087,0.2854933797235914
8862,YJR147W YGR206W,0.0,NA,0.00021859316620975733,2850,22178,8863,0,0.3456079785193709,0.1138724628416174,1.0,0.7144744048194324,0.28552559518056764
8863,YDL006W YCL044C,0.0,NA,0.00021863820438738912,2850,22177,8864,0,0.34563748487799123,0.11387701282614776,1.0,0.7144421893624561,0.2855578106375439
8864,YGL257C YPL256C,0.0,NA,0.000218687389860861,2850,22176,8865,0,0.3456669912366115,0.11388156317429873,1.0,0.7144099739054799,0.28559002609452017
8865,YOR237W YNL272C,0.0,NA,0.00021885511523578316,2850,22175,8866,0,0.3456964975952318,0.11388611388611389,1.0,0.7143777584485036,0.2856222415514964
8866,YDL031W YOL127W,0.0,NA,0.0002193075488321483,2850,22174,8867,0,0.34572600395385206,0.11389066496163683,1.0,0.7143455429915273,0.28565445700847264
8867,YMR006C YMR255W,0.0,NA,0.00021941318118479103,2850,22173,8868,0,0.3457555103124723,0.11389521640091116,1.0,0.7143133275345511,0.28568667246544893
8868,YKL020C YNR056C,0.0,NA,0.0002194811822846532,2850,22172,8869,0,0.3457850166710926,0.1138997682039805,1.0,0.7142811120775748,0.28571888792242517
8869,YPL007C YDL101C,0.0,NA,0.00021958164870738983,2850,22171,8870,0,0.3458145230297129,0.11390432037088845,1.0,0.7142488966205985,0.28575110337940146
8870,YKR039W YNL084C,0.0,NA,0.00021958374418318272,2850,22170,8871,0,0.3458440293883332,0.11390887290167866,1.0,0.7142166811636224,0.2857833188363777
8871,YLL052C YOR368W,0.0,NA,0.00021994813869241625,2850,22169,8872,0,0.34587353574695345,0.11391342579639474,1.0,0.7141844657066461,0.28581553429335393
8872,YGR260W YMR093W,0.0,NA,0.0002203700423706323,2850,22168,8873,0,0.34590304210557377,0.11391797905508035,1.0,0.7141522502496698,0.2858477497503302
8873,YLR466W YDR153C,0.0,NA,0.00022039213217794895,2850,22167,8874,0,0.345932548464194,0.1139225326777791,1.0,0.7141200347926935,0.28587996520730646
8874,YLR068W YGR204W,0.0,NA,0.0002203933836426586,2850,22166,8875,0,0.34596205482281434,0.1139270866645347,1.0,0.7140878193357173,0.2859121806642827
8875,YNL312W YPL180W,0.0,NA,0.00022116233594715595,2850,22165,8876,0,0.3459915611814346,0.11393164101539077,1.0,0.714055603878741,0.285944396121259
8876,YNL082W YML121W,0.0,NA,0.00022119651839602739,2850,22164,8877,0,0.3460210675400549,0.11393619573039099,1.0,0.7140233884217647,0.28597661157823523
8877,YKL007W YGL234W,0.0,NA,0.0002212536783190444,2850,22163,8878,0,0.34605057389867516,0.11394075080957902,1.0,0.7139911729647885,0.2860088270352115
8878,YJL091C YER176W,0.0,NA,0.00022170747979544103,2850,22162,8879,0,0.3460800802572955,0.11394530625299856,1.0,0.7139589575078122,0.28604104249218776
8879,YHR008C YDR334W,0.0,NA,0.00022177155187819153,2850,22161,8880,0,0.34610958661591573,0.1139498620606933,1.0,0.713926742050836,0.286073257949164
8880,YDR394W YJL134W,0.0,NA,0.00022210336464922875,2850,22160,8881,0,0.346139092974536,0.11395441823270691,1.0,0.7138945265938598,0.2861054734061403
8881,YJL212C YCR031C,0.0,NA,0.00022237288067117333,2850,22159,8882,0,0.3461685993331563,0.11395897476908314,1.0,0.7138623111368835,0.2861376888631165
8882,YMR017W YCR017C,0.0,NA,0.00022282155987340957,2850,22158,8883,0,0.34619810569177656,0.11396353166986564,1.0,0.7138300956799072,0.28616990432009276
8883,YDR331W YLR214W,0.0,NA,0.00022285936574917287,2850,22157,8884,0,0.34622761205039687,0.11396808893509817,1.0,0.713797880222931,0.28620211977706905
8884,YER159C YDR334W,0.0,NA,0.0002229046222055331,2850,22156,8885,0,0.34625711840901713,0.11397264656482445,1.0,0.7137656647659547,0.2862343352340453
8885,YJL012C YBR004C,0.0,NA,0.00022296477982308716,2850,22155,8886,0,0.34628662476763744,0.11397720455908818,1.0,0.7137334493089784,0.2862665506910215
8886,YKL180W YDR389W,0.0,NA,0.00022306748724076897,2850,22154,8887,0,0.3463161311262577,0.11398176291793313,1.0,0.7137012338520022,0.2862987661479978
8887,YNL182C YBR257W,0.0,NA,0.00022339867427945137,2850,22153,8888,0,0.346345637484878,0.11398632164140303,1.0,0.713669018395026,0.28633098160497406
8888,YKL045W YJR132W,0.0,NA,0.00022370177612174302,2850,22152,8889,0,0.34637514384349827,0.11399088072954164,1.0,0.7136368029380497,0.28636319706195035
8889,YPL152W YJL170C,0.0,NA,0.00022380673908628523,2850,22151,8890,0,0.3464046502021186,0.1139954401823927,1.0,0.7136045874810735,0.2863954125189266
8890,YDR407C YLR070C,0.0,NA,0.00022388143406715244,2850,22150,8891,0,0.34643415656073884,0.114,1.0,0.7135723720240972,0.2864276279759028
8891,YOR061W YEL034W,0.0,NA,0.0002239741152152419,2850,22149,8892,0,0.3464636629193591,0.1140045601824073,1.0,0.7135401565671209,0.2864598434328791
8892,YMR123W YLR005W,0.0,NA,0.0002243181661469862,2850,22148,8893,0,0.3464931692779794,0.11400912072965837,1.0,0.7135079411101446,0.28649205888985535
8893,YDR480W YER065C,0.0,NA,0.00022439283202402294,2850,22147,8894,0,0.34652267563659966,0.11401368164179701,1.0,0.7134757256531684,0.2865242743468316
8894,YCL027W YPR018W,0.0,NA,0.00022453580459114164,2850,22146,8895,0,0.34655218199522,0.11401824291886702,1.0,0.7134435101961921,0.2865564898038079
8895,YDL087C YNL052W,0.0,NA,0.00022536971664521843,2850,22145,8896,0,0.34658168835384023,0.11402280456091218,1.0,0.7134112947392158,0.2865887052607841
8896,YER043C YGL197W,0.0,NA,0.00022584015096072108,2850,22144,8897,0,0.34661119471246055,0.11402736656797631,1.0,0.7133790792822396,0.2866209207177604
8897,YDL005C YOR275C,0.0,NA,0.0002258601743960753,2850,22143,8898,0,0.3466407010710808,0.11403192894010322,1.0,0.7133468638252634,0.28665313617473664
8898,YKL165C YBR191W,0.0,NA,0.00022598747455049306,2850,22142,8899,0,0.3466702074297011,0.11403649167733675,1.0,0.7133146483682871,0.2866853516317129
8899,YBL021C YLR353W,0.0,NA,0.00022610643645748496,2850,22141,8900,0,0.3466997137883214,0.1140410547797207,1.0,0.7132824329113109,0.2867175670886892
8900,YNL128W YLR386W,0.0,NA,0.00022646460274700075,2850,22140,8901,0,0.3467292201469417,0.11404561824729892,1.0,0.7132502174543346,0.2867497825456654
8901,YNL117W YPL249C-A,0.0,NA,0.00022649267339147627,2850,22139,8902,0,0.34675872650556194,0.11405018208011525,1.0,0.7132180019973583,0.28678199800264165
8902,YIR001C YLR435W,0.0,NA,0.00022649763559456915,2850,22138,8903,0,0.34678823286418226,0.11405474627821355,1.0,0.7131857865403821,0.28681421345961794
8903,YFR001W YDL159W,0.0,NA,0.00022652656480204314,2850,22137,8904,0,0.3468177392228025,0.11405931084163765,1.0,0.7131535710834058,0.2868464289165942
8904,YGL194C YNL298W,0.0,NA,0.00022668905148748308,2850,22136,8905,0,0.34684724558142277,0.11406387577043144,1.0,0.7131213556264295,0.2868786443735704
8905,YDR409W YCR019W,0.0,NA,0.0002267770323669538,2850,22135,8906,0,0.3468767519400431,0.11406844106463879,1.0,0.7130891401694534,0.2869108598305467
8906,YGR192C YPL029W,0.0,NA,0.000226869378820993,2850,22134,8907,0,0.34690625829866334,0.11407300672430355,1.0,0.7130569247124771,0.28694307528752294
8907,YCR014C YDR158W,0.0,NA,0.00022699445253238082,2850,22133,8908,0,0.34693576465728365,0.11407757274946964,1.0,0.7130247092555008,0.28697529074449923
8908,YPL002C YEL055C,0.0,NA,0.00022702562273479998,2850,22132,8909,0,0.3469652710159039,0.11408213914018094,1.0,0.7129924937985246,0.28700750620147547
8909,YNR059W YGL040C,0.0,NA,0.0002271481789648533,2850,22131,8910,0,0.3469947773745242,0.11408670589648133,1.0,0.7129602783415483,0.2870397216584517
8910,YEL022W YMR299C,0.0,NA,0.00022726536553818733,2850,22130,8911,0,0.3470242837331445,0.11409127301841474,1.0,0.712928062884572,0.287071937115428
8911,YOR005C YBR172C,0.0,NA,0.00022730784257873893,2850,22129,8912,0,0.3470537900917648,0.11409584050602506,1.0,0.7128958474275957,0.28710415257240424
8912,YLR020C YOL054W,0.0,NA,0.00022734316007699817,2850,22128,8913,0,0.34708329645038505,0.11410040835935624,1.0,0.7128636319706195,0.2871363680293805
8913,YLR071C YBL082C,0.0,NA,0.00022740667918697,2850,22127,8914,0,0.34711280280900536,0.11410497657845217,1.0,0.7128314165136432,0.28716858348635677
8914,YNL151C YLR303W,0.0,NA,0.00022760841238778085,2850,22126,8915,0,0.3471423091676256,0.11410954516335682,1.0,0.7127992010566669,0.287200798943333
8915,YOR005C YOR095C,0.0,NA,0.00022790634830016643,2850,22125,8916,0,0.34717181552624593,0.11411411411411411,1.0,0.7127669855996908,0.2872330144003093
8916,YER093C YBR011C,0.0,NA,0.00022805113985668868,2850,22124,8917,0,0.3472013218848662,0.114118683430768,1.0,0.7127347701427145,0.28726522985728553
8917,YOR063W YBR012W-B,0.0,NA,0.00022805939079262316,2850,22123,8918,0,0.34723082824348644,0.11412325311336242,1.0,0.7127025546857382,0.28729744531426177
8918,YBR036C YDR113C,0.0,NA,0.00022882303164806217,2850,22122,8919,0,0.34726033460210676,0.11412782316194138,1.0,0.712670339228762,0.28732966077123806
8919,YPL194W YPL174C,0.0,NA,0.00022908694518264383,2850,22121,8920,0,0.347289840960727,0.1141323935765488,1.0,0.7126381237717857,0.2873618762282143
8920,YDL191W YJL041W,0.0,NA,0.00022914877627044916,2850,22120,8921,0,0.3473193473193473,0.11413696435722867,1.0,0.7126059083148094,0.28739409168519053
8921,YEL018W YDR293C,0.0,NA,0.0002291927085025236,2850,22119,8922,0,0.3473488536779676,0.11414153550402499,1.0,0.7125736928578332,0.2874263071421668
8922,YKL197C YPL112C,0.0,NA,0.0002293325960636139,2850,22118,8923,0,0.3473783600365879,0.11414610701698173,1.0,0.7125414774008569,0.28745852259914306
8923,YDL193W YBR155W,0.0,NA,0.0002293544530402869,2850,22117,8924,0,0.34740786639520815,0.11415067889614292,1.0,0.7125092619438806,0.2874907380561193
8924,YNL339C YOR371C,0.0,NA,0.00022940234339330345,2850,22116,8925,0,0.34743737275382847,0.1141552511415525,1.0,0.7124770464869045,0.2875229535130956
8925,YNL103W YDL197C,0.0,NA,0.0002294408477609977,2850,22115,8926,0,0.3474668791124487,0.11415982375325455,1.0,0.7124448310299282,0.28755516897007183
8926,YLR056W YDR397C,0.0,NA,0.00022944655211176723,2850,22114,8927,0,0.34749638547106904,0.11416439673129306,1.0,0.7124126155729519,0.2875873844270481
8927,YLL013C YCL044C,0.0,NA,0.0002295288140885532,2850,22113,8928,0,0.3475258918296893,0.11416897007571206,1.0,0.7123804001159757,0.28761959988402436
8928,YDL247W YNL330C,0.0,NA,0.0002295863814651966,2850,22112,8929,0,0.3475553981883096,0.11417354378655556,1.0,0.7123481846589994,0.2876518153410006
8929,YPL147W YJR082C,0.0,NA,0.0002296102320542559,2850,22111,8930,0,0.34758490454692986,0.11417811786386764,1.0,0.7123159692020231,0.2876840307979769
8930,YBR042C YGR085C,0.0,NA,0.00023010509903542697,2850,22110,8931,0,0.3476144109055501,0.1141826923076923,1.0,0.7122837537450468,0.2877162462549531
8931,YOR092W YPL249C,0.0,NA,0.0002301274798810482,2850,22109,8932,0,0.34764391726417043,0.11418726711807364,1.0,0.7122515382880706,0.28774846171192936
8932,YML013W YLR106C,0.0,NA,0.00023021854576654732,2850,22108,8933,0,0.3476734236227907,0.11419184229505569,1.0,0.7122193228310943,0.28778067716890565
8933,YBR059C YCR060W,0.0,NA,0.0002303226210642606,2850,22107,8934,0,0.347702929981411,0.11419641783868253,1.0,0.7121871073741181,0.2878128926258819
8934,YAL031C YLR238W,0.0,NA,0.00023065798450261354,2850,22106,8935,0,0.34773243634003126,0.11420099374899824,1.0,0.7121548919171419,0.2878451080828582
8935,YGR275W YGL205W,0.0,NA,0.00023097840312402695,2850,22105,8936,0,0.34776194269865157,0.11420557002604688,1.0,0.7121226764601656,0.2878773235398344
8936,YDR314C YNL154C,0.0,NA,0.0002311553107574582,2850,22104,8937,0,0.34779144905727183,0.11421014666987256,1.0,0.7120904610031893,0.28790953899681065
8937,YNL287W YGL162W,0.0,NA,0.0002312397409696132,2850,22103,8938,0,0.34782095541589214,0.11421472368051938,1.0,0.7120582455462131,0.28794175445378695
8938,YAL007C YPL135W,0.0,NA,0.0002312567230546847,2850,22102,8939,0,0.3478504617745124,0.11421930105803142,1.0,0.7120260300892368,0.2879739699107632
8939,YFL048C YDR054C,0.0,NA,0.0002312789874849841,2850,22101,8940,0,0.3478799681331327,0.11422387880245281,1.0,0.7119938146322605,0.2880061853677394
8940,YKR055W YPL085W,0.0,NA,0.00023135068477131426,2850,22100,8941,0,0.34790947449175297,0.11422845691382766,1.0,0.7119615991752843,0.2880384008247157
8941,YNL268W YOL054W,0.0,NA,0.00023145061277318746,2850,22099,8942,0,0.3479389808503733,0.11423303539220009,1.0,0.711929383718308,0.28807061628169195
8942,YHR114W YDR254W,0.0,NA,0.00023158351541496813,2850,22098,8943,0,0.34796848720899354,0.11423761423761424,1.0,0.7118971682613318,0.2881028317386682
8943,YGR007W YCL031C,0.0,NA,0.00023165020684245974,2850,22097,8944,0,0.3479979935676138,0.11424219345011424,1.0,0.7118649528043556,0.2881350471956445
8944,YCL067C YKR054C,0.0,NA,0.00023166765458881855,2850,22096,8945,0,0.3480274999262341,0.11424677302974424,1.0,0.7118327373473793,0.2881672626526207
8945,YOL005C YGR019W,0.0,NA,0.0002317034377483651,2850,22095,8946,0,0.34805700628485436,0.11425135297654841,1.0,0.711800521890403,0.288199478109597
8946,YOL040C YNL301C,0.0,NA,0.00023171491920948029,2850,22094,8947,0,0.3480865126434747,0.11425593329057088,1.0,0.7117683064334268,0.28823169356657324
8947,YNL078W YBR181C,0.0,NA,0.00023178671835921705,2850,22093,8948,0,0.34811601900209493,0.11426051397185583,1.0,0.7117360909764505,0.2882639090235495
8948,YNL289W YMR041C,0.0,NA,0.00023178939591161907,2850,22092,8949,0,0.34814552536071525,0.11426509502044743,1.0,0.7117038755194742,0.2882961244805258
8949,YGR118W YLR074C,0.0,NA,0.00023183271696325392,2850,22091,8950,0,0.3481750317193355,0.11426967643638988,1.0,0.7116716600624979,0.288328339937502
8950,YLR466W YOR226C,0.0,NA,0.0002319226914551109,2850,22090,8951,0,0.3482045380779558,0.11427425821972735,1.0,0.7116394446055218,0.28836055539447825
8951,YEL026W YBL069W,0.0,NA,0.00023266553762368858,2850,22089,8952,0,0.3482340444365761,0.11427884037050404,1.0,0.7116072291485455,0.28839277085145454
8952,YCL009C YBR280C,0.0,NA,0.00023268505174200982,2850,22088,8953,0,0.3482635507951964,0.11428342288876414,1.0,0.7115750136915692,0.2884249863084308
8953,YER049W YKR090W,0.0,NA,0.00023279932793229818,2850,22087,8954,0,0.34829305715381664,0.11428800577455187,1.0,0.711542798234593,0.28845720176540707
8954,YDR356W YCR005C,0.0,NA,0.00023308672825805843,2850,22086,8955,0,0.34832256351243696,0.11429258902791145,1.0,0.7115105827776167,0.2884894172223833
8955,YDR122W YGL254W,0.0,NA,0.00023314829741138965,2850,22085,8956,0,0.3483520698710572,0.11429717264888711,1.0,0.7114783673206404,0.28852163267935954
8956,YNL002C YBL082C,0.0,NA,0.00023319365573115647,2850,22084,8957,0,0.34838157622967747,0.11430175663752307,1.0,0.7114461518636642,0.28855384813633583
8957,YML113W YER107C,0.0,NA,0.00023325458460021764,2850,22083,8958,0,0.3484110825882978,0.11430634099386355,1.0,0.7114139364066879,0.28858606359331207
8958,YJL122W YML092C,0.0,NA,0.00023340695770457387,2850,22082,8959,0,0.34844058894691804,0.11431092571795283,1.0,0.7113817209497116,0.2886182790502883
8959,YML039W YNR038W,0.0,NA,0.0002334548335056752,2850,22081,8960,0,0.34847009530553835,0.11431551080983514,1.0,0.7113495054927355,0.2886504945072646
8960,YDR343C YIL159W,0.0,NA,0.0002336574689252302,2850,22080,8961,0,0.3484996016641586,0.11432009626955475,1.0,0.7113172900357592,0.28868270996424084
8961,YKL032C YDR384C,0.0,NA,0.00023367842368315905,2850,22079,8962,0,0.3485291080227789,0.11432468209715592,1.0,0.7112850745787829,0.2887149254212171
8962,YNL270C YLR047C,0.0,NA,0.00023424100072588772,2850,22078,8963,0,0.3485586143813992,0.11432926829268293,1.0,0.7112528591218067,0.28874714087819336
8963,YKR094C YJL127C,0.0,NA,0.00023427227279171348,2850,22077,8964,0,0.3485881207400195,0.11433385485618004,1.0,0.7112206436648304,0.2887793563351696
8964,YLR229C YMR156C,0.0,NA,0.00023429258726537228,2850,22076,8965,0,0.34861762709863975,0.11433844178769156,1.0,0.7111884282078541,0.2888115717921459
8965,YDR251W YDR273W,0.0,NA,0.00023437348136212677,2850,22075,8966,0,0.34864713345726006,0.11434302908726178,1.0,0.7111562127508779,0.28884378724912213
8966,YNL124W YJR127C,0.0,NA,0.0002343774976907298,2850,22074,8967,0,0.3486766398158803,0.114347616754935,1.0,0.7111239972939016,0.28887600270609837
8967,YNL298W YPL115C,0.0,NA,0.00023470869928132743,2850,22073,8968,0,0.34870614617450063,0.11435220479075553,1.0,0.7110917818369253,0.28890821816307466
8968,YLL050C YPL043W,0.0,NA,0.00023474135377909988,2850,22072,8969,0,0.3487356525331209,0.11435679319476767,1.0,0.711059566379949,0.2889404336200509
8969,YJR110W YKR080W,0.0,NA,0.00023487478028982878,2850,22071,8970,0,0.34876515889174114,0.11436138196701577,1.0,0.7110273509229729,0.28897264907702713
8970,YGR019W YOR323C,0.0,NA,0.00023512126062996686,2850,22070,8971,0,0.34879466525036146,0.11436597110754414,1.0,0.7109951354659966,0.2890048645340034
8971,YNR039C YCR024C,0.0,NA,0.00023512527695856988,2850,22069,8972,0,0.3488241716089817,0.11437056061639712,1.0,0.7109629200090203,0.28903707999097966
8972,YMR014W YIL037C,0.0,NA,0.0002355419419473037,2850,22068,8973,0,0.348853677967602,0.11437515049361907,1.0,0.7109307045520441,0.28906929544795595
8973,YDR014W YPR187W,0.0,NA,0.00023583971778862178,2850,22067,8974,0,0.3488831843262223,0.11437974073925432,1.0,0.7108984890950678,0.2891015109049322
8974,YIL071C YJL207C,0.0,NA,0.00023601156135555357,2850,22066,8975,0,0.3489126906848426,0.11438433135334725,1.0,0.7108662736380915,0.2891337263619084
8975,YPL242C YDL230W,0.0,NA,0.00023613085795659572,2850,22065,8976,0,0.34894219704346285,0.11438892233594221,1.0,0.7108340581811153,0.2891659418188847
8976,YFL031W YKL110C,0.0,NA,0.00023634730314370245,2850,22064,8977,0,0.34897170340208317,0.11439351368708357,1.0,0.710801842724139,0.28919815727586096
8977,YMR021C YGL065C,0.0,NA,0.0002365261025261134,2850,22063,8978,0,0.3490012097607034,0.11439810540681572,1.0,0.7107696272671628,0.2892303727328372
8978,YLR345W YFL018C,0.0,NA,0.00023661201703362167,2850,22062,8979,0,0.34903071611932374,0.11440269749518304,1.0,0.7107374118101866,0.2892625881898135
8979,YLR220W YNL104C,0.0,NA,0.00023741016048006713,2850,22061,8980,0,0.349060222477944,0.11440728995222994,1.0,0.7107051963532103,0.2892948036467897
8980,YNL149C YOL076W,0.0,NA,0.00023764297657180578,2850,22060,8981,0,0.3490897288365643,0.11441188277800081,1.0,0.710672980896234,0.289327019103766
8981,YGR060W YKR037C,0.0,NA,0.00023764387879054993,2850,22059,8982,0,0.34911923519518456,0.11441647597254005,1.0,0.7106407654392578,0.28935923456074225
8982,YBR156C YBR118W,0.0,NA,0.0002377991477260366,2850,22058,8983,0,0.3491487415538048,0.11442106953589208,1.0,0.7106085499822815,0.2893914500177185
8983,YNL016W YDR334W,0.0,NA,0.0002378762437729165,2850,22057,8984,0,0.34917824791242513,0.11442566346810133,1.0,0.7105763345253052,0.2894236654746948
8984,YAR018C YOR208W,0.0,NA,0.0002381322265136987,2850,22056,8985,0,0.3492077542710454,0.11443025776921224,1.0,0.710544119068329,0.289455880931671
8985,YFR002W YHL027W,0.0,NA,0.00023821032664272934,2850,22055,8986,0,0.3492372606296657,0.11443485243926922,1.0,0.7105119036113527,0.28948809638864725
8986,YPL258C YOL088C,0.0,NA,0.0002390548906987533,2850,22054,8987,0,0.34926676698828596,0.11443944747831673,1.0,0.7104796881543765,0.28952031184562355
8987,YER007W YJR064W,0.0,NA,0.00023937672085594386,2850,22053,8988,0,0.34929627334690627,0.11444404288639923,1.0,0.7104474726974002,0.2895525273025998
8988,YIL088C YKR054C,0.0,NA,0.00023948994930833578,2850,22052,8989,0,0.34932577970552653,0.11444863866356116,1.0,0.710415257240424,0.289584742759576
8989,YPL241C YJL050W,0.0,NA,0.0002395532064838335,2850,22051,8990,0,0.34935528606414684,0.114453234809847,1.0,0.7103830417834477,0.2896169582165523
8990,YML022W YGR041W,0.0,NA,0.00023999533732421696,2850,22050,8991,0,0.3493847924227671,0.1144578313253012,1.0,0.7103508263264714,0.28964917367352855
8991,YKL020C YER164W,0.0,NA,0.00024003539874684066,2850,22049,8992,0,0.3494142987813874,0.11446242820996827,1.0,0.7103186108694952,0.28968138913050484
8992,YDR530C YDR538W,0.0,NA,0.00024011757341213524,2850,22048,8993,0,0.34944380514000767,0.11446702546389269,1.0,0.7102863954125189,0.2897136045874811
8993,YPL033C YDL197C,0.0,NA,0.00024033355293795466,2850,22047,8994,0,0.349473311498628,0.11447162308711893,1.0,0.7102541799555426,0.2897458200444573
8994,YDR369C YJR055W,0.0,NA,0.00024108932120725513,2850,22046,8995,0,0.34950281785724824,0.11447622107969152,1.0,0.7102219644985664,0.2897780355014336
8995,YOR328W YDR277C,0.0,NA,0.00024129284429363906,2850,22045,8996,0,0.3495323242158685,0.11448081944165495,1.0,0.7101897490415902,0.28981025095840984
8996,YBR176W YDL148C,0.0,NA,0.00024130273959599435,2850,22044,8997,0,0.3495618305744888,0.11448541817305374,1.0,0.7101575335846139,0.2898424664153861
8997,YDR006C YGR252W,0.0,NA,0.0002417517825961113,2850,22043,8998,0,0.34959133693310906,0.11449001727393243,1.0,0.7101253181276377,0.28987468187236237
8998,YDL240W YGR085C,0.0,NA,0.00024201862106565386,2850,22042,8999,0,0.3496208432917294,0.11449461674433553,1.0,0.7100931026706614,0.2899068973293386
8999,YMR247C YOR018W,0.0,NA,0.0002420483942842111,2850,22041,9000,0,0.34965034965034963,0.11449921658430758,1.0,0.7100608872136851,0.2899391127863149
9000,YAL040C YBR011C,0.0,NA,0.00024227904214058071,2850,22040,9001,0,0.34967985600896995,0.11450381679389313,1.0,0.7100286717567089,0.28997132824329114
9001,YGR163W YLR396C,0.0,NA,0.00024281324294861406,2850,22039,9002,0,0.3497093623675902,0.11450841737313673,1.0,0.7099964562997326,0.2900035437002674
9002,YKR088C YGL216W,0.0,NA,0.00024316654889844358,2850,22038,9003,0,0.3497388687262105,0.11451301832208294,1.0,0.7099642408427563,0.29003575915724367
9003,YBL005W YPR159W,0.0,NA,0.0002431892789900303,2850,22037,9004,0,0.3497683750848308,0.11451761964077631,1.0,0.7099320253857802,0.2900679746142199
9004,YIL013C YMR198W,0.0,NA,0.0002432678738841787,2850,22036,9005,0,0.3497978814434511,0.11452222132926143,1.0,0.7098998099288039,0.29010019007119614
9005,YFR010W YNL032W,0.0,NA,0.00024339175433851779,2850,22035,9006,0,0.34982738780207134,0.11452682338758288,1.0,0.7098675944718276,0.29013240552817243
9006,YPL234C YGL016W,0.0,NA,0.0002434692723909393,2850,22034,9007,0,0.34985689416069166,0.11453142581578524,1.0,0.7098353790148513,0.29016462098514867
9007,YDR369C YDR225W,0.0,NA,0.0002437589137116447,2850,22033,9008,0,0.3498864005193119,0.11453602861391311,1.0,0.7098031635578751,0.2901968364421249
9008,YBR082C YGL029W,0.0,NA,0.00024397771630901843,2850,22032,9009,0,0.34991590687793217,0.1145406317820111,1.0,0.7097709481008988,0.2902290518991012
9009,YMR096W YHR106W,0.0,NA,0.00024401774862781167,2850,22031,9010,0,0.3499454132365525,0.11454523532012378,1.0,0.7097387326439225,0.29026126735607743
9010,YJR010W YDL013W,0.0,NA,0.00024426868185400963,2850,22030,9011,0,0.34997491959517274,0.11454983922829581,1.0,0.7097065171869463,0.2902934828130537
9011,YPR052C YML060W,0.0,NA,0.0002444347774144262,2850,22029,9012,0,0.35000442595379305,0.1145544435065718,1.0,0.70967430172997,0.29032569827002996
9012,YML066C YGL002W,0.0,NA,0.0002447493898216635,2850,22028,9013,0,0.3500339323124133,0.11455904815499639,1.0,0.7096420862729937,0.2903579137270062
9013,YNR075W YFL047W,0.0,NA,0.000245239440118894,2850,22027,9014,0,0.3500634386710336,0.11456365317361418,1.0,0.7096098708160176,0.2903901291839825
9014,YGL142C YLR043C,0.0,NA,0.00024530422524549067,2850,22026,9015,0,0.3500929450296539,0.11456825856246985,1.0,0.7095776553590413,0.29042234464095873
9015,YER114C YHR205W,0.0,NA,0.00024535591364838183,2850,22025,9016,0,0.3501224513882742,0.11457286432160804,1.0,0.709545439902065,0.29045456009793497
9016,YDR013W YGL093W,0.0,NA,0.00024551947717554867,2850,22024,9017,0,0.35015195774689445,0.11457747045107342,1.0,0.7095132244450888,0.29048677555491126
9017,YOR103C YOR234C,0.0,NA,0.0002455560024827719,2850,22023,9018,0,0.35018146410551476,0.11458207695091062,1.0,0.7094810089881125,0.2905189910118875
9018,YMR137C YBR020W,0.0,NA,0.00024585306528024375,2850,22022,9019,0,0.350210970464135,0.11458668382116437,1.0,0.7094487935311362,0.2905512064688638
9019,YCL027W YKR062W,0.0,NA,0.00024597145966254175,2850,22021,9020,0,0.35024047682275533,0.11459129106187929,1.0,0.70941657807416,0.29058342192584
9020,YMR281W YNL110C,0.0,NA,0.0002467167214490473,2850,22020,9021,0,0.3502699831813756,0.11459589867310012,1.0,0.7093843626171837,0.29061563738281626
9021,YDR389W YDR471W,0.0,NA,0.0002468887250870466,2850,22019,9022,0,0.35029948953999585,0.11460050665487152,1.0,0.7093521471602074,0.29064785283979255
9022,YFR032C-A YMR004W,0.0,NA,0.00024715298786759377,2850,22018,9023,0,0.35032899589861616,0.11460511500723822,1.0,0.7093199317032313,0.2906800682967688
9023,YMR283C YPL152W,0.0,NA,0.00024725974071770906,2850,22017,9024,0,0.3503585022572364,0.1146097237302449,1.0,0.709287716246255,0.290712283753745
9024,YGR244C YOL054W,0.0,NA,0.00024732647580094635,2850,22016,9025,0,0.3503880086158567,0.1146143328239363,1.0,0.7092555007892787,0.2907444992107213
9025,Q0160 YMR161W,0.0,NA,0.0002476131485309452,2850,22015,9026,0,0.350417514974477,0.11461894228835713,1.0,0.7092232853323024,0.29077671466769756
9026,YIL088C YOR040W,0.0,NA,0.00024791975738480687,2850,22014,9027,0,0.3504470213330973,0.11462355212355213,1.0,0.7091910698753262,0.2908089301246738
9027,YGR163W YOL067C,0.0,NA,0.00024803774431347847,2850,22013,9028,0,0.35047652769171755,0.11462816232956602,1.0,0.7091588544183499,0.2908411455816501
9028,YJR125C YPL116W,0.0,NA,0.0002481269184499979,2850,22012,9029,0,0.35050603405033787,0.11463277290644357,1.0,0.7091266389613736,0.2908733610386263
9029,YDR211W YOR035C,0.0,NA,0.00024831198970787227,2850,22011,9030,0,0.3505355404089581,0.11463738385422952,1.0,0.7090944235043974,0.2909055764956026
9030,YJL112W YCL044C,0.0,NA,0.00024849531473591924,2850,22010,9031,0,0.35056504676757844,0.11464199517296862,1.0,0.7090622080474211,0.29093779195257885
9031,YOR272W YKR072C,0.0,NA,0.000248581578489393,2850,22009,9032,0,0.3505945531261987,0.11464660686270566,1.0,0.7090299925904449,0.2909700074095551
9032,YMR322C YDL150W,0.0,NA,0.0002486045705154538,2850,22008,9033,0,0.350624059484819,0.1146512189234854,1.0,0.7089977771334687,0.2910022228665314
9033,YGR238C YPR054W,0.0,NA,0.0002487128949724138,2850,22007,9034,0,0.35065356584343926,0.11465583135535262,1.0,0.7089655616764924,0.2910344383235076
9034,YLR216C YDR328C,0.0,NA,0.00024890221538953483,2850,22006,9035,0,0.3506830722020595,0.11466044415835211,1.0,0.7089333462195161,0.29106665378048385
9035,YGR123C YML106W,0.0,NA,0.00024933781241998076,2850,22005,9036,0,0.35071257856067983,0.11466505733252867,1.0,0.7089011307625399,0.29109886923746014
9036,YOR063W YMR065W,0.0,NA,0.00024967396166175604,2850,22004,9037,0,0.3507420849193001,0.1146696708779271,1.0,0.7088689153055636,0.2911310846944364
9037,YDR098C YJL100W,0.0,NA,0.000249732518568635,2850,22003,9038,0,0.3507715912779204,0.1146742847945922,1.0,0.7088366998485873,0.2911633001514127
9038,YBR057C YBL050W,0.0,NA,0.0002497656096238643,2850,22002,9039,0,0.35080109763654066,0.11467889908256881,1.0,0.7088044843916111,0.2911955156083889
9039,YGR091W YBR126C,0.0,NA,0.0002502745483070612,2850,22001,9040,0,0.350830603995161,0.11468351374190174,1.0,0.7087722689346349,0.29122773106536515
9040,YGR007W YGR133W,0.0,NA,0.00025037932209670544,2850,22000,9041,0,0.35086011035378123,0.11468812877263582,1.0,0.7087400534776586,0.29125994652234144
9041,YLR060W YKL196C,0.0,NA,0.0002504831936676055,2850,21999,9042,0,0.35088961671240154,0.11469274417481588,1.0,0.7087078380206823,0.2912921619793177
9042,YDL008W YDL222C,0.0,NA,0.00025052810087800026,2850,21998,9043,0,0.3509191230710218,0.1146973599484868,1.0,0.7086756225637061,0.2913243774362939
9043,YHR205W YAL033W,0.0,NA,0.0002511137572582811,2850,21997,9044,0,0.3509486294296421,0.1147019760936934,1.0,0.7086434071067298,0.2913565928932702
9044,YHR178W YBR245C,0.0,NA,0.0002511211787350476,2850,21996,9045,0,0.35097813578826237,0.11470659261048056,1.0,0.7086111916497535,0.29138880835024644
9045,YOR294W YLR166C,0.0,NA,0.0002511736238375306,2850,21995,9046,0,0.3510076421468826,0.11471120949889314,1.0,0.7085789761927773,0.2914210238072227
9046,YDR314C YMR167W,0.0,NA,0.000251262477831915,2850,21994,9047,0,0.35103714850550294,0.11471582675897601,1.0,0.708546760735801,0.29145323926419897
9047,YML052W YLR388W,0.0,NA,0.00025145444669760764,2850,21993,9048,0,0.3510666548641232,0.11472044439077406,1.0,0.7085145452788247,0.2914854547211752
9048,YMR049C YOR383C,0.0,NA,0.00025177159113809466,2850,21992,9049,0,0.3510961612227435,0.11472506239433218,1.0,0.7084823298218486,0.2915176701781515
9049,YIL085C YGL121C,0.0,NA,0.0002520749403629452,2850,21991,9050,0,0.35112566758136377,0.11472968076969527,1.0,0.7084501143648723,0.29154988563512774
9050,YPR070W YMR009W,0.0,NA,0.0002523233415558934,2850,21990,9051,0,0.3511551739399841,0.11473429951690821,1.0,0.708417898907896,0.291582101092104
9051,YGR091W YML106W,0.0,NA,0.00025254138745367527,2850,21989,9052,0,0.35118468029860433,0.11473891863601594,1.0,0.7083856834509198,0.29161431654908027
9052,YMR313C YAL051W,0.0,NA,0.0002527478209231049,2850,21988,9053,0,0.35121418665722465,0.11474353812706337,1.0,0.7083534679939435,0.2916465320060565
9053,YBL055C YOL010W,0.0,NA,0.00025276371161453426,2850,21987,9054,0,0.3512436930158449,0.11474815799009543,1.0,0.7083212525369672,0.29167874746303274
9054,YGL194C YBR019C,0.0,NA,0.0002529628691263497,2850,21986,9055,0,0.3512731993744652,0.11475277822515703,1.0,0.708289037079991,0.29171096292000903
9055,YJR110W YOL127W,0.0,NA,0.00025310931960120797,2850,21985,9056,0,0.3513027057330855,0.11475739883229313,1.0,0.7082568216230147,0.29174317837698527
9056,YHR107C YOR257W,0.0,NA,0.00025321694556623697,2850,21984,9057,0,0.3513322120917058,0.11476201981154868,1.0,0.7082246061660384,0.29177539383396156
9057,YJL136C YIR030C,0.0,NA,0.00025321912835352123,2850,21983,9058,0,0.35136171845032604,0.11476664116296863,1.0,0.7081923907090623,0.2918076092909378
9058,YDL145C YJR139C,0.0,NA,0.00025329593336209655,2850,21982,9059,0,0.3513912248089463,0.11477126288659793,1.0,0.708160175252086,0.29183982474791403
9059,YBR290W YLR214W,0.0,NA,0.0002535346429795027,2850,21981,9060,0,0.3514207311675666,0.11477588498248158,1.0,0.7081279597951097,0.2918720402048903
9060,YGR141W YOR011W,0.0,NA,0.0002538001863285899,2850,21980,9061,0,0.35145023752618687,0.11478050745066452,1.0,0.7080957443381334,0.29190425566186656
9061,YER007W YLR070C,0.0,NA,0.00025387448840774596,2850,21979,9062,0,0.3514797438848072,0.11478513029119175,1.0,0.7080635288811572,0.2919364711188428
9062,YJL153C YDL170W,0.0,NA,0.0002540783607400954,2850,21978,9063,0,0.35150925024342744,0.11478975350410826,1.0,0.7080313134241809,0.2919686865758191
9063,YGL246C YOR339C,0.0,NA,0.0002542475122027099,2850,21977,9064,0,0.35153875660204775,0.11479437708945905,1.0,0.7079990979672046,0.29200090203279533
9064,YLR286C YDR449C,0.0,NA,0.00025444565108045936,2850,21976,9065,0,0.351568262960668,0.11479900104728913,1.0,0.7079668825102284,0.29203311748977157
9065,YNL016W YKL127W,0.0,NA,0.00025447452208027244,2850,21975,9066,0,0.3515977693192883,0.1148036253776435,1.0,0.7079346670532521,0.29206533294674786
9066,YDR305C YBR170C,0.0,NA,0.0002546963805798441,2850,21974,9067,0,0.3516272756779086,0.11480825008056719,1.0,0.7079024515962759,0.2920975484037241
9067,YCR012W YEL060C,0.0,NA,0.0002548625343479216,2850,21973,9068,0,0.3516567820365289,0.11481287515610522,1.0,0.7078702361392997,0.2921297638607004
9068,YOR035C YMR058W,0.0,NA,0.00025495633599348366,2850,21972,9069,0,0.35168628839514915,0.11481750060430264,1.0,0.7078380206823234,0.2921619793176766
9069,YDR281C YGR091W,0.0,NA,0.0002550679200794548,2850,21971,9070,0,0.35171579475376946,0.11482212642520447,1.0,0.7078058052253471,0.29219419477465286
9070,YIL110W YKR076W,0.0,NA,0.0002553497033659369,2850,21970,9071,0,0.3517453011123897,0.11482675261885576,1.0,0.7077735897683709,0.29222641023162915
9071,YLL057C YDL150W,0.0,NA,0.00025554015883244574,2850,21969,9072,0,0.35177480747101,0.11483137918530158,1.0,0.7077413743113946,0.2922586256886054
9072,YMR232W YKR092C,0.0,NA,0.00025578952045179904,2850,21968,9073,0,0.3518043138296303,0.114836006124587,1.0,0.7077091588544183,0.2922908411455816
9073,YDL239C YLR389C,0.0,NA,0.00025591248413547873,2850,21967,9074,0,0.35183382018825055,0.11484063343675706,1.0,0.7076769433974421,0.2923230566025579
9074,YIL103W YNL255C,0.0,NA,0.0002559461572673172,2850,21966,9075,0,0.35186332654687086,0.11484526112185686,1.0,0.7076447279404658,0.29235527205953415
9075,YGR238C YJL041W,0.0,NA,0.00025617904611863196,2850,21965,9076,0,0.3518928329054911,0.1148498891799315,1.0,0.7076125124834896,0.29238748751651045
9076,YHR178W YBR009C,0.0,NA,0.00025628606090322137,2850,21964,9077,0,0.35192233926411143,0.11485451761102604,1.0,0.7075802970265134,0.2924197029734867
9077,YNL307C YOL140W,0.0,NA,0.0002566225011833012,2850,21963,9078,0,0.3519518456227317,0.11485914641518559,1.0,0.7075480815695371,0.2924519184304629
9078,YMR174C YDR522C,0.0,NA,0.0002567348419688642,2850,21962,9079,0,0.351981351981352,0.11486377559245527,1.0,0.7075158661125608,0.2924841338874392
9079,YIL101C YIL106W,0.0,NA,0.0002567808551248163,2850,21961,9080,0,0.35201085833997225,0.11486840514288017,1.0,0.7074836506555845,0.29251634934441545
9080,YOR294W YBR098W,0.0,NA,0.00025683987769298255,2850,21960,9081,0,0.35204036469859257,0.11487303506650544,1.0,0.7074514351986083,0.2925485648013917
9081,YHR143W-A YGL051W,0.0,NA,0.0002571459044702351,2850,21959,9082,0,0.3520698710572128,0.1148776653633762,1.0,0.707419219741632,0.292580780258368
9082,YHR139C YOR250C,0.0,NA,0.0002574864192865789,2850,21958,9083,0,0.35209937741583314,0.11488229603353757,1.0,0.7073870042846557,0.2926129957153442
9083,YER100W YDL061C,0.0,NA,0.00025760699645616114,2850,21957,9084,0,0.3521288837744534,0.11488692707703471,1.0,0.7073547888276795,0.29264521117232045
9084,YJR092W YAL007C,0.0,NA,0.0002579301653895527,2850,21956,9085,0,0.35215839013307365,0.11489155849391276,1.0,0.7073225733707033,0.29267742662929674
9085,YDR452W YFR021W,0.0,NA,0.00025828625075519085,2850,21955,9086,0,0.35218789649169396,0.1148961902842169,1.0,0.707290357913727,0.292709642086273
9086,YKL159C YDR037W,0.0,NA,0.00025864061899483204,2850,21954,9087,0,0.3522174028503142,0.11490082244799225,1.0,0.7072581424567508,0.2927418575432493
9087,YOR156C YDL193W,0.0,NA,0.00025875851861201227,2850,21953,9088,0,0.35224690920893453,0.11490545498528404,1.0,0.7072259269997745,0.2927740730002255
9088,YIR027C YPR052C,0.0,NA,0.00025876445579342544,2850,21952,9089,0,0.3522764155675548,0.11491008789613741,1.0,0.7071937115427982,0.29280628845720175
9089,YDL210W YJR136C,0.0,NA,0.00025908881798386574,2850,21951,9090,0,0.3523059219261751,0.11491472118059756,1.0,0.707161496085822,0.29283850391417804
9090,YNL307C YGR156W,0.0,NA,0.00025929120602086186,2850,21950,9091,0,0.35233542828479536,0.11491935483870967,1.0,0.7071292806288457,0.2928707193711543
9091,YLR130C YOR159C,0.0,NA,0.00025934906443580985,2850,21949,9092,0,0.3523649346434157,0.11492398887051897,1.0,0.7070970651718694,0.2929029348281305
9092,YOL102C YHR013C,0.0,NA,0.000259607593761757,2850,21948,9093,0,0.35239444100203593,0.11492862327607065,1.0,0.7070648497148933,0.2929351502851068
9093,YGL026C YAL036C,0.0,NA,0.0002597029088065028,2850,21947,9094,0,0.35242394736065624,0.11493325805540992,1.0,0.707032634257917,0.29296736574208304
9094,YKR009C YGL091C,0.0,NA,0.0002599746803753078,2850,21946,9095,0,0.3524534537192765,0.11493789320858203,1.0,0.7070004188009407,0.29299958119905933
9095,YKR014C YJL122W,0.0,NA,0.0002599910367280245,2850,21945,9096,0,0.3524829600778968,0.11494252873563218,1.0,0.7069682033439645,0.29303179665603557
9096,YPL237W YDL205C,0.0,NA,0.0002600185398478061,2850,21944,9097,0,0.35251246643651707,0.11494716463660563,1.0,0.7069359878869882,0.2930640121130118
9097,YBR095C YNR023W,0.0,NA,0.00026023678947240114,2850,21943,9098,0,0.3525419727951373,0.11495180091154761,1.0,0.7069037724300119,0.2930962275699881
9098,YPR018W YDL081C,0.0,NA,0.0002605724730528891,2850,21942,9099,0,0.35257147915375764,0.11495643756050339,1.0,0.7068715569730356,0.29312844302696434
9099,YAL015C YLR017W,0.0,NA,0.00026092573534697294,2850,21941,9100,0,0.3526009855123779,0.11496107458351822,1.0,0.7068393415160594,0.2931606584839406
9100,YPR181C YER082C,0.0,NA,0.0002609963994473219,2850,21940,9101,0,0.3526304918709982,0.11496571198063735,1.0,0.7068071260590831,0.29319287394091686
9101,YDR368W YFR025C,0.0,NA,0.00026100935065187514,2850,21939,9102,0,0.35265999822961847,0.11497034975190609,1.0,0.7067749106021068,0.2932250893978931
9102,YBR034C YGR262C,0.0,NA,0.00026123118004761636,2850,21938,9103,0,0.3526895045882388,0.1149749878973697,1.0,0.7067426951451307,0.2932573048548694
9103,YBL016W YLR436C,0.0,NA,0.00026126953889615834,2850,21937,9104,0,0.35271901094685904,0.11497962641707346,1.0,0.7067104796881544,0.29328952031184563
9104,YLR362W YOR157C,0.0,NA,0.0002614299883134663,2850,21936,9105,0,0.35274851730547935,0.11498426531106269,1.0,0.7066782642311781,0.29332173576882187
9105,YDL105W YEL065W,0.0,NA,0.0002618777798488736,2850,21935,9106,0,0.3527780236640996,0.1149889045793827,1.0,0.7066460487742019,0.29335395122579816
9106,YCR040W YJL179W,0.0,NA,0.00026202588924206793,2850,21934,9107,0,0.3528075300227199,0.11499354422207876,1.0,0.7066138333172256,0.2933861666827744
9107,YLR201C YJL092W,0.0,NA,0.00026216107653453946,2850,21933,9108,0,0.3528370363813402,0.11499818423919622,1.0,0.7065816178602493,0.29341838213975063
9108,YKL164C YOR368W,0.0,NA,0.00026230834191665053,2850,21932,9109,0,0.3528665427399605,0.1150028246307804,1.0,0.7065494024032731,0.2934505975967269
9109,YEL060C YLR024C,0.0,NA,0.0002629034861456603,2850,21931,9110,0,0.35289604909858074,0.11500746539687665,1.0,0.7065171869462968,0.29348281305370316
9110,YNL007C YDL232W,0.0,NA,0.0002630792441777885,2850,21930,9111,0,0.352925555457201,0.11501210653753027,1.0,0.7064849714893205,0.2935150285106794
9111,YMR016C YJR051W,0.0,NA,0.00026313544367440045,2850,21929,9112,0,0.3529550618158213,0.11501674805278664,1.0,0.7064527560323444,0.2935472439676557
9112,YFL057C YBR280C,0.0,NA,0.0002631550014484674,2850,21928,9113,0,0.35298456817444157,0.1150213899426911,1.0,0.7064205405753681,0.29357945942463193
9113,YDR325W YCR053W,0.0,NA,0.0002632059622555971,2850,21927,9114,0,0.3530140745330619,0.11502603220728902,1.0,0.7063883251183918,0.2936116748816082
9114,YKL049C YJR016C,0.0,NA,0.00026345098740421236,2850,21926,9115,0,0.35304358089168214,0.11503067484662577,1.0,0.7063561096614156,0.29364389033858446
9115,YPR168W YDL042C,0.0,NA,0.0002637744473759085,2850,21925,9116,0,0.35307308725030245,0.11503531786074672,1.0,0.7063238942044393,0.2936761057955607
9116,YML016C YLR005W,0.0,NA,0.0002639284066390246,2850,21924,9117,0,0.3531025936089227,0.11503996124969726,1.0,0.706291678747463,0.293708321252537
9117,YNL103W YDL045C,0.0,NA,0.00026400567730888724,2850,21923,9118,0,0.353132099967543,0.11504460501352279,1.0,0.7062594632904867,0.2937405367095132
9118,YBR139W YLR441C,0.0,NA,0.00026418091147206724,2850,21922,9119,0,0.3531616063261633,0.11504924915226869,1.0,0.7062272478335105,0.29377275216648946
9119,YNL002C YML047C,0.0,NA,0.0002642189501784742,2850,21921,9120,0,0.3531911126847836,0.11505389366598039,1.0,0.7061950323765342,0.29380496762346575
9120,YLR244C YHR160C,0.0,NA,0.0002643005864229053,2850,21920,9121,0,0.35322061904340385,0.11505853855470327,1.0,0.706162816919558,0.293837183080442
9121,YPR043W YBL084C,0.0,NA,0.00026435829931870103,2850,21919,9122,0,0.35325012540202416,0.11506318381848278,1.0,0.7061306014625818,0.2938693985374183
9122,YJL073W YGL147C,0.0,NA,0.0002650391834322363,2850,21918,9123,0,0.3532796317606444,0.11506782945736434,1.0,0.7060983860056055,0.2939016139943945
9123,YJR068W YER174C,0.0,NA,0.00026518857339397073,2850,21917,9124,0,0.3533091381192647,0.11507247547139339,1.0,0.7060661705486292,0.29393382945137075
9124,YPR042C YDL043C,0.0,NA,0.00026519314269535244,2850,21916,9125,0,0.353338644477885,0.11507712186061536,1.0,0.706033955091653,0.29396604490834705
9125,YOR217W Q0115,0.0,NA,0.0002653198316693306,2850,21915,9126,0,0.35336815083650525,0.11508176862507571,1.0,0.7060017396346767,0.2939982603653233
9126,YOR196C YBR050C,0.0,NA,0.0002654716372489929,2850,21914,9127,0,0.35339765719512556,0.1150864157648199,1.0,0.7059695241777004,0.2940304758222995
9127,YGR094W YBR284W,0.0,NA,0.00026555315707810223,2850,21913,9128,0,0.3534271635537458,0.1150910632798934,1.0,0.7059373087207242,0.2940626912792758
9128,YKL002W YJR103W,0.0,NA,0.0002655817661434412,2850,21912,9129,0,0.35345666991236613,0.11509571117034165,1.0,0.705905093263748,0.29409490673625205
9129,YCR082W YHR108W,0.0,NA,0.0002656843571458012,2850,21911,9130,0,0.3534861762709864,0.11510035943621016,1.0,0.7058728778067717,0.2941271221932283
9130,YPL198W YHR040W,0.0,NA,0.00026572641218081117,2850,21910,9131,0,0.3535156826296067,0.11510500807754442,1.0,0.7058406623497955,0.2941593376502046
9131,YAL019W YNL289W,0.0,NA,0.00026590938796289265,2850,21909,9132,0,0.35354518898822695,0.11510965709438992,1.0,0.7058084468928192,0.2941915531071808
9132,YLR397C YBR048W,0.0,NA,0.00026595094823278487,2850,21908,9133,0,0.35357469534684727,0.11511430648679215,1.0,0.7057762314358429,0.2942237685641571
9133,YKL092C YJL045W,0.0,NA,0.0002659877354744822,2850,21907,9134,0,0.3536042017054675,0.11511895625479662,1.0,0.7057440159788667,0.29425598402113334
9134,YDR302W YNL175C,0.0,NA,0.0002660927420947701,2850,21906,9135,0,0.35363370806408784,0.11512360639844886,1.0,0.7057118005218904,0.2942881994781096
9135,YMR088C YPL269W,0.0,NA,0.00026624067686498165,2850,21905,9136,0,0.3536632144227081,0.11512825691779438,1.0,0.7056795850649141,0.2943204149350859
9136,YDR156W YDR038C,0.0,NA,0.00026647202321328223,2850,21904,9137,0,0.35369272078132835,0.11513290781287873,1.0,0.7056473696079378,0.2943526303920621
9137,YNL037C YBR111W-A,0.0,NA,0.00026650456129573286,2850,21903,9138,0,0.35372222713994866,0.11513755908374743,1.0,0.7056151541509617,0.29438484584903835
9138,YGR260W YPL200W,0.0,NA,0.0002665360807441175,2850,21902,9139,0,0.3537517334985689,0.11514221073044602,1.0,0.7055829386939854,0.29441706130601464
9139,YHL038C YGL141W,0.0,NA,0.00026665933546610177,2850,21901,9140,0,0.35378123985718923,0.11514686275302008,1.0,0.7055507232370091,0.2944492767629909
9140,YKL086W YLR325C,0.0,NA,0.0002669292443897575,2850,21900,9141,0,0.3538107462158095,0.11515151515151516,1.0,0.7055185077800329,0.29448149221996717
9141,YPL085W YAL041W,0.0,NA,0.00026704047922976315,2850,21899,9142,0,0.3538402525744298,0.11515616792597681,1.0,0.7054862923230566,0.2945137076769434
9142,YCR019W YHR028C,0.0,NA,0.0002671331458259374,2850,21898,9143,0,0.35386975893305006,0.11516082107645062,1.0,0.7054540768660803,0.29454592313391964
9143,YBL015W YER167W,0.0,NA,0.00026745349168777466,2850,21897,9144,0,0.3538992652916704,0.11516547460298218,1.0,0.7054218614091041,0.29457813859089593
9144,YOL135C YDL085W,0.0,NA,0.0002676243893802166,2850,21896,9145,0,0.35392877165029063,0.11517012850561707,1.0,0.7053896459521278,0.29461035404787217
9145,YJL179W YGL005C,0.0,NA,0.0002678842574823648,2850,21895,9146,0,0.35395827800891094,0.1151747827844009,1.0,0.7053574304951515,0.2946425695048484
9146,YDR312W YNL027W,0.0,NA,0.00026796525344252586,2850,21894,9147,0,0.3539877843675312,0.11517943743937924,1.0,0.7053252150381754,0.2946747849618247
9147,YBR076W YBR040W,0.0,NA,0.0002684697974473238,2850,21893,9148,0,0.3540172907261515,0.11518409247059774,1.0,0.7052929995811991,0.29470700041880094
9148,YHR067W YLR262C-A,0.0,NA,0.00026847413391806185,2850,21892,9149,0,0.35404679708477177,0.11518874787810202,1.0,0.7052607841242228,0.29473921587577717
9149,YML116W YGL003C,0.0,NA,0.000268488482106477,2850,21891,9150,0,0.354076303443392,0.11519340366193767,1.0,0.7052285686672466,0.29477143133275346
9150,YLR423C YGL071W,0.0,NA,0.0002686200605239719,2850,21890,9151,0,0.35410580980201234,0.11519805982215037,1.0,0.7051963532102703,0.2948036467897297
9151,YPR009W YPL124W,0.0,NA,0.000268875272013247,2850,21889,9152,0,0.3541353161606326,0.11520271635878572,1.0,0.705164137753294,0.294835862246706
9152,YGR154C YNL002C,0.0,NA,0.0002689014363568276,2850,21888,9153,0,0.3541648225192529,0.1152073732718894,1.0,0.7051319222963178,0.29486807770368223
9153,YMR116C YOL130W,0.0,NA,0.0002692105481401086,2850,21887,9154,0,0.35419432887787317,0.11521203056150706,1.0,0.7050997068393415,0.29490029316065847
9154,YJL044C YLR221C,0.0,NA,0.00026959789101965725,2850,21886,9155,0,0.3542238352364935,0.11521668822768434,1.0,0.7050674913823652,0.29493250861763476
9155,YMR292W YEL017C-A,0.0,NA,0.00026964544667862356,2850,21885,9156,0,0.35425334159511374,0.11522134627046694,1.0,0.705035275925389,0.294964724074611
9156,YDL149W YOR332W,0.0,NA,0.0002697215531952679,2850,21884,9157,0,0.35428284795373405,0.11522600468990055,1.0,0.7050030604684128,0.29499693953158723
9157,YLR244C YMR063W,0.0,NA,0.0002698377938941121,2850,21883,9158,0,0.3543123543123543,0.11523066348603081,1.0,0.7049708450114365,0.2950291549885635
9158,YBR069C YML016C,0.0,NA,0.00026993712526746094,2850,21882,9159,0,0.3543418606709746,0.11523532265890345,1.0,0.7049386295544602,0.29506137044553976
9159,YDR025W YML048W,0.0,NA,0.0002702471683733165,2850,21881,9160,0,0.3543713670295949,0.11523998220856416,1.0,0.704906414097484,0.29509358590251605
9160,YPL243W YJL212C,0.0,NA,0.00027054492966271937,2850,21880,9161,0,0.3544008733882152,0.11524464213505864,1.0,0.7048741986405077,0.2951258013594923
9161,YBR057C YMR165C,0.0,NA,0.0002707211533561349,2850,21879,9162,0,0.35443037974683544,0.11524930243843261,1.0,0.7048419831835314,0.2951580168164685
9162,YEL062W YJL190C,0.0,NA,0.00027097086422145367,2850,21878,9163,0,0.3544598861054557,0.1152539631187318,1.0,0.7048097677265552,0.2951902322734448
9163,YGR038W YLR180W,0.0,NA,0.0002712893474381417,2850,21877,9164,0,0.354489392464076,0.11525862417600194,1.0,0.7047775522695789,0.29522244773042106
9164,YDR118W YDR362C,0.0,NA,0.0002713095163926482,2850,21876,9165,0,0.35451889882269627,0.11526328561028877,1.0,0.7047453368126027,0.2952546631873973
9165,YKL004W YLR025W,0.0,NA,0.00027145311469212174,2850,21875,9166,0,0.3545484051813166,0.11526794742163801,1.0,0.7047131213556265,0.2952868786443736
9166,YLR306W YHR134W,0.0,NA,0.00027166877407580614,2850,21874,9167,0,0.35457791153993684,0.11527260961009546,1.0,0.7046809058986502,0.2953190941013498
9167,YOL151W YDR399W,0.0,NA,0.0002717817260418087,2850,21873,9168,0,0.35460741789855715,0.11527727217570684,1.0,0.7046486904416739,0.29535130955832606
9168,YNR030W YGL011C,0.0,NA,0.0002718030009418726,2850,21872,9169,0,0.3546369242571774,0.11528193511851792,1.0,0.7046164749846977,0.29538352501530235
9169,YIL030C YLR250W,0.0,NA,0.00027189889806322753,2850,21871,9170,0,0.3546664306157977,0.11528659843857449,1.0,0.7045842595277214,0.2954157404722786
9170,YIL018W YBR210W,0.0,NA,0.0002719600743148476,2850,21870,9171,0,0.354695936974418,0.11529126213592233,1.0,0.7045520440707451,0.2954479559292549
9171,YOR127W YOR091W,0.0,NA,0.0002719779731705785,2850,21869,9172,0,0.3547254433330383,0.11529592621060722,1.0,0.7045198286137689,0.2954801713862311
9172,YLR048W YPR051W,0.0,NA,0.00027200079057365656,2850,21868,9173,0,0.35475494969165855,0.11530059066267498,1.0,0.7044876131567926,0.29551238684320735
9173,YFR024C-A YKL130C,0.0,NA,0.0002720983175095171,2850,21867,9174,0,0.35478445605027886,0.11530525549217138,1.0,0.7044553976998164,0.29554460230018365
9174,YLR114C YPL010W,0.0,NA,0.00027212011627852917,2850,21866,9175,0,0.3548139624088991,0.11530992069914225,1.0,0.7044231822428401,0.2955768177571599
9175,YGL114W YIL104C,0.0,NA,0.000272257108008489,2850,21865,9176,0,0.3548434687675194,0.11531458628363342,1.0,0.7043909667858639,0.2956090332141361
9176,YLR197W YDR225W,0.0,NA,0.0002722929639276117,2850,21864,9177,0,0.3548729751261397,0.1153192522456907,1.0,0.7043587513288876,0.2956412486711124
9177,YNL172W YJL138C,0.0,NA,0.00027254255837760866,2850,21863,9178,0,0.35490248148475995,0.11532391858535994,1.0,0.7043265358719113,0.29567346412808865
9178,YIL119C YBR263W,0.0,NA,0.0002726470120251179,2850,21862,9179,0,0.35493198784338026,0.11532858530268696,1.0,0.7042943204149351,0.29570567958506494
9179,YDR229W Q0115,0.0,NA,0.00027284256066195667,2850,21861,9180,0,0.3549614942020005,0.11533325239771762,1.0,0.7042621049579588,0.2957378950420412
9180,YCR083W YPR129W,0.0,NA,0.000272868579486385,2850,21860,9181,0,0.35499100056062083,0.11533791987049777,1.0,0.7042298895009825,0.2957701104990174
9181,YDR397C YLR273C,0.0,NA,0.00027379055973142385,2850,21859,9182,0,0.3550205069192411,0.1153425877210733,1.0,0.7041976740440063,0.2958023259559937
9182,YER107C YGL238W,0.0,NA,0.0002738754265010357,2850,21858,9183,0,0.3550500132778614,0.11534725594949004,1.0,0.7041654585870301,0.29583454141296994
9183,YDR471W YGR184C,0.0,NA,0.0002738994371611625,2850,21857,9184,0,0.35507951963648166,0.1153519245557939,1.0,0.7041332431300538,0.2958667568699462
9184,YFL017C YML041C,0.0,NA,0.00027395482175052166,2850,21856,9185,0,0.35510902599510197,0.11535659354003076,1.0,0.7041010276730776,0.29589897232692247
9185,YCR057C YDR246W,0.0,NA,0.00027415365912020206,2850,21855,9186,0,0.3551385323537222,0.1153612629022465,1.0,0.7040688122161013,0.2959311877838987
9186,YNL251C YHR013C,0.0,NA,0.0002744436787907034,2850,21854,9187,0,0.35516803871234254,0.11536593264248704,1.0,0.704036596759125,0.29596340324087494
9187,YIL149C YNL244C,0.0,NA,0.0002747389953583479,2850,21853,9188,0,0.3551975450709628,0.11537060276079829,1.0,0.7040043813021488,0.29599561869785124
9188,YDR497C YMR179W,0.0,NA,0.0002747544494923204,2850,21852,9189,0,0.35522705142958305,0.11537527325722613,1.0,0.7039721658451725,0.2960278341548275
9189,YLR360W YGL238W,0.0,NA,0.0002747717371676117,2850,21851,9190,0,0.35525655778820336,0.11537994413181653,1.0,0.7039399503881962,0.29606004961180377
9190,YPL194W YFR040W,0.0,NA,0.00027509991195984185,2850,21850,9191,0,0.3552860641468236,0.11538461538461539,1.0,0.70390773493122,0.29609226506878
9191,YMR231W YOR138C,0.0,NA,0.0002751269203145057,2850,21849,9192,0,0.35531557050544393,0.11538928701566865,1.0,0.7038755194742438,0.29612448052575624
9192,YOR295W YOR312C,0.0,NA,0.0002752967120613903,2850,21848,9193,0,0.3553450768640642,0.11539395902502227,1.0,0.7038433040172675,0.29615669598273253
9193,YGR241C YGR261C,0.0,NA,0.0002753016888163984,2850,21847,9194,0,0.3553745832226845,0.11539863141272219,1.0,0.7038110885602912,0.29618891143970877
9194,YDR409W YIL103W,0.0,NA,0.0002754697052296251,2850,21846,9195,0,0.35540408958130476,0.11540330417881438,1.0,0.703778873103315,0.296221126896685
9195,YNL117W YGL190C,0.0,NA,0.0002764489909168333,2850,21845,9196,0,0.3554335959399251,0.1154079773233448,1.0,0.7037466576463387,0.2962533423536613
9196,YMR006C YOR108W,0.0,NA,0.00027649011462926865,2850,21844,9197,0,0.35546310229854533,0.11541265084635945,1.0,0.7037144421893624,0.29628555781063753
9197,YHL007C YKR082W,0.0,NA,0.00027711133589036763,2850,21843,9198,0,0.35549260865716564,0.11541732474790427,1.0,0.7036822267323862,0.2963177732676138
9198,YKL092C YJR075W,0.0,NA,0.00027715624310076237,2850,21842,9199,0,0.3555221150157859,0.11542199902802527,1.0,0.7036500112754099,0.29634998872459006
9199,YHR208W YLR208W,0.0,NA,0.00027721465448848903,2850,21841,9200,0,0.35555162137440616,0.11542667368676846,1.0,0.7036177958184336,0.2963822041815663
9200,YLR133W YNL136W,0.0,NA,0.0002772892185021192,2850,21840,9201,0,0.35558112773302647,0.11543134872417983,1.0,0.7035855803614575,0.2964144196385426
9201,YAL044C YIL052C,0.0,NA,0.00027730665169656277,2850,21839,9202,0,0.3556106340916467,0.1154360241403054,1.0,0.7035533649044812,0.29644663509551883
9202,YHR084W YOR126C,0.0,NA,0.00027739390498027205,2850,21838,9203,0,0.35564014045026704,0.11544069993519118,1.0,0.7035211494475049,0.29647885055249507
9203,YAR018C YNL090W,0.0,NA,0.0002774314780253917,2850,21837,9204,0,0.3556696468088873,0.11544537610888322,1.0,0.7034889339905287,0.29651106600947136
9204,YNR013C YLR347C,0.0,NA,0.00027751244488172233,2850,21836,9205,0,0.3556991531675076,0.11545005266142754,1.0,0.7034567185335524,0.2965432814664476
9205,YBR073W YIL052C,0.0,NA,0.0002776026667561382,2850,21835,9206,0,0.35572865952612787,0.11545472959287016,1.0,0.7034245030765761,0.29657549692342383
9206,YBR264C YER174C,0.0,NA,0.0002776622131932527,2850,21834,9207,0,0.3557581658847482,0.11545940690325716,1.0,0.7033922876195999,0.2966077123804001
9207,YLR233C YNL135C,0.0,NA,0.0002777035115286708,2850,21833,9208,0,0.35578767224336844,0.1154640845926346,1.0,0.7033600721626236,0.29663992783737636
9208,YGR004W YLR003C,0.0,NA,0.00027798404335044324,2850,21832,9209,0,0.35581717860198875,0.11546876266104854,1.0,0.7033278567056473,0.29667214329435265
9209,YGL198W YKR102W,0.0,NA,0.0002782746742013842,2850,21831,9210,0,0.355846684960609,0.11547344110854503,1.0,0.7032956412486712,0.2967043587513289
9210,YBR296C YLR019W,0.0,NA,0.00027828742167912424,2850,21830,9211,0,0.3558761913192293,0.11547811993517018,1.0,0.7032634257916949,0.2967365742083051
9211,YMR053C YOR124C,0.0,NA,0.00027849525213241577,2850,21829,9212,0,0.3559056976778496,0.11548279914097005,1.0,0.7032312103347186,0.2967687896652814
9212,YHR089C YLR386W,0.0,NA,0.000278825726127252,2850,21828,9213,0,0.35593520403646983,0.11548747872599076,1.0,0.7031989948777423,0.29680100512225766
9213,YKL082C YBR136W,0.0,NA,0.0002791177830658853,2850,21827,9214,0,0.35596471039509014,0.1154921586902784,1.0,0.7031667794207661,0.2968332205792339
9214,YKR007W YPL266W,0.0,NA,0.0002794359752442688,2850,21826,9215,0,0.3559942167537104,0.11549683903387907,1.0,0.7031345639637898,0.2968654360362102
9215,YCR009C YLR148W,0.0,NA,0.00027946499176323414,2850,21825,9216,0,0.3560237231123307,0.11550151975683891,1.0,0.7031023485068135,0.2968976514931864
9216,YDR096W YBR207W,0.0,NA,0.00027956414851360023,2850,21824,9217,0,0.35605322947095097,0.11550620085920402,1.0,0.7030701330498373,0.2969298669501627
9217,YDL002C YBR020W,0.0,NA,0.0002798913628794253,2850,21823,9218,0,0.3560827358295713,0.11551088234102055,1.0,0.703037917592861,0.29696208240713895
9218,YPL024W YPL269W,0.0,NA,0.0002801500668283552,2850,21822,9219,0,0.35611224218819154,0.11551556420233464,1.0,0.7030057021358848,0.2969942978641152
9219,YHL030W YMR198W,0.0,NA,0.00028062509954907,2850,21821,9220,0,0.35614174854681185,0.1155202464431924,1.0,0.7029734866789086,0.2970265133210915
9220,YNL097C YNL302C,0.0,NA,0.0002806470438372344,2850,21820,9221,0,0.3561712549054321,0.11552492906364005,1.0,0.7029412712219323,0.2970587287780677
9221,YCL052C YHR144C,0.0,NA,0.0002806845004670322,2850,21819,9222,0,0.3562007612640524,0.1155296120637237,1.0,0.702909055764956,0.29709094423504395
9222,YKR094C YHR104W,0.0,NA,0.0002807739074341953,2850,21818,9223,0,0.3562302676226727,0.11553429544348955,1.0,0.7028768403079798,0.29712315969202024
9223,YBR069C YKL101W,0.0,NA,0.00028084698715247214,2850,21817,9224,0,0.356259773981293,0.11553897920298374,1.0,0.7028446248510035,0.2971553751489965
9224,YGR086C YCR020W-B,0.0,NA,0.00028099966584704816,2850,21816,9225,0,0.35628928033991325,0.1155436633422525,1.0,0.7028124093940272,0.2971875906059728
9225,YPL079W YGL248W,0.0,NA,0.0002810208243317902,2850,21815,9226,0,0.3563187866985335,0.11554834786134198,1.0,0.702780193937051,0.297219806062949
9226,YJR064W YER012W,0.0,NA,0.00028136157197877765,2850,21814,9227,0,0.3563482930571538,0.11555303276029841,1.0,0.7027479784800748,0.29725202151992525
9227,YDR345C YPL036W,0.0,NA,0.00028156524058431387,2850,21813,9228,0,0.3563777994157741,0.11555771803916798,1.0,0.7027157630230985,0.29728423697690154
9228,YNL172W YJR068W,0.0,NA,0.000281688233371824,2850,21812,9229,0,0.3564073057743944,0.11556240369799692,1.0,0.7026835475661223,0.2973164524338778
9229,YDL216C YLR017W,0.0,NA,0.0002818851498886943,2850,21811,9230,0,0.35643681213301465,0.11556708973683144,1.0,0.702651332109146,0.297348667890854
9230,YPL033C YPL093W,0.0,NA,0.0002819547662511468,2850,21810,9231,0,0.35646631849163496,0.11557177615571776,1.0,0.7026191166521697,0.2973808833478303
9231,YKL014C YDR403W,0.0,NA,0.0002820617810357362,2850,21809,9232,0,0.3564958248502552,0.11557646295470214,1.0,0.7025869011951934,0.29741309880480654
9232,YAR018C YDR163W,0.0,NA,0.0002822401002049446,2850,21808,9233,0,0.35652533120887553,0.1155811501338308,1.0,0.7025546857382172,0.2974453142617828
9233,YPL018W YKL196C,0.0,NA,0.00028262491105124354,2850,21807,9234,0,0.3565548375674958,0.11558583769315002,1.0,0.7025224702812409,0.29747752971875907
9234,YNL246W YEL040W,0.0,NA,0.00028336039395071566,2850,21806,9235,0,0.3565843439261161,0.11559052563270604,1.0,0.7024902548242646,0.2975097451757353
9235,YJR109C YKL041W,0.0,NA,0.0002838936634361744,2850,21805,9236,0,0.35661385028473636,0.11559521395254513,1.0,0.7024580393672885,0.2975419606327116
9236,YDR503C YOR065W,0.0,NA,0.0002842056273948401,2850,21804,9237,0,0.35664335664335667,0.11559990265271355,1.0,0.7024258239103122,0.29757417608968784
9237,YGL006W YAL020C,0.0,NA,0.00028423190815374255,2850,21803,9238,0,0.3566728630019769,0.11560459173325761,1.0,0.7023936084533359,0.2976063915466641
9238,YDL038C YGL158W,0.0,NA,0.0002842766116373241,2850,21802,9239,0,0.3567023693605972,0.11560928119422359,1.0,0.7023613929963597,0.29763860700364037
9239,YOR315W YDL115C,0.0,NA,0.0002845681447070092,2850,21801,9240,0,0.3567318757192175,0.11561397103565778,1.0,0.7023291775393834,0.2976708224606166
9240,YMR097C YLR435W,0.0,NA,0.0002849857264664024,2850,21800,9241,0,0.35676138207783775,0.11561866125760649,1.0,0.7022969620824071,0.29770303791759284
9241,YCR008W YPL048W,0.0,NA,0.00028508654213510454,2850,21799,9242,0,0.35679088843645806,0.11562335186011603,1.0,0.7022647466254309,0.29773525337456913
9242,YCL019W YOL031C,0.0,NA,0.0002853331679943949,2850,21798,9243,0,0.3568203947950783,0.11562804284323272,1.0,0.7022325311684546,0.29776746883154537
9243,YPL069C YPL174C,0.0,NA,0.0002854817430488765,2850,21797,9244,0,0.35684990115369863,0.11563273420700287,1.0,0.7022003157114783,0.29779968428852166
9244,YDR100W YBR077C,0.0,NA,0.0002857101790141314,2850,21796,9245,0,0.3568794075123189,0.11563742595147286,1.0,0.7021681002545022,0.2978318997454979
9245,YBR293W YAL028W,0.0,NA,0.00028597182244993746,2850,21795,9246,0,0.3569089138709392,0.11564211807668898,1.0,0.7021358847975259,0.29786411520247413
9246,Q0160 YDR057W,0.0,NA,0.0002861116954591125,2850,21794,9247,0,0.35693842022955946,0.11564681058269762,1.0,0.7021036693405496,0.2978963306594504
9247,YLR194C YGL035C,0.0,NA,0.00028630325687117875,2850,21793,9248,0,0.3569679265881798,0.1156515034695451,1.0,0.7020714538835734,0.29792854611642666
9248,YLR397C YDR376W,0.0,NA,0.00028643730911426246,2850,21792,9249,0,0.35699743294680003,0.11565619673727782,1.0,0.7020392384265971,0.2979607615734029
9249,YHR178W YDR135C,0.0,NA,0.0002868488954845816,2850,21791,9250,0,0.35702693930542034,0.11566089038594213,1.0,0.7020070229696208,0.2979929770303792
9250,YPR112C YNL259C,0.0,NA,0.000286915892502293,2850,21790,9251,0,0.3570564456640406,0.11566558441558442,1.0,0.7019748075126445,0.29802519248735543
9251,YFR019W YML012W,0.0,NA,0.00028769244090653956,2850,21789,9252,0,0.35708595202266086,0.11567027882625107,1.0,0.7019425920556683,0.29805740794433166
9252,YLR250W YPL084W,0.0,NA,0.00028823220054619014,2850,21788,9253,0,0.35711545838128117,0.11567497361798847,1.0,0.701910376598692,0.29808962340130796
9253,YBR089C-A YLR157C,0.0,NA,0.0002884570858441293,2850,21787,9254,0,0.3571449647399014,0.11567966879084304,1.0,0.7018781611417158,0.2981218388582842
9254,YMR271C YHR138C,0.0,NA,0.0002890751347877085,2850,21786,9255,0,0.35717447109852174,0.11568436434486118,1.0,0.7018459456847396,0.2981540543152605
9255,YOR338W YLL056C,0.0,NA,0.00028919504256919026,2850,21785,9256,0,0.357203977457142,0.11568906028008931,1.0,0.7018137302277633,0.2981862697722367
9256,YIL085C YIL009W,0.0,NA,0.00028944414225406945,2850,21784,9257,0,0.3572334838157623,0.11569375659657384,1.0,0.701781514770787,0.29821848522921296
9257,YIL009C-A YOL138C,0.0,NA,0.00028981026844121516,2850,21783,9258,0,0.35726299017438257,0.11569845329436122,1.0,0.7017492993138108,0.29825070068618925
9258,YMR223W YGR120C,0.0,NA,0.0002898520033340901,2850,21782,9259,0,0.3572924965330029,0.11570315037349789,1.0,0.7017170838568345,0.2982829161431655
9259,YGR255C YAR002C-A,0.0,NA,0.00028987080440856516,2850,21781,9260,0,0.35732200289162314,0.11570784783403029,1.0,0.7016848683998582,0.2983151316001417
9260,YEL022W YDR512C,0.0,NA,0.0002899235987570137,2850,21780,9261,0,0.35735150925024345,0.11571254567600488,1.0,0.701652652942882,0.298347347057118
9261,YGR113W YBR213W,0.0,NA,0.00029010415892116725,2850,21779,9262,0,0.3573810156088637,0.11571724389946811,1.0,0.7016204374859057,0.29837956251409425
9262,YBR058C YJR053W,0.0,NA,0.00029024994000792503,2850,21778,9263,0,0.357410521967484,0.11572194250446646,1.0,0.7015882220289295,0.29841177797107055
9263,YHR153C YDR101C,0.0,NA,0.0002902798296418041,2850,21777,9264,0,0.3574400283261043,0.11572664149104642,1.0,0.7015560065719533,0.2984439934280468
9264,YDL083C YLR380W,0.0,NA,0.00029042406822554767,2850,21776,9265,0,0.35746953468472453,0.11573134085925445,1.0,0.701523791114977,0.298476208885023
9265,YMR232W YGL238W,0.0,NA,0.00029071769677102566,2850,21775,9266,0,0.35749904104334485,0.11573604060913706,1.0,0.7014915756580007,0.2985084243419993
9266,YOR338W YJL033W,0.0,NA,0.00029127896414138377,2850,21774,9267,0,0.3575285474019651,0.11574074074074074,1.0,0.7014593602010245,0.29854063979897555
9267,YLR360W YLR325C,0.0,NA,0.0002912931377068162,2850,21773,9268,0,0.3575580537605854,0.11574544125411201,1.0,0.7014271447440482,0.2985728552559518
9268,YCL074W YDL126C,0.0,NA,0.0002914420037996024,2850,21772,9269,0,0.35758756011920567,0.11575014214929738,1.0,0.7013949292870719,0.2986050707129281
9269,YLL048C YOR362C,0.0,NA,0.0002917670353781432,2850,21771,9270,0,0.357617066477826,0.11575484342634336,1.0,0.7013627138300956,0.2986372861699043
9270,YBR126C YGL033W,0.0,NA,0.0002921188424807042,2850,21770,9271,0,0.35764657283644624,0.11575954508529651,1.0,0.7013304983731194,0.29866950162688055
9271,YOR237W YKL019W,0.0,NA,0.000292139156954363,2850,21769,9272,0,0.35767607919506655,0.11576424712620334,1.0,0.7012982829161432,0.29870171708385684
9272,YDR343C YPL116W,0.0,NA,0.0002926417801063508,2850,21768,9273,0,0.3577055855536868,0.1157689495491104,1.0,0.7012660674591669,0.2987339325408331
9273,YMR044W YBR001C,0.0,NA,0.00029269198421388865,2850,21767,9274,0,0.3577350919123071,0.11577365235406427,1.0,0.7012338520021907,0.2987661479978094
9274,YOL012C YBR084W,0.0,NA,0.0002929306938312948,2850,21766,9275,0,0.3577645982709274,0.11577835554111147,1.0,0.7012016365452144,0.2987983634547856
9275,YML052W YGR154C,0.0,NA,0.0002938425459433347,2850,21765,9276,0,0.3577941046295477,0.1157830591102986,1.0,0.7011694210882381,0.29883057891176185
9276,YML082W YCR091W,0.0,NA,0.0002941946149803698,2850,21764,9277,0,0.35782361098816795,0.11578776306167222,1.0,0.7011372056312619,0.29886279436873814
9277,YKL055C YBL098W,0.0,NA,0.0002946285530924797,2850,21763,9278,0,0.3578531173467882,0.11579246739527892,1.0,0.7011049901742856,0.2988950098257144
9278,YPL065W YBR155W,0.0,NA,0.00029468786669895053,2850,21762,9279,0,0.3578826237054085,0.11579717211116529,1.0,0.7010727747173093,0.2989272252826906
9279,YDR098C YOR247W,0.0,NA,0.00029469712171703577,2850,21761,9280,0,0.3579121300640288,0.11580187720937792,1.0,0.7010405592603332,0.2989594407396669
9280,YDL088C YKR055W,0.0,NA,0.0002951847272925079,2850,21760,9281,0,0.3579416364226491,0.11580658268996342,1.0,0.7010083438033569,0.29899165619664314
9281,YNL248C YDL039C,0.0,NA,0.00029529983294196427,2850,21759,9282,0,0.35797114278126935,0.11581128855296842,1.0,0.7009761283463806,0.29902387165361943
9282,YNL183C YNR033W,0.0,NA,0.00029567000456154346,2850,21758,9283,0,0.35800064913988966,0.11581599479843953,1.0,0.7009439128894044,0.29905608711059567
9283,YBR076W YHL022C,0.0,NA,0.0002956888929475099,2850,21757,9284,0,0.3580301554985099,0.11582070142642338,1.0,0.7009116974324281,0.2990883025675719
9284,YNL186W YFL037W,0.0,NA,0.00029576869565062225,2850,21756,9285,0,0.35805966185713023,0.11582540843696659,1.0,0.7008794819754518,0.2991205180245482
9285,YDL217C YCL044C,0.0,NA,0.0002959401754196733,2850,21755,9286,0,0.3580891682157505,0.11583011583011583,1.0,0.7008472665184756,0.29915273348152444
9286,YKL028W YKL143W,0.0,NA,0.0002960604033432901,2850,21754,9287,0,0.3581186745743708,0.11583482360591774,1.0,0.7008150510614993,0.29918494893850067
9287,YER138C YOR287C,0.0,NA,0.0002960784768220037,2850,21753,9288,0,0.35814818093299106,0.11583953176441897,1.0,0.700782835604523,0.29921716439547696
9288,YER169W YPL176C,0.0,NA,0.0002962769940495491,2850,21752,9289,0,0.35817768729161137,0.1158442403056662,1.0,0.7007506201475467,0.2992493798524532
9289,YKL006C-A YHL036W,0.0,NA,0.0002966497850138694,2850,21751,9290,0,0.3582071936502316,0.11584894922970611,1.0,0.7007184046905706,0.29928159530942944
9290,YDR481C YGL121C,0.0,NA,0.0002966777828987688,2850,21750,9291,0,0.3582367000088519,0.11585365853658537,1.0,0.7006861892335943,0.29931381076640573
9291,YAL003W YIL088C,0.0,NA,0.0002967312466353178,2850,21749,9292,0,0.3582662063674722,0.11585836822635066,1.0,0.700653973776618,0.29934602622338197
9292,YPL029W YIL147C,0.0,NA,0.0002969027264043689,2850,21748,9293,0,0.35829571272609245,0.1158630782990487,1.0,0.7006217583196418,0.29937824168035826
9293,YKL048C YPL270W,0.0,NA,0.00029700863524340093,2850,21747,9294,0,0.35832521908471276,0.11586778875472618,1.0,0.7005895428626655,0.2994104571373345
9294,YKL092C YLR254C,0.0,NA,0.00029709329828619957,2850,21746,9295,0,0.358354725443333,0.11587249959342982,1.0,0.7005573274056892,0.29944267259431073
9295,YJR102C YDR437W,0.0,NA,0.00029753122362308204,2850,21745,9296,0,0.35838423180195333,0.11587721081520634,1.0,0.700525111948713,0.299474888051287
9296,YJL101C YCR094W,0.0,NA,0.0002987594925798476,2850,21744,9297,0,0.3584137381605736,0.11588192242010247,1.0,0.7004928964917367,0.29950710350826326
9297,YDL234C YEL026W,0.0,NA,0.00029940903186798096,2850,21743,9298,0,0.3584432445191939,0.11588663440816492,1.0,0.7004606810347604,0.2995393189652395
9298,YDR236C YGL073W,0.0,NA,0.00030073532252572477,2850,21742,9299,0,0.35847275087781416,0.11589134677944046,1.0,0.7004284655777843,0.2995715344222158
9299,YKL217W YEL027W,0.0,NA,0.000300763436825946,2850,21741,9300,0,0.3585022572364345,0.11589605953397585,1.0,0.700396250120808,0.299603749879192
9300,YIL106W YGR277C,0.0,NA,0.00030113497632555664,2850,21740,9301,0,0.35853176359505473,0.11590077267181781,1.0,0.7003640346638317,0.2996359653361683
9301,YGL090W YDL193W,0.0,NA,0.0003014538378920406,2850,21739,9302,0,0.35856126995367504,0.11590548619301314,1.0,0.7003318192068555,0.29966818079314456
9302,YJL167W YGR198W,0.0,NA,0.0003014610265381634,2850,21738,9303,0,0.3585907763122953,0.11591020009760859,1.0,0.7002996037498792,0.2997003962501208
9303,YBR101C YLL010C,0.0,NA,0.00030172584229148924,2850,21737,9304,0,0.35862028267091556,0.11591491438565095,1.0,0.7002673882929029,0.2997326117070971
9304,YBR049C YLR453C,0.0,NA,0.0003023850149475038,2850,21736,9305,0,0.35864978902953587,0.11591962905718702,1.0,0.7002351728359266,0.2997648271640733
9305,YPL156C YLR034C,0.0,NA,0.00030252744909375906,2850,21735,9306,0,0.3586792953881561,0.11592434411226357,1.0,0.7002029573789504,0.29979704262104956
9306,YMR045C YDL111C,0.0,NA,0.00030265958048403263,2850,21734,9307,0,0.35870880174677644,0.11592905955092743,1.0,0.7001707419219741,0.29982925807802585
9307,YHR036W YLR285W,0.0,NA,0.00030268324189819396,2850,21733,9308,0,0.3587383081053967,0.1159337753732254,1.0,0.7001385264649979,0.2998614735350021
9308,YAL059W YDR315C,0.0,NA,0.00030271182185970247,2850,21732,9309,0,0.358767814464017,0.1159384915792043,1.0,0.7001063110080217,0.2998936889919783
9309,YBR040W YKR101W,0.0,NA,0.0003027860075235367,2850,21731,9310,0,0.35879732082263727,0.11594320816891095,1.0,0.7000740955510454,0.2999259044489546
9310,YNL012W YLR135W,0.0,NA,0.00030278772464953363,2850,21730,9311,0,0.3588268271812576,0.11594792514239219,1.0,0.7000418800940691,0.29995811990593085
9311,YKR008W YOR367W,0.0,NA,0.0003028252685908228,2850,21729,9312,0,0.35885633353987784,0.11595264249969486,1.0,0.7000096646370929,0.29999033536290715
9312,YOL002C YJR150C,0.0,NA,0.0003029240178875625,2850,21728,9313,0,0.35888583989849815,0.11595736024086581,1.0,0.6999774491801166,0.3000225508198834
9313,YNR020C YOR299W,0.0,NA,0.00030297081684693694,2850,21727,9314,0,0.3589153462571184,0.1159620783659519,1.0,0.6999452337231403,0.3000547662768596
9314,YCR019W YKL143W,0.0,NA,0.0003035904373973608,2850,21726,9315,0,0.3589448526157387,0.115966796875,1.0,0.6999130182661641,0.3000869817338359
9315,YER013W YDL230W,0.0,NA,0.00030379052623175085,2850,21725,9316,0,0.358974358974359,0.11597151576805696,1.0,0.6998808028091879,0.30011919719081215
9316,YJR031C YPL226W,0.0,NA,0.0003037968708667904,2850,21724,9317,0,0.35900386533297923,0.1159762350451697,1.0,0.6998485873522116,0.3001514126477884
9317,YGR024C YJR010W,0.0,NA,0.0003039779548998922,2850,21723,9318,0,0.35903337169159955,0.11598095470638506,1.0,0.6998163718952354,0.3001836281047647
9318,YLR215C YPL020C,0.0,NA,0.0003039988223463297,2850,21722,9319,0,0.3590628780502198,0.11598567475174996,1.0,0.6997841564382591,0.3002158435617409
9319,YDL245C YNL245C,0.0,NA,0.00030460633570328355,2850,21721,9320,0,0.3590923844088401,0.1159903951813113,1.0,0.6997519409812828,0.3002480590187172
9320,YHR143W YLR006C,0.0,NA,0.00030462839640676975,2850,21720,9321,0,0.35912189076746037,0.115995115995116,1.0,0.6997197255243066,0.30028027447569344
9321,YDR195W YDR006C,0.0,NA,0.0003054916160181165,2850,21719,9322,0,0.3591513971260807,0.11599983719321096,1.0,0.6996875100673303,0.3003124899326697
9322,YLL004W YNL322C,0.0,NA,0.00030570285161957145,2850,21718,9323,0,0.35918090348470094,0.11600455877564311,1.0,0.699655294610354,0.30034470538964597
9323,YLR043C YDL148C,0.0,NA,0.00030579554731957614,2850,21717,9324,0,0.35921040984332125,0.11600928074245939,1.0,0.6996230791533777,0.3003769208466222
9324,YGR140W YOR011W,0.0,NA,0.0003064720949623734,2850,21716,9325,0,0.3592399162019415,0.11601400309370676,1.0,0.6995908636964016,0.30040913630359845
9325,YOL112W YDL235C,0.0,NA,0.0003067687794100493,2850,21715,9326,0,0.3592694225605618,0.11601872582943212,1.0,0.6995586482394253,0.30044135176057474
9326,YIL159W YMR145C,0.0,NA,0.0003070763195864856,2850,21714,9327,0,0.3592989289191821,0.11602344894968246,1.0,0.699526432782449,0.300473567217551
9327,YCL035C YLL060C,0.0,NA,0.00030711613362655044,2850,21713,9328,0,0.3593284352778024,0.11602817245450474,1.0,0.6994942173254728,0.3005057826745272
9328,YMR123W YLR386W,0.0,NA,0.00030765682458877563,2850,21712,9329,0,0.35935794163642265,0.11603289634394594,1.0,0.6994620018684965,0.3005379981315035
9329,BLM3 YNL001W,0.0,NA,0.0003081035683862865,2850,21711,9330,0,0.3593874479950429,0.116037620618053,1.0,0.6994297864115202,0.30057021358847974
9330,YFL025C YLR029C,0.0,NA,0.00030816320213489234,2850,21710,9331,0,0.3594169543536632,0.11604234527687296,1.0,0.699397570954544,0.30060242904545603
9331,YLR110C YKL070W,0.0,NA,0.0003081723116338253,2850,21709,9332,0,0.3594464607122835,0.11604707032045279,1.0,0.6993653554975677,0.30063464450243227
9332,YFL049W YOL016C,0.0,NA,0.000308303366182372,2850,21708,9333,0,0.3594759670709038,0.11605179574883948,1.0,0.6993331400405914,0.3006668599594085
9333,YEL011W YDR201W,0.0,NA,0.000308333954308182,2850,21707,9334,0,0.35950547342952405,0.11605652156208006,1.0,0.6993009245836153,0.3006990754163848
9334,YNL270C YER129W,0.0,NA,0.00030848479946143925,2850,21706,9335,0,0.35953497978814436,0.11606124776022153,1.0,0.699268709126639,0.30073129087336103
9335,YLR206W YDR261C,0.0,NA,0.00030858893296681345,2850,21705,9336,0,0.3595644861467646,0.11606597434331094,1.0,0.6992364936696627,0.30076350633033727
9336,YJR084W YLR029C,0.0,NA,0.0003086507203988731,2850,21704,9337,0,0.35959399250538493,0.1160707013113953,1.0,0.6992042782126865,0.30079572178731356
9337,YAR042W YNL326C,0.0,NA,0.00030881701968610287,2850,21703,9338,0,0.3596234988640052,0.11607542866452164,1.0,0.6991720627557102,0.3008279372442898
9338,YER102W YLR068W,0.0,NA,0.0003089212696067989,2850,21702,9339,0,0.3596530052226255,0.11608015640273704,1.0,0.6991398472987339,0.3008601527012661
9339,YBL047C YOL010W,0.0,NA,0.00030892243376001716,2850,21701,9340,0,0.35968251158124576,0.11608488452608855,1.0,0.6991076318417577,0.30089236815824233
9340,YLR361C YDL170W,0.0,NA,0.00030937869451008737,2850,21700,9341,0,0.35971201793986607,0.11608961303462322,1.0,0.6990754163847814,0.30092458361521857
9341,YLR160C YPL119C,0.0,NA,0.00031025061616674066,2850,21699,9342,0,0.3597415242984863,0.11609434192838812,1.0,0.6990432009278051,0.30095679907219486
9342,YOL144W YKL060C,0.0,NA,0.000310434348648414,2850,21698,9343,0,0.3597710306571066,0.11609907120743033,1.0,0.6990109854708288,0.3009890145291711
9343,YIL128W YPL143W,0.0,NA,0.00031059570028446615,2850,21697,9344,0,0.3598005370157269,0.11610380087179696,1.0,0.6989787700138527,0.30102122998614733
9344,YDR436W YGL244W,0.0,NA,0.0003107731172349304,2850,21696,9345,0,0.35983004337434715,0.11610853092153507,1.0,0.6989465545568764,0.3010534454431236
9345,YPL144W YPR079W,0.0,NA,0.00031090647098608315,2850,21695,9346,0,0.35985954973296747,0.1161132613566918,1.0,0.6989143390999001,0.30108566090009986
9346,YER114C YHR062C,0.0,NA,0.0003109210229013115,2850,21694,9347,0,0.3598890560915877,0.11611799217731421,1.0,0.6988821236429239,0.3011178763570761
9347,YMR283C YDR213W,0.0,NA,0.0003109823737759143,2850,21693,9348,0,0.35991856245020803,0.11612272338344945,1.0,0.6988499081859476,0.3011500918140524
9348,YDL210W YDR346C,0.0,NA,0.0003113282728008926,2850,21692,9349,0,0.3599480688088283,0.11612745497514465,1.0,0.6988176927289713,0.3011823072710286
9349,YGR124W YGL172W,0.0,NA,0.000311378127662465,2850,21691,9350,0,0.3599775751674486,0.11613218695244693,1.0,0.6987854772719951,0.3012145227280049
9350,YDR302W YHL022C,0.0,NA,0.0003114939318038523,2850,21690,9351,0,0.36000708152606886,0.11613691931540342,1.0,0.6987532618150188,0.30124673818498116
9351,YER144C YIL167W,0.0,NA,0.0003118769673164934,2850,21689,9352,0,0.3600365878846892,0.1161416520640613,1.0,0.6987210463580426,0.3012789536419574
9352,YOL051W YAR007C,0.0,NA,0.0003119691682513803,2850,21688,9353,0,0.36006609424330943,0.11614638519846768,1.0,0.6986888309010664,0.3013111690989337
9353,YNL062C YPL163C,0.0,NA,0.0003121979534626007,2850,21687,9354,0,0.3600956006019297,0.11615111871866976,1.0,0.6986566154440901,0.3013433845559099
9354,YPL065W YGR134W,0.0,NA,0.00031225482234731317,2850,21686,9355,0,0.36012510696055,0.1161558526247147,1.0,0.6986243999871138,0.30137560001288616
9355,YIL040W YDR329C,0.0,NA,0.0003123801725450903,2850,21685,9356,0,0.36015461331917026,0.11616058691664968,1.0,0.6985921845301376,0.30140781546986245
9356,YLR299W YOR341W,0.0,NA,0.0003124033974017948,2850,21684,9357,0,0.36018411967779057,0.11616532159452189,1.0,0.6985599690731613,0.3014400309268387
9357,YOR247W YOR371C,0.0,NA,0.00031245581340044737,2850,21683,9358,0,0.36021362603641083,0.11617005665837851,1.0,0.698527753616185,0.301472246383815
9358,YOL078W YDR279W,0.0,NA,0.00031254906207323074,2850,21682,9359,0,0.36024313239503114,0.11617479210826676,1.0,0.6984955381592088,0.3015044618407912
9359,YKR069W YLR192C,0.0,NA,0.00031312828650698066,2850,21681,9360,0,0.3602726387536514,0.11617952794423382,1.0,0.6984633227022325,0.30153667729776745
9360,YHR043C YKL172W,0.0,NA,0.00031329639023169875,2850,21680,9361,0,0.3603021451122717,0.11618426416632695,1.0,0.6984311072452563,0.30156889275474374
9361,YAL059W YDR143C,0.0,NA,0.0003135142324026674,2850,21679,9362,0,0.36033165147089197,0.11618900077459333,1.0,0.69839889178828,0.30160110821172
9362,YGL091C YLR373C,0.0,NA,0.0003136074810754508,2850,21678,9363,0,0.3603611578295123,0.11619373776908024,1.0,0.6983666763313038,0.3016333236686962
9363,YDR263C YNR067C,0.0,NA,0.00031368641066364944,2850,21677,9364,0,0.36039066418813254,0.11619847514983488,1.0,0.6983344608743275,0.3016655391256725
9364,YMR182C YKL210W,0.0,NA,0.0003137943858746439,2850,21676,9365,0,0.36042017054675285,0.11620321291690451,1.0,0.6983022454173512,0.30169775458264875
9365,YLR417W YNR026C,0.0,NA,0.000313841097522527,2850,21675,9366,0,0.3604496769053731,0.1162079510703364,1.0,0.698270029960375,0.30172997003962504
9366,YKL135C YNL219C,0.0,NA,0.0003138925530947745,2850,21674,9367,0,0.36047918326399336,0.11621268961017779,1.0,0.6982378145033987,0.3017621854966013
9367,YJR136C YIR041W,0.0,NA,0.00031394671532325447,2850,21673,9368,0,0.3605086896226137,0.11621742853647596,1.0,0.6982055990464224,0.3017944009535775
9368,YKL004W YMR238W,0.0,NA,0.0003141476190648973,2850,21672,9369,0,0.36053819598123393,0.1162221678492782,1.0,0.6981733835894463,0.3018266164105538
9369,YHR010W YDR113C,0.0,NA,0.00031420093728229403,2850,21671,9370,0,0.36056770233985425,0.11622690754863178,1.0,0.69814116813247,0.30185883186753004
9370,YEL034W YDR147W,0.0,NA,0.0003142225032206625,2850,21670,9371,0,0.3605972086984745,0.11623164763458402,1.0,0.6981089526754937,0.3018910473245063
9371,YPL020C YHR101C,0.0,NA,0.0003144541697110981,2850,21669,9372,0,0.3606267150570948,0.11623638810718219,1.0,0.6980767372185175,0.30192326278148257
9372,YML116W YOL103W,0.0,NA,0.00031453659175895154,2850,21668,9373,0,0.3606562214157151,0.11624112896647361,1.0,0.6980445217615412,0.3019554782384588
9373,YLR128W YPL252C,0.0,NA,0.00031473039416596293,2850,21667,9374,0,0.3606857277743354,0.11624587021250561,1.0,0.6980123063045649,0.30198769369543504
9374,YGR091W YFR019W,0.0,NA,0.00031514561851508915,2850,21666,9375,0,0.36071523413295564,0.11625061184532551,1.0,0.6979800908475887,0.30201990915241134
9375,YBR210W YOR090C,0.0,NA,0.0003155662561766803,2850,21665,9376,0,0.36074474049157595,0.11625535386498062,1.0,0.6979478753906124,0.3020521246093876
9376,YIR034C YIL073C,0.0,NA,0.0003160076157655567,2850,21664,9377,0,0.3607742468501962,0.11626009627151832,1.0,0.6979156599336361,0.30208434006636387
9377,YJL139C YOR279C,0.0,NA,0.0003166937385685742,2850,21663,9378,0,0.3608037532088165,0.11626483906498593,1.0,0.69788344447666,0.3021165555233401
9378,YPL242C YLL004W,0.0,NA,0.0003170925483573228,2850,21662,9379,0,0.3608332595674368,0.11626958224543081,1.0,0.6978512290196837,0.30214877098031634
9379,YGL103W YBL058W,0.0,NA,0.00031736353412270546,2850,21661,9380,0,0.36086276592605704,0.11627432581290033,1.0,0.6978190135627074,0.30218098643729263
9380,YAL040C YKL214C,0.0,NA,0.00031749726622365415,2850,21660,9381,0,0.36089227228467735,0.11627906976744186,1.0,0.6977867981057311,0.30221320189426887
9381,YLR176C YGL006W,0.0,NA,0.0003176516911480576,2850,21659,9382,0,0.3609217786432976,0.11628381410910278,1.0,0.6977545826487549,0.3022454173512451
9382,YMR165C YMR310C,0.0,NA,0.0003177340840920806,2850,21658,9383,0,0.3609512850019179,0.11628855883793048,1.0,0.6977223671917786,0.3022776328082214
9383,YLL060C YMR079W,0.0,NA,0.0003180911298841238,2850,21657,9384,0,0.3609807913605382,0.11629330395397233,1.0,0.6976901517348023,0.30230984826519763
9384,YDR143C YAR002C-A,0.0,NA,0.0003181329811923206,2850,21656,9385,0,0.3610102977191585,0.11629804945727577,1.0,0.6976579362778261,0.3023420637221739
9385,YGR060W YDR350C,0.0,NA,0.0003183814696967602,2850,21655,9386,0,0.36103980407777875,0.11630279534788819,1.0,0.6976257208208498,0.30237427917915016
9386,YGL067W YGR024C,0.0,NA,0.0003184151719324291,2850,21654,9387,0,0.36106931043639906,0.116307541625857,1.0,0.6975935053638735,0.3024064946361264
9387,YKL043W YPL274W,0.0,NA,0.0003185876412317157,2850,21653,9388,0,0.3610988167950193,0.11631228829122965,1.0,0.6975612899068974,0.3024387100931027
9388,YLR066W YJL214W,0.0,NA,0.00031904721981845796,2850,21652,9389,0,0.36112832315363963,0.11631703534405355,1.0,0.6975290744499211,0.30247092555007893
9389,YNR052C YLR384C,0.0,NA,0.0003192644799128175,2850,21651,9390,0,0.3611578295122599,0.11632178278437615,1.0,0.6974968589929448,0.30250314100705517
9390,YLR051C YOL093W,0.0,NA,0.0003195229801349342,2850,21650,9391,0,0.3611873358708802,0.11632653061224489,1.0,0.6974646435359686,0.30253535646403146
9391,YDR206W YNR057C,0.0,NA,0.0003197850601281971,2850,21649,9392,0,0.36121684222950046,0.11633127882770726,1.0,0.6974324280789923,0.3025675719210077
9392,YBR069C YNL301C,0.0,NA,0.00031992746517062187,2850,21648,9393,0,0.3612463485881207,0.11633602743081067,1.0,0.697400212622016,0.30259978737798393
9393,YLL022C YAR014C,0.0,NA,0.00032020086655393243,2850,21647,9394,0,0.361275854946741,0.11634077642160265,1.0,0.6973679971650398,0.3026320028349602
9394,YBR114W YJL088W,0.0,NA,0.0003206557303201407,2850,21646,9395,0,0.3613053613053613,0.11634552580013063,1.0,0.6973357817080635,0.30266421829193646
9395,YGR184C YDR362C,0.0,NA,0.00032116667716763914,2850,21645,9396,0,0.3613348676639816,0.11635027556644213,1.0,0.6973035662510872,0.30269643374891275
9396,YPR043W YDL159W,0.0,NA,0.00032134706270880997,2850,21644,9397,0,0.36136437402260185,0.11635502572058463,1.0,0.6972713507941111,0.302728649205889
9397,YKL068W YPR046W,0.0,NA,0.00032247399212792516,2850,21643,9398,0,0.36139388038122217,0.11635977626260564,1.0,0.6972391353371348,0.3027608646628652
9398,YJL156C YPR060C,0.0,NA,0.0003227182023692876,2850,21642,9399,0,0.3614233867398424,0.11636452719255266,1.0,0.6972069198801585,0.3027930801198415
9399,YDL087C YOR363C,0.0,NA,0.00032287946669384837,2850,21641,9400,0,0.36145289309846274,0.11636927851047324,1.0,0.6971747044231822,0.30282529557681775
9400,YBR088C YAL001C,0.0,NA,0.0003229481226298958,2850,21640,9401,0,0.361482399457083,0.11637403021641486,1.0,0.697142488966206,0.302857511033794
9401,YMR173W YHR150W,0.0,NA,0.0003232003655284643,2850,21639,9402,0,0.3615119058157033,0.11637878231042509,1.0,0.6971102735092297,0.3028897264907703
9402,YLL036C YFR004W,0.0,NA,0.0003232693998143077,2850,21638,9403,0,0.36154141217432356,0.11638353479255145,1.0,0.6970780580522534,0.3029219419477465
9403,YPL092W YBL034C,0.0,NA,0.0003239512152504176,2850,21637,9404,0,0.3615709185329439,0.11638828766284151,1.0,0.6970458425952772,0.3029541574047228
9404,YMR053C YKR080W,0.0,NA,0.00032415203168056905,2850,21636,9405,0,0.36160042489156413,0.11639304092134281,1.0,0.697013627138301,0.30298637286169905
9405,YDL160C YGR049W,0.0,NA,0.00032419312628917396,2850,21635,9406,0,0.3616299312501844,0.11639779456810292,1.0,0.6969814116813247,0.3030185883186753
9406,YMR139W YMR231W,0.0,NA,0.000324671040289104,2850,21634,9407,0,0.3616594376088047,0.11640254860316941,1.0,0.6969491962243485,0.3030508037756516
9407,YGL087C YNL301C,0.0,NA,0.0003249137953389436,2850,21633,9408,0,0.36168894396742496,0.11640730302658987,1.0,0.6969169807673722,0.3030830192326278
9408,YDR421W YLR459W,0.0,NA,0.0003255891497246921,2850,21632,9409,0,0.36171845032604527,0.1164120578384119,1.0,0.6968847653103959,0.30311523468960405
9409,YMR083W YER104W,0.0,NA,0.00032567171729169786,2850,21631,9410,0,0.36174795668466553,0.11641681303868306,1.0,0.6968525498534197,0.30314745014658034
9410,YNL251C YPR051W,0.0,NA,0.00032598079997114837,2850,21630,9411,0,0.36177746304328584,0.11642156862745098,1.0,0.6968203343964434,0.3031796656035566
9411,YMR032W YHR062C,0.0,NA,0.00032647280022501945,2850,21629,9412,0,0.3618069694019061,0.11642632460476326,1.0,0.6967881189394671,0.3032118810605328
9412,YER151C YDL101C,0.0,NA,0.0003272269095759839,2850,21628,9413,0,0.3618364757605264,0.11643108097066754,1.0,0.696755903482491,0.3032440965175091
9413,YGR118W YBR018C,0.0,NA,0.00032725839992053807,2850,21627,9414,0,0.36186598211914667,0.11643583772521142,1.0,0.6967236880255147,0.30327631197448535
9414,YPL038W YBR067C,0.0,NA,0.0003277083160355687,2850,21626,9415,0,0.361895488477767,0.11644059486844256,1.0,0.6966914725685384,0.30330852743146164
9415,YER083C YGR024C,0.0,NA,0.00032797708990983665,2850,21625,9416,0,0.36192499483638724,0.11644535240040858,1.0,0.6966592571115622,0.3033407428884379
9416,YGR276C YDL093W,0.0,NA,0.0003295464557595551,2850,21624,9417,0,0.36195450119500755,0.11645011032115715,1.0,0.6966270416545859,0.3033729583454141
9417,YGR208W YOR383C,0.0,NA,0.0003298601368442178,2850,21623,9418,0,0.3619840075536278,0.11645486863073591,1.0,0.6965948261976096,0.3034051738023904
9418,YDR181C YDR522C,0.0,NA,0.00033089195494540036,2850,21622,9419,0,0.36201351391224806,0.11645962732919254,1.0,0.6965626107406333,0.30343738925936664
9419,YNL132W YKL165C,0.0,NA,0.00033097495906986296,2850,21621,9420,0,0.3620430202708684,0.11646438641657472,1.0,0.6965303952836571,0.3034696047163429
9420,YBL004W YJL166W,0.0,NA,0.00033163477201014757,2850,21620,9421,0,0.36207252662948863,0.11646914589293011,1.0,0.6964981798266808,0.30350182017331917
9421,YAL033W YBR162W-A,0.0,NA,0.0003316562797408551,2850,21619,9422,0,0.36210203298810895,0.11647390575830643,1.0,0.6964659643697045,0.3035340356302954
9422,YER087C-B YMR271C,0.0,NA,0.00033178558805957437,2850,21618,9423,0,0.3621315393467292,0.11647866601275135,1.0,0.6964337489127284,0.3035662510872717
9423,YBL027W YDR481C,0.0,NA,0.0003320200485177338,2850,21617,9424,0,0.3621610457053495,0.11648342665631259,1.0,0.6964015334557521,0.30359846654424794
9424,YLR363C YIL053W,0.0,NA,0.0003321543044876307,2850,21616,9425,0,0.3621905520639698,0.11648818768903785,1.0,0.6963693179987758,0.3036306820012242
9425,YBL024W YDL076C,0.0,NA,0.000332260417053476,2850,21615,9426,0,0.3622200584225901,0.11649294911097487,1.0,0.6963371025417996,0.30366289745820046
9426,YDR312W YJL010C,0.0,NA,0.0003323532291688025,2850,21614,9427,0,0.36224956478121034,0.11649771092217136,1.0,0.6963048870848233,0.3036951129151767
9427,YHR037W YBR236C,0.0,NA,0.0003325602156110108,2850,21613,9428,0,0.36227907113983066,0.11650247312267506,1.0,0.696272671627847,0.30372732837215294
9428,YAL043C YNL222W,0.0,NA,0.00033291292493231595,2850,21612,9429,0,0.3623085774984509,0.11650723571253373,1.0,0.6962404561708708,0.30375954382912923
9429,YPL212C YLR238W,0.0,NA,0.00033300372888334095,2850,21611,9430,0,0.3623380838570712,0.1165119986917951,1.0,0.6962082407138945,0.30379175928610547
9430,ALD1 YLR367W,0.0,NA,0.0003340332768857479,2850,21610,9431,0,0.3623675902156915,0.11651676206050696,1.0,0.6961760252569182,0.3038239747430817
9431,YMR292W YGR179C,0.0,NA,0.0003341606934554875,2850,21609,9432,0,0.36239709657431174,0.11652152581871704,1.0,0.6961438097999421,0.303856190200058
9432,YEL064C YNL259C,0.0,NA,0.0003341880801599473,2850,21608,9433,0,0.36242660293293205,0.11652628996647314,1.0,0.6961115943429658,0.30388840565703423
9433,YPR143W YOR293W,0.0,NA,0.0003343499847687781,2850,21607,9434,0,0.3624561092915523,0.11653105450382303,1.0,0.6960793788859895,0.3039206211140105
9434,YKL006C-A YOR275C,0.0,NA,0.00033569015795364976,2850,21606,9435,0,0.3624856156501726,0.11653581943081452,1.0,0.6960471634290133,0.30395283657098676
9435,YOR065W YGL017W,0.0,NA,0.00033583163167349994,2850,21605,9436,0,0.3625151220087929,0.1165405847474954,1.0,0.696014947972037,0.303985052027963
9436,YGR098C YMR009W,0.0,NA,0.0003358532558195293,2850,21604,9437,0,0.3625446283674132,0.11654535045391347,1.0,0.6959827325150607,0.3040172674849393
9437,YPR144C YHR152W,0.0,NA,0.0003359094262123108,2850,21603,9438,0,0.36257413472603345,0.11655011655011654,1.0,0.6959505170580844,0.3040494829419155
9438,YEL055C YMR106C,0.0,NA,0.0003359094262123108,2850,21602,9439,0,0.36260364108465376,0.11655488303615247,1.0,0.6959183016011082,0.30408169839889176
9439,YDR416W YGR158C,0.0,NA,0.00033634493593126535,2850,21601,9440,0,0.362633147443274,0.11655964991206903,1.0,0.6958860861441319,0.30411391385586806
9440,YGL113W YEL036C,0.0,NA,0.0003365750890225172,2850,21600,9441,0,0.36266265380189433,0.1165644171779141,1.0,0.6958538706871557,0.3041461293128443
9441,YHR143W YDL054C,0.0,NA,0.0003376827808097005,2850,21599,9442,0,0.3626921601605146,0.11656918483373553,1.0,0.6958216552301795,0.3041783447698206
9442,YGR217W YIL045W,0.0,NA,0.000338607031153515,2850,21598,9443,0,0.3627216665191349,0.11657395287958115,1.0,0.6957894397732032,0.3042105602267968
9443,YOR090C YKL035W,0.0,NA,0.0003388369514141232,2850,21597,9444,0,0.36275117287775516,0.11657872131549883,1.0,0.6957572243162269,0.30424277568377306
9444,YMR037C YPL101W,0.0,NA,0.00033895164960995317,2850,21596,9445,0,0.3627806792363754,0.11658349014153645,1.0,0.6957250088592507,0.30427499114074935
9445,YGL246C YGR104C,0.0,NA,0.0003392634680494666,2850,21595,9446,0,0.3628101855949957,0.11658825935774186,1.0,0.6956927934022744,0.3043072065977256
9446,YGR188C YJR073C,0.0,NA,0.0003392634680494666,2850,21594,9447,0,0.362839691953616,0.11659302896416299,1.0,0.6956605779452981,0.3043394220547018
9447,YPL096C-A YMR092C,0.0,NA,0.0003393538936506957,2850,21593,9448,0,0.3628691983122363,0.11659779896084768,1.0,0.6956283624883219,0.3043716375116781
9448,YKL122C YGL197W,0.0,NA,0.0003403123700991273,2850,21592,9449,0,0.36289870467085655,0.11660256934784388,1.0,0.6955961470313456,0.30440385296865435
9449,YDL019C YDL220C,0.0,NA,0.0003403894370421767,2850,21591,9450,0,0.36292821102947687,0.11660734012519947,1.0,0.6955639315743694,0.3044360684256306
9450,YML014W YPL115C,0.0,NA,0.00034065661020576954,2850,21590,9451,0,0.3629577173880971,0.11661211129296235,1.0,0.6955317161173932,0.3044682838826069
9451,YML011C YLR212C,0.0,NA,0.00034088498796336353,2850,21589,9452,0,0.36298722374671744,0.11661688285118049,1.0,0.6954995006604169,0.3045004993395831
9452,YLR220W YIL116W,0.0,NA,0.00034091033739969134,2850,21588,9453,0,0.3630167301053377,0.11662165479990179,1.0,0.6954672852034406,0.3045327147965594
9453,YHR072W YML026C,0.0,NA,0.0003412924415897578,2850,21587,9454,0,0.363046236463958,0.1166264271391742,1.0,0.6954350697464644,0.30456493025353565
9454,YGR135W YGR184C,0.0,NA,0.0003417448606342077,2850,21586,9455,0,0.36307574282257826,0.11663119986904567,1.0,0.6954028542894881,0.3045971457105119
9455,YNL030W YKR059W,0.0,NA,0.0003421202127356082,2850,21585,9456,0,0.3631052491811986,0.11663597298956414,1.0,0.6953706388325118,0.3046293611674882
9456,YMR232W YBR042C,0.0,NA,0.0003421334258746356,2850,21584,9457,0,0.36313475553981883,0.1166407465007776,1.0,0.6953384233755355,0.3046615766244644
9457,YLR134W YDR362C,0.0,NA,0.00034228822914883494,2850,21583,9458,0,0.3631642618984391,0.116645520402734,1.0,0.6953062079185593,0.30469379208144065
9458,YGL212W YJL187C,0.0,NA,0.000342477549565956,2850,21582,9459,0,0.3631937682570594,0.11665029469548134,1.0,0.6952739924615831,0.30472600753841694
9459,YDL045C YDL081C,0.0,NA,0.00034252097248099744,2850,21581,9460,0,0.36322327461567966,0.11665506937906758,1.0,0.6952417770046068,0.3047582229953932
9460,YPL079W YDL003W,0.0,NA,0.00034316175151616335,2850,21580,9461,0,0.36325278097429997,0.11665984445354073,1.0,0.6952095615476306,0.30479043845236947
9461,YMR004W YOR117W,0.0,NA,0.00034405456972308457,2850,21579,9462,0,0.36328228733292023,0.11666461991894879,1.0,0.6951773460906543,0.3048226539093457
9462,YOR360C YOR272W,0.0,NA,0.00034413524554111063,2850,21578,9463,0,0.36331179369154054,0.11666939577533977,1.0,0.695145130633678,0.30485486936632195
9463,YEL055C YDR007W,0.0,NA,0.0003444106550887227,2850,21577,9464,0,0.3633413000501608,0.1166741720227617,1.0,0.6951129151767018,0.30488708482329824
9464,YDR515W YDL188C,0.0,NA,0.0003451118536759168,2850,21576,9465,0,0.3633708064087811,0.11667894866126259,1.0,0.6950806997197255,0.3049193002802745
9465,YPR192W YLR109W,0.0,NA,0.00034611631417647004,2850,21575,9466,0,0.36340031276740137,0.11668372569089049,1.0,0.6950484842627492,0.3049515157372507
9466,YPR042C YMR032W,0.0,NA,0.000346391781931743,2850,21574,9467,0,0.3634298191260217,0.11668850311169342,1.0,0.695016268805773,0.304983731194227
9467,YML021C YGL238W,0.0,NA,0.00034649152075871825,2850,21573,9468,0,0.36345932548464194,0.11669328092371944,1.0,0.6949840533487968,0.30501594665120324
9468,YDR057W YGL205W,0.0,NA,0.00034678628435358405,2850,21572,9469,0,0.36348883184326225,0.11669805912701663,1.0,0.6949518378918205,0.3050481621081795
9469,YPR032W YJR089W,0.0,NA,0.0003474632103461772,2850,21571,9470,0,0.3635183382018825,0.11670283772163302,1.0,0.6949196224348443,0.30508037756515577
9470,YPR176C YPL148C,0.0,NA,0.0003478856524452567,2850,21570,9471,0,0.36354784456050276,0.1167076167076167,1.0,0.694887406977868,0.305112593022132
9471,YLR380W Q0045,0.0,NA,0.00034893458359874785,2850,21569,9472,0,0.3635773509191231,0.11671239608501577,1.0,0.6948551915208917,0.3051448084791083
9472,YOR068C YGL223C,0.0,NA,0.00034903123741969466,2850,21568,9473,0,0.36360685727774333,0.11671717585387828,1.0,0.6948229760639155,0.30517702393608453
9473,YNL042W YNL084C,0.0,NA,0.0003490461967885494,2850,21567,9474,0,0.36363636363636365,0.11672195601425236,1.0,0.6947907606069392,0.30520923939306077
9474,YDR184C YCR024C,0.0,NA,0.00034905518987216055,2850,21566,9475,0,0.3636658699949839,0.11672673656618611,1.0,0.6947585451499629,0.30524145485003706
9475,YOR047C YBL069W,0.0,NA,0.00034941427293233573,2850,21565,9476,0,0.3636953763536042,0.11673151750972763,1.0,0.6947263296929866,0.3052736703070133
9476,YLR359W YNL141W,0.0,NA,0.00034955536830239,2850,21564,9477,0,0.3637248827122245,0.11673629884492505,1.0,0.6946941142360105,0.30530588576398954
9477,YAL024C YHL038C,0.0,NA,0.00035006244434043765,2850,21563,9478,0,0.3637543890708448,0.11674108057182649,1.0,0.6946618987790342,0.30533810122096583
9478,YLR333C YMR189W,0.0,NA,0.0003500903258100152,2850,21562,9479,0,0.36378389542946504,0.1167458626904801,1.0,0.6946296833220579,0.30537031667794207
9479,YOR193W YHL002W,0.0,NA,0.0003504783380776644,2850,21561,9480,0,0.36381340178808536,0.116750645200934,1.0,0.6945974678650817,0.30540253213491836
9480,YGR175C YJR033C,0.0,NA,0.00035057426430284977,2850,21560,9481,0,0.3638429081467056,0.11675542810323637,1.0,0.6945652524081054,0.3054347475918946
9481,YCR009C YNL231C,0.0,NA,0.0003506730427034199,2850,21559,9482,0,0.3638724145053259,0.11676021139743538,1.0,0.6945330369511291,0.30546696304887083
9482,YLR056W YBR254C,0.0,NA,0.0003507383808027953,2850,21558,9483,0,0.3639019208639462,0.11676499508357915,1.0,0.6945008214941529,0.3054991785058471
9483,YMR301C YML055W,0.0,NA,0.0003511512477416545,2850,21557,9484,0,0.36393142722256644,0.1167697791617159,1.0,0.6944686060371766,0.30553139396282336
9484,YPR173C YOR196C,0.0,NA,0.00035187508910894394,2850,21556,9485,0,0.36396093358118675,0.1167745636318938,1.0,0.6944363905802003,0.3055636094197996
9485,YIL009W YDL022W,0.0,NA,0.0003521593171171844,2850,21555,9486,0,0.363990439939807,0.11677934849416104,1.0,0.6944041751232242,0.3055958248767759
9486,YOR255W YOR346W,0.0,NA,0.00035267084604129195,2850,21554,9487,0,0.3640199462984273,0.1167841337485658,1.0,0.6943719596662479,0.3056280403337521
9487,YAL012W YFR033C,0.0,NA,0.0003527076623868197,2850,21553,9488,0,0.3640494526570476,0.11678891939515633,1.0,0.6943397442092716,0.3056602557907284
9488,YLR376C YDR293C,0.0,NA,0.00035273557296022773,2850,21552,9489,0,0.3640789590156679,0.11679370543398082,1.0,0.6943075287522954,0.30569247124770466
9489,YLR080W YDR224C,0.0,NA,0.0003529259411152452,2850,21551,9490,0,0.36410846537428815,0.11679849186508749,1.0,0.6942753132953191,0.3057246867046809
9490,YBR029C YFR046C,0.0,NA,0.00035358587047085166,2850,21550,9491,0,0.36413797173290846,0.1168032786885246,1.0,0.6942430978383428,0.3057569021616572
9491,YBL079W YDR481C,0.0,NA,0.0003536507429089397,2850,21549,9492,0,0.3641674780915287,0.11680806590434034,1.0,0.6942108823813666,0.3057891176186334
9492,YNL302C YNL041C,0.0,NA,0.00035437350743450224,2850,21548,9493,0,0.36419698445014903,0.116812853512583,1.0,0.6941786669243903,0.30582133307560966
9493,YFL034C-B YBR019C,0.0,NA,0.0003544530482031405,2850,21547,9494,0,0.3642264908087693,0.11681764151330082,1.0,0.694146451467414,0.30585354853258595
9494,YDR122W YML041C,0.0,NA,0.0003545068029779941,2850,21546,9495,0,0.36425599716738954,0.11682242990654206,1.0,0.6941142360104378,0.3058857639895622
9495,YLR333C YNL233W,0.0,NA,0.00035454059252515435,2850,21545,9496,0,0.36428550352600986,0.11682721869235499,1.0,0.6940820205534616,0.3059179794465384
9496,YDR402C YMR271C,0.0,NA,0.0003546372754499316,2850,21544,9497,0,0.3643150098846301,0.1168320078707879,1.0,0.6940498050964853,0.3059501949035147
9497,YGR282C YFR030W,0.0,NA,0.00035471233422867954,2850,21543,9498,0,0.3643445162432504,0.11683679744188907,1.0,0.694017589639509,0.30598241036049095
9498,YML125C YLR442C,0.0,NA,0.00035499330260790884,2850,21542,9499,0,0.3643740226018707,0.11684158740570678,1.0,0.6939853741825328,0.30601462581746725
9499,YBR213W YGL147C,0.0,NA,0.000355005991877988,2850,21541,9500,0,0.364403528960491,0.11684637776228937,1.0,0.6939531587255565,0.3060468412744435
9500,YJR041C YKL101W,0.0,NA,0.0003551258414518088,2850,21540,9501,0,0.36443303531911125,0.11685116851168512,1.0,0.6939209432685802,0.3060790567314197
9501,YGR296W YER023W,0.0,NA,0.0003551757545210421,2850,21539,9502,0,0.36446254167773157,0.11685595965394235,1.0,0.693888727811604,0.306111272188396
9502,YBR217W YMR108W,0.0,NA,0.0003552399284671992,2850,21538,9503,0,0.3644920480363518,0.1168607511891094,1.0,0.6938565123546278,0.30614348764537225
9503,YIL112W YMR274C,0.0,NA,0.0003553240967448801,2850,21537,9504,0,0.36452155439497214,0.11686554311723459,1.0,0.6938242968976515,0.3061757031023485
9504,YLR332W YCR028C,0.0,NA,0.00035536321229301393,2850,21536,9505,0,0.3645510607535924,0.11687033543836628,1.0,0.6937920814406753,0.3062079185593248
9505,YJR140C YNL316C,0.0,NA,0.0003553718561306596,2850,21535,9506,0,0.3645805671122127,0.1168751281525528,1.0,0.693759865983699,0.306240134016301
9506,YDL145C YIL003W,0.0,NA,0.0003553845454007387,2850,21534,9507,0,0.36461007347083296,0.11687992125984252,1.0,0.6937276505267227,0.3062723494732773
9507,YLR206W YDL220C,0.0,NA,0.00035546880098991096,2850,21533,9508,0,0.3646395798294532,0.11688471476028381,1.0,0.6936954350697465,0.30630456493025354
9508,YDR052C YOR002W,0.0,NA,0.0003559321630746126,2850,21532,9509,0,0.36466908618807353,0.11688950865392503,1.0,0.6936632196127702,0.3063367803872298
9509,YGL100W YER044C,0.0,NA,0.0003564486396498978,2850,21531,9510,0,0.3646985925466938,0.11689430294081457,1.0,0.6936310041557939,0.30636899584420607
9510,YDL075W YBR069C,0.0,NA,0.00035653868690133095,2850,21530,9511,0,0.3647280989053141,0.11689909762100081,1.0,0.6935987886988177,0.3064012113011823
9511,YLL046C YOR226C,0.0,NA,0.0003571510605979711,2850,21529,9512,0,0.36475760526393436,0.11690389269453218,1.0,0.6935665732418415,0.30643342675815854
9512,YLR227C YGR123C,0.0,NA,0.0003573305148165673,2850,21528,9513,0,0.36478711162255467,0.11690868816145705,1.0,0.6935343577848652,0.30646564221513484
9513,YGL103W YDR055W,0.0,NA,0.0003573836584109813,2850,21527,9514,0,0.36481661798117493,0.11691348402182385,1.0,0.6935021423278889,0.3064978576721111
9514,YHR160C YAL041W,0.0,NA,0.00035755630233325064,2850,21526,9515,0,0.36484612433979524,0.11691828027568099,1.0,0.6934699268709127,0.3065300731290873
9515,YGL012W YFR004W,0.0,NA,0.000357602461008355,2850,21525,9516,0,0.3648756306984155,0.11692307692307692,1.0,0.6934377114139364,0.3065622885860636
9516,YCR044C YBR105C,0.0,NA,0.00035777740413323045,2850,21524,9517,0,0.3649051370570358,0.11692787396406007,1.0,0.6934054959569601,0.30659450404303984
9517,YDL005C YBR249C,0.0,NA,0.000357893732143566,2850,21523,9518,0,0.36493464341565607,0.11693267139867887,1.0,0.6933732804999839,0.30662671950001613
9518,YHR103W YLR318W,0.0,NA,0.00035810499684885144,2850,21522,9519,0,0.3649641497742764,0.11693746922698178,1.0,0.6933410650430076,0.30665893495699237
9519,YMR183C YGL043W,0.0,NA,0.0003581946366466582,2850,21521,9520,0,0.36499365613289664,0.11694226744901727,1.0,0.6933088495860313,0.3066911504139686
9520,YOR373W YER110C,0.0,NA,0.0003581964992918074,2850,21520,9521,0,0.3650231624915169,0.11694706606483381,1.0,0.6932766341290552,0.3067233658709449
9521,YKR095W-A YPL115C,0.0,NA,0.00035830886918120086,2850,21519,9522,0,0.3650526688501372,0.11695186507447987,1.0,0.6932444186720789,0.30675558132792113
9522,YCR057C YOR021C,0.0,NA,0.0003585077356547117,2850,21518,9523,0,0.36508217520875746,0.11695666447800394,1.0,0.6932122032151026,0.30678779678489737
9523,YLR385C YCR068W,0.0,NA,0.0003589992120396346,2850,21517,9524,0,0.3651116815673778,0.11696146427545451,1.0,0.6931799877581264,0.30682001224187366
9524,YDL049C YLR154C,0.0,NA,0.0003592564899008721,2850,21516,9525,0,0.36514118792599803,0.11696626446688008,1.0,0.6931477723011501,0.3068522276988499
9525,YJR066W YKL119C,0.0,NA,0.00035956467036157846,2850,21515,9526,0,0.36517069428461835,0.11697106505232915,1.0,0.6931155568441738,0.3068844431558262
9526,YOR208W YER089C,0.0,NA,0.0003600260242819786,2850,21514,9527,0,0.3652002006432386,0.11697586603185027,1.0,0.6930833413871976,0.30691665861280243
9527,YHR216W YDR312W,0.0,NA,0.00036030347109772265,2850,21513,9528,0,0.3652297070018589,0.11698066740549193,1.0,0.6930511259302213,0.30694887406977867
9528,YKR010C YKR024C,0.0,NA,0.0003608808037824929,2850,21512,9529,0,0.3652592133604792,0.11698546917330269,1.0,0.693018910473245,0.30698108952675496
9529,YPL146C YKR002W,0.0,NA,0.00036098642158322036,2850,21511,9530,0,0.3652887197190995,0.11699027133533106,1.0,0.6929866950162689,0.3070133049837312
9530,YDR028C YGL168W,0.0,NA,0.0003610079293139279,2850,21510,9531,0,0.36531822607771974,0.11699507389162561,1.0,0.6929544795592926,0.30704552044070743
9531,YPL151C YJL047C,0.0,NA,0.00036104785976931453,2850,21509,9532,0,0.36534773243634006,0.11699987684223491,1.0,0.6929222641023163,0.3070777358976837
9532,YER024W YOR304W,0.0,NA,0.0003611274005379528,2850,21508,9533,0,0.3653772387949603,0.11700468018720749,1.0,0.69289004864534,0.30710995135465996
9533,YLR214W YOR043W,0.0,NA,0.0003611418360378593,2850,21507,9534,0,0.36540674515358057,0.11700948392659194,1.0,0.6928578331883638,0.3071421668116362
9534,YOL135C YDR064W,0.0,NA,0.00036128010833635926,2850,21506,9535,0,0.3654362515122009,0.11701428806043686,1.0,0.6928256177313875,0.3071743822686125
9535,YDR288W YHR129C,0.0,NA,0.00036146253114566207,2850,21505,9536,0,0.36546575787082114,0.1170190925887908,1.0,0.6927934022744112,0.3072065977255887
9536,YML011C YGL087C,0.0,NA,0.0003615676541812718,2850,21504,9537,0,0.36549526422944145,0.11702389751170239,1.0,0.692761186817435,0.307238813182565
9537,YPL038W YFL034C-B,0.0,NA,0.00036180936149321496,2850,21503,9538,0,0.3655247705880617,0.11702870282922022,1.0,0.6927289713604587,0.30727102863954125
9538,YGR009C YMR184W,0.0,NA,0.0003620370989665389,2850,21502,9539,0,0.365554276946682,0.1170335085413929,1.0,0.6926967559034825,0.3073032440965175
9539,YKL122C YML099C,0.0,NA,0.00036316257319413126,2850,21501,9540,0,0.3655837833053023,0.11703831464826907,1.0,0.6926645404465063,0.3073354595534938
9540,YGL150C YCR037C,0.0,NA,0.0003633547748904675,2850,21500,9541,0,0.3656132896639226,0.11704312114989733,1.0,0.69263232498953,0.30736767501047
9541,YPL092W YER151C,0.0,NA,0.00036344557884149253,2850,21499,9542,0,0.36564279602254285,0.11704792804632634,1.0,0.6926001095325537,0.30739989046744626
9542,YGL058W YFR004W,0.0,NA,0.0003634514578152448,2850,21498,9543,0,0.36567230238116316,0.11705273533760473,1.0,0.6925678940755775,0.30743210592442255
9543,YCL037C YKR102W,0.0,NA,0.0003636597248259932,2850,21497,9544,0,0.3657018087397834,0.11705754302378116,1.0,0.6925356786186012,0.3074643213813988
9544,YLL048C YFL034C-A,0.0,NA,0.0003643978852778673,2850,21496,9545,0,0.36573131509840373,0.1170623511049043,1.0,0.6925034631616249,0.3074965368383751
9545,YER012W YOR254C,0.0,NA,0.00036489535705186427,2850,21495,9546,0,0.365760821457024,0.1170671595810228,1.0,0.6924712477046487,0.3075287522953513
9546,YGL076C YBL063W,0.0,NA,0.0003651674778666347,2850,21494,9547,0,0.36579032781564425,0.11707196845218534,1.0,0.6924390322476724,0.30756096775232755
9547,YER183C YOR229W,0.0,NA,0.00036572630051523447,2850,21493,9548,0,0.36581983417426456,0.11707677771844062,1.0,0.6924068167906962,0.30759318320930384
9548,YMR307W YBR132C,0.0,NA,0.0003659737703856081,2850,21492,9549,0,0.3658493405328848,0.11708158737983732,1.0,0.6923746013337199,0.3076253986662801
9549,YDR238C YDR252W,0.0,NA,0.0003664347459562123,2850,21491,9550,0,0.3658788468915051,0.11708639743642414,1.0,0.6923423858767437,0.3076576141232563
9550,YGL104C YPR065W,0.0,NA,0.00036655913572758436,2850,21490,9551,0,0.3659083532501254,0.1170912078882498,1.0,0.6923101704197674,0.3076898295802326
9551,YPR118W YDL240W,0.0,NA,0.0003668443823698908,2850,21489,9552,0,0.3659378596087457,0.117096018735363,1.0,0.6922779549627911,0.30772204503720885
9552,YJL138C YBR086C,0.0,NA,0.00036718486808240414,2850,21488,9553,0,0.36596736596736595,0.11710082997781247,1.0,0.6922457395058149,0.3077542604941851
9553,YER164W YJR125C,0.0,NA,0.00036729039857164025,2850,21487,9554,0,0.36599687232598627,0.11710564161564696,1.0,0.6922135240488386,0.3077864759511614
9554,YLR284C YNL104C,0.0,NA,0.0003676594642456621,2850,21486,9555,0,0.3660263786846065,0.11711045364891519,1.0,0.6921813085918623,0.3078186914081376
9555,YPL045W YDR113C,0.0,NA,0.00036774325417354703,2850,21485,9556,0,0.36605588504322684,0.11711526607766591,1.0,0.6921490931348862,0.3078509068651139
9556,YER023W YBR065C,0.0,NA,0.0003677618224173784,2850,21484,9557,0,0.3660853914018471,0.1171200789019479,1.0,0.6921168776779099,0.30788312232209014
9557,YBR165W YPR017C,0.0,NA,0.00036801540409214795,2850,21483,9558,0,0.3661148977604674,0.11712489212180989,1.0,0.6920846622209336,0.3079153377790664
9558,YBR188C YOR212W,0.0,NA,0.000368273351341486,2850,21482,9559,0,0.36614440411908766,0.11712970573730068,1.0,0.6920524467639574,0.30794755323604267
9559,YDR478W YDR101C,0.0,NA,0.00036830862518399954,2850,21481,9560,0,0.3661739104777079,0.11713451974846903,1.0,0.6920202313069811,0.3079797686930189
9560,YDR459C YFR004W,0.0,NA,0.00036894611548632383,2850,21480,9561,0,0.36620341683632823,0.11713933415536375,1.0,0.6919880158500048,0.30801198414999514
9561,YIL053W YLR353W,0.0,NA,0.0003696304920595139,2850,21479,9562,0,0.3662329231949485,0.11714414895803363,1.0,0.6919558003930286,0.30804419960697144
9562,YDL216C YGR032W,0.0,NA,0.00036994056426919997,2850,21478,9563,0,0.3662624295535688,0.11714896415652745,1.0,0.6919235849360523,0.3080764150639477
9563,YDR390C YML099C,0.0,NA,0.0003700873057823628,2850,21477,9564,0,0.36629193591218906,0.11715377975089407,1.0,0.691891369479076,0.30810863052092397
9564,YDR190C YGL016W,0.0,NA,0.00037040881579741836,2850,21476,9565,0,0.36632144227080937,0.11715859574118227,1.0,0.6918591540220999,0.3081408459779002
9565,YKR099W YER167W,0.0,NA,0.00037065576179884374,2850,21475,9566,0,0.36635094862942963,0.1171634121274409,1.0,0.6918269385651236,0.30817306143487644
9566,YGL029W YJR019C,0.0,NA,0.0003711458120960742,2850,21474,9567,0,0.36638045498804994,0.1171682289097188,1.0,0.6917947231081473,0.30820527689185273
9567,YER104W YOL040C,0.0,NA,0.0003711741301231086,2850,21473,9568,0,0.3664099613466702,0.1171730460880648,1.0,0.691762507651171,0.30823749234882897
9568,YFL047W YNR058W,0.0,NA,0.0003720615932252258,2850,21472,9569,0,0.3664394677052905,0.11717786366252775,1.0,0.6917302921941948,0.3082697078058052
9569,YER007W YOR374W,0.0,NA,0.00037212506867945194,2850,21471,9570,0,0.36646897406391077,0.11718268163315654,1.0,0.6916980767372185,0.3083019232627815
9570,YPL027W YNL025C,0.0,NA,0.0003721674729604274,2850,21470,9571,0,0.3664984804225311,0.1171875,1.0,0.6916658612802422,0.30833413871975773
9571,YIL007C YER146W,0.0,NA,0.00037230175803415477,2850,21469,9572,0,0.36652798678115134,0.11719231876310704,1.0,0.691633645823266,0.30836635417673397
9572,YCR042C YEL057C,0.0,NA,0.00037264302955009043,2850,21468,9573,0,0.3665574931397716,0.11719713792252652,1.0,0.6916014303662897,0.30839856963371026
9573,YGL135W YNL189W,0.0,NA,0.0003738800878636539,2850,21467,9574,0,0.3665869994983919,0.11720195747830736,1.0,0.6915692149093134,0.3084307850906865
9574,YAR002W YLR024C,0.0,NA,0.00037445008638314903,2850,21466,9575,0,0.36661650585701216,0.11720677743049844,1.0,0.6915369994523373,0.3084630005476628
9575,YBR088C YJL222W,0.0,NA,0.00037479595630429685,2850,21465,9576,0,0.3666460122156325,0.11721159777914868,1.0,0.691504783995361,0.30849521600463903
9576,YJR066W YOR108W,0.0,NA,0.00037525163497775793,2850,21464,9577,0,0.36667551857425273,0.11721641852430699,1.0,0.6914725685383847,0.30852743146161526
9577,YER155C YML048W,0.0,NA,0.000375363597413525,2850,21463,9578,0,0.36670502493287305,0.1172212396660223,1.0,0.6914403530814085,0.30855964691859156
9578,YIL085C YDL239C,0.0,NA,0.00037546257954090834,2850,21462,9579,0,0.3667345312914933,0.11722606120434353,1.0,0.6914081376244322,0.3085918623755678
9579,YDL209C YNL329C,0.0,NA,0.0003755345242097974,2850,21461,9580,0,0.3667640376501136,0.11723088313931965,1.0,0.6913759221674559,0.30862407783254403
9580,YDR471W YGR061C,0.0,NA,0.00037590236752294004,2850,21460,9581,0,0.3667935440087339,0.11723570547099958,1.0,0.6913437067104797,0.3086562932895203
9581,YBR010W YIR033W,0.0,NA,0.0003759186656679958,2850,21459,9582,0,0.3668230503673542,0.11724052819943231,1.0,0.6913114912535034,0.30868850874649656
9582,YBL024W YNL015W,0.0,NA,0.00037630446604453027,2850,21458,9583,0,0.36685255672597444,0.11724535132466678,1.0,0.6912792757965271,0.30872072420347285
9583,YGL090W YER144C,0.0,NA,0.0003763848217204213,2850,21457,9584,0,0.36688206308459476,0.11725017484675196,1.0,0.691247060339551,0.3087529396604491
9584,YLR048W YLR191W,0.0,NA,0.0003764939319808036,2850,21456,9585,0,0.366911569443215,0.11725499876573686,1.0,0.6912148448825747,0.3087851551174253
9585,YGL051W YBL082C,0.0,NA,0.0003771847696043551,2850,21455,9586,0,0.36694107580183527,0.11725982308167043,1.0,0.6911826294255984,0.3088173705744016
9586,YNR041C YOL031C,0.0,NA,0.00037742595304735005,2850,21454,9587,0,0.3669705821604556,0.11726464779460172,1.0,0.6911504139686221,0.30884958603137785
9587,YJL085W YBR170C,0.0,NA,0.00037761544808745384,2850,21453,9588,0,0.36700008851907584,0.11726947290457967,1.0,0.6911181985116459,0.3088818014883541
9588,YDL126C YHL027W,0.0,NA,0.00037773637450300157,2850,21452,9589,0,0.36702959487769615,0.11727429841165336,1.0,0.6910859830546696,0.3089140169453304
9589,YGL014W YLR082C,0.0,NA,0.000377805030439049,2850,21451,9590,0,0.3670591012363164,0.11727912431587177,1.0,0.6910537675976933,0.3089462324023066
9590,YDR037W YOL020W,0.0,NA,0.00037783669540658593,2850,21450,9591,0,0.3670886075949367,0.11728395061728394,1.0,0.6910215521407171,0.30897844785928286
9591,YKL020C YML099C,0.0,NA,0.0003778682148549706,2850,21449,9592,0,0.367118113953557,0.11728877731593892,1.0,0.6909893366837409,0.30901066331625915
9592,YBR142W YKL025C,0.0,NA,0.0003780737752094865,2850,21448,9593,0,0.3671476203121773,0.11729360441188576,1.0,0.6909571212267646,0.3090428787732354
9593,YNR041C YOR353C,0.0,NA,0.00037817686097696424,2850,21447,9594,0,0.36717712667079755,0.11729843190517347,1.0,0.6909249057697884,0.3090750942302117
9594,YIL046W YCR048W,0.0,NA,0.00037858483847230673,2850,21446,9595,0,0.36720663302941786,0.11730325979585117,1.0,0.6908926903128121,0.3091073096871879
9595,YGL173C YDR346C,0.0,NA,0.00037883181357756257,2850,21445,9596,0,0.3672361393880381,0.11730808808396789,1.0,0.6908604748558358,0.30913952514416415
9596,YOR134W YKR090W,0.0,NA,0.0003796948294620961,2850,21444,9597,0,0.36726564574665843,0.11731291676957273,1.0,0.6908282593988596,0.30917174060114044
9597,YIL071C YLR340W,0.0,NA,0.0003797732060775161,2850,21443,9598,0,0.3672951521052787,0.11731774585271477,1.0,0.6907960439418833,0.3092039560581167
9598,YKR085C YPR024W,0.0,NA,0.00037977410829626024,2850,21442,9599,0,0.36732465846389895,0.1173225753334431,1.0,0.690763828484907,0.3092361715150929
9599,YER099C YDR158W,0.0,NA,0.0003799443074967712,2850,21441,9600,0,0.36735416482251926,0.11732740521180685,1.0,0.6907316130279308,0.3092683869720692
9600,YMR061W YGL163C,0.0,NA,0.000380246143322438,2850,21440,9601,0,0.3673836711811395,0.11733223548785508,1.0,0.6906993975709546,0.30930060242904545
9601,YDL039C YGR180C,0.0,NA,0.00038091791793704033,2850,21439,9602,0,0.3674131775397598,0.11733706616163696,1.0,0.6906671821139783,0.30933281788602174
9602,YKR080W YLL043W,0.0,NA,0.000381037185434252,2850,21438,9603,0,0.3674426838983801,0.11734189723320158,1.0,0.6906349666570021,0.309365033342998
9603,YJR016C YLR208W,0.0,NA,0.00038147627492435277,2850,21437,9604,0,0.3674721902570004,0.1173467287025981,1.0,0.6906027512000258,0.3093972487999742
9604,YCR038C YDR407C,0.0,NA,0.00038159190444275737,2850,21436,9605,0,0.36750169661562065,0.11735156056987565,1.0,0.6905705357430495,0.3094294642569505
9605,YFR010W YGR214W,0.0,NA,0.0003817288961727172,2850,21435,9606,0,0.36753120297424097,0.11735639283508338,1.0,0.6905383202860732,0.30946167971392674
9606,YDR435C YNL294C,0.0,NA,0.00038179897819645703,2850,21434,9607,0,0.3675607093328612,0.11736122549827047,1.0,0.690506104829097,0.309493895170903
9607,YMR232W YIR008C,0.0,NA,0.000382086233003065,2850,21433,9608,0,0.36759021569148154,0.11736605855948606,1.0,0.6904738893721207,0.30952611062787927
9608,YJL053W YBR237W,0.0,NA,0.000382857775548473,2850,21432,9609,0,0.3676197220501018,0.11737089201877934,1.0,0.6904416739151444,0.3095583260848555
9609,YLR201C YHR037W,0.0,NA,0.0003829176421277225,2850,21431,9610,0,0.3676492284087221,0.1173757258761995,1.0,0.6904094584581683,0.3095905415418318
9610,YDR232W YOL013C,0.0,NA,0.00038302878965623677,2850,21430,9611,0,0.36767873476734236,0.11738056013179572,1.0,0.690377243001192,0.30962275699880804
9611,YLR377C YCR038C,0.0,NA,0.0003832475922536105,2850,21429,9612,0,0.3677082411259626,0.1173853947856172,1.0,0.6903450275442157,0.30965497245578427
9612,YMR014W YER082C,0.0,NA,0.0003832488728221506,2850,21428,9613,0,0.36773774748458293,0.11739022983771316,1.0,0.6903128120872395,0.30968718791276056
9613,YOL093W YIR037W,0.0,NA,0.0003832890361081809,2850,21427,9614,0,0.3677672538432032,0.1173950652881328,1.0,0.6902805966302632,0.3097194033697368
9614,YHR079C YJL031C,0.0,NA,0.0003834195376839489,2850,21426,9615,0,0.3677967602018235,0.11739990113692536,1.0,0.6902483811732869,0.30975161882671304
9615,YKL028W YNL158W,0.0,NA,0.00038380626938305795,2850,21425,9616,0,0.36782626656044376,0.11740473738414006,1.0,0.6902161657163107,0.30978383428368933
9616,YGL039W YOR023C,0.0,NA,0.00038390341796912253,2850,21424,9617,0,0.3678557729190641,0.11740957402982616,1.0,0.6901839502593344,0.30981604974066557
9617,YOR156C YLR195C,0.0,NA,0.00038410877459682524,2850,21423,9618,0,0.36788527927768433,0.11741441107403287,1.0,0.6901517348023581,0.3098482651976418
9618,YLR453C YIL023C,0.0,NA,0.0003843728918582201,2850,21422,9619,0,0.36791478563630464,0.11741924851680949,1.0,0.690119519345382,0.3098804806546181
9619,YDR196C YER072W,0.0,NA,0.0003850043867714703,2850,21421,9620,0,0.3679442919949249,0.11742408635820527,1.0,0.6900873038884057,0.30991269611159433
9620,YOL091W YMR054W,0.0,NA,0.00038540115929208696,2850,21420,9621,0,0.3679737983535452,0.11742892459826947,1.0,0.6900550884314294,0.3099449115685706
9621,YNL124W YJL214W,0.0,NA,0.0003854145761579275,2850,21419,9622,0,0.36800330471216547,0.11743376323705139,1.0,0.6900228729744532,0.30997712702554686
9622,YDR096W YLR385C,0.0,NA,0.00038571027107536793,2850,21418,9623,0,0.3680328110707858,0.11743860227460029,1.0,0.6899906575174769,0.3100093424825231
9623,YOL110W YER088C,0.0,NA,0.00038578841486014426,2850,21417,9624,0,0.36806231742940604,0.1174434417109655,1.0,0.6899584420605006,0.3100415579394994
9624,YHR086W YPR180W,0.0,NA,0.0003858279378619045,2850,21416,9625,0,0.3680918237880263,0.11744828154619633,1.0,0.6899262266035243,0.3100737733964756
9625,YLR025W YMR137C,0.0,NA,0.0003860858560074121,2850,21415,9626,0,0.3681213301466466,0.11745312178034206,1.0,0.6898940111465481,0.31010598885345186
9626,YOR212W YER098W,0.0,NA,0.00038631082861684263,2850,21414,9627,0,0.36815083650526687,0.11745796241345202,1.0,0.6898617956895718,0.31013820431042816
9627,YML077W YDR035W,0.0,NA,0.0003865362668875605,2850,21413,9628,0,0.3681803428638872,0.11746280344557557,1.0,0.6898295802325956,0.3101704197674044
9628,YGR007W YLR133W,0.0,NA,0.0003866991610266268,2850,21412,9629,0,0.36820984922250743,0.11746764487676202,1.0,0.6897973647756194,0.3102026352243807
9629,YLL028W YMR167W,0.0,NA,0.00038681161822751164,2850,21411,9630,0,0.36823935558112775,0.11747248670706072,1.0,0.6897651493186431,0.3102348506813569
9630,YOL081W YIR001C,0.0,NA,0.00038704252801835537,2850,21410,9631,0,0.368268861939748,0.11747732893652102,1.0,0.6897329338616668,0.31026706613833316
9631,YKL082C YJL219W,0.0,NA,0.0003872124943882227,2850,21409,9632,0,0.3682983682983683,0.1174821715651923,1.0,0.6897007184046906,0.31029928159530945
9632,YDR104C YOL103W,0.0,NA,0.0003875938127748668,2850,21408,9633,0,0.3683278746569886,0.11748701459312391,1.0,0.6896685029477143,0.3103314970522857
9633,YMR142C YDR499W,0.0,NA,0.00038767416845075786,2850,21407,9634,0,0.3683573810156089,0.11749185802036526,1.0,0.689636287490738,0.3103637125092619
9634,YOL041C YDR217C,0.0,NA,0.00038784605567343533,2850,21406,9635,0,0.36838688737422914,0.1174967018469657,1.0,0.6896040720337618,0.3103959279662382
9635,YDR064W YLR087C,0.0,NA,0.00038798805326223373,2850,21405,9636,0,0.36841639373284946,0.11750154607297464,1.0,0.6895718565767855,0.31042814342321445
9636,YJL087C YBL050W,0.0,NA,0.0003881504526361823,2850,21404,9637,0,0.3684459000914697,0.11750639069844149,1.0,0.6895396411198093,0.3104603588801907
9637,YNL283C YKL114C,0.0,NA,0.0003886857011821121,2850,21403,9638,0,0.36847540645008997,0.11751123572341567,1.0,0.6895074256628331,0.310492574337167
9638,YKL043W YDR382W,0.0,NA,0.0003887355560436845,2850,21402,9639,0,0.3685049128087103,0.11751608114794657,1.0,0.6894752102058568,0.3105247897941432
9639,YPR032W YKR003W,0.0,NA,0.00038883378147147596,2850,21401,9640,0,0.36853441916733054,0.11752092697208362,1.0,0.6894429947488805,0.3105570052511195
9640,YHR028C YJR033C,0.0,NA,0.00038889050483703613,2850,21400,9641,0,0.36856392552595085,0.11752577319587629,1.0,0.6894107792919043,0.31058922070809575
9641,YCR039C YLR188W,0.0,NA,0.00038889216375537217,2850,21399,9642,0,0.3685934318845711,0.11753061981937399,1.0,0.689378563834928,0.310621436165072
9642,YDR490C YGL240W,0.0,NA,0.00038929254515096545,2850,21398,9643,0,0.3686229382431914,0.1175354668426262,1.0,0.6893463483779517,0.3106536516220483
9643,YGR061C YLR386W,0.0,NA,0.00038933451287448406,2850,21397,9644,0,0.3686524446018117,0.11754031426568236,1.0,0.6893141329209754,0.3106858670790245
9644,YOR241W YGL012W,0.0,NA,0.0003895563422702253,2850,21396,9645,0,0.368681950960432,0.11754516208859193,1.0,0.6892819174639992,0.31071808253600075
9645,YJL138C YMR112C,0.0,NA,0.00038959700032137334,2850,21395,9646,0,0.36871145731905225,0.11755001031140441,1.0,0.689249702007023,0.31075029799297704
9646,YDL197C YHL040C,0.0,NA,0.0003896317211911082,2850,21394,9647,0,0.36874096367767256,0.11755485893416928,1.0,0.6892174865500467,0.3107825134499533
9647,YNR034W YLR212C,0.0,NA,0.00038967144791968167,2850,21393,9648,0,0.3687704700362928,0.11755970795693602,1.0,0.6891852710930705,0.31081472890692957
9648,YJR159W YBR073W,0.0,NA,0.0003898158320225775,2850,21392,9649,0,0.3687999763949131,0.11756455737975414,1.0,0.6891530556360942,0.3108469443639058
9649,YAR050W YLR043C,0.0,NA,0.00039035131339915097,2850,21391,9650,0,0.3688294827535334,0.11756940720267316,1.0,0.6891208401791179,0.31087915982088205
9650,YOL081W YLR273C,0.0,NA,0.0003903578326571733,2850,21390,9651,0,0.36885898911215365,0.11757425742574257,1.0,0.6890886247221417,0.31091137527785834
9651,YKR034W YBL061C,0.0,NA,0.00039056941750459373,2850,21389,9652,0,0.36888849547077396,0.11757910804901192,1.0,0.6890564092651654,0.3109435907348346
9652,YIR008C YJL187C,0.0,NA,0.00039138307329267263,2850,21388,9653,0,0.3689180018293942,0.11758395907253073,1.0,0.6890241938081891,0.3109758061918108
9653,YJL071W YDR144C,0.0,NA,0.0003915362758561969,2850,21387,9654,0,0.36894750818801453,0.11758881049634856,1.0,0.688991978351213,0.3110080216487871
9654,YAR003W YKL110C,0.0,NA,0.000393203750718385,2850,21386,9655,0,0.3689770145466348,0.11759366232051494,1.0,0.6889597628942367,0.31104023710576334
9655,YCL048W YAL067C,0.0,NA,0.0003933220577891916,2850,21385,9656,0,0.3690065209052551,0.11759851454507943,1.0,0.6889275474372604,0.3110724525627396
9656,YBR041W YPR107C,0.0,NA,0.0003951421531382948,2850,21384,9657,0,0.36903602726387535,0.11760336717009161,1.0,0.6888953319802842,0.31110466801971587
9657,YCL008C YMR116C,0.0,NA,0.0003951764083467424,2850,21383,9658,0,0.36906553362249567,0.11760822019560103,1.0,0.6888631165233079,0.3111368834766921
9658,YGR214W YGL232W,0.0,NA,0.00039531997754238546,2850,21382,9659,0,0.3690950399811159,0.11761307362165731,1.0,0.6888309010663316,0.3111690989336684
9659,YDL040C YDR382W,0.0,NA,0.0003954479470849037,2850,21381,9660,0,0.36912454633973624,0.11761792744831001,1.0,0.6887986856093554,0.31120131439064463
9660,YHR068W YJL083W,0.0,NA,0.0003954609564971179,2850,21380,9661,0,0.3691540526983565,0.11762278167560875,1.0,0.6887664701523791,0.31123352984762087
9661,YPR179C YDR378C,0.0,NA,0.0003955333377234638,2850,21379,9662,0,0.36918355905697675,0.11762763630360312,1.0,0.6887342546954028,0.31126574530459716
9662,YCR039C YER011W,0.0,NA,0.0003961348265875131,2850,21378,9663,0,0.36921306541559706,0.11763249133234274,1.0,0.6887020392384265,0.3112979607615734
9663,YPL174C YJL127C,0.0,NA,0.0003961531328968704,2850,21377,9664,0,0.3692425717742173,0.11763734676187725,1.0,0.6886698237814504,0.31133017621854964
9664,YIL077C YAL025C,0.0,NA,0.00039759784704074264,2850,21376,9665,0,0.36927207813283763,0.11764220259225626,1.0,0.6886376083244741,0.31136239167552593
9665,YLR298C YDR064W,0.0,NA,0.00039846106665208936,2850,21375,9666,0,0.3693015844914579,0.11764705882352941,1.0,0.6886053928674978,0.31139460713250217
9666,YBR132C YHR007C,0.0,NA,0.0003988019307143986,2850,21374,9667,0,0.3693310908500782,0.11765191545574637,1.0,0.6885731774105216,0.31142682258947846
9667,YER007C-A YGR157W,0.0,NA,0.00039978569839149714,2850,21373,9668,0,0.36936059720869846,0.11765677248895677,1.0,0.6885409619535453,0.3114590380464547
9668,YEL054C YDR362C,0.0,NA,0.0003997912281192839,2850,21372,9669,0,0.3693901035673188,0.1176616299232103,1.0,0.688508746496569,0.31149125350343093
9669,YLR333C YHL048W,0.0,NA,0.0004001740599051118,2850,21371,9670,0,0.36941960992593903,0.11766648775855662,1.0,0.6884765310395928,0.3115234689604072
9670,YDL040C YLR411W,0.0,NA,0.0004008074465673417,2850,21370,9671,0,0.36944911628455934,0.11767134599504542,1.0,0.6884443155826165,0.31155568441738346
9671,YIL071C YGR013W,0.0,NA,0.0004011120763607323,2850,21369,9672,0,0.3694786226431796,0.11767620463272638,1.0,0.6884121001256402,0.3115878998743597
9672,YKL079W YMR081C,0.0,NA,0.00040152869769372046,2850,21368,9673,0,0.3695081290017999,0.11768106367164918,1.0,0.6883798846686641,0.311620115331336
9673,YDR301W YOL147C,0.0,NA,0.00040157156763598323,2850,21367,9674,0,0.36953763536042017,0.11768592311186357,1.0,0.6883476692116878,0.3116523307883122
9674,YJL088W YML068W,0.0,NA,0.000401741563109681,2850,21366,9675,0,0.3695671417190404,0.11769078295341923,1.0,0.6883154537547115,0.31168454624528846
9675,YPL007C YOR020C,0.0,NA,0.0004018070758320391,2850,21365,9676,0,0.36959664807766074,0.11769564319636588,1.0,0.6882832382977353,0.31171676170226476
9676,YBR293W YOL101C,0.0,NA,0.00040216080378741026,2850,21364,9677,0,0.369626154436281,0.11770050384075328,1.0,0.688251022840759,0.311748977159241
9677,YOR359W YPL046C,0.0,NA,0.0004023621149826795,2850,21363,9678,0,0.3696556607949013,0.11770536488663115,1.0,0.6882188073837827,0.3117811926162173
9678,YKL029C YPL232W,0.0,NA,0.0004024077206850052,2850,21362,9679,0,0.36968516715352157,0.11771022633404923,1.0,0.6881865919268065,0.3118134080731935
9679,YPL179W YOL105C,0.0,NA,0.00040251767495647073,2850,21361,9680,0,0.3697146735121419,0.11771508818305729,1.0,0.6881543764698302,0.31184562353016976
9680,YLR399C YBL041W,0.0,NA,0.00040291828918270767,2850,21360,9681,0,0.36974417987076214,0.11771995043370508,1.0,0.688122161012854,0.31187783898714605
9681,YHR079C YKR003W,0.0,NA,0.0004029512929264456,2850,21359,9682,0,0.36977368622938245,0.11772481308604238,1.0,0.6880899455558777,0.3119100544441223
9682,YDR423C YGR198W,0.0,NA,0.0004034985031466931,2850,21358,9683,0,0.3698031925880027,0.11772967614011896,1.0,0.6880577300989015,0.3119422699010985
9683,YDL061C YIL167W,0.0,NA,0.0004035986785311252,2850,21357,9684,0,0.369832698946623,0.11773453959598464,1.0,0.6880255146419252,0.3119744853580748
9684,YGL171W YDR345C,0.0,NA,0.00040375321987085044,2850,21356,9685,0,0.3698622053052433,0.11773940345368916,1.0,0.6879932991849489,0.31200670081505105
9685,YML035C YOL054W,0.0,NA,0.0004040487401653081,2850,21355,9686,0,0.3698917116638636,0.11774426771328238,1.0,0.6879610837279727,0.31203891627202734
9686,YKL082C YPL169C,0.0,NA,0.000404269463615492,2850,21354,9687,0,0.36992121802248384,0.11774913237481408,1.0,0.6879288682709964,0.3120711317290036
9687,YMR021C YDR087C,0.0,NA,0.00040506725781597197,2850,21353,9688,0,0.3699507243811041,0.11775399743833409,1.0,0.6878966528140201,0.3121033471859798
9688,YLR287C-A YFL034C-A,0.0,NA,0.00040517959860153496,2850,21352,9689,0,0.3699802307397244,0.11775886290389224,1.0,0.687864437357044,0.3121355626429561
9689,YGL087C YKR061W,0.0,NA,0.00040518405148759484,2850,21351,9690,0,0.37000973709834467,0.11776372877153837,1.0,0.6878322219000677,0.31216777809993235
9690,YKL221W YDL224C,0.0,NA,0.000405189668526873,2850,21350,9691,0,0.370039243456965,0.11776859504132231,1.0,0.6878000064430914,0.3121999935569086
9691,YGR129W YNL325C,0.0,NA,0.00040564051596447825,2850,21349,9692,0,0.37006874981558524,0.11777346171329393,1.0,0.6877677909861152,0.3122322090138849
9692,YOR383C YIL014W,0.0,NA,0.0004059493658132851,2850,21348,9693,0,0.37009825617420555,0.1177783287875031,1.0,0.6877355755291389,0.3122644244708611
9693,YCL059C YJL004C,0.0,NA,0.000406025443226099,2850,21347,9694,0,0.3701277625328258,0.11778319626399968,1.0,0.6877033600721626,0.31229663992783735
9694,YLR102C YKL067W,0.0,NA,0.00040629084105603397,2850,21346,9695,0,0.3701572688914461,0.11778806414283352,1.0,0.6876711446151864,0.31232885538481364
9695,YLR102C YOR133W,0.0,NA,0.0004068125272169709,2850,21345,9696,0,0.3701867752500664,0.11779293242405456,1.0,0.6876389291582101,0.3123610708417899
9696,YGR195W YMR270C,0.0,NA,0.00040692577022127807,2850,21344,9697,0,0.3702162816086867,0.11779780110771265,1.0,0.6876067137012338,0.31239328629876617
9697,YLR393W YGL001C,0.0,NA,0.00040734841604717076,2850,21343,9698,0,0.37024578796730695,0.11780267019385773,1.0,0.6875744982442576,0.3124255017557424
9698,YLR307W YER052C,0.0,NA,0.00040763916331343353,2850,21342,9699,0,0.37027529432592726,0.11780753968253968,1.0,0.6875422827872814,0.31245771721271864
9699,YDL049C YLR195C,0.0,NA,0.000407697691116482,2850,21341,9700,0,0.3703048006845475,0.11781240957380844,1.0,0.6875100673303051,0.31248993266969494
9700,YHR068W YOR327C,0.0,NA,0.00040822115261107683,2850,21340,9701,0,0.3703343070431678,0.11781727986771393,1.0,0.6874778518733288,0.3125221481266712
9701,YGR091W YDR182W,0.0,NA,0.0004082507221028209,2850,21339,9702,0,0.3703638134017881,0.11782215056430609,1.0,0.6874456364163526,0.3125543635836474
9702,YML069W YOR133W,0.0,NA,0.0004085279069840908,2850,21338,9703,0,0.37039331976040835,0.11782702166363486,1.0,0.6874134209593763,0.3125865790406237
9703,YIL099W YJR150C,0.0,NA,0.00040859432192519307,2850,21337,9704,0,0.37042282611902866,0.1178318931657502,1.0,0.6873812055024,0.31261879449759994
9704,YNL116W YJR051W,0.0,NA,0.0004088128625880927,2850,21336,9705,0,0.3704523324776489,0.11783676507070207,1.0,0.6873489900454238,0.31265100995457623
9705,YPL275W YPL198W,0.0,NA,0.0004089338763151318,2850,21335,9706,0,0.37048183883626923,0.11784163737854042,1.0,0.6873167745884475,0.31268322541155247
9706,YGR248W YJL074C,0.0,NA,0.00040914409328252077,2850,21334,9707,0,0.3705113451948895,0.11784651008931525,1.0,0.6872845591314712,0.3127154408685287
9707,YHR153C YOL120C,0.0,NA,0.0004091729351785034,2850,21333,9708,0,0.3705408515535098,0.11785138320307655,1.0,0.6872523436744951,0.312747656325505
9708,YGR119C YAL068C,0.0,NA,0.00040929115493781865,2850,21332,9709,0,0.37057035791213006,0.11785625671987429,1.0,0.6872201282175188,0.31277987178248123
9709,YCL027W YDL216C,0.0,NA,0.00040961080230772495,2850,21331,9710,0,0.37059986427075037,0.11786113063975849,1.0,0.6871879127605425,0.31281208723945747
9710,YJR017C YMR021C,0.0,NA,0.00040974828880280256,2850,21330,9711,0,0.3706293706293706,0.11786600496277916,1.0,0.6871556973035663,0.31284430269643376
9711,YIR004W YHL039W,0.0,NA,0.00041071322630159557,2850,21329,9712,0,0.37065887698799094,0.11787087968898631,1.0,0.68712348184659,0.31287651815341
9712,YGR221C YBL082C,0.0,NA,0.00041095822234638035,2850,21328,9713,0,0.3706883833466112,0.11787575481842998,1.0,0.6870912663896137,0.31290873361038624
9713,Q0070 YHL048W,0.0,NA,0.00041104049887508154,2850,21327,9714,0,0.37071788970523145,0.1178806303511602,1.0,0.6870590509326375,0.31294094906736253
9714,YNL246W YBR267W,0.0,NA,0.0004110933805350214,2850,21326,9715,0,0.37074739606385176,0.11788550628722701,1.0,0.6870268354756612,0.31297316452433876
9715,YBL047C YDR007W,0.0,NA,0.000411218439694494,2850,21325,9716,0,0.370776902422472,0.11789038262668046,1.0,0.6869946200186849,0.31300537998131506
9716,YER008C YBL058W,0.0,NA,0.00041126509313471615,2850,21324,9717,0,0.37080640878109233,0.11789525936957061,1.0,0.6869624045617088,0.3130375954382913
9717,YDR142C YJL080C,0.0,NA,0.00041172775672748685,2850,21323,9718,0,0.3708359151397126,0.11790013651594755,1.0,0.6869301891047325,0.31306981089526753
9718,YMR127C YDR421W,0.0,NA,0.0004118235665373504,2850,21322,9719,0,0.3708654214983329,0.11790501406586133,1.0,0.6868979736477562,0.3131020263522438
9719,YKL054C YPL111W,0.0,NA,0.0004118311917409301,2850,21321,9720,0,0.37089492785695316,0.11790989201936204,1.0,0.6868657581907799,0.31313424180922006
9720,YMR306W YJL184W,0.0,NA,0.00041197275277227163,2850,21320,9721,0,0.3709244342155735,0.11791477037649979,1.0,0.6868335427338037,0.3131664572661963
9721,YFL028C YOL147C,0.0,NA,0.0004120701632928103,2850,21319,9722,0,0.37095394057419373,0.11791964913732467,1.0,0.6868013272768274,0.3131986727231726
9722,YGR020C YNL194C,0.0,NA,0.000412349181715399,2850,21318,9723,0,0.37098344693281404,0.1179245283018868,1.0,0.6867691118198511,0.3132308881801488
9723,YML105C YKR054C,0.0,NA,0.00041236565448343754,2850,21317,9724,0,0.3710129532914343,0.11792940787023627,1.0,0.6867368963628749,0.3132631036371251
9724,YKR020W YOR039W,0.0,NA,0.0004126641433686018,2850,21316,9725,0,0.3710424596500546,0.11793428784242324,1.0,0.6867046809058986,0.31329531909410135
9725,YCR079W YCR039C,0.0,NA,0.0004128266591578722,2850,21315,9726,0,0.37107196600867487,0.11793916821849783,1.0,0.6866724654489224,0.3133275345510776
9726,YKR104W YJL097W,0.0,NA,0.0004130835004616529,2850,21314,9727,0,0.3711014723672951,0.11794404899851019,1.0,0.6866402499919462,0.3133597500080539
9727,YPR052C YOL031C,0.0,NA,0.0004131079185754061,2850,21313,9728,0,0.37113097872591544,0.11794893018251044,1.0,0.6866080345349699,0.3133919654650301
9728,YDR101C YDL007W,0.0,NA,0.0004131118766963482,2850,21312,9729,0,0.3711604850845357,0.1179538117705488,1.0,0.6865758190779936,0.31342418092200636
9729,YDR035W YDR059C,0.0,NA,0.00041343606426380575,2850,21311,9730,0,0.371189991443156,0.11795869376267538,1.0,0.6865436036210174,0.31345639637898265
9730,YNL180C YIR033W,0.0,NA,0.0004134467162657529,2850,21310,9731,0,0.37121949780177627,0.1179635761589404,1.0,0.6865113881640411,0.3134886118359589
9731,YPL048W YCR060W,0.0,NA,0.0004138181684538722,2850,21309,9732,0,0.3712490041603966,0.11796845895939402,1.0,0.6864791727070648,0.3135208272929351
9732,YML049C YOR310C,0.0,NA,0.0004138824879191816,2850,21308,9733,0,0.37127851051901684,0.11797334216408643,1.0,0.6864469572500886,0.3135530427499114
9733,YHR052W YFR029W,0.0,NA,0.0004146853752899915,2850,21307,9734,0,0.37130801687763715,0.11797822577306785,1.0,0.6864147417931123,0.31358525820688765
9734,YMR312W YLL039C,0.0,NA,0.00041478066123090684,2850,21306,9735,0,0.3713375232362574,0.11798310978638847,1.0,0.6863825263361361,0.31361747366386394
9735,YDL167C YBR249C,0.0,NA,0.0004149315063841641,2850,21305,9736,0,0.3713670295948777,0.11798799420409853,1.0,0.6863503108791599,0.3136496891208402
9736,YDR372C YAL041W,0.0,NA,0.00041502524982206523,2850,21304,9737,0,0.371396535953498,0.11799287902624823,1.0,0.6863180954221836,0.3136819045778164
9737,YGL227W YCR073W-A,0.0,NA,0.00041519050137139857,2850,21303,9738,0,0.3714260423121183,0.11799776425288784,1.0,0.6862858799652073,0.3137141200347927
9738,YKR038C YMR261C,0.0,NA,0.0004156231298111379,2850,21302,9739,0,0.37145554867073854,0.11800264988406757,1.0,0.686253664508231,0.31374633549176895
9739,YOL018C YNR075W,0.0,NA,0.0004159463569521904,2850,21301,9740,0,0.3714850550293588,0.11800753591983769,1.0,0.6862214490512548,0.3137785509487452
9740,YLR044C YBR018C,0.0,NA,0.00041774322744458914,2850,21300,9741,0,0.3715145613879791,0.11801242236024845,1.0,0.6861892335942785,0.3138107664057215
9741,YOR284W YPL171C,0.0,NA,0.00041792605770751834,2850,21299,9742,0,0.37154406774659937,0.11801730920535011,1.0,0.6861570181373022,0.3138429818626977
9742,YDR054C YFR037C,0.0,NA,0.0004180994292255491,2850,21298,9743,0,0.3715735741052197,0.11802219645519298,1.0,0.686124802680326,0.313875197319674
9743,YOL112W YNL156C,0.0,NA,0.00041810853872448206,2850,21297,9744,0,0.37160308046383994,0.1180270841098273,1.0,0.6860925872233498,0.31390741277665024
9744,YFL033C YPL120W,0.0,NA,0.00041852329741232097,2850,21296,9745,0,0.37163258682246025,0.1180319721693034,1.0,0.6860603717663735,0.3139396282336265
9745,YNR070W YHR001W,0.0,NA,0.0004191923071630299,2850,21295,9746,0,0.3716620931810805,0.11803686063367157,1.0,0.6860281563093973,0.31397184369060277
9746,YDL112W YEL003W,0.0,NA,0.00041951247840188444,2850,21294,9747,0,0.3716915995397008,0.1180417495029821,1.0,0.685995940852421,0.314004059147579
9747,YOR075W YKL032C,0.0,NA,0.0004196779045742005,2850,21293,9748,0,0.3717211058983211,0.11804663877728534,1.0,0.6859637253954447,0.31403627460455524
9748,YNL072W YKL067W,0.0,NA,0.00042021871195174754,2850,21292,9749,0,0.3717506122569414,0.1180515284566316,1.0,0.6859315099384685,0.31406849006153154
9749,YDL220C YDR346C,0.0,NA,0.0004202996497042477,2850,21291,9750,0,0.37178011861556165,0.11805641854107121,1.0,0.6858992944814922,0.3141007055185078
9750,YCR028C YKL188C,0.0,NA,0.00042030145414173603,2850,21290,9751,0,0.37180962497418196,0.11806130903065451,1.0,0.6858670790245159,0.31413292097548406
9751,YLL046C YPR112C,0.0,NA,0.00042081682477146387,2850,21289,9752,0,0.3718391313328022,0.11806619992543188,1.0,0.6858348635675398,0.3141651364324603
9752,YGL195W YFR040W,0.0,NA,0.00042084610322490335,2850,21288,9753,0,0.3718686376914225,0.11807109122545364,1.0,0.6858026481105635,0.31419735188943654
9753,YHR063C YGL192W,0.0,NA,0.00042117282282561064,2850,21287,9754,0,0.3718981440500428,0.11807598293077019,1.0,0.6857704326535872,0.31422956734641283
9754,YAL059W YDL047W,0.0,NA,0.0004213101346977055,2850,21286,9755,0,0.37192765040866305,0.11808087504143189,1.0,0.685738217196611,0.31426178280338907
9755,YDR156W YGR170W,0.0,NA,0.0004219938418827951,2850,21285,9756,0,0.37195715676728336,0.11808576755748912,1.0,0.6857060017396347,0.3142939982603653
9756,YOL045W YLR287C-A,0.0,NA,0.00042214393033646047,2850,21284,9757,0,0.3719866631259036,0.11809066047899229,1.0,0.6856737862826584,0.3143262137173416
9757,YOR078W YPL127C,0.0,NA,0.00042219783063046634,2850,21283,9758,0,0.37201616948452393,0.1180955538059918,1.0,0.6856415708256821,0.31435842917431783
9758,YGR024C YNL222W,0.0,NA,0.00042254896834492683,2850,21282,9759,0,0.3720456758431442,0.11810044753853804,1.0,0.6856093553687059,0.31439064463129407
9759,YHL036W YEL069C,0.0,NA,0.0004230350023135543,2850,21281,9760,0,0.3720751822017645,0.11810534167668145,1.0,0.6855771399117296,0.31442286008827036
9760,YOR241W YJL113W,0.0,NA,0.0004234170773997903,2850,21280,9761,0,0.37210468856038476,0.11811023622047244,1.0,0.6855449244547533,0.3144550755452466
9761,YDR294C YNL214W,0.0,NA,0.00042353899334557354,2850,21279,9762,0,0.37213419491900507,0.11811513116996146,1.0,0.6855127089977772,0.3144872910022229
9762,YNL042W YLR398C,0.0,NA,0.00042376251076348126,2850,21278,9763,0,0.3721637012776253,0.11812002652519894,1.0,0.6854804935408009,0.3145195064591991
9763,YLR033W YLR170C,0.0,NA,0.0004239098052494228,2850,21277,9764,0,0.37219320763624564,0.11812492228623533,1.0,0.6854482780838246,0.31455172191617536
9764,YMR182C YOR244W,0.0,NA,0.00042403911356814206,2850,21276,9765,0,0.3722227139948659,0.11812981845312111,1.0,0.6854160626268484,0.31458393737315166
9765,YPL283C YEL069C,0.0,NA,0.0004245835589244962,2850,21275,9766,0,0.37225222035348615,0.11813471502590674,1.0,0.6853838471698721,0.3146161528301279
9766,YKL135C YDR522C,0.0,NA,0.00042529244092293084,2850,21274,9767,0,0.37228172671210646,0.11813961200464268,1.0,0.6853516317128958,0.31464836828710413
9767,YJL074C YNR026C,0.0,NA,0.00042565303738228977,2850,21273,9768,0,0.3723112330707267,0.11814450938937943,1.0,0.6853194162559196,0.3146805837440804
9768,YIR023W YPL036W,0.0,NA,0.00042573496466502547,2850,21272,9769,0,0.37234073942934703,0.11814940718016748,1.0,0.6852872007989433,0.31471279920105666
9769,YJR028W YLR145W,0.0,NA,0.0004261024296283722,2850,21271,9770,0,0.3723702457879673,0.11815430537705733,1.0,0.685254985341967,0.31474501465803295
9770,YMR312W YDR400W,0.0,NA,0.00042644579662010074,2850,21270,9771,0,0.3723997521465876,0.1181592039800995,1.0,0.6852227698849909,0.3147772301150092
9771,YOL132W YMR108W,0.0,NA,0.00042650842806324363,2850,21269,9772,0,0.37242925850520786,0.1181641029893445,1.0,0.6851905544280146,0.3148094455719854
9772,YIL007C YPL209C,0.0,NA,0.00042652347474358976,2850,21268,9773,0,0.3724587648638282,0.11816900240484286,1.0,0.6851583389710383,0.3148416610289617
9773,YPL121C YER069W,0.0,NA,0.00042656634468585253,2850,21267,9774,0,0.37248827122244843,0.1181739022266451,1.0,0.6851261235140621,0.31487387648593795
9774,YLR209C YIL103W,0.0,NA,0.0004267180629540235,2850,21266,9775,0,0.37251777758106874,0.11817880245480179,1.0,0.6850939080570858,0.3149060919429142
9775,YHR028C YOL148C,0.0,NA,0.00042717205360531807,2850,21265,9776,0,0.372547283939689,0.11818370308936346,1.0,0.6850616926001095,0.3149383073998905
9776,YGR197C YPL209C,0.0,NA,0.0004274284583516419,2850,21264,9777,0,0.3725767902983093,0.1181886041303807,1.0,0.6850294771431332,0.3149705228568667
9777,YLL061W YKR086W,0.0,NA,0.0004277678090147674,2850,21263,9778,0,0.37260629665692957,0.11819350557790403,1.0,0.684997261686157,0.31500273831384296
9778,YGR134W YOR275C,0.0,NA,0.0004280980210751295,2850,21262,9779,0,0.3726358030155498,0.11819840743198408,1.0,0.6849650462291808,0.31503495377081925
9779,YGL017W YLR045C,0.0,NA,0.00042857389780692756,2850,21261,9780,0,0.37266530937417014,0.1182033096926714,1.0,0.6849328307722045,0.3150671692277955
9780,YPL151C YPL267W,0.0,NA,0.00042962373117916286,2850,21260,9781,0,0.3726948157327904,0.11820821236001659,1.0,0.6849006153152283,0.3150993846847718
9781,YML110C YML027W,0.0,NA,0.00042969416244886816,2850,21259,9782,0,0.3727243220914107,0.11821311543407026,1.0,0.684868399858252,0.315131600141748
9782,YLR176C YGR204W,0.0,NA,0.0004298746644053608,2850,21258,9783,0,0.37275382845003097,0.11821801891488302,1.0,0.6848361844012757,0.31516381559872425
9783,YJR016C YDR180W,0.0,NA,0.0004300707660149783,2850,21257,9784,0,0.3727833348086513,0.1182229228025055,1.0,0.6848039689442995,0.31519603105570054
9784,YMR266W YDR373W,0.0,NA,0.0004302694578655064,2850,21256,9785,0,0.37281284116727154,0.1182278270969883,1.0,0.6847717534873232,0.3152282465126768
9785,YMR092C YGR197C,0.0,NA,0.00043079108581878245,2850,21255,9786,0,0.37284234752589185,0.11823273179838208,1.0,0.6847395380303469,0.315260461969653
9786,YBR207W YGR104C,0.0,NA,0.0004308362549636513,2850,21254,9787,0,0.3728718538845121,0.11823763690673747,1.0,0.6847073225733707,0.3152926774266293
9787,YLR071C YHL007C,0.0,NA,0.00043091821135021746,2850,21253,9788,0,0.3729013602431324,0.11824254242210513,1.0,0.6846751071163945,0.31532489288360555
9788,YGR272C YDR279W,0.0,NA,0.0004309391661081463,2850,21252,9789,0,0.3729308666017527,0.11824744834453572,1.0,0.6846428916594182,0.31535710834058184
9789,YKL067W YKL127W,0.0,NA,0.0004314568650443107,2850,21251,9790,0,0.372960372960373,0.11825235467407991,1.0,0.684610676202442,0.3153893237975581
9790,YLR265C YDR245W,0.0,NA,0.0004321364394854754,2850,21250,9791,0,0.37298987931899324,0.11825726141078838,1.0,0.6845784607454657,0.3154215392545343
9791,YJL004C YPR132W,0.0,NA,0.00043221699888817966,2850,21249,9792,0,0.3730193856776135,0.11826216855471182,1.0,0.6845462452884894,0.3154537547115106
9792,YLR447C YDL101C,0.0,NA,0.0004332138050813228,2850,21248,9793,0,0.3730488920362338,0.1182670761059009,1.0,0.6845140298315132,0.31548597016848684
9793,YLL062C YJL141C,0.0,NA,0.0004333108081482351,2850,21247,9794,0,0.37307839839485407,0.11827198406440635,1.0,0.6844818143745369,0.3155181856254631
9794,YOR339C YER074W,0.0,NA,0.0004348061920609325,2850,21246,9795,0,0.3731079047534744,0.11827689243027889,1.0,0.6844495989175606,0.31555040108243937
9795,YIL085C YLR205C,0.0,NA,0.00043531981646083295,2850,21245,9796,0,0.37313741111209464,0.11828180120356921,1.0,0.6844173834605843,0.3155826165394156
9796,YIL047C YIL104C,0.0,NA,0.00043538209865801036,2850,21244,9797,0,0.37316691747071495,0.11828671038432804,1.0,0.6843851680036082,0.31561483199639184
9797,YDL105W YBR070C,0.0,NA,0.0004354379198048264,2850,21243,9798,0,0.3731964238293352,0.11829161997260615,1.0,0.6843529525466319,0.31564704745336813
9798,YGL139W YDR144C,0.0,NA,0.00043545826338231564,2850,21242,9799,0,0.3732259301879555,0.11829652996845426,1.0,0.6843207370896556,0.31567926291034437
9799,YMR322C YIR019C,0.0,NA,0.0004355024721007794,2850,21241,9800,0,0.3732554365465758,0.11830144037192313,1.0,0.6842885216326794,0.31571147836732066
9800,YDR140W YCL025C,0.0,NA,0.00043702582479454577,2850,21240,9801,0,0.3732849429051961,0.11830635118306351,1.0,0.6842563061757031,0.3157436938242969
9801,YGL148W YIL096C,0.0,NA,0.0004387183871585876,2850,21239,9802,0,0.37331444926381635,0.11831126240192619,1.0,0.6842240907187268,0.31577590928127314
9802,YDR353W YDR213W,0.0,NA,0.0004388982488308102,2850,21238,9803,0,0.3733439556224366,0.11831617402856194,1.0,0.6841918752617506,0.31580812473824943
9803,YAL007C YDL159W,0.0,NA,0.00043899595038965344,2850,21237,9804,0,0.3733734619810569,0.11832108606302155,1.0,0.6841596598047743,0.31584034019522567
9804,YJL128C YML116W,0.0,NA,0.00043932415428571403,2850,21236,9805,0,0.3734029683396772,0.11832599850535581,1.0,0.684127444347798,0.3158725556522019
9805,YER157W YER059W,0.0,NA,0.00043959266622550786,2850,21235,9806,0,0.3734324746982975,0.11833091135561553,1.0,0.6840952288908219,0.3159047711091782
9806,YDL222C YPL127C,0.0,NA,0.00043994333827868104,2850,21234,9807,0,0.37346198105691775,0.11833582461385152,1.0,0.6840630134338456,0.31593698656615443
9807,YLR385C YDR224C,0.0,NA,0.00043996411841362715,2850,21233,9808,0,0.37349148741553806,0.1183407382801146,1.0,0.6840307979768693,0.3159692020231307
9808,YGL014W YPL163C,0.0,NA,0.0004404739593155682,2850,21232,9809,0,0.3735209937741583,0.11834565235445561,1.0,0.6839985825198931,0.31600141748010696
9809,YKR061W YOL138C,0.0,NA,0.00044049223652109504,2850,21231,9810,0,0.37355050013277863,0.11835056683692538,1.0,0.6839663670629168,0.3160336329370832
9810,YJL097W YJR137C,0.0,NA,0.00044089826405979693,2850,21230,9811,0,0.3735800064913989,0.11835548172757475,1.0,0.6839341516059405,0.3160658483940595
9811,YGL073W YDL210W,0.0,NA,0.0004409518442116678,2850,21229,9812,0,0.3736095128500192,0.11836039702645458,1.0,0.6839019361489642,0.3160980638510357
9812,YCR061W YOL123W,0.0,NA,0.0004411208792589605,2850,21228,9813,0,0.37363901920863946,0.11836531273361575,1.0,0.683869720691988,0.31613027930801196
9813,YMR290C YOR371C,0.0,NA,0.00044178066309541464,2850,21227,9814,0,0.37366852556725977,0.11837022884910911,1.0,0.6838375052350117,0.31616249476498826
9814,YMR163C YFL008W,0.0,NA,0.00044272374361753464,2850,21226,9815,0,0.37369803192588,0.11837514537298555,1.0,0.6838052897780355,0.3161947102219645
9815,YOR338W YDR305C,0.0,NA,0.0004429762193467468,2850,21225,9816,0,0.3737275382845003,0.11838006230529595,1.0,0.6837730743210593,0.31622692567894073
9816,YIL018W YBL084C,0.0,NA,0.0004430972330737859,2850,21224,9817,0,0.3737570446431206,0.11838497964609122,1.0,0.683740858864083,0.316259141135917
9817,YNR013C YLR340W,0.0,NA,0.0004433029389474541,2850,21223,9818,0,0.37378655100174085,0.11838989739542226,1.0,0.6837086434071067,0.31629135659289326
9818,YJR041C YKL217W,0.0,NA,0.0004440773627720773,2850,21222,9819,0,0.37381605736036116,0.11839481555333999,1.0,0.6836764279501305,0.31632357204986955
9819,YJL088W YHR193C,0.0,NA,0.00044439666089601815,2850,21221,9820,0,0.3738455637189814,0.11839973411989531,1.0,0.6836442124931542,0.3163557875068458
9820,YOR018W YHR085W,0.0,NA,0.0004447144747246057,2850,21220,9821,0,0.37387507007760173,0.11840465309513917,1.0,0.6836119970361779,0.316388002963822
9821,YKR025W YLR353W,0.0,NA,0.00044506118865683675,2850,21219,9822,0,0.373904576436222,0.11840957247912252,1.0,0.6835797815792017,0.3164202184207983
9822,YIL096C YOL067C,0.0,NA,0.00044525915291160345,2850,21218,9823,0,0.3739340827948423,0.1184144922718963,1.0,0.6835475661222254,0.31645243387777455
9823,YDL235C YML016C,0.0,NA,0.00044530563172884285,2850,21217,9824,0,0.37396358915346256,0.11841941247351145,1.0,0.6835153506652492,0.3164846493347508
9824,YEL055C YPR054W,0.0,NA,0.00044547926518134773,2850,21216,9825,0,0.3739930955120829,0.11842433308401895,1.0,0.683483135208273,0.3165168647917271
9825,YBR257W YJR036C,0.0,NA,0.00044572926708497107,2850,21215,9826,0,0.37402260187070313,0.11842925410346977,1.0,0.6834509197512967,0.3165490802487033
9826,YJL044C YOR279C,0.0,NA,0.0004460344207473099,2850,21214,9827,0,0.37405210822932344,0.11843417553191489,1.0,0.6834187042943204,0.3165812957056796
9827,YJL088W Q0115,0.0,NA,0.00044636172242462635,2850,21213,9828,0,0.3740816145879437,0.1184390973694053,1.0,0.6833864888373442,0.31661351116265585
9828,YMR227C YDR118W,0.0,NA,0.0004465125675778836,2850,21212,9829,0,0.37411112094656396,0.11844401961599202,1.0,0.6833542733803679,0.3166457266196321
9829,YOR307C YOL109W,0.0,NA,0.0004467580292839557,2850,21211,9830,0,0.37414062730518427,0.11844894227172603,1.0,0.6833220579233916,0.3166779420766084
9830,YBR084C-A YDL193W,0.0,NA,0.00044703471940010786,2850,21210,9831,0,0.3741701336638045,0.11845386533665836,1.0,0.6832898424664153,0.3167101575335846
9831,YJL085W YIL144W,0.0,NA,0.00044720881851390004,2850,21209,9832,0,0.37419964002242484,0.11845878881084002,1.0,0.6832576270094392,0.31674237299056085
9832,YDR503C YML063W,0.0,NA,0.00044732907554134727,2850,21208,9833,0,0.3742291463810451,0.11846371269432206,1.0,0.6832254115524629,0.31677458844753714
9833,YGL194C YBR290W,0.0,NA,0.00044756257557310164,2850,21207,9834,0,0.3742586527396654,0.11846863698715551,1.0,0.6831931960954866,0.3168068039045134
9834,YKR094C YLR208W,0.0,NA,0.00044786088983528316,2850,21206,9835,0,0.37428815909828567,0.11847356168939142,1.0,0.6831609806385104,0.3168390193614896
9835,YLR229C YJL214W,0.0,NA,0.0004478782357182354,2850,21205,9836,0,0.374317665456906,0.11847848680108086,1.0,0.6831287651815341,0.3168712348184659
9836,YGL195W YML007W,0.0,NA,0.00044802637421526015,2850,21204,9837,0,0.37434717181552624,0.11848341232227488,1.0,0.6830965497245578,0.31690345027544214
9837,YBL045C YNL194C,0.0,NA,0.0004485337994992733,2850,21203,9838,0,0.37437667817414655,0.11848833825302457,1.0,0.6830643342675816,0.31693566573241844
9838,YDL239C YDL175C,0.0,NA,0.0004487407859414816,2850,21202,9839,0,0.3744061845327668,0.11849326459338101,1.0,0.6830321188106053,0.3169678811893947
9839,YAR035W YLR386W,0.0,NA,0.0004488798731472343,2850,21201,9840,0,0.3744356908913871,0.11849819134339529,1.0,0.682999903353629,0.3170000966463709
9840,YCL025C YPR069C,0.0,NA,0.0004489677958190441,2850,21200,9841,0,0.3744651972500074,0.11850311850311851,1.0,0.6829676878966529,0.3170323121033472
9841,YJL128C YLR056W,0.0,NA,0.0004492570005822927,2850,21199,9842,0,0.37449470360862763,0.11850804607260178,1.0,0.6829354724396766,0.31706452756032344
9842,YOR226C YCL037C,0.0,NA,0.00044929981231689453,2850,21198,9843,0,0.37452420996724795,0.1185129740518962,1.0,0.6829032569827003,0.3170967430172997
9843,YPR180W YDR183W,0.0,NA,0.0004495425382629037,2850,21197,9844,0,0.3745537163258682,0.11851790244105294,1.0,0.6828710415257241,0.31712895847427597
9844,YMR266W YKL096W,0.0,NA,0.00044997810618951917,2850,21196,9845,0,0.3745832226844885,0.1185228312401231,1.0,0.6828388260687478,0.3171611739312522
9845,YBR195C YDR432W,0.0,NA,0.0004507227276917547,2850,21195,9846,0,0.37461272904310877,0.11852776044915783,1.0,0.6828066106117715,0.3171933893882285
9846,YDR500C YCL074W,0.0,NA,0.00045079103438183665,2850,21194,9847,0,0.3746422354017291,0.11853269006820828,1.0,0.6827743951547953,0.31722560484520473
9847,YDR523C YJL210W,0.0,NA,0.00045123620657250285,2850,21193,9848,0,0.37467174176034934,0.11853762009732563,1.0,0.682742179697819,0.31725782030218097
9848,YOL148C YDR411C,0.0,NA,0.0004512945015449077,2850,21192,9849,0,0.37470124811896965,0.11854255053656101,1.0,0.6827099642408427,0.31729003575915726
9849,YBL035C YMR182C,0.0,NA,0.00045146254706196487,2850,21191,9850,0,0.3747307544775899,0.11854748138596564,1.0,0.6826777487838664,0.3173222512161335
9850,YBR201W YIL099W,0.0,NA,0.0004516198532655835,2850,21190,9851,0,0.3747602608362102,0.11855241264559069,1.0,0.6826455333268903,0.31735446667310974
9851,YJL141C YOR179C,0.0,NA,0.0004520916845649481,2850,21189,9852,0,0.3747897671948305,0.11855734431548734,1.0,0.682613317869914,0.31738668213008603
9852,YLL057C YHR129C,0.0,NA,0.0004521895607467741,2850,21188,9853,0,0.3748192735534508,0.1185622763957068,1.0,0.6825811024129377,0.31741889758706227
9853,YBR191W YPR051W,0.0,NA,0.000452254869742319,2850,21187,9854,0,0.37484877991207105,0.11856720888630029,1.0,0.6825488869559615,0.3174511130440385
9854,YHR058C YMR001C,0.0,NA,0.00045252114068716764,2850,21186,9855,0,0.3748782862706913,0.11857214178731902,1.0,0.6825166714989852,0.3174833285010148
9855,YHR183W YGR141W,0.0,NA,0.0004525562690105289,2850,21185,9856,0,0.3749077926293116,0.11857707509881422,1.0,0.6824844560420089,0.31751554395799103
9856,YIL005W YLR466W,0.0,NA,0.00045265574590303004,2850,21184,9857,0,0.3749372989879319,0.11858200882083715,1.0,0.6824522405850327,0.3175477594149673
9857,YAR071W YJR033C,0.0,NA,0.0004527481214608997,2850,21183,9858,0,0.3749668053465522,0.11858694295343902,1.0,0.6824200251280564,0.31757997487194356
9858,YGL234W YDL013W,0.0,NA,0.0004528225399553776,2850,21182,9859,0,0.37499631170517245,0.1185918774966711,1.0,0.6823878096710801,0.3176121903289198
9859,YPL095C YBR127C,0.0,NA,0.00045297452015802264,2850,21181,9860,0,0.37502581806379276,0.11859681245058466,1.0,0.682355594214104,0.3176444057858961
9860,YCL069W YBL018C,0.0,NA,0.00045366547419689596,2850,21180,9861,0,0.375055324422413,0.11860174781523096,1.0,0.6823233787571277,0.3176766212428723
9861,YOR005C YNL127W,0.0,NA,0.000453760614618659,2850,21179,9862,0,0.37508483078103333,0.11860668359066129,1.0,0.6822911633001514,0.31770883669984856
9862,YBR024W YER131W,0.0,NA,0.00045392761239781976,2850,21178,9863,0,0.3751143371396536,0.11861161977692691,1.0,0.6822589478431752,0.31774105215682485
9863,YOL038W YJL134W,0.0,NA,0.0004545708652585745,2850,21177,9864,0,0.3751438434982739,0.11861655637407915,1.0,0.6822267323861989,0.3177732676138011
9864,YFR014C YPL145C,0.0,NA,0.00045479839900508523,2850,21176,9865,0,0.37517334985689416,0.11862149338216932,1.0,0.6821945169292226,0.3178054830707774
9865,YBR263W YDR216W,0.0,NA,0.0004548784054350108,2850,21175,9866,0,0.37520285621551447,0.1186264308012487,1.0,0.6821623014722464,0.3178376985277536
9866,YER049W YJL068C,0.0,NA,0.0004551590536721051,2850,21174,9867,0,0.3752323625741347,0.11863136863136862,1.0,0.6821300860152701,0.31786991398472986
9867,YER007C-A YOL059W,0.0,NA,0.00045597171992994845,2850,21173,9868,0,0.375261868932755,0.11863630687258045,1.0,0.6820978705582939,0.31790212944170615
9868,YDR054C YKR102W,0.0,NA,0.0004563546390272677,2850,21172,9869,0,0.3752913752913753,0.11864124552493548,1.0,0.6820656551013176,0.3179343448986824
9869,YOL001W YOR021C,0.0,NA,0.00045653386041522026,2850,21171,9870,0,0.37532088164999555,0.11864618458848508,1.0,0.6820334396443414,0.3179665603556586
9870,YDL052C YOR324C,0.0,NA,0.0004567924770526588,2850,21170,9871,0,0.37535038800861587,0.1186511240632806,1.0,0.6820012241873651,0.3179987758126349
9871,YNL166C YLR034C,0.0,NA,0.0004571132594719529,2850,21169,9872,0,0.3753798943672361,0.11865606394937342,1.0,0.6819690087303888,0.31803099126961115
9872,YKL002W YER162C,0.0,NA,0.00045733555452898145,2850,21168,9873,0,0.37540940072585643,0.11866100424681489,1.0,0.6819367932734126,0.31806320672658744
9873,YDL019C YER110C,0.0,NA,0.0004579572123475373,2850,21167,9874,0,0.3754389070844767,0.11866594495565641,1.0,0.6819045778164363,0.3180954221835637
9874,YCR035C YPR110C,0.0,NA,0.0004581445246003568,2850,21166,9875,0,0.375468413443097,0.11867088607594936,1.0,0.68187236235946,0.3181276376405399
9875,YGR042W YOL010W,0.0,NA,0.000458225782494992,2850,21165,9876,0,0.37549791980171726,0.11867582760774516,1.0,0.6818401469024838,0.3181598530975162
9876,YLL052C YPL154C,0.0,NA,0.0004583371337503195,2850,21164,9877,0,0.3755274261603376,0.11868076955109519,1.0,0.6818079314455076,0.31819206855449245
9877,YNL251C YBR020W,0.0,NA,0.0004584144917316735,2850,21163,9878,0,0.37555693251895783,0.11868571190605089,1.0,0.6817757159885313,0.3182242840114687
9878,YEL051W YJR064W,0.0,NA,0.00045870538451708853,2850,21162,9879,0,0.37558643887757814,0.11869065467266367,1.0,0.6817435005315551,0.318256499468445
9879,YLR075W YMR276W,0.0,NA,0.0004588136216625571,2850,21161,9880,0,0.3756159452361984,0.11869559785098496,1.0,0.6817112850745788,0.3182887149254212
9880,YFR010W YGL035C,0.0,NA,0.0004590947355609387,2850,21160,9881,0,0.37564545159481866,0.11870054144106622,1.0,0.6816790696176025,0.31832093038239745
9881,YDL044C YDL170W,0.0,NA,0.0004596738435793668,2850,21159,9882,0,0.37567495795343897,0.11870548544295889,1.0,0.6816468541606263,0.31835314583937374
9882,YJR044C YDR503C,0.0,NA,0.00046103837667033076,2850,21158,9883,0,0.3757044643120592,0.11871042985671443,1.0,0.68161463870365,0.31838536129635
9883,YDL108W YHR185C,0.0,NA,0.00046133753494359553,2850,21157,9884,0,0.37573397067067954,0.1187153746823843,1.0,0.6815824232466737,0.31841757675332627
9884,YJR068W YPR149W,0.0,NA,0.00046165313688106835,2850,21156,9885,0,0.3757634770292998,0.11872031992002,1.0,0.6815502077896975,0.3184497922103025
9885,YKL054C YLL010C,0.0,NA,0.0004618032544385642,2850,21155,9886,0,0.3757929833879201,0.11872526556967299,1.0,0.6815179923327213,0.31848200766727874
9886,YDR104C YPR168W,0.0,NA,0.0004620881809387356,2850,21154,9887,0,0.37582248974654037,0.11873021163139477,1.0,0.681485776875745,0.31851422312425504
9887,YHR124W YDR481C,0.0,NA,0.00046210820437408984,2850,21153,9888,0,0.3758519961051607,0.11873515810523684,1.0,0.6814535614187687,0.3185464385812313
9888,YPL031C YLR113W,0.0,NA,0.0004622976412065327,2850,21152,9889,0,0.37588150246378094,0.11874010499125073,1.0,0.6814213459617925,0.3185786540382075
9889,YDR156W YBR256C,0.0,NA,0.00046247156569734216,2850,21151,9890,0,0.37591100882240125,0.11874505228948794,1.0,0.6813891305048162,0.3186108694951838
9890,YKR010C YDL047W,0.0,NA,0.00046287066652439535,2850,21150,9891,0,0.3759405151810215,0.11875,1.0,0.6813569150478399,0.31864308495216004
9891,YNL008C YGL094C,0.0,NA,0.0004629377508535981,2850,21149,9892,0,0.3759700215396418,0.11875494812283845,1.0,0.6813246995908637,0.31867530040913633
9892,YLR189C YDR093W,0.0,NA,0.0004629491886589676,2850,21148,9893,0,0.3759995278982621,0.11875989665805484,1.0,0.6812924841338874,0.31870751586611257
9893,YDL171C YJR063W,0.0,NA,0.0004633213684428483,2850,21147,9894,0,0.37602903425688233,0.1187648456057007,1.0,0.6812602686769111,0.3187397313230888
9894,YNL128W YMR301C,0.0,NA,0.00046358598046936095,2850,21146,9895,0,0.37605854061550265,0.11876979496582764,1.0,0.681228053219935,0.3187719467800651
9895,YLR058C YOR068C,0.0,NA,0.0004636699450202286,2850,21145,9896,0,0.3760880469741229,0.11877474473848719,1.0,0.6811958377629587,0.31880416223704133
9896,YBR167C YNL271C,0.0,NA,0.00046410621143877506,2850,21144,9897,0,0.3761175533327432,0.11877969492373093,1.0,0.6811636223059824,0.31883637769401757
9897,YDL061C YJL085W,0.0,NA,0.0004642701242119074,2850,21143,9898,0,0.3761470596913635,0.11878464552161047,1.0,0.6811314068490062,0.31886859315099386
9898,YGR074W YER082C,0.0,NA,0.0004642947169486433,2850,21142,9899,0,0.3761765660499838,0.1187895965321774,1.0,0.6810991913920299,0.3189008086079701
9899,YJR041C YKL014C,0.0,NA,0.00046533302520401776,2850,21141,9900,0,0.37620607240860404,0.1187945479554833,1.0,0.6810669759350536,0.31893302406494634
9900,YJL219W YNL268W,0.0,NA,0.00046557243331335485,2850,21140,9901,0,0.37623557876722435,0.11879949979157982,1.0,0.6810347604780774,0.3189652395219226
9901,YDL063C YJR089W,0.0,NA,0.00046558325993828475,2850,21139,9902,0,0.3762650851258446,0.11880445204051857,1.0,0.6810025450211011,0.31899745497889886
9902,YKL181W YOL130W,0.0,NA,0.00046624301467090845,2850,21138,9903,0,0.3762945914844649,0.11880940470235117,1.0,0.6809703295641248,0.31902967043587516
9903,YMR192W YKL114C,0.0,NA,0.00046652002492919564,2850,21137,9904,0,0.3763240978430852,0.11881435777712927,1.0,0.6809381141071487,0.3190618858928514
9904,YOR270C YKL074C,0.0,NA,0.0004667497123591602,2850,21136,9905,0,0.3763536042017055,0.11881931126490453,1.0,0.6809058986501724,0.31909410134982763
9905,YJL097W YKR103W,0.0,NA,0.00046678175567649305,2850,21135,9906,0,0.37638311056032575,0.11882426516572858,1.0,0.6808736831931961,0.3191263168068039
9906,YHR092C YOR099W,0.0,NA,0.0004676190437749028,2850,21134,9907,0,0.376412616918946,0.11882921947965311,1.0,0.6808414677362198,0.31915853226378016
9907,YAR071W YLR396C,0.0,NA,0.00046765871229581535,2850,21133,9908,0,0.3764421232775663,0.11883417420672977,1.0,0.6808092522792436,0.3191907477207564
9908,YOR293W YKL035W,0.0,NA,0.00046781072160229087,2850,21132,9909,0,0.3764716296361866,0.11883912934701026,1.0,0.6807770368222673,0.3192229631777327
9909,YNL074C YLR102C,0.0,NA,0.00046785554150119424,2850,21131,9910,0,0.3765011359948069,0.11884408490054627,1.0,0.680744821365291,0.3192551786347089
9910,YMR299C YLR043C,0.0,NA,0.0004680007405113429,2850,21130,9911,0,0.37653064235342715,0.1188490408673895,1.0,0.6807126059083148,0.3192873940916852
9911,YCL067C YDR037W,0.0,NA,0.0004681910795625299,2850,21129,9912,0,0.37656014871204746,0.11885399724759164,1.0,0.6806803904513385,0.31931960954866145
9912,YML049C YOR315W,0.0,NA,0.0004683903534896672,2850,21128,9913,0,0.3765896550706677,0.11885895404120443,1.0,0.6806481749943623,0.3193518250056377
9913,YHR211W YLR103C,0.0,NA,0.00046856453991495073,2850,21127,9914,0,0.37661916142928803,0.11886391124827961,1.0,0.6806159595373861,0.319384040462614
9914,YPL065W YMR251W,0.0,NA,0.00046888444921933115,2850,21126,9915,0,0.3766486677879083,0.11886886886886887,1.0,0.6805837440804098,0.3194162559195902
9915,YNL167C YMR182C,0.0,NA,0.0004691880021709949,2850,21125,9916,0,0.3766781741465286,0.11887382690302398,1.0,0.6805515286234335,0.31944847137656646
9916,YNL297C YFR032C-A,0.0,NA,0.0004691996145993471,2850,21124,9917,0,0.37670768050514886,0.1188787853507967,1.0,0.6805193131664573,0.31948068683354275
9917,YPL007C YCL052C,0.0,NA,0.00046949449460953474,2850,21123,9918,0,0.37673718686376917,0.11888374421223877,1.0,0.680487097709481,0.319512902290519
9918,YFR040W YJL095W,0.0,NA,0.00046959740575402975,2850,21122,9919,0,0.3767666932223894,0.11888870348740196,1.0,0.6804548822525047,0.3195451177474952
9919,YGR096W YKL085W,0.0,NA,0.0004702646692749113,2850,21121,9920,0,0.3767961995810097,0.11889366317633808,1.0,0.6804226667955285,0.3195773332044715
9920,YML080W YHR039C,0.0,NA,0.0004703446466010064,2850,21120,9921,0,0.37682570593963,0.11889862327909888,1.0,0.6803904513385522,0.31960954866144775
9921,YJL091C YHR183W,0.0,NA,0.00047045835526660085,2850,21119,9922,0,0.37685521229825025,0.11890358379573616,1.0,0.680358235881576,0.31964176411842404
9922,YDR071C YBR267W,0.0,NA,0.0004704796301666647,2850,21118,9923,0,0.37688471865687057,0.11890854472630173,1.0,0.6803260204245998,0.3196739795754003
9923,YML099C YGL223C,0.0,NA,0.0004706698236986995,2850,21117,9924,0,0.3769142250154908,0.11891350607084741,1.0,0.6802938049676235,0.3197061950323765
9924,YDR281C YHR205W,0.0,NA,0.00047068664571270347,2850,21116,9925,0,0.37694373137411114,0.11891846782942501,1.0,0.6802615895106472,0.3197384104893528
9925,YMR127C YLL028W,0.0,NA,0.00047091415035538375,2850,21115,9926,0,0.3769732377327314,0.11892343000208637,1.0,0.6802293740536709,0.31977062594632905
9926,YDR416W YDL195W,0.0,NA,0.00047093661851249635,2850,21114,9927,0,0.3770027440913517,0.11892839258888332,1.0,0.6801971585966947,0.3198028414033053
9927,YJL121C YBR289W,0.0,NA,0.0004715322866104543,2850,21113,9928,0,0.37703225044997196,0.11893335558986771,1.0,0.6801649431397184,0.3198350568602816
9928,YMR021C YNL231C,0.0,NA,0.0004716104594990611,2850,21112,9929,0,0.3770617568085923,0.1189383190050914,1.0,0.6801327276827421,0.3198672723172578
9929,YPL092W YPR192W,0.0,NA,0.00047173278289847076,2850,21111,9930,0,0.37709126316721253,0.11894328283460623,1.0,0.680100512225766,0.3198994877742341
9930,YDL150W YBR139W,0.0,NA,0.00047252370859496295,2850,21110,9931,0,0.37712076952583284,0.1189482470784641,1.0,0.6800682967687897,0.31993170323121034
9931,YKR038C YLL028W,0.0,NA,0.00047271992661990225,2850,21109,9932,0,0.3771502758844531,0.11895321173671689,1.0,0.6800360813118134,0.3199639186881866
9932,YMR011W YLR298C,0.0,NA,0.00047293759416788816,2850,21108,9933,0,0.37717978224307336,0.11895817680941648,1.0,0.6800038658548372,0.31999613414516287
9933,YGL227W YOR115C,0.0,NA,0.0004730958607979119,2850,21107,9934,0,0.37720928860169367,0.11896314229661477,1.0,0.6799716503978609,0.3200283496021391
9934,YOR372C YBR106W,0.0,NA,0.00047342857578769326,2850,21106,9935,0,0.37723879496031393,0.11896810819836366,1.0,0.6799394349408846,0.32006056505911534
9935,YPL241C YCR063W,0.0,NA,0.000473931577289477,2850,21105,9936,0,0.37726830131893424,0.11897307451471509,1.0,0.6799072194839084,0.32009278051609164
9936,YAR002C-A YNR026C,0.0,NA,0.00047400451148860157,2850,21104,9937,0,0.3772978076775545,0.11897804124572096,1.0,0.6798750040269321,0.32012499597306787
9937,YDR335W YJL138C,0.0,NA,0.00047413422726094723,2850,21103,9938,0,0.3773273140361748,0.11898300839143322,1.0,0.6798427885699558,0.3201572114300441
9938,YBL009W YBR167C,0.0,NA,0.0004742017772514373,2850,21102,9939,0,0.37735682039479507,0.1189879759519038,1.0,0.6798105731129797,0.3201894268870204
9939,YAL015C YOR270C,0.0,NA,0.0004747160419356078,2850,21101,9940,0,0.3773863267534154,0.11899294392718467,1.0,0.6797783576560034,0.32022164234399664
9940,YKL055C YOL125W,0.0,NA,0.00047485812683589756,2850,21100,9941,0,0.37741583311203564,0.11899791231732777,1.0,0.6797461421990271,0.32025385780097293
9941,YDR057W YGR142W,0.0,NA,0.00047516287304461,2850,21099,9942,0,0.37744533947065595,0.11900288112238507,1.0,0.6797139267420509,0.32028607325794917
9942,YOR315W YDR507C,0.0,NA,0.00047615921357646585,2850,21098,9943,0,0.3774748458292762,0.11900785034240856,1.0,0.6796817112850746,0.3203182887149254
9943,YLR396C YJR153W,0.0,NA,0.00047637871466577053,2850,21097,9944,0,0.3775043521878965,0.1190128199774502,1.0,0.6796494958280983,0.3203505041719017
9944,YKL019W YKL143W,0.0,NA,0.0004764743207488209,2850,21096,9945,0,0.3775338585465168,0.11901779002756202,1.0,0.679617280371122,0.32038271962887793
9945,YGL169W YNR026C,0.0,NA,0.00047726434422656894,2850,21095,9946,0,0.37756336490513703,0.11902276049279599,1.0,0.6795850649141458,0.32041493508585417
9946,YDR325W YOL039W,0.0,NA,0.00047739199362695217,2850,21094,9947,0,0.37759287126375735,0.11902773137320415,1.0,0.6795528494571695,0.32044715054283046
9947,YPR107C YGL027C,0.0,NA,0.00047798827290534973,2850,21093,9948,0,0.3776223776223776,0.11903270266883849,1.0,0.6795206340001932,0.3204793659998067
9948,YDR023W YDR400W,0.0,NA,0.0004783045733347535,2850,21092,9949,0,0.3776518839809979,0.11903767437975106,1.0,0.6794884185432171,0.320511581456783
9949,YJR136C YPL198W,0.0,NA,0.0004788387450389564,2850,21091,9950,0,0.3776813903396182,0.1190426465059939,1.0,0.6794562030862408,0.3205437969137592
9950,YGR262C YOR179C,0.0,NA,0.0004797590954694897,2850,21090,9951,0,0.3777108966982385,0.11904761904761904,1.0,0.6794239876292645,0.32057601237073546
9951,YCR035C YNL039W,0.0,NA,0.00047981698298826814,2850,21089,9952,0,0.37774040305685874,0.11905259200467856,1.0,0.6793917721722883,0.32060822782771176
9952,YIL050W YHL002W,0.0,NA,0.00047988400910981,2850,21088,9953,0,0.37776990941547905,0.11905756537722449,1.0,0.679359556715312,0.320640443284688
9953,YHR186C YCR020C-A,0.0,NA,0.0004803576448466629,2850,21087,9954,0,0.3777994157740993,0.11906253916530894,1.0,0.6793273412583357,0.32067265874166423
9954,YML019W YIL149C,0.0,NA,0.0004804203927051276,2850,21086,9955,0,0.3778289221327196,0.11906751336898395,1.0,0.6792951258013595,0.3207048741986405
9955,YER007W YKL015W,0.0,NA,0.0004807667573913932,2850,21085,9956,0,0.3778584284913399,0.11907248798830165,1.0,0.6792629103443832,0.32073708965561676
9956,YBR189W YGR087C,0.0,NA,0.0004810440877918154,2850,21084,9957,0,0.37788793484996014,0.11907746302331411,1.0,0.679230694887407,0.320769305112593
9957,YOR068C YOR145C,0.0,NA,0.0004812953993678093,2850,21083,9958,0,0.37791744120858045,0.11908243847407346,1.0,0.6791984794304308,0.3208015205695693
9958,YLR068W YNL322C,0.0,NA,0.0004818150191567838,2850,21082,9959,0,0.3779469475672007,0.11908741434063179,1.0,0.6791662639734545,0.3208337360265455
9959,YKL144C YGR255C,0.0,NA,0.00048209066153503954,2850,21081,9960,0,0.377976453925821,0.11909239062304125,1.0,0.6791340485164782,0.3208659514835218
9960,YBL011W YDR486C,0.0,NA,0.0004822338232770562,2850,21080,9961,0,0.3780059602844413,0.11909736732135395,1.0,0.679101833059502,0.32089816694049805
9961,YLR432W YGR024C,0.0,NA,0.0004827708180528134,2850,21079,9962,0,0.3780354666430616,0.11910234443562205,1.0,0.6790696176025257,0.3209303823974743
9962,YLR362W YNL004W,0.0,NA,0.0004830861580558121,2850,21078,9963,0,0.37806497300168185,0.1191073219658977,1.0,0.6790374021455494,0.3209625978544506
9963,YML082W YKR056W,0.0,NA,0.00048319133929908276,2850,21077,9964,0,0.37809447936030216,0.11911229991223304,1.0,0.6790051866885731,0.3209948133114268
9964,YLR110C YER157W,0.0,NA,0.00048325632815249264,2850,21076,9965,0,0.3781239857189224,0.11911727827468026,1.0,0.678972971231597,0.32102702876840306
9965,YDR156W YJL029C,0.0,NA,0.0004832922713831067,2850,21075,9966,0,0.37815349207754273,0.11912225705329153,1.0,0.6789407557746207,0.32105924422537935
9966,YFL050C YOR254C,0.0,NA,0.0004837423039134592,2850,21074,9967,0,0.378182998436163,0.11912723624811905,1.0,0.6789085403176444,0.3210914596823556
9967,YOL059W YLR188W,0.0,NA,0.00048452455666847527,2850,21073,9968,0,0.3782125047947833,0.11913221585921498,1.0,0.6788763248606682,0.3211236751393319
9968,YOL041C YNL278W,0.0,NA,0.0004858416796196252,2850,21072,9969,0,0.37824201115340356,0.11913719588663155,1.0,0.6788441094036919,0.3211558905963081
9969,YER100W YOR242C,0.0,NA,0.0004870533011853695,2850,21071,9970,0,0.3782715175120238,0.11914217633042097,1.0,0.6788118939467156,0.32118810605328435
9970,YGR097W YAL015C,0.0,NA,0.00048778296331875026,2850,21070,9971,0,0.3783010238706441,0.11914715719063546,1.0,0.6787796784897394,0.32122032151026064
9971,YLR024C YDL108W,0.0,NA,0.00048821023665368557,2850,21069,9972,0,0.3783305302292644,0.11915213846732722,1.0,0.6787474630327631,0.3212525369672369
9972,YMR247C YDR166C,0.0,NA,0.0004887941177003086,2850,21068,9973,0,0.3783600365878847,0.11915712016054854,1.0,0.6787152475757868,0.3212847524242131
9973,YKL052C YPL203W,0.0,NA,0.0004898244515061378,2850,21067,9974,0,0.37838954294650495,0.11916210227035164,1.0,0.6786830321188106,0.3213169678811894
9974,YBR061C YCR060W,0.0,NA,0.0004900446510873735,2850,21066,9975,0,0.37841904930512527,0.11916708479678877,1.0,0.6786508166618344,0.32134918333816564
9975,YHR028C YOR212W,0.0,NA,0.0004905241075903177,2850,21065,9976,0,0.3784485556637455,0.1191720677399122,1.0,0.6786186012048581,0.3213813987951419
9976,YER072W YGR096W,0.0,NA,0.0004908758564852178,2850,21064,9977,0,0.37847806202236584,0.1191770510997742,1.0,0.6785863857478819,0.3214136142521182
9977,YBL024W YNR047W,0.0,NA,0.0004909874405711889,2850,21063,9978,0,0.3785075683809861,0.11918203487642705,1.0,0.6785541702909056,0.3214458297090944
9978,YOR234C YLR406C,0.0,NA,0.0004915639292448759,2850,21062,9979,0,0.3785370747396064,0.11918701906992304,1.0,0.6785219548339293,0.3214780451660707
9979,YOR084W YKL184W,0.0,NA,0.0004916907055303454,2850,21061,9980,0,0.37856658109822666,0.1191920036803145,1.0,0.6784897393769531,0.32151026062304694
9980,YPR110C YNL219C,0.0,NA,0.0004918601480312645,2850,21060,9981,0,0.378596087456847,0.1191969887076537,1.0,0.6784575239199768,0.3215424760800232
9981,YKL159C YLR113W,0.0,NA,0.0004922227235510945,2850,21059,9982,0,0.37862559381546723,0.11920197415199298,1.0,0.6784253084630005,0.32157469153699947
9982,YJL189W YOL162W,0.0,NA,0.000492474006023258,2850,21058,9983,0,0.3786551001740875,0.11920696001338464,1.0,0.6783930930060242,0.3216069069939757
9983,YIL002C YHR165C,0.0,NA,0.0004925671964883804,2850,21057,9984,0,0.3786846065327078,0.11921194629188103,1.0,0.6783608775490481,0.32163912245095194
9984,YLR273C YLR034C,0.0,NA,0.0004926822148263454,2850,21056,9985,0,0.37871411289132806,0.11921693298753451,1.0,0.6783286620920718,0.32167133790792823
9985,YPR032W YBR038W,0.0,NA,0.0004928386770188808,2850,21055,9986,0,0.37874361924994837,0.11922192010039741,1.0,0.6782964466350955,0.32170355336490447
9986,YKL045W YDR447C,0.0,NA,0.0004932268639095128,2850,21054,9987,0,0.37877312560856863,0.11922690763052209,1.0,0.6782642311781193,0.32173576882188076
9987,YIL077C YCL059C,0.0,NA,0.0004936334444209933,2850,21053,9988,0,0.37880263196718894,0.11923189557796092,1.0,0.678232015721143,0.321767984278857
9988,YBL021C YJL167W,0.0,NA,0.0004939961363561451,2850,21052,9989,0,0.3788321383258092,0.1192368839427663,1.0,0.6781998002641667,0.32180019973583324
9989,YBL046W YPR149W,0.0,NA,0.0004942582454532385,2850,21051,9990,0,0.3788616446844295,0.11924187272499058,1.0,0.6781675848071905,0.32183241519280953
9990,YOL125W YPR185W,0.0,NA,0.0004944792599417269,2850,21050,9991,0,0.37889115104304977,0.1192468619246862,1.0,0.6781353693502142,0.32186463064978577
9991,YBR131W YNL051W,0.0,NA,0.0004949774593114853,2850,21049,9992,0,0.3789206574016701,0.11925185154190551,1.0,0.6781031538932379,0.321896846106762
9992,YMR145C YER098W,0.0,NA,0.0004952879971824586,2850,21048,9993,0,0.37895016376029034,0.11925684157670098,1.0,0.6780709384362618,0.3219290615637383
9993,YJR051W YKR076W,0.0,NA,0.0004954554024152458,2850,21047,9994,0,0.37897967011891065,0.11926183202912499,1.0,0.6780387229792855,0.32196127702071453
9994,YPL252C YDL003W,0.0,NA,0.0004956224001944065,2850,21046,9995,0,0.3790091764775309,0.11926682289922999,1.0,0.6780065075223092,0.3219934924776908
9995,YAR009C YGR074W,0.0,NA,0.0004963147221133113,2850,21045,9996,0,0.37903868283615116,0.11927181418706842,1.0,0.677974292065333,0.32202570793466706
9996,YDR064W YER124C,0.0,NA,0.0004964091349393129,2850,21044,9997,0,0.3790681891947715,0.11927680589269272,1.0,0.6779420766083567,0.3220579233916433
9997,YDR314C YLR054C,0.0,NA,0.0004964098334312439,2850,21043,9998,0,0.37909769555339173,0.11928179801615536,1.0,0.6779098611513804,0.3220901388486196
9998,YML046W YGL006W,0.0,NA,0.0004964827094227076,2850,21042,9999,0,0.37912720191201205,0.11928679055750879,1.0,0.6778776456944042,0.3221223543055958
9999,YER099C YGL171W,0.0,NA,0.0004965733387507498,2850,21041,10000,0,0.3791567082706323,0.11929178351680549,1.0,0.6778454302374279,0.32215456976257206
10000,YDR320C YDL063C,0.0,NA,0.0004966452834196389,2850,21040,10001,0,0.3791862146292526,0.11929677689409796,1.0,0.6778132147804516,0.32218678521954836
10001,YKR095W-A YMR112C,0.0,NA,0.0004973891191184521,2850,21039,10002,0,0.3792157209878729,0.11930177068943866,1.0,0.6777809993234754,0.3222190006765246
10002,YOR386W YDR313C,0.0,NA,0.0004984256811439991,2850,21038,10003,0,0.3792452273464932,0.11930676490288011,1.0,0.6777487838664992,0.32225121613350083
10003,YKL049C YLL040C,0.0,NA,0.0004984783590771258,2850,21037,10004,0,0.37927473370511344,0.11931175953447481,1.0,0.6777165684095229,0.3222834315904771
10004,YGR212W YHR064C,0.0,NA,0.0004989232984371483,2850,21036,10005,0,0.37930424006373376,0.1193167545842753,1.0,0.6776843529525466,0.32231564704745336
10005,YCL054W YKL206C,0.0,NA,0.0004991557216271758,2850,21035,10006,0,0.379333746422354,0.1193217500523341,1.0,0.6776521374955704,0.32234786250442965
10006,YOR316C YPL152W,0.0,NA,0.000499173766002059,2850,21034,10007,0,0.3793632527809743,0.11932674593870374,1.0,0.6776199220385941,0.3223800779614059
10007,YAR071W YPL046C,0.0,NA,0.0004999623633921146,2850,21033,10008,0,0.3793927591395946,0.11933174224343675,1.0,0.6775877065816178,0.3224122934183821
10008,YHR077C YOL020W,0.0,NA,0.0005011181347072124,2850,21032,10009,0,0.37942226549821484,0.11933673896658571,1.0,0.6775554911246416,0.3224445088753584
10009,YOR046C YOR250C,0.0,NA,0.0005012241890653968,2850,21031,10010,0,0.37945177185683515,0.11934173610820317,1.0,0.6775232756676653,0.32247672433233465
10010,YGR032W YPL169C,0.0,NA,0.0005017456714995205,2850,21030,10011,0,0.3794812782154554,0.11934673366834171,1.0,0.6774910602106891,0.3225089397893109
10011,YKR088C YKR002W,0.0,NA,0.0005023221019655466,2850,21029,10012,0,0.3795107845740757,0.1193517316470539,1.0,0.6774588447537129,0.3225411552462872
10012,YGL252C YPL258C,0.0,NA,0.000504082883708179,2850,21028,10013,0,0.379540290932696,0.11935673004439233,1.0,0.6774266292967366,0.3225733707032634
10013,YJR159W YHR041C,0.0,NA,0.0005041052354499698,2850,21027,10014,0,0.3795697972913163,0.1193617288604096,1.0,0.6773944138397603,0.3226055861602397
10014,YKR063C YGL243W,0.0,NA,0.0005044928984716535,2850,21026,10015,0,0.37959930364993655,0.11936672809515832,1.0,0.6773621983827841,0.32263780161721595
10015,YNL239W YML007W,0.0,NA,0.0005045557045377791,2850,21025,10016,0,0.37962881000855686,0.1193717277486911,1.0,0.6773299829258078,0.3226700170741922
10016,YKR092C YJR139C,0.0,NA,0.0005047612939961255,2850,21024,10017,0,0.3796583163671771,0.11937672782106057,1.0,0.6772977674688315,0.3227022325311685
10017,YGR249W YPR134W,0.0,NA,0.0005051572225056589,2850,21023,10018,0,0.37968782272579743,0.11938172831231936,1.0,0.6772655520118553,0.3227344479881447
10018,YFR051C YNL158W,0.0,NA,0.000506047101225704,2850,21022,10019,0,0.3797173290844177,0.11938672922252011,1.0,0.677233336554879,0.32276666344512095
10019,YBR240C YLR195C,0.0,NA,0.0005067719030193985,2850,21021,10020,0,0.379746835443038,0.11939173055171547,1.0,0.6772011210979028,0.32279887890209724
10020,YBL064C YER073W,0.0,NA,0.0005067858728580177,2850,21020,10021,0,0.37977634180165826,0.1193967322999581,1.0,0.6771689056409265,0.3228310943590735
10021,YOL151W YOL116W,0.0,NA,0.000506832730025053,2850,21019,10022,0,0.3798058481602785,0.11940173446730068,1.0,0.6771366901839503,0.3228633098160497
10022,YHR206W YBL027W,0.0,NA,0.0005071446648798883,2850,21018,10023,0,0.3798353545188988,0.11940673705379588,1.0,0.677104474726974,0.322895525273026
10023,YDR435C YER081W,0.0,NA,0.0005072317435406148,2850,21017,10024,0,0.3798648608775191,0.11941174005949638,1.0,0.6770722592699977,0.32292774073000224
10024,YDR072C YKR062W,0.0,NA,0.0005072411731816828,2850,21016,10025,0,0.3798943672361394,0.11941674348445487,1.0,0.6770400438130215,0.32295995618697854
10025,YLR313C YNL339C,0.0,NA,0.0005074164364486933,2850,21015,10026,0,0.37992387359475965,0.11942174732872407,1.0,0.6770078283560452,0.3229921716439548
10026,YDR536W YPL194W,0.0,NA,0.0005077943205833435,2850,21014,10027,0,0.37995337995337997,0.11942675159235669,1.0,0.6769756128990689,0.323024387100931
10027,YOR032C YDL080C,0.0,NA,0.0005078579997643828,2850,21013,10028,0,0.3799828863120002,0.11943175627540543,1.0,0.6769433974420928,0.3230566025579073
10028,YKL182W YNL004W,0.0,NA,0.0005084935110062361,2850,21012,10029,0,0.38001239267062054,0.11943676137792306,1.0,0.6769111819851165,0.32308881801488354
10029,YDL098C YDL192W,0.0,NA,0.0005087541067041457,2850,21011,10030,0,0.3800418990292408,0.11944176689996228,1.0,0.6768789665281402,0.3231210334718598
10030,YIL097W YBR128C,0.0,NA,0.0005092535866424441,2850,21010,10031,0,0.3800714053878611,0.11944677284157586,1.0,0.676846751071164,0.32315324892883607
10031,YMR163C YDR164C,0.0,NA,0.0005093179061077535,2850,21009,10032,0,0.38010091174648136,0.11945177920281655,1.0,0.6768145356141877,0.3231854643858123
10032,YJR042W YNL261W,0.0,NA,0.0005099652335047722,2850,21008,10033,0,0.3801304181051017,0.11945678598373712,1.0,0.6767823201572114,0.3232176798427886
10033,YKR024C YEL029C,0.0,NA,0.0005102204740978777,2850,21007,10034,0,0.38015992446372193,0.11946179318439032,1.0,0.6767501047002352,0.32324989529976483
10034,YBL079W YOR098C,0.0,NA,0.000511104182805866,2850,21006,10035,0,0.3801894308223422,0.11946680080482898,1.0,0.6767178892432589,0.32328211075674107
10035,YML051W YNR054C,0.0,NA,0.0005111428909003735,2850,21005,10036,0,0.3802189371809625,0.11947180884510585,1.0,0.6766856737862826,0.32331432621371736
10036,YDR206W YHR104W,0.0,NA,0.0005112315993756056,2850,21004,10037,0,0.38024844353958276,0.11947681730527375,1.0,0.6766534583293065,0.3233465416706936
10037,YJL127C YPL135W,0.0,NA,0.0005121153662912548,2850,21003,10038,0,0.38027794989820307,0.11948182618538548,1.0,0.6766212428723302,0.32337875712766984
10038,YPL188W YHR200W,0.0,NA,0.0005121577996760607,2850,21002,10039,0,0.38030745625682333,0.11948683548549388,1.0,0.6765890274153539,0.32341097258464613
10039,YOR332W YKL165C,0.0,NA,0.0005121951689943671,2850,21001,10040,0,0.38033696261544364,0.11949184520565176,1.0,0.6765568119583776,0.32344318804162236
10040,YGR023W YPL274W,0.0,NA,0.0005123870796523988,2850,21000,10041,0,0.3803664689740639,0.11949685534591195,1.0,0.6765245965014014,0.3234754034985986
10041,YOR124C YHR084W,0.0,NA,0.0005127884214743972,2850,20999,10042,0,0.3803959753326842,0.1195018659063273,1.0,0.6764923810444251,0.3235076189555749
10042,YER142C YDR434W,0.0,NA,0.0005129390046931803,2850,20998,10043,0,0.38042548169130447,0.11950687688695069,1.0,0.6764601655874488,0.32353983441255113
10043,YJR017C YDR394W,0.0,NA,0.0005132363294251263,2850,20997,10044,0,0.3804549880499248,0.11951188828783495,1.0,0.6764279501304726,0.3235720498695274
10044,YOR008C-A YHR004C,0.0,NA,0.0005136332474648952,2850,20996,10045,0,0.38048449440854504,0.11951690010903296,1.0,0.6763957346734963,0.32360426532650366
10045,YDR320C YDR153C,0.0,NA,0.0005138085689395666,2850,20995,10046,0,0.38051400076716535,0.11952191235059761,1.0,0.67636351921652,0.3236364807834799
10046,YFL022C YDR183W,0.0,NA,0.0005138526321388781,2850,20994,10047,0,0.3805435071257856,0.11952692501258178,1.0,0.6763313037595439,0.3236686962404562
10047,YLR345W YBL078C,0.0,NA,0.0005140393041074276,2850,20993,10048,0,0.38057301348440586,0.11953193809503837,1.0,0.6762990883025676,0.3237009116974324
10048,YHR072W YEL066W,0.0,NA,0.0005141314468346536,2850,20992,10049,0,0.3806025198430262,0.1195369515980203,1.0,0.6762668728455913,0.32373312715440866
10049,YJR059W YIL016W,0.0,NA,0.0005144412280060351,2850,20991,10050,0,0.38063202620164643,0.11954196552158047,1.0,0.6762346573886151,0.32376534261138495
10050,YGR175C YNL080C,0.0,NA,0.0005145672475919127,2850,20990,10051,0,0.38066153256026675,0.11954697986577181,1.0,0.6762024419316388,0.3237975580683612
10051,YBL074C YAL028W,0.0,NA,0.0005149573553353548,2850,20989,10052,0,0.380691038918887,0.11955199463064727,1.0,0.6761702264746625,0.3238297735253375
10052,YBR049C YMR137C,0.0,NA,0.0005152298253960907,2850,20988,10053,0,0.3807205452775073,0.11955700981625976,1.0,0.6761380110176863,0.3238619889823137
10053,YGL144C YDR385W,0.0,NA,0.0005152543890289962,2850,20987,10054,0,0.3807500516361276,0.11956202542266224,1.0,0.67610579556071,0.32389420443928996
10054,YGR060W YDR143C,0.0,NA,0.0005152887897565961,2850,20986,10055,0,0.3807795579947479,0.11956704144990771,1.0,0.6760735801037338,0.32392641989626625
10055,YJR089W YIL048W,0.0,NA,0.0005156435072422028,2850,20985,10056,0,0.38080906435336814,0.11957205789804909,1.0,0.6760413646467575,0.3239586353532425
10056,YNL316C YPL003W,0.0,NA,0.0005158819258213043,2850,20984,10057,0,0.38083857071198846,0.11957707476713939,1.0,0.6760091491897813,0.3239908508102187
10057,YGL011C YJL115W,0.0,NA,0.0005162031739018857,2850,20983,10058,0,0.3808680770706087,0.11958209205723157,1.0,0.675976933732805,0.324023066267195
10058,YLR025W YPL248C,0.0,NA,0.0005163424066267908,2850,20982,10059,0,0.380897583429229,0.11958710976837865,1.0,0.6759447182758287,0.32405528172417125
10059,YPR043W YBR086C,0.0,NA,0.0005166102200746536,2850,20981,10060,0,0.3809270897878493,0.11959212790063363,1.0,0.6759125028188525,0.3240874971811475
10060,YKL007W YPR122W,0.0,NA,0.0005171134835109115,2850,20980,10061,0,0.38095659614646954,0.11959714645404952,1.0,0.6758802873618762,0.3241197126381238
10061,YIL042C YBR258C,0.0,NA,0.0005173045210540295,2850,20979,10062,0,0.38098610250508985,0.11960216542867934,1.0,0.6758480719048999,0.3241519280951
10062,YGR032W YGR232W,0.0,NA,0.0005176034173928201,2850,20978,10063,0,0.3810156088637101,0.11960718482457613,1.0,0.6758158564479237,0.3241841435520763
10063,YOL101C YFR004W,0.0,NA,0.000517643871717155,2850,20977,10064,0,0.3810451152223304,0.11961220464179292,1.0,0.6757836409909475,0.32421635900905255
10064,YGR282C YBL037W,0.0,NA,0.0005176665727049112,2850,20976,10065,0,0.3810746215809507,0.11961722488038277,1.0,0.6757514255339712,0.3242485744660288
10065,YCR016W YDR449C,0.0,NA,0.000517719890922308,2850,20975,10066,0,0.381104127939571,0.11962224554039874,1.0,0.675719210076995,0.3242807899230051
10066,YKL058W YKR086W,0.0,NA,0.0005181569722481072,2850,20974,10067,0,0.38113363429819125,0.1196272666218939,1.0,0.6756869946200187,0.3243130053799813
10067,YJL138C YJR132W,0.0,NA,0.0005183261819183826,2850,20973,10068,0,0.38116314065681156,0.1196322881249213,1.0,0.6756547791630424,0.32434522083695755
10068,YNL149C YLR370C,0.0,NA,0.0005187646020203829,2850,20972,10069,0,0.3811926470154318,0.11963731004953404,1.0,0.6756225637060662,0.32437743629393384
10069,YDL192W YPL126W,0.0,NA,0.0005189119838178158,2850,20971,10070,0,0.38122215337405213,0.11964233239578523,1.0,0.6755903482490899,0.3244096517509101
10070,YPL112C YIR041W,0.0,NA,0.0005193919641897082,2850,20970,10071,0,0.3812516597326724,0.11964735516372796,1.0,0.6755581327921136,0.32444186720788637
10071,YMR043W YER125W,0.0,NA,0.0005196863785386086,2850,20969,10072,0,0.3812811660912927,0.11965237835341534,1.0,0.6755259173351374,0.3244740826648626
10072,YAR002W YDR343C,0.0,NA,0.0005203161272220314,2850,20968,10073,0,0.38131067244991296,0.11965740196490049,1.0,0.6754937018781612,0.32450629812183884
10073,YDL174C YGR123C,0.0,NA,0.0005207870271988213,2850,20967,10074,0,0.3813401788085332,0.11966242599823655,1.0,0.6754614864211849,0.32453851357881514
10074,YIL110W YNL194C,0.0,NA,0.0005210638046264648,2850,20966,10075,0,0.3813696851671535,0.11966745045347665,1.0,0.6754292709642086,0.32457072903579137
10075,YAL058W YNL330C,0.0,NA,0.0005211817915551364,2850,20965,10076,0,0.3813991915257738,0.11967247533067395,1.0,0.6753970555072324,0.3246029444927676
10076,YGR163W YNL309W,0.0,NA,0.0005214096163399518,2850,20964,10077,0,0.3814286978843941,0.11967750062988158,1.0,0.6753648400502561,0.3246351599497439
10077,YGR040W YMR236W,0.0,NA,0.0005220752791501582,2850,20963,10078,0,0.38145820424301435,0.11968252635115273,1.0,0.6753326245932798,0.32466737540672014
10078,YPL147W YDR174W,0.0,NA,0.0005223285988904536,2850,20962,10079,0,0.38148771060163467,0.11968755249454056,1.0,0.6753004091363036,0.3246995908636964
10079,YCR033W YDR513W,0.0,NA,0.0005230138776823878,2850,20961,10080,0,0.3815172169602549,0.11969257906009827,1.0,0.6752681936793273,0.32473180632067267
10080,YJR136C YBR042C,0.0,NA,0.0005230148672126234,2850,20960,10081,0,0.38154672331887524,0.11969760604787905,1.0,0.675235978222351,0.3247640217776489
10081,YGR296W YOR091W,0.0,NA,0.0005236900760792196,2850,20959,10082,0,0.3815762296774955,0.11970263345793608,1.0,0.6752037627653749,0.3247962372346252
10082,YGL224C YBR042C,0.0,NA,0.0005242274492047727,2850,20958,10083,0,0.3816057360361158,0.11970766129032258,1.0,0.6751715473083986,0.32482845269160143
10083,YLR262C YPL268W,0.0,NA,0.0005243688938207924,2850,20957,10084,0,0.38163524239473606,0.11971268954509177,1.0,0.6751393318514223,0.32486066814857767
10084,YER051W YMR229C,0.0,NA,0.0005243931082077324,2850,20956,10085,0,0.3816647487533564,0.1197177182222969,1.0,0.6751071163944461,0.32489288360555396
10085,YGR094W YOR373W,0.0,NA,0.0005246101063676178,2850,20955,10086,0,0.38169425511197663,0.11972274732199117,1.0,0.6750749009374698,0.3249250990625302
10086,YHR065C YOL049W,0.0,NA,0.0005248942179605365,2850,20954,10087,0,0.3817237614705969,0.11972777684422786,1.0,0.6750426854804935,0.32495731451950643
10087,YOL039W YBR199W,0.0,NA,0.000524925475474447,2850,20953,10088,0,0.3817532678292172,0.1197328067890602,1.0,0.6750104700235173,0.3249895299764827
10088,YJL050W YHL020C,0.0,NA,0.0005249527748674154,2850,20952,10089,0,0.38178277418783746,0.11973783715654147,1.0,0.674978254566541,0.32502174543345896
10089,YGR020C YJL095W,0.0,NA,0.0005250265821814537,2850,20951,10090,0,0.38181228054645777,0.11974286794672492,1.0,0.6749460391095647,0.32505396089043526
10090,YOR145C YOL044W,0.0,NA,0.000525216746609658,2850,20950,10091,0,0.38184178690507803,0.11974789915966387,1.0,0.6749138236525886,0.3250861763474115
10091,YDR412W YIL103W,0.0,NA,0.000525358715094626,2850,20949,10092,0,0.38187129326369834,0.11975293079541158,1.0,0.6748816081956123,0.32511839180438773
10092,YDR402C YOL116W,0.0,NA,0.0005255958531051874,2850,20948,10093,0,0.3819007996223186,0.11975796285402135,1.0,0.674849392738636,0.325150607261364
10093,YLR409C YOL020W,0.0,NA,0.0005259376484900713,2850,20947,10094,0,0.3819303059809389,0.1197629953355465,1.0,0.6748171772816597,0.32518282271834026
10094,YLR058C YOL103W,0.0,NA,0.0005263561615720391,2850,20946,10095,0,0.38195981233955917,0.11976802824004035,1.0,0.6747849618246835,0.3252150381753165
10095,YGL207W YOR244W,0.0,NA,0.0005274318973533809,2850,20945,10096,0,0.3819893186981795,0.11977306156755621,1.0,0.6747527463677072,0.3252472536322928
10096,YGL158W YMR010W,0.0,NA,0.0005275729345157743,2850,20944,10097,0,0.38201882505679974,0.11977809531814743,1.0,0.6747205309107309,0.325279469089269
10097,YLR399C YLR310C,0.0,NA,0.0005276058800518513,2850,20943,10098,0,0.38204833141542005,0.11978312949186735,1.0,0.6746883154537547,0.32531168454624526
10098,YGL070C YOR359W,0.0,NA,0.0005276823067106307,2850,20942,10099,0,0.3820778377740403,0.11978816408876933,1.0,0.6746560999967784,0.32534390000322155
10099,YJR053W YBR170C,0.0,NA,0.0005278433091007173,2850,20941,10100,0,0.38210734413266056,0.11979319910890673,1.0,0.6746238845398022,0.3253761154601978
10100,YHR025W YPR017C,0.0,NA,0.0005281761987134814,2850,20940,10101,0,0.3821368504912809,0.11979823455233292,1.0,0.674591669082826,0.3254083309171741
10101,YCL031C YGL192W,0.0,NA,0.0005282716010697186,2850,20939,10102,0,0.38216635684990113,0.11980327041910127,1.0,0.6745594536258497,0.3254405463741503
10102,YBR136W YDR466W,0.0,NA,0.0005287643289193511,2850,20938,10103,0,0.38219586320852145,0.11980830670926518,1.0,0.6745272381688734,0.32547276183112656
10103,YDR503C YBR289W,0.0,NA,0.0005290000117383897,2850,20937,10104,0,0.3822253695671417,0.11981334342287804,1.0,0.6744950227118972,0.32550497728810285
10104,YIL047C YOR339C,0.0,NA,0.0005290822009555995,2850,20936,10105,0,0.382254875925762,0.11981838055999328,1.0,0.6744628072549209,0.3255371927450791
10105,YOL155C YJL060W,0.0,NA,0.0005304192891344428,2850,20935,10106,0,0.3822843822843823,0.11982341812066429,1.0,0.6744305917979446,0.3255694082020553
10106,YDL049C YNL107W,0.0,NA,0.000530431920196861,2850,20934,10107,0,0.3823138886430026,0.1198284561049445,1.0,0.6743983763409684,0.3256016236590316
10107,YGL170C YDR254W,0.0,NA,0.0005305373342707753,2850,20933,10108,0,0.38234339500162284,0.11983349451288736,1.0,0.6743661608839921,0.32563383911600785
10108,YKL054C YDR523C,0.0,NA,0.0005305535160005093,2850,20932,10109,0,0.38237290136024316,0.11983853334454629,1.0,0.6743339454270159,0.32566605457298414
10109,YGL136C YFL030W,0.0,NA,0.0005311478162184358,2850,20931,10110,0,0.3824024077188634,0.11984357259997477,1.0,0.6743017299700397,0.3256982700299604
10110,YDR181C YNL103W,0.0,NA,0.0005318395560607314,2850,20930,10111,0,0.38243191407748367,0.11984861227922625,1.0,0.6742695145130634,0.3257304854869366
10111,YGR258C YKL114C,0.0,NA,0.0005323942168615758,2850,20929,10112,0,0.382461420436104,0.11985365238235418,1.0,0.6742372990560871,0.3257627009439129
10112,YOR108W YJR153W,0.0,NA,0.000532905978616327,2850,20928,10113,0,0.38249092679472424,0.11985869290941206,1.0,0.6742050835991108,0.32579491640088915
10113,YMR268C YPR167C,0.0,NA,0.0005350099527277052,2850,20927,10114,0,0.38252043315334455,0.11986373386045338,1.0,0.6741728681421346,0.3258271318578654
10114,YJR066W YDR058C,0.0,NA,0.0005355380126275122,2850,20926,10115,0,0.3825499395119648,0.11986877523553163,1.0,0.6741406526851583,0.3258593473148417
10115,YOR005C YNL263C,0.0,NA,0.0005359971546567976,2850,20925,10116,0,0.3825794458705851,0.11987381703470032,1.0,0.674108437228182,0.3258915627718179
10116,YGL186C YNL067W,0.0,NA,0.0005367122939787805,2850,20924,10117,0,0.3826089522292054,0.11987885925801295,1.0,0.6740762217712059,0.3259237782287942
10117,YGL227W YGR009C,0.0,NA,0.000536865321919322,2850,20923,10118,0,0.3826384585878257,0.11988390190552307,1.0,0.6740440063142296,0.32595599368577044
10118,YHR092C YJL106W,0.0,NA,0.0005372827872633934,2850,20922,10119,0,0.38266796494644595,0.1198889449772842,1.0,0.6740117908572533,0.3259882091427467
10119,YPL040C YOR157C,0.0,NA,0.0005375237669795752,2850,20921,10120,0,0.38269747130506626,0.11989398847334988,1.0,0.6739795754002771,0.32602042459972297
10120,YAL011W YMR017W,0.0,NA,0.0005389641155488789,2850,20920,10121,0,0.3827269776636865,0.11989903239377367,1.0,0.6739473599433008,0.3260526400566992
10121,YGL078C YGL197W,0.0,NA,0.0005390545120462775,2850,20919,10122,0,0.38275648402230683,0.11990407673860912,1.0,0.6739151444863245,0.32608485551367544
10122,YDL031W YFR036W,0.0,NA,0.0005397689528763294,2850,20918,10123,0,0.3827859903809271,0.11990912150790979,1.0,0.6738829290293483,0.32611707097065173
10123,YDR255C YHL020C,0.0,NA,0.0005398417706601322,2850,20917,10124,0,0.38281549673954735,0.11991416670172929,1.0,0.673850713572372,0.32614928642762797
10124,YBR254C YCR002C,0.0,NA,0.0005398823996074498,2850,20916,10125,0,0.38284500309816766,0.11991921232012118,1.0,0.6738184981153957,0.3261815018846042
10125,YIL168W YLR396C,0.0,NA,0.0005407334538176656,2850,20915,10126,0,0.3828745094567879,0.11992425836313907,1.0,0.6737862826584196,0.3262137173415805
10126,YNL149C YNL121C,0.0,NA,0.0005413257167674601,2850,20914,10127,0,0.3829040158154082,0.11992930483083655,1.0,0.6737540672014433,0.32624593279855674
10127,YOR195W YER190W,0.0,NA,0.0005415313644334674,2850,20913,10128,0,0.3829335221740285,0.11993435172326726,1.0,0.673721851744467,0.32627814825553303
10128,YLR088W YGL054C,0.0,NA,0.0005424953997135162,2850,20912,10129,0,0.3829630285326488,0.11993939904048481,1.0,0.6736896362874908,0.32631036371250927
10129,YJR062C YGL169W,0.0,NA,0.0005430385936051607,2850,20911,10130,0,0.38299253489126905,0.11994444678254282,1.0,0.6736574208305145,0.3263425791694855
10130,YKL214C YDR087C,0.0,NA,0.0005431972676888108,2850,20910,10131,0,0.38302204124988937,0.11994949494949494,1.0,0.6736252053735382,0.3263747946264618
10131,YLR133W YNL103W,0.0,NA,0.000543396919965744,2850,20909,10132,0,0.3830515476085096,0.11995454354139484,1.0,0.6735929899165619,0.32640701008343803
10132,YLR397C YBR040W,0.0,NA,0.0005435419152490795,2850,20908,10133,0,0.38308105396712994,0.11995959255829615,1.0,0.6735607744595857,0.32643922554041427
10133,YDR446W YGR105W,0.0,NA,0.0005439412780106068,2850,20907,10134,0,0.3831105603257502,0.11996464200025256,1.0,0.6735285590026094,0.32647144099739056
10134,YPL265W YOR372C,0.0,NA,0.0005441764369606972,2850,20906,10135,0,0.3831400666843705,0.11996969186731773,1.0,0.6734963435456331,0.3265036564543668
10135,YDL112W YNL277W,0.0,NA,0.0005441966350190341,2850,20905,10136,0,0.38316957304299076,0.11997474215954536,1.0,0.673464128088657,0.3265358719113431
10136,YDL245C YJL041W,0.0,NA,0.000544512877240777,2850,20904,10137,0,0.383199079401611,0.11997979287698914,1.0,0.6734319126316807,0.3265680873683193
10137,YOR191W YGL037C,0.0,NA,0.0005452517070807517,2850,20903,10138,0,0.38322858576023133,0.11998484401970277,1.0,0.6733996971747044,0.32660030282529556
10138,YDL184C YLR078C,0.0,NA,0.000545289134606719,2850,20902,10139,0,0.3832580921188516,0.11998989558773998,1.0,0.6733674817177282,0.32663251828227186
10139,YKR085C YGR181W,0.0,NA,0.000545620801858604,2850,20901,10140,0,0.3832875984774719,0.11999494758115448,1.0,0.6733352662607519,0.3266647337392481
10140,YNL312W YHR171W,0.0,NA,0.0005456351209431887,2850,20900,10141,0,0.38331710483609216,0.12,1.0,0.6733030508037756,0.32669694919622433
10141,YLR181C YDL192W,0.0,NA,0.000545698800124228,2850,20899,10142,0,0.38334661119471247,0.12000505284433029,1.0,0.6732708353467994,0.3267291646532006
10142,YKL074C YNL162W,0.0,NA,0.0005459508975036442,2850,20898,10143,0,0.38337611755333273,0.12001010611419909,1.0,0.6732386198898231,0.32676138011017686
10143,YCL035C YGL168W,0.0,NA,0.0005462496192194521,2850,20897,10144,0,0.38340562391195304,0.12001515980966017,1.0,0.6732064044328468,0.3267935955671531
10144,YDR064W YBR001C,0.0,NA,0.0005465061403810978,2850,20896,10145,0,0.3834351302705733,0.12002021393076728,1.0,0.6731741889758707,0.3268258110241294
10145,YIR015W YPL143W,0.0,NA,0.0005469668540172279,2850,20895,10146,0,0.3834646366291936,0.12002526847757422,1.0,0.6731419735188944,0.3268580264811056
10146,YMR048W YHR084W,0.0,NA,0.0005471261101774871,2850,20894,10147,0,0.38349414298781387,0.12003032345013477,1.0,0.6731097580619181,0.3268902419380819
10147,YIR022W YJR095W,0.0,NA,0.0005473945057019591,2850,20893,10148,0,0.3835236493464342,0.12003537884850271,1.0,0.6730775426049419,0.32692245739505815
10148,YMR310C YOL016C,0.0,NA,0.0005481159896589816,2850,20892,10149,0,0.38355315570505444,0.12004043467273187,1.0,0.6730453271479656,0.3269546728520344
10149,YBR006W YLR254C,0.0,NA,0.0005481609259732068,2850,20891,10150,0,0.3835826620636747,0.12004549092287604,1.0,0.6730131116909893,0.3269868883090107
10150,YGR097W YOL149W,0.0,NA,0.0005485260626301169,2850,20890,10151,0,0.383612168422295,0.12005054759898905,1.0,0.672980896234013,0.3270191037659869
10151,YML052W YPL138C,0.0,NA,0.0005486570298671722,2850,20889,10152,0,0.38364167478091526,0.12005560470112474,1.0,0.6729486807770368,0.32705131922296315
10152,YPL258C YHR148W,0.0,NA,0.0005487009766511619,2850,20888,10153,0,0.3836711811395356,0.12006066222933692,1.0,0.6729164653200606,0.32708353467993945
10153,YFL026W YNL032W,0.0,NA,0.0005491642514243722,2850,20887,10154,0,0.38370068749815583,0.12006572018367949,1.0,0.6728842498630843,0.3271157501369157
10154,YLR003C YNR060W,0.0,NA,0.0005498134414665401,2850,20886,10155,0,0.38373019385677615,0.12007077856420627,1.0,0.6728520344061081,0.327147965593892
10155,YHR188C YER089C,0.0,NA,0.0005498857353813946,2850,20885,10156,0,0.3837597002153964,0.12007583737097113,1.0,0.6728198189491318,0.3271801810508682
10156,YFR029W YEL036C,0.0,NA,0.0005502724670805037,2850,20884,10157,0,0.3837892065740167,0.12008089660402797,1.0,0.6727876034921555,0.32721239650784445
10157,YOR372C YFR024C-A,0.0,NA,0.0005517545505426824,2850,20883,10158,0,0.383818712932637,0.12008595626343066,1.0,0.6727553880351793,0.32724461196482074
10158,YNL199C YLR035C,0.0,NA,0.0005518213147297502,2850,20882,10159,0,0.3838482192912573,0.12009101634923311,1.0,0.672723172578203,0.327276827421797
10159,YNL270C YLR022C,0.0,NA,0.0005533882649615407,2850,20881,10160,0,0.38387772564987754,0.1200960768614892,1.0,0.6726909571212267,0.3273090428787732
10160,YDR058C YKR089C,0.0,NA,0.0005536185926757753,2850,20880,10161,0,0.38390723200849786,0.12010113780025285,1.0,0.6726587416642505,0.3273412583357495
10161,YFL031W YLR098C,0.0,NA,0.0005544606246985495,2850,20879,10162,0,0.3839367383671181,0.12010619916557798,1.0,0.6726265262072743,0.32737347379272574
10162,YPL151C YLR024C,0.0,NA,0.0005549187189899385,2850,20878,10163,0,0.38396624472573837,0.12011126095751855,1.0,0.672594310750298,0.327405689249702
10163,YDR108W YDL247W,0.0,NA,0.0005552721559070051,2850,20877,10164,0,0.3839957510843587,0.12011632317612846,1.0,0.6725620952933218,0.3274379047066783
10164,YLR106C YER174C,0.0,NA,0.000555322680156678,2850,20876,10165,0,0.38402525744297894,0.12012138582146169,1.0,0.6725298798363455,0.3274701201636545
10165,YMR212C YHR019C,0.0,NA,0.0005557455006055534,2850,20875,10166,0,0.38405476380159925,0.12012644889357219,1.0,0.6724976643793692,0.3275023356206308
10166,YDR536W YKR014C,0.0,NA,0.0005558840348385274,2850,20874,10167,0,0.3840842701602195,0.1201315123925139,1.0,0.672465448922393,0.32753455107760704
10167,YGR004W YJL184W,0.0,NA,0.0005562129081226885,2850,20873,10168,0,0.3841137765188398,0.12013657631834085,1.0,0.6724332334654167,0.3275667665345833
10168,YDR446W YAR003W,0.0,NA,0.0005562834558077157,2850,20872,10169,0,0.3841432828774601,0.12014164067110698,1.0,0.6724010180084404,0.32759898199155957
10169,YOR137C YDR432W,0.0,NA,0.0005569293280132115,2850,20871,10170,0,0.3841727892360804,0.12014670545086632,1.0,0.6723688025514641,0.3276311974485358
10170,YDR093W YDR252W,0.0,NA,0.000557036604732275,2850,20870,10171,0,0.38420229559470065,0.12015177065767285,1.0,0.672336587094488,0.32766341290551204
10171,YLR466W YLR007W,0.0,NA,0.0005574904498644173,2850,20869,10172,0,0.38423180195332096,0.1201568362915806,1.0,0.6723043716375117,0.32769562836248833
10172,YDR308C YNL202W,0.0,NA,0.0005588468629866838,2850,20868,10173,0,0.3842613083119412,0.12016190235264357,1.0,0.6722721561805354,0.32772784381946457
10173,YOR061W YBR093C,0.0,NA,0.0005603146273642778,2850,20867,10174,0,0.38429081467056153,0.1201669688409158,1.0,0.6722399407235592,0.32776005927644086
10174,YBR086C YER131W,0.0,NA,0.0005619137664325535,2850,20866,10175,0,0.3843203210291818,0.12017203575645134,1.0,0.6722077252665829,0.3277922747334171
10175,YNR020C YDR295C,0.0,NA,0.0005620524752885103,2850,20865,10176,0,0.38434982738780205,0.12017710309930424,1.0,0.6721755098096066,0.32782449019039334
10176,YBR145W YLR026C,0.0,NA,0.0005620945594273508,2850,20864,10177,0,0.38437933374642236,0.12018217086952855,1.0,0.6721432943526304,0.32785670564736963
10177,YIL146C YPR007C,0.0,NA,0.0005621765158139169,2850,20863,10178,0,0.3844088401050426,0.12018723906717835,1.0,0.6721110788956541,0.32788892110434587
10178,YKR079C YCR068W,0.0,NA,0.0005625192425213754,2850,20862,10179,0,0.3844383464636629,0.1201923076923077,1.0,0.6720788634386778,0.3279211365613221
10179,YOR287C YPL089C,0.0,NA,0.0005643521435558796,2850,20861,10180,0,0.3844678528222832,0.12019737674497069,1.0,0.6720466479817017,0.3279533520182984
10180,YNL074C YBR086C,0.0,NA,0.0005650069215334952,2850,20860,10181,0,0.3844973591809035,0.12020244622522143,1.0,0.6720144325247254,0.32798556747527463
10181,YPL239W YDR143C,0.0,NA,0.000565171183552593,2850,20859,10182,0,0.38452686553952375,0.120207516133114,1.0,0.6719822170677491,0.32801778293225087
10182,YDL223C YJL115W,0.0,NA,0.0005655119894072413,2850,20858,10183,0,0.38455637189814407,0.12021258646870255,1.0,0.6719500016107729,0.32804999838922716
10183,YJL141C YDL108W,0.0,NA,0.0005672113038599491,2850,20857,10184,0,0.3845858782567643,0.12021765723204117,1.0,0.6719177861537966,0.3280822138462034
10184,YPR094W YPR182W,0.0,NA,0.0005672343540936708,2850,20856,10185,0,0.38461538461538464,0.120222728423184,1.0,0.6718855706968203,0.3281144293031797
10185,YIL119C YAL062W,0.0,NA,0.0005675128195434809,2850,20855,10186,0,0.3846448909740049,0.1202278000421852,1.0,0.6718533552398441,0.3281466447601559
10186,YMR036C YPL043W,0.0,NA,0.0005683994968421757,2850,20854,10187,0,0.3846743973326252,0.12023287208909889,1.0,0.6718211397828678,0.32817886021713216
10187,YGR296W YPL076W,0.0,NA,0.000568732270039618,2850,20853,10188,0,0.38470390369124546,0.12023794456397924,1.0,0.6717889243258915,0.32821107567410845
10188,YGL195W YDL160C,0.0,NA,0.0005689453682862222,2850,20852,10189,0,0.3847334100498657,0.12024301746688043,1.0,0.6717567088689153,0.3282432911310847
10189,YOR197W YJR094W-A,0.0,NA,0.0005690448451787233,2850,20851,10190,0,0.38476291640848603,0.12024809079785663,1.0,0.6717244934119391,0.32827550658806093
10190,YMR277W YMR050C,0.0,NA,0.0005692447302863002,2850,20850,10191,0,0.3847924227671063,0.12025316455696203,1.0,0.6716922779549628,0.3283077220450372
10191,YKR057W YOL121C,0.0,NA,0.0005695264553651214,2850,20849,10192,0,0.3848219291257266,0.12025823874425082,1.0,0.6716600624979865,0.32833993750201346
10192,YNL012W YKR061W,0.0,NA,0.0005697854212485254,2850,20848,10193,0,0.38485143548434686,0.12026331335977719,1.0,0.6716278470410103,0.32837215295898975
10193,YJL136C YDR409W,0.0,NA,0.0005697922315448523,2850,20847,10194,0,0.3848809418429672,0.1202683884035954,1.0,0.671595631584034,0.328404368415966
10194,YKL035W YCL014W,0.0,NA,0.0005698592867702246,2850,20846,10195,0,0.38491044820158743,0.12027346387575963,1.0,0.6715634161270577,0.3284365838729422
10195,YGR241C YBR008C,0.0,NA,0.0005701319896616042,2850,20845,10196,0,0.38493995456020774,0.12027853977632412,1.0,0.6715312006700815,0.3284687993299185
10196,YPR049C YIL096C,0.0,NA,0.0005705622606910765,2850,20844,10197,0,0.384969460918828,0.12028361610534312,1.0,0.6714989852131052,0.32850101478689475
10197,YJL083W YNL221C,0.0,NA,0.0005705810617655516,2850,20843,10198,0,0.3849989672774483,0.12028869286287089,1.0,0.671466769756129,0.328533230243871
10198,YBR018C YNL059C,0.0,NA,0.0005713837454095483,2850,20842,10199,0,0.38502847363606857,0.12029377004896168,1.0,0.6714345542991528,0.3285654457008473
10199,YCR089W YDR363W,0.0,NA,0.0005714823491871357,2850,20841,10200,0,0.3850579799946889,0.12029884766366974,1.0,0.6714023388421765,0.3285976611578235
10200,YBR009C YFR014C,0.0,NA,0.0005714997532777488,2850,20840,10201,0,0.38508748635330914,0.12030392570704938,1.0,0.6713701233852002,0.32862987661479975
10201,YCL069W YLR325C,0.0,NA,0.0005718871834687889,2850,20839,10202,0,0.3851169927119294,0.12030900417915488,1.0,0.671337907928224,0.32866209207177605
10202,YIL077C YMR135C,0.0,NA,0.0005728230462409556,2850,20838,10203,0,0.3851464990705497,0.12031408308004053,1.0,0.6713056924712477,0.3286943075287523
10203,YPL157W YER120W,0.0,NA,0.0005738837644457817,2850,20837,10204,0,0.38517600542916997,0.12031916240976062,1.0,0.6712734770142714,0.3287265229857286
10204,YOR178C YNR067C,0.0,NA,0.000574527948629111,2850,20836,10205,0,0.3852055117877903,0.1203242421683695,1.0,0.6712412615572952,0.3287587384427048
10205,YKR038C YNL052W,0.0,NA,0.0005745736416429281,2850,20835,10206,0,0.38523501814641053,0.12032932235592148,1.0,0.671209046100319,0.32879095389968105
10206,YNL053W YKL045W,0.0,NA,0.0005753521108999848,2850,20834,10207,0,0.38526452450503085,0.12033440297247086,1.0,0.6711768306433427,0.32882316935665734
10207,YDR058C YPL008W,0.0,NA,0.0005780206411145627,2850,20833,10208,0,0.3852940308636511,0.12033948401807204,1.0,0.6711446151863664,0.3288553848136336
10208,YBL074C YDR225W,0.0,NA,0.000579868967179209,2850,20832,10209,0,0.3853235372222714,0.12034456549277933,1.0,0.6711123997293902,0.3288876002706098
10209,YDR281C YLR147C,0.0,NA,0.0005799020873382688,2850,20831,10210,0,0.3853530435808917,0.1203496473966471,1.0,0.6710801842724139,0.3289198157275861
10210,YJR156C YHR015W,0.0,NA,0.0005805328255519271,2850,20830,10211,0,0.385382549939512,0.12035472972972973,1.0,0.6710479688154376,0.32895203118456234
10211,YOR068C YBR258C,0.0,NA,0.0005809692665934563,2850,20829,10212,0,0.38541205629813224,0.1203598124920816,1.0,0.6710157533584614,0.32898424664153864
10212,YIL142W YCL048W,0.0,NA,0.0005810888833366334,2850,20828,10213,0,0.38544156265675256,0.12036489568375708,1.0,0.6709835379014851,0.3290164620985149
10213,YHR153C YLR192C,0.0,NA,0.0005812869057990611,2850,20827,10214,0,0.3854710690153728,0.12036997930481058,1.0,0.6709513224445088,0.3290486775554911
10214,YNR033W YGR141W,0.0,NA,0.0005818115896545351,2850,20826,10215,0,0.38550057537399307,0.1203750633552965,1.0,0.6709191069875327,0.3290808930124674
10215,YDR502C YLR246W,0.0,NA,0.0005831192247569561,2850,20825,10216,0,0.3855300817326134,0.12038014783526928,1.0,0.6708868915305564,0.32911310846944364
10216,YLR045C YPL209C,0.0,NA,0.0005832164897583425,2850,20824,10217,0,0.38555958809123364,0.12038523274478331,1.0,0.6708546760735801,0.3291453239264199
10217,YPR112C YOR168W,0.0,NA,0.0005837272619828582,2850,20823,10218,0,0.38558909444985395,0.12039031808389304,1.0,0.6708224606166039,0.32917753938339617
10218,YML047C YBL034C,0.0,NA,0.0005838469369336963,2850,20822,10219,0,0.3856186008084742,0.12039540385265292,1.0,0.6707902451596276,0.3292097548403724
10219,YBR110W YJL122W,0.0,NA,0.0005841773236170411,2850,20821,10220,0,0.3856481071670945,0.1204004900511174,1.0,0.6707580297026513,0.32924197029734864
10220,YPL151C YGR249W,0.0,NA,0.0005842101527377963,2850,20820,10221,0,0.3856776135257148,0.12040557667934093,1.0,0.6707258142456751,0.32927418575432493
10221,YOR265W YIL173W,0.0,NA,0.000585265748668462,2850,20819,10222,0,0.3857071198843351,0.12041066373737801,1.0,0.6706935987886988,0.32930640121130117
10222,YCR039C YDL080C,0.0,NA,0.0005852754693478346,2850,20818,10223,0,0.38573662624295535,0.12041575122528309,1.0,0.6706613833317225,0.32933861666827746
10223,YGR042W YFR046C,0.0,NA,0.0005852765752933919,2850,20817,10224,0,0.38576613260157566,0.12042083914311066,1.0,0.6706291678747464,0.3293708321252537
10224,YDR421W YER176W,0.0,NA,0.0005858168588019907,2850,20816,10225,0,0.3857956389601959,0.12042592749091524,1.0,0.6705969524177701,0.32940304758222994
10225,YGL151W YDL109C,0.0,NA,0.0005862044054083526,2850,20815,10226,0,0.38582514531881623,0.12043101626875131,1.0,0.6705647369607938,0.3294352630392062
10226,YDR460W YPL203W,0.0,NA,0.000587180198635906,2850,20814,10227,0,0.3858546516774365,0.12043610547667342,1.0,0.6705325215038175,0.32946747849618246
10227,YJL044C YJR068W,0.0,NA,0.0005874346243217587,2850,20813,10228,0,0.38588415803605675,0.12044119511473608,1.0,0.6705003060468413,0.3294996939531587
10228,YIL104C YAL068C,0.0,NA,0.0005881206598132849,2850,20812,10229,0,0.38591366439467706,0.12044628518299383,1.0,0.670468090589865,0.329531909410135
10229,YGR042W YHR172W,0.0,NA,0.0005903355777263641,2850,20811,10230,0,0.3859431707532973,0.1204513756815012,1.0,0.6704358751328887,0.32956412486711123
10230,YJR082C YBR004C,0.0,NA,0.0005903682322241366,2850,20810,10231,0,0.38597267711191763,0.12045646661031277,1.0,0.6704036596759125,0.3295963403240875
10231,YBR210W YKL145W,0.0,NA,0.0005905939033254981,2850,20809,10232,0,0.3860021834705379,0.12046155796948307,1.0,0.6703714442189362,0.32962855578106376
10232,YLR175W YCR065W,0.0,NA,0.0005906771984882653,2850,20808,10233,0,0.3860316898291582,0.12046664975906671,1.0,0.67033922876196,0.32966077123804
10233,YDR071C YLR393W,0.0,NA,0.0005916553200222552,2850,20807,10234,0,0.38606119618777845,0.12047174197911824,1.0,0.6703070133049838,0.3296929866950163
10234,YAR002W YLR361C,0.0,NA,0.0005919396062381566,2850,20806,10235,0,0.38609070254639877,0.12047683462969226,1.0,0.6702747978480075,0.3297252021519925
10235,YGR032W YNL082W,0.0,NA,0.000592632859479636,2850,20805,10236,0,0.386120208905019,0.12048192771084337,1.0,0.6702425823910312,0.32975741760896876
10236,YEL059C-A YPL171C,0.0,NA,0.0005931968335062265,2850,20804,10237,0,0.38614971526363934,0.1204870212226262,1.0,0.670210366934055,0.32978963306594505
10237,YGL170C YER030W,0.0,NA,0.0005932296626269817,2850,20803,10238,0,0.3861792216222596,0.12049211516509534,1.0,0.6701781514770787,0.3298218485229213
10238,YOR321W YPL198W,0.0,NA,0.0005934750661253929,2850,20802,10239,0,0.3862087279808799,0.12049720953830542,1.0,0.6701459360201024,0.3298540639798975
10239,YPR093C YOR138C,0.0,NA,0.0005934937507845461,2850,20801,10240,0,0.38623823433950016,0.1205023043423111,1.0,0.6701137205631262,0.3298862794368738
10240,YKL032C YER098W,0.0,NA,0.0005947202444076538,2850,20800,10241,0,0.3862677406981204,0.12050739957716702,1.0,0.6700815051061499,0.32991849489385006
10241,YMR044W YGR092W,0.0,NA,0.0005949305486865342,2850,20799,10242,0,0.38629724705674073,0.12051249524292781,1.0,0.6700492896491737,0.32995071035082635
10242,YML021C YLR318W,0.0,NA,0.0005955035449005663,2850,20798,10243,0,0.386326753415361,0.12051759133964818,1.0,0.6700170741921975,0.3299829258078026
10243,YDL239C YMR310C,0.0,NA,0.0005961250280961394,2850,20797,10244,0,0.3863562597739813,0.12052268786738275,1.0,0.6699848587352212,0.3300151412647788
10244,YOL043C YCR094W,0.0,NA,0.0005963594885542989,2850,20796,10245,0,0.38638576613260156,0.12052778482618624,1.0,0.6699526432782449,0.3300473567217551
10245,YNL189W YHR042W,0.0,NA,0.0005972032668069005,2850,20795,10246,0,0.3864152724912219,0.12053288221611334,1.0,0.6699204278212686,0.33007957217873135
10246,YPR194C YGL186C,0.0,NA,0.0005978906992822886,2850,20794,10247,0,0.38644477884984213,0.12053798003721874,1.0,0.6698882123642924,0.3301117876357076
10247,YDR480W YDL190C,0.0,NA,0.0005979479756206274,2850,20793,10248,0,0.38647428520846244,0.12054307828955717,1.0,0.6698559969073161,0.3301440030926839
10248,YCL016C YGR113W,0.0,NA,0.0005980739369988441,2850,20792,10249,0,0.3865037915670827,0.12054817697318332,1.0,0.6698237814503398,0.3301762185496601
10249,YHR178W YLR242C,0.0,NA,0.0005981557769700885,2850,20791,10250,0,0.386533297925703,0.12055327608815194,1.0,0.6697915659933636,0.3302084340066364
10250,YOR047C YOR304W,0.0,NA,0.0005988182965666056,2850,20790,10251,0,0.38656280428432327,0.12055837563451777,1.0,0.6697593505363874,0.33024064946361265
10251,YGR283C YHR160C,0.0,NA,0.0005989529890939593,2850,20789,10252,0,0.3865923106429436,0.12056347561233555,1.0,0.6697271350794111,0.3302728649205889
10252,YDR006C YLR406C,0.0,NA,0.0005990437930449843,2850,20788,10253,0,0.38662181700156384,0.12056857602166005,1.0,0.6696949196224349,0.3303050803775652
10253,YDL059C YNL136W,0.0,NA,0.0005993607919663191,2850,20787,10254,0,0.3866513233601841,0.12057367686254601,1.0,0.6696627041654586,0.3303372958345414
10254,YPL226W YEL053C,0.0,NA,0.0005993896047584713,2850,20786,10255,0,0.3866808297188044,0.12057877813504823,1.0,0.6696304887084823,0.33036951129151765
10255,YLR078C YPL126W,0.0,NA,0.0006001581787131727,2850,20785,10256,0,0.38671033607742467,0.12058387983922149,1.0,0.6695982732515061,0.33040172674849394
10256,YMR272C YLR246W,0.0,NA,0.0006011520163156092,2850,20784,10257,0,0.386739842436045,0.1205889819751206,1.0,0.6695660577945298,0.3304339422054702
10257,YDR397C YGR285C,0.0,NA,0.0006015153485350311,2850,20783,10258,0,0.38676934879466524,0.12059408454280032,1.0,0.6695338423375535,0.33046615766244647
10258,YJL006C YER094C,0.0,NA,0.00060209323419258,2850,20782,10259,0,0.38679885515328555,0.12059918754231551,1.0,0.6695016268805773,0.3304983731194227
10259,YOR091W YKL126W,0.0,NA,0.0006021003937348723,2850,20781,10260,0,0.3868283615119058,0.12060429097372095,1.0,0.6694694114236011,0.33053058857639894
10260,YOL117W YIL014W,0.0,NA,0.0006025998736731708,2850,20780,10261,0,0.3868578678705261,0.12060939483707152,1.0,0.6694371959666248,0.33056280403337523
10261,YPL224C YPL042C,0.0,NA,0.0006027903291396797,2850,20779,10262,0,0.3868873742291464,0.12061449913242202,1.0,0.6694049805096486,0.33059501949035147
10262,YGL215W YIL009C-A,0.0,NA,0.0006029934156686068,2850,20778,10263,0,0.3869168805877667,0.12061960385982733,1.0,0.6693727650526723,0.3306272349473277
10263,YDR389W YPL226W,0.0,NA,0.0006032262463122606,2850,20777,10264,0,0.38694638694638694,0.12062470901934227,1.0,0.669340549595696,0.330659450404304
10264,YGR060W YGR214W,0.0,NA,0.0006034648977220058,2850,20776,10265,0,0.3869758933050072,0.12062981461102175,1.0,0.6693083341387197,0.33069166586128024
10265,YPL018W YOR109W,0.0,NA,0.0006041491287760437,2850,20775,10266,0,0.3870053996636275,0.12063492063492064,1.0,0.6692761186817435,0.3307238813182565
10266,YLR078C YGL120C,0.0,NA,0.0006045030895620584,2850,20774,10267,0,0.38703490602224777,0.1206400270910938,1.0,0.6692439032247672,0.33075609677523277
10267,YOR202W YBL072C,0.0,NA,0.0006054253317415714,2850,20773,10268,0,0.3870644123808681,0.12064513397959616,1.0,0.6692116877677909,0.330788312232209
10268,YNL151C YIL088C,0.0,NA,0.0006056894198991358,2850,20772,10269,0,0.38709391873948834,0.1206502413004826,1.0,0.6691794723108148,0.3308205276891853
10269,YLR380W YPR074C,0.0,NA,0.0006062447209842503,2850,20771,10270,0,0.38712342509810865,0.12065534905380805,1.0,0.6691472568538385,0.33085274314616153
10270,YKL034W YLR029C,0.0,NA,0.0006063611363060772,2850,20770,10271,0,0.3871529314567289,0.12066045723962743,1.0,0.6691150413968622,0.33088495860313777
10271,YDR005C YPR007C,0.0,NA,0.0006065567722544074,2850,20769,10272,0,0.3871824378153492,0.12066556585799568,1.0,0.669082825939886,0.33091717406011406
10272,YEL058W YGR230W,0.0,NA,0.0006074095144867897,2850,20768,10273,0,0.3872119441739695,0.12067067490896774,1.0,0.6690506104829097,0.3309493895170903
10273,Q0115 YOL068C,0.0,NA,0.0006074112607166171,2850,20767,10274,0,0.3872414505325898,0.12067578439259855,1.0,0.6690183950259334,0.33098160497406653
10274,YNR023W YIL149C,0.0,NA,0.0006076449062675238,2850,20766,10275,0,0.38727095689121005,0.12068089430894309,1.0,0.6689861795689572,0.3310138204310428
10275,YKL006C-A YJR010W,0.0,NA,0.0006078531150706112,2850,20765,10276,0,0.38730046324983036,0.12068600465805632,1.0,0.6689539641119809,0.33104603588801906
10276,YHR092C YJL010C,0.0,NA,0.0006096218130551279,2850,20764,10277,0,0.3873299696084506,0.12069111543999322,1.0,0.6689217486550046,0.33107825134499536
10277,YGR255C YML026C,0.0,NA,0.0006121921469457448,2850,20763,10278,0,0.3873594759670709,0.1206962266548088,1.0,0.6688895331980285,0.3311104668019716
10278,YKL045W YLR070C,0.0,NA,0.0006127660162746906,2850,20762,10279,0,0.3873889823256912,0.12070133830255803,1.0,0.6688573177410522,0.33114268225894783
10279,YER112W YDR404C,0.0,NA,0.0006133514689281583,2850,20761,10280,0,0.38741848868431145,0.12070645038329592,1.0,0.6688251022840759,0.3311748977159241
10280,YBR167C YLR298C,0.0,NA,0.0006134251016192138,2850,20760,10281,0,0.38744799504293176,0.1207115628970775,1.0,0.6687928868270997,0.33120711317290036
10281,YOR239W YGR198W,0.0,NA,0.0006137219024822116,2850,20759,10282,0,0.387477501401552,0.12071667584395782,1.0,0.6687606713701234,0.3312393286298766
10282,YOR254C YGL084C,0.0,NA,0.0006139398319646716,2850,20758,10283,0,0.38750700776017233,0.12072178922399186,1.0,0.6687284559131471,0.3312715440868529
10283,YOR184W YMR079W,0.0,NA,0.000614024989772588,2850,20757,10284,0,0.3875365141187926,0.12072690303723471,1.0,0.6686962404561708,0.3313037595438291
10284,YDR451C YNL021W,0.0,NA,0.0006142693455331028,2850,20756,10285,0,0.3875660204774129,0.12073201728374142,1.0,0.6686640249991946,0.33133597500080536
10285,YDL061C YHR150W,0.0,NA,0.0006145946681499481,2850,20755,10286,0,0.38759552683603316,0.12073713196356704,1.0,0.6686318095422183,0.33136819045778165
10286,YHR001W YBR010W,0.0,NA,0.0006146556115709245,2850,20754,10287,0,0.38762503319465347,0.12074224707676665,1.0,0.668599594085242,0.3314004059147579
10287,YDR409W YLR113W,0.0,NA,0.0006147844833321869,2850,20753,10288,0,0.3876545395532737,0.12074736262339533,1.0,0.6685673786282659,0.3314326213717342
10288,YLR332W YLR277C,0.0,NA,0.0006152804126031697,2850,20752,10289,0,0.38768404591189404,0.12075247860350817,1.0,0.6685351631712896,0.3314648368287104
10289,YKR020W YLR386W,0.0,NA,0.0006154472357593477,2850,20751,10290,0,0.3877135522705143,0.1207575950171603,1.0,0.6685029477143133,0.33149705228568666
10290,YOR236W YNR026C,0.0,NA,0.0006164898513816297,2850,20750,10291,0,0.38774305862913455,0.12076271186440678,1.0,0.6684707322573371,0.33152926774266295
10291,YDR531W YNL245C,0.0,NA,0.0006170039414428174,2850,20749,10292,0,0.38777256498775486,0.12076782914530276,1.0,0.6684385168003608,0.3315614831996392
10292,YGR094W YHR001W,0.0,NA,0.0006178265903145075,2850,20748,10293,0,0.3878020713463751,0.12077294685990338,1.0,0.6684063013433845,0.3315936986566154
10293,YHR001W YKL041W,0.0,NA,0.0006181319477036595,2850,20747,10294,0,0.38783157770499543,0.12077806500826377,1.0,0.6683740858864083,0.3316259141135917
10294,YHL043W YGL032C,0.0,NA,0.0006182657089084387,2850,20746,10295,0,0.3878610840636157,0.12078318359043906,1.0,0.668341870429432,0.33165812957056795
10295,YGL185C YML080W,0.0,NA,0.0006187847466208041,2850,20745,10296,0,0.387890590422236,0.12078830260648442,1.0,0.6683096549724558,0.33169034502754424
10296,YLR206W YMR078C,0.0,NA,0.0006198877235874534,2850,20744,10297,0,0.38792009678085626,0.12079342205645503,1.0,0.6682774395154796,0.3317225604845205
10297,YLR166C YPL160W,0.0,NA,0.0006209432031027973,2850,20743,10298,0,0.3879496031394766,0.12079854194040605,1.0,0.6682452240585033,0.3317547759414967
10298,YLR017W YNL325C,0.0,NA,0.0006211603758856654,2850,20742,10299,0,0.38797910949809683,0.12080366225839267,1.0,0.668213008601527,0.331786991398473
10299,YNL264C YKR019C,0.0,NA,0.0006212592707015574,2850,20741,10300,0,0.38800861585671714,0.1208087830104701,1.0,0.6681807931445508,0.33181920685544924
10300,YNL209W YCR019W,0.0,NA,0.0006212918669916689,2850,20740,10301,0,0.3880381222153374,0.12081390419669351,1.0,0.6681485776875745,0.3318514223124255
10301,YAL036C YBR203W,0.0,NA,0.0006222201627679169,2850,20739,10302,0,0.3880676285739577,0.12081902581711815,1.0,0.6681163622305982,0.3318836377694018
10302,YNL180C YNL062C,0.0,NA,0.0006224096287041903,2850,20738,10303,0,0.38809713493257797,0.12082414787179922,1.0,0.6680841467736219,0.331915853226378
10303,YOL059W YNL267W,0.0,NA,0.0006227098638191819,2850,20737,10304,0,0.3881266412911982,0.12082927036079197,1.0,0.6680519313166458,0.33194806868335425
10304,YNL104C YIL045W,0.0,NA,0.0006227413541637361,2850,20736,10305,0,0.38815614764981854,0.12083439328415162,1.0,0.6680197158596695,0.33198028414033054
10305,YMR152W YOR273C,0.0,NA,0.0006229155696928501,2850,20735,10306,0,0.3881856540084388,0.12083951664193343,1.0,0.6679875004026932,0.3320124995973068
10306,YNL232W YMR030W,0.0,NA,0.0006229761056602001,2850,20734,10307,0,0.3882151603670591,0.12084464043419267,1.0,0.667955284945717,0.33204471505428307
10307,YFL001W YPL226W,0.0,NA,0.0006229817518033087,2850,20733,10308,0,0.38824466672567937,0.12084976466098461,1.0,0.6679230694887407,0.3320769305112593
10308,YLR176C YOR124C,0.0,NA,0.0006231999723240733,2850,20732,10309,0,0.3882741730842997,0.12085488932236452,1.0,0.6678908540317644,0.33210914596823554
10309,YPL140C YDR420W,0.0,NA,0.0006233826861716807,2850,20731,10310,0,0.38830367944291994,0.12086001441838769,1.0,0.6678586385747882,0.33214136142521183
10310,YOR284W YMR108W,0.0,NA,0.000623634026851505,2850,20730,10311,0,0.38833318580154025,0.12086513994910941,1.0,0.6678264231178119,0.33217357688218807
10311,YCL054W YMR005W,0.0,NA,0.0006236881017684937,2850,20729,10312,0,0.3883626921601605,0.12087026591458501,1.0,0.6677942076608356,0.3322057923391643
10312,YDL095W YNL221C,0.0,NA,0.0006239247741177678,2850,20728,10313,0,0.3883921985187808,0.1208753923148698,1.0,0.6677619922038595,0.3322380077961406
10313,YCR086W YCL014W,0.0,NA,0.0006240321090444922,2850,20727,10314,0,0.3884217048774011,0.12088051915001909,1.0,0.6677297767468832,0.33227022325311684
10314,YAL062W YNL067W,0.0,NA,0.0006241293740458786,2850,20726,10315,0,0.3884512112360214,0.12088564642008823,1.0,0.6676975612899069,0.33230243871009313
10315,YPL176C YLR260W,0.0,NA,0.0006247759447433054,2850,20725,10316,0,0.38848071759464164,0.12089077412513255,1.0,0.6676653458329307,0.33233465416706937
10316,YPL258C YJL134W,0.0,NA,0.0006250216392800212,2850,20724,10317,0,0.3885102239532619,0.12089590226520742,1.0,0.6676331303759544,0.3323668696240456
10317,YJR066W YJL125C,0.0,NA,0.0006261951057240367,2850,20723,10318,0,0.3885397303118822,0.12090103084036821,1.0,0.6676009149189781,0.3323990850810219
10318,YDR178W YOR133W,0.0,NA,0.0006266165873967111,2850,20722,10319,0,0.38856923667050247,0.12090615985067028,1.0,0.6675686994620018,0.33243130053799813
10319,YDR477W YDL148C,0.0,NA,0.0006287891301326454,2850,20721,10320,0,0.3885987430291228,0.12091128929616902,1.0,0.6675364840050256,0.33246351599497437
10320,YMR165C YPL237W,0.0,NA,0.0006293259793892503,2850,20720,10321,0,0.38862824938774304,0.12091641917691981,1.0,0.6675042685480493,0.33249573145195066
10321,YOR372C YPR017C,0.0,NA,0.0006293937913142145,2850,20719,10322,0,0.38865775574636335,0.12092154949297806,1.0,0.667472053091073,0.3325279469089269
10322,YLL050C YGL089C,0.0,NA,0.0006299780216068029,2850,20718,10323,0,0.3886872621049836,0.12092668024439919,1.0,0.6674398376340969,0.33256016236590313
10323,YMR268C YER164W,0.0,NA,0.0006300215609371662,2850,20717,10324,0,0.3887167684636039,0.1209318114312386,1.0,0.6674076221771206,0.3325923778228794
10324,YIL002C YOR371C,0.0,NA,0.0006306541617959738,2850,20716,10325,0,0.3887462748222242,0.12093694305355172,1.0,0.6673754067201443,0.33262459327985566
10325,YEL061C YMR073C,0.0,NA,0.0006307181320153177,2850,20715,10326,0,0.3887757811808445,0.12094207511139402,1.0,0.6673431912631681,0.33265680873683195
10326,YIL040W YGL073W,0.0,NA,0.0006307184230536222,2850,20714,10327,0,0.38880528753946475,0.12094720760482092,1.0,0.6673109758061918,0.3326890241938082
10327,YBR189W YEL040W,0.0,NA,0.0006318977102637291,2850,20713,10328,0,0.38883479389808506,0.12095234053388787,1.0,0.6672787603492155,0.33272123965078443
10328,YOR027W YMR081C,0.0,NA,0.0006324451533146203,2850,20712,10329,0,0.3888643002567053,0.12095747389865037,1.0,0.6672465448922393,0.3327534551077607
10329,YJL108C YPL088W,0.0,NA,0.0006324900314211845,2850,20711,10330,0,0.3888938066153256,0.12096260769916388,1.0,0.667214329435263,0.33278567056473696
10330,YKR038C YOR046C,0.0,NA,0.0006325268186628819,2850,20710,10331,0,0.3889233129739459,0.12096774193548387,1.0,0.6671821139782868,0.3328178860217132
10331,YPL076W YGR158C,0.0,NA,0.0006325449212454259,2850,20709,10332,0,0.38895281933256615,0.12097287660766586,1.0,0.6671498985213106,0.3328501014786895
10332,YML052W YAL068C,0.0,NA,0.0006332379416562617,2850,20708,10333,0,0.38898232569118646,0.12097801171576535,1.0,0.6671176830643343,0.3328823169356657
10333,YNL164C YAL007C,0.0,NA,0.0006333218771032989,2850,20707,10334,0,0.3890118320498067,0.12098314725983784,1.0,0.667085467607358,0.332914532392642
10334,YGR116W YER008C,0.0,NA,0.0006337127997539937,2850,20706,10335,0,0.38904133840842703,0.12098828323993886,1.0,0.6670532521503818,0.33294674784961825
10335,YDL017W YMR014W,0.0,NA,0.0006342949927784503,2850,20705,10336,0,0.3890708447670473,0.12099341965612397,1.0,0.6670210366934055,0.3329789633065945
10336,YNL097C YMR013C,0.0,NA,0.0006348350434564054,2850,20704,10337,0,0.3891003511256676,0.12099855650844867,1.0,0.6669888212364292,0.3330111787635708
10337,YIR012W YAL055W,0.0,NA,0.0006348895258270204,2850,20703,10338,0,0.38912985748428786,0.12100369379696854,1.0,0.6669566057794529,0.333043394220547
10338,YPL070W YPR054W,0.0,NA,0.0006349712493829429,2850,20702,10339,0,0.38915936384290817,0.12100883152173914,1.0,0.6669243903224767,0.33307560967752325
10339,YDL215C YIL088C,0.0,NA,0.0006352345226332545,2850,20701,10340,0,0.3891888702015284,0.12101396968281601,1.0,0.6668921748655005,0.33310782513449955
10340,YGR060W YOL121C,0.0,NA,0.0006358184036798775,2850,20700,10341,0,0.38921837656014874,0.12101910828025478,1.0,0.6668599594085242,0.3331400405914758
10341,YDL020C YPL224C,0.0,NA,0.0006365857552736998,2850,20699,10342,0,0.389247882918769,0.121024247314111,1.0,0.666827743951548,0.333172256048452
10342,YDL239C YKR007W,0.0,NA,0.0006368376198224723,2850,20698,10343,0,0.38927738927738925,0.1210293867844403,1.0,0.6667955284945717,0.3332044715054283
10343,YDL061C YDR498C,0.0,NA,0.0006369408220052719,2850,20697,10344,0,0.38930689563600956,0.12103452669129826,1.0,0.6667633130375954,0.33323668696240455
10344,YKR085C YIL138C,0.0,NA,0.0006370500777848065,2850,20696,10345,0,0.3893364019946298,0.1210396670347405,1.0,0.6667310975806192,0.33326890241938084
10345,YJL034W YNR060W,0.0,NA,0.0006374092772603035,2850,20695,10346,0,0.38936590835325013,0.12104480781482269,1.0,0.6666988821236429,0.3333011178763571
10346,YBR212W YNL149C,0.0,NA,0.0006379428668878973,2850,20694,10347,0,0.3893954147118704,0.1210499490316004,1.0,0.6666666666666666,0.3333333333333333
10347,YPR143W YER052C,0.0,NA,0.00063847511773929,2850,20693,10348,0,0.3894249210704907,0.12105509068512933,1.0,0.6666344512096904,0.3333655487903096
10348,YBR107C YDR058C,0.0,NA,0.0006386893219314516,2850,20692,10349,0,0.38945442742911096,0.12106023277546513,1.0,0.6666022357527142,0.33339776424728584
10349,YNL085W YAR031W,0.0,NA,0.0006386954337358475,2850,20691,10350,0,0.3894839337877313,0.12106537530266344,1.0,0.6665700202957379,0.3334299797042621
10350,YGR089W YJR125C,0.0,NA,0.0006387916509993374,2850,20690,10351,0,0.38951344014635153,0.12107051826677995,1.0,0.6665378048387617,0.3334621951612384
10351,YEL012W YBR112C,0.0,NA,0.0006389974150806665,2850,20689,10352,0,0.38954294650497184,0.12107566166787034,1.0,0.6665055893817854,0.3334944106182146
10352,YNL182C YPR176C,0.0,NA,0.0006390881608240306,2850,20688,10353,0,0.3895724528635921,0.12108080550599032,1.0,0.6664733739248091,0.3335266260751909
10353,YOL045W YNR058W,0.0,NA,0.000639432983007282,2850,20687,10354,0,0.3896019592222124,0.12108594978119556,1.0,0.6664411584678329,0.33355884153216714
10354,YBL004W YIL166C,0.0,NA,0.0006394552765414119,2850,20686,10355,0,0.38963146558083267,0.12109109449354181,1.0,0.6664089430108566,0.3335910569891434
10355,YLR363C YBR207W,0.0,NA,0.0006402397993952036,2850,20685,10356,0,0.3896609719394529,0.12109623964308477,1.0,0.6663767275538803,0.33362327244611967
10356,YJR066W YBL045C,0.0,NA,0.0006402513827197254,2850,20684,10357,0,0.38969047829807324,0.12110138522988018,1.0,0.666344512096904,0.3336554879030959
10357,YCR089W YJL204C,0.0,NA,0.0006406511529348791,2850,20683,10358,0,0.3897199846566935,0.12110653125398377,1.0,0.6663122966399279,0.33368770336007214
10358,YML052W YGR047C,0.0,NA,0.0006411172216758132,2850,20682,10359,0,0.3897494910153138,0.1211116777154513,1.0,0.6662800811829516,0.33371991881704843
10359,YOL039W YNL015W,0.0,NA,0.0006414078525267541,2850,20681,10360,0,0.38977899737393407,0.12111682461433854,1.0,0.6662478657259753,0.33375213427402467
10360,YMR100W YBL071W-A,0.0,NA,0.0006415022653527558,2850,20680,10361,0,0.3898085037325544,0.12112197195070123,1.0,0.6662156502689991,0.3337843497310009
10361,YPL160W YOL122C,0.0,NA,0.000641769205685705,2850,20679,10362,0,0.38983801009117464,0.12112711972459518,1.0,0.6661834348120228,0.3338165651879772
10362,YOL049W YOL068C,0.0,NA,0.0006430669454857707,2850,20678,10363,0,0.38986751644979495,0.12113226793607616,1.0,0.6661512193550465,0.33384878064495344
10363,YML049C YOL115W,0.0,NA,0.0006431260262615979,2850,20677,10364,0,0.3898970228084152,0.12113741658519998,1.0,0.6661190038980703,0.33388099610192973
10364,YMR112C YLL010C,0.0,NA,0.0006439482094720006,2850,20676,10365,0,0.3899265291670355,0.12114256567202245,1.0,0.666086788441094,0.33391321155890596
10365,YMR318C YOL089C,0.0,NA,0.0006442570011131465,2850,20675,10366,0,0.3899560355256558,0.12114771519659936,1.0,0.6660545729841177,0.3339454270158822
10366,YOL097C YDR007W,0.0,NA,0.0006446801708079875,2850,20674,10367,0,0.3899855418842761,0.12115286515898657,1.0,0.6660223575271416,0.3339776424728585
10367,YGL113W YOR293W,0.0,NA,0.0006451768567785621,2850,20673,10368,0,0.39001504824289634,0.1211580155592399,1.0,0.6659901420701653,0.33400985792983473
10368,YER044C YNL240C,0.0,NA,0.0006452722009271383,2850,20672,10369,0,0.3900445546015166,0.12116316639741519,1.0,0.665957926613189,0.33404207338681097
10369,YML051W YGL094C,0.0,NA,0.0006455061957240105,2850,20671,10370,0,0.3900740609601369,0.1211683176735683,1.0,0.6659257111562128,0.33407428884378726
10370,YDR397C YAL055W,0.0,NA,0.0006460367003455758,2850,20670,10371,0,0.39010356731875717,0.1211734693877551,1.0,0.6658934956992365,0.3341065043007635
10371,YMR121C YGR024C,0.0,NA,0.0006461607990786433,2850,20669,10372,0,0.3901330736773775,0.12117862154003146,1.0,0.6658612802422602,0.3341387197577398
10372,YCL051W YAL009W,0.0,NA,0.0006462285527959466,2850,20668,10373,0,0.39016258003599774,0.12118377413045327,1.0,0.665829064785284,0.334170935214716
10373,YBL078C YKR088C,0.0,NA,0.0006464638863690197,2850,20667,10374,0,0.39019208639461805,0.1211889271590764,1.0,0.6657968493283077,0.33420315067169226
10374,YKL184W YOL123W,0.0,NA,0.0006466006161645055,2850,20666,10375,0,0.3902215927532383,0.1211940806259568,1.0,0.6657646338713314,0.33423536612866855
10375,YGR179C YGL151W,0.0,NA,0.0006477812421508133,2850,20665,10376,0,0.3902510991118586,0.12119923453115033,1.0,0.6657324184143552,0.3342675815856448
10376,YOR275C YBR103W,0.0,NA,0.0006479411385953426,2850,20664,10377,0,0.3902806054704789,0.12120438887471294,1.0,0.665700202957379,0.334299797042621
10377,YBR034C YDR404C,0.0,NA,0.0006483722827397287,2850,20663,10378,0,0.3903101118290992,0.12120954365670054,1.0,0.6656679875004027,0.3343320124995973
10378,YHL009C YBR176W,0.0,NA,0.0006484074983745813,2850,20662,10379,0,0.39033961818771945,0.12121469887716911,1.0,0.6656357720434264,0.33436422795657356
10379,YJR066W YJR019C,0.0,NA,0.000648855697363615,2850,20661,10380,0,0.39036912454633976,0.12121985453617455,1.0,0.6656035565864502,0.33439644341354985
10380,YHR019C YGR206W,0.0,NA,0.0006490122177638113,2850,20660,10381,0,0.39039863090496,0.12122501063377286,1.0,0.6655713411294739,0.3344286588705261
10381,YLR244C YOR243C,0.0,NA,0.0006490876548923552,2850,20659,10382,0,0.3904281372635803,0.12123016717002,1.0,0.6655391256724976,0.3344608743275023
10382,YKL135C YBR213W,0.0,NA,0.0006500617600977421,2850,20658,10383,0,0.3904576436222006,0.12123532414497193,1.0,0.6655069102155214,0.3344930897844786
10383,YML043C YBL079W,0.0,NA,0.0006506168283522129,2850,20657,10384,0,0.39048714998082085,0.12124048155868465,1.0,0.6654746947585451,0.33452530524145485
10384,YOR197W YHR154W,0.0,NA,0.0006509387167170644,2850,20656,10385,0,0.39051665633944116,0.12124563941121416,1.0,0.6654424793015689,0.3345575206984311
10385,YDL230W YJL052W,0.0,NA,0.0006512247491627932,2850,20655,10386,0,0.3905461626980614,0.12125079770261646,1.0,0.6654102638445927,0.3345897361554074
10386,YDR523C YDR163W,0.0,NA,0.0006512806285172701,2850,20654,10387,0,0.39057566905668173,0.12125595643294758,1.0,0.6653780483876164,0.3346219516123836
10387,YLR246W YPL171C,0.0,NA,0.0006513026892207563,2850,20653,10388,0,0.390605175415302,0.12126111560226355,1.0,0.6653458329306401,0.33465416706935985
10388,YEL069C YOR014W,0.0,NA,0.0006518556619994342,2850,20652,10389,0,0.3906346817739223,0.12126627521062038,1.0,0.6653136174736639,0.33468638252633615
10389,YOR047C YEL026W,0.0,NA,0.0006521744653582573,2850,20651,10390,0,0.39066418813254256,0.12127143525807413,1.0,0.6652814020166876,0.3347185979833124
10390,YLR383W YKL127W,0.0,NA,0.0006522602634504437,2850,20650,10391,0,0.39069369449116287,0.12127659574468085,1.0,0.6652491865597113,0.3347508134402887
10391,YOR372C YJL006C,0.0,NA,0.0006522714393213391,2850,20649,10392,0,0.3907232008497831,0.12128175667049662,1.0,0.6652169711027351,0.3347830288972649
10392,YOR372C YBR240C,0.0,NA,0.0006523584597744048,2850,20648,10393,0,0.39075270720840344,0.12128691803557749,1.0,0.6651847556457589,0.33481524435424115
10393,YAL029C YGL240W,0.0,NA,0.000652545306365937,2850,20647,10394,0,0.3907822135670237,0.12129207983997957,1.0,0.6651525401887826,0.33484745981121744
10394,YLR398C YFR030W,0.0,NA,0.000652648217510432,2850,20646,10395,0,0.39081171992564395,0.12129724208375894,1.0,0.6651203247318063,0.3348796752681937
10395,YLR095C YNL255C,0.0,NA,0.0006544015486724675,2850,20645,10396,0,0.39084122628426426,0.1213024047669717,1.0,0.6650881092748301,0.3349118907251699
10396,YJR044C YPL249C-A,0.0,NA,0.0006544361240230501,2850,20644,10397,0,0.3908707326428845,0.12130756788967396,1.0,0.6650558938178538,0.3349441061821462
10397,YJR109C YJR143C,0.0,NA,0.0006546875811181962,2850,20643,10398,0,0.39090023900150483,0.12131273145192185,1.0,0.6650236783608775,0.33497632163912244
10398,YOR213C YHR171W,0.0,NA,0.0006559207104146481,2850,20642,10399,0,0.3909297453601251,0.1213178954537715,1.0,0.6649914629039013,0.33500853709609874
10399,YER123W YDL044C,0.0,NA,0.0006561961490660906,2850,20641,10400,0,0.3909592517187454,0.12132305989527904,1.0,0.664959247446925,0.33504075255307497
10400,YDR500C YLR275W,0.0,NA,0.0006563168717548251,2850,20640,10401,0,0.39098875807736566,0.12132822477650064,1.0,0.6649270319899487,0.3350729680100512
10401,YER082C YOR179C,0.0,NA,0.0006574233411811292,2850,20639,10402,0,0.391018264435986,0.12133339009749244,1.0,0.6648948165329726,0.3351051834670275
10402,YPL131W YBL050W,0.0,NA,0.0006577969179488719,2850,20638,10403,0,0.39104777079460623,0.12133855585831063,1.0,0.6648626010759963,0.33513739892400374
10403,YKR003W YOR249C,0.0,NA,0.0006579692708328366,2850,20637,10404,0,0.39107727715322654,0.12134372205901137,1.0,0.66483038561902,0.33516961438098
10404,YCR037C YBR181C,0.0,NA,0.000658419681712985,2850,20636,10405,0,0.3911067835118468,0.12134888869965085,1.0,0.6647981701620438,0.33520182983795627
10405,YER102W YNL318C,0.0,NA,0.0006599403568543494,2850,20635,10406,0,0.3911362898704671,0.12135405578028528,1.0,0.6647659547050675,0.3352340452949325
10406,YAL060W YNL313C,0.0,NA,0.0006605522357858717,2850,20634,10407,0,0.39116579622908737,0.12135922330097088,1.0,0.6647337392480912,0.33526626075190874
10407,YMR183C YDR285W,0.0,NA,0.0006606010720133781,2850,20633,10408,0,0.3911953025877076,0.12136439126176383,1.0,0.664701523791115,0.33529847620888503
10408,YBL043W YGL087C,0.0,NA,0.0006613575969822705,2850,20632,10409,0,0.39122480894632794,0.12136955966272038,1.0,0.6646693083341387,0.33533069166586127
10409,YLL004W YLR452C,0.0,NA,0.0006615766906179488,2850,20631,10410,0,0.3912543153049482,0.12137472850389677,1.0,0.6646370928771624,0.33536290712283756
10410,YDL074C YPR079W,0.0,NA,0.0006625477690249681,2850,20630,10411,0,0.3912838216635685,0.12137989778534923,1.0,0.6646048774201863,0.3353951225798138
10411,YMR316W YJL002C,0.0,NA,0.0006631797878071666,2850,20629,10412,0,0.39131332802218877,0.12138506750713403,1.0,0.66457266196321,0.33542733803679003
10412,YPL256C YAL068C,0.0,NA,0.0006637017941102386,2850,20628,10413,0,0.3913428343808091,0.12139023766930744,1.0,0.6645404465062337,0.3354595534937663
10413,YDL210W YDR313C,0.0,NA,0.0006638684426434338,2850,20627,10414,0,0.39137234073942934,0.12139540827192571,1.0,0.6645082310492574,0.33549176895074256
10414,YEL071W YNL214W,0.0,NA,0.0006666203262284398,2850,20626,10415,0,0.39140184709804965,0.12140057931504515,1.0,0.6644760155922812,0.3355239844077188
10415,YKR001C YIR005W,0.0,NA,0.0006667969864793122,2850,20625,10416,0,0.3914313534566699,0.12140575079872204,1.0,0.6644438001353049,0.3355561998646951
10416,YPL267W YBL003C,0.0,NA,0.0006669278955087066,2850,20624,10417,0,0.3914608598152902,0.1214109227230127,1.0,0.6644115846783286,0.33558841532167133
10417,YGL212W YKL196C,0.0,NA,0.0006670941365882754,2850,20623,10418,0,0.3914903661739105,0.12141609508797342,1.0,0.6643793692213524,0.3356206307786476
10418,YKR056W YNL175C,0.0,NA,0.0006681879167445004,2850,20622,10419,0,0.39151987253253073,0.12142126789366053,1.0,0.6643471537643761,0.33565284623562386
10419,YGR271W YDL085W,0.0,NA,0.0006691154558211565,2850,20621,10420,0,0.39154937889115105,0.12142644114013038,1.0,0.6643149383073998,0.3356850616926001
10420,YGL124C YDR487C,0.0,NA,0.0006693396135233343,2850,20620,10421,0,0.3915788852497713,0.12143161482743929,1.0,0.6642827228504237,0.3357172771495764
10421,YKL034W YPL046C,0.0,NA,0.0006693460163660347,2850,20619,10422,0,0.3916083916083916,0.12143678895564361,1.0,0.6642505073934474,0.3357494926065526
10422,YHL033C YKL092C,0.0,NA,0.0006693501491099596,2850,20618,10423,0,0.39163789796701187,0.12144196352479973,1.0,0.6642182919364711,0.33578170806352886
10423,YLR276C YGR206W,0.0,NA,0.00067039584973827,2850,20617,10424,0,0.3916674043256322,0.12144713853496399,1.0,0.6641860764794949,0.33581392352050515
10424,YDL145C YGR013W,0.0,NA,0.0006707249558530748,2850,20616,10425,0,0.39169691068425244,0.12145231398619279,1.0,0.6641538610225186,0.3358461389774814
10425,YGL037C YDL015C,0.0,NA,0.0006710350280627608,2850,20615,10426,0,0.39172641704287275,0.1214574898785425,1.0,0.6641216455655423,0.3358783544344576
10426,YER072W YDR419W,0.0,NA,0.0006716172792948782,2850,20614,10427,0,0.391755923401493,0.12146266621206955,1.0,0.6640894301085661,0.3359105698914339
10427,YPR040W Q0110,0.0,NA,0.0006718010408803821,2850,20613,10428,0,0.3917854297601133,0.12146784298683033,1.0,0.6640572146515898,0.33594278534841016
10428,YDR168W YBR217W,0.0,NA,0.0006720559322275221,2850,20612,10429,0,0.3918149361187336,0.12147302020288125,1.0,0.6640249991946136,0.33597500080538645
10429,YLR045C YPL256C,0.0,NA,0.0006726268329657614,2850,20611,10430,0,0.3918444424773539,0.12147819786027876,1.0,0.6639927837376374,0.3360072162623627
10430,YMR142C YGL197W,0.0,NA,0.0006744774291291833,2850,20610,10431,0,0.39187394883597415,0.12148337595907928,1.0,0.6639605682806611,0.3360394317193389
10431,YOR178C YOR339C,0.0,NA,0.0006746684084646404,2850,20609,10432,0,0.3919034551945944,0.12148855449933928,1.0,0.6639283528236848,0.3360716471763152
10432,YER100W YGL103W,0.0,NA,0.0006747764418832958,2850,20608,10433,0,0.3919329615532147,0.12149373348111518,1.0,0.6638961373667085,0.33610386263329145
10433,YGR252W YLR216C,0.0,NA,0.0006748108426108956,2850,20607,10434,0,0.391962467911835,0.12149891290446349,1.0,0.6638639219097323,0.3361360780902677
10434,YMR183C YLL021W,0.0,NA,0.000675317773129791,2850,20606,10435,0,0.3919919742704553,0.12150409276944066,1.0,0.663831706452756,0.336168293547244
10435,YJL041W YDR121W,0.0,NA,0.0006756065413355827,2850,20605,10436,0,0.39202148062907555,0.12150927307610318,1.0,0.6637994909957797,0.3362005090042202
10436,YNL248C YNL322C,0.0,NA,0.0006762912962585688,2850,20604,10437,0,0.39205098698769586,0.12151445382450754,1.0,0.6637672755388035,0.3362327244611965
10437,YHR211W YKL035W,0.0,NA,0.0006765672005712986,2850,20603,10438,0,0.3920804933463161,0.12151963501471028,1.0,0.6637350600818273,0.33626493991817274
10438,YJL219W YCL009C,0.0,NA,0.0006769028841517866,2850,20602,10439,0,0.39210999970493643,0.12152481664676787,1.0,0.663702844624851,0.336297155375149
10439,YCR091W YPL176C,0.0,NA,0.000677701027598232,2850,20601,10440,0,0.3921395060635567,0.12152999872073686,1.0,0.6636706291678748,0.3363293708321253
10440,YML075C YHR042W,0.0,NA,0.0006779125542379916,2850,20600,10441,0,0.392169012422177,0.12153518123667377,1.0,0.6636384137108985,0.3363615862891015
10441,YJL033W YDR308C,0.0,NA,0.000677953998092562,2850,20599,10442,0,0.39219851878079726,0.12154036419463517,1.0,0.6636061982539222,0.33639380174607775
10442,YJL138C YML038C,0.0,NA,0.0006782130803912878,2850,20598,10443,0,0.39222802513941757,0.12154554759467759,1.0,0.663573982796946,0.33642601720305404
10443,YML066C YEL053C,0.0,NA,0.0006792088970541954,2850,20597,10444,0,0.3922575314980378,0.12155073143685759,1.0,0.6635417673399697,0.3364582326600303
10444,YDR052C YER176W,0.0,NA,0.0006793810753151774,2850,20596,10445,0,0.3922870378566581,0.12155591572123177,1.0,0.6635095518829934,0.3364904481170065
10445,YDR004W YOL123W,0.0,NA,0.0006799394031986594,2850,20595,10446,0,0.3923165442152784,0.12156110044785669,1.0,0.6634773364260173,0.3365226635739828
10446,YNR039C YLR094C,0.0,NA,0.0006802641437388957,2850,20594,10447,0,0.39234605057389865,0.12156628561678895,1.0,0.663445120969041,0.33655487903095904
10447,YDR545W YDR461W,0.0,NA,0.000680524215567857,2850,20593,10448,0,0.39237555693251897,0.12157147122808515,1.0,0.6634129055120647,0.33658709448793533
10448,YDL246C YPL274W,0.0,NA,0.0006807901081629097,2850,20592,10449,0,0.3924050632911392,0.12157665728180189,1.0,0.6633806900550885,0.33661930994491157
10449,YEL036C YDL028C,0.0,NA,0.0006808537291362882,2850,20591,10450,0,0.39243456964975953,0.12158184377799582,1.0,0.6633484745981122,0.3366515254018878
10450,YNL281W YLR262C,0.0,NA,0.0006813103682361543,2850,20590,10451,0,0.3924640760083798,0.12158703071672355,1.0,0.6633162591411359,0.3366837408588641
10451,YMR283C YOL111C,0.0,NA,0.0006816880195401609,2850,20589,10452,0,0.3924935823670001,0.12159221809804173,1.0,0.6632840436841596,0.33671595631584034
10452,YLL005C YPR129W,0.0,NA,0.0006832119543105364,2850,20588,10453,0,0.39252308872562036,0.12159740592200699,1.0,0.6632518282271834,0.3367481717728166
10453,YPL082C YPL211W,0.0,NA,0.0006833125371485949,2850,20587,10454,0,0.3925525950842407,0.12160259418867603,1.0,0.6632196127702071,0.33678038722979287
10454,YHR001W-A YFR031C-A,0.0,NA,0.0006842793081887066,2850,20586,10455,0,0.39258210144286093,0.12160778289810548,1.0,0.6631873973132308,0.3368126026867691
10455,YJR152W YMR268C,0.0,NA,0.0006844857125543058,2850,20585,10456,0,0.39261160780148124,0.12161297205035204,1.0,0.6631551818562547,0.3368448181437454
10456,YOR339C YPL228W,0.0,NA,0.0006856007967144251,2850,20584,10457,0,0.3926411141601015,0.12161816164547239,1.0,0.6631229663992784,0.33687703360072163
10457,YDR423C YKR008W,0.0,NA,0.0006856448599137366,2850,20583,10458,0,0.39267062051872176,0.12162335168352324,1.0,0.6630907509423021,0.33690924905769787
10458,YJL106W YKR088C,0.0,NA,0.0006858262931928039,2850,20582,10459,0,0.39270012687734207,0.12162854216456129,1.0,0.6630585354853259,0.33694146451467416
10459,YMR256C YKL221W,0.0,NA,0.0006863274029456079,2850,20581,10460,0,0.3927296332359623,0.12163373308864325,1.0,0.6630263200283496,0.3369736799716504
10460,YCR039C YLR054C,0.0,NA,0.0006864385795779526,2850,20580,10461,0,0.39275913959458264,0.12163892445582586,1.0,0.6629941045713733,0.33700589542862663
10461,YER001W YBR296C,0.0,NA,0.0006874435348436236,2850,20579,10462,0,0.3927886459532029,0.12164411626616586,1.0,0.6629618891143971,0.3370381108856029
10462,YPL005W YBR216C,0.0,NA,0.0006875608232803643,2850,20578,10463,0,0.3928181523118232,0.12164930851971999,1.0,0.6629296736574208,0.33707032634257916
10463,YOR253W YLR127C,0.0,NA,0.000687628926243633,2850,20577,10464,0,0.39284765867044347,0.12165450121654502,1.0,0.6628974582004445,0.3371025417995554
10464,YCR106W YGL005C,0.0,NA,0.0006884859758429229,2850,20576,10465,0,0.3928771650290638,0.12165969435669768,1.0,0.6628652427434684,0.3371347572565317
10465,YDL179W YOR159C,0.0,NA,0.000689338834490627,2850,20575,10466,0,0.39290667138768404,0.12166488794023479,1.0,0.6628330272864921,0.33716697271350793
10466,YDL210W YLR238W,0.0,NA,0.0006895879050716758,2850,20574,10467,0,0.39293617774630435,0.12167008196721311,1.0,0.6628008118295158,0.3371991881704842
10467,YGR027C YDR487C,0.0,NA,0.0006896286504343152,2850,20573,10468,0,0.3929656841049246,0.12167527643768945,1.0,0.6627685963725396,0.33723140362746046
10468,YLR210W YCL037C,0.0,NA,0.0006897673010826111,2850,20572,10469,0,0.3929951904635449,0.12168047135172061,1.0,0.6627363809155633,0.3372636190844367
10469,YER151C YKL014C,0.0,NA,0.0006907382630743086,2850,20571,10470,0,0.3930246968221652,0.12168566670936339,1.0,0.662704165458587,0.337295834541413
10470,YDL132W YPR171W,0.0,NA,0.0006907784263603389,2850,20570,10471,0,0.39305420318078543,0.12169086251067464,1.0,0.6626719500016107,0.3373280499983892
10471,YOR109W YPL256C,0.0,NA,0.0006915523554198444,2850,20569,10472,0,0.39308370953940575,0.12169605875571117,1.0,0.6626397345446345,0.33736026545536546
10472,YBL028C YBR274W,0.0,NA,0.0006917461869306862,2850,20568,10473,0,0.393113215898026,0.12170125544452985,1.0,0.6626075190876582,0.33739248091234175
10473,YBL027W YJR063W,0.0,NA,0.0006920594023540616,2850,20567,10474,0,0.3931427222566463,0.12170645257718751,1.0,0.662575303630682,0.337424696369318
10474,YNL116W YKL042W,0.0,NA,0.0006921161548234522,2850,20566,10475,0,0.3931722286152666,0.12171165015374104,1.0,0.6625430881737058,0.3374569118262943
10475,YDR305C YHR041C,0.0,NA,0.0006934094708412886,2850,20565,10476,0,0.3932017349738869,0.12171684817424727,1.0,0.6625108727167295,0.3374891272832705
10476,YEL017C-A YFR025C,0.0,NA,0.0006934927077963948,2850,20564,10477,0,0.39323124133250714,0.12172204663876314,1.0,0.6624786572597532,0.33752134274024675
10477,YIL026C YGL037C,0.0,NA,0.0006935184937901795,2850,20563,10478,0,0.39326074769112745,0.12172724554734549,1.0,0.662446441802777,0.33755355819722305
10478,YDR404C YHR134W,0.0,NA,0.0006938252481631935,2850,20562,10479,0,0.3932902540497477,0.12173244490005125,1.0,0.6624142263458007,0.3375857736541993
10479,YBR055C YFL003C,0.0,NA,0.0006942247855477035,2850,20561,10480,0,0.393319760408368,0.12173764469693733,1.0,0.6623820108888244,0.3376179891111755
10480,YHR111W YDR182W,0.0,NA,0.0006943461485207081,2850,20560,10481,0,0.3933492667669883,0.12174284493806066,1.0,0.6623497954318482,0.3376502045681518
10481,YLR308W YHL015W,0.0,NA,0.0006943716434761882,2850,20559,10482,0,0.3933787731256086,0.12174804562347814,1.0,0.662317579974872,0.33768242002512805
10482,YKR095W-A YIL147C,0.0,NA,0.0006944385240785778,2850,20558,10483,0,0.39340827948422885,0.12175324675324675,1.0,0.6622853645178957,0.3377146354821043
10483,YHR008C YGR277C,0.0,NA,0.000694552029017359,2850,20557,10484,0,0.3934377858428491,0.12175844832742343,1.0,0.6622531490609195,0.3377468509390806
10484,YPR182W YKR086W,0.0,NA,0.0006947519141249359,2850,20556,10485,0,0.3934672922014694,0.12176365034606511,1.0,0.6622209336039432,0.3377790663960568
10485,YCR106W YNL084C,0.0,NA,0.0006960193277336657,2850,20555,10486,0,0.3934967985600897,0.12176885280922879,1.0,0.6621887181469669,0.3378112818530331
10486,YHR144C YPR159W,0.0,NA,0.0006962870247662067,2850,20554,10487,0,0.39352630491871,0.12177405571697146,1.0,0.6621565026899907,0.33784349731000934
10487,YJL044C YJL166W,0.0,NA,0.000696526316460222,2850,20553,10488,0,0.39355581127733025,0.12177925906935008,1.0,0.6621242872330144,0.3378757127669856
10488,YPL249C YFR037C,0.0,NA,0.0006966663640923798,2850,20552,10489,0,0.39358531763595056,0.12178446286642167,1.0,0.6620920717760381,0.3379079282239619
10489,YKL017C YGL162W,0.0,NA,0.0006967723020352423,2850,20551,10490,0,0.3936148239945708,0.12178966710824324,1.0,0.6620598563190618,0.3379401436809381
10490,YOL081W YIL125W,0.0,NA,0.0006975705618970096,2850,20550,10491,0,0.39364433035319113,0.12179487179487179,1.0,0.6620276408620857,0.33797235913791435
10491,YDR272W YNR043W,0.0,NA,0.0006981545011512935,2850,20549,10492,0,0.3936738367118114,0.12180007692636438,1.0,0.6619954254051094,0.33800457459489064
10492,YOR065W YEL059C-A,0.0,NA,0.0006988098612055182,2850,20548,10493,0,0.3937033430704317,0.12180528250277801,1.0,0.6619632099481331,0.3380367900518669
10493,YJL141C YBR086C,0.0,NA,0.0006988710956647992,2850,20547,10494,0,0.39373284942905196,0.12181048852416977,1.0,0.6619309944911569,0.33806900550884317
10494,YNL189W YML047C,0.0,NA,0.000699102645739913,2850,20546,10495,0,0.39376235578767227,0.12181569499059668,1.0,0.6618987790341806,0.3381012209658194
10495,YOR068C YBR180W,0.0,NA,0.000699450436513871,2850,20545,10496,0,0.3937918621462925,0.12182090190211584,1.0,0.6618665635772043,0.33813343642279564
10496,YDR206W YBR203W,0.0,NA,0.0007002418278716505,2850,20544,10497,0,0.3938213685049128,0.1218261092587843,1.0,0.6618343481202281,0.33816565187977193
10497,YHR144C YIL073C,0.0,NA,0.0007008366519585252,2850,20543,10498,0,0.3938508748635331,0.12183131706065917,1.0,0.6618021326632518,0.33819786733674817
10498,YMR100W YMR161W,0.0,NA,0.0007009912515059114,2850,20542,10499,0,0.39388038122215335,0.12183652530779754,1.0,0.6617699172062755,0.3382300827937244
10499,YLR128W YPR105C,0.0,NA,0.0007014470174908638,2850,20541,10500,0,0.39390988758077367,0.12184173400025651,1.0,0.6617377017492994,0.3382622982507007
10500,YMR255W YKL216W,0.0,NA,0.0007020690245553851,2850,20540,10501,0,0.3939393939393939,0.1218469431380932,1.0,0.6617054862923231,0.33829451370767694
10501,YOL072W YIR028W,0.0,NA,0.000702118850313127,2850,20539,10502,0,0.39396890029801424,0.12185215272136475,1.0,0.6616732708353468,0.33832672916465323
10502,YGR075C YNR023W,0.0,NA,0.00070225540548563,2850,20538,10503,0,0.3939984066566345,0.12185736275012828,1.0,0.6616410553783706,0.33835894462162946
10503,YMR093W YBL005W-B,0.0,NA,0.0007027511019259691,2850,20537,10504,0,0.3940279130152548,0.12186257322444093,1.0,0.6616088399213943,0.3383911600786057
10504,YOR192C YDR101C,0.0,NA,0.0007028609979897738,2850,20536,10505,0,0.39405741937387506,0.12186778414435988,1.0,0.661576624464418,0.338423375535582
10505,YGL209W YBR249C,0.0,NA,0.0007049841806292534,2850,20535,10506,0,0.3940869257324954,0.12187299550994227,1.0,0.6615444090074418,0.33845559099255823
10506,YIL096C YOR358W,0.0,NA,0.0007052973960526288,2850,20534,10507,0,0.39411643209111563,0.1218782073212453,1.0,0.6615121935504655,0.33848780644953447
10507,YNL103W YDR356W,0.0,NA,0.0007056308095343411,2850,20533,10508,0,0.39414593844973594,0.12188341957832613,1.0,0.6614799780934892,0.33852002190651076
10508,YMR165C YLR086W,0.0,NA,0.000706209393683821,2850,20532,10509,0,0.3941754448083562,0.12188863228124198,1.0,0.661447762636513,0.338552237363487
10509,YOR295W YNL116W,0.0,NA,0.0007075172616168857,2850,20531,10510,0,0.39420495116697646,0.12189384543005004,1.0,0.6614155471795368,0.33858445282046323
10510,YLR405W YMR204C,0.0,NA,0.0007075259927660227,2850,20530,10511,0,0.39423445752559677,0.12189905902480752,1.0,0.6613833317225605,0.3386166682774395
10511,YLR286C YPL145C,0.0,NA,0.0007075384492054582,2850,20529,10512,0,0.39426396388421703,0.12190427306557167,1.0,0.6613511162655842,0.33864888373441576
10512,YJL100W YGL030W,0.0,NA,0.0007082883385010064,2850,20528,10513,0,0.39429347024283734,0.12190948755239969,1.0,0.661318900808608,0.33868109919139205
10513,YMR232W YLR185W,0.0,NA,0.0007088498095981777,2850,20527,10514,0,0.3943229766014576,0.12191470248534884,1.0,0.6612866853516317,0.3387133146483683
10514,YGL076C YHR208W,0.0,NA,0.0007090180297382176,2850,20526,10515,0,0.3943524829600779,0.12191991786447638,1.0,0.6612544698946554,0.33874553010534453
10515,YGR087C YOL003C,0.0,NA,0.000709309708327055,2850,20525,10516,0,0.39438198931869817,0.12192513368983957,1.0,0.6612222544376792,0.3387777455623208
10516,YHR167W YGR096W,0.0,NA,0.0007096325280144811,2850,20524,10517,0,0.3944114956773185,0.12193034996149568,1.0,0.6611900389807029,0.33880996101929706
10517,YML022W YIR019C,0.0,NA,0.0007096836343407631,2850,20523,10518,0,0.39444100203593874,0.12193556667950199,1.0,0.6611578235237267,0.3388421764762733
10518,YGR267C YBR086C,0.0,NA,0.0007105799741111696,2850,20522,10519,0,0.39447050839455905,0.1219407838439158,1.0,0.6611256080667505,0.3388743919332496
10519,YER012W YOR341W,0.0,NA,0.0007107465644367039,2850,20521,10520,0,0.3945000147531793,0.12194600145479441,1.0,0.6610933926097742,0.3389066073902258
10520,YKL112W YMR041C,0.0,NA,0.000711949891410768,2850,20520,10521,0,0.3945295211117996,0.12195121951219512,1.0,0.6610611771527979,0.3389388228472021
10521,YAL034W-A YHR150W,0.0,NA,0.0007132812170311809,2850,20519,10522,0,0.3945590274704199,0.12195643801617527,1.0,0.6610289616958217,0.33897103830417835
10522,YBR254C YOR361C,0.0,NA,0.0007141028181649745,2850,20518,10523,0,0.39458853382904013,0.12196165696679219,1.0,0.6609967462388454,0.3390032537611546
10523,YBR290W YPR010C,0.0,NA,0.0007150882738642395,2850,20517,10524,0,0.39461804018766045,0.12196687636410322,1.0,0.6609645307818691,0.3390354692181309
10524,YDR423C YDR183W,0.0,NA,0.0007151250611059368,2850,20516,10525,0,0.3946475465462807,0.12197209620816571,1.0,0.6609323153248929,0.3390676846751071
10525,YBR168W YNL163C,0.0,NA,0.0007151588215492666,2850,20515,10526,0,0.394677052904901,0.12197731649903702,1.0,0.6609000998679166,0.33909990013208335
10526,YJL068C YPL239W,0.0,NA,0.0007155245402827859,2850,20514,10527,0,0.3947065592635213,0.12198253723677452,1.0,0.6608678844109404,0.33913211558905965
10527,YKR009C YDR178W,0.0,NA,0.000716645794454962,2850,20513,10528,0,0.3947360656221416,0.1219877584214356,1.0,0.6608356689539641,0.3391643310460359
10528,YPL189W YDR254W,0.0,NA,0.0007171004544943571,2850,20512,10529,0,0.39476557198076184,0.12199298005307765,1.0,0.6608034534969879,0.3391965465030121
10529,YBL028C YMR184W,0.0,NA,0.0007171848556026816,2850,20511,10530,0,0.39479507833938215,0.12199820213175806,1.0,0.6607712380400116,0.3392287619599884
10530,YEL003W YLR106C,0.0,NA,0.0007175327627919614,2850,20510,10531,0,0.3948245846980024,0.12200342465753425,1.0,0.6607390225830353,0.33926097741696465
10531,YJR140C YMR236W,0.0,NA,0.000717894290573895,2850,20509,10532,0,0.3948540910566227,0.12200864763046364,1.0,0.6607068071260591,0.33929319287394094
10532,YBR080C YOR361C,0.0,NA,0.0007180845132097602,2850,20508,10533,0,0.394883597415243,0.12201387105060364,1.0,0.6606745916690828,0.3393254083309172
10533,YKL160W YHR181W,0.0,NA,0.0007195285288617015,2850,20507,10534,0,0.3949131037738633,0.12201909491801173,1.0,0.6606423762121065,0.3393576237878934
10534,YBR079C YGL091C,0.0,NA,0.000719600822776556,2850,20506,10535,0,0.39494261013248355,0.12202431923274533,1.0,0.6606101607551303,0.3393898392448697
10535,YGR054W YMR156C,0.0,NA,0.0007200124673545361,2850,20505,10536,0,0.3949721164911038,0.12202954399486192,1.0,0.6605779452981541,0.33942205470184594
10536,YML113W YNR067C,0.0,NA,0.0007201259722933173,2850,20504,10537,0,0.3950016228497241,0.12203476920441894,1.0,0.6605457298411778,0.3394542701588222
10537,YDR402C YNR060W,0.0,NA,0.0007202777196653187,2850,20503,10538,0,0.3950311292083444,0.1220399948614739,1.0,0.6605135143842016,0.3394864856157985
10538,YHR001W YBR290W,0.0,NA,0.0007203827262856066,2850,20502,10539,0,0.3950606355669647,0.12204522096608428,1.0,0.6604812989272253,0.3395187010727747
10539,YGR112W YOR284W,0.0,NA,0.0007209623581729829,2850,20501,10540,0,0.39509014192558495,0.12205044751830757,1.0,0.660449083470249,0.339550916529751
10540,YNL302C YHR008C,0.0,NA,0.0007211142801679671,2850,20500,10541,0,0.39511964828420526,0.12205567451820129,1.0,0.6604168680132728,0.33958313198672724
10541,YIL094C YLR452C,0.0,NA,0.0007219028775580227,2850,20499,10542,0,0.3951491546428255,0.12206090196582295,1.0,0.6603846525562965,0.3396153474437035
10542,YPL157W YJL029C,0.0,NA,0.0007224541623145342,2850,20498,10543,0,0.39517866100144583,0.12206612986123008,1.0,0.6603524370993202,0.33964756290067977
10543,YBR082C YIL088C,0.0,NA,0.0007227581809274852,2850,20497,10544,0,0.3952081673600661,0.12207135820448023,1.0,0.660320221642344,0.339679778357656
10544,YDR495C YBR088C,0.0,NA,0.0007229748880490661,2850,20496,10545,0,0.3952376737186864,0.12207658699563094,1.0,0.6602880061853678,0.33971199381463224
10545,YNL090W YBR258C,0.0,NA,0.0007235724478960037,2850,20495,10546,0,0.39526718007730666,0.12208181623473978,1.0,0.6602557907283915,0.33974420927160853
10546,YPL092W YDR385W,0.0,NA,0.0007235769298858941,2850,20494,10547,0,0.39529668643592697,0.12208704592186428,1.0,0.6602235752714152,0.33977642472858477
10547,YJL085W YDR123C,0.0,NA,0.0007236917153932154,2850,20493,10548,0,0.3953261927945472,0.12209227605706208,1.0,0.660191359814439,0.339808640185561
10548,YNL124W YIL084C,0.0,NA,0.0007239445112645626,2850,20492,10549,0,0.3953556991531675,0.12209750664039071,1.0,0.6601591443574627,0.3398408556425373
10549,YMR305C YBL061C,0.0,NA,0.0007246997556649148,2850,20491,10550,0,0.3953852055117878,0.1221027376719078,1.0,0.6601269289004864,0.33987307109951354
10550,YOR165W YCR038C,0.0,NA,0.0007249480695463717,2850,20490,10551,0,0.39541471187040805,0.12210796915167095,1.0,0.6600947134435102,0.3399052865564898
10551,YGR060W YJL141C,0.0,NA,0.000725282821804285,2850,20489,10552,0,0.39544421822902837,0.12211320107973778,1.0,0.6600624979865339,0.33993750201346606
10552,YGL017W YPL227C,0.0,NA,0.0007256385870277882,2850,20488,10553,0,0.3954737245876486,0.12211843345616591,1.0,0.6600302825295576,0.3399697174704423
10553,YNL149C YDL142C,0.0,NA,0.0007274934905581176,2850,20487,10554,0,0.39550323094626894,0.12212366628101298,1.0,0.6599980670725815,0.3400019329274186
10554,YAR042W YPL223C,0.0,NA,0.00072818947955966,2850,20486,10555,0,0.3955327373048892,0.12212889955433665,1.0,0.6599658516156052,0.34003414838439483
10555,YJR152W YDR364C,0.0,NA,0.000730274012312293,2850,20485,10556,0,0.3955622436635095,0.12213413327619456,1.0,0.6599336361586289,0.34006636384137107
10556,YGL173C YBR180W,0.0,NA,0.0007314248941838741,2850,20484,10557,0,0.39559175002212976,0.12213936744664439,1.0,0.6599014207016527,0.34009857929834736
10557,YBR247C YKR080W,0.0,NA,0.0007315626135095954,2850,20483,10558,0,0.3956212563807501,0.12214460206574379,1.0,0.6598692052446764,0.3401307947553236
10558,YDL145C YPR143W,0.0,NA,0.0007318562129512429,2850,20482,10559,0,0.39565076273937033,0.12214983713355049,1.0,0.6598369897877001,0.3401630102122999
10559,YEL003W YOR007C,0.0,NA,0.000732213375158608,2850,20481,10560,0,0.39568026909799064,0.12215507265012215,1.0,0.6598047743307239,0.3401952256692761
10560,YPR167C YLR450W,0.0,NA,0.0007323783938772976,2850,20480,10561,0,0.3957097754566109,0.12216030861551651,1.0,0.6597725588737476,0.34022744112625236
10561,YNL149C YOR330C,0.0,NA,0.0007327169878408313,2850,20479,10562,0,0.39573928181523116,0.12216554502979125,1.0,0.6597403434167713,0.34025965658322865
10562,Q0120 YER008C,0.0,NA,0.0007337717688642442,2850,20478,10563,0,0.39576878817385147,0.12217078189300412,1.0,0.659708127959795,0.3402918720402049
10563,YNL149C YOR326W,0.0,NA,0.0007341032614931464,2850,20477,10564,0,0.39579829453247173,0.12217601920521284,1.0,0.6596759125028189,0.3403240874971811
10564,YJR059W YMR143W,0.0,NA,0.0007344290497712791,2850,20476,10565,0,0.39582780089109204,0.12218125696647518,1.0,0.6596436970458426,0.3403563029541574
10565,YGR261C YCR084C,0.0,NA,0.0007353888358920813,2850,20475,10566,0,0.3958573072497123,0.12218649517684887,1.0,0.6596114815888663,0.34038851841113366
10566,YLR180W YNL339C,0.0,NA,0.000735467008780688,2850,20474,10567,0,0.3958868136083326,0.1221917338363917,1.0,0.6595792661318901,0.3404207338681099
10567,YDR423C YFR002W,0.0,NA,0.0007354883127845824,2850,20473,10568,0,0.39591631996695287,0.12219697294516142,1.0,0.6595470506749138,0.3404529493250862
10568,YML043C YDR392W,0.0,NA,0.0007363176555372775,2850,20472,10569,0,0.3959458263255732,0.12220221250321585,1.0,0.6595148352179375,0.3404851647820624
10569,YKR068C YMR075W,0.0,NA,0.000736920686904341,2850,20471,10570,0,0.39597533268419344,0.12220745251061275,1.0,0.6594826197609613,0.3405173802390387
10570,YIL124W YFR021W,0.0,NA,0.0007370495004579425,2850,20470,10571,0,0.39600483904281375,0.12221269296740996,1.0,0.659450404303985,0.34054959569601495
10571,YGR154C YOL001W,0.0,NA,0.0007378907757811248,2850,20469,10572,0,0.396034345401434,0.12221793387366525,1.0,0.6594181888470088,0.3405818111529912
10572,YGR179C YOR346W,0.0,NA,0.000738003640435636,2850,20468,10573,0,0.39606385176005426,0.12222317522943649,1.0,0.6593859733900326,0.3406140266099675
10573,YER051W YHR153C,0.0,NA,0.0007384355994872749,2850,20467,10574,0,0.3960933581186746,0.12222841703478149,1.0,0.6593537579330563,0.3406462420669437
10574,YGL022W YER046W,0.0,NA,0.0007385316421277821,2850,20466,10575,0,0.39612286447729483,0.1222336592897581,1.0,0.65932154247608,0.34067845752391995
10575,YGL190C YDR058C,0.0,NA,0.0007386889774352312,2850,20465,10576,0,0.39615237083591515,0.12223890199442419,1.0,0.6592893270191038,0.34071067298089625
10576,YNL037C YDR091C,0.0,NA,0.0007394570275209844,2850,20464,10577,0,0.3961818771945354,0.12224414514883761,1.0,0.6592571115621275,0.3407428884378725
10577,YMR112C YPR171W,0.0,NA,0.0007405105279758573,2850,20463,10578,0,0.3962113835531557,0.12224938875305623,1.0,0.6592248961051512,0.3407751038948488
10578,YDL087C YDR225W,0.0,NA,0.0007405387586914003,2850,20462,10579,0,0.396240889911776,0.12225463280713796,1.0,0.659192680648175,0.340807319351825
10579,YCL059C YNL209W,0.0,NA,0.0007407816010527313,2850,20461,10580,0,0.3962703962703963,0.12225987731114066,1.0,0.6591604651911988,0.34083953480880125
10580,YMR270C YNR047W,0.0,NA,0.0007411530241370201,2850,20460,10581,0,0.39629990262901654,0.12226512226512226,1.0,0.6591282497342225,0.34087175026577754
10581,YGR275W YJL041W,0.0,NA,0.0007413924904540181,2850,20459,10582,0,0.39632940898763686,0.12227036766914068,1.0,0.6590960342772462,0.3409039657227538
10582,YLL004W YNL091W,0.0,NA,0.0007414238643832505,2850,20458,10583,0,0.3963589153462571,0.12227561352325382,1.0,0.65906381882027,0.34093618117973
10583,YCR066W YFR030W,0.0,NA,0.0007432756829075515,2850,20457,10584,0,0.3963884217048774,0.12228085982751963,1.0,0.6590316033632937,0.3409683966367063
10584,YMR271C YJR005W,0.0,NA,0.0007433705613948405,2850,20456,10585,0,0.3964179280634977,0.12228610658199605,1.0,0.6589993879063174,0.34100061209368254
10585,YBR077C YER129W,0.0,NA,0.0007454924052581191,2850,20455,10586,0,0.39644743442211794,0.12229135378674104,1.0,0.6589671724493412,0.3410328275506588
10586,YGR161C YER014W,0.0,NA,0.0007467320538125932,2850,20454,10587,0,0.39647694078073825,0.12229660144181256,1.0,0.6589349569923649,0.34106504300763507
10587,YGL203C YOR358W,0.0,NA,0.0007476488244719803,2850,20453,10588,0,0.3965064471393585,0.1223018495472686,1.0,0.6589027415353886,0.3410972584646113
10588,YER176W YPL198W,0.0,NA,0.0007483177469111979,2850,20452,10589,0,0.3965359534979788,0.12230709810316712,1.0,0.6588705260784125,0.3411294739215876
10589,YER031C YER051W,0.0,NA,0.0007501784712076187,2850,20451,10590,0,0.3965654598565991,0.12231234710956611,1.0,0.6588383106214362,0.34116168937856384
10590,YNL128W YGL178W,0.0,NA,0.000750271778088063,2850,20450,10591,0,0.3965949662152194,0.1223175965665236,1.0,0.6588060951644599,0.3411939048355401
10591,YLR145W YPL119C,0.0,NA,0.0007503214874304831,2850,20449,10592,0,0.39662447257383965,0.12232284647409761,1.0,0.6587738797074837,0.34122612029251637
10592,YLR421C YDR252W,0.0,NA,0.0007506382535211742,2850,20448,10593,0,0.39665397893245996,0.12232809683234612,1.0,0.6587416642505074,0.3412583357494926
10593,YDR103W YDR213W,0.0,NA,0.0007512203883379698,2850,20447,10594,0,0.3966834852910802,0.12233334764132721,1.0,0.6587094487935311,0.34129055120646884
10594,YOL058W YAR007C,0.0,NA,0.0007521244115196168,2850,20446,10595,0,0.39671299164970053,0.1223385989010989,1.0,0.6586772333365549,0.34132276666344513
10595,YDR153C YMR261C,0.0,NA,0.0007524047396145761,2850,20445,10596,0,0.3967424980083208,0.12234385061171925,1.0,0.6586450178795786,0.34135498212042137
10596,YOL124C YDR310C,0.0,NA,0.0007525075925514102,2850,20444,10597,0,0.3967720043669411,0.12234910277324633,1.0,0.6586128024226023,0.34138719757739766
10597,YGL116W YOR018W,0.0,NA,0.0007531672599725425,2850,20443,10598,0,0.39680151072556136,0.1223543553857382,1.0,0.6585805869656262,0.3414194130343739
10598,YLR056W YLL056C,0.0,NA,0.0007538602221757174,2850,20442,10599,0,0.3968310170841816,0.12235960844925296,1.0,0.6585483715086499,0.34145162849135013
10599,YMR172W YNL130C,0.0,NA,0.0007540693040937185,2850,20441,10600,0,0.3968605234428019,0.1223648619638487,1.0,0.6585161560516736,0.3414838439483264
10600,YOR123C YBR040W,0.0,NA,0.000754936074372381,2850,20440,10601,0,0.3968900298014222,0.12237011592958351,1.0,0.6584839405946973,0.34151605940530266
10601,YLL060C YJR094C,0.0,NA,0.0007550198934040964,2850,20439,10602,0,0.3969195361600425,0.12237537034651552,1.0,0.6584517251377211,0.3415482748622789
10602,YEL016C YCL052C,0.0,NA,0.0007551026646979153,2850,20438,10603,0,0.39694904251866275,0.12238062521470285,1.0,0.6584195096807448,0.3415804903192552
10603,YGL216W YJL170C,0.0,NA,0.0007554963231086731,2850,20437,10604,0,0.39697854887728307,0.12238588053420363,1.0,0.6583872942237685,0.34161270577623143
10604,YGR224W YMR047C,0.0,NA,0.0007555122138001025,2850,20436,10605,0,0.3970080552359033,0.12239113630507602,1.0,0.6583550787667923,0.34164492123320767
10605,YNL002C YOL105C,0.0,NA,0.0007557872449979186,2850,20435,10606,0,0.39703756159452364,0.12239639252737813,1.0,0.658322863309816,0.34167713669018396
10606,YNL309W YER088C,0.0,NA,0.0007564141415059566,2850,20434,10607,0,0.3970670679531439,0.12240164920116818,1.0,0.6582906478528397,0.3417093521471602
10607,YMR274C YCR060W,0.0,NA,0.0007564148399978876,2850,20433,10608,0,0.3970965743117642,0.12240690632650432,1.0,0.6582584323958636,0.3417415676041365
10608,YDL083C YGR229C,0.0,NA,0.000756631838157773,2850,20432,10609,0,0.39712608067038446,0.12241216390344473,1.0,0.6582262169388873,0.3417737830611127
10609,YEL022W YBR203W,0.0,NA,0.0007568084984086454,2850,20431,10610,0,0.3971555870290048,0.12241742193204759,1.0,0.658194001481911,0.34180599851808896
10610,YGR119C YDR487C,0.0,NA,0.0007574534974992275,2850,20430,10611,0,0.39718509338762503,0.12242268041237113,1.0,0.6581617860249348,0.34183821397506525
10611,YPL178W YBR105C,0.0,NA,0.0007577134529128671,2850,20429,10612,0,0.3972145997462453,0.12242793934447356,1.0,0.6581295705679585,0.3418704294320415
10612,YMR095C YLR373C,0.0,NA,0.0007577221258543432,2850,20428,10613,0,0.3972441061048656,0.1224331987284131,1.0,0.6580973551109822,0.3419026448890177
10613,YLR060W YER052C,0.0,NA,0.0007579589728266001,2850,20427,10614,0,0.39727361246348586,0.12243845856424797,1.0,0.658065139654006,0.341934860345994
10614,YDR471W YJR004C,0.0,NA,0.0007585327257402241,2850,20426,10615,0,0.39730311882210617,0.12244371885203643,1.0,0.6580329241970297,0.34196707580297026
10615,YGR157W YGL147C,0.0,NA,0.0007590572931803763,2850,20425,10616,0,0.39733262518072643,0.12244897959183673,1.0,0.6580007087400535,0.34199929125994655
10616,YJR103W YBR069C,0.0,NA,0.0007601354736834764,2850,20424,10617,0,0.39736213153934674,0.12245424078370715,1.0,0.6579684932830773,0.3420315067169228
10617,YKL018W YLR103C,0.0,NA,0.0007606137078255415,2850,20423,10618,0,0.397391637897967,0.12245950242770592,1.0,0.657936277826101,0.342063722173899
10618,YLR044C YER043C,0.0,NA,0.0007606974104419351,2850,20422,10619,0,0.3974211442565873,0.12246476452389138,1.0,0.6579040623691247,0.3420959376308753
10619,YGR038W YOR244W,0.0,NA,0.000760804396122694,2850,20421,10620,0,0.39745065061520757,0.12247002707232177,1.0,0.6578718469121484,0.34212815308785155
10620,YOL121C YHR114W,0.0,NA,0.0007611618493683636,2850,20420,10621,0,0.3974801569738279,0.12247529007305544,1.0,0.6578396314551722,0.3421603685448278
10621,YGR013W YDL188C,0.0,NA,0.0007617591181769967,2850,20419,10622,0,0.39750966333244814,0.12248055352615067,1.0,0.6578074159981959,0.3421925840018041
10622,YHR174W YGR194C,0.0,NA,0.0007620179676450789,2850,20418,10623,0,0.39753916969106845,0.12248581743166581,1.0,0.6577752005412196,0.3422247994587803
10623,YLR176C YLR388W,0.0,NA,0.0007629308965988457,2850,20417,10624,0,0.3975686760496887,0.12249108178965917,1.0,0.6577429850842434,0.3422570149157566
10624,YIL042C YHR133C,0.0,NA,0.0007629606989212334,2850,20416,10625,0,0.39759818240830896,0.12249634660018911,1.0,0.6577107696272672,0.34228923037273284
10625,YGR123C YDR180W,0.0,NA,0.0007631315966136754,2850,20415,10626,0,0.3976276887669293,0.12250161186331399,1.0,0.6576785541702909,0.3423214458297091
10626,YLR406C YML080W,0.0,NA,0.000763322866987437,2850,20414,10627,0,0.39765719512554953,0.12250687757909216,1.0,0.6576463387133147,0.3423536612866854
10627,YHR193C YNL173C,0.0,NA,0.000763741263654083,2850,20413,10628,0,0.39768670148416985,0.122512143747582,1.0,0.6576141232563384,0.3423858767436616
10628,YJL125C YFL033C,0.0,NA,0.0007638736860826612,2850,20412,10629,0,0.3977162078427901,0.1225174103688419,1.0,0.6575819077993621,0.34241809220063785
10629,YOR036W YMR312W,0.0,NA,0.0007640990661457181,2850,20411,10630,0,0.3977457142014104,0.12252267744293023,1.0,0.6575496923423859,0.34245030765761414
10630,YNL172W YDR277C,0.0,NA,0.0007644045981578529,2850,20410,10631,0,0.3977752205600307,0.12252794496990542,1.0,0.6575174768854096,0.3424825231145904
10631,YML071C YMR017W,0.0,NA,0.0007646267767995596,2850,20409,10632,0,0.397804726918651,0.12253321294982587,1.0,0.6574852614284333,0.3425147385715666
10632,YPL058C YBR036C,0.0,NA,0.0007652725907973945,2850,20408,10633,0,0.39783423327727124,0.12253848138275002,1.0,0.6574530459714572,0.3425469540285429
10633,YNL322C YLR285W,0.0,NA,0.0007652740459889174,2850,20407,10634,0,0.39786373963589156,0.12254375026873629,1.0,0.6574208305144809,0.34257916948551914
10634,YJL219W YCR073W-A,0.0,NA,0.0007653809152543545,2850,20406,10635,0,0.3978932459945118,0.12254901960784313,1.0,0.6573886150575046,0.34261138494249543
10635,YIL085C YGR258C,0.0,NA,0.0007654498913325369,2850,20405,10636,0,0.3979227523531321,0.12255428940012901,1.0,0.6573563996005284,0.34264360039947167
10636,YDR003W YOR054C,0.0,NA,0.000766376091632992,2850,20404,10637,0,0.3979522587117524,0.12255955964565236,1.0,0.6573241841435521,0.3426758158564479
10637,YDR302W YGL205W,0.0,NA,0.0007664823206141591,2850,20403,10638,0,0.39798176507037264,0.12256483034447169,1.0,0.6572919686865758,0.3427080313134242
10638,YPL156C YBR018C,0.0,NA,0.0007667233585380018,2850,20402,10639,0,0.39801127142899295,0.12257010149664545,1.0,0.6572597532295995,0.34274024677040044
10639,YHL006C YBR010W,0.0,NA,0.0007667581085115671,2850,20401,10640,0,0.3980407777876132,0.12257537310223217,1.0,0.6572275377726233,0.3427724622273767
10640,YDR064W YLR170C,0.0,NA,0.0007679778500460088,2850,20400,10641,0,0.3980702841462335,0.12258064516129032,1.0,0.657195322315647,0.34280467768435297
10641,YNL172W YMR054W,0.0,NA,0.0007686645840294659,2850,20399,10642,0,0.3980997905048538,0.12258591767387844,1.0,0.6571631068586707,0.3428368931413292
10642,YNL051W YMR058W,0.0,NA,0.0007687041070312262,2850,20398,10643,0,0.3981292968634741,0.12259119064005505,1.0,0.6571308914016946,0.3428691085983055
10643,YHR065C YPR066W,0.0,NA,0.0007688213372603059,2850,20397,10644,0,0.39815880322209435,0.12259646405987869,1.0,0.6570986759447183,0.34290132405528173
10644,YHR103W YKL216W,0.0,NA,0.0007691830396652222,2850,20396,10645,0,0.39818830958071466,0.1226017379334079,1.0,0.657066460487742,0.34293353951225797
10645,YLR078C YDR288W,0.0,NA,0.0007695103995501995,2850,20395,10646,0,0.3982178159393349,0.12260701226070123,1.0,0.6570342450307658,0.34296575496923426
10646,YGR163W YKL060C,0.0,NA,0.0007696431130170822,2850,20394,10647,0,0.39824732229795523,0.12261228704181724,1.0,0.6570020295737895,0.3429979704262105
10647,YJL139C YDR246W,0.0,NA,0.0007700975984334946,2850,20393,10648,0,0.3982768286565755,0.12261756227681453,1.0,0.6569698141168132,0.34303018588318673
10648,YAL058W YGR129W,0.0,NA,0.0007704025483690202,2850,20392,10649,0,0.3983063350151958,0.12262283796575166,1.0,0.656937598659837,0.343062401340163
10649,YLR448W YOR304W,0.0,NA,0.000770496902987361,2850,20391,10650,0,0.39833584137381606,0.12262811410868724,1.0,0.6569053832028607,0.34309461679713926
10650,YIL045W YDL170W,0.0,NA,0.0007708086050115526,2850,20390,10651,0,0.3983653477324363,0.12263339070567986,1.0,0.6568731677458844,0.3431268322541155
10651,YKR063C YPL160W,0.0,NA,0.0007708894554525614,2850,20389,10652,0,0.3983948540910566,0.12263866775678815,1.0,0.6568409522889083,0.3431590477110918
10652,YKL139W YOL140W,0.0,NA,0.000770940852817148,2850,20388,10653,0,0.3984243604496769,0.12264394526207074,1.0,0.656808736831932,0.34319126316806803
10653,YKR034W YLL036C,0.0,NA,0.0007720094290561974,2850,20387,10654,0,0.3984538668082972,0.12264922322158626,1.0,0.6567765213749557,0.3432234786250443
10654,YML103C YGL162W,0.0,NA,0.0007724288734607399,2850,20386,10655,0,0.39848337316691745,0.12265450163539336,1.0,0.6567443059179795,0.34325569408202056
10655,YLR353W YFL034C-A,0.0,NA,0.0007725091418251395,2850,20385,10656,0,0.39851287952553777,0.12265978050355068,1.0,0.6567120904610032,0.3432879095389968
10656,YNL149C YBR091C,0.0,NA,0.0007730522775091231,2850,20384,10657,0,0.398542385884158,0.1226650598261169,1.0,0.6566798750040269,0.3433201249959731
10657,YOL040C YMR281W,0.0,NA,0.0007730934885330498,2850,20383,10658,0,0.39857189224277834,0.12267033960315069,1.0,0.6566476595470506,0.3433523404529493
10658,YLL063C YDL013W,0.0,NA,0.0007738431449979544,2850,20382,10659,0,0.3986013986013986,0.12267561983471074,1.0,0.6566154440900744,0.34338455590992556
10659,YCL044C YDR077W,0.0,NA,0.0007748082862235606,2850,20381,10660,0,0.3986309049600189,0.12268090052085576,1.0,0.6565832286330981,0.34341677136690185
10660,YMR182C YDR399W,0.0,NA,0.0007750859367661178,2850,20380,10661,0,0.39866041131863916,0.12268618166164443,1.0,0.6565510131761219,0.3434489868238781
10661,YOR160W YOL097C,0.0,NA,0.0007752217934466898,2850,20379,10662,0,0.3986899176772595,0.12269146325713548,1.0,0.6565187977191457,0.3434812022808544
10662,YLR191W YFL060C,0.0,NA,0.0007762341992929578,2850,20378,10663,0,0.39871942403587973,0.12269674530738764,1.0,0.6564865822621694,0.3435134177378306
10663,YGL030W YLR134W,0.0,NA,0.0007764927577227354,2850,20377,10664,0,0.3987489303945,0.12270202781245963,1.0,0.6564543668051931,0.34354563319480685
10664,YNL044W YNL221C,0.0,NA,0.0007765445625409484,2850,20376,10665,0,0.3987784367531203,0.12270731077241023,1.0,0.6564221513482169,0.34357784865178315
10665,YBR264C YFR009W,0.0,NA,0.000776587869040668,2850,20375,10666,0,0.39880794311174056,0.12271259418729817,1.0,0.6563899358912406,0.3436100641087594
10666,YMR053C YDR177W,0.0,NA,0.0007774326368235052,2850,20374,10667,0,0.39883744947036087,0.12271787805718222,1.0,0.6563577204342643,0.3436422795657356
10667,YOL155C YGR251W,0.0,NA,0.0007783796754665673,2850,20373,10668,0,0.39886695582898113,0.12272316238212118,1.0,0.6563255049772881,0.3436744950227119
10668,YDR100W YKL143W,0.0,NA,0.0007784627960063517,2850,20372,10669,0,0.39889646218760144,0.1227284471621738,1.0,0.6562932895203119,0.34370671047968815
10669,YLR066W YNR043W,0.0,NA,0.0007788656512275338,2850,20371,10670,0,0.3989259685462217,0.1227337323973989,1.0,0.6562610740633356,0.3437389259366644
10670,YCR024C YDR037W,0.0,NA,0.0007788849761709571,2850,20370,10671,0,0.398955474904842,0.1227390180878553,1.0,0.6562288586063594,0.3437711413936407
10671,YLR453C YOR288C,0.0,NA,0.0007788883522152901,2850,20369,10672,0,0.39898498126346227,0.12274430423360179,1.0,0.6561966431493831,0.3438033568506169
10672,YHR007C YDR121W,0.0,NA,0.0007808234659023583,2850,20368,10673,0,0.3990144876220826,0.12274959083469722,1.0,0.6561644276924068,0.3438355723075932
10673,YOR107W YMR238W,0.0,NA,0.0007811784744262695,2850,20367,10674,0,0.39904399398070284,0.12275487789120042,1.0,0.6561322122354306,0.34386778776456944
10674,YOR236W YGL001C,0.0,NA,0.0007812280091457069,2850,20366,10675,0,0.39907350033932315,0.12276016540317022,1.0,0.6560999967784543,0.3439000032215457
10675,YOL086C YLR075W,0.0,NA,0.0007817984442226589,2850,20365,10676,0,0.3991030066979434,0.12276545337066552,1.0,0.656067781321478,0.343932218678522
10676,YNL051W YGR023W,0.0,NA,0.0007823946652933955,2850,20364,10677,0,0.39913251305656366,0.12277074179374516,1.0,0.6560355658645017,0.3439644341354982
10677,YCR010C YDR293C,0.0,NA,0.0007826288347132504,2850,20363,10678,0,0.399162019415184,0.12277603067246802,1.0,0.6560033504075256,0.34399664959247445
10678,YIL131C YGL123W,0.0,NA,0.0007834156276658177,2850,20362,10679,0,0.39919152577380423,0.12278132000689299,1.0,0.6559711349505493,0.34402886504945074
10679,YPR052C YNL292W,0.0,NA,0.0007835926371626556,2850,20361,10680,0,0.39922103213242455,0.12278660979707898,1.0,0.655938919493573,0.344061080506427
10680,YLR448W YBL018C,0.0,NA,0.0007843165076337755,2850,20360,10681,0,0.3992505384910448,0.12279190004308488,1.0,0.6559067040365968,0.34409329596340327
10681,YDR272W YLR417W,0.0,NA,0.0007853683782741427,2850,20359,10682,0,0.3992800448496651,0.12279719074496963,1.0,0.6558744885796205,0.3441255114203795
10682,YLR390W-A YAL022C,0.0,NA,0.0007856768206693232,2850,20358,10683,0,0.3993095512082854,0.12280248190279214,1.0,0.6558422731226442,0.34415772687735574
10683,YOL162W YPR069C,0.0,NA,0.0007856939919292927,2850,20357,10684,0,0.3993390575669057,0.12280777351661137,1.0,0.655810057665668,0.34418994233433203
10684,YJL108C YOR272W,0.0,NA,0.0007858426542952657,2850,20356,10685,0,0.39936856392552594,0.12281306558648625,1.0,0.6557778422086917,0.34422215779130827
10685,YIL029C YOR021C,0.0,NA,0.0007862842758186162,2850,20355,10686,0,0.39939807028414626,0.12281835811247575,1.0,0.6557456267517154,0.3442543732482845
10686,YJR073C YBL058W,0.0,NA,0.0007864981889724731,2850,20354,10687,0,0.3994275766427665,0.12282365109463886,1.0,0.6557134112947393,0.3442865887052608
10687,YKL218C YLR417W,0.0,NA,0.0007870577974244952,2850,20353,10688,0,0.3994570830013868,0.12282894453303451,1.0,0.655681195837763,0.34431880416223704
10688,YGR036C YOL138C,0.0,NA,0.0007872243877500296,2850,20352,10689,0,0.3994865893600071,0.12283423842772175,1.0,0.6556489803807867,0.34435101961921327
10689,YDR057W YNL263C,0.0,NA,0.000787637080065906,2850,20351,10690,0,0.39951609571862734,0.12283953277875953,1.0,0.6556167649238105,0.34438323507618956
10690,YER022W YDR283C,0.0,NA,0.0007886228268034756,2850,20350,10691,0,0.39954560207724765,0.12284482758620689,1.0,0.6555845494668342,0.3444154505331658
10691,YEL061C YHR197W,0.0,NA,0.0007892136927694082,2850,20349,10692,0,0.3995751084358679,0.12285012285012285,1.0,0.6555523340098579,0.3444476659901421
10692,YDL216C YHR040W,0.0,NA,0.000790175050497055,2850,20348,10693,0,0.3996046147944882,0.12285541857056642,1.0,0.6555201185528817,0.34447988144711833
10693,YOR229W YDR382W,0.0,NA,0.0007913693552836776,2850,20347,10694,0,0.3996341211531085,0.12286071474759667,1.0,0.6554879030959054,0.34451209690409457
10694,YMR256C YIR033W,0.0,NA,0.0007914957241155207,2850,20346,10695,0,0.3996636275117288,0.12286601138127264,1.0,0.6554556876389291,0.34454431236107086
10695,YGL087C YNL123W,0.0,NA,0.0007927113329060376,2850,20345,10696,0,0.39969313387034905,0.12287130847165337,1.0,0.6554234721819528,0.3445765278180471
10696,YBR248C YLR376C,0.0,NA,0.0007928794366307557,2850,20344,10697,0,0.39972264022896936,0.12287660601879796,1.0,0.6553912567249767,0.34460874327502333
10697,YDL038C YDR486C,0.0,NA,0.0007928854902274907,2850,20343,10698,0,0.3997521465875896,0.12288190402276548,1.0,0.6553590412680004,0.3446409587319996
10698,YML102W YBR231C,0.0,NA,0.0007932063308544457,2850,20342,10699,0,0.39978165294620993,0.12288720248361504,1.0,0.6553268258110241,0.34467317418897586
10699,YLR227C YDR166C,0.0,NA,0.000793312443420291,2850,20341,10700,0,0.3998111593048302,0.12289250140140572,1.0,0.6552946103540479,0.34470538964595215
10700,YHL033C YEL057C,0.0,NA,0.000793576764408499,2850,20340,10701,0,0.3998406656634505,0.12289780077619664,1.0,0.6552623948970716,0.3447376051029284
10701,YHR186C YOL001W,0.0,NA,0.0007936856127344072,2850,20339,10702,0,0.39987017202207076,0.12290310060804692,1.0,0.6552301794400953,0.3447698205599046
10702,YIR006C YDL038C,0.0,NA,0.0007943949894979596,2850,20338,10703,0,0.399899678380691,0.1229084008970157,1.0,0.6551979639831191,0.3448020360168809
10703,YDR098C YGR198W,0.0,NA,0.0007949818973429501,2850,20337,10704,0,0.3999291847393113,0.12291370164316212,1.0,0.6551657485261428,0.34483425147385716
10704,YER051W YDR007W,0.0,NA,0.0007960416260175407,2850,20336,10705,0,0.3999586910979316,0.12291900284654533,1.0,0.6551335330691666,0.3448664669308334
10705,YLR088W YJR095W,0.0,NA,0.000796377717051655,2850,20335,10706,0,0.3999881974565519,0.1229243045072245,1.0,0.6551013176121904,0.3448986823878097
10706,YKL174C YPL135W,0.0,NA,0.0007970959995873272,2850,20334,10707,0,0.40001770381517215,0.1229296066252588,1.0,0.6550691021552141,0.3449308978447859
10707,YGR267C YHR143W-A,0.0,NA,0.0007978410576470196,2850,20333,10708,0,0.40004721017379247,0.12293490920070742,1.0,0.6550368866982378,0.34496311330176216
10708,YLR223C YML016C,0.0,NA,0.0007979372749105096,2850,20332,10709,0,0.4000767165324127,0.12294021223362954,1.0,0.6550046712412616,0.34499532875873845
10709,YKL029C YGL075C,0.0,NA,0.0007988053257577121,2850,20331,10710,0,0.40010622289103304,0.12294551572408438,1.0,0.6549724557842853,0.3450275442157147
10710,YOR083W YNL129W,0.0,NA,0.0007994225015863776,2850,20330,10711,0,0.4001357292496533,0.12295081967213115,1.0,0.654940240327309,0.345059759672691
10711,YDR361C YOL132W,0.0,NA,0.0007997943321242929,2850,20329,10712,0,0.4001652356082736,0.12295612407782906,1.0,0.6549080248703328,0.3450919751296672
10712,YAR002W YBR236C,0.0,NA,0.0008005221607163548,2850,20328,10713,0,0.40019474196689386,0.12296142894123738,1.0,0.6548758094133565,0.34512419058664345
10713,YKR104W YER124C,0.0,NA,0.0008013292099349201,2850,20327,10714,0,0.4002242483255142,0.12296673426241532,1.0,0.6548435939563803,0.34515640604361975
10714,YER051W YDR037W,0.0,NA,0.0008013994665816426,2850,20326,10715,0,0.40025375468413443,0.12297204004142216,1.0,0.654811378499404,0.345188621500596
10715,YCR083W YEL046C,0.0,NA,0.0008022609981708229,2850,20325,10716,0,0.4002832610427547,0.12297734627831715,1.0,0.6547791630424278,0.3452208369575722
10716,YLR397C YDR522C,0.0,NA,0.00080228311708197,2850,20324,10717,0,0.400312767401375,0.12298265297315958,1.0,0.6547469475854515,0.3452530524145485
10717,YMR268C YLR448W,0.0,NA,0.0008026926079764962,2850,20323,10718,0,0.40034227375999526,0.12298796012600871,1.0,0.6547147321284752,0.34528526787152475
10718,YBL009W YNL162W,0.0,NA,0.0008037741063162684,2850,20322,10719,0,0.4003717801186156,0.12299326773692387,1.0,0.654682516671499,0.34531748332850104
10719,YER031C YPL112C,0.0,NA,0.0008045200956985354,2850,20321,10720,0,0.40040128647723583,0.12299857580596435,1.0,0.6546503012145227,0.3453496987854773
10720,YDL122W YBR201W,0.0,NA,0.000805165502242744,2850,20320,10721,0,0.40043079283585614,0.12300388433318947,1.0,0.6546180857575464,0.3453819142424535
10721,YJL020C YGR208W,0.0,NA,0.00080728973262012,2850,20319,10722,0,0.4004602991944764,0.12300919331865855,1.0,0.6545858703005702,0.3454141296994298
10722,YLR078C YKL034W,0.0,NA,0.0008087934693321586,2850,20318,10723,0,0.4004898055530967,0.12301450276243094,1.0,0.654553654843594,0.34544634515640604
10723,YGL208W YDR163W,0.0,NA,0.0008090621558949351,2850,20317,10724,0,0.40051931191171697,0.12301981266456598,1.0,0.6545214393866177,0.3454785606133823
10724,YLR110C YKL020C,0.0,NA,0.0008101201965473592,2850,20316,10725,0,0.4005488182703373,0.12302512302512303,1.0,0.6544892239296415,0.34551077607035857
10725,YNL097C YBR055C,0.0,NA,0.000810176192317158,2850,20315,10726,0,0.40057832462895754,0.12303043384416144,1.0,0.6544570084726652,0.3455429915273348
10726,YJL085W YHR216W,0.0,NA,0.0008102468564175069,2850,20314,10727,0,0.4006078309875778,0.12303574512174063,1.0,0.6544247930156889,0.34557520698431105
10727,YNL007C YGL206C,0.0,NA,0.0008105252054519951,2850,20313,10728,0,0.4006373373461981,0.12304105685791995,1.0,0.6543925775587127,0.34560742244128734
10728,YMR305C YDR216W,0.0,NA,0.0008105449378490448,2850,20312,10729,0,0.40066684370481837,0.12304636905275883,1.0,0.6543603621017364,0.3456396378982636
10729,YHR184W YMR065W,0.0,NA,0.0008111386559903622,2850,20311,10730,0,0.4006963500634387,0.12305168170631665,1.0,0.6543281466447601,0.34567185335523987
10730,YNL216W YOR362C,0.0,NA,0.0008112295181490481,2850,20310,10731,0,0.40072585642205893,0.12305699481865284,1.0,0.654295931187784,0.3457040688122161
10731,YHR075C YIL167W,0.0,NA,0.0008115372038446367,2850,20309,10732,0,0.40075536278067925,0.12306230838982685,1.0,0.6542637157308077,0.34573628426919234
10732,YDR423C YOR109W,0.0,NA,0.0008123523439280689,2850,20308,10733,0,0.4007848691392995,0.12306762241989809,1.0,0.6542315002738314,0.34576849972616863
10733,YGR195W YKL205W,0.0,NA,0.0008127320907078683,2850,20307,10734,0,0.4008143754979198,0.12307293690892603,1.0,0.6541992848168551,0.34580071518314487
10734,YBR123C YJR143C,0.0,NA,0.0008131020003929734,2850,20306,10735,0,0.4008438818565401,0.12307825185697012,1.0,0.6541670693598789,0.3458329306401211
10735,YMR216C YMR175W,0.0,NA,0.000813945836853236,2850,20305,10736,0,0.4008733882151604,0.12308356726408982,1.0,0.6541348539029026,0.3458651460970974
10736,YNL299W YOR319W,0.0,NA,0.0008151208749040961,2850,20304,10737,0,0.40090289457378064,0.12308888313034465,1.0,0.6541026384459263,0.34589736155407363
10737,YBR015C YOR058C,0.0,NA,0.0008160477154888213,2850,20303,10738,0,0.40093240093240096,0.12309419945579407,1.0,0.6540704229889501,0.3459295770110499
10738,YBL009W YPL208W,0.0,NA,0.0008161907899193466,2850,20302,10739,0,0.4009619072910212,0.12309951624049759,1.0,0.6540382075319738,0.34596179246802616
10739,YNL214W YFL056C,0.0,NA,0.0008165929466485977,2850,20301,10740,0,0.40099141364964147,0.1231048334845147,1.0,0.6540059920749975,0.3459940079250024
10740,YBR165W YKL042W,0.0,NA,0.0008170436485670507,2850,20300,10741,0,0.4010209200082618,0.12311015118790497,1.0,0.6539737766180214,0.3460262233819787
10741,YMR162C YGL240W,0.0,NA,0.0008171499357558787,2850,20299,10742,0,0.40105042636688204,0.1231154693507279,1.0,0.6539415611610451,0.34605843883895493
10742,YKR019C YML107C,0.0,NA,0.0008180334116332233,2850,20298,10743,0,0.40107993272550235,0.12312078797304303,1.0,0.6539093457040688,0.34609065429593117
10743,YMR037C YPR122W,0.0,NA,0.0008186911582015455,2850,20297,10744,0,0.4011094390841226,0.12312610705490992,1.0,0.6538771302470926,0.34612286975290746
10744,YNL270C YMR077C,0.0,NA,0.0008194122929126024,2850,20296,10745,0,0.4011389454427429,0.12313142659638815,1.0,0.6538449147901163,0.3461550852098837
10745,YJR068W YAR035W,0.0,NA,0.0008196751005016267,2850,20295,10746,0,0.4011684518013632,0.12313674659753726,1.0,0.65381269933314,0.34618730066685993
10746,YOR046C YLR256W,0.0,NA,0.0008199117728509009,2850,20294,10747,0,0.4011979581599835,0.12314206705841686,1.0,0.6537804838761638,0.3462195161238362
10747,YHR101C YML048W,0.0,NA,0.0008209511870518327,2850,20293,10748,0,0.40122746451860375,0.12314738797908654,1.0,0.6537482684191875,0.34625173158081246
10748,YFR024C-A YPR111W,0.0,NA,0.0008219894953072071,2850,20292,10749,0,0.40125697087722406,0.12315270935960591,1.0,0.6537160529622112,0.34628394703778875
10749,YJL187C YML078W,0.0,NA,0.0008221203461289406,2850,20291,10750,0,0.4012864772358443,0.12315803120003457,1.0,0.6536838375052351,0.346316162494765
10750,YFR052W YLR176C,0.0,NA,0.000822650094050914,2850,20290,10751,0,0.40131598359446463,0.12316335350043216,1.0,0.6536516220482588,0.3463483779517412
10751,YKL172W YMR182C,0.0,NA,0.0008232397958636284,2850,20289,10752,0,0.4013454899530849,0.1231686762608583,1.0,0.6536194065912825,0.3463805934087175
10752,YKL174C YGL029W,0.0,NA,0.0008232401451095939,2850,20288,10753,0,0.40137499631170515,0.12317399948137263,1.0,0.6535871911343062,0.34641280886569376
10753,YGR221C YBR223C,0.0,NA,0.0008235229761339724,2850,20287,10754,0,0.40140450267032546,0.12317932316203484,1.0,0.65355497567733,0.34644502432267
10754,YDL235C YHR111W,0.0,NA,0.0008236902067437768,2850,20286,10755,0,0.4014340090289457,0.12318464730290457,1.0,0.6535227602203537,0.3464772397796463
10755,YBR095C YJR104C,0.0,NA,0.0008240528404712677,2850,20285,10756,0,0.40146351538756603,0.12318997190404149,1.0,0.6534905447633774,0.3465094552366225
10756,YLL058W YIL079C,0.0,NA,0.0008242118638008833,2850,20284,10757,0,0.4014930217461863,0.12319529696550531,1.0,0.6534583293064012,0.3465416706935988
10757,YDR487C YGL254W,0.0,NA,0.0008255198481492698,2850,20283,10758,0,0.4015225281048066,0.12320062248735572,1.0,0.653426113849425,0.34657388615057505
10758,YAL034W-A YNR043W,0.0,NA,0.0008257888839580119,2850,20282,10759,0,0.40155203446342685,0.12320594846965242,1.0,0.6533938983924487,0.3466061016075513
10759,YJR041C YHR164C,0.0,NA,0.0008258014568127692,2850,20281,10760,0,0.40158154082204717,0.12321127491245515,1.0,0.6533616829354725,0.3466383170645276
10760,YOL069W YJL113W,0.0,NA,0.0008266158984042704,2850,20280,10761,0,0.4016110471806674,0.12321660181582361,1.0,0.6533294674784962,0.3466705325215038
10761,YCR091W YKR002W,0.0,NA,0.0008270933758467436,2850,20279,10762,0,0.40164055353928774,0.12322192917981754,1.0,0.6532972520215199,0.34670274797848005
10762,YLR153C YKR106W,0.0,NA,0.0008271264960058033,2850,20278,10763,0,0.401670059897908,0.12322725700449672,1.0,0.6532650365645437,0.34673496343545634
10763,YKL180W YLR353W,0.0,NA,0.0008277095039375126,2850,20277,10764,0,0.4016995662565283,0.12323258528992087,1.0,0.6532328211075674,0.3467671788924326
10764,YJL050W YDL008W,0.0,NA,0.0008279118919745088,2850,20276,10765,0,0.40172907261514856,0.12323791403614978,1.0,0.6532006056505911,0.3467993943494089
10765,YOL097C YGR227W,0.0,NA,0.0008285494986921549,2850,20275,10766,0,0.4017585789737688,0.12324324324324325,1.0,0.653168390193615,0.3468316098063851
10766,YPR052C YGR230W,0.0,NA,0.0008312228019349277,2850,20274,10767,0,0.40178808533238913,0.12324857291126103,1.0,0.6531361747366387,0.34686382526336135
10767,YHR165C YDL015C,0.0,NA,0.0008315440500155091,2850,20273,10768,0,0.4018175916910094,0.12325390304026294,1.0,0.6531039592796624,0.34689604072033764
10768,YFR032C-A YPL033C,0.0,NA,0.0008315923623740673,2850,20272,10769,0,0.4018470980496297,0.1232592336303088,1.0,0.6530717438226862,0.3469282561773139
10769,YER069W YER110C,0.0,NA,0.0008318558684550226,2850,20271,10770,0,0.40187660440824996,0.12326456468145841,1.0,0.6530395283657099,0.3469604716342901
10770,YPL137C YDR382W,0.0,NA,0.0008328671101480722,2850,20270,10771,0,0.4019061107668703,0.12326989619377163,1.0,0.6530073129087336,0.3469926870912664
10771,YKL082C YML103C,0.0,NA,0.0008341879583895206,2850,20269,10772,0,0.40193561712549053,0.12327522816730828,1.0,0.6529750974517573,0.34702490254824264
10772,YOR115C YLR459W,0.0,NA,0.0008345019887201488,2850,20268,10773,0,0.40196512348411084,0.1232805606021282,1.0,0.6529428819947811,0.3470571180052189
10773,Q0160 YJL087C,0.0,NA,0.0008345707901753485,2850,20267,10774,0,0.4019946298427311,0.1232858934982913,1.0,0.6529106665378048,0.34708933346219517
10774,YDR478W YOL010W,0.0,NA,0.0008351558935828507,2850,20266,10775,0,0.4020241362013514,0.12329122685585742,1.0,0.6528784510808285,0.3471215489191714
10775,YDR232W YOR290C,0.0,NA,0.0008352291188202798,2850,20265,10776,0,0.40205364255997167,0.12329656067488644,1.0,0.6528462356238524,0.3471537643761477
10776,YNL025C YER081W,0.0,NA,0.0008353648008778691,2850,20264,10777,0,0.402083148918592,0.12330189495543827,1.0,0.6528140201668761,0.34718597983312394
10777,YLR397C YAL033W,0.0,NA,0.0008361802902072668,2850,20263,10778,0,0.40211265527721224,0.1233072296975728,1.0,0.6527818047098998,0.3472181952901002
10778,YPL283C YKR059W,0.0,NA,0.0008377638296224177,2850,20262,10779,0,0.4021421616358325,0.12331256490134995,1.0,0.6527495892529236,0.34725041074707647
10779,YNL329C YHR044C,0.0,NA,0.0008378904312849045,2850,20261,10780,0,0.4021716679944528,0.12331790056682965,1.0,0.6527173737959473,0.3472826262040527
10780,YOL003C YDR516C,0.0,NA,0.0008400719962082803,2850,20260,10781,0,0.40220117435307307,0.12332323669407183,1.0,0.652685158338971,0.34731484166102894
10781,YDL132W YPR079W,0.0,NA,0.0008401120430789888,2850,20259,10782,0,0.4022306807116934,0.12332857328313644,1.0,0.6526529428819948,0.34734705711800523
10782,YDL190C YJR106W,0.0,NA,0.0008401689119637012,2850,20258,10783,0,0.40226018707031364,0.12333391033408343,1.0,0.6526207274250185,0.34737927257498147
10783,YPL226W YNR067C,0.0,NA,0.0008415762567892671,2850,20257,10784,0,0.40228969342893395,0.12333924784697278,1.0,0.6525885119680422,0.34741148803195776
10784,YNL216W YDL170W,0.0,NA,0.0008420415688306093,2850,20256,10785,0,0.4023191997875542,0.12334458582186444,1.0,0.6525562965110661,0.347443703488934
10785,YBR036C YDR087C,0.0,NA,0.0008438885561190546,2850,20255,10786,0,0.4023487061461745,0.12334992425881844,1.0,0.6525240810540898,0.34747591894591023
10786,YLR120C YHR114W,0.0,NA,0.0008442493272013962,2850,20254,10787,0,0.4023782125047948,0.12335526315789473,1.0,0.6524918655971135,0.3475081344028865
10787,YMR152W YJL001W,0.0,NA,0.0008445674902759492,2850,20253,10788,0,0.4024077188634151,0.12336060251915336,1.0,0.6524596501401373,0.34754034985986276
10788,YOR163W YOL093W,0.0,NA,0.0008452409529127181,2850,20252,10789,0,0.40243722522203534,0.12336594234265431,1.0,0.652427434683161,0.347572565316839
10789,YOL002C YGL093W,0.0,NA,0.0008455958450213075,2850,20251,10790,0,0.40246673158065566,0.12337128262845765,1.0,0.6523952192261847,0.3476047807738153
10790,YGR086C YPL227C,0.0,NA,0.0008459423552267253,2850,20250,10791,0,0.4024962379392759,0.12337662337662338,1.0,0.6523630037692084,0.34763699623079153
10791,YEL064C YGL071W,0.0,NA,0.0008466895669698715,2850,20249,10792,0,0.40252574429789617,0.12338196458721157,1.0,0.6523307883122322,0.34766921168776777
10792,YBR006W YNR034W,0.0,NA,0.0008472968474961817,2850,20248,10793,0,0.4025552506565165,0.12338730626028227,1.0,0.6522985728552559,0.34770142714474406
10793,YJL205C YMR281W,0.0,NA,0.0008480916731059551,2850,20247,10794,0,0.40258475701513674,0.12339264839589557,1.0,0.6522663573982797,0.3477336426017203
10794,YNR033W YOR310C,0.0,NA,0.0008484554127790034,2850,20246,10795,0,0.40261426337375705,0.12339799099411153,1.0,0.6522341419413035,0.3477658580586966
10795,YMR201C YJL187C,0.0,NA,0.0008486316655762494,2850,20245,10796,0,0.4026437697323773,0.12340333405499025,1.0,0.6522019264843272,0.3477980735156728
10796,YNR007C YAL021C,0.0,NA,0.0008505908190272748,2850,20244,10797,0,0.4026732760909976,0.12340867757859184,1.0,0.6521697110273509,0.34783028897264906
10797,YHR143W YOR087W,0.0,NA,0.0008512054337188601,2850,20243,10798,0,0.4027027824496179,0.1234140215649764,1.0,0.6521374955703747,0.34786250442962535
10798,YGR208W YHR053C,0.0,NA,0.0008512305212207139,2850,20242,10799,0,0.4027322888082382,0.12341936601420406,1.0,0.6521052801133984,0.3478947198866016
10799,YKL080W YDR064W,0.0,NA,0.0008520310511812568,2850,20241,10800,0,0.40276179516685845,0.12342471092633493,1.0,0.6520730646564221,0.3479269353435778
10800,YOR165W YOR371C,0.0,NA,0.0008523651631549001,2850,20240,10801,0,0.40279130152547876,0.12343005630142918,1.0,0.6520408491994459,0.3479591508005541
10801,YBL097W YJL127C,0.0,NA,0.000852455385029316,2850,20239,10802,0,0.402820807884099,0.12343540213954697,1.0,0.6520086337424696,0.34799136625753035
10802,YOR103C YBL034C,0.0,NA,0.0008530021877959371,2850,20238,10803,0,0.40285031424271933,0.12344074844074844,1.0,0.6519764182854934,0.34802358171450665
10803,YGR206W YHR137W,0.0,NA,0.0008543647127225995,2850,20237,10804,0,0.4028798206013396,0.12344609520509378,1.0,0.6519442028285172,0.3480557971714829
10804,YER049W YCL009C,0.0,NA,0.0008547547040507197,2850,20236,10805,0,0.40290932695995985,0.12345144243264317,1.0,0.6519119873715409,0.3480880126284591
10805,YDL074C YPL171C,0.0,NA,0.0008553373045288026,2850,20235,10806,0,0.40293883331858016,0.12345679012345678,1.0,0.6518797719145646,0.3481202280854354
10806,YGR027C YCL069W,0.0,NA,0.0008567435434088111,2850,20234,10807,0,0.4029683396772004,0.12346213827759488,1.0,0.6518475564575884,0.34815244354241165
10807,YHR143W YPR062W,0.0,NA,0.0008571653161197901,2850,20233,10808,0,0.40299784603582073,0.12346748689511762,1.0,0.6518153410006121,0.3481846589993879
10808,YOR136W YPR187W,0.0,NA,0.0008571816142648458,2850,20232,10809,0,0.403027352394441,0.12347283597608526,1.0,0.6517831255436358,0.3482168744563642
10809,YCL035C YNL251C,0.0,NA,0.0008577878470532596,2850,20231,10810,0,0.4030568587530613,0.12347818552055803,1.0,0.6517509100866595,0.3482490899133404
10810,YLR388W YAL023C,0.0,NA,0.0008578348206356168,2850,20230,10811,0,0.40308636511168155,0.12348353552859619,1.0,0.6517186946296833,0.34828130537031665
10811,YDR006C YDR394W,0.0,NA,0.0008581978618167341,2850,20229,10812,0,0.40311587147030187,0.12348888600025998,1.0,0.6516864791727071,0.34831352082729294
10812,YEL018W YNL201C,0.0,NA,0.0008583752787671983,2850,20228,10813,0,0.4031453778289221,0.12349423693560967,1.0,0.6516542637157308,0.3483457362842692
10813,YGR027C YNR056C,0.0,NA,0.0008588834316469729,2850,20227,10814,0,0.40317488418754244,0.12349958833470555,1.0,0.6516220482587546,0.3483779517412455
10814,YCR024C YMR316W,0.0,NA,0.0008591715013608336,2850,20226,10815,0,0.4032043905461627,0.12350494019760791,1.0,0.6515898328017783,0.3484101671982217
10815,YDR369C YLR238W,0.0,NA,0.0008598115528002381,2850,20225,10816,0,0.403233896904783,0.12351029252437704,1.0,0.651557617344802,0.34844238265519795
10816,YNL053W YAL051W,0.0,NA,0.0008608411881141365,2850,20224,10817,0,0.40326340326340326,0.12351564531507324,1.0,0.6515254018878258,0.34847459811217424
10817,YGL115W YPL138C,0.0,NA,0.0008618173887953162,2850,20223,10818,0,0.4032929096220235,0.12352099856975686,1.0,0.6514931864308495,0.3485068135691505
10818,YAR002W YOR023C,0.0,NA,0.0008624729234725237,2850,20222,10819,0,0.40332241598064383,0.12352635228848821,1.0,0.6514609709738732,0.3485390290261267
10819,YPL001W YBR129C,0.0,NA,0.0008642264292575419,2850,20221,10820,0,0.4033519223392641,0.12353170647132763,1.0,0.651428755516897,0.348571244483103
10820,YIL134W YJR137C,0.0,NA,0.0008649081573821604,2850,20220,10821,0,0.4033814286978844,0.1235370611183355,1.0,0.6513965400599208,0.34860345994007924
10821,YAL054C YLR003C,0.0,NA,0.0008651323150843382,2850,20219,10822,0,0.40341093505650466,0.12354241622957216,1.0,0.6513643246029445,0.34863567539705553
10822,YMR127C YPL208W,0.0,NA,0.0008658605511300266,2850,20218,10823,0,0.403440441415125,0.12354777180509798,1.0,0.6513321091459683,0.34866789085403177
10823,YBR217W YJR053W,0.0,NA,0.000868234143126756,2850,20217,10824,0,0.40346994777374523,0.12355312784497334,1.0,0.651299893688992,0.348700106311008
10824,YDR005C YDR528W,0.0,NA,0.0008685708744451404,2850,20216,10825,0,0.40349945413236554,0.12355848434925865,1.0,0.6512676782320157,0.3487323217679843
10825,YHR204W YHR101C,0.0,NA,0.0008693728013895452,2850,20215,10826,0,0.4035289604909858,0.1235638413180143,1.0,0.6512354627750394,0.34876453722496054
10826,YCL069W YPR060C,0.0,NA,0.0008694079588167369,2850,20214,10827,0,0.4035584668496061,0.12356919875130074,1.0,0.6512032473180632,0.3487967526819368
10827,YGL185C YLR409C,0.0,NA,0.0008697849698364735,2850,20213,10828,0,0.40358797320822637,0.12357455664917834,1.0,0.6511710318610869,0.34882896813891306
10828,YDL245C YKL217W,0.0,NA,0.0008703901548869908,2850,20212,10829,0,0.4036174795668467,0.12357991501170756,1.0,0.6511388164041106,0.3488611835958893
10829,YHL006C YDR260C,0.0,NA,0.0008705270593054593,2850,20211,10830,0,0.40364698592546694,0.12358527383894888,1.0,0.6511066009471345,0.34889339905286554
10830,YNL214W YGR261C,0.0,NA,0.0008716227021068335,2850,20210,10831,0,0.4036764922840872,0.1235906331309627,1.0,0.6510743854901582,0.34892561450984183
10831,YDR052C YLR340W,0.0,NA,0.00087237503612414,2850,20209,10832,0,0.4037059986427075,0.12359599288780954,1.0,0.6510421700331819,0.34895782996681807
10832,YGR175C YPL160W,0.0,NA,0.0008737072930671275,2850,20208,10833,0,0.40373550500132777,0.12360135310954982,1.0,0.6510099545762057,0.34899004542379436
10833,YDL020C YGL077C,0.0,NA,0.0008739890763536096,2850,20207,10834,0,0.4037650113599481,0.12360671379624409,1.0,0.6509777391192294,0.3490222608807706
10834,YNL071W YPL232W,0.0,NA,0.0008745543309487402,2850,20206,10835,0,0.40379451771856834,0.12361207494795282,1.0,0.6509455236622531,0.34905447633774683
10835,YER025W YLR451W,0.0,NA,0.0008748142863623798,2850,20205,10836,0,0.40382402407718865,0.1236174365647365,1.0,0.6509133082052769,0.3490866917947231
10836,YDR281C YER144C,0.0,NA,0.0008751970599405468,2850,20204,10837,0,0.4038535304358089,0.12362279864665568,1.0,0.6508810927483006,0.34911890725169936
10837,YLR234W YHR124W,0.0,NA,0.0008758827461861074,2850,20203,10838,0,0.4038830367944292,0.12362816119377087,1.0,0.6508488772913243,0.3491511227086756
10838,YHR112C YHL003C,0.0,NA,0.0008764354279264808,2850,20202,10839,0,0.4039125431530495,0.12363352420614264,1.0,0.6508166618343482,0.3491833381656519
10839,YDR055W YML074C,0.0,NA,0.000876759528182447,2850,20201,10840,0,0.4039420495116698,0.12363888768383151,1.0,0.6507844463773719,0.3492155536226281
10840,YOR195W YJL138C,0.0,NA,0.0008768346742726862,2850,20200,10841,0,0.40397155587029004,0.12364425162689804,1.0,0.6507522309203956,0.3492477690796044
10841,YHR216W YPL101W,0.0,NA,0.0008776831673458219,2850,20199,10842,0,0.40400106222891036,0.12364961603540284,1.0,0.6507200154634194,0.34927998453658066
10842,YPL124W YDR379W,0.0,NA,0.0008788236882537603,2850,20198,10843,0,0.4040305685875306,0.12365498090940645,1.0,0.6506878000064431,0.3493121999935569
10843,YGR140W YDL013W,0.0,NA,0.000878825900144875,2850,20197,10844,0,0.40406007494615087,0.1236603462489695,1.0,0.6506555845494668,0.3493444154505332
10844,YPL266W YER115C,0.0,NA,0.0008790616411715746,2850,20196,10845,0,0.4040895813047712,0.12366571205415257,1.0,0.6506233690924905,0.3493766309075094
10845,YHL011C YBR223C,0.0,NA,0.0008793551824055612,2850,20195,10846,0,0.40411908766339144,0.12367107832501627,1.0,0.6505911536355143,0.34940884636448566
10846,YNL286W YDR345C,0.0,NA,0.0008794151362963021,2850,20194,10847,0,0.40414859402201175,0.12367644506162125,1.0,0.650558938178538,0.34944106182146195
10847,YKL029C YDL115C,0.0,NA,0.0008795157191343606,2850,20193,10848,0,0.404178100380632,0.12368181226402812,1.0,0.6505267227215618,0.3494732772784382
10848,YOL112W YKR007W,0.0,NA,0.0008797394693829119,2850,20192,10849,0,0.4042076067392523,0.12368717993229754,1.0,0.6504945072645856,0.3495054927354144
10849,YKR104W YKL221W,0.0,NA,0.0008803231175988913,2850,20191,10850,0,0.4042371130978726,0.12369254806649017,1.0,0.6504622918076093,0.3495377081923907
10850,YOR109W YIL173W,0.0,NA,0.000881782965734601,2850,20190,10851,0,0.4042666194564929,0.12369791666666667,1.0,0.650430076350633,0.34956992364936695
10851,YDR490C YOR323C,0.0,NA,0.0008817858761176467,2850,20189,10852,0,0.40429612581511315,0.12370328573288772,1.0,0.6503978608936568,0.34960213910634325
10852,YMR226C YDR313C,0.0,NA,0.0008819166105240583,2850,20188,10853,0,0.40432563217373346,0.12370865526521399,1.0,0.6503656454366805,0.3496343545633195
10853,YLR395C YOR204W,0.0,NA,0.000881958578247577,2850,20187,10854,0,0.4043551385323537,0.12371402526370621,1.0,0.6503334299797042,0.3496665700202957
10854,YIL061C YMR010W,0.0,NA,0.0008843746036291122,2850,20186,10855,0,0.40438464489097403,0.12371939572842508,1.0,0.650301214522728,0.349698785477272
10855,YCR068W YHR084W,0.0,NA,0.0008845161064527929,2850,20185,10856,0,0.4044141512495943,0.1237247666594313,1.0,0.6502689990657518,0.34973100093424825
10856,YOR195W YLR420W,0.0,NA,0.0008859551162458956,2850,20184,10857,0,0.40444365760821455,0.12373013805678562,1.0,0.6502367836087755,0.3497632163912245
10857,YLL036C YCR010C,0.0,NA,0.0008861029054969549,2850,20183,10858,0,0.40447316396683486,0.12373550992054878,1.0,0.6502045681517993,0.3497954318482008
10858,YBR085W YFR002W,0.0,NA,0.0008864110568538308,2850,20182,10859,0,0.4045026703254551,0.12374088225078152,1.0,0.650172352694823,0.349827647305177
10859,YFR040W YHR079C-A,0.0,NA,0.0008872754988260567,2850,20181,10860,0,0.40453217668407543,0.12374625504754462,1.0,0.6501401372378467,0.3498598627621533
10860,YLR244C YPR164W,0.0,NA,0.0008876916253939271,2850,20180,10861,0,0.4045616830426957,0.12375162831089882,1.0,0.6501079217808705,0.34989207821912954
10861,YOR269W YBR020W,0.0,NA,0.0008878176449798048,2850,20179,10862,0,0.404591189401316,0.12375700204090495,1.0,0.6500757063238942,0.3499242936761058
10862,YKL184W YPL203W,0.0,NA,0.0008881640969775617,2850,20178,10863,0,0.40462069575993626,0.12376237623762376,1.0,0.6500434908669179,0.34995650913308207
10863,YML046W YLR020C,0.0,NA,0.0008887083968147635,2850,20177,10864,0,0.40465020211855657,0.12376775090111608,1.0,0.6500112754099416,0.3499887245900583
10864,YJR046W YER025W,0.0,NA,0.0008893097983673215,2850,20176,10865,0,0.4046797084771768,0.12377312603144272,1.0,0.6499790599529655,0.35002094004703455
10865,YLR139C YLR215C,0.0,NA,0.0008905465947464108,2850,20175,10866,0,0.40470921483579714,0.1237785016286645,1.0,0.6499468444959892,0.35005315550401084
10866,YNL103W YNL233W,0.0,NA,0.0008910643518902361,2850,20174,10867,0,0.4047387211944174,0.12378387769284226,1.0,0.6499146290390129,0.3500853709609871
10867,YKR059W YLR442C,0.0,NA,0.0008911029435694218,2850,20173,10868,0,0.4047682275530377,0.12378925422403683,1.0,0.6498824135820367,0.3501175864179633
10868,YNL090W YOR304W,0.0,NA,0.0008912269258871675,2850,20172,10869,0,0.40479773391165796,0.12379463122230909,1.0,0.6498501981250604,0.3501498018749396
10869,YDR221W YGR002C,0.0,NA,0.0008916146471165121,2850,20171,10870,0,0.4048272402702782,0.12380000868771991,1.0,0.6498179826680841,0.35018201733191584
10870,YIL116W YHR160C,0.0,NA,0.000892351963557303,2850,20170,10871,0,0.40485674662889853,0.12380538662033015,1.0,0.6497857672111079,0.35021423278889213
10871,YLR220W YOR244W,0.0,NA,0.0008927427115850151,2850,20169,10872,0,0.4048862529875188,0.1238107650202007,1.0,0.6497535517541316,0.35024644824586837
10872,YPR042C YOR287C,0.0,NA,0.0008937163511291146,2850,20168,10873,0,0.4049157593461391,0.12381614388739247,1.0,0.6497213362971553,0.3502786637028446
10873,YOR287C YER006W,0.0,NA,0.0008939825347624719,2850,20167,10874,0,0.40494526570475936,0.12382152322196638,1.0,0.6496891208401792,0.3503108791598209
10874,YGR118W YKR087C,0.0,NA,0.0008958025719039142,2850,20166,10875,0,0.4049747720633797,0.12382690302398332,1.0,0.6496569053832029,0.35034309461679713
10875,YKL190W YPR086W,0.0,NA,0.0008959531551226974,2850,20165,10876,0,0.40500427842199993,0.12383228329350424,1.0,0.6496246899262266,0.35037531007377337
10876,YNL236W YML023C,0.0,NA,0.0008968167239800096,2850,20164,10877,0,0.40503378478062024,0.12383766403059007,1.0,0.6495924744692504,0.35040752553074966
10877,YML041C YDL195W,0.0,NA,0.0008972889045253396,2850,20163,10878,0,0.4050632911392405,0.12384304523530179,1.0,0.6495602590122741,0.3504397409877259
10878,YLR306W YMR108W,0.0,NA,0.0008980215061455965,2850,20162,10879,0,0.4050927974978608,0.12384842690770033,1.0,0.6495280435552978,0.3504719564447022
10879,YCR018C YOR357C,0.0,NA,0.0008986732573248446,2850,20161,10880,0,0.40512230385648107,0.12385380904784668,1.0,0.6494958280983216,0.35050417190167843
10880,YBR073W YER072W,0.0,NA,0.000899032165762037,2850,20160,10881,0,0.4051518102151013,0.12385919165580182,1.0,0.6494636126413453,0.35053638735865467
10881,YGL115W YHR112C,0.0,NA,0.0008990801288746297,2850,20159,10882,0,0.40518131657372164,0.12386457473162675,1.0,0.649431397184369,0.35056860281563096
10882,YJR140C YPL200W,0.0,NA,0.0009002407314255834,2850,20158,10883,0,0.4052108229323419,0.12386995827538247,1.0,0.6493991817273927,0.3506008182726072
10883,YGL190C YKL144C,0.0,NA,0.0009002794395200908,2850,20157,10884,0,0.4052403292909622,0.12387534228713,1.0,0.6493669662704166,0.35063303372958343
10884,YBR192W YKR085C,0.0,NA,0.0009004038292914629,2850,20156,10885,0,0.40526983564958247,0.12388072676693036,1.0,0.6493347508134403,0.3506652491865597
10885,YDL108W YGL075C,0.0,NA,0.0009018437121994793,2850,20155,10886,0,0.4052993420082028,0.1238861117148446,1.0,0.649302535356464,0.35069746464353596
10886,YJL204C YOR014W,0.0,NA,0.0009022037265822291,2850,20154,10887,0,0.40532884836682304,0.12389149713093375,1.0,0.6492703198994878,0.35072968010051225
10887,YDR160W YLR254C,0.0,NA,0.0009023030870594084,2850,20153,10888,0,0.40535835472544335,0.12389688301525888,1.0,0.6492381044425115,0.3507618955574885
10888,YHR042W YPL256C,0.0,NA,0.0009023232851177454,2850,20152,10889,0,0.4053878610840636,0.12390226936788105,1.0,0.6492058889855352,0.3507941110144647
10889,YOR119C YKR035W-A,0.0,NA,0.000902655185200274,2850,20151,10890,0,0.4054173674426839,0.12390765618886135,1.0,0.649173673528559,0.350826326471441
10890,YBR217W YFL030W,0.0,NA,0.0009030853398144245,2850,20150,10891,0,0.4054468738013042,0.12391304347826088,1.0,0.6491414580715827,0.35085854192841726
10891,YHL015W YDL214C,0.0,NA,0.0009033589740283787,2850,20149,10892,0,0.4054763801599245,0.1239184312361407,1.0,0.6491092426146065,0.3508907573853935
10892,YDR498C YBR191W,0.0,NA,0.0009047621861100197,2850,20148,10893,0,0.40550588651854474,0.12392381946256197,1.0,0.6490770271576303,0.3509229728423698
10893,YBL055C YGL032C,0.0,NA,0.0009057001443579793,2850,20147,10894,0,0.405535392877165,0.12392920815758578,1.0,0.649044811700654,0.350955188299346
10894,YKL046C YDR038C,0.0,NA,0.0009057403076440096,2850,20146,10895,0,0.4055648992357853,0.12393459732127327,1.0,0.6490125962436777,0.35098740375632226
10895,YOR216C YER029C,0.0,NA,0.00090613221982494,2850,20145,10896,0,0.40559440559440557,0.12393998695368558,1.0,0.6489803807867015,0.35101961921329855
10896,YER025W YDL194W,0.0,NA,0.00090645911404863,2850,20144,10897,0,0.4056239119530259,0.12394537705488388,1.0,0.6489481653297252,0.3510518346702748
10897,YMR288W YDL205C,0.0,NA,0.000906732922885567,2850,20143,10898,0,0.40565341831164614,0.12395076762492932,1.0,0.6489159498727489,0.3510840501272511
10898,YNL021W YDR495C,0.0,NA,0.0009079674491658807,2850,20142,10899,0,0.40568292467026645,0.12395615866388308,1.0,0.6488837344157727,0.3511162655842273
10899,YKR010C YHR086W,0.0,NA,0.0009087307844310999,2850,20141,10900,0,0.4057124310288867,0.12396155017180636,1.0,0.6488515189587964,0.35114848104120355
10900,YMR079W YDR295C,0.0,NA,0.0009087554644793272,2850,20140,10901,0,0.405741937387507,0.12396694214876033,1.0,0.6488193035018202,0.35118069649817985
10901,YOR193W YCL035C,0.0,NA,0.0009100378956645727,2850,20139,10902,0,0.4057714437461273,0.12397233459480621,1.0,0.6487870880448439,0.3512129119551561
10902,YCL031C YDR486C,0.0,NA,0.0009111497784033418,2850,20138,10903,0,0.4058009501047476,0.12397772751000521,1.0,0.6487548725878677,0.3512451274121323
10903,YLR284C YNL163C,0.0,NA,0.00091128348140046,2850,20137,10904,0,0.40583045646336785,0.12398312089441858,1.0,0.6487226571308914,0.3512773428691086
10904,YNL163C YJL166W,0.0,NA,0.0009120560716837645,2850,20136,10905,0,0.40585996282198816,0.12398851474810754,1.0,0.6486904416739151,0.35130955832608485
10905,YGL104C YBL020W,0.0,NA,0.0009121069451794028,2850,20135,10906,0,0.4058894691806084,0.12399390907113335,1.0,0.6486582262169389,0.35134177378306114
10906,YBL021C YDR362C,0.0,NA,0.0009124784846790135,2850,20134,10907,0,0.4059189755392287,0.12399930386355726,1.0,0.6486260107599626,0.3513739892400374
10907,YDL165W YPL131W,0.0,NA,0.0009126237127929926,2850,20133,10908,0,0.405948481897849,0.12400469912544054,1.0,0.6485937953029863,0.3514062046970136
10908,YDL213C YGL238W,0.0,NA,0.0009126359364017844,2850,20132,10909,0,0.40597798825646925,0.12401009485684449,1.0,0.6485615798460101,0.3514384201539899
10909,YEL011W YBR026C,0.0,NA,0.0009128985111601651,2850,20131,10910,0,0.40600749461508956,0.12401549105783038,1.0,0.6485293643890339,0.35147063561096614
10910,YPL212C YHR134W,0.0,NA,0.0009141462505795062,2850,20130,10911,0,0.4060370009737098,0.12402088772845953,1.0,0.6484971489320576,0.3515028510679424
10911,YAL024C YER147C,0.0,NA,0.0009181647328659892,2850,20129,10912,0,0.40606650733233013,0.12402628486879325,1.0,0.6484649334750814,0.35153506652491867
10912,YJL012C YDL155W,0.0,NA,0.000918863108381629,2850,20128,10913,0,0.4060960136909504,0.12403168247889286,1.0,0.6484327180181051,0.3515672819818949
10913,YJL087C YDR265W,0.0,NA,0.0009193885489366949,2850,20127,10914,0,0.4061255200495707,0.12403708055881969,1.0,0.6484005025611288,0.35159949743887114
10914,YIL096C YDL045C,0.0,NA,0.0009204491507261992,2850,20126,10915,0,0.40615502640819096,0.1240424791086351,1.0,0.6483682871041526,0.35163171289584744
10915,YPR108W YCL052C,0.0,NA,0.0009212484583258629,2850,20125,10916,0,0.40618453276681127,0.12404787812840043,1.0,0.6483360716471763,0.3516639283528237
10916,YOR084W YDR277C,0.0,NA,0.0009225941030308604,2850,20124,10917,0,0.4062140391254315,0.12405327761817707,1.0,0.6483038561902,0.35169614380979997
10917,YHR178W YHR026W,0.0,NA,0.0009227774571627378,2850,20123,10918,0,0.40624354548405184,0.12405867757802638,1.0,0.6482716407332239,0.3517283592667762
10918,YMR070W YDL045C,0.0,NA,0.0009236597106792033,2850,20122,10919,0,0.4062730518426721,0.12406407800800975,1.0,0.6482394252762476,0.35176057472375244
10919,YLR442C YER162C,0.0,NA,0.0009244190296158195,2850,20121,10920,0,0.40630255820129235,0.12406947890818859,1.0,0.6482072098192713,0.35179279018072873
10920,YBR048W YFL018C,0.0,NA,0.0009248824208043516,2850,20120,10921,0,0.40633206455991266,0.12407488027862429,1.0,0.648174994362295,0.35182500563770497
10921,YMR182C YCL051W,0.0,NA,0.0009250736911781132,2850,20119,10922,0,0.4063615709185329,0.1240802821193783,1.0,0.6481427789053188,0.3518572210946812
10922,YLR333C YEL055C,0.0,NA,0.000925428990740329,2850,20118,10923,0,0.40639107727715323,0.12408568443051202,1.0,0.6481105634483425,0.3518894365516575
10923,YDR259C YOR356W,0.0,NA,0.0009254364995285869,2850,20117,10924,0,0.4064205836357735,0.1240910872120869,1.0,0.6480783479913662,0.35192165200863373
10924,YLR233C YNL067W,0.0,NA,0.0009257534984499216,2850,20116,10925,0,0.4064500899943938,0.12409649046416442,1.0,0.64804613253439,0.35195386746561
10925,YLR393W YJR150C,0.0,NA,0.0009258770733140409,2850,20115,10926,0,0.40647959635301406,0.124101894186806,1.0,0.6480139170774137,0.35198608292258626
10926,YNL216W YOL058W,0.0,NA,0.0009258932550437748,2850,20114,10927,0,0.4065091027116344,0.12410729838007316,1.0,0.6479817016204374,0.3520182983795625
10927,YDL038C YDR523C,0.0,NA,0.0009260980295948684,2850,20113,10928,0,0.40653860907025463,0.12411270304402734,1.0,0.6479494861634613,0.3520505138365388
10928,YJR140C YOR180C,0.0,NA,0.0009261121740564704,2850,20112,10929,0,0.40656811542887494,0.12411810817873008,1.0,0.647917270706485,0.35208272929351503
10929,YPR192W YER023W,0.0,NA,0.0009277508361265063,2850,20111,10930,0,0.4065976217874952,0.12412351378424284,1.0,0.6478850552495087,0.35211494475049127
10930,YMR304W YBR245C,0.0,NA,0.000928116962313652,2850,20110,10931,0,0.4066271281461155,0.12412891986062717,1.0,0.6478528397925325,0.35214716020746756
10931,YGR118W YDR089W,0.0,NA,0.0009295771596953273,2850,20109,10932,0,0.40665663450473577,0.1241343264079446,1.0,0.6478206243355562,0.3521793756644438
10932,YOL010W YDL079C,0.0,NA,0.0009301140671595931,2850,20108,10933,0,0.406686140863356,0.12413973342625664,1.0,0.6477884088785799,0.35221159112142003
10933,YDR320C YHL028W,0.0,NA,0.0009305997518822551,2850,20107,10934,0,0.40671564722197634,0.12414514091562487,1.0,0.6477561934216037,0.3522438065783963
10934,YBR131W YHR052W,0.0,NA,0.0009308152948506176,2850,20106,10935,0,0.4067451535805966,0.12415054887611082,1.0,0.6477239779646274,0.35227602203537256
10935,YGL175C YBR278W,0.0,NA,0.0009308737353421748,2850,20105,10936,0,0.4067746599392169,0.12415595730777608,1.0,0.6476917625076511,0.35230823749234885
10936,YBR029C YOL116W,0.0,NA,0.0009344415739178658,2850,20104,10937,0,0.40680416629783717,0.12416136621068223,1.0,0.647659547050675,0.3523404529493251
10937,YHL040C YJR132W,0.0,NA,0.000936960568651557,2850,20103,10938,0,0.4068336726564575,0.12416677558489086,1.0,0.6476273315936987,0.3523726684063013
10938,YGL175C YJR031C,0.0,NA,0.0009373673237860203,2850,20102,10939,0,0.40686317901507774,0.12417218543046357,1.0,0.6475951161367224,0.3524048838632776
10939,YHR143W YNL307C,0.0,NA,0.0009389261249452829,2850,20101,10940,0,0.40689268537369805,0.12417759574746198,1.0,0.6475629006797461,0.35243709932025385
10940,YMR088C YDR404C,0.0,NA,0.000940509547945112,2850,20100,10941,0,0.4069221917323183,0.12418300653594772,1.0,0.6475306852227699,0.3524693147772301
10941,YER190W YBL014C,0.0,NA,0.0009417348774150014,2850,20099,10942,0,0.4069516980909386,0.1241884177959824,1.0,0.6474984697657936,0.3525015302342064
10942,YMR307W YOR249C,0.0,NA,0.0009419579291716218,2850,20098,10943,0,0.4069812044495589,0.12419382952762768,1.0,0.6474662543088173,0.3525337456911826
10943,YBR245C YDR356W,0.0,NA,0.0009423120063729584,2850,20097,10944,0,0.4070107108081792,0.12419924173094522,1.0,0.6474340388518411,0.3525659611481589
10944,YDR416W YGL169W,0.0,NA,0.000942896178457886,2850,20096,10945,0,0.40704021716679945,0.12420465440599669,1.0,0.6474018233948649,0.35259817660513515
10945,YKR039W YPR007C,0.0,NA,0.0009431411162950099,2850,20095,10946,0,0.4070697235254197,0.12421006755284375,1.0,0.6473696079378886,0.3526303920621114
10946,YDR261C YBL018C,0.0,NA,0.0009433999075554311,2850,20094,10947,0,0.40709922988404,0.12421548117154811,1.0,0.6473373924809124,0.3526626075190877
10947,YOR168W YGL167C,0.0,NA,0.0009437023545615375,2850,20093,10948,0,0.40712873624266027,0.12422089526217146,1.0,0.6473051770239361,0.3526948229760639
10948,YEL018W YBL079W,0.0,NA,0.0009441152215003967,2850,20092,10949,0,0.4071582426012806,0.12422630982477552,1.0,0.6472729615669598,0.35272703843304015
10949,YBR006W YNL167C,0.0,NA,0.0009449697099626064,2850,20091,10950,0,0.40718774895990084,0.124231724859422,1.0,0.6472407461099836,0.35275925389001644
10950,YCR091W YDR245W,0.0,NA,0.0009456807165406644,2850,20090,10951,0,0.40721725531852115,0.12423714036617263,1.0,0.6472085306530073,0.3527914693469927
10951,YLR056W YDR392W,0.0,NA,0.0009469141950830817,2850,20089,10952,0,0.4072467616771414,0.12424255634508916,1.0,0.647176315196031,0.3528236848039689
10952,YDR011W YKL214C,0.0,NA,0.0009480764856562018,2850,20088,10953,0,0.4072762680357617,0.12424797279623333,1.0,0.6471440997390548,0.3528559002609452
10953,YML040W YOR038C,0.0,NA,0.0009484401671215892,2850,20087,10954,0,0.407305774394382,0.12425338971966692,1.0,0.6471118842820786,0.35288811571792145
10954,YKL073W YMR145C,0.0,NA,0.0009494305122643709,2850,20086,10955,0,0.4073352807530023,0.12425880711545169,1.0,0.6470796688251023,0.35292033117489774
10955,YGR172C YBL079W,0.0,NA,0.0009496824932284653,2850,20085,10956,0,0.40736478711162255,0.12426422498364945,1.0,0.6470474533681261,0.352952546631874
10956,YDR490C YDR523C,0.0,NA,0.0009498087456449866,2850,20084,10957,0,0.40739429347024286,0.12426964332432197,1.0,0.6470152379111498,0.3529847620888502
10957,YCR016W YBL105C,0.0,NA,0.0009505968191660941,2850,20083,10958,0,0.4074237998288631,0.12427506213753108,1.0,0.6469830224541735,0.3530169775458265
10958,YLR380W YOR065W,0.0,NA,0.0009514149860478938,2850,20082,10959,0,0.4074533061874834,0.12428048142333857,1.0,0.6469508069971972,0.35304919300280274
10959,YJL068C YJL010C,0.0,NA,0.0009518556762486696,2850,20081,10960,0,0.4074828125461037,0.12428590118180628,1.0,0.646918591540221,0.353081408459779
10960,YLR005W YDR473C,0.0,NA,0.00095209019491449,2850,20080,10961,0,0.40751231890472395,0.12429132141299608,1.0,0.6468863760832447,0.35311362391675527
10961,YEL056W YPR145W,0.0,NA,0.0009521491592749953,2850,20079,10962,0,0.40754182526334426,0.12429674211696978,1.0,0.6468541606262684,0.3531458393737315
10962,YAL030W YDL022W,0.0,NA,0.0009523468324914575,2850,20078,10963,0,0.4075713316219645,0.12430216329378925,1.0,0.6468219451692923,0.3531780548307078
10963,YNL103W YKL015W,0.0,NA,0.0009524521301500499,2850,20077,10964,0,0.40760083798058483,0.12430758494351637,1.0,0.646789729712316,0.35321027028768404
10964,YBL024W YER155C,0.0,NA,0.0009539192542433739,2850,20076,10965,0,0.4076303443392051,0.12431300706621304,1.0,0.6467575142553397,0.3532424857446603
10965,YDL212W YKL145W,0.0,NA,0.0009554060525260866,2850,20075,10966,0,0.4076598506978254,0.12431842966194111,1.0,0.6467252987983635,0.35327470120163657
10966,YDR073W YNL164C,0.0,NA,0.0009560812031850219,2850,20074,10967,0,0.40768935705644566,0.12432385273076252,1.0,0.6466930833413872,0.3533069166586128
10967,YCR082W YDL148C,0.0,NA,0.000956551288254559,2850,20073,10968,0,0.40771886341506597,0.12432927627273917,1.0,0.6466608678844109,0.35333913211558904
10968,YHR037W YPL069C,0.0,NA,0.0009576903539709747,2850,20072,10969,0,0.4077483697736862,0.12433470028793299,1.0,0.6466286524274347,0.35337134757256533
10969,YOR305W YBL005W-B,0.0,NA,0.0009579193429090083,2850,20071,10970,0,0.40777787613230654,0.12434012477640592,1.0,0.6465964369704584,0.35340356302954157
10970,YKL006W YNL190W,0.0,NA,0.0009580723126418889,2850,20070,10971,0,0.4078073824909268,0.1243455497382199,1.0,0.6465642215134821,0.3534357784865178
10971,YOR281C YBL079W,0.0,NA,0.0009592935093678534,2850,20069,10972,0,0.40783688884954705,0.12435097517343689,1.0,0.646532006056506,0.3534679939434941
10972,YGL144C YMR036C,0.0,NA,0.0009597816388122737,2850,20068,10973,0,0.40786639520816736,0.12435640108211886,1.0,0.6464997905995297,0.35350020940047033
10973,YPR201W YAL051W,0.0,NA,0.0009602920617908239,2850,20067,10974,0,0.4078959015667876,0.12436182746432779,1.0,0.6464675751425534,0.3535324248574466
10974,YLR114C YLL063C,0.0,NA,0.0009611250134184957,2850,20066,10975,0,0.40792540792540793,0.12436725432012567,1.0,0.6464353596855772,0.35356464031442286
10975,YKL006C-A YOL123W,0.0,NA,0.0009616485331207514,2850,20065,10976,0,0.4079549142840282,0.12437268164957452,1.0,0.6464031442286009,0.3535968557713991
10976,YKL190W YNL293W,0.0,NA,0.0009617868345230818,2850,20064,10977,0,0.4079844206426485,0.12437810945273632,1.0,0.6463709287716246,0.3536290712283754
10977,YIL133C YBR278W,0.0,NA,0.0009627998806536198,2850,20063,10978,0,0.40801392700126876,0.12438353772967312,1.0,0.6463387133146483,0.35366128668535163
10978,YLL048C YFL054C,0.0,NA,0.0009636079194024205,2850,20062,10979,0,0.4080434333598891,0.12438896648044692,1.0,0.6463064978576721,0.35369350214232786
10979,YDR503C YAL031C,0.0,NA,0.0009652278968133032,2850,20061,10980,0,0.40807293971850933,0.12439439570511981,1.0,0.6462742824006958,0.35372571759930416
10980,YAL021C YKR082W,0.0,NA,0.0009652398293837905,2850,20060,10981,0,0.40810244607712964,0.12439982540375381,1.0,0.6462420669437196,0.3537579330562804
10981,YPL249C YBL040C,0.0,NA,0.0009652683511376381,2850,20059,10982,0,0.4081319524357499,0.12440525557641102,1.0,0.6462098514867434,0.3537901485132567
10982,YPL234C YKR004C,0.0,NA,0.0009659883216954768,2850,20058,10983,0,0.4081614587943702,0.12441068622315349,1.0,0.6461776360297671,0.3538223639702329
10983,YFL001W YIL050W,0.0,NA,0.0009669989231042564,2850,20057,10984,0,0.40819096515299047,0.1244161173440433,1.0,0.6461454205727908,0.35385457942720916
10984,YDL106C YOR011W,0.0,NA,0.0009690015576779842,2850,20056,10985,0,0.4082204715116107,0.12442154893914258,1.0,0.6461132051158146,0.35388679488418545
10985,YJR074W YDL014W,0.0,NA,0.0009691395680420101,2850,20055,10986,0,0.40824997787023104,0.12442698100851342,1.0,0.6460809896588383,0.3539190103411617
10986,YLR033W YGR230W,0.0,NA,0.0009696845663711429,2850,20054,10987,0,0.4082794842288513,0.12443241355221796,1.0,0.646048774201862,0.3539512257981379
10987,YLR056W YCR083W,0.0,NA,0.0009697925997897983,2850,20053,10988,0,0.4083089905874716,0.1244378465703183,1.0,0.6460165587448858,0.3539834412551142
10988,YHR073W YNL059C,0.0,NA,0.0009708183351904154,2850,20052,10989,0,0.40833849694609187,0.12444328006287661,1.0,0.6459843432879095,0.35401565671209045
10989,YOR091W YGR227W,0.0,NA,0.0009722969844006002,2850,20051,10990,0,0.4083680033047122,0.12444871402995503,1.0,0.6459521278309333,0.3540478721690667
10990,YMR127C YLR353W,0.0,NA,0.0009726491407491267,2850,20050,10991,0,0.40839750966333244,0.12445414847161572,1.0,0.6459199123739571,0.354080087626043
10991,YPR132W YKL058W,0.0,NA,0.0009727487922646105,2850,20049,10992,0,0.40842701602195275,0.12445958338792087,1.0,0.6458876969169808,0.3541123030830192
10992,YGL127C YLR453C,0.0,NA,0.0009732525213621557,2850,20048,10993,0,0.408456522380573,0.12446501877893265,1.0,0.6458554814600045,0.3541445185399955
10993,YLR320W YLR087C,0.0,NA,0.0009741988615132868,2850,20047,10994,0,0.4084860287391933,0.12447045464471328,1.0,0.6458232660030283,0.35417673399697175
10994,YGL006W YDL167C,0.0,NA,0.0009751024190336466,2850,20046,10995,0,0.4085155350978136,0.12447589098532495,1.0,0.645791050546052,0.354208949453948
10995,YNL074C YLR380W,0.0,NA,0.0009751729667186737,2850,20045,10996,0,0.4085450414564339,0.12448132780082988,1.0,0.6457588350890757,0.3542411649109243
10996,YOR087W YIL144W,0.0,NA,0.0009755800128914416,2850,20044,10997,0,0.40857454781505415,0.1244867650912903,1.0,0.6457266196320994,0.3542733803679005
10997,YCR066W YDR009W,0.0,NA,0.0009761025430634618,2850,20043,10998,0,0.4086040541736744,0.12449220285676844,1.0,0.6456944041751232,0.35430559582487675
10998,YMR163C YGR142W,0.0,NA,0.0009761080145835876,2850,20042,10999,0,0.4086335605322947,0.12449764109732658,1.0,0.645662188718147,0.35433781128185304
10999,YJL176C YNL240C,0.0,NA,0.0009767443407326937,2850,20041,11000,0,0.40866306689091497,0.12450307981302695,1.0,0.6456299732611707,0.3543700267388293
11000,YHR072W YOR002W,0.0,NA,0.0009769826428964734,2850,20040,11001,0,0.4086925732495353,0.12450851900393185,1.0,0.6455977578041945,0.3544022421958056
11001,Q0160 YNR038W,0.0,NA,0.0009770645992830396,2850,20039,11002,0,0.40872207960815554,0.12451395867010355,1.0,0.6455655423472182,0.3544344576527818
11002,YJR084W YDL093W,0.0,NA,0.0009777680970728397,2850,20038,11003,0,0.40875158596677585,0.12451939881160433,1.0,0.6455333268902419,0.35446667310975805
11003,YPR105C YML125C,0.0,NA,0.0009781044209375978,2850,20037,11004,0,0.4087810923253961,0.12452483942849653,1.0,0.6455011114332657,0.35449888856673434
11004,YDR498C YGL186C,0.0,NA,0.0009794841753318906,2850,20036,11005,0,0.4088105986840164,0.12453028052084243,1.0,0.6454688959762894,0.3545311040237106
11005,YIL168W YGR267C,0.0,NA,0.0009813494980335236,2850,20035,11006,0,0.4088401050426367,0.12453572208870439,1.0,0.6454366805193131,0.3545633194806868
11006,YMR199W YJL166W,0.0,NA,0.0009840220445767045,2850,20034,11007,0,0.408869611401257,0.12454116413214474,1.0,0.645404465062337,0.3545955349376631
11007,YPR110C YGR277C,0.0,NA,0.0009859321871772408,2850,20033,11008,0,0.40889911775987725,0.1245466066512258,1.0,0.6453722496053607,0.35462775039463934
11008,YOR092W YER144C,0.0,NA,0.0009870463982224464,2850,20032,11009,0,0.40892862411849756,0.12455204964600997,1.0,0.6453400341483844,0.35465996585161563
11009,YHR111W YBR154C,0.0,NA,0.0009871042566373944,2850,20031,11010,0,0.4089581304771178,0.12455749311655959,1.0,0.6453078186914082,0.35469218130859187
11010,YNL097C YJR123W,0.0,NA,0.0009872702648863196,2850,20030,11011,0,0.4089876368357381,0.12456293706293706,1.0,0.6452756032344319,0.3547243967655681
11011,YIR004W YGL195W,0.0,NA,0.0009885313920676708,2850,20029,11012,0,0.4090171431943584,0.12456838148520477,1.0,0.6452433877774556,0.3547566122225444
11012,YCR039C YFL033C,0.0,NA,0.0009896999690681696,2850,20028,11013,0,0.40904664955297865,0.12457382638342512,1.0,0.6452111723204794,0.35478882767952064
11013,YNL180C YDR007W,0.0,NA,0.0009908127831295133,2850,20027,11014,0,0.40907615591159896,0.12457927175766054,1.0,0.6451789568635031,0.35482104313649687
11014,YIL039W YML041C,0.0,NA,0.0009920850861817598,2850,20026,11015,0,0.4091056622702192,0.12458471760797342,1.0,0.6451467414065268,0.35485325859347316
11015,YFR015C YPR187W,0.0,NA,0.0009929484222084284,2850,20025,11016,0,0.40913516862883953,0.12459016393442623,1.0,0.6451145259495505,0.3548854740504494
11016,YOR293W YJL214W,0.0,NA,0.0009942993056029081,2850,20024,11017,0,0.4091646749874598,0.1245956107370814,1.0,0.6450823104925744,0.35491768950742564
11017,YER180C YLR273C,0.0,NA,0.0009943017503246665,2850,20023,11018,0,0.4091941813460801,0.1246010580160014,1.0,0.6450500950355981,0.35494990496440193
11018,YLL046C YPR021C,0.0,NA,0.0009946621721610427,2850,20022,11019,0,0.40922368770470036,0.12460650577124868,1.0,0.6450178795786218,0.35498212042137817
11019,YIL085C YOR035C,0.0,NA,0.0009950612438842654,2850,20021,11020,0,0.40925319406332067,0.12461195400288574,1.0,0.6449856641216456,0.35501433587835446
11020,YDL125C YJR091C,0.0,NA,0.0009960192255675793,2850,20020,11021,0,0.4092827004219409,0.12461740271097507,1.0,0.6449534486646693,0.3550465513353307
11021,YCR039C YER088C,0.0,NA,0.0009965497301891446,2850,20019,11022,0,0.40931220678056124,0.12462285189557917,1.0,0.644921233207693,0.35507876679230693
11022,YML116W YIL046W,0.0,NA,0.0009975975845009089,2850,20018,11023,0,0.4093417131391815,0.12462830155676054,1.0,0.6448890177507168,0.3551109822492832
11023,YER178W YML121W,0.0,NA,0.000997890834696591,2850,20017,11024,0,0.40937121949780175,0.12463375169458171,1.0,0.6448568022937405,0.35514319770625946
11024,YBR081C YNR070W,0.0,NA,0.0009984171483665705,2850,20016,11025,0,0.40940072585642207,0.12463920230910522,1.0,0.6448245868367642,0.3551754131632357
11025,YPR168W YJR077C,0.0,NA,0.0009996049338951707,2850,20015,11026,0,0.4094302322150423,0.12464465340039362,1.0,0.6447923713797881,0.355207628620212
11026,YDR004W YJR070C,0.0,NA,0.0010004328796640038,2850,20014,11027,0,0.40945973857366263,0.12465010496850945,1.0,0.6447601559228118,0.3552398440771882
11027,YDR301W YBL072C,0.0,NA,0.0010013272985816002,2850,20013,11028,0,0.4094892449322829,0.12465555701351529,1.0,0.6447279404658355,0.3552720595341645
11028,YOL005C YLR298C,0.0,NA,0.0010013936553150415,2850,20012,11029,0,0.4095187512909032,0.12466100953547371,1.0,0.6446957250088593,0.35530427499114076
11029,YLR466W YDL056W,0.0,NA,0.0010015091393142939,2850,20011,11030,0,0.40954825764952346,0.12466646253444731,1.0,0.644663509551883,0.355336490448117
11030,YER099C YER044C,0.0,NA,0.0010018879547715187,2850,20010,11031,0,0.4095777640081438,0.12467191601049869,1.0,0.6446312940949067,0.3553687059050933
11031,YHR174W YBR008C,0.0,NA,0.001002450822852552,2850,20009,11032,0,0.40960727036676403,0.12467736996369046,1.0,0.6445990786379305,0.3554009213620695
11032,YPL228W YOR261C,0.0,NA,0.001002622302621603,2850,20008,11033,0,0.40963677672538434,0.12468282439408522,1.0,0.6445668631809542,0.35543313681904576
11033,YEL017C-A YJL059W,0.0,NA,0.001002689590677619,2850,20007,11034,0,0.4096662830840046,0.12468827930174564,1.0,0.644534647723978,0.35546535227602205
11034,YLR430W YFL034C-A,0.0,NA,0.0010029991390183568,2850,20006,11035,0,0.40969578944262486,0.12469373468673434,1.0,0.6445024322670017,0.3554975677329983
11035,YLR212C YPL101W,0.0,NA,0.001003974350169301,2850,20005,11036,0,0.40972529580124517,0.12469919054911398,1.0,0.6444702168100255,0.3555297831899745
11036,YLR181C YOR075W,0.0,NA,0.0010042086942121387,2850,20004,11037,0,0.40975480215986543,0.12470464688894722,1.0,0.6444380013530492,0.3555619986469508
11037,YJR091C YOR257W,0.0,NA,0.001004711608402431,2850,20003,11038,0,0.40978430851848574,0.12471010370629676,1.0,0.6444057858960729,0.35559421410392705
11038,YNL167C YJL186W,0.0,NA,0.0010050423443317413,2850,20002,11039,0,0.409813814877106,0.12471556100122527,1.0,0.6443735704390967,0.35562642956090335
11039,YDL033C YJL178C,0.0,NA,0.0010063258232548833,2850,20001,11040,0,0.4098433212357263,0.12472101877379546,1.0,0.6443413549821204,0.3556586450178796
11040,YLR201C YPL049C,0.0,NA,0.0010067716939374804,2850,20000,11041,0,0.40987282759434657,0.12472647702407003,1.0,0.6443091395251441,0.3556908604748558
11041,YMR161W YGL192W,0.0,NA,0.0010069836862385273,2850,19999,11042,0,0.4099023339529669,0.1247319357521117,1.0,0.6442769240681679,0.3557230759318321
11042,YKL046C YHL006C,0.0,NA,0.0010070042917504907,2850,19998,11043,0,0.40993184031158714,0.1247373949579832,1.0,0.6442447086111917,0.35575529138880835
11043,YHR036W YPL120W,0.0,NA,0.0010079152416437864,2850,19997,11044,0,0.40996134667020745,0.12474285464174728,1.0,0.6442124931542154,0.3557875068457846
11044,YHR088W YKL032C,0.0,NA,0.0010083367815241218,2850,19996,11045,0,0.4099908530288277,0.1247483148034667,1.0,0.6441802776972392,0.3558197223027609
11045,YNL007C YLR212C,0.0,NA,0.0010093546006828547,2850,19995,11046,0,0.410020359387448,0.1247537754432042,1.0,0.6441480622402629,0.3558519377597371
11046,YLL002W YMR021C,0.0,NA,0.0010093816090375185,2850,19994,11047,0,0.4100498657460683,0.12475923656102259,1.0,0.6441158467832866,0.3558841532167134
11047,YDR324C YHR142W,0.0,NA,0.00100995774846524,2850,19993,11048,0,0.41007937210468853,0.12476469815698464,1.0,0.6440836313263104,0.35591636867368964
11048,YKL054C YNR046W,0.0,NA,0.001009964500553906,2850,19992,11049,0,0.41010887846330885,0.12477016023115314,1.0,0.6440514158693341,0.3559485841306659
11049,YPL002C YLR223C,0.0,NA,0.0010104597313329577,2850,19991,11050,0,0.4101383848219291,0.12477562278359092,1.0,0.6440192004123578,0.35598079958764217
11050,YOR301W YHR165C,0.0,NA,0.001010576612316072,2850,19990,11051,0,0.4101678911805494,0.12478108581436077,1.0,0.6439869849553816,0.3560130150446184
11051,YJL128C YKL221W,0.0,NA,0.0010112329619005322,2850,19989,11052,0,0.4101973975391697,0.12478654932352555,1.0,0.6439547694984054,0.35604523050159465
11052,YDR196C YAL056W,0.0,NA,0.001011599670164287,2850,19988,11053,0,0.41022690389779,0.12479201331114809,1.0,0.6439225540414291,0.35607744595857094
11053,YLR183C YOR257W,0.0,NA,0.0010142979444935918,2850,19987,11054,0,0.41025641025641024,0.12479747777729124,1.0,0.6438903385844528,0.3561096614155472
11054,YER109C YGR221C,0.0,NA,0.0010144752450287342,2850,19986,11055,0,0.41028591661503055,0.12480294272201786,1.0,0.6438581231274766,0.3561418768725234
11055,YGR261C YCR068W,0.0,NA,0.0010149397421628237,2850,19985,11056,0,0.4103154229736508,0.12480840814539085,1.0,0.6438259076705003,0.3561740923294997
11056,YMR183C YFL034C-B,0.0,NA,0.001015007495880127,2850,19984,11057,0,0.4103449293322711,0.12481387404747307,1.0,0.643793692213524,0.35620630778647594
11057,YER078C YDR235W,0.0,NA,0.0010166076244786382,2850,19983,11058,0,0.4103744356908914,0.12481934042832742,1.0,0.6437614767565478,0.35623852324345223
11058,YGL018C YJR137C,0.0,NA,0.0010178379015997052,2850,19982,11059,0,0.4104039420495117,0.12482480728801681,1.0,0.6437292612995715,0.35627073870042847
11059,YLR047C YLR441C,0.0,NA,0.0010186537401750684,2850,19981,11060,0,0.41043344840813195,0.12483027462660418,1.0,0.6436970458425952,0.3563029541574047
11060,YIL016W YJR053W,0.0,NA,0.0010187776060774922,2850,19980,11061,0,0.4104629547667522,0.12483574244415244,1.0,0.6436648303856191,0.356335169614381
11061,YML113W YKL108W,0.0,NA,0.00101943826302886,2850,19979,11062,0,0.4104924611253725,0.12484121074072452,1.0,0.6436326149286428,0.35636738507135723
11062,YNR075W YDR310C,0.0,NA,0.001019708695821464,2850,19978,11063,0,0.4105219674839928,0.12484667951638338,1.0,0.6436003994716665,0.35639960052833347
11063,YBL085W YJR036C,0.0,NA,0.0010201469995081425,2850,19977,11064,0,0.4105514738426131,0.12485214877119201,1.0,0.6435681840146903,0.35643181598530976
11064,YDR005C YJR102C,0.0,NA,0.0010201591067016125,2850,19976,11065,0,0.41058098020123335,0.12485761850521335,1.0,0.643535968557714,0.356464031442286
11065,YIL115C YOR011W,0.0,NA,0.0010211558546870947,2850,19975,11066,0,0.41061048655985366,0.1248630887185104,1.0,0.6435037531007377,0.3564962468992623
11066,YGR023W YBR229C,0.0,NA,0.001021326519548893,2850,19974,11067,0,0.4106399929184739,0.12486855941114616,1.0,0.6434715376437615,0.35652846235623853
11067,YGL095C YER029C,0.0,NA,0.0010237894020974636,2850,19973,11068,0,0.41066949927709423,0.12487403058318364,1.0,0.6434393221867852,0.35656067781321477
11068,YPR133C YPL274W,0.0,NA,0.0010240082629024982,2850,19972,11069,0,0.4106990056357145,0.12487950223468583,1.0,0.6434071067298089,0.35659289327019106
11069,YHR020W YLR307W,0.0,NA,0.001024311757646501,2850,19971,11070,0,0.4107285119943348,0.12488497436571579,1.0,0.6433748912728326,0.3566251087271673
11070,YPL058C YJR094C,0.0,NA,0.0010250273626297712,2850,19970,11071,0,0.41075801835295506,0.12489044697633654,1.0,0.6433426758158565,0.35665732418414353
11071,YHR072W YML016C,0.0,NA,0.0010255997767671943,2850,19969,11072,0,0.41078752471157537,0.12489592006661115,1.0,0.6433104603588802,0.3566895396411198
11072,YKR059W YDR261C,0.0,NA,0.0010257312096655369,2850,19968,11073,0,0.4108170310701956,0.12490139363660269,1.0,0.6432782449019039,0.35672175509809606
11073,YER072W YNR064C,0.0,NA,0.0010259340051561594,2850,19967,11074,0,0.4108465374288159,0.1249068676863742,1.0,0.6432460294449277,0.3567539705550723
11074,YAL019W YDR238C,0.0,NA,0.0010264149168506265,2850,19966,11075,0,0.4108760437874362,0.12491234221598878,1.0,0.6432138139879514,0.3567861860120486
11075,YLR433C YHR133C,0.0,NA,0.0010278827976435423,2850,19965,11076,0,0.41090555014605645,0.12491781722550953,1.0,0.6431815985309751,0.3568184014690248
11076,YPL117C YHL030W,0.0,NA,0.001029017847031355,2850,19964,11077,0,0.41093505650467677,0.12492329271499956,1.0,0.6431493830739989,0.3568506169260011
11077,YKL190W YLR256W,0.0,NA,0.001030514482408762,2850,19963,11078,0,0.410964562863297,0.12492876868452198,1.0,0.6431171676170226,0.35688283238297736
11078,YDL019C YFL024C,0.0,NA,0.0010308747878298163,2850,19962,11079,0,0.41099406922191734,0.12493424513413992,1.0,0.6430849521600464,0.3569150478399536
11079,YDR229W YNL062C,0.0,NA,0.001031076186336577,2850,19961,11080,0,0.4110235755805376,0.12493972206391653,1.0,0.6430527367030702,0.3569472632969299
11080,YLR319C YDR191W,0.0,NA,0.0010313541861250997,2850,19960,11081,0,0.4110530819391579,0.12494519947391496,1.0,0.6430205212460939,0.3569794787539061
11081,YML051W YKL119C,0.0,NA,0.001031746855005622,2850,19959,11082,0,0.41108258829777816,0.12495067736419835,1.0,0.6429883057891176,0.35701169421088236
11082,YMR005W YDL115C,0.0,NA,0.0010336446575820446,2850,19958,11083,0,0.4111120946563985,0.12495615573482989,1.0,0.6429560903321414,0.35704390966785865
11083,YJL212C YDR091C,0.0,NA,0.0010342893656343222,2850,19957,11084,0,0.41114160101501873,0.12496163458587276,1.0,0.6429238748751651,0.3570761251248349
11084,YER014C-A YDR330W,0.0,NA,0.0010353324469178915,2850,19956,11085,0,0.41117110737363904,0.12496711391739015,1.0,0.6428916594181888,0.3571083405818112
11085,YFR001W YKL114C,0.0,NA,0.0010355889098718762,2850,19955,11086,0,0.4112006137322593,0.1249725937294453,1.0,0.6428594439612126,0.3571405560387874
11086,YLR380W YGL105W,0.0,NA,0.0010355898411944509,2850,19954,11087,0,0.41123012009087956,0.12497807402210138,1.0,0.6428272285042363,0.35717277149576365
11087,YNL002C YAL056W,0.0,NA,0.0010361014865338802,2850,19953,11088,0,0.41125962644949987,0.12498355479542166,1.0,0.64279501304726,0.35720498695273994
11088,YJL073W YKL101W,0.0,NA,0.0010361671447753906,2850,19952,11089,0,0.41128913280812013,0.12498903604946934,1.0,0.6427627975902838,0.3572372024097162
11089,YPL002C YER178W,0.0,NA,0.001037545152939856,2850,19951,11090,0,0.41131863916674044,0.1249945177843077,1.0,0.6427305821333076,0.3572694178666924
11090,YNL116W YOL049W,0.0,NA,0.0010383332846686244,2850,19950,11091,0,0.4113481455253607,0.125,1.0,0.6426983666763313,0.3573016333236687
11091,YKR008W YJR040W,0.0,NA,0.0010394229320809245,2850,19949,11092,0,0.411377651883981,0.1250054826966095,1.0,0.642666151219355,0.35733384878064495
11092,YML075C YHL048W,0.0,NA,0.0010395646095275879,2850,19948,11093,0,0.41140715824260127,0.1250109658741995,1.0,0.6426339357623788,0.3573660642376212
11093,YDR325W YER087C-B,0.0,NA,0.0010406480869278312,2850,19947,11094,0,0.4114366646012216,0.12501644953283328,1.0,0.6426017203054025,0.3573982796945975
11094,YOL113W YDL042C,0.0,NA,0.0010411820840090513,2850,19946,11095,0,0.41146617095984184,0.12502193367257414,1.0,0.6425695048484262,0.3574304951515737
11095,YCR053W YOR210W,0.0,NA,0.0010428408859297633,2850,19945,11096,0,0.41149567731846215,0.1250274182934854,1.0,0.64253728939145,0.35746271060855
11096,YKR102W YDL080C,0.0,NA,0.0010438059689477086,2850,19944,11097,0,0.4115251836770824,0.12503290339563042,1.0,0.6425050739344738,0.35749492606552624
11097,YPL212C YNL307C,0.0,NA,0.0010438129538670182,2850,19943,11098,0,0.4115546900357027,0.12503838897907252,1.0,0.6424728584774975,0.3575271415225025
11098,YOR270C YNL147W,0.0,NA,0.0010439009638503194,2850,19942,11099,0,0.411584196394323,0.12504387504387504,1.0,0.6424406430205213,0.35755935697947877
11099,YLR229C YER094C,0.0,NA,0.0010443809442222118,2850,19941,11100,0,0.41161370275294323,0.12504936159010135,1.0,0.642408427563545,0.357591572436455
11100,YOL122C YGL215W,0.0,NA,0.0010454526636749506,2850,19940,11101,0,0.41164320911156355,0.12505484861781482,1.0,0.6423762121065687,0.35762378789343124
11101,YDR390C YDR302W,0.0,NA,0.0010456807212904096,2850,19939,11102,0,0.4116727154701838,0.12506033612707884,1.0,0.6423439966495925,0.35765600335040754
11102,YGL150C YER073W,0.0,NA,0.0010459067998453975,2850,19938,11103,0,0.4117022218288041,0.12506582411795683,1.0,0.6423117811926162,0.3576882188073838
11103,YHR188C YBR168W,0.0,NA,0.0010467555839568377,2850,19937,11104,0,0.4117317281874244,0.12507131259051213,1.0,0.6422795657356399,0.35772043426436007
11104,YDL210W YOL123W,0.0,NA,0.001047345227561891,2850,19936,11105,0,0.4117612345460447,0.1250768015448082,1.0,0.6422473502786638,0.3577526497213363
11105,YOR145C YOR261C,0.0,NA,0.0010484543163329363,2850,19935,11106,0,0.41179074090466494,0.1250822909809085,1.0,0.6422151348216875,0.35778486517831254
11106,YHR079C YHR103W,0.0,NA,0.0010495535098016262,2850,19934,11107,0,0.41182024726328526,0.1250877808988764,1.0,0.6421829193647112,0.35781708063528883
11107,YNL218W YCR068W,0.0,NA,0.001049798564054072,2850,19933,11108,0,0.4118497536219055,0.1250932712987754,1.0,0.6421507039077349,0.35784929609226507
11108,YHR092C YER155C,0.0,NA,0.0010498366318643093,2850,19932,11109,0,0.4118792599805258,0.12509876218066895,1.0,0.6421184884507587,0.3578815115492413
11109,YAL031C YAL044C,0.0,NA,0.0010503358207643032,2850,19931,11110,0,0.4119087663391461,0.12510425354462051,1.0,0.6420862729937824,0.3579137270062176
11110,YPL117C YNL091W,0.0,NA,0.0010533640161156654,2850,19930,11111,0,0.4119382726977664,0.12510974539069358,1.0,0.6420540575368061,0.35794594246319383
11111,YDR315C YHR183W,0.0,NA,0.0010536520276218653,2850,19929,11112,0,0.41196777905638665,0.12511523771895167,1.0,0.6420218420798299,0.35797815792017007
11112,YOR119C YFL018C,0.0,NA,0.0010551518062129617,2850,19928,11113,0,0.4119972854150069,0.12512073052945824,1.0,0.6419896266228536,0.35801037337714636
11113,YMR183C YOR028C,0.0,NA,0.0010557756759226322,2850,19927,11114,0,0.4120267917736272,0.12512622382227687,1.0,0.6419574111658773,0.3580425888341226
11114,YER038C YOL088C,0.0,NA,0.0010563445976004004,2850,19926,11115,0,0.4120562981322475,0.12513171759747102,1.0,0.6419251957089012,0.3580748042910989
11115,YDR023W YAL040C,0.0,NA,0.0010563768446445465,2850,19925,11116,0,0.4120858044908678,0.1251372118551043,1.0,0.6418929802519249,0.35810701974807513
11116,YGR256W YCR036W,0.0,NA,0.0010571676539257169,2850,19924,11117,0,0.41211531084948805,0.12514270659524018,1.0,0.6418607647949486,0.35813923520505136
11117,YDL197C YGR197C,0.0,NA,0.0010575383203104138,2850,19923,11118,0,0.41214481720810836,0.1251482018179423,1.0,0.6418285493379724,0.35817145066202766
11118,YIL077C YIL166C,0.0,NA,0.0010590461315587163,2850,19922,11119,0,0.4121743235667286,0.1251536975232742,1.0,0.6417963338809961,0.3582036661190039
11119,YER008C YLR406C,0.0,NA,0.0010600266978144646,2850,19921,11120,0,0.41220382992534893,0.12515919371129947,1.0,0.6417641184240198,0.35823588157598013
11120,YCR009C YDR522C,0.0,NA,0.0010601584799587727,2850,19920,11121,0,0.4122333362839692,0.1251646903820817,1.0,0.6417319029670436,0.3582680970329564
11121,YML082W YDR057W,0.0,NA,0.001060294802300632,2850,19919,11122,0,0.4122628426425895,0.12517018753568449,1.0,0.6416996875100673,0.35830031248993266
11122,YCL027W YHR119W,0.0,NA,0.0010606424184516072,2850,19918,11123,0,0.41229234900120976,0.12517568517217148,1.0,0.641667472053091,0.35833252794690895
11123,YIL094C YPL239W,0.0,NA,0.0010607050498947501,2850,19917,11124,0,0.41232185535983007,0.12518118329160627,1.0,0.6416352565961149,0.3583647434038852
11124,YDL147W YDR293C,0.0,NA,0.0010608965530991554,2850,19916,11125,0,0.4123513617184503,0.12518668189405255,1.0,0.6416030411391386,0.3583969588608614
11125,YGL044C YOR269W,0.0,NA,0.0010610335739329457,2850,19915,11126,0,0.4123808680770706,0.1251921809795739,1.0,0.6415708256821623,0.3584291743178377
11126,YPR132W YHL039W,0.0,NA,0.0010618905071169138,2850,19914,11127,0,0.4124103744356909,0.12519768054823405,1.0,0.641538610225186,0.35846138977481395
11127,YLL043W YMR143W,0.0,NA,0.0010626241564750671,2850,19913,11128,0,0.41243988079431115,0.12520318060009664,1.0,0.6415063947682098,0.3584936052317902
11128,YNL149C YHR120W,0.0,NA,0.0010644930880516768,2850,19912,11129,0,0.41246938715293147,0.12520868113522537,1.0,0.6414741793112335,0.3585258206887665
11129,YOL127W YNL259C,0.0,NA,0.0010661432752385736,2850,19911,11130,0,0.4124988935115517,0.12521418215368393,1.0,0.6414419638542572,0.3585580361457427
11130,YOR056C YGR268C,0.0,NA,0.0010664545698091388,2850,19910,11131,0,0.41252839987017204,0.12521968365553604,1.0,0.641409748397281,0.35859025160271896
11131,YPR110C YGR255C,0.0,NA,0.001066866097971797,2850,19909,11132,0,0.4125579062287923,0.1252251856408454,1.0,0.6413775329403048,0.35862246705969525
11132,YIR031C YBR084W,0.0,NA,0.0010675681987777352,2850,19908,11133,0,0.4125874125874126,0.12523068810967572,1.0,0.6413453174833285,0.3586546825166715
11133,YDR277C YKR097W,0.0,NA,0.001068316982127726,2850,19907,11134,0,0.41261691894603286,0.12523619106209077,1.0,0.6413131020263523,0.3586868979736478
11134,YMR251W YDL155W,0.0,NA,0.0010685021989047527,2850,19906,11135,0,0.4126464253046532,0.12524169449815434,1.0,0.641280886569376,0.358719113430624
11135,YOR073W YKL197C,0.0,NA,0.001068515470251441,2850,19905,11136,0,0.41267593166327343,0.12524719841793014,1.0,0.6412486711123997,0.35875132888760025
11136,YOR368W YLR106C,0.0,NA,0.001069135032594204,2850,19904,11137,0,0.41270543802189374,0.12525270282148193,1.0,0.6412164556554235,0.35878354434457654
11137,YML088W YMR313C,0.0,NA,0.0010706607718020678,2850,19903,11138,0,0.412734944380514,0.12525820770887355,1.0,0.6411842401984472,0.3588157598015528
11138,YBL009W YDR463W,0.0,NA,0.001070821424946189,2850,19902,11139,0,0.41276445073913426,0.1252637130801688,1.0,0.6411520247414709,0.358847975258529
11139,YDR513W YJR010C-A,0.0,NA,0.0010708582121878862,2850,19901,11140,0,0.41279395709775457,0.12526921893543141,1.0,0.6411198092844947,0.3588801907155053
11140,YGR047C YCL051W,0.0,NA,0.0010716670658439398,2850,19900,11141,0,0.41282346345637483,0.12527472527472527,1.0,0.6410875938275185,0.35891240617248155
11141,YPL124W YPL057C,0.0,NA,0.0010718165431171656,2850,19899,11142,0,0.41285296981499514,0.1252802320981142,1.0,0.6410553783705422,0.35894462162945784
11142,YOL061W YNL164C,0.0,NA,0.0010727375047281384,2850,19898,11143,0,0.4128824761736154,0.12528573940566204,1.0,0.641023162913566,0.3589768370864341
11143,YBL091C YMR235C,0.0,NA,0.0010732562514021993,2850,19897,11144,0,0.4129119825322357,0.12529124719743262,1.0,0.6409909474565897,0.3590090525434103
11144,YPL137C YDR174W,0.0,NA,0.001073317020200193,2850,19896,11145,0,0.41294148889085597,0.12529675547348984,1.0,0.6409587319996134,0.3590412680003866
11145,YKL088W YBR191W,0.0,NA,0.0010760705918073654,2850,19895,11146,0,0.4129709952494763,0.12530226423389756,1.0,0.6409265165426371,0.35907348345736284
11146,YOL115W YKL138C-A,0.0,NA,0.0010771516244858503,2850,19894,11147,0,0.41300050160809654,0.12530777347871966,1.0,0.6408943010856609,0.3591056989143391
11147,YDR197W YCL038C,0.0,NA,0.0010779399890452623,2850,19893,11148,0,0.41303000796671685,0.12531328320802004,1.0,0.6408620856286846,0.35913791437131537
11148,YPL208W YOR011W,0.0,NA,0.0010782224126160145,2850,19892,11149,0,0.4130595143253371,0.12531879342186264,1.0,0.6408298701717083,0.3591701298282916
11149,YML027W YNL220W,0.0,NA,0.0010783938923850656,2850,19891,11150,0,0.4130890206839574,0.12532430412031134,1.0,0.6407976547147322,0.3592023452852679
11150,YDR103W YIL014W,0.0,NA,0.0010786420898512006,2850,19890,11151,0,0.4131185270425777,0.12532981530343007,1.0,0.6407654392577559,0.35923456074224414
11151,YOR294W YGR065C,0.0,NA,0.0010803723707795143,2850,19889,11152,0,0.41314803340119793,0.12533532697128283,1.0,0.6407332238007796,0.3592667761992204
11152,YGL212W YLR438C-A,0.0,NA,0.0010806209174916148,2850,19888,11153,0,0.41317753975981825,0.1253408391239335,1.0,0.6407010083438034,0.35929899165619666
11153,YDR416W YLR298C,0.0,NA,0.0010839315364137292,2850,19887,11154,0,0.4132070461184385,0.1253463517614461,1.0,0.6406687928868271,0.3593312071131729
11154,YOR332W YPR074C,0.0,NA,0.001084333867765963,2850,19886,11155,0,0.4132365524770588,0.12535186488388458,1.0,0.6406365774298508,0.35936342257014914
11155,YJL039C YFL024C,0.0,NA,0.001084484625607729,2850,19885,11156,0,0.4132660588356791,0.12535737849131295,1.0,0.6406043619728746,0.35939563802712543
11156,YPL113C YHR197W,0.0,NA,0.0010847781086340547,2850,19884,11157,0,0.4132955651942994,0.1253628925837952,1.0,0.6405721465158983,0.35942785348410167
11157,YLL042C YOR275C,0.0,NA,0.0010848582023754716,2850,19883,11158,0,0.41332507155291964,0.12536840716139533,1.0,0.640539931058922,0.3594600689410779
11158,YMR006C YDR075W,0.0,NA,0.0010859754402190447,2850,19882,11159,0,0.41335457791153996,0.12537392222417737,1.0,0.6405077156019459,0.3594922843980542
11159,YPR191W YER052C,0.0,NA,0.001086749485693872,2850,19881,11160,0,0.4133840842701602,0.12537943777220537,1.0,0.6404755001449696,0.35952449985503043
11160,YOR351C YPR121W,0.0,NA,0.0010881703346967697,2850,19880,11161,0,0.4134135906287805,0.12538495380554335,1.0,0.6404432846879933,0.3595567153120067
11161,YLR066W YPL232W,0.0,NA,0.0010883014183491468,2850,19879,11162,0,0.4134430969874008,0.12539047032425535,1.0,0.6404110692310171,0.35958893076898296
11162,YOL063C YNL163C,0.0,NA,0.0010887805838137865,2850,19878,11163,0,0.4134726033460211,0.12539598732840548,1.0,0.6403788537740408,0.3596211462259592
11163,YBR210W YBR249C,0.0,NA,0.001089845784008503,2850,19877,11164,0,0.41350210970464135,0.1254015048180578,1.0,0.6403466383170645,0.3596533616829355
11164,YDR483W YJR063W,0.0,NA,0.0010901401983574033,2850,19876,11165,0,0.4135316160632616,0.12540702279327642,1.0,0.6403144228600882,0.3596855771399117
11165,YPL095C YNL236W,0.0,NA,0.001090266858227551,2850,19875,11166,0,0.4135611224218819,0.1254125412541254,1.0,0.640282207403112,0.35971779259688796
11166,YPL053C YHR041C,0.0,NA,0.001090496894903481,2850,19874,11167,0,0.4135906287805022,0.1254180602006689,1.0,0.6402499919461357,0.35975000805386426
11167,YJL176C YDL014W,0.0,NA,0.0010915659368038177,2850,19873,11168,0,0.4136201351391225,0.125423579632971,1.0,0.6402177764891595,0.3597822235108405
11168,YPL189W YLR238W,0.0,NA,0.0010916325263679028,2850,19872,11169,0,0.41364964149774275,0.12542909955109585,1.0,0.6401855610321833,0.3598144389678168
11169,YJR082C YGR262C,0.0,NA,0.0010920229833573103,2850,19871,11170,0,0.41367914785636306,0.1254346199551076,1.0,0.640153345575207,0.359846654424793
11170,YNR007C YBR036C,0.0,NA,0.001092081773094833,2850,19870,11171,0,0.4137086542149833,0.12544014084507044,1.0,0.6401211301182307,0.35987886988176926
11171,YIL133C YMR036C,0.0,NA,0.0010923512745648623,2850,19869,11172,0,0.41373816057360363,0.12544566222104847,1.0,0.6400889146612545,0.35991108533874555
11172,YOL112W YHR143W-A,0.0,NA,0.0010937335900962353,2850,19868,11173,0,0.4137676669322239,0.1254511840831059,1.0,0.6400566992042782,0.3599433007957218
11173,YGL238W YBR213W,0.0,NA,0.0010946127586066723,2850,19867,11174,0,0.4137971732908442,0.12545670643130696,1.0,0.6400244837473019,0.359975516252698
11174,YMR009W YNL231C,0.0,NA,0.0010956769110634923,2850,19866,11175,0,0.41382667964946446,0.1254622292657158,1.0,0.6399922682903257,0.3600077317096743
11175,YBR041W YGR172C,0.0,NA,0.0010959598002955317,2850,19865,11176,0,0.41385618600808477,0.12546775258639664,1.0,0.6399600528333494,0.36003994716665055
11176,YPL189W YKL029C,0.0,NA,0.0010962673695757985,2850,19864,11177,0,0.413885692366705,0.12547327639341374,1.0,0.6399278373763732,0.3600721626236268
11177,YIL120W YOR193W,0.0,NA,0.0010981701780110598,2850,19863,11178,0,0.4139151987253253,0.12547880068683134,1.0,0.639895621919397,0.3601043780806031
11178,YGL039W YIL005W,0.0,NA,0.0010988059220835567,2850,19862,11179,0,0.4139447050839456,0.12548432546671362,1.0,0.6398634064624207,0.3601365935375793
11179,YBR216C YDR113C,0.0,NA,0.00109981803689152,2850,19861,11180,0,0.41397421144256585,0.1254898507331249,1.0,0.6398311910054444,0.3601688089945556
11180,YER102W YDL195W,0.0,NA,0.001100012450478971,2850,19860,11181,0,0.41400371780118617,0.12549537648612946,1.0,0.6397989755484682,0.36020102445153185
11181,YPR191W YPR134W,0.0,NA,0.001101057161577046,2850,19859,11182,0,0.4140332241598064,0.12550090272579154,1.0,0.6397667600914919,0.3602332399085081
11182,YCR039C YBR172C,0.0,NA,0.0011015963973477483,2850,19858,11183,0,0.41406273051842674,0.12550642945217544,1.0,0.6397345446345156,0.3602654553654844
11183,YPL248C YKR082W,0.0,NA,0.0011016834760084748,2850,19857,11184,0,0.414092236877047,0.12551195666534548,1.0,0.6397023291775393,0.3602976708224606
11184,YDL099W YMR288W,0.0,NA,0.0011017853394150734,2850,19856,11185,0,0.4141217432356673,0.12551748436536597,1.0,0.6396701137205631,0.36032988627943685
11185,YLR146C YER155C,0.0,NA,0.0011024309787899256,2850,19855,11186,0,0.41415124959428756,0.12552301255230125,1.0,0.6396378982635869,0.36036210173641314
11186,YPL111W YAL030W,0.0,NA,0.0011042467085644603,2850,19854,11187,0,0.4141807559529079,0.12552854122621565,1.0,0.6396056828066106,0.3603943171933894
11187,YPL267W YPR065W,0.0,NA,0.00110459397546947,2850,19853,11188,0,0.41421026231152813,0.1255340703871735,1.0,0.6395734673496344,0.36042653265036567
11188,YMR053C YNL090W,0.0,NA,0.0011056734947487712,2850,19852,11189,0,0.4142397686701484,0.12553960003523917,1.0,0.6395412518926581,0.3604587481073419
11189,YMR312W YEL069C,0.0,NA,0.0011076523223891854,2850,19851,11190,0,0.4142692750287687,0.12554513017047708,1.0,0.6395090364356818,0.36049096356431815
11190,YEL019C YLR106C,0.0,NA,0.0011077874805778265,2850,19850,11191,0,0.41429878138738896,0.12555066079295155,1.0,0.6394768209787056,0.36052317902129444
11191,YOR079C YDL224C,0.0,NA,0.0011093460489064455,2850,19849,11192,0,0.41432828774600927,0.125556191902727,1.0,0.6394446055217293,0.3605553944782707
11192,YNL047C YEL034W,0.0,NA,0.0011097139213234186,2850,19848,11193,0,0.41435779410462953,0.12556172349986783,1.0,0.639412390064753,0.3605876099352469
11193,YDR195W YPL210C,0.0,NA,0.0011102965800091624,2850,19847,11194,0,0.41438730046324984,0.12556725558443846,1.0,0.6393801746077769,0.3606198253922232
11194,YKR066C YDL141W,0.0,NA,0.001110927085392177,2850,19846,11195,0,0.4144168068218701,0.12557278815650336,1.0,0.6393479591508006,0.36065204084919944
11195,YKL007W YPL024W,0.0,NA,0.0011109370971098542,2850,19845,11196,0,0.4144463131804904,0.1255783212161269,1.0,0.6393157436938243,0.3606842563061757
11196,YGR148C YIL145C,0.0,NA,0.0011112033389508724,2850,19844,11197,0,0.41447581953911067,0.12558385476337358,1.0,0.6392835282368481,0.36071647176315197
11197,YML022W YBL002W,0.0,NA,0.0011119997361674905,2850,19843,11198,0,0.414505325897731,0.12558938879830786,1.0,0.6392513127798718,0.3607486872201282
11198,YAR002C-A YKL189W,0.0,NA,0.0011129523627460003,2850,19842,11199,0,0.41453483225635124,0.12559492332099417,1.0,0.6392190973228955,0.3607809026771045
11199,YHL043W YAL059W,0.0,NA,0.0011138083646073937,2850,19841,11200,0,0.41456433861497155,0.12560045833149708,1.0,0.6391868818659193,0.36081311813408073
11200,YPR110C YDR017C,0.0,NA,0.0011143442243337631,2850,19840,11201,0,0.4145938449735918,0.125605993829881,1.0,0.639154666408943,0.36084533359105697
11201,YFL057C YBR252W,0.0,NA,0.001115496619604528,2850,19839,11202,0,0.41462335133221206,0.1256115298162105,1.0,0.6391224509519667,0.36087754904803326
11202,YDL179W YDL022W,0.0,NA,0.0011155200190842152,2850,19838,11203,0,0.4146528576908324,0.12561706629055008,1.0,0.6390902354949904,0.3609097645050095
11203,YER024W YNL103W,0.0,NA,0.0011163310846313834,2850,19837,11204,0,0.41468236404945263,0.12562260325296426,1.0,0.6390580200380143,0.36094197996198574
11204,YBL019W YLR262C,0.0,NA,0.0011173641541972756,2850,19836,11205,0,0.41471187040807295,0.12562814070351758,1.0,0.639025804581038,0.36097419541896203
11205,YML088W YOR132W,0.0,NA,0.0011176335392519832,2850,19835,11206,0,0.4147413767666932,0.12563367864227462,1.0,0.6389935891240617,0.36100641087593827
11206,YIR008C YOL003C,0.0,NA,0.0011184551985934377,2850,19834,11207,0,0.4147708831253135,0.12563921706929995,1.0,0.6389613736670855,0.36103862633291456
11207,YBL003C YJL068C,0.0,NA,0.0011190386721864343,2850,19833,11208,0,0.4148003894839338,0.1256447559846581,1.0,0.6389291582101092,0.3610708417898908
11208,YDR394W YNL278W,0.0,NA,0.0011199595173820853,2850,19832,11209,0,0.4148298958425541,0.1256502953884137,1.0,0.6388969427531329,0.36110305724686703
11209,YDL213C YDR246W,0.0,NA,0.0011201788438484073,2850,19831,11210,0,0.41485940220117434,0.12565583528063137,1.0,0.6388647272961567,0.3611352727038433
11210,YOR247W YDR245W,0.0,NA,0.0011206271592527628,2850,19830,11211,0,0.41488890855979466,0.12566137566137567,1.0,0.6388325118391804,0.36116748816081956
11211,YDL083C YPL003W,0.0,NA,0.0011228983057662845,2850,19829,11212,0,0.4149184149184149,0.12566691653071124,1.0,0.6388002963822041,0.3611997036177958
11212,YLR004C YKL192C,0.0,NA,0.0011236853897571564,2850,19828,11213,0,0.4149479212770352,0.1256724578887027,1.0,0.638768080925228,0.3612319190747721
11213,YEL022W YER159C,0.0,NA,0.001124130329117179,2850,19827,11214,0,0.4149774276356555,0.12567799973541474,1.0,0.6387358654682517,0.3612641345317483
11214,YDL192W YNL221C,0.0,NA,0.0011243846965953708,2850,19826,11215,0,0.41500693399427574,0.12568354207091198,1.0,0.6387036500112754,0.36129634998872456
11215,YHR058C YDL191W,0.0,NA,0.001124650239944458,2850,19825,11216,0,0.41503644035289605,0.1256890848952591,1.0,0.6386714345542992,0.36132856544570086
11216,YPL274W YDR178W,0.0,NA,0.001127951662056148,2850,19824,11217,0,0.4150659467115163,0.12569462820852076,1.0,0.6386392190973229,0.3613607809026771
11217,YDL216C YHR200W,0.0,NA,0.001128068775869906,2850,19823,11218,0,0.4150954530701366,0.1257001720107617,1.0,0.6386070036403466,0.3613929963596534
11218,YMR004W YLR450W,0.0,NA,0.001129563432186842,2850,19822,11219,0,0.4151249594287569,0.12570571630204658,1.0,0.6385747881833704,0.3614252118166296
11219,YNR008W YNL332W,0.0,NA,0.0011299352627247572,2850,19821,11220,0,0.4151544657873772,0.12571126108244013,1.0,0.6385425727263941,0.36145742727360586
11220,YOR234C YPL082C,0.0,NA,0.0011306431842967868,2850,19820,11221,0,0.41518397214599745,0.12571680635200705,1.0,0.6385103572694178,0.36148964273058215
11221,YGL169W YBR139W,0.0,NA,0.0011307186214253306,2850,19819,11222,0,0.41521347850461776,0.12572235211081212,1.0,0.6384781418124416,0.3615218581875584
11222,YNL209W YPL112C,0.0,NA,0.001130906050093472,2850,19818,11223,0,0.415242984863238,0.12572789835892006,1.0,0.6384459263554654,0.3615540736445346
11223,YKL197C YGL035C,0.0,NA,0.001131341326981783,2850,19817,11224,0,0.41527249122185833,0.12573344509639564,1.0,0.6384137108984891,0.3615862891015109
11224,YHR184W YJL097W,0.0,NA,0.0011318145552650094,2850,19816,11225,0,0.4153019975804786,0.12573899232330363,1.0,0.6383814954415128,0.36161850455848715
11225,YLR134W YGL171W,0.0,NA,0.0011318636825308204,2850,19815,11226,0,0.4153315039390989,0.1257445400397088,1.0,0.6383492799845366,0.36165072001546344
11226,YBR055C YAL009W,0.0,NA,0.0011340788332745433,2850,19814,11227,0,0.41536101029771916,0.12575008824567596,1.0,0.6383170645275603,0.3616829354724397
11227,YNL149C YFL036W,0.0,NA,0.0011350017739459872,2850,19813,11228,0,0.4153905166563394,0.1257556369412699,1.0,0.638284849070584,0.3617151509294159
11228,YPR011C YER107C,0.0,NA,0.001135646365582943,2850,19812,11229,0,0.4154200230149597,0.12576118612655546,1.0,0.6382526336136078,0.3617473663863922
11229,YPL188W YLR109W,0.0,NA,0.0011376169277355075,2850,19811,11230,0,0.41544952937358,0.12576673580159745,1.0,0.6382204181566316,0.36177958184336845
11230,YNR008W YMR316W,0.0,NA,0.0011379490606486797,2850,19810,11231,0,0.4154790357322003,0.12577228596646073,1.0,0.6381882026996553,0.3618117973003447
11231,YGL158W YDL216C,0.0,NA,0.0011387310223653913,2850,19809,11232,0,0.41550854209082055,0.12577783662121012,1.0,0.6381559872426791,0.361844012757321
11232,YOR294W YNL247W,0.0,NA,0.001139383646659553,2850,19808,11233,0,0.41553804844944087,0.1257833877659105,1.0,0.6381237717857028,0.3618762282142972
11233,YBR223C YOL088C,0.0,NA,0.0011413291795179248,2850,19807,11234,0,0.4155675548080611,0.12578893940062674,1.0,0.6380915563287265,0.36190844367127345
11234,YDL060W YER069W,0.0,NA,0.0011424849508330226,2850,19806,11235,0,0.41559706116668144,0.12579449152542374,1.0,0.6380593408717503,0.36194065912824974
11235,YPL019C YNL194C,0.0,NA,0.0011447829892858863,2850,19805,11236,0,0.4156265675253017,0.12580004414036636,1.0,0.638027125414774,0.361972874585226
11236,YDR030C YGR199W,0.0,NA,0.0011453578481450677,2850,19804,11237,0,0.415656073883922,0.12580559724551957,1.0,0.6379949099577977,0.36200509004220227
11237,YMR314W YLR180W,0.0,NA,0.0011457522632554173,2850,19803,11238,0,0.41568558024254226,0.1258111508409482,1.0,0.6379626945008215,0.3620373054991785
11238,YDR314C YPL208W,0.0,NA,0.0011462342226877809,2850,19802,11239,0,0.4157150866011626,0.1258167049267173,1.0,0.6379304790438453,0.36206952095615474
11239,YMR043W YKL079W,0.0,NA,0.0011468693846836686,2850,19801,11240,0,0.41574459295978283,0.1258222595028917,1.0,0.637898263586869,0.36210173641313104
11240,YLR185W YHR161C,0.0,NA,0.001146951923146844,2850,19800,11241,0,0.4157740993184031,0.12582781456953643,1.0,0.6378660481298927,0.3621339518701073
11241,YCL035C YLR242C,0.0,NA,0.0011471867328509688,2850,19799,11242,0,0.4158036056770234,0.12583337012671642,1.0,0.6378338326729165,0.3621661673270835
11242,YJL219W YMR256C,0.0,NA,0.0011479126987978816,2850,19798,11243,0,0.41583311203564366,0.12583892617449666,1.0,0.6378016172159402,0.3621983827840598
11243,YFR050C YNL116W,0.0,NA,0.001148083247244358,2850,19797,11244,0,0.41586261839426397,0.1258444827129421,1.0,0.6377694017589639,0.36223059824103604
11244,YNL080C YER011W,0.0,NA,0.0011481570545583963,2850,19796,11245,0,0.41589212475288423,0.1258500397421178,1.0,0.6377371863019877,0.36226281369801233
11245,YKL007W YLR345W,0.0,NA,0.0011485120048746467,2850,19795,11246,0,0.41592163111150454,0.12585559726208875,1.0,0.6377049708450114,0.36229502915498857
11246,YPL144W YGL077C,0.0,NA,0.0011487997835502028,2850,19794,11247,0,0.4159511374701248,0.12586115527291997,1.0,0.6376727553880351,0.3623272446119648
11247,YLR299W YPL189W,0.0,NA,0.0011488577583804727,2850,19793,11248,0,0.4159806438287451,0.1258667137746765,1.0,0.637640539931059,0.3623594600689411
11248,YKR057W YIL144W,0.0,NA,0.0011492884950712323,2850,19792,11249,0,0.41601015018736537,0.12587227276742338,1.0,0.6376083244740827,0.36239167552591733
11249,YPR104C YGL238W,0.0,NA,0.0011508830357342958,2850,19791,11250,0,0.4160396565459857,0.12587783225122565,1.0,0.6375761090171064,0.36242389098289357
11250,YLR360W YMR235C,0.0,NA,0.0011509587056934834,2850,19790,11251,0,0.41606916290460594,0.12588339222614842,1.0,0.6375438935601302,0.36245610643986986
11251,YHR067W YDL184C,0.0,NA,0.0011515745427459478,2850,19789,11252,0,0.41609866926322625,0.12588895269225672,1.0,0.6375116781031539,0.3624883218968461
11252,YGL150C YBR176W,0.0,NA,0.0011517347302287817,2850,19788,11253,0,0.4161281756218465,0.12589451364961568,1.0,0.6374794626461776,0.36252053735382234
11253,YML052W YJL034W,0.0,NA,0.0011528553441166878,2850,19787,11254,0,0.41615768198046676,0.1259000750982904,1.0,0.6374472471892014,0.36255275281079863
11254,YPL140C YLR208W,0.0,NA,0.001153877703472972,2850,19786,11255,0,0.4161871883390871,0.125905637038346,1.0,0.6374150317322251,0.36258496826777487
11255,YGR249W YFL008W,0.0,NA,0.0011541739804670215,2850,19785,11256,0,0.41621669469770733,0.12591119946984758,1.0,0.6373828162752488,0.36261718372475116
11256,YOR353C YBR199W,0.0,NA,0.0011544086737558246,2850,19784,11257,0,0.41624620105632765,0.1259167623928603,1.0,0.6373506008182727,0.3626493991817274
11257,YLR248W YIR009W,0.0,NA,0.00115653732791543,2850,19783,11258,0,0.4162757074149479,0.1259223258074493,1.0,0.6373183853612964,0.36268161463870363
11258,YMR301C YIL097W,0.0,NA,0.001156573765911162,2850,19782,11259,0,0.4163052137735682,0.12592788971367974,1.0,0.6372861699043201,0.3627138300956799
11259,YOR208W YDR318W,0.0,NA,0.001157158869318664,2850,19781,11260,0,0.4163347201321885,0.1259334541116168,1.0,0.6372539544473438,0.36274604555265616
11260,YFL026W YLR160C,0.0,NA,0.001157470978796482,2850,19780,11261,0,0.4163642264908088,0.12593901900132567,1.0,0.6372217389903676,0.3627782610096324
11261,YGR163W YBR223C,0.0,NA,0.0011581458384171128,2850,19779,11262,0,0.41639373284942904,0.12594458438287154,1.0,0.6371895235333913,0.3628104764666087
11262,YCR033W YHR053C,0.0,NA,0.00115972850471735,2850,19778,11263,0,0.41642323920804936,0.12595015025631962,1.0,0.637157308076415,0.3628426919235849
11263,YCL031C YGL120C,0.0,NA,0.0011602008016780019,2850,19777,11264,0,0.4164527455666696,0.1259557166217351,1.0,0.6371250926194388,0.3628749073805612
11264,YER031C YDR232W,0.0,NA,0.0011602919548749924,2850,19776,11265,0,0.4164822519252899,0.12596128347918323,1.0,0.6370928771624625,0.36290712283753745
11265,YDR500C YNL099C,0.0,NA,0.001160895568318665,2850,19775,11266,0,0.4165117582839102,0.12596685082872927,1.0,0.6370606617054863,0.3629393382945137
11266,YOR254C YBR012W-B,0.0,NA,0.001161383930593729,2850,19774,11267,0,0.41654126464253044,0.12597241867043849,1.0,0.6370284462485101,0.36297155375149
11267,YJR158W YKR097W,0.0,NA,0.0011616416741162539,2850,19773,11268,0,0.41657077100115075,0.12597798700437607,1.0,0.6369962307915338,0.3630037692084662
11268,YOR036W YEL053C,0.0,NA,0.0011626551859080791,2850,19772,11269,0,0.416600277359771,0.12598355583060739,1.0,0.6369640153345575,0.36303598466544246
11269,YER172C YIL150C,0.0,NA,0.0011626883642747998,2850,19771,11270,0,0.4166297837183913,0.12598912514919766,1.0,0.6369317998775813,0.36306820012241875
11270,YNL281W YJL004C,0.0,NA,0.001163611887022853,2850,19770,11271,0,0.4166592900770116,0.1259946949602122,1.0,0.636899584420605,0.363100415579395
11271,YAL043C YDR163W,0.0,NA,0.001163905719295144,2850,19769,11272,0,0.4166887964356319,0.12600026526371635,1.0,0.6368673689636287,0.3631326310363713
11272,YIL131C YBR068C,0.0,NA,0.001166349626146257,2850,19768,11273,0,0.41671830279425215,0.1260058360597754,1.0,0.6368351535066525,0.3631648464933475
11273,YEL060C YJR010C-A,0.0,NA,0.001166349626146257,2850,19767,11274,0,0.41674780915287246,0.1260114073484547,1.0,0.6368029380496762,0.36319706195032375
11274,YDR221W YDR513W,0.0,NA,0.0011667574290186167,2850,19766,11275,0,0.4167773155114927,0.1260169791298196,1.0,0.6367707225927,0.36322927740730004
11275,YDR421W YER001W,0.0,NA,0.0011681346222758293,2850,19765,11276,0,0.41680682187011303,0.12602255140393545,1.0,0.6367385071357238,0.3632614928642763
11276,YPL111W YNR039C,0.0,NA,0.001168255927041173,2850,19764,11277,0,0.4168363282287333,0.12602812417086762,1.0,0.6367062916787475,0.3632937083212525
11277,YMR137C YPL116W,0.0,NA,0.001169227296486497,2850,19763,11278,0,0.4168658345873536,0.12603369743068146,1.0,0.6366740762217712,0.3633259237782288
11278,YBL061C YDL175C,0.0,NA,0.0011702502379193902,2850,19762,11279,0,0.41689534094597386,0.1260392711834424,1.0,0.6366418607647949,0.36335813923520505
11279,YOR219C YLR106C,0.0,NA,0.0011709444224834442,2850,19761,11280,0,0.4169248473045941,0.12604484542921587,1.0,0.6366096453078187,0.3633903546921813
11280,YNR041C YDR481C,0.0,NA,0.0011716819135472178,2850,19760,11281,0,0.4169543536632144,0.12605042016806722,1.0,0.6365774298508424,0.3634225701491576
11281,YGR283C YOR032C,0.0,NA,0.001171838608570397,2850,19759,11282,0,0.4169838600218347,0.12605599540006193,1.0,0.6365452143938661,0.3634547856061338
11282,YPL156C YLR003C,0.0,NA,0.0011731208069249988,2850,19758,11283,0,0.417013366380455,0.1260615711252654,1.0,0.63651299893689,0.3634870010631101
11283,YDL022W YKR054C,0.0,NA,0.0011737110326066613,2850,19757,11284,0,0.41704287273907525,0.12606714734374308,1.0,0.6364807834799137,0.36351921652008634
11284,YLR298C YOR370C,0.0,NA,0.0011741756461560726,2850,19756,11285,0,0.41707237909769557,0.12607272405556047,1.0,0.6364485680229374,0.3635514319770626
11285,YDR150W YCL044C,0.0,NA,0.0011757061583921313,2850,19755,11286,0,0.4171018854563158,0.126078301260783,1.0,0.6364163525659612,0.36358364743403887
11286,YIL007C YFR040W,0.0,NA,0.001177423633635044,2850,19754,11287,0,0.41713139181493614,0.1260838789594762,1.0,0.6363841371089849,0.3636158628910151
11287,YDR253C YGL192W,0.0,NA,0.0011779817286878824,2850,19753,11288,0,0.4171608981735564,0.12608945715170553,1.0,0.6363519216520086,0.36364807834799134
11288,YDR373W YNL065W,0.0,NA,0.00117831164970994,2850,19752,11289,0,0.4171904045321767,0.1260950358375365,1.0,0.6363197061950324,0.36368029380496764
11289,YMR014W YAL028W,0.0,NA,0.0011783778900280595,2850,19751,11290,0,0.41721991089079696,0.12610061501703465,1.0,0.6362874907380561,0.3637125092619439
11290,YGL203C YNR064C,0.0,NA,0.0011800465872511268,2850,19750,11291,0,0.4172494172494173,0.1261061946902655,1.0,0.6362552752810798,0.36374472471892016
11291,YNL021W YGR275W,0.0,NA,0.00118041702080518,2850,19749,11292,0,0.41727892360803753,0.12611177485729458,1.0,0.6362230598241037,0.3637769401758964
11292,YCR024C-A YDR177W,0.0,NA,0.0011813449673354626,2850,19748,11293,0,0.4173084299666578,0.12611735551818745,1.0,0.6361908443671274,0.36380915563287264
11293,YPL065W YFL034C-A,0.0,NA,0.0011815143516287208,2850,19747,11294,0,0.4173379363252781,0.1261229366730097,1.0,0.6361586289101511,0.36384137108984893
11294,YPL082C YJR137C,0.0,NA,0.0011816511396318674,2850,19746,11295,0,0.41736744268389836,0.12612851832182687,1.0,0.6361264134531749,0.36387358654682517
11295,YDR536W YOR159C,0.0,NA,0.0011822229716926813,2850,19745,11296,0,0.4173969490425187,0.12613410046470458,1.0,0.6360941979961986,0.3639058020038014
11296,YIR022W YPL147W,0.0,NA,0.0011825434630736709,2850,19744,11297,0,0.41742645540113893,0.12613968310170842,1.0,0.6360619825392223,0.3639380174607777
11297,YKR082W YAL023C,0.0,NA,0.0011837915517389774,2850,19743,11298,0,0.41745596175975924,0.126145266232904,1.0,0.636029767082246,0.36397023291775393
11298,YGL203C YPL248C,0.0,NA,0.0011844971450045705,2850,19742,11299,0,0.4174854681183795,0.12615084985835695,1.0,0.6359975516252698,0.36400244837473017
11299,YJL130C YPL130W,0.0,NA,0.0011847008718177676,2850,19741,11300,0,0.4175149744769998,0.1261564339781329,1.0,0.6359653361682935,0.36403466383170646
11300,YER099C YOR332W,0.0,NA,0.0011868660803884268,2850,19740,11301,0,0.41754448083562007,0.12616201859229748,1.0,0.6359331207113172,0.3640668792886827
11301,YDR408C YMR299C,0.0,NA,0.0011878336081281304,2850,19739,11302,0,0.4175739871942404,0.12616760370091637,1.0,0.6359009052543411,0.364099094745659
11302,YDL140C YBR189W,0.0,NA,0.0011879366356879473,2850,19738,11303,0,0.41760349355286064,0.12617318930405524,1.0,0.6358686897973648,0.3641313102026352
11303,YNR059W YDR075W,0.0,NA,0.001188084832392633,2850,19737,11304,0,0.41763299991148095,0.1261787754017798,1.0,0.6358364743403885,0.36416352565961146
11304,YOR255W YOR003W,0.0,NA,0.0011882093967869878,2850,19736,11305,0,0.4176625062701012,0.12618436199415567,1.0,0.6358042588834123,0.36419574111658776
11305,YDL235C YMR264W,0.0,NA,0.0011886298889294267,2850,19735,11306,0,0.41769201262872147,0.12618994908124861,1.0,0.635772043426436,0.364227956573564
11306,YPL239W YMR204C,0.0,NA,0.0011890658643096685,2850,19734,11307,0,0.4177215189873418,0.12619553666312433,1.0,0.6357398279694597,0.36426017203054023
11307,YLR386W YNL067W,0.0,NA,0.0011897983495146036,2850,19733,11308,0,0.41775102534596203,0.12620112473984857,1.0,0.6357076125124835,0.3642923874875165
11308,YBL028C YNL158W,0.0,NA,0.0011901349062100053,2850,19732,11309,0,0.41778053170458235,0.12620671331148703,1.0,0.6356753970555072,0.36432460294449276
11309,YDL017W YBR203W,0.0,NA,0.0011913265334442258,2850,19731,11310,0,0.4178100380632026,0.1262123023781055,1.0,0.635643181598531,0.36435681840146905
11310,YJL034W YPL259C,0.0,NA,0.0011927265441045165,2850,19730,11311,0,0.4178395444218229,0.1262178919397697,1.0,0.6356109661415548,0.3643890338584453
11311,YGR255C YKL196C,0.0,NA,0.0011933378409594297,2850,19729,11312,0,0.4178690507804432,0.12622348199654546,1.0,0.6355787506845785,0.3644212493154215
11312,YDR108W YOL044W,0.0,NA,0.0011941418051719666,2850,19728,11313,0,0.4178985571390635,0.12622907254849855,1.0,0.6355465352276022,0.3644534647723978
11313,YLR071C YIL159W,0.0,NA,0.0011943562421947718,2850,19727,11314,0,0.41792806349768374,0.12623466359569474,1.0,0.635514319770626,0.36448568022937405
11314,YGL045W YPR042C,0.0,NA,0.0011948728933930397,2850,19726,11315,0,0.41795756985630406,0.12624025513819986,1.0,0.6354821043136497,0.3645178956863503
11315,YBR086C YHR101C,0.0,NA,0.0011975441593676805,2850,19725,11316,0,0.4179870762149243,0.12624584717607973,1.0,0.6354498888566734,0.3645501111433266
11316,YPL019C YMR247C,0.0,NA,0.0011976223904639482,2850,19724,11317,0,0.4180165825735446,0.1262514397094002,1.0,0.6354176733996971,0.3645823266003028
11317,YPR110C YLR447C,0.0,NA,0.001198049634695053,2850,19723,11318,0,0.4180460889321649,0.12625703273822708,1.0,0.6353854579427209,0.36461454205727906
11318,YNL281W YGR113W,0.0,NA,0.0011980844428762794,2850,19722,11319,0,0.41807559529078514,0.12626262626262627,1.0,0.6353532424857447,0.36464675751425535
11319,YMR037C YOR279C,0.0,NA,0.0011980850249528885,2850,19721,11320,0,0.41810510164940545,0.1262682202826636,1.0,0.6353210270287684,0.3646789729712316
11320,YPL204W YNL255C,0.0,NA,0.0011983326403424144,2850,19720,11321,0,0.4181346080080257,0.12627381479840497,1.0,0.6352888115717922,0.3647111884282079
11321,YPL110C YBR077C,0.0,NA,0.001198633573949337,2850,19719,11322,0,0.418164114366646,0.12627940980991625,1.0,0.6352565961148159,0.3647434038851841
11322,YJR105W YGL195W,0.0,NA,0.0011986511526629329,2850,19718,11323,0,0.4181936207252663,0.1262850053172634,1.0,0.6352243806578396,0.36477561934216035
11323,YGR105W YKL067W,0.0,NA,0.001199450227431953,2850,19717,11324,0,0.4182231270838866,0.12629060132051226,1.0,0.6351921652008634,0.36480783479913664
11324,YDR281C YIL082W-A,0.0,NA,0.001201921608299017,2850,19716,11325,0,0.41825263344250685,0.12629619781972878,1.0,0.6351599497438871,0.3648400502561129
11325,YHR174W YPR162C,0.0,NA,0.0012064639013260603,2850,19715,11326,0,0.41828213980112716,0.12630179481497894,1.0,0.6351277342869108,0.3648722657130891
11326,YNL007C YBR132C,0.0,NA,0.001206493703648448,2850,19714,11327,0,0.4183116461597474,0.12630739230632868,1.0,0.6350955188299346,0.3649044811700654
11327,YNL232W YAL036C,0.0,NA,0.0012073967372998595,2850,19713,11328,0,0.41834115251836773,0.1263129902938439,1.0,0.6350633033729584,0.36493669662704165
11328,YNR041C YML046W,0.0,NA,0.0012075814884155989,2850,19712,11329,0,0.418370658876988,0.12631858877759064,1.0,0.6350310879159821,0.36496891208401794
11329,YOR079C YBR105C,0.0,NA,0.0012078270083293319,2850,19711,11330,0,0.4184001652356083,0.12632418775763485,1.0,0.6349988724590059,0.3650011275409942
11330,YMR199W YLR195C,0.0,NA,0.0012091167736798525,2850,19710,11331,0,0.41842967159422856,0.12632978723404256,1.0,0.6349666570020296,0.3650333429979704
11331,YDR385W YFR036W,0.0,NA,0.0012091818498447537,2850,19709,11332,0,0.4184591779528488,0.12633538720687973,1.0,0.6349344415450533,0.3650655584549467
11332,YNL051W YCR033W,0.0,NA,0.0012110762763768435,2850,19708,11333,0,0.41848868431146913,0.12634098767621244,1.0,0.634902226088077,0.36509777391192294
11333,YGL119W YBR016W,0.0,NA,0.0012113358825445175,2850,19707,11334,0,0.4185181906700894,0.12634658864210666,1.0,0.6348700106311008,0.3651299893688992
11334,YLR453C YDR212W,0.0,NA,0.0012120116734877229,2850,19706,11335,0,0.4185476970287097,0.12635219010462848,1.0,0.6348377951741245,0.36516220482587547
11335,YGL191W YLR260W,0.0,NA,0.0012124330969527364,2850,19705,11336,0,0.41857720338732995,0.12635779206384393,1.0,0.6348055797171482,0.3651944202828517
11336,YOR373W YAL067C,0.0,NA,0.0012132422998547554,2850,19704,11337,0,0.41860670974595027,0.1263633945198191,1.0,0.6347733642601721,0.36522663573982794
11337,YBR057C YIR034C,0.0,NA,0.0012139971368014812,2850,19703,11338,0,0.4186362161045705,0.12636899747262004,1.0,0.6347411488031958,0.36525885119680424
11338,YLR128W YOR273C,0.0,NA,0.0012147114612162113,2850,19702,11339,0,0.41866572246319084,0.12637460092231287,1.0,0.6347089333462195,0.36529106665378047
11339,YLR085C YIL013C,0.0,NA,0.0012147942325100303,2850,19701,11340,0,0.4186952288218111,0.12638020486896367,1.0,0.6346767178892433,0.36532328211075676
11340,YER110C YDR362C,0.0,NA,0.0012151129776611924,2850,19700,11341,0,0.4187247351804314,0.12638580931263857,1.0,0.634644502432267,0.365355497567733
11341,YAL012W YIL026C,0.0,NA,0.0012158325407654047,2850,19699,11342,0,0.41875424153905166,0.1263914142534037,1.0,0.6346122869752907,0.36538771302470924
11342,YLR078C YGL171W,0.0,NA,0.00121624197345227,2850,19698,11343,0,0.4187837478976719,0.12639701969132516,1.0,0.6345800715183145,0.36541992848168553
11343,YLR028C YOL013C,0.0,NA,0.0012163486098870635,2850,19697,11344,0,0.41881325425629223,0.12640262562646915,1.0,0.6345478560613382,0.36545214393866177
11344,YBR083W YMR062C,0.0,NA,0.0012164332438260317,2850,19696,11345,0,0.4188427606149125,0.1264082320589018,1.0,0.6345156406043619,0.365484359395638
11345,YPL179W YOL003C,0.0,NA,0.0012184219667688012,2850,19695,11346,0,0.4188722669735328,0.1264138389886893,1.0,0.6344834251473858,0.3655165748526143
11346,YAL056W YDR213W,0.0,NA,0.0012185971718281507,2850,19694,11347,0,0.41890177333215306,0.1264194464158978,1.0,0.6344512096904095,0.36554879030959053
11347,YOR284W YNL084C,0.0,NA,0.0012189639965072274,2850,19693,11348,0,0.4189312796907734,0.12642505434059353,1.0,0.6344189942334332,0.3655810057665668
11348,YER096W YIR031C,0.0,NA,0.0012192589929327369,2850,19692,11349,0,0.41896078604939363,0.1264306627628427,1.0,0.634386778776457,0.36561322122354306
11349,YHL028W YOL109W,0.0,NA,0.001219628262333572,2850,19691,11350,0,0.41899029240801394,0.12643627168271152,1.0,0.6343545633194807,0.3656454366805193
11350,YNL240C YOR288C,0.0,NA,0.0012202465441077948,2850,19690,11351,0,0.4190197987666342,0.1264418811002662,1.0,0.6343223478625044,0.3656776521374956
11351,YDR253C YEL036C,0.0,NA,0.001220851088874042,2850,19689,11352,0,0.4190493051252545,0.126447491015573,1.0,0.6342901324055281,0.3657098675944718
11352,YCL033C YMR256C,0.0,NA,0.0012218015035614371,2850,19688,11353,0,0.41907881148387477,0.1264531014286982,1.0,0.6342579169485519,0.36574208305144806
11353,YNR075W YHR196W,0.0,NA,0.0012220563367009163,2850,19687,11354,0,0.4191083178424951,0.12645871233970804,1.0,0.6342257014915756,0.36577429850842436
11354,YDR538W YKR009C,0.0,NA,0.0012224521487951279,2850,19686,11355,0,0.41913782420111534,0.12646432374866878,1.0,0.6341934860345994,0.3658065139654006
11355,YIR011C YDR545W,0.0,NA,0.0012233916204422712,2850,19685,11356,0,0.4191673305597356,0.12646993565564676,1.0,0.6341612705776232,0.36583872942237683
11356,YDR232W YHR112C,0.0,NA,0.0012238152557983994,2850,19684,11357,0,0.4191968369183559,0.12647554806070826,1.0,0.6341290551206469,0.3658709448793531
11357,YOR377W YNL068C,0.0,NA,0.0012243761448189616,2850,19683,11358,0,0.41922634327697617,0.1264811609639196,1.0,0.6340968396636706,0.36590316033632936
11358,YBL071W-A YLL040C,0.0,NA,0.0012244397075846791,2850,19682,11359,0,0.4192558496355965,0.12648677436534705,1.0,0.6340646242066944,0.36593537579330565
11359,YEL051W YGL062W,0.0,NA,0.0012244903482496738,2850,19681,11360,0,0.41928535599421674,0.12649238826505704,1.0,0.6340324087497181,0.3659675912502819
11360,YFL025C YPL209C,0.0,NA,0.0012251728912815452,2850,19680,11361,0,0.41931486235283705,0.12649800266311584,1.0,0.6340001932927418,0.3659998067072581
11361,YKL122C YGL162W,0.0,NA,0.001225357293151319,2850,19679,11362,0,0.4193443687114573,0.12650361755958986,1.0,0.6339679778357656,0.3660320221642344
11362,YER054C YNL194C,0.0,NA,0.00122556509450078,2850,19678,11363,0,0.4193738750700776,0.12650923295454544,1.0,0.6339357623787893,0.36606423762121065
11363,YMR226C YNL236W,0.0,NA,0.0012256911722943187,2850,19677,11364,0,0.4194033814286979,0.126514848848049,1.0,0.633903546921813,0.3660964530781869
11364,YKR053C Q0275,0.0,NA,0.0012261314550414681,2850,19676,11365,0,0.4194328877873182,0.1265204652401669,1.0,0.6338713314648369,0.3661286685351632
11365,YPL235W YIL036W,0.0,NA,0.001227526692673564,2850,19675,11366,0,0.41946239414593844,0.12652608213096558,1.0,0.6338391160078606,0.3661608839921394
11366,YLR003C YCL037C,0.0,NA,0.0012290042359381914,2850,19674,11367,0,0.41949190050455876,0.12653169952051146,1.0,0.6338069005508843,0.3661930994491157
11367,YKL025C YMR112C,0.0,NA,0.0012299669906497002,2850,19673,11368,0,0.419521406863179,0.12653731740887092,1.0,0.6337746850939081,0.36622531490609195
11368,YNL103W YHL020C,0.0,NA,0.0012301122769713402,2850,19672,11369,0,0.41955091322179927,0.12654293579611048,1.0,0.6337424696369318,0.3662575303630682
11369,YHR107C YPL036W,0.0,NA,0.0012301737442612648,2850,19671,11370,0,0.4195804195804196,0.12654855468229653,1.0,0.6337102541799555,0.3662897458200445
11370,YMR226C YOR346W,0.0,NA,0.0012305763084441423,2850,19670,11371,0,0.41960992593903984,0.12655417406749556,1.0,0.6336780387229792,0.3663219612770207
11371,YOL162W YOR167C,0.0,NA,0.0012307181023061275,2850,19669,11372,0,0.41963943229766015,0.12655979395177405,1.0,0.633645823266003,0.36635417673399695
11372,YKL007W YHR181W,0.0,NA,0.0012310195015743375,2850,19668,11373,0,0.4196689386562804,0.1265654143351985,1.0,0.6336136078090268,0.36638639219097324
11373,YER123W YOR163W,0.0,NA,0.001231537782587111,2850,19667,11374,0,0.4196984450149007,0.12657103521783541,1.0,0.6335813923520505,0.3664186076479495
11374,YLR308W YGL208W,0.0,NA,0.001234198804013431,2850,19666,11375,0,0.419727951373521,0.12657665659975129,1.0,0.6335491768950743,0.3664508231049257
11375,YIL042C YEL024W,0.0,NA,0.0012349942699074745,2850,19665,11376,0,0.4197574577321413,0.12658227848101267,1.0,0.633516961438098,0.366483038561902
11376,YHR150W YLR430W,0.0,NA,0.0012353836791589856,2850,19664,11377,0,0.41978696409076155,0.12658790086168606,1.0,0.6334847459811217,0.36651525401887824
11377,YGR255C YLR237W,0.0,NA,0.0012353883357718587,2850,19663,11378,0,0.41981647044938186,0.12659352374183805,1.0,0.6334525305241455,0.36654746947585454
11378,YNL277W YDL148C,0.0,NA,0.0012366605224087834,2850,19662,11379,0,0.4198459768080021,0.1265991471215352,1.0,0.6334203150671692,0.3665796849328308
11379,YOL032W YEL026W,0.0,NA,0.0012367829913273454,2850,19661,11380,0,0.41987548316662243,0.12660477100084402,1.0,0.6333880996101929,0.366611900389807
11380,YML065W YJL164C,0.0,NA,0.0012372949859127402,2850,19660,11381,0,0.4199049895252427,0.12661039537983118,1.0,0.6333558841532168,0.3666441158467833
11381,YLR438W YMR194W,0.0,NA,0.0012376609956845641,2850,19659,11382,0,0.41993449588386295,0.12661602025856325,1.0,0.6333236686962405,0.36667633130375954
11382,YJL056C YBL050W,0.0,NA,0.0012376663507893682,2850,19658,11383,0,0.41996400224248326,0.12662164563710682,1.0,0.6332914532392642,0.3667085467607358
11383,YGR283C YLR285W,0.0,NA,0.0012381868436932564,2850,19657,11384,0,0.4199935086011035,0.1266272715155285,1.0,0.633259237782288,0.36674076221771207
11384,YDR299W YNL067W,0.0,NA,0.0012386125745251775,2850,19656,11385,0,0.42002301495972383,0.12663289789389495,1.0,0.6332270223253117,0.3667729776746883
11385,YGR191W YOR247W,0.0,NA,0.0012397622922435403,2850,19655,11386,0,0.4200525213183441,0.12663852477227283,1.0,0.6331948068683354,0.3668051931316646
11386,YHR068W YNL082W,0.0,NA,0.0012405100278556347,2850,19654,11387,0,0.4200820276769644,0.12664415215072877,1.0,0.6331625914113592,0.36683740858864083
11387,YOR363C YDL076C,0.0,NA,0.0012405584566295147,2850,19653,11388,0,0.42011153403558466,0.12664978002932942,1.0,0.6331303759543829,0.36686962404561707
11388,YJL137C YOR021C,0.0,NA,0.0012408326147124171,2850,19652,11389,0,0.42014104039420497,0.1266554084081415,1.0,0.6330981604974066,0.36690183950259336
11389,YPL089C YBR012W-B,0.0,NA,0.0012419671984389424,2850,19651,11390,0,0.4201705467528252,0.1266610372872317,1.0,0.6330659450404303,0.3669340549595696
11390,YGR184C YNL101W,0.0,NA,0.00124211679212749,2850,19650,11391,0,0.42020005311144554,0.12666666666666668,1.0,0.6330337295834542,0.36696627041654584
11391,YDL131W YFL018C,0.0,NA,0.0012424095766618848,2850,19649,11392,0,0.4202295594700658,0.12667229654651319,1.0,0.6330015141264779,0.36699848587352213
11392,Q0160 YLL063C,0.0,NA,0.001242597820237279,2850,19648,11393,0,0.4202590658286861,0.12667792692683794,1.0,0.6329692986695016,0.36703070133049837
11393,YEL056W YGL148W,0.0,NA,0.0012431062059476972,2850,19647,11394,0,0.42028857218730636,0.12668355780770768,1.0,0.6329370832125254,0.36706291678747466
11394,YJL087C YCL025C,0.0,NA,0.0012437754776328802,2850,19646,11395,0,0.4203180785459266,0.1266891891891892,1.0,0.6329048677555491,0.3670951322444509
11395,YNL096C YGR221C,0.0,NA,0.001247929991222918,2850,19645,11396,0,0.42034758490454693,0.1266948210713492,1.0,0.6328726522985728,0.36712734770142713
11396,YDL060W YGR148C,0.0,NA,0.0012488348875194788,2850,19644,11397,0,0.4203770912631672,0.12670045345425446,1.0,0.6328404368415966,0.3671595631584034
11397,YLR256W YOR126C,0.0,NA,0.0012502368772402406,2850,19643,11398,0,0.4204065976217875,0.1267060863379718,1.0,0.6328082213846203,0.36719177861537966
11398,YGR002C YOL103W,0.0,NA,0.0012502713361755013,2850,19642,11399,0,0.42043610398040776,0.12671171972256803,1.0,0.632776005927644,0.3672239940723559
11399,YJL039C YDL113C,0.0,NA,0.0012508126674219966,2850,19641,11400,0,0.4204656103390281,0.1267173536081099,1.0,0.6327437904706679,0.3672562095293322
11400,YHR001W YMR162C,0.0,NA,0.0012511505046859384,2850,19640,11401,0,0.42049511669764833,0.1267229879946643,1.0,0.6327115750136916,0.3672884249863084
11401,YKR054C YPR111W,0.0,NA,0.0012526983628049493,2850,19639,11402,0,0.42052462305626864,0.12672862288229803,1.0,0.6326793595567153,0.36732064044328466
11402,YLR452C YPR134W,0.0,NA,0.0012527412036433816,2850,19638,11403,0,0.4205541294148889,0.1267342582710779,1.0,0.6326471440997391,0.36735285590026096
11403,YCR038C YGR289C,0.0,NA,0.0012534717097878456,2850,19637,11404,0,0.4205836357735092,0.12673989416107084,1.0,0.6326149286427628,0.3673850713572372
11404,YIL005W YPL127C,0.0,NA,0.0012534830020740628,2850,19636,11405,0,0.42061314213212947,0.1267455305523437,1.0,0.6325827131857865,0.3674172868142135
11405,YPL058C YPL084W,0.0,NA,0.0012561548501253128,2850,19635,11406,0,0.4206426484907498,0.12675116744496331,1.0,0.6325504977288103,0.3674495022711897
11406,YIL077C YKR090W,0.0,NA,0.0012561609037220478,2850,19634,11407,0,0.42067215484937004,0.12675680483899662,1.0,0.632518282271834,0.36748171772816596
11407,YDL122W YPL027W,0.0,NA,0.001256361254490912,2850,19633,11408,0,0.4207016612079903,0.1267624427345105,1.0,0.6324860668148578,0.36751393318514225
11408,YLR098C YLR019W,0.0,NA,0.0012564851203933358,2850,19632,11409,0,0.4207311675666106,0.12676808113157192,1.0,0.6324538513578815,0.3675461486421185
11409,YKL017C YCR086W,0.0,NA,0.0012565737124532461,2850,19631,11410,0,0.42076067392523087,0.12677372003024776,1.0,0.6324216359009053,0.3675783640990947
11410,YNL074C YNL236W,0.0,NA,0.001257066847756505,2850,19630,11411,0,0.4207901802838512,0.12677935943060498,1.0,0.632389420443929,0.367610579556071
11411,YIL046W YER078C,0.0,NA,0.0012591831618919969,2850,19629,11412,0,0.42081968664247144,0.12678499933271054,1.0,0.6323572049869527,0.36764279501304725
11412,YNL313C YGR229C,0.0,NA,0.001259804586879909,2850,19628,11413,0,0.42084919300109175,0.12679063973663138,1.0,0.6323249895299765,0.36767501047002354
11413,YNL192W YPL243W,0.0,NA,0.001259837532415986,2850,19627,11414,0,0.420878699359712,0.12679628064243448,1.0,0.6322927740730002,0.3677072259269998
11414,YKR079C YLR441C,0.0,NA,0.001260895747691393,2850,19626,11415,0,0.4209082057183323,0.12680192205018687,1.0,0.6322605586160239,0.367739441383976
11415,YKR097W YKR035W-A,0.0,NA,0.0012613143771886826,2850,19625,11416,0,0.4209377120769526,0.12680756395995552,1.0,0.6322283431590477,0.3677716568409523
11416,YLR459W YPR149W,0.0,NA,0.0012614392908290029,2850,19624,11417,0,0.4209672184355729,0.12681320637180743,1.0,0.6321961277020715,0.36780387229792855
11417,YFL034C-B YDL125C,0.0,NA,0.0012626649113371968,2850,19623,11418,0,0.42099672479419314,0.12681884928580964,1.0,0.6321639122450952,0.3678360877549048
11418,YOR358W YLR401C,0.0,NA,0.001264010788872838,2850,19622,11419,0,0.42102623115281346,0.1268244927020292,1.0,0.632131696788119,0.3678683032118811
11419,YGR027C YER075C,0.0,NA,0.001265843864530325,2850,19621,11420,0,0.4210557375114337,0.12683013662053313,1.0,0.6320994813311427,0.3679005186688573
11420,YOL061W YMR075W,0.0,NA,0.0012661657528951764,2850,19620,11421,0,0.42108524387005397,0.1268357810413885,1.0,0.6320672658741664,0.36793273412583355
11421,YBR049C YIL082W-A,0.0,NA,0.0012666445691138506,2850,19619,11422,0,0.4211147502286743,0.1268414259646624,1.0,0.6320350504171902,0.36796494958280984
11422,YDR195W YNR046W,0.0,NA,0.0012667544651776552,2850,19618,11423,0,0.42114425658729454,0.12684707139042192,1.0,0.6320028349602139,0.3679971650397861
11423,YDR221W YJR010W,0.0,NA,0.0012669330462813377,2850,19617,11424,0,0.42117376294591485,0.12685271731873415,1.0,0.6319706195032376,0.36802938049676237
11424,YLR262C YKL040C,0.0,NA,0.0012684229295700788,2850,19616,11425,0,0.4212032693045351,0.12685836374966616,1.0,0.6319384040462614,0.3680615959537386
11425,YIL018W YCR094W,0.0,NA,0.0012693885946646333,2850,19615,11426,0,0.4212327756631554,0.12686401068328512,1.0,0.6319061885892852,0.36809381141071484
11426,YPL031C YPL008W,0.0,NA,0.0012705577537417412,2850,19614,11427,0,0.4212622820217757,0.1268696581196581,1.0,0.6318739731323089,0.36812602686769114
11427,YLR318W YFR036W,0.0,NA,0.0012710158480331302,2850,19613,11428,0,0.421291788380396,0.12687530605885233,1.0,0.6318417576753326,0.3681582423246674
11428,YPL095C YIL124W,0.0,NA,0.001271239249035716,2850,19612,11429,0,0.42132129473901625,0.12688095450093492,1.0,0.6318095422183564,0.3681904577816436
11429,YPR137W YPR187W,0.0,NA,0.0012715674238279462,2850,19611,11430,0,0.42135080109763656,0.12688660344597302,1.0,0.6317773267613801,0.3682226732386199
11430,YBR123C YMR036C,0.0,NA,0.001272638444788754,2850,19610,11431,0,0.4213803074562568,0.12689225289403383,1.0,0.6317451113044038,0.36825488869559614
11431,YDL140C YML001W,0.0,NA,0.0012732071336358786,2850,19609,11432,0,0.42140981381487713,0.12689790284518457,1.0,0.6317128958474276,0.36828710415257243
11432,YKR063C YPL256C,0.0,NA,0.0012760278768837452,2850,19608,11433,0,0.4214393201734974,0.12690355329949238,1.0,0.6316806803904513,0.36831931960954867
11433,YLR248W YJL190C,0.0,NA,0.001276689232327044,2850,19607,11434,0,0.42146882653211765,0.12690920425702454,1.0,0.631648464933475,0.3683515350665249
11434,YLL057C YFR029W,0.0,NA,0.0012767092557623982,2850,19606,11435,0,0.42149833289073796,0.12691485571784825,1.0,0.6316162494764989,0.3683837505235012
11435,YMR036C YDR434W,0.0,NA,0.0012775273062288761,2850,19605,11436,0,0.4215278392493582,0.12692050768203073,1.0,0.6315840340195226,0.36841596598047743
11436,YLR139C YBR142W,0.0,NA,0.0012788805179297924,2850,19604,11437,0,0.42155734560797853,0.12692616014963926,1.0,0.6315518185625463,0.36844818143745367
11437,YJR075W YDR522C,0.0,NA,0.001279938849620521,2850,19603,11438,0,0.4215868519665988,0.12693181312074112,1.0,0.6315196031055701,0.36848039689442996
11438,YPR139C YKR062W,0.0,NA,0.001280452124774456,2850,19602,11439,0,0.4216163583252191,0.12693746659540353,1.0,0.6314873876485938,0.3685126123514062
11439,YML043C YDL056W,0.0,NA,0.001280537573620677,2850,19601,11440,0,0.42164586468383936,0.12694312057369384,1.0,0.6314551721916175,0.36854482780838244
11440,YCR040W YER133W,0.0,NA,0.001281349454075098,2850,19600,11441,0,0.42167537104245967,0.12694877505567928,1.0,0.6314229567346413,0.36857704326535873
11441,YGL045W YLL012W,0.0,NA,0.0012816686648875475,2850,19599,11442,0,0.4217048774010799,0.12695443004142723,1.0,0.631390741277665,0.36860925872233496
11442,YOR087W YPR145W,0.0,NA,0.0012840188574045897,2850,19598,11443,0,0.42173438375970024,0.126960085531005,1.0,0.6313585258206887,0.36864147417931126
11443,YML016C YNL162W,0.0,NA,0.0012845747405663133,2850,19597,11444,0,0.4217638901183205,0.1269657415244799,1.0,0.6313263103637126,0.3686736896362875
11444,YIL099W YAL022C,0.0,NA,0.0012847564648836851,2850,19596,11445,0,0.4217933964769408,0.12697139802191929,1.0,0.6312940949067363,0.36870590509326373
11445,YPL130W YBR050C,0.0,NA,0.0012849969789385796,2850,19595,11446,0,0.42182290283556106,0.12697705502339052,1.0,0.63126187944976,0.36873812055024
11446,YMR091C YMR121C,0.0,NA,0.0012850214261561632,2850,19594,11447,0,0.4218524091941813,0.12698271252896096,1.0,0.6312296639927837,0.36877033600721626
11447,YLL028W YEL069C,0.0,NA,0.0012850716011598706,2850,19593,11448,0,0.42188191555280163,0.12698837053869805,1.0,0.6311974485358075,0.3688025514641925
11448,YNL047C YKL126W,0.0,NA,0.0012851371429860592,2850,19592,11449,0,0.4219114219114219,0.1269940290526691,1.0,0.6311652330788312,0.3688347669211688
11449,YER138C YJR013W,0.0,NA,0.0012853519292548299,2850,19591,11450,0,0.4219409282700422,0.12699968807094159,1.0,0.6311330176218549,0.368866982378145
11450,YJL039C YNL088W,0.0,NA,0.0012856635730713606,2850,19590,11451,0,0.42197043462866246,0.1270053475935829,1.0,0.6311008021648787,0.3688991978351213
11451,YPL283C YNL329C,0.0,NA,0.0012869775528088212,2850,19589,11452,0,0.4219999409872828,0.12701100762066045,1.0,0.6310685867079024,0.36893141329209755
11452,YER123W YDR085C,0.0,NA,0.0012877819826826453,2850,19588,11453,0,0.42202944734590303,0.12701666815224175,1.0,0.6310363712509262,0.3689636287490738
11453,YNL232W YIR027C,0.0,NA,0.0012887610355392098,2850,19587,11454,0,0.42205895370452334,0.12702232918839418,1.0,0.63100415579395,0.3689958442060501
11454,YBL039C YJL127C,0.0,NA,0.001289428910240531,2850,19586,11455,0,0.4220884600631436,0.12702799072918525,1.0,0.6309719403369737,0.3690280596630263
11455,YPR079W YPR060C,0.0,NA,0.0012894523097202182,2850,19585,11456,0,0.4221179664217639,0.12703365277468243,1.0,0.6309397248799974,0.36906027512000256
11456,YGL063W YPR122W,0.0,NA,0.001295283087529242,2850,19584,11457,0,0.42214747278038417,0.1270393153249532,1.0,0.6309075094230212,0.36909249057697885
11457,YPL258C YER029C,0.0,NA,0.0012958229053765535,2850,19583,11458,0,0.4221769791390045,0.1270449783800651,1.0,0.6308752939660449,0.3691247060339551
11458,YNL183C YDR372C,0.0,NA,0.0012963229091838002,2850,19582,11459,0,0.42220648549762474,0.12705064194008558,1.0,0.6308430785090686,0.3691569214909313
11459,YGR261C YDR331W,0.0,NA,0.0012970151146873832,2850,19581,11460,0,0.422235991856245,0.12705630600508225,1.0,0.6308108630520924,0.3691891369479076
11460,YCL011C YGL063W,0.0,NA,0.001297520473599434,2850,19580,11461,0,0.4222654982148653,0.1270619705751226,1.0,0.6307786475951161,0.36922135240488385
11461,YEL022W YNL004W,0.0,NA,0.0012977446895092726,2850,19579,11462,0,0.42229500457348557,0.1270676356502742,1.0,0.6307464321381399,0.36925356786186014
11462,YPL058C YOR193W,0.0,NA,0.001299473224207759,2850,19578,11463,0,0.4223245109321059,0.1270733012306046,1.0,0.6307142166811637,0.3692857833188364
11463,YDL118W YPR008W,0.0,NA,0.0012998160673305392,2850,19577,11464,0,0.42235401729072614,0.1270789673161814,1.0,0.6306820012241874,0.3693179987758126
11464,YCR018C YCR073W-A,0.0,NA,0.0013002259656786919,2850,19576,11465,0,0.42238352364934645,0.12708463390707214,1.0,0.6306497857672111,0.3693502142327889
11465,YAR018C YOR270C,0.0,NA,0.001301450072787702,2850,19575,11466,0,0.4224130300079667,0.12709030100334448,1.0,0.6306175703102348,0.36938242968976515
11466,YKR038C YEL069C,0.0,NA,0.0013015758013352752,2850,19574,11467,0,0.422442536366587,0.127095968605066,1.0,0.6305853548532586,0.3694146451467414
11467,YOR113W YHR023W,0.0,NA,0.0013054842129349709,2850,19573,11468,0,0.4224720427252073,0.12710163671230432,1.0,0.6305531393962823,0.3694468606037177
11468,YHL033C YAL053W,0.0,NA,0.001305683865211904,2850,19572,11469,0,0.4225015490838276,0.1271073053251271,1.0,0.630520923939306,0.3694790760606939
11469,YKL156W YHR098C,0.0,NA,0.0013059568591415882,2850,19571,11470,0,0.42253105544244784,0.12711297444360198,1.0,0.6304887084823299,0.3695112915176702
11470,YBL035C YLR087C,0.0,NA,0.001306349877268076,2850,19570,11471,0,0.42256056180106816,0.1271186440677966,1.0,0.6304564930253536,0.36954350697464644
11471,YOL110W YBL026W,0.0,NA,0.001306689577177167,2850,19569,11472,0,0.4225900681596884,0.12712431419777867,1.0,0.6304242775683773,0.3695757224316227
11472,YFR003C YNL272C,0.0,NA,0.0013087390689179301,2850,19568,11473,0,0.42261957451830867,0.12712998483361584,1.0,0.6303920621114011,0.36960793788859897
11473,YGR002C YLR401C,0.0,NA,0.0013099424540996552,2850,19567,11474,0,0.422649080876929,0.12713565597537582,1.0,0.6303598466544248,0.3696401533455752
11474,YGL151W YBR008C,0.0,NA,0.0013105202233418822,2850,19566,11475,0,0.42267858723554924,0.12714132762312633,1.0,0.6303276311974485,0.36967236880255144
11475,YER119C YAL007C,0.0,NA,0.0013110183645039797,2850,19565,11476,0,0.42270809359416955,0.12714699977693508,1.0,0.6302954157404723,0.36970458425952774
11476,YML114C YBR249C,0.0,NA,0.001311341766268015,2850,19564,11477,0,0.4227375999527898,0.1271526724368698,1.0,0.630263200283496,0.36973679971650397
11477,YMR137C YMR236W,0.0,NA,0.0013130265288054943,2850,19563,11478,0,0.4227671063114101,0.12715834560299827,1.0,0.6302309848265197,0.3697690151734802
11478,YPL130W YPL026C,0.0,NA,0.0013144791591912508,2850,19562,11479,0,0.4227966126700304,0.12716401927538817,1.0,0.6301987693695436,0.3698012306304565
11479,YNL298W YDR295C,0.0,NA,0.0013155712513253093,2850,19561,11480,0,0.4228261190286507,0.12716969345410736,1.0,0.6301665539125673,0.36983344608743274
11480,YDL059C YFR004W,0.0,NA,0.0013168568257242441,2850,19560,11481,0,0.42285562538727095,0.12717536813922356,1.0,0.630134338455591,0.36986566154440903
11481,YJL106W YAL001C,0.0,NA,0.001316985348239541,2850,19559,11482,0,0.42288513174589126,0.1271810433308046,1.0,0.6301021229986148,0.36989787700138527
11482,YDR160W YDR432W,0.0,NA,0.00131809723097831,2850,19558,11483,0,0.4229146381045115,0.12718671902891823,1.0,0.6300699075416385,0.3699300924583615
11483,YBR114W YLR055C,0.0,NA,0.0013207109877839684,2850,19557,11484,0,0.42294414446313183,0.12719239523363235,1.0,0.6300376920846622,0.3699623079153378
11484,YBR068C YDR245W,0.0,NA,0.0013213111087679863,2850,19556,11485,0,0.4229736508217521,0.12719807194501473,1.0,0.6300054766276859,0.36999452337231403
11485,YHR089C YDR217C,0.0,NA,0.0013218593085184693,2850,19555,11486,0,0.42300315718037235,0.12720374916313323,1.0,0.6299732611707097,0.37002673882929027
11486,YDL005C YKL114C,0.0,NA,0.0013230124022811651,2850,19554,11487,0,0.42303266353899266,0.1272094268880557,1.0,0.6299410457137334,0.37005895428626656
11487,YPL249C YNL327W,0.0,NA,0.0013243511784821749,2850,19553,11488,0,0.4230621698976129,0.12721510511985,1.0,0.6299088302567571,0.3700911697432428
11488,YPL160W YOR288C,0.0,NA,0.0013243568828329444,2850,19552,11489,0,0.42309167625623323,0.12722078385858404,1.0,0.629876614799781,0.3701233852002191
11489,YOL069W YOR180C,0.0,NA,0.0013269458431750536,2850,19551,11490,0,0.4231211826148535,0.1272264631043257,1.0,0.6298443993428047,0.3701556006571953
11490,YIL159W YMR077C,0.0,NA,0.0013274690136313438,2850,19550,11491,0,0.4231506889734738,0.12723214285714285,1.0,0.6298121838858284,0.37018781611417156
11491,YNL145W YGL115W,0.0,NA,0.001327470294199884,2850,19549,11492,0,0.42318019533209406,0.12723782311710344,1.0,0.6297799684288522,0.37022003157114786
11492,YJR041C YNL039W,0.0,NA,0.0013280141865834594,2850,19548,11493,0,0.42320970169071437,0.12724350388427538,1.0,0.6297477529718759,0.3702522470281241
11493,YOR021C YDR075W,0.0,NA,0.0013283872976899147,2850,19547,11494,0,0.4232392080493346,0.1272491851587266,1.0,0.6297155375148996,0.37028446248510033
11494,YGR255C YAL021C,0.0,NA,0.0013299639103934169,2850,19546,11495,0,0.42326871440795494,0.1272548669405251,1.0,0.6296833220579234,0.3703166779420766
11495,YPL027W YBR223C,0.0,NA,0.0013332823291420937,2850,19545,11496,0,0.4232982207665752,0.12726054922973878,1.0,0.6296511066009471,0.37034889339905286
11496,YNL307C YMR069W,0.0,NA,0.001333944732323289,2850,19544,11497,0,0.42332772712519545,0.12726623202643567,1.0,0.6296188911439708,0.3703811088560291
11497,YHR172W YBR050C,0.0,NA,0.0013340013101696968,2850,19543,11498,0,0.42335723348381576,0.1272719153306837,1.0,0.6295866756869947,0.3704133243130054
11498,YHL043W YIL150C,0.0,NA,0.00133481714874506,2850,19542,11499,0,0.423386739842436,0.1272775991425509,1.0,0.6295544602300184,0.3704455397699816
11499,YER009W YJL178C,0.0,NA,0.0013352750102058053,2850,19541,11500,0,0.42341624620105633,0.12728328346210532,1.0,0.6295222447730421,0.3704777552269579
11500,YJR119C YDR314C,0.0,NA,0.0013356043491512537,2850,19540,11501,0,0.4234457525596766,0.1272889682894149,1.0,0.6294900293160659,0.37050997068393415
11501,YLR185W YLR147C,0.0,NA,0.001336381072178483,2850,19539,11502,0,0.4234752589182969,0.12729465362454778,1.0,0.6294578138590896,0.3705421861409104
11502,YDL044C YHL040C,0.0,NA,0.001336419372819364,2850,19538,11503,0,0.42350476527691716,0.1273003394675719,1.0,0.6294255984021133,0.3705744015978867
11503,YKR099W YHL002W,0.0,NA,0.0013379253214225173,2850,19537,11504,0,0.4235342716355375,0.1273060258185554,1.0,0.629393382945137,0.3706066170548629
11504,YGL113W YOL049W,0.0,NA,0.0013380348682403564,2850,19536,11505,0,0.42356377799415773,0.12731171267756633,1.0,0.6293611674881608,0.37063883251183916
11505,YMR162C YOL105C,0.0,NA,0.0013410961255431175,2850,19535,11506,0,0.42359328435277804,0.12731740004467276,1.0,0.6293289520311846,0.37067104796881545
11506,YJL129C YOR287C,0.0,NA,0.0013412461848929524,2850,19534,11507,0,0.4236227907113983,0.12732308791994282,1.0,0.6292967365742083,0.3707032634257917
11507,YBR101C YDL125C,0.0,NA,0.0013431444531306624,2850,19533,11508,0,0.4236522970700186,0.12732877630344458,1.0,0.6292645211172321,0.370735478882768
11508,YNL021W YCR028C,0.0,NA,0.001343817450106144,2850,19532,11509,0,0.42368180342863887,0.1273344651952462,1.0,0.6292323056602558,0.3707676943397442
11509,YCR028C YKR002W,0.0,NA,0.001343831536360085,2850,19531,11510,0,0.4237113097872591,0.12734015459541576,1.0,0.6292000902032795,0.37079990979672045
11510,YGR140W YIL023C,0.0,NA,0.001344771939329803,2850,19530,11511,0,0.42374081614587944,0.12734584450402145,1.0,0.6291678747463033,0.37083212525369674
11511,YFR052W YPL145C,0.0,NA,0.0013468555407598615,2850,19529,11512,0,0.4237703225044997,0.1273515349211314,1.0,0.629135659289327,0.370864340710673
11512,YOR092W YJL219W,0.0,NA,0.0013471825513988733,2850,19528,11513,0,0.42379982886312,0.12735722584681383,1.0,0.6291034438323507,0.3708965561676492
11513,YER144C YNL080C,0.0,NA,0.00134822609834373,2850,19527,11514,0,0.42382933522174027,0.12736291728113688,1.0,0.6290712283753745,0.3709287716246255
11514,YLR128W YOR117W,0.0,NA,0.001349064172245562,2850,19526,11515,0,0.4238588415803606,0.12736860922416876,1.0,0.6290390129183983,0.37096098708160175
11515,YOL008W YFL033C,0.0,NA,0.0013517463812604547,2850,19525,11516,0,0.42388834793898084,0.12737430167597766,1.0,0.629006797461422,0.37099320253857804
11516,YNL053W YPR107C,0.0,NA,0.0013539663050323725,2850,19524,11517,0,0.42391785429760115,0.1273799946366318,1.0,0.6289745820044458,0.3710254179955543
11517,YBR167C YJL085W,0.0,NA,0.0013543377863243222,2850,19523,11518,0,0.4239473606562214,0.12738568810619944,1.0,0.6289423665474695,0.3710576334525305
11518,YML071C YER015W,0.0,NA,0.0013559736544266343,2850,19522,11519,0,0.4239768670148417,0.1273913820847488,1.0,0.6289101510904932,0.3710898489095068
11519,YLR333C YDR501W,0.0,NA,0.0013565827393904328,2850,19521,11520,0,0.424006373373462,0.12739707657234814,1.0,0.628877935633517,0.37112206436648304
11520,YPL138C YGR065C,0.0,NA,0.0013565827393904328,2850,19520,11521,0,0.4240358797320823,0.1274027715690657,1.0,0.6288457201765407,0.3711542798234593
11521,YLL021W YGL169W,0.0,NA,0.0013589574955403805,2850,19519,11522,0,0.42406538609070255,0.12740846707496983,1.0,0.6288135047195644,0.37118649528043557
11522,YLR015W YOR288C,0.0,NA,0.001359461690299213,2850,19518,11523,0,0.4240948924493228,0.12741416309012876,1.0,0.6287812892625881,0.3712187107374118
11523,YNL007C YDR261C,0.0,NA,0.0013607097789645195,2850,19517,11524,0,0.4241243988079431,0.1274198596146108,1.0,0.628749073805612,0.37125092619438804
11524,YMR266W YGL170C,0.0,NA,0.0013622845290228724,2850,19516,11525,0,0.42415390516656337,0.12742555664848432,1.0,0.6287168583486357,0.37128314165136433
11525,YBR166C YHR160C,0.0,NA,0.0013623624108731747,2850,19515,11526,0,0.4241834115251837,0.12743125419181758,1.0,0.6286846428916594,0.37131535710834057
11526,YHR172W YNL015W,0.0,NA,0.0013628884917125106,2850,19514,11527,0,0.42421291788380394,0.12743695224467894,1.0,0.6286524274346832,0.37134757256531686
11527,YGL070C YJL189W,0.0,NA,0.0013634903589263558,2850,19513,11528,0,0.42424242424242425,0.1274426508071368,1.0,0.6286202119777069,0.3713797880222931
11528,YMR263W YPL268W,0.0,NA,0.0013638597447425127,2850,19512,11529,0,0.4242719306010445,0.12744834987925946,1.0,0.6285879965207306,0.37141200347926934
11529,YAL019W YGL223C,0.0,NA,0.0013642768608406186,2850,19511,11530,0,0.4243014369596648,0.12745404946111533,1.0,0.6285557810637544,0.37144421893624563
11530,YHR067W YDL143W,0.0,NA,0.0013642995618283749,2850,19510,11531,0,0.4243309433182851,0.1274597495527728,1.0,0.6285235656067781,0.37147643439322187
11531,YCR038C YMR065W,0.0,NA,0.0013649279717355967,2850,19509,11532,0,0.4243604496769054,0.12746545015430027,1.0,0.6284913501498018,0.3715086498501981
11532,YJL044C YHR073W,0.0,NA,0.0013654368231073022,2850,19508,11533,0,0.42438995603552565,0.12747115126576616,1.0,0.6284591346928257,0.3715408653071744
11533,YBR093C YAL042W,0.0,NA,0.0013665544101968408,2850,19507,11534,0,0.42441946239414596,0.1274768528872389,1.0,0.6284269192358494,0.37157308076415063
11534,YML113W YBL093C,0.0,NA,0.0013669716427102685,2850,19506,11535,0,0.4244489687527662,0.1274825550187869,1.0,0.6283947037788731,0.3716052962211269
11535,YDR122W YMR001C,0.0,NA,0.0013683782890439034,2850,19505,11536,0,0.4244784751113865,0.12748825766047864,1.0,0.6283624883218969,0.37163751167810316
11536,YFR046C YOR368W,0.0,NA,0.001368726952932775,2850,19504,11537,0,0.4245079814700068,0.12749396081238257,1.0,0.6283302728649206,0.3716697271350794
11537,YOR070C YOR386W,0.0,NA,0.0013693124055862427,2850,19503,11538,0,0.42453748782862705,0.12749966447456718,1.0,0.6282980574079443,0.3717019425920557
11538,YNL197C YMR145C,0.0,NA,0.0013700703857466578,2850,19502,11539,0,0.42456699418724736,0.12750536864710094,1.0,0.6282658419509681,0.3717341580490319
11539,YOR265W YPL209C,0.0,NA,0.0013706386089324951,2850,19501,11540,0,0.4245965005458676,0.12751107333005235,1.0,0.6282336264939918,0.37176637350600816
11540,YPL051W YIL132C,0.0,NA,0.0013710205676034093,2850,19500,11541,0,0.42462600690448793,0.12751677852348994,1.0,0.6282014110370155,0.37179858896298446
11541,YPR108W YGR175C,0.0,NA,0.0013710466446354985,2850,19499,11542,0,0.4246555132631082,0.12752248422748222,1.0,0.6281691955800393,0.3718308044199607
11542,YLL028W YOR354C,0.0,NA,0.0013712478103116155,2850,19498,11543,0,0.4246850196217285,0.12752819044209773,1.0,0.6281369801230631,0.37186301987693693
11543,YIL071C YCR105W,0.0,NA,0.0013714944943785667,2850,19497,11544,0,0.42471452598034876,0.127533897167405,1.0,0.6281047646660868,0.3718952353339132
11544,YAR007C YBR040W,0.0,NA,0.0013722294243052602,2850,19496,11545,0,0.42474403233896907,0.12753960440347265,1.0,0.6280725492091105,0.37192745079088946
11545,YDR436W YBR218C,0.0,NA,0.0013732904335483909,2850,19495,11546,0,0.4247735386975893,0.1275453121503692,1.0,0.6280403337521343,0.37195966624786575
11546,YOR190W YLL043W,0.0,NA,0.0013747279299423099,2850,19494,11547,0,0.42480304505620964,0.12755102040816327,1.0,0.628008118295158,0.371991881704842
11547,YGL252C YBR008C,0.0,NA,0.0013750748476013541,2850,19493,11548,0,0.4248325514148299,0.12755672917692343,1.0,0.6279759028381817,0.3720240971618182
11548,YBL085W YPR023C,0.0,NA,0.0013760790461674333,2850,19492,11549,0,0.42486205777345015,0.1275624384567183,1.0,0.6279436873812055,0.3720563126187945
11549,YPL242C YCL052C,0.0,NA,0.0013770228251814842,2850,19491,11550,0,0.42489156413207047,0.1275681482476165,1.0,0.6279114719242292,0.37208852807577075
11550,YGL067W YLR260W,0.0,NA,0.0013775370316579938,2850,19490,11551,0,0.4249210704906907,0.12757385854968667,1.0,0.627879256467253,0.372120743532747
11551,YNL264C YMR065W,0.0,NA,0.001378673012368381,2850,19489,11552,0,0.42495057684931103,0.12757956936299744,1.0,0.6278470410102768,0.3721529589897233
11552,YGL008C YIL052C,0.0,NA,0.0013813902623951435,2850,19488,11553,0,0.4249800832079313,0.1275852806876175,1.0,0.6278148255533005,0.3721851744466995
11553,YPL144W YMR297W,0.0,NA,0.0013819857267662883,2850,19487,11554,0,0.4250095895665516,0.12759099252361553,1.0,0.6277826100963242,0.3722173899036758
11554,YNL241C YLR074C,0.0,NA,0.0013823537155985832,2850,19486,11555,0,0.42503909592517186,0.12759670487106017,1.0,0.627750394639348,0.37224960536065205
11555,YCR024C-A YDR037W,0.0,NA,0.0013826433569192886,2850,19485,11556,0,0.4250686022837922,0.12760241773002015,1.0,0.6277181791823717,0.3722818208176283
11556,YCL011C YGL095C,0.0,NA,0.0013826920185238123,2850,19484,11557,0,0.42509810864241243,0.12760813110056415,1.0,0.6276859637253954,0.3723140362746046
11557,YNL327W YGL065C,0.0,NA,0.0013837090227752924,2850,19483,11558,0,0.42512761500103274,0.12761384498276093,1.0,0.6276537482684192,0.3723462517315808
11558,YOR307C YML004C,0.0,NA,0.0013867649249732494,2850,19482,11559,0,0.425157121359653,0.1276195593766792,1.0,0.627621532811443,0.37237846718855705
11559,YIL049W YFL025C,0.0,NA,0.001387189608067274,2850,19481,11560,0,0.4251866277182733,0.1276252742823877,1.0,0.6275893173544667,0.37241068264553334
11560,YBR156C YJL113W,0.0,NA,0.0013887579552829266,2850,19480,11561,0,0.42521613407689357,0.1276309896999552,1.0,0.6275571018974904,0.3724428981025096
11561,YPL121C YJL198W,0.0,NA,0.001389736426062882,2850,19479,11562,0,0.4252456404355138,0.12763670562945048,1.0,0.6275248864405142,0.3724751135594858
11562,YIL042C YPR120C,0.0,NA,0.0013902367791160941,2850,19478,11563,0,0.42527514679413414,0.1276424220709423,1.0,0.6274926709835379,0.3725073290164621
11563,YLL031C YOL121C,0.0,NA,0.0013912632130086422,2850,19477,11564,0,0.4253046531527544,0.12764813902449948,1.0,0.6274604555265616,0.37253954447343834
11564,YGR007W YGL032C,0.0,NA,0.001391477882862091,2850,19476,11565,0,0.4253341595113747,0.12765385649019081,1.0,0.6274282400695854,0.37257175993041464
11565,YLR044C YBR193C,0.0,NA,0.0013921731151640415,2850,19475,11566,0,0.42536366586999497,0.1276595744680851,1.0,0.6273960246126091,0.3726039753873909
11566,YNR008W YLR022C,0.0,NA,0.0013930689310654998,2850,19474,11567,0,0.4253931722286153,0.12766529295825121,1.0,0.6273638091556328,0.3726361908443671
11567,YPL038W YML001W,0.0,NA,0.0013938872143626213,2850,19473,11568,0,0.42542267858723554,0.12767101196075797,1.0,0.6273315936986567,0.3726684063013434
11568,YBR131W YFR032C-A,0.0,NA,0.001394946943037212,2850,19472,11569,0,0.42545218494585585,0.1276767314756742,1.0,0.6272993782416804,0.37270062175831964
11569,YPL001W YHR166C,0.0,NA,0.0013950871070846915,2850,19471,11570,0,0.4254816913044761,0.12768245150306887,1.0,0.6272671627847041,0.3727328372152959
11570,YPL094C YPL241C,0.0,NA,0.0013968086568638682,2850,19470,11571,0,0.4255111976630964,0.12768817204301075,1.0,0.6272349473277279,0.37276505267227217
11571,YML051W YPR023C,0.0,NA,0.0013971937587484717,2850,19469,11572,0,0.4255407040217167,0.1276938930955688,1.0,0.6272027318707516,0.3727972681292484
11572,YLR313C YGR024C,0.0,NA,0.001398088177666068,2850,19468,11573,0,0.425570210380337,0.1276996146608119,1.0,0.6271705164137753,0.3728294835862247
11573,YER123W YBR237W,0.0,NA,0.0013983399840071797,2850,19467,11574,0,0.42559971673895725,0.127705336738809,1.0,0.6271383009567991,0.37286169904320093
11574,YMR217W YLR192C,0.0,NA,0.0013983446406200528,2850,19466,11575,0,0.4256292230975775,0.12771105932962898,1.0,0.6271060854998228,0.37289391450017717
11575,YLR324W YOL016C,0.0,NA,0.0013989133294671774,2850,19465,11576,0,0.4256587294561978,0.1277167824333408,1.0,0.6270738700428465,0.37292612995715346
11576,YOR151C YBR038W,0.0,NA,0.0013993916800245643,2850,19464,11577,0,0.4256882358148181,0.12772250605001345,1.0,0.6270416545858702,0.3729583454141297
11577,YDR211W YMR139W,0.0,NA,0.0014001668896526098,2850,19463,11578,0,0.4257177421734384,0.12772823017971585,1.0,0.6270094391288941,0.37299056087110594
11578,YBR012W-A YHR062C,0.0,NA,0.0014010572340339422,2850,19462,11579,0,0.42574724853205864,0.12773395482251704,1.0,0.6269772236719178,0.37302277632808223
11579,YER008C YJR010C-A,0.0,NA,0.0014012280153110623,2850,19461,11580,0,0.42577675489067895,0.12773967997848595,1.0,0.6269450082149415,0.37305499178505847
11580,YPR190C YDL192W,0.0,NA,0.0014014348853379488,2850,19460,11581,0,0.4258062612492992,0.12774540564769163,1.0,0.6269127927579653,0.3730872072420347
11581,YDR381W YPL131W,0.0,NA,0.001402795547619462,2850,19459,11582,0,0.4258357676079195,0.12775113183020306,1.0,0.626880577300989,0.373119422699011
11582,YDL190C YBR299W,0.0,NA,0.0014029104495421052,2850,19458,11583,0,0.4258652739665398,0.12775685852608928,1.0,0.6268483618440127,0.37315163815598723
11583,YPL076W YOR250C,0.0,NA,0.0014029197627678514,2850,19457,11584,0,0.4258947803251601,0.12776258573541938,1.0,0.6268161463870365,0.3731838536129635
11584,YGL208W YNL244C,0.0,NA,0.0014040713431313634,2850,19456,11585,0,0.42592428668378035,0.12776831345826234,1.0,0.6267839309300602,0.37321606906993976
11585,YMR220W YIL045W,0.0,NA,0.0014047219883650541,2850,19455,11586,0,0.42595379304240066,0.12777404169468728,1.0,0.626751715473084,0.373248284526916
11586,YLL004W YNL202W,0.0,NA,0.0014063335256651044,2850,19454,11587,0,0.4259832994010209,0.12777977044476327,1.0,0.6267195000161078,0.3732804999838923
11587,YOL068C YOR043W,0.0,NA,0.0014078543754294515,2850,19453,11588,0,0.4260128057596412,0.12778549970855937,1.0,0.6266872845591315,0.3733127154408685
11588,YER055C YDR392W,0.0,NA,0.0014083599671721458,2850,19452,11589,0,0.4260423121182615,0.12779122948614474,1.0,0.6266550691021552,0.37334493089784476
11589,YMR091C YHR092C,0.0,NA,0.0014089260948821902,2850,19451,11590,0,0.42607181847688175,0.12779695977758845,1.0,0.626622853645179,0.37337714635482105
11590,YAL011W YOR103C,0.0,NA,0.0014110597549006343,2850,19450,11591,0,0.42610132483550206,0.12780269058295965,1.0,0.6265906381882027,0.3734093618117973
11591,YHL015W YOR216C,0.0,NA,0.0014118864201009274,2850,19449,11592,0,0.4261308311941223,0.12780842190232747,1.0,0.6265584227312264,0.3734415772687736
11592,YGL113W YJR068W,0.0,NA,0.0014129073824733496,2850,19448,11593,0,0.42616033755274263,0.12781415373576105,1.0,0.6265262072742502,0.3734737927257498
11593,YDR310C YDL214C,0.0,NA,0.0014139754930511117,2850,19447,11594,0,0.4261898439113629,0.1278198860833296,1.0,0.6264939918172739,0.37350600818272606
11594,YLR145W YGR286C,0.0,NA,0.0014141660649329424,2850,19446,11595,0,0.4262193502699832,0.12782561894510225,1.0,0.6264617763602977,0.37353822363970235
11595,YGR032W YNL062C,0.0,NA,0.0014143323060125113,2850,19445,11596,0,0.42624885662860346,0.12783135232114823,1.0,0.6264295609033214,0.3735704390966786
11596,YBR111W-A YGR230W,0.0,NA,0.0014148281188681722,2850,19444,11597,0,0.42627836298722377,0.12783708621153675,1.0,0.6263973454463452,0.3736026545536548
11597,YGR254W YNL141W,0.0,NA,0.0014163501327857375,2850,19443,11598,0,0.426307869345844,0.12784282061633698,1.0,0.6263651299893689,0.3736348700106311
11598,YHR214C-B YKL139W,0.0,NA,0.001418287749402225,2850,19442,11599,0,0.42633737570446434,0.12784855553561816,1.0,0.6263329145323926,0.37366708546760735
11599,YOR032C YBL037W,0.0,NA,0.0014195186085999012,2850,19441,11600,0,0.4263668820630846,0.12785429096944956,1.0,0.6263006990754164,0.3736993009245836
11600,YDR325W YPL228W,0.0,NA,0.0014202590100467205,2850,19440,11601,0,0.42639638842170485,0.1278600269179004,1.0,0.6262684836184401,0.3737315163815599
11601,YOR002W YMR125W,0.0,NA,0.0014208981301635504,2850,19439,11602,0,0.42642589478032517,0.12786576338103997,1.0,0.6262362681614638,0.3737637318385361
11602,YER019W YCL034W,0.0,NA,0.0014216270064935088,2850,19438,11603,0,0.4264554011389454,0.12787150035893755,1.0,0.6262040527044876,0.3737959472955124
11603,YGR281W YPR049C,0.0,NA,0.0014218537835404277,2850,19437,11604,0,0.42648490749756574,0.1278772378516624,1.0,0.6261718372475114,0.37382816275248865
11604,YNL219C YDR466W,0.0,NA,0.0014222465688362718,2850,19436,11605,0,0.426514413856186,0.12788297585928385,1.0,0.6261396217905351,0.3738603782094649
11605,YNL159C YOR198C,0.0,NA,0.0014231163077056408,2850,19435,11606,0,0.4265439202148063,0.12788871438187122,1.0,0.6261074063335589,0.3738925936664412
11606,YLR406C YNL222W,0.0,NA,0.0014236979186534882,2850,19434,11607,0,0.42657342657342656,0.12789445341949382,1.0,0.6260751908765826,0.3739248091234174
11607,YLL038C YDR225W,0.0,NA,0.001423787442035973,2850,19433,11608,0,0.4266029329320469,0.12790019297222097,1.0,0.6260429754196063,0.37395702458039365
11608,YAL051W YDR007W,0.0,NA,0.0014240117743611336,2850,19432,11609,0,0.42663243929066713,0.12790593304012207,1.0,0.6260107599626301,0.37398924003736994
11609,YGL162W YOR090C,0.0,NA,0.0014257215661928058,2850,19431,11610,0,0.42666194564928744,0.12791167362326647,1.0,0.6259785445056538,0.3740214554943462
11610,YBR247C YGR217W,0.0,NA,0.0014262505574151874,2850,19430,11611,0,0.4266914520079077,0.12791741472172352,1.0,0.6259463290486775,0.37405367095132247
11611,YIR034C YML008C,0.0,NA,0.001426358358003199,2850,19429,11612,0,0.426720958366528,0.12792315633556264,1.0,0.6259141135917013,0.3740858864082987
11612,YLR026C YDR113C,0.0,NA,0.0014271329855546355,2850,19428,11613,0,0.42675046472514827,0.12792889846485322,1.0,0.6258818981347251,0.37411810186527494
11613,YOR328W YDR394W,0.0,NA,0.001427444745786488,2850,19427,11614,0,0.42677997108376853,0.12793464110966468,1.0,0.6258496826777488,0.37415031732225124
11614,YKR022C YLR026C,0.0,NA,0.001429154654033482,2850,19426,11615,0,0.42680947744238884,0.12794038427006643,1.0,0.6258174672207725,0.3741825327792275
11615,YIR022W YOR209C,0.0,NA,0.0014313454739749432,2850,19425,11616,0,0.4268389838010091,0.12794612794612795,1.0,0.6257852517637963,0.3742147482362037
11616,YNR023W YOR315W,0.0,NA,0.0014320558402687311,2850,19424,11617,0,0.4268684901596294,0.12795187213791864,1.0,0.62575303630682,0.37424696369318
11617,YPL283C YOR202W,0.0,NA,0.0014325720258057117,2850,19423,11618,0,0.42689799651824967,0.12795761684550802,1.0,0.6257208208498437,0.37427917915015624
11618,YDL122W YGL195W,0.0,NA,0.00143405981361866,2850,19422,11619,0,0.42692750287687,0.12796336206896552,1.0,0.6256886053928675,0.3743113946071325
11619,YOL151W YHR203C,0.0,NA,0.0014341998612508178,2850,19421,11620,0,0.42695700923549024,0.12796910780836065,1.0,0.6256563899358912,0.37434361006410877
11620,YJL097W YHR013C,0.0,NA,0.0014344478258863091,2850,19420,11621,0,0.42698651559411055,0.1279748540637629,1.0,0.6256241744789149,0.374375825521085
11621,YOR134W YLR007W,0.0,NA,0.0014344853116199374,2850,19419,11622,0,0.4270160219527308,0.12798060083524182,1.0,0.6255919590219388,0.3744080409780613
11622,YDR122W YMR047C,0.0,NA,0.0014355246676132083,2850,19418,11623,0,0.4270455283113511,0.12798634812286688,1.0,0.6255597435649625,0.37444025643503753
11623,YPL164C YGR074W,0.0,NA,0.0014358704211190343,2850,19417,11624,0,0.4270750346699714,0.12799209592670768,1.0,0.6255275281079862,0.37447247189201377
11624,YBR095C YDR310C,0.0,NA,0.0014374781167134643,2850,19416,11625,0,0.4271045410285917,0.12799784424683375,1.0,0.62549531265101,0.37450468734899006
11625,YJR073C YML107C,0.0,NA,0.0014378997730091214,2850,19415,11626,0,0.42713404738721195,0.12800359308331463,1.0,0.6254630971940337,0.3745369028059663
11626,YDR122W YPR034W,0.0,NA,0.0014379010535776615,2850,19414,11627,0,0.4271635537458322,0.12800934243621992,1.0,0.6254308817370574,0.37456911826294254
11627,YPL148C YDR108W,0.0,NA,0.001437916187569499,2850,19413,11628,0,0.4271930601044525,0.1280150923056192,1.0,0.6253986662800812,0.3746013337199188
11628,YBR015C YKR059W,0.0,NA,0.0014379833592101932,2850,19412,11629,0,0.4272225664630728,0.12802084269158207,1.0,0.6253664508231049,0.37463354917689506
11629,YCR031C YMR143W,0.0,NA,0.0014388106064870954,2850,19411,11630,0,0.4272520728216931,0.12802659359417817,1.0,0.6253342353661286,0.37466576463387136
11630,YDR196C YMR167W,0.0,NA,0.0014391286531463265,2850,19410,11631,0,0.42728157918031334,0.1280323450134771,1.0,0.6253020199091525,0.3746979800908476
11631,YFL037W YML074C,0.0,NA,0.0014393931487575173,2850,19409,11632,0,0.42731108553893365,0.12803809694954849,1.0,0.6252698044521762,0.37473019554782383
11632,YJL128C YHR106W,0.0,NA,0.0014395576436072588,2850,19408,11633,0,0.4273405918975539,0.12804384940246202,1.0,0.6252375889951999,0.3747624110048001
11633,Q0160 YDR362C,0.0,NA,0.0014400944346562028,2850,19407,11634,0,0.4273700982561742,0.12804960237228738,1.0,0.6252053735382236,0.37479462646177636
11634,YLL034C YOR354C,0.0,NA,0.0014404160901904106,2850,19406,11635,0,0.4273996046147945,0.12805535585909417,1.0,0.6251731580812474,0.3748268419187526
11635,YLR056W YLR106C,0.0,NA,0.001441027969121933,2850,19405,11636,0,0.4274291109734148,0.12806110986295213,1.0,0.6251409426242711,0.3748590573757289
11636,YMR307W YJR094C,0.0,NA,0.0014414589386433363,2850,19404,11637,0,0.42745861733203505,0.12806686438393097,1.0,0.6251087271672948,0.3748912728327051
11637,YHR043C YHR208W,0.0,NA,0.0014415776822715998,2850,19403,11638,0,0.42748812369065536,0.12807261942210038,1.0,0.6250765117103186,0.37492348828968136
11638,YPL007C YDL099W,0.0,NA,0.0014438802609220147,2850,19402,11639,0,0.4275176300492756,0.1280783749775301,1.0,0.6250442962533423,0.37495570374665765
11639,YNL309W YOR388C,0.0,NA,0.0014452663017436862,2850,19401,11640,0,0.4275471364078959,0.12808413105028987,1.0,0.625012080796366,0.3749879192036339
11640,YKL188C YDL076C,0.0,NA,0.0014457082143053412,2850,19400,11641,0,0.4275766427665162,0.12808988764044943,1.0,0.6249798653393899,0.3750201346606102
11641,YBR057C YGR208W,0.0,NA,0.0014458941295742989,2850,19399,11642,0,0.42760614912513645,0.12809564474807855,1.0,0.6249476498824136,0.3750523501175864
11642,YFR024C-A YLR248W,0.0,NA,0.0014466901775449514,2850,19398,11643,0,0.42763565548375676,0.12810140237324702,1.0,0.6249154344254373,0.37508456557456266
11643,YLR389C YML098W,0.0,NA,0.0014478533994406462,2850,19397,11644,0,0.427665161842377,0.12810716051602464,1.0,0.6248832189684611,0.37511678103153895
11644,YJR042W YKR089C,0.0,NA,0.0014517039526253939,2850,19396,11645,0,0.42769466820099733,0.12811291917648115,1.0,0.6248510035114848,0.3751489964885152
11645,YDL122W YCR044C,0.0,NA,0.001452422235161066,2850,19395,11646,0,0.4277241745596176,0.12811867835468643,1.0,0.6248187880545085,0.3751812119454914
11646,YOR237W YBR086C,0.0,NA,0.0014525868464261293,2850,19394,11647,0,0.4277536809182379,0.1281244380507103,1.0,0.6247865725975323,0.3752134274024677
11647,YMR183C YGL203C,0.0,NA,0.0014530176995322108,2850,19393,11648,0,0.42778318727685816,0.12813019826462257,1.0,0.624754357140556,0.37524564285944395
11648,YOR377W YAL067C,0.0,NA,0.0014544042060151696,2850,19392,11649,0,0.42781269363547847,0.12813595899649313,1.0,0.6247221416835798,0.37527785831642024
11649,YML105C YER081W,0.0,NA,0.0014548072358593345,2850,19391,11650,0,0.4278421999940987,0.1281417202463918,1.0,0.6246899262266036,0.3753100737733965
11650,YJR044C YEL018W,0.0,NA,0.0014549409970641136,2850,19390,11651,0,0.427871706352719,0.1281474820143885,1.0,0.6246577107696273,0.3753422892303727
11651,YDR447C YNR064C,0.0,NA,0.0014556782552972436,2850,19389,11652,0,0.4279012127113393,0.12815324430055308,1.0,0.624625495312651,0.375374504687349
11652,YDR261C YLR260W,0.0,NA,0.0014571353094652295,2850,19388,11653,0,0.42793071906995955,0.12815900710495548,1.0,0.6245932798556747,0.37540672014432525
11653,YDL108W YDR050C,0.0,NA,0.0014575183158740401,2850,19387,11654,0,0.42796022542857987,0.1281647704276656,1.0,0.6245610643986985,0.3754389356013015
11654,YER114C YKR056W,0.0,NA,0.0014575384557247162,2850,19386,11655,0,0.4279897317872001,0.12817053426875338,1.0,0.6245288489417222,0.3754711510582778
11655,YDR515W YDR451C,0.0,NA,0.0014580825809389353,2850,19385,11656,0,0.42801923814582044,0.12817629862828872,1.0,0.6244966334847459,0.375503366515254
11656,YHR058C YNR057C,0.0,NA,0.0014597609406337142,2850,19384,11657,0,0.4280487445044407,0.12818206350634165,1.0,0.6244644180277698,0.3755355819722303
11657,YPL237W YPL116W,0.0,NA,0.001459830324165523,2850,19383,11658,0,0.428078250863061,0.12818782890298205,1.0,0.6244322025707935,0.37556779742920654
11658,YLR244C YDR369C,0.0,NA,0.0014645589981228113,2850,19382,11659,0,0.42810775722168126,0.12819359481827997,1.0,0.6243999871138172,0.3756000128861828
11659,YER025W YGL004C,0.0,NA,0.0014684245688840747,2850,19381,11660,0,0.4281372635803016,0.12819936125230533,1.0,0.624367771656841,0.37563222834315907
11660,YGR094W YMR049C,0.0,NA,0.0014689603121951222,2850,19380,11661,0,0.42816676993892183,0.1282051282051282,1.0,0.6243355561998647,0.3756644438001353
11661,YJR103W YLR113W,0.0,NA,0.0014691126998513937,2850,19379,11662,0,0.42819627629754214,0.12821089567681856,1.0,0.6243033407428884,0.37569665925711154
11662,YHR037W YDR244W,0.0,NA,0.001469282666221261,2850,19378,11663,0,0.4282257826561624,0.12821666366744647,1.0,0.6242711252859122,0.37572887471408783
11663,YBR060C YLR019W,0.0,NA,0.0014726523077115417,2850,19377,11664,0,0.42825528901478266,0.12822243217708193,1.0,0.6242389098289359,0.37576109017106407
11664,YGR041W YLL052C,0.0,NA,0.0014740306651219726,2850,19376,11665,0,0.42828479537340297,0.128228201205795,1.0,0.6242066943719596,0.3757933056280403
11665,YMR312W YER133W,0.0,NA,0.0014740489423274994,2850,19375,11666,0,0.42831430173202323,0.12823397075365578,1.0,0.6241744789149835,0.3758255210850166
11666,YIL035C YDL141W,0.0,NA,0.001475886907428503,2850,19374,11667,0,0.42834380809064354,0.12823974082073433,1.0,0.6241422634580072,0.37585773654199284
11667,YFL017C YGR288W,0.0,NA,0.0014760189224034548,2850,19373,11668,0,0.4283733144492638,0.12824551140710075,1.0,0.6241100480010309,0.37588995199896913
11668,YFR003C YBR042C,0.0,NA,0.0014761216007173061,2850,19372,11669,0,0.4284028208078841,0.12825128251282514,1.0,0.6240778325440547,0.37592216745594537
11669,YFR046C YLR242C,0.0,NA,0.0014761987840756774,2850,19371,11670,0,0.42843232716650437,0.12825705413797758,1.0,0.6240456170870784,0.3759543829129216
11670,YDL019C YDR420W,0.0,NA,0.0014763070503249764,2850,19370,11671,0,0.4284618335251247,0.12826282628262825,1.0,0.6240134016301021,0.3759865983698979
11671,YHR043C YLL039C,0.0,NA,0.0014771915739402175,2850,19369,11672,0,0.42849133988374494,0.1282685989468473,1.0,0.6239811861731258,0.37601881382687413
11672,YJL081C YOR143C,0.0,NA,0.0014785397797822952,2850,19368,11673,0,0.42852084624236525,0.12827437213070483,1.0,0.6239489707161496,0.37605102928385037
11673,YOR083W YML099C,0.0,NA,0.0014792622532695532,2850,19367,11674,0,0.4285503526009855,0.12828014583427105,1.0,0.6239167552591733,0.37608324474082666
11674,YBR079C YML004C,0.0,NA,0.0014796947361901402,2850,19366,11675,0,0.4285798589596058,0.12828592005761613,1.0,0.623884539802197,0.3761154601978029
11675,YNR050C YOR320C,0.0,NA,0.0014798484044149518,2850,19365,11676,0,0.4286093653182261,0.12829169480081026,1.0,0.6238523243452209,0.3761476756547792
11676,YJR051W YJR077C,0.0,NA,0.0014799167402088642,2850,19364,11677,0,0.42863887167684633,0.12829747006392364,1.0,0.6238201088882446,0.3761798911117554
11677,YGL144C YMR001C,0.0,NA,0.0014806356048211455,2850,19363,11678,0,0.42866837803546665,0.12830324584702651,1.0,0.6237878934312683,0.37621210656873166
11678,YCL020W YHR044C,0.0,NA,0.0014808338601142168,2850,19362,11679,0,0.4286978843940869,0.12830902215018908,1.0,0.6237556779742921,0.37624432202570796
11679,YAL029C YCL043C,0.0,NA,0.0014813259476795793,2850,19361,11680,0,0.4287273907527072,0.1283147989734816,1.0,0.6237234625173158,0.3762765374826842
11680,YBR048W YGR197C,0.0,NA,0.0014818677445873618,2850,19360,11681,0,0.4287568971113275,0.12832057631697433,1.0,0.6236912470603395,0.37630875293966043
11681,YPL110C YBL063W,0.0,NA,0.0014828176936134696,2850,19359,11682,0,0.4287864034699478,0.12832635418073754,1.0,0.6236590316033633,0.3763409683966367
11682,YER125W YPL164C,0.0,NA,0.001483022584579885,2850,19358,11683,0,0.42881590982856804,0.1283321325648415,1.0,0.623626816146387,0.37637318385361296
11683,YGR289C YPL126W,0.0,NA,0.0014832400484010577,2850,19357,11684,0,0.42884541618718836,0.1283379114693565,1.0,0.6235946006894107,0.3764053993105892
11684,YBR002C YOL039W,0.0,NA,0.001484752749092877,2850,19356,11685,0,0.4288749225458086,0.12834369089435288,1.0,0.6235623852324346,0.3764376147675655
11685,YER133W YOR040W,0.0,NA,0.0014856148045510054,2850,19355,11686,0,0.4289044289044289,0.12834947083990092,1.0,0.6235301697754583,0.3764698302245417
11686,YPL252C YLR080W,0.0,NA,0.0014861886156722903,2850,19354,11687,0,0.4289339352630492,0.12835525130607098,1.0,0.623497954318482,0.376502045681518
11687,YOR328W YNL318C,0.0,NA,0.0014871470630168915,2850,19353,11688,0,0.4289634416216695,0.12836103229293339,1.0,0.6234657388615058,0.37653426113849425
11688,YJL012C YHR136C,0.0,NA,0.0014878808287903666,2850,19352,11689,0,0.42899294798028975,0.1283668138005585,1.0,0.6234335234045295,0.3765664765954705
11689,YOR319W YBL079W,0.0,NA,0.0014884639531373978,2850,19351,11690,0,0.42902245433891,0.12837259582901672,1.0,0.6234013079475532,0.3765986920524468
11690,YOR374W YER087C-B,0.0,NA,0.001489121001213789,2850,19350,11691,0,0.4290519606975303,0.12837837837837837,1.0,0.6233690924905769,0.376630907509423
11691,YPL267W YOR190W,0.0,NA,0.001489826594479382,2850,19349,11692,0,0.4290814670561506,0.1283841614487139,1.0,0.6233368770336007,0.37666312296639926
11692,YPL188W YLR223C,0.0,NA,0.0014905616408213973,2850,19348,11693,0,0.4291109734147709,0.1283899450400937,1.0,0.6233046615766245,0.37669533842337555
11693,YKR101W YLR087C,0.0,NA,0.0014913538470864296,2850,19347,11694,0,0.42914047977339115,0.12839572915258818,1.0,0.6232724461196482,0.3767275538803518
11694,YER064C YPR129W,0.0,NA,0.0014932197518646717,2850,19346,11695,0,0.42916998613201146,0.1284015137862678,1.0,0.623240230662672,0.3767597693373281
11695,YOR020C YDR434W,0.0,NA,0.0014939038082957268,2850,19345,11696,0,0.4291994924906317,0.12840729894120298,1.0,0.6232080152056957,0.3767919847943043
11696,YIL040W YDR178W,0.0,NA,0.0014942794805392623,2850,19344,11697,0,0.42922899884925203,0.12841308461746417,1.0,0.6231757997487194,0.37682420025128055
11697,YMR246W YIR041W,0.0,NA,0.0014943107962608337,2850,19343,11698,0,0.4292585052078723,0.12841887081512188,1.0,0.6231435842917432,0.37685641570825684
11698,YGR116W YHR148W,0.0,NA,0.0014953226782381535,2850,19342,11699,0,0.4292880115664926,0.1284246575342466,1.0,0.6231113688347669,0.3768886311652331
11699,YPL117C YBR299W,0.0,NA,0.0014953740173950791,2850,19341,11700,0,0.42931751792511286,0.12843044477490875,1.0,0.6230791533777906,0.3769208466222093
11700,YOR132W YMR299C,0.0,NA,0.0014979379484429955,2850,19340,11701,0,0.42934702428373317,0.1284362325371789,1.0,0.6230469379208144,0.3769530620791856
11701,YNR038W YDR078C,0.0,NA,0.001498557161539793,2850,19339,11702,0,0.4293765306423534,0.12844202082112757,1.0,0.6230147224638382,0.37698527753616184
11702,YNR070W YCR014C,0.0,NA,0.0014987083850428462,2850,19338,11703,0,0.4294060370009737,0.1284478096268253,1.0,0.6229825070068619,0.3770174929931381
11703,YPL258C YBR299W,0.0,NA,0.0015040375292301178,2850,19337,11704,0,0.429435543359594,0.12845359895434263,1.0,0.6229502915498857,0.3770497084501144
11704,YLR133W YKL034W,0.0,NA,0.0015048059867694974,2850,19336,11705,0,0.42946504971821425,0.1284593888037501,1.0,0.6229180760929094,0.3770819239070906
11705,YNL128W YLR006C,0.0,NA,0.0015057133277878165,2850,19335,11706,0,0.42949455607683457,0.12846517917511832,1.0,0.6228858606359331,0.3771141393640669
11706,YIL085C YJR110W,0.0,NA,0.0015063235769048333,2850,19334,11707,0,0.4295240624354548,0.12847097006851785,1.0,0.6228536451789569,0.37714635482104314
11707,YKL004W YNR041C,0.0,NA,0.0015071772504597902,2850,19333,11708,0,0.42955356879407514,0.1284767614840193,1.0,0.6228214297219806,0.3771785702780194
11708,YMR012W YCL044C,0.0,NA,0.0015103588812053204,2850,19332,11709,0,0.4295830751526954,0.12848255342169326,1.0,0.6227892142650043,0.37721078573499567
11709,YDR081C YDR217C,0.0,NA,0.0015108112711459398,2850,19331,11710,0,0.4296125815113157,0.1284883458816104,1.0,0.622756998808028,0.3772430011919719
11710,YLR020C YLR135W,0.0,NA,0.0015136761358007789,2850,19330,11711,0,0.42964208786993596,0.1284941388638413,1.0,0.6227247833510519,0.37727521664894814
11711,YGL008C YBR203W,0.0,NA,0.0015144605422392488,2850,19329,11712,0,0.4296715942285563,0.12849993236845664,1.0,0.6226925678940756,0.37730743210592443
11712,YDR459C YBR216C,0.0,NA,0.001515526557341218,2850,19328,11713,0,0.42970110058717653,0.1285057263955271,1.0,0.6226603524370993,0.37733964756290067
11713,YNL154C YPL061W,0.0,NA,0.0015158728929236531,2850,19327,11714,0,0.42973060694579684,0.12851152094512333,1.0,0.6226281369801231,0.37737186301987696
11714,YJR152W YLR450W,0.0,NA,0.0015163132920861244,2850,19326,11715,0,0.4297601133044171,0.12851731601731603,1.0,0.6225959215231468,0.3774040784768532
11715,YKR028W YNL110C,0.0,NA,0.0015163883799687028,2850,19325,11716,0,0.42978961966303736,0.12852311161217586,1.0,0.6225637060661705,0.37743629393382944
11716,YPL241C YJR140C,0.0,NA,0.0015164294745773077,2850,19324,11717,0,0.42981912602165767,0.1285289077297736,1.0,0.6225314906091943,0.37746850939080573
11717,YNL180C YGL002W,0.0,NA,0.0015169552061706781,2850,19323,11718,0,0.42984863238027793,0.12853470437017994,1.0,0.622499275152218,0.37750072484778197
11718,YMR272C YBR193C,0.0,NA,0.001517377095296979,2850,19322,11719,0,0.42987813873889824,0.12854050153346563,1.0,0.6224670596952417,0.3775329403047582
11719,YOR004W YKL127W,0.0,NA,0.001517698634415865,2850,19321,11720,0,0.4299076450975185,0.1285462992197014,1.0,0.6224348442382656,0.3775651557617345
11720,YPR032W YMR306W,0.0,NA,0.0015183540526777506,2850,19320,11721,0,0.4299371514561388,0.12855209742895804,1.0,0.6224026287812893,0.37759737121871073
11721,YIR012W YBR103W,0.0,NA,0.0015188435791060328,2850,19319,11722,0,0.42996665781475907,0.12855789616130633,1.0,0.622370413324313,0.37762958667568697
11722,YHR158C YKL086W,0.0,NA,0.0015191893326118588,2850,19318,11723,0,0.4299961641733794,0.12856369541681703,1.0,0.6223381978673368,0.37766180213266326
11723,YAL033W YPL084W,0.0,NA,0.0015194049337878823,2850,19317,11724,0,0.43002567053199964,0.12856949519556096,1.0,0.6223059824103605,0.3776940175896395
11724,YOL135C YDR321W,0.0,NA,0.0015203246148303151,2850,19316,11725,0,0.43005517689061995,0.12857529549760896,1.0,0.6222737669533842,0.3777262330466158
11725,YBL005W YOR358W,0.0,NA,0.0015205780509859324,2850,19315,11726,0,0.4300846832492402,0.1285810963230318,1.0,0.622241551496408,0.377758448503592
11726,YPR118W YGR087C,0.0,NA,0.0015222636284306645,2850,19314,11727,0,0.4301141896078605,0.12858689767190037,1.0,0.6222093360394317,0.37779066396056826
11727,YOL125W YIL159W,0.0,NA,0.0015245736576616764,2850,19313,11728,0,0.4301436959664808,0.1285926995442855,1.0,0.6221771205824554,0.37782287941754455
11728,YDR104C YMR069W,0.0,NA,0.0015246802940964699,2850,19312,11729,0,0.43017320232510103,0.1285985019402581,1.0,0.6221449051254792,0.3778550948745208
11729,YGL113W YHR171W,0.0,NA,0.0015259251231327653,2850,19311,11730,0,0.43020270868372135,0.128604304859889,1.0,0.622112689668503,0.37788731033149703
11730,YJR028W YOR021C,0.0,NA,0.0015277693746611476,2850,19310,11731,0,0.4302322150423416,0.1286101083032491,1.0,0.6220804742115267,0.3779195257884733
11731,YIL023C YJL184W,0.0,NA,0.0015294941840693355,2850,19309,11732,0,0.4302617214009619,0.1286159122704093,1.0,0.6220482587545504,0.37795174124544956
11732,YDR164C YHR084W,0.0,NA,0.0015300645027309656,2850,19308,11733,0,0.4302912277595822,0.12862171676144057,1.0,0.6220160432975742,0.37798395670242585
11733,YER157W YJR090C,0.0,NA,0.0015311577590182424,2850,19307,11734,0,0.4303207341182025,0.12862752177641376,1.0,0.6219838278405979,0.3780161721594021
11734,YBR290W YIL009C-A,0.0,NA,0.0015312583418563008,2850,19306,11735,0,0.43035024047682274,0.1286333273153999,1.0,0.6219516123836216,0.3780483876163783
11735,YMR264W YDR334W,0.0,NA,0.0015320772072300315,2850,19305,11736,0,0.43037974683544306,0.12863913337846988,1.0,0.6219193969266454,0.3780806030733546
11736,YMR061W YOR270C,0.0,NA,0.001532435417175293,2850,19304,11737,0,0.4304092531940633,0.12864493996569468,1.0,0.6218871814696691,0.37811281853033085
11737,YIL040W YJR078W,0.0,NA,0.0015326900174841285,2850,19303,11738,0,0.4304387595526836,0.1286507470771453,1.0,0.6218549660126929,0.3781450339873071
11738,YER008C YBR050C,0.0,NA,0.001533969771116972,2850,19302,11739,0,0.4304682659113039,0.12865655471289275,1.0,0.6218227505557167,0.3781772494442834
11739,YNL151C YGR198W,0.0,NA,0.0015342108672484756,2850,19301,11740,0,0.4304977722699242,0.128662362873008,1.0,0.6217905350987404,0.3782094649012596
11740,YJR127C YGL105W,0.0,NA,0.001534352544695139,2850,19300,11741,0,0.43052727862854445,0.12866817155756208,1.0,0.6217583196417641,0.37824168035823585
11741,YHR037W YOR324C,0.0,NA,0.0015356320654973388,2850,19299,11742,0,0.4305567849871647,0.12867398076662603,1.0,0.6217261041847879,0.37827389581521215
11742,YPL200W YPL210C,0.0,NA,0.0015390474582090974,2850,19298,11743,0,0.430586291345785,0.1286797905002709,1.0,0.6216938887278116,0.3783061112721884
11743,YGL192W YDL205C,0.0,NA,0.0015393653884530067,2850,19297,11744,0,0.4306157977044053,0.12868560075856775,1.0,0.6216616732708353,0.3783383267291647
11744,YIL148W YAR010C,0.0,NA,0.001539747347123921,2850,19296,11745,0,0.4306453040630256,0.12869141154158764,1.0,0.6216294578138591,0.3783705421861409
11745,YLR147C YML132W,0.0,NA,0.001539804507046938,2850,19295,11746,0,0.43067481042164585,0.12869722284940166,1.0,0.6215972423568829,0.37840275764311715
11746,YDR164C YJR143C,0.0,NA,0.0015404262812808156,2850,19294,11747,0,0.43070431678026616,0.1287030346820809,1.0,0.6215650268999066,0.37843497310009344
11747,YOR036W YGR247W,0.0,NA,0.0015408972976729274,2850,19293,11748,0,0.4307338231388864,0.1287088470396965,1.0,0.6215328114429303,0.3784671885570697
11748,YNL039W YLR070C,0.0,NA,0.0015409396728500724,2850,19292,11749,0,0.43076332949750673,0.12871465992231956,1.0,0.6215005959859541,0.3784994040140459
11749,YLR078C YDR007W,0.0,NA,0.0015425855526700616,2850,19291,11750,0,0.430792835856127,0.12872047333002123,1.0,0.6214683805289778,0.3785316194710222
11750,YPL005W YGL136C,0.0,NA,0.001543300342746079,2850,19290,11751,0,0.4308223422147473,0.12872628726287264,1.0,0.6214361650720015,0.37856383492799844
11751,YKL156W YGL213C,0.0,NA,0.0015434377128258348,2850,19289,11752,0,0.43085184857336756,0.12873210172094493,1.0,0.6214039496150253,0.37859605038497474
11752,YGL022W YBL087C,0.0,NA,0.0015446358593180776,2850,19288,11753,0,0.43088135493198787,0.12873791670430934,1.0,0.621371734158049,0.378628265841951
11753,YEL056W YLR106C,0.0,NA,0.0015447476180270314,2850,19287,11754,0,0.4309108612906081,0.128743732213037,1.0,0.6213395187010727,0.3786604812989272
11754,YJL109C YBR021W,0.0,NA,0.001544915372505784,2850,19286,11755,0,0.4309403676492284,0.12874954824719914,1.0,0.6213073032440966,0.3786926967559035
11755,YOR328W YMR276W,0.0,NA,0.0015450683422386646,2850,19285,11756,0,0.4309698740078487,0.12875536480686695,1.0,0.6212750877871203,0.37872491221287974
11756,YKL156W YDL098C,0.0,NA,0.0015458291163668036,2850,19284,11757,0,0.43099938036646895,0.1287611818921117,1.0,0.621242872330144,0.378757127669856
11757,YDL046W YDR057W,0.0,NA,0.0015470660291612148,2850,19283,11758,0,0.43102888672508927,0.12876699950300458,1.0,0.6212106568731678,0.37878934312683227
11758,YKL046C YLR318W,0.0,NA,0.0015481197042390704,2850,19282,11759,0,0.4310583930837095,0.12877281763961684,1.0,0.6211784414161915,0.3788215585838085
11759,YMR281W YEL027W,0.0,NA,0.0015483363531529903,2850,19281,11760,0,0.43108789944232984,0.1287786363020198,1.0,0.6211462259592152,0.37885377404078474
11760,YKR079C YLR210W,0.0,NA,0.0015500180888921022,2850,19280,11761,0,0.4311174058009501,0.1287844554902847,1.0,0.621114010502239,0.37888598949776103
11761,YML065W YER043C,0.0,NA,0.0015501715242862701,2850,19279,11762,0,0.4311469121595704,0.1287902752044828,1.0,0.6210817950452627,0.37891820495473727
11762,YDR156W YBR263W,0.0,NA,0.001550830784253776,2850,19278,11763,0,0.43117641851819066,0.12879609544468545,1.0,0.6210495795882864,0.37895042041171356
11763,YOL067C YGR240C,0.0,NA,0.0015515825944021344,2850,19277,11764,0,0.431205924876811,0.12880191621096398,1.0,0.6210173641313103,0.3789826358686898
11764,YDL150W YOL058W,0.0,NA,0.001551652792841196,2850,19276,11765,0,0.43123543123543123,0.12880773750338967,1.0,0.620985148674334,0.37901485132566604
11765,YML031W YDL214C,0.0,NA,0.001553463051095605,2850,19275,11766,0,0.43126493759405155,0.1288135593220339,1.0,0.6209529332173577,0.37904706678264233
11766,YJR110W YML132W,0.0,NA,0.0015535259153693914,2850,19274,11767,0,0.4312944439526718,0.128819381666968,1.0,0.6209207177603814,0.37907928223961856
11767,YHR036W YNL261W,0.0,NA,0.0015539785381406546,2850,19273,11768,0,0.43132395031129206,0.12882520453826335,1.0,0.6208885023034052,0.3791114976965948
11768,YIR012W YPL145C,0.0,NA,0.0015545334899798036,2850,19272,11769,0,0.43135345666991237,0.12883102793599133,1.0,0.6208562868464289,0.3791437131535711
11769,YKL092C YNL221C,0.0,NA,0.0015559055609628558,2850,19271,11770,0,0.43138296302853263,0.1288368518602233,1.0,0.6208240713894526,0.37917592861054733
11770,YLL042C YOL003C,0.0,NA,0.0015574420103803277,2850,19270,11771,0,0.43141246938715294,0.12884267631103075,1.0,0.6207918559324764,0.3792081440675236
11771,YPR179C YPL266W,0.0,NA,0.001560113625600934,2850,19269,11772,0,0.4314419757457732,0.12884850128848502,1.0,0.6207596404755001,0.37924035952449986
11772,YDR071C YKL011C,0.0,NA,0.0015621039783582091,2850,19268,11773,0,0.4314714821043935,0.12885432679265757,1.0,0.6207274250185238,0.3792725749814761
11773,YDR435C YJL222W,0.0,NA,0.00156264693941921,2850,19267,11774,0,0.43150098846301377,0.12886015282361984,1.0,0.6206952095615477,0.3793047904384524
11774,YIL021W YBR213W,0.0,NA,0.0015632302965968847,2850,19266,11775,0,0.4315304948216341,0.12886597938144329,1.0,0.6206629941045714,0.3793370058954286
11775,YOR075W YDL118W,0.0,NA,0.0015638914192095399,2850,19265,11776,0,0.43156000118025434,0.12887180646619942,1.0,0.6206307786475951,0.37936922135240486
11776,YNL044W YDL103C,0.0,NA,0.00156444835010916,2850,19264,11777,0,0.43158950753887465,0.12887763407795966,1.0,0.6205985631906189,0.37940143680938115
11777,YGR296W YER064C,0.0,NA,0.0015645570820197463,2850,19263,11778,0,0.4316190138974949,0.12888346221679556,1.0,0.6205663477336426,0.3794336522663574
11778,YGR154C YPR079W,0.0,NA,0.0015657538315281272,2850,19262,11779,0,0.4316485202561152,0.1288892908827786,1.0,0.6205341322766663,0.3794658677233337
11779,YFR029W YAR031W,0.0,NA,0.001566084916703403,2850,19261,11780,0,0.4316780266147355,0.12889512007598028,1.0,0.6205019168196901,0.3794980831803099
11780,YMR210W YLR409C,0.0,NA,0.0015671171713620424,2850,19260,11781,0,0.43170753297335573,0.12890094979647218,1.0,0.6204697013627138,0.37953029863728616
11781,YML049C YPR185W,0.0,NA,0.0015676200855523348,2850,19259,11782,0,0.43173703933197605,0.12890678004432585,1.0,0.6204374859057376,0.37956251409426245
11782,YML102W YOR018W,0.0,NA,0.0015687331324443221,2850,19258,11783,0,0.4317665456905963,0.1289126108196128,1.0,0.6204052704487614,0.3795947295512387
11783,YHR158C YOR127W,0.0,NA,0.0015696820337325335,2850,19257,11784,0,0.4317960520492166,0.12891844212240466,1.0,0.6203730549917851,0.3796269450082149
11784,YDL170W YPL036W,0.0,NA,0.0015698389615863562,2850,19256,11785,0,0.4318255584078369,0.128924273952773,1.0,0.6203408395348088,0.3796591604651912
11785,YDR389W YOR368W,0.0,NA,0.0015700235962867737,2850,19255,11786,0,0.4318550647664572,0.1289301063107894,1.0,0.6203086240778325,0.37969137592216745
11786,YML039W YJL006C,0.0,NA,0.0015709537547081709,2850,19254,11787,0,0.43188457112507744,0.12893593919652552,1.0,0.6202764086208563,0.3797235913791437
11787,YHL038C YEL012W,0.0,NA,0.0015736238565295935,2850,19253,11788,0,0.43191407748369776,0.12894177261005293,1.0,0.62024419316388,0.37975580683612
11788,YPL283C YCR009C,0.0,NA,0.0015747471479699016,2850,19252,11789,0,0.431943583842318,0.1289476065514433,1.0,0.6202119777069037,0.3797880222930962
11789,YLR333C YOR255W,0.0,NA,0.0015771668404340744,2850,19251,11790,0,0.4319730902009383,0.12895344102076828,1.0,0.6201797622499275,0.3798202377500725
11790,YJR053W YHR106W,0.0,NA,0.0015779659152030945,2850,19250,11791,0,0.4320025965595586,0.12895927601809956,1.0,0.6201475467929513,0.37985245320704875
11791,YGL098W YDR477W,0.0,NA,0.0015787362353876233,2850,19249,11792,0,0.4320321029181789,0.12896511154350876,1.0,0.620115331335975,0.379884668664025
11792,YDR409W YBL027W,0.0,NA,0.0015787684824317694,2850,19248,11793,0,0.43206160927679915,0.12897094759706762,1.0,0.6200831158789988,0.3799168841210013
11793,YBR029C YMR162C,0.0,NA,0.0015801979461684823,2850,19247,11794,0,0.4320911156354194,0.1289767841788478,1.0,0.6200509004220225,0.3799490995779775
11794,YCR019W YDL141W,0.0,NA,0.0015815903898328543,2850,19246,11795,0,0.4321206219940397,0.12898262128892107,1.0,0.6200186849650462,0.37998131503495375
11795,YLR260W YKL067W,0.0,NA,0.0015816370723769069,2850,19245,11796,0,0.43215012835266,0.12898845892735913,1.0,0.61998646950807,0.38001353049193004
11796,YJL088W YOR159C,0.0,NA,0.0015823044814169407,2850,19244,11797,0,0.4321796347112803,0.12899429709423374,1.0,0.6199542540510937,0.3800457459489063
11797,YDR363W-A YKL093W,0.0,NA,0.0015832447679713368,2850,19243,11798,0,0.43220914106990055,0.1290001357896166,1.0,0.6199220385941174,0.38007796140588257
11798,YLR133W YPL198W,0.0,NA,0.0015857001999393106,2850,19242,11799,0,0.43223864742852086,0.12900597501357958,1.0,0.6198898231371412,0.3801101768628588
11799,YCR084C YER168C,0.0,NA,0.0015863562002778053,2850,19241,11800,0,0.4322681537871411,0.1290118147661944,1.0,0.619857607680165,0.38014239231983504
11800,YLR361C YLR256W,0.0,NA,0.0015871578361839056,2850,19240,11801,0,0.43229766014576143,0.12901765504753282,1.0,0.6198253922231887,0.38017460777681134
11801,YDL191W YKR102W,0.0,NA,0.0015882515581324697,2850,19239,11802,0,0.4323271665043817,0.1290234958576667,1.0,0.6197931767662125,0.38020682323378757
11802,YBL046W YNL147W,0.0,NA,0.0015886652981862426,2850,19238,11803,0,0.432356672863002,0.12902933719666787,1.0,0.6197609613092362,0.3802390386907638
11803,YGR116W YEL016C,0.0,NA,0.0015891954535618424,2850,19237,11804,0,0.43238617922162226,0.12903517906460815,1.0,0.6197287458522599,0.3802712541477401
11804,YBR216C YGL211W,0.0,NA,0.001590997213497758,2850,19236,11805,0,0.4324156855802425,0.12904102146155935,1.0,0.6196965303952836,0.38030346960471634
11805,YLR208W YLR024C,0.0,NA,0.0015915752155706286,2850,19235,11806,0,0.4324451919388628,0.12904686438759339,1.0,0.6196643149383074,0.3803356850616926
11806,YPL224C YFL003C,0.0,NA,0.0015921640442684293,2850,19234,11807,0,0.4324746982974831,0.1290527078427821,1.0,0.6196320994813311,0.38036790051866887
11807,YBR050C YIL149C,0.0,NA,0.0015923436731100082,2850,19233,11808,0,0.4325042046561034,0.1290585518271974,1.0,0.6195998840243548,0.3804001159756451
11808,YGL251C YFR014C,0.0,NA,0.0015927281929180026,2850,19232,11809,0,0.43253371101472365,0.12906439634091116,1.0,0.6195676685673787,0.3804323314326214
11809,YHR172W YPL116W,0.0,NA,0.0015927327331155539,2850,19231,11810,0,0.43256321737334397,0.12907024138399528,1.0,0.6195354531104024,0.38046454688959763
11810,YOL032W YER112W,0.0,NA,0.0015929556684568524,2850,19230,11811,0,0.4325927237319642,0.12907608695652173,1.0,0.6195032376534261,0.38049676234657387
11811,YML031W YML125C,0.0,NA,0.00159355322830379,2850,19229,11812,0,0.43262223009058454,0.12908193305856244,1.0,0.6194710221964499,0.38052897780355016
11812,YDR422C YMR231W,0.0,NA,0.0015949528897181153,2850,19228,11813,0,0.4326517364492048,0.12908777969018934,1.0,0.6194388067394736,0.3805611932605264
11813,YIR005W YJL186W,0.0,NA,0.001597618917003274,2850,19227,11814,0,0.4326812428078251,0.12909362685147438,1.0,0.6194065912824973,0.38059340871750263
11814,YLR058C YGR163W,0.0,NA,0.0015982365002855659,2850,19226,11815,0,0.43271074916644536,0.12909947454248957,1.0,0.6193743758255211,0.3806256241744789
11815,YIR005W YHR114W,0.0,NA,0.001599172013811767,2850,19225,11816,0,0.4327402555250657,0.1291053227633069,1.0,0.6193421603685448,0.38065783963145516
11816,YOR038C YBR191W,0.0,NA,0.001600470393896103,2850,19224,11817,0,0.43276976188368593,0.12911117151399837,1.0,0.6193099449115685,0.38069005508843146
11817,YPR060C YIL009C-A,0.0,NA,0.0016026527155190706,2850,19223,11818,0,0.4327992682423062,0.12911702079463597,1.0,0.6192777294545924,0.3807222705454077
11818,YBR164C YDR508C,0.0,NA,0.0016030952101573348,2850,19222,11819,0,0.4328287746009265,0.12912287060529176,1.0,0.6192455139976161,0.38075448600238393
11819,YGL227W YDL245C,0.0,NA,0.0016047065146267414,2850,19221,11820,0,0.43285828095954676,0.12912872094603778,1.0,0.6192132985406398,0.3807867014593602
11820,YBL009W YGR054W,0.0,NA,0.0016055683372542262,2850,19220,11821,0,0.43288778731816707,0.12913457181694607,1.0,0.6191810830836636,0.38081891691633646
11821,YEL017C-A YDR399W,0.0,NA,0.0016061372589319944,2850,19219,11822,0,0.43291729367678733,0.12914042321808872,1.0,0.6191488676266873,0.3808511323733127
11822,YDR227W YLR075W,0.0,NA,0.0016071253921836615,2850,19218,11823,0,0.43294680003540764,0.1291462751495378,1.0,0.619116652169711,0.380883347830289
11823,YPL239W YDR487C,0.0,NA,0.0016102991066873074,2850,19217,11824,0,0.4329763063940279,0.12915212761136538,1.0,0.6190844367127347,0.3809155632872652
11824,YJR082C YGL017W,0.0,NA,0.0016118154162541032,2850,19216,11825,0,0.4330058127526482,0.1291579806036436,1.0,0.6190522212557585,0.38094777874424146
11825,YIR006C YMR119W,0.0,NA,0.0016121369553729892,2850,19215,11826,0,0.43303531911126847,0.12916383412644458,1.0,0.6190200057987822,0.38097999420121775
11826,YPL045W YJR123W,0.0,NA,0.001612213789485395,2850,19214,11827,0,0.4330648254698888,0.12916968817984045,1.0,0.618987790341806,0.381012209658194
11827,YGL203C YKL127W,0.0,NA,0.0016146240523084998,2850,19213,11828,0,0.43309433182850904,0.12917554276390336,1.0,0.6189555748848298,0.3810444251151703
11828,YNL231C YIL150C,0.0,NA,0.0016203754348680377,2850,19212,11829,0,0.43312383818712935,0.12918139787870547,1.0,0.6189233594278535,0.3810766405721465
11829,YLL016W YEL053C,0.0,NA,0.001620457973331213,2850,19211,11830,0,0.4331533445457496,0.12918725352431892,1.0,0.6188911439708772,0.38110885602912276
11830,YBR275C YOR275C,0.0,NA,0.0016209902241826057,2850,19210,11831,0,0.43318285090436986,0.12919310970081596,1.0,0.618858928513901,0.38114107148609905
11831,YML006C YHR073W,0.0,NA,0.0016218431992456317,2850,19209,11832,0,0.4332123572629902,0.12919896640826872,1.0,0.6188267130569247,0.3811732869430753
11832,YIL077C YJL176C,0.0,NA,0.001622065668925643,2850,19208,11833,0,0.43324186362161043,0.12920482364674948,1.0,0.6187944975999484,0.3812055024000515
11833,YOR100C YOL130W,0.0,NA,0.0016231834888458252,2850,19207,11834,0,0.43327136998023075,0.1292106814163304,1.0,0.6187622821429722,0.3812377178570278
11834,YOL054W YOR210W,0.0,NA,0.00162407080642879,2850,19206,11835,0,0.433300876338851,0.1292165397170838,1.0,0.618730066685996,0.38126993331400405
11835,YDL127W YDR255C,0.0,NA,0.0016268378822132945,2850,19205,11836,0,0.4333303826974713,0.12922239854908185,1.0,0.6186978512290197,0.38130214877098034
11836,YNL209W YHR061C,0.0,NA,0.001626988174393773,2850,19204,11837,0,0.4333598890560916,0.12922825791239684,1.0,0.6186656357720435,0.3813343642279566
11837,YCR047C YEL046C,0.0,NA,0.0016270214691758156,2850,19203,11838,0,0.4333893954147119,0.12923411780710106,1.0,0.6186334203150672,0.3813665796849328
11838,YLR438W YER172C,0.0,NA,0.0016271244967356324,2850,19202,11839,0,0.43341890177333214,0.12923997823326683,1.0,0.6186012048580909,0.3813987951419091
11839,YJR140C YML066C,0.0,NA,0.0016275513917207718,2850,19201,11840,0,0.43344840813195246,0.12924583919096638,1.0,0.6185689894011146,0.38143101059888534
11840,YLR127C YPL163C,0.0,NA,0.0016275513917207718,2850,19200,11841,0,0.4334779144905727,0.1292517006802721,1.0,0.6185367739441384,0.3814632260558616
11841,YNL149C YGR181W,0.0,NA,0.001629460952244699,2850,19199,11842,0,0.433507420849193,0.1292575627012563,1.0,0.6185045584871621,0.3814954415128379
11842,YEL011W YKR004C,0.0,NA,0.0016320414142683148,2850,19198,11843,0,0.4335369272078133,0.1292634252539913,1.0,0.6184723430301858,0.3815276569698141
11843,YDR386W YOR061W,0.0,NA,0.0016324127791449428,2850,19197,11844,0,0.43356643356643354,0.12926928833854948,1.0,0.6184401275732097,0.38155987242679035
11844,YLR448W YNL231C,0.0,NA,0.001633125706575811,2850,19196,11845,0,0.43359593992505385,0.12927515195500316,1.0,0.6184079121162334,0.38159208788376664
11845,YOR362C YNL318C,0.0,NA,0.0016334343235939741,2850,19195,11846,0,0.4336254462836741,0.12928101610342482,1.0,0.6183756966592571,0.3816243033407429
11846,YDL115C YOR010C,0.0,NA,0.001634072046726942,2850,19194,11847,0,0.4336549526422944,0.12928688078388678,1.0,0.6183434812022809,0.38165651879771917
11847,YBL045C YOR089C,0.0,NA,0.001634415122680366,2850,19193,11848,0,0.4336844590009147,0.12929274599646146,1.0,0.6183112657453046,0.3816887342546954
11848,YKR009C YKL197C,0.0,NA,0.001634683576412499,2850,19192,11849,0,0.433713965359535,0.12929861174122131,1.0,0.6182790502883283,0.38172094971167164
11849,YIL018W YIL049W,0.0,NA,0.0016350065125152469,2850,19191,11850,0,0.43374347171815525,0.12930447801823874,1.0,0.6182468348313521,0.38175316516864793
11850,YDR434W YKR054C,0.0,NA,0.0016360218869522214,2850,19190,11851,0,0.43377297807677556,0.12931034482758622,1.0,0.6182146193743758,0.38178538062562417
11851,YMR095C YPL124W,0.0,NA,0.0016360303852707148,2850,19189,11852,0,0.4338024844353958,0.12931621216933617,1.0,0.6181824039173995,0.3818175960826004
11852,YOR356W YDR310C,0.0,NA,0.0016382602043449879,2850,19188,11853,0,0.43383199079401613,0.12932208004356113,1.0,0.6181501884604234,0.3818498115395767
11853,YJR103W YCR066W,0.0,NA,0.0016385074704885483,2850,19187,11854,0,0.4338614971526364,0.12932794845033352,1.0,0.6181179730034471,0.38188202699655294
11854,YPR156C YOR035C,0.0,NA,0.0016386385541409254,2850,19186,11855,0,0.4338910035112567,0.1293338173897259,1.0,0.6180857575464708,0.38191424245352923
11855,YDL143W YJL156C,0.0,NA,0.0016400954918935895,2850,19185,11856,0,0.43392050986987696,0.12933968686181074,1.0,0.6180535420894946,0.38194645791050547
11856,YNL097C YOR273C,0.0,NA,0.0016404524212703109,2850,19184,11857,0,0.4339500162284972,0.1293455568666606,1.0,0.6180213266325183,0.3819786733674817
11857,YJL219W YGR255C,0.0,NA,0.001640868023969233,2850,19183,11858,0,0.4339795225871175,0.12935142740434802,1.0,0.617989111175542,0.382010888824458
11858,YGR281W BLM3,0.0,NA,0.0016410351963713765,2850,19182,11859,0,0.4340090289457378,0.12935729847494554,1.0,0.6179568957185657,0.38204310428143423
11859,YDL054C YLR401C,0.0,NA,0.001641646958887577,2850,19181,11860,0,0.4340385353043581,0.1293631700785257,1.0,0.6179246802615895,0.38207531973841047
11860,YOR368W YDR113C,0.0,NA,0.001643126248382032,2850,19180,11861,0,0.43406804166297835,0.12936904221516116,1.0,0.6178924648046132,0.38210753519538676
11861,YBR247C YKR061W,0.0,NA,0.0016432396369054914,2850,19179,11862,0,0.43409754802159867,0.12937491488492442,1.0,0.617860249347637,0.382139750652363
11862,YPL133C YMR125W,0.0,NA,0.0016446772497147322,2850,19178,11863,0,0.4341270543802189,0.12938078808788814,1.0,0.6178280338906608,0.38217196610933923
11863,YGL251C YDR009W,0.0,NA,0.0016456962330266833,2850,19177,11864,0,0.43415656073883924,0.12938666182412495,1.0,0.6177958184336845,0.3822041815663155
11864,YOL081W YHR028C,0.0,NA,0.0016469259280711412,2850,19176,11865,0,0.4341860670974595,0.12939253609370743,1.0,0.6177636029767082,0.38223639702329176
11865,YNL151C YGL232W,0.0,NA,0.0016491187270730734,2850,19175,11866,0,0.4342155734560798,0.12939841089670828,1.0,0.617731387519732,0.38226861248026806
11866,YJL097W YJR125C,0.0,NA,0.001651562168262899,2850,19174,11867,0,0.43424507981470006,0.12940428623320013,1.0,0.6176991720627557,0.3823008279372443
11867,YJL179W YDR477W,0.0,NA,0.001652050414122641,2850,19173,11868,0,0.4342745861733204,0.12941016210325568,1.0,0.6176669566057794,0.38233304339422053
11868,YMR065W YDL205C,0.0,NA,0.0016527487896382809,2850,19172,11869,0,0.43430409253194063,0.1294160385069476,1.0,0.6176347411488032,0.3823652588511968
11869,YOR253W YHR113W,0.0,NA,0.0016540742944926023,2850,19171,11870,0,0.4343335988905609,0.12942191544434858,1.0,0.6176025256918269,0.38239747430817306
11870,YDR294C YMR212C,0.0,NA,0.0016544531099498272,2850,19170,11871,0,0.4343631052491812,0.12942779291553133,1.0,0.6175703102348507,0.3824296897651493
11871,YPL058C YNL103W,0.0,NA,0.0016549549764022231,2850,19169,11872,0,0.43439261160780146,0.1294336709205686,1.0,0.6175380947778745,0.3824619052221256
11872,YNL264C YLR277C,0.0,NA,0.0016554821049794555,2850,19168,11873,0,0.4344221179664218,0.12943954945953312,1.0,0.6175058793208982,0.3824941206791018
11873,YMR272C YLR191W,0.0,NA,0.0016581661766394973,2850,19167,11874,0,0.43445162432504203,0.1294454285324976,1.0,0.6174736638639219,0.3825263361360781
11874,YGL135W YLR071C,0.0,NA,0.0016599297523498535,2850,19166,11875,0,0.43448113068366234,0.12945130813953487,1.0,0.6174414484069457,0.38255855159305435
11875,YCL027W YBR086C,0.0,NA,0.0016600941307842731,2850,19165,11876,0,0.4345106370422826,0.1294571882807177,1.0,0.6174092329499694,0.3825907670500306
11876,YOR380W YBR229C,0.0,NA,0.0016603715484961867,2850,19164,11877,0,0.4345401434009029,0.12946306895611884,1.0,0.6173770174929931,0.3826229825070069
11877,YMR179W YDR384C,0.0,NA,0.0016607834259048104,2850,19163,11878,0,0.43456964975952317,0.12946895016581111,1.0,0.6173448020360168,0.3826551979639831
11878,YML027W YPR190C,0.0,NA,0.0016625315183773637,2850,19162,11879,0,0.4345991561181435,0.12947483190986733,1.0,0.6173125865790406,0.38268741342095935
11879,YNL110C YNL190W,0.0,NA,0.0016625646967440844,2850,19161,11880,0,0.43462866247676374,0.12948071418836035,1.0,0.6172803711220644,0.38271962887793565
11880,YJR141W YGR085C,0.0,NA,0.0016637507360428572,2850,19160,11881,0,0.43465816883538405,0.12948659700136303,1.0,0.6172481556650881,0.3827518443349119
11881,YNL178W YMR159C,0.0,NA,0.0016641406109556556,2850,19159,11882,0,0.4346876751940043,0.12949248034894817,1.0,0.6172159402081119,0.3827840597918881
11882,YGR166W YBR030W,0.0,NA,0.001665140618570149,2850,19158,11883,0,0.43471718155262457,0.12949836423118866,1.0,0.6171837247511356,0.3828162752488644
11883,YKR055W YML067C,0.0,NA,0.0016658906824886799,2850,19157,11884,0,0.4347466879112449,0.1295042486481574,1.0,0.6171515092941593,0.38284849070584065
11884,YKR063C YDR293C,0.0,NA,0.0016672750934958458,2850,19156,11885,0,0.43477619426986513,0.1295101335999273,1.0,0.6171192938371831,0.38288070616281694
11885,YOR372C YNL221C,0.0,NA,0.0016683031572028995,2850,19155,11886,0,0.43480570062848545,0.12951601908657123,1.0,0.6170870783802068,0.3829129216197932
11886,YIL014W YAR010C,0.0,NA,0.0016685882583260536,2850,19154,11887,0,0.4348352069871057,0.12952190510816214,1.0,0.6170548629232305,0.3829451370767694
11887,YOR026W YOR341W,0.0,NA,0.0016691326163709164,2850,19153,11888,0,0.434864713345726,0.129527791664773,1.0,0.6170226474662543,0.3829773525337457
11888,YHL006C YPR162C,0.0,NA,0.0016694733640179038,2850,19152,11889,0,0.4348942197043463,0.12953367875647667,1.0,0.6169904320092781,0.38300956799072194
11889,YBL100W-B YML060W,0.0,NA,0.0016694742953404784,2850,19151,11890,0,0.4349237260629666,0.1295395663833462,1.0,0.6169582165523018,0.3830417834476982
11890,YDR311W YDL015C,0.0,NA,0.0016695846570655704,2850,19150,11891,0,0.43495323242158684,0.12954545454545455,1.0,0.6169260010953256,0.3830739989046745
11891,YCR008W YER001W,0.0,NA,0.0016698652179911733,2850,19149,11892,0,0.43498273878020716,0.12955134324287468,1.0,0.6168937856383493,0.3831062143616507
11892,YIL045W YDR176W,0.0,NA,0.0016752253286540508,2850,19148,11893,0,0.4350122451388274,0.1295572324756796,1.0,0.616861570181373,0.383138429818627
11893,YGL127C YER147C,0.0,NA,0.0016773719107732177,2850,19147,11894,0,0.4350417514974477,0.12956312224394237,1.0,0.6168293547243968,0.38317064527560324
11894,YHR063C YMR108W,0.0,NA,0.0016778813442215323,2850,19146,11895,0,0.435071257856068,0.12956901254773595,1.0,0.6167971392674205,0.3832028607325795
11895,YNL192W YKR104W,0.0,NA,0.0016780475853011012,2850,19145,11896,0,0.43510076421468824,0.12957490338713343,1.0,0.6167649238104442,0.38323507618955577
11896,YOR038C YLR131C,0.0,NA,0.0016806569183245301,2850,19144,11897,0,0.43513027057330855,0.12958079476220788,1.0,0.6167327083534679,0.383267291646532
11897,YER069W YNL261W,0.0,NA,0.0016808281652629375,2850,19143,11898,0,0.4351597769319288,0.12958668667303233,1.0,0.6167004928964918,0.38329950710350824
11898,YLR035C YPL116W,0.0,NA,0.00168107938952744,2850,19142,11899,0,0.4351892832905491,0.1295925791196799,1.0,0.6166682774395155,0.38333172256048453
11899,YCR024C YER179W,0.0,NA,0.0016820847522467375,2850,19141,11900,0,0.4352187896491694,0.12959847210222364,1.0,0.6166360619825392,0.38336393801746077
11900,YDR156W YMR283C,0.0,NA,0.001682687783613801,2850,19140,11901,0,0.4352482960077897,0.1296043656207367,1.0,0.616603846525563,0.38339615347443706
11901,YML021C YHR135C,0.0,NA,0.0016833487898111343,2850,19139,11902,0,0.43527780236640995,0.1296102596752922,1.0,0.6165716310685867,0.3834283689314133
11902,YLR165C YLR214W,0.0,NA,0.0016834585694596171,2850,19138,11903,0,0.43530730872503026,0.12961615426596326,1.0,0.6165394156116104,0.38346058438838954
11903,YFR050C YDL232W,0.0,NA,0.001684997114352882,2850,19137,11904,0,0.4353368150836505,0.12962204939282304,1.0,0.6165072001546342,0.38349279984536583
11904,YJL072C YLR384C,0.0,NA,0.0016892013372853398,2850,19136,11905,0,0.43536632144227083,0.1296279450559447,1.0,0.6164749846976579,0.38352501530234206
11905,YDL240W YNL090W,0.0,NA,0.0016892071580514312,2850,19135,11906,0,0.4353958278008911,0.12963384125540142,1.0,0.6164427692406816,0.3835572307593183
11906,YGL203C YML103C,0.0,NA,0.0016920947236940265,2850,19134,11907,0,0.4354253341595114,0.12963973799126638,1.0,0.6164105537837055,0.3835894462162946
11907,YGR023W YGR255C,0.0,NA,0.0016932090511545539,2850,19133,11908,0,0.43545484051813166,0.12964563526361278,1.0,0.6163783383267292,0.38362166167327083
11908,YDR515W YLR438W,0.0,NA,0.0016933968290686607,2850,19132,11909,0,0.4354843468767519,0.12965153307251387,1.0,0.6163461228697529,0.38365387713024707
11909,YKL160W YGL216W,0.0,NA,0.0016972996527329087,2850,19131,11910,0,0.43551385323537223,0.12965743141804287,1.0,0.6163139074127767,0.38368609258722336
11910,YPL040C YMR318C,0.0,NA,0.0016973740421235561,2850,19130,11911,0,0.4355433595939925,0.12966333030027297,1.0,0.6162816919558004,0.3837183080441996
11911,YPR040W YOL011W,0.0,NA,0.0016977554187178612,2850,19129,11912,0,0.4355728659526128,0.1296692297192775,1.0,0.6162494764988241,0.3837505235011759
11912,YDR422C YBR129C,0.0,NA,0.0017005896661430597,2850,19128,11913,0,0.43560237231123305,0.12967512967512967,1.0,0.6162172610418479,0.3837827389581521
11913,YLR298C YJL167W,0.0,NA,0.0017008843133226037,2850,19127,11914,0,0.43563187866985337,0.1296810301679028,1.0,0.6161850455848716,0.38381495441512836
11914,YFL024C YPR079W,0.0,NA,0.001702393521554768,2850,19126,11915,0,0.4356613850284736,0.1296869311976702,1.0,0.6161528301278953,0.38384716987210465
11915,YJL179W YIR041W,0.0,NA,0.0017028592992573977,2850,19125,11916,0,0.43569089138709394,0.1296928327645051,1.0,0.616120614670919,0.3838793853290809
11916,YNL078W YIR008C,0.0,NA,0.0017032892210409045,2850,19124,11917,0,0.4357203977457142,0.12969873486848094,1.0,0.6160883992139429,0.38391160078605713
11917,YGR124W YIR001C,0.0,NA,0.0017036726931110024,2850,19123,11918,0,0.4357499041043345,0.12970463750967096,1.0,0.6160561837569666,0.3839438162430334
11918,YMR030W YOR099W,0.0,NA,0.0017036849167197943,2850,19122,11919,0,0.43577941046295476,0.12971054068814855,1.0,0.6160239682999903,0.38397603170000966
11919,YKL017C YBR059C,0.0,NA,0.0017040879465639591,2850,19121,11920,0,0.4358089168215751,0.12971644440398708,1.0,0.6159917528430141,0.38400824715698595
11920,YMR013C YMR312W,0.0,NA,0.0017053830670192838,2850,19120,11921,0,0.43583842318019533,0.1297223486572599,1.0,0.6159595373860378,0.3840404626139622
11921,YDR103W YPL058C,0.0,NA,0.001706256065517664,2850,19119,11922,0,0.4358679295388156,0.12972825344804043,1.0,0.6159273219290615,0.3840726780709384
11922,YPL047W YIL147C,0.0,NA,0.0017069376772269607,2850,19118,11923,0,0.4358974358974359,0.12973415877640204,1.0,0.6158951064720853,0.3841048935279147
11923,YOL149W YDL170W,0.0,NA,0.001708188559859991,2850,19117,11924,0,0.43592694225605616,0.12974006464241816,1.0,0.615862891015109,0.38413710898489095
11924,YPL130W YPL233W,0.0,NA,0.0017093607457354665,2850,19116,11925,0,0.4359564486146765,0.12974597104616226,1.0,0.6158306755581328,0.3841693244418672
11925,YGR004W YOR234C,0.0,NA,0.0017096454976126552,2850,19115,11926,0,0.43598595497329673,0.1297518779877077,1.0,0.6157984601011566,0.3842015398988435
11926,YLR078C YGR224W,0.0,NA,0.0017103063873946667,2850,19114,11927,0,0.43601546133191704,0.12975778546712802,1.0,0.6157662446441803,0.3842337553558197
11927,YHL020C YOR168W,0.0,NA,0.0017104196595028043,2850,19113,11928,0,0.4360449676905373,0.12976369348449665,1.0,0.615734029187204,0.38426597081279595
11928,Q0160 YLR234W,0.0,NA,0.0017105188453570008,2850,19112,11929,0,0.4360744740491576,0.12976960203988708,1.0,0.6157018137302278,0.38429818626977225
11929,YLR068W YGL167C,0.0,NA,0.0017119714757427573,2850,19111,11930,0,0.43610398040777787,0.1297755111333728,1.0,0.6156695982732515,0.3843304017267485
11930,YBR070C YER094C,0.0,NA,0.0017122917342931032,2850,19110,11931,0,0.4361334867663982,0.12978142076502733,1.0,0.6156373828162752,0.3843626171837248
11931,YPL195W YLR119W,0.0,NA,0.001712327473796904,2850,19109,11932,0,0.43616299312501844,0.12978733093492417,1.0,0.615605167359299,0.384394832640701
11932,YMR043W YGR036C,0.0,NA,0.001713407109491527,2850,19108,11933,0,0.43619249948363875,0.1297932416431369,1.0,0.6155729519023228,0.38442704809767725
11933,YBR095C YIL167W,0.0,NA,0.001714985934086144,2850,19107,11934,0,0.436222005842259,0.12979915288973903,1.0,0.6155407364453465,0.38445926355465354
11934,YOL067C YBR038W,0.0,NA,0.001716617145575583,2850,19106,11935,0,0.43625151220087927,0.12980506467480415,1.0,0.6155085209883702,0.3844914790116298
11935,YGL243W YNR026C,0.0,NA,0.0017173567321151495,2850,19105,11936,0,0.4362810185594996,0.12981097699840582,1.0,0.615476305531394,0.384523694468606
11936,YAR009C YHR193C,0.0,NA,0.001717745908536017,2850,19104,11937,0,0.43631052491811984,0.12981688986061765,1.0,0.6154440900744177,0.3845559099255823
11937,YKR085C YBR234C,0.0,NA,0.001718632411211729,2850,19103,11938,0,0.43634003127674015,0.12982280326151324,1.0,0.6154118746174414,0.38458812538255854
11938,YBR068C YGR247W,0.0,NA,0.0017206118209287524,2850,19102,11939,0,0.4363695376353604,0.12982871720116618,1.0,0.6153796591604652,0.38462034083953484
11939,YBR048W YOL147C,0.0,NA,0.0017213490791618824,2850,19101,11940,0,0.4363990439939807,0.12983463167965012,1.0,0.6153474437034889,0.3846525562965111
11940,YPL248C YER112W,0.0,NA,0.0017227204516530037,2850,19100,11941,0,0.436428550352601,0.12984054669703873,1.0,0.6153152282465126,0.3846847717534873
11941,YER144C YHR129C,0.0,NA,0.0017243678448721766,2850,19099,11942,0,0.4364580567112213,0.12984646225340563,1.0,0.6152830127895365,0.3847169872104636
11942,YHR178W YIL156W,0.0,NA,0.001725159352645278,2850,19098,11943,0,0.43648756306984154,0.1298523783488245,1.0,0.6152507973325602,0.38474920266743984
11943,YLR210W YJL134W,0.0,NA,0.0017283139750361443,2850,19097,11944,0,0.43651706942846186,0.12985829498336904,1.0,0.6152185818755839,0.3847814181244161
11944,YDR098C YDR325W,0.0,NA,0.0017286118818446994,2850,19096,11945,0,0.4365465757870821,0.1298642121571129,1.0,0.6151863664186077,0.38481363358139237
11945,YJL141C YHR101C,0.0,NA,0.0017292225966230035,2850,19095,11946,0,0.4365760821457024,0.12987012987012986,1.0,0.6151541509616314,0.3848458490383686
11946,YML038C YPL248C,0.0,NA,0.0017309141112491488,2850,19094,11947,0,0.4366055885043227,0.12987604812249362,1.0,0.6151219355046551,0.38487806449534484
11947,YJR141W YML074C,0.0,NA,0.0017310327384620905,2850,19093,11948,0,0.43663509486294294,0.1298819669142779,1.0,0.6150897200476789,0.38491027995232113
11948,YGL106W YPL228W,0.0,NA,0.0017329182010143995,2850,19092,11949,0,0.43666460122156325,0.12988788624555647,1.0,0.6150575045907026,0.38494249540929737
11949,YKL173W YML080W,0.0,NA,0.0017370929708704352,2850,19091,11950,0,0.4366941075801835,0.12989380611640308,1.0,0.6150252891337263,0.38497471086627366
11950,YNL124W YKL206C,0.0,NA,0.0017400574870407581,2850,19090,11951,0,0.4367236139388038,0.12989972652689152,1.0,0.6149930736767502,0.3850069263232499
11951,YKL205W YKR102W,0.0,NA,0.001740401959978044,2850,19089,11952,0,0.4367531202974241,0.12990564747709557,1.0,0.6149608582197739,0.38503914178022614
11952,YDR135C YBR166C,0.0,NA,0.0017438741633668542,2850,19088,11953,0,0.4367826266560444,0.12991156896708908,1.0,0.6149286427627976,0.3850713572372024
11953,YER145C YHR079C-A,0.0,NA,0.0017443912802264094,2850,19087,11954,0,0.43681213301466465,0.1299174909969458,1.0,0.6148964273058213,0.38510357269417866
11954,YDL046W YPL130W,0.0,NA,0.0017445923294872046,2850,19086,11955,0,0.43684163937328496,0.12992341356673962,1.0,0.6148642118488451,0.3851357881511549
11955,YLR245C YEL054C,0.0,NA,0.0017446005949750543,2850,19085,11956,0,0.4368711457319052,0.12992933667654433,1.0,0.6148319963918688,0.3851680036081312
11956,YGR094W YKL092C,0.0,NA,0.0017460687085986137,2850,19084,11957,0,0.43690065209052553,0.12993526032643385,1.0,0.6147997809348925,0.38520021906510743
11957,YOL028C YDR191W,0.0,NA,0.0017463969998061657,2850,19083,11958,0,0.4369301584491458,0.129941184516482,1.0,0.6147675654779163,0.3852324345220837
11958,YPL092W YDR499W,0.0,NA,0.0017465092241764069,2850,19082,11959,0,0.43695966480776605,0.12994710924676273,1.0,0.61473535002094,0.38526464997905996
11959,YLR068W YPR187W,0.0,NA,0.0017475927015766501,2850,19081,11960,0,0.43698917116638636,0.12995303451734988,1.0,0.6147031345639637,0.3852968654360362
11960,YEL046C YHL027W,0.0,NA,0.001748694572597742,2850,19080,11961,0,0.4370186775250066,0.12995896032831739,1.0,0.6146709191069876,0.3853290808930125
11961,YDR373W YGL186C,0.0,NA,0.0017490757163614035,2850,19079,11962,0,0.43704818388362693,0.12996488667973916,1.0,0.6146387036500113,0.3853612963499887
11962,YDR100W YMR173W,0.0,NA,0.0017491582548245788,2850,19078,11963,0,0.4370776902422472,0.12997081357168916,1.0,0.614606488193035,0.38539351180696496
11963,YBL064C YDL175C,0.0,NA,0.001749501214362681,2850,19077,11964,0,0.4371071966008675,0.12997674100424134,1.0,0.6145742727360588,0.38542572726394125
11964,YEL026W YKL186C,0.0,NA,0.0017518653767183423,2850,19076,11965,0,0.43713670295948776,0.12998266897746968,1.0,0.6145420572790825,0.3854579427209175
11965,YOR328W YIL106W,0.0,NA,0.0017524175345897675,2850,19075,11966,0,0.43716620931810807,0.12998859749144812,1.0,0.6145098418221062,0.3854901581778937
11966,YMR099C YDR191W,0.0,NA,0.001752915559336543,2850,19074,11967,0,0.4371957156767283,0.12999452654625068,1.0,0.61447762636513,0.38552237363487
11967,YJL097W YNL015W,0.0,NA,0.0017535231309011579,2850,19073,11968,0,0.43722522203534864,0.13000045614195138,1.0,0.6144454109081537,0.38555458909184626
11968,YEL019C YML121W,0.0,NA,0.0017544239526614547,2850,19072,11969,0,0.4372547283939689,0.1300063862786242,1.0,0.6144131954511775,0.38558680454882255
11969,YJL189W YIR008C,0.0,NA,0.0017558124382048845,2850,19071,11970,0,0.4372842347525892,0.13001231695634324,1.0,0.6143809799942013,0.3856190200057988
11970,YGL203C YJR109C,0.0,NA,0.0017565748421475291,2850,19070,11971,0,0.43731374111120946,0.13001824817518248,1.0,0.614348764537225,0.385651235462775
11971,YKR019C YNL326C,0.0,NA,0.0017570439958944917,2850,19069,11972,0,0.4373432474698297,0.13002417993521603,1.0,0.6143165490802487,0.3856834509197513
11972,YMR274C YPR149W,0.0,NA,0.0017573493532836437,2850,19068,11973,0,0.43737275382845003,0.13003011223651792,1.0,0.6142843336232724,0.38571566637672755
11973,YLR120C YBL026W,0.0,NA,0.0017582847503945231,2850,19067,11974,0,0.4374022601870703,0.1300360450791623,1.0,0.6142521181662962,0.3857478818337038
11974,YOL086C YML014W,0.0,NA,0.0017587251495569944,2850,19066,11975,0,0.4374317665456906,0.1300419784632232,1.0,0.6142199027093199,0.3857800972906801
11975,YLL016W YPL164C,0.0,NA,0.001759837963618338,2850,19065,11976,0,0.43746127290431086,0.1300479123887748,1.0,0.6141876872523436,0.3858123127476563
11976,YPL234C YPL047W,0.0,NA,0.0017615007236599922,2850,19064,11977,0,0.4374907792629312,0.13005384685589122,1.0,0.6141554717953674,0.3858445282046326
11977,YNL096C YEL009C,0.0,NA,0.0017615904798731208,2850,19063,11978,0,0.43752028562155143,0.13005978186464656,1.0,0.6141232563383912,0.38587674366160885
11978,YPR017C YIL106W,0.0,NA,0.0017643077298998833,2850,19062,11979,0,0.43754979198017174,0.130065717415115,1.0,0.6140910408814149,0.3859089591185851
11979,YLR145W YDR295C,0.0,NA,0.0017656702548265457,2850,19061,11980,0,0.437579298338792,0.13007165350737074,1.0,0.6140588254244387,0.3859411745755614
11980,YPL144W YGL173C,0.0,NA,0.0017667606007307768,2850,19060,11981,0,0.4376088046974123,0.1300775901414879,1.0,0.6140266099674624,0.3859733900325376
11981,YNR038W YBL001C,0.0,NA,0.0017668389482423663,2850,19059,11982,0,0.43763831105603257,0.13008352731754075,1.0,0.6139943945104861,0.38600560548951385
11982,YGL133W YCL051W,0.0,NA,0.0017677954165264964,2850,19058,11983,0,0.4376678174146529,0.13008946503560342,1.0,0.6139621790535099,0.38603782094649014
11983,YKL042W YIL009C-A,0.0,NA,0.0017689164960756898,2850,19057,11984,0,0.43769732377327314,0.13009540329575023,1.0,0.6139299635965336,0.3860700364034664
11984,YMR239C YPL010W,0.0,NA,0.0017692458350211382,2850,19056,11985,0,0.4377268301318934,0.13010134209805532,1.0,0.6138977481395573,0.3861022518604426
11985,YLR284C YPR055W,0.0,NA,0.0017700132448226213,2850,19055,11986,0,0.4377563364905137,0.130107281442593,1.0,0.6138655326825811,0.3861344673174189
11986,YKL019W YGR194C,0.0,NA,0.0017726547084748745,2850,19054,11987,0,0.43778584284913397,0.13011322132943753,1.0,0.6138333172256049,0.38616668277439514
11987,YNL085W YCR068W,0.0,NA,0.0017740728799253702,2850,19053,11988,0,0.4378153492077543,0.1301191617586632,1.0,0.6138011017686286,0.38619889823137143
11988,YMR183C YML026C,0.0,NA,0.0017748263198882341,2850,19052,11989,0,0.43784485556637454,0.13012510273034425,1.0,0.6137688863116524,0.38623111368834767
11989,YDR308C YCR063W,0.0,NA,0.0017751987325027585,2850,19051,11990,0,0.43787436192499485,0.13013104424455504,1.0,0.6137366708546761,0.3862633291453239
11990,YDL044C YPR031W,0.0,NA,0.0017753965221345425,2850,19050,11991,0,0.4379038682836151,0.13013698630136986,1.0,0.6137044553976998,0.3862955446023002
11991,YMR088C YML008C,0.0,NA,0.001776625751517713,2850,19049,11992,0,0.4379333746422354,0.13014292890086304,1.0,0.6136722399407235,0.38632776005927644
11992,YBL074C YOR321W,0.0,NA,0.0017771426355466247,2850,19048,11993,0,0.4379628810008557,0.13014887204310896,1.0,0.6136400244837473,0.3863599755162527
11993,YNL163C YBL100W-B,0.0,NA,0.0017775434534996748,2850,19047,11994,0,0.437992387359476,0.13015481572818194,1.0,0.613607809026771,0.38639219097322897
11994,YMR143W YJL060W,0.0,NA,0.0017779698828235269,2850,19046,11995,0,0.43802189371809624,0.13016075995615636,1.0,0.6135755935697947,0.3864244064302052
11995,YBR012W-A YKR080W,0.0,NA,0.0017793872393667698,2850,19045,11996,0,0.43805140007671656,0.13016670472710665,1.0,0.6135433781128186,0.3864566218871815
11996,YDR364C YHR086W,0.0,NA,0.0017797701293602586,2850,19044,11997,0,0.4380809064353368,0.13017265004110715,1.0,0.6135111626558423,0.38648883734415773
11997,YIL126W YMR184W,0.0,NA,0.0017821751534938812,2850,19043,11998,0,0.43811041279395707,0.1301785958982323,1.0,0.613478947198866,0.38652105280113397
11998,YGL144C YJR084W,0.0,NA,0.0017822327790781856,2850,19042,11999,0,0.4381399191525774,0.13018454229855655,1.0,0.6134467317418898,0.38655326825811026
11999,YLR238W YFR030W,0.0,NA,0.001782611128874123,2850,19041,12000,0,0.43816942551119764,0.13019048924215432,1.0,0.6134145162849135,0.3865854837150865
12000,YER072W YEL040W,0.0,NA,0.0017835202161222696,2850,19040,12001,0,0.43819893186981795,0.13019643672910006,1.0,0.6133823008279372,0.38661769917206273
12001,YDR081C YOL043C,0.0,NA,0.0017837833147495985,2850,19039,12002,0,0.4382284382284382,0.13020238475946821,1.0,0.613350085370961,0.386649914629039
12002,YOR299W YOL078W,0.0,NA,0.0017853241879492998,2850,19038,12003,0,0.4382579445870585,0.13020833333333334,1.0,0.6133178699139847,0.38668213008601526
12003,YDL188C YOR089C,0.0,NA,0.0017873707693070173,2850,19037,12004,0,0.4382874509456788,0.13021428245076985,1.0,0.6132856544570084,0.3867143455429915
12004,YOR115C YIR033W,0.0,NA,0.001788081368431449,2850,19036,12005,0,0.4383169573042991,0.13022023211185232,1.0,0.6132534390000323,0.3867465609999678
12005,YOR025W YLR131C,0.0,NA,0.0017881502863019705,2850,19035,12006,0,0.43834646366291935,0.13022618231665525,1.0,0.613221223543056,0.38677877645694403
12006,YCL031C YDR477W,0.0,NA,0.0017883257241919637,2850,19034,12007,0,0.43837597002153966,0.13023213306525316,1.0,0.6131890080860797,0.3868109919139203
12007,YJR046W YCR024C-A,0.0,NA,0.00178905192296952,2850,19033,12008,0,0.4384054763801599,0.1302380843577206,1.0,0.6131567926291035,0.38684320737089656
12008,YJL189W YBR105C,0.0,NA,0.0017891956958919764,2850,19032,12009,0,0.43843498273878023,0.13024403619413216,1.0,0.6131245771721272,0.3868754228278728
12009,YNR041C YMR028W,0.0,NA,0.001789430039934814,2850,19031,12010,0,0.4384644890974005,0.1302499885745624,1.0,0.6130923617151509,0.3869076382848491
12010,YML066C YDR007W,0.0,NA,0.0017899113008752465,2850,19030,12011,0,0.43849399545602075,0.13025594149908593,1.0,0.6130601462581746,0.3869398537418253
12011,YFL054C YJR143C,0.0,NA,0.0017901882529258728,2850,19029,12012,0,0.43852350181464106,0.13026189496777732,1.0,0.6130279308011984,0.38697206919880156
12012,YBR286W YIL103W,0.0,NA,0.0017904371488839388,2850,19028,12013,0,0.4385530081732613,0.13026784898071123,1.0,0.6129957153442221,0.38700428465577785
12013,YGR224W YDR110W,0.0,NA,0.0017907191067934036,2850,19027,12014,0,0.43858251453188163,0.13027380353796225,1.0,0.6129634998872459,0.3870365001127541
12014,YGR002C YLR430W,0.0,NA,0.0017912962939590216,2850,19026,12015,0,0.4386120208905019,0.13027975863960506,1.0,0.6129312844302697,0.3870687155697304
12015,YBR211C YKL019W,0.0,NA,0.0017915981588885188,2850,19025,12016,0,0.4386415272491222,0.13028571428571428,1.0,0.6128990689732934,0.3871009310267066
12016,YML052W YFR002W,0.0,NA,0.001792549155652523,2850,19024,12017,0,0.43867103360774246,0.13029167047636464,1.0,0.6128668535163171,0.38713314648368286
12017,YMR318C YLR141W,0.0,NA,0.0017928520683199167,2850,19023,12018,0,0.43870053996636277,0.13029762721163077,1.0,0.6128346380593409,0.38716536194065915
12018,YNL327W YAL041W,0.0,NA,0.0017929562600329518,2850,19022,12019,0,0.438730046324983,0.1303035844915874,1.0,0.6128024226023646,0.3871975773976354
12019,YAR050W YDR522C,0.0,NA,0.001794055919162929,2850,19021,12020,0,0.43875955268360334,0.13030954231630926,1.0,0.6127702071453883,0.3872297928546116
12020,YAL011W YBL037W,0.0,NA,0.0017941480036824942,2850,19020,12021,0,0.4387890590422236,0.13031550068587106,1.0,0.6127379916884121,0.3872620083115879
12021,YDL239C YLL063C,0.0,NA,0.001794743351638317,2850,19019,12022,0,0.4388185654008439,0.13032145960034752,1.0,0.6127057762314359,0.38729422376856415
12022,YPL259C YIL048W,0.0,NA,0.001794911571778357,2850,19018,12023,0,0.43884807175946416,0.13032741905981343,1.0,0.6126735607744596,0.38732643922554044
12023,YPL234C YOR212W,0.0,NA,0.0017951525514945388,2850,19017,12024,0,0.4388775781180844,0.13033337906434353,1.0,0.6126413453174834,0.3873586546825167
12024,YNR043W YDR427W,0.0,NA,0.0017964219441637397,2850,19016,12025,0,0.43890708447670473,0.13033933961401262,1.0,0.6126091298605071,0.3873908701394929
12025,YLL005C YDR381W,0.0,NA,0.001797787961550057,2850,19015,12026,0,0.438936590835325,0.1303453007088955,1.0,0.6125769144035308,0.3874230855964692
12026,YDR206W YOL016C,0.0,NA,0.001798155135475099,2850,19014,12027,0,0.4389660971939453,0.13035126234906697,1.0,0.6125446989465546,0.38745530105344544
12027,YFL048C YDR437W,0.0,NA,0.0017988630570471287,2850,19013,12028,0,0.43899560355256556,0.13035722453460183,1.0,0.6125124834895783,0.3874875165104217
12028,YBR082C YHR160C,0.0,NA,0.001799489022232592,2850,19012,12029,0,0.4390251099111859,0.13036318726557497,1.0,0.612480268032602,0.387519731967398
12029,YML099C YDR379W,0.0,NA,0.0017999336123466492,2850,19011,12030,0,0.43905461626980613,0.13036915054206122,1.0,0.6124480525756257,0.3875519474243742
12030,YDL136W YLR246W,0.0,NA,0.0018000544514507055,2850,19010,12031,0,0.43908412262842644,0.1303751143641354,1.0,0.6124158371186496,0.38758416288135045
12031,YGL004C YDR501W,0.0,NA,0.0018061695154756308,2850,19009,12032,0,0.4391136289870467,0.13038107873187246,1.0,0.6123836216616733,0.38761637833832674
12032,YLR388W YOL148C,0.0,NA,0.0018068590434268117,2850,19008,12033,0,0.439143135345667,0.13038704364534723,1.0,0.612351406204697,0.387648593795303
12033,YNL116W YIR011C,0.0,NA,0.001807105029001832,2850,19007,12034,0,0.43917264170428727,0.13039300910463467,1.0,0.6123191907477208,0.38768080925227927
12034,YPR182W YDR121W,0.0,NA,0.0018081289017573,2850,19006,12035,0,0.4392021480629076,0.13039897510980966,1.0,0.6122869752907445,0.3877130247092555
12035,YBR154C YHR123W,0.0,NA,0.0018096044659614563,2850,19005,12036,0,0.43923165442152784,0.13040494166094715,1.0,0.6122547598337682,0.38774524016623174
12036,snR11 YKR046C,0.0,NA,0.0018097200663760304,2850,19004,12037,0,0.4392611607801481,0.13041090875812208,1.0,0.612222544376792,0.38777745562320803
12037,YMR163C YNL263C,0.0,NA,0.0018104721093550324,2850,19003,12038,0,0.4392906671387684,0.13041687640140942,1.0,0.6121903289198157,0.38780967108018427
12038,YCL034W YJL137C,0.0,NA,0.0018124887719750404,2850,19002,12039,0,0.43932017349738867,0.13042284459088413,1.0,0.6121581134628394,0.3878418865371605
12039,YOR076C YMR088C,0.0,NA,0.0018134251004084945,2850,19001,12040,0,0.439349679856009,0.1304288133266212,1.0,0.6121258980058633,0.3878741019941368
12040,YGR145W YCR053W,0.0,NA,0.001813639304600656,2850,19000,12041,0,0.43937918621462924,0.13043478260869565,1.0,0.612093682548887,0.38790631745111304
12041,YFL049W YML051W,0.0,NA,0.0018148886738345027,2850,18999,12042,0,0.43940869257324955,0.13044075243718248,1.0,0.6120614670919107,0.38793853290808933
12042,YKL070W YJL134W,0.0,NA,0.0018154175486415625,2850,18998,12043,0,0.4394381989318698,0.13044672281215672,1.0,0.6120292516349345,0.38797074836506557
12043,YBR095C YDR158W,0.0,NA,0.001816089847125113,2850,18997,12044,0,0.4394677052904901,0.13045269373369342,1.0,0.6119970361779582,0.3880029638220418
12044,YJL167W YJR010W,0.0,NA,0.0018174006836488843,2850,18996,12045,0,0.4394972116491104,0.1304586652018676,1.0,0.6119648207209819,0.3880351792790181
12045,YBL027W YGL011C,0.0,NA,0.001818510121665895,2850,18995,12046,0,0.4395267180077307,0.13046463721675441,1.0,0.6119326052640057,0.38806739473599433
12046,YLR130C YKL210W,0.0,NA,0.001819233875721693,2850,18994,12047,0,0.43955622436635094,0.13047060977842886,1.0,0.6119003898070294,0.38809961019297057
12047,YJL184W YGL009C,0.0,NA,0.0018200497142970562,2850,18993,12048,0,0.43958573072497126,0.13047658288696606,1.0,0.6118681743500531,0.38813182564994686
12048,YLR263W YNL088W,0.0,NA,0.0018202039645984769,2850,18992,12049,0,0.4396152370835915,0.13048255654244117,1.0,0.6118359588930768,0.3881640411069231
12049,YGL206C YHR133C,0.0,NA,0.0018219617195427418,2850,18991,12050,0,0.43964474344221177,0.13048853074492925,1.0,0.6118037434361007,0.38819625656389933
12050,YMR044W YIL124W,0.0,NA,0.001822311314754188,2850,18990,12051,0,0.4396742498008321,0.1304945054945055,1.0,0.6117715279791244,0.3882284720208756
12051,YBR189W YOL078W,0.0,NA,0.0018228203989565372,2850,18989,12052,0,0.43970375615945234,0.13050048079124502,1.0,0.6117393125221481,0.38826068747785186
12052,YDL108W YDR522C,0.0,NA,0.0018260646611452103,2850,18988,12053,0,0.43973326251807265,0.130506456635223,1.0,0.6117070970651719,0.38829290293482815
12053,Q0160 YGR049W,0.0,NA,0.0018276437185704708,2850,18987,12054,0,0.4397627688766929,0.13051243302651463,1.0,0.6116748816081956,0.3883251183918044
12054,YML052W YCR042C,0.0,NA,0.0018282771343365312,2850,18986,12055,0,0.4397922752353132,0.1305184099651951,1.0,0.6116426661512193,0.38835733384878063
12055,YDR454C YLR029C,0.0,NA,0.0018284320831298828,2850,18985,12056,0,0.4398217815939335,0.1305243874513396,1.0,0.6116104506942431,0.3883895493057569
12056,YBR006W YIL144W,0.0,NA,0.0018299216171726584,2850,18984,12057,0,0.4398512879525538,0.13053036548502336,1.0,0.6115782352372668,0.38842176476273316
12057,YGL064C YDR293C,0.0,NA,0.0018306656274944544,2850,18983,12058,0,0.43988079431117405,0.1305363440663216,1.0,0.6115460197802906,0.3884539802197094
12058,YML049C YLR114C,0.0,NA,0.0018318413058295846,2850,18982,12059,0,0.43991030066979436,0.13054232319530965,1.0,0.6115138043233144,0.3884861956766857
12059,YJR127C YLL035W,0.0,NA,0.0018347804434597492,2850,18981,12060,0,0.4399398070284146,0.13054830287206268,1.0,0.6114815888663381,0.3885184111336619
12060,YMR306W YDR318W,0.0,NA,0.001839768374338746,2850,18980,12061,0,0.43996931338703493,0.13055428309665598,1.0,0.6114493734093618,0.3885506265906382
12061,YMR292W YGR286C,0.0,NA,0.0018398873507976532,2850,18979,12062,0,0.4399988197456552,0.13056026386916486,1.0,0.6114171579523856,0.38858284204761445
12062,YJL012C YBR127C,0.0,NA,0.0018403847934678197,2850,18978,12063,0,0.44002832610427545,0.13056624518966464,1.0,0.6113849424954093,0.3886150575045907
12063,YGL006W YPL010W,0.0,NA,0.0018407931784167886,2850,18977,12064,0,0.44005783246289576,0.13057222705823063,1.0,0.611352727038433,0.388647272961567
12064,YHR186C YOR038C,0.0,NA,0.00184180261567235,2850,18976,12065,0,0.440087338821516,0.13057820947493815,1.0,0.6113205115814568,0.3886794884185432
12065,YDL019C YOR320C,0.0,NA,0.0018432049546390772,2850,18975,12066,0,0.44011684518013633,0.13058419243986255,1.0,0.6112882961244805,0.38871170387551945
12066,YDR425W YLR150W,0.0,NA,0.0018441412830725312,2850,18974,12067,0,0.4401463515387566,0.13059017595307917,1.0,0.6112560806675043,0.38874391933249575
12067,YJL205C YPL065W,0.0,NA,0.0018444852903485298,2850,18973,12068,0,0.4401758578973769,0.13059616001466343,1.0,0.611223865210528,0.388776134789472
12068,YGR240C YER052C,0.0,NA,0.0018471385119482875,2850,18972,12069,0,0.44020536425599716,0.1306021446246907,1.0,0.6111916497535518,0.3888083502464482
12069,YAL043C YLR354C,0.0,NA,0.0018493967363610864,2850,18971,12070,0,0.44023487061461747,0.13060812978323633,1.0,0.6111594342965755,0.3888405657034245
12070,YBR055C YHR197W,0.0,NA,0.001850090455263853,2850,18970,12071,0,0.4402643769732377,0.1306141154903758,1.0,0.6111272188395992,0.38887278116040075
12071,YGL136C YGL207W,0.0,NA,0.0018535383278504014,2850,18969,12072,0,0.44029388333185804,0.13062010174618452,1.0,0.611095003382623,0.38890499661737704
12072,YBR036C YNL247W,0.0,NA,0.0018538401927798986,2850,18968,12073,0,0.4403233896904783,0.13062608855073793,1.0,0.6110627879256467,0.3889372120743533
12073,YDL132W YJL190C,0.0,NA,0.0018558239098638296,2850,18967,12074,0,0.4403528960490986,0.13063207590411147,1.0,0.6110305724686704,0.3889694275313295
12074,YHR172W YGL211W,0.0,NA,0.0018562284531071782,2850,18966,12075,0,0.44038240240771886,0.13063806380638063,1.0,0.6109983570116942,0.3890016429883058
12075,YMR281W YCR048W,0.0,NA,0.0018573154229670763,2850,18965,12076,0,0.4404119087663391,0.1306440522576209,1.0,0.610966141554718,0.38903385844528204
12076,YDR317W YOR226C,0.0,NA,0.001857398427091539,2850,18964,12077,0,0.44044141512495943,0.13065004125790777,1.0,0.6109339260977417,0.3890660739022583
12077,YHR079C YBR203W,0.0,NA,0.001858792151324451,2850,18963,12078,0,0.4404709214835797,0.13065603080731675,1.0,0.6109017106407655,0.3890982893592346
12078,YLL022C YLR194C,0.0,NA,0.0018595142755657434,2850,18962,12079,0,0.4405004278422,0.13066202090592335,1.0,0.6108694951837892,0.3891305048162108
12079,YER052C YOR133W,0.0,NA,0.0018615368753671646,2850,18961,12080,0,0.44052993420082026,0.13066801155380312,1.0,0.6108372797268129,0.3891627202731871
12080,YLR212C YCL052C,0.0,NA,0.0018617867026478052,2850,18960,12081,0,0.4405594405594406,0.13067400275103164,1.0,0.6108050642698367,0.38919493573016334
12081,YOL041C YLL010C,0.0,NA,0.0018622245406731963,2850,18959,12082,0,0.44058894691806083,0.13067999449768444,1.0,0.6107728488128604,0.3892271511871396
12082,YOL038W YGR238C,0.0,NA,0.0018631357233971357,2850,18958,12083,0,0.44061845327668114,0.1306859867938371,1.0,0.6107406333558841,0.38925936664411587
12083,YMR311C YDR213W,0.0,NA,0.0018658111803233624,2850,18957,12084,0,0.4406479596353014,0.13069197963956528,1.0,0.610708417898908,0.3892915821010921
12084,YCR018C YML048W,0.0,NA,0.0018667057156562805,2850,18956,12085,0,0.4406774659939217,0.13069797303494451,1.0,0.6106762024419317,0.38932379755806834
12085,YCR008W YLR102C,0.0,NA,0.0018722936511039734,2850,18955,12086,0,0.44070697235254197,0.13070396698005043,1.0,0.6106439869849554,0.38935601301504463
12086,YHR019C YKL040C,0.0,NA,0.0018726428970694542,2850,18954,12087,0,0.4407364787111623,0.13070996147495872,1.0,0.6106117715279791,0.38938822847202087
12087,YAL059W YOR159C,0.0,NA,0.001877347705885768,2850,18953,12088,0,0.44076598506978254,0.130715956519745,1.0,0.6105795560710029,0.3894204439289971
12088,YLR303W YGR197C,0.0,NA,0.0018773565534502268,2850,18952,12089,0,0.4407954914284028,0.1307219521144849,1.0,0.6105473406140266,0.3894526593859734
12089,YIL007C YLR102C,0.0,NA,0.001877386006526649,2850,18951,12090,0,0.4408249977870231,0.13072794825925416,1.0,0.6105151251570503,0.38948487484294964
12090,snR57 YDR158W,0.0,NA,0.0018775780918076634,2850,18950,12091,0,0.44085450414564337,0.13073394495412843,1.0,0.6104829097000741,0.3895170902999259
12091,YIL016W snR3,0.0,NA,0.0018782225670292974,2850,18949,12092,0,0.4408840105042637,0.13073994219918345,1.0,0.6104506942430978,0.38954930575690216
12092,YIR023W YKR022C,0.0,NA,0.0018790810136124492,2850,18948,12093,0,0.44091351686288394,0.1307459399944949,1.0,0.6104184787861215,0.3895815212138784
12093,YKR082W YDR510W,0.0,NA,0.0018808703171089292,2850,18947,12094,0,0.44094302322150425,0.13075193834013854,1.0,0.6103862633291454,0.3896137366708547
12094,YGL026C YOR063W,0.0,NA,0.0018837479874491692,2850,18946,12095,0,0.4409725295801245,0.1307579372361901,1.0,0.6103540478721691,0.38964595212783093
12095,YDR536W YML036W,0.0,NA,0.0018843631260097027,2850,18945,12096,0,0.4410020359387448,0.1307639366827254,1.0,0.6103218324151928,0.38967816758480717
12096,YDR054C YPL208W,0.0,NA,0.0018843765137717128,2850,18944,12097,0,0.4410315422973651,0.13076993667982012,1.0,0.6102896169582166,0.38971038304178346
12097,YGR254W YDR244W,0.0,NA,0.001885026111267507,2850,18943,12098,0,0.4410610486559854,0.13077593722755013,1.0,0.6102574015012403,0.3897425984987597
12098,YPL111W YEL056W,0.0,NA,0.0018874580273404717,2850,18942,12099,0,0.44109055501460565,0.1307819383259912,1.0,0.610225186044264,0.389774813955736
12099,YOL135C YLR188W,0.0,NA,0.0018905973993241787,2850,18941,12100,0,0.44112006137322596,0.13078793997521912,1.0,0.6101929705872878,0.3898070294127122
12100,YMR013C YOR374W,0.0,NA,0.0018907010089606047,2850,18940,12101,0,0.4411495677318462,0.13079394217530976,1.0,0.6101607551303115,0.38983924486968846
12101,YPR118W YDL179W,0.0,NA,0.0018907638732343912,2850,18939,12102,0,0.44117907409046647,0.13079994492633898,1.0,0.6101285396733352,0.38987146032666475
12102,YDR153C YDR059C,0.0,NA,0.0018910409417003393,2850,18938,12103,0,0.4412085804490868,0.1308059482283826,1.0,0.610096324216359,0.389903675783641
12103,YKL119C YPR121W,0.0,NA,0.0018925421172752976,2850,18937,12104,0,0.44123808680770704,0.1308119520815165,1.0,0.6100641087593828,0.3899358912406172
12104,YLR170C YLR009W,0.0,NA,0.0018926933407783508,2850,18936,12105,0,0.44126759316632735,0.13081795648581657,1.0,0.6100318933024065,0.3899681066975935
12105,YGL026C YIL014W,0.0,NA,0.0018935339758172631,2850,18935,12106,0,0.4412970995249476,0.13082396144135874,1.0,0.6099996778454302,0.39000032215456976
12106,YNR033W YHR208W,0.0,NA,0.0018962910398840904,2850,18934,12107,0,0.4413266058835679,0.13082996694821888,1.0,0.609967462388454,0.390032537611546
12107,YER100W YOR002W,0.0,NA,0.0018964407499879599,2850,18933,12108,0,0.4413561122421882,0.13083597300647293,1.0,0.6099352469314777,0.3900647530685223
12108,YDR408C YLR234W,0.0,NA,0.0018974501872435212,2850,18932,12109,0,0.4413856186008085,0.13084197961619687,1.0,0.6099030314745014,0.3900969685254985
12109,YOR237W ALD1,0.0,NA,0.0018974527483806014,2850,18931,12110,0,0.44141512495942875,0.1308479867774666,1.0,0.6098708160175252,0.3901291839824748
12110,YFR010W YAL001C,0.0,NA,0.0018975945422425866,2850,18930,12111,0,0.44144463131804906,0.13085399449035812,1.0,0.609838600560549,0.39016139943945105
12111,YER045C YDR224C,0.0,NA,0.0018981718458235264,2850,18929,12112,0,0.4414741376766693,0.1308600027549474,1.0,0.6098063851035727,0.3901936148964273
12112,YDR353W YNL233W,0.0,NA,0.0018986966460943222,2850,18928,12113,0,0.4415036440352896,0.1308660115713105,1.0,0.6097741696465965,0.3902258303534036
12113,YBR223C YBR265W,0.0,NA,0.0018994107376784086,2850,18927,12114,0,0.4415331503939099,0.13087202093952335,1.0,0.6097419541896202,0.3902580458103798
12114,YDR156W YER025W,0.0,NA,0.0019017490558326244,2850,18926,12115,0,0.44156265675253015,0.13087803085966201,1.0,0.6097097387326439,0.39029026126735605
12115,YDL082W YOL093W,0.0,NA,0.0019037285819649696,2850,18925,12116,0,0.44159216311115046,0.13088404133180254,1.0,0.6096775232756677,0.39032247672433235
12116,YOR119C YPL053C,0.0,NA,0.0019041290506720543,2850,18924,12117,0,0.4416216694697707,0.13089005235602094,1.0,0.6096453078186914,0.3903546921813086
12117,YKR020W YNL262W,0.0,NA,0.0019046013476327062,2850,18923,12118,0,0.44165117582839103,0.13089606393239334,1.0,0.6096130923617151,0.3903869076382849
12118,YDR451C YER022W,0.0,NA,0.001906016725115478,2850,18922,12119,0,0.4416806821870113,0.13090207606099577,1.0,0.6095808769047389,0.3904191230952611
12119,YHR172W YDR522C,0.0,NA,0.0019064785446971655,2850,18921,12120,0,0.4417101885456316,0.13090808874190438,1.0,0.6095486614477627,0.39045133855223735
12120,YPR201W YDL239C,0.0,NA,0.0019066083477810025,2850,18920,12121,0,0.44173969490425186,0.13091410197519524,1.0,0.6095164459907864,0.39048355400921364
12121,YPL188W YEL027W,0.0,NA,0.0019078326877206564,2850,18919,12122,0,0.44176920126287217,0.13092011576094445,1.0,0.6094842305338101,0.3905157694661899
12122,YIL040W YDR306C,0.0,NA,0.0019081397913396358,2850,18918,12123,0,0.4417987076214924,0.13092613009922824,1.0,0.6094520150768339,0.3905479849231661
12123,YDR101C YLR245C,0.0,NA,0.001908526523038745,2850,18917,12124,0,0.44182821398011274,0.13093214499012265,1.0,0.6094197996198576,0.3905802003801424
12124,YKR069W YJR127C,0.0,NA,0.001909248880110681,2850,18916,12125,0,0.441857720338733,0.13093816043370393,1.0,0.6093875841628813,0.39061241583711864
12125,YDR206W YIR027C,0.0,NA,0.001910927938297391,2850,18915,12126,0,0.44188722669735325,0.13094417643004824,1.0,0.6093553687059051,0.3906446312940949
12126,YKR085C YCL044C,0.0,NA,0.0019156658090651035,2850,18914,12127,0,0.44191673305597357,0.13095019297923177,1.0,0.6093231532489288,0.39067684675107117
12127,YGR283C YPL143W,0.0,NA,0.0019164171535521746,2850,18913,12128,0,0.4419462394145938,0.1309562100813307,1.0,0.6092909377919525,0.3907090622080474
12128,YJL080C YLR129W,0.0,NA,0.0019184256670996547,2850,18912,12129,0,0.44197574577321413,0.13096222773642127,1.0,0.6092587223349764,0.3907412776650237
12129,YBR298C YBR065C,0.0,NA,0.001919673173688352,2850,18911,12130,0,0.4420052521318344,0.13096824594457976,1.0,0.6092265068780001,0.39077349312199994
12130,YER008C YPR156C,0.0,NA,0.001920804614201188,2850,18910,12131,0,0.4420347584904547,0.13097426470588236,1.0,0.6091942914210238,0.3908057085789762
12131,YKL074C YGR249W,0.0,NA,0.0019211566541343927,2850,18909,12132,0,0.44206426484907496,0.13098028402040535,1.0,0.6091620759640476,0.39083792403595247
12132,YOR207C YNL286W,0.0,NA,0.0019221588736400008,2850,18908,12133,0,0.4420937712076953,0.13098630388822502,1.0,0.6091298605070713,0.3908701394929287
12133,YHR090C Q0115,0.0,NA,0.0019224800635129213,2850,18907,12134,0,0.44212327756631553,0.13099232430941765,1.0,0.609097645050095,0.39090235494990494
12134,YNL145W YJL080C,0.0,NA,0.001922984141856432,2850,18906,12135,0,0.44215278392493584,0.13099834528405957,1.0,0.6090654295931188,0.39093457040688123
12135,YGL058W YHR039C,0.0,NA,0.0019232697086408734,2850,18905,12136,0,0.4421822902835561,0.13100436681222707,1.0,0.6090332141361425,0.39096678586385747
12136,YKR068C YNR046W,0.0,NA,0.0019235169747844338,2850,18904,12137,0,0.4422117966421764,0.1310103888939965,1.0,0.6090009986791662,0.39099900132083376
12137,YDR436W YIL147C,0.0,NA,0.0019254504004493356,2850,18903,12138,0,0.44224130300079667,0.1310164115294442,1.0,0.6089687832221901,0.39103121677781
12138,YKL042W YOR159C,0.0,NA,0.0019281572895124555,2850,18902,12139,0,0.4422708093594169,0.13102243471864655,1.0,0.6089365677652138,0.39106343223478623
12139,YCL050C YOL012C,0.0,NA,0.001928437384776771,2850,18901,12140,0,0.44230031571803724,0.13102845846167993,1.0,0.6089043523082375,0.3910956476917625
12140,YKR057W YLR285W,0.0,NA,0.0019291662611067295,2850,18900,12141,0,0.4423298220766575,0.1310344827586207,1.0,0.6088721368512612,0.39112786314873876
12141,YHR068W YDR265W,0.0,NA,0.0019316449761390686,2850,18899,12142,0,0.4423593284352778,0.13104050760954528,1.0,0.608839921394285,0.391160078605715
12142,YJL087C YML007W,0.0,NA,0.0019325145985931158,2850,18898,12143,0,0.44238883479389807,0.13104653301453006,1.0,0.6088077059373087,0.3911922940626913
12143,YHR075C YBL002W,0.0,NA,0.001932967221364379,2850,18897,12144,0,0.4424183411525184,0.13105255897365153,1.0,0.6087754904803324,0.39122450951966753
12144,YER014C-A YHL028W,0.0,NA,0.0019332276424393058,2850,18896,12145,0,0.44244784751113864,0.13105858548698612,1.0,0.6087432750233562,0.39125672497664377
12145,YML076C YML036W,0.0,NA,0.001934574218466878,2850,18895,12146,0,0.44247735386975895,0.13106461255461024,1.0,0.6087110595663799,0.39128894043362006
12146,YMR226C YLR417W,0.0,NA,0.0019346423214301467,2850,18894,12147,0,0.4425068602283792,0.13107064017660044,1.0,0.6086788441094036,0.3913211558905963
12147,YJL050W YOR073W,0.0,NA,0.0019372847164049745,2850,18893,12148,0,0.4425363665869995,0.13107666835303317,1.0,0.6086466286524275,0.3913533713475726
12148,ALD1 YGR129W,0.0,NA,0.001938781701028347,2850,18892,12149,0,0.4425658729456198,0.1310826970839849,1.0,0.6086144131954512,0.3913855868045488
12149,YOR192C YJL081C,0.0,NA,0.0019425692735239863,2850,18891,12150,0,0.4425953793042401,0.13108872636953223,1.0,0.6085821977384749,0.39141780226152506
12150,YFR032C-A YER115C,0.0,NA,0.0019437780138105154,2850,18890,12151,0,0.44262488566286035,0.1310947562097516,1.0,0.6085499822814987,0.39145001771850135
12151,YNL025C YBR156C,0.0,NA,0.0019467005040496588,2850,18889,12152,0,0.4426543920214806,0.13110078660471963,1.0,0.6085177668245224,0.3914822331754776
12152,YDL140C YKL006W,0.0,NA,0.0019468710524961352,2850,18888,12153,0,0.4426838983801009,0.13110681755451284,1.0,0.6084855513675461,0.3915144486324538
12153,YJR075W YEL016C,0.0,NA,0.0019521752838045359,2850,18887,12154,0,0.4427134047387212,0.1311128490592078,1.0,0.6084533359105699,0.3915466640894301
12154,YGR289C YDR293C,0.0,NA,0.0019544351380318403,2850,18886,12155,0,0.4427429110973415,0.13111888111888112,1.0,0.6084211204535936,0.39157887954640636
12155,YMR297W YER069W,0.0,NA,0.001954790437594056,2850,18885,12156,0,0.44277241745596174,0.13112491373360938,1.0,0.6083889049966174,0.39161109500338265
12156,YKR039W YHR072W-A,0.0,NA,0.0019551997538655996,2850,18884,12157,0,0.44280192381458205,0.13113094690346921,1.0,0.6083566895396412,0.3916433104603589
12157,YIL040W YLR035C,0.0,NA,0.0019579895306378603,2850,18883,12158,0,0.4428314301732023,0.13113698062853724,1.0,0.6083244740826649,0.3916755259173351
12158,YER055C YDL113C,0.0,NA,0.0019593634642660618,2850,18882,12159,0,0.4428609365318226,0.1311430149088901,1.0,0.6082922586256886,0.3917077413743114
12159,YNL080C YPL023C,0.0,NA,0.0019606805872172117,2850,18881,12160,0,0.4428904428904429,0.13114904974460448,1.0,0.6082600431687123,0.39173995683128765
12160,YKL073W YLR320W,0.0,NA,0.0019609008450061083,2850,18880,12161,0,0.4429199492490632,0.13115508513575702,1.0,0.6082278277117361,0.3917721722882639
12161,YBR058C YOR195W,0.0,NA,0.0019616959616541862,2850,18879,12162,0,0.44294945560768345,0.13116112108242442,1.0,0.6081956122547598,0.3918043877452402
12162,YOL119C YGL071W,0.0,NA,0.001962235663086176,2850,18878,12163,0,0.44297896196630376,0.13116715758468336,1.0,0.6081633967977835,0.3918366032022164
12163,YDL125C YKR061W,0.0,NA,0.0019631360191851854,2850,18877,12164,0,0.443008468324924,0.13117319464261057,1.0,0.6081311813408073,0.3918688186591927
12164,YDR137W YGL178W,0.0,NA,0.0019636875949800014,2850,18876,12165,0,0.4430379746835443,0.1311792322562828,1.0,0.608098965883831,0.39190103411616894
12165,YDR361C YPR191W,0.0,NA,0.0019637285731732845,2850,18875,12166,0,0.4430674810421646,0.13118527042577677,1.0,0.6080667504268548,0.3919332495731452
12166,YDL132W YER104W,0.0,NA,0.0019656368531286716,2850,18874,12167,0,0.44309698740078485,0.13119130915116922,1.0,0.6080345349698786,0.3919654650301215
12167,YNL041C YGL051W,0.0,NA,0.001966829877346754,2850,18873,12168,0,0.44312649375940516,0.13119734843253694,1.0,0.6080023195129023,0.3919976804870977
12168,YHR088W YER112W,0.0,NA,0.001967489952221513,2850,18872,12169,0,0.4431560001180254,0.13120338826995673,1.0,0.607970104055926,0.39202989594407395
12169,YFR009W YLR011W,0.0,NA,0.001968532335013151,2850,18871,12170,0,0.44318550647664573,0.13120942866350535,1.0,0.6079378885989498,0.39206211140105024
12170,YLR215C YLL041C,0.0,NA,0.0019705682061612606,2850,18870,12171,0,0.443215012835266,0.13121546961325967,1.0,0.6079056731419735,0.3920943268580265
12171,YBR083W YDL042C,0.0,NA,0.001970976125448942,2850,18869,12172,0,0.4432445191938863,0.13122151111929647,1.0,0.6078734576849972,0.3921265423150027
12172,YGL062W YNL313C,0.0,NA,0.0019728089682757854,2850,18868,12173,0,0.44327402555250656,0.1312275531816926,1.0,0.607841242228021,0.392158757771979
12173,YGR040W YGL194C,0.0,NA,0.001973953563719988,2850,18867,12174,0,0.44330353191112687,0.13123359580052493,1.0,0.6078090267710448,0.39219097322895524
12174,YGL251C YKL092C,0.0,NA,0.001974336104467511,2850,18866,12175,0,0.4433330382697471,0.13123963897587032,1.0,0.6077768113140685,0.39222318868593153
12175,YCL033C YER146W,0.0,NA,0.0019750746432691813,2850,18865,12176,0,0.44336254462836744,0.13124568270780568,1.0,0.6077445958570923,0.39225540414290777
12176,YML038C YOR370C,0.0,NA,0.001977192470803857,2850,18864,12177,0,0.4433920509869877,0.13125172699640786,1.0,0.607712380400116,0.392287619599884
12177,YNL197C YOR095C,0.0,NA,0.0019783522002398968,2850,18863,12178,0,0.44342155734560795,0.1312577718417538,1.0,0.6076801649431397,0.3923198350568603
12178,YPL169C YER164W,0.0,NA,0.00198035198263824,2850,18862,12179,0,0.44345106370422827,0.13126381724392042,1.0,0.6076479494861634,0.39235205051383654
12179,YER042W YJR051W,0.0,NA,0.001981819747015834,2850,18861,12180,0,0.4434805700628485,0.13126986320298467,1.0,0.6076157340291872,0.3923842659708128
12180,YCR035C YDR147W,0.0,NA,0.0019822611939162016,2850,18860,12181,0,0.44351007642146884,0.1312759097190235,1.0,0.6075835185722109,0.39241648142778907
12181,YJL002C YGR251W,0.0,NA,0.001983002759516239,2850,18859,12182,0,0.4435395827800891,0.13128195679211388,1.0,0.6075513031152346,0.3924486968847653
12182,YGL145W YOR108W,0.0,NA,0.001983253750950098,2850,18858,12183,0,0.4435690891387094,0.1312880044223328,1.0,0.6075190876582585,0.3924809123417416
12183,YHR103W YPL154C,0.0,NA,0.0019839731976389885,2850,18857,12184,0,0.44359859549732966,0.1312940526097572,1.0,0.6074868722012822,0.39251312779871783
12184,YJL141C YNR038W,0.0,NA,0.0019849478267133236,2850,18856,12185,0,0.44362810185595,0.1313001013544642,1.0,0.6074546567443059,0.39254534325569407
12185,YLL038C YGL002W,0.0,NA,0.0019860202446579933,2850,18855,12186,0,0.44365760821457023,0.13130615065653076,1.0,0.6074224412873297,0.39257755871267036
12186,YML046W YDR523C,0.0,NA,0.0019862328190356493,2850,18854,12187,0,0.44368711457319054,0.1313122005160339,1.0,0.6073902258303534,0.3926097741696466
12187,YCR028C YOR269W,0.0,NA,0.0019883192144334316,2850,18853,12188,0,0.4437166209318108,0.13131825093305072,1.0,0.6073580103733771,0.39264198962662283
12188,YMR217W YPL127C,0.0,NA,0.0019904719665646553,2850,18852,12189,0,0.4437461272904311,0.1313243019076583,1.0,0.6073257949164009,0.3926742050835991
12189,YJR001W YGR180C,0.0,NA,0.0019907988607883453,2850,18851,12190,0,0.44377563364905137,0.13133035343993366,1.0,0.6072935794594246,0.39270642054057536
12190,YDR293C YPL043W,0.0,NA,0.001991230994462967,2850,18850,12191,0,0.44380514000767163,0.1313364055299539,1.0,0.6072613640024483,0.3927386359975516
12191,YDR498C YAL051W,0.0,NA,0.0019920337945222855,2850,18849,12192,0,0.44383464636629194,0.13134245817779622,1.0,0.6072291485454722,0.3927708514545279
12192,YJR123W YFL030W,0.0,NA,0.0019921227358281612,2850,18848,12193,0,0.4438641527249122,0.13134851138353765,1.0,0.6071969330884959,0.39280306691150413
12193,YGL216W YPR088C,0.0,NA,0.0019921341445297003,2850,18847,12194,0,0.4438936590835325,0.13135456514725538,1.0,0.6071647176315196,0.3928352823684804
12194,YDR408C YNL002C,0.0,NA,0.0019935329910367727,2850,18846,12195,0,0.44392316544215277,0.13136061946902655,1.0,0.6071325021745434,0.39286749782545666
12195,YMR043W YLR273C,0.0,NA,0.001993587939068675,2850,18845,12196,0,0.4439526718007731,0.13136667434892832,1.0,0.6071002867175671,0.3928997132824329
12196,YLR362W YIL140W,0.0,NA,0.001997255254536867,2850,18844,12197,0,0.44398217815939334,0.1313727297870379,1.0,0.6070680712605908,0.3929319287394092
12197,YKL171W YDL219W,0.0,NA,0.0020000231452286243,2850,18843,12198,0,0.44401168451801365,0.13137878578343246,1.0,0.6070358558036145,0.3929641441963854
12198,YMR322C YIL173W,0.0,NA,0.002000050852075219,2850,18842,12199,0,0.4440411908766339,0.1313848423381892,1.0,0.6070036403466383,0.39299635965336166
12199,YEL018W YLR120C,0.0,NA,0.00200246786698699,2850,18841,12200,0,0.4440706972352542,0.13139089945138538,1.0,0.606971424889662,0.39302857511033795
12200,YPL143W YDL185W,0.0,NA,0.002002545865252614,2850,18840,12201,0,0.4441002035938745,0.1313969571230982,1.0,0.6069392094326858,0.3930607905673142
12201,YKR079C YHR090C,0.0,NA,0.0020027756690979004,2850,18839,12202,0,0.4441297099524948,0.13140301535340496,1.0,0.6069069939757096,0.3930930060242905
12202,YDR099W YKR039W,0.0,NA,0.002003798494115472,2850,18838,12203,0,0.44415921631111505,0.1314090741423829,1.0,0.6068747785187333,0.3931252214812667
12203,YBR119W YDR517W,0.0,NA,0.0020046159625053406,2850,18837,12204,0,0.4441887226697353,0.13141513349010928,1.0,0.606842563061757,0.39315743693824295
12204,YOR068C YDR346C,0.0,NA,0.0020052159670740366,2850,18836,12205,0,0.4442182290283556,0.13142119339666145,1.0,0.6068103476047808,0.39318965239521925
12205,YDL063C YDR131C,0.0,NA,0.0020075258798897266,2850,18835,12206,0,0.4442477353869759,0.13142725386211668,1.0,0.6067781321478045,0.3932218678521955
12206,YMR100W YDR361C,0.0,NA,0.002008314011618495,2850,18834,12207,0,0.4442772417455962,0.1314333148865523,1.0,0.6067459166908282,0.3932540833091717
12207,YLR452C YHL048W,0.0,NA,0.0020083636045455933,2850,18833,12208,0,0.44430674810421644,0.13143937647004567,1.0,0.606713701233852,0.393286298766148
12208,YGR214W YGL198W,0.0,NA,0.00200836849398911,2850,18832,12209,0,0.44433625446283675,0.1314454386126741,1.0,0.6066814857768758,0.39331851422312425
12209,YBL032W YCL069W,0.0,NA,0.002012229524552822,2850,18831,12210,0,0.444365760821457,0.13145150131451502,1.0,0.6066492703198995,0.3933507296801005
12210,YFR001W YJL056C,0.0,NA,0.0020123033318668604,2850,18830,12211,0,0.4443952671800773,0.13145756457564575,1.0,0.6066170548629233,0.3933829451370768
12211,YKR034W YPL008W,0.0,NA,0.002013293793424964,2850,18829,12212,0,0.4444247735386976,0.13146362839614373,1.0,0.606584839405947,0.393415160594053
12212,YJR158W YLR449W,0.0,NA,0.0020158092956990004,2850,18828,12213,0,0.4444542798973179,0.13146969277608636,1.0,0.6065526239489707,0.3934473760510293
12213,YHL020C YBR203W,0.0,NA,0.0020167017355561256,2850,18827,12214,0,0.44448378625593815,0.13147575771555103,1.0,0.6065204084919945,0.39347959150800554
12214,YKR004C YMR179W,0.0,NA,0.0020177250262349844,2850,18826,12215,0,0.44451329261455846,0.13148182321461524,1.0,0.6064881930350182,0.3935118069649818
12215,YNL270C YER147C,0.0,NA,0.0020207844208925962,2850,18825,12216,0,0.4445427989731787,0.1314878892733564,1.0,0.6064559775780419,0.3935440224219581
12216,YPL252C YPL204W,0.0,NA,0.002021106658503413,2850,18824,12217,0,0.444572305331799,0.13149395589185198,1.0,0.6064237621210656,0.3935762378789343
12217,YPR176C YJR050W,0.0,NA,0.0020212691742926836,2850,18823,12218,0,0.4446018116904193,0.1315000230701795,1.0,0.6063915466640895,0.39360845333591055
12218,YMR297W YNL233W,0.0,NA,0.0020224680192768574,2850,18822,12219,0,0.44463131804903955,0.13150609080841638,1.0,0.6063593312071132,0.39364066879288684
12219,YIL010W YDR226W,0.0,NA,0.0020226980559527874,2850,18821,12220,0,0.44466082440765986,0.13151215910664021,1.0,0.6063271157501369,0.3936728842498631
12220,YDR473C YKL127W,0.0,NA,0.002022890606895089,2850,18820,12221,0,0.4446903307662801,0.13151822796492849,1.0,0.6062949002931607,0.39370509970683937
12221,YBR085W YMR182C,0.0,NA,0.0020229320507496595,2850,18819,12222,0,0.44471983712490043,0.13152429738335872,1.0,0.6062626848361844,0.3937373151638156
12222,YDR517W YFL022C,0.0,NA,0.0020232361275702715,2850,18818,12223,0,0.4447493434835207,0.1315303673620085,1.0,0.6062304693792081,0.39376953062079184
12223,YOR018W YDR404C,0.0,NA,0.0020240393932908773,2850,18817,12224,0,0.444778849842141,0.13153643790095537,1.0,0.6061982539222319,0.39380174607776813
12224,YIR017C YNL068C,0.0,NA,0.002024187706410885,2850,18816,12225,0,0.44480835620076126,0.13154250900027692,1.0,0.6061660384652556,0.39383396153474437
12225,YOR239W YML132W,0.0,NA,0.002027760725468397,2850,18815,12226,0,0.44483786255938157,0.13154858066005076,1.0,0.6061338230082793,0.3938661769917206
12226,YPL119C YIL166C,0.0,NA,0.0020281504839658737,2850,18814,12227,0,0.4448673689180018,0.1315546528803545,1.0,0.6061016075513032,0.3938983924486969
12227,YDL061C YGL238W,0.0,NA,0.002028159098699689,2850,18813,12228,0,0.44489687527662214,0.13156072566126575,1.0,0.6060693920943269,0.39393060790567314
12228,YKL018W YER029C,0.0,NA,0.0020382427610456944,2850,18812,12229,0,0.4449263816352424,0.13156679900286217,1.0,0.6060371766373506,0.3939628233626494
12229,YMR268C YML066C,0.0,NA,0.002038275822997093,2850,18811,12230,0,0.44495588799386265,0.13157287290522138,1.0,0.6060049611803744,0.39399503881962566
12230,YLR095C YPR046W,0.0,NA,0.0020401787478476763,2850,18810,12231,0,0.44498539435248297,0.13157894736842105,1.0,0.6059727457233981,0.3940272542766019
12231,YNR002C YDR313C,0.0,NA,0.0020408332347869873,2850,18809,12232,0,0.4450149007111032,0.1315850223925389,1.0,0.6059405302664218,0.3940594697335782
12232,YML052W YFL058W,0.0,NA,0.0020410644356161356,2850,18808,12233,0,0.44504440706972354,0.1315910979776526,1.0,0.6059083148094456,0.39409168519055443
12233,YBL001C YNL110C,0.0,NA,0.0020432674791663885,2850,18807,12234,0,0.4450739134283438,0.13159717412383987,1.0,0.6058760993524693,0.39412390064753067
12234,YIL132C YMR175W,0.0,NA,0.002048451453447342,2850,18806,12235,0,0.4451034197869641,0.13160325083117844,1.0,0.605843883895493,0.39415611610450696
12235,YOR299W YOR063W,0.0,NA,0.0020492812618613243,2850,18805,12236,0,0.44513292614558436,0.13160932809974601,1.0,0.6058116684385167,0.3941883315614832
12236,YJR131W YMR194W,0.0,NA,0.0020512042101472616,2850,18804,12237,0,0.4451624325042047,0.1316154059296204,1.0,0.6057794529815406,0.39422054701845943
12237,YLR350W YNL154C,0.0,NA,0.002052247989922762,2850,18803,12238,0,0.44519193886282493,0.13162148432087933,1.0,0.6057472375245643,0.3942527624754357
12238,YLR421C YOR249C,0.0,NA,0.0020529755856841803,2850,18802,12239,0,0.44522144522144524,0.1316275632736006,1.0,0.605715022067588,0.39428497793241196
12239,YBL056W YMR036C,0.0,NA,0.002053865697234869,2850,18801,12240,0,0.4452509515800655,0.131633642787862,1.0,0.6056828066106118,0.39431719338938825
12240,YIL132C YOR290C,0.0,NA,0.002054959535598755,2850,18800,12241,0,0.4452804579386858,0.13163972286374134,1.0,0.6056505911536355,0.3943494088463645
12241,YPL111W YLR240W,0.0,NA,0.0020573579240590334,2850,18799,12242,0,0.44530996429730607,0.13164580350131647,1.0,0.6056183756966592,0.3943816243033407
12242,YGL207W YOR204W,0.0,NA,0.0020574391819536686,2850,18798,12243,0,0.44533947065592633,0.1316518847006652,1.0,0.605586160239683,0.394413839760317
12243,YHR020W YDL005C,0.0,NA,0.002058357698842883,2850,18797,12244,0,0.44536897701454664,0.1316579664618654,1.0,0.6055539447827067,0.39444605521729326
12244,YDR427W YHL020C,0.0,NA,0.002059034537523985,2850,18796,12245,0,0.4453984833731669,0.1316640487849949,1.0,0.6055217293257305,0.3944782706742695
12245,YPL069C YML041C,0.0,NA,0.0020612883381545544,2850,18795,12246,0,0.4454279897317872,0.13167013167013167,1.0,0.6054895138687543,0.3945104861312458
12246,YEL017C-A YFR031C-A,0.0,NA,0.002061898587271571,2850,18794,12247,0,0.44545749609040747,0.13167621511735353,1.0,0.605457298411778,0.394542701588222
12247,YBL035C YPR069C,0.0,NA,0.0020630410872399807,2850,18793,12248,0,0.4454870024490278,0.13168229912673843,1.0,0.6054250829548017,0.39457491704519826
12248,YJL034W YDL038C,0.0,NA,0.0020651526283472776,2850,18792,12249,0,0.44551650880764804,0.1316883836983643,1.0,0.6053928674978255,0.39460713250217455
12249,YAL053W YOL123W,0.0,NA,0.002068336121737957,2850,18791,12250,0,0.44554601516626835,0.13169446883230904,1.0,0.6053606520408492,0.3946393479591508
12250,YDR412W YPL026C,0.0,NA,0.0020683922339230776,2850,18790,12251,0,0.4455755215248886,0.13170055452865065,1.0,0.6053284365838729,0.3946715634161271
12251,YNL007C YJR050W,0.0,NA,0.0020696159917861223,2850,18789,12252,0,0.4456050278835089,0.13170664078746708,1.0,0.6052962211268967,0.3947037788731033
12252,YKL104C YOL146W,0.0,NA,0.0020699086599051952,2850,18788,12253,0,0.4456345342421292,0.13171272760883632,1.0,0.6052640056699204,0.39473599433007955
12253,YCR010C YER089C,0.0,NA,0.00207089283503592,2850,18787,12254,0,0.4456640406007495,0.13171881499283636,1.0,0.6052317902129442,0.39476820978705585
12254,YGR286C YBR020W,0.0,NA,0.002076034201309085,2850,18786,12255,0,0.44569354695936975,0.1317249029395452,1.0,0.6051995747559679,0.3948004252440321
12255,YBR097W YPL010W,0.0,NA,0.00207647867500782,2850,18785,12256,0,0.44572305331799,0.1317309914490409,1.0,0.6051673592989917,0.3948326407010083
12256,YER082C YML026C,0.0,NA,0.0020830619614571333,2850,18784,12257,0,0.4457525596766103,0.13173708052140148,1.0,0.6051351438420154,0.3948648561579846
12257,YEL066W YGL001C,0.0,NA,0.002085246844217181,2850,18783,12258,0,0.4457820660352306,0.13174317015670503,1.0,0.6051029283850391,0.39489707161496085
12258,YDR098C YPL113C,0.0,NA,0.0020855385810136795,2850,18782,12259,0,0.4458115723938509,0.1317492603550296,1.0,0.6050707129280629,0.39492928707193714
12259,YML013W YER088C,0.0,NA,0.0020873574540019035,2850,18781,12260,0,0.44584107875247114,0.13175535111645323,1.0,0.6050384974710866,0.3949615025289134
12260,YOR230W YLR209C,0.0,NA,0.0020887404680252075,2850,18780,12261,0,0.44587058511109146,0.1317614424410541,1.0,0.6050062820141103,0.3949937179858896
12261,YBR161W YHR211W,0.0,NA,0.002088889479637146,2850,18779,12262,0,0.4459000914697117,0.13176753432891025,1.0,0.6049740665571341,0.3950259334428659
12262,YDL238C YGL065C,0.0,NA,0.0020907141733914614,2850,18778,12263,0,0.445929597828332,0.13177362678009988,1.0,0.6049418511001579,0.39505814889984214
12263,YGR147C YHR204W,0.0,NA,0.002091370988637209,2850,18777,12264,0,0.4459591041869523,0.13177971979470107,1.0,0.6049096356431816,0.3950903643568184
12264,YIL077C YKR003W,0.0,NA,0.002092314651235938,2850,18776,12265,0,0.4459886105455726,0.13178581337279202,1.0,0.6048774201862054,0.39512257981379467
12265,YPR144C YEL027W,0.0,NA,0.0020925276912748814,2850,18775,12266,0,0.44601811690419285,0.13179190751445086,1.0,0.6048452047292291,0.3951547952707709
12266,YMR292W YEL024W,0.0,NA,0.0020932089537382126,2850,18774,12267,0,0.4460476232628131,0.13179800221975582,1.0,0.6048129892722528,0.39518701072774715
12267,YKL192C YDR437W,0.0,NA,0.0020945619326084852,2850,18773,12268,0,0.4460771296214334,0.13180409748878508,1.0,0.6047807738152766,0.39521922618472344
12268,YPL204W YPL179W,0.0,NA,0.002094736322760582,2850,18772,12269,0,0.4461066359800537,0.13181019332161686,1.0,0.6047485583583003,0.3952514416416997
12269,YKL002W YGL167C,0.0,NA,0.0020949007011950016,2850,18771,12270,0,0.446136142338674,0.1318162897183294,1.0,0.604716342901324,0.39528365709867597
12270,YGL133W YPL268W,0.0,NA,0.0020961142145097256,2850,18770,12271,0,0.44616564869729425,0.13182238667900092,1.0,0.6046841274443479,0.3953158725556522
12271,YLL042C YDR288W,0.0,NA,0.0020964692812412977,2850,18769,12272,0,0.44619515505591456,0.1318284842037097,1.0,0.6046519119873716,0.39534808801262844
12272,YIR031C YLR080W,0.0,NA,0.0020997179672122,2850,18768,12273,0,0.4462246614145348,0.131834582292534,1.0,0.6046196965303953,0.39538030346960473
12273,YGL105W YOR341W,0.0,NA,0.0021019200794398785,2850,18767,12274,0,0.44625416777315513,0.13184068094555212,1.0,0.604587481073419,0.39541251892658097
12274,YLL019C YMR156C,0.0,NA,0.002104418119415641,2850,18766,12275,0,0.4462836741317754,0.13184678016284235,1.0,0.6045552656164428,0.3954447343835572
12275,YDR498C YDR330W,0.0,NA,0.0021047135815024376,2850,18765,12276,0,0.4463131804903957,0.131852879944483,1.0,0.6045230501594665,0.3954769498405335
12276,YGL195W YNR038W,0.0,NA,0.0021047506015747786,2850,18764,12277,0,0.44634268684901596,0.13185898029055243,1.0,0.6044908347024902,0.39550916529750973
12277,YDR389W YDL007W,0.0,NA,0.002105433726683259,2850,18763,12278,0,0.44637219320763627,0.13186508120112894,1.0,0.604458619245514,0.395541380754486
12278,YDR098C YGL197W,0.0,NA,0.0021057662088423967,2850,18762,12279,0,0.4464016995662565,0.13187118267629094,1.0,0.6044264037885377,0.39557359621146226
12279,YDR221W YOR143C,0.0,NA,0.0021069732028990984,2850,18761,12280,0,0.4464312059248768,0.1318772847161168,1.0,0.6043941883315614,0.3956058116684385
12280,YDR181C YEL055C,0.0,NA,0.0021102740429341793,2850,18760,12281,0,0.4464607122834971,0.13188338732068486,1.0,0.6043619728745853,0.3956380271254148
12281,YBR293W YER030W,0.0,NA,0.0021118030417710543,2850,18759,12282,0,0.44649021864211735,0.1318894904900736,1.0,0.604329757417609,0.39567024258239103
12282,YDL212W YDL081C,0.0,NA,0.0021130815148353577,2850,18758,12283,0,0.44651972500073767,0.13189559422436134,1.0,0.6042975419606327,0.39570245803936727
12283,YGL194C YJL060W,0.0,NA,0.0021134987473487854,2850,18757,12284,0,0.4465492313593579,0.1319016985236266,1.0,0.6042653265036565,0.39573467349634356
12284,YEL022W YBR016W,0.0,NA,0.0021161686163395643,2850,18756,12285,0,0.44657873771797824,0.1319078033879478,1.0,0.6042331110466802,0.3957668889533198
12285,YLR301W YAL021C,0.0,NA,0.0021173309069126844,2850,18755,12286,0,0.4466082440765985,0.1319139088174034,1.0,0.6042008955897039,0.3957991044102961
12286,YBR036C YKL067W,0.0,NA,0.002120579592883587,2850,18754,12287,0,0.4466377504352188,0.13192001481207183,1.0,0.6041686801327277,0.3958313198672723
12287,YDR302W YLR307W,0.0,NA,0.0021211677230894566,2850,18753,12288,0,0.44666725679383906,0.13192612137203166,1.0,0.6041364646757514,0.39586353532424856
12288,tG(GCC)P2 YFL041W,0.0,NA,0.0021215402521193027,2850,18752,12289,0,0.4466967631524594,0.13193222849736136,1.0,0.6041042492187751,0.39589575078122485
12289,YBR276C YDR343C,0.0,NA,0.002121581695973873,2850,18751,12290,0,0.44672626951107963,0.13193833618813944,1.0,0.604072033761799,0.3959279662382011
12290,YDR160W YLR319C,0.0,NA,0.002122472273185849,2850,18750,12291,0,0.44675577586969994,0.13194444444444445,1.0,0.6040398183048227,0.3959601816951773
12291,YPR070W YFL008W,0.0,NA,0.002123880432918668,2850,18749,12292,0,0.4467852822283202,0.13195055326635494,1.0,0.6040076028478464,0.3959923971521536
12292,YNL059C YNL318C,0.0,NA,0.0021250846330076456,2850,18748,12293,0,0.44681478858694046,0.13195666265394945,1.0,0.6039753873908701,0.39602461260912986
12293,YBR264C YLR396C,0.0,NA,0.002126240637153387,2850,18747,12294,0,0.44684429494556077,0.13196277260730657,1.0,0.6039431719338939,0.3960568280661061
12294,YMR307W YLR227C,0.0,NA,0.0021281696390360594,2850,18746,12295,0,0.44687380130418103,0.1319688831265049,1.0,0.6039109564769176,0.3960890435230824
12295,YOR119C YOR138C,0.0,NA,0.0021283389069139957,2850,18745,12296,0,0.44690330766280134,0.13197499421162306,1.0,0.6038787410199413,0.3961212589800586
12296,YDR460W YBL058W,0.0,NA,0.0021284311078488827,2850,18744,12297,0,0.4469328140214216,0.13198110586273964,1.0,0.6038465255629651,0.3961534744370349
12297,YML014W YJR132W,0.0,NA,0.0021294623147696257,2850,18743,12298,0,0.4469623203800419,0.1319872180799333,1.0,0.6038143101059888,0.39618568989401115
12298,YER014C-A YOL110W,0.0,NA,0.0021303165704011917,2850,18742,12299,0,0.44699182673866217,0.1319933308632827,1.0,0.6037820946490126,0.3962179053509874
12299,YDR311W YLR436C,0.0,NA,0.002130749635398388,2850,18741,12300,0,0.4470213330972825,0.13199944421286647,1.0,0.6037498791920364,0.3962501208079637
12300,YKL017C YBR299W,0.0,NA,0.0021310984157025814,2850,18740,12301,0,0.44705083945590274,0.13200555812876333,1.0,0.6037176637350601,0.3962823362649399
12301,YLL036C YJL060W,0.0,NA,0.0021311703603714705,2850,18739,12302,0,0.44708034581452305,0.13201167261105193,1.0,0.6036854482780838,0.39631455172191615
12302,YPL283C YLR399C,0.0,NA,0.0021314085461199284,2850,18738,12303,0,0.4471098521731433,0.132017787659811,1.0,0.6036532328211076,0.39634676717889245
12303,YIL156W YOR247W,0.0,NA,0.002132461639121175,2850,18737,12304,0,0.4471393585317636,0.1320239032751193,1.0,0.6036210173641313,0.3963789826358687
12304,YDR368W YBR079C,0.0,NA,0.002135886810719967,2850,18736,12305,0,0.4471688648903839,0.1320300194570555,1.0,0.603588801907155,0.396411198092845
12305,YDR480W YDL093W,0.0,NA,0.002136185532435775,2850,18735,12306,0,0.44719837124900413,0.1320361362056984,1.0,0.6035565864501788,0.3964434135498212
12306,YFL017C YGL045W,0.0,NA,0.0021400973200798035,2850,18734,12307,0,0.44722787760762445,0.13204225352112675,1.0,0.6035243709932026,0.39647562900679745
12307,YDR368W YPL140C,0.0,NA,0.002144110156223178,2850,18733,12308,0,0.4472573839662447,0.13204837140341935,1.0,0.6034921555362263,0.39650784446377374
12308,YPR056W YJL198W,0.0,NA,0.0021443571895360947,2850,18732,12309,0,0.447286890324865,0.132054489852655,1.0,0.6034599400792501,0.39654005992075
12309,YPL117C YKR102W,0.0,NA,0.002144779544323683,2850,18731,12310,0,0.4473163966834853,0.13206060886891247,1.0,0.6034277246222738,0.3965722753777262
12310,YHR174W YCR020W-B,0.0,NA,0.002144794911146164,2850,18730,12311,0,0.4473459030421056,0.13206672845227063,1.0,0.6033955091652975,0.3966044908347025
12311,YCR018C YML105C,0.0,NA,0.0021456389222294092,2850,18729,12312,0,0.44737540940072584,0.1320728486028083,1.0,0.6033632937083212,0.39663670629167874
12312,YER038C YEL029C,0.0,NA,0.0021460086572915316,2850,18728,12313,0,0.44740491575934616,0.1320789693206043,1.0,0.603331078251345,0.396668921748655
12313,YCR033W YLR043C,0.0,NA,0.002147003309801221,2850,18727,12314,0,0.4474344221179664,0.1320850906057376,1.0,0.6032988627943687,0.39670113720563127
12314,YDL087C YDR014W,0.0,NA,0.002147542778402567,2850,18726,12315,0,0.4474639284765867,0.13209121245828698,1.0,0.6032666473373924,0.3967333526626075
12315,YLR106C YBR042C,0.0,NA,0.0021477737464010715,2850,18725,12316,0,0.447493434835207,0.1320973348783314,1.0,0.6032344318804163,0.3967655681195838
12316,YKL112W YLR214W,0.0,NA,0.002148813335224986,2850,18724,12317,0,0.4475229411938273,0.13210345786594976,1.0,0.60320221642344,0.39679778357656004
12317,YPR173C YKL116C,0.0,NA,0.002149513689801097,2850,18723,12318,0,0.44755244755244755,0.13210958142122098,1.0,0.6031700009664637,0.3968299990335363
12318,YLR005W YBL084C,0.0,NA,0.002150667831301689,2850,18722,12319,0,0.4475819539110678,0.132115705544224,1.0,0.6031377855094875,0.39686221449051257
12319,YOL080C YBL005W-B,0.0,NA,0.0021513698156923056,2850,18721,12320,0,0.4476114602696881,0.1321218302350378,1.0,0.6031055700525112,0.3968944299474888
12320,YOL162W YNL299W,0.0,NA,0.0021524284966289997,2850,18720,12321,0,0.4476409666283084,0.13212795549374132,1.0,0.6030733545955349,0.39692664540446504
12321,YBR105C YHR208W,0.0,NA,0.0021577842999249697,2850,18719,12322,0,0.4476704729869287,0.13213408132041354,1.0,0.6030411391385587,0.39695886086144133
12322,YMR016C YGL011C,0.0,NA,0.002159315627068281,2850,18718,12323,0,0.44769997934554895,0.13214020771513352,1.0,0.6030089236815824,0.39699107631841757
12323,YNL156C YDL076C,0.0,NA,0.0021602457854896784,2850,18717,12324,0,0.44772948570416926,0.13214633467798026,1.0,0.6029767082246061,0.39702329177539386
12324,YML060W YOR168W,0.0,NA,0.0021610825788229704,2850,18716,12325,0,0.4477589920627895,0.13215246220903273,1.0,0.60294449276763,0.3970555072323701
12325,YLR115W YIR001C,0.0,NA,0.0021647491957992315,2850,18715,12326,0,0.44778849842140983,0.13215859030837004,1.0,0.6029122773106537,0.39708772268934633
12326,YPL029W YBR088C,0.0,NA,0.002164775040000677,2850,18714,12327,0,0.4478180047800301,0.13216471897607124,1.0,0.6028800618536774,0.3971199381463226
12327,YBR278W YBR210W,0.0,NA,0.002164904959499836,2850,18713,12328,0,0.4478475111386504,0.13217084821221536,1.0,0.6028478463967012,0.39715215360329886
12328,YNL117W YBR267W,0.0,NA,0.0021651408169418573,2850,18712,12329,0,0.44787701749727066,0.13217697801688155,1.0,0.6028156309397249,0.3971843690602751
12329,YKL093W YDR246W,0.0,NA,0.002165216952562332,2850,18711,12330,0,0.44790652385589097,0.13218310839014888,1.0,0.6027834154827486,0.3972165845172514
12330,YLR119W YDR312W,0.0,NA,0.002165560144931078,2850,18710,12331,0,0.4479360302145112,0.13218923933209648,1.0,0.6027512000257723,0.39724879997422763
12331,YLR128W YPL070W,0.0,NA,0.0021672197617590427,2850,18709,12332,0,0.4479655365731315,0.13219537084280347,1.0,0.6027189845687961,0.39728101543120387
12332,YPL218W YCL025C,0.0,NA,0.0021684460807591677,2850,18708,12333,0,0.4479950429317518,0.132201502922349,1.0,0.6026867691118198,0.39731323088818016
12333,YIR005W YBR202W,0.0,NA,0.002168468665331602,2850,18707,12334,0,0.44802454929037205,0.13220763557081228,1.0,0.6026545536548435,0.3973454463451564
12334,YGL038C YJR094W-A,0.0,NA,0.0021702235098928213,2850,18706,12335,0,0.44805405564899237,0.1322137687882724,1.0,0.6026223381978674,0.3973776618021327
12335,YCR033W YGL001C,0.0,NA,0.002170309191569686,2850,18705,12336,0,0.4480835620076126,0.13221990257480862,1.0,0.6025901227408911,0.3974098772591089
12336,YKL210W YDL175C,0.0,NA,0.0021710714790970087,2850,18704,12337,0,0.44811306836623294,0.13222603693050014,1.0,0.6025579072839148,0.39744209271608516
12337,YPL275W YER011W,0.0,NA,0.0021716374903917313,2850,18703,12338,0,0.4481425747248532,0.13223217185542616,1.0,0.6025256918269386,0.39747430817306145
12338,YML011C YBR004C,0.0,NA,0.0021721303928643465,2850,18702,12339,0,0.4481720810834735,0.13223830734966593,1.0,0.6024934763699623,0.3975065236300377
12339,YER044C YGL016W,0.0,NA,0.002172895474359393,2850,18701,12340,0,0.44820158744209376,0.1322444434132987,1.0,0.602461260912986,0.3975387390870139
12340,YGL175C YDL214C,0.0,NA,0.002172955311834812,2850,18700,12341,0,0.4482310938007141,0.13225058004640372,1.0,0.6024290454560098,0.3975709545439902
12341,YLR102C YJL092W,0.0,NA,0.002177214017137885,2850,18699,12342,0,0.44826060015933433,0.13225671724906027,1.0,0.6023968299990335,0.39760317000096645
12342,YOR245C YIL115C,0.0,NA,0.002177830319851637,2850,18698,12343,0,0.44829010651795465,0.1322628550213477,1.0,0.6023646145420573,0.39763538545794275
12343,tA(AGC)K1 YPR191W,0.0,NA,0.0021796973887830973,2850,18697,12344,0,0.4483196128765749,0.13226899336334524,1.0,0.6023323990850811,0.397667600914919
12344,YJL072C YDR302W,0.0,NA,0.002182876458391547,2850,18696,12345,0,0.44834911923519516,0.13227513227513227,1.0,0.6023001836281048,0.3976998163718952
12345,YLR373C YPR088C,0.0,NA,0.0021829709876328707,2850,18695,12346,0,0.44837862559381547,0.1322812717567881,1.0,0.6022679681711285,0.3977320318288715
12346,YNL002C YLR417W,0.0,NA,0.002187600824981928,2850,18694,12347,0,0.44840813195243573,0.13228741180839212,1.0,0.6022357527141522,0.39776424728584775
12347,YLR216C YKL186C,0.0,NA,0.0021887857001274824,2850,18693,12348,0,0.44843763831105604,0.13229355243002366,1.0,0.602203537257176,0.397796462742824
12348,YNL289W YPL033C,0.0,NA,0.0021931431256234646,2850,18692,12349,0,0.4484671446696763,0.13229969362176214,1.0,0.6021713218001997,0.3978286781998003
12349,YNL246W YBL064C,0.0,NA,0.002193210879340768,2850,18691,12350,0,0.4484966510282966,0.13230583538368693,1.0,0.6021391063432234,0.3978608936567765
12350,YJL087C YNL239W,0.0,NA,0.0021936160046607256,2850,18690,12351,0,0.44852615738691687,0.13231197771587744,1.0,0.6021068908862472,0.39789310911375275
12351,YDL190C YLR250W,0.0,NA,0.002194303786382079,2850,18689,12352,0,0.4485556637455372,0.1323181206184131,1.0,0.602074675429271,0.39792532457072904
12352,YIR001C YDL080C,0.0,NA,0.0021947422064840794,2850,18688,12353,0,0.44858517010415744,0.13232426409137338,1.0,0.6020424599722947,0.3979575400277053
12353,YAL026C YLL031C,0.0,NA,0.0021954441908746958,2850,18687,12354,0,0.44861467646277775,0.13233040813483773,1.0,0.6020102445153185,0.3979897554846816
12354,YER122C YFL025C,0.0,NA,0.002196873538196087,2850,18686,12355,0,0.448644182821398,0.1323365527488856,1.0,0.6019780290583422,0.3980219709416578
12355,YPL113C YLR354C,0.0,NA,0.002197267720475793,2850,18685,12356,0,0.4486736891800183,0.13234269793359646,1.0,0.6019458136013659,0.39805418639863405
12356,YOL067C YEL061C,0.0,NA,0.002200459595769644,2850,18684,12357,0,0.4487031955386386,0.13234884368904987,1.0,0.6019135981443897,0.39808640185561034
12357,YBL003C YBR059C,0.0,NA,0.002200821880251169,2850,18683,12358,0,0.44873270189725883,0.1323549900153253,1.0,0.6018813826874134,0.3981186173125866
12358,YBL046W YLR214W,0.0,NA,0.002201722702011466,2850,18682,12359,0,0.44876220825587915,0.13236113691250231,1.0,0.6018491672304371,0.3981508327695628
12359,YDR379W YDR141C,0.0,NA,0.0022032682318240404,2850,18681,12360,0,0.4487917146144994,0.13236728438066045,1.0,0.601816951773461,0.3981830482265391
12360,YPR201W YNL241C,0.0,NA,0.0022040053736418486,2850,18680,12361,0,0.4488212209731197,0.13237343241987923,1.0,0.6017847363164847,0.39821526368351534
12361,YDR350C YNL016W,0.0,NA,0.002204006537795067,2850,18679,12362,0,0.44885072733174,0.13237958103023828,1.0,0.6017525208595084,0.39824747914049163
12362,YKL088W YML078W,0.0,NA,0.002204621909186244,2850,18678,12363,0,0.4488802336903603,0.13238573021181718,1.0,0.6017203054025322,0.39827969459746787
12363,YGR087C YAL021C,0.0,NA,0.002206093166023493,2850,18677,12364,0,0.44890974004898054,0.1323918799646955,1.0,0.6016880899455559,0.3983119100544441
12364,YAL044C YNL127W,0.0,NA,0.002207231242209673,2850,18676,12365,0,0.44893924640760086,0.1323980302889529,1.0,0.6016558744885796,0.3983441255114204
12365,YNL021W YKR082W,0.0,NA,0.002208919497206807,2850,18675,12366,0,0.4489687527662211,0.13240418118466898,1.0,0.6016236590316033,0.39837634096839664
12366,YLR024C YIL014W,0.0,NA,0.0022092440631240606,2850,18674,12367,0,0.4489982591248414,0.13241033265192342,1.0,0.6015914435746271,0.3984085564253729
12367,YLR195C YMR046C,0.0,NA,0.002212137682363391,2850,18673,12368,0,0.4490277654834617,0.1324164846907959,1.0,0.6015592281176508,0.39844077188234917
12368,YLR051C YJL222W,0.0,NA,0.0022146832197904587,2850,18672,12369,0,0.449057271842082,0.13242263730136605,1.0,0.6015270126606745,0.3984729873393254
12369,YOR377W YCR020C-A,0.0,NA,0.0022148664575070143,2850,18671,12370,0,0.44908677820070225,0.1324287904837136,1.0,0.6014947972036984,0.39850520279630164
12370,YIL061C YDR035W,0.0,NA,0.002215863671153784,2850,18670,12371,0,0.4491162845593225,0.1324349442379182,1.0,0.6014625817467221,0.39853741825327793
12371,YMR112C YPL269W,0.0,NA,0.002215876244008541,2850,18669,12372,0,0.4491457909179428,0.13244109856405967,1.0,0.6014303662897458,0.39856963371025417
12372,YAL040C YDR466W,0.0,NA,0.0022178960498422384,2850,18668,12373,0,0.4491752972765631,0.13244725346221767,1.0,0.6013981508327696,0.39860184916723046
12373,YPR201W YMR081C,0.0,NA,0.002221428556367755,2850,18667,12374,0,0.4492048036351834,0.132453408932472,1.0,0.6013659353757933,0.3986340646242067
12374,YCL051W YDR246W,0.0,NA,0.0022236364893615246,2850,18666,12375,0,0.44923430999380365,0.1324595649749024,1.0,0.601333719918817,0.39866628008118293
12375,YGL045W YLL050C,0.0,NA,0.0022237137891352177,2850,18665,12376,0,0.44926381635242396,0.13246572158958866,1.0,0.6013015044618408,0.3986984955381592
12376,YDR236C YDR017C,0.0,NA,0.002224912866950035,2850,18664,12377,0,0.4492933227110442,0.13247187877661057,1.0,0.6012692890048645,0.39873071099513546
12377,YHR020W YOR113W,0.0,NA,0.00222495524212718,2850,18663,12378,0,0.44932282906966453,0.13247803653604798,1.0,0.6012370735478882,0.3987629264521117
12378,YDL219W YNL108C,0.0,NA,0.0022270171903073788,2850,18662,12379,0,0.4493523354282848,0.13248419486798066,1.0,0.6012048580909121,0.398795141909088
12379,YGL137W YKR007W,0.0,NA,0.002228404628112912,2850,18661,12380,0,0.4493818417869051,0.1324903537724885,1.0,0.6011726426339358,0.39882735736606423
12380,YOR061W YIR001C,0.0,NA,0.0022285720333456993,2850,18660,12381,0,0.44941134814552536,0.13249651324965134,1.0,0.6011404271769595,0.3988595728230405
12381,YLR070C YOR038C,0.0,NA,0.002229420468211174,2850,18659,12382,0,0.44944085450414567,0.13250267329954904,1.0,0.6011082117199833,0.39889178828001676
12382,YJL031C YBL071W-A,0.0,NA,0.0022298533003777266,2850,18658,12383,0,0.4494703608627659,0.13250883392226148,1.0,0.601075996263007,0.398924003736993
12383,YOL101C YDR253C,0.0,NA,0.0022309941705316305,2850,18657,12384,0,0.4494998672213862,0.1325149951178686,1.0,0.6010437808060307,0.3989562191939693
12384,YDL224C YEL059C-A,0.0,NA,0.0022312530782073736,2850,18656,12385,0,0.4495293735800065,0.1325211568864503,1.0,0.6010115653490544,0.3989884346509455
12385,YGL195W YBR223C,0.0,NA,0.002231673337519169,2850,18655,12386,0,0.44955887993862675,0.1325273192280865,1.0,0.6009793498920782,0.39902065010792176
12386,YNL302C YJR094W-A,0.0,NA,0.0022323490120470524,2850,18654,12387,0,0.44958838629724707,0.13253348214285715,1.0,0.600947134435102,0.39905286556489805
12387,YOL032W YMR235C,0.0,NA,0.0022332847584038973,2850,18653,12388,0,0.4496178926558673,0.1325396456308422,1.0,0.6009149189781257,0.3990850810218743
12388,YKR035W-A YOR138C,0.0,NA,0.0022333855740725994,2850,18652,12389,0,0.44964739901448764,0.13254580969212165,1.0,0.6008827035211495,0.3991172964788505
12389,YJL085W YJR110W,0.0,NA,0.002236866159364581,2850,18651,12390,0,0.4496769053731079,0.1325519743267755,1.0,0.6008504880641732,0.3991495119358268
12390,YER155C YAL041W,0.0,NA,0.0022398396395146847,2850,18650,12391,0,0.4497064117317282,0.1325581395348837,1.0,0.6008182726071969,0.39918172739280305
12391,YCR106W YOR089C,0.0,NA,0.00224071997217834,2850,18649,12392,0,0.44973591809034846,0.13256430531652635,1.0,0.6007860571502207,0.39921394284977935
12392,YJL173C YNR058W,0.0,NA,0.002242067828774452,2850,18648,12393,0,0.4497654244489688,0.13257047167178343,1.0,0.6007538416932444,0.3992461583067556
12393,YNL124W YCR002C,0.0,NA,0.0022433612029999495,2850,18647,12394,0,0.44979493080758903,0.132576638600735,1.0,0.6007216262362681,0.3992783737637318
12394,YOR100C YBR210W,0.0,NA,0.0022437304724007845,2850,18646,12395,0,0.44982443716620935,0.1325828061034611,1.0,0.6006894107792919,0.3993105892207081
12395,YFL041W YPL076W,0.0,NA,0.0022462832275778055,2850,18645,12396,0,0.4498539435248296,0.13258897418004187,1.0,0.6006571953223157,0.39934280467768435
12396,YPL029W YER051W,0.0,NA,0.0022499978076666594,2850,18644,12397,0,0.44988344988344986,0.13259514283055737,1.0,0.6006249798653394,0.3993750201346606
12397,YOR117W YHR046C,0.0,NA,0.002251319121569395,2850,18643,12398,0,0.44991295624207017,0.1326013120550877,1.0,0.6005927644083632,0.3994072355916369
12398,YML077W YCR017C,0.0,NA,0.0022514788433909416,2850,18642,12399,0,0.44994246260069043,0.13260748185371302,1.0,0.6005605489513869,0.3994394510486131
12399,YBL019W YOR216C,0.0,NA,0.0022518602199852467,2850,18641,12400,0,0.44997196895931074,0.13261365222651342,1.0,0.6005283334944106,0.3994716665055894
12400,YOR367W YLR248W,0.0,NA,0.0022532446309924126,2850,18640,12401,0,0.450001475317931,0.1326198231735691,1.0,0.6004961180374344,0.39950388196256564
12401,YMR162C YOL111C,0.0,NA,0.0022537463810294867,2850,18639,12402,0,0.4500309816765513,0.13262599469496023,1.0,0.6004639025804581,0.3995360974195419
12402,YOR244W YER030W,0.0,NA,0.002254485385492444,2850,18638,12403,0,0.45006048803517157,0.13263216679076695,1.0,0.6004316871234818,0.3995683128765182
12403,YOR358W YLR405W,0.0,NA,0.0022551794536411762,2850,18637,12404,0,0.4500899943937919,0.13263833946106948,1.0,0.6003994716665055,0.3996005283334944
12404,YPL076W YDR213W,0.0,NA,0.0022586521226912737,2850,18636,12405,0,0.45011950075241214,0.13264451270594807,1.0,0.6003672562095294,0.39963274379047065
12405,YJR105W YKL045W,0.0,NA,0.0022589731961488724,2850,18635,12406,0,0.45014900711103245,0.1326506865254829,1.0,0.6003350407525531,0.39966495924744694
12406,YML051W YLL016W,0.0,NA,0.0022626162972301245,2850,18634,12407,0,0.4501785134696527,0.13265686091975423,1.0,0.6003028252955768,0.3996971747044232
12407,YDR113C YGR288W,0.0,NA,0.0022632493637502193,2850,18633,12408,0,0.450208019828273,0.13266303588884235,1.0,0.6002706098386006,0.39972939016139947
12408,YJR140C YOR132W,0.0,NA,0.002264239126816392,2850,18632,12409,0,0.4502375261868933,0.13266921143282748,1.0,0.6002383943816243,0.3997616056183757
12409,YGL234W YJR005W,0.0,NA,0.0022682358976453543,2850,18631,12410,0,0.45026703254551353,0.13267538755178995,1.0,0.600206178924648,0.39979382107535194
12410,YOL121C YNL240C,0.0,NA,0.0022692980710417032,2850,18630,12411,0,0.45029653890413385,0.13268156424581007,1.0,0.6001739634676718,0.39982603653232823
12411,YAL025C YJL047C,0.0,NA,0.0022695765364915133,2850,18629,12412,0,0.4503260452627541,0.13268774151496812,1.0,0.6001417480106955,0.39985825198930447
12412,YGR261C YNL127W,0.0,NA,0.0022700473200529814,2850,18628,12413,0,0.4503555516213744,0.13269391935934444,1.0,0.6001095325537192,0.3998904674462807
12413,YGL106W YOR011W,0.0,NA,0.00227358378469944,2850,18627,12414,0,0.4503850579799947,0.13270009777901942,1.0,0.6000773170967431,0.399922682903257
12414,YCR039C YCR072C,0.0,NA,0.0022737926337867975,2850,18626,12415,0,0.450414564338615,0.13270627677407337,1.0,0.6000451016397668,0.39995489836023324
12415,YDR416W YAL041W,0.0,NA,0.0022739851847290993,2850,18625,12416,0,0.45044407069723524,0.13271245634458673,1.0,0.6000128861827905,0.39998711381720947
12416,YJL129C YGL246C,0.0,NA,0.0022766622714698315,2850,18624,12417,0,0.45047357705585556,0.13271863649063984,1.0,0.5999806707258143,0.40001932927418576
12417,YJR148W YGL033W,0.0,NA,0.002276844112202525,2850,18623,12418,0,0.4505030834144758,0.13272481721231313,1.0,0.599948455268838,0.400051544731162
12418,YFL005W YPR034W,0.0,NA,0.0022781877778470516,2850,18622,12419,0,0.4505325897730961,0.13273099850968703,1.0,0.5999162398118617,0.4000837601881383
12419,YDR303C YJL083W,0.0,NA,0.0022804737091064453,2850,18621,12420,0,0.4505620961317164,0.13273718038284196,1.0,0.5998840243548855,0.40011597564511453
12420,YDR483W YBR200W,0.0,NA,0.0022823514882475138,2850,18620,12421,0,0.45059160249033664,0.13274336283185842,1.0,0.5998518088979092,0.40014819110209077
12421,YLR004C YDR014W,0.0,NA,0.0022828879300504923,2850,18619,12422,0,0.45062110884895695,0.1327495458568168,1.0,0.5998195934409329,0.40018040655906706
12422,YJL073W YBL064C,0.0,NA,0.002285818802192807,2850,18618,12423,0,0.4506506152075772,0.13275572945779765,1.0,0.5997873779839566,0.4002126220160433
12423,YNL331C YNL272C,0.0,NA,0.0022900747135281563,2850,18617,12424,0,0.4506801215661975,0.13276191363488143,1.0,0.5997551625269805,0.40024483747301953
12424,YML114C YOL025W,0.0,NA,0.0022936565801501274,2850,18616,12425,0,0.4507096279248178,0.1327680983881487,1.0,0.5997229470700042,0.4002770529299958
12425,YGL115W YGL006W,0.0,NA,0.002295833546668291,2850,18615,12426,0,0.4507391342834381,0.13277428371767994,1.0,0.5996907316130279,0.40030926838697206
12426,YJR123W YNL190W,0.0,NA,0.0022975008469074965,2850,18614,12427,0,0.45076864064205835,0.13278046962355572,1.0,0.5996585161560517,0.40034148384394835
12427,YJR041C YJR145C,0.0,NA,0.0022984913084656,2850,18613,12428,0,0.45079814700067866,0.1327866561058566,1.0,0.5996263006990754,0.4003736993009246
12428,YER022W YDR324C,0.0,NA,0.0022987821139395237,2850,18612,12429,0,0.4508276533592989,0.13279284316466314,1.0,0.5995940852420991,0.4004059147579008
12429,YGL030W YOL110W,0.0,NA,0.0022990929428488016,2850,18611,12430,0,0.45085715971791923,0.13279903080005592,1.0,0.5995618697851229,0.4004381302148771
12430,YIR006C YKR106W,0.0,NA,0.002300416585057974,2850,18610,12431,0,0.4508866660765395,0.13280521901211556,1.0,0.5995296543281466,0.40047034567185336
12431,YDR294C YBR042C,0.0,NA,0.0023007483687251806,2850,18609,12432,0,0.4509161724351598,0.13281140780092268,1.0,0.5994974388711704,0.4005025611288296
12432,YDR498C YPL008W,0.0,NA,0.0023014619946479797,2850,18608,12433,0,0.45094567879378006,0.13281759716655792,1.0,0.5994652234141942,0.4005347765858059
12433,YER109C YOL052C-A,0.0,NA,0.0023016459308564663,2850,18607,12434,0,0.4509751851524003,0.13282378710910192,1.0,0.5994330079572179,0.4005669920427821
12434,YER096W YDR153C,0.0,NA,0.0023026284761726856,2850,18606,12435,0,0.45100469151102063,0.13282997762863535,1.0,0.5994007925002416,0.40059920749975836
12435,YHR107C YNL015W,0.0,NA,0.0023049365263432264,2850,18605,12436,0,0.4510341978696409,0.13283616872523887,1.0,0.5993685770432654,0.40063142295673465
12436,YDR389W YKL018W,0.0,NA,0.0023067290894687176,2850,18604,12437,0,0.4510637042282612,0.1328423603989932,1.0,0.5993363615862891,0.4006636384137109
12437,YLR139C YIL173W,0.0,NA,0.0023069989401847124,2850,18603,12438,0,0.45109321058688145,0.13284855264997902,1.0,0.5993041461293128,0.4006958538706872
12438,YBR264C YBR040W,0.0,NA,0.0023113670758903027,2850,18602,12439,0,0.45112271694550177,0.13285474547827708,1.0,0.5992719306723366,0.4007280693276634
12439,YLR459W YNL101W,0.0,NA,0.0023114560171961784,2850,18601,12440,0,0.451152223304122,0.1328609388839681,1.0,0.5992397152153603,0.40076028478463965
12440,YOR354C YOL065C,0.0,NA,0.002312591066583991,2850,18600,12441,0,0.45118172966274234,0.13286713286713286,1.0,0.599207499758384,0.40079250024161595
12441,YGL212W YDR279W,0.0,NA,0.0023127098102122545,2850,18599,12442,0,0.4512112360213626,0.13287332742785213,1.0,0.5991752843014078,0.4008247156985922
12442,YPR112C YOL012C,0.0,NA,0.002314251847565174,2850,18598,12443,0,0.4512407423799829,0.13287952256620664,1.0,0.5991430688444316,0.4008569311555684
12443,YMR168C YJR110W,0.0,NA,0.0023151645436882973,2850,18597,12444,0,0.45127024873860316,0.13288571828227724,1.0,0.5991108533874553,0.4008891466125447
12444,YBR201W YFR032C-A,0.0,NA,0.0023154655937105417,2850,18596,12445,0,0.4512997550972235,0.13289191457614474,1.0,0.599078637930479,0.40092136206952095
12445,YDL002C YPL093W,0.0,NA,0.0023155249655246735,2850,18595,12446,0,0.45132926145584373,0.13289811144788996,1.0,0.5990464224735028,0.40095357752649724
12446,YJR131W YLR086W,0.0,NA,0.0023159876000136137,2850,18594,12447,0,0.451358767814464,0.13290430889759372,1.0,0.5990142070165265,0.4009857929834735
12447,YNL297C YER025W,0.0,NA,0.002316089114174247,2850,18593,12448,0,0.4513882741730843,0.13291050692533693,1.0,0.5989819915595502,0.4010180084404497
12448,YDR078C YOR196C,0.0,NA,0.002317149192094803,2850,18592,12449,0,0.45141778053170456,0.13291670553120044,1.0,0.598949776102574,0.401050223897426
12449,YDR538W YGR288W,0.0,NA,0.0023186951875686646,2850,18591,12450,0,0.4514472868903249,0.13292290471526513,1.0,0.5989175606455978,0.40108243935440224
12450,YDR035W YGL027C,0.0,NA,0.0023199222050607204,2850,18590,12451,0,0.45147679324894513,0.13292910447761194,1.0,0.5988853451886215,0.4011146548113785
12451,YLL022C YHR072W,0.0,NA,0.0023204574827104807,2850,18589,12452,0,0.45150629960756544,0.13293530481832175,1.0,0.5988531297316453,0.40114687026835477
12452,YFL008W YBR050C,0.0,NA,0.0023213066160678864,2850,18588,12453,0,0.4515358059661857,0.1329415057374755,1.0,0.598820914274669,0.401179085725331
12453,YPR118W YER031C,0.0,NA,0.002325325272977352,2850,18587,12454,0,0.451565312324806,0.13294770723515417,1.0,0.5987886988176927,0.40121130118230725
12454,YDR409W YKL139W,0.0,NA,0.002325670560821891,2850,18586,12455,0,0.45159481868342627,0.1329539093114387,1.0,0.5987564833607165,0.40124351663928354
12455,YGR212W YDR147W,0.0,NA,0.0023265169002115726,2850,18585,12456,0,0.4516243250420466,0.13296011196641008,1.0,0.5987242679037402,0.4012757320962598
12456,tE(CUC)D YOR065W,0.0,NA,0.002328567672520876,2850,18584,12457,0,0.45165383140066684,0.1329663152001493,1.0,0.5986920524467639,0.40130794755323607
12457,YLR287C-A YOL089C,0.0,NA,0.002330658957362175,2850,18583,12458,0,0.45168333775928715,0.13297251901273738,1.0,0.5986598369897878,0.4013401630102123
12458,YCR031C YGR170W,0.0,NA,0.002331973286345601,2850,18582,12459,0,0.4517128441179074,0.13297872340425532,1.0,0.5986276215328115,0.40137237846718854
12459,YNL292W YGL211W,0.0,NA,0.0023329397663474083,2850,18581,12460,0,0.45174235047652767,0.13298492837478418,1.0,0.5985954060758352,0.40140459392416483
12460,YCR068W YPL016W,0.0,NA,0.0023342897184193134,2850,18580,12461,0,0.451771856835148,0.13299113392440504,1.0,0.5985631906188589,0.40143680938114107
12461,YDR155C YOL067C,0.0,NA,0.002338237361982465,2850,18579,12462,0,0.45180136319376824,0.13299734005319894,1.0,0.5985309751618827,0.4014690248381173
12462,YKR019C YBR263W,0.0,NA,0.002339885337278247,2850,18578,12463,0,0.45183086955238855,0.13300354676124695,1.0,0.5984987597049064,0.4015012402950936
12463,YGL144C YPL048W,0.0,NA,0.002341298386454582,2850,18577,12464,0,0.4518603759110088,0.13300975404863025,1.0,0.5984665442479301,0.40153345575206983
12464,YDL143W YOR090C,0.0,NA,0.0023418732453137636,2850,18576,12465,0,0.4518898822696291,0.13301596191542986,1.0,0.5984343287909539,0.4015656712090461
12465,YBR207W YER145C,0.0,NA,0.002342337742447853,2850,18575,12466,0,0.4519193886282494,0.13302217036172695,1.0,0.5984021133339776,0.40159788666602236
12466,YOR076C YGL247W,0.0,NA,0.002343888161703944,2850,18574,12467,0,0.4519488949868697,0.1330283793876027,1.0,0.5983698978770013,0.4016301021229986
12467,YEL026W YOR242C,0.0,NA,0.002344343112781644,2850,18573,12468,0,0.45197840134548994,0.13303458899313822,1.0,0.5983376824200252,0.4016623175799749
12468,YLR197W YDL058W,0.0,NA,0.002346806926652789,2850,18572,12469,0,0.45200790770411026,0.13304079917841471,1.0,0.5983054669630489,0.40169453303695113
12469,YDR372C YMR138W,0.0,NA,0.00234721670858562,2850,18571,12470,0,0.4520374140627305,0.13304700994351337,1.0,0.5982732515060726,0.40172674849392737
12470,YGR254W YMR229C,0.0,NA,0.0023517992813140154,2850,18570,12471,0,0.4520669204213508,0.1330532212885154,1.0,0.5982410360490964,0.40175896395090366
12471,YJL129C Q0045,0.0,NA,0.0023522379342466593,2850,18569,12472,0,0.4520964267799711,0.13305943321350203,1.0,0.5982088205921201,0.4017911794078799
12472,YKL040C YHR163W,0.0,NA,0.0023523352574557066,2850,18568,12473,0,0.45212593313859134,0.13306564571855448,1.0,0.5981766051351438,0.40182339486485613
12473,YDL038C YDR302W,0.0,NA,0.002355385571718216,2850,18567,12474,0,0.45215543949721165,0.13307185880375402,1.0,0.5981443896781676,0.4018556103218324
12474,YER172C YNL277W,0.0,NA,0.0023559201508760452,2850,18566,12475,0,0.4521849458558319,0.1330780724691819,1.0,0.5981121742211913,0.40188782577880866
12475,YGL017W YIL037C,0.0,NA,0.002356075681746006,2850,18565,12476,0,0.4522144522144522,0.13308428671491945,1.0,0.598079958764215,0.40192004123578495
12476,YDR311W YNL201C,0.0,NA,0.0023597413673996925,2850,18564,12477,0,0.4522439585730725,0.1330905015410479,1.0,0.5980477433072389,0.4019522566927612
12477,YJL047C YKL143W,0.0,NA,0.002359930193051696,2850,18563,12478,0,0.4522734649316928,0.13309671694764863,1.0,0.5980155278502626,0.4019844721497374
12478,YHR077C YNL093W,0.0,NA,0.002365910215303302,2850,18562,12479,0,0.45230297129031305,0.1331029329348029,1.0,0.5979833123932863,0.4020166876067137
12479,YGR289C YBR067C,0.0,NA,0.002366079017519951,2850,18561,12480,0,0.45233247764893336,0.13310914950259212,1.0,0.59795109693631,0.40204890306368996
12480,YIL126W YAR002W,0.0,NA,0.0023671237286180258,2850,18560,12481,0,0.4523619840075536,0.1331153666510976,1.0,0.5979188814793338,0.4020811185206662
12481,YKL116C YLR141W,0.0,NA,0.0023671237286180258,2850,18559,12482,0,0.45239149036617393,0.13312158438040075,1.0,0.5978866660223575,0.4021133339776425
12482,YOR374W YHR062C,0.0,NA,0.002370701637119055,2850,18558,12483,0,0.4524209967247942,0.13312780269058297,1.0,0.5978544505653812,0.4021455494346187
12483,YOL008W YIL053W,0.0,NA,0.0023726748768240213,2850,18557,12484,0,0.4524505030834145,0.1331340215817256,1.0,0.597822235108405,0.402177764891595
12484,YLR192C YMR276W,0.0,NA,0.00237325974740088,2850,18556,12485,0,0.45248000944203476,0.13314024105391012,1.0,0.5977900196514288,0.40220998034857125
12485,YHR001W YDL002C,0.0,NA,0.0023733375128358603,2850,18555,12486,0,0.452509515800655,0.13314646110721795,1.0,0.5977578041944525,0.4022421958055475
12486,YPL019C YDL205C,0.0,NA,0.002373501192778349,2850,18554,12487,0,0.45253902215927533,0.1331526817417305,1.0,0.5977255887374763,0.4022744112625238
12487,YMR011W YOR351C,0.0,NA,0.002373927040025592,2850,18553,12488,0,0.4525685285178956,0.13315890295752933,1.0,0.5976933732805,0.4023066267195
12488,YER040W YKR059W,0.0,NA,0.0023740273900330067,2850,18552,12489,0,0.4525980348765159,0.13316512475469583,1.0,0.5976611578235237,0.40233884217647625
12489,YGL223C YGL035C,0.0,NA,0.002374515403062105,2850,18551,12490,0,0.45262754123513615,0.13317134713331152,1.0,0.5976289423665475,0.40237105763345254
12490,YLR095C YGR229C,0.0,NA,0.0023746544029563665,2850,18550,12491,0,0.45265704759375647,0.13317757009345793,1.0,0.5975967269095712,0.4024032730904288
12491,YDL236W tA(AGC)J,0.0,NA,0.00237609283067286,2850,18549,12492,0,0.4526865539523767,0.1331837936352166,1.0,0.5975645114525949,0.402435488547405
12492,YFL017C YER074W,0.0,NA,0.0023764625657349825,2850,18548,12493,0,0.45271606031099704,0.13319001775866904,1.0,0.5975322959956187,0.4024677040043813
12493,YOL097C YIL144W,0.0,NA,0.002379549667239189,2850,18547,12494,0,0.4527455666696173,0.1331962424638968,1.0,0.5975000805386425,0.40249991946135755
12494,YLR212C YKL210W,0.0,NA,0.002379662822932005,2850,18546,12495,0,0.4527750730282376,0.1332024677509815,1.0,0.5974678650816662,0.40253213491833384
12495,YGL127C YCR093W,0.0,NA,0.002381192520260811,2850,18545,12496,0,0.45280457938685786,0.13320869362000468,1.0,0.59743564962469,0.4025643503753101
12496,YOL130W YOR362C,0.0,NA,0.0023816311731934547,2850,18544,12497,0,0.4528340857454782,0.13321492007104796,1.0,0.5974034341677137,0.4025965658322863
12497,YBR276C YBL051C,0.0,NA,0.0023820342030376196,2850,18543,12498,0,0.45286359210409843,0.13322114710419297,1.0,0.5973712187107374,0.4026287812892626
12498,YPR105C YDL108W,0.0,NA,0.0023831019643694162,2850,18542,12499,0,0.4528930984627187,0.1332273747195213,1.0,0.5973390032537611,0.40266099674623884
12499,YBR012W-A YPL209C,0.0,NA,0.0023835012689232826,2850,18541,12500,0,0.452922604821339,0.13323360291711467,1.0,0.5973067877967849,0.4026932122032151
12500,YBR200W YJR070C,0.0,NA,0.0023844412062317133,2850,18540,12501,0,0.45295211117995926,0.1332398316970547,1.0,0.5972745723398086,0.40272542766019137
12501,YDR406W YOR361C,0.0,NA,0.0023845797404646873,2850,18539,12502,0,0.4529816175385796,0.13324606105942308,1.0,0.5972423568828323,0.4027576431171676
12502,YLL052C YPR194C,0.0,NA,0.0023847962729632854,2850,18538,12503,0,0.45301112389719983,0.13325229100430147,1.0,0.5972101414258562,0.4027898585741439
12503,YAR002C-A YGL215W,0.0,NA,0.0023861874360591173,2850,18537,12504,0,0.45304063025582014,0.13325852153177165,1.0,0.5971779259688799,0.40282207403112014
12504,YOR178C YKR062W,0.0,NA,0.00238791573792696,2850,18536,12505,0,0.4530701366144404,0.13326475264191529,1.0,0.5971457105119036,0.4028542894880964
12505,YHR046C YDR217C,0.0,NA,0.002388314576819539,2850,18535,12506,0,0.4530996429730607,0.13327098433481413,1.0,0.5971134950549274,0.40288650494507267
12506,YER157W YNL225C,0.0,NA,0.002389752073213458,2850,18534,12507,0,0.45312914933168097,0.13327721661054995,1.0,0.5970812795979511,0.4029187204020489
12507,YBL027W YMR251W,0.0,NA,0.0023913783952593803,2850,18533,12508,0,0.4531586556903013,0.1332834494692045,1.0,0.5970490641409748,0.40295093585902514
12508,YFR003C YBR024W,0.0,NA,0.002392022404819727,2850,18532,12509,0,0.45318816204892154,0.1332896829108596,1.0,0.5970168486839986,0.40298315131600143
12509,YNL107W YCL029C,0.0,NA,0.0023937011137604713,2850,18531,12510,0,0.45321766840754185,0.13329591693559703,1.0,0.5969846332270223,0.40301536677297767
12510,YDL190C YGR085C,0.0,NA,0.0023945518769323826,2850,18530,12511,0,0.4532471747661621,0.1333021515434986,1.0,0.596952417770046,0.4030475822299539
12511,YLR398C YPL258C,0.0,NA,0.002395290182903409,2850,18529,12512,0,0.45327668112478237,0.13330838673464615,1.0,0.5969202023130699,0.4030797976869302
12512,YMR119W YGR234W,0.0,NA,0.0023984427098184824,2850,18528,12513,0,0.4533061874834027,0.13331462250912152,1.0,0.5968879868560936,0.40311201314390643
12513,YGR261C YOR073W,0.0,NA,0.002399328164756298,2850,18527,12514,0,0.45333569384202294,0.1333208588670066,1.0,0.5968557713991173,0.4031442286008827
12514,YPR104C YDR101C,0.0,NA,0.0024001444689929485,2850,18526,12515,0,0.45336520020064325,0.13332709580838323,1.0,0.5968235559421411,0.40317644405785896
12515,YER031C YML121W,0.0,NA,0.0024017503019422293,2850,18525,12516,0,0.4533947065592635,0.13333333333333333,1.0,0.5967913404851648,0.4032086595148352
12516,YLR245C YLR430W,0.0,NA,0.0024021754506975412,2850,18524,12517,0,0.4534242129178838,0.1333395714419388,1.0,0.5967591250281885,0.4032408749718115
12517,YPR105C YGL139W,0.0,NA,0.0024039815180003643,2850,18523,12518,0,0.4534537192765041,0.13334581013428157,1.0,0.5967269095712122,0.40327309042878773
12518,YGL197W YGL019W,0.0,NA,0.002404027385637164,2850,18522,12519,0,0.4534832256351244,0.13335204941044357,1.0,0.596694694114236,0.40330530588576397
12519,YCR083W YOR032C,0.0,NA,0.002406815765425563,2850,18521,12520,0,0.45351273199374464,0.13335828927050677,1.0,0.5966624786572597,0.40333752134274026
12520,YFR013W YOL093W,0.0,NA,0.0024074248503893614,2850,18520,12521,0,0.45354223835236496,0.13336452971455312,1.0,0.5966302632002835,0.4033697367997165
12521,YNL104C YIL050W,0.0,NA,0.0024105373304337263,2850,18519,12522,0,0.4535717447109852,0.1333707707426646,1.0,0.5965980477433073,0.4034019522566928
12522,tS(AGA)J YGL148W,0.0,NA,0.0024138258304446936,2850,18518,12523,0,0.4536012510696055,0.13337701235492325,1.0,0.596565832286331,0.403434167713669
12523,YCR039C YMR246W,0.0,NA,0.002416288712993264,2850,18517,12524,0,0.4536307574282258,0.13338325455141106,1.0,0.5965336168293547,0.40346638317064526
12524,YBR057C YOL117W,0.0,NA,0.002416410716250539,2850,18516,12525,0,0.45366026378684604,0.13338949733221006,1.0,0.5965014013723785,0.40349859862762155
12525,YGR061C YIL145C,0.0,NA,0.002419751137495041,2850,18515,12526,0,0.45368977014546635,0.1333957406974023,1.0,0.5964691859154022,0.4035308140845978
12526,YPR073C YML074C,0.0,NA,0.00242022518068552,2850,18514,12527,0,0.4537192765040866,0.13340198464706984,1.0,0.5964369704584259,0.403563029541574
12527,YDR176W YIR041W,0.0,NA,0.002421965356916189,2850,18513,12528,0,0.4537487828627069,0.13340822918129477,1.0,0.5964047550014497,0.4035952449985503
12528,YHR055C YBR162W-A,0.0,NA,0.0024222880601882935,2850,18512,12529,0,0.4537782892213272,0.13341447430015915,1.0,0.5963725395444734,0.40362746045552655
12529,YDR273W YAL028W,0.0,NA,0.0024228389374911785,2850,18511,12530,0,0.4538077955799475,0.13342072000374514,1.0,0.5963403240874972,0.4036596759125028
12530,YPR032W YJL045W,0.0,NA,0.002425116254016757,2850,18510,12531,0,0.45383730193856775,0.13342696629213482,1.0,0.596308108630521,0.4036918913694791
12531,YNL333W YCR061W,0.0,NA,0.0024251381400972605,2850,18509,12532,0,0.45386680829718806,0.13343321316541037,1.0,0.5962758931735447,0.4037241068264553
12532,YBL016W YLR285W,0.0,NA,0.00242869951762259,2850,18508,12533,0,0.4538963146558083,0.1334394606236539,1.0,0.5962436777165684,0.4037563222834316
12533,YOL043C YBR249C,0.0,NA,0.0024294608738273382,2850,18507,12534,0,0.45392582101442863,0.1334457086669476,1.0,0.5962114622595922,0.40378853774040785
12534,YDR302W YDR469W,0.0,NA,0.0024337684735655785,2850,18506,12535,0,0.4539553273730489,0.13345195729537365,1.0,0.5961792468026159,0.4038207531973841
12535,YFL041W YBR210W,0.0,NA,0.0024363547563552856,2850,18505,12536,0,0.4539848337316692,0.13345820650901427,1.0,0.5961470313456396,0.4038529686543604
12536,YGR020C YML078W,0.0,NA,0.002438151743263006,2850,18504,12537,0,0.45401434009028946,0.13346445630795167,1.0,0.5961148158886633,0.4038851841113366
12537,YML088W YKL196C,0.0,NA,0.002438996220007539,2850,18503,12538,0,0.4540438464489097,0.13347070669226807,1.0,0.5960826004316871,0.40391739956831285
12538,YJL100W YHL020C,0.0,NA,0.002440378302708268,2850,18502,12539,0,0.45407335280753003,0.1334769576620457,1.0,0.5960503849747109,0.40394961502528914
12539,YGL096W YIL166C,0.0,NA,0.0024429301265627146,2850,18501,12540,0,0.4541028591661503,0.13348320921736687,1.0,0.5960181695177346,0.4039818304822654
12540,YML125C YOR138C,0.0,NA,0.002443691249936819,2850,18500,12541,0,0.4541323655247706,0.13348946135831383,1.0,0.5959859540607584,0.4040140459392417
12541,YLR372W YGL150C,0.0,NA,0.002444666810333729,2850,18499,12542,0,0.45416187188339086,0.13349571408496885,1.0,0.5959537386037821,0.4040462613962179
12542,YHR101C YKL126W,0.0,NA,0.002449873834848404,2850,18498,12543,0,0.45419137824201117,0.13350196739741427,1.0,0.5959215231468058,0.40407847685319415
12543,YDR490C YLL010C,0.0,NA,0.002450493862852454,2850,18497,12544,0,0.4542208846006314,0.13350822129573242,1.0,0.5958893076898296,0.40411069231017044
12544,YGL022W YDR318W,0.0,NA,0.0024511581286787987,2850,18496,12545,0,0.45425039095925174,0.1335144757800056,1.0,0.5958570922328533,0.4041429077671467
12545,YHL033C YDL106C,0.0,NA,0.002451288979500532,2850,18495,12546,0,0.454279897317872,0.13352073085031624,1.0,0.595824876775877,0.4041751232241229
12546,YDR459C YBR088C,0.0,NA,0.002463169861584902,2850,18494,12547,0,0.4543094036764923,0.13352698650674663,1.0,0.5957926613189009,0.4042073386810992
12547,YLR229C YJL156C,0.0,NA,0.002470293315127492,2850,18493,12548,0,0.45433891003511256,0.1335332427493792,1.0,0.5957604458619246,0.40423955413807544
12548,YKR079C YML027W,0.0,NA,0.0024722174275666475,2850,18492,12549,0,0.4543684163937329,0.1335394995782963,1.0,0.5957282304049483,0.40427176959505173
12549,YNL117W YGL151W,0.0,NA,0.0024754181504249573,2850,18491,12550,0,0.45439792275235313,0.13354575699358043,1.0,0.5956960149479721,0.40430398505202797
12550,YOR075W YDL044C,0.0,NA,0.0024757925420999527,2850,18490,12551,0,0.4544274291109734,0.13355201499531397,1.0,0.5956637994909958,0.4043362005090042
12551,YDR363W YNL004W,0.0,NA,0.0024768984876573086,2850,18489,12552,0,0.4544569354695937,0.13355827358357936,1.0,0.5956315840340195,0.4043684159659805
12552,YPL007C YPR103W,0.0,NA,0.002480750437825918,2850,18488,12553,0,0.45448644182821396,0.1335645327584591,1.0,0.5955993685770433,0.40440063142295674
12553,YPR107C YDL056W,0.0,NA,0.0024814174976199865,2850,18487,12554,0,0.4545159481868343,0.13357079252003562,1.0,0.595567153120067,0.404432846879933
12554,YER001W YOL148C,0.0,NA,0.002485168632119894,2850,18486,12555,0,0.45454545454545453,0.13357705286839144,1.0,0.5955349376630907,0.40446506233690926
12555,YIL132C YLR242C,0.0,NA,0.002486634999513626,2850,18485,12556,0,0.45457496090407484,0.1335833138036091,1.0,0.5955027222061144,0.4044972777938855
12556,YGR271W YMR316W,0.0,NA,0.002488057129085064,2850,18484,12557,0,0.4546044672626951,0.13358957532577106,1.0,0.5954705067491383,0.40452949325086174
12557,YCR040W YFL022C,0.0,NA,0.0024887577164918184,2850,18483,12558,0,0.4546339736213154,0.13359583743495992,1.0,0.595438291292162,0.40456170870783803
12558,YLR127C YIL128W,0.0,NA,0.0024892124347388744,2850,18482,12559,0,0.45466347997993567,0.1336021001312582,1.0,0.5954060758351857,0.40459392416481427
12559,YKL054C YNL051W,0.0,NA,0.00248956517316401,2850,18481,12560,0,0.454692986338556,0.1336083634147485,1.0,0.5953738603782095,0.40462613962179056
12560,YCR040W YKL144C,0.0,NA,0.002490317216143012,2850,18480,12561,0,0.45472249269717624,0.13361462728551335,1.0,0.5953416449212332,0.4046583550787668
12561,YLR442C YMR125W,0.0,NA,0.002491807797923684,2850,18479,12562,0,0.4547519990557965,0.13362089174363542,1.0,0.5953094294642569,0.40469057053574303
12562,YGR023W YKL143W,0.0,NA,0.002492935163900256,2850,18478,12563,0,0.4547815054144168,0.1336271567891973,1.0,0.5952772140072807,0.4047227859927193
12563,YNL233W YMR069W,0.0,NA,0.0024979489389806986,2850,18477,12564,0,0.45481101177303707,0.13363342242228163,1.0,0.5952449985503044,0.40475500144969556
12564,YJR050W YJL178C,0.0,NA,0.0024984991177916527,2850,18476,12565,0,0.4548405181316574,0.13363968864297102,1.0,0.5952127830933281,0.4047872169066718
12565,YNL037C YDR229W,0.0,NA,0.00249853590503335,2850,18475,12566,0,0.45487002449027764,0.1336459554513482,1.0,0.595180567636352,0.4048194323636481
12566,YDR460W YNR064C,0.0,NA,0.0024988222867250443,2850,18474,12567,0,0.45489953084889795,0.13365222284749578,1.0,0.5951483521793757,0.4048516478206243
12567,YPL167C YOR080W,0.0,NA,0.002499131252989173,2850,18473,12568,0,0.4549290372075182,0.1336584908314965,1.0,0.5951161367223994,0.4048838632776006
12568,YPR094W YOR080W,0.0,NA,0.002499557100236416,2850,18472,12569,0,0.4549585435661385,0.1336647594034331,1.0,0.5950839212654232,0.40491607873457686
12569,YBR164C YOL119C,0.0,NA,0.0025006167124956846,2850,18471,12570,0,0.4549880499247588,0.13367102856338822,1.0,0.5950517058084469,0.4049482941915531
12570,YOR008C-A YCR094W,0.0,NA,0.0025010148528963327,2850,18470,12571,0,0.4550175562833791,0.13367729831144465,1.0,0.5950194903514706,0.4049805096485294
12571,YFR024C-A YDR141C,0.0,NA,0.0025026772636920214,2850,18469,12572,0,0.45504706264199934,0.13368356864768516,1.0,0.5949872748944944,0.4050127251055056
12572,YDR044W YLR045C,0.0,NA,0.002503021387383342,2850,18468,12573,0,0.45507656900061966,0.13368983957219252,1.0,0.5949550594375181,0.40504494056248186
12573,YOR307C YHL015W,0.0,NA,0.002503027440980077,2850,18467,12574,0,0.4551060753592399,0.1336961110850495,1.0,0.5949228439805418,0.40507715601945815
12574,YHR075C YMR276W,0.0,NA,0.002503048861399293,2850,18466,12575,0,0.45513558171786017,0.1337023831863389,1.0,0.5948906285235656,0.4051093714764344
12575,YPL113C YPL143W,0.0,NA,0.0025073313154280186,2850,18465,12576,0,0.4551650880764805,0.13370865587614356,1.0,0.5948584130665894,0.4051415869334106
12576,YMR292W YEL059C-A,0.0,NA,0.002507440047338605,2850,18464,12577,0,0.45519459443510074,0.1337149291545463,1.0,0.5948261976096131,0.4051738023903869
12577,YPL147W YER065C,0.0,NA,0.0025075532030314207,2850,18463,12578,0,0.45522410079372105,0.13372120302163,1.0,0.5947939821526368,0.40520601784736315
12578,YHR055C YOR361C,0.0,NA,0.002507577184587717,2850,18462,12579,0,0.4552536071523413,0.13372747747747749,1.0,0.5947617666956606,0.40523823330433945
12579,YGR054W YOR383C,0.0,NA,0.0025077499449253082,2850,18461,12580,0,0.4552831135109616,0.13373375252217165,1.0,0.5947295512386843,0.4052704487613157
12580,YIL042C YGL161C,0.0,NA,0.002507770201191306,2850,18460,12581,0,0.4553126198695819,0.1337400281557954,1.0,0.594697335781708,0.4053026642182919
12581,YDL137W YBR050C,0.0,NA,0.0025082773063331842,2850,18459,12582,0,0.4553421262282022,0.13374630437843166,1.0,0.5946651203247318,0.4053348796752682
12582,YCL069W YPR139C,0.0,NA,0.0025091960560530424,2850,18458,12583,0,0.45537163258682245,0.1337525811901633,1.0,0.5946329048677556,0.40536709513224445
12583,tS(AGA)B YLL041C,0.0,NA,0.002512275939807296,2850,18457,12584,0,0.45540113894544276,0.13375885859107337,1.0,0.5946006894107793,0.4053993105892207
12584,YGR056W YPL255W,0.0,NA,0.002513014478608966,2850,18456,12585,0,0.455430645304063,0.13376513658124473,1.0,0.5945684739538031,0.405431526046197
12585,YIL045W YAL007C,0.0,NA,0.0025136852636933327,2850,18455,12586,0,0.45546015166268333,0.13377141516076038,1.0,0.5945362584968268,0.4054637415031732
12586,YNL130C YFL057C,0.0,NA,0.0025138966739177704,2850,18454,12587,0,0.4554896580213036,0.13377769432970335,1.0,0.5945040430398505,0.4054959569601495
12587,YML013W YMR156C,0.0,NA,0.002514756517484784,2850,18453,12588,0,0.45551916437992385,0.1337839740881566,1.0,0.5944718275828743,0.40552817241712574
12588,YJL187C YDR403W,0.0,NA,0.002517754677683115,2850,18452,12589,0,0.45554867073854416,0.13379025443620318,1.0,0.594439612125898,0.405560387874102
12589,YNL222W YMR097C,0.0,NA,0.0025211579632014036,2850,18451,12590,0,0.4555781770971644,0.1337965353739261,1.0,0.5944073966689217,0.40559260333107827
12590,YML080W YOR069W,0.0,NA,0.0025223561096936464,2850,18450,12591,0,0.45560768345578473,0.13380281690140844,1.0,0.5943751812119455,0.4056248187880545
12591,YJR042W YCL024W,0.0,NA,0.002522791735827923,2850,18449,12592,0,0.455637189814405,0.13380909901873328,1.0,0.5943429657549693,0.40565703424503075
12592,YER166W YGR199W,0.0,NA,0.0025231048930436373,2850,18448,12593,0,0.4556666961730253,0.13381538172598367,1.0,0.594310750297993,0.40568924970200704
12593,YKR061W YCL037C,0.0,NA,0.0025262522976845503,2850,18447,12594,0,0.45569620253164556,0.13382166502324272,1.0,0.5942785348410167,0.4057214651589833
12594,YLR185W YGR047C,0.0,NA,0.0025275491643697023,2850,18446,12595,0,0.45572570889026587,0.13382794891059355,1.0,0.5942463193840405,0.4057536806159595
12595,YIR030C YCL051W,0.0,NA,0.00252867816016078,2850,18445,12596,0,0.4557552152488861,0.13383423338811928,1.0,0.5942141039270642,0.4057858960729358
12596,YHR181W YGR077C,0.0,NA,0.0025318542029708624,2850,18444,12597,0,0.45578472160750644,0.13384051845590308,1.0,0.5941818884700879,0.40581811152991204
12597,YAL031C YMR065W,0.0,NA,0.0025328779593110085,2850,18443,12598,0,0.4558142279661267,0.13384680411402808,1.0,0.5941496730131117,0.40585032698688833
12598,YER190W YNL151C,0.0,NA,0.00253390334546566,2850,18442,12599,0,0.455843734324747,0.1338530903625775,1.0,0.5941174575561354,0.40588254244386457
12599,YLL062C YGL065C,0.0,NA,0.0025340686552226543,2850,18441,12600,0,0.45587324068336726,0.1338593772016345,1.0,0.5940852420991591,0.4059147579008408
12600,Q0115 YAR007C,0.0,NA,0.00253505352884531,2850,18440,12601,0,0.4559027470419875,0.1338656646312823,1.0,0.594053026642183,0.4059469733578171
12601,YNL167C YIL048W,0.0,NA,0.0025358409620821476,2850,18439,12602,0,0.45593225340060783,0.13387195265160412,1.0,0.5940208111852067,0.40597918881479333
12602,Q0120 YOR117W,0.0,NA,0.002537111286073923,2850,18438,12603,0,0.4559617597592281,0.1338782412626832,1.0,0.5939885957282304,0.40601140427176957
12603,YML071C YFR002W,0.0,NA,0.0025375480763614178,2850,18437,12604,0,0.4559912661178484,0.1338845304646028,1.0,0.5939563802712542,0.40604361972874586
12604,YPL234C YEL016C,0.0,NA,0.002538632368668914,2850,18436,12605,0,0.45602077247646866,0.1338908202574462,1.0,0.5939241648142779,0.4060758351857221
12605,YJR123W YJL080C,0.0,NA,0.002539470326155424,2850,18435,12606,0,0.456050278835089,0.1338971106412967,1.0,0.5938919493573016,0.4061080506426984
12606,YBL046W YOR241W,0.0,NA,0.0025424782652407885,2850,18434,12607,0,0.45607978519370923,0.13390340161623754,1.0,0.5938597339003254,0.40614026609967463
12607,YER083C YLR215C,0.0,NA,0.0025425099302083254,2850,18433,12608,0,0.45610929155232954,0.1339096931823521,1.0,0.5938275184433491,0.40617248155665087
12608,YDR082W YOR204W,0.0,NA,0.0025449669919908047,2850,18432,12609,0,0.4561387979109498,0.1339159853397237,1.0,0.5937953029863728,0.40620469701362716
12609,YNL331C YKR019C,0.0,NA,0.0025454077403992414,2850,18431,12610,0,0.4561683042695701,0.13392227808843568,1.0,0.5937630875293965,0.4062369124706034
12610,YER096W YER094C,0.0,NA,0.0025502052158117294,2850,18430,12611,0,0.45619781062819037,0.13392857142857142,1.0,0.5937308720724204,0.40626912792757963
12611,YOR294W YKR010C,0.0,NA,0.0025524951051920652,2850,18429,12612,0,0.4562273169868107,0.1339348653602143,1.0,0.5936986566154441,0.4063013433845559
12612,YDR421W YML057W,0.0,NA,0.0025538161862641573,2850,18428,12613,0,0.45625682334543094,0.13394115988344768,1.0,0.5936664411584678,0.40633355884153216
12613,YHR111W YNL220W,0.0,NA,0.002554949838668108,2850,18427,12614,0,0.4562863297040512,0.13394745499835503,1.0,0.5936342257014916,0.4063657742985084
12614,YFR029W Q0275,0.0,NA,0.00255597080104053,2850,18426,12615,0,0.4563158360626715,0.13395375070501975,1.0,0.5936020102445153,0.4063979897554847
12615,YOR315W YHR073W,0.0,NA,0.0025584748946130276,2850,18425,12616,0,0.45634534242129177,0.13396004700352526,1.0,0.593569794787539,0.4064302052124609
12616,YKL062W YOR065W,0.0,NA,0.0025585528928786516,2850,18424,12617,0,0.4563748487799121,0.13396634389395506,1.0,0.5935375793305628,0.4064624206694372
12617,YKL218C YMR312W,0.0,NA,0.0025596446357667446,2850,18423,12618,0,0.45640435513853234,0.13397264137639261,1.0,0.5935053638735865,0.40649463612641346
12618,YOR287C YDL084W,0.0,NA,0.00256016431376338,2850,18422,12619,0,0.45643386149715265,0.1339789394509214,1.0,0.5934731484166103,0.4065268515833897
12619,YLR438W YOR004W,0.0,NA,0.002564718946814537,2850,18421,12620,0,0.4564633678557729,0.13398523811762494,1.0,0.5934409329596341,0.406559067040366
12620,YOR084W YML023C,0.0,NA,0.0025664260610938072,2850,18420,12621,0,0.4564928742143932,0.13399153737658676,1.0,0.5934087175026578,0.4065912824973422
12621,YFL028C YER082C,0.0,NA,0.002566465176641941,2850,18419,12622,0,0.4565223805730135,0.13399783722789035,1.0,0.5933765020456815,0.40662349795431846
12622,YIR002C YOL065C,0.0,NA,0.0025668751914054155,2850,18418,12623,0,0.4565518869316338,0.13400413767161934,1.0,0.5933442865887053,0.40665571341129475
12623,YNL096C YIL167W,0.0,NA,0.0025684565771371126,2850,18417,12624,0,0.45658139329025405,0.13401043870785725,1.0,0.593312071131729,0.406687928868271
12624,YDL236W tG(GCC)O1,0.0,NA,0.0025707739405333996,2850,18416,12625,0,0.45661089964887436,0.13401674033668767,1.0,0.5932798556747527,0.4067201443252473
12625,YDR288W YCR063W,0.0,NA,0.0025721986312419176,2850,18415,12626,0,0.4566404060074946,0.13402304255819422,1.0,0.5932476402177765,0.4067523597822235
12626,YDL105W YGL021W,0.0,NA,0.002572837518528104,2850,18414,12627,0,0.45666991236611487,0.1340293453724605,1.0,0.5932154247608002,0.40678457523919975
12627,YPL076W YOR339C,0.0,NA,0.002574786078184843,2850,18413,12628,0,0.4566994187247352,0.13403564877957014,1.0,0.593183209303824,0.40681679069617604
12628,YDR181C YBR170C,0.0,NA,0.0025756042450666428,2850,18412,12629,0,0.45672892508335544,0.13404195277960682,1.0,0.5931509938468477,0.4068490061531523
12629,YER031C YDR510W,0.0,NA,0.002575855702161789,2850,18411,12630,0,0.45675843144197575,0.13404825737265416,1.0,0.5931187783898715,0.4068812216101285
12630,YGR023W YGR188C,0.0,NA,0.0025787055492401123,2850,18410,12631,0,0.456787937800596,0.13405456255879586,1.0,0.5930865629328952,0.4069134370671048
12631,YBR095C YBR070C,0.0,NA,0.002579488093033433,2850,18409,12632,0,0.4568174441592163,0.13406086833811562,1.0,0.5930543474759189,0.40694565252408105
12632,YER022W YPL274W,0.0,NA,0.0025805237237364054,2850,18408,12633,0,0.4568469505178366,0.13406717471069715,1.0,0.5930221320189427,0.4069778679810573
12633,YDR500C YMR062C,0.0,NA,0.0025861950125545263,2850,18407,12634,0,0.4568764568764569,0.13407348167662417,1.0,0.5929899165619664,0.4070100834380336
12634,YJR042W YDR402C,0.0,NA,0.0025870907120406628,2850,18406,12635,0,0.45690596323507715,0.13407978923598043,1.0,0.5929577011049901,0.4070422988950098
12635,YNL107W YPL115C,0.0,NA,0.002588269766420126,2850,18405,12636,0,0.45693546959369746,0.1340860973888497,1.0,0.592925485648014,0.4070745143519861
12636,YBR192W YCL044C,0.0,NA,0.00258931377902627,2850,18404,12637,0,0.4569649759523177,0.1340924061353157,1.0,0.5928932701910377,0.40710672980896234
12637,YKL048C Q0115,0.0,NA,0.002591041149571538,2850,18403,12638,0,0.45699448231093803,0.1340987154754623,1.0,0.5928610547340614,0.4071389452659386
12638,YGR108W YOR075W,0.0,NA,0.002597039332613349,2850,18402,12639,0,0.4570239886695583,0.13410502540937325,1.0,0.5928288392770852,0.40717116072291487
12639,YHR118C YBL005W-B,0.0,NA,0.0025989990681409836,2850,18401,12640,0,0.45705349502817855,0.13411133593713237,1.0,0.5927966238201089,0.4072033761798911
12640,YDR160W YHR073W,0.0,NA,0.0025995527394115925,2850,18400,12641,0,0.45708300138679886,0.13411764705882354,1.0,0.5927644083631326,0.40723559163686734
12641,YNL042W YER094C,0.0,NA,0.0026009713765233755,2850,18399,12642,0,0.4571125077454191,0.13412395877453057,1.0,0.5927321929061564,0.40726780709384364
12642,YER138C YKR001C,0.0,NA,0.002603392116725445,2850,18398,12643,0,0.45714201410403943,0.13413027108433734,1.0,0.5926999774491801,0.4073000225508199
12643,YMR246W YKL186C,0.0,NA,0.002608831971883774,2850,18397,12644,0,0.4571715204626597,0.13413658398832776,1.0,0.5926677619922038,0.40733223800779617
12644,YNR041C YGL100W,0.0,NA,0.002609065268188715,2850,18396,12645,0,0.45720102682128,0.1341428974865857,1.0,0.5926355465352277,0.4073644534647724
12645,YJL106W YER087C-B,0.0,NA,0.0026105374563485384,2850,18395,12646,0,0.45723053317990026,0.1341492115791951,1.0,0.5926033310782514,0.40739666892174864
12646,YLR206W YNR023W,0.0,NA,0.002611831296235323,2850,18394,12647,0,0.45726003953852057,0.1341555262662399,1.0,0.5925711156212751,0.40742888437872493
12647,YKL109W YCL052C,0.0,NA,0.002612922340631485,2850,18393,12648,0,0.4572895458971408,0.13416184154780397,1.0,0.5925389001642988,0.40746109983570117
12648,YOR239W YHR200W,0.0,NA,0.0026131831109523773,2850,18392,12649,0,0.45731905225576114,0.13416815742397137,1.0,0.5925066847073226,0.4074933152926774
12649,YDR500C YNL012W,0.0,NA,0.0026184492744505405,2850,18391,12650,0,0.4573485586143814,0.13417447389482604,1.0,0.5924744692503463,0.4075255307496537
12650,YCL074W YBR155W,0.0,NA,0.002622302621603012,2850,18390,12651,0,0.4573780649730017,0.134180790960452,1.0,0.59244225379337,0.40755774620662993
12651,YLL036C YOR249C,0.0,NA,0.0026235899422317743,2850,18389,12652,0,0.45740757133162196,0.1341871086209332,1.0,0.5924100383363938,0.40758996166360617
12652,YCR066W YMR232W,0.0,NA,0.0026238071732223034,2850,18388,12653,0,0.4574370776902422,0.13419342687635372,1.0,0.5923778228794175,0.40762217712058246
12653,YJL053W YIR033W,0.0,NA,0.002625813242048025,2850,18387,12654,0,0.45746658404886253,0.13419974572679758,1.0,0.5923456074224412,0.4076543925775587
12654,YNL068C YCR038C,0.0,NA,0.0026264050975441933,2850,18386,12655,0,0.4574960904074828,0.13420606517234884,1.0,0.5923133919654651,0.407686608034535
12655,YDR259C YKL101W,0.0,NA,0.0026273096445947886,2850,18385,12656,0,0.4575255967661031,0.1342123852130916,1.0,0.5922811765084888,0.40771882349151123
12656,YBL039C YGL095C,0.0,NA,0.002627764595672488,2850,18384,12657,0,0.45755510312472336,0.13421870584910991,1.0,0.5922489610515125,0.40775103894848747
12657,YHR025W YIL014W,0.0,NA,0.002627904526889324,2850,18383,12658,0,0.4575846094833437,0.13422502708048792,1.0,0.5922167455945363,0.40778325440546376
12658,YCL034W YML004C,0.0,NA,0.0026279205922037363,2850,18382,12659,0,0.45761411584196393,0.13423134890730973,1.0,0.59218453013756,0.40781546986244
12659,YER042W YIL030C,0.0,NA,0.0026324037462472916,2850,18381,12660,0,0.45764362220058424,0.13423767132965947,1.0,0.5921523146805837,0.40784768531941623
12660,YOR338W YDR141C,0.0,NA,0.0026334431022405624,2850,18380,12661,0,0.4576731285592045,0.1342439943476213,1.0,0.5921200992236075,0.4078799007763925
12661,YJL041W YHR039C,0.0,NA,0.0026350528933107853,2850,18379,12662,0,0.4577026349178248,0.13425031796127937,1.0,0.5920878837666312,0.40791211623336876
12662,YGL171W YNL194C,0.0,NA,0.00263522332534194,2850,18378,12663,0,0.45773214127644507,0.13425664217071792,1.0,0.592055668309655,0.40794433169034505
12663,YLR220W YLR291C,0.0,NA,0.002639731392264366,2850,18377,12664,0,0.4577616476350654,0.1342629669760211,1.0,0.5920234528526788,0.4079765471473213
12664,YLL002W YMR172W,0.0,NA,0.0026401206851005554,2850,18376,12665,0,0.45779115399368564,0.13426929237727314,1.0,0.5919912373957025,0.4080087626042975
12665,YHR001W-A YML068W,0.0,NA,0.0026450559962540865,2850,18375,12666,0,0.4578206603523059,0.13427561837455831,1.0,0.5919590219387262,0.4080409780612738
12666,YKL218C YHR143W-A,0.0,NA,0.002645581727847457,2850,18374,12667,0,0.4578501667109262,0.1342819449679608,1.0,0.5919268064817499,0.40807319351825005
12667,YNL041C YAR009C,0.0,NA,0.002646350534632802,2850,18373,12668,0,0.45787967306954647,0.13428827215756492,1.0,0.5918945910247737,0.4081054089752263
12668,YML113W YDR495C,0.0,NA,0.002648154506459832,2850,18372,12669,0,0.4579091794281668,0.1342945999434549,1.0,0.5918623755677974,0.4081376244322026
12669,YDR009W YNL062C,0.0,NA,0.0026484935078769922,2850,18371,12670,0,0.45793868578678704,0.13430092832571508,1.0,0.5918301601108211,0.4081698398891788
12670,YHR186C YMR146C,0.0,NA,0.0026489219162613153,2850,18370,12671,0,0.45796819214540735,0.13430725730442977,1.0,0.5917979446538449,0.4082020553461551
12671,YMR005W YML019W,0.0,NA,0.002650858834385872,2850,18369,12672,0,0.4579976985040276,0.1343135868796833,1.0,0.5917657291968687,0.40823427080313135
12672,YGR286C YNL139C,0.0,NA,0.002659144112840295,2850,18368,12673,0,0.4580272048626479,0.13431991705156,1.0,0.5917335137398924,0.4082664862601076
12673,YHR107C YJR091C,0.0,NA,0.00266111153177917,2850,18367,12674,0,0.4580567112212682,0.1343262478201442,1.0,0.5917012982829162,0.4082987017170839
12674,YBR166C YLR447C,0.0,NA,0.002661404898390174,2850,18366,12675,0,0.4580862175798885,0.13433257918552036,1.0,0.5916690828259399,0.4083309171740601
12675,YJL109C YJR102C,0.0,NA,0.0026617341209203005,2850,18365,12676,0,0.45811572393850875,0.1343389111477728,1.0,0.5916368673689636,0.40836313263103635
12676,YMR183C YER012W,0.0,NA,0.002665052656084299,2850,18364,12677,0,0.45814523029712906,0.13434524370698595,1.0,0.5916046519119874,0.40839534808801264
12677,YMR283C YDR183W,0.0,NA,0.0026676482520997524,2850,18363,12678,0,0.4581747366557493,0.13435157686324423,1.0,0.5915724364550111,0.4084275635449889
12678,YFL057C YLR102C,0.0,NA,0.002671092515811324,2850,18362,12679,0,0.45820424301436957,0.1343579106166321,1.0,0.5915402209980348,0.4084597790019651
12679,YMR161W YDL205C,0.0,NA,0.0026714138220995665,2850,18361,12680,0,0.4582337493729899,0.13436424496723398,1.0,0.5915080055410586,0.4084919944589414
12680,YLR361C YGR119C,0.0,NA,0.0026724061463028193,2850,18360,12681,0,0.45826325573161014,0.13437057991513437,1.0,0.5914757900840824,0.40852420991591765
12681,YER099C YPR065W,0.0,NA,0.0026727670338004827,2850,18359,12682,0,0.45829276209023045,0.13437691546041775,1.0,0.5914435746271061,0.40855642537289394
12682,YPR133C YPL167C,0.0,NA,0.0026743588969111443,2850,18358,12683,0,0.4583222684488507,0.1343832516031686,1.0,0.5914113591701299,0.4085886408298702
12683,YJR109C YDR084C,0.0,NA,0.0026768234092742205,2850,18357,12684,0,0.458351774807471,0.1343895883434715,1.0,0.5913791437131536,0.4086208562868464
12684,YFL008W YJR132W,0.0,NA,0.0026769342366605997,2850,18356,12685,0,0.4583812811660913,0.13439592568141093,1.0,0.5913469282561773,0.4086530717438227
12685,YDR057W YEL003W,0.0,NA,0.002679208992049098,2850,18355,12686,0,0.4584107875247116,0.13440226361707144,1.0,0.591314712799201,0.40868528720079894
12686,YOR267C YER056C,0.0,NA,0.002679632045328617,2850,18354,12687,0,0.45844029388333185,0.13440860215053763,1.0,0.5912824973422248,0.4087175026577752
12687,YML051W YLR301W,0.0,NA,0.002681822283193469,2850,18353,12688,0,0.45846980024195216,0.13441494128189407,1.0,0.5912502818852485,0.40874971811475147
12688,YER075C YER014W,0.0,NA,0.0026855666656047106,2850,18352,12689,0,0.4584993066005724,0.13442128101122536,1.0,0.5912180664282722,0.4087819335717277
12689,YGR097W YGR002C,0.0,NA,0.002686235820874572,2850,18351,12690,0,0.45852881295919273,0.1344276213386161,1.0,0.5911858509712961,0.408814149028704
12690,YFL060C YKL052C,0.0,NA,0.0026864863466471434,2850,18350,12691,0,0.458558319317813,0.13443396226415094,1.0,0.5911536355143198,0.40884636448568024
12691,YGL105W YLR228C,0.0,NA,0.0026906775310635567,2850,18349,12692,0,0.45858782567643325,0.13444030378791452,1.0,0.5911214200573435,0.4088785799426565
12692,YDR531W YPL092W,0.0,NA,0.002693004673346877,2850,18348,12693,0,0.45861733203505356,0.1344466459099915,1.0,0.5910892046003673,0.40891079539963276
12693,YNL135C YHR123W,0.0,NA,0.002693327609449625,2850,18347,12694,0,0.4586468383936738,0.13445298863046656,1.0,0.591056989143391,0.408943010856609
12694,YGL025C YDR288W,0.0,NA,0.002693565795198083,2850,18346,12695,0,0.45867634475229413,0.13445933194942442,1.0,0.5910247736864147,0.40897522631358524
12695,YDL083C YPL145C,0.0,NA,0.0026971136685460806,2850,18345,12696,0,0.4587058511109144,0.13446567586694974,1.0,0.5909925582294385,0.40900744177056153
12696,YDL210W YAL062W,0.0,NA,0.002698848256841302,2850,18344,12697,0,0.4587353574695347,0.1344720203831273,1.0,0.5909603427724622,0.40903965722753777
12697,YOL093W YAL068C,0.0,NA,0.0027050611097365618,2850,18343,12698,0,0.45876486382815496,0.13447836549804182,1.0,0.5909281273154859,0.409071872684514
12698,YMR131C YKL085W,0.0,NA,0.0027053889352828264,2850,18342,12699,0,0.45879437018677527,0.13448471121177802,1.0,0.5908959118585098,0.4091040881414903
12699,YOR103C YKL067W,0.0,NA,0.002705881604924798,2850,18341,12700,0,0.4588238765453955,0.13449105752442075,1.0,0.5908636964015335,0.40913630359846653
12700,YML068W YML001W,0.0,NA,0.002705929335206747,2850,18340,12701,0,0.45885338290401584,0.13449740443605473,1.0,0.5908314809445572,0.4091685190554428
12701,YOL018C YGR255C,0.0,NA,0.0027068713679909706,2850,18339,12702,0,0.4588828892626361,0.13450375194676484,1.0,0.590799265487581,0.40920073451241906
12702,YDL095W YNR067C,0.0,NA,0.002708911197260022,2850,18338,12703,0,0.4589123956212564,0.13451010005663583,1.0,0.5907670500306047,0.4092329499693953
12703,YNL192W YDR144C,0.0,NA,0.0027103014290332794,2850,18337,12704,0,0.45894190197987667,0.13451644876575258,1.0,0.5907348345736284,0.4092651654263716
12704,YLR432W YCR037C,0.0,NA,0.0027111535891890526,2850,18336,12705,0,0.4589714083384969,0.13452279807419995,1.0,0.5907026191166521,0.4092973808833478
12705,YJL189W YGR245C,0.0,NA,0.002712046029046178,2850,18335,12706,0,0.45900091469711723,0.13452914798206278,1.0,0.5906704036596759,0.40932959634032406
12706,YKL082C YDR382W,0.0,NA,0.0027138469740748405,2850,18334,12707,0,0.4590304210557375,0.13453549848942598,1.0,0.5906381882026996,0.40936181179730036
12707,snR14 YNR060W,0.0,NA,0.0027149724774062634,2850,18333,12708,0,0.4590599274143578,0.13454184959637444,1.0,0.5906059727457234,0.4093940272542766
12708,YMR063W YOR167C,0.0,NA,0.0027156490832567215,2850,18332,12709,0,0.45908943377297806,0.1345482013029931,1.0,0.5905737572887472,0.4094262427112529
12709,YNL186W YFR037C,0.0,NA,0.0027157291769981384,2850,18331,12710,0,0.4591189401315984,0.13455455360936688,1.0,0.5905415418317709,0.4094584581682291
12710,YBL047C YPR105C,0.0,NA,0.0027158157899975777,2850,18330,12711,0,0.45914844649021863,0.13456090651558072,1.0,0.5905093263747946,0.40949067362520536
12711,YNL016W YDR528W,0.0,NA,0.0027174539864063263,2850,18329,12712,0,0.45917795284883894,0.13456726002171962,1.0,0.5904771109178184,0.40952288908218165
12712,YOR371C YGR227W,0.0,NA,0.002719978801906109,2850,18328,12713,0,0.4592074592074592,0.13457361412786853,1.0,0.5904448954608421,0.4095551045391579
12713,YDR450W YMR014W,0.0,NA,0.0027214253786951303,2850,18327,12714,0,0.4592369655660795,0.13457996883411247,1.0,0.5904126800038658,0.4095873199961341
12714,YJL029C YPR161C,0.0,NA,0.0027244773227721453,2850,18326,12715,0,0.45926647192469977,0.13458632414053645,1.0,0.5903804645468896,0.4096195354531104
12715,YJR125C YDR201W,0.0,NA,0.002731777261942625,2850,18325,12716,0,0.45929597828332,0.1345926800472255,1.0,0.5903482490899133,0.40965175091008665
12716,YOL097C YML048W,0.0,NA,0.0027321605011820793,2850,18324,12717,0,0.45932548464194034,0.13459903655426467,1.0,0.590316033632937,0.4096839663670629
12717,YJL097W YDR382W,0.0,NA,0.0027339670341461897,2850,18323,12718,0,0.4593549910005606,0.13460539366173901,1.0,0.5902838181759609,0.4097161818240392
12718,tR(UCU)M1 YLR420W,0.0,NA,0.0027344366535544395,2850,18322,12719,0,0.4593844973591809,0.1346117513697336,1.0,0.5902516027189846,0.4097483972810154
12719,YGR134W YKL197C,0.0,NA,0.0027366401627659798,2850,18321,12720,0,0.45941400371780117,0.13461810967833357,1.0,0.5902193872620083,0.4097806127379917
12720,YDR381W YIL014W,0.0,NA,0.0027369395829737186,2850,18320,12721,0,0.4594435100764215,0.134624468587624,1.0,0.5901871718050321,0.40981282819496795
12721,YDR425W YDR142C,0.0,NA,0.0027371281757950783,2850,18319,12722,0,0.45947301643504174,0.13463082809769003,1.0,0.5901549563480558,0.4098450436519442
12722,YMR165C YJR001W,0.0,NA,0.002738738665357232,2850,18318,12723,0,0.45950252279366205,0.13463718820861678,1.0,0.5901227408910795,0.4098772591089205
12723,YKR034W YOL051W,0.0,NA,0.0027397521771490574,2850,18317,12724,0,0.4595320291522823,0.13464354892048944,1.0,0.5900905254341032,0.4099094745658967
12724,YGL153W YHR041C,0.0,NA,0.0027440444100648165,2850,18316,12725,0,0.4595615355109026,0.13464991023339318,1.0,0.590058309977127,0.40994169002287295
12725,YLR150W YOR014W,0.0,NA,0.002744469791650772,2850,18315,12726,0,0.4595910418695229,0.1346562721474132,1.0,0.5900260945201508,0.40997390547984924
12726,YER007W YOR353C,0.0,NA,0.0027445051819086075,2850,18314,12727,0,0.4596205482281432,0.13466263466263467,1.0,0.5899938790631745,0.4100061209368255
12727,YJR028W YMR119W,0.0,NA,0.00274636410176754,2850,18313,12728,0,0.45965005458676345,0.13466899777914285,1.0,0.5899616636061983,0.41003833639380177
12728,YDL007W YJR094C,0.0,NA,0.002746473765000701,2850,18312,12729,0,0.4596795609453837,0.13467536149702297,1.0,0.589929448149222,0.410070551850778
12729,YLR372W YJL138C,0.0,NA,0.0027483669109642506,2850,18311,12730,0,0.459709067304004,0.1346817258163603,1.0,0.5898972326922457,0.41010276730775425
12730,YHR103W YNL201C,0.0,NA,0.0027522118762135506,2850,18310,12731,0,0.4597385736626243,0.13468809073724008,1.0,0.5898650172352695,0.41013498276473054
12731,YLL017W YOR312C,0.0,NA,0.0027582610491663218,2850,18309,12732,0,0.4597680800212446,0.13469445625974763,1.0,0.5898328017782932,0.4101671982217068
12732,YDR412W YDR263C,0.0,NA,0.002758396090939641,2850,18308,12733,0,0.45979758637986484,0.13470082238396824,1.0,0.5898005863213169,0.410199413678683
12733,YIL112W YIL103W,0.0,NA,0.0027594207786023617,2850,18307,12734,0,0.45982709273848515,0.13470718910998725,1.0,0.5897683708643408,0.4102316291356593
12734,YGL070C snR52,0.0,NA,0.0027597500011324883,2850,18306,12735,0,0.4598565990971054,0.13471355643788996,1.0,0.5897361554073645,0.41026384459263554
12735,YBR275C YOL149W,0.0,NA,0.002759828930720687,2850,18305,12736,0,0.4598861054557257,0.13471992436776176,1.0,0.5897039399503882,0.4102960600496118
12736,YDR281C YNL021W,0.0,NA,0.0027608710806816816,2850,18304,12737,0,0.459915611814346,0.13472629289968802,1.0,0.589671724493412,0.41032827550658807
12737,YGR275W YHR040W,0.0,NA,0.0027661011554300785,2850,18303,12738,0,0.4599451181729663,0.13473266203375409,1.0,0.5896395090364357,0.4103604909635643
12738,YGL070C YNR054C,0.0,NA,0.002771256724372506,2850,18302,12739,0,0.45997462453158655,0.1347390317700454,1.0,0.5896072935794594,0.4103927064205406
12739,YDL150W YNL135C,0.0,NA,0.002773962216451764,2850,18301,12740,0,0.46000413089020686,0.13474540210864736,1.0,0.5895750781224832,0.41042492187751684
12740,YJL073W YGR004W,0.0,NA,0.0027743882965296507,2850,18300,12741,0,0.4600336372488271,0.1347517730496454,1.0,0.5895428626655069,0.41045713733449307
12741,YOR249C YOR096W,0.0,NA,0.002782706869766116,2850,18299,12742,0,0.4600631436074474,0.13475814459312496,1.0,0.5895106472085306,0.41048935279146936
12742,YNL065W YBR216C,0.0,NA,0.0027829566970467567,2850,18298,12743,0,0.4600926499660677,0.13476451673917156,1.0,0.5894784317515543,0.4105215682484456
12743,YGL144C YOL122C,0.0,NA,0.002784036798402667,2850,18297,12744,0,0.46012215632468795,0.1347708894878706,1.0,0.5894462162945782,0.41055378370542184
12744,YLR291C YPL274W,0.0,NA,0.0027880005072802305,2850,18296,12745,0,0.46015166268330826,0.13477726283930766,1.0,0.5894140008376019,0.41058599916239813
12745,YBR018C YNL332W,0.0,NA,0.002789936726912856,2850,18295,12746,0,0.4601811690419285,0.13478363679356822,1.0,0.5893817853806256,0.41061821461937437
12746,YMR183C YBR078W,0.0,NA,0.0027902168221771717,2850,18294,12747,0,0.46021067540054883,0.1347900113507378,1.0,0.5893495699236494,0.41065043007635066
12747,YOR338W YNR060W,0.0,NA,0.0027946981135755777,2850,18293,12748,0,0.4602401817591691,0.13479638651090195,1.0,0.5893173544666731,0.4106826455333269
12748,YDR238C YDR245W,0.0,NA,0.002797149820253253,2850,18292,12749,0,0.4602696881177894,0.13480276227414625,1.0,0.5892851390096968,0.41071486099030313
12749,YKL210W YPL232W,0.0,NA,0.0027986636850982904,2850,18291,12750,0,0.46029919447640966,0.13480913864055627,1.0,0.5892529235527206,0.4107470764472794
12750,YHL020C YER098W,0.0,NA,0.00279901921749115,2850,18290,12751,0,0.46032870083502997,0.1348155156102176,1.0,0.5892207080957443,0.41077929190425566
12751,YIL101C YGL198W,0.0,NA,0.0027991256210952997,2850,18289,12752,0,0.4603582071936502,0.13482189318321586,1.0,0.589188492638768,0.4108115073612319
12752,YKL020C YER031C,0.0,NA,0.0027999442536383867,2850,18288,12753,0,0.46038771355227054,0.13482827135963668,1.0,0.5891562771817919,0.4108437228182082
12753,YOR064C YOR099W,0.0,NA,0.0028009642846882343,2850,18287,12754,0,0.4604172199108908,0.1348346501395657,1.0,0.5891240617248156,0.4108759382751844
12754,YGL195W YPR179C,0.0,NA,0.002802013885229826,2850,18286,12755,0,0.46044672626951105,0.13484102952308857,1.0,0.5890918462678393,0.41090815373216066
12755,YCR035C YGR038W,0.0,NA,0.0028022711630910635,2850,18285,12756,0,0.46047623262813137,0.13484740951029098,1.0,0.5890596308108631,0.41094036918913696
12756,YPL234C YLR340W,0.0,NA,0.0028025961946696043,2850,18284,12757,0,0.4605057389867516,0.13485379010125864,1.0,0.5890274153538868,0.4109725846461132
12757,YGL086W YCR039C,0.0,NA,0.002803253475576639,2850,18283,12758,0,0.46053524534537194,0.13486017129607722,1.0,0.5889951998969105,0.4110048001030895
12758,YHR188C YGL051W,0.0,NA,0.002805811120197177,2850,18282,12759,0,0.4605647517039922,0.13486655309483248,1.0,0.5889629844399343,0.4110370155600657
12759,YBR136W YPL154C,0.0,NA,0.0028064700309187174,2850,18281,12760,0,0.4605942580626125,0.13487293549761015,1.0,0.588930768982958,0.41106923101704196
12760,YAL044C YNR032W,0.0,NA,0.002808456774801016,2850,18280,12761,0,0.46062376442123276,0.13487931850449597,1.0,0.5888985535259817,0.41110144647401825
12761,YGL062W YGL021W,0.0,NA,0.0028103082440793514,2850,18279,12762,0,0.4606532707798531,0.13488570211557574,1.0,0.5888663380690055,0.4111336619309945
12762,YDL140C YLR333C,0.0,NA,0.0028107156977057457,2850,18278,12763,0,0.46068277713847333,0.13489208633093525,1.0,0.5888341226120293,0.4111658773879707
12763,YMR182C YPL119C,0.0,NA,0.002812111284583807,2850,18277,12764,0,0.46071228349709364,0.13489847115066028,1.0,0.588801907155053,0.411198092844947
12764,YGL103W YOL125W,0.0,NA,0.002812751801684499,2850,18276,12765,0,0.4607417898557139,0.1349048565748367,1.0,0.5887696916980767,0.41123030830192325
12765,YLR175W YMR266W,0.0,NA,0.00281845242716372,2850,18275,12766,0,0.4607712962143342,0.1349112426035503,1.0,0.5887374762411005,0.41126252375889955
12766,YOR273C YKR076W,0.0,NA,0.0028189269360154867,2850,18274,12767,0,0.46080080257295447,0.13491762923688697,1.0,0.5887052607841242,0.4112947392158758
12767,YGL207W YDR419W,0.0,NA,0.00281918584369123,2850,18273,12768,0,0.46083030893157473,0.13492401647493255,1.0,0.5886730453271479,0.411326954672852
12768,YHR036W YPR066W,0.0,NA,0.002822510665282607,2850,18272,12769,0,0.46085981529019504,0.13493040431777295,1.0,0.5886408298701717,0.4113591701298283
12769,YGR272C YOL013C,0.0,NA,0.0028246266301721334,2850,18271,12770,0,0.4608893216488153,0.13493679276549406,1.0,0.5886086144131955,0.41139138558680455
12770,YHR028C YPR005C,0.0,NA,0.0028257202357053757,2850,18270,12771,0,0.4609188280074356,0.13494318181818182,1.0,0.5885763989562192,0.4114236010437808
12771,YPR032W YPR010C,0.0,NA,0.0028268087189644575,2850,18269,12772,0,0.46094833436605587,0.13494957147592215,1.0,0.588544183499243,0.4114558165007571
12772,YCL064C YKL067W,0.0,NA,0.0028294147923588753,2850,18268,12773,0,0.4609778407246762,0.13495596173880103,1.0,0.5885119680422667,0.4114880319577333
12773,YAL017W YDL193W,0.0,NA,0.0028335722163319588,2850,18267,12774,0,0.46100734708329644,0.1349623526069044,1.0,0.5884797525852904,0.41152024741470955
12774,YMR217W YGR036C,0.0,NA,0.002833949401974678,2850,18266,12775,0,0.46103685344191675,0.13496874408031825,1.0,0.5884475371283142,0.41155246287168584
12775,YER190W YLR146C,0.0,NA,0.0028351140208542347,2850,18265,12776,0,0.461066359800537,0.1349751361591286,1.0,0.5884153216713379,0.4115846783286621
12776,YKR008W YHR166C,0.0,NA,0.0028357072733342648,2850,18264,12777,0,0.4610958661591573,0.13498152884342143,1.0,0.5883831062143616,0.41161689378563837
12777,YGR094W YMR050C,0.0,NA,0.002837293315678835,2850,18263,12778,0,0.4611253725177776,0.1349879221332828,1.0,0.5883508907573854,0.4116491092426146
12778,YOR295W YDR163W,0.0,NA,0.0028382919263094664,2850,18262,12779,0,0.4611548788763979,0.1349943160287988,1.0,0.5883186753004092,0.41168132469959084
12779,YDR081C YJR084W,0.0,NA,0.002839459339156747,2850,18261,12780,0,0.46118438523501815,0.1350007105300554,1.0,0.5882864598434329,0.41171354015656714
12780,YNL004W YDR477W,0.0,NA,0.0028437385335564613,2850,18260,12781,0,0.4612138915936384,0.1350071056371388,1.0,0.5882542443864566,0.4117457556135434
12781,YDL033C YOR219C,0.0,NA,0.0028462002519518137,2850,18259,12782,0,0.4612433979522587,0.135013501350135,1.0,0.5882220289294804,0.4117779710705196
12782,YGR116W YNL267W,0.0,NA,0.0028495355509221554,2850,18258,12783,0,0.461272904310879,0.1350198976691302,1.0,0.5881898134725041,0.4118101865274959
12783,YDL063C YDL197C,0.0,NA,0.0028517788741737604,2850,18257,12784,0,0.4613024106694993,0.13502629459421045,1.0,0.5881575980155278,0.41184240198447214
12784,YGL238W YDL214C,0.0,NA,0.0028523632790893316,2850,18256,12785,0,0.46133191702811954,0.13503269212546196,1.0,0.5881253825585516,0.41187461744144843
12785,YGR276C YGR222W,0.0,NA,0.0028525327797979116,2850,18255,12786,0,0.46136142338673986,0.13503909026297087,1.0,0.5880931671015753,0.41190683289842467
12786,YML064C YFR037C,0.0,NA,0.0028526766691356897,2850,18254,12787,0,0.4613909297453601,0.13504548900682334,1.0,0.588060951644599,0.4119390483554009
12787,YDL118W YHR171W,0.0,NA,0.002854718593880534,2850,18253,12788,0,0.4614204361039804,0.13505188835710563,1.0,0.5880287361876229,0.4119712638123772
12788,YBL016W YNL158W,0.0,NA,0.002855454571545124,2850,18252,12789,0,0.4614499424626007,0.1350582883139039,1.0,0.5879965207306466,0.41200347926935343
12789,YOR370C YPR187W,0.0,NA,0.0028560722712427378,2850,18251,12790,0,0.461479448821221,0.13506468887730438,1.0,0.5879643052736703,0.41203569472632967
12790,YIL096C YNL101W,0.0,NA,0.002858928171917796,2850,18250,12791,0,0.46150895517984125,0.13507109004739337,1.0,0.5879320898166941,0.41206791018330596
12791,YBR058C YDR064W,0.0,NA,0.002863133093342185,2850,18249,12792,0,0.46153846153846156,0.13507749182425707,1.0,0.5878998743597178,0.4121001256402822
12792,YNL037C YCR067C,0.0,NA,0.002863869536668062,2850,18248,12793,0,0.4615679678970818,0.1350838942079818,1.0,0.5878676589027415,0.4121323410972585
12793,YOR026W YGL035C,0.0,NA,0.002865564078092575,2850,18247,12794,0,0.4615974742557021,0.13509029719865384,1.0,0.5878354434457653,0.41216455655423473
12794,YJR051W YKR054C,0.0,NA,0.002866823226213455,2850,18246,12795,0,0.4616269806143224,0.1350967007963595,1.0,0.587803227988789,0.41219677201121097
12795,YJL204C YIR031C,0.0,NA,0.002867356175556779,2850,18245,12796,0,0.46165648697294265,0.1351031050011851,1.0,0.5877710125318127,0.41222898746818726
12796,YLR406C YLR033W,0.0,NA,0.0028679235838353634,2850,18244,12797,0,0.46168599333156296,0.13510950981321704,1.0,0.5877387970748366,0.4122612029251635
12797,YDR039C YCR093W,0.0,NA,0.0028681266121566296,2850,18243,12798,0,0.4617154996901832,0.1351159152325416,1.0,0.5877065816178603,0.41229341838213973
12798,YNL312W YDR447C,0.0,NA,0.002869231393560767,2850,18242,12799,0,0.46174500604880353,0.1351223212592452,1.0,0.587674366160884,0.412325633839116
12799,YPL042C YPL119C,0.0,NA,0.0028693790081888437,2850,18241,12800,0,0.4617745124074238,0.13512872789341426,1.0,0.5876421507039077,0.41235784929609226
12800,YBR048W YKR106W,0.0,NA,0.0028705443255603313,2850,18240,12801,0,0.4618040187660441,0.13513513513513514,1.0,0.5876099352469315,0.4123900647530685
12801,YDR389W YDL236W,0.0,NA,0.00287110498175025,2850,18239,12802,0,0.46183352512466436,0.1351415429844943,1.0,0.5875777197899552,0.4124222802100448
12802,YOL101C YJR106W,0.0,NA,0.0028743220027536154,2850,18238,12803,0,0.46186303148328467,0.13514795144157815,1.0,0.5875455043329789,0.412454495667021
12803,YLR229C YDR046C,0.0,NA,0.002875757170841098,2850,18237,12804,0,0.4618925378419049,0.13515436050647317,1.0,0.5875132888760027,0.4124867111239973
12804,YLR233C YDR069C,0.0,NA,0.0028810836374759674,2850,18236,12805,0,0.46192204420052524,0.13516077017926587,1.0,0.5874810734190264,0.41251892658097356
12805,YIL096C YER164W,0.0,NA,0.0028813318349421024,2850,18235,12806,0,0.4619515505591455,0.1351671804600427,1.0,0.5874488579620502,0.4125511420379498
12806,YFR033C YAL009W,0.0,NA,0.0028846256900578737,2850,18234,12807,0,0.46198105691776575,0.13517359134889015,1.0,0.587416642505074,0.4125833574949261
12807,YDR281C YMR276W,0.0,NA,0.0028852811083197594,2850,18233,12808,0,0.46201056327638607,0.1351800028458948,1.0,0.5873844270480977,0.4126155729519023
12808,YNL281W YMR174C,0.0,NA,0.002887541428208351,2850,18232,12809,0,0.4620400696350063,0.13518641495114317,1.0,0.5873522115911214,0.41264778840887856
12809,YCR040W YDR422C,0.0,NA,0.002887928858399391,2850,18231,12810,0,0.46206957599362664,0.1351928276647218,1.0,0.5873199961341452,0.41268000386585485
12810,YDR409W YBR021W,0.0,NA,0.0028924799989908934,2850,18230,12811,0,0.4620990823522469,0.13519924098671726,1.0,0.5872877806771689,0.4127122193228311
12811,YOR073W YIR001C,0.0,NA,0.002893441589549184,2850,18229,12812,0,0.4621285887108672,0.1352056549172162,1.0,0.5872555652201926,0.4127444347798074
12812,YGR208W YNL326C,0.0,NA,0.0028947596438229084,2850,18228,12813,0,0.46215809506948746,0.13521206945630515,1.0,0.5872233497632164,0.4127766502367836
12813,YFL031W YJR016C,0.0,NA,0.0028952343855053186,2850,18227,12814,0,0.4621876014281078,0.1352184846040708,1.0,0.5871911343062401,0.41280886569375985
12814,YHR178W YKR007W,0.0,NA,0.002896513557061553,2850,18226,12815,0,0.46221710778672803,0.13522490036059973,1.0,0.5871589188492639,0.41284108115073614
12815,YOL038W YEL065W,0.0,NA,0.0028974818997085094,2850,18225,12816,0,0.46224661414534834,0.13523131672597866,1.0,0.5871267033922877,0.4128732966077124
12816,YPL005W YFL011W,0.0,NA,0.00289787445217371,2850,18224,12817,0,0.4622761205039686,0.1352377337002942,1.0,0.5870944879353114,0.4129055120646886
12817,YDL038C YOR113W,0.0,NA,0.0029003280214965343,2850,18223,12818,0,0.4623056268625889,0.1352441512836331,1.0,0.5870622724783351,0.4129377275216649
12818,YCL035C YBR076W,0.0,NA,0.0029018218629062176,2850,18222,12819,0,0.46233513322120917,0.135250569476082,1.0,0.5870300570213588,0.41296994297864115
12819,YMR010W YDR082W,0.0,NA,0.0029042649548500776,2850,18221,12820,0,0.46236463957982943,0.13525698827772767,1.0,0.5869978415643826,0.4130021584356174
12820,YDR510W YCL051W,0.0,NA,0.002905263565480709,2850,18220,12821,0,0.46239414593844974,0.13526340768865686,1.0,0.5869656261074063,0.4130343738925937
12821,YFR001W YKR002W,0.0,NA,0.002905437722802162,2850,18219,12822,0,0.46242365229707,0.1352698277089563,1.0,0.58693341065043,0.4130665893495699
12822,YNL167C YER176W,0.0,NA,0.0029077702201902866,2850,18218,12823,0,0.4624531586556903,0.13527624833871274,1.0,0.5869011951934539,0.4130988048065462
12823,YDR140W YLR248W,0.0,NA,0.0029118002858012915,2850,18217,12824,0,0.46248266501431057,0.135282669578013,1.0,0.5868689797364776,0.41313102026352244
12824,YCR020C-A YPL091W,0.0,NA,0.002913128351792693,2850,18216,12825,0,0.4625121713729309,0.1352890914269439,1.0,0.5868367642795013,0.4131632357204987
12825,YLR028C YGR199W,0.0,NA,0.002913482952862978,2850,18215,12826,0,0.46254167773155114,0.13529551388559222,1.0,0.5868045488225251,0.41319545117747497
12826,YER051W YEL034W,0.0,NA,0.0029172503855079412,2850,18214,12827,0,0.46257118409017145,0.13530193695404483,1.0,0.5867723333655488,0.4132276666344512
12827,YJL068C YPL093W,0.0,NA,0.0029188762418925762,2850,18213,12828,0,0.4626006904487917,0.13530836063238855,1.0,0.5867401179085725,0.41325988209142744
12828,YER100W YDR040C,0.0,NA,0.002919255057349801,2850,18212,12829,0,0.462630196807412,0.13531478492071028,1.0,0.5867079024515963,0.41329209754840374
12829,YOL102C YLR135W,0.0,NA,0.0029196953400969505,2850,18211,12830,0,0.4626597031660323,0.1353212098190969,1.0,0.58667568699462,0.41332431300538
12830,YAL036C YPR052C,0.0,NA,0.0029205349273979664,2850,18210,12831,0,0.4626892095246526,0.13532763532763534,1.0,0.5866434715376437,0.41335652846235627
12831,YOL086C YKL019W,0.0,NA,0.002922399202361703,2850,18209,12832,0,0.46271871588327285,0.13533406144641247,1.0,0.5866112560806676,0.4133887439193325
12832,YDL031W YDR306C,0.0,NA,0.0029301359318196774,2850,18208,12833,0,0.4627482222418931,0.13534048817551525,1.0,0.5865790406236913,0.41342095937630874
12833,YPL156C YBR181C,0.0,NA,0.002930163871496916,2850,18207,12834,0,0.4627777286005134,0.13534691551503064,1.0,0.586546825166715,0.41345317483328503
12834,YJR059W YML107C,0.0,NA,0.00293074082583189,2850,18206,12835,0,0.4628072349591337,0.1353533434650456,1.0,0.5865146097097388,0.41348539029026127
12835,YDL044C YMR077C,0.0,NA,0.0029311073012650013,2850,18205,12836,0,0.462836741317754,0.1353597720256471,1.0,0.5864823942527625,0.4135176057472375
12836,YGL119W YPR144C,0.0,NA,0.002932371338829398,2850,18204,12837,0,0.46286624767637424,0.1353662011969222,1.0,0.5864501787957862,0.4135498212042138
12837,YCL011C YFL024C,0.0,NA,0.0029356691520661116,2850,18203,12838,0,0.46289575403499456,0.13537263097895788,1.0,0.5864179633388099,0.41358203666119003
12838,YPL048W YNL263C,0.0,NA,0.0029361380729824305,2850,18202,12839,0,0.4629252603936148,0.13537906137184116,1.0,0.5863857478818337,0.41361425211816627
12839,YOR087W YML076C,0.0,NA,0.0029362442437559366,2850,18201,12840,0,0.4629547667522351,0.1353854923756591,1.0,0.5863535324248574,0.41364646757514256
12840,YFL017C YDR406W,0.0,NA,0.0029364731162786484,2850,18200,12841,0,0.4629842731108554,0.13539192399049882,1.0,0.5863213169678811,0.4136786830321188
12841,YGR060W YOL147C,0.0,NA,0.0029365874361246824,2850,18199,12842,0,0.4630137794694757,0.13539835621644733,1.0,0.586289101510905,0.4137108984890951
12842,YOR148C YOR092W,0.0,NA,0.0029382132925093174,2850,18198,12843,0,0.46304328582809595,0.1354047890535918,1.0,0.5862568860539287,0.41374311394607133
12843,YCL020W YGL144C,0.0,NA,0.0029394119046628475,2850,18197,12844,0,0.46307279218671626,0.13541122250201929,1.0,0.5862246705969524,0.41377532940304756
12844,YDR006C YHR019C,0.0,NA,0.0029425329994410276,2850,18196,12845,0,0.4631022985453365,0.13541765656181698,1.0,0.5861924551399762,0.41380754486002386
12845,YIL162W YPL116W,0.0,NA,0.0029429399874061346,2850,18195,12846,0,0.4631318049039568,0.13542409123307197,1.0,0.5861602396829999,0.4138397603170001
12846,YBL005W YOL088C,0.0,NA,0.0029430799186229706,2850,18194,12847,0,0.4631613112625771,0.1354305265158715,1.0,0.5861280242260236,0.41387197577397633
12847,YDL007W YKR097W,0.0,NA,0.0029442457016557455,2850,18193,12848,0,0.46319081762119735,0.1354369624103027,1.0,0.5860958087690474,0.4139041912309526
12848,YLR070C YPL120W,0.0,NA,0.002944773528724909,2850,18192,12849,0,0.46322032397981766,0.1354433989164528,1.0,0.5860635933120711,0.41393640668792886
12849,YNL004W YBR042C,0.0,NA,0.0029457551427185535,2850,18191,12850,0,0.4632498303384379,0.13544983603440902,1.0,0.5860313778550948,0.41396862214490515
12850,YJR139C YLR238W,0.0,NA,0.0029572320636361837,2850,18190,12851,0,0.46327933669705823,0.13545627376425856,1.0,0.5859991623981187,0.4140008376018814
12851,YDR006C YML004C,0.0,NA,0.002957726828753948,2850,18189,12852,0,0.4633088430556785,0.1354627121060887,1.0,0.5859669469411424,0.4140330530588576
12852,YBR006W YNL065W,0.0,NA,0.0029578267131000757,2850,18188,12853,0,0.4633383494142988,0.1354691510599867,1.0,0.5859347314841661,0.4140652685158339
12853,YAL007C YLR214W,0.0,NA,0.002958286553621292,2850,18187,12854,0,0.46336785577291906,0.13547559062603984,1.0,0.5859025160271898,0.41409748397281015
12854,YJL179W YGR227W,0.0,NA,0.002960097510367632,2850,18186,12855,0,0.46339736213153937,0.13548203080433543,1.0,0.5858703005702136,0.4141296994297864
12855,YIL119C snR33,0.0,NA,0.0029606798198074102,2850,18185,12856,0,0.4634268684901596,0.13548847159496077,1.0,0.5858380851132373,0.4141619148867627
12856,YCR060W YLR188W,0.0,NA,0.002961102407425642,2850,18184,12857,0,0.46345637484877994,0.13549491299800323,1.0,0.585805869656261,0.4141941303437389
12857,YOR368W YAL062W,0.0,NA,0.002962328726425767,2850,18183,12858,0,0.4634858812074002,0.13550135501355012,1.0,0.5857736541992848,0.41422634580071516
12858,YDR004W YDR190C,0.0,NA,0.0029650989454239607,2850,18182,12859,0,0.46351538756602045,0.13550779764168885,1.0,0.5857414387423086,0.41425856125769145
12859,YDR006C YDR251W,0.0,NA,0.002971312263980508,2850,18181,12860,0,0.46354489392464077,0.13551424088250677,1.0,0.5857092232853323,0.4142907767146677
12860,YJR105W YJL190C,0.0,NA,0.002974803326651454,2850,18180,12861,0,0.463574400283261,0.1355206847360913,1.0,0.5856770078283561,0.414322992171644
12861,YNL268W YAL028W,0.0,NA,0.0029751979745924473,2850,18179,12862,0,0.46360390664188134,0.13552712920252985,1.0,0.5856447923713798,0.4143552076286202
12862,YIR006C YMR261C,0.0,NA,0.0029752617701888084,2850,18178,12863,0,0.4636334130005016,0.13553357428190985,1.0,0.5856125769144035,0.41438742308559645
12863,YNL272C YCR047C,0.0,NA,0.0029801016207784414,2850,18177,12864,0,0.4636629193591219,0.13554001997431872,1.0,0.5855803614574273,0.41441963854257274
12864,YHL028W YKL197C,0.0,NA,0.0029812324792146683,2850,18176,12865,0,0.46369242571774216,0.135546466279844,1.0,0.585548146000451,0.414451853999549
12865,YGR077C YDR545W,0.0,NA,0.0029840331990271807,2850,18175,12866,0,0.4637219320763625,0.13555291319857313,1.0,0.5855159305434747,0.4144840694565252
12866,YOL018C YMR208W,0.0,NA,0.0029841423965990543,2850,18174,12867,0,0.46375143843498273,0.1355593607305936,1.0,0.5854837150864985,0.4145162849135015
12867,Q0115 YOL001W,0.0,NA,0.0029851298313587904,2850,18173,12868,0,0.46378094479360304,0.13556580887599295,1.0,0.5854514996295223,0.41454850037047775
12868,YNL227C YOR193W,0.0,NA,0.0029855186585336924,2850,18172,12869,0,0.4638104511522233,0.13557225763485872,1.0,0.585419284172546,0.41458071582745404
12869,YLR176C YBR191W,0.0,NA,0.0029873859602957964,2850,18171,12870,0,0.46383995751084356,0.13557870700727845,1.0,0.5853870687155698,0.4146129312844303
12870,YLR166C YOR138C,0.0,NA,0.0029901466332376003,2850,18170,12871,0,0.46386946386946387,0.13558515699333967,1.0,0.5853548532585935,0.4146451467414065
12871,YOL059W YIL147C,0.0,NA,0.002990264445543289,2850,18169,12872,0,0.46389897022808413,0.13559160759313002,1.0,0.5853226378016172,0.4146773621983828
12872,YPR094W YNL225C,0.0,NA,0.0029931545723229647,2850,18168,12873,0,0.46392847658670444,0.1355980588067371,1.0,0.5852904223446409,0.41470957765535904
12873,YMR220W YPL249C-A,0.0,NA,0.002995460992679,2850,18167,12874,0,0.4639579829453247,0.13560451063424847,1.0,0.5852582068876647,0.4147417931123353
12874,YDR538W YDR178W,0.0,NA,0.0029957012739032507,2850,18166,12875,0,0.463987489303945,0.1356109630757518,1.0,0.5852259914306884,0.41477400856931157
12875,YLR313C YGL170C,0.0,NA,0.002999703399837017,2850,18165,12876,0,0.46401699566256527,0.13561741613133477,1.0,0.5851937759737121,0.4148062240262878
12876,YMR112C YFR021W,0.0,NA,0.003002626821398735,2850,18164,12877,0,0.4640465020211856,0.13562386980108498,1.0,0.585161560516736,0.41483843948326404
12877,YBR102C YOL002C,0.0,NA,0.003003092249855399,2850,18163,12878,0,0.46407600837980584,0.13563032408509018,1.0,0.5851293450597597,0.41487065494024034
12878,YOR081C YDR419W,0.0,NA,0.003005577251315117,2850,18162,12879,0,0.46410551473842615,0.13563677898343804,1.0,0.5850971296027834,0.41490287039721657
12879,YGR245C YDR308C,0.0,NA,0.0030061188153922558,2850,18161,12880,0,0.4641350210970464,0.13564323449621626,1.0,0.5850649141458072,0.41493508585419286
12880,YLR215C YAR010C,0.0,NA,0.0030098340939730406,2850,18160,12881,0,0.4641645274556667,0.13564969062351262,1.0,0.5850326986888309,0.4149673013111691
12881,YMR183C YNL059C,0.0,NA,0.003012062981724739,2850,18159,12882,0,0.464194033814287,0.13565614736541481,1.0,0.5850004832318546,0.41499951676814534
12882,YJR027W YNL136W,0.0,NA,0.0030147817451506853,2850,18158,12883,0,0.46422354017290723,0.13566260472201067,1.0,0.5849682677748784,0.41503173222512163
12883,YHR214C-B YMR231W,0.0,NA,0.0030159801244735718,2850,18157,12884,0,0.46425304653152755,0.1356690626933879,1.0,0.5849360523179021,0.41506394768209787
12884,YGR047C YHR107C,0.0,NA,0.0030167587101459503,2850,18156,12885,0,0.4642825528901478,0.1356755212796344,1.0,0.5849038368609258,0.4150961631390741
12885,YDR253C YKL145W,0.0,NA,0.00301704416051507,2850,18155,12886,0,0.4643120592487681,0.1356819804808379,1.0,0.5848716214039497,0.4151283785960504
12886,YDR081C YGR229C,0.0,NA,0.0030179566238075495,2850,18154,12887,0,0.4643415656073884,0.13568844029708627,1.0,0.5848394059469734,0.41516059405302663
12887,YNL330C YAL021C,0.0,NA,0.0030195293948054314,2850,18153,12888,0,0.4643710719660087,0.13569490072846735,1.0,0.5848071904899971,0.4151928095100029
12888,YDR471W YGL123W,0.0,NA,0.003020238596946001,2850,18152,12889,0,0.46440057832462894,0.13570136177506903,1.0,0.5847749750330209,0.41522502496697916
12889,YOL010W YLR170C,0.0,NA,0.0030223329085856676,2850,18151,12890,0,0.46443008468324926,0.13570782343697918,1.0,0.5847427595760446,0.4152572404239554
12890,YIL085C YER031C,0.0,NA,0.0030246153473854065,2850,18150,12891,0,0.4644595910418695,0.1357142857142857,1.0,0.5847105441190683,0.4152894558809317
12891,YOR160W YLR449W,0.0,NA,0.0030253876466304064,2850,18149,12892,0,0.4644890974004898,0.13572074860707653,1.0,0.584678328662092,0.4153216713379079
12892,YPL081W YFL047W,0.0,NA,0.003039170056581497,2850,18148,12893,0,0.4645186037591101,0.13572721211543956,1.0,0.5846461132051158,0.41535388679488416
12893,YBR248C YHR113W,0.0,NA,0.0030396278016269207,2850,18147,12894,0,0.4645481101177304,0.13573367623946278,1.0,0.5846138977481395,0.41538610225186046
12894,YDR303C YPL156C,0.0,NA,0.0030400657560676336,2850,18146,12895,0,0.46457761647635065,0.13574014097923415,1.0,0.5845816822911633,0.4154183177088367
12895,YJL056C YPL253C,0.0,NA,0.0030405137222260237,2850,18145,12896,0,0.4646071228349709,0.13574660633484162,1.0,0.5845494668341871,0.41545053316581293
12896,YGL004C YDL002C,0.0,NA,0.00304234866052866,2850,18144,12897,0,0.4646366291935912,0.13575307230637326,1.0,0.5845172513772108,0.4154827486227892
12897,YJL114W YPR139C,0.0,NA,0.003046747064217925,2850,18143,12898,0,0.4646661355522115,0.135759538893917,1.0,0.5844850359202345,0.41551496407976546
12898,YKL007W YCR044C,0.0,NA,0.003051250707358122,2850,18142,12899,0,0.4646956419108318,0.13576600609756098,1.0,0.5844528204632583,0.41554717953674175
12899,YPL195W YER170W,0.0,NA,0.0030517366249114275,2850,18141,12900,0,0.46472514826945205,0.13577247391739317,1.0,0.584420605006282,0.415579394993718
12900,YMR123W YMR021C,0.0,NA,0.0030530192889273167,2850,18140,12901,0,0.46475465462807236,0.13577894235350166,1.0,0.5843883895493057,0.4156116104506942
12901,YMR156C YER124C,0.0,NA,0.003053393680602312,2850,18139,12902,0,0.4647841609866926,0.13578541140597455,1.0,0.5843561740923295,0.4156438259076705
12902,YLR248W YJR033C,0.0,NA,0.003055217210203409,2850,18138,12903,0,0.46481366734531293,0.13579188107489995,1.0,0.5843239586353532,0.41567604136464675
12903,YDL113C YML019W,0.0,NA,0.003056481247767806,2850,18137,12904,0,0.4648431737039332,0.13579835136036594,1.0,0.584291743178377,0.415708256821623
12904,YJR074W YEL026W,0.0,NA,0.003058213507756591,2850,18136,12905,0,0.4648726800625535,0.13580482226246068,1.0,0.5842595277214008,0.4157404722785993
12905,YAL015C Q0070,0.0,NA,0.003058660076931119,2850,18135,12906,0,0.46490218642117376,0.13581129378127232,1.0,0.5842273122644245,0.4157726877355755
12906,YOL102C YOR241W,0.0,NA,0.003062621923163533,2850,18134,12907,0,0.46493169277979407,0.13581776591688907,1.0,0.5841950968074482,0.4158049031925518
12907,YLR260W YPL269W,0.0,NA,0.0030638743191957474,2850,18133,12908,0,0.4649611991384143,0.13582423866939905,1.0,0.584162881350472,0.41583711864952805
12908,YKL045W YPL275W,0.0,NA,0.003065770957618952,2850,18132,12909,0,0.4649907054970346,0.13583071203889047,1.0,0.5841306658934957,0.4158693341065043
12909,YLR175W YKR001C,0.0,NA,0.003066352568566799,2850,18131,12910,0,0.4650202118556549,0.1358371860254516,1.0,0.5840984504365194,0.4159015495634806
12910,YOL005C YDR085C,0.0,NA,0.0030669181142002344,2850,18130,12911,0,0.46504971821427515,0.13584366062917064,1.0,0.5840662349795431,0.4159337650204568
12911,YLL031C YLR150W,0.0,NA,0.0030671951826661825,2850,18129,12912,0,0.46507922457289547,0.13585013585013586,1.0,0.584034019522567,0.41596598047743305
12912,snR35 YOL111C,0.0,NA,0.003067233134061098,2850,18128,12913,0,0.4651087309315157,0.1358566116884355,1.0,0.5840018040655907,0.41599819593440934
12913,YBR009C YGL071W,0.0,NA,0.003069539088755846,2850,18127,12914,0,0.46513823729013604,0.1358630881441579,1.0,0.5839695886086144,0.4160304113913856
12914,YPL101W YPR069C,0.0,NA,0.0030702135991305113,2850,18126,12915,0,0.4651677436487563,0.1358695652173913,1.0,0.5839373731516382,0.41606262684836187
12915,YNL227C YOR005C,0.0,NA,0.0030728578567504883,2850,18125,12916,0,0.4651972500073766,0.13587604290822408,1.0,0.5839051576946619,0.4160948423053381
12916,YHR111W YPR088C,0.0,NA,0.0030745104886591434,2850,18124,12917,0,0.46522675636599686,0.13588252121674455,1.0,0.5838729422376856,0.41612705776231435
12917,YPR143W YKL019W,0.0,NA,0.0030765775591135025,2850,18123,12918,0,0.4652562627246172,0.13588900014304106,1.0,0.5838407267807094,0.41615927321929064
12918,YNR070W YML023C,0.0,NA,0.003077897010371089,2850,18122,12919,0,0.46528576908323743,0.13589547968720198,1.0,0.5838085113237331,0.4161914886762669
12919,YNL044W YKR076W,0.0,NA,0.0030785028357058764,2850,18121,12920,0,0.46531527544185775,0.13590195984931572,1.0,0.5837762958667568,0.4162237041332431
12920,YFR029W YLR409C,0.0,NA,0.0030806842260062695,2850,18120,12921,0,0.465344781800478,0.13590844062947066,1.0,0.5837440804097807,0.4162559195902194
12921,YFL008W YIL003W,0.0,NA,0.0030809391755610704,2850,18119,12922,0,0.46537428815909826,0.13591492202775526,1.0,0.5837118649528044,0.41628813504719564
12922,YPL204W YBR030W,0.0,NA,0.0030830809846520424,2850,18118,12923,0,0.46540379451771857,0.13592140404425793,1.0,0.5836796494958281,0.4163203505041719
12923,YIR022W YPL047W,0.0,NA,0.0030835147481411695,2850,18117,12924,0,0.46543330087633883,0.1359278866790671,1.0,0.5836474340388519,0.41635256596114817
12924,YBL021C YBL078C,0.0,NA,0.0030842125415802,2850,18116,12925,0,0.46546280723495914,0.1359343699322713,1.0,0.5836152185818756,0.4163847814181244
12925,YBR201W YBR252W,0.0,NA,0.0030894349329173565,2850,18115,12926,0,0.4654923135935794,0.13594085380395898,1.0,0.5835830031248993,0.4164169968751007
12926,YKL135C YML080W,0.0,NA,0.0030908186454325914,2850,18114,12927,0,0.4655218199521997,0.13594733829421865,1.0,0.5835507876679231,0.41644921233207693
12927,YBR247C YIL084C,0.0,NA,0.0030925029423087835,2850,18113,12928,0,0.46555132631081997,0.13595382340313886,1.0,0.5835185722109468,0.41648142778905317
12928,YPL283C YGL012W,0.0,NA,0.003098072251304984,2850,18112,12929,0,0.4655808326694403,0.13596030913080812,1.0,0.5834863567539705,0.41651364324602946
12929,YIL029C YMR131C,0.0,NA,0.0030985905323177576,2850,18111,12930,0,0.46561033902806054,0.13596679547731502,1.0,0.5834541412969942,0.4165458587030057
12930,YLR020C YGL213C,0.0,NA,0.0031018108129501343,2850,18110,12931,0,0.46563984538668085,0.1359732824427481,1.0,0.5834219258400181,0.41657807415998194
12931,YGL091C YPR062W,0.0,NA,0.0031064660288393497,2850,18109,12932,0,0.4656693517453011,0.13597977002719597,1.0,0.5833897103830418,0.41661028961695823
12932,YDL220C YDR314C,0.0,NA,0.0031073640566319227,2850,18108,12933,0,0.4656988581039214,0.1359862582307472,1.0,0.5833574949260655,0.41664250507393447
12933,YOR073W YCR020W-B,0.0,NA,0.003110632998868823,2850,18107,12934,0,0.4657283644625417,0.1359927470534905,1.0,0.5833252794690893,0.41667472053091076
12934,YPR120C YBL082C,0.0,NA,0.003113137325271964,2850,18106,12935,0,0.46575787082116193,0.1359992364955144,1.0,0.583293064012113,0.416706935987887
12935,YJL087C YDR501W,0.0,NA,0.0031164821702986956,2850,18105,12936,0,0.46578737717978225,0.13600572655690765,1.0,0.5832608485551367,0.41673915144486323
12936,YIR012W YNL082W,0.0,NA,0.003119305707514286,2850,18104,12937,0,0.4658168835384025,0.1360122172377589,1.0,0.5832286330981605,0.4167713669018395
12937,YHR090C YDL076C,0.0,NA,0.0031205452978610992,2850,18103,12938,0,0.4658463898970228,0.13601870853815684,1.0,0.5831964176411842,0.41680358235881576
12938,YKL180W YDR321W,0.0,NA,0.003124214243143797,2850,18102,12939,0,0.4658758962556431,0.13602520045819014,1.0,0.583164202184208,0.416835797815792
12939,YPR186C YBR086C,0.0,NA,0.0031243793200701475,2850,18101,12940,0,0.4659054026142634,0.1360316929979476,1.0,0.5831319867272318,0.4168680132727683
12940,YJR076C YKL085W,0.0,NA,0.0031253579072654247,2850,18100,12941,0,0.46593490897288364,0.1360381861575179,1.0,0.5830997712702555,0.4169002287297445
12941,YGL148W YOR043W,0.0,NA,0.0031265125144273043,2850,18099,12942,0,0.46596441533150396,0.13604467993698982,1.0,0.5830675558132792,0.41693244418672076
12942,YDL108W YFR008W,0.0,NA,0.003128748619928956,2850,18098,12943,0,0.4659939216901242,0.13605117433645217,1.0,0.583035340356303,0.41696465964369706
12943,YGL212W YGR199W,0.0,NA,0.003131837584078312,2850,18097,12944,0,0.4660234280487445,0.1360576693559937,1.0,0.5830031248993267,0.4169968751006733
12944,YKR103W YOL143C,0.0,NA,0.0031346420291811228,2850,18096,12945,0,0.4660529344073648,0.13606416499570323,1.0,0.5829709094423504,0.4170290905576496
12945,YKR061W YOL124C,0.0,NA,0.0031362203881144524,2850,18095,12946,0,0.4660824407659851,0.1360706612556696,1.0,0.5829386939853742,0.4170613060146258
12946,YBR162C YLR277C,0.0,NA,0.0031386034097522497,2850,18094,12947,0,0.46611194712460535,0.13607715813598167,1.0,0.5829064785283979,0.41709352147160206
12947,YDR137W YNL333W,0.0,NA,0.0031402003951370716,2850,18093,12948,0,0.4661414534832256,0.13608365563672825,1.0,0.5828742630714216,0.41712573692857835
12948,YNL232W YAR002W,0.0,NA,0.0031425640918314457,2850,18092,12949,0,0.4661709598418459,0.1360901537579983,1.0,0.5828420476144454,0.4171579523855546
12949,YML082W YOR308C,0.0,NA,0.003144479589536786,2850,18091,12950,0,0.4662004662004662,0.13609665249988062,1.0,0.5828098321574692,0.4171901678425308
12950,YPL258C YGR286C,0.0,NA,0.0031497827731072903,2850,18090,12951,0,0.4662299725590865,0.1361031518624642,1.0,0.5827776167004929,0.4172223832995071
12951,YML075C YJR036C,0.0,NA,0.003150618402287364,2850,18089,12952,0,0.46625947891770675,0.1361096518458379,1.0,0.5827454012435166,0.41725459875648335
12952,YDL112W YMR139W,0.0,NA,0.003153117373585701,2850,18088,12953,0,0.46628898527632706,0.13611615245009073,1.0,0.5827131857865404,0.41728681421345964
12953,YIR002C YDR522C,0.0,NA,0.0031551052816212177,2850,18087,12954,0,0.4663184916349473,0.13612265367531165,1.0,0.5826809703295641,0.4173190296704359
12954,YLL034C YOL039W,0.0,NA,0.0031554745510220528,2850,18086,12955,0,0.46634799799356763,0.1361291555215896,1.0,0.5826487548725878,0.4173512451274121
12955,YBR195C YOR065W,0.0,NA,0.0031620748341083527,2850,18085,12956,0,0.4663775043521879,0.13613565798901361,1.0,0.5826165394156116,0.4173834605843884
12956,YJR050W YDR183W,0.0,NA,0.0031622040551155806,2850,18084,12957,0,0.4664070107108082,0.13614216107767269,1.0,0.5825843239586354,0.41741567604136465
12957,YLR291C YOR157C,0.0,NA,0.00317023484967649,2850,18083,12958,0,0.46643651706942846,0.13614866478765586,1.0,0.5825521085016591,0.4174478914983409
12958,YLR056W YPL115C,0.0,NA,0.003171705873683095,2850,18082,12959,0,0.46646602342804877,0.13615516911905218,1.0,0.5825198930446829,0.4174801069553172
12959,YGL037C YOR095C,0.0,NA,0.003173681441694498,2850,18081,12960,0,0.466495529786669,0.1361616740719507,1.0,0.5824876775877066,0.4175123224122934
12960,YBR085W YKR002W,0.0,NA,0.003174161072820425,2850,18080,12961,0,0.4665250361452893,0.1361681796464405,1.0,0.5824554621307303,0.41754453786926965
12961,YDR096W YLL019C,0.0,NA,0.0031745927408337593,2850,18079,12962,0,0.4665545425039096,0.13617468584261072,1.0,0.5824232466737541,0.41757675332624594
12962,YDR478W YGL100W,0.0,NA,0.00317734619602561,2850,18078,12963,0,0.46658404886252985,0.13618119266055045,1.0,0.5823910312167778,0.4176089687832222
12963,YGL224C YDR311W,0.0,NA,0.0031778416596353054,2850,18077,12964,0,0.46661355522115017,0.13618770010034884,1.0,0.5823588157598015,0.41764118424019847
12964,YBL046W YMR159C,0.0,NA,0.003178755519911647,2850,18076,12965,0,0.4666430615797704,0.13619420816209502,1.0,0.5823266003028253,0.4176733996971747
12965,YER088C YOR388C,0.0,NA,0.0031808866187930107,2850,18075,12966,0,0.46667256793839074,0.13620071684587814,1.0,0.5822943848458491,0.41770561515415094
12966,YNL223W YDR183W,0.0,NA,0.003181671490892768,2850,18074,12967,0,0.466702074297011,0.13620722615178743,1.0,0.5822621693888728,0.41773783061112724
12967,YNL216W YJR055W,0.0,NA,0.0031826638150960207,2850,18073,12968,0,0.4667315806556313,0.13621373607991205,1.0,0.5822299539318965,0.4177700460681035
12968,YGR123C YDL147W,0.0,NA,0.0031859329901635647,2850,18072,12969,0,0.46676108701425156,0.13622024663034127,1.0,0.5821977384749203,0.4178022615250797
12969,YLR291C YBL093C,0.0,NA,0.0031862056348472834,2850,18071,12970,0,0.4667905933728719,0.1362267578031643,1.0,0.582165523017944,0.417834476982056
12970,YGR094W YOL008W,0.0,NA,0.0031874128617346287,2850,18070,12971,0,0.46682009973149213,0.13623326959847037,1.0,0.5821333075609677,0.41786669243903224
12971,YDR452W YGR247W,0.0,NA,0.003187874797731638,2850,18069,12972,0,0.46684960609011245,0.1362397820163488,1.0,0.5821010921039915,0.41789890789600853
12972,YER043C YPR171W,0.0,NA,0.003188106929883361,2850,18068,12973,0,0.4668791124487327,0.13624629505688882,1.0,0.5820688766470152,0.41793112335298477
12973,YHR161C YLR385C,0.0,NA,0.0031883069314062595,2850,18067,12974,0,0.46690861880735296,0.13625280872017975,1.0,0.5820366611900389,0.417963338809961
12974,YML046W YLR221C,0.0,NA,0.003193290438503027,2850,18066,12975,0,0.4669381251659733,0.13625932300631097,1.0,0.5820044457330628,0.4179955542669373
12975,YKR008W YJL108C,0.0,NA,0.003197371494024992,2850,18065,12976,0,0.46696763152459353,0.13626583791537175,1.0,0.5819722302760865,0.41802776972391353
12976,YNL149C YDR150W,0.0,NA,0.0031973926816135645,2850,18064,12977,0,0.46699713788321384,0.13627235344745148,1.0,0.5819400148191102,0.41805998518088977
12977,YFR003C YPR007C,0.0,NA,0.003198496298864484,2850,18063,12978,0,0.4670266442418341,0.13627886960263952,1.0,0.581907799362134,0.41809220063786606
12978,YKR094C YKR003W,0.0,NA,0.003200467210263014,2850,18062,12979,0,0.4670561506004544,0.13628538638102525,1.0,0.5818755839051577,0.4181244160948423
12979,YMR091C YNL293W,0.0,NA,0.0032038658391684294,2850,18061,12980,0,0.46708565695907467,0.1362919037826981,1.0,0.5818433684481814,0.41815663155181854
12980,YDR440W YOL162W,0.0,NA,0.003203880973160267,2850,18060,12981,0,0.467115163317695,0.13629842180774748,1.0,0.5818111529912052,0.41818884700879483
12981,YGR154C YDR226W,0.0,NA,0.0032043408136814833,2850,18059,12982,0,0.46714466967631524,0.13630494045626285,1.0,0.5817789375342289,0.41822106246577107
12982,YDL061C YCR016W,0.0,NA,0.0032047629356384277,2850,18058,12983,0,0.46717417603493555,0.13631145972833364,1.0,0.5817467220772526,0.41825327792274736
12983,YGL025C YLR026C,0.0,NA,0.003206100780516863,2850,18057,12984,0,0.4672036823935558,0.13631797962404937,1.0,0.5817145066202765,0.4182854933797236
12984,tS(AGA)B YJL125C,0.0,NA,0.0032094777561724186,2850,18056,12985,0,0.4672331887521761,0.13632450014349948,1.0,0.5816822911633002,0.41831770883669983
12985,YFL041W YIL073C,0.0,NA,0.0032099690288305283,2850,18055,12986,0,0.4672626951107964,0.1363310212867735,1.0,0.5816500757063239,0.4183499242936761
12986,YPR167C YAL044C,0.0,NA,0.0032118612434715033,2850,18054,12987,0,0.46729220146941663,0.13633754305396095,1.0,0.5816178602493476,0.41838213975065236
12987,YMR223W YBL015W,0.0,NA,0.0032142484560608864,2850,18053,12988,0,0.46732170782803695,0.1363440654451514,1.0,0.5815856447923714,0.4184143552076286
12988,YCL024W YLR150W,0.0,NA,0.003214380005374551,2850,18052,12989,0,0.4673512141866572,0.1363505884604344,1.0,0.5815534293353951,0.4184465706646049
12989,YGL254W YBR030W,0.0,NA,0.0032154007349163294,2850,18051,12990,0,0.4673807205452775,0.13635711209989954,1.0,0.5815212138784188,0.4184787861215811
12990,YOR239W YGL017W,0.0,NA,0.0032188473269343376,2850,18050,12991,0,0.4674102269038978,0.13636363636363635,1.0,0.5814889984214426,0.4185110015785574
12991,YNL124W YPL200W,0.0,NA,0.0032193567603826523,2850,18049,12992,0,0.4674397332625181,0.13637016125173454,1.0,0.5814567829644663,0.41854321703553365
12992,YDL134C YOR160W,0.0,NA,0.0032198771368712187,2850,18048,12993,0,0.46746923962113834,0.13637668676428366,1.0,0.58142456750749,0.4185754324925099
12993,YDR073W YER087C-B,0.0,NA,0.00322149065323174,2850,18047,12994,0,0.46749874597975866,0.1363832129013734,1.0,0.5813923520505139,0.4186076479494862
12994,YDL112W YOR014W,0.0,NA,0.0032249297946691513,2850,18046,12995,0,0.4675282523383789,0.13638973966309342,1.0,0.5813601365935376,0.4186398634064624
12995,YPR032W YPR060C,0.0,NA,0.003226872533559799,2850,18045,12996,0,0.4675577586969992,0.1363962670495334,1.0,0.5813279211365613,0.41867207886343866
12996,YER151C YFR002W,0.0,NA,0.003231937764212489,2850,18044,12997,0,0.4675872650556195,0.136402795060783,1.0,0.5812957056795851,0.41870429432041495
12997,YHR111W YOR261C,0.0,NA,0.0032373617868870497,2850,18043,12998,0,0.4676167714142398,0.13640932369693198,1.0,0.5812634902226088,0.4187365097773912
12998,YCR005C YNL080C,0.0,NA,0.0032484668772667646,2850,18042,12999,0,0.46764627777286005,0.13641585295807007,1.0,0.5812312747656325,0.4187687252343674
12999,YPL154C YJR090C,0.0,NA,0.0032487635035067797,2850,18041,13000,0,0.4676757841314803,0.136422382844287,1.0,0.5811990593086563,0.4188009406913437
13000,YLR273C YLR195C,0.0,NA,0.003250253852456808,2850,18040,13001,0,0.4677052904901006,0.13642891335567256,1.0,0.58116684385168,0.41883315614831995
13001,YJR126C YKL139W,0.0,NA,0.0032511730678379536,2850,18039,13002,0,0.4677347968487209,0.13643544449231654,1.0,0.5811346283947038,0.41886537160529624
13002,YBR086C YMR197C,0.0,NA,0.003251587273553014,2850,18038,13003,0,0.4677643032073412,0.1364419762543087,1.0,0.5811024129377276,0.4188975870622725
13003,YMR039C YCL018W,0.0,NA,0.003265710547566414,2850,18037,13004,0,0.46779380956596145,0.13644850864173888,1.0,0.5810701974807513,0.4189298025192487
13004,YPR173C YHR176W,0.0,NA,0.003266626503318548,2850,18036,13005,0,0.46782331592458176,0.13645504165469693,1.0,0.581037982023775,0.418962017976225
13005,YDR164C YIL116W,0.0,NA,0.0032717834692448378,2850,18035,13006,0,0.467852822283202,0.13646157529327269,1.0,0.5810057665667987,0.41899423343320125
13006,YLR433C YMR167W,0.0,NA,0.0032718891743570566,2850,18034,13007,0,0.46788232864182233,0.13646810955755603,1.0,0.5809735511098225,0.4190264488901775
13007,YML105C YBL001C,0.0,NA,0.003278370713815093,2850,18033,13008,0,0.4679118350004426,0.13647464444763682,1.0,0.5809413356528462,0.4190586643471538
13008,YNL094W YDR101C,0.0,NA,0.003281182609498501,2850,18032,13009,0,0.4679413413590629,0.136481179963605,1.0,0.5809091201958699,0.41909087980413
13009,YJR027W YIR011C,0.0,NA,0.003283142112195492,2850,18031,13010,0,0.46797084771768316,0.1364877161055505,1.0,0.5808769047388938,0.4191230952611063
13010,YDR454C YOR087W,0.0,NA,0.003283182391896844,2850,18030,13011,0,0.46800035407630347,0.13649425287356323,1.0,0.5808446892819175,0.41915531071808254
13011,YOR136W YDR137W,0.0,NA,0.00328607065603137,2850,18029,13012,0,0.46802986043492373,0.13650079026773312,1.0,0.5808124738249412,0.4191875261750588
13012,YBR136W YIR031C,0.0,NA,0.003289914922788739,2850,18028,13013,0,0.468059366793544,0.1365073282881502,1.0,0.580780258367965,0.41921974163203507
13013,YNL232W YLR086W,0.0,NA,0.0032917510252445936,2850,18027,13014,0,0.4680888731521643,0.13651386693490444,1.0,0.5807480429109887,0.4192519570890113
13014,YML071C YGL194C,0.0,NA,0.0032929934095591307,2850,18026,13015,0,0.46811837951078455,0.13652040620808584,1.0,0.5807158274540124,0.41928417254598754
13015,YJR021C YML103C,0.0,NA,0.0032945589628070593,2850,18025,13016,0,0.46814788586940487,0.13652694610778443,1.0,0.5806836119970362,0.41931638800296384
13016,YIL140W YLR153C,0.0,NA,0.0032946451101452112,2850,18024,13017,0,0.4681773922280251,0.13653348663409026,1.0,0.5806513965400599,0.4193486034599401
13017,YCR082W YNL225C,0.0,NA,0.0032952867913991213,2850,18023,13018,0,0.46820689858664544,0.13654002778709337,1.0,0.5806191810830836,0.4193808189169163
13018,YDL165W YER172C,0.0,NA,0.0032971904147416353,2850,18022,13019,0,0.4682364049452657,0.13654656956688385,1.0,0.5805869656261075,0.4194130343738926
13019,YGL043W YNR072W,0.0,NA,0.0032983440905809402,2850,18021,13020,0,0.468265911303886,0.13655311197355183,1.0,0.5805547501691312,0.41944524983086884
13020,YDR006C YKR066C,0.0,NA,0.003300915937870741,2850,18020,13021,0,0.46829541766250626,0.13655965500718736,1.0,0.5805225347121549,0.41947746528784513
13021,YEL065W YLL038C,0.0,NA,0.0033049138728529215,2850,18019,13022,0,0.4683249240211266,0.13656619866788058,1.0,0.5804903192551787,0.41950968074482137
13022,YGR258C YOL123W,0.0,NA,0.0033053522929549217,2850,18018,13023,0,0.46835443037974683,0.13657274295572167,1.0,0.5804581037982024,0.4195418962017976
13023,YER155C YDR392W,0.0,NA,0.00330743589438498,2850,18017,13024,0,0.4683839367383671,0.1365792878708008,1.0,0.5804258883412261,0.4195741116587739
13024,YLR310C YKL189W,0.0,NA,0.003308319253847003,2850,18016,13025,0,0.4684134430969874,0.1365858334132081,1.0,0.5803936728842498,0.41960632711575013
13025,YAL020C YBR139W,0.0,NA,0.003312373999506235,2850,18015,13026,0,0.46844294945560766,0.1365923795830338,1.0,0.5803614574272736,0.41963854257272637
13026,YDR206W YFR005C,0.0,NA,0.003316133748739958,2850,18014,13027,0,0.468472455814228,0.1365989263803681,1.0,0.5803292419702973,0.41967075802970266
13027,YDL047W YCR084C,0.0,NA,0.003316927934065461,2850,18013,13028,0,0.46850196217284823,0.13660547380530125,1.0,0.580297026513321,0.4197029734866789
13028,YGL008C YOR091W,0.0,NA,0.0033181607723236084,2850,18012,13029,0,0.46853146853146854,0.1366120218579235,1.0,0.5802648110563449,0.4197351889436552
13029,YOR207C YIL150C,0.0,NA,0.0033185789361596107,2850,18011,13030,0,0.4685609748900888,0.1366185705383251,1.0,0.5802325955993686,0.4197674044006314
13030,YDR039C YOL008W,0.0,NA,0.0033243484795093536,2850,18010,13031,0,0.4685904812487091,0.13662511984659637,1.0,0.5802003801423923,0.41979961985760766
13031,YPL137C YBL051C,0.0,NA,0.003324655117467046,2850,18009,13032,0,0.46861998760732937,0.13663166978282756,1.0,0.5801681646854161,0.41983183531458396
13032,YBR201W YGL089C,0.0,NA,0.0033250863198190928,2850,18008,13033,0,0.4686494939659497,0.136638220347109,1.0,0.5801359492284398,0.4198640507715602
13033,YML046W YBR202W,0.0,NA,0.0033278577029705048,2850,18007,13034,0,0.46867900032456994,0.13664477153953108,1.0,0.5801037337714635,0.41989626622853643
13034,YKR092C YDL044C,0.0,NA,0.0033302800729870796,2850,18006,13035,0,0.46870850668319025,0.13665132336018412,1.0,0.5800715183144873,0.4199284816855127
13035,YDR446W YGL051W,0.0,NA,0.0033329904545098543,2850,18005,13036,0,0.4687380130418105,0.13665787580915847,1.0,0.580039302857511,0.41996069714248896
13036,YDR118W YIL103W,0.0,NA,0.0033340775407850742,2850,18004,13037,0,0.46876751940043077,0.13666442888654454,1.0,0.5800070874005347,0.4199929125994652
13037,YDR315C YKL034W,0.0,NA,0.00333461444824934,2850,18003,13038,0,0.4687970257590511,0.13667098259243274,1.0,0.5799748719435586,0.4200251280564415
13038,YNL078W YOR016C,0.0,NA,0.0033348381984978914,2850,18002,13039,0,0.46882653211767134,0.13667753692691348,1.0,0.5799426564865823,0.4200573435134177
13039,YML095C YGR229C,0.0,NA,0.0033359238877892494,2850,18001,13040,0,0.46885603847629165,0.13668409189007721,1.0,0.579910441029606,0.420089558970394
13040,YLR277C YOL078W,0.0,NA,0.0033363362308591604,2850,18000,13041,0,0.4688855448349119,0.1366906474820144,1.0,0.5798782255726298,0.42012177442737025
13041,YML114C YCR020W-B,0.0,NA,0.0033391595352441072,2850,17999,13042,0,0.4689150511935322,0.1366972037028155,1.0,0.5798460101156535,0.4201539898843465
13042,YHR007C YDR287W,0.0,NA,0.0033425670117139816,2850,17998,13043,0,0.4689445575521525,0.136703760552571,1.0,0.5798137946586772,0.4201862053413228
13043,YPL124W YER012W,0.0,NA,0.003342903684824705,2850,17997,13044,0,0.4689740639107728,0.13671031803137143,1.0,0.5797815792017009,0.420218420798299
13044,YEL051W YLR346C,0.0,NA,0.003346263663843274,2850,17996,13045,0,0.46900357026939304,0.1367168761393073,1.0,0.5797493637447247,0.42025063625527526
13045,YGR252W YPL211W,0.0,NA,0.003348840866237879,2850,17995,13046,0,0.46903307662801336,0.13672343487646918,1.0,0.5797171482877485,0.42028285171225155
13046,YJR075W YBR240C,0.0,NA,0.003348982660099864,2850,17994,13047,0,0.4690625829866336,0.1367299942429476,1.0,0.5796849328307722,0.4203150671692278
13047,YPR017C YML103C,0.0,NA,0.0033491754438728094,2850,17993,13048,0,0.4690920893452539,0.13673655423883319,1.0,0.579652717373796,0.4203472826262041
13048,YJL042W YOR095C,0.0,NA,0.003350017359480262,2850,17992,13049,0,0.4691215957038742,0.13674311486421648,1.0,0.5796205019168197,0.4203794980831803
13049,YIL119C YIR027C,0.0,NA,0.003353233216330409,2850,17991,13050,0,0.46915110206249444,0.13674967611918815,1.0,0.5795882864598434,0.42041171354015655
13050,YLR262C-A YPL020C,0.0,NA,0.0033534946851432323,2850,17990,13051,0,0.46918060842111475,0.13675623800383876,1.0,0.5795560710028672,0.42044392899713284
13051,YDR221W YPL092W,0.0,NA,0.0033545943442732096,2850,17989,13052,0,0.469210114779735,0.13676280051825904,1.0,0.5795238555458909,0.4204761444541091
13052,YFL056C YGL153W,0.0,NA,0.0033574365079402924,2850,17988,13053,0,0.4692396211383553,0.13676936366253958,1.0,0.5794916400889146,0.4205083599110853
13053,YDR238C YDR404C,0.0,NA,0.0033582872711122036,2850,17987,13054,0,0.4692691274969756,0.13677592743677114,1.0,0.5794594246319384,0.4205405753680616
13054,YGR024C YBR257W,0.0,NA,0.0033617601729929447,2850,17986,13055,0,0.4692986338555959,0.13678249184104435,1.0,0.5794272091749622,0.42057279082503785
13055,YLR466W YKL197C,0.0,NA,0.0033629697281867266,2850,17985,13056,0,0.46932814021421615,0.13678905687544995,1.0,0.5793949937179859,0.42060500628201414
13056,YLR353W YCR048W,0.0,NA,0.0033639930188655853,2850,17984,13057,0,0.46935764657283646,0.1367956225400787,1.0,0.5793627782610097,0.4206372217389904
13057,YFL003C YOR074C,0.0,NA,0.003365631913766265,2850,17983,13058,0,0.4693871529314567,0.13680218883502135,1.0,0.5793305628040334,0.4206694371959666
13058,YGR091W YGL243W,0.0,NA,0.0033658351749181747,2850,17982,13059,0,0.46941665929007703,0.13680875576036866,1.0,0.5792983473470571,0.4207016526529429
13059,YDL239C YLR191W,0.0,NA,0.003366003045812249,2850,17981,13060,0,0.4694461656486973,0.1368153233162114,1.0,0.5792661318900809,0.42073386810991914
13060,YPR133C YLL038C,0.0,NA,0.003369776764884591,2850,17980,13061,0,0.4694756720073176,0.13682189150264043,1.0,0.5792339164331046,0.4207660835668954
13061,YGR179C YLR011W,0.0,NA,0.0033720803912729025,2850,17979,13062,0,0.46950517836593786,0.13682846031974652,1.0,0.5792017009761283,0.42079829902387167
13062,YDR009W YJL173C,0.0,NA,0.0033742766827344894,2850,17978,13063,0,0.4695346847245581,0.13683502976762052,1.0,0.579169485519152,0.4208305144808479
13063,YGR212W YLR147C,0.0,NA,0.003375130007043481,2850,17977,13064,0,0.46956419108317843,0.1368415998463533,1.0,0.5791372700621759,0.42086272993782414
13064,YJR127C YHR004C,0.0,NA,0.0033760685473680496,2850,17976,13065,0,0.4695936974417987,0.13684817055603574,1.0,0.5791050546051996,0.42089494539480043
13065,snR57 YGL030W,0.0,NA,0.003377636196091771,2850,17975,13066,0,0.469623203800419,0.1368547418967587,1.0,0.5790728391482233,0.42092716085177667
13066,YGR108W YDR469W,0.0,NA,0.0033779621589928865,2850,17974,13067,0,0.46965271015903926,0.13686131386861314,1.0,0.5790406236912471,0.42095937630875296
13067,YLR139C YDR399W,0.0,NA,0.0033797782380133867,2850,17973,13068,0,0.46968221651765957,0.13686788647168996,1.0,0.5790084082342708,0.4209915917657292
13068,YGL133W YFR033C,0.0,NA,0.0033852113410830498,2850,17972,13069,0,0.4697117228762798,0.13687445970608011,1.0,0.5789761927772945,0.42102380722270544
13069,YDL063C YKL189W,0.0,NA,0.003385846968740225,2850,17971,13070,0,0.46974122923490014,0.13688103357187456,1.0,0.5789439773203183,0.42105602267968173
13070,YOR184W YKL085W,0.0,NA,0.003387715434655547,2850,17970,13071,0,0.4697707355935204,0.13688760806916425,1.0,0.578911761863342,0.42108823813665797
13071,YOR243C YDL214C,0.0,NA,0.0033906179014593363,2850,17969,13072,0,0.4698002419521407,0.13689418319804025,1.0,0.5788795464063657,0.4211204535936342
13072,YOL132W YER094C,0.0,NA,0.0033932579681277275,2850,17968,13073,0,0.46982974831076096,0.13690075895859352,1.0,0.5788473309493896,0.4211526690506105
13073,YDL122W YHR152W,0.0,NA,0.0033975534606724977,2850,17967,13074,0,0.4698592546693813,0.13690733535091512,1.0,0.5788151154924133,0.42118488450758673
13074,YDR081C YNL283C,0.0,NA,0.0033975790720432997,2850,17966,13075,0,0.46988876102800153,0.1369139123750961,1.0,0.578782900035437,0.421217099964563
13075,YDR040C YNL201C,0.0,NA,0.003401466179639101,2850,17965,13076,0,0.4699182673866218,0.13692049003122747,1.0,0.5787506845784608,0.42124931542153926
13076,YLR355C YNL149C,0.0,NA,0.0034028971567749977,2850,17964,13077,0,0.4699477737452421,0.1369270683194004,1.0,0.5787184691214845,0.4212815308785155
13077,YOR207C YML095C,0.0,NA,0.0034031218383461237,2850,17963,13078,0,0.46997728010386236,0.13693364723970594,1.0,0.5786862536645082,0.4213137463354918
13078,YDR052C YBR016W,0.0,NA,0.0034073535352945328,2850,17962,13079,0,0.4700067864624827,0.13694022679223525,1.0,0.578654038207532,0.421345961792468
13079,YKL004W YFR048W,0.0,NA,0.003408446442335844,2850,17961,13080,0,0.47003629282110293,0.13694680697707942,1.0,0.5786218227505557,0.42137817724944426
13080,tE(UUC)B YOR356W,0.0,NA,0.003408788237720728,2850,17960,13081,0,0.47006579917972324,0.13695338779432964,1.0,0.5785896072935794,0.42141039270642056
13081,YBL105C YHR150W,0.0,NA,0.0034090946428477764,2850,17959,13082,0,0.4700953055383435,0.13695996924407708,1.0,0.5785573918366032,0.4214426081633968
13082,YGL003C YHR164C,0.0,NA,0.0034099516924470663,2850,17958,13083,0,0.4701248118969638,0.13696655132641292,1.0,0.578525176379627,0.42147482362037303
13083,YPL140C YIR011C,0.0,NA,0.0034109530970454216,2850,17957,13084,0,0.47015431825558407,0.13697313404142836,1.0,0.5784929609226507,0.4215070390773493
13084,YHR015W YNR026C,0.0,NA,0.0034126313403248787,2850,17956,13085,0,0.4701838246142044,0.13697971738921466,1.0,0.5784607454656744,0.42153925453432556
13085,YOR202W YOL143C,0.0,NA,0.003412731923162937,2850,17955,13086,0,0.47021333097282464,0.136986301369863,1.0,0.5784285300086982,0.42157146999130185
13086,YGR108W YPR079W,0.0,NA,0.0034145682584494352,2850,17954,13087,0,0.47024283733144495,0.1369928859834647,1.0,0.5783963145517219,0.4216036854482781
13087,YIR015W YOL097C,0.0,NA,0.003414743347093463,2850,17953,13088,0,0.4702723436900652,0.13699947123011105,1.0,0.5783640990947456,0.4216359009052543
13088,YJL136C YNL044W,0.0,NA,0.003417772939428687,2850,17952,13089,0,0.47030185004868547,0.13700605710989328,1.0,0.5783318836377694,0.4216681163622306
13089,YML103C YDR516C,0.0,NA,0.003418601118028164,2850,17951,13090,0,0.4703313564073058,0.13701264362290275,1.0,0.5782996681807931,0.42170033181920685
13090,YHR010W YIL005W,0.0,NA,0.0034186774864792824,2850,17950,13091,0,0.47036086276592604,0.13701923076923078,1.0,0.5782674527238169,0.4217325472761831
13091,YIL009C-A YPR149W,0.0,NA,0.0034212435130029917,2850,17949,13092,0,0.47039036912454635,0.1370258185489687,1.0,0.5782352372668407,0.4217647627331594
13092,YCL016C YJR150C,0.0,NA,0.0034214970655739307,2850,17948,13093,0,0.4704198754831666,0.1370324069622079,1.0,0.5782030218098644,0.4217969781901356
13093,YMR251W-A YGR172C,0.0,NA,0.00342290080152452,2850,17947,13094,0,0.4704493818417869,0.13703899600903977,1.0,0.5781708063528881,0.4218291936471119
13094,YGL018C YOL078W,0.0,NA,0.003427736693993211,2850,17946,13095,0,0.4704788882004072,0.1370455856895557,1.0,0.5781385908959119,0.42186140910408815
13095,YLR417W YLR103C,0.0,NA,0.003428994445130229,2850,17945,13096,0,0.4705083945590275,0.1370521760038471,1.0,0.5781063754389356,0.4218936245610644
13096,YDR006C YHR204W,0.0,NA,0.003431550692766905,2850,17944,13097,0,0.47053790091764774,0.1370587669520054,1.0,0.5780741599819593,0.4219258400180407
13097,YJR003C YBR010W,0.0,NA,0.0034344380255788565,2850,17943,13098,0,0.47056740727626806,0.13706535853412205,1.0,0.5780419445249831,0.4219580554750169
13098,YIR008C YGL119W,0.0,NA,0.0034356589894741774,2850,17942,13099,0,0.4705969136348883,0.13707195075028858,1.0,0.5780097290680069,0.42199027093199315
13099,YLR395C YJR064W,0.0,NA,0.0034386853221803904,2850,17941,13100,0,0.4706264199935086,0.1370785436005964,1.0,0.5779775136110306,0.42202248638896944
13100,YER008C YDR190C,0.0,NA,0.0034453377593308687,2850,17940,13101,0,0.4706559263521289,0.1370851370851371,1.0,0.5779452981540543,0.4220547018459457
13101,YNR020C YNL197C,0.0,NA,0.003451028373092413,2850,17939,13102,0,0.47068543271074914,0.13709173120400212,1.0,0.5779130826970781,0.4220869173029219
13102,YKL006C-A YLR237W,0.0,NA,0.003454373450949788,2850,17938,13103,0,0.47071493906936945,0.13709832595728305,1.0,0.5778808672401018,0.4221191327598982
13103,snR57 YOR346W,0.0,NA,0.0034548628609627485,2850,17937,13104,0,0.4707444454279897,0.13710492134507143,1.0,0.5778486517831255,0.42215134821687444
13104,YOR069W YBR012W-B,0.0,NA,0.003458805149421096,2850,17936,13105,0,0.47077395178661,0.13711151736745886,1.0,0.5778164363261493,0.42218356367385074
13105,YGR119C YKL159C,0.0,NA,0.0034598803613334894,2850,17935,13106,0,0.4708034581452303,0.1371181140245369,1.0,0.577784220869173,0.422215779130827
13106,YGL238W YMR036C,0.0,NA,0.0034639500081539154,2850,17934,13107,0,0.4708329645038506,0.13712471131639722,1.0,0.5777520054121967,0.4222479945878032
13107,YLR166C YLR275W,0.0,NA,0.003469089511781931,2850,17933,13108,0,0.47086247086247085,0.1371313092431314,1.0,0.5777197899552206,0.4222802100447795
13108,YDR028C YKL116C,0.0,NA,0.0034713386557996273,2850,17932,13109,0,0.47089197722109116,0.1371379078048311,1.0,0.5776875744982443,0.42231242550175574
13109,snR35 YFL041W,0.0,NA,0.003473084419965744,2850,17931,13110,0,0.4709214835797114,0.13714450700158798,1.0,0.577655359041268,0.422344640958732
13110,YGL205W YJL010C,0.0,NA,0.003474120981991291,2850,17930,13111,0,0.47095098993833173,0.13715110683349374,1.0,0.5776231435842918,0.42237685641570827
13111,YDL127W YCL054W,0.0,NA,0.0034793016966432333,2850,17929,13112,0,0.470980496296952,0.13715770730064006,1.0,0.5775909281273155,0.4224090718726845
13112,YPL224C YFL034C-A,0.0,NA,0.0034807799383997917,2850,17928,13113,0,0.4710100026555723,0.1371643084031187,1.0,0.5775587126703392,0.4224412873296608
13113,YDR436W YOR157C,0.0,NA,0.003481033258140087,2850,17927,13114,0,0.47103950901419256,0.1371709101410213,1.0,0.577526497213363,0.42247350278663703
13114,YKR081C YER074W,0.0,NA,0.0034827408380806446,2850,17926,13115,0,0.4710690153728128,0.13717751251443974,1.0,0.5774942817563867,0.42250571824361327
13115,YDL232W YMR106C,0.0,NA,0.0034830798394978046,2850,17925,13116,0,0.47109852173143313,0.1371841155234657,1.0,0.5774620662994104,0.42253793370058956
13116,YDR331W YHL027W,0.0,NA,0.003483823034912348,2850,17924,13117,0,0.4711280280900534,0.137190719168191,1.0,0.5774298508424341,0.4225701491575658
13117,Q0160 YLR378C,0.0,NA,0.0034851061645895243,2850,17923,13118,0,0.4711575344486737,0.13719732344870747,1.0,0.577397635385458,0.42260236461454204
13118,YGR086C YGR172C,0.0,NA,0.0034858714789152145,2850,17922,13119,0,0.47118704080729396,0.13720392836510686,1.0,0.5773654199284817,0.42263458007151833
13119,YFL024C YGL033W,0.0,NA,0.0034859641455113888,2850,17921,13120,0,0.47121654716591427,0.13721053391748111,1.0,0.5773332044715054,0.42266679552849457
13120,YDR255C YDR318W,0.0,NA,0.003488905495032668,2850,17920,13121,0,0.4712460535245345,0.137217140105922,1.0,0.5773009890145292,0.4226990109854708
13121,YNL082W YDR313C,0.0,NA,0.003489144379273057,2850,17919,13122,0,0.47127555988315484,0.13722374693052145,1.0,0.5772687735575529,0.4227312264424471
13122,YFL050C YOR159C,0.0,NA,0.003490214003250003,2850,17918,13123,0,0.4713050662417751,0.13723035439137135,1.0,0.5772365581005766,0.42276344189942333
13123,YDR099W YEL003W,0.0,NA,0.003491861280053854,2850,17917,13124,0,0.4713345726003954,0.1372369624885636,1.0,0.5772043426436004,0.4227956573563996
13124,YDL219W YGL162W,0.0,NA,0.0034920983016490936,2850,17916,13125,0,0.47136407895901566,0.1372435712221901,1.0,0.5771721271866241,0.42282787281337586
13125,YOL031C YDR411C,0.0,NA,0.0034938177559524775,2850,17915,13126,0,0.471393585317636,0.1372501805923429,1.0,0.5771399117296478,0.4228600882703521
13126,YBR286W YLR388W,0.0,NA,0.0034949237015098333,2850,17914,13127,0,0.47142309167625623,0.13725679059911386,1.0,0.5771076962726717,0.4228923037273284
13127,YEL029C YDR263C,0.0,NA,0.003497881116345525,2850,17913,13128,0,0.4714525980348765,0.137263401242595,1.0,0.5770754808156954,0.4229245191843046
13128,YDR379W YIL003W,0.0,NA,0.003503761487081647,2850,17912,13129,0,0.4714821043934968,0.13727001252287835,1.0,0.5770432653587191,0.42295673464128086
13129,YPL242C YGR032W,0.0,NA,0.003505336819216609,2850,17911,13130,0,0.47151161075211706,0.13727662444005587,1.0,0.5770110499017429,0.42298895009825715
13130,YIL009C-A YPR121W,0.0,NA,0.0035141287371516228,2850,17910,13131,0,0.4715411171107374,0.13728323699421965,1.0,0.5769788344447666,0.4230211655552334
13131,YDR140W YMR231W,0.0,NA,0.00351717765443027,2850,17909,13132,0,0.47157062346935763,0.13728985018546172,1.0,0.5769466189877903,0.4230533810122097
13132,YOL121C YMR039C,0.0,NA,0.0035185751039534807,2850,17908,13133,0,0.47160012982797794,0.13729646401387416,1.0,0.5769144035308141,0.4230855964691859
13133,YML052W YGR141W,0.0,NA,0.0035251681692898273,2850,17907,13134,0,0.4716296361865982,0.13730307847954906,1.0,0.5768821880738378,0.42311781192616216
13134,YDR184C YOR126C,0.0,NA,0.003526991466060281,2850,17906,13135,0,0.4716591425452185,0.13730969358257852,1.0,0.5768499726168616,0.42315002738313845
13135,YML068W YFR004W,0.0,NA,0.003529110224917531,2850,17905,13136,0,0.47168864890383877,0.1373163093230547,1.0,0.5768177571598853,0.4231822428401147
13136,YML043C YHR113W,0.0,NA,0.003532188478857279,2850,17904,13137,0,0.4717181552624591,0.1373229257010697,1.0,0.5767855417029091,0.4232144582970909
13137,YLL016W YGR234W,0.0,NA,0.003533440874889493,2850,17903,13138,0,0.47174766162107934,0.13732954271671566,1.0,0.5767533262459328,0.4232466737540672
13138,YKR009C YJL113W,0.0,NA,0.0035342080518603325,2850,17902,13139,0,0.47177716797969965,0.1373361603700848,1.0,0.5767211107889565,0.42327888921104345
13139,YML046W YGL123W,0.0,NA,0.0035353470593690872,2850,17901,13140,0,0.4718066743383199,0.13734277866126934,1.0,0.5766888953319803,0.4233111046680197
13140,YKL160W YEL016C,0.0,NA,0.0035357957240194082,2850,17900,13141,0,0.47183618069694017,0.13734939759036144,1.0,0.576656679875004,0.423343320124996
13141,YLR234W YJL033W,0.0,NA,0.003539695404469967,2850,17899,13142,0,0.4718656870555605,0.13735601715745338,1.0,0.5766244644180277,0.4233755355819722
13142,YKL188C YLR212C,0.0,NA,0.003541256533935666,2850,17898,13143,0,0.47189519341418074,0.13736263736263737,1.0,0.5765922489610515,0.4234077510389485
13143,YCR053W YML026C,0.0,NA,0.003541340585798025,2850,17897,13144,0,0.47192469977280105,0.13736925820600568,1.0,0.5765600335040753,0.42343996649592475
13144,YOR064C YDR265W,0.0,NA,0.0035417291801422834,2850,17896,13145,0,0.4719542061314213,0.13737587968765064,1.0,0.576527818047099,0.423472181952901
13145,YPL124W YML041C,0.0,NA,0.0035442947410047054,2850,17895,13146,0,0.4719837124900416,0.1373825018076645,1.0,0.5764956025901228,0.4235043974098773
13146,YIL064W YOR180C,0.0,NA,0.003544429549947381,2850,17894,13147,0,0.4720132188486619,0.1373891245661396,1.0,0.5764633871331465,0.4235366128668535
13147,YLR298C YEL044W,0.0,NA,0.0035449820570647717,2850,17893,13148,0,0.4720427252072822,0.1373957479631683,1.0,0.5764311716761702,0.42356882832382975
13148,YNL117W YDR483W,0.0,NA,0.003546282649040222,2850,17892,13149,0,0.47207223156590244,0.13740237199884292,1.0,0.576398956219194,0.42360104378080604
13149,YNL053W YMR199W,0.0,NA,0.0035469280555844307,2850,17891,13150,0,0.47210173792452276,0.13740899667325587,1.0,0.5763667407622177,0.4236332592377823
13150,YOR338W YPR173C,0.0,NA,0.003547064261510968,2850,17890,13151,0,0.472131244283143,0.1374156219864995,1.0,0.5763345253052414,0.42366547469475857
13151,YHR001W YOR204W,0.0,NA,0.003547361120581627,2850,17889,13152,0,0.4721607506417633,0.13742224793866628,1.0,0.5763023098482652,0.4236976901517348
13152,YBL004W YOR356W,0.0,NA,0.0035485413391143084,2850,17888,13153,0,0.4721902570003836,0.1374288745298486,1.0,0.576270094391289,0.42372990560871104
13153,YGR135W YHR143W-A,0.0,NA,0.0035511336755007505,2850,17887,13154,0,0.47221976335900384,0.13743550176013888,1.0,0.5762378789343127,0.42376212106568734
13154,YMR251W-A YDR293C,0.0,NA,0.003552620531991124,2850,17886,13155,0,0.47224926971762415,0.13744212962962962,1.0,0.5762056634773364,0.4237943365226636
13155,YJL004C YHR163W,0.0,NA,0.003553727874532342,2850,17885,13156,0,0.4722787760762444,0.1374487581384133,1.0,0.5761734480203602,0.4238265519796398
13156,YGR038W YDR315C,0.0,NA,0.003559250384569168,2850,17884,13157,0,0.4723082824348647,0.13745538728658244,1.0,0.5761412325633839,0.4238587674366161
13157,YLR307W YGL084C,0.0,NA,0.003563419682905078,2850,17883,13158,0,0.472337788793485,0.13746201707422948,1.0,0.5761090171064076,0.42389098289359234
13158,YJR104C YML023C,0.0,NA,0.0035648455377668142,2850,17882,13159,0,0.4723672951521053,0.13746864750144705,1.0,0.5760768016494314,0.4239231983505686
13159,YNR074C YJR005W,0.0,NA,0.0035660280846059322,2850,17881,13160,0,0.47239680151072555,0.1374752785683276,1.0,0.5760445861924551,0.42395541380754487
13160,YLR423C YJL204C,0.0,NA,0.0035663230810314417,2850,17880,13161,0,0.47242630786934586,0.13748191027496381,1.0,0.5760123707354788,0.4239876292645211
13161,YPL226W YDR285W,0.0,NA,0.0035676108673214912,2850,17879,13162,0,0.4724558142279661,0.13748854262144822,1.0,0.5759801552785027,0.4240198447214974
13162,YLR242C YDL076C,0.0,NA,0.003567853244021535,2850,17878,13163,0,0.47248532058658643,0.13749517560787342,1.0,0.5759479398215264,0.42405206017847363
13163,YML082W YPR052C,0.0,NA,0.0035685247275978327,2850,17877,13164,0,0.4725148269452067,0.13750180923433203,1.0,0.5759157243645501,0.42408427563544987
13164,YLR165C YLR438W,0.0,NA,0.0035697862040251493,2850,17876,13165,0,0.472544333303827,0.13750844350091673,1.0,0.5758835089075739,0.42411649109242616
13165,YAL055W YDR486C,0.0,NA,0.003571104723960161,2850,17875,13166,0,0.47257383966244726,0.13751507840772015,1.0,0.5758512934505976,0.4241487065494024
13166,YOL002C YOR243C,0.0,NA,0.0035761850886046886,2850,17874,13167,0,0.4726033460210675,0.13752171395483498,1.0,0.5758190779936213,0.42418092200637864
13167,YKL218C YJL029C,0.0,NA,0.0035833283327519894,2850,17873,13168,0,0.47263285237968783,0.1375283501423539,1.0,0.5757868625366451,0.42421313746335493
13168,YJR110W YFL024C,0.0,NA,0.0035837695468217134,2850,17872,13169,0,0.4726623587383081,0.13753498697036964,1.0,0.5757546470796688,0.42424535292033116
13169,YKL043W YOR241W,0.0,NA,0.0035852494183927774,2850,17871,13170,0,0.4726918650969284,0.13754162443897494,1.0,0.5757224316226925,0.42427756837730746
13170,YKL218C YDR151C,0.0,NA,0.0035856685135513544,2850,17870,13171,0,0.47272137145554866,0.13754826254826255,1.0,0.5756902161657164,0.4243097838342837
13171,YML006C YIL144W,0.0,NA,0.003586022648960352,2850,17869,13172,0,0.47275087781416897,0.1375549012983252,1.0,0.5756580007087401,0.42434199929125993
13172,YLR025W YBR236C,0.0,NA,0.0035895071923732758,2850,17868,13173,0,0.4727803841727892,0.13756154068925572,1.0,0.5756257852517638,0.4243742147482362
13173,YDR170W-A YKL029C,0.0,NA,0.0035912778694182634,2850,17867,13174,0,0.47280989053140954,0.13756818072114688,1.0,0.5755935697947875,0.42440643020521246
13174,YGL021W YJR027W,0.0,NA,0.0035927181597799063,2850,17866,13175,0,0.4728393968900298,0.13757482139409152,1.0,0.5755613543378113,0.4244386456621887
13175,YER169W YDR050C,0.0,NA,0.0035940397065132856,2850,17865,13176,0,0.4728689032486501,0.13758146270818247,1.0,0.575529138880835,0.424470861119165
13176,YGL014W YNL225C,0.0,NA,0.003597061848267913,2850,17864,13177,0,0.47289840960727036,0.1375881046635126,1.0,0.5754969234238587,0.4245030765761412
13177,YCR082W YOR332W,0.0,NA,0.00359793147072196,2850,17863,13178,0,0.4729279159658906,0.13759474726017476,1.0,0.5754647079668825,0.4245352920331175
13178,YPR167C YNL173C,0.0,NA,0.003598868614062667,2850,17862,13179,0,0.47295742232451093,0.13760139049826187,1.0,0.5754324925099062,0.42456750749009375
13179,YGL158W YBR070C,0.0,NA,0.003600561758503318,2850,17861,13180,0,0.4729869286831312,0.13760803437786684,1.0,0.57540027705293,0.42459972294707
13180,YMR104C YNL194C,0.0,NA,0.003602829296141863,2850,17860,13181,0,0.4730164350417515,0.13761467889908258,1.0,0.5753680615959538,0.4246319384040463
13181,YPR055W YER026C,0.0,NA,0.0036035021767020226,2850,17859,13182,0,0.47304594140037176,0.13762132406200203,1.0,0.5753358461389775,0.4246641538610225
13182,YOR321W YFR033C,0.0,NA,0.003605456091463566,2850,17858,13183,0,0.4730754477589921,0.13762796986671819,1.0,0.5753036306820012,0.42469636931799876
13183,YGL192W YER073W,0.0,NA,0.003607935504987836,2850,17857,13184,0,0.47310495411761233,0.137634616313324,1.0,0.575271415225025,0.42472858477497505
13184,YOL149W YDR229W,0.0,NA,0.0036081962753087282,2850,17856,13185,0,0.47313446047623264,0.1376412634019125,1.0,0.5752391997680487,0.4247608002319513
13185,YCR040W YOR191W,0.0,NA,0.00360843981616199,2850,17855,13186,0,0.4731639668348529,0.13764791113257668,1.0,0.5752069843110724,0.4247930156889275
13186,YIR009W YDR246W,0.0,NA,0.003609161591157317,2850,17854,13187,0,0.4731934731934732,0.13765455950540958,1.0,0.5751747688540962,0.4248252311459038
13187,YAL040C YKL101W,0.0,NA,0.0036092319060117006,2850,17853,13188,0,0.47322297955209347,0.13766120852050429,1.0,0.57514255339712,0.42485744660288005
13188,YOL078W YOL093W,0.0,NA,0.003611149499192834,2850,17852,13189,0,0.4732524859107138,0.13766785817795382,1.0,0.5751103379401437,0.42488966205985634
13189,YML015C YDR078C,0.0,NA,0.003611427266150713,2850,17851,13190,0,0.47328199226933404,0.13767450847785132,1.0,0.5750781224831675,0.4249218775168326
13190,YLR244C YBR127C,0.0,NA,0.0036167881917208433,2850,17850,13191,0,0.4733114986279543,0.13768115942028986,1.0,0.5750459070261912,0.4249540929738088
13191,YBR069C YLR305C,0.0,NA,0.0036187509540468454,2850,17849,13192,0,0.4733410049865746,0.13768781100536256,1.0,0.5750136915692149,0.4249863084307851
13192,YLR265C YKL032C,0.0,NA,0.003625779412686825,2850,17848,13193,0,0.47337051134519487,0.13769446323316262,1.0,0.5749814761122386,0.42501852388776135
13193,YER109C YER157W,0.0,NA,0.0036264637019485235,2850,17847,13194,0,0.4734000177038152,0.13770111610378316,1.0,0.5749492606552624,0.4250507393447376
13194,YPL220W YAL024C,0.0,NA,0.0036279524210840464,2850,17846,13195,0,0.47342952406243544,0.13770776961731734,1.0,0.5749170451982861,0.4250829548017139
13195,YKR003W YOR138C,0.0,NA,0.0036285228561609983,2850,17845,13196,0,0.47345903042105575,0.13771442377385842,1.0,0.5748848297413098,0.4251151702586901
13196,YHR013C YGL213C,0.0,NA,0.0036287507973611355,2850,17844,13197,0,0.473488536779676,0.13772107857349958,1.0,0.5748526142843337,0.4251473857156664
13197,YDL232W YOR021C,0.0,NA,0.00362923345528543,2850,17843,13198,0,0.4735180431382963,0.13772773401633404,1.0,0.5748203988273574,0.42517960117264264
13198,YDR423C YIL003W,0.0,NA,0.0036293629091233015,2850,17842,13199,0,0.4735475494969166,0.13773439010245506,1.0,0.5747881833703811,0.4252118166296189
13199,YMR232W YOL039W,0.0,NA,0.003633874701336026,2850,17841,13200,0,0.4735770558555369,0.13774104683195593,1.0,0.5747559679134049,0.42524403208659517
13200,YNL149C YMR072W,0.0,NA,0.0036355427000671625,2850,17840,13201,0,0.47360656221415715,0.1377477042049299,1.0,0.5747237524564286,0.4252762475435714
13201,YDR499W YLR150W,0.0,NA,0.0036402647383511066,2850,17839,13202,0,0.47363606857277746,0.13775436222147033,1.0,0.5746915369994523,0.42530846300054764
13202,YER007W YPR180W,0.0,NA,0.00364222121424973,2850,17838,13203,0,0.4736655749313977,0.13776102088167053,1.0,0.5746593215424761,0.42534067845752394
13203,YOR241W YNR033W,0.0,NA,0.003644265467301011,2850,17837,13204,0,0.47369508129001797,0.13776768018562383,1.0,0.5746271060854998,0.42537289391450017
13204,YDL054C YLR450W,0.0,NA,0.0036453718785196543,2850,17836,13205,0,0.4737245876486383,0.13777434013342357,1.0,0.5745948906285235,0.4254051093714764
13205,YKR034W YML099C,0.0,NA,0.0036502783186733723,2850,17835,13206,0,0.47375409400725854,0.13778100072516317,1.0,0.5745626751715474,0.4254373248284527
13206,YGR020C YHR153C,0.0,NA,0.0036525926552712917,2850,17834,13207,0,0.47378360036587885,0.13778766196093598,1.0,0.5745304597145711,0.42546954028542894
13207,YGR098C YGL216W,0.0,NA,0.0036546511109918356,2850,17833,13208,0,0.4738131067244991,0.13779432384083548,1.0,0.5744982442575948,0.42550175574240523
13208,YDR260C YPR181C,0.0,NA,0.003656040644273162,2850,17832,13209,0,0.4738426130831194,0.13780098636495502,1.0,0.5744660288006186,0.42553397119938147
13209,YGL045W YGR085C,0.0,NA,0.0036577049177139997,2850,17831,13210,0,0.4738721194417397,0.13780764953338814,1.0,0.5744338133436423,0.4255661866563577
13210,YDR324C YBR107C,0.0,NA,0.0036584539338946342,2850,17830,13211,0,0.47390162580036,0.13781431334622823,1.0,0.574401597886666,0.425598402113334
13211,snR189 YOR204W,0.0,NA,0.003661712631583214,2850,17829,13212,0,0.47393113215898025,0.13782097780356883,1.0,0.5743693824296897,0.42563061757031023
13212,YIL040W YLR100W,0.0,NA,0.0036673482973128557,2850,17828,13213,0,0.47396063851760056,0.13782764290550342,1.0,0.5743371669727135,0.42566283302728647
13213,YBL018C YLR154C,0.0,NA,0.00366855226457119,2850,17827,13214,0,0.4739901448762208,0.13783430865212554,1.0,0.5743049515157372,0.42569504848426276
13214,YJR012C YCR002C,0.0,NA,0.003668902674689889,2850,17826,13215,0,0.47401965123484113,0.13784097504352874,1.0,0.574272736058761,0.425727263941239
13215,YDL190C YEL009C,0.0,NA,0.0036803127732127905,2850,17825,13216,0,0.4740491575934614,0.13784764207980654,1.0,0.5742405206017848,0.4257594793982153
13216,YPR005C YJL092W,0.0,NA,0.0036821370013058186,2850,17824,13217,0,0.47407866395208165,0.13785430976105253,1.0,0.5742083051448085,0.4257916948551915
13217,YAR018C YHL027W,0.0,NA,0.0036828629672527313,2850,17823,13218,0,0.47410817031070196,0.13786097808736034,1.0,0.5741760896878322,0.42582391031216776
13218,YDR207C YCL038C,0.0,NA,0.003684574505314231,2850,17822,13219,0,0.4741376766693222,0.13786764705882354,1.0,0.574143874230856,0.42585612576914406
13219,YPL270W YDR295C,0.0,NA,0.0036852117627859116,2850,17821,13220,0,0.47416718302794253,0.13787431667553576,1.0,0.5741116587738797,0.4258883412261203
13220,YBR126C YDR308C,0.0,NA,0.0036885959561914206,2850,17820,13221,0,0.4741966893865628,0.1378809869375907,1.0,0.5740794433169034,0.42592055668309653
13221,YJL033W YKL186C,0.0,NA,0.0036920688580721617,2850,17819,13222,0,0.4742261957451831,0.137887657845082,1.0,0.5740472278599272,0.4259527721400728
13222,YNL094W YMR231W,0.0,NA,0.0037060079630464315,2850,17818,13223,0,0.47425570210380336,0.13789432939810334,1.0,0.5740150124029509,0.42598498759704906
13223,YDR487C YPL210C,0.0,NA,0.0037066012155264616,2850,17817,13224,0,0.47428520846242367,0.13790100159674845,1.0,0.5739827969459746,0.4260172030540253
13224,YAL022C YKL139W,0.0,NA,0.0037094547878950834,2850,17816,13225,0,0.4743147148210439,0.13790767444111102,1.0,0.5739505814889985,0.4260494185110016
13225,YDR121W YBL020W,0.0,NA,0.0037103695794939995,2850,17815,13226,0,0.47434422117966424,0.1379143479312848,1.0,0.5739183660320222,0.4260816339679778
13226,YGL142C YBR079C,0.0,NA,0.003713688813149929,2850,17814,13227,0,0.4743737275382845,0.13792102206736354,1.0,0.5738861505750459,0.4261138494249541
13227,YDL143W YKR046C,0.0,NA,0.0037147332914173603,2850,17813,13228,0,0.4744032338969048,0.13792769684944103,1.0,0.5738539351180697,0.42614606488193035
13228,snR41 YPR112C,0.0,NA,0.003718191757798195,2850,17812,13229,0,0.47443274025552507,0.13793437227761107,1.0,0.5738217196610934,0.4261782803389066
13229,YOR191W YKR054C,0.0,NA,0.00372442533262074,2850,17811,13230,0,0.4744622466141453,0.13794104835196747,1.0,0.5737895042041171,0.4262104957958829
13230,YLR088W YPL053C,0.0,NA,0.0037296414375305176,2850,17810,13231,0,0.47449175297276563,0.13794772507260405,1.0,0.5737572887471408,0.4262427112528591
13231,YLR197W YDR217C,0.0,NA,0.0037304528523236513,2850,17809,13232,0,0.4745212593313859,0.1379544024396147,1.0,0.5737250732901646,0.42627492670983536
13232,YLR068W YDR064W,0.0,NA,0.003734211903065443,2850,17808,13233,0,0.4745507656900062,0.13796108045309324,1.0,0.5736928578331884,0.42630714216681165
13233,YER007W YLR354C,0.0,NA,0.0037356242537498474,2850,17807,13234,0,0.47458027204862646,0.13796775911313355,1.0,0.5736606423762121,0.4263393576237879
13234,YJL114W YGL169W,0.0,NA,0.0037382442969828844,2850,17806,13235,0,0.4746097784072468,0.1379744384198296,1.0,0.5736284269192359,0.4263715730807642
13235,YBR058C YMR083W,0.0,NA,0.0037437963765114546,2850,17805,13236,0,0.47463928476586703,0.13798111837327523,1.0,0.5735962114622596,0.4264037885377404
13236,YOR103C YPR070W,0.0,NA,0.0037467104848474264,2850,17804,13237,0,0.47466879112448734,0.13798779897356445,1.0,0.5735639960052833,0.42643600399471665
13237,YLL017W YHR007C,0.0,NA,0.003747266251593828,2850,17803,13238,0,0.4746982974831076,0.13799448022079117,1.0,0.5735317805483071,0.42646821945169294
13238,YMR263W YOL124C,0.0,NA,0.0037535426672548056,2850,17802,13239,0,0.4747278038417279,0.1380011621150494,1.0,0.5734995650913308,0.4265004349086692
13239,YNR043W YLR441C,0.0,NA,0.003755563870072365,2850,17801,13240,0,0.47475731020034817,0.1380078446564331,1.0,0.5734673496343545,0.4265326503656454
13240,YGR288W YDR384C,0.0,NA,0.003761752275750041,2850,17800,13241,0,0.4747868165589685,0.13801452784503632,1.0,0.5734351341773783,0.4265648658226217
13241,YDR174W YOL105C,0.0,NA,0.003763922257348895,2850,17799,13242,0,0.47481632291758874,0.13802121168095308,1.0,0.573402918720402,0.42659708127959794
13242,YER166W YDR174W,0.0,NA,0.0037670524325221777,2850,17798,13243,0,0.474845829276209,0.1380278961642774,1.0,0.5733707032634258,0.4266292967365742
13243,YNL149C YLL013C,0.0,NA,0.0037672906182706356,2850,17797,13244,0,0.4748753356348293,0.1380345812951034,1.0,0.5733384878064496,0.4266615121935505
13244,YER072W YPL010W,0.0,NA,0.0037674265913665295,2850,17796,13245,0,0.47490484199344957,0.13804126707352513,1.0,0.5733062723494733,0.4266937276505267
13245,YIL044C YOR371C,0.0,NA,0.0037678582593798637,2850,17795,13246,0,0.4749343483520699,0.13804795349963672,1.0,0.573274056892497,0.426725943107503
13246,YBL058W YJL186W,0.0,NA,0.003769057337194681,2850,17794,13247,0,0.47496385471069014,0.13805464057353226,1.0,0.5732418414355208,0.42675815856447924
13247,YIL110W YMR119W,0.0,NA,0.0037699704989790916,2850,17793,13248,0,0.47499336106931045,0.1380613282953059,1.0,0.5732096259785445,0.4267903740214555
13248,YDR023W YBL103C,0.0,NA,0.0037703358102589846,2850,17792,13249,0,0.4750228674279307,0.13806801666505183,1.0,0.5731774105215682,0.42682258947843177
13249,YOL016C YEL046C,0.0,NA,0.0037719355896115303,2850,17791,13250,0,0.475052373786551,0.1380747056828642,1.0,0.5731451950645919,0.426854804935408
13250,YMR123W YMR310C,0.0,NA,0.003775230376049876,2850,17790,13251,0,0.4750818801451713,0.1380813953488372,1.0,0.5731129796076158,0.42688702039238424
13251,YDR021W YML080W,0.0,NA,0.0037805517204105854,2850,17789,13252,0,0.4751113865037916,0.13808808566306507,1.0,0.5730807641506395,0.42691923584936053
13252,YBR217W YFL018C,0.0,NA,0.0037836667615920305,2850,17788,13253,0,0.47514089286241185,0.138094776625642,1.0,0.5730485486936632,0.42695145130633677
13253,YGL185C YIR011C,0.0,NA,0.0037863494362682104,2850,17787,13254,0,0.47517039922103216,0.1381014682366623,1.0,0.573016333236687,0.42698366676331306
13254,YPR060C YMR137C,0.0,NA,0.003787659341469407,2850,17786,13255,0,0.4751999055796524,0.1381081604962202,1.0,0.5729841177797107,0.4270158822202893
13255,YHR068W YER159C,0.0,NA,0.003787734778597951,2850,17785,13256,0,0.4752294119382727,0.13811485340441,1.0,0.5729519023227344,0.42704809767726554
13256,Q0160 YGL067W,0.0,NA,0.003788967616856098,2850,17784,13257,0,0.475258918296893,0.13812154696132597,1.0,0.5729196868657582,0.42708031313424183
13257,YLR276C tS(AGA)J,0.0,NA,0.003791313385590911,2850,17783,13258,0,0.47528842465551324,0.13812824116706246,1.0,0.5728874714087819,0.42711252859121807
13258,YOR377W YLR170C,0.0,NA,0.003791963681578636,2850,17782,13259,0,0.47531793101413355,0.13813493602171384,1.0,0.5728552559518056,0.4271447440481943
13259,YNR008W YHL007C,0.0,NA,0.0037924214266240597,2850,17781,13260,0,0.4753474373727538,0.13814163152537443,1.0,0.5728230404948295,0.4271769595051706
13260,YIL040W YDL216C,0.0,NA,0.00379261770285666,2850,17780,13261,0,0.4753769437313741,0.13814832767813864,1.0,0.5727908250378532,0.42720917496214683
13261,YJR153W YIR021W,0.0,NA,0.00379682844504714,2850,17779,13262,0,0.4754064500899944,0.13815502448010084,1.0,0.5727586095808769,0.42724139041912307
13262,YBR286W YOR368W,0.0,NA,0.003802595427259803,2850,17778,13263,0,0.4754359564486147,0.13816172193135545,1.0,0.5727263941239007,0.42727360587609936
13263,YLR452C YKL042W,0.0,NA,0.003804796142503619,2850,17777,13264,0,0.47546546280723495,0.1381684200319969,1.0,0.5726941786669244,0.4273058213330756
13264,YPL148C YOR210W,0.0,NA,0.003808738198131323,2850,17776,13265,0,0.47549496916585526,0.13817511878211966,1.0,0.5726619632099481,0.4273380367900519
13265,YNL149C YHR194W,0.0,NA,0.0038120520766824484,2850,17775,13266,0,0.4755244755244755,0.13818181818181818,1.0,0.5726297477529719,0.4273702522470281
13266,YKL046C YCL025C,0.0,NA,0.00381827587261796,2850,17774,13267,0,0.47555398188309583,0.13818851823118697,1.0,0.5725975322959956,0.42740246770400436
13267,YBR073W YPL253C,0.0,NA,0.003826580476015806,2850,17773,13268,0,0.4755834882417161,0.13819521893032052,1.0,0.5725653168390193,0.42743468316098066
13268,YJR027W YPL120W,0.0,NA,0.003831772133708,2850,17772,13269,0,0.47561299460033635,0.13820192027931336,1.0,0.572533101382043,0.4274668986179569
13269,YGR175C YHR107C,0.0,NA,0.003832927905023098,2850,17771,13270,0,0.47564250095895666,0.13820862227826003,1.0,0.5725008859250669,0.42749911407493313
13270,YGR040W YOR371C,0.0,NA,0.0038424816448241472,2850,17770,13271,0,0.4756720073175769,0.13821532492725508,1.0,0.5724686704680906,0.4275313295319094
13271,YER025W YNR033W,0.0,NA,0.0038434674497693777,2850,17769,13272,0,0.47570151367619723,0.13822202822639312,1.0,0.5724364550111143,0.42756354498888566
13272,YJL174W YPR105C,0.0,NA,0.003844210412353277,2850,17768,13273,0,0.4757310200348175,0.13822873217576875,1.0,0.5724042395541381,0.42759576044586195
13273,YBR213W YPR134W,0.0,NA,0.003845761064440012,2850,17767,13274,0,0.4757605263934378,0.13823543677547656,1.0,0.5723720240971618,0.4276279759028382
13274,YKR092C YMR106C,0.0,NA,0.0038481715600937605,2850,17766,13275,0,0.47579003275205806,0.13824214202561116,1.0,0.5723398086401855,0.4276601913598144
13275,YER059W YDR047W,0.0,NA,0.003856403985992074,2850,17765,13276,0,0.47581953911067837,0.1382488479262673,1.0,0.5723075931832093,0.4276924068167907
13276,YPR018W YOL013C,0.0,NA,0.0038565355353057384,2850,17764,13277,0,0.4758490454692986,0.13825555447753954,1.0,0.572275377726233,0.42772462227376695
13277,YDR406W YKL192C,0.0,NA,0.003856598399579525,2850,17763,13278,0,0.47587855182791894,0.13826226167952263,1.0,0.5722431622692568,0.4277568377307432
13278,YDR308C YOL148C,0.0,NA,0.00385782727971673,2850,17762,13279,0,0.4759080581865392,0.13826896953231127,1.0,0.5722109468122806,0.4277890531877195
13279,YPL179W YCR068W,0.0,NA,0.003860366065055132,2850,17761,13280,0,0.4759375645451595,0.1382756780360002,1.0,0.5721787313553043,0.4278212686446957
13280,YJR075W YER104W,0.0,NA,0.0038607604801654816,2850,17760,13281,0,0.47596707090377977,0.13828238719068414,1.0,0.572146515898328,0.42785348410167195
13281,YLR079W YBR201W,0.0,NA,0.0038614519871771336,2850,17759,13282,0,0.4759965772624,0.13828909699645786,1.0,0.5721143004413518,0.42788569955864825
13282,YLL042C YPR095C,0.0,NA,0.0038637781981378794,2850,17758,13283,0,0.47602608362102034,0.13829580745341616,1.0,0.5720820849843755,0.4279179150156245
13283,YGL148W YLR170C,0.0,NA,0.0038680313155055046,2850,17757,13284,0,0.4760555899796406,0.13830251856165382,1.0,0.5720498695273992,0.4279501304726008
13284,Q0250 YML001W,0.0,NA,0.0038706520572304726,2850,17756,13285,0,0.4760850963382609,0.13830923032126566,1.0,0.572017654070423,0.427982345929577
13285,YIR026C YMR229C,0.0,NA,0.003873885376378894,2850,17755,13286,0,0.47611460269688116,0.13831594273234651,1.0,0.5719854386134468,0.42801456138655325
13286,YHL033C YGL065C,0.0,NA,0.0038791790138930082,2850,17754,13287,0,0.4761441090555015,0.13832265579499126,1.0,0.5719532231564705,0.42804677684352954
13287,YKL005C YNR034W,0.0,NA,0.0038813152350485325,2850,17753,13288,0,0.47617361541412173,0.13832936950929475,1.0,0.5719210076994942,0.4280789923005058
13288,YGL021W YLR141W,0.0,NA,0.003882085904479027,2850,17752,13289,0,0.47620312177274204,0.1383360838753519,1.0,0.571888792242518,0.428111207757482
13289,YIL016W YLR386W,0.0,NA,0.003882617224007845,2850,17751,13290,0,0.4762326281313623,0.1383427988932576,1.0,0.5718565767855417,0.4281434232144583
13290,YLR227C YAR010C,0.0,NA,0.0038895905017852783,2850,17750,13291,0,0.4762621344899826,0.1383495145631068,1.0,0.5718243613285654,0.42817563867143454
13291,YOL086C YOL025W,0.0,NA,0.003891704836860299,2850,17749,13292,0,0.47629164084860287,0.1383562308849944,1.0,0.5717921458715892,0.42820785412841084
13292,YOR202W YHR090C,0.0,NA,0.0038983130361884832,2850,17748,13293,0,0.4763211472072232,0.13836294785901543,1.0,0.5717599304146129,0.4282400695853871
13293,YPL137C YJR004C,0.0,NA,0.003900886047631502,2850,17747,13294,0,0.47635065356584344,0.13836966548526483,1.0,0.5717277149576366,0.4282722850423633
13294,YPL038W YKL015W,0.0,NA,0.0039010304026305676,2850,17746,13295,0,0.4763801599244637,0.13837638376383765,1.0,0.5716954995006605,0.4283045004993396
13295,YIR034C YAL042W,0.0,NA,0.003901356365531683,2850,17745,13296,0,0.476409666283084,0.13838310269482884,1.0,0.5716632840436842,0.42833671595631584
13296,YHL043W YHR042W,0.0,NA,0.003903074888512492,2850,17744,13297,0,0.47643917264170427,0.1383898222783335,1.0,0.5716310685867079,0.4283689314132921
13297,YDR381W YIL013C,0.0,NA,0.0039055452216416597,2850,17743,13298,0,0.4764686790003246,0.13839654251444666,1.0,0.5715988531297317,0.42840114687026837
13298,YLR186W YFL026W,0.0,NA,0.003906259313225746,2850,17742,13299,0,0.47649818535894484,0.1384032634032634,1.0,0.5715666376727554,0.4284333623272446
13299,YIL133C YKL174C,0.0,NA,0.003910597413778305,2850,17741,13300,0,0.47652769171756515,0.13840998494487883,1.0,0.5715344222157791,0.4284655777842209
13300,YGL212W YPR180W,0.0,NA,0.003911089617758989,2850,17740,13301,0,0.4765571980761854,0.13841670713938806,1.0,0.5715022067588029,0.42849779324119713
13301,YGL192W YOL088C,0.0,NA,0.003915604669600725,2850,17739,13302,0,0.4765867044348057,0.1384234299868862,1.0,0.5714699913018266,0.42853000869817337
13302,YKL197C YIL073C,0.0,NA,0.003916650079190731,2850,17738,13303,0,0.476616210793426,0.13843015348746843,1.0,0.5714377758448503,0.42856222415514966
13303,YDR440W YLR215C,0.0,NA,0.003921761643141508,2850,17737,13304,0,0.4766457171520463,0.13843687764122992,1.0,0.5714055603878742,0.4285944396121259
13304,YPR021C YGL021W,0.0,NA,0.003922640811651945,2850,17736,13305,0,0.47667522351066655,0.1384436024482658,1.0,0.5713733449308979,0.42862665506910214
13305,YMR112C YLR346C,0.0,NA,0.0039254589937627316,2850,17735,13306,0,0.47670472986928686,0.13845032790867137,1.0,0.5713411294739216,0.42865887052607843
13306,YOR092W YPR095C,0.0,NA,0.003925745841115713,2850,17734,13307,0,0.4767342362279071,0.13845705402254177,1.0,0.5713089140169453,0.42869108598305466
13307,YIL088C YDR183W,0.0,NA,0.003925747703760862,2850,17733,13308,0,0.4767637425865274,0.13846378078997232,1.0,0.5712766985599691,0.4287233014400309
13308,YBR095C YJL002C,0.0,NA,0.003927502781152725,2850,17732,13309,0,0.4767932489451477,0.13847050821105822,1.0,0.5712444831029928,0.4287555168970072
13309,YPL042C YDR411C,0.0,NA,0.00393292959779501,2850,17731,13310,0,0.47682275530376794,0.13847723628589476,1.0,0.5712122676460165,0.42878773235398343
13310,YDR121W YOL044W,0.0,NA,0.003935091197490692,2850,17730,13311,0,0.47685226166238825,0.13848396501457727,1.0,0.5711800521890403,0.4288199478109597
13311,YOR007C YHR041C,0.0,NA,0.0039364672265946865,2850,17729,13312,0,0.4768817680210085,0.13849069439720102,1.0,0.571147836732064,0.42885216326793596
13312,YER044C YBL016W,0.0,NA,0.003938830923289061,2850,17728,13313,0,0.4769112743796288,0.1384974244338614,1.0,0.5711156212750877,0.4288843787249122
13313,YAL014C YOL123W,0.0,NA,0.003940281458199024,2850,17727,13314,0,0.4769407807382491,0.13850415512465375,1.0,0.5710834058181116,0.4289165941818885
13314,YIL064W YBR236C,0.0,NA,0.003940751310437918,2850,17726,13315,0,0.4769702870968694,0.1385108864696734,1.0,0.5710511903611353,0.4289488096388647
13315,YJL128C YKL085W,0.0,NA,0.00394129753112793,2850,17725,13316,0,0.47699979345548965,0.1385176184690158,1.0,0.571018974904159,0.42898102509584096
13316,YDR389W YNL091W,0.0,NA,0.003941372502595186,2850,17724,13317,0,0.47702929981410996,0.1385243511227763,1.0,0.5709867594471828,0.42901324055281725
13317,YJL212C YPR188C,0.0,NA,0.0039435746148228645,2850,17723,13318,0,0.4770588061727302,0.13853108443105042,1.0,0.5709545439902065,0.4290454560097935
13318,YDR471W YER124C,0.0,NA,0.003943621646612883,2850,17722,13319,0,0.47708831253135053,0.1385378183939335,1.0,0.5709223285332302,0.4290776714667698
13319,YCL016C YBR276C,0.0,NA,0.003945669159293175,2850,17721,13320,0,0.4771178188899708,0.13854455301152108,1.0,0.570890113076254,0.429109886923746
13320,YBR015C YOR275C,0.0,NA,0.003950642421841621,2850,17720,13321,0,0.47714732524859105,0.1385512882839086,1.0,0.5708578976192777,0.42914210238072226
13321,snR41 YAR035W,0.0,NA,0.0039572748355567455,2850,17719,13322,0,0.47717683160721136,0.1385580242111916,1.0,0.5708256821623015,0.42917431783769855
13322,YNL209W YCL019W,0.0,NA,0.0039577241986989975,2850,17718,13323,0,0.4772063379658316,0.13856476079346558,1.0,0.5707934667053253,0.4292065332946748
13323,YKL092C YJR123W,0.0,NA,0.003958831541240215,2850,17717,13324,0,0.47723584432445193,0.13857149803082608,1.0,0.570761251248349,0.429238748751651
13324,YDL112W YMR021C,0.0,NA,0.003959969151765108,2850,17716,13325,0,0.4772653506830722,0.13857823592336865,1.0,0.5707290357913727,0.4292709642086273
13325,YAL040C YGL205W,0.0,NA,0.0039617205038666725,2850,17715,13326,0,0.4772948570416925,0.13858497447118892,1.0,0.5706968203343964,0.42930317966560355
13326,YMR070W YGR230W,0.0,NA,0.003963271621614695,2850,17714,13327,0,0.47732436340031276,0.13859171367438242,1.0,0.5706646048774202,0.4293353951225798
13327,YMR194W YDR477W,0.0,NA,0.003967953845858574,2850,17713,13328,0,0.47735386975893307,0.13859845353304479,1.0,0.5706323894204439,0.4293676105795561
13328,YGR249W YLL063C,0.0,NA,0.003968760371208191,2850,17712,13329,0,0.4773833761175533,0.13860519404727167,1.0,0.5706001739634676,0.4293998260365323
13329,YBR176W YAL009W,0.0,NA,0.003971534315496683,2850,17711,13330,0,0.47741288247617364,0.1386119352171587,1.0,0.5705679585064914,0.4294320414935086
13330,YLR399C YJL210W,0.0,NA,0.003972318954765797,2850,17710,13331,0,0.4774423888347939,0.13861867704280156,1.0,0.5705357430495152,0.42946425695048485
13331,YFR050C YNL059C,0.0,NA,0.0039730132557451725,2850,17709,13332,0,0.47747189519341415,0.13862541952429594,1.0,0.5705035275925389,0.4294964724074611
13332,YHR028C YGL077C,0.0,NA,0.003974853549152613,2850,17708,13333,0,0.47750140155203447,0.13863216266173753,1.0,0.5704713121355627,0.4295286878644374
13333,YGR281W YLR362W,0.0,NA,0.003977204207330942,2850,17707,13334,0,0.4775309079106547,0.13863890645522206,1.0,0.5704390966785864,0.4295609033214136
13334,YBR061C YER122C,0.0,NA,0.003979999106377363,2850,17706,13335,0,0.47756041426927504,0.1386456509048453,1.0,0.5704068812216101,0.42959311877838985
13335,YHR109W YLR238W,0.0,NA,0.003980377223342657,2850,17705,13336,0,0.4775899206278953,0.138652396010703,1.0,0.5703746657646339,0.42962533423536614
13336,YGL037C YJL029C,0.0,NA,0.003983508795499802,2850,17704,13337,0,0.4776194269865156,0.13865914177289093,1.0,0.5703424503076576,0.4296575496923424
13337,YHR020W YGR083C,0.0,NA,0.003991737961769104,2850,17703,13338,0,0.47764893334513586,0.13866588819150488,1.0,0.5703102348506813,0.42968976514931867
13338,YDL170W YDL043C,0.0,NA,0.003995140548795462,2850,17702,13339,0,0.4776784397037562,0.13867263526664073,1.0,0.5702780193937051,0.4297219806062949
13339,YAL058W YOR092W,0.0,NA,0.003995309118181467,2850,17701,13340,0,0.47770794606237643,0.13867938299839425,1.0,0.5702458039367289,0.42975419606327114
13340,YJL184W YBR170C,0.0,NA,0.003995711449533701,2850,17700,13341,0,0.47773745242099674,0.1386861313868613,1.0,0.5702135884797526,0.42978641152024744
13341,YNL026W YKR085C,0.0,NA,0.003997803665697575,2850,17699,13342,0,0.477766958779617,0.13869288043213782,1.0,0.5701813730227764,0.4298186269772237
13342,YNL053W YDL174C,0.0,NA,0.0039984071627259254,2850,17698,13343,0,0.4777964651382373,0.13869963013431963,1.0,0.5701491575658001,0.4298508424341999
13343,YJL085W YOL054W,0.0,NA,0.0040002609603106976,2850,17697,13344,0,0.47782597149685757,0.1387063804935027,1.0,0.5701169421088238,0.4298830578911762
13344,YHR064C YOL069W,0.0,NA,0.0040009659714996815,2850,17696,13345,0,0.47785547785547783,0.13871313150978293,1.0,0.5700847266518475,0.42991527334815244
13345,YHR186C YDR412W,0.0,NA,0.004004598595201969,2850,17695,13346,0,0.47788498421409814,0.13871988318325626,1.0,0.5700525111948713,0.4299474888051287
13346,YKR004C YAR031W,0.0,NA,0.004007913172245026,2850,17694,13347,0,0.4779144905727184,0.1387266355140187,1.0,0.570020295737895,0.42997970426210497
13347,YER145C YLR034C,0.0,NA,0.004008031450212002,2850,17693,13348,0,0.4779439969313387,0.13873338850216618,1.0,0.5699880802809187,0.4300119197190812
13348,YKL188C YDR372C,0.0,NA,0.0040098875761032104,2850,17692,13349,0,0.47797350328995897,0.13874014214779476,1.0,0.5699558648239426,0.4300441351760575
13349,YMR199W YIL106W,0.0,NA,0.004017333034425974,2850,17691,13350,0,0.4780030096485793,0.13874689645100044,1.0,0.5699236493669663,0.43007635063303373
13350,YJL087C YOL020W,0.0,NA,0.004017373081296682,2850,17690,13351,0,0.47803251600719954,0.13875365141187926,1.0,0.56989143390999,0.43010856609000997
13351,YIR037W YEL053C,0.0,NA,0.004018079023808241,2850,17689,13352,0,0.47806202236581985,0.13876040703052728,1.0,0.5698592184530138,0.43014078154698626
13352,YBR102C YBL087C,0.0,NA,0.004020702093839645,2850,17688,13353,0,0.4780915287244401,0.13876716330704061,1.0,0.5698270029960375,0.4301729970039625
13353,YGL246C YJL006C,0.0,NA,0.004025021567940712,2850,17687,13354,0,0.4781210350830604,0.1387739202415153,1.0,0.5697947875390612,0.43020521246093874
13354,YMR183C YNR052C,0.0,NA,0.004028058145195246,2850,17686,13355,0,0.4781505414416807,0.13878067783404752,1.0,0.569762572082085,0.430237427917915
13355,YOR308C YDR091C,0.0,NA,0.004028592258691788,2850,17685,13356,0,0.478180047800301,0.13878743608473337,1.0,0.5697303566251087,0.43026964337489126
13356,YJR158W YHR143W,0.0,NA,0.004031219985336065,2850,17684,13357,0,0.47820955415892125,0.13879419499366905,1.0,0.5696981411681324,0.43030185883186756
13357,YJR059W YOR143C,0.0,NA,0.004031725227832794,2850,17683,13358,0,0.4782390605175415,0.13880095456095065,1.0,0.5696659257111563,0.4303340742888438
13358,YER146W YLR131C,0.0,NA,0.0040351771749556065,2850,17682,13359,0,0.4782685668761618,0.13880771478667445,1.0,0.56963371025418,0.43036628974582003
13359,YOR327C YOL020W,0.0,NA,0.004037465900182724,2850,17681,13360,0,0.4782980732347821,0.13881447567093663,1.0,0.5696014947972037,0.4303985052027963
13360,YGL098W YDR313C,0.0,NA,0.004039669409394264,2850,17680,13361,0,0.4783275795934024,0.1388212372138334,1.0,0.5695692793402274,0.43043072065977256
13361,YIL140W YIR019C,0.0,NA,0.004041983745992184,2850,17679,13362,0,0.47835708595202264,0.13882799941546106,1.0,0.5695370638832512,0.4304629361167488
13362,YPL152W YPL163C,0.0,NA,0.00404230086132884,2850,17678,13363,0,0.47838659231064296,0.13883476227591582,1.0,0.5695048484262749,0.4304951515737251
13363,YPL011C YIL140W,0.0,NA,0.004044606816023588,2850,17677,13364,0,0.4784160986692632,0.138841525795294,1.0,0.5694726329692986,0.4305273670307013
13364,YPR010C YGL198W,0.0,NA,0.00404462032020092,2850,17676,13365,0,0.4784456050278835,0.1388482899736919,1.0,0.5694404175123224,0.43055958248767756
13365,YCR024C-A YLR024C,0.0,NA,0.004049919545650482,2850,17675,13366,0,0.4784751113865038,0.13885505481120586,1.0,0.5694082020553461,0.43059179794465385
13366,YMR318C YKR002W,0.0,NA,0.0040516662411391735,2850,17674,13367,0,0.4785046177451241,0.13886182030793218,1.0,0.5693759865983699,0.4306240134016301
13367,YLR120C YKL205W,0.0,NA,0.004058657214045525,2850,17673,13368,0,0.47853412410374435,0.13886858646396727,1.0,0.5693437711413937,0.4306562288586064
13368,YGR282C YBL046W,0.0,NA,0.004063127096742392,2850,17672,13369,0,0.47856363046236466,0.13887535327940748,1.0,0.5693115556844174,0.4306884443155826
13369,YOR237W YGR195W,0.0,NA,0.004065338987857103,2850,17671,13370,0,0.4785931368209849,0.1388821207543492,1.0,0.5692793402274411,0.43072065977255886
13370,YCR040W YHR107C,0.0,NA,0.00406562490388751,2850,17670,13371,0,0.4786226431796052,0.1388888888888889,1.0,0.5692471247704649,0.43075287522953515
13371,YDR211W YDR486C,0.0,NA,0.004067212343215942,2850,17669,13372,0,0.4786521495382255,0.13889565768312295,1.0,0.5692149093134886,0.4307850906865114
13372,YOR245C YMR030W,0.0,NA,0.0040704645216465,2850,17668,13373,0,0.47868165589684575,0.13890242713714787,1.0,0.5691826938565123,0.4308173061434876
13373,YLR363C YOR370C,0.0,NA,0.004073432646691799,2850,17667,13374,0,0.47871116225546606,0.1389091972510601,1.0,0.5691504783995361,0.4308495216004639
13374,YKL180W YLR110C,0.0,NA,0.0040769800543785095,2850,17666,13375,0,0.4787406686140863,0.13891596802495612,1.0,0.5691182629425598,0.43088173705744015
13375,YLR119W YCR053W,0.0,NA,0.00407788809388876,2850,17665,13376,0,0.47877017497270663,0.1389227394589325,1.0,0.5690860474855836,0.43091395251441644
13376,YCR060W YHR123W,0.0,NA,0.004078639671206474,2850,17664,13377,0,0.4787996813313269,0.1389295115530857,1.0,0.5690538320286074,0.4309461679713927
13377,YKL114C YML012W,0.0,NA,0.004079158883541822,2850,17663,13378,0,0.4788291876899472,0.13893628430751231,1.0,0.5690216165716311,0.4309783834283689
13378,YPL178W tG(GCC)J2,0.0,NA,0.004079990088939667,2850,17662,13379,0,0.47885869404856746,0.1389430577223089,1.0,0.5689894011146548,0.4310105988853452
13379,YLL002W YBR203W,0.0,NA,0.00408244738355279,2850,17661,13380,0,0.47888820040718777,0.13894983179757203,1.0,0.5689571856576785,0.43104281434232145
13380,YEL061C YBR229C,0.0,NA,0.004083634354174137,2850,17660,13381,0,0.478917706765808,0.13895660653339834,1.0,0.5689249702007023,0.4310750297992977
13381,YML071C YHR111W,0.0,NA,0.004083733074367046,2850,17659,13382,0,0.47894721312442834,0.13896338192988444,1.0,0.568892754743726,0.431107245256274
13382,YOR163W YOR290C,0.0,NA,0.004084456712007523,2850,17658,13383,0,0.4789767194830486,0.13897015798712697,1.0,0.5688605392867497,0.4311394607132502
13383,YNL312W YHR214C-B,0.0,NA,0.00408451072871685,2850,17657,13384,0,0.47900622584166885,0.1389769347052226,1.0,0.5688283238297736,0.43117167617022645
13384,YBL041W YML115C,0.0,NA,0.004084598273038864,2850,17656,13385,0,0.47903573220028917,0.13898371208426802,1.0,0.5687961083727973,0.43120389162720274
13385,YDL232W YLR275W,0.0,NA,0.004084945190697908,2850,17655,13386,0,0.4790652385589094,0.1389904901243599,1.0,0.568763892915821,0.431236107084179
13386,YLL048C YLR070C,0.0,NA,0.004086546134203672,2850,17654,13387,0,0.47909474491752974,0.13899726882559502,1.0,0.5687316774588448,0.43126832254115527
13387,YLR385C YHR197W,0.0,NA,0.004088539630174637,2850,17653,13388,0,0.47912425127615,0.13900404818807005,1.0,0.5686994620018685,0.4313005379981315
13388,YOR192C YLR320W,0.0,NA,0.004092413000762463,2850,17652,13389,0,0.4791537576347703,0.13901082821188177,1.0,0.5686672465448922,0.43133275345510774
13389,YPL094C YPL143W,0.0,NA,0.004093687981367111,2850,17651,13390,0,0.47918326399339056,0.13901760889712697,1.0,0.568635031087916,0.43136496891208403
13390,YPR036W YCR018C,0.0,NA,0.004095601383596659,2850,17650,13391,0,0.4792127703520109,0.13902439024390245,1.0,0.5686028156309397,0.43139718436906027
13391,YMR310C YKR031C,0.0,NA,0.004099041689187288,2850,17649,13392,0,0.47924227671063113,0.139031172252305,1.0,0.5685706001739634,0.4314293998260365
13392,YBR070C YPR031W,0.0,NA,0.004103150684386492,2850,17648,13393,0,0.47927178306925144,0.13903795492243146,1.0,0.5685383847169873,0.4314616152830128
13393,YNL199C YIL159W,0.0,NA,0.004103542771190405,2850,17647,13394,0,0.4793012894278717,0.13904473825437869,1.0,0.568506169260011,0.43149383073998904
13394,YNL264C YFR036W,0.0,NA,0.004104606807231903,2850,17646,13395,0,0.479330795786492,0.13905152224824355,1.0,0.5684739538030347,0.43152604619696533
13395,YBR076W YPL042C,0.0,NA,0.0041082920506596565,2850,17645,13396,0,0.47936030214511227,0.13905830690412296,1.0,0.5684417383460585,0.43155826165394157
13396,YEL058W YNL156C,0.0,NA,0.0041083525866270065,2850,17644,13397,0,0.47938980850373253,0.1390650922221138,1.0,0.5684095228890822,0.4315904771109178
13397,YNL225C YIL147C,0.0,NA,0.004111488815397024,2850,17643,13398,0,0.47941931486235284,0.13907187820231298,1.0,0.5683773074321059,0.4316226925678941
13398,YPL274W YAL042W,0.0,NA,0.00411194609478116,2850,17642,13399,0,0.4794488212209731,0.13907866484481748,1.0,0.5683450919751296,0.43165490802487033
13399,YGR023W YBL011W,0.0,NA,0.004115843679755926,2850,17641,13400,0,0.4794783275795934,0.13908545214972426,1.0,0.5683128765181534,0.43168712348184657
13400,YJR035W YMR174C,0.0,NA,0.004117909818887711,2850,17640,13401,0,0.47950783393821367,0.1390922401171303,1.0,0.5682806610611771,0.43171933893882286
13401,YER164W YBR128C,0.0,NA,0.004118748940527439,2850,17639,13402,0,0.479537340296834,0.13909902874713262,1.0,0.5682484456042008,0.4317515543957991
13402,YJR078W YKR089C,0.0,NA,0.0041204956360161304,2850,17638,13403,0,0.47956684665545424,0.1391058180398282,1.0,0.5682162301472247,0.43178376985277533
13403,YMR176W YPR129W,0.0,NA,0.004124230705201626,2850,17637,13404,0,0.47959635301407455,0.1391126079953141,1.0,0.5681840146902484,0.4318159853097516
13404,YLR360W YNL173C,0.0,NA,0.004128737840801477,2850,17636,13405,0,0.4796258593726948,0.13911939861368738,1.0,0.5681517992332721,0.43184820076672786
13405,YNL222W YAL009W,0.0,NA,0.004129104781895876,2850,17635,13406,0,0.4796553657313151,0.13912618989504516,1.0,0.5681195837762959,0.43188041622370416
13406,YOL061W YIL050W,0.0,NA,0.004134859424084425,2850,17634,13407,0,0.4796848720899354,0.13913298183948447,1.0,0.5680873683193196,0.4319126316806804
13407,YMR096W YJR090C,0.0,NA,0.004135044291615486,2850,17633,13408,0,0.4797143784485557,0.1391397744471025,1.0,0.5680551528623433,0.43194484713765663
13408,YLR024C YIR009W,0.0,NA,0.004135433118790388,2850,17632,13409,0,0.47974388480717595,0.1391465677179963,1.0,0.5680229374053671,0.4319770625946329
13409,YHR143W YLR148W,0.0,NA,0.004141768906265497,2850,17631,13410,0,0.4797733911657962,0.13915336165226308,1.0,0.5679907219483908,0.43200927805160916
13410,YLR194C YDR495C,0.0,NA,0.00415233988314867,2850,17630,13411,0,0.4798028975244165,0.13916015625,1.0,0.5679585064914145,0.4320414935085854
13411,YEL003W YER133W,0.0,NA,0.004153100773692131,2850,17629,13412,0,0.4798324038830368,0.13916695151130426,1.0,0.5679262910344384,0.4320737089655617
13412,YJL072C YGR275W,0.0,NA,0.004158188123255968,2850,17628,13413,0,0.4798619102416571,0.13917374743627306,1.0,0.5678940755774621,0.4321059244225379
13413,YAL019W YOR293W,0.0,NA,0.004158861935138702,2850,17627,13414,0,0.47989141660027734,0.13918054402500366,1.0,0.5678618601204858,0.4321381398795142
13414,YJL034W YNL151C,0.0,NA,0.004159341566264629,2850,17626,13415,0,0.47992092295889766,0.13918734127759327,1.0,0.5678296446635096,0.43217035533649045
13415,YHR079C-A YDR180W,0.0,NA,0.004166089929640293,2850,17625,13416,0,0.4799504293175179,0.1391941391941392,1.0,0.5677974292065333,0.4322025707934667
13416,YER048W-A YDL219W,0.0,NA,0.004175453446805477,2850,17624,13417,0,0.4799799356761382,0.1392009377747387,1.0,0.567765213749557,0.432234786250443
13417,YJR153W YKR097W,0.0,NA,0.004176084417849779,2850,17623,13418,0,0.4800094420347585,0.13920773701948908,1.0,0.5677329982925807,0.4322670017074192
13418,YPL047W YBR038W,0.0,NA,0.004177534021437168,2850,17622,13419,0,0.4800389483933788,0.1392145369284877,1.0,0.5677007828356045,0.43229921716439546
13419,YCL025C YOR321W,0.0,NA,0.004181666299700737,2850,17621,13420,0,0.48006845475199905,0.13922133750183185,1.0,0.5676685673786283,0.43233143262137175
13420,YLR176C YJL157C,0.0,NA,0.004182247910648584,2850,17620,13421,0,0.48009796111061936,0.13922813873961895,1.0,0.567636351921652,0.432363648078348
13421,YBR136W YCR017C,0.0,NA,0.004182406701147556,2850,17619,13422,0,0.4801274674692396,0.13923494064194636,1.0,0.5676041364646758,0.4323958635353243
13422,YDR356W YOR261C,0.0,NA,0.004182907287031412,2850,17618,13423,0,0.4801569738278599,0.13924174320891147,1.0,0.5675719210076995,0.4324280789923005
13423,YHR010W YOR272W,0.0,NA,0.004185893572866917,2850,17617,13424,0,0.4801864801864802,0.13924854644061171,1.0,0.5675397055507232,0.43246029444927675
13424,YPL124W YDL054C,0.0,NA,0.004189996048808098,2850,17616,13425,0,0.48021598654510045,0.13925535033714453,1.0,0.567507490093747,0.43249250990625304
13425,YDR216W YOR126C,0.0,NA,0.004191805142909288,2850,17615,13426,0,0.48024549290372076,0.13926215489860738,1.0,0.5674752746367707,0.4325247253632293
13426,YPL174C YER124C,0.0,NA,0.004191892687231302,2850,17614,13427,0,0.480274999262341,0.13926896012509773,1.0,0.5674430591797944,0.4325569408202055
13427,YEL044W YMR106C,0.0,NA,0.004198807291686535,2850,17613,13428,0,0.48030450562096133,0.1392757660167131,1.0,0.5674108437228182,0.4325891562771818
13428,YJL198W YMR054W,0.0,NA,0.004203255753964186,2850,17612,13429,0,0.4803340119795816,0.13928257257355098,1.0,0.567378628265842,0.43262137173415804
13429,YNL189W YFR031C-A,0.0,NA,0.004203275311738253,2850,17611,13430,0,0.4803635183382019,0.1392893797957089,1.0,0.5673464128088657,0.4326535871911343
13430,YHR065C tS(AGA)L,0.0,NA,0.00420409394428134,2850,17610,13431,0,0.48039302469682216,0.13929618768328444,1.0,0.5673141973518895,0.4326858026481106
13431,YNL116W YLR209C,0.0,NA,0.0042043412104249,2850,17609,13432,0,0.48042253105544247,0.13930299623637518,1.0,0.5672819818949132,0.4327180181050868
13432,YPR186C YGR206W,0.0,NA,0.004206849727779627,2850,17608,13433,0,0.4804520374140627,0.1393098054550787,1.0,0.5672497664379369,0.4327502335620631
13433,YHR048W YML063W,0.0,NA,0.0042075468227267265,2850,17607,13434,0,0.48048154377268304,0.1393166153394926,1.0,0.5672175509809607,0.43278244901903934
13434,YOL086C YFL031W,0.0,NA,0.0042122043669223785,2850,17606,13435,0,0.4805110501313033,0.1393234258897145,1.0,0.5671853355239844,0.4328146644760156
13435,YCR002C YDR299W,0.0,NA,0.004213530570268631,2850,17605,13436,0,0.48054055648992355,0.13933023710584208,1.0,0.5671531200670081,0.43284687993299187
13436,YDL054C YDR225W,0.0,NA,0.0042162444442510605,2850,17604,13437,0,0.48057006284854387,0.139337048987973,1.0,0.5671209046100318,0.4328790953899681
13437,YDR227W YJR160C,0.0,NA,0.00421743793413043,2850,17603,13438,0,0.4805995692071641,0.13934386153620495,1.0,0.5670886891530557,0.43291131084694434
13438,YGL192W YPR060C,0.0,NA,0.004222256597131491,2850,17602,13439,0,0.48062907556578444,0.13935067475063564,1.0,0.5670564736960794,0.43294352630392063
13439,YGL209W YOR133W,0.0,NA,0.00422258535400033,2850,17601,13440,0,0.4806585819244047,0.13935748863136277,1.0,0.5670242582391031,0.43297574176089687
13440,YPR056W YDR007W,0.0,NA,0.00422311294823885,2850,17600,13441,0,0.480688088283025,0.1393643031784841,1.0,0.5669920427821269,0.43300795721787316
13441,YLR139C YHR171W,0.0,NA,0.004224912263453007,2850,17599,13442,0,0.48071759464164526,0.13937111839209743,1.0,0.5669598273251506,0.4330401726748494
13442,tD(GUC)J1 YOL127W,0.0,NA,0.004225395619869232,2850,17598,13443,0,0.4807471010002656,0.13937793427230047,1.0,0.5669276118681743,0.43307238813182564
13443,YMR050C YGL247W,0.0,NA,0.004225518088787794,2850,17597,13444,0,0.48077660735888583,0.13938475081919108,1.0,0.5668953964111981,0.43310460358880193
13444,YBR180W YBR004C,0.0,NA,0.00422746641561389,2850,17596,13445,0,0.48080611371750615,0.13939156803286706,1.0,0.5668631809542218,0.43313681904577817
13445,YBR081C YML047C,0.0,NA,0.004237084183841944,2850,17595,13446,0,0.4808356200761264,0.13939838591342626,1.0,0.5668309654972455,0.4331690345027544
13446,YOL081W YHR110W,0.0,NA,0.0042462158016860485,2850,17594,13447,0,0.4808651264347467,0.13940520446096655,1.0,0.5667987500402694,0.4332012499597307
13447,YOL067C YGR120C,0.0,NA,0.004259049892425537,2850,17593,13448,0,0.48089463279336697,0.13941202367558578,1.0,0.5667665345832931,0.43323346541670693
13448,YGR244C YLR194C,0.0,NA,0.004260995425283909,2850,17592,13449,0,0.48092413915198723,0.13941884355738185,1.0,0.5667343191263168,0.43326568087368317
13449,YNL289W YBR098W,0.0,NA,0.004263818729668856,2850,17591,13450,0,0.48095364551060754,0.1394256641064527,1.0,0.5667021036693406,0.43329789633065946
13450,YGL203C YDR364C,0.0,NA,0.004264906048774719,2850,17590,13451,0,0.4809831518692278,0.1394324853228963,1.0,0.5666698882123643,0.4333301117876357
13451,YML088W YIL096C,0.0,NA,0.004265985451638699,2850,17589,13452,0,0.4810126582278481,0.1394393072068105,1.0,0.566637672755388,0.433362327244612
13452,YJL073W YGL011C,0.0,NA,0.004266854375600815,2850,17588,13453,0,0.48104216458646837,0.13944612975829337,1.0,0.5666054572984118,0.4333945427015882
13453,YKR056W YBR076W,0.0,NA,0.0042701419442892075,2850,17587,13454,0,0.4810716709450887,0.13945295297744287,1.0,0.5665732418414355,0.43342675815856446
13454,YPL058C YOL067C,0.0,NA,0.004272928461432457,2850,17586,13455,0,0.48110117730370894,0.139459776864357,1.0,0.5665410263844592,0.43345897361554075
13455,YPL149W YHR124W,0.0,NA,0.004280874505639076,2850,17585,13456,0,0.48113068366232925,0.13946660141913383,1.0,0.566508810927483,0.433491189072517
13456,YJR041C YDR495C,0.0,NA,0.004284674767404795,2850,17584,13457,0,0.4811601900209495,0.1394734266418714,1.0,0.5664765954705068,0.43352340452949323
13457,YGR112W YMR212C,0.0,NA,0.004286441020667553,2850,17583,13458,0,0.4811896963795698,0.13948025253266774,1.0,0.5664443800135305,0.4335556199864695
13458,YLL005C YBR111W-A,0.0,NA,0.004288379102945328,2850,17582,13459,0,0.4812192027381901,0.13948707909162097,1.0,0.5664121645565542,0.43358783544344576
13459,YCL016C YIL002C,0.0,NA,0.00429187435656786,2850,17581,13460,0,0.4812487090968104,0.13949390631882924,1.0,0.566379949099578,0.43362005090042205
13460,YMR095C tD(GUC)J1,0.0,NA,0.004300907254219055,2850,17580,13461,0,0.48127821545543065,0.1395007342143906,1.0,0.5663477336426017,0.4336522663573983
13461,YKL218C YOL103W,0.0,NA,0.004302628803998232,2850,17579,13462,0,0.4813077218140509,0.13950756277840326,1.0,0.5663155181856254,0.4336844818143745
13462,YML046W YDR137W,0.0,NA,0.004305994603782892,2850,17578,13463,0,0.4813372281726712,0.13951439201096535,1.0,0.5662833027286492,0.4337166972713508
13463,YDR420W YMR204C,0.0,NA,0.0043065547943115234,2850,17577,13464,0,0.4813667345312915,0.13952122191217506,1.0,0.566251087271673,0.43374891272832705
13464,YGR251W YIL125W,0.0,NA,0.004307595547288656,2850,17576,13465,0,0.4813962408899118,0.13952805248213063,1.0,0.5662188718146967,0.4337811281853033
13465,YJL019W YPL160W,0.0,NA,0.004313585814088583,2850,17575,13466,0,0.48142574724853204,0.13953488372093023,1.0,0.5661866563577205,0.4338133436422796
13466,YGR275W YMR079W,0.0,NA,0.004314263816922903,2850,17574,13467,0,0.48145525360715236,0.13954171562867215,1.0,0.5661544409007442,0.4338455590992558
13467,YKL135C YOR054C,0.0,NA,0.004316716454923153,2850,17573,13468,0,0.4814847599657726,0.13954854820545465,1.0,0.5661222254437679,0.43387777455623205
13468,YOL045W YPR079W,0.0,NA,0.004318649414926767,2850,17572,13469,0,0.4815142663243929,0.13955538145137597,1.0,0.5660900099867917,0.43390999001320835
13469,YJR075W YOR327C,0.0,NA,0.004319553729146719,2850,17571,13470,0,0.4815437726830132,0.13956221536653446,1.0,0.5660577945298154,0.4339422054701846
13470,YKL011C YOR113W,0.0,NA,0.004320099484175444,2850,17570,13471,0,0.4815732790416335,0.1395690499510284,1.0,0.5660255790728391,0.4339744209271609
13471,YBL032W YIL173W,0.0,NA,0.004320927895605564,2850,17569,13472,0,0.48160278540025375,0.13957588520495617,1.0,0.5659933636158629,0.4340066363841371
13472,YGR282C YBR069C,0.0,NA,0.0043220012448728085,2850,17568,13473,0,0.48163229175887406,0.1395827211284161,1.0,0.5659611481588867,0.43403885184111335
13473,YIL077C YHR203C,0.0,NA,0.004324377980083227,2850,17567,13474,0,0.4816617981174943,0.13958955772150658,1.0,0.5659289327019104,0.43407106729808964
13474,YNL272C YCR031C,0.0,NA,0.00432917894795537,2850,17566,13475,0,0.4816913044761146,0.13959639498432602,1.0,0.5658967172449341,0.4341032827550659
13475,YDR483W YBR274W,0.0,NA,0.004333184566348791,2850,17565,13476,0,0.4817208108347349,0.13960323291697282,1.0,0.5658645017879579,0.4341354982120421
13476,YCR084C YLR214W,0.0,NA,0.004334684461355209,2850,17564,13477,0,0.48175031719335515,0.1396100715195454,1.0,0.5658322863309816,0.4341677136690184
13477,YGL014W YBR168W,0.0,NA,0.004338819067925215,2850,17563,13478,0,0.48177982355197546,0.13961691079214225,1.0,0.5658000708740053,0.43419992912599464
13478,YML027W YMR063W,0.0,NA,0.004346523433923721,2850,17562,13479,0,0.4818093299105957,0.13962375073486186,1.0,0.5657678554170291,0.43423214458297094
13479,YDR300C YHR148W,0.0,NA,0.004347134381532669,2850,17561,13480,0,0.48183883626921603,0.13963059134780265,1.0,0.5657356399600528,0.4342643600399472
13480,YBL027W YGL162W,0.0,NA,0.004355720244348049,2850,17560,13481,0,0.4818683426278363,0.1396374326310632,1.0,0.5657034245030765,0.4342965754969234
13481,YOL082W YHR135C,0.0,NA,0.00435806205496192,2850,17559,13482,0,0.4818978489864566,0.13964427458474202,1.0,0.5656712090461004,0.4343287909538997
13482,YOL086C YMR077C,0.0,NA,0.004359974060207605,2850,17558,13483,0,0.48192735534507686,0.13965111720893766,1.0,0.5656389935891241,0.43436100641087594
13483,YKR092C YLR442C,0.0,NA,0.004363177344202995,2850,17557,13484,0,0.48195686170369717,0.1396579605037487,1.0,0.5656067781321478,0.4343932218678522
13484,YAL036C YDR545W,0.0,NA,0.004363771993666887,2850,17556,13485,0,0.4819863680623174,0.13966480446927373,1.0,0.5655745626751716,0.43442543732482847
13485,YPL018W YDL007W,0.0,NA,0.0043695662170648575,2850,17555,13486,0,0.4820158744209377,0.13967164910561136,1.0,0.5655423472181953,0.4344576527818047
13486,YDR038C YBR143C,0.0,NA,0.004372870083898306,2850,17554,13487,0,0.482045380779558,0.13967849441286023,1.0,0.565510131761219,0.43448986823878094
13487,YIL125W YNR067C,0.0,NA,0.004376673139631748,2850,17553,13488,0,0.48207488713817825,0.13968534039111896,1.0,0.5654779163042428,0.43452208369575723
13488,YJL130C YDR118W,0.0,NA,0.004378535319119692,2850,17552,13489,0,0.48210439349679857,0.13969218704048622,1.0,0.5654457008472665,0.43455429915273347
13489,YHL006C YGR161C-D,0.0,NA,0.004379832185804844,2850,17551,13490,0,0.4821338998554188,0.13969903436106074,1.0,0.5654134853902902,0.43458651460970976
13490,YPR042C YJL153C,0.0,NA,0.004380566533654928,2850,17550,13491,0,0.48216340621403914,0.13970588235294118,1.0,0.5653812699333141,0.434618730066686
13491,YBR201W YCR105W,0.0,NA,0.004380741156637669,2850,17549,13492,0,0.4821929125726594,0.13971273101622628,1.0,0.5653490544763378,0.43465094552366224
13492,YHR036W YFL060C,0.0,NA,0.004382461309432983,2850,17548,13493,0,0.4822224189312797,0.1397195803510148,1.0,0.5653168390193615,0.4346831609806385
13493,YDR200C YGR251W,0.0,NA,0.004382838029414415,2850,17547,13494,0,0.48225192528989996,0.1397264303574055,1.0,0.5652846235623852,0.43471537643761476
13494,YDR057W YDR310C,0.0,NA,0.004384038969874382,2850,17546,13495,0,0.4822814316485203,0.13973328103549715,1.0,0.565252408105409,0.434747591894591
13495,YLR109W YLL017W,0.0,NA,0.004385331645607948,2850,17545,13496,0,0.48231093800714053,0.13974013238538857,1.0,0.5652201926484327,0.4347798073515673
13496,YPL138C YNL231C,0.0,NA,0.004386847373098135,2850,17544,13497,0,0.48234044436576085,0.1397469844071786,1.0,0.5651879771914564,0.43481202280854353
13497,YNL088W YFR045W,0.0,NA,0.004389641340821981,2850,17543,13498,0,0.4823699507243811,0.139753837100966,1.0,0.5651557617344802,0.4348442382655198
13498,YFR009W YDR419W,0.0,NA,0.0043942490592598915,2850,17542,13499,0,0.48239945708300136,0.13976069046684975,1.0,0.5651235462775039,0.43487645372249606
13499,YPR104C YOR299W,0.0,NA,0.0043965778313577175,2850,17541,13500,0,0.48242896344162167,0.13976754450492865,1.0,0.5650913308205276,0.4349086691794723
13500,YER012W YPL089C,0.0,NA,0.00439729169011116,2850,17540,13501,0,0.48245846980024193,0.13977439921530163,1.0,0.5650591153635515,0.4349408846364486
13501,YPR108W YJR013W,0.0,NA,0.004417906515300274,2850,17539,13502,0,0.48248797615886224,0.1397812545980676,1.0,0.5650268999065752,0.4349731000934248
13502,YBL005W YHR037W,0.0,NA,0.004419347271323204,2850,17538,13503,0,0.4825174825174825,0.1397881106533255,1.0,0.5649946844495989,0.43500531555040106
13503,YPR017C YDR308C,0.0,NA,0.004420604556798935,2850,17537,13504,0,0.4825469888761028,0.13979496738117428,1.0,0.5649624689926227,0.43503753100737735
13504,YCR028C YIL053W,0.0,NA,0.004421485587954521,2850,17536,13505,0,0.48257649523472307,0.13980182478171294,1.0,0.5649302535356464,0.4350697464643536
13505,YBL058W YLR359W,0.0,NA,0.004422277212142944,2850,17535,13506,0,0.4826060015933434,0.13980868285504047,1.0,0.5648980380786701,0.4351019619213298
13506,YJR102C YBR050C,0.0,NA,0.0044231172651052475,2850,17534,13507,0,0.48263550795196364,0.1398155416012559,1.0,0.5648658226216939,0.4351341773783061
13507,YNL103W YBR040W,0.0,NA,0.004424984101206064,2850,17533,13508,0,0.48266501431058395,0.13982240102045823,1.0,0.5648336071647176,0.43516639283528236
13508,YMR194W YHR166C,0.0,NA,0.004426476079970598,2850,17532,13509,0,0.4826945206692042,0.13982926111274654,1.0,0.5648013917077414,0.43519860829225865
13509,YFR032C-A YOR138C,0.0,NA,0.004427110310643911,2850,17531,13510,0,0.4827240270278245,0.13983612187821992,1.0,0.5647691762507652,0.4352308237492349
13510,YPL028W YAL030W,0.0,NA,0.004430993925780058,2850,17530,13511,0,0.4827535333864448,0.13984298331697742,1.0,0.5647369607937889,0.4352630392062111
13511,YGL151W YJR145C,0.0,NA,0.0044334325939416885,2850,17529,13512,0,0.48278303974506503,0.1398498454291182,1.0,0.5647047453368126,0.4352952546631874
13512,YBR081C YNL102W,0.0,NA,0.00443373154848814,2850,17528,13513,0,0.48281254610368535,0.1398567082147414,1.0,0.5646725298798363,0.43532747012016365
13513,YDR315C YDL056W,0.0,NA,0.004433842841535807,2850,17527,13514,0,0.4828420524623056,0.1398635716739461,1.0,0.5646403144228601,0.4353596855771399
13514,YBR168W YLR114C,0.0,NA,0.004434708505868912,2850,17526,13515,0,0.4828715588209259,0.13987043580683156,1.0,0.5646080989658838,0.4353919010341162
13515,YMR146C YLR350W,0.0,NA,0.004435449372977018,2850,17525,13516,0,0.4829010651795462,0.13987730061349693,1.0,0.5645758835089075,0.4354241164910924
13516,YCL024W YDR346C,0.0,NA,0.004439422395080328,2850,17524,13517,0,0.4829305715381665,0.13988416609404142,1.0,0.5645436680519313,0.4354563319480687
13517,YBR213W YML066C,0.0,NA,0.004441378638148308,2850,17523,13518,0,0.48296007789678674,0.13989103224856428,1.0,0.564511452594955,0.43548854740504495
13518,YGL011C YDR182W,0.0,NA,0.004443270154297352,2850,17522,13519,0,0.48298958425540706,0.13989789907716474,1.0,0.5644792371379788,0.4355207628620212
13519,YMR100W YOR307C,0.0,NA,0.004446223843842745,2850,17521,13520,0,0.4830190906140273,0.13990476657994208,1.0,0.5644470216810026,0.4355529783189975
13520,YNL307C YPR078C,0.0,NA,0.004448835738003254,2850,17520,13521,0,0.4830485969726476,0.13991163475699558,1.0,0.5644148062240263,0.4355851937759737
13521,YDR409W YCR005C,0.0,NA,0.0044499170035123825,2850,17519,13522,0,0.4830781033312679,0.13991850360842456,1.0,0.56438259076705,0.43561740923294995
13522,YOR195W YPL231W,0.0,NA,0.004454516340047121,2850,17518,13523,0,0.4831076096898882,0.13992537313432835,1.0,0.5643503753100738,0.43564962468992624
13523,YBR036C YDR153C,0.0,NA,0.004455831833183765,2850,17517,13524,0,0.48313711604850845,0.1399322433348063,1.0,0.5643181598530975,0.4356818401469025
13524,YBR102C YHR065C,0.0,NA,0.004457063041627407,2850,17516,13525,0,0.4831666224071287,0.13993911420995778,1.0,0.5642859443961212,0.4357140556038787
13525,YLR048W YGR199W,0.0,NA,0.004468394909054041,2850,17515,13526,0,0.483196128765749,0.13994598575988215,1.0,0.564253728939145,0.435746271060855
13526,YIL035C YGL195W,0.0,NA,0.004469355568289757,2850,17514,13527,0,0.4832256351243693,0.13995285798467885,1.0,0.5642215134821688,0.43577848651783124
13527,YKL086W YDR402C,0.0,NA,0.004473987501114607,2850,17513,13528,0,0.4832551414829896,0.13995973088444727,1.0,0.5641892980251925,0.43581070197480754
13528,YLR319C YML040W,0.0,NA,0.004474675748497248,2850,17512,13529,0,0.48328464784160985,0.1399666044592869,1.0,0.5641570825682163,0.43584291743178377
13529,YJL041W YLR074C,0.0,NA,0.00447740638628602,2850,17511,13530,0,0.48331415420023016,0.1399734787092972,1.0,0.56412486711124,0.43587513288876
13530,YCL008C YLR260W,0.0,NA,0.004478832706809044,2850,17510,13531,0,0.4833436605588504,0.13998035363457761,1.0,0.5640926516542637,0.4359073483457363
13531,YEL058W YOL097C,0.0,NA,0.004479315131902695,2850,17509,13532,0,0.48337316691747073,0.13998722923522766,1.0,0.5640604361972874,0.43593956380271254
13532,YDR170W-A YGL097W,0.0,NA,0.004479559604078531,2850,17508,13533,0,0.483402673276091,0.1399941055113469,1.0,0.5640282207403112,0.4359717792596888
13533,YDR363W YAR010C,0.0,NA,0.004486527293920517,2850,17507,13534,0,0.4834321796347113,0.14000098246303483,1.0,0.5639960052833349,0.43600399471666507
13534,YML069W YKL127W,0.0,NA,0.004487992729991674,2850,17506,13535,0,0.48346168599333156,0.14000786009039104,1.0,0.5639637898263586,0.4360362101736413
13535,YDL111C YLR256W,0.0,NA,0.004490537103265524,2850,17505,13536,0,0.48349119235195187,0.1400147383935151,1.0,0.5639315743693825,0.4360684256306176
13536,YOR036W YPR034W,0.0,NA,0.004493825603276491,2850,17504,13537,0,0.4835206987105721,0.14002161737250662,1.0,0.5638993589124062,0.43610064108759383
13537,YIL096C YLR007W,0.0,NA,0.004494798369705677,2850,17503,13538,0,0.4835502050691924,0.14002849702746523,1.0,0.5638671434554299,0.43613285654457007
13538,YOR237W YOR265W,0.0,NA,0.004495954606682062,2850,17502,13539,0,0.4835797114278127,0.14003537735849056,1.0,0.5638349279984537,0.43616507200154636
13539,tC(GCA)P1 YPR074C,0.0,NA,0.004499977454543114,2850,17501,13540,0,0.48360921778643295,0.14004225836568227,1.0,0.5638027125414774,0.4361972874585226
13540,YDR057W YMR251W,0.0,NA,0.0045053958892822266,2850,17500,13541,0,0.48363872414505327,0.14004914004914004,1.0,0.5637704970845011,0.43622950291549883
13541,YDL093W YDR188W,0.0,NA,0.004507442936301231,2850,17499,13542,0,0.4836682305036735,0.1400560224089636,1.0,0.5637382816275249,0.4362617183724751
13542,YNL079C YKR085C,0.0,NA,0.004507485311478376,2850,17498,13543,0,0.48369773686229384,0.1400629054452526,1.0,0.5637060661705486,0.43629393382945136
13543,YDL054C YPR182W,0.0,NA,0.004507678095251322,2850,17497,13544,0,0.4837272432209141,0.14006978915810683,1.0,0.5636738507135723,0.4363261492864276
13544,YKR088C YAL042W,0.0,NA,0.004510520491749048,2850,17496,13545,0,0.4837567495795344,0.14007667354762607,1.0,0.5636416352565962,0.4363583647434039
13545,YOR040W YNL332W,0.0,NA,0.004513838328421116,2850,17495,13546,0,0.48378625593815466,0.14008355861391006,1.0,0.5636094197996199,0.43639058020038013
13546,YLR262C YCL035C,0.0,NA,0.004517574328929186,2850,17494,13547,0,0.483815762296775,0.14009044435705859,1.0,0.5635772043426436,0.4364227956573564
13547,YOL031C YDR244W,0.0,NA,0.0045237247832119465,2850,17493,13548,0,0.48384526865539523,0.1400973307771715,1.0,0.5635449888856674,0.43645501111433266
13548,YOL146W YML008C,0.0,NA,0.004523862153291702,2850,17492,13549,0,0.48387477501401555,0.14010421787434865,1.0,0.5635127734286911,0.4364872265713089
13549,YMR299C YJR139C,0.0,NA,0.004523918032646179,2850,17491,13550,0,0.4839042813726358,0.14011110564868984,1.0,0.5634805579717148,0.4365194420282852
13550,YDR320C YDR372C,0.0,NA,0.004527384880930185,2850,17490,13551,0,0.48393378773125606,0.140117994100295,1.0,0.5634483425147385,0.4365516574852614
13551,YJR137C YJR036C,0.0,NA,0.004529859405010939,2850,17489,13552,0,0.4839632940898764,0.14012488322926397,1.0,0.5634161270577623,0.43658387294223766
13552,YKL101W YPL233W,0.0,NA,0.004535567481070757,2850,17488,13553,0,0.48399280044849663,0.14013177303569674,1.0,0.563383911600786,0.43661608839921395
13553,Q0160 YGL002W,0.0,NA,0.004536484833806753,2850,17487,13554,0,0.48402230680711694,0.14013866351969317,1.0,0.5633516961438098,0.4366483038561902
13554,YMR096W Q0275,0.0,NA,0.004539196845144033,2850,17486,13555,0,0.4840518131657372,0.14014555468135326,1.0,0.5633194806868336,0.4366805193131665
13555,YPL143W YDR512C,0.0,NA,0.004541957285255194,2850,17485,13556,0,0.4840813195243575,0.140152446520777,1.0,0.5632872652298573,0.4367127347701427
13556,YPL008W YGL192W,0.0,NA,0.004543624352663755,2850,17484,13557,0,0.48411082588297777,0.14015933903806432,1.0,0.563255049772881,0.43674495022711896
13557,YKR007W YER088C,0.0,NA,0.0045438422821462154,2850,17483,13558,0,0.4841403322415981,0.1401662322333153,1.0,0.5632228343159048,0.43677716568409525
13558,YOR273C YBL097W,0.0,NA,0.0045446124859154224,2850,17482,13559,0,0.48416983860021834,0.14017312610662994,1.0,0.5631906188589285,0.4368093811410715
13559,YOL032W YDR427W,0.0,NA,0.004544821567833424,2850,17481,13560,0,0.48419934495883865,0.1401800206581083,1.0,0.5631584034019522,0.4368415965980477
13560,YBR002C YBR070C,0.0,NA,0.004546252079308033,2850,17480,13561,0,0.4842288513174589,0.14018691588785046,1.0,0.563126187944976,0.436873812055024
13561,YIL101C YBR111W-A,0.0,NA,0.004551142454147339,2850,17479,13562,0,0.4842583576760792,0.14019381179595652,1.0,0.5630939724879997,0.43690602751200025
13562,YKL017C YKL068W,0.0,NA,0.004554297309368849,2850,17478,13563,0,0.4842878640346995,0.14020070838252657,1.0,0.5630617570310235,0.43693824296897654
13563,YHR184W YNL065W,0.0,NA,0.0045548356138169765,2850,17477,13564,0,0.48431737039331973,0.14020760564766074,1.0,0.5630295415740473,0.4369704584259528
13564,YOR208W YNL194C,0.0,NA,0.004554846789687872,2850,17476,13565,0,0.48434687675194005,0.1402145035914592,1.0,0.562997326117071,0.437002673882929
13565,YDR312W YGR286C,0.0,NA,0.0045564984902739525,2850,17475,13566,0,0.4843763831105603,0.14022140221402213,1.0,0.5629651106600947,0.4370348893399053
13566,YCR008W YPR007C,0.0,NA,0.004567217081785202,2850,17474,13567,0,0.4844058894691806,0.1402283015154497,1.0,0.5629328952031185,0.43706710479688154
13567,YMR096W YGL167C,0.0,NA,0.004568880423903465,2850,17473,13568,0,0.4844353958278009,0.14023520149584215,1.0,0.5629006797461422,0.4370993202538578
13568,YDR142C YNL099C,0.0,NA,0.004572056233882904,2850,17472,13569,0,0.4844649021864212,0.14024210215529967,1.0,0.5628684642891659,0.4371315357108341
13569,YHR090C YKL029C,0.0,NA,0.00457392493262887,2850,17471,13570,0,0.48449440854504144,0.14024900349392255,1.0,0.5628362488321896,0.4371637511678103
13570,YOL028C YPR139C,0.0,NA,0.004576787352561951,2850,17470,13571,0,0.48452391490366176,0.14025590551181102,1.0,0.5628040333752135,0.43719596662478655
13571,YLR360W YJL030W,0.0,NA,0.004579086322337389,2850,17469,13572,0,0.484553421262282,0.14026280820906542,1.0,0.5627718179182372,0.43722818208176284
13572,YDR312W YDR434W,0.0,NA,0.004581408109515905,2850,17468,13573,0,0.4845829276209023,0.140269711585786,1.0,0.5627396024612609,0.4372603975387391
13573,YLR229C YPR078C,0.0,NA,0.004583968315273523,2850,17467,13574,0,0.4846124339795226,0.14027661564207314,1.0,0.5627073870042847,0.43729261299571537
13574,YCR053W YIL117C,0.0,NA,0.004586523398756981,2850,17466,13575,0,0.4846419403381429,0.14028352037802716,1.0,0.5626751715473084,0.4373248284526916
13575,YDR345C YMR081C,0.0,NA,0.004589293617755175,2850,17465,13576,0,0.48467144669676315,0.14029042579374845,1.0,0.5626429560903321,0.43735704390966784
13576,YHR144C YNL259C,0.0,NA,0.004590489435940981,2850,17464,13577,0,0.4847009530553834,0.1402973318893374,1.0,0.5626107406333559,0.43738925936664413
13577,YLR139C YGL192W,0.0,NA,0.004600287415087223,2850,17463,13578,0,0.4847304594140037,0.14030423866489442,1.0,0.5625785251763796,0.43742147482362037
13578,YPL144W YDR305C,0.0,NA,0.004602259490638971,2850,17462,13579,0,0.484759965772624,0.1403111461205199,1.0,0.5625463097194033,0.4374536902805966
13579,YML011C YIL096C,0.0,NA,0.004606123082339764,2850,17461,13580,0,0.4847894721312443,0.1403180542563143,1.0,0.5625140942624272,0.4374859057375729
13580,YML075C YML099C,0.0,NA,0.0046075377613306046,2850,17460,13581,0,0.48481897848986455,0.14032496307237813,1.0,0.5624818788054509,0.43751812119454914
13581,YDR454C YML035C,0.0,NA,0.0046100621111691,2850,17459,13582,0,0.48484848484848486,0.14033187256881186,1.0,0.5624496633484746,0.43755033665152543
13582,YBL103C YGL167C,0.0,NA,0.0046104565262794495,2850,17458,13583,0,0.4848779912071051,0.14033878274571598,1.0,0.5624174478914984,0.43758255210850167
13583,YNL091W YMR288W,0.0,NA,0.004610941745340824,2850,17457,13584,0,0.48490749756572543,0.14034569360319102,1.0,0.5623852324345221,0.4376147675654779
13584,YBR012W-A YDR399W,0.0,NA,0.004612982273101807,2850,17456,13585,0,0.4849370039243457,0.14035260514133754,1.0,0.5623530169775458,0.4376469830224542
13585,YGL191W tG(GCC)J2,0.0,NA,0.004617477301508188,2850,17455,13586,0,0.484966510282966,0.1403595173602561,1.0,0.5623208015205696,0.43767919847943043
13586,YLR260W YMR108W,0.0,NA,0.004621776752173901,2850,17454,13587,0,0.48499601664158626,0.14036643026004728,1.0,0.5622885860635933,0.43771141393640667
13587,YKL181W YJR147W,0.0,NA,0.004625755827873945,2850,17453,13588,0,0.48502552300020657,0.1403733438408117,1.0,0.562256370606617,0.43774362939338296
13588,YPL091W YLR148W,0.0,NA,0.0046285889111459255,2850,17452,13589,0,0.48505502935882683,0.14038025810264998,1.0,0.5622241551496407,0.4377758448503592
13589,YGR040W YFL018C,0.0,NA,0.004634255543351173,2850,17451,13590,0,0.4850845357174471,0.14038717304566278,1.0,0.5621919396926646,0.43780806030733543
13590,YPL188W tG(GCC)M,0.0,NA,0.004634409677237272,2850,17450,13591,0,0.4851140420760674,0.14039408866995073,1.0,0.5621597242356883,0.4378402757643117
13591,YIR027C YNL088W,0.0,NA,0.004635894671082497,2850,17449,13592,0,0.48514354843468765,0.14040100497561456,1.0,0.562127508778712,0.43787249122128796
13592,YDR325W YMR016C,0.0,NA,0.004639689344912767,2850,17448,13593,0,0.48517305479330797,0.14040792196275495,1.0,0.5620952933217358,0.43790470667826425
13593,snR63 YOR178C,0.0,NA,0.004643295891582966,2850,17447,13594,0,0.4852025611519282,0.14041483963147264,1.0,0.5620630778647595,0.4379369221352405
13594,YDR065W YDR508C,0.0,NA,0.004647242370992899,2850,17446,13595,0,0.48523206751054854,0.14042175798186834,1.0,0.5620308624077832,0.43796913759221673
13595,YNR007C YCR024C-A,0.0,NA,0.004650238901376724,2850,17445,13596,0,0.4852615738691688,0.14042867701404288,1.0,0.561998646950807,0.438001353049193
13596,YGR166W YOR117W,0.0,NA,0.00465053878724575,2850,17444,13597,0,0.4852910802277891,0.14043559672809697,1.0,0.5619664314938307,0.43803356850616926
13597,YHL043W YML014W,0.0,NA,0.004653433337807655,2850,17443,13598,0,0.48532058658640936,0.14044251712413147,1.0,0.5619342160368545,0.4380657839631455
13598,YLR318W YPL049C,0.0,NA,0.004664478357881308,2850,17442,13599,0,0.4853500929450297,0.1404494382022472,1.0,0.5619020005798783,0.4380979994201218
13599,YIL013C YCR094W,0.0,NA,0.00466497428715229,2850,17441,13600,0,0.48537959930364993,0.14045635996254496,1.0,0.561869785122902,0.438130214877098
13600,YIR005W YMR297W,0.0,NA,0.004665410611778498,2850,17440,13601,0,0.48540910566227025,0.14046328240512568,1.0,0.5618375696659257,0.4381624303340743
13601,YOL091W YNL309W,0.0,NA,0.00466671958565712,2850,17439,13602,0,0.4854386120208905,0.1404702055300902,1.0,0.5618053542089495,0.43819464579105055
13602,YDR500C YGL054C,0.0,NA,0.004669836722314358,2850,17438,13603,0,0.48546811837951076,0.14047712933753942,1.0,0.5617731387519732,0.4382268612480268
13603,YOR123C YLR325C,0.0,NA,0.004672017879784107,2850,17437,13604,0,0.4854976247381311,0.1404840538275743,1.0,0.5617409232949969,0.4382590767050031
13604,YGL098W YJL207C,0.0,NA,0.004676626063883305,2850,17436,13605,0,0.48552713109675133,0.14049097900029578,1.0,0.5617087078380207,0.4382912921619793
13605,YGL012W YLL035W,0.0,NA,0.004676857031881809,2850,17435,13606,0,0.48555663745537164,0.1404979048558048,1.0,0.5616764923810444,0.43832350761895555
13606,YMR277W YDR420W,0.0,NA,0.004682064987719059,2850,17434,13607,0,0.4855861438139919,0.14050483139420233,1.0,0.5616442769240682,0.43835572307593185
13607,YJR001W YER162C,0.0,NA,0.004682271275669336,2850,17433,13608,0,0.4856156501726122,0.1405117586155894,1.0,0.5616120614670919,0.4383879385329081
13608,YDR483W YCR065W,0.0,NA,0.004684320650994778,2850,17432,13609,0,0.48564515653123247,0.14051868652006705,1.0,0.5615798460101157,0.4384201539898843
13609,YLR388W YNL001W,0.0,NA,0.004685548134148121,2850,17431,13610,0,0.4856746628898528,0.1405256151077363,1.0,0.5615476305531394,0.4384523694468606
13610,YOL162W YDR295C,0.0,NA,0.004688001237809658,2850,17430,13611,0,0.48570416924847304,0.14053254437869822,1.0,0.5615154150961631,0.43848458490383685
13611,YMR182C YGL040C,0.0,NA,0.004688773769885302,2850,17429,13612,0,0.48573367560709335,0.1405394743330539,1.0,0.5614831996391869,0.43851680036081314
13612,YNL156C YLR148W,0.0,NA,0.004696891643106937,2850,17428,13613,0,0.4857631819657136,0.14054640497090443,1.0,0.5614509841822106,0.4385490158177894
13613,YPR011C YPL126W,0.0,NA,0.004697977565228939,2850,17427,13614,0,0.4857926883243339,0.14055333629235095,1.0,0.5614187687252343,0.4385812312747656
13614,YNL149C YJL063C,0.0,NA,0.004701084457337856,2850,17426,13615,0,0.4858221946829542,0.14056026829749457,1.0,0.5613865532682581,0.4386134467317419
13615,YGR108W YNL164C,0.0,NA,0.004701867699623108,2850,17425,13616,0,0.48585170104157444,0.1405672009864365,1.0,0.5613543378112819,0.43864566218871814
13616,YLR362W YDL147W,0.0,NA,0.004705754108726978,2850,17424,13617,0,0.48588120740019475,0.1405741343592779,1.0,0.5613221223543056,0.4386778776456944
13617,YOR383C YOR021C,0.0,NA,0.004708530846983194,2850,17423,13618,0,0.485910713758815,0.14058106841611998,1.0,0.5612899068973294,0.4387100931026707
13618,YGR054W YKL058W,0.0,NA,0.00470976484939456,2850,17422,13619,0,0.4859402201174353,0.14058800315706393,1.0,0.5612576914403531,0.4387423085596469
13619,YOR377W YDL013W,0.0,NA,0.004712772089987993,2850,17421,13620,0,0.4859697264760556,0.14059493858221103,1.0,0.5612254759833768,0.4387745240166232
13620,YIL142W YDR385W,0.0,NA,0.004713905975222588,2850,17420,13621,0,0.4859992328346759,0.14060187469166255,1.0,0.5611932605264006,0.43880673947359944
13621,YDR450W YBR263W,0.0,NA,0.0047155641950666904,2850,17419,13622,0,0.48602873919329614,0.14060881148551976,1.0,0.5611610450694243,0.4388389549305757
13622,YEL022W tS(UGA)P,0.0,NA,0.004719540476799011,2850,17418,13623,0,0.48605824555191646,0.14061574896388396,1.0,0.561128829612448,0.43887117038755197
13623,YOR087W YKL101W,0.0,NA,0.004724049475044012,2850,17417,13624,0,0.4860877519105367,0.14062268712685647,1.0,0.5610966141554717,0.4389033858445282
13624,YHR092C YHR061C,0.0,NA,0.004728649742901325,2850,17416,13625,0,0.486117258269157,0.14062962597453862,1.0,0.5610643986984956,0.43893560130150444
13625,YGR041W YDR480W,0.0,NA,0.004729839041829109,2850,17415,13626,0,0.4861467646277773,0.14063656550703182,1.0,0.5610321832415193,0.43896781675848073
13626,YDR170W-A YDR434W,0.0,NA,0.0047309258952736855,2850,17414,13627,0,0.4861762709863976,0.14064350572443743,1.0,0.560999967784543,0.43900003221545697
13627,YMR136W YHR214C-C,0.0,NA,0.0047314963303506374,2850,17413,13628,0,0.48620577734501785,0.14065044662685683,1.0,0.5609677523275668,0.4390322476724332
13628,YKR046C YPR008W,0.0,NA,0.004735467955470085,2850,17412,13629,0,0.4862352837036381,0.14065738821439147,1.0,0.5609355368705905,0.4390644631294095
13629,YLR324W YKL103C,0.0,NA,0.004737616516649723,2850,17411,13630,0,0.4862647900622584,0.14066433048714277,1.0,0.5609033214136142,0.43909667858638574
13630,YHR107C YER168C,0.0,NA,0.004740162752568722,2850,17410,13631,0,0.4862942964208787,0.14067127344521224,1.0,0.560871105956638,0.43912889404336203
13631,YHR036W YER078C,0.0,NA,0.00474074762314558,2850,17409,13632,0,0.486323802779499,0.14067821708870132,1.0,0.5608388904996617,0.43916110950033826
13632,YJR066W YPL269W,0.0,NA,0.004745884332805872,2850,17408,13633,0,0.48635330913811925,0.14068516141771154,1.0,0.5608066750426854,0.4391933249573145
13633,YNL245C YLR393W,0.0,NA,0.004751937929540873,2850,17407,13634,0,0.48638281549673956,0.14069210643234437,1.0,0.5607744595857093,0.4392255404142908
13634,YCL054W YGL040C,0.0,NA,0.004753751214593649,2850,17406,13635,0,0.4864123218553598,0.14069905213270142,1.0,0.560742244128733,0.43925775587126703
13635,YLR251W YBR172C,0.0,NA,0.004759941250085831,2850,17405,13636,0,0.48644182821398013,0.14070599851888424,1.0,0.5607100286717567,0.43928997132824327
13636,YOR028C YJR036C,0.0,NA,0.004761463962495327,2850,17404,13637,0,0.4864713345726004,0.14071294559099437,1.0,0.5606778132147805,0.43932218678521956
13637,YML103C YER046W,0.0,NA,0.004763941280543804,2850,17403,13638,0,0.4865008409312207,0.14071989334913346,1.0,0.5606455977578042,0.4393544022421958
13638,YDR100W YKL210W,0.0,NA,0.004773056134581566,2850,17402,13639,0,0.48653034728984096,0.1407268417934031,1.0,0.5606133823008279,0.4393866176991721
13639,YHR139C YLR003C,0.0,NA,0.004773448221385479,2850,17401,13640,0,0.4865598536484612,0.140733790923905,1.0,0.5605811668438517,0.4394188331561483
13640,YDL235C YPL135W,0.0,NA,0.004775113891810179,2850,17400,13641,0,0.48658936000708153,0.14074074074074075,1.0,0.5605489513868754,0.43945104861312456
13641,YBL105C YHR129C,0.0,NA,0.0047790310345590115,2850,17399,13642,0,0.4866188663657018,0.14074769124401204,1.0,0.5605167359298991,0.43948326407010085
13642,YDR065W YML103C,0.0,NA,0.004779842682182789,2850,17398,13643,0,0.4866483727243221,0.14075464243382063,1.0,0.5604845204729229,0.4395154795270771
13643,YIL053W YML013W,0.0,NA,0.004784635733813047,2850,17397,13644,0,0.48667787908294236,0.1407615943102682,1.0,0.5604523050159467,0.4395476949840533
13644,YHR089C YOR090C,0.0,NA,0.004785158205777407,2850,17396,13645,0,0.48670738544156267,0.1407685468734565,1.0,0.5604200895589704,0.4395799104410296
13645,YKL218C YER023W,0.0,NA,0.004787461366504431,2850,17395,13646,0,0.4867368918001829,0.14077550012348727,1.0,0.5603878741019941,0.43961212589800586
13646,YLR100W YKL058W,0.0,NA,0.004790015984326601,2850,17394,13647,0,0.48676639815880324,0.14078245406046236,1.0,0.5603556586450179,0.4396443413549821
13647,YDR044W YGR283C,0.0,NA,0.004791639279574156,2850,17393,13648,0,0.4867959045174235,0.14078940868448353,1.0,0.5603234431880416,0.4396765568119584
13648,YLR448W YDR040C,0.0,NA,0.004799620248377323,2850,17392,13649,0,0.4868254108760438,0.1407963639956526,1.0,0.5602912277310653,0.4397087722689346
13649,YOL049W YNL062C,0.0,NA,0.004802684299647808,2850,17391,13650,0,0.48685491723466406,0.14080331999407145,1.0,0.5602590122740891,0.4397409877259109
13650,YLR157C-B YDR385W,0.0,NA,0.004804011434316635,2850,17390,13651,0,0.4868844235932844,0.1408102766798419,1.0,0.5602267968171128,0.43977320318288715
13651,YCR063W YLR003C,0.0,NA,0.004804731346666813,2850,17389,13652,0,0.48691392995190463,0.14081723405306587,1.0,0.5601945813601366,0.4398054186398634
13652,YDR363W YDL148C,0.0,NA,0.004805226344615221,2850,17388,13653,0,0.4869434363105249,0.14082419211384525,1.0,0.5601623659031604,0.4398376340968397
13653,YMR030W YLR079W,0.0,NA,0.004806560464203358,2850,17387,13654,0,0.4869729426691452,0.14083115086228196,1.0,0.5601301504461841,0.4398698495538159
13654,YLR227W-B YGL200C,0.0,NA,0.004809428472071886,2850,17386,13655,0,0.48700244902776546,0.14083811029847795,1.0,0.5600979349892078,0.43990206501079215
13655,YDR178W YPL084W,0.0,NA,0.004812590312212706,2850,17385,13656,0,0.4870319553863858,0.14084507042253522,1.0,0.5600657195322316,0.43993428046776845
13656,YDL052C YNL061W,0.0,NA,0.004813693929463625,2850,17384,13657,0,0.48706146174500603,0.1408520312345557,1.0,0.5600335040752553,0.4399664959247447
13657,YDR314C YML004C,0.0,NA,0.004813933279365301,2850,17383,13658,0,0.48709096810362634,0.14085899273464142,1.0,0.560001288618279,0.439998711381721
13658,tA(AGC)K2 YOL130W,0.0,NA,0.0048140548169612885,2850,17382,13659,0,0.4871204744622466,0.14086595492289442,1.0,0.5599690731613028,0.4400309268386972
13659,YBR166C YLR396C,0.0,NA,0.004815149120986462,2850,17381,13660,0,0.4871499808208669,0.14087291779941674,1.0,0.5599368577043266,0.44006314229567345
13660,YDR123C YNL261W,0.0,NA,0.004816026892513037,2850,17380,13661,0,0.48717948717948717,0.14087988136431043,1.0,0.5599046422473503,0.44009535775264974
13661,YMR070W YDL024C,0.0,NA,0.00482257641851902,2850,17379,13662,0,0.4872089935381075,0.1408868456176776,1.0,0.559872426790374,0.440127573209626
13662,YJR076C YPR121W,0.0,NA,0.004826003685593605,2850,17378,13663,0,0.48723849989672774,0.14089381055962033,1.0,0.5598402113333978,0.4401597886666022
13663,YAL062W YIR009W,0.0,NA,0.004838073626160622,2850,17377,13664,0,0.48726800625534805,0.14090077619024077,1.0,0.5598079958764215,0.4401920041235785
13664,YLR299W YMR017W,0.0,NA,0.00484180124476552,2850,17376,13665,0,0.4872975126139683,0.14090774250964105,1.0,0.5597757804194452,0.44022421958055474
13665,YGL175C YKR081C,0.0,NA,0.0048423525877296925,2850,17375,13666,0,0.48732701897258857,0.14091470951792337,1.0,0.559743564962469,0.440256435037531
13666,YCR063W YHR144C,0.0,NA,0.004844839684665203,2850,17374,13667,0,0.4873565253312089,0.14092167721518986,1.0,0.5597113495054927,0.44028865049450727
13667,YDR368W YDR009W,0.0,NA,0.004848827607929707,2850,17373,13668,0,0.48738603168982914,0.1409286456015428,1.0,0.5596791340485164,0.4403208659514835
13668,YCR093W YML063W,0.0,NA,0.004850001074373722,2850,17372,13669,0,0.48741553804844945,0.14093561467708438,1.0,0.5596469185915403,0.4403530814084598
13669,YJL204C YNL080C,0.0,NA,0.004851207137107849,2850,17371,13670,0,0.4874450444070697,0.14094258444191682,1.0,0.559614703134564,0.44038529686543604
13670,YAL053W YIR001C,0.0,NA,0.0048529040068387985,2850,17370,13671,0,0.48747455076569,0.14094955489614244,1.0,0.5595824876775877,0.4404175123224123
13671,YER083C YOL115W,0.0,NA,0.004854565020650625,2850,17369,13672,0,0.4875040571243103,0.1409565260398635,1.0,0.5595502722206115,0.44044972777938857
13672,Q0160 YBL037W,0.0,NA,0.004855270031839609,2850,17368,13673,0,0.4875335634829306,0.14096349787318233,1.0,0.5595180567636352,0.4404819432363648
13673,tG(GCC)E YPR010C,0.0,NA,0.004856057930737734,2850,17367,13674,0,0.48756306984155084,0.14097047039620123,1.0,0.5594858413066589,0.44051415869334104
13674,YER082C YDL159W,0.0,NA,0.004863820504397154,2850,17366,13675,0,0.48759257620017116,0.14097744360902256,1.0,0.5594536258496827,0.44054637415031733
13675,YLR421C YMR192W,0.0,NA,0.0048667266964912415,2850,17365,13676,0,0.4876220825587914,0.1409844175117487,1.0,0.5594214103927064,0.44057858960729357
13676,YJL097W YLR150W,0.0,NA,0.004867149516940117,2850,17364,13677,0,0.4876515889174117,0.14099139210448206,1.0,0.5593891949357301,0.44061080506426986
13677,YER044C YDR404C,0.0,NA,0.004874445963650942,2850,17363,13678,0,0.487681095276032,0.140998367387325,1.0,0.559356979478754,0.4406430205212461
13678,YLR389C YHR077C,0.0,NA,0.004875984508544207,2850,17362,13679,0,0.48771060163465224,0.14100534336037998,1.0,0.5593247640217777,0.44067523597822233
13679,YOR320C YBL091C,0.0,NA,0.004881596192717552,2850,17361,13680,0,0.48774010799327255,0.14101232002374944,1.0,0.5592925485648014,0.4407074514351986
13680,YBL011W YGR113W,0.0,NA,0.004881917964667082,2850,17360,13681,0,0.4877696143518928,0.14101929737753588,1.0,0.5592603331078251,0.44073966689217486
13681,YNL251C YDL080C,0.0,NA,0.004883328918367624,2850,17359,13682,0,0.4877991207105131,0.14102627542184176,1.0,0.5592281176508489,0.4407718823491511
13682,YNL264C YCL048W,0.0,NA,0.004885667935013771,2850,17358,13683,0,0.4878286270691334,0.1410332541567696,1.0,0.5591959021938726,0.4408040978061274
13683,YDL160C YBL072C,0.0,NA,0.004886961542069912,2850,17357,13684,0,0.4878581334277537,0.14104023358242193,1.0,0.5591636867368963,0.44083631326310363
13684,YER119C YGL203C,0.0,NA,0.0048891580663621426,2850,17356,13685,0,0.48788763978637395,0.14104721369890133,1.0,0.5591314712799201,0.4408685287200799
13685,YDR343C YJL198W,0.0,NA,0.004890657030045986,2850,17355,13686,0,0.48791714614499426,0.14105419450631032,1.0,0.5590992558229438,0.44090074417705616
13686,YGL070C YJL134W,0.0,NA,0.004893377423286438,2850,17354,13687,0,0.4879466525036145,0.14106117600475154,1.0,0.5590670403659675,0.4409329596340324
13687,YBL085W YHR113W,0.0,NA,0.004898081533610821,2850,17353,13688,0,0.48797615886223483,0.14106815819432758,1.0,0.5590348249089914,0.4409651750910087
13688,YPR055W YEL069C,0.0,NA,0.0048999665305018425,2850,17352,13689,0,0.4880056652208551,0.14107514107514108,1.0,0.5590026094520151,0.4409973905479849
13689,YBL084C YLR103C,0.0,NA,0.004901915788650513,2850,17351,13690,0,0.4880351715794754,0.1410821246472947,1.0,0.5589703939950388,0.44102960600496116
13690,YKR022C YMR220W,0.0,NA,0.004903318360447884,2850,17350,13691,0,0.48806467793809566,0.14108910891089108,1.0,0.5589381785380626,0.44106182146193745
13691,ALD1 YJR064W,0.0,NA,0.004907761700451374,2850,17349,13692,0,0.4880941842967159,0.14109609386603297,1.0,0.5589059630810863,0.4410940369189137
13692,YNL030W YCL014W,0.0,NA,0.004909695126116276,2850,17348,13693,0,0.48812369065533623,0.14110307951282305,1.0,0.55887374762411,0.4411262523758899
13693,YIL150C YMR081C,0.0,NA,0.004911999683827162,2850,17347,13694,0,0.4881531970139565,0.14111006585136407,1.0,0.5588415321671338,0.4411584678328662
13694,YGR145W YOL163W,0.0,NA,0.004912682343274355,2850,17346,13695,0,0.4881827033725768,0.14111705288175877,1.0,0.5588093167101575,0.44119068328984246
13695,YBR193C YNR054C,0.0,NA,0.0049249171279370785,2850,17345,13696,0,0.48821220973119706,0.14112404060410993,1.0,0.5587771012531813,0.44122289874681875
13696,YGL073W YPL135W,0.0,NA,0.004927773494273424,2850,17344,13697,0,0.48824171608981737,0.14113102901852034,1.0,0.5587448857962051,0.441255114203795
13697,YMR226C YDR143C,0.0,NA,0.004929789341986179,2850,17343,13698,0,0.4882712224484376,0.14113801812509286,1.0,0.5587126703392288,0.4412873296607712
13698,YKL006C-A YMR078C,0.0,NA,0.004934423137456179,2850,17342,13699,0,0.48830072880705794,0.14114500792393028,1.0,0.5586804548822525,0.4413195451177475
13699,YBR101C YDR379W,0.0,NA,0.0049359542317688465,2850,17341,13700,0,0.4883302351656782,0.14115199841513545,1.0,0.5586482394252762,0.44135176057472375
13700,YDR005C YOR190W,0.0,NA,0.004940919578075409,2850,17340,13701,0,0.4883597415242985,0.1411589895988113,1.0,0.5586160239683,0.4413839760317
13701,YGR023W YLR007W,0.0,NA,0.004941132850944996,2850,17339,13702,0,0.48838924788291876,0.14116598147506068,1.0,0.5585838085113237,0.4414161914886763
13702,YNL189W YOR288C,0.0,NA,0.004942863713949919,2850,17338,13703,0,0.4884187542415391,0.14117297404398652,1.0,0.5585515930543474,0.4414484069456525
13703,YDR098C YHR133C,0.0,NA,0.004942882340401411,2850,17337,13704,0,0.48844826060015933,0.1411799673056918,1.0,0.5585193775973712,0.4414806224026288
13704,YFR048W YLR273C,0.0,NA,0.004943986888974905,2850,17336,13705,0,0.4884777669587796,0.1411869612602794,1.0,0.558487162140395,0.44151283785960505
13705,YNL297C YPL157W,0.0,NA,0.00494877016171813,2850,17335,13706,0,0.4885072733173999,0.14119395590785236,1.0,0.5584549466834187,0.4415450533165813
13706,YDL145C YNL322C,0.0,NA,0.004950106143951416,2850,17334,13707,0,0.48853677967602016,0.14120095124851367,1.0,0.5584227312264425,0.4415772687735576
13707,YKL130C YJR063W,0.0,NA,0.004950930830091238,2850,17333,13708,0,0.4885662860346405,0.14120794728236635,1.0,0.5583905157694662,0.4416094842305338
13708,YML011C YDL042C,0.0,NA,0.004953156225383282,2850,17332,13709,0,0.48859579239326073,0.14121494400951343,1.0,0.5583583003124899,0.44164169968751005
13709,YDL088C YBR167C,0.0,NA,0.0049531604163348675,2850,17331,13710,0,0.48862529875188104,0.14122194143005798,1.0,0.5583260848555137,0.44167391514448634
13710,YDL142C YCL044C,0.0,NA,0.0049558356404304504,2850,17330,13711,0,0.4886548051105013,0.14122893954410307,1.0,0.5582938693985374,0.4417061306014626
13711,YBR018C YDL197C,0.0,NA,0.004958601668477058,2850,17329,13712,0,0.4886843114691216,0.14123593835175183,1.0,0.5582616539415611,0.4417383460584388
13712,YOL028C YNL004W,0.0,NA,0.004961670842021704,2850,17328,13713,0,0.48871381782774187,0.14124293785310735,1.0,0.558229438484585,0.4417705615154151
13713,YJR066W YKL159C,0.0,NA,0.004964206833392382,2850,17327,13714,0,0.4887433241863622,0.1412499380482728,1.0,0.5581972230276087,0.44180277697239134
13714,YMR306W YER146W,0.0,NA,0.004967328626662493,2850,17326,13715,0,0.48877283054498244,0.1412569389373513,1.0,0.5581650075706324,0.44183499242936763
13715,YHR079C-A YAL023C,0.0,NA,0.004969167057424784,2850,17325,13716,0,0.48880233690360275,0.1412639405204461,1.0,0.5581327921136562,0.44186720788634387
13716,YOR016C YDR331W,0.0,NA,0.0049720751121640205,2850,17324,13717,0,0.488831843262223,0.14127094279766036,1.0,0.5581005766566799,0.4418994233433201
13717,YLR086W YBL093C,0.0,NA,0.004977978765964508,2850,17323,13718,0,0.48886134962084327,0.1412779457690973,1.0,0.5580683611997036,0.4419316388002964
13718,YDR536W YKR035W-A,0.0,NA,0.004979330115020275,2850,17322,13719,0,0.4888908559794636,0.1412849494348602,1.0,0.5580361457427273,0.44196385425727264
13719,YML015C YDR213W,0.0,NA,0.004995752591639757,2850,17321,13720,0,0.48892036233808384,0.1412919537950523,1.0,0.5580039302857511,0.4419960697142489
13720,YKL014C YBL079W,0.0,NA,0.004998751915991306,2850,17320,13721,0,0.48894986869670415,0.1412989588497769,1.0,0.5579717148287748,0.44202828517122517
13721,YLR262C-A YEL064C,0.0,NA,0.005012883339077234,2850,17319,13722,0,0.4889793750553244,0.1413059645991373,1.0,0.5579394993717985,0.4420605006282014
13722,YKR080W YBR129C,0.0,NA,0.005013061687350273,2850,17318,13723,0,0.4890088814139447,0.1413129710432368,1.0,0.5579072839148224,0.4420927160851777
13723,YER044C YOR371C,0.0,NA,0.005017049144953489,2850,17317,13724,0,0.489038387772565,0.1413199781821788,1.0,0.5578750684578461,0.44212493154215393
13724,YDL124W YBR181C,0.0,NA,0.005018441937863827,2850,17316,13725,0,0.4890678941311853,0.14132698601606664,1.0,0.5578428530008698,0.44215714699913017
13725,YLR227W-B YPR132W,0.0,NA,0.005022610537707806,2850,17315,13726,0,0.48909740048980554,0.14133399454500373,1.0,0.5578106375438936,0.44218936245610646
13726,YOR356W YHR134W,0.0,NA,0.0050241523422300816,2850,17314,13727,0,0.48912690684842586,0.14134100376909342,1.0,0.5577784220869173,0.4422215779130827
13727,YBR029C tL(GAG)G,0.0,NA,0.0050249346531927586,2850,17313,13728,0,0.4891564132070461,0.14134801368843922,1.0,0.557746206629941,0.44225379337005893
13728,YNL231C YIL149C,0.0,NA,0.005032788962125778,2850,17312,13729,0,0.4891859195656664,0.14135502430314453,1.0,0.5577139911729648,0.4422860088270352
13729,YOR198C YHR004C,0.0,NA,0.005034273955971003,2850,17311,13730,0,0.4892154259242867,0.14136203561331284,1.0,0.5576817757159885,0.44231822428401146
13730,YGL076C YCL035C,0.0,NA,0.005035908427089453,2850,17310,13731,0,0.48924493228290694,0.14136904761904762,1.0,0.5576495602590122,0.4423504397409877
13731,YJL100W YGR148C,0.0,NA,0.005037028808146715,2850,17309,13732,0,0.48927443864152725,0.1413760603204524,1.0,0.5576173448020361,0.442382655197964
13732,YGL251C YNL312W,0.0,NA,0.005039835348725319,2850,17308,13733,0,0.4893039450001475,0.14138307371763073,1.0,0.5575851293450598,0.44241487065494023
13733,YLR410W-B YGR140W,0.0,NA,0.0050452896393835545,2850,17307,13734,0,0.4893334513587678,0.14139008781068613,1.0,0.5575529138880835,0.4424470861119165
13734,YML031W YDL081C,0.0,NA,0.0050496263429522514,2850,17306,13735,0,0.4893629577173881,0.14139710259972216,1.0,0.5575206984311073,0.44247930156889276
13735,YER172C snR43,0.0,NA,0.0050500002689659595,2850,17305,13736,0,0.4893924640760084,0.14140411808484246,1.0,0.557488482974131,0.442511517025869
13736,YMR032W YDR238C,0.0,NA,0.0050550601445138454,2850,17304,13737,0,0.48942197043462865,0.14141113426615065,1.0,0.5574562675171547,0.4425437324828453
13737,YNL097C YPR186C,0.0,NA,0.00505552813410759,2850,17303,13738,0,0.48945147679324896,0.1414181511437503,1.0,0.5574240520601784,0.4425759479398215
13738,YHR001W-A YHR203C,0.0,NA,0.005056091584265232,2850,17302,13739,0,0.4894809831518692,0.14142516871774513,1.0,0.5573918366032022,0.44260816339679776
13739,YDR210C-D YBR084W,0.0,NA,0.005056672263890505,2850,17301,13740,0,0.48951048951048953,0.14143218698823878,1.0,0.557359621146226,0.44264037885377405
13740,YGR272C YBR258C,0.0,NA,0.005061234813183546,2850,17300,13741,0,0.4895399958691098,0.141439205955335,1.0,0.5573274056892497,0.4426725943107503
13741,YMR013C YDL108W,0.0,NA,0.005064868833869696,2850,17299,13742,0,0.4895695022277301,0.14144622561913742,1.0,0.5572951902322735,0.4427048097677266
13742,YKL002W YLR214W,0.0,NA,0.005067392718046904,2850,17298,13743,0,0.48959900858635036,0.14145324597974984,1.0,0.5572629747752972,0.4427370252247028
13743,YNL046W YML123C,0.0,NA,0.005070732906460762,2850,17297,13744,0,0.4896285149449706,0.14146026703727602,1.0,0.5572307593183209,0.44276924068167905
13744,YNL149C YOR266W,0.0,NA,0.005070855841040611,2850,17296,13745,0,0.48965802130359093,0.14146728879181972,1.0,0.5571985438613447,0.44280145613865535
13745,YKR085C YLR304C,0.0,NA,0.005071127787232399,2850,17295,13746,0,0.4896875276622112,0.14147431124348472,1.0,0.5571663284043684,0.4428336715956316
13746,YNL289W YPL149W,0.0,NA,0.0050716521218419075,2850,17294,13747,0,0.4897170340208315,0.1414813343923749,1.0,0.5571341129473921,0.4428658870526078
13747,YLR205C YEL024W,0.0,NA,0.005071817897260189,2850,17293,13748,0,0.48974654037945176,0.14148835823859404,1.0,0.5571018974904159,0.4428981025095841
13748,YER013W YBL058W,0.0,NA,0.005073996260762215,2850,17292,13749,0,0.48977604673807207,0.14149538278224605,1.0,0.5570696820334397,0.44293031796656035
13749,YNL078W YIL144W,0.0,NA,0.005077518988400698,2850,17291,13750,0,0.4898055530966923,0.14150240802343478,1.0,0.5570374665764634,0.4429625334235366
13750,YHR186C YDL105W,0.0,NA,0.005079935770481825,2850,17290,13751,0,0.48983505945531264,0.14150943396226415,1.0,0.5570052511194872,0.4429947488805129
13751,YAL024C YIL150C,0.0,NA,0.005082561168819666,2850,17289,13752,0,0.4898645658139329,0.14151646059883807,1.0,0.5569730356625109,0.4430269643374891
13752,YHR020W YPL088W,0.0,NA,0.005084388889372349,2850,17288,13753,0,0.4898940721725532,0.1415234879332605,1.0,0.5569408202055346,0.4430591797944654
13753,YLR229C YGL054C,0.0,NA,0.0050904033705592155,2850,17287,13754,0,0.48992357853117346,0.1415305159656354,1.0,0.5569086047485584,0.44309139525144164
13754,YPL147W YLR024C,0.0,NA,0.005091255996376276,2850,17286,13755,0,0.4899530848897938,0.14153754469606675,1.0,0.5568763892915821,0.4431236107084179
13755,YER014C-A YOR361C,0.0,NA,0.005091352853924036,2850,17285,13756,0,0.48998259124841403,0.14154457412465857,1.0,0.5568441738346058,0.4431558261653942
13756,YGR244C YKL092C,0.0,NA,0.005091386381536722,2850,17284,13757,0,0.4900120976070343,0.14155160425151486,1.0,0.5568119583776295,0.4431880416223704
13757,YML022W YBR176W,0.0,NA,0.005092289764434099,2850,17283,13758,0,0.4900416039656546,0.1415586350767397,1.0,0.5567797429206534,0.44322025707934665
13758,YDR191W YEL046C,0.0,NA,0.005099854897707701,2850,17282,13759,0,0.49007111032427486,0.14156566660043712,1.0,0.5567475274636771,0.44325247253632294
13759,YGR254W YLR029C,0.0,NA,0.0051041096448898315,2850,17281,13760,0,0.4901006166828952,0.14157269882271123,1.0,0.5567153120067008,0.4432846879932992
13760,YEL061C YNL016W,0.0,NA,0.0051068756729364395,2850,17280,13761,0,0.49013012304151543,0.14157973174366617,1.0,0.5566830965497246,0.44331690345027547
13761,YLR423C YLR005W,0.0,NA,0.005108135752379894,2850,17279,13762,0,0.49015962940013574,0.14158676536340603,1.0,0.5566508810927483,0.4433491189072517
13762,YER122C YLL043W,0.0,NA,0.0051115755923092365,2850,17278,13763,0,0.490189135758756,0.14159379968203498,1.0,0.556618665635772,0.44338133436422794
13763,YPL020C YOR249C,0.0,NA,0.005116238258779049,2850,17277,13764,0,0.4902186421173763,0.14160083469965717,1.0,0.5565864501787958,0.44341354982120423
13764,YGL234W YIL073C,0.0,NA,0.005116473417729139,2850,17276,13765,0,0.49024814847599657,0.14160787041637682,1.0,0.5565542347218195,0.44344576527818047
13765,YGR234W YPR069C,0.0,NA,0.005116806365549564,2850,17275,13766,0,0.4902776548346169,0.14161490683229813,1.0,0.5565220192648432,0.4434779807351567
13766,YOR180C YBL005W-B,0.0,NA,0.005118716973811388,2850,17274,13767,0,0.49030716119323714,0.14162194394752534,1.0,0.5564898038078671,0.443510196192133
13767,YOR375C YGL171W,0.0,NA,0.00512225367128849,2850,17273,13768,0,0.49033666755185745,0.1416289817621627,1.0,0.5564575883508908,0.44354241164910924
13768,YER013W YLR373C,0.0,NA,0.005122401751577854,2850,17272,13769,0,0.4903661739104777,0.14163602027631447,1.0,0.5564253728939145,0.4435746271060855
13769,YNL097C YDR146C,0.0,NA,0.005123028997331858,2850,17271,13770,0,0.49039568026909797,0.141643059490085,1.0,0.5563931574369383,0.44360684256306177
13770,YKR059W YHR113W,0.0,NA,0.005126848351210356,2850,17270,13771,0,0.4904251866277183,0.14165009940357853,1.0,0.556360941979962,0.443639058020038
13771,YOR301W YIL128W,0.0,NA,0.005129563622176647,2850,17269,13772,0,0.49045469298633854,0.14165714001689944,1.0,0.5563287265229857,0.4436712734770143
13772,YPR040W YEL064C,0.0,NA,0.00513141043484211,2850,17268,13773,0,0.49048419934495885,0.1416641813301521,1.0,0.5562965110660095,0.44370348893399053
13773,YKL005C YGL051W,0.0,NA,0.005136893130838871,2850,17267,13774,0,0.4905137057035791,0.14167122334344087,1.0,0.5562642956090332,0.44373570439096677
13774,YGL173C YKR103W,0.0,NA,0.005139511078596115,2850,17266,13775,0,0.4905432120621994,0.14167826605687014,1.0,0.5562320801520569,0.44376791984794306
13775,tS(AGA)M YPL023C,0.0,NA,0.005141986533999443,2850,17265,13776,0,0.4905727184208197,0.14168530947054436,1.0,0.5561998646950806,0.4438001353049193
13776,YEL017C-A YJL129C,0.0,NA,0.0051432279869914055,2850,17264,13777,0,0.49060222477944,0.14169235358456797,1.0,0.5561676492381045,0.44383235076189553
13777,YPL094C YEL054C,0.0,NA,0.0051462468691170216,2850,17263,13778,0,0.49063173113806025,0.14169939839904538,1.0,0.5561354337811282,0.4438645662188718
13778,YLR409C YHR214C-B,0.0,NA,0.005147565621882677,2850,17262,13779,0,0.49066123749668056,0.14170644391408116,1.0,0.5561032183241519,0.44389678167584806
13779,YJR003C YNL247W,0.0,NA,0.00514778820797801,2850,17261,13780,0,0.4906907438553008,0.1417134901297797,1.0,0.5560710028671757,0.44392899713282435
13780,BLM3 YGR013W,0.0,NA,0.0051481714472174644,2850,17260,13781,0,0.4907202502139211,0.14172053704624565,1.0,0.5560387874101994,0.4439612125898006
13781,YKL058W YLR011W,0.0,NA,0.005154911428689957,2850,17259,13782,0,0.4907497565725414,0.14172758466358348,1.0,0.5560065719532231,0.44399342804677683
13782,YDL236W YLR324W,0.0,NA,0.005154964979737997,2850,17258,13783,0,0.49077926293116164,0.14173463298189776,1.0,0.5559743564962469,0.4440256435037531
13783,YPR011C YKL116C,0.0,NA,0.005160666070878506,2850,17257,13784,0,0.49080876928978195,0.14174168200129308,1.0,0.5559421410392706,0.44405785896072936
13784,YDL052C YDR037W,0.0,NA,0.005161581560969353,2850,17256,13785,0,0.4908382756484022,0.14174873172187408,1.0,0.5559099255822944,0.4440900744177056
13785,YPL252C YCL029C,0.0,NA,0.005163778550922871,2850,17255,13786,0,0.4908677820070225,0.14175578214374535,1.0,0.5558777101253182,0.4441222898746819
13786,YJL128C YGR087C,0.0,NA,0.005163854453712702,2850,17254,13787,0,0.4908972883656428,0.14176283326701153,1.0,0.5558454946683419,0.4441545053316581
13787,YHR205W YAL047C,0.0,NA,0.005164476577192545,2850,17253,13788,0,0.4909267947242631,0.14176988509177735,1.0,0.5558132792113656,0.44418672078863436
13788,YCR024C YHR004C,0.0,NA,0.005164959467947483,2850,17252,13789,0,0.49095630108288335,0.14177693761814744,1.0,0.5557810637543894,0.44421893624561065
13789,YPR158W-B YLR034C,0.0,NA,0.005168956704437733,2850,17251,13790,0,0.49098580744150366,0.14178399084622656,1.0,0.5557488482974131,0.4442511517025869
13790,YPR179C YMR106C,0.0,NA,0.005170644260942936,2850,17250,13791,0,0.4910153138001239,0.1417910447761194,1.0,0.5557166328404368,0.4442833671595632
13791,YDR052C YDR490C,0.0,NA,0.00517142191529274,2850,17249,13792,0,0.49104482015874423,0.14179809940793076,1.0,0.5556844173834606,0.4443155826165394
13792,YDR369C YIL053W,0.0,NA,0.005172859877347946,2850,17248,13793,0,0.4910743265173645,0.14180515474176536,1.0,0.5556522019264843,0.44434779807351565
13793,YPL005W YIL039W,0.0,NA,0.005174543242901564,2850,17247,13794,0,0.49110383287598475,0.14181221077772801,1.0,0.555619986469508,0.44438001353049195
13794,YFL034C-A YOR361C,0.0,NA,0.0051766568794846535,2850,17246,13795,0,0.49113333923460506,0.14181926751592358,1.0,0.5555877710125318,0.4444122289874682
13795,YNR034W YCL037C,0.0,NA,0.005176880396902561,2850,17245,13796,0,0.4911628455932253,0.14182632495645683,1.0,0.5555555555555556,0.4444444444444444
13796,YLR426W YIL009C-A,0.0,NA,0.005179253406822681,2850,17244,13797,0,0.49119235195184563,0.14183338309943266,1.0,0.5555233400985793,0.4444766599014207
13797,YLR133W YDR178W,0.0,NA,0.005184110254049301,2850,17243,13798,0,0.4912218583104659,0.14184044194495596,1.0,0.555491124641603,0.44450887535839695
13798,YLR191W YLR007W,0.0,NA,0.005188450217247009,2850,17242,13799,0,0.4912513646690862,0.1418475014931316,1.0,0.5554589091846268,0.44454109081537324
13799,YLR452C YLR432W,0.0,NA,0.005188885610550642,2850,17241,13800,0,0.49128087102770646,0.1418545617440645,1.0,0.5554266937276505,0.4445733062723495
13800,YBL005W YEL064C,0.0,NA,0.005190931726247072,2850,17240,13801,0,0.49131037738632677,0.14186162269785962,1.0,0.5553944782706742,0.4446055217293257
13801,YOR245C YLR436C,0.0,NA,0.005191744305193424,2850,17239,13802,0,0.491339883744947,0.14186868435462194,1.0,0.555362262813698,0.444637737186302
13802,YMR100W YDR411C,0.0,NA,0.005191998090595007,2850,17238,13803,0,0.49136939010356734,0.14187574671445638,1.0,0.5553300473567218,0.44466995264327824
13803,YIL044C YBR016W,0.0,NA,0.00519605865702033,2850,17237,13804,0,0.4913988964621876,0.141882809777468,1.0,0.5552978318997455,0.4447021681002545
13804,YGR161C-D YER131W,0.0,NA,0.0051981438882648945,2850,17236,13805,0,0.4914284028208079,0.1418898735437618,1.0,0.5552656164427693,0.4447343835572308
13805,YHR186C YPR192W,0.0,NA,0.005198284517973661,2850,17235,13806,0,0.49145790917942817,0.14189693801344286,1.0,0.555233400985793,0.444766599014207
13806,YDR013W YOR212W,0.0,NA,0.0051994314417243,2850,17234,13807,0,0.4914874155380484,0.14190400318661622,1.0,0.5552011855288167,0.4447988144711833
13807,YOR064C YKL127W,0.0,NA,0.005204391200095415,2850,17233,13808,0,0.49151692189666873,0.14191106906338694,1.0,0.5551689700718405,0.44483102992815954
13808,YIL073C YJR106W,0.0,NA,0.005205102264881134,2850,17232,13809,0,0.491546428255289,0.14191813564386016,1.0,0.5551367546148642,0.4448632453851358
13809,YBR126C snR52,0.0,NA,0.005206603556871414,2850,17231,13810,0,0.4915759346139093,0.14192520292814104,1.0,0.5551045391578879,0.44489546084211207
13810,YBR249C YHL002W,0.0,NA,0.0052079916931688786,2850,17230,13811,0,0.49160544097252956,0.14193227091633467,1.0,0.5550723237009118,0.4449276762990883
13811,YER170W YPL085W,0.0,NA,0.005208070855587721,2850,17229,13812,0,0.4916349473311499,0.14193933960854624,1.0,0.5550401082439355,0.44495989175606454
13812,YKL006W YBR103W,0.0,NA,0.005213167518377304,2850,17228,13813,0,0.49166445368977013,0.14194640900488095,1.0,0.5550078927869592,0.44499210721304083
13813,YDL246C YLR148W,0.0,NA,0.005213637370616198,2850,17227,13814,0,0.49169396004839044,0.14195347910544404,1.0,0.5549756773299829,0.44502432267001707
13814,YLR299W YJR127C,0.0,NA,0.005219093058258295,2850,17226,13815,0,0.4917234664070107,0.1419605499103407,1.0,0.5549434618730067,0.4450565381269933
13815,YDL111C YDR252W,0.0,NA,0.005219350568950176,2850,17225,13816,0,0.491752972765631,0.14196762141967623,1.0,0.5549112464160304,0.4450887535839696
13816,YKR056W YLR194C,0.0,NA,0.0052208490669727325,2850,17224,13817,0,0.49178247912425127,0.14197469363355583,1.0,0.5548790309590541,0.44512096904094584
13817,YDR422C YAL041W,0.0,NA,0.005226235371083021,2850,17223,13818,0,0.4918119854828716,0.1419817665520849,1.0,0.5548468155020779,0.4451531844979221
13818,YPL005W YER183C,0.0,NA,0.005227326415479183,2850,17222,13819,0,0.49184149184149184,0.14198884017536867,1.0,0.5548146000451016,0.44518539995489836
13819,YDL052C YAL051W,0.0,NA,0.005230783950537443,2850,17221,13820,0,0.4918709982001121,0.14199591450351254,1.0,0.5547823845881253,0.4452176154118746
13820,YOR322C YGL097W,0.0,NA,0.005240795202553272,2850,17220,13821,0,0.4919005045587324,0.14200298953662183,1.0,0.5547501691311492,0.4452498308688509
13821,YIL019W YMR073C,0.0,NA,0.005242326762527227,2850,17219,13822,0,0.49193001091735267,0.14201006527480192,1.0,0.5547179536741729,0.44528204632582713
13822,YHL028W YDL167C,0.0,NA,0.005244851112365723,2850,17218,13823,0,0.491959517275973,0.14201714171815827,1.0,0.5546857382171966,0.44531426178280337
13823,YCL059C YLR385C,0.0,NA,0.005247899331152439,2850,17217,13824,0,0.49198902363459324,0.14202421886679623,1.0,0.5546535227602204,0.44534647723977966
13824,YLR165C YBR265W,0.0,NA,0.005250962451100349,2850,17216,13825,0,0.49201852999321355,0.1420312967208213,1.0,0.5546213073032441,0.4453786926967559
13825,YDL065C YMR309C,0.0,NA,0.005261950194835663,2850,17215,13826,0,0.4920480363518338,0.14203837528033889,1.0,0.5545890918462678,0.4454109081537322
13826,YML066C YDL195W,0.0,NA,0.005264189559966326,2850,17214,13827,0,0.4920775427104541,0.14204545454545456,1.0,0.5545568763892916,0.4454431236107084
13827,YOR216C YBR030W,0.0,NA,0.005268383771181107,2850,17213,13828,0,0.4921070490690744,0.14205253451627373,1.0,0.5545246609323153,0.44547533906768466
13828,YNR020C YPL174C,0.0,NA,0.005268558394163847,2850,17212,13829,0,0.4921365554276947,0.142059615192902,1.0,0.554492445475339,0.44550755452466095
13829,YPL242C YER179W,0.0,NA,0.005269128363579512,2850,17211,13830,0,0.49216606178631495,0.1420666965754449,1.0,0.5544602300183629,0.4455397699816372
13830,YHR058C YJR090C,0.0,NA,0.005270462948828936,2850,17210,13831,0,0.49219556814493526,0.14207377866400797,1.0,0.5544280145613866,0.4455719854386134
13831,YDR315C YLR385C,0.0,NA,0.005277842748910189,2850,17209,13832,0,0.4922250745035555,0.14208086145869683,1.0,0.5543957991044103,0.4456042008955897
13832,YCR066W YDL101C,0.0,NA,0.0052794707007706165,2850,17208,13833,0,0.4922545808621758,0.1420879449596171,1.0,0.554363583647434,0.44563641635256596
13833,YKL041W YJL168C,0.0,NA,0.005279640667140484,2850,17207,13834,0,0.4922840872207961,0.14209502916687441,1.0,0.5543313681904578,0.4456686318095422
13834,YLR285W YIL073C,0.0,NA,0.005281183868646622,2850,17206,13835,0,0.49231359357941634,0.14210211408057438,1.0,0.5542991527334815,0.4457008472665185
13835,YNL130C YIL117C,0.0,NA,0.005281524267047644,2850,17205,13836,0,0.49234309993803665,0.14210919970082272,1.0,0.5542669372765052,0.4457330627234947
13836,tS(AGA)D1 YOL147C,0.0,NA,0.0052824863232672215,2850,17204,13837,0,0.4923726062966569,0.14211628602772514,1.0,0.554234721819529,0.445765278180471
13837,YDL033C YEL069C,0.0,NA,0.00529097206890583,2850,17203,13838,0,0.4924021126552772,0.14212337306138734,1.0,0.5542025063625527,0.44579749363744725
13838,YLR127C YJR156C,0.0,NA,0.005293951835483313,2850,17202,13839,0,0.4924316190138975,0.14213046080191502,1.0,0.5541702909055765,0.4458297090944235
13839,YLR287C-A YGL216W,0.0,NA,0.005294220522046089,2850,17201,13840,0,0.4924611253725178,0.142137549249414,1.0,0.5541380754486003,0.4458619245513998
13840,YBR256C YGL161C,0.0,NA,0.005294617265462875,2850,17200,13841,0,0.49249063173113805,0.14214463840399003,1.0,0.554105859991624,0.445894140008376
13841,YER190W YER012W,0.0,NA,0.00529490364715457,2850,17199,13842,0,0.49252013808975836,0.14215172826574893,1.0,0.5540736445346477,0.44592635546535225
13842,YHR001W YDR146C,0.0,NA,0.005296400282531977,2850,17198,13843,0,0.4925496444483786,0.1421588188347965,1.0,0.5540414290776715,0.44595857092232855
13843,YMR165C YKL079W,0.0,NA,0.005296583753079176,2850,17197,13844,0,0.49257915080699893,0.14216591011123858,1.0,0.5540092136206952,0.4459907863793048
13844,YDL045C YJR091C,0.0,NA,0.00530663225799799,2850,17196,13845,0,0.4926086571656192,0.14217300209518108,1.0,0.5539769981637189,0.4460230018362811
13845,YLR189C YKL184W,0.0,NA,0.005312225315719843,2850,17195,13846,0,0.49263816352423945,0.14218009478672985,1.0,0.5539447827067427,0.4460552172932573
13846,YML115C YGL150C,0.0,NA,0.005318739917129278,2850,17194,13847,0,0.49266766988285976,0.14218718818599083,1.0,0.5539125672497665,0.44608743275023355
13847,YNL072W YNL222W,0.0,NA,0.005319441203027964,2850,17193,13848,0,0.49269717624148,0.1421942822930699,1.0,0.5538803517927902,0.44611964820720984
13848,YNL189W YLR078C,0.0,NA,0.005326010286808014,2850,17192,13849,0,0.49272668260010033,0.14220137710807304,1.0,0.553848136335814,0.4461518636641861
13849,YKR028W YBR210W,0.0,NA,0.005328120198100805,2850,17191,13850,0,0.4927561889587206,0.14220847263110623,1.0,0.5538159208788377,0.4461840791211623
13850,YGR157W YMR229C,0.0,NA,0.00532953767105937,2850,17190,13851,0,0.4927856953173409,0.14221556886227546,1.0,0.5537837054218614,0.4462162945781386
13851,YHR160C YIR021W,0.0,NA,0.005334117915481329,2850,17189,13852,0,0.49281520167596116,0.14222266580168672,1.0,0.5537514899648851,0.44624851003511484
13852,YGR105W YGR024C,0.0,NA,0.005334299523383379,2850,17188,13853,0,0.49284470803458147,0.14222976344944604,1.0,0.5537192745079089,0.4462807254920911
13853,YLR227W-B YKR094C,0.0,NA,0.005334542598575354,2850,17187,13854,0,0.4928742143932017,0.14223686180565953,1.0,0.5536870590509326,0.44631294094906737
13854,YLR227W-A YPR066W,0.0,NA,0.005334542598575354,2850,17186,13855,0,0.49290372075182204,0.14224396087043323,1.0,0.5536548435939563,0.4463451564060436
13855,YDL246C YDR487C,0.0,NA,0.005337455775588751,2850,17185,13856,0,0.4929332271104423,0.14225106064387322,1.0,0.5536226281369802,0.4463773718630199
13856,YIL009W YAL068C,0.0,NA,0.005338526796549559,2850,17184,13857,0,0.4929627334690626,0.14225816112608566,1.0,0.5535904126800039,0.44640958731999614
13857,YNL117W YPR105C,0.0,NA,0.0053408644162118435,2850,17183,13858,0,0.49299223982768287,0.14226526231717665,1.0,0.5535581972230276,0.4464418027769724
13858,YMR028W YPL085W,0.0,NA,0.00534255662932992,2850,17182,13859,0,0.4930217461863031,0.1422723642172524,1.0,0.5535259817660514,0.44647401823394867
13859,YJL060W YER098W,0.0,NA,0.005342807620763779,2850,17181,13860,0,0.49305125254492344,0.14227946682641904,1.0,0.5534937663090751,0.4465062336909249
13860,YGL229C YIR019C,0.0,NA,0.005345456302165985,2850,17180,13861,0,0.4930807589035437,0.14228657014478283,1.0,0.5534615508520988,0.44653844914790114
13861,YLR448W YNL221C,0.0,NA,0.005345930345356464,2850,17179,13862,0,0.493110265262164,0.14229367417244995,1.0,0.5534293353951226,0.44657066460487743
13862,YOR142W-B YOL040C,0.0,NA,0.005346569232642651,2850,17178,13863,0,0.49313977162078426,0.14230077890952667,1.0,0.5533971199381463,0.44660288006185367
13863,YCR019W YBR021W,0.0,NA,0.005351843778043985,2850,17177,13864,0,0.4931692779794046,0.14230788435611924,1.0,0.55336490448117,0.44663509551882996
13864,YLR303W YER082C,0.0,NA,0.0053548552095890045,2850,17176,13865,0,0.49319878433802483,0.14231499051233396,1.0,0.5533326890241939,0.4466673109758062
13865,YLR150W YPR111W,0.0,NA,0.005355632398277521,2850,17175,13866,0,0.49322829069664514,0.14232209737827714,1.0,0.5533004735672176,0.44669952643278243
13866,YDR164C YER110C,0.0,NA,0.005360069219022989,2850,17174,13867,0,0.4932577970552654,0.14232920495405513,1.0,0.5532682581102413,0.4467317418897587
13867,YLR119W YNR064C,0.0,NA,0.005362845957279205,2850,17173,13868,0,0.4932873034138857,0.14233631323977425,1.0,0.553236042653265,0.44676395734673496
13868,YMR271C YER137C-A,0.0,NA,0.005367683246731758,2850,17172,13869,0,0.49331680977250597,0.14234342223554092,1.0,0.5532038271962888,0.4467961728037112
13869,YAL059W YNL044W,0.0,NA,0.005368729587644339,2850,17171,13870,0,0.4933463161311263,0.14235053194146147,1.0,0.5531716117393125,0.4468283882606875
13870,YPL257W-A YHL033C,0.0,NA,0.005370705854147673,2850,17170,13871,0,0.49337582248974654,0.14235764235764237,1.0,0.5531393962823362,0.44686060371766373
13871,YNL183C YOR323C,0.0,NA,0.005371169187128544,2850,17169,13872,0,0.4934053288483668,0.14236475348419003,1.0,0.55310718082536,0.44689281917463997
13872,YDR236C YOL147C,0.0,NA,0.005374392960220575,2850,17168,13873,0,0.4934348352069871,0.1423718653212109,1.0,0.5530749653683837,0.44692503463161626
13873,YMR043W YLR082C,0.0,NA,0.00537508400157094,2850,17167,13874,0,0.49346434156560737,0.1423789778688115,1.0,0.5530427499114074,0.4469572500885925
13874,YKR094C YPL088W,0.0,NA,0.005375532433390617,2850,17166,13875,0,0.4934938479242277,0.14238609112709832,1.0,0.5530105344544313,0.4469894655455688
13875,YEL018W YER179W,0.0,NA,0.0053796181455254555,2850,17165,13876,0,0.49352335428284794,0.14239320509617787,1.0,0.552978318997455,0.447021681002545
13876,YOR142W-B YAL007C,0.0,NA,0.0053858449682593346,2850,17164,13877,0,0.49355286064146825,0.1424003197761567,1.0,0.5529461035404787,0.44705389645952126
13877,YDL044C YLR286C,0.0,NA,0.005386781878769398,2850,17163,13878,0,0.4935823670000885,0.14240743516714136,1.0,0.5529138880835025,0.44708611191649755
13878,YKL171W YMR173W,0.0,NA,0.005389419384300709,2850,17162,13879,0,0.4936118733587088,0.14241455126923847,1.0,0.5528816726265262,0.4471183273734738
13879,YNL149C YBR179C,0.0,NA,0.00538985151797533,2850,17161,13880,0,0.4936413797173291,0.1424216680825546,1.0,0.5528494571695499,0.44715054283045
13880,YOL003C YHR160C,0.0,NA,0.005393129773437977,2850,17160,13881,0,0.4936708860759494,0.1424287856071964,1.0,0.5528172417125737,0.4471827582874263
13881,YLR033W YFR004W,0.0,NA,0.005395239684730768,2850,17159,13882,0,0.49370039243456965,0.14243590384327054,1.0,0.5527850262555974,0.44721497374440256
13882,YPR021C YBL032W,0.0,NA,0.005396174266934395,2850,17158,13883,0,0.49372989879318996,0.14244302279088364,1.0,0.5527528107986212,0.44724718920137885
13883,YPR043W YOR090C,0.0,NA,0.0053972722962498665,2850,17157,13884,0,0.4937594051518102,0.14245014245014245,1.0,0.552720595341645,0.4472794046583551
13884,YJL219W YGR288W,0.0,NA,0.005403644405305386,2850,17156,13885,0,0.4937889115104305,0.14245726282115365,1.0,0.5526883798846687,0.4473116201153313
13885,YLR233C YDL024C,0.0,NA,0.005408131051808596,2850,17155,13886,0,0.4938184178690508,0.142464383904024,1.0,0.5526561644276924,0.4473438355723076
13886,YDR412W YJL156C,0.0,NA,0.005411284510046244,2850,17154,13887,0,0.49384792422767104,0.14247150569886022,1.0,0.5526239489707161,0.44737605102928385
13887,YMR264W YEL041W,0.0,NA,0.005420595407485962,2850,17153,13888,0,0.49387743058629135,0.14247862820576915,1.0,0.5525917335137399,0.4474082664862601
13888,YPR137C-A YCR089W,0.0,NA,0.00542235653847456,2850,17152,13889,0,0.4939069369449116,0.1424857514248575,1.0,0.5525595180567636,0.4474404819432364
13889,YJL048C YEL009C,0.0,NA,0.00542533490806818,2850,17151,13890,0,0.4939364433035319,0.1424928753562322,1.0,0.5525273025997873,0.4474726974002126
13890,YNL216W YDR507C,0.0,NA,0.005427543073892593,2850,17150,13891,0,0.4939659496621522,0.1425,1.0,0.5524950871428111,0.44750491285718885
13891,YPL275W YOR163W,0.0,NA,0.005435113329440355,2850,17149,13892,0,0.4939954560207725,0.1425071253562678,1.0,0.5524628716858349,0.44753712831416514
13892,YGR134W YDL170W,0.0,NA,0.005437707062810659,2850,17148,13893,0,0.49402496237939275,0.1425142514251425,1.0,0.5524306562288586,0.4475693437711414
13893,YBR058C YDR146C,0.0,NA,0.005444265902042389,2850,17147,13894,0,0.49405446873801306,0.142521378206731,1.0,0.5523984407718824,0.4476015592281177
13894,YKL116C YDR078C,0.0,NA,0.005444586277008057,2850,17146,13895,0,0.4940839750966333,0.14252850570114023,1.0,0.5523662253149061,0.4476337746850939
13895,YLR433C tM(CAU)J3,0.0,NA,0.005445198155939579,2850,17145,13896,0,0.49411348145525363,0.14253563390847712,1.0,0.5523340098579298,0.44766599014207015
13896,YFL002W-B YHR148W,0.0,NA,0.005446833558380604,2850,17144,13897,0,0.4941429878138739,0.14254276282884865,1.0,0.5523017944009536,0.44769820559904644
13897,YGL103W YPL192C,0.0,NA,0.005447080824524164,2850,17143,13898,0,0.49417249417249415,0.14254989246236183,1.0,0.5522695789439773,0.4477304210560227
13898,YDR142C YDR144C,0.0,NA,0.005447884555906057,2850,17142,13899,0,0.49420200053111446,0.14255702280912366,1.0,0.552237363487001,0.4477626365129989
13899,YDR423C YLR303W,0.0,NA,0.005448471289128065,2850,17141,13900,0,0.4942315068897347,0.14256415386924115,1.0,0.5522051480300249,0.4477948519699752
13900,YOL051W YGL186C,0.0,NA,0.0054600536823272705,2850,17140,13901,0,0.49426101324835503,0.1425712856428214,1.0,0.5521729325730486,0.44782706742695144
13901,YDR156W YOL081W,0.0,NA,0.005462110508233309,2850,17139,13902,0,0.4942905196069753,0.1425784181299715,1.0,0.5521407171160723,0.44785928288392773
13902,YPL283C YIR027C,0.0,NA,0.005462700966745615,2850,17138,13903,0,0.4943200259655956,0.14258555133079848,1.0,0.5521085016590961,0.44789149834090397
13903,YKL086W YLR409C,0.0,NA,0.005471630021929741,2850,17137,13904,0,0.49434953232421586,0.14259268524540952,1.0,0.5520762862021198,0.4479237137978802
13904,YGL090W YOR301W,0.0,NA,0.00547411385923624,2850,17136,13905,0,0.49437903868283617,0.14259981987391174,1.0,0.5520440707451435,0.4479559292548565
13905,YBR298C YMR310C,0.0,NA,0.005477632395923138,2850,17135,13906,0,0.4944085450414564,0.1426069552164123,1.0,0.5520118552881672,0.44798814471183274
13906,YGR091W YMR264W,0.0,NA,0.005478092469274998,2850,17134,13907,0,0.49443805140007674,0.1426140912730184,1.0,0.551979639831191,0.448020360168809
13907,YHL028W YNR032W,0.0,NA,0.005478199105709791,2850,17133,13908,0,0.494467557758697,0.14262122804383726,1.0,0.5519474243742147,0.44805257562578527
13908,YOR151C YOR229W,0.0,NA,0.005478448234498501,2850,17132,13909,0,0.4944970641173173,0.1426283655289761,1.0,0.5519152089172384,0.4480847910827615
13909,YGR296W YLR181C,0.0,NA,0.005480168852955103,2850,17131,13910,0,0.49452657047593757,0.1426355037285421,1.0,0.5518829934602623,0.44811700653973774
13910,YMR172W YNL307C,0.0,NA,0.005489126313477755,2850,17130,13911,0,0.4945560768345578,0.14264264264264265,1.0,0.551850778003286,0.44814922199671403
13911,YBR018C YDR311W,0.0,NA,0.005490443203598261,2850,17129,13912,0,0.49458558319317814,0.14264978227138495,1.0,0.5518185625463097,0.44818143745369027
13912,YPL086C YOL016C,0.0,NA,0.005491750780493021,2850,17128,13913,0,0.4946150895517984,0.14265692261487636,1.0,0.5517863470893335,0.44821365291066656
13913,YJL174W YOR095C,0.0,NA,0.00549257081001997,2850,17127,13914,0,0.4946445959104187,0.1426640636732242,1.0,0.5517541316323572,0.4482458683676428
13914,YLR245C YOR269W,0.0,NA,0.0054935272783041,2850,17126,13915,0,0.49467410226903896,0.14267120544653583,1.0,0.5517219161753809,0.44827808382461903
13915,YPL094C YGR145W,0.0,NA,0.00549397524446249,2850,17125,13916,0,0.4947036086276593,0.14267834793491865,1.0,0.5516897007184047,0.4483102992815953
13916,YEL022W YGL065C,0.0,NA,0.005495585501194,2850,17124,13917,0,0.49473311498627953,0.14268549113848003,1.0,0.5516574852614284,0.44834251473857156
13917,YHR043C YOR142W-A,0.0,NA,0.005496117286384106,2850,17123,13918,0,0.49476262134489984,0.1426926350573274,1.0,0.5516252698044521,0.4483747301955478
13918,YGL106W YMR042W,0.0,NA,0.005501233506947756,2850,17122,13919,0,0.4947921277035201,0.1426997796915682,1.0,0.551593054347476,0.4484069456525241
13919,YMR142C YDR210C-D,0.0,NA,0.005502308253198862,2850,17121,13920,0,0.4948216340621404,0.1427069250413099,1.0,0.5515608388904997,0.44843916110950033
13920,YLR185W YNL046W,0.0,NA,0.0055063385516405106,2850,17120,13921,0,0.49485114042076067,0.14271407110665998,1.0,0.5515286234335234,0.4484713765664766
13921,YPL265W tN(GUU)K,0.0,NA,0.0055073332041502,2850,17119,13922,0,0.494880646779381,0.142721217887726,1.0,0.5514964079765472,0.44850359202345286
13922,YMR247C YDR420W,0.0,NA,0.005508571397513151,2850,17118,13923,0,0.49491015313800124,0.1427283653846154,1.0,0.5514641925195709,0.4485358074804291
13923,YIR034C YBL105C,0.0,NA,0.005511194467544556,2850,17117,13924,0,0.4949396594966215,0.14273551359743578,1.0,0.5514319770625946,0.4485680229374054
13924,YJL033W YPL226W,0.0,NA,0.005515861790627241,2850,17116,13925,0,0.4949691658552418,0.1427426625262947,1.0,0.5513997616056183,0.4486002383943816
13925,YML027W YPL143W,0.0,NA,0.005520278587937355,2850,17115,13926,0,0.49499867221386207,0.14274981217129978,1.0,0.5513675461486421,0.44863245385135786
13926,YIL040W snR128,0.0,NA,0.005525314714759588,2850,17114,13927,0,0.4950281785724824,0.1427569625325586,1.0,0.5513353306916658,0.44866466930833415
13927,YBR168W YDR306C,0.0,NA,0.005527073051780462,2850,17113,13928,0,0.49505768493110264,0.14276411361017882,1.0,0.5513031152346896,0.4486968847653104
13928,YFR019W YBR176W,0.0,NA,0.005528443958610296,2850,17112,13929,0,0.49508719128972295,0.1427712654042681,1.0,0.5512708997777134,0.4487291002222866
13929,YFL002W-B YGL076C,0.0,NA,0.005530250258743763,2850,17111,13930,0,0.4951166976483432,0.14277841791493412,1.0,0.5512386843207371,0.4487613156792629
13930,YBR161W YBR035C,0.0,NA,0.005532517097890377,2850,17110,13931,0,0.4951462040069635,0.14278557114228457,1.0,0.5512064688637608,0.44879353113623915
13931,YJL146W YLR183C,0.0,NA,0.005534243304282427,2850,17109,13932,0,0.4951757103655838,0.14279272508642718,1.0,0.5511742534067846,0.44882574659321545
13932,YDR435C YIR009W,0.0,NA,0.0055344901047647,2850,17108,13933,0,0.4952052167242041,0.1427998797474697,1.0,0.5511420379498083,0.4488579620501917
13933,YNR043W YJR051W,0.0,NA,0.0055390531197190285,2850,17107,13934,0,0.49523472308282435,0.14280703512551987,1.0,0.551109822492832,0.4488901775071679
13934,YBR284W YDR283C,0.0,NA,0.0055408659391105175,2850,17106,13935,0,0.49526422944144466,0.1428141912206855,1.0,0.5510776070358558,0.4489223929641442
13935,YJL085W YGL197W,0.0,NA,0.005542542785406113,2850,17105,13936,0,0.4952937358000649,0.14282134803307442,1.0,0.5510453915788796,0.44895460842112045
13936,YMR163C YOL012C,0.0,NA,0.005546628497540951,2850,17104,13937,0,0.4953232421586852,0.14282850556279442,1.0,0.5510131761219033,0.4489868238780967
13937,YHR015W YDR078C,0.0,NA,0.005551288370043039,2850,17103,13938,0,0.4953527485173055,0.14283566380995338,1.0,0.5509809606649271,0.449019039335073
13938,YGR056W YCL038C,0.0,NA,0.005554297938942909,2850,17102,13939,0,0.49538225487592574,0.14284282277465918,1.0,0.5509487452079508,0.4490512547920492
13939,YDR064W YER155C,0.0,NA,0.005555024836212397,2850,17101,13940,0,0.49541176123454606,0.1428499824570197,1.0,0.5509165297509745,0.4490834702490255
13940,YOL162W YNL272C,0.0,NA,0.005563035607337952,2850,17100,13941,0,0.4954412675931663,0.14285714285714285,1.0,0.5508843142939983,0.44911568570600174
13941,YGR116W YJR064W,0.0,NA,0.005564534105360508,2850,17099,13942,0,0.4954707739517866,0.1428643039751366,1.0,0.550852098837022,0.449147901162978
13942,YLR385C YNL301C,0.0,NA,0.005577784962952137,2850,17098,13943,0,0.4955002803104069,0.14287146581110888,1.0,0.5508198833800457,0.4491801166199543
13943,YJL047C YBR252W,0.0,NA,0.005578364245593548,2850,17097,13944,0,0.4955297866690272,0.14287862836516768,1.0,0.5507876679230694,0.4492123320769305
13944,YOR123C YOL008W,0.0,NA,0.005578647833317518,2850,17096,13945,0,0.49555929302764745,0.14288579163742104,1.0,0.5507554524660933,0.44924454753390675
13945,YLR166C YDR191W,0.0,NA,0.005581258796155453,2850,17095,13946,0,0.49558879938626776,0.14289295562797694,1.0,0.550723237009117,0.44927676299088304
13946,YDR140W YOL103W-A,0.0,NA,0.005583429243415594,2850,17094,13947,0,0.495618305744888,0.14290012033694344,1.0,0.5506910215521407,0.4493089784478593
13947,YNR002C YDR226W,0.0,NA,0.005583747290074825,2850,17093,13948,0,0.4956478121035083,0.14290728576442863,1.0,0.5506588060951645,0.44934119390483557
13948,YEL065W YOR038C,0.0,NA,0.005585357081145048,2850,17092,13949,0,0.4956773184621286,0.14291445191054056,1.0,0.5506265906381882,0.4493734093618118
13949,YGR262C YPL249C,0.0,NA,0.00558870006352663,2850,17091,13950,0,0.49570682482074885,0.1429216187753874,1.0,0.5505943751812119,0.44940562481878804
13950,YPR137W YOR343W-A,0.0,NA,0.005589717999100685,2850,17090,13951,0,0.49573633117936916,0.14292878635907724,1.0,0.5505621597242357,0.44943784027576433
13951,YLL042C YLR340W,0.0,NA,0.005590574350208044,2850,17089,13952,0,0.4957658375379894,0.14293595466171824,1.0,0.5505299442672594,0.44947005573274057
13952,YOR351C YDR244W,0.0,NA,0.005591494496911764,2850,17088,13953,0,0.49579534389660973,0.1429431236834186,1.0,0.5504977288102831,0.4495022711897168
13953,YHR167W YJL045W,0.0,NA,0.005595141090452671,2850,17087,13954,0,0.49582485025523,0.1429502934242865,1.0,0.550465513353307,0.4495344866466931
13954,YNL245C YOR138C,0.0,NA,0.005598397459834814,2850,17086,13955,0,0.4958543566138503,0.14295746388443017,1.0,0.5504332978963307,0.44956670210366934
13955,YNL271C YKR095W-A,0.0,NA,0.005601562559604645,2850,17085,13956,0,0.49588386297247056,0.14296463506395787,1.0,0.5504010824393544,0.4495989175606456
13956,YDR373W YGL075C,0.0,NA,0.005605311132967472,2850,17084,13957,0,0.49591336933109087,0.14297180696297782,1.0,0.5503688669823782,0.44963113301762186
13957,YDL052C YGL175C,0.0,NA,0.005605566315352917,2850,17083,13958,0,0.4959428756897111,0.14297897958159836,1.0,0.5503366515254019,0.4496633484745981
13958,YLR191W YHR114W,0.0,NA,0.005606239195913076,2850,17082,13959,0,0.49597238204833144,0.14298615291992775,1.0,0.5503044360684256,0.4496955639315744
13959,YDR096W YGR004W,0.0,NA,0.005610169377177954,2850,17081,13960,0,0.4960018884069517,0.14299332697807435,1.0,0.5502722206114494,0.44972777938855063
13960,snR189 YPR043W,0.0,NA,0.005613559391349554,2850,17080,13961,0,0.49603139476557195,0.1430005017561465,1.0,0.5502400051544731,0.44975999484552687
13961,YDR390C YCR093W,0.0,NA,0.005614211782813072,2850,17079,13962,0,0.49606090112419227,0.1430076772542526,1.0,0.5502077896974968,0.44979221030250316
13962,YGL038C YMR177W,0.0,NA,0.005616546608507633,2850,17078,13963,0,0.4960904074828125,0.143014853472501,1.0,0.5501755742405205,0.4498244257594794
13963,YML065W YGR288W,0.0,NA,0.005616943351924419,2850,17077,13964,0,0.49611991384143284,0.14302203041100015,1.0,0.5501433587835444,0.44985664121645563
13964,YHL038C YLR357W,0.0,NA,0.005622161086648703,2850,17076,13965,0,0.4961494202000531,0.14302920806985847,1.0,0.5501111433265681,0.4498888566734319
13965,YIL052C YOL078W,0.0,NA,0.00562535785138607,2850,17075,13966,0,0.4961789265586734,0.14303638644918445,1.0,0.5500789278695918,0.44992107213040816
13966,YOL110W YGL232W,0.0,NA,0.0056272572837769985,2850,17074,13967,0,0.49620843291729366,0.14304356554908654,1.0,0.5500467124126156,0.44995328758738445
13967,YHR165C YOR358W,0.0,NA,0.005629055667668581,2850,17073,13968,0,0.496237939275914,0.14305074536967324,1.0,0.5500144969556393,0.4499855030443607
13968,YMR314W YOR229W,0.0,NA,0.005629627499729395,2850,17072,13969,0,0.49626744563453423,0.1430579259110531,1.0,0.549982281498663,0.4500177185013369
13969,YIL116W YKL160W,0.0,NA,0.005630665924400091,2850,17071,13970,0,0.49629695199315454,0.14306510717333468,1.0,0.5499500660416868,0.4500499339583132
13970,YLR227W-B YOR133W,0.0,NA,0.0056371139362454414,2850,17070,13971,0,0.4963264583517748,0.1430722891566265,1.0,0.5499178505847105,0.45008214941528946
13971,YBR207W YKL074C,0.0,NA,0.005638228729367256,2850,17069,13972,0,0.4963559647103951,0.1430794718610372,1.0,0.5498856351277343,0.4501143648722657
13972,YFL017C YDL084W,0.0,NA,0.005640172399580479,2850,17068,13973,0,0.49638547106901537,0.14308665528667536,1.0,0.5498534196707581,0.450146580329242
13973,MPR1 YBR203W,0.0,NA,0.005647451151162386,2850,17067,13974,0,0.49641497742763563,0.14309383943364964,1.0,0.5498212042137818,0.4501787957862182
13974,YJR082C YAL030W,0.0,NA,0.00565741304308176,2850,17066,13975,0,0.49644448378625594,0.1431010243020687,1.0,0.5497889887568055,0.45021101124319446
13975,YGR267C YMR223W,0.0,NA,0.005657552275806665,2850,17065,13976,0,0.4964739901448762,0.14310820989204118,1.0,0.5497567732998293,0.45024322670017075
13976,YGL045W YHR211W,0.0,NA,0.0056576598435640335,2850,17064,13977,0,0.4965034965034965,0.1431153962036758,1.0,0.549724557842853,0.450275442157147
13977,YDL082W YMR054W,0.0,NA,0.005658555775880814,2850,17063,13978,0,0.49653300286211677,0.1431225832370813,1.0,0.5496923423858767,0.4503076576141233
13978,YGR027W-A YIL029C,0.0,NA,0.005660960450768471,2850,17062,13979,0,0.4965625092207371,0.1431297709923664,1.0,0.5496601269289005,0.4503398730710995
13979,YMR162C YDL028C,0.0,NA,0.005662648938596249,2850,17061,13980,0,0.49659201557935734,0.1431369594696399,1.0,0.5496279114719242,0.45037208852807575
13980,YER093C YJL083W,0.0,NA,0.005664394237101078,2850,17060,13981,0,0.49662152193797765,0.14314414866901054,1.0,0.549595696014948,0.45040430398505205
13981,YNR039C YPR042C,0.0,NA,0.005669292528182268,2850,17059,13982,0,0.4966510282965979,0.14315133859058718,1.0,0.5495634805579717,0.4504365194420283
13982,YBR093C YNL001W,0.0,NA,0.0056705051101744175,2850,17058,13983,0,0.4966805346552182,0.1431585292344786,1.0,0.5495312651009955,0.4504687348990045
13983,YJL091C YPR158C-D,0.0,NA,0.005672120489180088,2850,17057,13984,0,0.4967100410138385,0.1431657206007937,1.0,0.5494990496440192,0.4505009503559808
13984,YOL144W YJR005W,0.0,NA,0.00567525764927268,2850,17056,13985,0,0.4967395473724588,0.1431729126896413,1.0,0.5494668341870429,0.45053316581295705
13985,YMR294W YOL103W-A,0.0,NA,0.0056753139942884445,2850,17055,13986,0,0.49676905373107905,0.14318010550113036,1.0,0.5494346187300667,0.45056538126993334
13986,YDR197W YGR063C,0.0,NA,0.0056761885061860085,2850,17054,13987,0,0.4967985600896993,0.14318729903536978,1.0,0.5494024032730904,0.4505975967269096
13987,YGL100W YPL176C,0.0,NA,0.005676635541021824,2850,17053,13988,0,0.4968280664483196,0.14319449329246847,1.0,0.5493701878161141,0.4506298121838858
13988,YDL049C YBR103W,0.0,NA,0.005687254946678877,2850,17052,13989,0,0.4968575728069399,0.14320168827253543,1.0,0.549337972359138,0.4506620276408621
13989,YDR096W YPL203W,0.0,NA,0.0056880745105445385,2850,17051,13990,0,0.4968870791655602,0.1432088839756796,1.0,0.5493057569021617,0.45069424309783834
13990,YER099C YOL103W-B,0.0,NA,0.005689706653356552,2850,17050,13991,0,0.49691658552418044,0.14321608040201006,1.0,0.5492735414451854,0.4507264585548146
13991,YEL051W YPR122W,0.0,NA,0.005690491758286953,2850,17049,13992,0,0.49694609188280076,0.14322327755163575,1.0,0.5492413259882092,0.45075867401179087
13992,YBR095C YPL208W,0.0,NA,0.0056908694095909595,2850,17048,13993,0,0.496975598241421,0.1432304754246658,1.0,0.5492091105312329,0.4507908894687671
13993,YMR307W YNL247W,0.0,NA,0.005693254992365837,2850,17047,13994,0,0.4970051046000413,0.14323767402120924,1.0,0.5491768950742566,0.45082310492574335
13994,YIL040W YOL117W,0.0,NA,0.005694108083844185,2850,17046,13995,0,0.4970346109586616,0.14324487334137515,1.0,0.5491446796172804,0.45085532038271964
13995,YNL216W YFL003C,0.0,NA,0.0056956796906888485,2850,17045,13996,0,0.4970641173172819,0.14325207338527268,1.0,0.5491124641603041,0.4508875358396959
13996,YGR281W Q0045,0.0,NA,0.005696968175470829,2850,17044,13997,0,0.49709362367590215,0.14325927415301096,1.0,0.5490802487033278,0.45091975129667217
13997,YOR005C YNL102W,0.0,NA,0.005701396614313126,2850,17043,13998,0,0.49712313003452246,0.14326647564469913,1.0,0.5490480332463517,0.4509519667536484
13998,YML022W tR(CCG)L,0.0,NA,0.0057015372440218925,2850,17042,13999,0,0.4971526363931427,0.1432736778604464,1.0,0.5490158177893754,0.45098418221062464
13999,YMR168C YPL001W,0.0,NA,0.005705390591174364,2850,17041,14000,0,0.497182142751763,0.14328088080036197,1.0,0.5489836023323991,0.45101639766760093
14000,YIL037C YJR106W,0.0,NA,0.005708318203687668,2850,17040,14001,0,0.4972116491103833,0.14328808446455504,1.0,0.5489513868754228,0.45104861312457717
14001,YLR194C YDR516C,0.0,NA,0.0057089971378445625,2850,17039,14002,0,0.49724115546900355,0.1432952888531349,1.0,0.5489191714184466,0.4510808285815534
14002,YML065W YPL174C,0.0,NA,0.005711347796022892,2850,17038,14003,0,0.49727066182762386,0.14330249396621078,1.0,0.5488869559614703,0.4511130440385297
14003,YGL071W YPL160W,0.0,NA,0.0057116965763270855,2850,17037,14004,0,0.4973001681862441,0.143309699803892,1.0,0.548854740504494,0.45114525949550593
14004,YPR158W-B YJL122W,0.0,NA,0.005712165031582117,2850,17036,14005,0,0.49732967454486443,0.14331690636628783,1.0,0.5488225250475178,0.4511774749524822
14005,YIL071C YOL054W,0.0,NA,0.005714088212698698,2850,17035,14006,0,0.4973591809034847,0.14332411365350767,1.0,0.5487903095905415,0.45120969040945846
14006,YOR081C YGL001C,0.0,NA,0.005714857950806618,2850,17034,14007,0,0.497388687262105,0.14333132166566084,1.0,0.5487580941335652,0.4512419058664347
14007,YFL001W YMR300C,0.0,NA,0.005723014008253813,2850,17033,14008,0,0.49741819362072526,0.1433385304028567,1.0,0.5487258786765891,0.451274121323411
14008,YPR036W YGL089C,0.0,NA,0.005723659414798021,2850,17032,14009,0,0.49744769997934557,0.1433457398652047,1.0,0.5486936632196128,0.45130633678038723
14009,YBL008W YER159C,0.0,NA,0.005724153481423855,2850,17031,14010,0,0.4974772063379658,0.14335295005281423,1.0,0.5486614477626365,0.45133855223736347
14010,YNL124W tS(AGA)L,0.0,NA,0.0057246009819209576,2850,17030,14011,0,0.49750671269658614,0.14336016096579476,1.0,0.5486292323056603,0.45137076769433976
14011,YCL008C YBL021C,0.0,NA,0.005727905314415693,2850,17029,14012,0,0.4975362190552064,0.14336737260425575,1.0,0.548597016848684,0.451402983151316
14012,YER024W YDR261W-B,0.0,NA,0.005729874595999718,2850,17028,14013,0,0.49756572541382665,0.14337458496830668,1.0,0.5485648013917077,0.45143519860829223
14013,YIL146C YBR041W,0.0,NA,0.005731148645281792,2850,17027,14014,0,0.49759523177244697,0.14338179805805706,1.0,0.5485325859347315,0.4514674140652685
14014,YLR320W YGR199W,0.0,NA,0.005732458550482988,2850,17026,14015,0,0.4976247381310672,0.1433890118736164,1.0,0.5485003704777552,0.45149962952224476
14015,YNL149C YKL013C,0.0,NA,0.005735563114285469,2850,17025,14016,0,0.49765424448968754,0.14339622641509434,1.0,0.548468155020779,0.45153184497922105
14016,YDR019C YDR261W-B,0.0,NA,0.005742789711803198,2850,17024,14017,0,0.4976837508483078,0.14340344168260039,1.0,0.5484359395638028,0.4515640604361973
14017,YJL189W YCL050C,0.0,NA,0.0057480549439787865,2850,17023,14018,0,0.4977132572069281,0.14341065767624414,1.0,0.5484037241068265,0.4515962758931735
14018,YNL218W YPL176C,0.0,NA,0.0057638767175376415,2850,17022,14019,0,0.49774276356554836,0.14341787439613526,1.0,0.5483715086498502,0.4516284913501498
14019,YHR103W YHR171W,0.0,NA,0.005764704663306475,2850,17021,14020,0,0.4977722699241687,0.14342509184238336,1.0,0.5483392931928739,0.45166070680712606
14020,YHR063C YOR380W,0.0,NA,0.005767293740063906,2850,17020,14021,0,0.49780177628278893,0.14343231001509812,1.0,0.5483070777358977,0.4516929222641023
14021,YLR372W YKL028W,0.0,NA,0.005771683529019356,2850,17019,14022,0,0.49783128264140925,0.14343952891438924,1.0,0.5482748622789214,0.4517251377210786
14022,YKR087C YKL035W,0.0,NA,0.005771954543888569,2850,17018,14023,0,0.4978607890000295,0.14344674854036643,1.0,0.5482426468219451,0.4517573531780548
14023,YKL116C YLR459W,0.0,NA,0.005772709846496582,2850,17017,14024,0,0.4978902953586498,0.14345396889313938,1.0,0.5482104313649689,0.4517895686350311
14024,YFL002W-B YOR063W,0.0,NA,0.0057735750451684,2850,17016,14025,0,0.49791980171727007,0.14346118997281787,1.0,0.5481782159079926,0.45182178409200735
14025,YPL198W YDR210W-B,0.0,NA,0.0057752011343836784,2850,17015,14026,0,0.49794930807589033,0.1434684117795117,1.0,0.5481460004510164,0.4518539995489836
14026,YBL100W-B YGR104C,0.0,NA,0.005776033271104097,2850,17014,14027,0,0.49797881443451064,0.14347563431333066,1.0,0.5481137849940402,0.4518862150059599
14027,YPL124W YJL083W,0.0,NA,0.005778026767075062,2850,17013,14028,0,0.4980083207931309,0.14348285757438453,1.0,0.5480815695370639,0.4519184304629361
14028,YHL006C YML123C,0.0,NA,0.0057790158316493034,2850,17012,14029,0,0.4980378271517512,0.1434900815627832,1.0,0.5480493540800876,0.45195064591991235
14029,YDR073W YGL016W,0.0,NA,0.0057876636274158955,2850,17011,14030,0,0.49806733351037147,0.14349730627863652,1.0,0.5480171386231114,0.45198286137688864
14030,YGR179C YBR001C,0.0,NA,0.005792635027319193,2850,17010,14031,0,0.4980968398689918,0.14350453172205438,1.0,0.5479849231661351,0.4520150768338649
14031,YOL097C YOR014W,0.0,NA,0.005796502344310284,2850,17009,14032,0,0.49812634622761204,0.14351175789314669,1.0,0.5479527077091588,0.4520472922908411
14032,YOR191W YGR161C-D,0.0,NA,0.005801258608698845,2850,17008,14033,0,0.49815585258623235,0.14351898479202338,1.0,0.5479204922521826,0.4520795077478174
14033,YMR212C YHR026W,0.0,NA,0.00580155523493886,2850,17007,14034,0,0.4981853589448526,0.14352621241879437,1.0,0.5478882767952064,0.45211172320479365
14034,snR8 YFL041W,0.0,NA,0.005803929641842842,2850,17006,14035,0,0.4982148653034729,0.1435334407735697,1.0,0.5478560613382301,0.45214393866176994
14035,YLR056W YNL293W,0.0,NA,0.0058051650412380695,2850,17005,14036,0,0.4982443716620932,0.14354066985645933,1.0,0.5478238458812539,0.4521761541187462
14036,YLR206W YBL011W,0.0,NA,0.005805404856801033,2850,17004,14037,0,0.4982738780207135,0.14354789966757328,1.0,0.5477916304242776,0.4522083695757224
14037,YNL030W YIL106W,0.0,NA,0.005811314098536968,2850,17003,14038,0,0.49830338437933375,0.1435551302070216,1.0,0.5477594149673013,0.4522405850326987
14038,YDR471W YBL045C,0.0,NA,0.005811415612697601,2850,17002,14039,0,0.498332890737954,0.14356236147491436,1.0,0.547727199510325,0.45227280048967494
14039,YNL156C YOL103W-A,0.0,NA,0.005812696646898985,2850,17001,14040,0,0.4983623970965743,0.14356959347136164,1.0,0.5476949840533488,0.4523050159466512
14040,YOR243C YER131W,0.0,NA,0.005818889010697603,2850,17000,14041,0,0.4983919034551946,0.14357682619647355,1.0,0.5476627685963725,0.45233723140362747
14041,YKL014C tS(AGA)L,0.0,NA,0.005825052037835121,2850,16999,14042,0,0.4984214098138149,0.14358405965036022,1.0,0.5476305531393962,0.4523694468606037
14042,YNL042W YLR220W,0.0,NA,0.00582567322999239,2850,16998,14043,0,0.49845091617243514,0.1435912938331318,1.0,0.54759833768242,0.45240166231758
14043,YBR233W-A YPL180W,0.0,NA,0.005827330984175205,2850,16997,14044,0,0.49848042253105546,0.14359852874489848,1.0,0.5475661222254438,0.45243387777455624
14044,YPR181C YBR128C,0.0,NA,0.00582881411537528,2850,16996,14045,0,0.4985099288896757,0.14360576438577044,1.0,0.5475339067684675,0.4524660932315325
14045,YML115C YPL016W,0.0,NA,0.005830063484609127,2850,16995,14046,0,0.498539435248296,0.1436130007558579,1.0,0.5475016913114913,0.45249830868850877
14046,YPL249C-A YDR316W-A,0.0,NA,0.005832357797771692,2850,16994,14047,0,0.4985689416069163,0.14362023785527112,1.0,0.547469475854515,0.452530524145485
14047,YHR063C YDR086C,0.0,NA,0.005832745227962732,2850,16993,14048,0,0.4985984479655366,0.14362747568412035,1.0,0.5474372603975387,0.45256273960246124
14048,YOR192C-B YBR191W,0.0,NA,0.00583399785682559,2850,16992,14049,0,0.49862795432415685,0.14363471424251587,1.0,0.5474050449405625,0.45259495505943753
14049,YNL258C YEL059C-A,0.0,NA,0.005836024880409241,2850,16991,14050,0,0.49865746068277716,0.14364195353056802,1.0,0.5473728294835862,0.45262717051641377
14050,YMR062C YLL017W,0.0,NA,0.005837013013660908,2850,16990,14051,0,0.4986869670413974,0.1436491935483871,1.0,0.5473406140266099,0.45265938597339
14051,YIL173W YFR008W,0.0,NA,0.005840755067765713,2850,16989,14052,0,0.4987164734000177,0.14365643429608346,1.0,0.5473083985696338,0.4526916014303663
14052,YFR040W YBL105C,0.0,NA,0.005853605456650257,2850,16988,14053,0,0.498745979758638,0.1436636757737675,1.0,0.5472761831126575,0.45272381688734253
14053,YPR108W YKL206C,0.0,NA,0.005855801049619913,2850,16987,14054,0,0.49877548611725825,0.14367091798154963,1.0,0.5472439676556812,0.4527560323443188
14054,YDR464W YDR362C,0.0,NA,0.005856386851519346,2850,16986,14055,0,0.49880499247587856,0.14367816091954022,1.0,0.547211752198705,0.45278824780129506
14055,YBL055C YHR019C,0.0,NA,0.005860388744622469,2850,16985,14056,0,0.4988344988344988,0.14368540458784976,1.0,0.5471795367417287,0.4528204632582713
14056,YOR195W YJL222W,0.0,NA,0.005860863719135523,2850,16984,14057,0,0.49886400519311913,0.14369264898658868,1.0,0.5471473212847524,0.4528526787152476
14057,YMR159C YDR293C,0.0,NA,0.005860999692231417,2850,16983,14058,0,0.4988935115517394,0.1436998941158675,1.0,0.5471151058277761,0.45288489417222383
14058,YGL191W tS(AGA)D2,0.0,NA,0.00586182763800025,2850,16982,14059,0,0.4989230179103597,0.1437071399757967,1.0,0.5470828903707999,0.45291710962920007
14059,YOL081W YOL111C,0.0,NA,0.005864009261131287,2850,16981,14060,0,0.49895252426897996,0.1437143865664868,1.0,0.5470506749138236,0.45294932508617636
14060,YEL055C YLR305C,0.0,NA,0.005867618601769209,2850,16980,14061,0,0.49898203062760027,0.1437216338880484,1.0,0.5470184594568474,0.4529815405431526
14061,YER176W YGR024C,0.0,NA,0.005869952961802483,2850,16979,14062,0,0.4990115369862205,0.14372888194059205,1.0,0.5469862439998712,0.4530137560001289
14062,YFR005C YPR108W,0.0,NA,0.005871249828487635,2850,16978,14063,0,0.49904104334484084,0.14373613072422836,1.0,0.5469540285428949,0.4530459714571051
14063,YDR315C YDR394W,0.0,NA,0.005872649606317282,2850,16977,14064,0,0.4990705497034611,0.14374338023906794,1.0,0.5469218130859186,0.45307818691408136
14064,YCL016C YLR121C,0.0,NA,0.00587783008813858,2850,16976,14065,0,0.49910005606208135,0.14375063048522144,1.0,0.5468895976289424,0.45311040237105765
14065,YKL082C YDL131W,0.0,NA,0.00588183244690299,2850,16975,14066,0,0.49912956242070167,0.1437578814627995,1.0,0.5468573821719661,0.4531426178280339
14066,YMR045C YHR197W,0.0,NA,0.00588225619867444,2850,16974,14067,0,0.4991590687793219,0.14376513317191283,1.0,0.5468251667149898,0.4531748332850101
14067,YGR261C YDR017C,0.0,NA,0.005882535129785538,2850,16973,14068,0,0.49918857513794224,0.14377238561267214,1.0,0.5467929512580136,0.4532070487419864
14068,YGL001C YDR244W,0.0,NA,0.005886177998036146,2850,16972,14069,0,0.4992180814965625,0.14377963878518818,1.0,0.5467607358010373,0.45323926419896265
14069,YFR001W YPL268W,0.0,NA,0.005892395041882992,2850,16971,14070,0,0.4992475878551828,0.14378689268957168,1.0,0.546728520344061,0.45327147965593895
14070,YIL112W YER159C-A,0.0,NA,0.0058983671478927135,2850,16970,14071,0,0.49927709421380306,0.1437941473259334,1.0,0.5466963048870849,0.4533036951129152
14071,YCR018C YLR234W,0.0,NA,0.005901177413761616,2850,16969,14072,0,0.4993066005724234,0.14380140269438418,1.0,0.5466640894301086,0.4533359105698914
14072,YLR244C YKR062W,0.0,NA,0.0059015778824687,2850,16968,14073,0,0.49933610693104363,0.14380865879503482,1.0,0.5466318739731323,0.4533681260268677
14073,YOR305W YBL034C,0.0,NA,0.0059034861624240875,2850,16967,14074,0,0.49936561328966395,0.14381591562799617,1.0,0.5465996585161561,0.45340034148384395
14074,YDR099W YOR388C,0.0,NA,0.005906077567487955,2850,16966,14075,0,0.4993951196482842,0.1438231731933791,1.0,0.5465674430591798,0.4534325569408202
14075,YOR343W-A YCR044C,0.0,NA,0.005913321860134602,2850,16965,14076,0,0.4994246260069045,0.14383043149129449,1.0,0.5465352276022035,0.4534647723977965
14076,YPL242C YBL079W,0.0,NA,0.005920066963881254,2850,16964,14077,0,0.49945413236552477,0.14383769052185325,1.0,0.5465030121452272,0.4534969878547727
14077,YAL036C YPR008W,0.0,NA,0.005920838564634323,2850,16963,14078,0,0.49948363872414503,0.1438449502851663,1.0,0.546470796688251,0.45352920331174895
14078,YAL024C YDR141C,0.0,NA,0.00592150678858161,2850,16962,14079,0,0.49951314508276534,0.14385221078134464,1.0,0.5464385812312748,0.45356141876872524
14079,YER098W YNL147W,0.0,NA,0.005921972915530205,2850,16961,14080,0,0.4995426514413856,0.14385947201049923,1.0,0.5464063657742985,0.4535936342257015
14080,YML040W YPR129W,0.0,NA,0.005923283752053976,2850,16960,14081,0,0.4995721578000059,0.14386673397274105,1.0,0.5463741503173223,0.4536258496826778
14081,YMR030W YMR192W,0.0,NA,0.005924328695982695,2850,16959,14082,0,0.49960166415862617,0.14387399666818113,1.0,0.546341934860346,0.453658065139654
14082,YMR119W YLR209C,0.0,NA,0.005933065433055162,2850,16958,14083,0,0.4996311705172465,0.14388126009693053,1.0,0.5463097194033697,0.45369028059663025
14083,YDR142C YLR045C,0.0,NA,0.005933132953941822,2850,16957,14084,0,0.49966067687586674,0.14388852425910031,1.0,0.5462775039463935,0.45372249605360654
14084,YKL088W YGL029W,0.0,NA,0.005933740641921759,2850,16956,14085,0,0.49969018323448705,0.14389578915480158,1.0,0.5462452884894172,0.4537547115105828
14085,YDR227W YLR359W,0.0,NA,0.005937522277235985,2850,16955,14086,0,0.4997196895931073,0.14390305478414542,1.0,0.5462130730324409,0.453786926967559
14086,YLL002W YDL033C,0.0,NA,0.005937949754297733,2850,16954,14087,0,0.4997491959517276,0.14391032114724298,1.0,0.5461808575754648,0.4538191424245353
14087,YEL029C YPL160W,0.0,NA,0.0059388168156147,2850,16953,14088,0,0.4997787023103479,0.14391758824420542,1.0,0.5461486421184885,0.45385135788151154
14088,YKL156W YOR143C,0.0,NA,0.005946281366050243,2850,16952,14089,0,0.4998082086689682,0.14392485607514394,1.0,0.5461164266615122,0.45388357333848783
14089,YNL186W YBR223C,0.0,NA,0.005949418991804123,2850,16951,14090,0,0.49983771502758845,0.1439321246401697,1.0,0.546084211204536,0.45391578879546407
14090,YJL056C YDR353W,0.0,NA,0.005952163599431515,2850,16950,14091,0,0.4998672213862087,0.14393939393939395,1.0,0.5460519957475597,0.4539480042524403
14091,YDR260C YDR210C-D,0.0,NA,0.005953388288617134,2850,16949,14092,0,0.499896727744829,0.14394666397292794,1.0,0.5460197802905834,0.4539802197094166
14092,YBR089C-A YBR030W,0.0,NA,0.005955866072326899,2850,16948,14093,0,0.4999262341034493,0.14395393474088292,1.0,0.5459875648336072,0.45401243516639284
14093,tG(GCC)M YPL127C,0.0,NA,0.005955970846116543,2850,16947,14094,0,0.4999557404620696,0.14396120624337022,1.0,0.5459553493766309,0.4540446506233691
14094,YPL091W YDR461W,0.0,NA,0.005958176217973232,2850,16946,14095,0,0.49998524682068984,0.14396847848050112,1.0,0.5459231339196546,0.45407686608034536
14095,YIL145C YML007W,0.0,NA,0.005958687048405409,2850,16945,14096,0,0.5000147531793101,0.14397575145238697,1.0,0.5458909184626783,0.4541090815373216
14096,YEL065W YEL059C-A,0.0,NA,0.005962275434285402,2850,16944,14097,0,0.5000442595379304,0.14398302515913913,1.0,0.5458587030057022,0.45414129699429784
14097,YPR158C-D YLR357W,0.0,NA,0.005963442847132683,2850,16943,14098,0,0.5000737658965507,0.14399029960086898,1.0,0.5458264875487259,0.45417351245127413
14098,YHR150W YHR026W,0.0,NA,0.005964149255305529,2850,16942,14099,0,0.500103272255171,0.14399757477768796,1.0,0.5457942720917496,0.45420572790825037
14099,YLR372W YGR161W-B,0.0,NA,0.005965124350041151,2850,16941,14100,0,0.5001327786137912,0.14400485068970745,1.0,0.5457620566347734,0.45423794336522666
14100,YJL012C YBR012W-A,0.0,NA,0.005969738122075796,2850,16940,14101,0,0.5001622849724116,0.14401212733703891,1.0,0.5457298411777971,0.4542701588222029
14101,YER190W YOR140W,0.0,NA,0.005970292259007692,2850,16939,14102,0,0.5001917913310319,0.14401940471979383,1.0,0.5456976257208208,0.45430237427917913
14102,YPR158W-A YKR061W,0.0,NA,0.005971837788820267,2850,16938,14103,0,0.5002212976896521,0.14402668283808367,1.0,0.5456654102638446,0.4543345897361554
14103,YNL030W YGL027C,0.0,NA,0.005971877835690975,2850,16937,14104,0,0.5002508040482724,0.14403396169202,1.0,0.5456331948068683,0.45436680519313166
14104,YGR038W YOR343W-A,0.0,NA,0.005978564266115427,2850,16936,14105,0,0.5002803104068927,0.14404124128171433,1.0,0.545600979349892,0.4543990206501079
14105,YER102W YKL085W,0.0,NA,0.0059815943241119385,2850,16935,14106,0,0.500309816765513,0.14404852160727824,1.0,0.5455687638929159,0.4544312361070842
14106,YBL085W YBL050W,0.0,NA,0.005982870236039162,2850,16934,14107,0,0.5003393231241332,0.14405580266882329,1.0,0.5455365484359396,0.45446345156406043
14107,YLR376C YLR286C,0.0,NA,0.005989614874124527,2850,16933,14108,0,0.5003688294827535,0.1440630844664611,1.0,0.5455043329789633,0.4544956670210367
14108,YNR030W YHR200W,0.0,NA,0.0059913694858551025,2850,16932,14109,0,0.5003983358413738,0.14407036700030332,1.0,0.5454721175219871,0.45452788247801296
14109,YGR098C YML098W,0.0,NA,0.005992707330733538,2850,16931,14110,0,0.5004278421999941,0.14407765027046154,1.0,0.5454399020650108,0.4545600979349892
14110,YPR137C-A YPR005C,0.0,NA,0.0060004666447639465,2850,16930,14111,0,0.5004573485586143,0.14408493427704752,1.0,0.5454076866080345,0.4545923133919655
14111,YBR189W YPL257W-B,0.0,NA,0.0060004666447639465,2850,16929,14112,0,0.5004868549172347,0.1440922190201729,1.0,0.5453754711510583,0.4546245288489417
14112,YIR031C YBR236C,0.0,NA,0.006006900686770678,2850,16928,14113,0,0.500516361275855,0.14409950449994943,1.0,0.545343255694082,0.45465674430591796
14113,YKL048C YIL084C,0.0,NA,0.006011078599840403,2850,16927,14114,0,0.5005458676344753,0.14410679071648885,1.0,0.5453110402371057,0.45468895976289425
14114,YIR034C YKL028W,0.0,NA,0.006017415318638086,2850,16926,14115,0,0.5005753739930955,0.14411407766990292,1.0,0.5452788247801295,0.4547211752198705
14115,YOL146W YOR243C,0.0,NA,0.006019215099513531,2850,16925,14116,0,0.5006048803517158,0.14412136536030343,1.0,0.5452466093231533,0.4547533906768467
14116,YOR079C YER074W-A,0.0,NA,0.006020527798682451,2850,16924,14117,0,0.5006343867103361,0.14412865378780215,1.0,0.545214393866177,0.454785606133823
14117,YJL071W YDR328C,0.0,NA,0.006020861677825451,2850,16923,14118,0,0.5006638930689563,0.144135942952511,1.0,0.5451821784092007,0.45481782159079925
14118,YCL035C YIL145C,0.0,NA,0.00602568918839097,2850,16922,14119,0,0.5006933994275766,0.14414323285454178,1.0,0.5451499629522245,0.45485003704777555
14119,YAL003W YLR103C,0.0,NA,0.006026345770806074,2850,16921,14120,0,0.5007229057861969,0.14415052349400637,1.0,0.5451177474952482,0.4548822525047518
14120,YDR034C-D YHR101C,0.0,NA,0.006027536932379007,2850,16920,14121,0,0.5007524121448172,0.1441578148710167,1.0,0.5450855320382719,0.454914467961728
14121,YDR435C YBR252W,0.0,NA,0.006035561673343182,2850,16919,14122,0,0.5007819185034375,0.14416510698568466,1.0,0.5450533165812957,0.4549466834187043
14122,YLR286C YLR130C,0.0,NA,0.006037269718945026,2850,16918,14123,0,0.5008114248620578,0.14417239983812222,1.0,0.5450211011243195,0.45497889887568055
14123,YPL235W YDL022W,0.0,NA,0.0060399798676371574,2850,16917,14124,0,0.5008409312206781,0.14417969342844134,1.0,0.5449888856673432,0.4550111143326568
14124,YGL201C YDL082W,0.0,NA,0.0060437023639678955,2850,16916,14125,0,0.5008704375792984,0.144186987756754,1.0,0.544956670210367,0.4550433297896331
14125,YDL098C YNL082W,0.0,NA,0.006048623006790876,2850,16915,14126,0,0.5008999439379186,0.1441942828231723,1.0,0.5449244547533907,0.4550755452466093
14126,YBR082C YHL015W,0.0,NA,0.006050460506230593,2850,16914,14127,0,0.5009294502965389,0.14420157862780814,1.0,0.5448922392964144,0.4551077607035856
14127,YBR082C YLR035C,0.0,NA,0.006052244920283556,2850,16913,14128,0,0.5009589566551592,0.14420887517077366,1.0,0.5448600238394382,0.45513997616056184
14128,YHR110W YOL039W,0.0,NA,0.006052437238395214,2850,16912,14129,0,0.5009884630137794,0.14421617245218096,1.0,0.5448278083824619,0.4551721916175381
14129,YCR010C YMR042W,0.0,NA,0.006056551355868578,2850,16911,14130,0,0.5010179693723997,0.1442234704721421,1.0,0.5447955929254856,0.45520440707451437
14130,snR11 YGR232W,0.0,NA,0.0060648564249277115,2850,16910,14131,0,0.50104747573102,0.14423076923076922,1.0,0.5447633774685093,0.4552366225314906
14131,YLL036C YKL119C,0.0,NA,0.006065169349312782,2850,16909,14132,0,0.5010769820896404,0.1442380687281745,1.0,0.5447311620115332,0.45526883798846685
14132,YGR097W YNL068C,0.0,NA,0.006071317940950394,2850,16908,14133,0,0.5011064884482606,0.1442453689644701,1.0,0.5446989465545569,0.45530105344544314
14133,YPR158W-A YMR256C,0.0,NA,0.0060769119299948215,2850,16907,14134,0,0.5011359948068809,0.14425266993976818,1.0,0.5446667310975806,0.4553332689024194
14134,YLR265C YPL121C,0.0,NA,0.006077793426811695,2850,16906,14135,0,0.5011655011655012,0.144259971654181,1.0,0.5446345156406044,0.4553654843593956
14135,YMR006C YDR261W-B,0.0,NA,0.006080334074795246,2850,16905,14136,0,0.5011950075241215,0.1442672741078208,1.0,0.5446023001836281,0.4553976998163719
14136,YMR277W YDL150W,0.0,NA,0.0060869744047522545,2850,16904,14137,0,0.5012245138827417,0.14427457730079984,1.0,0.5445700847266518,0.45542991527334814
14137,YNL074C YLR227W-A,0.0,NA,0.006087178830057383,2850,16903,14138,0,0.501254020241362,0.1442818812332304,1.0,0.5445378692696756,0.45546213073032443
14138,YKR001C YDR447C,0.0,NA,0.006090809125453234,2850,16902,14139,0,0.5012835265999823,0.1442891859052248,1.0,0.5445056538126993,0.45549434618730067
14139,YDL063C YDR054C,0.0,NA,0.0060980189591646194,2850,16901,14140,0,0.5013130329586026,0.14429649131689534,1.0,0.544473438355723,0.4555265616442769
14140,YDL038C YMR167W,0.0,NA,0.006102179177105427,2850,16900,14141,0,0.5013425393172228,0.14430379746835442,1.0,0.5444412228987469,0.4555587771012532
14141,YNL194C YFL018C,0.0,NA,0.006104681175202131,2850,16899,14142,0,0.5013720456758431,0.14431110435971442,1.0,0.5444090074417706,0.45559099255822944
14142,YLR397C YGL037C,0.0,NA,0.00610975781455636,2850,16898,14143,0,0.5014015520344635,0.1443184119910877,1.0,0.5443767919847943,0.45562320801520567
14143,YPL257W-B YBR249C,0.0,NA,0.006111199967563152,2850,16897,14144,0,0.5014310583930837,0.14432572036258673,1.0,0.5443445765278181,0.45565542347218196
14144,snR38 YHR135C,0.0,NA,0.006119837053120136,2850,16896,14145,0,0.501460564751704,0.14433302947432392,1.0,0.5443123610708418,0.4556876389291582
14145,YOR119C YER059W,0.0,NA,0.006120338570326567,2850,16895,14146,0,0.5014900711103243,0.14434033932641174,1.0,0.5442801456138655,0.4557198543861345
14146,YDR058C YHR073W,0.0,NA,0.0061204400844872,2850,16894,14147,0,0.5015195774689446,0.14434764991896273,1.0,0.5442479301568893,0.45575206984311073
14147,YLR332W YCR105W,0.0,NA,0.006123303901404142,2850,16893,14148,0,0.5015490838275648,0.14435496125208935,1.0,0.544215714699913,0.45578428530008697
14148,YMR238W YHR181W,0.0,NA,0.006127187516540289,2850,16892,14149,0,0.5015785901861851,0.14436227332590415,1.0,0.5441834992429367,0.45581650075706326
14149,YJL136C YDL015C,0.0,NA,0.006127974949777126,2850,16891,14150,0,0.5016080965448054,0.14436958614051973,1.0,0.5441512837859604,0.4558487162140395
14150,YDR096W YPL115C,0.0,NA,0.006131750997155905,2850,16890,14151,0,0.5016376029034257,0.14437689969604864,1.0,0.5441190683289843,0.45588093167101573
14151,YBR029C YDR210W-B,0.0,NA,0.006137036252766848,2850,16889,14152,0,0.5016671092620459,0.14438421399260348,1.0,0.544086852872008,0.455913147127992
14152,YLR146C YJL114W,0.0,NA,0.0061377170495688915,2850,16888,14153,0,0.5016966156206663,0.1443915290302969,1.0,0.5440546374150317,0.45594536258496826
14153,YNL068C YIL039W,0.0,NA,0.006138982251286507,2850,16887,14154,0,0.5017261219792866,0.14439884480924153,1.0,0.5440224219580555,0.4559775780419445
14154,YNL222W YMR229C,0.0,NA,0.006144623272120953,2850,16886,14155,0,0.5017556283379068,0.14440616132955006,1.0,0.5439902065010792,0.4560097934989208
14155,YKR008W YNL065W,0.0,NA,0.006147317588329315,2850,16885,14156,0,0.5017851346965271,0.1444134785913352,1.0,0.5439579910441029,0.456042008955897
14156,tL(UAA)J YOR113W,0.0,NA,0.006147492211312056,2850,16884,14157,0,0.5018146410551474,0.14442079659470963,1.0,0.5439257755871267,0.4560742244128733
14157,YDR195W YJL097W,0.0,NA,0.006151869427412748,2850,16883,14158,0,0.5018441474137677,0.14442811533978614,1.0,0.5438935601301504,0.45610643986984956
14158,YNL298W YDL108W,0.0,NA,0.006158015225082636,2850,16882,14159,0,0.5018736537723879,0.14443543482667748,1.0,0.5438613446731742,0.4561386553268258
14159,YGR221C YAL053W,0.0,NA,0.00615845900028944,2850,16881,14160,0,0.5019031601310082,0.14444275505549642,1.0,0.543829129216198,0.4561708707838021
14160,YLR180W YGR161W-B,0.0,NA,0.006169924512505531,2850,16880,14161,0,0.5019326664896285,0.14445007602635582,1.0,0.5437969137592217,0.4562030862407783
14161,YDR486C YDR261W-B,0.0,NA,0.0061716618947684765,2850,16879,14162,0,0.5019621728482488,0.14445739773936844,1.0,0.5437646983022454,0.45623530169775456
14162,YFL056C YGR288W,0.0,NA,0.006172293797135353,2850,16878,14163,0,0.501991679206869,0.1444647201946472,1.0,0.5437324828452692,0.45626751715473085
14163,YLR256W YPL093W,0.0,NA,0.00617389939725399,2850,16877,14164,0,0.5020211855654894,0.14447204339230496,1.0,0.5437002673882929,0.4562997326117071
14164,snR38 YDL236W,0.0,NA,0.006175312679260969,2850,16876,14165,0,0.5020506919241097,0.14447936733245462,1.0,0.5436680519313166,0.4563319480686834
14165,YGR049W YNR057C,0.0,NA,0.00617646612226963,2850,16875,14166,0,0.50208019828273,0.1444866920152091,1.0,0.5436358364743404,0.4563641635256596
14166,YER096W YOR018W,0.0,NA,0.00617965729907155,2850,16874,14167,0,0.5021097046413502,0.1444940174406814,1.0,0.5436036210173641,0.45639637898263585
14167,YPR158C-C YJR094C,0.0,NA,0.006180345546454191,2850,16873,14168,0,0.5021392109999705,0.14450134360898442,1.0,0.5435714055603879,0.45642859443961215
14168,YCL008C tS(AGA)M,0.0,NA,0.006180409342050552,2850,16872,14169,0,0.5021687173585908,0.14450867052023122,1.0,0.5435391901034116,0.4564608098965884
14169,YDR408C tG(GCC)D2,0.0,NA,0.00618440005928278,2850,16871,14170,0,0.502198223717211,0.14451599817453475,1.0,0.5435069746464354,0.4564930253535646
14170,YDR227W YKR066C,0.0,NA,0.00618527689948678,2850,16870,14171,0,0.5022277300758313,0.14452332657200812,1.0,0.5434747591894591,0.4565252408105409
14171,YOR254C YPL209C,0.0,NA,0.006186662707477808,2850,16869,14172,0,0.5022572364344516,0.14453065571276433,1.0,0.5434425437324828,0.45655745626751715
14172,YDR422C YDR210W-B,0.0,NA,0.006192526780068874,2850,16868,14173,0,0.502286742793072,0.14453798559691652,1.0,0.5434103282755066,0.4565896717244934
14173,YGR208W YNL262W,0.0,NA,0.006194733548909426,2850,16867,14174,0,0.5023162491516922,0.14454531622457778,1.0,0.5433781128185303,0.4566218871814697
14174,YKL172W YLR055C,0.0,NA,0.006201230455189943,2850,16866,14175,0,0.5023457555103125,0.14455264759586123,1.0,0.543345897361554,0.4566541026384459
14175,YLR127C YKL060C,0.0,NA,0.006202253513038158,2850,16865,14176,0,0.5023752618689328,0.14455997971088005,1.0,0.5433136819045778,0.4566863180954222
14176,YOR307C YOR026W,0.0,NA,0.006203100085258484,2850,16864,14177,0,0.5024047682275531,0.1445673125697474,1.0,0.5432814664476016,0.45671853355239844
14177,YIL003W YIL099W,0.0,NA,0.006208684761077166,2850,16863,14178,0,0.5024342745861733,0.14457464617257648,1.0,0.5432492509906253,0.4567507490093747
14178,YDR221W YPR173C,0.0,NA,0.006209828890860081,2850,16862,14179,0,0.5024637809447936,0.1445819805194805,1.0,0.5432170355336491,0.45678296446635097
14179,YER023W YER088C,0.0,NA,0.0062150550074875355,2850,16861,14180,0,0.5024932873034139,0.14458931561057278,1.0,0.5431848200766728,0.4568151799233272
14180,Q0045 YGR085C,0.0,NA,0.006215909030288458,2850,16860,14181,0,0.5025227936620341,0.1445966514459665,1.0,0.5431526046196965,0.45684739538030344
14181,YOR320C YPR055W,0.0,NA,0.006221386604011059,2850,16859,14182,0,0.5025523000206544,0.14460398802577504,1.0,0.5431203891627203,0.45687961083727974
14182,YBL005W YOR316C,0.0,NA,0.0062268078327178955,2850,16858,14183,0,0.5025818063792747,0.14461132535011162,1.0,0.543088173705744,0.456911826294256
14183,YOR353C YCR009C,0.0,NA,0.006238508969545364,2850,16857,14184,0,0.502611312737895,0.14461866341908966,1.0,0.5430559582487677,0.45694404175123227
14184,YER157W YDR135C,0.0,NA,0.006239301525056362,2850,16856,14185,0,0.5026408190965153,0.1446260022328225,1.0,0.5430237427917916,0.4569762572082085
14185,YGR140W YDR004W,0.0,NA,0.006242143921554089,2850,16855,14186,0,0.5026703254551356,0.1446333417914235,1.0,0.5429915273348153,0.45700847266518474
14186,YDL108W YFR036W,0.0,NA,0.006244599353522062,2850,16854,14187,0,0.5026998318137559,0.14464068209500608,1.0,0.542959311877839,0.45704068812216103
14187,YLR227C YBL101C,0.0,NA,0.006247952580451965,2850,16853,14188,0,0.5027293381723762,0.1446480231436837,1.0,0.5429270964208627,0.45707290357913727
14188,YPR158W-B YJR055W,0.0,NA,0.006250268314033747,2850,16852,14189,0,0.5027588445309964,0.14465536493756978,1.0,0.5428948809638865,0.4571051190361135
14189,YPL224C YLR303W,0.0,NA,0.006254155188798904,2850,16851,14190,0,0.5027883508896167,0.14466270747677784,1.0,0.5428626655069102,0.4571373344930898
14190,YDR483W YGL198W,0.0,NA,0.0062660533003509045,2850,16850,14191,0,0.502817857248237,0.1446700507614213,1.0,0.5428304500499339,0.45716954995006603
14191,YBR293W YNR072W,0.0,NA,0.006266694515943527,2850,16849,14192,0,0.5028473636068572,0.1446773947916138,1.0,0.5427982345929577,0.4572017654070423
14192,YIL052C YJL035C,0.0,NA,0.006268640048801899,2850,16848,14193,0,0.5028768699654775,0.14468473956746877,1.0,0.5427660191359814,0.45723398086401856
14193,YBR048W YJR125C,0.0,NA,0.006269831210374832,2850,16847,14194,0,0.5029063763240978,0.14469208508909986,1.0,0.5427338036790051,0.4572661963209948
14194,YDR098C-A YGR187C,0.0,NA,0.006271400023251772,2850,16846,14195,0,0.5029358826827182,0.14469943135662064,1.0,0.542701588222029,0.4572984117779711
14195,YJR103W YDL099W,0.0,NA,0.006274791434407234,2850,16845,14196,0,0.5029653890413384,0.1447067783701447,1.0,0.5426693727650527,0.45733062723494733
14196,YPL268W YHR018C,0.0,NA,0.00627485103905201,2850,16844,14197,0,0.5029948953999587,0.1447141261297857,1.0,0.5426371573080764,0.45736284269192357
14197,YLR085C YGL153W,0.0,NA,0.006280038971453905,2850,16843,14198,0,0.503024401758579,0.14472147463565735,1.0,0.5426049418511002,0.45739505814889986
14198,YMR220W YPL275W,0.0,NA,0.006282265298068523,2850,16842,14199,0,0.5030539081171993,0.14472882388787325,1.0,0.5425727263941239,0.4574272736058761
14199,YJL044C YLR436C,0.0,NA,0.006286032032221556,2850,16841,14200,0,0.5030834144758195,0.14473617388654716,1.0,0.5425405109371476,0.45745948906285233
14200,YGR086C YMR162C,0.0,NA,0.006286362186074257,2850,16840,14201,0,0.5031129208344398,0.1447435246317928,1.0,0.5425082954801714,0.4574917045198286
14201,YHR084W YPR149W,0.0,NA,0.006287428550422192,2850,16839,14202,0,0.5031424271930601,0.14475087612372392,1.0,0.5424760800231951,0.45752391997680486
14202,YOR265W YJR123W,0.0,NA,0.006291111931204796,2850,16838,14203,0,0.5031719335516804,0.14475822836245428,1.0,0.5424438645662188,0.45755613543378115
14203,YLR367W YJR137C,0.0,NA,0.006291529629379511,2850,16837,14204,0,0.5032014399103006,0.14476558134809772,1.0,0.5424116491092427,0.4575883508907574
14204,YML103C YJR160C,0.0,NA,0.006295176688581705,2850,16836,14205,0,0.503230946268921,0.14477293508076805,1.0,0.5423794336522664,0.4576205663477336
14205,YPR131C YCL044C,0.0,NA,0.006296689622104168,2850,16835,14206,0,0.5032604526275413,0.14478028956057912,1.0,0.5423472181952901,0.4576527818047099
14206,YLR005W YLR035C,0.0,NA,0.006300106178969145,2850,16834,14207,0,0.5032899589861615,0.14478764478764478,1.0,0.5423150027383138,0.45768499726168616
14207,YGL238W YGL232W,0.0,NA,0.006301712244749069,2850,16833,14208,0,0.5033194653447818,0.14479500076207896,1.0,0.5422827872813376,0.4577172127186624
14208,YNL117W YNL001W,0.0,NA,0.006302522029727697,2850,16832,14209,0,0.5033489717034021,0.14480235748399553,1.0,0.5422505718243613,0.4577494281756387
14209,YMR266W YJR084W,0.0,NA,0.00630450202152133,2850,16831,14210,0,0.5033784780620224,0.14480971495350847,1.0,0.542218356367385,0.4577816436326149
14210,YPL258C YLR071C,0.0,NA,0.006310040131211281,2850,16830,14211,0,0.5034079844206426,0.1448170731707317,1.0,0.5421861409104088,0.4578138590895912
14211,YMR194W YPR112C,0.0,NA,0.0063173603266477585,2850,16829,14212,0,0.5034374907792629,0.14482443213577925,1.0,0.5421539254534326,0.45784607454656745
14212,YGR027W-B YDR162C,0.0,NA,0.00631742924451828,2850,16828,14213,0,0.5034669971378832,0.14483179184876513,1.0,0.5421217099964563,0.4578782900035437
14213,YGL113W YDL056W,0.0,NA,0.006320153828710318,2850,16827,14214,0,0.5034965034965035,0.14483915230980332,1.0,0.5420894945394801,0.45791050546052
14214,YMR127C YGR262C,0.0,NA,0.006326958071440458,2850,16826,14215,0,0.5035260098551237,0.14484651351900793,1.0,0.5420572790825038,0.4579427209174962
14215,YBR264C YOR204W,0.0,NA,0.006328496150672436,2850,16825,14216,0,0.5035555162137441,0.144853875476493,1.0,0.5420250636255275,0.45797493637447245
14216,YLR145W YDR512C,0.0,NA,0.006342088337987661,2850,16824,14217,0,0.5035850225723644,0.14486123818237268,1.0,0.5419928481685513,0.45800715183144874
14217,YCR065W tG(GCC)O1,0.0,NA,0.006343494635075331,2850,16823,14218,0,0.5036145289309846,0.14486860163676105,1.0,0.541960632711575,0.458039367288425
14218,YML014W YDL222C,0.0,NA,0.00635302672162652,2850,16822,14219,0,0.5036440352896049,0.14487596583977227,1.0,0.5419284172545987,0.4580715827454012
14219,YDR227W YGR180C,0.0,NA,0.00635463697835803,2850,16821,14220,0,0.5036735416482252,0.14488333079152052,1.0,0.5418962017976225,0.4581037982023775
14220,YPL076W YPR051W,0.0,NA,0.006358025129884481,2850,16820,14221,0,0.5037030480068455,0.14489069649211997,1.0,0.5418639863406463,0.45813601365935375
14221,YHR152W YPR078C,0.0,NA,0.006360664498060942,2850,16819,14222,0,0.5037325543654657,0.1448980629416849,1.0,0.54183177088367,0.45816822911633004
14222,YJL033W YOR388C,0.0,NA,0.006362617947161198,2850,16818,14223,0,0.503762060724086,0.14490543014032947,1.0,0.5417995554266938,0.4582004445733063
14223,YGR027W-A YPL164C,0.0,NA,0.006363790947943926,2850,16817,14224,0,0.5037915670827063,0.144912798088168,1.0,0.5417673399697175,0.4582326600302825
14224,YDL119C YDR147W,0.0,NA,0.006364152766764164,2850,16816,14225,0,0.5038210734413267,0.14492016678531475,1.0,0.5417351245127412,0.4582648754872588
14225,YGR283C YKL045W,0.0,NA,0.00636774767190218,2850,16815,14226,0,0.5038505797999469,0.14492753623188406,1.0,0.5417029090557649,0.45829709094423504
14226,YMR028W YGL029W,0.0,NA,0.006374497432261705,2850,16814,14227,0,0.5038800861585672,0.14493490642799023,1.0,0.5416706935987887,0.4583293064012113
14227,YJR147W YER055C,0.0,NA,0.006374509539455175,2850,16813,14228,0,0.5039095925171875,0.14494227737374765,1.0,0.5416384781418124,0.45836152185818757
14228,YFR010W YDR311W,0.0,NA,0.006379410158842802,2850,16812,14229,0,0.5039390988758078,0.1449496490692707,1.0,0.5416062626848361,0.4583937373151638
14229,YDR471W YIL009W,0.0,NA,0.006379761267453432,2850,16811,14230,0,0.503968605234428,0.1449570215146737,1.0,0.54157404722786,0.4584259527721401
14230,YEL017C-A YJL205C,0.0,NA,0.00637987582013011,2850,16810,14231,0,0.5039981115930483,0.14496439471007122,1.0,0.5415418317708837,0.45845816822911634
14231,YNL236W YOR069W,0.0,NA,0.006388006266206503,2850,16809,14232,0,0.5040276179516686,0.1449717686555776,1.0,0.5415096163139074,0.4584903836860926
14232,YHR023W YHR086W,0.0,NA,0.006388841196894646,2850,16808,14233,0,0.5040571243102888,0.14497914335130735,1.0,0.5414774008569312,0.45852259914306887
14233,YKR076W YOR204W,0.0,NA,0.0063907247968018055,2850,16807,14234,0,0.5040866306689091,0.14498651879737498,1.0,0.5414451853999549,0.4585548146000451
14234,YLR197W YPR138C,0.0,NA,0.0063936891965568066,2850,16806,14235,0,0.5041161370275294,0.144993894993895,1.0,0.5414129699429786,0.45858703005702134
14235,YBR247C YMR016C,0.0,NA,0.0064003001898527145,2850,16805,14236,0,0.5041456433861498,0.14500127194098195,1.0,0.5413807544860024,0.45861924551399763
14236,YPL052W YNL054W-B,0.0,NA,0.0064032841473817825,2850,16804,14237,0,0.50417514974477,0.14500864963875038,1.0,0.5413485390290261,0.45865146097097387
14237,tD(GUC)J1 YOR236W,0.0,NA,0.0064037698321044445,2850,16803,14238,0,0.5042046561033903,0.14501602808731492,1.0,0.5413163235720498,0.4586836764279501
14238,YGR145W YPL232W,0.0,NA,0.006406112108379602,2850,16802,14239,0,0.5042341624620106,0.14502340728679014,1.0,0.5412841081150737,0.4587158918849264
14239,YOR142W-A YDR021W,0.0,NA,0.006408686749637127,2850,16801,14240,0,0.5042636688206309,0.14503078723729074,1.0,0.5412518926580974,0.45874810734190263
14240,YGR027W-A YJL166W,0.0,NA,0.006412288639694452,2850,16800,14241,0,0.5042931751792511,0.1450381679389313,1.0,0.5412196772011211,0.4587803227988789
14241,YNR074C YOR190W,0.0,NA,0.0064159478060901165,2850,16799,14242,0,0.5043226815378714,0.14504554939182657,1.0,0.5411874617441449,0.45881253825585516
14242,YLR333C YGL144C,0.0,NA,0.006423532962799072,2850,16798,14243,0,0.5043521878964917,0.1450529315960912,1.0,0.5411552462871686,0.4588447537128314
14243,YIL148W YHR208W,0.0,NA,0.006434915587306023,2850,16797,14244,0,0.5043816942551119,0.14506031455184,1.0,0.5411230308301923,0.4588769691698077
14244,YDR425W YNL178W,0.0,NA,0.006434918846935034,2850,16796,14245,0,0.5044112006137322,0.1450676982591876,1.0,0.541090815373216,0.45890918462678393
14245,YHR136C YML035C,0.0,NA,0.006435986142605543,2850,16795,14246,0,0.5044407069723525,0.14507508271824893,1.0,0.5410585999162398,0.45894140008376016
14246,YBR059C YLR113W,0.0,NA,0.0064384471625089645,2850,16794,14247,0,0.5044702133309729,0.14508246792913868,1.0,0.5410263844592635,0.45897361554073646
14247,YDR123C YPL233W,0.0,NA,0.006441803183406591,2850,16793,14248,0,0.5044997196895931,0.14508985389197168,1.0,0.5409941690022873,0.4590058309977127
14248,YMR226C YER137C-A,0.0,NA,0.006446645595133305,2850,16792,14249,0,0.5045292260482134,0.14509724060686285,1.0,0.5409619535453111,0.459038046454689
14249,YCR012W YGL035C,0.0,NA,0.0064543308690190315,2850,16791,14250,0,0.5045587324068337,0.145104628073927,1.0,0.5409297380883348,0.4590702619116652
14250,YGR161W-B YER056C,0.0,NA,0.0064557138830423355,2850,16790,14251,0,0.504588238765454,0.14511201629327902,1.0,0.5408975226313585,0.45910247736864146
14251,YDR436W YJL156C,0.0,NA,0.006459189113229513,2850,16789,14252,0,0.5046177451240742,0.14511940526503386,1.0,0.5408653071743823,0.45913469282561775
14252,YGR208W YOL103W-B,0.0,NA,0.006473894231021404,2850,16788,14253,0,0.5046472514826945,0.14512679498930645,1.0,0.540833091717406,0.459166908282594
14253,YBL028C YDR146C,0.0,NA,0.006475534755736589,2850,16787,14254,0,0.5046767578413148,0.14513418546621173,1.0,0.5408008762604297,0.4591991237395702
14254,YDR210C-D YCR053W,0.0,NA,0.006479358766227961,2850,16786,14255,0,0.5047062641999351,0.14514157669586475,1.0,0.5407686608034535,0.4592313391965465
14255,YBR264C YDR244W,0.0,NA,0.006484806537628174,2850,16785,14256,0,0.5047357705585553,0.14514896867838045,1.0,0.5407364453464772,0.45926355465352275
14256,YGL238W YDR285W,0.0,NA,0.006485872436314821,2850,16784,14257,0,0.5047652769171757,0.1451563614138739,1.0,0.540704229889501,0.459295770110499
14257,YOR192C-A YIL117C,0.0,NA,0.006488478276878595,2850,16783,14258,0,0.504794783275796,0.14516375490246014,1.0,0.5406720144325248,0.4593279855674753
14258,YLR401C YPL084W,0.0,NA,0.006488500162959099,2850,16782,14259,0,0.5048242896344162,0.14517114914425427,1.0,0.5406397989755485,0.4593602010244515
14259,YIL133C YHR118C,0.0,NA,0.006488617043942213,2850,16781,14260,0,0.5048537959930365,0.1451785441393714,1.0,0.5406075835185722,0.4593924164814278
14260,YOR219C YHL022C,0.0,NA,0.006489050108939409,2850,16780,14261,0,0.5048833023516568,0.14518593988792663,1.0,0.540575368061596,0.45942463193840405
14261,YLR309C YPR118W,0.0,NA,0.006501894444227219,2850,16779,14262,0,0.5049128087102771,0.14519333639003515,1.0,0.5405431526046197,0.4594568473953803
14262,YNL312W tA(AGC)J,0.0,NA,0.006511005572974682,2850,16778,14263,0,0.5049423150688973,0.1452007336458121,1.0,0.5405109371476434,0.4594890628523566
14263,YEL058W YDL191W,0.0,NA,0.006512467749416828,2850,16777,14264,0,0.5049718214275176,0.1452081316553727,1.0,0.5404787216906671,0.4595212783093328
14264,YNR023W YPR031W,0.0,NA,0.00651300186291337,2850,16776,14265,0,0.5050013277861379,0.14521553041883217,1.0,0.540446506233691,0.45955349376630905
14265,YGL251C YNL163C,0.0,NA,0.006517764180898666,2850,16775,14266,0,0.5050308341447582,0.14522292993630573,1.0,0.5404142907767147,0.45958570922328534
14266,YPL267W YGL084C,0.0,NA,0.0065185269340872765,2850,16774,14267,0,0.5050603405033784,0.14523033020790868,1.0,0.5403820753197384,0.4596179246802616
14267,YMR232W YMR041C,0.0,NA,0.006518681533634663,2850,16773,14268,0,0.5050898468619988,0.1452377312337563,1.0,0.5403498598627622,0.4596501401372379
14268,YIR009W YLR154C,0.0,NA,0.006520809605717659,2850,16772,14269,0,0.5051193532206191,0.1452451330139639,1.0,0.5403176444057859,0.4596823555942141
14269,YDR303C YOR270C,0.0,NA,0.006528821308165789,2850,16771,14270,0,0.5051488595792393,0.14525253554864687,1.0,0.5402854289488096,0.45971457105119035
14270,YPL157W YGR172C,0.0,NA,0.006531568244099617,2850,16770,14271,0,0.5051783659378596,0.1452599388379205,1.0,0.5402532134918334,0.45974678650816664
14271,YGR091W YFR036W,0.0,NA,0.006541179493069649,2850,16769,14272,0,0.5052078722964799,0.14526734288190019,1.0,0.5402209980348571,0.4597790019651429
14272,YIL039W YER052C,0.0,NA,0.006544529926031828,2850,16768,14273,0,0.5052373786551002,0.1452747476807014,1.0,0.5401887825778808,0.4598112174221191
14273,YOR192C YDR196C,0.0,NA,0.006549181882292032,2850,16767,14274,0,0.5052668850137204,0.14528215323443952,1.0,0.5401565671209047,0.4598434328790954
14274,YGL150C YOR192C-B,0.0,NA,0.0065508014522492886,2850,16766,14275,0,0.5052963913723407,0.14528955954323003,1.0,0.5401243516639284,0.45987564833607164
14275,YOR332W YNL244C,0.0,NA,0.006554920691996813,2850,16765,14276,0,0.505325897730961,0.14529696660718838,1.0,0.5400921362069521,0.4599078637930479
14276,YEL064C YOR021C,0.0,NA,0.0065586138516664505,2850,16764,14277,0,0.5053554040895814,0.1453043744264301,1.0,0.5400599207499759,0.45994007925002417
14277,YMR044W YLR426W,0.0,NA,0.0065653626807034016,2850,16763,14278,0,0.5053849104482016,0.14531178300107073,1.0,0.5400277052929996,0.4599722947070004
14278,YDR227W YDR210C-D,0.0,NA,0.00656555499881506,2850,16762,14279,0,0.5054144168068219,0.14531919233122578,1.0,0.5399954898360233,0.4600045101639767
14279,YGL161C YLR436C,0.0,NA,0.0065675838850438595,2850,16761,14280,0,0.5054439231654422,0.14532660241701087,1.0,0.5399632743790471,0.46003672562095294
14280,YDR221W YHR112C,0.0,NA,0.00656930124387145,2850,16760,14281,0,0.5054734295240625,0.14533401325854156,1.0,0.5399310589220708,0.46006894107792917
14281,YOL146W YLR210W,0.0,NA,0.0065766433253884315,2850,16759,14282,0,0.5055029358826827,0.1453414248559335,1.0,0.5398988434650945,0.46010115653490546
14282,YNL104C YBR280C,0.0,NA,0.006579880602657795,2850,16758,14283,0,0.505532442241303,0.14534883720930233,1.0,0.5398666280081182,0.4601333719918817
14283,YMR310C YPR103W,0.0,NA,0.006582561880350113,2850,16757,14284,0,0.5055619485999233,0.1453562503187637,1.0,0.5398344125511421,0.46016558744885794
14284,YPR186C YDR320C-A,0.0,NA,0.006590642500668764,2850,16756,14285,0,0.5055914549585435,0.14536366418443333,1.0,0.5398021970941658,0.46019780290583423
14285,YPR062W YKR020W,0.0,NA,0.006592756137251854,2850,16755,14286,0,0.5056209613171638,0.14537107880642694,1.0,0.5397699816371895,0.46023001836281047
14286,YOR281C YOR021C,0.0,NA,0.006594233680516481,2850,16754,14287,0,0.5056504676757841,0.14537849418486024,1.0,0.5397377661802133,0.46026223381978676
14287,YNL037C YKR055W,0.0,NA,0.0065987021662294865,2850,16753,14288,0,0.5056799740344045,0.14538591031984902,1.0,0.539705550723237,0.460294449276763
14288,YBR127C YGL234W,0.0,NA,0.006605544593185186,2850,16752,14289,0,0.5057094803930247,0.14539332721150902,1.0,0.5396733352662607,0.46032666473373923
14289,YNL054W-B YDR308C,0.0,NA,0.006608148105442524,2850,16751,14290,0,0.505738986751645,0.14540074485995613,1.0,0.5396411198092845,0.4603588801907155
14290,YNL183C YLR094C,0.0,NA,0.006608862429857254,2850,16750,14291,0,0.5057684931102653,0.14540816326530612,1.0,0.5396089043523082,0.46039109564769176
14291,YDL140C YER015W,0.0,NA,0.006614738143980503,2850,16749,14292,0,0.5057979994688856,0.14541558242767488,1.0,0.539576688895332,0.460423311104668
14292,YOR021C YGR141W,0.0,NA,0.006614800076931715,2850,16748,14293,0,0.5058275058275058,0.14542300234717828,1.0,0.5395444734383558,0.4604555265616443
14293,YGL004C YIL014W,0.0,NA,0.006620508618652821,2850,16747,14294,0,0.5058570121861261,0.14543042302393225,1.0,0.5395122579813795,0.4604877420186205
14294,YBR018C YER137C-A,0.0,NA,0.006624890957027674,2850,16746,14295,0,0.5058865185447464,0.14543784445805266,1.0,0.5394800425244032,0.46051995747559676
14295,YHR039C YDR244W,0.0,NA,0.006625993177294731,2850,16745,14296,0,0.5059160249033666,0.1454452666496555,1.0,0.539447827067427,0.46055217293257306
14296,YHR023W YOR324C,0.0,NA,0.006636376958340406,2850,16744,14297,0,0.5059455312619869,0.1454526895988568,1.0,0.5394156116104507,0.4605843883895493
14297,YDR515W YDR422C,0.0,NA,0.00663957092911005,2850,16743,14298,0,0.5059750376206072,0.14546011330577246,1.0,0.5393833961534744,0.4606166038465256
14298,YPL085W YPL093W,0.0,NA,0.006640285719186068,2850,16742,14299,0,0.5060045439792276,0.14546753777051857,1.0,0.5393511806964982,0.4606488193035018
14299,YNL178W YBR059C,0.0,NA,0.006641128100454807,2850,16741,14300,0,0.5060340503378478,0.14547496299321117,1.0,0.5393189652395219,0.46068103476047806
14300,YDR463W YGL017W,0.0,NA,0.0066422950476408005,2850,16740,14301,0,0.5060635566964681,0.14548238897396631,1.0,0.5392867497825456,0.46071325021745435
14301,snR11 YFR051C,0.0,NA,0.00664264801889658,2850,16739,14302,0,0.5060930630550884,0.1454898157129001,1.0,0.5392545343255694,0.4607454656744306
14302,YGR060W YIL014W,0.0,NA,0.006643346510827541,2850,16738,14303,0,0.5061225694137087,0.14549724321012866,1.0,0.5392223188685932,0.4607776811314068
14303,YCR065W YJR094C,0.0,NA,0.006645779591053724,2850,16737,14304,0,0.5061520757723289,0.14550467146576812,1.0,0.5391901034116169,0.4608098965883831
14304,YMR263W YPL270W,0.0,NA,0.006648452021181583,2850,16736,14305,0,0.5061815821309492,0.14551210047993465,1.0,0.5391578879546406,0.46084211204535935
14305,YBR085W YDR163W,0.0,NA,0.00664862897247076,2850,16735,14306,0,0.5062110884895695,0.14551953025274444,1.0,0.5391256724976644,0.46087432750233565
14306,YPL081W YPL020C,0.0,NA,0.006656746380031109,2850,16734,14307,0,0.5062405948481898,0.14552696078431374,1.0,0.5390934570406881,0.4609065429593119
14307,YBR089C-A YER133W,0.0,NA,0.006659559439867735,2850,16733,14308,0,0.50627010120681,0.1455343920747587,1.0,0.5390612415837118,0.4609387584162881
14308,YIL035C YGL207W,0.0,NA,0.006665927357971668,2850,16732,14309,0,0.5062996075654304,0.1455418241241957,1.0,0.5390290261267356,0.4609709738732644
14309,Q0160 YBR041W,0.0,NA,0.0066659594886004925,2850,16731,14310,0,0.5063291139240507,0.14554925693274093,1.0,0.5389968106697594,0.46100318933024065
14310,YOR257W YGR187C,0.0,NA,0.006666451692581177,2850,16730,14311,0,0.5063586202826709,0.14555669050051073,1.0,0.5389645952127831,0.4610354047872169
14311,YLR410W-B YGL105W,0.0,NA,0.006669739726930857,2850,16729,14312,0,0.5063881266412912,0.14556412482762143,1.0,0.5389323797558069,0.4610676202441932
14312,YJR160C YNL201C,0.0,NA,0.006670709699392319,2850,16728,14313,0,0.5064176329999115,0.1455715599141894,1.0,0.5389001642988306,0.4610998357011694
14313,YOR245C YNL219C,0.0,NA,0.006673598196357489,2850,16727,14314,0,0.5064471393585318,0.145578995760331,1.0,0.5388679488418543,0.4611320511581457
14314,YHR184W YOR008C-A,0.0,NA,0.0066740852780640125,2850,16726,14315,0,0.506476645717152,0.14558643236616264,1.0,0.5388357333848781,0.46116426661512194
14315,YJR158W YNL044W,0.0,NA,0.0066753593273460865,2850,16725,14316,0,0.5065061520757723,0.14559386973180077,1.0,0.5388035179279018,0.4611964820720982
14316,YIL104C YOR167C,0.0,NA,0.00667687738314271,2850,16724,14317,0,0.5065356584343926,0.1456013078573618,1.0,0.5387713024709255,0.46122869752907447
14317,YNR020C YOR025W,0.0,NA,0.006679132115095854,2850,16723,14318,0,0.506565164793013,0.14560874674296223,1.0,0.5387390870139493,0.4612609129860507
14318,YDL046W YAL047C,0.0,NA,0.00668215099722147,2850,16722,14319,0,0.5065946711516331,0.14561618638871857,1.0,0.538706871556973,0.46129312844302695
14319,YDR310C YGR206W,0.0,NA,0.006682878825813532,2850,16721,14320,0,0.5066241775102535,0.14562362679474733,1.0,0.5386746560999968,0.46132534390000324
14320,YJL083W YDL081C,0.0,NA,0.006683303043246269,2850,16720,14321,0,0.5066536838688738,0.14563106796116504,1.0,0.5386424406430205,0.4613575593569795
14321,YLL011W YBR010W,0.0,NA,0.006684759631752968,2850,16719,14322,0,0.506683190227494,0.1456385098880883,1.0,0.5386102251860443,0.4613897748139557
14322,YKL034W YNL065W,0.0,NA,0.006684908177703619,2850,16718,14323,0,0.5067126965861143,0.14564595257563367,1.0,0.538578009729068,0.461421990270932
14323,YFR029W YGL095C,0.0,NA,0.006688547320663929,2850,16717,14324,0,0.5067422029447346,0.14565339602391783,1.0,0.5385457942720917,0.46145420572790824
14324,YDR335W YEL024W,0.0,NA,0.00669026467949152,2850,16716,14325,0,0.5067717093033549,0.14566084023305734,1.0,0.5385135788151155,0.46148642118488453
14325,YML082W YPL257W-A,0.0,NA,0.006692280061542988,2850,16715,14326,0,0.5068012156619751,0.14566828520316893,1.0,0.5384813633581392,0.46151863664186077
14326,snR14 YDR477W,0.0,NA,0.006693301256746054,2850,16714,14327,0,0.5068307220205954,0.14567573093436925,1.0,0.5384491479011629,0.461550852098837
14327,YBL041W YMR256C,0.0,NA,0.006693636998534203,2850,16713,14328,0,0.5068602283792157,0.14568317742677503,1.0,0.5384169324441868,0.4615830675558133
14328,tA(AGC)P YDR059C,0.0,NA,0.006699336692690849,2850,16712,14329,0,0.506889734737836,0.145690624680503,1.0,0.5383847169872105,0.46161528301278953
14329,snR17a YKL109W,0.0,NA,0.006699625868350267,2850,16711,14330,0,0.5069192410964563,0.14569807269566995,1.0,0.5383525015302342,0.46164749846976577
14330,YCR067C YLR260W,0.0,NA,0.006704698316752911,2850,16710,14331,0,0.5069487474550766,0.14570552147239263,1.0,0.538320286073258,0.46167971392674206
14331,YDR423C YLR423C,0.0,NA,0.0067072296515107155,2850,16709,14332,0,0.5069782538136969,0.14571297101078787,1.0,0.5382880706162817,0.4617119293837183
14332,YOR192C YDL015C,0.0,NA,0.006707658991217613,2850,16708,14333,0,0.5070077601723171,0.1457204213109725,1.0,0.5382558551593054,0.4617441448406946
14333,YDL238C YDR176W,0.0,NA,0.006710798479616642,2850,16707,14334,0,0.5070372665309374,0.14572787237306337,1.0,0.5382236397023292,0.46177636029767083
14334,YJR066W YLR017W,0.0,NA,0.0067118252627551556,2850,16706,14335,0,0.5070667728895577,0.14573532419717733,1.0,0.5381914242453529,0.46180857575464707
14335,YDR131C YHL040C,0.0,NA,0.0067139677703380585,2850,16705,14336,0,0.507096279248178,0.14574277678343134,1.0,0.5381592087883766,0.46184079121162336
14336,YDL031W YGL144C,0.0,NA,0.006718456279486418,2850,16704,14337,0,0.5071257856067982,0.14575023013194233,1.0,0.5381269933314005,0.4618730066685996
14337,YCL037C YEL062W,0.0,NA,0.0067198919132351875,2850,16703,14338,0,0.5071552919654185,0.1457576842428272,1.0,0.5380947778744242,0.46190522212557583
14338,YBL058W YGL192W,0.0,NA,0.006724626291543245,2850,16702,14339,0,0.5071847983240388,0.14576513911620295,1.0,0.5380625624174479,0.4619374375825521
14339,YPL257W-A YDL098C,0.0,NA,0.006726231426000595,2850,16701,14340,0,0.5072143046826592,0.1457725947521866,1.0,0.5380303469604716,0.46196965303952836
14340,YNR056C tG(GCC)C,0.0,NA,0.006728414446115494,2850,16700,14341,0,0.5072438110412794,0.14578005115089515,1.0,0.5379981315034954,0.4620018684965046
14341,YPL051W YDL038C,0.0,NA,0.00673012575134635,2850,16699,14342,0,0.5072733173998997,0.14578750831244566,1.0,0.5379659160465191,0.4620340839534809
14342,YDR308C YDL214C,0.0,NA,0.006732695270329714,2850,16698,14343,0,0.50730282375852,0.14579496623695518,1.0,0.5379337005895428,0.4620662994104571
14343,YFR031C-A YDL076C,0.0,NA,0.006736165378242731,2850,16697,14344,0,0.5073323301171403,0.14580242492454085,1.0,0.5379014851325666,0.4620985148674334
14344,YPR154W YDL230W,0.0,NA,0.006741939578205347,2850,16696,14345,0,0.5073618364757605,0.14580988437531975,1.0,0.5378692696755903,0.46213073032440966
14345,YNL322C YKR062W,0.0,NA,0.006742712110280991,2850,16695,14346,0,0.5073913428343808,0.14581734458940906,1.0,0.537837054218614,0.4621629457813859
14346,YBL100W-B YKR003W,0.0,NA,0.006744484882801771,2850,16694,14347,0,0.5074208491930011,0.1458248055669259,1.0,0.5378048387616379,0.4621951612383622
14347,YLL042C YKR002W,0.0,NA,0.006747622508555651,2850,16693,14348,0,0.5074503555516213,0.1458322673079875,1.0,0.5377726233046616,0.4622273766953384
14348,YLR376C YPR079W,0.0,NA,0.006747826933860779,2850,16692,14349,0,0.5074798619102416,0.1458397298127111,1.0,0.5377404078476853,0.46225959215231466
14349,Q0115 YAL009W,0.0,NA,0.006757651921361685,2850,16691,14350,0,0.507509368268862,0.14584719308121386,1.0,0.5377081923907091,0.46229180760929095
14350,YER043C tR(UCU)M2,0.0,NA,0.006758321076631546,2850,16690,14351,0,0.5075388746274823,0.1458546571136131,1.0,0.5376759769337328,0.4623240230662672
14351,YNL258C YNR013C,0.0,NA,0.006759642623364925,2850,16689,14352,0,0.5075683809861025,0.1458621219100261,1.0,0.5376437614767565,0.4623562385232435
14352,YGL123W YLR248W,0.0,NA,0.006761858705431223,2850,16688,14353,0,0.5075978873447228,0.14586958747057016,1.0,0.5376115460197803,0.4623884539802197
14353,YAL040C YKL138C-A,0.0,NA,0.006762236822396517,2850,16687,14354,0,0.5076273937033431,0.14587705379536264,1.0,0.537579330562804,0.46242066943719595
14354,YKL073W YJR019C,0.0,NA,0.006764475721865892,2850,16686,14355,0,0.5076569000619634,0.1458845208845209,1.0,0.5375471151058278,0.46245288489417224
14355,YGL090W YHL043W,0.0,NA,0.006765776313841343,2850,16685,14356,0,0.5076864064205836,0.14589198873816228,1.0,0.5375148996488516,0.4624851003511485
14356,YOR324C YBR162W-A,0.0,NA,0.0067776781506836414,2850,16684,14357,0,0.5077159127792039,0.14589945735640422,1.0,0.5374826841918753,0.4625173158081247
14357,YML088W YMR256C,0.0,NA,0.006782472599297762,2850,16683,14358,0,0.5077454191378242,0.14590692673936415,1.0,0.537450468734899,0.462549531265101
14358,YHR214C-C YFL058W,0.0,NA,0.006783194839954376,2850,16682,14359,0,0.5077749254964444,0.14591439688715954,1.0,0.5374182532779227,0.46258174672207725
14359,YDR028C YGR178C,0.0,NA,0.006783336866647005,2850,16681,14360,0,0.5078044318550647,0.14592186779990785,1.0,0.5373860378209465,0.4626139621790535
14360,YFL030W YHR129C,0.0,NA,0.00678605493158102,2850,16680,14361,0,0.507833938213685,0.14592933947772657,1.0,0.5373538223639702,0.4626461776360298
14361,YIR034C YER122C,0.0,NA,0.006789037492126226,2850,16679,14362,0,0.5078634445723054,0.14593681192073327,1.0,0.5373216069069939,0.462678393093006
14362,YNL219C YOR179C,0.0,NA,0.006791713181883097,2850,16678,14363,0,0.5078929509309256,0.14594428512904548,1.0,0.5372893914500178,0.4627106085499823
14363,YHR118C YOR304W,0.0,NA,0.0067934636026620865,2850,16677,14364,0,0.5079224572895459,0.14595175910278077,1.0,0.5372571759930415,0.46274282400695854
14364,YDL235C YHR007C,0.0,NA,0.00679366011172533,2850,16676,14365,0,0.5079519636481662,0.14595923384205675,1.0,0.5372249605360652,0.4627750394639348
14365,YOR341W YDL015C,0.0,NA,0.00679398188367486,2850,16675,14366,0,0.5079814700067865,0.14596670934699105,1.0,0.537192745079089,0.46280725492091107
14366,YDL008W YLR401C,0.0,NA,0.00680276844650507,2850,16674,14367,0,0.5080109763654067,0.14597418561770129,1.0,0.5371605296221127,0.4628394703778873
14367,YLL040C YNL104C,0.0,NA,0.006803483236581087,2850,16673,14368,0,0.508040482724027,0.14598166265430518,1.0,0.5371283141651364,0.46287168583486354
14368,YNL214W YGR019W,0.0,NA,0.006811388768255711,2850,16672,14369,0,0.5080699890826473,0.1459891404569204,1.0,0.5370960987081602,0.46290390129183984
14369,YAR002C-A YDR261W-B,0.0,NA,0.006811859551817179,2850,16671,14370,0,0.5080994954412676,0.14599661902566466,1.0,0.5370638832511839,0.4629361167488161
14370,YMR310C snR31,0.0,NA,0.006813072599470615,2850,16670,14371,0,0.5081290017998878,0.14600409836065573,1.0,0.5370316677942076,0.46296833220579237
14371,YIR012W tR(CCG)L,0.0,NA,0.00681450217962265,2850,16669,14372,0,0.5081585081585082,0.14601157846201138,1.0,0.5369994523372315,0.4630005476627686
14372,YOL080C YDL147W,0.0,NA,0.006816470995545387,2850,16668,14373,0,0.5081880145171285,0.14601905932984938,1.0,0.5369672368802552,0.46303276311974484
14373,YGR112W snR14,0.0,NA,0.006825312040746212,2850,16667,14374,0,0.5082175208757487,0.14602654096428755,1.0,0.5369350214232789,0.46306497857672113
14374,YHR025W YJR102C,0.0,NA,0.006828810553997755,2850,16666,14375,0,0.508247027234369,0.14603402336544374,1.0,0.5369028059663027,0.46309719403369737
14375,YMR294W YML103C,0.0,NA,0.006829024292528629,2850,16665,14376,0,0.5082765335929893,0.1460415065334358,1.0,0.5368705905093264,0.4631294094906736
14376,YPL060C-A YLR113W,0.0,NA,0.006832954473793507,2850,16664,14377,0,0.5083060399516096,0.14604899046838168,1.0,0.5368383750523501,0.4631616249476499
14377,YOR372C YJL050W,0.0,NA,0.006834838073700666,2850,16663,14378,0,0.5083355463102298,0.1460564751703992,1.0,0.5368061595953738,0.46319384040462613
14378,YHR058C YDR316W-B,0.0,NA,0.006834873463958502,2850,16662,14379,0,0.5083650526688501,0.1460639606396064,1.0,0.5367739441383976,0.46322605586160237
14379,YCR033W YFR051C,0.0,NA,0.00683557940647006,2850,16661,14380,0,0.5083945590274704,0.14607144687612117,1.0,0.5367417286814213,0.46325827131857866
14380,BLM3 YOR346W,0.0,NA,0.006839468609541655,2850,16660,14381,0,0.5084240653860908,0.14607893388006152,1.0,0.536709513224445,0.4632904867755549
14381,YER019W YER137C-A,0.0,NA,0.006840637885034084,2850,16659,14382,0,0.508453571744711,0.14608642165154545,1.0,0.5366772977674689,0.4633227022325312
14382,YHL022C YIL106W,0.0,NA,0.00685032457113266,2850,16658,14383,0,0.5084830781033313,0.146093910190691,1.0,0.5366450823104926,0.46335491768950743
14383,YKR090W YOR084W,0.0,NA,0.00685338769108057,2850,16657,14384,0,0.5085125844619516,0.14610139949761625,1.0,0.5366128668535163,0.46338713314648367
14384,YIL090W YDR302W,0.0,NA,0.006853679660707712,2850,16656,14385,0,0.5085420908205718,0.14610888957243925,1.0,0.5365806513965401,0.46341934860345996
14385,snR5 YLR192C,0.0,NA,0.0068579064682126045,2850,16655,14386,0,0.5085715971791921,0.14611638041527814,1.0,0.5365484359395638,0.4634515640604362
14386,YLR362W YOR192C-A,0.0,NA,0.00685989810153842,2850,16654,14387,0,0.5086011035378124,0.14612387202625102,1.0,0.5365162204825875,0.46348377951741243
14387,snR3 YKR097W,0.0,NA,0.00686152558773756,2850,16653,14388,0,0.5086306098964327,0.14613136440547608,1.0,0.5364840050256113,0.4635159949743887
14388,YOR167C YPR054W,0.0,NA,0.006863748654723167,2850,16652,14389,0,0.5086601162550529,0.1461388575530715,1.0,0.536451789568635,0.46354821043136496
14389,YFR032C-A Q0250,0.0,NA,0.006870028097182512,2850,16651,14390,0,0.5086896226136732,0.14614635146915542,1.0,0.5364195741116587,0.46358042588834125
14390,YPL065W YNL316C,0.0,NA,0.006875893101096153,2850,16650,14391,0,0.5087191289722935,0.14615384615384616,1.0,0.5363873586546826,0.4636126413453175
14391,YNL102W YNL301C,0.0,NA,0.006877068430185318,2850,16649,14392,0,0.5087486353309139,0.1461613416072619,1.0,0.5363551431977063,0.4636448568022937
14392,YJL048C YHR114W,0.0,NA,0.0068771205842494965,2850,16648,14393,0,0.5087781416895341,0.14616883782952098,1.0,0.53632292774073,0.46367707225927
14393,YDR210C-C YER026C,0.0,NA,0.006885006558150053,2850,16647,14394,0,0.5088076480481544,0.14617633482074166,1.0,0.5362907122837537,0.46370928771624625
14394,YPR158C-C YKL042W,0.0,NA,0.006885006558150053,2850,16646,14395,0,0.5088371544067747,0.14618383258104226,1.0,0.5362584968267775,0.4637415031732225
14395,YJR050W YHR214C-B,0.0,NA,0.006888534873723984,2850,16645,14396,0,0.508866660765395,0.14619133111054117,1.0,0.5362262813698012,0.4637737186301988
14396,YPR158W-A YDR380W,0.0,NA,0.0068927546963095665,2850,16644,14397,0,0.5088961671240152,0.14619883040935672,1.0,0.5361940659128249,0.463805934087175
14397,YFL045C YIL149C,0.0,NA,0.0068987892009317875,2850,16643,14398,0,0.5089256734826355,0.14620633047760734,1.0,0.5361618504558487,0.46383814954415126
14398,YKR056W tS(AGA)D2,0.0,NA,0.006901742424815893,2850,16642,14399,0,0.5089551798412558,0.14621383131541146,1.0,0.5361296349988725,0.46387036500112755
14399,YLR165C YML001W,0.0,NA,0.00690195569768548,2850,16641,14400,0,0.508984686199876,0.1462213329228875,1.0,0.5360974195418962,0.4639025804581038
14400,YLR026C YFL057C,0.0,NA,0.006902399472892284,2850,16640,14401,0,0.5090141925584963,0.14622883530015393,1.0,0.53606520408492,0.4639347959150801
14401,YNL097C YER009W,0.0,NA,0.006904819048941135,2850,16639,14402,0,0.5090436989171166,0.14623633844732925,1.0,0.5360329886279437,0.4639670113720563
14402,YPL051W YMR304W,0.0,NA,0.006907448638230562,2850,16638,14403,0,0.509073205275737,0.14624384236453203,1.0,0.5360007731709674,0.46399922682903255
14403,YHR211W YHR007C,0.0,NA,0.006910811644047499,2850,16637,14404,0,0.5091027116343572,0.14625134705188075,1.0,0.5359685577139912,0.46403144228600884
14404,YAR014C YGL038C,0.0,NA,0.0069159516133368015,2850,16636,14405,0,0.5091322179929775,0.146258852509494,1.0,0.5359363422570149,0.4640636577429851
14405,YML035C YCR017C,0.0,NA,0.006919728592038155,2850,16635,14406,0,0.5091617243515978,0.1462663587374904,1.0,0.5359041268000386,0.4640958731999613
14406,YHL006C YDL174C,0.0,NA,0.006920334883034229,2850,16634,14407,0,0.5091912307102181,0.1462738657359885,1.0,0.5358719113430624,0.4641280886569376
14407,YGR027W-A YOR261C,0.0,NA,0.006921872030943632,2850,16633,14408,0,0.5092207370688383,0.146281373505107,1.0,0.5358396958860862,0.46416030411391385
14408,YHR092C YNL141W,0.0,NA,0.006922000087797642,2850,16632,14409,0,0.5092502434274586,0.14628888204496457,1.0,0.5358074804291099,0.46419251957089014
14409,YNL302C YGL011C,0.0,NA,0.006924301385879517,2850,16631,14410,0,0.5092797497860789,0.1462963913556799,1.0,0.5357752649721337,0.4642247350278664
14410,YBR136W YHR072W-A,0.0,NA,0.006926374044269323,2850,16630,14411,0,0.5093092561446991,0.14630390143737165,1.0,0.5357430495151574,0.4642569504848426
14411,YMR247C YML013W,0.0,NA,0.006933990400284529,2850,16629,14412,0,0.5093387625033194,0.14631141229015862,1.0,0.5357108340581811,0.4642891659418189
14412,YFL017C YGR230W,0.0,NA,0.006934295408427715,2850,16628,14413,0,0.5093682688619398,0.14631892391415957,1.0,0.5356786186012048,0.46432138139879514
14413,YNL145W YDR503C,0.0,NA,0.006935757584869862,2850,16627,14414,0,0.5093977752205601,0.14632643630949324,1.0,0.5356464031442286,0.4643535968557714
14414,YDR315C YOL002C,0.0,NA,0.0069385068491101265,2850,16626,14415,0,0.5094272815791803,0.1463339494762785,1.0,0.5356141876872523,0.46438581231274767
14415,YCR010C YLR277C,0.0,NA,0.006943979300558567,2850,16625,14416,0,0.5094567879378006,0.14634146341463414,1.0,0.535581972230276,0.4644180277697239
14416,YOL072W YHR013C,0.0,NA,0.006947165820747614,2850,16624,14417,0,0.5094862942964209,0.14634897812467906,1.0,0.5355497567732999,0.46445024322670014
14417,YDR369C YLR157C-B,0.0,NA,0.00695894006639719,2850,16623,14418,0,0.5095158006550412,0.14635649360653213,1.0,0.5355175413163236,0.46448245868367644
14418,YLR145W YPR158C-D,0.0,NA,0.006962852086871862,2850,16622,14419,0,0.5095453070136614,0.14636400986031226,1.0,0.5354853258593473,0.4645146741406527
14419,YBL024W YGR161W-B,0.0,NA,0.006962852086871862,2850,16621,14420,0,0.5095748133722817,0.14637152688613836,1.0,0.5354531104023711,0.46454688959762896
14420,YER125W YDR486C,0.0,NA,0.006964319851249456,2850,16620,14421,0,0.509604319730902,0.14637904468412943,1.0,0.5354208949453948,0.4645791050546052
14421,YDL191W YBL058W,0.0,NA,0.00696783559396863,2850,16619,14422,0,0.5096338260895223,0.14638656325440444,1.0,0.5353886794884185,0.46461132051158144
14422,YIL064W YCL009C,0.0,NA,0.006968327797949314,2850,16618,14423,0,0.5096633324481425,0.1463940825970824,1.0,0.5353564640314423,0.46464353596855773
14423,Q0045 YPR161C,0.0,NA,0.006968657486140728,2850,16617,14424,0,0.5096928388067629,0.14640160271228234,1.0,0.535324248574466,0.46467575142553397
14424,YGR027W-A YPR194C,0.0,NA,0.006984411738812923,2850,16616,14425,0,0.5097223451653832,0.1464091236001233,1.0,0.5352920331174897,0.4647079668825102
14425,YOR195W YGL252C,0.0,NA,0.0069916583597660065,2850,16615,14426,0,0.5097518515240034,0.14641664526072437,1.0,0.5352598176605136,0.4647401823394865
14426,Q0250 YML026C,0.0,NA,0.007001109421253204,2850,16614,14427,0,0.5097813578826237,0.1464241676942047,1.0,0.5352276022035373,0.46477239779646273
14427,YLR227W-B YFL024C,0.0,NA,0.007002097554504871,2850,16613,14428,0,0.509810864241244,0.14643169090068334,1.0,0.535195386746561,0.464804613253439
14428,YLR262C YIL116W,0.0,NA,0.007003665901720524,2850,16612,14429,0,0.5098403705998643,0.14643921488027953,1.0,0.5351631712895848,0.46483682871041526
14429,YBR210W YOL111C,0.0,NA,0.007003981154412031,2850,16611,14430,0,0.5098698769584845,0.1464467396331124,1.0,0.5351309558326085,0.4648690441673915
14430,YLR299W YDL246C,0.0,NA,0.007005221676081419,2850,16610,14431,0,0.5098993833171048,0.14645426515930113,1.0,0.5350987403756322,0.4649012596243678
14431,YBR256C YPL233W,0.0,NA,0.0070058745332062244,2850,16609,14432,0,0.5099288896757251,0.146461791458965,1.0,0.5350665249186559,0.464933475081344
14432,YPR158W-A YDR071C,0.0,NA,0.007006034255027771,2850,16608,14433,0,0.5099583960343455,0.14646931853222325,1.0,0.5350343094616797,0.46496569053832026
14433,YNL149C YNL310C,0.0,NA,0.007006140425801277,2850,16607,14434,0,0.5099879023929657,0.14647684637919514,1.0,0.5350020940047034,0.46499790599529656
14434,YLR127C YER089C,0.0,NA,0.007006292697042227,2850,16606,14435,0,0.510017408751586,0.146484375,1.0,0.5349698785477272,0.4650301214522728
14435,YKL092C YOR008C-A,0.0,NA,0.007006545085459948,2850,16605,14436,0,0.5100469151102063,0.14649190439475712,1.0,0.534937663090751,0.46506233690924903
14436,YML039W YPR137C-A,0.0,NA,0.007008001673966646,2850,16604,14437,0,0.5100764214688265,0.14649943456358588,1.0,0.5349054476337747,0.4650945523662253
14437,YGL124C YOR008C-A,0.0,NA,0.007016215473413467,2850,16603,14438,0,0.5101059278274468,0.14650696550660566,1.0,0.5348732321767984,0.46512676782320156
14438,YDR390C YPL084W,0.0,NA,0.0070180827751755714,2850,16602,14439,0,0.5101354341860671,0.14651449722393584,1.0,0.5348410167198222,0.46515898328017785
14439,YOL075C YDR261W-B,0.0,NA,0.007027729414403439,2850,16601,14440,0,0.5101649405446874,0.14652202971569586,1.0,0.5348088012628459,0.4651911987371541
14440,YPL001W YDR316W-B,0.0,NA,0.007029702886939049,2850,16600,14441,0,0.5101944469033076,0.14652956298200515,1.0,0.5347765858058696,0.4652234141941303
14441,YER072W snR52,0.0,NA,0.007029826287180185,2850,16599,14442,0,0.5102239532619279,0.14653709702298318,1.0,0.5347443703488934,0.4652556296511066
14442,YDL141W YGL091C,0.0,NA,0.007031657267361879,2850,16598,14443,0,0.5102534596205482,0.1465446318387495,1.0,0.5347121548919171,0.46528784510808285
14443,YNL102W YHR048W,0.0,NA,0.007032828871160746,2850,16597,14444,0,0.5102829659791686,0.14655216742942356,1.0,0.5346799394349409,0.4653200605650591
14444,YER157W YJL113W,0.0,NA,0.007033259142190218,2850,16596,14445,0,0.5103124723377888,0.14655970379512495,1.0,0.5346477239779647,0.4653522760220354
14445,YGL135W YNL186W,0.0,NA,0.007036753464490175,2850,16595,14446,0,0.5103419786964091,0.14656724093597326,1.0,0.5346155085209884,0.4653844914790116
14446,YBL021C YIR033W,0.0,NA,0.00704200891777873,2850,16594,14447,0,0.5103714850550294,0.14657477885208806,1.0,0.5345832930640121,0.4654167069359879
14447,YDR210W-B YLR034C,0.0,NA,0.007049488369375467,2850,16593,14448,0,0.5104009914136497,0.14658231754358894,1.0,0.5345510776070359,0.46544892239296415
14448,YNR020C YJL045W,0.0,NA,0.007052994333207607,2850,16592,14449,0,0.5104304977722699,0.14658985701059563,1.0,0.5345188621500596,0.4654811378499404
14449,YAL030W YDR261W-B,0.0,NA,0.00705741299316287,2850,16591,14450,0,0.5104600041308902,0.1465973972532277,1.0,0.5344866466930833,0.4655133533069167
14450,YKR010C YAL026C,0.0,NA,0.007061370648443699,2850,16590,14451,0,0.5104895104895105,0.14660493827160495,1.0,0.534454431236107,0.4655455687638929
14451,YGR161C-D YBR265W,0.0,NA,0.007063366938382387,2850,16589,14452,0,0.5105190168481307,0.146612480065847,1.0,0.5344222157791308,0.46557778422086915
14452,YGL004C YDR385W,0.0,NA,0.007064427249133587,2850,16588,14453,0,0.510548523206751,0.14662002263607368,1.0,0.5343900003221546,0.46560999967784544
14453,YPL252C YMR078C,0.0,NA,0.007073604501783848,2850,16587,14454,0,0.5105780295653713,0.1466275659824047,1.0,0.5343577848651783,0.4656422151348217
14454,YPR075C YBR257W,0.0,NA,0.007074201013892889,2850,16586,14455,0,0.5106075359239917,0.14663511010495986,1.0,0.5343255694082021,0.46567443059179797
14455,YGR275W YPR030W,0.0,NA,0.007085117511451244,2850,16585,14456,0,0.5106370422826119,0.146642655003859,1.0,0.5342933539512258,0.4657066460487742
14456,YLL036C YKL017C,0.0,NA,0.007090554106980562,2850,16584,14457,0,0.5106665486412322,0.146650200679222,1.0,0.5342611384942495,0.46573886150575045
14457,YOR023C YPL010W,0.0,NA,0.00709985988214612,2850,16583,14458,0,0.5106960549998525,0.14665774713116864,1.0,0.5342289230372733,0.46577107696272674
14458,YML074C YDR313C,0.0,NA,0.007100693415850401,2850,16582,14459,0,0.5107255613584728,0.14666529435981884,1.0,0.534196707580297,0.465803292419703
14459,YIL040W YLR436C,0.0,NA,0.0071007972583174706,2850,16581,14460,0,0.510755067717093,0.14667284236529257,1.0,0.5341644921233207,0.4658355078766792
14460,YNL051W YBR101C,0.0,NA,0.007102609612047672,2850,16580,14461,0,0.5107845740757133,0.14668039114770973,1.0,0.5341322766663446,0.4658677233336555
14461,YBR207W YLR306W,0.0,NA,0.007104967720806599,2850,16579,14462,0,0.5108140804343336,0.1466879407071903,1.0,0.5341000612093683,0.46589993879063174
14462,YIL142W YOL003C,0.0,NA,0.00711331469938159,2850,16578,14463,0,0.5108435867929538,0.14669549104385424,1.0,0.534067845752392,0.465932154247608
14463,YNL264C YNL044W,0.0,NA,0.007124113384634256,2850,16577,14464,0,0.5108730931515741,0.1467030421578216,1.0,0.5340356302954158,0.46596436970458427
14464,YDR376W tS(AGA)L,0.0,NA,0.007125010248273611,2850,16576,14465,0,0.5109025995101945,0.14671059404921238,1.0,0.5340034148384395,0.4659965851615605
14465,YOL045W YLR347C,0.0,NA,0.00713247898966074,2850,16575,14466,0,0.5109321058688148,0.14671814671814673,1.0,0.5339711993814632,0.4660288006185368
14466,YNL312W YDR272W,0.0,NA,0.007132813800126314,2850,16574,14467,0,0.510961612227435,0.14672570016474465,1.0,0.533938983924487,0.46606101607551303
14467,YGR247W YNL222W,0.0,NA,0.00713614746928215,2850,16573,14468,0,0.5109911185860553,0.1467332543891263,1.0,0.5339067684675107,0.46609323153248927
14468,YER164W YPL269W,0.0,NA,0.007138350047171116,2850,16572,14469,0,0.5110206249446756,0.1467408093914118,1.0,0.5338745530105344,0.46612544698946556
14469,YPL218W YOR142W-A,0.0,NA,0.007139198482036591,2850,16571,14470,0,0.5110501313032959,0.14674836517172132,1.0,0.5338423375535581,0.4661576624464418
14470,YPL012W YJL129C,0.0,NA,0.007157670333981514,2850,16570,14471,0,0.5110796376619161,0.14675592173017507,1.0,0.533810122096582,0.46618987790341804
14471,YAL044C YHR165C,0.0,NA,0.007158706896007061,2850,16569,14472,0,0.5111091440205364,0.14676347906689324,1.0,0.5337779066396057,0.46622209336039433
14472,YIL128W YHR165C,0.0,NA,0.007164453621953726,2850,16568,14473,0,0.5111386503791567,0.14677103718199608,1.0,0.5337456911826294,0.46625430881737057
14473,YNL039W YNL166C,0.0,NA,0.00716928206384182,2850,16567,14474,0,0.511168156737777,0.14677859607560384,1.0,0.5337134757256532,0.46628652427434686
14474,YNL182C tG(GCC)J2,0.0,NA,0.007179165259003639,2850,16566,14475,0,0.5111976630963972,0.14678615574783682,1.0,0.5336812602686769,0.4663187397313231
14475,YML113W YGR109W-A,0.0,NA,0.007179433945566416,2850,16565,14476,0,0.5112271694550176,0.14679371619881534,1.0,0.5336490448117006,0.46635095518829933
14476,YFL013C YOL103W-A,0.0,NA,0.007181449793279171,2850,16564,14477,0,0.5112566758136379,0.14680127742865973,1.0,0.5336168293547244,0.4663831706452756
14477,YHR067W YJL030W,0.0,NA,0.007182204630225897,2850,16563,14478,0,0.5112861821722581,0.14680883943749035,1.0,0.5335846138977481,0.46641538610225186
14478,YMR162C YGR047C,0.0,NA,0.007184999994933605,2850,16562,14479,0,0.5113156885308784,0.14681640222542758,1.0,0.5335523984407718,0.4664476015592281
14479,YPL045W YJL174W,0.0,NA,0.007188153453171253,2850,16561,14480,0,0.5113451948894987,0.14682396579259183,1.0,0.5335201829837957,0.4664798170162044
14480,snR62 YOR040W,0.0,NA,0.00719079514965415,2850,16560,14481,0,0.511374701248119,0.14683153013910355,1.0,0.5334879675268194,0.4665120324731806
14481,YIR028W YER137C-A,0.0,NA,0.007195586804300547,2850,16559,14482,0,0.5114042076067392,0.1468390952650832,1.0,0.5334557520698431,0.46654424793015686
14482,YBR276C YJR036C,0.0,NA,0.0071988399140536785,2850,16558,14483,0,0.5114337139653595,0.1468466611706513,1.0,0.5334235366128669,0.46657646338713316
14483,YKL203C YPR158W-A,0.0,NA,0.007199633866548538,2850,16557,14484,0,0.5114632203239798,0.14685422785592828,1.0,0.5333913211558906,0.4666086788441094
14484,YKL082C YHR058C,0.0,NA,0.007206446956843138,2850,16556,14485,0,0.5114927266826002,0.14686179532103474,1.0,0.5333591056989143,0.4666408943010857
14485,YLR110C YOR343W-A,0.0,NA,0.007215835619717836,2850,16555,14486,0,0.5115222330412204,0.1468693635660912,1.0,0.5333268902419381,0.4666731097580619
14486,YDR091C YDR420W,0.0,NA,0.007222204934805632,2850,16554,14487,0,0.5115517393998407,0.1468769325912183,1.0,0.5332946747849618,0.46670532521503816
14487,YNL225C YHR135C,0.0,NA,0.007225785870105028,2850,16553,14488,0,0.511581245758461,0.1468845023965366,1.0,0.5332624593279855,0.46673754067201445
14488,YJL167W YLR157C-B,0.0,NA,0.007228012662380934,2850,16552,14489,0,0.5116107521170812,0.14689207298216678,1.0,0.5332302438710093,0.4667697561289907
14489,YMR220W YOR124C,0.0,NA,0.007228631991893053,2850,16551,14490,0,0.5116402584757015,0.14689964434822947,1.0,0.5331980284140331,0.4668019715859669
14490,YOR195W YNL129W,0.0,NA,0.007234961725771427,2850,16550,14491,0,0.5116697648343218,0.14690721649484537,1.0,0.5331658129570568,0.4668341870429432
14491,YOL103W-B YHR023W,0.0,NA,0.007236140314489603,2850,16549,14492,0,0.5116992711929421,0.14691478942213515,1.0,0.5331335975000805,0.46686640249991945
14492,YBR200W YBL002W,0.0,NA,0.007243584841489792,2850,16548,14493,0,0.5117287775515623,0.1469223631302196,1.0,0.5331013820431043,0.46689861795689575
14493,YDR110W YLR447C,0.0,NA,0.007245323155075312,2850,16547,14494,0,0.5117582839101826,0.14692993761921946,1.0,0.533069166586128,0.466930833413872
14494,YDR140W YER072W,0.0,NA,0.007245693355798721,2850,16546,14495,0,0.511787790268803,0.14693751288925552,1.0,0.5330369511291517,0.4669630488708482
14495,YFL002W-B YMR304W,0.0,NA,0.007248349022120237,2850,16545,14496,0,0.5118172966274233,0.14694508894044858,1.0,0.5330047356721755,0.4669952643278245
14496,YLR157C-B YOR217W,0.0,NA,0.007250387687236071,2850,16544,14497,0,0.5118468029860435,0.14695266577291946,1.0,0.5329725202151993,0.46702747978480075
14497,YJL045W YDR147W,0.0,NA,0.0072515541687607765,2850,16543,14498,0,0.5118763093446638,0.14696024338678904,1.0,0.532940304758223,0.467059695241777
14498,YKL174C YER132C,0.0,NA,0.007256358861923218,2850,16542,14499,0,0.5119058157032841,0.1469678217821782,1.0,0.5329080893012468,0.4670919106987533
14499,YOR036W YNL325C,0.0,NA,0.007256859913468361,2850,16541,14500,0,0.5119353220619043,0.14697540095920789,1.0,0.5328758738442705,0.4671241261557295
14500,YDR265W YGR187C,0.0,NA,0.007259767036885023,2850,16540,14501,0,0.5119648284205246,0.14698298091799897,1.0,0.5328436583872942,0.46715634161270575
14501,YOL103W-B YDR466W,0.0,NA,0.007264662068337202,2850,16539,14502,0,0.5119943347791449,0.14699056165867244,1.0,0.532811442930318,0.46718855706968204
14502,YJR027W YLR285W,0.0,NA,0.0072675785049796104,2850,16538,14503,0,0.5120238411377652,0.1469981431813493,1.0,0.5327792274733417,0.4672207725266583
14503,YHR172W YJL187C,0.0,NA,0.007269667461514473,2850,16537,14504,0,0.5120533474963854,0.1470057254861505,1.0,0.5327470120163654,0.46725298798363457
14504,YNL021W YPL210C,0.0,NA,0.00727092707529664,2850,16536,14505,0,0.5120828538550057,0.14701330857319717,1.0,0.5327147965593892,0.4672852034406108
14505,YDL049C YOR080W,0.0,NA,0.0072741457261145115,2850,16535,14506,0,0.512112360213626,0.14702089244261027,1.0,0.532682581102413,0.46731741889758704
14506,YNL007C YAR009C,0.0,NA,0.007275826297700405,2850,16534,14507,0,0.5121418665722464,0.14702847709451095,1.0,0.5326503656454367,0.46734963435456334
14507,YNL214W YLR044C,0.0,NA,0.00727803772315383,2850,16533,14508,0,0.5121713729308666,0.14703606252902027,1.0,0.5326181501884604,0.4673818498115396
14508,YGL116W YBL072C,0.0,NA,0.007280867081135511,2850,16532,14509,0,0.5122008792894869,0.14704364874625941,1.0,0.5325859347314842,0.4674140652685158
14509,YGL089C YOL120C,0.0,NA,0.0072825318202376366,2850,16531,14510,0,0.5122303856481072,0.1470512357463495,1.0,0.5325537192745079,0.4674462807254921
14510,YER159C-A YPL033C,0.0,NA,0.007283055689185858,2850,16530,14511,0,0.5122598920067275,0.14705882352941177,1.0,0.5325215038175316,0.46747849618246834
14511,YGL158W YCR020W-B,0.0,NA,0.007285676430910826,2850,16529,14512,0,0.5122893983653477,0.14706641209556737,1.0,0.5324892883605554,0.46751071163944463
14512,YFL048C YBR106W,0.0,NA,0.007293550297617912,2850,16528,14513,0,0.512318904723968,0.14707400144493757,1.0,0.5324570729035791,0.46754292709642087
14513,YML102W YLR306W,0.0,NA,0.007299809250980616,2850,16527,14514,0,0.5123484110825883,0.1470815915776436,1.0,0.5324248574466028,0.4675751425533971
14514,YMR055C YHR165C,0.0,NA,0.007302034646272659,2850,16526,14515,0,0.5123779174412085,0.14708918249380676,1.0,0.5323926419896267,0.4676073580103734
14515,YLR390W-A YDL149W,0.0,NA,0.0073070586659014225,2850,16525,14516,0,0.5124074237998288,0.14709677419354839,1.0,0.5323604265326504,0.46763957346734963
14516,YOR192C-A YLR157C,0.0,NA,0.00731380982324481,2850,16524,14517,0,0.5124369301584492,0.14710436667698978,1.0,0.5323282110756741,0.46767178892432587
14517,YCR019W YGL185C,0.0,NA,0.007318464573472738,2850,16523,14518,0,0.5124664365170695,0.1471119599442523,1.0,0.5322959956186979,0.46770400438130216
14518,YCL011C YGR042W,0.0,NA,0.0073204427026212215,2850,16522,14519,0,0.5124959428756897,0.14711955399545737,1.0,0.5322637801617216,0.4677362198382784
14519,YGR214W YJL201W,0.0,NA,0.007328482810407877,2850,16521,14520,0,0.51252544923431,0.14712714883072633,1.0,0.5322315647047453,0.46776843529525464
14520,YIL133C YBR188C,0.0,NA,0.0073287044651806355,2850,16520,14521,0,0.5125549555929303,0.14713474445018068,1.0,0.5321993492477691,0.46780065075223093
14521,tL(GAG)G YLR194C,0.0,NA,0.00734002236276865,2850,16519,14522,0,0.5125844619515506,0.14714234085394187,1.0,0.5321671337907928,0.46783286620920717
14522,YHR110W YDL230W,0.0,NA,0.00734277768060565,2850,16518,14523,0,0.5126139683101708,0.14714993804213136,1.0,0.5321349183338165,0.46786508166618346
14523,YKL002W YMR198W,0.0,NA,0.007342805620282888,2850,16517,14524,0,0.5126434746687911,0.14715753601487067,1.0,0.5321027028768404,0.4678972971231597
14524,YJR044C YMR197C,0.0,NA,0.007348115090280771,2850,16516,14525,0,0.5126729810274114,0.14716513477228133,1.0,0.5320704874198641,0.46792951258013593
14525,YNL268W YIR041W,0.0,NA,0.007349394727498293,2850,16515,14526,0,0.5127024873860316,0.14717273431448488,1.0,0.5320382719628878,0.4679617280371122
14526,YOR386W YDL043C,0.0,NA,0.007353793364018202,2850,16514,14527,0,0.512731993744652,0.14718033464160296,1.0,0.5320060565059115,0.46799394349408846
14527,YIL026C YPR158C-D,0.0,NA,0.007359159179031849,2850,16513,14528,0,0.5127615001032723,0.14718793575375716,1.0,0.5319738410489353,0.4680261589510647
14528,YBR245C YKL221W,0.0,NA,0.007368123158812523,2850,16512,14529,0,0.5127910064618926,0.1471955376510691,1.0,0.531941625591959,0.468058374408041
14529,tV(UAC)B YHL001W,0.0,NA,0.007369685918092728,2850,16511,14530,0,0.5128205128205128,0.14720314033366044,1.0,0.5319094101349827,0.4680905898650172
14530,YOR198C YOR159C,0.0,NA,0.007370429113507271,2850,16510,14531,0,0.5128500191791331,0.1472107438016529,1.0,0.5318771946780065,0.4681228053219935
14531,YPR042C YDR261W-B,0.0,NA,0.00737571669742465,2850,16509,14532,0,0.5128795255377534,0.14721834805516815,1.0,0.5318449792210302,0.46815502077896975
14532,YKL213C YLR399C,0.0,NA,0.007376508321613073,2850,16508,14533,0,0.5129090318963737,0.14722595309432793,1.0,0.531812763764054,0.468187236235946
14533,YJR031C YGL011C,0.0,NA,0.007378261536359787,2850,16507,14534,0,0.5129385382549939,0.14723355891925402,1.0,0.5317805483070778,0.4682194516929223
14534,YOR273C YDR261W-B,0.0,NA,0.007379861082881689,2850,16506,14535,0,0.5129680446136142,0.1472411655300682,1.0,0.5317483328501015,0.4682516671498985
14535,YNL091W YDR449C,0.0,NA,0.007384487893432379,2850,16505,14536,0,0.5129975509722345,0.14724877292689229,1.0,0.5317161173931252,0.46828388260687476
14536,YNL078W YMR095C,0.0,NA,0.007385690230876207,2850,16504,14537,0,0.5130270573308549,0.1472563811098481,1.0,0.531683901936149,0.46831609806385105
14537,YDR281C YOL044W,0.0,NA,0.007394249085336924,2850,16503,14538,0,0.513056563689475,0.14726399007905752,1.0,0.5316516864791727,0.4683483135208273
14538,tA(AGC)P YDL084W,0.0,NA,0.007395554333925247,2850,16502,14539,0,0.5130860700480954,0.1472715998346424,1.0,0.5316194710221964,0.4683805289778035
14539,YHR214C-C YDR365W-A,0.0,NA,0.007396464701741934,2850,16501,14540,0,0.5131155764067157,0.14727921037672473,1.0,0.5315872555652202,0.4684127444347798
14540,YOL147C YNL325C,0.0,NA,0.0073977806605398655,2850,16500,14541,0,0.5131450827653359,0.14728682170542637,1.0,0.531555040108244,0.46844495989175605
14541,YBR180W YGL185C,0.0,NA,0.00740165077149868,2850,16499,14542,0,0.5131745891239562,0.1472944338208693,1.0,0.5315228246512677,0.46847717534873234
14542,YNR064C YOL138C,0.0,NA,0.00740660959854722,2850,16498,14543,0,0.5132040954825765,0.1473020467231755,1.0,0.5314906091942915,0.4685093908057086
14543,YFL030W YMR264W,0.0,NA,0.007416470907628536,2850,16497,14544,0,0.5132336018411968,0.14730966041246704,1.0,0.5314583937373152,0.4685416062626848
14544,YLR227C YDR210W-A,0.0,NA,0.007419356610625982,2850,16496,14545,0,0.513263108199817,0.14731727488886592,1.0,0.5314261782803389,0.4685738217196611
14545,YLL043W YDR392W,0.0,NA,0.007423891685903072,2850,16495,14546,0,0.5132926145584373,0.1473248901524942,1.0,0.5313939628233626,0.46860603717663735
14546,YJL212C YEL056W,0.0,NA,0.007428593933582306,2850,16494,14547,0,0.5133221209170576,0.14733250620347393,1.0,0.5313617473663864,0.4686382526336136
14547,snR63 YIL162W,0.0,NA,0.007431731093674898,2850,16493,14548,0,0.513351627275678,0.1473401230419273,1.0,0.5313295319094101,0.4686704680905899
14548,YFR003C YPR158C-C,0.0,NA,0.007433964870870113,2850,16492,14549,0,0.5133811336342982,0.14734774066797643,1.0,0.5312973164524338,0.4687026835475661
14549,YFL002W-B YOR239W,0.0,NA,0.00743813905864954,2850,16491,14550,0,0.5134106399929185,0.14735535908174344,1.0,0.5312651009954577,0.4687348990045424
14550,YDL046W YBR041W,0.0,NA,0.0074390931986272335,2850,16490,14551,0,0.5134401463515388,0.14736297828335057,1.0,0.5312328855384814,0.46876711446151864
14551,YBR298C YDR392W,0.0,NA,0.0074399309232831,2850,16489,14552,0,0.513469652710159,0.14737059827292,1.0,0.5312006700815051,0.4687993299184949
14552,YDR210C-D YLR442C,0.0,NA,0.007440230809152126,2850,16488,14553,0,0.5134991590687793,0.147378219050574,1.0,0.5311684546245289,0.46883154537547117
14553,YGR161C-D YDR434W,0.0,NA,0.007446504198014736,2850,16487,14554,0,0.5135286654273996,0.1473858406164348,1.0,0.5311362391675526,0.4688637608324474
14554,YDR044W YOR273C,0.0,NA,0.007452872581779957,2850,16486,14555,0,0.5135581717860199,0.14739346297062475,1.0,0.5311040237105763,0.46889597628942364
14555,YLL016W YJR001W,0.0,NA,0.007456873543560505,2850,16485,14556,0,0.5135876781446401,0.1474010861132661,1.0,0.5310718082536001,0.46892819174639994
14556,YPL257W-B YLR141W,0.0,NA,0.007456968538463116,2850,16484,14557,0,0.5136171845032604,0.14740871004448122,1.0,0.5310395927966238,0.4689604072033762
14557,YJL074C YBL015W,0.0,NA,0.007457223255187273,2850,16483,14558,0,0.5136466908618808,0.14741633476439248,1.0,0.5310073773396475,0.4689926226603524
14558,YBR081C YDR261W-B,0.0,NA,0.00745906587690115,2850,16482,14559,0,0.5136761972205011,0.1474239602731223,1.0,0.5309751618826714,0.4690248381173287
14559,YDR408C YOR127W,0.0,NA,0.00746140955016017,2850,16481,14560,0,0.5137057035791213,0.14743158657079303,1.0,0.5309429464256951,0.46905705357430494
14560,YLR333C YER056C,0.0,NA,0.007464528549462557,2850,16480,14561,0,0.5137352099377416,0.14743921365752716,1.0,0.5309107309687188,0.46908926903128123
14561,YNR075W YOR351C,0.0,NA,0.007467740215361118,2850,16479,14562,0,0.5137647162963619,0.14744684153344714,1.0,0.5308785155117426,0.46912148448825747
14562,YKL122C YIL096C,0.0,NA,0.0074730864726006985,2850,16478,14563,0,0.5137942226549822,0.1474544701986755,1.0,0.5308463000547663,0.4691536999452337
14563,YGR113W YCR024C-A,0.0,NA,0.00747993728145957,2850,16477,14564,0,0.5138237290136024,0.1474620996533347,1.0,0.53081408459779,0.46918591540221
14564,YLR265C YJL222W,0.0,NA,0.007479961961507797,2850,16476,14565,0,0.5138532353722227,0.14746972989754734,1.0,0.5307818691408137,0.46921813085918623
14565,tP(AGG)N YPR111W,0.0,NA,0.007487157825380564,2850,16475,14566,0,0.513882741730843,0.14747736093143596,1.0,0.5307496536838375,0.46925034631616247
14566,YIL021W YML103C,0.0,NA,0.007494078483432531,2850,16474,14567,0,0.5139122480894632,0.14748499275512317,1.0,0.5307174382268612,0.46928256177313876
14567,YDR034C-D YFR041C,0.0,NA,0.007496877573430538,2850,16473,14568,0,0.5139417544480835,0.14749262536873156,1.0,0.530685222769885,0.469314777230115
14568,YLR410W-B YFL034C-A,0.0,NA,0.007506356108933687,2850,16472,14569,0,0.5139712608067039,0.14750025877238382,1.0,0.5306530073129088,0.4693469926870913
14569,YBL047C YOR095C,0.0,NA,0.007507937029004097,2850,16471,14570,0,0.5140007671653242,0.14750789296620256,1.0,0.5306207918559325,0.46937920814406753
14570,YGR020C YIR005W,0.0,NA,0.007510535418987274,2850,16470,14571,0,0.5140302735239444,0.14751552795031056,1.0,0.5305885763989562,0.46941142360104376
14571,YBL018C YOL103W-A,0.0,NA,0.007511633913964033,2850,16469,14572,0,0.5140597798825647,0.14752316372483049,1.0,0.53055636094198,0.46944363905802006
14572,YJR028W YOL018C,0.0,NA,0.007516626268625259,2850,16468,14573,0,0.514089286241185,0.14753080028988508,1.0,0.5305241454850037,0.4694758545149963
14573,YPL048W YJR004C,0.0,NA,0.007516647223383188,2850,16467,14574,0,0.5141187925998053,0.14753843764559715,1.0,0.5304919300280274,0.46950806997197253
14574,YJL019W YGR274C,0.0,NA,0.007521458435803652,2850,16466,14575,0,0.5141482989584255,0.14754607579208945,1.0,0.5304597145710512,0.4695402854289488
14575,YER142C YOR386W,0.0,NA,0.007529336493462324,2850,16465,14576,0,0.5141778053170458,0.14755371472948486,1.0,0.5304274991140749,0.46957250088592506
14576,YCR014C YOR151C,0.0,NA,0.00753103569149971,2850,16464,14577,0,0.5142073116756661,0.1475613544579062,1.0,0.5303952836570986,0.46960471634290135
14577,YCL024W YOL018C,0.0,NA,0.00753683689981699,2850,16463,14578,0,0.5142368180342863,0.1475689949774763,1.0,0.5303630682001225,0.4696369317998776
14578,YAL040C YER168C,0.0,NA,0.007544780615717173,2850,16462,14579,0,0.5142663243929066,0.14757663628831813,1.0,0.5303308527431462,0.4696691472568538
14579,YGL067W YOR142W-B,0.0,NA,0.007549709640443325,2850,16461,14580,0,0.514295830751527,0.1475842783905546,1.0,0.5302986372861699,0.4697013627138301
14580,YGL156W YBR021W,0.0,NA,0.007556965574622154,2850,16460,14581,0,0.5143253371101473,0.14759192128430865,1.0,0.5302664218291937,0.46973357817080635
14581,YNL054W-B YIR037W,0.0,NA,0.007559255231171846,2850,16459,14582,0,0.5143548434687675,0.14759956496970325,1.0,0.5302342063722174,0.4697657936277826
14582,YMR236W YLR087C,0.0,NA,0.007559619843959808,2850,16458,14583,0,0.5143843498273878,0.1476072094468614,1.0,0.5302019909152411,0.4697980090847589
14583,YJL048C YLR306W,0.0,NA,0.007560632191598415,2850,16457,14584,0,0.5144138561860081,0.14761485471590616,1.0,0.5301697754582648,0.4698302245417351
14584,YJR035W YOR192C-B,0.0,NA,0.007562439423054457,2850,16456,14585,0,0.5144433625446284,0.14762250077696054,1.0,0.5301375600012886,0.46986243999871136
14585,tC(GCA)P1 YOL061W,0.0,NA,0.007563902996480465,2850,16455,14586,0,0.5144728689032486,0.14763014763014762,1.0,0.5301053445443124,0.46989465545568765
14586,YBR059C YMR131C,0.0,NA,0.00756785599514842,2850,16454,14587,0,0.5145023752618689,0.14763779527559054,1.0,0.5300731290873361,0.4699268709126639
14587,YML088W YGR027W-A,0.0,NA,0.0075773270800709724,2850,16453,14588,0,0.5145318816204892,0.14764544371341243,1.0,0.5300409136303599,0.4699590863696402
14588,YOR302W YDR089W,0.0,NA,0.0075791203416883945,2850,16452,14589,0,0.5145613879791096,0.1476530929437364,1.0,0.5300086981733836,0.4699913018266164
14589,YLR346C YOL065C,0.0,NA,0.007580799050629139,2850,16451,14590,0,0.5145908943377298,0.14766074296668566,1.0,0.5299764827164073,0.47002351728359265
14590,YPL052W YGR276C,0.0,NA,0.007582460064440966,2850,16450,14591,0,0.5146204006963501,0.14766839378238342,1.0,0.5299442672594311,0.47005573274056894
14591,YKR001C YML075C,0.0,NA,0.007584344130009413,2850,16449,14592,0,0.5146499070549704,0.1476760453909529,1.0,0.5299120518024548,0.4700879481975452
14592,YHR036W YDR301W,0.0,NA,0.007585414219647646,2850,16448,14593,0,0.5146794134135906,0.14768369779251736,1.0,0.5298798363454785,0.4701201636545214
14593,YKL018W YOR361C,0.0,NA,0.0075864046812057495,2850,16447,14594,0,0.5147089197722109,0.14769135098720007,1.0,0.5298476208885023,0.4701523791114977
14594,YPL137C YDR265W,0.0,NA,0.007589604705572128,2850,16446,14595,0,0.5147384261308312,0.14769900497512436,1.0,0.529815405431526,0.47018459456847395
14595,tG(GCC)J2 YHR013C,0.0,NA,0.007593347225338221,2850,16445,14596,0,0.5147679324894515,0.1477066597564136,1.0,0.5297831899745498,0.47021681002545024
14596,YMR288W tG(GCC)J2,0.0,NA,0.007593875750899315,2850,16444,14597,0,0.5147974388480717,0.14771431533119103,1.0,0.5297509745175736,0.4702490254824265
14597,YNL221C YPR158C-D,0.0,NA,0.00759437121450901,2850,16443,14598,0,0.514826945206692,0.14772197169958015,1.0,0.5297187590605973,0.4702812409394027
14598,YIL045W YJR033C,0.0,NA,0.007595845032483339,2850,16442,14599,0,0.5148564515653123,0.14772962886170432,1.0,0.529686543603621,0.470313456396379
14599,YDL054C YHR074W,0.0,NA,0.007618069648742676,2850,16441,14600,0,0.5148859579239327,0.147737286817687,1.0,0.5296543281466448,0.47034567185335524
14600,YGL073W YDR127W,0.0,NA,0.007623623590916395,2850,16440,14601,0,0.5149154642825529,0.14774494556765164,1.0,0.5296221126896685,0.4703778873103315
14601,YBR068C YOL103W-B,0.0,NA,0.0076275053434073925,2850,16439,14602,0,0.5149449706411732,0.1477526051117217,1.0,0.5295898972326922,0.47041010276730777
14602,YMR121C YAL060W,0.0,NA,0.00762858847156167,2850,16438,14603,0,0.5149744769997935,0.14776026545002074,1.0,0.5295576817757159,0.470442318224284
14603,YER074W tG(GCC)J1,0.0,NA,0.007657533045858145,2850,16437,14604,0,0.5150039833584137,0.14776792658267227,1.0,0.5295254663187398,0.47047453368126024
14604,YOR338W YLR094C,0.0,NA,0.007659721188247204,2850,16436,14605,0,0.515033489717034,0.14777558850979985,1.0,0.5294932508617635,0.47050674913823654
14605,YDR004W YML016C,0.0,NA,0.007662078365683556,2850,16435,14606,0,0.5150629960756543,0.1477832512315271,1.0,0.5294610354047872,0.47053896459521277
14606,YNL053W YLR086W,0.0,NA,0.007666183169931173,2850,16434,14607,0,0.5150925024342746,0.1477909147479776,1.0,0.529428819947811,0.47057118005218906
14607,YML067C YNR032W,0.0,NA,0.007670711725950241,2850,16433,14608,0,0.5151220087928948,0.14779857905927501,1.0,0.5293966044908347,0.4706033955091653
14608,YER035W YGL254W,0.0,NA,0.007672667969018221,2850,16432,14609,0,0.5151515151515151,0.147806244165543,1.0,0.5293643890338584,0.47063561096614154
14609,YLR119W YLR385C,0.0,NA,0.0076792496256530285,2850,16431,14610,0,0.5151810215101355,0.14781391006690525,1.0,0.5293321735768822,0.47066782642311783
14610,tG(GCC)M YHR065C,0.0,NA,0.007682309485971928,2850,16430,14611,0,0.5152105278687558,0.14782157676348548,1.0,0.5292999581199059,0.47070004188009407
14611,YOL151W YOL089C,0.0,NA,0.007683218456804752,2850,16429,14612,0,0.515240034227376,0.14782924425540744,1.0,0.5292677426629296,0.4707322573370703
14612,YOL112W YGR061C,0.0,NA,0.007683891337364912,2850,16428,14613,0,0.5152695405859963,0.1478369125427949,1.0,0.5292355272059535,0.4707644727940466
14613,YOL049W YMR145C,0.0,NA,0.007685625925660133,2850,16427,14614,0,0.5152990469446166,0.14784458162577163,1.0,0.5292033117489772,0.47079668825102283
14614,YGR038W snR43,0.0,NA,0.007685970980674028,2850,16426,14615,0,0.5153285533032369,0.14785225150446152,1.0,0.5291710962920009,0.4708289037079991
14615,YAR031W YPR159W,0.0,NA,0.0076868184842169285,2850,16425,14616,0,0.5153580596618571,0.14785992217898833,1.0,0.5291388808350247,0.47086111916497536
14616,YLR025W YOR004W,0.0,NA,0.007686876226216555,2850,16424,14617,0,0.5153875660204774,0.14786759364947596,1.0,0.5291066653780484,0.4708933346219516
14617,YLR227W-B YLL039C,0.0,NA,0.007698524743318558,2850,16423,14618,0,0.5154170723790977,0.14787526591604835,1.0,0.5290744499210721,0.4709255500789279
14618,YLR227W-B YGR289C,0.0,NA,0.007698524743318558,2850,16422,14619,0,0.5154465787377179,0.1478829389788294,1.0,0.5290422344640959,0.4709577655359041
14619,YGR063C YCR073W-A,0.0,NA,0.007699293550103903,2850,16421,14620,0,0.5154760850963382,0.14789061283794303,1.0,0.5290100190071196,0.47098998099288036
14620,YBR107C tE(UUC)P,0.0,NA,0.007701220456510782,2850,16420,14621,0,0.5155055914549586,0.14789828749351322,1.0,0.5289778035501433,0.47102219644985666
14621,YPL157W YJR036C,0.0,NA,0.007704263087362051,2850,16419,14622,0,0.5155350978135789,0.14790596294566402,1.0,0.528945588093167,0.4710544119068329
14622,YHR165C YGR038C-B,0.0,NA,0.0077104270458221436,2850,16418,14623,0,0.5155646041721991,0.14791363919451941,1.0,0.5289133726361909,0.47108662736380913
14623,YOL103W-B YNL164C,0.0,NA,0.007711510173976421,2850,16417,14624,0,0.5155941105308194,0.14792131624020347,1.0,0.5288811571792146,0.4711188428207854
14624,YOR208W YCL038C,0.0,NA,0.007714258972555399,2850,16416,14625,0,0.5156236168894397,0.14792899408284024,1.0,0.5288489417222383,0.47115105827776166
14625,YGR074W YOR279C,0.0,NA,0.007720327470451593,2850,16415,14626,0,0.51565312324806,0.14793667272255384,1.0,0.5288167262652621,0.47118327373473795
14626,YER083C YOL003C,0.0,NA,0.0077241528779268265,2850,16414,14627,0,0.5156826296066802,0.14794435215946844,1.0,0.5287845108082858,0.4712154891917142
14627,YPR021C YPL137C,0.0,NA,0.007724675349891186,2850,16413,14628,0,0.5157121359653005,0.14795203239370813,1.0,0.5287522953513095,0.4712477046486904
14628,YOR143C YER174C,0.0,NA,0.007731136400252581,2850,16412,14629,0,0.5157416423239208,0.14795971342539715,1.0,0.5287200798943333,0.4712799201056667
14629,YJR053W YOR254C,0.0,NA,0.007736262399703264,2850,16411,14630,0,0.515771148682541,0.14796739525465968,1.0,0.528687864437357,0.47131213556264295
14630,YGR098C YER008C,0.0,NA,0.007736570201814175,2850,16410,14631,0,0.5158006550411613,0.14797507788161993,1.0,0.5286556489803808,0.4713443510196192
14631,YDR536W YOR192C-A,0.0,NA,0.007739715278148651,2850,16409,14632,0,0.5158301613997817,0.1479827613064022,1.0,0.5286234335234046,0.4713765664765955
14632,YJL088W YOL103W-A,0.0,NA,0.007739715278148651,2850,16408,14633,0,0.515859667758402,0.14799044552913074,1.0,0.5285912180664283,0.4714087819335717
14633,YMR283C YJL047C,0.0,NA,0.007739725988358259,2850,16407,14634,0,0.5158891741170222,0.14799813054992988,1.0,0.528559002609452,0.471440997390548
14634,YBR286W YGL044C,0.0,NA,0.007740718778222799,2850,16406,14635,0,0.5159186804756425,0.14800581636892396,1.0,0.5285267871524758,0.47147321284752425
14635,YMR310C YPL270W,0.0,NA,0.007746193092316389,2850,16405,14636,0,0.5159481868342628,0.14801350298623733,1.0,0.5284945716954995,0.4715054283045005
14636,YFR002W YPR051W,0.0,NA,0.007749646436423063,2850,16404,14637,0,0.5159776931928831,0.14802119040199438,1.0,0.5284623562385232,0.4715376437614768
14637,YCR027C YDR210W-B,0.0,NA,0.007750592194497585,2850,16403,14638,0,0.5160071995515033,0.14802887861631953,1.0,0.5284301407815469,0.471569859218453
14638,YER099C YAL056W,0.0,NA,0.007752605713903904,2850,16402,14639,0,0.5160367059101236,0.1480365676293372,1.0,0.5283979253245707,0.47160207467542925
14639,YPR186C YJL178C,0.0,NA,0.007754751946777105,2850,16401,14640,0,0.5160662122687439,0.1480442574411719,1.0,0.5283657098675945,0.47163429013240554
14640,YLR410W-B YER052C,0.0,NA,0.0077691106125712395,2850,16400,14641,0,0.5160957186273641,0.14805194805194805,1.0,0.5283334944106182,0.4716665055893818
14641,YER059W YNL054W-B,0.0,NA,0.007770205847918987,2850,16399,14642,0,0.5161252249859845,0.1480596394617902,1.0,0.528301278953642,0.471698721046358
14642,YHR143W YLR467W,0.0,NA,0.007770838215947151,2850,16398,14643,0,0.5161547313446048,0.14806733167082295,1.0,0.5282690634966657,0.4717309365033343
14643,YOR319W YGR247W,0.0,NA,0.007771055679768324,2850,16397,14644,0,0.5161842377032251,0.14807502467917077,1.0,0.5282368480396894,0.47176315196031054
14644,YGR140W YBR101C,0.0,NA,0.007773405872285366,2850,16396,14645,0,0.5162137440618453,0.14808271848695834,1.0,0.5282046325827132,0.47179536741728684
14645,YOL125W YGL171W,0.0,NA,0.007774482946842909,2850,16395,14646,0,0.5162432504204656,0.1480904130943102,1.0,0.5281724171257369,0.4718275828742631
14646,tN(GUU)K YLR148W,0.0,NA,0.007776425685733557,2850,16394,14647,0,0.5162727567790859,0.14809810850135108,1.0,0.5281402016687606,0.4718597983312393
14647,YBL002W YNL044W,0.0,NA,0.007787677459418774,2850,16393,14648,0,0.5163022631377062,0.14810580470820559,1.0,0.5281079862117845,0.4718920137882156
14648,YNL037C YOL103W-B,0.0,NA,0.007790960371494293,2850,16392,14649,0,0.5163317694963264,0.14811350171499843,1.0,0.5280757707548082,0.47192422924519184
14649,YOL010W YOR039W,0.0,NA,0.007800642866641283,2850,16391,14650,0,0.5163612758549467,0.14812119952185437,1.0,0.5280435552978319,0.4719564447021681
14650,YGR109W-A YBR080C,0.0,NA,0.007800816558301449,2850,16390,14651,0,0.516390782213567,0.14812889812889812,1.0,0.5280113398408557,0.47198866015914437
14651,YPL211W YER065C,0.0,NA,0.007801709696650505,2850,16389,14652,0,0.5164202885721874,0.1481365975362545,1.0,0.5279791243838794,0.4720208756161206
14652,YPL192C YER012W,0.0,NA,0.007814313285052776,2850,16388,14653,0,0.5164497949308076,0.14814429774404825,1.0,0.5279469089269031,0.4720530910730969
14653,YLR433C YOL111C,0.0,NA,0.007816868834197521,2850,16387,14654,0,0.5164793012894279,0.14815199875240423,1.0,0.5279146934699269,0.47208530653007313
14654,YGR002C YER046W,0.0,NA,0.007823821157217026,2850,16386,14655,0,0.5165088076480482,0.14815970056144728,1.0,0.5278824780129506,0.47211752198704937
14655,YOL078W YOL058W,0.0,NA,0.007828827016055584,2850,16385,14656,0,0.5165383140066684,0.1481674031713023,1.0,0.5278502625559743,0.47214973744402566
14656,YLR410W-B YOR301W,0.0,NA,0.007830441929399967,2850,16384,14657,0,0.5165678203652887,0.1481751065820942,1.0,0.527818047098998,0.4721819529010019
14657,YHR008C YPL016W,0.0,NA,0.007832561619579792,2850,16383,14658,0,0.516597326723909,0.1481828107939479,1.0,0.5277858316420219,0.47221416835797814
14658,YNL037C YDR299W,0.0,NA,0.007834595628082752,2850,16382,14659,0,0.5166268330825293,0.14819051580698836,1.0,0.5277536161850456,0.47224638381495443
14659,YMR070W YNL054W-B,0.0,NA,0.007838140241801739,2850,16381,14660,0,0.5166563394411495,0.14819822162134055,1.0,0.5277214007280693,0.47227859927193067
14660,YMR301C YJR076C,0.0,NA,0.007839107885956764,2850,16380,14661,0,0.5166858457997698,0.1482059282371295,1.0,0.5276891852710931,0.4723108147289069
14661,YLR309C YPL194W,0.0,NA,0.007839745841920376,2850,16379,14662,0,0.5167153521583902,0.1482136356544802,1.0,0.5276569698141168,0.4723430301858832
14662,YNL298W YDR261C-C,0.0,NA,0.007841444574296474,2850,16378,14663,0,0.5167448585170105,0.1482213438735178,1.0,0.5276247543571405,0.47237524564285943
14663,snR53 YER006W,0.0,NA,0.00784528162330389,2850,16377,14664,0,0.5167743648756307,0.1482290528943673,1.0,0.5275925389001643,0.4724074610998357
14664,YOR358W YCR093W,0.0,NA,0.007846461609005928,2850,16376,14665,0,0.516803871234251,0.14823676271715386,1.0,0.527560323443188,0.47243967655681196
14665,YCR040W YPL242C,0.0,NA,0.007858097553253174,2850,16375,14666,0,0.5168333775928713,0.1482444733420026,1.0,0.5275281079862117,0.4724718920137882
14666,snR19 YBR267W,0.0,NA,0.00785968080163002,2850,16374,14667,0,0.5168628839514915,0.1482521847690387,1.0,0.5274958925292356,0.4725041074707645
14667,YGR261C YOR142W-A,0.0,NA,0.00786349643021822,2850,16373,14668,0,0.5168923903101118,0.14825989699838735,1.0,0.5274636770722593,0.4725363229277407
14668,YLR447C YNL158W,0.0,NA,0.007867272943258286,2850,16372,14669,0,0.5169218966687321,0.14826761003017375,1.0,0.527431461615283,0.47256853838471696
14669,YPR074C YPR139C,0.0,NA,0.00787521991878748,2850,16371,14670,0,0.5169514030273524,0.1482753238645232,1.0,0.5273992461583068,0.47260075384169326
14670,YGL098W YPL084W,0.0,NA,0.007876315154135227,2850,16370,14671,0,0.5169809093859726,0.14828303850156088,1.0,0.5273670307013305,0.4726329692986695
14671,YMR016C YBR252W,0.0,NA,0.007877612486481667,2850,16369,14672,0,0.5170104157445929,0.14829075394141214,1.0,0.5273348152443542,0.4726651847556458
14672,YDL038C Q0115,0.0,NA,0.00787912867963314,2850,16368,14673,0,0.5170399221032133,0.1482984701842023,1.0,0.527302599787378,0.472697400212622
14673,YOR113W YBR257W,0.0,NA,0.007880862802267075,2850,16367,14674,0,0.5170694284618336,0.14830618723005673,1.0,0.5272703843304017,0.47272961566959826
14674,YDR515W YGR133W,0.0,NA,0.007884245365858078,2850,16366,14675,0,0.5170989348204538,0.14831390507910075,1.0,0.5272381688734255,0.47276183112657455
14675,YMR322C YGL209W,0.0,NA,0.007889125496149063,2850,16365,14676,0,0.5171284411790741,0.1483216237314598,1.0,0.5272059534164492,0.4727940465835508
14676,YDR531W YLR157C-B,0.0,NA,0.007895576767623425,2850,16364,14677,0,0.5171579475376944,0.1483293431872593,1.0,0.527173737959473,0.472826262040527
14677,YDR069C YDL195W,0.0,NA,0.007903623394668102,2850,16363,14678,0,0.5171874538963147,0.14833706344662467,1.0,0.5271415225024967,0.4728584774975033
14678,YJL170C YKL143W,0.0,NA,0.007904321886599064,2850,16362,14679,0,0.5172169602549349,0.14834478450968144,1.0,0.5271093070455204,0.47289069295447955
14679,YGR244C YKL144C,0.0,NA,0.007905795238912106,2850,16361,14680,0,0.5172464666135552,0.1483525063765551,1.0,0.5270770915885442,0.4729229084114558
14680,YHL002W YIL036W,0.0,NA,0.00791325606405735,2850,16360,14681,0,0.5172759729721755,0.14836022904737117,1.0,0.5270448761315679,0.4729551238684321
14681,YHR079C-A YJR005W,0.0,NA,0.007913611829280853,2850,16359,14682,0,0.5173054793307957,0.14836795252225518,1.0,0.5270126606745916,0.4729873393254083
14682,YLR048W YPR190C,0.0,NA,0.007916607894003391,2850,16358,14683,0,0.517334985689416,0.1483756768013328,1.0,0.5269804452176154,0.4730195547823846
14683,YHR001W YNL178W,0.0,NA,0.007917637936770916,2850,16357,14684,0,0.5173644920480364,0.14838340188472954,1.0,0.5269482297606392,0.47305177023936085
14684,YGL227W YLR332W,0.0,NA,0.007918124087154865,2850,16356,14685,0,0.5173939984066567,0.14839112777257107,1.0,0.5269160143036629,0.4730839856963371
14685,YMR152W YJR147W,0.0,NA,0.007919150404632092,2850,16355,14686,0,0.5174235047652769,0.14839885446498308,1.0,0.5268837988466867,0.4731162011533134
14686,YEL071W YNL281W,0.0,NA,0.00792492926120758,2850,16354,14687,0,0.5174530111238972,0.14840658196209122,1.0,0.5268515833897104,0.4731484166102896
14687,YLR194C YHR041C,0.0,NA,0.007926511578261852,2850,16353,14688,0,0.5174825174825175,0.14841431026402124,1.0,0.5268193679327341,0.47318063206726585
14688,YNL054W-B YDR265W,0.0,NA,0.00792667642235756,2850,16352,14689,0,0.5175120238411378,0.14842203937089887,1.0,0.5267871524757579,0.47321284752424214
14689,YOR302W YJL095W,0.0,NA,0.007927115075290203,2850,16351,14690,0,0.517541530199758,0.14842976928284984,1.0,0.5267549370187816,0.4732450629812184
14690,YKL180W YER087C-B,0.0,NA,0.007927917875349522,2850,16350,14691,0,0.5175710365583783,0.1484375,1.0,0.5267227215618053,0.47327727843819467
14691,YDR272W YGR027W-B,0.0,NA,0.007934465073049068,2850,16349,14692,0,0.5176005429169986,0.14844523152247513,1.0,0.5266905061048291,0.4733094938951709
14692,YFR001W YDR210W-A,0.0,NA,0.007934465073049068,2850,16348,14693,0,0.5176300492756188,0.14845296385040108,1.0,0.5266582906478529,0.47334170935214714
14693,YBR207W YKL062W,0.0,NA,0.007943527773022652,2850,16347,14694,0,0.5176595556342392,0.14846069698390374,1.0,0.5266260751908766,0.47337392480912344
14694,YDR013W YIL053W,0.0,NA,0.007945356890559196,2850,16346,14695,0,0.5176890619928595,0.148468430923109,1.0,0.5265938597339003,0.4734061402660997
14695,YOR343W-A YER118C,0.0,NA,0.007951192557811737,2850,16345,14696,0,0.5177185683514798,0.14847616566814276,1.0,0.5265616442769241,0.4734383557230759
14696,YLR227W-B YMR014W,0.0,NA,0.007955659180879593,2850,16344,14697,0,0.5177480747101,0.14848390121913096,1.0,0.5265294288199478,0.4734705711800522
14697,YKL181W YKR062W,0.0,NA,0.007963554933667183,2850,16343,14698,0,0.5177775810687203,0.14849163757619965,1.0,0.5264972133629715,0.47350278663702844
14698,YBR142W YER072W,0.0,NA,0.007967443205416203,2850,16342,14699,0,0.5178070874273406,0.14849937473947478,1.0,0.5264649979059953,0.47353500209400473
14699,YDR034C-D YHR044C,0.0,NA,0.007970195263624191,2850,16341,14700,0,0.5178365937859609,0.14850711270908237,1.0,0.526432782449019,0.47356721755098097
14700,YBR081C YOL091W,0.0,NA,0.0079731997102499,2850,16340,14701,0,0.5178661001445811,0.1485148514851485,1.0,0.5264005669920427,0.4735994330079572
14701,YOL101C YKL062W,0.0,NA,0.007973275147378445,2850,16339,14702,0,0.5178956065032014,0.14852259106779925,1.0,0.5263683515350666,0.4736316484649335
14702,YPR187W YGR161W-B,0.0,NA,0.007981392554938793,2850,16338,14703,0,0.5179251128618217,0.1485303314571607,1.0,0.5263361360780903,0.47366386392190973
14703,YOR167C YDL115C,0.0,NA,0.007993161678314209,2850,16337,14704,0,0.5179546192204421,0.14853807265335905,1.0,0.526303920621114,0.47369607937888597
14704,YNL331C YKL135C,0.0,NA,0.007993343286216259,2850,16336,14705,0,0.5179841255790623,0.1485458146565204,1.0,0.5262717051641378,0.47372829483586226
14705,YBR097W YMR099C,0.0,NA,0.00799360778182745,2850,16335,14706,0,0.5180136319376826,0.1485535574667709,1.0,0.5262394897071615,0.4737605102928385
14706,YPR186C YER075C,0.0,NA,0.00799529068171978,2850,16334,14707,0,0.5180431382963029,0.14856130108423687,1.0,0.5262072742501852,0.47379272574981474
14707,YNL214W YNL054W-A,0.0,NA,0.007998215034604073,2850,16333,14708,0,0.5180726446549231,0.14856904550904446,1.0,0.526175058793209,0.47382494120679103
14708,YPL220W YNL294C,0.0,NA,0.007998551242053509,2850,16332,14709,0,0.5181021510135434,0.14857679074132,1.0,0.5261428433362327,0.47385715666376726
14709,YJL106W YKR092C,0.0,NA,0.008001502603292465,2850,16331,14710,0,0.5181316573721637,0.1485845367811897,1.0,0.5261106278792564,0.47388937212074356
14710,YOR284W YPL208W,0.0,NA,0.008005599491298199,2850,16330,14711,0,0.518161163730784,0.14859228362878,1.0,0.5260784124222803,0.4739215875777198
14711,YKR094C snR31,0.0,NA,0.00800611823797226,2850,16329,14712,0,0.5181906700894042,0.14860003128421712,1.0,0.526046196965304,0.47395380303469603
14712,YGR129W YGR224W,0.0,NA,0.008010175079107285,2850,16328,14713,0,0.5182201764480245,0.14860777974762748,1.0,0.5260139815083277,0.4739860184916723
14713,YDR210W-A YPL093W,0.0,NA,0.008010576479136944,2850,16327,14714,0,0.5182496828066449,0.14861552901913752,1.0,0.5259817660513514,0.47401823394864856
14714,YLR246W YDR261W-B,0.0,NA,0.008010576479136944,2850,16326,14715,0,0.5182791891652652,0.1486232790988736,1.0,0.5259495505943752,0.4740504494056248
14715,YDL112W YDR210C-D,0.0,NA,0.008015071973204613,2850,16325,14716,0,0.5183086955238854,0.14863102998696218,1.0,0.5259173351373989,0.4740826648626011
14716,YHR063C YOR299W,0.0,NA,0.008016372099518776,2850,16324,14717,0,0.5183382018825057,0.14863878168352979,1.0,0.5258851196804226,0.4741148803195773
14717,YIL021W YHR208W,0.0,NA,0.008016967214643955,2850,16323,14718,0,0.518367708241126,0.14864653418870286,1.0,0.5258529042234464,0.4741470957765536
14718,YLR448W YDR034C-D,0.0,NA,0.008017323911190033,2850,16322,14719,0,0.5183972145997462,0.14865428750260798,1.0,0.5258206887664701,0.47417931123352985
14719,YMR099C YPL046C,0.0,NA,0.008020032197237015,2850,16321,14720,0,0.5184267209583665,0.14866204162537167,1.0,0.5257884733094939,0.4742115266905061
14720,YBR173C YPR005C,0.0,NA,0.008024859242141247,2850,16320,14721,0,0.5184562273169868,0.1486697965571205,1.0,0.5257562578525177,0.4742437421474824
14721,YHR214C-C YAR010C,0.0,NA,0.008033095858991146,2850,16319,14722,0,0.5184857336756071,0.1486775522979811,1.0,0.5257240423955414,0.4742759576044586
14722,YJL114W YGR141W,0.0,NA,0.008033685386180878,2850,16318,14723,0,0.5185152400342273,0.14868530884808012,1.0,0.5256918269385651,0.47430817306143486
14723,YOR092W YPL275W,0.0,NA,0.008035019040107727,2850,16317,14724,0,0.5185447463928476,0.14869306620754422,1.0,0.5256596114815889,0.47434038851841115
14724,YGR027W-B YMR306W,0.0,NA,0.008045508526265621,2850,16316,14725,0,0.518574252751468,0.14870082437650006,1.0,0.5256273960246126,0.4743726039753874
14725,YKL025C YBL097W,0.0,NA,0.008050711825489998,2850,16315,14726,0,0.5186037591100883,0.14870858335507436,1.0,0.5255951805676363,0.4744048194323636
14726,YFL002W-B YKR106W,0.0,NA,0.008055679500102997,2850,16314,14727,0,0.5186332654687085,0.14871634314339385,1.0,0.5255629651106601,0.4744370348893399
14727,YNL039W YBL015W,0.0,NA,0.008058621548116207,2850,16313,14728,0,0.5186627718273288,0.14872410374158535,1.0,0.5255307496536838,0.47446925034631615
14728,YBR002C YDR316W-B,0.0,NA,0.008062468841671944,2850,16312,14729,0,0.5186922781859491,0.1487318651497756,1.0,0.5254985341967076,0.47450146580329244
14729,YHR023W YHR039C,0.0,NA,0.008065057918429375,2850,16311,14730,0,0.5187217845445694,0.14873962736809143,1.0,0.5254663187397314,0.4745336812602687
14730,YPL257W-B YOR210W,0.0,NA,0.008069262839853764,2850,16310,14731,0,0.5187512909031896,0.1487473903966597,1.0,0.5254341032827551,0.4745658967172449
14731,YPR158W-A YOR356W,0.0,NA,0.00807152595371008,2850,16309,14732,0,0.5187807972618099,0.14875515423560728,1.0,0.5254018878257788,0.4745981121742212
14732,YCL009C YPL228W,0.0,NA,0.008074034936726093,2850,16308,14733,0,0.5188103036204302,0.14876291888506107,1.0,0.5253696723688025,0.47463032763119745
14733,YLR390W-A YNL164C,0.0,NA,0.008074367418885231,2850,16307,14734,0,0.5188398099790504,0.14877068434514798,1.0,0.5253374569118263,0.4746625430881737
14734,YBR114W YDR404C,0.0,NA,0.008078382350504398,2850,16306,14735,0,0.5188693163376707,0.14877845061599498,1.0,0.52530524145485,0.47469475854515
14735,YPL060C-A YDL170W,0.0,NA,0.008079459890723228,2850,16305,14736,0,0.5188988226962911,0.14878621769772904,1.0,0.5252730259978737,0.4747269740021262
14736,YIR006C YGL144C,0.0,NA,0.008079479448497295,2850,16304,14737,0,0.5189283290549114,0.14879398559047718,1.0,0.5252408105408976,0.4747591894591025
14737,YIR015W YPL008W,0.0,NA,0.008079727180302143,2850,16303,14738,0,0.5189578354135316,0.14880175429436643,1.0,0.5252085950839213,0.47479140491607874
14738,YOR287C YOR180C,0.0,NA,0.008083236403763294,2850,16302,14739,0,0.5189873417721519,0.1488095238095238,1.0,0.525176379626945,0.474823620373055
14739,tS(AGA)J YER074W,0.0,NA,0.008085128851234913,2850,16301,14740,0,0.5190168481307722,0.14881729413607644,1.0,0.5251441641699688,0.47485583583003127
14740,YLR399C YJL042W,0.0,NA,0.008088109083473682,2850,16300,14741,0,0.5190463544893925,0.14882506527415143,1.0,0.5251119487129925,0.4748880512870075
14741,YGL105W YGL035C,0.0,NA,0.00808918010443449,2850,16299,14742,0,0.5190758608480127,0.1488328372238759,1.0,0.5250797332560162,0.47492026674398374
14742,YPL156C YGL003C,0.0,NA,0.008089806884527206,2850,16298,14743,0,0.519105367206633,0.14884060998537707,1.0,0.52504751779904,0.47495248220096004
14743,YLR263W YAL053W,0.0,NA,0.008092738687992096,2850,16297,14744,0,0.5191348735652533,0.14884838355878205,1.0,0.5250153023420637,0.4749846976579363
14744,YGR042W YNL054W-A,0.0,NA,0.008096490986645222,2850,16296,14745,0,0.5191643799238735,0.1488561579442181,1.0,0.5249830868850874,0.4750169131149125
14745,YPR137W tR(UCU)M2,0.0,NA,0.008099290542304516,2850,16295,14746,0,0.5191938862824939,0.14886393314181248,1.0,0.5249508714281113,0.4750491285718888
14746,YGR113W YML077W,0.0,NA,0.008100508712232113,2850,16294,14747,0,0.5192233926411142,0.14887170915169243,1.0,0.524918655971135,0.47508134402886504
14747,YDR210C-C YGL095C,0.0,NA,0.008105587214231491,2850,16293,14748,0,0.5192528989997345,0.14887948597398526,1.0,0.5248864405141587,0.47511355948584133
14748,YBL004W YJL042W,0.0,NA,0.008107880130410194,2850,16292,14749,0,0.5192824053583547,0.1488872636088183,1.0,0.5248542250571825,0.47514577494281757
14749,YGR042W YGR161C,0.0,NA,0.008111408911645412,2850,16291,14750,0,0.519311911716975,0.1488950420563189,1.0,0.5248220096002062,0.4751779903997938
14750,YBL041W YDR082W,0.0,NA,0.00811242125928402,2850,16290,14751,0,0.5193414180755953,0.14890282131661442,1.0,0.5247897941432299,0.4752102058567701
14751,YDL105W YDL106C,0.0,NA,0.008113023824989796,2850,16289,14752,0,0.5193709244342156,0.14891060138983228,1.0,0.5247575786862536,0.47524242131374633
14752,YMR212C YOR142W-B,0.0,NA,0.008120390586555004,2850,16288,14753,0,0.5194004307928358,0.1489183822760999,1.0,0.5247253632292774,0.47527463677072257
14753,YDR178W tE(UUC)E1,0.0,NA,0.008124716579914093,2850,16287,14754,0,0.5194299371514561,0.14892616397554476,1.0,0.5246931477723011,0.47530685222769886
14754,YJL088W YPL253C,0.0,NA,0.008130086585879326,2850,16286,14755,0,0.5194594435100764,0.1489339464882943,1.0,0.5246609323153248,0.4753390676846751
14755,YBL011W YOR275C,0.0,NA,0.008131721056997776,2850,16285,14756,0,0.5194889498686968,0.1489417298144761,1.0,0.5246287168583487,0.4753712831416514
14756,YMR199W YGR074W,0.0,NA,0.008132236078381538,2850,16284,14757,0,0.519518456227317,0.14894951395421763,1.0,0.5245965014013724,0.4754034985986276
14757,tQ(CUG)M YEL024W,0.0,NA,0.008132659830152988,2850,16283,14758,0,0.5195479625859373,0.14895729890764647,1.0,0.5245642859443961,0.47543571405560386
14758,YJL091C YGR156W,0.0,NA,0.008134386502206326,2850,16282,14759,0,0.5195774689445576,0.14896508467489022,1.0,0.5245320704874199,0.47546792951258016
14759,YPR137C-A YNR009W,0.0,NA,0.008136363700032234,2850,16281,14760,0,0.5196069753031778,0.14897287125607653,1.0,0.5244998550304436,0.4755001449695564
14760,YFL002W-A YGL209W,0.0,NA,0.008140440098941326,2850,16280,14761,0,0.5196364816617981,0.14898065865133298,1.0,0.5244676395734673,0.47553236042653263
14761,YGR040W YDL044C,0.0,NA,0.008142288774251938,2850,16279,14762,0,0.5196659880204184,0.1489884468607873,1.0,0.5244354241164911,0.4755645758835089
14762,YLL022C YNL156C,0.0,NA,0.008146040141582489,2850,16278,14763,0,0.5196954943790387,0.14899623588456712,1.0,0.5244032086595148,0.47559679134048516
14763,YOL061W YMR079W,0.0,NA,0.008147511631250381,2850,16277,14764,0,0.5197250007376589,0.14900402572280022,1.0,0.5243709932025385,0.4756290067974614
14764,YEL057C YML012W,0.0,NA,0.008151247166097164,2850,16276,14765,0,0.5197545070962792,0.14901181637561434,1.0,0.5243387777455624,0.4756612222544377
14765,YGR007W YPR137C-A,0.0,NA,0.00815351027995348,2850,16275,14766,0,0.5197840134548996,0.14901960784313725,1.0,0.5243065622885861,0.4756934377114139
14766,YIR015W YML066C,0.0,NA,0.008155797608196735,2850,16274,14767,0,0.5198135198135199,0.14902740012549676,1.0,0.5242743468316098,0.4757256531683902
14767,YGR020C YCR012W,0.0,NA,0.00816392432898283,2850,16273,14768,0,0.5198430261721401,0.1490351932228207,1.0,0.5242421313746336,0.47575786862536645
14768,YER059W YGL058W,0.0,NA,0.008173061534762383,2850,16272,14769,0,0.5198725325307604,0.1490429871352369,1.0,0.5242099159176573,0.4757900840823427
14769,YGL229C YER179W,0.0,NA,0.008177786134183407,2850,16271,14770,0,0.5199020388893807,0.1490507818628733,1.0,0.524177700460681,0.475822299539319
14770,YLL042C YGL244W,0.0,NA,0.008181925863027573,2850,16270,14771,0,0.5199315452480009,0.14905857740585773,1.0,0.5241454850037047,0.4758545149962952
14771,YIR004W YOR192C-B,0.0,NA,0.008185617625713348,2850,16269,14772,0,0.5199610516066212,0.14906637376431822,1.0,0.5241132695467285,0.47588673045327146
14772,YFL002W-B YBL034C,0.0,NA,0.008189068175852299,2850,16268,14773,0,0.5199905579652415,0.14907417093838268,1.0,0.5240810540897523,0.47591894591024775
14773,YPR008W YER082C,0.0,NA,0.0081899743527174,2850,16267,14774,0,0.5200200643238618,0.1490819689281791,1.0,0.524048838632776,0.475951161367224
14774,YLL052C YNL194C,0.0,NA,0.008190318942070007,2850,16266,14775,0,0.520049570682482,0.14908976773383553,1.0,0.5240166231757998,0.4759833768242003
14775,YPL241C YDR408C,0.0,NA,0.008196065202355385,2850,16265,14776,0,0.5200790770411023,0.14909756735548,1.0,0.5239844077188235,0.4760155922811765
14776,YBL071W-A YJL134W,0.0,NA,0.008197491988539696,2850,16264,14777,0,0.5201085833997227,0.14910536779324055,1.0,0.5239521922618472,0.47604780773815275
14777,YPL257W-A YGL027C,0.0,NA,0.008204023353755474,2850,16263,14778,0,0.520138089758343,0.14911316904724534,1.0,0.523919976804871,0.47608002319512904
14778,YOL081W YPL257W-A,0.0,NA,0.008208629675209522,2850,16262,14779,0,0.5201675961169632,0.14912097111762243,1.0,0.5238877613478947,0.4761122386521053
14779,YFL002W-A YAL036C,0.0,NA,0.008210454136133194,2850,16261,14780,0,0.5201971024755835,0.14912877400450003,1.0,0.5238555458909184,0.4761444541090815
14780,YLR119W YDR261W-B,0.0,NA,0.00821900088340044,2850,16260,14781,0,0.5202266088342038,0.14913657770800628,1.0,0.5238233304339422,0.4761766695660578
14781,YJR104C YCR105W,0.0,NA,0.008219941519200802,2850,16259,14782,0,0.5202561151928241,0.1491443822282694,1.0,0.523791114976966,0.47620888502303405
14782,YML105C YPR065W,0.0,NA,0.008231215178966522,2850,16258,14783,0,0.5202856215514443,0.14915218756541762,1.0,0.5237588995199897,0.4762411004800103
14783,YGR254W YGR161C-D,0.0,NA,0.00824442133307457,2850,16257,14784,0,0.5203151279100646,0.14915999371957922,1.0,0.5237266840630135,0.4762733159369866
14784,YLR420W YBL016W,0.0,NA,0.008246621116995811,2850,16256,14785,0,0.5203446342686849,0.14916780069088245,1.0,0.5236944686060372,0.4763055313939628
14785,YBR010W YER159C-A,0.0,NA,0.008247892372310162,2850,16255,14786,0,0.5203741406273051,0.14917560847945563,1.0,0.5236622531490609,0.4763377468509391
14786,YNL054W-B YKR007W,0.0,NA,0.008249047212302685,2850,16254,14787,0,0.5204036469859254,0.14918341708542712,1.0,0.5236300376920847,0.47636996230791534
14787,YMR037C YNL001W,0.0,NA,0.008250615559518337,2850,16253,14788,0,0.5204331533445458,0.1491912265089253,1.0,0.5235978222351084,0.4764021777648916
14788,YKR025W YDR210W-B,0.0,NA,0.008251364342868328,2850,16252,14789,0,0.5204626597031661,0.14919903675007853,1.0,0.5235656067781321,0.47643439322186787
14789,YDR381W YCR063W,0.0,NA,0.008255302906036377,2850,16251,14790,0,0.5204921660617863,0.14920684780901525,1.0,0.5235333913211558,0.4764666086788441
14790,YHR040W tG(GCC)O1,0.0,NA,0.008258625864982605,2850,16250,14791,0,0.5205216724204066,0.14921465968586387,1.0,0.5235011758641797,0.47649882413582034
14791,YDR363W YBR111W-A,0.0,NA,0.008259656839072704,2850,16249,14792,0,0.5205511787790269,0.14922247238075292,1.0,0.5234689604072034,0.47653103959279663
14792,YBR142W YPR107C,0.0,NA,0.008260340429842472,2850,16248,14793,0,0.5205806851376472,0.14923028589381088,1.0,0.5234367449502271,0.47656325504977287
14793,YDR517W YBR019C,0.0,NA,0.008262746967375278,2850,16247,14794,0,0.5206101914962674,0.14923810022516626,1.0,0.5234045294932509,0.47659547050674916
14794,YGR217W YNL139C,0.0,NA,0.008264181204140186,2850,16246,14795,0,0.5206396978548877,0.14924591537494764,1.0,0.5233723140362746,0.4766276859637254
14795,YOR180C YHR079C-A,0.0,NA,0.008265052922070026,2850,16245,14796,0,0.520669204213508,0.14925373134328357,1.0,0.5233400985792983,0.47665990142070164
14796,YBR061C YGR038C-B,0.0,NA,0.008267593570053577,2850,16244,14797,0,0.5206987105721282,0.1492615481303027,1.0,0.5233078831223221,0.47669211687767793
14797,YDR325W YBR078W,0.0,NA,0.008268516510725021,2850,16243,14798,0,0.5207282169307486,0.14926936573613367,1.0,0.5232756676653458,0.47672433233465417
14798,YOR322C YDR001C,0.0,NA,0.008268836885690689,2850,16242,14799,0,0.5207577232893689,0.1492771841609051,1.0,0.5232434522083695,0.4767565477916304
14799,YBR176W YER137C-A,0.0,NA,0.008269916288554668,2850,16241,14800,0,0.5207872296479892,0.14928500340474568,1.0,0.5232112367513934,0.4767887632486067
14800,YGR027W-B YKR059W,0.0,NA,0.008274559862911701,2850,16240,14801,0,0.5208167360066094,0.1492928234677842,1.0,0.5231790212944171,0.47682097870558293
14801,YGL142C YGL257C,0.0,NA,0.008274574764072895,2850,16239,14802,0,0.5208462423652297,0.1493006443501493,1.0,0.5231468058374408,0.47685319416255917
14802,YPL211W tA(AGC)J,0.0,NA,0.008276852779090405,2850,16238,14803,0,0.52087574872385,0.14930846605196982,1.0,0.5231145903804646,0.47688540961953546
14803,YHR186C YBL035C,0.0,NA,0.008280493319034576,2850,16237,14804,0,0.5209052550824703,0.14931628857337456,1.0,0.5230823749234883,0.4769176250765117
14804,YGR129W YBL034C,0.0,NA,0.008284986019134521,2850,16236,14805,0,0.5209347614410905,0.1493241119144923,1.0,0.523050159466512,0.476949840533488
14805,YBR006W YGL033W,0.0,NA,0.008300927467644215,2850,16235,14806,0,0.5209642677997108,0.14933193607545192,1.0,0.5230179440095358,0.4769820559904642
14806,YOR193W YIL002C,0.0,NA,0.00830613449215889,2850,16234,14807,0,0.5209937741583311,0.1493397610563823,1.0,0.5229857285525595,0.47701427144744046
14807,YPR009W YPR158C-C,0.0,NA,0.008307135663926601,2850,16233,14808,0,0.5210232805169513,0.14934758685741237,1.0,0.5229535130955832,0.47704648690441676
14808,YBR016W tT(UGU)P,0.0,NA,0.00830864068120718,2850,16232,14809,0,0.5210527868755717,0.149355413478671,1.0,0.522921297638607,0.477078702361393
14809,YKR038C YJR019C,0.0,NA,0.008309269323945045,2850,16231,14810,0,0.521082293234192,0.1493632409202872,1.0,0.5228890821816308,0.47711091781836923
14810,YHR181W YJL002C,0.0,NA,0.008312762714922428,2850,16230,14811,0,0.5211117995928123,0.14937106918238993,1.0,0.5228568667246545,0.4771431332753455
14811,YOR142W-B YGL043W,0.0,NA,0.008312967605888844,2850,16229,14812,0,0.5211413059514325,0.14937889826510822,1.0,0.5228246512676782,0.47717534873232176
14812,YCR033W YPL121C,0.0,NA,0.008313781581819057,2850,16228,14813,0,0.5211708123100528,0.14938672816857113,1.0,0.522792435810702,0.47720756418929805
14813,YOL130W YOR388C,0.0,NA,0.008314834907650948,2850,16227,14814,0,0.5212003186686731,0.1493945588929077,1.0,0.5227602203537257,0.4772397796462743
14814,YOR127W YMR106C,0.0,NA,0.008317390456795692,2850,16226,14815,0,0.5212298250272934,0.14940239043824702,1.0,0.5227280048967494,0.4772719951032505
14815,YBR084C-A YLR357W,0.0,NA,0.008321828208863735,2850,16225,14816,0,0.5212593313859136,0.14941022280471822,1.0,0.5226957894397732,0.4773042105602268
14816,snR11 YML042W,0.0,NA,0.008332101628184319,2850,16224,14817,0,0.5212888377445339,0.14941805599245045,1.0,0.522663573982797,0.47733642601720305
14817,YLR060W YDL232W,0.0,NA,0.00833299569785595,2850,16223,14818,0,0.5213183441031543,0.14942589000157291,1.0,0.5226313585258207,0.4773686414741793
14818,YMR081C YBR289W,0.0,NA,0.008336905390024185,2850,16222,14819,0,0.5213478504617746,0.14943372483221476,1.0,0.5225991430688445,0.4774008569311556
14819,YNL180C YPL069C,0.0,NA,0.008343350142240524,2850,16221,14820,0,0.5213773568203948,0.14944156048450527,1.0,0.5225669276118682,0.4774330723881318
14820,YGR204W YBR265W,0.0,NA,0.008351831696927547,2850,16220,14821,0,0.5214068631790151,0.14944939695857368,1.0,0.5225347121548919,0.4774652878451081
14821,YIL005W YJL166W,0.0,NA,0.008353609591722488,2850,16219,14822,0,0.5214363695376354,0.14945723425454926,1.0,0.5225024966979157,0.47749750330208435
14822,YPR107C YGR027W-A,0.0,NA,0.008358592167496681,2850,16218,14823,0,0.5214658758962556,0.14946507237256135,1.0,0.5224702812409394,0.4775297187590606
14823,YMR135C YDR050C,0.0,NA,0.008358647115528584,2850,16217,14824,0,0.5214953822548759,0.1494729113127393,1.0,0.5224380657839631,0.4775619342160369
14824,YMR091C tS(AGA)J,0.0,NA,0.008365441113710403,2850,16216,14825,0,0.5215248886134962,0.14948075107521241,1.0,0.5224058503269869,0.4775941496730131
14825,YPL257W-B YHR144C,0.0,NA,0.008367979899048805,2850,16215,14826,0,0.5215543949721165,0.14948859166011014,1.0,0.5223736348700107,0.47762636512998935
14826,YPR158W-B YPL089C,0.0,NA,0.008372674696147442,2850,16214,14827,0,0.5215839013307367,0.14949643306756188,1.0,0.5223414194130344,0.47765858058696564
14827,YNL189W YGL150C,0.0,NA,0.008373858407139778,2850,16213,14828,0,0.521613407689357,0.1495042752976971,1.0,0.5223092039560581,0.4776907960439419
14828,YDR486C YNL141W,0.0,NA,0.008375207893550396,2850,16212,14829,0,0.5216429140479774,0.14951211835064526,1.0,0.5222769884990819,0.4777230115009181
14829,YPR158C-C YCR068W,0.0,NA,0.008386787958443165,2850,16211,14830,0,0.5216724204065977,0.14951996222653585,1.0,0.5222447730421056,0.4777552269578944
14830,YHR158C YER132C,0.0,NA,0.00838835071772337,2850,16210,14831,0,0.5217019267652179,0.1495278069254984,1.0,0.5222125575851293,0.47778744241487064
14831,YDR251W YBL068W,0.0,NA,0.008399487473070621,2850,16209,14832,0,0.5217314331238382,0.1495356524476625,1.0,0.5221803421281531,0.47781965787184694
14832,YMR088C YDL105W,0.0,NA,0.008400877006351948,2850,16208,14833,0,0.5217609394824585,0.14954349879315773,1.0,0.5221481266711768,0.4778518733288232
14833,YOR192C-A YPR008W,0.0,NA,0.00840092170983553,2850,16207,14834,0,0.5217904458410787,0.14955134596211367,1.0,0.5221159112142005,0.4778840887857994
14834,YOR377W YNL091W,0.0,NA,0.00840448122471571,2850,16206,14835,0,0.521819952199699,0.14955919395465994,1.0,0.5220836957572244,0.4779163042427757
14835,YPL195W YDL038C,0.0,NA,0.008407394401729107,2850,16205,14836,0,0.5218494585583193,0.14956704277092628,1.0,0.5220514803002481,0.47794851969975194
14836,YDR256C YLR227W-A,0.0,NA,0.00841390062123537,2850,16204,14837,0,0.5218789649169396,0.1495748924110423,1.0,0.5220192648432718,0.4779807351567282
14837,YBR002C YLR291C,0.0,NA,0.008416247554123402,2850,16203,14838,0,0.5219084712755598,0.1495827428751378,1.0,0.5219870493862956,0.47801295061370447
14838,YGR224W YDR486C,0.0,NA,0.008416383527219296,2850,16202,14839,0,0.5219379776341802,0.14959059416334244,1.0,0.5219548339293193,0.4780451660706807
14839,YOR372C YGR161W-B,0.0,NA,0.008417441509664059,2850,16201,14840,0,0.5219674839928005,0.14959844627578606,1.0,0.521922618472343,0.478077381527657
14840,YDL052C YOR257W,0.0,NA,0.00842364877462387,2850,16200,14841,0,0.5219969903514208,0.14960629921259844,1.0,0.5218904030153668,0.47810959698463323
14841,YMR042W YHR041C,0.0,NA,0.008424624800682068,2850,16199,14842,0,0.522026496710041,0.1496141529739094,1.0,0.5218581875583905,0.47814181244160947
14842,YML057W YKL197C,0.0,NA,0.008425198495388031,2850,16198,14843,0,0.5220560030686613,0.1496220075598488,1.0,0.5218259721014142,0.47817402789858576
14843,YDR058C YKR007W,0.0,NA,0.008426656946539879,2850,16197,14844,0,0.5220855094272816,0.14962986297054653,1.0,0.5217937566444381,0.478206243355562
14844,YPR137C-A YNL219C,0.0,NA,0.00842689536511898,2850,16196,14845,0,0.5221150157859019,0.14963771920613253,1.0,0.5217615411874618,0.47823845881253824
14845,YER083C YJL170C,0.0,NA,0.008426982909440994,2850,16195,14846,0,0.5221445221445221,0.14964557626673666,1.0,0.5217293257304855,0.47827067426951453
14846,YIL090W tG(GCC)O1,0.0,NA,0.008431203663349152,2850,16194,14847,0,0.5221740285031424,0.14965343415248897,1.0,0.5216971102735092,0.47830288972649077
14847,YDR052C YPL257W-B,0.0,NA,0.008432810194790363,2850,16193,14848,0,0.5222035348617627,0.1496612928635194,1.0,0.521664894816533,0.478335105183467
14848,YEL017C-A YPR144C,0.0,NA,0.008434740826487541,2850,16192,14849,0,0.5222330412203829,0.14966915239995798,1.0,0.5216326793595567,0.4783673206404433
14849,YGL173C YBR038W,0.0,NA,0.008435076102614403,2850,16191,14850,0,0.5222625475790033,0.14967701276193476,1.0,0.5216004639025804,0.47839953609741953
14850,YLR234W YMR165C,0.0,NA,0.00843608845025301,2850,16190,14851,0,0.5222920539376236,0.14968487394957983,1.0,0.5215682484456042,0.4784317515543958
14851,YDR354W YJL222W,0.0,NA,0.008436303585767746,2850,16189,14852,0,0.5223215602962439,0.14969273596302327,1.0,0.5215360329886279,0.47846396701137206
14852,YBL011W YDR261C-C,0.0,NA,0.008439910598099232,2850,16188,14853,0,0.5223510666548641,0.1497005988023952,1.0,0.5215038175316516,0.4784961824683483
14853,YBR057C YOL162W,0.0,NA,0.008443135768175125,2850,16187,14854,0,0.5223805730134844,0.14970846246782582,1.0,0.5214716020746755,0.4785283979253246
14854,YDR515W YMR217W,0.0,NA,0.008448339067399502,2850,16186,14855,0,0.5224100793721047,0.14971632695944526,1.0,0.5214393866176992,0.4785606133823008
14855,YLR175W YGL190C,0.0,NA,0.008450244553387165,2850,16185,14856,0,0.522439585730725,0.14972419227738376,1.0,0.5214071711607229,0.47859282883927706
14856,YOL054W YBR139W,0.0,NA,0.008450759574770927,2850,16184,14857,0,0.5224690920893452,0.14973205842177156,1.0,0.5213749557037467,0.47862504429625335
14857,YOR320C YCR010C,0.0,NA,0.008453749120235443,2850,16183,14858,0,0.5224985984479655,0.14973992539273892,1.0,0.5213427402467704,0.4786572597532296
14858,YBR131W YPR137C-A,0.0,NA,0.008457698859274387,2850,16182,14859,0,0.5225281048065858,0.14974779319041615,1.0,0.5213105247897941,0.4786894752102059
14859,YPL220W YPR104C,0.0,NA,0.008458678610622883,2850,16181,14860,0,0.522557611165206,0.14975566181493352,1.0,0.5212783093328179,0.4787216906671821
14860,YLR410W-B YER170W,0.0,NA,0.008464819751679897,2850,16180,14861,0,0.5225871175238264,0.14976353126642145,1.0,0.5212460938758416,0.47875390612415836
14861,YGL104C YNL302C,0.0,NA,0.008466589264571667,2850,16179,14862,0,0.5226166238824467,0.14977140154501026,1.0,0.5212138784188654,0.47878612158113465
14862,YLR227W-B YDR361C,0.0,NA,0.008469571359455585,2850,16178,14863,0,0.522646130241067,0.14977927265083035,1.0,0.5211816629618892,0.4788183370381109
14863,YER083C YGR227W,0.0,NA,0.008471922017633915,2850,16177,14864,0,0.5226756365996872,0.14978714458401218,1.0,0.5211494475049129,0.4788505524950871
14864,YDL076C YMR065W,0.0,NA,0.008473280817270279,2850,16176,14865,0,0.5227051429583075,0.14979501734468623,1.0,0.5211172320479366,0.4788827679520634
14865,YBL014C YGL192W,0.0,NA,0.008477447554469109,2850,16175,14866,0,0.5227346493169278,0.1498028909329829,1.0,0.5210850165909603,0.47891498340903965
14866,YGL145W YOR023C,0.0,NA,0.008478108793497086,2850,16174,14867,0,0.5227641556755481,0.1498107653490328,1.0,0.5210528011339841,0.4789471988660159
14867,YPL079W YDR394W,0.0,NA,0.008482684381306171,2850,16173,14868,0,0.5227936620341683,0.1498186405929664,1.0,0.5210205856770078,0.4789794143229922
14868,YGR199W YPR066W,0.0,NA,0.008482740260660648,2850,16172,14869,0,0.5228231683927886,0.1498265166649143,1.0,0.5209883702200315,0.4790116297799684
14869,YDL140C YHR040W,0.0,NA,0.008483437821269035,2850,16171,14870,0,0.522852674751409,0.1498343935650071,1.0,0.5209561547630553,0.4790438452369447
14870,YMR256C YOL093W,0.0,NA,0.008484304882586002,2850,16170,14871,0,0.5228821811100293,0.1498422712933754,1.0,0.520923939306079,0.47907606069392095
14871,YCL054W YEL009C,0.0,NA,0.008485098369419575,2850,16169,14872,0,0.5229116874686495,0.14985014985014986,1.0,0.5208917238491028,0.4791082761508972
14872,YGL215W YDR392W,0.0,NA,0.00848738569766283,2850,16168,14873,0,0.5229411938272698,0.14985802923546115,1.0,0.5208595083921266,0.4791404916078735
14873,YOR142W-B YKL112W,0.0,NA,0.008488609455525875,2850,16167,14874,0,0.5229707001858901,0.14986590944943998,1.0,0.5208272929351503,0.4791727070648497
14874,YER125W YMR016C,0.0,NA,0.008489657193422318,2850,16166,14875,0,0.5230002065445103,0.14987379049221708,1.0,0.520795077478174,0.47920492252182595
14875,tS(AGA)J YPR120C,0.0,NA,0.008491568267345428,2850,16165,14876,0,0.5230297129031306,0.14988167236392322,1.0,0.5207628620211978,0.47923713797880224
14876,YNL281W YIL018W,0.0,NA,0.00849189329892397,2850,16164,14877,0,0.5230592192617509,0.14988955506468918,1.0,0.5207306465642215,0.4792693534357785
14877,YLR395C YDR487C,0.0,NA,0.008492021821439266,2850,16163,14878,0,0.5230887256203712,0.14989743859464577,1.0,0.5206984311072452,0.47930156889275477
14878,YGR109W-A YDL079C,0.0,NA,0.008492178283631802,2850,16162,14879,0,0.5231182319789914,0.14990532295392384,1.0,0.520666215650269,0.479333784349731
14879,YML023C YJR064W,0.0,NA,0.008494210429489613,2850,16161,14880,0,0.5231477383376117,0.14991320814265424,1.0,0.5206340001932928,0.47936599980670724
14880,YNL054W-B YIL023C,0.0,NA,0.008496949449181557,2850,16160,14881,0,0.5231772446962321,0.1499210941609679,1.0,0.5206017847363165,0.47939821526368354
14881,YDR210C-D YNL220W,0.0,NA,0.00850052572786808,2850,16159,14882,0,0.5232067510548524,0.14992898100899574,1.0,0.5205695692793403,0.4794304307206598
14882,YCL034W YNL164C,0.0,NA,0.008515364490449429,2850,16158,14883,0,0.5232362574134726,0.14993686868686867,1.0,0.520537353822364,0.479462646177636
14883,YOR157C YCL051W,0.0,NA,0.00852289143949747,2850,16157,14884,0,0.5232657637720929,0.14994475719471773,1.0,0.5205051383653877,0.4794948616346123
14884,tA(AGC)M2 YKR076W,0.0,NA,0.008523770608007908,2850,16156,14885,0,0.5232952701307132,0.1499526465326739,1.0,0.5204729229084114,0.47952707709158854
14885,YOR008C-A YMR069W,0.0,NA,0.0085281478241086,2850,16155,14886,0,0.5233247764893334,0.1499605367008682,1.0,0.5204407074514352,0.4795592925485648
14886,YMR201C YGL005C,0.0,NA,0.008534827269613743,2850,16154,14887,0,0.5233542828479537,0.1499684276994317,1.0,0.5204084919944589,0.47959150800554107
14887,YIL090W YCR057C,0.0,NA,0.008536110632121563,2850,16153,14888,0,0.523383789206574,0.1499763195284955,1.0,0.5203762765374826,0.4796237234625173
14888,YDR381W YAL036C,0.0,NA,0.00853853952139616,2850,16152,14889,0,0.5234132955651943,0.14998421218819072,1.0,0.5203440610805065,0.4796559389194936
14889,YPR070W YLL041C,0.0,NA,0.008538628928363323,2850,16151,14890,0,0.5234428019238145,0.14999210567864849,1.0,0.5203118456235302,0.47968815437646983
14890,MPR1 YDR460W,0.0,NA,0.00854407623410225,2850,16150,14891,0,0.5234723082824349,0.15,1.0,0.5202796301665539,0.47972036983344607
14891,YGL044C YIL103W,0.0,NA,0.008547603152692318,2850,16149,14892,0,0.5235018146410552,0.15000789515237645,1.0,0.5202474147095777,0.47975258529042236
14892,YOR027W YLR227W-A,0.0,NA,0.008548366837203503,2850,16148,14893,0,0.5235313209996755,0.15001579113590904,1.0,0.5202151992526014,0.4797848007473986
14893,YNL239W YBR018C,0.0,NA,0.00855652242898941,2850,16147,14894,0,0.5235608273582957,0.15002368795072907,1.0,0.5201829837956251,0.47981701620437484
14894,YBR072W tT(UGU)P,0.0,NA,0.00856045912951231,2850,16146,14895,0,0.523590333716916,0.15003158559696778,1.0,0.5201507683386489,0.4798492316613511
14895,YBL005W tA(AGC)M2,0.0,NA,0.008561434224247932,2850,16145,14896,0,0.5236198400755363,0.1500394840747565,1.0,0.5201185528816726,0.47988144711832736
14896,YOR299W YMR156C,0.0,NA,0.008561640977859497,2850,16144,14897,0,0.5236493464341566,0.1500473833842266,1.0,0.5200863374246963,0.47991366257530366
14897,YNL331C YFL008W,0.0,NA,0.008563224226236343,2850,16143,14898,0,0.5236788527927768,0.1500552835255094,1.0,0.5200541219677202,0.4799458780322799
14898,YLR308W YKL002W,0.0,NA,0.00856445450335741,2850,16142,14899,0,0.5237083591513971,0.15006318449873632,1.0,0.5200219065107439,0.47997809348925613
14899,YKL055C YGR274C,0.0,NA,0.00856455136090517,2850,16141,14900,0,0.5237378655100174,0.15007108630403876,1.0,0.5199896910537676,0.4800103089462324
14900,YEL017C-A YDR378C,0.0,NA,0.00856778770685196,2850,16140,14901,0,0.5237673718686376,0.1500789889415482,1.0,0.5199574755967913,0.48004252440320866
14901,YLR410W-B YHR183W,0.0,NA,0.008568779565393925,2850,16139,14902,0,0.523796878227258,0.15008689241139608,1.0,0.5199252601398151,0.4800747398601849
14902,MEL1 YHR106W,0.0,NA,0.008569265715777874,2850,16138,14903,0,0.5238263845858783,0.15009479671371392,1.0,0.5198930446828388,0.4801069553171612
14903,YMR112C YHR214C-C,0.0,NA,0.008569982834160328,2850,16137,14904,0,0.5238558909444986,0.15010270184863328,1.0,0.5198608292258625,0.4801391707741374
14904,YLR206W YHR214C-C,0.0,NA,0.008572389371693134,2850,16136,14905,0,0.5238853973031188,0.15011060781628568,1.0,0.5198286137688863,0.48017138623111366
14905,YNL054W-B YGL004C,0.0,NA,0.008577197790145874,2850,16135,14906,0,0.5239149036617391,0.15011851461680273,1.0,0.51979639831191,0.48020360168808995
14906,YER119C YGR047C,0.0,NA,0.008579781278967857,2850,16134,14907,0,0.5239444100203594,0.15012642225031606,1.0,0.5197641828549338,0.4802358171450662
14907,YMR232W YEL026W,0.0,NA,0.008579910732805729,2850,16133,14908,0,0.5239739163789797,0.15013433071695728,1.0,0.5197319673979576,0.4802680326020425
14908,YNL216W YOR157C,0.0,NA,0.00858244951814413,2850,16132,14909,0,0.5240034227375999,0.15014224001685808,1.0,0.5196997519409813,0.4803002480590187
14909,YPR158W-B YLR385C,0.0,NA,0.008595268242061138,2850,16131,14910,0,0.5240329290962202,0.15015015015015015,1.0,0.519667536484005,0.48033246351599496
14910,YMR306W YGR161C-D,0.0,NA,0.008597683161497116,2850,16130,14911,0,0.5240624354548405,0.15015806111696522,1.0,0.5196353210270288,0.48036467897297125
14911,YHL007C YOR043W,0.0,NA,0.008603980764746666,2850,16129,14912,0,0.5240919418134607,0.15016597291743505,1.0,0.5196031055700525,0.4803968944299475
14912,YKR034W YGR255C,0.0,NA,0.008604965172708035,2850,16128,14913,0,0.5241214481720811,0.15017388555169142,1.0,0.5195708901130762,0.4804291098869237
14913,YLR332W YGR256W,0.0,NA,0.008612542413175106,2850,16127,14914,0,0.5241509545307014,0.15018179901986614,1.0,0.5195386746561,0.4804613253439
14914,YGR009C YDL087C,0.0,NA,0.008614350110292435,2850,16126,14915,0,0.5241804608893217,0.15018971332209105,1.0,0.5195064591991237,0.48049354080087625
14915,YHR214C-C YJR040W,0.0,NA,0.008614586666226387,2850,16125,14916,0,0.5242099672479419,0.15019762845849802,1.0,0.5194742437421475,0.48052575625785254
14916,YKL190W YOR191W,0.0,NA,0.008617641404271126,2850,16124,14917,0,0.5242394736065622,0.15020554442921893,1.0,0.5194420282851713,0.4805579717148288
14917,YKR020W YLR035C,0.0,NA,0.00861873384565115,2850,16123,14918,0,0.5242689799651825,0.1502134612343857,1.0,0.519409812828195,0.480590187171805
14918,YBR009C YLR357W,0.0,NA,0.00862914975732565,2850,16122,14919,0,0.5242984863238028,0.15022137887413028,1.0,0.5193775973712187,0.4806224026287813
14919,YLR071C YOL113W,0.0,NA,0.00862976536154747,2850,16121,14920,0,0.524327992682423,0.15022929734858467,1.0,0.5193453819142424,0.48065461808575755
14920,YIL007C YPR021C,0.0,NA,0.008630001917481422,2850,16120,14921,0,0.5243574990410433,0.15023721665788087,1.0,0.5193131664572662,0.4806868335427338
14921,YJL081C YKR010C,0.0,NA,0.008637075312435627,2850,16119,14922,0,0.5243870053996637,0.15024513680215087,1.0,0.5192809510002899,0.4807190489997101
14922,YJR082C YIL037C,0.0,NA,0.008641669526696205,2850,16118,14923,0,0.524416511758284,0.15025305778152678,1.0,0.5192487355433136,0.4807512644566863
14923,YBL035C snR79,0.0,NA,0.008648309856653214,2850,16117,14924,0,0.5244460181169042,0.15026097959614065,1.0,0.5192165200863375,0.48078347991366255
14924,YGR234W YER094C,0.0,NA,0.008648784831166267,2850,16116,14925,0,0.5244755244755245,0.15026890224612463,1.0,0.5191843046293612,0.48081569537063884
14925,YDR392W YDR183W,0.0,NA,0.008655283600091934,2850,16115,14926,0,0.5245050308341448,0.15027682573161086,1.0,0.5191520891723849,0.4808479108276151
14926,YLR194C YOR151C,0.0,NA,0.008655311539769173,2850,16114,14927,0,0.524534537192765,0.15028475005273148,1.0,0.5191198737154087,0.48088012628459137
14927,YGL014W YLR238W,0.0,NA,0.008660816587507725,2850,16113,14928,0,0.5245640435513853,0.15029267520961873,1.0,0.5190876582584324,0.4809123417415676
14928,YKL082C YLR227W-B,0.0,NA,0.008664276450872421,2850,16112,14929,0,0.5245935499100056,0.15030060120240482,1.0,0.5190554428014561,0.48094455719854384
14929,YOR239W YML121W,0.0,NA,0.008664493449032307,2850,16111,14930,0,0.5246230562686259,0.150308528031222,1.0,0.5190232273444799,0.48097677265552014
14930,YLL050C YLR033W,0.0,NA,0.008670959621667862,2850,16110,14931,0,0.5246525626272461,0.15031645569620253,1.0,0.5189910118875036,0.48100898811249637
14931,YDR200C YGR197C,0.0,NA,0.008675805293023586,2850,16109,14932,0,0.5246820689858664,0.15032438419747876,1.0,0.5189587964305273,0.4810412035694726
14932,YDR210W-A YKR081C,0.0,NA,0.008677052333950996,2850,16108,14933,0,0.5247115753444868,0.15033231353518303,1.0,0.5189265809735512,0.4810734190264489
14933,YLR144C YDL085W,0.0,NA,0.00867711752653122,2850,16107,14934,0,0.5247410817031071,0.1503402437094477,1.0,0.5188943655165749,0.48110563448342514
14934,YJR148W YMR173W,0.0,NA,0.008678274229168892,2850,16106,14935,0,0.5247705880617273,0.15034817472040515,1.0,0.5188621500595986,0.48113784994040143
14935,YKL007W YGR004W,0.0,NA,0.008679160848259926,2850,16105,14936,0,0.5248000944203476,0.15035610656818782,1.0,0.5188299346026224,0.48117006539737767
14936,YNL110C YDR098C-A,0.0,NA,0.00868313293904066,2850,16104,14937,0,0.5248296007789679,0.15036403925292816,1.0,0.5187977191456461,0.4812022808543539
14937,YDR135C YDR316W-A,0.0,NA,0.008688618429005146,2850,16103,14938,0,0.5248591071375881,0.1503719727747586,1.0,0.5187655036886698,0.4812344963113302
14938,YDR210W-A YBR105C,0.0,NA,0.008695327676832676,2850,16102,14939,0,0.5248886134962084,0.15037990713381175,1.0,0.5187332882316935,0.48126671176830643
14939,YOL155C YER129W,0.0,NA,0.008695569820702076,2850,16101,14940,0,0.5249181198548287,0.15038784233022004,1.0,0.5187010727747173,0.48129892722528267
14940,YPL157W YBL008W,0.0,NA,0.008699554018676281,2850,16100,14941,0,0.524947626213449,0.1503957783641161,1.0,0.518668857317741,0.48133114268225896
14941,YPR158W-A YOL105C,0.0,NA,0.00870081689208746,2850,16099,14942,0,0.5249771325720692,0.15040371523563248,1.0,0.5186366418607647,0.4813633581392352
14942,YDR210C-C YDR480W,0.0,NA,0.008702650666236877,2850,16098,14943,0,0.5250066389306896,0.15041165294490183,1.0,0.5186044264037886,0.48139557359621143
14943,YPL028W YIL079C,0.0,NA,0.008703193627297878,2850,16097,14944,0,0.5250361452893099,0.1504195914920568,1.0,0.5185722109468123,0.4814277890531877
14944,YPR137C-A YOL105C,0.0,NA,0.008706312626600266,2850,16096,14945,0,0.5250656516479302,0.15042753087723001,1.0,0.518539995489836,0.48146000451016396
14945,YOL008W YHL027W,0.0,NA,0.008706756867468357,2850,16095,14946,0,0.5250951580065504,0.15043547110055425,1.0,0.5185077800328598,0.48149221996714026
14946,YAR002W YDR363W,0.0,NA,0.008709399960935116,2850,16094,14947,0,0.5251246643651707,0.15044341216216217,1.0,0.5184755645758835,0.4815244354241165
14947,YIL173W YDR486C,0.0,NA,0.00871368683874607,2850,16093,14948,0,0.525154170723791,0.15045135406218657,1.0,0.5184433491189072,0.48155665088109273
14948,YDR528W YOL088C,0.0,NA,0.00871521420776844,2850,16092,14949,0,0.5251836770824112,0.15045929680076023,1.0,0.518411133661931,0.481588866338069
14949,YMR297W YDR210W-B,0.0,NA,0.008716701529920101,2850,16091,14950,0,0.5252131834410315,0.15046724037801595,1.0,0.5183789182049547,0.48162108179504526
14950,YER048W-A YGR027W-B,0.0,NA,0.008717921562492847,2850,16090,14951,0,0.5252426897996518,0.15047518479408659,1.0,0.5183467027479784,0.4816532972520215
14951,YOL080C YLR240W,0.0,NA,0.00872342474758625,2850,16089,14952,0,0.5252721961582721,0.15048313004910502,1.0,0.5183144872910023,0.4816855127089978
14952,YMR123W YMR045C,0.0,NA,0.008728204295039177,2850,16088,14953,0,0.5253017025168923,0.15049107614320414,1.0,0.518282271834026,0.481717728165974
14953,YNL197C YDL224C,0.0,NA,0.00872885249555111,2850,16087,14954,0,0.5253312088755127,0.15049902307651686,1.0,0.5182500563770497,0.4817499436229503
14954,YCL069W YBR118W,0.0,NA,0.008732369169592857,2850,16086,14955,0,0.525360715234133,0.15050697084917616,1.0,0.5182178409200735,0.48178215907992655
14955,YHR028C YDL101C,0.0,NA,0.008732715621590614,2850,16085,14956,0,0.5253902215927533,0.15051491946131504,1.0,0.5181856254630972,0.4818143745369028
14956,YDL132W YOL103W-B,0.0,NA,0.008736901916563511,2850,16084,14957,0,0.5254197279513735,0.15052286891306643,1.0,0.5181534100061209,0.4818465899938791
14957,YPL028W YLR102C,0.0,NA,0.008737455122172832,2850,16083,14958,0,0.5254492343099938,0.15053081920456346,1.0,0.5181211945491446,0.4818788054508553
14958,YBR018C YHL022C,0.0,NA,0.008741065859794617,2850,16082,14959,0,0.5254787406686141,0.15053877033593915,1.0,0.5180889790921684,0.48191102090783156
14959,YDR207C YJL222W,0.0,NA,0.008742784149944782,2850,16081,14960,0,0.5255082470272344,0.1505467223073266,1.0,0.5180567636351922,0.48194323636480785
14960,YNL149C YNL070W,0.0,NA,0.008743908256292343,2850,16080,14961,0,0.5255377533858546,0.15055467511885895,1.0,0.5180245481782159,0.4819754518217841
14961,YML102W YPL084W,0.0,NA,0.0087503083050251,2850,16079,14962,0,0.5255672597444749,0.15056262877066934,1.0,0.5179923327212397,0.4820076672787604
14962,YIL021W YOL078W,0.0,NA,0.008764448575675488,2850,16078,14963,0,0.5255967661030952,0.15057058326289097,1.0,0.5179601172642634,0.4820398827357366
14963,YKL104C YDR210C-D,0.0,NA,0.008776823058724403,2850,16077,14964,0,0.5256262724617154,0.150578538595657,1.0,0.5179279018072871,0.48207209819271285
14964,YHR178W tE(UUC)P,0.0,NA,0.008776943199336529,2850,16076,14965,0,0.5256557788203358,0.15058649476910071,1.0,0.5178956863503109,0.48210431364968914
14965,YCL069W YMR199W,0.0,NA,0.008784595876932144,2850,16075,14966,0,0.5256852851789561,0.15059445178335534,1.0,0.5178634708933346,0.4821365291066654
14966,YIL080W YDR019C,0.0,NA,0.008786576800048351,2850,16074,14967,0,0.5257147915375764,0.15060240963855423,1.0,0.5178312554363583,0.4821687445636416
14967,YNR060W YGR277C,0.0,NA,0.008790443651378155,2850,16073,14968,0,0.5257442978961966,0.15061036833483063,1.0,0.5177990399793821,0.4822009600206179
14968,YPL060C-A YMR179W,0.0,NA,0.008791607804596424,2850,16072,14969,0,0.5257738042548169,0.15061832787231794,1.0,0.5177668245224059,0.48223317547759414
14969,YKL017C YGL252C,0.0,NA,0.008794816210865974,2850,16071,14970,0,0.5258033106134372,0.15062628825114951,1.0,0.5177346090654296,0.4822653909345704
14970,YHR143W-A YHR044C,0.0,NA,0.008795260451734066,2850,16070,14971,0,0.5258328169720575,0.1506342494714588,1.0,0.5177023936084534,0.4822976063915467
14971,YDR345C YPR158C-D,0.0,NA,0.008795921690762043,2850,16069,14972,0,0.5258623233306777,0.15064221153337914,1.0,0.5176701781514771,0.4823298218485229
14972,YDR034C-D YBR084W,0.0,NA,0.008800242096185684,2850,16068,14973,0,0.525891829689298,0.1506501744370441,1.0,0.5176379626945008,0.4823620373054992
14973,YPL101W snR43,0.0,NA,0.008807653561234474,2850,16067,14974,0,0.5259213360479184,0.15065813818258708,1.0,0.5176057472375246,0.48239425276247544
14974,YOR046C YDR261C-C,0.0,NA,0.008810742758214474,2850,16066,14975,0,0.5259508424065386,0.15066610277014167,1.0,0.5175735317805483,0.4824264682194517
14975,YDL033C YJR106W,0.0,NA,0.00881229992955923,2850,16065,14976,0,0.5259803487651589,0.1506740681998414,1.0,0.517541316323572,0.48245868367642797
14976,YLR256W YPL163C,0.0,NA,0.008813037537038326,2850,16064,14977,0,0.5260098551237792,0.15068203447181983,1.0,0.5175091008665957,0.4824908991334042
14977,YCR067C YEL034W,0.0,NA,0.008814587257802486,2850,16063,14978,0,0.5260393614823995,0.15069000158621054,1.0,0.5174768854096196,0.48252311459038044
14978,YHR068W YOR026W,0.0,NA,0.008817874826490879,2850,16062,14979,0,0.5260688678410197,0.1506979695431472,1.0,0.5174446699526433,0.48255533004735673
14979,YLR308W YOR192C-B,0.0,NA,0.00881877914071083,2850,16061,14980,0,0.52609837419964,0.15070593834276347,1.0,0.517412454495667,0.48258754550433297
14980,YBR293W YGR038W,0.0,NA,0.008818833157420158,2850,16060,14981,0,0.5261278805582603,0.15071390798519302,1.0,0.5173802390386908,0.48261976096130926
14981,YCL027W YDR110W,0.0,NA,0.0088266646489501,2850,16059,14982,0,0.5261573869168806,0.15072187847056956,1.0,0.5173480235817145,0.4826519764182855
14982,YOR192C-A YGR234W,0.0,NA,0.008827440440654755,2850,16058,14983,0,0.5261868932755008,0.15072984979902687,1.0,0.5173158081247382,0.48268419187526174
14983,YOR107W YGR175C,0.0,NA,0.008832565508782864,2850,16057,14984,0,0.5262163996341211,0.15073782197069868,1.0,0.517283592667762,0.48271640733223803
14984,YJL113W YJR063W,0.0,NA,0.008832781575620174,2850,16056,14985,0,0.5262459059927415,0.15074579498571883,1.0,0.5172513772107857,0.48274862278921427
14985,YKL017C YAR009C,0.0,NA,0.008834765292704105,2850,16055,14986,0,0.5262754123513618,0.1507537688442211,1.0,0.5172191617538094,0.4827808382461905
14986,YOR184W YDR054C,0.0,NA,0.008841686882078648,2850,16054,14987,0,0.526304918709982,0.1507617435463394,1.0,0.5171869462968333,0.4828130537031668
14987,YDR073W YPL259C,0.0,NA,0.008848275057971478,2850,16053,14988,0,0.5263344250686023,0.1507697190922076,1.0,0.517154730839857,0.48284526916014303
14988,YNL054W-B YEL022W,0.0,NA,0.00885099358856678,2850,16052,14989,0,0.5263639314272226,0.15077769548195957,1.0,0.5171225153828807,0.48287748461711927
14989,YBR284W YOL068C,0.0,NA,0.008854432962834835,2850,16051,14990,0,0.5263934377858428,0.15078567271572932,1.0,0.5170902999259045,0.48290970007409556
14990,YML069W YDR210W-B,0.0,NA,0.008858446963131428,2850,16050,14991,0,0.5264229441444631,0.15079365079365079,1.0,0.5170580844689282,0.4829419155310718
14991,YPR158C-C YGR027W-B,0.0,NA,0.008859066292643547,2850,16049,14992,0,0.5264524505030834,0.15080162971585798,1.0,0.5170258690119519,0.4829741309880481
14992,YIL128W YER074W,0.0,NA,0.008860770612955093,2850,16048,14993,0,0.5264819568617037,0.15080960948248492,1.0,0.5169936535549757,0.4830063464450243
14993,YAR018C YOL003C,0.0,NA,0.008866371586918831,2850,16047,14994,0,0.5265114632203239,0.15081759009366566,1.0,0.5169614380979994,0.48303856190200056
14994,tE(UUC)M YLR353W,0.0,NA,0.008867746219038963,2850,16046,14995,0,0.5265409695789443,0.1508255715495343,1.0,0.5169292226410231,0.48307077735897685
14995,YML069W YML106W,0.0,NA,0.008870570920407772,2850,16045,14996,0,0.5265704759375646,0.15083355385022493,1.0,0.5168970071840469,0.4831029928159531
14996,YPL143W YNL101W,0.0,NA,0.008873955346643925,2850,16044,14997,0,0.5265999822961849,0.15084153699587172,1.0,0.5168647917270707,0.48313520827292933
14997,YOL119C YMR204C,0.0,NA,0.00887457188218832,2850,16043,14998,0,0.5266294886548051,0.1508495209866088,1.0,0.5168325762700944,0.4831674237299056
14998,YFR048W YGR032W,0.0,NA,0.00887993723154068,2850,16042,14999,0,0.5266589950134254,0.1508575058225704,1.0,0.5168003608131181,0.48319963918688186
14999,YPL252C YLR233C,0.0,NA,0.008881423622369766,2850,16041,15000,0,0.5266885013720457,0.15086549150389075,1.0,0.5167681453561419,0.48323185464385815
15000,YDR531W YIL132C,0.0,NA,0.008883143775165081,2850,16040,15001,0,0.5267180077306659,0.15087347803070408,1.0,0.5167359298991656,0.4832640701008344
15001,YGR234W YNL054W-A,0.0,NA,0.00888707023113966,2850,16039,15002,0,0.5267475140892862,0.15088146540314468,1.0,0.5167037144421893,0.4832962855578106
15002,YDR210C-D YKL019W,0.0,NA,0.008892057463526726,2850,16038,15003,0,0.5267770204479065,0.1508894536213469,1.0,0.5166714989852131,0.4833285010147869
15003,YDL170W YDR261W-B,0.0,NA,0.00889330543577671,2850,16037,15004,0,0.5268065268065268,0.15089744268544503,1.0,0.5166392835282368,0.48336071647176315
15004,YJR123W YDR261C-C,0.0,NA,0.00889330543577671,2850,16036,15005,0,0.526836033165147,0.15090543259557343,1.0,0.5166070680712606,0.4833929319287394
15005,YBR284W YPL069C,0.0,NA,0.008893835358321667,2850,16035,15006,0,0.5268655395237674,0.15091342335186655,1.0,0.5165748526142844,0.4834251473857157
15006,YDL105W YML016C,0.0,NA,0.008898758329451084,2850,16034,15007,0,0.5268950458823877,0.1509214149544588,1.0,0.5165426371573081,0.4834573628426919
15007,YPR158W-A YML125C,0.0,NA,0.00890017207711935,2850,16033,15008,0,0.526924552241008,0.15092940740348462,1.0,0.5165104217003318,0.48348957829966815
15008,YCR039C YBR080C,0.0,NA,0.008909362368285656,2850,16032,15009,0,0.5269540585996282,0.1509374006990785,1.0,0.5164782062433556,0.48352179375664445
15009,YPR137C-A YIL147C,0.0,NA,0.008912032470107079,2850,16031,15010,0,0.5269835649582485,0.15094539484137492,1.0,0.5164459907863793,0.4835540092136207
15010,YOR308C YBR055C,0.0,NA,0.00891764834523201,2850,16030,15011,0,0.5270130713168688,0.15095338983050846,1.0,0.516413775329403,0.483586224670597
15011,YDL240W YOR249C,0.0,NA,0.00892232358455658,2850,16029,15012,0,0.5270425776754891,0.15096138566661368,1.0,0.5163815598724268,0.4836184401275732
15012,YDR368W YHR073W,0.0,NA,0.008926203474402428,2850,16028,15013,0,0.5270720840341093,0.15096938234982518,1.0,0.5163493444154506,0.48365065558454945
15013,YMR045C YJL125C,0.0,NA,0.008926578797399998,2850,16027,15014,0,0.5271015903927296,0.1509773798802776,1.0,0.5163171289584743,0.48368287104152574
15014,YGL113W YHR184W,0.0,NA,0.008927097544074059,2850,16026,15015,0,0.52713109675135,0.15098537825810554,1.0,0.516284913501498,0.483715086498502
15015,YNL068C YER088C,0.0,NA,0.008928890340030193,2850,16025,15016,0,0.5271606031099701,0.1509933774834437,1.0,0.5162526980445218,0.4837473019554782
15016,YGR258C YIL094C,0.0,NA,0.008929114788770676,2850,16024,15017,0,0.5271901094685905,0.15100137755642684,1.0,0.5162204825875455,0.4837795174124545
15017,YAL021C YOR257W,0.0,NA,0.008929143659770489,2850,16023,15018,0,0.5272196158272108,0.15100937847718965,1.0,0.5161882671305692,0.48381173286943074
15018,YOR140W YGR195W,0.0,NA,0.008931009098887444,2850,16022,15019,0,0.5272491221858311,0.1510173802458669,1.0,0.516156051673593,0.48384394832640704
15019,YOR026W YJL219W,0.0,NA,0.008935860358178616,2850,16021,15020,0,0.5272786285444513,0.1510253828625934,1.0,0.5161238362166167,0.4838761637833833
15020,YDR421W YLR007W,0.0,NA,0.00893793348222971,2850,16020,15021,0,0.5273081349030716,0.151033386327504,1.0,0.5160916207596404,0.4839083792403595
15021,YLR385C YOR250C,0.0,NA,0.00893891416490078,2850,16019,15022,0,0.5273376412616919,0.1510413906407335,1.0,0.5160594053026643,0.4839405946973358
15022,YJR017C YDR034C-D,0.0,NA,0.00894396286457777,2850,16018,15023,0,0.5273671476203122,0.1510493958024168,1.0,0.516027189845688,0.48397281015431204
15023,YDL087C YPR056W,0.0,NA,0.0089486138895154,2850,16017,15024,0,0.5273966539789324,0.1510574018126888,1.0,0.5159949743887117,0.4840050256112883
15024,YPR043W YOL069W,0.0,NA,0.008951337076723576,2850,16016,15025,0,0.5274261603375527,0.15106540867168453,1.0,0.5159627589317355,0.48403724106826457
15025,YOR343W-A YPL112C,0.0,NA,0.008959031663835049,2850,16015,15026,0,0.527455666696173,0.15107341637953883,1.0,0.5159305434747592,0.4840694565252408
15026,YPL257W-A YBR215W,0.0,NA,0.008961542509496212,2850,16014,15027,0,0.5274851730547933,0.15108142493638677,1.0,0.5158983280177829,0.48410167198221704
15027,YLR157C-B YOL061W,0.0,NA,0.008967197500169277,2850,16013,15028,0,0.5275146794134136,0.15108943434236335,1.0,0.5158661125608067,0.48413388743919333
15028,YDR301W YLR227W-A,0.0,NA,0.008967197500169277,2850,16012,15029,0,0.5275441857720339,0.15109744459760366,1.0,0.5158338971038304,0.48416610289616957
15029,YLR301W YDR178W,0.0,NA,0.008968358859419823,2850,16011,15030,0,0.5275736921306542,0.15110545570224274,1.0,0.5158016816468541,0.48419831835314586
15030,YGL153W YDR261W-B,0.0,NA,0.008969714865088463,2850,16010,15031,0,0.5276031984892744,0.1511134676564157,1.0,0.515769466189878,0.4842305338101221
15031,YPR158W-B YHL036W,0.0,NA,0.008981043472886086,2850,16009,15032,0,0.5276327048478947,0.1511214804602577,1.0,0.5157372507329017,0.48426274926709834
15032,YPL257W-A YDR014W,0.0,NA,0.008982304483652115,2850,16008,15033,0,0.527662211206515,0.15112949411390392,1.0,0.5157050352759254,0.48429496472407463
15033,YFL005W YLR227W-A,0.0,NA,0.008982932195067406,2850,16007,15034,0,0.5276917175651353,0.15113750861748954,1.0,0.5156728198189491,0.48432718018105086
15034,YBR193C YGR251W,0.0,NA,0.00898466445505619,2850,16006,15035,0,0.5277212239237555,0.15114552397114978,1.0,0.5156406043619729,0.4843593956380271
15035,YML078W tH(GUG)K,0.0,NA,0.008989102207124233,2850,16005,15036,0,0.5277507302823758,0.1511535401750199,1.0,0.5156083889049966,0.4843916110950034
15036,YJL031C YOR192C-A,0.0,NA,0.008993015624582767,2850,16004,15037,0,0.5277802366409962,0.1511615572292352,1.0,0.5155761734480203,0.48442382655197963
15037,YGR054W YGL205W,0.0,NA,0.009000267833471298,2850,16003,15038,0,0.5278097429996165,0.15116957513393095,1.0,0.5155439579910441,0.4844560420089559
15038,YHR042W YPL275W,0.0,NA,0.009007284417748451,2850,16002,15039,0,0.5278392493582367,0.1511775938892425,1.0,0.5155117425340678,0.48448825746593216
15039,YBR200W YMR184W,0.0,NA,0.00900961272418499,2850,16001,15040,0,0.527868755716857,0.1511856134953053,1.0,0.5154795270770915,0.4845204729229084
15040,YOR213C YDR101C,0.0,NA,0.00901254266500473,2850,16000,15041,0,0.5278982620754773,0.15119363395225463,1.0,0.5154473116201154,0.4845526883798847
15041,YBL071W-A YMR264W,0.0,NA,0.009017104282975197,2850,15999,15042,0,0.5279277684340975,0.151201655260226,1.0,0.5154150961631391,0.4845849038368609
15042,YFL002W-B YPL042C,0.0,NA,0.009020168334245682,2850,15998,15043,0,0.5279572747927178,0.15120967741935484,1.0,0.5153828807061628,0.48461711929383716
15043,YGR027W-B YBR118W,0.0,NA,0.00902080349624157,2850,15997,15044,0,0.5279867811513381,0.1512177004297766,1.0,0.5153506652491866,0.48464933475081345
15044,YBL043W YOR117W,0.0,NA,0.00902243610471487,2850,15996,15045,0,0.5280162875099584,0.15122572429162687,1.0,0.5153184497922103,0.4846815502077897
15045,YLR206W YKL092C,0.0,NA,0.009028244763612747,2850,15995,15046,0,0.5280457938685786,0.15123374900504113,1.0,0.515286234335234,0.4847137656647659
15046,YJL097W YDR481C,0.0,NA,0.009032691828906536,2850,15994,15047,0,0.528075300227199,0.15124177457015495,1.0,0.5152540188782578,0.4847459811217422
15047,YNL159C YLR318W,0.0,NA,0.009034326300024986,2850,15993,15048,0,0.5281048065858193,0.15124980098710397,1.0,0.5152218034212815,0.48477819657871846
15048,tR(ACG)L YLR043C,0.0,NA,0.009036934934556484,2850,15992,15049,0,0.5281343129444396,0.15125782825602377,1.0,0.5151895879643053,0.48481041203569475
15049,YOL018C YPL069C,0.0,NA,0.009040078148245811,2850,15991,15050,0,0.5281638193030598,0.15126585637705006,1.0,0.5151573725073291,0.484842627492671
15050,YNL054W-B YLR201C,0.0,NA,0.009041701443493366,2850,15990,15051,0,0.5281933256616801,0.15127388535031847,1.0,0.5151251570503528,0.4848748429496472
15051,YPL257W-B YDL080C,0.0,NA,0.009042338468134403,2850,15989,15052,0,0.5282228320203004,0.15128191517596476,1.0,0.5150929415933765,0.4849070584066235
15052,YCL054W YHR206W,0.0,NA,0.009045800194144249,2850,15988,15053,0,0.5282523383789206,0.15128994585412464,1.0,0.5150607261364002,0.48493927386359975
15053,YLR410W-B YMR264W,0.0,NA,0.009046775288879871,2850,15987,15054,0,0.5282818447375409,0.15129797738493392,1.0,0.515028510679424,0.484971489320576
15054,YGR109W-A YBR126C,0.0,NA,0.009049310348927975,2850,15986,15055,0,0.5283113510961612,0.15130600976852834,1.0,0.5149962952224477,0.4850037047775523
15055,YNL166C YCR031C,0.0,NA,0.009052234701812267,2850,15985,15056,0,0.5283408574547815,0.1513140430050438,1.0,0.5149640797654714,0.4850359202345285
15056,YGR147C YLR318W,0.0,NA,0.009052461944520473,2850,15984,15057,0,0.5283703638134017,0.15132207709461612,1.0,0.5149318643084952,0.4850681356915048
15057,YMR311C YPL275W,0.0,NA,0.009052988141775131,2850,15983,15058,0,0.5283998701720221,0.1513301120373812,1.0,0.514899648851519,0.48510035114848105
15058,YGR195W YEL016C,0.0,NA,0.009054634720087051,2850,15982,15059,0,0.5284293765306424,0.15133814783347493,1.0,0.5148674333945427,0.4851325666054573
15059,YNL030W YCL052C,0.0,NA,0.009058046154677868,2850,15981,15060,0,0.5284588828892627,0.1513461844830333,1.0,0.5148352179375665,0.4851647820624336
15060,YPR137C-A YGR142W,0.0,NA,0.00905947107821703,2850,15980,15061,0,0.5284883892478829,0.15135422198619225,1.0,0.5148030024805902,0.4851969975194098
15061,YGR286C YPL143W,0.0,NA,0.009059680625796318,2850,15979,15062,0,0.5285178956065032,0.15136226034308778,1.0,0.5147707870236139,0.48522921297638605
15062,YDR210C-C YDR254W,0.0,NA,0.009061376564204693,2850,15978,15063,0,0.5285474019651235,0.15137029955385595,1.0,0.5147385715666377,0.48526142843336234
15063,YGR042W YPR011C,0.0,NA,0.009062130004167557,2850,15977,15064,0,0.5285769083237438,0.1513783396186328,1.0,0.5147063561096614,0.4852936438903386
15064,YNL054W-B YJL030W,0.0,NA,0.00906391628086567,2850,15976,15065,0,0.528606414682364,0.15138638053755443,1.0,0.5146741406526851,0.4853258593473148
15065,YKL108W YDR434W,0.0,NA,0.009068057872354984,2850,15975,15066,0,0.5286359210409843,0.15139442231075698,1.0,0.514641925195709,0.4853580748042911
15066,YNL227C YDR334W,0.0,NA,0.009070166386663914,2850,15974,15067,0,0.5286654273996046,0.15140246493837653,1.0,0.5146097097387327,0.48539029026126734
15067,YDR210C-D YBL004W,0.0,NA,0.00907472800463438,2850,15973,15068,0,0.5286949337582248,0.15141050842054932,1.0,0.5145774942817564,0.48542250571824364
15068,YOR028C YIL166C,0.0,NA,0.009081368334591389,2850,15972,15069,0,0.5287244401168452,0.15141855275741153,1.0,0.5145452788247802,0.48545472117521987
15069,YOL112W YGR154C,0.0,NA,0.009089627303183079,2850,15971,15070,0,0.5287539464754655,0.1514265979490994,1.0,0.5145130633678039,0.4854869366321961
15070,YLR229C YBR278W,0.0,NA,0.009091229178011417,2850,15970,15071,0,0.5287834528340858,0.1514346439957492,1.0,0.5144808479108276,0.4855191520891724
15071,YCR016W YDR098C-A,0.0,NA,0.009091285988688469,2850,15969,15072,0,0.528812959192706,0.1514426908974972,1.0,0.5144486324538513,0.48555136754614864
15072,YKL086W YLR011W,0.0,NA,0.009094632230699062,2850,15968,15073,0,0.5288424655513263,0.15145073865447975,1.0,0.5144164169968751,0.4855835830031249
15073,YNL061W YBR193C,0.0,NA,0.009105600416660309,2850,15967,15074,0,0.5288719719099466,0.15145878726683318,1.0,0.5143842015398988,0.48561579846010117
15074,YOL063C YER159C,0.0,NA,0.009111798368394375,2850,15966,15075,0,0.5289014782685669,0.15146683673469388,1.0,0.5143519860829225,0.4856480139170774
15075,YOR279C YHR114W,0.0,NA,0.009113641455769539,2850,15965,15076,0,0.5289309846271871,0.15147488705819825,1.0,0.5143197706259464,0.4856802293740537
15076,YGL055W YNL149C,0.0,NA,0.00911390408873558,2850,15964,15077,0,0.5289604909858074,0.15148293823748274,1.0,0.5142875551689701,0.48571244483102993
15077,YOR192C-B YNL164C,0.0,NA,0.00912193488329649,2850,15963,15078,0,0.5289899973444278,0.15149099027268378,1.0,0.5142553397119938,0.48574466028800617
15078,YNL316C YLR024C,0.0,NA,0.00912308506667614,2850,15962,15079,0,0.529019503703048,0.15149904316393792,1.0,0.5142231242550176,0.48577687574498246
15079,YNL331C YOL147C,0.0,NA,0.009130890481173992,2850,15961,15080,0,0.5290490100616683,0.15150709691138164,1.0,0.5141909087980413,0.4858090912019587
15080,YBR015C YOR209C,0.0,NA,0.009133768267929554,2850,15960,15081,0,0.5290785164202886,0.15151515151515152,1.0,0.514158693341065,0.48584130665893493
15081,YOR192C-A YPL076W,0.0,NA,0.009136656299233437,2850,15959,15082,0,0.5291080227789089,0.15152320697538413,1.0,0.5141264778840888,0.4858735221159112
15082,YMR163C YIL009W,0.0,NA,0.00913868099451065,2850,15958,15083,0,0.5291375291375291,0.15153126329221608,1.0,0.5140942624271125,0.48590573757288746
15083,YNL232W YKL104C,0.0,NA,0.009139596484601498,2850,15957,15084,0,0.5291670354961494,0.15153932046578403,1.0,0.5140620469701362,0.48593795302986376
15084,tG(GCC)C YOR074C,0.0,NA,0.009143302217125893,2850,15956,15085,0,0.5291965418547697,0.1515473784962246,1.0,0.5140298315131601,0.48597016848684
15085,YPR176C YLR157C,0.0,NA,0.009143989533185959,2850,15955,15086,0,0.52922604821339,0.15155543738367455,1.0,0.5139976160561838,0.48600238394381623
15086,YLR121C YOR250C,0.0,NA,0.009145764634013176,2850,15954,15087,0,0.5292555545720102,0.15156349712827058,1.0,0.5139654005992075,0.4860345994007925
15087,YMR044W YDL076C,0.0,NA,0.0091536371037364,2850,15953,15088,0,0.5292850609306305,0.15157155773014944,1.0,0.5139331851422313,0.48606681485776876
15088,YKR099W YHL038C,0.0,NA,0.009153801016509533,2850,15952,15089,0,0.5293145672892509,0.15157961918944793,1.0,0.513900969685255,0.486099030314745
15089,YDR419W YMR097C,0.0,NA,0.00915426854044199,2850,15951,15090,0,0.5293440736478712,0.15158768150630286,1.0,0.5138687542282787,0.4861312457717213
15090,YDR210W-A YHL039W,0.0,NA,0.009159745648503304,2850,15950,15091,0,0.5293735800064914,0.15159574468085107,1.0,0.5138365387713024,0.4861634612286975
15091,YFR005C YMR180C,0.0,NA,0.009161208756268024,2850,15949,15092,0,0.5294030863651117,0.15160380871322943,1.0,0.5138043233143262,0.48619567668567376
15092,YLR150W YPL116W,0.0,NA,0.009170996025204659,2850,15948,15093,0,0.529432592723732,0.15161187360357484,1.0,0.51377210785735,0.48622789214265005
15093,YBR049C YOR069W,0.0,NA,0.009171650744974613,2850,15947,15094,0,0.5294620990823522,0.15161993935202425,1.0,0.5137398924003737,0.4862601075996263
15094,YJL108C YDR034C-D,0.0,NA,0.009171954356133938,2850,15946,15095,0,0.5294916054409725,0.15162800595871462,1.0,0.5137076769433975,0.4862923230566026
15095,YOR107W tS(AGA)J,0.0,NA,0.009180060587823391,2850,15945,15096,0,0.5295211117995928,0.1516360734237829,1.0,0.5136754614864212,0.4863245385135788
15096,YIL133C YDR141C,0.0,NA,0.009180798195302486,2850,15944,15097,0,0.5295506181582131,0.15164414174736618,1.0,0.5136432460294449,0.48635675397055506
15097,YPR137W YHL036W,0.0,NA,0.009183223359286785,2850,15943,15098,0,0.5295801245168333,0.15165221092960146,1.0,0.5136110305724687,0.48638896942753135
15098,YML041C YOR159C,0.0,NA,0.00918358750641346,2850,15942,15099,0,0.5296096308754537,0.1516602809706258,1.0,0.5135788151154924,0.4864211848845076
15099,YBR248C YDR153C,0.0,NA,0.009183899499475956,2850,15941,15100,0,0.529639137234074,0.15166835187057634,1.0,0.5135465996585161,0.4864534003414838
15100,YNL053W YMR309C,0.0,NA,0.009186516515910625,2850,15940,15101,0,0.5296686435926943,0.15167642362959022,1.0,0.5135143842015399,0.4864856157984601
15101,YCR037C YGR038C-B,0.0,NA,0.009186755865812302,2850,15939,15102,0,0.5296981499513145,0.15168449624780456,1.0,0.5134821687445636,0.48651783125543635
15102,YNL099C YPR156C,0.0,NA,0.009191261604428291,2850,15938,15103,0,0.5297276563099348,0.1516925697253566,1.0,0.5134499532875874,0.48655004671241264
15103,YOR107W YPL081W,0.0,NA,0.009192517027258873,2850,15937,15104,0,0.5297571626685551,0.15170064406238357,1.0,0.5134177378306112,0.4865822621693889
15104,YHR092C YNL290W,0.0,NA,0.009193493984639645,2850,15936,15105,0,0.5297866690271753,0.15170871925902268,1.0,0.5133855223736349,0.4866144776263651
15105,YPL257W-B YOR244W,0.0,NA,0.009195132181048393,2850,15935,15106,0,0.5298161753857956,0.15171679531541124,1.0,0.5133533069166586,0.4866466930833414
15106,YAL051W YDR225W,0.0,NA,0.009196700528264046,2850,15934,15107,0,0.5298456817444159,0.15172487223168654,1.0,0.5133210914596824,0.48667890854031765
15107,YKR055W YCL050C,0.0,NA,0.009199033491313457,2850,15933,15108,0,0.5298751881030362,0.15173295000798595,1.0,0.5132888760027061,0.4867111239972939
15108,YBR131W YNL113W,0.0,NA,0.009205128997564316,2850,15932,15109,0,0.5299046944616564,0.1517410286444468,1.0,0.5132566605457298,0.4867433394542702
15109,YER038C YDR016C,0.0,NA,0.0092179449275136,2850,15931,15110,0,0.5299342008202768,0.15174910814120654,1.0,0.5132244450887535,0.4867755549112464
15110,YMR165C YCR061W,0.0,NA,0.009229890070855618,2850,15930,15111,0,0.5299637071788971,0.15175718849840256,1.0,0.5131922296317774,0.48680777036822265
15111,YFL017C YGR229C,0.0,NA,0.009230731055140495,2850,15929,15112,0,0.5299932135375174,0.15176526971617232,1.0,0.5131600141748011,0.48683998582519894
15112,YOR142W-B YPL048W,0.0,NA,0.009233243763446808,2850,15928,15113,0,0.5300227198961376,0.15177335179465332,1.0,0.5131277987178248,0.4868722012821752
15113,YPL117C YIR009W,0.0,NA,0.009233471006155014,2850,15927,15114,0,0.5300522262547579,0.15178143473398306,1.0,0.5130955832608486,0.48690441673915147
15114,YKL220C YLR106C,0.0,NA,0.009234901517629623,2850,15926,15115,0,0.5300817326133782,0.15178951853429912,1.0,0.5130633678038723,0.4869366321961277
15115,YHR178W YHR018C,0.0,NA,0.009235111065208912,2850,15925,15116,0,0.5301112389719984,0.151797603195739,1.0,0.513031152346896,0.48696884765310394
15116,YAL043C YLR183C,0.0,NA,0.009236385114490986,2850,15924,15117,0,0.5301407453306187,0.15180568871844038,1.0,0.5129989368899198,0.48700106311008023
15117,tA(AGC)K2 YFL024C,0.0,NA,0.009239938110113144,2850,15923,15118,0,0.530170251689239,0.15181377510254088,1.0,0.5129667214329435,0.48703327856705647
15118,YJL039C YGR109W-A,0.0,NA,0.00924619473516941,2850,15922,15119,0,0.5301997580478593,0.15182186234817813,1.0,0.5129345059759672,0.4870654940240327
15119,YDR379W YJL140W,0.0,NA,0.009252356365323067,2850,15921,15120,0,0.5302292644064796,0.15182995045548986,1.0,0.512902290518991,0.487097709481009
15120,YGL195W YHR163W,0.0,NA,0.00925297662615776,2850,15920,15121,0,0.5302587707650999,0.15183803942461374,1.0,0.5128700750620148,0.48712992493798524
15121,YER096W YOR192C-A,0.0,NA,0.009253331460058689,2850,15919,15122,0,0.5302882771237202,0.15184612925568758,1.0,0.5128378596050385,0.48716214039496153
15122,YLR385C YBR008C,0.0,NA,0.009259824641048908,2850,15918,15123,0,0.5303177834823405,0.1518542199488491,1.0,0.5128056441480623,0.48719435585193777
15123,YBL101C YOL020W,0.0,NA,0.009260187856853008,2850,15917,15124,0,0.5303472898409607,0.15186231150423615,1.0,0.512773428691086,0.487226571308914
15124,YER159C-A YDR158W,0.0,NA,0.009263066574931145,2850,15916,15125,0,0.530376796199581,0.15187040392198656,1.0,0.5127412132341097,0.4872587867658903
15125,YPR158W-A YBL091C,0.0,NA,0.00926436297595501,2850,15915,15126,0,0.5304063025582013,0.1518784972022382,1.0,0.5127089977771335,0.48729100222286653
15126,YGR109W-A YIL019W,0.0,NA,0.009265010245144367,2850,15914,15127,0,0.5304358089168216,0.15188659134512897,1.0,0.5126767823201572,0.48732321767984277
15127,YPL257W-A YML068W,0.0,NA,0.009265663102269173,2850,15913,15128,0,0.5304653152754418,0.15189468635079678,1.0,0.5126445668631809,0.48735543313681906
15128,YNL117W YKL160W,0.0,NA,0.0092662014067173,2850,15912,15129,0,0.5304948216340621,0.15190278221937958,1.0,0.5126123514062046,0.4873876485937953
15129,tA(AGC)K2 YCR021C,0.0,NA,0.009266503155231476,2850,15911,15130,0,0.5305243279926825,0.1519108789510154,1.0,0.5125801359492285,0.48741986405077153
15130,YGR027W-A YBL079W,0.0,NA,0.00926955882459879,2850,15910,15131,0,0.5305538343513027,0.15191897654584222,1.0,0.5125479204922522,0.4874520795077478
15131,YLR245C YLR409C,0.0,NA,0.009269866161048412,2850,15909,15132,0,0.530583340709923,0.15192707500399807,1.0,0.5125157050352759,0.48748429496472406
15132,YNL239W YDR376W,0.0,NA,0.009270045906305313,2850,15908,15133,0,0.5306128470685433,0.15193517432562106,1.0,0.5124834895782997,0.48751651042170036
15133,YKR085C YOL076W,0.0,NA,0.009270229376852512,2850,15907,15134,0,0.5306423534271636,0.1519432745108493,1.0,0.5124512741213234,0.4875487258786766
15134,YCR019W YGR038C-B,0.0,NA,0.00927216000854969,2850,15906,15135,0,0.5306718597857838,0.15195137555982086,1.0,0.5124190586643471,0.48758094133565283
15135,YOL059W YGL216W,0.0,NA,0.009273115545511246,2850,15905,15136,0,0.5307013661444041,0.15195947747267396,1.0,0.5123868432073709,0.4876131567926291
15136,tL(GAG)G YER112W,0.0,NA,0.009275639429688454,2850,15904,15137,0,0.5307308725030244,0.15196758024954676,1.0,0.5123546277503946,0.48764537224960536
15137,YGR222W snR13,0.0,NA,0.009285995736718178,2850,15903,15138,0,0.5307603788616447,0.1519756838905775,1.0,0.5123224122934183,0.4876775877065816
15138,YKL220C YJR055W,0.0,NA,0.00928784254938364,2850,15902,15139,0,0.5307898852202649,0.15198378839590443,1.0,0.5122901968364422,0.4877098031635579
15139,YML049C YBL018C,0.0,NA,0.009296533651649952,2850,15901,15140,0,0.5308193915788852,0.15199189376566583,1.0,0.5122579813794659,0.4877420186205341
15140,YLL011W YAR010C,0.0,NA,0.009300039149820805,2850,15900,15141,0,0.5308488979375056,0.152,1.0,0.5122257659224896,0.4877742340775104
15141,YJR110W YDR035W,0.0,NA,0.009300056844949722,2850,15899,15142,0,0.5308784042961258,0.15200810709904528,1.0,0.5121935504655134,0.48780644953448665
15142,YJR158W YHR118C,0.0,NA,0.009319442324340343,2850,15898,15143,0,0.5309079106547461,0.15201621506294005,1.0,0.5121613350085371,0.4878386649914629
15143,YPL195W YBR068C,0.0,NA,0.009321525692939758,2850,15897,15144,0,0.5309374170133664,0.1520243238918227,1.0,0.5121291195515608,0.4878708804484392
15144,YDR477W YLL010C,0.0,NA,0.009322291240096092,2850,15896,15145,0,0.5309669233719867,0.15203243358583166,1.0,0.5120969040945845,0.4879030959054154
15145,YBL103C YFL050C,0.0,NA,0.009328828193247318,2850,15895,15146,0,0.5309964297306069,0.15204054414510537,1.0,0.5120646886376083,0.48793531136239165
15146,YER169W YER112W,0.0,NA,0.009340659715235233,2850,15894,15147,0,0.5310259360892272,0.15204865556978234,1.0,0.512032473180632,0.48796752681936795
15147,YLR157C-B YBR202W,0.0,NA,0.009341860190033913,2850,15893,15148,0,0.5310554424478475,0.15205676786000108,1.0,0.5120002577236558,0.4879997422763442
15148,YMR216C YDL175C,0.0,NA,0.009341913275420666,2850,15892,15149,0,0.5310849488064678,0.15206488101590013,1.0,0.5119680422666796,0.4880319577333204
15149,YML039W YML022W,0.0,NA,0.009343518875539303,2850,15891,15150,0,0.531114455165088,0.15207299503761806,1.0,0.5119358268097033,0.4880641731902967
15150,YOL063C YDR316W-A,0.0,NA,0.009345311671495438,2850,15890,15151,0,0.5311439615237084,0.1520811099252935,1.0,0.511903611352727,0.48809638864727295
15151,YLR385C YLR301W,0.0,NA,0.009345381520688534,2850,15889,15152,0,0.5311734678823287,0.15208922567906505,1.0,0.5118713958957508,0.48812860410424924
15152,YPL157W YDR490C,0.0,NA,0.009347894228994846,2850,15888,15153,0,0.531202974240949,0.1520973422990714,1.0,0.5118391804387745,0.4881608195612255
15153,YDR408C YER012W,0.0,NA,0.009355753660202026,2850,15887,15154,0,0.5312324805995692,0.15210545978545126,1.0,0.5118069649817982,0.4881930350182017
15154,YLR147C YHR065C,0.0,NA,0.009363490156829357,2850,15886,15155,0,0.5312619869581895,0.1521135781383433,1.0,0.511774749524822,0.488225250475178
15155,YHR186C YKL114C,0.0,NA,0.009363871067762375,2850,15885,15156,0,0.5312914933168098,0.1521216973578863,1.0,0.5117425340678458,0.48825746593215424
15156,YCL067C YDL101C,0.0,NA,0.009365573525428772,2850,15884,15157,0,0.53132099967543,0.15212981744421908,1.0,0.5117103186108695,0.4882896813891305
15157,YKL164C YDR261C-C,0.0,NA,0.009369534440338612,2850,15883,15158,0,0.5313505060340503,0.15213793839748038,1.0,0.5116781031538933,0.4883218968461068
15158,YDL140C YHR142W,0.0,NA,0.00937227439135313,2850,15882,15159,0,0.5313800123926706,0.1521460602178091,1.0,0.511645887696917,0.488354112303083
15159,YOL097C YKR072C,0.0,NA,0.009373022243380547,2850,15881,15160,0,0.5314095187512909,0.15215418290534408,1.0,0.5116136722399407,0.4883863277600593
15160,YKL104C YJL121C,0.0,NA,0.00937565229833126,2850,15880,15161,0,0.5314390251099111,0.15216230646022424,1.0,0.5115814567829645,0.48841854321703554
15161,YGR056W YKR035W-A,0.0,NA,0.009378722868859768,2850,15879,15162,0,0.5314685314685315,0.1521704308825885,1.0,0.5115492413259882,0.4884507586740118
15162,YJR110W YAL021C,0.0,NA,0.009383012540638447,2850,15878,15163,0,0.5314980378271518,0.15217855617257584,1.0,0.5115170258690119,0.48848297413098807
15163,YLR333C YHL027W,0.0,NA,0.00938546285033226,2850,15877,15164,0,0.5315275441857721,0.1521866823303252,1.0,0.5114848104120356,0.4885151895879643
15164,YAL042W YDR180W,0.0,NA,0.009385684505105019,2850,15876,15165,0,0.5315570505443923,0.15219480935597565,1.0,0.5114525949550595,0.48854740504494054
15165,YPL060C-A YIL009C-A,0.0,NA,0.009387733414769173,2850,15875,15166,0,0.5315865569030126,0.15220293724966621,1.0,0.5114203794980832,0.48857962050191683
15166,YPL257W-B YBR265W,0.0,NA,0.00939555000513792,2850,15874,15167,0,0.5316160632616329,0.152211066011536,1.0,0.5113881640411069,0.48861183595889307
15167,YAR050W MPR1,0.0,NA,0.00940021127462387,2850,15873,15168,0,0.5316455696202531,0.1522191956417241,1.0,0.5113559485841307,0.4886440514158693
15168,tH(GUG)E1 YPL048W,0.0,NA,0.009402453899383545,2850,15872,15169,0,0.5316750759788734,0.15222732614036963,1.0,0.5113237331271544,0.4886762668728456
15169,YKL086W YOR210W,0.0,NA,0.009406660683453083,2850,15871,15170,0,0.5317045823374937,0.15223545750761178,1.0,0.5112915176701781,0.48870848232982184
15170,tE(UUC)P YIL125W,0.0,NA,0.009407811798155308,2850,15870,15171,0,0.531734088696114,0.15224358974358973,1.0,0.5112593022132019,0.48874069778679813
15171,YOR126C YGR038C-B,0.0,NA,0.009434707462787628,2850,15869,15172,0,0.5317635950547343,0.15225172284844277,1.0,0.5112270867562256,0.48877291324377437
15172,YPL011C YKL101W,0.0,NA,0.009437983855605125,2850,15868,15173,0,0.5317931014133546,0.15225985682231008,1.0,0.5111948712992493,0.4888051287007506
15173,YDR004W YML022W,0.0,NA,0.009438705630600452,2850,15867,15174,0,0.5318226077719749,0.15226799166533098,1.0,0.5111626558422732,0.4888373441577269
15174,YAR003W YHR004C,0.0,NA,0.009449861943721771,2850,15866,15175,0,0.5318521141305952,0.1522761273776448,1.0,0.5111304403852969,0.48886955961470313
15175,YOR343W-A YMR224C,0.0,NA,0.00945828016847372,2850,15865,15176,0,0.5318816204892154,0.15228426395939088,1.0,0.5110982249283206,0.48890177507167937
15176,YLR291C YER049W,0.0,NA,0.009459422901272774,2850,15864,15177,0,0.5319111268478357,0.15229240141070857,1.0,0.5110660094713444,0.48893399052865566
15177,YKR034W YMR162C,0.0,NA,0.009460370987653732,2850,15863,15178,0,0.531940633206456,0.1523005397317373,1.0,0.5110337940143681,0.4889662059856319
15178,YOL143C YOR043W,0.0,NA,0.00946096982806921,2850,15862,15179,0,0.5319701395650763,0.1523086789226165,1.0,0.5110015785573918,0.4889984214426082
15179,YKR085C YML058W,0.0,NA,0.009461228735744953,2850,15861,15180,0,0.5319996459236965,0.15231681898348565,1.0,0.5109693631004156,0.4890306368995844
15180,YAL019W YOR192C-A,0.0,NA,0.009464401751756668,2850,15860,15181,0,0.5320291522823168,0.15232495991448422,1.0,0.5109371476434393,0.48906285235656066
15181,YDR108W Q0110,0.0,NA,0.00946494285017252,2850,15859,15182,0,0.5320586586409372,0.1523331017157518,1.0,0.510904932186463,0.48909506781353695
15182,YHL033C YGR255C,0.0,NA,0.009465742856264114,2850,15858,15183,0,0.5320881649995574,0.15234124438742783,1.0,0.5108727167294868,0.4891272832705132
15183,YAL024C YPL189W,0.0,NA,0.00946770142763853,2850,15857,15184,0,0.5321176713581777,0.152349387929652,1.0,0.5108405012725106,0.48915949872748943
15184,YCR019W YOR192C-B,0.0,NA,0.009472277015447617,2850,15856,15185,0,0.532147177716798,0.15235753234256388,1.0,0.5108082858155343,0.4891917141844657
15185,YER122C YFL008W,0.0,NA,0.009473709389567375,2850,15855,15186,0,0.5321766840754183,0.15236567762630313,1.0,0.510776070358558,0.48922392964144196
15186,YFR033C YLR447C,0.0,NA,0.009473825804889202,2850,15854,15187,0,0.5322061904340385,0.15237382378100942,1.0,0.5107438549015818,0.4892561450984182
15187,YCL074W YFL026W,0.0,NA,0.009476233273744583,2850,15853,15188,0,0.5322356967926588,0.15238197080682245,1.0,0.5107116394446055,0.4892883605553945
15188,YPR103W YNL318C,0.0,NA,0.009481959976255894,2850,15852,15189,0,0.5322652031512791,0.15239011870388194,1.0,0.5106794239876292,0.4893205760123707
15189,YLR262C YLR060W,0.0,NA,0.009488011710345745,2850,15851,15190,0,0.5322947095098994,0.15239826747232768,1.0,0.510647208530653,0.489352791469347
15190,YDR028C YHR098C,0.0,NA,0.009491907432675362,2850,15850,15191,0,0.5323242158685196,0.15240641711229946,1.0,0.5106149930736767,0.48938500692632325
15191,YMR152W YBR155W,0.0,NA,0.009495310485363007,2850,15849,15192,0,0.53235372222714,0.1524145676239371,1.0,0.5105827776167005,0.4894172223832995
15192,YLR360W YKL067W,0.0,NA,0.009501976892352104,2850,15848,15193,0,0.5323832285857603,0.15242271900738047,1.0,0.5105505621597243,0.4894494378402758
15193,YDR503C YNL178W,0.0,NA,0.009507624432444572,2850,15847,15194,0,0.5324127349443805,0.15243087126276944,1.0,0.510518346702748,0.489481653297252
15194,YGR027C YBR128C,0.0,NA,0.009513085708022118,2850,15846,15195,0,0.5324422413030008,0.1524390243902439,1.0,0.5104861312457717,0.48951386875422825
15195,YOR064C YHR211W,0.0,NA,0.009523016400635242,2850,15845,15196,0,0.5324717476616211,0.15244717838994384,1.0,0.5104539157887955,0.48954608421120455
15196,YAR002W YLR006C,0.0,NA,0.009523160755634308,2850,15844,15197,0,0.5325012540202414,0.1524553332620092,1.0,0.5104217003318192,0.4895782996681808
15197,YBR101C YIL016W,0.0,NA,0.009535050950944424,2850,15843,15198,0,0.5325307603788616,0.15246348900658,1.0,0.5103894848748429,0.4896105151251571
15198,YIL131C YLR157C-B,0.0,NA,0.009536396712064743,2850,15842,15199,0,0.5325602667374819,0.15247164562379628,1.0,0.5103572694178667,0.4896427305821333
15199,YIL061C YIL085C,0.0,NA,0.00953683815896511,2850,15841,15200,0,0.5325897730961022,0.15247980311379808,1.0,0.5103250539608905,0.48967494603910955
15200,YLR128W YBR095C,0.0,NA,0.009539546445012093,2850,15840,15201,0,0.5326192794547225,0.15248796147672553,1.0,0.5102928385039142,0.48970716149608584
15201,YFL054C YPR075C,0.0,NA,0.009547424502670765,2850,15839,15202,0,0.5326487858133427,0.1524961207127187,1.0,0.5102606230469379,0.4897393769530621
15202,YHR018C YIR001C,0.0,NA,0.009547451511025429,2850,15838,15203,0,0.532678292171963,0.1525042808219178,1.0,0.5102284075899617,0.4897715924100383
15203,YKL049C YJR141W,0.0,NA,0.009555201977491379,2850,15837,15204,0,0.5327077985305834,0.152512441804463,1.0,0.5101961921329854,0.4898038078670146
15204,YDR108W YIL039W,0.0,NA,0.009564763866364956,2850,15836,15205,0,0.5327373048892037,0.1525206036604945,1.0,0.5101639766760091,0.48983602332399084
15205,YPL060C-A YPR179C,0.0,NA,0.009567289613187313,2850,15835,15206,0,0.5327668112478239,0.15252876639015253,1.0,0.5101317612190329,0.48986823878096714
15206,YPR104C YJR012C,0.0,NA,0.00959009863436222,2850,15834,15207,0,0.5327963176064442,0.1525369299935774,1.0,0.5100995457620566,0.4899004542379434
15207,YNL123W YDR316W-B,0.0,NA,0.009600946679711342,2850,15833,15208,0,0.5328258239650645,0.1525450944709094,1.0,0.5100673303050803,0.4899326696949196
15208,YMR274C YDL103C,0.0,NA,0.009602955542504787,2850,15832,15209,0,0.5328553303236847,0.15255325982228884,1.0,0.5100351148481042,0.4899648851518959
15209,YCL052C YAL033W,0.0,NA,0.009614926762878895,2850,15831,15210,0,0.532884836682305,0.1525614260478561,1.0,0.5100028993911279,0.48999710060887214
15210,YOR192C-A YBL005W-B,0.0,NA,0.009616930037736893,2850,15830,15211,0,0.5329143430409253,0.15256959314775162,1.0,0.5099706839341516,0.4900293160658484
15211,YCR021C tS(AGA)L,0.0,NA,0.009637001901865005,2850,15829,15212,0,0.5329438493995456,0.15257776112211574,1.0,0.5099384684771754,0.49006153152282467
15212,YMR053C YJR132W,0.0,NA,0.00964229553937912,2850,15828,15213,0,0.5329733557581658,0.15258592997108897,1.0,0.5099062530201991,0.4900937469798009
15213,YGR063C YLR227W-A,0.0,NA,0.009646299295127392,2850,15827,15214,0,0.5330028621167862,0.1525940996948118,1.0,0.5098740375632228,0.49012596243677714
15214,YLR176C YOL058W,0.0,NA,0.00964793935418129,2850,15826,15215,0,0.5330323684754065,0.1526022702934247,1.0,0.5098418221062466,0.49015817789375343
15215,YBL035C YIL106W,0.0,NA,0.009652997367084026,2850,15825,15216,0,0.5330618748340268,0.15261044176706828,1.0,0.5098096066492703,0.49019039335072967
15216,YNL294C YDL246C,0.0,NA,0.009653882123529911,2850,15824,15217,0,0.533091381192647,0.15261861411588304,1.0,0.509777391192294,0.49022260880770596
15217,YMR045C YHL003C,0.0,NA,0.009654912166297436,2850,15823,15218,0,0.5331208875512673,0.15262678734000965,1.0,0.5097451757353179,0.4902548242646822
15218,YKL164C YDL223C,0.0,NA,0.009657146409153938,2850,15822,15219,0,0.5331503939098876,0.15263496143958868,1.0,0.5097129602783416,0.49028703972165844
15219,YNL145W YMR229C,0.0,NA,0.009657301940023899,2850,15821,15220,0,0.5331799002685078,0.15264313641476085,1.0,0.5096807448213653,0.4903192551786347
15220,YNR050C YOL102C,0.0,NA,0.009658141061663628,2850,15820,15221,0,0.5332094066271281,0.15265131226566683,1.0,0.509648529364389,0.49035147063561096
15221,YDL141W YFL034C-A,0.0,NA,0.009667984209954739,2850,15819,15222,0,0.5332389129857484,0.15265948899244738,1.0,0.5096163139074128,0.4903836860925872
15222,YDR531W YFR045W,0.0,NA,0.009672951884567738,2850,15818,15223,0,0.5332684193443687,0.1526676665952432,1.0,0.5095840984504365,0.4904159015495635
15223,YGL043W snR31,0.0,NA,0.00967855378985405,2850,15817,15224,0,0.533297925702989,0.1526758450741951,1.0,0.5095518829934602,0.49044811700653973
15224,YGL014W YOR357C,0.0,NA,0.009679225273430347,2850,15816,15225,0,0.5333274320616093,0.1526840244294439,1.0,0.509519667536484,0.490480332463516
15225,YLR197W tR(UCU)M2,0.0,NA,0.009685737080872059,2850,15815,15226,0,0.5333569384202296,0.15269220466113045,1.0,0.5094874520795077,0.49051254792049226
15226,YMR212C YNL298W,0.0,NA,0.009698927402496338,2850,15814,15227,0,0.5333864447788499,0.15270038576939562,1.0,0.5094552366225314,0.4905447633774685
15227,YPL154C YDR400W,0.0,NA,0.00969961378723383,2850,15813,15228,0,0.5334159511374701,0.15270856775438033,1.0,0.5094230211655553,0.4905769788344448
15228,YLR466W YNL272C,0.0,NA,0.009702308103442192,2850,15812,15229,0,0.5334454574960904,0.15271675061622547,1.0,0.509390805708579,0.490609194291421
15229,YDR386W YPL249C,0.0,NA,0.009704296477138996,2850,15811,15230,0,0.5334749638547107,0.15272493435507206,1.0,0.5093585902516027,0.49064140974839726
15230,YHR028C YHR176W,0.0,NA,0.009706138633191586,2850,15810,15231,0,0.533504470213331,0.1527331189710611,1.0,0.5093263747946265,0.49067362520537355
15231,YNL192W YBR173C,0.0,NA,0.009708278812468052,2850,15809,15232,0,0.5335339765719512,0.15274130446433357,1.0,0.5092941593376502,0.4907058406623498
15232,YFL002W-B YMR261C,0.0,NA,0.009719659574329853,2850,15808,15233,0,0.5335634829305715,0.15274949083503056,1.0,0.5092619438806739,0.490738056119326
15233,YLR438W YDR110W,0.0,NA,0.009720027446746826,2850,15807,15234,0,0.5335929892891919,0.15275767808329313,1.0,0.5092297284236977,0.4907702715763023
15234,YCL069W YMR065W,0.0,NA,0.009721596725285053,2850,15806,15235,0,0.5336224956478121,0.15276586620926244,1.0,0.5091975129667214,0.49080248703327856
15235,YMR306W YGR199W,0.0,NA,0.009729670360684395,2850,15805,15236,0,0.5336520020064324,0.1527740552130796,1.0,0.5091652975097452,0.49083470249025485
15236,YIL096C YPR055W,0.0,NA,0.009730331599712372,2850,15804,15237,0,0.5336815083650527,0.1527822450948858,1.0,0.509133082052769,0.4908669179472311
15237,YNL096C YGL172W,0.0,NA,0.009735303930938244,2850,15803,15238,0,0.533711014723673,0.15279043585482227,1.0,0.5091008665957927,0.4908991334042073
15238,YIL064W YBR191W,0.0,NA,0.009744111448526382,2850,15802,15239,0,0.5337405210822932,0.15279862749303025,1.0,0.5090686511388164,0.4909313488611836
15239,YOL072W YMR138W,0.0,NA,0.009746412746608257,2850,15801,15240,0,0.5337700274409135,0.15280682000965096,1.0,0.5090364356818401,0.49096356431815985
15240,YJL127C YDR098C-A,0.0,NA,0.009748442098498344,2850,15800,15241,0,0.5337995337995338,0.15281501340482573,1.0,0.5090042202248639,0.4909957797751361
15241,YLR185W YOR367W,0.0,NA,0.00975145772099495,2850,15799,15242,0,0.5338290401581541,0.15282320767869592,1.0,0.5089720047678876,0.4910279952321124
15242,YPL079W YDR477W,0.0,NA,0.009762394241988659,2850,15798,15243,0,0.5338585465167743,0.15283140283140284,1.0,0.5089397893109113,0.4910602106890886
15243,YHL009C YPL042C,0.0,NA,0.009772052057087421,2850,15797,15244,0,0.5338880528753946,0.1528395988630879,1.0,0.5089075738539351,0.4910924261460649
15244,YFL034C-B YKL114C,0.0,NA,0.009778735227882862,2850,15796,15245,0,0.533917559234015,0.15284779577389251,1.0,0.5088753583969589,0.49112464160304115
15245,YGR180C YOR058C,0.0,NA,0.009784970432519913,2850,15795,15246,0,0.5339470655926352,0.15285599356395815,1.0,0.5088431429399826,0.4911568570600174
15246,YMR037C YDR313C,0.0,NA,0.009786288253962994,2850,15794,15247,0,0.5339765719512555,0.15286419223342632,1.0,0.5088109274830064,0.4911890725169937
15247,YER100W YKR089C,0.0,NA,0.009786315262317657,2850,15793,15248,0,0.5340060783098758,0.15287239178243844,1.0,0.5087787120260301,0.4912212879739699
15248,snR57 YCR031C,0.0,NA,0.009789956733584404,2850,15792,15249,0,0.5340355846684961,0.15288059221113615,1.0,0.5087464965690538,0.49125350343094615
15249,YIL126W YPR158C-C,0.0,NA,0.009799008257687092,2850,15791,15250,0,0.5340650910271163,0.15288879351966098,1.0,0.5087142811120776,0.49128571888792244
15250,YOL120C YMR046C,0.0,NA,0.009803589433431625,2850,15790,15251,0,0.5340945973857366,0.15289699570815452,1.0,0.5086820656551013,0.4913179343448987
15251,YOL162W YLL011W,0.0,NA,0.009804884903132915,2850,15789,15252,0,0.5341241037443569,0.1529051987767584,1.0,0.508649850198125,0.4913501498018749
15252,YBR015C YEL044W,0.0,NA,0.009807399474084377,2850,15788,15253,0,0.5341536101029772,0.15291340272561432,1.0,0.5086176347411488,0.4913823652588512
15253,YDL126C YDR210W-B,0.0,NA,0.009810784831643105,2850,15787,15254,0,0.5341831164615974,0.15292160755486398,1.0,0.5085854192841726,0.49141458071582744
15254,YOL146W YIL029C,0.0,NA,0.009811502881348133,2850,15786,15255,0,0.5342126228202178,0.15292981326464908,1.0,0.5085532038271963,0.49144679617280373
15255,YGR251W YCL051W,0.0,NA,0.009811609983444214,2850,15785,15256,0,0.5342421291788381,0.15293801985511135,1.0,0.5085209883702201,0.49147901162977997
15256,YDR394W YDR261C-C,0.0,NA,0.009816224686801434,2850,15784,15257,0,0.5342716355374583,0.15294622732639263,1.0,0.5084887729132438,0.4915112270867562
15257,tL(GAG)G YKR069W,0.0,NA,0.009818060323596,2850,15783,15258,0,0.5343011418960786,0.15295443567863468,1.0,0.5084565574562675,0.4915434425437325
15258,YNL294C YDR110W,0.0,NA,0.009818343445658684,2850,15782,15259,0,0.5343306482546989,0.1529626449119794,1.0,0.5084243419992912,0.49157565800070874
15259,YDR530C YPR108W,0.0,NA,0.009820763021707535,2850,15781,15260,0,0.5343601546133192,0.15297085502656863,1.0,0.508392126542315,0.491607873457685
15260,YOR295W YGR249W,0.0,NA,0.009837753139436245,2850,15780,15261,0,0.5343896609719394,0.1529790660225443,1.0,0.5083599110853387,0.49164008891466127
15261,YHR167W YER072W,0.0,NA,0.009840722195804119,2850,15779,15262,0,0.5344191673305597,0.15298727790004832,1.0,0.5083276956283624,0.4916723043716375
15262,YDR083W YJL167W,0.0,NA,0.009846094995737076,2850,15778,15263,0,0.53444867368918,0.1529954906592227,1.0,0.5082954801713863,0.4917045198286138
15263,YDR038C YGL215W,0.0,NA,0.009852334856987,2850,15777,15264,0,0.5344781800478003,0.15300370430020938,1.0,0.50826326471441,0.49173673528559003
15264,YGL158W YDR210W-B,0.0,NA,0.009853479452431202,2850,15776,15265,0,0.5345076864064205,0.15301191882315043,1.0,0.5082310492574337,0.49176895074256627
15265,YMR043W YJL125C,0.0,NA,0.00985487550497055,2850,15775,15266,0,0.5345371927650409,0.15302013422818792,1.0,0.5081988338004575,0.49180116619954256
15266,YDR197W YLR009W,0.0,NA,0.009855293668806553,2850,15774,15267,0,0.5345666991236612,0.15302835051546393,1.0,0.5081666183434812,0.4918333816565188
15267,YLR448W YKR080W,0.0,NA,0.00986003689467907,2850,15773,15268,0,0.5345962054822815,0.15303656768512056,1.0,0.5081344028865049,0.49186559711349503
15268,YDR005C YDR252W,0.0,NA,0.009860199876129627,2850,15772,15269,0,0.5346257118409017,0.15304478573729996,1.0,0.5081021874295287,0.4918978125704713
15269,YHR079C YGL054C,0.0,NA,0.009865475818514824,2850,15771,15270,0,0.534655218199522,0.15305300467214436,1.0,0.5080699719725524,0.49193002802744756
15270,YKL088W YPR086W,0.0,NA,0.0098697105422616,2850,15770,15271,0,0.5346847245581423,0.15306122448979592,1.0,0.5080377565155761,0.4919622434844238
15271,YKL068W YLR157C,0.0,NA,0.009880219586193562,2850,15769,15272,0,0.5347142309167625,0.15306944519039692,1.0,0.5080055410586,0.4919944589414001
15272,YBR077C YJR160C,0.0,NA,0.00988026149570942,2850,15768,15273,0,0.5347437372753828,0.1530776667740896,1.0,0.5079733256016237,0.49202667439837633
15273,YJR082C YDL045C,0.0,NA,0.009882155805826187,2850,15767,15274,0,0.5347732436340031,0.15308588924101627,1.0,0.5079411101446474,0.4920588898553526
15274,YPL131W YMR281W,0.0,NA,0.009887606836855412,2850,15766,15275,0,0.5348027499926234,0.1530941125913193,1.0,0.5079088946876712,0.49209110531232886
15275,YHR184W YNL339C,0.0,NA,0.009895460680127144,2850,15765,15276,0,0.5348322563512437,0.15310233682514102,1.0,0.5078766792306949,0.4921233207693051
15276,YER006W YLR082C,0.0,NA,0.009899474680423737,2850,15764,15277,0,0.534861762709864,0.15311056194262382,1.0,0.5078444637737186,0.4921555362262814
15277,YLR145W YKR088C,0.0,NA,0.009900989010930061,2850,15763,15278,0,0.5348912690684843,0.15311878794391018,1.0,0.5078122483167423,0.4921877516832576
15278,YMR314W YKR037C,0.0,NA,0.009908387437462807,2850,15762,15279,0,0.5349207754271046,0.15312701482914248,1.0,0.5077800328597661,0.49221996714023386
15279,tG(GCC)M YDR420W,0.0,NA,0.009908480569720268,2850,15761,15280,0,0.5349502817857248,0.15313524259846328,1.0,0.5077478174027898,0.49225218259721015
15280,YGR032W YCR037C,0.0,NA,0.009910202585160732,2850,15760,15281,0,0.5349797881443451,0.15314347125201505,1.0,0.5077156019458136,0.4922843980541864
15281,snR19 YOR007C,0.0,NA,0.00991936307400465,2850,15759,15282,0,0.5350092945029654,0.15315170078994036,1.0,0.5076833864888374,0.4923166135111627
15282,YOL103W-B YDR308C,0.0,NA,0.009922899305820465,2850,15758,15283,0,0.5350388008615856,0.15315993121238178,1.0,0.5076511710318611,0.4923488289681389
15283,YPL060C-A YMR021C,0.0,NA,0.009926567785441875,2850,15757,15284,0,0.5350683072202059,0.15316816251948193,1.0,0.5076189555748848,0.49238104442511516
15284,YKL220C YLR087C,0.0,NA,0.009939196519553661,2850,15756,15285,0,0.5350978135788262,0.15317639471138342,1.0,0.5075867401179086,0.49241325988209145
15285,YNL054W-B YJR013W,0.0,NA,0.009942171163856983,2850,15755,15286,0,0.5351273199374466,0.15318462778822897,1.0,0.5075545246609323,0.4924454753390677
15286,YBR139W YCR005C,0.0,NA,0.009944861754775047,2850,15754,15287,0,0.5351568262960668,0.15319286175016125,1.0,0.507522309203956,0.4924776907960439
15287,YOR295W YER081W,0.0,NA,0.009945269674062729,2850,15753,15288,0,0.5351863326546871,0.153201096597323,1.0,0.5074900937469798,0.4925099062530202
15288,YDR054C YGL037C,0.0,NA,0.009946532547473907,2850,15752,15289,0,0.5352158390133074,0.153209332329857,1.0,0.5074578782900036,0.49254212170999645
15289,YNL313C YNL279W,0.0,NA,0.009958067908883095,2850,15751,15290,0,0.5352453453719277,0.15321756894790603,1.0,0.5074256628330273,0.4925743371669727
15290,YPR049C YHR181W,0.0,NA,0.009965168312191963,2850,15750,15291,0,0.5352748517305479,0.1532258064516129,1.0,0.5073934473760511,0.492606552623949
15291,YKL103C YML121W,0.0,NA,0.009966768324375153,2850,15749,15292,0,0.5353043580891682,0.1532340448411205,1.0,0.5073612319190748,0.4926387680809252
15292,YDL122W YOR244W,0.0,NA,0.009968513622879982,2850,15748,15293,0,0.5353338644477885,0.15324228411657168,1.0,0.5073290164620985,0.4926709835379015
15293,YDR122W YPL163C,0.0,NA,0.009970353916287422,2850,15747,15294,0,0.5353633708064088,0.15325052427810937,1.0,0.5072968010051223,0.49270319899487774
15294,YBR111W-A YOR386W,0.0,NA,0.009976587258279324,2850,15746,15295,0,0.535392877165029,0.15325876532587654,1.0,0.507264585548146,0.492735414451854
15295,YMR100W YHR154W,0.0,NA,0.009977737441658974,2850,15745,15296,0,0.5354223835236493,0.15326700726001613,1.0,0.5072323700911697,0.4927676299088303
15296,YGL114W YMR062C,0.0,NA,0.009986747056245804,2850,15744,15297,0,0.5354518898822697,0.1532752500806712,1.0,0.5072001546341934,0.4927998453658065
15297,YCR082W YNL093W,0.0,NA,0.009989510290324688,2850,15743,15298,0,0.5354813962408899,0.15328349378798473,1.0,0.5071679391772173,0.49283206082278275
15298,YPR158W-A YPL089C,0.0,NA,0.009990963153541088,2850,15742,15299,0,0.5355109025995102,0.15329173838209983,1.0,0.507135723720241,0.49286427627975904
15299,YDL143W YJR139C,0.0,NA,0.009993962943553925,2850,15741,15300,0,0.5355404089581305,0.1532999838631596,1.0,0.5071035082632647,0.4928964917367353
15300,YPL092W tN(GUU)K,0.0,NA,0.009994444437325,2850,15740,15301,0,0.5355699153167508,0.15330823023130716,1.0,0.5070712928062885,0.49292870719371157
15301,YBR201W YGR087C,0.0,NA,0.009996906854212284,2850,15739,15302,0,0.535599421675371,0.15331647748668567,1.0,0.5070390773493122,0.4929609226506878
15302,YLR176C YDR308C,0.0,NA,0.010000424459576607,2850,15738,15303,0,0.5356289280339913,0.15332472562943836,1.0,0.5070068618923359,0.49299313810766404
15303,tS(AGA)D2 YPL270W,0.0,NA,0.010003997944295406,2850,15737,15304,0,0.5356584343926116,0.1533329746597084,1.0,0.5069746464353597,0.49302535356464033
15304,YKR019C YOR272W,0.0,NA,0.010007153265178204,2850,15736,15305,0,0.5356879407512319,0.15334122457763907,1.0,0.5069424309783834,0.49305756902161657
15305,YIL042C YNL247W,0.0,NA,0.01000828668475151,2850,15735,15306,0,0.5357174471098521,0.15334947538337368,1.0,0.5069102155214071,0.4930897844785928
15306,YNL054W-B YER031C,0.0,NA,0.0100177600979805,2850,15734,15307,0,0.5357469534684725,0.15335772707705553,1.0,0.506878000064431,0.4931219999355691
15307,YNL214W YPR173C,0.0,NA,0.010020114481449127,2850,15733,15308,0,0.5357764598270928,0.15336597965882795,1.0,0.5068457846074547,0.49315421539254534
15308,YLR216C YOR301W,0.0,NA,0.010022252798080444,2850,15732,15309,0,0.535805966185713,0.15337423312883436,1.0,0.5068135691504784,0.4931864308495216
15309,YMR083W YDR261C-C,0.0,NA,0.01002516783773899,2850,15731,15310,0,0.5358354725443333,0.15338248748721814,1.0,0.5067813536935022,0.49321864630649787
15310,YDL236W YIR009W,0.0,NA,0.010034637525677681,2850,15730,15311,0,0.5358649789029536,0.1533907427341227,1.0,0.5067491382365259,0.4932508617634741
15311,YPL065W YAL022C,0.0,NA,0.010037380270659924,2850,15729,15312,0,0.5358944852615739,0.15339899886969158,1.0,0.5067169227795496,0.4932830772204504
15312,YHR204W YBL026W,0.0,NA,0.01004061195999384,2850,15728,15313,0,0.5359239916201941,0.15340725589406826,1.0,0.5066847073225734,0.49331529267742663
15313,YDR210C-C YBR217W,0.0,NA,0.010040920227766037,2850,15727,15314,0,0.5359534979788144,0.15341551380739624,1.0,0.5066524918655971,0.49334750813440287
15314,YPL001W YOR192C-A,0.0,NA,0.010043703019618988,2850,15726,15315,0,0.5359830043374347,0.15342377260981913,1.0,0.5066202764086208,0.49337972359137916
15315,tS(UGA)E YCL052C,0.0,NA,0.01004802342504263,2850,15725,15316,0,0.536012510696055,0.15343203230148048,1.0,0.5065880609516445,0.4934119390483554
15316,YOR370C YOR343W-A,0.0,NA,0.010053914971649647,2850,15724,15317,0,0.5360420170546752,0.15344029288252395,1.0,0.5065558454946684,0.49344415450533163
15317,YGR254W YAR042W,0.0,NA,0.010055766440927982,2850,15723,15318,0,0.5360715234132956,0.1534485543530932,1.0,0.5065236300376921,0.4934763699623079
15318,YLL002W YDR330W,0.0,NA,0.010058529675006866,2850,15722,15319,0,0.5361010297719159,0.1534568167133319,1.0,0.5064914145807158,0.49350858541928416
15319,YDR028C YGR135W,0.0,NA,0.01005974505096674,2850,15721,15320,0,0.5361305361305362,0.15346507996338377,1.0,0.5064591991237396,0.49354080087626045
15320,YJL001W YHR053C,0.0,NA,0.010072636418044567,2850,15720,15321,0,0.5361600424891564,0.15347334410339256,1.0,0.5064269836667633,0.4935730163332367
15321,YBR200W YLR133W,0.0,NA,0.010075736790895462,2850,15719,15322,0,0.5361895488477767,0.15348160913350206,1.0,0.506394768209787,0.49360523179021293
15322,YOR192C-B YOR339C,0.0,NA,0.01008553896099329,2850,15718,15323,0,0.536219055206397,0.15348987505385608,1.0,0.5063625527528108,0.4936374472471892
15323,YPL283C YGR098C,0.0,NA,0.010098091326653957,2850,15717,15324,0,0.5362485615650172,0.15349814186459848,1.0,0.5063303372958345,0.49366966270416546
15324,YKL130C YGL161C,0.0,NA,0.010099430568516254,2850,15716,15325,0,0.5362780679236375,0.1535064095658731,1.0,0.5062981218388583,0.4937018781611417
15325,YOR142W-A YCR084C,0.0,NA,0.010112582705914974,2850,15715,15326,0,0.5363075742822578,0.15351467815782385,1.0,0.5062659063818821,0.493734093618118
15326,YJR131W YKL029C,0.0,NA,0.010113594122231007,2850,15714,15327,0,0.5363370806408781,0.1535229476405947,1.0,0.5062336909249058,0.4937663090750942
15327,YMR162C YGL005C,0.0,NA,0.010114720091223717,2850,15713,15328,0,0.5363665869994984,0.1535312180143296,1.0,0.5062014754679295,0.49379852453207046
15328,YGR170W YKL139W,0.0,NA,0.01012176088988781,2850,15712,15329,0,0.5363960933581187,0.1535394892791725,1.0,0.5061692600109533,0.49383073998904675
15329,YBR085W YIL014W,0.0,NA,0.010126085951924324,2850,15711,15330,0,0.536425599716739,0.1535477614352675,1.0,0.506137044553977,0.493862955446023
15330,YDR143C tA(AGC)D,0.0,NA,0.01012740470468998,2850,15710,15331,0,0.5364551060753593,0.15355603448275862,1.0,0.5061048290970007,0.4938951709029993
15331,YBR167C YPL210C,0.0,NA,0.010133530013263226,2850,15709,15332,0,0.5364846124339795,0.15356430842178997,1.0,0.5060726136400245,0.4939273863599755
15332,YFR032C-A YPL046C,0.0,NA,0.010135816410183907,2850,15708,15333,0,0.5365141187925998,0.15357258325250567,1.0,0.5060403981830482,0.49395960181695175
15333,YKR009C YBR233W-A,0.0,NA,0.01014005672186613,2850,15707,15334,0,0.5365436251512201,0.15358085897504983,1.0,0.506008182726072,0.49399181727392805
15334,YNL167C YHL022C,0.0,NA,0.010143713094294071,2850,15706,15335,0,0.5365731315098403,0.15358913558956672,1.0,0.5059759672690957,0.4940240327309043
15335,YAL047C YLR260W,0.0,NA,0.01014398131519556,2850,15705,15336,0,0.5366026378684606,0.15359741309620048,1.0,0.5059437518121195,0.4940562481878805
15336,YCR036W YLR313C,0.0,NA,0.010146145708858967,2850,15704,15337,0,0.5366321442270809,0.1536056914950954,1.0,0.5059115363551432,0.4940884636448568
15337,YNL214W YOR192C-A,0.0,NA,0.010146260261535645,2850,15703,15338,0,0.5366616505857013,0.15361397078639574,1.0,0.5058793208981669,0.49412067910183305
15338,YDR502C YDR210W-A,0.0,NA,0.01014813780784607,2850,15702,15339,0,0.5366911569443215,0.1536222509702458,1.0,0.5058471054411907,0.49415289455880934
15339,YOR265W YBR035C,0.0,NA,0.010148382745683193,2850,15701,15340,0,0.5367206633029418,0.15363053204678992,1.0,0.5058148899842144,0.4941851100157856
15340,YLL035W YOR229W,0.0,NA,0.01015531551092863,2850,15700,15341,0,0.5367501696615621,0.15363881401617252,1.0,0.5057826745272381,0.4942173254727618
15341,YNL239W YNL280C,0.0,NA,0.010157895274460316,2850,15699,15342,0,0.5367796760201824,0.15364709687853792,1.0,0.505750459070262,0.4942495409297381
15342,YDR210W-A YGL016W,0.0,NA,0.010164085775613785,2850,15698,15343,0,0.5368091823788026,0.1536553806340306,1.0,0.5057182436132857,0.49428175638671434
15343,YML040W YNL263C,0.0,NA,0.01016605831682682,2850,15697,15344,0,0.5368386887374229,0.15366366528279507,1.0,0.5056860281563094,0.4943139718436906
15344,YIL042C YDL131W,0.0,NA,0.010167166590690613,2850,15696,15345,0,0.5368681950960432,0.15367195082497573,1.0,0.5056538126993332,0.4943461873006669
15345,YBR254C YMR096W,0.0,NA,0.010170161724090576,2850,15695,15346,0,0.5368977014546635,0.15368023726071717,1.0,0.5056215972423569,0.4943784027576431
15346,tG(GCC)O2 YNL141W,0.0,NA,0.010177898220717907,2850,15694,15347,0,0.5369272078132837,0.15368852459016394,1.0,0.5055893817853806,0.4944106182146194
15347,YDR160W YPL138C,0.0,NA,0.010182692669332027,2850,15693,15348,0,0.536956714171904,0.1536968128134606,1.0,0.5055571663284044,0.49444283367159564
15348,YDR409W YMR274C,0.0,NA,0.010190707631409168,2850,15692,15349,0,0.5369862205305244,0.15370510193075182,1.0,0.5055249508714281,0.4944750491285719
15349,YKL135C YHR028C,0.0,NA,0.010192247107625008,2850,15691,15350,0,0.5370157268891446,0.1537133919421822,1.0,0.5054927354144518,0.49450726458554817
15350,YLR354C YDR144C,0.0,NA,0.010195610113441944,2850,15690,15351,0,0.5370452332477649,0.15372168284789645,1.0,0.5054605199574757,0.4945394800425244
15351,YGR163W YPL257W-A,0.0,NA,0.01020829752087593,2850,15689,15352,0,0.5370747396063852,0.15372997464803928,1.0,0.5054283045004994,0.49457169549950064
15352,YPR056W YLR141W,0.0,NA,0.010209902189671993,2850,15688,15353,0,0.5371042459650055,0.15373826734275542,1.0,0.5053960890435231,0.49460391095647693
15353,YDR023W YLR373C,0.0,NA,0.010211787186563015,2850,15687,15354,0,0.5371337523236257,0.15374656093218966,1.0,0.5053638735865468,0.49463612641345317
15354,YOR245C YFR041C,0.0,NA,0.010218570940196514,2850,15686,15355,0,0.537163258682246,0.15375485541648684,1.0,0.5053316581295706,0.4946683418704294
15355,YDR210C-C YIL101C,0.0,NA,0.010221502743661404,2850,15685,15356,0,0.5371927650408663,0.15376315079579175,1.0,0.5052994426725943,0.4947005573274057
15356,YKR022C YOL156W,0.0,NA,0.010225922800600529,2850,15684,15357,0,0.5372222713994866,0.15377144707024928,1.0,0.505267227215618,0.49473277278438194
15357,YCR040W YJR001W,0.0,NA,0.010226946324110031,2850,15683,15358,0,0.5372517777581068,0.15377974424000432,1.0,0.5052350117586418,0.49476498824135823
15358,YJL073W YLR227C,0.0,NA,0.010227669961750507,2850,15682,15359,0,0.5372812841167272,0.15378804230520182,1.0,0.5052027963016655,0.49479720369833446
15359,YGL153W YIL103W,0.0,NA,0.010237744078040123,2850,15681,15360,0,0.5373107904753475,0.15379634126598674,1.0,0.5051705808446892,0.4948294191553107
15360,YGL215W YDR295C,0.0,NA,0.010238067246973515,2850,15680,15361,0,0.5373402968339677,0.15380464112250405,1.0,0.5051383653877131,0.494861634612287
15361,YLR133W YKL127W,0.0,NA,0.010239377617835999,2850,15679,15362,0,0.537369803192588,0.1538129418748988,1.0,0.5051061499307368,0.49489385006926323
15362,YEL018W YBR065C,0.0,NA,0.010245844721794128,2850,15678,15363,0,0.5373993095512083,0.15382124352331605,1.0,0.5050739344737605,0.49492606552623947
15363,YER169W YDR123C,0.0,NA,0.01024654135107994,2850,15677,15364,0,0.5374288159098286,0.1538295460679009,1.0,0.5050417190167843,0.49495828098321576
15364,YPL110C YGL035C,0.0,NA,0.010249800980091095,2850,15676,15365,0,0.5374583222684488,0.15383784950879845,1.0,0.505009503559808,0.494990496440192
15365,YER007C-A YIL044C,0.0,NA,0.010273663327097893,2850,15675,15366,0,0.5374878286270691,0.15384615384615385,1.0,0.5049772881028317,0.4950227118971683
15366,YBR036C YDL175C,0.0,NA,0.010279177688062191,2850,15674,15367,0,0.5375173349856894,0.15385445908011228,1.0,0.5049450726458555,0.4950549273541445
15367,YGL119W YML106W,0.0,NA,0.010281379334628582,2850,15673,15368,0,0.5375468413443097,0.15386276521081899,1.0,0.5049128571888792,0.49508714281112076
15368,YAR071W YPR129W,0.0,NA,0.0102869076654315,2850,15672,15369,0,0.53757634770293,0.15387107223841917,1.0,0.504880641731903,0.49511935826809705
15369,YKL034W YNL289W,0.0,NA,0.010289723053574562,2850,15671,15370,0,0.5376058540615503,0.15387938016305816,1.0,0.5048484262749268,0.4951515737250733
15370,YLR381W YJR132W,0.0,NA,0.010289869271218777,2850,15670,15371,0,0.5376353604201706,0.1538876889848812,1.0,0.5048162108179505,0.4951837891820495
15371,YDR408C YCR093W,0.0,NA,0.010296447202563286,2850,15669,15372,0,0.5376648667787909,0.1538959987040337,1.0,0.5047839953609742,0.4952160046390258
15372,YPR074C YPL101W,0.0,NA,0.010302984155714512,2850,15668,15373,0,0.5376943731374111,0.153904309320661,1.0,0.5047517799039979,0.49524822009600206
15373,YPR049C YFR002W,0.0,NA,0.010309522040188313,2850,15667,15374,0,0.5377238794960314,0.15391262083490848,1.0,0.5047195644470217,0.4952804355529783
15374,YDL063C YNL278W,0.0,NA,0.010314577259123325,2850,15666,15375,0,0.5377533858546517,0.15392093324692158,1.0,0.5046873489900454,0.4953126510099546
15375,YPR107C YKL127W,0.0,NA,0.010314611718058586,2850,15665,15376,0,0.5377828922132719,0.1539292465568458,1.0,0.5046551335330691,0.4953448664669308
15376,YER009W YLR262C,0.0,NA,0.010319909080862999,2850,15664,15377,0,0.5378123985718922,0.15393756076482662,1.0,0.5046229180760929,0.4953770819239071
15377,YBR089C-A YKL221W,0.0,NA,0.010323216207325459,2850,15663,15378,0,0.5378419049305125,0.15394587587100955,1.0,0.5045907026191166,0.49540929738088335
15378,YMR272C YOR275C,0.0,NA,0.010325628332793713,2850,15662,15379,0,0.5378714112891329,0.1539541918755402,1.0,0.5045584871621404,0.4954415128378596
15379,YNL199C YCR002C,0.0,NA,0.010328453965485096,2850,15661,15380,0,0.537900917647753,0.1539625087785641,1.0,0.5045262717051642,0.4954737282948359
15380,YIR008C YPR182W,0.0,NA,0.010335988365113735,2850,15660,15381,0,0.5379304240063734,0.1539708265802269,1.0,0.5044940562481879,0.4955059437518121
15381,YDL049C snR44,0.0,NA,0.010347187519073486,2850,15659,15382,0,0.5379599303649937,0.15397914528067427,1.0,0.5044618407912116,0.49553815920878835
15382,YAR042W YCL014W,0.0,NA,0.01035384088754654,2850,15658,15383,0,0.537989436723614,0.15398746488005188,1.0,0.5044296253342354,0.49557037466576465
15383,YNL046W YML100W,0.0,NA,0.010356880724430084,2850,15657,15384,0,0.5380189430822342,0.15399578537850542,1.0,0.5043974098772591,0.4956025901227409
15384,YAR018C YNL290W,0.0,NA,0.010357222519814968,2850,15656,15385,0,0.5380484494408545,0.1540041067761807,1.0,0.5043651944202828,0.4956348055797172
15385,tE(CUC)D YJL033W,0.0,NA,0.010376183316111565,2850,15655,15386,0,0.5380779557994748,0.15401242907322346,1.0,0.5043329789633066,0.4956670210366934
15386,YML052W tA(AGC)D,0.0,NA,0.010377701371908188,2850,15654,15387,0,0.538107462158095,0.15402075226977952,1.0,0.5043007635063304,0.49569923649366965
15387,YMR061W tS(AGA)D2,0.0,NA,0.010382413864135742,2850,15653,15388,0,0.5381369685167153,0.1540290763659947,1.0,0.5042685480493541,0.49573145195064594
15388,tS(AGA)D1 YPR052C,0.0,NA,0.01038332935422659,2850,15652,15389,0,0.5381664748753356,0.1540374013620149,1.0,0.5042363325923779,0.4957636674076222
15389,YPL257W-B YOL058W,0.0,NA,0.010388020426034927,2850,15651,15390,0,0.538195981233956,0.15404572725798604,1.0,0.5042041171354016,0.4957958828645984
15390,YEL051W YJR160C,0.0,NA,0.010389426723122597,2850,15650,15391,0,0.5382254875925762,0.15405405405405406,1.0,0.5041719016784253,0.4958280983215747
15391,YLR194C YHR150W,0.0,NA,0.010391147807240486,2850,15649,15392,0,0.5382549939511965,0.15406238175036488,1.0,0.504139686221449,0.49586031377855094
15392,YEL056W YBL079W,0.0,NA,0.010392192751169205,2850,15648,15393,0,0.5382845003098168,0.15407071034706454,1.0,0.5041074707644728,0.4958925292355272
15393,YMR045C YBR176W,0.0,NA,0.010398024693131447,2850,15647,15394,0,0.5383140066684371,0.15407903984429908,1.0,0.5040752553074965,0.49592474469250347
15394,YPL248C YLR227W-A,0.0,NA,0.010406261309981346,2850,15646,15395,0,0.5383435130270573,0.15408737024221453,1.0,0.5040430398505202,0.4959569601494797
15395,YOL061W YKR046C,0.0,NA,0.010411039926111698,2850,15645,15396,0,0.5383730193856776,0.154095701540957,1.0,0.504010824393544,0.495989175606456
15396,YLR385C YGR161W-B,0.0,NA,0.010412991046905518,2850,15644,15397,0,0.5384025257442979,0.15410403374067266,1.0,0.5039786089365678,0.49602139106343224
15397,YJL044C YBL046W,0.0,NA,0.010422070510685444,2850,15643,15398,0,0.5384320321029182,0.1541123668415076,1.0,0.5039463934795915,0.4960536065204085
15398,YGR260W YPL079W,0.0,NA,0.010422625578939915,2850,15642,15399,0,0.5384615384615384,0.15412070084360804,1.0,0.5039141780226153,0.49608582197738477
15399,YKR001C YOL103W-B,0.0,NA,0.01042646262794733,2850,15641,15400,0,0.5384910448201587,0.15412903574712022,1.0,0.503881962565639,0.496118037434361
15400,YCL025C YGL247W,0.0,NA,0.010432791896164417,2850,15640,15401,0,0.5385205511787791,0.15413737155219037,1.0,0.5038497471086627,0.49615025289133724
15401,tA(UGC)A YNL290W,0.0,NA,0.010437749326229095,2850,15639,15402,0,0.5385500575373993,0.1541457082589648,1.0,0.5038175316516865,0.49618246834831353
15402,YJL081C YOR216C,0.0,NA,0.010440351441502571,2850,15638,15403,0,0.5385795638960196,0.1541540458675898,1.0,0.5037853161947102,0.49621468380528977
15403,YOR148C YOR375C,0.0,NA,0.010442770086228848,2850,15637,15404,0,0.5386090702546399,0.15416238437821173,1.0,0.5037531007377339,0.49624689926226606
15404,YOL132W YDL245C,0.0,NA,0.010446633212268353,2850,15636,15405,0,0.5386385766132602,0.15417072379097696,1.0,0.5037208852807578,0.4962791147192423
15405,YJR010W YDR316W-A,0.0,NA,0.010453447699546814,2850,15635,15406,0,0.5386680829718804,0.1541790641060319,1.0,0.5036886698237815,0.49631133017621853
15406,tG(GCC)M YLR007W,0.0,NA,0.010466769337654114,2850,15634,15407,0,0.5386975893305007,0.15418740532352304,1.0,0.5036564543668052,0.4963435456331948
15407,YNL271C YBL026W,0.0,NA,0.01047520898282528,2850,15633,15408,0,0.538727095689121,0.15419574744359682,1.0,0.5036242389098289,0.49637576109017106
15408,YMR307W YNL054W-B,0.0,NA,0.010481957346200943,2850,15632,15409,0,0.5387566020477413,0.15420409046639974,1.0,0.5035920234528527,0.4964079765471473
15409,YIL096C YJR143C,0.0,NA,0.010482723824679852,2850,15631,15410,0,0.5387861084063615,0.15421243439207835,1.0,0.5035598079958764,0.4964401920041236
15410,YPR191W YHR169W,0.0,NA,0.010486764833331108,2850,15630,15411,0,0.5388156147649819,0.15422077922077923,1.0,0.5035275925389001,0.49647240746109983
15411,YER137C-A YEL024W,0.0,NA,0.01048970501869917,2850,15629,15412,0,0.5388451211236022,0.15422912495264895,1.0,0.5034953770819239,0.49650462291807607
15412,YGR129W YPL194W,0.0,NA,0.010499915108084679,2850,15628,15413,0,0.5388746274822224,0.15423747158783419,1.0,0.5034631616249476,0.49653683837505236
15413,YDR197W YPL101W,0.0,NA,0.010501323267817497,2850,15627,15414,0,0.5389041338408427,0.15424581912648158,1.0,0.5034309461679713,0.4965690538320286
15414,YFL002W-A YGL215W,0.0,NA,0.010505718179047108,2850,15626,15415,0,0.538933640199463,0.15425416756873783,1.0,0.5033987307109952,0.4966012692890049
15415,YIL021W YGR275W,0.0,NA,0.01050606556236744,2850,15625,15416,0,0.5389631465580833,0.15426251691474965,1.0,0.5033665152540189,0.4966334847459811
15416,YBL046W YMR255W,0.0,NA,0.010514178313314915,2850,15624,15417,0,0.5389926529167035,0.15427086716466384,1.0,0.5033342997970426,0.49666570020295736
15417,YDL017W YMR198W,0.0,NA,0.010521076619625092,2850,15623,15418,0,0.5390221592753238,0.15427921831862718,1.0,0.5033020843400664,0.49669791565993365
15418,YCR016W tS(AGA)L,0.0,NA,0.01052516233175993,2850,15622,15419,0,0.5390516656339441,0.15428757037678648,1.0,0.5032698688830901,0.4967301311169099
15419,YOR089C YER011W,0.0,NA,0.010533105581998825,2850,15621,15420,0,0.5390811719925644,0.15429592333928863,1.0,0.5032376534261138,0.4967623465738861
15420,snR189 YLR131C,0.0,NA,0.010539871640503407,2850,15620,15421,0,0.5391106783511846,0.15430427720628045,1.0,0.5032054379691376,0.4967945620308624
15421,YDL134C YDR261C-C,0.0,NA,0.01054699532687664,2850,15619,15422,0,0.539140184709805,0.15431263197790893,1.0,0.5031732225121613,0.49682677748783866
15422,YNL189W YLR320W,0.0,NA,0.010546999983489513,2850,15618,15423,0,0.5391696910684253,0.15432098765432098,1.0,0.503141007055185,0.49685899294481495
15423,YCR018C YER183C,0.0,NA,0.010548966005444527,2850,15617,15424,0,0.5391991974270455,0.1543293442356636,1.0,0.5031087915982089,0.4968912084017912
15424,YPL060C-A YOL149W,0.0,NA,0.010550896637141705,2850,15616,15425,0,0.5392287037856658,0.15433770172208383,1.0,0.5030765761412326,0.4969234238587674
15425,YIL173W YLR307W,0.0,NA,0.010555218905210495,2850,15615,15426,0,0.5392582101442861,0.15434606011372867,1.0,0.5030443606842563,0.4969556393157437
15426,YOR004W YLR070C,0.0,NA,0.010556956753134727,2850,15614,15427,0,0.5392877165029064,0.15435441941074524,1.0,0.50301214522728,0.49698785477271995
15427,YFL033C YDR434W,0.0,NA,0.010558302514255047,2850,15613,15428,0,0.5393172228615266,0.15436277961328063,1.0,0.5029799297703038,0.4970200702296962
15428,YLR234W YOL163W,0.0,NA,0.010562093928456306,2850,15612,15429,0,0.5393467292201469,0.15437114072148198,1.0,0.5029477143133275,0.4970522856866725
15429,YKL055C YGR161W-B,0.0,NA,0.010562592186033726,2850,15611,15430,0,0.5393762355787672,0.15437950273549644,1.0,0.5029154988563512,0.4970845011436487
15430,YDR135C YBR215W,0.0,NA,0.010563609190285206,2850,15610,15431,0,0.5394057419373876,0.1543878656554713,1.0,0.502883283399375,0.49711671660062495
15431,YOR028C snR58,0.0,NA,0.010563628748059273,2850,15609,15432,0,0.5394352482960078,0.1543962294815537,1.0,0.5028510679423988,0.49714893205760124
15432,YPR009W YFL008W,0.0,NA,0.010565831325948238,2850,15608,15433,0,0.5394647546546281,0.154404594213891,1.0,0.5028188524854225,0.4971811475145775
15433,YMR310C YHR013C,0.0,NA,0.010568279772996902,2850,15607,15434,0,0.5394942610132484,0.15441295985263043,1.0,0.5027866370284463,0.4972133629715538
15434,YPL081W YBR207W,0.0,NA,0.010570130310952663,2850,15606,15435,0,0.5395237673718687,0.1544213263979194,1.0,0.50275442157147,0.49724557842853
15435,YOR377W YBR011C,0.0,NA,0.010574374347925186,2850,15605,15436,0,0.5395532737304889,0.15442969384990518,1.0,0.5027222061144937,0.49727779388550625
15436,YBR065C YDL079C,0.0,NA,0.010574659332633018,2850,15604,15437,0,0.5395827800891092,0.15443806220873524,1.0,0.5026899906575175,0.49731000934248254
15437,YLR157C-B YMR224C,0.0,NA,0.010596283711493015,2850,15603,15438,0,0.5396122864477295,0.15444643147455697,1.0,0.5026577752005412,0.4973422247994588
15438,YDR245W tQ(UUG)E1,0.0,NA,0.010596828535199165,2850,15602,15439,0,0.5396417928063497,0.15445480164751788,1.0,0.5026255597435649,0.497374440256435
15439,YKL029C YNL263C,0.0,NA,0.010602904483675957,2850,15601,15440,0,0.53967129916497,0.15446317272776544,1.0,0.5025933442865888,0.4974066557134113
15440,YMR043W YPL223C,0.0,NA,0.01061130128800869,2850,15600,15441,0,0.5397008055235903,0.15447154471544716,1.0,0.5025611288296125,0.49743887117038754
15441,YNL272C YHR004C,0.0,NA,0.010611697100102901,2850,15599,15442,0,0.5397303118822107,0.15447991761071062,1.0,0.5025289133726362,0.49747108662736383
15442,YJL034W YOR356W,0.0,NA,0.010613063350319862,2850,15598,15443,0,0.5397598182408309,0.15448829141370338,1.0,0.50249669791566,0.49750330208434007
15443,YCR079W YJR074W,0.0,NA,0.010615106672048569,2850,15597,15444,0,0.5397893245994512,0.1544966661245731,1.0,0.5024644824586837,0.4975355175413163
15444,YMR182C YOR236W,0.0,NA,0.01061756070703268,2850,15596,15445,0,0.5398188309580715,0.1545050417434674,1.0,0.5024322670017074,0.4975677329982926
15445,tR(ACG)L YCR053W,0.0,NA,0.010633176192641258,2850,15595,15446,0,0.5398483373166918,0.15451341827053403,1.0,0.5024000515447311,0.49759994845526884
15446,YLL042C YIR028W,0.0,NA,0.010636060498654842,2850,15594,15447,0,0.539877843675312,0.15452179570592062,1.0,0.5023678360877549,0.4976321639122451
15447,YBR018C YHR008C,0.0,NA,0.010638784617185593,2850,15593,15448,0,0.5399073500339323,0.15453017404977498,1.0,0.5023356206307786,0.49766437936922137
15448,YKR095W-A YGL147C,0.0,NA,0.010639924556016922,2850,15592,15449,0,0.5399368563925526,0.15453855330224486,1.0,0.5023034051738023,0.4976965948261976
15449,YLR410W-B YGR178C,0.0,NA,0.01064383052289486,2850,15591,15450,0,0.5399663627511728,0.15454693346347811,1.0,0.5022711897168262,0.49772881028317384
15450,YLR448W YDL224C,0.0,NA,0.010643955320119858,2850,15590,15451,0,0.5399958691097931,0.15455531453362256,1.0,0.5022389742598499,0.49776102574015013
15451,YJR066W YOR339C,0.0,NA,0.010645558126270771,2850,15589,15452,0,0.5400253754684134,0.1545636965128261,1.0,0.5022067588028736,0.49779324119712637
15452,YIR002C YGR240C,0.0,NA,0.010645617730915546,2850,15588,15453,0,0.5400548818270338,0.15457207940123657,1.0,0.5021745433458974,0.49782545665410266
15453,YER014C-A YDR450W,0.0,NA,0.01065091323107481,2850,15587,15454,0,0.540084388185654,0.154580463199002,1.0,0.5021423278889211,0.4978576721110789
15454,YJL035C YAL021C,0.0,NA,0.0106531186029315,2850,15586,15455,0,0.5401138945442743,0.15458884790627034,1.0,0.5021101124319448,0.49788988756805513
15455,tT(AGU)J YHR133C,0.0,NA,0.010655496269464493,2850,15585,15456,0,0.5401434009028946,0.15459723352318958,1.0,0.5020778969749686,0.4979221030250314
15456,YPL045W YHR185C,0.0,NA,0.010664442554116249,2850,15584,15457,0,0.5401729072615149,0.15460562004990777,1.0,0.5020456815179923,0.49795431848200766
15457,YPL058C YDR238C,0.0,NA,0.010666510090231895,2850,15583,15458,0,0.5402024136201351,0.154614007486573,1.0,0.502013466061016,0.4979865339389839
15458,YFL028C YGR198W,0.0,NA,0.010673059150576591,2850,15582,15459,0,0.5402319199787554,0.15462239583333334,1.0,0.5019812506040399,0.4980187493959602
15459,YGL212W YCR089W,0.0,NA,0.010681203566491604,2850,15581,15460,0,0.5402614263373757,0.15463078509033693,1.0,0.5019490351470636,0.49805096485293643
15460,YPR056W YBR218C,0.0,NA,0.010685467161238194,2850,15580,15461,0,0.540290932695996,0.15463917525773196,1.0,0.5019168196900873,0.4980831803099127
15461,YDR440W YLR130C,0.0,NA,0.010685669258236885,2850,15579,15462,0,0.5403204390546162,0.15464756633566662,1.0,0.5018846042331111,0.49811539576688896
15462,YPL060C-A YPR078C,0.0,NA,0.010686162859201431,2850,15578,15463,0,0.5403499454132366,0.15465595832428913,1.0,0.5018523887761348,0.4981476112238652
15463,YOL103W-B YPL036W,0.0,NA,0.010689117014408112,2850,15577,15464,0,0.5403794517718569,0.15466435122374775,1.0,0.5018201733191585,0.4981798266808415
15464,YLL048C YOR127W,0.0,NA,0.01069130189716816,2850,15576,15465,0,0.5404089581304771,0.15467274503419082,1.0,0.5017879578621822,0.4982120421378177
15465,YDR156W YDR168W,0.0,NA,0.01069623976945877,2850,15575,15466,0,0.5404384644890974,0.1546811397557666,1.0,0.501755742405206,0.49824425759479396
15466,YDR303C YHR025W,0.0,NA,0.010701650753617287,2850,15574,15467,0,0.5404679708477177,0.15468953538862354,1.0,0.5017235269482297,0.49827647305177025
15467,YNL251C YLR347C,0.0,NA,0.01070427056401968,2850,15573,15468,0,0.540497477206338,0.15469793193290995,1.0,0.5016913114912535,0.4983086885087465
15468,YKL082C YER073W,0.0,NA,0.01071012020111084,2850,15572,15469,0,0.5405269835649582,0.1547063293887743,1.0,0.5016590960342773,0.4983409039657228
15469,YIL005W YDL002C,0.0,NA,0.010710579343140125,2850,15571,15470,0,0.5405564899235785,0.15471472775636502,1.0,0.501626880577301,0.498373119422699
15470,YBR211C YPL121C,0.0,NA,0.010711221024394035,2850,15570,15471,0,0.5405859962821988,0.15472312703583063,1.0,0.5015946651203247,0.49840533487967525
15471,YMR199W YKL138C-A,0.0,NA,0.010714840143918991,2850,15569,15472,0,0.5406155026408191,0.15473152722731962,1.0,0.5015624496633485,0.49843755033665155
15472,YLR234W YPL203W,0.0,NA,0.010718388482928276,2850,15568,15473,0,0.5406450089994393,0.15473992833098058,1.0,0.5015302342063722,0.4984697657936278
15473,YAL040C YLR082C,0.0,NA,0.010731082409620285,2850,15567,15474,0,0.5406745153580597,0.15474833034696206,1.0,0.5014980187493959,0.498501981250604
15474,YOL155C YDR210W-B,0.0,NA,0.010732149705290794,2850,15566,15475,0,0.54070402171668,0.15475673327541267,1.0,0.5014658032924197,0.4985341967075803
15475,YAL001C YKR035W-A,0.0,NA,0.010735440999269485,2850,15565,15476,0,0.5407335280753002,0.15476513711648113,1.0,0.5014335878354435,0.49856641216455655
15476,YBR109C YLL040C,0.0,NA,0.010736124590039253,2850,15564,15477,0,0.5407630344339205,0.15477354187031606,1.0,0.5014013723784672,0.4985986276215328
15477,YNL072W YBL093C,0.0,NA,0.010745351202785969,2850,15563,15478,0,0.5407925407925408,0.1547819475370662,1.0,0.501369156921491,0.4986308430785091
15478,YOL130W tQ(UUG)D3,0.0,NA,0.010746689513325691,2850,15562,15479,0,0.5408220471511611,0.1547903541168803,1.0,0.5013369414645147,0.4986630585354853
15479,YLR095C YDL185W,0.0,NA,0.010749838314950466,2850,15561,15480,0,0.5408515535097813,0.15479876160990713,1.0,0.5013047260075384,0.4986952739924616
15480,YPL092W tR(UCU)D,0.0,NA,0.010755138471722603,2850,15560,15481,0,0.5408810598684016,0.1548071700162955,1.0,0.5012725105505622,0.49872748944943784
15481,YHL043W YPR139C,0.0,NA,0.010759811848402023,2850,15559,15482,0,0.5409105662270219,0.15481557933619425,1.0,0.5012402950935859,0.4987597049064141
15482,YLR380W YMR047C,0.0,NA,0.010760841891169548,2850,15558,15483,0,0.5409400725856423,0.15482398956975227,1.0,0.5012080796366096,0.4987919203633904
15483,YMR210W YOL013C,0.0,NA,0.010762913152575493,2850,15557,15484,0,0.5409695789442625,0.15483240071711848,1.0,0.5011758641796333,0.4988241358203666
15484,YIL077C YBR026C,0.0,NA,0.01076714787632227,2850,15556,15485,0,0.5409990853028828,0.1548408127784418,1.0,0.5011436487226572,0.49885635127734285
15485,YOR293W YOR117W,0.0,NA,0.010767950676381588,2850,15555,15486,0,0.5410285916615031,0.15484922575387122,1.0,0.5011114332656809,0.49888856673431914
15486,YOR157C YOL001W,0.0,NA,0.010768088512122631,2850,15554,15487,0,0.5410580980201234,0.15485763964355576,1.0,0.5010792178087046,0.4989207821912954
15487,YGL063W YGL091C,0.0,NA,0.01077619194984436,2850,15553,15488,0,0.5410876043787436,0.1548660544476444,1.0,0.5010470023517284,0.49895299764827167
15488,YER019W YKL216W,0.0,NA,0.010782226920127869,2850,15552,15489,0,0.5411171107373639,0.15487447016628628,1.0,0.5010147868947521,0.4989852131052479
15489,YDL184C YLR153C,0.0,NA,0.010783713310956955,2850,15551,15490,0,0.5411466170959842,0.15488288679963044,1.0,0.5009825714377758,0.49901742856222414
15490,YDL045C snR79,0.0,NA,0.01079698745161295,2850,15550,15491,0,0.5411761234546044,0.15489130434782608,1.0,0.5009503559807996,0.49904964401920043
15491,tS(AGA)J YLR256W,0.0,NA,0.010798673145473003,2850,15549,15492,0,0.5412056298132247,0.15489972281102235,1.0,0.5009181405238233,0.49908185947617667
15492,YDR188W YOL122C,0.0,NA,0.01080376747995615,2850,15548,15493,0,0.541235136171845,0.1549081421893684,1.0,0.500885925066847,0.4991140749331529
15493,YGL200C snR39B,0.0,NA,0.010809649713337421,2850,15547,15494,0,0.5412646425304654,0.15491656248301353,1.0,0.5008537096098709,0.4991462903901292
15494,YBR254C YDR316W-B,0.0,NA,0.010809894651174545,2850,15546,15495,0,0.5412941488890856,0.15492498369210697,1.0,0.5008214941528946,0.49917850584710544
15495,YDR210C-C YOR339C,0.0,NA,0.010814683511853218,2850,15545,15496,0,0.5413236552477059,0.15493340581679804,1.0,0.5007892786959183,0.4992107213040817
15496,YBR061C YER159C,0.0,NA,0.010816672816872597,2850,15544,15497,0,0.5413531616063262,0.15494182885723606,1.0,0.5007570632389421,0.49924293676105796
15497,YMR075W YJL010C,0.0,NA,0.010837135836482048,2850,15543,15498,0,0.5413826679649465,0.1549502528135704,1.0,0.5007248477819658,0.4992751522180342
15498,YJL059W YCR094W,0.0,NA,0.010842177085578442,2850,15542,15499,0,0.5414121743235667,0.15495867768595042,1.0,0.5006926323249895,0.4993073676750105
15499,tN(GUU)K YGR074W,0.0,NA,0.01084261666983366,2850,15541,15500,0,0.541441680682187,0.15496710347452558,1.0,0.5006604168680133,0.49933958313198673
15500,YDR459C YFR032C-A,0.0,NA,0.010843823663890362,2850,15540,15501,0,0.5414711870408073,0.15497553017944535,1.0,0.500628201411037,0.49937179858896297
15501,YNL149C YKR085C,0.0,NA,0.010851913131773472,2850,15539,15502,0,0.5415006933994275,0.15498395780085922,1.0,0.5005959859540607,0.49940401404593926
15502,YGR054W YHR118C,0.0,NA,0.010853125713765621,2850,15538,15503,0,0.5415301997580478,0.15499238633891668,1.0,0.5005637704970844,0.4994362295029155
15503,YER137C-A YPL171C,0.0,NA,0.010853642597794533,2850,15537,15504,0,0.5415597061166681,0.15500081579376734,1.0,0.5005315550401083,0.49946844495989173
15504,YHR114W YOL116W,0.0,NA,0.010853949934244156,2850,15536,15505,0,0.5415892124752885,0.15500924616556075,1.0,0.500499339583132,0.499500660416868
15505,YMR016C YDR399W,0.0,NA,0.010854590684175491,2850,15535,15506,0,0.5416187188339087,0.15501767745444656,1.0,0.5004671241261557,0.49953287587384426
15506,YPL148C YPL033C,0.0,NA,0.01085598859935999,2850,15534,15507,0,0.541648225192529,0.15502610966057442,1.0,0.5004349086691795,0.49956509133082055
15507,YGL251C YAL014C,0.0,NA,0.010857616551220417,2850,15533,15508,0,0.5416777315511493,0.155034542784094,1.0,0.5004026932122032,0.4995973067877968
15508,YNL041C YLR260W,0.0,NA,0.010859665460884571,2850,15532,15509,0,0.5417072379097696,0.15504297682515505,1.0,0.5003704777552269,0.49962952224477303
15509,tE(UUC)C YPR111W,0.0,NA,0.010865475051105022,2850,15531,15510,0,0.5417367442683898,0.1550514117839073,1.0,0.5003382622982507,0.4996617377017493
15510,YDR016C YOR090C,0.0,NA,0.010866136290133,2850,15530,15511,0,0.5417662506270101,0.15505984766050054,1.0,0.5003060468412744,0.49969395315872556
15511,YCR024C YBR155W,0.0,NA,0.010876806452870369,2850,15529,15512,0,0.5417957569856304,0.1550682844550846,1.0,0.5002738313842982,0.4997261686157018
15512,YOR030W YLR135W,0.0,NA,0.01088086050003767,2850,15528,15513,0,0.5418252633442507,0.15507672216780935,1.0,0.500241615927322,0.4997583840726781
15513,YJL081C YDR316W-A,0.0,NA,0.01088280975818634,2850,15527,15514,0,0.5418547697028709,0.15508516079882462,1.0,0.5002094004703457,0.4997905995296543
15514,YPL151C YLR389C,0.0,NA,0.01088892575353384,2850,15526,15515,0,0.5418842760614913,0.15509360034828037,1.0,0.5001771850133694,0.49982281498663056
15515,Q0065 YGR085C,0.0,NA,0.010890055447816849,2850,15525,15516,0,0.5419137824201116,0.15510204081632653,1.0,0.5001449695563932,0.49985503044360685
15516,YGR027C YLR141W,0.0,NA,0.01089769508689642,2850,15524,15517,0,0.5419432887787318,0.1551104822031131,1.0,0.5001127540994169,0.4998872459005831
15517,YHL009C YKR035W-A,0.0,NA,0.010903875343501568,2850,15523,15518,0,0.5419727951373521,0.15511892450879008,1.0,0.5000805386424406,0.4999194613575594
15518,YDR219C YCL044C,0.0,NA,0.010907918214797974,2850,15522,15519,0,0.5420023014959724,0.15512736773350752,1.0,0.5000483231854644,0.4999516768145356
15519,YDR210C-D YBR218C,0.0,NA,0.010909497737884521,2850,15521,15520,0,0.5420318078545927,0.15513581187741549,1.0,0.5000161077284881,0.49998389227151185
15520,YPR158C-D YIL037C,0.0,NA,0.010909497737884521,2850,15520,15521,0,0.5420613142132129,0.15514425694066414,1.0,0.49998389227151185,0.5000161077284881
15521,YJR076C YIL049W,0.0,NA,0.01091013103723526,2850,15519,15522,0,0.5420908205718332,0.15515270292340355,1.0,0.4999516768145356,0.5000483231854644
15522,YDR471W YGL197W,0.0,NA,0.01091533899307251,2850,15518,15523,0,0.5421203269304535,0.15516114982578397,1.0,0.4999194613575594,0.5000805386424406
15523,YER075C YDR050C,0.0,NA,0.010915740393102169,2850,15517,15524,0,0.5421498332890738,0.15516959764795557,1.0,0.4998872459005831,0.5001127540994169
15524,YLR025W YNL309W,0.0,NA,0.010921472683548927,2850,15516,15525,0,0.542179339647694,0.1551780463900686,1.0,0.49985503044360685,0.5001449695563932
15525,YPL005W YBR172C,0.0,NA,0.0109343770891428,2850,15515,15526,0,0.5422088460063144,0.15518649605227336,1.0,0.49982281498663056,0.5001771850133694
15526,tN(GUU)K YLR024C,0.0,NA,0.010939592495560646,2850,15514,15527,0,0.5422383523649347,0.1551949466347201,1.0,0.4997905995296543,0.5002094004703457
15527,YER180C YJR001W,0.0,NA,0.01093964371830225,2850,15513,15528,0,0.5422678587235549,0.15520339813755923,1.0,0.4997583840726781,0.500241615927322
15528,YER146W YER011W,0.0,NA,0.010939809493720531,2850,15512,15529,0,0.5422973650821752,0.15521185056094108,1.0,0.4997261686157018,0.5002738313842982
15529,YDL088C YPL052W,0.0,NA,0.01094295084476471,2850,15511,15530,0,0.5423268714407955,0.15522030390501607,1.0,0.49969395315872556,0.5003060468412744
15530,YOR190W YML121W,0.0,NA,0.010954734869301319,2850,15510,15531,0,0.5423563777994158,0.15522875816993464,1.0,0.4996617377017493,0.5003382622982507
15531,YPL283C YPL019C,0.0,NA,0.010971233248710632,2850,15509,15532,0,0.542385884158036,0.15523721335584728,1.0,0.49962952224477303,0.5003704777552269
15532,YLR324W YKR106W,0.0,NA,0.01097884215414524,2850,15508,15533,0,0.5424153905166563,0.15524566946290447,1.0,0.4995973067877968,0.5004026932122032
15533,YHR048W YDR310C,0.0,NA,0.010979349724948406,2850,15507,15534,0,0.5424448968752766,0.15525412649125675,1.0,0.49956509133082055,0.5004349086691795
15534,YCR081W YDL080C,0.0,NA,0.010981074534356594,2850,15506,15535,0,0.542474403233897,0.1552625844410547,1.0,0.49953287587384426,0.5004671241261557
15535,YPR201W snR128,0.0,NA,0.010981482453644276,2850,15505,15536,0,0.5425039095925172,0.15527104331244893,1.0,0.499500660416868,0.500499339583132
15536,YLR183C YGL166W,0.0,NA,0.01098379772156477,2850,15504,15537,0,0.5425334159511375,0.15527950310559005,1.0,0.49946844495989173,0.5005315550401083
15537,YCL069W YDR350C,0.0,NA,0.010984720662236214,2850,15503,15538,0,0.5425629223097578,0.1552879638206288,1.0,0.4994362295029155,0.5005637704970844
15538,YDR425W YOL044W,0.0,NA,0.010990528389811516,2850,15502,15539,0,0.5425924286683781,0.15529642545771577,1.0,0.49940401404593926,0.5005959859540607
15539,YLR058C YPR137C-A,0.0,NA,0.010998067446053028,2850,15501,15540,0,0.5426219350269983,0.1553048880170018,1.0,0.49937179858896297,0.500628201411037
15540,YOR142W-B YDR035W,0.0,NA,0.010998404584825039,2850,15500,15541,0,0.5426514413856186,0.1553133514986376,1.0,0.49933958313198673,0.5006604168680133
15541,tR(UCU)M1 YDR046C,0.0,NA,0.011009478941559792,2850,15499,15542,0,0.5426809477442389,0.155321815902774,1.0,0.4993073676750105,0.5006926323249895
15542,YKL054C YDR516C,0.0,NA,0.011019431054592133,2850,15498,15543,0,0.5427104541028591,0.1553302812295618,1.0,0.4992751522180342,0.5007248477819658
15543,YGR027C Q0120,0.0,NA,0.01102655753493309,2850,15497,15544,0,0.5427399604614794,0.1553387474791519,1.0,0.49924293676105796,0.5007570632389421
15544,YML049C YPL028W,0.0,NA,0.011031503789126873,2850,15496,15545,0,0.5427694668200997,0.15534721465169518,1.0,0.4992107213040817,0.5007892786959183
15545,YNL078W YDR346C,0.0,NA,0.011036233976483345,2850,15495,15546,0,0.5427989731787201,0.1553556827473426,1.0,0.49917850584710544,0.5008214941528946
15546,YLR287C-A YDL024C,0.0,NA,0.011044224724173546,2850,15494,15547,0,0.5428284795373403,0.1553641517662451,1.0,0.4991462903901292,0.5008537096098709
15547,YFL022C YMR046C,0.0,NA,0.01105733122676611,2850,15493,15548,0,0.5428579858959606,0.15537262170855368,1.0,0.4991140749331529,0.500885925066847
15548,YDL063C YBR155W,0.0,NA,0.011087249033153057,2850,15492,15549,0,0.5428874922545809,0.15538109257441937,1.0,0.49908185947617667,0.5009181405238233
15549,YCR040W YHR061C,0.0,NA,0.011091526597738266,2850,15491,15550,0,0.5429169986132012,0.15538956436399323,1.0,0.49904964401920043,0.5009503559807996
15550,YMR210W MEL1,0.0,NA,0.011092076078057289,2850,15490,15551,0,0.5429465049718214,0.1553980370774264,1.0,0.49901742856222414,0.5009825714377758
15551,YBL082C YPL135W,0.0,NA,0.011093786917626858,2850,15489,15552,0,0.5429760113304417,0.15540651071486994,1.0,0.4989852131052479,0.5010147868947521
15552,YLR345W YDR425W,0.0,NA,0.01109576877206564,2850,15488,15553,0,0.543005517689062,0.15541498527647507,1.0,0.49895299764827167,0.5010470023517284
15553,YOR247W snR34,0.0,NA,0.011099981144070625,2850,15487,15554,0,0.5430350240476822,0.15542346076239297,1.0,0.4989207821912954,0.5010792178087046
15554,tS(AGA)J YMR201C,0.0,NA,0.011100174859166145,2850,15486,15555,0,0.5430645304063025,0.15543193717277487,1.0,0.49888856673431914,0.5011114332656809
15555,YDR381W tA(AGC)K1,0.0,NA,0.011101232841610909,2850,15485,15556,0,0.5430940367649228,0.15544041450777202,1.0,0.49885635127734285,0.5011436487226572
15556,YPL204W YOR299W,0.0,NA,0.011102928780019283,2850,15484,15557,0,0.5431235431235432,0.15544889276753573,1.0,0.4988241358203666,0.5011758641796333
15557,YMR142C YDR142C,0.0,NA,0.011106913909316063,2850,15483,15558,0,0.5431530494821634,0.15545737195221732,1.0,0.4987919203633904,0.5012080796366096
15558,YMR006C YAL030W,0.0,NA,0.011109852232038975,2850,15482,15559,0,0.5431825558407837,0.15546585206196814,1.0,0.4987597049064141,0.5012402950935859
15559,YOL043C YBR202W,0.0,NA,0.011113593354821205,2850,15481,15560,0,0.543212062199404,0.15547433309693962,1.0,0.49872748944943784,0.5012725105505622
15560,YGL185C YEL053C,0.0,NA,0.01111580990254879,2850,15480,15561,0,0.5432415685580243,0.15548281505728315,1.0,0.4986952739924616,0.5013047260075384
15561,YOR212W YJL186W,0.0,NA,0.011125469580292702,2850,15479,15562,0,0.5432710749166445,0.1554912979431502,1.0,0.4986630585354853,0.5013369414645147
15562,YGR097W YGL133W,0.0,NA,0.011126288212835789,2850,15478,15563,0,0.5433005812752648,0.15549978175469228,1.0,0.4986308430785091,0.501369156921491
15563,YIL096C YLR357W,0.0,NA,0.011137111112475395,2850,15477,15564,0,0.5433300876338851,0.1555082664920609,1.0,0.4985986276215328,0.5014013723784672
15564,YJR041C YER055C,0.0,NA,0.011142085306346416,2850,15476,15565,0,0.5433595939925053,0.1555167521554076,1.0,0.49856641216455655,0.5014335878354435
15565,tA(AGC)P YNL312W,0.0,NA,0.011144408024847507,2850,15475,15566,0,0.5433891003511256,0.15552523874488403,1.0,0.4985341967075803,0.5014658032924197
15566,YOR386W YMR177W,0.0,NA,0.011148370802402496,2850,15474,15567,0,0.543418606709746,0.15553372626064177,1.0,0.498501981250604,0.5014980187493959
15567,YPR186C YAR014C,0.0,NA,0.011151541024446487,2850,15473,15568,0,0.5434481130683663,0.1555422147028325,1.0,0.4984697657936278,0.5015302342063722
15568,YCR009C YOR197W,0.0,NA,0.011158110573887825,2850,15472,15569,0,0.5434776194269865,0.1555507040716079,1.0,0.49843755033665155,0.5015624496633485
15569,YNL227C YOR074C,0.0,NA,0.011166484095156193,2850,15471,15570,0,0.5435071257856068,0.1555591943671197,1.0,0.49840533487967525,0.5015946651203247
15570,YBR131W YKL192C,0.0,NA,0.011172082275152206,2850,15470,15571,0,0.5435366321442271,0.15556768558951964,1.0,0.498373119422699,0.501626880577301
15571,YGL144C YLR210W,0.0,NA,0.011172887869179249,2850,15469,15572,0,0.5435661385028474,0.15557617773895954,1.0,0.4983409039657228,0.5016590960342773
15572,YLR183C YDR014W,0.0,NA,0.011172988452017307,2850,15468,15573,0,0.5435956448614676,0.15558467081559121,1.0,0.4983086885087465,0.5016913114912535
15573,YCL044C YOR330C,0.0,NA,0.011173050850629807,2850,15467,15574,0,0.5436251512200879,0.15559316481956653,1.0,0.49827647305177025,0.5017235269482297
15574,YGL076C YGR041W,0.0,NA,0.011177978478372097,2850,15466,15575,0,0.5436546575787082,0.15560165975103735,1.0,0.49824425759479396,0.501755742405206
15575,YPL095C YMR247C,0.0,NA,0.011187474243342876,2850,15465,15576,0,0.5436841639373285,0.15561015561015562,1.0,0.4982120421378177,0.5017879578621822
15576,YIL042C YLR340W,0.0,NA,0.011188466101884842,2850,15464,15577,0,0.5437136702959487,0.1556186523970733,1.0,0.4981798266808415,0.5018201733191585
15577,YDR055W YPL117C,0.0,NA,0.011188630014657974,2850,15463,15578,0,0.5437431766545691,0.15562715011194234,1.0,0.4981476112238652,0.5018523887761348
15578,YOR056C YIL071C,0.0,NA,0.0111969830468297,2850,15462,15579,0,0.5437726830131894,0.1556356487549148,1.0,0.49811539576688896,0.5018846042331111
15579,YOR142W-B YLR221C,0.0,NA,0.011197611689567566,2850,15461,15580,0,0.5438021893718096,0.15564414832614276,1.0,0.4980831803099127,0.5019168196900873
15580,YMR013C YGL169W,0.0,NA,0.01121158991008997,2850,15460,15581,0,0.5438316957304299,0.15565264882577826,1.0,0.49805096485293643,0.5019490351470636
15581,YER190W YDR229W,0.0,NA,0.011223998852074146,2850,15459,15582,0,0.5438612020890502,0.15566115025397345,1.0,0.4980187493959602,0.5019812506040399
15582,YDR397C YDR151C,0.0,NA,0.011224158108234406,2850,15458,15583,0,0.5438907084476705,0.15566965261088048,1.0,0.4979865339389839,0.502013466061016
15583,YPR137C-A YBR059C,0.0,NA,0.011227074079215527,2850,15457,15584,0,0.5439202148062907,0.15567815589665154,1.0,0.49795431848200766,0.5020456815179923
15584,YOL147C YCL048W,0.0,NA,0.011228413321077824,2850,15456,15585,0,0.543949721164911,0.15568666011143886,1.0,0.4979221030250314,0.5020778969749686
15585,YLR227W-A YDL056W,0.0,NA,0.01123121939599514,2850,15455,15586,0,0.5439792275235313,0.1556951652553947,1.0,0.49788988756805513,0.5021101124319448
15586,tE(UUC)P YLR373C,0.0,NA,0.011237538419663906,2850,15454,15587,0,0.5440087338821517,0.15570367132867133,1.0,0.4978576721110789,0.5021423278889211
15587,YDR288W YDL014W,0.0,NA,0.011241035535931587,2850,15453,15588,0,0.5440382402407719,0.1557121783314211,1.0,0.49782545665410266,0.5021745433458974
15588,YOR142W-B YCR024C-A,0.0,NA,0.011247104965150356,2850,15452,15589,0,0.5440677465993922,0.15572068626379632,1.0,0.49779324119712637,0.5022067588028736
15589,YNR008W YJR141W,0.0,NA,0.011247190646827221,2850,15451,15590,0,0.5440972529580125,0.1557291951259494,1.0,0.49776102574015013,0.5022389742598499
15590,YDR306C YGR229C,0.0,NA,0.011248399503529072,2850,15450,15591,0,0.5441267593166327,0.1557377049180328,1.0,0.49772881028317384,0.5022711897168262
15591,YMR310C YBR258C,0.0,NA,0.011250654235482216,2850,15449,15592,0,0.544156265675253,0.15574621564019892,1.0,0.4976965948261976,0.5023034051738023
15592,YPR158W-A YDR495C,0.0,NA,0.011250738985836506,2850,15448,15593,0,0.5441857720338733,0.1557547272926003,1.0,0.49766437936922137,0.5023356206307786
15593,YOR239W YPR107C,0.0,NA,0.011251910589635372,2850,15447,15594,0,0.5442152783924936,0.1557632398753894,1.0,0.4976321639122451,0.5023678360877549
15594,YOL103W-B YDR110W,0.0,NA,0.01126266922801733,2850,15446,15595,0,0.5442447847511138,0.15577175338871885,1.0,0.49759994845526884,0.5024000515447311
15595,YPR074C YER159C-A,0.0,NA,0.011271673254668713,2850,15445,15596,0,0.5442742911097341,0.15578026783274118,1.0,0.4975677329982926,0.5024322670017074
15596,YCL018W YIL125W,0.0,NA,0.011276276782155037,2850,15444,15597,0,0.5443037974683544,0.15578878320760906,1.0,0.4975355175413163,0.5024644824586837
15597,YBR298C snR79,0.0,NA,0.011283199302852154,2850,15443,15598,0,0.5443333038269748,0.1557972995134751,1.0,0.49750330208434007,0.50249669791566
15598,YFR029W tV(AAC)J,0.0,NA,0.011283423751592636,2850,15442,15599,0,0.544362810185595,0.15580581675049202,1.0,0.49747108662736383,0.5025289133726362
15599,YGR097W YKL092C,0.0,NA,0.011293801479041576,2850,15441,15600,0,0.5443923165442153,0.15581433491881252,1.0,0.49743887117038754,0.5025611288296125
15600,snR57 YPR051W,0.0,NA,0.011298839934170246,2850,15440,15601,0,0.5444218229028356,0.1558228540185894,1.0,0.4974066557134113,0.5025933442865888
15601,YLR128W YGR161C-D,0.0,NA,0.011300635524094105,2850,15439,15602,0,0.5444513292614559,0.1558313740499754,1.0,0.497374440256435,0.5026255597435649
15602,snR36 YPL049C,0.0,NA,0.011301370337605476,2850,15438,15603,0,0.5444808356200761,0.15583989501312337,1.0,0.4973422247994588,0.5026577752005412
15603,YGR027W-A YDR434W,0.0,NA,0.011301849037408829,2850,15437,15604,0,0.5445103419786964,0.15584841690818615,1.0,0.49731000934248254,0.5026899906575175
15604,YDR324C YNR052C,0.0,NA,0.011303449049592018,2850,15436,15605,0,0.5445398483373167,0.15585693973531664,1.0,0.49727779388550625,0.5027222061144937
15605,YDL191W YPL046C,0.0,NA,0.011307642795145512,2850,15435,15606,0,0.5445693546959369,0.15586546349466776,1.0,0.49724557842853,0.50275442157147
15606,YPL079W YDR232W,0.0,NA,0.011310671456158161,2850,15434,15607,0,0.5445988610545572,0.15587398818639248,1.0,0.4972133629715538,0.5027866370284463
15607,YGR260W YDR121W,0.0,NA,0.011312687769532204,2850,15433,15608,0,0.5446283674131775,0.15588251381064377,1.0,0.4971811475145775,0.5028188524854225
15608,YGL084C tV(AAC)J,0.0,NA,0.011317354626953602,2850,15432,15609,0,0.5446578737717979,0.15589104036757467,1.0,0.49714893205760124,0.5028510679423988
15609,YLR273C YGR161C-D,0.0,NA,0.011322014033794403,2850,15431,15610,0,0.5446873801304181,0.15589956785733822,1.0,0.49711671660062495,0.502883283399375
15610,YPL060C-A YDL159W,0.0,NA,0.011338288895785809,2850,15430,15611,0,0.5447168864890384,0.15590809628008753,1.0,0.4970845011436487,0.5029154988563512
15611,YDL033C YJL004C,0.0,NA,0.011345010250806808,2850,15429,15612,0,0.5447463928476587,0.15591662563597572,1.0,0.4970522856866725,0.5029477143133275
15612,YOR269W YOR388C,0.0,NA,0.011346469633281231,2850,15428,15613,0,0.544775899206279,0.15592515592515593,1.0,0.4970200702296962,0.5029799297703038
15613,YNR043W YMR216C,0.0,NA,0.011351322755217552,2850,15427,15614,0,0.5448054055648992,0.15593368714778136,1.0,0.49698785477271995,0.50301214522728
15614,snR74 YFL041W,0.0,NA,0.011361676268279552,2850,15426,15615,0,0.5448349119235195,0.15594221930400526,1.0,0.4969556393157437,0.5030443606842563
15615,YJR104C YER168C,0.0,NA,0.011376335285604,2850,15425,15616,0,0.5448644182821398,0.15595075239398085,1.0,0.4969234238587674,0.5030765761412326
15616,YDR110W YOR332W,0.0,NA,0.011391823180019855,2850,15424,15617,0,0.54489392464076,0.15595928641786144,1.0,0.4968912084017912,0.5031087915982089
15617,YGR027C YEL009C,0.0,NA,0.011398355476558208,2850,15423,15618,0,0.5449234309993803,0.15596782137580037,1.0,0.49685899294481495,0.503141007055185
15618,YJR082C YCL035C,0.0,NA,0.0113992840051651,2850,15422,15619,0,0.5449529373580007,0.15597635726795098,1.0,0.49682677748783866,0.5031732225121613
15619,YJR012C YDL135C,0.0,NA,0.011402255855500698,2850,15421,15620,0,0.544982443716621,0.15598489409446664,1.0,0.4967945620308624,0.5032054379691376
15620,snR189 YDR345C,0.0,NA,0.01140312198549509,2850,15420,15621,0,0.5450119500752412,0.15599343185550082,1.0,0.4967623465738861,0.5032376534261138
15621,YHR110W tE(UUC)E1,0.0,NA,0.011406315490603447,2850,15419,15622,0,0.5450414564338615,0.15600197055120696,1.0,0.4967301311169099,0.5032698688830901
15622,YMR043W YDL224C,0.0,NA,0.011414104141294956,2850,15418,15623,0,0.5450709627924818,0.15601051018173856,1.0,0.49669791565993365,0.5033020843400664
15623,YDL088C YGR161C-D,0.0,NA,0.011416535824537277,2850,15417,15624,0,0.5451004691511021,0.15601905074724914,1.0,0.49666570020295736,0.5033342997970426
15624,YJL141C tT(AGU)J,0.0,NA,0.011417505331337452,2850,15416,15625,0,0.5451299755097223,0.15602759224789226,1.0,0.4966334847459811,0.5033665152540189
15625,YHR020W Q0120,0.0,NA,0.011417509987950325,2850,15415,15626,0,0.5451594818683426,0.15603613468382152,1.0,0.4966012692890049,0.5033987307109952
15626,YOR083W YFR008W,0.0,NA,0.011418075300753117,2850,15414,15627,0,0.5451889882269629,0.15604467805519054,1.0,0.4965690538320286,0.5034309461679713
15627,YGL248W tT(UGU)P,0.0,NA,0.011426533572375774,2850,15413,15628,0,0.5452184945855832,0.156053222362153,1.0,0.49653683837505236,0.5034631616249476
15628,YDR166C YPR159W,0.0,NA,0.01142781600356102,2850,15412,15629,0,0.5452480009442034,0.15606176760486257,1.0,0.49650462291807607,0.5034953770819239
15629,YIL119C YIL023C,0.0,NA,0.011429065838456154,2850,15411,15630,0,0.5452775073028238,0.15607031378347297,1.0,0.49647240746109983,0.5035275925389001
15630,YER007C-A YDL239C,0.0,NA,0.011443588882684708,2850,15410,15631,0,0.5453070136614441,0.156078860898138,1.0,0.4964401920041236,0.5035598079958764
15631,YDR303C YOR167C,0.0,NA,0.011462338268756866,2850,15409,15632,0,0.5453365200200643,0.15608740894901144,1.0,0.4964079765471473,0.5035920234528527
15632,YLR100W YML107C,0.0,NA,0.011463024653494358,2850,15408,15633,0,0.5453660263786846,0.15609595793624712,1.0,0.49637576109017106,0.5036242389098289
15633,snR8 YDR059C,0.0,NA,0.011463310569524765,2850,15407,15634,0,0.5453955327373049,0.1561045078599989,1.0,0.4963435456331948,0.5036564543668052
15634,YLR160C tL(UAA)L,0.0,NA,0.011464235372841358,2850,15406,15635,0,0.5454250390959252,0.1561130587204207,1.0,0.49631133017621853,0.5036886698237815
15635,tV(UAC)Q YLR011W,0.0,NA,0.011464235372841358,2850,15405,15636,0,0.5454545454545454,0.1561216105176664,1.0,0.4962791147192423,0.5037208852807578
15636,YGR032W SUC7,0.0,NA,0.011464235372841358,2850,15404,15637,0,0.5454840518131657,0.15613016325189,1.0,0.49624689926226606,0.5037531007377339
15637,tL(UAG)L2 YDR110W,0.0,NA,0.011464235372841358,2850,15403,15638,0,0.545513558171786,0.1561387169232455,1.0,0.49621468380528977,0.5037853161947102
15638,tV(AAC)G3 YNR007C,0.0,NA,0.011464235372841358,2850,15402,15639,0,0.5455430645304064,0.15614727153188693,1.0,0.49618246834831353,0.5038175316516865
15639,YBL004W tS(AGA)H,0.0,NA,0.011464235372841358,2850,15401,15640,0,0.5455725708890266,0.15615582707796832,1.0,0.49615025289133724,0.5038497471086627
15640,YOR073W tK(UUU)P,0.0,NA,0.011464235372841358,2850,15400,15641,0,0.5456020772476469,0.15616438356164383,1.0,0.496118037434361,0.503881962565639
15641,YOR267C tL(CAA)C,0.0,NA,0.011464235372841358,2850,15399,15642,0,0.5456315836062672,0.15617294098306755,1.0,0.49608582197738477,0.5039141780226153
15642,YGR296W tA(AGC)D,0.0,NA,0.011464235372841358,2850,15398,15643,0,0.5456610899648874,0.1561814993423937,1.0,0.4960536065204085,0.5039463934795915
15643,tV(AAC)M1 YDR188W,0.0,NA,0.011464235372841358,2850,15397,15644,0,0.5456905963235077,0.1561900586397764,1.0,0.49602139106343224,0.5039786089365678
15644,YIL082W-A tD(GUC)L1,0.0,NA,0.011464235372841358,2850,15396,15645,0,0.545720102682128,0.15619861887536995,1.0,0.495989175606456,0.504010824393544
15645,snR43 YOL103W-A,0.0,NA,0.011464235372841358,2850,15395,15646,0,0.5457496090407483,0.15620718004932857,1.0,0.4959569601494797,0.5040430398505202
15646,tE(UUC)C 21S_rRNA,0.0,NA,0.011464235372841358,2850,15394,15647,0,0.5457791153993685,0.15621574216180661,1.0,0.49592474469250347,0.5040752553074965
15647,GRD14 YBR018C,0.0,NA,0.011464235372841358,2850,15393,15648,0,0.5458086217579888,0.1562243052129584,1.0,0.4958925292355272,0.5041074707644728
15648,YDR236C MAL43,0.0,NA,0.011464235372841358,2850,15392,15649,0,0.5458381281166091,0.15623286920293827,1.0,0.49586031377855094,0.504139686221449
15649,tL(UAA)K YDR073W,0.0,NA,0.011464235372841358,2850,15391,15650,0,0.5458676344752295,0.15624143413190067,1.0,0.4958280983215747,0.5041719016784253
15650,YLR020C DBF1,0.0,NA,0.011464235372841358,2850,15390,15651,0,0.5458971408338497,0.15625,1.0,0.4957958828645984,0.5042041171354016
15651,YDR446W OSR2,0.0,NA,0.011464235372841358,2850,15389,15652,0,0.54592664719247,0.15625856680739075,1.0,0.4957636674076222,0.5042363325923779
15652,tD(GUC)J3 YOR138C,0.0,NA,0.011464235372841358,2850,15388,15653,0,0.5459561535510903,0.15626713455422744,1.0,0.49573145195064594,0.5042685480493541
15653,Q0250 snR30,0.0,NA,0.011464235372841358,2850,15387,15654,0,0.5459856599097106,0.1562757032406646,1.0,0.49569923649366965,0.5043007635063304
15654,YPL242C tK(CUU)E1,0.0,NA,0.011464235372841358,2850,15386,15655,0,0.5460151662683308,0.15628427286685675,1.0,0.4956670210366934,0.5043329789633066
15655,GRD3 YHR214C-B,0.0,NA,0.011464235372841358,2850,15385,15656,0,0.5460446726269511,0.1562928434329586,1.0,0.4956348055797172,0.5043651944202828
15656,tE(UUC)I YJL177W,0.0,NA,0.011464235372841358,2850,15384,15657,0,0.5460741789855714,0.15630141493912472,1.0,0.4956025901227409,0.5043974098772591
15657,YKL092C tD(GUC)O,0.0,NA,0.011464235372841358,2850,15383,15658,0,0.5461036853441916,0.1563099873855098,1.0,0.49557037466576465,0.5044296253342354
15658,tV(AAC)E1 AWA1,0.0,NA,0.011464235372841358,2850,15382,15659,0,0.5461331917028119,0.15631856077226855,1.0,0.49553815920878835,0.5044618407912116
15659,tV(AAC)G3 YKL015W,0.0,NA,0.011464235372841358,2850,15381,15660,0,0.5461626980614323,0.1563271350995557,1.0,0.4955059437518121,0.5044940562481879
15660,YPR158W-A tW(CCA)G2,0.0,NA,0.011464235372841358,2850,15380,15661,0,0.5461922044200526,0.15633571036752605,1.0,0.4954737282948359,0.5045262717051642
15661,YBR248C snR84,0.0,NA,0.011464235372841358,2850,15379,15662,0,0.5462217107786728,0.15634428657633442,1.0,0.4954415128378596,0.5045584871621404
15662,YKR061W RRP2,0.0,NA,0.011464235372841358,2850,15378,15663,0,0.5462512171372931,0.1563528637261356,1.0,0.49540929738088335,0.5045907026191166
15663,tL(UAA)B1 YKL096W,0.0,NA,0.011464235372841358,2850,15377,15664,0,0.5462807234959134,0.15636144181708456,1.0,0.4953770819239071,0.5046229180760929
15664,tG(GCC)P2 AWA1,0.0,NA,0.011464235372841358,2850,15376,15665,0,0.5463102298545337,0.1563700208493361,1.0,0.4953448664669308,0.5046551335330691
15665,YGL100W snR30,0.0,NA,0.011464235372841358,2850,15375,15666,0,0.5463397362131539,0.15637860082304528,1.0,0.4953126510099546,0.5046873489900454
15666,tM(CAU)O2 YOR242C,0.0,NA,0.011464235372841358,2850,15374,15667,0,0.5463692425717742,0.156387181738367,1.0,0.4952804355529783,0.5047195644470217
15667,GRD3 tR(UCU)G1,0.0,NA,0.011464235372841358,2850,15373,15668,0,0.5463987489303945,0.1563957635954563,1.0,0.49524822009600206,0.5047517799039979
15668,tI(AAU)N1 YPL180W,0.0,NA,0.011464235372841358,2850,15372,15669,0,0.5464282552890147,0.15640434639446824,1.0,0.4952160046390258,0.5047839953609742
15669,YKR063C tD(GUC)L1,0.0,NA,0.011464235372841358,2850,15371,15670,0,0.546457761647635,0.15641293013555788,1.0,0.4951837891820495,0.5048162108179505
15670,YMR268C NUP63,0.0,NA,0.011464235372841358,2850,15370,15671,0,0.5464872680062554,0.15642151481888036,1.0,0.4951515737250733,0.5048484262749268
15671,tP(UGG)F YER161C,0.0,NA,0.011464235372841358,2850,15369,15672,0,0.5465167743648757,0.15643010044459082,1.0,0.49511935826809705,0.504880641731903
15672,YAL034W-A tF(GAA)H1,0.0,NA,0.011464235372841358,2850,15368,15673,0,0.5465462807234959,0.15643868701284444,1.0,0.49508714281112076,0.5049128571888792
15673,tV(AAC)K2 OSR10,0.0,NA,0.011464235372841358,2850,15367,15674,0,0.5465757870821162,0.15644727452379645,1.0,0.4950549273541445,0.5049450726458555
15674,NUP63 YER137C-A,0.0,NA,0.011464235372841358,2850,15366,15675,0,0.5466052934407365,0.1564558629776021,1.0,0.4950227118971683,0.5049772881028317
15675,PFK5 YOL002C,0.0,NA,0.011464235372841358,2850,15365,15676,0,0.5466347997993568,0.1564644523744167,1.0,0.494990496440192,0.505009503559808
15676,YNL145W tK(CUU)G2,0.0,NA,0.011464235372841358,2850,15364,15677,0,0.546664306157977,0.15647304271439552,1.0,0.49495828098321576,0.5050417190167843
15677,tD(GUC)J3 YKL114C,0.0,NA,0.011464235372841358,2850,15363,15678,0,0.5466938125165973,0.15648163399769396,1.0,0.49492606552623947,0.5050739344737605
15678,YPR158W-B tR(UCU)D,0.0,NA,0.011464235372841358,2850,15362,15679,0,0.5467233188752176,0.15649022622446737,1.0,0.49489385006926323,0.5051061499307368
15679,YGL030W tT(AGU)O1,0.0,NA,0.011464235372841358,2850,15361,15680,0,0.546752825233838,0.15649881939487123,1.0,0.494861634612287,0.5051383653877131
15680,YOR219C tW(CCA)G2,0.0,NA,0.011464235372841358,2850,15360,15681,0,0.5467823315924581,0.15650741350906094,1.0,0.4948294191553107,0.5051705808446892
15681,tY(GUA)O YJL122W,0.0,NA,0.011464235372841358,2850,15359,15682,0,0.5468118379510785,0.15651600856719206,1.0,0.49479720369833446,0.5052027963016655
15682,YBR211C tL(CAA)K,0.0,NA,0.011464235372841358,2850,15358,15683,0,0.5468413443096988,0.15652460456942002,1.0,0.49476498824135823,0.5052350117586418
15683,snR41 YMR046C,0.0,NA,0.011464235372841358,2850,15357,15684,0,0.546870850668319,0.15653320151590047,1.0,0.49473277278438194,0.505267227215618
15684,YDR386W tK(UUU)Q,0.0,NA,0.011464235372841358,2850,15356,15685,0,0.5469003570269393,0.15654179940678897,1.0,0.4947005573274057,0.5052994426725943
15685,YGL141W YDR261W-B,0.0,NA,0.011464235372841358,2850,15355,15686,0,0.5469298633855596,0.15655039824224115,1.0,0.4946683418704294,0.5053316581295706
15686,tH(GUG)E2 YPL076W,0.0,NA,0.011464235372841358,2850,15354,15687,0,0.5469593697441799,0.15655899802241266,1.0,0.49463612641345317,0.5053638735865468
15687,tT(UGU)Q1 YPL043W,0.0,NA,0.011464235372841358,2850,15353,15688,0,0.5469888761028001,0.1565675987474592,1.0,0.49460391095647693,0.5053960890435231
15688,tL(UAA)B2 YIL166C,0.0,NA,0.011464235372841358,2850,15352,15689,0,0.5470183824614204,0.15657620041753653,1.0,0.49457169549950064,0.5054283045004994
15689,tY(GUA)M1 YLR396C,0.0,NA,0.011464235372841358,2850,15351,15690,0,0.5470478888200407,0.1565848030328004,1.0,0.4945394800425244,0.5054605199574757
15690,tK(UUU)D YGL103W,0.0,NA,0.011464235372841358,2850,15350,15691,0,0.547077395178661,0.1565934065934066,1.0,0.49450726458554817,0.5054927354144518
15691,tE(CUC)I YMR274C,0.0,NA,0.011464235372841358,2850,15349,15692,0,0.5471069015372813,0.15660201109951097,1.0,0.4944750491285719,0.5055249508714281
15692,YLR078C tL(UAA)K,0.0,NA,0.011464235372841358,2850,15348,15693,0,0.5471364078959016,0.15661061655126937,1.0,0.49444283367159564,0.5055571663284044
15693,YKR022C RDN25,0.0,NA,0.011464235372841358,2850,15347,15694,0,0.5471659142545219,0.15661922294883773,1.0,0.4944106182146194,0.5055893817853806
15694,YNL130C tV(AAC)M2,0.0,NA,0.011464235372841358,2850,15346,15695,0,0.5471954206131421,0.15662783029237196,1.0,0.4943784027576431,0.5056215972423569
15695,YDR086C tK(UUU)P,0.0,NA,0.011464235372841358,2850,15345,15696,0,0.5472249269717624,0.15663643858202803,1.0,0.4943461873006669,0.5056538126993332
15696,YDL136W tL(UAA)L,0.0,NA,0.011464235372841358,2850,15344,15697,0,0.5472544333303827,0.15664504781796196,1.0,0.4943139718436906,0.5056860281563094
15697,YHR107C tA(AGC)H,0.0,NA,0.011464235372841358,2850,15343,15698,0,0.547283939689003,0.1566536580003298,1.0,0.49428175638671434,0.5057182436132857
15698,tI(AAU)L1 tS(GCU)F,0.0,NA,0.011464235372841358,2850,15342,15699,0,0.5473134460476232,0.1566622691292876,1.0,0.4942495409297381,0.505750459070262
15699,tP(UGG)H YPL275W,0.0,NA,0.011464235372841358,2850,15341,15700,0,0.5473429524062435,0.15667088120499148,1.0,0.4942173254727618,0.5057826745272381
15700,tR(UCU)B YMR045C,0.0,NA,0.011464235372841358,2850,15340,15701,0,0.5473724587648638,0.15667949422759758,1.0,0.4941851100157856,0.5058148899842144
15701,PDR7 YDR089W,0.0,NA,0.011464235372841358,2850,15339,15702,0,0.5474019651234842,0.1566881081972621,1.0,0.49415289455880934,0.5058471054411907
15702,MAL43 YMR251W,0.0,NA,0.011464235372841358,2850,15338,15703,0,0.5474314714821044,0.15669672311414118,1.0,0.49412067910183305,0.5058793208981669
15703,tH(GUG)E2 YIL082W-A,0.0,NA,0.011464235372841358,2850,15337,15704,0,0.5474609778407247,0.15670533897839115,1.0,0.4940884636448568,0.5059115363551432
15704,YOL144W tL(UAG)L2,0.0,NA,0.011464235372841358,2850,15336,15705,0,0.547490484199345,0.15671395579016825,1.0,0.4940562481878805,0.5059437518121195
15705,tW(CCA)K YBR070C,0.0,NA,0.011464235372841358,2850,15335,15706,0,0.5475199905579652,0.15672257354962882,1.0,0.4940240327309043,0.5059759672690957
15706,YMR268C GRD18,0.0,NA,0.011464235372841358,2850,15334,15707,0,0.5475494969165855,0.15673119225692916,1.0,0.49399181727392805,0.506008182726072
15707,YLR141W tV(AAC)G2,0.0,NA,0.011464235372841358,2850,15333,15708,0,0.5475790032752058,0.15673981191222572,1.0,0.49395960181695175,0.5060403981830482
15708,YOL130W tM(CAU)O1,0.0,NA,0.011464235372841358,2850,15332,15709,0,0.5476085096338261,0.15674843251567486,1.0,0.4939273863599755,0.5060726136400245
15709,tK(UUU)D tI(AAU)D,0.0,NA,0.011464235372841358,2850,15331,15710,0,0.5476380159924463,0.15675705406743304,1.0,0.4938951709029993,0.5061048290970007
15710,tA(AGC)G YAL040C,0.0,NA,0.011464235372841358,2850,15330,15711,0,0.5476675223510666,0.15676567656765678,1.0,0.493862955446023,0.506137044553977
15711,tF(GAA)N YOR261C,0.0,NA,0.011464235372841358,2850,15329,15712,0,0.547697028709687,0.15677430001650255,1.0,0.49383073998904675,0.5061692600109533
15712,YIL005W TSF1,0.0,NA,0.011464235372841358,2850,15328,15713,0,0.5477265350683073,0.15678292441412697,1.0,0.49379852453207046,0.5062014754679295
15713,YJL187C tI(AAU)I2,0.0,NA,0.011464235372841358,2850,15327,15714,0,0.5477560414269275,0.15679154976068657,1.0,0.4937663090750942,0.5062336909249058
15714,YPL257W-A YCR021C,0.0,NA,0.011464235372841358,2850,15326,15715,0,0.5477855477855478,0.15680017605633803,1.0,0.493734093618118,0.5062659063818821
15715,tP(UGG)F YML075C,0.0,NA,0.011464235372841358,2850,15325,15716,0,0.5478150541441681,0.15680880330123798,1.0,0.4937018781611417,0.5062981218388583
15716,R0030W YDL155W,0.0,NA,0.011464235372841358,2850,15324,15717,0,0.5478445605027884,0.15681743149554309,1.0,0.49366966270416546,0.5063303372958345
15717,YJL059W tF(GAA)H1,0.0,NA,0.011464235372841358,2850,15323,15718,0,0.5478740668614086,0.15682606063941013,1.0,0.4936374472471892,0.5063625527528108
15718,YGR047C tV(AAC)M2,0.0,NA,0.011464235372841358,2850,15322,15719,0,0.5479035732200289,0.15683469073299583,1.0,0.49360523179021293,0.506394768209787
15719,YER138C tR(UCU)M2,0.0,NA,0.011464235372841358,2850,15321,15720,0,0.5479330795786492,0.156843321776457,1.0,0.4935730163332367,0.5064269836667633
15720,SPA1 YMR095C,0.0,NA,0.011464235372841358,2850,15320,15721,0,0.5479625859372694,0.15685195376995048,1.0,0.49354080087626045,0.5064591991237396
15721,YKL070W tL(CAA)K,0.0,NA,0.011464235372841358,2850,15319,15722,0,0.5479920922958897,0.15686058671363312,1.0,0.49350858541928416,0.5064914145807158
15722,OSR10 tF(GAA)H1,0.0,NA,0.011464235372841358,2850,15318,15723,0,0.5480215986545101,0.1568692206076618,1.0,0.4934763699623079,0.5065236300376921
15723,tI(AAU)B YDR093W,0.0,NA,0.011464235372841358,2850,15317,15724,0,0.5480511050131304,0.15687785545219354,1.0,0.49344415450533163,0.5065558454946684
15724,ANC4 YGL257C,0.0,NA,0.011464235372841358,2850,15316,15725,0,0.5480806113717506,0.1568864912473852,1.0,0.4934119390483554,0.5065880609516445
15725,tI(AAU)N1 YGR198W,0.0,NA,0.011464235372841358,2850,15315,15726,0,0.5481101177303709,0.1568951279933939,1.0,0.49337972359137916,0.5066202764086208
15726,tH(GUG)Q YKL130C,0.0,NA,0.011464235372841358,2850,15314,15727,0,0.5481396240889912,0.15690376569037656,1.0,0.49334750813440287,0.5066524918655971
15727,tY(GUA)O YPL043W,0.0,NA,0.011464235372841358,2850,15313,15728,0,0.5481691304476115,0.15691240433849032,1.0,0.49331529267742663,0.5066847073225734
15728,tY(GUA)M1 YGL208W,0.0,NA,0.011464235372841358,2850,15312,15729,0,0.5481986368062317,0.1569210439378923,1.0,0.4932830772204504,0.5067169227795496
15729,YDL060W tK(CUU)D2,0.0,NA,0.011464235372841358,2850,15311,15730,0,0.548228143164852,0.15692968448873962,1.0,0.4932508617634741,0.5067491382365259
15730,tF(GAA)P2 YHR073W,0.0,NA,0.011464235372841358,2850,15310,15731,0,0.5482576495234723,0.15693832599118943,1.0,0.49321864630649787,0.5067813536935022
15731,HRA1 tH(GUG)H,0.0,NA,0.011464235372841358,2850,15309,15732,0,0.5482871558820925,0.156946968445399,1.0,0.4931864308495216,0.5068135691504784
15732,YIL071C tT(AGU)B,0.0,NA,0.011464235372841358,2850,15308,15733,0,0.5483166622407128,0.1569556118515255,1.0,0.49315421539254534,0.5068457846074547
15733,BLM3 MAL43,0.0,NA,0.011464235372841358,2850,15307,15734,0,0.5483461685993332,0.1569642562097263,1.0,0.4931219999355691,0.506878000064431
15734,tM(CAU)Q2 YAR009C,0.0,NA,0.011464235372841358,2850,15306,15735,0,0.5483756749579535,0.15697290152015864,1.0,0.4930897844785928,0.5069102155214071
15735,tI(AAU)L1 YDR170W-A,0.0,NA,0.011464235372841358,2850,15305,15736,0,0.5484051813165737,0.1569815477829799,1.0,0.49305756902161657,0.5069424309783834
15736,YDR480W tM(CAU)J2,0.0,NA,0.011464235372841358,2850,15304,15737,0,0.548434687675194,0.15699019499834746,1.0,0.49302535356464033,0.5069746464353597
15737,tA(UGC)Q YDR432W,0.0,NA,0.011464235372841358,2850,15303,15738,0,0.5484641940338143,0.15699884316641877,1.0,0.49299313810766404,0.5070068618923359
15738,tV(UAC)Q YIL140W,0.0,NA,0.011464235372841358,2850,15302,15739,0,0.5484937003924346,0.15700749228735125,1.0,0.4929609226506878,0.5070390773493122
15739,tS(GCU)Q1 YLR130C,0.0,NA,0.011464235372841358,2850,15301,15740,0,0.5485232067510548,0.1570161423613024,1.0,0.49292870719371157,0.5070712928062885
15740,YDR261C tK(CUU)E1,0.0,NA,0.011464235372841358,2850,15300,15741,0,0.5485527131096751,0.15702479338842976,1.0,0.4928964917367353,0.5071035082632647
15741,tL(CAA)D YBR214W,0.0,NA,0.011464235372841358,2850,15299,15742,0,0.5485822194682954,0.15703344536889086,1.0,0.49286427627975904,0.507135723720241
15742,tR(UCU)G2 YNL108C,0.0,NA,0.011464235372841358,2850,15298,15743,0,0.5486117258269158,0.1570420983028433,1.0,0.49283206082278275,0.5071679391772173
15743,tC(GCA)G YDR224C,0.0,NA,0.011464235372841358,2850,15297,15744,0,0.548641232185536,0.1570507521904447,1.0,0.4927998453658065,0.5072001546341934
15744,tT(AGU)D YHR196W,0.0,NA,0.011464235372841358,2850,15296,15745,0,0.5486707385441563,0.15705940703185275,1.0,0.4927676299088303,0.5072323700911697
15745,YDR372C URR4,0.0,NA,0.011464235372841358,2850,15295,15746,0,0.5487002449027766,0.15706806282722513,1.0,0.492735414451854,0.507264585548146
15746,GCD3 YGR118W,0.0,NA,0.011464235372841358,2850,15294,15747,0,0.5487297512613968,0.15707671957671956,1.0,0.49270319899487774,0.5072968010051223
15747,tV(AAC)M1 YDR378C,0.0,NA,0.011464235372841358,2850,15293,15748,0,0.5487592576200171,0.15708537728049385,1.0,0.4926709835379015,0.5073290164620985
15748,tG(UCC)G YPL233W,0.0,NA,0.011464235372841358,2850,15292,15749,0,0.5487887639786374,0.15709403593870577,1.0,0.4926387680809252,0.5073612319190748
15749,tL(UAA)N YGL201C,0.0,NA,0.011464235372841358,2850,15291,15750,0,0.5488182703372577,0.15710269555151316,1.0,0.492606552623949,0.5073934473760511
15750,tM(CAU)Q1 YBR216C,0.0,NA,0.011464235372841358,2850,15290,15751,0,0.5488477766958779,0.15711135611907387,1.0,0.4925743371669727,0.5074256628330273
15751,YDR030C BIO6,0.0,NA,0.011464235372841358,2850,15289,15752,0,0.5488772830544982,0.15712001764154584,1.0,0.49254212170999645,0.5074578782900036
15752,snR44 YHR214C-B,0.0,NA,0.011464235372841358,2850,15288,15753,0,0.5489067894131185,0.157128680119087,1.0,0.4925099062530202,0.5074900937469798
15753,MAL63 YOR270C,0.0,NA,0.011464235372841358,2850,15287,15754,0,0.5489362957717389,0.15713734355185532,1.0,0.4924776907960439,0.507522309203956
15754,YER064C tE(UUC)G3,0.0,NA,0.011464235372841358,2850,15286,15755,0,0.5489658021303591,0.15714600794000882,1.0,0.4924454753390677,0.5075545246609323
15755,tL(UAA)B1 YOL080C,0.0,NA,0.011464235372841358,2850,15285,15756,0,0.5489953084889794,0.15715467328370555,1.0,0.49241325988209145,0.5075867401179086
15756,tQ(UUG)E1 tE(UUC)E3,0.0,NA,0.011464235372841358,2850,15284,15757,0,0.5490248148475997,0.15716333958310355,1.0,0.49238104442511516,0.5076189555748848
15757,MUP2 YOR068C,0.0,NA,0.011464235372841358,2850,15283,15758,0,0.5490543212062199,0.157172006838361,1.0,0.4923488289681389,0.5076511710318611
15758,tE(UUC)G2 YGR104C,0.0,NA,0.011464235372841358,2850,15282,15759,0,0.5490838275648402,0.157180675049636,1.0,0.4923166135111627,0.5076833864888374
15759,YKR037C tI(AAU)E1,0.0,NA,0.011464235372841358,2850,15281,15760,0,0.5491133339234605,0.15718934421708675,1.0,0.4922843980541864,0.5077156019458136
15760,YHL009W-A YGL094C,0.0,NA,0.011464235372841358,2850,15280,15761,0,0.5491428402820808,0.1571980143408715,1.0,0.49225218259721015,0.5077478174027898
15761,YMR095C tF(GAA)B,0.0,NA,0.011464235372841358,2850,15279,15762,0,0.549172346640701,0.15720668542114843,1.0,0.49221996714023386,0.5077800328597661
15762,YBL091C tD(GUC)D,0.0,NA,0.011464235372841358,2850,15278,15763,0,0.5492018529993213,0.1572153574580759,1.0,0.4921877516832576,0.5078122483167423
15763,YCR018C tE(UUC)G3,0.0,NA,0.011464235372841358,2850,15277,15764,0,0.5492313593579417,0.1572240304518122,1.0,0.4921555362262814,0.5078444637737186
15764,YIR022W tR(ACG)E,0.0,NA,0.011464235372841358,2850,15276,15765,0,0.549260865716562,0.15723270440251572,1.0,0.4921233207693051,0.5078766792306949
15765,YDR483W tI(AAU)I2,0.0,NA,0.011464235372841358,2850,15275,15766,0,0.5492903720751822,0.15724137931034482,1.0,0.49209110531232886,0.5079088946876712
15766,YHR186C tP(UGG)N1,0.0,NA,0.011464235372841358,2850,15274,15767,0,0.5493198784338025,0.15725005517545795,1.0,0.4920588898553526,0.5079411101446474
15767,GRD3 YGL234W,0.0,NA,0.011464235372841358,2850,15273,15768,0,0.5493493847924228,0.15725873199801357,1.0,0.49202667439837633,0.5079733256016237
15768,tP(UGG)F YBR284W,0.0,NA,0.011464235372841358,2850,15272,15769,0,0.5493788911510431,0.1572674097781702,1.0,0.4919944589414001,0.5080055410586
15769,YOR076C tH(GUG)G1,0.0,NA,0.011464235372841358,2850,15271,15770,0,0.5494083975096633,0.15727608851608632,1.0,0.4919622434844238,0.5080377565155761
15770,YGL240W snR87,0.0,NA,0.011464235372841358,2850,15270,15771,0,0.5494379038682836,0.15728476821192053,1.0,0.49193002802744756,0.5080699719725524
15771,tM(CAU)O2 YDR091C,0.0,NA,0.011464235372841358,2850,15269,15772,0,0.5494674102269039,0.15729344886583144,1.0,0.4918978125704713,0.5081021874295287
15772,YOR245C tL(UAA)B2,0.0,NA,0.011464235372841358,2850,15268,15773,0,0.5494969165855241,0.1573021304779777,1.0,0.49186559711349503,0.5081344028865049
15773,tD(GUC)I1 YOR293W,0.0,NA,0.011464235372841358,2850,15267,15774,0,0.5495264229441444,0.15731081304851796,1.0,0.4918333816565188,0.5081666183434812
15774,YJL130C tI(AAU)N1,0.0,NA,0.011464235372841358,2850,15266,15775,0,0.5495559293027648,0.15731949657761096,1.0,0.49180116619954256,0.5081988338004575
15775,YDR312W tN(GUU)L,0.0,NA,0.011464235372841358,2850,15265,15776,0,0.5495854356613851,0.1573281810654154,1.0,0.49176895074256627,0.5082310492574337
15776,YAR071W tK(CUU)P,0.0,NA,0.011464235372841358,2850,15264,15777,0,0.5496149420200053,0.15733686651209008,1.0,0.49173673528559003,0.50826326471441
15777,YJR050W tS(AGA)G,0.0,NA,0.011464235372841358,2850,15263,15778,0,0.5496444483786256,0.15734555291779384,1.0,0.4917045198286138,0.5082954801713863
15778,YBR193C AUT6,0.0,NA,0.011464235372841358,2850,15262,15779,0,0.5496739547372459,0.15735424028268552,1.0,0.4916723043716375,0.5083276956283624
15779,GRD17 YLL057C,0.0,NA,0.011464235372841358,2850,15261,15780,0,0.5497034610958662,0.15736292860692397,1.0,0.49164008891466127,0.5083599110853387
15780,YDL082W OSR3,0.0,NA,0.011464235372841358,2850,15260,15781,0,0.5497329674544864,0.15737161789066814,1.0,0.491607873457685,0.508392126542315
15781,YDR446W SUC5,0.0,NA,0.011464235372841358,2850,15259,15782,0,0.5497624738131067,0.15738030813407697,1.0,0.49157565800070874,0.5084243419992912
15782,tM(CAU)Q2 YHR164C,0.0,NA,0.011464235372841358,2850,15258,15783,0,0.549791980171727,0.1573889993373095,1.0,0.4915434425437325,0.5084565574562675
15783,tQ(UUG)Q YEL065W,0.0,NA,0.011464235372841358,2850,15257,15784,0,0.5498214865303472,0.15739769150052466,1.0,0.4915112270867562,0.5084887729132438
15784,YER099C RDN5,0.0,NA,0.011464235372841358,2850,15256,15785,0,0.5498509928889675,0.1574063846238816,1.0,0.49147901162977997,0.5085209883702201
15785,tV(AAC)G3 tT(CGU)K,0.0,NA,0.011464235372841358,2850,15255,15786,0,0.5498804992475879,0.15741507870753935,1.0,0.49144679617280373,0.5085532038271963
15786,YKL171W RDN58,0.0,NA,0.011464235372841358,2850,15254,15787,0,0.5499100056062082,0.1574237737516571,1.0,0.49141458071582744,0.5085854192841726
15787,snR80 tL(UAG)L2,0.0,NA,0.011464235372841358,2850,15253,15788,0,0.5499395119648284,0.15743246975639397,1.0,0.4913823652588512,0.5086176347411488
15788,tT(AGU)N1 YPL223C,0.0,NA,0.011464235372841358,2850,15252,15789,0,0.5499690183234487,0.1574411667219092,1.0,0.4913501498018749,0.508649850198125
15789,YDR464W RDN25,0.0,NA,0.011464235372841358,2850,15251,15790,0,0.549998524682069,0.15744986464836197,1.0,0.4913179343448987,0.5086820656551013
15790,tR(UCU)G3 YHL027W,0.0,NA,0.011464235372841358,2850,15250,15791,0,0.5500280310406893,0.1574585635359116,1.0,0.49128571888792244,0.5087142811120776
15791,GRD3 YNR070W,0.0,NA,0.011464235372841358,2850,15249,15792,0,0.5500575373993095,0.1574672633847174,1.0,0.49125350343094615,0.5087464965690538
15792,YLR025W tW(CCA)M,0.0,NA,0.011464235372841358,2850,15248,15793,0,0.5500870437579298,0.15747596419493867,1.0,0.4912212879739699,0.5087787120260301
15793,YIL145C tS(AGA)G,0.0,NA,0.011464235372841358,2850,15247,15794,0,0.5501165501165501,0.15748466596673483,1.0,0.4911890725169937,0.5088109274830064
15794,tV(AAC)E1 tD(GUC)D,0.0,NA,0.011464235372841358,2850,15246,15795,0,0.5501460564751705,0.15749336870026526,1.0,0.4911568570600174,0.5088431429399826
15795,tM(CAU)P YLR343W,0.0,NA,0.011464235372841358,2850,15245,15796,0,0.5501755628337907,0.15750207239568942,1.0,0.49112464160304115,0.5088753583969589
15796,tP(UGG)Q YIL083C,0.0,NA,0.011464235372841358,2850,15244,15797,0,0.550205069192411,0.1575107770531668,1.0,0.4910924261460649,0.5089075738539351
15797,YKL205W tK(CUU)E1,0.0,NA,0.011464235372841358,2850,15243,15798,0,0.5502345755510313,0.1575194826728569,1.0,0.4910602106890886,0.5089397893109113
15798,YBR009C tK(CUU)E1,0.0,NA,0.011464235372841358,2850,15242,15799,0,0.5502640819096515,0.1575281892549193,1.0,0.4910279952321124,0.5089720047678876
15799,YMR236W tW(UCA)Q,0.0,NA,0.011464235372841358,2850,15241,15800,0,0.5502935882682718,0.15753689679951358,1.0,0.4909957797751361,0.5090042202248639
15800,tH(GUG)Q YER112W,0.0,NA,0.011464235372841358,2850,15240,15801,0,0.5503230946268921,0.15754560530679934,1.0,0.49096356431815985,0.5090364356818401
15801,YOR193W tD(GUC)I2,0.0,NA,0.011464235372841358,2850,15239,15802,0,0.5503526009855124,0.15755431477693627,1.0,0.4909313488611836,0.5090686511388164
15802,tF(GAA)G YAL036C,0.0,NA,0.011464235372841358,2850,15238,15803,0,0.5503821073441326,0.15756302521008403,1.0,0.4908991334042073,0.5091008665957927
15803,tI(AAU)P1 YGR108W,0.0,NA,0.011464235372841358,2850,15237,15804,0,0.5504116137027529,0.1575717366064024,1.0,0.4908669179472311,0.509133082052769
15804,tK(UUU)O YNL241C,0.0,NA,0.011464235372841358,2850,15236,15805,0,0.5504411200613732,0.15758044896605108,1.0,0.49083470249025485,0.5091652975097452
15805,YBL027W OSR3,0.0,NA,0.011464235372841358,2850,15235,15806,0,0.5504706264199936,0.15758916228918993,1.0,0.49080248703327856,0.5091975129667214
15806,tM(CAU)O2 YOR293W,0.0,NA,0.011464235372841358,2850,15234,15807,0,0.5505001327786138,0.15759787657597876,1.0,0.4907702715763023,0.5092297284236977
15807,OSR8 YEL056W,0.0,NA,0.011464235372841358,2850,15233,15808,0,0.5505296391372341,0.15760659182657744,1.0,0.490738056119326,0.5092619438806739
15808,tH(GUG)E1 SCH1,0.0,NA,0.011464235372841358,2850,15232,15809,0,0.5505591454958544,0.1576153080411459,1.0,0.4907058406623498,0.5092941593376502
15809,YNL209W tR(ACG)Q2,0.0,NA,0.011464235372841358,2850,15231,15810,0,0.5505886518544746,0.15762402521984403,1.0,0.49067362520537355,0.5093263747946265
15810,tA(AGC)P YDR450W,0.0,NA,0.011464235372841358,2850,15230,15811,0,0.5506181582130949,0.15763274336283187,1.0,0.49064140974839726,0.5093585902516027
15811,GRD17 YHR204W,0.0,NA,0.011464235372841358,2850,15229,15812,0,0.5506476645717152,0.15764146247026936,1.0,0.490609194291421,0.509390805708579
15812,YFR032C-A OSR7,0.0,NA,0.011464235372841358,2850,15228,15813,0,0.5506771709303355,0.15765018254231664,1.0,0.4905769788344448,0.5094230211655553
15813,tT(AGU)O2 YPL096C-A,0.0,NA,0.011464235372841358,2850,15227,15814,0,0.5507066772889557,0.1576589035791337,1.0,0.4905447633774685,0.5094552366225314
15814,YPR062W snR49,0.0,NA,0.011464235372841358,2850,15226,15815,0,0.550736183647576,0.15766762558088074,1.0,0.49051254792049226,0.5094874520795077
15815,tM(CAU)O2 YAL026C,0.0,NA,0.011464235372841358,2850,15225,15816,0,0.5507656900061964,0.15767634854771784,1.0,0.490480332463516,0.509519667536484
15816,tW(CCA)J YJL153C,0.0,NA,0.011464235372841358,2850,15224,15817,0,0.5507951963648167,0.15768507247980523,1.0,0.49044811700653973,0.5095518829934602
15817,YPR144C tF(GAA)D,0.0,NA,0.011464235372841358,2850,15223,15818,0,0.5508247027234369,0.15769379737730316,1.0,0.4904159015495635,0.5095840984504365
15818,YGL004C tT(AGU)O1,0.0,NA,0.011464235372841358,2850,15222,15819,0,0.5508542090820572,0.15770252324037184,1.0,0.4903836860925872,0.5096163139074128
15819,YPL160W tL(UAA)Q,0.0,NA,0.011464235372841358,2850,15221,15820,0,0.5508837154406775,0.1577112500691716,1.0,0.49035147063561096,0.509648529364389
15820,YGL065C tI(AAU)D,0.0,NA,0.011464235372841358,2850,15220,15821,0,0.5509132217992978,0.15771997786386274,1.0,0.4903192551786347,0.5096807448213653
15821,snR82 YIR033W,0.0,NA,0.011464235372841358,2850,15219,15822,0,0.550942728157918,0.15772870662460567,1.0,0.49028703972165844,0.5097129602783416
15822,YLL039C tI(UAU)D,0.0,NA,0.011464235372841358,2850,15218,15823,0,0.5509722345165383,0.15773743635156076,1.0,0.4902548242646822,0.5097451757353179
15823,YOR196C MEL7,0.0,NA,0.011464235372841358,2850,15217,15824,0,0.5510017408751586,0.15774616704488847,1.0,0.49022260880770596,0.509777391192294
15824,tK(UUU)D YBR238C,0.0,NA,0.011464235372841358,2850,15216,15825,0,0.5510312472337788,0.15775489870474926,1.0,0.49019039335072967,0.5098096066492703
15825,YEL064C MAL43,0.0,NA,0.011464235372841358,2850,15215,15826,0,0.5510607535923991,0.15776363133130364,1.0,0.49015817789375343,0.5098418221062466
15826,GRD16 YOR030W,0.0,NA,0.011464235372841358,2850,15214,15827,0,0.5510902599510195,0.15777236492471214,1.0,0.49012596243677714,0.5098740375632228
15827,tI(UAU)L YDR261C,0.0,NA,0.011464235372841358,2850,15213,15828,0,0.5511197663096398,0.15778109948513536,1.0,0.4900937469798009,0.5099062530201991
15828,URR3 YMR304W,0.0,NA,0.011464235372841358,2850,15212,15829,0,0.55114927266826,0.15778983501273391,1.0,0.49006153152282467,0.5099384684771754
15829,YMR099C tK(UUU)O,0.0,NA,0.011464235372841358,2850,15211,15830,0,0.5511787790268803,0.15779857150766846,1.0,0.4900293160658484,0.5099706839341516
15830,YGR258C tP(UGG)N2,0.0,NA,0.011464235372841358,2850,15210,15831,0,0.5512082853855006,0.15780730897009967,1.0,0.48999710060887214,0.5100028993911279
15831,YBR061C PFK4,0.0,NA,0.011464235372841358,2850,15209,15832,0,0.5512377917441209,0.15781604740018826,1.0,0.4899648851518959,0.5100351148481042
15832,YER008C tL(CAA)D,0.0,NA,0.011464235372841358,2850,15208,15833,0,0.5512672981027411,0.15782478679809503,1.0,0.4899326696949196,0.5100673303050803
15833,tC(GCA)Q tW(CCA)G1,0.0,NA,0.011464235372841358,2850,15207,15834,0,0.5512968044613614,0.15783352716398072,1.0,0.4899004542379434,0.5100995457620566
15834,tK(CUU)C YGL035C,0.0,NA,0.011464235372841358,2850,15206,15835,0,0.5513263108199817,0.1578422684980062,1.0,0.48986823878096714,0.5101317612190329
15835,YDR498C snR49,0.0,NA,0.011464235372841358,2850,15205,15836,0,0.5513558171786019,0.15785101080033231,1.0,0.48983602332399084,0.5101639766760091
15836,tY(GUA)D YOR142W-A,0.0,NA,0.011464235372841358,2850,15204,15837,0,0.5513853235372222,0.15785975407111996,1.0,0.4898038078670146,0.5101961921329854
15837,tV(AAC)K2 SUC7,0.0,NA,0.011464235372841358,2850,15203,15838,0,0.5514148298958426,0.1578684983105301,1.0,0.4897715924100383,0.5102284075899617
15838,tF(GAA)N YMR021C,0.0,NA,0.011464235372841358,2850,15202,15839,0,0.5514443362544629,0.15787724351872368,1.0,0.4897393769530621,0.5102606230469379
15839,YNL299W tK(UUU)L,0.0,NA,0.011464235372841358,2850,15201,15840,0,0.5514738426130831,0.15788598969586173,1.0,0.48970716149608584,0.5102928385039142
15840,YLR085C snR7-S,0.0,NA,0.011464235372841358,2850,15200,15841,0,0.5515033489717034,0.15789473684210525,1.0,0.48967494603910955,0.5103250539608905
15841,tS(CGA)C YCR010C,0.0,NA,0.011464235372841358,2850,15199,15842,0,0.5515328553303237,0.1579034849576154,1.0,0.4896427305821333,0.5103572694178667
15842,YOR133W AWA1,0.0,NA,0.011464235372841358,2850,15198,15843,0,0.551562361688944,0.1579122340425532,1.0,0.4896105151251571,0.5103894848748429
15843,TSF1 YMR310C,0.0,NA,0.011464235372841358,2850,15197,15844,0,0.5515918680475642,0.15792098409707986,1.0,0.4895782996681808,0.5104217003318192
15844,YPL038W tD(GUC)O,0.0,NA,0.011464235372841358,2850,15196,15845,0,0.5516213744061845,0.15792973512135652,1.0,0.48954608421120455,0.5104539157887955
15845,tR(ACG)Q2 tS(UGA)E,0.0,NA,0.011464235372841358,2850,15195,15846,0,0.5516508807648048,0.15793848711554448,1.0,0.48951386875422825,0.5104861312457717
15846,tD(GUC)N YLR121C,0.0,NA,0.011464235372841358,2850,15194,15847,0,0.5516803871234252,0.15794724007980493,1.0,0.489481653297252,0.510518346702748
15847,YGL063W tS(GCU)F,0.0,NA,0.011464235372841358,2850,15193,15848,0,0.5517098934820454,0.15795599401429916,1.0,0.4894494378402758,0.5105505621597243
15848,snR85 YOR321W,0.0,NA,0.011464235372841358,2850,15192,15849,0,0.5517393998406657,0.15796474891918855,1.0,0.4894172223832995,0.5105827776167005
15849,tP(UGG)H YER137C-A,0.0,NA,0.011464235372841358,2850,15191,15850,0,0.551768906199286,0.15797350479463446,1.0,0.48938500692632325,0.5106149930736767
15850,tA(UGC)Q YNL298W,0.0,NA,0.011464235372841358,2850,15190,15851,0,0.5517984125579062,0.15798226164079823,1.0,0.489352791469347,0.510647208530653
15851,tR(UCU)G3 YPL089C,0.0,NA,0.011464235372841358,2850,15189,15852,0,0.5518279189165265,0.15799101945784133,1.0,0.4893205760123707,0.5106794239876292
15852,tL(CAA)C YEL024W,0.0,NA,0.011464235372841358,2850,15188,15853,0,0.5518574252751468,0.15799977824592526,1.0,0.4892883605553945,0.5107116394446055
15853,tE(UUC)E3 YGL234W,0.0,NA,0.011464235372841358,2850,15187,15854,0,0.5518869316337671,0.1580085380052115,1.0,0.4892561450984182,0.5107438549015818
15854,tV(AAC)G3 YPL010W,0.0,NA,0.011464235372841358,2850,15186,15855,0,0.5519164379923873,0.15801729873586162,1.0,0.48922392964144196,0.510776070358558
15855,MEL9 YNR049C,0.0,NA,0.011464235372841358,2850,15185,15856,0,0.5519459443510076,0.15802606043803716,1.0,0.4891917141844657,0.5108082858155343
15856,tC(GCA)Q tD(GUC)I1,0.0,NA,0.011464235372841358,2850,15184,15857,0,0.551975450709628,0.15803482311189976,1.0,0.48915949872748943,0.5108405012725106
15857,YPL204W tY(GUA)M2,0.0,NA,0.011464235372841358,2850,15183,15858,0,0.5520049570682483,0.15804358675761104,1.0,0.4891272832705132,0.5108727167294868
15858,tL(UAA)B1 tL(UAA)Q,0.0,NA,0.011464235372841358,2850,15182,15859,0,0.5520344634268685,0.15805235137533274,1.0,0.48909506781353695,0.510904932186463
15859,YGR027W-A tR(UCU)D,0.0,NA,0.011464235372841358,2850,15181,15860,0,0.5520639697854888,0.15806111696522657,1.0,0.48906285235656066,0.5109371476434393
15860,tQ(UUG)E2 YBL100W-B,0.0,NA,0.011464235372841358,2850,15180,15861,0,0.5520934761441091,0.15806988352745424,1.0,0.4890306368995844,0.5109693631004156
15861,OSR3 YDR050C,0.0,NA,0.011464235372841358,2850,15179,15862,0,0.5521229825027293,0.1580786510621776,1.0,0.4889984214426082,0.5110015785573918
15862,tK(UUU)L YER167W,0.0,NA,0.011464235372841358,2850,15178,15863,0,0.5521524888613496,0.15808741956955846,1.0,0.4889662059856319,0.5110337940143681
15863,ANC4 YNR039C,0.0,NA,0.011464235372841358,2850,15177,15864,0,0.5521819952199699,0.1580961890497587,1.0,0.48893399052865566,0.5110660094713444
15864,YMR251W-A tL(UAA)B1,0.0,NA,0.011464235372841358,2850,15176,15865,0,0.5522115015785902,0.1581049595029402,1.0,0.48890177507167937,0.5110982249283206
15865,YLR134W PFK4,0.0,NA,0.011464235372841358,2850,15175,15866,0,0.5522410079372104,0.15811373092926492,1.0,0.48886955961470313,0.5111304403852969
15866,MAL63 YDL085W,0.0,NA,0.011464235372841358,2850,15174,15867,0,0.5522705142958307,0.1581225033288948,1.0,0.4888373441577269,0.5111626558422732
15867,YJL114W tP(UGG)Q,0.0,NA,0.011464235372841358,2850,15173,15868,0,0.552300020654451,0.1581312767019919,1.0,0.4888051287007506,0.5111948712992493
15868,YOR092W tL(UAA)N,0.0,NA,0.011464235372841358,2850,15172,15869,0,0.5523295270130714,0.15814005104871823,1.0,0.48877291324377437,0.5112270867562256
15869,tQ(UUG)Q YBR166C,0.0,NA,0.011464235372841358,2850,15171,15870,0,0.5523590333716916,0.15814882636923588,1.0,0.48874069778679813,0.5112593022132019
15870,tI(AAU)P1 YDL155W,0.0,NA,0.011464235372841358,2850,15170,15871,0,0.5523885397303119,0.158157602663707,1.0,0.48870848232982184,0.5112915176701781
15871,YIL047C tS(GCU)O,0.0,NA,0.011464235372841358,2850,15169,15872,0,0.5524180460889322,0.15816637993229368,1.0,0.4886762668728456,0.5113237331271544
15872,YOR064C tT(UGU)H,0.0,NA,0.011464235372841358,2850,15168,15873,0,0.5524475524475524,0.15817515817515818,1.0,0.4886440514158693,0.5113559485841307
15873,YEL029C tP(UGG)N1,0.0,NA,0.011464235372841358,2850,15167,15874,0,0.5524770588061727,0.15818393739246267,1.0,0.48861183595889307,0.5113881640411069
15874,tG(GCC)F1 YML055W,0.0,NA,0.011464235372841358,2850,15166,15875,0,0.552506565164793,0.15819271758436945,1.0,0.48857962050191683,0.5114203794980832
15875,YFR050C tT(AGU)H,0.0,NA,0.011464235372841358,2850,15165,15876,0,0.5525360715234133,0.1582014987510408,1.0,0.48854740504494054,0.5114525949550595
15876,tT(UGU)Q1 YLL063C,0.0,NA,0.011464235372841358,2850,15164,15877,0,0.5525655778820335,0.15821028089263905,1.0,0.4885151895879643,0.5114848104120356
15877,tK(UUU)Q YCR044C,0.0,NA,0.011464235372841358,2850,15163,15878,0,0.5525950842406538,0.1582190640093266,1.0,0.48848297413098807,0.5115170258690119
15878,tD(GUC)J3 YMR179W,0.0,NA,0.011464235372841358,2850,15162,15879,0,0.5526245905992742,0.15822784810126583,1.0,0.4884507586740118,0.5115492413259882
15879,tV(AAC)E1 YDR137W,0.0,NA,0.011464235372841358,2850,15161,15880,0,0.5526540969578945,0.1582366331686192,1.0,0.48841854321703554,0.5115814567829645
15880,YPR158W-B tF(GAA)N,0.0,NA,0.011464235372841358,2850,15160,15881,0,0.5526836033165147,0.15824541921154914,1.0,0.4883863277600593,0.5116136722399407
15881,tR(ACG)Q2 YOL080C,0.0,NA,0.011464235372841358,2850,15159,15882,0,0.552713109675135,0.15825420623021821,1.0,0.488354112303083,0.511645887696917
15882,snR18 YHL002W,0.0,NA,0.011464235372841358,2850,15158,15883,0,0.5527426160337553,0.15826299422478898,1.0,0.4883218968461068,0.5116781031538933
15883,tN(GUU)G YMR016C,0.0,NA,0.011464235372841358,2850,15157,15884,0,0.5527721223923756,0.158271783195424,1.0,0.4882896813891305,0.5117103186108695
15884,tY(GUA)D YMR229C,0.0,NA,0.011464235372841358,2850,15156,15885,0,0.5528016287509958,0.1582805731422859,1.0,0.48825746593215424,0.5117425340678458
15885,YDL234C R0010W,0.0,NA,0.011464235372841358,2850,15155,15886,0,0.5528311351096161,0.15828936406553734,1.0,0.488225250475178,0.511774749524822
15886,tG(UCC)Q YLR320W,0.0,NA,0.011464235372841358,2850,15154,15887,0,0.5528606414682364,0.15829815596534103,1.0,0.4881930350182017,0.5118069649817982
15887,tP(UGG)N1 tS(AGA)H,0.0,NA,0.011464235372841358,2850,15153,15888,0,0.5528901478268566,0.1583069488418597,1.0,0.4881608195612255,0.5118391804387745
15888,tK(CUU)F YBR105C,0.0,NA,0.011464235372841358,2850,15152,15889,0,0.552919654185477,0.15831574269525608,1.0,0.48812860410424924,0.5118713958957508
15889,GRD5 YBL001C,0.0,NA,0.011464235372841358,2850,15151,15890,0,0.5529491605440973,0.158324537525693,1.0,0.48809638864727295,0.511903611352727
15890,tG(GCC)P2 tF(GAA)Q,0.0,NA,0.011464235372841358,2850,15150,15891,0,0.5529786669027176,0.15833333333333333,1.0,0.4880641731902967,0.5119358268097033
15891,YMR294W tK(CUU)P,0.0,NA,0.011464235372841358,2850,15149,15892,0,0.5530081732613378,0.15834213011833992,1.0,0.4880319577333204,0.5119680422666796
15892,YNL129W AUT6,0.0,NA,0.011464235372841358,2850,15148,15893,0,0.5530376796199581,0.15835092788087565,1.0,0.4879997422763442,0.5120002577236558
15893,tD(GUC)L2 YHR152W,0.0,NA,0.011464235372841358,2850,15147,15894,0,0.5530671859785784,0.1583597266211035,1.0,0.48796752681936795,0.512032473180632
15894,tS(GCU)O YGR024C,0.0,NA,0.011464235372841358,2850,15146,15895,0,0.5530966923371987,0.1583685263391865,1.0,0.48793531136239165,0.5120646886376083
15895,YDL024C tE(UUC)I,0.0,NA,0.011464235372841358,2850,15145,15896,0,0.5531261986958189,0.1583773270352876,1.0,0.4879030959054154,0.5120969040945845
15896,tE(UUC)B YMR046C,0.0,NA,0.011464235372841358,2850,15144,15897,0,0.5531557050544392,0.15838612870956986,1.0,0.4878708804484392,0.5121291195515608
15897,tI(AAU)P1 YIL023C,0.0,NA,0.011464235372841358,2850,15143,15898,0,0.5531852114130595,0.1583949313621964,1.0,0.4878386649914629,0.5121613350085371
15898,YOR372C YHL009W-A,0.0,NA,0.011464235372841358,2850,15142,15899,0,0.5532147177716797,0.15840373499333038,1.0,0.48780644953448665,0.5121935504655134
15899,YHR200W tV(AAC)E2,0.0,NA,0.011464235372841358,2850,15141,15900,0,0.5532442241303,0.1584125396031349,1.0,0.4877742340775104,0.5122257659224896
15900,tT(AGU)H YOR320C,0.0,NA,0.011464235372841358,2850,15140,15901,0,0.5532737304889204,0.1584213451917732,1.0,0.4877420186205341,0.5122579813794659
15901,MAL41 YOR035C,0.0,NA,0.011464235372841358,2850,15139,15902,0,0.5533032368475407,0.15843015175940853,1.0,0.4877098031635579,0.5122901968364422
15902,tD(GUC)M YPL008W,0.0,NA,0.011464235372841358,2850,15138,15903,0,0.5533327432061609,0.15843895930620414,1.0,0.4876775877065816,0.5123224122934183
15903,YBR203W tD(GUC)K,0.0,NA,0.011464235372841358,2850,15137,15904,0,0.5533622495647812,0.15844776783232334,1.0,0.48764537224960536,0.5123546277503946
15904,snR18 YBR055C,0.0,NA,0.011464235372841358,2850,15136,15905,0,0.5533917559234015,0.1584565773379295,1.0,0.4876131567926291,0.5123868432073709
15905,tM(CAU)Q2 YPR139C,0.0,NA,0.011464235372841358,2850,15135,15906,0,0.5534212622820218,0.15846538782318598,1.0,0.48758094133565283,0.5124190586643471
15906,MAL22 YLR113W,0.0,NA,0.011464235372841358,2850,15134,15907,0,0.553450768640642,0.15847419928825623,1.0,0.4875487258786766,0.5124512741213234
15907,snR57 YNL139C,0.0,NA,0.011464235372841358,2850,15133,15908,0,0.5534802749992623,0.15848301173330367,1.0,0.48751651042170036,0.5124834895782997
15908,tN(GUU)O2 YLR015W,0.0,NA,0.011464235372841358,2850,15132,15909,0,0.5535097813578826,0.15849182515849183,1.0,0.48748429496472406,0.5125157050352759
15909,tC(GCA)Q YOR279C,0.0,NA,0.011464235372841358,2850,15131,15910,0,0.553539287716503,0.15850063956398422,1.0,0.4874520795077478,0.5125479204922522
15910,YMR192W tM(CAU)O1,0.0,NA,0.011464235372841358,2850,15130,15911,0,0.5535687940751232,0.1585094549499444,1.0,0.48741986405077153,0.5125801359492285
15911,YDL095W MAL41,0.0,NA,0.011464235372841358,2850,15129,15912,0,0.5535983004337435,0.15851827131653595,1.0,0.4873876485937953,0.5126123514062046
15912,YDL240W tY(GUA)O,0.0,NA,0.011464235372841358,2850,15128,15913,0,0.5536278067923638,0.15852708866392257,1.0,0.48735543313681906,0.5126445668631809
15913,YDR321W AUT6,0.0,NA,0.011464235372841358,2850,15127,15914,0,0.553657313150984,0.1585359069922679,1.0,0.48732321767984277,0.5126767823201572
15914,YJR010C-A tK(UUU)P,0.0,NA,0.011464235372841358,2850,15126,15915,0,0.5536868195096043,0.15854472630173566,1.0,0.48729100222286653,0.5127089977771335
15915,tY(GUA)D tC(GCA)Q,0.0,NA,0.011464235372841358,2850,15125,15916,0,0.5537163258682246,0.15855354659248957,1.0,0.4872587867658903,0.5127412132341097
15916,tP(UGG)H YMR290C,0.0,NA,0.011464235372841358,2850,15124,15917,0,0.5537458322268449,0.15856236786469344,1.0,0.487226571308914,0.512773428691086
15917,snR80 YCR072C,0.0,NA,0.011464235372841358,2850,15123,15918,0,0.5537753385854651,0.1585711901185111,1.0,0.48719435585193777,0.5128056441480623
15918,tI(AAU)N1 YKL192C,0.0,NA,0.011464235372841358,2850,15122,15919,0,0.5538048449440854,0.15858001335410638,1.0,0.48716214039496153,0.5128378596050385
15919,YDL213C tW(CCA)M,0.0,NA,0.011464235372841358,2850,15121,15920,0,0.5538343513027058,0.15858883757164322,1.0,0.48712992493798524,0.5128700750620148
15920,YNL051W tK(UUU)O,0.0,NA,0.011464235372841358,2850,15120,15921,0,0.5538638576613261,0.15859766277128548,1.0,0.487097709481009,0.512902290518991
15921,tM(CAU)M YDR093W,0.0,NA,0.011464235372841358,2850,15119,15922,0,0.5538933640199463,0.15860648895319718,1.0,0.4870654940240327,0.5129345059759672
15922,tR(ACG)O BIO6,0.0,NA,0.011464235372841358,2850,15118,15923,0,0.5539228703785666,0.1586153161175423,1.0,0.48703327856705647,0.5129667214329435
15923,MAL63 YIL149C,0.0,NA,0.011464235372841358,2850,15117,15924,0,0.5539523767371869,0.1586241442644849,1.0,0.48700106311008023,0.5129989368899198
15924,YPR074C RRP2,0.0,NA,0.011464235372841358,2850,15116,15925,0,0.5539818830958071,0.15863297339418903,1.0,0.48696884765310394,0.513031152346896
15925,SUC5 YBR040W,0.0,NA,0.011464235372841358,2850,15115,15926,0,0.5540113894544274,0.1586418035068188,1.0,0.4869366321961277,0.5130633678038723
15926,tD(GUC)B YOR373W,0.0,NA,0.011464235372841358,2850,15114,15927,0,0.5540408958130477,0.15865063460253842,1.0,0.48690441673915147,0.5130955832608486
15927,YJR059W tI(UAU)D,0.0,NA,0.011464235372841358,2850,15113,15928,0,0.554070402171668,0.15865946668151198,1.0,0.4868722012821752,0.5131277987178248
15928,tR(UCU)G1 YOL065C,0.0,NA,0.011464235372841358,2850,15112,15929,0,0.5540999085302882,0.15866829974390378,1.0,0.48683998582519894,0.5131600141748011
15929,YLR157C-A YNL059C,0.0,NA,0.011464235372841358,2850,15111,15930,0,0.5541294148889085,0.15867713378987808,1.0,0.48680777036822265,0.5131922296317774
15930,SUC3 YNR054C,0.0,NA,0.011464235372841358,2850,15110,15931,0,0.5541589212475289,0.15868596881959912,1.0,0.4867755549112464,0.5132244450887535
15931,tF(GAA)D YPL084W,0.0,NA,0.011464235372841358,2850,15109,15932,0,0.5541884276061492,0.15869480483323126,1.0,0.4867433394542702,0.5132566605457298
15932,YDR086C snR87,0.0,NA,0.011464235372841358,2850,15108,15933,0,0.5542179339647694,0.15870364183093885,1.0,0.4867111239972939,0.5132888760027061
15933,MAL23 tE(UUC)Q,0.0,NA,0.011464235372841358,2850,15107,15934,0,0.5542474403233897,0.15871247981288633,1.0,0.48667890854031765,0.5133210914596824
15934,YOL072W tM(CAU)J2,0.0,NA,0.011464235372841358,2850,15106,15935,0,0.55427694668201,0.15872131877923815,1.0,0.4866466930833414,0.5133533069166586
15935,YDL174C snR85,0.0,NA,0.011464235372841358,2850,15105,15936,0,0.5543064530406303,0.15873015873015872,1.0,0.4866144776263651,0.5133855223736349
15936,YOR079C BIO6,0.0,NA,0.011464235372841358,2850,15104,15937,0,0.5543359593992505,0.15873899966581262,1.0,0.4865822621693889,0.5134177378306112
15937,MEL2 YMR145C,0.0,NA,0.011464235372841358,2850,15103,15938,0,0.5543654657578708,0.1587478415863644,1.0,0.48655004671241264,0.5134499532875874
15938,snR30 YMR179W,0.0,NA,0.011464235372841358,2850,15102,15939,0,0.5543949721164911,0.1587566844919786,1.0,0.48651783125543635,0.5134821687445636
15939,R0030W YCL048W,0.0,NA,0.011464235372841358,2850,15101,15940,0,0.5544244784751113,0.1587655283828199,1.0,0.4864856157984601,0.5135143842015399
15940,YLR390W-A tK(CUU)G2,0.0,NA,0.011464235372841358,2850,15100,15941,0,0.5544539848337317,0.15877437325905291,1.0,0.4864534003414838,0.5135465996585161
15941,YLR345W snR18,0.0,NA,0.011464235372841358,2850,15099,15942,0,0.554483491192352,0.1587832191208424,1.0,0.4864211848845076,0.5135788151154924
15942,tK(CUU)G2 YLR228C,0.0,NA,0.011464235372841358,2850,15098,15943,0,0.5545129975509723,0.15879206596835302,1.0,0.48638896942753135,0.5136110305724687
15943,YLR360W R0030W,0.0,NA,0.011464235372841358,2850,15097,15944,0,0.5545425039095925,0.1588009138017496,1.0,0.48635675397055506,0.5136432460294449
15944,tG(GCC)G2 YBR035C,0.0,NA,0.011464235372841358,2850,15096,15945,0,0.5545720102682128,0.15880976262119692,1.0,0.4863245385135788,0.5136754614864212
15945,R0010W SUC5,0.0,NA,0.011464235372841358,2850,15095,15946,0,0.5546015166268331,0.15881861242685985,1.0,0.4862923230566026,0.5137076769433975
15946,snR18 YHR167W,0.0,NA,0.011464235372841358,2850,15094,15947,0,0.5546310229854534,0.15882746321890326,1.0,0.4862601075996263,0.5137398924003737
15947,tV(UAC)Q YBL103C,0.0,NA,0.011464235372841358,2850,15093,15948,0,0.5546605293440736,0.15883631499749207,1.0,0.48622789214265005,0.51377210785735
15948,MEL2 YIL037C,0.0,NA,0.011464235372841358,2850,15092,15949,0,0.5546900357026939,0.15884516776279123,1.0,0.48619567668567376,0.5138043233143262
15949,YBL071W-A STA2,0.0,NA,0.011464235372841358,2850,15091,15950,0,0.5547195420613142,0.15885402151496572,1.0,0.4861634612286975,0.5138365387713024
15950,tD(GUC)J2 YOR011W,0.0,NA,0.011464235372841358,2850,15090,15951,0,0.5547490484199344,0.1588628762541806,1.0,0.4861312457717213,0.5138687542282787
15951,YPL243W tV(AAC)E2,0.0,NA,0.011464235372841358,2850,15089,15952,0,0.5547785547785548,0.15887173198060092,1.0,0.486099030314745,0.513900969685255
15952,tD(GUC)Q YPR008W,0.0,NA,0.011464235372841358,2850,15088,15953,0,0.5548080611371751,0.15888058869439178,1.0,0.48606681485776876,0.5139331851422313
15953,snR85 YPR139C,0.0,NA,0.011464235372841358,2850,15087,15954,0,0.5548375674957954,0.15888944639571834,1.0,0.4860345994007925,0.5139654005992075
15954,MEL7 YLR435W,0.0,NA,0.011464235372841358,2850,15086,15955,0,0.5548670738544156,0.15889830508474576,1.0,0.48600238394381623,0.5139976160561838
15955,YPR158W-B BIO6,0.0,NA,0.011464235372841358,2850,15085,15956,0,0.5548965802130359,0.15890716476163924,1.0,0.48597016848684,0.5140298315131601
15956,YJL074C tN(GUU)P,0.0,NA,0.011464235372841358,2850,15084,15957,0,0.5549260865716562,0.15891602542656408,1.0,0.48593795302986376,0.5140620469701362
15957,YNR008W NUP63,0.0,NA,0.011464235372841358,2850,15083,15958,0,0.5549555929302765,0.1589248870796855,1.0,0.48590573757288746,0.5140942624271125
15958,YGR119C tL(UAG)J,0.0,NA,0.011464235372841358,2850,15082,15959,0,0.5549850992888967,0.15893374972116886,1.0,0.4858735221159112,0.5141264778840888
15959,tK(CUU)P tV(AAC)H,0.0,NA,0.011464235372841358,2850,15081,15960,0,0.555014605647517,0.1589426133511795,1.0,0.48584130665893493,0.514158693341065
15960,tF(GAA)H1 YLR359W,0.0,NA,0.011464235372841358,2850,15080,15961,0,0.5550441120061373,0.15895147796988288,1.0,0.4858090912019587,0.5141909087980413
15961,OSR10 YER167W,0.0,NA,0.011464235372841358,2850,15079,15962,0,0.5550736183647577,0.15896034357744437,1.0,0.48577687574498246,0.5142231242550176
15962,YPL040C tT(UGU)G1,0.0,NA,0.011464235372841358,2850,15078,15963,0,0.5551031247233779,0.15896921017402946,1.0,0.48574466028800617,0.5142553397119938
15963,tD(GUC)L2 YER006W,0.0,NA,0.011464235372841358,2850,15077,15964,0,0.5551326310819982,0.15897807775980366,1.0,0.48571244483102993,0.5142875551689701
15964,tT(AGU)N1 YDR210W-A,0.0,NA,0.011464235372841358,2850,15076,15965,0,0.5551621374406185,0.1589869463349325,1.0,0.4856802293740537,0.5143197706259464
15965,tD(GUC)N YER183C,0.0,NA,0.011464235372841358,2850,15075,15966,0,0.5551916437992387,0.1589958158995816,1.0,0.4856480139170774,0.5143519860829225
15966,tL(UAA)B2 YOR089C,0.0,NA,0.011464235372841358,2850,15074,15967,0,0.555221150157859,0.15900468645391655,1.0,0.48561579846010117,0.5143842015398988
15967,YOL005C tT(AGU)I2,0.0,NA,0.011464235372841358,2850,15073,15968,0,0.5552506565164793,0.159013557998103,1.0,0.4855835830031249,0.5144164169968751
15968,tN(GUU)N2 YDR057W,0.0,NA,0.011464235372841358,2850,15072,15969,0,0.5552801628750996,0.15902243053230666,1.0,0.48555136754614864,0.5144486324538513
15969,YGR049W RRP2,0.0,NA,0.011464235372841358,2850,15071,15970,0,0.5553096692337198,0.15903130405669327,1.0,0.4855191520891724,0.5144808479108276
15970,YFL013C SME2,0.0,NA,0.011464235372841358,2850,15070,15971,0,0.5553391755923401,0.15904017857142858,1.0,0.4854869366321961,0.5145130633678039
15971,YLR165C tV(AAC)L,0.0,NA,0.011464235372841358,2850,15069,15972,0,0.5553686819509605,0.15904905407667838,1.0,0.48545472117521987,0.5145452788247802
15972,YGR023W MEL7,0.0,NA,0.011464235372841358,2850,15068,15973,0,0.5553981883095808,0.15905793057260856,1.0,0.48542250571824364,0.5145774942817564
15973,tH(GUG)G1 YLR113W,0.0,NA,0.011464235372841358,2850,15067,15974,0,0.555427694668201,0.15906680805938495,1.0,0.48539029026126734,0.5146097097387327
15974,YLR357W tI(AAU)D,0.0,NA,0.011464235372841358,2850,15066,15975,0,0.5554572010268213,0.15907568653717347,1.0,0.4853580748042911,0.514641925195709
15975,YGL229C YML045W-A,0.0,NA,0.011464235372841358,2850,15065,15976,0,0.5554867073854416,0.1590845660061401,1.0,0.4853258593473148,0.5146741406526851
15976,tP(UGG)O2 YER052C,0.0,NA,0.011464235372841358,2850,15064,15977,0,0.5555162137440618,0.15909344646645082,1.0,0.4852936438903386,0.5147063561096614
15977,YPR112C tF(GAA)Q,0.0,NA,0.011464235372841358,2850,15063,15978,0,0.5555457201026821,0.15910232791827164,1.0,0.48526142843336234,0.5147385715666377
15978,snR87 YMR180C,0.0,NA,0.011464235372841358,2850,15062,15979,0,0.5555752264613024,0.15911121036176865,1.0,0.48522921297638605,0.5147707870236139
15979,YIR022W tS(GCU)F,0.0,NA,0.011464235372841358,2850,15061,15980,0,0.5556047328199227,0.15912009379710793,1.0,0.4851969975194098,0.5148030024805902
15980,MUP2 YDR279W,0.0,NA,0.011464235372841358,2850,15060,15981,0,0.5556342391785429,0.15912897822445563,1.0,0.4851647820624336,0.5148352179375665
15981,MEL10 YNR047W,0.0,NA,0.011464235372841358,2850,15059,15982,0,0.5556637455371632,0.1591378636439779,1.0,0.4851325666054573,0.5148674333945427
15982,tM(CAU)Q2 GRD3,0.0,NA,0.011464235372841358,2850,15058,15983,0,0.5556932518957836,0.15914675005584097,1.0,0.48510035114848105,0.514899648851519
15983,RDN5 YER132C,0.0,NA,0.011464235372841358,2850,15057,15984,0,0.5557227582544039,0.15915563746021108,1.0,0.4850681356915048,0.5149318643084952
15984,YMR032W R0030W,0.0,NA,0.011464235372841358,2850,15056,15985,0,0.5557522646130241,0.15916452585725455,1.0,0.4850359202345285,0.5149640797654714
15985,YKL062W tD(GUC)K,0.0,NA,0.011464235372841358,2850,15055,15986,0,0.5557817709716444,0.15917341524713768,1.0,0.4850037047775523,0.5149962952224477
15986,YJR084W MAL43,0.0,NA,0.011464235372841358,2850,15054,15987,0,0.5558112773302647,0.1591823056300268,1.0,0.484971489320576,0.515028510679424
15987,YJR028W tM(CAU)Q1,0.0,NA,0.011464235372841358,2850,15053,15988,0,0.555840783688885,0.15919119700608836,1.0,0.48493927386359975,0.5150607261364002
15988,YFR021W tM(CAU)D,0.0,NA,0.011464235372841358,2850,15052,15989,0,0.5558702900475052,0.15920008937548877,1.0,0.4849070584066235,0.5150929415933765
15989,YBR073W NUP63,0.0,NA,0.011464235372841358,2850,15051,15990,0,0.5558997964061255,0.1592089827383945,1.0,0.4848748429496472,0.5151251570503528
15990,MAL62 YDR362C,0.0,NA,0.011464235372841358,2850,15050,15991,0,0.5559293027647458,0.15921787709497207,1.0,0.484842627492671,0.5151573725073291
15991,MEL10 YDR419W,0.0,NA,0.011464235372841358,2850,15049,15992,0,0.555958809123366,0.15922677244538802,1.0,0.48481041203569475,0.5151895879643053
15992,tK(CUU)G2 tW(UCA)Q,0.0,NA,0.011464235372841358,2850,15048,15993,0,0.5559883154819864,0.1592356687898089,1.0,0.48477819657871846,0.5152218034212815
15993,MUP2 YGR255C,0.0,NA,0.011464235372841358,2850,15047,15994,0,0.5560178218406067,0.1592445661284014,1.0,0.4847459811217422,0.5152540188782578
15994,YIL077C YDR320C-A,0.0,NA,0.011464235372841358,2850,15046,15995,0,0.556047328199227,0.15925346446133215,1.0,0.4847137656647659,0.515286234335234
15995,tK(CUU)E1 YBL020W,0.0,NA,0.011464235372841358,2850,15045,15996,0,0.5560768345578472,0.15926236378876782,1.0,0.4846815502077897,0.5153184497922103
15996,MEL3 YDR204W,0.0,NA,0.011464235372841358,2850,15044,15997,0,0.5561063409164675,0.15927126411087517,1.0,0.48464933475081345,0.5153506652491866
15997,tP(UGG)H YFR051C,0.0,NA,0.011464235372841358,2850,15043,15998,0,0.5561358472750878,0.15928016542782095,1.0,0.48461711929383716,0.5153828807061628
15998,YER190W MEL1,0.0,NA,0.011464235372841358,2850,15042,15999,0,0.5561653536337081,0.15928906773977197,1.0,0.4845849038368609,0.5154150961631391
15999,YGL201C YOL103W-A,0.0,NA,0.011464235372841358,2850,15041,16000,0,0.5561948599923283,0.15929797104689508,1.0,0.4845526883798847,0.5154473116201154
16000,snR18 YBR004C,0.0,NA,0.011464235372841358,2850,15040,16001,0,0.5562243663509486,0.1593068753493572,1.0,0.4845204729229084,0.5154795270770915
16001,YIL132C MEL6,0.0,NA,0.011464235372841358,2850,15039,16002,0,0.5562538727095689,0.15931578064732518,1.0,0.48448825746593216,0.5155117425340678
16002,tV(AAC)E1 YMR063W,0.0,NA,0.011464235372841358,2850,15038,16003,0,0.5562833790681891,0.15932468694096602,1.0,0.4844560420089559,0.5155439579910441
16003,tS(AGA)M YFL060C,0.0,NA,0.011464235372841358,2850,15037,16004,0,0.5563128854268095,0.15933359423044668,1.0,0.48442382655197963,0.5155761734480203
16004,tQ(UUG)Q YLR287C-A,0.0,NA,0.011464235372841358,2850,15036,16005,0,0.5563423917854298,0.15934250251593424,1.0,0.4843916110950034,0.5156083889049966
16005,tV(AAC)H YOR361C,0.0,NA,0.011464235372841358,2850,15035,16006,0,0.5563718981440501,0.15935141179759574,1.0,0.4843593956380271,0.5156406043619729
16006,YMR322C tH(GUG)E2,0.0,NA,0.011464235372841358,2850,15034,16007,0,0.5564014045026703,0.1593603220755983,1.0,0.48432718018105086,0.5156728198189491
16007,YOR002W tN(GUU)L,0.0,NA,0.011464235372841358,2850,15033,16008,0,0.5564309108612906,0.15936923335010905,1.0,0.48429496472407463,0.5157050352759254
16008,tT(UGU)Q1 YKL060C,0.0,NA,0.011464235372841358,2850,15032,16009,0,0.5564604172199109,0.15937814562129515,1.0,0.48426274926709834,0.5157372507329017
16009,YCL025C tP(UGG)N2,0.0,NA,0.011464235372841358,2850,15031,16010,0,0.5564899235785312,0.15938705888932386,1.0,0.4842305338101221,0.515769466189878
16010,YER117W snR51,0.0,NA,0.011464235372841358,2850,15030,16011,0,0.5565194299371514,0.1593959731543624,1.0,0.48419831835314586,0.5158016816468541
16011,tK(CUU)G2 YER115C,0.0,NA,0.011464235372841358,2850,15029,16012,0,0.5565489362957717,0.1594048884165781,1.0,0.48416610289616957,0.5158338971038304
16012,SME2 YDR447C,0.0,NA,0.011464235372841358,2850,15028,16013,0,0.556578442654392,0.15941380467613828,1.0,0.48413388743919333,0.5158661125608067
16013,OSR9 YBR256C,0.0,NA,0.011464235372841358,2850,15027,16014,0,0.5566079490130122,0.15942272193321028,1.0,0.48410167198221704,0.5158983280177829
16014,YNL264C R0010W,0.0,NA,0.011464235372841358,2850,15026,16015,0,0.5566374553716326,0.15943164018796152,1.0,0.4840694565252408,0.5159305434747592
16015,GRD17 YKL073W,0.0,NA,0.011464235372841358,2850,15025,16016,0,0.5566669617302529,0.15944055944055943,1.0,0.48403724106826457,0.5159627589317355
16016,tR(UCU)G3 YDR379W,0.0,NA,0.011464235372841358,2850,15024,16017,0,0.5566964680888732,0.15944947969117154,1.0,0.4840050256112883,0.5159949743887117
16017,YML006C SCH1,0.0,NA,0.011464235372841358,2850,15023,16018,0,0.5567259744474934,0.1594584009399653,1.0,0.48397281015431204,0.516027189845688
16018,tY(GUA)D YPL226W,0.0,NA,0.011464235372841358,2850,15022,16019,0,0.5567554808061137,0.15946732318710832,1.0,0.4839405946973358,0.5160594053026643
16019,YER075C MAL41,0.0,NA,0.011464235372841358,2850,15021,16020,0,0.556784987164734,0.15947624643276817,1.0,0.4839083792403595,0.5160916207596404
16020,tT(AGU)H YBL040C,0.0,NA,0.011464235372841358,2850,15020,16021,0,0.5568144935233543,0.1594851706771125,1.0,0.4838761637833833,0.5161238362166167
16021,YJL012C snR87,0.0,NA,0.011464235372841358,2850,15019,16022,0,0.5568439998819745,0.15949409592030891,1.0,0.48384394832640704,0.516156051673593
16022,YER035W tS(GCU)F,0.0,NA,0.011464235372841358,2850,15018,16023,0,0.5568735062405948,0.15950302216252518,1.0,0.48381173286943074,0.5161882671305692
16023,STA2 YDR510W,0.0,NA,0.011464235372841358,2850,15017,16024,0,0.5569030125992152,0.15951194940392904,1.0,0.4837795174124545,0.5162204825875455
16024,YHL009W-A YOR301W,0.0,NA,0.011464235372841358,2850,15016,16025,0,0.5569325189578355,0.15952087764468822,1.0,0.4837473019554782,0.5162526980445218
16025,YER151C tT(AGU)B,0.0,NA,0.011464235372841358,2850,15015,16026,0,0.5569620253164557,0.15952980688497062,1.0,0.483715086498502,0.516284913501498
16026,YLR157C-A YHR098C,0.0,NA,0.011464235372841358,2850,15014,16027,0,0.556991531675076,0.159538737124944,1.0,0.48368287104152574,0.5163171289584743
16027,tE(UUC)Q YPL210C,0.0,NA,0.011464235372841358,2850,15013,16028,0,0.5570210380336963,0.15954766836477635,1.0,0.48365065558454945,0.5163493444154506
16028,YOR151C tP(UGG)H,0.0,NA,0.011464235372841358,2850,15012,16029,0,0.5570505443923165,0.15955660060463553,1.0,0.4836184401275732,0.5163815598724268
16029,tS(GCU)Q1 YDR312W,0.0,NA,0.011464235372841358,2850,15011,16030,0,0.5570800507509368,0.15956553384468955,1.0,0.483586224670597,0.516413775329403
16030,GRD17 YIL073C,0.0,NA,0.011464235372841358,2850,15010,16031,0,0.5571095571095571,0.1595744680851064,1.0,0.4835540092136207,0.5164459907863793
16031,YHL009W-A YMR208W,0.0,NA,0.011464235372841358,2850,15009,16032,0,0.5571390634681774,0.15958340332605409,1.0,0.48352179375664445,0.5164782062433556
16032,OSR8 YHL028W,0.0,NA,0.011464235372841358,2850,15008,16033,0,0.5571685698267976,0.15959233956770075,1.0,0.48348957829966815,0.5165104217003318
16033,MUP2 YOL041C,0.0,NA,0.011464235372841358,2850,15007,16034,0,0.557198076185418,0.1596012768102145,1.0,0.4834573628426919,0.5165426371573081
16034,GRD17 YML035C,0.0,NA,0.011464235372841358,2850,15006,16035,0,0.5572275825440383,0.15961021505376344,1.0,0.4834251473857157,0.5165748526142844
16035,tV(UAC)Q YMR127C,0.0,NA,0.011464235372841358,2850,15005,16036,0,0.5572570889026586,0.1596191542985158,1.0,0.4833929319287394,0.5166070680712606
16036,YGL076C tC(GCA)Q,0.0,NA,0.011464235372841358,2850,15004,16037,0,0.5572865952612788,0.15962809454463986,1.0,0.48336071647176315,0.5166392835282368
16037,PFK5 YPR055W,0.0,NA,0.011464235372841358,2850,15003,16038,0,0.5573161016198991,0.15963703579230382,1.0,0.4833285010147869,0.5166714989852131
16038,YLL058W tY(GUA)J2,0.0,NA,0.011464235372841358,2850,15002,16039,0,0.5573456079785194,0.159645978041676,1.0,0.4832962855578106,0.5167037144421893
16039,tI(AAU)E1 YLR103C,0.0,NA,0.011464235372841358,2850,15001,16040,0,0.5573751143371396,0.15965492129292477,1.0,0.4832640701008344,0.5167359298991656
16040,tV(UAC)Q YHR106W,0.0,NA,0.011464235372841358,2850,15000,16041,0,0.5574046206957599,0.15966386554621848,1.0,0.48323185464385815,0.5167681453561419
16041,tY(GUA)D PFK4,0.0,NA,0.011464235372841358,2850,14999,16042,0,0.5574341270543802,0.15967281080172557,1.0,0.48319963918688186,0.5168003608131181
16042,tL(UAA)L tM(CAU)D,0.0,NA,0.011464235372841358,2850,14998,16043,0,0.5574636334130005,0.15968175705961452,1.0,0.4831674237299056,0.5168325762700944
16043,tY(GUA)J1 YJR033C,0.0,NA,0.011464235372841358,2850,14997,16044,0,0.5574931397716207,0.15969070432005378,1.0,0.48313520827292933,0.5168647917270707
16044,YNL156C MEL6,0.0,NA,0.011464235372841358,2850,14996,16045,0,0.557522646130241,0.15969965258321192,1.0,0.4831029928159531,0.5168970071840469
16045,snR79 YBL005W-B,0.0,NA,0.011464235372841358,2850,14995,16046,0,0.5575521524888614,0.1597086018492575,1.0,0.48307077735897685,0.5169292226410231
16046,TSF1 YLR381W,0.0,NA,0.011464235372841358,2850,14994,16047,0,0.5575816588474817,0.1597175521183591,1.0,0.48303856190200056,0.5169614380979994
16047,tH(GUG)Q YDR325W,0.0,NA,0.011464235372841358,2850,14993,16048,0,0.5576111652061019,0.15972650339068542,1.0,0.4830063464450243,0.5169936535549757
16048,YLR332W tA(AGC)F,0.0,NA,0.011464235372841358,2850,14992,16049,0,0.5576406715647222,0.15973545566640512,1.0,0.4829741309880481,0.5170258690119519
16049,GCD3 YOR159C,0.0,NA,0.011464235372841358,2850,14991,16050,0,0.5576701779233425,0.1597444089456869,1.0,0.4829419155310718,0.5170580844689282
16050,tM(CAU)O2 YER164W,0.0,NA,0.011464235372841358,2850,14990,16051,0,0.5576996842819628,0.15975336322869954,1.0,0.48290970007409556,0.5170902999259045
16051,MAL62 YGL048C,0.0,NA,0.011464235372841358,2850,14989,16052,0,0.557729190640583,0.15976231851561187,1.0,0.48287748461711927,0.5171225153828807
16052,YDR143C RRP2,0.0,NA,0.011464235372841358,2850,14988,16053,0,0.5577586969992033,0.15977127480659267,1.0,0.48284526916014303,0.517154730839857
16053,YKL080W OSR3,0.0,NA,0.011464235372841358,2850,14987,16054,0,0.5577882033578236,0.15978023210181083,1.0,0.4828130537031668,0.5171869462968333
16054,YER122C tD(GUC)K,0.0,NA,0.011464235372841358,2850,14986,16055,0,0.5578177097164438,0.1597891904014353,1.0,0.4827808382461905,0.5172191617538094
16055,YNL293W SCH1,0.0,NA,0.011464235372841358,2850,14985,16056,0,0.5578472160750642,0.159798149705635,1.0,0.48274862278921427,0.5172513772107857
16056,YNL197C tL(CAA)D,0.0,NA,0.011464235372841358,2850,14984,16057,0,0.5578767224336845,0.1598071100145789,1.0,0.48271640733223803,0.517283592667762
16057,tK(CUU)C YPL133C,0.0,NA,0.011464235372841358,2850,14983,16058,0,0.5579062287923048,0.15981607132843603,1.0,0.48268419187526174,0.5173158081247382
16058,PFK5 YBL103C,0.0,NA,0.011464235372841358,2850,14982,16059,0,0.557935735150925,0.1598250336473755,1.0,0.4826519764182855,0.5173480235817145
16059,tD(GUC)I2 snR18,0.0,NA,0.011464235372841358,2850,14981,16060,0,0.5579652415095453,0.15983399697156636,1.0,0.48261976096130926,0.5173802390386908
16060,tE(UUC)G2 YAL067C,0.0,NA,0.011464235372841358,2850,14980,16061,0,0.5579947478681656,0.15984296130117778,1.0,0.48258754550433297,0.517412454495667
16061,YPL038W tM(CAU)C,0.0,NA,0.011464235372841358,2850,14979,16062,0,0.5580242542267859,0.15985192663637893,1.0,0.48255533004735673,0.5174446699526433
16062,YOR081C tH(GUG)G1,0.0,NA,0.011464235372841358,2850,14978,16063,0,0.5580537605854061,0.15986089297733902,1.0,0.48252311459038044,0.5174768854096196
16063,SME2 YAL021C,0.0,NA,0.011464235372841358,2850,14977,16064,0,0.5580832669440264,0.1598698603242273,1.0,0.4824908991334042,0.5175091008665957
16064,tK(CUU)G2 tD(GUC)K,0.0,NA,0.011464235372841358,2850,14976,16065,0,0.5581127733026467,0.15987882867721306,1.0,0.48245868367642797,0.517541316323572
16065,YDR044W tT(AGU)I1,0.0,NA,0.011464235372841358,2850,14975,16066,0,0.558142279661267,0.15988779803646563,1.0,0.4824264682194517,0.5175735317805483
16066,tL(UAG)J YDR210C-D,0.0,NA,0.011464235372841358,2850,14974,16067,0,0.5581717860198873,0.1598967684021544,1.0,0.48239425276247544,0.5176057472375246
16067,tF(GAA)N YJL129C,0.0,NA,0.011464235372841358,2850,14973,16068,0,0.5582012923785076,0.15990573977444875,1.0,0.4823620373054992,0.5176379626945008
16068,YOR380W tS(AGA)G,0.0,NA,0.011464235372841358,2850,14972,16069,0,0.5582307987371279,0.15991471215351813,1.0,0.4823298218485229,0.5176701781514771
16069,YLL040C tK(CUU)G2,0.0,NA,0.011464235372841358,2850,14971,16070,0,0.5582603050957481,0.159923685539532,1.0,0.4822976063915467,0.5177023936084534
16070,tV(AAC)L tS(UGA)P,0.0,NA,0.011464235372841358,2850,14970,16071,0,0.5582898114543684,0.15993265993265993,1.0,0.4822653909345704,0.5177346090654296
16071,tW(CCA)K YBL072C,0.0,NA,0.011464235372841358,2850,14969,16072,0,0.5583193178129887,0.15994163533307143,1.0,0.48223317547759414,0.5177668245224059
16072,ALD1 tN(GUU)N2,0.0,NA,0.011464235372841358,2850,14968,16073,0,0.558348824171609,0.15995061174093614,1.0,0.4822009600206179,0.5177990399793821
16073,tS(CGA)C YJL091C,0.0,NA,0.011464235372841358,2850,14967,16074,0,0.5583783305302292,0.15995958915642364,1.0,0.4821687445636416,0.5178312554363583
16074,YOR123C GRD18,0.0,NA,0.011464235372841358,2850,14966,16075,0,0.5584078368888495,0.15996856757970362,1.0,0.4821365291066654,0.5178634708933346
16075,YDL125C MAL41,0.0,NA,0.011464235372841358,2850,14965,16076,0,0.5584373432474699,0.15997754701094583,1.0,0.48210431364968914,0.5178956863503109
16076,tV(AAC)L YPR129W,0.0,NA,0.011464235372841358,2850,14964,16077,0,0.5584668496060902,0.15998652745031997,1.0,0.48207209819271285,0.5179279018072871
16077,MAL63 YMR045C,0.0,NA,0.011464235372841358,2850,14963,16078,0,0.5584963559647104,0.15999550889799585,1.0,0.4820398827357366,0.5179601172642634
16078,YPR154W snR40,0.0,NA,0.011464235372841358,2850,14962,16079,0,0.5585258623233307,0.16000449135414327,1.0,0.4820076672787604,0.5179923327212397
16079,YDR259C tK(CUU)C,0.0,NA,0.011464235372841358,2850,14961,16080,0,0.558555368681951,0.16001347481893213,1.0,0.4819754518217841,0.5180245481782159
16080,tM(CAU)Q2 YDL106C,0.0,NA,0.011464235372841358,2850,14960,16081,0,0.5585848750405712,0.16002245929253228,1.0,0.48194323636480785,0.5180567636351922
16081,YJR041C tL(CAA)C,0.0,NA,0.011464235372841358,2850,14959,16082,0,0.5586143813991915,0.16003144477511372,1.0,0.48191102090783156,0.5180889790921684
16082,YPR167C tW(CCA)G1,0.0,NA,0.011464235372841358,2850,14958,16083,0,0.5586438877578118,0.16004043126684636,1.0,0.4818788054508553,0.5181211945491446
16083,tN(GUU)N2 YDR147W,0.0,NA,0.011464235372841358,2850,14957,16084,0,0.5586733941164321,0.16004941876790027,1.0,0.4818465899938791,0.5181534100061209
16084,YAL015C NUP63,0.0,NA,0.011464235372841358,2850,14956,16085,0,0.5587029004750523,0.16005840727844547,1.0,0.4818143745369028,0.5181856254630972
16085,YML038C snR49,0.0,NA,0.011464235372841358,2850,14955,16086,0,0.5587324068336726,0.16006739679865206,1.0,0.48178215907992655,0.5182178409200735
16086,YMR083W tF(GAA)N,0.0,NA,0.011464235372841358,2850,14954,16087,0,0.558761913192293,0.16007638732869017,1.0,0.4817499436229503,0.5182500563770497
16087,YDR437W tR(UCU)G1,0.0,NA,0.011464235372841358,2850,14953,16088,0,0.5587914195509133,0.16008537886872998,1.0,0.481717728165974,0.518282271834026
16088,YDR204W tN(GUU)P,0.0,NA,0.011464235372841358,2850,14952,16089,0,0.5588209259095335,0.1600943714189417,1.0,0.4816855127089978,0.5183144872910023
16089,YNL313C tK(UUU)O,0.0,NA,0.011464235372841358,2850,14951,16090,0,0.5588504322681538,0.16010336497949554,1.0,0.4816532972520215,0.5183467027479784
16090,tM(CAU)Q2 YDR071C,0.0,NA,0.011464235372841358,2850,14950,16091,0,0.5588799386267741,0.1601123595505618,1.0,0.48162108179504526,0.5183789182049547
16091,tK(CUU)G2 YDR017C,0.0,NA,0.011464235372841358,2850,14949,16092,0,0.5589094449853943,0.1601213551323108,1.0,0.481588866338069,0.518411133661931
16092,GRD10 YNL012W,0.0,NA,0.011464235372841358,2850,14948,16093,0,0.5589389513440146,0.1601303517249129,1.0,0.48155665088109273,0.5184433491189072
16093,tT(AGU)N2 YAR014C,0.0,NA,0.011464235372841358,2850,14947,16094,0,0.5589684577026349,0.16013934932853852,1.0,0.4815244354241165,0.5184755645758835
16094,tT(AGU)J Q0065,0.0,NA,0.011464235372841358,2850,14946,16095,0,0.5589979640612552,0.16014834794335805,1.0,0.48149221996714026,0.5185077800328598
16095,YCL064C BIO6,0.0,NA,0.011464235372841358,2850,14945,16096,0,0.5590274704198754,0.160157347569542,1.0,0.48146000451016396,0.518539995489836
16096,snR82 YDR346C,0.0,NA,0.011464235372841358,2850,14944,16097,0,0.5590569767784958,0.16016634820726086,1.0,0.4814277890531877,0.5185722109468123
16097,tS(GCU)Q1 YCL043C,0.0,NA,0.011464235372841358,2850,14943,16098,0,0.5590864831371161,0.16017534985668522,1.0,0.48139557359621143,0.5186044264037886
16098,YIL052C tK(UUU)P,0.0,NA,0.011464235372841358,2850,14942,16099,0,0.5591159894957364,0.1601843525179856,1.0,0.4813633581392352,0.5186366418607647
16099,GRD17 YMR313C,0.0,NA,0.011464235372841358,2850,14941,16100,0,0.5591454958543566,0.1601933561913327,1.0,0.48133114268225896,0.518668857317741
16100,snR18 YDL045C,0.0,NA,0.011464235372841358,2850,14940,16101,0,0.5591750022129769,0.16020236087689713,1.0,0.48129892722528267,0.5187010727747173
16101,tT(AGU)H YFL018C,0.0,NA,0.011464235372841358,2850,14939,16102,0,0.5592045085715972,0.16021136657484963,1.0,0.48126671176830643,0.5187332882316935
16102,YHL001W tT(AGU)I2,0.0,NA,0.011464235372841358,2850,14938,16103,0,0.5592340149302175,0.16022037328536093,1.0,0.4812344963113302,0.5187655036886698
16103,YNL227C tF(GAA)B,0.0,NA,0.011464235372841358,2850,14937,16104,0,0.5592635212888377,0.1602293810086018,1.0,0.4812022808543539,0.5187977191456461
16104,tM(CAU)O2 YNR032W,0.0,NA,0.011464235372841358,2850,14936,16105,0,0.559293027647458,0.16023838974474305,1.0,0.48117006539737767,0.5188299346026224
16105,RDN58 YOR363C,0.0,NA,0.011464235372841358,2850,14935,16106,0,0.5593225340060783,0.16024739949395558,1.0,0.48113784994040143,0.5188621500595986
16106,tI(AAU)I1 YHR129C,0.0,NA,0.011464235372841358,2850,14934,16107,0,0.5593520403646985,0.16025641025641027,1.0,0.48110563448342514,0.5188943655165749
16107,tS(GCU)Q1 YHR073W,0.0,NA,0.011464235372841358,2850,14933,16108,0,0.5593815467233189,0.16026542203227803,1.0,0.4810734190264489,0.5189265809735512
16108,tT(AGU)O1 YOR089C,0.0,NA,0.011464235372841358,2850,14932,16109,0,0.5594110530819392,0.16027443482172984,1.0,0.4810412035694726,0.5189587964305273
16109,tD(GUC)B YDR057W,0.0,NA,0.011464235372841358,2850,14931,16110,0,0.5594405594405595,0.16028344862493674,1.0,0.48100898811249637,0.5189910118875036
16110,tY(GUA)J1 YER081W,0.0,NA,0.011464235372841358,2850,14930,16111,0,0.5594700657991797,0.16029246344206974,1.0,0.48097677265552014,0.5190232273444799
16111,tY(GUA)M1 YOR302W,0.0,NA,0.011464235372841358,2850,14929,16112,0,0.5594995721578,0.16030147927329996,1.0,0.48094455719854384,0.5190554428014561
16112,tD(GUC)M YOR061W,0.0,NA,0.011464235372841358,2850,14928,16113,0,0.5595290785164203,0.16031049611879852,1.0,0.4809123417415676,0.5190876582584324
16113,YIR030C MEL9,0.0,NA,0.011464235372841358,2850,14927,16114,0,0.5595585848750406,0.16031951397873656,1.0,0.48088012628459137,0.5191198737154087
16114,YPL060C-A MAL43,0.0,NA,0.011464235372841358,2850,14926,16115,0,0.5595880912336608,0.16032853285328533,1.0,0.4808479108276151,0.5191520891723849
16115,tN(GUU)O2 YCR073W-A,0.0,NA,0.011464235372841358,2850,14925,16116,0,0.5596175975922811,0.16033755274261605,1.0,0.48081569537063884,0.5191843046293612
16116,tA(AGC)K2 YPL257W-B,0.0,NA,0.011464235372841358,2850,14924,16117,0,0.5596471039509014,0.16034657364689997,1.0,0.48078347991366255,0.5192165200863375
16117,RDN58 YDR330W,0.0,NA,0.011464235372841358,2850,14923,16118,0,0.5596766103095216,0.16035559556630843,1.0,0.4807512644566863,0.5192487355433136
16118,YCL029C MAL41,0.0,NA,0.011464235372841358,2850,14922,16119,0,0.559706116668142,0.16036461850101283,1.0,0.4807190489997101,0.5192809510002899
16119,YNL293W tD(GUC)L1,0.0,NA,0.011464235372841358,2850,14921,16120,0,0.5597356230267623,0.16037364245118452,1.0,0.4806868335427338,0.5193131664572662
16120,YNL313C tN(GUU)L,0.0,NA,0.011464235372841358,2850,14920,16121,0,0.5597651293853826,0.16038266741699495,1.0,0.48065461808575755,0.5193453819142424
16121,tK(CUU)K YHR166C,0.0,NA,0.011464235372841358,2850,14919,16122,0,0.5597946357440028,0.16039169339861556,1.0,0.4806224026287813,0.5193775973712187
16122,tM(CAU)O2 YLR324W,0.0,NA,0.011464235372841358,2850,14918,16123,0,0.5598241421026231,0.16040072039621792,1.0,0.480590187171805,0.519409812828195
16123,YBR049C snR49,0.0,NA,0.011464235372841358,2850,14917,16124,0,0.5598536484612434,0.16040974840997355,1.0,0.4805579717148288,0.5194420282851713
16124,YNL094W tD(GUC)G1,0.0,NA,0.011464235372841358,2850,14916,16125,0,0.5598831548198637,0.16041877744005403,1.0,0.48052575625785254,0.5194742437421475
16125,TSF1 YJL080C,0.0,NA,0.011464235372841358,2850,14915,16126,0,0.5599126611784839,0.16042780748663102,1.0,0.48049354080087625,0.5195064591991237
16126,URR4 YGR085C,0.0,NA,0.011464235372841358,2850,14914,16127,0,0.5599421675371042,0.16043683854987614,1.0,0.4804613253439,0.5195386746561
16127,YJL087C RDN25,0.0,NA,0.011464235372841358,2850,14913,16128,0,0.5599716738957246,0.16044587062996116,1.0,0.4804291098869237,0.5195708901130762
16128,YGL063W tD(GUC)I1,0.0,NA,0.011464235372841358,2850,14912,16129,0,0.5600011802543449,0.16045490372705776,1.0,0.4803968944299475,0.5196031055700525
16129,tR(ACG)Q2 YGL038C,0.0,NA,0.011464235372841358,2850,14911,16130,0,0.5600306866129651,0.16046393784133775,1.0,0.48036467897297125,0.5196353210270288
16130,YOR127W tR(UCU)G1,0.0,NA,0.011464235372841358,2850,14910,16131,0,0.5600601929715854,0.16047297297297297,1.0,0.48033246351599496,0.519667536484005
16131,YJL139C snR7-S,0.0,NA,0.011464235372841358,2850,14909,16132,0,0.5600896993302057,0.16048200912213526,1.0,0.4803002480590187,0.5196997519409813
16132,YHR164C tM(CAU)J2,0.0,NA,0.011464235372841358,2850,14908,16133,0,0.5601192056888259,0.16049104628899652,1.0,0.4802680326020425,0.5197319673979576
16133,tV(AAC)K2 YLR435W,0.0,NA,0.011464235372841358,2850,14907,16134,0,0.5601487120474462,0.16050008447372868,1.0,0.4802358171450662,0.5197641828549338
16134,tA(AGC)G tK(UUU)L,0.0,NA,0.011464235372841358,2850,14906,16135,0,0.5601782184060665,0.16050912367650372,1.0,0.48020360168808995,0.51979639831191
16135,YJL176C tK(CUU)D2,0.0,NA,0.011464235372841358,2850,14905,16136,0,0.5602077247646868,0.16051816389749365,1.0,0.48017138623111366,0.5198286137688863
16136,OSR9 YDR098C-A,0.0,NA,0.011464235372841358,2850,14904,16137,0,0.560237231123307,0.16052720513687058,1.0,0.4801391707741374,0.5198608292258625
16137,YLR430W tP(UGG)L,0.0,NA,0.011464235372841358,2850,14903,16138,0,0.5602667374819273,0.1605362473948065,1.0,0.4801069553171612,0.5198930446828388
16138,YDR064W snR83,0.0,NA,0.011464235372841358,2850,14902,16139,0,0.5602962438405477,0.16054529067147363,1.0,0.4800747398601849,0.5199252601398151
16139,YBL043W tL(CAA)D,0.0,NA,0.011464235372841358,2850,14901,16140,0,0.560325750199168,0.1605543349670441,1.0,0.48004252440320866,0.5199574755967913
16140,GRD17 SUC1,0.0,NA,0.011464235372841358,2850,14900,16141,0,0.5603552565577882,0.16056338028169015,1.0,0.4800103089462324,0.5199896910537676
16141,tN(GUU)F YGL019W,0.0,NA,0.011464235372841358,2850,14899,16142,0,0.5603847629164085,0.16057242661558396,1.0,0.47997809348925613,0.5200219065107439
16142,GRD3 YMR119W,0.0,NA,0.011464235372841358,2850,14898,16143,0,0.5604142692750288,0.1605814739688979,1.0,0.4799458780322799,0.5200541219677202
16143,YOL032W tP(UGG)M,0.0,NA,0.011464235372841358,2850,14897,16144,0,0.560443775633649,0.16059052234180424,1.0,0.47991366257530366,0.5200863374246963
16144,tV(AAC)E1 YLR275W,0.0,NA,0.011464235372841358,2850,14896,16145,0,0.5604732819922693,0.16059957173447537,1.0,0.47988144711832736,0.5201185528816726
16145,snR10 YCL050C,0.0,NA,0.011464235372841358,2850,14895,16146,0,0.5605027883508896,0.16060862214708369,1.0,0.4798492316613511,0.5201507683386489
16146,YCR084C OSR3,0.0,NA,0.011464235372841358,2850,14894,16147,0,0.5605322947095099,0.1606176735798016,1.0,0.47981701620437484,0.5201829837956251
16147,YOR056C tL(CAA)D,0.0,NA,0.011464235372841358,2850,14893,16148,0,0.5605618010681301,0.16062672603280168,1.0,0.4797848007473986,0.5202151992526014
16148,YMR210W tP(UGG)O2,0.0,NA,0.011464235372841358,2850,14892,16149,0,0.5605913074267505,0.16063577950625635,1.0,0.47975258529042236,0.5202474147095777
16149,snR10 YKL017C,0.0,NA,0.011464235372841358,2850,14891,16150,0,0.5606208137853708,0.1606448340003382,1.0,0.47972036983344607,0.5202796301665539
16150,YEL069C snR79,0.0,NA,0.011464235372841358,2850,14890,16151,0,0.5606503201439911,0.16065388951521983,1.0,0.47968815437646983,0.5203118456235302
16151,tD(GUC)N YDL126C,0.0,NA,0.011464235372841358,2850,14889,16152,0,0.5606798265026113,0.1606629460510739,1.0,0.4796559389194936,0.5203440610805065
16152,YMR199W tP(UGG)N2,0.0,NA,0.011464235372841358,2850,14888,16153,0,0.5607093328612316,0.16067200360807307,1.0,0.4796237234625173,0.5203762765374826
16153,YGR163W URR4,0.0,NA,0.011464235372841358,2850,14887,16154,0,0.5607388392198519,0.16068106218639003,1.0,0.47959150800554107,0.5204084919944589
16154,tD(GUC)L2 YBR129C,0.0,NA,0.011464235372841358,2850,14886,16155,0,0.5607683455784722,0.16069012178619757,1.0,0.4795592925485648,0.5204407074514352
16155,STA2 NUP63,0.0,NA,0.011464235372841358,2850,14885,16156,0,0.5607978519370924,0.16069918240766845,1.0,0.47952707709158854,0.5204729229084114
16156,YPL065W snR86,0.0,NA,0.011464235372841358,2850,14884,16157,0,0.5608273582957127,0.16070824405097553,1.0,0.4794948616346123,0.5205051383653877
16157,tP(UGG)O2 YKL135C,0.0,NA,0.011464235372841358,2850,14883,16158,0,0.560856864654333,0.16071730671629167,1.0,0.479462646177636,0.520537353822364
16158,YGR060W tI(AAU)I1,0.0,NA,0.011464235372841358,2850,14882,16159,0,0.5608863710129532,0.16072637040378976,1.0,0.4794304307206598,0.5205695692793403
16159,tI(AAU)B YPL020C,0.0,NA,0.011464235372841358,2850,14881,16160,0,0.5609158773715736,0.16073543511364277,1.0,0.47939821526368354,0.5206017847363165
16160,YML082W YML045W-A,0.0,NA,0.011464235372841358,2850,14880,16161,0,0.5609453837301939,0.16074450084602368,1.0,0.47936599980670724,0.5206340001932928
16161,MEL9 YMR313C,0.0,NA,0.011464235372841358,2850,14879,16162,0,0.5609748900888142,0.16075356760110554,1.0,0.479333784349731,0.520666215650269
16162,YEL029C tG(UCC)G,0.0,NA,0.011464235372841358,2850,14878,16163,0,0.5610043964474344,0.16076263537906138,1.0,0.47930156889275477,0.5206984311072452
16163,tD(GUC)G2 tN(GUU)O2,0.0,NA,0.011464235372841358,2850,14877,16164,0,0.5610339028060547,0.1607717041800643,1.0,0.4792693534357785,0.5207306465642215
16164,tF(GAA)N YOR089C,0.0,NA,0.011464235372841358,2850,14876,16165,0,0.561063409164675,0.16078077400428747,1.0,0.47923713797880224,0.5207628620211978
16165,tN(GUU)G YJL047C,0.0,NA,0.011464235372841358,2850,14875,16166,0,0.5610929155232953,0.1607898448519041,1.0,0.47920492252182595,0.520795077478174
16166,YLR310C tI(AAU)B,0.0,NA,0.011464235372841358,2850,14874,16167,0,0.5611224218819155,0.16079891672308733,1.0,0.4791727070648497,0.5208272929351503
16167,tR(UCU)B YIL082W-A,0.0,NA,0.011464235372841358,2850,14873,16168,0,0.5611519282405358,0.1608079896180105,1.0,0.4791404916078735,0.5208595083921266
16168,tV(AAC)E1 YOR184W,0.0,NA,0.011464235372841358,2850,14872,16169,0,0.5611814345991561,0.16081706353684685,1.0,0.4791082761508972,0.5208917238491028
16169,YKL015W SUC7,0.0,NA,0.011464235372841358,2850,14871,16170,0,0.5612109409577763,0.16082613847976976,1.0,0.47907606069392095,0.520923939306079
16170,tT(AGU)N2 YHR167W,0.0,NA,0.011464235372841358,2850,14870,16171,0,0.5612404473163967,0.1608352144469526,1.0,0.4790438452369447,0.5209561547630553
16171,tV(AAC)K2 YGR063C,0.0,NA,0.011464235372841358,2850,14869,16172,0,0.561269953675017,0.16084429143856876,1.0,0.4790116297799684,0.5209883702200315
16172,YMR168C tA(AGC)H,0.0,NA,0.011464235372841358,2850,14868,16173,0,0.5612994600336373,0.16085336945479173,1.0,0.4789794143229922,0.5210205856770078
16173,tI(UAU)D snR13,0.0,NA,0.011464235372841358,2850,14867,16174,0,0.5613289663922575,0.160862448495795,1.0,0.4789471988660159,0.5210528011339841
16174,YLR361C tL(CAA)C,0.0,NA,0.011464235372841358,2850,14866,16175,0,0.5613584727508778,0.16087152856175208,1.0,0.47891498340903965,0.5210850165909603
16175,YER119C TER1,0.0,NA,0.011464235372841358,2850,14865,16176,0,0.5613879791094981,0.16088060965283657,1.0,0.4788827679520634,0.5211172320479366
16176,tG(GCC)P2 R0010W,0.0,NA,0.011464235372841358,2850,14864,16177,0,0.5614174854681184,0.16088969176922208,1.0,0.4788505524950871,0.5211494475049129
16177,YPR158W-B tT(AGU)B,0.0,NA,0.011464235372841358,2850,14863,16178,0,0.5614469918267386,0.16089877491108226,1.0,0.4788183370381109,0.5211816629618892
16178,YDR350C tM(CAU)O1,0.0,NA,0.011464235372841358,2850,14862,16179,0,0.5614764981853589,0.1609078590785908,1.0,0.47878612158113465,0.5212138784188654
16179,tR(ACG)E tC(GCA)G,0.0,NA,0.011464235372841358,2850,14861,16180,0,0.5615060045439793,0.1609169442719214,1.0,0.47875390612415836,0.5212460938758416
16180,URR3 YGL019W,0.0,NA,0.011464235372841358,2850,14860,16181,0,0.5615355109025995,0.16092603049124787,1.0,0.4787216906671821,0.5212783093328179
16181,YER159C tK(CUU)E1,0.0,NA,0.011464235372841358,2850,14859,16182,0,0.5615650172612198,0.16093511773674402,1.0,0.4786894752102059,0.5213105247897941
16182,YPL117C tD(GUC)I1,0.0,NA,0.011464235372841358,2850,14858,16183,0,0.5615945236198401,0.1609442060085837,1.0,0.4786572597532296,0.5213427402467704
16183,YDR261C snR49,0.0,NA,0.011464235372841358,2850,14857,16184,0,0.5616240299784604,0.16095329530694075,1.0,0.47862504429625335,0.5213749557037467
16184,YOL103W-B tD(GUC)K,0.0,NA,0.011464235372841358,2850,14856,16185,0,0.5616535363370806,0.16096238563198917,1.0,0.47859282883927706,0.5214071711607229
16185,SUC3 YNL258C,0.0,NA,0.011464235372841358,2850,14855,16186,0,0.5616830426957009,0.16097147698390285,1.0,0.4785606133823008,0.5214393866176992
16186,YKL006W tN(GUU)O2,0.0,NA,0.011464235372841358,2850,14854,16187,0,0.5617125490543212,0.16098056936285585,1.0,0.4785283979253246,0.5214716020746755
16187,YCR002C tF(GAA)D,0.0,NA,0.011464235372841358,2850,14853,16188,0,0.5617420554129415,0.1609896627690222,1.0,0.4784961824683483,0.5215038175316516
16188,YGL040C AUT6,0.0,NA,0.011464235372841358,2850,14852,16189,0,0.5617715617715617,0.16099875720257598,1.0,0.47846396701137206,0.5215360329886279
16189,YMR316W OSR7,0.0,NA,0.011464235372841358,2850,14851,16190,0,0.561801068130182,0.1610078526636913,1.0,0.4784317515543958,0.5215682484456042
16190,tY(GUA)D YDR306C,0.0,NA,0.011464235372841358,2850,14850,16191,0,0.5618305744888024,0.16101694915254236,1.0,0.47839953609741953,0.5216004639025804
16191,MAL22 YPL209C,0.0,NA,0.011464235372841358,2850,14849,16192,0,0.5618600808474227,0.16102604666930334,1.0,0.4783673206404433,0.5216326793595567
16192,YOL113W tK(CUU)C,0.0,NA,0.011464235372841358,2850,14848,16193,0,0.5618895872060429,0.1610351452141485,1.0,0.478335105183467,0.521664894816533
16193,tS(GCU)Q1 YDR400W,0.0,NA,0.011464235372841358,2850,14847,16194,0,0.5619190935646632,0.16104424478725207,1.0,0.47830288972649077,0.5216971102735092
16194,YBR086C tW(CCA)G2,0.0,NA,0.011464235372841358,2850,14846,16195,0,0.5619485999232835,0.16105334538878843,1.0,0.47827067426951453,0.5217293257304855
16195,YJR152W tK(UUU)Q,0.0,NA,0.011464235372841358,2850,14845,16196,0,0.5619781062819037,0.1610624470189319,1.0,0.47823845881253824,0.5217615411874618
16196,tI(AAU)P1 YER052C,0.0,NA,0.011464235372841358,2850,14844,16197,0,0.562007612640524,0.1610715496778569,1.0,0.478206243355562,0.5217937566444381
16197,HRA1 YGL001C,0.0,NA,0.011464235372841358,2850,14843,16198,0,0.5620371189991443,0.16108065336573787,1.0,0.47817402789858576,0.5218259721014142
16198,YOR284W tL(CAA)K,0.0,NA,0.011464235372841358,2850,14842,16199,0,0.5620666253577646,0.16108975808274925,1.0,0.47814181244160947,0.5218581875583905
16199,YDR301W tL(CAA)L,0.0,NA,0.011464235372841358,2850,14841,16200,0,0.5620961317163848,0.16109886382906563,1.0,0.47810959698463323,0.5218904030153668
16200,snR10 YEL065W,0.0,NA,0.011464235372841358,2850,14840,16201,0,0.5621256380750052,0.1611079706048615,1.0,0.478077381527657,0.521922618472343
16201,YLR421C SUC1,0.0,NA,0.011464235372841358,2850,14839,16202,0,0.5621551444336255,0.1611170784103115,1.0,0.4780451660706807,0.5219548339293193
16202,GCD3 YAL028W,0.0,NA,0.011464235372841358,2850,14838,16203,0,0.5621846507922458,0.16112618724559022,1.0,0.47801295061370447,0.5219870493862956
16203,HRA1 YOR008C-A,0.0,NA,0.011464235372841358,2850,14837,16204,0,0.562214157150866,0.1611352971108724,1.0,0.4779807351567282,0.5220192648432718
16204,tV(AAC)M1 YDL212W,0.0,NA,0.011464235372841358,2850,14836,16205,0,0.5622436635094863,0.1611444080063327,1.0,0.47794851969975194,0.5220514803002481
16205,YHR085W tS(AGA)H,0.0,NA,0.011464235372841358,2850,14835,16206,0,0.5622731698681066,0.16115351993214588,1.0,0.4779163042427757,0.5220836957572244
16206,tT(UGU)Q1 YDR146C,0.0,NA,0.011464235372841358,2850,14834,16207,0,0.5623026762267268,0.16116263288848676,1.0,0.4778840887857994,0.5221159112142005
16207,tC(GCA)P1 YER159C-A,0.0,NA,0.011464235372841358,2850,14833,16208,0,0.5623321825853471,0.16117174687553018,1.0,0.4778518733288232,0.5221481266711768
16208,YOR113W tW(CCA)K,0.0,NA,0.011464235372841358,2850,14832,16209,0,0.5623616889439674,0.16118086189345096,1.0,0.47781965787184694,0.5221803421281531
16209,YDL125C YML045W-A,0.0,NA,0.011464235372841358,2850,14831,16210,0,0.5623911953025877,0.16118997794242407,1.0,0.47778744241487064,0.5222125575851293
16210,YDL052C tP(UGG)L,0.0,NA,0.011464235372841358,2850,14830,16211,0,0.562420701661208,0.16119909502262444,1.0,0.4777552269578944,0.5222447730421056
16211,OSR9 YDL232W,0.0,NA,0.011464235372841358,2850,14829,16212,0,0.5624502080198283,0.16120821313422704,1.0,0.4777230115009181,0.5222769884990819
16212,tS(GCU)O YDL040C,0.0,NA,0.011464235372841358,2850,14828,16213,0,0.5624797143784486,0.16121733227740695,1.0,0.4776907960439419,0.5223092039560581
16213,tA(AGC)G YDR402C,0.0,NA,0.011464235372841358,2850,14827,16214,0,0.5625092207370689,0.1612264524523392,1.0,0.47765858058696564,0.5223414194130344
16214,YNL327W tP(UGG)L,0.0,NA,0.011464235372841358,2850,14826,16215,0,0.5625387270956891,0.1612355736591989,1.0,0.47762636512998935,0.5223736348700107
16215,URR3 tW(CCA)J,0.0,NA,0.011464235372841358,2850,14825,16216,0,0.5625682334543094,0.16124469589816123,1.0,0.4775941496730131,0.5224058503269869
16216,YLR157C-A YAR014C,0.0,NA,0.011464235372841358,2850,14824,16217,0,0.5625977398129297,0.16125381916940137,1.0,0.4775619342160369,0.5224380657839631
16217,YDR281C tF(GAA)H1,0.0,NA,0.011464235372841358,2850,14823,16218,0,0.56262724617155,0.16126294347309456,1.0,0.4775297187590606,0.5224702812409394
16218,YDR099W tD(GUC)M,0.0,NA,0.011464235372841358,2850,14822,16219,0,0.5626567525301702,0.16127206880941602,1.0,0.47749750330208435,0.5225024966979157
16219,YGL090W SME2,0.0,NA,0.011464235372841358,2850,14821,16220,0,0.5626862588887905,0.16128119517854111,1.0,0.4774652878451081,0.5225347121548919
16220,MEL4 YIL083C,0.0,NA,0.011464235372841358,2850,14820,16221,0,0.5627157652474108,0.16129032258064516,1.0,0.4774330723881318,0.5225669276118682
16221,snR66 YBR012W-B,0.0,NA,0.011464235372841358,2850,14819,16222,0,0.562745271606031,0.16129945101590357,1.0,0.4774008569311556,0.5225991430688445
16222,21S_rRNA YPL016W,0.0,NA,0.011464235372841358,2850,14818,16223,0,0.5627747779646514,0.16130858048449173,1.0,0.4773686414741793,0.5226313585258207
16223,YLR007W tL(UAA)Q,0.0,NA,0.011464235372841358,2850,14817,16224,0,0.5628042843232717,0.16131771098658515,1.0,0.47733642601720305,0.522663573982797
16224,tM(CAU)M tH(GUG)G2,0.0,NA,0.011464235372841358,2850,14816,16225,0,0.562833790681892,0.16132684252235932,1.0,0.4773042105602268,0.5226957894397732
16225,YPL218W tD(GUC)J3,0.0,NA,0.011464235372841358,2850,14815,16226,0,0.5628632970405122,0.1613359750919898,1.0,0.4772719951032505,0.5227280048967494
16226,tA(AGC)K2 tN(GUU)N1,0.0,NA,0.011464235372841358,2850,14814,16227,0,0.5628928033991325,0.16134510869565216,1.0,0.4772397796462743,0.5227602203537257
16227,YCL024W MEL10,0.0,NA,0.011464235372841358,2850,14813,16228,0,0.5629223097577528,0.16135424333352205,1.0,0.47720756418929805,0.522792435810702
16228,tH(GUG)G2 snR11,0.0,NA,0.011464235372841358,2850,14812,16229,0,0.5629518161163731,0.1613633790057751,1.0,0.47717534873232176,0.5228246512676782
16229,YML075C HRA1,0.0,NA,0.011464235372841358,2850,14811,16230,0,0.5629813224749933,0.16137251571258707,1.0,0.4771431332753455,0.5228568667246545
16230,snR7-S YDL205C,0.0,NA,0.011464235372841358,2850,14810,16231,0,0.5630108288336136,0.16138165345413363,1.0,0.47711091781836923,0.5228890821816308
16231,YJL091C GRD18,0.0,NA,0.011464235372841358,2850,14809,16232,0,0.563040335192234,0.16139079223059064,1.0,0.477078702361393,0.522921297638607
16232,snR85 YCR065W,0.0,NA,0.011464235372841358,2850,14808,16233,0,0.5630698415508542,0.16139993204213388,1.0,0.47704648690441676,0.5229535130955832
16233,RDN58 YLR028C,0.0,NA,0.011464235372841358,2850,14807,16234,0,0.5630993479094745,0.16140907288893924,1.0,0.47701427144744046,0.5229857285525595
16234,snR40 YDR084C,0.0,NA,0.011464235372841358,2850,14806,16235,0,0.5631288542680948,0.1614182147711826,1.0,0.4769820559904642,0.5230179440095358
16235,tS(GCU)O tE(UUC)Q,0.0,NA,0.011464235372841358,2850,14805,16236,0,0.5631583606267151,0.16142735768903993,1.0,0.476949840533488,0.523050159466512
16236,tG(GCC)M tA(UGC)G,0.0,NA,0.011464235372841358,2850,14804,16237,0,0.5631878669853353,0.16143650164268722,1.0,0.4769176250765117,0.5230823749234883
16237,YPL144W tV(AAC)K2,0.0,NA,0.011464235372841358,2850,14803,16238,0,0.5632173733439556,0.16144564663230046,1.0,0.47688540961953546,0.5231145903804646
16238,YGL032C SUC1,0.0,NA,0.011464235372841358,2850,14802,16239,0,0.5632468797025759,0.16145479265805573,1.0,0.47685319416255917,0.5231468058374408
16239,tY(GUA)J1 YNR052C,0.0,NA,0.011464235372841358,2850,14801,16240,0,0.5632763860611962,0.16146393972012918,1.0,0.47682097870558293,0.5231790212944171
16240,tL(UAA)N YMR179W,0.0,NA,0.011464235372841358,2850,14800,16241,0,0.5633058924198164,0.16147308781869688,1.0,0.4767887632486067,0.5232112367513934
16241,YDR281C tK(CUU)D2,0.0,NA,0.011464235372841358,2850,14799,16242,0,0.5633353987784367,0.16148223695393507,1.0,0.4767565477916304,0.5232434522083695
16242,tS(GCU)Q1 YLR044C,0.0,NA,0.011464235372841358,2850,14798,16243,0,0.5633649051370571,0.16149138712601996,1.0,0.47672433233465417,0.5232756676653458
16243,YNR039C tL(CAA)K,0.0,NA,0.011464235372841358,2850,14797,16244,0,0.5633944114956774,0.16150053833512779,1.0,0.47669211687767793,0.5233078831223221
16244,tT(AGU)N1 YNL080C,0.0,NA,0.011464235372841358,2850,14796,16245,0,0.5634239178542976,0.16150969058143488,1.0,0.47665990142070164,0.5233400985792983
16245,GRD16 YLR320W,0.0,NA,0.011464235372841358,2850,14795,16246,0,0.5634534242129179,0.16151884386511758,1.0,0.4766276859637254,0.5233723140362746
16246,tL(UAA)N YML060W,0.0,NA,0.011464235372841358,2850,14794,16247,0,0.5634829305715382,0.1615279981863523,1.0,0.47659547050674916,0.5234045294932509
16247,tI(AAU)N1 YIL039W,0.0,NA,0.011464235372841358,2850,14793,16248,0,0.5635124369301584,0.16153715354531542,1.0,0.47656325504977287,0.5234367449502271
16248,OSR9 YLR106C,0.0,NA,0.011464235372841358,2850,14792,16249,0,0.5635419432887787,0.1615463099421834,1.0,0.47653103959279663,0.5234689604072034
16249,YBR276C tM(CAU)P,0.0,NA,0.011464235372841358,2850,14791,16250,0,0.563571449647399,0.1615554673771328,1.0,0.47649882413582034,0.5235011758641797
16250,YHR036W tK(CUU)F,0.0,NA,0.011464235372841358,2850,14790,16251,0,0.5636009560060193,0.16156462585034015,1.0,0.4764666086788441,0.5235333913211558
16251,SUC7 YCL014W,0.0,NA,0.011464235372841358,2850,14789,16252,0,0.5636304623646395,0.16157378536198197,1.0,0.47643439322186787,0.5235656067781321
16252,YAR002W GRD18,0.0,NA,0.011464235372841358,2850,14788,16253,0,0.5636599687232599,0.16158294591223496,1.0,0.4764021777648916,0.5235978222351084
16253,OSR8 YFR030W,0.0,NA,0.011464235372841358,2850,14787,16254,0,0.5636894750818802,0.16159210750127573,1.0,0.47636996230791534,0.5236300376920847
16254,tY(GUA)J1 tY(GUA)O,0.0,NA,0.011464235372841358,2850,14786,16255,0,0.5637189814405005,0.16160127012928102,1.0,0.4763377468509391,0.5236622531490609
16255,YBR213W tL(CAA)D,0.0,NA,0.011464235372841358,2850,14785,16256,0,0.5637484877991207,0.16161043379642756,1.0,0.4763055313939628,0.5236944686060372
16256,YHR018C RRP2,0.0,NA,0.011464235372841358,2850,14784,16257,0,0.563777994157741,0.16161959850289215,1.0,0.4762733159369866,0.5237266840630135
16257,YPR043W tA(AGC)F,0.0,NA,0.011464235372841358,2850,14783,16258,0,0.5638075005163613,0.1616287642488516,1.0,0.4762411004800103,0.5237588995199897
16258,YMR070W MAL22,0.0,NA,0.011464235372841358,2850,14782,16259,0,0.5638370068749815,0.16163793103448276,1.0,0.47620888502303405,0.523791114976966
16259,tT(AGU)B YBL051C,0.0,NA,0.011464235372841358,2850,14781,16260,0,0.5638665132336018,0.16164709885996256,1.0,0.4761766695660578,0.5238233304339422
16260,GCD3 tT(CGU)K,0.0,NA,0.011464235372841358,2850,14780,16261,0,0.5638960195922221,0.16165626772546796,1.0,0.4761444541090815,0.5238555458909184
16261,YGL026C MEL3,0.0,NA,0.011464235372841358,2850,14779,16262,0,0.5639255259508424,0.1616654376311759,1.0,0.4761122386521053,0.5238877613478947
16262,tR(UCU)Q1 YJR010C-A,0.0,NA,0.011464235372841358,2850,14778,16263,0,0.5639550323094626,0.16167460857726346,1.0,0.47608002319512904,0.523919976804871
16263,MEL5 YPL249C-A,0.0,NA,0.011464235372841358,2850,14777,16264,0,0.563984538668083,0.16168378056390764,1.0,0.47604780773815275,0.5239521922618472
16264,tY(GUA)J1 YJR140C,0.0,NA,0.011464235372841358,2850,14776,16265,0,0.5640140450267033,0.1616929535912856,1.0,0.4760155922811765,0.5239844077188235
16265,YJL164C snR83,0.0,NA,0.011464235372841358,2850,14775,16266,0,0.5640435513853236,0.16170212765957448,1.0,0.4759833768242003,0.5240166231757998
16266,YIR023W tD(GUC)L1,0.0,NA,0.011464235372841358,2850,14774,16267,0,0.5640730577439438,0.16171130276895143,1.0,0.475951161367224,0.524048838632776
16267,snR86 YBL097W,0.0,NA,0.011464235372841358,2850,14773,16268,0,0.5641025641025641,0.1617204789195937,1.0,0.47591894591024775,0.5240810540897523
16268,tK(CUU)D1 YPR158C-D,0.0,NA,0.011464235372841358,2850,14772,16269,0,0.5641320704611844,0.16172965611167858,1.0,0.47588673045327146,0.5241132695467285
16269,tA(AGC)F YLR051C,0.0,NA,0.011464235372841358,2850,14771,16270,0,0.5641615768198047,0.16173883434538336,1.0,0.4758545149962952,0.5241454850037047
16270,YER051W OSR10,0.0,NA,0.011464235372841358,2850,14770,16271,0,0.5641910831784249,0.16174801362088537,1.0,0.475822299539319,0.524177700460681
16271,YGR267C tE(UUC)G3,0.0,NA,0.011464235372841358,2850,14769,16272,0,0.5642205895370452,0.161757193938362,1.0,0.4757900840823427,0.5242099159176573
16272,YBR290W tF(GAA)P1,0.0,NA,0.011464235372841358,2850,14768,16273,0,0.5642500958956655,0.16176637529799068,1.0,0.47575786862536645,0.5242421313746336
16273,tR(ACG)Q2 YBL045C,0.0,NA,0.011464235372841358,2850,14767,16274,0,0.5642796022542858,0.16177555769994892,1.0,0.4757256531683902,0.5242743468316098
16274,Q0110 YLR346C,0.0,NA,0.011464235372841358,2850,14766,16275,0,0.5643091086129061,0.16178474114441416,1.0,0.4756934377114139,0.5243065622885861
16275,YCL024W tI(AAU)G,0.0,NA,0.011464235372841358,2850,14765,16276,0,0.5643386149715264,0.161793925631564,1.0,0.4756612222544377,0.5243387777455624
16276,tG(GCC)F1 YLR405W,0.0,NA,0.011464235372841358,2850,14764,16277,0,0.5643681213301467,0.16180311116157603,1.0,0.4756290067974614,0.5243709932025385
16277,tR(UCU)Q1 YFL018C,0.0,NA,0.011464235372841358,2850,14763,16278,0,0.5643976276887669,0.16181229773462782,1.0,0.47559679134048516,0.5244032086595148
16278,tD(GUC)B YLR212C,0.0,NA,0.011464235372841358,2850,14762,16279,0,0.5644271340473872,0.1618214853508971,1.0,0.4755645758835089,0.5244354241164911
16279,YBR233W-A YFR045W,0.0,NA,0.011464235372841358,2850,14761,16280,0,0.5644566404060075,0.1618306740105616,1.0,0.47553236042653263,0.5244676395734673
16280,YLR157C-A YMR261C,0.0,NA,0.011464235372841358,2850,14760,16281,0,0.5644861467646278,0.16183986371379896,1.0,0.4755001449695564,0.5244998550304436
16281,tM(CAU)Q1 YEL041W,0.0,NA,0.011464235372841358,2850,14759,16282,0,0.564515653123248,0.1618490544607871,1.0,0.47546792951258016,0.5245320704874199
16282,tD(GUC)N YER013W,0.0,NA,0.011464235372841358,2850,14758,16283,0,0.5645451594818683,0.16185824625170378,1.0,0.47543571405560386,0.5245642859443961
16283,ANC4 YDR054C,0.0,NA,0.011464235372841358,2850,14757,16284,0,0.5645746658404887,0.16186743908672688,1.0,0.4754034985986276,0.5245965014013724
16284,SPA1 YHR123W,0.0,NA,0.011464235372841358,2850,14756,16285,0,0.5646041721991089,0.1618766329660343,1.0,0.4753712831416514,0.5246287168583487
16285,YBR006W tL(CAA)D,0.0,NA,0.011464235372841358,2850,14755,16286,0,0.5646336785577292,0.16188582788980405,1.0,0.4753390676846751,0.5246609323153248
16286,YCL027W MEL5,0.0,NA,0.011464235372841358,2850,14754,16287,0,0.5646631849163495,0.16189502385821405,1.0,0.47530685222769886,0.5246931477723011
16287,YFL028C tL(CAA)D,0.0,NA,0.011464235372841358,2850,14753,16288,0,0.5646926912749698,0.16190422087144238,1.0,0.47527463677072257,0.5247253632292774
16288,tA(AGC)G YGL075C,0.0,NA,0.011464235372841358,2850,14752,16289,0,0.56472219763359,0.1619134189296671,1.0,0.47524242131374633,0.5247575786862536
16289,snR7-S YOR310C,0.0,NA,0.011464235372841358,2850,14751,16290,0,0.5647517039922103,0.1619226180330663,1.0,0.4752102058567701,0.5247897941432299
16290,YJL164C tI(AAU)I2,0.0,NA,0.011464235372841358,2850,14750,16291,0,0.5647812103508306,0.16193181818181818,1.0,0.4751779903997938,0.5248220096002062
16291,YKL206C tF(GAA)H2,0.0,NA,0.011464235372841358,2850,14749,16292,0,0.5648107167094509,0.16194101937610092,1.0,0.47514577494281757,0.5248542250571825
16292,tM(CAU)Q1 YPR094W,0.0,NA,0.011464235372841358,2850,14748,16293,0,0.5648402230680711,0.16195022161609274,1.0,0.47511355948584133,0.5248864405141587
16293,YHR112C Q0065,0.0,NA,0.011464235372841358,2850,14747,16294,0,0.5648697294266914,0.16195942490197193,1.0,0.47508134402886504,0.524918655971135
16294,tT(AGU)D YGR056W,0.0,NA,0.011464235372841358,2850,14746,16295,0,0.5648992357853118,0.1619686292339168,1.0,0.4750491285718888,0.5249508714281113
16295,tV(AAC)E2 YMR046C,0.0,NA,0.011464235372841358,2850,14745,16296,0,0.5649287421439321,0.16197783461210571,1.0,0.4750169131149125,0.5249830868850874
16296,RDN5 YJR076C,0.0,NA,0.011464235372841358,2850,14744,16297,0,0.5649582485025523,0.16198704103671707,1.0,0.4749846976579363,0.5250153023420637
16297,YOR343W-A YML045W-A,0.0,NA,0.011464235372841358,2850,14743,16298,0,0.5649877548611726,0.1619962485079293,1.0,0.47495248220096004,0.52504751779904
16298,YJL087C OSR2,0.0,NA,0.011464235372841358,2850,14742,16299,0,0.5650172612197929,0.16200545702592087,1.0,0.47492026674398374,0.5250797332560162
16299,YDL028C tC(GCA)G,0.0,NA,0.011464235372841358,2850,14741,16300,0,0.5650467675784131,0.16201466659087033,1.0,0.4748880512870075,0.5251119487129925
16300,YOL072W tA(AGC)H,0.0,NA,0.011464235372841358,2850,14740,16301,0,0.5650762739370334,0.16202387720295622,1.0,0.47485583583003127,0.5251441641699688
16301,tI(UAU)L YIL104C,0.0,NA,0.011464235372841358,2850,14739,16302,0,0.5651057802956537,0.16203308886235715,1.0,0.474823620373055,0.525176379626945
16302,YCR036W tD(GUC)J4,0.0,NA,0.011464235372841358,2850,14738,16303,0,0.565135286654274,0.16204230156925176,1.0,0.47479140491607874,0.5252085950839213
16303,YFL057C tN(GUU)P,0.0,NA,0.011464235372841358,2850,14737,16304,0,0.5651647930128942,0.16205151532381873,1.0,0.4747591894591025,0.5252408105408976
16304,MEL3 YKL011C,0.0,NA,0.011464235372841358,2850,14736,16305,0,0.5651942993715146,0.16206073012623678,1.0,0.4747269740021262,0.5252730259978737
16305,YIL119C tI(UAU)L,0.0,NA,0.011464235372841358,2850,14735,16306,0,0.5652238057301349,0.16206994597668467,1.0,0.47469475854515,0.52530524145485
16306,RDN5 YLR277C,0.0,NA,0.011464235372841358,2850,14734,16307,0,0.5652533120887552,0.16207916287534122,1.0,0.4746625430881737,0.5253374569118263
16307,tK(CUU)D1 YGR120C,0.0,NA,0.011464235372841358,2850,14733,16308,0,0.5652828184473754,0.16208838082238525,1.0,0.47463032763119745,0.5253696723688025
16308,YOR160W tE(CUC)I,0.0,NA,0.011464235372841358,2850,14732,16309,0,0.5653123248059957,0.16209759981799568,1.0,0.4745981121742212,0.5254018878257788
16309,tK(UUU)O YNL108C,0.0,NA,0.011464235372841358,2850,14731,16310,0,0.565341831164616,0.1621068198623514,1.0,0.4745658967172449,0.5254341032827551
16310,GRD10 OSR3,0.0,NA,0.011464235372841358,2850,14730,16311,0,0.5653713375232362,0.1621160409556314,1.0,0.4745336812602687,0.5254663187397314
16311,snR81 YLR075W,0.0,NA,0.011464235372841358,2850,14729,16312,0,0.5654008438818565,0.16212526309801467,1.0,0.47450146580329244,0.5254985341967076
16312,YBL055C tK(CUU)G3,0.0,NA,0.011464235372841358,2850,14728,16313,0,0.5654303502404768,0.16213448628968027,1.0,0.47446925034631615,0.5255307496536838
16313,YER161C tK(UUU)L,0.0,NA,0.011464235372841358,2850,14727,16314,0,0.5654598565990971,0.1621437105308073,1.0,0.4744370348893399,0.5255629651106601
16314,snR19 YDR316W-A,0.0,NA,0.011464235372841358,2850,14726,16315,0,0.5654893629577173,0.16215293582157486,1.0,0.4744048194323636,0.5255951805676363
16315,YLR004C MAL42,0.0,NA,0.011464235372841358,2850,14725,16316,0,0.5655188693163377,0.16216216216216217,1.0,0.4743726039753874,0.5256273960246126
16316,tY(GUA)J1 YMR070W,0.0,NA,0.011464235372841358,2850,14724,16317,0,0.565548375674958,0.16217138955274837,1.0,0.47434038851841115,0.5256596114815889
16317,tI(AAU)P1 YIL119C,0.0,NA,0.011464235372841358,2850,14723,16318,0,0.5655778820335783,0.16218061799351277,1.0,0.47430817306143486,0.5256918269385651
16318,tD(GUC)I1 DBF1,0.0,NA,0.011464235372841358,2850,14722,16319,0,0.5656073883921985,0.16218984748463464,1.0,0.4742759576044586,0.5257240423955414
16319,tE(CUC)I YER044C,0.0,NA,0.011464235372841358,2850,14721,16320,0,0.5656368947508188,0.16219907802629333,1.0,0.4742437421474824,0.5257562578525177
16320,tD(GUC)L2 YGR007W,0.0,NA,0.011464235372841358,2850,14720,16321,0,0.5656664011094391,0.1622083096186682,1.0,0.4742115266905061,0.5257884733094939
16321,YDR135C GRD14,0.0,NA,0.011464235372841358,2850,14719,16322,0,0.5656959074680593,0.16221754226193863,1.0,0.47417931123352985,0.5258206887664701
16322,YNL292W YPR036W-A,0.0,NA,0.011464235372841358,2850,14718,16323,0,0.5657254138266796,0.16222677595628415,1.0,0.4741470957765536,0.5258529042234464
16323,STA2 YGL033W,0.0,NA,0.011464235372841358,2850,14717,16324,0,0.5657549201852999,0.1622360107018842,1.0,0.4741148803195773,0.5258851196804226
16324,YMR116C R0030W,0.0,NA,0.011464235372841358,2850,14716,16325,0,0.5657844265439202,0.16224524649891836,1.0,0.4740826648626011,0.5259173351373989
16325,tA(AGC)F YNR058W,0.0,NA,0.011464235372841358,2850,14715,16326,0,0.5658139329025405,0.16225448334756618,1.0,0.4740504494056248,0.5259495505943752
16326,tI(AAU)I1 YML121W,0.0,NA,0.011464235372841358,2850,14714,16327,0,0.5658434392611608,0.16226372124800728,1.0,0.47401823394864856,0.5259817660513514
16327,GCD3 tK(CUU)G2,0.0,NA,0.011464235372841358,2850,14713,16328,0,0.5658729456197811,0.16227296020042134,1.0,0.4739860184916723,0.5260139815083277
16328,YLR390W-A RDN5,0.0,NA,0.011464235372841358,2850,14712,16329,0,0.5659024519784014,0.16228220020498804,1.0,0.47395380303469603,0.526046196965304
16329,YBR217W tN(GUU)F,0.0,NA,0.011464235372841358,2850,14711,16330,0,0.5659319583370216,0.16229144126188713,1.0,0.4739215875777198,0.5260784124222803
16330,GRD3 YDL038C,0.0,NA,0.011464235372841358,2850,14710,16331,0,0.5659614646956419,0.1623006833712984,1.0,0.47388937212074356,0.5261106278792564
16331,YIR005W tP(UGG)M,0.0,NA,0.011464235372841358,2850,14709,16332,0,0.5659909710542622,0.16230992653340168,1.0,0.47385715666376726,0.5261428433362327
16332,YML055W tM(CAU)O1,0.0,NA,0.011464235372841358,2850,14708,16333,0,0.5660204774128825,0.16231917074837682,1.0,0.47382494120679103,0.526175058793209
16333,YKR019C tI(AAU)I2,0.0,NA,0.011464235372841358,2850,14707,16334,0,0.5660499837715027,0.16232841601640371,1.0,0.47379272574981474,0.5262072742501852
16334,YLR139C HRA1,0.0,NA,0.011464235372841358,2850,14706,16335,0,0.566079490130123,0.16233766233766234,1.0,0.4737605102928385,0.5262394897071615
16335,YFL002W-B tP(UGG)M,0.0,NA,0.011464235372841358,2850,14705,16336,0,0.5661089964887434,0.16234690971233268,1.0,0.47372829483586226,0.5262717051641378
16336,tW(CCA)J YNL072W,0.0,NA,0.011464235372841358,2850,14704,16337,0,0.5661385028473636,0.16235615814059473,1.0,0.47369607937888597,0.526303920621114
16337,YDL236W tY(GUA)J2,0.0,NA,0.011464235372841358,2850,14703,16338,0,0.5661680092059839,0.1623654076226286,1.0,0.47366386392190973,0.5263361360780903
16338,YLL061W MAL42,0.0,NA,0.011464235372841358,2850,14702,16339,0,0.5661975155646042,0.1623746581586144,1.0,0.4736316484649335,0.5263683515350666
16339,tT(AGU)H tY(GUA)D,0.0,NA,0.011464235372841358,2850,14701,16340,0,0.5662270219232245,0.16238390974873226,1.0,0.4735994330079572,0.5264005669920427
16340,snR36 tK(CUU)E1,0.0,NA,0.011464235372841358,2850,14700,16341,0,0.5662565282818447,0.1623931623931624,1.0,0.47356721755098097,0.526432782449019
16341,tT(AGU)N1 YFR032C-A,0.0,NA,0.011464235372841358,2850,14699,16342,0,0.566286034640465,0.16240241609208503,1.0,0.47353500209400473,0.5264649979059953
16342,tV(AAC)K2 YOL068C,0.0,NA,0.011464235372841358,2850,14698,16343,0,0.5663155409990853,0.16241167084568042,1.0,0.47350278663702844,0.5264972133629715
16343,YDR142C MEL5,0.0,NA,0.011464235372841358,2850,14697,16344,0,0.5663450473577056,0.1624209266541289,1.0,0.4734705711800522,0.5265294288199478
16344,tV(UAC)Q YNL135C,0.0,NA,0.011464235372841358,2850,14696,16345,0,0.5663745537163258,0.16243018351761085,1.0,0.4734383557230759,0.5265616442769241
16345,YKL180W tD(GUC)Q,0.0,NA,0.011464235372841358,2850,14695,16346,0,0.5664040600749461,0.16243944143630665,1.0,0.4734061402660997,0.5265938597339003
16346,GRD5 YOL123W,0.0,NA,0.011464235372841358,2850,14694,16347,0,0.5664335664335665,0.16244870041039672,1.0,0.47337392480912344,0.5266260751908766
16347,YML011C tR(UCU)G1,0.0,NA,0.011464235372841358,2850,14693,16348,0,0.5664630727921867,0.16245796044006156,1.0,0.47334170935214714,0.5266582906478529
16348,RDN58 YKR055W,0.0,NA,0.011464235372841358,2850,14692,16349,0,0.566492579150807,0.1624672215254817,1.0,0.4733094938951709,0.5266905061048291
16349,tH(GUG)Q YLL005C,0.0,NA,0.011464235372841358,2850,14691,16350,0,0.5665220855094273,0.1624764836668377,1.0,0.47327727843819467,0.5267227215618053
16350,tF(GAA)P2 YKL196C,0.0,NA,0.011464235372841358,2850,14690,16351,0,0.5665515918680476,0.16248574686431014,1.0,0.4732450629812184,0.5267549370187816
16351,TER1 YIL103W,0.0,NA,0.011464235372841358,2850,14689,16352,0,0.5665810982266678,0.1624950111180797,1.0,0.47321284752424214,0.5267871524757579
16352,YPL273W PFK4,0.0,NA,0.011464235372841358,2850,14688,16353,0,0.5666106045852881,0.16250427642832707,1.0,0.47318063206726585,0.5268193679327341
16353,tL(UAA)N YOL064C,0.0,NA,0.011464235372841358,2850,14687,16354,0,0.5666401109439084,0.16251354279523295,1.0,0.4731484166102896,0.5268515833897104
16354,tF(GAA)G YMR065W,0.0,NA,0.011464235372841358,2850,14686,16355,0,0.5666696173025287,0.1625228102189781,1.0,0.4731162011533134,0.5268837988466867
16355,tA(AGC)M2 YPL275W,0.0,NA,0.011464235372841358,2850,14685,16356,0,0.5666991236611489,0.16253207869974337,1.0,0.4730839856963371,0.5269160143036629
16356,YBR084C-A tS(AGA)B,0.0,NA,0.011464235372841358,2850,14684,16357,0,0.5667286300197693,0.1625413482377096,1.0,0.47305177023936085,0.5269482297606392
16357,YPL007C tK(CUU)C,0.0,NA,0.011464235372841358,2850,14683,16358,0,0.5667581363783896,0.16255061883305766,1.0,0.4730195547823846,0.5269804452176154
16358,YIL016W tF(GAA)H2,0.0,NA,0.011464235372841358,2850,14682,16359,0,0.5667876427370099,0.16255989048596853,1.0,0.4729873393254083,0.5270126606745916
16359,tK(CUU)D1 YOL140W,0.0,NA,0.011464235372841358,2850,14681,16360,0,0.5668171490956301,0.16256916319662312,1.0,0.4729551238684321,0.5270448761315679
16360,GRD5 YGL141W,0.0,NA,0.011464235372841358,2850,14680,16361,0,0.5668466554542504,0.16257843696520252,1.0,0.4729229084114558,0.5270770915885442
16361,tD(GUC)L2 YKL190W,0.0,NA,0.011464235372841358,2850,14679,16362,0,0.5668761618128707,0.16258771179188772,1.0,0.47289069295447955,0.5271093070455204
16362,Q0110 tI(AAU)G,0.0,NA,0.011464235372841358,2850,14678,16363,0,0.5669056681714909,0.16259698767685987,1.0,0.4728584774975033,0.5271415225024967
16363,YDR083W tR(UCU)G1,0.0,NA,0.011464235372841358,2850,14677,16364,0,0.5669351745301112,0.16260626462030012,1.0,0.472826262040527,0.527173737959473
16364,YPL154C tE(UUC)E3,0.0,NA,0.011464235372841358,2850,14676,16365,0,0.5669646808887315,0.1626155426223896,1.0,0.4727940465835508,0.5272059534164492
16365,tL(UAA)B1 YER078C,0.0,NA,0.011464235372841358,2850,14675,16366,0,0.5669941872473518,0.16262482168330955,1.0,0.47276183112657455,0.5272381688734255
16366,GCD3 YMR310C,0.0,NA,0.011464235372841358,2850,14674,16367,0,0.567023693605972,0.16263410180324128,1.0,0.47272961566959826,0.5272703843304017
16367,PFK4 tP(UGG)O3,0.0,NA,0.011464235372841358,2850,14673,16368,0,0.5670531999645924,0.16264338298236602,1.0,0.472697400212622,0.527302599787378
16368,YMR272C tE(UUC)Q,0.0,NA,0.011464235372841358,2850,14672,16369,0,0.5670827063232127,0.1626526652208652,1.0,0.4726651847556458,0.5273348152443542
16369,RRP2 YLR435W,0.0,NA,0.011464235372841358,2850,14671,16370,0,0.567112212681833,0.16266194851892016,1.0,0.4726329692986695,0.5273670307013305
16370,snR82 YGL105W,0.0,NA,0.011464235372841358,2850,14670,16371,0,0.5671417190404532,0.16267123287671234,1.0,0.47260075384169326,0.5273992461583068
16371,tM(CAU)Q2 YNL047C,0.0,NA,0.011464235372841358,2850,14669,16372,0,0.5671712253990735,0.1626805182944232,1.0,0.47256853838471696,0.527431461615283
16372,YCL052C MEL4,0.0,NA,0.011464235372841358,2850,14668,16373,0,0.5672007317576938,0.16268980477223427,1.0,0.4725363229277407,0.5274636770722593
16373,tH(GUG)Q YBL051C,0.0,NA,0.011464235372841358,2850,14667,16374,0,0.567230238116314,0.16269909231032711,1.0,0.4725041074707645,0.5274958925292356
16374,tV(AAC)L YDR346C,0.0,NA,0.011464235372841358,2850,14666,16375,0,0.5672597444749343,0.16270838090888332,1.0,0.4724718920137882,0.5275281079862117
16375,tK(UUU)D YBR162W-A,0.0,NA,0.011464235372841358,2850,14665,16376,0,0.5672892508335546,0.1627176705680845,1.0,0.47243967655681196,0.527560323443188
16376,tT(AGU)H YPL008W,0.0,NA,0.011464235372841358,2850,14664,16377,0,0.567318757192175,0.16272696128811237,1.0,0.4724074610998357,0.5275925389001643
16377,YKR069W snR18,0.0,NA,0.011464235372841358,2850,14663,16378,0,0.5673482635507952,0.16273625306914863,1.0,0.47237524564285943,0.5276247543571405
16378,tD(GUC)O tM(CAU)O1,0.0,NA,0.011464235372841358,2850,14662,16379,0,0.5673777699094155,0.16274554591137505,1.0,0.4723430301858832,0.5276569698141168
16379,PDR7 YKL171W,0.0,NA,0.011464235372841358,2850,14661,16380,0,0.5674072762680358,0.16275483981497343,1.0,0.4723108147289069,0.5276891852710931
16380,tD(GUC)J2 OSR7,0.0,NA,0.011464235372841358,2850,14660,16381,0,0.5674367826266561,0.16276413478012564,1.0,0.47227859927193067,0.5277214007280693
16381,tY(GUA)M1 YLR432W,0.0,NA,0.011464235372841358,2850,14659,16382,0,0.5674662889852763,0.16277343080701354,1.0,0.47224638381495443,0.5277536161850456
16382,ANC4 tD(GUC)K,0.0,NA,0.011464235372841358,2850,14658,16383,0,0.5674957953438966,0.16278272789581905,1.0,0.47221416835797814,0.5277858316420219
16383,tV(AAC)G3 YOR293W,0.0,NA,0.011464235372841358,2850,14657,16384,0,0.5675253017025169,0.16279202604672416,1.0,0.4721819529010019,0.527818047098998
16384,MAL22 SUC1,0.0,NA,0.011464235372841358,2850,14656,16385,0,0.5675548080611372,0.1628013252599109,1.0,0.47214973744402566,0.5278502625559743
16385,tL(GAG)G Q0045,0.0,NA,0.011464235372841358,2850,14655,16386,0,0.5675843144197574,0.16281062553556128,1.0,0.47211752198704937,0.5278824780129506
16386,tT(AGU)O2 YCL043C,0.0,NA,0.011464235372841358,2850,14654,16387,0,0.5676138207783777,0.1628199268738574,1.0,0.47208530653007313,0.5279146934699269
16387,YLR360W SUC7,0.0,NA,0.011464235372841358,2850,14653,16388,0,0.567643327136998,0.16282922927498142,1.0,0.4720530910730969,0.5279469089269031
16388,tE(CUC)I YOR287C,0.0,NA,0.011464235372841358,2850,14652,16389,0,0.5676728334956183,0.16283853273911553,1.0,0.4720208756161206,0.5279791243838794
16389,tD(GUC)L1 YHR148W,0.0,NA,0.011464235372841358,2850,14651,16390,0,0.5677023398542386,0.16284783726644192,1.0,0.47198866015914437,0.5280113398408557
16390,YJL146W tE(CUC)I,0.0,NA,0.011464235372841358,2850,14650,16391,0,0.5677318462128589,0.16285714285714287,1.0,0.4719564447021681,0.5280435552978319
16391,tY(GUA)O YJR141W,0.0,NA,0.011464235372841358,2850,14649,16392,0,0.5677613525714792,0.16286644951140064,1.0,0.47192422924519184,0.5280757707548082
16392,tD(GUC)B YER043C,0.0,NA,0.011464235372841358,2850,14648,16393,0,0.5677908589300994,0.16287575722939765,1.0,0.4718920137882156,0.5281079862117845
16393,YMR172W tI(UAU)D,0.0,NA,0.011464235372841358,2850,14647,16394,0,0.5678203652887197,0.16288506601131622,1.0,0.4718597983312393,0.5281402016687606
16394,tD(GUC)Q YJR010W,0.0,NA,0.011464235372841358,2850,14646,16395,0,0.56784987164734,0.16289437585733882,1.0,0.4718275828742631,0.5281724171257369
16395,tD(GUC)J3 YMR078C,0.0,NA,0.011464235372841358,2850,14645,16396,0,0.5678793780059603,0.1629036867676479,1.0,0.47179536741728684,0.5282046325827132
16396,tF(GAA)D YLR153C,0.0,NA,0.011464235372841358,2850,14644,16397,0,0.5679088843645805,0.16291299874242599,1.0,0.47176315196031054,0.5282368480396894
16397,tW(CCA)J YHR028C,0.0,NA,0.011464235372841358,2850,14643,16398,0,0.5679383907232008,0.1629223117818556,1.0,0.4717309365033343,0.5282690634966657
16398,tK(CUU)D1 YPL113C,0.0,NA,0.011464235372841358,2850,14642,16399,0,0.5679678970818212,0.16293162588611937,1.0,0.471698721046358,0.528301278953642
16399,snR30 YML060W,0.0,NA,0.011464235372841358,2850,14641,16400,0,0.5679974034404414,0.1629409410553999,1.0,0.4716665055893818,0.5283334944106182
16400,GRD14 YDR321W,0.0,NA,0.011464235372841358,2850,14640,16401,0,0.5680269097990617,0.16295025728987994,1.0,0.47163429013240554,0.5283657098675945
16401,YDR495C tN(GUU)P,0.0,NA,0.011464235372841358,2850,14639,16402,0,0.568056416157682,0.1629595745897421,1.0,0.47160207467542925,0.5283979253245707
16402,tT(AGU)O1 YOR010C,0.0,NA,0.011464235372841358,2850,14638,16403,0,0.5680859225163023,0.16296889295516925,1.0,0.471569859218453,0.5284301407815469
16403,Q0115 tY(GUA)J2,0.0,NA,0.011464235372841358,2850,14637,16404,0,0.5681154288749225,0.16297821238634413,1.0,0.4715376437614768,0.5284623562385232
16404,tC(GCA)Q snR9,0.0,NA,0.011464235372841358,2850,14636,16405,0,0.5681449352335428,0.1629875328834496,1.0,0.4715054283045005,0.5284945716954995
16405,YOR380W STA2,0.0,NA,0.011464235372841358,2850,14635,16406,0,0.5681744415921631,0.16299685444666856,1.0,0.47147321284752425,0.5285267871524758
16406,tT(UGU)Q1 YPL131W,0.0,NA,0.011464235372841358,2850,14634,16407,0,0.5682039479507834,0.16300617707618395,1.0,0.471440997390548,0.528559002609452
16407,HRA1 NUP63,0.0,NA,0.011464235372841358,2850,14633,16408,0,0.5682334543094036,0.1630155007721787,1.0,0.4714087819335717,0.5285912180664283
16408,tY(GUA)J1 YLR262C,0.0,NA,0.011464235372841358,2850,14632,16409,0,0.568262960668024,0.16302482553483583,1.0,0.4713765664765955,0.5286234335234046
16409,SME2 YLL063C,0.0,NA,0.011464235372841358,2850,14631,16410,0,0.5682924670266443,0.16303415136433844,1.0,0.4713443510196192,0.5286556489803808
16410,YDR273W MAL42,0.0,NA,0.011464235372841358,2850,14630,16411,0,0.5683219733852646,0.16304347826086957,1.0,0.47131213556264295,0.528687864437357
16411,MAL62 YLR246W,0.0,NA,0.011464235372841358,2850,14629,16412,0,0.5683514797438848,0.16305280622461238,1.0,0.4712799201056667,0.5287200798943333
16412,tG(GCC)F1 tD(GUC)N,0.0,NA,0.011464235372841358,2850,14628,16413,0,0.5683809861025051,0.16306213525575008,1.0,0.4712477046486904,0.5287522953513095
16413,YNL227C tH(GUG)H,0.0,NA,0.011464235372841358,2850,14627,16414,0,0.5684104924611254,0.16307146535446587,1.0,0.4712154891917142,0.5287845108082858
16414,YCL069W tQ(UUG)B,0.0,NA,0.011464235372841358,2850,14626,16415,0,0.5684399988197456,0.163080796520943,1.0,0.47118327373473795,0.5288167262652621
16415,tR(ACG)L YHR203C,0.0,NA,0.011464235372841358,2850,14625,16416,0,0.5684695051783659,0.1630901287553648,1.0,0.47115105827776166,0.5288489417222383
16416,YLR229C RDN25,0.0,NA,0.011464235372841358,2850,14624,16417,0,0.5684990115369862,0.16309946205791462,1.0,0.4711188428207854,0.5288811571792146
16417,OSR8 YPL130W,0.0,NA,0.011464235372841358,2850,14623,16418,0,0.5685285178956065,0.16310879642877582,1.0,0.47108662736380913,0.5289133726361909
16418,tN(GUU)N1 YAL030W,0.0,NA,0.011464235372841358,2850,14622,16419,0,0.5685580242542267,0.16311813186813187,1.0,0.4710544119068329,0.528945588093167
16419,tL(UAA)N YNR070W,0.0,NA,0.011464235372841358,2850,14621,16420,0,0.5685875306128471,0.1631274683761662,1.0,0.47102219644985666,0.5289778035501433
16420,tT(AGU)D YDR293C,0.0,NA,0.011464235372841358,2850,14620,16421,0,0.5686170369714674,0.1631368059530624,1.0,0.47098998099288036,0.5290100190071196
16421,tD(GUC)N YJL071W,0.0,NA,0.011464235372841358,2850,14619,16422,0,0.5686465433300877,0.16314614459900395,1.0,0.4709577655359041,0.5290422344640959
16422,tY(GUA)M2 YLR238W,0.0,NA,0.011464235372841358,2850,14618,16423,0,0.5686760496887079,0.16315548431417448,1.0,0.4709255500789279,0.5290744499210721
16423,tR(UCU)G2 YBR067C,0.0,NA,0.011464235372841358,2850,14617,16424,0,0.5687055560473282,0.16316482509875765,1.0,0.4708933346219516,0.5291066653780484
16424,tP(UGG)O2 tD(GUC)Q,0.0,NA,0.011464235372841358,2850,14616,16425,0,0.5687350624059485,0.16317416695293713,1.0,0.47086111916497536,0.5291388808350247
16425,MUP2 YKL045W,0.0,NA,0.011464235372841358,2850,14615,16426,0,0.5687645687645687,0.16318350987689664,1.0,0.4708289037079991,0.5291710962920009
16426,YOR237W tY(GUA)M2,0.0,NA,0.011464235372841358,2850,14614,16427,0,0.568794075123189,0.16319285387081997,1.0,0.47079668825102283,0.5292033117489772
16427,YJR139C RDN25,0.0,NA,0.011464235372841358,2850,14613,16428,0,0.5688235814818093,0.1632021989348909,1.0,0.4707644727940466,0.5292355272059535
16428,tT(AGU)N2 YER064C,0.0,NA,0.011464235372841358,2850,14612,16429,0,0.5688530878404296,0.16321154506929333,1.0,0.4707322573370703,0.5292677426629296
16429,YOR165W tN(GUU)L,0.0,NA,0.011464235372841358,2850,14611,16430,0,0.5688825941990499,0.1632208922742111,1.0,0.47070004188009407,0.5292999581199059
16430,tR(UCU)G3 YOR109W,0.0,NA,0.011464235372841358,2850,14610,16431,0,0.5689121005576702,0.16323024054982818,1.0,0.47066782642311783,0.5293321735768822
16431,YEL055C tI(AAU)E1,0.0,NA,0.011464235372841358,2850,14609,16432,0,0.5689416069162905,0.16323958989632853,1.0,0.47063561096614154,0.5293643890338584
16432,tT(AGU)D YPR173C,0.0,NA,0.011464235372841358,2850,14608,16433,0,0.5689711132749108,0.1632489403138962,1.0,0.4706033955091653,0.5293966044908347
16433,YNR008W snR85,0.0,NA,0.011464235372841358,2850,14607,16434,0,0.569000619633531,0.16325829180271526,1.0,0.47057118005218906,0.529428819947811
16434,tK(CUU)G2 YOL089C,0.0,NA,0.011464235372841358,2850,14606,16435,0,0.5690301259921513,0.16326764436296975,1.0,0.47053896459521277,0.5294610354047872
16435,tD(GUC)B YNL039W,0.0,NA,0.011464235372841358,2850,14605,16436,0,0.5690596323507716,0.16327699799484388,1.0,0.47050674913823654,0.5294932508617635
16436,GRD18 YDR235W,0.0,NA,0.011464235372841358,2850,14604,16437,0,0.5690891387093919,0.16328635269852182,1.0,0.47047453368126024,0.5295254663187398
16437,YOL155C GRD14,0.0,NA,0.011464235372841358,2850,14603,16438,0,0.5691186450680121,0.1632957084741878,1.0,0.470442318224284,0.5295576817757159
16438,tP(UGG)O2 YFL005W,0.0,NA,0.011464235372841358,2850,14602,16439,0,0.5691481514266324,0.16330506532202613,1.0,0.47041010276730777,0.5295898972326922
16439,GRD3 YOL012C,0.0,NA,0.011464235372841358,2850,14601,16440,0,0.5691776577852528,0.16331442324222106,1.0,0.4703778873103315,0.5296221126896685
16440,tV(AAC)M1 YDR163W,0.0,NA,0.011464235372841358,2850,14600,16441,0,0.569207164143873,0.16332378223495703,1.0,0.47034567185335524,0.5296543281466448
16441,YGL173C tN(GUU)N1,0.0,NA,0.011464235372841358,2850,14599,16442,0,0.5692366705024933,0.16333314230041837,1.0,0.470313456396379,0.529686543603621
16442,tG(GCC)F1 YHR023W,0.0,NA,0.011464235372841358,2850,14598,16443,0,0.5692661768611136,0.16334250343878953,1.0,0.4702812409394027,0.5297187590605973
16443,tA(AGC)G YDR064W,0.0,NA,0.011464235372841358,2850,14597,16444,0,0.5692956832197339,0.16335186565025506,1.0,0.4702490254824265,0.5297509745175736
16444,tT(UGU)Q1 YMR063W,0.0,NA,0.011464235372841358,2850,14596,16445,0,0.5693251895783541,0.16336122893499944,1.0,0.47021681002545024,0.5297831899745498
16445,YER144C tG(GCC)G2,0.0,NA,0.011464235372841358,2850,14595,16446,0,0.5693546959369744,0.16337059329320722,1.0,0.47018459456847395,0.529815405431526
16446,YMR283C tV(AAC)H,0.0,NA,0.011464235372841358,2850,14594,16447,0,0.5693842022955947,0.16337995872506306,1.0,0.4701523791114977,0.5298476208885023
16447,YLR361C tD(GUC)I2,0.0,NA,0.011464235372841358,2850,14593,16448,0,0.569413708654215,0.1633893252307516,1.0,0.4701201636545214,0.5298798363454785
16448,tE(UUC)Q YOR323C,0.0,NA,0.011464235372841358,2850,14592,16449,0,0.5694432150128352,0.16339869281045752,1.0,0.4700879481975452,0.5299120518024548
16449,tF(GAA)G YHR104W,0.0,NA,0.011464235372841358,2850,14591,16450,0,0.5694727213714555,0.16340806146436557,1.0,0.47005573274056894,0.5299442672594311
16450,tR(ACG)D tR(UCU)G1,0.0,NA,0.011464235372841358,2850,14590,16451,0,0.5695022277300759,0.16341743119266056,1.0,0.47002351728359265,0.5299764827164073
16451,tT(UGU)Q1 tA(AGC)K2,0.0,NA,0.011464235372841358,2850,14589,16452,0,0.5695317340886961,0.16342680199552725,1.0,0.4699913018266164,0.5300086981733836
16452,YBL041W tE(UUC)Q,0.0,NA,0.011464235372841358,2850,14588,16453,0,0.5695612404473164,0.1634361738731506,1.0,0.4699590863696402,0.5300409136303599
16453,tL(UAA)K YIL046W,0.0,NA,0.011464235372841358,2850,14587,16454,0,0.5695907468059367,0.16344554682571544,1.0,0.4699268709126639,0.5300731290873361
16454,tI(AAU)E1 YDR082W,0.0,NA,0.011464235372841358,2850,14586,16455,0,0.569620253164557,0.16345492085340674,1.0,0.46989465545568765,0.5301053445443124
16455,YDR073W tL(UAA)Q,0.0,NA,0.011464235372841358,2850,14585,16456,0,0.5696497595231772,0.16346429595640952,1.0,0.46986243999871136,0.5301375600012886
16456,MAL61 YNL052W,0.0,NA,0.011464235372841358,2850,14584,16457,0,0.5696792658817975,0.1634736721349088,1.0,0.4698302245417351,0.5301697754582648
16457,YPL203W tK(CUU)E1,0.0,NA,0.011464235372841358,2850,14583,16458,0,0.5697087722404178,0.16348304938908967,1.0,0.4697980090847589,0.5302019909152411
16458,tK(CUU)K snR42,0.0,NA,0.011464235372841358,2850,14582,16459,0,0.5697382785990381,0.16349242771913722,1.0,0.4697657936277826,0.5302342063722174
16459,tG(GCC)G2 tF(GAA)Q,0.0,NA,0.011464235372841358,2850,14581,16460,0,0.5697677849576583,0.16350180712523665,1.0,0.46973357817080635,0.5302664218291937
16460,tD(GUC)O YDR403W,0.0,NA,0.011464235372841358,2850,14580,16461,0,0.5697972913162787,0.16351118760757316,1.0,0.4697013627138301,0.5302986372861699
16461,YDR054C tG(UCC)Q,0.0,NA,0.011464235372841358,2850,14579,16462,0,0.569826797674899,0.16352056916633198,1.0,0.4696691472568538,0.5303308527431462
16462,YMR006C tK(CUU)G2,0.0,NA,0.011464235372841358,2850,14578,16463,0,0.5698563040335193,0.1635299518016984,1.0,0.4696369317998776,0.5303630682001225
16463,YLR399C tD(GUC)J3,0.0,NA,0.011464235372841358,2850,14577,16464,0,0.5698858103921395,0.1635393355138578,1.0,0.46960471634290135,0.5303952836570986
16464,OSR8 YJR106W,0.0,NA,0.011464235372841358,2850,14576,16465,0,0.5699153167507598,0.16354872030299553,1.0,0.46957250088592506,0.5304274991140749
16465,tM(CAU)D YHR106W,0.0,NA,0.011464235372841358,2850,14575,16466,0,0.5699448231093801,0.16355810616929697,1.0,0.4695402854289488,0.5304597145710512
16466,tP(AGG)N YBR233W-A,0.0,NA,0.011464235372841358,2850,14574,16467,0,0.5699743294680003,0.16356749311294766,1.0,0.46950806997197253,0.5304919300280274
16467,YPL040C tP(UGG)L,0.0,NA,0.011464235372841358,2850,14573,16468,0,0.5700038358266206,0.16357688113413305,1.0,0.4694758545149963,0.5305241454850037
16468,YIL131C tF(GAA)H2,0.0,NA,0.011464235372841358,2850,14572,16469,0,0.5700333421852409,0.16358627023303868,1.0,0.46944363905802006,0.53055636094198
16469,snR18 YLL043W,0.0,NA,0.011464235372841358,2850,14571,16470,0,0.5700628485438612,0.16359566040985019,1.0,0.46941142360104376,0.5305885763989562
16470,GRD17 YEL034W,0.0,NA,0.011464235372841358,2850,14570,16471,0,0.5700923549024814,0.16360505166475317,1.0,0.46937920814406753,0.5306207918559325
16471,tD(GUC)N YKL192C,0.0,NA,0.011464235372841358,2850,14569,16472,0,0.5701218612611018,0.1636144439979333,1.0,0.4693469926870913,0.5306530073129088
16472,MEL3 YNL292W,0.0,NA,0.011464235372841358,2850,14568,16473,0,0.5701513676197221,0.1636238374095763,1.0,0.469314777230115,0.530685222769885
16473,YDR255C tD(GUC)Q,0.0,NA,0.011464235372841358,2850,14567,16474,0,0.5701808739783424,0.16363323189986795,1.0,0.46928256177313876,0.5307174382268612
16474,MAL22 YIL014W,0.0,NA,0.011464235372841358,2850,14566,16475,0,0.5702103803369626,0.16364262746899402,1.0,0.46925034631616247,0.5307496536838375
16475,YOR202W OSR8,0.0,NA,0.011464235372841358,2850,14565,16476,0,0.5702398866955829,0.1636520241171404,1.0,0.46921813085918623,0.5307818691408137
16476,tF(GAA)N YNL016W,0.0,NA,0.011464235372841358,2850,14564,16477,0,0.5702693930542032,0.16366142184449295,1.0,0.46918591540221,0.53081408459779
16477,YBR223C tD(GUC)D,0.0,NA,0.011464235372841358,2850,14563,16478,0,0.5702988994128234,0.1636708206512376,1.0,0.4691536999452337,0.5308463000547663
16478,OSR3 YDL148C,0.0,NA,0.011464235372841358,2850,14562,16479,0,0.5703284057714437,0.16368022053756032,1.0,0.46912148448825747,0.5308785155117426
16479,YER007C-A OSR7,0.0,NA,0.011464235372841358,2850,14561,16480,0,0.570357912130064,0.16368962150364713,1.0,0.46908926903128123,0.5309107309687188
16480,RDN18 YGL170C,0.0,NA,0.011464235372841358,2850,14560,16481,0,0.5703874184886844,0.1636990235496841,1.0,0.46905705357430494,0.5309429464256951
16481,YHR052W tK(CUU)F,0.0,NA,0.011464235372841358,2850,14559,16482,0,0.5704169248473046,0.1637084266758573,1.0,0.4690248381173287,0.5309751618826714
16482,GCD3 YER124C,0.0,NA,0.011464235372841358,2850,14558,16483,0,0.5704464312059249,0.16371783088235295,1.0,0.4689926226603524,0.5310073773396475
16483,YMR083W OSR3,0.0,NA,0.011464235372841358,2850,14557,16484,0,0.5704759375645452,0.16372723616935717,1.0,0.4689604072033762,0.5310395927966238
16484,snR85 YGL216W,0.0,NA,0.011464235372841358,2850,14556,16485,0,0.5705054439231655,0.1637366425370562,1.0,0.46892819174639994,0.5310718082536001
16485,YDR400W tI(AAU)D,0.0,NA,0.011464235372841358,2850,14555,16486,0,0.5705349502817857,0.1637460499856363,1.0,0.46889597628942364,0.5311040237105763
16486,snR38 YDR098C-A,0.0,NA,0.011464235372841358,2850,14554,16487,0,0.570564456640406,0.16375545851528384,1.0,0.4688637608324474,0.5311362391675526
16487,YOR239W tN(GUU)F,0.0,NA,0.011464235372841358,2850,14553,16488,0,0.5705939629990263,0.16376486812618515,1.0,0.46883154537547117,0.5311684546245289
16488,MEL10 YEL036C,0.0,NA,0.011464235372841358,2850,14552,16489,0,0.5706234693576465,0.1637742788185266,1.0,0.4687993299184949,0.5312006700815051
16489,tN(GUU)O2 YAL009W,0.0,NA,0.011464235372841358,2850,14551,16490,0,0.5706529757162668,0.16378369059249467,1.0,0.46876711446151864,0.5312328855384814
16490,YML102W snR87,0.0,NA,0.011464235372841358,2850,14550,16491,0,0.5706824820748871,0.16379310344827586,1.0,0.4687348990045424,0.5312651009954577
16491,YGL135W snR7-L,0.0,NA,0.011464235372841358,2850,14549,16492,0,0.5707119884335075,0.16380251738605667,1.0,0.4687026835475661,0.5312973164524338
16492,YNL093W MEL4,0.0,NA,0.011464235372841358,2850,14548,16493,0,0.5707414947921277,0.16381193240602368,1.0,0.4686704680905899,0.5313295319094101
16493,tL(UAA)J YOR192C-A,0.0,NA,0.011464235372841358,2850,14547,16494,0,0.570771001150748,0.16382134850836352,1.0,0.4686382526336136,0.5313617473663864
16494,YHL009W-A YCL025C,0.0,NA,0.011464235372841358,2850,14546,16495,0,0.5708005075093683,0.16383076569326283,1.0,0.46860603717663735,0.5313939628233626
16495,MEL2 YOR191W,0.0,NA,0.011464235372841358,2850,14545,16496,0,0.5708300138679886,0.1638401839609083,1.0,0.4685738217196611,0.5314261782803389
16496,snR7-L tV(AAC)E2,0.0,NA,0.011464235372841358,2850,14544,16497,0,0.5708595202266088,0.1638496033114867,1.0,0.4685416062626848,0.5314583937373152
16497,URR3 YHR019C,0.0,NA,0.011464235372841358,2850,14543,16498,0,0.5708890265852291,0.16385902374518485,1.0,0.4685093908057086,0.5314906091942915
16498,YDR229W tE(UUC)G2,0.0,NA,0.011464235372841358,2850,14542,16499,0,0.5709185329438494,0.16386844526218952,1.0,0.46847717534873234,0.5315228246512677
16499,YDR421W MAL43,0.0,NA,0.011464235372841358,2850,14541,16500,0,0.5709480393024697,0.1638778678626876,1.0,0.46844495989175605,0.531555040108244
16500,tL(CAA)M tK(CUU)G3,0.0,NA,0.011464235372841358,2850,14540,16501,0,0.5709775456610899,0.16388729154686602,1.0,0.4684127444347798,0.5315872555652202
16501,tE(CUC)I YNL099C,0.0,NA,0.011464235372841358,2850,14539,16502,0,0.5710070520197102,0.16389671631491173,1.0,0.4683805289778035,0.5316194710221964
16502,YPL051W tL(UAA)N,0.0,NA,0.011464235372841358,2850,14538,16503,0,0.5710365583783306,0.16390614216701174,1.0,0.4683483135208273,0.5316516864791727
16503,YOR255W GRD16,0.0,NA,0.011464235372841358,2850,14537,16504,0,0.5710660647369508,0.1639155691033531,1.0,0.46831609806385105,0.531683901936149
16504,YOR026W tS(AGA)G,0.0,NA,0.011464235372841358,2850,14536,16505,0,0.5710955710955711,0.16392499712412287,1.0,0.46828388260687476,0.5317161173931252
16505,OSR8 YOR208W,0.0,NA,0.011464235372841358,2850,14535,16506,0,0.5711250774541914,0.16393442622950818,1.0,0.4682516671498985,0.5317483328501015
16506,OSR9 YCR048W,0.0,NA,0.011464235372841358,2850,14534,16507,0,0.5711545838128117,0.16394385641969628,1.0,0.4682194516929223,0.5317805483070778
16507,YER052C tS(AGA)H,0.0,NA,0.011464235372841358,2850,14533,16508,0,0.5711840901714319,0.1639532876948743,1.0,0.468187236235946,0.531812763764054
16508,YCR020W-B tR(UCU)G1,0.0,NA,0.011464235372841358,2850,14532,16509,0,0.5712135965300522,0.16396272005522955,1.0,0.46815502077896975,0.5318449792210302
16509,TER1 YHR075C,0.0,NA,0.011464235372841358,2850,14531,16510,0,0.5712431028886725,0.16397215350094932,1.0,0.4681228053219935,0.5318771946780065
16510,YPL253C tM(CAU)D,0.0,NA,0.011464235372841358,2850,14530,16511,0,0.5712726092472928,0.16398158803222093,1.0,0.4680905898650172,0.5319094101349827
16511,YBR084C-A TSF1,0.0,NA,0.011464235372841358,2850,14529,16512,0,0.571302115605913,0.16399102364923182,1.0,0.468058374408041,0.531941625591959
16512,PFK5 YDR123C,0.0,NA,0.011464235372841358,2850,14528,16513,0,0.5713316219645334,0.16400046035216942,1.0,0.4680261589510647,0.5319738410489353
16513,SME2 YJR094W-A,0.0,NA,0.011464235372841358,2850,14527,16514,0,0.5713611283231537,0.16400989814122116,1.0,0.46799394349408846,0.5320060565059115
16514,tE(UUC)G2 YBL072C,0.0,NA,0.011464235372841358,2850,14526,16515,0,0.5713906346817739,0.1640193370165746,1.0,0.4679617280371122,0.5320382719628878
16515,YPL227C tI(AAU)G,0.0,NA,0.011464235372841358,2850,14525,16516,0,0.5714201410403942,0.16402877697841728,1.0,0.46792951258013593,0.5320704874198641
16516,tR(UCU)G2 YDL075W,0.0,NA,0.011464235372841358,2850,14524,16517,0,0.5714496473990145,0.1640382180269368,1.0,0.4678972971231597,0.5321027028768404
16517,YIR001C tI(AAU)G,0.0,NA,0.011464235372841358,2850,14523,16518,0,0.5714791537576348,0.16404766016232084,1.0,0.46786508166618346,0.5321349183338165
16518,YPL043W tD(GUC)J4,0.0,NA,0.011464235372841358,2850,14522,16519,0,0.571508660116255,0.16405710338475707,1.0,0.46783286620920717,0.5321671337907928
16519,tD(GUC)M YPR173C,0.0,NA,0.011464235372841358,2850,14521,16520,0,0.5715381664748753,0.16406654769443324,1.0,0.46780065075223093,0.5321993492477691
16520,tD(GUC)B YDR324C,0.0,NA,0.011464235372841358,2850,14520,16521,0,0.5715676728334956,0.16407599309153714,1.0,0.46776843529525464,0.5322315647047453
16521,tR(UCU)Q1 tR(UCU)G3,0.0,NA,0.011464235372841358,2850,14519,16522,0,0.571597179192116,0.16408543957625654,1.0,0.4677362198382784,0.5322637801617216
16522,YOR219C snR49,0.0,NA,0.011464235372841358,2850,14518,16523,0,0.5716266855507361,0.16409488714877937,1.0,0.46770400438130216,0.5322959956186979
16523,tY(GUA)M1 YPL026C,0.0,NA,0.011464235372841358,2850,14517,16524,0,0.5716561919093565,0.16410433580929348,1.0,0.46767178892432587,0.5323282110756741
16524,YJR132W tP(UGG)M,0.0,NA,0.011464235372841358,2850,14516,16525,0,0.5716856982679768,0.16411378555798686,1.0,0.46763957346734963,0.5323604265326504
16525,YDR009W tP(UGG)Q,0.0,NA,0.011464235372841358,2850,14515,16526,0,0.5717152046265971,0.1641232363950475,1.0,0.4676073580103734,0.5323926419896267
16526,TER1 YOR250C,0.0,NA,0.011464235372841358,2850,14514,16527,0,0.5717447109852173,0.16413268832066344,1.0,0.4675751425533971,0.5324248574466028
16527,URR3 YBR093C,0.0,NA,0.011464235372841358,2850,14513,16528,0,0.5717742173438376,0.16414214133502275,1.0,0.46754292709642087,0.5324570729035791
16528,YLR028C tI(AAU)G,0.0,NA,0.011464235372841358,2850,14512,16529,0,0.5718037237024579,0.16415159543831356,1.0,0.46751071163944463,0.5324892883605554
16529,tM(CAU)Q2 YOR127W,0.0,NA,0.011464235372841358,2850,14511,16530,0,0.5718332300610781,0.16416105063072403,1.0,0.46747849618246834,0.5325215038175316
16530,YMR294W ESC3,0.0,NA,0.011464235372841358,2850,14510,16531,0,0.5718627364196984,0.1641705069124424,1.0,0.4674462807254921,0.5325537192745079
16531,tF(GAA)P2 YOR383C,0.0,NA,0.011464235372841358,2850,14509,16532,0,0.5718922427783187,0.1641799642836569,1.0,0.4674140652685158,0.5325859347314842
16532,tM(CAU)O1 YER081W,0.0,NA,0.011464235372841358,2850,14508,16533,0,0.571921749136939,0.16418942274455584,1.0,0.4673818498115396,0.5326181501884604
16533,tK(CUU)D1 YPR185W,0.0,NA,0.011464235372841358,2850,14507,16534,0,0.5719512554955593,0.16419888229532753,1.0,0.46734963435456334,0.5326503656454367
16534,YDR164C snR85,0.0,NA,0.011464235372841358,2850,14506,16535,0,0.5719807618541796,0.1642083429361604,1.0,0.46731741889758704,0.532682581102413
16535,A1 YER043C,0.0,NA,0.011464235372841358,2850,14505,16536,0,0.5720102682127999,0.16421780466724287,1.0,0.4672852034406108,0.5327147965593892
16536,YBR131W tP(UGG)N1,0.0,NA,0.011464235372841358,2850,14504,16537,0,0.5720397745714202,0.1642272674887634,1.0,0.46725298798363457,0.5327470120163654
16537,YDL046W tN(GUU)N2,0.0,NA,0.011464235372841358,2850,14503,16538,0,0.5720692809300404,0.1642367314009105,1.0,0.4672207725266583,0.5327792274733417
16538,tR(UCU)G2 YMR037C,0.0,NA,0.011464235372841358,2850,14502,16539,0,0.5720987872886607,0.16424619640387275,1.0,0.46718855706968204,0.532811442930318
16539,RDN5 YEL044W,0.0,NA,0.011464235372841358,2850,14501,16540,0,0.572128293647281,0.16425566249783874,1.0,0.46715634161270575,0.5328436583872942
16540,tT(UGU)Q1 YMR182C,0.0,NA,0.011464235372841358,2850,14500,16541,0,0.5721578000059012,0.1642651296829971,1.0,0.4671241261557295,0.5328758738442705
16541,tA(UGC)Q YBR078W,0.0,NA,0.011464235372841358,2850,14499,16542,0,0.5721873063645215,0.16427459795953658,1.0,0.4670919106987533,0.5329080893012468
16542,tF(GAA)N YOL117W,0.0,NA,0.011464235372841358,2850,14498,16543,0,0.5722168127231418,0.16428406732764583,1.0,0.467059695241777,0.532940304758223
16543,tT(UGU)H YJL103C,0.0,NA,0.011464235372841358,2850,14497,16544,0,0.5722463190817622,0.16429353778751368,1.0,0.46702747978480075,0.5329725202151993
16544,tD(GUC)J2 YIR002C,0.0,NA,0.011464235372841358,2850,14496,16545,0,0.5722758254403824,0.16430300933932895,1.0,0.4669952643278245,0.5330047356721755
16545,YNL117W tN(GUU)N1,0.0,NA,0.011464235372841358,2850,14495,16546,0,0.5723053317990027,0.1643124819832805,1.0,0.4669630488708482,0.5330369511291517
16546,YLR303W AWA1,0.0,NA,0.011464235372841358,2850,14494,16547,0,0.572334838157623,0.16432195571955718,1.0,0.466930833413872,0.533069166586128
16547,YLR450W tD(GUC)L1,0.0,NA,0.011464235372841358,2850,14493,16548,0,0.5723643445162433,0.16433143054834803,1.0,0.46689861795689575,0.5331013820431043
16548,YBR180W OSR7,0.0,NA,0.011464235372841358,2850,14492,16549,0,0.5723938508748635,0.164340906469842,1.0,0.46686640249991945,0.5331335975000805
16549,tR(UCU)G3 YNL135C,0.0,NA,0.011464235372841358,2850,14491,16550,0,0.5724233572334838,0.16435038348422812,1.0,0.4668341870429432,0.5331658129570568
16550,YPR007C RDN18,0.0,NA,0.011464235372841358,2850,14490,16551,0,0.5724528635921041,0.1643598615916955,1.0,0.4668019715859669,0.5331980284140331
16551,YDR314C YDR034C-D,0.0,NA,0.011464235372841358,2850,14489,16552,0,0.5724823699507244,0.16436934079243323,1.0,0.4667697561289907,0.5332302438710093
16552,YHR154W tE(UUC)E3,0.0,NA,0.011464235372841358,2850,14488,16553,0,0.5725118763093446,0.16437882108663052,1.0,0.46673754067201445,0.5332624593279855
16553,YNL039W tT(AGU)B,0.0,NA,0.011464235372841358,2850,14487,16554,0,0.572541382667965,0.16438830247447656,1.0,0.46670532521503816,0.5332946747849618
16554,YDR397C tF(GAA)P2,0.0,NA,0.011464235372841358,2850,14486,16555,0,0.5725708890265853,0.1643977849561606,1.0,0.4666731097580619,0.5333268902419381
16555,tR(UCU)G2 YOR023C,0.0,NA,0.011464235372841358,2850,14485,16556,0,0.5726003953852055,0.16440726853187193,1.0,0.4666408943010857,0.5333591056989143
16556,tM(CAU)O2 YGL018C,0.0,NA,0.011464235372841358,2850,14484,16557,0,0.5726299017438258,0.16441675320179994,1.0,0.4666086788441094,0.5333913211558906
16557,R0030W YER137C-A,0.0,NA,0.011464235372841358,2850,14483,16558,0,0.5726594081024461,0.16442623896613395,1.0,0.46657646338713316,0.5334235366128669
16558,tT(AGU)I1 tF(GAA)Q,0.0,NA,0.011464235372841358,2850,14482,16559,0,0.5726889144610664,0.16443572582506347,1.0,0.46654424793015686,0.5334557520698431
16559,YMR316W tC(GCA)G,0.0,NA,0.011464235372841358,2850,14481,16560,0,0.5727184208196866,0.1644452137787779,1.0,0.4665120324731806,0.5334879675268194
16560,YGR238C RDN5,0.0,NA,0.011464235372841358,2850,14480,16561,0,0.5727479271783069,0.16445470282746683,1.0,0.4664798170162044,0.5335201829837957
16561,YBR201W R0030W,0.0,NA,0.011464235372841358,2850,14479,16562,0,0.5727774335369272,0.16446419297131976,1.0,0.4664476015592281,0.5335523984407718
16562,ANC4 YHR042W,0.0,NA,0.011464235372841358,2850,14478,16563,0,0.5728069398955475,0.16447368421052633,1.0,0.46641538610225186,0.5335846138977481
16563,tI(AAU)N1 YOR358W,0.0,NA,0.011464235372841358,2850,14477,16564,0,0.5728364462541677,0.16448317654527617,1.0,0.4663831706452756,0.5336168293547244
16564,GCD3 YOL105C,0.0,NA,0.011464235372841358,2850,14476,16565,0,0.572865952612788,0.16449266997575898,1.0,0.46635095518829933,0.5336490448117006
16565,snR65 YKL138C-A,0.0,NA,0.011464235372841358,2850,14475,16566,0,0.5728954589714084,0.1645021645021645,1.0,0.4663187397313231,0.5336812602686769
16566,tE(UUC)G2 YOR043W,0.0,NA,0.011464235372841358,2850,14474,16567,0,0.5729249653300286,0.16451166012468252,1.0,0.46628652427434686,0.5337134757256532
16567,tM(CAU)O2 YMR194W,0.0,NA,0.011464235372841358,2850,14473,16568,0,0.5729544716886489,0.16452115684350285,1.0,0.46625430881737057,0.5337456911826294
16568,YNL128W RDN25,0.0,NA,0.011464235372841358,2850,14472,16569,0,0.5729839780472692,0.1645306546588154,1.0,0.46622209336039433,0.5337779066396057
16569,MUP2 YBL051C,0.0,NA,0.011464235372841358,2850,14471,16570,0,0.5730134844058895,0.16454015357081,1.0,0.46618987790341804,0.533810122096582
16570,tT(AGU)O2 tL(UAA)Q,0.0,NA,0.011464235372841358,2850,14470,16571,0,0.5730429907645097,0.16454965357967669,1.0,0.4661576624464418,0.5338423375535581
16571,tD(GUC)J3 YGL203C,0.0,NA,0.011464235372841358,2850,14469,16572,0,0.57307249712313,0.1645591546856054,1.0,0.46612544698946556,0.5338745530105344
16572,GRD17 YDR402C,0.0,NA,0.011464235372841358,2850,14468,16573,0,0.5731020034817503,0.16456865688878625,1.0,0.46609323153248927,0.5339067684675107
16573,YDR312W tV(AAC)H,0.0,NA,0.011464235372841358,2850,14467,16574,0,0.5731315098403706,0.16457816018940924,1.0,0.46606101607551303,0.533938983924487
16574,YDL031W tR(ACG)E,0.0,NA,0.011464235372841358,2850,14466,16575,0,0.5731610161989908,0.16458766458766458,1.0,0.4660288006185368,0.5339711993814632
16575,R0030W YGR096W,0.0,NA,0.011464235372841358,2850,14465,16576,0,0.5731905225576112,0.16459717008374242,1.0,0.4659965851615605,0.5340034148384395
16576,tT(UGU)Q1 YOR010C,0.0,NA,0.011464235372841358,2850,14464,16577,0,0.5732200289162315,0.16460667667783296,1.0,0.46596436970458427,0.5340356302954158
16577,YGR118W SUC5,0.0,NA,0.011464235372841358,2850,14463,16578,0,0.5732495352748518,0.16461618437012648,1.0,0.465932154247608,0.534067845752392
16578,YFR003C tL(CAA)K,0.0,NA,0.011464235372841358,2850,14462,16579,0,0.573279041633472,0.1646256931608133,1.0,0.46589993879063174,0.5341000612093683
16579,ANC4 YGL087C,0.0,NA,0.011464235372841358,2850,14461,16580,0,0.5733085479920923,0.16463520305008375,1.0,0.4658677233336555,0.5341322766663446
16580,tI(AAU)P1 YGL246C,0.0,NA,0.011464235372841358,2850,14460,16581,0,0.5733380543507126,0.16464471403812825,1.0,0.4658355078766792,0.5341644921233207
16581,YML011C OSR8,0.0,NA,0.011464235372841358,2850,14459,16582,0,0.5733675607093328,0.16465422612513722,1.0,0.465803292419703,0.534196707580297
16582,YER075C tN(GUU)O2,0.0,NA,0.011464235372841358,2850,14458,16583,0,0.5733970670679531,0.16466373931130113,1.0,0.46577107696272674,0.5342289230372733
16583,tR(UCU)G3 YHR150W,0.0,NA,0.011464235372841358,2850,14457,16584,0,0.5734265734265734,0.16467325359681054,1.0,0.46573886150575045,0.5342611384942495
16584,YIL046W MAL41,0.0,NA,0.011464235372841358,2850,14456,16585,0,0.5734560797851938,0.164682768981856,1.0,0.4657066460487742,0.5342933539512258
16585,tT(AGU)O1 YMR108W,0.0,NA,0.011464235372841358,2850,14455,16586,0,0.573485586143814,0.16469228546662815,1.0,0.46567443059179797,0.5343255694082021
16586,tV(AAC)G1 YKR046C,0.0,NA,0.011464235372841358,2850,14454,16587,0,0.5735150925024343,0.16470180305131762,1.0,0.4656422151348217,0.5343577848651783
16587,YJL056C tW(CCA)M,0.0,NA,0.011464235372841358,2850,14453,16588,0,0.5735445988610546,0.16471132173611513,1.0,0.46560999967784544,0.5343900003221546
16588,YPL164C tL(UAA)L,0.0,NA,0.011464235372841358,2850,14452,16589,0,0.5735741052196749,0.16472084152121141,1.0,0.46557778422086915,0.5344222157791308
16589,YPL265W MAL22,0.0,NA,0.011464235372841358,2850,14451,16590,0,0.5736036115782951,0.16473036240679728,1.0,0.4655455687638929,0.534454431236107
16590,SME2 YER147C,0.0,NA,0.011464235372841358,2850,14450,16591,0,0.5736331179369154,0.16473988439306358,1.0,0.4655133533069167,0.5344866466930833
16591,SUC3 YDR098C,0.0,NA,0.011464235372841358,2850,14449,16592,0,0.5736626242955357,0.16474940748020117,1.0,0.4654811378499404,0.5345188621500596
16592,YOR284W tN(GUU)N2,0.0,NA,0.011464235372841358,2850,14448,16593,0,0.5736921306541559,0.16475893166840097,1.0,0.46544892239296415,0.5345510776070359
16593,YNL102W tG(GCC)F2,0.0,NA,0.011464235372841358,2850,14447,16594,0,0.5737216370127762,0.16476845695785397,1.0,0.4654167069359879,0.5345832930640121
16594,tV(AAC)L YLR045C,0.0,NA,0.011464235372841358,2850,14446,16595,0,0.5737511433713965,0.16477798334875116,1.0,0.4653844914790116,0.5346155085209884
16595,tD(GUC)G2 YKR004C,0.0,NA,0.011464235372841358,2850,14445,16596,0,0.5737806497300169,0.1647875108412836,1.0,0.4653522760220354,0.5346477239779647
16596,YJR143C tK(UUU)P,0.0,NA,0.011464235372841358,2850,14444,16597,0,0.5738101560886371,0.16479703943564242,1.0,0.4653200605650591,0.5346799394349409
16597,tV(AAC)G3 YPL116W,0.0,NA,0.011464235372841358,2850,14443,16598,0,0.5738396624472574,0.16480656913201874,1.0,0.46528784510808285,0.5347121548919171
16598,tS(GCU)Q1 YIL002C,0.0,NA,0.011464235372841358,2850,14442,16599,0,0.5738691688058777,0.16481609993060375,1.0,0.4652556296511066,0.5347443703488934
16599,SPA1 YGL005C,0.0,NA,0.011464235372841358,2850,14441,16600,0,0.573898675164498,0.1648256318315887,1.0,0.4652234141941303,0.5347765858058696
16600,tG(GCC)F1 YCR093W,0.0,NA,0.011464235372841358,2850,14440,16601,0,0.5739281815231182,0.16483516483516483,1.0,0.4651911987371541,0.5348088012628459
16601,YDR446W PFK4,0.0,NA,0.011464235372841358,2850,14439,16602,0,0.5739576878817385,0.1648446989415235,1.0,0.46515898328017785,0.5348410167198222
16602,snR41 tT(UGU)G1,0.0,NA,0.011464235372841358,2850,14438,16603,0,0.5739871942403588,0.1648542341508561,1.0,0.46512676782320156,0.5348732321767984
16603,YOL045W tA(AGC)H,0.0,NA,0.011464235372841358,2850,14437,16604,0,0.5740167005989791,0.16486377046335396,1.0,0.4650945523662253,0.5349054476337747
16604,YHR063C tV(AAC)G3,0.0,NA,0.011464235372841358,2850,14436,16605,0,0.5740462069575993,0.16487330787920862,1.0,0.46506233690924903,0.534937663090751
16605,YKL116C tV(AAC)G2,0.0,NA,0.011464235372841358,2850,14435,16606,0,0.5740757133162196,0.1648828463986115,1.0,0.4650301214522728,0.5349698785477272
16606,YBR274W tS(GCU)F,0.0,NA,0.011464235372841358,2850,14434,16607,0,0.57410521967484,0.1648923860217542,1.0,0.46499790599529656,0.5350020940047034
16607,YGL254W snR40,0.0,NA,0.011464235372841358,2850,14433,16608,0,0.5741347260334602,0.16490192674882834,1.0,0.46496569053832026,0.5350343094616797
16608,tT(AGU)N2 YBL063W,0.0,NA,0.011464235372841358,2850,14432,16609,0,0.5741642323920805,0.16491146858002545,1.0,0.464933475081344,0.5350665249186559
16609,SUC3 YAL056W,0.0,NA,0.011464235372841358,2850,14431,16610,0,0.5741937387507008,0.16492101151553729,1.0,0.4649012596243678,0.5350987403756322
16610,HRA1 YLR396C,0.0,NA,0.011464235372841358,2850,14430,16611,0,0.5742232451093211,0.16493055555555555,1.0,0.4648690441673915,0.5351309558326085
16611,YAL055W tT(AGU)I2,0.0,NA,0.011464235372841358,2850,14429,16612,0,0.5742527514679413,0.164940100700272,1.0,0.46483682871041526,0.5351631712895848
16612,snR57 PFK4,0.0,NA,0.011464235372841358,2850,14428,16613,0,0.5742822578265616,0.16494964694987846,1.0,0.464804613253439,0.535195386746561
16613,tR(UCU)G2 YML064C,0.0,NA,0.011464235372841358,2850,14427,16614,0,0.5743117641851819,0.16495919430456676,1.0,0.46477239779646273,0.5352276022035373
16614,tD(GUC)G2 YLR325C,0.0,NA,0.011464235372841358,2850,14426,16615,0,0.5743412705438022,0.16496874276452883,1.0,0.4647401823394865,0.5352598176605136
16615,tT(AGU)I1 tM(CAU)P,0.0,NA,0.011464235372841358,2850,14425,16616,0,0.5743707769024224,0.1649782923299566,1.0,0.4647079668825102,0.5352920331174897
16616,YDR052C snR40,0.0,NA,0.011464235372841358,2850,14424,16617,0,0.5744002832610428,0.16498784300104202,1.0,0.46467575142553397,0.535324248574466
16617,YDR255C tT(AGU)B,0.0,NA,0.011464235372841358,2850,14423,16618,0,0.5744297896196631,0.1649973947779772,1.0,0.46464353596855773,0.5353564640314423
16618,tV(AAC)E1 YDR089W,0.0,NA,0.011464235372841358,2850,14422,16619,0,0.5744592959782833,0.16500694766095414,1.0,0.46461132051158144,0.5353886794884185
16619,RDN18 YHR079C-A,0.0,NA,0.011464235372841358,2850,14421,16620,0,0.5744888023369036,0.16501650165016502,1.0,0.4645791050546052,0.5354208949453948
16620,YHR065C MAL43,0.0,NA,0.011464235372841358,2850,14420,16621,0,0.5745183086955239,0.16502605674580198,1.0,0.46454688959762896,0.5354531104023711
16621,GRD5 YER044C,0.0,NA,0.011464235372841358,2850,14419,16622,0,0.5745478150541442,0.16503561294805721,1.0,0.4645146741406527,0.5354853258593473
16622,tD(GUC)G2 YGL019W,0.0,NA,0.011464235372841358,2850,14418,16623,0,0.5745773214127644,0.165045170257123,1.0,0.46448245868367644,0.5355175413163236
16623,tY(GUA)J1 YER031C,0.0,NA,0.011464235372841358,2850,14417,16624,0,0.5746068277713847,0.16505472867319163,1.0,0.46445024322670014,0.5355497567732999
16624,YNL286W tP(UGG)H,0.0,NA,0.011464235372841358,2850,14416,16625,0,0.574636334130005,0.16506428819645547,1.0,0.4644180277697239,0.535581972230276
16625,MEL10 YHR150W,0.0,NA,0.011464235372841358,2850,14415,16626,0,0.5746658404886253,0.16507384882710685,1.0,0.46438581231274767,0.5356141876872523
16626,YDR412W snR86,0.0,NA,0.011464235372841358,2850,14414,16627,0,0.5746953468472455,0.1650834105653383,1.0,0.4643535968557714,0.5356464031442286
16627,YGR221C tD(GUC)J4,0.0,NA,0.011464235372841358,2850,14413,16628,0,0.5747248532058659,0.1650929734113422,1.0,0.46432138139879514,0.5356786186012048
16628,YOR374W tS(GCU)F,0.0,NA,0.011464235372841358,2850,14412,16629,0,0.5747543595644862,0.16510253736531108,1.0,0.4642891659418189,0.5357108340581811
16629,YOR281C RDN58,0.0,NA,0.011464235372841358,2850,14411,16630,0,0.5747838659231064,0.16511210242743757,1.0,0.4642569504848426,0.5357430495151574
16630,tT(AGU)N1 YPL148C,0.0,NA,0.011464235372841358,2850,14410,16631,0,0.5748133722817267,0.16512166859791425,1.0,0.4642247350278664,0.5357752649721337
16631,YMR010W A1,0.0,NA,0.011464235372841358,2850,14409,16632,0,0.574842878640347,0.16513123587693376,1.0,0.46419251957089014,0.5358074804291099
16632,tG(GCC)G2 YDR293C,0.0,NA,0.011464235372841358,2850,14408,16633,0,0.5748723849989673,0.16514080426468883,1.0,0.46416030411391385,0.5358396958860862
16633,tD(GUC)D YGR161W-B,0.0,NA,0.011464235372841358,2850,14407,16634,0,0.5749018913575875,0.1651503737613722,1.0,0.4641280886569376,0.5358719113430624
16634,tD(GUC)B R0010W,0.0,NA,0.011464235372841358,2850,14406,16635,0,0.5749313977162078,0.16515994436717663,1.0,0.4640958731999613,0.5359041268000386
16635,YDR210C-D tI(AAU)N1,0.0,NA,0.011464235372841358,2850,14405,16636,0,0.5749609040748281,0.165169516082295,1.0,0.4640636577429851,0.5359363422570149
16636,YOR358W tT(AGU)I2,0.0,NA,0.011464235372841358,2850,14404,16637,0,0.5749904104334485,0.16517908890692012,1.0,0.46403144228600884,0.5359685577139912
16637,YHL009W-A YOL031C,0.0,NA,0.011464235372841358,2850,14403,16638,0,0.5750199167920687,0.165188662841245,1.0,0.46399922682903255,0.5360007731709674
16638,YPR073C tA(UGC)G,0.0,NA,0.011464235372841358,2850,14402,16639,0,0.575049423150689,0.16519823788546256,1.0,0.4639670113720563,0.5360329886279437
16639,YOR295W tK(CUU)F,0.0,NA,0.011464235372841358,2850,14401,16640,0,0.5750789295093093,0.1652078140397658,1.0,0.4639347959150801,0.53606520408492
16640,tG(UCC)Q YHR041C,0.0,NA,0.011464235372841358,2850,14400,16641,0,0.5751084358679296,0.16521739130434782,1.0,0.4639025804581038,0.5360974195418962
16641,YOR075W snR87,0.0,NA,0.011464235372841358,2850,14399,16642,0,0.5751379422265498,0.1652269696794017,1.0,0.46387036500112755,0.5361296349988725
16642,tK(CUU)G2 YDR047W,0.0,NA,0.011464235372841358,2850,14398,16643,0,0.5751674485851701,0.1652365491651206,1.0,0.46383814954415126,0.5361618504558487
16643,YGL104C tP(UGG)L,0.0,NA,0.011464235372841358,2850,14397,16644,0,0.5751969549437904,0.1652461297616977,1.0,0.463805934087175,0.5361940659128249
16644,tM(CAU)C YMR131C,0.0,NA,0.011464235372841358,2850,14396,16645,0,0.5752264613024106,0.16525571146932622,1.0,0.4637737186301988,0.5362262813698012
16645,YMR083W snR87,0.0,NA,0.011464235372841358,2850,14395,16646,0,0.5752559676610309,0.16526529428819947,1.0,0.4637415031732225,0.5362584968267775
16646,YIL096C tS(AGA)G,0.0,NA,0.011464235372841358,2850,14394,16647,0,0.5752854740196512,0.16527487821851078,1.0,0.46370928771624625,0.5362907122837537
16647,tT(AGU)O1 YCR060W,0.0,NA,0.011464235372841358,2850,14393,16648,0,0.5753149803782716,0.1652844632604535,1.0,0.46367707225927,0.53632292774073
16648,tI(AAU)P1 YEL046C,0.0,NA,0.011464235372841358,2850,14392,16649,0,0.5753444867368918,0.1652940494142211,1.0,0.4636448568022937,0.5363551431977063
16649,YBL098W DBF1,0.0,NA,0.011464235372841358,2850,14391,16650,0,0.5753739930955121,0.16530363668000697,1.0,0.4636126413453175,0.5363873586546826
16650,tH(GUG)G2 YBR274W,0.0,NA,0.011464235372841358,2850,14390,16651,0,0.5754034994541324,0.16531322505800464,1.0,0.46358042588834125,0.5364195741116587
16651,YIL094C tE(CUC)I,0.0,NA,0.011464235372841358,2850,14389,16652,0,0.5754330058127527,0.1653228145484077,1.0,0.46354821043136496,0.536451789568635
16652,YGL105W tM(CAU)D,0.0,NA,0.011464235372841358,2850,14388,16653,0,0.5754625121713729,0.16533240515140968,1.0,0.4635159949743887,0.5364840050256113
16653,YGL062W tV(AAC)M2,0.0,NA,0.011464235372841358,2850,14387,16654,0,0.5754920185299932,0.16534199686720427,1.0,0.46348377951741243,0.5365162204825875
16654,YLR250W tW(CCA)G2,0.0,NA,0.011464235372841358,2850,14386,16655,0,0.5755215248886135,0.16535158969598515,1.0,0.4634515640604362,0.5365484359395638
16655,YHL009W-A YGR104C,0.0,NA,0.011464235372841358,2850,14385,16656,0,0.5755510312472337,0.16536118363794605,1.0,0.46341934860345996,0.5365806513965401
16656,YNL139C tS(AGA)G,0.0,NA,0.011464235372841358,2850,14384,16657,0,0.575580537605854,0.16537077869328073,1.0,0.46338713314648367,0.5366128668535163
16657,tW(CCA)J YNL225C,0.0,NA,0.011464235372841358,2850,14383,16658,0,0.5756100439644743,0.16538037486218302,1.0,0.46335491768950743,0.5366450823104926
16658,YCL069W tP(UGG)Q,0.0,NA,0.011464235372841358,2850,14382,16659,0,0.5756395503230947,0.1653899721448468,1.0,0.4633227022325312,0.5366772977674689
16659,tH(GUG)G2 YOR357C,0.0,NA,0.011464235372841358,2850,14381,16660,0,0.5756690566817149,0.16539957054146595,1.0,0.4632904867755549,0.536709513224445
16660,tY(GUA)D YBR202W,0.0,NA,0.011464235372841358,2850,14380,16661,0,0.5756985630403352,0.16540917005223446,1.0,0.46325827131857866,0.5367417286814213
16661,TSF1 YFR046C,0.0,NA,0.011464235372841358,2850,14379,16662,0,0.5757280693989555,0.16541877067734634,1.0,0.46322605586160237,0.5367739441383976
16662,YPL283C tR(ACG)O,0.0,NA,0.011464235372841358,2850,14378,16663,0,0.5757575757575758,0.1654283724169956,1.0,0.46319384040462613,0.5368061595953738
16663,YJR059W SCH1,0.0,NA,0.011464235372841358,2850,14377,16664,0,0.575787082116196,0.16543797527137633,1.0,0.4631616249476499,0.5368383750523501
16664,YLR345W tV(AAC)E1,0.0,NA,0.011464235372841358,2850,14376,16665,0,0.5758165884748163,0.16544757924068268,1.0,0.4631294094906736,0.5368705905093264
16665,YDR508C tM(CAU)O1,0.0,NA,0.011464235372841358,2850,14375,16666,0,0.5758460948334366,0.16545718432510886,1.0,0.46309719403369737,0.5369028059663027
16666,tT(AGU)N2 YER078C,0.0,NA,0.011464235372841358,2850,14374,16667,0,0.5758756011920569,0.16546679052484906,1.0,0.46306497857672113,0.5369350214232789
16667,YDR273W YPR036W-A,0.0,NA,0.011464235372841358,2850,14373,16668,0,0.5759051075506771,0.16547639784009754,1.0,0.46303276311974484,0.5369672368802552
16668,tD(GUC)N YLL035W,0.0,NA,0.011464235372841358,2850,14372,16669,0,0.5759346139092975,0.16548600627104865,1.0,0.4630005476627686,0.5369994523372315
16669,YLR260W RRP2,0.0,NA,0.011464235372841358,2850,14371,16670,0,0.5759641202679178,0.16549561581789676,1.0,0.46296833220579237,0.5370316677942076
16670,tE(CUC)I YGL100W,0.0,NA,0.011464235372841358,2850,14370,16671,0,0.575993626626538,0.16550522648083624,1.0,0.4629361167488161,0.5370638832511839
16671,GRD16 YMR125W,0.0,NA,0.011464235372841358,2850,14369,16672,0,0.5760231329851583,0.16551483826006155,1.0,0.46290390129183984,0.5370960987081602
16672,YLR436C AUT6,0.0,NA,0.011464235372841358,2850,14368,16673,0,0.5760526393437786,0.16552445115576722,1.0,0.46287168583486354,0.5371283141651364
16673,tL(UAA)Q YDR279W,0.0,NA,0.011464235372841358,2850,14367,16674,0,0.5760821457023989,0.16553406516814775,1.0,0.4628394703778873,0.5371605296221127
16674,YGR092W tG(UCC)Q,0.0,NA,0.011464235372841358,2850,14366,16675,0,0.5761116520610191,0.16554368029739777,1.0,0.46280725492091107,0.537192745079089
16675,YHR214C-C YDR089W,0.0,NA,0.011464235372841358,2850,14365,16676,0,0.5761411584196394,0.16555329654371187,1.0,0.4627750394639348,0.5372249605360652
16676,YCL040W snR87,0.0,NA,0.011464235372841358,2850,14364,16677,0,0.5761706647782597,0.16556291390728478,1.0,0.46274282400695854,0.5372571759930415
16677,YDR499W tS(GCU)F,0.0,NA,0.011464235372841358,2850,14363,16678,0,0.57620017113688,0.16557253238831116,1.0,0.4627106085499823,0.5372893914500178
16678,tP(UGG)O2 YDR261W-B,0.0,NA,0.011464235372841358,2850,14362,16679,0,0.5762296774955002,0.16558215198698584,1.0,0.462678393093006,0.5373216069069939
16679,YDR065W tN(GUU)O1,0.0,NA,0.011464235372841358,2850,14361,16680,0,0.5762591838541206,0.1655917727035036,1.0,0.4626461776360298,0.5373538223639702
16680,URR4 YPR129W,0.0,NA,0.011464235372841358,2850,14360,16681,0,0.5762886902127409,0.16560139453805928,1.0,0.4626139621790535,0.5373860378209465
16681,tV(AAC)K2 YMR143W,0.0,NA,0.011464235372841358,2850,14359,16682,0,0.5763181965713611,0.1656110174908478,1.0,0.46258174672207725,0.5374182532779227
16682,tQ(UUG)Q YML046W,0.0,NA,0.011464235372841358,2850,14358,16683,0,0.5763477029299814,0.16562064156206416,1.0,0.462549531265101,0.537450468734899
16683,YDL240W tL(CAA)C,0.0,NA,0.011464235372841358,2850,14357,16684,0,0.5763772092886017,0.1656302667519033,1.0,0.4625173158081247,0.5374826841918753
16684,tR(ACG)Q2 YNL255C,0.0,NA,0.011464235372841358,2850,14356,16685,0,0.576406715647222,0.16563989306056026,1.0,0.4624851003511485,0.5375148996488516
16685,OSR8 YGL171W,0.0,NA,0.011464235372841358,2850,14355,16686,0,0.5764362220058422,0.16564952048823017,1.0,0.46245288489417224,0.5375471151058278
16686,tA(AGC)G YNR020C,0.0,NA,0.011464235372841358,2850,14354,16687,0,0.5764657283644625,0.16565914903510812,1.0,0.46242066943719595,0.537579330562804
16687,A1 YNR072W,0.0,NA,0.011464235372841358,2850,14353,16688,0,0.5764952347230828,0.1656687787013893,1.0,0.4623884539802197,0.5376115460197803
16688,YLR273C tT(UGU)H,0.0,NA,0.011464235372841358,2850,14352,16689,0,0.5765247410817032,0.16567840948726892,1.0,0.4623562385232435,0.5376437614767565
16689,YCR042C tW(CCA)M,0.0,NA,0.011464235372841358,2850,14351,16690,0,0.5765542474403234,0.16568804139294227,1.0,0.4623240230662672,0.5376759769337328
16690,YPR007C AWA1,0.0,NA,0.011464235372841358,2850,14350,16691,0,0.5765837537989437,0.16569767441860464,1.0,0.46229180760929095,0.5377081923907091
16691,YMR070W tD(GUC)G2,0.0,NA,0.011464235372841358,2850,14349,16692,0,0.576613260157564,0.16570730856445143,1.0,0.46225959215231466,0.5377404078476853
16692,MAL22 YLR045C,0.0,NA,0.011464235372841358,2850,14348,16693,0,0.5766427665161843,0.16571694383067798,1.0,0.4622273766953384,0.5377726233046616
16693,SUC7 YLR228C,0.0,NA,0.011464235372841358,2850,14347,16694,0,0.5766722728748045,0.1657265802174798,1.0,0.4621951612383622,0.5378048387616379
16694,YNL163C tK(CUU)E1,0.0,NA,0.011464235372841358,2850,14346,16695,0,0.5767017792334248,0.16573621772505234,1.0,0.4621629457813859,0.537837054218614
16695,tT(AGU)O1 YHR196W,0.0,NA,0.011464235372841358,2850,14345,16696,0,0.5767312855920451,0.16574585635359115,1.0,0.46213073032440966,0.5378692696755903
16696,YMR070W snR191,0.0,NA,0.011464235372841358,2850,14344,16697,0,0.5767607919506653,0.16575549610329185,1.0,0.4620985148674334,0.5379014851325666
16697,tK(CUU)F YFR008W,0.0,NA,0.011464235372841358,2850,14343,16698,0,0.5767902983092856,0.16576513697435002,1.0,0.4620662994104571,0.5379337005895428
16698,YJL146W tN(GUU)N2,0.0,NA,0.011464235372841358,2850,14342,16699,0,0.5768198046679059,0.16577477896696138,1.0,0.4620340839534809,0.5379659160465191
16699,YOL045W tK(UUU)O,0.0,NA,0.011464235372841358,2850,14341,16700,0,0.5768493110265263,0.16578442208132163,1.0,0.4620018684965046,0.5379981315034954
16700,tK(UUU)D YBR042C,0.0,NA,0.011464235372841358,2850,14340,16701,0,0.5768788173851465,0.16579406631762653,1.0,0.46196965303952836,0.5380303469604716
16701,tE(UUC)G3 YLR043C,0.0,NA,0.011464235372841358,2850,14339,16702,0,0.5769083237437668,0.1658037116760719,1.0,0.4619374375825521,0.5380625624174479
16702,YPR079W tV(AAC)G2,0.0,NA,0.011464235372841358,2850,14338,16703,0,0.5769378301023871,0.1658133581568536,1.0,0.46190522212557583,0.5380947778744242
16703,tK(CUU)F YLR246W,0.0,NA,0.011464235372841358,2850,14337,16704,0,0.5769673364610074,0.16582300576016756,1.0,0.4618730066685996,0.5381269933314005
16704,YGR178C tL(CAA)C,0.0,NA,0.011464235372841358,2850,14336,16705,0,0.5769968428196276,0.1658326544862097,1.0,0.46184079121162336,0.5381592087883766
16705,tT(AGU)B tI(AAU)I2,0.0,NA,0.011464235372841358,2850,14335,16706,0,0.5770263491782479,0.16584230433517602,1.0,0.46180857575464707,0.5381914242453529
16706,YAL017W 21S_rRNA,0.0,NA,0.011464235372841358,2850,14334,16707,0,0.5770558555368682,0.16585195530726257,1.0,0.46177636029767083,0.5382236397023292
16707,tW(CCA)K tE(UUC)E1,0.0,NA,0.011464235372841358,2850,14333,16708,0,0.5770853618954884,0.16586160740266542,1.0,0.4617441448406946,0.5382558551593054
16708,YPR036W-A YGL168W,0.0,NA,0.011464235372841358,2850,14332,16709,0,0.5771148682541087,0.16587126062158072,1.0,0.4617119293837183,0.5382880706162817
16709,ANC4 YCL064C,0.0,NA,0.011464235372841358,2850,14331,16710,0,0.577144374612729,0.16588091496420465,1.0,0.46167971392674206,0.538320286073258
16710,YDR373W tI(UAU)L,0.0,NA,0.011464235372841358,2850,14330,16711,0,0.5771738809713494,0.1658905704307334,1.0,0.46164749846976577,0.5383525015302342
16711,YDR206W tR(UCU)Q1,0.0,NA,0.011464235372841358,2850,14329,16712,0,0.5772033873299696,0.16590022702136328,1.0,0.46161528301278953,0.5383847169872105
16712,tY(GUA)M1 YDR439W,0.0,NA,0.011464235372841358,2850,14328,16713,0,0.5772328936885899,0.1659098847362906,1.0,0.4615830675558133,0.5384169324441868
16713,YKL088W tP(UGG)Q,0.0,NA,0.011464235372841358,2850,14327,16714,0,0.5772624000472102,0.1659195435757117,1.0,0.461550852098837,0.5384491479011629
16714,tY(GUA)D YGR286C,0.0,NA,0.011464235372841358,2850,14326,16715,0,0.5772919064058305,0.16592920353982302,1.0,0.46151863664186077,0.5384813633581392
16715,YPL273W tR(UCU)G1,0.0,NA,0.011464235372841358,2850,14325,16716,0,0.5773214127644507,0.16593886462882096,1.0,0.46148642118488453,0.5385135788151155
16716,tM(CAU)Q2 YMR246W,0.0,NA,0.011464235372841358,2850,14324,16717,0,0.577350919123071,0.16594852684290207,1.0,0.46145420572790824,0.5385457942720917
16717,tA(AGC)G YLR130C,0.0,NA,0.011464235372841358,2850,14323,16718,0,0.5773804254816913,0.16595819018226285,1.0,0.461421990270932,0.538578009729068
16718,tT(AGU)I2 YHR113W,0.0,NA,0.011464235372841358,2850,14322,16719,0,0.5774099318403116,0.16596785464709993,1.0,0.4613897748139557,0.5386102251860443
16719,YPR190C tD(GUC)I1,0.0,NA,0.011464235372841358,2850,14321,16720,0,0.5774394381989318,0.16597752023760992,1.0,0.4613575593569795,0.5386424406430205
16720,YOR307C tP(UGG)N1,0.0,NA,0.011464235372841358,2850,14320,16721,0,0.5774689445575522,0.1659871869539895,1.0,0.46132534390000324,0.5386746560999968
16721,YPL167C tC(GCA)G,0.0,NA,0.011464235372841358,2850,14319,16722,0,0.5774984509161725,0.16599685479643544,1.0,0.46129312844302695,0.538706871556973
16722,tT(UGU)Q1 YBR008C,0.0,NA,0.011464235372841358,2850,14318,16723,0,0.5775279572747927,0.16600652376514446,1.0,0.4612609129860507,0.5387390870139493
16723,tW(CCA)P YJL204C,0.0,NA,0.011464235372841358,2850,14317,16724,0,0.577557463633413,0.16601619386031338,1.0,0.46122869752907447,0.5387713024709255
16724,YDR156W tD(GUC)M,0.0,NA,0.011464235372841358,2850,14316,16725,0,0.5775869699920333,0.16602586508213912,1.0,0.4611964820720982,0.5388035179279018
16725,tK(CUU)D2 YKL210W,0.0,NA,0.011464235372841358,2850,14315,16726,0,0.5776164763506536,0.16603553743081853,1.0,0.46116426661512194,0.5388357333848781
16726,tP(UGG)O2 YFR030W,0.0,NA,0.011464235372841358,2850,14314,16727,0,0.5776459827092738,0.16604521090654858,1.0,0.4611320511581457,0.5388679488418543
16727,GRD17 YPL042C,0.0,NA,0.011464235372841358,2850,14313,16728,0,0.5776754890678941,0.1660548855095263,1.0,0.4610998357011694,0.5389001642988306
16728,YMR047C DBF1,0.0,NA,0.011464235372841358,2850,14312,16729,0,0.5777049954265144,0.16606456123994873,1.0,0.4610676202441932,0.5389323797558069
16729,GRD10 YBL084C,0.0,NA,0.011464235372841358,2850,14311,16730,0,0.5777345017851347,0.16607423809801294,1.0,0.4610354047872169,0.5389645952127831
16730,tF(GAA)P2 YLR102C,0.0,NA,0.011464235372841358,2850,14310,16731,0,0.577764008143755,0.1660839160839161,1.0,0.46100318933024065,0.5389968106697594
16731,tK(CUU)D2 YCL025C,0.0,NA,0.011464235372841358,2850,14309,16732,0,0.5777935145023753,0.16609359519785535,1.0,0.4609709738732644,0.5390290261267356
16732,YBL046W GCD3,0.0,NA,0.011464235372841358,2850,14308,16733,0,0.5778230208609956,0.16610327544002798,1.0,0.4609387584162881,0.5390612415837118
16733,tL(UAA)Q YDR420W,0.0,NA,0.011464235372841358,2850,14307,16734,0,0.5778525272196158,0.16611295681063123,1.0,0.4609065429593119,0.5390934570406881
16734,tD(GUC)N YGR252W,0.0,NA,0.011464235372841358,2850,14306,16735,0,0.5778820335782361,0.16612263930986243,1.0,0.46087432750233565,0.5391256724976644
16735,snR84 YJL140W,0.0,NA,0.011464235372841358,2850,14305,16736,0,0.5779115399368564,0.16613232293791896,1.0,0.46084211204535935,0.5391578879546406
16736,tR(UCU)G2 YLR221C,0.0,NA,0.011464235372841358,2850,14304,16737,0,0.5779410462954767,0.16614200769499826,1.0,0.4608098965883831,0.5391901034116169
16737,PDR7 YFL054C,0.0,NA,0.011464235372841358,2850,14303,16738,0,0.5779705526540969,0.16615169358129772,1.0,0.4607776811314068,0.5392223188685932
16738,YAL014C snR40,0.0,NA,0.011464235372841358,2850,14302,16739,0,0.5780000590127172,0.16616138059701493,1.0,0.4607454656744306,0.5392545343255694
16739,tD(GUC)J3 YBR126C,0.0,NA,0.011464235372841358,2850,14301,16740,0,0.5780295653713375,0.16617106874234738,1.0,0.46071325021745435,0.5392867497825456
16740,YLR258W tP(UGG)O3,0.0,NA,0.011464235372841358,2850,14300,16741,0,0.5780590717299579,0.1661807580174927,1.0,0.46068103476047806,0.5393189652395219
16741,YPL257W-B tS(AGA)D2,0.0,NA,0.011464235372841358,2850,14299,16742,0,0.578088578088578,0.16619044842264855,1.0,0.4606488193035018,0.5393511806964982
16742,YPL188W tN(GUU)N1,0.0,NA,0.011464235372841358,2850,14298,16743,0,0.5781180844471984,0.16620013995801258,1.0,0.4606166038465256,0.5393833961534744
16743,STA2 YLL041C,0.0,NA,0.011464235372841358,2850,14297,16744,0,0.5781475908058187,0.16620983262378258,1.0,0.4605843883895493,0.5394156116104507
16744,tM(CAU)O2 YOR184W,0.0,NA,0.011464235372841358,2850,14296,16745,0,0.578177097164439,0.1662195264201563,1.0,0.46055217293257306,0.539447827067427
16745,YFR045W tV(AAC)G2,0.0,NA,0.011464235372841358,2850,14295,16746,0,0.5782066035230592,0.1662292213473316,1.0,0.46051995747559676,0.5394800425244032
16746,GCD3 YER137C-A,0.0,NA,0.011464235372841358,2850,14294,16747,0,0.5782361098816795,0.1662389174055063,1.0,0.4604877420186205,0.5395122579813795
16747,tT(AGU)I1 YJR070C,0.0,NA,0.011464235372841358,2850,14293,16748,0,0.5782656162402998,0.16624861459487839,1.0,0.4604555265616443,0.5395444734383558
16748,YMR095C tN(GUU)N2,0.0,NA,0.011464235372841358,2850,14292,16749,0,0.57829512259892,0.16625831291564577,1.0,0.460423311104668,0.539576688895332
16749,YKL006C-A tW(UCA)Q,0.0,NA,0.011464235372841358,2850,14291,16750,0,0.5783246289575403,0.16626801236800653,1.0,0.46039109564769176,0.5396089043523082
16750,tD(GUC)M YOR020C,0.0,NA,0.011464235372841358,2850,14290,16751,0,0.5783541353161606,0.16627771295215868,1.0,0.4603588801907155,0.5396411198092845
16751,tK(CUU)G2 YDL159W,0.0,NA,0.011464235372841358,2850,14289,16752,0,0.578383641674781,0.16628741466830035,1.0,0.46032666473373923,0.5396733352662607
16752,tV(AAC)G1 YAL047C,0.0,NA,0.011464235372841358,2850,14288,16753,0,0.5784131480334012,0.1662971175166297,1.0,0.460294449276763,0.539705550723237
16753,OSR2 tW(CCA)G1,0.0,NA,0.011464235372841358,2850,14287,16754,0,0.5784426543920215,0.16630682149734494,1.0,0.46026223381978676,0.5397377661802133
16754,YHL040C tK(UUU)P,0.0,NA,0.011464235372841358,2850,14286,16755,0,0.5784721607506418,0.16631652661064425,1.0,0.46023001836281047,0.5397699816371895
16755,tL(CAA)M YKR014C,0.0,NA,0.011464235372841358,2850,14285,16756,0,0.5785016671092621,0.166326232856726,1.0,0.46019780290583423,0.5398021970941658
16756,MAL62 YBR084C-A,0.0,NA,0.011464235372841358,2850,14284,16757,0,0.5785311734678823,0.1663359402357885,1.0,0.46016558744885794,0.5398344125511421
16757,YAL021C tM(CAU)J2,0.0,NA,0.011464235372841358,2850,14283,16758,0,0.5785606798265026,0.16634564874803012,1.0,0.4601333719918817,0.5398666280081182
16758,tF(GAA)P2 YML023C,0.0,NA,0.011464235372841358,2850,14282,16759,0,0.5785901861851229,0.16635535839364932,1.0,0.46010115653490546,0.5398988434650945
16759,YGL211W tI(AAU)D,0.0,NA,0.011464235372841358,2850,14281,16760,0,0.5786196925437431,0.16636506917284455,1.0,0.46006894107792917,0.5399310589220708
16760,YPL092W GRD10,0.0,NA,0.011464235372841358,2850,14280,16761,0,0.5786491989023634,0.16637478108581435,1.0,0.46003672562095294,0.5399632743790471
16761,YIL007C tD(GUC)J4,0.0,NA,0.011464235372841358,2850,14279,16762,0,0.5786787052609838,0.1663844941327573,1.0,0.4600045101639767,0.5399954898360233
16762,YER045C tV(AAC)G2,0.0,NA,0.011464235372841358,2850,14278,16763,0,0.5787082116196041,0.16639420831387203,1.0,0.4599722947070004,0.5400277052929996
16763,tL(CAA)D YPL180W,0.0,NA,0.011464235372841358,2850,14277,16764,0,0.5787377179782243,0.16640392362935716,1.0,0.45994007925002417,0.5400599207499759
16764,YLR332W tK(CUU)G3,0.0,NA,0.011464235372841358,2850,14276,16765,0,0.5787672243368446,0.16641364007941142,1.0,0.4599078637930479,0.5400921362069521
16765,tT(UGU)Q1 YHR067W,0.0,NA,0.011464235372841358,2850,14275,16766,0,0.5787967306954649,0.16642335766423358,1.0,0.45987564833607164,0.5401243516639284
16766,YML066C BIO6,0.0,NA,0.011464235372841358,2850,14274,16767,0,0.5788262370540852,0.16643307638402244,1.0,0.4598434328790954,0.5401565671209047
16767,snR83 YML019W,0.0,NA,0.011464235372841358,2850,14273,16768,0,0.5788557434127054,0.16644279623897681,1.0,0.4598112174221191,0.5401887825778808
16768,YOR356W tW(UCA)Q,0.0,NA,0.011464235372841358,2850,14272,16769,0,0.5788852497713257,0.16645251722929563,1.0,0.4597790019651429,0.5402209980348571
16769,tS(UGA)P tS(AGA)H,0.0,NA,0.011464235372841358,2850,14271,16770,0,0.578914756129946,0.16646223935517784,1.0,0.45974678650816664,0.5402532134918334
16770,YFL049W OSR3,0.0,NA,0.011464235372841358,2850,14270,16771,0,0.5789442624885663,0.16647196261682243,1.0,0.45971457105119035,0.5402854289488096
16771,YGR055W tD(GUC)N,0.0,NA,0.011464235372841358,2850,14269,16772,0,0.5789737688471865,0.16648168701442842,1.0,0.4596823555942141,0.5403176444057859
16772,snR86 YOR362C,0.0,NA,0.011464235372841358,2850,14268,16773,0,0.5790032752058069,0.16649141254819488,1.0,0.4596501401372379,0.5403498598627622
16773,snR49 snR87,0.0,NA,0.011464235372841358,2850,14267,16774,0,0.5790327815644272,0.16650113921832096,1.0,0.4596179246802616,0.5403820753197384
16774,YAL033W R0030W,0.0,NA,0.011464235372841358,2850,14266,16775,0,0.5790622879230474,0.16651086702500584,1.0,0.45958570922328534,0.5404142907767147
16775,YDR536W tF(GAA)H1,0.0,NA,0.011464235372841358,2850,14265,16776,0,0.5790917942816677,0.16652059596844873,1.0,0.45955349376630905,0.540446506233691
16776,YOR014W tM(CAU)J2,0.0,NA,0.011464235372841358,2850,14264,16777,0,0.579121300640288,0.1665303260488489,1.0,0.4595212783093328,0.5404787216906671
16777,tL(UAG)J YGR206W,0.0,NA,0.011464235372841358,2850,14263,16778,0,0.5791508069989083,0.16654005726640567,1.0,0.4594890628523566,0.5405109371476434
16778,tT(AGU)H YNL222W,0.0,NA,0.011464235372841358,2850,14262,16779,0,0.5791803133575285,0.16654978962131836,1.0,0.4594568473953803,0.5405431526046197
16779,YLR308W tL(CAA)D,0.0,NA,0.011464235372841358,2850,14261,16780,0,0.5792098197161488,0.16655952311378644,1.0,0.45942463193840405,0.540575368061596
16780,tK(CUU)P YBR019C,0.0,NA,0.011464235372841358,2850,14260,16781,0,0.5792393260747691,0.16656925774400935,1.0,0.4593924164814278,0.5406075835185722
16781,YKL104C MEL4,0.0,NA,0.011464235372841358,2850,14259,16782,0,0.5792688324333894,0.16657899351218658,1.0,0.4593602010244515,0.5406397989755485
16782,tD(GUC)M YOL162W,0.0,NA,0.011464235372841358,2850,14258,16783,0,0.5792983387920096,0.16658873041851766,1.0,0.4593279855674753,0.5406720144325248
16783,YOR192C-B R0030W,0.0,NA,0.011464235372841358,2850,14257,16784,0,0.57932784515063,0.1665984684632022,1.0,0.459295770110499,0.540704229889501
16784,YER007C-A RRP2,0.0,NA,0.011464235372841358,2850,14256,16785,0,0.5793573515092503,0.16660820764643985,1.0,0.45926355465352275,0.5407364453464772
16785,YKL190W A1,0.0,NA,0.011464235372841358,2850,14255,16786,0,0.5793868578678705,0.1666179479684303,1.0,0.4592313391965465,0.5407686608034535
16786,snR82 YDL171C,0.0,NA,0.011464235372841358,2850,14254,16787,0,0.5794163642264908,0.16662768942937325,1.0,0.4591991237395702,0.5408008762604297
16787,YBR154C tS(AGA)H,0.0,NA,0.011464235372841358,2850,14253,16788,0,0.5794458705851111,0.1666374320294685,1.0,0.459166908282594,0.540833091717406
16788,YDR103W tP(UGG)H,0.0,NA,0.011464235372841358,2850,14252,16789,0,0.5794753769437314,0.1666471757689159,1.0,0.45913469282561775,0.5408653071743823
16789,YBL074C tL(CAA)L,0.0,NA,0.011464235372841358,2850,14251,16790,0,0.5795048833023516,0.16665692064791532,1.0,0.45910247736864146,0.5408975226313585
16790,YCL074W tK(CUU)G3,0.0,NA,0.011464235372841358,2850,14250,16791,0,0.5795343896609719,0.16666666666666666,1.0,0.4590702619116652,0.5409297380883348
16791,tD(GUC)N YOR180C,0.0,NA,0.011464235372841358,2850,14249,16792,0,0.5795638960195922,0.1666764138253699,1.0,0.459038046454689,0.5409619535453111
16792,YGR275W tS(AGA)G,0.0,NA,0.011464235372841358,2850,14248,16793,0,0.5795934023782126,0.16668616212422505,1.0,0.4590058309977127,0.5409941690022873
16793,snR191 YOR312C,0.0,NA,0.011464235372841358,2850,14247,16794,0,0.5796229087368328,0.1666959115634322,1.0,0.45897361554073646,0.5410263844592635
16794,tI(AAU)I1 YJR137C,0.0,NA,0.011464235372841358,2850,14246,16795,0,0.5796524150954531,0.16670566214319138,1.0,0.45894140008376016,0.5410585999162398
16795,YNL214W tA(UGC)G,0.0,NA,0.011464235372841358,2850,14245,16796,0,0.5796819214540734,0.16671541386370284,1.0,0.45890918462678393,0.541090815373216
16796,YML125C tD(GUC)O,0.0,NA,0.011464235372841358,2850,14244,16797,0,0.5797114278126936,0.1667251667251667,1.0,0.4588769691698077,0.5411230308301923
16797,tG(GCC)F2 YBR020W,0.0,NA,0.011464235372841358,2850,14243,16798,0,0.5797409341713139,0.16673492072778331,1.0,0.4588447537128314,0.5411552462871686
16798,MEL6 tQ(CUG)M,0.0,NA,0.011464235372841358,2850,14242,16799,0,0.5797704405299342,0.16674467587175287,1.0,0.45881253825585516,0.5411874617441449
16799,tG(UCC)Q YJL184W,0.0,NA,0.011464235372841358,2850,14241,16800,0,0.5797999468885545,0.16675443215727576,1.0,0.4587803227988789,0.5412196772011211
16800,tV(AAC)M1 YOL025W,0.0,NA,0.011464235372841358,2850,14240,16801,0,0.5798294532471747,0.16676418958455236,1.0,0.45874810734190263,0.5412518926580974
16801,tK(CUU)C YOL103W,0.0,NA,0.011464235372841358,2850,14239,16802,0,0.579858959605795,0.16677394815378313,1.0,0.4587158918849264,0.5412841081150737
16802,YDL099W tD(GUC)Q,0.0,NA,0.011464235372841358,2850,14238,16803,0,0.5798884659644153,0.16678370786516855,1.0,0.4586836764279501,0.5413163235720498
16803,tA(AGC)G YGL178W,0.0,NA,0.011464235372841358,2850,14237,16804,0,0.5799179723230357,0.1667934687189091,1.0,0.45865146097097387,0.5413485390290261
16804,tI(UAU)D YBR155W,0.0,NA,0.011464235372841358,2850,14236,16805,0,0.5799474786816559,0.16680323071520542,1.0,0.45861924551399763,0.5413807544860024
16805,YKR001C tN(GUU)L,0.0,NA,0.011464235372841358,2850,14235,16806,0,0.5799769850402762,0.16681299385425813,1.0,0.45858703005702134,0.5414129699429786
16806,YER006W tF(GAA)Q,0.0,NA,0.011464235372841358,2850,14234,16807,0,0.5800064913988965,0.16682275813626785,1.0,0.4585548146000451,0.5414451853999549
16807,YLL016W tE(UUC)I,0.0,NA,0.011464235372841358,2850,14233,16808,0,0.5800359977575168,0.16683252356143535,1.0,0.45852259914306887,0.5414774008569312
16808,MAL63 YNL172W,0.0,NA,0.011464235372841358,2850,14232,16809,0,0.580065504116137,0.16684229012996135,1.0,0.4584903836860926,0.5415096163139074
16809,tV(AAC)H YAL051W,0.0,NA,0.011464235372841358,2850,14231,16810,0,0.5800950104747573,0.1668520578420467,1.0,0.45845816822911634,0.5415418317708837
16810,snR189 tY(GUA)M1,0.0,NA,0.011464235372841358,2850,14230,16811,0,0.5801245168333776,0.16686182669789226,1.0,0.4584259527721401,0.54157404722786
16811,tD(GUC)N YBL024W,0.0,NA,0.011464235372841358,2850,14229,16812,0,0.5801540231919978,0.16687159669769894,1.0,0.4583937373151638,0.5416062626848361
16812,tV(UAC)Q YHR184W,0.0,NA,0.011464235372841358,2850,14228,16813,0,0.5801835295506181,0.16688136784166765,1.0,0.45836152185818757,0.5416384781418124
16813,YPR108W OSR3,0.0,NA,0.011464235372841358,2850,14227,16814,0,0.5802130359092385,0.16689114012999942,1.0,0.4583293064012113,0.5416706935987887
16814,tD(GUC)I2 YML106W,0.0,NA,0.011464235372841358,2850,14226,16815,0,0.5802425422678588,0.1669009135628953,1.0,0.45829709094423504,0.5417029090557649
16815,tG(GCC)O1 MEL4,0.0,NA,0.011464235372841358,2850,14225,16816,0,0.580272048626479,0.16691068814055637,1.0,0.4582648754872588,0.5417351245127412
16816,tA(AGC)G YNL227C,0.0,NA,0.011464235372841358,2850,14224,16817,0,0.5803015549850993,0.1669204638631838,1.0,0.4582326600302825,0.5417673399697175
16817,tR(ACG)Q2 YHL015W,0.0,NA,0.011464235372841358,2850,14223,16818,0,0.5803310613437196,0.16693024073097873,1.0,0.4582004445733063,0.5417995554266938
16818,tI(UAU)L YIL003W,0.0,NA,0.011464235372841358,2850,14222,16819,0,0.5803605677023399,0.16694001874414247,1.0,0.45816822911633004,0.54183177088367
16819,YKL082C tV(AAC)K2,0.0,NA,0.011464235372841358,2850,14221,16820,0,0.5803900740609601,0.16694979790287623,1.0,0.45813601365935375,0.5418639863406463
16820,snR191 YDR508C,0.0,NA,0.011464235372841358,2850,14220,16821,0,0.5804195804195804,0.16695957820738136,1.0,0.4581037982023775,0.5418962017976225
16821,GRD16 YAL020C,0.0,NA,0.011464235372841358,2850,14219,16822,0,0.5804490867782007,0.16696935965785928,1.0,0.4580715827454012,0.5419284172545987
16822,YIL134W snR85,0.0,NA,0.011464235372841358,2850,14218,16823,0,0.5804785931368209,0.16697914225451135,1.0,0.458039367288425,0.541960632711575
16823,YGL151W tS(AGA)H,0.0,NA,0.011464235372841358,2850,14217,16824,0,0.5805080994954412,0.16698892599753912,1.0,0.45800715183144874,0.5419928481685513
16824,YOR322C tP(UGG)N2,0.0,NA,0.011464235372841358,2850,14216,16825,0,0.5805376058540616,0.16699871088714402,1.0,0.45797493637447245,0.5420250636255275
16825,tY(GUA)J1 YCL066W,0.0,NA,0.011464235372841358,2850,14215,16826,0,0.5805671122126819,0.16700849692352768,1.0,0.4579427209174962,0.5420572790825038
16826,snR10 YGL215W,0.0,NA,0.011464235372841358,2850,14214,16827,0,0.5805966185713021,0.1670182841068917,1.0,0.45791050546052,0.5420894945394801
16827,YNL316C tL(CAA)D,0.0,NA,0.011464235372841358,2850,14213,16828,0,0.5806261249299224,0.16702807243743772,1.0,0.4578782900035437,0.5421217099964563
16828,tS(CGA)C YDR334W,0.0,NA,0.011464235372841358,2850,14212,16829,0,0.5806556312885427,0.16703786191536749,1.0,0.45784607454656745,0.5421539254534326
16829,YDR164C tT(AGU)O1,0.0,NA,0.011464235372841358,2850,14211,16830,0,0.580685137647163,0.16704765254088272,1.0,0.4578138590895912,0.5421861409104088
16830,tV(UAC)Q YGR098C,0.0,NA,0.011464235372841358,2850,14210,16831,0,0.5807146440057832,0.16705744431418523,1.0,0.4577816436326149,0.542218356367385
16831,tT(AGU)I1 YPR055W,0.0,NA,0.011464235372841358,2850,14209,16832,0,0.5807441503644035,0.16706723723547687,1.0,0.4577494281756387,0.5422505718243613
16832,YNL074C MAL42,0.0,NA,0.011464235372841358,2850,14208,16833,0,0.5807736567230238,0.16707703130495954,1.0,0.4577172127186624,0.5422827872813376
16833,tV(UAC)Q YMR145C,0.0,NA,0.011464235372841358,2850,14207,16834,0,0.5808031630816441,0.1670868265228352,1.0,0.45768499726168616,0.5423150027383138
16834,YJL072C RDN25,0.0,NA,0.011464235372841358,2850,14206,16835,0,0.5808326694402643,0.16709662288930582,1.0,0.4576527818047099,0.5423472181952901
16835,PFK4 YER118C,0.0,NA,0.011464235372841358,2850,14205,16836,0,0.5808621757988847,0.16710642040457344,1.0,0.4576205663477336,0.5423794336522664
16836,YLR360W tH(GUG)G2,0.0,NA,0.011464235372841358,2850,14204,16837,0,0.580891682157505,0.16711621906884017,1.0,0.4575883508907574,0.5424116491092427
16837,YAL031C tL(UAA)Q,0.0,NA,0.011464235372841358,2850,14203,16838,0,0.5809211885161252,0.1671260188823081,1.0,0.45755613543378115,0.5424438645662188
16838,YGL073W MEL10,0.0,NA,0.011464235372841358,2850,14202,16839,0,0.5809506948747455,0.16713581984517945,1.0,0.45752391997680486,0.5424760800231951
16839,YGR038W tP(UGG)H,0.0,NA,0.011464235372841358,2850,14201,16840,0,0.5809802012333658,0.16714562195765645,1.0,0.4574917045198286,0.5425082954801714
16840,YEL058W DBF1,0.0,NA,0.011464235372841358,2850,14200,16841,0,0.5810097075919861,0.16715542521994134,1.0,0.45745948906285233,0.5425405109371476
16841,YLR340W tF(GAA)B,0.0,NA,0.011464235372841358,2850,14199,16842,0,0.5810392139506063,0.16716522963223648,1.0,0.4574272736058761,0.5425727263941239
16842,tM(CAU)M YNL101W,0.0,NA,0.011464235372841358,2850,14198,16843,0,0.5810687203092266,0.16717503519474425,1.0,0.45739505814889986,0.5426049418511002
16843,tV(AAC)E1 YGL119W,0.0,NA,0.011464235372841358,2850,14197,16844,0,0.5810982266678469,0.16718484190766703,1.0,0.45736284269192357,0.5426371573080764
16844,tP(UGG)N1 YOL116W,0.0,NA,0.011464235372841358,2850,14196,16845,0,0.5811277330264673,0.16719464977120732,1.0,0.45733062723494733,0.5426693727650527
16845,YLR367W tT(UGU)H,0.0,NA,0.011464235372841358,2850,14195,16846,0,0.5811572393850875,0.1672044587855676,1.0,0.4572984117779711,0.542701588222029
16846,YIL036W tP(UGG)M,0.0,NA,0.011464235372841358,2850,14194,16847,0,0.5811867457437078,0.16721426895095048,1.0,0.4572661963209948,0.5427338036790051
16847,tT(UGU)Q1 YLR157C-B,0.0,NA,0.011464235372841358,2850,14193,16848,0,0.5812162521023281,0.16722408026755853,1.0,0.45723398086401856,0.5427660191359814
16848,tA(AGC)F YOR163W,0.0,NA,0.011464235372841358,2850,14192,16849,0,0.5812457584609483,0.1672338927355944,1.0,0.4572017654070423,0.5427982345929577
16849,YKL086W YML045W-A,0.0,NA,0.011464235372841358,2850,14191,16850,0,0.5812752648195686,0.16724370635526084,1.0,0.45716954995006603,0.5428304500499339
16850,tS(AGA)H YGR230W,0.0,NA,0.011464235372841358,2850,14190,16851,0,0.5813047711781889,0.16725352112676056,1.0,0.4571373344930898,0.5428626655069102
16851,YBR107C tD(GUC)Q,0.0,NA,0.011464235372841358,2850,14189,16852,0,0.5813342775368092,0.1672633370502964,1.0,0.4571051190361135,0.5428948809638865
16852,tL(CAA)D YER112W,0.0,NA,0.011464235372841358,2850,14188,16853,0,0.5813637838954294,0.16727315412607113,1.0,0.45707290357913727,0.5429270964208627
16853,GRD16 YPR144C,0.0,NA,0.011464235372841358,2850,14187,16854,0,0.5813932902540497,0.16728297235428774,1.0,0.45704068812216103,0.542959311877839
16854,SME2 YEL062W,0.0,NA,0.011464235372841358,2850,14186,16855,0,0.58142279661267,0.1672927917351491,1.0,0.45700847266518474,0.5429915273348153
16855,YBR073W OSR7,0.0,NA,0.011464235372841358,2850,14185,16856,0,0.5814523029712904,0.16730261226885823,1.0,0.4569762572082085,0.5430237427917916
16856,tW(CCA)J YCL014W,0.0,NA,0.011464235372841358,2850,14184,16857,0,0.5814818093299106,0.16731243395561818,1.0,0.45694404175123227,0.5430559582487677
16857,YNL189W SUC7,0.0,NA,0.011464235372841358,2850,14183,16858,0,0.5815113156885309,0.167322256795632,1.0,0.456911826294256,0.543088173705744
16858,tT(AGU)H YOR315W,0.0,NA,0.011464235372841358,2850,14182,16859,0,0.5815408220471512,0.16733208078910286,1.0,0.45687961083727974,0.5431203891627203
16859,tR(UCU)G2 YBR036C,0.0,NA,0.011464235372841358,2850,14181,16860,0,0.5815703284057715,0.16734190593623394,1.0,0.45684739538030344,0.5431526046196965
16860,tM(CAU)Q2 SUC3,0.0,NA,0.011464235372841358,2850,14180,16861,0,0.5815998347643917,0.1673517322372284,1.0,0.4568151799233272,0.5431848200766728
16861,YDR300C tP(UGG)Q,0.0,NA,0.011464235372841358,2850,14179,16862,0,0.581629341123012,0.16736155969228964,1.0,0.45678296446635097,0.5432170355336491
16862,YMR070W GRD14,0.0,NA,0.011464235372841358,2850,14178,16863,0,0.5816588474816323,0.16737138830162085,1.0,0.4567507490093747,0.5432492509906253
16863,YMR227C tS(GCU)F,0.0,NA,0.011464235372841358,2850,14177,16864,0,0.5816883538402525,0.1673812180654255,1.0,0.45671853355239844,0.5432814664476016
16864,MEL2 YKR103W,0.0,NA,0.011464235372841358,2850,14176,16865,0,0.5817178601988728,0.16739104898390697,1.0,0.4566863180954222,0.5433136819045778
16865,YOR036W tH(GUG)E2,0.0,NA,0.011464235372841358,2850,14175,16866,0,0.5817473665574932,0.16740088105726872,1.0,0.4566541026384459,0.543345897361554
16866,tV(AAC)G3 YJR109C,0.0,NA,0.011464235372841358,2850,14174,16867,0,0.5817768729161135,0.16741071428571427,1.0,0.4566218871814697,0.5433781128185303
16867,YHR188C tY(GUA)J1,0.0,NA,0.011464235372841358,2850,14173,16868,0,0.5818063792747337,0.16742054866944722,1.0,0.4565896717244934,0.5434103282755066
16868,YOR195W tD(GUC)J2,0.0,NA,0.011464235372841358,2850,14172,16869,0,0.581835885633354,0.16743038420867112,1.0,0.45655745626751715,0.5434425437324828
16869,YEL055C tY(GUA)J2,0.0,NA,0.011464235372841358,2850,14171,16870,0,0.5818653919919743,0.16744022090358968,1.0,0.4565252408105409,0.5434747591894591
16870,YMR062C URR4,0.0,NA,0.011464235372841358,2850,14170,16871,0,0.5818948983505946,0.16745005875440658,1.0,0.4564930253535646,0.5435069746464354
16871,snR49 tS(AGA)L,0.0,NA,0.011464235372841358,2850,14169,16872,0,0.5819244047092148,0.16745989776132558,1.0,0.4564608098965884,0.5435391901034116
16872,tH(GUG)Q YFR033C,0.0,NA,0.011464235372841358,2850,14168,16873,0,0.5819539110678351,0.16746973792455047,1.0,0.45642859443961215,0.5435714055603879
16873,YNL001W tY(GUA)J2,0.0,NA,0.011464235372841358,2850,14167,16874,0,0.5819834174264554,0.16747957924428514,1.0,0.45639637898263585,0.5436036210173641
16874,MAL23 tV(AAC)H,0.0,NA,0.011464235372841358,2850,14166,16875,0,0.5820129237850756,0.16748942172073342,1.0,0.4563641635256596,0.5436358364743404
16875,YDR386W tH(GUG)Q,0.0,NA,0.011464235372841358,2850,14165,16876,0,0.5820424301436959,0.1674992653540993,1.0,0.4563319480686834,0.5436680519313166
16876,tL(UAG)J YPL198W,0.0,NA,0.011464235372841358,2850,14164,16877,0,0.5820719365023163,0.1675091101445868,1.0,0.4562997326117071,0.5437002673882929
16877,YKR009C tN(GUU)N2,0.0,NA,0.011464235372841358,2850,14163,16878,0,0.5821014428609366,0.16751895609239992,1.0,0.45626751715473085,0.5437324828452692
16878,tE(UUC)G3 YBL020W,0.0,NA,0.011464235372841358,2850,14162,16879,0,0.5821309492195568,0.16752880319774277,1.0,0.45623530169775456,0.5437646983022454
16879,YFR003C GRD14,0.0,NA,0.011464235372841358,2850,14161,16880,0,0.5821604555781771,0.16753865146081948,1.0,0.4562030862407783,0.5437969137592217
16880,YKL180W tL(UAA)N,0.0,NA,0.011464235372841358,2850,14160,16881,0,0.5821899619367974,0.1675485008818342,1.0,0.4561708707838021,0.543829129216198
16881,MUP2 YBR154C,0.0,NA,0.011464235372841358,2850,14159,16882,0,0.5822194682954177,0.16755835146099124,1.0,0.4561386553268258,0.5438613446731742
16882,tE(UUC)G3 tI(AAU)E1,0.0,NA,0.011464235372841358,2850,14158,16883,0,0.5822489746540379,0.16756820319849483,1.0,0.45610643986984956,0.5438935601301504
16883,YLR146C tE(UUC)I,0.0,NA,0.011464235372841358,2850,14157,16884,0,0.5822784810126582,0.16757805609454932,1.0,0.4560742244128733,0.5439257755871267
16884,YDL119C SUC1,0.0,NA,0.011464235372841358,2850,14156,16885,0,0.5823079873712785,0.16758791014935906,1.0,0.456042008955897,0.5439579910441029
16885,GRD10 YNL156C,0.0,NA,0.011464235372841358,2850,14155,16886,0,0.5823374937298988,0.16759776536312848,1.0,0.4560097934989208,0.5439902065010792
16886,YAL058W tK(CUU)G2,0.0,NA,0.011464235372841358,2850,14154,16887,0,0.582367000088519,0.1676076217360621,1.0,0.4559775780419445,0.5440224219580555
16887,tH(GUG)Q YBR229C,0.0,NA,0.011464235372841358,2850,14153,16888,0,0.5823965064471394,0.1676174792683644,1.0,0.45594536258496826,0.5440546374150317
16888,tP(UGG)F YEL036C,0.0,NA,0.011464235372841358,2850,14152,16889,0,0.5824260128057597,0.16762733796023996,1.0,0.455913147127992,0.544086852872008
16889,tA(UGC)Q YNL116W,0.0,NA,0.011464235372841358,2850,14151,16890,0,0.5824555191643799,0.16763719781189343,1.0,0.45588093167101573,0.5441190683289843
16890,tN(GUU)N2 YCL037C,0.0,NA,0.011464235372841358,2850,14150,16891,0,0.5824850255230002,0.1676470588235294,1.0,0.4558487162140395,0.5441512837859604
16891,tM(CAU)O2 YJL168C,0.0,NA,0.011464235372841358,2850,14149,16892,0,0.5825145318816205,0.16765692099535268,1.0,0.45581650075706326,0.5441834992429367
16892,YOL119C tV(AAC)H,0.0,NA,0.011464235372841358,2850,14148,16893,0,0.5825440382402408,0.16766678432756796,1.0,0.45578428530008697,0.544215714699913
16893,OSR9 snR41,0.0,NA,0.011464235372841358,2850,14147,16894,0,0.582573544598861,0.16767664882038008,1.0,0.45575206984311073,0.5442479301568893
16894,tK(CUU)P YLR451W,0.0,NA,0.011464235372841358,2850,14146,16895,0,0.5826030509574813,0.16768651447399388,1.0,0.4557198543861345,0.5442801456138655
16895,YPR036W-A YDL232W,0.0,NA,0.011464235372841358,2850,14145,16896,0,0.5826325573161016,0.1676963812886143,1.0,0.4556876389291582,0.5443123610708418
16896,YDR531W tD(GUC)I1,0.0,NA,0.011464235372841358,2850,14144,16897,0,0.582662063674722,0.16770624926444627,1.0,0.45565542347218196,0.5443445765278181
16897,YPR176C tM(CAU)J2,0.0,NA,0.011464235372841358,2850,14143,16898,0,0.5826915700333422,0.1677161184016948,1.0,0.45562320801520567,0.5443767919847943
16898,tK(CUU)K YDL003W,0.0,NA,0.011464235372841358,2850,14142,16899,0,0.5827210763919625,0.16772598870056496,1.0,0.45559099255822944,0.5444090074417706
16899,YJR147W tT(AGU)I2,0.0,NA,0.011464235372841358,2850,14141,16900,0,0.5827505827505828,0.16773586016126185,1.0,0.4555587771012532,0.5444412228987469
16900,YML065W URR4,0.0,NA,0.011464235372841358,2850,14140,16901,0,0.582780089109203,0.16774573278399058,1.0,0.4555265616442769,0.544473438355723
16901,YHR020W tN(GUU)N1,0.0,NA,0.011464235372841358,2850,14139,16902,0,0.5828095954678233,0.16775560656895638,1.0,0.45549434618730067,0.5445056538126993
16902,YGR027W-B YDR093W,0.0,NA,0.011464235372841358,2850,14138,16903,0,0.5828391018264436,0.1677654815163645,1.0,0.45546213073032443,0.5445378692696756
16903,YLR388W tV(AAC)G2,0.0,NA,0.011464235372841358,2850,14137,16904,0,0.5828686081850639,0.1677753576264202,1.0,0.45542991527334814,0.5445700847266518
16904,HRA1 YLR430W,0.0,NA,0.011464235372841358,2850,14136,16905,0,0.5828981145436841,0.16778523489932887,1.0,0.4553976998163719,0.5446023001836281
16905,YGL095C MEL4,0.0,NA,0.011464235372841358,2850,14135,16906,0,0.5829276209023044,0.16779511333529584,1.0,0.4553654843593956,0.5446345156406044
16906,tM(CAU)C YMR314W,0.0,NA,0.011464235372841358,2850,14134,16907,0,0.5829571272609247,0.1678049929345266,1.0,0.4553332689024194,0.5446667310975806
16907,tA(AGC)H YLR254C,0.0,NA,0.011464235372841358,2850,14133,16908,0,0.5829866336195451,0.16781487369722664,1.0,0.45530105344544314,0.5446989465545569
16908,YJL205C SUC5,0.0,NA,0.011464235372841358,2850,14132,16909,0,0.5830161399781653,0.16782475562360147,1.0,0.45526883798846685,0.5447311620115332
16909,tP(UGG)H YNL047C,0.0,NA,0.011464235372841358,2850,14131,16910,0,0.5830456463367856,0.16783463871385668,1.0,0.4552366225314906,0.5447633774685093
16910,YLR318W RDN25,0.0,NA,0.011464235372841358,2850,14130,16911,0,0.5830751526954059,0.16784452296819788,1.0,0.45520440707451437,0.5447955929254856
16911,YLR227C tG(GCC)G2,0.0,NA,0.011464235372841358,2850,14129,16912,0,0.5831046590540262,0.1678544083868308,1.0,0.4551721916175381,0.5448278083824619
16912,YHR205W tE(CUC)I,0.0,NA,0.011464235372841358,2850,14128,16913,0,0.5831341654126464,0.16786429496996114,1.0,0.45513997616056184,0.5448600238394382
16913,tD(GUC)J2 YGL120C,0.0,NA,0.011464235372841358,2850,14127,16914,0,0.5831636717712667,0.16787418271779467,1.0,0.4551077607035856,0.5448922392964144
16914,tT(AGU)H YOL065C,0.0,NA,0.011464235372841358,2850,14126,16915,0,0.583193178129887,0.16788407163053723,1.0,0.4550755452466093,0.5449244547533907
16915,YJL212C tW(CCA)G2,0.0,NA,0.011464235372841358,2850,14125,16916,0,0.5832226844885072,0.16789396170839468,1.0,0.4550433297896331,0.544956670210367
16916,YDR412W tW(CCA)J,0.0,NA,0.011464235372841358,2850,14124,16917,0,0.5832521908471275,0.167903852951573,1.0,0.4550111143326568,0.5449888856673432
16917,YHR208W tD(GUC)D,0.0,NA,0.011464235372841358,2850,14123,16918,0,0.5832816972057479,0.1679137453602781,1.0,0.45497889887568055,0.5450211011243195
16918,snR10 YOR117W,0.0,NA,0.011464235372841358,2850,14122,16919,0,0.5833112035643682,0.167923638934716,1.0,0.4549466834187043,0.5450533165812957
16919,tL(UAA)B2 YKL067W,0.0,NA,0.011464235372841358,2850,14121,16920,0,0.5833407099229884,0.1679335336750928,1.0,0.454914467961728,0.5450855320382719
16920,tI(AAU)I1 YHR108W,0.0,NA,0.011464235372841358,2850,14120,16921,0,0.5833702162816087,0.16794342958161462,1.0,0.4548822525047518,0.5451177474952482
16921,YBR152W OSR8,0.0,NA,0.011464235372841358,2850,14119,16922,0,0.583399722640229,0.1679533266544876,1.0,0.45485003704777555,0.5451499629522245
16922,YGL185C OSR2,0.0,NA,0.011464235372841358,2850,14118,16923,0,0.5834292289988493,0.16796322489391796,1.0,0.45481782159079925,0.5451821784092007
16923,OSR3 tV(AAC)M2,0.0,NA,0.011464235372841358,2850,14117,16924,0,0.5834587353574695,0.167973124300112,1.0,0.454785606133823,0.545214393866177
16924,YBR055C tE(UUC)I,0.0,NA,0.011464235372841358,2850,14116,16925,0,0.5834882417160898,0.16798302487327596,1.0,0.4547533906768467,0.5452466093231533
16925,snR57 tD(GUC)G1,0.0,NA,0.011464235372841358,2850,14115,16926,0,0.5835177480747101,0.16799292661361626,1.0,0.4547211752198705,0.5452788247801295
16926,tE(UUC)G3 tA(AGC)L,0.0,NA,0.011464235372841358,2850,14114,16927,0,0.5835472544333303,0.1680028295213393,1.0,0.45468895976289425,0.5453110402371057
16927,YPL126W tW(CCA)G1,0.0,NA,0.011464235372841358,2850,14113,16928,0,0.5835767607919506,0.16801273359665153,1.0,0.45465674430591796,0.545343255694082
16928,tA(AGC)G YKL045W,0.0,NA,0.011464235372841358,2850,14112,16929,0,0.583606267150571,0.16802263883975946,1.0,0.4546245288489417,0.5453754711510583
16929,YGR060W tD(GUC)G2,0.0,NA,0.011464235372841358,2850,14111,16930,0,0.5836357735091913,0.16803254525086964,1.0,0.4545923133919655,0.5454076866080345
16930,TER1 YHR129C,0.0,NA,0.011464235372841358,2850,14110,16931,0,0.5836652798678115,0.16804245283018868,1.0,0.4545600979349892,0.5454399020650108
16931,tT(AGU)I1 YOR209C,0.0,NA,0.011464235372841358,2850,14109,16932,0,0.5836947862264318,0.16805236157792322,1.0,0.45452788247801296,0.5454721175219871
16932,YNL068C MEL6,0.0,NA,0.011464235372841358,2850,14108,16933,0,0.5837242925850521,0.16806227149428,1.0,0.4544956670210367,0.5455043329789633
16933,YGR060W tP(UGG)Q,0.0,NA,0.011464235372841358,2850,14107,16934,0,0.5837537989436724,0.1680721825794657,1.0,0.45446345156406043,0.5455365484359396
16934,tA(UGC)G tN(GUU)N2,0.0,NA,0.011464235372841358,2850,14106,16935,0,0.5837833053022926,0.1680820948336872,1.0,0.4544312361070842,0.5455687638929159
16935,tM(CAU)Q1 YMR313C,0.0,NA,0.011464235372841358,2850,14105,16936,0,0.5838128116609129,0.1680920082571513,1.0,0.4543990206501079,0.545600979349892
16936,YHR110W URR4,0.0,NA,0.011464235372841358,2850,14104,16937,0,0.5838423180195332,0.1681019228500649,1.0,0.45436680519313166,0.5456331948068683
16937,YPL204W tK(CUU)P,0.0,NA,0.011464235372841358,2850,14103,16938,0,0.5838718243781534,0.16811183861263493,1.0,0.4543345897361554,0.5456654102638446
16938,ANC4 YJL222W,0.0,NA,0.011464235372841358,2850,14102,16939,0,0.5839013307367737,0.16812175554506842,1.0,0.45430237427917913,0.5456976257208208
16939,YKR057W MEL7,0.0,NA,0.011464235372841358,2850,14101,16940,0,0.5839308370953941,0.16813167364757242,1.0,0.4542701588222029,0.5457298411777971
16940,YJL179W GRD10,0.0,NA,0.011464235372841358,2850,14100,16941,0,0.5839603434540144,0.168141592920354,1.0,0.45423794336522666,0.5457620566347734
16941,YPL007C RDN18,0.0,NA,0.011464235372841358,2850,14099,16942,0,0.5839898498126346,0.16815151336362028,1.0,0.45420572790825037,0.5457942720917496
16942,tP(UGG)F YOR014W,0.0,NA,0.011464235372841358,2850,14098,16943,0,0.5840193561712549,0.1681614349775785,1.0,0.45417351245127413,0.5458264875487259
16943,YHR061C DBF1,0.0,NA,0.011464235372841358,2850,14097,16944,0,0.5840488625298752,0.16817135776243583,1.0,0.45414129699429784,0.5458587030057022
16944,HRA1 YER013W,0.0,NA,0.011464235372841358,2850,14096,16945,0,0.5840783688884955,0.16818128171839963,1.0,0.4541090815373216,0.5458909184626783
16945,YOR115C tI(AAU)E1,0.0,NA,0.011464235372841358,2850,14095,16946,0,0.5841078752471157,0.1681912068456772,1.0,0.45407686608034536,0.5459231339196546
16946,tT(AGU)N1 YOR362C,0.0,NA,0.011464235372841358,2850,14094,16947,0,0.584137381605736,0.16820113314447593,1.0,0.4540446506233691,0.5459553493766309
16947,YMR247C SUC5,0.0,NA,0.011464235372841358,2850,14093,16948,0,0.5841668879643563,0.16821106061500324,1.0,0.45401243516639284,0.5459875648336072
16948,tF(GAA)H2 YBR296C,0.0,NA,0.011464235372841358,2850,14092,16949,0,0.5841963943229767,0.16822098925746665,1.0,0.4539802197094166,0.5460197802905834
16949,tP(UGG)N1 YOR275C,0.0,NA,0.011464235372841358,2850,14091,16950,0,0.5842259006815969,0.16823091907207366,1.0,0.4539480042524403,0.5460519957475597
16950,YBR105C tD(GUC)J4,0.0,NA,0.011464235372841358,2850,14090,16951,0,0.5842554070402172,0.1682408500590319,1.0,0.45391578879546407,0.546084211204536
16951,snR39 YCL019W,0.0,NA,0.011464235372841358,2850,14089,16952,0,0.5842849133988375,0.16825078221854892,1.0,0.45388357333848783,0.5461164266615122
16952,tD(GUC)I2 YDR490C,0.0,NA,0.011464235372841358,2850,14088,16953,0,0.5843144197574577,0.16826071555083244,1.0,0.45385135788151154,0.5461486421184885
16953,YCL074W tD(GUC)D,0.0,NA,0.011464235372841358,2850,14087,16954,0,0.584343926116078,0.1682706500560902,1.0,0.4538191424245353,0.5461808575754648
16954,SUC3 YHR106W,0.0,NA,0.011464235372841358,2850,14086,16955,0,0.5843734324746983,0.16828058573453,1.0,0.453786926967559,0.5462130730324409
16955,YOL045W GRD16,0.0,NA,0.011464235372841358,2850,14085,16956,0,0.5844029388333186,0.1682905225863596,1.0,0.4537547115105828,0.5462452884894172
16956,MAL63 YLR227W-A,0.0,NA,0.011464235372841358,2850,14084,16957,0,0.5844324451919388,0.16830046061178694,1.0,0.45372249605360654,0.5462775039463935
16957,YHR208W tL(CAA)L,0.0,NA,0.011464235372841358,2850,14083,16958,0,0.5844619515505591,0.1683103998110199,1.0,0.45369028059663025,0.5463097194033697
16958,YKL007W GRD3,0.0,NA,0.011464235372841358,2850,14082,16959,0,0.5844914579091794,0.16832034018426648,1.0,0.453658065139654,0.546341934860346
16959,tK(CUU)C YOL104C,0.0,NA,0.011464235372841358,2850,14081,16960,0,0.5845209642677998,0.1683302817317347,1.0,0.4536258496826778,0.5463741503173223
16960,YOR078W YML045W-A,0.0,NA,0.011464235372841358,2850,14080,16961,0,0.58455047062642,0.16834022445363261,1.0,0.4535936342257015,0.5464063657742985
16961,tN(GUU)O2 YML057W,0.0,NA,0.011464235372841358,2850,14079,16962,0,0.5845799769850403,0.16835016835016836,1.0,0.45356141876872524,0.5464385812312748
16962,YOL039W tE(UUC)E3,0.0,NA,0.011464235372841358,2850,14078,16963,0,0.5846094833436606,0.1683601134215501,1.0,0.45352920331174895,0.546470796688251
16963,YPL170W YML045W-A,0.0,NA,0.011464235372841358,2850,14077,16964,0,0.5846389897022808,0.16837005966798604,1.0,0.4534969878547727,0.5465030121452272
16964,tM(CAU)C YKL165C,0.0,NA,0.011464235372841358,2850,14076,16965,0,0.5846684960609011,0.1683800070896845,1.0,0.4534647723977965,0.5465352276022035
16965,YDR121W tL(CAA)K,0.0,NA,0.011464235372841358,2850,14075,16966,0,0.5846980024195214,0.16838995568685378,1.0,0.4534325569408202,0.5465674430591798
16966,tL(UAA)B2 YDR182W,0.0,NA,0.011464235372841358,2850,14074,16967,0,0.5847275087781417,0.1683999054597022,1.0,0.45340034148384395,0.5465996585161561
16967,YFR046C RDN25,0.0,NA,0.011464235372841358,2850,14073,16968,0,0.5847570151367619,0.16840985640843822,1.0,0.4533681260268677,0.5466318739731323
16968,YPL001W MEL3,0.0,NA,0.011464235372841358,2850,14072,16969,0,0.5847865214953822,0.1684198085332703,1.0,0.4533359105698914,0.5466640894301086
16969,snR84 snR13,0.0,NA,0.011464235372841358,2850,14071,16970,0,0.5848160278540026,0.16842976183440694,1.0,0.4533036951129152,0.5466963048870849
16970,tE(UUC)I YNL175C,0.0,NA,0.011464235372841358,2850,14070,16971,0,0.5848455342126229,0.16843971631205673,1.0,0.45327147965593895,0.546728520344061
16971,tS(GCU)Q1 YDR461W,0.0,NA,0.011464235372841358,2850,14069,16972,0,0.5848750405712431,0.16844967196642827,1.0,0.45323926419896265,0.5467607358010373
16972,YBR085W tR(ACG)E,0.0,NA,0.011464235372841358,2850,14068,16973,0,0.5849045469298634,0.16845962879773022,1.0,0.4532070487419864,0.5467929512580136
16973,tK(CUU)C YHR134W,0.0,NA,0.011464235372841358,2850,14067,16974,0,0.5849340532884837,0.1684695868061713,1.0,0.4531748332850101,0.5468251667149898
16974,YJR105W tG(GCC)F2,0.0,NA,0.011464235372841358,2850,14066,16975,0,0.584963559647104,0.16847954599196027,1.0,0.4531426178280339,0.5468573821719661
16975,YPL144W tD(GUC)M,0.0,NA,0.011464235372841358,2850,14065,16976,0,0.5849930660057242,0.16848950635530593,1.0,0.45311040237105765,0.5468895976289424
16976,tA(AGC)J tR(UCU)G1,0.0,NA,0.011464235372841358,2850,14064,16977,0,0.5850225723643445,0.16849946789641718,1.0,0.45307818691408136,0.5469218130859186
16977,YDL195W OSR7,0.0,NA,0.011464235372841358,2850,14063,16978,0,0.5850520787229648,0.16850943061550286,1.0,0.4530459714571051,0.5469540285428949
16978,YLL057C MEL6,0.0,NA,0.011464235372841358,2850,14062,16979,0,0.585081585081585,0.168519394512772,1.0,0.4530137560001289,0.5469862439998712
16979,MAL61 YDR308C,0.0,NA,0.011464235372841358,2850,14061,16980,0,0.5851110914402053,0.16852935958843357,1.0,0.4529815405431526,0.5470184594568474
16980,YFR008W tN(GUU)P,0.0,NA,0.011464235372841358,2850,14060,16981,0,0.5851405977988257,0.16853932584269662,1.0,0.45294932508617636,0.5470506749138236
16981,SUC3 tQ(CUG)M,0.0,NA,0.011464235372841358,2850,14059,16982,0,0.585170104157446,0.1685492932757703,1.0,0.45291710962920007,0.5470828903707999
16982,YFL011W tL(CAA)K,0.0,NA,0.011464235372841358,2850,14058,16983,0,0.5851996105160662,0.16855926188786374,1.0,0.45288489417222383,0.5471151058277761
16983,YJL125C OSR3,0.0,NA,0.011464235372841358,2850,14057,16984,0,0.5852291168746865,0.16856923167918614,1.0,0.4528526787152476,0.5471473212847524
16984,YJL108C tD(GUC)I2,0.0,NA,0.011464235372841358,2850,14056,16985,0,0.5852586232333068,0.16857920264994677,1.0,0.4528204632582713,0.5471795367417287
16985,R0010W YNL339C,0.0,NA,0.011464235372841358,2850,14055,16986,0,0.5852881295919271,0.16858917480035493,1.0,0.45278824780129506,0.547211752198705
16986,tP(UGG)H tT(UGU)H,0.0,NA,0.011464235372841358,2850,14054,16987,0,0.5853176359505473,0.16859914813061996,1.0,0.4527560323443188,0.5472439676556812
16987,SME2 YJL088W,0.0,NA,0.011464235372841358,2850,14053,16988,0,0.5853471423091676,0.16860912264095132,1.0,0.45272381688734253,0.5472761831126575
16988,YCL019W tT(UGU)H,0.0,NA,0.011464235372841358,2850,14052,16989,0,0.5853766486677879,0.1686190983315584,1.0,0.4526916014303663,0.5473083985696338
16989,tG(GCC)F2 snR3,0.0,NA,0.011464235372841358,2850,14051,16990,0,0.5854061550264081,0.16862907520265072,1.0,0.45265938597339,0.5473406140266099
16990,YDR217C tT(UGU)G1,0.0,NA,0.011464235372841358,2850,14050,16991,0,0.5854356613850284,0.16863905325443787,1.0,0.45262717051641377,0.5473728294835862
16991,tT(AGU)O1 YEL044W,0.0,NA,0.011464235372841358,2850,14049,16992,0,0.5854651677436488,0.16864903248712942,1.0,0.45259495505943753,0.5474050449405625
16992,tW(CCA)K YML121W,0.0,NA,0.011464235372841358,2850,14048,16993,0,0.5854946741022691,0.16865901290093502,1.0,0.45256273960246124,0.5474372603975387
16993,tT(AGU)H YIL090W,0.0,NA,0.011464235372841358,2850,14047,16994,0,0.5855241804608893,0.1686689944960644,1.0,0.452530524145485,0.547469475854515
16994,tL(UAG)L2 YIL073C,0.0,NA,0.011464235372841358,2850,14046,16995,0,0.5855536868195096,0.16867897727272727,1.0,0.45249830868850877,0.5475016913114913
16995,snR84 YNL231C,0.0,NA,0.011464235372841358,2850,14045,16996,0,0.5855831931781299,0.16868896123113347,1.0,0.4524660932315325,0.5475339067684675
16996,YLR398C AWA1,0.0,NA,0.011464235372841358,2850,14044,16997,0,0.5856126995367502,0.16869894637149283,1.0,0.45243387777455624,0.5475661222254438
16997,snR30 YBR181C,0.0,NA,0.011464235372841358,2850,14043,16998,0,0.5856422058953704,0.16870893269401527,1.0,0.45240166231758,0.54759833768242
16998,YML116W DBF1,0.0,NA,0.011464235372841358,2850,14042,16999,0,0.5856717122539907,0.16871892019891072,1.0,0.4523694468606037,0.5476305531393962
16999,YJL121C tV(AAC)H,0.0,NA,0.011464235372841358,2850,14041,17000,0,0.585701218612611,0.1687289088863892,1.0,0.45233723140362747,0.5476627685963725
17000,R0010W YBR040W,0.0,NA,0.011464235372841358,2850,14040,17001,0,0.5857307249712314,0.16873889875666073,1.0,0.4523050159466512,0.5476949840533488
17001,YKR028W DBF1,0.0,NA,0.011464235372841358,2850,14039,17002,0,0.5857602313298516,0.16874888980993547,1.0,0.45227280048967494,0.547727199510325
17002,PDR7 YLR385C,0.0,NA,0.011464235372841358,2850,14038,17003,0,0.5857897376884719,0.1687588820464235,1.0,0.4522405850326987,0.5477594149673013
17003,tI(AAU)I1 YPR179C,0.0,NA,0.011464235372841358,2850,14037,17004,0,0.5858192440470922,0.16876887546633504,1.0,0.4522083695757224,0.5477916304242776
17004,YOR076C tL(CAA)K,0.0,NA,0.011464235372841358,2850,14036,17005,0,0.5858487504057124,0.16877887006988038,1.0,0.4521761541187462,0.5478238458812539
17005,YLR360W snR40,0.0,NA,0.011464235372841358,2850,14035,17006,0,0.5858782567643327,0.16878886585726977,1.0,0.45214393866176994,0.5478560613382301
17006,YKL119C tK(UUU)L,0.0,NA,0.011464235372841358,2850,14034,17007,0,0.585907763122953,0.16879886282871356,1.0,0.45211172320479365,0.5478882767952064
17007,YKR069W tD(GUC)I2,0.0,NA,0.011464235372841358,2850,14033,17008,0,0.5859372694815733,0.1688088609844222,1.0,0.4520795077478174,0.5479204922521826
17008,YOR269W tL(CAA)K,0.0,NA,0.011464235372841358,2850,14032,17009,0,0.5859667758401935,0.16881886032460608,1.0,0.4520472922908411,0.5479527077091588
17009,YBL019W SCH1,0.0,NA,0.011464235372841358,2850,14031,17010,0,0.5859962821988138,0.16882886084947574,1.0,0.4520150768338649,0.5479849231661351
17010,YHR040W tD(GUC)G1,0.0,NA,0.011464235372841358,2850,14030,17011,0,0.5860257885574341,0.16883886255924171,1.0,0.45198286137688864,0.5480171386231114
17011,MEL6 YJL047C,0.0,NA,0.011464235372841358,2850,14029,17012,0,0.5860552949160545,0.1688488654541146,1.0,0.45195064591991235,0.5480493540800876
17012,YBR180W tI(AAU)N1,0.0,NA,0.011464235372841358,2850,14028,17013,0,0.5860848012746747,0.168858869534305,1.0,0.4519184304629361,0.5480815695370639
17013,YER123W tC(GCA)G,0.0,NA,0.011464235372841358,2850,14027,17014,0,0.586114307633295,0.1688688748000237,1.0,0.4518862150059599,0.5481137849940402
17014,SUC3 YDR211W,0.0,NA,0.011464235372841358,2850,14026,17015,0,0.5861438139919153,0.1688788812514814,1.0,0.4518539995489836,0.5481460004510164
17015,tV(AAC)K2 YJL134W,0.0,NA,0.011464235372841358,2850,14025,17016,0,0.5861733203505355,0.1688888888888889,1.0,0.45182178409200735,0.5481782159079926
17016,tD(GUC)N YJL153C,0.0,NA,0.011464235372841358,2850,14024,17017,0,0.5862028267091558,0.16889889771245703,1.0,0.4517895686350311,0.5482104313649689
17017,YDR450W RDN25,0.0,NA,0.011464235372841358,2850,14023,17018,0,0.5862323330677761,0.16890890772239672,1.0,0.4517573531780548,0.5482426468219451
17018,YDL223C tW(UCA)Q,0.0,NA,0.011464235372841358,2850,14022,17019,0,0.5862618394263964,0.16891891891891891,1.0,0.4517251377210786,0.5482748622789214
17019,YDR252W tI(UAU)D,0.0,NA,0.011464235372841358,2850,14021,17020,0,0.5862913457850166,0.1689289313022346,1.0,0.4516929222641023,0.5483070777358977
17020,tM(CAU)M YER132C,0.0,NA,0.011464235372841358,2850,14020,17021,0,0.5863208521436369,0.16893894487255484,1.0,0.45166070680712606,0.5483392931928739
17021,YPR185W tS(AGA)H,0.0,NA,0.011464235372841358,2850,14019,17022,0,0.5863503585022573,0.1689489596300907,1.0,0.4516284913501498,0.5483715086498502
17022,YLR353W RRP2,0.0,NA,0.011464235372841358,2850,14018,17023,0,0.5863798648608776,0.16895897557505335,1.0,0.4515962758931735,0.5484037241068265
17023,YGL076C tL(UAA)N,0.0,NA,0.011464235372841358,2850,14017,17024,0,0.5864093712194978,0.168968992707654,1.0,0.4515640604361973,0.5484359395638028
17024,tV(AAC)G3 YAL026C,0.0,NA,0.011464235372841358,2850,14016,17025,0,0.5864388775781181,0.16897901102810386,1.0,0.45153184497922105,0.548468155020779
17025,YDR471W 21S_rRNA,0.0,NA,0.011464235372841358,2850,14015,17026,0,0.5864683839367384,0.1689890305366143,1.0,0.45149962952224476,0.5485003704777552
17026,YNL289W tF(GAA)Q,0.0,NA,0.011464235372841358,2850,14014,17027,0,0.5864978902953587,0.1689990512333966,1.0,0.4514674140652685,0.5485325859347315
17027,tR(ACG)D YIL173W,0.0,NA,0.011464235372841358,2850,14013,17028,0,0.5865273966539789,0.16900907311866217,1.0,0.45143519860829223,0.5485648013917077
17028,YKR081C tA(AGC)H,0.0,NA,0.011464235372841358,2850,14012,17029,0,0.5865569030125992,0.16901909619262245,1.0,0.451402983151316,0.548597016848684
17029,YBR267W tL(CAA)L,0.0,NA,0.011464235372841358,2850,14011,17030,0,0.5865864093712195,0.16902912045548898,1.0,0.45137076769433976,0.5486292323056603
17030,YDL165W AUT6,0.0,NA,0.011464235372841358,2850,14010,17031,0,0.5866159157298397,0.16903914590747332,1.0,0.45133855223736347,0.5486614477626365
17031,MAL41 YDR420W,0.0,NA,0.011464235372841358,2850,14009,17032,0,0.58664542208846,0.16904917254878699,1.0,0.45130633678038723,0.5486936632196128
17032,tL(UAG)J YOR367W,0.0,NA,0.011464235372841358,2850,14008,17033,0,0.5866749284470804,0.1690592003796417,1.0,0.451274121323411,0.5487258786765891
17033,YCR057C tW(CCA)G1,0.0,NA,0.011464235372841358,2850,14007,17034,0,0.5867044348057007,0.16906922940024915,1.0,0.4512419058664347,0.5487580941335652
17034,YGL087C tP(UGG)Q,0.0,NA,0.011464235372841358,2850,14006,17035,0,0.5867339411643209,0.16907925961082107,1.0,0.45120969040945846,0.5487903095905415
17035,tS(CGA)C YPL283C,0.0,NA,0.011464235372841358,2850,14005,17036,0,0.5867634475229412,0.16908929101156928,1.0,0.4511774749524822,0.5488225250475178
17036,tH(GUG)Q YJR139C,0.0,NA,0.011464235372841358,2850,14004,17037,0,0.5867929538815615,0.16909932360270558,1.0,0.45114525949550593,0.548854740504494
17037,tD(GUC)O YOR250C,0.0,NA,0.011464235372841358,2850,14003,17038,0,0.5868224602401818,0.16910935738444194,1.0,0.4511130440385297,0.5488869559614703
17038,tA(UGC)G YKR035W-A,0.0,NA,0.011464235372841358,2850,14002,17039,0,0.586851966598802,0.16911939235699028,1.0,0.4510808285815534,0.5489191714184466
17039,MAL22 YDR057W,0.0,NA,0.011464235372841358,2850,14001,17040,0,0.5868814729574223,0.1691294285205626,1.0,0.45104861312457717,0.5489513868754228
17040,YNL186W tL(CAA)C,0.0,NA,0.011464235372841358,2850,14000,17041,0,0.5869109793160426,0.16913946587537093,1.0,0.45101639766760093,0.5489836023323991
17041,tT(UGU)Q1 YNL072W,0.0,NA,0.011464235372841358,2850,13999,17042,0,0.5869404856746628,0.1691495044216274,1.0,0.45098418221062464,0.5490158177893754
17042,YCL025C tW(CCA)G2,0.0,NA,0.011464235372841358,2850,13998,17043,0,0.5869699920332831,0.16915954415954415,1.0,0.4509519667536484,0.5490480332463517
17043,tL(CAA)C YDR273W,0.0,NA,0.011464235372841358,2850,13997,17044,0,0.5869994983919035,0.1691695850893334,1.0,0.45091975129667217,0.5490802487033278
17044,YJR028W OSR3,0.0,NA,0.011464235372841358,2850,13996,17045,0,0.5870290047505238,0.1691796272112074,1.0,0.4508875358396959,0.5491124641603041
17045,YDR363W-A tT(AGU)O1,0.0,NA,0.011464235372841358,2850,13995,17046,0,0.587058511109144,0.16918967052537845,1.0,0.45085532038271964,0.5491446796172804
17046,YGR065C tT(UGU)G1,0.0,NA,0.011464235372841358,2850,13994,17047,0,0.5870880174677643,0.16919971503205888,1.0,0.45082310492574335,0.5491768950742566
17047,tT(UGU)H YOR063W,0.0,NA,0.011464235372841358,2850,13993,17048,0,0.5871175238263846,0.16920976073146113,1.0,0.4507908894687671,0.5492091105312329
17048,tR(ACG)Q2 YDR382W,0.0,NA,0.011464235372841358,2850,13992,17049,0,0.5871470301850049,0.16921980762379765,1.0,0.45075867401179087,0.5492413259882092
17049,snR128 tE(UUC)G3,0.0,NA,0.011464235372841358,2850,13991,17050,0,0.5871765365436251,0.16922985570928092,1.0,0.4507264585548146,0.5492735414451854
17050,tW(CCA)P YGR221C,0.0,NA,0.011464235372841358,2850,13990,17051,0,0.5872060429022454,0.16923990498812352,1.0,0.45069424309783834,0.5493057569021617
17051,snR191 YNL147W,0.0,NA,0.011464235372841358,2850,13989,17052,0,0.5872355492608657,0.16924995546053803,1.0,0.4506620276408621,0.549337972359138
17052,YDR346C tF(GAA)D,0.0,NA,0.011464235372841358,2850,13988,17053,0,0.587265055619486,0.16926000712673714,1.0,0.4506298121838858,0.5493701878161141
17053,tT(UGU)Q1 YNL218W,0.0,NA,0.011464235372841358,2850,13987,17054,0,0.5872945619781063,0.16927005998693354,1.0,0.4505975967269096,0.5494024032730904
17054,snR84 YDR459C,0.0,NA,0.011464235372841358,2850,13986,17055,0,0.5873240683367266,0.16928011404134,1.0,0.45056538126993334,0.5494346187300667
17055,tY(GUA)M1 YOL103W-A,0.0,NA,0.011464235372841358,2850,13985,17056,0,0.5873535746953469,0.1692901692901693,1.0,0.45053316581295705,0.5494668341870429
17056,tA(UGC)G YBR267W,0.0,NA,0.011464235372841358,2850,13984,17057,0,0.5873830810539671,0.16930022573363432,1.0,0.4505009503559808,0.5494990496440192
17057,OSR2 YNL240C,0.0,NA,0.011464235372841358,2850,13983,17058,0,0.5874125874125874,0.16931028337194795,1.0,0.4504687348990045,0.5495312651009955
17058,tM(CAU)Q2 YMR135C,0.0,NA,0.011464235372841358,2850,13982,17059,0,0.5874420937712077,0.1693203422053232,1.0,0.4504365194420283,0.5495634805579717
17059,YER131W tD(GUC)J4,0.0,NA,0.011464235372841358,2850,13981,17060,0,0.587471600129828,0.16933040223397303,1.0,0.45040430398505205,0.549595696014948
17060,YKL180W tT(AGU)N2,0.0,NA,0.011464235372841358,2850,13980,17061,0,0.5875011064884482,0.16934046345811052,1.0,0.45037208852807575,0.5496279114719242
17061,YLR181C tI(UAU)L,0.0,NA,0.011464235372841358,2850,13979,17062,0,0.5875306128470685,0.16935052587794877,1.0,0.4503398730710995,0.5496601269289005
17062,tG(GCC)F1 YDR019C,0.0,NA,0.011464235372841358,2850,13978,17063,0,0.5875601192056888,0.16936058949370097,1.0,0.4503076576141233,0.5496923423858767
17063,MAL63 tS(AGA)D2,0.0,NA,0.011464235372841358,2850,13977,17064,0,0.5875896255643092,0.16937065430558032,1.0,0.450275442157147,0.549724557842853
17064,MEL2 YHR110W,0.0,NA,0.011464235372841358,2850,13976,17065,0,0.5876191319229294,0.16938072031380008,1.0,0.45024322670017075,0.5497567732998293
17065,YNR020C tI(AAU)G,0.0,NA,0.011464235372841358,2850,13975,17066,0,0.5876486382815497,0.16939078751857356,1.0,0.45021101124319446,0.5497889887568055
17066,tD(GUC)N tS(AGA)D1,0.0,NA,0.011464235372841358,2850,13974,17067,0,0.58767814464017,0.1694008559201141,1.0,0.4501787957862182,0.5498212042137818
17067,tT(AGU)B YOR058C,0.0,NA,0.011464235372841358,2850,13973,17068,0,0.5877076509987902,0.1694109255186352,1.0,0.450146580329242,0.5498534196707581
17068,YDL099W snR18,0.0,NA,0.011464235372841358,2850,13972,17069,0,0.5877371573574105,0.16942099631435026,1.0,0.4501143648722657,0.5498856351277343
17069,RDN18 YPR159W,0.0,NA,0.011464235372841358,2850,13971,17070,0,0.5877666637160308,0.16943106830747282,1.0,0.45008214941528946,0.5499178505847105
17070,YKL058W tP(UGG)L,0.0,NA,0.011464235372841358,2850,13970,17071,0,0.5877961700746511,0.1694411414982164,1.0,0.4500499339583132,0.5499500660416868
17071,OSR8 YLR194C,0.0,NA,0.011464235372841358,2850,13969,17072,0,0.5878256764332713,0.1694512158867947,1.0,0.4500177185013369,0.549982281498663
17072,YLR227W-B tG(CCC)O,0.0,NA,0.011464235372841358,2850,13968,17073,0,0.5878551827918916,0.16946129147342134,1.0,0.4499855030443607,0.5500144969556393
17073,MAL63 YIR008C,0.0,NA,0.011464235372841358,2850,13967,17074,0,0.587884689150512,0.16947136825831005,1.0,0.44995328758738445,0.5500467124126156
17074,YGR020C tW(CCA)M,0.0,NA,0.011464235372841358,2850,13966,17075,0,0.5879141955091323,0.1694814462416746,1.0,0.44992107213040816,0.5500789278695918
17075,tD(GUC)B YNR009W,0.0,NA,0.011464235372841358,2850,13965,17076,0,0.5879437018677525,0.1694915254237288,1.0,0.4498888566734319,0.5501111433265681
17076,YOR192C-B snR3,0.0,NA,0.011464235372841358,2850,13964,17077,0,0.5879732082263728,0.16950160580468657,1.0,0.44985664121645563,0.5501433587835444
17077,tA(UGC)Q YFL050C,0.0,NA,0.011464235372841358,2850,13963,17078,0,0.5880027145849931,0.1695116873847618,1.0,0.4498244257594794,0.5501755742405205
17078,YCR060W tF(GAA)B,0.0,NA,0.011464235372841358,2850,13962,17079,0,0.5880322209436134,0.16952177016416844,1.0,0.44979221030250316,0.5502077896974968
17079,snR18 YIL125W,0.0,NA,0.011464235372841358,2850,13961,17080,0,0.5880617273022336,0.16953185414312058,1.0,0.44975999484552687,0.5502400051544731
17080,tA(AGC)F YHR169W,0.0,NA,0.011464235372841358,2850,13960,17081,0,0.5880912336608539,0.16954193932183223,1.0,0.44972777938855063,0.5502722206114494
17081,snR82 tK(CUU)G3,0.0,NA,0.011464235372841358,2850,13959,17082,0,0.5881207400194742,0.16955202570051758,1.0,0.4496955639315744,0.5503044360684256
17082,YIR023W tT(AGU)N1,0.0,NA,0.011464235372841358,2850,13958,17083,0,0.5881502463780944,0.16956211327939077,1.0,0.4496633484745981,0.5503366515254019
17083,tD(GUC)J3 YIL019W,0.0,NA,0.011464235372841358,2850,13957,17084,0,0.5881797527367147,0.16957220205866602,1.0,0.44963113301762186,0.5503688669823782
17084,YMR297W tG(GCC)F2,0.0,NA,0.011464235372841358,2850,13956,17085,0,0.5882092590953351,0.16958229203855765,1.0,0.4495989175606456,0.5504010824393544
17085,snR30 YEL062W,0.0,NA,0.011464235372841358,2850,13955,17086,0,0.5882387654539554,0.16959238321927997,1.0,0.44956670210366934,0.5504332978963307
17086,YBR223C tM(CAU)O1,0.0,NA,0.011464235372841358,2850,13954,17087,0,0.5882682718125756,0.16960247560104738,1.0,0.4495344866466931,0.550465513353307
17087,YPL259C tF(GAA)P2,0.0,NA,0.011464235372841358,2850,13953,17088,0,0.5882977781711959,0.16961256918407427,1.0,0.4495022711897168,0.5504977288102831
17088,YGL135W PFK4,0.0,NA,0.011464235372841358,2850,13952,17089,0,0.5883272845298162,0.16962266396857517,1.0,0.44947005573274057,0.5505299442672594
17089,YGL178W tK(UUU)O,0.0,NA,0.011464235372841358,2850,13951,17090,0,0.5883567908884365,0.1696327599547646,1.0,0.44943784027576433,0.5505621597242357
17090,YDL220C MEL3,0.0,NA,0.011464235372841358,2850,13950,17091,0,0.5883862972470567,0.16964285714285715,1.0,0.44940562481878804,0.5505943751812119
17091,MEL10 YLR087C,0.0,NA,0.011464235372841358,2850,13949,17092,0,0.588415803605677,0.16965295553306745,1.0,0.4493734093618118,0.5506265906381882
17092,YER042W tN(GUU)P,0.0,NA,0.011464235372841358,2850,13948,17093,0,0.5884453099642973,0.1696630551256102,1.0,0.44934119390483557,0.5506588060951645
17093,YDL247W SUC5,0.0,NA,0.011464235372841358,2850,13947,17094,0,0.5884748163229175,0.16967315592070012,1.0,0.4493089784478593,0.5506910215521407
17094,tP(UGG)F YKR086W,0.0,NA,0.011464235372841358,2850,13946,17095,0,0.5885043226815379,0.16968325791855204,1.0,0.44927676299088304,0.550723237009117
17095,YDR483W SCH1,0.0,NA,0.011464235372841358,2850,13945,17096,0,0.5885338290401582,0.16969336111938077,1.0,0.44924454753390675,0.5507554524660933
17096,tL(CAA)C tF(GAA)H1,0.0,NA,0.011464235372841358,2850,13944,17097,0,0.5885633353987785,0.1697034655234012,1.0,0.4492123320769305,0.5507876679230694
17097,tA(UGC)Q YCR086W,0.0,NA,0.011464235372841358,2850,13943,17098,0,0.5885928417573987,0.16971357113082833,1.0,0.4491801166199543,0.5508198833800457
17098,YDR207C RRP2,0.0,NA,0.011464235372841358,2850,13942,17099,0,0.588622348116019,0.1697236779418771,1.0,0.449147901162978,0.550852098837022
17099,tD(GUC)N YDR316W-B,0.0,NA,0.011464235372841358,2850,13941,17100,0,0.5886518544746393,0.16973378595676256,1.0,0.44911568570600174,0.5508843142939983
17100,tW(CCA)J YBR265W,0.0,NA,0.011464235372841358,2850,13940,17101,0,0.5886813608332596,0.16974389517569982,1.0,0.4490834702490255,0.5509165297509745
17101,YOR351C SUC1,0.0,NA,0.011464235372841358,2850,13939,17102,0,0.5887108671918798,0.16975400559890405,1.0,0.4490512547920492,0.5509487452079508
17102,YDR272W tF(GAA)P1,0.0,NA,0.011464235372841358,2850,13938,17103,0,0.5887403735505001,0.16976411722659043,1.0,0.449019039335073,0.5509809606649271
17103,YOR346W tK(UUU)L,0.0,NA,0.011464235372841358,2850,13937,17104,0,0.5887698799091204,0.1697742300589742,1.0,0.4489868238780967,0.5510131761219033
17104,GRD17 YOR095C,0.0,NA,0.011464235372841358,2850,13936,17105,0,0.5887993862677406,0.1697843440962707,1.0,0.44895460842112045,0.5510453915788796
17105,tS(CGA)C YML082W,0.0,NA,0.011464235372841358,2850,13935,17106,0,0.588828892626361,0.16979445933869527,1.0,0.4489223929641442,0.5510776070358558
17106,YER161C tD(GUC)D,0.0,NA,0.011464235372841358,2850,13934,17107,0,0.5888583989849813,0.1698045757864633,1.0,0.4488901775071679,0.551109822492832
17107,tE(CUC)I YDL188C,0.0,NA,0.011464235372841358,2850,13933,17108,0,0.5888879053436016,0.16981469343979028,1.0,0.4488579620501917,0.5511420379498083
17108,GRD10 YLR045C,0.0,NA,0.011464235372841358,2850,13932,17109,0,0.5889174117022218,0.16982481229889168,1.0,0.44882574659321545,0.5511742534067846
17109,tP(UGG)N1 YLR459W,0.0,NA,0.011464235372841358,2850,13931,17110,0,0.5889469180608421,0.1698349323639831,1.0,0.44879353113623915,0.5512064688637608
17110,YIL128W AWA1,0.0,NA,0.011464235372841358,2850,13930,17111,0,0.5889764244194624,0.1698450536352801,1.0,0.4487613156792629,0.5512386843207371
17111,YJR064W tI(AAU)E1,0.0,NA,0.011464235372841358,2850,13929,17112,0,0.5890059307780827,0.16985517611299839,1.0,0.4487291002222866,0.5512708997777134
17112,snR85 YHR211W,0.0,NA,0.011464235372841358,2850,13928,17113,0,0.5890354371367029,0.16986529979735368,1.0,0.4486968847653104,0.5513031152346896
17113,YNL132W tP(UGG)Q,0.0,NA,0.011464235372841358,2850,13927,17114,0,0.5890649434953232,0.16987542468856173,1.0,0.44866466930833415,0.5513353306916658
17114,YCR053W tR(UCU)G1,0.0,NA,0.011464235372841358,2850,13926,17115,0,0.5890944498539435,0.16988555078683834,1.0,0.44863245385135786,0.5513675461486421
17115,tS(GCU)Q1 YKL019W,0.0,NA,0.011464235372841358,2850,13925,17116,0,0.5891239562125639,0.16989567809239942,1.0,0.4486002383943816,0.5513997616056183
17116,ESC3 YLR435W,0.0,NA,0.011464235372841358,2850,13924,17117,0,0.5891534625711841,0.16990580660546084,1.0,0.4485680229374054,0.5514319770625946
17117,tG(GCC)F2 YOR010C,0.0,NA,0.011464235372841358,2850,13923,17118,0,0.5891829689298044,0.1699159363262386,1.0,0.4485358074804291,0.5514641925195709
17118,snR80 tK(CUU)C,0.0,NA,0.011464235372841358,2850,13922,17119,0,0.5892124752884247,0.16992606725494872,1.0,0.44850359202345286,0.5514964079765472
17119,YGL067W tT(AGU)O1,0.0,NA,0.011464235372841358,2850,13921,17120,0,0.5892419816470449,0.1699361993918073,1.0,0.4484713765664766,0.5515286234335234
17120,YOR160W tI(AAU)G,0.0,NA,0.011464235372841358,2850,13920,17121,0,0.5892714880056652,0.16994633273703041,1.0,0.44843916110950033,0.5515608388904997
17121,YJL001W tF(GAA)B,0.0,NA,0.011464235372841358,2850,13919,17122,0,0.5893009943642855,0.16995646729083427,1.0,0.4484069456525241,0.551593054347476
17122,YCL039W tN(GUU)O2,0.0,NA,0.011464235372841358,2850,13918,17123,0,0.5893305007229058,0.1699666030534351,1.0,0.4483747301955478,0.5516252698044521
17123,tL(UAG)J YIL116W,0.0,NA,0.011464235372841358,2850,13917,17124,0,0.589360007081526,0.1699767400250492,1.0,0.44834251473857156,0.5516574852614284
17124,YCR044C RDN18,0.0,NA,0.011464235372841358,2850,13916,17125,0,0.5893895134401463,0.16998687820589287,1.0,0.4483102992815953,0.5516897007184047
17125,tK(CUU)E1 tG(GCC)J1,0.0,NA,0.011464235372841358,2850,13915,17126,0,0.5894190197987667,0.16999701759618252,1.0,0.44827808382461903,0.5517219161753809
17126,tK(CUU)P YOR371C,0.0,NA,0.011464235372841358,2850,13914,17127,0,0.589448526157387,0.17000715819613457,1.0,0.4482458683676428,0.5517541316323572
17127,tN(GUU)G YMR236W,0.0,NA,0.011464235372841358,2850,13913,17128,0,0.5894780325160072,0.17001730000596552,1.0,0.44821365291066656,0.5517863470893335
17128,tG(GCC)F2 YJL035C,0.0,NA,0.011464235372841358,2850,13912,17129,0,0.5895075388746275,0.1700274430258919,1.0,0.44818143745369027,0.5518185625463097
17129,YOR270C snR81,0.0,NA,0.011464235372841358,2850,13911,17130,0,0.5895370452332478,0.1700375872561303,1.0,0.44814922199671403,0.551850778003286
17130,YBR275C tV(AAC)E2,0.0,NA,0.011464235372841358,2850,13910,17131,0,0.589566551591868,0.17004773269689738,1.0,0.44811700653973774,0.5518829934602623
17131,MPR1 YNR064C,0.0,NA,0.011464235372841358,2850,13909,17132,0,0.5895960579504883,0.1700578793484098,1.0,0.4480847910827615,0.5519152089172384
17132,YEL003W snR40,0.0,NA,0.011464235372841358,2850,13908,17133,0,0.5896255643091086,0.17006802721088435,1.0,0.44805257562578527,0.5519474243742147
17133,SPA1 YOR076C,0.0,NA,0.011464235372841358,2850,13907,17134,0,0.5896550706677289,0.1700781762845378,1.0,0.448020360168809,0.551979639831191
17134,tH(GUG)G1 YDR158W,0.0,NA,0.011464235372841358,2850,13906,17135,0,0.5896845770263491,0.170088326569587,1.0,0.44798814471183274,0.5520118552881672
17135,YBL071W-A tL(CAA)C,0.0,NA,0.011464235372841358,2850,13905,17136,0,0.5897140833849694,0.1700984780662489,1.0,0.4479559292548565,0.5520440707451435
17136,YNL054W-B SME2,0.0,NA,0.011464235372841358,2850,13904,17137,0,0.5897435897435898,0.17010863077474037,1.0,0.4479237137978802,0.5520762862021198
17137,YDR425W MAL43,0.0,NA,0.011464235372841358,2850,13903,17138,0,0.5897730961022101,0.17011878469527847,1.0,0.44789149834090397,0.5521085016590961
17138,MEL4 YHR171W,0.0,NA,0.011464235372841358,2850,13902,17139,0,0.5898026024608303,0.17012893982808022,1.0,0.44785928288392773,0.5521407171160723
17139,YDR206W OSR2,0.0,NA,0.011464235372841358,2850,13901,17140,0,0.5898321088194506,0.17013909617336279,1.0,0.44782706742695144,0.5521729325730486
17140,tD(GUC)B YML016C,0.0,NA,0.011464235372841358,2850,13900,17141,0,0.5898616151780709,0.1701492537313433,1.0,0.4477948519699752,0.5522051480300249
17141,YMR210W tP(UGG)N1,0.0,NA,0.011464235372841358,2850,13899,17142,0,0.5898911215366912,0.17015941250223893,1.0,0.4477626365129989,0.552237363487001
17142,tK(CUU)F YBR249C,0.0,NA,0.011464235372841358,2850,13898,17143,0,0.5899206278953114,0.17016957248626702,1.0,0.4477304210560227,0.5522695789439773
17143,YGR245C tD(GUC)Q,0.0,NA,0.011464235372841358,2850,13897,17144,0,0.5899501342539317,0.17017973368364483,1.0,0.44769820559904644,0.5523017944009536
17144,YMR316W TER1,0.0,NA,0.011464235372841358,2850,13896,17145,0,0.589979640612552,0.17018989609458976,1.0,0.44766599014207015,0.5523340098579298
17145,OSR3 YJL071W,0.0,NA,0.011464235372841358,2850,13895,17146,0,0.5900091469711722,0.1702000597193192,1.0,0.4476337746850939,0.5523662253149061
17146,Q0250 tG(CCC)O,0.0,NA,0.011464235372841358,2850,13894,17147,0,0.5900386533297926,0.17021022455805065,1.0,0.4476015592281177,0.5523984407718824
17147,YBR290W YML045W-A,0.0,NA,0.011464235372841358,2850,13893,17148,0,0.5900681596884129,0.1702203906110016,1.0,0.4475693437711414,0.5524306562288586
17148,tF(GAA)P1 YOR323C,0.0,NA,0.011464235372841358,2850,13892,17149,0,0.5900976660470332,0.17023055787838967,1.0,0.44753712831416514,0.5524628716858349
17149,tR(UCU)G3 YBR274W,0.0,NA,0.011464235372841358,2850,13891,17150,0,0.5901271724056534,0.17024072636043247,1.0,0.44750491285718885,0.5524950871428111
17150,YGR032W tA(UGC)G,0.0,NA,0.011464235372841358,2850,13890,17151,0,0.5901566787642737,0.17025089605734767,1.0,0.4474726974002126,0.5525273025997873
17151,YDR306C tM(CAU)O1,0.0,NA,0.011464235372841358,2850,13889,17152,0,0.590186185122894,0.170261066969353,1.0,0.4474404819432364,0.5525595180567636
17152,tM(CAU)P YKL221W,0.0,NA,0.011464235372841358,2850,13888,17153,0,0.5902156914815143,0.17027123909666628,1.0,0.4474082664862601,0.5525917335137399
17153,tK(CUU)K YGR234W,0.0,NA,0.011464235372841358,2850,13887,17154,0,0.5902451978401345,0.1702814124395053,1.0,0.44737605102928385,0.5526239489707161
17154,YIR034C snR81,0.0,NA,0.011464235372841358,2850,13886,17155,0,0.5902747041987548,0.17029158699808794,1.0,0.4473438355723076,0.5526561644276924
17155,YDR368W GRD5,0.0,NA,0.011464235372841358,2850,13885,17156,0,0.5903042105573751,0.1703017627726322,1.0,0.4473116201153313,0.5526883798846687
17156,YGR054W tM(CAU)D,0.0,NA,0.011464235372841358,2850,13884,17157,0,0.5903337169159953,0.17031193976335604,1.0,0.4472794046583551,0.552720595341645
17157,OSR9 YKL028W,0.0,NA,0.011464235372841358,2850,13883,17158,0,0.5903632232746157,0.1703221179704775,1.0,0.44724718920137885,0.5527528107986212
17158,YOR301W MEL7,0.0,NA,0.011464235372841358,2850,13882,17159,0,0.590392729633236,0.17033229739421468,1.0,0.44721497374440256,0.5527850262555974
17159,tV(AAC)K2 YJL122W,0.0,NA,0.011464235372841358,2850,13881,17160,0,0.5904222359918563,0.17034247803478572,1.0,0.4471827582874263,0.5528172417125737
17160,YPR010C tN(GUU)O1,0.0,NA,0.011464235372841358,2850,13880,17161,0,0.5904517423504765,0.17035265989240886,1.0,0.44715054283045,0.5528494571695499
17161,tA(UGC)Q YGR261C,0.0,NA,0.011464235372841358,2850,13879,17162,0,0.5904812487090968,0.17036284296730228,1.0,0.4471183273734738,0.5528816726265262
17162,tH(GUG)G1 YDL213C,0.0,NA,0.011464235372841358,2850,13878,17163,0,0.5905107550677171,0.17037302725968437,1.0,0.44708611191649755,0.5529138880835025
17163,YMR274C tH(GUG)H,0.0,NA,0.011464235372841358,2850,13877,17164,0,0.5905402614263374,0.17038321276977342,1.0,0.44705389645952126,0.5529461035404787
17164,YBR073W MEL3,0.0,NA,0.011464235372841358,2850,13876,17165,0,0.5905697677849576,0.17039339949778787,1.0,0.447021681002545,0.552978318997455
17165,MEL5 YNR032W,0.0,NA,0.011464235372841358,2850,13875,17166,0,0.5905992741435779,0.17040358744394618,1.0,0.4469894655455688,0.5530105344544313
17166,tG(GCC)F1 YHR111W,0.0,NA,0.011464235372841358,2850,13874,17167,0,0.5906287805021982,0.17041377660846688,1.0,0.4469572500885925,0.5530427499114074
17167,GRD17 YIL110W,0.0,NA,0.011464235372841358,2850,13873,17168,0,0.5906582868608186,0.1704239669915685,1.0,0.44692503463161626,0.5530749653683837
17168,YNL216W tN(GUU)P,0.0,NA,0.011464235372841358,2850,13872,17169,0,0.5906877932194388,0.1704341585934697,1.0,0.44689281917463997,0.55310718082536
17169,tL(UAA)Q YDR178W,0.0,NA,0.011464235372841358,2850,13871,17170,0,0.5907172995780591,0.1704443514143891,1.0,0.44686060371766373,0.5531393962823362
17170,SPA1 YNL147W,0.0,NA,0.011464235372841358,2850,13870,17171,0,0.5907468059366794,0.17045454545454544,1.0,0.4468283882606875,0.5531716117393125
17171,tS(GCU)O tG(GCC)M,0.0,NA,0.011464235372841358,2850,13869,17172,0,0.5907763122952996,0.17046474071415754,1.0,0.4467961728037112,0.5532038271962888
17172,YKL073W tI(AAU)I2,0.0,NA,0.011464235372841358,2850,13868,17173,0,0.5908058186539199,0.1704749371934442,1.0,0.44676395734673496,0.553236042653265
17173,MAL43 YFR033C,0.0,NA,0.011464235372841358,2850,13867,17174,0,0.5908353250125402,0.17048513489262426,1.0,0.4467317418897587,0.5532682581102413
17174,MEL2 YER112W,0.0,NA,0.011464235372841358,2850,13866,17175,0,0.5908648313711605,0.17049533381191673,1.0,0.44669952643278243,0.5533004735672176
17175,YLR148W MAL42,0.0,NA,0.011464235372841358,2850,13865,17176,0,0.5908943377297807,0.17050553395154053,1.0,0.4466673109758062,0.5533326890241939
17176,YLR015W tS(AGA)G,0.0,NA,0.011464235372841358,2850,13864,17177,0,0.590923844088401,0.17051573531171474,1.0,0.44663509551882996,0.55336490448117
17177,YOR132W tD(GUC)D,0.0,NA,0.011464235372841358,2850,13863,17178,0,0.5909533504470214,0.1705259378926584,1.0,0.44660288006185367,0.5533971199381463
17178,YDL060W tW(CCA)G1,0.0,NA,0.011464235372841358,2850,13862,17179,0,0.5909828568056417,0.17053614169459072,1.0,0.44657066460487743,0.5534293353951226
17179,YBL101C tF(GAA)Q,0.0,NA,0.011464235372841358,2850,13861,17180,0,0.5910123631642619,0.17054634671773083,1.0,0.44653844914790114,0.5534615508520988
17180,YIR033W tI(AAU)D,0.0,NA,0.011464235372841358,2850,13860,17181,0,0.5910418695228822,0.17055655296229802,1.0,0.4465062336909249,0.5534937663090751
17181,ESC3 YDR225W,0.0,NA,0.011464235372841358,2850,13859,17182,0,0.5910713758815025,0.17056676042851157,1.0,0.44647401823394867,0.5535259817660514
17182,YMR063W tR(UCU)G1,0.0,NA,0.011464235372841358,2850,13858,17183,0,0.5911008822401227,0.17057696911659084,1.0,0.4464418027769724,0.5535581972230276
17183,tV(AAC)G3 YNL312W,0.0,NA,0.011464235372841358,2850,13857,17184,0,0.591130388598743,0.17058717902675524,1.0,0.44640958731999614,0.5535904126800039
17184,YML105C STA2,0.0,NA,0.011464235372841358,2850,13856,17185,0,0.5911598949573633,0.17059739015922423,1.0,0.4463773718630199,0.5536226281369802
17185,TER1 YMR224C,0.0,NA,0.011464235372841358,2850,13855,17186,0,0.5911894013159836,0.1706076025142173,1.0,0.4463451564060436,0.5536548435939563
17186,YML049C tT(AGU)O1,0.0,NA,0.011464235372841358,2850,13854,17187,0,0.5912189076746038,0.17061781609195403,1.0,0.44631294094906737,0.5536870590509326
17187,tL(CAA)M YHR114W,0.0,NA,0.011464235372841358,2850,13853,17188,0,0.5912484140332241,0.17062803089265402,1.0,0.4462807254920911,0.5537192745079089
17188,YPL228W tF(GAA)B,0.0,NA,0.011464235372841358,2850,13852,17189,0,0.5912779203918445,0.17063824691653695,1.0,0.44624851003511484,0.5537514899648851
17189,YDR350C snR81,0.0,NA,0.011464235372841358,2850,13851,17190,0,0.5913074267504648,0.17064846416382254,1.0,0.4462162945781386,0.5537837054218614
17190,YPL265W snR82,0.0,NA,0.011464235372841358,2850,13850,17191,0,0.591336933109085,0.17065868263473055,1.0,0.4461840791211623,0.5538159208788377
17191,tL(UAA)Q YOR035C,0.0,NA,0.011464235372841358,2850,13849,17192,0,0.5913664394677053,0.17066890232948081,1.0,0.4461518636641861,0.553848136335814
17192,YJL174W tS(GCU)F,0.0,NA,0.011464235372841358,2850,13848,17193,0,0.5913959458263256,0.1706791232482932,1.0,0.44611964820720984,0.5538803517927902
17193,tM(CAU)C YBL021C,0.0,NA,0.011464235372841358,2850,13847,17194,0,0.5914254521849459,0.17068934539138766,1.0,0.44608743275023355,0.5539125672497665
17194,tL(CAA)D YAL053W,0.0,NA,0.011464235372841358,2850,13846,17195,0,0.5914549585435661,0.17069956875898418,1.0,0.4460552172932573,0.5539447827067427
17195,YJR046W tK(CUU)P,0.0,NA,0.011464235372841358,2850,13845,17196,0,0.5914844649021864,0.1707097933513028,1.0,0.4460230018362811,0.5539769981637189
17196,YGR255C tH(GUG)H,0.0,NA,0.011464235372841358,2850,13844,17197,0,0.5915139712608067,0.17072001916856355,1.0,0.4459907863793048,0.5540092136206952
17197,snR84 YHL003C,0.0,NA,0.011464235372841358,2850,13843,17198,0,0.5915434776194269,0.17073024621098665,1.0,0.44595857092232855,0.5540414290776715
17198,YLR263W tN(GUU)L,0.0,NA,0.011464235372841358,2850,13842,17199,0,0.5915729839780473,0.17074047447879223,1.0,0.44592635546535225,0.5540736445346477
17199,YLL057C URR4,0.0,NA,0.011464235372841358,2850,13841,17200,0,0.5916024903366676,0.17075070397220057,1.0,0.445894140008376,0.554105859991624
17200,YOR332W tF(GAA)H1,0.0,NA,0.011464235372841358,2850,13840,17201,0,0.5916319966952879,0.170760934691432,1.0,0.4458619245513998,0.5541380754486003
17201,YPL060C-A YDR089W,0.0,NA,0.011464235372841358,2850,13839,17202,0,0.5916615030539081,0.1707711666367068,1.0,0.4458297090944235,0.5541702909055765
17202,YHR178W tN(GUU)N1,0.0,NA,0.011464235372841358,2850,13838,17203,0,0.5916910094125284,0.17078139980824544,1.0,0.44579749363744725,0.5542025063625527
17203,tS(GCU)F YPL010W,0.0,NA,0.011464235372841358,2850,13837,17204,0,0.5917205157711487,0.17079163420626836,1.0,0.445765278180471,0.554234721819529
17204,YJL146W tK(UUU)P,0.0,NA,0.011464235372841358,2850,13836,17205,0,0.591750022129769,0.17080186983099604,1.0,0.4457330627234947,0.5542669372765052
17205,YHL011C STA2,0.0,NA,0.011464235372841358,2850,13835,17206,0,0.5917795284883892,0.1708121066826491,1.0,0.4457008472665185,0.5542991527334815
17206,tG(GCC)G2 tM(CAU)J1,0.0,NA,0.011464235372841358,2850,13834,17207,0,0.5918090348470095,0.17082234476144809,1.0,0.4456686318095422,0.5543313681904578
17207,tH(GUG)G2 YKL101W,0.0,NA,0.011464235372841358,2850,13833,17208,0,0.5918385412056298,0.17083258406761373,1.0,0.44563641635256596,0.554363583647434
17208,tD(GUC)Q YJR064W,0.0,NA,0.011464235372841358,2850,13832,17209,0,0.59186804756425,0.17084282460136674,1.0,0.4456042008955897,0.5543957991044103
17209,tD(GUC)J2 YLR070C,0.0,NA,0.011464235372841358,2850,13831,17210,0,0.5918975539228704,0.17085306636292788,1.0,0.4455719854386134,0.5544280145613866
17210,tD(GUC)J3 YKL014C,0.0,NA,0.011464235372841358,2850,13830,17211,0,0.5919270602814907,0.17086330935251798,1.0,0.4455397699816372,0.5544602300183629
17211,YMR095C YML045W-A,0.0,NA,0.011464235372841358,2850,13829,17212,0,0.591956566640111,0.17087355357035794,1.0,0.44550755452466095,0.554492445475339
17212,YDL031W tS(GCU)O,0.0,NA,0.011464235372841358,2850,13828,17213,0,0.5919860729987312,0.17088379901666867,1.0,0.44547533906768466,0.5545246609323153
17213,YFL030W tR(UCU)G1,0.0,NA,0.011464235372841358,2850,13827,17214,0,0.5920155793573515,0.17089404569167116,1.0,0.4454431236107084,0.5545568763892916
17214,YPL239W tN(GUU)F,0.0,NA,0.011464235372841358,2850,13826,17215,0,0.5920450857159718,0.17090429359558648,1.0,0.4454109081537322,0.5545890918462678
17215,YER006W R0030W,0.0,NA,0.011464235372841358,2850,13825,17216,0,0.5920745920745921,0.17091454272863568,1.0,0.4453786926967559,0.5546213073032441
17216,YML071C tI(UAU)L,0.0,NA,0.011464235372841358,2850,13824,17217,0,0.5921040984332123,0.17092479309103994,1.0,0.44534647723977966,0.5546535227602204
17217,YNR041C MAL41,0.0,NA,0.011464235372841358,2850,13823,17218,0,0.5921336047918326,0.17093504468302045,1.0,0.44531426178280337,0.5546857382171966
17218,tM(CAU)Q2 tD(GUC)G1,0.0,NA,0.011464235372841358,2850,13822,17219,0,0.592163111150453,0.17094529750479848,1.0,0.44528204632582713,0.5547179536741729
17219,YML014W tS(GCU)F,0.0,NA,0.011464235372841358,2850,13821,17220,0,0.5921926175090733,0.17095555155659528,1.0,0.4452498308688509,0.5547501691311492
17220,YPL069C tN(GUU)F,0.0,NA,0.011464235372841358,2850,13820,17221,0,0.5922221238676935,0.17096580683863227,1.0,0.4452176154118746,0.5547823845881253
17221,YML110C tI(AAU)I2,0.0,NA,0.011464235372841358,2850,13819,17222,0,0.5922516302263138,0.17097606335113083,1.0,0.44518539995489836,0.5548146000451016
17222,tL(UAA)B1 tD(GUC)D,0.0,NA,0.011464235372841358,2850,13818,17223,0,0.5922811365849341,0.17098632109431244,1.0,0.4451531844979221,0.5548468155020779
17223,YOR295W tK(UUU)P,0.0,NA,0.011464235372841358,2850,13817,17224,0,0.5923106429435543,0.17099658006839863,1.0,0.44512096904094584,0.5548790309590541
17224,YLL031C tK(CUU)C,0.0,NA,0.011464235372841358,2850,13816,17225,0,0.5923401493021746,0.17100684027361093,1.0,0.4450887535839696,0.5549112464160304
17225,GRD10 YBL069W,0.0,NA,0.011464235372841358,2850,13815,17226,0,0.5923696556607949,0.171017101710171,1.0,0.4450565381269933,0.5549434618730067
17226,YKL112W tM(CAU)J2,0.0,NA,0.011464235372841358,2850,13814,17227,0,0.5923991620194152,0.17102736437830052,1.0,0.44502432267001707,0.5549756773299829
17227,snR191 YLR303W,0.0,NA,0.011464235372841358,2850,13813,17228,0,0.5924286683780354,0.17103762827822122,1.0,0.44499210721304083,0.5550078927869592
17228,YMR232W tD(GUC)L1,0.0,NA,0.011464235372841358,2850,13812,17229,0,0.5924581747366557,0.17104789341015483,1.0,0.44495989175606454,0.5550401082439355
17229,YLR318W tI(AAU)G,0.0,NA,0.011464235372841358,2850,13811,17230,0,0.592487681095276,0.17105815977432326,1.0,0.4449276762990883,0.5550723237009118
17230,tM(CAU)O1 YPR046W,0.0,NA,0.011464235372841358,2850,13810,17231,0,0.5925171874538964,0.17106842737094838,1.0,0.44489546084211207,0.5551045391578879
17231,tL(UAG)L2 YNL313C,0.0,NA,0.011464235372841358,2850,13809,17232,0,0.5925466938125166,0.17107869620025212,1.0,0.4448632453851358,0.5551367546148642
17232,snR14 tE(UUC)G2,0.0,NA,0.011464235372841358,2850,13808,17233,0,0.5925762001711369,0.17108896626245648,1.0,0.44483102992815954,0.5551689700718405
17233,tL(UAG)J YHR118C,0.0,NA,0.011464235372841358,2850,13807,17234,0,0.5926057065297572,0.1710992375577835,1.0,0.4447988144711833,0.5552011855288167
17234,YGL185C tN(GUU)O1,0.0,NA,0.011464235372841358,2850,13806,17235,0,0.5926352128883774,0.17110951008645534,1.0,0.444766599014207,0.555233400985793
17235,YJR140C OSR7,0.0,NA,0.011464235372841358,2850,13805,17236,0,0.5926647192469977,0.17111978384869408,1.0,0.4447343835572308,0.5552656164427693
17236,YOR293W tF(GAA)H1,0.0,NA,0.011464235372841358,2850,13804,17237,0,0.592694225605618,0.171130058844722,1.0,0.4447021681002545,0.5552978318997455
17237,YJR156C tK(CUU)G3,0.0,NA,0.011464235372841358,2850,13803,17238,0,0.5927237319642383,0.1711403350747613,1.0,0.44466995264327824,0.5553300473567218
17238,YNL104C tP(UGG)N2,0.0,NA,0.011464235372841358,2850,13802,17239,0,0.5927532383228585,0.17115061253903435,1.0,0.444637737186302,0.555362262813698
17239,YPL223C tN(GUU)F,0.0,NA,0.011464235372841358,2850,13801,17240,0,0.5927827446814788,0.17116089123776349,1.0,0.4446055217293257,0.5553944782706742
17240,YGL037C tL(UAA)Q,0.0,NA,0.011464235372841358,2850,13800,17241,0,0.5928122510400992,0.17117117117117117,1.0,0.4445733062723495,0.5554266937276505
17241,YEL064C MEL5,0.0,NA,0.011464235372841358,2850,13799,17242,0,0.5928417573987195,0.17118145233947984,1.0,0.44454109081537324,0.5554589091846268
17242,tY(GUA)D YPL164C,0.0,NA,0.011464235372841358,2850,13798,17243,0,0.5928712637573397,0.17119173474291205,1.0,0.44450887535839695,0.555491124641603
17243,YEL022W tM(CAU)J2,0.0,NA,0.011464235372841358,2850,13797,17244,0,0.59290077011596,0.17120201838169039,1.0,0.4444766599014207,0.5555233400985793
17244,YOR005C tE(UUC)G2,0.0,NA,0.011464235372841358,2850,13796,17245,0,0.5929302764745803,0.17121230325603748,1.0,0.4444444444444444,0.5555555555555556
17245,YPR032W tP(UGG)Q,0.0,NA,0.011464235372841358,2850,13795,17246,0,0.5929597828332005,0.17122258936617604,1.0,0.4444122289874682,0.5555877710125318
17246,tG(GCC)G2 YMR235C,0.0,NA,0.011464235372841358,2850,13794,17247,0,0.5929892891918208,0.17123287671232876,1.0,0.44438001353049195,0.555619986469508
17247,YKL174C snR81,0.0,NA,0.011464235372841358,2850,13793,17248,0,0.5930187955504411,0.1712431652947185,1.0,0.44434779807351565,0.5556522019264843
17248,SUC5 YJR070C,0.0,NA,0.011464235372841358,2850,13792,17249,0,0.5930483019090614,0.17125345511356807,1.0,0.4443155826165394,0.5556844173834606
17249,YPL081W MEL3,0.0,NA,0.011464235372841358,2850,13791,17250,0,0.5930778082676816,0.17126374616910042,1.0,0.4442833671595632,0.5557166328404368
17250,MAL63 YGL194C,0.0,NA,0.011464235372841358,2850,13790,17251,0,0.593107314626302,0.17127403846153846,1.0,0.4442511517025869,0.5557488482974131
17251,tM(CAU)C YER062C,0.0,NA,0.011464235372841358,2850,13789,17252,0,0.5931368209849223,0.17128433199110524,1.0,0.44421893624561065,0.5557810637543894
17252,tN(GUU)N2 YFR033C,0.0,NA,0.011464235372841358,2850,13788,17253,0,0.5931663273435426,0.1712946267580238,1.0,0.44418672078863436,0.5558132792113656
17253,PDR7 YGR221C,0.0,NA,0.011464235372841358,2850,13787,17254,0,0.5931958337021628,0.17130492276251727,1.0,0.4441545053316581,0.5558454946683419
17254,tW(UCA)Q AWA1,0.0,NA,0.011464235372841358,2850,13786,17255,0,0.5932253400607831,0.17131522000480884,1.0,0.4441222898746819,0.5558777101253182
17255,YNL172W tA(UGC)Q,0.0,NA,0.011464235372841358,2850,13785,17256,0,0.5932548464194034,0.17132551848512173,1.0,0.4440900744177056,0.5559099255822944
17256,tH(GUG)Q YPL226W,0.0,NA,0.011464235372841358,2850,13784,17257,0,0.5932843527780237,0.1713358182036792,1.0,0.44405785896072936,0.5559421410392706
17257,tK(CUU)D1 YBR069C,0.0,NA,0.011464235372841358,2850,13783,17258,0,0.5933138591366439,0.17134611916070464,1.0,0.4440256435037531,0.5559743564962469
17258,YOL102C YML045W-A,0.0,NA,0.011464235372841358,2850,13782,17259,0,0.5933433654952642,0.17135642135642135,1.0,0.44399342804677683,0.5560065719532231
17259,YMR093W tI(AAU)I2,0.0,NA,0.011464235372841358,2850,13781,17260,0,0.5933728718538845,0.17136672479105286,1.0,0.4439612125898006,0.5560387874101994
17260,YDL239C tE(CUC)I,0.0,NA,0.011464235372841358,2850,13780,17261,0,0.5934023782125047,0.1713770294648226,1.0,0.44392899713282435,0.5560710028671757
17261,YJL103C tL(CAA)L,0.0,NA,0.011464235372841358,2850,13779,17262,0,0.5934318845711251,0.17138733537795417,1.0,0.44389678167584806,0.5561032183241519
17262,tV(AAC)G3 YNL244C,0.0,NA,0.011464235372841358,2850,13778,17263,0,0.5934613909297454,0.17139764253067116,1.0,0.4438645662188718,0.5561354337811282
17263,YPL265W tY(GUA)O,0.0,NA,0.011464235372841358,2850,13777,17264,0,0.5934908972883657,0.17140795092319722,1.0,0.44383235076189553,0.5561676492381045
17264,YHR020W OSR7,0.0,NA,0.011464235372841358,2850,13776,17265,0,0.5935204036469859,0.17141826055575604,1.0,0.4438001353049193,0.5561998646950806
17265,YJL085W tN(GUU)N2,0.0,NA,0.011464235372841358,2850,13775,17266,0,0.5935499100056062,0.17142857142857143,1.0,0.44376791984794306,0.5562320801520569
17266,MEL3 YHR046C,0.0,NA,0.011464235372841358,2850,13774,17267,0,0.5935794163642265,0.17143888354186718,1.0,0.44373570439096677,0.5562642956090332
17267,tF(GAA)N YHR111W,0.0,NA,0.011464235372841358,2850,13773,17268,0,0.5936089227228468,0.17144919689586718,1.0,0.44370348893399053,0.5562965110660095
17268,tT(AGU)I1 YGR221C,0.0,NA,0.011464235372841358,2850,13772,17269,0,0.593638429081467,0.17145951149079533,1.0,0.4436712734770143,0.5563287265229857
17269,GRD5 MEL5,0.0,NA,0.011464235372841358,2850,13771,17270,0,0.5936679354400873,0.17146982732687563,1.0,0.443639058020038,0.556360941979962
17270,tT(AGU)H YEL016C,0.0,NA,0.011464235372841358,2850,13770,17271,0,0.5936974417987076,0.17148014440433212,1.0,0.44360684256306177,0.5563931574369383
17271,YHL009W-A YGL032C,0.0,NA,0.011464235372841358,2850,13769,17272,0,0.5937269481573278,0.1714904627233889,1.0,0.4435746271060855,0.5564253728939145
17272,YMR096W tW(CCA)K,0.0,NA,0.011464235372841358,2850,13768,17273,0,0.5937564545159482,0.17150078228427007,1.0,0.44354241164910924,0.5564575883508908
17273,BLM3 snR52,0.0,NA,0.011464235372841358,2850,13767,17274,0,0.5937859608745685,0.17151110308719986,1.0,0.443510196192133,0.5564898038078671
17274,YJR131W OSR7,0.0,NA,0.011464235372841358,2850,13766,17275,0,0.5938154672331888,0.1715214251324025,1.0,0.4434779807351567,0.5565220192648432
17275,tV(AAC)G1 YLR273C,0.0,NA,0.011464235372841358,2850,13765,17276,0,0.593844973591809,0.17153174842010233,1.0,0.44344576527818047,0.5565542347218195
17276,GRD3 YMR054W,0.0,NA,0.011464235372841358,2850,13764,17277,0,0.5938744799504293,0.17154207295052365,1.0,0.44341354982120423,0.5565864501787958
17277,YPL256C tP(UGG)O3,0.0,NA,0.011464235372841358,2850,13763,17278,0,0.5939039863090496,0.17155239872389094,1.0,0.44338133436422794,0.556618665635772
17278,tL(UAA)N YDR260C,0.0,NA,0.011464235372841358,2850,13762,17279,0,0.5939334926676699,0.1715627257404286,1.0,0.4433491189072517,0.5566508810927483
17279,YLR309C snR87,0.0,NA,0.011464235372841358,2850,13761,17280,0,0.5939629990262901,0.1715730540003612,1.0,0.44331690345027547,0.5566830965497246
17280,YPR086W tV(AAC)L,0.0,NA,0.011464235372841358,2850,13760,17281,0,0.5939925053849104,0.1715833835039133,1.0,0.4432846879932992,0.5567153120067008
17281,YLR234W SUC1,0.0,NA,0.011464235372841358,2850,13759,17282,0,0.5940220117435308,0.17159371425130954,1.0,0.44325247253632294,0.5567475274636771
17282,tV(AAC)M2 YDR201W,0.0,NA,0.011464235372841358,2850,13758,17283,0,0.5940515181021511,0.17160404624277456,1.0,0.44322025707934665,0.5567797429206534
17283,YGL195W tT(UGU)H,0.0,NA,0.011464235372841358,2850,13757,17284,0,0.5940810244607713,0.17161437947853314,1.0,0.4431880416223704,0.5568119583776295
17284,YGL192W tW(CCA)M,0.0,NA,0.011464235372841358,2850,13756,17285,0,0.5941105308193916,0.17162471395881007,1.0,0.4431558261653942,0.5568441738346058
17285,PDR7 YML074C,0.0,NA,0.011464235372841358,2850,13755,17286,0,0.5941400371780119,0.17163504968383017,1.0,0.4431236107084179,0.5568763892915821
17286,YML080W MEL4,0.0,NA,0.011464235372841358,2850,13754,17287,0,0.5941695435366321,0.17164538665381834,1.0,0.44309139525144164,0.5569086047485584
17287,YGL173C tD(GUC)G2,0.0,NA,0.011464235372841358,2850,13753,17288,0,0.5941990498952524,0.17165572486899958,1.0,0.4430591797944654,0.5569408202055346
17288,tV(AAC)M1 YDR350C,0.0,NA,0.011464235372841358,2850,13752,17289,0,0.5942285562538727,0.17166606432959886,1.0,0.4430269643374891,0.5569730356625109
17289,OSR10 YPL133C,0.0,NA,0.011464235372841358,2850,13751,17290,0,0.594258062612493,0.17167640503584122,1.0,0.4429947488805129,0.5570052511194872
17290,tI(AAU)P1 YPR134W,0.0,NA,0.011464235372841358,2850,13750,17291,0,0.5942875689711132,0.1716867469879518,1.0,0.4429625334235366,0.5570374665764634
17291,tR(UCU)G2 YDR030C,0.0,NA,0.011464235372841358,2850,13749,17292,0,0.5943170753297335,0.17169709018615578,1.0,0.44293031796656035,0.5570696820334397
17292,tY(GUA)O YFR031C-A,0.0,NA,0.011464235372841358,2850,13748,17293,0,0.5943465816883539,0.1717074346306784,1.0,0.4428981025095841,0.5571018974904159
17293,YIL131C tW(UCA)Q,0.0,NA,0.011464235372841358,2850,13747,17294,0,0.5943760880469742,0.1717177803217449,1.0,0.4428658870526078,0.5571341129473921
17294,YKR053C snR85,0.0,NA,0.011464235372841358,2850,13746,17295,0,0.5944055944055944,0.17172812725958062,1.0,0.4428336715956316,0.5571663284043684
17295,tP(UGG)H YOL063C,0.0,NA,0.011464235372841358,2850,13745,17296,0,0.5944351007642147,0.17173847544441095,1.0,0.44280145613865535,0.5571985438613447
17296,YPL268W tA(AGC)H,0.0,NA,0.011464235372841358,2850,13744,17297,0,0.594464607122835,0.17174882487646137,1.0,0.44276924068167905,0.5572307593183209
17297,tK(CUU)C YHR048W,0.0,NA,0.011464235372841358,2850,13743,17298,0,0.5944941134814552,0.17175917555595732,1.0,0.4427370252247028,0.5572629747752972
17298,tR(UCU)G3 YDR098C,0.0,NA,0.011464235372841358,2850,13742,17299,0,0.5945236198400755,0.1717695274831244,1.0,0.4427048097677266,0.5572951902322735
17299,tV(AAC)L YOR315W,0.0,NA,0.011464235372841358,2850,13741,17300,0,0.5945531261986958,0.17177988065818817,1.0,0.4426725943107503,0.5573274056892497
17300,tL(UAA)N YJL052W,0.0,NA,0.011464235372841358,2850,13740,17301,0,0.5945826325573161,0.1717902350813743,1.0,0.44264037885377405,0.557359621146226
17301,YCL059C tK(CUU)E1,0.0,NA,0.011464235372841358,2850,13739,17302,0,0.5946121389159363,0.17180059075290854,1.0,0.44260816339679776,0.5573918366032022
17302,tD(GUC)B YJL100W,0.0,NA,0.011464235372841358,2850,13738,17303,0,0.5946416452745567,0.17181094767301663,1.0,0.4425759479398215,0.5574240520601784
17303,YLR384C tT(AGU)O1,0.0,NA,0.011464235372841358,2850,13737,17304,0,0.594671151633177,0.1718213058419244,1.0,0.4425437324828453,0.5574562675171547
17304,YIL103W tI(AAU)E1,0.0,NA,0.011464235372841358,2850,13736,17305,0,0.5947006579917973,0.1718316652598577,1.0,0.442511517025869,0.557488482974131
17305,GRD3 YGR027W-B,0.0,NA,0.011464235372841358,2850,13735,17306,0,0.5947301643504175,0.1718420259270425,1.0,0.44247930156889276,0.5575206984311073
17306,tI(AAU)N1 YCR067C,0.0,NA,0.011464235372841358,2850,13734,17307,0,0.5947596707090378,0.17185238784370477,1.0,0.4424470861119165,0.5575529138880835
17307,tQ(UUG)Q YPR010C,0.0,NA,0.011464235372841358,2850,13733,17308,0,0.5947891770676581,0.17186275101007056,1.0,0.44241487065494023,0.5575851293450598
17308,YGL014W tE(UUC)E3,0.0,NA,0.011464235372841358,2850,13732,17309,0,0.5948186834262784,0.17187311542636594,1.0,0.442382655197964,0.5576173448020361
17309,YHR143W tN(GUU)G,0.0,NA,0.011464235372841358,2850,13731,17310,0,0.5948481897848986,0.1718834810928171,1.0,0.4423504397409877,0.5576495602590122
17310,MEL6 YPR168W,0.0,NA,0.011464235372841358,2850,13730,17311,0,0.5948776961435189,0.17189384800965019,1.0,0.44231822428401146,0.5576817757159885
17311,YDR142C OSR7,0.0,NA,0.011464235372841358,2850,13729,17312,0,0.5949072025021392,0.1719042161770915,1.0,0.4422860088270352,0.5577139911729648
17312,tI(AAU)I1 YER103W,0.0,NA,0.011464235372841358,2850,13728,17313,0,0.5949367088607594,0.17191458559536735,1.0,0.44225379337005893,0.557746206629941
17313,tR(ACG)E YPR120C,0.0,NA,0.011464235372841358,2850,13727,17314,0,0.5949662152193798,0.1719249562647041,1.0,0.4422215779130827,0.5577784220869173
17314,YKL103C tW(UCA)Q,0.0,NA,0.011464235372841358,2850,13726,17315,0,0.5949957215780001,0.1719353281853282,1.0,0.44218936245610646,0.5578106375438936
17315,YLR078C tN(GUU)P,0.0,NA,0.011464235372841358,2850,13725,17316,0,0.5950252279366204,0.17194570135746606,1.0,0.44215714699913017,0.5578428530008698
17316,YDL024C tI(AAU)E1,0.0,NA,0.011464235372841358,2850,13724,17317,0,0.5950547342952406,0.17195607578134428,1.0,0.44212493154215393,0.5578750684578461
17317,tT(AGU)H YGL161C,0.0,NA,0.011464235372841358,2850,13723,17318,0,0.5950842406538609,0.17196645145718942,1.0,0.4420927160851777,0.5579072839148224
17318,tM(CAU)P YIR002C,0.0,NA,0.011464235372841358,2850,13722,17319,0,0.5951137470124812,0.1719768283852281,1.0,0.4420605006282014,0.5579394993717985
17319,tP(UGG)H YFL026W,0.0,NA,0.011464235372841358,2850,13721,17320,0,0.5951432533711015,0.17198720656568706,1.0,0.44202828517122517,0.5579717148287748
17320,YLR332W tF(GAA)Q,0.0,NA,0.011464235372841358,2850,13720,17321,0,0.5951727597297217,0.171997585998793,1.0,0.4419960697142489,0.5580039302857511
17321,tG(GCC)G2 YGR184C,0.0,NA,0.011464235372841358,2850,13719,17322,0,0.595202266088342,0.17200796668477278,1.0,0.44196385425727264,0.5580361457427273
17322,snR74 YHR211W,0.0,NA,0.011464235372841358,2850,13718,17323,0,0.5952317724469623,0.1720183486238532,1.0,0.4419316388002964,0.5580683611997036
17323,YOR319W RRP2,0.0,NA,0.011464235372841358,2850,13717,17324,0,0.5952612788055825,0.17202873181626124,1.0,0.4418994233433201,0.5581005766566799
17324,YER007W tP(UGG)M,0.0,NA,0.011464235372841358,2850,13716,17325,0,0.5952907851642029,0.17203911626222385,1.0,0.44186720788634387,0.5581327921136562
17325,tL(UAA)N YIL071C,0.0,NA,0.011464235372841358,2850,13715,17326,0,0.5953202915228232,0.172049501961968,1.0,0.44183499242936763,0.5581650075706324
17326,YMR277W tA(UGC)Q,0.0,NA,0.011464235372841358,2850,13714,17327,0,0.5953497978814435,0.17205988891572083,1.0,0.44180277697239134,0.5581972230276087
17327,YCR024C-A YML045W-A,0.0,NA,0.011464235372841358,2850,13713,17328,0,0.5953793042400637,0.17207027712370948,1.0,0.4417705615154151,0.558229438484585
17328,YFR024C-A SUC1,0.0,NA,0.011464235372841358,2850,13712,17329,0,0.595408810598684,0.17208066658616109,1.0,0.4417383460584388,0.5582616539415611
17329,YHR138C tC(GCA)G,0.0,NA,0.011464235372841358,2850,13711,17330,0,0.5954383169573043,0.17209105730330293,1.0,0.4417061306014626,0.5582938693985374
17330,SPA1 SUC1,0.0,NA,0.011464235372841358,2850,13710,17331,0,0.5954678233159246,0.1721014492753623,1.0,0.44167391514448634,0.5583260848555137
17331,YDL059C GCD3,0.0,NA,0.011464235372841358,2850,13709,17332,0,0.5954973296745448,0.1721118425025666,1.0,0.44164169968751005,0.5583583003124899
17332,tR(UCU)G3 HRA1,0.0,NA,0.011464235372841358,2850,13708,17333,0,0.5955268360331651,0.17212223698514315,1.0,0.4416094842305338,0.5583905157694662
17333,tI(AAU)N1 YER043C,0.0,NA,0.011464235372841358,2850,13707,17334,0,0.5955563423917855,0.17213263272331944,1.0,0.4415772687735576,0.5584227312264425
17334,snR77 tL(CAA)K,0.0,NA,0.011464235372841358,2850,13706,17335,0,0.5955858487504058,0.17214302971732304,1.0,0.4415450533165813,0.5584549466834187
17335,YER180C tN(GUU)P,0.0,NA,0.011464235372841358,2850,13705,17336,0,0.595615355109026,0.17215342796738145,1.0,0.44151283785960505,0.558487162140395
17336,tY(GUA)O YLR047C,0.0,NA,0.011464235372841358,2850,13704,17337,0,0.5956448614676463,0.17216382747372236,1.0,0.4414806224026288,0.5585193775973712
17337,YDR265W tI(AAU)D,0.0,NA,0.011464235372841358,2850,13703,17338,0,0.5956743678262666,0.17217422823657344,1.0,0.4414484069456525,0.5585515930543474
17338,MEL10 tV(UAC)B,0.0,NA,0.011464235372841358,2850,13702,17339,0,0.5957038741848868,0.1721846302561624,1.0,0.4414161914886763,0.5585838085113237
17339,YLL038C SUC7,0.0,NA,0.011464235372841358,2850,13701,17340,0,0.5957333805435071,0.17219503353271706,1.0,0.4413839760317,0.5586160239683
17340,YHR205W 21S_rRNA,0.0,NA,0.011464235372841358,2850,13700,17341,0,0.5957628869021274,0.17220543806646527,1.0,0.44135176057472375,0.5586482394252762
17341,tS(GCU)O YNL071W,0.0,NA,0.011464235372841358,2850,13699,17342,0,0.5957923932607477,0.17221584385763491,1.0,0.4413195451177475,0.5586804548822525
17342,tF(GAA)N YMR047C,0.0,NA,0.011464235372841358,2850,13698,17343,0,0.5958218996193679,0.17222625090645396,1.0,0.4412873296607712,0.5587126703392288
17343,YGL247W snR40,0.0,NA,0.011464235372841358,2850,13697,17344,0,0.5958514059779882,0.17223665921315043,1.0,0.441255114203795,0.5587448857962051
17344,tI(AAU)I1 YER088C,0.0,NA,0.011464235372841358,2850,13696,17345,0,0.5958809123366086,0.17224706877795237,1.0,0.44122289874681875,0.5587771012531813
17345,snR86 YHR106W,0.0,NA,0.011464235372841358,2850,13695,17346,0,0.5959104186952289,0.17225747960108795,1.0,0.44119068328984246,0.5588093167101575
17346,YOL121C tI(AAU)I2,0.0,NA,0.011464235372841358,2850,13694,17347,0,0.5959399250538491,0.1722678916827853,1.0,0.4411584678328662,0.5588415321671338
17347,tP(UGG)L YOR096W,0.0,NA,0.011464235372841358,2850,13693,17348,0,0.5959694314124694,0.17227830502327268,1.0,0.4411262523758899,0.55887374762411
17348,tT(UGU)H snR31,0.0,NA,0.011464235372841358,2850,13692,17349,0,0.5959989377710897,0.1722887196227784,1.0,0.4410940369189137,0.5589059630810863
17349,YOR354C tI(AAU)G,0.0,NA,0.011464235372841358,2850,13691,17350,0,0.5960284441297099,0.17229913548153075,1.0,0.44106182146193745,0.5589381785380626
17350,TSF1 YPR103W,0.0,NA,0.011464235372841358,2850,13690,17351,0,0.5960579504883302,0.17230955259975816,1.0,0.44102960600496116,0.5589703939950388
17351,snR7-S YPR149W,0.0,NA,0.011464235372841358,2850,13689,17352,0,0.5960874568469505,0.17231997097768909,1.0,0.4409973905479849,0.5590026094520151
17352,YPR156C tE(UUC)E3,0.0,NA,0.011464235372841358,2850,13688,17353,0,0.5961169632055708,0.17233039061555205,1.0,0.4409651750910087,0.5590348249089914
17353,YKR079C tW(CCA)G1,0.0,NA,0.011464235372841358,2850,13687,17354,0,0.596146469564191,0.1723408115135756,1.0,0.4409329596340324,0.5590670403659675
17354,YNR043W URR4,0.0,NA,0.011464235372841358,2850,13686,17355,0,0.5961759759228114,0.1723512336719884,1.0,0.44090074417705616,0.5590992558229438
17355,tI(UAU)L YNL139C,0.0,NA,0.011464235372841358,2850,13685,17356,0,0.5962054822814317,0.17236165709101905,1.0,0.4408685287200799,0.5591314712799201
17356,HRA1 tV(AAC)M2,0.0,NA,0.011464235372841358,2850,13684,17357,0,0.596234988640052,0.17237208177089633,1.0,0.44083631326310363,0.5591636867368963
17357,YLR022C snR30,0.0,NA,0.011464235372841358,2850,13683,17358,0,0.5962644949986722,0.17238250771184904,1.0,0.4408040978061274,0.5591959021938726
17358,tY(GUA)J1 YEL003W,0.0,NA,0.011464235372841358,2850,13682,17359,0,0.5962940013572925,0.17239293491410598,1.0,0.4407718823491511,0.5592281176508489
17359,tY(GUA)O YPL210C,0.0,NA,0.011464235372841358,2850,13681,17360,0,0.5963235077159128,0.17240336337789608,1.0,0.44073966689217486,0.5592603331078251
17360,YLR227C tH(GUG)H,0.0,NA,0.011464235372841358,2850,13680,17361,0,0.5963530140745331,0.1724137931034483,1.0,0.4407074514351986,0.5592925485648014
17361,tL(UAA)B2 YOR087W,0.0,NA,0.011464235372841358,2850,13679,17362,0,0.5963825204331533,0.1724242240909916,1.0,0.44067523597822233,0.5593247640217777
17362,tN(GUU)G YOR043W,0.0,NA,0.011464235372841358,2850,13678,17363,0,0.5964120267917736,0.17243465634075508,1.0,0.4406430205212461,0.559356979478754
17363,YBR102C tT(AGU)O2,0.0,NA,0.011464235372841358,2850,13677,17364,0,0.5964415331503939,0.17244508985296786,1.0,0.44061080506426986,0.5593891949357301
17364,YLR128W GRD3,0.0,NA,0.011464235372841358,2850,13676,17365,0,0.5964710395090141,0.17245552462785912,1.0,0.44057858960729357,0.5594214103927064
17365,tF(GAA)G tD(GUC)L2,0.0,NA,0.011464235372841358,2850,13675,17366,0,0.5965005458676345,0.17246596066565809,1.0,0.44054637415031733,0.5594536258496827
17366,YPR021C snR86,0.0,NA,0.011464235372841358,2850,13674,17367,0,0.5965300522262548,0.17247639796659406,1.0,0.44051415869334104,0.5594858413066589
17367,YBR119W tP(UGG)Q,0.0,NA,0.011464235372841358,2850,13673,17368,0,0.5965595585848751,0.17248683653089633,1.0,0.4404819432363648,0.5595180567636352
17368,YAR014C tE(UUC)G2,0.0,NA,0.011464235372841358,2850,13672,17369,0,0.5965890649434953,0.17249727635879433,1.0,0.44044972777938857,0.5595502722206115
17369,tG(GCC)F1 YDR212W,0.0,NA,0.011464235372841358,2850,13671,17370,0,0.5966185713021156,0.17250771745051752,1.0,0.4404175123224123,0.5595824876775877
17370,YGR147C tI(AAU)D,0.0,NA,0.011464235372841358,2850,13670,17371,0,0.5966480776607359,0.1725181598062954,1.0,0.44038529686543604,0.559614703134564
17371,YDR397C tW(CCA)G1,0.0,NA,0.011464235372841358,2850,13669,17372,0,0.5966775840193562,0.17252860342635754,1.0,0.4403530814084598,0.5596469185915403
17372,YGR271W tD(GUC)D,0.0,NA,0.011464235372841358,2850,13668,17373,0,0.5967070903779764,0.17253904831093353,1.0,0.4403208659514835,0.5596791340485164
17373,YLR206W snR83,0.0,NA,0.011464235372841358,2850,13667,17374,0,0.5967365967365967,0.17254949446025308,1.0,0.44028865049450727,0.5597113495054927
17374,RDN25 YKL143W,0.0,NA,0.011464235372841358,2850,13666,17375,0,0.596766103095217,0.1725599418745459,1.0,0.440256435037531,0.559743564962469
17375,tL(UAA)B2 tP(UGG)O3,0.0,NA,0.011464235372841358,2850,13665,17376,0,0.5967956094538373,0.17257039055404177,1.0,0.44022421958055474,0.5597757804194452
17376,tI(UAU)D YBR199W,0.0,NA,0.011464235372841358,2850,13664,17377,0,0.5968251158124576,0.17258084049897057,1.0,0.4401920041235785,0.5598079958764215
17377,tL(UAG)L2 YOR363C,0.0,NA,0.011464235372841358,2850,13663,17378,0,0.5968546221710779,0.17259129170956217,1.0,0.4401597886666022,0.5598402113333978
17378,YGR145W tP(UGG)H,0.0,NA,0.011464235372841358,2850,13662,17379,0,0.5968841285296982,0.1726017441860465,1.0,0.440127573209626,0.559872426790374
17379,tF(GAA)G YBR249C,0.0,NA,0.011464235372841358,2850,13661,17380,0,0.5969136348883184,0.17261219792865362,1.0,0.44009535775264974,0.5599046422473503
17380,YMR030W tV(AAC)G2,0.0,NA,0.011464235372841358,2850,13660,17381,0,0.5969431412469387,0.17262265293761356,1.0,0.44006314229567345,0.5599368577043266
17381,tG(GCC)F1 YKL197C,0.0,NA,0.011464235372841358,2850,13659,17382,0,0.596972647605559,0.17263310921315647,1.0,0.4400309268386972,0.5599690731613028
17382,YJR091C tD(GUC)J4,0.0,NA,0.011464235372841358,2850,13658,17383,0,0.5970021539641793,0.17264356675551248,1.0,0.439998711381721,0.560001288618279
17383,YAL054C MAL41,0.0,NA,0.011464235372841358,2850,13657,17384,0,0.5970316603227995,0.17265402556491186,1.0,0.4399664959247447,0.5600335040752553
17384,tM(CAU)C YDR197W,0.0,NA,0.011464235372841358,2850,13656,17385,0,0.5970611666814198,0.17266448564158487,1.0,0.43993428046776845,0.5600657195322316
17385,YGR027W-B snR87,0.0,NA,0.011464235372841358,2850,13655,17386,0,0.5970906730400402,0.17267494698576188,1.0,0.43990206501079215,0.5600979349892078
17386,tL(UAG)J YPL126W,0.0,NA,0.011464235372841358,2850,13654,17387,0,0.5971201793986605,0.17268540959767328,1.0,0.4398698495538159,0.5601301504461841
17387,YDL247W MEL4,0.0,NA,0.011464235372841358,2850,13653,17388,0,0.5971496857572807,0.17269587347754953,1.0,0.4398376340968397,0.5601623659031604
17388,YLR421C tN(GUU)G,0.0,NA,0.011464235372841358,2850,13652,17389,0,0.597179192115901,0.17270633862562113,1.0,0.4398054186398634,0.5601945813601366
17389,YAL025C tT(AGU)I1,0.0,NA,0.011464235372841358,2850,13651,17390,0,0.5972086984745213,0.17271680504211867,1.0,0.43977320318288715,0.5602267968171128
17390,tP(UGG)N1 YNR034W,0.0,NA,0.011464235372841358,2850,13650,17391,0,0.5972382048331415,0.17272727272727273,1.0,0.4397409877259109,0.5602590122740891
17391,tR(UCU)G2 YGR002C,0.0,NA,0.011464235372841358,2850,13649,17392,0,0.5972677111917618,0.172737741681314,1.0,0.4397087722689346,0.5602912277310653
17392,YNR039C tW(CCA)K,0.0,NA,0.011464235372841358,2850,13648,17393,0,0.5972972175503821,0.17274821190447326,1.0,0.4396765568119584,0.5603234431880416
17393,YJL091C tH(GUG)G2,0.0,NA,0.011464235372841358,2850,13647,17394,0,0.5973267239090024,0.17275868339698128,1.0,0.4396443413549821,0.5603556586450179
17394,MAL63 YIL119C,0.0,NA,0.011464235372841358,2850,13646,17395,0,0.5973562302676226,0.17276915615906888,1.0,0.43961212589800586,0.5603878741019941
17395,YGR113W GRD16,0.0,NA,0.011464235372841358,2850,13645,17396,0,0.597385736626243,0.17277963019096695,1.0,0.4395799104410296,0.5604200895589704
17396,YDR096W MAL42,0.0,NA,0.011464235372841358,2850,13644,17397,0,0.5974152429848633,0.17279010549290652,1.0,0.4395476949840533,0.5604523050159467
17397,YMR014W tR(UCU)G1,0.0,NA,0.011464235372841358,2850,13643,17398,0,0.5974447493434836,0.17280058206511853,1.0,0.4395154795270771,0.5604845204729229
17398,tH(GUG)Q YDR210C-C,0.0,NA,0.011464235372841358,2850,13642,17399,0,0.5974742557021038,0.1728110599078341,1.0,0.43948326407010085,0.5605167359298991
17399,tN(GUU)O1 YLL012W,0.0,NA,0.011464235372841358,2850,13641,17400,0,0.5975037620607241,0.17282153902128433,1.0,0.43945104861312456,0.5605489513868754
17400,YER117W tD(GUC)G1,0.0,NA,0.011464235372841358,2850,13640,17401,0,0.5975332684193444,0.17283201940570042,1.0,0.4394188331561483,0.5605811668438517
17401,YNL271C tD(GUC)J4,0.0,NA,0.011464235372841358,2850,13639,17402,0,0.5975627747779646,0.1728425010613136,1.0,0.4393866176991721,0.5606133823008279
17402,tT(AGU)J tP(UGG)M,0.0,NA,0.011464235372841358,2850,13638,17403,0,0.5975922811365849,0.17285298398835516,1.0,0.4393544022421958,0.5606455977578042
17403,Q0160 tQ(UUG)C,0.0,NA,0.011464235372841358,2850,13637,17404,0,0.5976217874952052,0.17286346818705647,1.0,0.43932218678521956,0.5606778132147805
17404,tV(AAC)L YOR133W,0.0,NA,0.011464235372841358,2850,13636,17405,0,0.5976512938538255,0.1728739536576489,1.0,0.43928997132824327,0.5607100286717567
17405,PDR7 YPR046W,0.0,NA,0.011464235372841358,2850,13635,17406,0,0.5976808002124457,0.17288444040036396,1.0,0.43925775587126703,0.560742244128733
17406,tI(AAU)I2 YPL143W,0.0,NA,0.011464235372841358,2850,13634,17407,0,0.597710306571066,0.17289492841543314,1.0,0.4392255404142908,0.5607744595857093
17407,YOR294W tR(ACG)E,0.0,NA,0.011464235372841358,2850,13633,17408,0,0.5977398129296864,0.17290541770308804,1.0,0.4391933249573145,0.5608066750426854
17408,tY(GUA)J1 YPR023C,0.0,NA,0.011464235372841358,2850,13632,17409,0,0.5977693192883067,0.17291590826356024,1.0,0.43916110950033826,0.5608388904996617
17409,OSR2 tL(CAA)C,0.0,NA,0.011464235372841358,2850,13631,17410,0,0.5977988256469269,0.1729264000970815,1.0,0.43912889404336203,0.560871105956638
17410,tD(GUC)J3 YMR170C,0.0,NA,0.011464235372841358,2850,13630,17411,0,0.5978283320055472,0.1729368932038835,1.0,0.43909667858638574,0.5609033214136142
17411,YOR107W tA(AGC)G,0.0,NA,0.011464235372841358,2850,13629,17412,0,0.5978578383641675,0.17294738758419806,1.0,0.4390644631294095,0.5609355368705905
17412,tR(CCG)L tD(GUC)I1,0.0,NA,0.011464235372841358,2850,13628,17413,0,0.5978873447227877,0.17295788323825706,1.0,0.4390322476724332,0.5609677523275668
17413,tS(CGA)C YGR285C,0.0,NA,0.011464235372841358,2850,13627,17414,0,0.597916851081408,0.1729683801662924,1.0,0.43900003221545697,0.560999967784543
17414,SUC3 YOR226C,0.0,NA,0.011464235372841358,2850,13626,17415,0,0.5979463574400283,0.17297887836853607,1.0,0.43896781675848073,0.5610321832415193
17415,YLR298C tE(UUC)G2,0.0,NA,0.011464235372841358,2850,13625,17416,0,0.5979758637986486,0.17298937784522003,1.0,0.43893560130150444,0.5610643986984956
17416,YBR048W tI(AAU)D,0.0,NA,0.011464235372841358,2850,13624,17417,0,0.5980053701572688,0.17299987859657642,1.0,0.4389033858445282,0.5610966141554717
17417,MEL7 YOR249C,0.0,NA,0.011464235372841358,2850,13623,17418,0,0.5980348765158892,0.17301038062283736,1.0,0.43887117038755197,0.561128829612448
17418,YOL122C tD(GUC)L1,0.0,NA,0.011464235372841358,2850,13622,17419,0,0.5980643828745095,0.17302088392423506,1.0,0.4388389549305757,0.5611610450694243
17419,YPR046W AWA1,0.0,NA,0.011464235372841358,2850,13621,17420,0,0.5980938892331298,0.17303138850100175,1.0,0.43880673947359944,0.5611932605264006
17420,tT(AGU)D YKL042W,0.0,NA,0.011464235372841358,2850,13620,17421,0,0.59812339559175,0.17304189435336975,1.0,0.4387745240166232,0.5612254759833768
17421,ANC4 YNR009W,0.0,NA,0.011464235372841358,2850,13619,17422,0,0.5981529019503703,0.17305240148157144,1.0,0.4387423085596469,0.5612576914403531
17422,tM(CAU)Q2 YEL062W,0.0,NA,0.011464235372841358,2850,13618,17423,0,0.5981824083089906,0.1730629098858392,1.0,0.4387100931026707,0.5612899068973294
17423,SUC3 YMR189W,0.0,NA,0.011464235372841358,2850,13617,17424,0,0.5982119146676109,0.17307341956640554,1.0,0.4386778776456944,0.5613221223543056
17424,snR7-S YKR066C,0.0,NA,0.011464235372841358,2850,13616,17425,0,0.5982414210262311,0.173083930523503,1.0,0.43864566218871814,0.5613543378112819
17425,YOL112W tN(GUU)F,0.0,NA,0.011464235372841358,2850,13615,17426,0,0.5982709273848514,0.1730944427573641,1.0,0.4386134467317419,0.5613865532682581
17426,YOR301W RDN18,0.0,NA,0.011464235372841358,2850,13614,17427,0,0.5983004337434717,0.1731049562682216,1.0,0.4385812312747656,0.5614187687252343
17427,SUC3 YEL059C-A,0.0,NA,0.011464235372841358,2850,13613,17428,0,0.598329940102092,0.1731154710563081,1.0,0.4385490158177894,0.5614509841822106
17428,tV(AAC)E2 YFL037W,0.0,NA,0.011464235372841358,2850,13612,17429,0,0.5983594464607123,0.1731259871218564,1.0,0.43851680036081314,0.5614831996391869
17429,tD(GUC)G1 YDR434W,0.0,NA,0.011464235372841358,2850,13611,17430,0,0.5983889528193326,0.17313650446509932,1.0,0.43848458490383685,0.5615154150961631
17430,snR10 YPR144C,0.0,NA,0.011464235372841358,2850,13610,17431,0,0.5984184591779529,0.17314702308626975,1.0,0.4384523694468606,0.5615476305531394
17431,YJL109C tE(UUC)G2,0.0,NA,0.011464235372841358,2850,13609,17432,0,0.5984479655365731,0.17315754298560057,1.0,0.4384201539898843,0.5615798460101157
17432,YOR080W tY(GUA)J2,0.0,NA,0.011464235372841358,2850,13608,17433,0,0.5984774718951934,0.17316806416332484,1.0,0.4383879385329081,0.5616120614670919
17433,YMR227C tV(AAC)G3,0.0,NA,0.011464235372841358,2850,13607,17434,0,0.5985069782538137,0.17317858661967553,1.0,0.43835572307593185,0.5616442769240682
17434,YDR353W tE(UUC)G2,0.0,NA,0.011464235372841358,2850,13606,17435,0,0.598536484612434,0.17318911035488577,1.0,0.43832350761895555,0.5616764923810444
17435,YBR290W tD(GUC)L1,0.0,NA,0.011464235372841358,2850,13605,17436,0,0.5985659909710542,0.1731996353691887,1.0,0.4382912921619793,0.5617087078380207
17436,YCR086W DBF1,0.0,NA,0.011464235372841358,2850,13604,17437,0,0.5985954973296745,0.17321016166281755,1.0,0.4382590767050031,0.5617409232949969
17437,tW(CCA)M YDR173C,0.0,NA,0.011464235372841358,2850,13603,17438,0,0.5986250036882949,0.1732206892360056,1.0,0.4382268612480268,0.5617731387519732
17438,YJR110W YGR161C-D,0.0,NA,0.011464235372841358,2850,13602,17439,0,0.5986545100469151,0.17323121808898614,1.0,0.43819464579105055,0.5618053542089495
17439,tN(GUU)F YDR376W,0.0,NA,0.011464235372841358,2850,13601,17440,0,0.5986840164055354,0.1732417482219926,1.0,0.4381624303340743,0.5618375696659257
17440,GCD3 YOR117W,0.0,NA,0.011464235372841358,2850,13600,17441,0,0.5987135227641557,0.17325227963525835,1.0,0.438130214877098,0.561869785122902
17441,tK(CUU)D1 YML047C,0.0,NA,0.011464235372841358,2850,13599,17442,0,0.598743029122776,0.17326281232901697,1.0,0.4380979994201218,0.5619020005798783
17442,YPL237W tT(UGU)G1,0.0,NA,0.011464235372841358,2850,13598,17443,0,0.5987725354813962,0.17327334630350194,1.0,0.4380657839631455,0.5619342160368545
17443,tD(GUC)O MAL43,0.0,NA,0.011464235372841358,2850,13597,17444,0,0.5988020418400165,0.17328388155894692,1.0,0.43803356850616926,0.5619664314938307
17444,YCR106W tH(GUG)H,0.0,NA,0.011464235372841358,2850,13596,17445,0,0.5988315481986368,0.17329441809558555,1.0,0.438001353049193,0.561998646950807
17445,YIL047C tK(CUU)D2,0.0,NA,0.011464235372841358,2850,13595,17446,0,0.5988610545572571,0.17330495591365155,1.0,0.43796913759221673,0.5620308624077832
17446,PFK5 YIL168W,0.0,NA,0.011464235372841358,2850,13594,17447,0,0.5988905609158773,0.17331549501337873,1.0,0.4379369221352405,0.5620630778647595
17447,YOL072W snR83,0.0,NA,0.011464235372841358,2850,13593,17448,0,0.5989200672744976,0.1733260353950009,1.0,0.43790470667826425,0.5620952933217358
17448,YAL031C tL(CAA)L,0.0,NA,0.011464235372841358,2850,13592,17449,0,0.598949573633118,0.17333657705875197,1.0,0.43787249122128796,0.562127508778712
17449,YGR027C BIO6,0.0,NA,0.011464235372841358,2850,13591,17450,0,0.5989790799917383,0.17334712000486588,1.0,0.4378402757643117,0.5621597242356883
17450,tE(UUC)Q YNR047W,0.0,NA,0.011464235372841358,2850,13590,17451,0,0.5990085863503585,0.17335766423357665,1.0,0.43780806030733543,0.5621919396926646
17451,YFL013C tL(CAA)D,0.0,NA,0.011464235372841358,2850,13589,17452,0,0.5990380927089788,0.17336820974511832,1.0,0.4377758448503592,0.5622241551496407
17452,tM(CAU)O1 YDR473C,0.0,NA,0.011464235372841358,2850,13588,17453,0,0.5990675990675991,0.17337875653972504,1.0,0.43774362939338296,0.562256370606617
17453,YOR208W tK(CUU)P,0.0,NA,0.011464235372841358,2850,13587,17454,0,0.5990971054262193,0.17338930461763097,1.0,0.43771141393640667,0.5622885860635933
17454,tS(GCU)F YJL010C,0.0,NA,0.011464235372841358,2850,13586,17455,0,0.5991266117848396,0.17339985397907035,1.0,0.43767919847943043,0.5623208015205696
17455,tK(UUU)Q YKL196C,0.0,NA,0.011464235372841358,2850,13585,17456,0,0.5991561181434599,0.17341040462427745,1.0,0.4376469830224542,0.5623530169775458
17456,tT(AGU)B YGR277C,0.0,NA,0.011464235372841358,2850,13584,17457,0,0.5991856245020802,0.17342095655348666,1.0,0.4376147675654779,0.5623852324345221
17457,MAL61 YBR166C,0.0,NA,0.011464235372841358,2850,13583,17458,0,0.5992151308607004,0.1734315097669324,1.0,0.43758255210850167,0.5624174478914984
17458,tM(CAU)C YBL087C,0.0,NA,0.011464235372841358,2850,13582,17459,0,0.5992446372193208,0.17344206426484907,1.0,0.43755033665152543,0.5624496633484746
17459,YGR281W YOR142W-A,0.0,NA,0.011464235372841358,2850,13581,17460,0,0.5992741435779411,0.17345262004747125,1.0,0.43751812119454914,0.5624818788054509
17460,tC(GCA)Q YGL044C,0.0,NA,0.011464235372841358,2850,13580,17461,0,0.5993036499365614,0.17346317711503348,1.0,0.4374859057375729,0.5625140942624272
17461,YGL142C tI(UAU)L,0.0,NA,0.011464235372841358,2850,13579,17462,0,0.5993331562951816,0.1734737354677704,1.0,0.4374536902805966,0.5625463097194033
17462,YML019W tI(AAU)G,0.0,NA,0.011464235372841358,2850,13578,17463,0,0.5993626626538019,0.17348429510591673,1.0,0.43742147482362037,0.5625785251763796
17463,YLR298C MAL61,0.0,NA,0.011464235372841358,2850,13577,17464,0,0.5993921690124222,0.17349485602970718,1.0,0.43738925936664413,0.5626107406333559
17464,YER025W snR85,0.0,NA,0.011464235372841358,2850,13576,17465,0,0.5994216753710424,0.1735054182393766,1.0,0.43735704390966784,0.5626429560903321
17465,tA(AGC)F YLR340W,0.0,NA,0.011464235372841358,2850,13575,17466,0,0.5994511817296627,0.1735159817351598,1.0,0.4373248284526916,0.5626751715473084
17466,YDR164C tN(GUU)N1,0.0,NA,0.011464235372841358,2850,13574,17467,0,0.599480688088283,0.17352654651729177,1.0,0.43729261299571537,0.5627073870042847
17467,tD(GUC)I1 YDR345C,0.0,NA,0.011464235372841358,2850,13573,17468,0,0.5995101944469033,0.17353711258600743,1.0,0.4372603975387391,0.5627396024612609
17468,YPR036W-A YML074C,0.0,NA,0.011464235372841358,2850,13572,17469,0,0.5995397008055235,0.17354767994154183,1.0,0.43722818208176284,0.5627718179182372
17469,tT(AGU)D YDL047W,0.0,NA,0.011464235372841358,2850,13571,17470,0,0.5995692071641439,0.17355824858413008,1.0,0.43719596662478655,0.5628040333752135
17470,YDL038C SUC7,0.0,NA,0.011464235372841358,2850,13570,17471,0,0.5995987135227642,0.1735688185140073,1.0,0.4371637511678103,0.5628362488321896
17471,YDL124W R0030W,0.0,NA,0.011464235372841358,2850,13569,17472,0,0.5996282198813845,0.17357938973140874,1.0,0.4371315357108341,0.5628684642891659
17472,YGR112W tM(CAU)O1,0.0,NA,0.011464235372841358,2850,13568,17473,0,0.5996577262400047,0.1735899622365696,1.0,0.4370993202538578,0.5629006797461422
17473,tW(CCA)G2 YDL101C,0.0,NA,0.011464235372841358,2850,13567,17474,0,0.599687232598625,0.17360053602972528,1.0,0.43706710479688154,0.5629328952031185
17474,YGR032W tI(AAU)E1,0.0,NA,0.011464235372841358,2850,13566,17475,0,0.5997167389572453,0.1736111111111111,1.0,0.4370348893399053,0.5629651106600947
17475,YNL232W tM(CAU)O2,0.0,NA,0.011464235372841358,2850,13565,17476,0,0.5997462453158656,0.17362168748096254,1.0,0.437002673882929,0.562997326117071
17476,tP(UGG)N2 YNR047W,0.0,NA,0.011464235372841358,2850,13564,17477,0,0.5997757516744858,0.17363226513951505,1.0,0.4369704584259528,0.5630295415740473
17477,YKL073W SUC7,0.0,NA,0.011464235372841358,2850,13563,17478,0,0.5998052580331061,0.1736428440870042,1.0,0.43693824296897654,0.5630617570310235
17478,YCR012W snR30,0.0,NA,0.011464235372841358,2850,13562,17479,0,0.5998347643917264,0.17365342432366562,1.0,0.43690602751200025,0.5630939724879997
17479,YKR034W snR86,0.0,NA,0.011464235372841358,2850,13561,17480,0,0.5998642707503467,0.17366400584973493,1.0,0.436873812055024,0.563126187944976
17480,YDR499W tF(GAA)Q,0.0,NA,0.011464235372841358,2850,13560,17481,0,0.599893777108967,0.1736745886654479,1.0,0.4368415965980477,0.5631584034019522
17481,SUC5 YJL030W,0.0,NA,0.011464235372841358,2850,13559,17482,0,0.5999232834675873,0.17368517277104029,1.0,0.4368093811410715,0.5631906188589285
17482,snR6 GRD16,0.0,NA,0.011464235372841358,2850,13558,17483,0,0.5999527898262076,0.17369575816674793,1.0,0.43677716568409525,0.5632228343159048
17483,YDR156W tL(UAA)B1,0.0,NA,0.011464235372841358,2850,13557,17484,0,0.5999822961848278,0.17370634485280673,1.0,0.43674495022711896,0.563255049772881
17484,URR3 YLR441C,0.0,NA,0.011464235372841358,2850,13556,17485,0,0.6000118025434481,0.17371693282945264,1.0,0.4367127347701427,0.5632872652298573
17485,YGR060W RDN58,0.0,NA,0.011464235372841358,2850,13555,17486,0,0.6000413089020684,0.17372752209692166,1.0,0.4366805193131665,0.5633194806868336
17486,tD(GUC)G2 YLR240W,0.0,NA,0.011464235372841358,2850,13554,17487,0,0.6000708152606887,0.1737381126554499,1.0,0.4366483038561902,0.5633516961438098
17487,MEL6 YEL027W,0.0,NA,0.011464235372841358,2850,13553,17488,0,0.6001003216193089,0.17374870450527344,1.0,0.43661608839921395,0.563383911600786
17488,MPR1 tT(UGU)H,0.0,NA,0.011464235372841358,2850,13552,17489,0,0.6001298279779292,0.17375929764662845,1.0,0.43658387294223766,0.5634161270577623
17489,tG(UCC)G YNR057C,0.0,NA,0.011464235372841358,2850,13551,17490,0,0.6001593343365496,0.17376989207975124,1.0,0.4365516574852614,0.5634483425147385
17490,tN(GUU)N1 YIL016W,0.0,NA,0.011464235372841358,2850,13550,17491,0,0.6001888406951698,0.17378048780487804,1.0,0.4365194420282852,0.5634805579717148
17491,tI(UAU)L YIL023C,0.0,NA,0.011464235372841358,2850,13549,17492,0,0.6002183470537901,0.17379108482224526,1.0,0.4364872265713089,0.5635127734286911
17492,ANC4 YBL028C,0.0,NA,0.011464235372841358,2850,13548,17493,0,0.6002478534124104,0.17380168313208927,1.0,0.43645501111433266,0.5635449888856674
17493,tA(AGC)G YPR184W,0.0,NA,0.011464235372841358,2850,13547,17494,0,0.6002773597710307,0.17381228273464658,1.0,0.4364227956573564,0.5635772043426436
17494,GRD17 tS(UGA)E,0.0,NA,0.011464235372841358,2850,13546,17495,0,0.6003068661296509,0.1738228836301537,1.0,0.43639058020038013,0.5636094197996199
17495,YLR044C RRP2,0.0,NA,0.011464235372841358,2850,13545,17496,0,0.6003363724882712,0.17383348581884722,1.0,0.4363583647434039,0.5636416352565962
17496,GRD10 YOL103W-A,0.0,NA,0.011464235372841358,2850,13544,17497,0,0.6003658788468915,0.17384408930096376,1.0,0.4363261492864276,0.5636738507135723
17497,YOL028C tA(AGC)H,0.0,NA,0.011464235372841358,2850,13543,17498,0,0.6003953852055118,0.17385469407674006,1.0,0.43629393382945136,0.5637060661705486
17498,tA(AGC)G YOL124C,0.0,NA,0.011464235372841358,2850,13542,17499,0,0.600424891564132,0.17386530014641288,1.0,0.4362617183724751,0.5637382816275249
17499,tN(GUU)O2 YNL222W,0.0,NA,0.011464235372841358,2850,13541,17500,0,0.6004543979227523,0.17387590751021903,1.0,0.43622950291549883,0.5637704970845011
17500,YDR416W tV(AAC)M1,0.0,NA,0.011464235372841358,2850,13540,17501,0,0.6004839042813727,0.17388651616839537,1.0,0.4361972874585226,0.5638027125414774
17501,YBL011W tF(GAA)H1,0.0,NA,0.011464235372841358,2850,13539,17502,0,0.600513410639993,0.17389712612117883,1.0,0.43616507200154636,0.5638349279984537
17502,tA(UGC)Q YAR035W,0.0,NA,0.011464235372841358,2850,13538,17503,0,0.6005429169986132,0.17390773736880644,1.0,0.43613285654457007,0.5638671434554299
17503,YJR127C tD(GUC)M,0.0,NA,0.011464235372841358,2850,13537,17504,0,0.6005724233572335,0.17391834991151522,1.0,0.43610064108759383,0.5638993589124062
17504,tV(AAC)M1 YKL197C,0.0,NA,0.011464235372841358,2850,13536,17505,0,0.6006019297158538,0.17392896374954228,1.0,0.4360684256306176,0.5639315743693825
17505,OSR2 YPL227C,0.0,NA,0.011464235372841358,2850,13535,17506,0,0.600631436074474,0.1739395788831248,1.0,0.4360362101736413,0.5639637898263586
17506,YNL223W R0030W,0.0,NA,0.011464235372841358,2850,13534,17507,0,0.6006609424330943,0.1739501953125,1.0,0.43600399471666507,0.5639960052833349
17507,YOL144W GRD10,0.0,NA,0.011464235372841358,2850,13533,17508,0,0.6006904487917146,0.17396081303790514,1.0,0.4359717792596888,0.5640282207403112
17508,tS(GCU)Q1 YNL136W,0.0,NA,0.011464235372841358,2850,13532,17509,0,0.6007199551503349,0.17397143205957757,1.0,0.43593956380271254,0.5640604361972874
17509,snR85 YPL152W,0.0,NA,0.011464235372841358,2850,13531,17510,0,0.6007494615089551,0.17398205237775471,1.0,0.4359073483457363,0.5640926516542637
17510,tV(AAC)E1 YDR224C,0.0,NA,0.011464235372841358,2850,13530,17511,0,0.6007789678675755,0.17399267399267399,1.0,0.43587513288876,0.56412486711124
17511,YLR146C tF(GAA)H1,0.0,NA,0.011464235372841358,2850,13529,17512,0,0.6008084742261958,0.17400329690457292,1.0,0.43584291743178377,0.5641570825682163
17512,YER161C tI(AAU)E1,0.0,NA,0.011464235372841358,2850,13528,17513,0,0.6008379805848161,0.1740139211136891,1.0,0.43581070197480754,0.5641892980251925
17513,tV(UAC)Q YGR256W,0.0,NA,0.011464235372841358,2850,13527,17514,0,0.6008674869434363,0.17402454662026012,1.0,0.43577848651783124,0.5642215134821688
17514,YMR139W tN(GUU)L,0.0,NA,0.011464235372841358,2850,13526,17515,0,0.6008969933020566,0.17403517342452368,1.0,0.435746271060855,0.564253728939145
17515,tM(CAU)M YDR305C,0.0,NA,0.011464235372841358,2850,13525,17516,0,0.6009264996606769,0.17404580152671756,1.0,0.4357140556038787,0.5642859443961212
17516,YNL104C tT(AGU)I2,0.0,NA,0.011464235372841358,2850,13524,17517,0,0.6009560060192971,0.1740564309270795,1.0,0.4356818401469025,0.5643181598530975
17517,tP(UGG)Q YOR159C,0.0,NA,0.011464235372841358,2850,13523,17518,0,0.6009855123779174,0.17406706162584742,1.0,0.43564962468992624,0.5643503753100738
17518,tV(AAC)H YPL211W,0.0,NA,0.011464235372841358,2850,13522,17519,0,0.6010150187365377,0.17407769362325923,1.0,0.43561740923294995,0.56438259076705
17519,tK(CUU)D1 YOL125W,0.0,NA,0.011464235372841358,2850,13521,17520,0,0.601044525095158,0.17408832691955287,1.0,0.4355851937759737,0.5644148062240263
17520,tM(CAU)O2 tI(AAU)B,0.0,NA,0.011464235372841358,2850,13520,17521,0,0.6010740314537782,0.1740989615149664,1.0,0.4355529783189975,0.5644470216810026
17521,tQ(UUG)Q YHR090C,0.0,NA,0.011464235372841358,2850,13519,17522,0,0.6011035378123986,0.17410959740973792,1.0,0.4355207628620212,0.5644792371379788
17522,YDR058C tI(UAU)D,0.0,NA,0.011464235372841358,2850,13518,17523,0,0.6011330441710189,0.17412023460410558,1.0,0.43548854740504495,0.564511452594955
17523,PFK4 YOL109W,0.0,NA,0.011464235372841358,2850,13517,17524,0,0.6011625505296392,0.17413087309830758,1.0,0.4354563319480687,0.5645436680519313
17524,YCL067C YML045W-A,0.0,NA,0.011464235372841358,2850,13516,17525,0,0.6011920568882594,0.17414151289258217,1.0,0.4354241164910924,0.5645758835089075
17525,SME2 YGL167C,0.0,NA,0.011464235372841358,2850,13515,17526,0,0.6012215632468797,0.17415215398716774,1.0,0.4353919010341162,0.5646080989658838
17526,YER008C RDN18,0.0,NA,0.011464235372841358,2850,13514,17527,0,0.6012510696055,0.17416279638230261,1.0,0.4353596855771399,0.5646403144228601
17527,YHR106W AUT6,0.0,NA,0.011464235372841358,2850,13513,17528,0,0.6012805759641203,0.17417344007822527,1.0,0.43532747012016365,0.5646725298798363
17528,tW(CCA)P YNL154C,0.0,NA,0.011464235372841358,2850,13512,17529,0,0.6013100823227405,0.1741840850751742,1.0,0.4352952546631874,0.5647047453368126
17529,YPR158W-B tK(CUU)D1,0.0,NA,0.011464235372841358,2850,13511,17530,0,0.6013395886813608,0.17419473137338792,1.0,0.4352630392062111,0.5647369607937889
17530,YBR276C tP(UGG)N2,0.0,NA,0.011464235372841358,2850,13510,17531,0,0.6013690950399811,0.17420537897310515,1.0,0.4352308237492349,0.5647691762507652
17531,GRD10 YKL079W,0.0,NA,0.011464235372841358,2850,13509,17532,0,0.6013986013986014,0.17421602787456447,1.0,0.43519860829225865,0.5648013917077414
17532,tL(UAA)N YDR224C,0.0,NA,0.011464235372841358,2850,13508,17533,0,0.6014281077572217,0.17422667807800465,1.0,0.43516639283528236,0.5648336071647176
17533,YNL197C tE(CUC)I,0.0,NA,0.011464235372841358,2850,13507,17534,0,0.601457614115842,0.17423732958366447,1.0,0.4351341773783061,0.5648658226216939
17534,snR42 YDR450W,0.0,NA,0.011464235372841358,2850,13506,17535,0,0.6014871204744623,0.17424798239178282,1.0,0.4351019619213298,0.5648980380786701
17535,YKL070W YER074W-A,0.0,NA,0.011464235372841358,2850,13505,17536,0,0.6015166268330825,0.1742586365025986,1.0,0.4350697464643536,0.5649302535356464
17536,MAL22 YGR198W,0.0,NA,0.011464235372841358,2850,13504,17537,0,0.6015461331917028,0.17426929191635074,1.0,0.43503753100737735,0.5649624689926227
17537,YGR188C tS(AGA)H,0.0,NA,0.011464235372841358,2850,13503,17538,0,0.6015756395503231,0.1742799486332783,1.0,0.43500531555040106,0.5649946844495989
17538,YHR200W RRP2,0.0,NA,0.011464235372841358,2850,13502,17539,0,0.6016051459089434,0.17429060665362034,1.0,0.4349731000934248,0.5650268999065752
17539,YLR157C-A YMR092C,0.0,NA,0.011464235372841358,2850,13501,17540,0,0.6016346522675636,0.17430126597761605,1.0,0.4349408846364486,0.5650591153635515
17540,YOR165W tM(CAU)M,0.0,NA,0.011464235372841358,2850,13500,17541,0,0.6016641586261839,0.1743119266055046,1.0,0.4349086691794723,0.5650913308205276
17541,YKR053C tL(CAA)D,0.0,NA,0.011464235372841358,2850,13499,17542,0,0.6016936649848043,0.17432258853752522,1.0,0.43487645372249606,0.5651235462775039
17542,tT(AGU)O2 YML026C,0.0,NA,0.011464235372841358,2850,13498,17543,0,0.6017231713434245,0.17433325177391729,1.0,0.4348442382655198,0.5651557617344802
17543,YPR137W tD(GUC)J3,0.0,NA,0.011464235372841358,2850,13497,17544,0,0.6017526777020448,0.17434391631492016,1.0,0.43481202280854353,0.5651879771914564
17544,tR(UCU)G2 MAL61,0.0,NA,0.011464235372841358,2850,13496,17545,0,0.6017821840606651,0.1743545821607733,1.0,0.4347798073515673,0.5652201926484327
17545,tV(AAC)E2 YIL117C,0.0,NA,0.011464235372841358,2850,13495,17546,0,0.6018116904192854,0.17436524931171613,1.0,0.434747591894591,0.565252408105409
17546,tN(GUU)O1 YNL261W,0.0,NA,0.011464235372841358,2850,13494,17547,0,0.6018411967779056,0.17437591776798825,1.0,0.43471537643761476,0.5652846235623852
17547,GCD3 YNL002C,0.0,NA,0.011464235372841358,2850,13493,17548,0,0.6018707031365259,0.17438658752982927,1.0,0.4346831609806385,0.5653168390193615
17548,tC(GCA)P1 tP(UGG)L,0.0,NA,0.011464235372841358,2850,13492,17549,0,0.6019002094951462,0.1743972585974789,1.0,0.43465094552366224,0.5653490544763378
17549,YDL179W tF(GAA)H2,0.0,NA,0.011464235372841358,2850,13491,17550,0,0.6019297158537665,0.1744079309711768,1.0,0.434618730066686,0.5653812699333141
17550,tY(GUA)M1 YLR237W,0.0,NA,0.011464235372841358,2850,13490,17551,0,0.6019592222123867,0.1744186046511628,1.0,0.43458651460970976,0.5654134853902902
17551,GCD3 YOR058C,0.0,NA,0.011464235372841358,2850,13489,17552,0,0.601988728571007,0.17442927963767674,1.0,0.43455429915273347,0.5654457008472665
17552,YHR178W RDN18,0.0,NA,0.011464235372841358,2850,13488,17553,0,0.6020182349296274,0.1744399559309585,1.0,0.43452208369575723,0.5654779163042428
17553,tM(CAU)Q2 YHL002W,0.0,NA,0.011464235372841358,2850,13487,17554,0,0.6020477412882476,0.1744506335312481,1.0,0.43448986823878094,0.565510131761219
17554,RDN25 YJL222W,0.0,NA,0.011464235372841358,2850,13486,17555,0,0.6020772476468679,0.17446131243878552,1.0,0.4344576527818047,0.5655423472181953
17555,SME2 YOR210W,0.0,NA,0.011464235372841358,2850,13485,17556,0,0.6021067540054882,0.17447199265381083,1.0,0.43442543732482847,0.5655745626751716
17556,tM(CAU)M YDR072C,0.0,NA,0.011464235372841358,2850,13484,17557,0,0.6021362603641085,0.1744826741765642,1.0,0.4343932218678522,0.5656067781321478
17557,YLL052C tD(GUC)J4,0.0,NA,0.011464235372841358,2850,13483,17558,0,0.6021657667227287,0.17449335700728585,1.0,0.43436100641087594,0.5656389935891241
17558,tT(AGU)H YAL060W,0.0,NA,0.011464235372841358,2850,13482,17559,0,0.602195273081349,0.174504041146216,1.0,0.4343287909538997,0.5656712090461004
17559,tD(GUC)G2 YBR076W,0.0,NA,0.011464235372841358,2850,13481,17560,0,0.6022247794399693,0.17451472659359502,1.0,0.4342965754969234,0.5657034245030765
17560,tA(UGC)Q YHR174W,0.0,NA,0.011464235372841358,2850,13480,17561,0,0.6022542857985896,0.1745254133496632,1.0,0.4342643600399472,0.5657356399600528
17561,YJL108C tP(UGG)L,0.0,NA,0.011464235372841358,2850,13479,17562,0,0.6022837921572098,0.17453610141466103,1.0,0.43423214458297094,0.5657678554170291
17562,YPL169C YML045W-A,0.0,NA,0.011464235372841358,2850,13478,17563,0,0.6023132985158302,0.174546790788829,1.0,0.43419992912599464,0.5658000708740053
17563,YEL011W tP(UGG)L,0.0,NA,0.011464235372841358,2850,13477,17564,0,0.6023428048744505,0.17455748147240766,1.0,0.4341677136690184,0.5658322863309816
17564,YBR049C MEL10,0.0,NA,0.011464235372841358,2850,13476,17565,0,0.6023723112330708,0.17456817346563763,1.0,0.4341354982120421,0.5658645017879579
17565,tI(AAU)I2 YLR238W,0.0,NA,0.011464235372841358,2850,13475,17566,0,0.602401817591691,0.17457886676875958,1.0,0.4341032827550659,0.5658967172449341
17566,YLR227W-B YIL167W,0.0,NA,0.011464235372841358,2850,13474,17567,0,0.6024313239503113,0.1745895613820142,1.0,0.43407106729808964,0.5659289327019104
17567,YNL189W RDN5,0.0,NA,0.011464235372841358,2850,13473,17568,0,0.6024608303089316,0.17460025730564235,1.0,0.43403885184111335,0.5659611481588867
17568,tA(AGC)F YBR210W,0.0,NA,0.011464235372841358,2850,13472,17569,0,0.6024903366675518,0.17461095453988482,1.0,0.4340066363841371,0.5659933636158629
17569,GRD3 YOL038W,0.0,NA,0.011464235372841358,2850,13471,17570,0,0.6025198430261721,0.17462165308498254,1.0,0.4339744209271609,0.5660255790728391
17570,MEL3 tK(CUU)P,0.0,NA,0.011464235372841358,2850,13470,17571,0,0.6025493493847924,0.17463235294117646,1.0,0.4339422054701846,0.5660577945298154
17571,YGL086W GRD10,0.0,NA,0.011464235372841358,2850,13469,17572,0,0.6025788557434127,0.17464305410870765,1.0,0.43390999001320835,0.5660900099867917
17572,YKR022C tS(AGA)G,0.0,NA,0.011464235372841358,2850,13468,17573,0,0.602608362102033,0.17465375658781712,1.0,0.43387777455623205,0.5661222254437679
17573,YGR289C tF(GAA)P1,0.0,NA,0.011464235372841358,2850,13467,17574,0,0.6026378684606533,0.17466446037874608,1.0,0.4338455590992558,0.5661544409007442
17574,YPL241C MEL6,0.0,NA,0.011464235372841358,2850,13466,17575,0,0.6026673748192736,0.17467516548173573,1.0,0.4338133436422796,0.5661866563577205
17575,YLR393W tV(AAC)G2,0.0,NA,0.011464235372841358,2850,13465,17576,0,0.6026968811778939,0.17468587189702728,1.0,0.4337811281853033,0.5662188718146967
17576,YCR091W tN(GUU)O1,0.0,NA,0.011464235372841358,2850,13464,17577,0,0.6027263875365141,0.17469657962486207,1.0,0.43374891272832705,0.566251087271673
17577,YLR409C tD(GUC)G1,0.0,NA,0.011464235372841358,2850,13463,17578,0,0.6027558938951344,0.17470728866548152,1.0,0.4337166972713508,0.5662833027286492
17578,YBR155W tR(UCU)G1,0.0,NA,0.011464235372841358,2850,13462,17579,0,0.6027854002537547,0.17471799901912702,1.0,0.4336844818143745,0.5663155181856254
17579,YKR034W tV(AAC)G3,0.0,NA,0.011464235372841358,2850,13461,17580,0,0.6028149066123749,0.1747287106860401,1.0,0.4336522663573983,0.5663477336426017
17580,YCR024C SCH1,0.0,NA,0.011464235372841358,2850,13460,17581,0,0.6028444129709952,0.1747394236664623,1.0,0.43362005090042205,0.566379949099578
17581,YKL049C tA(UGC)G,0.0,NA,0.011464235372841358,2850,13459,17582,0,0.6028739193296155,0.17475013796063524,1.0,0.43358783544344576,0.5664121645565542
17582,SME2 YNL093W,0.0,NA,0.011464235372841358,2850,13458,17583,0,0.6029034256882359,0.17476085356880058,1.0,0.4335556199864695,0.5664443800135305
17583,tN(GUU)O1 YCR094W,0.0,NA,0.011464235372841358,2850,13457,17584,0,0.602932932046856,0.1747715704912001,1.0,0.43352340452949323,0.5664765954705068
17584,YCR020C-A tI(UAU)D,0.0,NA,0.011464235372841358,2850,13456,17585,0,0.6029624384054764,0.17478228872807555,1.0,0.433491189072517,0.566508810927483
17585,tL(UAA)K YLR432W,0.0,NA,0.011464235372841358,2850,13455,17586,0,0.6029919447640967,0.17479300827966882,1.0,0.43345897361554075,0.5665410263844592
17586,YKL082C tH(GUG)G2,0.0,NA,0.011464235372841358,2850,13454,17587,0,0.603021451122717,0.17480372914622178,1.0,0.43342675815856446,0.5665732418414355
17587,YOR302W SUC7,0.0,NA,0.011464235372841358,2850,13453,17588,0,0.6030509574813372,0.17481445132797643,1.0,0.4333945427015882,0.5666054572984118
17588,YIL019W tI(UAU)L,0.0,NA,0.011464235372841358,2850,13452,17589,0,0.6030804638399575,0.17482517482517482,1.0,0.433362327244612,0.566637672755388
17589,tT(UGU)H YEL046C,0.0,NA,0.011464235372841358,2850,13451,17590,0,0.6031099701985778,0.174835899638059,1.0,0.4333301117876357,0.5666698882123643
17590,MAL62 YDR127W,0.0,NA,0.011464235372841358,2850,13450,17591,0,0.6031394765571981,0.17484662576687116,1.0,0.43329789633065946,0.5667021036693406
17591,YDL213C tT(AGU)I2,0.0,NA,0.011464235372841358,2850,13449,17592,0,0.6031689829158183,0.1748573532118535,1.0,0.43326568087368317,0.5667343191263168
17592,YPR070W GRD16,0.0,NA,0.011464235372841358,2850,13448,17593,0,0.6031984892744386,0.17486808197324824,1.0,0.43323346541670693,0.5667665345832931
17593,YJL059W snR49,0.0,NA,0.011464235372841358,2850,13447,17594,0,0.603227995633059,0.1748788120512978,1.0,0.4332012499597307,0.5667987500402694
17594,tA(UGC)Q YGR175C,0.0,NA,0.011464235372841358,2850,13446,17595,0,0.6032575019916792,0.17488954344624447,1.0,0.4331690345027544,0.5668309654972455
17595,tF(GAA)Q YKL029C,0.0,NA,0.011464235372841358,2850,13445,17596,0,0.6032870083502995,0.1749002761583308,1.0,0.43313681904577817,0.5668631809542218
17596,YIL131C MEL3,0.0,NA,0.011464235372841358,2850,13444,17597,0,0.6033165147089198,0.1749110101877992,1.0,0.43310460358880193,0.5668953964111981
17597,tV(AAC)H YKL126W,0.0,NA,0.011464235372841358,2850,13443,17598,0,0.6033460210675401,0.1749217455348923,1.0,0.43307238813182564,0.5669276118681743
17598,GRD3 YCL067C,0.0,NA,0.011464235372841358,2850,13442,17599,0,0.6033755274261603,0.1749324821998527,1.0,0.4330401726748494,0.5669598273251506
17599,YDR320C-A tD(GUC)K,0.0,NA,0.011464235372841358,2850,13441,17600,0,0.6034050337847806,0.17494322018292308,1.0,0.43300795721787316,0.5669920427821269
17600,YDR386W tW(CCA)G1,0.0,NA,0.011464235372841358,2850,13440,17601,0,0.6034345401434009,0.17495395948434622,1.0,0.43297574176089687,0.5670242582391031
17601,YGR194C tK(CUU)F,0.0,NA,0.011464235372841358,2850,13439,17602,0,0.6034640465020212,0.1749647001043649,1.0,0.43294352630392063,0.5670564736960794
17602,tP(UGG)Q YER133W,0.0,NA,0.011464235372841358,2850,13438,17603,0,0.6034935528606414,0.174975442043222,1.0,0.43291131084694434,0.5670886891530557
17603,YNL227C tK(CUU)F,0.0,NA,0.011464235372841358,2850,13437,17604,0,0.6035230592192617,0.17498618530116045,1.0,0.4328790953899681,0.5671209046100318
17604,YGL232W tM(CAU)D,0.0,NA,0.011464235372841358,2850,13436,17605,0,0.6035525655778821,0.1749969298784232,1.0,0.43284687993299187,0.5671531200670081
17605,tF(GAA)H1 YBL075C,0.0,NA,0.011464235372841358,2850,13435,17606,0,0.6035820719365023,0.1750076757752533,1.0,0.4328146644760156,0.5671853355239844
17606,YPR036W-A YMR255W,0.0,NA,0.011464235372841358,2850,13434,17607,0,0.6036115782951226,0.17501842299189388,1.0,0.43278244901903934,0.5672175509809607
17607,MEL10 YOR293W,0.0,NA,0.011464235372841358,2850,13433,17608,0,0.6036410846537429,0.1750291715285881,1.0,0.4327502335620631,0.5672497664379369
17608,YDL216C tP(UGG)M,0.0,NA,0.011464235372841358,2850,13432,17609,0,0.6036705910123632,0.17503992138557917,1.0,0.4327180181050868,0.5672819818949132
17609,MEL2 YAL062W,0.0,NA,0.011464235372841358,2850,13431,17610,0,0.6037000973709834,0.17505067256311038,1.0,0.4326858026481106,0.5673141973518895
17610,YNL286W tF(GAA)H2,0.0,NA,0.011464235372841358,2850,13430,17611,0,0.6037296037296037,0.17506142506142505,1.0,0.4326535871911343,0.5673464128088657
17611,YCL043C tC(GCA)G,0.0,NA,0.011464235372841358,2850,13429,17612,0,0.603759110088224,0.17507217888076662,1.0,0.43262137173415804,0.567378628265842
17612,YGR212W tI(AAU)I1,0.0,NA,0.011464235372841358,2850,13428,17613,0,0.6037886164468443,0.17508293402137856,1.0,0.4325891562771818,0.5674108437228182
17613,YDR141C tP(UGG)O3,0.0,NA,0.011464235372841358,2850,13427,17614,0,0.6038181228054645,0.17509369048350434,1.0,0.4325569408202055,0.5674430591797944
17614,tF(GAA)H1 YJR005W,0.0,NA,0.011464235372841358,2850,13426,17615,0,0.6038476291640849,0.17510444826738755,1.0,0.4325247253632293,0.5674752746367707
17615,YBR195C snR30,0.0,NA,0.011464235372841358,2850,13425,17616,0,0.6038771355227052,0.17511520737327188,1.0,0.43249250990625304,0.567507490093747
17616,YDL148C AWA1,0.0,NA,0.011464235372841358,2850,13424,17617,0,0.6039066418813255,0.175125967801401,1.0,0.43246029444927675,0.5675397055507232
17617,YBR086C tL(UAA)Q,0.0,NA,0.011464235372841358,2850,13423,17618,0,0.6039361482399457,0.17513672955201867,1.0,0.4324280789923005,0.5675719210076995
17618,tK(CUU)D1 YJR110W,0.0,NA,0.011464235372841358,2850,13422,17619,0,0.603965654598566,0.17514749262536874,1.0,0.4323958635353243,0.5676041364646758
17619,tM(CAU)O2 YCL064C,0.0,NA,0.011464235372841358,2850,13421,17620,0,0.6039951609571863,0.17515825702169505,1.0,0.432363648078348,0.567636351921652
17620,YPL121C tS(GCU)L,0.0,NA,0.011464235372841358,2850,13420,17621,0,0.6040246673158065,0.17516902274124155,1.0,0.43233143262137175,0.5676685673786283
17621,YOR359W tL(CAA)D,0.0,NA,0.011464235372841358,2850,13419,17622,0,0.6040541736744268,0.17517978978425225,1.0,0.43229921716439546,0.5677007828356045
17622,snR7-S YGL252C,0.0,NA,0.011464235372841358,2850,13418,17623,0,0.6040836800330471,0.17519055815097123,1.0,0.4322670017074192,0.5677329982925807
17623,YFL047W tW(CCA)M,0.0,NA,0.011464235372841358,2850,13417,17624,0,0.6041131863916674,0.17520132784164258,1.0,0.432234786250443,0.567765213749557
17624,tH(GUG)Q YOR213C,0.0,NA,0.011464235372841358,2850,13416,17625,0,0.6041426927502876,0.1752120988565105,1.0,0.4322025707934667,0.5677974292065333
17625,tI(UAU)L YBR026C,0.0,NA,0.011464235372841358,2850,13415,17626,0,0.604172199108908,0.17522287119581925,1.0,0.43217035533649045,0.5678296446635096
17626,YER142C tS(AGA)G,0.0,NA,0.011464235372841358,2850,13414,17627,0,0.6042017054675283,0.17523364485981308,1.0,0.4321381398795142,0.5678618601204858
17627,snR8 ALD1,0.0,NA,0.011464235372841358,2850,13413,17628,0,0.6042312118261486,0.1752444198487364,1.0,0.4321059244225379,0.5678940755774621
17628,YBR058C MEL10,0.0,NA,0.011464235372841358,2850,13412,17629,0,0.6042607181847688,0.1752551961628336,1.0,0.4320737089655617,0.5679262910344384
17629,tV(AAC)G3 YCR021C,0.0,NA,0.011464235372841358,2850,13411,17630,0,0.6042902245433891,0.17526597380234918,1.0,0.4320414935085854,0.5679585064914145
17630,YNL245C snR87,0.0,NA,0.011464235372841358,2850,13410,17631,0,0.6043197309020094,0.1752767527675277,1.0,0.43200927805160916,0.5679907219483908
17631,YDL122W MAL41,0.0,NA,0.011464235372841358,2850,13409,17632,0,0.6043492372606296,0.1752875330586137,1.0,0.4319770625946329,0.5680229374053671
17632,tC(GCA)Q YOR319W,0.0,NA,0.011464235372841358,2850,13408,17633,0,0.6043787436192499,0.17529831467585189,1.0,0.43194484713765663,0.5680551528623433
17633,YOR142W-B snR74,0.0,NA,0.011464235372841358,2850,13407,17634,0,0.6044082499778702,0.175309097619487,1.0,0.4319126316806804,0.5680873683193196
17634,YDR272W tT(UGU)H,0.0,NA,0.011464235372841358,2850,13406,17635,0,0.6044377563364906,0.17531988188976377,1.0,0.43188041622370416,0.5681195837762959
17635,YPL148C tK(CUU)F,0.0,NA,0.011464235372841358,2850,13405,17636,0,0.6044672626951108,0.1753306674869271,1.0,0.43184820076672786,0.5681517992332721
17636,tL(CAA)L YOR312C,0.0,NA,0.011464235372841358,2850,13404,17637,0,0.6044967690537311,0.17534145441122184,1.0,0.4318159853097516,0.5681840146902484
17637,DBF1 YJL190C,0.0,NA,0.011464235372841358,2850,13403,17638,0,0.6045262754123514,0.175352242662893,1.0,0.43178376985277533,0.5682162301472247
17638,YDL193W tI(AAU)I2,0.0,NA,0.011464235372841358,2850,13402,17639,0,0.6045557817709717,0.17536303224218558,1.0,0.4317515543957991,0.5682484456042008
17639,YGL067W tT(AGU)D,0.0,NA,0.011464235372841358,2850,13401,17640,0,0.6045852881295919,0.17537382314934466,1.0,0.43171933893882286,0.5682806610611771
17640,tT(UGU)G1 YDL076C,0.0,NA,0.011464235372841358,2850,13400,17641,0,0.6046147944882122,0.1753846153846154,1.0,0.43168712348184657,0.5683128765181534
17641,tM(CAU)C tD(GUC)Q,0.0,NA,0.011464235372841358,2850,13399,17642,0,0.6046443008468325,0.17539540894824296,1.0,0.43165490802487033,0.5683450919751296
17642,snR10 YGL093W,0.0,NA,0.011464235372841358,2850,13398,17643,0,0.6046738072054528,0.17540620384047267,1.0,0.4316226925678941,0.5683773074321059
17643,ESC3 YGL190C,0.0,NA,0.011464235372841358,2850,13397,17644,0,0.604703313564073,0.17541700006154984,1.0,0.4315904771109178,0.5684095228890822
17644,tN(GUU)O2 YLR237W,0.0,NA,0.011464235372841358,2850,13396,17645,0,0.6047328199226933,0.1754277976117198,1.0,0.43155826165394157,0.5684417383460585
17645,YCR042C AUT6,0.0,NA,0.011464235372841358,2850,13395,17646,0,0.6047623262813137,0.17543859649122806,1.0,0.43152604619696533,0.5684739538030347
17646,tN(GUU)O1 YKR020W,0.0,NA,0.011464235372841358,2850,13394,17647,0,0.6047918326399339,0.17544939670032011,1.0,0.43149383073998904,0.568506169260011
17647,YCR033W tN(GUU)N1,0.0,NA,0.011464235372841358,2850,13393,17648,0,0.6048213389985542,0.17546019823924153,1.0,0.4314616152830128,0.5685383847169873
17648,YAR002C-A RDN25,0.0,NA,0.011464235372841358,2850,13392,17649,0,0.6048508453571745,0.1754710011082379,1.0,0.4314293998260365,0.5685706001739634
17649,tT(AGU)D YHL040C,0.0,NA,0.011464235372841358,2850,13391,17650,0,0.6048803517157948,0.17548180530755494,1.0,0.43139718436906027,0.5686028156309397
17650,YDR054C tK(CUU)E1,0.0,NA,0.011464235372841358,2850,13390,17651,0,0.604909858074415,0.17549261083743842,1.0,0.43136496891208403,0.568635031087916
17651,YCL043C OSR7,0.0,NA,0.011464235372841358,2850,13389,17652,0,0.6049393644330353,0.17550341769813413,1.0,0.43133275345510774,0.5686672465448922
17652,YPR194C DBF1,0.0,NA,0.011464235372841358,2850,13388,17653,0,0.6049688707916556,0.1755142258898879,1.0,0.4313005379981315,0.5686994620018685
17653,YKL203C MAL22,0.0,NA,0.011464235372841358,2850,13387,17654,0,0.6049983771502759,0.17552503541294573,1.0,0.43126832254115527,0.5687316774588448
17654,MEL9 YBL014C,0.0,NA,0.011464235372841358,2850,13386,17655,0,0.6050278835088961,0.17553584626755359,1.0,0.431236107084179,0.568763892915821
17655,tD(GUC)B YCR038C,0.0,NA,0.011464235372841358,2850,13385,17656,0,0.6050573898675164,0.1755466584539575,1.0,0.43120389162720274,0.5687961083727973
17656,tK(CUU)G2 YHL040C,0.0,NA,0.011464235372841358,2850,13384,17657,0,0.6050868962261368,0.1755574719724036,1.0,0.43117167617022645,0.5688283238297736
17657,tI(AAU)P1 YER013W,0.0,NA,0.011464235372841358,2850,13383,17658,0,0.605116402584757,0.17556828682313805,1.0,0.4311394607132502,0.5688605392867497
17658,ESC3 tL(UAA)B1,0.0,NA,0.011464235372841358,2850,13382,17659,0,0.6051459089433773,0.17557910300640708,1.0,0.431107245256274,0.568892754743726
17659,YIL035C tT(AGU)B,0.0,NA,0.011464235372841358,2850,13381,17660,0,0.6051754153019976,0.17558992052245703,1.0,0.4310750297992977,0.5689249702007023
17660,tF(GAA)G YJR010C-A,0.0,NA,0.011464235372841358,2850,13380,17661,0,0.6052049216606179,0.1756007393715342,1.0,0.43104281434232145,0.5689571856576785
17661,tL(UAG)L2 YKL144C,0.0,NA,0.011464235372841358,2850,13379,17662,0,0.6052344280192381,0.17561155955388502,1.0,0.4310105988853452,0.5689894011146548
17662,YHR025W tR(UCU)G3,0.0,NA,0.011464235372841358,2850,13378,17663,0,0.6052639343778584,0.17562238106975597,1.0,0.4309783834283689,0.5690216165716311
17663,YKR004C tW(UCA)Q,0.0,NA,0.011464235372841358,2850,13377,17664,0,0.6052934407364787,0.1756332039193936,1.0,0.4309461679713927,0.5690538320286074
17664,tN(GUU)F YOR323C,0.0,NA,0.011464235372841358,2850,13376,17665,0,0.605322947095099,0.1756440281030445,1.0,0.43091395251441644,0.5690860474855836
17665,YCL031C MEL5,0.0,NA,0.011464235372841358,2850,13375,17666,0,0.6053524534537192,0.17565485362095531,1.0,0.43088173705744015,0.5691182629425598
17666,tI(AAU)G YML012W,0.0,NA,0.011464235372841358,2850,13374,17667,0,0.6053819598123396,0.17566568047337278,1.0,0.4308495216004639,0.5691504783995361
17667,YML088W tH(GUG)G1,0.0,NA,0.011464235372841358,2850,13373,17668,0,0.6054114661709599,0.17567650866054368,1.0,0.4308173061434876,0.5691826938565123
17668,YPL081W tN(GUU)N1,0.0,NA,0.011464235372841358,2850,13372,17669,0,0.6054409725295802,0.17568733818271484,1.0,0.4307850906865114,0.5692149093134886
17669,YCL025C tK(CUU)C,0.0,NA,0.011464235372841358,2850,13371,17670,0,0.6054704788882004,0.17569816904013316,1.0,0.43075287522953515,0.5692471247704649
17670,tT(UGU)Q1 YEL065W,0.0,NA,0.011464235372841358,2850,13370,17671,0,0.6054999852468207,0.17570900123304561,1.0,0.43072065977255886,0.5692793402274411
17671,tC(GCA)Q SUC1,0.0,NA,0.011464235372841358,2850,13369,17672,0,0.605529491605441,0.17571983476169925,1.0,0.4306884443155826,0.5693115556844174
17672,tA(AGC)F YMR077C,0.0,NA,0.011464235372841358,2850,13368,17673,0,0.6055589979640612,0.1757306696263411,1.0,0.4306562288586064,0.5693437711413937
17673,YPL094C tD(GUC)I1,0.0,NA,0.011464235372841358,2850,13367,17674,0,0.6055885043226815,0.17574150582721834,1.0,0.4306240134016301,0.5693759865983699
17674,tT(UGU)Q1 YDL044C,0.0,NA,0.011464235372841358,2850,13366,17675,0,0.6056180106813018,0.1757523433645782,1.0,0.43059179794465385,0.5694082020553461
17675,YPL018W tD(GUC)D,0.0,NA,0.011464235372841358,2850,13365,17676,0,0.6056475170399221,0.1757631822386679,1.0,0.43055958248767756,0.5694404175123224
17676,YMR142C tD(GUC)J4,0.0,NA,0.011464235372841358,2850,13364,17677,0,0.6056770233985423,0.1757740224497348,1.0,0.4305273670307013,0.5694726329692986
17677,YHR020W tN(GUU)F,0.0,NA,0.011464235372841358,2850,13363,17678,0,0.6057065297571627,0.1757848639980263,1.0,0.4304951515737251,0.5695048484262749
17678,tH(GUG)G2 YBR011C,0.0,NA,0.011464235372841358,2850,13362,17679,0,0.605736036115783,0.1757957068837898,1.0,0.4304629361167488,0.5695370638832512
17679,YFR032C-A MEL7,0.0,NA,0.011464235372841358,2850,13361,17680,0,0.6057655424744033,0.17580655110727283,1.0,0.43043072065977256,0.5695692793402274
17680,YPL011C tM(CAU)O1,0.0,NA,0.011464235372841358,2850,13360,17681,0,0.6057950488330235,0.175817396668723,1.0,0.4303985052027963,0.5696014947972037
17681,GRD17 YHR085W,0.0,NA,0.011464235372841358,2850,13359,17682,0,0.6058245551916438,0.17582824356838794,1.0,0.43036628974582003,0.56963371025418
17682,tG(GCC)E tT(AGU)O1,0.0,NA,0.011464235372841358,2850,13358,17683,0,0.6058540615502641,0.1758390918065153,1.0,0.4303340742888438,0.5696659257111563
17683,tF(GAA)P1 YHR085W,0.0,NA,0.011464235372841358,2850,13357,17684,0,0.6058835679088843,0.17584994138335286,1.0,0.43030185883186756,0.5696981411681324
17684,tD(GUC)M YOL058W,0.0,NA,0.011464235372841358,2850,13356,17685,0,0.6059130742675046,0.17586079229914847,1.0,0.43026964337489126,0.5697303566251087
17685,snR80 YGL208W,0.0,NA,0.011464235372841358,2850,13355,17686,0,0.6059425806261249,0.17587164455414994,1.0,0.430237427917915,0.569762572082085
17686,SME2 YLR441C,0.0,NA,0.011464235372841358,2850,13354,17687,0,0.6059720869847453,0.1758824981486053,1.0,0.43020521246093874,0.5697947875390612
17687,YNL264C snR81,0.0,NA,0.011464235372841358,2850,13353,17688,0,0.6060015933433655,0.17589335308276244,1.0,0.4301729970039625,0.5698270029960375
17688,tM(CAU)O2 YCR106W,0.0,NA,0.011464235372841358,2850,13352,17689,0,0.6060310997019858,0.1759042093568695,1.0,0.43014078154698626,0.5698592184530138
17689,YOR239W tT(UGU)G1,0.0,NA,0.011464235372841358,2850,13351,17690,0,0.6060606060606061,0.17591506697117462,1.0,0.43010856609000997,0.56989143390999
17690,tL(UAG)J YLR109W,0.0,NA,0.011464235372841358,2850,13350,17691,0,0.6060901124192264,0.17592592592592593,1.0,0.43007635063303373,0.5699236493669663
17691,tY(GUA)M2 YKR046C,0.0,NA,0.011464235372841358,2850,13349,17692,0,0.6061196187778466,0.17593678622137168,1.0,0.4300441351760575,0.5699558648239426
17692,YMR091C MEL10,0.0,NA,0.011464235372841358,2850,13348,17693,0,0.6061491251364669,0.1759476478577602,1.0,0.4300119197190812,0.5699880802809187
17693,tE(UUC)Q YKL042W,0.0,NA,0.011464235372841358,2850,13347,17694,0,0.6061786314950872,0.17595851083533987,1.0,0.42997970426210497,0.570020295737895
17694,tD(GUC)L1 YOR011W,0.0,NA,0.011464235372841358,2850,13346,17695,0,0.6062081378537075,0.1759693751543591,1.0,0.4299474888051287,0.5700525111948713
17695,tY(GUA)O YPL070W,0.0,NA,0.011464235372841358,2850,13345,17696,0,0.6062376442123277,0.17598024081506639,1.0,0.42991527334815244,0.5700847266518475
17696,YFL028C tV(AAC)H,0.0,NA,0.011464235372841358,2850,13344,17697,0,0.606267150570948,0.17599110781771027,1.0,0.4298830578911762,0.5701169421088238
17697,MAL62 YMR142C,0.0,NA,0.011464235372841358,2850,13343,17698,0,0.6062966569295684,0.17600197616253938,1.0,0.4298508424341999,0.5701491575658001
17698,YNL264C tR(ACG)E,0.0,NA,0.011464235372841358,2850,13342,17699,0,0.6063261632881886,0.17601284584980237,1.0,0.4298186269772237,0.5701813730227764
17699,YBL008W tW(UCA)Q,0.0,NA,0.011464235372841358,2850,13341,17700,0,0.6063556696468089,0.17602371687974802,1.0,0.42978641152024744,0.5702135884797526
17700,YBR009C tQ(UUG)L,0.0,NA,0.011464235372841358,2850,13340,17701,0,0.6063851760054292,0.17603458925262508,1.0,0.42975419606327114,0.5702458039367289
17701,YGL090W YHL009W-A,0.0,NA,0.011464235372841358,2850,13339,17702,0,0.6064146823640495,0.17604546296868243,1.0,0.4297219806062949,0.5702780193937051
17702,tK(UUU)L YAL068C,0.0,NA,0.011464235372841358,2850,13338,17703,0,0.6064441887226697,0.176056338028169,1.0,0.42968976514931867,0.5703102348506813
17703,YOL052C-A MAL42,0.0,NA,0.011464235372841358,2850,13337,17704,0,0.60647369508129,0.17606721443133377,1.0,0.4296575496923424,0.5703424503076576
17704,YDR101C SUC1,0.0,NA,0.011464235372841358,2850,13336,17705,0,0.6065032014399103,0.1760780921784258,1.0,0.42962533423536614,0.5703746657646339
17705,tL(UAG)J YHR104W,0.0,NA,0.011464235372841358,2850,13335,17706,0,0.6065327077985306,0.17608897126969417,1.0,0.42959311877838985,0.5704068812216101
17706,YPL060C-A tV(UAC)B,0.0,NA,0.011464235372841358,2850,13334,17707,0,0.6065622141571508,0.17609985170538803,1.0,0.4295609033214136,0.5704390966785864
17707,tT(AGU)N2 YDL014W,0.0,NA,0.011464235372841358,2850,13333,17708,0,0.6065917205157711,0.17611073348575665,1.0,0.4295286878644374,0.5704713121355627
17708,YGR252W snR85,0.0,NA,0.011464235372841358,2850,13332,17709,0,0.6066212268743915,0.1761216166110493,1.0,0.4294964724074611,0.5705035275925389
17709,YMR036C tD(GUC)L1,0.0,NA,0.011464235372841358,2850,13331,17710,0,0.6066507332330117,0.17613250108151535,1.0,0.42946425695048485,0.5705357430495152
17710,YCL019W snR79,0.0,NA,0.011464235372841358,2850,13330,17711,0,0.606680239591632,0.1761433868974042,1.0,0.4294320414935086,0.5705679585064914
17711,YJL184W tD(GUC)D,0.0,NA,0.011464235372841358,2850,13329,17712,0,0.6067097459502523,0.17615427405896533,1.0,0.4293998260365323,0.5706001739634676
17712,YCR106W TER1,0.0,NA,0.011464235372841358,2850,13328,17713,0,0.6067392523088726,0.17616516256644826,1.0,0.4293676105795561,0.5706323894204439
17713,tV(AAC)G3 YDL222C,0.0,NA,0.011464235372841358,2850,13327,17714,0,0.6067687586674928,0.17617605242010262,1.0,0.4293353951225798,0.5706646048774202
17714,YBR145W PFK5,0.0,NA,0.011464235372841358,2850,13326,17715,0,0.6067982650261131,0.17618694362017803,1.0,0.42930317966560355,0.5706968203343964
17715,tN(GUU)N1 YNL001W,0.0,NA,0.011464235372841358,2850,13325,17716,0,0.6068277713847334,0.17619783616692428,1.0,0.4292709642086273,0.5707290357913727
17716,YHL009W-A YDL038C,0.0,NA,0.011464235372841358,2850,13324,17717,0,0.6068572777433537,0.17620873006059107,1.0,0.429238748751651,0.570761251248349
17717,YOR293W snR49,0.0,NA,0.011464235372841358,2850,13323,17718,0,0.6068867841019739,0.17621962530142832,1.0,0.4292065332946748,0.5707934667053253
17718,R0010W YNL261W,0.0,NA,0.011464235372841358,2850,13322,17719,0,0.6069162904605943,0.17623052188968588,1.0,0.42917431783769855,0.5708256821623015
17719,tF(GAA)G YOR359W,0.0,NA,0.011464235372841358,2850,13321,17720,0,0.6069457968192146,0.17624141982561375,1.0,0.42914210238072226,0.5708578976192777
17720,YBR247C tV(AAC)L,0.0,NA,0.011464235372841358,2850,13320,17721,0,0.6069753031778348,0.17625231910946196,1.0,0.429109886923746,0.570890113076254
17721,tY(GUA)D YBL075C,0.0,NA,0.011464235372841358,2850,13319,17722,0,0.6070048095364551,0.1762632197414806,1.0,0.4290776714667698,0.5709223285332302
17722,YKR095W-A tE(UUC)M,0.0,NA,0.011464235372841358,2850,13318,17723,0,0.6070343158950754,0.17627412172191984,1.0,0.4290454560097935,0.5709545439902065
17723,YJL146W tL(UAG)L2,0.0,NA,0.011464235372841358,2850,13317,17724,0,0.6070638222536957,0.1762850250510299,1.0,0.42901324055281725,0.5709867594471828
17724,tC(GCA)G YNL259C,0.0,NA,0.011464235372841358,2850,13316,17725,0,0.6070933286123159,0.176295929729061,1.0,0.42898102509584096,0.571018974904159
17725,YLR410W-B snR79,0.0,NA,0.011464235372841358,2850,13315,17726,0,0.6071228349709362,0.17630683575626352,1.0,0.4289488096388647,0.5710511903611353
17726,YBR085W TSF1,0.0,NA,0.011464235372841358,2850,13314,17727,0,0.6071523413295565,0.1763177431328879,1.0,0.4289165941818885,0.5710834058181116
17727,tP(UGG)O3 YMR208W,0.0,NA,0.011464235372841358,2850,13313,17728,0,0.6071818476881768,0.17632865185918456,1.0,0.4288843787249122,0.5711156212750877
17728,tV(AAC)L YOR226C,0.0,NA,0.011464235372841358,2850,13312,17729,0,0.607211354046797,0.17633956193540404,1.0,0.42885216326793596,0.571147836732064
17729,YDR409W MAL22,0.0,NA,0.011464235372841358,2850,13311,17730,0,0.6072408604054174,0.1763504733617969,1.0,0.4288199478109597,0.5711800521890403
17730,YIL052C MEL5,0.0,NA,0.011464235372841358,2850,13310,17731,0,0.6072703667640377,0.17636138613861385,1.0,0.42878773235398343,0.5712122676460165
17731,YGR002C tM(CAU)O1,0.0,NA,0.011464235372841358,2850,13309,17732,0,0.607299873122658,0.17637230026610556,1.0,0.4287555168970072,0.5712444831029928
17732,tD(GUC)O YKL205W,0.0,NA,0.011464235372841358,2850,13308,17733,0,0.6073293794812782,0.17638321574452284,1.0,0.4287233014400309,0.5712766985599691
17733,YPL170W SUC1,0.0,NA,0.011464235372841358,2850,13307,17734,0,0.6073588858398985,0.17639413257411649,1.0,0.42869108598305466,0.5713089140169453
17734,tT(AGU)N1 YDL214C,0.0,NA,0.011464235372841358,2850,13306,17735,0,0.6073883921985188,0.1764050507551374,1.0,0.42865887052607843,0.5713411294739216
17735,YHR211W tT(UGU)H,0.0,NA,0.011464235372841358,2850,13305,17736,0,0.607417898557139,0.1764159702878366,1.0,0.42862665506910214,0.5713733449308979
17736,YNR002C GRD14,0.0,NA,0.011464235372841358,2850,13304,17737,0,0.6074474049157593,0.17642689117246502,1.0,0.4285944396121259,0.5714055603878742
17737,YHR001W-A tM(CAU)O1,0.0,NA,0.011464235372841358,2850,13303,17738,0,0.6074769112743796,0.1764378134092738,1.0,0.42856222415514966,0.5714377758448503
17738,PFK5 YKL040C,0.0,NA,0.011464235372841358,2850,13302,17739,0,0.607506417633,0.17644873699851413,1.0,0.42853000869817337,0.5714699913018266
17739,tW(CCA)P YNL103W,0.0,NA,0.011464235372841358,2850,13301,17740,0,0.6075359239916202,0.17645966194043713,1.0,0.42849779324119713,0.5715022067588029
17740,tT(UGU)Q1 YKR101W,0.0,NA,0.011464235372841358,2850,13300,17741,0,0.6075654303502405,0.17647058823529413,1.0,0.4284655777842209,0.5715344222157791
17741,tN(GUU)N1 YEL061C,0.0,NA,0.011464235372841358,2850,13299,17742,0,0.6075949367088608,0.17648151588333644,1.0,0.4284333623272446,0.5715666376727554
17742,tE(UUC)P YIL082W-A,0.0,NA,0.011464235372841358,2850,13298,17743,0,0.6076244430674811,0.17649244488481547,1.0,0.42840114687026837,0.5715988531297317
17743,SUC1 YBR098W,0.0,NA,0.011464235372841358,2850,13297,17744,0,0.6076539494261013,0.17650337523998266,1.0,0.4283689314132921,0.5716310685867079
17744,YJR070C tM(CAU)D,0.0,NA,0.011464235372841358,2850,13296,17745,0,0.6076834557847216,0.17651430694908957,1.0,0.42833671595631584,0.5716632840436842
17745,YGL115W GCD3,0.0,NA,0.011464235372841358,2850,13295,17746,0,0.6077129621433419,0.17652524001238773,1.0,0.4283045004993396,0.5716954995006605
17746,YJL020C tV(UAC)Q,0.0,NA,0.011464235372841358,2850,13294,17747,0,0.6077424685019621,0.17653617443012884,1.0,0.4282722850423633,0.5717277149576366
17747,tT(AGU)D YHR150W,0.0,NA,0.011464235372841358,2850,13293,17748,0,0.6077719748605824,0.17654711020256458,1.0,0.4282400695853871,0.5717599304146129
17748,tC(GCA)P1 YLR157C-A,0.0,NA,0.011464235372841358,2850,13292,17749,0,0.6078014812192027,0.17655804732994673,1.0,0.42820785412841084,0.5717921458715892
17749,MAL62 snR82,0.0,NA,0.011464235372841358,2850,13291,17750,0,0.6078309875778231,0.1765689858125271,1.0,0.42817563867143454,0.5718243613285654
17750,YGR268C SUC5,0.0,NA,0.011464235372841358,2850,13290,17751,0,0.6078604939364433,0.17657992565055763,1.0,0.4281434232144583,0.5718565767855417
17751,YLR227W-B GRD18,0.0,NA,0.011464235372841358,2850,13289,17752,0,0.6078900002950636,0.17659086684429023,1.0,0.428111207757482,0.571888792242518
17752,YGL097W snR30,0.0,NA,0.011464235372841358,2850,13288,17753,0,0.6079195066536839,0.17660180939397696,1.0,0.4280789923005058,0.5719210076994942
17753,YBR132C tF(GAA)B,0.0,NA,0.011464235372841358,2850,13287,17754,0,0.6079490130123042,0.17661275329986986,1.0,0.42804677684352954,0.5719532231564705
17754,YNL209W tL(CAA)D,0.0,NA,0.011464235372841358,2850,13286,17755,0,0.6079785193709244,0.17662369856222113,1.0,0.42801456138655325,0.5719854386134468
17755,YHL009W-A YOL097C,0.0,NA,0.011464235372841358,2850,13285,17756,0,0.6080080257295447,0.1766346451812829,1.0,0.427982345929577,0.572017654070423
17756,tN(GUU)O2 YDR176W,0.0,NA,0.011464235372841358,2850,13284,17757,0,0.608037532088165,0.17664559315730755,1.0,0.4279501304726008,0.5720498695273992
17757,YFR005C tG(GCC)G2,0.0,NA,0.011464235372841358,2850,13283,17758,0,0.6080670384467853,0.17665654249054732,1.0,0.4279179150156245,0.5720820849843755
17758,YHL009W-A AUT6,0.0,NA,0.011464235372841358,2850,13282,17759,0,0.6080965448054055,0.17666749318125466,1.0,0.42788569955864825,0.5721143004413518
17759,YKL004W MEL3,0.0,NA,0.011464235372841358,2850,13281,17760,0,0.6081260511640258,0.17667844522968199,1.0,0.42785348410167195,0.572146515898328
17760,YDL033C GRD5,0.0,NA,0.011464235372841358,2850,13280,17761,0,0.6081555575226462,0.17668939863608182,1.0,0.4278212686446957,0.5721787313553043
17761,YDR356W RRP2,0.0,NA,0.011464235372841358,2850,13279,17762,0,0.6081850638812664,0.1767003534007068,1.0,0.4277890531877195,0.5722109468122806
17762,YNL016W tI(AAU)D,0.0,NA,0.011464235372841358,2850,13278,17763,0,0.6082145702398867,0.17671130952380953,1.0,0.4277568377307432,0.5722431622692568
17763,YDR343C MEL6,0.0,NA,0.011464235372841358,2850,13277,17764,0,0.608244076598507,0.17672226700564272,1.0,0.42772462227376695,0.572275377726233
17764,YOR073W AWA1,0.0,NA,0.011464235372841358,2850,13276,17765,0,0.6082735829571273,0.17673322584645915,1.0,0.4276924068167907,0.5723075931832093
17765,YBL001C tS(GCU)F,0.0,NA,0.011464235372841358,2850,13275,17766,0,0.6083030893157475,0.17674418604651163,1.0,0.4276601913598144,0.5723398086401855
17766,ESC3 YDR217C,0.0,NA,0.011464235372841358,2850,13274,17767,0,0.6083325956743678,0.1767551476060531,1.0,0.4276279759028382,0.5723720240971618
17767,tH(GUG)G2 YML080W,0.0,NA,0.011464235372841358,2850,13273,17768,0,0.6083621020329881,0.17676611052533647,1.0,0.42759576044586195,0.5724042395541381
17768,tI(AAU)I2 YPL233W,0.0,NA,0.011464235372841358,2850,13272,17769,0,0.6083916083916084,0.17677707480461483,1.0,0.42756354498888566,0.5724364550111143
17769,YIL133C tL(CAA)D,0.0,NA,0.011464235372841358,2850,13271,17770,0,0.6084211147502286,0.17678804044414118,1.0,0.4275313295319094,0.5724686704680906
17770,tD(GUC)J3 YLR388W,0.0,NA,0.011464235372841358,2850,13270,17771,0,0.608450621108849,0.17679900744416874,1.0,0.42749911407493313,0.5725008859250669
17771,tL(CAA)M YDR059C,0.0,NA,0.011464235372841358,2850,13269,17772,0,0.6084801274674693,0.17680997580495067,1.0,0.4274668986179569,0.572533101382043
17772,YDL083C tK(CUU)C,0.0,NA,0.011464235372841358,2850,13268,17773,0,0.6085096338260895,0.1768209455267403,1.0,0.42743468316098066,0.5725653168390193
17773,tF(GAA)Q YMR175W,0.0,NA,0.011464235372841358,2850,13267,17774,0,0.6085391401847098,0.17683191660979092,1.0,0.42740246770400436,0.5725975322959956
17774,YOR234C tI(AAU)G,0.0,NA,0.011464235372841358,2850,13266,17775,0,0.6085686465433301,0.1768428890543559,1.0,0.4273702522470281,0.5726297477529719
17775,YPR073C TER1,0.0,NA,0.011464235372841358,2850,13265,17776,0,0.6085981529019504,0.1768538628606888,1.0,0.4273380367900519,0.5726619632099481
17776,YLR234W tV(AAC)E2,0.0,NA,0.011464235372841358,2850,13264,17777,0,0.6086276592605706,0.17686483802904307,1.0,0.4273058213330756,0.5726941786669244
17777,tD(GUC)I2 YNL307C,0.0,NA,0.011464235372841358,2850,13263,17778,0,0.6086571656191909,0.1768758145596723,1.0,0.42727360587609936,0.5727263941239007
17778,YDR285W R0030W,0.0,NA,0.011464235372841358,2850,13262,17779,0,0.6086866719778112,0.17688679245283018,1.0,0.42724139041912307,0.5727586095808769
17779,tQ(UUG)Q YDR440W,0.0,NA,0.011464235372841358,2850,13261,17780,0,0.6087161783364315,0.1768977717087704,1.0,0.42720917496214683,0.5727908250378532
17780,tT(AGU)O2 YDR030C,0.0,NA,0.011464235372841358,2850,13260,17781,0,0.6087456846950517,0.17690875232774675,1.0,0.4271769595051706,0.5728230404948295
17781,YDL085W tM(CAU)P,0.0,NA,0.011464235372841358,2850,13259,17782,0,0.6087751910536721,0.17691973431001304,1.0,0.4271447440481943,0.5728552559518056
17782,tA(AGC)G YJL166W,0.0,NA,0.011464235372841358,2850,13258,17783,0,0.6088046974122924,0.1769307176558232,1.0,0.42711252859121807,0.5728874714087819
17783,tS(GCU)Q1 tQ(UUG)D1,0.0,NA,0.011464235372841358,2850,13257,17784,0,0.6088342037709127,0.1769417023654312,1.0,0.42708031313424183,0.5729196868657582
17784,snR80 YMR199W,0.0,NA,0.011464235372841358,2850,13256,17785,0,0.6088637101295329,0.176952688439091,1.0,0.42704809767726554,0.5729519023227344
17785,tI(AAU)D YBR012W-B,0.0,NA,0.011464235372841358,2850,13255,17786,0,0.6088932164881532,0.1769636758770568,1.0,0.4270158822202893,0.5729841177797107
17786,YGL135W tV(AAC)E1,0.0,NA,0.011464235372841358,2850,13254,17787,0,0.6089227228467735,0.1769746646795827,1.0,0.42698366676331306,0.573016333236687
17787,snR10 YOL040C,0.0,NA,0.011464235372841358,2850,13253,17788,0,0.6089522292053937,0.17698565484692294,1.0,0.42695145130633677,0.5730485486936632
17788,MAL43 YGL172W,0.0,NA,0.011464235372841358,2850,13252,17789,0,0.608981735564014,0.17699664637933177,1.0,0.42691923584936053,0.5730807641506395
17789,OSR2 YHR085W,0.0,NA,0.011464235372841358,2850,13251,17790,0,0.6090112419226343,0.17700763927706353,1.0,0.42688702039238424,0.5731129796076158
17790,tM(CAU)Q2 YKR025W,0.0,NA,0.011464235372841358,2850,13250,17791,0,0.6090407482812547,0.17701863354037267,1.0,0.426854804935408,0.5731451950645919
17791,YML116W tN(GUU)N2,0.0,NA,0.011464235372841358,2850,13249,17792,0,0.6090702546398749,0.17702962916951365,1.0,0.42682258947843177,0.5731774105215682
17792,tT(AGU)N1 YJR031C,0.0,NA,0.011464235372841358,2850,13248,17793,0,0.6090997609984952,0.17704062616474095,1.0,0.4267903740214555,0.5732096259785445
17793,21S_rRNA YML048W,0.0,NA,0.011464235372841358,2850,13247,17794,0,0.6091292673571155,0.17705162452630924,1.0,0.42675815856447924,0.5732418414355208
17794,YJR145C MAL41,0.0,NA,0.011464235372841358,2850,13246,17795,0,0.6091587737157358,0.17706262425447317,1.0,0.426725943107503,0.573274056892497
17795,YPL060C-A tW(CCA)M,0.0,NA,0.011464235372841358,2850,13245,17796,0,0.609188280074356,0.17707362534948742,1.0,0.4266937276505267,0.5733062723494733
17796,tF(GAA)G tH(GUG)Q,0.0,NA,0.011464235372841358,2850,13244,17797,0,0.6092177864329763,0.1770846278116068,1.0,0.4266615121935505,0.5733384878064496
17797,tV(AAC)E1 YGL136C,0.0,NA,0.011464235372841358,2850,13243,17798,0,0.6092472927915966,0.1770956316410862,1.0,0.4266292967365742,0.5733707032634258
17798,YGL048C OSR8,0.0,NA,0.011464235372841358,2850,13242,17799,0,0.6092767991502168,0.17710663683818045,1.0,0.42659708127959794,0.573402918720402
17799,tT(UGU)Q1 YBL011W,0.0,NA,0.011464235372841358,2850,13241,17800,0,0.6093063055088371,0.17711764340314462,1.0,0.4265648658226217,0.5734351341773783
17800,tG(GCC)F1 YBR218C,0.0,NA,0.011464235372841358,2850,13240,17801,0,0.6093358118674574,0.17712865133623368,1.0,0.4265326503656454,0.5734673496343545
17801,tM(CAU)Q1 YPL259C,0.0,NA,0.011464235372841358,2850,13239,17802,0,0.6093653182260778,0.17713966063770278,1.0,0.4265004349086692,0.5734995650913308
17802,tS(GCU)Q1 YKR024C,0.0,NA,0.011464235372841358,2850,13238,17803,0,0.609394824584698,0.17715067130780707,1.0,0.42646821945169294,0.5735317805483071
17803,tH(GUG)G2 YKL220C,0.0,NA,0.011464235372841358,2850,13237,17804,0,0.6094243309433183,0.17716168334680177,1.0,0.42643600399471665,0.5735639960052833
17804,YNR060W tN(GUU)L,0.0,NA,0.011464235372841358,2850,13236,17805,0,0.6094538373019386,0.17717269675494218,1.0,0.4264037885377404,0.5735962114622596
17805,YDR091C tK(CUU)E1,0.0,NA,0.011464235372841358,2850,13235,17806,0,0.6094833436605589,0.1771837115324837,1.0,0.4263715730807642,0.5736284269192359
17806,YOR241W tA(AGC)H,0.0,NA,0.011464235372841358,2850,13234,17807,0,0.6095128500191791,0.17719472767968167,1.0,0.4263393576237879,0.5736606423762121
17807,YHL009W-A YDR461W,0.0,NA,0.011464235372841358,2850,13233,17808,0,0.6095423563777994,0.17720574519679164,1.0,0.42630714216681165,0.5736928578331884
17808,YLR363C tH(GUG)E2,0.0,NA,0.011464235372841358,2850,13232,17809,0,0.6095718627364197,0.17721676408406914,1.0,0.42627492670983536,0.5737250732901646
17809,tY(GUA)J1 YCR018C,0.0,NA,0.011464235372841358,2850,13231,17810,0,0.60960136909504,0.17722778434176978,1.0,0.4262427112528591,0.5737572887471408
17810,ALD1 tL(CAA)D,0.0,NA,0.011464235372841358,2850,13230,17811,0,0.6096308754536602,0.17723880597014927,1.0,0.4262104957958829,0.5737895042041171
17811,YDR435C YOL103W-B,0.0,NA,0.011464235372841358,2850,13229,17812,0,0.6096603818122805,0.17724982896946329,1.0,0.4261782803389066,0.5738217196610934
17812,SCH1 YBL061C,0.0,NA,0.011464235372841358,2850,13228,17813,0,0.6096898881709009,0.17726085333996766,1.0,0.42614606488193035,0.5738539351180697
17813,YFR009W tS(GCU)F,0.0,NA,0.011464235372841358,2850,13227,17814,0,0.6097193945295211,0.17727187908191827,1.0,0.4261138494249541,0.5738861505750459
17814,GRD17 YHR111W,0.0,NA,0.011464235372841358,2850,13226,17815,0,0.6097489008881414,0.17728290619557105,1.0,0.4260816339679778,0.5739183660320222
17815,tL(UAA)N snR87,0.0,NA,0.011464235372841358,2850,13225,17816,0,0.6097784072467617,0.17729393468118196,1.0,0.4260494185110016,0.5739505814889985
17816,tI(AAU)B YDL076C,0.0,NA,0.011464235372841358,2850,13224,17817,0,0.609807913605382,0.1773049645390071,1.0,0.4260172030540253,0.5739827969459746
17817,tT(UGU)Q1 YPL258C,0.0,NA,0.011464235372841358,2850,13223,17818,0,0.6098374199640022,0.17731599576930257,1.0,0.42598498759704906,0.5740150124029509
17818,YLR452C SCH1,0.0,NA,0.011464235372841358,2850,13222,17819,0,0.6098669263226225,0.17732702837232453,1.0,0.4259527721400728,0.5740472278599272
17819,tT(AGU)H YGL145W,0.0,NA,0.011464235372841358,2850,13221,17820,0,0.6098964326812428,0.1773380623483293,1.0,0.42592055668309653,0.5740794433169034
17820,tV(AAC)G1 YBR112C,0.0,NA,0.011464235372841358,2850,13220,17821,0,0.6099259390398631,0.17734909769757312,1.0,0.4258883412261203,0.5741116587738797
17821,YGR013W tT(AGU)O1,0.0,NA,0.011464235372841358,2850,13219,17822,0,0.6099554453984833,0.1773601344203124,1.0,0.42585612576914406,0.574143874230856
17822,YDL212W OSR3,0.0,NA,0.011464235372841358,2850,13218,17823,0,0.6099849517571037,0.1773711725168036,1.0,0.42582391031216776,0.5741760896878322
17823,YHL009W-A YNL298W,0.0,NA,0.011464235372841358,2850,13217,17824,0,0.610014458115724,0.17738221198730317,1.0,0.4257916948551915,0.5742083051448085
17824,YNR002C tW(CCA)J,0.0,NA,0.011464235372841358,2850,13216,17825,0,0.6100439644743442,0.17739325283206772,1.0,0.4257594793982153,0.5742405206017848
17825,GCD3 YLL035W,0.0,NA,0.011464235372841358,2850,13215,17826,0,0.6100734708329645,0.17740429505135388,1.0,0.425727263941239,0.574272736058761
17826,tV(UAC)Q YJL080C,0.0,NA,0.011464235372841358,2850,13214,17827,0,0.6101029771915848,0.17741533864541834,1.0,0.42569504848426276,0.5743049515157372
17827,YDR200C tI(AAU)D,0.0,NA,0.011464235372841358,2850,13213,17828,0,0.6101324835502051,0.17742638361451785,1.0,0.42566283302728647,0.5743371669727135
17828,MEL6 YHR142W,0.0,NA,0.011464235372841358,2850,13212,17829,0,0.6101619899088253,0.17743742995890924,1.0,0.42563061757031023,0.5743693824296897
17829,tM(CAU)C YCL067C,0.0,NA,0.011464235372841358,2850,13211,17830,0,0.6101914962674456,0.1774484776788494,1.0,0.425598402113334,0.574401597886666
17830,YMR266W tD(GUC)G1,0.0,NA,0.011464235372841358,2850,13210,17831,0,0.6102210026260659,0.17745952677459526,1.0,0.4255661866563577,0.5744338133436423
17831,tM(CAU)M YJR127C,0.0,NA,0.011464235372841358,2850,13209,17832,0,0.6102505089846862,0.1774705772464039,1.0,0.42553397119938147,0.5744660288006186
17832,YOL088C SCH1,0.0,NA,0.011464235372841358,2850,13208,17833,0,0.6102800153433064,0.17748162909453233,1.0,0.42550175574240523,0.5744982442575948
17833,tW(CCA)P YHR092C,0.0,NA,0.011464235372841358,2850,13207,17834,0,0.6103095217019268,0.1774926823192377,1.0,0.42546954028542894,0.5745304597145711
17834,tL(UAA)B1 YOR374W,0.0,NA,0.011464235372841358,2850,13206,17835,0,0.6103390280605471,0.17750373692077728,1.0,0.4254373248284527,0.5745626751715474
17835,YKL079W tD(GUC)K,0.0,NA,0.011464235372841358,2850,13205,17836,0,0.6103685344191674,0.17751479289940827,1.0,0.4254051093714764,0.5745948906285235
17836,YPR143W tW(CCA)J,0.0,NA,0.011464235372841358,2850,13204,17837,0,0.6103980407777876,0.17752585025538806,1.0,0.42537289391450017,0.5746271060854998
17837,ALD1 YML045W,0.0,NA,0.011464235372841358,2850,13203,17838,0,0.6104275471364079,0.17753690898897403,1.0,0.42534067845752394,0.5746593215424761
17838,tD(GUC)N YDR513W,0.0,NA,0.011464235372841358,2850,13202,17839,0,0.6104570534950282,0.1775479691004236,1.0,0.42530846300054764,0.5746915369994523
17839,YGR272C YDR170W-A,0.0,NA,0.011464235372841358,2850,13201,17840,0,0.6104865598536484,0.1775590305899944,1.0,0.4252762475435714,0.5747237524564286
17840,YJR082C tG(UCC)Q,0.0,NA,0.011464235372841358,2850,13200,17841,0,0.6105160662122687,0.17757009345794392,1.0,0.42524403208659517,0.5747559679134049
17841,YMR136W tW(CCA)G1,0.0,NA,0.011464235372841358,2850,13199,17842,0,0.610545572570889,0.17758115770452987,1.0,0.4252118166296189,0.5747881833703811
17842,tV(UAC)B R0030W,0.0,NA,0.011464235372841358,2850,13198,17843,0,0.6105750789295094,0.17759222333000996,1.0,0.42517960117264264,0.5748203988273574
17843,YBR203W OSR7,0.0,NA,0.011464235372841358,2850,13197,17844,0,0.6106045852881296,0.17760329033464198,1.0,0.4251473857156664,0.5748526142843337
17844,YKL073W tF(GAA)B,0.0,NA,0.011464235372841358,2850,13196,17845,0,0.6106340916467499,0.17761435871868378,1.0,0.4251151702586901,0.5748848297413098
17845,YIL156W RRP2,0.0,NA,0.011464235372841358,2850,13195,17846,0,0.6106635980053702,0.17762542848239327,1.0,0.4250829548017139,0.5749170451982861
17846,YMR139W snR191,0.0,NA,0.011464235372841358,2850,13194,17847,0,0.6106931043639905,0.17763649962602843,1.0,0.4250507393447376,0.5749492606552624
17847,PDR7 tS(GCU)Q1,0.0,NA,0.011464235372841358,2850,13193,17848,0,0.6107226107226107,0.17764757214984728,1.0,0.42501852388776135,0.5749814761122386
17848,tL(UAG)J OSR10,0.0,NA,0.011464235372841358,2850,13192,17849,0,0.610752117081231,0.17765864605410797,1.0,0.4249863084307851,0.5750136915692149
17849,URR3 YMR091C,0.0,NA,0.011464235372841358,2850,13191,17850,0,0.6107816234398513,0.17766972133906864,1.0,0.4249540929738088,0.5750459070261912
17850,21S_rRNA tT(AGU)B,0.0,NA,0.011464235372841358,2850,13190,17851,0,0.6108111297984715,0.17768079800498754,1.0,0.4249218775168326,0.5750781224831675
17851,YOR092W TER1,0.0,NA,0.011464235372841358,2850,13189,17852,0,0.6108406361570918,0.17769187605212294,1.0,0.42488966205985634,0.5751103379401437
17852,tG(GCC)G2 YER098W,0.0,NA,0.011464235372841358,2850,13188,17853,0,0.6108701425157121,0.17770295548073325,1.0,0.42485744660288005,0.57514255339712
17853,tD(GUC)O YHR181W,0.0,NA,0.011464235372841358,2850,13187,17854,0,0.6108996488743325,0.17771403629107688,1.0,0.4248252311459038,0.5751747688540962
17854,YCR082W tM(CAU)M,0.0,NA,0.011464235372841358,2850,13186,17855,0,0.6109291552329527,0.17772511848341233,1.0,0.4247930156889275,0.5752069843110724
17855,tT(UGU)G1 YEL027W,0.0,NA,0.011464235372841358,2850,13185,17856,0,0.610958661591573,0.17773620205799812,1.0,0.4247608002319513,0.5752391997680487
17856,YKR046C SUC1,0.0,NA,0.011464235372841358,2850,13184,17857,0,0.6109881679501933,0.17774728701509293,1.0,0.42472858477497505,0.575271415225025
17857,YJL042W tD(GUC)D,0.0,NA,0.011464235372841358,2850,13183,17858,0,0.6110176743088136,0.1777583733549554,1.0,0.42469636931799876,0.5753036306820012
17858,tA(AGC)G YOL149W,0.0,NA,0.011464235372841358,2850,13182,17859,0,0.6110471806674338,0.1777694610778443,1.0,0.4246641538610225,0.5753358461389775
17859,YMR299C GRD5,0.0,NA,0.011464235372841358,2850,13181,17860,0,0.6110766870260541,0.17778055018401848,1.0,0.4246319384040463,0.5753680615959538
17860,snR84 YBR080C,0.0,NA,0.011464235372841358,2850,13180,17861,0,0.6111061933846744,0.17779164067373673,1.0,0.42459972294707,0.57540027705293
17861,MAL22 YLR114C,0.0,NA,0.011464235372841358,2850,13179,17862,0,0.6111356997432946,0.1778027325472581,1.0,0.42456750749009375,0.5754324925099062
17862,snR86 YDR210W-A,0.0,NA,0.011464235372841358,2850,13178,17863,0,0.6111652061019149,0.17781382580484154,1.0,0.4245352920331175,0.5754647079668825
17863,YDR195W MAL43,0.0,NA,0.011464235372841358,2850,13177,17864,0,0.6111947124605352,0.1778249204467461,1.0,0.4245030765761412,0.5754969234238587
17864,YML022W tV(AAC)E2,0.0,NA,0.011464235372841358,2850,13176,17865,0,0.6112242188191556,0.177836016473231,1.0,0.424470861119165,0.575529138880835
17865,YHL033C tC(GCA)G,0.0,NA,0.011464235372841358,2850,13175,17866,0,0.6112537251777758,0.17784711388455537,1.0,0.4244386456621887,0.5755613543378113
17866,YPR042C tG(UCC)Q,0.0,NA,0.011464235372841358,2850,13174,17867,0,0.6112832315363961,0.17785821268097854,1.0,0.42440643020521246,0.5755935697947875
17867,YLR306W tI(AAU)D,0.0,NA,0.011464235372841358,2850,13173,17868,0,0.6113127378950164,0.17786931286275978,1.0,0.4243742147482362,0.5756257852517638
17868,tI(AAU)P1 YLR157C-B,0.0,NA,0.011464235372841358,2850,13172,17869,0,0.6113422442536367,0.17788041443015853,1.0,0.42434199929125993,0.5756580007087401
17869,ANC4 YML132W,0.0,NA,0.011464235372841358,2850,13171,17870,0,0.6113717506122569,0.17789151738343426,1.0,0.4243097838342837,0.5756902161657164
17870,YNL197C AWA1,0.0,NA,0.011464235372841358,2850,13170,17871,0,0.6114012569708772,0.17790262172284643,1.0,0.42427756837730746,0.5757224316226925
17871,YHR214C-C tL(CAA)K,0.0,NA,0.011464235372841358,2850,13169,17872,0,0.6114307633294975,0.17791372744865472,1.0,0.42424535292033116,0.5757546470796688
17872,tP(UGG)Q YDR437W,0.0,NA,0.011464235372841358,2850,13168,17873,0,0.6114602696881178,0.17792483456111874,1.0,0.42421313746335493,0.5757868625366451
17873,YJL091C tK(UUU)L,0.0,NA,0.011464235372841358,2850,13167,17874,0,0.611489776046738,0.17793594306049823,1.0,0.42418092200637864,0.5758190779936213
17874,YGR105W tN(GUU)F,0.0,NA,0.011464235372841358,2850,13166,17875,0,0.6115192824053584,0.17794705294705296,1.0,0.4241487065494024,0.5758512934505976
17875,YDR251W tH(GUG)E2,0.0,NA,0.011464235372841358,2850,13165,17876,0,0.6115487887639787,0.17795816422104277,1.0,0.42411649109242616,0.5758835089075739
17876,snR30 YLR033W,0.0,NA,0.011464235372841358,2850,13164,17877,0,0.6115782951225989,0.17796927688272762,1.0,0.42408427563544987,0.5759157243645501
17877,YGL151W TER1,0.0,NA,0.011464235372841358,2850,13163,17878,0,0.6116078014812192,0.17798039093236745,1.0,0.42405206017847363,0.5759479398215264
17878,MEL10 YEL055C,0.0,NA,0.011464235372841358,2850,13162,17879,0,0.6116373078398395,0.17799150637022235,1.0,0.4240198447214974,0.5759801552785027
17879,MEL10 YOR138C,0.0,NA,0.011464235372841358,2850,13161,17880,0,0.6116668141984598,0.17800262319655236,1.0,0.4239876292645211,0.5760123707354788
17880,tA(AGC)G YDR226W,0.0,NA,0.011464235372841358,2850,13160,17881,0,0.61169632055708,0.17801374141161774,1.0,0.42395541380754487,0.5760445861924551
17881,YGL073W snR86,0.0,NA,0.011464235372841358,2850,13159,17882,0,0.6117258269157003,0.1780248610156787,1.0,0.4239231983505686,0.5760768016494314
17882,tR(ACG)Q2 YGR134W,0.0,NA,0.011464235372841358,2850,13158,17883,0,0.6117553332743206,0.1780359820089955,1.0,0.42389098289359234,0.5761090171064076
17883,YPL265W MAL42,0.0,NA,0.011464235372841358,2850,13157,17884,0,0.611784839632941,0.17804710439182858,1.0,0.4238587674366161,0.5761412325633839
17884,YKR055W tC(GCA)G,0.0,NA,0.011464235372841358,2850,13156,17885,0,0.6118143459915611,0.17805822816443834,1.0,0.4238265519796398,0.5761734480203602
17885,YLR389C URR4,0.0,NA,0.011464235372841358,2850,13155,17886,0,0.6118438523501815,0.1780693533270853,1.0,0.4237943365226636,0.5762056634773364
17886,tL(UAA)N YLR245C,0.0,NA,0.011464235372841358,2850,13154,17887,0,0.6118733587088018,0.17808047988002998,1.0,0.42376212106568734,0.5762378789343127
17887,YIL053W tT(AGU)O2,0.0,NA,0.011464235372841358,2850,13153,17888,0,0.611902865067422,0.1780916078235331,1.0,0.42372990560871104,0.576270094391289
17888,GRD16 tH(GUG)E2,0.0,NA,0.011464235372841358,2850,13152,17889,0,0.6119323714260423,0.17810273715785527,1.0,0.4236976901517348,0.5763023098482652
17889,YAR002W tG(UCC)Q,0.0,NA,0.011464235372841358,2850,13151,17890,0,0.6119618777846626,0.1781138678832573,1.0,0.42366547469475857,0.5763345253052414
17890,tG(GCC)F1 YER167W,0.0,NA,0.011464235372841358,2850,13150,17891,0,0.6119913841432829,0.178125,1.0,0.4236332592377823,0.5763667407622177
17891,YPL257W-B tL(CAA)L,0.0,NA,0.011464235372841358,2850,13149,17892,0,0.6120208905019031,0.17813613350834429,1.0,0.42360104378080604,0.576398956219194
17892,YJL204C tT(UGU)H,0.0,NA,0.011464235372841358,2850,13148,17893,0,0.6120503968605234,0.17814726840855108,1.0,0.42356882832382975,0.5764311716761702
17893,tI(UAU)L YAL060W,0.0,NA,0.011464235372841358,2850,13147,17894,0,0.6120799032191437,0.17815840470088143,1.0,0.4235366128668535,0.5764633871331465
17894,YCL027W tT(AGU)N1,0.0,NA,0.011464235372841358,2850,13146,17895,0,0.612109409577764,0.1781695423855964,1.0,0.4235043974098773,0.5764956025901228
17895,MEL2 YCL014W,0.0,NA,0.011464235372841358,2850,13145,17896,0,0.6121389159363843,0.17818068146295718,1.0,0.423472181952901,0.576527818047099
17896,YNL124W tA(UGC)G,0.0,NA,0.011464235372841358,2850,13144,17897,0,0.6121684222950046,0.17819182193322497,1.0,0.42343996649592475,0.5765600335040753
17897,YPL092W MAL22,0.0,NA,0.011464235372841358,2850,13143,17898,0,0.6121979286536249,0.17820296379666103,1.0,0.4234077510389485,0.5765922489610515
17898,YAL019W RDN5,0.0,NA,0.011464235372841358,2850,13142,17899,0,0.6122274350122452,0.17821410705352678,1.0,0.4233755355819722,0.5766244644180277
17899,YJR110W snR191,0.0,NA,0.011464235372841358,2850,13141,17900,0,0.6122569413708654,0.17822525170408354,1.0,0.423343320124996,0.576656679875004
17900,YLR006C SUC1,0.0,NA,0.011464235372841358,2850,13140,17901,0,0.6122864477294857,0.17823639774859287,1.0,0.4233111046680197,0.5766888953319803
17901,tK(UUU)Q tM(CAU)Q1,0.0,NA,0.011464235372841358,2850,13139,17902,0,0.612315954088106,0.17824754518731628,1.0,0.42327888921104345,0.5767211107889565
17902,YBR029C tK(CUU)G3,0.0,NA,0.011464235372841358,2850,13138,17903,0,0.6123454604467262,0.1782586940205154,1.0,0.4232466737540672,0.5767533262459328
17903,tY(GUA)M1 YML047C,0.0,NA,0.011464235372841358,2850,13137,17904,0,0.6123749668053465,0.17826984424845188,1.0,0.4232144582970909,0.5767855417029091
17904,YIR017C tG(UCC)Q,0.0,NA,0.011464235372841358,2850,13136,17905,0,0.6124044731639668,0.17828099587138746,1.0,0.4231822428401147,0.5768177571598853
17905,YBR015C AWA1,0.0,NA,0.011464235372841358,2850,13135,17906,0,0.6124339795225872,0.17829214888958397,1.0,0.42315002738313845,0.5768499726168616
17906,tR(UCU)G1 YPL210C,0.0,NA,0.011464235372841358,2850,13134,17907,0,0.6124634858812074,0.1783033033033033,1.0,0.42311781192616216,0.5768821880738378
17907,YKR028W tL(CAA)L,0.0,NA,0.011464235372841358,2850,13133,17908,0,0.6124929922398277,0.17831445911280736,1.0,0.4230855964691859,0.5769144035308141
17908,tY(GUA)M1 YMR135C,0.0,NA,0.011464235372841358,2850,13132,17909,0,0.612522498598448,0.17832561631835817,1.0,0.4230533810122097,0.5769466189877903
17909,YNL189W tY(GUA)D,0.0,NA,0.011464235372841358,2850,13131,17910,0,0.6125520049570683,0.17833677492021777,1.0,0.4230211655552334,0.5769788344447666
17910,snR41 MAL42,0.0,NA,0.011464235372841358,2850,13130,17911,0,0.6125815113156885,0.1783479349186483,1.0,0.42298895009825715,0.5770110499017429
17911,YAR014C tD(GUC)K,0.0,NA,0.011464235372841358,2850,13129,17912,0,0.6126110176743088,0.178359096313912,1.0,0.42295673464128086,0.5770432653587191
17912,YPL031C tE(UUC)Q,0.0,NA,0.011464235372841358,2850,13128,17913,0,0.6126405240329291,0.17837025910627113,1.0,0.4229245191843046,0.5770754808156954
17913,SPA1 YGR268C,0.0,NA,0.011464235372841358,2850,13127,17914,0,0.6126700303915493,0.178381423295988,1.0,0.4228923037273284,0.5771076962726717
17914,SME2 YOL018C,0.0,NA,0.011464235372841358,2850,13126,17915,0,0.6126995367501696,0.178392588883325,1.0,0.4228600882703521,0.5771399117296478
17915,tK(UUU)D YEL056W,0.0,NA,0.011464235372841358,2850,13125,17916,0,0.61272904310879,0.1784037558685446,1.0,0.42282787281337586,0.5771721271866241
17916,YBR018C MEL7,0.0,NA,0.011464235372841358,2850,13124,17917,0,0.6127585494674103,0.17841492425190936,1.0,0.4227956573563996,0.5772043426436004
17917,tF(GAA)H1 YHR107C,0.0,NA,0.011464235372841358,2850,13123,17918,0,0.6127880558260305,0.17842609403368184,1.0,0.42276344189942333,0.5772365581005766
17918,YEL069C tV(AAC)G2,0.0,NA,0.011464235372841358,2850,13122,17919,0,0.6128175621846508,0.17843726521412473,1.0,0.4227312264424471,0.5772687735575529
17919,YPL092W SPA1,0.0,NA,0.011464235372841358,2850,13121,17920,0,0.6128470685432711,0.17844843779350072,1.0,0.4226990109854708,0.5773009890145292
17920,tL(CAA)C YPL120W,0.0,NA,0.011464235372841358,2850,13120,17921,0,0.6128765749018914,0.17845961177207265,1.0,0.42266679552849457,0.5773332044715054
17921,tL(UAA)B2 YNL214W,0.0,NA,0.011464235372841358,2850,13119,17922,0,0.6129060812605116,0.17847078715010334,1.0,0.42263458007151833,0.5773654199284817
17922,tW(CCA)G2 YGR085C,0.0,NA,0.011464235372841358,2850,13118,17923,0,0.6129355876191319,0.1784819639278557,1.0,0.42260236461454204,0.577397635385458
17923,MAL63 YGR230W,0.0,NA,0.011464235372841358,2850,13117,17924,0,0.6129650939777522,0.17849314210559278,1.0,0.4225701491575658,0.5774298508424341
17924,YER138C tQ(UUG)E1,0.0,NA,0.011464235372841358,2850,13116,17925,0,0.6129946003363725,0.1785043216835776,1.0,0.42253793370058956,0.5774620662994104
17925,tP(UGG)O2 YNL135C,0.0,NA,0.011464235372841358,2850,13115,17926,0,0.6130241066949927,0.17851550266207328,1.0,0.42250571824361327,0.5774942817563867
17926,tD(GUC)J3 YBL058W,0.0,NA,0.011464235372841358,2850,13114,17927,0,0.6130536130536131,0.17852668504134303,1.0,0.42247350278663703,0.577526497213363
17927,YER046W OSR7,0.0,NA,0.011464235372841358,2850,13113,17928,0,0.6130831194122334,0.17853786882165007,1.0,0.4224412873296608,0.5775587126703392
17928,tM(CAU)M YOR092W,0.0,NA,0.011464235372841358,2850,13112,17929,0,0.6131126257708536,0.17854905400325774,1.0,0.4224090718726845,0.5775909281273155
17929,YGL207W tD(GUC)D,0.0,NA,0.011464235372841358,2850,13111,17930,0,0.6131421321294739,0.17856024058642941,1.0,0.42237685641570827,0.5776231435842918
17930,tP(UGG)Q YDR121W,0.0,NA,0.011464235372841358,2850,13110,17931,0,0.6131716384880942,0.17857142857142858,1.0,0.422344640958732,0.577655359041268
17931,YGL148W SUC7,0.0,NA,0.011464235372841358,2850,13109,17932,0,0.6132011448467145,0.1785826179585187,1.0,0.42231242550175574,0.5776875744982443
17932,YDL238C MEL7,0.0,NA,0.011464235372841358,2850,13108,17933,0,0.6132306512053347,0.1785938087479634,1.0,0.4222802100447795,0.5777197899552206
17933,tV(AAC)G1 YGR109W-A,0.0,NA,0.011464235372841358,2850,13107,17934,0,0.613260157563955,0.17860500094002632,1.0,0.4222479945878032,0.5777520054121967
17934,tR(UCU)Q1 YBR107C,0.0,NA,0.011464235372841358,2850,13106,17935,0,0.6132896639225753,0.17861619453497118,1.0,0.422215779130827,0.577784220869173
17935,tP(UGG)F YGR129W,0.0,NA,0.011464235372841358,2850,13105,17936,0,0.6133191702811956,0.17862738953306173,1.0,0.42218356367385074,0.5778164363261493
17936,tY(GUA)M1 MAL43,0.0,NA,0.011464235372841358,2850,13104,17937,0,0.6133486766398158,0.17863858593456186,1.0,0.42215134821687444,0.5778486517831255
17937,YGL090W tW(CCA)P,0.0,NA,0.011464235372841358,2850,13103,17938,0,0.6133781829984362,0.17864978373973547,1.0,0.4221191327598982,0.5778808672401018
17938,YOR367W tE(UUC)I,0.0,NA,0.011464235372841358,2850,13102,17939,0,0.6134076893570565,0.17866098294884655,1.0,0.4220869173029219,0.5779130826970781
17939,YMR322C tY(GUA)M2,0.0,NA,0.011464235372841358,2850,13101,17940,0,0.6134371957156767,0.1786721835621591,1.0,0.4220547018459457,0.5779452981540543
17940,RDN25 YHL048W,0.0,NA,0.011464235372841358,2850,13100,17941,0,0.613466702074297,0.1786833855799373,1.0,0.42202248638896944,0.5779775136110306
17941,GRD14 tP(UGG)H,0.0,NA,0.011464235372841358,2850,13099,17942,0,0.6134962084329173,0.17869458900244528,1.0,0.42199027093199315,0.5780097290680069
17942,YPL019C tT(AGU)B,0.0,NA,0.011464235372841358,2850,13098,17943,0,0.6135257147915376,0.17870579382994733,1.0,0.4219580554750169,0.5780419445249831
17943,tW(CCA)K YDR147W,0.0,NA,0.011464235372841358,2850,13097,17944,0,0.6135552211501578,0.17871700006270771,1.0,0.4219258400180407,0.5780741599819593
17944,snR33 tW(CCA)G2,0.0,NA,0.011464235372841358,2850,13096,17945,0,0.6135847275087781,0.17872820770099085,1.0,0.4218936245610644,0.5781063754389356
17945,YLR098C tR(ACG)E,0.0,NA,0.011464235372841358,2850,13095,17946,0,0.6136142338673984,0.17873941674506114,1.0,0.42186140910408815,0.5781385908959119
17946,YHR036W snR191,0.0,NA,0.011464235372841358,2850,13094,17947,0,0.6136437402260188,0.17875062719518314,1.0,0.4218291936471119,0.5781708063528881
17947,tE(UUC)G3 YDL014W,0.0,NA,0.011464235372841358,2850,13093,17948,0,0.613673246584639,0.1787618390516214,1.0,0.4217969781901356,0.5782030218098644
17948,tI(UAU)D YHR077C,0.0,NA,0.011464235372841358,2850,13092,17949,0,0.6137027529432593,0.17877305231464058,1.0,0.4217647627331594,0.5782352372668407
17949,tR(UCU)G3 tQ(UUG)B,0.0,NA,0.011464235372841358,2850,13091,17950,0,0.6137322593018796,0.17878426698450536,1.0,0.4217325472761831,0.5782674527238169
17950,YJR110W snR83,0.0,NA,0.011464235372841358,2850,13090,17951,0,0.6137617656604999,0.17879548306148055,1.0,0.42170033181920685,0.5782996681807931
17951,SUC3 tS(AGA)H,0.0,NA,0.011464235372841358,2850,13089,17952,0,0.6137912720191201,0.17880670054583098,1.0,0.4216681163622306,0.5783318836377694
17952,YLR185W tL(UAA)K,0.0,NA,0.011464235372841358,2850,13088,17953,0,0.6138207783777404,0.17881791943782155,1.0,0.4216359009052543,0.5783640990947456
17953,YBR069C tI(AAU)B,0.0,NA,0.011464235372841358,2850,13087,17954,0,0.6138502847363607,0.17882913973771727,1.0,0.4216036854482781,0.5783963145517219
17954,YDR354W STA2,0.0,NA,0.011464235372841358,2850,13086,17955,0,0.6138797910949809,0.17884036144578314,1.0,0.42157146999130185,0.5784285300086982
17955,YGR036C tE(UUC)I,0.0,NA,0.011464235372841358,2850,13085,17956,0,0.6139092974536012,0.17885158456228428,1.0,0.42153925453432556,0.5784607454656744
17956,YGL071W tD(GUC)L1,0.0,NA,0.011464235372841358,2850,13084,17957,0,0.6139388038122215,0.1788628090874859,1.0,0.4215070390773493,0.5784929609226507
17957,tE(UUC)Q YLR307W,0.0,NA,0.011464235372841358,2850,13083,17958,0,0.6139683101708419,0.17887403502165317,1.0,0.42147482362037303,0.578525176379627
17958,tN(GUU)N2 YPL010W,0.0,NA,0.011464235372841358,2850,13082,17959,0,0.6139978165294621,0.17888526236505148,1.0,0.4214426081633968,0.5785573918366032
17959,YJL176C tV(AAC)E2,0.0,NA,0.011464235372841358,2850,13081,17960,0,0.6140273228880824,0.17889649111794614,1.0,0.42141039270642056,0.5785896072935794
17960,YHL009W-A YHR148W,0.0,NA,0.011464235372841358,2850,13080,17961,0,0.6140568292467027,0.17890772128060264,1.0,0.42137817724944426,0.5786218227505557
17961,YPL101W tD(GUC)G1,0.0,NA,0.011464235372841358,2850,13079,17962,0,0.614086335605323,0.17891895285328646,1.0,0.421345961792468,0.578654038207532
17962,MAL62 YPL069C,0.0,NA,0.011464235372841358,2850,13078,17963,0,0.6141158419639432,0.1789301858362632,1.0,0.4213137463354918,0.5786862536645082
17963,tK(CUU)E1 YHR183W,0.0,NA,0.011464235372841358,2850,13077,17964,0,0.6141453483225635,0.17894142022979845,1.0,0.4212815308785155,0.5787184691214845
17964,YOL013C tF(GAA)B,0.0,NA,0.011464235372841358,2850,13076,17965,0,0.6141748546811838,0.17895265603415797,1.0,0.42124931542153926,0.5787506845784608
17965,YNL041C SCH1,0.0,NA,0.011464235372841358,2850,13075,17966,0,0.614204361039804,0.17896389324960754,1.0,0.421217099964563,0.578782900035437
17966,snR63 tN(GUU)O2,0.0,NA,0.011464235372841358,2850,13074,17967,0,0.6142338673984243,0.17897513187641295,1.0,0.42118488450758673,0.5788151154924133
17967,tH(GUG)H YPL176C,0.0,NA,0.011464235372841358,2850,13073,17968,0,0.6142633737570447,0.17898637191484018,1.0,0.4211526690506105,0.5788473309493896
17968,tK(UUU)Q YBL040C,0.0,NA,0.011464235372841358,2850,13072,17969,0,0.614292880115665,0.17899761336515513,1.0,0.4211204535936342,0.5788795464063657
17969,tL(UAA)Q YER120W,0.0,NA,0.011464235372841358,2850,13071,17970,0,0.6143223864742852,0.17900885622762389,1.0,0.42108823813665797,0.578911761863342
17970,YGL048C tF(GAA)P1,0.0,NA,0.011464235372841358,2850,13070,17971,0,0.6143518928329055,0.17902010050251257,1.0,0.42105602267968173,0.5789439773203183
17971,PDR7 YGL027C,0.0,NA,0.011464235372841358,2850,13069,17972,0,0.6143813991915258,0.17903134619008731,1.0,0.42102380722270544,0.5789761927772945
17972,YDR055W tW(CCA)K,0.0,NA,0.011464235372841358,2850,13068,17973,0,0.6144109055501461,0.1790425932906144,1.0,0.4209915917657292,0.5790084082342708
17973,YAL036C tF(GAA)P1,0.0,NA,0.011464235372841358,2850,13067,17974,0,0.6144404119087663,0.17905384180436013,1.0,0.42095937630875296,0.5790406236912471
17974,tD(GUC)O YMR306W,0.0,NA,0.011464235372841358,2850,13066,17975,0,0.6144699182673866,0.17906509173159085,1.0,0.42092716085177667,0.5790728391482233
17975,tL(UAA)B1 SME2,0.0,NA,0.011464235372841358,2850,13065,17976,0,0.6144994246260069,0.17907634307257306,1.0,0.42089494539480043,0.5791050546051996
17976,YDL127W tT(AGU)O1,0.0,NA,0.011464235372841358,2850,13064,17977,0,0.6145289309846272,0.1790875958275732,1.0,0.42086272993782414,0.5791372700621759
17977,tF(GAA)N YCR065W,0.0,NA,0.011464235372841358,2850,13063,17978,0,0.6145584373432474,0.1790988499968579,1.0,0.4208305144808479,0.579169485519152
17978,YBL026W tK(UUU)P,0.0,NA,0.011464235372841358,2850,13062,17979,0,0.6145879437018678,0.17911010558069382,1.0,0.42079829902387167,0.5792017009761283
17979,YGL126W tV(AAC)G2,0.0,NA,0.011464235372841358,2850,13061,17980,0,0.6146174500604881,0.17912136257934763,1.0,0.4207660835668954,0.5792339164331046
17980,YBL055C tK(UUU)P,0.0,NA,0.011464235372841358,2850,13060,17981,0,0.6146469564191083,0.1791326209930861,1.0,0.42073386810991914,0.5792661318900809
17981,tW(CCA)G2 YDR522C,0.0,NA,0.011464235372841358,2850,13059,17982,0,0.6146764627777286,0.17914388082217614,1.0,0.4207016526529429,0.5792983473470571
17982,YLR299W OSR7,0.0,NA,0.011464235372841358,2850,13058,17983,0,0.6147059691363489,0.1791551420668846,1.0,0.4206694371959666,0.5793305628040334
17983,YNL129W tI(AAU)E1,0.0,NA,0.011464235372841358,2850,13057,17984,0,0.6147354754949692,0.17916640472747847,1.0,0.4206372217389904,0.5793627782610097
17984,tD(GUC)B YBR210W,0.0,NA,0.011464235372841358,2850,13056,17985,0,0.6147649818535894,0.1791776688042248,1.0,0.42060500628201414,0.5793949937179859
17985,YLR432W tD(GUC)L1,0.0,NA,0.011464235372841358,2850,13055,17986,0,0.6147944882122097,0.17918893429739075,1.0,0.42057279082503785,0.5794272091749622
17986,YOR360C tM(CAU)O1,0.0,NA,0.011464235372841358,2850,13054,17987,0,0.61482399457083,0.17920020120724345,1.0,0.4205405753680616,0.5794594246319384
17987,YKR008W tE(UUC)I,0.0,NA,0.011464235372841358,2850,13053,17988,0,0.6148535009294503,0.17921146953405018,1.0,0.4205083599110853,0.5794916400889146
17988,RDN58 YDR440W,0.0,NA,0.011464235372841358,2850,13052,17989,0,0.6148830072880705,0.17922273927807822,1.0,0.4204761444541091,0.5795238555458909
17989,GRD17 YBR200W,0.0,NA,0.011464235372841358,2850,13051,17990,0,0.6149125136466909,0.179234010439595,1.0,0.42044392899713284,0.5795560710028672
17990,YGL162W tW(CCA)M,0.0,NA,0.011464235372841358,2850,13050,17991,0,0.6149420200053112,0.1792452830188679,1.0,0.42041171354015655,0.5795882864598434
17991,tI(AAU)D tW(CCA)G1,0.0,NA,0.011464235372841358,2850,13049,17992,0,0.6149715263639314,0.17925655701616452,1.0,0.4203794980831803,0.5796205019168197
17992,YER132C tV(AAC)G2,0.0,NA,0.011464235372841358,2850,13048,17993,0,0.6150010327225517,0.17926783243175243,1.0,0.4203472826262041,0.579652717373796
17993,SME2 YAL051W,0.0,NA,0.011464235372841358,2850,13047,17994,0,0.615030539081172,0.17927910926589924,1.0,0.4203150671692278,0.5796849328307722
17994,YML113W tV(AAC)G2,0.0,NA,0.011464235372841358,2850,13046,17995,0,0.6150600454397923,0.17929038751887266,1.0,0.42028285171225155,0.5797171482877485
17995,tD(GUC)N YBR267W,0.0,NA,0.011464235372841358,2850,13045,17996,0,0.6150895517984125,0.17930166719094054,1.0,0.42025063625527526,0.5797493637447247
17996,tL(UAA)K YDL118W,0.0,NA,0.011464235372841358,2850,13044,17997,0,0.6151190581570328,0.1793129482823707,1.0,0.420218420798299,0.5797815792017009
17997,tL(UAA)B1 YDR378C,0.0,NA,0.011464235372841358,2850,13043,17998,0,0.6151485645156531,0.17932423079343107,1.0,0.4201862053413228,0.5798137946586772
17998,tT(UGU)Q1 YMR212C,0.0,NA,0.011464235372841358,2850,13042,17999,0,0.6151780708742735,0.17933551472438963,1.0,0.4201539898843465,0.5798460101156535
17999,tM(CAU)J3 tE(UUC)I,0.0,NA,0.011464235372841358,2850,13041,18000,0,0.6152075772328937,0.17934680007551443,1.0,0.42012177442737025,0.5798782255726298
18000,YDR160W tT(AGU)D,0.0,NA,0.011464235372841358,2850,13040,18001,0,0.615237083591514,0.17935808684707363,1.0,0.420089558970394,0.579910441029606
18001,URR3 YPL220W,0.0,NA,0.011464235372841358,2850,13039,18002,0,0.6152665899501343,0.1793693750393354,1.0,0.4200573435134177,0.5799426564865823
18002,YGL124C tK(UUU)O,0.0,NA,0.011464235372841358,2850,13038,18003,0,0.6152960963087546,0.17938066465256797,1.0,0.4200251280564415,0.5799748719435586
18003,YCR082W tL(CAA)C,0.0,NA,0.011464235372841358,2850,13037,18004,0,0.6153256026673748,0.17939195568703972,1.0,0.4199929125994652,0.5800070874005347
18004,YMR247C YML045W-A,0.0,NA,0.011464235372841358,2850,13036,18005,0,0.6153551090259951,0.179403248143019,1.0,0.41996069714248896,0.580039302857511
18005,YFL002W-B snR189,0.0,NA,0.011464235372841358,2850,13035,18006,0,0.6153846153846154,0.1794145420207743,1.0,0.4199284816855127,0.5800715183144873
18006,YOL054W tP(UGG)L,0.0,NA,0.011464235372841358,2850,13034,18007,0,0.6154141217432356,0.17942583732057416,1.0,0.41989626622853643,0.5801037337714635
18007,tI(UAU)D YHR072W-A,0.0,NA,0.011464235372841358,2850,13033,18008,0,0.6154436281018559,0.17943713404268716,1.0,0.4198640507715602,0.5801359492284398
18008,YBR274W OSR3,0.0,NA,0.011464235372841358,2850,13032,18009,0,0.6154731344604762,0.17944843218738193,1.0,0.41983183531458396,0.5801681646854161
18009,YBR081C snR82,0.0,NA,0.011464235372841358,2850,13031,18010,0,0.6155026408190966,0.17945973175492727,1.0,0.41979961985760766,0.5802003801423923
18010,tD(GUC)M GRD14,0.0,NA,0.011464235372841358,2850,13030,18011,0,0.6155321471777168,0.17947103274559195,1.0,0.4197674044006314,0.5802325955993686
18011,YHL009W-A YLR176C,0.0,NA,0.011464235372841358,2850,13029,18012,0,0.6155616535363371,0.17948233515964482,1.0,0.4197351889436552,0.5802648110563449
18012,YAR042W tS(GCU)F,0.0,NA,0.011464235372841358,2850,13028,18013,0,0.6155911598949574,0.17949363899735482,1.0,0.4197029734866789,0.580297026513321
18013,tR(ACG)D YMR045C,0.0,NA,0.011464235372841358,2850,13027,18014,0,0.6156206662535777,0.179504944258991,1.0,0.41967075802970266,0.5803292419702973
18014,tK(UUU)Q YOR353C,0.0,NA,0.011464235372841358,2850,13026,18015,0,0.6156501726121979,0.17951625094482238,1.0,0.41963854257272637,0.5803614574272736
18015,YMR042W tF(GAA)D,0.0,NA,0.011464235372841358,2850,13025,18016,0,0.6156796789708182,0.1795275590551181,1.0,0.41960632711575013,0.5803936728842498
18016,tE(UUC)G2 YNL127W,0.0,NA,0.011464235372841358,2850,13024,18017,0,0.6157091853294385,0.17953886859014742,1.0,0.4195741116587739,0.5804258883412261
18017,YLL050C snR82,0.0,NA,0.011464235372841358,2850,13023,18018,0,0.6157386916880587,0.17955017955017955,1.0,0.4195418962017976,0.5804581037982024
18018,tC(GCA)Q YPL266W,0.0,NA,0.011464235372841358,2850,13022,18019,0,0.615768198046679,0.17956149193548387,1.0,0.41950968074482137,0.5804903192551787
18019,tF(GAA)H2 YJL060W,0.0,NA,0.011464235372841358,2850,13021,18020,0,0.6157977044052994,0.17957280574632978,1.0,0.41947746528784513,0.5805225347121549
18020,MEL6 YML047C,0.0,NA,0.011464235372841358,2850,13020,18021,0,0.6158272107639197,0.17958412098298676,1.0,0.41944524983086884,0.5805547501691312
18021,tF(GAA)Q YOL011W,0.0,NA,0.011464235372841358,2850,13019,18022,0,0.6158567171225399,0.17959543764572436,1.0,0.4194130343738926,0.5805869656261075
18022,MAL22 YAL062W,0.0,NA,0.011464235372841358,2850,13018,18023,0,0.6158862234811602,0.1796067557348122,1.0,0.4193808189169163,0.5806191810830836
18023,YKR009C snR40,0.0,NA,0.011464235372841358,2850,13017,18024,0,0.6159157298397805,0.17961807525051995,1.0,0.4193486034599401,0.5806513965400599
18024,YCR028C tT(AGU)I1,0.0,NA,0.011464235372841358,2850,13016,18025,0,0.6159452361984008,0.17962939619311735,1.0,0.41931638800296384,0.5806836119970362
18025,YMR001C tR(UCU)G1,0.0,NA,0.011464235372841358,2850,13015,18026,0,0.615974742557021,0.17964071856287425,1.0,0.41928417254598754,0.5807158274540124
18026,YNL327W tN(GUU)P,0.0,NA,0.011464235372841358,2850,13014,18027,0,0.6160042489156413,0.17965204236006052,1.0,0.4192519570890113,0.5807480429109887
18027,YMR256C snR40,0.0,NA,0.011464235372841358,2850,13013,18028,0,0.6160337552742616,0.1796633675849461,1.0,0.41921974163203507,0.580780258367965
18028,YDR364C tF(GAA)H1,0.0,NA,0.011464235372841358,2850,13012,18029,0,0.6160632616328818,0.17967469423780102,1.0,0.4191875261750588,0.5808124738249412
18029,YDR210C-C OSR8,0.0,NA,0.011464235372841358,2850,13011,18030,0,0.6160927679915021,0.1796860223188954,1.0,0.41915531071808254,0.5808446892819175
18030,YDR281C SUC1,0.0,NA,0.011464235372841358,2850,13010,18031,0,0.6161222743501225,0.17969735182849936,1.0,0.4191230952611063,0.5808769047388938
18031,tD(GUC)N YGR134W,0.0,NA,0.011464235372841358,2850,13009,18032,0,0.6161517807087428,0.17970868276688315,1.0,0.41909087980413,0.5809091201958699
18032,tR(UCU)Q1 YBR030W,0.0,NA,0.011464235372841358,2850,13008,18033,0,0.616181287067363,0.17972001513431707,1.0,0.4190586643471538,0.5809413356528462
18033,YJL198W tW(CCA)G2,0.0,NA,0.011464235372841358,2850,13007,18034,0,0.6162107934259833,0.17973134893107146,1.0,0.4190264488901775,0.5809735511098225
18034,tM(CAU)P YHR018C,0.0,NA,0.011464235372841358,2850,13006,18035,0,0.6162402997846036,0.17974268415741676,1.0,0.41899423343320125,0.5810057665667987
18035,YFL034C-B YER159C-A,0.0,NA,0.011464235372841358,2850,13005,18036,0,0.6162698061432239,0.17975402081362346,1.0,0.418962017976225,0.581037982023775
18036,tS(CGA)C YOR090C,0.0,NA,0.011464235372841358,2850,13004,18037,0,0.6162993125018441,0.17976535889996215,1.0,0.4189298025192487,0.5810701974807513
18037,DBF1 YMR276W,0.0,NA,0.011464235372841358,2850,13003,18038,0,0.6163288188604644,0.17977669841670346,1.0,0.4188975870622725,0.5811024129377276
18038,YPL096C-A tD(GUC)L1,0.0,NA,0.011464235372841358,2850,13002,18039,0,0.6163583252190847,0.17978803936411808,1.0,0.41886537160529624,0.5811346283947038
18039,YCL052C tT(UGU)G1,0.0,NA,0.011464235372841358,2850,13001,18040,0,0.616387831577705,0.1797993817424768,1.0,0.41883315614831995,0.58116684385168
18040,YER104W MEL7,0.0,NA,0.011464235372841358,2850,13000,18041,0,0.6164173379363252,0.17981072555205047,1.0,0.4188009406913437,0.5811990593086563
18041,YNL297C TER1,0.0,NA,0.011464235372841358,2850,12999,18042,0,0.6164468442949456,0.17982207079310997,1.0,0.4187687252343674,0.5812312747656325
18042,GRD10 YPL223C,0.0,NA,0.011464235372841358,2850,12998,18043,0,0.6164763506535659,0.1798334174659263,1.0,0.4187365097773912,0.5812634902226088
18043,SUC3 YPL029W,0.0,NA,0.011464235372841358,2850,12997,18044,0,0.6165058570121861,0.1798447655707705,1.0,0.41870429432041495,0.5812957056795851
18044,tH(GUG)G1 YMR231W,0.0,NA,0.011464235372841358,2850,12996,18045,0,0.6165353633708064,0.17985611510791366,1.0,0.41867207886343866,0.5813279211365613
18045,YLR212C tW(CCA)G2,0.0,NA,0.011464235372841358,2850,12995,18046,0,0.6165648697294267,0.17986746607762702,1.0,0.4186398634064624,0.5813601365935376
18046,SME2 YHR098C,0.0,NA,0.011464235372841358,2850,12994,18047,0,0.616594376088047,0.17987881848018178,1.0,0.4186076479494862,0.5813923520505139
18047,tM(CAU)Q2 YJL050W,0.0,NA,0.011464235372841358,2850,12993,18048,0,0.6166238824466672,0.17989017231584928,1.0,0.4185754324925099,0.58142456750749
18048,snR18 YLR459W,0.0,NA,0.011464235372841358,2850,12992,18049,0,0.6166533888052875,0.17990152758490088,1.0,0.41854321703553365,0.5814567829644663
18049,YDL135C tF(GAA)H2,0.0,NA,0.011464235372841358,2850,12991,18050,0,0.6166828951639078,0.1799128842876081,1.0,0.4185110015785574,0.5814889984214426
18050,URR3 YDL105W,0.0,NA,0.011464235372841358,2850,12990,18051,0,0.6167124015225282,0.17992424242424243,1.0,0.4184787861215811,0.5815212138784188
18051,tR(UCU)G1 YER011W,0.0,NA,0.011464235372841358,2850,12989,18052,0,0.6167419078811484,0.17993560199507544,1.0,0.4184465706646049,0.5815534293353951
18052,YDL093W tD(GUC)G1,0.0,NA,0.011464235372841358,2850,12988,18053,0,0.6167714142397687,0.17994696300037882,1.0,0.4184143552076286,0.5815856447923714
18053,YER164W tT(AGU)B,0.0,NA,0.011464235372841358,2850,12987,18054,0,0.616800920598389,0.1799583254404243,1.0,0.41838213975065236,0.5816178602493476
18054,MAL23 YBR233W-A,0.0,NA,0.011464235372841358,2850,12986,18055,0,0.6168304269570092,0.1799696893154837,1.0,0.4183499242936761,0.5816500757063239
18055,tA(AGC)G YMR322C,0.0,NA,0.011464235372841358,2850,12985,18056,0,0.6168599333156295,0.17998105462582886,1.0,0.41831770883669983,0.5816822911633002
18056,snR18 YMR116C,0.0,NA,0.011464235372841358,2850,12984,18057,0,0.6168894396742498,0.17999242137173171,1.0,0.4182854933797236,0.5817145066202765
18057,tC(GCA)G YGR277C,0.0,NA,0.011464235372841358,2850,12983,18058,0,0.6169189460328701,0.18000378955346427,1.0,0.41825327792274736,0.5817467220772526
18058,YLR157C-A YCL035C,0.0,NA,0.011464235372841358,2850,12982,18059,0,0.6169484523914903,0.18001515917129862,1.0,0.41822106246577107,0.5817789375342289
18059,YDL239C tR(UCU)G1,0.0,NA,0.011464235372841358,2850,12981,18060,0,0.6169779587501106,0.1800265302255069,1.0,0.41818884700879483,0.5818111529912052
18060,tG(GCC)F1 YMR182C,0.0,NA,0.011464235372841358,2850,12980,18061,0,0.617007465108731,0.18003790271636133,1.0,0.41815663155181854,0.5818433684481814
18061,tL(UAA)K snR19,0.0,NA,0.011464235372841358,2850,12979,18062,0,0.6170369714673513,0.18004927664413417,1.0,0.4181244160948423,0.5818755839051577
18062,tH(GUG)G1 YER146W,0.0,NA,0.011464235372841358,2850,12978,18063,0,0.6170664778259715,0.1800606520090978,1.0,0.41809220063786606,0.581907799362134
18063,YIL071C tW(UCA)Q,0.0,NA,0.011464235372841358,2850,12977,18064,0,0.6170959841845918,0.18007202881152462,1.0,0.41805998518088977,0.5819400148191102
18064,YLL019C tK(CUU)C,0.0,NA,0.011464235372841358,2850,12976,18065,0,0.6171254905432121,0.1800834070516871,1.0,0.41802776972391353,0.5819722302760865
18065,YDR181C tS(AGA)H,0.0,NA,0.011464235372841358,2850,12975,18066,0,0.6171549969018324,0.18009478672985782,1.0,0.4179955542669373,0.5820044457330628
18066,YDR006C tG(UCC)Q,0.0,NA,0.011464235372841358,2850,12974,18067,0,0.6171845032604526,0.1801061678463094,1.0,0.417963338809961,0.5820366611900389
18067,YLR449W tP(UGG)L,0.0,NA,0.011464235372841358,2850,12973,18068,0,0.6172140096190729,0.18011755040131455,1.0,0.41793112335298477,0.5820688766470152
18068,tP(UGG)Q YHR072W-A,0.0,NA,0.011464235372841358,2850,12972,18069,0,0.6172435159776932,0.180128934395146,1.0,0.41789890789600853,0.5821010921039915
18069,YBR095C tY(GUA)M2,0.0,NA,0.011464235372841358,2850,12971,18070,0,0.6172730223363134,0.1801403198280766,1.0,0.41786669243903224,0.5821333075609677
18070,tL(UAG)J YMR006C,0.0,NA,0.011464235372841358,2850,12970,18071,0,0.6173025286949337,0.18015170670037928,1.0,0.417834476982056,0.582165523017944
18071,tY(GUA)J1 YOR080W,0.0,NA,0.011464235372841358,2850,12969,18072,0,0.617332035053554,0.18016309501232694,1.0,0.4178022615250797,0.5821977384749203
18072,snR87 YPL135W,0.0,NA,0.011464235372841358,2850,12968,18073,0,0.6173615414121744,0.1801744847641927,1.0,0.4177700460681035,0.5822299539318965
18073,MEL10 YGL096W,0.0,NA,0.011464235372841358,2850,12967,18074,0,0.6173910477707946,0.1801858759562496,1.0,0.41773783061112724,0.5822621693888728
18074,tM(CAU)O2 YBR154C,0.0,NA,0.011464235372841358,2850,12966,18075,0,0.6174205541294149,0.18019726858877086,1.0,0.41770561515415094,0.5822943848458491
18075,YKR079C tP(UGG)M,0.0,NA,0.011464235372841358,2850,12965,18076,0,0.6174500604880352,0.18020866266202973,1.0,0.4176733996971747,0.5823266003028253
18076,YPL241C OSR10,0.0,NA,0.011464235372841358,2850,12964,18077,0,0.6174795668466555,0.1802200581762995,1.0,0.41764118424019847,0.5823588157598015
18077,tK(CUU)D2 tW(CCA)K,0.0,NA,0.011464235372841358,2850,12963,18078,0,0.6175090732052757,0.18023145513185354,1.0,0.4176089687832222,0.5823910312167778
18078,YBR009C snR40,0.0,NA,0.011464235372841358,2850,12962,18079,0,0.617538579563896,0.18024285352896535,1.0,0.41757675332624594,0.5824232466737541
18079,tY(GUA)M1 YCR047C,0.0,NA,0.011464235372841358,2850,12961,18080,0,0.6175680859225163,0.18025425336790843,1.0,0.41754453786926965,0.5824554621307303
18080,tA(UGC)Q YPL180W,0.0,NA,0.011464235372841358,2850,12960,18081,0,0.6175975922811365,0.18026565464895636,1.0,0.4175123224122934,0.5824876775877066
18081,tH(GUG)E2 tH(GUG)K,0.0,NA,0.011464235372841358,2850,12959,18082,0,0.6176270986397568,0.1802770573723828,1.0,0.4174801069553172,0.5825198930446829
18082,YLR006C tM(CAU)O1,0.0,NA,0.011464235372841358,2850,12958,18083,0,0.6176566049983772,0.18028846153846154,1.0,0.4174478914983409,0.5825521085016591
18083,tE(UUC)I YNL162W,0.0,NA,0.011464235372841358,2850,12957,18084,0,0.6176861113569975,0.18029986714746632,1.0,0.41741567604136465,0.5825843239586354
18084,tH(GUG)Q YMR143W,0.0,NA,0.011464235372841358,2850,12956,18085,0,0.6177156177156177,0.18031127419967102,1.0,0.4173834605843884,0.5826165394156116
18085,YJL106W tV(AAC)E2,0.0,NA,0.011464235372841358,2850,12955,18086,0,0.617745124074238,0.18032268269534957,1.0,0.4173512451274121,0.5826487548725878
18086,YER078C tA(AGC)H,0.0,NA,0.011464235372841358,2850,12954,18087,0,0.6177746304328583,0.180334092634776,1.0,0.4173190296704359,0.5826809703295641
18087,tR(ACG)E YIL162W,0.0,NA,0.011464235372841358,2850,12953,18088,0,0.6178041367914786,0.18034550401822438,1.0,0.41728681421345964,0.5827131857865404
18088,tN(GUU)G YPL212C,0.0,NA,0.011464235372841358,2850,12952,18089,0,0.6178336431500988,0.18035691684596886,1.0,0.41725459875648335,0.5827454012435166
18089,YHR186C STA2,0.0,NA,0.011464235372841358,2850,12951,18090,0,0.6178631495087191,0.18036833111828365,1.0,0.4172223832995071,0.5827776167004929
18090,RDN58 YMR179W,0.0,NA,0.011464235372841358,2850,12950,18091,0,0.6178926558673394,0.18037974683544303,1.0,0.4171901678425308,0.5828098321574692
18091,tN(GUU)F YPL036W,0.0,NA,0.011464235372841358,2850,12949,18092,0,0.6179221622259597,0.18039116399772137,1.0,0.4171579523855546,0.5828420476144454
18092,OSR8 tM(CAU)P,0.0,NA,0.011464235372841358,2850,12948,18093,0,0.61795166858458,0.18040258260539307,1.0,0.41712573692857835,0.5828742630714216
18093,GRD17 YOL103W-A,0.0,NA,0.011464235372841358,2850,12947,18094,0,0.6179811749432003,0.18041400265873267,1.0,0.41709352147160206,0.5829064785283979
18094,tS(CGA)C YBL084C,0.0,NA,0.011464235372841358,2850,12946,18095,0,0.6180106813018206,0.18042542415801469,1.0,0.4170613060146258,0.5829386939853742
18095,tR(ACG)E YOR339C,0.0,NA,0.011464235372841358,2850,12945,18096,0,0.6180401876604408,0.18043684710351376,1.0,0.4170290905576496,0.5829709094423504
18096,tI(AAU)I1 YBL004W,0.0,NA,0.011464235372841358,2850,12944,18097,0,0.6180696940190611,0.18044827149550463,1.0,0.4169968751006733,0.5830031248993267
18097,YBR111W-A tF(GAA)B,0.0,NA,0.011464235372841358,2850,12943,18098,0,0.6180992003776814,0.180459697334262,1.0,0.41696465964369706,0.583035340356303
18098,YNL248C tT(AGU)B,0.0,NA,0.011464235372841358,2850,12942,18099,0,0.6181287067363017,0.1804711246200608,1.0,0.41693244418672076,0.5830675558132792
18099,YGL137W tI(AAU)I2,0.0,NA,0.011464235372841358,2850,12941,18100,0,0.6181582130949219,0.18048255335317587,1.0,0.4169002287297445,0.5830997712702555
18100,tK(UUU)O YHR144C,0.0,NA,0.011464235372841358,2850,12940,18101,0,0.6181877194535422,0.1804939835338822,1.0,0.4168680132727683,0.5831319867272318
18101,snR51 YDR210W-B,0.0,NA,0.011464235372841358,2850,12939,18102,0,0.6182172258121625,0.18050541516245489,1.0,0.416835797815792,0.583164202184208
18102,tR(UCU)G1 YPR111W,0.0,NA,0.011464235372841358,2850,12938,18103,0,0.6182467321707829,0.180516848239169,1.0,0.41680358235881576,0.5831964176411842
18103,YBR126C tT(UGU)H,0.0,NA,0.011464235372841358,2850,12937,18104,0,0.618276238529403,0.18052828276429975,1.0,0.4167713669018395,0.5832286330981605
18104,tW(CCA)M tS(AGA)L,0.0,NA,0.011464235372841358,2850,12936,18105,0,0.6183057448880234,0.18053971873812238,1.0,0.41673915144486323,0.5832608485551367
18105,tK(CUU)D1 YJL092W,0.0,NA,0.011464235372841358,2850,12935,18106,0,0.6183352512466437,0.18055115616091225,1.0,0.416706935987887,0.583293064012113
18106,YGL191W tV(AAC)L,0.0,NA,0.011464235372841358,2850,12934,18107,0,0.6183647576052639,0.18056259503294475,1.0,0.41667472053091076,0.5833252794690893
18107,YFR019W RRP2,0.0,NA,0.011464235372841358,2850,12933,18108,0,0.6183942639638842,0.18057403535449534,1.0,0.41664250507393447,0.5833574949260655
18108,YDL074C tK(UUU)L,0.0,NA,0.011464235372841358,2850,12932,18109,0,0.6184237703225045,0.18058547712583956,1.0,0.41661028961695823,0.5833897103830418
18109,tT(AGU)D OSR7,0.0,NA,0.011464235372841358,2850,12931,18110,0,0.6184532766811248,0.18059692034725303,1.0,0.41657807415998194,0.5834219258400181
18110,GRD3 YDR155C,0.0,NA,0.011464235372841358,2850,12930,18111,0,0.618482783039745,0.1806083650190114,1.0,0.4165458587030057,0.5834541412969942
18111,YER015W YER137C-A,0.0,NA,0.011464235372841358,2850,12929,18112,0,0.6185122893983653,0.18061981114139045,1.0,0.41651364324602946,0.5834863567539705
18112,YGL045W tW(UCA)Q,0.0,NA,0.011464235372841358,2850,12928,18113,0,0.6185417957569856,0.18063125871466598,1.0,0.41648142778905317,0.5835185722109468
18113,YLR087C tD(GUC)J4,0.0,NA,0.011464235372841358,2850,12927,18114,0,0.618571302115606,0.1806427077391139,1.0,0.41644921233207693,0.5835507876679231
18114,tK(UUU)D YHR161C,0.0,NA,0.011464235372841358,2850,12926,18115,0,0.6186008084742262,0.18065415821501013,1.0,0.4164169968751007,0.5835830031248993
18115,tF(GAA)Q YEL059C-A,0.0,NA,0.011464235372841358,2850,12925,18116,0,0.6186303148328465,0.18066561014263074,1.0,0.4163847814181244,0.5836152185818756
18116,tY(GUA)M1 YPL257W-B,0.0,NA,0.011464235372841358,2850,12924,18117,0,0.6186598211914668,0.1806770635222518,1.0,0.41635256596114817,0.5836474340388519
18117,YOR115C tK(CUU)E1,0.0,NA,0.011464235372841358,2850,12923,18118,0,0.6186893275500871,0.1806885183541495,1.0,0.4163203505041719,0.5836796494958281
18118,YKR034W tI(UAU)D,0.0,NA,0.011464235372841358,2850,12922,18119,0,0.6187188339087073,0.18069997463860005,1.0,0.41628813504719564,0.5837118649528044
18119,tD(GUC)O tN(GUU)O1,0.0,NA,0.011464235372841358,2850,12921,18120,0,0.6187483402673276,0.18071143237587978,1.0,0.4162559195902194,0.5837440804097807
18120,YAR010C tM(CAU)J2,0.0,NA,0.011464235372841358,2850,12920,18121,0,0.6187778466259479,0.18072289156626506,1.0,0.4162237041332431,0.5837762958667568
18121,YKR019C AUT6,0.0,NA,0.011464235372841358,2850,12919,18122,0,0.6188073529845681,0.18073435221003234,1.0,0.4161914886762669,0.5838085113237331
18122,YAL036C tH(GUG)G2,0.0,NA,0.011464235372841358,2850,12918,18123,0,0.6188368593431884,0.18074581430745815,1.0,0.41615927321929064,0.5838407267807094
18123,YLR455W tK(CUU)C,0.0,NA,0.011464235372841358,2850,12917,18124,0,0.6188663657018088,0.18075727785881907,1.0,0.41612705776231435,0.5838729422376856
18124,YOR281C tM(CAU)P,0.0,NA,0.011464235372841358,2850,12916,18125,0,0.6188958720604291,0.18076874286439173,1.0,0.4160948423053381,0.5839051576946619
18125,tM(CAU)D YHL039W,0.0,NA,0.011464235372841358,2850,12915,18126,0,0.6189253784190493,0.1807802093244529,1.0,0.41606262684836187,0.5839373731516382
18126,tG(UCC)Q YDR316W-A,0.0,NA,0.011464235372841358,2850,12914,18127,0,0.6189548847776696,0.18079167723927936,1.0,0.4160304113913856,0.5839695886086144
18127,tK(CUU)G2 tG(GCC)D2,0.0,NA,0.011464235372841358,2850,12913,18128,0,0.6189843911362899,0.180803146609148,1.0,0.41599819593440934,0.5840018040655907
18128,tP(UGG)F YPL020C,0.0,NA,0.011464235372841358,2850,12912,18129,0,0.6190138974949102,0.18081461743433574,1.0,0.41596598047743305,0.584034019522567
18129,GRD17 YOL163W,0.0,NA,0.011464235372841358,2850,12911,18130,0,0.6190434038535304,0.1808260897151196,1.0,0.4159337650204568,0.5840662349795431
18130,tF(GAA)D YLR246W,0.0,NA,0.011464235372841358,2850,12910,18131,0,0.6190729102121507,0.18083756345177665,1.0,0.4159015495634806,0.5840984504365194
18131,snR7-S YHL038C,0.0,NA,0.011464235372841358,2850,12909,18132,0,0.619102416570771,0.18084903864458404,1.0,0.4158693341065043,0.5841306658934957
18132,YLR256W tF(GAA)D,0.0,NA,0.011464235372841358,2850,12908,18133,0,0.6191319229293912,0.18086051529381902,1.0,0.41583711864952805,0.584162881350472
18133,tL(CAA)C YGR247W,0.0,NA,0.011464235372841358,2850,12907,18134,0,0.6191614292880115,0.18087199339975885,1.0,0.4158049031925518,0.5841950968074482
18134,tD(GUC)B YKR014C,0.0,NA,0.011464235372841358,2850,12906,18135,0,0.6191909356466319,0.1808834729626809,1.0,0.4157726877355755,0.5842273122644245
18135,tR(UCU)G2 YCR037C,0.0,NA,0.011464235372841358,2850,12905,18136,0,0.6192204420052522,0.1808949539828626,1.0,0.4157404722785993,0.5842595277214008
18136,tK(CUU)D1 YOR247W,0.0,NA,0.011464235372841358,2850,12904,18137,0,0.6192499483638724,0.18090643646058144,1.0,0.415708256821623,0.584291743178377
18137,YFR024C-A tE(UUC)E3,0.0,NA,0.011464235372841358,2850,12903,18138,0,0.6192794547224927,0.18091792039611504,1.0,0.41567604136464675,0.5843239586353532
18138,YMR011W tK(CUU)E1,0.0,NA,0.011464235372841358,2850,12902,18139,0,0.619308961081113,0.18092940578974098,1.0,0.4156438259076705,0.5843561740923295
18139,YPR133C tE(CUC)I,0.0,NA,0.011464235372841358,2850,12901,18140,0,0.6193384674397333,0.18094089264173704,1.0,0.4156116104506942,0.5843883895493057
18140,YMR250W tM(CAU)D,0.0,NA,0.011464235372841358,2850,12900,18141,0,0.6193679737983535,0.18095238095238095,1.0,0.415579394993718,0.584420605006282
18141,YIL133C tL(UAG)L2,0.0,NA,0.011464235372841358,2850,12899,18142,0,0.6193974801569738,0.1809638707219506,1.0,0.41554717953674175,0.5844528204632583
18142,tY(GUA)O YLR139C,0.0,NA,0.011464235372841358,2850,12898,18143,0,0.6194269865155941,0.1809753619507239,1.0,0.41551496407976546,0.5844850359202345
18143,YER022W snR84,0.0,NA,0.011464235372841358,2850,12897,18144,0,0.6194564928742144,0.18098685463897884,1.0,0.4154827486227892,0.5845172513772108
18144,YJR102C tI(AAU)G,0.0,NA,0.011464235372841358,2850,12896,18145,0,0.6194859992328346,0.18099834878699353,1.0,0.41545053316581293,0.5845494668341871
18145,YFL002W-B snR87,0.0,NA,0.011464235372841358,2850,12895,18146,0,0.619515505591455,0.18100984439504605,1.0,0.4154183177088367,0.5845816822911633
18146,tR(UCU)Q1 YGL167C,0.0,NA,0.011464235372841358,2850,12894,18147,0,0.6195450119500753,0.18102134146341464,1.0,0.41538610225186046,0.5846138977481395
18147,YKR097W tS(AGA)H,0.0,NA,0.011464235372841358,2850,12893,18148,0,0.6195745183086955,0.18103283999237757,1.0,0.41535388679488416,0.5846461132051158
18148,snR84 YER069W,0.0,NA,0.011464235372841358,2850,12892,18149,0,0.6196040246673158,0.1810443399822132,1.0,0.4153216713379079,0.584678328662092
18149,YGL048C GRD5,0.0,NA,0.011464235372841358,2850,12891,18150,0,0.6196335310259361,0.18105584143319992,1.0,0.4152894558809317,0.5847105441190683
18150,tF(GAA)N YGR105W,0.0,NA,0.011464235372841358,2850,12890,18151,0,0.6196630373845564,0.18106734434561628,1.0,0.4152572404239554,0.5847427595760446
18151,YJR012C tF(GAA)H2,0.0,NA,0.011464235372841358,2850,12889,18152,0,0.6196925437431766,0.18107884871974078,1.0,0.41522502496697916,0.5847749750330209
18152,URR3 YHR152W,0.0,NA,0.011464235372841358,2850,12888,18153,0,0.6197220501017969,0.18109035455585207,1.0,0.4151928095100029,0.5848071904899971
18153,YPL023C tM(CAU)J2,0.0,NA,0.011464235372841358,2850,12887,18154,0,0.6197515564604172,0.18110186185422888,1.0,0.41516059405302663,0.5848394059469734
18154,tF(GAA)N YDR523C,0.0,NA,0.011464235372841358,2850,12886,18155,0,0.6197810628190376,0.18111337061514998,1.0,0.4151283785960504,0.5848716214039497
18155,YJR076C tS(AGA)H,0.0,NA,0.011464235372841358,2850,12885,18156,0,0.6198105691776578,0.1811248808388942,1.0,0.4150961631390741,0.5849038368609258
18156,snR191 YBR237W,0.0,NA,0.011464235372841358,2850,12884,18157,0,0.6198400755362781,0.18113639252574043,1.0,0.41506394768209787,0.5849360523179021
18157,YOR133W tM(CAU)J2,0.0,NA,0.011464235372841358,2850,12883,18158,0,0.6198695818948984,0.18114790567596772,1.0,0.41503173222512163,0.5849682677748784
18158,YDL125C tL(CAA)C,0.0,NA,0.011464235372841358,2850,12882,18159,0,0.6198990882535186,0.18115942028985507,1.0,0.41499951676814534,0.5850004832318546
18159,YER083C OSR10,0.0,NA,0.011464235372841358,2850,12881,18160,0,0.6199285946121389,0.18117093636768164,1.0,0.4149673013111691,0.5850326986888309
18160,YOR064C tV(AAC)L,0.0,NA,0.011464235372841358,2850,12880,18161,0,0.6199581009707592,0.18118245390972665,1.0,0.41493508585419286,0.5850649141458072
18161,tD(GUC)G2 YLR074C,0.0,NA,0.011464235372841358,2850,12879,18162,0,0.6199876073293795,0.18119397291626932,1.0,0.41490287039721657,0.5850971296027834
18162,GRD3 tR(ACG)D,0.0,NA,0.011464235372841358,2850,12878,18163,0,0.6200171136879997,0.181205493387589,1.0,0.41487065494024034,0.5851293450597597
18163,YMR272C tH(GUG)E2,0.0,NA,0.011464235372841358,2850,12877,18164,0,0.62004662004662,0.18121701532396517,1.0,0.41483843948326404,0.585161560516736
18164,tV(AAC)E1 YCR094W,0.0,NA,0.011464235372841358,2850,12876,18165,0,0.6200761264052403,0.18122853872567724,1.0,0.4148062240262878,0.5851937759737121
18165,Q0275 tM(CAU)J3,0.0,NA,0.011464235372841358,2850,12875,18166,0,0.6201056327638607,0.18124006359300476,1.0,0.41477400856931157,0.5852259914306884
18166,YFL002W-A tP(UGG)O3,0.0,NA,0.011464235372841358,2850,12874,18167,0,0.6201351391224809,0.18125158992622742,1.0,0.4147417931123353,0.5852582068876647
18167,YGL008C tC(GCA)G,0.0,NA,0.011464235372841358,2850,12873,18168,0,0.6201646454811012,0.18126311772562487,1.0,0.41470957765535904,0.5852904223446409
18168,snR7-S YDR072C,0.0,NA,0.011464235372841358,2850,12872,18169,0,0.6201941518397215,0.1812746469914769,1.0,0.4146773621983828,0.5853226378016172
18169,tD(GUC)I1 YDL171C,0.0,NA,0.011464235372841358,2850,12871,18170,0,0.6202236581983417,0.18128617772406336,1.0,0.4146451467414065,0.5853548532585935
18170,tK(CUU)C YML045W,0.0,NA,0.011464235372841358,2850,12870,18171,0,0.620253164556962,0.18129770992366412,1.0,0.4146129312844303,0.5853870687155698
18171,YJL071W snR40,0.0,NA,0.011464235372841358,2850,12869,18172,0,0.6202826709155823,0.1813092435905592,1.0,0.41458071582745404,0.585419284172546
18172,YHL009W-A YER129W,0.0,NA,0.011464235372841358,2850,12868,18173,0,0.6203121772742026,0.18132077872502864,1.0,0.41454850037047775,0.5854514996295223
18173,YBL027W tG(GCC)F2,0.0,NA,0.011464235372841358,2850,12867,18174,0,0.6203416836328228,0.18133231532735256,1.0,0.4145162849135015,0.5854837150864985
18174,YPR137W MEL10,0.0,NA,0.011464235372841358,2850,12866,18175,0,0.6203711899914431,0.18134385339781114,1.0,0.4144840694565252,0.5855159305434747
18175,snR49 YLL035W,0.0,NA,0.011464235372841358,2850,12865,18176,0,0.6204006963500635,0.1813553929366847,1.0,0.414451853999549,0.585548146000451
18176,tR(ACG)Q2 YJL004C,0.0,NA,0.011464235372841358,2850,12864,18177,0,0.6204302027086838,0.18136693394425354,1.0,0.41441963854257274,0.5855803614574273
18177,YGR255C tK(CUU)G3,0.0,NA,0.011464235372841358,2850,12863,18178,0,0.620459709067304,0.18137847642079807,1.0,0.41438742308559645,0.5856125769144035
18178,snR85 YPL223C,0.0,NA,0.011464235372841358,2850,12862,18179,0,0.6204892154259243,0.18139002036659876,1.0,0.4143552076286202,0.5856447923713798
18179,YDR368W tN(GUU)O1,0.0,NA,0.011464235372841358,2850,12861,18180,0,0.6205187217845446,0.18140156578193622,1.0,0.414322992171644,0.5856770078283561
18180,YBL001C BIO6,0.0,NA,0.011464235372841358,2850,12860,18181,0,0.6205482281431649,0.18141311266709104,1.0,0.4142907767146677,0.5857092232853323
18181,YLR157C-A YAL031C,0.0,NA,0.011464235372841358,2850,12859,18182,0,0.6205777345017851,0.1814246610223439,1.0,0.41425856125769145,0.5857414387423086
18182,tD(GUC)O YNL101W,0.0,NA,0.011464235372841358,2850,12858,18183,0,0.6206072408604054,0.18143621084797557,1.0,0.41422634580071516,0.5857736541992848
18183,YBR154C tF(GAA)H1,0.0,NA,0.011464235372841358,2850,12857,18184,0,0.6206367472190257,0.1814477621442669,1.0,0.4141941303437389,0.585805869656261
18184,YBR275C OSR9,0.0,NA,0.011464235372841358,2850,12856,18185,0,0.6206662535776459,0.1814593149114988,1.0,0.4141619148867627,0.5858380851132373
18185,YER190W tG(GCC)O1,0.0,NA,0.011464235372841358,2850,12855,18186,0,0.6206957599362662,0.18147086914995225,1.0,0.4141296994297864,0.5858703005702136
18186,tD(GUC)N YGL243W,0.0,NA,0.011464235372841358,2850,12854,18187,0,0.6207252662948866,0.18148242485990831,1.0,0.41409748397281015,0.5859025160271898
18187,tI(AAU)I1 YJR005W,0.0,NA,0.011464235372841358,2850,12853,18188,0,0.6207547726535069,0.1814939820416481,1.0,0.4140652685158339,0.5859347314841661
18188,snR46 YBR012W-B,0.0,NA,0.011464235372841358,2850,12852,18189,0,0.6207842790121271,0.1815055406954528,1.0,0.4140330530588576,0.5859669469411424
18189,YLR035C tN(GUU)P,0.0,NA,0.011464235372841358,2850,12851,18190,0,0.6208137853707474,0.18151710082160372,1.0,0.4140008376018814,0.5859991623981187
18190,tG(UCC)G YOL115W,0.0,NA,0.011464235372841358,2850,12850,18191,0,0.6208432917293677,0.18152866242038215,1.0,0.41396862214490515,0.5860313778550948
18191,YLR442C YPR036W-A,0.0,NA,0.011464235372841358,2850,12849,18192,0,0.620872798087988,0.18154022549206955,1.0,0.41393640668792886,0.5860635933120711
18192,YMR256C tK(CUU)F,0.0,NA,0.011464235372841358,2850,12848,18193,0,0.6209023044466082,0.18155179003694738,1.0,0.4139041912309526,0.5860958087690474
18193,YOR373W tK(CUU)G2,0.0,NA,0.011464235372841358,2850,12847,18194,0,0.6209318108052285,0.1815633560552972,1.0,0.41387197577397633,0.5861280242260236
18194,SUC5 YGR204W,0.0,NA,0.011464235372841358,2850,12846,18195,0,0.6209613171638488,0.18157492354740062,1.0,0.4138397603170001,0.5861602396829999
18195,YPL094C tK(CUU)D2,0.0,NA,0.011464235372841358,2850,12845,18196,0,0.620990823522469,0.18158649251353934,1.0,0.41380754486002386,0.5861924551399762
18196,YLR194C YKR095W-A,0.0,NA,0.011464235372841358,2850,12844,18197,0,0.6210203298810894,0.18159806295399517,1.0,0.41377532940304756,0.5862246705969524
18197,tR(ACG)E YPR046W,0.0,NA,0.011464235372841358,2850,12843,18198,0,0.6210498362397097,0.1816096348690499,1.0,0.41374311394607133,0.5862568860539287
18198,YPR036W-A YHL002W,0.0,NA,0.011464235372841358,2850,12842,18199,0,0.62107934259833,0.18162120825898548,1.0,0.4137108984890951,0.586289101510905
18199,tK(CUU)G2 YPL160W,0.0,NA,0.011464235372841358,2850,12841,18200,0,0.6211088489569502,0.18163278312408387,1.0,0.4136786830321188,0.5863213169678811
18200,YLR210W tK(UUU)L,0.0,NA,0.011464235372841358,2850,12840,18201,0,0.6211383553155705,0.18164435946462715,1.0,0.41364646757514256,0.5863535324248574
18201,tA(UGC)Q YGL091C,0.0,NA,0.011464235372841358,2850,12839,18202,0,0.6211678616741908,0.18165593728089743,1.0,0.41361425211816627,0.5863857478818337
18202,YOR307C snR7-S,0.0,NA,0.011464235372841358,2850,12838,18203,0,0.6211973680328111,0.18166751657317695,1.0,0.41358203666119003,0.5864179633388099
18203,tN(GUU)O2 YLR320W,0.0,NA,0.011464235372841358,2850,12837,18204,0,0.6212268743914313,0.18167909734174795,1.0,0.4135498212042138,0.5864501787957862
18204,YKL043W tK(UUU)P,0.0,NA,0.011464235372841358,2850,12836,18205,0,0.6212563807500516,0.18169067958689278,1.0,0.4135176057472375,0.5864823942527625
18205,YGR116W tA(AGC)F,0.0,NA,0.011464235372841358,2850,12835,18206,0,0.6212858871086719,0.18170226330889386,1.0,0.41348539029026127,0.5865146097097388
18206,tF(GAA)G YKL005C,0.0,NA,0.011464235372841358,2850,12834,18207,0,0.6213153934672923,0.18171384850803365,1.0,0.41345317483328503,0.586546825166715
18207,tD(GUC)B YDL209C,0.0,NA,0.011464235372841358,2850,12833,18208,0,0.6213448998259125,0.18172543518459477,1.0,0.41342095937630874,0.5865790406236913
18208,YGR170W tT(AGU)B,0.0,NA,0.011464235372841358,2850,12832,18209,0,0.6213744061845328,0.18173702333885983,1.0,0.4133887439193325,0.5866112560806676
18209,snR84 YHR200W,0.0,NA,0.011464235372841358,2850,12831,18210,0,0.6214039125431531,0.18174861297111153,1.0,0.41335652846235627,0.5866434715376437
18210,YHR010W tW(CCA)J,0.0,NA,0.011464235372841358,2850,12830,18211,0,0.6214334189017733,0.18176020408163265,1.0,0.41332431300538,0.58667568699462
18211,YDR210C-C tV(AAC)E2,0.0,NA,0.011464235372841358,2850,12829,18212,0,0.6214629252603936,0.18177179667070603,1.0,0.41329209754840374,0.5867079024515963
18212,YFL031W YLR157C-A,0.0,NA,0.011464235372841358,2850,12828,18213,0,0.6214924316190139,0.18178339073861463,1.0,0.41325988209142744,0.5867401179085725
18213,tS(GCU)O YJL178C,0.0,NA,0.011464235372841358,2850,12827,18214,0,0.6215219379776342,0.1817949862856414,1.0,0.4132276666344512,0.5867723333655488
18214,tD(GUC)B YLR178C,0.0,NA,0.011464235372841358,2850,12826,18215,0,0.6215514443362544,0.1818065833120694,1.0,0.41319545117747497,0.5868045488225251
18215,tM(CAU)Q2 YDR073W,0.0,NA,0.011464235372841358,2850,12825,18216,0,0.6215809506948747,0.18181818181818182,1.0,0.4131632357204987,0.5868367642795013
18216,YER122C MAL22,0.0,NA,0.011464235372841358,2850,12824,18217,0,0.621610457053495,0.18182978180426185,1.0,0.41313102026352244,0.5868689797364776
18217,tV(AAC)H YLR188W,0.0,NA,0.011464235372841358,2850,12823,18218,0,0.6216399634121154,0.18184138327059274,1.0,0.4130988048065462,0.5869011951934539
18218,YBR118W tV(AAC)H,0.0,NA,0.011464235372841358,2850,12822,18219,0,0.6216694697707356,0.18185298621745788,1.0,0.4130665893495699,0.58693341065043
18219,YNR075W tI(AAU)N1,0.0,NA,0.011464235372841358,2850,12821,18220,0,0.6216989761293559,0.1818645906451407,1.0,0.4130343738925937,0.5869656261074063
18220,YLR157C-B tD(GUC)D,0.0,NA,0.011464235372841358,2850,12820,18221,0,0.6217284824879762,0.1818761965539247,1.0,0.4130021584356174,0.5869978415643826
18221,OSR2 YFR037C,0.0,NA,0.011464235372841358,2850,12819,18222,0,0.6217579888465964,0.18188780394409343,1.0,0.41296994297864115,0.5870300570213588
18222,tI(AAU)I1 tN(GUU)N2,0.0,NA,0.011464235372841358,2850,12818,18223,0,0.6217874952052167,0.18189941281593056,1.0,0.4129377275216649,0.5870622724783351
18223,YMR199W tK(CUU)E1,0.0,NA,0.011464235372841358,2850,12817,18224,0,0.621817001563837,0.1819110231697198,1.0,0.4129055120646886,0.5870944879353114
18224,tK(UUU)D YGL065C,0.0,NA,0.011464235372841358,2850,12816,18225,0,0.6218465079224573,0.18192263500574493,1.0,0.4128732966077124,0.5871267033922877
18225,YLR165C tR(ACG)Q2,0.0,NA,0.011464235372841358,2850,12815,18226,0,0.6218760142810775,0.1819342483242898,1.0,0.41284108115073614,0.5871589188492639
18226,R0030W YMR156C,0.0,NA,0.011464235372841358,2850,12814,18227,0,0.6219055206396978,0.1819458631256384,1.0,0.41280886569375985,0.5871911343062401
18227,tT(AGU)H tP(AGG)N,0.0,NA,0.011464235372841358,2850,12813,18228,0,0.6219350269983182,0.1819574794100747,1.0,0.4127766502367836,0.5872233497632164
18228,MEL5 R0030W,0.0,NA,0.011464235372841358,2850,12812,18229,0,0.6219645333569385,0.18196909717788276,1.0,0.4127444347798074,0.5872555652201926
18229,tV(AAC)K2 YPR120C,0.0,NA,0.011464235372841358,2850,12811,18230,0,0.6219940397155587,0.1819807164293468,1.0,0.4127122193228311,0.5872877806771689
18230,YDR446W tC(GCA)G,0.0,NA,0.011464235372841358,2850,12810,18231,0,0.622023546074179,0.18199233716475097,1.0,0.41268000386585485,0.5873199961341452
18231,YBR002C tL(UAA)L,0.0,NA,0.011464235372841358,2850,12809,18232,0,0.6220530524327993,0.18200395938437958,1.0,0.41264778840887856,0.5873522115911214
18232,PFK5 YBR223C,0.0,NA,0.011464235372841358,2850,12808,18233,0,0.6220825587914196,0.18201558308851706,1.0,0.4126155729519023,0.5873844270480977
18233,YJR075W MEL9,0.0,NA,0.011464235372841358,2850,12807,18234,0,0.6221120651500398,0.18202720827744778,1.0,0.4125833574949261,0.587416642505074
18234,tC(GCA)Q YNL233W,0.0,NA,0.011464235372841358,2850,12806,18235,0,0.6221415715086601,0.1820388349514563,1.0,0.4125511420379498,0.5874488579620502
18235,YIL128W SCH1,0.0,NA,0.011464235372841358,2850,12805,18236,0,0.6221710778672804,0.1820504631108272,1.0,0.41251892658097356,0.5874810734190264
18236,YOL162W tR(ACG)E,0.0,NA,0.011464235372841358,2850,12804,18237,0,0.6222005842259006,0.18206209275584515,1.0,0.4124867111239973,0.5875132888760027
18237,YAL060W tG(GCC)F2,0.0,NA,0.011464235372841358,2850,12803,18238,0,0.622230090584521,0.18207372388679485,1.0,0.412454495667021,0.5875455043329789
18238,tL(UAA)L YGR180C,0.0,NA,0.011464235372841358,2850,12802,18239,0,0.6222595969431413,0.18208535650396115,1.0,0.4124222802100448,0.5875777197899552
18239,RDN18 YKR035W-A,0.0,NA,0.011464235372841358,2850,12801,18240,0,0.6222891033017616,0.1820969906076289,1.0,0.4123900647530685,0.5876099352469315
18240,YKR038C OSR10,0.0,NA,0.011464235372841358,2850,12800,18241,0,0.6223186096603818,0.18210862619808307,1.0,0.41235784929609226,0.5876421507039077
18241,YDR210C-C MPR1,0.0,NA,0.011464235372841358,2850,12799,18242,0,0.6223481160190021,0.18212026327560865,1.0,0.412325633839116,0.587674366160884
18242,YOL016C tE(UUC)I,0.0,NA,0.011464235372841358,2850,12798,18243,0,0.6223776223776224,0.1821319018404908,1.0,0.41229341838213973,0.5877065816178603
18243,YGR140W tK(CUU)D2,0.0,NA,0.011464235372841358,2850,12797,18244,0,0.6224071287362427,0.18214354189301463,1.0,0.4122612029251635,0.5877387970748366
18244,tD(GUC)I1 tA(AGC)D,0.0,NA,0.011464235372841358,2850,12796,18245,0,0.6224366350948629,0.18215518343346543,1.0,0.41222898746818726,0.5877710125318127
18245,MAL62 YDR057W,0.0,NA,0.011464235372841358,2850,12795,18246,0,0.6224661414534832,0.18216682646212848,1.0,0.41219677201121097,0.587803227988789
18246,YGL048C tT(AGU)I2,0.0,NA,0.011464235372841358,2850,12794,18247,0,0.6224956478121035,0.1821784709792892,1.0,0.41216455655423473,0.5878354434457653
18247,YDR446W tN(GUU)F,0.0,NA,0.011464235372841358,2850,12793,18248,0,0.6225251541707237,0.18219011698523302,1.0,0.4121323410972585,0.5878676589027415
18248,tM(CAU)Q2 YHR150W,0.0,NA,0.011464235372841358,2850,12792,18249,0,0.622554660529344,0.1822017644802455,1.0,0.4121001256402822,0.5878998743597178
18249,YBL098W tN(GUU)L,0.0,NA,0.011464235372841358,2850,12791,18250,0,0.6225841668879644,0.18221341346461223,1.0,0.41206791018330596,0.5879320898166941
18250,tD(GUC)D YER088C,0.0,NA,0.011464235372841358,2850,12790,18251,0,0.6226136732465847,0.18222506393861893,1.0,0.41203569472632967,0.5879643052736703
18251,tI(AAU)N1 YGR199W,0.0,NA,0.011464235372841358,2850,12789,18252,0,0.6226431796052049,0.1822367159025513,1.0,0.41200347926935343,0.5879965207306466
18252,tT(AGU)O1 YPL233W,0.0,NA,0.011464235372841358,2850,12788,18253,0,0.6226726859638252,0.18224836935669522,1.0,0.4119712638123772,0.5880287361876229
18253,tP(UGG)H YIR009W,0.0,NA,0.011464235372841358,2850,12787,18254,0,0.6227021923224455,0.1822600243013366,1.0,0.4119390483554009,0.588060951644599
18254,YLR110C tK(UUU)L,0.0,NA,0.011464235372841358,2850,12786,18255,0,0.6227316986810658,0.1822716807367613,1.0,0.41190683289842467,0.5880931671015753
18255,tG(GCC)F2 YPL143W,0.0,NA,0.011464235372841358,2850,12785,18256,0,0.622761205039686,0.18228333866325552,1.0,0.41187461744144843,0.5881253825585516
18256,tT(UGU)Q1 YMR004W,0.0,NA,0.011464235372841358,2850,12784,18257,0,0.6227907113983063,0.18229499808110528,1.0,0.41184240198447214,0.5881575980155278
18257,tM(CAU)C YOR339C,0.0,NA,0.011464235372841358,2850,12783,18258,0,0.6228202177569266,0.1823066589905968,1.0,0.4118101865274959,0.5881898134725041
18258,GRD3 YJR145C,0.0,NA,0.011464235372841358,2850,12782,18259,0,0.622849724115547,0.18231832139201637,1.0,0.4117779710705196,0.5882220289294804
18259,YER114C tV(AAC)L,0.0,NA,0.011464235372841358,2850,12781,18260,0,0.6228792304741672,0.1823299852856503,1.0,0.4117457556135434,0.5882542443864566
18260,YJL167W PFK4,0.0,NA,0.011464235372841358,2850,12780,18261,0,0.6229087368327875,0.18234165067178504,1.0,0.41171354015656714,0.5882864598434329
18261,tQ(UUG)Q YKL109W,0.0,NA,0.011464235372841358,2850,12779,18262,0,0.6229382431914078,0.18235331755070702,1.0,0.41168132469959084,0.5883186753004092
18262,tK(UUU)D YDR325W,0.0,NA,0.011464235372841358,2850,12778,18263,0,0.622967749550028,0.18236498592270284,1.0,0.4116491092426146,0.5883508907573854
18263,tV(AAC)M1 YGR063C,0.0,NA,0.011464235372841358,2850,12777,18264,0,0.6229972559086483,0.18237665578805912,1.0,0.41161689378563837,0.5883831062143616
18264,tS(CGA)C MEL7,0.0,NA,0.011464235372841358,2850,12776,18265,0,0.6230267622672686,0.1823883271470626,1.0,0.4115846783286621,0.5884153216713379
18265,tH(GUG)H YDR254W,0.0,NA,0.011464235372841358,2850,12775,18266,0,0.6230562686258889,0.1824,1.0,0.41155246287168584,0.5884475371283142
18266,GRD16 YKL096W,0.0,NA,0.011464235372841358,2850,12774,18267,0,0.6230857749845091,0.18241167434715821,1.0,0.41152024741470955,0.5884797525852904
18267,YJL122W tF(GAA)B,0.0,NA,0.011464235372841358,2850,12773,18268,0,0.6231152813431294,0.18242335018882416,1.0,0.4114880319577333,0.5885119680422667
18268,YDR397C tR(ACG)Q2,0.0,NA,0.011464235372841358,2850,12772,18269,0,0.6231447877017497,0.18243502752528484,1.0,0.4114558165007571,0.588544183499243
18269,YDL136W tK(CUU)C,0.0,NA,0.011464235372841358,2850,12771,18270,0,0.6231742940603701,0.18244670635682736,1.0,0.4114236010437808,0.5885763989562192
18270,YKL126W OSR7,0.0,NA,0.011464235372841358,2850,12770,18271,0,0.6232038004189903,0.1824583866837388,1.0,0.41139138558680455,0.5886086144131955
18271,tG(GCC)E tA(UGC)G,0.0,NA,0.011464235372841358,2850,12769,18272,0,0.6232333067776106,0.18247006850630643,1.0,0.4113591701298283,0.5886408298701717
18272,YDL098C MEL6,0.0,NA,0.011464235372841358,2850,12768,18273,0,0.6232628131362309,0.18248175182481752,1.0,0.411326954672852,0.5886730453271479
18273,tQ(UUG)Q YER044C,0.0,NA,0.011464235372841358,2850,12767,18274,0,0.6232923194948511,0.18249343663955944,1.0,0.4112947392158758,0.5887052607841242
18274,YDL013W tS(AGA)H,0.0,NA,0.011464235372841358,2850,12766,18275,0,0.6233218258534714,0.18250512295081966,1.0,0.41126252375889955,0.5887374762411005
18275,YDR394W tK(UUU)L,0.0,NA,0.011464235372841358,2850,12765,18276,0,0.6233513322120917,0.18251681075888568,1.0,0.41123030830192325,0.5887696916980767
18276,YHL006C tI(AAU)E1,0.0,NA,0.011464235372841358,2850,12764,18277,0,0.623380838570712,0.18252850006404508,1.0,0.411198092844947,0.588801907155053
18277,snR191 YLR153C,0.0,NA,0.011464235372841358,2850,12763,18278,0,0.6234103449293322,0.18254019086658554,1.0,0.4111658773879707,0.5888341226120293
18278,YDL188C tI(AAU)I2,0.0,NA,0.011464235372841358,2850,12762,18279,0,0.6234398512879525,0.18255188316679477,1.0,0.4111336619309945,0.5888663380690055
18279,YDR137W MAL41,0.0,NA,0.011464235372841358,2850,12761,18280,0,0.6234693576465729,0.18256357696496062,1.0,0.41110144647401825,0.5888985535259817
18280,tK(CUU)D1 YLR398C,0.0,NA,0.011464235372841358,2850,12760,18281,0,0.6234988640051932,0.1825752722613709,1.0,0.41106923101704196,0.588930768982958
18281,YJR016C tI(AAU)D,0.0,NA,0.011464235372841358,2850,12759,18282,0,0.6235283703638134,0.18258696905631366,1.0,0.4110370155600657,0.5889629844399343
18282,tG(GCC)F1 YFL022C,0.0,NA,0.011464235372841358,2850,12758,18283,0,0.6235578767224337,0.18259866735007688,1.0,0.4110048001030895,0.5889951998969105
18283,tL(CAA)C YIL173W,0.0,NA,0.011464235372841358,2850,12757,18284,0,0.623587383081054,0.18261036714294868,1.0,0.4109725846461132,0.5890274153538868
18284,YDR099W tV(AAC)H,0.0,NA,0.011464235372841358,2850,12756,18285,0,0.6236168894396743,0.18262206843521722,1.0,0.41094036918913696,0.5890596308108631
18285,tL(CAA)M YMR179W,0.0,NA,0.011464235372841358,2850,12755,18286,0,0.6236463957982945,0.18263377122717078,1.0,0.41090815373216066,0.5890918462678393
18286,MUP2 YNL313C,0.0,NA,0.011464235372841358,2850,12754,18287,0,0.6236759021569148,0.18264547551909766,1.0,0.4108759382751844,0.5891240617248156
18287,YJR028W tL(UAA)J,0.0,NA,0.011464235372841358,2850,12753,18288,0,0.6237054085155351,0.1826571813112863,1.0,0.4108437228182082,0.5891562771817919
18288,YOL110W tT(AGU)O1,0.0,NA,0.011464235372841358,2850,12752,18289,0,0.6237349148741553,0.18266888860402514,1.0,0.4108115073612319,0.589188492638768
18289,YKL218C snR18,0.0,NA,0.011464235372841358,2850,12751,18290,0,0.6237644212327756,0.18268059739760273,1.0,0.41077929190425566,0.5892207080957443
18290,YDR435C YDR261C-C,0.0,NA,0.011464235372841358,2850,12750,18291,0,0.623793927591396,0.18269230769230768,1.0,0.4107470764472794,0.5892529235527206
18291,YPR164W tM(CAU)D,0.0,NA,0.011464235372841358,2850,12749,18292,0,0.6238234339500163,0.18270401948842874,1.0,0.41071486099030313,0.5892851390096968
18292,YJR125C tI(AAU)G,0.0,NA,0.011464235372841358,2850,12748,18293,0,0.6238529403086365,0.18271573278625464,1.0,0.4106826455333269,0.5893173544666731
18293,YAL024C tN(GUU)N1,0.0,NA,0.011464235372841358,2850,12747,18294,0,0.6238824466672568,0.18272744758607423,1.0,0.41065043007635066,0.5893495699236494
18294,tY(GUA)D YOL147C,0.0,NA,0.011464235372841358,2850,12746,18295,0,0.6239119530258771,0.18273916388817646,1.0,0.41061821461937437,0.5893817853806256
18295,A1 YEL061C,0.0,NA,0.011464235372841358,2850,12745,18296,0,0.6239414593844974,0.18275088169285028,1.0,0.41058599916239813,0.5894140008376019
18296,YOR083W NUP63,0.0,NA,0.011464235372841358,2850,12744,18297,0,0.6239709657431176,0.18276260100038477,1.0,0.41055378370542184,0.5894462162945782
18297,tV(UAC)Q YKR079C,0.0,NA,0.011464235372841358,2850,12743,18298,0,0.6240004721017379,0.18277432181106906,1.0,0.4105215682484456,0.5894784317515543
18298,YLR054C snR87,0.0,NA,0.011464235372841358,2850,12742,18299,0,0.6240299784603582,0.1827860441251924,1.0,0.41048935279146936,0.5895106472085306
18299,tR(UCU)Q1 YIL145C,0.0,NA,0.011464235372841358,2850,12741,18300,0,0.6240594848189784,0.18279776794304406,1.0,0.41045713733449307,0.5895428626655069
18300,MEL10 YMR180C,0.0,NA,0.011464235372841358,2850,12740,18301,0,0.6240889911775988,0.18280949326491341,1.0,0.41042492187751684,0.5895750781224832
18301,YER081W tN(GUU)P,0.0,NA,0.011464235372841358,2850,12739,18302,0,0.6241184975362191,0.18282122009108986,1.0,0.4103927064205406,0.5896072935794594
18302,YDR303C tM(CAU)Q1,0.0,NA,0.011464235372841358,2850,12738,18303,0,0.6241480038948394,0.18283294842186298,1.0,0.4103604909635643,0.5896395090364357
18303,tR(ACG)E YDL126C,0.0,NA,0.011464235372841358,2850,12737,18304,0,0.6241775102534596,0.1828446782575223,1.0,0.41032827550658807,0.589671724493412
18304,snR86 YFR040W,0.0,NA,0.011464235372841358,2850,12736,18305,0,0.6242070166120799,0.1828564095983575,1.0,0.4102960600496118,0.5897039399503882
18305,snR83 YOL117W,0.0,NA,0.011464235372841358,2850,12735,18306,0,0.6242365229707002,0.18286814244465832,1.0,0.41026384459263554,0.5897361554073645
18306,YKL049C ESC3,0.0,NA,0.011464235372841358,2850,12734,18307,0,0.6242660293293205,0.18287987679671458,1.0,0.4102316291356593,0.5897683708643408
18307,YOL061W tD(GUC)G1,0.0,NA,0.011464235372841358,2850,12733,18308,0,0.6242955356879407,0.18289161265481615,1.0,0.410199413678683,0.5898005863213169
18308,tG(GCC)F2 YBL084C,0.0,NA,0.011464235372841358,2850,12732,18309,0,0.624325042046561,0.18290335001925298,1.0,0.4101671982217068,0.5898328017782932
18309,YBR084C-A snR53,0.0,NA,0.011464235372841358,2850,12731,18310,0,0.6243545484051813,0.18291508889031513,1.0,0.41013498276473054,0.5898650172352695
18310,YBR129C tY(GUA)J2,0.0,NA,0.011464235372841358,2850,12730,18311,0,0.6243840547638017,0.18292682926829268,1.0,0.41010276730775425,0.5898972326922457
18311,YER081W GRD18,0.0,NA,0.011464235372841358,2850,12729,18312,0,0.6244135611224219,0.18293857115347584,1.0,0.410070551850778,0.589929448149222
18312,YLR022C tF(GAA)H2,0.0,NA,0.011464235372841358,2850,12728,18313,0,0.6244430674810422,0.18295031454615485,1.0,0.41003833639380177,0.5899616636061983
18313,tM(CAU)C YOR370C,0.0,NA,0.011464235372841358,2850,12727,18314,0,0.6244725738396625,0.18296205944662003,1.0,0.4100061209368255,0.5899938790631745
18314,tA(AGC)F YDL118W,0.0,NA,0.011464235372841358,2850,12726,18315,0,0.6245020801982827,0.1829738058551618,1.0,0.40997390547984924,0.5900260945201508
18315,tN(GUU)O2 YBR070C,0.0,NA,0.011464235372841358,2850,12725,18316,0,0.624531586556903,0.18298555377207062,1.0,0.40994169002287295,0.590058309977127
18316,tL(UAA)B2 YBL100W-A,0.0,NA,0.011464235372841358,2850,12724,18317,0,0.6245610929155233,0.1829973031976371,1.0,0.4099094745658967,0.5900905254341032
18317,YML052W tE(CUC)I,0.0,NA,0.011464235372841358,2850,12723,18318,0,0.6245905992741436,0.1830090541321518,1.0,0.4098772591089205,0.5901227408910795
18318,YJL044C tK(UUU)Q,0.0,NA,0.011464235372841358,2850,12722,18319,0,0.6246201056327638,0.18302080657590547,1.0,0.4098450436519442,0.5901549563480558
18319,tL(UAA)B1 YCL034W,0.0,NA,0.011464235372841358,2850,12721,18320,0,0.6246496119913841,0.18303256052918887,1.0,0.40981282819496795,0.5901871718050321
18320,YNL309W tW(UCA)Q,0.0,NA,0.011464235372841358,2850,12720,18321,0,0.6246791183500044,0.18304431599229287,1.0,0.4097806127379917,0.5902193872620083
18321,YER143W tL(CAA)K,0.0,NA,0.011464235372841358,2850,12719,18322,0,0.6247086247086248,0.18305607296550838,1.0,0.4097483972810154,0.5902516027189846
18322,tH(GUG)G1 YKR106W,0.0,NA,0.011464235372841358,2850,12718,18323,0,0.624738131067245,0.18306783144912642,1.0,0.4097161818240392,0.5902838181759609
18323,tN(GUU)N1 YBR068C,0.0,NA,0.011464235372841358,2850,12717,18324,0,0.6247676374258653,0.18307959144343805,1.0,0.4096839663670629,0.590316033632937
18324,YPR201W R0030W,0.0,NA,0.011464235372841358,2850,12716,18325,0,0.6247971437844856,0.1830913529487344,1.0,0.40965175091008665,0.5903482490899133
18325,snR191 YOR090C,0.0,NA,0.011464235372841358,2850,12715,18326,0,0.6248266501431058,0.1831031159653068,1.0,0.4096195354531104,0.5903804645468896
18326,A1 YOR208W,0.0,NA,0.011464235372841358,2850,12714,18327,0,0.6248561565017261,0.1831148804934464,1.0,0.4095873199961341,0.5904126800038658
18327,YIL085C tM(CAU)D,0.0,NA,0.011464235372841358,2850,12713,18328,0,0.6248856628603464,0.1831266465334447,1.0,0.4095551045391579,0.5904448954608421
18328,YHR065C tV(AAC)G2,0.0,NA,0.011464235372841358,2850,12712,18329,0,0.6249151692189667,0.18313841408559312,1.0,0.40952288908218165,0.5904771109178184
18329,tW(CCA)G2 YKR106W,0.0,NA,0.011464235372841358,2850,12711,18330,0,0.6249446755775869,0.18315018315018314,1.0,0.40949067362520536,0.5905093263747946
18330,tV(AAC)G1 YPL049C,0.0,NA,0.011464235372841358,2850,12710,18331,0,0.6249741819362072,0.18316195372750643,1.0,0.4094584581682291,0.5905415418317709
18331,tI(AAU)N1 YLR034C,0.0,NA,0.011464235372841358,2850,12709,18332,0,0.6250036882948276,0.18317372581785463,1.0,0.4094262427112529,0.5905737572887472
18332,YBR199W tI(AAU)D,0.0,NA,0.011464235372841358,2850,12708,18333,0,0.6250331946534479,0.1831854994215195,1.0,0.4093940272542766,0.5906059727457234
18333,YLR056W MEL9,0.0,NA,0.011464235372841358,2850,12707,18334,0,0.6250627010120681,0.18319727453879284,1.0,0.40936181179730036,0.5906381882026996
18334,GRD10 YDR365W-A,0.0,NA,0.011464235372841358,2850,12706,18335,0,0.6250922073706884,0.18320905116996658,1.0,0.40932959634032406,0.5906704036596759
18335,YCR082W tD(GUC)I2,0.0,NA,0.011464235372841358,2850,12705,18336,0,0.6251217137293087,0.18322082931533268,1.0,0.4092973808833478,0.5907026191166521
18336,YJL097W tM(CAU)P,0.0,NA,0.011464235372841358,2850,12704,18337,0,0.6251512200879289,0.18323260897518323,1.0,0.4092651654263716,0.5907348345736284
18337,DBF1 YDR392W,0.0,NA,0.011464235372841358,2850,12703,18338,0,0.6251807264465492,0.18324439014981034,1.0,0.4092329499693953,0.5907670500306047
18338,tF(GAA)G YBR298C,0.0,NA,0.011464235372841358,2850,12702,18339,0,0.6252102328051695,0.18325617283950618,1.0,0.40920073451241906,0.590799265487581
18339,YMR220W tS(GCU)F,0.0,NA,0.011464235372841358,2850,12701,18340,0,0.6252397391637898,0.18326795704456306,1.0,0.4091685190554428,0.5908314809445572
18340,YGR038W tH(GUG)E2,0.0,NA,0.011464235372841358,2850,12700,18341,0,0.62526924552241,0.1832797427652733,1.0,0.40913630359846653,0.5908636964015335
18341,YCL074W tV(AAC)K2,0.0,NA,0.011464235372841358,2850,12699,18342,0,0.6252987518810303,0.18329153000192938,1.0,0.4091040881414903,0.5908959118585098
18342,tG(UCC)Q YDL155W,0.0,NA,0.011464235372841358,2850,12698,18343,0,0.6253282582396507,0.18330331875482378,1.0,0.409071872684514,0.5909281273154859
18343,tP(UGG)O2 YER178W,0.0,NA,0.011464235372841358,2850,12697,18344,0,0.625357764598271,0.18331510902424905,1.0,0.40903965722753777,0.5909603427724622
18344,tR(UCU)Q1 YPL089C,0.0,NA,0.011464235372841358,2850,12696,18345,0,0.6253872709568912,0.18332690081049788,1.0,0.40900744177056153,0.5909925582294385
18345,YCL020W tD(GUC)O,0.0,NA,0.011464235372841358,2850,12695,18346,0,0.6254167773155115,0.18333869411386297,1.0,0.40897522631358524,0.5910247736864147
18346,tF(GAA)D YDR382W,0.0,NA,0.011464235372841358,2850,12694,18347,0,0.6254462836741318,0.18335048893463715,1.0,0.408943010856609,0.591056989143391
18347,tD(GUC)J3 YHR200W,0.0,NA,0.011464235372841358,2850,12693,18348,0,0.6254757900327521,0.1833622852731133,1.0,0.40891079539963276,0.5910892046003673
18348,YCL018W tI(AAU)I2,0.0,NA,0.011464235372841358,2850,12692,18349,0,0.6255052963913723,0.18337408312958436,1.0,0.4088785799426565,0.5911214200573435
18349,tP(UGG)F YMR177W,0.0,NA,0.011464235372841358,2850,12691,18350,0,0.6255348027499926,0.18338588250434334,1.0,0.40884636448568024,0.5911536355143198
18350,GRD10 YNL270C,0.0,NA,0.011464235372841358,2850,12690,18351,0,0.6255643091086129,0.1833976833976834,1.0,0.408814149028704,0.5911858509712961
18351,PDR7 YMR001C,0.0,NA,0.011464235372841358,2850,12689,18352,0,0.6255938154672331,0.1834094858098977,1.0,0.4087819335717277,0.5912180664282722
18352,tR(UCU)G2 YPL152W,0.0,NA,0.011464235372841358,2850,12688,18353,0,0.6256233218258535,0.18342128974127944,1.0,0.40874971811475147,0.5912502818852485
18353,BIO6 YPR030W,0.0,NA,0.011464235372841358,2850,12687,18354,0,0.6256528281844738,0.18343309519212203,1.0,0.4087175026577752,0.5912824973422248
18354,GRD17 YFR036W,0.0,NA,0.011464235372841358,2850,12686,18355,0,0.6256823345430941,0.18344490216271886,1.0,0.40868528720079894,0.591314712799201
18355,YPL076W tV(AAC)G2,0.0,NA,0.011464235372841358,2850,12685,18356,0,0.6257118409017143,0.1834567106533634,1.0,0.4086530717438227,0.5913469282561773
18356,YJL128C tL(CAA)L,0.0,NA,0.011464235372841358,2850,12684,18357,0,0.6257413472603346,0.18346852066434918,1.0,0.4086208562868464,0.5913791437131536
18357,YJR050W URR4,0.0,NA,0.011464235372841358,2850,12683,18358,0,0.6257708536189549,0.18348033219596988,1.0,0.4085886408298702,0.5914113591701299
18358,YML031W YHL009W-A,0.0,NA,0.011464235372841358,2850,12682,18359,0,0.6258003599775752,0.18349214524851917,1.0,0.40855642537289394,0.5914435746271061
18359,YHR001W tS(AGA)H,0.0,NA,0.011464235372841358,2850,12681,18360,0,0.6258298663361954,0.1835039598222909,1.0,0.40852420991591765,0.5914757900840824
18360,tR(ACG)L YHR214C-C,0.0,NA,0.011464235372841358,2850,12680,18361,0,0.6258593726948157,0.18351577591757887,1.0,0.4084919944589414,0.5915080055410586
18361,YDR210W-A tQ(UUG)B,0.0,NA,0.011464235372841358,2850,12679,18362,0,0.625888879053436,0.18352759353467707,1.0,0.4084597790019651,0.5915402209980348
18362,YDR140W tW(CCA)J,0.0,NA,0.011464235372841358,2850,12678,18363,0,0.6259183854120562,0.18353941267387944,1.0,0.4084275635449889,0.5915724364550111
18363,tF(GAA)P1 YCR094W,0.0,NA,0.011464235372841358,2850,12677,18364,0,0.6259478917706766,0.18355123333548012,1.0,0.40839534808801264,0.5916046519119874
18364,tL(UAA)B2 YLR119W,0.0,NA,0.011464235372841358,2850,12676,18365,0,0.6259773981292969,0.18356305551977328,1.0,0.40836313263103635,0.5916368673689636
18365,tV(AAC)G1 YOR197W,0.0,NA,0.011464235372841358,2850,12675,18366,0,0.6260069044879172,0.18357487922705315,1.0,0.4083309171740601,0.5916690828259399
18366,YPL211W tS(AGA)H,0.0,NA,0.011464235372841358,2850,12674,18367,0,0.6260364108465374,0.18358670445761402,1.0,0.4082987017170839,0.5917012982829162
18367,tG(GCC)F2 snR87,0.0,NA,0.011464235372841358,2850,12673,18368,0,0.6260659172051577,0.1835985312117503,1.0,0.4082664862601076,0.5917335137398924
18368,tS(GCU)Q1 YJR051W,0.0,NA,0.011464235372841358,2850,12672,18369,0,0.626095423563778,0.1836103594897565,1.0,0.40823427080313135,0.5917657291968687
18369,YNR056C tF(GAA)P2,0.0,NA,0.011464235372841358,2850,12671,18370,0,0.6261249299223983,0.18362218929192706,1.0,0.4082020553461551,0.5917979446538449
18370,YDL049C tK(CUU)P,0.0,NA,0.011464235372841358,2850,12670,18371,0,0.6261544362810185,0.18363402061855671,1.0,0.4081698398891788,0.5918301601108211
18371,tV(AAC)E1 YER147C,0.0,NA,0.011464235372841358,2850,12669,18372,0,0.6261839426396388,0.18364585346994008,1.0,0.4081376244322026,0.5918623755677974
18372,tV(AAC)G3 tF(GAA)N,0.0,NA,0.011464235372841358,2850,12668,18373,0,0.6262134489982591,0.18365768784637196,1.0,0.4081054089752263,0.5918945910247737
18373,YFR024C-A tP(UGG)N2,0.0,NA,0.011464235372841358,2850,12667,18374,0,0.6262429553568795,0.18366952374814718,1.0,0.40807319351825005,0.5919268064817499
18374,GRD17 YMR049C,0.0,NA,0.011464235372841358,2850,12666,18375,0,0.6262724617154997,0.18368136117556072,1.0,0.4080409780612738,0.5919590219387262
18375,tK(UUU)D tT(UGU)G1,0.0,NA,0.011464235372841358,2850,12665,18376,0,0.62630196807412,0.1836932001289075,1.0,0.4080087626042975,0.5919912373957025
18376,YGR042W YPL096C-A,0.0,NA,0.011464235372841358,2850,12664,18377,0,0.6263314744327403,0.18370504060848267,1.0,0.4079765471473213,0.5920234528526788
18377,YLR395C tF(GAA)H2,0.0,NA,0.011464235372841358,2850,12663,18378,0,0.6263609807913605,0.18371688261458133,1.0,0.40794433169034505,0.592055668309655
18378,tD(GUC)B YPR154W,0.0,NA,0.011464235372841358,2850,12662,18379,0,0.6263904871499808,0.18372872614749872,1.0,0.40791211623336876,0.5920878837666312
18379,YJL035C DBF1,0.0,NA,0.011464235372841358,2850,12661,18380,0,0.6264199935086011,0.18374057120753015,1.0,0.4078799007763925,0.5921200992236075
18380,YDR461W tN(GUU)P,0.0,NA,0.011464235372841358,2850,12660,18381,0,0.6264494998672214,0.18375241779497098,1.0,0.40784768531941623,0.5921523146805837
18381,tR(ACG)D tW(CCA)M,0.0,NA,0.011464235372841358,2850,12659,18382,0,0.6264790062258416,0.18376426591011671,1.0,0.40781546986244,0.59218453013756
18382,YHR010W OSR8,0.0,NA,0.011464235372841358,2850,12658,18383,0,0.6265085125844619,0.18377611555326284,1.0,0.40778325440546376,0.5922167455945363
18383,tP(UGG)H YPL084W,0.0,NA,0.011464235372841358,2850,12657,18384,0,0.6265380189430823,0.18378796672470496,1.0,0.40775103894848747,0.5922489610515125
18384,YGR148C tW(UCA)Q,0.0,NA,0.011464235372841358,2850,12656,18385,0,0.6265675253017026,0.1837998194247388,1.0,0.40771882349151123,0.5922811765084888
18385,YNR039C tH(GUG)G1,0.0,NA,0.011464235372841358,2850,12655,18386,0,0.6265970316603228,0.1838116736536601,1.0,0.407686608034535,0.5923133919654651
18386,YJR059W tI(AAU)D,0.0,NA,0.011464235372841358,2850,12654,18387,0,0.6266265380189431,0.18382352941176472,1.0,0.4076543925775587,0.5923456074224412
18387,YOL067C RDN18,0.0,NA,0.011464235372841358,2850,12653,18388,0,0.6266560443775634,0.1838353866993485,1.0,0.40762217712058246,0.5923778228794175
18388,tA(UGC)G tI(UAU)D,0.0,NA,0.011464235372841358,2850,12652,18389,0,0.6266855507361836,0.18384724551670753,1.0,0.40758996166360617,0.5924100383363938
18389,YDL174C tN(GUU)L,0.0,NA,0.011464235372841358,2850,12651,18390,0,0.6267150570948039,0.18385910586413778,1.0,0.40755774620662993,0.59244225379337
18390,YCL008C tW(CCA)G1,0.0,NA,0.011464235372841358,2850,12650,18391,0,0.6267445634534242,0.18387096774193548,1.0,0.4075255307496537,0.5924744692503463
18391,YNL233W tD(GUC)J2,0.0,NA,0.011464235372841358,2850,12649,18392,0,0.6267740698120445,0.1838828311503968,1.0,0.4074933152926774,0.5925066847073226
18392,snR10 YKR102W,0.0,NA,0.011464235372841358,2850,12648,18393,0,0.6268035761706647,0.18389469608981804,1.0,0.40746109983570117,0.5925389001642988
18393,tL(UAA)N YPL117C,0.0,NA,0.011464235372841358,2850,12647,18394,0,0.626833082529285,0.1839065625604956,1.0,0.40742888437872493,0.5925711156212751
18394,tV(AAC)G1 YKL184W,0.0,NA,0.011464235372841358,2850,12646,18395,0,0.6268625888879054,0.18391843056272586,1.0,0.40739666892174864,0.5926033310782514
18395,YML095C SUC7,0.0,NA,0.011464235372841358,2850,12645,18396,0,0.6268920952465257,0.18393030009680542,1.0,0.4073644534647724,0.5926355465352277
18396,YIL048W tF(GAA)H1,0.0,NA,0.011464235372841358,2850,12644,18397,0,0.6269216016051459,0.18394217116303085,1.0,0.40733223800779617,0.5926677619922038
18397,tD(GUC)G1 YKR072C,0.0,NA,0.011464235372841358,2850,12643,18398,0,0.6269511079637662,0.18395404376169883,1.0,0.4073000225508199,0.5926999774491801
18398,tF(GAA)P2 YOL109W,0.0,NA,0.011464235372841358,2850,12642,18399,0,0.6269806143223865,0.18396591789310612,1.0,0.40726780709384364,0.5927321929061564
18399,MAL62 YDL141W,0.0,NA,0.011464235372841358,2850,12641,18400,0,0.6270101206810068,0.18397779355754953,1.0,0.40723559163686734,0.5927644083631326
18400,R0010W YMR270C,0.0,NA,0.011464235372841358,2850,12640,18401,0,0.627039627039627,0.18398967075532602,1.0,0.4072033761798911,0.5927966238201089
18401,YBR048W MEL5,0.0,NA,0.011464235372841358,2850,12639,18402,0,0.6270691333982473,0.18400154948673253,1.0,0.40717116072291487,0.5928288392770852
18402,YLR127C tI(AAU)G,0.0,NA,0.011464235372841358,2850,12638,18403,0,0.6270986397568676,0.1840134297520661,1.0,0.4071389452659386,0.5928610547340614
18403,snR86 YPR120C,0.0,NA,0.011464235372841358,2850,12637,18404,0,0.6271281461154878,0.18402531155162394,1.0,0.40710672980896234,0.5928932701910377
18404,tL(UAG)L2 YBR142W,0.0,NA,0.011464235372841358,2850,12636,18405,0,0.6271576524741082,0.18403719488570322,1.0,0.4070745143519861,0.592925485648014
18405,MUP2 YPR158C-C,0.0,NA,0.011464235372841358,2850,12635,18406,0,0.6271871588327285,0.18404907975460122,1.0,0.4070422988950098,0.5929577011049901
18406,GRD14 YGR234W,0.0,NA,0.011464235372841358,2850,12634,18407,0,0.6272166651913488,0.18406096615861534,1.0,0.4070100834380336,0.5929899165619664
18407,tM(CAU)P YAL007C,0.0,NA,0.011464235372841358,2850,12633,18408,0,0.627246171549969,0.18407285409804303,1.0,0.4069778679810573,0.5930221320189427
18408,tN(GUU)N1 YGR027W-B,0.0,NA,0.011464235372841358,2850,12632,18409,0,0.6272756779085893,0.18408474357318175,1.0,0.40694565252408105,0.5930543474759189
18409,tD(GUC)L2 YLR246W,0.0,NA,0.011464235372841358,2850,12631,18410,0,0.6273051842672096,0.18409663458432918,1.0,0.4069134370671048,0.5930865629328952
18410,YBR189W tW(CCA)G1,0.0,NA,0.011464235372841358,2850,12630,18411,0,0.6273346906258299,0.18410852713178294,1.0,0.4068812216101285,0.5931187783898715
18411,YIL085C tT(AGU)O1,0.0,NA,0.011464235372841358,2850,12629,18412,0,0.6273641969844501,0.18412042121584082,1.0,0.4068490061531523,0.5931509938468477
18412,YGL119W tI(AAU)G,0.0,NA,0.011464235372841358,2850,12628,18413,0,0.6273937033430704,0.18413231683680062,1.0,0.40681679069617604,0.593183209303824
18413,tW(CCA)J YPL003W,0.0,NA,0.011464235372841358,2850,12627,18414,0,0.6274232097016907,0.18414421399496025,1.0,0.40678457523919975,0.5932154247608002
18414,SUC3 YOR061W,0.0,NA,0.011464235372841358,2850,12626,18415,0,0.6274527160603109,0.18415611269061774,1.0,0.4067523597822235,0.5932476402177765
18415,YER190W tS(AGA)M,0.0,NA,0.011464235372841358,2850,12625,18416,0,0.6274822224189313,0.1841680129240711,1.0,0.4067201443252473,0.5932798556747527
18416,YML065W tI(AAU)D,0.0,NA,0.011464235372841358,2850,12624,18417,0,0.6275117287775516,0.18417991469561845,1.0,0.406687928868271,0.593312071131729
18417,tL(UAG)L2 YDL022W,0.0,NA,0.011464235372841358,2850,12623,18418,0,0.6275412351361719,0.18419181800555806,1.0,0.40665571341129475,0.5933442865887053
18418,YJR041C tL(UAA)L,0.0,NA,0.011464235372841358,2850,12622,18419,0,0.6275707414947921,0.1842037228541882,1.0,0.40662349795431846,0.5933765020456815
18419,YPL265W PFK5,0.0,NA,0.011464235372841358,2850,12621,18420,0,0.6276002478534124,0.18421562924180726,1.0,0.4065912824973422,0.5934087175026578
18420,YIR004W tV(AAC)E1,0.0,NA,0.011464235372841358,2850,12620,18421,0,0.6276297542120327,0.18422753716871365,1.0,0.406559067040366,0.5934409329596341
18421,YBR156C R0010W,0.0,NA,0.011464235372841358,2850,12619,18422,0,0.627659260570653,0.1842394466352059,1.0,0.4065268515833897,0.5934731484166103
18422,YKL043W tV(AAC)E1,0.0,NA,0.011464235372841358,2850,12618,18423,0,0.6276887669292732,0.18425135764158262,1.0,0.40649463612641346,0.5935053638735865
18423,YKL213C tF(GAA)B,0.0,NA,0.011464235372841358,2850,12617,18424,0,0.6277182732878935,0.1842632701881425,1.0,0.4064624206694372,0.5935375793305628
18424,ANC4 YNL286W,0.0,NA,0.011464235372841358,2850,12616,18425,0,0.6277477796465138,0.18427518427518427,1.0,0.4064302052124609,0.593569794787539
18425,YOL051W tW(CCA)J,0.0,NA,0.011464235372841358,2850,12615,18426,0,0.6277772860051342,0.1842870999030068,1.0,0.4063979897554847,0.5936020102445153
18426,YHR087W tN(GUU)F,0.0,NA,0.011464235372841358,2850,12614,18427,0,0.6278067923637544,0.18429901707190896,1.0,0.4063657742985084,0.5936342257014916
18427,YPR011C TER1,0.0,NA,0.011464235372841358,2850,12613,18428,0,0.6278362987223747,0.18431093578218974,1.0,0.40633355884153216,0.5936664411584678
18428,YJL068C SME2,0.0,NA,0.011464235372841358,2850,12612,18429,0,0.627865805080995,0.18432285603414825,1.0,0.4063013433845559,0.5936986566154441
18429,URR4 YKL032C,0.0,NA,0.011464235372841358,2850,12611,18430,0,0.6278953114396152,0.18433477782808355,1.0,0.40626912792757963,0.5937308720724204
18430,YBL103C tR(ACG)Q2,0.0,NA,0.011464235372841358,2850,12610,18431,0,0.6279248177982355,0.18434670116429497,1.0,0.4062369124706034,0.5937630875293965
18431,YAR018C TER1,0.0,NA,0.011464235372841358,2850,12609,18432,0,0.6279543241568558,0.1843586260430817,1.0,0.40620469701362716,0.5937953029863728
18432,YHR112C tS(AGA)H,0.0,NA,0.011464235372841358,2850,12608,18433,0,0.6279838305154761,0.18437055246474318,1.0,0.40617248155665087,0.5938275184433491
18433,YBL046W tD(GUC)J3,0.0,NA,0.011464235372841358,2850,12607,18434,0,0.6280133368740963,0.18438248042957883,1.0,0.40614026609967463,0.5938597339003254
18434,tD(GUC)G2 YHR110W,0.0,NA,0.011464235372841358,2850,12606,18435,0,0.6280428432327166,0.1843944099378882,1.0,0.4061080506426984,0.5938919493573016
18435,tT(AGU)D YDL015C,0.0,NA,0.011464235372841358,2850,12605,18436,0,0.628072349591337,0.18440634098997088,1.0,0.4060758351857221,0.5939241648142779
18436,ANC4 YFL028C,0.0,NA,0.011464235372841358,2850,12604,18437,0,0.6281018559499573,0.18441827358612656,1.0,0.40604361972874586,0.5939563802712542
18437,tS(GCU)Q1 YOR099W,0.0,NA,0.011464235372841358,2850,12603,18438,0,0.6281313623085775,0.18443020772665503,1.0,0.40601140427176957,0.5939885957282304
18438,YIL084C tA(UGC)G,0.0,NA,0.011464235372841358,2850,12602,18439,0,0.6281608686671978,0.18444214341185608,1.0,0.40597918881479333,0.5940208111852067
18439,tG(GCC)F1 YER137C-A,0.0,NA,0.011464235372841358,2850,12601,18440,0,0.6281903750258181,0.18445408064202964,1.0,0.4059469733578171,0.594053026642183
18440,tT(AGU)N1 YGR256W,0.0,NA,0.011464235372841358,2850,12600,18441,0,0.6282198813844383,0.18446601941747573,1.0,0.4059147579008408,0.5940852420991591
18441,YDR206W tT(AGU)O2,0.0,NA,0.011464235372841358,2850,12599,18442,0,0.6282493877430586,0.1844779597384944,1.0,0.40588254244386457,0.5941174575561354
18442,SUC7 YBR001C,0.0,NA,0.011464235372841358,2850,12598,18443,0,0.6282788941016789,0.1844899016053858,1.0,0.40585032698688833,0.5941496730131117
18443,YER015W tA(AGC)F,0.0,NA,0.011464235372841358,2850,12597,18444,0,0.6283084004602992,0.18450184501845018,1.0,0.40581811152991204,0.5941818884700879
18444,MEL5 YPR132W,0.0,NA,0.011464235372841358,2850,12596,18445,0,0.6283379068189194,0.18451378997798784,1.0,0.4057858960729358,0.5942141039270642
18445,GRD10 YNL041C,0.0,NA,0.011464235372841358,2850,12595,18446,0,0.6283674131775397,0.18452573648429912,1.0,0.4057536806159595,0.5942463193840405
18446,tI(AAU)P1 YPR187W,0.0,NA,0.011464235372841358,2850,12594,18447,0,0.6283969195361601,0.18453768453768454,1.0,0.4057214651589833,0.5942785348410167
18447,tL(GAG)G YER117W,0.0,NA,0.011464235372841358,2850,12593,18448,0,0.6284264258947804,0.1845496341384446,1.0,0.40568924970200704,0.594310750297993
18448,YDR354W tF(GAA)B,0.0,NA,0.011464235372841358,2850,12592,18449,0,0.6284559322534006,0.18456158528687994,1.0,0.40565703424503075,0.5943429657549693
18449,YIR023W tW(CCA)K,0.0,NA,0.011464235372841358,2850,12591,18450,0,0.6284854386120209,0.18457353798329124,1.0,0.4056248187880545,0.5943751812119455
18450,YKL054C GRD14,0.0,NA,0.011464235372841358,2850,12590,18451,0,0.6285149449706412,0.18458549222797926,1.0,0.40559260333107827,0.5944073966689217
18451,tN(GUU)O2 YDR330W,0.0,NA,0.011464235372841358,2850,12589,18452,0,0.6285444513292615,0.1845974480212449,1.0,0.405560387874102,0.594439612125898
18452,MEL1 tE(UUC)E3,0.0,NA,0.011464235372841358,2850,12588,18453,0,0.6285739576878817,0.18460940536338905,1.0,0.40552817241712574,0.5944718275828743
18453,OSR2 YMR177W,0.0,NA,0.011464235372841358,2850,12587,18454,0,0.628603464046502,0.1846213642547127,1.0,0.4054959569601495,0.5945040430398505
18454,YPL012W tY(GUA)M2,0.0,NA,0.011464235372841358,2850,12586,18455,0,0.6286329704051223,0.18463332469551696,1.0,0.4054637415031732,0.5945362584968268
18455,SUC3 YCR042C,0.0,NA,0.011464235372841358,2850,12585,18456,0,0.6286624767637425,0.184645286686103,1.0,0.405431526046197,0.5945684739538031
18456,YMR054W tD(GUC)J4,0.0,NA,0.011464235372841358,2850,12584,18457,0,0.6286919831223629,0.18465725022677207,1.0,0.4053993105892207,0.5946006894107793
18457,tH(GUG)E2 YNL333W,0.0,NA,0.011464235372841358,2850,12583,18458,0,0.6287214894809832,0.18466921531782543,1.0,0.40536709513224445,0.5946329048677556
18458,YGR178C tV(AAC)E1,0.0,NA,0.011464235372841358,2850,12582,18459,0,0.6287509958396035,0.18468118195956454,1.0,0.4053348796752682,0.5946651203247318
18459,tN(GUU)N1 YMR138W,0.0,NA,0.011464235372841358,2850,12581,18460,0,0.6287805021982237,0.18469315015229085,1.0,0.4053026642182919,0.594697335781708
18460,snR18 YBR263W,0.0,NA,0.011464235372841358,2850,12580,18461,0,0.628810008556844,0.1847051198963059,1.0,0.4052704487613157,0.5947295512386843
18461,YDL212W RDN25,0.0,NA,0.011464235372841358,2850,12579,18462,0,0.6288395149154643,0.18471709119191135,1.0,0.40523823330433945,0.5947617666956606
18462,YPR179C tD(GUC)D,0.0,NA,0.011464235372841358,2850,12578,18463,0,0.6288690212740846,0.18472906403940886,1.0,0.40520601784736315,0.5947939821526368
18463,YJL034W GCD3,0.0,NA,0.011464235372841358,2850,12577,18464,0,0.6288985276327048,0.18474103843910028,1.0,0.4051738023903869,0.5948261976096131
18464,tT(UGU)Q1 YDL063C,0.0,NA,0.011464235372841358,2850,12576,18465,0,0.6289280339913251,0.18475301439128744,1.0,0.4051415869334106,0.5948584130665894
18465,YGL051W MAL42,0.0,NA,0.011464235372841358,2850,12575,18466,0,0.6289575403499454,0.1847649918962723,1.0,0.4051093714764344,0.5948906285235656
18466,tL(UAG)L2 YDR055W,0.0,NA,0.011464235372841358,2850,12574,18467,0,0.6289870467085656,0.18477697095435686,1.0,0.40507715601945815,0.5949228439805418
18467,YDR363W tM(CAU)J2,0.0,NA,0.011464235372841358,2850,12573,18468,0,0.629016553067186,0.1847889515658432,1.0,0.40504494056248186,0.5949550594375181
18468,ANC4 YIR022W,0.0,NA,0.011464235372841358,2850,12572,18469,0,0.6290460594258063,0.1848009337310336,1.0,0.4050127251055056,0.5949872748944944
18469,SUC3 YOL067C,0.0,NA,0.011464235372841358,2850,12571,18470,0,0.6290755657844266,0.1848129174502302,1.0,0.4049805096485294,0.5950194903514706
18470,YOR293W R0030W,0.0,NA,0.011464235372841358,2850,12570,18471,0,0.6291050721430468,0.18482490272373542,1.0,0.4049482941915531,0.5950517058084469
18471,YEL011W tP(UGG)O3,0.0,NA,0.011464235372841358,2850,12569,18472,0,0.6291345785016671,0.18483688955185162,1.0,0.40491607873457686,0.5950839212654232
18472,BIO6 YPR111W,0.0,NA,0.011464235372841358,2850,12568,18473,0,0.6291640848602874,0.1848488779348813,1.0,0.4048838632776006,0.5951161367223994
18473,YHR214C-C tA(AGC)J,0.0,NA,0.011464235372841358,2850,12567,18474,0,0.6291935912189077,0.18486086787312705,1.0,0.4048516478206243,0.5951483521793757
18474,tM(CAU)O2 YBR073W,0.0,NA,0.011464235372841358,2850,12566,18475,0,0.6292230975775279,0.18487285936689155,1.0,0.4048194323636481,0.595180567636352
18475,YMR061W tN(GUU)P,0.0,NA,0.011464235372841358,2850,12565,18476,0,0.6292526039361482,0.18488485241647745,1.0,0.4047872169066718,0.5952127830933281
18476,YGR252W tN(GUU)O1,0.0,NA,0.011464235372841358,2850,12564,18477,0,0.6292821102947685,0.18489684702218762,1.0,0.40475500144969556,0.5952449985503044
18477,YDL145C tK(CUU)D2,0.0,NA,0.011464235372841358,2850,12563,18478,0,0.6293116166533888,0.18490884318432493,1.0,0.4047227859927193,0.5952772140072807
18478,tF(GAA)G YMR189W,0.0,NA,0.011464235372841358,2850,12562,18479,0,0.6293411230120091,0.18492084090319233,1.0,0.40469057053574303,0.5953094294642569
18479,tP(UGG)Q tV(AAC)G2,0.0,NA,0.011464235372841358,2850,12561,18480,0,0.6293706293706294,0.18493284017909287,1.0,0.4046583550787668,0.5953416449212332
18480,YNL186W tL(CAA)D,0.0,NA,0.011464235372841358,2850,12560,18481,0,0.6294001357292497,0.18494484101232966,1.0,0.40462613962179056,0.5953738603782095
18481,YCR086W tH(GUG)E2,0.0,NA,0.011464235372841358,2850,12559,18482,0,0.6294296420878699,0.18495684340320592,1.0,0.40459392416481427,0.5954060758351857
18482,SPA1 YDL149W,0.0,NA,0.011464235372841358,2850,12558,18483,0,0.6294591484464902,0.18496884735202493,1.0,0.40456170870783803,0.595438291292162
18483,YJR062C tK(UUU)P,0.0,NA,0.011464235372841358,2850,12557,18484,0,0.6294886548051105,0.18498085285909002,1.0,0.40452949325086174,0.5954705067491383
18484,tV(UAC)Q YHR166C,0.0,NA,0.011464235372841358,2850,12556,18485,0,0.6295181611637308,0.18499285992470466,1.0,0.4044972777938855,0.5955027222061144
18485,snR191 YPR122W,0.0,NA,0.011464235372841358,2850,12555,18486,0,0.629547667522351,0.18500486854917234,1.0,0.40446506233690926,0.5955349376630907
18486,tM(CAU)O2 YJL097W,0.0,NA,0.011464235372841358,2850,12554,18487,0,0.6295771738809713,0.18501687873279668,1.0,0.404432846879933,0.595567153120067
18487,R0030W YHR079C-A,0.0,NA,0.011464235372841358,2850,12553,18488,0,0.6296066802395917,0.1850288904758813,1.0,0.40440063142295674,0.5955993685770433
18488,YDR454C SUC3,0.0,NA,0.011464235372841358,2850,12552,18489,0,0.629636186598212,0.18504090377873003,1.0,0.4043684159659805,0.5956315840340195
18489,tT(AGU)N2 YLR256W,0.0,NA,0.011464235372841358,2850,12551,18490,0,0.6296656929568322,0.18505291864164664,1.0,0.4043362005090042,0.5956637994909958
18490,YBR029C snR49,0.0,NA,0.011464235372841358,2850,12550,18491,0,0.6296951993154525,0.18506493506493507,1.0,0.40430398505202797,0.5956960149479721
18491,YKR034W tS(AGA)G,0.0,NA,0.011464235372841358,2850,12549,18492,0,0.6297247056740728,0.1850769530488993,1.0,0.40427176959505173,0.5957282304049483
18492,PFK5 YFL018C,0.0,NA,0.011464235372841358,2850,12548,18493,0,0.629754212032693,0.18508897259384335,1.0,0.40423955413807544,0.5957604458619246
18493,YOR301W tL(CAA)C,0.0,NA,0.011464235372841358,2850,12547,18494,0,0.6297837183913133,0.18510099370007144,1.0,0.4042073386810992,0.5957926613189009
18494,tI(AAU)I2 tN(GUU)O1,0.0,NA,0.011464235372841358,2850,12546,18495,0,0.6298132247499336,0.18511301636788777,1.0,0.4041751232241229,0.595824876775877
18495,PFK5 tQ(CUG)M,0.0,NA,0.011464235372841358,2850,12545,18496,0,0.6298427311085539,0.18512504059759663,1.0,0.4041429077671467,0.5958570922328533
18496,YDR487C R0030W,0.0,NA,0.011464235372841358,2850,12544,18497,0,0.6298722374671741,0.1851370663895024,1.0,0.40411069231017044,0.5958893076898296
18497,tD(GUC)B YBR200W,0.0,NA,0.011464235372841358,2850,12543,18498,0,0.6299017438257944,0.18514909374390956,1.0,0.40407847685319415,0.5959215231468058
18498,GRD14 YOR014W,0.0,NA,0.011464235372841358,2850,12542,18499,0,0.6299312501844148,0.18516112266112267,1.0,0.4040462613962179,0.5959537386037821
18499,YHR193C tW(CCA)M,0.0,NA,0.011464235372841358,2850,12541,18500,0,0.6299607565430351,0.1851731531414463,1.0,0.4040140459392417,0.5959859540607584
18500,YGR274C snR191,0.0,NA,0.011464235372841358,2850,12540,18501,0,0.6299902629016553,0.18518518518518517,1.0,0.4039818304822654,0.5960181695177346
18501,YPR108W tI(AAU)D,0.0,NA,0.011464235372841358,2850,12539,18502,0,0.6300197692602756,0.18519721879264409,1.0,0.40394961502528914,0.5960503849747109
18502,YDR003W STA2,0.0,NA,0.011464235372841358,2850,12538,18503,0,0.6300492756188959,0.18520925396412788,1.0,0.40391739956831285,0.5960826004316871
18503,YMR161W snR40,0.0,NA,0.011464235372841358,2850,12537,18504,0,0.6300787819775161,0.1852212906999415,1.0,0.4038851841113366,0.5961148158886633
18504,MEL9 tG(GCC)O2,0.0,NA,0.011464235372841358,2850,12536,18505,0,0.6301082883361364,0.18523332900038997,1.0,0.4038529686543604,0.5961470313456396
18505,YOR308C tN(GUU)O2,0.0,NA,0.011464235372841358,2850,12535,18506,0,0.6301377946947567,0.18524536886577836,1.0,0.4038207531973841,0.5961792468026159
18506,YPL242C tE(UUC)G3,0.0,NA,0.011464235372841358,2850,12534,18507,0,0.630167301053377,0.18525741029641185,1.0,0.40378853774040785,0.5962114622595922
18507,tI(AAU)E1 YML026C,0.0,NA,0.011464235372841358,2850,12533,18508,0,0.6301968074119972,0.18526945329259573,1.0,0.4037563222834316,0.5962436777165684
18508,YOR207C tH(GUG)H,0.0,NA,0.011464235372841358,2850,12532,18509,0,0.6302263137706176,0.1852814978546353,1.0,0.4037241068264553,0.5962758931735447
18509,MEL2 YDR164C,0.0,NA,0.011464235372841358,2850,12531,18510,0,0.6302558201292379,0.18529354398283596,1.0,0.4036918913694791,0.596308108630521
18510,YIL044C tI(AAU)N1,0.0,NA,0.011464235372841358,2850,12530,18511,0,0.6302853264878582,0.18530559167750324,1.0,0.4036596759125028,0.5963403240874972
18511,YHL022C tF(GAA)D,0.0,NA,0.011464235372841358,2850,12529,18512,0,0.6303148328464784,0.1853176409389427,1.0,0.40362746045552655,0.5963725395444734
18512,YPL192C BIO6,0.0,NA,0.011464235372841358,2850,12528,18513,0,0.6303443392050987,0.18532969176746,1.0,0.4035952449985503,0.5964047550014497
18513,tM(CAU)O2 YDL111C,0.0,NA,0.011464235372841358,2850,12527,18514,0,0.630373845563719,0.18534174416336086,1.0,0.403563029541574,0.5964369704584259
18514,MEL2 YGL063W,0.0,NA,0.011464235372841358,2850,12526,18515,0,0.6304033519223393,0.1853537981269511,1.0,0.4035308140845978,0.5964691859154022
18515,Q0160 YOR192C-B,0.0,NA,0.011464235372841358,2850,12525,18516,0,0.6304328582809595,0.18536585365853658,1.0,0.40349859862762155,0.5965014013723785
18516,YDR536W tD(GUC)I1,0.0,NA,0.011464235372841358,2850,12524,18517,0,0.6304623646395798,0.1853779107584233,1.0,0.40346638317064526,0.5965336168293547
18517,YGL178W GRD18,0.0,NA,0.011464235372841358,2850,12523,18518,0,0.6304918709982001,0.18538996942691732,1.0,0.403434167713669,0.596565832286331
18518,YFL024C tL(UAG)J,0.0,NA,0.011464235372841358,2850,12522,18519,0,0.6305213773568203,0.18540202966432476,1.0,0.4034019522566928,0.5965980477433073
18519,YGL073W snR81,0.0,NA,0.011464235372841358,2850,12521,18520,0,0.6305508837154407,0.18541409147095178,1.0,0.4033697367997165,0.5966302632002835
18520,YOR145C NUP63,0.0,NA,0.011464235372841358,2850,12520,18521,0,0.630580390074061,0.18542615484710476,1.0,0.40333752134274026,0.5966624786572597
18521,ANC4 YNL327W,0.0,NA,0.011464235372841358,2850,12519,18522,0,0.6306098964326813,0.18543821979309,1.0,0.40330530588576397,0.596694694114236
18522,tL(UAG)L2 YDL213C,0.0,NA,0.011464235372841358,2850,12518,18523,0,0.6306394027913015,0.18545028630921395,1.0,0.40327309042878773,0.5967269095712122
18523,YPL086C tC(GCA)Q,0.0,NA,0.011464235372841358,2850,12517,18524,0,0.6306689091499218,0.18546235439578318,1.0,0.4032408749718115,0.5967591250281885
18524,YMR264W tD(GUC)K,0.0,NA,0.011464235372841358,2850,12516,18525,0,0.6306984155085421,0.18547442405310427,1.0,0.4032086595148352,0.5967913404851648
18525,tE(UUC)E3 YNL147W,0.0,NA,0.011464235372841358,2850,12515,18526,0,0.6307279218671624,0.1854864952814839,1.0,0.40317644405785896,0.5968235559421411
18526,YOR354C tW(CCA)G2,0.0,NA,0.011464235372841358,2850,12514,18527,0,0.6307574282257826,0.18549856808122886,1.0,0.4031442286008827,0.5968557713991173
18527,tA(AGC)F YGR083C,0.0,NA,0.011464235372841358,2850,12513,18528,0,0.6307869345844029,0.18551064245264598,1.0,0.40311201314390643,0.5968879868560936
18528,MAL62 YLR350W,0.0,NA,0.011464235372841358,2850,12512,18529,0,0.6308164409430232,0.18552271839604217,1.0,0.4030797976869302,0.5969202023130699
18529,tH(GUG)G2 YML064C,0.0,NA,0.011464235372841358,2850,12511,18530,0,0.6308459473016435,0.1855347959117245,1.0,0.4030475822299539,0.596952417770046
18530,tP(UGG)F YKR035W-A,0.0,NA,0.011464235372841358,2850,12510,18531,0,0.6308754536602638,0.185546875,1.0,0.40301536677297767,0.5969846332270223
18531,MAL41 YIL009C-A,0.0,NA,0.011464235372841358,2850,12509,18532,0,0.6309049600188841,0.18555895566117586,1.0,0.40298315131600143,0.5970168486839986
18532,YDR369C tI(AAU)I2,0.0,NA,0.011464235372841358,2850,12508,18533,0,0.6309344663775044,0.18557103789555932,1.0,0.40295093585902514,0.5970490641409748
18533,YGL038C tG(UCC)G,0.0,NA,0.011464235372841358,2850,12507,18534,0,0.6309639727361246,0.1855831217034577,1.0,0.4029187204020489,0.5970812795979511
18534,RRP2 YMR046C,0.0,NA,0.011464235372841358,2850,12506,18535,0,0.6309934790947449,0.18559520708517843,1.0,0.40288650494507267,0.5971134950549274
18535,YBR167C tT(UGU)G1,0.0,NA,0.011464235372841358,2850,12505,18536,0,0.6310229854533652,0.185607294041029,1.0,0.4028542894880964,0.5971457105119036
18536,YPL231W tF(GAA)B,0.0,NA,0.011464235372841358,2850,12504,18537,0,0.6310524918119855,0.1856193825713169,1.0,0.40282207403112014,0.5971779259688799
18537,tK(CUU)F YLR003C,0.0,NA,0.011464235372841358,2850,12503,18538,0,0.6310819981706057,0.1856314726763499,1.0,0.4027898585741439,0.5972101414258562
18538,R0010W YOR159C,0.0,NA,0.011464235372841358,2850,12502,18539,0,0.631111504529226,0.18564356435643564,1.0,0.4027576431171676,0.5972423568828323
18539,YOR229W tF(GAA)B,0.0,NA,0.011464235372841358,2850,12501,18540,0,0.6311410108878464,0.18565565761188196,1.0,0.40272542766019137,0.5972745723398086
18540,YHR001W tE(UUC)Q,0.0,NA,0.011464235372841358,2850,12500,18541,0,0.6311705172464667,0.18566775244299674,1.0,0.4026932122032151,0.5973067877967849
18541,YAL025C tG(UCC)G,0.0,NA,0.011464235372841358,2850,12499,18542,0,0.6312000236050869,0.18567984885008795,1.0,0.40266099674623884,0.5973390032537611
18542,YGL004C tM(CAU)D,0.0,NA,0.011464235372841358,2850,12498,18543,0,0.6312295299637072,0.18569194683346366,1.0,0.4026287812892626,0.5973712187107374
18543,snR191 YOL122C,0.0,NA,0.011464235372841358,2850,12497,18544,0,0.6312590363223275,0.18570404639343194,1.0,0.4025965658322863,0.5974034341677137
18544,YLR310C tI(AAU)I2,0.0,NA,0.011464235372841358,2850,12496,18545,0,0.6312885426809477,0.18571614753030105,1.0,0.4025643503753101,0.59743564962469
18545,YGL091C tI(AAU)I2,0.0,NA,0.011464235372841358,2850,12495,18546,0,0.631318049039568,0.18572825024437928,1.0,0.40253213491833384,0.5974678650816662
18546,YCL009C tI(AAU)E1,0.0,NA,0.011464235372841358,2850,12494,18547,0,0.6313475553981883,0.18574035453597498,1.0,0.40249991946135755,0.5975000805386425
18547,YMR165C tI(AAU)D,0.0,NA,0.011464235372841358,2850,12493,18548,0,0.6313770617568086,0.18575246040539659,1.0,0.4024677040043813,0.5975322959956187
18548,SUC7 YIL150C,0.0,NA,0.011464235372841358,2850,12492,18549,0,0.6314065681154288,0.18576456785295267,1.0,0.402435488547405,0.5975645114525949
18549,tD(GUC)B YLR075W,0.0,NA,0.011464235372841358,2850,12491,18550,0,0.6314360744740491,0.18577667687895183,1.0,0.4024032730904288,0.5975967269095712
18550,SPA1 YML043C,0.0,NA,0.011464235372841358,2850,12490,18551,0,0.6314655808326695,0.18578878748370273,1.0,0.40237105763345254,0.5976289423665475
18551,YDL111C tM(CAU)J2,0.0,NA,0.011464235372841358,2850,12489,18552,0,0.6314950871912898,0.18580089966751417,1.0,0.40233884217647625,0.5976611578235237
18552,tH(GUG)G1 YGR027W-B,0.0,NA,0.011464235372841358,2850,12488,18553,0,0.63152459354991,0.185813013430695,1.0,0.4023066267195,0.5976933732805
18553,snR53 tK(CUU)P,0.0,NA,0.011464235372841358,2850,12487,18554,0,0.6315540999085303,0.18582512877355414,1.0,0.4022744112625238,0.5977255887374763
18554,tR(ACG)D BIO6,0.0,NA,0.011464235372841358,2850,12486,18555,0,0.6315836062671506,0.18583724569640062,1.0,0.4022421958055475,0.5977578041944525
18555,tD(GUC)J2 YIL037C,0.0,NA,0.011464235372841358,2850,12485,18556,0,0.6316131126257708,0.18584936419954354,1.0,0.40220998034857125,0.5977900196514288
18556,YBR057C tW(CCA)M,0.0,NA,0.011464235372841358,2850,12484,18557,0,0.6316426189843911,0.18586148428329202,1.0,0.402177764891595,0.597822235108405
18557,YDR221W tV(AAC)E1,0.0,NA,0.011464235372841358,2850,12483,18558,0,0.6316721253430114,0.18587360594795538,1.0,0.4021455494346187,0.5978544505653812
18558,snR35 tI(AAU)G,0.0,NA,0.011464235372841358,2850,12482,18559,0,0.6317016317016317,0.18588572919384294,1.0,0.4021133339776425,0.5978866660223575
18559,YLL050C tK(CUU)C,0.0,NA,0.011464235372841358,2850,12481,18560,0,0.6317311380602519,0.1858978540212641,1.0,0.4020811185206662,0.5979188814793338
18560,snR84 YKR088C,0.0,NA,0.011464235372841358,2850,12480,18561,0,0.6317606444188723,0.18590998043052837,1.0,0.40204890306368996,0.59795109693631
18561,YHR185C tV(AAC)G2,0.0,NA,0.011464235372841358,2850,12479,18562,0,0.6317901507774926,0.18592210842194534,1.0,0.4020166876067137,0.5979833123932863
18562,YPR009W AWA1,0.0,NA,0.011464235372841358,2850,12478,18563,0,0.6318196571361129,0.18593423799582465,1.0,0.4019844721497374,0.5980155278502626
18563,tP(UGG)F YCR060W,0.0,NA,0.011464235372841358,2850,12477,18564,0,0.6318491634947331,0.18594636915247603,1.0,0.4019522566927612,0.5980477433072389
18564,YGR283C OSR7,0.0,NA,0.011464235372841358,2850,12476,18565,0,0.6318786698533534,0.1859585018922093,1.0,0.40192004123578495,0.598079958764215
18565,YDR379W tD(GUC)J4,0.0,NA,0.011464235372841358,2850,12475,18566,0,0.6319081762119737,0.1859706362153344,1.0,0.40188782577880866,0.5981121742211913
18566,YLR301W tK(UUU)O,0.0,NA,0.011464235372841358,2850,12474,18567,0,0.631937682570594,0.18598277212216133,1.0,0.4018556103218324,0.5981443896781676
18567,YGL169W tV(AAC)M2,0.0,NA,0.011464235372841358,2850,12473,18568,0,0.6319671889292142,0.18599490961300005,1.0,0.40182339486485613,0.5981766051351438
18568,MEL10 YCL014W,0.0,NA,0.011464235372841358,2850,12472,18569,0,0.6319966952878345,0.18600704868816081,1.0,0.4017911794078799,0.5982088205921201
18569,YML103C tM(CAU)D,0.0,NA,0.011464235372841358,2850,12471,18570,0,0.6320262016464548,0.18601918934795378,1.0,0.40175896395090366,0.5982410360490964
18570,tG(UCC)Q YJL157C,0.0,NA,0.011464235372841358,2850,12470,18571,0,0.632055708005075,0.1860313315926893,1.0,0.40172674849392737,0.5982732515060726
18571,YDR531W tD(GUC)J3,0.0,NA,0.011464235372841358,2850,12469,18572,0,0.6320852143636954,0.1860434754226777,1.0,0.40169453303695113,0.5983054669630489
18572,tA(AGC)F YPL096C-A,0.0,NA,0.011464235372841358,2850,12468,18573,0,0.6321147207223157,0.18605562083822955,1.0,0.4016623175799749,0.5983376824200252
18573,YDR331W tI(AAU)D,0.0,NA,0.011464235372841358,2850,12467,18574,0,0.632144227080936,0.18606776783965528,1.0,0.4016301021229986,0.5983698978770013
18574,YOR107W tK(UUU)Q,0.0,NA,0.011464235372841358,2850,12466,18575,0,0.6321737334395562,0.1860799164272656,1.0,0.40159788666602236,0.5984021133339776
18575,snR57 YIL173W,0.0,NA,0.011464235372841358,2850,12465,18576,0,0.6322032397981765,0.1860920666013712,1.0,0.4015656712090461,0.5984343287909539
18576,YDR517W tN(GUU)G,0.0,NA,0.011464235372841358,2850,12464,18577,0,0.6322327461567968,0.18610421836228289,1.0,0.40153345575206983,0.5984665442479301
18577,YLR139C tD(GUC)Q,0.0,NA,0.011464235372841358,2850,12463,18578,0,0.6322622525154171,0.1861163717103115,1.0,0.4015012402950936,0.5984987597049064
18578,YHR052W OSR9,0.0,NA,0.011464235372841358,2850,12462,18579,0,0.6322917588740373,0.18612852664576804,1.0,0.4014690248381173,0.5985309751618827
18579,tT(AGU)H YGL096W,0.0,NA,0.011464235372841358,2850,12461,18580,0,0.6323212652326576,0.18614068316896348,1.0,0.40143680938114107,0.5985631906188589
18580,tM(CAU)C YLR011W,0.0,NA,0.011464235372841358,2850,12460,18581,0,0.632350771591278,0.186152841280209,1.0,0.40140459392416483,0.5985954060758352
18581,snR14 YDR320C-A,0.0,NA,0.011464235372841358,2850,12459,18582,0,0.6323802779498982,0.18616500097981578,1.0,0.40137237846718854,0.5986276215328115
18582,tT(UGU)Q1 YNL180C,0.0,NA,0.011464235372841358,2850,12458,18583,0,0.6324097843085185,0.1861771622680951,1.0,0.4013401630102123,0.5986598369897878
18583,SUC3 YPL123C,0.0,NA,0.011464235372841358,2850,12457,18584,0,0.6324392906671388,0.18618932514535833,1.0,0.40130794755323607,0.5986920524467639
18584,YJL176C URR4,0.0,NA,0.011464235372841358,2850,12456,18585,0,0.6324687970257591,0.1862014896119169,1.0,0.4012757320962598,0.5987242679037402
18585,R0010W YDR122W,0.0,NA,0.011464235372841358,2850,12455,18586,0,0.6324983033843793,0.18621365566808232,1.0,0.40124351663928354,0.5987564833607165
18586,OSR2 YKL138C-A,0.0,NA,0.011464235372841358,2850,12454,18587,0,0.6325278097429996,0.18622582331416623,1.0,0.40121130118230725,0.5987886988176927
18587,tH(GUG)Q YLR051C,0.0,NA,0.011464235372841358,2850,12453,18588,0,0.6325573161016199,0.1862379925504803,1.0,0.401179085725331,0.598820914274669
18588,YBR083W tT(UGU)H,0.0,NA,0.011464235372841358,2850,12452,18589,0,0.6325868224602402,0.1862501633773363,1.0,0.40114687026835477,0.5988531297316453
18589,YEL018W MAL41,0.0,NA,0.011464235372841358,2850,12451,18590,0,0.6326163288188604,0.18626233579504609,1.0,0.4011146548113785,0.5988853451886215
18590,YCR068W tN(GUU)P,0.0,NA,0.011464235372841358,2850,12450,18591,0,0.6326458351774807,0.18627450980392157,1.0,0.40108243935440224,0.5989175606455978
18591,tT(UGU)Q1 YGR145W,0.0,NA,0.011464235372841358,2850,12449,18592,0,0.632675341536101,0.1862866854042748,1.0,0.401050223897426,0.598949776102574
18592,YDR300C tD(GUC)I2,0.0,NA,0.011464235372841358,2850,12448,18593,0,0.6327048478947214,0.18629886259641784,1.0,0.4010180084404497,0.5989819915595502
18593,YGR170W tA(AGC)H,0.0,NA,0.011464235372841358,2850,12447,18594,0,0.6327343542533416,0.18631104138066287,1.0,0.4009857929834735,0.5990142070165265
18594,YLL043W tF(GAA)P1,0.0,NA,0.011464235372841358,2850,12446,18595,0,0.6327638606119619,0.1863232217573222,1.0,0.40095357752649724,0.5990464224735028
18595,tK(CUU)K YBR021W,0.0,NA,0.011464235372841358,2850,12445,18596,0,0.6327933669705822,0.18633540372670807,1.0,0.40092136206952095,0.599078637930479
18596,tT(AGU)D YOR030W,0.0,NA,0.011464235372841358,2850,12444,18597,0,0.6328228733292024,0.186347587289133,1.0,0.4008891466125447,0.5991108533874553
18597,YEL019C tP(UGG)N2,0.0,NA,0.011464235372841358,2850,12443,18598,0,0.6328523796878227,0.18635977244490945,1.0,0.4008569311555684,0.5991430688444316
18598,snR10 YGR074W,0.0,NA,0.011464235372841358,2850,12442,18599,0,0.632881886046443,0.18637195919434998,1.0,0.4008247156985922,0.5991752843014078
18599,URR4 YLR035C,0.0,NA,0.011464235372841358,2850,12441,18600,0,0.6329113924050633,0.1863841475377673,1.0,0.40079250024161595,0.599207499758384
18600,YGL185C Q0275,0.0,NA,0.011464235372841358,2850,12440,18601,0,0.6329408987636835,0.18639633747547416,1.0,0.40076028478463965,0.5992397152153603
18601,YNR041C snR49,0.0,NA,0.011464235372841358,2850,12439,18602,0,0.6329704051223038,0.18640852900778337,1.0,0.4007280693276634,0.5992719306723366
18602,tG(GCC)P2 tH(GUG)E2,0.0,NA,0.011464235372841358,2850,12438,18603,0,0.6329999114809242,0.18642072213500785,1.0,0.4006958538706872,0.5993041461293128
18603,MEL7 YLR275W,0.0,NA,0.011464235372841358,2850,12437,18604,0,0.6330294178395445,0.18643291685746058,1.0,0.4006636384137109,0.5993363615862891
18604,YLR088W tI(AAU)B,0.0,NA,0.011464235372841358,2850,12436,18605,0,0.6330589241981647,0.18644511317545467,1.0,0.40063142295673465,0.5993685770432654
18605,GRD16 YGR134W,0.0,NA,0.011464235372841358,2850,12435,18606,0,0.633088430556785,0.18645731108930325,1.0,0.40059920749975836,0.5994007925002416
18606,YKR059W tC(GCA)G,0.0,NA,0.011464235372841358,2850,12434,18607,0,0.6331179369154053,0.18646951059931954,1.0,0.4005669920427821,0.5994330079572179
18607,tI(AAU)N1 YJL184W,0.0,NA,0.011464235372841358,2850,12433,18608,0,0.6331474432740255,0.18648171170581693,1.0,0.4005347765858059,0.5994652234141942
18608,GRD3 YIL168W,0.0,NA,0.011464235372841358,2850,12432,18609,0,0.6331769496326458,0.18649391440910876,1.0,0.4005025611288296,0.5994974388711704
18609,GRD14 snR58,0.0,NA,0.011464235372841358,2850,12431,18610,0,0.6332064559912661,0.18650611870950853,1.0,0.40047034567185336,0.5995296543281466
18610,PFK5 A1,0.0,NA,0.011464235372841358,2850,12430,18611,0,0.6332359623498864,0.18651832460732984,1.0,0.4004381302148771,0.5995618697851229
18611,YIL173W tS(GCU)F,0.0,NA,0.011464235372841358,2850,12429,18612,0,0.6332654687085066,0.1865305321028863,1.0,0.4004059147579008,0.5995940852420991
18612,YPL224C tN(GUU)L,0.0,NA,0.011464235372841358,2850,12428,18613,0,0.633294975067127,0.1865427411964917,1.0,0.4003736993009246,0.5996263006990754
18613,YMR168C MAL43,0.0,NA,0.011464235372841358,2850,12427,18614,0,0.6333244814257473,0.18655495188845977,1.0,0.40034148384394835,0.5996585161560517
18614,snR191 YGR232W,0.0,NA,0.011464235372841358,2850,12426,18615,0,0.6333539877843676,0.1865671641791045,1.0,0.40030926838697206,0.5996907316130279
18615,YOR192C-A tD(GUC)L1,0.0,NA,0.011464235372841358,2850,12425,18616,0,0.6333834941429878,0.18657937806873978,1.0,0.4002770529299958,0.5997229470700042
18616,tN(GUU)N1 YOR115C,0.0,NA,0.011464235372841358,2850,12424,18617,0,0.6334130005016081,0.1865915935576797,1.0,0.40024483747301953,0.5997551625269805
18617,tR(ACG)Q2 YNL099C,0.0,NA,0.011464235372841358,2850,12423,18618,0,0.6334425068602284,0.18660381064623846,1.0,0.4002126220160433,0.5997873779839566
18618,tY(GUA)D YOL127W,0.0,NA,0.011464235372841358,2850,12422,18619,0,0.6334720132188487,0.18661602933473023,1.0,0.40018040655906706,0.5998195934409329
18619,YHR001W tY(GUA)J2,0.0,NA,0.011464235372841358,2850,12421,18620,0,0.6335015195774689,0.18662824962346933,1.0,0.40014819110209077,0.5998518088979092
18620,tV(AAC)E1 tR(CCG)L,0.0,NA,0.011464235372841358,2850,12420,18621,0,0.6335310259360892,0.18664047151277013,1.0,0.40011597564511453,0.5998840243548855
18621,YGL014W tK(UUU)L,0.0,NA,0.011464235372841358,2850,12419,18622,0,0.6335605322947095,0.18665269500294715,1.0,0.4000837601881383,0.5999162398118617
18622,YEL018W tH(GUG)H,0.0,NA,0.011464235372841358,2850,12418,18623,0,0.6335900386533297,0.1866649200943149,1.0,0.400051544731162,0.599948455268838
18623,YDR096W tN(GUU)P,0.0,NA,0.011464235372841358,2850,12417,18624,0,0.6336195450119501,0.18667714678718805,1.0,0.40001932927418576,0.5999806707258143
18624,tH(GUG)G2 YCR037C,0.0,NA,0.011464235372841358,2850,12416,18625,0,0.6336490513705704,0.1866893750818813,1.0,0.39998711381720947,0.6000128861827905
18625,snR85 YJL113W,0.0,NA,0.011464235372841358,2850,12415,18626,0,0.6336785577291907,0.18670160497870947,1.0,0.39995489836023324,0.6000451016397668
18626,GRD10 YJR153W,0.0,NA,0.011464235372841358,2850,12414,18627,0,0.6337080640878109,0.18671383647798742,1.0,0.399922682903257,0.6000773170967431
18627,tQ(UUG)Q YGR088W,0.0,NA,0.011464235372841358,2850,12413,18628,0,0.6337375704464312,0.18672606958003013,1.0,0.3998904674462807,0.6001095325537192
18628,YOR115C tP(UGG)O2,0.0,NA,0.011464235372841358,2850,12412,18629,0,0.6337670768050515,0.18673830428515267,1.0,0.39985825198930447,0.6001417480106955
18629,RDN5 YKL074C,0.0,NA,0.011464235372841358,2850,12411,18630,0,0.6337965831636718,0.18675054059367013,1.0,0.39982603653232823,0.6001739634676718
18630,OSR9 YNL258C,0.0,NA,0.011464235372841358,2850,12410,18631,0,0.633826089522292,0.18676277850589776,1.0,0.39979382107535194,0.600206178924648
18631,YGL224C snR86,0.0,NA,0.011464235372841358,2850,12409,18632,0,0.6338555958809123,0.18677501802215085,1.0,0.3997616056183757,0.6002383943816243
18632,MAL62 YCL050C,0.0,NA,0.011464235372841358,2850,12408,18633,0,0.6338851022395326,0.1867872591427448,1.0,0.39972939016139947,0.6002706098386006
18633,tR(UCU)G2 YKR014C,0.0,NA,0.011464235372841358,2850,12407,18634,0,0.6339146085981529,0.18679950186799502,1.0,0.3996971747044232,0.6003028252955768
18634,tP(UGG)N2 YDR477W,0.0,NA,0.011464235372841358,2850,12406,18635,0,0.6339441149567732,0.18681174619821708,1.0,0.39966495924744694,0.6003350407525531
18635,RDN5 YNL330C,0.0,NA,0.011464235372841358,2850,12405,18636,0,0.6339736213153935,0.18682399213372664,1.0,0.39963274379047065,0.6003672562095294
18636,GCD3 YBR035C,0.0,NA,0.011464235372841358,2850,12404,18637,0,0.6340031276740138,0.1868362396748394,1.0,0.3996005283334944,0.6003994716665055
18637,tF(GAA)H2 YNL332W,0.0,NA,0.011464235372841358,2850,12403,18638,0,0.634032634032634,0.1868484888218711,1.0,0.3995683128765182,0.6004316871234818
18638,YOL059W tS(AGA)H,0.0,NA,0.011464235372841358,2850,12402,18639,0,0.6340621403912543,0.18686073957513769,1.0,0.3995360974195419,0.6004639025804581
18639,ESC3 YNL127W,0.0,NA,0.011464235372841358,2850,12401,18640,0,0.6340916467498746,0.18687299193495507,1.0,0.39950388196256564,0.6004961180374344
18640,YFR052W tE(UUC)Q,0.0,NA,0.011464235372841358,2850,12400,18641,0,0.6341211531084949,0.18688524590163935,1.0,0.3994716665055894,0.6005283334944106
18641,tD(GUC)M YDR246W,0.0,NA,0.011464235372841358,2850,12399,18642,0,0.6341506594671151,0.1868975014755066,1.0,0.3994394510486131,0.6005605489513869
18642,tK(UUU)Q YJL095W,0.0,NA,0.011464235372841358,2850,12398,18643,0,0.6341801658257354,0.18690975865687304,1.0,0.3994072355916369,0.6005927644083632
18643,YOR089C AWA1,0.0,NA,0.011464235372841358,2850,12397,18644,0,0.6342096721843558,0.18692201744605497,1.0,0.3993750201346606,0.6006249798653394
18644,YJR031C tE(UUC)G2,0.0,NA,0.011464235372841358,2850,12396,18645,0,0.634239178542976,0.18693427784336875,1.0,0.39934280467768435,0.6006571953223157
18645,YIR022W PFK4,0.0,NA,0.011464235372841358,2850,12395,18646,0,0.6342686849015963,0.18694653984913087,1.0,0.3993105892207081,0.6006894107792919
18646,tF(GAA)G YDL125C,0.0,NA,0.011464235372841358,2850,12394,18647,0,0.6342981912602166,0.18695880346365784,1.0,0.3992783737637318,0.6007216262362681
18647,tL(UAA)B1 YHR150W,0.0,NA,0.011464235372841358,2850,12393,18648,0,0.6343276976188369,0.1869710686872663,1.0,0.3992461583067556,0.6007538416932444
18648,YDR478W tF(GAA)D,0.0,NA,0.011464235372841358,2850,12392,18649,0,0.6343572039774571,0.18698333552027294,1.0,0.39921394284977935,0.6007860571502207
18649,YOL125W tP(UGG)H,0.0,NA,0.011464235372841358,2850,12391,18650,0,0.6343867103360774,0.18699560396299456,1.0,0.39918172739280305,0.6008182726071969
18650,SME2 YNR016C,0.0,NA,0.011464235372841358,2850,12390,18651,0,0.6344162166946977,0.18700787401574803,1.0,0.3991495119358268,0.6008504880641732
18651,YBR061C AWA1,0.0,NA,0.011464235372841358,2850,12389,18652,0,0.634445723053318,0.1870201456788503,1.0,0.3991172964788505,0.6008827035211495
18652,YJL087C tY(GUA)J1,0.0,NA,0.011464235372841358,2850,12388,18653,0,0.6344752294119382,0.18703241895261846,1.0,0.3990850810218743,0.6009149189781257
18653,tK(CUU)K YOR142W-A,0.0,NA,0.011464235372841358,2850,12387,18654,0,0.6345047357705585,0.18704469383736957,1.0,0.39905286556489805,0.600947134435102
18654,tI(AAU)G YKR082W,0.0,NA,0.011464235372841358,2850,12386,18655,0,0.6345342421291789,0.18705697033342084,1.0,0.39902065010792176,0.6009793498920782
18655,YGR023W tW(CCA)G1,0.0,NA,0.011464235372841358,2850,12385,18656,0,0.6345637484877992,0.1870692484410896,1.0,0.3989884346509455,0.6010115653490544
18656,OSR9 YDR191W,0.0,NA,0.011464235372841358,2850,12384,18657,0,0.6345932548464194,0.18708152816069318,1.0,0.3989562191939693,0.6010437808060307
18657,YBR142W tI(AAU)I2,0.0,NA,0.011464235372841358,2850,12383,18658,0,0.6346227612050397,0.18709380949254908,1.0,0.398924003736993,0.601075996263007
18658,YMR104C snR84,0.0,NA,0.011464235372841358,2850,12382,18659,0,0.63465226756366,0.1871060924369748,1.0,0.39889178828001676,0.6011082117199833
18659,YHR178W snR30,0.0,NA,0.011464235372841358,2850,12381,18660,0,0.6346817739222802,0.18711837699428796,1.0,0.3988595728230405,0.6011404271769595
18660,YGL232W tP(UGG)M,0.0,NA,0.011464235372841358,2850,12380,18661,0,0.6347112802809005,0.1871306631648063,1.0,0.39882735736606423,0.6011726426339358
18661,YGL093W tT(UGU)H,0.0,NA,0.011464235372841358,2850,12379,18662,0,0.6347407866395208,0.1871429509488476,1.0,0.398795141909088,0.6012048580909121
18662,RDN25 YBR299W,0.0,NA,0.011464235372841358,2850,12378,18663,0,0.6347702929981411,0.1871552403467297,1.0,0.3987629264521117,0.6012370735478882
18663,TER1 YFL018C,0.0,NA,0.011464235372841358,2850,12377,18664,0,0.6347997993567613,0.1871675313587706,1.0,0.39873071099513546,0.6012692890048645
18664,YDL184C BIO6,0.0,NA,0.011464235372841358,2850,12376,18665,0,0.6348293057153817,0.18717982398528832,1.0,0.3986984955381592,0.6013015044618408
18665,YDL210W tV(AAC)E2,0.0,NA,0.011464235372841358,2850,12375,18666,0,0.634858812074002,0.18719211822660098,1.0,0.39866628008118293,0.601333719918817
18666,snR82 YOL148C,0.0,NA,0.011464235372841358,2850,12374,18667,0,0.6348883184326223,0.1872044140830268,1.0,0.3986340646242067,0.6013659353757933
18667,RDN5 YER030W,0.0,NA,0.011464235372841358,2850,12373,18668,0,0.6349178247912425,0.18721671155488406,1.0,0.39860184916723046,0.6013981508327696
18668,tT(UGU)Q1 YHR188C,0.0,NA,0.011464235372841358,2850,12372,18669,0,0.6349473311498628,0.18722901064249114,1.0,0.39856963371025417,0.6014303662897458
18669,tH(GUG)G1 YAL054C,0.0,NA,0.011464235372841358,2850,12371,18670,0,0.6349768375084831,0.18724131134616648,1.0,0.39853741825327793,0.6014625817467221
18670,YML114C tL(CAA)K,0.0,NA,0.011464235372841358,2850,12370,18671,0,0.6350063438671033,0.18725361366622864,1.0,0.39850520279630164,0.6014947972036984
18671,tL(CAA)M YJR160C,0.0,NA,0.011464235372841358,2850,12369,18672,0,0.6350358502257236,0.18726591760299627,1.0,0.3984729873393254,0.6015270126606745
18672,tV(AAC)E2 YJR010C-A,0.0,NA,0.011464235372841358,2850,12368,18673,0,0.6350653565843439,0.18727822315678802,1.0,0.39844077188234917,0.6015592281176508
18673,YDL184C tL(UAA)N,0.0,NA,0.011464235372841358,2850,12367,18674,0,0.6350948629429642,0.18729053032792273,1.0,0.3984085564253729,0.6015914435746271
18674,tI(AAU)P1 YJR075W,0.0,NA,0.011464235372841358,2850,12366,18675,0,0.6351243693015844,0.18730283911671924,1.0,0.39837634096839664,0.6016236590316033
18675,snR83 YLR192C,0.0,NA,0.011464235372841358,2850,12365,18676,0,0.6351538756602048,0.18731514952349654,1.0,0.3983441255114204,0.6016558744885796
18676,YML082W OSR8,0.0,NA,0.011464235372841358,2850,12364,18677,0,0.6351833820188251,0.1873274615485737,1.0,0.3983119100544441,0.6016880899455559
18677,tT(AGU)H tD(GUC)J4,0.0,NA,0.011464235372841358,2850,12363,18678,0,0.6352128883774454,0.18733977519226977,1.0,0.39827969459746787,0.6017203054025322
18678,YHL040C NUP63,0.0,NA,0.011464235372841358,2850,12362,18679,0,0.6352423947360656,0.18735209045490403,1.0,0.39824747914049163,0.6017525208595084
18679,tD(GUC)B YPL268W,0.0,NA,0.011464235372841358,2850,12361,18680,0,0.6352719010946859,0.18736440733679574,1.0,0.39821526368351534,0.6017847363164847
18680,YCR012W tH(GUG)E2,0.0,NA,0.011464235372841358,2850,12360,18681,0,0.6353014074533062,0.1873767258382643,1.0,0.3981830482265391,0.601816951773461
18681,YFL034C-B tS(AGA)H,0.0,NA,0.011464235372841358,2850,12359,18682,0,0.6353309138119265,0.18738904595962916,1.0,0.3981508327695628,0.6018491672304371
18682,tR(UCU)Q1 YGL016W,0.0,NA,0.011464235372841358,2850,12358,18683,0,0.6353604201705467,0.18740136770120988,1.0,0.3981186173125866,0.6018813826874134
18683,snR7-S YPR156C,0.0,NA,0.011464235372841358,2850,12357,18684,0,0.635389926529167,0.1874136910633261,1.0,0.39808640185561034,0.6019135981443897
18684,YBR079C tD(GUC)J4,0.0,NA,0.011464235372841358,2850,12356,18685,0,0.6354194328877873,0.18742601604629752,1.0,0.39805418639863405,0.6019458136013659
18685,YDR083W tI(AAU)B,0.0,NA,0.011464235372841358,2850,12355,18686,0,0.6354489392464076,0.18743834265044393,1.0,0.3980219709416578,0.6019780290583422
18686,YAR050W tI(AAU)P1,0.0,NA,0.011464235372841358,2850,12354,18687,0,0.6354784456050279,0.18745067087608525,1.0,0.3979897554846816,0.6020102445153185
18687,ANC4 YPL070W,0.0,NA,0.011464235372841358,2850,12353,18688,0,0.6355079519636482,0.1874630007235414,1.0,0.3979575400277053,0.6020424599722947
18688,RDN58 YGR085C,0.0,NA,0.011464235372841358,2850,12352,18689,0,0.6355374583222685,0.18747533219313248,1.0,0.39792532457072904,0.602074675429271
18689,YOL059W MEL6,0.0,NA,0.011464235372841358,2850,12351,18690,0,0.6355669646808887,0.1874876652851786,1.0,0.39789310911375275,0.6021068908862472
18690,tI(UAU)D YHR135C,0.0,NA,0.011464235372841358,2850,12350,18691,0,0.635596471039509,0.1875,1.0,0.3978608936567765,0.6021391063432234
18691,YAL007C tW(UCA)Q,0.0,NA,0.011464235372841358,2850,12349,18692,0,0.6356259773981293,0.18751233633791697,1.0,0.3978286781998003,0.6021713218001997
18692,tH(GUG)Q snR3,0.0,NA,0.011464235372841358,2850,12348,18693,0,0.6356554837567496,0.1875246742992499,1.0,0.397796462742824,0.602203537257176
18693,YPL252C GRD5,0.0,NA,0.011464235372841358,2850,12347,18694,0,0.6356849901153698,0.1875370138843193,1.0,0.39776424728584775,0.6022357527141522
18694,YLR301W tV(AAC)K2,0.0,NA,0.011464235372841358,2850,12346,18695,0,0.6357144964739901,0.18754935509344564,1.0,0.3977320318288715,0.6022679681711285
18695,tL(UAA)B2 YHL036W,0.0,NA,0.011464235372841358,2850,12345,18696,0,0.6357440028326105,0.18756169792694966,1.0,0.3976998163718952,0.6023001836281048
18696,YPL147W tN(GUU)O1,0.0,NA,0.011464235372841358,2850,12344,18697,0,0.6357735091912307,0.18757404238515205,1.0,0.397667600914919,0.6023323990850811
18697,YHL009W-A YML098W,0.0,NA,0.011464235372841358,2850,12343,18698,0,0.635803015549851,0.18758638846837358,1.0,0.39763538545794275,0.6023646145420573
18698,tA(AGC)F YNL082W,0.0,NA,0.011464235372841358,2850,12342,18699,0,0.6358325219084713,0.18759873617693523,1.0,0.39760317000096645,0.6023968299990335
18699,YLR166C AWA1,0.0,NA,0.011464235372841358,2850,12341,18700,0,0.6358620282670916,0.18761108551115793,1.0,0.3975709545439902,0.6024290454560098
18700,tF(GAA)H2 YKL220C,0.0,NA,0.011464235372841358,2850,12340,18701,0,0.6358915346257118,0.18762343647136273,1.0,0.3975387390870139,0.602461260912986
18701,TER1 YPR171W,0.0,NA,0.011464235372841358,2850,12339,18702,0,0.6359210409843321,0.18763578905787082,1.0,0.3975065236300377,0.6024934763699623
18702,YFL002W-B tT(AGU)I1,0.0,NA,0.011464235372841358,2850,12338,18703,0,0.6359505473429524,0.18764814327100343,1.0,0.39747430817306145,0.6025256918269386
18703,tF(GAA)N YBL079W,0.0,NA,0.011464235372841358,2850,12337,18704,0,0.6359800537015727,0.18766049911108185,1.0,0.39744209271608516,0.6025579072839148
18704,snR73 tF(GAA)D,0.0,NA,0.011464235372841358,2850,12336,18705,0,0.6360095600601929,0.1876728565784275,1.0,0.3974098772591089,0.6025901227408911
18705,YLR048W tT(AGU)I1,0.0,NA,0.011464235372841358,2850,12335,18706,0,0.6360390664188132,0.18768521567336188,1.0,0.3973776618021327,0.6026223381978674
18706,tM(CAU)O2 YKL019W,0.0,NA,0.011464235372841358,2850,12334,18707,0,0.6360685727774336,0.18769757639620654,1.0,0.3973454463451564,0.6026545536548435
18707,tL(UAG)L2 YBR176W,0.0,NA,0.011464235372841358,2850,12333,18708,0,0.6360980791360539,0.18770993874728314,1.0,0.39731323088818016,0.6026867691118198
18708,tY(GUA)M1 YOR167C,0.0,NA,0.011464235372841358,2850,12332,18709,0,0.6361275854946741,0.18772230272691345,1.0,0.39728101543120387,0.6027189845687961
18709,SUC3 YHR169W,0.0,NA,0.011464235372841358,2850,12331,18710,0,0.6361570918532944,0.18773466833541927,1.0,0.39724879997422763,0.6027512000257723
18710,YHL011C tT(AGU)D,0.0,NA,0.011464235372841358,2850,12330,18711,0,0.6361865982119147,0.18774703557312253,1.0,0.3972165845172514,0.6027834154827486
18711,YPL046C tK(UUU)P,0.0,NA,0.011464235372841358,2850,12329,18712,0,0.6362161045705349,0.18775940444034522,1.0,0.3971843690602751,0.6028156309397249
18712,tT(AGU)H YIR021W,0.0,NA,0.011464235372841358,2850,12328,18713,0,0.6362456109291552,0.1877717749374094,1.0,0.39715215360329886,0.6028478463967012
18713,YBR041W snR40,0.0,NA,0.011464235372841358,2850,12327,18714,0,0.6362751172877755,0.18778414706463728,1.0,0.3971199381463226,0.6028800618536774
18714,tD(GUC)L2 YNL309W,0.0,NA,0.011464235372841358,2850,12326,18715,0,0.6363046236463958,0.18779652082235107,1.0,0.39708772268934633,0.6029122773106537
18715,R0010W YBR245C,0.0,NA,0.011464235372841358,2850,12325,18716,0,0.636334130005016,0.18780889621087316,1.0,0.3970555072323701,0.60294449276763
18716,ANC4 YOL103W-B,0.0,NA,0.011464235372841358,2850,12324,18717,0,0.6363636363636364,0.1878212732305259,1.0,0.39702329177539386,0.6029767082246061
18717,YPL242C tV(AAC)K2,0.0,NA,0.011464235372841358,2850,12323,18718,0,0.6363931427222567,0.18783365188163184,1.0,0.39699107631841757,0.6030089236815824
18718,tS(GCU)Q1 tQ(UUG)L,0.0,NA,0.011464235372841358,2850,12322,18719,0,0.636422649080877,0.18784603216451357,1.0,0.39695886086144133,0.6030411391385587
18719,MPR1 YGR027W-B,0.0,NA,0.011464235372841358,2850,12321,18720,0,0.6364521554394972,0.18785841407949377,1.0,0.39692664540446504,0.6030733545955349
18720,tF(GAA)N YLR467W,0.0,NA,0.011464235372841358,2850,12320,18721,0,0.6364816617981175,0.18787079762689518,1.0,0.3968944299474888,0.6031055700525112
18721,OSR9 YDR072C,0.0,NA,0.011464235372841358,2850,12319,18722,0,0.6365111681567378,0.18788318280704067,1.0,0.39686221449051257,0.6031377855094875
18722,YOR192C-A YER176W,0.0,NA,0.011464235372841358,2850,12318,18723,0,0.636540674515358,0.18789556962025317,1.0,0.3968299990335363,0.6031700009664637
18723,URR4 YJL071W,0.0,NA,0.011464235372841358,2850,12317,18724,0,0.6365701808739783,0.18790795806685567,1.0,0.39679778357656004,0.60320221642344
18724,tK(UUU)D YHR043C,0.0,NA,0.011464235372841358,2850,12316,18725,0,0.6365996872325986,0.18792034814717132,1.0,0.3967655681195838,0.6032344318804163
18725,tC(GCA)Q YML078W,0.0,NA,0.011464235372841358,2850,12315,18726,0,0.636629193591219,0.18793273986152326,1.0,0.3967333526626075,0.6032666473373924
18726,tG(GCC)E YDR385W,0.0,NA,0.011464235372841358,2850,12314,18727,0,0.6366586999498391,0.18794513321023476,1.0,0.39670113720563127,0.6032988627943687
18727,YCR081W tW(CCA)M,0.0,NA,0.011464235372841358,2850,12313,18728,0,0.6366882063084595,0.18795752819362924,1.0,0.396668921748655,0.603331078251345
18728,tK(UUU)D YGL244W,0.0,NA,0.011464235372841358,2850,12312,18729,0,0.6367177126670798,0.18796992481203006,1.0,0.39663670629167874,0.6033632937083212
18729,YNL189W tI(AAU)E1,0.0,NA,0.011464235372841358,2850,12311,18730,0,0.6367472190257001,0.18798232306576082,1.0,0.3966044908347025,0.6033955091652975
18730,tH(GUG)H YJR010C-A,0.0,NA,0.011464235372841358,2850,12310,18731,0,0.6367767253843203,0.1879947229551451,1.0,0.3965722753777262,0.6034277246222738
18731,tK(UUU)D YBR216C,0.0,NA,0.011464235372841358,2850,12309,18732,0,0.6368062317429406,0.18800712448050663,1.0,0.39654005992075,0.6034599400792501
18732,tY(GUA)M1 YDR420W,0.0,NA,0.011464235372841358,2850,12308,18733,0,0.6368357381015609,0.18801952764216914,1.0,0.39650784446377374,0.6034921555362263
18733,YLR157C-A YKL175W,0.0,NA,0.011464235372841358,2850,12307,18734,0,0.6368652444601812,0.18803193244045655,1.0,0.39647562900679745,0.6035243709932026
18734,tT(UGU)H YHR214C-C,0.0,NA,0.011464235372841358,2850,12306,18735,0,0.6368947508188014,0.1880443388756928,1.0,0.3964434135498212,0.6035565864501788
18735,tL(CAA)D YDL170W,0.0,NA,0.011464235372841358,2850,12305,18736,0,0.6369242571774217,0.1880567469482019,1.0,0.396411198092845,0.603588801907155
18736,YPR138C tN(GUU)G,0.0,NA,0.011464235372841358,2850,12304,18737,0,0.636953763536042,0.18806915665830803,1.0,0.3963789826358687,0.6036210173641313
18737,YOL049W SUC7,0.0,NA,0.011464235372841358,2850,12303,18738,0,0.6369832698946623,0.18808156800633538,1.0,0.39634676717889245,0.6036532328211076
18738,YPL126W MEL6,0.0,NA,0.011464235372841358,2850,12302,18739,0,0.6370127762532826,0.18809398099260824,1.0,0.39631455172191615,0.6036854482780838
18739,MEL10 YER029C,0.0,NA,0.011464235372841358,2850,12301,18740,0,0.6370422826119029,0.188106395617451,1.0,0.3962823362649399,0.6037176637350601
18740,YOL017W tA(UGC)Q,0.0,NA,0.011464235372841358,2850,12300,18741,0,0.6370717889705232,0.18811881188118812,1.0,0.3962501208079637,0.6037498791920364
18741,tY(GUA)O YJR106W,0.0,NA,0.011464235372841358,2850,12299,18742,0,0.6371012953291434,0.18813122978414418,1.0,0.3962179053509874,0.6037820946490126
18742,YLR157C-A YER143W,0.0,NA,0.011464235372841358,2850,12298,18743,0,0.6371308016877637,0.1881436493266438,1.0,0.39618568989401115,0.6038143101059888
18743,tI(AAU)N1 tL(CAA)L,0.0,NA,0.011464235372841358,2850,12297,18744,0,0.637160308046384,0.18815607050901167,1.0,0.3961534744370349,0.6038465255629651
18744,tV(AAC)E2 YBR011C,0.0,NA,0.011464235372841358,2850,12296,18745,0,0.6371898144050043,0.1881684933315727,1.0,0.3961212589800586,0.6038787410199413
18745,tL(UAA)B1 tC(GCA)Q,0.0,NA,0.011464235372841358,2850,12295,18746,0,0.6372193207636245,0.1881809177946517,1.0,0.3960890435230824,0.6039109564769176
18746,YDR227W tK(UUU)O,0.0,NA,0.011464235372841358,2850,12294,18747,0,0.6372488271222448,0.1881933438985737,1.0,0.3960568280661061,0.6039431719338939
18747,tS(GCU)Q1 YOL124C,0.0,NA,0.011464235372841358,2850,12293,18748,0,0.6372783334808652,0.18820577164366373,1.0,0.39602461260912986,0.6039753873908701
18748,tT(AGU)I1 AWA1,0.0,NA,0.011464235372841358,2850,12292,18749,0,0.6373078398394854,0.188218201030247,1.0,0.3959923971521536,0.6040076028478464
18749,A1 YKL210W,0.0,NA,0.011464235372841358,2850,12291,18750,0,0.6373373461981057,0.1882306320586487,1.0,0.3959601816951773,0.6040398183048227
18750,YLR310C OSR9,0.0,NA,0.011464235372841358,2850,12290,18751,0,0.637366852556726,0.1882430647291942,1.0,0.3959279662382011,0.604072033761799
18751,MEL3 YPL033C,0.0,NA,0.011464235372841358,2850,12289,18752,0,0.6373963589153463,0.18825549904220887,1.0,0.39589575078122485,0.6041042492187751
18752,YER094C tV(AAC)G2,0.0,NA,0.011464235372841358,2850,12288,18753,0,0.6374258652739665,0.18826793499801822,1.0,0.39586353532424856,0.6041364646757514
18753,YPL148C SCH1,0.0,NA,0.011464235372841358,2850,12287,18754,0,0.6374553716325868,0.18828037259694788,1.0,0.3958313198672723,0.6041686801327277
18754,SME2 YPL047W,0.0,NA,0.011464235372841358,2850,12286,18755,0,0.6374848779912071,0.18829281183932348,1.0,0.3957991044102961,0.6042008955897039
18755,YGR217W tC(GCA)G,0.0,NA,0.011464235372841358,2850,12285,18756,0,0.6375143843498274,0.18830525272547077,1.0,0.3957668889533198,0.6042331110466802
18756,tG(GCC)F1 YBL074C,0.0,NA,0.011464235372841358,2850,12284,18757,0,0.6375438907084476,0.1883176952557156,1.0,0.39573467349634356,0.6042653265036565
18757,snR80 YPR105C,0.0,NA,0.011464235372841358,2850,12283,18758,0,0.637573397067068,0.18833013943038393,1.0,0.39570245803936727,0.6042975419606327
18758,tV(AAC)H YDR486C,0.0,NA,0.011464235372841358,2850,12282,18759,0,0.6376029034256883,0.18834258524980174,1.0,0.39567024258239103,0.604329757417609
18759,YDR369C tI(UAU)L,0.0,NA,0.011464235372841358,2850,12281,18760,0,0.6376324097843086,0.18835503271429516,1.0,0.3956380271254148,0.6043619728745853
18760,snR40 YER124C,0.0,NA,0.011464235372841358,2850,12280,18761,0,0.6376619161429288,0.18836748182419036,1.0,0.3956058116684385,0.6043941883315614
18761,YCR066W tN(GUU)P,0.0,NA,0.011464235372841358,2850,12279,18762,0,0.6376914225015491,0.1883799325798136,1.0,0.39557359621146226,0.6044264037885377
18762,tF(GAA)H2 YNL067W,0.0,NA,0.011464235372841358,2850,12278,18763,0,0.6377209288601694,0.18839238498149127,1.0,0.395541380754486,0.604458619245514
18763,tT(AGU)N2 YBL039C,0.0,NA,0.011464235372841358,2850,12277,18764,0,0.6377504352187896,0.18840483902954983,1.0,0.39550916529750973,0.6044908347024902
18764,tY(GUA)O YLL017W,0.0,NA,0.011464235372841358,2850,12276,18765,0,0.6377799415774099,0.18841729472431576,1.0,0.3954769498405335,0.6045230501594665
18765,HRA1 tA(AGC)M1,0.0,NA,0.011464235372841358,2850,12275,18766,0,0.6378094479360302,0.1884297520661157,1.0,0.3954447343835572,0.6045552656164428
18766,YBL071W-A YGR027W-B,0.0,NA,0.011464235372841358,2850,12274,18767,0,0.6378389542946505,0.1884422110552764,1.0,0.39541251892658097,0.604587481073419
18767,tK(UUU)O YOR388C,0.0,NA,0.011464235372841358,2850,12273,18768,0,0.6378684606532707,0.18845467169212457,1.0,0.39538030346960473,0.6046196965303953
18768,YDR188W tA(AGC)H,0.0,NA,0.011464235372841358,2850,12272,18769,0,0.637897967011891,0.18846713397698717,1.0,0.39534808801262844,0.6046519119873716
18769,YNL068C tW(CCA)K,0.0,NA,0.011464235372841358,2850,12271,18770,0,0.6379274733705114,0.18847959791019112,1.0,0.3953158725556522,0.6046841274443479
18770,tG(GCC)G2 YPR031W,0.0,NA,0.011464235372841358,2850,12270,18771,0,0.6379569797291317,0.1884920634920635,1.0,0.39528365709867597,0.604716342901324
18771,tM(CAU)C YBR136W,0.0,NA,0.011464235372841358,2850,12269,18772,0,0.6379864860877519,0.1885045307229314,1.0,0.3952514416416997,0.6047485583583003
18772,tI(AAU)N1 YGL192W,0.0,NA,0.011464235372841358,2850,12268,18773,0,0.6380159924463722,0.1885169996031221,1.0,0.39521922618472344,0.6047807738152766
18773,YKR053C tG(GCC)G2,0.0,NA,0.011464235372841358,2850,12267,18774,0,0.6380454988049925,0.1885294701329629,1.0,0.39518701072774715,0.6048129892722528
18774,SUC3 YCR068W,0.0,NA,0.011464235372841358,2850,12266,18775,0,0.6380750051636127,0.18854194231278115,1.0,0.3951547952707709,0.6048452047292291
18775,YLR066W tK(UUU)L,0.0,NA,0.011464235372841358,2850,12265,18776,0,0.638104511522233,0.1885544161429044,1.0,0.39512257981379467,0.6048774201862054
18776,YPL002C tM(CAU)O2,0.0,NA,0.011464235372841358,2850,12264,18777,0,0.6381340178808533,0.1885668916236602,1.0,0.3950903643568184,0.6049096356431816
18777,PFK5 snR46,0.0,NA,0.011464235372841358,2850,12263,18778,0,0.6381635242394736,0.18857936875537618,1.0,0.39505814889984214,0.6049418511001579
18778,YDR195W RDN18,0.0,NA,0.011464235372841358,2850,12262,18779,0,0.6381930305980938,0.1885918475383801,1.0,0.3950259334428659,0.6049740665571341
18779,tF(GAA)H1 YPL154C,0.0,NA,0.011464235372841358,2850,12261,18780,0,0.6382225369567142,0.1886043279729998,1.0,0.3949937179858896,0.6050062820141103
18780,YLR367W tN(GUU)L,0.0,NA,0.011464235372841358,2850,12260,18781,0,0.6382520433153345,0.1886168100595632,1.0,0.3949615025289134,0.6050384974710866
18781,YJR082C tW(CCA)G2,0.0,NA,0.011464235372841358,2850,12259,18782,0,0.6382815496739548,0.1886292937983983,1.0,0.39492928707193714,0.6050707129280629
18782,GRD10 YGL178W,0.0,NA,0.011464235372841358,2850,12258,18783,0,0.638311056032575,0.18864177918983321,1.0,0.39489707161496085,0.6051029283850391
18783,YDR083W tF(GAA)Q,0.0,NA,0.011464235372841358,2850,12257,18784,0,0.6383405623911953,0.18865426623419607,1.0,0.3948648561579846,0.6051351438420154
18784,YGL089C tP(UGG)O3,0.0,NA,0.011464235372841358,2850,12256,18785,0,0.6383700687498156,0.18866675493181517,1.0,0.3948326407010083,0.6051673592989917
18785,TSF1 YHR165C,0.0,NA,0.011464235372841358,2850,12255,18786,0,0.6383995751084358,0.18867924528301888,1.0,0.3948004252440321,0.6051995747559679
18786,YDR293C URR4,0.0,NA,0.011464235372841358,2850,12254,18787,0,0.6384290814670561,0.1886917372881356,1.0,0.39476820978705585,0.6052317902129442
18787,tW(UCA)Q YLR029C,0.0,NA,0.011464235372841358,2850,12253,18788,0,0.6384585878256764,0.18870423094749386,1.0,0.39473599433007955,0.6052640056699204
18788,YIL009C-A NUP63,0.0,NA,0.011464235372841358,2850,12252,18789,0,0.6384880941842968,0.18871672626142233,1.0,0.3947037788731033,0.6052962211268967
18789,YIL099W MEL4,0.0,NA,0.011464235372841358,2850,12251,18790,0,0.638517600542917,0.18872922323024965,1.0,0.3946715634161271,0.6053284365838729
18790,YBR193C tN(GUU)P,0.0,NA,0.011464235372841358,2850,12250,18791,0,0.6385471069015373,0.18874172185430463,1.0,0.3946393479591508,0.6053606520408492
18791,YBR248C tD(GUC)D,0.0,NA,0.011464235372841358,2850,12249,18792,0,0.6385766132601576,0.18875422213391616,1.0,0.39460713250217455,0.6053928674978255
18792,YGR161C-D OSR7,0.0,NA,0.011464235372841358,2850,12248,18793,0,0.6386061196187779,0.18876672406941317,1.0,0.39457491704519826,0.6054250829548017
18793,YLR066W snR7-S,0.0,NA,0.011464235372841358,2850,12247,18794,0,0.6386356259773981,0.18877922766112473,1.0,0.394542701588222,0.605457298411778
18794,YLL019C tA(AGC)H,0.0,NA,0.011464235372841358,2850,12246,18795,0,0.6386651323360184,0.18879173290937998,1.0,0.3945104861312458,0.6054895138687543
18795,YNL189W YHL009W-A,0.0,NA,0.011464235372841358,2850,12245,18796,0,0.6386946386946387,0.1888042398145081,1.0,0.3944782706742695,0.6055217293257305
18796,YPR120C URR4,0.0,NA,0.011464235372841358,2850,12244,18797,0,0.638724145053259,0.18881674837683848,1.0,0.39444605521729326,0.6055539447827067
18797,YOR386W tF(GAA)B,0.0,NA,0.011464235372841358,2850,12243,18798,0,0.6387536514118792,0.18882925859670047,1.0,0.394413839760317,0.605586160239683
18798,tG(GCC)F1 YOR213C,0.0,NA,0.011464235372841358,2850,12242,18799,0,0.6387831577704995,0.18884177047442355,1.0,0.3943816243033407,0.6056183756966592
18799,YAL017W RRP2,0.0,NA,0.011464235372841358,2850,12241,18800,0,0.6388126641291199,0.1888542840103373,1.0,0.3943494088463645,0.6056505911536355
18800,tP(UGG)F YAL015C,0.0,NA,0.011464235372841358,2850,12240,18801,0,0.6388421704877401,0.18886679920477137,1.0,0.39431719338938825,0.6056828066106118
18801,PDR7 YLL052C,0.0,NA,0.011464235372841358,2850,12239,18802,0,0.6388716768463604,0.18887931605805552,1.0,0.39428497793241196,0.605715022067588
18802,YGR256W tT(UGU)G1,0.0,NA,0.011464235372841358,2850,12238,18803,0,0.6389011832049807,0.1888918345705196,1.0,0.3942527624754357,0.6057472375245643
18803,tF(GAA)G YDL105W,0.0,NA,0.011464235372841358,2850,12237,18804,0,0.638930689563601,0.18890435474249354,1.0,0.39422054701845943,0.6057794529815406
18804,MEL2 YCR060W,0.0,NA,0.011464235372841358,2850,12236,18805,0,0.6389601959222212,0.1889168765743073,1.0,0.3941883315614832,0.6058116684385167
18805,YBR218C tV(AAC)G2,0.0,NA,0.011464235372841358,2850,12235,18806,0,0.6389897022808415,0.18892940006629103,1.0,0.39415611610450696,0.605843883895493
18806,YBR083W MAL63,0.0,NA,0.011464235372841358,2850,12234,18807,0,0.6390192086394618,0.18894192521877487,1.0,0.39412390064753067,0.6058760993524693
18807,YDR316W-B YDR089W,0.0,NA,0.011464235372841358,2850,12233,18808,0,0.6390487149980821,0.1889544520320891,1.0,0.39409168519055443,0.6059083148094456
18808,YLR058C tD(GUC)J2,0.0,NA,0.011464235372841358,2850,12232,18809,0,0.6390782213567023,0.1889669805065641,1.0,0.3940594697335782,0.6059405302664218
18809,tY(GUA)J1 snR46,0.0,NA,0.011464235372841358,2850,12231,18810,0,0.6391077277153226,0.18897951064253032,1.0,0.3940272542766019,0.6059727457233981
18810,OSR3 YDR224C,0.0,NA,0.011464235372841358,2850,12230,18811,0,0.639137234073943,0.1889920424403183,1.0,0.39399503881962566,0.6060049611803744
18811,YPL157W tL(UAA)B1,0.0,NA,0.011464235372841358,2850,12229,18812,0,0.6391667404325632,0.18900457590025863,1.0,0.3939628233626494,0.6060371766373506
18812,YOR078W tV(AAC)L,0.0,NA,0.011464235372841358,2850,12228,18813,0,0.6391962467911835,0.18901711102268207,1.0,0.39393060790567314,0.6060693920943269
18813,YPR049C GRD16,0.0,NA,0.011464235372841358,2850,12227,18814,0,0.6392257531498038,0.18902964780791934,1.0,0.3938983924486969,0.6061016075513032
18814,tS(CGA)C YHR148W,0.0,NA,0.011464235372841358,2850,12226,18815,0,0.6392552595084241,0.1890421862563014,1.0,0.3938661769917206,0.6061338230082793
18815,YOR108W tD(GUC)K,0.0,NA,0.011464235372841358,2850,12225,18816,0,0.6392847658670443,0.1890547263681592,1.0,0.39383396153474437,0.6061660384652556
18816,tV(AAC)G1 YDL079C,0.0,NA,0.011464235372841358,2850,12224,18817,0,0.6393142722256646,0.1890672681438238,1.0,0.39380174607776813,0.6061982539222319
18817,YOR381W tL(UAA)N,0.0,NA,0.011464235372841358,2850,12223,18818,0,0.6393437785842849,0.18907981158362636,1.0,0.39376953062079184,0.6062304693792081
18818,tT(AGU)B YCR005C,0.0,NA,0.011464235372841358,2850,12222,18819,0,0.6393732849429052,0.1890923566878981,1.0,0.3937373151638156,0.6062626848361844
18819,YPL117C tD(GUC)D,0.0,NA,0.011464235372841358,2850,12221,18820,0,0.6394027913015254,0.18910490345697034,1.0,0.39370509970683937,0.6062949002931607
18820,tT(AGU)N2 YMR116C,0.0,NA,0.011464235372841358,2850,12220,18821,0,0.6394322976601458,0.18911745189117452,1.0,0.3936728842498631,0.6063271157501369
18821,SPA1 YLR306W,0.0,NA,0.011464235372841358,2850,12219,18822,0,0.6394618040187661,0.18913000199084212,1.0,0.39364066879288684,0.6063593312071132
18822,tP(UGG)O2 YIL082W-A,0.0,NA,0.011464235372841358,2850,12218,18823,0,0.6394913103773864,0.18914255375630476,1.0,0.39360845333591055,0.6063915466640895
18823,tF(GAA)P2 YNL332W,0.0,NA,0.011464235372841358,2850,12217,18824,0,0.6395208167360066,0.18915510718789408,1.0,0.3935762378789343,0.6064237621210656
18824,YOL143C SCH1,0.0,NA,0.011464235372841358,2850,12216,18825,0,0.6395503230946269,0.18916766228594187,1.0,0.3935440224219581,0.6064559775780419
18825,tM(CAU)C YDL040C,0.0,NA,0.011464235372841358,2850,12215,18826,0,0.6395798294532472,0.18918021905077995,1.0,0.3935118069649818,0.6064881930350182
18826,YDL147W tF(GAA)H2,0.0,NA,0.011464235372841358,2850,12214,18827,0,0.6396093358118674,0.1891927774827403,1.0,0.39347959150800554,0.6065204084919945
18827,YLR157C-A YLR310C,0.0,NA,0.011464235372841358,2850,12213,18828,0,0.6396388421704877,0.18920533758215494,1.0,0.3934473760510293,0.6065526239489707
18828,YML115C tD(GUC)D,0.0,NA,0.011464235372841358,2850,12212,18829,0,0.639668348529108,0.18921789934935598,1.0,0.393415160594053,0.606584839405947
18829,YDL111C tV(AAC)G2,0.0,NA,0.011464235372841358,2850,12211,18830,0,0.6396978548877283,0.18923046278467565,1.0,0.3933829451370768,0.6066170548629233
18830,YDR386W snR30,0.0,NA,0.011464235372841358,2850,12210,18831,0,0.6397273612463485,0.1892430278884462,1.0,0.3933507296801005,0.6066492703198995
18831,YMR043W tC(GCA)G,0.0,NA,0.011464235372841358,2850,12209,18832,0,0.6397568676049689,0.18925559466100006,1.0,0.39331851422312425,0.6066814857768758
18832,YGL141W tW(CCA)K,0.0,NA,0.011464235372841358,2850,12208,18833,0,0.6397863739635892,0.18926816310266967,1.0,0.393286298766148,0.606713701233852
18833,tR(UCU)G2 tP(UGG)L,0.0,NA,0.011464235372841358,2850,12207,18834,0,0.6398158803222095,0.1892807332137876,1.0,0.3932540833091717,0.6067459166908282
18834,R0010W YML007W,0.0,NA,0.011464235372841358,2850,12206,18835,0,0.6398453866808297,0.1892933049946865,1.0,0.3932218678521955,0.6067781321478045
18835,YGR177C tT(AGU)O1,0.0,NA,0.011464235372841358,2850,12205,18836,0,0.63987489303945,0.1893058784456991,1.0,0.39318965239521925,0.6068103476047808
18836,YDR394W tW(CCA)M,0.0,NA,0.011464235372841358,2850,12204,18837,0,0.6399043993980703,0.18931845356715823,1.0,0.39315743693824295,0.606842563061757
18837,tF(GAA)Q YOR229W,0.0,NA,0.011464235372841358,2850,12203,18838,0,0.6399339057566905,0.1893310303593968,1.0,0.3931252214812667,0.6068747785187333
18838,YOR353C tT(AGU)O1,0.0,NA,0.011464235372841358,2850,12202,18839,0,0.6399634121153108,0.1893436088227478,1.0,0.3930930060242905,0.6069069939757096
18839,YER054C tS(GCU)O,0.0,NA,0.011464235372841358,2850,12201,18840,0,0.6399929184739311,0.18935618895754436,1.0,0.3930607905673142,0.6069392094326858
18840,tP(UGG)N2 YGR161C,0.0,NA,0.011464235372841358,2850,12200,18841,0,0.6400224248325515,0.1893687707641196,1.0,0.39302857511033795,0.606971424889662
18841,tP(UGG)F snR39B,0.0,NA,0.011464235372841358,2850,12199,18842,0,0.6400519311911717,0.18938135424280683,1.0,0.39299635965336166,0.6070036403466383
18842,YEL012W RDN25,0.0,NA,0.011464235372841358,2850,12198,18843,0,0.640081437549792,0.1893939393939394,1.0,0.3929641441963854,0.6070358558036145
18843,YOR332W DBF1,0.0,NA,0.011464235372841358,2850,12197,18844,0,0.6401109439084123,0.18940652621785073,1.0,0.3929319287394092,0.6070680712605908
18844,tI(AAU)P1 YBR040W,0.0,NA,0.011464235372841358,2850,12196,18845,0,0.6401404502670326,0.18941911471487438,1.0,0.3928997132824329,0.6071002867175671
18845,tA(AGC)G YLR433C,0.0,NA,0.011464235372841358,2850,12195,18846,0,0.6401699566256528,0.18943170488534397,1.0,0.39286749782545666,0.6071325021745434
18846,YPL151C tL(UAA)B1,0.0,NA,0.011464235372841358,2850,12194,18847,0,0.6401994629842731,0.1894442967295932,1.0,0.3928352823684804,0.6071647176315196
18847,tR(ACG)Q2 YPL233W,0.0,NA,0.011464235372841358,2850,12193,18848,0,0.6402289693428934,0.18945689024795587,1.0,0.39280306691150413,0.6071969330884959
18848,YHR063C tR(UCU)G3,0.0,NA,0.011464235372841358,2850,12192,18849,0,0.6402584757015137,0.18946948544076586,1.0,0.3927708514545279,0.6072291485454722
18849,YOL135C tP(UGG)M,0.0,NA,0.011464235372841358,2850,12191,18850,0,0.6402879820601339,0.18948208230835717,1.0,0.3927386359975516,0.6072613640024483
18850,YJL091C tW(CCA)G1,0.0,NA,0.011464235372841358,2850,12190,18851,0,0.6403174884187542,0.18949468085106383,1.0,0.39270642054057536,0.6072935794594246
18851,tP(UGG)N1 tT(AGU)I1,0.0,NA,0.011464235372841358,2850,12189,18852,0,0.6403469947773746,0.18950728106922002,1.0,0.3926742050835991,0.6073257949164009
18852,YAR035W MEL4,0.0,NA,0.011464235372841358,2850,12188,18853,0,0.6403765011359948,0.18951988296316,1.0,0.39264198962662283,0.6073580103733771
18853,YNL183C tM(CAU)Q1,0.0,NA,0.011464235372841358,2850,12187,18854,0,0.6404060074946151,0.18953248653321805,1.0,0.3926097741696466,0.6073902258303534
18854,tP(UGG)N1 YPL171C,0.0,NA,0.011464235372841358,2850,12186,18855,0,0.6404355138532354,0.18954509177972864,1.0,0.39257755871267036,0.6074224412873297
18855,tY(GUA)D YDL013W,0.0,NA,0.011464235372841358,2850,12185,18856,0,0.6404650202118557,0.18955769870302627,1.0,0.39254534325569407,0.6074546567443059
18856,YHL009W-A YGR255C,0.0,NA,0.011464235372841358,2850,12184,18857,0,0.6404945265704759,0.1895703073034455,1.0,0.39251312779871783,0.6074868722012822
18857,snR6 tF(GAA)D,0.0,NA,0.011464235372841358,2850,12183,18858,0,0.6405240329290962,0.1895829175813211,1.0,0.3924809123417416,0.6075190876582585
18858,tR(UCU)G2 YPL227C,0.0,NA,0.011464235372841358,2850,12182,18859,0,0.6405535392877165,0.18959552953698777,1.0,0.3924486968847653,0.6075513031152346
18859,tM(CAU)O2 YIL036W,0.0,NA,0.011464235372841358,2850,12181,18860,0,0.6405830456463368,0.1896081431707804,1.0,0.39241648142778907,0.6075835185722109
18860,YER178W tD(GUC)J4,0.0,NA,0.011464235372841358,2850,12180,18861,0,0.640612552004957,0.18962075848303392,1.0,0.3923842659708128,0.6076157340291872
18861,YOR191W tI(AAU)B,0.0,NA,0.011464235372841358,2850,12179,18862,0,0.6406420583635773,0.18963337547408343,1.0,0.39235205051383654,0.6076479494861634
18862,tW(CCA)J YNL202W,0.0,NA,0.011464235372841358,2850,12178,18863,0,0.6406715647221977,0.18964599414426403,1.0,0.3923198350568603,0.6076801649431397
18863,tI(AAU)I1 YFL011W,0.0,NA,0.011464235372841358,2850,12177,18864,0,0.6407010710808179,0.18965861449391097,1.0,0.392287619599884,0.607712380400116
18864,YPL253C tL(UAA)L,0.0,NA,0.011464235372841358,2850,12176,18865,0,0.6407305774394382,0.18967123652335952,1.0,0.39225540414290777,0.6077445958570923
18865,tI(UAU)D YDR144C,0.0,NA,0.011464235372841358,2850,12175,18866,0,0.6407600837980585,0.1896838602329451,1.0,0.39222318868593153,0.6077768113140685
18866,YHR088W tN(GUU)O1,0.0,NA,0.011464235372841358,2850,12174,18867,0,0.6407895901566788,0.1896964856230032,1.0,0.39219097322895524,0.6078090267710448
18867,tD(GUC)Q tG(GCC)O2,0.0,NA,0.011464235372841358,2850,12173,18868,0,0.640819096515299,0.1897091126938694,1.0,0.392158757771979,0.607841242228021
18868,snR10 YAL044C,0.0,NA,0.011464235372841358,2850,12172,18869,0,0.6408486028739193,0.1897217414458794,1.0,0.3921265423150027,0.6078734576849972
18869,YLR210W RDN25,0.0,NA,0.011464235372841358,2850,12171,18870,0,0.6408781092325396,0.1897343718793689,1.0,0.3920943268580265,0.6079056731419735
18870,MEL10 YFL025C,0.0,NA,0.011464235372841358,2850,12170,18871,0,0.6409076155911599,0.18974700399467376,1.0,0.39206211140105024,0.6079378885989498
18871,YNL054W-B tC(GCA)G,0.0,NA,0.011464235372841358,2850,12169,18872,0,0.6409371219497801,0.18975963779212998,1.0,0.39202989594407395,0.607970104055926
18872,tV(UAC)Q YAR031W,0.0,NA,0.011464235372841358,2850,12168,18873,0,0.6409666283084005,0.18977227327207352,1.0,0.3919976804870977,0.6080023195129023
18873,HRA1 YDR224C,0.0,NA,0.011464235372841358,2850,12167,18874,0,0.6409961346670208,0.18978491043484053,1.0,0.3919654650301215,0.6080345349698786
18874,GRD5 YPL140C,0.0,NA,0.011464235372841358,2850,12166,18875,0,0.6410256410256411,0.18979754928076717,1.0,0.3919332495731452,0.6080667504268548
18875,YNL330C tH(GUG)H,0.0,NA,0.011464235372841358,2850,12165,18876,0,0.6410551473842613,0.18981018981018982,1.0,0.39190103411616894,0.608098965883831
18876,YLL060C tK(CUU)G2,0.0,NA,0.011464235372841358,2850,12164,18877,0,0.6410846537428816,0.1898228320234448,1.0,0.3918688186591927,0.6081311813408073
18877,YOR016C tP(UGG)M,0.0,NA,0.011464235372841358,2850,12163,18878,0,0.6411141601015019,0.18983547592086858,1.0,0.3918366032022164,0.6081633967977835
18878,YGL062W SUC3,0.0,NA,0.011464235372841358,2850,12162,18879,0,0.6411436664601221,0.18984812150279776,1.0,0.3918043877452402,0.6081956122547598
18879,tT(AGU)I1 YBR191W,0.0,NA,0.011464235372841358,2850,12161,18880,0,0.6411731728187424,0.18986076876956898,1.0,0.3917721722882639,0.6082278277117361
18880,YLR134W tP(UGG)N2,0.0,NA,0.011464235372841358,2850,12160,18881,0,0.6412026791773627,0.189873417721519,1.0,0.39173995683128765,0.6082600431687123
18881,YDR083W tY(GUA)M2,0.0,NA,0.011464235372841358,2850,12159,18882,0,0.641232185535983,0.1898860683589846,1.0,0.3917077413743114,0.6082922586256886
18882,YIL038C MEL6,0.0,NA,0.011464235372841358,2850,12158,18883,0,0.6412616918946032,0.18989872068230276,1.0,0.3916755259173351,0.6083244740826649
18883,Q0110 tN(GUU)O1,0.0,NA,0.011464235372841358,2850,12157,18884,0,0.6412911982532236,0.1899113746918105,1.0,0.3916433104603589,0.6083566895396412
18884,snR80 YJL053W,0.0,NA,0.011464235372841358,2850,12156,18885,0,0.6413207046118439,0.18992403038784486,1.0,0.39161109500338265,0.6083889049966174
18885,YNL061W tV(AAC)H,0.0,NA,0.011464235372841358,2850,12155,18886,0,0.6413502109704642,0.18993668777074307,1.0,0.39157887954640636,0.6084211204535936
18886,tC(GCA)Q YCR072C,0.0,NA,0.011464235372841358,2850,12154,18887,0,0.6413797173290844,0.18994934684084244,1.0,0.3915466640894301,0.6084533359105699
18887,tL(UAG)L2 YPR055W,0.0,NA,0.011464235372841358,2850,12153,18888,0,0.6414092236877047,0.1899620075984803,1.0,0.3915144486324538,0.6084855513675461
18888,tM(CAU)Q1 YDR143C,0.0,NA,0.011464235372841358,2850,12152,18889,0,0.641438730046325,0.18997467004399413,1.0,0.3914822331754776,0.6085177668245224
18889,YHR110W tN(GUU)N2,0.0,NA,0.011464235372841358,2850,12151,18890,0,0.6414682364049452,0.18998733417772148,1.0,0.39145001771850135,0.6085499822814987
18890,PFK5 YLL022C,0.0,NA,0.011464235372841358,2850,12150,18891,0,0.6414977427635655,0.19,1.0,0.39141780226152506,0.6085821977384749
18891,tL(UAA)B2 OSR3,0.0,NA,0.011464235372841358,2850,12149,18892,0,0.6415272491221858,0.1900126675111674,1.0,0.3913855868045488,0.6086144131954512
18892,YDR023W tG(GCC)F1,0.0,NA,0.011464235372841358,2850,12148,18893,0,0.6415567554808062,0.19002533671156155,1.0,0.3913533713475726,0.6086466286524275
18893,GRD10 YLR455W,0.0,NA,0.011464235372841358,2850,12147,18894,0,0.6415862618394264,0.19003800760152031,1.0,0.3913211558905963,0.6086788441094036
18894,YPR201W MEL3,0.0,NA,0.011464235372841358,2850,12146,18895,0,0.6416157681980467,0.19005068018138171,1.0,0.39128894043362006,0.6087110595663799
18895,GRD10 YDL024C,0.0,NA,0.011464235372841358,2850,12145,18896,0,0.641645274556667,0.19006335445148384,1.0,0.39125672497664377,0.6087432750233562
18896,YMR223W tG(GCC)F2,0.0,NA,0.011464235372841358,2850,12144,18897,0,0.6416747809152873,0.19007603041216486,1.0,0.39122450951966753,0.6087754904803324
18897,R0010W YOR124C,0.0,NA,0.011464235372841358,2850,12143,18898,0,0.6417042872739075,0.1900887080637631,1.0,0.3911922940626913,0.6088077059373087
18898,YMR268C tM(CAU)Q1,0.0,NA,0.011464235372841358,2850,12142,18899,0,0.6417337936325278,0.19010138740661686,1.0,0.391160078605715,0.608839921394285
18899,tF(GAA)G YDR363W,0.0,NA,0.011464235372841358,2850,12141,18900,0,0.6417632999911481,0.19011406844106463,1.0,0.39112786314873876,0.6088721368512612
18900,YBL100W-A snR41,0.0,NA,0.011464235372841358,2850,12140,18901,0,0.6417928063497684,0.19012675116744496,1.0,0.3910956476917625,0.6089043523082375
18901,YBL091C snR40,0.0,NA,0.011464235372841358,2850,12139,18902,0,0.6418223127083886,0.19013943558609647,1.0,0.39106343223478623,0.6089365677652138
18902,tL(UAA)K YLL035W,0.0,NA,0.011464235372841358,2850,12138,18903,0,0.6418518190670089,0.19015212169735787,1.0,0.39103121677781,0.6089687832221901
18903,tK(CUU)D2 YDL082W,0.0,NA,0.011464235372841358,2850,12137,18904,0,0.6418813254256293,0.19016480950156803,1.0,0.39099900132083376,0.6090009986791662
18904,YOR295W TER1,0.0,NA,0.011464235372841358,2850,12136,18905,0,0.6419108317842495,0.1901774989990658,1.0,0.39096678586385747,0.6090332141361425
18905,tD(GUC)L1 YBR202W,0.0,NA,0.011464235372841358,2850,12135,18906,0,0.6419403381428698,0.19019019019019018,1.0,0.39093457040688123,0.6090654295931188
18906,tT(UGU)Q1 YCR093W,0.0,NA,0.011464235372841358,2850,12134,18907,0,0.6419698445014901,0.1902028830752803,1.0,0.39090235494990494,0.609097645050095
18907,YNR075W OSR7,0.0,NA,0.011464235372841358,2850,12133,18908,0,0.6419993508601104,0.1902155776546753,1.0,0.3908701394929287,0.6091298605070713
18908,YOR192C tD(GUC)Q,0.0,NA,0.011464235372841358,2850,12132,18909,0,0.6420288572187306,0.19022827392871447,1.0,0.39083792403595247,0.6091620759640476
18909,tH(GUG)H YKL035W,0.0,NA,0.011464235372841358,2850,12131,18910,0,0.6420583635773509,0.19024097189773714,1.0,0.3908057085789762,0.6091942914210238
18910,YJL044C SPA1,0.0,NA,0.011464235372841358,2850,12130,18911,0,0.6420878699359712,0.19025367156208278,1.0,0.39077349312199994,0.6092265068780001
18911,GCD3 tR(UCU)M1,0.0,NA,0.011464235372841358,2850,12129,18912,0,0.6421173762945915,0.19026637292209092,1.0,0.3907412776650237,0.6092587223349764
18912,YDR440W tL(CAA)D,0.0,NA,0.011464235372841358,2850,12128,18913,0,0.6421468826532117,0.1902790759781012,1.0,0.3907090622080474,0.6092909377919525
18913,YKL156W snR85,0.0,NA,0.011464235372841358,2850,12127,18914,0,0.642176389011832,0.19029178073045336,1.0,0.39067684675107117,0.6093231532489288
18914,YMR232W tV(AAC)M2,0.0,NA,0.011464235372841358,2850,12126,18915,0,0.6422058953704524,0.19030448717948717,1.0,0.3906446312940949,0.6093553687059051
18915,tD(GUC)B tD(GUC)Q,0.0,NA,0.011464235372841358,2850,12125,18916,0,0.6422354017290726,0.19031719532554256,1.0,0.39061241583711864,0.6093875841628813
18916,YDR025W tA(AGC)L,0.0,NA,0.011464235372841358,2850,12124,18917,0,0.6422649080876929,0.19032990516895953,1.0,0.3905802003801424,0.6094197996198576
18917,tN(GUU)G YER168C,0.0,NA,0.011464235372841358,2850,12123,18918,0,0.6422944144463132,0.19034261671007813,1.0,0.3905479849231661,0.6094520150768339
18918,YOR328W MEL5,0.0,NA,0.011464235372841358,2850,12122,18919,0,0.6423239208049335,0.19035532994923857,1.0,0.3905157694661899,0.6094842305338101
18919,YIL148W tV(AAC)M1,0.0,NA,0.011464235372841358,2850,12121,18920,0,0.6423534271635537,0.1903680448867811,1.0,0.39048355400921364,0.6095164459907864
18920,YGL145W snR85,0.0,NA,0.011464235372841358,2850,12120,18921,0,0.642382933522174,0.1903807615230461,1.0,0.39045133855223735,0.6095486614477627
18921,YMR263W tH(GUG)H,0.0,NA,0.011464235372841358,2850,12119,18922,0,0.6424124398807943,0.19039347985837396,1.0,0.3904191230952611,0.6095808769047389
18922,YNL327W tD(GUC)J4,0.0,NA,0.011464235372841358,2850,12118,18923,0,0.6424419462394146,0.19040619989310528,1.0,0.3903869076382849,0.6096130923617151
18923,YBL024W tN(GUU)O2,0.0,NA,0.011464235372841358,2850,12117,18924,0,0.6424714525980348,0.19041892162758067,1.0,0.3903546921813086,0.6096453078186914
18924,R0030W YBR249C,0.0,NA,0.011464235372841358,2850,12116,18925,0,0.6425009589566552,0.19043164506214086,1.0,0.39032247672433235,0.6096775232756677
18925,tG(GCC)F2 YAL029C,0.0,NA,0.011464235372841358,2850,12115,18926,0,0.6425304653152755,0.19044437019712662,1.0,0.39029026126735605,0.6097097387326439
18926,tD(GUC)L2 tN(GUU)K,0.0,NA,0.011464235372841358,2850,12114,18927,0,0.6425599716738957,0.1904570970328789,1.0,0.3902580458103798,0.6097419541896202
18927,tD(GUC)B YER046W,0.0,NA,0.011464235372841358,2850,12113,18928,0,0.642589478032516,0.19046982556973868,1.0,0.3902258303534036,0.6097741696465965
18928,tK(CUU)D1 YKR039W,0.0,NA,0.011464235372841358,2850,12112,18929,0,0.6426189843911363,0.19048255580804704,1.0,0.3901936148964273,0.6098063851035727
18929,tN(GUU)N1 YJR074W,0.0,NA,0.011464235372841358,2850,12111,18930,0,0.6426484907497566,0.19049528774814517,1.0,0.39016139943945105,0.609838600560549
18930,tK(UUU)D tK(CUU)P,0.0,NA,0.011464235372841358,2850,12110,18931,0,0.6426779971083768,0.19050802139037434,1.0,0.3901291839824748,0.6098708160175252
18931,tY(GUA)D tL(CAA)C,0.0,NA,0.011464235372841358,2850,12109,18932,0,0.6427075034669971,0.19052075673507587,1.0,0.3900969685254985,0.6099030314745014
18932,YAL058W tM(CAU)Q1,0.0,NA,0.011464235372841358,2850,12108,18933,0,0.6427370098256174,0.19053349378259127,1.0,0.3900647530685223,0.6099352469314777
18933,YAL031C snR30,0.0,NA,0.011464235372841358,2850,12107,18934,0,0.6427665161842377,0.19054623253326203,1.0,0.390032537611546,0.609967462388454
18934,GRD5 YOR204W,0.0,NA,0.011464235372841358,2850,12106,18935,0,0.642796022542858,0.1905589729874298,1.0,0.39000032215456976,0.6099996778454302
18935,YJL012C tD(GUC)J2,0.0,NA,0.011464235372841358,2850,12105,18936,0,0.6428255289014783,0.1905717151454363,1.0,0.3899681066975935,0.6100318933024065
18936,TSF1 YGL170C,0.0,NA,0.011464235372841358,2850,12104,18937,0,0.6428550352600986,0.19058445900762339,1.0,0.3899358912406172,0.6100641087593828
18937,YPR138C tG(UCC)G,0.0,NA,0.011464235372841358,2850,12103,18938,0,0.6428845416187189,0.1905972045743329,1.0,0.389903675783641,0.610096324216359
18938,tS(CGA)C YHR007C,0.0,NA,0.011464235372841358,2850,12102,18939,0,0.6429140479773391,0.1906099518459069,1.0,0.38987146032666475,0.6101285396733352
18939,YIL133C SUC3,0.0,NA,0.011464235372841358,2850,12101,18940,0,0.6429435543359594,0.19062270082268745,1.0,0.38983924486968846,0.6101607551303115
18940,tV(AAC)E2 YLR467W,0.0,NA,0.011464235372841358,2850,12100,18941,0,0.6429730606945797,0.19063545150501673,1.0,0.3898070294127122,0.6101929705872878
18941,YJL048C tS(GCU)O,0.0,NA,0.011464235372841358,2850,12099,18942,0,0.6430025670531999,0.190648203893237,1.0,0.389774813955736,0.610225186044264
18942,tV(AAC)K2 YBR128C,0.0,NA,0.011464235372841358,2850,12098,18943,0,0.6430320734118202,0.19066095798769067,1.0,0.3897425984987597,0.6102574015012403
18943,YER040W PFK4,0.0,NA,0.011464235372841358,2850,12097,18944,0,0.6430615797704405,0.19067371378872014,1.0,0.38971038304178346,0.6102896169582166
18944,tK(UUU)Q YBR123C,0.0,NA,0.011464235372841358,2850,12096,18945,0,0.6430910861290609,0.190686471296668,1.0,0.38967816758480717,0.6103218324151928
18945,YJL020C MEL2,0.0,NA,0.011464235372841358,2850,12095,18946,0,0.643120592487681,0.19069923051187687,1.0,0.38964595212783093,0.6103540478721691
18946,YDR346C tV(AAC)H,0.0,NA,0.011464235372841358,2850,12094,18947,0,0.6431500988463014,0.1907119914346895,1.0,0.3896137366708547,0.6103862633291454
18947,YAL021C OSR7,0.0,NA,0.011464235372841358,2850,12093,18948,0,0.6431796052049217,0.1907247540654487,1.0,0.3895815212138784,0.6104184787861215
18948,YLR157C-A YHL039W,0.0,NA,0.011464235372841358,2850,12092,18949,0,0.643209111563542,0.1907375184044974,1.0,0.38954930575690216,0.6104506942430978
18949,YDR314C snR30,0.0,NA,0.011464235372841358,2850,12091,18950,0,0.6432386179221622,0.19075028445217856,1.0,0.3895170902999259,0.6104829097000741
18950,YDR098C-A tD(GUC)L1,0.0,NA,0.011464235372841358,2850,12090,18951,0,0.6432681242807825,0.19076305220883535,1.0,0.38948487484294964,0.6105151251570503
18951,YDR447C tR(UCU)M2,0.0,NA,0.011464235372841358,2850,12089,18952,0,0.6432976306394028,0.19077582167481089,1.0,0.3894526593859734,0.6105473406140266
18952,YFL013C tN(GUU)G,0.0,NA,0.011464235372841358,2850,12088,18953,0,0.643327136998023,0.19078859285044852,1.0,0.3894204439289971,0.6105795560710029
18953,tH(GUG)H YPL127C,0.0,NA,0.011464235372841358,2850,12087,18954,0,0.6433566433566433,0.19080136573609158,1.0,0.38938822847202087,0.6106117715279791
18954,tD(GUC)N YGL229C,0.0,NA,0.011464235372841358,2850,12086,18955,0,0.6433861497152636,0.19081414033208355,1.0,0.38935601301504463,0.6106439869849554
18955,MAL62 YKR062W,0.0,NA,0.011464235372841358,2850,12085,18956,0,0.643415656073884,0.190826916638768,1.0,0.38932379755806834,0.6106762024419317
18956,YLR145W GRD3,0.0,NA,0.011464235372841358,2850,12084,18957,0,0.6434451624325042,0.19083969465648856,1.0,0.3892915821010921,0.610708417898908
18957,tM(CAU)C YKL014C,0.0,NA,0.011464235372841358,2850,12083,18958,0,0.6434746687911245,0.19085247438558897,1.0,0.38925936664411587,0.6107406333558841
18958,tT(UGU)H YLR070C,0.0,NA,0.011464235372841358,2850,12082,18959,0,0.6435041751497448,0.19086525582641306,1.0,0.3892271511871396,0.6107728488128604
18959,YMR277W SUC5,0.0,NA,0.011464235372841358,2850,12081,18960,0,0.6435336815083651,0.1908780389793048,1.0,0.38919493573016334,0.6108050642698367
18960,tR(UCU)G2 YKL184W,0.0,NA,0.011464235372841358,2850,12080,18961,0,0.6435631878669853,0.19089082384460818,1.0,0.3891627202731871,0.6108372797268129
18961,YOL038W tW(CCA)K,0.0,NA,0.011464235372841358,2850,12079,18962,0,0.6435926942256056,0.1909036104226673,1.0,0.3891305048162108,0.6108694951837892
18962,tQ(UUG)Q YDR204W,0.0,NA,0.011464235372841358,2850,12078,18963,0,0.6436222005842259,0.19091639871382637,1.0,0.3890982893592346,0.6109017106407655
18963,YCR106W MEL3,0.0,NA,0.011464235372841358,2850,12077,18964,0,0.6436517069428462,0.1909291887184297,1.0,0.3890660739022583,0.6109339260977417
18964,tM(CAU)J2 YNL147W,0.0,NA,0.011464235372841358,2850,12076,18965,0,0.6436812133014664,0.19094198043682165,1.0,0.38903385844528204,0.610966141554718
18965,YJL146W tI(AAU)E1,0.0,NA,0.011464235372841358,2850,12075,18966,0,0.6437107196600867,0.19095477386934673,1.0,0.3890016429883058,0.6109983570116942
18966,YNR070W snR86,0.0,NA,0.011464235372841358,2850,12074,18967,0,0.6437402260187071,0.1909675690163495,1.0,0.3889694275313295,0.6110305724686704
18967,YMR263W tD(GUC)N,0.0,NA,0.011464235372841358,2850,12073,18968,0,0.6437697323773273,0.19098036587817463,1.0,0.3889372120743533,0.6110627879256467
18968,tR(UCU)G2 YLR359W,0.0,NA,0.011464235372841358,2850,12072,18969,0,0.6437992387359476,0.19099316445516687,1.0,0.38890499661737704,0.611095003382623
18969,YGR272C YOR142W-B,0.0,NA,0.011464235372841358,2850,12071,18970,0,0.6438287450945679,0.19100596474767106,1.0,0.38887278116040075,0.6111272188395992
18970,tL(UAA)B2 YGR166W,0.0,NA,0.011464235372841358,2850,12070,18971,0,0.6438582514531882,0.19101876675603216,1.0,0.3888405657034245,0.6111594342965755
18971,tP(UGG)N1 MAL43,0.0,NA,0.011464235372841358,2850,12069,18972,0,0.6438877578118084,0.19103157048059521,1.0,0.3888083502464482,0.6111916497535518
18972,tG(GCC)G2 YDR376W,0.0,NA,0.011464235372841358,2850,12068,18973,0,0.6439172641704287,0.1910443759217053,1.0,0.388776134789472,0.611223865210528
18973,YLR227W-B STA2,0.0,NA,0.011464235372841358,2850,12067,18974,0,0.643946770529049,0.1910571830797077,1.0,0.38874391933249575,0.6112560806675043
18974,tK(CUU)P tS(UGA)E,0.0,NA,0.011464235372841358,2850,12066,18975,0,0.6439762768876693,0.1910699919549477,1.0,0.38871170387551945,0.6112882961244805
18975,YGL135W MAL61,0.0,NA,0.011464235372841358,2850,12065,18976,0,0.6440057832462895,0.1910828025477707,1.0,0.3886794884185432,0.6113205115814568
18976,MPR1 tP(UGG)Q,0.0,NA,0.011464235372841358,2850,12064,18977,0,0.6440352896049099,0.1910956148585222,1.0,0.388647272961567,0.611352727038433
18977,YNL107W snR191,0.0,NA,0.011464235372841358,2850,12063,18978,0,0.6440647959635302,0.19110842888754778,1.0,0.3886150575045907,0.6113849424954093
18978,GCD3 YOL149W,0.0,NA,0.011464235372841358,2850,12062,18979,0,0.6440943023221504,0.19112124463519314,1.0,0.38858284204761445,0.6114171579523856
18979,tT(AGU)D tV(AAC)L,0.0,NA,0.011464235372841358,2850,12061,18980,0,0.6441238086807707,0.19113406210180403,1.0,0.3885506265906382,0.6114493734093618
18980,tP(UGG)N1 YEL003W,0.0,NA,0.011464235372841358,2850,12060,18981,0,0.644153315039391,0.19114688128772636,1.0,0.3885184111336619,0.6114815888663381
18981,YJL085W tM(CAU)Q1,0.0,NA,0.011464235372841358,2850,12059,18982,0,0.6441828213980113,0.19115970219330605,1.0,0.3884861956766857,0.6115138043233144
18982,GRD10 YBR008C,0.0,NA,0.011464235372841358,2850,12058,18983,0,0.6442123277566315,0.1911725248188892,1.0,0.3884539802197094,0.6115460197802906
18983,TER1 YNL080C,0.0,NA,0.011464235372841358,2850,12057,18984,0,0.6442418341152518,0.19118534916482188,1.0,0.38842176476273316,0.6115782352372668
18984,tA(AGC)G YLR215C,0.0,NA,0.011464235372841358,2850,12056,18985,0,0.6442713404738721,0.1911981752314504,1.0,0.3883895493057569,0.6116104506942431
18985,YML076C tN(GUU)L,0.0,NA,0.011464235372841358,2850,12055,18986,0,0.6443008468324924,0.1912110030191211,1.0,0.38835733384878063,0.6116426661512193
18986,YMR054W tM(CAU)O1,0.0,NA,0.011464235372841358,2850,12054,18987,0,0.6443303531911126,0.19122383252818034,1.0,0.3883251183918044,0.6116748816081956
18987,YOL102C tI(AAU)B,0.0,NA,0.011464235372841358,2850,12053,18988,0,0.644359859549733,0.1912366637589747,1.0,0.38829290293482815,0.6117070970651719
18988,tY(GUA)J1 YOR030W,0.0,NA,0.011464235372841358,2850,12052,18989,0,0.6443893659083533,0.19124949671185076,1.0,0.38826068747785186,0.6117393125221481
18989,tF(GAA)N YKL206C,0.0,NA,0.011464235372841358,2850,12051,18990,0,0.6444188722669736,0.19126233138715523,1.0,0.3882284720208756,0.6117715279791244
18990,YLR455W MEL6,0.0,NA,0.011464235372841358,2850,12050,18991,0,0.6444483786255938,0.1912751677852349,1.0,0.38819625656389933,0.6118037434361007
18991,tA(AGC)F YNL002C,0.0,NA,0.011464235372841358,2850,12049,18992,0,0.6444778849842141,0.1912880059064367,1.0,0.3881640411069231,0.6118359588930768
18992,YGR140W TSF1,0.0,NA,0.011464235372841358,2850,12048,18993,0,0.6445073913428344,0.19130084575110753,1.0,0.38813182564994686,0.6118681743500531
18993,tM(CAU)Q2 tI(UAU)D,0.0,NA,0.011464235372841358,2850,12047,18994,0,0.6445368977014546,0.19131368731959456,1.0,0.38809961019297057,0.6119003898070294
18994,tV(AAC)G3 YML035C,0.0,NA,0.011464235372841358,2850,12046,18995,0,0.6445664040600749,0.1913265306122449,1.0,0.38806739473599433,0.6119326052640057
18995,RDN58 YNL325C,0.0,NA,0.011464235372841358,2850,12045,18996,0,0.6445959104186952,0.19133937562940584,1.0,0.3880351792790181,0.6119648207209819
18996,YNL054W-B snR82,0.0,NA,0.011464235372841358,2850,12044,18997,0,0.6446254167773156,0.19135222237142474,1.0,0.3880029638220418,0.6119970361779582
18997,tF(GAA)D YDR486C,0.0,NA,0.011464235372841358,2850,12043,18998,0,0.6446549231359358,0.19136507083864904,1.0,0.38797074836506557,0.6120292516349345
18998,tY(GUA)D YFR021W,0.0,NA,0.011464235372841358,2850,12042,18999,0,0.6446844294945561,0.19137792103142626,1.0,0.38793853290808933,0.6120614670919107
18999,YOL075C tK(UUU)L,0.0,NA,0.011464235372841358,2850,12041,19000,0,0.6447139358531764,0.1913907729501041,1.0,0.38790631745111304,0.612093682548887
19000,YKR038C tV(AAC)G1,0.0,NA,0.011464235372841358,2850,12040,19001,0,0.6447434422117967,0.1914036265950302,1.0,0.3878741019941368,0.6121258980058633
19001,YML113W tS(GCU)O,0.0,NA,0.011464235372841358,2850,12039,19002,0,0.6447729485704169,0.19141648196655248,1.0,0.3878418865371605,0.6121581134628394
19002,YJR017C tA(AGC)F,0.0,NA,0.011464235372841358,2850,12038,19003,0,0.6448024549290372,0.1914293390650188,1.0,0.38780967108018427,0.6121903289198157
19003,tR(UCU)Q1 YIL003W,0.0,NA,0.011464235372841358,2850,12037,19004,0,0.6448319612876575,0.19144219789077718,1.0,0.38777745562320803,0.612222544376792
19004,GRD16 YML035C,0.0,NA,0.011464235372841358,2850,12036,19005,0,0.6448614676462777,0.19145505844417574,1.0,0.38774524016623174,0.6122547598337682
19005,tP(UGG)N1 YDR046C,0.0,NA,0.011464235372841358,2850,12035,19006,0,0.644890974004898,0.19146792072556265,1.0,0.3877130247092555,0.6122869752907445
19006,YOL103W-B tE(UUC)E1,0.0,NA,0.011464235372841358,2850,12034,19007,0,0.6449204803635183,0.1914807847352862,1.0,0.38768080925227927,0.6123191907477208
19007,MAL63 YMR250W,0.0,NA,0.011464235372841358,2850,12033,19008,0,0.6449499867221387,0.19149365047369482,1.0,0.387648593795303,0.612351406204697
19008,YBR145W tA(AGC)F,0.0,NA,0.011464235372841358,2850,12032,19009,0,0.6449794930807589,0.19150651794113693,1.0,0.38761637833832674,0.6123836216616733
19009,YPR132W tN(GUU)O1,0.0,NA,0.011464235372841358,2850,12031,19010,0,0.6450089994393792,0.19151938713796116,1.0,0.38758416288135045,0.6124158371186496
19010,YPR173C OSR2,0.0,NA,0.011464235372841358,2850,12030,19011,0,0.6450385057979995,0.19153225806451613,1.0,0.3875519474243742,0.6124480525756257
19011,YNL054W-B Q0110,0.0,NA,0.011464235372841358,2850,12029,19012,0,0.6450680121566198,0.19154513072115062,1.0,0.387519731967398,0.612480268032602
19012,OSR2 YOR008C-A,0.0,NA,0.011464235372841358,2850,12028,19013,0,0.64509751851524,0.19155800510821347,1.0,0.3874875165104217,0.6125124834895783
19013,YPL218W tH(GUG)G2,0.0,NA,0.011464235372841358,2850,12027,19014,0,0.6451270248738603,0.19157088122605365,1.0,0.38745530105344544,0.6125446989465546
19014,YDR078C tT(AGU)O1,0.0,NA,0.011464235372841358,2850,12026,19015,0,0.6451565312324806,0.19158375907502018,1.0,0.3874230855964692,0.6125769144035308
19015,MEL2 YOR353C,0.0,NA,0.011464235372841358,2850,12025,19016,0,0.6451860375911009,0.1915966386554622,1.0,0.3873908701394929,0.6126091298605071
19016,YML043C tW(CCA)G1,0.0,NA,0.011464235372841358,2850,12024,19017,0,0.6452155439497211,0.19160951996772893,1.0,0.3873586546825167,0.6126413453174834
19017,tP(UGG)F YKL067W,0.0,NA,0.011464235372841358,2850,12023,19018,0,0.6452450503083415,0.1916224030121697,1.0,0.38732643922554044,0.6126735607744596
19018,YER123W tK(UUU)Q,0.0,NA,0.011464235372841358,2850,12022,19019,0,0.6452745566669618,0.19163528778913394,1.0,0.38729422376856415,0.6127057762314359
19019,tV(AAC)G1 tD(GUC)K,0.0,NA,0.011464235372841358,2850,12021,19020,0,0.645304063025582,0.19164817429897116,1.0,0.3872620083115879,0.6127379916884121
19020,21S_rRNA YDR007W,0.0,NA,0.011464235372841358,2850,12020,19021,0,0.6453335693842023,0.19166106254203094,1.0,0.3872297928546116,0.6127702071453883
19021,YBL047C YPL257W-B,0.0,NA,0.011464235372841358,2850,12019,19022,0,0.6453630757428226,0.19167395251866298,1.0,0.3871975773976354,0.6128024226023646
19022,YLR130C MEL6,0.0,NA,0.011464235372841358,2850,12018,19023,0,0.6453925821014429,0.1916868442292171,1.0,0.38716536194065915,0.6128346380593409
19023,tC(GCA)Q YPL189W,0.0,NA,0.011464235372841358,2850,12017,19024,0,0.6454220884600631,0.1916997376740432,1.0,0.38713314648368286,0.6128668535163171
19024,tT(AGU)N2 MAL23,0.0,NA,0.011464235372841358,2850,12016,19025,0,0.6454515948186834,0.1917126328534912,1.0,0.3871009310267066,0.6128990689732934
19025,YGR166W tG(GCC)F2,0.0,NA,0.011464235372841358,2850,12015,19026,0,0.6454811011773037,0.1917255297679112,1.0,0.3870687155697304,0.6129312844302697
19026,tV(AAC)E2 YHR164C,0.0,NA,0.011464235372841358,2850,12014,19027,0,0.645510607535924,0.1917384284176534,1.0,0.3870365001127541,0.6129634998872459
19027,tG(GCC)G2 YNL173C,0.0,NA,0.011464235372841358,2850,12013,19028,0,0.6455401138945442,0.19175132880306803,1.0,0.38700428465577785,0.6129957153442221
19028,YKL096W OSR7,0.0,NA,0.011464235372841358,2850,12012,19029,0,0.6455696202531646,0.19176423092450545,1.0,0.38697206919880156,0.6130279308011984
19029,YBR237W tY(GUA)J2,0.0,NA,0.011464235372841358,2850,12011,19030,0,0.6455991266117849,0.19177713478231612,1.0,0.3869398537418253,0.6130601462581746
19030,tD(GUC)I2 YJR050W,0.0,NA,0.011464235372841358,2850,12010,19031,0,0.6456286329704051,0.1917900403768506,1.0,0.3869076382848491,0.6130923617151509
19031,YHR133C tI(AAU)D,0.0,NA,0.011464235372841358,2850,12009,19032,0,0.6456581393290254,0.19180294770845951,1.0,0.3868754228278728,0.6131245771721272
19032,YGL011C GRD18,0.0,NA,0.011464235372841358,2850,12008,19033,0,0.6456876456876457,0.1918158567774936,1.0,0.38684320737089656,0.6131567926291035
19033,YMR050C tD(GUC)D,0.0,NA,0.011464235372841358,2850,12007,19034,0,0.645717152046266,0.1918287675843037,1.0,0.3868109919139203,0.6131890080860797
19034,tR(UCU)G1 YBR215W,0.0,NA,0.011464235372841358,2850,12006,19035,0,0.6457466584048862,0.19184168012924072,1.0,0.38677877645694403,0.613221223543056
19035,GRD10 YGL158W,0.0,NA,0.011464235372841358,2850,12005,19036,0,0.6457761647635065,0.19185459441265568,1.0,0.3867465609999678,0.6132534390000323
19036,YNL221C tL(CAA)L,0.0,NA,0.011464235372841358,2850,12004,19037,0,0.6458056711221268,0.1918675104348997,1.0,0.3867143455429915,0.6132856544570084
19037,tT(AGU)N1 YPL091W,0.0,NA,0.011464235372841358,2850,12003,19038,0,0.6458351774807471,0.19188042819632398,1.0,0.38668213008601526,0.6133178699139847
19038,tK(CUU)K MAL23,0.0,NA,0.011464235372841358,2850,12002,19039,0,0.6458646838393673,0.19189334769727984,1.0,0.386649914629039,0.613350085370961
19039,GRD16 YOR117W,0.0,NA,0.011464235372841358,2850,12001,19040,0,0.6458941901979877,0.19190626893811866,1.0,0.38661769917206273,0.6133823008279372
19040,YGR061C tF(GAA)H2,0.0,NA,0.011464235372841358,2850,12000,19041,0,0.645923696556608,0.1919191919191919,1.0,0.3865854837150865,0.6134145162849135
19041,YDL081C tP(UGG)O3,0.0,NA,0.011464235372841358,2850,11999,19042,0,0.6459532029152283,0.19193211664085125,1.0,0.38655326825811026,0.6134467317418898
19042,tT(AGU)D YPR031W,0.0,NA,0.011464235372841358,2850,11998,19043,0,0.6459827092738485,0.1919450431034483,1.0,0.38652105280113397,0.613478947198866
19043,YHR020W tM(CAU)D,0.0,NA,0.011464235372841358,2850,11997,19044,0,0.6460122156324688,0.1919579713073348,1.0,0.38648883734415773,0.6135111626558423
19044,YKR034W snR81,0.0,NA,0.011464235372841358,2850,11996,19045,0,0.6460417219910891,0.19197090125286273,1.0,0.3864566218871815,0.6135433781128186
19045,tT(AGU)N1 GRD14,0.0,NA,0.011464235372841358,2850,11995,19046,0,0.6460712283497093,0.19198383294038396,1.0,0.3864244064302052,0.6135755935697947
19046,YOR190W tF(GAA)Q,0.0,NA,0.011464235372841358,2850,11994,19047,0,0.6461007347083296,0.1919967663702506,1.0,0.38639219097322897,0.613607809026771
19047,YPL147W YPR036W-A,0.0,NA,0.011464235372841358,2850,11993,19048,0,0.6461302410669499,0.1920097015428148,1.0,0.3863599755162527,0.6136400244837473
19048,tS(GCU)Q1 YBL045C,0.0,NA,0.011464235372841358,2850,11992,19049,0,0.6461597474255703,0.1920226384584288,1.0,0.38632776005927644,0.6136722399407235
19049,PDR7 YDR251W,0.0,NA,0.011464235372841358,2850,11991,19050,0,0.6461892537841905,0.19203557711744493,1.0,0.3862955446023002,0.6137044553976998
19050,YGR135W GRD18,0.0,NA,0.011464235372841358,2850,11990,19051,0,0.6462187601428108,0.19204851752021562,1.0,0.3862633291453239,0.6137366708546761
19051,tL(UAA)B1 YDR301W,0.0,NA,0.011464235372841358,2850,11989,19052,0,0.6462482665014311,0.19206145966709348,1.0,0.38623111368834767,0.6137688863116524
19052,tF(GAA)N YLR357W,0.0,NA,0.011464235372841358,2850,11988,19053,0,0.6462777728600514,0.19207440355843106,1.0,0.38619889823137143,0.6138011017686286
19053,tT(UGU)Q1 YOL138C,0.0,NA,0.011464235372841358,2850,11987,19054,0,0.6463072792186716,0.19208734919458112,1.0,0.38616668277439514,0.6138333172256049
19054,URR3 YLR103C,0.0,NA,0.011464235372841358,2850,11986,19055,0,0.6463367855772919,0.19210029657589647,1.0,0.3861344673174189,0.6138655326825811
19055,YDR379W RDN25,0.0,NA,0.011464235372841358,2850,11985,19056,0,0.6463662919359122,0.19211324570273003,1.0,0.3861022518604426,0.6138977481395573
19056,MUP2 YBR132C,0.0,NA,0.011464235372841358,2850,11984,19057,0,0.6463957982945324,0.1921261965754348,1.0,0.3860700364034664,0.6139299635965336
19057,YCL035C GRD14,0.0,NA,0.011464235372841358,2850,11983,19058,0,0.6464253046531527,0.19213914919436392,1.0,0.38603782094649014,0.6139621790535099
19058,tL(CAA)D YLR003C,0.0,NA,0.011464235372841358,2850,11982,19059,0,0.646454811011773,0.19215210355987056,1.0,0.38600560548951385,0.6139943945104861
19059,snR7-S tV(AAC)K2,0.0,NA,0.011464235372841358,2850,11981,19060,0,0.6464843173703934,0.19216505967230801,1.0,0.3859733900325376,0.6140266099674624
19060,OSR2 YJL115W,0.0,NA,0.011464235372841358,2850,11980,19061,0,0.6465138237290136,0.19217801753202968,1.0,0.3859411745755614,0.6140588254244387
19061,tR(UCU)G3 YNL101W,0.0,NA,0.011464235372841358,2850,11979,19062,0,0.6465433300876339,0.19219097713938904,1.0,0.3859089591185851,0.6140910408814149
19062,MAL22 YDL188C,0.0,NA,0.011464235372841358,2850,11978,19063,0,0.6465728364462542,0.19220393849473968,1.0,0.38587674366160885,0.6141232563383912
19063,tR(UCU)G2 YLR397C,0.0,NA,0.011464235372841358,2850,11977,19064,0,0.6466023428048745,0.1922169015984353,1.0,0.3858445282046326,0.6141554717953674
19064,YPR107C tN(GUU)L,0.0,NA,0.011464235372841358,2850,11976,19065,0,0.6466318491634947,0.19222986645082962,1.0,0.3858123127476563,0.6141876872523436
19065,YOR197W STA2,0.0,NA,0.011464235372841358,2850,11975,19066,0,0.646661355522115,0.19224283305227655,1.0,0.3857800972906801,0.6142199027093199
19066,YHL009W-A YNL240C,0.0,NA,0.011464235372841358,2850,11974,19067,0,0.6466908618807353,0.19225580140313006,1.0,0.3857478818337038,0.6142521181662962
19067,YDR294C tC(GCA)G,0.0,NA,0.011464235372841358,2850,11973,19068,0,0.6467203682393556,0.1922687715037442,1.0,0.38571566637672755,0.6142843336232724
19068,YDR517W snR191,0.0,NA,0.011464235372841358,2850,11972,19069,0,0.6467498745979758,0.19228174335447307,1.0,0.3856834509197513,0.6143165490802487
19069,snR80 tV(AAC)M2,0.0,NA,0.011464235372841358,2850,11971,19070,0,0.6467793809565962,0.19229471695567102,1.0,0.385651235462775,0.614348764537225
19070,YGR208W tF(GAA)D,0.0,NA,0.011464235372841358,2850,11970,19071,0,0.6468088873152165,0.19230769230769232,1.0,0.3856190200057988,0.6143809799942013
19071,YHR072W-A tW(CCA)M,0.0,NA,0.011464235372841358,2850,11969,19072,0,0.6468383936738367,0.19232066941089143,1.0,0.38558680454882255,0.6144131954511775
19072,YLL057C RDN5,0.0,NA,0.011464235372841358,2850,11968,19073,0,0.646867900032457,0.19233364826562288,1.0,0.38555458909184626,0.6144454109081537
19073,tD(GUC)N YOR167C,0.0,NA,0.011464235372841358,2850,11967,19074,0,0.6468974063910773,0.19234662887224135,1.0,0.38552237363487,0.61447762636513
19074,tH(GUG)E2 YML047C,0.0,NA,0.011464235372841358,2850,11966,19075,0,0.6469269127496976,0.1923596112311015,1.0,0.3854901581778937,0.6145098418221062
19075,tG(GCC)F1 YGR049W,0.0,NA,0.011464235372841358,2850,11965,19076,0,0.6469564191083178,0.1923725953425582,1.0,0.3854579427209175,0.6145420572790825
19076,tY(GUA)M2 YOL040C,0.0,NA,0.011464235372841358,2850,11964,19077,0,0.6469859254669381,0.1923855812069664,1.0,0.38542572726394125,0.6145742727360588
19077,YBR106W tK(CUU)D2,0.0,NA,0.011464235372841358,2850,11963,19078,0,0.6470154318255584,0.192398568824681,1.0,0.38539351180696496,0.614606488193035
19078,OSR9 YIL048W,0.0,NA,0.011464235372841358,2850,11962,19079,0,0.6470449381841787,0.19241155819605726,1.0,0.3853612963499887,0.6146387036500113
19079,tC(GCA)Q YLR324W,0.0,NA,0.011464235372841358,2850,11961,19080,0,0.6470744445427989,0.19242454932145028,1.0,0.3853290808930125,0.6146709191069876
19080,MAL61 YAR042W,0.0,NA,0.011464235372841358,2850,11960,19081,0,0.6471039509014193,0.1924375422012154,1.0,0.3852968654360362,0.6147031345639637
19081,YGL194C tD(GUC)I2,0.0,NA,0.011464235372841358,2850,11959,19082,0,0.6471334572600396,0.192450536835708,1.0,0.38526464997905996,0.61473535002094
19082,SPA1 YMR055C,0.0,NA,0.011464235372841358,2850,11958,19083,0,0.6471629636186598,0.19246353322528362,1.0,0.3852324345220837,0.6147675654779163
19083,tR(UCU)G3 YPL234C,0.0,NA,0.011464235372841358,2850,11957,19084,0,0.6471924699772801,0.19247653137029783,1.0,0.38520021906510743,0.6147997809348925
19084,YGR276C tL(UAA)N,0.0,NA,0.011464235372841358,2850,11956,19085,0,0.6472219763359004,0.1924895312711063,1.0,0.3851680036081312,0.6148319963918688
19085,tH(GUG)H snR30,0.0,NA,0.011464235372841358,2850,11955,19086,0,0.6472514826945207,0.19250253292806485,1.0,0.3851357881511549,0.6148642118488451
19086,YDL040C tT(AGU)I1,0.0,NA,0.011464235372841358,2850,11954,19087,0,0.6472809890531409,0.19251553634152932,1.0,0.38510357269417866,0.6148964273058213
19087,snR85 YIR002C,0.0,NA,0.011464235372841358,2850,11953,19088,0,0.6473104954117612,0.1925285415118557,1.0,0.3850713572372024,0.6149286427627976
19088,YCL016C tT(AGU)O2,0.0,NA,0.011464235372841358,2850,11952,19089,0,0.6473400017703815,0.19254154843940008,1.0,0.38503914178022614,0.6149608582197739
19089,YFR009W tD(GUC)D,0.0,NA,0.011464235372841358,2850,11951,19090,0,0.6473695081290018,0.1925545571245186,1.0,0.3850069263232499,0.6149930736767502
19090,YBL043W tT(AGU)O1,0.0,NA,0.011464235372841358,2850,11950,19091,0,0.647399014487622,0.19256756756756757,1.0,0.38497471086627366,0.6150252891337263
19091,YJR148W MAL43,0.0,NA,0.011464235372841358,2850,11949,19092,0,0.6474285208462424,0.1925805797689033,1.0,0.38494249540929737,0.6150575045907026
19092,tD(GUC)O YHR015W,0.0,NA,0.011464235372841358,2850,11948,19093,0,0.6474580272048627,0.1925935937288823,1.0,0.38491027995232113,0.6150897200476789
19093,tP(UGG)N1 YJL113W,0.0,NA,0.011464235372841358,2850,11947,19094,0,0.6474875335634829,0.19260660944786107,1.0,0.38487806449534484,0.6151219355046551
19094,YBR216C tM(CAU)P,0.0,NA,0.011464235372841358,2850,11946,19095,0,0.6475170399221032,0.19261962692619627,1.0,0.3848458490383686,0.6151541509616314
19095,tY(GUA)M1 YFR013W,0.0,NA,0.011464235372841358,2850,11945,19096,0,0.6475465462807235,0.19263264616424466,1.0,0.38481363358139237,0.6151863664186077
19096,snR80 YOL088C,0.0,NA,0.011464235372841358,2850,11944,19097,0,0.6475760526393438,0.19264566716236312,1.0,0.3847814181244161,0.6152185818755839
19097,GCD3 YBR097W,0.0,NA,0.011464235372841358,2850,11943,19098,0,0.647605558997964,0.19265868992090854,1.0,0.38474920266743984,0.6152507973325602
19098,YGR055W MEL10,0.0,NA,0.011464235372841358,2850,11942,19099,0,0.6476350653565843,0.19267171444023798,1.0,0.3847169872104636,0.6152830127895365
19099,tG(GCC)J2 snR40,0.0,NA,0.011464235372841358,2850,11941,19100,0,0.6476645717152046,0.19268474072070854,1.0,0.3846847717534873,0.6153152282465126
19100,tF(GAA)G YDR127W,0.0,NA,0.011464235372841358,2850,11940,19101,0,0.647694078073825,0.1926977687626775,1.0,0.3846525562965111,0.6153474437034889
19101,tK(CUU)P YNL220W,0.0,NA,0.011464235372841358,2850,11939,19102,0,0.6477235844324452,0.19271079856650214,1.0,0.38462034083953484,0.6153796591604652
19102,tT(AGU)N1 YBR097W,0.0,NA,0.011464235372841358,2850,11938,19103,0,0.6477530907910655,0.1927238301325399,1.0,0.38458812538255854,0.6154118746174414
19103,tF(GAA)N MAL22,0.0,NA,0.011464235372841358,2850,11937,19104,0,0.6477825971496858,0.1927368634611483,1.0,0.3845559099255823,0.6154440900744177
19104,tV(UAC)Q YHR114W,0.0,NA,0.011464235372841358,2850,11936,19105,0,0.6478121035083061,0.19274989855268498,1.0,0.384523694468606,0.615476305531394
19105,tV(AAC)G3 YBL050W,0.0,NA,0.011464235372841358,2850,11935,19106,0,0.6478416098669263,0.1927629354075076,1.0,0.3844914790116298,0.6155085209883702
19106,YER142C SUC1,0.0,NA,0.011464235372841358,2850,11934,19107,0,0.6478711162255466,0.19277597402597402,1.0,0.38445926355465354,0.6155407364453465
19107,snR10 YJR010C-A,0.0,NA,0.011464235372841358,2850,11933,19108,0,0.6479006225841669,0.19278901440844212,1.0,0.38442704809767725,0.6155729519023228
19108,snR81 YLR160C,0.0,NA,0.011464235372841358,2850,11932,19109,0,0.6479301289427871,0.1928020565552699,1.0,0.384394832640701,0.615605167359299
19109,YDR459C RDN25,0.0,NA,0.011464235372841358,2850,11931,19110,0,0.6479596353014074,0.19281510046681552,1.0,0.3843626171837248,0.6156373828162752
19110,snR7-S YDL125C,0.0,NA,0.011464235372841358,2850,11930,19111,0,0.6479891416600277,0.19282814614343707,1.0,0.3843304017267485,0.6156695982732515
19111,tH(GUG)E2 YDR050C,0.0,NA,0.011464235372841358,2850,11929,19112,0,0.6480186480186481,0.19284119358549293,1.0,0.38429818626977225,0.6157018137302278
19112,YMR256C tD(GUC)D,0.0,NA,0.011464235372841358,2850,11928,19113,0,0.6480481543772683,0.19285424279334146,1.0,0.38426597081279595,0.615734029187204
19113,YLR178C tN(GUU)G,0.0,NA,0.011464235372841358,2850,11927,19114,0,0.6480776607358886,0.19286729376734113,1.0,0.3842337553558197,0.6157662446441803
19114,YNL183C tS(AGA)H,0.0,NA,0.011464235372841358,2850,11926,19115,0,0.6481071670945089,0.19288034650785058,1.0,0.3842015398988435,0.6157984601011566
19115,YOL112W tP(UGG)Q,0.0,NA,0.011464235372841358,2850,11925,19116,0,0.6481366734531292,0.19289340101522842,1.0,0.3841693244418672,0.6158306755581328
19116,YLR410W-B tE(UUC)G3,0.0,NA,0.011464235372841358,2850,11924,19117,0,0.6481661798117494,0.1929064572898335,1.0,0.38413710898489095,0.615862891015109
19117,tH(GUG)G2 YER052C,0.0,NA,0.011464235372841358,2850,11923,19118,0,0.6481956861703697,0.19291951533202464,1.0,0.3841048935279147,0.6158951064720853
19118,YOR078W MAL41,0.0,NA,0.011464235372841358,2850,11922,19119,0,0.64822519252899,0.19293257514216083,1.0,0.3840726780709384,0.6159273219290615
19119,tD(GUC)N YLR265C,0.0,NA,0.011464235372841358,2850,11921,19120,0,0.6482546988876102,0.19294563672060117,1.0,0.3840404626139622,0.6159595373860378
19120,TER1 YBR079C,0.0,NA,0.011464235372841358,2850,11920,19121,0,0.6482842052462305,0.1929587000677048,1.0,0.38400824715698595,0.6159917528430141
19121,tK(UUU)Q YDR081C,0.0,NA,0.011464235372841358,2850,11919,19122,0,0.6483137116048509,0.192971765183831,1.0,0.38397603170000966,0.6160239682999903
19122,SUC3 YNR067C,0.0,NA,0.011464235372841358,2850,11918,19123,0,0.6483432179634712,0.1929848320693391,1.0,0.3839438162430334,0.6160561837569666
19123,tK(CUU)P tI(UAU)D,0.0,NA,0.011464235372841358,2850,11917,19124,0,0.6483727243220914,0.1929979007245886,1.0,0.38391160078605713,0.6160883992139429
19124,YKL040C tD(GUC)J4,0.0,NA,0.011464235372841358,2850,11916,19125,0,0.6484022306807117,0.19301097114993904,1.0,0.3838793853290809,0.616120614670919
19125,YPR167C tM(CAU)P,0.0,NA,0.011464235372841358,2850,11915,19126,0,0.648431737039332,0.19302404334575007,1.0,0.38384716987210465,0.6161528301278953
19126,YIL101C snR10,0.0,NA,0.011464235372841358,2850,11914,19127,0,0.6484612433979523,0.19303711731238146,1.0,0.38381495441512836,0.6161850455848716
19127,tV(AAC)G1 YDR030C,0.0,NA,0.011464235372841358,2850,11913,19128,0,0.6484907497565725,0.19305019305019305,1.0,0.3837827389581521,0.6162172610418479
19128,tN(GUU)G YPR031W,0.0,NA,0.011464235372841358,2850,11912,19129,0,0.6485202561151928,0.19306327055954478,1.0,0.3837505235011759,0.6162494764988241
19129,YDR320C tF(GAA)D,0.0,NA,0.011464235372841358,2850,11911,19130,0,0.6485497624738131,0.1930763498407967,1.0,0.3837183080441996,0.6162816919558004
19130,YBR072W tI(AAU)D,0.0,NA,0.011464235372841358,2850,11910,19131,0,0.6485792688324334,0.19308943089430894,1.0,0.38368609258722336,0.6163139074127767
19131,YDL079C tV(AAC)G2,0.0,NA,0.011464235372841358,2850,11909,19132,0,0.6486087751910536,0.19310251372044177,1.0,0.38365387713024707,0.6163461228697529
19132,YDR386W snR81,0.0,NA,0.011464235372841358,2850,11908,19133,0,0.648638281549674,0.1931155983195555,1.0,0.38362166167327083,0.6163783383267292
19133,YNL030W AUT6,0.0,NA,0.011464235372841358,2850,11907,19134,0,0.6486677879082943,0.19312868469201058,1.0,0.3835894462162946,0.6164105537837055
19134,tL(UAA)B1 YIL071C,0.0,NA,0.011464235372841358,2850,11906,19135,0,0.6486972942669145,0.19314177283816752,1.0,0.3835572307593183,0.6164427692406816
19135,YIR034C tD(GUC)I2,0.0,NA,0.011464235372841358,2850,11905,19136,0,0.6487268006255348,0.19315486275838697,1.0,0.38352501530234206,0.6164749846976579
19136,YGR113W tW(CCA)J,0.0,NA,0.011464235372841358,2850,11904,19137,0,0.6487563069841551,0.1931679544530297,1.0,0.38349279984536583,0.6165072001546342
19137,tR(ACG)Q2 YDL160C,0.0,NA,0.011464235372841358,2850,11903,19138,0,0.6487858133427754,0.19318104792245644,1.0,0.38346058438838954,0.6165394156116104
19138,YOR359W tE(UUC)G3,0.0,NA,0.011464235372841358,2850,11902,19139,0,0.6488153197013956,0.1931941431670282,1.0,0.3834283689314133,0.6165716310685867
19139,GRD10 YML125C,0.0,NA,0.011464235372841358,2850,11901,19140,0,0.6488448260600159,0.19320724018710597,1.0,0.38339615347443706,0.616603846525563
19140,tD(GUC)L2 tV(AAC)M1,0.0,NA,0.011464235372841358,2850,11900,19141,0,0.6488743324186362,0.19322033898305085,1.0,0.38336393801746077,0.6166360619825392
19141,URR3 YNL239W,0.0,NA,0.011464235372841358,2850,11899,19142,0,0.6489038387772565,0.1932334395552241,1.0,0.38333172256048453,0.6166682774395155
19142,YCR020W-B YML045W-A,0.0,NA,0.011464235372841358,2850,11898,19143,0,0.6489333451358767,0.193246541903987,1.0,0.38329950710350824,0.6167004928964918
19143,YBR165W tK(UUU)O,0.0,NA,0.011464235372841358,2850,11897,19144,0,0.6489628514944971,0.19325964602970094,1.0,0.383267291646532,0.6167327083534679
19144,tL(UAA)B2 YIL104C,0.0,NA,0.011464235372841358,2850,11896,19145,0,0.6489923578531174,0.19327275193272753,1.0,0.38323507618955577,0.6167649238104442
19145,tL(UAA)K YDR252W,0.0,NA,0.011464235372841358,2850,11895,19146,0,0.6490218642117376,0.19328585961342828,1.0,0.3832028607325795,0.6167971392674205
19146,YKL006W tE(UUC)G3,0.0,NA,0.011464235372841358,2850,11894,19147,0,0.6490513705703579,0.19329896907216496,1.0,0.38317064527560324,0.6168293547243968
19147,tM(CAU)O2 YAL033W,0.0,NA,0.011464235372841358,2850,11893,19148,0,0.6490808769289782,0.19331208030929933,1.0,0.383138429818627,0.616861570181373
19148,GRD10 YPL065W,0.0,NA,0.011464235372841358,2850,11892,19149,0,0.6491103832875985,0.19332519332519332,1.0,0.3831062143616507,0.6168937856383493
19149,YLR079W tS(GCU)Q1,0.0,NA,0.011464235372841358,2850,11891,19150,0,0.6491398896462187,0.19333830812020894,1.0,0.3830739989046745,0.6169260010953256
19150,tW(CCA)P YPL157W,0.0,NA,0.011464235372841358,2850,11890,19151,0,0.649169396004839,0.19335142469470828,1.0,0.3830417834476982,0.6169582165523018
19151,tR(UCU)G3 YPR088C,0.0,NA,0.011464235372841358,2850,11889,19152,0,0.6491989023634593,0.19336454304905354,1.0,0.38300956799072194,0.6169904320092781
19152,YPR145W tD(GUC)J4,0.0,NA,0.011464235372841358,2850,11888,19153,0,0.6492284087220797,0.193377663183607,1.0,0.3829773525337457,0.6170226474662543
19153,YKL160W tL(CAA)C,0.0,NA,0.011464235372841358,2850,11887,19154,0,0.6492579150806999,0.1933907850987311,1.0,0.3829451370767694,0.6170548629232305
19154,GRD3 YDR376W,0.0,NA,0.011464235372841358,2850,11886,19155,0,0.6492874214393202,0.19340390879478828,1.0,0.3829129216197932,0.6170870783802068
19155,YEL051W OSR3,0.0,NA,0.011464235372841358,2850,11885,19156,0,0.6493169277979405,0.19341703427214116,1.0,0.38288070616281694,0.6171192938371831
19156,YHR079C-A tS(AGA)H,0.0,NA,0.011464235372841358,2850,11884,19157,0,0.6493464341565608,0.19343016153115244,1.0,0.38284849070584065,0.6171515092941593
19157,YDR058C tA(AGC)H,0.0,NA,0.011464235372841358,2850,11883,19158,0,0.649375940515181,0.1934432905721849,1.0,0.3828162752488644,0.6171837247511356
19158,YBR139W AWA1,0.0,NA,0.011464235372841358,2850,11882,19159,0,0.6494054468738013,0.1934564213956014,1.0,0.3827840597918881,0.6172159402081119
19159,YIL168W tD(GUC)I1,0.0,NA,0.011464235372841358,2850,11881,19160,0,0.6494349532324216,0.193469554001765,1.0,0.3827518443349119,0.6172481556650881
19160,RDN58 YPL233W,0.0,NA,0.011464235372841358,2850,11880,19161,0,0.6494644595910418,0.1934826883910387,1.0,0.38271962887793565,0.6172803711220644
19161,tD(GUC)M YDL188C,0.0,NA,0.011464235372841358,2850,11879,19162,0,0.6494939659496621,0.19349582456378572,1.0,0.38268741342095935,0.6173125865790406
19162,YPL180W tM(CAU)O1,0.0,NA,0.011464235372841358,2850,11878,19163,0,0.6495234723082824,0.19350896252036937,1.0,0.3826551979639831,0.6173448020360168
19163,tT(AGU)I1 YDR434W,0.0,NA,0.011464235372841358,2850,11877,19164,0,0.6495529786669028,0.193522102261153,1.0,0.3826229825070069,0.6173770174929931
19164,tR(CCG)L tI(AAU)E1,0.0,NA,0.011464235372841358,2850,11876,19165,0,0.649582485025523,0.19353524378650006,1.0,0.3825907670500306,0.6174092329499694
19165,YOR381W tP(UGG)L,0.0,NA,0.011464235372841358,2850,11875,19166,0,0.6496119913841433,0.1935483870967742,1.0,0.38255855159305435,0.6174414484069457
19166,PFK4 YJL035C,0.0,NA,0.011464235372841358,2850,11874,19167,0,0.6496414977427636,0.19356153219233904,1.0,0.3825263361360781,0.6174736638639219
19167,YJL178C NUP63,0.0,NA,0.011464235372841358,2850,11873,19168,0,0.6496710041013839,0.19357467907355838,1.0,0.3824941206791018,0.6175058793208982
19168,tA(AGC)G YER137C-A,0.0,NA,0.011464235372841358,2850,11872,19169,0,0.6497005104600041,0.19358782774079608,1.0,0.3824619052221256,0.6175380947778745
19169,YOR090C tE(UUC)E3,0.0,NA,0.011464235372841358,2850,11871,19170,0,0.6497300168186244,0.19360097819441613,1.0,0.3824296897651493,0.6175703102348507
19170,tI(UAU)L YFL034C-A,0.0,NA,0.011464235372841358,2850,11870,19171,0,0.6497595231772447,0.19361413043478262,1.0,0.38239747430817306,0.6176025256918269
19171,YLR372W tP(UGG)O2,0.0,NA,0.011464235372841358,2850,11869,19172,0,0.6497890295358649,0.19362728446225966,1.0,0.3823652588511968,0.6176347411488032
19172,YGL240W tS(AGA)H,0.0,NA,0.011464235372841358,2850,11868,19173,0,0.6498185358944852,0.19364044027721158,1.0,0.38233304339422053,0.6176669566057794
19173,YBR077C snR30,0.0,NA,0.011464235372841358,2850,11867,19174,0,0.6498480422531056,0.19365359788000272,1.0,0.3823008279372443,0.6176991720627557
19174,tD(GUC)I1 YER065C,0.0,NA,0.011464235372841358,2850,11866,19175,0,0.6498775486117259,0.19366675727099755,1.0,0.38226861248026806,0.617731387519732
19175,tG(GCC)G2 YPL082C,0.0,NA,0.011464235372841358,2850,11865,19176,0,0.6499070549703461,0.19367991845056065,1.0,0.38223639702329176,0.6177636029767082
19176,YBR107C tF(GAA)H2,0.0,NA,0.011464235372841358,2850,11864,19177,0,0.6499365613289664,0.19369308141905667,1.0,0.3822041815663155,0.6177958184336845
19177,tS(GCU)Q1 tV(AAC)J,0.0,NA,0.011464235372841358,2850,11863,19178,0,0.6499660676875867,0.1937062461768504,1.0,0.38217196610933923,0.6178280338906608
19178,tT(AGU)H YDR363W,0.0,NA,0.011464235372841358,2850,11862,19179,0,0.649995574046207,0.19371941272430668,1.0,0.382139750652363,0.617860249347637
19179,YPL081W tV(AAC)M2,0.0,NA,0.011464235372841358,2850,11861,19180,0,0.6500250804048272,0.1937325810617905,1.0,0.38210753519538676,0.6178924648046132
19180,tW(CCA)K tD(GUC)G1,0.0,NA,0.011464235372841358,2850,11860,19181,0,0.6500545867634475,0.1937457511896669,1.0,0.38207531973841047,0.6179246802615895
19181,YBR200W tG(UCC)Q,0.0,NA,0.011464235372841358,2850,11859,19182,0,0.6500840931220678,0.19375892310830103,1.0,0.38204310428143423,0.6179568957185657
19182,tG(GCC)D2 tK(CUU)G3,0.0,NA,0.011464235372841358,2850,11858,19183,0,0.6501135994806881,0.1937720968180582,1.0,0.382010888824458,0.617989111175542
19183,YOR383C tM(CAU)J2,0.0,NA,0.011464235372841358,2850,11857,19184,0,0.6501431058393083,0.19378527231930373,1.0,0.3819786733674817,0.6180213266325183
19184,YMR037C tP(UGG)Q,0.0,NA,0.011464235372841358,2850,11856,19185,0,0.6501726121979287,0.1937984496124031,1.0,0.38194645791050547,0.6180535420894946
19185,YFL002W-B YDR216W,0.0,NA,0.011464235372841358,2850,11855,19186,0,0.650202118556549,0.19381162869772187,1.0,0.38191424245352923,0.6180857575464708
19186,tV(AAC)E1 YKR003W,0.0,NA,0.011464235372841358,2850,11854,19187,0,0.6502316249151692,0.19382480957562567,1.0,0.38188202699655294,0.6181179730034471
19187,tI(AAU)I2 YHR077C,0.0,NA,0.011464235372841358,2850,11853,19188,0,0.6502611312737895,0.19383799224648032,1.0,0.3818498115395767,0.6181501884604234
19188,tG(GCC)G2 YKR068C,0.0,NA,0.011464235372841358,2850,11852,19189,0,0.6502906376324098,0.1938511767106516,1.0,0.3818175960826004,0.6181824039173995
19189,SPA1 YOR035C,0.0,NA,0.011464235372841358,2850,11851,19190,0,0.6503201439910301,0.19386436296850554,1.0,0.38178538062562417,0.6182146193743758
19190,TER1 YFR031C-A,0.0,NA,0.011464235372841358,2850,11850,19191,0,0.6503496503496503,0.19387755102040816,1.0,0.38175316516864793,0.6182468348313521
19191,YPL146C tP(UGG)H,0.0,NA,0.011464235372841358,2850,11849,19192,0,0.6503791567082706,0.1938907408667256,1.0,0.38172094971167164,0.6182790502883283
19192,YDR226W PFK4,0.0,NA,0.011464235372841358,2850,11848,19193,0,0.6504086630668909,0.1939039325078242,1.0,0.3816887342546954,0.6183112657453046
19193,tD(GUC)N YDR315C,0.0,NA,0.011464235372841358,2850,11847,19194,0,0.6504381694255112,0.1939171259440702,1.0,0.38165651879771917,0.6183434812022809
19194,tY(GUA)D YOL119C,0.0,NA,0.011464235372841358,2850,11846,19195,0,0.6504676757841314,0.19393032117583014,1.0,0.3816243033407429,0.6183756966592571
19195,tR(UCU)G2 YKL145W,0.0,NA,0.011464235372841358,2850,11845,19196,0,0.6504971821427518,0.19394351820347056,1.0,0.38159208788376664,0.6184079121162334
19196,YNL025C NUP63,0.0,NA,0.011464235372841358,2850,11844,19197,0,0.6505266885013721,0.19395671702735812,1.0,0.38155987242679035,0.6184401275732097
19197,snR81 YBR118W,0.0,NA,0.011464235372841358,2850,11843,19198,0,0.6505561948599923,0.19396991764785954,1.0,0.3815276569698141,0.6184723430301858
19198,tH(GUG)Q YML075C,0.0,NA,0.011464235372841358,2850,11842,19199,0,0.6505857012186126,0.19398312006534169,1.0,0.3814954415128379,0.6185045584871621
19199,tY(GUA)D YDR177W,0.0,NA,0.011464235372841358,2850,11841,19200,0,0.6506152075772329,0.19399632428017152,1.0,0.3814632260558616,0.6185367739441384
19200,YGL025C tD(GUC)G1,0.0,NA,0.011464235372841358,2850,11840,19201,0,0.6506447139358532,0.19400953029271614,1.0,0.38143101059888534,0.6185689894011146
19201,PDR7 YBR237W,0.0,NA,0.011464235372841358,2850,11839,19202,0,0.6506742202944734,0.19402273810334264,1.0,0.3813987951419091,0.6186012048580909
19202,21S_rRNA snR31,0.0,NA,0.011464235372841358,2850,11838,19203,0,0.6507037266530937,0.1940359477124183,1.0,0.3813665796849328,0.6186334203150672
19203,YMR048W AUT6,0.0,NA,0.011464235372841358,2850,11837,19204,0,0.650733233011714,0.19404915912031048,1.0,0.3813343642279566,0.6186656357720435
19204,tL(UAA)B2 YMR270C,0.0,NA,0.011464235372841358,2850,11836,19205,0,0.6507627393703344,0.19406237232738663,1.0,0.38130214877098034,0.6186978512290197
19205,snR7-L tI(UAU)L,0.0,NA,0.011464235372841358,2850,11835,19206,0,0.6507922457289546,0.1940755873340143,1.0,0.38126993331400405,0.618730066685996
19206,YER125W tN(GUU)F,0.0,NA,0.011464235372841358,2850,11834,19207,0,0.6508217520875749,0.19408880414056115,1.0,0.3812377178570278,0.6187622821429722
19207,YNL214W tE(UUC)I,0.0,NA,0.011464235372841358,2850,11833,19208,0,0.6508512584461952,0.19410202274739494,1.0,0.3812055024000515,0.6187944975999484
19208,YPL138C tN(GUU)F,0.0,NA,0.011464235372841358,2850,11832,19209,0,0.6508807648048155,0.19411524315488354,1.0,0.3811732869430753,0.6188267130569247
19209,SUC7 tM(CAU)J2,0.0,NA,0.011464235372841358,2850,11831,19210,0,0.6509102711634357,0.19412846536339487,1.0,0.38114107148609905,0.618858928513901
19210,YPL112C tK(CUU)G3,0.0,NA,0.011464235372841358,2850,11830,19211,0,0.650939777522056,0.194141689373297,1.0,0.38110885602912276,0.6188911439708772
19211,RDN58 YGR024C,0.0,NA,0.011464235372841358,2850,11829,19212,0,0.6509692838806763,0.19415491518495812,1.0,0.3810766405721465,0.6189233594278535
19212,YDR440W AWA1,0.0,NA,0.011464235372841358,2850,11828,19213,0,0.6509987902392965,0.19416814279874642,1.0,0.3810444251151703,0.6189555748848298
19213,YDR345C tF(GAA)P1,0.0,NA,0.011464235372841358,2850,11827,19214,0,0.6510282965979168,0.19418137221503032,1.0,0.381012209658194,0.618987790341806
19214,YER180C tD(GUC)J4,0.0,NA,0.011464235372841358,2850,11826,19215,0,0.6510578029565371,0.19419460343417824,1.0,0.38097999420121775,0.6190200057987822
19215,tI(AAU)P1 YBL101C,0.0,NA,0.011464235372841358,2850,11825,19216,0,0.6510873093151575,0.19420783645655879,1.0,0.38094777874424146,0.6190522212557585
19216,YPL095C tM(CAU)P,0.0,NA,0.011464235372841358,2850,11824,19217,0,0.6511168156737777,0.19422107128254054,1.0,0.3809155632872652,0.6190844367127347
19217,YHR214C-B snR43,0.0,NA,0.011464235372841358,2850,11823,19218,0,0.651146322032398,0.19423430791249233,1.0,0.380883347830289,0.619116652169711
19218,YOL075C AUT6,0.0,NA,0.011464235372841358,2850,11822,19219,0,0.6511758283910183,0.19424754634678298,1.0,0.3808511323733127,0.6191488676266873
19219,snR83 YHR171W,0.0,NA,0.011464235372841358,2850,11821,19220,0,0.6512053347496386,0.19426078658578147,1.0,0.38081891691633646,0.6191810830836636
19220,ESC3 YLR362W,0.0,NA,0.011464235372841358,2850,11820,19221,0,0.6512348411082588,0.19427402862985685,1.0,0.3807867014593602,0.6192132985406398
19221,YNL245C tE(UUC)I,0.0,NA,0.011464235372841358,2850,11819,19222,0,0.6512643474668791,0.19428727247937827,1.0,0.38075448600238393,0.6192455139976161
19222,tT(AGU)B YNL111C,0.0,NA,0.011464235372841358,2850,11818,19223,0,0.6512938538254994,0.19430051813471502,1.0,0.3807222705454077,0.6192777294545924
19223,URR3 YER001W,0.0,NA,0.011464235372841358,2850,11817,19224,0,0.6513233601841196,0.19431376559623645,1.0,0.38069005508843146,0.6193099449115685
19224,YCL059C OSR2,0.0,NA,0.011464235372841358,2850,11816,19225,0,0.6513528665427399,0.194327014864312,1.0,0.38065783963145516,0.6193421603685448
19225,YJL137C tK(UUU)O,0.0,NA,0.011464235372841358,2850,11815,19226,0,0.6513823729013603,0.19434026593931128,1.0,0.3806256241744789,0.6193743758255211
19226,tL(UAA)N YPR137C-A,0.0,NA,0.011464235372841358,2850,11814,19227,0,0.6514118792599806,0.19435351882160393,1.0,0.38059340871750263,0.6194065912824973
19227,YIL049W tV(AAC)M2,0.0,NA,0.011464235372841358,2850,11813,19228,0,0.6514413856186008,0.1943667735115597,1.0,0.3805611932605264,0.6194388067394736
19228,tG(GCC)F1 YFL030W,0.0,NA,0.011464235372841358,2850,11812,19229,0,0.6514708919772211,0.19438003000954848,1.0,0.38052897780355016,0.6194710221964499
19229,YLR145W GRD10,0.0,NA,0.011464235372841358,2850,11811,19230,0,0.6515003983358414,0.19439328831594024,1.0,0.38049676234657387,0.6195032376534261
19230,ESC3 YFL034C-A,0.0,NA,0.011464235372841358,2850,11810,19231,0,0.6515299046944617,0.19440654843110505,1.0,0.38046454688959763,0.6195354531104024
19231,YIL128W BIO6,0.0,NA,0.011464235372841358,2850,11809,19232,0,0.6515594110530819,0.19441981035541306,1.0,0.3804323314326214,0.6195676685673787
19232,tW(CCA)M tS(GCU)L,0.0,NA,0.011464235372841358,2850,11808,19233,0,0.6515889174117022,0.19443307408923455,1.0,0.3804001159756451,0.6195998840243548
19233,YIL110W tG(GCC)F2,0.0,NA,0.011464235372841358,2850,11807,19234,0,0.6516184237703225,0.1944463396329399,1.0,0.38036790051866887,0.6196320994813311
19234,tK(CUU)D2 YDL247W,0.0,NA,0.011464235372841358,2850,11806,19235,0,0.6516479301289427,0.19445960698689957,1.0,0.3803356850616926,0.6196643149383074
19235,MAL62 YPL049C,0.0,NA,0.011464235372841358,2850,11805,19236,0,0.651677436487563,0.19447287615148415,1.0,0.38030346960471634,0.6196965303952836
19236,tY(GUA)O YNL016W,0.0,NA,0.011464235372841358,2850,11804,19237,0,0.6517069428461834,0.19448614712706427,1.0,0.3802712541477401,0.6197287458522599
19237,tG(GCC)G2 YHR144C,0.0,NA,0.011464235372841358,2850,11803,19238,0,0.6517364492048037,0.1944994199140108,1.0,0.3802390386907638,0.6197609613092362
19238,STA2 YBR236C,0.0,NA,0.011464235372841358,2850,11802,19239,0,0.6517659555634239,0.1945126945126945,1.0,0.38020682323378757,0.6197931767662125
19239,YDR160W tL(CAA)L,0.0,NA,0.011464235372841358,2850,11801,19240,0,0.6517954619220442,0.19452597092348645,1.0,0.38017460777681134,0.6198253922231887
19240,YHR214C-C tD(GUC)J4,0.0,NA,0.011464235372841358,2850,11800,19241,0,0.6518249682806645,0.1945392491467577,1.0,0.38014239231983504,0.619857607680165
19241,YMR009W YML045W-A,0.0,NA,0.011464235372841358,2850,11799,19242,0,0.6518544746392848,0.19455252918287938,1.0,0.3801101768628588,0.6198898231371412
19242,ESC3 YDR034C-D,0.0,NA,0.011464235372841358,2850,11798,19243,0,0.651883980997905,0.19456581103222284,1.0,0.38007796140588257,0.6199220385941174
19243,YLR005W tT(AGU)I2,0.0,NA,0.011464235372841358,2850,11797,19244,0,0.6519134873565253,0.1945790946951594,1.0,0.3800457459489063,0.6199542540510937
19244,YLL058W tS(AGA)G,0.0,NA,0.011464235372841358,2850,11796,19245,0,0.6519429937151456,0.19459238017206062,1.0,0.38001353049193004,0.61998646950807
19245,YJL048C tV(AAC)G3,0.0,NA,0.011464235372841358,2850,11795,19246,0,0.651972500073766,0.19460566746329805,1.0,0.37998131503495375,0.6200186849650462
19246,MEL2 YNL186W,0.0,NA,0.011464235372841358,2850,11794,19247,0,0.6520020064323861,0.19461895656924338,1.0,0.3799490995779775,0.6200509004220225
19247,YOL148C tF(GAA)B,0.0,NA,0.011464235372841358,2850,11793,19248,0,0.6520315127910065,0.1946322474902684,1.0,0.3799168841210013,0.6200831158789988
19248,YHL011C tM(CAU)Q1,0.0,NA,0.011464235372841358,2850,11792,19249,0,0.6520610191496268,0.194645540226745,1.0,0.379884668664025,0.620115331335975
19249,tE(UUC)G2 YJR063W,0.0,NA,0.011464235372841358,2850,11791,19250,0,0.652090525508247,0.19465883477904514,1.0,0.37985245320704875,0.6201475467929513
19250,YPL005W tY(GUA)J2,0.0,NA,0.011464235372841358,2850,11790,19251,0,0.6521200318668673,0.19467213114754098,1.0,0.3798202377500725,0.6201797622499275
19251,YML057W OSR3,0.0,NA,0.011464235372841358,2850,11789,19252,0,0.6521495382254876,0.1946854293326047,1.0,0.3797880222930962,0.6202119777069037
19252,PDR7 YAL028W,0.0,NA,0.011464235372841358,2850,11788,19253,0,0.6521790445841079,0.19469872933460855,1.0,0.37975580683612,0.62024419316388
19253,YBR231C tA(AGC)F,0.0,NA,0.011464235372841358,2850,11787,19254,0,0.6522085509427281,0.194712031153925,1.0,0.3797235913791437,0.6202764086208563
19254,YFR024C-A tD(GUC)J4,0.0,NA,0.011464235372841358,2850,11786,19255,0,0.6522380573013484,0.1947253347909265,1.0,0.37969137592216745,0.6203086240778325
19255,tP(UGG)L YNL154C,0.0,NA,0.011464235372841358,2850,11785,19256,0,0.6522675636599687,0.19473864024598564,1.0,0.3796591604651912,0.6203408395348088
19256,MEL9 YDL150W,0.0,NA,0.011464235372841358,2850,11784,19257,0,0.652297070018589,0.1947519475194752,1.0,0.3796269450082149,0.6203730549917851
19257,GRD3 YDR363W-A,0.0,NA,0.011464235372841358,2850,11783,19258,0,0.6523265763772093,0.1947652566117679,1.0,0.3795947295512387,0.6204052704487614
19258,snR41 SUC1,0.0,NA,0.011464235372841358,2850,11782,19259,0,0.6523560827358296,0.19477856752323675,1.0,0.37956251409426245,0.6204374859057376
19259,tG(GCC)F2 YJR053W,0.0,NA,0.011464235372841358,2850,11781,19260,0,0.6523855890944499,0.19479188025425467,1.0,0.37953029863728616,0.6204697013627138
19260,tK(UUU)D YPL156C,0.0,NA,0.011464235372841358,2850,11780,19261,0,0.6524150954530701,0.19480519480519481,1.0,0.3794980831803099,0.6205019168196901
19261,TER1 YDL131W,0.0,NA,0.011464235372841358,2850,11779,19262,0,0.6524446018116904,0.19481851117643037,1.0,0.3794658677233337,0.6205341322766663
19262,YLR197W tF(GAA)H1,0.0,NA,0.011464235372841358,2850,11778,19263,0,0.6524741081703107,0.1948318293683347,1.0,0.3794336522663574,0.6205663477336426
19263,YOR237W tL(UAA)B1,0.0,NA,0.011464235372841358,2850,11777,19264,0,0.652503614528931,0.1948451493812812,1.0,0.37940143680938115,0.6205985631906189
19264,tS(CGA)C YJL134W,0.0,NA,0.011464235372841358,2850,11776,19265,0,0.6525331208875512,0.19485847121564337,1.0,0.37936922135240486,0.6206307786475951
19265,YDR460W SUC7,0.0,NA,0.011464235372841358,2850,11775,19266,0,0.6525626272461715,0.19487179487179487,1.0,0.3793370058954286,0.6206629941045714
19266,tG(UCC)G YDR545W,0.0,NA,0.011464235372841358,2850,11774,19267,0,0.6525921336047918,0.1948851203501094,1.0,0.3793047904384524,0.6206952095615477
19267,tL(UAG)J YOR010C,0.0,NA,0.011464235372841358,2850,11773,19268,0,0.6526216399634122,0.19489844765096082,1.0,0.3792725749814761,0.6207274250185238
19268,YBR040W tP(UGG)O3,0.0,NA,0.011464235372841358,2850,11772,19269,0,0.6526511463220324,0.19491177677472302,1.0,0.37924035952449986,0.6207596404755001
19269,tH(GUG)Q tD(GUC)G1,0.0,NA,0.011464235372841358,2850,11771,19270,0,0.6526806526806527,0.19492510772177005,1.0,0.3792081440675236,0.6207918559324764
19270,tM(CAU)M YGR038C-B,0.0,NA,0.011464235372841358,2850,11770,19271,0,0.652710159039273,0.19493844049247605,1.0,0.37917592861054733,0.6208240713894526
19271,YNL292W tW(CCA)K,0.0,NA,0.011464235372841358,2850,11769,19272,0,0.6527396653978933,0.19495177508721526,1.0,0.3791437131535711,0.6208562868464289
19272,YMR182C tD(GUC)J4,0.0,NA,0.011464235372841358,2850,11768,19273,0,0.6527691717565135,0.19496511150636203,1.0,0.3791114976965948,0.6208885023034052
19273,MAL62 YDR081C,0.0,NA,0.011464235372841358,2850,11767,19274,0,0.6527986781151338,0.19497844975029074,1.0,0.37907928223961856,0.6209207177603814
19274,tI(AAU)I1 PFK5,0.0,NA,0.011464235372841358,2850,11766,19275,0,0.6528281844737541,0.19499178981937604,1.0,0.37904706678264233,0.6209529332173577
19275,YPL081W OSR8,0.0,NA,0.011464235372841358,2850,11765,19276,0,0.6528576908323743,0.19500513171399247,1.0,0.37901485132566604,0.620985148674334
19276,tK(CUU)G2 YHL007C,0.0,NA,0.011464235372841358,2850,11764,19277,0,0.6528871971909946,0.19501847543451484,1.0,0.3789826358686898,0.6210173641313103
19277,tP(UGG)O2 YJR095W,0.0,NA,0.011464235372841358,2850,11763,19278,0,0.652916703549615,0.195031820981318,1.0,0.37895042041171356,0.6210495795882864
19278,YOR267C snR83,0.0,NA,0.011464235372841358,2850,11762,19279,0,0.6529462099082353,0.1950451683547769,1.0,0.37891820495473727,0.6210817950452627
19279,tD(GUC)L1 YFR008W,0.0,NA,0.011464235372841358,2850,11761,19280,0,0.6529757162668555,0.19505851755526657,1.0,0.37888598949776103,0.621114010502239
19280,tM(CAU)O1 YER056C,0.0,NA,0.011464235372841358,2850,11760,19281,0,0.6530052226254758,0.19507186858316222,1.0,0.37885377404078474,0.6211462259592152
19281,PFK5 YER137C-A,0.0,NA,0.011464235372841358,2850,11759,19282,0,0.6530347289840961,0.19508522143883908,1.0,0.3788215585838085,0.6211784414161915
19282,YJL087C tF(GAA)H2,0.0,NA,0.011464235372841358,2850,11758,19283,0,0.6530642353427164,0.1950985761226725,1.0,0.37878934312683227,0.6212106568731678
19283,tL(CAA)M YOR242C,0.0,NA,0.011464235372841358,2850,11757,19284,0,0.6530937417013366,0.19511193263503798,1.0,0.378757127669856,0.621242872330144
19284,tY(GUA)M1 YLR353W,0.0,NA,0.011464235372841358,2850,11756,19285,0,0.6531232480599569,0.1951252909763111,1.0,0.37872491221287974,0.6212750877871203
19285,YJL146W snR30,0.0,NA,0.011464235372841358,2850,11755,19286,0,0.6531527544185772,0.19513865114686751,1.0,0.3786926967559035,0.6213073032440966
19286,YLR220W tE(CUC)I,0.0,NA,0.011464235372841358,2850,11754,19287,0,0.6531822607771974,0.195152013147083,1.0,0.3786604812989272,0.6213395187010727
19287,tD(GUC)O YDL212W,0.0,NA,0.011464235372841358,2850,11753,19288,0,0.6532117671358177,0.19516537697733344,1.0,0.378628265841951,0.621371734158049
19288,YIL117C tS(AGA)G,0.0,NA,0.011464235372841358,2850,11752,19289,0,0.6532412734944381,0.19517874263799478,1.0,0.37859605038497474,0.6214039496150253
19289,YGR147C tW(CCA)G2,0.0,NA,0.011464235372841358,2850,11751,19290,0,0.6532707798530584,0.19519211012944318,1.0,0.37856383492799844,0.6214361650720015
19290,YBL046W tA(UGC)Q,0.0,NA,0.011464235372841358,2850,11750,19291,0,0.6533002862116786,0.1952054794520548,1.0,0.3785316194710222,0.6214683805289778
19291,tY(GUA)J1 YNL132W,0.0,NA,0.011464235372841358,2850,11749,19292,0,0.6533297925702989,0.19521885060620592,1.0,0.3784994040140459,0.6215005959859541
19292,YCR106W tW(UCA)Q,0.0,NA,0.011464235372841358,2850,11748,19293,0,0.6533592989289192,0.1952322235922729,1.0,0.3784671885570697,0.6215328114429303
19293,PFK5 YMR283C,0.0,NA,0.011464235372841358,2850,11747,19294,0,0.6533888052875395,0.19524559841063233,1.0,0.37843497310009344,0.6215650268999066
19294,YGR007W tL(UAG)L2,0.0,NA,0.011464235372841358,2850,11746,19295,0,0.6534183116461597,0.19525897506166073,1.0,0.37840275764311715,0.6215972423568829
19295,YBL051C AWA1,0.0,NA,0.011464235372841358,2850,11745,19296,0,0.65344781800478,0.19527235354573483,1.0,0.3783705421861409,0.6216294578138591
19296,YDL134C tW(UCA)Q,0.0,NA,0.011464235372841358,2850,11744,19297,0,0.6534773243634003,0.19528573386323148,1.0,0.3783383267291647,0.6216616732708353
19297,snR191 YDR378C,0.0,NA,0.011464235372841358,2850,11743,19298,0,0.6535068307220206,0.1952991160145275,1.0,0.3783061112721884,0.6216938887278116
19298,tM(CAU)C YGR032W,0.0,NA,0.011464235372841358,2850,11742,19299,0,0.6535363370806409,0.1953125,1.0,0.37827389581521215,0.6217261041847879
19299,OSR2 YDR210W-B,0.0,NA,0.011464235372841358,2850,11741,19300,0,0.6535658434392612,0.19532588582002605,1.0,0.37824168035823585,0.6217583196417641
19300,YPL144W tE(UUC)Q,0.0,NA,0.011464235372841358,2850,11740,19301,0,0.6535953497978815,0.19533927347498287,1.0,0.3782094649012596,0.6217905350987404
19301,tK(CUU)C tA(AGC)H,0.0,NA,0.011464235372841358,2850,11739,19302,0,0.6536248561565017,0.19535266296524778,1.0,0.3781772494442834,0.6218227505557167
19302,YPR120C tM(CAU)J2,0.0,NA,0.011464235372841358,2850,11738,19303,0,0.653654362515122,0.19536605429119824,1.0,0.3781450339873071,0.6218549660126929
19303,YPR176C MEL3,0.0,NA,0.011464235372841358,2850,11737,19304,0,0.6536838688737423,0.19537944745321176,1.0,0.37811281853033085,0.6218871814696691
19304,YFL041W RDN25,0.0,NA,0.011464235372841358,2850,11736,19305,0,0.6537133752323626,0.195392842451666,1.0,0.3780806030733546,0.6219193969266454
19305,HRA1 YHR160C,0.0,NA,0.011464235372841358,2850,11735,19306,0,0.6537428815909828,0.19540623928693865,1.0,0.3780483876163783,0.6219516123836216
19306,tM(CAU)Q1 YOR008C-A,0.0,NA,0.011464235372841358,2850,11734,19307,0,0.6537723879496031,0.19541963795940756,1.0,0.3780161721594021,0.6219838278405979
19307,snR7-S YDR497C,0.0,NA,0.011464235372841358,2850,11733,19308,0,0.6538018943082234,0.19543303846945073,1.0,0.37798395670242585,0.6220160432975742
19308,tD(GUC)B YHR055C,0.0,NA,0.011464235372841358,2850,11732,19309,0,0.6538314006668438,0.19544644081744617,1.0,0.37795174124544956,0.6220482587545504
19309,YAL001C tN(GUU)P,0.0,NA,0.011464235372841358,2850,11731,19310,0,0.653860907025464,0.19545984500377203,1.0,0.3779195257884733,0.6220804742115267
19310,tR(ACG)Q2 tP(UGG)N2,0.0,NA,0.011464235372841358,2850,11730,19311,0,0.6538904133840843,0.19547325102880658,1.0,0.37788731033149703,0.622112689668503
19311,tS(GCU)F tL(CAA)K,0.0,NA,0.011464235372841358,2850,11729,19312,0,0.6539199197427046,0.19548665889292818,1.0,0.3778550948745208,0.6221449051254792
19312,YAL059W tM(CAU)O1,0.0,NA,0.011464235372841358,2850,11728,19313,0,0.6539494261013248,0.1955000685965153,1.0,0.37782287941754455,0.6221771205824554
19313,snR82 YMR078C,0.0,NA,0.011464235372841358,2850,11727,19314,0,0.6539789324599451,0.1955134801399465,1.0,0.37779066396056826,0.6222093360394317
19314,tQ(UUG)Q YGL006W,0.0,NA,0.011464235372841358,2850,11726,19315,0,0.6540084388185654,0.19552689352360045,1.0,0.377758448503592,0.622241551496408
19315,OSR9 YMR217W,0.0,NA,0.011464235372841358,2850,11725,19316,0,0.6540379451771857,0.1955403087478559,1.0,0.3777262330466158,0.6222737669533842
19316,YCR036W tF(GAA)H2,0.0,NA,0.011464235372841358,2850,11724,19317,0,0.6540674515358059,0.1955537258130918,1.0,0.3776940175896395,0.6223059824103605
19317,OSR8 YMR217W,0.0,NA,0.011464235372841358,2850,11723,19318,0,0.6540969578944262,0.19556714471968709,1.0,0.37766180213266326,0.6223381978673368
19318,YNL025C R0030W,0.0,NA,0.011464235372841358,2850,11722,19319,0,0.6541264642530465,0.19558056546802086,1.0,0.37762958667568697,0.622370413324313
19319,YMR283C tV(AAC)E2,0.0,NA,0.011464235372841358,2850,11721,19320,0,0.6541559706116669,0.1955939880584723,1.0,0.37759737121871073,0.6224026287812893
19320,tV(AAC)H YOL120C,0.0,NA,0.011464235372841358,2850,11720,19321,0,0.6541854769702871,0.19560741249142072,1.0,0.3775651557617345,0.6224348442382656
19321,YDL005C BIO6,0.0,NA,0.011464235372841358,2850,11719,19322,0,0.6542149833289074,0.1956208387672455,1.0,0.3775329403047582,0.6224670596952417
19322,YER030W tD(GUC)J4,0.0,NA,0.011464235372841358,2850,11718,19323,0,0.6542444896875277,0.1956342668863262,1.0,0.37750072484778197,0.622499275152218
19323,YIL133C tY(GUA)J2,0.0,NA,0.011464235372841358,2850,11717,19324,0,0.654273996046148,0.19564769684904235,1.0,0.37746850939080573,0.6225314906091943
19324,YPL012W tI(AAU)I1,0.0,NA,0.011464235372841358,2850,11716,19325,0,0.6543035024047682,0.19566112865577373,1.0,0.37743629393382944,0.6225637060661705
19325,YER132C tE(UUC)G2,0.0,NA,0.011464235372841358,2850,11715,19326,0,0.6543330087633885,0.1956745623069001,1.0,0.3774040784768532,0.6225959215231468
19326,tL(UAA)K YFR014C,0.0,NA,0.011464235372841358,2850,11714,19327,0,0.6543625151220088,0.19568799780280144,1.0,0.37737186301987696,0.6226281369801231
19327,tI(UAU)D YHR079C-A,0.0,NA,0.011464235372841358,2850,11713,19328,0,0.654392021480629,0.1957014351438577,1.0,0.37733964756290067,0.6226603524370993
19328,YGR194C BIO6,0.0,NA,0.011464235372841358,2850,11712,19329,0,0.6544215278392493,0.19571487433044912,1.0,0.37730743210592443,0.6226925678940756
19329,YOL005C SUC1,0.0,NA,0.011464235372841358,2850,11711,19330,0,0.6544510341978697,0.19572831536295585,1.0,0.37727521664894814,0.6227247833510519
19330,YDR160W tE(UUC)I,0.0,NA,0.011464235372841358,2850,11710,19331,0,0.65448054055649,0.19574175824175824,1.0,0.3772430011919719,0.622756998808028
19331,SCH1 YDL079C,0.0,NA,0.011464235372841358,2850,11709,19332,0,0.6545100469151102,0.19575520296723675,1.0,0.37721078573499567,0.6227892142650043
19332,YDL038C YHR214C-C,0.0,NA,0.011464235372841358,2850,11708,19333,0,0.6545395532737305,0.19576864953977194,1.0,0.3771785702780194,0.6228214297219806
19333,YJL068C tV(AAC)H,0.0,NA,0.011464235372841358,2850,11707,19334,0,0.6545690596323508,0.19578209795974447,1.0,0.37714635482104314,0.6228536451789569
19334,tL(UAA)B2 YDL209C,0.0,NA,0.011464235372841358,2850,11706,19335,0,0.6545985659909711,0.19579554822753503,1.0,0.3771141393640669,0.6228858606359331
19335,tQ(UUG)Q YML088W,0.0,NA,0.011464235372841358,2850,11705,19336,0,0.6546280723495913,0.19580900034352455,1.0,0.3770819239070906,0.6229180760929094
19336,YMR121C HRA1,0.0,NA,0.011464235372841358,2850,11704,19337,0,0.6546575787082116,0.195822454308094,1.0,0.3770497084501144,0.6229502915498857
19337,tG(GCC)F1 tN(GUU)O1,0.0,NA,0.011464235372841358,2850,11703,19338,0,0.6546870850668319,0.1958359101216244,1.0,0.3770174929931381,0.6229825070068619
19338,YCR020C-A tY(GUA)M2,0.0,NA,0.011464235372841358,2850,11702,19339,0,0.6547165914254521,0.19584936778449696,1.0,0.37698527753616184,0.6230147224638382
19339,YCR002C SUC5,0.0,NA,0.011464235372841358,2850,11701,19340,0,0.6547460977840724,0.19586282729709298,1.0,0.3769530620791856,0.6230469379208144
19340,YDR523C tD(GUC)J4,0.0,NA,0.011464235372841358,2850,11700,19341,0,0.6547756041426928,0.1958762886597938,1.0,0.3769208466222093,0.6230791533777906
19341,YJL198W tP(UGG)L,0.0,NA,0.011464235372841358,2850,11699,19342,0,0.6548051105013131,0.19588975187298097,1.0,0.3768886311652331,0.6231113688347669
19342,YDR293C tD(GUC)J4,0.0,NA,0.011464235372841358,2850,11698,19343,0,0.6548346168599333,0.19590321693703602,1.0,0.37685641570825684,0.6231435842917432
19343,YOR025W AUT6,0.0,NA,0.011464235372841358,2850,11697,19344,0,0.6548641232185536,0.19591668385234068,1.0,0.37682420025128055,0.6231757997487194
19344,YKL203C tF(GAA)N,0.0,NA,0.011464235372841358,2850,11696,19345,0,0.6548936295771739,0.19593015261927677,1.0,0.3767919847943043,0.6232080152056957
19345,SUC3 YNR072W,0.0,NA,0.011464235372841358,2850,11695,19346,0,0.6549231359357942,0.1959436232382262,1.0,0.3767597693373281,0.623240230662672
19346,YNL175C tP(UGG)O3,0.0,NA,0.011464235372841358,2850,11694,19347,0,0.6549526422944144,0.19595709570957096,1.0,0.3767275538803518,0.6232724461196482
19347,YBR275C tP(UGG)M,0.0,NA,0.011464235372841358,2850,11693,19348,0,0.6549821486530347,0.1959705700336932,1.0,0.37669533842337555,0.6233046615766245
19348,tT(AGU)B YER094C,0.0,NA,0.011464235372841358,2850,11692,19349,0,0.655011655011655,0.1959840462109751,1.0,0.37666312296639926,0.6233368770336007
19349,YMR179W tK(UUU)P,0.0,NA,0.011464235372841358,2850,11691,19350,0,0.6550411613702753,0.19599752424179906,1.0,0.376630907509423,0.6233690924905769
19350,YDR255C tK(CUU)G3,0.0,NA,0.011464235372841358,2850,11690,19351,0,0.6550706677288956,0.19601100412654746,1.0,0.3765986920524468,0.6234013079475532
19351,YHR088W tK(CUU)D2,0.0,NA,0.011464235372841358,2850,11689,19352,0,0.6551001740875159,0.19602448586560287,1.0,0.3765664765954705,0.6234335234045295
19352,YJL020C tV(AAC)G3,0.0,NA,0.011464235372841358,2850,11688,19353,0,0.6551296804461362,0.19603796945934793,1.0,0.37653426113849425,0.6234657388615058
19353,YMR053C NUP63,0.0,NA,0.011464235372841358,2850,11687,19354,0,0.6551591868047564,0.19605145490816536,1.0,0.376502045681518,0.623497954318482
19354,tI(AAU)P1 YLR467W,0.0,NA,0.011464235372841358,2850,11686,19355,0,0.6551886931633767,0.1960649422124381,1.0,0.3764698302245417,0.6235301697754583
19355,YDR293C tK(UUU)O,0.0,NA,0.011464235372841358,2850,11685,19356,0,0.655218199521997,0.19607843137254902,1.0,0.3764376147675655,0.6235623852324346
19356,YML040W tR(CCG)L,0.0,NA,0.011464235372841358,2850,11684,19357,0,0.6552477058806173,0.19609192238888123,1.0,0.3764053993105892,0.6235946006894107
19357,MAL61 YLR082C,0.0,NA,0.011464235372841358,2850,11683,19358,0,0.6552772122392375,0.19610541526181793,1.0,0.37637318385361296,0.623626816146387
19358,YIR006C RRP2,0.0,NA,0.011464235372841358,2850,11682,19359,0,0.6553067185978578,0.19611890999174236,1.0,0.3763409683966367,0.6236590316033633
19359,tT(AGU)H YPL019C,0.0,NA,0.011464235372841358,2850,11681,19360,0,0.6553362249564781,0.1961324065790379,1.0,0.37630875293966043,0.6236912470603395
19360,YML088W tY(GUA)M2,0.0,NA,0.011464235372841358,2850,11680,19361,0,0.6553657313150985,0.1961459050240881,1.0,0.3762765374826842,0.6237234625173158
19361,tN(GUU)G YLR263W,0.0,NA,0.011464235372841358,2850,11679,19362,0,0.6553952376737187,0.1961594053272765,1.0,0.37624432202570796,0.6237556779742921
19362,OSR10 YCL043C,0.0,NA,0.011464235372841358,2850,11678,19363,0,0.655424744032339,0.19617290748898678,1.0,0.37621210656873166,0.6237878934312683
19363,tQ(UUG)E2 tI(AAU)I2,0.0,NA,0.011464235372841358,2850,11677,19364,0,0.6554542503909593,0.1961864115096028,1.0,0.3761798911117554,0.6238201088882446
19364,YCL024W tW(CCA)G1,0.0,NA,0.011464235372841358,2850,11676,19365,0,0.6554837567495795,0.19619991738950845,1.0,0.3761476756547792,0.6238523243452209
19365,tH(GUG)Q YJL189W,0.0,NA,0.011464235372841358,2850,11675,19366,0,0.6555132631081998,0.1962134251290878,1.0,0.3761154601978029,0.623884539802197
19366,tI(AAU)N1 YOR272W,0.0,NA,0.011464235372841358,2850,11674,19367,0,0.6555427694668201,0.19622693472872488,1.0,0.37608324474082666,0.6239167552591733
19367,tH(GUG)E2 YDR246W,0.0,NA,0.011464235372841358,2850,11673,19368,0,0.6555722758254404,0.19624044618880396,1.0,0.37605102928385037,0.6239489707161496
19368,snR18 YHR113W,0.0,NA,0.011464235372841358,2850,11672,19369,0,0.6556017821840606,0.19625395950970942,1.0,0.37601881382687413,0.6239811861731258
19369,tR(UCU)M2 RRP2,0.0,NA,0.011464235372841358,2850,11671,19370,0,0.6556312885426809,0.19626747469182562,1.0,0.3759865983698979,0.6240134016301021
19370,YDR181C tF(GAA)N,0.0,NA,0.011464235372841358,2850,11670,19371,0,0.6556607949013012,0.1962809917355372,1.0,0.3759543829129216,0.6240456170870784
19371,MAL43 YDR050C,0.0,NA,0.011464235372841358,2850,11669,19372,0,0.6556903012599216,0.19629451064122874,1.0,0.37592216745594537,0.6240778325440547
19372,YOL075C SUC5,0.0,NA,0.011464235372841358,2850,11668,19373,0,0.6557198076185418,0.19630803140928502,1.0,0.37588995199896913,0.6241100480010309
19373,YIL119C snR30,0.0,NA,0.011464235372841358,2850,11667,19374,0,0.6557493139771621,0.19632155404009094,1.0,0.37585773654199284,0.6241422634580072
19374,YJR031C snR87,0.0,NA,0.011464235372841358,2850,11666,19375,0,0.6557788203357824,0.19633507853403143,1.0,0.3758255210850166,0.6241744789149835
19375,tI(UAU)L YDR214W,0.0,NA,0.011464235372841358,2850,11665,19376,0,0.6558083266944027,0.19634860489149156,1.0,0.3757933056280403,0.6242066943719596
19376,tW(CCA)K YDR072C,0.0,NA,0.011464235372841358,2850,11664,19377,0,0.6558378330530229,0.19636213311285655,1.0,0.37576109017106407,0.6242389098289359
19377,YHR216W SCH1,0.0,NA,0.011464235372841358,2850,11663,19378,0,0.6558673394116432,0.19637566319851169,1.0,0.37572887471408783,0.6242711252859122
19378,tA(AGC)G YOR035C,0.0,NA,0.011464235372841358,2850,11662,19379,0,0.6558968457702635,0.19638919514884234,1.0,0.37569665925711154,0.6243033407428884
19379,tM(CAU)Q1 YFR002W,0.0,NA,0.011464235372841358,2850,11661,19380,0,0.6559263521288837,0.19640272896423402,1.0,0.3756644438001353,0.6243355561998647
19380,YPR160W tN(GUU)P,0.0,NA,0.011464235372841358,2850,11660,19381,0,0.655955858487504,0.19641626464507236,1.0,0.37563222834315907,0.624367771656841
19381,YFR009W MEL6,0.0,NA,0.011464235372841358,2850,11659,19382,0,0.6559853648461244,0.19642980219174305,1.0,0.3756000128861828,0.6243999871138172
19382,YGR204W tP(UGG)O3,0.0,NA,0.011464235372841358,2850,11658,19383,0,0.6560148712047447,0.19644334160463192,1.0,0.37556779742920654,0.6244322025707935
19383,YOR167C tK(UUU)L,0.0,NA,0.011464235372841358,2850,11657,19384,0,0.6560443775633649,0.1964568828841249,1.0,0.3755355819722303,0.6244644180277698
19384,YGR060W tD(GUC)J3,0.0,NA,0.011464235372841358,2850,11656,19385,0,0.6560738839219852,0.19647042603060802,1.0,0.375503366515254,0.6244966334847459
19385,YDR324C GRD10,0.0,NA,0.011464235372841358,2850,11655,19386,0,0.6561033902806055,0.19648397104446744,1.0,0.3754711510582778,0.6245288489417222
19386,tF(GAA)G YKR061W,0.0,NA,0.011464235372841358,2850,11654,19387,0,0.6561328966392258,0.19649751792608935,1.0,0.3754389356013015,0.6245610643986985
19387,tE(CUC)I YMR073C,0.0,NA,0.011464235372841358,2850,11653,19388,0,0.656162402997846,0.19651106667586016,1.0,0.37540672014432525,0.6245932798556747
19388,tV(AAC)G3 tC(GCA)Q,0.0,NA,0.011464235372841358,2850,11652,19389,0,0.6561919093564663,0.19652461729416631,1.0,0.375374504687349,0.624625495312651
19389,tD(GUC)J2 YJR132W,0.0,NA,0.011464235372841358,2850,11651,19390,0,0.6562214157150866,0.19653816978139438,1.0,0.3753422892303727,0.6246577107696273
19390,tW(CCA)K YPL008W,0.0,NA,0.011464235372841358,2850,11650,19391,0,0.6562509220737068,0.19655172413793104,1.0,0.3753100737733965,0.6246899262266036
19391,YIL111W tI(AAU)D,0.0,NA,0.011464235372841358,2850,11649,19392,0,0.6562804284323271,0.19656528036416304,1.0,0.37527785831642024,0.6247221416835798
19392,snR83 YGL095C,0.0,NA,0.011464235372841358,2850,11648,19393,0,0.6563099347909475,0.1965788384604773,1.0,0.37524564285944395,0.624754357140556
19393,YKR088C tW(CCA)G1,0.0,NA,0.011464235372841358,2850,11647,19394,0,0.6563394411495678,0.1965923984272608,1.0,0.3752134274024677,0.6247865725975323
19394,MAL63 YCL066W,0.0,NA,0.011464235372841358,2850,11646,19395,0,0.656368947508188,0.19660596026490065,1.0,0.3751812119454914,0.6248187880545085
19395,YAL014C tL(UAA)L,0.0,NA,0.011464235372841358,2850,11645,19396,0,0.6563984538668083,0.19661952397378407,1.0,0.3751489964885152,0.6248510035114848
19396,tP(UGG)F snR9,0.0,NA,0.011464235372841358,2850,11644,19397,0,0.6564279602254286,0.19663308955429834,1.0,0.37511678103153895,0.6248832189684611
19397,tV(AAC)G3 YLL041C,0.0,NA,0.011464235372841358,2850,11643,19398,0,0.6564574665840489,0.19664665700683087,1.0,0.37508456557456266,0.6249154344254373
19398,tK(UUU)Q YOL031C,0.0,NA,0.011464235372841358,2850,11642,19399,0,0.6564869729426691,0.19666022633176924,1.0,0.3750523501175864,0.6249476498824136
19399,YJR078W tD(GUC)Q,0.0,NA,0.011464235372841358,2850,11641,19400,0,0.6565164793012894,0.19667379752950107,1.0,0.3750201346606102,0.6249798653393899
19400,tC(GCA)Q snR36,0.0,NA,0.011464235372841358,2850,11640,19401,0,0.6565459856599097,0.19668737060041408,1.0,0.3749879192036339,0.625012080796366
19401,GRD5 YDR330W,0.0,NA,0.011464235372841358,2850,11639,19402,0,0.6565754920185299,0.19670094554489612,1.0,0.37495570374665765,0.6250442962533423
19402,YNL294C tN(GUU)O1,0.0,NA,0.011464235372841358,2850,11638,19403,0,0.6566049983771503,0.19671452236333517,1.0,0.37492348828968136,0.6250765117103186
19403,YGL200C tF(GAA)D,0.0,NA,0.011464235372841358,2850,11637,19404,0,0.6566345047357706,0.1967281010561193,1.0,0.3748912728327051,0.6251087271672948
19404,tV(AAC)G3 YKR007W,0.0,NA,0.011464235372841358,2850,11636,19405,0,0.6566640110943909,0.19674168162363662,1.0,0.3748590573757289,0.6251409426242711
19405,tV(AAC)G1 YOR279C,0.0,NA,0.011464235372841358,2850,11635,19406,0,0.6566935174530111,0.19675526406627547,1.0,0.3748268419187526,0.6251731580812474
19406,MUP2 YKR072C,0.0,NA,0.011464235372841358,2850,11634,19407,0,0.6567230238116314,0.19676884838442418,1.0,0.37479462646177636,0.6252053735382236
19407,YOR148C tT(AGU)I2,0.0,NA,0.011464235372841358,2850,11633,19408,0,0.6567525301702517,0.1967824345784713,1.0,0.3747624110048001,0.6252375889951999
19408,YPL218W tY(GUA)D,0.0,NA,0.011464235372841358,2850,11632,19409,0,0.656782036528872,0.1967960226488054,1.0,0.37473019554782383,0.6252698044521762
19409,YPR188C snR191,0.0,NA,0.011464235372841358,2850,11631,19410,0,0.6568115428874922,0.1968096125958152,1.0,0.3746979800908476,0.6253020199091525
19410,TSF1 YHR098C,0.0,NA,0.011464235372841358,2850,11630,19411,0,0.6568410492461125,0.1968232044198895,1.0,0.37466576463387136,0.6253342353661286
19411,tY(GUA)M1 YBL037W,0.0,NA,0.011464235372841358,2850,11629,19412,0,0.6568705556047328,0.19683679812141722,1.0,0.37463354917689506,0.6253664508231049
19412,YGL133W tF(GAA)H1,0.0,NA,0.011464235372841358,2850,11628,19413,0,0.6569000619633532,0.1968503937007874,1.0,0.3746013337199188,0.6253986662800812
19413,YNR052C tH(GUG)H,0.0,NA,0.011464235372841358,2850,11627,19414,0,0.6569295683219734,0.19686399115838918,1.0,0.37456911826294254,0.6254308817370574
19414,tV(AAC)E2 YOR357C,0.0,NA,0.011464235372841358,2850,11626,19415,0,0.6569590746805937,0.19687759049461176,1.0,0.3745369028059663,0.6254630971940337
19415,YGR147C tV(AAC)M2,0.0,NA,0.011464235372841358,2850,11625,19416,0,0.656988581039214,0.19689119170984457,1.0,0.37450468734899006,0.62549531265101
19416,tD(GUC)M YGR161C,0.0,NA,0.011464235372841358,2850,11624,19417,0,0.6570180873978342,0.196904794804477,1.0,0.37447247189201377,0.6255275281079862
19417,YPL273W tT(AGU)B,0.0,NA,0.011464235372841358,2850,11623,19418,0,0.6570475937564545,0.19691839977889863,1.0,0.37444025643503753,0.6255597435649625
19418,tG(GCC)F1 YFR052W,0.0,NA,0.011464235372841358,2850,11622,19419,0,0.6570771001150748,0.19693200663349916,1.0,0.3744080409780613,0.6255919590219388
19419,tY(GUA)M2 YHR055C,0.0,NA,0.011464235372841358,2850,11621,19420,0,0.6571066064736951,0.19694561536866836,1.0,0.374375825521085,0.6256241744789149
19420,tD(GUC)O YDL101C,0.0,NA,0.011464235372841358,2850,11620,19421,0,0.6571361128323153,0.19695922598479612,1.0,0.37434361006410877,0.6256563899358912
19421,YDR356W tW(CCA)G2,0.0,NA,0.011464235372841358,2850,11619,19422,0,0.6571656191909356,0.19697283848227246,1.0,0.3743113946071325,0.6256886053928675
19422,YMR011W tK(UUU)L,0.0,NA,0.011464235372841358,2850,11618,19423,0,0.657195125549556,0.19698645286148742,1.0,0.37427917915015624,0.6257208208498437
19423,YDR363W tE(UUC)I,0.0,NA,0.011464235372841358,2850,11617,19424,0,0.6572246319081763,0.19700006912283127,1.0,0.37424696369318,0.62575303630682
19424,YNL287W tF(GAA)G,0.0,NA,0.011464235372841358,2850,11616,19425,0,0.6572541382667965,0.19701368726669433,1.0,0.3742147482362037,0.6257852517637963
19425,tY(GUA)M2 YDL007W,0.0,NA,0.011464235372841358,2850,11615,19426,0,0.6572836446254168,0.19702730729346699,1.0,0.3741825327792275,0.6258174672207725
19426,tY(GUA)J1 tR(UCU)D,0.0,NA,0.011464235372841358,2850,11614,19427,0,0.6573131509840371,0.19704092920353983,1.0,0.37415031732225124,0.6258496826777488
19427,YKR024C tG(UCC)G,0.0,NA,0.011464235372841358,2850,11613,19428,0,0.6573426573426573,0.19705455299730346,1.0,0.37411810186527494,0.6258818981347251
19428,tL(CAA)M YHR085W,0.0,NA,0.011464235372841358,2850,11612,19429,0,0.6573721637012776,0.19706817867514867,1.0,0.3740858864082987,0.6259141135917013
19429,GRD14 YML066C,0.0,NA,0.011464235372841358,2850,11611,19430,0,0.6574016700598979,0.1970818062374663,1.0,0.37405367095132247,0.6259463290486775
19430,tT(AGU)H YGL213C,0.0,NA,0.011464235372841358,2850,11610,19431,0,0.6574311764185182,0.1970954356846473,1.0,0.3740214554943462,0.6259785445056538
19431,YAR009C tS(AGA)D2,0.0,NA,0.011464235372841358,2850,11609,19432,0,0.6574606827771384,0.19710906701708278,1.0,0.37398924003736994,0.6260107599626301
19432,YGR147C tE(CUC)I,0.0,NA,0.011464235372841358,2850,11608,19433,0,0.6574901891357587,0.19712270023516393,1.0,0.37395702458039365,0.6260429754196063
19433,MUP2 YMR220W,0.0,NA,0.011464235372841358,2850,11607,19434,0,0.657519695494379,0.19713633533928202,1.0,0.3739248091234174,0.6260751908765826
19434,tK(CUU)P YOR367W,0.0,NA,0.011464235372841358,2850,11606,19435,0,0.6575492018529994,0.19714997232982845,1.0,0.3738925936664412,0.6261074063335589
19435,snR85 YGL078C,0.0,NA,0.011464235372841358,2850,11605,19436,0,0.6575787082116196,0.19716361120719475,1.0,0.3738603782094649,0.6261396217905351
19436,tN(GUU)K tV(AAC)K2,0.0,NA,0.011464235372841358,2850,11604,19437,0,0.6576082145702399,0.19717725197177252,1.0,0.37382816275248865,0.6261718372475114
19437,GRD17 YKL206C,0.0,NA,0.011464235372841358,2850,11603,19438,0,0.6576377209288602,0.1971908946239535,1.0,0.3737959472955124,0.6262040527044876
19438,tT(AGU)N1 YLR367W,0.0,NA,0.011464235372841358,2850,11602,19439,0,0.6576672272874805,0.19720453916412953,1.0,0.3737637318385361,0.6262362681614638
19439,YHR211W tL(CAA)C,0.0,NA,0.011464235372841358,2850,11601,19440,0,0.6576967336461007,0.19721818559269255,1.0,0.3737315163815599,0.6262684836184401
19440,YDR196C tI(AAU)I2,0.0,NA,0.011464235372841358,2850,11600,19441,0,0.657726240004721,0.1972318339100346,1.0,0.3736993009245836,0.6263006990754164
19441,YOR192C-A snR52,0.0,NA,0.011464235372841358,2850,11599,19442,0,0.6577557463633413,0.19724548411654785,1.0,0.37366708546760735,0.6263329145323926
19442,21S_rRNA YFL003C,0.0,NA,0.011464235372841358,2850,11598,19443,0,0.6577852527219615,0.1972591362126246,1.0,0.3736348700106311,0.6263651299893689
19443,YKL011C tM(CAU)J2,0.0,NA,0.011464235372841358,2850,11597,19444,0,0.6578147590805818,0.19727279019865715,1.0,0.3736026545536548,0.6263973454463452
19444,YGR214W tE(UUC)G2,0.0,NA,0.011464235372841358,2850,11596,19445,0,0.6578442654392022,0.19728644607503806,1.0,0.3735704390966786,0.6264295609033214
19445,tS(GCU)Q1 YHR072W,0.0,NA,0.011464235372841358,2850,11595,19446,0,0.6578737717978225,0.19730010384215993,1.0,0.37353822363970235,0.6264617763602977
19446,YBL021C tT(AGU)I1,0.0,NA,0.011464235372841358,2850,11594,19447,0,0.6579032781564427,0.1973137635004154,1.0,0.37350600818272606,0.6264939918172739
19447,tY(GUA)D YER074W-A,0.0,NA,0.011464235372841358,2850,11593,19448,0,0.657932784515063,0.19732742505019732,1.0,0.3734737927257498,0.6265262072742502
19448,tP(UGG)F YPL046C,0.0,NA,0.011464235372841358,2850,11592,19449,0,0.6579622908736833,0.19734108849189863,1.0,0.3734415772687736,0.6265584227312264
19449,YBL011W SUC1,0.0,NA,0.011464235372841358,2850,11591,19450,0,0.6579917972323036,0.19735475382591233,1.0,0.3734093618117973,0.6265906381882027
19450,YPL156C STA2,0.0,NA,0.011464235372841358,2850,11590,19451,0,0.6580213035909238,0.19736842105263158,1.0,0.37337714635482105,0.626622853645179
19451,snR10 YOR078W,0.0,NA,0.011464235372841358,2850,11589,19452,0,0.6580508099495441,0.19738209017244962,1.0,0.37334493089784476,0.6266550691021552
19452,YNL128W GRD16,0.0,NA,0.011464235372841358,2850,11588,19453,0,0.6580803163081644,0.1973957611857598,1.0,0.3733127154408685,0.6266872845591315
19453,YHL009W-A YDR449C,0.0,NA,0.011464235372841358,2850,11587,19454,0,0.6581098226667846,0.1974094340929556,1.0,0.3732804999838923,0.6267195000161078
19454,YLR139C tI(AAU)B,0.0,NA,0.011464235372841358,2850,11586,19455,0,0.658139329025405,0.1974231088944306,1.0,0.373248284526916,0.626751715473084
19455,tS(CGA)C YLR129W,0.0,NA,0.011464235372841358,2850,11585,19456,0,0.6581688353840253,0.19743678559057845,1.0,0.37321606906993976,0.6267839309300602
19456,YCR089W tP(UGG)L,0.0,NA,0.011464235372841358,2850,11584,19457,0,0.6581983417426456,0.197450464181793,1.0,0.3731838536129635,0.6268161463870365
19457,YKR053C TSF1,0.0,NA,0.011464235372841358,2850,11583,19458,0,0.6582278481012658,0.1974641446684681,1.0,0.37315163815598723,0.6268483618440127
19458,tF(GAA)Q YDL159W,0.0,NA,0.011464235372841358,2850,11582,19459,0,0.6582573544598861,0.19747782705099778,1.0,0.373119422699011,0.626880577300989
19459,URR4 YPL101W,0.0,NA,0.011464235372841358,2850,11581,19460,0,0.6582868608185064,0.1974915113297762,1.0,0.3730872072420347,0.6269127927579653
19460,MAL22 YNL322C,0.0,NA,0.011464235372841358,2850,11580,19461,0,0.6583163671771267,0.19750519750519752,1.0,0.37305499178505847,0.6269450082149415
19461,tA(AGC)F YLR215C,0.0,NA,0.011464235372841358,2850,11579,19462,0,0.6583458735357469,0.19751888557765612,1.0,0.37302277632808223,0.6269772236719178
19462,tA(UGC)Q YNR026C,0.0,NA,0.011464235372841358,2850,11578,19463,0,0.6583753798943672,0.19753257554754644,1.0,0.37299056087110594,0.6270094391288941
19463,tS(GCU)Q1 YJR105W,0.0,NA,0.011464235372841358,2850,11577,19464,0,0.6584048862529875,0.19754626741526304,1.0,0.3729583454141297,0.6270416545858702
19464,tK(CUU)K YER114C,0.0,NA,0.011464235372841358,2850,11576,19465,0,0.6584343926116079,0.19755996118120062,1.0,0.37292612995715346,0.6270738700428465
19465,tV(AAC)L YLL039C,0.0,NA,0.011464235372841358,2850,11575,19466,0,0.6584638989702281,0.1975736568457539,1.0,0.37289391450017717,0.6271060854998228
19466,YGR178C tN(GUU)G,0.0,NA,0.011464235372841358,2850,11574,19467,0,0.6584934053288484,0.1975873544093178,1.0,0.37286169904320093,0.6271383009567991
19467,YKL203C tD(GUC)N,0.0,NA,0.011464235372841358,2850,11573,19468,0,0.6585229116874687,0.19760105387228732,1.0,0.3728294835862247,0.6271705164137753
19468,YBR093C tN(GUU)N2,0.0,NA,0.011464235372841358,2850,11572,19469,0,0.6585524180460889,0.19761475523505756,1.0,0.3727972681292484,0.6272027318707516
19469,URR3 tM(CAU)J1,0.0,NA,0.011464235372841358,2850,11571,19470,0,0.6585819244047092,0.1976284584980237,1.0,0.37276505267227217,0.6272349473277279
19470,ESC3 snR62,0.0,NA,0.011464235372841358,2850,11570,19471,0,0.6586114307633295,0.19764216366158113,1.0,0.3727328372152959,0.6272671627847041
19471,YNL159C tL(CAA)L,0.0,NA,0.011464235372841358,2850,11569,19472,0,0.6586409371219498,0.19765587072612525,1.0,0.37270062175831964,0.6272993782416804
19472,tL(UAG)J MEL7,0.0,NA,0.011464235372841358,2850,11568,19473,0,0.65867044348057,0.1976695796920516,1.0,0.3726684063013434,0.6273315936986567
19473,YOL162W YBR233W-A,0.0,NA,0.011464235372841358,2850,11567,19474,0,0.6586999498391903,0.19768329055975584,1.0,0.3726361908443671,0.6273638091556328
19474,tI(UAU)L YPL209C,0.0,NA,0.011464235372841358,2850,11566,19475,0,0.6587294561978106,0.19769700332963375,1.0,0.3726039753873909,0.6273960246126091
19475,YPR112C tT(AGU)O1,0.0,NA,0.011464235372841358,2850,11565,19476,0,0.658758962556431,0.19771071800208118,1.0,0.37257175993041464,0.6274282400695854
19476,ESC3 YAL029C,0.0,NA,0.011464235372841358,2850,11564,19477,0,0.6587884689150512,0.1977244345774941,1.0,0.37253954447343834,0.6274604555265616
19477,YLR157C-A YHR133C,0.0,NA,0.011464235372841358,2850,11563,19478,0,0.6588179752736715,0.19773815305626866,1.0,0.3725073290164621,0.6274926709835379
19478,YML100W tA(AGC)H,0.0,NA,0.011464235372841358,2850,11562,19479,0,0.6588474816322918,0.197751873438801,1.0,0.3724751135594858,0.6275248864405142
19479,YHR206W tK(CUU)F,0.0,NA,0.011464235372841358,2850,11561,19480,0,0.658876987990912,0.19776559572548746,1.0,0.3724428981025096,0.6275571018974904
19480,YMR263W snR84,0.0,NA,0.011464235372841358,2850,11560,19481,0,0.6589064943495323,0.19777931991672448,1.0,0.37241068264553334,0.6275893173544667
19481,tD(GUC)B YJL157C,0.0,NA,0.011464235372841358,2850,11559,19482,0,0.6589360007081526,0.1977930460129086,1.0,0.37237846718855705,0.627621532811443
19482,MEL10 YOR204W,0.0,NA,0.011464235372841358,2850,11558,19483,0,0.6589655070667729,0.19780677401443642,1.0,0.3723462517315808,0.6276537482684192
19483,YOR198C tE(UUC)E3,0.0,NA,0.011464235372841358,2850,11557,19484,0,0.6589950134253931,0.19782050392170472,1.0,0.3723140362746046,0.6276859637253954
19484,YNR023W tV(AAC)M2,0.0,NA,0.011464235372841358,2850,11556,19485,0,0.6590245197840134,0.19783423573511036,1.0,0.3722818208176283,0.6277181791823717
19485,YDL084W MEL9,0.0,NA,0.011464235372841358,2850,11555,19486,0,0.6590540261426338,0.19784796945505034,1.0,0.37224960536065205,0.627750394639348
19486,YNR008W tD(GUC)I2,0.0,NA,0.011464235372841358,2850,11554,19487,0,0.6590835325012541,0.1978617050819217,1.0,0.3722173899036758,0.6277826100963242
19487,RDN58 YMR300C,0.0,NA,0.011464235372841358,2850,11553,19488,0,0.6591130388598743,0.19787544261612164,1.0,0.3721851744466995,0.6278148255533005
19488,tP(UGG)F YPR055W,0.0,NA,0.011464235372841358,2850,11552,19489,0,0.6591425452184946,0.19788918205804748,1.0,0.3721529589897233,0.6278470410102768
19489,tY(GUA)D YOL039W,0.0,NA,0.011464235372841358,2850,11551,19490,0,0.6591720515771149,0.19790292340809665,1.0,0.372120743532747,0.627879256467253
19490,SME2 YJL168C,0.0,NA,0.011464235372841358,2850,11550,19491,0,0.6592015579357352,0.19791666666666666,1.0,0.37208852807577075,0.6279114719242292
19491,tF(GAA)Q YDR420W,0.0,NA,0.011464235372841358,2850,11549,19492,0,0.6592310642943554,0.19793041183415516,1.0,0.3720563126187945,0.6279436873812055
19492,tF(GAA)G YHR098C,0.0,NA,0.011464235372841358,2850,11548,19493,0,0.6592605706529757,0.19794415891095984,1.0,0.3720240971618182,0.6279759028381817
19493,YDR245W snR40,0.0,NA,0.011464235372841358,2850,11547,19494,0,0.659290077011596,0.19795790789747864,1.0,0.371991881704842,0.628008118295158
19494,TER1 YCR031C,0.0,NA,0.011464235372841358,2850,11546,19495,0,0.6593195833702162,0.19797165879410947,1.0,0.37195966624786575,0.6280403337521343
19495,snR11 NUP63,0.0,NA,0.011464235372841358,2850,11545,19496,0,0.6593490897288365,0.19798541160125044,1.0,0.37192745079088946,0.6280725492091105
19496,tV(AAC)G1 tN(GUU)F,0.0,NA,0.011464235372841358,2850,11544,19497,0,0.6593785960874569,0.1979991663192997,1.0,0.3718952353339132,0.6281047646660868
19497,YOR255W snR87,0.0,NA,0.011464235372841358,2850,11543,19498,0,0.6594081024460772,0.1980129229486556,1.0,0.37186301987693693,0.6281369801230631
19498,snR84 YOR312C,0.0,NA,0.011464235372841358,2850,11542,19499,0,0.6594376088046974,0.1980266814897165,1.0,0.3718308044199607,0.6281691955800393
19499,YLR157C-A YMR197C,0.0,NA,0.011464235372841358,2850,11541,19500,0,0.6594671151633177,0.19804044194288098,1.0,0.37179858896298446,0.6282014110370155
19500,YGR241C tD(GUC)G2,0.0,NA,0.011464235372841358,2850,11540,19501,0,0.659496621521938,0.19805420430854762,1.0,0.37176637350600816,0.6282336264939918
19501,tD(GUC)J3 YDR365W-A,0.0,NA,0.011464235372841358,2850,11539,19502,0,0.6595261278805583,0.19806796858711515,1.0,0.3717341580490319,0.6282658419509681
19502,YPL164C AWA1,0.0,NA,0.011464235372841358,2850,11538,19503,0,0.6595556342391785,0.1980817347789825,1.0,0.3717019425920557,0.6282980574079443
19503,YML095C tD(GUC)G1,0.0,NA,0.011464235372841358,2850,11537,19504,0,0.6595851405977988,0.19809550288454855,1.0,0.3716697271350794,0.6283302728649206
19504,YNR041C tH(GUG)G2,0.0,NA,0.011464235372841358,2850,11536,19505,0,0.6596146469564191,0.19810927290421243,1.0,0.37163751167810316,0.6283624883218969
19505,YNL251C tF(GAA)P2,0.0,NA,0.011464235372841358,2850,11535,19506,0,0.6596441533150393,0.1981230448383733,1.0,0.3716052962211269,0.6283947037788731
19506,YAL059W RDN18,0.0,NA,0.011464235372841358,2850,11534,19507,0,0.6596736596736597,0.19813681868743047,1.0,0.37157308076415063,0.6284269192358494
19507,YIL168W tF(GAA)H2,0.0,NA,0.011464235372841358,2850,11533,19508,0,0.65970316603228,0.19815059445178335,1.0,0.3715408653071744,0.6284591346928257
19508,YJL189W tE(UUC)E3,0.0,NA,0.011464235372841358,2850,11532,19509,0,0.6597326723909003,0.19816437213183147,1.0,0.3715086498501981,0.6284913501498018
19509,YHL009W-A YBR076W,0.0,NA,0.011464235372841358,2850,11531,19510,0,0.6597621787495205,0.1981781517279744,1.0,0.37147643439322187,0.6285235656067781
19510,tF(GAA)N YLR405W,0.0,NA,0.011464235372841358,2850,11530,19511,0,0.6597916851081408,0.19819193324061196,1.0,0.37144421893624563,0.6285557810637544
19511,snR81 YER145C,0.0,NA,0.011464235372841358,2850,11529,19512,0,0.6598211914667611,0.19820571667014397,1.0,0.37141200347926934,0.6285879965207306
19512,tW(CCA)P YLR048W,0.0,NA,0.011464235372841358,2850,11528,19513,0,0.6598506978253814,0.19821950201697036,1.0,0.3713797880222931,0.6286202119777069
19513,tV(AAC)K2 YOR080W,0.0,NA,0.011464235372841358,2850,11527,19514,0,0.6598802041840016,0.19823328928149128,1.0,0.37134757256531686,0.6286524274346832
19514,YFL057C tE(UUC)G2,0.0,NA,0.011464235372841358,2850,11526,19515,0,0.6599097105426219,0.19824707846410686,1.0,0.37131535710834057,0.6286846428916594
19515,tF(GAA)G YLR017W,0.0,NA,0.011464235372841358,2850,11525,19516,0,0.6599392169012422,0.19826086956521738,1.0,0.37128314165136433,0.6287168583486357
19516,YOL151W tM(CAU)D,0.0,NA,0.011464235372841358,2850,11524,19517,0,0.6599687232598626,0.19827466258522333,1.0,0.37125092619438804,0.628749073805612
19517,YLR376C tP(UGG)H,0.0,NA,0.011464235372841358,2850,11523,19518,0,0.6599982296184828,0.19828845752452515,1.0,0.3712187107374118,0.6287812892625881
19518,YJR076C tD(GUC)L1,0.0,NA,0.011464235372841358,2850,11522,19519,0,0.6600277359771031,0.19830225438352353,1.0,0.37118649528043557,0.6288135047195644
19519,YIR030C tF(GAA)B,0.0,NA,0.011464235372841358,2850,11521,19520,0,0.6600572423357234,0.19831605316261916,1.0,0.3711542798234593,0.6288457201765407
19520,tD(GUC)N YMR046C,0.0,NA,0.011464235372841358,2850,11520,19521,0,0.6600867486943436,0.19832985386221294,1.0,0.37112206436648304,0.628877935633517
19521,snR30 YGL001C,0.0,NA,0.011464235372841358,2850,11519,19522,0,0.6601162550529639,0.19834365648270583,1.0,0.3710898489095068,0.6289101510904932
19522,snR86 YPL275W,0.0,NA,0.011464235372841358,2850,11518,19523,0,0.6601457614115842,0.1983574610244989,1.0,0.3710576334525305,0.6289423665474695
19523,YDR039C tK(CUU)F,0.0,NA,0.011464235372841358,2850,11517,19524,0,0.6601752677702045,0.19837126748799333,1.0,0.3710254179955543,0.6289745820044458
19524,YPR010C tK(CUU)G3,0.0,NA,0.011464235372841358,2850,11516,19525,0,0.6602047741288247,0.19838507587359042,1.0,0.37099320253857804,0.629006797461422
19525,tM(CAU)M YIL166C,0.0,NA,0.011464235372841358,2850,11515,19526,0,0.660234280487445,0.1983988861816916,1.0,0.37096098708160175,0.6290390129183983
19526,YLR157C-A YLR333C,0.0,NA,0.011464235372841358,2850,11514,19527,0,0.6602637868460653,0.1984126984126984,1.0,0.3709287716246255,0.6290712283753745
19527,tN(GUU)G YGR232W,0.0,NA,0.011464235372841358,2850,11513,19528,0,0.6602932932046857,0.19842651256701246,1.0,0.3708965561676492,0.6291034438323507
19528,tP(UGG)N1 YML067C,0.0,NA,0.011464235372841358,2850,11512,19529,0,0.6603227995633059,0.19844032864503552,1.0,0.370864340710673,0.629135659289327
19529,tH(GUG)E2 SUC5,0.0,NA,0.011464235372841358,2850,11511,19530,0,0.6603523059219262,0.19845414664716943,1.0,0.37083212525369674,0.6291678747463033
19530,tI(UAU)D YLR106C,0.0,NA,0.011464235372841358,2850,11510,19531,0,0.6603818122805465,0.19846796657381616,1.0,0.37079990979672045,0.6292000902032795
19531,tD(GUC)N YGR245C,0.0,NA,0.011464235372841358,2850,11509,19532,0,0.6604113186391667,0.1984817884253778,1.0,0.3707676943397442,0.6292323056602558
19532,YKL018W ESC3,0.0,NA,0.011464235372841358,2850,11508,19533,0,0.660440824997787,0.1984956122022566,1.0,0.370735478882768,0.6292645211172321
19533,tP(UGG)N1 YOR243C,0.0,NA,0.011464235372841358,2850,11507,19534,0,0.6604703313564073,0.19850943790485479,1.0,0.3707032634257917,0.6292967365742083
19534,MEL2 YIL124W,0.0,NA,0.011464235372841358,2850,11506,19535,0,0.6604998377150276,0.1985232655335748,1.0,0.37067104796881545,0.6293289520311846
19535,YDR363W snR40,0.0,NA,0.011464235372841358,2850,11505,19536,0,0.6605293440736478,0.19853709508881923,1.0,0.37063883251183916,0.6293611674881608
19536,Q0275 MAL41,0.0,NA,0.011464235372841358,2850,11504,19537,0,0.6605588504322681,0.19855092657099066,1.0,0.3706066170548629,0.629393382945137
19537,YMR039C tR(UCU)G1,0.0,NA,0.011464235372841358,2850,11503,19538,0,0.6605883567908885,0.1985647599804919,1.0,0.3705744015978867,0.6294255984021133
19538,YOR064C snR86,0.0,NA,0.011464235372841358,2850,11502,19539,0,0.6606178631495088,0.19857859531772576,1.0,0.3705421861409104,0.6294578138590896
19539,YDR184C tL(UAA)L,0.0,NA,0.011464235372841358,2850,11501,19540,0,0.660647369508129,0.19859243258309525,1.0,0.37050997068393415,0.6294900293160659
19540,tV(AAC)K2 YGL033W,0.0,NA,0.011464235372841358,2850,11500,19541,0,0.6606768758667493,0.1986062717770035,1.0,0.3704777552269579,0.6295222447730421
19541,tS(AGA)G tW(CCA)G2,0.0,NA,0.011464235372841358,2850,11499,19542,0,0.6607063822253696,0.19862011289985365,1.0,0.3704455397699816,0.6295544602300184
19542,GRD17 YOL018C,0.0,NA,0.011464235372841358,2850,11498,19543,0,0.6607358885839898,0.19863395595204908,1.0,0.3704133243130054,0.6295866756869947
19543,YDR272W tI(AAU)B,0.0,NA,0.011464235372841358,2850,11497,19544,0,0.6607653949426101,0.19864780093399317,1.0,0.3703811088560291,0.6296188911439708
19544,YFL013C tE(UUC)E3,0.0,NA,0.011464235372841358,2850,11496,19545,0,0.6607949013012304,0.1986616478460895,1.0,0.37034889339905286,0.6296511066009471
19545,tD(GUC)B YLR170C,0.0,NA,0.011464235372841358,2850,11495,19546,0,0.6608244076598507,0.1986754966887417,1.0,0.3703166779420766,0.6296833220579234
19546,STA2 tA(AGC)L,0.0,NA,0.011464235372841358,2850,11494,19547,0,0.6608539140184709,0.1986893474623536,1.0,0.37028446248510033,0.6297155375148996
19547,TSF1 YNR058W,0.0,NA,0.011464235372841358,2850,11493,19548,0,0.6608834203770912,0.198703200167329,1.0,0.3702522470281241,0.6297477529718759
19548,tH(GUG)G1 YPL081W,0.0,NA,0.011464235372841358,2850,11492,19549,0,0.6609129267357116,0.19871705480407195,1.0,0.37022003157114786,0.6297799684288522
19549,YKL093W MEL3,0.0,NA,0.011464235372841358,2850,11491,19550,0,0.6609424330943319,0.19873091137298654,1.0,0.37018781611417156,0.6298121838858284
19550,tT(AGU)I1 tR(UCU)M2,0.0,NA,0.011464235372841358,2850,11490,19551,0,0.6609719394529521,0.19874476987447698,1.0,0.3701556006571953,0.6298443993428047
19551,YDR483W tH(GUG)H,0.0,NA,0.011464235372841358,2850,11489,19552,0,0.6610014458115724,0.19875863030894764,1.0,0.3701233852002191,0.629876614799781
19552,YNL084C tP(UGG)O3,0.0,NA,0.011464235372841358,2850,11488,19553,0,0.6610309521701927,0.19877249267680291,1.0,0.3700911697432428,0.6299088302567571
19553,tQ(UUG)Q YBR167C,0.0,NA,0.011464235372841358,2850,11487,19554,0,0.661060458528813,0.19878635697844738,1.0,0.37005895428626656,0.6299410457137334
19554,ANC4 YJL204C,0.0,NA,0.011464235372841358,2850,11486,19555,0,0.6610899648874332,0.19880022321428573,1.0,0.37002673882929027,0.6299732611707097
19555,YMR095C tL(UAG)J,0.0,NA,0.011464235372841358,2850,11485,19556,0,0.6611194712460535,0.1988140913847227,1.0,0.36999452337231403,0.6300054766276859
19556,YBR004C tD(GUC)J4,0.0,NA,0.011464235372841358,2850,11484,19557,0,0.6611489776046738,0.19882796149016324,1.0,0.3699623079153378,0.6300376920846622
19557,YOL080C MAL42,0.0,NA,0.011464235372841358,2850,11483,19558,0,0.661178483963294,0.19884183353101234,1.0,0.3699300924583615,0.6300699075416385
19558,YCR083W SUC5,0.0,NA,0.011464235372841358,2850,11482,19559,0,0.6612079903219144,0.19885570750767514,1.0,0.36989787700138527,0.6301021229986148
19559,GRD17 YBR082C,0.0,NA,0.011464235372841358,2850,11481,19560,0,0.6612374966805347,0.19886958342055683,1.0,0.36986566154440903,0.630134338455591
19560,tC(GCA)Q YMR112C,0.0,NA,0.011464235372841358,2850,11480,19561,0,0.661267003039155,0.19888346127006282,1.0,0.36983344608743274,0.6301665539125673
19561,tV(AAC)E1 YDR350C,0.0,NA,0.011464235372841358,2850,11479,19562,0,0.6612965093977752,0.1988973410565985,1.0,0.3698012306304565,0.6301987693695436
19562,tS(GCU)O YGL018C,0.0,NA,0.011464235372841358,2850,11478,19563,0,0.6613260157563955,0.19891122278056952,1.0,0.3697690151734802,0.6302309848265197
19563,tS(AGA)G YBR252W,0.0,NA,0.011464235372841358,2850,11477,19564,0,0.6613555221150158,0.1989251064423815,1.0,0.36973679971650397,0.630263200283496
19564,YFL002W-B tM(CAU)D,0.0,NA,0.011464235372841358,2850,11476,19565,0,0.6613850284736361,0.1989389920424403,1.0,0.36970458425952774,0.6302954157404723
19565,tS(CGA)C YKL171W,0.0,NA,0.011464235372841358,2850,11475,19566,0,0.6614145348322563,0.19895287958115182,1.0,0.36967236880255144,0.6303276311974485
19566,GRD16 YER006W,0.0,NA,0.011464235372841358,2850,11474,19567,0,0.6614440411908766,0.19896676905892208,1.0,0.3696401533455752,0.6303598466544248
19567,RDN5 YDL131W,0.0,NA,0.011464235372841358,2850,11473,19568,0,0.6614735475494969,0.19898066047615723,1.0,0.36960793788859897,0.6303920621114011
19568,YOR236W YPR036W-A,0.0,NA,0.011464235372841358,2850,11472,19569,0,0.6615030539081171,0.1989945538332635,1.0,0.3695757224316227,0.6304242775683773
19569,YDR454C tL(UAA)Q,0.0,NA,0.011464235372841358,2850,11471,19570,0,0.6615325602667375,0.1990084491306473,1.0,0.36954350697464644,0.6304564930253536
19570,YDL113C tD(GUC)Q,0.0,NA,0.011464235372841358,2850,11470,19571,0,0.6615620666253578,0.19902234636871508,1.0,0.3695112915176702,0.6304887084823299
19571,MAL63 YPL273W,0.0,NA,0.011464235372841358,2850,11469,19572,0,0.6615915729839781,0.19903624554787344,1.0,0.3694790760606939,0.630520923939306
19572,tH(GUG)E2 YNL221C,0.0,NA,0.011464235372841358,2850,11468,19573,0,0.6616210793425983,0.19905014666852913,1.0,0.3694468606037177,0.6305531393962823
19573,YER074W-A YDR089W,0.0,NA,0.011464235372841358,2850,11467,19574,0,0.6616505857012186,0.1990640497310889,1.0,0.3694146451467414,0.6305853548532586
19574,tA(UGC)Q YNL002C,0.0,NA,0.011464235372841358,2850,11466,19575,0,0.6616800920598389,0.19907795473595977,1.0,0.36938242968976515,0.6306175703102348
19575,GRD10 YCR073W-A,0.0,NA,0.011464235372841358,2850,11465,19576,0,0.6617095984184592,0.19909186168354873,1.0,0.3693502142327889,0.6306497857672111
19576,YDL038C OSR8,0.0,NA,0.011464235372841358,2850,11464,19577,0,0.6617391047770794,0.19910577057426296,1.0,0.3693179987758126,0.6306820012241874
19577,YOL135C tW(CCA)G1,0.0,NA,0.011464235372841358,2850,11463,19578,0,0.6617686111356997,0.19911968140850975,1.0,0.3692857833188364,0.6307142166811637
19578,tK(CUU)D1 YIL046W,0.0,NA,0.011464235372841358,2850,11462,19579,0,0.66179811749432,0.1991335941866965,1.0,0.36925356786186014,0.6307464321381399
19579,tI(UAU)L YML036W,0.0,NA,0.011464235372841358,2850,11461,19580,0,0.6618276238529404,0.19914750890923066,1.0,0.36922135240488385,0.6307786475951161
19580,tS(UGA)P MEL6,0.0,NA,0.011464235372841358,2850,11460,19581,0,0.6618571302115606,0.19916142557651992,1.0,0.3691891369479076,0.6308108630520924
19581,YGL006W YGR161W-B,0.0,NA,0.011464235372841358,2850,11459,19582,0,0.6618866365701809,0.19917534418897198,1.0,0.3691569214909313,0.6308430785090686
19582,tD(GUC)J2 YKL197C,0.0,NA,0.011464235372841358,2850,11458,19583,0,0.6619161429288012,0.1991892647469947,1.0,0.3691247060339551,0.6308752939660449
19583,tK(UUU)Q tG(UCC)G,0.0,NA,0.011464235372841358,2850,11457,19584,0,0.6619456492874214,0.199203187250996,1.0,0.36909249057697885,0.6309075094230212
19584,YER022W R0010W,0.0,NA,0.011464235372841358,2850,11456,19585,0,0.6619751556460417,0.19921711170138404,1.0,0.36906027512000256,0.6309397248799974
19585,YGR007W tF(GAA)P1,0.0,NA,0.011464235372841358,2850,11455,19586,0,0.662004662004662,0.19923103809856693,1.0,0.3690280596630263,0.6309719403369737
19586,YDR255C tS(AGA)G,0.0,NA,0.011464235372841358,2850,11454,19587,0,0.6620341683632823,0.19924496644295303,1.0,0.3689958442060501,0.63100415579395
19587,YGR161C-D YER176W,0.0,NA,0.011464235372841358,2850,11453,19588,0,0.6620636747219025,0.1992588967349507,1.0,0.3689636287490738,0.6310363712509262
19588,A1 tD(GUC)J4,0.0,NA,0.011464235372841358,2850,11452,19589,0,0.6620931810805228,0.19927282897496854,1.0,0.36893141329209755,0.6310685867079024
19589,tH(GUG)G1 YER147C,0.0,NA,0.011464235372841358,2850,11451,19590,0,0.6621226874391432,0.19928676316341515,1.0,0.3688991978351213,0.6311008021648787
19590,YER125W STA2,0.0,NA,0.011464235372841358,2850,11450,19591,0,0.6621521937977635,0.1993006993006993,1.0,0.368866982378145,0.6311330176218549
19591,GRD3 YLR333C,0.0,NA,0.011464235372841358,2850,11449,19592,0,0.6621817001563837,0.19931463738722988,1.0,0.3688347669211688,0.6311652330788312
19592,YBR223C tF(GAA)P1,0.0,NA,0.011464235372841358,2850,11448,19593,0,0.662211206515004,0.19932857742341586,1.0,0.3688025514641925,0.6311974485358075
19593,tA(AGC)F YBL098W,0.0,NA,0.011464235372841358,2850,11447,19594,0,0.6622407128736243,0.19934251940966635,1.0,0.36877033600721626,0.6312296639927837
19594,YMR119W HRA1,0.0,NA,0.011464235372841358,2850,11446,19595,0,0.6622702192322445,0.1993564633463906,1.0,0.36873812055024,0.63126187944976
19595,tL(CAA)M YOR381W,0.0,NA,0.011464235372841358,2850,11445,19596,0,0.6622997255908648,0.1993704092339979,1.0,0.36870590509326373,0.6312940949067363
19596,YPR104C tI(UAU)D,0.0,NA,0.011464235372841358,2850,11444,19597,0,0.6623292319494851,0.19938435707289773,1.0,0.3686736896362875,0.6313263103637126
19597,YPR118W DBF1,0.0,NA,0.011464235372841358,2850,11443,19598,0,0.6623587383081054,0.1993983068634996,1.0,0.36864147417931126,0.6313585258206887
19598,tR(UCU)Q1 YJL115W,0.0,NA,0.011464235372841358,2850,11442,19599,0,0.6623882446667256,0.19941225860621326,1.0,0.36860925872233496,0.631390741277665
19599,YLR372W tP(UGG)M,0.0,NA,0.011464235372841358,2850,11441,19600,0,0.662417751025346,0.19942621230144847,1.0,0.36857704326535873,0.6314229567346413
19600,tG(GCC)F1 YAR014C,0.0,NA,0.011464235372841358,2850,11440,19601,0,0.6624472573839663,0.1994401679496151,1.0,0.36854482780838244,0.6314551721916175
19601,21S_rRNA YML078W,0.0,NA,0.011464235372841358,2850,11439,19602,0,0.6624767637425866,0.19945412555112324,1.0,0.3685126123514062,0.6314873876485938
19602,YCL027W snR191,0.0,NA,0.011464235372841358,2850,11438,19603,0,0.6625062701012068,0.19946808510638298,1.0,0.36848039689442996,0.6315196031055701
19603,tM(CAU)D YMR174C,0.0,NA,0.011464235372841358,2850,11437,19604,0,0.6625357764598271,0.19948204661580457,1.0,0.36844818143745367,0.6315518185625463
19604,YKR055W tE(UUC)Q,0.0,NA,0.011464235372841358,2850,11436,19605,0,0.6625652828184474,0.1994960100797984,1.0,0.36841596598047743,0.6315840340195226
19605,YHR053C tI(AAU)G,0.0,NA,0.011464235372841358,2850,11435,19606,0,0.6625947891770677,0.19950997549877494,1.0,0.3683837505235012,0.6316162494764989
19606,YMR070W PFK4,0.0,NA,0.011464235372841358,2850,11434,19607,0,0.6626242955356879,0.1995239428731448,1.0,0.3683515350665249,0.631648464933475
19607,BIO6 YHR142W,0.0,NA,0.011464235372841358,2850,11433,19608,0,0.6626538018943082,0.19953791220331862,1.0,0.36831931960954867,0.6316806803904513
19608,YJR059W MEL3,0.0,NA,0.011464235372841358,2850,11432,19609,0,0.6626833082529285,0.19955188348970732,1.0,0.36828710415257243,0.6317128958474276
19609,YOR095C tD(GUC)K,0.0,NA,0.011464235372841358,2850,11431,19610,0,0.6627128146115487,0.19956585673272179,1.0,0.36825488869559614,0.6317451113044038
19610,tL(CAA)M YFR010W,0.0,NA,0.011464235372841358,2850,11430,19611,0,0.662742320970169,0.19957983193277312,1.0,0.3682226732386199,0.6317773267613801
19611,tI(AAU)N1 YER094C,0.0,NA,0.011464235372841358,2850,11429,19612,0,0.6627718273287894,0.19959380909027244,1.0,0.3681904577816436,0.6318095422183564
19612,YJR042W TER1,0.0,NA,0.011464235372841358,2850,11428,19613,0,0.6628013336874097,0.19960778820563105,1.0,0.3681582423246674,0.6318417576753326
19613,tH(GUG)G1 tG(GCC)J2,0.0,NA,0.011464235372841358,2850,11427,19614,0,0.6628308400460299,0.19962176927926034,1.0,0.36812602686769114,0.6318739731323089
19614,GRD3 YFL003C,0.0,NA,0.011464235372841358,2850,11426,19615,0,0.6628603464046502,0.19963575231157188,1.0,0.36809381141071484,0.6319061885892852
19615,tI(AAU)N1 YNL123W,0.0,NA,0.011464235372841358,2850,11425,19616,0,0.6628898527632705,0.19964973730297722,1.0,0.3680615959537386,0.6319384040462614
19616,tK(CUU)G2 YIL049W,0.0,NA,0.011464235372841358,2850,11424,19617,0,0.6629193591218908,0.19966372425388818,1.0,0.36802938049676237,0.6319706195032376
19617,YCR033W tP(UGG)M,0.0,NA,0.011464235372841358,2850,11423,19618,0,0.662948865480511,0.1996777131647166,1.0,0.3679971650397861,0.6320028349602139
19618,YBR136W tW(UCA)Q,0.0,NA,0.011464235372841358,2850,11422,19619,0,0.6629783718391313,0.19969170403587444,1.0,0.36796494958280984,0.6320350504171902
19619,YBL100W-A tE(UUC)M,0.0,NA,0.011464235372841358,2850,11421,19620,0,0.6630078781977516,0.1997056968677738,1.0,0.36793273412583355,0.6320672658741664
19620,YNL227C tG(GCC)G2,0.0,NA,0.011464235372841358,2850,11420,19621,0,0.6630373845563718,0.1997196916608269,1.0,0.3679005186688573,0.6320994813311427
19621,tV(AAC)L tA(AGC)F,0.0,NA,0.011464235372841358,2850,11419,19622,0,0.6630668909149922,0.19973368841544606,1.0,0.3678683032118811,0.632131696788119
19622,YNL227C MEL9,0.0,NA,0.011464235372841358,2850,11418,19623,0,0.6630963972736125,0.19974768713204374,1.0,0.3678360877549048,0.6321639122450952
19623,tI(AAU)N1 YNL135C,0.0,NA,0.011464235372841358,2850,11417,19624,0,0.6631259036322328,0.19976168781103246,1.0,0.36780387229792855,0.6321961277020715
19624,YIR004W tE(UUC)I,0.0,NA,0.011464235372841358,2850,11416,19625,0,0.663155409990853,0.1997756904528249,1.0,0.3677716568409523,0.6322283431590477
19625,tI(AAU)P1 YLR216C,0.0,NA,0.011464235372841358,2850,11415,19626,0,0.6631849163494733,0.19978969505783387,1.0,0.367739441383976,0.6322605586160239
19626,SUC5 tG(GCC)J1,0.0,NA,0.011464235372841358,2850,11414,19627,0,0.6632144227080936,0.19980370162647224,1.0,0.3677072259269998,0.6322927740730002
19627,YJR016C tL(UAA)N,0.0,NA,0.011464235372841358,2850,11413,19628,0,0.6632439290667139,0.19981771015915306,1.0,0.36767501047002354,0.6323249895299765
19628,tN(GUU)G YGL243W,0.0,NA,0.011464235372841358,2850,11412,19629,0,0.6632734354253341,0.19983172065628943,1.0,0.36764279501304725,0.6323572049869527
19629,MUP2 YIL019W,0.0,NA,0.011464235372841358,2850,11411,19630,0,0.6633029417839544,0.19984573311829465,1.0,0.367610579556071,0.632389420443929
19630,tK(CUU)G2 YOR257W,0.0,NA,0.011464235372841358,2850,11410,19631,0,0.6633324481425747,0.19985974754558206,1.0,0.3675783640990947,0.6324216359009053
19631,YLR175W tH(GUG)E2,0.0,NA,0.011464235372841358,2850,11409,19632,0,0.6633619545011951,0.19987376393856512,1.0,0.3675461486421185,0.6324538513578815
19632,tN(GUU)N2 YOL020W,0.0,NA,0.011464235372841358,2850,11408,19633,0,0.6633914608598153,0.19988778229765747,1.0,0.36751393318514225,0.6324860668148578
19633,tD(GUC)N YDL191W,0.0,NA,0.011464235372841358,2850,11407,19634,0,0.6634209672184356,0.19990180262327278,1.0,0.36748171772816596,0.632518282271834
19634,tS(GCU)O YBR084W,0.0,NA,0.011464235372841358,2850,11406,19635,0,0.6634504735770559,0.1999158249158249,1.0,0.3674495022711897,0.6325504977288103
19635,OSR8 YLR103C,0.0,NA,0.011464235372841358,2850,11405,19636,0,0.6634799799356761,0.19992984917572781,1.0,0.3674172868142135,0.6325827131857865
19636,YOR343W-A MAL43,0.0,NA,0.011464235372841358,2850,11404,19637,0,0.6635094862942964,0.19994387540339553,1.0,0.3673850713572372,0.6326149286427628
19637,YMR227C tD(GUC)Q,0.0,NA,0.011464235372841358,2850,11403,19638,0,0.6635389926529167,0.19995790359924226,1.0,0.36735285590026096,0.6326471440997391
19638,YML027W RDN5,0.0,NA,0.011464235372841358,2850,11402,19639,0,0.663568499011537,0.1999719337636823,1.0,0.36732064044328466,0.6326793595567153
19639,PFK4 YBR299W,0.0,NA,0.011464235372841358,2850,11401,19640,0,0.6635980053701572,0.19998596589713002,1.0,0.3672884249863084,0.6327115750136916
19640,YNL271C snR40,0.0,NA,0.011464235372841358,2850,11400,19641,0,0.6636275117287775,0.2,1.0,0.3672562095293322,0.6327437904706679
19641,YDR238C MEL6,0.0,NA,0.011464235372841358,2850,11399,19642,0,0.6636570180873979,0.20001403607270685,1.0,0.3672239940723559,0.632776005927644
19642,YER019W tN(GUU)N2,0.0,NA,0.011464235372841358,2850,11398,19643,0,0.6636865244460182,0.20002807411566537,1.0,0.36719177861537966,0.6328082213846203
19643,MEL5 YJR005W,0.0,NA,0.011464235372841358,2850,11397,19644,0,0.6637160308046384,0.20004211412929038,1.0,0.3671595631584034,0.6328404368415966
19644,YLR410W-B tT(AGU)J,0.0,NA,0.011464235372841358,2850,11396,19645,0,0.6637455371632587,0.2000561561139969,1.0,0.36712734770142713,0.6328726522985728
19645,snR60 MEL2,0.0,NA,0.011464235372841358,2850,11395,19646,0,0.663775043521879,0.20007020007020007,1.0,0.3670951322444509,0.6329048677555491
19646,tC(GCA)Q YHR055C,0.0,NA,0.011464235372841358,2850,11394,19647,0,0.6638045498804992,0.2000842459983151,1.0,0.36706291678747466,0.6329370832125254
19647,YGR163W tT(AGU)O1,0.0,NA,0.011464235372841358,2850,11393,19648,0,0.6638340562391195,0.20009829389875727,1.0,0.36703070133049837,0.6329692986695016
19648,YMR271C tR(UCU)G1,0.0,NA,0.011464235372841358,2850,11392,19649,0,0.6638635625977398,0.20011234377194215,1.0,0.36699848587352213,0.6330015141264779
19649,YJL068C snR83,0.0,NA,0.011464235372841358,2850,11391,19650,0,0.6638930689563601,0.20012639561828524,1.0,0.36696627041654584,0.6330337295834542
19650,YPL257W-A tR(CCU)J,0.0,NA,0.011464235372841358,2850,11390,19651,0,0.6639225753149803,0.20014044943820225,1.0,0.3669340549595696,0.6330659450404303
19651,YKR082W snR40,0.0,NA,0.011464235372841358,2850,11389,19652,0,0.6639520816736006,0.200154505232109,1.0,0.36690183950259336,0.6330981604974066
19652,YOL032W tR(UCU)G1,0.0,NA,0.011464235372841358,2850,11388,19653,0,0.663981588032221,0.2001685630004214,1.0,0.36686962404561707,0.6331303759543829
19653,YDR142C tV(AAC)K2,0.0,NA,0.011464235372841358,2850,11387,19654,0,0.6640110943908413,0.20018262274355553,1.0,0.36683740858864083,0.6331625914113592
19654,YLR157C-A YNL032W,0.0,NA,0.011464235372841358,2850,11386,19655,0,0.6640406007494615,0.2001966844619275,1.0,0.3668051931316646,0.6331948068683354
19655,YLR110C 21S_rRNA,0.0,NA,0.011464235372841358,2850,11385,19656,0,0.6640701071080818,0.20021074815595363,1.0,0.3667729776746883,0.6332270223253117
19656,YLR229C tS(AGA)G,0.0,NA,0.011464235372841358,2850,11384,19657,0,0.6640996134667021,0.2002248138260503,1.0,0.36674076221771207,0.633259237782288
19657,SME2 YOR032C,0.0,NA,0.011464235372841358,2850,11383,19658,0,0.6641291198253224,0.20023888147263402,1.0,0.3667085467607358,0.6332914532392642
19658,tI(AAU)N1 YHR197W,0.0,NA,0.011464235372841358,2850,11382,19659,0,0.6641586261839426,0.20025295109612143,1.0,0.36667633130375954,0.6333236686962405
19659,MEL2 YDR214W,0.0,NA,0.011464235372841358,2850,11381,19660,0,0.6641881325425629,0.20026702269692923,1.0,0.3666441158467833,0.6333558841532168
19660,YLR345W tW(CCA)G2,0.0,NA,0.011464235372841358,2850,11380,19661,0,0.6642176389011832,0.20028109627547436,1.0,0.366611900389807,0.6333880996101929
19661,tL(CAA)C YPL209C,0.0,NA,0.011464235372841358,2850,11379,19662,0,0.6642471452598034,0.20029517183217374,1.0,0.3665796849328308,0.6334203150671692
19662,YCL033C MAL41,0.0,NA,0.011464235372841358,2850,11378,19663,0,0.6642766516184238,0.2003092493674445,1.0,0.36654746947585454,0.6334525305241455
19663,YGR274C RDN18,0.0,NA,0.011464235372841358,2850,11377,19664,0,0.6643061579770441,0.20032332888170382,1.0,0.36651525401887824,0.6334847459811217
19664,tS(GCU)O YGL029W,0.0,NA,0.011464235372841358,2850,11376,19665,0,0.6643356643356644,0.20033741037536903,1.0,0.366483038561902,0.633516961438098
19665,snR60 YDR210C-C,0.0,NA,0.011464235372841358,2850,11375,19666,0,0.6643651706942846,0.20035149384885764,1.0,0.3664508231049257,0.6335491768950743
19666,GCD3 YPL112C,0.0,NA,0.011464235372841358,2850,11374,19667,0,0.6643946770529049,0.20036557930258717,1.0,0.3664186076479495,0.6335813923520505
19667,YMR297W tK(UUU)L,0.0,NA,0.011464235372841358,2850,11373,19668,0,0.6644241834115252,0.20037966673697533,1.0,0.36638639219097324,0.6336136078090268
19668,YML105C SUC7,0.0,NA,0.011464235372841358,2850,11372,19669,0,0.6644536897701455,0.20039375615243987,1.0,0.36635417673399695,0.633645823266003
19669,tD(GUC)G2 YBL069W,0.0,NA,0.011464235372841358,2850,11371,19670,0,0.6644831961287657,0.20040784754939878,1.0,0.3663219612770207,0.6336780387229792
19670,tL(UAA)B1 YER012W,0.0,NA,0.011464235372841358,2850,11370,19671,0,0.664512702487386,0.20042194092827004,1.0,0.3662897458200445,0.6337102541799555
19671,YBR211C tI(AAU)D,0.0,NA,0.011464235372841358,2850,11369,19672,0,0.6645422088460063,0.20043603628947185,1.0,0.3662575303630682,0.6337424696369318
19672,snR31 YKL138C-A,0.0,NA,0.011464235372841358,2850,11368,19673,0,0.6645717152046265,0.20045013363342243,1.0,0.36622531490609195,0.6337746850939081
19673,GRD5 YFL045C,0.0,NA,0.011464235372841358,2850,11367,19674,0,0.6646012215632469,0.2004642329605402,1.0,0.3661930994491157,0.6338069005508843
19674,YJL130C tM(CAU)J2,0.0,NA,0.011464235372841358,2850,11366,19675,0,0.6646307279218672,0.20047833427124367,1.0,0.3661608839921394,0.6338391160078606
19675,YLR127C tV(AAC)M2,0.0,NA,0.011464235372841358,2850,11365,19676,0,0.6646602342804875,0.20049243756595145,1.0,0.3661286685351632,0.6338713314648369
19676,MAL63 YKL186C,0.0,NA,0.011464235372841358,2850,11364,19677,0,0.6646897406391077,0.20050654284508232,1.0,0.3660964530781869,0.633903546921813
19677,YBL078C tT(AGU)I1,0.0,NA,0.011464235372841358,2850,11363,19678,0,0.664719246997728,0.2005206501090551,1.0,0.36606423762121065,0.6339357623787893
19678,tY(GUA)M2 YFL037W,0.0,NA,0.011464235372841358,2850,11362,19679,0,0.6647487533563483,0.20053475935828877,1.0,0.3660320221642344,0.6339679778357656
19679,YBR002C SUC1,0.0,NA,0.011464235372841358,2850,11361,19680,0,0.6647782597149686,0.20054887059320245,1.0,0.3659998067072581,0.6340001932927418
19680,R0030W YMR046C,0.0,NA,0.011464235372841358,2850,11360,19681,0,0.6648077660735888,0.20056298381421533,1.0,0.3659675912502819,0.6340324087497181
19681,YDR361C tM(CAU)J2,0.0,NA,0.011464235372841358,2850,11359,19682,0,0.6648372724322091,0.20057709902174678,1.0,0.36593537579330565,0.6340646242066944
19682,YIR021W AWA1,0.0,NA,0.011464235372841358,2850,11358,19683,0,0.6648667787908294,0.20059121621621623,1.0,0.36590316033632936,0.6340968396636706
19683,YNL071W BIO6,0.0,NA,0.011464235372841358,2850,11357,19684,0,0.6648962851494498,0.2006053353980432,1.0,0.3658709448793531,0.6341290551206469
19684,tR(UCU)Q1 YDR155C,0.0,NA,0.011464235372841358,2850,11356,19685,0,0.66492579150807,0.2006194565676475,1.0,0.36583872942237683,0.6341612705776232
19685,tD(GUC)D YPR122W,0.0,NA,0.011464235372841358,2850,11355,19686,0,0.6649552978666903,0.2006335797254488,1.0,0.3658065139654006,0.6341934860345994
19686,YOR213C tD(GUC)M,0.0,NA,0.011464235372841358,2850,11354,19687,0,0.6649848042253106,0.2006477048718671,1.0,0.36577429850842436,0.6342257014915756
19687,YLR026C MAL61,0.0,NA,0.011464235372841358,2850,11353,19688,0,0.6650143105839308,0.2006618320073224,1.0,0.36574208305144806,0.6342579169485519
19688,YHR061C tP(UGG)H,0.0,NA,0.011464235372841358,2850,11352,19689,0,0.6650438169425511,0.2006759611322349,1.0,0.3657098675944718,0.6342901324055281
19689,YMR030W tI(AAU)N1,0.0,NA,0.011464235372841358,2850,11351,19690,0,0.6650733233011714,0.20069009224702486,1.0,0.3656776521374956,0.6343223478625044
19690,tY(GUA)M2 tS(GCU)F,0.0,NA,0.011464235372841358,2850,11350,19691,0,0.6651028296597917,0.2007042253521127,1.0,0.3656454366805193,0.6343545633194807
19691,OSR10 YOR089C,0.0,NA,0.011464235372841358,2850,11349,19692,0,0.6651323360184119,0.20071836044791888,1.0,0.36561322122354306,0.634386778776457
19692,MEL5 YDL238C,0.0,NA,0.011464235372841358,2850,11348,19693,0,0.6651618423770322,0.20073249753486405,1.0,0.3655810057665668,0.6344189942334332
19693,YAL015C MEL9,0.0,NA,0.011464235372841358,2850,11347,19694,0,0.6651913487356526,0.20074663661336903,1.0,0.36554879030959053,0.6344512096904095
19694,YER190W TER1,0.0,NA,0.011464235372841358,2850,11346,19695,0,0.6652208550942729,0.2007607776838546,1.0,0.3655165748526143,0.6344834251473858
19695,tF(GAA)G YFR025C,0.0,NA,0.011464235372841358,2850,11345,19696,0,0.6652503614528931,0.2007749207467418,1.0,0.365484359395638,0.6345156406043619
19696,tD(GUC)I1 tA(AGC)L,0.0,NA,0.011464235372841358,2850,11344,19697,0,0.6652798678115134,0.20078906580245173,1.0,0.36545214393866177,0.6345478560613382
19697,tP(UGG)H YGL211W,0.0,NA,0.011464235372841358,2850,11343,19698,0,0.6653093741701337,0.20080321285140562,1.0,0.36541992848168553,0.6345800715183145
19698,MEL7 YGL184C,0.0,NA,0.011464235372841358,2850,11342,19699,0,0.6653388805287539,0.2008173618940248,1.0,0.36538771302470924,0.6346122869752907
19699,MEL7 YDR225W,0.0,NA,0.011464235372841358,2850,11341,19700,0,0.6653683868873742,0.20083151293073073,1.0,0.365355497567733,0.634644502432267
19700,tM(CAU)Q2 tT(UGU)H,0.0,NA,0.011464235372841358,2850,11340,19701,0,0.6653978932459945,0.20084566596194503,1.0,0.36532328211075676,0.6346767178892433
19701,YPR007C snR191,0.0,NA,0.011464235372841358,2850,11339,19702,0,0.6654273996046148,0.20085982098808935,1.0,0.36529106665378047,0.6347089333462195
19702,tE(UUC)Q YHR106W,0.0,NA,0.011464235372841358,2850,11338,19703,0,0.665456905963235,0.20087397800958556,1.0,0.36525885119680424,0.6347411488031958
19703,YER019W tK(CUU)C,0.0,NA,0.011464235372841358,2850,11337,19704,0,0.6654864123218553,0.20088813702685557,1.0,0.36522663573982794,0.6347733642601721
19704,YJR044C tK(UUU)P,0.0,NA,0.011464235372841358,2850,11336,19705,0,0.6655159186804757,0.20090229804032145,1.0,0.3651944202828517,0.6348055797171482
19705,YAL017W DBF1,0.0,NA,0.011464235372841358,2850,11335,19706,0,0.665545425039096,0.20091646105040536,1.0,0.36516220482587547,0.6348377951741245
19706,tK(UUU)D YIL110W,0.0,NA,0.011464235372841358,2850,11334,19707,0,0.6655749313977162,0.20093062605752962,1.0,0.3651299893688992,0.6348700106311008
19707,tS(AGA)M YBR181C,0.0,NA,0.011464235372841358,2850,11333,19708,0,0.6656044377563365,0.20094479306211663,1.0,0.36509777391192294,0.634902226088077
19708,BIO6 YLR154C,0.0,NA,0.011464235372841358,2850,11332,19709,0,0.6656339441149568,0.2009589620645889,1.0,0.3650655584549467,0.6349344415450533
19709,tS(CGA)C YLR028C,0.0,NA,0.011464235372841358,2850,11331,19710,0,0.665663450473577,0.20097313306536915,1.0,0.3650333429979704,0.6349666570020296
19710,snR86 YIL071C,0.0,NA,0.011464235372841358,2850,11330,19711,0,0.6656929568321973,0.2009873060648801,1.0,0.3650011275409942,0.6349988724590059
19711,YIL097W tN(GUU)F,0.0,NA,0.011464235372841358,2850,11329,19712,0,0.6657224631908176,0.20100148106354468,1.0,0.36496891208401794,0.6350310879159821
19712,YDL038C tP(UGG)O2,0.0,NA,0.011464235372841358,2850,11328,19713,0,0.6657519695494379,0.20101565806178587,1.0,0.36493669662704165,0.6350633033729584
19713,tL(UAA)K YOR124C,0.0,NA,0.011464235372841358,2850,11327,19714,0,0.6657814759080581,0.2010298370600268,1.0,0.3649044811700654,0.6350955188299346
19714,R0010W YOL123W,0.0,NA,0.011464235372841358,2850,11326,19715,0,0.6658109822666785,0.20104401805869074,1.0,0.3648722657130891,0.6351277342869108
19715,YGL021W tT(UGU)H,0.0,NA,0.011464235372841358,2850,11325,19716,0,0.6658404886252988,0.20105820105820105,1.0,0.3648400502561129,0.6351599497438871
19716,YOR160W MAL22,0.0,NA,0.011464235372841358,2850,11324,19717,0,0.6658699949839191,0.20107238605898123,1.0,0.36480783479913664,0.6351921652008634
19717,YPL051W tD(GUC)J4,0.0,NA,0.011464235372841358,2850,11323,19718,0,0.6658995013425393,0.2010865730614549,1.0,0.36477561934216035,0.6352243806578396
19718,URR4 YOR249C,0.0,NA,0.011464235372841358,2850,11322,19719,0,0.6659290077011596,0.2011007620660457,1.0,0.3647434038851841,0.6352565961148159
19719,tM(CAU)O1 YDR246W,0.0,NA,0.011464235372841358,2850,11321,19720,0,0.6659585140597799,0.20111495307317762,1.0,0.3647111884282079,0.6352888115717922
19720,tL(UAA)B1 YDL220C,0.0,NA,0.011464235372841358,2850,11320,19721,0,0.6659880204184002,0.20112914608327453,1.0,0.3646789729712316,0.6353210270287684
19721,tL(UAG)L2 YLR411W,0.0,NA,0.011464235372841358,2850,11319,19722,0,0.6660175267770204,0.20114334109676055,1.0,0.36464675751425535,0.6353532424857447
19722,YGL087C tD(GUC)L1,0.0,NA,0.011464235372841358,2850,11318,19723,0,0.6660470331356407,0.20115753811405984,1.0,0.36461454205727906,0.6353854579427209
19723,YNL331C tF(GAA)Q,0.0,NA,0.011464235372841358,2850,11317,19724,0,0.666076539494261,0.2011717371355968,1.0,0.3645823266003028,0.6354176733996971
19724,tD(GUC)J3 YPR108W,0.0,NA,0.011464235372841358,2850,11316,19725,0,0.6661060458528812,0.20118593816179586,1.0,0.3645501111433266,0.6354498888566734
19725,tP(UGG)N1 YDR299W,0.0,NA,0.011464235372841358,2850,11315,19726,0,0.6661355522115016,0.20120014119308155,1.0,0.3645178956863503,0.6354821043136497
19726,snR86 YOR363C,0.0,NA,0.011464235372841358,2850,11314,19727,0,0.6661650585701219,0.20121434622987858,1.0,0.36448568022937405,0.635514319770626
19727,tD(GUC)L2 YER082C,0.0,NA,0.011464235372841358,2850,11313,19728,0,0.6661945649287422,0.20122855327261174,1.0,0.3644534647723978,0.6355465352276022
19728,YBR065C tA(AGC)H,0.0,NA,0.011464235372841358,2850,11312,19729,0,0.6662240712873624,0.201242762321706,1.0,0.3644212493154215,0.6355787506845785
19729,YPL235W tS(AGA)H,0.0,NA,0.011464235372841358,2850,11311,19730,0,0.6662535776459827,0.20125697337758633,1.0,0.3643890338584453,0.6356109661415548
19730,YHR178W HRA1,0.0,NA,0.011464235372841358,2850,11310,19731,0,0.666283084004603,0.20127118644067796,1.0,0.36435681840146905,0.635643181598531
19731,R0010W YDL079C,0.0,NA,0.011464235372841358,2850,11309,19732,0,0.6663125903632233,0.20128540151140617,1.0,0.36432460294449276,0.6356753970555072
19732,YMR049C tK(UUU)P,0.0,NA,0.011464235372841358,2850,11308,19733,0,0.6663420967218435,0.20129961859019635,1.0,0.3642923874875165,0.6357076125124835
19733,URR3 MPR1,0.0,NA,0.011464235372841358,2850,11307,19734,0,0.6663716030804638,0.20131383767747404,1.0,0.36426017203054023,0.6357398279694597
19734,YPL212C tA(UGC)G,0.0,NA,0.011464235372841358,2850,11306,19735,0,0.6664011094390841,0.2013280587736649,1.0,0.364227956573564,0.635772043426436
19735,YLR438W tK(UUU)P,0.0,NA,0.011464235372841358,2850,11305,19736,0,0.6664306157977044,0.20134228187919462,1.0,0.36419574111658776,0.6358042588834123
19736,PFK5 YNL136W,0.0,NA,0.011464235372841358,2850,11304,19737,0,0.6664601221563247,0.2013565069944892,1.0,0.36416352565961146,0.6358364743403885
19737,YLR398C tR(UCU)G1,0.0,NA,0.011464235372841358,2850,11303,19738,0,0.666489628514945,0.20137073411997455,1.0,0.3641313102026352,0.6358686897973648
19738,tI(AAU)I1 YNL218W,0.0,NA,0.011464235372841358,2850,11302,19739,0,0.6665191348735653,0.20138496325607688,1.0,0.364099094745659,0.6359009052543411
19739,snR10 tE(CUC)D,0.0,NA,0.011464235372841358,2850,11301,19740,0,0.6665486412321855,0.20139919440322238,1.0,0.3640668792886827,0.6359331207113172
19740,YDR058C R0010W,0.0,NA,0.011464235372841358,2850,11300,19741,0,0.6665781475908058,0.20141342756183744,1.0,0.36403466383170646,0.6359653361682935
19741,tK(CUU)D1 YER062C,0.0,NA,0.011464235372841358,2850,11299,19742,0,0.6666076539494261,0.20142766273234858,1.0,0.36400244837473017,0.6359975516252698
19742,YNL270C tV(AAC)L,0.0,NA,0.011464235372841358,2850,11298,19743,0,0.6666371603080464,0.20144189991518235,1.0,0.36397023291775393,0.636029767082246
19743,YDL047W tC(GCA)G,0.0,NA,0.011464235372841358,2850,11297,19744,0,0.6666666666666666,0.20145613911076554,1.0,0.3639380174607777,0.6360619825392223
19744,YMR304W SCH1,0.0,NA,0.011464235372841358,2850,11296,19745,0,0.6666961730252869,0.20147038031952497,1.0,0.3639058020038014,0.6360941979961986
19745,YJR028W tA(AGC)D,0.0,NA,0.011464235372841358,2850,11295,19746,0,0.6667256793839073,0.2014846235418876,1.0,0.36387358654682517,0.6361264134531749
19746,YFR005C tK(CUU)G3,0.0,NA,0.011464235372841358,2850,11294,19747,0,0.6667551857425276,0.20149886877828055,1.0,0.36384137108984893,0.6361586289101511
19747,tQ(UUG)Q YDL145C,0.0,NA,0.011464235372841358,2850,11293,19748,0,0.6667846921011478,0.20151311602913102,1.0,0.36380915563287264,0.6361908443671274
19748,tI(AAU)P1 YFR045W,0.0,NA,0.011464235372841358,2850,11292,19749,0,0.6668141984597681,0.20152736529486637,1.0,0.3637769401758964,0.6362230598241037
19749,YNL281W tA(UGC)Q,0.0,NA,0.011464235372841358,2850,11291,19750,0,0.6668437048183884,0.20154161657591402,1.0,0.36374472471892016,0.6362552752810798
19750,YOR140W tY(GUA)M2,0.0,NA,0.011464235372841358,2850,11290,19751,0,0.6668732111770086,0.20155586987270155,1.0,0.3637125092619439,0.6362874907380561
19751,YOR120W tT(UGU)G1,0.0,NA,0.011464235372841358,2850,11289,19752,0,0.6669027175356289,0.2015701251856567,1.0,0.36368029380496764,0.6363197061950324
19752,tN(GUU)O2 YOR151C,0.0,NA,0.011464235372841358,2850,11288,19753,0,0.6669322238942492,0.20158438251520724,1.0,0.36364807834799134,0.6363519216520086
19753,URR3 YNL085W,0.0,NA,0.011464235372841358,2850,11287,19754,0,0.6669617302528695,0.20159864186178114,1.0,0.3636158628910151,0.6363841371089849
19754,tS(CGA)C YDR166C,0.0,NA,0.011464235372841358,2850,11286,19755,0,0.6669912366114897,0.20161290322580644,1.0,0.36358364743403887,0.6364163525659612
19755,GRD16 OSR3,0.0,NA,0.011464235372841358,2850,11285,19756,0,0.66702074297011,0.20162716660771135,1.0,0.3635514319770626,0.6364485680229374
19756,tY(GUA)O YEL029C,0.0,NA,0.011464235372841358,2850,11284,19757,0,0.6670502493287304,0.20164143200792414,1.0,0.36351921652008634,0.6364807834799137
19757,GRD17 YBR280C,0.0,NA,0.011464235372841358,2850,11283,19758,0,0.6670797556873507,0.20165569942687328,1.0,0.3634870010631101,0.63651299893689
19758,tL(CAA)M YMR255W,0.0,NA,0.011464235372841358,2850,11282,19759,0,0.6671092620459709,0.20166996886498725,1.0,0.3634547856061338,0.6365452143938661
19759,YOL082W snR18,0.0,NA,0.011464235372841358,2850,11281,19760,0,0.6671387684045912,0.20168424032269477,1.0,0.3634225701491576,0.6365774298508424
19760,tK(CUU)D1 YER074W-A,0.0,NA,0.011464235372841358,2850,11280,19761,0,0.6671682747632115,0.20169851380042464,1.0,0.3633903546921813,0.6366096453078187
19761,YBR207W tM(CAU)D,0.0,NA,0.011464235372841358,2850,11279,19762,0,0.6671977811218317,0.2017127892986057,1.0,0.36335813923520505,0.6366418607647949
19762,tR(UCU)Q1 YOL058W,0.0,NA,0.011464235372841358,2850,11278,19763,0,0.667227287480452,0.20172706681766706,1.0,0.3633259237782288,0.6366740762217712
19763,tY(GUA)D YBL026W,0.0,NA,0.011464235372841358,2850,11277,19764,0,0.6672567938390723,0.2017413463580378,1.0,0.3632937083212525,0.6367062916787475
19764,TER1 YJL006C,0.0,NA,0.011464235372841358,2850,11276,19765,0,0.6672863001976926,0.20175562792014726,1.0,0.3632614928642763,0.6367385071357238
19765,tG(GCC)F1 tI(AAU)G,0.0,NA,0.011464235372841358,2850,11275,19766,0,0.6673158065563128,0.20176991150442478,1.0,0.36322927740730004,0.6367707225927
19766,tP(UGG)O2 YKL214C,0.0,NA,0.011464235372841358,2850,11274,19767,0,0.6673453129149332,0.2017841971112999,1.0,0.36319706195032375,0.6368029380496762
19767,YPL081W tF(GAA)H1,0.0,NA,0.011464235372841358,2850,11273,19768,0,0.6673748192735535,0.2017984847412023,1.0,0.3631648464933475,0.6368351535066525
19768,tD(GUC)N YOR361C,0.0,NA,0.011464235372841358,2850,11272,19769,0,0.6674043256321738,0.2018127743945617,1.0,0.3631326310363713,0.6368673689636287
19769,tK(UUU)Q YPR036W-A,0.0,NA,0.011464235372841358,2850,11271,19770,0,0.667433831990794,0.20182706607180795,1.0,0.363100415579395,0.636899584420605
19770,tV(UAC)Q YBR002C,0.0,NA,0.011464235372841358,2850,11270,19771,0,0.6674633383494143,0.20184135977337112,1.0,0.36306820012241875,0.6369317998775813
19771,YHR186C tD(GUC)J4,0.0,NA,0.011464235372841358,2850,11269,19772,0,0.6674928447080346,0.2018556554996813,1.0,0.36303598466544246,0.6369640153345575
19772,YHR072W-A OSR3,0.0,NA,0.011464235372841358,2850,11268,19773,0,0.6675223510666549,0.20186995325116872,1.0,0.3630037692084662,0.6369962307915338
19773,tY(GUA)M1 YML132W,0.0,NA,0.011464235372841358,2850,11267,19774,0,0.6675518574252751,0.2018842530282638,1.0,0.36297155375149,0.6370284462485101
19774,YIR030C tT(AGU)O2,0.0,NA,0.011464235372841358,2850,11266,19775,0,0.6675813637838954,0.201898554831397,1.0,0.3629393382945137,0.6370606617054863
19775,tG(GCC)F1 YGR166W,0.0,NA,0.011464235372841358,2850,11265,19776,0,0.6676108701425157,0.20191285866099895,1.0,0.36290712283753745,0.6370928771624625
19776,snR10 YMR316W,0.0,NA,0.011464235372841358,2850,11264,19777,0,0.667640376501136,0.20192716451750034,1.0,0.3628749073805612,0.6371250926194388
19777,YDR160W snR87,0.0,NA,0.011464235372841358,2850,11263,19778,0,0.6676698828597563,0.20194147240133212,1.0,0.3628426919235849,0.637157308076415
19778,YNL078W tF(GAA)P2,0.0,NA,0.011464235372841358,2850,11262,19779,0,0.6676993892183766,0.20195578231292516,1.0,0.3628104764666087,0.6371895235333913
19779,YGR274C snR86,0.0,NA,0.011464235372841358,2850,11261,19780,0,0.6677288955769969,0.20197009425271065,1.0,0.3627782610096324,0.6372217389903676
19780,YGR241C tT(AGU)D,0.0,NA,0.011464235372841358,2850,11260,19781,0,0.6677584019356171,0.20198440822111977,1.0,0.36274604555265616,0.6372539544473438
19781,tD(GUC)G2 YPL089C,0.0,NA,0.011464235372841358,2850,11259,19782,0,0.6677879082942374,0.2019987242185839,1.0,0.3627138300956799,0.6372861699043201
19782,YNL255C MAL42,0.0,NA,0.011464235372841358,2850,11258,19783,0,0.6678174146528577,0.20201304224553446,1.0,0.36268161463870363,0.6373183853612964
19783,BIO6 YLR208W,0.0,NA,0.011464235372841358,2850,11257,19784,0,0.667846921011478,0.20202736230240306,1.0,0.3626493991817274,0.6373506008182727
19784,YLR362W tW(CCA)G1,0.0,NA,0.011464235372841358,2850,11256,19785,0,0.6678764273700982,0.20204168438962145,1.0,0.36261718372475116,0.6373828162752488
19785,SME2 YPL079W,0.0,NA,0.011464235372841358,2850,11255,19786,0,0.6679059337287185,0.2020560085076214,1.0,0.36258496826777487,0.6374150317322251
19786,YNL107W SUC7,0.0,NA,0.011464235372841358,2850,11254,19787,0,0.6679354400873388,0.20207033465683494,1.0,0.36255275281079863,0.6374472471892014
19787,tD(GUC)Q YJR094C,0.0,NA,0.011464235372841358,2850,11253,19788,0,0.667964946445959,0.2020846628376941,1.0,0.36252053735382234,0.6374794626461776
19788,tD(GUC)L2 tE(UUC)P,0.0,NA,0.011464235372841358,2850,11252,19789,0,0.6679944528045794,0.20209899305063111,1.0,0.3624883218968461,0.6375116781031539
19789,GRD3 YDL083C,0.0,NA,0.011464235372841358,2850,11251,19790,0,0.6680239591631997,0.20211332529607828,1.0,0.36245610643986986,0.6375438935601302
19790,YPL058C tK(CUU)C,0.0,NA,0.011464235372841358,2850,11250,19791,0,0.66805346552182,0.20212765957446807,1.0,0.36242389098289357,0.6375761090171064
19791,YPL130W tI(AAU)B,0.0,NA,0.011464235372841358,2850,11249,19792,0,0.6680829718804402,0.20214199588623308,1.0,0.36239167552591733,0.6376083244740827
19792,YOL121C tP(UGG)M,0.0,NA,0.011464235372841358,2850,11248,19793,0,0.6681124782390605,0.20215633423180593,1.0,0.3623594600689411,0.637640539931059
19793,YBL056W tG(GCC)F2,0.0,NA,0.011464235372841358,2850,11247,19794,0,0.6681419845976808,0.2021706746116195,1.0,0.3623272446119648,0.6376727553880351
19794,YNL331C PFK4,0.0,NA,0.011464235372841358,2850,11246,19795,0,0.6681714909563011,0.2021850170261067,1.0,0.36229502915498857,0.6377049708450114
19795,MAL61 YMR106C,0.0,NA,0.011464235372841358,2850,11245,19796,0,0.6682009973149213,0.2021993614757006,1.0,0.36226281369801233,0.6377371863019877
19796,YLR262C-A SUC7,0.0,NA,0.011464235372841358,2850,11244,19797,0,0.6682305036735416,0.2022137079608344,1.0,0.36223059824103604,0.6377694017589639
19797,tM(CAU)Q1 tR(ACG)K,0.0,NA,0.011464235372841358,2850,11243,19798,0,0.668260010032162,0.2022280564819414,1.0,0.3621983827840598,0.6378016172159402
19798,PFK5 YKL034W,0.0,NA,0.011464235372841358,2850,11242,19799,0,0.6682895163907823,0.202242407039455,1.0,0.3621661673270835,0.6378338326729165
19799,YLR185W tE(UUC)Q,0.0,NA,0.011464235372841358,2850,11241,19800,0,0.6683190227494025,0.20225675963380882,1.0,0.3621339518701073,0.6378660481298927
19800,RDN58 YDL222C,0.0,NA,0.011464235372841358,2850,11240,19801,0,0.6683485291080228,0.20227111426543648,1.0,0.36210173641313104,0.637898263586869
19801,tD(GUC)J3 YAL053W,0.0,NA,0.011464235372841358,2850,11239,19802,0,0.6683780354666431,0.2022854709347718,1.0,0.36206952095615474,0.6379304790438453
19802,YDR522C tS(AGA)H,0.0,NA,0.011464235372841358,2850,11238,19803,0,0.6684075418252633,0.2022998296422487,1.0,0.3620373054991785,0.6379626945008215
19803,YOL122C tI(AAU)E1,0.0,NA,0.011464235372841358,2850,11237,19804,0,0.6684370481838836,0.20231419038830126,1.0,0.36200509004220227,0.6379949099577977
19804,YOR016C AWA1,0.0,NA,0.011464235372841358,2850,11236,19805,0,0.6684665545425039,0.20232855317336362,1.0,0.361972874585226,0.638027125414774
19805,OSR2 YIR028W,0.0,NA,0.011464235372841358,2850,11235,19806,0,0.6684960609011242,0.20234291799787008,1.0,0.36194065912824974,0.6380593408717503
19806,YNL286W tM(CAU)P,0.0,NA,0.011464235372841358,2850,11234,19807,0,0.6685255672597444,0.20235728486225504,1.0,0.36190844367127345,0.6380915563287265
19807,tA(AGC)H YKL138C-A,0.0,NA,0.011464235372841358,2850,11233,19808,0,0.6685550736183647,0.20237165376695307,1.0,0.3618762282142972,0.6381237717857028
19808,YBR019C tI(AAU)G,0.0,NA,0.011464235372841358,2850,11232,19809,0,0.6685845799769851,0.2023860247123988,1.0,0.361844012757321,0.6381559872426791
19809,YBR248C MAL61,0.0,NA,0.011464235372841358,2850,11231,19810,0,0.6686140863356054,0.20240039769902707,1.0,0.3618117973003447,0.6381882026996553
19810,R0030W YCR094W,0.0,NA,0.011464235372841358,2850,11230,19811,0,0.6686435926942256,0.20241477272727273,1.0,0.36177958184336845,0.6382204181566316
19811,YLR399C AUT6,0.0,NA,0.011464235372841358,2850,11229,19812,0,0.6686730990528459,0.20242914979757085,1.0,0.3617473663863922,0.6382526336136078
19812,YIR015W YDR421W,0.0,NA,0.011471986770629883,2850,11228,19813,0,0.6687026054114662,0.20244352891035658,1.0,0.3617151509294159,0.638284849070584
19813,YKL015W YJL134W,0.0,NA,0.011481210589408875,2850,11227,19814,0,0.6687321117700864,0.2024579100660652,1.0,0.3616829354724397,0.6383170645275603
19814,tR(UCU)B YLR024C,0.0,NA,0.011486238799989223,2850,11226,19815,0,0.6687616181287067,0.20247229326513214,1.0,0.36165072001546344,0.6383492799845366
19815,YLR054C YOR020C,0.0,NA,0.011487219482660294,2850,11225,19816,0,0.668791124487327,0.2024866785079929,1.0,0.36161850455848715,0.6383814954415128
19816,YOR178C tA(AGC)M1,0.0,NA,0.01148915197700262,2850,11224,19817,0,0.6688206308459473,0.20250106579508312,1.0,0.3615862891015109,0.6384137108984891
19817,YBR024W YGL065C,0.0,NA,0.011490603908896446,2850,11223,19818,0,0.6688501372045675,0.20251545512683863,1.0,0.3615540736445346,0.6384459263554654
19818,YHR098C YER115C,0.0,NA,0.011497744359076023,2850,11222,19819,0,0.6688796435631879,0.2025298465036953,1.0,0.3615218581875584,0.6384781418124416
19819,YDR034C-D YGL002W,0.0,NA,0.011500107124447823,2850,11221,19820,0,0.6689091499218082,0.2025442399260891,1.0,0.36148964273058215,0.6385103572694178
19820,YNL088W YEL069C,0.0,NA,0.0115056112408638,2850,11220,19821,0,0.6689386562804285,0.2025586353944563,1.0,0.36145742727360586,0.6385425727263941
19821,YEL016C YOR038C,0.0,NA,0.011509808711707592,2850,11219,19822,0,0.6689681626390487,0.20257303290923306,1.0,0.3614252118166296,0.6385747881833704
19822,YDR315C YIL080W,0.0,NA,0.011510660871863365,2850,11218,19823,0,0.668997668997669,0.20258743247085584,1.0,0.3613929963596534,0.6386070036403466
19823,YJR068W YOL103W,0.0,NA,0.011519643478095531,2850,11217,19824,0,0.6690271753562893,0.20260183407976115,1.0,0.3613607809026771,0.6386392190973229
19824,YNR052C YGL033W,0.0,NA,0.011526046320796013,2850,11216,19825,0,0.6690566817149096,0.20261623773638562,1.0,0.36132856544570086,0.6386714345542992
19825,YKL006C-A YBR142W,0.0,NA,0.01152785588055849,2850,11215,19826,0,0.6690861880735298,0.20263064344116602,1.0,0.36129634998872456,0.6387036500112754
19826,YJL006C YML045W,0.0,NA,0.011531953699886799,2850,11214,19827,0,0.6691156944321501,0.20264505119453924,1.0,0.3612641345317483,0.6387358654682517
19827,YNL132W YGL077C,0.0,NA,0.011547047644853592,2850,11213,19828,0,0.6691452007907704,0.20265946099694232,1.0,0.3612319190747721,0.638768080925228
19828,YNL002C YDR311W,0.0,NA,0.011552371084690094,2850,11212,19829,0,0.6691747071493906,0.20267387284881241,1.0,0.3611997036177958,0.6388002963822041
19829,YBR201W YPL046C,0.0,NA,0.01156165823340416,2850,11211,19830,0,0.669204213508011,0.20268828675058673,1.0,0.36116748816081956,0.6388325118391804
19830,YPL092W YPL115C,0.0,NA,0.011563096195459366,2850,11210,19831,0,0.6692337198666313,0.20270270270270271,1.0,0.3611352727038433,0.6388647272961567
19831,ALD1 YDR182W,0.0,NA,0.01156790554523468,2850,11209,19832,0,0.6692632262252516,0.20271712070559783,1.0,0.36110305724686703,0.6388969427531329
19832,YLR466W YGL248W,0.0,NA,0.011569425463676453,2850,11208,19833,0,0.6692927325838718,0.20273154075970978,1.0,0.3610708417898908,0.6389291582101092
19833,YLR078C YML047C,0.0,NA,0.011576554737985134,2850,11207,19834,0,0.6693222389424921,0.20274596286547628,1.0,0.36103862633291456,0.6389613736670855
19834,YHR152W YNR072W,0.0,NA,0.011589483357965946,2850,11206,19835,0,0.6693517453011124,0.20276038702333524,1.0,0.36100641087593827,0.6389935891240617
19835,YPR158W-B YNL264C,0.0,NA,0.011600827798247337,2850,11205,19836,0,0.6693812516597327,0.20277481323372465,1.0,0.36097419541896203,0.639025804581038
19836,YOR028C YDL103C,0.0,NA,0.011603747494518757,2850,11204,19837,0,0.6694107580183529,0.2027892414970827,1.0,0.36094197996198574,0.6390580200380143
19837,YIL134W YDR182W,0.0,NA,0.011606389656662941,2850,11203,19838,0,0.6694402643769732,0.20280367181384756,1.0,0.3609097645050095,0.6390902354949904
19838,YOL102C tQ(UUG)C,0.0,NA,0.01160761434584856,2850,11202,19839,0,0.6694697707355936,0.20281810418445773,1.0,0.36087754904803326,0.6391224509519667
19839,YMR100W snR65,0.0,NA,0.011608714237809181,2850,11201,19840,0,0.6694992770942138,0.20283253860935166,1.0,0.36084533359105697,0.639154666408943
19840,YLR128W YDR500C,0.0,NA,0.01162093784660101,2850,11200,19841,0,0.6695287834528341,0.20284697508896798,1.0,0.36081311813408073,0.6391868818659193
19841,YLR078C YGL144C,0.0,NA,0.011631776578724384,2850,11199,19842,0,0.6695582898114544,0.20286141362374546,1.0,0.3607809026771045,0.6392190973228955
19842,YOR213C YLR146C,0.0,NA,0.011633102782070637,2850,11198,19843,0,0.6695877961700747,0.20287585421412302,1.0,0.3607486872201282,0.6392513127798718
19843,YDL171C YEL027W,0.0,NA,0.011644545011222363,2850,11197,19844,0,0.6696173025286949,0.2028902968605396,1.0,0.36071647176315197,0.6392835282368481
19844,YDR331W YHL039W,0.0,NA,0.011645768769085407,2850,11196,19845,0,0.6696468088873152,0.20290474156343444,1.0,0.3606842563061757,0.6393157436938243
19845,YDR003W snR43,0.0,NA,0.011645955964922905,2850,11195,19846,0,0.6696763152459355,0.2029191883232467,1.0,0.36065204084919944,0.6393479591508006
19846,YDR244W YIL150C,0.0,NA,0.011647305451333523,2850,11194,19847,0,0.6697058216045558,0.20293363714041585,1.0,0.3606198253922232,0.6393801746077769
19847,YKR085C YMR072W,0.0,NA,0.011650342494249344,2850,11193,19848,0,0.669735327963176,0.20294808801538133,1.0,0.3605876099352469,0.639412390064753
19848,YIL111W YER073W,0.0,NA,0.011668040417134762,2850,11192,19849,0,0.6697648343217963,0.20296254094858282,1.0,0.3605553944782707,0.6394446055217293
19849,YDR483W YGL044C,0.0,NA,0.011668282561004162,2850,11191,19850,0,0.6697943406804167,0.2029769959404601,1.0,0.36052317902129444,0.6394768209787056
19850,YMR091C YOR099W,0.0,NA,0.011671637184917927,2850,11190,19851,0,0.6698238470390369,0.202991452991453,1.0,0.36049096356431815,0.6395090364356818
19851,YBL069W YKL143W,0.0,NA,0.011672665365040302,2850,11189,19852,0,0.6698533533976572,0.20300591210200156,1.0,0.3604587481073419,0.6395412518926581
19852,snR43 YPR046W,0.0,NA,0.011675323359668255,2850,11188,19853,0,0.6698828597562775,0.20302037327254593,1.0,0.36042653265036567,0.6395734673496344
19853,tA(AGC)K1 YNL062C,0.0,NA,0.011681079864501953,2850,11187,19854,0,0.6699123661148978,0.20303483650352638,1.0,0.3603943171933894,0.6396056828066106
19854,YKL018W YAL021C,0.0,NA,0.011686739511787891,2850,11186,19855,0,0.669941872473518,0.2030493017953833,1.0,0.36036210173641314,0.6396378982635869
19855,YJR041C YOL122C,0.0,NA,0.011688987724483013,2850,11185,19856,0,0.6699713788321383,0.20306376914855717,1.0,0.36032988627943685,0.6396701137205631
19856,YML014W YLR347C,0.0,NA,0.011698367074131966,2850,11184,19857,0,0.6700008851907586,0.20307823856348867,1.0,0.3602976708224606,0.6397023291775393
19857,tE(UUC)B YNL103W,0.0,NA,0.01170918345451355,2850,11183,19858,0,0.6700303915493789,0.20309271004061855,1.0,0.3602654553654844,0.6397345446345156
19858,tS(AGA)M YKL067W,0.0,NA,0.011712498962879181,2850,11182,19859,0,0.6700598979079991,0.20310718358038768,1.0,0.3602332399085081,0.6397667600914919
19859,YLR215C YHR113W,0.0,NA,0.01173024158924818,2850,11181,19860,0,0.6700894042666194,0.20312165918323713,1.0,0.36020102445153185,0.6397989755484682
19860,YKR069W YCR091W,0.0,NA,0.011735361069440842,2850,11180,19861,0,0.6701189106252398,0.203136136849608,1.0,0.3601688089945556,0.6398311910054444
19861,YLL017W YBR040W,0.0,NA,0.011735626496374607,2850,11179,19862,0,0.6701484169838601,0.20315061657994155,1.0,0.3601365935375793,0.6398634064624207
19862,tS(AGA)M YPR060C,0.0,NA,0.011735936626791954,2850,11178,19863,0,0.6701779233424803,0.20316509837467922,1.0,0.3601043780806031,0.639895621919397
19863,snR35 YGL054C,0.0,NA,0.011739426292479038,2850,11177,19864,0,0.6702074297011006,0.2031795822342625,1.0,0.3600721626236268,0.6399278373763732
19864,YFR010W YPR139C,0.0,NA,0.011741019785404205,2850,11176,19865,0,0.6702369360597209,0.20319406815913305,1.0,0.36003994716665055,0.6399600528333494
19865,YHR178W YKL188C,0.0,NA,0.011769481934607029,2850,11175,19866,0,0.6702664424183411,0.20320855614973263,1.0,0.3600077317096743,0.6399922682903257
19866,YBR029C YDR411C,0.0,NA,0.011774474754929543,2850,11174,19867,0,0.6702959487769614,0.20322304620650314,1.0,0.359975516252698,0.6400244837473019
19867,YGR002C YGR096W,0.0,NA,0.011775529012084007,2850,11173,19868,0,0.6703254551355817,0.2032375383298866,1.0,0.3599433007957218,0.6400566992042782
19868,YOR016C YMR062C,0.0,NA,0.011778763495385647,2850,11172,19869,0,0.670354961494202,0.2032520325203252,1.0,0.35991108533874555,0.6400889146612545
19869,YCR028C YEL027W,0.0,NA,0.011781778186559677,2850,11171,19870,0,0.6703844678528222,0.20326652877826118,1.0,0.35987886988176926,0.6401211301182307
19870,tP(AGG)N YDL224C,0.0,NA,0.01178304385393858,2850,11170,19871,0,0.6704139742114426,0.20328102710413695,1.0,0.359846654424793,0.640153345575207
19871,YBR293W tL(GAG)G,0.0,NA,0.011783137917518616,2850,11169,19872,0,0.6704434805700629,0.20329552749839502,1.0,0.3598144389678168,0.6401855610321833
19872,YJR140C YHR113W,0.0,NA,0.011788420379161835,2850,11168,19873,0,0.6704729869286832,0.2033100299614781,1.0,0.3597822235108405,0.6402177764891595
19873,tG(GCC)J2 YBR021W,0.0,NA,0.011789258569478989,2850,11167,19874,0,0.6705024932873034,0.20332453449382892,1.0,0.35975000805386426,0.6402499919461357
19874,YLR017W YGL243W,0.0,NA,0.011790837161242962,2850,11166,19875,0,0.6705319996459237,0.2033390410958904,1.0,0.35971779259688796,0.640282207403112
19875,YPL242C YGR038C-B,0.0,NA,0.011803138069808483,2850,11165,19876,0,0.670561506004544,0.2033535497681056,1.0,0.3596855771399117,0.6403144228600882
19876,YMR088C YBR107C,0.0,NA,0.011804629117250443,2850,11164,19877,0,0.6705910123631642,0.20336806051091766,1.0,0.3596533616829355,0.6403466383170645
19877,YOR136W YOR058C,0.0,NA,0.011805418878793716,2850,11163,19878,0,0.6706205187217845,0.20338257332476986,1.0,0.3596211462259592,0.6403788537740408
19878,YPL029W YML063W,0.0,NA,0.01181087177246809,2850,11162,19879,0,0.6706500250804048,0.20339708821010563,1.0,0.35958893076898296,0.6404110692310171
19879,YER042W tG(GCC)C,0.0,NA,0.011818348430097103,2850,11161,19880,0,0.6706795314390251,0.2034116051673685,1.0,0.3595567153120067,0.6404432846879933
19880,YPL167C YMR143W,0.0,NA,0.011822063475847244,2850,11160,19881,0,0.6707090377976453,0.20342612419700215,1.0,0.35952449985503043,0.6404755001449696
19881,YFL011W YFL002W-A,0.0,NA,0.011823990382254124,2850,11159,19882,0,0.6707385441562657,0.20344064529945036,1.0,0.3594922843980542,0.6405077156019459
19882,YBR076W YEL003W,0.0,NA,0.011824531480669975,2850,11158,19883,0,0.670768050514886,0.20345516847515704,1.0,0.3594600689410779,0.640539931058922
19883,YPR009W YOR290C,0.0,NA,0.011833321303129196,2850,11157,19884,0,0.6707975568735063,0.20346969372456628,1.0,0.35942785348410167,0.6405721465158983
19884,YJR063W tH(GUG)K,0.0,NA,0.011835088953375816,2850,11156,19885,0,0.6708270632321265,0.20348422104812222,1.0,0.35939563802712543,0.6406043619728746
19885,YJR152W YGL194C,0.0,NA,0.011845710687339306,2850,11155,19886,0,0.6708565695907468,0.2034987504462692,1.0,0.35936342257014914,0.6406365774298508
19886,snR53 YKR086W,0.0,NA,0.011861596256494522,2850,11154,19887,0,0.6708860759493671,0.2035132819194516,1.0,0.3593312071131729,0.6406687928868271
19887,YML046W YNL299W,0.0,NA,0.011864000000059605,2850,11153,19888,0,0.6709155823079874,0.20352781546811397,1.0,0.35929899165619666,0.6407010083438034
19888,YJL108C YOR069W,0.0,NA,0.011873394250869751,2850,11152,19889,0,0.6709450886666076,0.20354235109270105,1.0,0.3592667761992204,0.6407332238007796
19889,YML065W YOR030W,0.0,NA,0.011873775161802769,2850,11151,19890,0,0.6709745950252279,0.2035568887936576,1.0,0.35923456074224414,0.6407654392577559
19890,YBR145W YPL257W-A,0.0,NA,0.01187389250844717,2850,11150,19891,0,0.6710041013838483,0.20357142857142857,1.0,0.3592023452852679,0.6407976547147322
19891,tE(UUC)C YKR031C,0.0,NA,0.011891388334333897,2850,11149,19892,0,0.6710336077424685,0.20358597042645904,1.0,0.3591701298282916,0.6408298701717083
19892,YAL015C YKR002W,0.0,NA,0.011893898248672485,2850,11148,19893,0,0.6710631141010888,0.20360051435919416,1.0,0.35913791437131537,0.6408620856286846
19893,YJL012C YHR167W,0.0,NA,0.011895641684532166,2850,11147,19894,0,0.6710926204597091,0.20361506037007931,1.0,0.3591056989143391,0.6408943010856609
19894,MAL23 YDR346C,0.0,NA,0.011895747855305672,2850,11146,19895,0,0.6711221268183294,0.20362960845955988,1.0,0.35907348345736284,0.6409265165426371
19895,tC(GCA)P1 YGR172C,0.0,NA,0.011907552368938923,2850,11145,19896,0,0.6711516331769496,0.20364415862808147,1.0,0.3590412680003866,0.6409587319996134
19896,YHL043W YOR061W,0.0,NA,0.0119215352460742,2850,11144,19897,0,0.6711811395355699,0.20365871087608975,1.0,0.3590090525434103,0.6409909474565897
19897,YBL055C YJL156C,0.0,NA,0.011932026594877243,2850,11143,19898,0,0.6712106458941902,0.2036732652040306,1.0,0.3589768370864341,0.641023162913566
19898,YLR399C YER052C,0.0,NA,0.011941272765398026,2850,11142,19899,0,0.6712401522528105,0.2036878216123499,1.0,0.35894462162945784,0.6410553783705422
19899,YCR031C YPL232W,0.0,NA,0.011945932172238827,2850,11141,19900,0,0.6712696586114307,0.20370238010149383,1.0,0.35891240617248155,0.6410875938275185
19900,YDR210W-B YBR030W,0.0,NA,0.011951904743909836,2850,11140,19901,0,0.671299164970051,0.20371694067190851,1.0,0.3588801907155053,0.6411198092844947
19901,YLR210W YCR057C,0.0,NA,0.011953914538025856,2850,11139,19902,0,0.6713286713286714,0.20373150332404033,1.0,0.358847975258529,0.6411520247414709
19902,YML092C YER110C,0.0,NA,0.011958128772675991,2850,11138,19903,0,0.6713581776872916,0.20374606805833573,1.0,0.3588157598015528,0.6411842401984472
19903,tL(GAG)G YPL200W,0.0,NA,0.011960066854953766,2850,11137,19904,0,0.6713876840459119,0.2037606348752413,1.0,0.35878354434457654,0.6412164556554235
19904,YCL011C YJR012C,0.0,NA,0.01196869183331728,2850,11136,19905,0,0.6714171904045322,0.20377520377520378,1.0,0.35875132888760025,0.6412486711123997
19905,YNL293W YHR042W,0.0,NA,0.011971235275268555,2850,11135,19906,0,0.6714466967631525,0.20378977475867,1.0,0.358719113430624,0.641280886569376
19906,Q0110 YBR050C,0.0,NA,0.011975442990660667,2850,11134,19907,0,0.6714762031217727,0.20380434782608695,1.0,0.3586868979736478,0.6413131020263523
19907,YML039W YPR188C,0.0,NA,0.01197650283575058,2850,11133,19908,0,0.671505709480393,0.20381892297790175,1.0,0.3586546825166715,0.6413453174833285
19908,YBR109C YDL193W,0.0,NA,0.011991776525974274,2850,11132,19909,0,0.6715352158390133,0.2038335002145616,1.0,0.35862246705969525,0.6413775329403048
19909,YFL011W YKL006C-A,0.0,NA,0.011992831714451313,2850,11131,19910,0,0.6715647221976336,0.20384807953651385,1.0,0.35859025160271896,0.641409748397281
19910,YKL046C YGL223C,0.0,NA,0.011997217312455177,2850,11130,19911,0,0.6715942285562538,0.20386266094420602,1.0,0.3585580361457427,0.6414419638542572
19911,YGL100W YLR258W,0.0,NA,0.011997409164905548,2850,11129,19912,0,0.6716237349148741,0.2038772444380857,1.0,0.3585258206887665,0.6414741793112335
19912,YHR058C YDR075W,0.0,NA,0.011997517198324203,2850,11128,19913,0,0.6716532412734945,0.20389183001860064,1.0,0.3584936052317902,0.6415063947682098
19913,YDR364C YBR077C,0.0,NA,0.012001671828329563,2850,11127,19914,0,0.6716827476321148,0.20390641768619874,1.0,0.35846138977481395,0.641538610225186
19914,YJL048C YFL045C,0.0,NA,0.012004997581243515,2850,11126,19915,0,0.671712253990735,0.203921007441328,1.0,0.3584291743178377,0.6415708256821623
19915,YHL015W YOR007C,0.0,NA,0.012020702473819256,2850,11125,19916,0,0.6717417603493553,0.2039355992844365,1.0,0.3583969588608614,0.6416030411391386
19916,YHR103W YGR277C,0.0,NA,0.01202164776623249,2850,11124,19917,0,0.6717712667079756,0.20395019321597252,1.0,0.3583647434038852,0.6416352565961149
19917,YML035C YPR158C-D,0.0,NA,0.012033099308609962,2850,11123,19918,0,0.6718007730665958,0.20396478923638445,1.0,0.35833252794690895,0.641667472053091
19918,YKL080W tG(CCC)D,0.0,NA,0.012033841572701931,2850,11122,19919,0,0.6718302794252161,0.2039793873461208,1.0,0.35830031248993266,0.6416996875100673
19919,YFR010W YPR079W,0.0,NA,0.012033995240926743,2850,11121,19920,0,0.6718597857838364,0.20399398754563022,1.0,0.3582680970329564,0.6417319029670436
19920,YER161C YOR008C-A,0.0,NA,0.012038967572152615,2850,11120,19921,0,0.6718892921424567,0.2040085898353615,1.0,0.35823588157598013,0.6417641184240198
19921,YOR255W tH(GUG)K,0.0,NA,0.012039841152727604,2850,11119,19922,0,0.6719187985010769,0.20402319421576348,1.0,0.3582036661190039,0.6417963338809961
19922,YPL111W YOL025W,0.0,NA,0.01204346027225256,2850,11118,19923,0,0.6719483048596973,0.20403780068728522,1.0,0.35817145066202766,0.6418285493379724
19923,YLR421C YML076C,0.0,NA,0.012052217498421669,2850,11117,19924,0,0.6719778112183176,0.20405240925037588,1.0,0.35813923520505136,0.6418607647949486
19924,YBR162C snR9,0.0,NA,0.012053245678544044,2850,11116,19925,0,0.6720073175769379,0.20406701990548476,1.0,0.35810701974807513,0.6418929802519249
19925,snR74 YJR094W-A,0.0,NA,0.012059584259986877,2850,11115,19926,0,0.6720368239355581,0.20408163265306123,1.0,0.3580748042910989,0.6419251957089012
19926,YEL018W YDL118W,0.0,NA,0.012060964480042458,2850,11114,19927,0,0.6720663302941784,0.20409624749355484,1.0,0.3580425888341226,0.6419574111658773
19927,YDR110W YGR161W-B,0.0,NA,0.012072555720806122,2850,11113,19928,0,0.6720958366527987,0.2041108644274153,1.0,0.35801037337714636,0.6419896266228536
19928,YOL101C YCL018W,0.0,NA,0.012087260372936726,2850,11112,19929,0,0.6721253430114189,0.2041254834550924,1.0,0.35797815792017007,0.6420218420798299
19929,YBR058C YIL083C,0.0,NA,0.012087760493159294,2850,11111,19930,0,0.6721548493700392,0.20414010457703602,1.0,0.35794594246319383,0.6420540575368061
19930,YJR123W YGR197C,0.0,NA,0.012092288583517075,2850,11110,19931,0,0.6721843557286595,0.20415472779369628,1.0,0.3579137270062176,0.6420862729937824
19931,YNL091W YGR010W,0.0,NA,0.012094641104340553,2850,11109,19932,0,0.6722138620872798,0.2041693531055233,1.0,0.3578815115492413,0.6421184884507587
19932,tA(AGC)K2 YFL037W,0.0,NA,0.01209763903170824,2850,11108,19933,0,0.6722433684459,0.20418398051296746,1.0,0.35784929609226507,0.6421507039077349
19933,YLR066W YIL120W,0.0,NA,0.012097679078578949,2850,11107,19934,0,0.6722728748045204,0.20419861001647918,1.0,0.35781708063528883,0.6421829193647112
19934,YMR232W tR(UCU)M2,0.0,NA,0.012102135457098484,2850,11106,19935,0,0.6723023811631407,0.20421324161650903,1.0,0.35778486517831254,0.6422151348216875
19935,tH(GUG)E1 YLR044C,0.0,NA,0.012109583243727684,2850,11105,19936,0,0.672331887521761,0.2042278753135077,1.0,0.3577526497213363,0.6422473502786638
19936,YGR129W YJR010W,0.0,NA,0.01211466733366251,2850,11104,19937,0,0.6723613938803812,0.20424251110792604,1.0,0.35772043426436007,0.6422795657356399
19937,YGR178C YGL017W,0.0,NA,0.012127799913287163,2850,11103,19938,0,0.6723909002390015,0.204257149000215,1.0,0.3576882188073838,0.6423117811926162
19938,tR(ACG)L YDR227W,0.0,NA,0.012128587812185287,2850,11102,19939,0,0.6724204065976218,0.20427178899082568,1.0,0.35765600335040754,0.6423439966495925
19939,YOR127W YJR143C,0.0,NA,0.012130415998399258,2850,11101,19940,0,0.6724499129562421,0.2042864310802093,1.0,0.35762378789343124,0.6423762121065687
19940,YEL071W YDR316W-B,0.0,NA,0.012138732708990574,2850,11100,19941,0,0.6724794193148623,0.20430107526881722,1.0,0.357591572436455,0.642408427563545
19941,YBL009W YPR055W,0.0,NA,0.012145940214395523,2850,11099,19942,0,0.6725089256734826,0.20431572155710087,1.0,0.35755935697947877,0.6424406430205213
19942,YOR320C YER167W,0.0,NA,0.01215511467307806,2850,11098,19943,0,0.672538432032103,0.2043303699455119,1.0,0.3575271415225025,0.6424728584774975
19943,YJL204C YGR074W,0.0,NA,0.01216711476445198,2850,11097,19944,0,0.6725679383907232,0.20434502043450203,1.0,0.35749492606552624,0.6425050739344738
19944,snR63 YDL002C,0.0,NA,0.012172194197773933,2850,11096,19945,0,0.6725974447493435,0.20435967302452315,1.0,0.35746271060855,0.64253728939145
19945,YMR070W YLR313C,0.0,NA,0.012173231691122055,2850,11095,19946,0,0.6726269511079638,0.20437432771602726,1.0,0.3574304951515737,0.6425695048484262
19946,YJR050W YMR125W,0.0,NA,0.012180115096271038,2850,11094,19947,0,0.6726564574665841,0.20438898450946644,1.0,0.3573982796945975,0.6426017203054025
19947,YLR121C YER174C,0.0,NA,0.012188143096864223,2850,11093,19948,0,0.6726859638252043,0.204403643405293,1.0,0.3573660642376212,0.6426339357623788
19948,YOR354C tG(GCC)C,0.0,NA,0.012188264168798923,2850,11092,19949,0,0.6727154701838246,0.20441830440395925,1.0,0.35733384878064495,0.642666151219355
19949,YDR365W-A YLR141W,0.0,NA,0.01219148002564907,2850,11091,19950,0,0.6727449765424449,0.2044329675059178,1.0,0.3573016333236687,0.6426983666763313
19950,YAR009C YOR339C,0.0,NA,0.01220060233026743,2850,11090,19951,0,0.6727744829010652,0.20444763271162122,1.0,0.3572694178666924,0.6427305821333076
19951,YMR301C YML038C,0.0,NA,0.012212256900966167,2850,11089,19952,0,0.6728039892596854,0.20446230002152235,1.0,0.3572372024097162,0.6427627975902838
19952,YHR028C YNL222W,0.0,NA,0.012215022929012775,2850,11088,19953,0,0.6728334956183057,0.20447696943607405,1.0,0.35720498695273994,0.64279501304726
19953,tG(GCC)P2 YHR073W,0.0,NA,0.012222465127706528,2850,11087,19954,0,0.6728630019769261,0.20449164095572936,1.0,0.35717277149576365,0.6428272285042363
19954,YNR050C YBR106W,0.0,NA,0.012227900326251984,2850,11086,19955,0,0.6728925083355463,0.20450631458094146,1.0,0.3571405560387874,0.6428594439612126
19955,tA(UGC)A YOR303W,0.0,NA,0.012228298000991344,2850,11085,19956,0,0.6729220146941666,0.20452099031216361,1.0,0.3571083405818112,0.6428916594181888
19956,YDR078C YMR092C,0.0,NA,0.012229162268340588,2850,11084,19957,0,0.6729515210527869,0.20453566814984928,1.0,0.3570761251248349,0.6429238748751651
19957,YBL008W YJR126C,0.0,NA,0.012231137603521347,2850,11083,19958,0,0.6729810274114072,0.20455034809445202,1.0,0.35704390966785865,0.6429560903321414
19958,YPR176C YOL093W,0.0,NA,0.012235770933330059,2850,11082,19959,0,0.6730105337700274,0.2045650301464255,1.0,0.35701169421088236,0.6429883057891176
19959,YER009W YOR069W,0.0,NA,0.012236380949616432,2850,11081,19960,0,0.6730400401286477,0.20457971430622354,1.0,0.3569794787539061,0.6430205212460939
19960,YOR109W YHR101C,0.0,NA,0.012242520228028297,2850,11080,19961,0,0.673069546487268,0.20459440057430006,1.0,0.3569472632969299,0.6430527367030702
19961,YHR092C YAR031W,0.0,NA,0.012250716798007488,2850,11079,19962,0,0.6730990528458883,0.20460908895110919,1.0,0.3569150478399536,0.6430849521600464
19962,YNL041C Q0115,0.0,NA,0.01225267443805933,2850,11078,19963,0,0.6731285592045085,0.2046237794371051,1.0,0.35688283238297736,0.6431171676170226
19963,YFL017C YML012W,0.0,NA,0.012252985499799252,2850,11077,19964,0,0.6731580655631288,0.20463847203274216,1.0,0.3568506169260011,0.6431493830739989
19964,YKL049C YBR275C,0.0,NA,0.012275715358555317,2850,11076,19965,0,0.6731875719217492,0.2046531667384748,1.0,0.3568184014690248,0.6431815985309751
19965,YLR128W YBR111W-A,0.0,NA,0.012278703972697258,2850,11075,19966,0,0.6732170782803695,0.20466786355475763,1.0,0.3567861860120486,0.6432138139879514
19966,tQ(UUG)C YGL215W,0.0,NA,0.012279149144887924,2850,11074,19967,0,0.6732465846389897,0.2046825624820454,1.0,0.3567539705550723,0.6432460294449277
19967,YBR077C YBR229C,0.0,NA,0.012288731522858143,2850,11073,19968,0,0.67327609099761,0.20469726352079293,1.0,0.35672175509809606,0.6432782449019039
19968,tA(AGC)P YDR471W,0.0,NA,0.012309369631111622,2850,11072,19969,0,0.6733055973562303,0.20471196667145525,1.0,0.3566895396411198,0.6433104603588802
19969,tS(AGA)M YDR259C,0.0,NA,0.012312982231378555,2850,11071,19970,0,0.6733351037148505,0.20472667193448746,1.0,0.35665732418414353,0.6433426758158565
19970,YBR231C YOL143C,0.0,NA,0.012317261658608913,2850,11070,19971,0,0.6733646100734708,0.20474137931034483,1.0,0.3566251087271673,0.6433748912728326
19971,YOL040C YDR050C,0.0,NA,0.012324938550591469,2850,11069,19972,0,0.6733941164320911,0.20475608879948273,1.0,0.35659289327019106,0.6434071067298089
19972,YGR268C YJR143C,0.0,NA,0.01232540886849165,2850,11068,19973,0,0.6734236227907114,0.20477080040235665,1.0,0.35656067781321477,0.6434393221867852
19973,YAL011W tS(AGA)D2,0.0,NA,0.012333380989730358,2850,11067,19974,0,0.6734531291493316,0.20478551411942228,1.0,0.35652846235623853,0.6434715376437615
19974,YNL128W YFR002W,0.0,NA,0.012343079783022404,2850,11066,19975,0,0.673482635507952,0.2048002299511354,1.0,0.3564962468992623,0.6435037531007377
19975,tA(AGC)M1 YGR157W,0.0,NA,0.012349365279078484,2850,11065,19976,0,0.6735121418665723,0.20481494789795185,1.0,0.356464031442286,0.643535968557714
19976,YPL252C YKL172W,0.0,NA,0.012354234233498573,2850,11064,19977,0,0.6735416482251926,0.20482966796032773,1.0,0.35643181598530976,0.6435681840146903
19977,YBR278W YHR079C-A,0.0,NA,0.012359890155494213,2850,11063,19978,0,0.6735711545838128,0.2048443901387192,1.0,0.35639960052833347,0.6436003994716665
19978,YJL020C snR53,0.0,NA,0.012365270406007767,2850,11062,19979,0,0.6736006609424331,0.2048591144335825,1.0,0.35636738507135723,0.6436326149286428
19979,YER164W YLR318W,0.0,NA,0.012381271459162235,2850,11061,19980,0,0.6736301673010534,0.20487384084537416,1.0,0.356335169614381,0.6436648303856191
19980,YER022W YJR076C,0.0,NA,0.012385464273393154,2850,11060,19981,0,0.6736596736596736,0.2048885693745507,1.0,0.3563029541574047,0.6436970458425952
19981,YBL074C tQ(UUG)E1,0.0,NA,0.012389367446303368,2850,11059,19982,0,0.6736891800182939,0.20490330002156876,1.0,0.35627073870042847,0.6437292612995715
19982,YOR202W YNL255C,0.0,NA,0.012391163967549801,2850,11058,19983,0,0.6737186863769142,0.20491803278688525,1.0,0.35623852324345223,0.6437614767565478
19983,YBR254C YOR096W,0.0,NA,0.012391455471515656,2850,11057,19984,0,0.6737481927355345,0.20493276767095708,1.0,0.35620630778647594,0.643793692213524
19984,YPL115C snR58,0.0,NA,0.012408360838890076,2850,11056,19985,0,0.6737776990941547,0.20494750467424133,1.0,0.3561740923294997,0.6438259076705003
19985,YOR322C YGR024C,0.0,NA,0.01242146361619234,2850,11055,19986,0,0.6738072054527751,0.20496224379719524,1.0,0.3561418768725234,0.6438581231274766
19986,YER042W tR(UCU)M1,0.0,NA,0.012423112988471985,2850,11054,19987,0,0.6738367118113954,0.20497698504027617,1.0,0.3561096614155472,0.6438903385844528
19987,YGL115W YDL038C,0.0,NA,0.012424375861883163,2850,11053,19988,0,0.6738662181700157,0.2049917284039416,1.0,0.35607744595857094,0.6439225540414291
19988,YLR205C YAL009W,0.0,NA,0.012430327944457531,2850,11052,19989,0,0.6738957245286359,0.20500647388864912,1.0,0.35604523050159465,0.6439547694984054
19989,YOR030W YOR196C,0.0,NA,0.012439186684787273,2850,11051,19990,0,0.6739252308872562,0.2050212214948565,1.0,0.3560130150446184,0.6439869849553816
19990,YDR086C tS(UGA)P,0.0,NA,0.012441623955965042,2850,11050,19991,0,0.6739547372458765,0.20503597122302158,1.0,0.35598079958764217,0.6440192004123578
19991,YIL046W YBR008C,0.0,NA,0.012448140420019627,2850,11049,19992,0,0.6739842436044968,0.20505072307360242,1.0,0.3559485841306659,0.6440514158693341
19992,YML039W YLR033W,0.0,NA,0.012449730187654495,2850,11048,19993,0,0.674013749963117,0.20506547704705713,1.0,0.35591636867368964,0.6440836313263104
19993,tR(ACG)L YBR154C,0.0,NA,0.012460281141102314,2850,11047,19994,0,0.6740432563217373,0.205080233143844,1.0,0.3558841532167134,0.6441158467832866
19994,snR54 YGL077C,0.0,NA,0.012471897527575493,2850,11046,19995,0,0.6740727626803577,0.20509499136442141,1.0,0.3558519377597371,0.6441480622402629
19995,YPL252C YJL109C,0.0,NA,0.012473690323531628,2850,11045,19996,0,0.6741022690389779,0.20510975170924792,1.0,0.3558197223027609,0.6441802776972392
19996,YMR112C YDR382W,0.0,NA,0.012475075200200081,2850,11044,19997,0,0.6741317753975982,0.20512451417878222,1.0,0.3557875068457846,0.6442124931542154
19997,YDR104C YOL091W,0.0,NA,0.012475904077291489,2850,11043,19998,0,0.6741612817562185,0.20513927877348304,1.0,0.35575529138880835,0.6442447086111917
19998,YHR008C YJL121C,0.0,NA,0.012481950223445892,2850,11042,19999,0,0.6741907881148388,0.2051540454938094,1.0,0.3557230759318321,0.6442769240681679
19999,YPR111W tM(CAU)J1,0.0,NA,0.012485654093325138,2850,11041,20000,0,0.674220294473459,0.20516881434022027,1.0,0.3556908604748558,0.6443091395251441
20000,YDR288W YHR113W,0.0,NA,0.012487782165408134,2850,11040,20001,0,0.6742498008320793,0.20518358531317496,1.0,0.3556586450178796,0.6443413549821204
20001,YCL020W YER087C-B,0.0,NA,0.01249396987259388,2850,11039,20002,0,0.6742793071906996,0.2051983584131327,1.0,0.35562642956090335,0.6443735704390967
20002,YDR017C YIR026C,0.0,NA,0.012505494058132172,2850,11038,20003,0,0.6743088135493199,0.205213133640553,1.0,0.35559421410392705,0.6444057858960729
20003,YDL174C YLR240W,0.0,NA,0.012507813982665539,2850,11037,20004,0,0.6743383199079401,0.20522791099589544,1.0,0.3555619986469508,0.6444380013530492
20004,YGL021W YGL216W,0.0,NA,0.012517801485955715,2850,11036,20005,0,0.6743678262665604,0.20524269047961977,1.0,0.3555297831899745,0.6444702168100255
20005,YJR141W YMR081C,0.0,NA,0.012522989884018898,2850,11035,20006,0,0.6743973326251808,0.2052574720921858,1.0,0.3554975677329983,0.6445024322670017
20006,snR65 tS(AGA)B,0.0,NA,0.012526493519544601,2850,11034,20007,0,0.674426838983801,0.2052722558340536,1.0,0.35546535227602205,0.644534647723978
20007,YBR119W YJR050W,0.0,NA,0.012527537532150745,2850,11033,20008,0,0.6744563453424213,0.2052870417056832,1.0,0.35543313681904576,0.6445668631809542
20008,tA(AGC)M1 YML128C,0.0,NA,0.012527902610599995,2850,11032,20009,0,0.6744858517010416,0.20530182970753494,1.0,0.3554009213620695,0.6445990786379305
20009,YHR052W YDL079C,0.0,NA,0.012530846521258354,2850,11031,20010,0,0.6745153580596619,0.20531661984006916,1.0,0.3553687059050933,0.6446312940949067
20010,YFR032C-A YOR078W,0.0,NA,0.01253203209489584,2850,11030,20011,0,0.6745448644182821,0.2053314121037464,1.0,0.355336490448117,0.644663509551883
20011,YPL060C-A YIL115C,0.0,NA,0.012535744346678257,2850,11029,20012,0,0.6745743707769024,0.2053462064990273,1.0,0.35530427499114076,0.6446957250088593
20012,YIR030C YOR159C,0.0,NA,0.012538276612758636,2850,11028,20013,0,0.6746038771355227,0.20536100302637267,1.0,0.3552720595341645,0.6447279404658355
20013,YHR001W YER043C,0.0,NA,0.012538784183561802,2850,11027,20014,0,0.674633383494143,0.20537580168624342,1.0,0.3552398440771882,0.6447601559228118
20014,YPL124W YGR056W,0.0,NA,0.012544229626655579,2850,11026,20015,0,0.6746628898527632,0.2053906024791006,1.0,0.355207628620212,0.6447923713797881
20015,YNL167C tR(CCG)L,0.0,NA,0.012553535401821136,2850,11025,20016,0,0.6746923962113835,0.20540540540540542,1.0,0.3551754131632357,0.6448245868367642
20016,YIL149C YOR250C,0.0,NA,0.012553837150335312,2850,11024,20017,0,0.6747219025700039,0.20542021046561915,1.0,0.35514319770625946,0.6448568022937405
20017,YOL005C tG(GCC)D2,0.0,NA,0.012555167078971863,2850,11023,20018,0,0.6747514089286241,0.20543501766020328,1.0,0.3551109822492832,0.6448890177507168
20018,YDR096W snR65,0.0,NA,0.012557596899569035,2850,11022,20019,0,0.6747809152872444,0.2054498269896194,1.0,0.35507876679230693,0.644921233207693
20019,YDR422C YGL190C,0.0,NA,0.01257636584341526,2850,11021,20020,0,0.6748104216458647,0.20546463845432916,1.0,0.3550465513353307,0.6449534486646693
20020,YOR321W YHR026W,0.0,NA,0.012584368698298931,2850,11020,20021,0,0.674839928004485,0.2054794520547945,1.0,0.35501433587835446,0.6449856641216456
20021,snR19 YOL061W,0.0,NA,0.012584392912685871,2850,11019,20022,0,0.6748694343631052,0.2054942677914774,1.0,0.35498212042137817,0.6450178795786218
20022,YIL010W YJR095W,0.0,NA,0.01258705835789442,2850,11018,20023,0,0.6748989407217255,0.2055090856648399,1.0,0.35494990496440193,0.6450500950355981
20023,YOL051W YML021C,0.0,NA,0.012589102610945702,2850,11017,20024,0,0.6749284470803458,0.20552390567534434,1.0,0.35491768950742564,0.6450823104925744
20024,YHR087W tS(AGA)B,0.0,NA,0.012605782598257065,2850,11016,20025,0,0.6749579534389661,0.20553872782345306,1.0,0.3548854740504494,0.6451145259495505
20025,YNL099C YPL249C-A,0.0,NA,0.012610661797225475,2850,11015,20026,0,0.6749874597975863,0.20555355210962856,1.0,0.35485325859347316,0.6451467414065268
20026,YKL210W YDR089W,0.0,NA,0.012612984515726566,2850,11014,20027,0,0.6750169661562067,0.20556837853433352,1.0,0.35482104313649687,0.6451789568635031
20027,YER007W YKR086W,0.0,NA,0.012615424580872059,2850,11013,20028,0,0.675046472514827,0.20558320709803074,1.0,0.35478882767952064,0.6452111723204794
20028,tP(AGG)N YDR399W,0.0,NA,0.01262157317250967,2850,11012,20029,0,0.6750759788734473,0.2055980378011831,1.0,0.3547566122225444,0.6452433877774556
20029,YIL116W YOR011W,0.0,NA,0.0126224709674716,2850,11011,20030,0,0.6751054852320675,0.20561287064425365,1.0,0.3547243967655681,0.6452756032344319
20030,YGL251C YDR082W,0.0,NA,0.012625787407159805,2850,11010,20031,0,0.6751349915906878,0.20562770562770563,1.0,0.35469218130859187,0.6453078186914082
20031,YIR009W YOR361C,0.0,NA,0.01262864749878645,2850,11009,20032,0,0.6751644979493081,0.2056425427520023,1.0,0.35465996585161563,0.6453400341483844
20032,YJR021C YLR262C-A,0.0,NA,0.012641657143831253,2850,11008,20033,0,0.6751940043079283,0.20565738201760717,1.0,0.35462775039463934,0.6453722496053607
20033,YOR338W YMR096W,0.0,NA,0.012644407339394093,2850,11007,20034,0,0.6752235106665486,0.20567222342498376,1.0,0.3545955349376631,0.645404465062337
20034,YIL044C YOR302W,0.0,NA,0.012646490707993507,2850,11006,20035,0,0.6752530170251689,0.20568706697459585,1.0,0.3545633194806868,0.6454366805193131
20035,YNL030W snR13,0.0,NA,0.012647127732634544,2850,11005,20036,0,0.6752825233837892,0.20570191266690727,1.0,0.3545311040237106,0.6454688959762894
20036,YNL088W YIL149C,0.0,NA,0.012648765929043293,2850,11004,20037,0,0.6753120297424094,0.205716760502382,1.0,0.35449888856673434,0.6455011114332657
20037,YOR367W YKL042W,0.0,NA,0.012655436061322689,2850,11003,20038,0,0.6753415361010298,0.20573161048148417,1.0,0.35446667310975805,0.6455333268902419
20038,YDL112W snR9,0.0,NA,0.01265714131295681,2850,11002,20039,0,0.6753710424596501,0.20574646260467802,1.0,0.3544344576527818,0.6455655423472182
20039,YDL220C YPR005C,0.0,NA,0.012662517838180065,2850,11001,20040,0,0.6754005488182704,0.205761316872428,1.0,0.3544022421958056,0.6455977578041945
20040,YCR033W YJL139C,0.0,NA,0.012668486684560776,2850,11000,20041,0,0.6754300551768906,0.20577617328519857,1.0,0.3543700267388293,0.6456299732611707
20041,YMR050C YPL163C,0.0,NA,0.012689999304711819,2850,10999,20042,0,0.6754595615355109,0.2057910318434544,1.0,0.35433781128185304,0.645662188718147
20042,tE(CUC)D YNR030W,0.0,NA,0.012692210264503956,2850,10998,20043,0,0.6754890678941312,0.20580589254766032,1.0,0.35430559582487675,0.6456944041751232
20043,YML038C YMR255W,0.0,NA,0.012693177908658981,2850,10997,20044,0,0.6755185742527514,0.2058207553982812,1.0,0.3542733803679005,0.6457266196320994
20044,YLR214W YIL088C,0.0,NA,0.012697834521532059,2850,10996,20045,0,0.6755480806113717,0.20583562039578218,1.0,0.3542411649109243,0.6457588350890757
20045,snR46 YML007W,0.0,NA,0.012699590995907784,2850,10995,20046,0,0.675577586969992,0.20585048754062837,1.0,0.354208949453948,0.645791050546052
20046,tG(GCC)M YKL101W,0.0,NA,0.012712865136563778,2850,10994,20047,0,0.6756070933286124,0.2058653568332852,1.0,0.35417673399697175,0.6458232660030283
20047,YNL046W YDR356W,0.0,NA,0.012713445350527763,2850,10993,20048,0,0.6756365996872326,0.205880228274218,1.0,0.3541445185399955,0.6458554814600045
20048,tE(UUC)C YBL026W,0.0,NA,0.01271548680961132,2850,10992,20049,0,0.6756661060458529,0.2058951018638925,1.0,0.3541123030830192,0.6458876969169808
20049,YJL053W YGL016W,0.0,NA,0.012726307846605778,2850,10991,20050,0,0.6756956124044732,0.20590997760277435,1.0,0.354080087626043,0.6459199123739571
20050,YDL033C YDR072C,0.0,NA,0.0127340629696846,2850,10990,20051,0,0.6757251187630935,0.20592485549132947,1.0,0.3540478721690667,0.6459521278309333
20051,YBR293W YDR440W,0.0,NA,0.012738416902720928,2850,10989,20052,0,0.6757546251217137,0.20593973553002384,1.0,0.35401565671209045,0.6459843432879095
20052,YJL115W YDR316W-A,0.0,NA,0.012743370607495308,2850,10988,20053,0,0.675784131480334,0.2059546177193236,1.0,0.3539834412551142,0.6460165587448858
20053,YER009W YGL019W,0.0,NA,0.012748092412948608,2850,10987,20054,0,0.6758136378389543,0.20596950205969503,1.0,0.3539512257981379,0.646048774201862
20054,YLR245C YNL108C,0.0,NA,0.012755278497934341,2850,10986,20055,0,0.6758431441975746,0.2059843885516045,1.0,0.3539190103411617,0.6460809896588383
20055,YFL048C snR74,0.0,NA,0.01275658793747425,2850,10985,20056,0,0.6758726505561948,0.2059992771955186,1.0,0.35388679488418545,0.6461132051158146
20056,MEL1 YNR067C,0.0,NA,0.012756719253957272,2850,10984,20057,0,0.6759021569148151,0.206014167991904,1.0,0.35385457942720916,0.6461454205727908
20057,YPL257W-A YMR036C,0.0,NA,0.012766019441187382,2850,10983,20058,0,0.6759316632734355,0.2060290609412275,1.0,0.3538223639702329,0.6461776360297671
20058,YBR009C YER132C,0.0,NA,0.01276856753975153,2850,10982,20059,0,0.6759611696320557,0.20604395604395603,1.0,0.3537901485132567,0.6462098514867434
20059,snR54 YAL023C,0.0,NA,0.012784583494067192,2850,10981,20060,0,0.675990675990676,0.20605885330055673,1.0,0.3537579330562804,0.6462420669437196
20060,YMR142C YGL198W,0.0,NA,0.012784975580871105,2850,10980,20061,0,0.6760201823492963,0.20607375271149675,1.0,0.35372571759930416,0.6462742824006958
20061,YDR086C YIL042C,0.0,NA,0.012787762098014355,2850,10979,20062,0,0.6760496887079166,0.20608865427724346,1.0,0.35369350214232786,0.6463064978576721
20062,YDL191W YPL174C,0.0,NA,0.01279565691947937,2850,10978,20063,0,0.6760791950665368,0.20610355799826438,1.0,0.35366128668535163,0.6463387133146483
20063,YPR036W YLR227C,0.0,NA,0.012805791571736336,2850,10977,20064,0,0.6761087014251571,0.2061184638750271,1.0,0.3536290712283754,0.6463709287716246
20064,YLR333C YOR043W,0.0,NA,0.012819711118936539,2850,10976,20065,0,0.6761382077837774,0.2061333719079994,1.0,0.3535968557713991,0.6464031442286009
20065,YDR515W YDR328C,0.0,NA,0.012821492739021778,2850,10975,20066,0,0.6761677141423977,0.20614828209764918,1.0,0.35356464031442286,0.6464353596855772
20066,YGR056W YBR238C,0.0,NA,0.012824051082134247,2850,10974,20067,0,0.6761972205010179,0.20616319444444445,1.0,0.3535324248574466,0.6464675751425534
20067,YGR109W-A YDR170W-A,0.0,NA,0.012824708595871925,2850,10973,20068,0,0.6762267268596382,0.20617810894885336,1.0,0.35350020940047033,0.6464997905995297
20068,YEL058W YCR020C-A,0.0,NA,0.012832872569561005,2850,10972,20069,0,0.6762562332182586,0.20619302561134423,1.0,0.3534679939434941,0.646532006056506
20069,YEL034W YLR430W,0.0,NA,0.012837659567594528,2850,10971,20070,0,0.6762857395768788,0.2062079444323855,1.0,0.3534357784865178,0.6465642215134821
20070,YIL021W tA(AGC)P,0.0,NA,0.012861411087214947,2850,10970,20071,0,0.6763152459354991,0.20622286541244572,1.0,0.35340356302954157,0.6465964369704584
20071,YPL029W YJL042W,0.0,NA,0.012865382246673107,2850,10969,20072,0,0.6763447522941194,0.20623778855199362,1.0,0.35337134757256533,0.6466286524274347
20072,YDR277C YIL147C,0.0,NA,0.012876705266535282,2850,10968,20073,0,0.6763742586527397,0.20625271385149804,1.0,0.35333913211558904,0.6466608678844109
20073,YPR158W-B YAL043C,0.0,NA,0.012876996770501137,2850,10967,20074,0,0.6764037650113599,0.20626764131142794,1.0,0.3533069166586128,0.6466930833413872
20074,YOR163W YBR280C,0.0,NA,0.012877293862402439,2850,10966,20075,0,0.6764332713699802,0.20628257093225247,1.0,0.35327470120163657,0.6467252987983635
20075,YEL057C YMR270C,0.0,NA,0.01289076916873455,2850,10965,20076,0,0.6764627777286005,0.20629750271444083,1.0,0.3532424857446603,0.6467575142553397
20076,YLR383W YPL089C,0.0,NA,0.012891309335827827,2850,10964,20077,0,0.6764922840872208,0.20631243665846244,1.0,0.35321027028768404,0.646789729712316
20077,YBR229C YDL103C,0.0,NA,0.012892376631498337,2850,10963,20078,0,0.676521790445841,0.2063273727647868,1.0,0.3531780548307078,0.6468219451692923
20078,YGR109W-A YDR263C,0.0,NA,0.012940976768732071,2850,10962,20079,0,0.6765512968044614,0.2063423110338836,1.0,0.3531458393737315,0.6468541606262684
20079,YER159C YNL325C,0.0,NA,0.012947306968271732,2850,10961,20080,0,0.6765808031630817,0.20635725146622258,1.0,0.35311362391675527,0.6468863760832447
20080,YER038C YPL036W,0.0,NA,0.012948622927069664,2850,10960,20081,0,0.676610309521702,0.20637219406227372,1.0,0.353081408459779,0.646918591540221
20081,YIL132C snR58,0.0,NA,0.012950731441378593,2850,10959,20082,0,0.6766398158803222,0.20638713882250706,1.0,0.35304919300280274,0.6469508069971972
20082,YGR172C YJL170C,0.0,NA,0.01295251864939928,2850,10958,20083,0,0.6766693222389425,0.20640208574739283,1.0,0.3530169775458265,0.6469830224541735
20083,YLR363C YKL197C,0.0,NA,0.012963484041392803,2850,10957,20084,0,0.6766988285975628,0.20641703483740131,1.0,0.3529847620888502,0.6470152379111498
20084,YGR272C YHR023W,0.0,NA,0.01296668779104948,2850,10956,20085,0,0.676728334956183,0.20643198609300303,1.0,0.352952546631874,0.6470474533681261
20085,YDR397C YER022W,0.0,NA,0.012968664988875389,2850,10955,20086,0,0.6767578413148033,0.2064469395146686,1.0,0.35292033117489774,0.6470796688251023
20086,YHR216W YML106W,0.0,NA,0.012972657568752766,2850,10954,20087,0,0.6767873476734236,0.20646189510286872,1.0,0.35288811571792145,0.6471118842820786
20087,YGR281W YOR021C,0.0,NA,0.012977744452655315,2850,10953,20088,0,0.676816854032044,0.20647685285807432,1.0,0.3528559002609452,0.6471440997390548
20088,YGR268C YOR113W,0.0,NA,0.012980298139154911,2850,10952,20089,0,0.6768463603906641,0.2064918127807564,1.0,0.3528236848039689,0.647176315196031
20089,YBR164C tS(AGA)D2,0.0,NA,0.012985399924218655,2850,10951,20090,0,0.6768758667492845,0.20650677487138613,1.0,0.3527914693469927,0.6472085306530073
20090,YJL157C YNL173C,0.0,NA,0.013022120110690594,2850,10950,20091,0,0.6769053731079048,0.20652173913043478,1.0,0.35275925389001644,0.6472407461099836
20091,YLR399C YHR214C-C,0.0,NA,0.01302355993539095,2850,10949,20092,0,0.6769348794665251,0.2065367055583738,1.0,0.35272703843304015,0.6472729615669598
20092,YNL283C tV(AAC)J,0.0,NA,0.013040333986282349,2850,10948,20093,0,0.6769643858251453,0.20655167415567474,1.0,0.3526948229760639,0.6473051770239361
20093,YBL097W YBR223C,0.0,NA,0.013047700747847557,2850,10947,20094,0,0.6769938921837656,0.2065666449228093,1.0,0.3526626075190877,0.6473373924809124
20094,YDR365W-A YBR084W,0.0,NA,0.013048628345131874,2850,10946,20095,0,0.6770233985423859,0.20658161786024934,1.0,0.3526303920621114,0.6473696079378886
20095,YGL012W YHR114W,0.0,NA,0.013068588450551033,2850,10945,20096,0,0.6770529049010061,0.20659659296846683,1.0,0.35259817660513515,0.6474018233948649
20096,YIR011C YJL071W,0.0,NA,0.013069868087768555,2850,10944,20097,0,0.6770824112596264,0.2066115702479339,1.0,0.3525659611481589,0.6474340388518411
20097,YNL258C YOR343W-A,0.0,NA,0.013069880194962025,2850,10943,20098,0,0.6771119176182467,0.20662654969912275,1.0,0.3525337456911826,0.6474662543088173
20098,tG(GCC)O2 YBL015W,0.0,NA,0.013076991774141788,2850,10942,20099,0,0.677141423976867,0.2066415313225058,1.0,0.3525015302342064,0.6474984697657936
20099,YDR236C tA(AGC)D,0.0,NA,0.013079202733933926,2850,10941,20100,0,0.6771709303354873,0.20665651511855557,1.0,0.3524693147772301,0.6475306852227699
20100,YMR013C YGL197W,0.0,NA,0.013081004843115807,2850,10940,20101,0,0.6772004366941076,0.20667150108774474,1.0,0.35243709932025385,0.6475629006797461
20101,tG(GCC)P2 YOR127W,0.0,NA,0.013087348081171513,2850,10939,20102,0,0.6772299430527279,0.20668648923054608,1.0,0.3524048838632776,0.6475951161367224
20102,YJR017C YFR029W,0.0,NA,0.013088732957839966,2850,10938,20103,0,0.6772594494113482,0.20670147954743254,1.0,0.3523726684063013,0.6476273315936987
20103,YDR153C YLR150W,0.0,NA,0.013113073073327541,2850,10937,20104,0,0.6772889557699684,0.2067164720388772,1.0,0.3523404529493251,0.647659547050675
20104,YDR181C YFR041C,0.0,NA,0.013113351538777351,2850,10936,20105,0,0.6773184621285887,0.20673146670535325,1.0,0.35230823749234885,0.6476917625076511
20105,YKR008W YOR113W,0.0,NA,0.013118190690875053,2850,10935,20106,0,0.677347968487209,0.20674646354733406,1.0,0.35227602203537256,0.6477239779646274
20106,YPL124W YJL173C,0.0,NA,0.013118931092321873,2850,10934,20107,0,0.6773774748458293,0.2067614625652931,1.0,0.3522438065783963,0.6477561934216037
20107,YGL113W YPL130W,0.0,NA,0.013125112280249596,2850,10933,20108,0,0.6774069812044495,0.206776463759704,1.0,0.35221159112142003,0.6477884088785799
20108,YBR211C YBR264C,0.0,NA,0.013128595426678658,2850,10932,20109,0,0.6774364875630698,0.2067914671310405,1.0,0.3521793756644438,0.6478206243355562
20109,YKL049C YPL154C,0.0,NA,0.013129226863384247,2850,10931,20110,0,0.6774659939216902,0.2068064726797765,1.0,0.35214716020746756,0.6478528397925325
20110,snR41 YKL079W,0.0,NA,0.01313156820833683,2850,10930,20111,0,0.6774955002803104,0.20682148040638607,1.0,0.35211494475049127,0.6478850552495087
20111,YIL021W YFR009W,0.0,NA,0.013131685554981232,2850,10929,20112,0,0.6775250066389307,0.20683649031134335,1.0,0.35208272929351503,0.647917270706485
20112,YBR275C YLR246W,0.0,NA,0.013131710700690746,2850,10928,20113,0,0.677554512997551,0.20685150239512265,1.0,0.3520505138365388,0.6479494861634613
20113,YDR325W YCR038C,0.0,NA,0.013134256936609745,2850,10927,20114,0,0.6775840193561713,0.20686651665819844,1.0,0.3520182983795625,0.6479817016204374
20114,snR53 YPL043W,0.0,NA,0.013135888613760471,2850,10926,20115,0,0.6776135257147915,0.2068815331010453,1.0,0.35198608292258626,0.6480139170774137
20115,YKL164C YDR411C,0.0,NA,0.013145937584340572,2850,10925,20116,0,0.6776430320734118,0.20689655172413793,1.0,0.35195386746561,0.64804613253439
20116,YMR161W tE(UUC)E1,0.0,NA,0.013153220526874065,2850,10924,20117,0,0.6776725384320321,0.2069115725279512,1.0,0.35192165200863373,0.6480783479913662
20117,YKR103W YIR026C,0.0,NA,0.013156748376786709,2850,10923,20118,0,0.6777020447906524,0.20692659551296014,1.0,0.3518894365516575,0.6481105634483425
20118,YJL002C YER029C,0.0,NA,0.013159416615962982,2850,10922,20119,0,0.6777315511492726,0.20694162067963984,1.0,0.3518572210946812,0.6481427789053188
20119,YNL271C snR73,0.0,NA,0.013170072808861732,2850,10921,20120,0,0.677761057507893,0.2069566480284656,1.0,0.35182500563770497,0.648174994362295
20120,YIL167W YDR473C,0.0,NA,0.013173053041100502,2850,10920,20121,0,0.6777905638665133,0.20697167755991286,1.0,0.35179279018072873,0.6482072098192713
20121,YFL050C YLL056C,0.0,NA,0.013178818859159946,2850,10919,20122,0,0.6778200702251335,0.20698670927445711,1.0,0.35176057472375244,0.6482394252762476
20122,YNR070W YBL005W-B,0.0,NA,0.0131789306178689,2850,10918,20123,0,0.6778495765837538,0.20700174317257408,1.0,0.3517283592667762,0.6482716407332239
20123,YBR073W YKR106W,0.0,NA,0.013182410039007664,2850,10917,20124,0,0.6778790829423741,0.2070167792547396,1.0,0.35169614380979997,0.6483038561902
20124,YBR233W-A YJR160C,0.0,NA,0.013188440352678299,2850,10916,20125,0,0.6779085893009944,0.2070318175214296,1.0,0.3516639283528237,0.6483360716471763
20125,YJR040W YER110C,0.0,NA,0.013202082365751266,2850,10915,20126,0,0.6779380956596146,0.20704685797312022,1.0,0.35163171289584744,0.6483682871041526
20126,YPL019C tE(UUC)M,0.0,NA,0.013202602975070477,2850,10914,20127,0,0.6779676020182349,0.2070619006102877,1.0,0.35159949743887114,0.6484005025611288
20127,YDR210C-C YDL015C,0.0,NA,0.013203958980739117,2850,10913,20128,0,0.6779971083768552,0.2070769454334084,1.0,0.3515672819818949,0.6484327180181051
20128,YHR007C Q0275,0.0,NA,0.013208134099841118,2850,10912,20129,0,0.6780266147354755,0.20709199244295887,1.0,0.35153506652491867,0.6484649334750814
20129,YNL287W YGL067W,0.0,NA,0.013216165825724602,2850,10911,20130,0,0.6780561210940957,0.20710704163941573,1.0,0.3515028510679424,0.6484971489320576
20130,YJR013W YJR132W,0.0,NA,0.01322698500007391,2850,10910,20131,0,0.678085627452716,0.20712209302325582,1.0,0.35147063561096614,0.6485293643890339
20131,YJR082C YPL253C,0.0,NA,0.013228883035480976,2850,10909,20132,0,0.6781151338113364,0.20713714659495602,1.0,0.3514384201539899,0.6485615798460101
20132,YPR011C YER159C-A,0.0,NA,0.013237196020781994,2850,10908,20133,0,0.6781446401699567,0.20715220235499346,1.0,0.3514062046970136,0.6485937953029863
20133,YER117W YNL068C,0.0,NA,0.013238185085356236,2850,10907,20134,0,0.6781741465285769,0.2071672603038453,1.0,0.3513739892400374,0.6486260107599626
20134,YLR308W YPL144W,0.0,NA,0.013243351131677628,2850,10906,20135,0,0.6782036528871972,0.20718232044198895,1.0,0.35134177378306114,0.6486582262169389
20135,YGR041W YOR358W,0.0,NA,0.01324338186532259,2850,10905,20136,0,0.6782331592458175,0.20719738276990185,1.0,0.35130955832608485,0.6486904416739151
20136,YPL275W YKL119C,0.0,NA,0.013248473405838013,2850,10904,20137,0,0.6782626656044377,0.20721244728806165,1.0,0.3512773428691086,0.6487226571308914
20137,YDR236C tA(AGC)K2,0.0,NA,0.013257029466331005,2850,10903,20138,0,0.678292171963058,0.2072275139969461,1.0,0.3512451274121323,0.6487548725878677
20138,YKR028W YMR305C,0.0,NA,0.013266894966363907,2850,10902,20139,0,0.6783216783216783,0.20724258289703315,1.0,0.3512129119551561,0.6487870880448439
20139,YGL186C YBL037W,0.0,NA,0.013269391842186451,2850,10901,20140,0,0.6783511846802986,0.2072576539888008,1.0,0.35118069649817985,0.6488193035018202
20140,YOR115C YPL269W,0.0,NA,0.013269573450088501,2850,10900,20141,0,0.6783806910389188,0.20727272727272728,1.0,0.35114848104120355,0.6488515189587964
20141,YCL066W YGR158C,0.0,NA,0.013274068012833595,2850,10899,20142,0,0.6784101973975392,0.20728780274929084,1.0,0.3511162655842273,0.6488837344157727
20142,YGL156W snR53,0.0,NA,0.013282776810228825,2850,10898,20143,0,0.6784397037561595,0.20730288041897002,1.0,0.3510840501272511,0.6489159498727489
20143,YLR015W YGL016W,0.0,NA,0.013287609443068504,2850,10897,20144,0,0.6784692101147798,0.2073179602822434,1.0,0.3510518346702748,0.6489481653297252
20144,YNL302C YDR260C,0.0,NA,0.013288947753608227,2850,10896,20145,0,0.6784987164734,0.2073330423395897,1.0,0.35101961921329855,0.6489803807867015
20145,YKL073W YNL312W,0.0,NA,0.013289160095155239,2850,10895,20146,0,0.6785282228320203,0.20734812659148782,1.0,0.35098740375632226,0.6490125962436777
20146,YLR220W YDL188C,0.0,NA,0.013295989483594894,2850,10894,20147,0,0.6785577291906406,0.20736321303841676,1.0,0.350955188299346,0.649044811700654
20147,YGR108W YJR010C-A,0.0,NA,0.013301252387464046,2850,10893,20148,0,0.6785872355492608,0.20737830168085572,1.0,0.3509229728423698,0.6490770271576303
20148,YDR515W YIL119C,0.0,NA,0.013306308537721634,2850,10892,20149,0,0.6786167419078811,0.20739339251928396,1.0,0.3508907573853935,0.6491092426146065
20149,YGR191W YDR477W,0.0,NA,0.013314004987478256,2850,10891,20150,0,0.6786462482665014,0.20740848555418093,1.0,0.35085854192841726,0.6491414580715827
20150,YJR140C tE(UUC)P,0.0,NA,0.01331557147204876,2850,10890,20151,0,0.6786757546251218,0.2074235807860262,1.0,0.350826326471441,0.649173673528559
20151,YNL071W YIL073C,0.0,NA,0.013316649943590164,2850,10889,20152,0,0.678705260983742,0.20743867821529952,1.0,0.3507941110144647,0.6492058889855352
20152,YIR009W YLR254C,0.0,NA,0.013319995254278183,2850,10888,20153,0,0.6787347673423623,0.2074537778424807,1.0,0.3507618955574885,0.6492381044425115
20153,YBR111W-A YPR034W,0.0,NA,0.013323730789124966,2850,10887,20154,0,0.6787642737009826,0.2074688796680498,1.0,0.35072968010051225,0.6492703198994878
20154,YBR101C YNL054W-A,0.0,NA,0.013327554799616337,2850,10886,20155,0,0.6787937800596029,0.20748398369248688,1.0,0.35069746464353596,0.649302535356464
20155,YJR158W YNL281W,0.0,NA,0.013330690562725067,2850,10885,20156,0,0.6788232864182231,0.2074990899162723,1.0,0.3506652491865597,0.6493347508134403
20156,YKL060C YOL124C,0.0,NA,0.013333501294255257,2850,10884,20157,0,0.6788527927768434,0.2075141983398864,1.0,0.35063303372958343,0.6493669662704166
20157,YPL212C YER168C,0.0,NA,0.013334698975086212,2850,10883,20158,0,0.6788822991354637,0.2075293089638098,1.0,0.3506008182726072,0.6493991817273927
20158,YAR014C YHR135C,0.0,NA,0.01333498116582632,2850,10882,20159,0,0.6789118054940839,0.20754442178852317,1.0,0.35056860281563096,0.649431397184369
20159,YML023C YLR386W,0.0,NA,0.01333663146942854,2850,10881,20160,0,0.6789413118527042,0.2075595368145073,1.0,0.35053638735865467,0.6494636126413453
20160,YBR218C tV(AAC)J,0.0,NA,0.013336770236492157,2850,10880,20161,0,0.6789708182113245,0.20757465404224326,1.0,0.35050417190167843,0.6494958280983216
20161,snR17a YFR008W,0.0,NA,0.01334021519869566,2850,10879,20162,0,0.6790003245699449,0.2075897734722121,1.0,0.3504719564447022,0.6495280435552978
20162,YJR110W YGL017W,0.0,NA,0.013342481106519699,2850,10878,20163,0,0.6790298309285651,0.2076048951048951,1.0,0.3504397409877259,0.6495602590122741
20163,YJR103W snR63,0.0,NA,0.013343032449483871,2850,10877,20164,0,0.6790593372871854,0.20762001894077367,1.0,0.35040752553074966,0.6495924744692504
20164,tS(AGA)M YIL150C,0.0,NA,0.013344533741474152,2850,10876,20165,0,0.6790888436458057,0.2076351449803293,1.0,0.35037531007377337,0.6496246899262266
20165,YBR165W YOR241W,0.0,NA,0.013346347957849503,2850,10875,20166,0,0.679118350004426,0.20765027322404372,1.0,0.35034309461679713,0.6496569053832029
20166,snR35 YGR061C,0.0,NA,0.013350537978112698,2850,10874,20167,0,0.6791478563630462,0.20766540367239872,1.0,0.3503108791598209,0.6496891208401792
20167,YGL054C YKR095W-A,0.0,NA,0.013352151960134506,2850,10873,20168,0,0.6791773627216665,0.20768053632587627,1.0,0.3502786637028446,0.6497213362971553
20168,YLL038C YDR245W,0.0,NA,0.013352678157389164,2850,10872,20169,0,0.6792068690802868,0.20769567118495846,1.0,0.35024644824586837,0.6497535517541316
20169,YLR205C tN(GUU)K,0.0,NA,0.01335778646171093,2850,10871,20170,0,0.6792363754389071,0.20771080825012755,1.0,0.35021423278889213,0.6497857672111079
20170,YGR217W YKL172W,0.0,NA,0.013358245603740215,2850,10870,20171,0,0.6792658817975273,0.20772594752186588,1.0,0.35018201733191584,0.6498179826680841
20171,YLR129W tG(GCC)D2,0.0,NA,0.01337073277682066,2850,10869,20172,0,0.6792953881561477,0.20774108900065602,1.0,0.3501498018749396,0.6498501981250604
20172,YEL058W YGR092W,0.0,NA,0.013371600769460201,2850,10868,20173,0,0.679324894514768,0.2077562326869806,1.0,0.3501175864179633,0.6498824135820367
20173,YLR192C YLR019W,0.0,NA,0.013374412432312965,2850,10867,20174,0,0.6793544008733882,0.20777137858132244,1.0,0.3500853709609871,0.6499146290390129
20174,MEL1 YNL127W,0.0,NA,0.013375709764659405,2850,10866,20175,0,0.6793839072320085,0.20778652668416447,1.0,0.35005315550401084,0.6499468444959892
20175,YKL122C YKL205W,0.0,NA,0.013376565650105476,2850,10865,20176,0,0.6794134135906288,0.20780167699598978,1.0,0.35002094004703455,0.6499790599529655
20176,YMR283C YNL154C,0.0,NA,0.013379020616412163,2850,10864,20177,0,0.6794429199492491,0.20781682951728161,1.0,0.3499887245900583,0.6500112754099416
20177,YDR178W YGL075C,0.0,NA,0.013380719348788261,2850,10863,20178,0,0.6794724263078693,0.2078319842485233,1.0,0.34995650913308207,0.6500434908669179
20178,YJR082C YDL247W,0.0,NA,0.013382790610194206,2850,10862,20179,0,0.6795019326664896,0.20784714119019837,1.0,0.3499242936761058,0.6500757063238942
20179,YDR108W YMR271C,0.0,NA,0.013392060995101929,2850,10861,20180,0,0.6795314390251099,0.20786230034279046,1.0,0.34989207821912954,0.6501079217808705
20180,Q0250 YOL117W,0.0,NA,0.013397298753261566,2850,10860,20181,0,0.6795609453837302,0.20787746170678337,1.0,0.3498598627621533,0.6501401372378467
20181,YDR261C-C YNL004W,0.0,NA,0.013400677591562271,2850,10859,20182,0,0.6795904517423504,0.20789262528266103,1.0,0.349827647305177,0.650172352694823
20182,YPL242C YLR208W,0.0,NA,0.013404636643826962,2850,10858,20183,0,0.6796199581009708,0.2079077910709075,1.0,0.3497954318482008,0.6502045681517993
20183,YMR039C YLR160C,0.0,NA,0.013422652147710323,2850,10857,20184,0,0.6796494644595911,0.207922959072007,1.0,0.3497632163912245,0.6502367836087755
20184,YOR140W tL(UAA)J,0.0,NA,0.013427148573100567,2850,10856,20185,0,0.6796789708182113,0.2079381292864439,1.0,0.34973100093424825,0.6502689990657518
20185,YCR002C YJL053W,0.0,NA,0.013428564183413982,2850,10855,20186,0,0.6797084771768316,0.20795330171470267,1.0,0.349698785477272,0.650301214522728
20186,YMR028W YGR148C,0.0,NA,0.013436577282845974,2850,10854,20187,0,0.6797379835354519,0.20796847635726795,1.0,0.3496665700202957,0.6503334299797042
20187,YPL243W YOL012C,0.0,NA,0.013445732183754444,2850,10853,20188,0,0.6797674898940722,0.20798365321462453,1.0,0.3496343545633195,0.6503656454366805
20188,YPR176C YGR145W,0.0,NA,0.01344610657542944,2850,10852,20189,0,0.6797969962526924,0.20799883228725732,1.0,0.34960213910634325,0.6503978608936568
20189,YMR283C YMR017W,0.0,NA,0.013455306179821491,2850,10851,20190,0,0.6798265026113127,0.2080140135756514,1.0,0.34956992364936695,0.650430076350633
20190,YLR383W YAL062W,0.0,NA,0.013462125323712826,2850,10850,20191,0,0.679856008969933,0.20802919708029197,1.0,0.3495377081923907,0.6504622918076093
20191,YHR086W tM(CAU)J1,0.0,NA,0.013466279953718185,2850,10849,20192,0,0.6798855153285533,0.20804438280166435,1.0,0.3495054927354144,0.6504945072645856
20192,YNL192W YDR210C-D,0.0,NA,0.01346821803599596,2850,10848,20193,0,0.6799150216871735,0.20805957074025405,1.0,0.3494732772784382,0.6505267227215618
20193,YBR091C YCL044C,0.0,NA,0.013469542376697063,2850,10847,20194,0,0.6799445280457939,0.2080747608965467,1.0,0.34944106182146195,0.650558938178538
20194,YNL166C YML047C,0.0,NA,0.01348838023841381,2850,10846,20195,0,0.6799740344044142,0.20808995327102803,1.0,0.34940884636448566,0.6505911536355143
20195,tI(AAU)L1 YGR105W,0.0,NA,0.013490329496562481,2850,10845,20196,0,0.6800035407630345,0.20810514786418402,1.0,0.3493766309075094,0.6506233690924905
20196,YIL166C YDR378C,0.0,NA,0.013496041297912598,2850,10844,20197,0,0.6800330471216547,0.20812034467650065,1.0,0.3493444154505332,0.6506555845494668
20197,YDR427W YML121W,0.0,NA,0.01350077148526907,2850,10843,20198,0,0.680062553480275,0.20813554370846418,1.0,0.3493121999935569,0.6506878000064431
20198,tR(UCU)J1 YGR283C,0.0,NA,0.013508165255188942,2850,10842,20199,0,0.6800920598388953,0.2081507449605609,1.0,0.34927998453658066,0.6507200154634194
20199,YGR179C YDR122W,0.0,NA,0.01350976713001728,2850,10841,20200,0,0.6801215661975155,0.20816594843327735,1.0,0.3492477690796044,0.6507522309203956
20200,YCR042C YJR055W,0.0,NA,0.013510269112884998,2850,10840,20201,0,0.6801510725561358,0.20818115412710006,1.0,0.3492155536226281,0.6507844463773719
20201,YMR314W YPL232W,0.0,NA,0.013522744178771973,2850,10839,20202,0,0.6801805789147561,0.20819636204251588,1.0,0.3491833381656519,0.6508166618343482
20202,YDR515W YLL017W,0.0,NA,0.013529703952372074,2850,10838,20203,0,0.6802100852733765,0.20821157218001168,1.0,0.3491511227086756,0.6508488772913243
20203,YCR079W YIR019C,0.0,NA,0.01353572029620409,2850,10837,20204,0,0.6802395916319967,0.2082267845400745,1.0,0.34911890725169936,0.6508810927483006
20204,YNL298W YPL203W,0.0,NA,0.013536064885556698,2850,10836,20205,0,0.680269097990617,0.20824199912319158,1.0,0.3490866917947231,0.6509133082052769
20205,YDL105W YLR386W,0.0,NA,0.013545038178563118,2850,10835,20206,0,0.6802986043492373,0.2082572159298502,1.0,0.34905447633774683,0.6509455236622531
20206,YKR001C YOR301W,0.0,NA,0.013545127585530281,2850,10834,20207,0,0.6803281107078576,0.20827243496053785,1.0,0.3490222608807706,0.6509777391192294
20207,YJL103C YMR077C,0.0,NA,0.013549218885600567,2850,10833,20208,0,0.6803576170664778,0.20828765621574216,1.0,0.34899004542379436,0.6510099545762057
20208,snR66 YCR005C,0.0,NA,0.013549786061048508,2850,10832,20209,0,0.6803871234250981,0.20830287969595088,1.0,0.34895782996681807,0.6510421700331819
20209,YGL227W YDR390C,0.0,NA,0.01355268619954586,2850,10831,20210,0,0.6804166297837184,0.20831810540165194,1.0,0.34892561450984183,0.6510743854901582
20210,tL(UAA)J YGR172C,0.0,NA,0.013572443276643753,2850,10830,20211,0,0.6804461361423386,0.20833333333333334,1.0,0.34889339905286554,0.6511066009471345
20211,YPL194W YNL123W,0.0,NA,0.01357854064553976,2850,10829,20212,0,0.6804756425009589,0.20834856349148329,1.0,0.3488611835958893,0.6511388164041106
20212,YCR010C YDR498C,0.0,NA,0.013583715073764324,2850,10828,20213,0,0.6805051488595792,0.20836379587659015,1.0,0.34882896813891306,0.6511710318610869
20213,YGR199W YLR435W,0.0,NA,0.013592446222901344,2850,10827,20214,0,0.6805346552181996,0.20837903048914236,1.0,0.3487967526819368,0.6512032473180632
20214,YBR001C tQ(UUG)L,0.0,NA,0.013596742413938046,2850,10826,20215,0,0.6805641615768198,0.20839426732962854,1.0,0.34876453722496054,0.6512354627750394
20215,YNL182C YNL059C,0.0,NA,0.01360973808914423,2850,10825,20216,0,0.6805936679354401,0.20840950639853748,1.0,0.3487323217679843,0.6512676782320157
20216,YDR118W YIL009C-A,0.0,NA,0.01361074298620224,2850,10824,20217,0,0.6806231742940604,0.20842474769635805,1.0,0.348700106311008,0.651299893688992
20217,tS(AGA)M YKR055W,0.0,NA,0.01361156813800335,2850,10823,20218,0,0.6806526806526807,0.2084399912235793,1.0,0.34866789085403177,0.6513321091459683
20218,YDR118W YHR203C,0.0,NA,0.013616069220006466,2850,10822,20219,0,0.6806821870113009,0.20845523698069046,1.0,0.34863567539705553,0.6513643246029445
20219,snR6 YDL205C,0.0,NA,0.013625827617943287,2850,10821,20220,0,0.6807116933699212,0.20847048496818082,1.0,0.34860345994007924,0.6513965400599208
20220,YBL055C YLR085C,0.0,NA,0.013633262366056442,2850,10820,20221,0,0.6807411997285415,0.20848573518653987,1.0,0.348571244483103,0.651428755516897
20221,tE(UUC)B YPL084W,0.0,NA,0.01365108136087656,2850,10819,20222,0,0.6807707060871618,0.2085009876362572,1.0,0.3485390290261267,0.6514609709738732
20222,YPL252C tS(UGA)P,0.0,NA,0.013658036477863789,2850,10818,20223,0,0.680800212445782,0.20851624231782265,1.0,0.3485068135691505,0.6514931864308495
20223,YGR074W YPR088C,0.0,NA,0.013658768497407436,2850,10817,20224,0,0.6808297188044024,0.20853149923172606,1.0,0.34847459811217424,0.6515254018878258
20224,YDL059C YMR312W,0.0,NA,0.013664796017110348,2850,10816,20225,0,0.6808592251630227,0.2085467583784575,1.0,0.34844238265519795,0.651557617344802
20225,YKL172W YJR147W,0.0,NA,0.013667264021933079,2850,10815,20226,0,0.6808887315216429,0.20856201975850713,1.0,0.3484101671982217,0.6515898328017783
20226,YPL195W tS(UGA)E,0.0,NA,0.013675764203071594,2850,10814,20227,0,0.6809182378802632,0.20857728337236534,1.0,0.3483779517412455,0.6516220482587546
20227,YNL012W YER183C,0.0,NA,0.0136793851852417,2850,10813,20228,0,0.6809477442388835,0.2085925492205226,1.0,0.3483457362842692,0.6516542637157308
20228,YPL048W YMR116C,0.0,NA,0.013681811280548573,2850,10812,20229,0,0.6809772505975038,0.20860781730346947,1.0,0.34831352082729294,0.6516864791727071
20229,YGR092W YLR260W,0.0,NA,0.01369926705956459,2850,10811,20230,0,0.681006756956124,0.2086230876216968,1.0,0.34828130537031665,0.6517186946296833
20230,YDR381W YPR046W,0.0,NA,0.013699563220143318,2850,10810,20231,0,0.6810362633147443,0.20863836017569545,1.0,0.3482490899133404,0.6517509100866595
20231,YMR143W snR9,0.0,NA,0.01370809692889452,2850,10809,20232,0,0.6810657696733646,0.2086536349659565,1.0,0.3482168744563642,0.6517831255436358
20232,snR6 YDL022W,0.0,NA,0.013713577762246132,2850,10808,20233,0,0.6810952760319849,0.20866891199297116,1.0,0.3481846589993879,0.6518153410006121
20233,YIR002C YPL061W,0.0,NA,0.013722868636250496,2850,10807,20234,0,0.6811247823906051,0.20868419125723073,1.0,0.34815244354241165,0.6518475564575884
20234,YLR113W YDL170W,0.0,NA,0.013737771660089493,2850,10806,20235,0,0.6811542887492255,0.2086994727592267,1.0,0.3481202280854354,0.6518797719145646
20235,YLR345W YDL103C,0.0,NA,0.013741900213062763,2850,10805,20236,0,0.6811837951078458,0.20871475649945076,1.0,0.3480880126284591,0.6519119873715409
20236,YDR346C YOR250C,0.0,NA,0.013752146624028683,2850,10804,20237,0,0.681213301466466,0.2087300424783946,1.0,0.3480557971714829,0.6519442028285172
20237,YNL046W YLR233C,0.0,NA,0.013753654435276985,2850,10803,20238,0,0.6812428078250863,0.2087453306965502,1.0,0.34802358171450665,0.6519764182854934
20238,YPR073C YMR106C,0.0,NA,0.013765676878392696,2850,10802,20239,0,0.6812723141837066,0.2087606211544096,1.0,0.34799136625753035,0.6520086337424696
20239,YIL112W YOL028C,0.0,NA,0.013766402378678322,2850,10801,20240,0,0.6813018205423269,0.20877591385246502,1.0,0.3479591508005541,0.6520408491994459
20240,snR42 YLR150W,0.0,NA,0.013780198991298676,2850,10800,20241,0,0.6813313269009471,0.2087912087912088,1.0,0.3479269353435778,0.6520730646564221
20241,YML031W YDL175C,0.0,NA,0.013787257485091686,2850,10799,20242,0,0.6813608332595674,0.20880650597113343,1.0,0.3478947198866016,0.6521052801133984
20242,YNL214W YBR267W,0.0,NA,0.013790064491331577,2850,10798,20243,0,0.6813903396181877,0.20882180539273154,1.0,0.34786250442962535,0.6521374955703747
20243,YGL025C YHR026W,0.0,NA,0.013794890604913235,2850,10797,20244,0,0.681419845976808,0.20883710705649594,1.0,0.34783028897264906,0.6521697110273509
20244,YDL008W tQ(UUG)D3,0.0,NA,0.013799276202917099,2850,10796,20245,0,0.6814493523354282,0.20885241096291954,1.0,0.3477980735156728,0.6522019264843272
20245,YGL070C YDR210W-B,0.0,NA,0.013813046738505363,2850,10795,20246,0,0.6814788586940486,0.2088677171124954,1.0,0.3477658580586966,0.6522341419413035
20246,YDR099W tM(CAU)J1,0.0,NA,0.013833640143275261,2850,10794,20247,0,0.6815083650526689,0.2088830255057168,1.0,0.3477336426017203,0.6522663573982797
20247,YML040W YJL019W,0.0,NA,0.013837289996445179,2850,10793,20248,0,0.6815378714112892,0.20889833614307704,1.0,0.34770142714474406,0.6522985728552559
20248,YIL148W snR9,0.0,NA,0.013837615959346294,2850,10792,20249,0,0.6815673777699094,0.20891364902506965,1.0,0.34766921168776777,0.6523307883122322
20249,YKR085C YGL219C,0.0,NA,0.013842672109603882,2850,10791,20250,0,0.6815968841285297,0.20892896415218826,1.0,0.34763699623079153,0.6523630037692084
20250,YPR138C YMR322C,0.0,NA,0.01384386420249939,2850,10790,20251,0,0.68162639048715,0.2089442815249267,1.0,0.3476047807738153,0.6523952192261847
20251,tG(GCC)M YNL015W,0.0,NA,0.013847718015313148,2850,10789,20252,0,0.6816558968457702,0.20895960114377887,1.0,0.347572565316839,0.652427434683161
20252,YGL224C YMR016C,0.0,NA,0.013856942765414715,2850,10788,20253,0,0.6816854032043905,0.2089749230092389,1.0,0.34754034985986276,0.6524596501401373
20253,YML115C snR79,0.0,NA,0.013858264312148094,2850,10787,20254,0,0.6817149095630108,0.20899024712180098,1.0,0.3475081344028865,0.6524918655971135
20254,YNL149C YMR241W,0.0,NA,0.013861928135156631,2850,10786,20255,0,0.6817444159216312,0.20900557348195953,1.0,0.34747591894591023,0.6525240810540898
20255,YCL016C YDR004W,0.0,NA,0.013863588683307171,2850,10785,20256,0,0.6817739222802514,0.20902090209020902,1.0,0.347443703488934,0.6525562965110661
20256,YPL178W YCR093W,0.0,NA,0.013870534487068653,2850,10784,20257,0,0.6818034286388717,0.20903623294704415,1.0,0.34741148803195776,0.6525885119680422
20257,snR17a YDR176W,0.0,NA,0.01387316919863224,2850,10783,20258,0,0.681832934997492,0.20905156605295974,1.0,0.34737927257498147,0.6526207274250185
20258,YPL023C YPR051W,0.0,NA,0.013888435438275337,2850,10782,20259,0,0.6818624413561123,0.20906690140845072,1.0,0.34734705711800523,0.6526529428819948
20259,YJL134W YOL012C,0.0,NA,0.013905961066484451,2850,10781,20260,0,0.6818919477147325,0.20908223901401218,1.0,0.34731484166102894,0.652685158338971
20260,YJL044C YDR483W,0.0,NA,0.013908034190535545,2850,10780,20261,0,0.6819214540733528,0.2090975788701394,1.0,0.3472826262040527,0.6527173737959473
20261,YCL019W YBR181C,0.0,NA,0.013913901522755623,2850,10779,20262,0,0.6819509604319731,0.20911292097732775,1.0,0.34725041074707647,0.6527495892529236
20262,YBR123C YHR015W,0.0,NA,0.013919287361204624,2850,10778,20263,0,0.6819804667905933,0.2091282653360728,1.0,0.3472181952901002,0.6527818047098998
20263,snR63 YGR194C,0.0,NA,0.013928511179983616,2850,10777,20264,0,0.6820099731492136,0.20914361194687017,1.0,0.34718597983312394,0.6528140201668761
20264,YOL163W YNL272C,0.0,NA,0.013932580128312111,2850,10776,20265,0,0.682039479507834,0.20915896081021576,1.0,0.3471537643761477,0.6528462356238524
20265,YAL034W-A YKL114C,0.0,NA,0.0139528289437294,2850,10775,20266,0,0.6820689858664543,0.20917431192660552,1.0,0.3471215489191714,0.6528784510808285
20266,YFR048W tG(GCC)J2,0.0,NA,0.01395582128316164,2850,10774,20267,0,0.6820984922250745,0.20918966529653552,1.0,0.34708933346219517,0.6529106665378048
20267,YAL042W YKL032C,0.0,NA,0.013956195674836636,2850,10773,20268,0,0.6821279985836948,0.20920502092050208,1.0,0.3470571180052189,0.6529428819947811
20268,YER044C YLR248W,0.0,NA,0.013959148898720741,2850,10772,20269,0,0.6821575049423151,0.20922037879900163,1.0,0.34702490254824264,0.6529750974517573
20269,YHR178W YML041C,0.0,NA,0.0139743248000741,2850,10771,20270,0,0.6821870113009354,0.20923573893253064,1.0,0.3469926870912664,0.6530073129087336
20270,YFL050C YGL203C,0.0,NA,0.013975612819194794,2850,10770,20271,0,0.6822165176595556,0.2092511013215859,1.0,0.3469604716342901,0.6530395283657099
20271,tG(GCC)J2 YOL120C,0.0,NA,0.01397806964814663,2850,10769,20272,0,0.6822460240181759,0.2092664659666642,1.0,0.3469282561773139,0.6530717438226862
20272,YIL042C tQ(CUG)M,0.0,NA,0.013982133008539677,2850,10768,20273,0,0.6822755303767962,0.2092818328682626,1.0,0.34689604072033764,0.6531039592796624
20273,YDR245W YGR240C,0.0,NA,0.01398310624063015,2850,10767,20274,0,0.6823050367354165,0.20929720202687815,1.0,0.34686382526336135,0.6531361747366387
20274,tI(AAU)L1 YDL061C,0.0,NA,0.01398935355246067,2850,10766,20275,0,0.6823345430940367,0.20931257344300822,1.0,0.3468316098063851,0.653168390193615
20275,snR38 YMR112C,0.0,NA,0.013993700966238976,2850,10765,20276,0,0.682364049452657,0.2093279471171502,1.0,0.3467993943494089,0.6532006056505911
20276,tE(UUC)C YHL030W,0.0,NA,0.013994714245200157,2850,10764,20277,0,0.6823935558112774,0.2093433230498017,1.0,0.3467671788924326,0.6532328211075674
20277,tR(ACG)L YPR167C,0.0,NA,0.013999241404235363,2850,10763,20278,0,0.6824230621698976,0.20935870124146036,1.0,0.34673496343545634,0.6532650365645437
20278,YLL042C YMR270C,0.0,NA,0.014007775112986565,2850,10762,20279,0,0.6824525685285179,0.20937408169262414,1.0,0.34670274797848005,0.6532972520215199
20279,YGR027C YPR078C,0.0,NA,0.014032348990440369,2850,10761,20280,0,0.6824820748871382,0.20938946440379105,1.0,0.3466705325215038,0.6533294674784962
20280,YOR079C YJL177W,0.0,NA,0.014036466367542744,2850,10760,20281,0,0.6825115812457585,0.20940484937545922,1.0,0.3466383170645276,0.6533616829354725
20281,YFL001W YDL076C,0.0,NA,0.014038082212209702,2850,10759,20282,0,0.6825410876043787,0.20942023660812698,1.0,0.3466061016075513,0.6533938983924487
20282,tE(CUC)D YLR086W,0.0,NA,0.014042907394468784,2850,10758,20283,0,0.682570593962999,0.20943562610229277,1.0,0.34657388615057505,0.653426113849425
20283,YKL011C YJL074C,0.0,NA,0.01404381264001131,2850,10757,20284,0,0.6826001003216193,0.2094510178584552,1.0,0.3465416706935988,0.6534583293064012
20284,YMR210W YPR062W,0.0,NA,0.014054412953555584,2850,10756,20285,0,0.6826296066802396,0.20946641187711304,1.0,0.3465094552366225,0.6534905447633774
20285,YJL012C tQ(UUG)D1,0.0,NA,0.014062662608921528,2850,10755,20286,0,0.6826591130388598,0.20948180815876516,1.0,0.3464772397796463,0.6535227602203537
20286,snR74 YGL213C,0.0,NA,0.014067097567021847,2850,10754,20287,0,0.6826886193974802,0.20949720670391062,1.0,0.34644502432267,0.65355497567733
20287,YGR049W YDL039C,0.0,NA,0.014068441465497017,2850,10753,20288,0,0.6827181257561005,0.2095126075130486,1.0,0.34641280886569376,0.6535871911343062
20288,YDR416W YMR255W,0.0,NA,0.014095915481448174,2850,10752,20289,0,0.6827476321147207,0.20952801058667844,1.0,0.3463805934087175,0.6536194065912825
20289,YHR058C YIR041W,0.0,NA,0.014102596789598465,2850,10751,20290,0,0.682777138473341,0.2095434159252996,1.0,0.3463483779517412,0.6536516220482588
20290,YPR164W YML026C,0.0,NA,0.014109467156231403,2850,10750,20291,0,0.6828066448319613,0.20955882352941177,1.0,0.346316162494765,0.6536838375052351
20291,YDR346C YBR176W,0.0,NA,0.014114693738520145,2850,10749,20292,0,0.6828361511905816,0.20957423339951467,1.0,0.34628394703778875,0.6537160529622112
20292,YHR031C YNL149C,0.0,NA,0.014121152460575104,2850,10748,20293,0,0.6828656575492018,0.20958964553610826,1.0,0.34625173158081246,0.6537482684191875
20293,YJL031C YDR255C,0.0,NA,0.014122739434242249,2850,10747,20294,0,0.6828951639078221,0.20960505993969258,1.0,0.3462195161238362,0.6537804838761638
20294,YPR070W snR3,0.0,NA,0.014127959497272968,2850,10746,20295,0,0.6829246702664424,0.20962047661076788,1.0,0.34618730066685993,0.65381269933314
20295,YBR036C YHR160C,0.0,NA,0.01412858348339796,2850,10745,20296,0,0.6829541766250627,0.2096358955498345,1.0,0.3461550852098837,0.6538449147901163
20296,tR(CCU)J YJR123W,0.0,NA,0.014130283147096634,2850,10744,20297,0,0.682983682983683,0.20965131675739296,1.0,0.34612286975290746,0.6538771302470926
20297,YBL005W YGR240C,0.0,NA,0.014130596071481705,2850,10743,20298,0,0.6830131893423033,0.20966674023394394,1.0,0.34609065429593117,0.6539093457040688
20298,YHR181W YNL163C,0.0,NA,0.01413558516651392,2850,10742,20299,0,0.6830426957009236,0.20968216597998823,1.0,0.34605843883895493,0.6539415611610451
20299,YKR088C YAL051W,0.0,NA,0.014140303246676922,2850,10741,20300,0,0.6830722020595439,0.20969759399602678,1.0,0.3460262233819787,0.6539737766180214
20300,YLR185W YJR145C,0.0,NA,0.01414082944393158,2850,10740,20301,0,0.6831017084181641,0.2097130242825607,1.0,0.3459940079250024,0.6540059920749975
20301,YNL159C YOR312C,0.0,NA,0.014150585047900677,2850,10739,20302,0,0.6831312147767844,0.20972845684009125,1.0,0.34596179246802616,0.6540382075319738
20302,YDR108W YOR078W,0.0,NA,0.014158288948237896,2850,10738,20303,0,0.6831607211354047,0.2097438916691198,1.0,0.3459295770110499,0.6540704229889501
20303,YIL079C YKL126W,0.0,NA,0.014160572551190853,2850,10737,20304,0,0.6831902274940249,0.20975932877014794,1.0,0.34589736155407363,0.6541026384459263
20304,YBR126C YPL127C,0.0,NA,0.014165333472192287,2850,10736,20305,0,0.6832197338526452,0.20977476814367732,1.0,0.3458651460970974,0.6541348539029026
20305,tR(ACG)O YLR035C,0.0,NA,0.014165425673127174,2850,10735,20306,0,0.6832492402112655,0.2097902097902098,1.0,0.3458329306401211,0.6541670693598789
20306,YGR262C YML060W,0.0,NA,0.014168443158268929,2850,10734,20307,0,0.6832787465698859,0.20980565371024734,1.0,0.34580071518314487,0.6541992848168551
20307,YGR077C YFR045W,0.0,NA,0.014192218892276287,2850,10733,20308,0,0.683308252928506,0.20982109990429212,1.0,0.34576849972616863,0.6542315002738314
20308,YGL029W tG(GCC)O2,0.0,NA,0.014204801060259342,2850,10732,20309,0,0.6833377592871264,0.2098365483728464,1.0,0.34573628426919234,0.6542637157308077
20309,snR38 YHR176W,0.0,NA,0.014205360785126686,2850,10731,20310,0,0.6833672656457467,0.20985199911641264,1.0,0.3457040688122161,0.654295931187784
20310,YGL213C snR3,0.0,NA,0.01421023067086935,2850,10730,20311,0,0.683396772004367,0.20986745213549338,1.0,0.34567185335523987,0.6543281466447601
20311,YIL140W YOR020C,0.0,NA,0.014210757799446583,2850,10729,20312,0,0.6834262783629872,0.20988290743059135,1.0,0.3456396378982636,0.6543603621017364
20312,YNR059W YMR009W,0.0,NA,0.014222245663404465,2850,10728,20313,0,0.6834557847216075,0.20989836500220946,1.0,0.34560742244128734,0.6543925775587127
20313,YKL046C YHR152W,0.0,NA,0.014223990961909294,2850,10727,20314,0,0.6834852910802278,0.2099138248508507,1.0,0.34557520698431105,0.6544247930156889
20314,YOR004W YFL018C,0.0,NA,0.014224404469132423,2850,10726,20315,0,0.683514797438848,0.20992928697701826,1.0,0.3455429915273348,0.6544570084726652
20315,YDR288W YOR312C,0.0,NA,0.01422527339309454,2850,10725,20316,0,0.6835443037974683,0.20994475138121546,1.0,0.34551077607035857,0.6544892239296415
20316,YCR063W YFL033C,0.0,NA,0.014229434542357922,2850,10724,20317,0,0.6835738101560886,0.20996021806394577,1.0,0.3454785606133823,0.6545214393866177
20317,YJR145C YNL259C,0.0,NA,0.01423979178071022,2850,10723,20318,0,0.683603316514709,0.20997568702571281,1.0,0.34544634515640604,0.654553654843594
20318,YOR198C YOR069W,0.0,NA,0.014243245124816895,2850,10722,20319,0,0.6836328228733292,0.20999115826702033,1.0,0.3454141296994298,0.6545858703005702
20319,YCR083W snR35,0.0,NA,0.014251375570893288,2850,10721,20320,0,0.6836623292319495,0.21000663178837226,1.0,0.3453819142424535,0.6546180857575464
20320,YPL048W YAL028W,0.0,NA,0.014252247288823128,2850,10720,20321,0,0.6836918355905698,0.21002210759027265,1.0,0.3453496987854773,0.6546503012145227
20321,tR(UCU)M2 YDR356W,0.0,NA,0.014260978437960148,2850,10719,20322,0,0.6837213419491901,0.21003758567322572,1.0,0.34531748332850104,0.654682516671499
20322,YMR307W YCL043C,0.0,NA,0.014271431602537632,2850,10718,20323,0,0.6837508483078103,0.21005306603773585,1.0,0.34528526787152475,0.6547147321284752
20323,YKR022C YLR442C,0.0,NA,0.014271533116698265,2850,10717,20324,0,0.6837803546664306,0.21006854868430752,1.0,0.3452530524145485,0.6547469475854515
20324,YJR003C YKL067W,0.0,NA,0.0142776258289814,2850,10716,20325,0,0.6838098610250509,0.21008403361344538,1.0,0.3452208369575722,0.6547791630424278
20325,YGL004C YGL084C,0.0,NA,0.014282913878560066,2850,10715,20326,0,0.6838393673836711,0.21009952082565425,1.0,0.345188621500596,0.654811378499404
20326,YNL180C YDR217C,0.0,NA,0.014285639859735966,2850,10714,20327,0,0.6838688737422914,0.21011501032143912,1.0,0.34515640604361975,0.6548435939563803
20327,YOR316C YMR062C,0.0,NA,0.01430580485612154,2850,10713,20328,0,0.6838983801009118,0.21013050210130502,1.0,0.34512419058664345,0.6548758094133565
20328,YMR261C YIL115C,0.0,NA,0.014306140132248402,2850,10712,20329,0,0.6839278864595321,0.21014599616575727,1.0,0.3450919751296672,0.6549080248703328
20329,YBR009C YNL263C,0.0,NA,0.014310801401734352,2850,10711,20330,0,0.6839573928181523,0.21016149251530122,1.0,0.345059759672691,0.654940240327309
20330,YER109C YJR123W,0.0,NA,0.014318053610622883,2850,10710,20331,0,0.6839868991767726,0.21017699115044247,1.0,0.3450275442157147,0.6549724557842853
20331,YJL153C YDR141C,0.0,NA,0.014319460839033127,2850,10709,20332,0,0.6840164055353929,0.2101924920716867,1.0,0.34499532875873845,0.6550046712412616
20332,YJL130C YNL110C,0.0,NA,0.014322469010949135,2850,10708,20333,0,0.6840459118940132,0.21020799527953976,1.0,0.34496311330176216,0.6550368866982378
20333,YDR419W YIL150C,0.0,NA,0.01432397123426199,2850,10707,20334,0,0.6840754182526334,0.21022350077450763,1.0,0.3449308978447859,0.6550691021552141
20334,YEL029C YEL016C,0.0,NA,0.01432865671813488,2850,10706,20335,0,0.6841049246112537,0.21023900855709649,1.0,0.3448986823878097,0.6551013176121904
20335,YJL101C YNL139C,0.0,NA,0.01433005090802908,2850,10705,20336,0,0.684134430969874,0.2102545186278126,1.0,0.3448664669308334,0.6551335330691666
20336,YNL071W YPR184W,0.0,NA,0.014332124963402748,2850,10704,20337,0,0.6841639373284943,0.21027003098716246,1.0,0.34483425147385716,0.6551657485261428
20337,YML040W YGR255C,0.0,NA,0.01433345302939415,2850,10703,20338,0,0.6841934436871145,0.21028554563565263,1.0,0.3448020360168809,0.6551979639831191
20338,YOL103W-B YCR081W,0.0,NA,0.014343480579555035,2850,10702,20339,0,0.6842229500457349,0.21030106257378986,1.0,0.3447698205599046,0.6552301794400953
20339,tL(GAG)G YOL102C,0.0,NA,0.014344073832035065,2850,10701,20340,0,0.6842524564043552,0.21031658180208102,1.0,0.3447376051029284,0.6552623948970716
20340,YKL156W snR35,0.0,NA,0.014347230084240437,2850,10700,20341,0,0.6842819627629754,0.21033210332103322,1.0,0.34470538964595215,0.6552946103540479
20341,YOR160W YLR180W,0.0,NA,0.014359189197421074,2850,10699,20342,0,0.6843114691215957,0.2103476271311536,1.0,0.34467317418897586,0.6553268258110241
20342,YFR024C-A YGR251W,0.0,NA,0.014364023692905903,2850,10698,20343,0,0.684340975480216,0.21036315323294952,1.0,0.3446409587319996,0.6553590412680004
20343,snR17a YHR088W,0.0,NA,0.01436785701662302,2850,10697,20344,0,0.6843704818388363,0.21037868162692847,1.0,0.34460874327502333,0.6553912567249767
20344,YFR010W YHR112C,0.0,NA,0.014369161799550056,2850,10696,20345,0,0.6843999881974565,0.21039421231359812,1.0,0.3445765278180471,0.6554234721819528
20345,tR(CCG)L YPR129W,0.0,NA,0.014370606280863285,2850,10695,20346,0,0.6844294945560768,0.21040974529346623,1.0,0.34454431236107086,0.6554556876389291
20346,YKL028W YPR129W,0.0,NA,0.01437528058886528,2850,10694,20347,0,0.6844590009146971,0.21042528056704077,1.0,0.34451209690409457,0.6554879030959054
20347,YOR242C YLR254C,0.0,NA,0.014386149123311043,2850,10693,20348,0,0.6844885072733174,0.2104408181348298,1.0,0.34447988144711833,0.6555201185528817
20348,YGL073W YAR009C,0.0,NA,0.01438932679593563,2850,10692,20349,0,0.6845180136319376,0.2104563579973416,1.0,0.3444476659901421,0.6555523340098579
20349,Q0160 YCL067C,0.0,NA,0.014409113675355911,2850,10691,20350,0,0.684547519990558,0.21047190015508455,1.0,0.3444154505331658,0.6555845494668342
20350,YER081W YAR010C,0.0,NA,0.014417723752558231,2850,10690,20351,0,0.6845770263491783,0.21048744460856722,1.0,0.34438323507618956,0.6556167649238105
20351,YFL011W YNL054W-B,0.0,NA,0.014428487047553062,2850,10689,20352,0,0.6846065327077985,0.21050299135829825,1.0,0.34435101961921327,0.6556489803807867
20352,YDL174C YIL144W,0.0,NA,0.01443544588983059,2850,10688,20353,0,0.6846360390664188,0.2105185404047865,1.0,0.34431880416223704,0.655681195837763
20353,YOR092W YAL024C,0.0,NA,0.014439265243709087,2850,10687,20354,0,0.6846655454250391,0.21053409174854104,1.0,0.3442865887052608,0.6557134112947393
20354,YPL007C snR6,0.0,NA,0.014439651742577553,2850,10686,20355,0,0.6846950517836594,0.21054964539007093,1.0,0.3442543732482845,0.6557456267517154
20355,YKL019W YDR166C,0.0,NA,0.014444349333643913,2850,10685,20356,0,0.6847245581422796,0.2105652013298855,1.0,0.34422215779130827,0.6557778422086917
20356,YER090W YPR031W,0.0,NA,0.014451410621404648,2850,10684,20357,0,0.6847540645008999,0.21058075956849417,1.0,0.34418994233433203,0.655810057665668
20357,YJL001W snR73,0.0,NA,0.01445690542459488,2850,10683,20358,0,0.6847835708595202,0.21059632010640655,1.0,0.34415772687735574,0.6558422731226442
20358,YKL093W YAR042W,0.0,NA,0.01445915549993515,2850,10682,20359,0,0.6848130772181406,0.21061188294413244,1.0,0.3441255114203795,0.6558744885796205
20359,YLR189C YDR118W,0.0,NA,0.01447167620062828,2850,10681,20360,0,0.6848425835767608,0.21062744808218165,1.0,0.34409329596340327,0.6559067040365968
20360,YKR088C tQ(CUG)M,0.0,NA,0.01447597611695528,2850,10680,20361,0,0.6848720899353811,0.2106430155210643,1.0,0.344061080506427,0.655938919493573
20361,YGR027W-B YGL005C,0.0,NA,0.01448614988476038,2850,10679,20362,0,0.6849015962940014,0.21065858526129055,1.0,0.34402886504945074,0.6559711349505493
20362,YIL064W YOL003C,0.0,NA,0.014486156404018402,2850,10678,20363,0,0.6849311026526217,0.21067415730337077,1.0,0.34399664959247445,0.6560033504075256
20363,YBL001C YGL197W,0.0,NA,0.014491152949631214,2850,10677,20364,0,0.6849606090112419,0.2106897316478155,1.0,0.3439644341354982,0.6560355658645017
20364,YER170W tG(GCC)O2,0.0,NA,0.014496472664177418,2850,10676,20365,0,0.6849901153698622,0.21070530829513529,1.0,0.343932218678522,0.656067781321478
20365,YJR028W YLR074C,0.0,NA,0.014498577453196049,2850,10675,20366,0,0.6850196217284825,0.21072088724584104,1.0,0.3439000032215457,0.6560999967784543
20366,YOR028C YNR038W,0.0,NA,0.01450728066265583,2850,10674,20367,0,0.6850491280871027,0.21073646850044367,1.0,0.34386778776456944,0.6561322122354306
20367,YFL028C YOR249C,0.0,NA,0.014507941901683807,2850,10673,20368,0,0.685078634445723,0.21075205205945427,1.0,0.3438355723075932,0.6561644276924068
20368,YJL034W YBR278W,0.0,NA,0.014510397799313068,2850,10672,20369,0,0.6851081408043433,0.21076763792338413,1.0,0.3438033568506169,0.6561966431493831
20369,YBR211C YEL029C,0.0,NA,0.01451143343001604,2850,10671,20370,0,0.6851376471629637,0.2107832260927446,1.0,0.3437711413936407,0.6562288586063594
20370,YLR244C YHR106W,0.0,NA,0.014522730372846127,2850,10670,20371,0,0.6851671535215839,0.21079881656804733,1.0,0.3437389259366644,0.6562610740633356
20371,YBR193C YCR057C,0.0,NA,0.014523050747811794,2850,10669,20372,0,0.6851966598802042,0.21081440934980397,1.0,0.34370671047968815,0.6562932895203119
20372,YOR254C YDR213W,0.0,NA,0.01452601421624422,2850,10668,20373,0,0.6852261662388245,0.2108300044385264,1.0,0.3436744950227119,0.6563255049772881
20373,YPL167C YNR032W,0.0,NA,0.01452744659036398,2850,10667,20374,0,0.6852556725974448,0.21084560183472664,1.0,0.3436422795657356,0.6563577204342643
20374,YPL200W YIR033W,0.0,NA,0.014532356522977352,2850,10666,20375,0,0.685285178956065,0.21086120153891683,1.0,0.3436100641087594,0.6563899358912406
20375,YPL126W YDL028C,0.0,NA,0.014550928957760334,2850,10665,20376,0,0.6853146853146853,0.21087680355160932,1.0,0.34357784865178315,0.6564221513482169
20376,YER009W YLR361C,0.0,NA,0.014552371576428413,2850,10664,20377,0,0.6853441916733056,0.21089240787331656,1.0,0.34354563319480685,0.6564543668051931
20377,tV(UAC)B YLR100W,0.0,NA,0.014554491266608238,2850,10663,20378,0,0.6853736980319258,0.21090801450455118,1.0,0.3435134177378306,0.6564865822621694
20378,YER087C-B YNR009W,0.0,NA,0.014563459903001785,2850,10662,20379,0,0.6854032043905461,0.21092362344582594,1.0,0.3434812022808544,0.6565187977191457
20379,YER022W YDR300C,0.0,NA,0.01456619706004858,2850,10661,20380,0,0.6854327107491665,0.21093923469765377,1.0,0.3434489868238781,0.6565510131761219
20380,YCR082W YDR498C,0.0,NA,0.014569503255188465,2850,10660,20381,0,0.6854622171077868,0.21095484826054775,1.0,0.34341677136690185,0.6565832286330981
20381,YJR159W YEL066W,0.0,NA,0.014573770575225353,2850,10659,20382,0,0.685491723466407,0.2109704641350211,1.0,0.34338455590992556,0.6566154440900744
20382,YJL109C YLR148W,0.0,NA,0.014575555920600891,2850,10658,20383,0,0.6855212298250273,0.21098608232158722,1.0,0.3433523404529493,0.6566476595470506
20383,YJL039C YOR229W,0.0,NA,0.014576466754078865,2850,10657,20384,0,0.6855507361836476,0.2110017028207596,1.0,0.3433201249959731,0.6566798750040269
20384,snR3 YNL101W,0.0,NA,0.014578843489289284,2850,10656,20385,0,0.6855802425422679,0.21101732563305198,1.0,0.3432879095389968,0.6567120904610032
20385,tS(AGA)J YDL005C,0.0,NA,0.014586683362722397,2850,10655,20386,0,0.6856097489008881,0.21103295075897816,1.0,0.34325569408202056,0.6567443059179795
20386,YNL097C YPL176C,0.0,NA,0.014588993974030018,2850,10654,20387,0,0.6856392552595084,0.21104857819905212,1.0,0.3432234786250443,0.6567765213749557
20387,YGR004W YKR097W,0.0,NA,0.01459625456482172,2850,10653,20388,0,0.6856687616181287,0.21106420795378805,1.0,0.34319126316806803,0.656808736831932
20388,YER035W tE(UUC)P,0.0,NA,0.014605646952986717,2850,10652,20389,0,0.685698267976749,0.2110798400237002,1.0,0.3431590477110918,0.6568409522889083
20389,YLR306W YPL024W,0.0,NA,0.014637689106166363,2850,10651,20390,0,0.6857277743353692,0.211095474409303,1.0,0.3431268322541155,0.6568731677458844
20390,YBL016W YLR373C,0.0,NA,0.014639629982411861,2850,10650,20391,0,0.6857572806939896,0.2111111111111111,1.0,0.34309461679713926,0.6569053832028607
20391,YDR144C YPR066W,0.0,NA,0.01465387362986803,2850,10649,20392,0,0.6857867870526099,0.21112675012963925,1.0,0.343062401340163,0.656937598659837
20392,YGR083C snR79,0.0,NA,0.014657475985586643,2850,10648,20393,0,0.6858162934112301,0.21114239146540228,1.0,0.34303018588318673,0.6569698141168132
20393,YPL257W-B YPR182W,0.0,NA,0.014658336527645588,2850,10647,20394,0,0.6858457997698504,0.21115803511891532,1.0,0.3429979704262105,0.6570020295737895
20394,YJL019W YDR224C,0.0,NA,0.014665728434920311,2850,10646,20395,0,0.6858753061284707,0.21117368109069354,1.0,0.34296575496923426,0.6570342450307658
20395,YPL051W YOR209C,0.0,NA,0.014669718220829964,2850,10645,20396,0,0.685904812487091,0.21118932938125232,1.0,0.34293353951225797,0.657066460487742
20396,YLR189C YBR111W-A,0.0,NA,0.014673338271677494,2850,10644,20397,0,0.6859343188457112,0.21120497999110716,1.0,0.34290132405528173,0.6570986759447183
20397,YKL196C YJL095W,0.0,NA,0.01468353159725666,2850,10643,20398,0,0.6859638252043315,0.21122063292077373,1.0,0.3428691085983055,0.6571308914016946
20398,YPR036W YDR118W,0.0,NA,0.014686967246234417,2850,10642,20399,0,0.6859933315629518,0.21123628817076787,1.0,0.3428368931413292,0.6571631068586707
20399,YMR220W YIL023C,0.0,NA,0.014688962139189243,2850,10641,20400,0,0.6860228379215721,0.21125194574160552,1.0,0.34280467768435297,0.657195322315647
20400,YDL059C YNL220W,0.0,NA,0.014689850620925426,2850,10640,20401,0,0.6860523442801923,0.2112676056338028,1.0,0.3427724622273767,0.6572275377726233
20401,YPL086C YLR238W,0.0,NA,0.01469267439097166,2850,10639,20402,0,0.6860818506388127,0.21128326784787604,1.0,0.34274024677040044,0.6572597532295995
20402,YPR073C YFL054C,0.0,NA,0.014697023667395115,2850,10638,20403,0,0.686111356997433,0.21129893238434164,1.0,0.3427080313134242,0.6572919686865758
20403,YMR263W YJR017C,0.0,NA,0.01469855010509491,2850,10637,20404,0,0.6861408633560532,0.21131459924371618,1.0,0.3426758158564479,0.6573241841435521
20404,YPR180W YBR020W,0.0,NA,0.014703861437737942,2850,10636,20405,0,0.6861703697146735,0.2113302684265164,1.0,0.34264360039947167,0.6573563996005284
20405,YOR065W YHL030W,0.0,NA,0.014706921763718128,2850,10635,20406,0,0.6861998760732938,0.21134593993325917,1.0,0.34261138494249543,0.6573886150575046
20406,YDR416W YLR262C-A,0.0,NA,0.014709272421896458,2850,10634,20407,0,0.6862293824319141,0.21136161376446158,1.0,0.34257916948551914,0.6574208305144809
20407,YHR196W YMR174C,0.0,NA,0.014714835211634636,2850,10633,20408,0,0.6862588887905343,0.2113772899206408,1.0,0.3425469540285429,0.6574530459714572
20408,YCR038C YGL027C,0.0,NA,0.014728697016835213,2850,10632,20409,0,0.6862883951491546,0.2113929684023142,1.0,0.3425147385715666,0.6574852614284333
20409,YOR091W tE(UUC)E1,0.0,NA,0.014728751964867115,2850,10631,20410,0,0.6863179015077749,0.21140864920999927,1.0,0.3424825231145904,0.6575174768854096
20410,YLR144C YPR164W,0.0,NA,0.014739295467734337,2850,10630,20411,0,0.6863474078663953,0.21142433234421365,1.0,0.34245030765761414,0.6575496923423859
20411,YDL210W YHR148W,0.0,NA,0.01474391482770443,2850,10629,20412,0,0.6863769142250155,0.2114400178054752,1.0,0.34241809220063785,0.6575819077993621
20412,YJL091C Q0110,0.0,NA,0.014744074083864689,2850,10628,20413,0,0.6864064205836358,0.21145570559430182,1.0,0.3423858767436616,0.6576141232563384
20413,YPL258C YER124C,0.0,NA,0.014744468964636326,2850,10627,20414,0,0.6864359269422561,0.2114713957112117,1.0,0.3423536612866854,0.6576463387133147
20414,YKR066C YOR032C,0.0,NA,0.014754661358892918,2850,10626,20415,0,0.6864654333008764,0.21148708815672307,1.0,0.3423214458297091,0.6576785541702909
20415,YPR018W YPL127C,0.0,NA,0.014760124497115612,2850,10625,20416,0,0.6864949396594966,0.21150278293135436,1.0,0.34228923037273284,0.6577107696272672
20416,YER142C YMR204C,0.0,NA,0.014775145798921585,2850,10624,20417,0,0.6865244460181169,0.21151848003562415,1.0,0.3422570149157566,0.6577429850842434
20417,YPL007C YMR167W,0.0,NA,0.01478144247084856,2850,10623,20418,0,0.6865539523767372,0.2115341794700512,1.0,0.3422247994587803,0.6577752005412196
20418,YDR211W YBL050W,0.0,NA,0.014803804457187653,2850,10622,20419,0,0.6865834587353574,0.2115498812351544,1.0,0.3421925840018041,0.6578074159981959
20419,YCL020W YJR105W,0.0,NA,0.014819474890828133,2850,10621,20420,0,0.6866129650939777,0.21156558533145275,1.0,0.3421603685448278,0.6578396314551722
20420,YGL216W YOR362C,0.0,NA,0.014823381789028645,2850,10620,20421,0,0.686642471452598,0.21158129175946547,1.0,0.34212815308785155,0.6578718469121484
20421,YDR386W YDR283C,0.0,NA,0.014831523410975933,2850,10619,20422,0,0.6866719778112184,0.21159700051971192,1.0,0.3420959376308753,0.6579040623691247
20422,tR(ACG)D YDL167C,0.0,NA,0.014833291992545128,2850,10618,20423,0,0.6867014841698386,0.2116127116127116,1.0,0.342063722173899,0.657936277826101
20423,tA(AGC)M2 YMR016C,0.0,NA,0.014834254048764706,2850,10617,20424,0,0.6867309905284589,0.21162842503898419,1.0,0.3420315067169228,0.6579684932830773
20424,YDR459C YMR305C,0.0,NA,0.014861134812235832,2850,10616,20425,0,0.6867604968870792,0.21164414079904945,1.0,0.34199929125994655,0.6580007087400535
20425,YOR083W snR43,0.0,NA,0.014868726022541523,2850,10615,20426,0,0.6867900032456995,0.2116598588934274,1.0,0.34196707580297026,0.6580329241970297
20426,tG(GCC)P2 YLR074C,0.0,NA,0.014894017018377781,2850,10614,20427,0,0.6868195096043197,0.21167557932263814,1.0,0.341934860345994,0.658065139654006
20427,YGL063W YDL076C,0.0,NA,0.014903353527188301,2850,10613,20428,0,0.68684901596294,0.21169130208720197,1.0,0.3419026448890177,0.6580973551109822
20428,YDL140C tQ(UUG)E1,0.0,NA,0.014909927733242512,2850,10612,20429,0,0.6868785223215603,0.21170702718763929,1.0,0.3418704294320415,0.6581295705679585
20429,YFR024C-A YGR157W,0.0,NA,0.014916211366653442,2850,10611,20430,0,0.6869080286801805,0.21172275462447068,1.0,0.34183821397506525,0.6581617860249348
20430,tP(AGG)N YER062C,0.0,NA,0.014924705028533936,2850,10610,20431,0,0.6869375350388008,0.21173848439821694,1.0,0.34180599851808896,0.658194001481911
20431,YBR097W YOR089C,0.0,NA,0.014928905293345451,2850,10609,20432,0,0.6869670413974212,0.2117542165093989,1.0,0.3417737830611127,0.6582262169388873
20432,YLL058W YOR143C,0.0,NA,0.014940186403691769,2850,10608,20433,0,0.6869965477560415,0.21176995095853768,1.0,0.3417415676041365,0.6582584323958636
20433,YGR147C YBL051C,0.0,NA,0.014959587715566158,2850,10607,20434,0,0.6870260541146617,0.21178568774615442,1.0,0.3417093521471602,0.6582906478528397
20434,YDL005C YBR118W,0.0,NA,0.01496026199311018,2850,10606,20435,0,0.687055560473282,0.2118014268727705,1.0,0.34167713669018396,0.658322863309816
20435,YNL271C YGR161W-B,0.0,NA,0.01496672909706831,2850,10605,20436,0,0.6870850668319023,0.21181716833890746,1.0,0.34164492123320767,0.6583550787667923
20436,YGR013W YHR077C,0.0,NA,0.014988494105637074,2850,10604,20437,0,0.6871145731905226,0.21183291214508695,1.0,0.34161270577623143,0.6583872942237685
20437,YJR131W YPL011C,0.0,NA,0.014992845244705677,2850,10603,20438,0,0.6871440795491428,0.2118486582918308,1.0,0.3415804903192552,0.6584195096807448
20438,YDR155C YML075C,0.0,NA,0.014995895326137543,2850,10602,20439,0,0.6871735859077631,0.211864406779661,1.0,0.3415482748622789,0.6584517251377211
20439,YOR047C YBL051C,0.0,NA,0.015012836083769798,2850,10601,20440,0,0.6872030922663834,0.2118801576090997,1.0,0.34151605940530266,0.6584839405946973
20440,YNL054W-B YNL302C,0.0,NA,0.015015417709946632,2850,10600,20441,0,0.6872325986250037,0.21189591078066913,1.0,0.3414838439483264,0.6585161560516736
20441,YKR079C YIL079C,0.0,NA,0.015017541125416756,2850,10599,20442,0,0.687262104983624,0.2119116662948918,1.0,0.34145162849135013,0.6585483715086499
20442,YJR119C YPL194W,0.0,NA,0.015035339631140232,2850,10598,20443,0,0.6872916113422443,0.2119274241522903,1.0,0.3414194130343739,0.6585805869656262
20443,YGR038W YGL054C,0.0,NA,0.01503992360085249,2850,10597,20444,0,0.6873211177008646,0.21194318435338738,1.0,0.34138719757739766,0.6586128024226023
20444,YGR112W YGR083C,0.0,NA,0.01504440326243639,2850,10596,20445,0,0.6873506240594848,0.21195894689870592,1.0,0.34135498212042137,0.6586450178795786
20445,YMR263W YGR098C,0.0,NA,0.015046028420329094,2850,10595,20446,0,0.6873801304181051,0.21197471178876906,1.0,0.34132276666344513,0.6586772333365549
20446,tN(GUU)K YMR311C,0.0,NA,0.0150479506701231,2850,10594,20447,0,0.6874096367767254,0.21199047902409998,1.0,0.34129055120646884,0.6587094487935311
20447,MPR1 YKL109W,0.0,NA,0.015062415972352028,2850,10593,20448,0,0.6874391431353457,0.21200624860522205,1.0,0.3412583357494926,0.6587416642505074
20448,tA(AGC)P YCR014C,0.0,NA,0.015063958242535591,2850,10592,20449,0,0.6874686494939659,0.21202202053265884,1.0,0.34122612029251637,0.6587738797074837
20449,YGL064C YBR078W,0.0,NA,0.015065578743815422,2850,10591,20450,0,0.6874981558525862,0.21203779480693402,1.0,0.3411939048355401,0.6588060951644599
20450,YLR332W YOR346W,0.0,NA,0.015067383646965027,2850,10590,20451,0,0.6875276622112065,0.21205357142857142,1.0,0.34116168937856384,0.6588383106214362
20451,YHR010W tG(GCC)C,0.0,NA,0.01506816130131483,2850,10589,20452,0,0.6875571685698268,0.2120693503980951,1.0,0.3411294739215876,0.6588705260784125
20452,YLR145W YKL019W,0.0,NA,0.015073555521667004,2850,10588,20453,0,0.687586674928447,0.21208513171602916,1.0,0.3410972584646113,0.6589027415353886
20453,YJR035W tT(UGU)P,0.0,NA,0.015073902904987335,2850,10587,20454,0,0.6876161812870674,0.21210091538289796,1.0,0.34106504300763507,0.6589349569923649
20454,YGL203C YBR107C,0.0,NA,0.015085147693753242,2850,10586,20455,0,0.6876456876456877,0.21211670139922595,1.0,0.3410328275506588,0.6589671724493412
20455,YOR236W YHR165C,0.0,NA,0.015088188461959362,2850,10585,20456,0,0.6876751940043079,0.21213248976553778,1.0,0.34100061209368254,0.6589993879063174
20456,YIL003W YHR164C,0.0,NA,0.015095226466655731,2850,10584,20457,0,0.6877047003629282,0.2121482804823582,1.0,0.3409683966367063,0.6590316033632937
20457,YAL024C YLR313C,0.0,NA,0.015095786191523075,2850,10583,20458,0,0.6877342067215485,0.21216407355021216,1.0,0.34093618117973,0.65906381882027
20458,YMR173W snR44,0.0,NA,0.015099423937499523,2850,10582,20459,0,0.6877637130801688,0.21217986896962476,1.0,0.3409039657227538,0.6590960342772462
20459,YOL132W YOR058C,0.0,NA,0.015105701051652431,2850,10581,20460,0,0.687793219438789,0.21219566674112128,1.0,0.34087175026577754,0.6591282497342225
20460,YBR265W YNL147W,0.0,NA,0.01511611882597208,2850,10580,20461,0,0.6878227257974093,0.2122114668652271,1.0,0.34083953480880125,0.6591604651911988
20461,YLR033W YNL173C,0.0,NA,0.015116444788873196,2850,10579,20462,0,0.6878522321560296,0.2122272693424678,1.0,0.340807319351825,0.659192680648175
20462,YOR356W YPL232W,0.0,NA,0.01512396614998579,2850,10578,20463,0,0.68788173851465,0.21224307417336907,1.0,0.3407751038948488,0.6592248961051512
20463,YPR171W YMR046C,0.0,NA,0.015145025216042995,2850,10577,20464,0,0.6879112448732702,0.21225888135845683,1.0,0.3407428884378725,0.6592571115621275
20464,YHR153C YER172C,0.0,NA,0.01515208836644888,2850,10576,20465,0,0.6879407512318905,0.21227469089825712,1.0,0.34071067298089625,0.6592893270191038
20465,YPL040C tR(UCU)B,0.0,NA,0.015154472552239895,2850,10575,20466,0,0.6879702575905108,0.2122905027932961,1.0,0.34067845752391995,0.65932154247608
20466,YBR065C YKL040C,0.0,NA,0.015165477991104126,2850,10574,20467,0,0.687999763949131,0.2123063170441001,1.0,0.3406462420669437,0.6593537579330563
20467,YNR054C YNL255C,0.0,NA,0.015170793980360031,2850,10573,20468,0,0.6880292703077513,0.2123221336511957,1.0,0.3406140266099675,0.6593859733900326
20468,YIL077C YDR210W-A,0.0,NA,0.015178103931248188,2850,10572,20469,0,0.6880587766663716,0.21233795261510952,1.0,0.3405818111529912,0.6594181888470088
20469,YDL099W YCL039W,0.0,NA,0.0151823740452528,2850,10571,20470,0,0.6880882830249919,0.21235377393636837,1.0,0.34054959569601495,0.659450404303985
20470,tA(AGC)K2 YNR032W,0.0,NA,0.015184084884822369,2850,10570,20471,0,0.6881177893836121,0.21236959761549926,1.0,0.3405173802390387,0.6594826197609613
20471,YNL294C YNR075W,0.0,NA,0.015186537988483906,2850,10569,20472,0,0.6881472957422324,0.2123854236530293,1.0,0.3404851647820624,0.6595148352179375
20472,YLR175W YGR098C,0.0,NA,0.015186731703579426,2850,10568,20473,0,0.6881768021008527,0.21240125204948576,1.0,0.3404529493250862,0.6595470506749138
20473,YOR324C YNL004W,0.0,NA,0.015187808312475681,2850,10567,20474,0,0.6882063084594731,0.21241708280539615,1.0,0.3404207338681099,0.6595792661318901
20474,YDR389W YIR030C,0.0,NA,0.01519820187240839,2850,10566,20475,0,0.6882358148180933,0.21243291592128802,1.0,0.34038851841113366,0.6596114815888663
20475,tE(UUC)B YMR216C,0.0,NA,0.015234614722430706,2850,10565,20476,0,0.6882653211767136,0.21244875139768915,1.0,0.3403563029541574,0.6596436970458426
20476,YER155C YHR185C,0.0,NA,0.015238199383020401,2850,10564,20477,0,0.6882948275353339,0.21246458923512748,1.0,0.3403240874971811,0.6596759125028189
20477,snR38 YOL017W,0.0,NA,0.015245672315359116,2850,10563,20478,0,0.6883243338939542,0.21248042943413106,1.0,0.3402918720402049,0.659708127959795
20478,snR44 YGR285C,0.0,NA,0.01524635124951601,2850,10562,20479,0,0.6883538402525744,0.21249627199522816,1.0,0.34025965658322865,0.6597403434167713
20479,YOL132W YBR267W,0.0,NA,0.01525071170181036,2850,10561,20480,0,0.6883833466111947,0.21251211691894714,1.0,0.34022744112625236,0.6597725588737476
20480,YDR435C YNL166C,0.0,NA,0.015261013992130756,2850,10560,20481,0,0.688412852969815,0.21252796420581654,1.0,0.3401952256692761,0.6598047743307239
20481,YKR085C YMR060C,0.0,NA,0.015261322259902954,2850,10559,20482,0,0.6884423593284352,0.21254381385636512,1.0,0.3401630102122999,0.6598369897877001
20482,YDL088C YLR139C,0.0,NA,0.015261379070580006,2850,10558,20483,0,0.6884718656870555,0.2125596658711217,1.0,0.3401307947553236,0.6598692052446764
20483,YDR447C YNR058W,0.0,NA,0.015264488756656647,2850,10557,20484,0,0.6885013720456759,0.21257552025061535,1.0,0.34009857929834736,0.6599014207016527
20484,tG(CCC)O YBR030W,0.0,NA,0.01526527851819992,2850,10556,20485,0,0.6885308784042962,0.2125913769953752,1.0,0.34006636384137107,0.6599336361586289
20485,YDL185W YJL210W,0.0,NA,0.015270117670297623,2850,10555,20486,0,0.6885603847629164,0.21260723610593063,1.0,0.34003414838439483,0.6599658516156052
20486,YPR137C-A YOL130W,0.0,NA,0.015272490680217743,2850,10554,20487,0,0.6885898911215367,0.2126230975828111,1.0,0.3400019329274186,0.6599980670725815
20487,YGL067W YBL008W,0.0,NA,0.015279140323400497,2850,10553,20488,0,0.688619397480157,0.21263896142654629,1.0,0.3399697174704423,0.6600302825295576
20488,tD(GUC)J1 YER162C,0.0,NA,0.015280998311936855,2850,10552,20489,0,0.6886489038387773,0.21265482763766602,1.0,0.33993750201346606,0.6600624979865339
20489,YER104W YNR026C,0.0,NA,0.01528485119342804,2850,10551,20490,0,0.6886784101973975,0.21267069621670023,1.0,0.3399052865564898,0.6600947134435102
20490,snR19 YOL054W,0.0,NA,0.01529361680150032,2850,10550,20491,0,0.6887079165560178,0.2126865671641791,1.0,0.33987307109951354,0.6601269289004864
20491,YOR362C YNR064C,0.0,NA,0.015297502279281616,2850,10549,20492,0,0.6887374229146381,0.2127024404806329,1.0,0.3398408556425373,0.6601591443574627
20492,YBR080C YMR016C,0.0,NA,0.01529786828905344,2850,10548,20493,0,0.6887669292732583,0.21271831616659204,1.0,0.339808640185561,0.660191359814439
20493,YKL164C YPL194W,0.0,NA,0.015301791951060295,2850,10547,20494,0,0.6887964356318786,0.21273419422258716,1.0,0.33977642472858477,0.6602235752714152
20494,YIR030C YPL049C,0.0,NA,0.015304291620850563,2850,10546,20495,0,0.688825941990499,0.212750074649149,1.0,0.33974420927160853,0.6602557907283915
20495,YKR039W YML125C,0.0,NA,0.01531116385012865,2850,10545,20496,0,0.6888554483491193,0.2127659574468085,1.0,0.33971199381463224,0.6602880061853678
20496,YER099C YGR172C,0.0,NA,0.015319223515689373,2850,10544,20497,0,0.6888849547077395,0.21278184261609676,1.0,0.339679778357656,0.660320221642344
20497,YMR227C YOL110W,0.0,NA,0.015329773537814617,2850,10543,20498,0,0.6889144610663598,0.212797730157545,1.0,0.33964756290067977,0.6603524370993202
20498,YOR207C YJL207C,0.0,NA,0.015334581956267357,2850,10542,20499,0,0.6889439674249801,0.21281362007168458,1.0,0.3396153474437035,0.6603846525562965
20499,tR(ACG)L YNR008W,0.0,NA,0.015335503965616226,2850,10541,20500,0,0.6889734737836004,0.21282951235904712,1.0,0.33958313198672724,0.6604168680132728
20500,YNL085W YBL008W,0.0,NA,0.015338224358856678,2850,10540,20501,0,0.6890029801422206,0.2128454070201643,1.0,0.339550916529751,0.660449083470249
20501,YPL195W YPL117C,0.0,NA,0.015345003455877304,2850,10539,20502,0,0.6890324865008409,0.212861304055568,1.0,0.3395187010727747,0.6604812989272253
20502,YBL008W YDR522C,0.0,NA,0.01534673385322094,2850,10538,20503,0,0.6890619928594612,0.21287720346579025,1.0,0.3394864856157985,0.6605135143842016
20503,YOR119C YBR238C,0.0,NA,0.015351618640124798,2850,10537,20504,0,0.6890914992180815,0.21289310525136326,1.0,0.3394542701588222,0.6605457298411778
20504,YAR003W YOL103W-A,0.0,NA,0.015353853814303875,2850,10536,20505,0,0.6891210055767018,0.21290900941281937,1.0,0.33942205470184594,0.6605779452981541
20505,YDR460W YNL072W,0.0,NA,0.01537286676466465,2850,10535,20506,0,0.6891505119353221,0.21292491595069107,1.0,0.3393898392448697,0.6606101607551303
20506,tN(GUU)K YGL011C,0.0,NA,0.015379994176328182,2850,10534,20507,0,0.6891800182939424,0.21294082486551105,1.0,0.3393576237878934,0.6606423762121065
20507,tA(AGC)K1 YGR170W,0.0,NA,0.01539258286356926,2850,10533,20508,0,0.6892095246525626,0.21295673615781216,1.0,0.3393254083309172,0.6606745916690828
20508,YDR408C YLR385C,0.0,NA,0.015394463203847408,2850,10532,20509,0,0.6892390310111829,0.21297264982812733,1.0,0.33929319287394094,0.6607068071260591
20509,Q0120 YDR432W,0.0,NA,0.015403789468109608,2850,10531,20510,0,0.6892685373698032,0.21298856587698975,1.0,0.33926097741696465,0.6607390225830353
20510,YOL091W YKR082W,0.0,NA,0.01540918555110693,2850,10530,20511,0,0.6892980437284235,0.21300448430493274,1.0,0.3392287619599884,0.6607712380400116
20511,tS(AGA)M YKL040C,0.0,NA,0.015429369173943996,2850,10529,20512,0,0.6893275500870437,0.21302040511248974,1.0,0.3391965465030121,0.6608034534969879
20512,YFL025C YDR213W,0.0,NA,0.01543407142162323,2850,10528,20513,0,0.689357056445664,0.21303632830019434,1.0,0.3391643310460359,0.6608356689539641
20513,YER138C YGR087C,0.0,NA,0.015449535101652145,2850,10527,20514,0,0.6893865628042843,0.2130522538685804,1.0,0.33913211558905965,0.6608678844109404
20514,snR65 YAL033W,0.0,NA,0.015454467386007309,2850,10526,20515,0,0.6894160691629047,0.21306818181818182,1.0,0.33909990013208335,0.6609000998679166
20515,tG(CCC)O YDL058W,0.0,NA,0.015466144308447838,2850,10525,20516,0,0.6894455755215249,0.2130841121495327,1.0,0.3390676846751071,0.6609323153248929
20516,YML021C YOR356W,0.0,NA,0.015467357821762562,2850,10524,20517,0,0.6894750818801452,0.21310004486316733,1.0,0.3390354692181309,0.6609645307818691
20517,YLR095C YDR487C,0.0,NA,0.015472897328436375,2850,10523,20518,0,0.6895045882387655,0.21311597995962012,1.0,0.3390032537611546,0.6609967462388454
20518,YEL056W tG(GCC)D2,0.0,NA,0.015484955161809921,2850,10522,20519,0,0.6895340945973857,0.21313191743942567,1.0,0.33897103830417835,0.6610289616958217
20519,snR33 YAL051W,0.0,NA,0.015487832948565483,2850,10521,20520,0,0.689563600956006,0.2131478573031187,1.0,0.3389388228472021,0.6610611771527979
20520,YBR061C snR58,0.0,NA,0.015490181744098663,2850,10520,20521,0,0.6895931073146263,0.2131637995512341,1.0,0.3389066073902258,0.6610933926097742
20521,YEL018W YAL044C,0.0,NA,0.015493360348045826,2850,10519,20522,0,0.6896226136732466,0.213179744184307,1.0,0.3388743919332496,0.6611256080667505
20522,YPL189W YJL140W,0.0,NA,0.015497738495469093,2850,10518,20523,0,0.6896521200318668,0.21319569120287254,1.0,0.3388421764762733,0.6611578235237267
20523,YPL085W snR52,0.0,NA,0.015502016991376877,2850,10517,20524,0,0.6896816263904871,0.21321164060746614,1.0,0.33880996101929706,0.6611900389807029
20524,YJL219W YIL115C,0.0,NA,0.015504746697843075,2850,10516,20525,0,0.6897111327491074,0.21322759239862338,1.0,0.3387777455623208,0.6612222544376792
20525,YJL097W YPL224C,0.0,NA,0.015508634969592094,2850,10515,20526,0,0.6897406391077278,0.2132435465768799,1.0,0.33874553010534453,0.6612544698946554
20526,YLR372W YGL040C,0.0,NA,0.015521633438766003,2850,10514,20527,0,0.689770145466348,0.21325950314277162,1.0,0.3387133146483683,0.6612866853516317
20527,YGR281W YGL248W,0.0,NA,0.015529541298747063,2850,10513,20528,0,0.6897996518249683,0.21327546209683454,1.0,0.33868109919139205,0.661318900808608
20528,YMR043W YKL126W,0.0,NA,0.015532022342085838,2850,10512,20529,0,0.6898291581835886,0.21329142343960486,1.0,0.33864888373441576,0.6613511162655842
20529,snR44 YDL095W,0.0,NA,0.0155510688200593,2850,10511,20530,0,0.6898586645422089,0.2133073871716189,1.0,0.3386166682774395,0.6613833317225605
20530,YDL222C YFR045W,0.0,NA,0.015560433268547058,2850,10510,20531,0,0.6898881709008291,0.21332335329341318,1.0,0.33858445282046323,0.6614155471795368
20531,YPL020C YFL033C,0.0,NA,0.015572823584079742,2850,10509,20532,0,0.6899176772594494,0.21333932180552437,1.0,0.338552237363487,0.661447762636513
20532,YGR024C YDR163W,0.0,NA,0.015576846897602081,2850,10508,20533,0,0.6899471836180697,0.2133552927084893,1.0,0.33852002190651076,0.6614799780934892
20533,YDL098C YER055C,0.0,NA,0.015591373667120934,2850,10507,20534,0,0.6899766899766899,0.21337126600284495,1.0,0.33848780644953447,0.6615121935504655
20534,YOR244W YIL088C,0.0,NA,0.015605161897838116,2850,10506,20535,0,0.6900061963353102,0.21338724168912848,1.0,0.33845559099255823,0.6615444090074418
20535,YGL195W YNR058W,0.0,NA,0.015614509582519531,2850,10505,20536,0,0.6900357026939306,0.2134032197678772,1.0,0.338423375535582,0.661576624464418
20536,YNL041C YDR469W,0.0,NA,0.01561849843710661,2850,10504,20537,0,0.6900652090525509,0.21341920023962857,1.0,0.3383911600786057,0.6616088399213943
20537,YLR332W YHR073W,0.0,NA,0.01562546379864216,2850,10503,20538,0,0.6900947154111711,0.21343518310492024,1.0,0.33835894462162946,0.6616410553783706
20538,YBR200W YLR153C,0.0,NA,0.01562894880771637,2850,10502,20539,0,0.6901242217697914,0.21345116836428998,1.0,0.33832672916465323,0.6616732708353468
20539,YDR409W YDL118W,0.0,NA,0.015629228204488754,2850,10501,20540,0,0.6901537281284117,0.2134671560182758,1.0,0.33829451370767694,0.6617054862923231
20540,YOR061W YIL156W,0.0,NA,0.015630651265382767,2850,10500,20541,0,0.690183234487032,0.21348314606741572,1.0,0.3382622982507007,0.6617377017492994
20541,YMR030W YDR227W,0.0,NA,0.01563558168709278,2850,10499,20542,0,0.6902127408456522,0.2134991385122481,1.0,0.3382300827937244,0.6617699172062755
20542,YKL017C YNL178W,0.0,NA,0.01564532332122326,2850,10498,20543,0,0.6902422472042725,0.21351513335331135,1.0,0.33819786733674817,0.6618021326632518
20543,YDR503C YMR050C,0.0,NA,0.015664059668779373,2850,10497,20544,0,0.6902717535628928,0.21353113059114406,1.0,0.33816565187977193,0.6618343481202281
20544,YGL073W tG(CCC)D,0.0,NA,0.015691330656409264,2850,10496,20545,0,0.690301259921513,0.21354713022628502,1.0,0.33813343642279564,0.6618665635772043
20545,YOR160W YOL080C,0.0,NA,0.015698211267590523,2850,10495,20546,0,0.6903307662801333,0.21356313225927315,1.0,0.3381012209658194,0.6618987790341806
20546,YDR420W YOR010C,0.0,NA,0.015699375420808792,2850,10494,20547,0,0.6903602726387537,0.2135791366906475,1.0,0.33806900550884317,0.6619309944911569
20547,YGR140W YCL019W,0.0,NA,0.01570151187479496,2850,10493,20548,0,0.690389778997374,0.2135951435209473,1.0,0.3380367900518669,0.6619632099481331
20548,YMR301C YDL075W,0.0,NA,0.015710270032286644,2850,10492,20549,0,0.6904192853559942,0.21361115275071205,1.0,0.33800457459489064,0.6619954254051094
20549,YOR324C YPR158C-D,0.0,NA,0.015711376443505287,2850,10491,20550,0,0.6904487917146145,0.2136271643804812,1.0,0.33797235913791435,0.6620276408620857
20550,YPL130W YKL108W,0.0,NA,0.01571979932487011,2850,10490,20551,0,0.6904782980732348,0.2136431784107946,1.0,0.3379401436809381,0.6620598563190618
20551,YDR446W tQ(UUG)L,0.0,NA,0.015721281990408897,2850,10489,20552,0,0.6905078044318551,0.21365919484219206,1.0,0.3379079282239619,0.6620920717760381
20552,YIL134W YCR012W,0.0,NA,0.015725230798125267,2850,10488,20553,0,0.6905373107904753,0.21367521367521367,1.0,0.3378757127669856,0.6621242872330144
20553,YKR002W YLR148W,0.0,NA,0.01573198474943638,2850,10487,20554,0,0.6905668171490956,0.21369123491039965,1.0,0.33784349731000934,0.6621565026899907
20554,YGR163W YMR043W,0.0,NA,0.015736142173409462,2850,10486,20555,0,0.6905963235077159,0.21370725854829034,1.0,0.3378112818530331,0.6621887181469669
20555,YNL164C YNL054W-A,0.0,NA,0.015739215537905693,2850,10485,20556,0,0.6906258298663362,0.21372328458942633,1.0,0.3377790663960568,0.6622209336039432
20556,YLR233C YBR110W,0.0,NA,0.015746833756566048,2850,10484,20557,0,0.6906553362249565,0.2137393130343483,1.0,0.3377468509390806,0.6622531490609195
20557,tQ(UUG)D1 YBL097W,0.0,NA,0.015762316063046455,2850,10483,20558,0,0.6906848425835768,0.2137553438835971,1.0,0.3377146354821043,0.6622853645178957
20558,YLR066W YNL015W,0.0,NA,0.015762515366077423,2850,10482,20559,0,0.6907143489421971,0.21377137713771377,1.0,0.33768242002512805,0.662317579974872
20559,YNL326C tG(CCC)O,0.0,NA,0.015766657888889313,2850,10481,20560,0,0.6907438553008173,0.2137874127972395,1.0,0.3376502045681518,0.6623497954318482
20560,YDL099W YOR020C,0.0,NA,0.015775762498378754,2850,10480,20561,0,0.6907733616594376,0.21380345086271568,1.0,0.3376179891111755,0.6623820108888244
20561,YJL004C YDR040C,0.0,NA,0.015777185559272766,2850,10479,20562,0,0.6908028680180579,0.21381949133468378,1.0,0.3375857736541993,0.6624142263458007
20562,YLR263W YGR198W,0.0,NA,0.01577761396765709,2850,10478,20563,0,0.6908323743766782,0.21383553421368548,1.0,0.33755355819722305,0.662446441802777
20563,snR53 YIL162W,0.0,NA,0.015779592096805573,2850,10477,20564,0,0.6908618807352984,0.21385157950026262,1.0,0.33752134274024675,0.6624786572597532
20564,YLR221C YML006C,0.0,NA,0.0157850943505764,2850,10476,20565,0,0.6908913870939187,0.21386762719495722,1.0,0.3374891272832705,0.6625108727167295
20565,YOR095C tE(UUC)M,0.0,NA,0.015799066051840782,2850,10475,20566,0,0.690920893452539,0.21388367729831145,1.0,0.3374569118262943,0.6625430881737058
20566,YLL021W YDL101C,0.0,NA,0.015799108892679214,2850,10474,20567,0,0.6909503998111594,0.2138997298108676,1.0,0.337424696369318,0.662575303630682
20567,snR53 YNL309W,0.0,NA,0.01580050401389599,2850,10473,20568,0,0.6909799061697796,0.21391578473316822,1.0,0.33739248091234175,0.6626075190876582
20568,YLR186W YBR111W-A,0.0,NA,0.015807637944817543,2850,10472,20569,0,0.6910094125283999,0.21393184206575588,1.0,0.33736026545536546,0.6626397345446345
20569,tD(GUC)J1 YML100W,0.0,NA,0.015809426084160805,2850,10471,20570,0,0.6910389188870202,0.21394790180917347,1.0,0.3373280499983892,0.6626719500016107
20570,YOR377W YNR026C,0.0,NA,0.015822704881429672,2850,10470,20571,0,0.6910684252456404,0.21396396396396397,1.0,0.337295834541413,0.662704165458587
20571,YLR398C YIL052C,0.0,NA,0.01582794077694416,2850,10469,20572,0,0.6910979316042607,0.21398002853067047,1.0,0.3372636190844367,0.6627363809155633
20572,YNL216W YCL033C,0.0,NA,0.015828808769583702,2850,10468,20573,0,0.691127437962881,0.2139960955098363,1.0,0.33723140362746046,0.6627685963725396
20573,YPL047W YLR160C,0.0,NA,0.015831878408789635,2850,10467,20574,0,0.6911569443215013,0.21401216490200495,1.0,0.3371991881704842,0.6628008118295158
20574,YFL017C YJL088W,0.0,NA,0.01583276316523552,2850,10466,20575,0,0.6911864506801215,0.21402823670772003,1.0,0.33716697271350793,0.6628330272864921
20575,snR53 YPR179C,0.0,NA,0.01583893783390522,2850,10465,20576,0,0.6912159570387418,0.21404431092752535,1.0,0.3371347572565317,0.6628652427434684
20576,YGL044C YJR095W,0.0,NA,0.015841294080018997,2850,10464,20577,0,0.6912454633973621,0.21406038756196485,1.0,0.3371025417995554,0.6628974582004445
20577,YNL004W YJR090C,0.0,NA,0.015846164897084236,2850,10463,20578,0,0.6912749697559825,0.21407646661158267,1.0,0.33707032634257916,0.6629296736574208
20578,YJL020C tA(AGC)L,0.0,NA,0.01584812067449093,2850,10462,20579,0,0.6913044761146027,0.21409254807692307,1.0,0.3370381108856029,0.6629618891143971
20579,YIL038C YBR055C,0.0,NA,0.01585078239440918,2850,10461,20580,0,0.691333982473223,0.21410863195853053,1.0,0.33700589542862663,0.6629941045713733
20580,YDR108W YAL003W,0.0,NA,0.015853848308324814,2850,10460,20581,0,0.6913634888318433,0.21412471825694968,1.0,0.3369736799716504,0.6630263200283496
20581,tD(GUC)J1 YDR373W,0.0,NA,0.01587590016424656,2850,10459,20582,0,0.6913929951904636,0.21414080697272522,1.0,0.33694146451467416,0.6630585354853259
20582,YOR287C YDL043C,0.0,NA,0.015878641977906227,2850,10458,20583,0,0.6914225015490838,0.21415689810640218,1.0,0.33690924905769787,0.6630907509423021
20583,YAL053W YNL221C,0.0,NA,0.015880005434155464,2850,10457,20584,0,0.6914520079077041,0.21417299165852557,1.0,0.33687703360072163,0.6631229663992784
20584,YKR085C YNR035C,0.0,NA,0.015880482271313667,2850,10456,20585,0,0.6914815142663244,0.21418908762964076,1.0,0.3368448181437454,0.6631551818562547
20585,YGR083C YDL126C,0.0,NA,0.01588420197367668,2850,10455,20586,0,0.6915110206249446,0.21420518602029312,1.0,0.3368126026867691,0.6631873973132308
20586,YFL047W tM(CAU)J3,0.0,NA,0.015912998467683792,2850,10454,20587,0,0.6915405269835649,0.21422128683102826,1.0,0.33678038722979287,0.6632196127702071
20587,YOR363C YOR069W,0.0,NA,0.01592954620718956,2850,10453,20588,0,0.6915700333421853,0.21423739006239195,1.0,0.3367481717728166,0.6632518282271834
20588,YDR016C YML078W,0.0,NA,0.015954742208123207,2850,10452,20589,0,0.6915995397008056,0.21425349571493008,1.0,0.33671595631584034,0.6632840436841596
20589,snR33 YGR141W,0.0,NA,0.015956111252307892,2850,10451,20590,0,0.6916290460594258,0.21426960378918877,1.0,0.3366837408588641,0.6633162591411359
20590,YNL183C YJR143C,0.0,NA,0.015976468101143837,2850,10450,20591,0,0.6916585524180461,0.21428571428571427,1.0,0.3366515254018878,0.6633484745981122
20591,YER138C YEL061C,0.0,NA,0.01600418984889984,2850,10449,20592,0,0.6916880587766664,0.214301827205053,1.0,0.33661930994491157,0.6633806900550885
20592,YOR328W YGL197W,0.0,NA,0.016008876264095306,2850,10448,20593,0,0.6917175651352867,0.21431794254775155,1.0,0.33658709448793533,0.6634129055120647
20593,YJR016C YER056C,0.0,NA,0.016015036031603813,2850,10447,20594,0,0.6917470714939069,0.21433406031435662,1.0,0.33655487903095904,0.663445120969041
20594,YIR034C YDR227W,0.0,NA,0.01602710224688053,2850,10446,20595,0,0.6917765778525272,0.21435018050541516,1.0,0.3365226635739828,0.6634773364260173
20595,YNL071W YDR439W,0.0,NA,0.01602886989712715,2850,10445,20596,0,0.6918060842111475,0.21436630312147423,1.0,0.3364904481170065,0.6635095518829934
20596,YLR298C YJR104C,0.0,NA,0.016030456870794296,2850,10444,20597,0,0.6918355905697677,0.2143824281630811,1.0,0.3364582326600303,0.6635417673399697
20597,YDR174W YMR108W,0.0,NA,0.016032321378588676,2850,10443,20598,0,0.691865096928388,0.2143985556307831,1.0,0.33642601720305404,0.663573982796946
20598,YNL041C YDL179W,0.0,NA,0.01604004204273224,2850,10442,20599,0,0.6918946032870084,0.2144146855251279,1.0,0.33639380174607775,0.6636061982539222
20599,YPL239W YLR011W,0.0,NA,0.01604284904897213,2850,10441,20600,0,0.6919241096456287,0.21443081784666315,1.0,0.3363615862891015,0.6636384137108985
20600,YPL195W tG(GCC)M,0.0,NA,0.016043532639741898,2850,10440,20601,0,0.6919536160042489,0.2144469525959368,1.0,0.3363293708321253,0.6636706291678748
20601,YLR176C YPL174C,0.0,NA,0.016045520082116127,2850,10439,20602,0,0.6919831223628692,0.21446308977349687,1.0,0.336297155375149,0.663702844624851
20602,YOR319W YFL045C,0.0,NA,0.016055604442954063,2850,10438,20603,0,0.6920126287214895,0.21447922937989164,1.0,0.33626493991817274,0.6637350600818273
20603,YDR104C YFR008W,0.0,NA,0.016057224944233894,2850,10437,20604,0,0.6920421350801098,0.21449537141566946,1.0,0.3362327244611965,0.6637672755388035
20604,snR60 YGR281W,0.0,NA,0.016064533963799477,2850,10436,20605,0,0.69207164143873,0.2145115158813789,1.0,0.3362005090042202,0.6637994909957797
20605,YPL178W YNL110C,0.0,NA,0.016065392643213272,2850,10435,20606,0,0.6921011477973503,0.21452766277756868,1.0,0.336168293547244,0.663831706452756
20606,YAL058W YBL037W,0.0,NA,0.016067638993263245,2850,10434,20607,0,0.6921306541559706,0.2145438121047877,1.0,0.3361360780902677,0.6638639219097323
20607,tA(AGC)K2 YMR054W,0.0,NA,0.016069674864411354,2850,10433,20608,0,0.692160160514591,0.21455996386358503,1.0,0.33610386263329145,0.6638961373667085
20608,YDL079C YLR103C,0.0,NA,0.016073519363999367,2850,10432,20609,0,0.6921896668732112,0.21457611805450985,1.0,0.3360716471763152,0.6639283528236848
20609,tE(UUC)C YBR210W,0.0,NA,0.016075406223535538,2850,10431,20610,0,0.6922191732318315,0.2145922746781116,1.0,0.3360394317193389,0.6639605682806611
20610,YGR135W tQ(UUG)B,0.0,NA,0.016087129712104797,2850,10430,20611,0,0.6922486795904518,0.21460843373493976,1.0,0.3360072162623627,0.6639927837376374
20611,YCR040W YDR308C,0.0,NA,0.01608952321112156,2850,10429,20612,0,0.692278185949072,0.21462459522554408,1.0,0.33597500080538645,0.6640249991946136
20612,YGR007W YBL011W,0.0,NA,0.016094248741865158,2850,10428,20613,0,0.6923076923076923,0.21464075915047448,1.0,0.33594278534841016,0.6640572146515898
20613,YJL176C tG(GCC)M,0.0,NA,0.016109999269247055,2850,10427,20614,0,0.6923371986663126,0.21465692551028093,1.0,0.3359105698914339,0.6640894301085661
20614,YGR091W YOR340C,0.0,NA,0.016130587086081505,2850,10426,20615,0,0.6923667050249329,0.2146730943055137,1.0,0.3358783544344576,0.6641216455655423
20615,YDR123C YOR305W,0.0,NA,0.016131509095430374,2850,10425,20616,0,0.6923962113835531,0.21468926553672316,1.0,0.3358461389774814,0.6641538610225186
20616,YDR498C YNL262W,0.0,NA,0.016131622716784477,2850,10424,20617,0,0.6924257177421734,0.21470543920445984,1.0,0.33581392352050515,0.6641860764794949
20617,YHR103W snR58,0.0,NA,0.016132395714521408,2850,10423,20618,0,0.6924552241007937,0.21472161530927447,1.0,0.33578170806352886,0.6642182919364711
20618,YIL159W tG(GCC)C,0.0,NA,0.016133250668644905,2850,10422,20619,0,0.692484730459414,0.2147377938517179,1.0,0.3357494926065526,0.6642505073934474
20619,YEL053C YDL076C,0.0,NA,0.01614297926425934,2850,10421,20620,0,0.6925142368180343,0.21475397483234118,1.0,0.3357172771495764,0.6642827228504237
20620,YMR096W tA(AGC)K1,0.0,NA,0.01614615134894848,2850,10420,20621,0,0.6925437431766546,0.21477015825169554,1.0,0.3356850616926001,0.6643149383073998
20621,YCR024C YJL177W,0.0,NA,0.01616041548550129,2850,10419,20622,0,0.6925732495352749,0.21478634411033234,1.0,0.33565284623562386,0.6643471537643761
20622,YJL050W YJR012C,0.0,NA,0.016164712607860565,2850,10418,20623,0,0.6926027558938951,0.21480253240880315,1.0,0.3356206307786476,0.6643793692213524
20623,YER138C YIL124W,0.0,NA,0.016168201342225075,2850,10417,20624,0,0.6926322622525154,0.2148187231476596,1.0,0.33558841532167133,0.6644115846783286
20624,YJL001W YOL130W,0.0,NA,0.01617346704006195,2850,10416,20625,0,0.6926617686111357,0.21483491632745363,1.0,0.3355561998646951,0.6644438001353049
20625,YPR144C YDR057W,0.0,NA,0.016175925731658936,2850,10415,20626,0,0.692691274969756,0.21485111194873727,1.0,0.3355239844077188,0.6644760155922812
20626,YDR087C YEL009C,0.0,NA,0.01617893949151039,2850,10414,20627,0,0.6927207813283762,0.21486731001206272,1.0,0.33549176895074256,0.6645082310492574
20627,YJR092W YBR128C,0.0,NA,0.01620066724717617,2850,10413,20628,0,0.6927502876869965,0.21488351051798235,1.0,0.3354595534937663,0.6645404465062337
20628,snR17a YHR064C,0.0,NA,0.016201632097363472,2850,10412,20629,0,0.6927797940456168,0.2148997134670487,1.0,0.33542733803679003,0.66457266196321
20629,YBR167C YGR247W,0.0,NA,0.016202278435230255,2850,10411,20630,0,0.6928093004042372,0.21491591885981448,1.0,0.3353951225798138,0.6646048774201863
20630,YNL313C tS(AGA)D2,0.0,NA,0.016202522441744804,2850,10410,20631,0,0.6928388067628574,0.2149321266968326,1.0,0.33536290712283756,0.6646370928771624
20631,YIL096C YER137C-A,0.0,NA,0.016205623745918274,2850,10409,20632,0,0.6928683131214777,0.214948336978656,1.0,0.33533069166586127,0.6646693083341387
20632,YMR274C YGR096W,0.0,NA,0.016211364418268204,2850,10408,20633,0,0.692897819480098,0.21496454970583798,1.0,0.33529847620888503,0.664701523791115
20633,YML015C YJR077C,0.0,NA,0.01621588133275509,2850,10407,20634,0,0.6929273258387182,0.2149807648789319,1.0,0.33526626075190874,0.6647337392480912
20634,snR44 YKL035W,0.0,NA,0.016222897917032242,2850,10406,20635,0,0.6929568321973385,0.21499698249849125,1.0,0.3352340452949325,0.6647659547050675
20635,tS(AGA)D1 YMR123W,0.0,NA,0.01622292771935463,2850,10405,20636,0,0.6929863385559588,0.21501320256506978,1.0,0.33520182983795627,0.6647981701620438
20636,snR35 YJL121C,0.0,NA,0.016228673979640007,2850,10404,20637,0,0.6930158449145791,0.21502942507922138,1.0,0.33516961438098,0.66483038561902
20637,YGR272C YNL025C,0.0,NA,0.01623106561601162,2850,10403,20638,0,0.6930453512731993,0.21504565004150003,1.0,0.33513739892400374,0.6648626010759963
20638,YOR372C YIL002C,0.0,NA,0.016236562281847,2850,10402,20639,0,0.6930748576318196,0.21506187745246,1.0,0.3351051834670275,0.6648948165329726
20639,YKL171W YOR236W,0.0,NA,0.01624065451323986,2850,10401,20640,0,0.69310436399044,0.21507810731265564,1.0,0.3350729680100512,0.6649270319899487
20640,YGR119C YMR112C,0.0,NA,0.016243869438767433,2850,10400,20641,0,0.6931338703490603,0.21509433962264152,1.0,0.33504075255307497,0.664959247446925
20641,YJL006C YNL072W,0.0,NA,0.016249211505055428,2850,10399,20642,0,0.6931633767076805,0.2151105743829723,1.0,0.33500853709609874,0.6649914629039013
20642,YNL271C snR33,0.0,NA,0.01624992862343788,2850,10398,20643,0,0.6931928830663008,0.2151268115942029,1.0,0.33497632163912244,0.6650236783608775
20643,YLL022C YNL015W,0.0,NA,0.01626087725162506,2850,10397,20644,0,0.6932223894249211,0.21514305125688835,1.0,0.3349441061821462,0.6650558938178538
20644,YER074W-A YDR469W,0.0,NA,0.01628318801522255,2850,10396,20645,0,0.6932518957835414,0.21515929337158388,1.0,0.3349118907251699,0.6650881092748301
20645,YOR087W snR33,0.0,NA,0.016291232779622078,2850,10395,20646,0,0.6932814021421616,0.21517553793884484,1.0,0.3348796752681937,0.6651203247318063
20646,YFR005C YJR075W,0.0,NA,0.01630123145878315,2850,10394,20647,0,0.6933109085007819,0.2151917849592268,1.0,0.33484745981121744,0.6651525401887826
20647,YNL307C YPR129W,0.0,NA,0.016306791454553604,2850,10393,20648,0,0.6933404148594022,0.2152080344332855,1.0,0.33481524435424115,0.6651847556457589
20648,YOR046C YDR356W,0.0,NA,0.016307685524225235,2850,10392,20649,0,0.6933699212180224,0.2152242863615768,1.0,0.3347830288972649,0.6652169711027351
20649,snR53 YFR041C,0.0,NA,0.01631329394876957,2850,10391,20650,0,0.6933994275766427,0.21524054074465676,1.0,0.3347508134402887,0.6652491865597113
20650,YPL283C YPR105C,0.0,NA,0.016323359683156013,2850,10390,20651,0,0.6934289339352631,0.21525679758308158,1.0,0.3347185979833124,0.6652814020166876
20651,YPL241C YNL180C,0.0,NA,0.01632414013147354,2850,10389,20652,0,0.6934584402938834,0.21527305687740766,1.0,0.33468638252633615,0.6653136174736639
20652,YNL052W YOR080W,0.0,NA,0.016327403485774994,2850,10388,20653,0,0.6934879466525036,0.21528931862819156,1.0,0.33465416706935985,0.6653458329306401
20653,YER013W snR58,0.0,NA,0.016329938545823097,2850,10387,20654,0,0.6935174530111239,0.21530558283599002,1.0,0.3346219516123836,0.6653780483876164
20654,YDR335W YLR221C,0.0,NA,0.016332756727933884,2850,10386,20655,0,0.6935469593697442,0.21532184950135994,1.0,0.3345897361554074,0.6654102638445927
20655,tT(CGU)K YGL121C,0.0,NA,0.016334641724824905,2850,10385,20656,0,0.6935764657283645,0.21533811862485833,1.0,0.3345575206984311,0.6654424793015689
20656,YJL125C YOR002W,0.0,NA,0.016335515305399895,2850,10384,20657,0,0.6936059720869847,0.21535439020704247,1.0,0.33452530524145485,0.6654746947585451
20657,YCR028C YAL023C,0.0,NA,0.016348261386156082,2850,10383,20658,0,0.693635478445605,0.21537066424846973,1.0,0.3344930897844786,0.6655069102155214
20658,YLR367W YOR247W,0.0,NA,0.016349811106920242,2850,10382,20659,0,0.6936649848042253,0.2153869407496977,1.0,0.3344608743275023,0.6655391256724976
20659,YDL246C YJL071W,0.0,NA,0.016357343643903732,2850,10381,20660,0,0.6936944911628455,0.2154032197112841,1.0,0.3344286588705261,0.6655713411294739
20660,YLL042C YDR210W-A,0.0,NA,0.016368916258215904,2850,10380,20661,0,0.6937239975214659,0.21541950113378686,1.0,0.33439644341354985,0.6656035565864502
20661,YDL193W YGR175C,0.0,NA,0.016371387988328934,2850,10379,20662,0,0.6937535038800862,0.215435785017764,1.0,0.33436422795657356,0.6656357720434264
20662,YGR217W YDR362C,0.0,NA,0.01637611910700798,2850,10378,20663,0,0.6937830102387065,0.2154520713637738,1.0,0.3343320124995973,0.6656679875004027
20663,YPL110C YIL120W,0.0,NA,0.016386354342103004,2850,10377,20664,0,0.6938125165973267,0.2154683601723747,1.0,0.334299797042621,0.665700202957379
20664,YDR131C YEL069C,0.0,NA,0.016390420496463776,2850,10376,20665,0,0.693842022955947,0.2154846514441252,1.0,0.3342675815856448,0.6657324184143552
20665,YJL174W YOR368W,0.0,NA,0.01639239676296711,2850,10375,20666,0,0.6938715293145673,0.21550094517958412,1.0,0.33423536612866855,0.6657646338713314
20666,YDR272W snR33,0.0,NA,0.016396639868617058,2850,10374,20667,0,0.6939010356731876,0.21551724137931033,1.0,0.33420315067169226,0.6657968493283077
20667,YJL167W YFR037C,0.0,NA,0.0163985937833786,2850,10373,20668,0,0.6939305420318078,0.21553354004386296,1.0,0.334170935214716,0.665829064785284
20668,YPL110C YDL038C,0.0,NA,0.01641201414167881,2850,10372,20669,0,0.6939600483904281,0.21554984117380124,1.0,0.3341387197577398,0.6658612802422602
20669,YCR060W YLR401C,0.0,NA,0.016421213746070862,2850,10371,20670,0,0.6939895547490484,0.21556614476968458,1.0,0.3341065043007635,0.6658934956992365
20670,snR17a YGR232W,0.0,NA,0.016425257548689842,2850,10370,20671,0,0.6940190611076688,0.21558245083207261,1.0,0.33407428884378726,0.6659257111562128
20671,YJL034W YJL072C,0.0,NA,0.01644139736890793,2850,10369,20672,0,0.694048567466289,0.2155987593615251,1.0,0.33404207338681097,0.665957926613189
20672,YCL035C YOR159C,0.0,NA,0.01644512079656124,2850,10368,20673,0,0.6940780738249093,0.21561507035860192,1.0,0.33400985792983473,0.6659901420701653
20673,YJL205C tG(GCC)O2,0.0,NA,0.016452064737677574,2850,10367,20674,0,0.6941075801835296,0.2156313838238632,1.0,0.3339776424728585,0.6660223575271416
20674,YMR299C YPR034W,0.0,NA,0.01645595394074917,2850,10366,20675,0,0.6941370865421498,0.21564769975786924,1.0,0.3339454270158822,0.6660545729841177
20675,YER138C YNL271C,0.0,NA,0.016458939760923386,2850,10365,20676,0,0.6941665929007701,0.21566401816118047,1.0,0.33391321155890596,0.666086788441094
20676,YOR109W YBL087C,0.0,NA,0.016469843685626984,2850,10364,20677,0,0.6941960992593904,0.2156803390343575,1.0,0.33388099610192973,0.6661190038980703
20677,YNR050C YKL220C,0.0,NA,0.016474325209856033,2850,10363,20678,0,0.6942256056180107,0.2156966623779611,1.0,0.33384878064495344,0.6661512193550465
20678,snR60 YNL330C,0.0,NA,0.016488561406731606,2850,10362,20679,0,0.6942551119766309,0.21571298819255222,1.0,0.3338165651879772,0.6661834348120228
20679,snR7-L YBL014C,0.0,NA,0.01648879423737526,2850,10361,20680,0,0.6942846183352512,0.215729316478692,1.0,0.3337843497310009,0.6662156502689991
20680,YMR037C tS(AGA)D2,0.0,NA,0.016488878056406975,2850,10360,20681,0,0.6943141246938715,0.2157456472369417,1.0,0.33375213427402467,0.6662478657259753
20681,YJR104C YDL131W,0.0,NA,0.016492629423737526,2850,10359,20682,0,0.6943436310524919,0.21576198046786282,1.0,0.33371991881704843,0.6662800811829516
20682,YDR331W YFR002W,0.0,NA,0.016495592892169952,2850,10358,20683,0,0.6943731374111121,0.21577831617201695,1.0,0.33368770336007214,0.6663122966399279
20683,YJL128C YKR094C,0.0,NA,0.01650301180779934,2850,10357,20684,0,0.6944026437697324,0.21579465434996592,1.0,0.3336554879030959,0.666344512096904
20684,YLR146C YFR032C-A,0.0,NA,0.01650453731417656,2850,10356,20685,0,0.6944321501283527,0.2158109950022717,1.0,0.33362327244611967,0.6663767275538803
20685,YDL190C YKL058W,0.0,NA,0.01650981791317463,2850,10355,20686,0,0.6944616564869729,0.2158273381294964,1.0,0.3335910569891434,0.6664089430108566
20686,YNL139C YMR281W,0.0,NA,0.016510598361492157,2850,10354,20687,0,0.6944911628455932,0.21584368373220236,1.0,0.33355884153216714,0.6664411584678329
20687,YIL153W YBR024W,0.0,NA,0.016511086374521255,2850,10353,20688,0,0.6945206692042135,0.21586003181095206,1.0,0.3335266260751909,0.6664733739248091
20688,tL(GAG)G YGR261C,0.0,NA,0.016513720154762268,2850,10352,20689,0,0.6945501755628338,0.21587638236630813,1.0,0.3334944106182146,0.6665055893817854
20689,YOL103W-B YIR021W,0.0,NA,0.016519218683242798,2850,10351,20690,0,0.694579681921454,0.2158927353988334,1.0,0.3334621951612384,0.6665378048387617
20690,YHL015W YCR037C,0.0,NA,0.01651938073337078,2850,10350,20691,0,0.6946091882800743,0.2159090909090909,1.0,0.3334299797042621,0.6665700202957379
20691,YKL171W YBR200W,0.0,NA,0.016521302983164787,2850,10349,20692,0,0.6946386946386947,0.21592544889764376,1.0,0.33339776424728584,0.6666022357527142
20692,YDL019C YLR135W,0.0,NA,0.016546782106161118,2850,10348,20693,0,0.694668200997315,0.2159418093650553,1.0,0.3333655487903096,0.6666344512096904
20693,YGR088W tE(UUC)E1,0.0,NA,0.016552958637475967,2850,10347,20694,0,0.6946977073559352,0.21595817231188907,1.0,0.3333333333333333,0.6666666666666666
20694,YGR260W tM(CAU)J1,0.0,NA,0.01655602641403675,2850,10346,20695,0,0.6947272137145555,0.2159745377387087,1.0,0.3333011178763571,0.6666988821236429
20695,YNR039C YGL067W,0.0,NA,0.01656205952167511,2850,10345,20696,0,0.6947567200731758,0.21599090564607806,1.0,0.33326890241938084,0.6667310975806192
20696,YMR119W YHR044C,0.0,NA,0.016568755730986595,2850,10344,20697,0,0.6947862264317961,0.21600727603456116,1.0,0.33323668696240455,0.6667633130375954
20697,YAR050W YPL258C,0.0,NA,0.016572508960962296,2850,10343,20698,0,0.6948157327904163,0.2160236489047222,1.0,0.3332044715054283,0.6667955284945717
20698,YOL144W YGR077C,0.0,NA,0.016576752066612244,2850,10342,20699,0,0.6948452391490366,0.21604002425712554,1.0,0.333172256048452,0.666827743951548
20699,YHR103W YPR159W,0.0,NA,0.016579441726207733,2850,10341,20700,0,0.6948747455076569,0.21605640209233568,1.0,0.3331400405914758,0.6668599594085242
20700,tR(ACG)O YGL216W,0.0,NA,0.016579605638980865,2850,10340,20701,0,0.6949042518662771,0.21607278241091737,1.0,0.33310782513449955,0.6668921748655005
20701,YJR027W YJL080C,0.0,NA,0.01659260131418705,2850,10339,20702,0,0.6949337582248974,0.21608916521343544,1.0,0.33307560967752325,0.6669243903224767
20702,YOL121C YNL326C,0.0,NA,0.016597939655184746,2850,10338,20703,0,0.6949632645835178,0.21610555050045496,1.0,0.333043394220547,0.6669566057794529
20703,YLR176C YNR043W,0.0,NA,0.0165998712182045,2850,10337,20704,0,0.6949927709421381,0.21612193827254114,1.0,0.3330111787635708,0.6669888212364292
20704,YGL064C YOR096W,0.0,NA,0.016617363318800926,2850,10336,20705,0,0.6950222773007583,0.21613832853025935,1.0,0.3329789633065945,0.6670210366934055
20705,YDR155C YLR009W,0.0,NA,0.01661858521401882,2850,10335,20706,0,0.6950517836593786,0.2161547212741752,1.0,0.33294674784961825,0.6670532521503818
20706,YGR056W YHL038C,0.0,NA,0.01661934144794941,2850,10334,20707,0,0.6950812900179989,0.21617111650485438,1.0,0.332914532392642,0.667085467607358
20707,tR(UCU)B YGL035C,0.0,NA,0.01662493124604225,2850,10333,20708,0,0.6951107963766192,0.21618751422286278,1.0,0.3328823169356657,0.6671176830643343
20708,YBR097W YDL179W,0.0,NA,0.01662500947713852,2850,10332,20709,0,0.6951403027352394,0.2162039144287665,1.0,0.3328501014786895,0.6671498985213106
20709,YDR025W YGL051W,0.0,NA,0.01664755307137966,2850,10331,20710,0,0.6951698090938597,0.21622031712313178,1.0,0.3328178860217132,0.6671821139782868
20710,YBL056W YNL052W,0.0,NA,0.016655977815389633,2850,10330,20711,0,0.69519931545248,0.21623672230652505,1.0,0.33278567056473696,0.667214329435263
20711,YDL088C YGR230W,0.0,NA,0.01667932979762554,2850,10329,20712,0,0.6952288218111002,0.21625312997951285,1.0,0.3327534551077607,0.6672465448922393
20712,YML125C tS(UGA)E,0.0,NA,0.016683679074048996,2850,10328,20713,0,0.6952583281697206,0.216269540142662,1.0,0.33272123965078443,0.6672787603492155
20713,YLR086W YNL201C,0.0,NA,0.016712889075279236,2850,10327,20714,0,0.6952878345283409,0.21628595279653942,1.0,0.3326890241938082,0.6673109758061918
20714,snR46 YPR088C,0.0,NA,0.016716275364160538,2850,10326,20715,0,0.6953173408869612,0.2163023679417122,1.0,0.33265680873683195,0.6673431912631681
20715,YLL041C YLR029C,0.0,NA,0.01672297716140747,2850,10325,20716,0,0.6953468472455814,0.21631878557874762,1.0,0.33262459327985566,0.6673754067201443
20716,YDR272W YDL002C,0.0,NA,0.0167255736887455,2850,10324,20717,0,0.6953763536042017,0.21633520570821316,1.0,0.3325923778228794,0.6674076221771206
20717,tD(GUC)J1 YDR287W,0.0,NA,0.016729487106204033,2850,10323,20718,0,0.695405859962822,0.2163516283306764,1.0,0.33256016236590313,0.6674398376340969
20718,YGR135W tG(GCC)J1,0.0,NA,0.01674383319914341,2850,10322,20719,0,0.6954353663214423,0.21636805344670512,1.0,0.3325279469089269,0.667472053091073
20719,YLR048W YML077W,0.0,NA,0.016745630651712418,2850,10321,20720,0,0.6954648726800625,0.21638448105686736,1.0,0.33249573145195066,0.6675042685480493
20720,tE(UUC)C YBL015W,0.0,NA,0.01674943044781685,2850,10320,20721,0,0.6954943790386828,0.2164009111617312,1.0,0.33246351599497437,0.6675364840050256
20721,YOR219C YDR317W,0.0,NA,0.016758965328335762,2850,10319,20722,0,0.6955238853973031,0.216417343761865,1.0,0.33243130053799813,0.6675686994620018
20722,YNR038W YOR069W,0.0,NA,0.01678183116018772,2850,10318,20723,0,0.6955533917559235,0.21643377885783718,1.0,0.3323990850810219,0.6676009149189781
20723,tR(UCU)D YFR021W,0.0,NA,0.016791298985481262,2850,10317,20724,0,0.6955828981145437,0.21645021645021645,1.0,0.3323668696240456,0.6676331303759544
20724,YHR067W YNL239W,0.0,NA,0.01679410971701145,2850,10316,20725,0,0.695612404473164,0.21646665653957162,1.0,0.33233465416706937,0.6676653458329307
20725,YGR129W YML075C,0.0,NA,0.016797833144664764,2850,10315,20726,0,0.6956419108317843,0.2164830991264717,1.0,0.33230243871009313,0.6676975612899069
20726,YNL117W snR74,0.0,NA,0.01680144853889942,2850,10314,20727,0,0.6956714171904045,0.21649954421148587,1.0,0.33227022325311684,0.6677297767468832
20727,YPL144W snR74,0.0,NA,0.016817603260278702,2850,10313,20728,0,0.6957009235490248,0.21651599179518347,1.0,0.3322380077961406,0.6677619922038595
20728,YLR353W YOR058C,0.0,NA,0.016823092475533485,2850,10312,20729,0,0.6957304299076451,0.21653244187813403,1.0,0.3322057923391643,0.6677942076608356
20729,YER110C YOR249C,0.0,NA,0.016832085326313972,2850,10311,20730,0,0.6957599362662654,0.21654889446090722,1.0,0.33217357688218807,0.6678264231178119
20730,snR57 YBR154C,0.0,NA,0.01685245707631111,2850,10310,20731,0,0.6957894426248856,0.21656534954407294,1.0,0.33214136142521183,0.6678586385747882
20731,YCR039C YDR365W-A,0.0,NA,0.016853665933012962,2850,10309,20732,0,0.6958189489835059,0.21658180712820124,1.0,0.33210914596823554,0.6678908540317644
20732,YLR244C snR189,0.0,NA,0.016859743744134903,2850,10308,20733,0,0.6958484553421262,0.2165982672138623,1.0,0.3320769305112593,0.6679230694887407
20733,YDL098C YOR340C,0.0,NA,0.016864042729139328,2850,10307,20734,0,0.6958779617007466,0.21661472980162652,1.0,0.33204471505428307,0.667955284945717
20734,YFL034C-B YJL006C,0.0,NA,0.01688031293451786,2850,10306,20735,0,0.6959074680593668,0.21663119489206445,1.0,0.3320124995973068,0.6679875004026932
20735,YHR063C YJL186W,0.0,NA,0.016883233562111855,2850,10305,20736,0,0.6959369744179871,0.21664766248574688,1.0,0.33198028414033054,0.6680197158596695
20736,YBR089C-A YAL056W,0.0,NA,0.016891948878765106,2850,10304,20737,0,0.6959664807766074,0.21666413258324463,1.0,0.33194806868335425,0.6680519313166458
20737,YJR028W YGR188C,0.0,NA,0.01689421571791172,2850,10303,20738,0,0.6959959871352276,0.21668060518512886,1.0,0.331915853226378,0.6680841467736219
20738,YJL041W tS(UGA)E,0.0,NA,0.01689734309911728,2850,10302,20739,0,0.6960254934938479,0.2166970802919708,1.0,0.3318836377694018,0.6681163622305982
20739,YLR100W YGL229C,0.0,NA,0.01690199412405491,2850,10301,20740,0,0.6960549998524682,0.21671355790434188,1.0,0.3318514223124255,0.6681485776875745
20740,YDL193W YBL020W,0.0,NA,0.016903387382626534,2850,10300,20741,0,0.6960845062110885,0.21673003802281368,1.0,0.33181920685544924,0.6681807931445508
20741,YDR354W YIL156W,0.0,NA,0.01690594106912613,2850,10299,20742,0,0.6961140125697087,0.21674652064795802,1.0,0.331786991398473,0.668213008601527
20742,YBR082C YAR009C,0.0,NA,0.016921693459153175,2850,10298,20743,0,0.696143518928329,0.21676300578034682,1.0,0.3317547759414967,0.6682452240585033
20743,YDL210W YIL162W,0.0,NA,0.01692279614508152,2850,10297,20744,0,0.6961730252869494,0.21677949342055222,1.0,0.3317225604845205,0.6682774395154796
20744,snR17a YPL023C,0.0,NA,0.01693025603890419,2850,10296,20745,0,0.6962025316455697,0.2167959835691465,1.0,0.33169034502754424,0.6683096549724558
20745,YMR143W YFR045W,0.0,NA,0.01693241484463215,2850,10295,20746,0,0.6962320380041899,0.21681247622670216,1.0,0.33165812957056795,0.668341870429432
20746,YML021C YKL006C-A,0.0,NA,0.016942361369729042,2850,10294,20747,0,0.6962615443628102,0.21682897139379184,1.0,0.3316259141135917,0.6683740858864083
20747,YOR107W YIR034C,0.0,NA,0.01694507896900177,2850,10293,20748,0,0.6962910507214305,0.21684546907098837,1.0,0.3315936986566154,0.6684063013433845
20748,tS(AGA)D1 YBL018C,0.0,NA,0.016952166333794594,2850,10292,20749,0,0.6963205570800508,0.2168619692588647,1.0,0.3315614831996392,0.6684385168003608
20749,YOR372C YML103C,0.0,NA,0.016954930499196053,2850,10291,20750,0,0.696350063438671,0.21687847195799406,1.0,0.33152926774266295,0.6684707322573371
20750,YDR164C YMR312W,0.0,NA,0.01696382649242878,2850,10290,20751,0,0.6963795697972913,0.21689497716894976,1.0,0.33149705228568666,0.6685029477143133
20751,YDR099W snR44,0.0,NA,0.016969608142971992,2850,10289,20752,0,0.6964090761559116,0.21691148489230536,1.0,0.3314648368287104,0.6685351631712896
20752,YML035C YMR251W,0.0,NA,0.016974501311779022,2850,10288,20753,0,0.6964385825145318,0.2169279951286345,1.0,0.3314326213717342,0.6685673786282659
20753,YCR024C-A YOR341W,0.0,NA,0.016986846923828125,2850,10287,20754,0,0.6964680888731521,0.21694450787851108,1.0,0.3314004059147579,0.668599594085242
20754,snR65 YOL008W,0.0,NA,0.01698903553187847,2850,10286,20755,0,0.6964975952317725,0.21696102314250915,1.0,0.33136819045778165,0.6686318095422183
20755,tS(AGA)B YGL027C,0.0,NA,0.016990341246128082,2850,10285,20756,0,0.6965271015903928,0.2169775409212029,1.0,0.33133597500080536,0.6686640249991946
20756,snR35 YDR177W,0.0,NA,0.016999321058392525,2850,10284,20757,0,0.696556607949013,0.21699406121516673,1.0,0.3313037595438291,0.6686962404561708
20757,YPR201W YLR148W,0.0,NA,0.017003320157527924,2850,10283,20758,0,0.6965861143076333,0.21701058402497525,1.0,0.3312715440868529,0.6687284559131471
20758,snR189 YPR070W,0.0,NA,0.017012106254696846,2850,10282,20759,0,0.6966156206662536,0.21702710935120317,1.0,0.3312393286298766,0.6687606713701234
20759,snR60 YIL144W,0.0,NA,0.01701892539858818,2850,10281,20760,0,0.6966451270248739,0.2170436371944254,1.0,0.33120711317290036,0.6687928868270997
20760,YEL056W snR43,0.0,NA,0.017024582251906395,2850,10280,20761,0,0.6966746333834941,0.21706016755521707,1.0,0.3311748977159241,0.6688251022840759
20761,YJR084W tQ(UUG)D1,0.0,NA,0.017029745504260063,2850,10279,20762,0,0.6967041397421144,0.2170767004341534,1.0,0.33114268225894783,0.6688573177410522
20762,YKL062W YNL313C,0.0,NA,0.017043337225914,2850,10278,20763,0,0.6967336461007347,0.21709323583180987,1.0,0.3311104668019716,0.6688895331980285
20763,YHR010W snR60,0.0,NA,0.017044318839907646,2850,10277,20764,0,0.6967631524593549,0.21710977374876209,1.0,0.33107825134499536,0.6689217486550046
20764,YIL035C YDR091C,0.0,NA,0.01704840175807476,2850,10276,20765,0,0.6967926588179753,0.21712631418558587,1.0,0.33104603588801906,0.6689539641119809
20765,YPL135W snR52,0.0,NA,0.01705331541597843,2850,10275,20766,0,0.6968221651765956,0.21714285714285714,1.0,0.3310138204310428,0.6689861795689572
20766,YIL016W tE(UUC)E1,0.0,NA,0.017067452892661095,2850,10274,20767,0,0.6968516715352159,0.21715940262115208,1.0,0.33098160497406653,0.6690183950259334
20767,YLR306W YML066C,0.0,NA,0.017072726041078568,2850,10273,20768,0,0.6968811778938361,0.21717595062104703,1.0,0.3309493895170903,0.6690506104829097
20768,YGL033W YER137C-A,0.0,NA,0.01707361452281475,2850,10272,20769,0,0.6969106842524564,0.21719250114311842,1.0,0.33091717406011406,0.669082825939886
20769,YNL053W YOR061W,0.0,NA,0.017077231779694557,2850,10271,20770,0,0.6969401906110767,0.21720905418794298,1.0,0.33088495860313777,0.6691150413968622
20770,YJR139C YHR053C,0.0,NA,0.017080256715416908,2850,10270,20771,0,0.696969696969697,0.21722560975609756,1.0,0.33085274314616153,0.6691472568538385
20771,YGR108W snR53,0.0,NA,0.017094016075134277,2850,10269,20772,0,0.6969992033283172,0.21724216784815917,1.0,0.3308205276891853,0.6691794723108148
20772,YDR229W YML098W,0.0,NA,0.01709703728556633,2850,10268,20773,0,0.6970287096869375,0.21725872846470498,1.0,0.330788312232209,0.6692116877677909
20773,YOR027W YDR432W,0.0,NA,0.017133085057139397,2850,10267,20774,0,0.6970582160455578,0.21727529160631243,1.0,0.33075609677523277,0.6692439032247672
20774,YDR451C YLR139C,0.0,NA,0.017137333750724792,2850,10266,20775,0,0.697087722404178,0.217291857273559,1.0,0.3307238813182565,0.6692761186817435
20775,YPR103W YDR469W,0.0,NA,0.01714075542986393,2850,10265,20776,0,0.6971172287627984,0.2173084254670225,1.0,0.33069166586128024,0.6693083341387197
20776,YNL279W YLR009W,0.0,NA,0.017140811309218407,2850,10264,20777,0,0.6971467351214187,0.21732499618728077,1.0,0.330659450404304,0.669340549595696
20777,YGR009C YLR017W,0.0,NA,0.01715976372361183,2850,10263,20778,0,0.697176241480039,0.21734156943491192,1.0,0.3306272349473277,0.6693727650526723
20778,YGR009C Q0120,0.0,NA,0.017163816839456558,2850,10262,20779,0,0.6972057478386592,0.2173581452104942,1.0,0.33059501949035147,0.6694049805096486
20779,YGL248W snR52,0.0,NA,0.01716586947441101,2850,10261,20780,0,0.6972352541972795,0.21737472351460604,1.0,0.33056280403337523,0.6694371959666248
20780,snR42 YIL045W,0.0,NA,0.017166851088404655,2850,10260,20781,0,0.6972647605558998,0.21739130434782608,1.0,0.33053058857639894,0.6694694114236011
20781,YGR087C YMR217W,0.0,NA,0.01717500202357769,2850,10259,20782,0,0.6972942669145201,0.21740788771073308,1.0,0.3304983731194227,0.6695016268805773
20782,YDR502C YPL096C-A,0.0,NA,0.017189068719744682,2850,10258,20783,0,0.6973237732731403,0.21742447360390602,1.0,0.33046615766244647,0.6695338423375535
20783,YPR144C snR62,0.0,NA,0.017201052978634834,2850,10257,20784,0,0.6973532796317606,0.21744106202792401,1.0,0.3304339422054702,0.6695660577945298
20784,YNL016W tQ(UUG)E1,0.0,NA,0.017202794551849365,2850,10256,20785,0,0.697382785990381,0.2174576529833664,1.0,0.33040172674849394,0.6695982732515061
20785,YJL174W YDR402C,0.0,NA,0.017227642238140106,2850,10255,20786,0,0.6974122923490013,0.21747424647081268,1.0,0.33036951129151765,0.6696304887084823
20786,YPR040W YBL035C,0.0,NA,0.017228545621037483,2850,10254,20787,0,0.6974417987076215,0.2174908424908425,1.0,0.3303372958345414,0.6696627041654586
20787,YDR184C YOL065C,0.0,NA,0.017236048355698586,2850,10253,20788,0,0.6974713050662418,0.21750744104403572,1.0,0.3303050803775652,0.6696949196224349
20788,YCL027W snR13,0.0,NA,0.017245201393961906,2850,10252,20789,0,0.6975008114248621,0.21752404213097237,1.0,0.3302728649205889,0.6697271350794111
20789,YER094C tQ(UUG)E1,0.0,NA,0.017259156331419945,2850,10251,20790,0,0.6975303177834823,0.21754064575223264,1.0,0.33024064946361265,0.6697593505363874
20790,YPL082C YJL071W,0.0,NA,0.017259884625673294,2850,10250,20791,0,0.6975598241421026,0.21755725190839695,1.0,0.3302084340066364,0.6697915659933636
20791,YKR025W YKR001C,0.0,NA,0.017265327274799347,2850,10249,20792,0,0.6975893305007229,0.2175738606000458,1.0,0.3301762185496601,0.6698237814503398
20792,YDR353W YCR009C,0.0,NA,0.017269955947995186,2850,10248,20793,0,0.6976188368593432,0.21759047182775995,1.0,0.3301440030926839,0.6698559969073161
20793,YBR002C YOR103C,0.0,NA,0.017279231920838356,2850,10247,20794,0,0.6976483432179634,0.21760708559212033,1.0,0.3301117876357076,0.6698882123642924
20794,YIR034C YNL290W,0.0,NA,0.017293011769652367,2850,10246,20795,0,0.6976778495765837,0.217623701893708,1.0,0.33007957217873135,0.6699204278212686
20795,YHR020W YER180C,0.0,NA,0.01729424297809601,2850,10245,20796,0,0.697707355935204,0.21764032073310424,1.0,0.3300473567217551,0.6699526432782449
20796,YBR016W YLR237W,0.0,NA,0.017313038930296898,2850,10244,20797,0,0.6977368622938244,0.21765694211089048,1.0,0.3300151412647788,0.6699848587352212
20797,YMR138W tQ(UUG)E1,0.0,NA,0.017329344525933266,2850,10243,20798,0,0.6977663686524446,0.21767356602764837,1.0,0.3299829258078026,0.6700170741921975
20798,snR53 YGR002C,0.0,NA,0.01733037456870079,2850,10242,20799,0,0.6977958750110649,0.21769019248395968,1.0,0.32995071035082635,0.6700492896491737
20799,YHR072W YLL063C,0.0,NA,0.017332259565591812,2850,10241,20800,0,0.6978253813696852,0.21770682148040638,1.0,0.32991849489385006,0.6700815051061499
20800,YDR302W YOR003W,0.0,NA,0.017332550138235092,2850,10240,20801,0,0.6978548877283054,0.21772345301757068,1.0,0.3298862794368738,0.6701137205631262
20801,YOR348C tT(AGU)J,0.0,NA,0.017335832118988037,2850,10239,20802,0,0.6978843940869257,0.21774008709603485,1.0,0.3298540639798975,0.6701459360201024
20802,YER008C YNL147W,0.0,NA,0.01734495721757412,2850,10238,20803,0,0.697913900445546,0.2177567237163814,1.0,0.3298218485229213,0.6701781514770787
20803,YLR094C YHR150W,0.0,NA,0.017349395900964737,2850,10237,20804,0,0.6979434068041663,0.2177733628791931,1.0,0.32978963306594505,0.670210366934055
20804,YKL135C YDL118W,0.0,NA,0.017356380820274353,2850,10236,20805,0,0.6979729131627865,0.21779000458505274,1.0,0.32975741760896876,0.6702425823910312
20805,tQ(UUG)C YML001W,0.0,NA,0.01735812798142433,2850,10235,20806,0,0.6980024195214068,0.21780664883454337,1.0,0.3297252021519925,0.6702747978480075
20806,YJR125C YPR111W,0.0,NA,0.01736019365489483,2850,10234,20807,0,0.6980319258800272,0.21782329562824823,1.0,0.3296929866950163,0.6703070133049838
20807,YDR065W YCR017C,0.0,NA,0.017360584810376167,2850,10233,20808,0,0.6980614322386475,0.21783994496675074,1.0,0.32966077123804,0.67033922876196
20808,YLR273C YHR185C,0.0,NA,0.017373254522681236,2850,10232,20809,0,0.6980909385972677,0.21785659685063447,1.0,0.32962855578106376,0.6703714442189362
20809,YMR159C YMR167W,0.0,NA,0.017392875626683235,2850,10231,20810,0,0.698120444955888,0.21787325128048315,1.0,0.3295963403240875,0.6704036596759125
20810,YFR029W YBR019C,0.0,NA,0.017393561080098152,2850,10230,20811,0,0.6981499513145083,0.21788990825688073,1.0,0.32956412486711123,0.6704358751328887
20811,YDR013W YBR129C,0.0,NA,0.01739453710615635,2850,10229,20812,0,0.6981794576731286,0.21790656778041134,1.0,0.329531909410135,0.670468090589865
20812,YLR406C YDL188C,0.0,NA,0.017406612634658813,2850,10228,20813,0,0.6982089640317488,0.21792322985165927,1.0,0.3294996939531587,0.6705003060468413
20813,YBR069C YHR055C,0.0,NA,0.017409630119800568,2850,10227,20814,0,0.6982384703903691,0.21793989447120898,1.0,0.32946747849618246,0.6705325215038175
20814,YHR089C tS(GCU)L,0.0,NA,0.0174188744276762,2850,10226,20815,0,0.6982679767489894,0.21795656163964516,1.0,0.3294352630392062,0.6705647369607938
20815,YLR229C YDL079C,0.0,NA,0.017423126846551895,2850,10225,20816,0,0.6982974831076096,0.2179732313575526,1.0,0.32940304758222994,0.6705969524177701
20816,YDR373W YGR156W,0.0,NA,0.017424630001187325,2850,10224,20817,0,0.69832698946623,0.2179899036255163,1.0,0.3293708321252537,0.6706291678747464
20817,YKL171W YDL008W,0.0,NA,0.01742488332092762,2850,10223,20818,0,0.6983564958248503,0.21800657844412147,1.0,0.32933861666827746,0.6706613833317225
20818,YNL027W YOR021C,0.0,NA,0.017435956746339798,2850,10222,20819,0,0.6983860021834706,0.2180232558139535,1.0,0.32930640121130117,0.6706935987886988
20819,YKL160W YER055C,0.0,NA,0.017442647367715836,2850,10221,20820,0,0.6984155085420908,0.21803993573559788,1.0,0.32927418575432493,0.6707258142456751
20820,MEL1 YGL216W,0.0,NA,0.0174427293241024,2850,10220,20821,0,0.6984450149007111,0.2180566182096404,1.0,0.32924197029734864,0.6707580297026513
20821,YER042W YGR277C,0.0,NA,0.01745258830487728,2850,10219,20822,0,0.6984745212593314,0.21807330323666693,1.0,0.3292097548403724,0.6707902451596276
20822,YLR055C YBR004C,0.0,NA,0.01746084913611412,2850,10218,20823,0,0.6985040276179517,0.21808999081726355,1.0,0.32917753938339617,0.6708224606166039
20823,YNL149C YML058W,0.0,NA,0.01746097207069397,2850,10217,20824,0,0.6985335339765719,0.21810668095201652,1.0,0.3291453239264199,0.6708546760735801
20824,snR17a YOR117W,0.0,NA,0.01746314764022827,2850,10216,20825,0,0.6985630403351922,0.21812337364151232,1.0,0.32911310846944364,0.6708868915305564
20825,snR73 YML041C,0.0,NA,0.017473526298999786,2850,10215,20826,0,0.6985925466938125,0.21814006888633755,1.0,0.3290808930124674,0.6709191069875327
20826,YIR022W YML080W,0.0,NA,0.017475351691246033,2850,10214,20827,0,0.6986220530524327,0.218156766687079,1.0,0.3290486775554911,0.6709513224445088
20827,YLR100W YNR058W,0.0,NA,0.017486555501818657,2850,10213,20828,0,0.6986515594110531,0.21817346704432367,1.0,0.3290164620985149,0.6709835379014851
20828,YGL105W tG(CCC)O,0.0,NA,0.017494255676865578,2850,10212,20829,0,0.6986810657696734,0.2181901699586587,1.0,0.32898424664153864,0.6710157533584614
20829,YPL147W YBR267W,0.0,NA,0.017495233565568924,2850,10211,20830,0,0.6987105721282937,0.21820687543067147,1.0,0.32895203118456234,0.6710479688154376
20830,YFL002W-A YDL167C,0.0,NA,0.017502496019005775,2850,10210,20831,0,0.6987400784869139,0.21822358346094947,1.0,0.3289198157275861,0.6710801842724139
20831,YGR248W tA(AGC)M1,0.0,NA,0.01752200536429882,2850,10209,20832,0,0.6987695848455342,0.2182402940500804,1.0,0.3288876002706098,0.6711123997293902
20832,YGL163C YPR112C,0.0,NA,0.017522374168038368,2850,10208,20833,0,0.6987990912041545,0.21825700719865218,1.0,0.3288553848136336,0.6711446151863664
20833,YDR423C YBR041W,0.0,NA,0.01752503588795662,2850,10207,20834,0,0.6988285975627748,0.2182737229072528,1.0,0.32882316935665734,0.6711768306433427
20834,YHR058C YLL017W,0.0,NA,0.01753026619553566,2850,10206,20835,0,0.698858103921395,0.2182904411764706,1.0,0.32879095389968105,0.671209046100319
20835,YHL007C YJR094W-A,0.0,NA,0.017541782930493355,2850,10205,20836,0,0.6988876102800153,0.2183071620068939,1.0,0.3287587384427048,0.6712412615572952
20836,YGR094W tR(ACG)L,0.0,NA,0.017544832080602646,2850,10204,20837,0,0.6989171166386356,0.21832388539911138,1.0,0.3287265229857286,0.6712734770142714
20837,YPL257W-B YNL261W,0.0,NA,0.017552996054291725,2850,10203,20838,0,0.698946622997256,0.2183406113537118,1.0,0.3286943075287523,0.6713056924712477
20838,YJR123W YDR235W,0.0,NA,0.017553728073835373,2850,10202,20839,0,0.6989761293558762,0.21835733987128408,1.0,0.32866209207177605,0.671337907928224
20839,ALD1 YIL167W,0.0,NA,0.017557701095938683,2850,10201,20840,0,0.6990056357144965,0.21837407095241743,1.0,0.32862987661479975,0.6713701233852002
20840,YMR316W YER043C,0.0,NA,0.017557799816131592,2850,10200,20841,0,0.6990351420731168,0.21839080459770116,1.0,0.3285976611578235,0.6714023388421765
20841,YDL171C YKR003W,0.0,NA,0.017558110877871513,2850,10199,20842,0,0.699064648431737,0.21840754080772473,1.0,0.3285654457008473,0.6714345542991528
20842,snR66 YNL219C,0.0,NA,0.017561674118041992,2850,10198,20843,0,0.6990941547903573,0.21842427958307786,1.0,0.328533230243871,0.671466769756129
20843,YDR423C YOR367W,0.0,NA,0.017565211281180382,2850,10197,20844,0,0.6991236611489776,0.21844102092435042,1.0,0.32850101478689475,0.6714989852131052
20844,YNL039W YGR194C,0.0,NA,0.017591075971722603,2850,10196,20845,0,0.6991531675075979,0.21845776483213245,1.0,0.3284687993299185,0.6715312006700815
20845,YGR260W YKL171W,0.0,NA,0.017598122358322144,2850,10195,20846,0,0.6991826738662181,0.21847451130701417,1.0,0.3284365838729422,0.6715634161270577
20846,YJL219W YDL058W,0.0,NA,0.017600448802113533,2850,10194,20847,0,0.6992121802248384,0.21849126034958602,1.0,0.328404368415966,0.671595631584034
20847,snR41 YGL091C,0.0,NA,0.017604472115635872,2850,10193,20848,0,0.6992416865834588,0.21850801196043854,1.0,0.32837215295898975,0.6716278470410103
20848,YGR023W YPL257W-B,0.0,NA,0.01760994829237461,2850,10192,20849,0,0.6992711929420791,0.21852476614016256,1.0,0.32833993750201346,0.6716600624979865
20849,YAR031W tH(GUG)K,0.0,NA,0.017618859186768532,2850,10191,20850,0,0.6993006993006993,0.21854152288934897,1.0,0.3283077220450372,0.6716922779549628
20850,YNL272C YDR158W,0.0,NA,0.01763158291578293,2850,10190,20851,0,0.6993302056593196,0.21855828220858894,1.0,0.32827550658806093,0.6717244934119391
20851,YCR009C tH(GUG)K,0.0,NA,0.017638951539993286,2850,10189,20852,0,0.6993597120179399,0.2185750440984738,1.0,0.3282432911310847,0.6717567088689153
20852,YBR082C YMR218C,0.0,NA,0.01763959601521492,2850,10188,20853,0,0.6993892183765601,0.21859180855959504,1.0,0.32821107567410845,0.6717889243258915
20853,YOR061W YDR461W,0.0,NA,0.01767568290233612,2850,10187,20854,0,0.6994187247351804,0.2186085755925443,1.0,0.32817886021713216,0.6718211397828678
20854,YPR056W YOL002C,0.0,NA,0.017694024369120598,2850,10186,20855,0,0.6994482310938007,0.21862534519791346,1.0,0.3281466447601559,0.6718533552398441
20855,YDR147W YBL068W,0.0,NA,0.0176959540694952,2850,10185,20856,0,0.699477737452421,0.2186421173762946,1.0,0.3281144293031797,0.6718855706968203
20856,YOR081C YER166W,0.0,NA,0.017696700990200043,2850,10184,20857,0,0.6995072438110412,0.21865889212827988,1.0,0.3280822138462034,0.6719177861537966
20857,YNL054W-B YPL210C,0.0,NA,0.017698325216770172,2850,10183,20858,0,0.6995367501696615,0.21867566945446176,1.0,0.32804999838922716,0.6719500016107729
20858,YJL128C tR(ACG)D,0.0,NA,0.017700273543596268,2850,10182,20859,0,0.6995662565282819,0.21869244935543278,1.0,0.32801778293225087,0.6719822170677491
20859,YJR017C YNR034W,0.0,NA,0.01770690828561783,2850,10181,20860,0,0.6995957628869022,0.21870923183178576,1.0,0.32798556747527463,0.6720144325247254
20860,snR57 YOR007C,0.0,NA,0.01771094650030136,2850,10180,20861,0,0.6996252692455224,0.21872601688411358,1.0,0.3279533520182984,0.6720466479817017
20861,snR38 YPL241C,0.0,NA,0.01771984063088894,2850,10179,20862,0,0.6996547756041427,0.21874280451300945,1.0,0.3279211365613221,0.6720788634386778
20862,YNR049C YDR392W,0.0,NA,0.017723843455314636,2850,10178,20863,0,0.699684281962763,0.2187595947190666,1.0,0.32788892110434587,0.6721110788956541
20863,YDL040C YER137C-A,0.0,NA,0.01772962138056755,2850,10177,20864,0,0.6997137883213833,0.21877638750287864,1.0,0.32785670564736963,0.6721432943526304
20864,YOR075W YJR035W,0.0,NA,0.017749221995472908,2850,10176,20865,0,0.6997432946800035,0.21879318286503915,1.0,0.32782449019039334,0.6721755098096066
20865,YGR123C YIR001C,0.0,NA,0.017750702798366547,2850,10175,20866,0,0.6997728010386238,0.21880998080614203,1.0,0.3277922747334171,0.6722077252665829
20866,YDL126C YNL093W,0.0,NA,0.017755890265107155,2850,10174,20867,0,0.6998023073972441,0.21882678132678132,1.0,0.32776005927644086,0.6722399407235592
20867,YGR088W YPR078C,0.0,NA,0.017757030203938484,2850,10173,20868,0,0.6998318137558643,0.21884358442755125,1.0,0.32772784381946457,0.6722721561805354
20868,YIL064W YOR304W,0.0,NA,0.017757752910256386,2850,10172,20869,0,0.6998613201144847,0.21886039010904623,1.0,0.32769562836248833,0.6723043716375117
20869,YJR019C YOL040C,0.0,NA,0.017762677744030952,2850,10171,20870,0,0.699890826473105,0.21887719837186084,1.0,0.32766341290551204,0.672336587094488
20870,YAL036C YAL051W,0.0,NA,0.01776498183608055,2850,10170,20871,0,0.6999203328317253,0.21889400921658986,1.0,0.3276311974485358,0.6723688025514641
20871,YCR027C tA(AGC)D,0.0,NA,0.017773978412151337,2850,10169,20872,0,0.6999498391903455,0.21891082264382825,1.0,0.32759898199155957,0.6724010180084404
20872,YLR291C YDR176W,0.0,NA,0.017779232934117317,2850,10168,20873,0,0.6999793455489658,0.21892763865417114,1.0,0.3275667665345833,0.6724332334654167
20873,YCR036W YPR168W,0.0,NA,0.0177843626588583,2850,10167,20874,0,0.7000088519075861,0.21894445724821388,1.0,0.32753455107760704,0.672465448922393
20874,YNL025C YCR036W,0.0,NA,0.01778976060450077,2850,10166,20875,0,0.7000383582662064,0.21896127842655194,1.0,0.3275023356206308,0.6724976643793692
20875,snR39 YPL223C,0.0,NA,0.017793303355574608,2850,10165,20876,0,0.7000678646248266,0.21897810218978103,1.0,0.3274701201636545,0.6725298798363455
20876,YNL002C tG(CCC)O,0.0,NA,0.017793593928217888,2850,10164,20877,0,0.7000973709834469,0.218994928538497,1.0,0.3274379047066783,0.6725620952933218
20877,YDR469W tE(UUC)E1,0.0,NA,0.017798177897930145,2850,10163,20878,0,0.7001268773420672,0.21901175747329593,1.0,0.327405689249702,0.672594310750298
20878,YGL173C YCL020W,0.0,NA,0.017804263159632683,2850,10162,20879,0,0.7001563837006874,0.21902858899477406,1.0,0.32737347379272574,0.6726265262072743
20879,YGR254W YKR003W,0.0,NA,0.01780564896762371,2850,10161,20880,0,0.7001858900593078,0.2190454231035278,1.0,0.3273412583357495,0.6726587416642505
20880,YIL047C YKR097W,0.0,NA,0.017807651311159134,2850,10160,20881,0,0.7002153964179281,0.21906225980015373,1.0,0.3273090428787732,0.6726909571212267
20881,YGR163W YGL178W,0.0,NA,0.01780787482857704,2850,10159,20882,0,0.7002449027765484,0.21907909908524867,1.0,0.327276827421797,0.672723172578203
20882,YOR326W YCL044C,0.0,NA,0.017809918150305748,2850,10158,20883,0,0.7002744091351686,0.2190959409594096,1.0,0.32724461196482074,0.6727553880351793
20883,YOR356W YHR123W,0.0,NA,0.017813222482800484,2850,10157,20884,0,0.7003039154937889,0.21911278542323365,1.0,0.32721239650784445,0.6727876034921555
20884,YBL028C YDR490C,0.0,NA,0.017814815044403076,2850,10156,20885,0,0.7003334218524092,0.21912963247731815,1.0,0.3271801810508682,0.6728198189491318
20885,tR(UCU)B YHR114W,0.0,NA,0.017828170210123062,2850,10155,20886,0,0.7003629282110295,0.21914648212226068,1.0,0.327147965593892,0.6728520344061081
20886,YML077W YDR244W,0.0,NA,0.017828846350312233,2850,10154,20887,0,0.7003924345696497,0.21916333435865887,1.0,0.3271157501369157,0.6728842498630843
20887,YGR091W YER147C,0.0,NA,0.017841994762420654,2850,10153,20888,0,0.70042194092827,0.21918018918711066,1.0,0.32708353467993945,0.6729164653200606
20888,YKL045W YHR074W,0.0,NA,0.017850033938884735,2850,10152,20889,0,0.7004514472868903,0.21919704660821412,1.0,0.32705131922296315,0.6729486807770368
20889,YJL085W YGR206W,0.0,NA,0.017852693796157837,2850,10151,20890,0,0.7004809536455107,0.21921390662256748,1.0,0.3270191037659869,0.672980896234013
20890,snR7-L YPL113C,0.0,NA,0.017853662371635437,2850,10150,20891,0,0.7005104600041309,0.21923076923076923,1.0,0.3269868883090107,0.6730131116909893
20891,YIL166C YFR045W,0.0,NA,0.017860988155007362,2850,10149,20892,0,0.7005399663627512,0.21924763443341796,1.0,0.3269546728520344,0.6730453271479656
20892,YGR024C YMR106C,0.0,NA,0.017878303304314613,2850,10148,20893,0,0.7005694727213715,0.2192645022311125,1.0,0.32692245739505815,0.6730775426049419
20893,YGL257C YHR135C,0.0,NA,0.01787877269089222,2850,10147,20894,0,0.7005989790799917,0.2192813726244518,1.0,0.3268902419380819,0.6731097580619181
20894,snR58 tG(GCC)O2,0.0,NA,0.01789795607328415,2850,10146,20895,0,0.700628485438612,0.21929824561403508,1.0,0.3268580264811056,0.6731419735188944
20895,YCL054W YLR006C,0.0,NA,0.017898257821798325,2850,10145,20896,0,0.7006579917972323,0.2193151212004617,1.0,0.3268258110241294,0.6731741889758707
20896,YEL071W tR(CCG)L,0.0,NA,0.01790575310587883,2850,10144,20897,0,0.7006874981558526,0.21933199938433123,1.0,0.3267935955671531,0.6732064044328468
20897,snR65 snR54,0.0,NA,0.017906349152326584,2850,10143,20898,0,0.7007170045144728,0.21934888016624335,1.0,0.32676138011017686,0.6732386198898231
20898,YFL002W-B YDL118W,0.0,NA,0.017907992005348206,2850,10142,20899,0,0.7007465108730931,0.21936576354679804,1.0,0.3267291646532006,0.6732708353467994
20899,YPR021C snR79,0.0,NA,0.017911531031131744,2850,10141,20900,0,0.7007760172317135,0.21938264952659534,1.0,0.32669694919622433,0.6733030508037756
20900,YMR216C YOR192C-A,0.0,NA,0.017913268879055977,2850,10140,20901,0,0.7008055235903338,0.21939953810623555,1.0,0.3266647337392481,0.6733352662607519
20901,YHR139C snR14,0.0,NA,0.017931152135133743,2850,10139,20902,0,0.700835029948954,0.2194164292863192,1.0,0.32663251828227186,0.6733674817177282
20902,YLR324W YHL002W,0.0,NA,0.017975306138396263,2850,10138,20903,0,0.7008645363075743,0.21943332306744687,1.0,0.32660030282529556,0.6733996971747044
20903,YMR152W snR13,0.0,NA,0.017975373193621635,2850,10137,20904,0,0.7008940426661946,0.21945021945021945,1.0,0.3265680873683193,0.6734319126316807
20904,YER131W YCR017C,0.0,NA,0.017977554351091385,2850,10136,20905,0,0.7009235490248148,0.21946711843523795,1.0,0.3265358719113431,0.673464128088657
20905,YPL131W YDL042C,0.0,NA,0.017989419400691986,2850,10135,20906,0,0.7009530553834351,0.21948402002310358,1.0,0.3265036564543668,0.6734963435456331
20906,YOL001W YNR060W,0.0,NA,0.017994828522205353,2850,10134,20907,0,0.7009825617420554,0.21950092421441775,1.0,0.32647144099739056,0.6735285590026094
20907,YDR440W YER056C,0.0,NA,0.01799912564456463,2850,10133,20908,0,0.7010120681006757,0.21951783100978203,1.0,0.32643922554041427,0.6735607744595857
20908,YLR006C tS(GCU)L,0.0,NA,0.01800984889268875,2850,10132,20909,0,0.7010415744592959,0.21953474040979817,1.0,0.32640701008343803,0.6735929899165619
20909,YGL206C YBR296C,0.0,NA,0.01801181398332119,2850,10131,20910,0,0.7010710808179162,0.2195516524150682,1.0,0.3263747946264618,0.6736252053735382
20910,tA(AGC)K2 YDL045C,0.0,NA,0.018021002411842346,2850,10130,20911,0,0.7011005871765366,0.21956856702619415,1.0,0.3263425791694855,0.6736574208305145
20911,YNL149C YMR134W,0.0,NA,0.018024597316980362,2850,10129,20912,0,0.7011300935351569,0.2195854842437784,1.0,0.32631036371250927,0.6736896362874908
20912,YDR176W YMR065W,0.0,NA,0.0180269256234169,2850,10128,20913,0,0.7011595998937771,0.2196024040684235,1.0,0.32627814825553303,0.673721851744467
20913,YBR257W YOL103W-A,0.0,NA,0.018034962937235832,2850,10127,20914,0,0.7011891062523974,0.21961932650073207,1.0,0.32624593279855674,0.6737540672014433
20914,YKR095W-A YGL100W,0.0,NA,0.01804376393556595,2850,10126,20915,0,0.7012186126110177,0.21963625154130703,1.0,0.3262137173415805,0.6737862826584196
20915,YER025W tQ(UUG)E1,0.0,NA,0.018043816089630127,2850,10125,20916,0,0.701248118969638,0.21965317919075145,1.0,0.3261815018846042,0.6738184981153957
20916,YPL145C YEL009C,0.0,NA,0.018053298816084862,2850,10124,20917,0,0.7012776253282582,0.21967010944966855,1.0,0.32614928642762797,0.673850713572372
20917,YDL137W YNL054W-A,0.0,NA,0.018072158098220825,2850,10123,20918,0,0.7013071316868785,0.21968704231866185,1.0,0.32611707097065173,0.6738829290293483
20918,YOR367W snR51,0.0,NA,0.018076879903674126,2850,10122,20919,0,0.7013366380454988,0.21970397779833487,1.0,0.32608485551367544,0.6739151444863245
20919,YLR448W tA(AGC)J,0.0,NA,0.01808050274848938,2850,10121,20920,0,0.701366144404119,0.2197209158892915,1.0,0.3260526400566992,0.6739473599433008
20920,YKL160W YOR244W,0.0,NA,0.018080951645970345,2850,10120,20921,0,0.7013956507627394,0.2197378565921357,1.0,0.32602042459972297,0.6739795754002771
20921,YMR292W snR42,0.0,NA,0.018081899732351303,2850,10119,20922,0,0.7014251571213597,0.21975479990747165,1.0,0.3259882091427467,0.6740117908572533
20922,YKL171W YIL050W,0.0,NA,0.0181027390062809,2850,10118,20923,0,0.70145466347998,0.21977174583590375,1.0,0.32595599368577044,0.6740440063142296
20923,YDR140W YAR010C,0.0,NA,0.018110079690814018,2850,10117,20924,0,0.7014841698386002,0.21978869437803655,1.0,0.3259237782287942,0.6740762217712059
20924,YDL085W YKL214C,0.0,NA,0.018111800774931908,2850,10116,20925,0,0.7015136761972205,0.2198056455344748,1.0,0.3258915627718179,0.674108437228182
20925,YOR083W YDR054C,0.0,NA,0.018125103786587715,2850,10115,20926,0,0.7015431825558408,0.21982259930582337,1.0,0.3258593473148417,0.6741406526851583
20926,YDR013W YGR221C,0.0,NA,0.018130578100681305,2850,10114,20927,0,0.7015726889144611,0.21983955569268746,1.0,0.3258271318578654,0.6741728681421346
20927,YGL244W YHL039W,0.0,NA,0.0181385837495327,2850,10113,20928,0,0.7016021952730813,0.2198565146956723,1.0,0.32579491640088915,0.6742050835991108
20928,YBR152W YLR120C,0.0,NA,0.018141234293580055,2850,10112,20929,0,0.7016317016317016,0.21987347631538343,1.0,0.3257627009439129,0.6742372990560871
20929,YPL257W-A YNL202W,0.0,NA,0.018146788701415062,2850,10111,20930,0,0.701661207990322,0.2198904405524265,1.0,0.3257304854869366,0.6742695145130634
20930,YLR234W YBR216C,0.0,NA,0.018148496747016907,2850,10110,20931,0,0.7016907143489421,0.2199074074074074,1.0,0.3256982700299604,0.6743017299700397
20931,YMR288W YOR138C,0.0,NA,0.018164316192269325,2850,10109,20932,0,0.7017202207075625,0.21992437688093217,1.0,0.32566605457298414,0.6743339454270159
20932,YCR089W snR11,0.0,NA,0.018165072426199913,2850,10108,20933,0,0.7017497270661828,0.21994134897360704,1.0,0.32563383911600785,0.6743661608839921
20933,YML114C YDR040C,0.0,NA,0.01819811761379242,2850,10107,20934,0,0.7017792334248031,0.21995832368603843,1.0,0.3256016236590316,0.6743983763409684
20934,snR128 YAL030W,0.0,NA,0.018201636150479317,2850,10106,20935,0,0.7018087397834233,0.21997530101883297,1.0,0.3255694082020553,0.6744305917979446
20935,YKL079W YHR106W,0.0,NA,0.01820889674127102,2850,10105,20936,0,0.7018382461420436,0.21999228097259746,1.0,0.3255371927450791,0.6744628072549209
20936,YHR088W YMR276W,0.0,NA,0.018211182206869125,2850,10104,20937,0,0.7018677525006639,0.22000926354793887,1.0,0.32550497728810285,0.6744950227118972
20937,YAL014C YAL007C,0.0,NA,0.018213117495179176,2850,10103,20938,0,0.7018972588592842,0.22002624874546436,1.0,0.32547276183112656,0.6745272381688734
20938,YPR094W tR(ACG)O,0.0,NA,0.018213210627436638,2850,10102,20939,0,0.7019267652179044,0.22004323656578134,1.0,0.3254405463741503,0.6745594536258497
20939,YLR309C YCR106W,0.0,NA,0.018214089795947075,2850,10101,20940,0,0.7019562715765247,0.22006022700949734,1.0,0.3254083309171741,0.674591669082826
20940,YGL244W YGL229C,0.0,NA,0.018216894939541817,2850,10100,20941,0,0.701985777935145,0.22007722007722008,1.0,0.3253761154601978,0.6746238845398022
20941,YDR210C-C YJL095W,0.0,NA,0.018237808719277382,2850,10099,20942,0,0.7020152842937653,0.22009421576955748,1.0,0.32534390000322155,0.6746560999967784
20942,YHR143W-A YLR115W,0.0,NA,0.01824556291103363,2850,10098,20943,0,0.7020447906523856,0.2201112140871177,1.0,0.32531168454624526,0.6746883154537547
20943,tA(AGC)P YIR041W,0.0,NA,0.01826091855764389,2850,10097,20944,0,0.7020742970110059,0.220128215030509,1.0,0.325279469089269,0.6747205309107309
20944,YGR054W YOR043W,0.0,NA,0.018263328820466995,2850,10096,20945,0,0.7021038033696262,0.22014521860033986,1.0,0.3252472536322928,0.6747527463677072
20945,YJL081C YOL058W,0.0,NA,0.018263714388012886,2850,10095,20946,0,0.7021333097282464,0.220162224797219,1.0,0.3252150381753165,0.6747849618246835
20946,tH(GUG)E1 YHR135C,0.0,NA,0.01826418563723564,2850,10094,20947,0,0.7021628160868667,0.22017923362175526,1.0,0.32518282271834026,0.6748171772816597
20947,snR19 YPL149W,0.0,NA,0.01827421598136425,2850,10093,20948,0,0.702192322445487,0.22019624507455768,1.0,0.325150607261364,0.674849392738636
20948,YDR315C YOR210W,0.0,NA,0.018292652443051338,2850,10092,20949,0,0.7022218288041073,0.22021325915623552,1.0,0.32511839180438773,0.6748816081956123
20949,YDR108W YLR028C,0.0,NA,0.018300069496035576,2850,10091,20950,0,0.7022513351627275,0.22023027586739818,1.0,0.3250861763474115,0.6749138236525886
20950,YCR089W YHR074W,0.0,NA,0.018302245065569878,2850,10090,20951,0,0.7022808415213478,0.22024729520865532,1.0,0.32505396089043526,0.6749460391095647
20951,YGL127C YCL043C,0.0,NA,0.018309734761714935,2850,10089,20952,0,0.7023103478799682,0.22026431718061673,1.0,0.32502174543345896,0.674978254566541
20952,YPR192W YPR051W,0.0,NA,0.0183122456073761,2850,10088,20953,0,0.7023398542385885,0.22028134178389241,1.0,0.3249895299764827,0.6750104700235173
20953,snR53 YMR143W,0.0,NA,0.018336880952119827,2850,10087,20954,0,0.7023693605972087,0.22029836901909253,1.0,0.32495731451950643,0.6750426854804935
20954,YKR009C tG(GCC)J2,0.0,NA,0.018342528492212296,2850,10086,20955,0,0.702398866955829,0.22031539888682747,1.0,0.3249250990625302,0.6750749009374698
20955,snR33 YLR054C,0.0,NA,0.018359778448939323,2850,10085,20956,0,0.7024283733144493,0.22033243138770778,1.0,0.32489288360555396,0.6751071163944461
20956,YJR140C YKL034W,0.0,NA,0.018364187330007553,2850,10084,20957,0,0.7024578796730695,0.22034946652234422,1.0,0.32486066814857767,0.6751393318514223
20957,YNL099C YCR012W,0.0,NA,0.018372252583503723,2850,10083,20958,0,0.7024873860316898,0.22036650429134771,1.0,0.32482845269160143,0.6751715473083986
20958,YNR008W YNL178W,0.0,NA,0.018379967659711838,2850,10082,20959,0,0.7025168923903101,0.22038354469532942,1.0,0.3247962372346252,0.6752037627653749
20959,YHR013C tV(AAC)J,0.0,NA,0.018413325771689415,2850,10081,20960,0,0.7025463987489304,0.22040058773490062,1.0,0.3247640217776489,0.675235978222351
20960,YGR166W tV(UAC)B,0.0,NA,0.01841598004102707,2850,10080,20961,0,0.7025759051075506,0.22041763341067286,1.0,0.32473180632067267,0.6752681936793273
20961,YHR216W tQ(UUG)E2,0.0,NA,0.018439967185258865,2850,10079,20962,0,0.702605411466171,0.22043468172325778,1.0,0.3246995908636964,0.6753004091363036
20962,YJL071W YNR057C,0.0,NA,0.01844063214957714,2850,10078,20963,0,0.7026349178247913,0.22045173267326731,1.0,0.32466737540672014,0.6753326245932798
20963,tG(CCC)O YJR005W,0.0,NA,0.018440641462802887,2850,10077,20964,0,0.7026644241834116,0.22046878626131353,1.0,0.3246351599497439,0.6753648400502561
20964,YGR179C YBR078W,0.0,NA,0.01844085566699505,2850,10076,20965,0,0.7026939305420318,0.22048584248800868,1.0,0.3246029444927676,0.6753970555072324
20965,YAL013W YNL123W,0.0,NA,0.018447762355208397,2850,10075,20966,0,0.7027234369006521,0.2205029013539652,1.0,0.32457072903579137,0.6754292709642086
20966,YDL109C YPL011C,0.0,NA,0.018477696925401688,2850,10074,20967,0,0.7027529432592724,0.22051996285979572,1.0,0.32453851357881514,0.6754614864211849
20967,YNL097C YPL023C,0.0,NA,0.018478361889719963,2850,10073,20968,0,0.7027824496178926,0.22053702700611313,1.0,0.32450629812183884,0.6754937018781612
20968,YLR189C YPL228W,0.0,NA,0.018479138612747192,2850,10072,20969,0,0.7028119559765129,0.22055409379353041,1.0,0.3244740826648626,0.6755259173351374
20969,YER142C Q0065,0.0,NA,0.01849076710641384,2850,10071,20970,0,0.7028414623351332,0.2205711632226608,1.0,0.32444186720788637,0.6755581327921136
20970,YDL038C YCL069W,0.0,NA,0.018502801656723022,2850,10070,20971,0,0.7028709686937535,0.22058823529411764,1.0,0.3244096517509101,0.6755903482490899
20971,YNL090W YDR382W,0.0,NA,0.018507095053792,2850,10069,20972,0,0.7029004750523737,0.2206053100085146,1.0,0.32437743629393384,0.6756225637060662
20972,YGL136C YAL022C,0.0,NA,0.018508855253458023,2850,10068,20973,0,0.702929981410994,0.2206223873664654,1.0,0.32434522083695755,0.6756547791630424
20973,YIL124W YGR157W,0.0,NA,0.018509304150938988,2850,10067,20974,0,0.7029594877696144,0.22063946736858403,1.0,0.3243130053799813,0.6756869946200187
20974,YBR036C YBR188C,0.0,NA,0.018514510244131088,2850,10066,20975,0,0.7029889941282347,0.22065655001548468,1.0,0.3242807899230051,0.675719210076995
20975,YOR193W Q0275,0.0,NA,0.018518811091780663,2850,10065,20976,0,0.7030185004868549,0.22067363530778164,1.0,0.3242485744660288,0.6757514255339712
20976,YOR343W-A YCL052C,0.0,NA,0.018519017845392227,2850,10064,20977,0,0.7030480068454752,0.22069072324608952,1.0,0.32421635900905255,0.6757836409909475
20977,YMR292W YGL016W,0.0,NA,0.018533792346715927,2850,10063,20978,0,0.7030775132040955,0.220707813831023,1.0,0.3241841435520763,0.6758158564479237
20978,YOR363C YER088C,0.0,NA,0.018537435680627823,2850,10062,20979,0,0.7031070195627158,0.22072490706319703,1.0,0.3241519280951,0.6758480719048999
20979,YPL029W YHR048W,0.0,NA,0.01854049786925316,2850,10061,20980,0,0.703136525921336,0.2207420029432267,1.0,0.3241197126381238,0.6758802873618762
20980,tG(GCC)P2 YDR378C,0.0,NA,0.0185424592345953,2850,10060,20981,0,0.7031660322799563,0.22075910147172734,1.0,0.3240874971811475,0.6759125028188525
20981,YEL071W tC(GCA)P1,0.0,NA,0.018545053899288177,2850,10059,20982,0,0.7031955386385766,0.22077620264931444,1.0,0.32405528172417125,0.6759447182758287
20982,YCL011C snR42,0.0,NA,0.018551286309957504,2850,10058,20983,0,0.7032250449971968,0.22079330647660367,1.0,0.324023066267195,0.675976933732805
20983,snR65 YMR204C,0.0,NA,0.018561430275440216,2850,10057,20984,0,0.7032545513558172,0.2208104129542109,1.0,0.3239908508102187,0.6760091491897813
20984,YGR244C YBR081C,0.0,NA,0.018565235659480095,2850,10056,20985,0,0.7032840577144375,0.22082752208275222,1.0,0.3239586353532425,0.6760413646467575
20985,YCR106W YGL168W,0.0,NA,0.018566347658634186,2850,10055,20986,0,0.7033135640730578,0.22084463386284386,1.0,0.32392641989626625,0.6760735801037338
20986,tA(AGC)K1 YDL081C,0.0,NA,0.018566755577921867,2850,10054,20987,0,0.703343070431678,0.2208617482951023,1.0,0.32389420443928996,0.67610579556071
20987,YLR020C YPR008W,0.0,NA,0.018585193902254105,2850,10053,20988,0,0.7033725767902983,0.22087886538014415,1.0,0.3238619889823137,0.6761380110176863
20988,YBR095C YOR241W,0.0,NA,0.018590517342090607,2850,10052,20989,0,0.7034020831489186,0.22089598511858627,1.0,0.3238297735253375,0.6761702264746625
20989,YBL024W YOL111C,0.0,NA,0.01859632134437561,2850,10051,20990,0,0.7034315895075389,0.22091310751104565,1.0,0.3237975580683612,0.6762024419316388
20990,YIL016W YLR238W,0.0,NA,0.018609344959259033,2850,10050,20991,0,0.7034610958661591,0.22093023255813954,1.0,0.32376534261138495,0.6762346573886151
20991,YBR237W YIL149C,0.0,NA,0.018616443499922752,2850,10049,20992,0,0.7034906022247794,0.2209473602604853,1.0,0.32373312715440866,0.6762668728455913
20992,YER042W YLR237W,0.0,NA,0.01861679181456566,2850,10048,20993,0,0.7035201085833998,0.22096449061870058,1.0,0.3237009116974324,0.6762990883025676
20993,YPL113C YEL027W,0.0,NA,0.01863929070532322,2850,10047,20994,0,0.70354961494202,0.22098162363340312,1.0,0.3236686962404562,0.6763313037595439
20994,tQ(UUG)E1 YML107C,0.0,NA,0.018643338233232498,2850,10046,20995,0,0.7035791213006403,0.22099875930521093,1.0,0.3236364807834799,0.67636351921652
20995,YDR210C-D YJL166W,0.0,NA,0.01865573041141033,2850,10045,20996,0,0.7036086276592606,0.22101589763474214,1.0,0.32360426532650366,0.6763957346734963
20996,YKL080W YKR037C,0.0,NA,0.018665282055735588,2850,10044,20997,0,0.7036381340178809,0.22103303862261517,1.0,0.3235720498695274,0.6764279501304726
20997,YJL044C YPL147W,0.0,NA,0.018671110272407532,2850,10043,20998,0,0.7036676403765011,0.22105018226944853,1.0,0.32353983441255113,0.6764601655874488
20998,YGL086W YNL221C,0.0,NA,0.0186875332146883,2850,10042,20999,0,0.7036971467351214,0.221067328575861,1.0,0.3235076189555749,0.6764923810444251
20999,YML006C YFR033C,0.0,NA,0.018703104928135872,2850,10041,21000,0,0.7037266530937417,0.22108447754247149,1.0,0.3234754034985986,0.6765245965014014
21000,YDL098C YGL016W,0.0,NA,0.018705694004893303,2850,10040,21001,0,0.703756159452362,0.22110162916989914,1.0,0.32344318804162236,0.6765568119583776
21001,YLR044C YIL048W,0.0,NA,0.018732454627752304,2850,10039,21002,0,0.7037856658109822,0.2211187834587633,1.0,0.32341097258464613,0.6765890274153539
21002,YDR135C YLR453C,0.0,NA,0.018739931285381317,2850,10038,21003,0,0.7038151721696025,0.22113594040968343,1.0,0.32337875712766984,0.6766212428723302
21003,YOR159C YLR148W,0.0,NA,0.018740948289632797,2850,10037,21004,0,0.7038446785282229,0.2211531000232793,1.0,0.3233465416706936,0.6766534583293065
21004,tA(AGC)M2 YDL145C,0.0,NA,0.018743878230452538,2850,10036,21005,0,0.7038741848868432,0.22117026230017073,1.0,0.32331432621371736,0.6766856737862826
21005,YGR271W YGL006W,0.0,NA,0.018745798617601395,2850,10035,21006,0,0.7039036912454634,0.22118742724097787,1.0,0.32328211075674107,0.6767178892432589
21006,snR14 YDL188C,0.0,NA,0.018751079216599464,2850,10034,21007,0,0.7039331976040837,0.22120459484632102,1.0,0.32324989529976483,0.6767501047002352
21007,YML069W YPR073C,0.0,NA,0.018762506544589996,2850,10033,21008,0,0.703962703962704,0.22122176511682062,1.0,0.3232176798427886,0.6767823201572114
21008,YFR032C-A YOR143C,0.0,NA,0.018762558698654175,2850,10032,21009,0,0.7039922103213242,0.22123893805309736,1.0,0.3231854643858123,0.6768145356141877
21009,YER007W YGR123C,0.0,NA,0.018763331696391106,2850,10031,21010,0,0.7040217166799445,0.22125611365577208,1.0,0.32315324892883607,0.676846751071164
21010,tR(UCU)J1 YNL074C,0.0,NA,0.0187663771212101,2850,10030,21011,0,0.7040512230385648,0.22127329192546583,1.0,0.3231210334718598,0.6768789665281402
21011,snR42 YMR006C,0.0,NA,0.01876983791589737,2850,10029,21012,0,0.7040807293971851,0.2212904728627999,1.0,0.32308881801488354,0.6769111819851165
21012,YPR181C YGL123W,0.0,NA,0.01877526566386223,2850,10028,21013,0,0.7041102357558053,0.2213076564683957,1.0,0.3230566025579073,0.6769433974420928
21013,YGL244W YFR021W,0.0,NA,0.018776293843984604,2850,10027,21014,0,0.7041397421144256,0.2213248427428749,1.0,0.323024387100931,0.6769756128990689
21014,YFR046C tN(GUU)K,0.0,NA,0.0187817495316267,2850,10026,21015,0,0.704169248473046,0.2213420316868593,1.0,0.3229921716439548,0.6770078283560452
21015,tS(AGA)J YLR442C,0.0,NA,0.018783798441290855,2850,10025,21016,0,0.7041987548316663,0.22135922330097088,1.0,0.32295995618697854,0.6770400438130215
21016,YNL309W YDR188W,0.0,NA,0.018788227811455727,2850,10024,21017,0,0.7042282611902865,0.2213764175858319,1.0,0.32292774073000224,0.6770722592699977
21017,YGL175C snR46,0.0,NA,0.018788622692227364,2850,10023,21018,0,0.7042577675489068,0.2213936145420648,1.0,0.322895525273026,0.677104474726974
21018,YLL042C YHR001W,0.0,NA,0.018789203837513924,2850,10022,21019,0,0.7042872739075271,0.2214108141702921,1.0,0.3228633098160497,0.6771366901839503
21019,YHR216W YPR051W,0.0,NA,0.018799368292093277,2850,10021,21020,0,0.7043167802661473,0.22142801647113666,1.0,0.3228310943590735,0.6771689056409265
21020,YOR028C YNL108C,0.0,NA,0.018817627802491188,2850,10020,21021,0,0.7043462866247676,0.22144522144522144,1.0,0.32279887890209724,0.6772011210979028
21021,YNL316C YJL187C,0.0,NA,0.01883292756974697,2850,10019,21022,0,0.7043757929833879,0.22146242909316963,1.0,0.32276666344512095,0.677233336554879
21022,YDR335W tR(CCU)J,0.0,NA,0.018836336210370064,2850,10018,21023,0,0.7044052993420082,0.2214796394156046,1.0,0.3227344479881447,0.6772655520118553
21023,YOR362C YLR087C,0.0,NA,0.018839899450540543,2850,10017,21024,0,0.7044348057006284,0.22149685241314993,1.0,0.3227022325311685,0.6772977674688315
21024,YKR056W YIR021W,0.0,NA,0.018845761194825172,2850,10016,21025,0,0.7044643120592488,0.22151406808642934,1.0,0.3226700170741922,0.6773299829258078
21025,snR39 YPL047W,0.0,NA,0.018847567960619926,2850,10015,21026,0,0.7044938184178691,0.22153128643606684,1.0,0.32263780161721595,0.6773621983827841
21026,YGL145W YAL023C,0.0,NA,0.018849948421120644,2850,10014,21027,0,0.7045233247764894,0.22154850746268656,1.0,0.3226055861602397,0.6773944138397603
21027,YNL283C YPL065W,0.0,NA,0.018852602690458298,2850,10013,21028,0,0.7045528311351096,0.22156573116691286,1.0,0.3225733707032634,0.6774266292967366
21028,YBR034C YDL076C,0.0,NA,0.01885867305099964,2850,10012,21029,0,0.7045823374937299,0.22158295754937024,1.0,0.3225411552462872,0.6774588447537129
21029,YAL053W YML001W,0.0,NA,0.018875770270824432,2850,10011,21030,0,0.7046118438523502,0.22160018661068345,1.0,0.3225089397893109,0.6774910602106891
21030,tQ(UUG)E1 YGL211W,0.0,NA,0.018883729353547096,2850,10010,21031,0,0.7046413502109705,0.22161741835147744,1.0,0.32247672433233465,0.6775232756676653
21031,YOR126C YAR010C,0.0,NA,0.01889173500239849,2850,10009,21032,0,0.7046708565695907,0.22163465277237732,1.0,0.3224445088753584,0.6775554911246416
21032,YGL048C YPR062W,0.0,NA,0.018907269462943077,2850,10008,21033,0,0.704700362928211,0.2216518898740084,1.0,0.3224122934183821,0.6775877065816178
21033,YGL114W YPR046W,0.0,NA,0.018909940496087074,2850,10007,21034,0,0.7047298692868313,0.2216691296569962,1.0,0.3223800779614059,0.6776199220385941
21034,YGL093W YJL121C,0.0,NA,0.018911011517047882,2850,10006,21035,0,0.7047593756454515,0.2216863721219664,1.0,0.32234786250442965,0.6776521374955704
21035,snR66 YPL170W,0.0,NA,0.01891612634062767,2850,10005,21036,0,0.7047888820040719,0.22170361726954493,1.0,0.32231564704745336,0.6776843529525466
21036,YEL056W YIL088C,0.0,NA,0.018919656053185463,2850,10004,21037,0,0.7048183883626922,0.22172086510035788,1.0,0.3222834315904771,0.6777165684095229
21037,YDL059C snR63,0.0,NA,0.018924949690699577,2850,10003,21038,0,0.7048478947213125,0.2217381156150315,1.0,0.32225121613350083,0.6777487838664992
21038,YNR030W YIL103W,0.0,NA,0.018939385190606117,2850,10002,21039,0,0.7048774010799327,0.22175536881419233,1.0,0.3222190006765246,0.6777809993234754
21039,YGR118W tQ(UUG)E1,0.0,NA,0.018943259492516518,2850,10001,21040,0,0.704906907438553,0.22177262469846704,1.0,0.32218678521954836,0.6778132147804516
21040,YDR196C YOL040C,0.0,NA,0.018947158008813858,2850,10000,21041,0,0.7049364137971733,0.22178988326848248,1.0,0.32215456976257206,0.6778454302374279
21041,YOR192C YPL149W,0.0,NA,0.01894773356616497,2850,9999,21042,0,0.7049659201557936,0.22180714452486575,1.0,0.3221223543055958,0.6778776456944042
21042,YHR214C-C YEL034W,0.0,NA,0.018948834389448166,2850,9998,21043,0,0.7049954265144138,0.22182440846824408,1.0,0.3220901388486196,0.6779098611513804
21043,tS(AGA)B YLR238W,0.0,NA,0.018949056044220924,2850,9997,21044,0,0.7050249328730341,0.22184167509924496,1.0,0.3220579233916433,0.6779420766083567
21044,YNL016W YJL074C,0.0,NA,0.018949195742607117,2850,9996,21045,0,0.7050544392316545,0.22185894441849602,1.0,0.32202570793466706,0.677974292065333
21045,YOR056C snR14,0.0,NA,0.018950412049889565,2850,9995,21046,0,0.7050839455902747,0.22187621642662514,1.0,0.3219934924776908,0.6780065075223092
21046,YOR320C YDR346C,0.0,NA,0.01895548216998577,2850,9994,21047,0,0.705113451948895,0.22189349112426035,1.0,0.32196127702071453,0.6780387229792855
21047,YML121W tM(CAU)J1,0.0,NA,0.01896151341497898,2850,9993,21048,0,0.7051429583075153,0.2219107685120299,1.0,0.3219290615637383,0.6780709384362618
21048,YGR134W YKL058W,0.0,NA,0.0189684871584177,2850,9992,21049,0,0.7051724646661356,0.22192804859056223,1.0,0.321896846106762,0.6781031538932379
21049,tR(UCU)D YGR141W,0.0,NA,0.018981853500008583,2850,9991,21050,0,0.7052019710247558,0.22194533136048594,1.0,0.32186463064978577,0.6781353693502142
21050,tE(UUC)M YBR026C,0.0,NA,0.01898244023323059,2850,9990,21051,0,0.7052314773833761,0.2219626168224299,1.0,0.32183241519280953,0.6781675848071905
21051,YLR176C tR(CCG)L,0.0,NA,0.018987147137522697,2850,9989,21052,0,0.7052609837419964,0.22197990497702313,1.0,0.32180019973583324,0.6781998002641667
21052,YGR096W YNR057C,0.0,NA,0.018991820514202118,2850,9988,21053,0,0.7052904901006167,0.22199719582489486,1.0,0.321767984278857,0.678232015721143
21053,YML088W YDL175C,0.0,NA,0.019009970128536224,2850,9987,21054,0,0.7053199964592369,0.22201448936667445,1.0,0.32173576882188076,0.6782642311781193
21054,YNR074C YER159C-A,0.0,NA,0.019015811383724213,2850,9986,21055,0,0.7053495028178572,0.22203178560299158,1.0,0.32170355336490447,0.6782964466350955
21055,YPR107C tR(UCU)M2,0.0,NA,0.019021140411496162,2850,9985,21056,0,0.7053790091764776,0.22204908453447605,1.0,0.32167133790792823,0.6783286620920718
21056,tN(GUU)K YGL232W,0.0,NA,0.019025029614567757,2850,9984,21057,0,0.7054085155350979,0.22206638616175783,1.0,0.32163912245095194,0.6783608775490481
21057,YER008C YOR143C,0.0,NA,0.019044583663344383,2850,9983,21058,0,0.7054380218937181,0.22208369048546717,1.0,0.3216069069939757,0.6783930930060242
21058,tA(AGC)K1 YEL055C,0.0,NA,0.019059937447309494,2850,9982,21059,0,0.7054675282523384,0.2221009975062344,1.0,0.32157469153699947,0.6784253084630005
21059,tA(AGC)K1 YDL191W,0.0,NA,0.019071226939558983,2850,9981,21060,0,0.7054970346109587,0.2221183072246902,1.0,0.3215424760800232,0.6784575239199768
21060,YPL095C tS(AGA)B,0.0,NA,0.019077161327004433,2850,9980,21061,0,0.7055265409695789,0.2221356196414653,1.0,0.32151026062304694,0.6784897393769531
21061,YLR130C YFR045W,0.0,NA,0.01907799020409584,2850,9979,21062,0,0.7055560473281992,0.22215293475719075,1.0,0.3214780451660707,0.6785219548339293
21062,YHR143W-A YCR048W,0.0,NA,0.019080275669693947,2850,9978,21063,0,0.7055855536868195,0.22217025257249767,1.0,0.3214458297090944,0.6785541702909056
21063,MPR1 YCL031C,0.0,NA,0.019081158563494682,2850,9977,21064,0,0.7056150600454398,0.22218757308801745,1.0,0.3214136142521182,0.6785863857478819
21064,tS(AGA)B YDR402C,0.0,NA,0.019086772575974464,2850,9976,21065,0,0.70564456640406,0.22220489630438173,1.0,0.3213813987951419,0.6786186012048581
21065,YCR068W YLR034C,0.0,NA,0.019100366160273552,2850,9975,21066,0,0.7056740727626803,0.2222222222222222,1.0,0.32134918333816564,0.6786508166618344
21066,YDR163W YDR244W,0.0,NA,0.01910361647605896,2850,9974,21067,0,0.7057035791213007,0.22223955084217092,1.0,0.3213169678811894,0.6786830321188106
21067,YJR044C YHR088W,0.0,NA,0.019113602116703987,2850,9973,21068,0,0.705733085479921,0.22225688216486,1.0,0.3212847524242131,0.6787152475757868
21068,YJR012C YBL005W-B,0.0,NA,0.019114771857857704,2850,9972,21069,0,0.7057625918385412,0.22227421619092186,1.0,0.3212525369672369,0.6787474630327631
21069,YGR271W YBL037W,0.0,NA,0.01911994069814682,2850,9971,21070,0,0.7057920981971615,0.222291552920989,1.0,0.32122032151026064,0.6787796784897394
21070,YIL007C YHR113W,0.0,NA,0.01912606693804264,2850,9970,21071,0,0.7058216045557818,0.22230889235569423,1.0,0.32118810605328435,0.6788118939467156
21071,YMR283C snR41,0.0,NA,0.01913103275001049,2850,9969,21072,0,0.705851110914402,0.2223262344956705,1.0,0.3211558905963081,0.6788441094036919
21072,snR38 YDR463W,0.0,NA,0.019136833027005196,2850,9968,21073,0,0.7058806172730223,0.22234357934155094,1.0,0.3211236751393319,0.6788763248606682
21073,YFR032C-A YCR009C,0.0,NA,0.01913851499557495,2850,9967,21074,0,0.7059101236316426,0.22236092689396894,1.0,0.3210914596823556,0.6789085403176444
21074,tL(GAG)G YPL237W,0.0,NA,0.019139625132083893,2850,9966,21075,0,0.7059396299902629,0.22237827715355804,1.0,0.32105924422537935,0.6789407557746207
21075,YMR142C tG(GCC)P2,0.0,NA,0.019154418259859085,2850,9965,21076,0,0.7059691363488831,0.222395630120952,1.0,0.32102702876840306,0.678972971231597
21076,YCR053W YDL195W,0.0,NA,0.019157536327838898,2850,9964,21077,0,0.7059986427075035,0.22241298579678476,1.0,0.3209948133114268,0.6790051866885731
21077,YKL214C YBR181C,0.0,NA,0.019164185971021652,2850,9963,21078,0,0.7060281490661238,0.22243034418169047,1.0,0.3209625978544506,0.6790374021455494
21078,YPR040W YDR075W,0.0,NA,0.019192278385162354,2850,9962,21079,0,0.7060576554247441,0.22244770527630348,1.0,0.3209303823974743,0.6790696176025257
21079,tP(AGG)N YEL060C,0.0,NA,0.019193032756447792,2850,9961,21080,0,0.7060871617833643,0.2224650690812583,1.0,0.32089816694049805,0.679101833059502
21080,YLL036C YML076C,0.0,NA,0.01919553615152836,2850,9960,21081,0,0.7061166681419846,0.2224824355971897,1.0,0.3208659514835218,0.6791340485164782
21081,YLR273C YGL244W,0.0,NA,0.019200438633561134,2850,9959,21082,0,0.7061461745006049,0.2224998048247326,1.0,0.3208337360265455,0.6791662639734545
21082,tG(GCC)E YMR271C,0.0,NA,0.01920473203063011,2850,9958,21083,0,0.7061756808592251,0.22251717676452218,1.0,0.3208015205695693,0.6791984794304308
21083,YPL053C YJR055W,0.0,NA,0.01920531690120697,2850,9957,21084,0,0.7062051872178454,0.22253455141719372,1.0,0.320769305112593,0.679230694887407
21084,YGR272C YDR288W,0.0,NA,0.019214848056435585,2850,9956,21085,0,0.7062346935764657,0.22255192878338279,1.0,0.32073708965561676,0.6792629103443832
21085,YGR112W YHL003C,0.0,NA,0.01922345906496048,2850,9955,21086,0,0.706264199935086,0.2225693088637251,1.0,0.3207048741986405,0.6792951258013595
21086,YHR044C YDL056W,0.0,NA,0.01922384463250637,2850,9954,21087,0,0.7062937062937062,0.2225866916588566,1.0,0.32067265874166423,0.6793273412583357
21087,YGL077C YHR004C,0.0,NA,0.01922665908932686,2850,9953,21088,0,0.7063232126523266,0.2226040771694134,1.0,0.320640443284688,0.679359556715312
21088,YFL050C tT(CGU)K,0.0,NA,0.019229374825954437,2850,9952,21089,0,0.7063527190109469,0.22262146539603186,1.0,0.32060822782771176,0.6793917721722883
21089,YCR040W YFL050C,0.0,NA,0.019233277067542076,2850,9951,21090,0,0.7063822253695672,0.2226388563393485,1.0,0.32057601237073546,0.6794239876292645
21090,YIL040W YML023C,0.0,NA,0.019234178587794304,2850,9950,21091,0,0.7064117317281874,0.22265625,1.0,0.3205437969137592,0.6794562030862408
21091,YJR001W YIL106W,0.0,NA,0.019238486886024475,2850,9949,21092,0,0.7064412380868077,0.22267364637862333,1.0,0.320511581456783,0.6794884185432171
21092,snR19 YDR279W,0.0,NA,0.0192393958568573,2850,9948,21093,0,0.706470744445428,0.2226910454758556,1.0,0.3204793659998067,0.6795206340001932
21093,YDL060W YNL054W-A,0.0,NA,0.01924644224345684,2850,9947,21094,0,0.7065002508040483,0.22270844729233413,1.0,0.32044715054283046,0.6795528494571695
21094,YJR103W YDR089W,0.0,NA,0.019265074282884598,2850,9946,21095,0,0.7065297571626685,0.22272585182869648,1.0,0.32041493508585417,0.6795850649141458
21095,YDR373W YOR269W,0.0,NA,0.019277401268482208,2850,9945,21096,0,0.7065592635212888,0.2227432590855803,1.0,0.32038271962887793,0.679617280371122
21096,YNL216W YJR068W,0.0,NA,0.019285554066300392,2850,9944,21097,0,0.7065887698799092,0.22276066906362357,1.0,0.3203505041719017,0.6796494958280983
21097,YCR024C YML066C,0.0,NA,0.019287005066871643,2850,9943,21098,0,0.7066182762385294,0.2227780817634644,1.0,0.3203182887149254,0.6796817112850746
21098,YGL197W YDR513W,0.0,NA,0.01928773522377014,2850,9942,21099,0,0.7066477825971497,0.2227954971857411,1.0,0.32028607325794917,0.6797139267420509
21099,YDR454C Q0110,0.0,NA,0.019291047006845474,2850,9941,21100,0,0.70667728895577,0.22281291533109218,1.0,0.32025385780097293,0.6797461421990271
21100,YGR119C YDL167C,0.0,NA,0.01930680312216282,2850,9940,21101,0,0.7067067953143903,0.22283033620015638,1.0,0.32022164234399664,0.6797783576560034
21101,YML027W YOR208W,0.0,NA,0.019313612952828407,2850,9939,21102,0,0.7067363016730105,0.2228477597935726,1.0,0.3201894268870204,0.6798105731129797
21102,YPL234C YDR463W,0.0,NA,0.01933223567903042,2850,9938,21103,0,0.7067658080316308,0.22286518611197997,1.0,0.3201572114300441,0.6798427885699558
21103,tI(AAU)L1 YDR176W,0.0,NA,0.01933349296450615,2850,9937,21104,0,0.7067953143902511,0.22288261515601784,1.0,0.32012499597306787,0.6798750040269321
21104,YKL181W YIL003W,0.0,NA,0.019347338005900383,2850,9936,21105,0,0.7068248207488714,0.22290004692632567,1.0,0.32009278051609164,0.6799072194839084
21105,YDR315C snR79,0.0,NA,0.01935656927525997,2850,9935,21106,0,0.7068543271074916,0.2229174814235432,1.0,0.32006056505911534,0.6799394349408846
21106,YOR328W snR58,0.0,NA,0.019357310608029366,2850,9934,21107,0,0.7068838334661119,0.2229349186483104,1.0,0.3200283496021391,0.6799716503978609
21107,YGL124C YLR141W,0.0,NA,0.01936398260295391,2850,9933,21108,0,0.7069133398247323,0.2229523586012673,1.0,0.31999613414516287,0.6800038658548372
21108,tR(UCU)M1 YLR131C,0.0,NA,0.01936541311442852,2850,9932,21109,0,0.7069428461833525,0.2229698012830543,1.0,0.3199639186881866,0.6800360813118134
21109,YGL037C YDR057W,0.0,NA,0.01936749555170536,2850,9931,21110,0,0.7069723525419728,0.22298724669431186,1.0,0.31993170323121034,0.6800682967687897
21110,YPL275W YKR063C,0.0,NA,0.01936771348118782,2850,9930,21111,0,0.7070018589005931,0.22300469483568075,1.0,0.3198994877742341,0.680100512225766
21111,YDR131C YOR098C,0.0,NA,0.01939447596669197,2850,9929,21112,0,0.7070313652592134,0.22302214570780185,1.0,0.3198672723172578,0.6801327276827421
21112,YNL307C YLR106C,0.0,NA,0.019401803612709045,2850,9928,21113,0,0.7070608716178336,0.2230395993113163,1.0,0.3198350568602816,0.6801649431397184
21113,tE(UUC)P YHR109W,0.0,NA,0.019415870308876038,2850,9927,21114,0,0.7070903779764539,0.22305705564686545,1.0,0.3198028414033053,0.6801971585966947
21114,YJL073W YDR084C,0.0,NA,0.019429665058851242,2850,9926,21115,0,0.7071198843350742,0.2230745147150908,1.0,0.31977062594632905,0.6802293740536709
21115,YML068W YNL333W,0.0,NA,0.01943737268447876,2850,9925,21116,0,0.7071493906936945,0.22309197651663404,1.0,0.3197384104893528,0.6802615895106472
21116,YGR048W YCL051W,0.0,NA,0.019464071840047836,2850,9924,21117,0,0.7071788970523147,0.22310944105213715,1.0,0.3197061950323765,0.6802938049676235
21117,YNL172W YBR248C,0.0,NA,0.019466102123260498,2850,9923,21118,0,0.707208403410935,0.22312690832224222,1.0,0.3196739795754003,0.6803260204245998
21118,YLR020C YLR381W,0.0,NA,0.01948891393840313,2850,9922,21119,0,0.7072379097695554,0.2231443783275916,1.0,0.31964176411842404,0.680358235881576
21119,YOL143C YML106W,0.0,NA,0.019489862024784088,2850,9921,21120,0,0.7072674161281757,0.22316185106882783,1.0,0.31960954866144775,0.6803904513385522
21120,YNL216W YCR105W,0.0,NA,0.01949293352663517,2850,9920,21121,0,0.7072969224867959,0.2231793265465936,1.0,0.3195773332044715,0.6804226667955285
21121,YDL095W YLR417W,0.0,NA,0.01950003392994404,2850,9919,21122,0,0.7073264288454162,0.22319680476153184,1.0,0.3195451177474952,0.6804548822525047
21122,YIL153W tA(UGC)A,0.0,NA,0.019509701058268547,2850,9918,21123,0,0.7073559352040365,0.22321428571428573,1.0,0.319512902290519,0.680487097709481
21123,YER025W tS(AGA)B,0.0,NA,0.019513513892889023,2850,9917,21124,0,0.7073854415626567,0.22323176940549855,1.0,0.31948068683354275,0.6805193131664573
21124,YFL002W-A YLR285W,0.0,NA,0.019524646922945976,2850,9916,21125,0,0.707414947921277,0.22324925583581387,1.0,0.31944847137656646,0.6805515286234335
21125,YOR261C YLL010C,0.0,NA,0.019529294222593307,2850,9915,21126,0,0.7074444542798973,0.22326674500587543,1.0,0.3194162559195902,0.6805837440804098
21126,YNL159C YCR017C,0.0,NA,0.019535548985004425,2850,9914,21127,0,0.7074739606385176,0.22328423691632718,1.0,0.319384040462614,0.6806159595373861
21127,snR53 YLR082C,0.0,NA,0.019559228792786598,2850,9913,21128,0,0.7075034669971378,0.22330173156781322,1.0,0.3193518250056377,0.6806481749943623
21128,tG(GCC)O2 YDR163W,0.0,NA,0.019559748470783234,2850,9912,21129,0,0.7075329733557582,0.22331922896097792,1.0,0.31931960954866145,0.6806803904513385
21129,tG(GCC)C YOR040W,0.0,NA,0.019579803571105003,2850,9911,21130,0,0.7075624797143785,0.2233367290964658,1.0,0.3192873940916852,0.6807126059083148
21130,YDL246C YNR054C,0.0,NA,0.019580131396651268,2850,9910,21131,0,0.7075919860729988,0.22335423197492163,1.0,0.3192551786347089,0.680744821365291
21131,YBR217W YNL135C,0.0,NA,0.019582943990826607,2850,9909,21132,0,0.707621492431619,0.22337173759699036,1.0,0.3192229631777327,0.6807770368222673
21132,YMR028W YPR046W,0.0,NA,0.01958622969686985,2850,9908,21133,0,0.7076509987902393,0.22338924596331713,1.0,0.3191907477207564,0.6808092522792436
21133,YGL087C tL(GAG)G,0.0,NA,0.019591568037867546,2850,9907,21134,0,0.7076805051488596,0.2234067570745473,1.0,0.31915853226378016,0.6808414677362198
21134,snR44 YDR212W,0.0,NA,0.019593127071857452,2850,9906,21135,0,0.7077100115074798,0.22342427093132644,1.0,0.3191263168068039,0.6808736831931961
21135,YMR100W YPL203W,0.0,NA,0.01959502324461937,2850,9905,21136,0,0.7077395178661001,0.22344178753430027,1.0,0.31909410134982763,0.6809058986501724
21136,YER183C YMR116C,0.0,NA,0.019595451653003693,2850,9904,21137,0,0.7077690242247204,0.22345930688411478,1.0,0.3190618858928514,0.6809381141071487
21137,YOR123C snR62,0.0,NA,0.019609812647104263,2850,9903,21138,0,0.7077985305833407,0.22347682898141613,1.0,0.31902967043587516,0.6809703295641248
21138,tR(CCG)L YBR103W,0.0,NA,0.01962626539170742,2850,9902,21139,0,0.707828036941961,0.22349435382685068,1.0,0.31899745497889886,0.6810025450211011
21139,YDR021W YPL174C,0.0,NA,0.019629862159490585,2850,9901,21140,0,0.7078575433005813,0.223511881421065,1.0,0.3189652395219226,0.6810347604780774
21140,YHR026W YJL092W,0.0,NA,0.019642062485218048,2850,9900,21141,0,0.7078870496592016,0.2235294117647059,1.0,0.31893302406494634,0.6810669759350536
21141,YKL203C YHR154W,0.0,NA,0.019646719098091125,2850,9899,21142,0,0.7079165560178219,0.22354694485842028,1.0,0.3189008086079701,0.6810991913920299
21142,YFL002W-A YER023W,0.0,NA,0.019647957757115364,2850,9898,21143,0,0.7079460623764421,0.22356448070285534,1.0,0.31886859315099386,0.6811314068490062
21143,tE(CUC)D YHR113W,0.0,NA,0.019676946103572845,2850,9897,21144,0,0.7079755687350624,0.2235820192986585,1.0,0.31883637769401757,0.6811636223059824
21144,YBL051C YOR250C,0.0,NA,0.019682513549923897,2850,9896,21145,0,0.7080050750936827,0.22359956064647732,1.0,0.31880416223704133,0.6811958377629587
21145,YBR275C YDR078C,0.0,NA,0.019683167338371277,2850,9895,21146,0,0.708034581452303,0.2236171047469596,1.0,0.3187719467800651,0.681228053219935
21146,YGR177C YPR167C,0.0,NA,0.01968982070684433,2850,9894,21147,0,0.7080640878109232,0.2236346516007533,1.0,0.3187397313230888,0.6812602686769111
21147,YER169W YNL041C,0.0,NA,0.019696824252605438,2850,9893,21148,0,0.7080935941695435,0.22365220120850662,1.0,0.31870751586611257,0.6812924841338874
21148,YMR238W snR13,0.0,NA,0.019697846844792366,2850,9892,21149,0,0.7081231005281639,0.223669753570868,1.0,0.31867530040913633,0.6813246995908637
21149,YLR250W Q0275,0.0,NA,0.019714493304491043,2850,9891,21150,0,0.708152606886784,0.223687308688486,1.0,0.31864308495216004,0.6813569150478399
21150,YDL084W YOR035C,0.0,NA,0.01971759833395481,2850,9890,21151,0,0.7081821132454044,0.2237048665620094,1.0,0.3186108694951838,0.6813891305048162
21151,YKL015W YLR228C,0.0,NA,0.01975213550031185,2850,9889,21152,0,0.7082116196040247,0.2237224271920873,1.0,0.3185786540382075,0.6814213459617925
21152,YDR515W YFL056C,0.0,NA,0.01975231058895588,2850,9888,21153,0,0.708241125962645,0.22373999057936883,1.0,0.3185464385812313,0.6814535614187687
21153,tR(UCU)M2 YLL041C,0.0,NA,0.01976393721997738,2850,9887,21154,0,0.7082706323212652,0.22375755672450343,1.0,0.31851422312425504,0.681485776875745
21154,YDR121W YPL255W,0.0,NA,0.019764842465519905,2850,9886,21155,0,0.7083001386798855,0.2237751256281407,1.0,0.31848200766727874,0.6815179923327213
21155,YKL112W YKL145W,0.0,NA,0.019765563309192657,2850,9885,21156,0,0.7083296450385058,0.22379269729093051,1.0,0.3184497922103025,0.6815502077896975
21156,YJR141W YPL016W,0.0,NA,0.019766680896282196,2850,9884,21157,0,0.7083591513971261,0.22381027171352286,1.0,0.31841757675332627,0.6815824232466737
21157,snR8 YDL093W,0.0,NA,0.0197677630931139,2850,9883,21158,0,0.7083886577557463,0.22382784889656798,1.0,0.31838536129635,0.68161463870365
21158,YBR180W YLR212C,0.0,NA,0.019771171733736992,2850,9882,21159,0,0.7084181641143666,0.22384542884071632,1.0,0.31835314583937374,0.6816468541606263
21159,YNL214W YGR056W,0.0,NA,0.019796138629317284,2850,9881,21160,0,0.708447670472987,0.2238630115466185,1.0,0.31832093038239745,0.6816790696176025
21160,YOR377W YPL143W,0.0,NA,0.019797433167696,2850,9880,21161,0,0.7084771768316072,0.22388059701492538,1.0,0.3182887149254212,0.6817112850745788
21161,YNL135C YDL095W,0.0,NA,0.01979800872504711,2850,9879,21162,0,0.7085066831902275,0.22389818524628802,1.0,0.318256499468445,0.6817435005315551
21162,YLR367W YBR030W,0.0,NA,0.019798582419753075,2850,9878,21163,0,0.7085361895488478,0.22391577624135764,1.0,0.3182242840114687,0.6817757159885313
21163,YOR107W YDR127W,0.0,NA,0.01983901485800743,2850,9877,21164,0,0.7085656959074681,0.22393337000078573,1.0,0.31819206855449245,0.6818079314455076
21164,YHR172W YER011W,0.0,NA,0.019873064011335373,2850,9876,21165,0,0.7085952022660883,0.22395096652522395,1.0,0.3181598530975162,0.6818401469024838
21165,YAL056W YPL120W,0.0,NA,0.019879985600709915,2850,9875,21166,0,0.7086247086247086,0.22396856581532418,1.0,0.3181276376405399,0.68187236235946
21166,YOR324C YGR096W,0.0,NA,0.01988689787685871,2850,9874,21167,0,0.7086542149833289,0.22398616787173845,1.0,0.3180954221835637,0.6819045778164363
21167,YMR042W YLR070C,0.0,NA,0.019887426868081093,2850,9873,21168,0,0.7086837213419492,0.22400377269511906,1.0,0.31806320672658744,0.6819367932734126
21168,YDL019C YDR330W,0.0,NA,0.019908880814909935,2850,9872,21169,0,0.7087132277005694,0.22402138028611854,1.0,0.31803099126961115,0.6819690087303888
21169,snR8 YKL116C,0.0,NA,0.019910603761672974,2850,9871,21170,0,0.7087427340591897,0.2240389906453895,1.0,0.3179987758126349,0.6820012241873651
21170,YDR325W YER001W,0.0,NA,0.019923318177461624,2850,9870,21171,0,0.7087722404178101,0.2240566037735849,1.0,0.3179665603556586,0.6820334396443414
21171,YDR065W YPL274W,0.0,NA,0.01992407999932766,2850,9869,21172,0,0.7088017467764304,0.22407421967135782,1.0,0.3179343448986824,0.6820656551013176
21172,YPR055W YPR103W,0.0,NA,0.019928384572267532,2850,9868,21173,0,0.7088312531350506,0.22409183833936153,1.0,0.31790212944170615,0.6820978705582939
21173,YFL028C YPL046C,0.0,NA,0.019933534786105156,2850,9867,21174,0,0.7088607594936709,0.2241094597782496,1.0,0.31786991398472986,0.6821300860152701
21174,YNL225C YNL279W,0.0,NA,0.01993696205317974,2850,9866,21175,0,0.7088902658522912,0.22412708398867567,1.0,0.3178376985277536,0.6821623014722464
21175,snR17a YOR083W,0.0,NA,0.01995391771197319,2850,9865,21176,0,0.7089197722109114,0.22414471097129374,1.0,0.3178054830707774,0.6821945169292226
21176,YJR050W YMR054W,0.0,NA,0.019961537793278694,2850,9864,21177,0,0.7089492785695317,0.2241623407267579,1.0,0.3177732676138011,0.6822267323861989
21177,YLR098C YLR303W,0.0,NA,0.019970588386058807,2850,9863,21178,0,0.708978784928152,0.22417997325572248,1.0,0.31774105215682485,0.6822589478431752
21178,YIR008C YDL003W,0.0,NA,0.019979195669293404,2850,9862,21179,0,0.7090082912867723,0.22419760855884205,1.0,0.31770883669984856,0.6822911633001514
21179,YDL044C YOR302W,0.0,NA,0.019991597160696983,2850,9861,21180,0,0.7090377976453925,0.2242152466367713,1.0,0.3176766212428723,0.6823233787571277
21180,YHL036W YNR026C,0.0,NA,0.019993091002106667,2850,9860,21181,0,0.7090673040040129,0.22423288749016523,1.0,0.3176444057858961,0.682355594214104
21181,YHR136C YBR010W,0.0,NA,0.019993362948298454,2850,9859,21182,0,0.7090968103626332,0.22425053111967896,1.0,0.3176121903289198,0.6823878096710801
21182,YGR286C YJR090C,0.0,NA,0.020001595839858055,2850,9858,21183,0,0.7091263167212535,0.2242681775259679,1.0,0.31757997487194356,0.6824200251280564
21183,snR128 YNL136W,0.0,NA,0.020005017518997192,2850,9857,21184,0,0.7091558230798737,0.22428582670968758,1.0,0.3175477594149673,0.6824522405850327
21184,YDL059C tT(UGU)P,0.0,NA,0.02000615745782852,2850,9856,21185,0,0.709185329438494,0.22430347867149378,1.0,0.31751554395799103,0.6824844560420089
21185,YDR517W YOL005C,0.0,NA,0.02001950331032276,2850,9855,21186,0,0.7092148357971143,0.2243211334120425,1.0,0.3174833285010148,0.6825166714989852
21186,tR(UCU)B YLR386W,0.0,NA,0.020020268857479095,2850,9854,21187,0,0.7092443421557345,0.2243387909319899,1.0,0.3174511130440385,0.6825488869559615
21187,YHR058C YGR285C,0.0,NA,0.02002754993736744,2850,9853,21188,0,0.7092738485143548,0.22435645123199244,1.0,0.31741889758706227,0.6825811024129377
21188,YHR166C YBR111W-A,0.0,NA,0.020031386986374855,2850,9852,21189,0,0.7093033548729751,0.22437411431270665,1.0,0.31738668213008603,0.682613317869914
21189,YGL115W YLR051C,0.0,NA,0.0200364887714386,2850,9851,21190,0,0.7093328612315954,0.2243917801747894,1.0,0.31735446667310974,0.6826455333268903
21190,YDR361C snR9,0.0,NA,0.020053789019584656,2850,9850,21191,0,0.7093623675902156,0.22440944881889763,1.0,0.3173222512161335,0.6826777487838664
21191,YDL022W tT(AGU)J,0.0,NA,0.02005772478878498,2850,9849,21192,0,0.709391873948836,0.22442712024568864,1.0,0.31729003575915726,0.6827099642408427
21192,YGR267C YDR353W,0.0,NA,0.0200659092515707,2850,9848,21193,0,0.7094213803074563,0.2244447944558198,1.0,0.31725782030218097,0.682742179697819
21193,YDR331W tS(UGA)P,0.0,NA,0.020070776343345642,2850,9847,21194,0,0.7094508866660766,0.2244624714499488,1.0,0.31722560484520473,0.6827743951547953
21194,YFR052W YCR073W-A,0.0,NA,0.020071394741535187,2850,9846,21195,0,0.7094803930246968,0.22448015122873347,1.0,0.3171933893882285,0.6828066106117715
21195,snR38 tR(ACG)L,0.0,NA,0.020074021071195602,2850,9845,21196,0,0.7095098993833171,0.22449783379283184,1.0,0.3171611739312522,0.6828388260687478
21196,YJR065C YKR085C,0.0,NA,0.020077895373106003,2850,9844,21197,0,0.7095394057419374,0.22451551914290216,1.0,0.31712895847427597,0.6828710415257241
21197,YOR107W YDL060W,0.0,NA,0.020086171105504036,2850,9843,21198,0,0.7095689121005577,0.22453320727960294,1.0,0.3170967430172997,0.6829032569827003
21198,YGR161W-B YMR081C,0.0,NA,0.020090188831090927,2850,9842,21199,0,0.7095984184591779,0.2245508982035928,1.0,0.31706452756032344,0.6829354724396766
21199,YKL068W tS(UGA)E,0.0,NA,0.02009045146405697,2850,9841,21200,0,0.7096279248177982,0.2245685919155307,1.0,0.3170323121033472,0.6829676878966529
21200,YHL009C YOR363C,0.0,NA,0.020094385370612144,2850,9840,21201,0,0.7096574311764186,0.22458628841607564,1.0,0.3170000966463709,0.682999903353629
21201,YPL180W YLR275W,0.0,NA,0.020096395164728165,2850,9839,21202,0,0.7096869375350388,0.224603987705887,1.0,0.3169678811893947,0.6830321188106053
21202,YPL095C YJL140W,0.0,NA,0.020101428031921387,2850,9838,21203,0,0.7097164438936591,0.22462168978562422,1.0,0.31693566573241844,0.6830643342675816
21203,snR42 YPR149W,0.0,NA,0.020102404057979584,2850,9837,21204,0,0.7097459502522794,0.22463939465594704,1.0,0.31690345027544214,0.6830965497245578
21204,YER180C YDL170W,0.0,NA,0.02012254297733307,2850,9836,21205,0,0.7097754566108997,0.22465710231751537,1.0,0.3168712348184659,0.6831287651815341
21205,YER119C tS(AGA)B,0.0,NA,0.020130030810832977,2850,9835,21206,0,0.7098049629695199,0.22467481277098936,1.0,0.3168390193614896,0.6831609806385104
21206,YAR009C YNL277W,0.0,NA,0.020131882280111313,2850,9834,21207,0,0.7098344693281402,0.22469252601702933,1.0,0.3168068039045134,0.6831931960954866
21207,YNL149C YIL062C,0.0,NA,0.02014404907822609,2850,9833,21208,0,0.7098639756867605,0.22471024205629583,1.0,0.31677458844753714,0.6832254115524629
21208,YOR338W YCR008W,0.0,NA,0.02016623504459858,2850,9832,21209,0,0.7098934820453808,0.2247279608894496,1.0,0.31674237299056085,0.6832576270094392
21209,YOL156W YOL054W,0.0,NA,0.020168684422969818,2850,9831,21210,0,0.709922988404001,0.22474568251715166,1.0,0.3167101575335846,0.6832898424664153
21210,YGR188C tE(UUC)C,0.0,NA,0.020179901272058487,2850,9830,21211,0,0.7099524947626213,0.22476340694006308,1.0,0.3166779420766084,0.6833220579233916
21211,YHR010W YEL024W,0.0,NA,0.020182238891720772,2850,9829,21212,0,0.7099820011212417,0.22478113415884535,1.0,0.3166457266196321,0.6833542733803679
21212,YDL002C YMR176W,0.0,NA,0.02019459754228592,2850,9828,21213,0,0.7100115074798619,0.22479886417415995,1.0,0.31661351116265585,0.6833864888373442
21213,YNR074C YDL191W,0.0,NA,0.020230622962117195,2850,9827,21214,0,0.7100410138384822,0.22481659698666878,1.0,0.3165812957056796,0.6834187042943204
21214,YER100W YNL278W,0.0,NA,0.020236540585756302,2850,9826,21215,0,0.7100705201971025,0.22483433259703375,1.0,0.3165490802487033,0.6834509197512967
21215,YHR044C tQ(CUG)M,0.0,NA,0.020241210237145424,2850,9825,21216,0,0.7101000265557228,0.22485207100591717,1.0,0.3165168647917271,0.683483135208273
21216,YFL002W-A YJR055W,0.0,NA,0.02025352604687214,2850,9824,21217,0,0.710129532914343,0.2248698122139814,1.0,0.3164846493347508,0.6835153506652492
21217,YDR314C YDL131W,0.0,NA,0.020278047770261765,2850,9823,21218,0,0.7101590392729633,0.22488755622188905,1.0,0.31645243387777455,0.6835475661222254
21218,YNL294C YNL222W,0.0,NA,0.020281486213207245,2850,9822,21219,0,0.7101885456315836,0.22490530303030304,1.0,0.3164202184207983,0.6835797815792017
21219,YDR028C YDL063C,0.0,NA,0.02029072679579258,2850,9821,21220,0,0.7102180519902039,0.22492305263988635,1.0,0.316388002963822,0.6836119970361779
21220,YOR287C tG(GCC)O2,0.0,NA,0.020295031368732452,2850,9820,21221,0,0.7102475583488241,0.2249408050513023,1.0,0.3163557875068458,0.6836442124931542
21221,YPL208W YPR069C,0.0,NA,0.020298633724451065,2850,9819,21222,0,0.7102770647074444,0.2249585602652143,1.0,0.31632357204986955,0.6836764279501305
21222,YKR085C YOR266W,0.0,NA,0.020302029326558113,2850,9818,21223,0,0.7103065710660648,0.22497631828228606,1.0,0.31629135659289326,0.6837086434071067
21223,YKL116C Q0115,0.0,NA,0.02030445635318756,2850,9817,21224,0,0.7103360774246851,0.2249940791031815,1.0,0.316259141135917,0.683740858864083
21224,YIL005W YDR372C,0.0,NA,0.02031317725777626,2850,9816,21225,0,0.7103655837833053,0.22501184272856467,1.0,0.31622692567894073,0.6837730743210593
21225,YNL180C YGR267C,0.0,NA,0.020319543778896332,2850,9815,21226,0,0.7103950901419256,0.2250296091590999,1.0,0.3161947102219645,0.6838052897780355
21226,tG(GCC)P2 YHL040C,0.0,NA,0.020323408767580986,2850,9814,21227,0,0.7104245965005459,0.22504737839545166,1.0,0.31616249476498826,0.6838375052350117
21227,YCL020W YER178W,0.0,NA,0.020330529659986496,2850,9813,21228,0,0.7104541028591661,0.22506515043828476,1.0,0.31613027930801196,0.683869720691988
21228,YDR536W YBR203W,0.0,NA,0.020333189517259598,2850,9812,21229,0,0.7104836092177864,0.2250829252882641,1.0,0.3160980638510357,0.6839019361489642
21229,YGR019W YOL011W,0.0,NA,0.020333493128418922,2850,9811,21230,0,0.7105131155764067,0.2251007029460548,1.0,0.3160658483940595,0.6839341516059405
21230,YLR056W YMR198W,0.0,NA,0.02033872716128826,2850,9810,21231,0,0.710542621935027,0.22511848341232227,1.0,0.3160336329370832,0.6839663670629168
21231,YKR085C YOR326W,0.0,NA,0.020338794216513634,2850,9809,21232,0,0.7105721282936472,0.22513626668773204,1.0,0.31600141748010696,0.6839985825198931
21232,YPL235W tR(CCG)L,0.0,NA,0.02034909650683403,2850,9808,21233,0,0.7106016346522676,0.22515405277294992,1.0,0.3159692020231307,0.6840307979768693
21233,YGR098C snR58,0.0,NA,0.020350027829408646,2850,9807,21234,0,0.7106311410108879,0.22517184166864185,1.0,0.31593698656615443,0.6840630134338456
21234,YMR223W YER110C,0.0,NA,0.020351406186819077,2850,9806,21235,0,0.7106606473695082,0.2251896333754741,1.0,0.3159047711091782,0.6840952288908219
21235,YIL082W-A YDR328C,0.0,NA,0.020351700484752655,2850,9805,21236,0,0.7106901537281284,0.225207427894113,1.0,0.3158725556522019,0.684127444347798
21236,YJL184W YPL049C,0.0,NA,0.020358556881546974,2850,9804,21237,0,0.7107196600867487,0.22522522522522523,1.0,0.31584034019522567,0.6841596598047743
21237,snR189 YIL009C-A,0.0,NA,0.0203590989112854,2850,9803,21238,0,0.710749166445369,0.2252430253694776,1.0,0.31580812473824943,0.6841918752617506
21238,tI(AAU)L1 YHR113W,0.0,NA,0.020360002294182777,2850,9802,21239,0,0.7107786728039892,0.22526082832753716,1.0,0.31577590928127314,0.6842240907187268
21239,YOR165W YKL172W,0.0,NA,0.020376309752464294,2850,9801,21240,0,0.7108081791626095,0.22527863410007115,1.0,0.3157436938242969,0.6842563061757031
21240,snR41 YBL045C,0.0,NA,0.020377812907099724,2850,9800,21241,0,0.7108376855212298,0.22529644268774704,1.0,0.31571147836732066,0.6842885216326794
21241,YIR006C YHR142W,0.0,NA,0.02038414590060711,2850,9799,21242,0,0.7108671918798501,0.2253142540912325,1.0,0.31567926291034437,0.6843207370896556
21242,YOL081W YMR224C,0.0,NA,0.02039318159222603,2850,9798,21243,0,0.7108966982384703,0.22533206831119545,1.0,0.31564704745336813,0.6843529525466319
21243,YLR273C YJR141W,0.0,NA,0.02039407007396221,2850,9797,21244,0,0.7109262045970907,0.22534988534830394,1.0,0.31561483199639184,0.6843851680036082
21244,YBR248C YLL019C,0.0,NA,0.020395126193761826,2850,9796,21245,0,0.710955710955711,0.22536770520322633,1.0,0.3155826165394156,0.6844173834605843
21245,YGR221C YOL122C,0.0,NA,0.02039794623851776,2850,9795,21246,0,0.7109852173143313,0.22538552787663108,1.0,0.31555040108243937,0.6844495989175606
21246,tR(UCU)M1 YJL059W,0.0,NA,0.020406905561685562,2850,9794,21247,0,0.7110147236729515,0.22540335336918696,1.0,0.3155181856254631,0.6844818143745369
21247,YFR024C-A YOR312C,0.0,NA,0.020407143980264664,2850,9793,21248,0,0.7110442300315718,0.22542118168156292,1.0,0.31548597016848684,0.6845140298315132
21248,snR62 YOR080W,0.0,NA,0.02041921392083168,2850,9792,21249,0,0.7110737363901921,0.2254390128144281,1.0,0.3154537547115106,0.6845462452884894
21249,YBR233W-A YLR208W,0.0,NA,0.020436303690075874,2850,9791,21250,0,0.7111032427488123,0.22545684676845187,1.0,0.3154215392545343,0.6845784607454657
21250,YOL112W YAL012W,0.0,NA,0.02044135332107544,2850,9790,21251,0,0.7111327491074326,0.2254746835443038,1.0,0.3153893237975581,0.684610676202442
21251,snR17a YLR215C,0.0,NA,0.020441610366106033,2850,9789,21252,0,0.7111622554660529,0.2254925231426537,1.0,0.31535710834058184,0.6846428916594182
21252,YGR119C YGR286C,0.0,NA,0.020449059084057808,2850,9788,21253,0,0.7111917618246733,0.22551036556417153,1.0,0.31532489288360555,0.6846751071163945
21253,tL(GAG)G YNL108C,0.0,NA,0.020456062629818916,2850,9787,21254,0,0.7112212681832935,0.2255282108095276,1.0,0.3152926774266293,0.6847073225733707
21254,YDR300C tG(GCC)O1,0.0,NA,0.02045816369354725,2850,9786,21255,0,0.7112507745419138,0.22554605887939222,1.0,0.315260461969653,0.6847395380303469
21255,YGR240C YLR141W,0.0,NA,0.020458508282899857,2850,9785,21256,0,0.7112802809005341,0.22556390977443608,1.0,0.3152282465126768,0.6847717534873232
21256,YLR221C YOR069W,0.0,NA,0.020462416112422943,2850,9784,21257,0,0.7113097872591544,0.22558176349533007,1.0,0.31519603105570054,0.6848039689442995
21257,YPR056W tG(CCC)D,0.0,NA,0.020464329048991203,2850,9783,21258,0,0.7113392936177746,0.2255996200427452,1.0,0.31516381559872425,0.6848361844012757
21258,YML066C YJR063W,0.0,NA,0.020467177033424377,2850,9782,21259,0,0.7113687999763949,0.22561747941735275,1.0,0.315131600141748,0.684868399858252
21259,YLR299W YBR240C,0.0,NA,0.0204689372330904,2850,9781,21260,0,0.7113983063350152,0.22563534161982424,1.0,0.3150993846847718,0.6849006153152283
21260,YER114C YJL029C,0.0,NA,0.02048206701874733,2850,9780,21261,0,0.7114278126936355,0.22565320665083136,1.0,0.3150671692277955,0.6849328307722045
21261,YMR283C YIL140W,0.0,NA,0.020486392080783844,2850,9779,21262,0,0.7114573190522557,0.225671074511046,1.0,0.31503495377081925,0.6849650462291808
21262,YFL045C snR13,0.0,NA,0.020512348040938377,2850,9778,21263,0,0.711486825410876,0.22568894520114033,1.0,0.31500273831384296,0.684997261686157
21263,YPR107C tG(CCC)D,0.0,NA,0.020514197647571564,2850,9777,21264,0,0.7115163317694964,0.22570681872178663,1.0,0.3149705228568667,0.6850294771431332
21264,YMR173W YLR395C,0.0,NA,0.020524192601442337,2850,9776,21265,0,0.7115458381281166,0.22572469507365753,1.0,0.3149383073998905,0.6850616926001095
21265,YBR109C YCR016W,0.0,NA,0.020531412214040756,2850,9775,21266,0,0.7115753444867369,0.22574257425742575,1.0,0.3149060919429142,0.6850939080570858
21266,YJL156C tE(UUC)M,0.0,NA,0.02054026536643505,2850,9774,21267,0,0.7116048508453572,0.22576045627376426,1.0,0.31487387648593795,0.6851261235140621
21267,YHL043W YKR106W,0.0,NA,0.020543910562992096,2850,9773,21268,0,0.7116343572039775,0.22577834112334627,1.0,0.3148416610289617,0.6851583389710383
21268,YGR275W YJR094W-A,0.0,NA,0.020577048882842064,2850,9772,21269,0,0.7116638635625977,0.2257962288068452,1.0,0.3148094455719854,0.6851905544280146
21269,YDR210C-D YLR011W,0.0,NA,0.020579855889081955,2850,9771,21270,0,0.711693369921218,0.22581411932493464,1.0,0.3147772301150092,0.6852227698849909
21270,YLL022C YHR018C,0.0,NA,0.02058524824678898,2850,9770,21271,0,0.7117228762798383,0.22583201267828842,1.0,0.31474501465803295,0.685254985341967
21271,YNL313C YBR128C,0.0,NA,0.020588112995028496,2850,9769,21272,0,0.7117523826384586,0.22584990886758063,1.0,0.31471279920105666,0.6852872007989433
21272,YDR473C YDR411C,0.0,NA,0.020588651299476624,2850,9768,21273,0,0.7117818889970788,0.22586780789348548,1.0,0.3146805837440804,0.6853194162559196
21273,YGR252W YJL101C,0.0,NA,0.020595604553818703,2850,9767,21274,0,0.7118113953556992,0.2258857097566775,1.0,0.31464836828710413,0.6853516317128958
21274,tS(AGA)B YFR036W,0.0,NA,0.020596450194716454,2850,9766,21275,0,0.7118409017143195,0.22590361445783133,1.0,0.3146161528301279,0.6853838471698721
21275,YOR322C YCR024C,0.0,NA,0.02059652842581272,2850,9765,21276,0,0.7118704080729397,0.2259215219976219,1.0,0.31458393737315166,0.6854160626268484
21276,snR66 YPR111W,0.0,NA,0.020608525723218918,2850,9764,21277,0,0.71189991443156,0.2259394323767243,1.0,0.31455172191617536,0.6854482780838246
21277,tD(GUC)J1 YOR208W,0.0,NA,0.020613359287381172,2850,9763,21278,0,0.7119294207901803,0.22595734559581385,1.0,0.3145195064591991,0.6854804935408009
21278,YMR028W YAL029C,0.0,NA,0.02062155306339264,2850,9762,21279,0,0.7119589271488006,0.22597526165556614,1.0,0.3144872910022229,0.6855127089977772
21279,tG(CCC)D YIR031C,0.0,NA,0.02062246762216091,2850,9761,21280,0,0.7119884335074208,0.22599318055665688,1.0,0.3144550755452466,0.6855449244547533
21280,YNL041C YPR055W,0.0,NA,0.020623737946152687,2850,9760,21281,0,0.7120179398660411,0.2260111022997621,1.0,0.31442286008827036,0.6855771399117296
21281,YJR050W YKR037C,0.0,NA,0.02062789909541607,2850,9759,21282,0,0.7120474462246614,0.22602902688555793,1.0,0.31439064463129407,0.6856093553687059
21282,YDR142C YCR093W,0.0,NA,0.02063257060945034,2850,9758,21283,0,0.7120769525832817,0.2260469543147208,1.0,0.31435842917431783,0.6856415708256821
21283,YGR224W YLR148W,0.0,NA,0.020636070519685745,2850,9757,21284,0,0.7121064589419019,0.22606488458792734,1.0,0.3143262137173416,0.6856737862826584
21284,YNL183C YPL268W,0.0,NA,0.02064703032374382,2850,9756,21285,0,0.7121359653005223,0.22608281770585437,1.0,0.3142939982603653,0.6857060017396347
21285,tH(GUG)E1 YGR042W,0.0,NA,0.020652487874031067,2850,9755,21286,0,0.7121654716591426,0.2261007536691789,1.0,0.31426178280338907,0.685738217196611
21286,YCR083W YDR127W,0.0,NA,0.020655449479818344,2850,9754,21287,0,0.7121949780177629,0.22611869247857824,1.0,0.31422956734641283,0.6857704326535872
21287,YGL011C YNL244C,0.0,NA,0.020656365901231766,2850,9753,21288,0,0.7122244843763831,0.2261366341347298,1.0,0.31419735188943654,0.6858026481105635
21288,YAL062W YCR060W,0.0,NA,0.020656414330005646,2850,9752,21289,0,0.7122539907350034,0.22615457863831137,1.0,0.3141651364324603,0.6858348635675398
21289,snR31 YPR122W,0.0,NA,0.02066243253648281,2850,9751,21290,0,0.7122834970936237,0.2261725259900008,1.0,0.31413292097548406,0.6858670790245159
21290,YDL047W YJL010C,0.0,NA,0.02066337876021862,2850,9750,21291,0,0.7123130034522439,0.2261904761904762,1.0,0.3141007055185078,0.6858992944814922
21291,YOR383C YDR182W,0.0,NA,0.02066701650619507,2850,9749,21292,0,0.7123425098108642,0.2262084292404159,1.0,0.31406849006153154,0.6859315099384685
21292,YGR267C snR39,0.0,NA,0.020668668672442436,2850,9748,21293,0,0.7123720161694845,0.2262263851404985,1.0,0.31403627460455524,0.6859637253954447
21293,YMR161W YFR031C-A,0.0,NA,0.020685361698269844,2850,9747,21294,0,0.7124015225281048,0.22624434389140272,1.0,0.314004059147579,0.685995940852421
21294,YOR140W YIL116W,0.0,NA,0.020693236961960793,2850,9746,21295,0,0.712431028886725,0.22626230549380755,1.0,0.31397184369060277,0.6860281563093973
21295,YGL212W snR36,0.0,NA,0.020706353709101677,2850,9745,21296,0,0.7124605352453454,0.22628026994839223,1.0,0.3139396282336265,0.6860603717663735
21296,YMR093W YCL067C,0.0,NA,0.02070658467710018,2850,9744,21297,0,0.7124900416039657,0.22629823725583612,1.0,0.31390741277665024,0.6860925872233498
21297,YFR048W snR41,0.0,NA,0.020709825679659843,2850,9743,21298,0,0.712519547962586,0.22631620741681888,1.0,0.313875197319674,0.686124802680326
21298,YDR530C tG(CCC)D,0.0,NA,0.020749211311340332,2850,9742,21299,0,0.7125490543212062,0.22633418043202033,1.0,0.3138429818626977,0.6861570181373022
21299,YPR132W YHR113W,0.0,NA,0.02075783722102642,2850,9741,21300,0,0.7125785606798265,0.22635215630212055,1.0,0.3138107664057215,0.6861892335942785
21300,YOR239W YGR036C,0.0,NA,0.0207590963691473,2850,9740,21301,0,0.7126080670384468,0.22637013502779985,1.0,0.3137785509487452,0.6862214490512548
21301,YPL274W YML092C,0.0,NA,0.02075938694179058,2850,9739,21302,0,0.712637573397067,0.22638811660973865,1.0,0.31374633549176895,0.686253664508231
21302,tG(GCC)E YKL088W,0.0,NA,0.020769266411662102,2850,9738,21303,0,0.7126670797556873,0.22640610104861772,1.0,0.3137141200347927,0.6862858799652073
21303,YDL209C YGR134W,0.0,NA,0.02078315056860447,2850,9737,21304,0,0.7126965861143076,0.22642408834511799,1.0,0.3136819045778164,0.6863180954221836
21304,YDR210C-D YAR002C-A,0.0,NA,0.02079850621521473,2850,9736,21305,0,0.712726092472928,0.22644207849992054,1.0,0.3136496891208402,0.6863503108791599
21305,YDR104C YGR170W,0.0,NA,0.020802391692996025,2850,9735,21306,0,0.7127555988315482,0.22646007151370678,1.0,0.31361747366386394,0.6863825263361361
21306,YGR244C YDL145C,0.0,NA,0.020808570086956024,2850,9734,21307,0,0.7127851051901685,0.22647806738715828,1.0,0.31358525820688765,0.6864147417931123
21307,snR6 YGL215W,0.0,NA,0.020817967131733894,2850,9733,21308,0,0.7128146115487888,0.22649606612095685,1.0,0.3135530427499114,0.6864469572500886
21308,YDR422C YGR010W,0.0,NA,0.020819474011659622,2850,9732,21309,0,0.7128441179074091,0.22651406771578445,1.0,0.3135208272929351,0.6864791727070648
21309,snR189 YJR073C,0.0,NA,0.020824257284402847,2850,9731,21310,0,0.7128736242660293,0.22653207217232335,1.0,0.3134886118359589,0.6865113881640411
21310,YKL005C YOL162W,0.0,NA,0.020831715315580368,2850,9730,21311,0,0.7129031306246496,0.22655007949125597,1.0,0.31345639637898265,0.6865436036210174
21311,YIR023W YMR078C,0.0,NA,0.020841950550675392,2850,9729,21312,0,0.7129326369832699,0.22656808967326497,1.0,0.31342418092200636,0.6865758190779936
21312,snR63 YER124C,0.0,NA,0.020842650905251503,2850,9728,21313,0,0.7129621433418902,0.22658610271903323,1.0,0.3133919654650301,0.6866080345349699
21313,YHR103W YNL290W,0.0,NA,0.020843371748924255,2850,9727,21314,0,0.7129916497005104,0.22660411862924384,1.0,0.3133597500080539,0.6866402499919462
21314,YER138C YKL112W,0.0,NA,0.02084960974752903,2850,9726,21315,0,0.7130211560591307,0.22662213740458015,1.0,0.3133275345510776,0.6866724654489224
21315,YPR011C YNL268W,0.0,NA,0.02085563726723194,2850,9725,21316,0,0.7130506624177511,0.22664015904572565,1.0,0.31329531909410135,0.6867046809058986
21316,YEL051W tG(CCC)O,0.0,NA,0.02086707204580307,2850,9724,21317,0,0.7130801687763713,0.2266581835533641,1.0,0.3132631036371251,0.6867368963628749
21317,YBR200W snR58,0.0,NA,0.02086753025650978,2850,9723,21318,0,0.7131096751349916,0.22667621092817944,1.0,0.3132308881801488,0.6867691118198511
21318,YIL021W YJR027W,0.0,NA,0.020892182365059853,2850,9722,21319,0,0.7131391814936119,0.22669424117085588,1.0,0.3131986727231726,0.6868013272768274
21319,YJL178C YHR114W,0.0,NA,0.02089221403002739,2850,9721,21320,0,0.7131686878522322,0.2267122742820778,1.0,0.3131664572661963,0.6868335427338037
21320,YBR002C YNL283C,0.0,NA,0.020899930968880653,2850,9720,21321,0,0.7131981942108524,0.22673031026252982,1.0,0.31313424180922006,0.6868657581907799
21321,tL(GAG)G YBL015W,0.0,NA,0.02090069092810154,2850,9719,21322,0,0.7132277005694727,0.22674834911289682,1.0,0.3131020263522438,0.6868979736477562
21322,YGR282C YGL215W,0.0,NA,0.020906545221805573,2850,9718,21323,0,0.713257206928093,0.22676639083386377,1.0,0.31306981089526753,0.6869301891047325
21323,YLR165C snR46,0.0,NA,0.020931409671902657,2850,9717,21324,0,0.7132867132867133,0.226784435426116,1.0,0.3130375954382913,0.6869624045617088
21324,snR3 YNL015W,0.0,NA,0.020935123786330223,2850,9716,21325,0,0.7133162196453335,0.226802482890339,1.0,0.31300537998131506,0.6869946200186849
21325,YOL054W YKL103C,0.0,NA,0.020941460505127907,2850,9715,21326,0,0.7133457260039539,0.22682053322721846,1.0,0.31297316452433876,0.6870268354756612
21326,YBR004C tG(GCC)J1,0.0,NA,0.020950913429260254,2850,9714,21327,0,0.7133752323625742,0.22683858643744031,1.0,0.31294094906736253,0.6870590509326375
21327,YLR133W YKR020W,0.0,NA,0.02095102332532406,2850,9713,21328,0,0.7134047387211944,0.2268566425216907,1.0,0.31290873361038624,0.6870912663896137
21328,snR33 YIL046W,0.0,NA,0.020955268293619156,2850,9712,21329,0,0.7134342450798147,0.22687470148065594,1.0,0.31287651815341,0.68712348184659
21329,YPL101W YHR214C-B,0.0,NA,0.020969359204173088,2850,9711,21330,0,0.713463751438435,0.2268927633150227,1.0,0.31284430269643376,0.6871556973035663
21330,YDR057W snR52,0.0,NA,0.02096995711326599,2850,9710,21331,0,0.7134932577970553,0.2269108280254777,1.0,0.31281208723945747,0.6871879127605425
21331,YOL058W YJR036C,0.0,NA,0.020973000675439835,2850,9709,21332,0,0.7135227641556755,0.22692889561270801,1.0,0.31277987178248123,0.6872201282175188
21332,YPL076W YLR430W,0.0,NA,0.02098705805838108,2850,9708,21333,0,0.7135522705142958,0.22694696607740086,1.0,0.312747656325505,0.6872523436744951
21333,YBR049C YAL013W,0.0,NA,0.02101285010576248,2850,9707,21334,0,0.7135817768729161,0.22696503942024368,1.0,0.3127154408685287,0.6872845591314712
21334,YPL065W YMR270C,0.0,NA,0.021024957299232483,2850,9706,21335,0,0.7136112832315364,0.2269831156419242,1.0,0.31268322541155247,0.6873167745884475
21335,snR65 YJL201W,0.0,NA,0.021028943359851837,2850,9705,21336,0,0.7136407895901566,0.2270011947431302,1.0,0.31265100995457623,0.6873489900454238
21336,YJL053W snR3,0.0,NA,0.021046824753284454,2850,9704,21337,0,0.713670295948777,0.22701927672454994,1.0,0.31261879449759994,0.6873812055024
21337,YOR338W YML115C,0.0,NA,0.021049723029136658,2850,9703,21338,0,0.7136998023073973,0.22703736158687166,1.0,0.3125865790406237,0.6874134209593763
21338,YOR213C YNL136W,0.0,NA,0.02105492353439331,2850,9702,21339,0,0.7137293086660176,0.22705544933078395,1.0,0.3125543635836474,0.6874456364163526
21339,YDR500C YPL253C,0.0,NA,0.02107102796435356,2850,9701,21340,0,0.7137588150246378,0.22707353995697555,1.0,0.3125221481266712,0.6874778518733288
21340,YBR081C YDR384C,0.0,NA,0.021082982420921326,2850,9700,21341,0,0.7137883213832581,0.22709163346613545,1.0,0.31248993266969494,0.6875100673303051
21341,YCR008W YDR238C,0.0,NA,0.021086405962705612,2850,9699,21342,0,0.7138178277418784,0.2271097298589529,1.0,0.31245771721271864,0.6875422827872814
21342,YGL067W YLR378C,0.0,NA,0.021091949194669724,2850,9698,21343,0,0.7138473341004986,0.22712782913611732,1.0,0.3124255017557424,0.6875744982442576
21343,tR(UCU)D YER029C,0.0,NA,0.021096890792250633,2850,9697,21344,0,0.7138768404591189,0.2271459312983183,1.0,0.31239328629876617,0.6876067137012338
21344,YDR495C YCR044C,0.0,NA,0.02110544964671135,2850,9696,21345,0,0.7139063468177392,0.22716403634624582,1.0,0.3123610708417899,0.6876389291582101
21345,tL(GAG)G YIL044C,0.0,NA,0.02111799456179142,2850,9695,21346,0,0.7139358531763595,0.2271821442805899,1.0,0.31232885538481364,0.6876711446151864
21346,YNL232W YLL042C,0.0,NA,0.02112955041229725,2850,9694,21347,0,0.7139653595349797,0.2272002551020408,1.0,0.31229663992783735,0.6877033600721626
21347,YLR451W YLR214W,0.0,NA,0.021130912005901337,2850,9693,21348,0,0.7139948658936001,0.22721836881128918,1.0,0.3122644244708611,0.6877355755291389
21348,YDR118W YGL198W,0.0,NA,0.021137215197086334,2850,9692,21349,0,0.7140243722522204,0.22723648540902566,1.0,0.3122322090138849,0.6877677909861152
21349,YIL030C tE(UUC)E1,0.0,NA,0.021141497418284416,2850,9691,21350,0,0.7140538786108407,0.22725460489594132,1.0,0.3121999935569086,0.6878000064430914
21350,YKL005C YBL026W,0.0,NA,0.02114744856953621,2850,9690,21351,0,0.7140833849694609,0.22727272727272727,1.0,0.31216777809993235,0.6878322219000677
21351,snR7-L YFR046C,0.0,NA,0.021155958995223045,2850,9689,21352,0,0.7141128913280812,0.22729085254007497,1.0,0.3121355626429561,0.687864437357044
21352,YMR125W YHL039W,0.0,NA,0.021157152950763702,2850,9688,21353,0,0.7141423976867015,0.22730898069867603,1.0,0.3121033471859798,0.6878966528140201
21353,YDR363W YOL122C,0.0,NA,0.021167978644371033,2850,9687,21354,0,0.7141719040453217,0.2273271117492223,1.0,0.3120711317290036,0.6879288682709964
21354,YOR338W YML007W,0.0,NA,0.02117164433002472,2850,9686,21355,0,0.714201410403942,0.22734524569240588,1.0,0.31203891627202734,0.6879610837279727
21355,YPR143W YPL048W,0.0,NA,0.02118031308054924,2850,9685,21356,0,0.7142309167625623,0.22736338252891902,1.0,0.31200670081505105,0.6879932991849489
21356,YLR146C YKL015W,0.0,NA,0.02118196338415146,2850,9684,21357,0,0.7142604231211827,0.2273815222594543,1.0,0.3119744853580748,0.6880255146419252
21357,YEL071W YDL165W,0.0,NA,0.02118963748216629,2850,9683,21358,0,0.7142899294798029,0.22739966488470437,1.0,0.3119422699010985,0.6880577300989015
21358,YOL135C tG(CCC)D,0.0,NA,0.021197402849793434,2850,9682,21359,0,0.7143194358384232,0.22741781040536227,1.0,0.3119100544441223,0.6880899455558777
21359,YOR247W YCL019W,0.0,NA,0.021208398044109344,2850,9681,21360,0,0.7143489421970435,0.22743595882212114,1.0,0.31187783898714605,0.688122161012854
21360,YBR275C YDL220C,0.0,NA,0.02122008055448532,2850,9680,21361,0,0.7143784485556638,0.22745411013567438,1.0,0.31184562353016976,0.6881543764698302
21361,YKR069W YJR004C,0.0,NA,0.021220732480287552,2850,9679,21362,0,0.714407954914284,0.2274722643467156,1.0,0.3118134080731935,0.6881865919268065
21362,YER044C YPR103W,0.0,NA,0.021229848265647888,2850,9678,21363,0,0.7144374612729043,0.2274904214559387,1.0,0.3117811926162173,0.6882188073837827
21363,tS(AGA)J YDL210W,0.0,NA,0.021231284365057945,2850,9677,21364,0,0.7144669676315246,0.22750858146403768,1.0,0.311748977159241,0.688251022840759
21364,YDR099W YBR061C,0.0,NA,0.021239658817648888,2850,9676,21365,0,0.7144964739901449,0.22752674437170686,1.0,0.31171676170226476,0.6882832382977353
21365,snR19 YHL022C,0.0,NA,0.021248145028948784,2850,9675,21366,0,0.7145259803487651,0.2275449101796407,1.0,0.31168454624528846,0.6883154537547115
21366,YDR151C YML013W,0.0,NA,0.021289031952619553,2850,9674,21367,0,0.7145554867073854,0.22756307888853403,1.0,0.3116523307883122,0.6883476692116878
21367,YAL047C YMR304W,0.0,NA,0.021297289058566093,2850,9673,21368,0,0.7145849930660058,0.22758125049908168,1.0,0.311620115331336,0.6883798846686641
21368,tS(AGA)M YEL066W,0.0,NA,0.021322069689631462,2850,9672,21369,0,0.714614499424626,0.2275994250119789,1.0,0.3115878998743597,0.6884121001256402
21369,tS(UGA)P YHL048W,0.0,NA,0.021333755925297737,2850,9671,21370,0,0.7146440057832463,0.2276176024279211,1.0,0.31155568441738346,0.6884443155826165
21370,YGL116W YMR310C,0.0,NA,0.021336523815989494,2850,9670,21371,0,0.7146735121418666,0.22763578274760382,1.0,0.3115234689604072,0.6884765310395928
21371,YDL136W YGL012W,0.0,NA,0.021350666880607605,2850,9669,21372,0,0.7147030185004869,0.227653965971723,1.0,0.31149125350343093,0.688508746496569
21372,YDR255C YNL222W,0.0,NA,0.02135656774044037,2850,9668,21373,0,0.7147325248591071,0.2276721521009746,1.0,0.3114590380464547,0.6885409619535453
21373,YLR301W YCL048W,0.0,NA,0.021356934681534767,2850,9667,21374,0,0.7147620312177274,0.22769034113605496,1.0,0.31142682258947846,0.6885731774105216
21374,YGR251W YER124C,0.0,NA,0.021361669525504112,2850,9666,21375,0,0.7147915375763477,0.2277085330776606,1.0,0.31139460713250217,0.6886053928674978
21375,YPL045W YDR232W,0.0,NA,0.02138390950858593,2850,9665,21376,0,0.714821043934968,0.2277267279264882,1.0,0.31136239167552593,0.6886376083244741
21376,YBR002C snR13,0.0,NA,0.021405065432190895,2850,9664,21377,0,0.7148505502935882,0.2277449256832348,1.0,0.31133017621854964,0.6886698237814504
21377,YPL157W tG(GCC)D2,0.0,NA,0.02140793204307556,2850,9663,21378,0,0.7148800566522086,0.22776312634859747,1.0,0.3112979607615734,0.6887020392384265
21378,snR60 YBR077C,0.0,NA,0.021418802440166473,2850,9662,21379,0,0.7149095630108289,0.22778132992327366,1.0,0.31126574530459716,0.6887342546954028
21379,YDR006C snR41,0.0,NA,0.02142881043255329,2850,9661,21380,0,0.7149390693694491,0.227799536407961,1.0,0.31123352984762087,0.6887664701523791
21380,MEL1 YDR014W,0.0,NA,0.021438170224428177,2850,9660,21381,0,0.7149685757280694,0.2278177458033573,1.0,0.31120131439064463,0.6887986856093554
21381,YJL012C YGL251C,0.0,NA,0.021442744880914688,2850,9659,21382,0,0.7149980820866897,0.2278359581101607,1.0,0.3111690989336684,0.6888309010663316
21382,YER001W YAL068C,0.0,NA,0.02144905924797058,2850,9658,21383,0,0.71502758844531,0.2278541733290694,1.0,0.3111368834766921,0.6888631165233079
21383,YOR195W tL(GAG)G,0.0,NA,0.02145695500075817,2850,9657,21384,0,0.7150570948039302,0.22787239146078198,1.0,0.31110466801971587,0.6888953319802842
21384,YGR194C tG(GCC)D2,0.0,NA,0.021474564447999,2850,9656,21385,0,0.7150866011625505,0.22789061250599713,1.0,0.3110724525627396,0.6889275474372604
21385,YJR012C YMR175W,0.0,NA,0.02147555723786354,2850,9655,21386,0,0.7151161075211708,0.22790883646541382,1.0,0.31104023710576334,0.6889597628942367
21386,YKR092C tQ(UUG)D3,0.0,NA,0.02147955447435379,2850,9654,21387,0,0.7151456138797911,0.22792706333973128,1.0,0.3110080216487871,0.688991978351213
21387,YPR190C YHL040C,0.0,NA,0.021479863673448563,2850,9653,21388,0,0.7151751202384113,0.2279452931296489,1.0,0.3109758061918108,0.6890241938081891
21388,tE(UUC)M YDL197C,0.0,NA,0.02148454450070858,2850,9652,21389,0,0.7152046265970317,0.22796352583586627,1.0,0.3109435907348346,0.6890564092651654
21389,YNL021W YNL090W,0.0,NA,0.021486781537532806,2850,9651,21390,0,0.715234132955652,0.22798176145908328,1.0,0.31091137527785834,0.6890886247221417
21390,YGR195W YOR065W,0.0,NA,0.021489107981324196,2850,9650,21391,0,0.7152636393142722,0.228,1.0,0.31087915982088205,0.6891208401791179
21391,YNL192W YPL231W,0.0,NA,0.02150149457156658,2850,9649,21392,0,0.7152931456728925,0.22801824145931673,1.0,0.3108469443639058,0.6891530556360942
21392,YHL006C YJL019W,0.0,NA,0.021522682160139084,2850,9648,21393,0,0.7153226520315128,0.22803648583773403,1.0,0.31081472890692957,0.6891852710930705
21393,YDR331W tG(CCC)D,0.0,NA,0.02153148129582405,2850,9647,21394,0,0.7153521583901331,0.22805473313595262,1.0,0.3107825134499533,0.6892174865500467
21394,YDR166C YLR135W,0.0,NA,0.02153620310127735,2850,9646,21395,0,0.7153816647487533,0.2280729833546735,1.0,0.31075029799297704,0.689249702007023
21395,YBL019W YCR053W,0.0,NA,0.021548384800553322,2850,9645,21396,0,0.7154111711073736,0.22809123649459784,1.0,0.31071808253600075,0.6892819174639992
21396,tQ(UUG)C YDR439W,0.0,NA,0.0215584896504879,2850,9644,21397,0,0.7154406774659939,0.2281094925564271,1.0,0.3106858670790245,0.6893141329209754
21397,YKL104C YBR111W-A,0.0,NA,0.02157164178788662,2850,9643,21398,0,0.7154701838246142,0.22812775154086287,1.0,0.3106536516220483,0.6893463483779517
21398,YJR001W snR66,0.0,NA,0.02157174050807953,2850,9642,21399,0,0.7154996901832344,0.2281460134486071,1.0,0.310621436165072,0.689378563834928
21399,YDR500C YNL301C,0.0,NA,0.02157331258058548,2850,9641,21400,0,0.7155291965418548,0.22816427828036187,1.0,0.31058922070809575,0.6894107792919043
21400,YPL241C YKR054C,0.0,NA,0.02159043774008751,2850,9640,21401,0,0.7155587029004751,0.22818254603682947,1.0,0.3105570052511195,0.6894429947488805
21401,YDR082W YPR139C,0.0,NA,0.02159380353987217,2850,9639,21402,0,0.7155882092590954,0.22820081671871248,1.0,0.3105247897941432,0.6894752102058568
21402,snR7-L YGR096W,0.0,NA,0.02159450761973858,2850,9638,21403,0,0.7156177156177156,0.22821909032671364,1.0,0.310492574337167,0.6895074256628331
21403,YNL292W YNL080C,0.0,NA,0.02163637802004814,2850,9637,21404,0,0.7156472219763359,0.228237366861536,1.0,0.3104603588801907,0.6895396411198093
21404,YAL007C YKL052C,0.0,NA,0.021641930565238,2850,9636,21405,0,0.7156767283349562,0.22825564632388276,1.0,0.31042814342321445,0.6895718565767855
21405,tE(UUC)E1 YBL075C,0.0,NA,0.021648302674293518,2850,9635,21406,0,0.7157062346935764,0.22827392871445734,1.0,0.3103959279662382,0.6896040720337618
21406,tA(AGC)K2 YNL312W,0.0,NA,0.0216514952480793,2850,9634,21407,0,0.7157357410521967,0.22829221403396346,1.0,0.3103637125092619,0.689636287490738
21407,YFL049W tR(CCU)J,0.0,NA,0.021653009578585625,2850,9633,21408,0,0.715765247410817,0.228310502283105,1.0,0.3103314970522857,0.6896685029477143
21408,YDR078C tQ(UUG)L,0.0,NA,0.021654928103089333,2850,9632,21409,0,0.7157947537694374,0.2283287934625861,1.0,0.31029928159530945,0.6897007184046906
21409,YGL045W YNL268W,0.0,NA,0.021678075194358826,2850,9631,21410,0,0.7158242601280576,0.22834708757311112,1.0,0.31026706613833316,0.6897329338616668
21410,tS(AGA)D1 YHR085W,0.0,NA,0.02168935351073742,2850,9630,21411,0,0.7158537664866779,0.2283653846153846,1.0,0.3102348506813569,0.6897651493186431
21411,snR44 YOR089C,0.0,NA,0.021689515560865402,2850,9629,21412,0,0.7158832728452982,0.22838368459011138,1.0,0.3102026352243807,0.6897973647756194
21412,YNL272C YMR016C,0.0,NA,0.021689657121896744,2850,9628,21413,0,0.7159127792039185,0.22840198749799648,1.0,0.3101704197674044,0.6898295802325956
21413,YGL011C YBR202W,0.0,NA,0.02169162966310978,2850,9627,21414,0,0.7159422855625387,0.22842029333974512,1.0,0.31013820431042816,0.6898617956895718
21414,YDR005C YPL180W,0.0,NA,0.021712547168135643,2850,9626,21415,0,0.715971791921159,0.22843860211606284,1.0,0.31010598885345186,0.6898940111465481
21415,YMR036C YLR208W,0.0,NA,0.021718645468354225,2850,9625,21416,0,0.7160012982797793,0.22845691382765532,1.0,0.3100737733964756,0.6899262266035243
21416,tG(CCC)D YCL051W,0.0,NA,0.02172820083796978,2850,9624,21417,0,0.7160308046383995,0.22847522847522847,1.0,0.3100415579394994,0.6899584420605006
21417,tG(GCC)O2 YNL101W,0.0,NA,0.021733328700065613,2850,9623,21418,0,0.7160603109970198,0.2284935460594885,1.0,0.3100093424825231,0.6899906575174769
21418,YKL112W tR(UCU)D,0.0,NA,0.021750742569565773,2850,9622,21419,0,0.7160898173556401,0.22851186658114175,1.0,0.30997712702554686,0.6900228729744532
21419,snR39 YPL234C,0.0,NA,0.021773045882582664,2850,9621,21420,0,0.7161193237142605,0.22853019004089486,1.0,0.3099449115685706,0.6900550884314294
21420,YKR010C YPR158C-C,0.0,NA,0.021785307675600052,2850,9620,21421,0,0.7161488300728807,0.2285485164394547,1.0,0.30991269611159433,0.6900873038884057
21421,YGR124W YEL057C,0.0,NA,0.021786486729979515,2850,9619,21422,0,0.716178336431501,0.22856684577752828,1.0,0.3098804806546181,0.690119519345382
21422,YNL227C tG(GCC)O2,0.0,NA,0.02179858274757862,2850,9618,21423,0,0.7162078427901213,0.2285851780558229,1.0,0.3098482651976418,0.6901517348023581
21423,YPR008W YBR020W,0.0,NA,0.021804817020893097,2850,9617,21424,0,0.7162373491487416,0.22860351327504613,1.0,0.30981604974066557,0.6901839502593344
21424,YBR129C YPL049C,0.0,NA,0.02180686965584755,2850,9616,21425,0,0.7162668555073618,0.22862185143590566,1.0,0.30978383428368933,0.6902161657163107
21425,YNL090W YDL161W,0.0,NA,0.021807806566357613,2850,9615,21426,0,0.7162963618659821,0.2286401925391095,1.0,0.30975161882671304,0.6902483811732869
21426,YJL179W YDR100W,0.0,NA,0.021813087165355682,2850,9614,21427,0,0.7163258682246024,0.22865853658536586,1.0,0.3097194033697368,0.6902805966302632
21427,YLR095C YDR522C,0.0,NA,0.02181450091302395,2850,9613,21428,0,0.7163553745832227,0.22867688357538313,1.0,0.30968718791276056,0.6903128120872395
21428,YPL093W tV(AAC)J,0.0,NA,0.021818794310092926,2850,9612,21429,0,0.7163848809418429,0.22869523350987,1.0,0.30965497245578427,0.6903450275442157
21429,YGL136C YER137C-A,0.0,NA,0.02183646894991398,2850,9611,21430,0,0.7164143873004633,0.22871358638953534,1.0,0.30962275699880804,0.690377243001192
21430,YKR039W YNL151C,0.0,NA,0.021839197725057602,2850,9610,21431,0,0.7164438936590836,0.22873194221508827,1.0,0.3095905415418318,0.6904094584581683
21431,tS(AGA)J YIL052C,0.0,NA,0.021846503019332886,2850,9609,21432,0,0.7164734000177038,0.22875030098723814,1.0,0.3095583260848555,0.6904416739151444
21432,YJL173C YPL180W,0.0,NA,0.021854514256119728,2850,9608,21433,0,0.7165029063763241,0.2287686627066945,1.0,0.30952611062787927,0.6904738893721207
21433,YGL206C tA(UGC)A,0.0,NA,0.021867748349905014,2850,9607,21434,0,0.7165324127349444,0.22878702737416715,1.0,0.309493895170903,0.690506104829097
21434,YDL075W YGL019W,0.0,NA,0.021867891773581505,2850,9606,21435,0,0.7165619190935647,0.2288053949903661,1.0,0.30946167971392674,0.6905383202860732
21435,YCL040W tE(UUC)B,0.0,NA,0.021879736334085464,2850,9605,21436,0,0.7165914254521849,0.22882376555600162,1.0,0.3094294642569505,0.6905705357430495
21436,YPL110C tA(AGC)M2,0.0,NA,0.0218880046159029,2850,9604,21437,0,0.7166209318108052,0.22884213907178416,1.0,0.3093972487999742,0.6906027512000258
21437,YLL004W MAL23,0.0,NA,0.021894128993153572,2850,9603,21438,0,0.7166504381694255,0.22886051553842449,1.0,0.309365033342998,0.6906349666570021
21438,YIL096C snR36,0.0,NA,0.02190566062927246,2850,9602,21439,0,0.7166799445280458,0.22887889495663347,1.0,0.30933281788602174,0.6906671821139783
21439,tG(GCC)E YOL109W,0.0,NA,0.021907275542616844,2850,9601,21440,0,0.716709450886666,0.2288972773271223,1.0,0.30930060242904545,0.6906993975709546
21440,YML100W YDR460W,0.0,NA,0.021932270377874374,2850,9600,21441,0,0.7167389572452864,0.2289156626506024,1.0,0.3092683869720692,0.6907316130279308
21441,YMR246W YOR362C,0.0,NA,0.021978972479701042,2850,9599,21442,0,0.7167684636039067,0.22893405092778538,1.0,0.3092361715150929,0.690763828484907
21442,YKL160W YPR079W,0.0,NA,0.02198828011751175,2850,9598,21443,0,0.7167979699625269,0.22895244215938304,1.0,0.3092039560581167,0.6907960439418833
21443,YDR170W-A YER161C,0.0,NA,0.021995296701788902,2850,9597,21444,0,0.7168274763211472,0.2289708363461075,1.0,0.30917174060114044,0.6908282593988596
21444,YGR040W YDR210C-C,0.0,NA,0.022016478702425957,2850,9596,21445,0,0.7168569826797675,0.22898923348867106,1.0,0.30913952514416415,0.6908604748558358
21445,YBL011W YGL147C,0.0,NA,0.02201780304312706,2850,9595,21446,0,0.7168864890383878,0.22900763358778625,1.0,0.3091073096871879,0.6908926903128121
21446,YKL220C snR3,0.0,NA,0.02202315255999565,2850,9594,21447,0,0.716915995397008,0.22902603664416588,1.0,0.3090750942302117,0.6909249057697884
21447,YOR192C snR9,0.0,NA,0.02202414907515049,2850,9593,21448,0,0.7169455017556283,0.22904444265852286,1.0,0.3090428787732354,0.6909571212267646
21448,YMR010W YKL165C,0.0,NA,0.022024651989340782,2850,9592,21449,0,0.7169750081142486,0.22906285163157047,1.0,0.30901066331625915,0.6909893366837409
21449,YLR353W snR52,0.0,NA,0.02202662266790867,2850,9591,21450,0,0.717004514472869,0.2290812635640222,1.0,0.30897844785928286,0.6910215521407171
21450,snR5 YNL201C,0.0,NA,0.022026820108294487,2850,9590,21451,0,0.7170340208314891,0.22909967845659163,1.0,0.3089462324023066,0.6910537675976933
21451,YBR152W YOR249C,0.0,NA,0.022033559158444405,2850,9589,21452,0,0.7170635271901095,0.22911809630999277,1.0,0.3089140169453304,0.6910859830546696
21452,YCL027W YHR138C,0.0,NA,0.022035952657461166,2850,9588,21453,0,0.7170930335487298,0.2291365171249397,1.0,0.3088818014883541,0.6911181985116459
21453,snR57 YKL119C,0.0,NA,0.022043753415346146,2850,9587,21454,0,0.7171225399073501,0.22915494090214683,1.0,0.30884958603137785,0.6911504139686221
21454,YML097C YOR008C-A,0.0,NA,0.02205541357398033,2850,9586,21455,0,0.7171520462659703,0.22917336764232873,1.0,0.3088173705744016,0.6911826294255984
21455,YER157W YDL042C,0.0,NA,0.022066554054617882,2850,9585,21456,0,0.7171815526245906,0.22919179734620024,1.0,0.3087851551174253,0.6912148448825747
21456,YNL054W-B YOR272W,0.0,NA,0.022068170830607414,2850,9584,21457,0,0.7172110589832109,0.22921023001447643,1.0,0.3087529396604491,0.691247060339551
21457,tD(GUC)J1 YKL186C,0.0,NA,0.022073963657021523,2850,9583,21458,0,0.7172405653418311,0.2292286656478726,1.0,0.30872072420347285,0.6912792757965271
21458,YDR211W tA(AGC)L,0.0,NA,0.022077567875385284,2850,9582,21459,0,0.7172700717004514,0.22924710424710426,1.0,0.30868850874649656,0.6913114912535034
21459,YOR113W YER012W,0.0,NA,0.02208293229341507,2850,9581,21460,0,0.7172995780590717,0.22926554581288713,1.0,0.3086562932895203,0.6913437067104797
21460,YML069W YGR227W,0.0,NA,0.022107217460870743,2850,9580,21461,0,0.717329084417692,0.22928399034593724,1.0,0.30862407783254403,0.6913759221674559
21461,YJR044C YKL073W,0.0,NA,0.022122159600257874,2850,9579,21462,0,0.7173585907763123,0.2293024378469708,1.0,0.3085918623755678,0.6914081376244322
21462,YNL261W YNL158W,0.0,NA,0.02213076315820217,2850,9578,21463,0,0.7173880971349326,0.22932088831670422,1.0,0.30855964691859156,0.6914403530814085
21463,YPL091W snR13,0.0,NA,0.022140372544527054,2850,9577,21464,0,0.7174176034935529,0.2293393417558542,1.0,0.30852743146161526,0.6914725685383847
21464,tR(ACG)O YFR019W,0.0,NA,0.022140556946396828,2850,9576,21465,0,0.7174471098521732,0.22935779816513763,1.0,0.30849521600463903,0.691504783995361
21465,YBR082C YML057W,0.0,NA,0.022144513204693794,2850,9575,21466,0,0.7174766162107934,0.22937625754527163,1.0,0.3084630005476628,0.6915369994523373
21466,YBR213W tG(CCC)O,0.0,NA,0.022145172581076622,2850,9574,21467,0,0.7175061225694137,0.2293947198969736,1.0,0.3084307850906865,0.6915692149093134
21467,YGR109W-A YER169W,0.0,NA,0.022145936265587807,2850,9573,21468,0,0.717535628928034,0.22941318522096113,1.0,0.30839856963371026,0.6916014303662897
21468,YMR227C YDL150W,0.0,NA,0.02215348556637764,2850,9572,21469,0,0.7175651352866542,0.22943165351795203,1.0,0.30836635417673397,0.691633645823266
21469,YPL211W YGR206W,0.0,NA,0.022156544029712677,2850,9571,21470,0,0.7175946416452745,0.22945012478866436,1.0,0.30833413871975773,0.6916658612802422
21470,YBR085W tG(GCC)C,0.0,NA,0.0221660528331995,2850,9570,21471,0,0.7176241480038948,0.22946859903381642,1.0,0.3083019232627815,0.6916980767372185
21471,ALD1 YAR031W,0.0,NA,0.022174164652824402,2850,9569,21472,0,0.7176536543625152,0.22948707625412673,1.0,0.3082697078058052,0.6917302921941948
21472,YNL283C MAL23,0.0,NA,0.02218255214393139,2850,9568,21473,0,0.7176831607211354,0.22950555645031406,1.0,0.30823749234882897,0.691762507651171
21473,YIL071C YFL025C,0.0,NA,0.02219201810657978,2850,9567,21474,0,0.7177126670797557,0.22952403962309736,1.0,0.30820527689185273,0.6917947231081473
21474,YLL016W YKL139W,0.0,NA,0.022214803844690323,2850,9566,21475,0,0.717742173438376,0.22954252577319587,1.0,0.30817306143487644,0.6918269385651236
21475,YDL134C snR19,0.0,NA,0.02222047932446003,2850,9565,21476,0,0.7177716797969963,0.22956101490132905,1.0,0.3081408459779002,0.6918591540220999
21476,YHR191C YJR141W,0.0,NA,0.022237975150346756,2850,9564,21477,0,0.7178011861556165,0.22957950700821653,1.0,0.30810863052092397,0.691891369479076
21477,YGL248W tV(UAC)B,0.0,NA,0.022259529680013657,2850,9563,21478,0,0.7178306925142368,0.22959800209457826,1.0,0.3080764150639477,0.6919235849360523
21478,YOR373W YNL088W,0.0,NA,0.02226227894425392,2850,9562,21479,0,0.7178601988728571,0.22961650016113438,1.0,0.30804419960697144,0.6919558003930286
21479,YAL068C tT(UGU)P,0.0,NA,0.02227599546313286,2850,9561,21480,0,0.7178897052314774,0.22963500120860528,1.0,0.30801198414999514,0.6919880158500048
21480,YJR044C YIR031C,0.0,NA,0.0222796518355608,2850,9560,21481,0,0.7179192115900976,0.22965350523771152,1.0,0.3079797686930189,0.6920202313069811
21481,tA(UGC)A YFR025C,0.0,NA,0.02228032611310482,2850,9559,21482,0,0.717948717948718,0.229672012249174,1.0,0.30794755323604267,0.6920524467639574
21482,YDL239C YGR161W-B,0.0,NA,0.022289197891950607,2850,9558,21483,0,0.7179782243073383,0.22969052224371372,1.0,0.3079153377790664,0.6920846622209336
21483,YPR001W YJL092W,0.0,NA,0.022298917174339294,2850,9557,21484,0,0.7180077306659585,0.22970903522205208,1.0,0.30788312232209014,0.6921168776779099
21484,YER006W YER072W,0.0,NA,0.022299697622656822,2850,9556,21485,0,0.7180372370245788,0.22972755118491053,1.0,0.3078509068651139,0.6921490931348862
21485,YIL045W YFL041W,0.0,NA,0.02231115661561489,2850,9555,21486,0,0.7180667433831991,0.22974607013301088,1.0,0.3078186914081376,0.6921813085918623
21486,tR(ACG)L YDR420W,0.0,NA,0.022311165928840637,2850,9554,21487,0,0.7180962497418194,0.22976459206707514,1.0,0.3077864759511614,0.6922135240488386
21487,YOR142W-B YER161C,0.0,NA,0.02231534942984581,2850,9553,21488,0,0.7181257561004396,0.22978311698782553,1.0,0.3077542604941851,0.6922457395058149
21488,YJL044C YDR086C,0.0,NA,0.022319156676530838,2850,9552,21489,0,0.7181552624590599,0.2298016448959845,1.0,0.30772204503720885,0.6922779549627911
21489,snR73 YDR317W,0.0,NA,0.022328190505504608,2850,9551,21490,0,0.7181847688176802,0.22982017579227482,1.0,0.3076898295802326,0.6923101704197674
21490,tR(CCU)J YLR233C,0.0,NA,0.022333862259984016,2850,9550,21491,0,0.7182142751763005,0.22983870967741934,1.0,0.3076576141232563,0.6923423858767437
21491,tA(AGC)L YFR030W,0.0,NA,0.022347236052155495,2850,9549,21492,0,0.7182437815349207,0.2298572465521413,1.0,0.3076253986662801,0.6923746013337199
21492,YOR157C tH(GUG)K,0.0,NA,0.02235165424644947,2850,9548,21493,0,0.7182732878935411,0.22987578641716405,1.0,0.30759318320930384,0.6924068167906962
21493,YBR274W snR58,0.0,NA,0.022353999316692352,2850,9547,21494,0,0.7183027942521614,0.22989432927321127,1.0,0.30756096775232755,0.6924390322476724
21494,YER043C YKL196C,0.0,NA,0.022361502051353455,2850,9546,21495,0,0.7183323006107816,0.22991287512100678,1.0,0.3075287522953513,0.6924712477046487
21495,YDR206W YOL103W,0.0,NA,0.022369394078850746,2850,9545,21496,0,0.7183618069694019,0.2299314239612747,1.0,0.3074965368383751,0.6925034631616249
21496,YPL259C YKL110C,0.0,NA,0.022377144545316696,2850,9544,21497,0,0.7183913133280222,0.2299499757947394,1.0,0.3074643213813988,0.6925356786186012
21497,YLL017W YNL231C,0.0,NA,0.022384604439139366,2850,9543,21498,0,0.7184208196866425,0.22996853062212538,1.0,0.30743210592442255,0.6925678940755775
21498,YNL102W YBL087C,0.0,NA,0.022394351661205292,2850,9542,21499,0,0.7184503260452627,0.22998708844415752,1.0,0.30739989046744626,0.6926001095325537
21499,YLR058C tI(AAU)L1,0.0,NA,0.02239619940519333,2850,9541,21500,0,0.718479832403883,0.2300056492615608,1.0,0.30736767501047,0.69263232498953
21500,tE(UUC)M YBL079W,0.0,NA,0.02239714004099369,2850,9540,21501,0,0.7185093387625033,0.23002421307506055,1.0,0.3073354595534938,0.6926645404465063
21501,YMR173W YNL082W,0.0,NA,0.02240464836359024,2850,9539,21502,0,0.7185388451211236,0.2300427798853822,1.0,0.3073032440965175,0.6926967559034825
21502,YFR002W YLR386W,0.0,NA,0.022408492863178253,2850,9538,21503,0,0.7185683514797438,0.23006134969325154,1.0,0.30727102863954125,0.6927289713604587
21503,YGR224W YHL048W,0.0,NA,0.02241271175444126,2850,9537,21504,0,0.7185978578383642,0.23007992249939452,1.0,0.307238813182565,0.692761186817435
21504,Q0120 YOL113W,0.0,NA,0.02241552248597145,2850,9536,21505,0,0.7186273641969845,0.23009849830453738,1.0,0.3072065977255887,0.6927934022744112
21505,YDR099W YJR027W,0.0,NA,0.0224200040102005,2850,9535,21506,0,0.7186568705556048,0.23011707710940654,1.0,0.3071743822686125,0.6928256177313875
21506,YPR079W YJR036C,0.0,NA,0.022425157949328423,2850,9534,21507,0,0.718686376914225,0.23013565891472867,1.0,0.3071421668116362,0.6928578331883638
21507,YHR214C-B YHR101C,0.0,NA,0.022425953298807144,2850,9533,21508,0,0.7187158832728453,0.23015424372123072,1.0,0.30710995135465996,0.69289004864534
21508,YPL195W tS(AGA)M,0.0,NA,0.02242763713002205,2850,9532,21509,0,0.7187453896314656,0.2301728315296398,1.0,0.3070777358976837,0.6929222641023163
21509,YPL252C YHR109W,0.0,NA,0.022431084886193275,2850,9531,21510,0,0.7187748959900858,0.2301914223406833,1.0,0.30704552044070743,0.6929544795592926
21510,YHR053C YOL103W,0.0,NA,0.022436032071709633,2850,9530,21511,0,0.7188044023487061,0.23021001615508885,1.0,0.3070133049837312,0.6929866950162689
21511,YGL190C YAL013W,0.0,NA,0.022456351667642593,2850,9529,21512,0,0.7188339087073264,0.2302286129735843,1.0,0.30698108952675496,0.693018910473245
21512,YPR011C YGL103W,0.0,NA,0.022466057911515236,2850,9528,21513,0,0.7188634150659468,0.23024721279689772,1.0,0.30694887406977867,0.6930511259302213
21513,tS(AGA)M YMR170C,0.0,NA,0.02246835082769394,2850,9527,21514,0,0.718892921424567,0.23026581562575746,1.0,0.30691665861280243,0.6930833413871976
21514,YNL097C YER137C-A,0.0,NA,0.022486025467514992,2850,9526,21515,0,0.7189224277831873,0.23028442146089204,1.0,0.3068844431558262,0.6931155568441738
21515,snR74 YDR350C,0.0,NA,0.022503074258565903,2850,9525,21516,0,0.7189519341418076,0.23030303030303031,1.0,0.3068522276988499,0.6931477723011501
21516,YPL131W MAL23,0.0,NA,0.02250341884791851,2850,9524,21517,0,0.7189814405004279,0.23032164215290124,1.0,0.30682001224187366,0.6931799877581264
21517,YOL144W YLR227W-A,0.0,NA,0.022512400522828102,2850,9523,21518,0,0.7190109468590481,0.23034025701123415,1.0,0.30678779678489737,0.6932122032151026
21518,YJL041W YOL110W,0.0,NA,0.022513899952173233,2850,9522,21519,0,0.7190404532176684,0.23035887487875847,1.0,0.30675558132792113,0.6932444186720789
21519,YOL112W YJR090C,0.0,NA,0.022519316524267197,2850,9521,21520,0,0.7190699595762887,0.23037749575620403,1.0,0.3067233658709449,0.6932766341290552
21520,YOR216C YER124C,0.0,NA,0.022520145401358604,2850,9520,21521,0,0.7190994659349089,0.23039611964430073,1.0,0.3066911504139686,0.6933088495860313
21521,YGR258C YMR088C,0.0,NA,0.02252764068543911,2850,9519,21522,0,0.7191289722935292,0.2304147465437788,1.0,0.30665893495699237,0.6933410650430076
21522,YDR226W YCL018W,0.0,NA,0.02253875322639942,2850,9518,21523,0,0.7191584786521495,0.23043337645536868,1.0,0.30662671950001613,0.6933732804999839
21523,YDR131C YLR245C,0.0,NA,0.02254262939095497,2850,9517,21524,0,0.7191879850107699,0.2304520093798011,1.0,0.30659450404303984,0.6934054959569601
21524,tM(CAU)J3 YGR187C,0.0,NA,0.022547336295247078,2850,9516,21525,0,0.7192174913693901,0.2304706453178069,1.0,0.3065622885860636,0.6934377114139364
21525,YNL039W YOL069W,0.0,NA,0.02255265600979328,2850,9515,21526,0,0.7192469977280104,0.23048928427011728,1.0,0.3065300731290873,0.6934699268709127
21526,YPR042C YEL040W,0.0,NA,0.022562263533473015,2850,9514,21527,0,0.7192765040866307,0.2305079262374636,1.0,0.3064978576721111,0.6935021423278889
21527,YJR066W YDL170W,0.0,NA,0.02256346493959427,2850,9513,21528,0,0.719306010445251,0.23052657122057754,1.0,0.30646564221513484,0.6935343577848652
21528,YOR332W YLR195C,0.0,NA,0.02256389521062374,2850,9512,21529,0,0.7193355168038712,0.23054521922019092,1.0,0.30643342675815854,0.6935665732418415
21529,tS(UGA)E YBR172C,0.0,NA,0.022573497146368027,2850,9511,21530,0,0.7193650231624915,0.23056387023703584,1.0,0.3064012113011823,0.6935987886988177
21530,YFR002W YJL168C,0.0,NA,0.022586969658732414,2850,9510,21531,0,0.7193945295211118,0.23058252427184467,1.0,0.30636899584420607,0.6936310041557939
21531,tR(CCU)J YOR126C,0.0,NA,0.022590359672904015,2850,9509,21532,0,0.7194240358797321,0.23060118132534996,1.0,0.3063367803872298,0.6936632196127702
21532,YKL214C YNL047C,0.0,NA,0.022590570151805878,2850,9508,21533,0,0.7194535422383523,0.2306198413982845,1.0,0.30630456493025354,0.6936954350697465
21533,YOR241W YMR194W,0.0,NA,0.022594749927520752,2850,9507,21534,0,0.7194830485969727,0.2306385044913814,1.0,0.3062723494732773,0.6937276505267227
21534,YPL200W YOR244W,0.0,NA,0.02259627729654312,2850,9506,21535,0,0.719512554955593,0.2306571706053739,1.0,0.306240134016301,0.693759865983699
21535,YBR089C-A YHR161C,0.0,NA,0.022605430334806442,2850,9505,21536,0,0.7195420613142132,0.23067583974099554,1.0,0.3062079185593248,0.6937920814406753
21536,YIL142W YMR048W,0.0,NA,0.022615082561969757,2850,9504,21537,0,0.7195715676728335,0.23069451189898008,1.0,0.3061757031023485,0.6938242968976515
21537,tL(GAG)G YJL073W,0.0,NA,0.022622399032115936,2850,9503,21538,0,0.7196010740314538,0.23071318708006153,1.0,0.30614348764537225,0.6938565123546278
21538,YLR286C YHR136C,0.0,NA,0.02263045497238636,2850,9502,21539,0,0.7196305803900741,0.23073186528497408,1.0,0.306111272188396,0.693888727811604
21539,YCR009C snR34,0.0,NA,0.022648053243756294,2850,9501,21540,0,0.7196600867486943,0.23075054651445226,1.0,0.3060790567314197,0.6939209432685802
21540,YBR193C YOR005C,0.0,NA,0.022651178762316704,2850,9500,21541,0,0.7196895931073146,0.23076923076923078,1.0,0.3060468412744435,0.6939531587255565
21541,tR(UCU)J1 YMR011W,0.0,NA,0.022664513438940048,2850,9499,21542,0,0.7197190994659349,0.23078791805004453,1.0,0.30601462581746725,0.6939853741825328
21542,YJL001W YBL072C,0.0,NA,0.022673852741718292,2850,9498,21543,0,0.7197486058245552,0.23080660835762876,1.0,0.30598241036049095,0.694017589639509
21543,tE(UUC)B YER059W,0.0,NA,0.0226746778935194,2850,9497,21544,0,0.7197781121831754,0.2308253016927189,1.0,0.3059501949035147,0.6940498050964853
21544,snR51 YGL033W,0.0,NA,0.022683916613459587,2850,9496,21545,0,0.7198076185417958,0.23084399805605055,1.0,0.3059179794465384,0.6940820205534616
21545,YLR262C-A YDR368W,0.0,NA,0.02270338498055935,2850,9495,21546,0,0.7198371249004161,0.23086269744835966,1.0,0.3058857639895622,0.6941142360104378
21546,tT(AGU)J YHR101C,0.0,NA,0.022722257301211357,2850,9494,21547,0,0.7198666312590363,0.23088139987038236,1.0,0.30585354853258595,0.694146451467414
21547,YMR223W YMR313C,0.0,NA,0.022726884111762047,2850,9493,21548,0,0.7198961376176566,0.23090010532285507,1.0,0.30582133307560966,0.6941786669243903
21548,YCL039W YDR365W-A,0.0,NA,0.0227510966360569,2850,9492,21549,0,0.7199256439762769,0.23091881380651433,1.0,0.3057891176186334,0.6942108823813666
21549,YDL007W YGL186C,0.0,NA,0.022763196378946304,2850,9491,21550,0,0.7199551503348972,0.23093752532209708,1.0,0.3057569021616572,0.6942430978383428
21550,YNL054W-A YDR173C,0.0,NA,0.022777775302529335,2850,9490,21551,0,0.7199846566935174,0.23095623987034036,1.0,0.3057246867046809,0.6942753132953191
21551,YFL002W-A YER056C,0.0,NA,0.02278164029121399,2850,9489,21552,0,0.7200141630521377,0.23097495745198152,1.0,0.30569247124770466,0.6943075287522954
21552,YDR236C tQ(UUG)D3,0.0,NA,0.022794222459197044,2850,9488,21553,0,0.720043669410758,0.23099367806775814,1.0,0.3056602557907284,0.6943397442092716
21553,YMR288W YPL036W,0.0,NA,0.022802168503403664,2850,9487,21554,0,0.7200731757693783,0.23101240171840803,1.0,0.3056280403337521,0.6943719596662479
21554,YLL002W snR39,0.0,NA,0.02280227467417717,2850,9486,21555,0,0.7201026821279986,0.23103112840466927,1.0,0.3055958248767759,0.6944041751232242
21555,YDL132W YOR377W,0.0,NA,0.02280293218791485,2850,9485,21556,0,0.7201321884866189,0.2310498581272801,1.0,0.3055636094197996,0.6944363905802003
21556,YOR253W YKL079W,0.0,NA,0.02280360274016857,2850,9484,21557,0,0.7201616948452392,0.2310685908869791,1.0,0.30553139396282336,0.6944686060371766
21557,YPR023C YIR019C,0.0,NA,0.022805972024798393,2850,9483,21558,0,0.7201912012038594,0.231087326684505,1.0,0.3054991785058471,0.6945008214941529
21558,YLR189C YDL028C,0.0,NA,0.022808002308011055,2850,9482,21559,0,0.7202207075624797,0.23110606552059682,1.0,0.30546696304887083,0.6945330369511291
21559,YHR167W tP(AGG)N,0.0,NA,0.02281145751476288,2850,9481,21560,0,0.7202502139211,0.23112480739599384,1.0,0.3054347475918946,0.6945652524081054
21560,YHR025W YOR353C,0.0,NA,0.0228244811296463,2850,9480,21561,0,0.7202797202797203,0.23114355231143552,1.0,0.30540253213491836,0.6945974678650817
21561,YDR501W YBL082C,0.0,NA,0.022825533524155617,2850,9479,21562,0,0.7203092266383405,0.2311623002676616,1.0,0.30537031667794207,0.6946296833220579
21562,YGL126W snR13,0.0,NA,0.02284839190542698,2850,9478,21563,0,0.7203387329969608,0.23118105126541208,1.0,0.30533810122096583,0.6946618987790342
21563,tR(UCU)M1 YKL040C,0.0,NA,0.022854171693325043,2850,9477,21564,0,0.7203682393555811,0.2311998053054271,1.0,0.30530588576398954,0.6946941142360105
21564,YDR464W YPR110C,0.0,NA,0.022855589166283607,2850,9476,21565,0,0.7203977457142015,0.23121856238844718,1.0,0.3052736703070133,0.6947263296929866
21565,YHR211W YML067C,0.0,NA,0.022856492549180984,2850,9475,21566,0,0.7204272520728217,0.23123732251521298,1.0,0.30524145485003706,0.6947585451499629
21566,YER161C YHR077C,0.0,NA,0.02286316081881523,2850,9474,21567,0,0.720456758431442,0.23125608568646544,1.0,0.30520923939306077,0.6947907606069392
21567,YCL027W YLR467W,0.0,NA,0.022872526198625565,2850,9473,21568,0,0.7204862647900623,0.23127485190294572,1.0,0.30517702393608453,0.6948229760639155
21568,YJR041C snR39,0.0,NA,0.022885765880346298,2850,9472,21569,0,0.7205157711486826,0.23129362116539523,1.0,0.3051448084791083,0.6948551915208917
21569,YKL054C YGR212W,0.0,NA,0.022888239473104477,2850,9471,21570,0,0.7205452775073028,0.23131239347455565,1.0,0.305112593022132,0.694887406977868
21570,YLR206W YGR241C,0.0,NA,0.02289542742073536,2850,9470,21571,0,0.7205747838659231,0.23133116883116883,1.0,0.30508037756515577,0.6949196224348443
21571,snR39 snR77,0.0,NA,0.02289709448814392,2850,9469,21572,0,0.7206042902245434,0.23134994723597693,1.0,0.3050481621081795,0.6949518378918205
21572,YOR083W YLR098C,0.0,NA,0.022906973958015442,2850,9468,21573,0,0.7206337965831636,0.23136872868972236,1.0,0.30501594665120324,0.6949840533487968
21573,YBR069C YMR065W,0.0,NA,0.022907285019755363,2850,9467,21574,0,0.7206633029417839,0.23138751319314768,1.0,0.304983731194227,0.695016268805773
21574,tR(UCU)J1 YLR251W,0.0,NA,0.02295401133596897,2850,9466,21575,0,0.7206928093004042,0.23140630074699578,1.0,0.3049515157372507,0.6950484842627492
21575,YPL198W YHR077C,0.0,NA,0.022962536662817,2850,9465,21576,0,0.7207223156590246,0.23142509135200975,1.0,0.3049193002802745,0.6950806997197255
21576,YNR074C YFR052W,0.0,NA,0.022963564842939377,2850,9464,21577,0,0.7207518220176448,0.23144388500893293,1.0,0.30488708482329824,0.6951129151767018
21577,tI(AAU)L1 YOR363C,0.0,NA,0.022973088547587395,2850,9463,21578,0,0.7207813283762651,0.2314626817185089,1.0,0.30485486936632195,0.695145130633678
21578,YBL021C YBL105C,0.0,NA,0.02299405261874199,2850,9462,21579,0,0.7208108347348854,0.23148148148148148,1.0,0.3048226539093457,0.6951773460906543
21579,YLR114C YPL036W,0.0,NA,0.02299804985523224,2850,9461,21580,0,0.7208403410935057,0.23150028429859476,1.0,0.30479043845236947,0.6952095615476306
21580,YGL078C YOR007C,0.0,NA,0.023007726296782494,2850,9460,21581,0,0.7208698474521259,0.23151909017059302,1.0,0.3047582229953932,0.6952417770046068
21581,YDR495C YJR050W,0.0,NA,0.02300838939845562,2850,9459,21582,0,0.7208993538107462,0.2315378990982208,1.0,0.30472600753841694,0.6952739924615831
21582,YKL197C tQ(CUG)M,0.0,NA,0.023033281788229942,2850,9458,21583,0,0.7209288601693665,0.23155671108222295,1.0,0.30469379208144065,0.6953062079185593
21583,YOR358W YML012W,0.0,NA,0.023058254271745682,2850,9457,21584,0,0.7209583665279867,0.23157552612334445,1.0,0.3046615766244644,0.6953384233755355
21584,YLR355C YKR085C,0.0,NA,0.023058468475937843,2850,9456,21585,0,0.720987872886607,0.23159434422233058,1.0,0.3046293611674882,0.6953706388325118
21585,YHR161C YDR490C,0.0,NA,0.02306089550256729,2850,9455,21586,0,0.7210173792452274,0.23161316537992685,1.0,0.3045971457105119,0.6954028542894881
21586,YMR006C YOR354C,0.0,NA,0.023061593994498253,2850,9454,21587,0,0.7210468856038477,0.23163198959687906,1.0,0.30456493025353565,0.6954350697464644
21587,tI(AAU)L1 YOR137C,0.0,NA,0.023072760552167892,2850,9453,21588,0,0.7210763919624679,0.23165081687393319,1.0,0.3045327147965594,0.6954672852034406
21588,YKL088W tS(AGA)B,0.0,NA,0.023081757128238678,2850,9452,21589,0,0.7211058983210882,0.23166964721183547,1.0,0.3045004993395831,0.6954995006604169
21589,tG(GCC)E YPR179C,0.0,NA,0.023084456101059914,2850,9451,21590,0,0.7211354046797085,0.2316884806113324,1.0,0.3044682838826069,0.6955317161173932
21590,YJL044C YAL055W,0.0,NA,0.023094631731510162,2850,9450,21591,0,0.7211649110383288,0.23170731707317074,1.0,0.3044360684256306,0.6955639315743694
21591,snR74 YAL007C,0.0,NA,0.023124946281313896,2850,9449,21592,0,0.721194417396949,0.2317261565980974,1.0,0.30440385296865435,0.6955961470313456
21592,YFR015C tG(CCC)O,0.0,NA,0.023127196356654167,2850,9448,21593,0,0.7212239237555693,0.23174499918685965,1.0,0.3043716375116781,0.6956283624883219
21593,snR54 YLR347C,0.0,NA,0.02313430793583393,2850,9447,21594,0,0.7212534301141896,0.23176384484020493,1.0,0.3043394220547018,0.6956605779452981
21594,YNR030W snR74,0.0,NA,0.023153971880674362,2850,9446,21595,0,0.7212829364728099,0.23178269355888093,1.0,0.3043072065977256,0.6956927934022744
21595,YER132C YDL175C,0.0,NA,0.02315414510667324,2850,9445,21596,0,0.7213124428314301,0.23180154534363562,1.0,0.30427499114074935,0.6957250088592507
21596,tH(GUG)E1 YER144C,0.0,NA,0.023164240643382072,2850,9444,21597,0,0.7213419491900505,0.23182040019521719,1.0,0.30424277568377306,0.6957572243162269
21597,YLR234W YER112W,0.0,NA,0.023172583431005478,2850,9443,21598,0,0.7213714555486708,0.23183925811437403,1.0,0.3042105602267968,0.6957894397732032
21598,YPL048W YML012W,0.0,NA,0.023186609148979187,2850,9442,21599,0,0.721400961907291,0.23185811910185486,1.0,0.3041783447698206,0.6958216552301795
21599,snR53 YAL017W,0.0,NA,0.023206239566206932,2850,9441,21600,0,0.7214304682659113,0.2318769831584086,1.0,0.3041461293128443,0.6958538706871557
21600,YDL111C tV(AAC)J,0.0,NA,0.02321803569793701,2850,9440,21601,0,0.7214599746245316,0.23189585028478438,1.0,0.30411391385586806,0.6958860861441319
21601,YOR216C YFR045W,0.0,NA,0.023226028308272362,2850,9439,21602,0,0.7214894809831519,0.23191472048173162,1.0,0.30408169839889176,0.6959183016011082
21602,YFL024C YGL058W,0.0,NA,0.02323419600725174,2850,9438,21603,0,0.7215189873417721,0.23193359375,1.0,0.3040494829419155,0.6959505170580844
21603,MAL23 YDR072C,0.0,NA,0.023246275261044502,2850,9437,21604,0,0.7215484937003924,0.2319524700903394,1.0,0.3040172674849393,0.6959827325150607
21604,YJL129C YOR356W,0.0,NA,0.023267030715942383,2850,9436,21605,0,0.7215780000590127,0.23197134950349993,1.0,0.303985052027963,0.696014947972037
21605,YMR220W snR79,0.0,NA,0.02326878532767296,2850,9435,21606,0,0.721607506417633,0.231990231990232,1.0,0.30395283657098676,0.6960471634290133
21606,YCL018W YJR070C,0.0,NA,0.02327263355255127,2850,9434,21607,0,0.7216370127762533,0.23200911755128623,1.0,0.3039206211140105,0.6960793788859895
21607,YBR119W YPR046W,0.0,NA,0.0232824869453907,2850,9433,21608,0,0.7216665191348736,0.2320280061874135,1.0,0.30388840565703423,0.6961115943429658
21608,YHR188C YGR289C,0.0,NA,0.023284245282411575,2850,9432,21609,0,0.7216960254934939,0.23204689789936492,1.0,0.303856190200058,0.6961438097999421
21609,tG(GCC)M YJL177W,0.0,NA,0.02329128421843052,2850,9431,21610,0,0.7217255318521141,0.23206579268789188,1.0,0.3038239747430817,0.6961760252569182
21610,tN(GUU)K YHL001W,0.0,NA,0.023291781544685364,2850,9430,21611,0,0.7217550382107344,0.23208469055374592,1.0,0.30379175928610547,0.6962082407138945
21611,YPR105C tS(UGA)P,0.0,NA,0.023320959880948067,2850,9429,21612,0,0.7217845445693547,0.23210359149767895,1.0,0.30375954382912923,0.6962404561708708
21612,YMR010W tR(CCG)L,0.0,NA,0.023327596485614777,2850,9428,21613,0,0.721814050927975,0.23212249552044306,1.0,0.30372732837215294,0.696272671627847
21613,YJL146W YOR341W,0.0,NA,0.023330071941018105,2850,9427,21614,0,0.7218435572865952,0.2321414026227906,1.0,0.3036951129151767,0.6963048870848233
21614,tA(UGC)A YOR358W,0.0,NA,0.023331692442297935,2850,9426,21615,0,0.7218730636452155,0.23216031280547408,1.0,0.30366289745820046,0.6963371025417996
21615,YPR049C tG(CCC)O,0.0,NA,0.023351041600108147,2850,9425,21616,0,0.7219025700038358,0.23217922606924643,1.0,0.3036306820012242,0.6963693179987758
21616,YPL151C YNL080C,0.0,NA,0.02337135188281536,2850,9424,21617,0,0.7219320763624562,0.23219814241486067,1.0,0.30359846654424794,0.6964015334557521
21617,tA(AGC)P YLR121C,0.0,NA,0.02337178774178028,2850,9423,21618,0,0.7219615827210764,0.23221706184307014,1.0,0.3035662510872717,0.6964337489127284
21618,YGR255C YIR011C,0.0,NA,0.023371918126940727,2850,9422,21619,0,0.7219910890796967,0.23223598435462842,1.0,0.3035340356302954,0.6964659643697045
21619,tE(UUC)B YDR440W,0.0,NA,0.023377178236842155,2850,9421,21620,0,0.722020595438317,0.2322549099502893,1.0,0.30350182017331917,0.6964981798266808
21620,YLR421C YNL225C,0.0,NA,0.02338256500661373,2850,9420,21621,0,0.7220501017969373,0.23227383863080683,1.0,0.3034696047163429,0.6965303952836571
21621,YBR036C YPR046W,0.0,NA,0.023395830765366554,2850,9419,21622,0,0.7220796081555575,0.23229277039693536,1.0,0.30343738925936664,0.6965626107406333
21622,snR39 YBL018C,0.0,NA,0.023403428494930267,2850,9418,21623,0,0.7221091145141778,0.2323117052494294,1.0,0.3034051738023904,0.6965948261976096
21623,YJL136C YOR020C,0.0,NA,0.023414764553308487,2850,9417,21624,0,0.7221386208727981,0.23233064318904378,1.0,0.3033729583454141,0.6966270416545859
21624,YPR158C-C YDR009W,0.0,NA,0.0234272088855505,2850,9416,21625,0,0.7221681272314183,0.2323495842165335,1.0,0.3033407428884379,0.6966592571115622
21625,YIR002C YMR046C,0.0,NA,0.02342984825372696,2850,9415,21626,0,0.7221976335900386,0.2323685283326539,1.0,0.30330852743146164,0.6966914725685384
21626,tL(GAG)G YIL039W,0.0,NA,0.023432783782482147,2850,9414,21627,0,0.722227139948659,0.23238747553816047,1.0,0.30327631197448535,0.6967236880255147
21627,YIR015W YJL114W,0.0,NA,0.023433951660990715,2850,9413,21628,0,0.7222566463072793,0.23240642583380902,1.0,0.3032440965175091,0.696755903482491
21628,YDR210C-C YOL031C,0.0,NA,0.023468393832445145,2850,9412,21629,0,0.7222861526658995,0.23242537922035558,1.0,0.3032118810605328,0.6967881189394671
21629,YOR115C YHR001W-A,0.0,NA,0.023485207930207253,2850,9411,21630,0,0.7223156590245198,0.2324443356985564,1.0,0.3031796656035566,0.6968203343964434
21630,YPR018W YML095C,0.0,NA,0.023486508056521416,2850,9410,21631,0,0.7223451653831401,0.23246329526916804,1.0,0.30314745014658034,0.6968525498534197
21631,YMR210W YOR100C,0.0,NA,0.023524420335888863,2850,9409,21632,0,0.7223746717417604,0.23248225793294722,1.0,0.30311523468960405,0.6968847653103959
21632,snR57 YLR024C,0.0,NA,0.023527609184384346,2850,9408,21633,0,0.7224041781003806,0.23250122369065102,1.0,0.3030830192326278,0.6969169807673722
21633,tA(AGC)K2 YNL259C,0.0,NA,0.02353309839963913,2850,9407,21634,0,0.7224336844590009,0.23252019254303663,1.0,0.3030508037756516,0.6969491962243485
21634,YGL014W YPL169C,0.0,NA,0.023556295782327652,2850,9406,21635,0,0.7224631908176212,0.23253916449086162,1.0,0.3030185883186753,0.6969814116813247
21635,YMR121C YJL156C,0.0,NA,0.023559562861919403,2850,9405,21636,0,0.7224926971762414,0.23255813953488372,1.0,0.30298637286169905,0.697013627138301
21636,YDR210C-C YNL233W,0.0,NA,0.023564763367176056,2850,9404,21637,0,0.7225222035348617,0.23257711767586095,1.0,0.3029541574047228,0.6970458425952772
21637,YLR176C YPR156C,0.0,NA,0.023567210882902145,2850,9403,21638,0,0.722551709893482,0.23259609891455155,1.0,0.3029219419477465,0.6970780580522534
21638,YMR045C YHR013C,0.0,NA,0.023571424186229706,2850,9402,21639,0,0.7225812162521024,0.232615083251714,1.0,0.3028897264907703,0.6971102735092297
21639,YDL083C YOL005C,0.0,NA,0.02357710897922516,2850,9401,21640,0,0.7226107226107226,0.2326340706881071,1.0,0.302857511033794,0.697142488966206
21640,YNL084C YCR073W-A,0.0,NA,0.02358528971672058,2850,9400,21641,0,0.7226402289693429,0.23265306122448978,1.0,0.30282529557681775,0.6971747044231822
21641,YGL144C YDL047W,0.0,NA,0.02358916588127613,2850,9399,21642,0,0.7226697353279632,0.23267205486162135,1.0,0.3027930801198415,0.6972069198801585
21642,YOL146W YBL040C,0.0,NA,0.02359101176261902,2850,9398,21643,0,0.7226992416865835,0.23269105160026127,1.0,0.3027608646628652,0.6972391353371348
21643,YDR281C YDR081C,0.0,NA,0.023593362420797348,2850,9397,21644,0,0.7227287480452037,0.23271005144116927,1.0,0.302728649205889,0.6972713507941111
21644,snR57 YHR174W,0.0,NA,0.023602096363902092,2850,9396,21645,0,0.722758254403824,0.23272905438510533,1.0,0.30269643374891275,0.6973035662510872
21645,YGL191W tQ(UUG)E2,0.0,NA,0.023617254570126534,2850,9395,21646,0,0.7227877607624443,0.23274806043282972,1.0,0.30266421829193646,0.6973357817080635
21646,YGL014W YIR021W,0.0,NA,0.023621246218681335,2850,9394,21647,0,0.7228172671210646,0.2327670695851029,1.0,0.3026320028349602,0.6973679971650398
21647,YML113W YLR115W,0.0,NA,0.02362193912267685,2850,9393,21648,0,0.7228467734796848,0.23278608184268562,1.0,0.30259978737798393,0.697400212622016
21648,YPL154C YPL010W,0.0,NA,0.023628538474440575,2850,9392,21649,0,0.7228762798383052,0.23280509720633882,1.0,0.3025675719210077,0.6974324280789923
21649,YPL137C YPL259C,0.0,NA,0.02362953871488571,2850,9391,21650,0,0.7229057861969255,0.2328241156768238,1.0,0.30253535646403146,0.6974646435359686
21650,YIL085C YBR200W,0.0,NA,0.02365449257194996,2850,9390,21651,0,0.7229352925555457,0.23284313725490197,1.0,0.30250314100705517,0.6974968589929448
21651,YPR192W YGL021W,0.0,NA,0.023662840947508812,2850,9389,21652,0,0.722964798914166,0.23286216194133508,1.0,0.30247092555007893,0.6975290744499211
21652,Q0250 YLR240W,0.0,NA,0.02366524375975132,2850,9388,21653,0,0.7229943052727863,0.23288118973688512,1.0,0.3024387100931027,0.6975612899068974
21653,YDR495C tT(UGU)P,0.0,NA,0.023665407672524452,2850,9387,21654,0,0.7230238116314066,0.2329002206423143,1.0,0.3024064946361264,0.6975935053638735
21654,YBR276C YBR181C,0.0,NA,0.023672163486480713,2850,9386,21655,0,0.7230533179900268,0.2329192546583851,1.0,0.30237427917915016,0.6976257208208498
21655,YOR056C YLL002W,0.0,NA,0.02368038520216942,2850,9385,21656,0,0.7230828243486471,0.23293829178586023,1.0,0.3023420637221739,0.6976579362778261
21656,YDR168W YER146W,0.0,NA,0.023698704317212105,2850,9384,21657,0,0.7231123307072674,0.2329573320255027,1.0,0.30230984826519763,0.6976901517348023
21657,YMR136W snR9,0.0,NA,0.02370327152311802,2850,9383,21658,0,0.7231418370658877,0.2329763753780757,1.0,0.3022776328082214,0.6977223671917786
21658,YGL244W YOR354C,0.0,NA,0.02371353656053543,2850,9382,21659,0,0.723171343424508,0.23299542184434271,1.0,0.3022454173512451,0.6977545826487549
21659,tH(GUG)E1 YOR257W,0.0,NA,0.023714805021882057,2850,9381,21660,0,0.7232008497831283,0.23301447142506745,1.0,0.30221320189426887,0.6977867981057311
21660,tL(GAG)G YIL042C,0.0,NA,0.023717012256383896,2850,9380,21661,0,0.7232303561417486,0.2330335241210139,1.0,0.30218098643729263,0.6978190135627074
21661,snR7-L YLR451W,0.0,NA,0.02373007871210575,2850,9379,21662,0,0.7232598625003688,0.23305257993294629,1.0,0.30214877098031634,0.6978512290196837
21662,tR(UCU)J1 YLR170C,0.0,NA,0.02373030036687851,2850,9378,21663,0,0.7232893688589891,0.23307163886162904,1.0,0.3021165555233401,0.69788344447666
21663,YGR254W YOR353C,0.0,NA,0.02375182881951332,2850,9377,21664,0,0.7233188752176094,0.23309070090782694,1.0,0.30208434006636387,0.6979156599336361
21664,YPL241C YBR136W,0.0,NA,0.0237582977861166,2850,9376,21665,0,0.7233483815762297,0.23310976607230494,1.0,0.3020521246093876,0.6979478753906124
21665,YLR448W YDL060W,0.0,NA,0.023767324164509773,2850,9375,21666,0,0.7233778879348499,0.2331288343558282,1.0,0.30201990915241134,0.6979800908475887
21666,YOR255W tS(GCU)L,0.0,NA,0.023771384730935097,2850,9374,21667,0,0.7234073942934702,0.2331479057591623,1.0,0.30198769369543504,0.6980123063045649
21667,tR(UCU)M1 YER001W,0.0,NA,0.023776961490511894,2850,9373,21668,0,0.7234369006520905,0.2331669802830729,1.0,0.3019554782384588,0.6980445217615412
21668,tS(UGA)P YBR021W,0.0,NA,0.02378564141690731,2850,9372,21669,0,0.7234664070107109,0.23318605792832597,1.0,0.30192326278148257,0.6980767372185175
21669,YMR063W YPL116W,0.0,NA,0.02379576303064823,2850,9371,21670,0,0.7234959133693311,0.23320513869568776,1.0,0.3018910473245063,0.6981089526754937
21670,YFL030W YHR185C,0.0,NA,0.023798787966370583,2850,9370,21671,0,0.7235254197279514,0.2332242225859247,1.0,0.30185883186753004,0.69814116813247
21671,snR51 YAR002C-A,0.0,NA,0.023801833391189575,2850,9369,21672,0,0.7235549260865717,0.23324330959980358,1.0,0.3018266164105538,0.6981733835894463
21672,YPL253C YDR385W,0.0,NA,0.023811474442481995,2850,9368,21673,0,0.723584432445192,0.23326239973809135,1.0,0.3017944009535775,0.6982055990464224
21673,tS(AGA)M YLR250W,0.0,NA,0.02382183074951172,2850,9367,21674,0,0.7236139388038122,0.2332814930015552,1.0,0.3017621854966013,0.6982378145033987
21674,YDR379W YFR025C,0.0,NA,0.023823248222470284,2850,9366,21675,0,0.7236434451624325,0.23330058939096268,1.0,0.30172997003962504,0.698270029960375
21675,snR38 YDR071C,0.0,NA,0.023849746212363243,2850,9365,21676,0,0.7236729515210528,0.23331968890708146,1.0,0.30169775458264875,0.6983022454173512
21676,YCR083W YDR207C,0.0,NA,0.0238592941313982,2850,9364,21677,0,0.723702457879673,0.23333879155067955,1.0,0.3016655391256725,0.6983344608743275
21677,YPL092W tR(ACG)L,0.0,NA,0.023893756791949272,2850,9363,21678,0,0.7237319642382933,0.23335789732252518,1.0,0.3016333236686962,0.6983666763313038
21678,YKL068W YER089C,0.0,NA,0.023907838389277458,2850,9362,21679,0,0.7237614705969136,0.23337700622338683,1.0,0.30160110821172,0.69839889178828
21679,YGR272C YNL151C,0.0,NA,0.023907963186502457,2850,9361,21680,0,0.723790976955534,0.23339611825403325,1.0,0.30156889275474374,0.6984311072452563
21680,YPL241C YLR359W,0.0,NA,0.02391919307410717,2850,9360,21681,0,0.7238204833141542,0.2334152334152334,1.0,0.30153667729776745,0.6984633227022325
21681,YBR123C YDR328C,0.0,NA,0.023948824033141136,2850,9359,21682,0,0.7238499896727745,0.23343435170775656,1.0,0.3015044618407912,0.6984955381592088
21682,YBR201W YML068W,0.0,NA,0.02395831048488617,2850,9358,21683,0,0.7238794960313948,0.23345347313237222,1.0,0.301472246383815,0.698527753616185
21683,YPL268W YIL125W,0.0,NA,0.02395857684314251,2850,9357,21684,0,0.7239090023900151,0.2334725976898501,1.0,0.3014400309268387,0.6985599690731613
21684,YDR052C snR3,0.0,NA,0.02395949326455593,2850,9356,21685,0,0.7239385087486353,0.2334917253809602,1.0,0.30140781546986245,0.6985921845301376
21685,YLR144C YLR410W-B,0.0,NA,0.023982184007763863,2850,9355,21686,0,0.7239680151072556,0.23351085620647274,1.0,0.30137560001288616,0.6986243999871138
21686,YCR016W YDL224C,0.0,NA,0.02398691698908806,2850,9354,21687,0,0.7239975214658759,0.2335299901671583,1.0,0.3013433845559099,0.6986566154440901
21687,YMR095C YKL032C,0.0,NA,0.0240011103451252,2850,9353,21688,0,0.7240270278244961,0.2335491272637876,1.0,0.3013111690989337,0.6986888309010664
21688,YNL330C YPR187W,0.0,NA,0.024011075496673584,2850,9352,21689,0,0.7240565341831164,0.2335682674971316,1.0,0.3012789536419574,0.6987210463580426
21689,YGL103W YDR301W,0.0,NA,0.024022800847887993,2850,9351,21690,0,0.7240860405417368,0.23358741086796164,1.0,0.30124673818498116,0.6987532618150188
21690,YEL071W YDL003W,0.0,NA,0.02402985468506813,2850,9350,21691,0,0.7241155469003571,0.2336065573770492,1.0,0.3012145227280049,0.6987854772719951
21691,YIL162W tE(UUC)M,0.0,NA,0.024042541161179543,2850,9349,21692,0,0.7241450532589773,0.233625707025166,1.0,0.3011823072710286,0.6988176927289713
21692,YDR004W tE(UUC)M,0.0,NA,0.024049973115324974,2850,9348,21693,0,0.7241745596175976,0.2336448598130841,1.0,0.3011500918140524,0.6988499081859476
21693,YBR084C-A YJL170C,0.0,NA,0.024053025990724564,2850,9347,21694,0,0.7242040659762179,0.2336640157415758,1.0,0.3011178763570761,0.6988821236429239
21694,YNL199C snR73,0.0,NA,0.02407100982964039,2850,9346,21695,0,0.7242335723348382,0.23368317481141357,1.0,0.30108566090009986,0.6989143390999001
21695,snR35 YDR477W,0.0,NA,0.024084040895104408,2850,9345,21696,0,0.7242630786934584,0.23370233702337023,1.0,0.3010534454431236,0.6989465545568764
21696,snR7-L YKR087C,0.0,NA,0.024096056818962097,2850,9344,21697,0,0.7242925850520787,0.2337215023782188,1.0,0.30102122998614733,0.6989787700138527
21697,tA(AGC)P YPR144C,0.0,NA,0.024105343967676163,2850,9343,21698,0,0.724322091410699,0.23374067087673256,1.0,0.3009890145291711,0.6990109854708288
21698,YDR272W snR46,0.0,NA,0.024105412885546684,2850,9342,21699,0,0.7243515977693192,0.23375984251968504,1.0,0.30095679907219486,0.6990432009278051
21699,YOR339C YNL054W-A,0.0,NA,0.024108799174427986,2850,9341,21700,0,0.7243811041279395,0.23377901730785006,1.0,0.30092458361521857,0.6990754163847814
21700,YMR182C YMR039C,0.0,NA,0.02413313463330269,2850,9340,21701,0,0.7244106104865599,0.23379819524200163,1.0,0.30089236815824233,0.6991076318417577
21701,YJR159W YNL223W,0.0,NA,0.02414342388510704,2850,9339,21702,0,0.7244401168451802,0.2338173763229141,1.0,0.3008601527012661,0.6991398472987339
21702,tA(AGC)M2 YER170W,0.0,NA,0.024148130789399147,2850,9338,21703,0,0.7244696232038004,0.23383656055136198,1.0,0.3008279372442898,0.6991720627557102
21703,YDL193W YLR015W,0.0,NA,0.02415872924029827,2850,9337,21704,0,0.7244991295624207,0.23385574792812014,1.0,0.30079572178731356,0.6992042782126865
21704,snR63 YOL039W,0.0,NA,0.024163158610463142,2850,9336,21705,0,0.724528635921041,0.23387493845396357,1.0,0.30076350633033727,0.6992364936696627
21705,YOR047C YGR065C,0.0,NA,0.024169445037841797,2850,9335,21706,0,0.7245581422796613,0.23389413212966761,1.0,0.30073129087336103,0.699268709126639
21706,YDR363W-A YPR156C,0.0,NA,0.024169567972421646,2850,9334,21707,0,0.7245876486382815,0.2339133289560079,1.0,0.3006990754163848,0.6993009245836153
21707,YGL051W YLL019C,0.0,NA,0.024170028045773506,2850,9333,21708,0,0.7246171549969018,0.23393252893376015,1.0,0.3006668599594085,0.6993331400405914
21708,YBL051C tM(CAU)J1,0.0,NA,0.024172985926270485,2850,9332,21709,0,0.7246466613555221,0.23395173206370054,1.0,0.30063464450243227,0.6993653554975677
21709,YMR061W YDL216C,0.0,NA,0.024185530841350555,2850,9331,21710,0,0.7246761677141424,0.23397093834660537,1.0,0.30060242904545603,0.699397570954544
21710,YIR011C YOR216C,0.0,NA,0.024186691269278526,2850,9330,21711,0,0.7247056740727627,0.23399014778325122,1.0,0.30057021358847974,0.6994297864115202
21711,tR(ACG)L YBR128C,0.0,NA,0.024196000769734383,2850,9329,21712,0,0.724735180431383,0.23400936037441497,1.0,0.3005379981315035,0.6994620018684965
21712,YLL050C tG(GCC)D2,0.0,NA,0.024229414761066437,2850,9328,21713,0,0.7247646867900033,0.23402857612087372,1.0,0.3005057826745272,0.6994942173254728
21713,YOR307C YOR305W,0.0,NA,0.024244550615549088,2850,9327,21714,0,0.7247941931486235,0.23404779502340478,1.0,0.300473567217551,0.699526432782449
21714,YMR005W YLR238W,0.0,NA,0.024258246645331383,2850,9326,21715,0,0.7248236995072438,0.2340670170827858,1.0,0.30044135176057474,0.6995586482394253
21715,tR(ACG)K YDL197C,0.0,NA,0.024306578561663628,2850,9325,21716,0,0.7248532058658641,0.23408624229979466,1.0,0.30040913630359845,0.6995908636964016
21716,YBL055C tR(CCU)J,0.0,NA,0.024314969778060913,2850,9324,21717,0,0.7248827122244844,0.23410547067520945,1.0,0.3003769208466222,0.6996230791533777
21717,YPL045W YIR028W,0.0,NA,0.02432483620941639,2850,9323,21718,0,0.7249122185831046,0.2341247022098086,1.0,0.30034470538964597,0.699655294610354
21718,tQ(UUG)D1 tV(AAC)J,0.0,NA,0.024332962930202484,2850,9322,21719,0,0.7249417249417249,0.2341439369043707,1.0,0.3003124899326697,0.6996875100673303
21719,YKR087C YKR003W,0.0,NA,0.02433612197637558,2850,9321,21720,0,0.7249712313003452,0.23416317475967463,1.0,0.30028027447569344,0.6997197255243066
21720,YJL219W tR(ACG)O,0.0,NA,0.02435324713587761,2850,9320,21721,0,0.7250007376589656,0.2341824157764996,1.0,0.3002480590187172,0.6997519409812828
21721,YDR294C snR19,0.0,NA,0.024361496791243553,2850,9319,21722,0,0.7250302440175858,0.23420165995562495,1.0,0.3002158435617409,0.6997841564382591
21722,YDL143W YJL173C,0.0,NA,0.024386383593082428,2850,9318,21723,0,0.7250597503762061,0.23422090729783038,1.0,0.3001836281047647,0.6998163718952354
21723,tR(UCU)D YDL015C,0.0,NA,0.024386383593082428,2850,9317,21724,0,0.7250892567348264,0.2342401578038958,1.0,0.3001514126477884,0.6998485873522116
21724,YGR267C YGR065C,0.0,NA,0.024388758465647697,2850,9316,21725,0,0.7251187630934466,0.23425941147460136,1.0,0.30011919719081215,0.6998808028091879
21725,YLR109W tM(CAU)J1,0.0,NA,0.02439318224787712,2850,9315,21726,0,0.7251482694520669,0.2342786683107275,1.0,0.3000869817338359,0.6999130182661641
21726,tG(GCC)M YLR209C,0.0,NA,0.024401117116212845,2850,9314,21727,0,0.7251777758106872,0.2342979283130549,1.0,0.3000547662768596,0.6999452337231403
21727,tR(UCU)M1 YIL080W,0.0,NA,0.024426374584436417,2850,9313,21728,0,0.7252072821693075,0.23431719148236455,1.0,0.3000225508198834,0.6999774491801166
21728,YBR152W tH(GUG)K,0.0,NA,0.024434488266706467,2850,9312,21729,0,0.7252367885279277,0.2343364578194376,1.0,0.29999033536290715,0.7000096646370929
21729,YDL044C snR36,0.0,NA,0.024456152692437172,2850,9311,21730,0,0.725266294886548,0.2343557273250555,1.0,0.29995811990593085,0.7000418800940691
21730,YMR314W YGR105W,0.0,NA,0.024458302184939384,2850,9310,21731,0,0.7252958012451683,0.234375,1.0,0.2999259044489546,0.7000740955510454
21731,YGL106W YDR389W,0.0,NA,0.02447585016489029,2850,9309,21732,0,0.7253253076037887,0.23439427584505304,1.0,0.2998936889919783,0.7001063110080217
21732,YGL084C YDL081C,0.0,NA,0.02449464425444603,2850,9308,21733,0,0.7253548139624089,0.23441355486099688,1.0,0.2998614735350021,0.7001385264649979
21733,YDR500C YNR013C,0.0,NA,0.02450646087527275,2850,9307,21734,0,0.7253843203210292,0.23443283704861398,1.0,0.29982925807802585,0.7001707419219741
21734,YBR015C tS(UGA)P,0.0,NA,0.024532923474907875,2850,9306,21735,0,0.7254138266796495,0.23445212240868707,1.0,0.29979704262104956,0.7002029573789504
21735,YGL064C YMR311C,0.0,NA,0.024539176374673843,2850,9305,21736,0,0.7254433330382698,0.23447141094199916,1.0,0.2997648271640733,0.7002351728359266
21736,tS(UGA)E YFR037C,0.0,NA,0.024547122418880463,2850,9304,21737,0,0.72547283939689,0.23449070264933355,1.0,0.2997326117070971,0.7002673882929029
21737,tV(UAC)B YOR303W,0.0,NA,0.0245513916015625,2850,9303,21738,0,0.7255023457555103,0.23450999753147372,1.0,0.2997003962501208,0.7002996037498792
21738,YLL016W YPL270W,0.0,NA,0.02456551045179367,2850,9302,21739,0,0.7255318521141306,0.23452929558920343,1.0,0.29966818079314456,0.7003318192068555
21739,tQ(UUG)E2 YGL033W,0.0,NA,0.02457386441528797,2850,9301,21740,0,0.7255613584727508,0.23454859682330673,1.0,0.2996359653361683,0.7003640346638317
21740,YFR032C-A YOL110W,0.0,NA,0.024577591568231583,2850,9300,21741,0,0.7255908648313711,0.2345679012345679,1.0,0.299603749879192,0.700396250120808
21741,YLR286C YLR306W,0.0,NA,0.024579819291830063,2850,9299,21742,0,0.7256203711899915,0.23458720882377151,1.0,0.2995715344222158,0.7004284655777843
21742,YER074W-A YGL211W,0.0,NA,0.02458338811993599,2850,9298,21743,0,0.7256498775486118,0.23460651959170234,1.0,0.2995393189652395,0.7004606810347604
21743,YJL179W YOR213C,0.0,NA,0.024583959951996803,2850,9297,21744,0,0.725679383907232,0.23462583353914546,1.0,0.29950710350826326,0.7004928964917367
21744,YMR223W YDR419W,0.0,NA,0.024586739018559456,2850,9296,21745,0,0.7257088902658523,0.2346451506668862,1.0,0.299474888051287,0.700525111948713
21745,YNL280C YLR381W,0.0,NA,0.024586783722043037,2850,9295,21746,0,0.7257383966244726,0.23466447097571017,1.0,0.29944267259431073,0.7005573274056892
21746,YOR343W-A YLR019W,0.0,NA,0.02459307387471199,2850,9294,21747,0,0.7257679029830929,0.23468379446640317,1.0,0.2994104571373345,0.7005895428626655
21747,YHR042W YNR032W,0.0,NA,0.024593131616711617,2850,9293,21748,0,0.7257974093417131,0.2347031211397513,1.0,0.29937824168035826,0.7006217583196418
21748,YLR450W tH(GUG)K,0.0,NA,0.024604858830571175,2850,9292,21749,0,0.7258269157003334,0.23472245099654093,1.0,0.29934602622338197,0.700653973776618
21749,YDR212W YMR177W,0.0,NA,0.024618297815322876,2850,9291,21750,0,0.7258564220589537,0.2347417840375587,1.0,0.29931381076640573,0.7006861892335943
21750,YIL042C YJR013W,0.0,NA,0.024631479755043983,2850,9290,21751,0,0.7258859284175739,0.23476112026359144,1.0,0.29928159530942944,0.7007184046905706
21751,YGL201C YOL115W,0.0,NA,0.02464565448462963,2850,9289,21752,0,0.7259154347761942,0.23478045967542632,1.0,0.2992493798524532,0.7007506201475467
21752,YJL097W YKL192C,0.0,NA,0.024654792621731758,2850,9288,21753,0,0.7259449411348146,0.23479980227385072,1.0,0.29921716439547696,0.700782835604523
21753,YLR347C tG(GCC)D2,0.0,NA,0.02467098832130432,2850,9287,21754,0,0.7259744474934349,0.23481914805965232,1.0,0.29918494893850067,0.7008150510614993
21754,YKR038C YJR137C,0.0,NA,0.024688249453902245,2850,9286,21755,0,0.7260039538520551,0.23483849703361898,1.0,0.29915273348152444,0.7008472665184756
21755,YDR009W tE(UUC)P,0.0,NA,0.024704214185476303,2850,9285,21756,0,0.7260334602106754,0.23485784919653893,1.0,0.2991205180245482,0.7008794819754518
21756,YML052W YCR086W,0.0,NA,0.024707099422812462,2850,9284,21757,0,0.7260629665692957,0.23487720454920058,1.0,0.2990883025675719,0.7009116974324281
21757,YMR044W tS(AGA)D2,0.0,NA,0.024708764627575874,2850,9283,21758,0,0.726092472927916,0.23489656309239265,1.0,0.29905608711059567,0.7009439128894044
21758,YGL062W YDL019C,0.0,NA,0.02471170574426651,2850,9282,21759,0,0.7261219792865362,0.23491592482690404,1.0,0.29902387165361943,0.7009761283463806
21759,YFR010W YDR178W,0.0,NA,0.02471623569726944,2850,9281,21760,0,0.7261514856451565,0.23493528975352404,1.0,0.29899165619664314,0.7010083438033569
21760,YOR266W YCL044C,0.0,NA,0.024716729298233986,2850,9280,21761,0,0.7261809920037768,0.23495465787304204,1.0,0.2989594407396669,0.7010405592603332
21761,tR(UCU)M1 YFL008W,0.0,NA,0.024719925597310066,2850,9279,21762,0,0.7262104983623971,0.23497402918624782,1.0,0.2989272252826906,0.7010727747173093
21762,YNL149C YBR234C,0.0,NA,0.024722671136260033,2850,9278,21763,0,0.7262400047210174,0.2349934036939314,1.0,0.2988950098257144,0.7011049901742856
21763,YKL020C YDR168W,0.0,NA,0.02474336512386799,2850,9277,21764,0,0.7262695110796377,0.23501278139688297,1.0,0.29886279436873814,0.7011372056312619
21764,snR74 YOL110W,0.0,NA,0.024747690185904503,2850,9276,21765,0,0.726299017438258,0.23503216229589313,1.0,0.29883057891176185,0.7011694210882381
21765,YLR068W tR(UCU)B,0.0,NA,0.024760687723755836,2850,9275,21766,0,0.7263285237968782,0.23505154639175257,1.0,0.2987983634547856,0.7012016365452144
21766,YOR142W-B YMR046C,0.0,NA,0.02476624958217144,2850,9274,21767,0,0.7263580301554985,0.2350709336852524,1.0,0.2987661479978094,0.7012338520021907
21767,YDR397C YMR172W,0.0,NA,0.02478131838142872,2850,9273,21768,0,0.7263875365141188,0.23509032417718387,1.0,0.2987339325408331,0.7012660674591669
21768,YIL010W YDR180W,0.0,NA,0.024786412715911865,2850,9272,21769,0,0.7264170428727391,0.23510971786833856,1.0,0.29870171708385684,0.7012982829161432
21769,YKR014C YML106W,0.0,NA,0.024787748232483864,2850,9271,21770,0,0.7264465492313593,0.2351291147595083,1.0,0.29866950162688055,0.7013304983731194
21770,YML065W YNL135C,0.0,NA,0.0247887521982193,2850,9270,21771,0,0.7264760555899796,0.23514851485148514,1.0,0.2986372861699043,0.7013627138300956
21771,YDR083W YML066C,0.0,NA,0.024797998368740082,2850,9269,21772,0,0.7265055619485999,0.23516791814506147,1.0,0.2986050707129281,0.7013949292870719
21772,YLR390W-A YEL012W,0.0,NA,0.024822019040584564,2850,9268,21773,0,0.7265350683072203,0.23518732464102987,1.0,0.2985728552559518,0.7014271447440482
21773,snR53 YLR114C,0.0,NA,0.024854877963662148,2850,9267,21774,0,0.7265645746658405,0.23520673434018322,1.0,0.29854063979897555,0.7014593602010245
21774,YOR036W YDR315C,0.0,NA,0.02485775575041771,2850,9266,21775,0,0.7265940810244608,0.23522614724331461,1.0,0.2985084243419993,0.7014915756580007
21775,YNL149C YCR028C-A,0.0,NA,0.02486000955104828,2850,9265,21776,0,0.7266235873830811,0.2352455633512175,1.0,0.298476208885023,0.701523791114977
21776,YDR160W YDR334W,0.0,NA,0.024871826171875,2850,9264,21777,0,0.7266530937417013,0.23526498266468548,1.0,0.2984439934280468,0.7015560065719533
21777,YIL124W YNL313C,0.0,NA,0.024896875023841858,2850,9263,21778,0,0.7266826001003216,0.23528440518451252,1.0,0.29841177797107055,0.7015882220289295
21778,YJL031C YLR436C,0.0,NA,0.02490118332207203,2850,9262,21779,0,0.7267121064589419,0.23530383091149273,1.0,0.29837956251409425,0.7016204374859057
21779,YHR206W YBR129C,0.0,NA,0.02490300126373768,2850,9261,21780,0,0.7267416128175622,0.2353232598464206,1.0,0.298347347057118,0.701652652942882
21780,snR35 YLL058W,0.0,NA,0.024906566366553307,2850,9260,21781,0,0.7267711191761824,0.23534269199009084,1.0,0.2983151316001417,0.7016848683998582
21781,YDR369C YBR018C,0.0,NA,0.024909915402531624,2850,9259,21782,0,0.7268006255348027,0.23536212734329837,1.0,0.2982829161431655,0.7017170838568345
21782,YOR380W YLR210W,0.0,NA,0.024913795292377472,2850,9258,21783,0,0.726830131893423,0.23538156590683845,1.0,0.29825070068618925,0.7017492993138108
21783,YLR420W tE(UUC)M,0.0,NA,0.02493765763938427,2850,9257,21784,0,0.7268596382520434,0.23540100768150657,1.0,0.29821848522921296,0.701781514770787
21784,YCR027C YEL034W,0.0,NA,0.02493765763938427,2850,9256,21785,0,0.7268891446106636,0.23542045266809847,1.0,0.2981862697722367,0.7018137302277633
21785,tS(AGA)D1 snR19,0.0,NA,0.02494826726615429,2850,9255,21786,0,0.7269186509692839,0.23543990086741015,1.0,0.2981540543152605,0.7018459456847396
21786,YPL273W YJL042W,0.0,NA,0.02495170198380947,2850,9254,21787,0,0.7269481573279042,0.23545935228023793,1.0,0.2981218388582842,0.7018781611417158
21787,YKR085C YKL053C-A,0.0,NA,0.02495659701526165,2850,9253,21788,0,0.7269776636865245,0.23547880690737832,1.0,0.29808962340130796,0.701910376598692
21788,YFL002W-B YDR052C,0.0,NA,0.024969780817627907,2850,9252,21789,0,0.7270071700451447,0.23549826474962815,1.0,0.29805740794433166,0.7019425920556683
21789,YGL063W snR44,0.0,NA,0.024972371757030487,2850,9251,21790,0,0.727036676403765,0.2355177258077845,1.0,0.29802519248735543,0.7019748075126445
21790,YPL040C YPR010C,0.0,NA,0.024973496794700623,2850,9250,21791,0,0.7270661827623853,0.23553719008264462,1.0,0.2979929770303792,0.7020070229696208
21791,YOR103C tG(CCC)O,0.0,NA,0.024980129674077034,2850,9249,21792,0,0.7270956891210055,0.2355566575750062,1.0,0.2979607615734029,0.7020392384265971
21792,YGL135W YOL072W,0.0,NA,0.02498777024447918,2850,9248,21793,0,0.7271251954796258,0.23557612828566704,1.0,0.29792854611642666,0.7020714538835734
21793,YOR287C YER118C,0.0,NA,0.02501595765352249,2850,9247,21794,0,0.7271547018382462,0.2355956022154253,1.0,0.2978963306594504,0.7021036693405496
21794,YJL091C YCL034W,0.0,NA,0.025019461289048195,2850,9246,21795,0,0.7271842081968665,0.23561507936507936,1.0,0.29786411520247413,0.7021358847975259
21795,YNL264C YEL062W,0.0,NA,0.025022974237799644,2850,9245,21796,0,0.7272137145554867,0.23563455973542785,1.0,0.2978318997454979,0.7021681002545022
21796,YBR165W YMR112C,0.0,NA,0.025029418990015984,2850,9244,21797,0,0.727243220914107,0.23565404332726972,1.0,0.29779968428852166,0.7022003157114783
21797,YBR110W YJL095W,0.0,NA,0.025032710283994675,2850,9243,21798,0,0.7272727272727273,0.23567353014140413,1.0,0.29776746883154537,0.7022325311684546
21798,tS(AGA)J YLR131C,0.0,NA,0.0250336192548275,2850,9242,21799,0,0.7273022336313476,0.2356930201786305,1.0,0.29773525337456913,0.7022647466254309
21799,YDL127W YDL005C,0.0,NA,0.025045238435268402,2850,9241,21800,0,0.7273317399899678,0.23571251343974858,1.0,0.29770303791759284,0.7022969620824071
21800,YDR296W YKR085C,0.0,NA,0.02509436011314392,2850,9240,21801,0,0.7273612463485881,0.23573200992555832,1.0,0.2976708224606166,0.7023291775393834
21801,YLR210W YGL126W,0.0,NA,0.025108037516474724,2850,9239,21802,0,0.7273907527072084,0.23575150963685995,1.0,0.29763860700364037,0.7023613929963597
21802,YMR043W YNL154C,0.0,NA,0.025113733485341072,2850,9238,21803,0,0.7274202590658286,0.23577101257445401,1.0,0.2976063915466641,0.7023936084533359
21803,YBR132C tG(GCC)J2,0.0,NA,0.025116311386227608,2850,9237,21804,0,0.727449765424449,0.23579051873914122,1.0,0.29757417608968784,0.7024258239103122
21804,YML008C YER098W,0.0,NA,0.02511836774647236,2850,9236,21805,0,0.7274792717830693,0.23581002813172267,1.0,0.2975419606327116,0.7024580393672885
21805,YER013W YKR031C,0.0,NA,0.02512403205037117,2850,9235,21806,0,0.7275087781416896,0.23582954075299958,1.0,0.2975097451757353,0.7024902548242646
21806,YLR451W YBL040C,0.0,NA,0.0251275934278965,2850,9234,21807,0,0.7275382845003098,0.2358490566037736,1.0,0.29747752971875907,0.7025224702812409
21807,YKR014C YDR499W,0.0,NA,0.025129569694399834,2850,9233,21808,0,0.7275677908589301,0.23586857568484648,1.0,0.2974453142617828,0.7025546857382172
21808,tR(ACG)D YKL145W,0.0,NA,0.0251335296779871,2850,9232,21809,0,0.7275972972175504,0.23588809799702037,1.0,0.29741309880480654,0.7025869011951934
21809,tA(AGC)K1 YLR307W,0.0,NA,0.025153376162052155,2850,9231,21810,0,0.7276268035761707,0.2359076235410976,1.0,0.2973808833478303,0.7026191166521697
21810,YOL144W MAL23,0.0,NA,0.025155048817396164,2850,9230,21811,0,0.7276563099347909,0.2359271523178808,1.0,0.297348667890854,0.702651332109146
21811,YLR121C tG(GCC)O2,0.0,NA,0.025161806493997574,2850,9229,21812,0,0.7276858162934112,0.23594668432817287,1.0,0.2973164524338778,0.7026835475661223
21812,YMR292W YMR201C,0.0,NA,0.025179509073495865,2850,9228,21813,0,0.7277153226520315,0.23596621957277694,1.0,0.29728423697690154,0.7027157630230985
21813,YIL040W YJR153W,0.0,NA,0.02518850937485695,2850,9227,21814,0,0.7277448290106519,0.23598575805249647,1.0,0.29725202151992525,0.7027479784800748
21814,YCR040W YLR455W,0.0,NA,0.02518887259066105,2850,9226,21815,0,0.727774335369272,0.23600529976813514,1.0,0.297219806062949,0.702780193937051
21815,tS(AGA)J YDL185W,0.0,NA,0.025189800187945366,2850,9225,21816,0,0.7278038417278924,0.2360248447204969,1.0,0.2971875906059728,0.7028124093940272
21816,YDR356W YIL073C,0.0,NA,0.025220729410648346,2850,9224,21817,0,0.7278333480865127,0.23604439291038595,1.0,0.2971553751489965,0.7028446248510035
21817,YDR160W YLR417W,0.0,NA,0.025222089141607285,2850,9223,21818,0,0.7278628544451329,0.2360639443386068,1.0,0.29712315969202024,0.7028768403079798
21818,YBR001C tS(GCU)L,0.0,NA,0.025222711265087128,2850,9222,21819,0,0.7278923608037532,0.2360834990059642,1.0,0.29709094423504395,0.702909055764956
21819,YER132C YML066C,0.0,NA,0.025238271802663803,2850,9221,21820,0,0.7279218671623735,0.2361030569132632,1.0,0.2970587287780677,0.7029412712219323
21820,YIR006C YOL116W,0.0,NA,0.025251461192965508,2850,9220,21821,0,0.7279513735209938,0.23612261806130902,1.0,0.2970265133210915,0.7029734866789086
21821,MAL23 YDR497C,0.0,NA,0.025254759937524796,2850,9219,21822,0,0.727980879879614,0.2361421824509073,1.0,0.2969942978641152,0.7030057021358848
21822,YLR185W YDL081C,0.0,NA,0.025260793045163155,2850,9218,21823,0,0.7280103862382343,0.23616175008286378,1.0,0.29696208240713895,0.703037917592861
21823,YJL153C YIL037C,0.0,NA,0.025262238457798958,2850,9217,21824,0,0.7280398925968546,0.23618132095798458,1.0,0.2969298669501627,0.7030701330498373
21824,YGR252W YDR308C,0.0,NA,0.0252696480602026,2850,9216,21825,0,0.728069398955475,0.2362008950770761,1.0,0.2968976514931864,0.7031023485068135
21825,snR38 YJL109C,0.0,NA,0.0252696480602026,2850,9215,21826,0,0.7280989053140952,0.23622047244094488,1.0,0.2968654360362102,0.7031345639637898
21826,YOR237W YBR011C,0.0,NA,0.02527754195034504,2850,9214,21827,0,0.7281284116727155,0.23624005305039789,1.0,0.2968332205792339,0.7031667794207661
21827,YJR160C YDR469W,0.0,NA,0.025288399308919907,2850,9213,21828,0,0.7281579180313358,0.23625963690624222,1.0,0.29680100512225766,0.7031989948777423
21828,YGR177C snR79,0.0,NA,0.025288786739110947,2850,9212,21829,0,0.728187424389956,0.23627922400928536,1.0,0.2967687896652814,0.7032312103347186
21829,YHR047C YFR045W,0.0,NA,0.02529897913336754,2850,9211,21830,0,0.7282169307485763,0.23629881436033495,1.0,0.2967365742083051,0.7032634257916949
21830,Q0120 YJL052W,0.0,NA,0.025319775566458702,2850,9210,21831,0,0.7282464371071966,0.236318407960199,1.0,0.2967043587513289,0.7032956412486712
21831,snR35 YDR449C,0.0,NA,0.025322001427412033,2850,9209,21832,0,0.7282759434658169,0.23633800480968573,1.0,0.29667214329435265,0.7033278567056473
21832,YDR409W YBR207W,0.0,NA,0.025322001427412033,2850,9208,21833,0,0.7283054498244371,0.23635760490960359,1.0,0.29663992783737636,0.7033600721626236
21833,YDL106C YML064C,0.0,NA,0.025335490703582764,2850,9207,21834,0,0.7283349561830574,0.2363772082607614,1.0,0.2966077123804001,0.7033922876195999
21834,YCL052C snR46,0.0,NA,0.02533658593893051,2850,9206,21835,0,0.7283644625416777,0.23639681486396816,1.0,0.29657549692342383,0.7034245030765761
21835,YGL012W YIL016W,0.0,NA,0.02533809468150139,2850,9205,21836,0,0.7283939689002981,0.23641642472003319,1.0,0.2965432814664476,0.7034567185335524
21836,tS(AGA)J YLR373C,0.0,NA,0.025338636711239815,2850,9204,21837,0,0.7284234752589183,0.23643603782976605,1.0,0.29651106600947136,0.7034889339905287
21837,YOR143C YHR114W,0.0,NA,0.025340838357806206,2850,9203,21838,0,0.7284529816175386,0.2364556541939766,1.0,0.29647885055249507,0.7035211494475049
21838,YLR291C YMR310C,0.0,NA,0.025342322885990143,2850,9202,21839,0,0.7284824879761589,0.23647527381347494,1.0,0.29644663509551883,0.7035533649044812
21839,YIL126W YOL031C,0.0,NA,0.02534380555152893,2850,9201,21840,0,0.7285119943347791,0.23649489668907145,1.0,0.2964144196385426,0.7035855803614575
21840,YML099C YGL166W,0.0,NA,0.02535911090672016,2850,9200,21841,0,0.7285415006933994,0.23651452282157676,1.0,0.2963822041815663,0.7036177958184336
21841,tR(ACG)D YFL025C,0.0,NA,0.0253593809902668,2850,9199,21842,0,0.7285710070520197,0.2365341522118018,1.0,0.29634998872459006,0.7036500112754099
21842,YKL171W YMR271C,0.0,NA,0.02535984106361866,2850,9198,21843,0,0.72860051341064,0.23655378486055778,1.0,0.2963177732676138,0.7036822267323862
21843,YLL004W YGR224W,0.0,NA,0.025360524654388428,2850,9197,21844,0,0.7286300197692602,0.2365734207686561,1.0,0.29628555781063753,0.7037144421893624
21844,YAL047C YNL072W,0.0,NA,0.025365935638546944,2850,9196,21845,0,0.7286595261278805,0.23659305993690852,1.0,0.2962533423536613,0.7037466576463387
21845,YOR087W YGR204W,0.0,NA,0.025366300716996193,2850,9195,21846,0,0.7286890324865009,0.23661270236612703,1.0,0.296221126896685,0.703778873103315
21846,YPR042C YHR109W,0.0,NA,0.02537410520017147,2850,9194,21847,0,0.7287185388451212,0.23663234805712388,1.0,0.29618891143970877,0.7038110885602912
21847,YPR021C YPR023C,0.0,NA,0.025378340855240822,2850,9193,21848,0,0.7287480452037414,0.23665199701071163,1.0,0.29615669598273253,0.7038433040172675
21848,YMR226C YPR168W,0.0,NA,0.02538541704416275,2850,9192,21849,0,0.7287775515623617,0.23667164922770303,1.0,0.29612448052575624,0.7038755194742438
21849,YGR036C YKR020W,0.0,NA,0.025408219546079636,2850,9191,21850,0,0.728807057920982,0.23669130470891123,1.0,0.29609226506878,0.70390773493122
21850,Q0070 YOL025W,0.0,NA,0.02542169578373432,2850,9190,21851,0,0.7288365642796023,0.2367109634551495,1.0,0.29606004961180377,0.7039399503881962
21851,YGR154C YNL313C,0.0,NA,0.025428513064980507,2850,9189,21852,0,0.7288660706382225,0.2367306254672315,1.0,0.2960278341548275,0.7039721658451725
21852,YMR096W YDR411C,0.0,NA,0.02544531039893627,2850,9188,21853,0,0.7288955769968428,0.2367502907459711,1.0,0.29599561869785124,0.7040043813021488
21853,YPL270W YLR011W,0.0,NA,0.025446150451898575,2850,9187,21854,0,0.7289250833554631,0.23676995929218245,1.0,0.29596340324087494,0.704036596759125
21854,YMR309C YKR068C,0.0,NA,0.025446506217122078,2850,9186,21855,0,0.7289545897140833,0.23678963110667997,1.0,0.2959311877838987,0.7040688122161013
21855,YML125C YLR106C,0.0,NA,0.0254508089274168,2850,9185,21856,0,0.7289840960727036,0.23680930619027835,1.0,0.29589897232692247,0.7041010276730776
21856,YDR530C YLR227C,0.0,NA,0.025462578982114792,2850,9184,21857,0,0.729013602431324,0.2368289845437926,1.0,0.2958667568699462,0.7041332431300538
21857,YJL176C YGL234W,0.0,NA,0.025472451001405716,2850,9183,21858,0,0.7290431087899443,0.2368486661680379,1.0,0.29583454141296994,0.7041654585870301
21858,YKL119C YKR063C,0.0,NA,0.025498008355498314,2850,9182,21859,0,0.7290726151485645,0.23686835106382978,1.0,0.2958023259559937,0.7041976740440063
21859,YDL049C snR189,0.0,NA,0.02551301196217537,2850,9181,21860,0,0.7291021215071848,0.23688803923198404,1.0,0.2957701104990174,0.7042298895009825
21860,YBR081C YJL053W,0.0,NA,0.025529421865940094,2850,9180,21861,0,0.7291316278658051,0.23690773067331672,1.0,0.2957378950420412,0.7042621049579588
21861,YGL223C YMR054W,0.0,NA,0.025530124083161354,2850,9179,21862,0,0.7291611342244254,0.23692742538864411,1.0,0.29570567958506494,0.7042943204149351
21862,YMR093W snR9,0.0,NA,0.025549359619617462,2850,9178,21863,0,0.7291906405830456,0.23694712337878285,1.0,0.29567346412808865,0.7043265358719113
21863,YPL265W snR19,0.0,NA,0.025554608553647995,2850,9177,21864,0,0.7292201469416659,0.23696682464454977,1.0,0.2956412486711124,0.7043587513288876
21864,YPR107C tM(CAU)J3,0.0,NA,0.025562530383467674,2850,9176,21865,0,0.7292496533002862,0.23698652918676202,1.0,0.2956090332141361,0.7043909667858639
21865,YER161C YDR178W,0.0,NA,0.02556489408016205,2850,9175,21866,0,0.7292791596589064,0.23700623700623702,1.0,0.2955768177571599,0.7044231822428401
21866,YJR003C YDR486C,0.0,NA,0.025593191385269165,2850,9174,21867,0,0.7293086660175268,0.2370259481037924,1.0,0.29554460230018365,0.7044553976998164
21867,YNR023W tQ(UUG)D1,0.0,NA,0.025594227015972137,2850,9173,21868,0,0.7293381723761471,0.2370456624802462,1.0,0.29551238684320735,0.7044876131567926
21868,YMR307W YFR021W,0.0,NA,0.025604180991649628,2850,9172,21869,0,0.7293676787347674,0.23706538013641656,1.0,0.2954801713862311,0.7045198286137689
21869,YOR156C YNL330C,0.0,NA,0.025605585426092148,2850,9171,21870,0,0.7293971850933876,0.23708510107312203,1.0,0.2954479559292549,0.7045520440707451
21870,YDL190C YDL076C,0.0,NA,0.025613747537136078,2850,9170,21871,0,0.7294266914520079,0.23710482529118138,1.0,0.2954157404722786,0.7045842595277214
21871,snR62 YMR131C,0.0,NA,0.025616757571697235,2850,9169,21872,0,0.7294561978106282,0.2371245527914136,1.0,0.29538352501530235,0.7046164749846977
21872,YCR040W YMR220W,0.0,NA,0.025633463636040688,2850,9168,21873,0,0.7294857041692485,0.23714428357463804,1.0,0.29535130955832606,0.7046486904416739
21873,YGL119W YPL011C,0.0,NA,0.025637716054916382,2850,9167,21874,0,0.7295152105278687,0.2371640176416743,1.0,0.2953190941013498,0.7046809058986502
21874,YDR009W YHR172W,0.0,NA,0.025655755773186684,2850,9166,21875,0,0.729544716886489,0.2371837549933422,1.0,0.2952868786443736,0.7047131213556265
21875,YOR084W tG(GCC)J1,0.0,NA,0.02566644921898842,2850,9165,21876,0,0.7295742232451093,0.23720349563046192,1.0,0.2952546631873973,0.7047453368126027
21876,snR66 YDR059C,0.0,NA,0.025670241564512253,2850,9164,21877,0,0.7296037296037297,0.23722323955385383,1.0,0.29522244773042106,0.7047775522695789
21877,YHR188C YPR070W,0.0,NA,0.02567634917795658,2850,9163,21878,0,0.7296332359623499,0.23724298676433864,1.0,0.2951902322734448,0.7048097677265552
21878,YIL156W YJR051W,0.0,NA,0.025679856538772583,2850,9162,21879,0,0.7296627423209702,0.23726273726273725,1.0,0.2951580168164685,0.7048419831835314
21879,YFL022C YBR252W,0.0,NA,0.025683723390102386,2850,9161,21880,0,0.7296922486795905,0.23728249104987095,1.0,0.2951258013594923,0.7048741986405077
21880,YIR030C snR14,0.0,NA,0.025694308802485466,2850,9160,21881,0,0.7297217550382107,0.2373022481265612,1.0,0.29509358590251605,0.704906414097484
21881,YNL329C YDR287W,0.0,NA,0.025702176615595818,2850,9159,21882,0,0.729751261396831,0.23732200849362978,1.0,0.29506137044553976,0.7049386295544602
21882,YPL029W YGL095C,0.0,NA,0.02570411190390587,2850,9158,21883,0,0.7297807677554513,0.23734177215189872,1.0,0.2950291549885635,0.7049708450114365
21883,YML015C YDL028C,0.0,NA,0.025713607668876648,2850,9157,21884,0,0.7298102741140716,0.23736153910219038,1.0,0.29499693953158723,0.7050030604684128
21884,YCR012W YOR340C,0.0,NA,0.02571786940097809,2850,9156,21885,0,0.7298397804726918,0.23738130934532733,1.0,0.294964724074611,0.705035275925389
21885,YIR015W YDR055W,0.0,NA,0.02572566084563732,2850,9155,21886,0,0.7298692868313121,0.23740108288213244,1.0,0.29493250861763476,0.7050674913823652
21886,YIL053W YOR151C,0.0,NA,0.02576008066534996,2850,9154,21887,0,0.7298987931899324,0.23742085971342886,1.0,0.29490029316065847,0.7050997068393415
21887,YGL113W YLR033W,0.0,NA,0.025776587426662445,2850,9153,21888,0,0.7299282995485528,0.23744063984004,1.0,0.29486807770368223,0.7051319222963178
21888,YGR256W YCL050C,0.0,NA,0.025786804035305977,2850,9152,21889,0,0.729957805907173,0.23746042326278954,1.0,0.294835862246706,0.705164137753294
21889,YOR372C YBR016W,0.0,NA,0.025788696482777596,2850,9151,21890,0,0.7299873122657933,0.23748020998250147,1.0,0.2948036467897297,0.7051963532102703
21890,YLR299W YOL162W,0.0,NA,0.02580174431204796,2850,9150,21891,0,0.7300168186244136,0.2375,1.0,0.29477143133275346,0.7052285686672466
21891,YOR075W YHR135C,0.0,NA,0.025814393535256386,2850,9149,21892,0,0.7300463249830338,0.23751979331610967,1.0,0.29473921587577717,0.7052607841242228
21892,YGL139W YHR053C,0.0,NA,0.025815928354859352,2850,9148,21893,0,0.7300758313416541,0.23753958993165528,1.0,0.29470700041880094,0.7052929995811991
21893,YDR318W YGL168W,0.0,NA,0.025816095992922783,2850,9147,21894,0,0.7301053377002744,0.23755938984746186,1.0,0.2946747849618247,0.7053252150381754
21894,YGL064C YPR176C,0.0,NA,0.025819959118962288,2850,9146,21895,0,0.7301348440588947,0.2375791930643548,1.0,0.2946425695048484,0.7053574304951515
21895,YKR039W snR189,0.0,NA,0.02583439089357853,2850,9145,21896,0,0.7301643504175149,0.23759899958315964,1.0,0.29461035404787217,0.7053896459521278
21896,YMR123W YJL156C,0.0,NA,0.025834931060671806,2850,9144,21897,0,0.7301938567761352,0.23761880940470234,1.0,0.29457813859089593,0.7054218614091041
21897,YNL297C snR57,0.0,NA,0.02586871199309826,2850,9143,21898,0,0.7302233631347556,0.23763862252980905,1.0,0.29454592313391964,0.7054540768660803
21898,YDR306C YDL084W,0.0,NA,0.025876114144921303,2850,9142,21899,0,0.7302528694933759,0.23765843895930622,1.0,0.2945137076769434,0.7054862923230566
21899,YEL051W YJR147W,0.0,NA,0.025903159752488136,2850,9141,21900,0,0.7302823758519961,0.2376782586940205,1.0,0.29448149221996717,0.7055185077800329
21900,YKR095W-A YLR192C,0.0,NA,0.02592509239912033,2850,9140,21901,0,0.7303118822106164,0.237698081734779,1.0,0.2944492767629909,0.7055507232370091
21901,YLR319C YLR373C,0.0,NA,0.02594173699617386,2850,9139,21902,0,0.7303413885692367,0.23771790808240886,1.0,0.29441706130601464,0.7055829386939854
21902,YNL178W YAL009W,0.0,NA,0.025943122804164886,2850,9138,21903,0,0.730370894927857,0.23773773773773774,1.0,0.29438484584903835,0.7056151541509617
21903,YGR042W YDR499W,0.0,NA,0.025949859991669655,2850,9137,21904,0,0.7304004012864772,0.2377575707015934,1.0,0.2943526303920621,0.7056473696079378
21904,YNL026W YNL149C,0.0,NA,0.025953862816095352,2850,9136,21905,0,0.7304299076450975,0.23777740697480393,1.0,0.2943204149350859,0.7056795850649141
21905,snR14 YBR139W,0.0,NA,0.02595479041337967,2850,9135,21906,0,0.7304594140037178,0.23779724655819776,1.0,0.2942881994781096,0.7057118005218904
21906,YBR021W YOR138C,0.0,NA,0.025955475866794586,2850,9134,21907,0,0.730488920362338,0.23781708945260346,1.0,0.29425598402113334,0.7057440159788667
21907,YDR221W YJR091C,0.0,NA,0.025959467515349388,2850,9133,21908,0,0.7305184267209583,0.23783693565885003,1.0,0.2942237685641571,0.7057762314358429
21908,Q0275 YDL079C,0.0,NA,0.025962095707654953,2850,9132,21909,0,0.7305479330795787,0.23785678517776665,1.0,0.2941915531071808,0.7058084468928192
21909,YPR009W YLR354C,0.0,NA,0.025968126952648163,2850,9131,21910,0,0.730577439438199,0.2378766380101828,1.0,0.2941593376502046,0.7058406623497955
21910,YDR245W tT(CGU)K,0.0,NA,0.02597072906792164,2850,9130,21911,0,0.7306069457968192,0.2378964941569282,1.0,0.2941271221932283,0.7058728778067717
21911,YOL132W YPL047W,0.0,NA,0.025981202721595764,2850,9129,21912,0,0.7306364521554395,0.23791635361883295,1.0,0.29409490673625205,0.705905093263748
21912,YNL294C YIL010W,0.0,NA,0.025991931557655334,2850,9128,21913,0,0.7306659585140598,0.23793621639672732,1.0,0.2940626912792758,0.7059373087207242
21913,YDR260C YOR272W,0.0,NA,0.025994950905442238,2850,9127,21914,0,0.7306954648726801,0.23795608249144193,1.0,0.2940304758222995,0.7059695241777004
21914,YCR002C snR13,0.0,NA,0.02601003460586071,2850,9126,21915,0,0.7307249712313003,0.2379759519038076,1.0,0.2939982603653233,0.7060017396346767
21915,YDR314C YPL169C,0.0,NA,0.026017066091299057,2850,9125,21916,0,0.7307544775899206,0.23799582463465555,1.0,0.29396604490834705,0.706033955091653
21916,tG(GCC)C YKR097W,0.0,NA,0.02607286348938942,2850,9124,21917,0,0.7307839839485409,0.23801570068481712,1.0,0.29393382945137075,0.7060661705486292
21917,YLR385C YBL087C,0.0,NA,0.0260763019323349,2850,9123,21918,0,0.7308134903071611,0.23803558005512404,1.0,0.2939016139943945,0.7060983860056055
21918,YDR110W YLR305C,0.0,NA,0.02607715129852295,2850,9122,21919,0,0.7308429966657815,0.2380554627464083,1.0,0.2938693985374183,0.7061306014625818
21919,YLR299W YDR073W,0.0,NA,0.02609853260219097,2850,9121,21920,0,0.7308725030244018,0.23807534875950212,1.0,0.293837183080442,0.706162816919558
21920,YJL179W YLR417W,0.0,NA,0.026115773245692253,2850,9120,21921,0,0.7309020093830221,0.23809523809523808,1.0,0.29380496762346575,0.7061950323765342
21921,YPL243W tG(GCC)D2,0.0,NA,0.02611987292766571,2850,9119,21922,0,0.7309315157416423,0.23811513075444898,1.0,0.29377275216648946,0.7062272478335105
21922,YGR063C tG(CCC)O,0.0,NA,0.02613808400928974,2850,9118,21923,0,0.7309610221002626,0.2381350267379679,1.0,0.2937405367095132,0.7062594632904867
21923,YBR123C YMR311C,0.0,NA,0.026150552555918694,2850,9117,21924,0,0.7309905284588829,0.23815492604662822,1.0,0.293708321252537,0.706291678747463
21924,tR(UCU)M1 YIL156W,0.0,NA,0.026151707395911217,2850,9116,21925,0,0.7310200348175032,0.23817482868126358,1.0,0.2936761057955607,0.7063238942044393
21925,YIR033W YOR179C,0.0,NA,0.026152120903134346,2850,9115,21926,0,0.7310495411761234,0.2381947346427079,1.0,0.29364389033858446,0.7063561096614156
21926,MEL1 YLR320W,0.0,NA,0.026153042912483215,2850,9114,21927,0,0.7310790475347437,0.2382146439317954,1.0,0.2936116748816082,0.7063883251183918
21927,YLR455W tQ(UUG)E1,0.0,NA,0.02616080455482006,2850,9113,21928,0,0.731108553893364,0.23823455654936052,1.0,0.29357945942463193,0.7064205405753681
21928,YDR513W YFR025C,0.0,NA,0.026174280792474747,2850,9112,21929,0,0.7311380602519844,0.2382544724962381,1.0,0.2935472439676557,0.7064527560323444
21929,YBL021C YDR328C,0.0,NA,0.026188820600509644,2850,9111,21930,0,0.7311675666106046,0.2382743917732631,1.0,0.2935150285106794,0.7064849714893205
21930,YFR009W YPR088C,0.0,NA,0.02619008533656597,2850,9110,21931,0,0.7311970729692249,0.2382943143812709,1.0,0.29348281305370316,0.7065171869462968
21931,tE(CUC)D YAL021C,0.0,NA,0.026192018762230873,2850,9109,21932,0,0.7312265793278452,0.23831424032109708,1.0,0.2934505975967269,0.7065494024032731
21932,YER144C snR19,0.0,NA,0.026198064908385277,2850,9108,21933,0,0.7312560856864654,0.23833416959357753,1.0,0.29341838213975063,0.7065816178602493
21933,YKL182W YLR357W,0.0,NA,0.026213640347123146,2850,9107,21934,0,0.7312855920450857,0.2383541021995484,1.0,0.2933861666827744,0.7066138333172256
21934,YGL145W YGL004C,0.0,NA,0.026222381740808487,2850,9106,21935,0,0.731315098403706,0.2383740381398461,1.0,0.29335395122579816,0.7066460487742019
21935,YGL090W YGR232W,0.0,NA,0.02626832388341427,2850,9105,21936,0,0.7313446047623263,0.2383939774153074,1.0,0.29332173576882187,0.7066782642311781
21936,YLR165C tM(CAU)J1,0.0,NA,0.026288626715540886,2850,9104,21937,0,0.7313741111209465,0.23841392002676928,1.0,0.29328952031184563,0.7067104796881544
21937,tA(AGC)M1 YKR106W,0.0,NA,0.026291897520422935,2850,9103,21938,0,0.7314036174795668,0.23843386597506902,1.0,0.2932573048548694,0.7067426951451307
21938,tR(ACG)K YPR173C,0.0,NA,0.026295403018593788,2850,9102,21939,0,0.7314331238381871,0.23845381526104417,1.0,0.2932250893978931,0.7067749106021068
21939,YCR024C-A YHL001W,0.0,NA,0.026314623653888702,2850,9101,21940,0,0.7314626301968075,0.2384737678855326,1.0,0.29319287394091686,0.7068071260590831
21940,tA(AGC)P YHR161C,0.0,NA,0.026317300274968147,2850,9100,21941,0,0.7314921365554277,0.2384937238493724,1.0,0.2931606584839406,0.7068393415160594
21941,YML102W YHR135C,0.0,NA,0.026317616924643517,2850,9099,21942,0,0.731521642914048,0.23851368315340196,1.0,0.29312844302696434,0.7068715569730356
21942,snR6 YDL222C,0.0,NA,0.026323191821575165,2850,9098,21943,0,0.7315511492726683,0.23853364579845998,1.0,0.2930962275699881,0.7069037724300119
21943,YCR068W YDR379W,0.0,NA,0.02634398825466633,2850,9097,21944,0,0.7315806556312885,0.23855361178538545,1.0,0.2930640121130118,0.7069359878869882
21944,tN(GUU)K YDL147W,0.0,NA,0.02636691927909851,2850,9096,21945,0,0.7316101619899088,0.23857358111501759,1.0,0.29303179665603557,0.7069682033439645
21945,YDR464W YCL066W,0.0,NA,0.02637144736945629,2850,9095,21946,0,0.7316396683485291,0.2385935537881959,1.0,0.29299958119905933,0.7070004188009407
21946,YLR119W YGL037C,0.0,NA,0.0263772401958704,2850,9094,21947,0,0.7316691747071494,0.23861352980576023,1.0,0.29296736574208304,0.707032634257917
21947,YKL214C YCR084C,0.0,NA,0.02637864649295807,2850,9093,21948,0,0.7316986810657696,0.2386335091685506,1.0,0.2929351502851068,0.7070648497148933
21948,snR14 YIL029C,0.0,NA,0.026382066309452057,2850,9092,21949,0,0.7317281874243899,0.23865349187740748,1.0,0.2929029348281305,0.7070970651718694
21949,YJR035W YPL046C,0.0,NA,0.02639201283454895,2850,9091,21950,0,0.7317576937830103,0.23867347793317142,1.0,0.2928707193711543,0.7071292806288457
21950,YKR085C YMR012W,0.0,NA,0.02640165574848652,2850,9090,21951,0,0.7317872001416306,0.23869346733668342,1.0,0.29283850391417804,0.707161496085822
21951,YOR032C YMR208W,0.0,NA,0.026418698951601982,2850,9089,21952,0,0.7318167065002508,0.23871346008878466,1.0,0.29280628845720175,0.7071937115427982
21952,YMR083W YOL103W-A,0.0,NA,0.0264254342764616,2850,9088,21953,0,0.7318462128588711,0.23873345619031663,1.0,0.2927740730002255,0.7072259269997745
21953,YCL033C tQ(UUG)D3,0.0,NA,0.026431825011968613,2850,9087,21954,0,0.7318757192174914,0.23875345564212114,1.0,0.2927418575432493,0.7072581424567508
21954,YDL088C snR54,0.0,NA,0.026439545676112175,2850,9086,21955,0,0.7319052255761117,0.23877345844504022,1.0,0.292709642086273,0.707290357913727
21955,YIL030C YER132C,0.0,NA,0.026474645361304283,2850,9085,21956,0,0.7319347319347319,0.2387934645999162,1.0,0.29267742662929674,0.7073225733707033
21956,YFL041W YGL169W,0.0,NA,0.02647850476205349,2850,9084,21957,0,0.7319642382933522,0.23881347410759177,1.0,0.29264521117232045,0.7073547888276795
21957,YNL172W snR43,0.0,NA,0.02648479864001274,2850,9083,21958,0,0.7319937446519725,0.23883348696890974,1.0,0.2926129957153442,0.7073870042846557
21958,YGR241C YPL194W,0.0,NA,0.026506422087550163,2850,9082,21959,0,0.7320232510105927,0.23885350318471338,1.0,0.292580780258368,0.707419219741632
21959,YNL042W YGR075C,0.0,NA,0.026507319882512093,2850,9081,21960,0,0.732052757369213,0.2388735227558461,1.0,0.2925485648013917,0.7074514351986083
21960,YNL199C YDR345C,0.0,NA,0.026514075696468353,2850,9080,21961,0,0.7320822637278334,0.23889354568315171,1.0,0.29251634934441545,0.7074836506555845
21961,YOR054C YJR036C,0.0,NA,0.026514273136854172,2850,9079,21962,0,0.7321117700864537,0.23891357196747423,1.0,0.2924841338874392,0.7075158661125608
21962,YML076C YLR135W,0.0,NA,0.026514358818531036,2850,9078,21963,0,0.7321412764450739,0.23893360160965796,1.0,0.2924519184304629,0.7075480815695371
21963,YDR409W YLR447C,0.0,NA,0.02651621773838997,2850,9077,21964,0,0.7321707828036942,0.2389536346105475,1.0,0.2924197029734867,0.7075802970265134
21964,YHR089C YDL205C,0.0,NA,0.026532864198088646,2850,9076,21965,0,0.7322002891623145,0.23897367097098776,1.0,0.29238748751651045,0.7076125124834896
21965,YNL021W YNL175C,0.0,NA,0.026542792096734047,2850,9075,21966,0,0.7322297955209348,0.2389937106918239,1.0,0.29235527205953415,0.7076447279404658
21966,YIL088C YLR011W,0.0,NA,0.026553133502602577,2850,9074,21967,0,0.732259301879555,0.23901375377390138,1.0,0.2923230566025579,0.7076769433974421
21967,tH(GUG)K YOR126C,0.0,NA,0.026558298617601395,2850,9073,21968,0,0.7322888082381753,0.23903380021806592,1.0,0.2922908411455816,0.7077091588544183
21968,YOL163W YBR103W,0.0,NA,0.026571601629257202,2850,9072,21969,0,0.7323183145967956,0.23905385002516355,1.0,0.2922586256886054,0.7077413743113946
21969,YDR072C YDR180W,0.0,NA,0.026572860777378082,2850,9071,21970,0,0.7323478209554158,0.2390739031960406,1.0,0.29222641023162915,0.7077735897683709
21970,YPL024W tT(AGU)J,0.0,NA,0.026572909206151962,2850,9070,21971,0,0.7323773273140362,0.23909395973154363,1.0,0.29219419477465286,0.7078058052253471
21971,tR(ACG)O YLR386W,0.0,NA,0.02658303827047348,2850,9069,21972,0,0.7324068336726565,0.23911401963251952,1.0,0.2921619793176766,0.7078380206823234
21972,snR189 tH(GUG)K,0.0,NA,0.02658979967236519,2850,9068,21973,0,0.7324363400312768,0.23913408289981541,1.0,0.2921297638607004,0.7078702361392997
21973,YMR048W tT(CGU)K,0.0,NA,0.026591861620545387,2850,9067,21974,0,0.732465846389897,0.23915414953427877,1.0,0.2920975484037241,0.7079024515962759
21974,tL(GAG)G YGL194C,0.0,NA,0.026597565039992332,2850,9066,21975,0,0.7324953527485173,0.2391742195367573,1.0,0.29206533294674786,0.7079346670532521
21975,YBR102C YMR307W,0.0,NA,0.02659967541694641,2850,9065,21976,0,0.7325248591071376,0.23919429290809904,1.0,0.29203311748977157,0.7079668825102284
21976,YMR227C YLL056C,0.0,NA,0.02660730667412281,2850,9064,21977,0,0.7325543654657579,0.23921436964915227,1.0,0.29200090203279533,0.7079990979672046
21977,YHR112C YGR087C,0.0,NA,0.026607677340507507,2850,9063,21978,0,0.7325838718243781,0.23923444976076555,1.0,0.2919686865758191,0.7080313134241809
21978,YGL021W YPR158C-D,0.0,NA,0.02661115862429142,2850,9062,21979,0,0.7326133781829984,0.2392545332437878,1.0,0.2919364711188428,0.7080635288811572
21979,YPR040W tS(GCU)L,0.0,NA,0.026653656736016273,2850,9061,21980,0,0.7326428845416187,0.23927462009906808,1.0,0.29190425566186656,0.7080957443381334
21980,YGL087C YBL001C,0.0,NA,0.026676155626773834,2850,9060,21981,0,0.7326723909002391,0.23929471032745592,1.0,0.2918720402048903,0.7081279597951097
21981,YCL074W snR34,0.0,NA,0.026684651151299477,2850,9059,21982,0,0.7327018972588593,0.23931480392980098,1.0,0.29183982474791403,0.708160175252086
21982,snR6 YOR084W,0.0,NA,0.02670177072286606,2850,9058,21983,0,0.7327314036174796,0.2393349009069533,1.0,0.2918076092909378,0.7081923907090623
21983,snR189 YDR121W,0.0,NA,0.026713460683822632,2850,9057,21984,0,0.7327609099760999,0.23935500125976317,1.0,0.29177539383396156,0.7082246061660384
21984,YMR263W YLR115W,0.0,NA,0.02671588957309723,2850,9056,21985,0,0.7327904163347201,0.23937510498908113,1.0,0.29174317837698527,0.7082568216230147
21985,YKL043W YJL167W,0.0,NA,0.026728279888629913,2850,9055,21986,0,0.7328199226933404,0.2393952120957581,1.0,0.29171096292000903,0.708289037079991
21986,YLL056C YMR139W,0.0,NA,0.026767168194055557,2850,9054,21987,0,0.7328494290519607,0.23941532258064516,1.0,0.29167874746303274,0.7083212525369672
21987,snR17a snR13,0.0,NA,0.02676980383694172,2850,9053,21988,0,0.732878935410581,0.2394354364445938,1.0,0.2916465320060565,0.7083534679939435
21988,YDR261C-C YJR150C,0.0,NA,0.026782527565956116,2850,9052,21989,0,0.7329084417692012,0.23945555368845572,1.0,0.29161431654908027,0.7083856834509198
21989,YJR031C YGR285C,0.0,NA,0.02681521140038967,2850,9051,21990,0,0.7329379481278215,0.23947567431308295,1.0,0.291582101092104,0.708417898907896
21990,YHR103W YDR384C,0.0,NA,0.026819564402103424,2850,9050,21991,0,0.7329674544864418,0.23949579831932774,1.0,0.29154988563512774,0.7084501143648723
21991,YKL112W YDR285W,0.0,NA,0.026824232190847397,2850,9049,21992,0,0.7329969608450622,0.2395159257080427,1.0,0.2915176701781515,0.7084823298218486
21992,YNL074C YLR354C,0.0,NA,0.02684769406914711,2850,9048,21993,0,0.7330264672036824,0.2395360564800807,1.0,0.2914854547211752,0.7085145452788247
21993,YDR372C YNL190W,0.0,NA,0.026854971423745155,2850,9047,21994,0,0.7330559735623027,0.23955619063629485,1.0,0.29145323926419897,0.708546760735801
21994,YNL316C YER159C-A,0.0,NA,0.026876449584960938,2850,9046,21995,0,0.733085479920923,0.23957632817753866,1.0,0.2914210238072227,0.7085789761927773
21995,YLR466W YOR099W,0.0,NA,0.02688501961529255,2850,9045,21996,0,0.7331149862795432,0.23959646910466584,1.0,0.29138880835024644,0.7086111916497535
21996,YGR042W YPL194W,0.0,NA,0.026886966079473495,2850,9044,21997,0,0.7331444926381635,0.23961661341853036,1.0,0.2913565928932702,0.7086434071067298
21997,YBL016W snR58,0.0,NA,0.02690497599542141,2850,9043,21998,0,0.7331739989967838,0.23963676111998655,1.0,0.2913243774362939,0.7086756225637061
21998,YJL128C YML076C,0.0,NA,0.026907645165920258,2850,9042,21999,0,0.7332035053554041,0.239656912209889,1.0,0.2912921619793177,0.7087078380206823
21999,tG(CCC)D YOL109W,0.0,NA,0.02690850757062435,2850,9041,22000,0,0.7332330117140243,0.23967706668909258,1.0,0.29125994652234144,0.7087400534776586
22000,YDR023W tI(AAU)L1,0.0,NA,0.026922209188342094,2850,9040,22001,0,0.7332625180726446,0.2396972245584525,1.0,0.29122773106536515,0.7087722689346349
22001,YML019W YBL037W,0.0,NA,0.026931878179311752,2850,9039,22002,0,0.733292024431265,0.23971738581882412,1.0,0.2911955156083889,0.7088044843916111
22002,YOR123C YCL051W,0.0,NA,0.026951231062412262,2850,9038,22003,0,0.7333215307898853,0.23973755047106327,1.0,0.2911633001514127,0.7088366998485873
22003,snR14 YBR030W,0.0,NA,0.026952730491757393,2850,9037,22004,0,0.7333510371485055,0.2397577185160259,1.0,0.2911310846944364,0.7088689153055636
22004,YGL073W YPR036W,0.0,NA,0.026954470202326775,2850,9036,22005,0,0.7333805435071258,0.2397778899545684,1.0,0.29109886923746014,0.7089011307625399
22005,tS(AGA)J YBR280C,0.0,NA,0.026959648355841637,2850,9035,22006,0,0.7334100498657461,0.23979806478754734,1.0,0.29106665378048385,0.7089333462195161
22006,YGR094W YDR498C,0.0,NA,0.026969216763973236,2850,9034,22007,0,0.7334395562243663,0.23981824301581958,1.0,0.2910344383235076,0.7089655616764924
22007,YDR397C YDR055W,0.0,NA,0.026982298120856285,2850,9033,22008,0,0.7334690625829866,0.23983842464024235,1.0,0.2910022228665314,0.7089977771334687
22008,YNL062C YOL065C,0.0,NA,0.026989998295903206,2850,9032,22009,0,0.7334985689416069,0.2398586096616731,1.0,0.2909700074095551,0.7090299925904449
22009,YIL009W YNL219C,0.0,NA,0.026991652324795723,2850,9031,22010,0,0.7335280753002272,0.23987879808096962,1.0,0.29093779195257885,0.7090622080474211
22010,YER144C YDR166C,0.0,NA,0.026991887018084526,2850,9030,22011,0,0.7335575816588474,0.2398989898989899,1.0,0.2909055764956026,0.7090944235043974
22011,YBR126C YOR035C,0.0,NA,0.026998111978173256,2850,9029,22012,0,0.7335870880174677,0.2399191851165923,1.0,0.2908733610386263,0.7091266389613736
22012,YML097C YDR098C-A,0.0,NA,0.027017923071980476,2850,9028,22013,0,0.7336165943760881,0.23993938373463547,1.0,0.2908411455816501,0.7091588544183499
22013,YKL005C YDL047W,0.0,NA,0.027018839493393898,2850,9027,22014,0,0.7336461007347084,0.23995958575397827,1.0,0.2908089301246738,0.7091910698753262
22014,YDR517W YOR196C,0.0,NA,0.027026500552892685,2850,9026,22015,0,0.7336756070933286,0.23997979117547996,1.0,0.29077671466769756,0.7092232853323024
22015,YNL225C YHR041C,0.0,NA,0.027041198685765266,2850,9025,22016,0,0.7337051134519489,0.24,1.0,0.2907444992107213,0.7092555007892787
22016,YOR343W-A YAR035W,0.0,NA,0.027049468830227852,2850,9024,22017,0,0.7337346198105692,0.24002021222839817,1.0,0.290712283753745,0.709287716246255
22017,tA(AGC)P YOL091W,0.0,NA,0.027067041024565697,2850,9023,22018,0,0.7337641261691895,0.24004042786153457,1.0,0.2906800682967688,0.7093199317032313
22018,YBR236C YBR289W,0.0,NA,0.027077089995145798,2850,9022,22019,0,0.7337936325278097,0.24006064690026954,1.0,0.29064785283979255,0.7093521471602074
22019,YJL139C tR(CCU)J,0.0,NA,0.027082743123173714,2850,9021,22020,0,0.73382313888643,0.24008086934546374,1.0,0.29061563738281626,0.7093843626171837
22020,YKR085C YIL051C,0.0,NA,0.027085017412900925,2850,9020,22021,0,0.7338526452450503,0.2401010951979781,1.0,0.29058342192584,0.70941657807416
22021,YJL108C YOR371C,0.0,NA,0.027122285217046738,2850,9019,22022,0,0.7338821516036705,0.24012132445867385,1.0,0.2905512064688638,0.7094487935311362
22022,YIL159W YNL263C,0.0,NA,0.027127068489789963,2850,9018,22023,0,0.7339116579622909,0.24014155712841254,1.0,0.2905189910118875,0.7094810089881125
22023,YBL002W YKL216W,0.0,NA,0.027139956131577492,2850,9017,22024,0,0.7339411643209112,0.24016179320805595,1.0,0.29048677555491126,0.7095132244450888
22024,YLR410W-B YOL110W,0.0,NA,0.027144301682710648,2850,9016,22025,0,0.7339706706795315,0.24018203269846622,1.0,0.29045456009793497,0.709545439902065
22025,YHR020W YMR046C,0.0,NA,0.027144942432641983,2850,9015,22026,0,0.7340001770381517,0.2402022756005057,1.0,0.29042234464095873,0.7095776553590413
22026,YMR197C tG(GCC)O2,0.0,NA,0.027145296335220337,2850,9014,22027,0,0.734029683396772,0.2402225219150371,1.0,0.2903901291839825,0.7096098708160176
22027,tA(AGC)P YNL279W,0.0,NA,0.027167920023202896,2850,9013,22028,0,0.7340591897553923,0.24024277164292338,1.0,0.2903579137270062,0.7096420862729937
22028,YOR115C YPL023C,0.0,NA,0.02717558480799198,2850,9012,22029,0,0.7340886961140126,0.2402630247850278,1.0,0.29032569827002996,0.70967430172997
22029,YMR300C YBR021W,0.0,NA,0.027175823226571083,2850,9011,22030,0,0.7341182024726328,0.24028328134221397,1.0,0.2902934828130537,0.7097065171869463
22030,YER119C tA(AGC)D,0.0,NA,0.027186326682567596,2850,9010,22031,0,0.7341477088312531,0.2403035413153457,1.0,0.29026126735607743,0.7097387326439225
22031,YNL149C YPR125W,0.0,NA,0.02718983218073845,2850,9009,22032,0,0.7341772151898734,0.24032380470528714,1.0,0.2902290518991012,0.7097709481008988
22032,YKL054C YDR210W-B,0.0,NA,0.02719183824956417,2850,9008,22033,0,0.7342067215484936,0.24034407151290269,1.0,0.2901968364421249,0.7098031635578751
22033,YER044C YNL072W,0.0,NA,0.027193453162908554,2850,9007,22034,0,0.734236227907114,0.2403643417390571,1.0,0.29016462098514867,0.7098353790148513
22034,YIR017C YPR078C,0.0,NA,0.02720181830227375,2850,9006,22035,0,0.7342657342657343,0.2403846153846154,1.0,0.29013240552817243,0.7098675944718276
22035,YLR127C YOL001W,0.0,NA,0.02720506116747856,2850,9005,22036,0,0.7342952406243546,0.24040489245044286,1.0,0.29010019007119614,0.7098998099288039
22036,snR51 YDR305C,0.0,NA,0.02721412107348442,2850,9004,22037,0,0.7343247469829748,0.2404251729374051,1.0,0.2900679746142199,0.7099320253857802
22037,YKR085C YKL013C,0.0,NA,0.02722269669175148,2850,9003,22038,0,0.7343542533415951,0.240445456846368,1.0,0.29003575915724367,0.7099642408427563
22038,YFL056C YLR007W,0.0,NA,0.027228226885199547,2850,9002,22039,0,0.7343837597002154,0.24046574417819777,1.0,0.2900035437002674,0.7099964562997326
22039,YPL188W YHR013C,0.0,NA,0.027234025299549103,2850,9001,22040,0,0.7344132660588357,0.24048603493376086,1.0,0.28997132824329114,0.7100286717567089
22040,YOR008C-A YGL022W,0.0,NA,0.027242235839366913,2850,9000,22041,0,0.7344427724174559,0.24050632911392406,1.0,0.2899391127863149,0.7100608872136851
22041,YGR091W YHR193C,0.0,NA,0.02724331244826317,2850,8999,22042,0,0.7344722787760762,0.24052662671955438,1.0,0.2899068973293386,0.7100931026706614
22042,YJL201W tE(UUC)M,0.0,NA,0.027249479666352272,2850,8998,22043,0,0.7345017851346965,0.24054692775151926,1.0,0.28987468187236237,0.7101253181276377
22043,YOR359W YER087C-B,0.0,NA,0.027253497391939163,2850,8997,22044,0,0.7345312914933169,0.24056723221068624,1.0,0.2898424664153861,0.7101575335846139
22044,YAL012W YDR432W,0.0,NA,0.02728615701198578,2850,8996,22045,0,0.7345607978519371,0.24058754009792335,1.0,0.28981025095840984,0.7101897490415902
22045,snR38 YLR265C,0.0,NA,0.027292346581816673,2850,8995,22046,0,0.7345903042105574,0.24060785141409877,1.0,0.2897780355014336,0.7102219644985664
22046,MEL1 YBR070C,0.0,NA,0.027303816750645638,2850,8994,22047,0,0.7346198105691777,0.24062816616008106,1.0,0.2897458200444573,0.7102541799555426
22047,YHR158C YPR139C,0.0,NA,0.027304667979478836,2850,8993,22048,0,0.7346493169277979,0.240648484336739,1.0,0.2897136045874811,0.7102863954125189
22048,YHR124W snR34,0.0,NA,0.027313873171806335,2850,8992,22049,0,0.7346788232864182,0.24066880594494172,1.0,0.28968138913050484,0.7103186108694952
22049,YER099C tD(GUC)J1,0.0,NA,0.027315469458699226,2850,8991,22050,0,0.7347083296450385,0.24068913098555866,1.0,0.28964917367352855,0.7103508263264714
22050,YGL115W snR41,0.0,NA,0.02732541784644127,2850,8990,22051,0,0.7347378360036588,0.24070945945945946,1.0,0.2896169582165523,0.7103830417834477
22051,YPL257W-B YJR005W,0.0,NA,0.02733493782579899,2850,8989,22052,0,0.734767342362279,0.24072979136751416,1.0,0.289584742759576,0.710415257240424
22052,YLR166C tQ(UUG)C,0.0,NA,0.027337219566106796,2850,8988,22053,0,0.7347968487208993,0.240750126710593,1.0,0.2895525273025998,0.7104474726974002
22053,YMR318C YCR036W,0.0,NA,0.027358615770936012,2850,8987,22054,0,0.7348263550795197,0.24077046548956663,1.0,0.28952031184562355,0.7104796881543765
22054,YGL039W YGL093W,0.0,NA,0.02736213244497776,2850,8986,22055,0,0.73485586143814,0.24079080770530584,1.0,0.28948809638864725,0.7105119036113527
22055,YNL272C YHR129C,0.0,NA,0.02736719697713852,2850,8985,22056,0,0.7348853677967602,0.24081115335868186,1.0,0.289455880931671,0.710544119068329
22056,YGL115W YDR047W,0.0,NA,0.027367400005459785,2850,8984,22057,0,0.7349148741553805,0.24083150245056617,1.0,0.2894236654746948,0.7105763345253052
22057,tE(UUC)C YMR176W,0.0,NA,0.02736857905983925,2850,8983,22058,0,0.7349443805140008,0.24085185498183048,1.0,0.2893914500177185,0.7106085499822815
22058,YGL051W YGR197C,0.0,NA,0.02738453820347786,2850,8982,22059,0,0.734973886872621,0.24087221095334685,1.0,0.28935923456074225,0.7106407654392578
22059,YKL196C YGR161W-B,0.0,NA,0.027398766949772835,2850,8981,22060,0,0.7350033932312413,0.24089257036598766,1.0,0.289327019103766,0.710672980896234
22060,YLR286C YDR522C,0.0,NA,0.027429381385445595,2850,8980,22061,0,0.7350328995898616,0.24091293322062554,1.0,0.2892948036467897,0.7107051963532103
22061,snR17a YPL164C,0.0,NA,0.027444154024124146,2850,8979,22062,0,0.7350624059484819,0.24093329951813341,1.0,0.2892625881898135,0.7107374118101866
22062,YIR031C YLR192C,0.0,NA,0.027473416179418564,2850,8978,22063,0,0.7350919123071021,0.24095366925938452,1.0,0.2892303727328372,0.7107696272671628
22063,snR14 YFR036W,0.0,NA,0.02749248407781124,2850,8977,22064,0,0.7351214186657224,0.2409740424452524,1.0,0.28919815727586096,0.710801842724139
22064,YPL038W YNR075W,0.0,NA,0.027501180768013,2850,8976,22065,0,0.7351509250243428,0.24099441907661084,1.0,0.2891659418188847,0.7108340581811153
22065,YNL247W YJR094C,0.0,NA,0.027506714686751366,2850,8975,22066,0,0.7351804313829631,0.24101479915433405,1.0,0.2891337263619084,0.7108662736380915
22066,YOR208W YOR192C-B,0.0,NA,0.02751082368195057,2850,8974,22067,0,0.7352099377415833,0.24103518267929636,1.0,0.2891015109049322,0.7108984890950678
22067,YBR004C YIL106W,0.0,NA,0.027533693239092827,2850,8973,22068,0,0.7352394441002036,0.2410555696523725,1.0,0.28906929544795595,0.7109307045520441
22068,YPR158C-C YLR442C,0.0,NA,0.027542924508452415,2850,8972,22069,0,0.7352689504588239,0.2410759600744375,1.0,0.28903707999097966,0.7109629200090203
22069,YNL216W YPL267W,0.0,NA,0.02758241631090641,2850,8971,22070,0,0.7352984568174442,0.24109635394636664,1.0,0.2890048645340034,0.7109951354659966
22070,YGR077C YNL190W,0.0,NA,0.027605153620243073,2850,8970,22071,0,0.7353279631760644,0.24111675126903553,1.0,0.28897264907702713,0.7110273509229729
22071,YDL190C YNR064C,0.0,NA,0.02765023149549961,2850,8969,22072,0,0.7353574695346847,0.2411371520433201,1.0,0.2889404336200509,0.711059566379949
22072,YBL019W YKL126W,0.0,NA,0.027660898864269257,2850,8968,22073,0,0.735386975893305,0.24115755627009647,1.0,0.28890821816307466,0.7110917818369253
22073,YNR002C YPL171C,0.0,NA,0.027662284672260284,2850,8967,22074,0,0.7354164822519252,0.2411779639502412,1.0,0.28887600270609837,0.7111239972939016
22074,snR44 YML012W,0.0,NA,0.027677666395902634,2850,8966,22075,0,0.7354459886105456,0.24119837508463102,1.0,0.28884378724912213,0.7111562127508779
22075,YDR363W-A YOR346W,0.0,NA,0.027691490948200226,2850,8965,22076,0,0.7354754949691659,0.24121878967414304,1.0,0.2888115717921459,0.7111884282078541
22076,tI(AAU)L1 YBR188C,0.0,NA,0.027693428099155426,2850,8964,22077,0,0.7355050013277862,0.24123920771965465,1.0,0.2887793563351696,0.7112206436648304
22077,YOR132W YGR191W,0.0,NA,0.02769756317138672,2850,8963,22078,0,0.7355345076864064,0.2412596292220435,1.0,0.28874714087819336,0.7112528591218067
22078,YPR188C YGR180C,0.0,NA,0.027728142216801643,2850,8962,22079,0,0.7355640140450267,0.2412800541821876,1.0,0.2887149254212171,0.7112850745787829
22079,tA(AGC)K2 YIL120W,0.0,NA,0.027731692418456078,2850,8961,22080,0,0.735593520403647,0.2413004826009652,1.0,0.28868270996424084,0.7113172900357592
22080,YCR024C YNL054W-A,0.0,NA,0.027752449735999107,2850,8960,22081,0,0.7356230267622673,0.24132091447925486,1.0,0.2886504945072646,0.7113495054927355
22081,YDR196C YNL041C,0.0,NA,0.027796754613518715,2850,8959,22082,0,0.7356525331208875,0.24134134981793548,1.0,0.2886182790502883,0.7113817209497116
22082,snR57 YDL220C,0.0,NA,0.02780718356370926,2850,8958,22083,0,0.7356820394795078,0.24136178861788618,1.0,0.28858606359331207,0.7114139364066879
22083,YGL062W YLR157C,0.0,NA,0.027813566848635674,2850,8957,22084,0,0.7357115458381281,0.24138223087998645,1.0,0.28855384813633583,0.7114461518636642
22084,YCL064C YDR057W,0.0,NA,0.0278150737285614,2850,8956,22085,0,0.7357410521967483,0.24140267660511605,1.0,0.28852163267935954,0.7114783673206404
22085,YIL014W YBR289W,0.0,NA,0.027829455211758614,2850,8955,22086,0,0.7357705585553687,0.241423125794155,1.0,0.2884894172223833,0.7115105827776167
22086,YMR173W tQ(CUG)M,0.0,NA,0.027859503403306007,2850,8954,22087,0,0.735800064913989,0.24144357844798373,1.0,0.28845720176540707,0.711542798234593
22087,YOR202W YLR082C,0.0,NA,0.027881570160388947,2850,8953,22088,0,0.7358295712726093,0.24146403456748283,1.0,0.2884249863084308,0.7115750136915692
22088,YHR181W YLR009W,0.0,NA,0.027881762012839317,2850,8952,22089,0,0.7358590776312295,0.2414844941535333,1.0,0.28839277085145454,0.7116072291485455
22089,YPL257W-B YLR186W,0.0,NA,0.027882151305675507,2850,8951,22090,0,0.7358885839898498,0.24150495720701634,1.0,0.28836055539447825,0.7116394446055218
22090,snR65 YDR226W,0.0,NA,0.027892570942640305,2850,8950,22091,0,0.7359180903484701,0.24152542372881355,1.0,0.288328339937502,0.7116716600624979
22091,YIL005W YER072W,0.0,NA,0.02790054678916931,2850,8949,22092,0,0.7359475967070904,0.24154589371980675,1.0,0.2882961244805258,0.7117038755194742
22092,YDR131C YKL029C,0.0,NA,0.02791382186114788,2850,8948,22093,0,0.7359771030657106,0.24156636718087812,1.0,0.2882639090235495,0.7117360909764505
22093,YDR294C YKL210W,0.0,NA,0.027913911268115044,2850,8947,22094,0,0.7360066094243309,0.24158684411291007,1.0,0.28823169356657324,0.7117683064334268
22094,YKR085C YJL112W,0.0,NA,0.027958519756793976,2850,8946,22095,0,0.7360361157829513,0.24160732451678535,1.0,0.288199478109597,0.711800521890403
22095,YLR098C YGL075C,0.0,NA,0.027964675799012184,2850,8945,22096,0,0.7360656221415716,0.24162780839338702,1.0,0.2881672626526207,0.7118327373473793
22096,YMR268C YNR034W,0.0,NA,0.027977434918284416,2850,8944,22097,0,0.7360951285001918,0.24164829574359845,1.0,0.2881350471956445,0.7118649528043556
22097,YOR037W YKR085C,0.0,NA,0.02797864004969597,2850,8943,22098,0,0.7361246348588121,0.24166878656830323,1.0,0.2881028317386682,0.7118971682613318
22098,YGR234W YHR171W,0.0,NA,0.028004731982946396,2850,8942,22099,0,0.7361541412174324,0.24168928086838534,1.0,0.28807061628169195,0.711929383718308
22099,YOR008C-A YDR508C,0.0,NA,0.028023649007081985,2850,8941,22100,0,0.7361836475760526,0.24170977864472903,1.0,0.2880384008247157,0.7119615991752843
22100,YGL091C YIL115C,0.0,NA,0.028029179200530052,2850,8940,22101,0,0.7362131539346729,0.24173027989821882,1.0,0.2880061853677394,0.7119938146322605
22101,YLR066W snR36,0.0,NA,0.02804616466164589,2850,8939,22102,0,0.7362426602932932,0.2417507846297396,1.0,0.2879739699107632,0.7120260300892368
22102,snR52 YCL051W,0.0,NA,0.028046749532222748,2850,8938,22103,0,0.7362721666519135,0.24177129284017645,1.0,0.28794175445378695,0.7120582455462131
22103,YJL174W tG(GCC)P2,0.0,NA,0.028065968304872513,2850,8937,22104,0,0.7363016730105337,0.24179180453041485,1.0,0.28790953899681065,0.7120904610031893
22104,YAL014C YNL262W,0.0,NA,0.02807886153459549,2850,8936,22105,0,0.736331179369154,0.24181231970134057,1.0,0.2878773235398344,0.7121226764601656
22105,YBR164C YML036W,0.0,NA,0.028095418587327003,2850,8935,22106,0,0.7363606857277744,0.24183283835383962,1.0,0.2878451080828582,0.7121548919171419
22106,YLR380W YLR214W,0.0,NA,0.028097448870539665,2850,8934,22107,0,0.7363901920863947,0.24185336048879838,1.0,0.2878128926258819,0.7121871073741181
22107,YCR063W tR(UCU)M2,0.0,NA,0.028122318908572197,2850,8933,22108,0,0.7364196984450149,0.24187388610710345,1.0,0.28778067716890565,0.7122193228310943
22108,snR39 YGL163C,0.0,NA,0.02812317945063114,2850,8932,22109,0,0.7364492048036352,0.24189441520964183,1.0,0.28774846171192936,0.7122515382880706
22109,YER089C YJR019C,0.0,NA,0.028125787153840065,2850,8931,22110,0,0.7364787111622555,0.24191494779730074,1.0,0.2877162462549531,0.7122837537450468
22110,YCR008W tQ(CUG)M,0.0,NA,0.02815263532102108,2850,8930,22111,0,0.7365082175208757,0.24193548387096775,1.0,0.2876840307979769,0.7123159692020231
22111,tA(AGC)D YGR240C,0.0,NA,0.028157411143183708,2850,8929,22112,0,0.736537723879496,0.2419560234315307,1.0,0.2876518153410006,0.7123481846589994
22112,snR189 YPR005C,0.0,NA,0.028191056102514267,2850,8928,22113,0,0.7365672302381163,0.24197656647987772,1.0,0.28761959988402436,0.7123804001159757
22113,YJL085W YBR165W,0.0,NA,0.02819378674030304,2850,8927,22114,0,0.7365967365967366,0.24199711301689733,1.0,0.2875873844270481,0.7124126155729519
22114,YLR410W-B YGL075C,0.0,NA,0.028209012001752853,2850,8926,22115,0,0.7366262429553568,0.24201766304347827,1.0,0.28755516897007183,0.7124448310299282
22115,YDR397C YLR221C,0.0,NA,0.028215652331709862,2850,8925,22116,0,0.7366557493139771,0.24203821656050956,1.0,0.2875229535130956,0.7124770464869045
22116,tC(GCA)P1 YMR318C,0.0,NA,0.02822345867753029,2850,8924,22117,0,0.7366852556725975,0.2420587735688806,1.0,0.2874907380561193,0.7125092619438806
22117,YLR085C YDR406W,0.0,NA,0.028224831447005272,2850,8923,22118,0,0.7367147620312178,0.242079334069481,1.0,0.28745852259914306,0.7125414774008569
22118,YKL080W YFL001W,0.0,NA,0.028237182646989822,2850,8922,22119,0,0.736744268389838,0.2420998980632008,1.0,0.2874263071421668,0.7125736928578332
22119,YBR126C YNL016W,0.0,NA,0.028241867199540138,2850,8921,22120,0,0.7367737747484583,0.24212046555093025,1.0,0.28739409168519053,0.7126059083148094
22120,YLR066W YIL116W,0.0,NA,0.02826198749244213,2850,8920,22121,0,0.7368032811070786,0.2421410365335599,1.0,0.2873618762282143,0.7126381237717857
22121,YLR398C YGL033W,0.0,NA,0.02826329693198204,2850,8919,22122,0,0.7368327874656989,0.24216161101198064,1.0,0.28732966077123806,0.712670339228762
22122,YEL054C YJR106W,0.0,NA,0.02827056683599949,2850,8918,22123,0,0.7368622938243191,0.24218218898708363,1.0,0.28729744531426177,0.7127025546857382
22123,YNL037C YAL041W,0.0,NA,0.028305796906352043,2850,8917,22124,0,0.7368918001829394,0.24220277045976035,1.0,0.28726522985728553,0.7127347701427145
22124,YKR034W YMR014W,0.0,NA,0.028363941237330437,2850,8916,22125,0,0.7369213065415597,0.2422233554309026,1.0,0.2872330144003093,0.7127669855996908
22125,YJL010C YGR277C,0.0,NA,0.028370041400194168,2850,8915,22126,0,0.7369508129001799,0.24224394390140247,1.0,0.287200798943333,0.7127992010566669
22126,YAL031C YGL071W,0.0,NA,0.028371239081025124,2850,8914,22127,0,0.7369803192588003,0.24226453587215233,1.0,0.28716858348635677,0.7128314165136432
22127,YDR422C YLR438C-A,0.0,NA,0.028383780270814896,2850,8913,22128,0,0.7370098256174206,0.2422851313440449,1.0,0.2871363680293805,0.7128636319706195
22128,YBL009W YBR081C,0.0,NA,0.028391605243086815,2850,8912,22129,0,0.7370393319760409,0.24230573031797314,1.0,0.28710415257240424,0.7128958474275957
22129,YMR162C snR3,0.0,NA,0.028394445776939392,2850,8911,22130,0,0.7370688383346611,0.24232633279483037,1.0,0.287071937115428,0.712928062884572
22130,YJL074C YDR178W,0.0,NA,0.028394486755132675,2850,8910,22131,0,0.7370983446932814,0.2423469387755102,1.0,0.2870397216584517,0.7129602783415483
22131,YML035C YNL158W,0.0,NA,0.028406694531440735,2850,8909,22132,0,0.7371278510519017,0.24236754826090653,1.0,0.28700750620147547,0.7129924937985246
22132,YHR197W YGL232W,0.0,NA,0.028413238003849983,2850,8908,22133,0,0.737157357410522,0.2423881612519136,1.0,0.28697529074449923,0.7130247092555008
22133,YFL049W YOR004W,0.0,NA,0.02842491865158081,2850,8907,22134,0,0.7371868637691422,0.24240877774942587,1.0,0.28694307528752294,0.7130569247124771
22134,YLR009W YOR210W,0.0,NA,0.028426077216863632,2850,8906,22135,0,0.7372163701277625,0.24242939775433822,1.0,0.2869108598305467,0.7130891401694534
22135,YOR356W YGL170C,0.0,NA,0.02842835523188114,2850,8905,22136,0,0.7372458764863828,0.24245002126754572,1.0,0.2868786443735704,0.7131213556264295
22136,YOL086C YOR321W,0.0,NA,0.02843198925256729,2850,8904,22137,0,0.737275382845003,0.24247064828994386,1.0,0.2868464289165942,0.7131535710834058
22137,YER064C YBR050C,0.0,NA,0.028440065681934357,2850,8903,22138,0,0.7373048892036234,0.24249127882242832,1.0,0.28681421345961794,0.7131857865403821
22138,tS(UGA)E YHR044C,0.0,NA,0.028443120419979095,2850,8902,22139,0,0.7373343955622437,0.24251191286589516,1.0,0.28678199800264165,0.7132180019973583
22139,YGL062W tD(GUC)J1,0.0,NA,0.028443660587072372,2850,8901,22140,0,0.737363901920864,0.24253255042124075,1.0,0.2867497825456654,0.7132502174543346
22140,YOR357C YJR125C,0.0,NA,0.02844432182610035,2850,8900,22141,0,0.7373934082794842,0.2425531914893617,1.0,0.2867175670886892,0.7132824329113109
22141,YKR014C YFR051C,0.0,NA,0.0284714512526989,2850,8899,22142,0,0.7374229146381045,0.24257383607115499,1.0,0.2866853516317129,0.7133146483682871
22142,snR8 YKL088W,0.0,NA,0.02847849763929844,2850,8898,22143,0,0.7374524209967248,0.2425944841675179,1.0,0.28665313617473664,0.7133468638252634
22143,YAL058W tR(ACG)D,0.0,NA,0.028497090563178062,2850,8897,22144,0,0.7374819273553451,0.24261513577934793,1.0,0.2866209207177604,0.7133790792822396
22144,YNL135C YHR106W,0.0,NA,0.028500353917479515,2850,8896,22145,0,0.7375114337139653,0.242635790907543,1.0,0.2865887052607841,0.7134112947392158
22145,YJL100W YBR252W,0.0,NA,0.028502386063337326,2850,8895,22146,0,0.7375409400725856,0.24265644955300128,1.0,0.2865564898038079,0.7134435101961921
22146,tS(AGA)J YNL201C,0.0,NA,0.028504958376288414,2850,8894,22147,0,0.737570446431206,0.24267711171662126,1.0,0.2865242743468316,0.7134757256531684
22147,YGL018C YMR016C,0.0,NA,0.028514917939901352,2850,8893,22148,0,0.7375999527898262,0.2426977773993017,1.0,0.28649205888985535,0.7135079411101446
22148,YEL017C-A YOR243C,0.0,NA,0.028522606939077377,2850,8892,22149,0,0.7376294591484465,0.24271844660194175,1.0,0.2864598434328791,0.7135401565671209
22149,YLR384C YPR088C,0.0,NA,0.028551742434501648,2850,8891,22150,0,0.7376589655070668,0.24273911932544076,1.0,0.2864276279759028,0.7135723720240972
22150,YDL033C snR54,0.0,NA,0.028551848605275154,2850,8890,22151,0,0.7376884718656871,0.24275979557069846,1.0,0.2863954125189266,0.7136045874810735
22151,YGR108W YKR097W,0.0,NA,0.028552351519465446,2850,8889,22152,0,0.7377179782243073,0.24278047533861488,1.0,0.28636319706195035,0.7136368029380497
22152,YPL076W snR39B,0.0,NA,0.028598135337233543,2850,8888,22153,0,0.7377474845829276,0.2428011586300903,1.0,0.28633098160497406,0.713669018395026
22153,YPL192C YJR094W-A,0.0,NA,0.028601353988051414,2850,8887,22154,0,0.7377769909415479,0.2428218454460254,1.0,0.2862987661479978,0.7137012338520022
22154,YPL018W tV(AAC)J,0.0,NA,0.028602546080946922,2850,8886,22155,0,0.7378064973001682,0.24284253578732107,1.0,0.2862665506910215,0.7137334493089784
22155,YJR127C YOL018C,0.0,NA,0.02860294282436371,2850,8885,22156,0,0.7378360036587884,0.24286322965487858,1.0,0.2862343352340453,0.7137656647659547
22156,YKR002W YJR137C,0.0,NA,0.028606627136468887,2850,8884,22157,0,0.7378655100174087,0.24288392704959946,1.0,0.28620211977706905,0.713797880222931
22157,YOL049W snR46,0.0,NA,0.028626084327697754,2850,8883,22158,0,0.7378950163760291,0.24290462797238557,1.0,0.28616990432009276,0.7138300956799072
22158,YKL041W YLR430W,0.0,NA,0.028638022020459175,2850,8882,22159,0,0.7379245227346494,0.2429253324241391,1.0,0.2861376888631165,0.7138623111368835
22159,YDL141W YKR095W-A,0.0,NA,0.02864273078739643,2850,8881,22160,0,0.7379540290932696,0.2429460404057625,1.0,0.2861054734061403,0.7138945265938598
22160,YBL009W YAR007C,0.0,NA,0.028677577152848244,2850,8880,22161,0,0.7379835354518899,0.24296675191815856,1.0,0.286073257949164,0.713926742050836
22161,YBR223C snR34,0.0,NA,0.028679076582193375,2850,8879,22162,0,0.7380130418105102,0.24298746696223036,1.0,0.28604104249218776,0.7139589575078122
22162,YKL043W YOR008C-A,0.0,NA,0.028681574389338493,2850,8878,22163,0,0.7380425481691304,0.24300818553888132,1.0,0.2860088270352115,0.7139911729647885
22163,YHL043W YOR371C,0.0,NA,0.02869124710559845,2850,8877,22164,0,0.7380720545277507,0.24302890764901508,1.0,0.28597661157823523,0.7140233884217647
22164,YNL183C YMR288W,0.0,NA,0.028702983632683754,2850,8876,22165,0,0.738101560886371,0.24304963329353574,1.0,0.285944396121259,0.714055603878741
22165,YGR258C snR74,0.0,NA,0.028703102841973305,2850,8875,22166,0,0.7381310672449913,0.24307036247334754,1.0,0.2859121806642827,0.7140878193357173
22166,YLR071C YDR127W,0.0,NA,0.02873152680695057,2850,8874,22167,0,0.7381605736036115,0.24309109518935518,1.0,0.28587996520730646,0.7141200347926935
22167,YLR390W-A YDL039C,0.0,NA,0.028737075626850128,2850,8873,22168,0,0.7381900799622318,0.24311183144246354,1.0,0.2858477497503302,0.7141522502496698
22168,snR42 YMR313C,0.0,NA,0.028765754774212837,2850,8872,22169,0,0.7382195863208522,0.2431325712335779,1.0,0.28581553429335393,0.7141844657066461
22169,YGL008C YEL053C,0.0,NA,0.028770392760634422,2850,8871,22170,0,0.7382490926794725,0.24315331456360378,1.0,0.2857833188363777,0.7142166811636224
22170,YLR176C YOR021C,0.0,NA,0.028787612915039062,2850,8870,22171,0,0.7382785990380927,0.2431740614334471,1.0,0.28575110337940146,0.7142488966205985
22171,YDL063C YPL192C,0.0,NA,0.028809579089283943,2850,8869,22172,0,0.738308105396713,0.24319481184401398,1.0,0.28571888792242517,0.7142811120775748
22172,YNL214W YDR376W,0.0,NA,0.028846917673945427,2850,8868,22173,0,0.7383376117553333,0.24321556579621095,1.0,0.28568667246544893,0.7143133275345511
22173,YGL026C YOR078W,0.0,NA,0.028854722157120705,2850,8867,22174,0,0.7383671181139535,0.24323632329094477,1.0,0.28565445700847264,0.7143455429915273
22174,YLR449W YPL096C-A,0.0,NA,0.028873473405838013,2850,8866,22175,0,0.7383966244725738,0.24325708432912257,1.0,0.2856222415514964,0.7143777584485036
22175,YBL032W YOL002C,0.0,NA,0.028875146061182022,2850,8865,22176,0,0.7384261308311941,0.24327784891165172,1.0,0.28559002609452017,0.7144099739054799
22176,YNL094W YPL138C,0.0,NA,0.028878848999738693,2850,8864,22177,0,0.7384556371898144,0.24329861703943997,1.0,0.2855578106375439,0.7144421893624561
22177,YGR179C tA(AGC)M2,0.0,NA,0.028887463733553886,2850,8863,22178,0,0.7384851435484346,0.24331938871339537,1.0,0.28552559518056764,0.7144744048194324
22178,YJL052W YMR177W,0.0,NA,0.02888813242316246,2850,8862,22179,0,0.738514649907055,0.24334016393442623,1.0,0.2854933797235914,0.7145066202764087
22179,YMR173W YFR045W,0.0,NA,0.02889096923172474,2850,8861,22180,0,0.7385441562656753,0.24336094270344122,1.0,0.2854611642666151,0.7145388357333848
22180,YER064C YMR097C,0.0,NA,0.028898339718580246,2850,8860,22181,0,0.7385736626242956,0.24338172502134928,1.0,0.28542894880963887,0.7145710511903611
22181,YPL204W YDR212W,0.0,NA,0.02889949269592762,2850,8859,22182,0,0.7386031689829158,0.2434025108890597,1.0,0.28539673335266263,0.7146032666473374
22182,snR38 YOR303W,0.0,NA,0.028913838788866997,2850,8858,22183,0,0.7386326753415361,0.24342330030748208,1.0,0.28536451789568634,0.7146354821043136
22183,YDL134C YHR053C,0.0,NA,0.028915593400597572,2850,8857,22184,0,0.7386621817001564,0.24344409327752628,1.0,0.2853323024387101,0.7146676975612899
22184,snR189 YOR075W,0.0,NA,0.028935832902789116,2850,8856,22185,0,0.7386916880587767,0.2434648898001025,1.0,0.2853000869817338,0.7146999130182662
22185,snR17a YGR178C,0.0,NA,0.028938164934515953,2850,8855,22186,0,0.7387211944173969,0.24348568987612132,1.0,0.2852678715247576,0.7147321284752424
22186,tQ(UUG)E2 YLR245C,0.0,NA,0.02894466370344162,2850,8854,22187,0,0.7387507007760172,0.2435064935064935,1.0,0.28523565606778134,0.7147643439322187
22187,snR38 YBR018C,0.0,NA,0.0289449580013752,2850,8853,22188,0,0.7387802071346375,0.24352730069213022,1.0,0.28520344061080505,0.714796559389195
22188,YAL047C YOR243C,0.0,NA,0.02896498702466488,2850,8852,22189,0,0.7388097134932577,0.24354811143394292,1.0,0.2851712251538288,0.7148287748461712
22189,YLR234W YML049C,0.0,NA,0.02897084876894951,2850,8851,22190,0,0.7388392198518781,0.24356892573284333,1.0,0.2851390096968526,0.7148609903031474
22190,YDR436W tP(AGG)N,0.0,NA,0.02898475155234337,2850,8850,22191,0,0.7388687262104984,0.24358974358974358,1.0,0.2851067942398763,0.7148932057601237
22191,YGR109W-A YMR096W,0.0,NA,0.02899182215332985,2850,8849,22192,0,0.7388982325691187,0.24361056500555603,1.0,0.28507457878290005,0.7149254212171
22192,YPL160W YGR104C,0.0,NA,0.02901536412537098,2850,8848,22193,0,0.7389277389277389,0.24363138998119335,1.0,0.28504236332592375,0.7149576366740762
22193,YDR054C YBL097W,0.0,NA,0.02902347780764103,2850,8847,22194,0,0.7389572452863592,0.2436522185175686,1.0,0.2850101478689475,0.7149898521310525
22194,YDL135C YCR037C,0.0,NA,0.029034364968538284,2850,8846,22195,0,0.7389867516449795,0.24367305061559508,1.0,0.2849779324119713,0.7150220675880288
22195,YKL173W YBR004C,0.0,NA,0.0290568508207798,2850,8845,22196,0,0.7390162580035998,0.2436938862761864,1.0,0.284945716954995,0.715054283045005
22196,tR(UCU)J1 YNL327W,0.0,NA,0.029067520052194595,2850,8844,22197,0,0.73904576436222,0.24371472550025655,1.0,0.28491350149801875,0.7150864985019812
22197,YFL002W-B YGR036C,0.0,NA,0.02907632105052471,2850,8843,22198,0,0.7390752707208403,0.24373556828871976,1.0,0.2848812860410425,0.7151187139589575
22198,YER009W tA(AGC)K1,0.0,NA,0.02907801792025566,2850,8842,22199,0,0.7391047770794607,0.2437564146424906,1.0,0.2848490705840662,0.7151509294159337
22199,YJL074C tS(AGA)D2,0.0,NA,0.029086515307426453,2850,8841,22200,0,0.7391342834380809,0.24377726456248397,1.0,0.28481685512709,0.71518314487291
22200,YDR451C tM(CAU)J3,0.0,NA,0.029094813391566277,2850,8840,22201,0,0.7391637897967012,0.24379811804961504,1.0,0.2847846396701137,0.7152153603298863
22201,YOL003C tE(UUC)M,0.0,NA,0.029108310118317604,2850,8839,22202,0,0.7391932961553215,0.24381897510479938,1.0,0.28475242421313746,0.7152475757868625
22202,snR46 YER052C,0.0,NA,0.02912672609090805,2850,8838,22203,0,0.7392228025139418,0.24383983572895276,1.0,0.2847202087561612,0.7152797912438388
22203,YGR296W YLR024C,0.0,NA,0.029156578704714775,2850,8837,22204,0,0.739252308872562,0.24386069992299136,1.0,0.2846879932991849,0.7153120067008151
22204,YER007W snR41,0.0,NA,0.029165949672460556,2850,8836,22205,0,0.7392818152311823,0.2438815676878316,1.0,0.2846557778422087,0.7153442221577913
22205,YIL021W YGR091W,0.0,NA,0.02917996607720852,2850,8835,22206,0,0.7393113215898026,0.24390243902439024,1.0,0.28462356238523245,0.7153764376147675
22206,tQ(UUG)E2 YFL034C-B,0.0,NA,0.029199369251728058,2850,8834,22207,0,0.7393408279484229,0.24392331393358438,1.0,0.28459134692825616,0.7154086530717438
22207,YGR172C YBL008W,0.0,NA,0.02921045571565628,2850,8833,22208,0,0.7393703343070431,0.24394419241633142,1.0,0.2845591314712799,0.7154408685287201
22208,YKL093W YER078C,0.0,NA,0.02923291176557541,2850,8832,22209,0,0.7393998406656634,0.24396507447354904,1.0,0.2845269160143037,0.7154730839856963
22209,YNL287W YGL006W,0.0,NA,0.029256341978907585,2850,8831,22210,0,0.7394293470242838,0.2439859601061553,1.0,0.2844947005573274,0.7155052994426726
22210,YOL012C YJR033C,0.0,NA,0.029266055673360825,2850,8830,22211,0,0.7394588533829041,0.2440068493150685,1.0,0.28446248510035116,0.7155375148996489
22211,YNL149C YFL039C,0.0,NA,0.029273318126797676,2850,8829,22212,0,0.7394883597415243,0.24402774210120728,1.0,0.28443026964337487,0.7155697303566251
22212,YGL039W YCR083W,0.0,NA,0.029298176988959312,2850,8828,22213,0,0.7395178661001446,0.24404863846549066,1.0,0.28439805418639863,0.7156019458136014
22213,YNL124W YOR319W,0.0,NA,0.029312338680028915,2850,8827,22214,0,0.7395473724587649,0.24406953840883788,1.0,0.2843658387294224,0.7156341612705777
22214,YMR139W snR9,0.0,NA,0.029326725751161575,2850,8826,22215,0,0.7395768788173851,0.24409044193216856,1.0,0.2843336232724461,0.7156663767275538
22215,tV(UAC)B YLL019C,0.0,NA,0.02933705598115921,2850,8825,22216,0,0.7396063851760054,0.24411134903640258,1.0,0.28430140781546986,0.7156985921845301
22216,tR(ACG)D YNL164C,0.0,NA,0.029376935213804245,2850,8824,22217,0,0.7396358915346257,0.24413225972246017,1.0,0.2842691923584936,0.7157308076415064
22217,YGL087C YLR393W,0.0,NA,0.02938166819512844,2850,8823,22218,0,0.739665397893246,0.24415317399126188,1.0,0.28423697690151734,0.7157630230984826
22218,YLL036C snR36,0.0,NA,0.02938675321638584,2850,8822,22219,0,0.7396949042518662,0.24417409184372857,1.0,0.2842047614445411,0.7157952385554589
22219,YKR010C YNL318C,0.0,NA,0.029395636171102524,2850,8821,22220,0,0.7397244106104865,0.24419501328078141,1.0,0.2841725459875648,0.7158274540124352
22220,YPR173C YLR260W,0.0,NA,0.029397228732705116,2850,8820,22221,0,0.7397539169691069,0.2442159383033419,1.0,0.28414033053058857,0.7158596694694114
22221,tG(GCC)O2 YFR045W,0.0,NA,0.029411325231194496,2850,8819,22222,0,0.7397834233277272,0.24423686691233182,1.0,0.28410811507361233,0.7158918849263877
22222,YJL097W YDR516C,0.0,NA,0.02943187579512596,2850,8818,22223,0,0.7398129296863474,0.2442577991086733,1.0,0.28407589961663604,0.715924100383364
22223,tR(CCU)J YPL028W,0.0,NA,0.029460016638040543,2850,8817,22224,0,0.7398424360449677,0.24427873489328877,1.0,0.2840436841596598,0.7159563158403401
22224,YNL097C YGL105W,0.0,NA,0.029474524781107903,2850,8816,22225,0,0.739871942403588,0.24429967426710097,1.0,0.28401146870268357,0.7159885312973164
22225,tR(UCU)D YBL079W,0.0,NA,0.029483133926987648,2850,8815,22226,0,0.7399014487622082,0.24432061723103302,1.0,0.2839792532457073,0.7160207467542927
22226,YLR192C YCL029C,0.0,NA,0.029511431232094765,2850,8814,22227,0,0.7399309551208285,0.24434156378600824,1.0,0.28394703778873104,0.716052962211269
22227,YLR165C YDR279W,0.0,NA,0.029538866132497787,2850,8813,22228,0,0.7399604614794488,0.24436251393295036,1.0,0.2839148223317548,0.7160851776682452
22228,YNL267W YPR185W,0.0,NA,0.029546961188316345,2850,8812,22229,0,0.7399899678380691,0.2443834676727834,1.0,0.2838826068747785,0.7161173931252215
22229,YDL038C YOR299W,0.0,NA,0.029553178697824478,2850,8811,22230,0,0.7400194741966893,0.2444044250064317,1.0,0.2838503914178023,0.7161496085821978
22230,YMR310C Q0115,0.0,NA,0.029555601999163628,2850,8810,22231,0,0.7400489805553097,0.2444253859348199,1.0,0.283818175960826,0.716181824039174
22231,YPL257W-A YKR062W,0.0,NA,0.029588401317596436,2850,8809,22232,0,0.74007848691393,0.24444635045887297,1.0,0.28378596050384974,0.7162140394961503
22232,YJL081C YNL102W,0.0,NA,0.029595714062452316,2850,8808,22233,0,0.7401079932725503,0.2444673185795162,1.0,0.2837537450468735,0.7162462549531265
22233,YJL129C YNL163C,0.0,NA,0.029602136462926865,2850,8807,22234,0,0.7401374996311705,0.24448829029767521,1.0,0.2837215295898972,0.7162784704101027
22234,YOL017W YER065C,0.0,NA,0.029615962877869606,2850,8806,22235,0,0.7401670059897908,0.2445092656142759,1.0,0.283689314132921,0.716310685867079
22235,YOR195W snR52,0.0,NA,0.029618224129080772,2850,8805,22236,0,0.7401965123484111,0.24453024453024452,1.0,0.28365709867594474,0.7163429013240553
22236,YGR267C YDR378C,0.0,NA,0.029618455097079277,2850,8804,22237,0,0.7402260187070314,0.24455122704650764,1.0,0.28362488321896845,0.7163751167810315
22237,YLR127C MPR1,0.0,NA,0.029631301760673523,2850,8803,22238,0,0.7402555250656516,0.2445722131639921,1.0,0.2835926677619922,0.7164073322380078
22238,YNL054W-B YKR001C,0.0,NA,0.029640089720487595,2850,8802,22239,0,0.7402850314242719,0.24459320288362513,1.0,0.2835604523050159,0.7164395476949841
22239,YFL002W-B YOR010C,0.0,NA,0.029640089720487595,2850,8801,22240,0,0.7403145377828922,0.24461419620633423,1.0,0.2835282368480397,0.7164717631519603
22240,YJR143C tV(AAC)J,0.0,NA,0.029640665277838707,2850,8800,22241,0,0.7403440441415124,0.2446351931330472,1.0,0.28349602139106345,0.7165039786089366
22241,YMR152W YLR006C,0.0,NA,0.029655029997229576,2850,8799,22242,0,0.7403735505001328,0.24465619366469224,1.0,0.28346380593408715,0.7165361940659128
22242,YOR100C YPR108W,0.0,NA,0.029662741348147392,2850,8798,22243,0,0.7404030568587531,0.2446771978021978,1.0,0.2834315904771109,0.716568409522889
22243,YCL020W YLR165C,0.0,NA,0.02968558669090271,2850,8797,22244,0,0.7404325632173734,0.24469820554649266,1.0,0.2833993750201347,0.7166006249798653
22244,YOR197W YHR144C,0.0,NA,0.029696660116314888,2850,8796,22245,0,0.7404620695759936,0.24471921689850593,1.0,0.2833671595631584,0.7166328404368416
22245,tR(ACG)L YDL103C,0.0,NA,0.029706580564379692,2850,8795,22246,0,0.7404915759346139,0.24474023185916702,1.0,0.28333494410618215,0.7166650558938179
22246,YDL008W YER159C,0.0,NA,0.029714912176132202,2850,8794,22247,0,0.7405210822932342,0.2447612504294057,1.0,0.2833027286492059,0.7166972713507941
22247,tR(ACG)K YEL060C,0.0,NA,0.02971777133643627,2850,8793,22248,0,0.7405505886518545,0.24478227261015204,1.0,0.2832705131922296,0.7167294868077704
22248,YPR176C YLR100W,0.0,NA,0.02974989265203476,2850,8792,22249,0,0.7405800950104747,0.24480329840233636,1.0,0.2832382977352534,0.7167617022647467
22249,YDR210C-C YLR078C,0.0,NA,0.029778357595205307,2850,8791,22250,0,0.740609601369095,0.24482432780688945,1.0,0.2832060822782771,0.7167939177217229
22250,YJL146W tG(CCC)O,0.0,NA,0.02978011965751648,2850,8790,22251,0,0.7406391077277154,0.24484536082474226,1.0,0.28317386682130086,0.7168261331786991
22251,tL(GAG)G YCR086W,0.0,NA,0.029782267287373543,2850,8789,22252,0,0.7406686140863356,0.2448663974568262,1.0,0.2831416513643246,0.7168583486356754
22252,tC(GCA)P1 YNL293W,0.0,NA,0.029783688485622406,2850,8788,22253,0,0.7406981204449559,0.24488743770407287,1.0,0.28310943590734833,0.7168905640926516
22253,YJL136C YOR304W,0.0,NA,0.02980193682014942,2850,8787,22254,0,0.7407276268035762,0.2449084815674143,1.0,0.2830772204503721,0.7169227795496279
22254,YPL231W YNL272C,0.0,NA,0.029809312894940376,2850,8786,22255,0,0.7407571331621965,0.24492952904778276,1.0,0.28304500499339585,0.7169549950066042
22255,YNL071W YKL006W,0.0,NA,0.02981438860297203,2850,8785,22256,0,0.7407866395208167,0.24495058014611087,1.0,0.28301278953641956,0.7169872104635804
22256,YJR148W YJL085W,0.0,NA,0.029823550954461098,2850,8784,22257,0,0.740816145879437,0.24497163486333162,1.0,0.2829805740794433,0.7170194259205567
22257,snR66 snR3,0.0,NA,0.029823919758200645,2850,8783,22258,0,0.7408456522380573,0.24499269320037823,1.0,0.28294835862246703,0.717051641377533
22258,YPR156C YJR036C,0.0,NA,0.02986295148730278,2850,8782,22259,0,0.7408751585966776,0.24501375515818433,1.0,0.2829161431654908,0.7170838568345091
22259,YBR019C tG(GCC)C,0.0,NA,0.0298715028911829,2850,8781,22260,0,0.7409046649552978,0.2450348207376838,1.0,0.28288392770851456,0.7171160722914854
22260,YPR168W YDR378C,0.0,NA,0.029876159504055977,2850,8780,22261,0,0.7409341713139181,0.24505588993981084,1.0,0.28285171225153827,0.7171482877484617
22261,YLL022C YOR269W,0.0,NA,0.029882503673434258,2850,8779,22262,0,0.7409636776725385,0.24507696276550003,1.0,0.28281949679456203,0.7171805032054379
22262,YFL054C YCR068W,0.0,NA,0.029886554926633835,2850,8778,22263,0,0.7409931840311588,0.24509803921568626,1.0,0.2827872813375858,0.7172127186624142
22263,YMR142C YDL106C,0.0,NA,0.029897673055529594,2850,8777,22264,0,0.741022690389779,0.24511911929130473,1.0,0.2827550658806095,0.7172449341193905
22264,YOL080C snR19,0.0,NA,0.02989787794649601,2850,8776,22265,0,0.7410521967483993,0.2451402029932909,1.0,0.28272285042363327,0.7172771495763668
22265,YPL131W YNL225C,0.0,NA,0.029898960143327713,2850,8775,22266,0,0.7410817031070196,0.24516129032258063,1.0,0.28269063496665703,0.717309365033343
22266,YPL115C YNL240C,0.0,NA,0.02990727312862873,2850,8774,22267,0,0.7411112094656398,0.2451823812801101,1.0,0.28265841950968074,0.7173415804903193
22267,YDR423C YMR046C,0.0,NA,0.029911698773503304,2850,8773,22268,0,0.7411407158242601,0.2452034758668158,1.0,0.2826262040527045,0.7173737959472956
22268,YPR073C YPL228W,0.0,NA,0.029944701120257378,2850,8772,22269,0,0.7411702221828804,0.2452245740836345,1.0,0.2825939885957282,0.7174060114042717
22269,tS(AGA)M YGR092W,0.0,NA,0.029972029849886894,2850,8771,22270,0,0.7411997285415007,0.24524567593150332,1.0,0.28256177313875197,0.717438226861248
22270,YBR086C YKR095W-A,0.0,NA,0.029978835955262184,2850,8770,22271,0,0.7412292349001209,0.2452667814113597,1.0,0.28252955768177573,0.7174704423182243
22271,YFR003C YDR252W,0.0,NA,0.030003417283296585,2850,8769,22272,0,0.7412587412587412,0.2452878905241415,1.0,0.28249734222479944,0.7175026577752005
22272,YKL007W YLR277C,0.0,NA,0.03001924231648445,2850,8768,22273,0,0.7412882476173616,0.24530900327078672,1.0,0.2824651267678232,0.7175348732321768
22273,YBR066C tA(AGC)M1,0.0,NA,0.030021075159311295,2850,8767,22274,0,0.7413177539759819,0.2453301196522338,1.0,0.28243291131084697,0.7175670886891531
22274,YBR089C-A YMR088C,0.0,NA,0.030021602287888527,2850,8766,22275,0,0.7413472603346021,0.2453512396694215,1.0,0.2824006958538707,0.7175993041461293
22275,YBL011W YDR435C,0.0,NA,0.030047427862882614,2850,8765,22276,0,0.7413767666932224,0.24537236332328885,1.0,0.28236848039689444,0.7176315196031056
22276,YCL014W YBL068W,0.0,NA,0.030052250251173973,2850,8764,22277,0,0.7414062730518427,0.24539349061477528,1.0,0.28233626493991815,0.7176637350600819
22277,YML038C YGR198W,0.0,NA,0.03005360998213291,2850,8763,22278,0,0.7414357794104629,0.24541462154482047,1.0,0.2823040494829419,0.717695950517058
22278,YKL173W YMR069W,0.0,NA,0.030054334551095963,2850,8762,22279,0,0.7414652857690832,0.24543575611436444,1.0,0.2822718340259657,0.7177281659740343
22279,snR189 YDR085C,0.0,NA,0.030066167935729027,2850,8761,22280,0,0.7414947921277035,0.2454568943243476,1.0,0.2822396185689894,0.7177603814310106
22280,YDR064W YGR061C,0.0,NA,0.03009663335978985,2850,8760,22281,0,0.7415242984863238,0.2454780361757106,1.0,0.28220740311201314,0.7177925968879869
22281,snR14 YHR124W,0.0,NA,0.030101267620921135,2850,8759,22282,0,0.741553804844944,0.24549918166939444,1.0,0.2821751876550369,0.7178248123449631
22282,YPL137C YIL010W,0.0,NA,0.030112270265817642,2850,8758,22283,0,0.7415833112035644,0.24552033080634045,1.0,0.2821429721980606,0.7178570278019394
22283,YIL014W YOR288C,0.0,NA,0.03013770841062069,2850,8757,22284,0,0.7416128175621847,0.2455414835874903,1.0,0.2821107567410844,0.7178892432589157
22284,YOR113W tM(CAU)J3,0.0,NA,0.0301385335624218,2850,8756,22285,0,0.741642323920805,0.24556264001378597,1.0,0.28207854128410814,0.7179214587158919
22285,YKL180W YLR133W,0.0,NA,0.030160225927829742,2850,8755,22286,0,0.7416718302794252,0.24558380008616976,1.0,0.28204632582713185,0.7179536741728682
22286,snR128 YKL011C,0.0,NA,0.030171290040016174,2850,8754,22287,0,0.7417013366380455,0.24560496380558428,1.0,0.2820141103701556,0.7179858896298444
22287,YOR195W YPR182W,0.0,NA,0.030226074159145355,2850,8753,22288,0,0.7417308429966658,0.2456261311729725,1.0,0.2819818949131793,0.7180181050868206
22288,YKL042W YJR143C,0.0,NA,0.030231162905693054,2850,8752,22289,0,0.7417603493552861,0.24564730218927772,1.0,0.2819496794562031,0.7180503205437969
22289,YLR451W YDR089W,0.0,NA,0.030272232368588448,2850,8751,22290,0,0.7417898557139063,0.2456684768554435,1.0,0.28191746399922685,0.7180825360007732
22290,YPL258C YJR147W,0.0,NA,0.030274543911218643,2850,8750,22291,0,0.7418193620725266,0.24568965517241378,1.0,0.28188524854225055,0.7181147514577494
22291,tR(UCU)J1 YJR035W,0.0,NA,0.030278729274868965,2850,8749,22292,0,0.741848868431147,0.24571083714113284,1.0,0.2818530330852743,0.7181469669147257
22292,YLL040C YGL185C,0.0,NA,0.03028237074613571,2850,8748,22293,0,0.7418783747897671,0.24573202276254527,1.0,0.2818208176282981,0.718179182371702
22293,YHR025W YCR020W-B,0.0,NA,0.030291806906461716,2850,8747,22294,0,0.7419078811483875,0.24575321203759593,1.0,0.2817886021713218,0.7182113978286782
22294,YLR180W YCR020W-B,0.0,NA,0.030300242826342583,2850,8746,22295,0,0.7419373875070078,0.24577440496723008,1.0,0.28175638671434555,0.7182436132856544
22295,YHR028C YDR404C,0.0,NA,0.030315151438117027,2850,8745,22296,0,0.7419668938656281,0.24579560155239327,1.0,0.28172417125736926,0.7182758287426307
22296,YBL001C YDR316W-A,0.0,NA,0.03033767268061638,2850,8744,22297,0,0.7419964002242483,0.2458168017940314,1.0,0.281691955800393,0.7183080441996069
22297,YMR272C YDR390C,0.0,NA,0.03034220077097416,2850,8743,22298,0,0.7420259065828686,0.24583800569309067,1.0,0.2816597403434168,0.7183402596565832
22298,YKL002W YDL216C,0.0,NA,0.03036343678832054,2850,8742,22299,0,0.7420554129414889,0.2458592132505176,1.0,0.2816275248864405,0.7183724751135595
22299,YER019W YGR251W,0.0,NA,0.030372969806194305,2850,8741,22300,0,0.7420849193001092,0.24588042446725908,1.0,0.28159530942946426,0.7184046905705358
22300,YBR136W snR44,0.0,NA,0.03039335273206234,2850,8740,22301,0,0.7421144256587294,0.2459016393442623,1.0,0.281563093972488,0.718436906027512
22301,YML011C YBR193C,0.0,NA,0.0304001122713089,2850,8739,22302,0,0.7421439320173497,0.24592285788247475,1.0,0.28153087851551173,0.7184691214844883
22302,YGL094C snR3,0.0,NA,0.030408279970288277,2850,8738,22303,0,0.74217343837597,0.24594408008284432,1.0,0.2814986630585355,0.7185013369414646
22303,YNL068C YIR001C,0.0,NA,0.030415618792176247,2850,8737,22304,0,0.7422029447345903,0.24596530594631916,1.0,0.28146644760155926,0.7185335523984407
22304,YJL179W YDR164C,0.0,NA,0.030416661873459816,2850,8736,22305,0,0.7422324510932106,0.24598653547384774,1.0,0.28143423214458296,0.718565767855417
22305,YGL158W YDR084C,0.0,NA,0.03041703999042511,2850,8735,22306,0,0.7422619574518309,0.24600776866637894,1.0,0.2814020166876067,0.7185979833123933
22306,YJL068C YNR002C,0.0,NA,0.03041784092783928,2850,8734,22307,0,0.7422914638104512,0.24602900552486187,1.0,0.28136980123063043,0.7186301987693695
22307,YML077W YDR404C,0.0,NA,0.03042411431670189,2850,8733,22308,0,0.7423209701690714,0.24605024605024606,1.0,0.2813375857736542,0.7186624142263458
22308,snR39B YLR254C,0.0,NA,0.030425354838371277,2850,8732,22309,0,0.7423504765276917,0.24607149024348127,1.0,0.28130537031667796,0.7186946296833221
22309,YPL164C snR13,0.0,NA,0.03043431229889393,2850,8731,22310,0,0.742379982886312,0.24609273810551766,1.0,0.28127315485970167,0.7187268451402983
22310,YBL056W YDL171C,0.0,NA,0.03043956309556961,2850,8730,22311,0,0.7424094892449323,0.24611398963730569,1.0,0.28124093940272543,0.7187590605972746
22311,YMR313C YLR250W,0.0,NA,0.030442051589488983,2850,8729,22312,0,0.7424389956035525,0.24613524483979618,1.0,0.2812087239457492,0.7187912760542509
22312,YPR188C YHR098C,0.0,NA,0.030444884672760963,2850,8728,22313,0,0.7424685019621728,0.24615650371394024,1.0,0.2811765084887729,0.718823491511227
22313,YEL019C snR13,0.0,NA,0.03044779784977436,2850,8727,22314,0,0.7424980083207932,0.2461777662606893,1.0,0.28114429303179667,0.7188557069682033
22314,YOR253W YJL100W,0.0,NA,0.03045996092259884,2850,8726,22315,0,0.7425275146794134,0.24619903248099517,1.0,0.2811120775748204,0.7188879224251796
22315,YNL167C YHR200W,0.0,NA,0.030502093955874443,2850,8725,22316,0,0.7425570210380337,0.24622030237580994,1.0,0.28107986211784414,0.7189201378821558
22316,YDR200C snR39B,0.0,NA,0.030515186488628387,2850,8724,22317,0,0.742586527396654,0.24624157594608606,1.0,0.2810476466608679,0.7189523533391321
22317,YLR423C tR(UCU)D,0.0,NA,0.030546149238944054,2850,8723,22318,0,0.7426160337552743,0.2462628531927763,1.0,0.2810154312038916,0.7189845687961084
22318,tD(GUC)J1 YDR141C,0.0,NA,0.030553774908185005,2850,8722,22319,0,0.7426455401138945,0.24628413411683373,1.0,0.28098321574691537,0.7190167842530847
22319,YBR218C YOR312C,0.0,NA,0.030554793775081635,2850,8721,22320,0,0.7426750464725148,0.24630541871921183,1.0,0.28095100028993913,0.7190489997100609
22320,YBL040C tG(GCC)J1,0.0,NA,0.03056809864938259,2850,8720,22321,0,0.7427045528311351,0.24632670700086431,1.0,0.28091878483296284,0.7190812151670372
22321,YDL131W YIL048W,0.0,NA,0.03057057224214077,2850,8719,22322,0,0.7427340591897554,0.24634799896274526,1.0,0.2808865693759866,0.7191134306240134
22322,YAL044C tQ(UUG)D1,0.0,NA,0.030585316941142082,2850,8718,22323,0,0.7427635655483756,0.24636929460580914,1.0,0.28085435391901037,0.7191456460809896
22323,YGL173C YDL118W,0.0,NA,0.03058699704706669,2850,8717,22324,0,0.742793071906996,0.24639059393101062,1.0,0.2808221384620341,0.7191778615379659
22324,YFL060C YPR034W,0.0,NA,0.030591491609811783,2850,8716,22325,0,0.7428225782656163,0.24641189693930485,1.0,0.28078992300505784,0.7192100769949422
22325,YLR071C YHR084W,0.0,NA,0.03059675544500351,2850,8715,22326,0,0.7428520846242366,0.24643320363164722,1.0,0.28075770754808155,0.7192422924519184
22326,YBL016W YPL164C,0.0,NA,0.030616337433457375,2850,8714,22327,0,0.7428815909828568,0.24645451400899343,1.0,0.2807254920911053,0.7192745079088947
22327,YER170W YOR219C,0.0,NA,0.0306371059268713,2850,8713,22328,0,0.7429110973414771,0.24647582807229956,1.0,0.2806932766341291,0.719306723365871
22328,YPR201W YDL135C,0.0,NA,0.030638590455055237,2850,8712,22329,0,0.7429406037000974,0.24649714582252205,1.0,0.2806610611771528,0.7193389388228472
22329,YER023W YPR158C-D,0.0,NA,0.030638931319117546,2850,8711,22330,0,0.7429701100587176,0.2465184672606176,1.0,0.28062884572017655,0.7193711542798235
22330,YNR059W tT(UGU)P,0.0,NA,0.030645443126559258,2850,8710,22331,0,0.7429996164173379,0.24653979238754326,1.0,0.2805966302632003,0.7194033697367997
22331,YDL087C YGR098C,0.0,NA,0.030648181214928627,2850,8709,22332,0,0.7430291227759582,0.2465611212042564,1.0,0.280564414806224,0.7194355851937759
22332,snR42 YOR080W,0.0,NA,0.030670570209622383,2850,8708,22333,0,0.7430586291345785,0.24658245371171483,1.0,0.2805321993492478,0.7194678006507522
22333,YJL039C tS(AGA)B,0.0,NA,0.030682168900966644,2850,8707,22334,0,0.7430881354931987,0.24660378991087653,1.0,0.2804999838922715,0.7195000161077285
22334,tA(AGC)M2 YGR133W,0.0,NA,0.03070235252380371,2850,8706,22335,0,0.743117641851819,0.2466251298026999,1.0,0.28046776843529525,0.7195322315647047
22335,YLR214W YOL001W,0.0,NA,0.030716901645064354,2850,8705,22336,0,0.7431471482104394,0.24664647338814366,1.0,0.280435552978319,0.719564447021681
22336,YBR081C YLR208W,0.0,NA,0.030719274654984474,2850,8704,22337,0,0.7431766545690597,0.24666782066816687,1.0,0.2804033375213427,0.7195966624786573
22337,YLR308W Q0065,0.0,NA,0.030720170587301254,2850,8703,22338,0,0.7432061609276799,0.2466891716437289,1.0,0.2803711220643665,0.7196288779356336
22338,YCR020C-A YDL028C,0.0,NA,0.03072156012058258,2850,8702,22339,0,0.7432356672863002,0.24671052631578946,1.0,0.28033890660739025,0.7196610933926098
22339,YLR227W-A YIL166C,0.0,NA,0.030728092417120934,2850,8701,22340,0,0.7432651736449205,0.24673188468530863,1.0,0.28030669115041396,0.719693308849586
22340,YDR170W-A YKR089C,0.0,NA,0.0307342316955328,2850,8700,22341,0,0.7432946800035407,0.24675324675324675,1.0,0.2802744756934377,0.7197255243065623
22341,YBL046W YER026C,0.0,NA,0.030742499977350235,2850,8699,22342,0,0.743324186362161,0.24677461252056454,1.0,0.2802422602364614,0.7197577397635385
22342,snR128 YNL194C,0.0,NA,0.03074735589325428,2850,8698,22343,0,0.7433536927207813,0.24679598198822306,1.0,0.2802100447794852,0.7197899552205148
22343,YNR070W YJL010C,0.0,NA,0.03077251836657524,2850,8697,22344,0,0.7433831990794016,0.24681735515718367,1.0,0.28017782932250895,0.7198221706774911
22344,YJR159W tS(AGA)J,0.0,NA,0.030792297795414925,2850,8696,22345,0,0.7434127054380218,0.24683873202840811,1.0,0.28014561386553266,0.7198543861344673
22345,YKR095W-A YGR222W,0.0,NA,0.03080822341144085,2850,8695,22346,0,0.7434422117966422,0.24686011260285837,1.0,0.2801133984085564,0.7198866015914436
22346,YBR286W YDR310C,0.0,NA,0.030845049768686295,2850,8694,22347,0,0.7434717181552625,0.24688149688149688,1.0,0.2800811829515802,0.7199188170484199
22347,YPL008W YBL008W,0.0,NA,0.030850153416395187,2850,8693,22348,0,0.7435012245138828,0.24690288486528633,1.0,0.2800489674946039,0.719951032505396
22348,tS(AGA)J YNL202W,0.0,NA,0.030852092429995537,2850,8692,22349,0,0.743530730872503,0.24692427655518975,1.0,0.28001675203762766,0.7199832479623723
22349,YDL137W YDL224C,0.0,NA,0.030856898054480553,2850,8691,22350,0,0.7435602372311233,0.24694567195217051,1.0,0.2799845365806514,0.7200154634193486
22350,snR60 YPL266W,0.0,NA,0.03086455538868904,2850,8690,22351,0,0.7435897435897436,0.24696707105719237,1.0,0.27995232112367513,0.7200476788763248
22351,YAL030W YDR245W,0.0,NA,0.030865296721458435,2850,8689,22352,0,0.7436192499483639,0.24698847387121933,1.0,0.2799201056666989,0.7200798943333011
22352,tL(GAG)G YDR503C,0.0,NA,0.030868662521243095,2850,8688,22353,0,0.7436487563069841,0.24700988039521582,1.0,0.2798878902097226,0.7201121097902774
22353,YDR006C snR8,0.0,NA,0.030899405479431152,2850,8687,22354,0,0.7436782626656044,0.24703129063014648,1.0,0.27985567475274636,0.7201443252472536
22354,YMR264W YPL085W,0.0,NA,0.030902959406375885,2850,8686,22355,0,0.7437077690242248,0.24705270457697642,1.0,0.2798234592957701,0.7201765407042299
22355,YIL085C YOR356W,0.0,NA,0.030942711979150772,2850,8685,22356,0,0.743737275382845,0.247074122236671,1.0,0.27979124383879383,0.7202087561612062
22356,YPR078C YJL045W,0.0,NA,0.03094986267387867,2850,8684,22357,0,0.7437667817414653,0.24709554361019595,1.0,0.2797590283818176,0.7202409716181825
22357,tE(CUC)D YPR122W,0.0,NA,0.03097345307469368,2850,8683,22358,0,0.7437962881000856,0.2471169686985173,1.0,0.27972681292484136,0.7202731870751586
22358,YBR245C YKR106W,0.0,NA,0.030984273180365562,2850,8682,22359,0,0.7438257944587059,0.24713839750260147,1.0,0.27969459746786507,0.7203054025321349
22359,YNL180C YDR439W,0.0,NA,0.031015602871775627,2850,8681,22360,0,0.7438553008173261,0.24715983002341513,1.0,0.27966238201088883,0.7203376179891112
22360,tQ(UUG)C YPR161C,0.0,NA,0.031016521155834198,2850,8680,22361,0,0.7438848071759464,0.2471812662619254,1.0,0.27963016655391254,0.7203698334460874
22361,tQ(UUG)E2 YGR157W,0.0,NA,0.031033793464303017,2850,8679,22362,0,0.7439143135345667,0.24720270621909965,1.0,0.2795979510969363,0.7204020489030637
22362,tG(GCC)E YLR372W,0.0,NA,0.031046729534864426,2850,8678,22363,0,0.743943819893187,0.24722414989590563,1.0,0.27956573563996007,0.72043426436004
22363,YOL155C YGR096W,0.0,NA,0.03106597252190113,2850,8677,22364,0,0.7439733262518072,0.24724559729331136,1.0,0.2795335201829838,0.7204664798170162
22364,tR(UCU)M1 YNL329C,0.0,NA,0.031072963029146194,2850,8676,22365,0,0.7440028326104275,0.24726704841228528,1.0,0.27950130472600754,0.7204986952739925
22365,YLR147C YNR075W,0.0,NA,0.031074225902557373,2850,8675,22366,0,0.7440323389690479,0.2472885032537961,1.0,0.2794690892690313,0.7205309107309688
22366,YDL112W YBR001C,0.0,NA,0.03107745572924614,2850,8674,22367,0,0.7440618453276681,0.2473099618188129,1.0,0.279436873812055,0.7205631261879449
22367,tS(UGA)P YPL170W,0.0,NA,0.031084738671779633,2850,8673,22368,0,0.7440913516862884,0.24733142410830514,1.0,0.27940465835507877,0.7205953416449212
22368,YGR194C YDR225W,0.0,NA,0.031091861426830292,2850,8672,22369,0,0.7441208580449087,0.2473528901232425,1.0,0.27937244289810254,0.7206275571018975
22369,YDR335W YNL008C,0.0,NA,0.031099112704396248,2850,8671,22370,0,0.744150364403529,0.24737435986459508,1.0,0.27934022744112624,0.7206597725588737
22370,YJL052W YML106W,0.0,NA,0.031108397990465164,2850,8670,22371,0,0.7441798707621492,0.24739583333333334,1.0,0.27930801198415,0.72069198801585
22371,YAL043C YKL040C,0.0,NA,0.03111864998936653,2850,8669,22372,0,0.7442093771207695,0.24741731053042798,1.0,0.2792757965271737,0.7207242034728263
22372,YCL069W YLR209C,0.0,NA,0.031133314594626427,2850,8668,22373,0,0.7442388834793898,0.24743879145685016,1.0,0.2792435810701975,0.7207564189298025
22373,snR35 YDR523C,0.0,NA,0.031137485057115555,2850,8667,22374,0,0.7442683898380101,0.24746027611357124,1.0,0.27921136561322124,0.7207886343867788
22374,YDL118W YDR434W,0.0,NA,0.03113820217549801,2850,8666,22375,0,0.7442978961966303,0.24748176450156303,1.0,0.27917915015624495,0.720820849843755
22375,YCR035C YJL204C,0.0,NA,0.031139904633164406,2850,8665,22376,0,0.7443274025552507,0.24750325662179765,1.0,0.2791469346992687,0.7208530653007313
22376,YJL219W tA(AGC)J,0.0,NA,0.031150754541158676,2850,8664,22377,0,0.744356908913871,0.24752475247524752,1.0,0.2791147192422925,0.7208852807577075
22377,YNR030W YBR191W,0.0,NA,0.031154567375779152,2850,8663,22378,0,0.7443864152724913,0.24754625206288544,1.0,0.2790825037853162,0.7209174962146838
22378,YBR236C tG(CCC)O,0.0,NA,0.031162744387984276,2850,8662,22379,0,0.7444159216311115,0.2475677553856845,1.0,0.27905028832833995,0.7209497116716601
22379,YFL030W tS(UGA)P,0.0,NA,0.031167808920145035,2850,8661,22380,0,0.7444454279897318,0.24758926244461818,1.0,0.27901807287136365,0.7209819271286363
22380,tR(ACG)K YLR353W,0.0,NA,0.031180409714579582,2850,8660,22381,0,0.7444749343483521,0.2476107732406603,1.0,0.2789858574143874,0.7210141425856126
22381,YNL139C YOL020W,0.0,NA,0.03118068538606167,2850,8659,22382,0,0.7445044407069723,0.24763228777478494,1.0,0.2789536419574112,0.7210463580425889
22382,YAL029C YBR203W,0.0,NA,0.03120679408311844,2850,8658,22383,0,0.7445339470655926,0.24765380604796663,1.0,0.2789214265004349,0.7210785734995651
22383,YDR259C tG(GCC)O2,0.0,NA,0.031219355762004852,2850,8657,22384,0,0.7445634534242129,0.24767532806118014,1.0,0.27888921104345865,0.7211107889565413
22384,tQ(UUG)E2 YBR231C,0.0,NA,0.031222963705658913,2850,8656,22385,0,0.7445929597828332,0.24769685381540066,1.0,0.2788569955864824,0.7211430044135176
22385,YKL171W YBR207W,0.0,NA,0.031240908429026604,2850,8655,22386,0,0.7446224661414534,0.24771838331160365,1.0,0.2788247801295061,0.7211752198704938
22386,YER143W YJL030W,0.0,NA,0.031249236315488815,2850,8654,22387,0,0.7446519725000738,0.24773991655076494,1.0,0.2787925646725299,0.7212074353274701
22387,YHR020W YBL084C,0.0,NA,0.03125634044408798,2850,8653,22388,0,0.7446814788586941,0.24776145353386073,1.0,0.27876034921555365,0.7212396507844464
22388,YBR015C tR(ACG)K,0.0,NA,0.031285982578992844,2850,8652,22389,0,0.7447109852173144,0.2477829942618675,1.0,0.27872813375857736,0.7212718662414226
22389,YGR281W YGR129W,0.0,NA,0.031288307160139084,2850,8651,22390,0,0.7447404915759346,0.2478045387357621,1.0,0.2786959183016011,0.7213040816983989
22390,YKL074C snR13,0.0,NA,0.03130065277218819,2850,8650,22391,0,0.7447699979345549,0.24782608695652175,1.0,0.2786637028446248,0.7213362971553752
22391,tS(AGA)D1 YGR024C,0.0,NA,0.03130144625902176,2850,8649,22392,0,0.7447995042931752,0.24784763892512393,1.0,0.2786314873876486,0.7213685126123514
22392,YER059W YKL197C,0.0,NA,0.0313464030623436,2850,8648,22393,0,0.7448290106517954,0.24786919464254653,1.0,0.27859927193067235,0.7214007280693276
22393,YGL186C YGL172W,0.0,NA,0.03135920315980911,2850,8647,22394,0,0.7448585170104157,0.24789075410976777,1.0,0.27856705647369606,0.7214329435263039
22394,YDR425W snR41,0.0,NA,0.031363461166620255,2850,8646,22395,0,0.744888023369036,0.24791231732776617,1.0,0.2785348410167198,0.7214651589832802
22395,YDL052C YJL001W,0.0,NA,0.03138712793588638,2850,8645,22396,0,0.7449175297276563,0.24793388429752067,1.0,0.2785026255597436,0.7214973744402564
22396,snR128 YOL052C-A,0.0,NA,0.0313873291015625,2850,8644,22397,0,0.7449470360862765,0.24795545502001043,1.0,0.2784704101027673,0.7215295898972327
22397,YDR386W YPL234C,0.0,NA,0.031387344002723694,2850,8643,22398,0,0.7449765424448969,0.24797702949621508,1.0,0.27843819464579106,0.721561805354209
22398,YMR299C YKL068W,0.0,NA,0.031389009207487106,2850,8642,22399,0,0.7450060488035172,0.24799860772711452,1.0,0.27840597918881477,0.7215940208111852
22399,YKR063C YMR177W,0.0,NA,0.031390707939863205,2850,8641,22400,0,0.7450355551621375,0.24802018971368897,1.0,0.27837376373183853,0.7216262362681615
22400,tG(GCC)E YNL065W,0.0,NA,0.03141532093286514,2850,8640,22401,0,0.7450650615207577,0.24804177545691905,1.0,0.2783415482748623,0.7216584517251378
22401,YGR154C YBR118W,0.0,NA,0.03141888976097107,2850,8639,22402,0,0.745094567879378,0.24806336495778572,1.0,0.278309332817886,0.7216906671821139
22402,YEL057C YPL120W,0.0,NA,0.031419556587934494,2850,8638,22403,0,0.7451240742379983,0.2480849582172702,1.0,0.27827711736090976,0.7217228826390902
22403,YDR253C YHR103W,0.0,NA,0.03142170608043671,2850,8637,22404,0,0.7451535805966186,0.24810655523635414,1.0,0.27824490190393353,0.7217550980960665
22404,YPL058C YDL103C,0.0,NA,0.031424667686223984,2850,8636,22405,0,0.7451830869552388,0.2481281560160195,1.0,0.27821268644695724,0.7217873135530427
22405,YLR345W YGR206W,0.0,NA,0.03143225610256195,2850,8635,22406,0,0.7452125933138591,0.24814976055724858,1.0,0.278180470989981,0.721819529010019
22406,YNL251C YBR202W,0.0,NA,0.03148047253489494,2850,8634,22407,0,0.7452420996724795,0.24817136886102403,1.0,0.27814825553300476,0.7218517444669953
22407,YBR006W YDR210W-A,0.0,NA,0.03148698806762695,2850,8633,22408,0,0.7452716060310997,0.24819298092832884,1.0,0.27811604007602847,0.7218839599239715
22408,YDR381W YML099C,0.0,NA,0.03150493651628494,2850,8632,22409,0,0.74530111238972,0.24821459676014632,1.0,0.27808382461905223,0.7219161753809478
22409,snR63 YLR450W,0.0,NA,0.03154877573251724,2850,8631,22410,0,0.7453306187483403,0.24823621635746015,1.0,0.27805160916207594,0.7219483908379241
22410,YJR068W YNL316C,0.0,NA,0.03155241906642914,2850,8630,22411,0,0.7453601251069606,0.24825783972125434,1.0,0.2780193937050997,0.7219806062949002
22411,YJR050W YLR447C,0.0,NA,0.03156203776597977,2850,8629,22412,0,0.7453896314655808,0.2482794668525133,1.0,0.27798717824812347,0.7220128217518765
22412,YFL049W YNL108C,0.0,NA,0.03156764805316925,2850,8628,22413,0,0.7454191378242011,0.24830109775222164,1.0,0.2779549627911472,0.7220450372088528
22413,YLL056C YHR134W,0.0,NA,0.0315704345703125,2850,8627,22414,0,0.7454486441828214,0.24832273242136446,1.0,0.27792274733417094,0.7220772526658291
22414,YMR302C YKR085C,0.0,NA,0.03158299997448921,2850,8626,22415,0,0.7454781505414417,0.24834437086092714,1.0,0.2778905318771947,0.7221094681228053
22415,YMR266W YER159C-A,0.0,NA,0.03159686177968979,2850,8625,22416,0,0.7455076569000619,0.24836601307189543,1.0,0.2778583164202184,0.7221416835797816
22416,YGL004C YKR086W,0.0,NA,0.03160082921385765,2850,8624,22417,0,0.7455371632586822,0.24838765905525537,1.0,0.2778261009632422,0.7221738990367579
22417,snR189 YDR285W,0.0,NA,0.031606607139110565,2850,8623,22418,0,0.7455666696173026,0.24840930881199338,1.0,0.2777938855062659,0.7222061144937341
22418,YDR311W YER029C,0.0,NA,0.03161327913403511,2850,8622,22419,0,0.7455961759759228,0.24843096234309622,1.0,0.27776167004928964,0.7222383299507104
22419,YKL088W YGR004W,0.0,NA,0.03162282705307007,2850,8621,22420,0,0.7456256823345431,0.24845261964955104,1.0,0.2777294545923134,0.7222705454076866
22420,YBR015C YDR434W,0.0,NA,0.03171386569738388,2850,8620,22421,0,0.7456551886931634,0.24847428073234526,1.0,0.2776972391353371,0.7223027608646628
22421,YKL218C YIR001C,0.0,NA,0.03173072636127472,2850,8619,22422,0,0.7456846950517837,0.24849594559246665,1.0,0.2776650236783609,0.7223349763216391
22422,YGR042W YOR323C,0.0,NA,0.03173821046948433,2850,8618,22423,0,0.7457142014104039,0.24851761423090338,1.0,0.27763280822138464,0.7223671917786154
22423,YPR164W snR79,0.0,NA,0.03174653649330139,2850,8617,22424,0,0.7457437077690242,0.24853928664864394,1.0,0.27760059276440835,0.7223994072355916
22424,tS(UGA)E YER167W,0.0,NA,0.03175196051597595,2850,8616,22425,0,0.7457732141276445,0.24856096284667714,1.0,0.2775683773074321,0.7224316226925679
22425,YPL152W YML036W,0.0,NA,0.031771667301654816,2850,8615,22426,0,0.7458027204862648,0.24858264282599216,1.0,0.2775361618504559,0.7224638381495442
22426,YCR105W YER030W,0.0,NA,0.03177221119403839,2850,8614,22427,0,0.745832226844885,0.2486043265875785,1.0,0.2775039463934796,0.7224960536065204
22427,snR53 YNR032W,0.0,NA,0.03177231177687645,2850,8613,22428,0,0.7458617332035054,0.24862601413242608,1.0,0.27747173093650335,0.7225282690634967
22428,YGL021W YBR263W,0.0,NA,0.03179074078798294,2850,8612,22429,0,0.7458912395621257,0.24864770546152504,1.0,0.27743951547952705,0.722560484520473
22429,YBR238C YOL156W,0.0,NA,0.031818389892578125,2850,8611,22430,0,0.745920745920746,0.24866940057586598,1.0,0.2774073000225508,0.7225926999774491
22430,YFL024C YDR477W,0.0,NA,0.031821079552173615,2850,8610,22431,0,0.7459502522793662,0.2486910994764398,1.0,0.2773750845655746,0.7226249154344254
22431,YEL012W tQ(UUG)L,0.0,NA,0.03182902932167053,2850,8609,22432,0,0.7459797586379865,0.24871280216423772,1.0,0.2773428691085983,0.7226571308914017
22432,YOL151W YGR251W,0.0,NA,0.03184031322598457,2850,8608,22433,0,0.7460092649966068,0.24873450864025134,1.0,0.27731065365162205,0.722689346348378
22433,YDR449C tT(UGU)P,0.0,NA,0.031848710030317307,2850,8607,22434,0,0.746038771355227,0.24875621890547264,1.0,0.2772784381946458,0.7227215618053542
22434,YCL011C YML008C,0.0,NA,0.03186507895588875,2850,8606,22435,0,0.7460682777138473,0.24877793296089384,1.0,0.2772462227376695,0.7227537772623305
22435,YDR210C-C YMR235C,0.0,NA,0.03191022574901581,2850,8605,22436,0,0.7460977840724676,0.24879965080750763,1.0,0.2772140072806933,0.7227859927193068
22436,YKL156W YGR175C,0.0,NA,0.03194410726428032,2850,8604,22437,0,0.7461272904310879,0.24882137244630698,1.0,0.277181791823717,0.722818208176283
22437,YNL104C YBL063W,0.0,NA,0.031948309391736984,2850,8603,22438,0,0.7461567967897081,0.24884309787828515,1.0,0.27714957636674076,0.7228504236332592
22438,tS(AGA)B YEL041W,0.0,NA,0.031972430646419525,2850,8602,22439,0,0.7461863031483285,0.24886482710443592,1.0,0.2771173609097645,0.7228826390902355
22439,YLL038C YLL063C,0.0,NA,0.03197300806641579,2850,8601,22440,0,0.7462158095069488,0.24888656012575322,1.0,0.27708514545278823,0.7229148545472117
22440,YJL115W tG(GCC)O1,0.0,NA,0.03197883442044258,2850,8600,22441,0,0.7462453158655691,0.24890829694323144,1.0,0.277052929995812,0.722947070004188
22441,YLR181C YLR020C,0.0,NA,0.0319816879928112,2850,8599,22442,0,0.7462748222241893,0.2489300375578653,1.0,0.27702071453883576,0.7229792854611643
22442,YML014W YDR301W,0.0,NA,0.031996555626392365,2850,8598,22443,0,0.7463043285828096,0.2489517819706499,1.0,0.27698849908185946,0.7230115009181405
22443,tI(AAU)L1 YOL003C,0.0,NA,0.03200671821832657,2850,8597,22444,0,0.7463338349414299,0.2489735301825806,1.0,0.2769562836248832,0.7230437163751168
22444,YGR023W YER094C,0.0,NA,0.032026566565036774,2850,8596,22445,0,0.7463633413000501,0.24899528219465317,1.0,0.276924068167907,0.7230759318320931
22445,YBR055C YLR087C,0.0,NA,0.032035864889621735,2850,8595,22446,0,0.7463928476586704,0.2490170380078637,1.0,0.2768918527109307,0.7231081472890692
22446,YIL148W YBR213W,0.0,NA,0.03207387030124664,2850,8594,22447,0,0.7464223540172907,0.24903879762320866,1.0,0.27685963725395446,0.7231403627460455
22447,YOR079C YHR167W,0.0,NA,0.032075706869363785,2850,8593,22448,0,0.746451860375911,0.24906056104168486,1.0,0.27682742179697817,0.7231725782030218
22448,YNL039W YBR088C,0.0,NA,0.03208239749073982,2850,8592,22449,0,0.7464813667345312,0.24908232826428947,1.0,0.27679520634000193,0.723204793659998
22449,YJR068W YGR255C,0.0,NA,0.03209199756383896,2850,8591,22450,0,0.7465108730931516,0.24910409929201993,1.0,0.2767629908830257,0.7232370091169743
22450,YOR295W YFR002W,0.0,NA,0.032097313553094864,2850,8590,22451,0,0.7465403794517719,0.2491258741258741,1.0,0.2767307754260494,0.7232692245739506
22451,snR19 YML013W,0.0,NA,0.03209833800792694,2850,8589,22452,0,0.7465698858103922,0.24914765276685025,1.0,0.27669855996907317,0.7233014400309269
22452,tA(AGC)P YKL126W,0.0,NA,0.03210882470011711,2850,8588,22453,0,0.7465993921690124,0.24916943521594684,1.0,0.27666634451209693,0.7233336554879031
22453,YOR229W YDR316W-A,0.0,NA,0.032114576548337936,2850,8587,22454,0,0.7466288985276327,0.2491912214741628,1.0,0.27663412905512064,0.7233658709448794
22454,YJL136C YHR118C,0.0,NA,0.03212274610996246,2850,8586,22455,0,0.746658404886253,0.24921301154249736,1.0,0.2766019135981444,0.7233980864018557
22455,YCL064C snR5,0.0,NA,0.03213519975543022,2850,8585,22456,0,0.7466879112448732,0.24923480542195015,1.0,0.2765696981411681,0.7234303018588318
22456,YOR168W YHR123W,0.0,NA,0.0321369506418705,2850,8584,22457,0,0.7467174176034935,0.24925660311352107,1.0,0.27653748268419187,0.7234625173158081
22457,tQ(UUG)E2 YML047C,0.0,NA,0.032158758491277695,2850,8583,22458,0,0.7467469239621138,0.24927840461821044,1.0,0.27650526722721563,0.7234947327727844
22458,tL(UAA)J YML132W,0.0,NA,0.03216395527124405,2850,8582,22459,0,0.7467764303207342,0.2493002099370189,1.0,0.27647305177023934,0.7235269482297606
22459,YPL001W YJR109C,0.0,NA,0.032166462391614914,2850,8581,22460,0,0.7468059366793544,0.24932201907094742,1.0,0.2764408363132631,0.7235591636867369
22460,YGR119C YPR194C,0.0,NA,0.03217067942023277,2850,8580,22461,0,0.7468354430379747,0.24934383202099739,1.0,0.27640862085628687,0.7235913791437132
22461,YLR405W YML107C,0.0,NA,0.03217531368136406,2850,8579,22462,0,0.746864949396595,0.24936564878817044,1.0,0.2763764053993106,0.7236235946006894
22462,YMR017W YOR388C,0.0,NA,0.03222087025642395,2850,8578,22463,0,0.7468944557552153,0.24938746937346867,1.0,0.27634418994233434,0.7236558100576657
22463,YFL018C YMR231W,0.0,NA,0.03223736211657524,2850,8577,22464,0,0.7469239621138355,0.24940929377789445,1.0,0.27631197448535805,0.723688025514642
22464,YJL184W tR(UCU)M2,0.0,NA,0.03224670886993408,2850,8576,22465,0,0.7469534684724558,0.24943112200245054,1.0,0.2762797590283818,0.7237202409716181
22465,YLR135W YDR320C-A,0.0,NA,0.03224997967481613,2850,8575,22466,0,0.7469829748310761,0.24945295404814005,1.0,0.2762475435714056,0.7237524564285944
22466,YCR053W YHL040C,0.0,NA,0.03225569799542427,2850,8574,22467,0,0.7470124811896964,0.2494747899159664,1.0,0.2762153281144293,0.7237846718855707
22467,YER099C YMR156C,0.0,NA,0.03226702660322189,2850,8573,22468,0,0.7470419875483166,0.2494966296069334,1.0,0.27618311265745304,0.7238168873425469
22468,YMR091C YCR019W,0.0,NA,0.032295044511556625,2850,8572,22469,0,0.747071493906937,0.24951847312204517,1.0,0.2761508972004768,0.7238491027995232
22469,YNL104C tS(UGA)E,0.0,NA,0.03231792524456978,2850,8571,22470,0,0.7471010002655573,0.2495403204623063,1.0,0.2761186817435005,0.7238813182564995
22470,YOR140W YBR257W,0.0,NA,0.03232181817293167,2850,8570,22471,0,0.7471305066241775,0.24956217162872155,1.0,0.2760864662865243,0.7239135337134758
22471,YGL043W YAR010C,0.0,NA,0.03232777118682861,2850,8569,22472,0,0.7471600129827978,0.24958402662229617,1.0,0.27605425082954804,0.723945749170452
22472,YKL173W tM(CAU)J1,0.0,NA,0.032333292067050934,2850,8568,22473,0,0.7471895193414181,0.24960588544403572,1.0,0.27602203537257175,0.7239779646274282
22473,YMR168C YFL054C,0.0,NA,0.0323355570435524,2850,8567,22474,0,0.7472190257000384,0.24962774809494614,1.0,0.2759898199155955,0.7240101800844045
22474,YPL052W YMR028W,0.0,NA,0.032358065247535706,2850,8566,22475,0,0.7472485320586586,0.24964961457603363,1.0,0.2759576044586192,0.7240423955413807
22475,Q0250 YGR048W,0.0,NA,0.032387521117925644,2850,8565,22476,0,0.7472780384172789,0.24967148488830487,1.0,0.275925389001643,0.724074610998357
22476,snR63 YGL232W,0.0,NA,0.032413143664598465,2850,8564,22477,0,0.7473075447758992,0.24969335903276677,1.0,0.27589317354466675,0.7241068264553333
22477,YER013W YDL042C,0.0,NA,0.03243040665984154,2850,8563,22478,0,0.7473370511345195,0.2497152370104267,1.0,0.27586095808769046,0.7241390419123095
22478,snR62 YNL261W,0.0,NA,0.032440703362226486,2850,8562,22479,0,0.7473665574931397,0.24973711882229233,1.0,0.2758287426307142,0.7241712573692858
22479,YDR446W tS(AGA)D1,0.0,NA,0.03244957700371742,2850,8561,22480,0,0.74739606385176,0.24975900446937166,1.0,0.275796527173738,0.7242034728262621
22480,YLR094C YDR384C,0.0,NA,0.03245145082473755,2850,8560,22481,0,0.7474255702103804,0.24978089395267308,1.0,0.2757643117167617,0.7242356882832383
22481,tT(CGU)K YDR497C,0.0,NA,0.03245411440730095,2850,8559,22482,0,0.7474550765690006,0.24980278727320537,1.0,0.27573209625978545,0.7242679037402145
22482,YHR020W YLL043W,0.0,NA,0.032459791749715805,2850,8558,22483,0,0.7474845829276209,0.24982468443197756,1.0,0.27569988080280916,0.7243001191971908
22483,YBL043W tG(CCC)D,0.0,NA,0.03247975930571556,2850,8557,22484,0,0.7475140892862412,0.24984658542999913,1.0,0.2756676653458329,0.724332334654167
22484,YNR038W YNL062C,0.0,NA,0.03248396888375282,2850,8556,22485,0,0.7475435956448615,0.24986849026827984,1.0,0.2756354498888567,0.7243645501111433
22485,YGR161C-D YBR139W,0.0,NA,0.03248937800526619,2850,8555,22486,0,0.7475731020034817,0.2498903989478299,1.0,0.2756032344318804,0.7243967655681196
22486,YAL026C YNL236W,0.0,NA,0.03249979764223099,2850,8554,22487,0,0.747602608362102,0.24991231146965978,1.0,0.27557101897490416,0.7244289810250958
22487,YER031C YDR178W,0.0,NA,0.03250166028738022,2850,8553,22488,0,0.7476321147207223,0.2499342278347803,1.0,0.2755388035179279,0.7244611964820721
22488,YDL087C tR(UCU)M1,0.0,NA,0.03254254162311554,2850,8552,22489,0,0.7476616210793426,0.24995614804420277,1.0,0.27550658806095163,0.7244934119390484
22489,YGR027W-A YCR027C,0.0,NA,0.03254598006606102,2850,8551,22490,0,0.7476911274379628,0.2499780720989387,1.0,0.2754743726039754,0.7245256273960247
22490,YBR123C YNR052C,0.0,NA,0.032547738403081894,2850,8550,22491,0,0.7477206337965832,0.25,1.0,0.27544215714699916,0.7245578428530008
22491,YGL145W tA(AGC)M1,0.0,NA,0.032557304948568344,2850,8549,22492,0,0.7477501401552035,0.250021931748399,1.0,0.27540994169002286,0.7245900583099771
22492,YIL112W YDR007W,0.0,NA,0.032562606036663055,2850,8548,22493,0,0.7477796465138238,0.2500438673451483,1.0,0.2753777262330466,0.7246222737669534
22493,YER096W tG(GCC)D2,0.0,NA,0.03256652504205704,2850,8547,22494,0,0.747809152872444,0.25006580679126084,1.0,0.27534551077607033,0.7246544892239296
22494,YCR027C YER131W,0.0,NA,0.03257620334625244,2850,8546,22495,0,0.7478386592310643,0.2500877500877501,1.0,0.2753132953190941,0.7246867046809059
22495,YER146W YLR188W,0.0,NA,0.03261255845427513,2850,8545,22496,0,0.7478681655896846,0.25010969723562965,1.0,0.27528107986211786,0.7247189201378822
22496,YPL234C YMR050C,0.0,NA,0.03262265399098396,2850,8544,22497,0,0.7478976719483048,0.25013164823591366,1.0,0.27524886440514157,0.7247511355948584
22497,YOR079C tR(ACG)L,0.0,NA,0.03263453021645546,2850,8543,22498,0,0.7479271783069251,0.2501536030896164,1.0,0.27521664894816533,0.7247833510518347
22498,YDR164C YJL134W,0.0,NA,0.03265934810042381,2850,8542,22499,0,0.7479566846655454,0.2501755617977528,1.0,0.2751844334911891,0.724815566508811
22499,tA(AGC)M2 YDL056W,0.0,NA,0.032661620527505875,2850,8541,22500,0,0.7479861910241657,0.2501975243613379,1.0,0.2751522180342128,0.7248477819657871
22500,YPR158W-B YDR394W,0.0,NA,0.03273528069257736,2850,8540,22501,0,0.748015697382786,0.25021949078138717,1.0,0.27512000257723657,0.7248799974227634
22501,YMR165C YDL007W,0.0,NA,0.032740913331508636,2850,8539,22502,0,0.7480452037414063,0.2502414610589165,1.0,0.2750877871202603,0.7249122128797397
22502,YOR075W YNR054C,0.0,NA,0.0327860489487648,2850,8538,22503,0,0.7480747101000266,0.25026343519494204,1.0,0.27505557166328404,0.7249444283367159
22503,YBR029C tQ(UUG)L,0.0,NA,0.03278728947043419,2850,8537,22504,0,0.7481042164586469,0.25028541319048037,1.0,0.2750233562063078,0.7249766437936922
22504,YGR109W-A YGR024C,0.0,NA,0.03279228135943413,2850,8536,22505,0,0.7481337228172671,0.2503073950465484,1.0,0.2749911407493315,0.7250088592506685
22505,YLR113W tG(GCC)D2,0.0,NA,0.03283163905143738,2850,8535,22506,0,0.7481632291758874,0.2503293807641634,1.0,0.27495892529235527,0.7250410747076447
22506,YML012W YMR174C,0.0,NA,0.0328415147960186,2850,8534,22507,0,0.7481927355345077,0.25035137034434296,1.0,0.27492670983537904,0.725073290164621
22507,YGR274C YFL037W,0.0,NA,0.03286466374993324,2850,8533,22508,0,0.7482222418931279,0.2503733637881051,1.0,0.27489449437840274,0.7251055056215973
22508,YCL069W YNR030W,0.0,NA,0.03286862000823021,2850,8532,22509,0,0.7482517482517482,0.2503953610964681,1.0,0.2748622789214265,0.7251377210785735
22509,YMR048W YFR013W,0.0,NA,0.03286965191364288,2850,8531,22510,0,0.7482812546103685,0.25041736227045075,1.0,0.27483006346445027,0.7251699365355497
22510,tA(AGC)K1 YOL119C,0.0,NA,0.032870881259441376,2850,8530,22511,0,0.7483107609689889,0.2504393673110721,1.0,0.274797848007474,0.725202151992526
22511,YBR299W YDR507C,0.0,NA,0.03288012742996216,2850,8529,22512,0,0.748340267327609,0.25046137621935144,1.0,0.27476563255049774,0.7252343674495023
22512,YML051W YHR047C,0.0,NA,0.032897114753723145,2850,8528,22513,0,0.7483697736862294,0.2504833889963087,1.0,0.27473341709352145,0.7252665829064785
22513,YKL070W YDL060W,0.0,NA,0.032900284975767136,2850,8527,22514,0,0.7483992800448497,0.25050540564296386,1.0,0.2747012016365452,0.7252987983634548
22514,YDR379W YGR096W,0.0,NA,0.03292376548051834,2850,8526,22515,0,0.74842878640347,0.2505274261603376,1.0,0.274668986179569,0.7253310138204311
22515,YBR131W snR79,0.0,NA,0.03292841091752052,2850,8525,22516,0,0.7484582927620902,0.25054945054945055,1.0,0.2746367707225927,0.7253632292774073
22516,YDR100W tA(AGC)D,0.0,NA,0.032944537699222565,2850,8524,22517,0,0.7484877991207105,0.2505714788113241,1.0,0.27460455526561645,0.7253954447343836
22517,YPR108W tG(GCC)J2,0.0,NA,0.03295937180519104,2850,8523,22518,0,0.7485173054793308,0.2505935109469797,1.0,0.2745723398086402,0.7254276601913598
22518,YDR452W YDR305C,0.0,NA,0.032968901097774506,2850,8522,22519,0,0.7485468118379511,0.2506155469574393,1.0,0.2745401243516639,0.725459875648336
22519,tR(CCU)J YKL110C,0.0,NA,0.0329810194671154,2850,8521,22520,0,0.7485763181965713,0.2506375868437253,1.0,0.2745079088946877,0.7254920911053123
22520,YPR049C YER133W,0.0,NA,0.032988108694553375,2850,8520,22521,0,0.7486058245551916,0.25065963060686014,1.0,0.2744756934377114,0.7255243065622886
22521,YKR085C YPR125W,0.0,NA,0.032991986721754074,2850,8519,22522,0,0.748635330913812,0.250681678247867,1.0,0.27444347798073515,0.7255565220192648
22522,YJR139C YBL105C,0.0,NA,0.03302796930074692,2850,8518,22523,0,0.7486648372724322,0.25070372976776917,1.0,0.2744112625237589,0.7255887374762411
22523,YBL020W tT(CGU)K,0.0,NA,0.03304344415664673,2850,8517,22524,0,0.7486943436310525,0.2507257851675904,1.0,0.2743790470667826,0.7256209529332174
22524,snR189 YGL198W,0.0,NA,0.03304752707481384,2850,8516,22525,0,0.7487238499896728,0.25074784444835474,1.0,0.2743468316098064,0.7256531683901937
22525,YOR103C YDL212W,0.0,NA,0.03305407986044884,2850,8515,22526,0,0.7487533563482931,0.2507699076110867,1.0,0.27431461615283015,0.7256853838471699
22526,YOR192C-A YML019W,0.0,NA,0.033059537410736084,2850,8514,22527,0,0.7487828627069133,0.25079197465681097,1.0,0.27428240069585386,0.7257175993041461
22527,snR73 YPR111W,0.0,NA,0.03307304531335831,2850,8513,22528,0,0.7488123690655336,0.25081404558655285,1.0,0.2742501852388776,0.7257498147611224
22528,YML116W tH(GUG)K,0.0,NA,0.033092983067035675,2850,8512,22529,0,0.7488418754241539,0.2508361204013378,1.0,0.2742179697819014,0.7257820302180986
22529,YKR069W YNL085W,0.0,NA,0.03311672806739807,2850,8511,22530,0,0.7488713817827742,0.2508581991021917,1.0,0.2741857543249251,0.7258142456750749
22530,YCR081W YBR223C,0.0,NA,0.03311784565448761,2850,8510,22531,0,0.7489008881413944,0.25088028169014087,1.0,0.27415353886794885,0.7258464611320512
22531,snR39 YHL002W,0.0,NA,0.033122945576906204,2850,8509,22532,0,0.7489303945000148,0.2509023681662118,1.0,0.27412132341097256,0.7258786765890274
22532,YDR487C YHR079C-A,0.0,NA,0.033124640583992004,2850,8508,22533,0,0.7489599008586351,0.2509244585314316,1.0,0.2740891079539963,0.7259108920460037
22533,YIL142W YDR141C,0.0,NA,0.03313719481229782,2850,8507,22534,0,0.7489894072172553,0.2509465527868275,1.0,0.2740568924970201,0.72594310750298
22534,YBR275C YDL045C,0.0,NA,0.0331418551504612,2850,8506,22535,0,0.7490189135758756,0.25096865093342724,1.0,0.2740246770400438,0.7259753229599561
22535,YOL116W tG(GCC)D2,0.0,NA,0.033146195113658905,2850,8505,22536,0,0.7490484199344959,0.2509907529722589,1.0,0.27399246158306756,0.7260075384169324
22536,YNL135C YDL148C,0.0,NA,0.03314715623855591,2850,8504,22537,0,0.7490779262931162,0.2510128589043509,1.0,0.2739602461260913,0.7260397538739087
22537,YGL011C tG(GCC)D2,0.0,NA,0.03315548971295357,2850,8503,22538,0,0.7491074326517364,0.25103496873073194,1.0,0.27392803066911503,0.7260719693308849
22538,YIR023W YMR217W,0.0,NA,0.03316369652748108,2850,8502,22539,0,0.7491369390103567,0.2510570824524313,1.0,0.2738958152121388,0.7261041847878612
22539,YDL213C tT(AGU)J,0.0,NA,0.033186133950948715,2850,8501,22540,0,0.749166445368977,0.25107920007047835,1.0,0.2738635997551625,0.7261364002448375
22540,YML075C YER069W,0.0,NA,0.03319952264428139,2850,8500,22541,0,0.7491959517275973,0.2511013215859031,1.0,0.27383138429818626,0.7261686157018137
22541,YNL218W tM(CAU)J3,0.0,NA,0.03320781886577606,2850,8499,22542,0,0.7492254580862175,0.25112344699973566,1.0,0.27379916884121,0.72620083115879
22542,YOR255W YPR187W,0.0,NA,0.033231157809495926,2850,8498,22543,0,0.7492549644448379,0.2511455763130067,1.0,0.27376695338423374,0.7262330466157663
22543,tC(GCA)P1 YNL298W,0.0,NA,0.03324674069881439,2850,8497,22544,0,0.7492844708034582,0.25116770952674716,1.0,0.2737347379272575,0.7262652620727426
22544,snR7-L YHR068W,0.0,NA,0.0332505889236927,2850,8496,22545,0,0.7493139771620785,0.25118984664198835,1.0,0.27370252247028126,0.7262974775297187
22545,YGL039W YIL071C,0.0,NA,0.033268220722675323,2850,8495,22546,0,0.7493434835206987,0.251211987659762,1.0,0.27367030701330497,0.726329692986695
22546,YIR002C YDL161W,0.0,NA,0.03329084813594818,2850,8494,22547,0,0.749372989879319,0.25123413258110017,1.0,0.27363809155632873,0.7263619084436713
22547,YOL017W snR31,0.0,NA,0.03329813852906227,2850,8493,22548,0,0.7494024962379393,0.25125628140703515,1.0,0.2736058760993525,0.7263941239006475
22548,YGR241C YER170W,0.0,NA,0.03331981599330902,2850,8492,22549,0,0.7494320025965595,0.2512784341385999,1.0,0.2735736606423762,0.7264263393576238
22549,YJR019C YLR467W,0.0,NA,0.03335374593734741,2850,8491,22550,0,0.7494615089551798,0.2513005907768274,1.0,0.27354144518539997,0.7264585548146001
22550,YPR052C YLL035W,0.0,NA,0.03339377045631409,2850,8490,22551,0,0.7494910153138001,0.25132275132275134,1.0,0.2735092297284237,0.7264907702715763
22551,tS(AGA)D1 YGL240W,0.0,NA,0.033425308763980865,2850,8489,22552,0,0.7495205216724204,0.2513449157774054,1.0,0.27347701427144744,0.7265229857285526
22552,YDL045C YDR384C,0.0,NA,0.03343205526471138,2850,8488,22553,0,0.7495500280310406,0.25136708414182396,1.0,0.2734447988144712,0.7265552011855289
22553,YGR027W-B YMR063W,0.0,NA,0.03344498574733734,2850,8487,22554,0,0.749579534389661,0.2513892564170415,1.0,0.2734125833574949,0.726587416642505
22554,tQ(UUG)E2 YER014W,0.0,NA,0.033453311771154404,2850,8486,22555,0,0.7496090407482813,0.25141143260409315,1.0,0.2733803679005187,0.7266196320994813
22555,YNL180C YDL119C,0.0,NA,0.03346313536167145,2850,8485,22556,0,0.7496385471069016,0.2514336127040141,1.0,0.27334815244354244,0.7266518475564576
22556,YEL051W YBR081C,0.0,NA,0.03349481150507927,2850,8484,22557,0,0.7496680534655218,0.25145579671784013,1.0,0.27331593698656614,0.7266840630134338
22557,tS(UGA)E YMR236W,0.0,NA,0.03350870683789253,2850,8483,22558,0,0.7496975598241421,0.25147798464660726,1.0,0.2732837215295899,0.7267162784704101
22558,YMR078C snR52,0.0,NA,0.033514637500047684,2850,8482,22559,0,0.7497270661827624,0.2515001764913519,1.0,0.2732515060726136,0.7267484939273864
22559,YJL087C YNL293W,0.0,NA,0.033532604575157166,2850,8481,22560,0,0.7497565725413826,0.2515223722531109,1.0,0.2732192906156374,0.7267807093843626
22560,YKL048C YBL005W,0.0,NA,0.033535510301589966,2850,8480,22561,0,0.7497860789000029,0.25154457193292146,1.0,0.27318707515866114,0.7268129248413389
22561,YLR308W YDL192W,0.0,NA,0.033540256321430206,2850,8479,22562,0,0.7498155852586232,0.251566775531821,1.0,0.27315485970168485,0.7268451402983152
22562,YMR277W YFL041W,0.0,NA,0.03354065865278244,2850,8478,22563,0,0.7498450916172436,0.2515889830508475,1.0,0.2731226442447086,0.7268773557552914
22563,YLR227W-B YDR477W,0.0,NA,0.03354203328490257,2850,8477,22564,0,0.7498745979758638,0.25161119449103914,1.0,0.2730904287877324,0.7269095712122676
22564,YNR008W tA(AGC)J,0.0,NA,0.03354359418153763,2850,8476,22565,0,0.7499041043344841,0.2516334098534346,1.0,0.2730582133307561,0.7269417866692439
22565,tG(GCC)M YDR305C,0.0,NA,0.03354863449931145,2850,8475,22566,0,0.7499336106931044,0.25165562913907286,1.0,0.27302599787377985,0.7269740021262202
22566,YBR102C YBR057C,0.0,NA,0.03354985639452934,2850,8474,22567,0,0.7499631170517247,0.2516778523489933,1.0,0.2729937824168036,0.7270062175831964
22567,YJL139C YJL113W,0.0,NA,0.03356296941637993,2850,8473,22568,0,0.7499926234103449,0.2517000794842356,1.0,0.2729615669598273,0.7270384330401727
22568,YPL148C YGL022W,0.0,NA,0.033572543412446976,2850,8472,22569,0,0.7500221297689652,0.25172231054583993,1.0,0.2729293515028511,0.727070648497149
22569,YCR014C YML008C,0.0,NA,0.03359284996986389,2850,8471,22570,0,0.7500516361275855,0.25174454553484676,1.0,0.2728971360458748,0.7271028639541252
22570,YJL100W tM(CAU)J3,0.0,NA,0.033605094999074936,2850,8470,22571,0,0.7500811424862058,0.25176678445229683,1.0,0.27286492058889855,0.7271350794111014
22571,YDR044W YDR469W,0.0,NA,0.03361547365784645,2850,8469,22572,0,0.750110648844826,0.25178902729923136,1.0,0.2728327051319223,0.7271672948680777
22572,YBL011W YKR072C,0.0,NA,0.03362011909484863,2850,8468,22573,0,0.7501401552034463,0.251811274076692,1.0,0.272800489674946,0.7271995103250539
22573,YKL017C YHR013C,0.0,NA,0.03363369405269623,2850,8467,22574,0,0.7501696615620667,0.2518335247857206,1.0,0.2727682742179698,0.7272317257820302
22574,YBL100W-A YDL191W,0.0,NA,0.03364338353276253,2850,8466,22575,0,0.7501991679206869,0.2518557794273595,1.0,0.27273605876099355,0.7272639412390065
22575,YHR193C YPL227C,0.0,NA,0.0336529016494751,2850,8465,22576,0,0.7502286742793072,0.25187803800265135,1.0,0.27270384330401726,0.7272961566959827
22576,snR74 Q0115,0.0,NA,0.03367289528250694,2850,8464,22577,0,0.7502581806379275,0.25190030051263923,1.0,0.272671627847041,0.727328372152959
22577,tG(CCC)O YJR091C,0.0,NA,0.03367582708597183,2850,8463,22578,0,0.7502876869965478,0.25192256695836646,1.0,0.27263941239006473,0.7273605876099353
22578,YPR192W YJL088W,0.0,NA,0.033690109848976135,2850,8462,22579,0,0.750317193355168,0.25194483734087697,1.0,0.2726071969330885,0.7273928030669115
22579,YKL088W YDR072C,0.0,NA,0.03369024768471718,2850,8461,22580,0,0.7503466997137883,0.25196711166121477,1.0,0.27257498147611225,0.7274250185238877
22580,MAL23 YPL149W,0.0,NA,0.03370003029704094,2850,8460,22581,0,0.7503762060724086,0.2519893899204244,1.0,0.27254276601913596,0.727457233980864
22581,YKL025C snR51,0.0,NA,0.03371674194931984,2850,8459,22582,0,0.7504057124310289,0.2520116721195508,1.0,0.2725105505621597,0.7274894494378403
22582,YBR240C YPR168W,0.0,NA,0.03372669965028763,2850,8458,22583,0,0.7504352187896491,0.2520339582596392,1.0,0.2724783351051835,0.7275216648948165
22583,YOL005C YOR127W,0.0,NA,0.03372836112976074,2850,8457,22584,0,0.7504647251482695,0.25205624834173523,1.0,0.2724461196482072,0.7275538803517928
22584,YAL014C YDL039C,0.0,NA,0.033740922808647156,2850,8456,22585,0,0.7504942315068898,0.2520785423668848,1.0,0.27241390419123096,0.7275860958087691
22585,YMR322C snR43,0.0,NA,0.0337442010641098,2850,8455,22586,0,0.75052373786551,0.25210084033613445,1.0,0.27238168873425467,0.7276183112657453
22586,YLL060C YML121W,0.0,NA,0.03375667333602905,2850,8454,22587,0,0.7505532442241303,0.2521231422505308,1.0,0.27234947327727843,0.7276505267227216
22587,YGL133W YOR293W,0.0,NA,0.033758338540792465,2850,8453,22588,0,0.7505827505827506,0.25214544811112094,1.0,0.2723172578203022,0.7276827421796979
22588,YDR531W YDR523C,0.0,NA,0.03375900536775589,2850,8452,22589,0,0.7506122569413709,0.2521677579189524,1.0,0.2722850423633259,0.727714957636674
22589,YCL069W YGL077C,0.0,NA,0.03375956788659096,2850,8451,22590,0,0.7506417632999911,0.252190071675073,1.0,0.27225282690634967,0.7277471730936503
22590,snR39 YGL043W,0.0,NA,0.03376498073339462,2850,8450,22591,0,0.7506712696586114,0.252212389380531,1.0,0.27222061144937343,0.7277793885506266
22591,tG(GCC)O1 YBL072C,0.0,NA,0.03376927226781845,2850,8449,22592,0,0.7507007760172317,0.2522347110363749,1.0,0.27218839599239714,0.7278116040076028
22592,YOR081C YOR254C,0.0,NA,0.033769384026527405,2850,8448,22593,0,0.750730282375852,0.25225703664365373,1.0,0.2721561805354209,0.7278438194645791
22593,YMR184W YCL034W,0.0,NA,0.033770784735679626,2850,8447,22594,0,0.7507597887344722,0.25227936620341684,1.0,0.27212396507844466,0.7278760349215554
22594,YMR172W YFR041C,0.0,NA,0.03377591818571091,2850,8446,22595,0,0.7507892950930926,0.2523016997167139,1.0,0.27209174962146837,0.7279082503785316
22595,YGR178C snR36,0.0,NA,0.03382141888141632,2850,8445,22596,0,0.7508188014517129,0.25232403718459495,1.0,0.27205953416449213,0.7279404658355079
22596,tR(ACG)O YDR085C,0.0,NA,0.03382451832294464,2850,8444,22597,0,0.7508483078103332,0.2523463786081105,1.0,0.27202731870751584,0.7279726812924842
22597,YGR212W snR63,0.0,NA,0.033829085528850555,2850,8443,22598,0,0.7508778141689534,0.25236872398831134,1.0,0.2719951032505396,0.7280048967494603
22598,YDR184C snR5,0.0,NA,0.03383769094944,2850,8442,22599,0,0.7509073205275737,0.25239107332624866,1.0,0.27196288779356337,0.7280371122064366
22599,YLL021W YAL009W,0.0,NA,0.033839888870716095,2850,8441,22600,0,0.750936826886194,0.25241342662297406,1.0,0.2719306723365871,0.7280693276634129
22600,YNL149C YOL095C,0.0,NA,0.03384801000356674,2850,8440,22601,0,0.7509663332448142,0.2524357838795394,1.0,0.27189845687961084,0.7281015431203892
22601,YOR368W YJR139C,0.0,NA,0.03385169059038162,2850,8439,22602,0,0.7509958396034345,0.2524581450969971,1.0,0.2718662414226346,0.7281337585773654
22602,YDR065W YOL078W,0.0,NA,0.03387562185525894,2850,8438,22603,0,0.7510253459620548,0.25248051027639973,1.0,0.2718340259656583,0.7281659740343417
22603,YLR188W YPR051W,0.0,NA,0.03388175740838051,2850,8437,22604,0,0.7510548523206751,0.2525028794188004,1.0,0.2718018105086821,0.728198189491318
22604,YOR156C YBR155W,0.0,NA,0.03390231728553772,2850,8436,22605,0,0.7510843586792953,0.25252525252525254,1.0,0.2717695950517058,0.7282304049482942
22605,YMR251W-A YEL022W,0.0,NA,0.03390667587518692,2850,8435,22606,0,0.7511138650379157,0.25254762959680993,1.0,0.27173737959472954,0.7282626204052705
22606,YOL081W YKL112W,0.0,NA,0.03392237797379494,2850,8434,22607,0,0.751143371396536,0.2525700106345268,1.0,0.2717051641377533,0.7282948358622467
22607,tT(AGU)J YGR222W,0.0,NA,0.033928144723176956,2850,8433,22608,0,0.7511728777551563,0.25259239563945757,1.0,0.271672948680777,0.7283270513192229
22608,YAL058W YKL171W,0.0,NA,0.0339338518679142,2850,8432,22609,0,0.7512023841137765,0.25261478461265735,1.0,0.2716407332238008,0.7283592667761992
22609,YJR003C YOL163W,0.0,NA,0.03393963351845741,2850,8431,22610,0,0.7512318904723968,0.2526371775551813,1.0,0.27160851776682454,0.7283914822331755
22610,YBR263W YBL034C,0.0,NA,0.03395729139447212,2850,8430,22611,0,0.7512613968310171,0.2526595744680851,1.0,0.27157630230984825,0.7284236976901517
22611,YEL022W YKL060C,0.0,NA,0.03397631645202637,2850,8429,22612,0,0.7512909031896373,0.25268197535242487,1.0,0.271544086852872,0.728455913147128
22612,YAR003W YHR044C,0.0,NA,0.03398309275507927,2850,8428,22613,0,0.7513204095482576,0.25270438020925695,1.0,0.2715118713958958,0.7284881286041043
22613,tR(ACG)D YDR363W,0.0,NA,0.033996980637311935,2850,8427,22614,0,0.7513499159068779,0.2527267890396382,1.0,0.2714796559389195,0.7285203440610805
22614,YNL180C YNL294C,0.0,NA,0.03401371091604233,2850,8426,22615,0,0.7513794222654983,0.25274920184462574,1.0,0.27144744048194325,0.7285525595180568
22615,YOR197W YKR095W-A,0.0,NA,0.03402503952383995,2850,8425,22616,0,0.7514089286241185,0.25277161862527714,1.0,0.27141522502496696,0.728584774975033
22616,YNL247W YDR213W,0.0,NA,0.03402779996395111,2850,8424,22617,0,0.7514384349827388,0.2527940393826503,1.0,0.2713830095679907,0.7286169904320092
22617,YLR310C YGR075C,0.0,NA,0.03403086960315704,2850,8423,22618,0,0.7514679413413591,0.2528164641178036,1.0,0.2713507941110145,0.7286492058889855
22618,YLR129W YDL214C,0.0,NA,0.03403859958052635,2850,8422,22619,0,0.7514974476999794,0.2528388928317956,1.0,0.2713185786540382,0.7286814213459618
22619,YAL029C snR36,0.0,NA,0.03404131159186363,2850,8421,22620,0,0.7515269540585996,0.2528613255256854,1.0,0.27128636319706195,0.7287136368029381
22620,YDR200C snR13,0.0,NA,0.0340547189116478,2850,8420,22621,0,0.7515564604172199,0.2528837622005324,1.0,0.2712541477400857,0.7287458522599143
22621,YPL094C snR73,0.0,NA,0.03406890109181404,2850,8419,22622,0,0.7515859667758402,0.2529062028573964,1.0,0.2712219322831094,0.7287780677168906
22622,YGL212W YGR161C-D,0.0,NA,0.03409026563167572,2850,8418,22623,0,0.7516154731344604,0.25292864749733757,1.0,0.2711897168261332,0.7288102831738669
22623,YDR320C YOR014W,0.0,NA,0.03409786522388458,2850,8417,22624,0,0.7516449794930807,0.25295109612141653,1.0,0.2711575013691569,0.728842498630843
22624,snR7-L YMR177W,0.0,NA,0.034110698848962784,2850,8416,22625,0,0.751674485851701,0.2529735487306941,1.0,0.27112528591218066,0.7288747140878193
22625,YPL111W YIL016W,0.0,NA,0.03415653854608536,2850,8415,22626,0,0.7517039922103214,0.2529960053262317,1.0,0.2710930704552044,0.7289069295447956
22626,YOR242C YHR133C,0.0,NA,0.03416341543197632,2850,8414,22627,0,0.7517334985689416,0.2530184659090909,1.0,0.27106085499822813,0.7289391450017718
22627,YOR284W YDR427W,0.0,NA,0.03416827693581581,2850,8413,22628,0,0.7517630049275619,0.2530409304803338,1.0,0.2710286395412519,0.7289713604587481
22628,YOR018W YLR340W,0.0,NA,0.03417721763253212,2850,8412,22629,0,0.7517925112861822,0.25306339904102293,1.0,0.27099642408427566,0.7290035759157244
22629,YLR262C-A YOR359W,0.0,NA,0.03418467566370964,2850,8411,22630,0,0.7518220176448025,0.25308587159222096,1.0,0.27096420862729936,0.7290357913727006
22630,YMR272C snR39B,0.0,NA,0.03418659791350365,2850,8410,22631,0,0.7518515240034227,0.2531083481349911,1.0,0.2709319931703231,0.7290680068296769
22631,YOL081W YOL003C,0.0,NA,0.034195464104413986,2850,8409,22632,0,0.751881030362043,0.253130828670397,1.0,0.2708997777133469,0.7291002222866532
22632,tS(AGA)J YCR106W,0.0,NA,0.034204818308353424,2850,8408,22633,0,0.7519105367206633,0.25315331319950257,1.0,0.2708675622563706,0.7291324377436293
22633,YOR026W YPR182W,0.0,NA,0.03420877456665039,2850,8407,22634,0,0.7519400430792836,0.2531758017233721,1.0,0.27083534679939436,0.7291646532006056
22634,snR17a YJR003C,0.0,NA,0.034217093139886856,2850,8406,22635,0,0.7519695494379038,0.2531982942430704,1.0,0.27080313134241807,0.7291968686575819
22635,Q0110 YGR074W,0.0,NA,0.03422681614756584,2850,8405,22636,0,0.7519990557965242,0.25322079075966236,1.0,0.27077091588544183,0.7292290841145581
22636,YKL203C YOL065C,0.0,NA,0.03422697260975838,2850,8404,22637,0,0.7520285621551445,0.25324329127421363,1.0,0.2707387004284656,0.7292612995715344
22637,YDR238C YEL057C,0.0,NA,0.034262221306562424,2850,8403,22638,0,0.7520580685137647,0.2532657957877899,1.0,0.2707064849714893,0.7292935150285107
22638,YLR186W YLR346C,0.0,NA,0.034271515905857086,2850,8402,22639,0,0.752087574872385,0.25328830430145755,1.0,0.27067426951451307,0.729325730485487
22639,YGR009C YML007W,0.0,NA,0.0342780165374279,2850,8401,22640,0,0.7521170812310053,0.253310816816283,1.0,0.27064205405753683,0.7293579459424632
22640,Q0070 YML057W,0.0,NA,0.03428226336836815,2850,8400,22641,0,0.7521465875896256,0.25333333333333335,1.0,0.27060983860056054,0.7293901613994395
22641,YPL241C tR(ACG)L,0.0,NA,0.034307483583688736,2850,8399,22642,0,0.7521760939482458,0.25335585385367587,1.0,0.2705776231435843,0.7294223768564158
22642,YNL183C YGR120C,0.0,NA,0.03432868793606758,2850,8398,22643,0,0.7522056003068661,0.2533783783783784,1.0,0.270545407686608,0.7294545923133919
22643,snR60 YBR201W,0.0,NA,0.03433052450418472,2850,8397,22644,0,0.7522351066654864,0.2534009069085089,1.0,0.27051319222963177,0.7294868077703682
22644,tE(CUC)D YOR113W,0.0,NA,0.034344516694545746,2850,8396,22645,0,0.7522646130241067,0.25342343944513607,1.0,0.27048097677265553,0.7295190232273445
22645,YDR206W tA(AGC)J,0.0,NA,0.03434748947620392,2850,8395,22646,0,0.752294119382727,0.2534459759893286,1.0,0.27044876131567924,0.7295512386843207
22646,YBL021C YKL092C,0.0,NA,0.034349750727415085,2850,8394,22647,0,0.7523236257413473,0.2534685165421558,1.0,0.270416545858703,0.729583454141297
22647,YGR282C YGR116W,0.0,NA,0.034353677183389664,2850,8393,22648,0,0.7523531320999676,0.2534910611046874,1.0,0.27038433040172677,0.7296156695982733
22648,YER055C YJL140W,0.0,NA,0.034367721527814865,2850,8392,22649,0,0.7523826384585878,0.25351360967799325,1.0,0.2703521149447505,0.7296478850552495
22649,YIR030C YJL047C,0.0,NA,0.034370746463537216,2850,8391,22650,0,0.7524121448172081,0.25353616226314385,1.0,0.27031989948777424,0.7296801005122258
22650,snR41 YOR250C,0.0,NA,0.034398578107357025,2850,8390,22651,0,0.7524416511758284,0.25355871886120995,1.0,0.270287684030798,0.729712315969202
22651,YGR156W YBR110W,0.0,NA,0.034406546503305435,2850,8389,22652,0,0.7524711575344487,0.25358127947326276,1.0,0.2702554685738217,0.7297445314261782
22652,YBL001C YBL034C,0.0,NA,0.03442586213350296,2850,8388,22653,0,0.7525006638930689,0.25360384410037373,1.0,0.2702232531168455,0.7297767468831545
22653,tR(ACG)D YLR088W,0.0,NA,0.03442702069878578,2850,8387,22654,0,0.7525301702516892,0.25362641274361486,1.0,0.2701910376598692,0.7298089623401308
22654,YOR348C tQ(CUG)M,0.0,NA,0.03447136655449867,2850,8386,22655,0,0.7525596766103095,0.2536489854040584,1.0,0.27015882220289295,0.729841177797107
22655,YHR064C YLR430W,0.0,NA,0.034478843212127686,2850,8385,22656,0,0.7525891829689298,0.253671562082777,1.0,0.2701266067459167,0.7298733932540833
22656,YGR063C YIL166C,0.0,NA,0.034491609781980515,2850,8384,22657,0,0.75261868932755,0.25369414278084385,1.0,0.2700943912889404,0.7299056087110596
22657,YIL115C Q0275,0.0,NA,0.03449886664748192,2850,8383,22658,0,0.7526481956861704,0.25371672749933233,1.0,0.2700621758319642,0.7299378241680359
22658,snR17a YKR102W,0.0,NA,0.03450588509440422,2850,8382,22659,0,0.7526777020447907,0.2537393162393162,1.0,0.27002996037498794,0.7299700396250121
22659,YDL142C YKR085C,0.0,NA,0.03452892601490021,2850,8381,22660,0,0.752707208403411,0.25376190900186985,1.0,0.26999774491801165,0.7300022550819883
22660,YNL232W tA(AGC)P,0.0,NA,0.03453190252184868,2850,8380,22661,0,0.7527367147620312,0.25378450578806766,1.0,0.2699655294610354,0.7300344705389646
22661,YBR166C YIL125W,0.0,NA,0.03454430401325226,2850,8379,22662,0,0.7527662211206515,0.25380710659898476,1.0,0.2699333140040591,0.7300666859959408
22662,YOR323C YJL168C,0.0,NA,0.0345521941781044,2850,8378,22663,0,0.7527957274792718,0.2538297114356965,1.0,0.2699010985470829,0.7300989014529171
22663,YNL246W YHL040C,0.0,NA,0.034553974866867065,2850,8377,22664,0,0.752825233837892,0.2538523202992785,1.0,0.26986888309010665,0.7301311169098934
22664,YGR140W tD(GUC)J1,0.0,NA,0.034556105732917786,2850,8376,22665,0,0.7528547401965123,0.25387493319080706,1.0,0.26983666763313036,0.7301633323668696
22665,YKL054C YBR127C,0.0,NA,0.034561023116111755,2850,8375,22666,0,0.7528842465551326,0.25389755011135856,1.0,0.2698044521761541,0.7301955478238459
22666,snR31 YOL140W,0.0,NA,0.03457380086183548,2850,8374,22667,0,0.752913752913753,0.25392017106201,1.0,0.2697722367191779,0.7302277632808222
22667,YLR433C YKL210W,0.0,NA,0.03458932414650917,2850,8373,22668,0,0.7529432592723732,0.25394279604383857,1.0,0.2697400212622016,0.7302599787377984
22668,YDR363W YHR129C,0.0,NA,0.03460751101374626,2850,8372,22669,0,0.7529727656309935,0.2539654250579219,1.0,0.26970780580522535,0.7302921941947746
22669,YMR212C YFR013W,0.0,NA,0.034650612622499466,2850,8371,22670,0,0.7530022719896138,0.2539880581053382,1.0,0.2696755903482491,0.7303244096517509
22670,YPL228W YDR316W-B,0.0,NA,0.03465905040502548,2850,8370,22671,0,0.7530317783482341,0.2540106951871658,1.0,0.2696433748912728,0.7303566251087271
22671,snR79 YKR035W-A,0.0,NA,0.03466246649622917,2850,8369,22672,0,0.7530612847068543,0.2540333363044835,1.0,0.2696111594342966,0.7303888405657034
22672,YFL002W-A YCR021C,0.0,NA,0.03466540202498436,2850,8368,22673,0,0.7530907910654746,0.2540559814583705,1.0,0.2695789439773203,0.7304210560226797
22673,YGR056W YLR378C,0.0,NA,0.034678950905799866,2850,8367,22674,0,0.7531202974240949,0.2540786306499064,1.0,0.26954672852034406,0.7304532714796559
22674,YGL227W YLL015W,0.0,NA,0.034681905061006546,2850,8366,22675,0,0.7531498037827151,0.25410128388017117,1.0,0.2695145130633678,0.7304854869366322
22675,YLR360W YPL146C,0.0,NA,0.03468425199389458,2850,8365,22676,0,0.7531793101413354,0.2541239411502452,1.0,0.26948229760639153,0.7305177023936085
22676,YMR292W YGR260W,0.0,NA,0.034713514149188995,2850,8364,22677,0,0.7532088164999557,0.2541466024612092,1.0,0.2694500821494153,0.7305499178505848
22677,YNL044W YDL080C,0.0,NA,0.03471389785408974,2850,8363,22678,0,0.7532383228585761,0.2541692678141443,1.0,0.26941786669243906,0.7305821333075609
22678,YNL163C YGR240C,0.0,NA,0.034728821367025375,2850,8362,22679,0,0.7532678292171963,0.254191937210132,1.0,0.26938565123546276,0.7306143487645372
22679,YGL033W snR13,0.0,NA,0.03473664075136185,2850,8361,22680,0,0.7532973355758166,0.2542146106502542,1.0,0.2693534357784865,0.7306465642215135
22680,YGR027W-B YDL111C,0.0,NA,0.03475472703576088,2850,8360,22681,0,0.7533268419344369,0.2542372881355932,1.0,0.26932122032151024,0.7306787796784897
22681,YDR390C YER169W,0.0,NA,0.0347561351954937,2850,8359,22682,0,0.7533563482930572,0.2542599696672317,1.0,0.269289004864534,0.730710995135466
22682,YDL019C YOR197W,0.0,NA,0.03477208688855171,2850,8358,22683,0,0.7533858546516774,0.25428265524625265,1.0,0.26925678940755776,0.7307432105924423
22683,YCR086W YMR226C,0.0,NA,0.03478679805994034,2850,8357,22684,0,0.7534153610102977,0.2543053448737396,1.0,0.26922457395058147,0.7307754260494185
22684,tR(ACG)D YIL080W,0.0,NA,0.034787215292453766,2850,8356,22685,0,0.753444867368918,0.25432803855077635,1.0,0.26919235849360523,0.7308076415063948
22685,YJL212C tV(UAC)B,0.0,NA,0.03480846807360649,2850,8355,22686,0,0.7534743737275383,0.2543507362784471,1.0,0.269160143036629,0.7308398569633711
22686,YLR372W YJL006C,0.0,NA,0.03483106195926666,2850,8354,22687,0,0.7535038800861585,0.25437343805783647,1.0,0.2691279275796527,0.7308720724203472
22687,YPL091W YLR228C,0.0,NA,0.03484061732888222,2850,8353,22688,0,0.7535333864447789,0.25439614389002946,1.0,0.26909571212267647,0.7309042878773235
22688,YKL190W YER124C,0.0,NA,0.03485316038131714,2850,8352,22689,0,0.7535628928033992,0.2544188537761114,1.0,0.26906349666570023,0.7309365033342998
22689,YER102W YBR278W,0.0,NA,0.03488178551197052,2850,8351,22690,0,0.7535923991620194,0.2544415677171681,1.0,0.26903128120872394,0.730968718791276
22690,YPR137C-A YGL178W,0.0,NA,0.03488270193338394,2850,8350,22691,0,0.7536219055206397,0.2544642857142857,1.0,0.2689990657517477,0.7310009342482523
22691,YDR423C YKL025C,0.0,NA,0.034885942935943604,2850,8349,22692,0,0.75365141187926,0.25448700776855077,1.0,0.2689668502947714,0.7310331497052286
22692,YNL128W snR31,0.0,NA,0.03489578515291214,2850,8348,22693,0,0.7536809182378803,0.2545097338810502,1.0,0.2689346348377952,0.7310653651622048
22693,YAR031W YKL182W,0.0,NA,0.03489935025572777,2850,8347,22694,0,0.7537104245965005,0.25453246405287133,1.0,0.26890241938081894,0.7310975806191811
22694,YER145C YPR111W,0.0,NA,0.03491204231977463,2850,8346,22695,0,0.7537399309551208,0.2545551982851018,1.0,0.26887020392384264,0.7311297960761574
22695,YIL077C YKR080W,0.0,NA,0.03492064028978348,2850,8345,22696,0,0.7537694373137411,0.2545779365788298,1.0,0.2688379884668664,0.7311620115331336
22696,YMR194W YNR064C,0.0,NA,0.03492880240082741,2850,8344,22697,0,0.7537989436723614,0.2546006789351438,1.0,0.26880577300989017,0.7311942269901098
22697,YJL001W YBL103C,0.0,NA,0.0349402017891407,2850,8343,22698,0,0.7538284500309816,0.25462342535513266,1.0,0.2687735575529139,0.7312264424470861
22698,YCL059C YPL061W,0.0,NA,0.034945279359817505,2850,8342,22699,0,0.753857956389602,0.25464617583988564,1.0,0.26874134209593764,0.7312586579040624
22699,YPR122W YDR244W,0.0,NA,0.03495799005031586,2850,8341,22700,0,0.7538874627482223,0.2546689303904924,1.0,0.26870912663896135,0.7312908733610386
22700,YNR074C YHR013C,0.0,NA,0.034958839416503906,2850,8340,22701,0,0.7539169691068425,0.2546916890080429,1.0,0.2686769111819851,0.7313230888180149
22701,YOR373W YMR032W,0.0,NA,0.03496753051877022,2850,8339,22702,0,0.7539464754654628,0.25471445169362766,1.0,0.2686446957250089,0.7313553042749912
22702,YNR074C YDR158W,0.0,NA,0.03502340614795685,2850,8338,22703,0,0.7539759818240831,0.2547372184483375,1.0,0.2686124802680326,0.7313875197319674
22703,YOR193W YNL130C,0.0,NA,0.03502943366765976,2850,8337,22704,0,0.7540054881827034,0.2547599892732636,1.0,0.26858026481105635,0.7314197351889437
22704,YOL156W YLR313C,0.0,NA,0.03503120690584183,2850,8336,22705,0,0.7540349945413236,0.2547827641694976,1.0,0.2685480493540801,0.73145195064592
22705,snR60 YFR005C,0.0,NA,0.035043831914663315,2850,8335,22706,0,0.7540645008999439,0.2548055431381314,1.0,0.2685158338971038,0.7314841661028961
22706,YBR215W YFR036W,0.0,NA,0.03505183011293411,2850,8334,22707,0,0.7540940072585642,0.2548283261802575,1.0,0.2684836184401276,0.7315163815598724
22707,YER083C YJL164C,0.0,NA,0.035055845975875854,2850,8333,22708,0,0.7541235136171845,0.25485111329696863,1.0,0.26845140298315134,0.7315485970168487
22708,YDL063C YGL001C,0.0,NA,0.03505844250321388,2850,8332,22709,0,0.7541530199758048,0.25487390448935787,1.0,0.26841918752617505,0.7315808124738249
22709,YFL002W-A YJL052W,0.0,NA,0.03505862131714821,2850,8331,22710,0,0.7541825263344251,0.2548966997585189,1.0,0.2683869720691988,0.7316130279308012
22710,tE(UUC)P YGR024C,0.0,NA,0.03508765250444412,2850,8330,22711,0,0.7542120326930454,0.2549194991055456,1.0,0.2683547566122225,0.7316452433877775
22711,YDL033C YDR099W,0.0,NA,0.03509196266531944,2850,8329,22712,0,0.7542415390516657,0.2549423025315323,1.0,0.2683225411552463,0.7316774588447537
22712,YLR026C YOL072W,0.0,NA,0.03512711450457573,2850,8328,22713,0,0.7542710454102859,0.2549651100375738,1.0,0.26829032569827005,0.73170967430173
22713,YOR242C snR51,0.0,NA,0.035129521042108536,2850,8327,22714,0,0.7543005517689062,0.25498792162476513,1.0,0.26825811024129376,0.7317418897587062
22714,YCL033C YJL074C,0.0,NA,0.03513728082180023,2850,8326,22715,0,0.7543300581275265,0.2550107372942019,1.0,0.2682258947843175,0.7317741052156825
22715,YLR447C YPR158C-D,0.0,NA,0.0351400300860405,2850,8325,22716,0,0.7543595644861467,0.2550335570469799,1.0,0.2681936793273413,0.7318063206726587
22716,YDR229W YPL096C-A,0.0,NA,0.03515961021184921,2850,8324,22717,0,0.754389070844767,0.25505638088419547,1.0,0.268161463870365,0.731838536129635
22717,YLR006C YFR036W,0.0,NA,0.03518247604370117,2850,8323,22718,0,0.7544185772033873,0.2550792088069453,1.0,0.26812924841338875,0.7318707515866113
22718,snR46 YDR404C,0.0,NA,0.03518569841980934,2850,8322,22719,0,0.7544480835620077,0.25510204081632654,1.0,0.26809703295641246,0.7319029670435875
22719,YLR024C snR3,0.0,NA,0.035204462707042694,2850,8321,22720,0,0.7544775899206279,0.2551248769134366,1.0,0.2680648174994362,0.7319351825005638
22720,YIL042C YNL244C,0.0,NA,0.035219721496105194,2850,8320,22721,0,0.7545070962792482,0.25514771709937334,1.0,0.26803260204246,0.7319673979575401
22721,YER159C-A YIL166C,0.0,NA,0.035220809280872345,2850,8319,22722,0,0.7545366026378685,0.255170561375235,1.0,0.2680003865854837,0.7319996134145162
22722,YDL240W snR31,0.0,NA,0.035274285823106766,2850,8318,22723,0,0.7545661089964888,0.25519340974212035,1.0,0.26796817112850746,0.7320318288714925
22723,YJL085W YGR054W,0.0,NA,0.03528019040822983,2850,8317,22724,0,0.754595615355109,0.2552162622011283,1.0,0.2679359556715312,0.7320640443284688
22724,YDL161W YMR208W,0.0,NA,0.03528652340173721,2850,8316,22725,0,0.7546251217137293,0.2552391187533584,1.0,0.26790374021455493,0.732096259785445
22725,YKL070W YDL205C,0.0,NA,0.03529507666826248,2850,8315,22726,0,0.7546546280723496,0.2552619793999104,1.0,0.2678715247575787,0.7321284752424213
22726,YKL048C YCR066W,0.0,NA,0.035295579582452774,2850,8314,22727,0,0.7546841344309698,0.2552848441418846,1.0,0.2678393093006024,0.7321606906993976
22727,YML052W YCR036W,0.0,NA,0.03530476987361908,2850,8313,22728,0,0.7547136407895901,0.25530771298038163,1.0,0.26780709384362616,0.7321929061563738
22728,YCR042C tG(GCC)C,0.0,NA,0.03530735522508621,2850,8312,22729,0,0.7547431471482104,0.25533058591650243,1.0,0.26777487838664993,0.7322251216133501
22729,YOR124C YOR126C,0.0,NA,0.03531685844063759,2850,8311,22730,0,0.7547726535068308,0.2553534629513484,1.0,0.26774266292967364,0.7322573370703264
22730,YDL245C YLR157C-B,0.0,NA,0.03536666929721832,2850,8310,22731,0,0.754802159865451,0.2553763440860215,1.0,0.2677104474726974,0.7322895525273025
22731,YOR092W YLR150W,0.0,NA,0.03536882996559143,2850,8309,22732,0,0.7548316662240713,0.2553992293216238,1.0,0.26767823201572116,0.7323217679842788
22732,tS(AGA)M YBR059C,0.0,NA,0.03537099435925484,2850,8308,22733,0,0.7548611725826916,0.25542211865925796,1.0,0.26764601655874487,0.7323539834412551
22733,YPR094W YDR392W,0.0,NA,0.03538016974925995,2850,8307,22734,0,0.7548906789413119,0.2554450121000269,1.0,0.26761380110176863,0.7323861988982314
22734,YJR068W YJR153W,0.0,NA,0.03541535511612892,2850,8306,22735,0,0.7549201852999321,0.2554679096450341,1.0,0.2675815856447924,0.7324184143552076
22735,YFR014C YGL172W,0.0,NA,0.03542345389723778,2850,8305,22736,0,0.7549496916585524,0.25549081129538326,1.0,0.2675493701878161,0.7324506298121839
22736,YFR032C-A tR(UCU)B,0.0,NA,0.035423777997493744,2850,8304,22737,0,0.7549791980171727,0.25551371705217857,1.0,0.26751715473083987,0.7324828452691602
22737,tS(UGA)P YDR508C,0.0,NA,0.03543725609779358,2850,8303,22738,0,0.755008704375793,0.2555366269165247,1.0,0.2674849392738636,0.7325150607261364
22738,YKL005C YJL156C,0.0,NA,0.03544123098254204,2850,8302,22739,0,0.7550382107344132,0.25555954088952654,1.0,0.26745272381688734,0.7325472761831127
22739,YBL019W YER030W,0.0,NA,0.035446807742118835,2850,8301,22740,0,0.7550677170930336,0.2555824589722895,1.0,0.2674205083599111,0.732579491640089
22740,YEL024W YGR277C,0.0,NA,0.03544822707772255,2850,8300,22741,0,0.7550972234516539,0.2556053811659193,1.0,0.2673882929029348,0.7326117070970651
22741,YOR084W YNR026C,0.0,NA,0.035466164350509644,2850,8299,22742,0,0.7551267298102741,0.2556283074715221,1.0,0.2673560774459586,0.7326439225540414
22742,YDL134C YGR275W,0.0,NA,0.035483311861753464,2850,8298,22743,0,0.7551562361688944,0.2556512378902045,1.0,0.26732386198898234,0.7326761380110177
22743,YCR014C YOR007C,0.0,NA,0.03550662472844124,2850,8297,22744,0,0.7551857425275147,0.2556741724230735,1.0,0.26729164653200604,0.7327083534679939
22744,YPR186C YOR075W,0.0,NA,0.03551490604877472,2850,8296,22745,0,0.755215248886135,0.2556971110712363,1.0,0.2672594310750298,0.7327405689249702
22745,tR(CCG)L tA(AGC)M1,0.0,NA,0.03553004935383797,2850,8295,22746,0,0.7552447552447552,0.2557200538358008,1.0,0.2672272156180535,0.7327727843819465
22746,YJR042W YDR235W,0.0,NA,0.03554029390215874,2850,8294,22747,0,0.7552742616033755,0.2557430007178751,1.0,0.2671950001610773,0.7328049998389227
22747,YPR017C YHR134W,0.0,NA,0.03554237261414528,2850,8293,22748,0,0.7553037679619958,0.2557659517185677,1.0,0.26716278470410104,0.732837215295899
22748,YPL113C YBR168W,0.0,NA,0.03557535260915756,2850,8292,22749,0,0.7553332743206161,0.25578890683898764,1.0,0.26713056924712475,0.7328694307528753
22749,YOR353C tR(UCU)M2,0.0,NA,0.03558913245797157,2850,8291,22750,0,0.7553627806792363,0.25581186608024414,1.0,0.2670983537901485,0.7329016462098514
22750,YKL213C YIL016W,0.0,NA,0.035600509494543076,2850,8290,22751,0,0.7553922870378567,0.25583482944344704,1.0,0.2670661383331723,0.7329338616668277
22751,YNL199C snR36,0.0,NA,0.03560825064778328,2850,8289,22752,0,0.755421793396477,0.25585779692970645,1.0,0.267033922876196,0.732966077123804
22752,YGR109W-A YOR074C,0.0,NA,0.035627417266368866,2850,8288,22753,0,0.7554512997550972,0.25588076854013286,1.0,0.26700170741921975,0.7329982925807803
22753,YBR095C YGL106W,0.0,NA,0.03564086928963661,2850,8287,22754,0,0.7554808061137175,0.2559037442758373,1.0,0.2669694919622435,0.7330305080377565
22754,YAL028W snR77,0.0,NA,0.03564726188778877,2850,8286,22755,0,0.7555103124723378,0.25592672413793105,1.0,0.2669372765052672,0.7330627234947328
22755,YJR084W YER040W,0.0,NA,0.035672545433044434,2850,8285,22756,0,0.7555398188309581,0.2559497081275258,1.0,0.266905061048291,0.7330949389517091
22756,YCL054W YJR109C,0.0,NA,0.03568805381655693,2850,8284,22757,0,0.7555693251895783,0.25597269624573377,1.0,0.2668728455913147,0.7331271544086853
22757,YER042W YEL024W,0.0,NA,0.035693153738975525,2850,8283,22758,0,0.7555988315481986,0.2559956884936675,1.0,0.26684063013433845,0.7331593698656615
22758,YOL008W YKL028W,0.0,NA,0.035702675580978394,2850,8282,22759,0,0.7556283379068189,0.25601868487243984,1.0,0.2668084146773622,0.7331915853226378
22759,YBL100W-A YMR112C,0.0,NA,0.035739582031965256,2850,8281,22760,0,0.7556578442654392,0.25604168538316413,1.0,0.2667761992203859,0.733223800779614
22760,YML015C snR34,0.0,NA,0.03576413914561272,2850,8280,22761,0,0.7556873506240595,0.2560646900269542,1.0,0.2667439837634097,0.7332560162365903
22761,YML075C YIR031C,0.0,NA,0.0357847660779953,2850,8279,22762,0,0.7557168569826798,0.25608769880492405,1.0,0.26671176830643345,0.7332882316935666
22762,tS(UGA)E YJL042W,0.0,NA,0.03578723594546318,2850,8278,22763,0,0.7557463633413001,0.25611071171818833,1.0,0.26667955284945716,0.7333204471505428
22763,YPL020C YAL068C,0.0,NA,0.03579350560903549,2850,8277,22764,0,0.7557758696999203,0.25613372876786195,1.0,0.2666473373924809,0.7333526626075191
22764,YPL204W YNL189W,0.0,NA,0.03580166772007942,2850,8276,22765,0,0.7558053760585406,0.2561567499550602,1.0,0.26661512193550463,0.7333848780644954
22765,tR(UCU)M1 YHR106W,0.0,NA,0.03581017628312111,2850,8275,22766,0,0.7558348824171609,0.25617977528089886,1.0,0.2665829064785284,0.7334170935214716
22766,YER083C YMR255W,0.0,NA,0.03581564500927925,2850,8274,22767,0,0.7558643887757812,0.25620280474649404,1.0,0.26655069102155216,0.7334493089784478
22767,snR66 YGL009C,0.0,NA,0.03582119569182396,2850,8273,22768,0,0.7558938951344014,0.2562258383529623,1.0,0.26651847556457586,0.7334815244354241
22768,YGL113W YIR034C,0.0,NA,0.03582478687167168,2850,8272,22769,0,0.7559234014930217,0.2562488761014206,1.0,0.2664862601075996,0.7335137398924003
22769,YDR151C snR54,0.0,NA,0.03583911806344986,2850,8271,22770,0,0.755952907851642,0.25627191799298626,1.0,0.2664540446506234,0.7335459553493766
22770,YNL216W MEL1,0.0,NA,0.035918258130550385,2850,8270,22771,0,0.7559824142102624,0.256294964028777,1.0,0.2664218291936471,0.7335781708063529
22771,YJR078W YER176W,0.0,NA,0.03592419996857643,2850,8269,22772,0,0.7560119205688826,0.25631801420991096,1.0,0.26638961373667086,0.7336103862633292
22772,YLR246W YNR016C,0.0,NA,0.035943444818258286,2850,8268,22773,0,0.7560414269275029,0.25634106853750677,1.0,0.2663573982796946,0.7336426017203054
22773,YGR261C YIL173W,0.0,NA,0.0359666682779789,2850,8267,22774,0,0.7560709332861232,0.2563641270126833,1.0,0.26632518282271833,0.7336748171772817
22774,YBL082C tQ(CUG)M,0.0,NA,0.035976558923721313,2850,8266,22775,0,0.7561004396447435,0.25638718963655993,1.0,0.2662929673657421,0.733707032634258
22775,tS(AGA)M YCR019W,0.0,NA,0.03600031137466431,2850,8265,22776,0,0.7561299460033637,0.2564102564102564,1.0,0.2662607519087658,0.7337392480912341
22776,YAL058W YML047C,0.0,NA,0.036002084612846375,2850,8264,22777,0,0.756159452361984,0.25643332733489294,1.0,0.26622853645178957,0.7337714635482104
22777,snR8 YIL150C,0.0,NA,0.0360063873231411,2850,8263,22778,0,0.7561889587206043,0.25645640241159,1.0,0.26619632099481333,0.7338036790051867
22778,YJR051W YDR158W,0.0,NA,0.03601253032684326,2850,8262,22779,0,0.7562184650792245,0.25647948164146867,1.0,0.26616410553783704,0.7338358944621629
22779,tR(ACG)D YER164W,0.0,NA,0.036023106426000595,2850,8261,22780,0,0.7562479714378448,0.2565025650256503,1.0,0.2661318900808608,0.7338681099191392
22780,YEL016C YMR054W,0.0,NA,0.036031436175107956,2850,8260,22781,0,0.7562774777964651,0.2565256525652565,1.0,0.26609967462388456,0.7339003253761155
22781,YDR503C YOR179C,0.0,NA,0.03603259474039078,2850,8259,22782,0,0.7563069841550855,0.25654874426140967,1.0,0.26606745916690827,0.7339325408330917
22782,YKL070W YDR461W,0.0,NA,0.03603643923997879,2850,8258,22783,0,0.7563364905137057,0.25657184011523226,1.0,0.26603524370993203,0.733964756290068
22783,YGR241C YOR217W,0.0,NA,0.036046165972948074,2850,8257,22784,0,0.756365996872326,0.2565949401278473,1.0,0.26600302825295574,0.7339969717470443
22784,YFR005C YNL330C,0.0,NA,0.03605879098176956,2850,8256,22785,0,0.7563955032309463,0.25661804430037816,1.0,0.2659708127959795,0.7340291872040204
22785,YMR070W YOR074C,0.0,NA,0.03605985268950462,2850,8255,22786,0,0.7564250095895666,0.25664115263394865,1.0,0.26593859733900327,0.7340614026609967
22786,YGR179C YOR026W,0.0,NA,0.03609878942370415,2850,8254,22787,0,0.7564545159481868,0.256664265129683,1.0,0.265906381882027,0.734093618117973
22787,YCR084C YOR063W,0.0,NA,0.03612951189279556,2850,8253,22788,0,0.7564840223068071,0.25668738178870576,1.0,0.26587416642505074,0.7341258335749493
22788,snR8 YHR075C,0.0,NA,0.036133550107479095,2850,8252,22789,0,0.7565135286654274,0.25671050261214196,1.0,0.2658419509680745,0.7341580490319255
22789,YJR159W YOR136W,0.0,NA,0.03614349663257599,2850,8251,22790,0,0.7565430350240476,0.256733627601117,1.0,0.2658097355110982,0.7341902644889018
22790,YBR170C YML107C,0.0,NA,0.03615270182490349,2850,8250,22791,0,0.7565725413826679,0.25675675675675674,1.0,0.265777520054122,0.7342224799458781
22791,YIL047C tG(CCC)D,0.0,NA,0.036171067506074905,2850,8249,22792,0,0.7566020477412883,0.2567798900801874,1.0,0.26574530459714574,0.7342546954028543
22792,YPL051W YBL098W,0.0,NA,0.036203961819410324,2850,8248,22793,0,0.7566315540999086,0.2568030275725356,1.0,0.26571308914016945,0.7342869108598306
22793,YCL074W YEL019C,0.0,NA,0.0362318754196167,2850,8247,22794,0,0.7566610604585288,0.25682616923492835,1.0,0.2656808736831932,0.7343191263168068
22794,YGR061C YPL171C,0.0,NA,0.036306045949459076,2850,8246,22795,0,0.7566905668171491,0.2568493150684932,1.0,0.2656486582262169,0.734351341773783
22795,YDR512C YNL108C,0.0,NA,0.03631508722901344,2850,8245,22796,0,0.7567200731757694,0.2568724650743578,1.0,0.2656164427692407,0.7343835572307593
22796,YPL195W YDL175C,0.0,NA,0.036325402557849884,2850,8244,22797,0,0.7567495795343897,0.2568956192536506,1.0,0.26558422731226444,0.7344157726877356
22797,YPR032W YPL069C,0.0,NA,0.03633556887507439,2850,8243,22798,0,0.7567790858930099,0.2569187776075002,1.0,0.26555201185528815,0.7344479881447118
22798,YER138C YPL208W,0.0,NA,0.036336153745651245,2850,8242,22799,0,0.7568085922516302,0.2569419401370357,1.0,0.2655197963983119,0.7344802036016881
22799,YCR018C YML023C,0.0,NA,0.03635811805725098,2850,8241,22800,0,0.7568380986102505,0.2569651068433865,1.0,0.2654875809413357,0.7345124190586644
22800,tR(UCU)J1 YDL124W,0.0,NA,0.036366336047649384,2850,8240,22801,0,0.7568676049688708,0.2569882777276826,1.0,0.2654553654843594,0.7345446345156406
22801,YKL214C tR(UCU)D,0.0,NA,0.03638310357928276,2850,8239,22802,0,0.756897111327491,0.2570114527910542,1.0,0.26542315002738315,0.7345768499726169
22802,YDR305C tQ(UUG)L,0.0,NA,0.03639325127005577,2850,8238,22803,0,0.7569266176861114,0.25703463203463206,1.0,0.26539093457040686,0.7346090654295931
22803,YNL214W YHR144C,0.0,NA,0.03641872853040695,2850,8237,22804,0,0.7569561240447317,0.2570578154595472,1.0,0.2653587191134306,0.7346412808865693
22804,YBR081C YBR256C,0.0,NA,0.036428533494472504,2850,8236,22805,0,0.7569856304033519,0.25708100306693127,1.0,0.2653265036564544,0.7346734963435456
22805,tR(UCU)J1 YMR316W,0.0,NA,0.03646138682961464,2850,8235,22806,0,0.7570151367619722,0.2571041948579161,1.0,0.2652942881994781,0.7347057118005219
22806,snR7-L YKL174C,0.0,NA,0.03646225854754448,2850,8234,22807,0,0.7570446431205925,0.25712739083363406,1.0,0.26526207274250185,0.7347379272574982
22807,YBL027W YOR157C,0.0,NA,0.03646361455321312,2850,8233,22808,0,0.7570741494792128,0.2571505909952179,1.0,0.2652298572855256,0.7347701427144744
22808,YLR426W YFR036W,0.0,NA,0.03646693378686905,2850,8232,22809,0,0.757103655837833,0.25717379534380075,1.0,0.2651976418285493,0.7348023581714507
22809,YGL163C YPR156C,0.0,NA,0.03647896274924278,2850,8231,22810,0,0.7571331621964533,0.2571970038805162,1.0,0.2651654263715731,0.734834573628427
22810,YBL024W YBR233W-A,0.0,NA,0.03648846969008446,2850,8230,22811,0,0.7571626685550736,0.2572202166064982,1.0,0.26513321091459685,0.7348667890854031
22811,YLR398C YBR008C,0.0,NA,0.03652075305581093,2850,8229,22812,0,0.757192174913694,0.25724343352288115,1.0,0.26510099545762056,0.7348990045423794
22812,YDR530C tA(UGC)A,0.0,NA,0.0365363284945488,2850,8228,22813,0,0.7572216812723142,0.2572666546307998,1.0,0.2650687800006443,0.7349312199993557
22813,YAL058W YPL241C,0.0,NA,0.03654849901795387,2850,8227,22814,0,0.7572511876309345,0.25728987993138935,1.0,0.26503656454366803,0.7349634354563319
22814,YHR067W YML019W,0.0,NA,0.03655434399843216,2850,8226,22815,0,0.7572806939895548,0.2573131094257855,1.0,0.2650043490866918,0.7349956509133082
22815,YBR275C YMR201C,0.0,NA,0.03656063973903656,2850,8225,22816,0,0.757310200348175,0.25733634311512416,1.0,0.26497213362971556,0.7350278663702845
22816,YDR055W YBL085W,0.0,NA,0.03656819835305214,2850,8224,22817,0,0.7573397067067953,0.2573595810005418,1.0,0.26493991817273926,0.7350600818272607
22817,YGR074W YPR139C,0.0,NA,0.03657149150967598,2850,8223,22818,0,0.7573692130654156,0.2573828230831753,1.0,0.264907702715763,0.735092297284237
22818,snR42 YMR004W,0.0,NA,0.03658699989318848,2850,8222,22819,0,0.7573987194240359,0.2574060693641618,1.0,0.2648754872587868,0.7351245127412133
22819,YDR210W-A YLR438C-A,0.0,NA,0.03658824414014816,2850,8221,22820,0,0.7574282257826561,0.2574293198446391,1.0,0.2648432718018105,0.7351567281981894
22820,YER064C YOR143C,0.0,NA,0.036590564996004105,2850,8220,22821,0,0.7574577321412764,0.25745257452574527,1.0,0.26481105634483426,0.7351889436551657
22821,YDL119C YOR340C,0.0,NA,0.036615148186683655,2850,8219,22822,0,0.7574872384998967,0.2574758334086187,1.0,0.26477884088785797,0.735221159112142
22822,YPL273W YPL048W,0.0,NA,0.03661821037530899,2850,8218,22823,0,0.757516744858517,0.2574990964943983,1.0,0.26474662543088173,0.7352533745691182
22823,YNL287W YPR158C-C,0.0,NA,0.0366218276321888,2850,8217,22824,0,0.7575462512171373,0.2575223637842234,1.0,0.2647144099739055,0.7352855900260945
22824,YGR098C YML107C,0.0,NA,0.03663205727934837,2850,8216,22825,0,0.7575757575757576,0.2575456352792337,1.0,0.2646821945169292,0.7353178054830708
22825,YJL020C YDL188C,0.0,NA,0.03664092347025871,2850,8215,22826,0,0.7576052639343779,0.2575689109805694,1.0,0.26464997905995297,0.7353500209400471
22826,tI(AAU)L1 YGL232W,0.0,NA,0.03664197027683258,2850,8214,22827,0,0.7576347702929982,0.2575921908893709,1.0,0.26461776360297673,0.7353822363970233
22827,YIL026C tH(GUG)K,0.0,NA,0.036650151014328,2850,8213,22828,0,0.7576642766516184,0.25761547500677934,1.0,0.26458554814600044,0.7354144518539996
22828,YJR074W YGR227W,0.0,NA,0.03665831685066223,2850,8212,22829,0,0.7576937830102387,0.257638763333936,1.0,0.2645533326890242,0.7354466673109759
22829,tM(CAU)J3 YPR134W,0.0,NA,0.03666197136044502,2850,8211,22830,0,0.757723289368859,0.25766205587198265,1.0,0.26452111723204796,0.735478882767952
22830,YKL018W YLR019W,0.0,NA,0.03666350245475769,2850,8210,22831,0,0.7577527957274792,0.2576853526220615,1.0,0.26448890177507167,0.7355110982249283
22831,YHR211W YIR033W,0.0,NA,0.03666993975639343,2850,8209,22832,0,0.7577823020860995,0.25770865358531514,1.0,0.26445668631809544,0.7355433136819046
22832,tA(AGC)P YER169W,0.0,NA,0.03667251765727997,2850,8208,22833,0,0.7578118084447198,0.25773195876288657,1.0,0.26442447086111914,0.7355755291388808
22833,YEL059C-A tG(GCC)D2,0.0,NA,0.03667391464114189,2850,8207,22834,0,0.7578413148033402,0.2577552681559193,1.0,0.2643922554041429,0.7356077445958571
22834,YLR070C YLR024C,0.0,NA,0.036680668592453,2850,8206,22835,0,0.7578708211619604,0.2577785817655572,1.0,0.26436003994716667,0.7356399600528334
22835,YCL031C YCR063W,0.0,NA,0.03672048822045326,2850,8205,22836,0,0.7579003275205807,0.25780189959294436,1.0,0.2643278244901904,0.7356721755098096
22836,YOR343W-A YOR275C,0.0,NA,0.03672271594405174,2850,8204,22837,0,0.757929833879201,0.2578252216392256,1.0,0.26429560903321414,0.7357043909667859
22837,YJR066W tR(CCU)J,0.0,NA,0.03672478720545769,2850,8203,22838,0,0.7579593402378213,0.257848547905546,1.0,0.2642633935762379,0.7357366064237622
22838,YDL002C YER167W,0.0,NA,0.03673548623919487,2850,8202,22839,0,0.7579888465964415,0.25787187839305103,1.0,0.2642311781192616,0.7357688218807383
22839,tA(AGC)M2 YKL126W,0.0,NA,0.036747027188539505,2850,8201,22840,0,0.7580183529550618,0.2578952131028866,1.0,0.2641989626622854,0.7358010373377146
22840,YAL058W YPR158C-D,0.0,NA,0.03675641492009163,2850,8200,22841,0,0.7580478593136821,0.2579185520361991,1.0,0.2641667472053091,0.7358332527946909
22841,YPR056W YPR158C-D,0.0,NA,0.03675641492009163,2850,8199,22842,0,0.7580773656723023,0.25794189519413524,1.0,0.26413453174833285,0.7358654682516671
22842,YMR099C snR74,0.0,NA,0.036758337169885635,2850,8198,22843,0,0.7581068720309226,0.25796524257784215,1.0,0.2641023162913566,0.7358976837086434
22843,YPL095C tA(AGC)M2,0.0,NA,0.03676644340157509,2850,8197,22844,0,0.758136378389543,0.2579885941884675,1.0,0.2640701008343803,0.7359298991656197
22844,tQ(UUG)D1 YMR078C,0.0,NA,0.03676946833729744,2850,8196,22845,0,0.7581658847481633,0.25801195002715915,1.0,0.2640378853774041,0.735962114622596
22845,YLR310C YFL041W,0.0,NA,0.03677402809262276,2850,8195,22846,0,0.7581953911067835,0.25803531009506564,1.0,0.26400566992042784,0.7359943300795722
22846,YFL047W YFL034C-A,0.0,NA,0.03677993640303612,2850,8194,22847,0,0.7582248974654038,0.25805867439333574,1.0,0.26397345446345155,0.7360265455365484
22847,YDL188C YER074W,0.0,NA,0.036780647933483124,2850,8193,22848,0,0.7582544038240241,0.2580820429231187,1.0,0.2639412390064753,0.7360587609935247
22848,tR(UCU)M2 YLR251W,0.0,NA,0.03680376335978508,2850,8192,22849,0,0.7582839101826444,0.2581054156855642,1.0,0.263909023549499,0.7360909764505009
22849,YLR051C YOL020W,0.0,NA,0.03680974990129471,2850,8191,22850,0,0.7583134165412646,0.2581287926818223,1.0,0.2638768080925228,0.7361231919074772
22850,YJL130C YNR067C,0.0,NA,0.03681488707661629,2850,8190,22851,0,0.7583429228998849,0.25815217391304346,1.0,0.26384459263554655,0.7361554073644535
22851,YEL060C YDL108W,0.0,NA,0.03681664913892746,2850,8189,22852,0,0.7583724292585052,0.25817555938037867,1.0,0.26381237717857026,0.7361876228214297
22852,YHR143W-A YLR153C,0.0,NA,0.03684748709201813,2850,8188,22853,0,0.7584019356171255,0.25819894908497915,1.0,0.263780161721594,0.736219838278406
22853,YGL054C YDR046C,0.0,NA,0.036855898797512054,2850,8187,22854,0,0.7584314419757457,0.25822234302799674,1.0,0.2637479462646178,0.7362520537353823
22854,YOL132W YPL043W,0.0,NA,0.03689124062657356,2850,8186,22855,0,0.7584609483343661,0.2582457412105835,1.0,0.2637157308076415,0.7362842691923585
22855,YIL007C YOR115C,0.0,NA,0.03692217171192169,2850,8185,22856,0,0.7584904546929864,0.25826914363389214,1.0,0.26368351535066525,0.7363164846493347
22856,YJL173C YIR019C,0.0,NA,0.036939386278390884,2850,8184,22857,0,0.7585199610516066,0.2582925502990756,1.0,0.263651299893689,0.736348700106311
22857,YOL075C YJR053W,0.0,NA,0.03695226088166237,2850,8183,22858,0,0.7585494674102269,0.2583159612072872,1.0,0.2636190844367127,0.7363809155632872
22858,YPL259C YLR019W,0.0,NA,0.036956336349248886,2850,8182,22859,0,0.7585789737688472,0.2583393763596809,1.0,0.2635868689797365,0.7364131310202635
22859,tS(AGA)M YKL070W,0.0,NA,0.03695966303348541,2850,8181,22860,0,0.7586084801274675,0.25836279575741095,1.0,0.2635546535227602,0.7364453464772398
22860,YPR104C YPR030W,0.0,NA,0.03696303814649582,2850,8180,22861,0,0.7586379864860877,0.2583862194016319,1.0,0.26352243806578396,0.736477561934216
22861,YLR197W YGL197W,0.0,NA,0.036994997411966324,2850,8179,22862,0,0.758667492844708,0.25840964729349897,1.0,0.2634902226088077,0.7365097773911923
22862,YDL008W YMR305C,0.0,NA,0.03700031712651253,2850,8178,22863,0,0.7586969992033283,0.2584330794341676,1.0,0.26345800715183143,0.7365419928481686
22863,YMR088C YOR302W,0.0,NA,0.03700104355812073,2850,8177,22864,0,0.7587265055619486,0.2584565158247937,1.0,0.2634257916948552,0.7365742083051449
22864,YDR531W YPR179C,0.0,NA,0.03700311854481697,2850,8176,22865,0,0.7587560119205689,0.25847995646653366,1.0,0.26339357623787896,0.736606423762121
22865,YER104W YDR434W,0.0,NA,0.037024855613708496,2850,8175,22866,0,0.7587855182791892,0.2585034013605442,1.0,0.26336136078090266,0.7366386392190973
22866,YJR062C YDR501W,0.0,NA,0.03703002631664276,2850,8174,22867,0,0.7588150246378095,0.2585268505079826,1.0,0.26332914532392643,0.7366708546760736
22867,YLR284C YDR180W,0.0,NA,0.03704487159848213,2850,8173,22868,0,0.7588445309964297,0.25855030391000633,1.0,0.26329692986695014,0.7367030701330498
22868,YIL126W YHL027W,0.0,NA,0.03704950213432312,2850,8172,22869,0,0.75887403735505,0.25857376156777356,1.0,0.2632647144099739,0.7367352855900261
22869,tH(GUG)E1 YLR360W,0.0,NA,0.03705521672964096,2850,8171,22870,0,0.7589035437136703,0.25859722348244263,1.0,0.26323249895299766,0.7367675010470024
22870,tG(GCC)E YDR144C,0.0,NA,0.03706050664186478,2850,8170,22871,0,0.7589330500722906,0.25862068965517243,1.0,0.26320028349602137,0.7367997165039786
22871,YML082W YOR383C,0.0,NA,0.03706466034054756,2850,8169,22872,0,0.7589625564309108,0.25864416008712227,1.0,0.26316806803904513,0.7368319319609549
22872,snR51 YOR327C,0.0,NA,0.03711337968707085,2850,8168,22873,0,0.7589920627895311,0.2586676347794518,1.0,0.2631358525820689,0.7368641474179312
22873,YFL002W-A YJL115W,0.0,NA,0.03711685538291931,2850,8167,22874,0,0.7590215691481514,0.2586911137333212,1.0,0.2631036371250926,0.7368963628749073
22874,snR34 YHR148W,0.0,NA,0.037144340574741364,2850,8166,22875,0,0.7590510755067718,0.2587145969498911,1.0,0.26307142166811637,0.7369285783318836
22875,YFR003C YGR161W-B,0.0,NA,0.037163034081459045,2850,8165,22876,0,0.759080581865392,0.2587380844303223,1.0,0.26303920621114013,0.7369607937888599
22876,YOL008W YGR229C,0.0,NA,0.0372115895152092,2850,8164,22877,0,0.7591100882240123,0.2587615761757763,1.0,0.26300699075416384,0.7369930092458361
22877,YDR081C YMR161W,0.0,NA,0.037254903465509415,2850,8163,22878,0,0.7591395945826326,0.25878507218741487,1.0,0.2629747752971876,0.7370252247028124
22878,YDL209C snR41,0.0,NA,0.03725521266460419,2850,8162,22879,0,0.7591691009412529,0.25880857246640027,1.0,0.2629425598402113,0.7370574401597887
22879,YLR110C YPL082C,0.0,NA,0.0372665673494339,2850,8161,22880,0,0.7591986072998731,0.2588320770138952,1.0,0.2629103443832351,0.7370896556167649
22880,tQ(UUG)E2 YDR244W,0.0,NA,0.03727247193455696,2850,8160,22881,0,0.7592281136584934,0.25885558583106266,1.0,0.26287812892625884,0.7371218710737412
22881,YGR285C YDR384C,0.0,NA,0.03728034347295761,2850,8159,22882,0,0.7592576200171137,0.25887909891906624,1.0,0.26284591346928254,0.7371540865307175
22882,snR73 YFL025C,0.0,NA,0.03729229047894478,2850,8158,22883,0,0.7592871263757339,0.25890261627906974,1.0,0.2628136980123063,0.7371863019876937
22883,YER073W YGR222W,0.0,NA,0.03729643672704697,2850,8157,22884,0,0.7593166327343542,0.2589261379122377,1.0,0.26278148255533007,0.7372185174446699
22884,YMR010W YDR226W,0.0,NA,0.037320513278245926,2850,8156,22885,0,0.7593461390929745,0.25894966381973467,1.0,0.2627492670983538,0.7372507329016462
22885,Q0120 YNR046W,0.0,NA,0.037371598184108734,2850,8155,22886,0,0.7593756454515949,0.25897319400272606,1.0,0.26271705164137754,0.7372829483586225
22886,tI(AAU)L1 YMR061W,0.0,NA,0.03738338500261307,2850,8154,22887,0,0.7594051518102151,0.2589967284623773,1.0,0.26268483618440125,0.7373151638155987
22887,YCL009C YNL220W,0.0,NA,0.03740185499191284,2850,8153,22888,0,0.7594346581688354,0.2590202671998546,1.0,0.262652620727425,0.737347379272575
22888,YDR071C YOR138C,0.0,NA,0.03742089867591858,2850,8152,22889,0,0.7594641645274557,0.2590438102163243,1.0,0.2626204052704488,0.7373795947295513
22889,YMR088C YPR075C,0.0,NA,0.03744840621948242,2850,8151,22890,0,0.759493670886076,0.25906735751295334,1.0,0.2625881898134725,0.7374118101865275
22890,YGR172C YLR022C,0.0,NA,0.03746704012155533,2850,8150,22891,0,0.7595231772446962,0.2590909090909091,1.0,0.26255597435649625,0.7374440256435038
22891,YPR105C YBR142W,0.0,NA,0.03746945038437843,2850,8149,22892,0,0.7595526836033165,0.2591144649513592,1.0,0.26252375889952,0.73747624110048
22892,YLR363C YMR264W,0.0,NA,0.03749313950538635,2850,8148,22893,0,0.7595821899619368,0.2591380250954719,1.0,0.2624915434425437,0.7375084565574562
22893,YPL111W YLR332W,0.0,NA,0.03750525414943695,2850,8147,22894,0,0.759611696320557,0.25916158952441576,1.0,0.2624593279855675,0.7375406720144325
22894,YIL040W YOR375C,0.0,NA,0.03751136735081673,2850,8146,22895,0,0.7596412026791773,0.2591851582393598,1.0,0.26242711252859124,0.7375728874714088
22895,YDR422C YGL229C,0.0,NA,0.037533409893512726,2850,8145,22896,0,0.7596707090377977,0.2592087312414734,1.0,0.26239489707161495,0.737605102928385
22896,YGL195W snR36,0.0,NA,0.03756111487746239,2850,8144,22897,0,0.759700215396418,0.2592323085319265,1.0,0.2623626816146387,0.7376373183853613
22897,YMR073C YBR233W-A,0.0,NA,0.03756168484687805,2850,8143,22898,0,0.7597297217550382,0.2592558901118894,1.0,0.2623304661576624,0.7376695338423376
22898,YJL031C YFR040W,0.0,NA,0.03756813332438469,2850,8142,22899,0,0.7597592281136585,0.25927947598253276,1.0,0.2622982507006862,0.7377017492993138
22899,YKL112W YCR105W,0.0,NA,0.03760432079434395,2850,8141,22900,0,0.7597887344722788,0.25930306614502774,1.0,0.26226603524370995,0.73773396475629
22900,YMR121C YML013W,0.0,NA,0.037618957459926605,2850,8140,22901,0,0.7598182408308991,0.25932666060054593,1.0,0.26223381978673366,0.7377661802132663
22901,YOL102C snR11,0.0,NA,0.03762277215719223,2850,8139,22902,0,0.7598477471895193,0.25935025935025935,1.0,0.2622016043297574,0.7377983956702426
22902,YPR073C YHR174W,0.0,NA,0.037650853395462036,2850,8138,22903,0,0.7598772535481396,0.2593738623953404,1.0,0.2621693888727812,0.7378306111272188
22903,YKL053C-A YCL044C,0.0,NA,0.037668172270059586,2850,8137,22904,0,0.7599067599067599,0.25939746973696187,1.0,0.2621371734158049,0.7378628265841951
22904,YBL103C YGR085C,0.0,NA,0.037681225687265396,2850,8136,22905,0,0.7599362662653802,0.2594210813762971,1.0,0.26210495795882865,0.7378950420411714
22905,YKR010C YJR077C,0.0,NA,0.03769350051879883,2850,8135,22906,0,0.7599657726240004,0.2594446973145198,1.0,0.26207274250185236,0.7379272574981476
22906,YFR033C YOR014W,0.0,NA,0.03769625350832939,2850,8134,22907,0,0.7599952789826208,0.2594683175528041,1.0,0.2620405270448761,0.7379594729551239
22907,MAL23 YMR042W,0.0,NA,0.03770213574171066,2850,8133,22908,0,0.7600247853412411,0.2594919420923245,1.0,0.2620083115878999,0.7379916884121002
22908,YPL275W YMR175W,0.0,NA,0.037703968584537506,2850,8132,22909,0,0.7600542916998613,0.25951557093425603,1.0,0.2619760961309236,0.7380239038690763
22909,YLR228C YDR522C,0.0,NA,0.037711337208747864,2850,8131,22910,0,0.7600837980584816,0.25953920407977416,1.0,0.26194388067394736,0.7380561193260526
22910,YDR210C-D YGL011C,0.0,NA,0.03771192580461502,2850,8130,22911,0,0.7601133044171019,0.25956284153005466,1.0,0.2619116652169711,0.7380883347830289
22911,YPR104C YBR176W,0.0,NA,0.03771784529089928,2850,8129,22912,0,0.7601428107757222,0.2595864832862738,1.0,0.26187944975999483,0.7381205502400051
22912,tR(UCU)J1 YER062C,0.0,NA,0.037736713886260986,2850,8128,22913,0,0.7601723171343424,0.2596101293496083,1.0,0.2618472343030186,0.7381527656969814
22913,YDR013W YJL072C,0.0,NA,0.03773801401257515,2850,8127,22914,0,0.7602018234929627,0.2596337797212353,1.0,0.26181501884604236,0.7381849811539577
22914,YER168C YDR261W-B,0.0,NA,0.037746500223875046,2850,8126,22915,0,0.760231329851583,0.25965743440233235,1.0,0.26178280338906607,0.7382171966109339
22915,YPL060C-A YKR004C,0.0,NA,0.037746500223875046,2850,8125,22916,0,0.7602608362102034,0.25968109339407747,1.0,0.26175058793208983,0.7382494120679102
22916,YOR287C YMR281W,0.0,NA,0.03775198757648468,2850,8124,22917,0,0.7602903425688236,0.259704756697649,1.0,0.26171837247511354,0.7382816275248865
22917,YCR021C snR58,0.0,NA,0.037759941071271896,2850,8123,22918,0,0.7603198489274439,0.2597284243142258,1.0,0.2616861570181373,0.7383138429818626
22918,tQ(UUG)E2 YIR037W,0.0,NA,0.03776806592941284,2850,8122,22919,0,0.7603493552860642,0.25975209624498724,1.0,0.26165394156116106,0.7383460584388389
22919,YBR123C YKL138C-A,0.0,NA,0.03777208924293518,2850,8121,22920,0,0.7603788616446844,0.25977577249111294,1.0,0.26162172610418477,0.7383782738958152
22920,YAL026C YBL078C,0.0,NA,0.037795715034008026,2850,8120,22921,0,0.7604083680033047,0.25979945305378305,1.0,0.26158951064720853,0.7384104893527915
22921,YDR210C-C YER131W,0.0,NA,0.03781571611762047,2850,8119,22922,0,0.760437874361925,0.25982313793417816,1.0,0.2615572951902323,0.7384427048097677
22922,YBR211C YLR298C,0.0,NA,0.03781835362315178,2850,8118,22923,0,0.7604673807205453,0.25984682713347923,1.0,0.261525079733256,0.738474920266744
22923,YKL040C YNL147W,0.0,NA,0.03782191127538681,2850,8117,22924,0,0.7604968870791655,0.2598705206528677,1.0,0.26149286427627977,0.7385071357237203
22924,YBR065C tE(UUC)E1,0.0,NA,0.03783133253455162,2850,8116,22925,0,0.7605263934377858,0.25989421849352545,1.0,0.2614606488193035,0.7385393511806965
22925,YDR325W YOR090C,0.0,NA,0.03785345330834389,2850,8115,22926,0,0.7605558997964061,0.25991792065663477,1.0,0.26142843336232724,0.7385715666376728
22926,snR38 YGR217W,0.0,NA,0.03789498284459114,2850,8114,22927,0,0.7605854061550265,0.2599416271433783,1.0,0.261396217905351,0.738603782094649
22927,YBR211C YPL208W,0.0,NA,0.037912026047706604,2850,8113,22928,0,0.7606149125136467,0.25996533795493937,1.0,0.2613640024483747,0.7386359975516252
22928,YLR068W YPL180W,0.0,NA,0.037924930453300476,2850,8112,22929,0,0.760644418872267,0.25998905309250137,1.0,0.2613317869913985,0.7386682130086015
22929,YDR451C YHL036W,0.0,NA,0.0379551462829113,2850,8111,22930,0,0.7606739252308873,0.2600127725572484,1.0,0.26129957153442224,0.7387004284655778
22930,YOR320C YAL029C,0.0,NA,0.038008686155080795,2850,8110,22931,0,0.7607034315895075,0.26003649635036497,1.0,0.26126735607744594,0.738732643922554
22931,YOR039W YOR249C,0.0,NA,0.03801383078098297,2850,8109,22932,0,0.7607329379481278,0.26006022447303584,1.0,0.2612351406204697,0.7387648593795303
22932,YMR121C YGL203C,0.0,NA,0.03802645951509476,2850,8108,22933,0,0.7607624443067481,0.2600839569264464,1.0,0.26120292516349347,0.7387970748365066
22933,YKR038C YMR235C,0.0,NA,0.038034919649362564,2850,8107,22934,0,0.7607919506653684,0.26010769371178244,1.0,0.2611707097065172,0.7388292902934828
22934,YCL059C YAL031C,0.0,NA,0.03804069384932518,2850,8106,22935,0,0.7608214570239886,0.26013143483023,1.0,0.26113849424954094,0.7388615057504591
22935,YGR140W YHR020W,0.0,NA,0.03806085139513016,2850,8105,22936,0,0.7608509633826089,0.2601551802829758,1.0,0.26110627879256465,0.7388937212074353
22936,MPR1 YJL122W,0.0,NA,0.03811170533299446,2850,8104,22937,0,0.7608804697412292,0.26017893007120685,1.0,0.2610740633355884,0.7389259366644115
22937,YCL024W YNL099C,0.0,NA,0.03811539337038994,2850,8103,22938,0,0.7609099760998496,0.26020268419611065,1.0,0.2610418478786122,0.7389581521213878
22938,YPL178W YIL145C,0.0,NA,0.038194578140974045,2850,8102,22939,0,0.7609394824584698,0.26022644265887507,1.0,0.2610096324216359,0.7389903675783641
22939,snR53 YNR064C,0.0,NA,0.038210295140743256,2850,8101,22940,0,0.7609689888170901,0.2602502054606885,1.0,0.26097741696465965,0.7390225830353404
22940,YIL115C YNR067C,0.0,NA,0.03825300559401512,2850,8100,22941,0,0.7609984951757104,0.2602739726027397,1.0,0.2609452015076834,0.7390547984923166
22941,YJR028W YDR034C-D,0.0,NA,0.038268622010946274,2850,8099,22942,0,0.7610280015343307,0.2602977440862179,1.0,0.2609129860507071,0.7390870139492929
22942,YOR217W YIR009W,0.0,NA,0.0382687970995903,2850,8098,22943,0,0.7610575078929509,0.2603215199123127,1.0,0.2608807705937309,0.7391192294062692
22943,YBL097W YPR034W,0.0,NA,0.038276974111795425,2850,8097,22944,0,0.7610870142515712,0.2603453000822143,1.0,0.2608485551367546,0.7391514448632454
22944,YCL020W YGR224W,0.0,NA,0.03828708827495575,2850,8096,22945,0,0.7611165206101915,0.2603690845971131,1.0,0.26081633967977835,0.7391836603202216
22945,tR(ACG)K YLR188W,0.0,NA,0.03830299898982048,2850,8095,22946,0,0.7611460269688117,0.2603928734582001,1.0,0.2607841242228021,0.7392158757771979
22946,YER164W YDR246W,0.0,NA,0.038318932056427,2850,8094,22947,0,0.761175533327432,0.2604166666666667,1.0,0.2607519087658258,0.7392480912341741
22947,YNR059W YLR141W,0.0,NA,0.03832835331559181,2850,8093,22948,0,0.7612050396860524,0.26044046422370465,1.0,0.2607196933088496,0.7392803066911504
22948,YJL179W YBL079W,0.0,NA,0.03834218531847,2850,8092,22949,0,0.7612345460446727,0.26046426613050633,1.0,0.26068747785187335,0.7393125221481267
22949,YMR173W YGL238W,0.0,NA,0.03834296017885208,2850,8091,22950,0,0.7612640524032929,0.2604880723882643,1.0,0.26065526239489706,0.7393447376051029
22950,YIL148W YGL162W,0.0,NA,0.038344912230968475,2850,8090,22951,0,0.7612935587619132,0.26051188299817185,1.0,0.2606230469379208,0.7393769530620792
22951,YPR184W tR(UCU)D,0.0,NA,0.03835747018456459,2850,8089,22952,0,0.7613230651205335,0.26053569796142245,1.0,0.2605908314809446,0.7394091685190555
22952,YER025W YMR300C,0.0,NA,0.03836030140519142,2850,8088,22953,0,0.7613525714791538,0.2605595172792101,1.0,0.2605586160239683,0.7394413839760317
22953,tR(UCU)B YGL163C,0.0,NA,0.0383743941783905,2850,8087,22954,0,0.761382077837774,0.2605833409527293,1.0,0.26052640056699206,0.7394735994330079
22954,tE(UUC)B YIL148W,0.0,NA,0.038398560136556625,2850,8086,22955,0,0.7614115841963943,0.2606071689831748,1.0,0.26049418511001576,0.7395058148899842
22955,snR17a YLR246W,0.0,NA,0.03840354084968567,2850,8085,22956,0,0.7614410905550146,0.2606310013717421,1.0,0.2604619696530395,0.7395380303469604
22956,YGR260W YCL067C,0.0,NA,0.038406871259212494,2850,8084,22957,0,0.7614705969136348,0.26065483811962686,1.0,0.2604297541960633,0.7395702458039367
22957,YGR092W tG(GCC)O2,0.0,NA,0.038430795073509216,2850,8083,22958,0,0.7615001032722551,0.26067867922802523,1.0,0.260397538739087,0.739602461260913
22958,YLR262C YOR020C,0.0,NA,0.03844529762864113,2850,8082,22959,0,0.7615296096308755,0.26070252469813393,1.0,0.26036532328211076,0.7396346767178893
22959,YLL031C YKR068C,0.0,NA,0.03845272213220596,2850,8081,22960,0,0.7615591159894958,0.26072637453114994,1.0,0.2603331078251345,0.7396668921748655
22960,YJL087C YDR381W,0.0,NA,0.03845280781388283,2850,8080,22961,0,0.761588622348116,0.2607502287282708,1.0,0.26030089236815823,0.7396991076318418
22961,YMR322C tQ(UUG)D3,0.0,NA,0.03846670314669609,2850,8079,22962,0,0.7616181287067363,0.26077408729069446,1.0,0.260268676911182,0.7397313230888181
22962,YGR254W YPL157W,0.0,NA,0.03847832977771759,2850,8078,22963,0,0.7616476350653566,0.2607979502196193,1.0,0.2602364614542057,0.7397635385457942
22963,YJR012C YPR191W,0.0,NA,0.03848164528608322,2850,8077,22964,0,0.7616771414239769,0.26082181751624417,1.0,0.26020424599722947,0.7397957540027705
22964,tA(AGC)M1 YAL021C,0.0,NA,0.0384816974401474,2850,8076,22965,0,0.7617066477825971,0.26084568918176826,1.0,0.26017203054025323,0.7398279694597468
22965,YEL061C YDL118W,0.0,NA,0.038488470017910004,2850,8075,22966,0,0.7617361541412174,0.2608695652173913,1.0,0.26013981508327694,0.739860184916723
22966,YML076C YCR020W-B,0.0,NA,0.03852742165327072,2850,8074,22967,0,0.7617656604998377,0.26089344562431344,1.0,0.2601075996263007,0.7398924003736993
22967,YCL011C YHR106W,0.0,NA,0.03854174539446831,2850,8073,22968,0,0.761795166858458,0.2609173304037352,1.0,0.26007538416932446,0.7399246158306756
22968,YGR260W YDR522C,0.0,NA,0.03858011215925217,2850,8072,22969,0,0.7618246732170783,0.26094121955685773,1.0,0.26004316871234817,0.7399568312876518
22969,YLL050C tS(AGA)D2,0.0,NA,0.03860960528254509,2850,8071,22970,0,0.7618541795756986,0.26096511308488235,1.0,0.26001095325537193,0.7399890467446281
22970,YJR062C YDR411C,0.0,NA,0.03862907737493515,2850,8070,22971,0,0.7618836859343189,0.260989010989011,1.0,0.25997873779839564,0.7400212622016044
22971,YNL016W YBR267W,0.0,NA,0.03863810747861862,2850,8069,22972,0,0.7619131922929391,0.261012913270446,1.0,0.2599465223414194,0.7400534776585805
22972,YNL192W YLL038C,0.0,NA,0.03867582231760025,2850,8068,22973,0,0.7619426986515594,0.2610368199303902,1.0,0.25991430688444317,0.7400856931155568
22973,YDL060W YGL150C,0.0,NA,0.038683176040649414,2850,8067,22974,0,0.7619722050101797,0.26106073097004673,1.0,0.2598820914274669,0.7401179085725331
22974,YDR501W snR14,0.0,NA,0.038691263645887375,2850,8066,22975,0,0.7620017113688,0.2610846463906193,1.0,0.25984987597049064,0.7401501240295093
22975,YMR210W YHR203C,0.0,NA,0.03869786113500595,2850,8065,22976,0,0.7620312177274202,0.26110856619331196,1.0,0.2598176605135144,0.7401823394864856
22976,YOR165W YML092C,0.0,NA,0.03870581090450287,2850,8064,22977,0,0.7620607240860405,0.2611324903793293,1.0,0.2597854450565381,0.7402145549434619
22977,YMR172W YGL098W,0.0,NA,0.03873047977685928,2850,8063,22978,0,0.7620902304446608,0.2611564189498763,1.0,0.2597532295995619,0.7402467704004382
22978,YER183C tM(CAU)J3,0.0,NA,0.03874528780579567,2850,8062,22979,0,0.7621197368032812,0.26118035190615835,1.0,0.25972101414258564,0.7402789858574144
22979,YJR046W snR13,0.0,NA,0.03875935450196266,2850,8061,22980,0,0.7621492431619014,0.2612042892493814,1.0,0.25968879868560935,0.7403112013143907
22980,YGR109W-A YHR086W,0.0,NA,0.038762181997299194,2850,8060,22981,0,0.7621787495205217,0.2612282309807516,1.0,0.2596565832286331,0.740343416771367
22981,tG(GCC)M YDR285W,0.0,NA,0.03878062590956688,2850,8059,22982,0,0.762208255879142,0.26125217710147586,1.0,0.2596243677716568,0.7403756322283431
22982,YPL051W YIR028W,0.0,NA,0.038792964071035385,2850,8058,22983,0,0.7622377622377622,0.26127612761276126,1.0,0.2595921523146806,0.7404078476853194
22983,YOR360C YLR459W,0.0,NA,0.038814447820186615,2850,8057,22984,0,0.7622672685963825,0.26130008251581555,1.0,0.25955993685770434,0.7404400631422957
22984,YLR192C YOR254C,0.0,NA,0.03885145112872124,2850,8056,22985,0,0.7622967749550028,0.2613240418118467,1.0,0.25952772140072805,0.7404722785992719
22985,snR38 YLR011W,0.0,NA,0.038884904235601425,2850,8055,22986,0,0.7623262813136231,0.2613480055020633,1.0,0.2594955059437518,0.7405044940562482
22986,YBR041W YMR288W,0.0,NA,0.03891169652342796,2850,8054,22987,0,0.7623557876722433,0.2613719735876742,1.0,0.2594632904867756,0.7405367095132245
22987,YNL104C YDR011W,0.0,NA,0.03891405090689659,2850,8053,22988,0,0.7623852940308636,0.26139594606988903,1.0,0.2594310750297993,0.7405689249702007
22988,YKL218C YHR174W,0.0,NA,0.03893067315220833,2850,8052,22989,0,0.762414800389484,0.26141992294991745,1.0,0.25939885957282305,0.740601140427177
22989,YOR328W tH(GUG)K,0.0,NA,0.03894300386309624,2850,8051,22990,0,0.7624443067481043,0.2614439042289698,1.0,0.25936664411584676,0.7406333558841532
22990,YOR237W YJR119C,0.0,NA,0.038945987820625305,2850,8050,22991,0,0.7624738131067245,0.26146788990825687,1.0,0.2593344286588705,0.7406655713411294
22991,YGL144C YOL065C,0.0,NA,0.03896157070994377,2850,8049,22992,0,0.7625033194653448,0.2614918799889898,1.0,0.2593022132018943,0.7406977867981057
22992,YGR261C tQ(CUG)M,0.0,NA,0.03897691145539284,2850,8048,22993,0,0.7625328258239651,0.2615158744723802,1.0,0.259269997744918,0.740730002255082
22993,YPR158C-C YMR290C,0.0,NA,0.039011236280202866,2850,8047,22994,0,0.7625623321825854,0.26153987335964024,1.0,0.25923778228794175,0.7407622177120582
22994,YPR017C tQ(UUG)E1,0.0,NA,0.03901350498199463,2850,8046,22995,0,0.7625918385412056,0.2615638766519824,1.0,0.2592055668309655,0.7407944331690345
22995,YDR014W YKR035W-A,0.0,NA,0.03904663026332855,2850,8045,22996,0,0.7626213448998259,0.2615878843506195,1.0,0.2591733513739892,0.7408266486260108
22996,YOR021C YER029C,0.0,NA,0.03905545175075531,2850,8044,22997,0,0.7626508512584462,0.2616118964567652,1.0,0.259141135917013,0.7408588640829871
22997,YDR412W snR46,0.0,NA,0.03905629366636276,2850,8043,22998,0,0.7626803576170664,0.26163591297163313,1.0,0.25910892046003675,0.7408910795399632
22998,YOR126C YHL027W,0.0,NA,0.039080459624528885,2850,8042,22999,0,0.7627098639756867,0.26165993389643777,1.0,0.25907670500306046,0.7409232949969395
22999,snR38 YBL069W,0.0,NA,0.03909801319241524,2850,8041,23000,0,0.762739370334307,0.26168395923239374,1.0,0.2590444895460842,0.7409555104539158
23000,YKL218C YDR313C,0.0,NA,0.039105068892240524,2850,8040,23001,0,0.7627688766929274,0.26170798898071623,1.0,0.25901227408910793,0.740987725910892
23001,YLR309C YDR512C,0.0,NA,0.0391104631125927,2850,8039,23002,0,0.7627983830515476,0.261732023142621,1.0,0.2589800586321317,0.7410199413678683
23002,YDR435C YGR197C,0.0,NA,0.03914770111441612,2850,8038,23003,0,0.7628278894101679,0.26175606171932403,1.0,0.25894784317515546,0.7410521568248446
23003,YBR069C YCR038C,0.0,NA,0.0391642227768898,2850,8037,23004,0,0.7628573957687882,0.2617801047120419,1.0,0.25891562771817916,0.7410843722818208
23004,YPL237W YPL049C,0.0,NA,0.03919577971100807,2850,8036,23005,0,0.7628869021274085,0.26180415212199154,1.0,0.2588834122612029,0.7411165877387971
23005,YMR163C snR34,0.0,NA,0.039202604442834854,2850,8035,23006,0,0.7629164084860287,0.26182820395039047,1.0,0.2588511968042267,0.7411488031957734
23006,YPL152W tV(AAC)J,0.0,NA,0.03920377045869827,2850,8034,23007,0,0.762945914844649,0.2618522601984565,1.0,0.2588189813472504,0.7411810186527495
23007,YNL270C tA(AGC)L,0.0,NA,0.03920912742614746,2850,8033,23008,0,0.7629754212032693,0.26187632086740786,1.0,0.25878676589027416,0.7412132341097258
23008,YBR069C YFR013W,0.0,NA,0.03920912742614746,2850,8032,23009,0,0.7630049275618895,0.26190038595846354,1.0,0.25875455043329787,0.7412454495667021
23009,YGL148W tG(CCC)O,0.0,NA,0.03923160210251808,2850,8031,23010,0,0.7630344339205098,0.26192445547284254,1.0,0.25872233497632163,0.7412776650236783
23010,YCR042C YGR041W,0.0,NA,0.039251361042261124,2850,8030,23011,0,0.7630639402791302,0.2619485294117647,1.0,0.2586901195193454,0.7413098804806546
23011,YMR210W YOL078W,0.0,NA,0.03926389664411545,2850,8029,23012,0,0.7630934466377505,0.26197260777645004,1.0,0.2586579040623691,0.7413420959376309
23012,YML055W snR9,0.0,NA,0.03934158384799957,2850,8028,23013,0,0.7631229529963707,0.26199669056811914,1.0,0.25862568860539287,0.7413743113946071
23013,YNL116W tQ(UUG)D3,0.0,NA,0.039344072341918945,2850,8027,23014,0,0.763152459354991,0.262020777787993,1.0,0.25859347314841663,0.7414065268515834
23014,YMR163C YGL086W,0.0,NA,0.03934571146965027,2850,8026,23015,0,0.7631819657136113,0.2620448694372931,1.0,0.25856125769144034,0.7414387423085597
23015,tC(GCA)P1 YJR040W,0.0,NA,0.039361756294965744,2850,8025,23016,0,0.7632114720722316,0.2620689655172414,1.0,0.2585290422344641,0.741470957765536
23016,YMR299C YHR072W-A,0.0,NA,0.03937946632504463,2850,8024,23017,0,0.7632409784308518,0.26209306602906013,1.0,0.25849682677748786,0.7415031732225121
23017,YDR104C tR(CCU)J,0.0,NA,0.03939379006624222,2850,8023,23018,0,0.7632704847894721,0.26211717097397225,1.0,0.2584646113205116,0.7415353886794884
23018,YER042W YKR054C,0.0,NA,0.0394192598760128,2850,8022,23019,0,0.7632999911480924,0.2621412803532009,1.0,0.25843239586353534,0.7415676041364647
23019,YMR011W tS(UGA)E,0.0,NA,0.03942554071545601,2850,8021,23020,0,0.7633294975067128,0.2621653941679698,1.0,0.25840018040655904,0.7415998195934409
23020,YJL034W YER014C-A,0.0,NA,0.0394672229886055,2850,8020,23021,0,0.763359003865333,0.2621895124195032,1.0,0.2583679649495828,0.7416320350504172
23021,YGL247W YOL120C,0.0,NA,0.03950688615441322,2850,8019,23022,0,0.7633885102239533,0.2622136351090257,1.0,0.25833574949260657,0.7416642505073935
23022,tT(CGU)K YKL143W,0.0,NA,0.039527807384729385,2850,8018,23023,0,0.7634180165825736,0.26223776223776224,1.0,0.2583035340356303,0.7416964659643697
23023,YBL069W YDR047W,0.0,NA,0.03954122215509415,2850,8017,23024,0,0.7634475229411938,0.26226189380693843,1.0,0.25827131857865404,0.741728681421346
23024,YOL121C YFR051C,0.0,NA,0.03959003835916519,2850,8016,23025,0,0.7634770292998141,0.2622860298177802,1.0,0.2582391031216778,0.7417608968783223
23025,YBR170C YGR157W,0.0,NA,0.03959484398365021,2850,8015,23026,0,0.7635065356584344,0.26231017027151404,1.0,0.2582068876647015,0.7417931123352984
23026,YOL043C tR(UCU)M1,0.0,NA,0.03960220888257027,2850,8014,23027,0,0.7635360420170547,0.2623343151693667,1.0,0.2581746722077253,0.7418253277922747
23027,YLR128W YOR302W,0.0,NA,0.03961604833602905,2850,8013,23028,0,0.7635655483756749,0.2623584645125656,1.0,0.258142456750749,0.741857543249251
23028,Q0045 YCR047C,0.0,NA,0.03962983563542366,2850,8012,23029,0,0.7635950547342952,0.26238261830233844,1.0,0.25811024129377275,0.7418897587062272
23029,YMR247C YMR045C,0.0,NA,0.039632704108953476,2850,8011,23030,0,0.7636245610929155,0.26240677653991346,1.0,0.2580780258367965,0.7419219741632035
23030,Q0070 YOR002W,0.0,NA,0.039633337408304214,2850,8010,23031,0,0.7636540674515359,0.26243093922651933,1.0,0.2580458103798202,0.7419541896201798
23031,YJL031C YNL027W,0.0,NA,0.039670489728450775,2850,8009,23032,0,0.7636835738101561,0.2624551063633852,1.0,0.258013594922844,0.7419864050771561
23032,YOR103C YDR306C,0.0,NA,0.03968829661607742,2850,8008,23033,0,0.7637130801687764,0.26247927795174064,1.0,0.25798137946586774,0.7420186205341323
23033,YBR036C tS(UGA)E,0.0,NA,0.039691533893346786,2850,8007,23034,0,0.7637425865273967,0.2625034539928157,1.0,0.25794916400889145,0.7420508359911085
23034,YOR229W YBL016W,0.0,NA,0.03969374671578407,2850,8006,23035,0,0.7637720928860169,0.26252763448784083,1.0,0.2579169485519152,0.7420830514480848
23035,YGR086C YDL194W,0.0,NA,0.03969400376081467,2850,8005,23036,0,0.7638015992446372,0.262551819438047,1.0,0.257884733094939,0.742115266905061
23036,YOR132W YKL165C,0.0,NA,0.03970751166343689,2850,8004,23037,0,0.7638311056032575,0.2625760088446656,1.0,0.2578525176379627,0.7421474823620373
23037,YLR194C YIL071C,0.0,NA,0.03978988528251648,2850,8003,23038,0,0.7638606119618778,0.2626002027089284,1.0,0.25782030218098645,0.7421796978190136
23038,YDL115C YNR064C,0.0,NA,0.039816729724407196,2850,8002,23039,0,0.763890118320498,0.2626244010320678,1.0,0.25778808672401016,0.7422119132759898
23039,YLR385C YDL170W,0.0,NA,0.03984490782022476,2850,8001,23040,0,0.7639196246791183,0.2626486038153166,1.0,0.2577558712670339,0.7422441287329661
23040,YGL022W YBR172C,0.0,NA,0.0398586243391037,2850,8000,23041,0,0.7639491310377386,0.2626728110599078,1.0,0.2577236558100577,0.7422763441899424
23041,YPL020C YDR545W,0.0,NA,0.03986391797661781,2850,7999,23042,0,0.763978637396359,0.2626970227670753,1.0,0.2576914403530814,0.7423085596469186
23042,YKR055W YKR072C,0.0,NA,0.03989347442984581,2850,7998,23043,0,0.7640081437549792,0.2627212389380531,1.0,0.25765922489610515,0.7423407751038948
23043,YHR101C tM(CAU)J3,0.0,NA,0.03990896791219711,2850,7997,23044,0,0.7640376501135995,0.2627454595740758,1.0,0.2576270094391289,0.7423729905608711
23044,YDR227W YAR018C,0.0,NA,0.039910778403282166,2850,7996,23045,0,0.7640671564722198,0.2627696846763784,1.0,0.2575947939821526,0.7424052060178473
23045,YMR226C YLR170C,0.0,NA,0.03991415724158287,2850,7995,23046,0,0.7640966628308401,0.2627939142461964,1.0,0.2575625785251764,0.7424374214748236
23046,YDR093W snR3,0.0,NA,0.03992301970720291,2850,7994,23047,0,0.7641261691894603,0.2628181482847658,1.0,0.2575303630682001,0.7424696369317999
23047,YPR094W YLR009W,0.0,NA,0.03995794057846069,2850,7993,23048,0,0.7641556755480806,0.2628423867933229,1.0,0.25749814761122386,0.7425018523887761
23048,YGL037C YBR202W,0.0,NA,0.03998919576406479,2850,7992,23049,0,0.7641851819067009,0.2628666297731046,1.0,0.2574659321542476,0.7425340678457524
23049,snR41 YJL184W,0.0,NA,0.04001171886920929,2850,7991,23050,0,0.7642146882653211,0.2628908772253482,1.0,0.25743371669727133,0.7425662833027287
23050,YDR135C YBL008W,0.0,NA,0.04004129022359848,2850,7990,23051,0,0.7642441946239414,0.2629151291512915,1.0,0.2574015012402951,0.742598498759705
23051,tR(ACG)D YGL141W,0.0,NA,0.040048789232969284,2850,7989,23052,0,0.7642737009825618,0.2629393855521727,1.0,0.25736928578331886,0.7426307142166811
23052,YLL063C YGL002W,0.0,NA,0.04006299749016762,2850,7988,23053,0,0.7643032073411821,0.2629636464292305,1.0,0.25733707032634257,0.7426629296736574
23053,YHR084W YFR036W,0.0,NA,0.040078531950712204,2850,7987,23054,0,0.7643327136998023,0.26298791178370395,1.0,0.25730485486936633,0.7426951451306337
23054,YBL082C YNL101W,0.0,NA,0.04015855863690376,2850,7986,23055,0,0.7643622200584226,0.26301218161683276,1.0,0.2572726394123901,0.7427273605876099
23055,tS(AGA)B YLR275W,0.0,NA,0.0401591993868351,2850,7985,23056,0,0.7643917264170429,0.26303645592985697,1.0,0.2572404239554138,0.7427595760445862
23056,snR6 YML038C,0.0,NA,0.040171220898628235,2850,7984,23057,0,0.7644212327756632,0.263060734724017,1.0,0.25720820849843756,0.7427917915015625
23057,YLR078C YDL232W,0.0,NA,0.040190715342760086,2850,7983,23058,0,0.7644507391342834,0.26308501800055384,1.0,0.25717599304146127,0.7428240069585387
23058,YNL130C YDR279W,0.0,NA,0.0401991605758667,2850,7982,23059,0,0.7644802454929037,0.263109305760709,1.0,0.25714377758448503,0.742856222415515
23059,YHR138C YDL185W,0.0,NA,0.04020331799983978,2850,7981,23060,0,0.764509751851524,0.26313359800572433,1.0,0.2571115621275088,0.7428884378724913
23060,YDR306C YMR009W,0.0,NA,0.040205031633377075,2850,7980,23061,0,0.7645392582101442,0.2631578947368421,1.0,0.2570793466705325,0.7429206533294674
23061,YHR184W YLL004W,0.0,NA,0.04024672880768776,2850,7979,23062,0,0.7645687645687645,0.2631821959553052,1.0,0.25704713121355627,0.7429528687864437
23062,YHR139C tG(GCC)O1,0.0,NA,0.04024985805153847,2850,7978,23063,0,0.7645982709273849,0.2632065016623569,1.0,0.25701491575658003,0.74298508424342
23063,YMR119W YNL241C,0.0,NA,0.040253616869449615,2850,7977,23064,0,0.7646277772860052,0.2632308118592408,1.0,0.25698270029960374,0.7430172997003962
23064,YLR176C tT(CGU)K,0.0,NA,0.040278900414705276,2850,7976,23065,0,0.7646572836446254,0.2632551265472012,1.0,0.2569504848426275,0.7430495151573725
23065,YMR036C YDR087C,0.0,NA,0.04028778523206711,2850,7975,23066,0,0.7646867900032457,0.2632794457274827,1.0,0.2569182693856512,0.7430817306143488
23066,YOR213C YPL169C,0.0,NA,0.0403202660381794,2850,7974,23067,0,0.764716296361866,0.2633037694013304,1.0,0.256886053928675,0.743113946071325
23067,YGR096W YPL171C,0.0,NA,0.040351107716560364,2850,7973,23068,0,0.7647458027204863,0.2633280975699898,1.0,0.25685383847169874,0.7431461615283013
23068,YDR363W-A Q0115,0.0,NA,0.04036702588200569,2850,7972,23069,0,0.7647753090791065,0.26335243023470706,1.0,0.25682162301472244,0.7431783769852776
23069,YPL060C-A YKR081C,0.0,NA,0.04039032757282257,2850,7971,23070,0,0.7648048154377268,0.2633767673967286,1.0,0.2567894075577462,0.7432105924422538
23070,snR51 YDR497C,0.0,NA,0.04040248692035675,2850,7970,23071,0,0.7648343217963471,0.2634011090573013,1.0,0.25675719210076997,0.74324280789923
23071,YCR039C YGR129W,0.0,NA,0.04041099548339844,2850,7969,23072,0,0.7648638281549673,0.26342545521767263,1.0,0.2567249766437937,0.7432750233562063
23072,YLR189C tS(AGA)D1,0.0,NA,0.04042282700538635,2850,7968,23073,0,0.7648933345135877,0.2634498058790904,1.0,0.25669276118681744,0.7433072388131826
23073,YML071C YMR261C,0.0,NA,0.04042883962392807,2850,7967,23074,0,0.764922840872208,0.26347416104280297,1.0,0.2566605457298412,0.7433394542701588
23074,YOR212W YML019W,0.0,NA,0.040445566177368164,2850,7966,23075,0,0.7649523472308283,0.2634985207100592,1.0,0.2566283302728649,0.7433716697271351
23075,YPL045W YHR165C,0.0,NA,0.04046933352947235,2850,7965,23076,0,0.7649818535894485,0.2635228848821082,1.0,0.2565961148158887,0.7434038851841114
23076,YAR003W YDR335W,0.0,NA,0.04048094525933266,2850,7964,23077,0,0.7650113599480688,0.26354725356019976,1.0,0.2565638993589124,0.7434361006410876
23077,YOR030W YLR313C,0.0,NA,0.04049013555049896,2850,7963,23078,0,0.7650408663066891,0.26357162674558404,1.0,0.25653168390193615,0.7434683160980639
23078,YBR095C YBR238C,0.0,NA,0.0404960997402668,2850,7962,23079,0,0.7650703726653094,0.26359600443951164,1.0,0.2564994684449599,0.7435005315550401
23079,YMR127C YDR210W-A,0.0,NA,0.040501177310943604,2850,7961,23080,0,0.7650998790239296,0.26362038664323373,1.0,0.2564672529879836,0.7435327470120163
23080,YOR207C YBR026C,0.0,NA,0.04050738364458084,2850,7960,23081,0,0.7651293853825499,0.26364477335800185,1.0,0.2564350375310074,0.7435649624689926
23081,tE(CUC)D YCR012W,0.0,NA,0.04051637277007103,2850,7959,23082,0,0.7651588917411702,0.263669164585068,1.0,0.25640282207403114,0.7435971779259689
23082,YLR139C YCR024C,0.0,NA,0.040522120893001556,2850,7958,23083,0,0.7651883980997906,0.2636935603256847,1.0,0.25637060661705485,0.7436293933829451
23083,YDL098C YPR162C,0.0,NA,0.0405275896191597,2850,7957,23084,0,0.7652179044584108,0.26371796058110486,1.0,0.2563383911600786,0.7436616088399214
23084,tS(AGA)J YDR072C,0.0,NA,0.04053843766450882,2850,7956,23085,0,0.7652474108170311,0.2637423653525819,1.0,0.2563061757031023,0.7436938242968977
23085,YKR095W-A YBR103W,0.0,NA,0.040543947368860245,2850,7955,23086,0,0.7652769171756514,0.2637667746413697,1.0,0.2562739602461261,0.7437260397538739
23086,YLR223C YBR254C,0.0,NA,0.04054654389619827,2850,7954,23087,0,0.7653064235342716,0.2637911884487227,1.0,0.25624174478914985,0.7437582552108501
23087,YOR092W YNL178W,0.0,NA,0.04055903106927872,2850,7953,23088,0,0.7653359298928919,0.2638156067758956,1.0,0.25620952933217356,0.7437904706678264
23088,snR44 YDR310C,0.0,NA,0.040567100048065186,2850,7952,23089,0,0.7653654362515122,0.26384002962414366,1.0,0.2561773138751973,0.7438226861248027
23089,YHL022C YLR017W,0.0,NA,0.040575046092271805,2850,7951,23090,0,0.7653949426101325,0.2638644569947227,1.0,0.2561450984182211,0.7438549015817789
23090,YNR034W YGR184C,0.0,NA,0.04057642072439194,2850,7950,23091,0,0.7654244489687527,0.2638888888888889,1.0,0.2561128829612448,0.7438871170387552
23091,YKL011C snR34,0.0,NA,0.04057682678103447,2850,7949,23092,0,0.765453955327373,0.2639133253078989,1.0,0.25608066750426856,0.7439193324957315
23092,YMR220W BLM3,0.0,NA,0.04058735445141792,2850,7948,23093,0,0.7654834616859933,0.2639377662530098,1.0,0.25604845204729226,0.7439515479527077
23093,YPL195W YPR162C,0.0,NA,0.04058798402547836,2850,7947,23094,0,0.7655129680446137,0.2639622117254793,1.0,0.256016236590316,0.743983763409684
23094,YKR025W YGR204W,0.0,NA,0.040588006377220154,2850,7946,23095,0,0.7655424744032339,0.2639866617265654,1.0,0.2559840211333398,0.7440159788666603
23095,YDL184C YDR093W,0.0,NA,0.04062878340482712,2850,7945,23096,0,0.7655719807618542,0.26401111625752666,1.0,0.2559518056763635,0.7440481943236364
23096,YJR152W YDR113C,0.0,NA,0.040649306029081345,2850,7944,23097,0,0.7656014871204745,0.264035575319622,1.0,0.25591959021938726,0.7440804097806127
23097,YFR033C YLR106C,0.0,NA,0.04070499911904335,2850,7943,23098,0,0.7656309934790947,0.264060038914111,1.0,0.255887374762411,0.744112625237589
23098,YOL017W YDR050C,0.0,NA,0.04071959853172302,2850,7942,23099,0,0.765660499837715,0.2640845070422535,1.0,0.25585515930543473,0.7441448406945652
23099,YIL047C YCR020W-B,0.0,NA,0.0407271608710289,2850,7941,23100,0,0.7656900061963353,0.26410897970531,1.0,0.2558229438484585,0.7441770561515415
23100,YPL048W YFR021W,0.0,NA,0.04074834659695625,2850,7940,23101,0,0.7657195125549556,0.26413345690454126,1.0,0.25579072839148226,0.7442092716085178
23101,YPR017C YMR288W,0.0,NA,0.04075494781136513,2850,7939,23102,0,0.7657490189135758,0.2641579386412086,1.0,0.25575851293450597,0.744241487065494
23102,YLR183C YLR432W,0.0,NA,0.04077529162168503,2850,7938,23103,0,0.7657785252721961,0.26418242491657395,1.0,0.25572629747752973,0.7442737025224703
23103,YIL026C YOR269W,0.0,NA,0.04077547416090965,2850,7937,23104,0,0.7658080316308165,0.2642069157318995,1.0,0.25569408202055344,0.7443059179794466
23104,YMR039C tV(AAC)J,0.0,NA,0.04078827053308487,2850,7936,23105,0,0.7658375379894368,0.264231411088448,1.0,0.2556618665635772,0.7443381334364227
23105,YGR217W YER161C,0.0,NA,0.04079646244645119,2850,7935,23106,0,0.765867044348057,0.26425591098748263,1.0,0.25562965110660096,0.744370348893399
23106,YDL184C YLR357W,0.0,NA,0.04079950600862503,2850,7934,23107,0,0.7658965507066773,0.26428041543026703,1.0,0.25559743564962467,0.7444025643503753
23107,YNL214W YIL088C,0.0,NA,0.04080403968691826,2850,7933,23108,0,0.7659260570652976,0.26430492441806547,1.0,0.25556522019264843,0.7444347798073516
23108,MEL1 YPL020C,0.0,NA,0.04082242399454117,2850,7932,23109,0,0.7659555634239179,0.2643294379521425,1.0,0.2555330047356722,0.7444669952643278
23109,YFL049W YOL097C,0.0,NA,0.04083704948425293,2850,7931,23110,0,0.7659850697825381,0.2643539560337631,1.0,0.2555007892786959,0.7444992107213041
23110,YMR062C YDR316W-A,0.0,NA,0.040910083800554276,2850,7930,23111,0,0.7660145761411584,0.26437847866419295,1.0,0.25546857382171967,0.7445314261782804
23111,YOR281C YNL021W,0.0,NA,0.04091545194387436,2850,7929,23112,0,0.7660440824997787,0.264403005844698,1.0,0.2554363583647434,0.7445636416352566
23112,YFL034C-B YNL130C,0.0,NA,0.04095791280269623,2850,7928,23113,0,0.7660735888583989,0.2644275375765448,1.0,0.25540414290776714,0.7445958570922329
23113,YDR495C YLL035W,0.0,NA,0.040975429117679596,2850,7927,23114,0,0.7661030952170192,0.2644520738610003,1.0,0.2553719274507909,0.7446280725492092
23114,YDR416W YDR046C,0.0,NA,0.0409841425716877,2850,7926,23115,0,0.7661326015756396,0.26447661469933187,1.0,0.2553397119938146,0.7446602880061853
23115,YLR214W YHR046C,0.0,NA,0.040988847613334656,2850,7925,23116,0,0.7661621079342599,0.26450116009280744,1.0,0.2553074965368384,0.7446925034631616
23116,YGL032C tV(AAC)J,0.0,NA,0.04099445044994354,2850,7924,23117,0,0.7661916142928801,0.2645257100426954,1.0,0.25527528107986214,0.7447247189201379
23117,YDL109C YNR038W,0.0,NA,0.04100116342306137,2850,7923,23118,0,0.7662211206515004,0.26455026455026454,1.0,0.25524306562288585,0.7447569343771141
23118,YBR275C YHR163W,0.0,NA,0.04102125018835068,2850,7922,23119,0,0.7662506270101207,0.26457482361678425,1.0,0.2552108501659096,0.7447891498340904
23119,YPL157W tS(AGA)B,0.0,NA,0.04104113578796387,2850,7921,23120,0,0.766280133368741,0.2645993872435243,1.0,0.25517863470893337,0.7448213652910667
23120,YDR226W YLR129W,0.0,NA,0.041053205728530884,2850,7920,23121,0,0.7663096397273612,0.2646239554317549,1.0,0.2551464192519571,0.7448535807480429
23121,YOR163W YAR035W,0.0,NA,0.04105444625020027,2850,7919,23122,0,0.7663391460859815,0.26464852818274676,1.0,0.25511420379498084,0.7448857962050192
23122,YDR251W YLR188W,0.0,NA,0.04108843579888344,2850,7918,23123,0,0.7663686524446018,0.2646731054977712,1.0,0.25508198833800455,0.7449180116619954
23123,YBL009W YLL016W,0.0,NA,0.04109925776720047,2850,7917,23124,0,0.766398158803222,0.26469768737809973,1.0,0.2550497728810283,0.7449502271189716
23124,YKL205W YJR033C,0.0,NA,0.0411062128841877,2850,7916,23125,0,0.7664276651618424,0.26472227382500463,1.0,0.2550175574240521,0.7449824425759479
23125,YER176W YML041C,0.0,NA,0.04112730920314789,2850,7915,23126,0,0.7664571715204627,0.26474686483975846,1.0,0.2549853419670758,0.7450146580329242
23126,YJL128C YNL102W,0.0,NA,0.041128359735012054,2850,7914,23127,0,0.766486677879083,0.26477146042363436,1.0,0.25495312651009955,0.7450468734899005
23127,YPL133C snR9,0.0,NA,0.0411287359893322,2850,7913,23128,0,0.7665161842377032,0.2647960605779058,1.0,0.2549209110531233,0.7450790889468767
23128,YGR124W snR58,0.0,NA,0.04113247990608215,2850,7912,23129,0,0.7665456905963235,0.26482066530384685,1.0,0.254888695596147,0.745111304403853
23129,YLL046C YIL083C,0.0,NA,0.04116421565413475,2850,7911,23130,0,0.7665751969549438,0.2648452746027321,1.0,0.2548564801391708,0.7451435198608293
23130,YNL068C YER030W,0.0,NA,0.04119019955396652,2850,7910,23131,0,0.7666047033135641,0.2648698884758364,1.0,0.2548242646821945,0.7451757353178055
23131,YDL054C YLR215C,0.0,NA,0.04119238257408142,2850,7909,23132,0,0.7666342096721843,0.26489450692443534,1.0,0.25479204922521825,0.7452079507747817
23132,YBR101C YGL166W,0.0,NA,0.04119720309972763,2850,7908,23133,0,0.7666637160308046,0.2649191299498048,1.0,0.254759833768242,0.745240166231758
23133,YLR007W YJL092W,0.0,NA,0.041206151247024536,2850,7907,23134,0,0.7666932223894249,0.26494375755322114,1.0,0.2547276183112657,0.7452723816887342
23134,YMR013C tV(UAC)B,0.0,NA,0.041208621114492416,2850,7906,23135,0,0.7667227287480453,0.2649683897359613,1.0,0.2546954028542895,0.7453045971457105
23135,YAR002W YNL041C,0.0,NA,0.041211482137441635,2850,7905,23136,0,0.7667522351066655,0.2649930264993027,1.0,0.25466318739731325,0.7453368126026868
23136,tQ(UUG)C YIL149C,0.0,NA,0.041246674954891205,2850,7904,23137,0,0.7667817414652858,0.26501766784452296,1.0,0.25463097194033696,0.745369028059663
23137,YDL134C YMR194W,0.0,NA,0.04126666486263275,2850,7903,23138,0,0.7668112478239061,0.2650423137729006,1.0,0.2545987564833607,0.7454012435166393
23138,tA(AGC)D YKL035W,0.0,NA,0.04127313569188118,2850,7902,23139,0,0.7668407541825263,0.2650669642857143,1.0,0.2545665410263845,0.7454334589736156
23139,YLR055C YBR118W,0.0,NA,0.04127461090683937,2850,7901,23140,0,0.7668702605411466,0.2650916193842433,1.0,0.2545343255694082,0.7454656744305918
23140,YGL213C YDR439W,0.0,NA,0.04128265008330345,2850,7900,23141,0,0.7668997668997669,0.2651162790697674,1.0,0.25450211011243196,0.745497889887568
23141,YKR085C YNL310C,0.0,NA,0.04128628969192505,2850,7899,23142,0,0.7669292732583872,0.26514094334356686,1.0,0.25446989465545566,0.7455301053445443
23142,YMR210W YCR028C,0.0,NA,0.04131738841533661,2850,7898,23143,0,0.7669587796170074,0.2651656122069222,1.0,0.2544376791984794,0.7455623208015205
23143,YOL078W YOL049W,0.0,NA,0.04132326319813728,2850,7897,23144,0,0.7669882859756277,0.26519028566111474,1.0,0.2544054637415032,0.7455945362584968
23144,YKL055C YER117W,0.0,NA,0.041339851915836334,2850,7896,23145,0,0.767017792334248,0.26521496370742603,1.0,0.2543732482845269,0.7456267517154731
23145,YOR148C YGR027W-B,0.0,NA,0.041360702365636826,2850,7895,23146,0,0.7670472986928684,0.2652396463471382,1.0,0.25434103282755066,0.7456589671724494
23146,YJR062C YML105C,0.0,NA,0.04138553515076637,2850,7894,23147,0,0.7670768050514886,0.2652643335815339,1.0,0.2543088173705744,0.7456911826294256
23147,snR63 YHR044C,0.0,NA,0.04143724590539932,2850,7893,23148,0,0.7671063114101089,0.26528902541189614,1.0,0.25427660191359813,0.7457233980864019
23148,YGR272C YDL058W,0.0,NA,0.04144974797964096,2850,7892,23149,0,0.7671358177687292,0.26531372183950847,1.0,0.2542443864566219,0.7457556135433782
23149,YOR148C YJR148W,0.0,NA,0.04146060347557068,2850,7891,23150,0,0.7671653241273494,0.26533842286565495,1.0,0.2542121709996456,0.7457878290003543
23150,YHR019C YER159C-A,0.0,NA,0.041474081575870514,2850,7890,23151,0,0.7671948304859697,0.26536312849162014,1.0,0.25417995554266937,0.7458200444573306
23151,YKL004W YBL100W-B,0.0,NA,0.0414787232875824,2850,7889,23152,0,0.76722433684459,0.2653878387186889,1.0,0.25414774008569313,0.7458522599143069
23152,snR39 YDR188W,0.0,NA,0.04147959500551224,2850,7888,23153,0,0.7672538432032103,0.26541255354814675,1.0,0.25411552462871684,0.7458844753712831
23153,YGL086W YJR013W,0.0,NA,0.04148424044251442,2850,7887,23154,0,0.7672833495618305,0.26543727298127967,1.0,0.2540833091717406,0.7459166908282594
23154,YIR030C YGR154C,0.0,NA,0.041486307978630066,2850,7886,23155,0,0.7673128559204508,0.26546199701937406,1.0,0.25405109371476436,0.7459489062852357
23155,YPL192C YFR033C,0.0,NA,0.041488394141197205,2850,7885,23156,0,0.7673423622790712,0.26548672566371684,1.0,0.25401887825778807,0.7459811217422119
23156,YOR202W YGR010W,0.0,NA,0.041500531136989594,2850,7884,23157,0,0.7673718686376915,0.2655114589155953,1.0,0.25398666280081184,0.7460133371991882
23157,YBR097W YJR059W,0.0,NA,0.041506752371788025,2850,7883,23158,0,0.7674013749963117,0.2655361967762974,1.0,0.2539544473438356,0.7460455526561645
23158,YJR042W YNL123W,0.0,NA,0.04154317453503609,2850,7882,23159,0,0.767430881354932,0.26556093924711144,1.0,0.2539222318868593,0.7460777681131406
23159,YDL047W YDR174W,0.0,NA,0.041558291763067245,2850,7881,23160,0,0.7674603877135523,0.2655856863293263,1.0,0.25389001642988307,0.7461099835701169
23160,YGR063C YJL190C,0.0,NA,0.04156450182199478,2850,7880,23161,0,0.7674898940721726,0.2656104380242311,1.0,0.2538578009729068,0.7461421990270932
23161,YPL060C-A YNL062C,0.0,NA,0.04158775880932808,2850,7879,23162,0,0.7675194004307928,0.26563519433311583,1.0,0.25382558551593054,0.7461744144840694
23162,tH(GUG)E1 YOL081W,0.0,NA,0.041588347405195236,2850,7878,23163,0,0.7675489067894131,0.2656599552572707,1.0,0.2537933700589543,0.7462066299410457
23163,YDR536W YDR261C,0.0,NA,0.04159330576658249,2850,7877,23164,0,0.7675784131480334,0.2656847207979864,1.0,0.253761154601978,0.746238845398022
23164,tE(CUC)D YHR181W,0.0,NA,0.04159734025597572,2850,7876,23165,0,0.7676079195066536,0.26570949095655416,1.0,0.2537289391450018,0.7462710608549983
23165,YBL071W-A YNR008W,0.0,NA,0.04163670539855957,2850,7875,23166,0,0.767637425865274,0.26573426573426573,1.0,0.25369672368802554,0.7463032763119745
23166,YGL116W tE(UUC)M,0.0,NA,0.04166103154420853,2850,7874,23167,0,0.7676669322238943,0.2657590451324133,1.0,0.25366450823104925,0.7463354917689508
23167,YDR232W YOR167C,0.0,NA,0.04166540876030922,2850,7873,23168,0,0.7676964385825146,0.2657838291522895,1.0,0.253632292774073,0.746367707225927
23168,YJL168C YDL148C,0.0,NA,0.04167843610048294,2850,7872,23169,0,0.7677259449411348,0.26580861779518744,1.0,0.2536000773170967,0.7463999226829032
23169,YKL043W YFR013W,0.0,NA,0.04170386493206024,2850,7871,23170,0,0.7677554512997551,0.2658334110624009,1.0,0.2535678618601205,0.7464321381398795
23170,YPL180W YKL186C,0.0,NA,0.04171057417988777,2850,7870,23171,0,0.7677849576583754,0.2658582089552239,1.0,0.25353564640314424,0.7464643535968558
23171,YGR285C YOR361C,0.0,NA,0.04171501472592354,2850,7869,23172,0,0.7678144640169957,0.265883011474951,1.0,0.25350343094616795,0.746496569053832
23172,YGR004W YKL062W,0.0,NA,0.04171747341752052,2850,7868,23173,0,0.7678439703756159,0.2659078186228774,1.0,0.2534712154891917,0.7465287845108083
23173,YLR197W tR(CCU)J,0.0,NA,0.0417669340968132,2850,7867,23174,0,0.7678734767342362,0.2659326304002986,1.0,0.2534390000322155,0.7465609999677846
23174,YLR383W YDR316W-A,0.0,NA,0.04177790880203247,2850,7866,23175,0,0.7679029830928565,0.26595744680851063,1.0,0.2534067845752392,0.7465932154247608
23175,snR39B YHR018C,0.0,NA,0.04178321361541748,2850,7865,23176,0,0.7679324894514767,0.26598226784881007,1.0,0.25337456911826295,0.746625430881737
23176,tA(AGC)P YLR310C,0.0,NA,0.041834067553281784,2850,7864,23177,0,0.767961995810097,0.2660070935224939,1.0,0.2533423536612867,0.7466576463387133
23177,YGR254W YOR316C,0.0,NA,0.041836585849523544,2850,7863,23178,0,0.7679915021687174,0.2660319238308597,1.0,0.2533101382043104,0.7466898617956895
23178,YHR067W YGR179C,0.0,NA,0.04186106100678444,2850,7862,23179,0,0.7680210085273377,0.2660567587752054,1.0,0.2532779227473342,0.7467220772526658
23179,YDL127W YDL213C,0.0,NA,0.041926175355911255,2850,7861,23180,0,0.7680505148859579,0.26608159835682943,1.0,0.2532457072903579,0.7467542927096421
23180,YOR192C-A YOR098C,0.0,NA,0.04193061962723732,2850,7860,23181,0,0.7680800212445782,0.2661064425770308,1.0,0.25321349183338165,0.7467865081666183
23181,YGR135W YDR380W,0.0,NA,0.04193788021802902,2850,7859,23182,0,0.7681095276031985,0.26613129143710895,1.0,0.2531812763764054,0.7468187236235946
23182,Q0110 YOR063W,0.0,NA,0.04195886477828026,2850,7858,23183,0,0.7681390339618188,0.2661561449383638,1.0,0.2531490609194291,0.7468509390805709
23183,YIL050W YDR469W,0.0,NA,0.041961029171943665,2850,7857,23184,0,0.768168540320439,0.2661810030820958,1.0,0.2531168454624529,0.7468831545375472
23184,YPL029W YBR030W,0.0,NA,0.04196114465594292,2850,7856,23185,0,0.7681980466790593,0.2662058658696058,1.0,0.25308463000547665,0.7469153699945233
23185,YCR066W YML001W,0.0,NA,0.04198674485087395,2850,7855,23186,0,0.7682275530376796,0.2662307333021952,1.0,0.25305241454850036,0.7469475854514996
23186,YLR133W YLR273C,0.0,NA,0.042003896087408066,2850,7854,23187,0,0.7682570593963,0.26625560538116594,1.0,0.2530201990915241,0.7469798009084759
23187,YBR284W YKR106W,0.0,NA,0.0420694500207901,2850,7853,23188,0,0.7682865657549202,0.26628048210782024,1.0,0.25298798363454783,0.7470120163654521
23188,YDL127W tL(GAG)G,0.0,NA,0.04208895564079285,2850,7852,23189,0,0.7683160721135405,0.266305363483461,1.0,0.2529557681775716,0.7470442318224284
23189,YFR024C-A YKR007W,0.0,NA,0.04210082069039345,2850,7851,23190,0,0.7683455784721608,0.26633024950939166,1.0,0.25292355272059536,0.7470764472794047
23190,YFL002W-B YLR307W,0.0,NA,0.04219915717840195,2850,7850,23191,0,0.768375084830781,0.26635514018691586,1.0,0.25289133726361906,0.7471086627363809
23191,YKR085C YPR083W,0.0,NA,0.04223152995109558,2850,7849,23192,0,0.7684045911894013,0.2663800355173381,1.0,0.25285912180664283,0.7471408781933572
23192,YMR099C YKR059W,0.0,NA,0.042249295860528946,2850,7848,23193,0,0.7684340975480216,0.266404935501963,1.0,0.2528269063496666,0.7471730936503335
23193,YOL143C YHR169W,0.0,NA,0.042255278676748276,2850,7847,23194,0,0.7684636039066419,0.2664298401420959,1.0,0.2527946908926903,0.7472053091073096
23194,YEL051W YGL167C,0.0,NA,0.04226595163345337,2850,7846,23195,0,0.7684931102652621,0.2664547494390426,1.0,0.25276247543571406,0.7472375245642859
23195,YJR092W YNR009W,0.0,NA,0.04227699339389801,2850,7845,23196,0,0.7685226166238824,0.2664796633941094,1.0,0.2527302599787378,0.7472697400212622
23196,YIL026C YPL145C,0.0,NA,0.04230700433254242,2850,7844,23197,0,0.7685521229825028,0.26650458200860294,1.0,0.25269804452176153,0.7473019554782384
23197,YNL124W YDR427W,0.0,NA,0.04231123998761177,2850,7843,23198,0,0.7685816293411231,0.26652950528383057,1.0,0.2526658290647853,0.7473341709352147
23198,YKL190W YGR224W,0.0,NA,0.04233039170503616,2850,7842,23199,0,0.7686111356997433,0.2665544332210999,1.0,0.252633613607809,0.747366386392191
23199,YOR075W YNL245C,0.0,NA,0.04235726594924927,2850,7841,23200,0,0.7686406420583636,0.2665793658217192,1.0,0.25260139815083277,0.7473986018491672
23200,YOL005C YHR133C,0.0,NA,0.04237063601613045,2850,7840,23201,0,0.7686701484169839,0.2666043030869972,1.0,0.25256918269385653,0.7474308173061435
23201,YOR197W YDL212W,0.0,NA,0.042407721281051636,2850,7839,23202,0,0.7686996547756041,0.26662924501824303,1.0,0.25253696723688024,0.7474630327631198
23202,YCR002C YDL028C,0.0,NA,0.042439740151166916,2850,7838,23203,0,0.7687291611342244,0.26665419161676646,1.0,0.252504751779904,0.747495248220096
23203,YER048W-A YBR132C,0.0,NA,0.0424724817276001,2850,7837,23204,0,0.7687586674928447,0.2666791428838776,1.0,0.25247253632292777,0.7475274636770722
23204,snR63 YDR259C,0.0,NA,0.04250094294548035,2850,7836,23205,0,0.768788173851465,0.26670409882088714,1.0,0.2524403208659515,0.7475596791340485
23205,YMR045C YPR144C,0.0,NA,0.04250268638134003,2850,7835,23206,0,0.7688176802100852,0.26672905942910624,1.0,0.25240810540897524,0.7475918945910248
23206,YJR140C YGR172C,0.0,NA,0.04250606149435043,2850,7834,23207,0,0.7688471865687055,0.2667540247098465,1.0,0.25237588995199894,0.747624110048001
23207,YBR107C YER117W,0.0,NA,0.04252444580197334,2850,7833,23208,0,0.7688766929273259,0.2667789946644201,1.0,0.2523436744950227,0.7476563255049773
23208,tR(CCU)J YDL194W,0.0,NA,0.04255155846476555,2850,7832,23209,0,0.7689061992859462,0.2668039692941397,1.0,0.25231145903804647,0.7476885409619536
23209,YGL005C YHR163W,0.0,NA,0.042552780359983444,2850,7831,23210,0,0.7689357056445664,0.2668289486003183,1.0,0.2522792435810702,0.7477207564189298
23210,YIL030C YDR155C,0.0,NA,0.04255283996462822,2850,7830,23211,0,0.7689652120031867,0.26685393258426965,1.0,0.25224702812409394,0.7477529718759061
23211,YJL002C YDL042C,0.0,NA,0.04256057366728783,2850,7829,23212,0,0.768994718361807,0.2668789212473078,1.0,0.2522148126671177,0.7477851873328824
23212,YLR060W YIL149C,0.0,NA,0.042580295354127884,2850,7828,23213,0,0.7690242247204273,0.2669039145907473,1.0,0.2521825972101414,0.7478174027898585
23213,YAL034W-A YOR192C-A,0.0,NA,0.04262446612119675,2850,7827,23214,0,0.7690537310790475,0.26692891261590335,1.0,0.2521503817531652,0.7478496182468348
23214,YOR202W YOR230W,0.0,NA,0.04267154261469841,2850,7826,23215,0,0.7690832374376678,0.2669539153240914,1.0,0.25211816629618894,0.7478818337038111
23215,YGL029W YJR010W,0.0,NA,0.042673803865909576,2850,7825,23216,0,0.7691127437962881,0.26697892271662765,1.0,0.25208595083921265,0.7479140491607873
23216,YHR178W YFR029W,0.0,NA,0.042688433080911636,2850,7824,23217,0,0.7691422501549083,0.26700393479482853,1.0,0.2520537353822364,0.7479462646177636
23217,YOR265W YLR141W,0.0,NA,0.042701493948698044,2850,7823,23218,0,0.7691717565135286,0.2670289515600112,1.0,0.2520215199252601,0.7479784800747399
23218,YLR109W YLR070C,0.0,NA,0.04273448511958122,2850,7822,23219,0,0.769201262872149,0.26705397301349326,1.0,0.2519893044682839,0.7480106955317161
23219,YFL031W YNL151C,0.0,NA,0.04273585230112076,2850,7821,23220,0,0.7692307692307693,0.2670789991565926,1.0,0.25195708901130764,0.7480429109886924
23220,YEL056W YHR214C-C,0.0,NA,0.04274115711450577,2850,7820,23221,0,0.7692602755893895,0.26710402999062793,1.0,0.25192487355433135,0.7480751264456686
23221,YGR161C-D YNL333W,0.0,NA,0.042780134826898575,2850,7819,23222,0,0.7692897819480098,0.2671290655169182,1.0,0.2518926580973551,0.7481073419026449
23222,YDR013W YLR141W,0.0,NA,0.04279186949133873,2850,7818,23223,0,0.7693192883066301,0.2671541057367829,1.0,0.2518604426403789,0.7481395573596211
23223,YDR500C tR(ACG)K,0.0,NA,0.04279915615916252,2850,7817,23224,0,0.7693487946652504,0.26717915065154213,1.0,0.2518282271834026,0.7481717728165974
23224,YLR420W YDL028C,0.0,NA,0.04282221570611,2850,7816,23225,0,0.7693783010238706,0.2672042002625164,1.0,0.25179601172642635,0.7482039882735737
23225,snR7-L YER078C,0.0,NA,0.042831987142562866,2850,7815,23226,0,0.7694078073824909,0.2672292545710267,1.0,0.25176379626945006,0.7482362037305499
23226,YJR003C YNL032W,0.0,NA,0.04284103959798813,2850,7814,23227,0,0.7694373137411112,0.2672543135783946,1.0,0.2517315808124738,0.7482684191875262
23227,YDR315C snR63,0.0,NA,0.0428500734269619,2850,7813,23228,0,0.7694668200997314,0.26727937728594203,1.0,0.2516993653554976,0.7483006346445025
23228,YBR095C YNL099C,0.0,NA,0.04286126047372818,2850,7812,23229,0,0.7694963264583518,0.26730444569499157,1.0,0.2516671498985213,0.7483328501014787
23229,YNL088W YJR156C,0.0,NA,0.042870067059993744,2850,7811,23230,0,0.7695258328169721,0.2673295188068662,1.0,0.25163493444154506,0.748365065558455
23230,YMR310C YPL135W,0.0,NA,0.042890459299087524,2850,7810,23231,0,0.7695553391755924,0.2673545966228893,1.0,0.2516027189845688,0.7483972810154312
23231,YKR095W-A YPR185W,0.0,NA,0.04292384535074234,2850,7809,23232,0,0.7695848455342126,0.26737967914438504,1.0,0.2515705035275925,0.7484294964724074
23232,YNL149C YKL053C-A,0.0,NA,0.04292774572968483,2850,7808,23233,0,0.7696143518928329,0.2674047663726778,1.0,0.2515382880706163,0.7484617119293837
23233,YHR067W snR52,0.0,NA,0.04293060302734375,2850,7807,23234,0,0.7696438582514532,0.2674298583090926,1.0,0.25150607261364,0.74849392738636
23234,YPR011C YDR245W,0.0,NA,0.042950257658958435,2850,7806,23235,0,0.7696733646100735,0.26745495495495497,1.0,0.25147385715666376,0.7485261428433362
23235,YFL041W YGL172W,0.0,NA,0.04300535097718239,2850,7805,23236,0,0.7697028709686937,0.2674800563115908,1.0,0.2514416416996875,0.7485583583003125
23236,YLR273C YNL290W,0.0,NA,0.043015673756599426,2850,7804,23237,0,0.769732377327314,0.2675051623803266,1.0,0.25140942624271123,0.7485905737572888
23237,YPR176C YDR035W,0.0,NA,0.04301571473479271,2850,7803,23238,0,0.7697618836859343,0.26753027316248945,1.0,0.251377210785735,0.748622789214265
23238,YDL017W tH(GUG)K,0.0,NA,0.04305111616849899,2850,7802,23239,0,0.7697913900445545,0.2675553886594067,1.0,0.25134499532875876,0.7486550046712412
23239,YDR331W YMR238W,0.0,NA,0.04307292774319649,2850,7801,23240,0,0.7698208964031749,0.26758050887240636,1.0,0.25131277987178247,0.7486872201282175
23240,YHR111W YGL077C,0.0,NA,0.043083347380161285,2850,7800,23241,0,0.7698504027617952,0.2676056338028169,1.0,0.25128056441480623,0.7487194355851938
23241,YJL189W YPL113C,0.0,NA,0.0430966392159462,2850,7799,23242,0,0.7698799091204155,0.26763076345196735,1.0,0.25124834895783,0.74875165104217
23242,YER157W YIR028W,0.0,NA,0.043103720992803574,2850,7798,23243,0,0.7699094154790357,0.2676558978211871,1.0,0.2512161335008537,0.7487838664991463
23243,YPR137W YMR010W,0.0,NA,0.0431276373565197,2850,7797,23244,0,0.769938921837656,0.26768103691180617,1.0,0.25118391804387746,0.7488160819561226
23244,YPL033C YGR161W-B,0.0,NA,0.04313236474990845,2850,7796,23245,0,0.7699684281962763,0.267706180725155,1.0,0.25115170258690117,0.7488482974130988
23245,YBL091C YHR113W,0.0,NA,0.043167583644390106,2850,7795,23246,0,0.7699979345548966,0.2677313292625646,1.0,0.25111948712992493,0.7488805128700751
23246,YIR017C YER078C,0.0,NA,0.043198361992836,2850,7794,23247,0,0.7700274409135168,0.2677564825253664,1.0,0.2510872716729487,0.7489127283270514
23247,YGR027W-B YGL123W,0.0,NA,0.043211013078689575,2850,7793,23248,0,0.7700569472721371,0.2677816405148924,1.0,0.2510550562159724,0.7489449437840275
23248,YFR005C YPR065W,0.0,NA,0.043215490877628326,2850,7792,23249,0,0.7700864536307575,0.2678068032324751,1.0,0.25102284075899617,0.7489771592410038
23249,tA(AGC)M1 YFR021W,0.0,NA,0.04322156310081482,2850,7791,23250,0,0.7701159599893778,0.2678319706794474,1.0,0.25099062530201993,0.7490093746979801
23250,YKR068C YBL002W,0.0,NA,0.0432395301759243,2850,7790,23251,0,0.770145466347998,0.26785714285714285,1.0,0.25095840984504364,0.7490415901549563
23251,YKR092C tQ(UUG)B,0.0,NA,0.04324505478143692,2850,7789,23252,0,0.7701749727066183,0.26788231976689536,1.0,0.2509261943880674,0.7490738056119326
23252,YPR129W snR77,0.0,NA,0.0432623028755188,2850,7788,23253,0,0.7702044790652386,0.2679075014100395,1.0,0.2508939789310911,0.7491060210689089
23253,YKL159C YEL057C,0.0,NA,0.043298590928316116,2850,7787,23254,0,0.7702339854238588,0.26793268778791013,1.0,0.2508617634741149,0.7491382365258851
23254,YDL118W YOR091W,0.0,NA,0.043311432003974915,2850,7786,23255,0,0.7702634917824791,0.2679578789018428,1.0,0.25082954801713864,0.7491704519828614
23255,YCL016C YKL220C,0.0,NA,0.04346562549471855,2850,7785,23256,0,0.7702929981410994,0.2679830747531735,1.0,0.25079733256016234,0.7492026674398377
23256,YHR039C YML078W,0.0,NA,0.04350709915161133,2850,7784,23257,0,0.7703225044997197,0.2680082753432387,1.0,0.2507651171031861,0.7492348828968138
23257,YOR320C YBR201W,0.0,NA,0.04352712631225586,2850,7783,23258,0,0.7703520108583399,0.26803348067337535,1.0,0.25073290164620987,0.7492670983537901
23258,YAL059W YOL065C,0.0,NA,0.04354841262102127,2850,7782,23259,0,0.7703815172169602,0.268058690744921,1.0,0.2507006861892336,0.7492993138107664
23259,YMR226C YNL163C,0.0,NA,0.04356949403882027,2850,7781,23260,0,0.7704110235755806,0.26808390555921363,1.0,0.25066847073225734,0.7493315292677427
23260,YLR420W snR52,0.0,NA,0.04357481747865677,2850,7780,23261,0,0.7704405299342009,0.2681091251175917,1.0,0.2506362552752811,0.7493637447247189
23261,tC(GCA)P1 YOL013C,0.0,NA,0.04358083754777908,2850,7779,23262,0,0.7704700362928211,0.2681343494213943,1.0,0.2506040398183048,0.7493959601816952
23262,YLR210W tA(UGC)A,0.0,NA,0.04358517378568649,2850,7778,23263,0,0.7704995426514414,0.26815957847196087,1.0,0.2505718243613286,0.7494281756386715
23263,YDL235C YGL123W,0.0,NA,0.04359302297234535,2850,7777,23264,0,0.7705290490100617,0.2681848122706314,1.0,0.2505396089043523,0.7494603910956477
23264,YGR252W YJL198W,0.0,NA,0.0435955710709095,2850,7776,23265,0,0.7705585553686819,0.2682100508187465,1.0,0.25050739344737605,0.749492606552624
23265,YJL114W YPL258C,0.0,NA,0.04360153526067734,2850,7775,23266,0,0.7705880617273022,0.26823529411764707,1.0,0.2504751779903998,0.7495248220096002
23266,YDR035W YDR512C,0.0,NA,0.04361835867166519,2850,7774,23267,0,0.7706175680859225,0.2682605421686747,1.0,0.2504429625334235,0.7495570374665764
23267,YLR367W tS(AGA)B,0.0,NA,0.04365001618862152,2850,7773,23268,0,0.7706470744445428,0.2682857949731714,1.0,0.2504107470764473,0.7495892529235527
23268,YLR220W YML043C,0.0,NA,0.04366480931639671,2850,7772,23269,0,0.770676580803163,0.2683110525324798,1.0,0.25037853161947105,0.749621468380529
23269,YGR172C snR13,0.0,NA,0.04367118328809738,2850,7771,23270,0,0.7707060871617833,0.26833631484794274,1.0,0.25034631616249475,0.7496536838375052
23270,YDR170W-A YGL098W,0.0,NA,0.043717168271541595,2850,7770,23271,0,0.7707355935204037,0.268361581920904,1.0,0.2503141007055185,0.7496858992944815
23271,YGR086C YDL190C,0.0,NA,0.043728191405534744,2850,7769,23272,0,0.770765099879024,0.26838685375270743,1.0,0.2502818852485422,0.7497181147514578
23272,YNL183C YIL064W,0.0,NA,0.043747678399086,2850,7768,23273,0,0.7707946062376442,0.2684121303446977,1.0,0.250249669791566,0.749750330208434
23273,YBR284W tQ(UUG)L,0.0,NA,0.04376162216067314,2850,7767,23274,0,0.7708241125962645,0.26843741169821983,1.0,0.25021745433458975,0.7497825456654102
23274,YAL013W YMR174C,0.0,NA,0.04376655071973801,2850,7766,23275,0,0.7708536189548848,0.26846269781461946,1.0,0.25018523887761346,0.7498147611223865
23275,YJL106W YMR048W,0.0,NA,0.04377635195851326,2850,7765,23276,0,0.7708831253135051,0.2684879886952426,1.0,0.2501530234206372,0.7498469765793627
23276,YDL005C YDL197C,0.0,NA,0.04378313943743706,2850,7764,23277,0,0.7709126316721253,0.26851328434143584,1.0,0.250120807963661,0.749879192036339
23277,YOL162W YBR059C,0.0,NA,0.04378623515367508,2850,7763,23278,0,0.7709421380307456,0.2685385847545463,1.0,0.2500885925066847,0.7499114074933153
23278,YLR466W YGR249W,0.0,NA,0.043828681111335754,2850,7762,23279,0,0.7709716443893659,0.2685638899359216,1.0,0.25005637704970846,0.7499436229502916
23279,BLM3 YDL113C,0.0,NA,0.04389553144574165,2850,7761,23280,0,0.7710011507479861,0.2685891998869098,1.0,0.2500241615927322,0.7499758384072678
23280,YOL043C YPL248C,0.0,NA,0.043968893587589264,2850,7760,23281,0,0.7710306571066065,0.26861451460885954,1.0,0.24999194613575593,0.7500080538642441
23281,YAL011W YER075C,0.0,NA,0.043973084539175034,2850,7759,23282,0,0.7710601634652268,0.26863983410312,1.0,0.2499597306787797,0.7500402693212204
23282,YMR044W tR(UCU)B,0.0,NA,0.04399307072162628,2850,7758,23283,0,0.7710896698238471,0.2686651583710407,1.0,0.24992751522180343,0.7500724847781965
23283,YFR024C-A YLR214W,0.0,NA,0.0440044067800045,2850,7757,23284,0,0.7711191761824673,0.2686904874139719,1.0,0.24989529976482716,0.7501047002351728
23284,snR14 YMR255W,0.0,NA,0.04402344673871994,2850,7756,23285,0,0.7711486825410876,0.2687158212332642,1.0,0.2498630843078509,0.7501369156921491
23285,MEL1 YPR040W,0.0,NA,0.04403512924909592,2850,7755,23286,0,0.7711781888997079,0.26874115983026875,1.0,0.24983086885087466,0.7501691311491253
23286,YOL078W YOR261C,0.0,NA,0.04404550418257713,2850,7754,23287,0,0.7712076952583282,0.2687665032063372,1.0,0.2497986533938984,0.7502013466061016
23287,YDR156W YHR214C-B,0.0,NA,0.04405124858021736,2850,7753,23288,0,0.7712372016169484,0.26879185136282185,1.0,0.24976643793692213,0.7502335620630779
23288,YJR074W YCR044C,0.0,NA,0.04405590891838074,2850,7752,23289,0,0.7712667079755687,0.26881720430107525,1.0,0.24973422247994587,0.7502657775200541
23289,YDR281C tA(AGC)J,0.0,NA,0.04409466311335564,2850,7751,23290,0,0.771296214334189,0.2688425620224507,1.0,0.24970200702296963,0.7502979929770304
23290,YCR082W YLR045C,0.0,NA,0.0441133975982666,2850,7750,23291,0,0.7713257206928092,0.2688679245283019,1.0,0.24966979156599337,0.7503302084340067
23291,YMR030W YLR262C,0.0,NA,0.04413922131061554,2850,7749,23292,0,0.7713552270514296,0.268893291819983,1.0,0.2496375761090171,0.7503624238909828
23292,YPL123C snR13,0.0,NA,0.04418285936117172,2850,7748,23293,0,0.7713847334100499,0.26891866389884883,1.0,0.24960536065204084,0.7503946393479591
23293,YOR142W-B YOR127W,0.0,NA,0.044213879853487015,2850,7747,23294,0,0.7714142397686702,0.2689440407662546,1.0,0.2495731451950646,0.7504268548049354
23294,YLR345W tR(UCU)M1,0.0,NA,0.04421468824148178,2850,7746,23295,0,0.7714437461272904,0.26896942242355604,1.0,0.24954092973808834,0.7504590702619117
23295,YKL112W YPL258C,0.0,NA,0.04422212392091751,2850,7745,23296,0,0.7714732524859107,0.26899480887210947,1.0,0.24950871428111207,0.7504912857188879
23296,YPL130W snR62,0.0,NA,0.044223614037036896,2850,7744,23297,0,0.771502758844531,0.26902020011327166,1.0,0.24947649882413583,0.7505235011758642
23297,YGL038C YER069W,0.0,NA,0.04424635320901871,2850,7743,23298,0,0.7715322652031513,0.2690455961483999,1.0,0.24944428336715957,0.7505557166328405
23298,YGR129W YLR086W,0.0,NA,0.044254664331674576,2850,7742,23299,0,0.7715617715617715,0.26907099697885195,1.0,0.2494120679101833,0.7505879320898167
23299,YBR106W YDR226W,0.0,NA,0.04429265484213829,2850,7741,23300,0,0.7715912779203918,0.2690964026059862,1.0,0.24937985245320704,0.750620147546793
23300,YLR459W YDR432W,0.0,NA,0.04430282860994339,2850,7740,23301,0,0.7716207842790122,0.26912181303116145,1.0,0.2493476369962308,0.7506523630037693
23301,YDR229W YEL066W,0.0,NA,0.04431609436869621,2850,7739,23302,0,0.7716502906376325,0.26914722825573706,1.0,0.24931542153925454,0.7506845784607454
23302,tH(GUG)K YFL034C-A,0.0,NA,0.04432177171111107,2850,7738,23303,0,0.7716797969962527,0.2691726482810729,1.0,0.24928320608227827,0.7507167939177217
23303,snR39 YEL046C,0.0,NA,0.04435335099697113,2850,7737,23304,0,0.771709303354873,0.26919807310852933,1.0,0.249250990625302,0.750749009374698
23304,YOR002W YPR078C,0.0,NA,0.04437565058469772,2850,7736,23305,0,0.7717388097134933,0.2692235027394672,1.0,0.24921877516832577,0.7507812248316742
23305,YDR536W YML098W,0.0,NA,0.04437866061925888,2850,7735,23306,0,0.7717683160721135,0.269248937175248,1.0,0.2491865597113495,0.7508134402886505
23306,tR(ACG)O YBL085W,0.0,NA,0.04438972845673561,2850,7734,23307,0,0.7717978224307338,0.26927437641723356,1.0,0.24915434425437324,0.7508456557456268
23307,YIR026C YJL170C,0.0,NA,0.044392820447683334,2850,7733,23308,0,0.7718273287893541,0.26929982046678635,1.0,0.24912212879739698,0.750877871202603
23308,YAL058W YMR116C,0.0,NA,0.04439559206366539,2850,7732,23309,0,0.7718568351479744,0.26932526932526935,1.0,0.24908991334042074,0.7509100866595793
23309,YNL219C snR31,0.0,NA,0.04439579322934151,2850,7731,23310,0,0.7718863415065946,0.26935072299404594,1.0,0.24905769788344448,0.7509423021165555
23310,YKR008W YLR354C,0.0,NA,0.04446126148104668,2850,7730,23311,0,0.7719158478652149,0.26937618147448017,1.0,0.24902548242646821,0.7509745175735317
23311,YCR028C YGL091C,0.0,NA,0.04447370395064354,2850,7729,23312,0,0.7719453542238353,0.2694016447679365,1.0,0.24899326696949195,0.751006733030508
23312,Q0250 YOR305W,0.0,NA,0.04449766129255295,2850,7728,23313,0,0.7719748605824556,0.2694271128757799,1.0,0.2489610515125157,0.7510389484874843
23313,YDL165W YJL186W,0.0,NA,0.0444994680583477,2850,7727,23314,0,0.7720043669410758,0.26945258579937603,1.0,0.24892883605553945,0.7510711639444606
23314,YDR034C-D YGR096W,0.0,NA,0.04450948163866997,2850,7726,23315,0,0.7720338732996961,0.2694780635400908,1.0,0.24889662059856318,0.7511033794014368
23315,tR(UCU)J1 YLR433C,0.0,NA,0.044522013515233994,2850,7725,23316,0,0.7720633796583164,0.2695035460992908,1.0,0.24886440514158692,0.7511355948584131
23316,snR128 YAL026C,0.0,NA,0.044564347714185715,2850,7724,23317,0,0.7720928860169366,0.2695290334783431,1.0,0.24883218968461068,0.7511678103153894
23317,YKL171W YIL046W,0.0,NA,0.044591665267944336,2850,7723,23318,0,0.7721223923755569,0.2695545256786153,1.0,0.24879997422763442,0.7512000257723656
23318,YGR027W-B YMR216C,0.0,NA,0.0445985347032547,2850,7722,23319,0,0.7721518987341772,0.2695800227014756,1.0,0.24876775877065815,0.7512322412293418
23319,YKL020C YMR218C,0.0,NA,0.04460547864437103,2850,7721,23320,0,0.7721814050927975,0.2696055245482925,1.0,0.24873554331368192,0.7512644566863181
23320,YAL055W YHL038C,0.0,NA,0.04461608827114105,2850,7720,23321,0,0.7722109114514177,0.2696310312204352,1.0,0.24870332785670565,0.7512966721432943
23321,tA(AGC)M2 YDR054C,0.0,NA,0.04462515562772751,2850,7719,23322,0,0.772240417810038,0.26965654271927336,1.0,0.2486711123997294,0.7513288876002706
23322,YOR380W YOR193W,0.0,NA,0.04464418813586235,2850,7718,23323,0,0.7722699241686584,0.26968205904617715,1.0,0.24863889694275312,0.7513611030572469
23323,YDR103W YGR255C,0.0,NA,0.044647134840488434,2850,7717,23324,0,0.7722994305272787,0.2697075802025173,1.0,0.2486066814857769,0.7513933185142231
23324,YDR127W Q0275,0.0,NA,0.044676657766103745,2850,7716,23325,0,0.7723289368858989,0.26973310618966495,1.0,0.24857446602880062,0.7514255339711994
23325,YMR060C YCL044C,0.0,NA,0.04474441707134247,2850,7715,23326,0,0.7723584432445192,0.26975863700899194,1.0,0.24854225057182436,0.7514577494281757
23326,YJL048C YBR042C,0.0,NA,0.044760845601558685,2850,7714,23327,0,0.7723879496031395,0.2697841726618705,1.0,0.2485100351148481,0.7514899648851519
23327,YHR025W YBL014C,0.0,NA,0.0447712242603302,2850,7713,23328,0,0.7724174559617598,0.2698097131496734,1.0,0.24847781965787186,0.7515221803421281
23328,YGR040W YGR041W,0.0,NA,0.04477846622467041,2850,7712,23329,0,0.77244696232038,0.26983525847377393,1.0,0.2484456042008956,0.7515543957991044
23329,YDR515W YCR065W,0.0,NA,0.04481159895658493,2850,7711,23330,0,0.7724764686790003,0.2698608086355459,1.0,0.24841338874391933,0.7515866112560806
23330,YNL082W YDR089W,0.0,NA,0.0448194183409214,2850,7710,23331,0,0.7725059750376206,0.26988636363636365,1.0,0.24838117328694306,0.7516188267130569
23331,YLR319C tG(GCC)J2,0.0,NA,0.04482346028089523,2850,7709,23332,0,0.7725354813962408,0.26991192347760207,1.0,0.24834895782996683,0.7516510421700332
23332,YPL005W YDR316W-A,0.0,NA,0.04483683407306671,2850,7708,23333,0,0.7725649877548612,0.2699374881606365,1.0,0.24831674237299056,0.7516832576270095
23333,YGR108W YMR106C,0.0,NA,0.0448540523648262,2850,7707,23334,0,0.7725944941134815,0.26996305768684287,1.0,0.2482845269160143,0.7517154730839857
23334,tR(ACG)D YDR001C,0.0,NA,0.04486565664410591,2850,7706,23335,0,0.7726240004721018,0.2699886320575976,1.0,0.24825231145903803,0.751747688540962
23335,YNL287W YOL147C,0.0,NA,0.04488812014460564,2850,7705,23336,0,0.772653506830722,0.2700142112742776,1.0,0.2482200960020618,0.7517799039979383
23336,YLR221C YGR285C,0.0,NA,0.04489615559577942,2850,7704,23337,0,0.7726830131893423,0.2700397953382604,1.0,0.24818788054508553,0.7518121194549144
23337,YER043C YML132W,0.0,NA,0.04489826038479805,2850,7703,23338,0,0.7727125195479626,0.2700653842509239,1.0,0.24815566508810927,0.7518443349118907
23338,YGL113W YJR143C,0.0,NA,0.044956058263778687,2850,7702,23339,0,0.7727420259065829,0.2700909780136467,1.0,0.24812344963113303,0.751876550368867
23339,YAL011W YJR103W,0.0,NA,0.04497199133038521,2850,7701,23340,0,0.7727715322652031,0.2701165766278078,1.0,0.24809123417415677,0.7519087658258432
23340,YBR073W tQ(UUG)D3,0.0,NA,0.04499661549925804,2850,7700,23341,0,0.7728010386238234,0.27014218009478674,1.0,0.2480590187171805,0.7519409812828195
23341,YGR041W YBL002W,0.0,NA,0.045023754239082336,2850,7699,23342,0,0.7728305449824437,0.2701677884159636,1.0,0.24802680326020424,0.7519731967397958
23342,tC(GCA)P1 YAR007C,0.0,NA,0.04502459242939949,2850,7698,23343,0,0.772860051341064,0.270193401592719,1.0,0.247994587803228,0.752005412196772
23343,YLR139C YGL185C,0.0,NA,0.04503197222948074,2850,7697,23344,0,0.7728895576996843,0.2702190196264341,1.0,0.24796237234625174,0.7520376276537483
23344,YLR191W YKL206C,0.0,NA,0.04505131393671036,2850,7696,23345,0,0.7729190640583046,0.2702446425184904,1.0,0.24793015688927547,0.7520698431107246
23345,YLR306W tV(AAC)J,0.0,NA,0.04505227878689766,2850,7695,23346,0,0.7729485704169249,0.2702702702702703,1.0,0.2478979414322992,0.7521020585677007
23346,YDR163W YHL048W,0.0,NA,0.045052893459796906,2850,7694,23347,0,0.7729780767755451,0.2702959028831563,1.0,0.24786572597532297,0.752134274024677
23347,YLR251W YDR316W-B,0.0,NA,0.04507635161280632,2850,7693,23348,0,0.7730075831341654,0.27032154035853173,1.0,0.2478335105183467,0.7521664894816533
23348,YGR254W snR189,0.0,NA,0.045078955590724945,2850,7692,23349,0,0.7730370894927857,0.2703471826977803,1.0,0.24780129506137044,0.7521987049386295
23349,YOR312C YAR010C,0.0,NA,0.045099612325429916,2850,7691,23350,0,0.773066595851406,0.27037282990228634,1.0,0.24776907960439418,0.7522309203956058
23350,YKL205W YBR202W,0.0,NA,0.04510671645402908,2850,7690,23351,0,0.7730961022100262,0.2703984819734345,1.0,0.24773686414741794,0.7522631358525821
23351,tN(GUU)K YHL033C,0.0,NA,0.045124299824237823,2850,7689,23352,0,0.7731256085686465,0.2704241389126103,1.0,0.24770464869044168,0.7522953513095584
23352,YBR024W tE(UUC)E1,0.0,NA,0.04514452442526817,2850,7688,23353,0,0.7731551149272669,0.27044980072119945,1.0,0.2476724332334654,0.7523275667665346
23353,YLR079W YKR066C,0.0,NA,0.045191533863544464,2850,7687,23354,0,0.7731846212858872,0.2704754674005884,1.0,0.24764021777648915,0.7523597822235109
23354,YPR154W YKL058W,0.0,NA,0.04519560933113098,2850,7686,23355,0,0.7732141276445074,0.270501138952164,1.0,0.2476080023195129,0.7523919976804871
23355,YKL093W tS(GCU)L,0.0,NA,0.0452849343419075,2850,7685,23356,0,0.7732436340031277,0.2705268153773137,1.0,0.24757578686253665,0.7524242131374633
23356,YNL053W YOR089C,0.0,NA,0.04529194533824921,2850,7684,23357,0,0.773273140361748,0.2705524966774255,1.0,0.24754357140556038,0.7524564285944396
23357,YDR131C YMR194W,0.0,NA,0.04530930891633034,2850,7683,23358,0,0.7733026467203682,0.2705781828538878,1.0,0.24751135594858414,0.7524886440514159
23358,YMR013C YDR300C,0.0,NA,0.04531010985374451,2850,7682,23359,0,0.7733321530789885,0.27060387390808965,1.0,0.24747914049160788,0.7525208595083921
23359,YPL235W YHR023W,0.0,NA,0.04532306641340256,2850,7681,23360,0,0.7733616594376088,0.27062956984142056,1.0,0.24744692503463162,0.7525530749653684
23360,YGR024C YGR010W,0.0,NA,0.045325975865125656,2850,7680,23361,0,0.7733911657962291,0.2706552706552707,1.0,0.24741470957765535,0.7525852904223447
23361,YOR061W YIL029C,0.0,NA,0.045329008251428604,2850,7679,23362,0,0.7734206721548493,0.2706809763510305,1.0,0.24738249412067911,0.7526175058793209
23362,YBR002C YOR217W,0.0,NA,0.045336704701185226,2850,7678,23363,0,0.7734501785134696,0.2707066869300912,1.0,0.24735027866370285,0.7526497213362972
23363,YEL018W snR51,0.0,NA,0.04535456374287605,2850,7677,23364,0,0.77347968487209,0.2707324023938444,1.0,0.24731806320672658,0.7526819367932734
23364,YFL017C snR5,0.0,NA,0.04536459594964981,2850,7676,23365,0,0.7735091912307103,0.27075812274368233,1.0,0.24728584774975032,0.7527141522502496
23365,YBR233W-A YOL115W,0.0,NA,0.045422930270433426,2850,7675,23366,0,0.7735386975893305,0.27078384798099764,1.0,0.24725363229277408,0.7527463677072259
23366,YLR120C YGL240W,0.0,NA,0.04542456567287445,2850,7674,23367,0,0.7735682039479508,0.2708095781071836,1.0,0.24722141683579782,0.7527785831642022
23367,YOR119C YLL031C,0.0,NA,0.04544876143336296,2850,7673,23368,0,0.7735977103065711,0.27083531312363396,1.0,0.24718920137882155,0.7528107986211784
23368,YHR001W YPR191W,0.0,NA,0.045450787991285324,2850,7672,23369,0,0.7736272166651913,0.270861053031743,1.0,0.2471569859218453,0.7528430140781547
23369,YDR346C YFR030W,0.0,NA,0.04546065628528595,2850,7671,23370,0,0.7736567230238116,0.2708867978329056,1.0,0.24712477046486905,0.752875229535131
23370,YGR038W YNL220W,0.0,NA,0.045467425137758255,2850,7670,23371,0,0.7736862293824319,0.2709125475285171,1.0,0.2470925550078928,0.7529074449921073
23371,YMR312W YOR095C,0.0,NA,0.045472513884305954,2850,7669,23372,0,0.7737157357410522,0.2709383021199734,1.0,0.24706033955091652,0.7529396604490834
23372,YOL117W tQ(UUG)D1,0.0,NA,0.04547816142439842,2850,7668,23373,0,0.7737452420996724,0.27096406160867087,1.0,0.24702812409394026,0.7529718759060597
23373,YHR043C YNL292W,0.0,NA,0.04549029842019081,2850,7667,23374,0,0.7737747484582927,0.27098982599600646,1.0,0.24699590863696402,0.753004091363036
23374,snR57 YDR225W,0.0,NA,0.045508332550525665,2850,7666,23375,0,0.7738042548169131,0.2710155952833777,1.0,0.24696369317998776,0.7530363068200122
23375,tA(AGC)M2 YGL234W,0.0,NA,0.04551488161087036,2850,7665,23376,0,0.7738337611755334,0.2710413694721826,1.0,0.2469314777230115,0.7530685222769885
23376,YOR192C-A YDR449C,0.0,NA,0.04552873596549034,2850,7664,23377,0,0.7738632675341536,0.2710671485638197,1.0,0.24689926226603523,0.7531007377339648
23377,YLR079W tG(GCC)J2,0.0,NA,0.04553476721048355,2850,7663,23378,0,0.7738927738927739,0.271092932559688,1.0,0.246867046809059,0.753132953190941
23378,snR33 YKR020W,0.0,NA,0.045540012419223785,2850,7662,23379,0,0.7739222802513942,0.2711187214611872,1.0,0.24683483135208273,0.7531651686479173
23379,YBR065C YGR096W,0.0,NA,0.04555296525359154,2850,7661,23380,0,0.7739517866100144,0.27114451526971745,1.0,0.24680261589510646,0.7531973841048936
23380,YIL173W YML006C,0.0,NA,0.045556556433439255,2850,7660,23381,0,0.7739812929686347,0.27117031398667935,1.0,0.24677040043813023,0.7532295995618697
23381,YPL257W-A YER088C,0.0,NA,0.04555904120206833,2850,7659,23382,0,0.774010799327255,0.2711961176134742,1.0,0.24673818498115396,0.753261815018846
23382,YKR038C YML078W,0.0,NA,0.04558436572551727,2850,7658,23383,0,0.7740403056858753,0.2712219261515036,1.0,0.2467059695241777,0.7532940304758223
23383,YFR032C-A YPR129W,0.0,NA,0.045591089874506,2850,7657,23384,0,0.7740698120444955,0.27124773960216997,1.0,0.24667375406720143,0.7533262459327985
23384,YFR009W YJL201W,0.0,NA,0.04559110850095749,2850,7656,23385,0,0.7740993184031159,0.2712735579668761,1.0,0.2466415386102252,0.7533584613897748
23385,YPR054W YAL021C,0.0,NA,0.045600757002830505,2850,7655,23386,0,0.7741288247617362,0.27129938124702524,1.0,0.24660932315324893,0.7533906768467511
23386,YGR075C YDR072C,0.0,NA,0.045644525438547134,2850,7654,23387,0,0.7741583311203565,0.27132520944402133,1.0,0.24657710769627267,0.7534228923037273
23387,YOL120C YDL015C,0.0,NA,0.04564666375517845,2850,7653,23388,0,0.7741878374789767,0.2713510425592688,1.0,0.2465448922392964,0.7534551077607036
23388,tS(AGA)B YGL178W,0.0,NA,0.04566091671586037,2850,7652,23389,0,0.774217343837597,0.27137688059417253,1.0,0.24651267678232017,0.7534873232176799
23389,YML001W YMR145C,0.0,NA,0.04569579288363457,2850,7651,23390,0,0.7742468501962173,0.27140272355013806,1.0,0.2464804613253439,0.7535195386746562
23390,YJL176C YNL084C,0.0,NA,0.04574664309620857,2850,7650,23391,0,0.7742763565548376,0.2714285714285714,1.0,0.24644824586836764,0.7535517541316323
23391,YOR056C YER090W,0.0,NA,0.04576334357261658,2850,7649,23392,0,0.7743058629134578,0.2714544242308791,1.0,0.24641603041139137,0.7535839695886086
23392,YJL085W tV(UAC)B,0.0,NA,0.04578447714447975,2850,7648,23393,0,0.7743353692720781,0.2714802819584683,1.0,0.24638381495441514,0.7536161850455849
23393,YGL150C YPL016W,0.0,NA,0.045784834772348404,2850,7647,23394,0,0.7743648756306984,0.2715061446127465,1.0,0.24635159949743887,0.7536484005025611
23394,YLR189C snR33,0.0,NA,0.045796189457178116,2850,7646,23395,0,0.7743943819893186,0.27153201219512196,1.0,0.2463193840404626,0.7536806159595374
23395,YLR388W YIR033W,0.0,NA,0.045822929590940475,2850,7645,23396,0,0.774423888347939,0.2715578847070033,1.0,0.24628716858348634,0.7537128314165137
23396,YER164W YHR119W,0.0,NA,0.04584323987364769,2850,7644,23397,0,0.7744533947065593,0.2715837621497999,1.0,0.2462549531265101,0.7537450468734899
23397,YOR192C snR66,0.0,NA,0.045857615768909454,2850,7643,23398,0,0.7744829010651796,0.27160964452492137,1.0,0.24622273766953384,0.7537772623304662
23398,snR6 YMR229C,0.0,NA,0.0458853505551815,2850,7642,23399,0,0.7745124074237998,0.27163553183377814,1.0,0.24619052221255758,0.7538094777874425
23399,YLR398C YBR233W-A,0.0,NA,0.04589134454727173,2850,7641,23400,0,0.7745419137824201,0.27166142407778093,1.0,0.24615830675558134,0.7538416932444186
23400,YPR158C-C YEL009C,0.0,NA,0.04589376598596573,2850,7640,23401,0,0.7745714201410404,0.2716873212583413,1.0,0.24612609129860508,0.7538739087013949
23401,YOR056C tS(UGA)E,0.0,NA,0.0459139384329319,2850,7639,23402,0,0.7746009264996607,0.271713223376871,1.0,0.2460938758416288,0.7539061241583712
23402,YOR151C YHR169W,0.0,NA,0.04591452702879906,2850,7638,23403,0,0.7746304328582809,0.2717391304347826,1.0,0.24606166038465255,0.7539383396153474
23403,YPR036W YER161C,0.0,NA,0.04593284800648689,2850,7637,23404,0,0.7746599392169012,0.2717650424334891,1.0,0.2460294449276763,0.7539705550723237
23404,YPL110C YLR380W,0.0,NA,0.045934371650218964,2850,7636,23405,0,0.7746894455755216,0.27179095937440395,1.0,0.24599722947070005,0.7540027705293
23405,YDR142C YHR181W,0.0,NA,0.045943859964609146,2850,7635,23406,0,0.7747189519341418,0.2718168812589413,1.0,0.24596501401372378,0.7540349859862762
23406,YIL071C YIL009C-A,0.0,NA,0.04597894102334976,2850,7634,23407,0,0.7747484582927621,0.27184280808851585,1.0,0.24593279855674752,0.7540672014432525
23407,YKL088W YAL021C,0.0,NA,0.046000197529792786,2850,7633,23408,0,0.7747779646513824,0.2718687398645426,1.0,0.24590058309977128,0.7540994169002287
23408,YJR010W YLR029C,0.0,NA,0.04600181430578232,2850,7632,23409,0,0.7748074710100027,0.2718946765884373,1.0,0.24586836764279502,0.754131632357205
23409,YDL038C YMR073C,0.0,NA,0.04601403325796127,2850,7631,23410,0,0.7748369773686229,0.27192061826161623,1.0,0.24583615218581875,0.7541638478141812
23410,YLR227W-A YLR034C,0.0,NA,0.04601604491472244,2850,7630,23411,0,0.7748664837272432,0.2719465648854962,1.0,0.2458039367288425,0.7541960632711575
23411,YDL246C YJL207C,0.0,NA,0.04601738229393959,2850,7629,23412,0,0.7748959900858635,0.2719725164614944,1.0,0.24577172127186625,0.7542282787281338
23412,YNL039W YKR002W,0.0,NA,0.04604533687233925,2850,7628,23413,0,0.7749254964444838,0.2719984729910288,1.0,0.24573950581488999,0.75426049418511
23413,YGR138C YAR007C,0.0,NA,0.04604615271091461,2850,7627,23414,0,0.774955002803104,0.2720244344755178,1.0,0.24570729035791372,0.7542927096420863
23414,YPL257W-A YBR004C,0.0,NA,0.046046655625104904,2850,7626,23415,0,0.7749845091617243,0.2720504009163803,1.0,0.24567507490093746,0.7543249250990626
23415,YFL002W-B YCR073W-A,0.0,NA,0.046046655625104904,2850,7625,23416,0,0.7750140155203447,0.2720763723150358,1.0,0.24564285944396122,0.7543571405560388
23416,YAL054C YLL022C,0.0,NA,0.04607047885656357,2850,7624,23417,0,0.775043521878965,0.27210234867290434,1.0,0.24561064398698496,0.754389356013015
23417,YML036W YCR068W,0.0,NA,0.04609133303165436,2850,7623,23418,0,0.7750730282375852,0.27212832999140646,1.0,0.2455784285300087,0.7544215714699913
23418,YLR388W YDR224C,0.0,NA,0.04609248787164688,2850,7622,23419,0,0.7751025345962055,0.27215431627196335,1.0,0.24554621307303245,0.7544537869269675
23419,YNL197C YJL113W,0.0,NA,0.04610217362642288,2850,7621,23420,0,0.7751320409548258,0.2721803075159966,1.0,0.2455139976160562,0.7544860023839438
23420,YOR192C-B YOR196C,0.0,NA,0.04610796272754669,2850,7620,23421,0,0.775161547313446,0.2722063037249284,1.0,0.24548178215907993,0.7545182178409201
23421,YOR178C YNL222W,0.0,NA,0.04613514989614487,2850,7619,23422,0,0.7751910536720663,0.27223230490018147,1.0,0.24544956670210366,0.7545504332978963
23422,YMR125W YDL205C,0.0,NA,0.04613533988595009,2850,7618,23423,0,0.7752205600306866,0.2722583110431792,1.0,0.24541735124512742,0.7545826487548726
23423,YML060W YPL023C,0.0,NA,0.04620837792754173,2850,7617,23424,0,0.7752500663893069,0.27228432215534537,1.0,0.24538513578815116,0.7546148642118489
23424,YDR427W YML048W,0.0,NA,0.04620927944779396,2850,7616,23425,0,0.7752795727479271,0.27231033823810435,1.0,0.2453529203311749,0.754647079668825
23425,YOR316C snR43,0.0,NA,0.04622815549373627,2850,7615,23426,0,0.7753090791065474,0.272336359292881,1.0,0.24532070487419863,0.7546792951258013
23426,YGR060W YOL016C,0.0,NA,0.04625358060002327,2850,7614,23427,0,0.7753385854651678,0.2723623853211009,1.0,0.2452884894172224,0.7547115105827776
23427,YHR037W YOR159C,0.0,NA,0.04627716541290283,2850,7613,23428,0,0.7753680918237881,0.27238841632419003,1.0,0.24525627396024613,0.7547437260397539
23428,YDR135C snR41,0.0,NA,0.04627765342593193,2850,7612,23429,0,0.7753975981824083,0.27241445230357486,1.0,0.24522405850326986,0.7547759414967301
23429,YLR127C YPR171W,0.0,NA,0.046284258365631104,2850,7611,23430,0,0.7754271045410286,0.27244049326068254,1.0,0.2451918430462936,0.7548081569537064
23430,YBR189W YMR246W,0.0,NA,0.04628674313426018,2850,7610,23431,0,0.7754566108996489,0.27246653919694075,1.0,0.24515962758931736,0.7548403724106827
23431,YER112W snR77,0.0,NA,0.04631801322102547,2850,7609,23432,0,0.7754861172582691,0.27249259011377763,1.0,0.2451274121323411,0.7548725878676589
23432,YPL148C YHR134W,0.0,NA,0.04632176086306572,2850,7608,23433,0,0.7755156236168894,0.27251864601262193,1.0,0.24509519667536483,0.7549048033246352
23433,YGR258C YGR161W-B,0.0,NA,0.046323128044605255,2850,7607,23434,0,0.7755451299755097,0.27254470689490295,1.0,0.24506298121838857,0.7549370187816115
23434,YEL071W tS(AGA)M,0.0,NA,0.046360261738300323,2850,7606,23435,0,0.77557463633413,0.2725707727620505,1.0,0.24503076576141233,0.7549692342385876
23435,YIL085C YER151C,0.0,NA,0.04637147858738899,2850,7605,23436,0,0.7756041426927502,0.27259684361549497,1.0,0.24499855030443607,0.7550014496955639
23436,YNL046W YHR163W,0.0,NA,0.04638063162565231,2850,7604,23437,0,0.7756336490513706,0.2726229194566673,1.0,0.2449663348474598,0.7550336651525402
23437,tG(GCC)J2 YFR036W,0.0,NA,0.046385105699300766,2850,7603,23438,0,0.7756631554099909,0.27264900028699895,1.0,0.24493411939048357,0.7550658806095164
23438,tQ(UUG)E2 YJR094C,0.0,NA,0.04639890044927597,2850,7602,23439,0,0.7756926617686112,0.2726750861079219,1.0,0.2449019039335073,0.7550980960664927
23439,YOR373W YKL126W,0.0,NA,0.046444132924079895,2850,7601,23440,0,0.7757221681272314,0.2727011769208688,1.0,0.24486968847653104,0.755130311523469
23440,YPL130W YPR181C,0.0,NA,0.04651935026049614,2850,7600,23441,0,0.7757516744858517,0.2727272727272727,1.0,0.24483747301955477,0.7551625269804452
23441,YML065W YDR123C,0.0,NA,0.046529121696949005,2850,7599,23442,0,0.775781180844472,0.2727533735285673,1.0,0.24480525756257854,0.7551947424374215
23442,YOR245C snR17a,0.0,NA,0.04654528573155403,2850,7598,23443,0,0.7758106872030923,0.27277947932618685,1.0,0.24477304210560227,0.7552269578943978
23443,YDL149W tR(UCU)M1,0.0,NA,0.04654814302921295,2850,7597,23444,0,0.7758401935617125,0.272805590121566,1.0,0.244740826648626,0.7552591733513739
23444,YHR043C YDL175C,0.0,NA,0.04655756056308746,2850,7596,23445,0,0.7758696999203328,0.27283170591614014,1.0,0.24470861119164974,0.7552913888083502
23445,YNL245C tS(GCU)L,0.0,NA,0.046567488461732864,2850,7595,23446,0,0.7758992062789531,0.2728578267113451,1.0,0.2446763957346735,0.7553236042653265
23446,YDR316W-B YMR077C,0.0,NA,0.046570200473070145,2850,7594,23447,0,0.7759287126375733,0.2728839525086174,1.0,0.24464418027769724,0.7553558197223028
23447,YDL137W YDR158W,0.0,NA,0.04657621309161186,2850,7593,23448,0,0.7759582189961937,0.27291008330939387,1.0,0.24461196482072098,0.755388035179279
23448,YLR206W YNL313C,0.0,NA,0.046578627079725266,2850,7592,23449,0,0.775987725354814,0.27293621911511207,1.0,0.24457974936374471,0.7554202506362553
23449,YIL029C YOR074C,0.0,NA,0.046582356095314026,2850,7591,23450,0,0.7760172317134343,0.27296235992721,1.0,0.24454753390676848,0.7554524660932316
23450,YLR134W snR46,0.0,NA,0.046591248363256454,2850,7590,23451,0,0.7760467380720545,0.27298850574712646,1.0,0.2445153184497922,0.7554846815502078
23451,YDL106C YHR181W,0.0,NA,0.0466354563832283,2850,7589,23452,0,0.7760762444306748,0.2730146565763004,1.0,0.24448310299281595,0.755516897007184
23452,YPL096C-A YKL079W,0.0,NA,0.046665631234645844,2850,7588,23453,0,0.7761057507892951,0.2730408124161717,1.0,0.24445088753583968,0.7555491124641603
23453,YBR041W YAL031C,0.0,NA,0.04666567221283913,2850,7587,23454,0,0.7761352571479154,0.2730669732681805,1.0,0.24441867207886345,0.7555813279211365
23454,tR(UCU)B YDL212W,0.0,NA,0.04667036235332489,2850,7586,23455,0,0.7761647635065356,0.2730931391337677,1.0,0.24438645662188718,0.7556135433781128
23455,tQ(UUG)E1 YHR183W,0.0,NA,0.0466855987906456,2850,7585,23456,0,0.7761942698651559,0.2731193100143747,1.0,0.24435424116491092,0.7556457588350891
23456,YDL083C YNR016C,0.0,NA,0.04668750613927841,2850,7584,23457,0,0.7762237762237763,0.27314548591144333,1.0,0.24432202570793465,0.7556779742920653
23457,YML088W YBR088C,0.0,NA,0.04669693112373352,2850,7583,23458,0,0.7762532825823965,0.2731716668264162,1.0,0.24428981025095842,0.7557101897490416
23458,YDR140W YDR052C,0.0,NA,0.046709224581718445,2850,7582,23459,0,0.7762827889410168,0.2731978527607362,1.0,0.24425759479398215,0.7557424052060179
23459,YIL097W YOR179C,0.0,NA,0.04675107076764107,2850,7581,23460,0,0.7763122952996371,0.273224043715847,1.0,0.2442253793370059,0.7557746206629941
23460,YKL214C YOR095C,0.0,NA,0.04678725078701973,2850,7580,23461,0,0.7763418016582574,0.27325023969319273,1.0,0.24419316388002965,0.7558068361199703
23461,YPR158C-C YNL225C,0.0,NA,0.04678739979863167,2850,7579,23462,0,0.7763713080168776,0.273276440694218,1.0,0.2441609484230534,0.7558390515769466
23462,YMR176W YGL084C,0.0,NA,0.046787869185209274,2850,7578,23463,0,0.7764008143754979,0.27330264672036825,1.0,0.24412873296607712,0.7558712670339228
23463,YGL119W YLR227W-A,0.0,NA,0.04681852087378502,2850,7577,23464,0,0.7764303207341182,0.2733288577730891,1.0,0.24409651750910086,0.7559034824908991
23464,YIL146C YJR010C-A,0.0,NA,0.04685736820101738,2850,7576,23465,0,0.7764598270927385,0.27335507385382696,1.0,0.24406430205212462,0.7559356979478754
23465,YNL194C YMR046C,0.0,NA,0.04687752202153206,2850,7575,23466,0,0.7764893334513587,0.2733812949640288,1.0,0.24403208659514836,0.7559679134048517
23466,YPR107C YIL166C,0.0,NA,0.04688625782728195,2850,7574,23467,0,0.776518839809979,0.273407521105142,1.0,0.2439998711381721,0.7560001288618279
23467,YLR015W YPR060C,0.0,NA,0.046893972903490067,2850,7573,23468,0,0.7765483461685994,0.2734337522786146,1.0,0.24396765568119583,0.7560323443188042
23468,YBR012W-A YKL096W,0.0,NA,0.04690386354923248,2850,7572,23469,0,0.7765778525272197,0.2734599884858952,1.0,0.2439354402242196,0.7560645597757805
23469,YLL036C tT(CGU)K,0.0,NA,0.046909041702747345,2850,7571,23470,0,0.7766073588858399,0.27348622972843295,1.0,0.24390322476724333,0.7560967752327566
23470,YOR269W YDR285W,0.0,NA,0.04691121727228165,2850,7570,23471,0,0.7766368652444602,0.27351247600767753,1.0,0.24387100931026706,0.7561289906897329
23471,YKL135C YHR134W,0.0,NA,0.04693324491381645,2850,7569,23472,0,0.7766663716030805,0.27353872732507917,1.0,0.2438387938532908,0.7561612061467092
23472,YMR014W YFL018C,0.0,NA,0.04694736748933792,2850,7568,23473,0,0.7766958779617007,0.2735649836820887,1.0,0.24380657839631456,0.7561934216036854
23473,YGL026C YPL019C,0.0,NA,0.046990443021059036,2850,7567,23474,0,0.776725384320321,0.2735912450801574,1.0,0.2437743629393383,0.7562256370606617
23474,YLR363C tR(UCU)D,0.0,NA,0.046998683363199234,2850,7566,23475,0,0.7767548906789413,0.2736175115207373,1.0,0.24374214748236203,0.756257852517638
23475,YNL054W-A YKR062W,0.0,NA,0.04703682288527489,2850,7565,23476,0,0.7767843970375616,0.27364378300528086,1.0,0.24370993202538577,0.7562900679746142
23476,YLR299W YDR272W,0.0,NA,0.04704564809799194,2850,7564,23477,0,0.7768139033961818,0.27367005953524104,1.0,0.24367771656840953,0.7563222834315905
23477,YFL002W-A YPL157W,0.0,NA,0.04710220545530319,2850,7563,23478,0,0.7768434097548021,0.2736963411120715,1.0,0.24364550111143327,0.7563544988885668
23478,YOR107W YHR165C,0.0,NA,0.04710239917039871,2850,7562,23479,0,0.7768729161134225,0.2737226277372263,1.0,0.243613285654457,0.7563867143455429
23479,tR(UCU)M1 YJL071W,0.0,NA,0.047113142907619476,2850,7561,23480,0,0.7769024224720428,0.27374891941216023,1.0,0.24358107019748076,0.7564189298025192
23480,tS(AGA)M YER183C,0.0,NA,0.047209374606609344,2850,7560,23481,0,0.776931928830663,0.2737752161383285,1.0,0.2435488547405045,0.7564511452594955
23481,tG(CCC)D YLR228C,0.0,NA,0.04722273722290993,2850,7559,23482,0,0.7769614351892833,0.27380151791718704,1.0,0.24351663928352824,0.7564833607164717
23482,YCL033C YDR182W,0.0,NA,0.047229498624801636,2850,7558,23483,0,0.7769909415479036,0.2738278247501922,1.0,0.24348442382655197,0.756515576173448
23483,YDR406W YOR126C,0.0,NA,0.047237370163202286,2850,7557,23484,0,0.7770204479065238,0.2738541366388008,1.0,0.24345220836957573,0.7565477916304243
23484,YPL258C YLR381W,0.0,NA,0.047268692404031754,2850,7556,23485,0,0.7770499542651441,0.2738804535844705,1.0,0.24341999291259947,0.7565800070874006
23485,tA(AGC)K1 YGR245C,0.0,NA,0.04730284959077835,2850,7555,23486,0,0.7770794606237644,0.2739067755886593,1.0,0.2433877774556232,0.7566122225443768
23486,YOR343W-A YDR477W,0.0,NA,0.047350380569696426,2850,7554,23487,0,0.7771089669823847,0.27393310265282583,1.0,0.24335556199864694,0.7566444380013531
23487,YOR322C YOR010C,0.0,NA,0.04737783595919609,2850,7553,23488,0,0.7771384733410049,0.2739594347784293,1.0,0.2433233465416707,0.7566766534583294
23488,YDL119C YBR143C,0.0,NA,0.047423698008060455,2850,7552,23489,0,0.7771679796996253,0.2739857719669294,1.0,0.24329113108469444,0.7567088689153055
23489,YOR025W YNL245C,0.0,NA,0.04742587357759476,2850,7551,23490,0,0.7771974860582456,0.27401211421978655,1.0,0.24325891562771818,0.7567410843722818
23490,YPR171W YKR046C,0.0,NA,0.047449465841054916,2850,7550,23491,0,0.7772269924168659,0.27403846153846156,1.0,0.2432267001707419,0.7567732998292581
23491,YDL063C YHR214C-C,0.0,NA,0.04747637361288071,2850,7549,23492,0,0.7772564987754861,0.2740648139244158,1.0,0.24319448471376567,0.7568055152862343
23492,YKL068W YGL208W,0.0,NA,0.04753151908516884,2850,7548,23493,0,0.7772860051341064,0.2740911713791114,1.0,0.2431622692567894,0.7568377307432106
23493,YDR325W YDL014W,0.0,NA,0.04753468930721283,2850,7547,23494,0,0.7773155114927267,0.2741175339040108,1.0,0.24313005379981315,0.7568699462001869
23494,BLM3 YBR040W,0.0,NA,0.047563586384058,2850,7546,23495,0,0.777345017851347,0.27414390150057716,1.0,0.24309783834283688,0.7569021616571631
23495,YAL003W YDR057W,0.0,NA,0.04763111472129822,2850,7545,23496,0,0.7773745242099672,0.2741702741702742,1.0,0.24306562288586064,0.7569343771141394
23496,YNL263C tM(CAU)J1,0.0,NA,0.04764805734157562,2850,7544,23497,0,0.7774040305685875,0.2741966519145661,1.0,0.24303340742888438,0.7569665925711156
23497,YCR020C-A tQ(UUG)L,0.0,NA,0.04764982685446739,2850,7543,23498,0,0.7774335369272078,0.2742230347349177,1.0,0.24300119197190811,0.7569988080280918
23498,tC(GCA)P1 YNR038W,0.0,NA,0.047650933265686035,2850,7542,23499,0,0.777463043285828,0.27424942263279445,1.0,0.24296897651493188,0.7570310234850681
23499,YDL235C YIL053W,0.0,NA,0.047658853232860565,2850,7541,23500,0,0.7774925496444484,0.2742758156096622,1.0,0.2429367610579556,0.7570632389420444
23500,YLL042C tR(UCU)D,0.0,NA,0.04769726097583771,2850,7540,23501,0,0.7775220560030687,0.2743022136669875,1.0,0.24290454560097935,0.7570954543990206
23501,YDR168W YJL072C,0.0,NA,0.04772323742508888,2850,7539,23502,0,0.777551562361689,0.2743286168062374,1.0,0.24287233014400308,0.7571276698559969
23502,YGR268C tE(UUC)P,0.0,NA,0.04773593693971634,2850,7538,23503,0,0.7775810687203092,0.2743550250288795,1.0,0.24284011468702685,0.7571598853129732
23503,YIL021W YFR013W,0.0,NA,0.04774075001478195,2850,7537,23504,0,0.7776105750789295,0.274381438336382,1.0,0.24280789923005058,0.7571921007699495
23504,YDR454C YGL011C,0.0,NA,0.04774727672338486,2850,7536,23505,0,0.7776400814375498,0.27440785673021373,1.0,0.24277568377307432,0.7572243162269257
23505,YDR397C tA(AGC)L,0.0,NA,0.04775289073586464,2850,7535,23506,0,0.7776695877961701,0.274434280211844,1.0,0.24274346831609805,0.757256531683902
23506,YGL251C YOR127W,0.0,NA,0.04775291308760643,2850,7534,23507,0,0.7776990941547903,0.2744607087827427,1.0,0.24271125285912182,0.7572887471408782
23507,YGL224C YFL025C,0.0,NA,0.04775521159172058,2850,7533,23508,0,0.7777286005134106,0.2744871424443802,1.0,0.24267903740214555,0.7573209625978544
23508,YIR004W YKL085W,0.0,NA,0.0478096678853035,2850,7532,23509,0,0.777758106872031,0.2745135811982277,1.0,0.2426468219451693,0.7573531780548307
23509,YDR098C YJR105W,0.0,NA,0.047843024134635925,2850,7531,23510,0,0.7777876132306512,0.2745400250457567,1.0,0.24261460648819302,0.757385393511807
23510,YGR116W YGL206C,0.0,NA,0.04785123094916344,2850,7530,23511,0,0.7778171195892715,0.2745664739884393,1.0,0.2425823910312168,0.7574176089687832
23511,YOR338W YGR133W,0.0,NA,0.047859858721494675,2850,7529,23512,0,0.7778466259478918,0.2745929280277483,1.0,0.24255017557424052,0.7574498244257595
23512,YNL117W tR(CCG)L,0.0,NA,0.04786665737628937,2850,7528,23513,0,0.7778761323065121,0.27461938716515705,1.0,0.24251796011726426,0.7574820398827358
23513,YGL254W YCL014W,0.0,NA,0.04790240153670311,2850,7527,23514,0,0.7779056386651323,0.2746458514021394,1.0,0.242485744660288,0.757514255339712
23514,YPR105C YGL170C,0.0,NA,0.0479113832116127,2850,7526,23515,0,0.7779351450237526,0.2746723207401696,1.0,0.24245352920331176,0.7575464707966882
23515,YJL001W YHR208W,0.0,NA,0.04791170731186867,2850,7525,23516,0,0.7779646513823729,0.2746987951807229,1.0,0.2424213137463355,0.7575786862536645
23516,YNL151C YOR249C,0.0,NA,0.047932855784893036,2850,7524,23517,0,0.7779941577409932,0.27472527472527475,1.0,0.24238909828935923,0.7576109017106407
23517,YNL149C YPR131C,0.0,NA,0.04797763749957085,2850,7523,23518,0,0.7780236640996134,0.2747517593753013,1.0,0.24235688283238296,0.757643117167617
23518,YLR114C YJL190C,0.0,NA,0.0479983314871788,2850,7522,23519,0,0.7780531704582337,0.2747782491322792,1.0,0.24232466737540673,0.7576753326245933
23519,tH(GUG)K YOR074C,0.0,NA,0.04801267012953758,2850,7521,23520,0,0.7780826768168541,0.27480474399768584,1.0,0.24229245191843046,0.7577075480815695
23520,tS(GCU)L YCR061W,0.0,NA,0.0480172261595726,2850,7520,23521,0,0.7781121831754744,0.274831243972999,1.0,0.2422602364614542,0.7577397635385458
23521,YGL027C YDR007W,0.0,NA,0.04801757261157036,2850,7519,23522,0,0.7781416895340946,0.2748577490596972,1.0,0.24222802100447796,0.7577719789955221
23522,YGL178W YOR007C,0.0,NA,0.048037394881248474,2850,7518,23523,0,0.7781711958927149,0.27488425925925924,1.0,0.2421958055475017,0.7578041944524984
23523,YPR021C YEL056W,0.0,NA,0.04804236441850662,2850,7517,23524,0,0.7782007022513352,0.2749107745731649,1.0,0.24216359009052543,0.7578364099094745
23524,YLR263W YGL248W,0.0,NA,0.04804522171616554,2850,7516,23525,0,0.7782302086099554,0.2749372950028941,1.0,0.24213137463354917,0.7578686253664508
23525,YIL007C tQ(UUG)E2,0.0,NA,0.04806360974907875,2850,7515,23526,0,0.7782597149685757,0.27496382054992763,1.0,0.24209915917657293,0.7579008408234271
23526,YCL018W YGL075C,0.0,NA,0.0480668842792511,2850,7514,23527,0,0.778289221327196,0.27499035121574683,1.0,0.24206694371959667,0.7579330562804033
23527,YOR319W YGL016W,0.0,NA,0.0481063649058342,2850,7513,23528,0,0.7783187276858163,0.27501688700183347,1.0,0.2420347282626204,0.7579652717373796
23528,YOR284W tH(GUG)K,0.0,NA,0.04811400920152664,2850,7512,23529,0,0.7783482340444365,0.27504342790966996,1.0,0.24200251280564414,0.7579974871943559
23529,YNL065W YFL003C,0.0,NA,0.048118945211172104,2850,7511,23530,0,0.7783777404030569,0.2750699739407393,1.0,0.2419702973486679,0.7580297026513321
23530,YDR182W YML026C,0.0,NA,0.04815595597028732,2850,7510,23531,0,0.7784072467616772,0.2750965250965251,1.0,0.24193808189169164,0.7580619181083084
23531,YJL179W YMR081C,0.0,NA,0.04819617047905922,2850,7509,23532,0,0.7784367531202975,0.27512308137851144,1.0,0.24190586643471537,0.7580941335652847
23532,YJR065C YNL149C,0.0,NA,0.04823577404022217,2850,7508,23533,0,0.7784662594789177,0.27514964278818305,1.0,0.2418736509777391,0.7581263490222608
23533,YPL038W YLR393W,0.0,NA,0.04823693633079529,2850,7507,23534,0,0.778495765837538,0.2751762093270252,1.0,0.24184143552076287,0.7581585644792371
23534,YLR385C YIL037C,0.0,NA,0.04826417565345764,2850,7506,23535,0,0.7785252721961583,0.27520278099652373,1.0,0.2418092200637866,0.7581907799362134
23535,YGR009C YMR045C,0.0,NA,0.04827346280217171,2850,7505,23536,0,0.7785547785547785,0.27522935779816515,1.0,0.24177700460681034,0.7582229953931896
23536,YER170W YJR042W,0.0,NA,0.04829725995659828,2850,7504,23537,0,0.7785842849133988,0.27525593973343637,1.0,0.24174478914983408,0.7582552108501659
23537,YEL017C-A YPR073C,0.0,NA,0.04830026254057884,2850,7503,23538,0,0.7786137912720191,0.275282526803825,1.0,0.24171257369285784,0.7582874263071422
23538,YKR014C tR(CCU)J,0.0,NA,0.04831291362643242,2850,7502,23539,0,0.7786432976306394,0.27530911901081917,1.0,0.24168035823588158,0.7583196417641185
23539,YGR254W YFL011W,0.0,NA,0.048327431082725525,2850,7501,23540,0,0.7786728039892596,0.27533571635590764,1.0,0.2416481427789053,0.7583518572210947
23540,YOR281C tA(AGC)D,0.0,NA,0.04833078384399414,2850,7500,23541,0,0.77870231034788,0.2753623188405797,1.0,0.24161592732192907,0.758384072678071
23541,YPR158C-C YNL219C,0.0,NA,0.048335082828998566,2850,7499,23542,0,0.7787318167065003,0.27538892646632523,1.0,0.2415837118649528,0.7584162881350472
23542,tG(CCC)D tQ(UUG)L,0.0,NA,0.04835085570812225,2850,7498,23543,0,0.7787613230651206,0.2754155392346347,1.0,0.24155149640797655,0.7584485035920234
23543,YJR062C YPR032W,0.0,NA,0.048366937786340714,2850,7497,23544,0,0.7787908294237408,0.27544215714699916,1.0,0.24151928095100028,0.7584807190489997
23544,YDR011W tQ(UUG)C,0.0,NA,0.048417139798402786,2850,7496,23545,0,0.7788203357823611,0.2754687802049101,1.0,0.24148706549402404,0.758512934505976
23545,YOR373W YML027W,0.0,NA,0.04843258485198021,2850,7495,23546,0,0.7788498421409814,0.2754954084098598,1.0,0.24145485003704778,0.7585451499629522
23546,tA(AGC)K1 YFL022C,0.0,NA,0.048467978835105896,2850,7494,23547,0,0.7788793484996016,0.27552204176334105,1.0,0.24142263458007152,0.7585773654199285
23547,YBR211C YLL022C,0.0,NA,0.0484970398247242,2850,7493,23548,0,0.7789088548582219,0.27554868026684715,1.0,0.24139041912309525,0.7586095808769048
23548,YPL033C YDR316W-B,0.0,NA,0.04852789640426636,2850,7492,23549,0,0.7789383612168422,0.27557532392187195,1.0,0.24135820366611901,0.758641796333881
23549,YPL192C YDR365W-A,0.0,NA,0.04852789640426636,2850,7491,23550,0,0.7789678675754625,0.27560197272991005,1.0,0.24132598820914275,0.7586740117908573
23550,YOR301W YOR028C,0.0,NA,0.04861917346715927,2850,7490,23551,0,0.7789973739340827,0.27562862669245647,1.0,0.24129377275216649,0.7587062272478335
23551,YDR011W YJR012C,0.0,NA,0.04863324761390686,2850,7489,23552,0,0.7790268802927031,0.27565528581100684,1.0,0.24126155729519022,0.7587384427048097
23552,YNL172W YCR012W,0.0,NA,0.048641517758369446,2850,7488,23553,0,0.7790563866513234,0.2756819500870575,1.0,0.24122934183821398,0.758770658161786
23553,YOR117W YNL067W,0.0,NA,0.04865431785583496,2850,7487,23554,0,0.7790858930099437,0.27570861952210507,1.0,0.24119712638123772,0.7588028736187623
23554,YBR131W YIL132C,0.0,NA,0.04866895452141762,2850,7486,23555,0,0.7791153993685639,0.2757352941176471,1.0,0.24116491092426146,0.7588350890757385
23555,YKL164C YJL081C,0.0,NA,0.048715297132730484,2850,7485,23556,0,0.7791449057271842,0.2757619738751814,1.0,0.2411326954672852,0.7588673045327148
23556,YAL017W YJR102C,0.0,NA,0.04881363362073898,2850,7484,23557,0,0.7791744120858045,0.2757886587962067,1.0,0.24110048001030895,0.7588995199896911
23557,tG(GCC)O2 YIL150C,0.0,NA,0.04882087558507919,2850,7483,23558,0,0.7792039184444248,0.27581534888222203,1.0,0.2410682645533327,0.7589317354466674
23558,YBR102C YIR009W,0.0,NA,0.048861145973205566,2850,7482,23559,0,0.779233424803045,0.27584204413472707,1.0,0.24103604909635643,0.7589639509036435
23559,YIL148W tA(AGC)K2,0.0,NA,0.04886261001229286,2850,7481,23560,0,0.7792629311616653,0.27586874455522215,1.0,0.2410038336393802,0.7589961663606198
23560,YDL240W YBR231C,0.0,NA,0.04889031872153282,2850,7480,23561,0,0.7792924375202857,0.2758954501452081,1.0,0.24097161818240392,0.7590283818175961
23561,YBL011W YMR182C,0.0,NA,0.04892139136791229,2850,7479,23562,0,0.7793219438789059,0.2759221609061865,1.0,0.24093940272542766,0.7590605972745723
23562,YKL203C ALD1,0.0,NA,0.04892418906092644,2850,7478,23563,0,0.7793514502375262,0.2759488768396592,1.0,0.2409071872684514,0.7590928127315486
23563,tR(ACG)K YLR153C,0.0,NA,0.048977822065353394,2850,7477,23564,0,0.7793809565961465,0.2759755979471289,1.0,0.24087497181147516,0.7591250281885249
23564,YPL065W tE(UUC)M,0.0,NA,0.04900294542312622,2850,7476,23565,0,0.7794104629547668,0.2760023242300988,1.0,0.2408427563544989,0.7591572436455011
23565,YMR313C YOR315W,0.0,NA,0.049019813537597656,2850,7475,23566,0,0.779439969313387,0.27602905569007263,1.0,0.24081054089752263,0.7591894591024774
23566,tL(UAA)J YJR036C,0.0,NA,0.04902999475598335,2850,7474,23567,0,0.7794694756720073,0.2760557923285548,1.0,0.24077832544054636,0.7592216745594537
23567,YKR085C YMR241W,0.0,NA,0.04905962198972702,2850,7473,23568,0,0.7794989820306276,0.27608253414705025,1.0,0.24074610998357013,0.7592538900164298
23568,YMR226C YBR021W,0.0,NA,0.04910760372877121,2850,7472,23569,0,0.7795284883892479,0.2761092811470645,1.0,0.24071389452659386,0.7592861054734061
23569,YLL036C YOL068C,0.0,NA,0.04910963401198387,2850,7471,23570,0,0.7795579947478681,0.27613603333010367,1.0,0.2406816790696176,0.7593183209303824
23570,YDL145C YGL170C,0.0,NA,0.04915068671107292,2850,7470,23571,0,0.7795875011064884,0.2761627906976744,1.0,0.24064946361264133,0.7593505363873586
23571,YBR109C YOL002C,0.0,NA,0.04917130619287491,2850,7469,23572,0,0.7796170074651088,0.276189553251284,1.0,0.2406172481556651,0.7593827518443349
23572,tA(AGC)L YCL066W,0.0,NA,0.049199581146240234,2850,7468,23573,0,0.779646513823729,0.2762163209924404,1.0,0.24058503269868883,0.7594149673013112
23573,YER142C YJL101C,0.0,NA,0.04921432584524155,2850,7467,23574,0,0.7796760201823493,0.27624309392265195,1.0,0.24055281724171257,0.7594471827582874
23574,YIL126W YOR257W,0.0,NA,0.049231864511966705,2850,7466,23575,0,0.7797055265409696,0.2762698720434277,1.0,0.2405206017847363,0.7594793982152637
23575,snR42 YDL098C,0.0,NA,0.04924760013818741,2850,7465,23576,0,0.7797350328995899,0.2762966553562773,1.0,0.24048838632776007,0.75951161367224
23576,YLR220W YDR195W,0.0,NA,0.04925747215747833,2850,7464,23577,0,0.7797645392582101,0.2763234438627109,1.0,0.2404561708707838,0.7595438291292163
23577,YPR158W-B YBR040W,0.0,NA,0.04927382245659828,2850,7463,23578,0,0.7797940456168304,0.2763502375642393,1.0,0.24042395541380754,0.7595760445861924
23578,YGL203C YBR055C,0.0,NA,0.04928624629974365,2850,7462,23579,0,0.7798235519754507,0.27637703646237394,1.0,0.24039173995683127,0.7596082600431687
23579,YDL220C YGR056W,0.0,NA,0.04933363199234009,2850,7461,23580,0,0.779853058334071,0.2764038405586267,1.0,0.24035952449985504,0.759640475500145
23580,YER090W tV(UAC)B,0.0,NA,0.04935479164123535,2850,7460,23581,0,0.7798825646926912,0.27643064985451016,1.0,0.24032730904287877,0.7596726909571212
23581,YDR064W YNL251C,0.0,NA,0.04938531666994095,2850,7459,23582,0,0.7799120710513116,0.2764574643515375,1.0,0.2402950935859025,0.7597049064140975
23582,YOR281C YDR365W-A,0.0,NA,0.04943741112947464,2850,7458,23583,0,0.7799415774099319,0.27648428405122233,1.0,0.24026287812892627,0.7597371218710738
23583,YJR131W YDL161W,0.0,NA,0.04944709688425064,2850,7457,23584,0,0.7799710837685522,0.2765111089550791,1.0,0.24023066267195,0.75976933732805
23584,tR(CCU)J YLR245C,0.0,NA,0.049475811421871185,2850,7456,23585,0,0.7800005901271724,0.27653793906462254,1.0,0.24019844721497374,0.7598015527850263
23585,YJR012C YOR229W,0.0,NA,0.049478210508823395,2850,7455,23586,0,0.7800300964857927,0.2765647743813683,1.0,0.24016623175799748,0.7598337682420025
23586,YJR158W tA(AGC)K1,0.0,NA,0.049491915851831436,2850,7454,23587,0,0.780059602844413,0.2765916149068323,1.0,0.24013401630102124,0.7598659836989787
23587,YDR044W snR52,0.0,NA,0.04952748119831085,2850,7453,23588,0,0.7800891092030332,0.2766184606425313,1.0,0.24010180084404498,0.759898199155955
23588,YDR016C YBL045C,0.0,NA,0.049585066735744476,2850,7452,23589,0,0.7801186155616535,0.2766453115899825,1.0,0.2400695853870687,0.7599304146129313
23589,YMR301C YNL327W,0.0,NA,0.049588706344366074,2850,7451,23590,0,0.7801481219202738,0.2766721677507038,1.0,0.24003736993009245,0.7599626300699075
23590,YJR012C snR77,0.0,NA,0.04959423467516899,2850,7450,23591,0,0.7801776282788941,0.2766990291262136,1.0,0.2400051544731162,0.7599948455268838
23591,YBR089C-A YDR184C,0.0,NA,0.0496133454144001,2850,7449,23592,0,0.7802071346375143,0.27672589571803086,1.0,0.23997293901613995,0.7600270609838601
23592,YPR043W tT(AGU)J,0.0,NA,0.04962559789419174,2850,7448,23593,0,0.7802366409961347,0.2767527675276753,1.0,0.23994072355916368,0.7600592764408363
23593,YGR109W-A YBR176W,0.0,NA,0.04963439330458641,2850,7447,23594,0,0.780266147354755,0.276779644556667,1.0,0.23990850810218742,0.7600914918978126
23594,YAL017W YDR173C,0.0,NA,0.049654509872198105,2850,7446,23595,0,0.7802956537133753,0.2768065268065268,1.0,0.23987629264521118,0.7601237073547888
23595,YGL104C YGL016W,0.0,NA,0.04965918883681297,2850,7445,23596,0,0.7803251600719955,0.2768334142787761,1.0,0.23984407718823492,0.7601559228117651
23596,YPR137C-A YPL145C,0.0,NA,0.04966728761792183,2850,7444,23597,0,0.7803546664306158,0.27686030697493685,1.0,0.23981186173125865,0.7601881382687413
23597,YPR158W-A YER082C,0.0,NA,0.04970020428299904,2850,7443,23598,0,0.7803841727892361,0.2768872048965316,1.0,0.2397796462742824,0.7602203537257176
23598,YAL036C YBR229C,0.0,NA,0.04970445856451988,2850,7442,23599,0,0.7804136791478563,0.27691410804508354,1.0,0.23974743081730615,0.7602525691826939
23599,YBR069C YKL145W,0.0,NA,0.04971439391374588,2850,7441,23600,0,0.7804431855064766,0.27694101642211644,1.0,0.2397152153603299,0.7602847846396701
23600,YEL026W YCR038C,0.0,NA,0.04971817880868912,2850,7440,23601,0,0.7804726918650969,0.27696793002915454,1.0,0.23968299990335362,0.7603170000966464
23601,YNL192W YJR137C,0.0,NA,0.04972667247056961,2850,7439,23602,0,0.7805021982237172,0.2769948488677228,1.0,0.23965078444637739,0.7603492155536227
23602,YDR210W-A YDR210W-B,0.0,NA,0.04973316192626953,2850,7438,23603,0,0.7805317045823374,0.2770217729393468,1.0,0.23961856898940112,0.7603814310105989
23603,YLL058W YOL109W,0.0,NA,0.04975306615233421,2850,7437,23604,0,0.7805612109409578,0.2770487022455526,1.0,0.23958635353242486,0.7604136464675751
23604,YOL072W tP(AGG)N,0.0,NA,0.049774397164583206,2850,7436,23605,0,0.7805907172995781,0.277075636787867,1.0,0.2395541380754486,0.7604458619245514
23605,YOR307C YKL060C,0.0,NA,0.049798913300037384,2850,7435,23606,0,0.7806202236581984,0.2771025765678172,1.0,0.23952192261847235,0.7604780773815276
23606,YBR236C tQ(UUG)E1,0.0,NA,0.04982324317097664,2850,7434,23607,0,0.7806497300168186,0.27712952158693116,1.0,0.2394897071614961,0.7605102928385039
23607,YJL137C YDR507C,0.0,NA,0.04984331876039505,2850,7433,23608,0,0.7806792363754389,0.2771564718467373,1.0,0.23945749170451983,0.7605425082954802
23608,tA(AGC)M1 YDL195W,0.0,NA,0.04985632747411728,2850,7432,23609,0,0.7807087427340592,0.27718342734876483,1.0,0.23942527624754356,0.7605747237524564
23609,YDR006C YLR231C,0.0,NA,0.049858562648296356,2850,7431,23610,0,0.7807382490926795,0.27721038809454335,1.0,0.23939306079056732,0.7606069392094327
23610,YJL083W YML063W,0.0,NA,0.04985962435603142,2850,7430,23611,0,0.7807677554512997,0.2772373540856031,1.0,0.23936084533359106,0.760639154666409
23611,tH(GUG)E1 YPL069C,0.0,NA,0.04989376664161682,2850,7429,23612,0,0.78079726180992,0.27726432532347506,1.0,0.2393286298766148,0.7606713701233851
23612,YPR192W YHR166C,0.0,NA,0.04989967122673988,2850,7428,23613,0,0.7808267681685404,0.2772913018096906,1.0,0.23929641441963853,0.7607035855803614
23613,YBR229C YHR062C,0.0,NA,0.04990260675549507,2850,7427,23614,0,0.7808562745271606,0.27731828354578186,1.0,0.2392641989626623,0.7607358010373377
23614,YOR230W YIR011C,0.0,NA,0.04992639273405075,2850,7426,23615,0,0.7808857808857809,0.27734527053328145,1.0,0.23923198350568603,0.760768016494314
23615,YJR084W YLR115W,0.0,NA,0.049939513206481934,2850,7425,23616,0,0.7809152872444012,0.2773722627737226,1.0,0.23919976804870977,0.7608002319512902
23616,YLR185W YJR005W,0.0,NA,0.049991123378276825,2850,7424,23617,0,0.7809447936030215,0.27739926026863926,1.0,0.2391675525917335,0.7608324474082665
23617,YFR014C YGR161C-D,0.0,NA,0.04999746382236481,2850,7423,23618,0,0.7809742999616417,0.27742626301956586,1.0,0.23913533713475726,0.7608646628652428
23618,YIL173W YPR034W,0.0,NA,0.05000079795718193,2850,7422,23619,0,0.781003806320262,0.2774532710280374,1.0,0.239103121677781,0.760896878322219
23619,YGR283C YHR008C,0.0,NA,0.05000308156013489,2850,7421,23620,0,0.7810333126788823,0.2774802842955895,1.0,0.23907090622080474,0.7609290937791953
23620,tA(AGC)K1 YDR310C,0.0,NA,0.050014927983284,2850,7420,23621,0,0.7810628190375026,0.2775073028237585,1.0,0.2390386907638285,0.7609613092361716
23621,YML066C snR9,0.0,NA,0.0500343032181263,2850,7419,23622,0,0.7810923253961228,0.27753432661408123,1.0,0.23900647530685223,0.7609935246931477
23622,YFL025C YKR035W-A,0.0,NA,0.050037503242492676,2850,7418,23623,0,0.7811218317547431,0.27756135566809503,1.0,0.23897425984987597,0.761025740150124
23623,YDR368W YPL180W,0.0,NA,0.05009850859642029,2850,7417,23624,0,0.7811513381133635,0.2775883899873381,1.0,0.2389420443928997,0.7610579556071003
23624,YDL184C YCL014W,0.0,NA,0.05011480301618576,2850,7416,23625,0,0.7811808444719837,0.2776154295733489,1.0,0.23890982893592347,0.7610901710640765
23625,YOR267C YDR087C,0.0,NA,0.05012022703886032,2850,7415,23626,0,0.781210350830604,0.2776424744276668,1.0,0.2388776134789472,0.7611223865210528
23626,tA(AGC)K2 YJL042W,0.0,NA,0.05014391243457794,2850,7414,23627,0,0.7812398571892243,0.27766952455183164,1.0,0.23884539802197094,0.7611546019780291
23627,YNL225C YDR246W,0.0,NA,0.05017319321632385,2850,7413,23628,0,0.7812693635478446,0.2776965799473838,1.0,0.23881318256499467,0.7611868174350053
23628,YDR463W YHL001W,0.0,NA,0.05020253732800484,2850,7412,23629,0,0.7812988699064648,0.27772364061586435,1.0,0.23878096710801844,0.7612190328919816
23629,YDR108W YLR170C,0.0,NA,0.05020860955119133,2850,7411,23630,0,0.7813283762650851,0.27775070655881495,1.0,0.23874875165104217,0.7612512483489579
23630,YKR022C YBL061C,0.0,NA,0.05021457001566887,2850,7410,23631,0,0.7813578826237054,0.2777777777777778,1.0,0.2387165361940659,0.761283463805934
23631,YNL186W YGL186C,0.0,NA,0.05023203790187836,2850,7409,23632,0,0.7813873889823257,0.27780485427429574,1.0,0.23868432073708964,0.7613156792629103
23632,YER031C YER065C,0.0,NA,0.05026901513338089,2850,7408,23633,0,0.7814168953409459,0.27783193604991224,1.0,0.2386521052801134,0.7613478947198866
23633,YCR016W YMR099C,0.0,NA,0.050285618752241135,2850,7407,23634,0,0.7814464016995663,0.2778590231061714,1.0,0.23861988982313714,0.7613801101768629
23634,YBL021C YDL212W,0.0,NA,0.050300031900405884,2850,7406,23635,0,0.7814759080581866,0.2778861154446178,1.0,0.23858767436616088,0.7614123256338391
23635,YOR037W YNL149C,0.0,NA,0.05034688487648964,2850,7405,23636,0,0.7815054144168069,0.27791321306679667,1.0,0.23855545890918461,0.7614445410908154
23636,YIR012W YGL051W,0.0,NA,0.05034914240241051,2850,7404,23637,0,0.7815349207754271,0.27794031597425395,1.0,0.23852324345220838,0.7614767565477917
23637,tQ(UUG)E1 YDR224C,0.0,NA,0.05035673454403877,2850,7403,23638,0,0.7815644271340474,0.27796742416853604,1.0,0.2384910279952321,0.7615089720047679
23638,snR8 tG(GCC)J1,0.0,NA,0.05036380514502525,2850,7402,23639,0,0.7815939334926677,0.27799453765119003,1.0,0.23845881253825585,0.7615411874617442
23639,YKR036C YKR085C,0.0,NA,0.05040781572461128,2850,7401,23640,0,0.7816234398512879,0.27802165642376353,1.0,0.23842659708127958,0.7615734029187204
23640,YDL125C YOR229W,0.0,NA,0.05044309422373772,2850,7400,23641,0,0.7816529462099082,0.2780487804878049,1.0,0.23839438162430335,0.7616056183756966
23641,YJR094C YOL025W,0.0,NA,0.05046572908759117,2850,7399,23642,0,0.7816824525685285,0.2780759098448629,1.0,0.23836216616732708,0.7616378338326729
23642,snR60 YNL225C,0.0,NA,0.05047667399048805,2850,7398,23643,0,0.7817119589271488,0.2781030444964871,1.0,0.23832995071035082,0.7616700492896492
23643,YNL021W YOL115W,0.0,NA,0.050483718514442444,2850,7397,23644,0,0.781741465285769,0.2781301844442276,1.0,0.23829773525337458,0.7617022647466254
23644,YML080W YFL018C,0.0,NA,0.050493501126766205,2850,7396,23645,0,0.7817709716443894,0.27815732968963497,1.0,0.23826551979639832,0.7617344802036017
23645,YOR136W YDR182W,0.0,NA,0.050535671412944794,2850,7395,23646,0,0.7818004780030097,0.2781844802342606,1.0,0.23823330433942205,0.761766695660578
23646,YKL122C YKL035W,0.0,NA,0.050617072731256485,2850,7394,23647,0,0.78182998436163,0.2782116360796564,1.0,0.2382010888824458,0.7617989111175542
23647,YOR307C YGR158C,0.0,NA,0.050629306584596634,2850,7393,23648,0,0.7818594907202502,0.27823879722737477,1.0,0.23816887342546955,0.7618311265745304
23648,YPL228W YML078W,0.0,NA,0.05064604431390762,2850,7392,23649,0,0.7818889970788705,0.27826596367896894,1.0,0.2381366579684933,0.7618633420315067
23649,YGL043W YBL001C,0.0,NA,0.05066344887018204,2850,7391,23650,0,0.7819185034374908,0.2782931354359926,1.0,0.23810444251151702,0.7618955574884829
23650,tD(GUC)J1 YNL263C,0.0,NA,0.0506821908056736,2850,7390,23651,0,0.781948009796111,0.2783203125,1.0,0.23807222705454076,0.7619277729454592
23651,tS(AGA)B YLR020C,0.0,NA,0.05069785937666893,2850,7389,23652,0,0.7819775161547313,0.2783474948725461,1.0,0.23804001159756452,0.7619599884024355
23652,YJL204C tA(UGC)A,0.0,NA,0.05069909989833832,2850,7388,23653,0,0.7820070225133516,0.27837468255518655,1.0,0.23800779614058826,0.7619922038594118
23653,YGL162W YLR087C,0.0,NA,0.05074630677700043,2850,7387,23654,0,0.782036528871972,0.2784018755494774,1.0,0.237975580683612,0.762024419316388
23654,YDR303C YDR143C,0.0,NA,0.050782836973667145,2850,7386,23655,0,0.7820660352305921,0.2784290738569754,1.0,0.23794336522663573,0.7620566347733643
23655,YOR068C tS(AGA)L,0.0,NA,0.05084693804383278,2850,7385,23656,0,0.7820955415892125,0.2784562774792379,1.0,0.2379111497696595,0.7620888502303406
23656,YIL077C YNL258C,0.0,NA,0.0508606992661953,2850,7384,23657,0,0.7821250479478328,0.27848348641782295,1.0,0.23787893431268323,0.7621210656873167
23657,YNL232W YMR095C,0.0,NA,0.05086818337440491,2850,7383,23658,0,0.7821545543064531,0.27851070067428907,1.0,0.23784671885570696,0.762153281144293
23658,YHR193C YDL045C,0.0,NA,0.050885751843452454,2850,7382,23659,0,0.7821840606650733,0.27853792025019547,1.0,0.2378145033987307,0.7621854966012693
23659,YOL103W-B YGR206W,0.0,NA,0.05089934170246124,2850,7381,23660,0,0.7822135670236936,0.27856514514710196,1.0,0.23778228794175446,0.7622177120582455
23660,snR60 YER164W,0.0,NA,0.050929248332977295,2850,7380,23661,0,0.7822430733823139,0.2785923753665689,1.0,0.2377500724847782,0.7622499275152218
23661,YDR536W YER178W,0.0,NA,0.05093959718942642,2850,7379,23662,0,0.7822725797409342,0.2786196109101574,1.0,0.23771785702780193,0.7622821429721981
23662,BLM3 YPR095C,0.0,NA,0.05094747990369797,2850,7378,23663,0,0.7823020860995544,0.278646851779429,1.0,0.2376856415708257,0.7623143584291743
23663,YLR286C YFL047W,0.0,NA,0.050950318574905396,2850,7377,23664,0,0.7823315924581747,0.278674097975946,1.0,0.23765342611384943,0.7623465738861506
23664,tG(GCC)E YGL205W,0.0,NA,0.0509692057967186,2850,7376,23665,0,0.782361098816795,0.2787013495012713,1.0,0.23762121065687317,0.7623787893431269
23665,tG(GCC)C YER133W,0.0,NA,0.05099693685770035,2850,7375,23666,0,0.7823906051754153,0.2787286063569682,1.0,0.2375889951998969,0.762411004800103
23666,YDR501W YBR060C,0.0,NA,0.05100829154253006,2850,7374,23667,0,0.7824201115340356,0.27875586854460094,1.0,0.23755677974292067,0.7624432202570793
23667,YDR151C YNL088W,0.0,NA,0.051028743386268616,2850,7373,23668,0,0.7824496178926559,0.2787831360657341,1.0,0.2375245642859444,0.7624754357140556
23668,YGL062W YNL054W-B,0.0,NA,0.051034267991781235,2850,7372,23669,0,0.7824791242512762,0.2788104089219331,1.0,0.23749234882896814,0.7625076511710318
23669,YPL065W YCL025C,0.0,NA,0.05104408040642738,2850,7371,23670,0,0.7825086306098964,0.2788376871147637,1.0,0.23746013337199187,0.7625398666280081
23670,YJR137C YER074W,0.0,NA,0.051044657826423645,2850,7370,23671,0,0.7825381369685167,0.2788649706457926,1.0,0.23742791791501563,0.7625720820849844
23671,YBR065C tS(AGA)D2,0.0,NA,0.0510534793138504,2850,7369,23672,0,0.782567643327137,0.27889225951658675,1.0,0.23739570245803937,0.7626042975419607
23672,YER138C YLR420W,0.0,NA,0.05110573768615723,2850,7368,23673,0,0.7825971496857573,0.278919553728714,1.0,0.2373634870010631,0.7626365129989369
23673,YMR297W YNR075W,0.0,NA,0.05111933872103691,2850,7367,23674,0,0.7826266560443775,0.2789468532837428,1.0,0.23733127154408684,0.7626687284559132
23674,YDL174C YKL138C-A,0.0,NA,0.05112956091761589,2850,7366,23675,0,0.7826561624029978,0.27897415818324195,1.0,0.2372990560871106,0.7627009439128895
23675,YPL113C YGL011C,0.0,NA,0.05114879086613655,2850,7365,23676,0,0.7826856687616182,0.2790014684287812,1.0,0.23726684063013434,0.7627331593698656
23676,YPR186C tG(GCC)J2,0.0,NA,0.05123715102672577,2850,7364,23677,0,0.7827151751202384,0.2790287840219307,1.0,0.23723462517315808,0.7627653748268419
23677,Q0065 YML063W,0.0,NA,0.05131845921278,2850,7363,23678,0,0.7827446814788587,0.27905610496426125,1.0,0.2372024097161818,0.7627975902838182
23678,YPL235W YOR117W,0.0,NA,0.05131959542632103,2850,7362,23679,0,0.782774187837479,0.2790834312573443,1.0,0.23717019425920557,0.7628298057407944
23679,YGR091W YGR161W-B,0.0,NA,0.051339052617549896,2850,7361,23680,0,0.7828036941960993,0.27911076290275194,1.0,0.2371379788022293,0.7628620211977707
23680,YER064C YDR364C,0.0,NA,0.051454924046993256,2850,7360,23681,0,0.7828332005547195,0.2791380999020568,1.0,0.23710576334525305,0.762894236654747
23681,YKL206C tR(UCU)D,0.0,NA,0.051460277289152145,2850,7359,23682,0,0.7828627069133398,0.2791654422568322,1.0,0.2370735478882768,0.7629264521117232
23682,YDL046W YNL316C,0.0,NA,0.05148150399327278,2850,7358,23683,0,0.7828922132719601,0.27919278996865204,1.0,0.23704133243130054,0.7629586675686995
23683,YDL213C YLR436C,0.0,NA,0.051507942378520966,2850,7357,23684,0,0.7829217196305804,0.2792201430390908,1.0,0.23700911697432428,0.7629908830256757
23684,YHR065C tQ(UUG)C,0.0,NA,0.05158358812332153,2850,7356,23685,0,0.7829512259892006,0.2792475014697237,1.0,0.23697690151734802,0.7630230984826519
23685,YPL143W YJL092W,0.0,NA,0.05160932615399361,2850,7355,23686,0,0.782980732347821,0.2792748652621264,1.0,0.23694468606037178,0.7630553139396282
23686,snR189 YLR080W,0.0,NA,0.051616374403238297,2850,7354,23687,0,0.7830102387064413,0.27930223441787533,1.0,0.23691247060339551,0.7630875293966045
23687,YNL145W YGR091W,0.0,NA,0.051637571305036545,2850,7353,23688,0,0.7830397450650615,0.27932960893854747,1.0,0.23688025514641925,0.7631197448535807
23688,YLR384C YOL116W,0.0,NA,0.05166952684521675,2850,7352,23689,0,0.7830692514236818,0.27935698882572046,1.0,0.23684803968944299,0.763151960310557
23689,YPR073C YLR157C-B,0.0,NA,0.051679737865924835,2850,7351,23690,0,0.7830987577823021,0.27938437408097244,1.0,0.23681582423246675,0.7631841757675333
23690,YDR155C YPL061W,0.0,NA,0.051685672253370285,2850,7350,23691,0,0.7831282641409224,0.27941176470588236,1.0,0.23678360877549048,0.7632163912245096
23691,snR38 YPR180W,0.0,NA,0.051691774278879166,2850,7349,23692,0,0.7831577704995426,0.2794391607020296,1.0,0.23675139331851422,0.7632486066814858
23692,YDR206W YGL136C,0.0,NA,0.05169263854622841,2850,7348,23693,0,0.7831872768581629,0.2794665620709943,1.0,0.23671917786153795,0.763280822138462
23693,YDR459C snR11,0.0,NA,0.051697149872779846,2850,7347,23694,0,0.7832167832167832,0.2794939688143572,1.0,0.23668696240456172,0.7633130375954383
23694,YLR233C YOR226C,0.0,NA,0.05174025148153305,2850,7346,23695,0,0.7832462895754035,0.2795213809336995,1.0,0.23665474694758545,0.7633452530524145
23695,YDR389W YBR166C,0.0,NA,0.05183182656764984,2850,7345,23696,0,0.7832757959340237,0.27954879843060326,1.0,0.2366225314906092,0.7633774685093908
23696,YMR123W YPR158C-C,0.0,NA,0.05185085907578468,2850,7344,23697,0,0.7833053022926441,0.279576221306651,1.0,0.23659031603363292,0.7634096839663671
23697,tR(ACG)D YGL105W,0.0,NA,0.051883261650800705,2850,7343,23698,0,0.7833348086512644,0.27960364956342587,1.0,0.2365581005766567,0.7634418994233433
23698,YNL322C YNL027W,0.0,NA,0.05190874636173248,2850,7342,23699,0,0.7833643150098847,0.2796310832025118,1.0,0.23652588511968042,0.7634741148803196
23699,YDL033C YER110C,0.0,NA,0.05192500725388527,2850,7341,23700,0,0.7833938213685049,0.2796585222254931,1.0,0.23649366966270416,0.7635063303372959
23700,YBL005W YML067C,0.0,NA,0.05195442959666252,2850,7340,23701,0,0.7834233277271252,0.27968596663395484,1.0,0.2364614542057279,0.763538545794272
23701,YDR163W tQ(CUG)M,0.0,NA,0.051978908479213715,2850,7339,23702,0,0.7834528340857455,0.2797134164294828,1.0,0.23642923874875166,0.7635707612512483
23702,YGL127C YPL169C,0.0,NA,0.05199218541383743,2850,7338,23703,0,0.7834823404443657,0.2797408716136631,1.0,0.2363970232917754,0.7636029767082246
23703,YOL163W YNL221C,0.0,NA,0.05202686786651611,2850,7337,23704,0,0.783511846802986,0.27976833218808284,1.0,0.23636480783479913,0.7636351921652008
23704,YMR010W YNL329C,0.0,NA,0.052054692059755325,2850,7336,23705,0,0.7835413531616063,0.2797957981543295,1.0,0.2363325923778229,0.7636674076221771
23705,YMR220W YNL147W,0.0,NA,0.05209546163678169,2850,7335,23706,0,0.7835708595202266,0.27982326951399117,1.0,0.23630037692084663,0.7636996230791534
23706,YHR020W YDR163W,0.0,NA,0.05209847539663315,2850,7334,23707,0,0.7836003658788468,0.2798507462686567,1.0,0.23626816146387036,0.7637318385361296
23707,YGR262C YGR083C,0.0,NA,0.05213267728686333,2850,7333,23708,0,0.7836298722374672,0.27987822841991555,1.0,0.2362359460068941,0.7637640539931059
23708,YCR053W YCL066W,0.0,NA,0.052141256630420685,2850,7332,23709,0,0.7836593785960875,0.2799057159693577,1.0,0.23620373054991786,0.7637962694500822
23709,YPR201W YDR016C,0.0,NA,0.05218857526779175,2850,7331,23710,0,0.7836888849547078,0.2799332089185738,1.0,0.2361715150929416,0.7638284849070585
23710,tH(GUG)K YJR005W,0.0,NA,0.052192822098731995,2850,7330,23711,0,0.783718391313328,0.27996070726915523,1.0,0.23613929963596533,0.7638607003640346
23711,YKL218C YJR103W,0.0,NA,0.052193526178598404,2850,7329,23712,0,0.7837478976719483,0.2799882110226938,1.0,0.23610708417898907,0.7638929158210109
23712,MEL1 YLR423C,0.0,NA,0.05219600722193718,2850,7328,23713,0,0.7837774040305686,0.2800157201807821,1.0,0.23607486872201283,0.7639251312779872
23713,YKL046C snR52,0.0,NA,0.052251022309064865,2850,7327,23714,0,0.7838069103891888,0.28004323474501325,1.0,0.23604265326503657,0.7639573467349634
23714,YKR066C YPR078C,0.0,NA,0.05225999653339386,2850,7326,23715,0,0.7838364167478091,0.2800707547169811,1.0,0.2360104378080603,0.7639895621919397
23715,snR5 YLR384C,0.0,NA,0.052371107041835785,2850,7325,23716,0,0.7838659231064294,0.2800982800982801,1.0,0.23597822235108404,0.764021777648916
23716,YOR367W YPL084W,0.0,NA,0.05239846557378769,2850,7324,23717,0,0.7838954294650498,0.2801258108905052,1.0,0.2359460068941078,0.7640539931058922
23717,YIL077C YBR004C,0.0,NA,0.05241269990801811,2850,7323,23718,0,0.78392493582367,0.28015334709525214,1.0,0.23591379143713154,0.7640862085628685
23718,YNR056C snR46,0.0,NA,0.05242432653903961,2850,7322,23719,0,0.7839544421822903,0.28018088871411717,1.0,0.23588157598015527,0.7641184240198448
23719,YOR198C YOL111C,0.0,NA,0.05245818570256233,2850,7321,23720,0,0.7839839485409106,0.2802084357486973,1.0,0.235849360523179,0.7641506394768209
23720,YDR210C-C YJR035W,0.0,NA,0.052506111562252045,2850,7320,23721,0,0.7840134548995309,0.28023598820059,1.0,0.23581714506620277,0.7641828549337972
23721,YPL005W YPR158C-D,0.0,NA,0.052506111562252045,2850,7319,23722,0,0.7840429612581511,0.2802635460713935,1.0,0.2357849296092265,0.7642150703907735
23722,YFL037W YPL227C,0.0,NA,0.052508413791656494,2850,7318,23723,0,0.7840724676167714,0.2802911093627065,1.0,0.23575271415225024,0.7642472858477497
23723,YIL097W tR(UCU)D,0.0,NA,0.05251090228557587,2850,7317,23724,0,0.7841019739753917,0.28031867807612865,1.0,0.235720498695274,0.764279501304726
23724,YGR042W YIL038C,0.0,NA,0.05251524597406387,2850,7316,23725,0,0.784131480334012,0.28034625221325987,1.0,0.23568828323829774,0.7643117167617023
23725,YGR217W MPR1,0.0,NA,0.0525476410984993,2850,7315,23726,0,0.7841609866926322,0.2803738317757009,1.0,0.23565606778132148,0.7643439322186785
23726,YKR028W tG(GCC)O2,0.0,NA,0.052557870745658875,2850,7314,23727,0,0.7841904930512525,0.28040141676505315,1.0,0.2356238523243452,0.7643761476756548
23727,YPL257W-B YGR141W,0.0,NA,0.05257554352283478,2850,7313,23728,0,0.7842199994098729,0.2804290071829184,1.0,0.23559163686736898,0.764408363132631
23728,YLR180W YER133W,0.0,NA,0.05259677767753601,2850,7312,23729,0,0.7842495057684931,0.2804566030308994,1.0,0.2355594214103927,0.7644405785896073
23729,YBR168W YML057W,0.0,NA,0.05260533466935158,2850,7311,23730,0,0.7842790121271134,0.28048420431059934,1.0,0.23552720595341645,0.7644727940465835
23730,YHR090C tG(GCC)O2,0.0,NA,0.05262915417551994,2850,7310,23731,0,0.7843085184857337,0.28051181102362205,1.0,0.23549499049644018,0.7645050095035598
23731,YML123C YDR089W,0.0,NA,0.05266513302922249,2850,7309,23732,0,0.784338024844354,0.280539423171572,1.0,0.23546277503946395,0.7645372249605361
23732,YLR194C YGR161W-B,0.0,NA,0.05267981439828873,2850,7308,23733,0,0.7843675312029742,0.2805670407560543,1.0,0.23543055958248768,0.7645694404175123
23733,YCR027C YDR098C-A,0.0,NA,0.05271463841199875,2850,7307,23734,0,0.7843970375615945,0.2805946637786748,1.0,0.23539834412551142,0.7646016558744886
23734,YDR517W YDL028C,0.0,NA,0.052715834230184555,2850,7306,23735,0,0.7844265439202148,0.2806222922410398,1.0,0.23536612866853515,0.7646338713314649
23735,YLR421C YDR178W,0.0,NA,0.05273035913705826,2850,7305,23736,0,0.7844560502788351,0.28064992614475626,1.0,0.23533391321155891,0.7646660867884411
23736,YML095C YDR432W,0.0,NA,0.05273035913705826,2850,7304,23737,0,0.7844855566374553,0.28067756549143197,1.0,0.23530169775458265,0.7646983022454173
23737,MEL1 YHR172W,0.0,NA,0.05273864418268204,2850,7303,23738,0,0.7845150629960757,0.2807052102826751,1.0,0.23526948229760639,0.7647305177023936
23738,YKL025C YFR051C,0.0,NA,0.052747294306755066,2850,7302,23739,0,0.784544569354696,0.28073286052009455,1.0,0.23523726684063012,0.7647627331593698
23739,snR66 YDR176W,0.0,NA,0.05277262255549431,2850,7301,23740,0,0.7845740757133162,0.28076051620529996,1.0,0.23520505138365388,0.7647949486163461
23740,tQ(UUG)E2 YBR073W,0.0,NA,0.052790626883506775,2850,7300,23741,0,0.7846035820719365,0.28078817733990147,1.0,0.23517283592667762,0.7648271640733224
23741,YBR161W YLR080W,0.0,NA,0.052798379212617874,2850,7299,23742,0,0.7846330884305568,0.2808158439255099,1.0,0.23514062046970136,0.7648593795302986
23742,YMR247C YBR021W,0.0,NA,0.05280815437436104,2850,7298,23743,0,0.7846625947891771,0.2808435159637367,1.0,0.23510840501272512,0.7648915949872749
23743,YER048W-A YEL016C,0.0,NA,0.05283372849225998,2850,7297,23744,0,0.7846921011477973,0.28087119345619393,1.0,0.23507618955574885,0.7649238104442512
23744,tA(UGC)A YLR028C,0.0,NA,0.05283496901392937,2850,7296,23745,0,0.7847216075064176,0.2808988764044944,1.0,0.2350439740987726,0.7649560259012274
23745,YCR042C YMR197C,0.0,NA,0.0528426319360733,2850,7295,23746,0,0.7847511138650379,0.28092656481025136,1.0,0.23501175864179633,0.7649882413582036
23746,YDR142C YPR001W,0.0,NA,0.05285293981432915,2850,7294,23747,0,0.7847806202236582,0.28095425867507884,1.0,0.2349795431848201,0.7650204568151799
23747,YLL021W YER044C,0.0,NA,0.052860960364341736,2850,7293,23748,0,0.7848101265822784,0.28098195800059156,1.0,0.23494732772784382,0.7650526722721562
23748,YGR249W tM(CAU)J3,0.0,NA,0.05288754031062126,2850,7292,23749,0,0.7848396329408988,0.28100966278840467,1.0,0.23491511227086756,0.7650848877291324
23749,YOL064C YDR392W,0.0,NA,0.052894871681928635,2850,7291,23750,0,0.7848691392995191,0.2810373730401341,1.0,0.2348828968138913,0.7651171031861087
23750,snR7-L snR77,0.0,NA,0.05291150137782097,2850,7290,23751,0,0.7848986456581394,0.28106508875739644,1.0,0.23485068135691506,0.765149318643085
23751,YOL091W YHR113W,0.0,NA,0.0529152974486351,2850,7289,23752,0,0.7849281520167596,0.28109280994180885,1.0,0.2348184658999388,0.7651815341000612
23752,YGR120C YOL002C,0.0,NA,0.052920009940862656,2850,7288,23753,0,0.7849576583753799,0.28112053659498915,1.0,0.23478625044296253,0.7652137495570375
23753,YEL016C YPL036W,0.0,NA,0.052921295166015625,2850,7287,23754,0,0.7849871647340002,0.2811482687185558,1.0,0.23475403498598627,0.7652459650140138
23754,YML125C YMR218C,0.0,NA,0.05292928218841553,2850,7286,23755,0,0.7850166710926204,0.28117600631412787,1.0,0.23472181952901003,0.7652781804709899
23755,snR38 YDR404C,0.0,NA,0.05294666066765785,2850,7285,23756,0,0.7850461774512407,0.2812037493833251,1.0,0.23468960407203376,0.7653103959279662
23756,YDL115C tG(GCC)D2,0.0,NA,0.05294756963849068,2850,7284,23757,0,0.785075683809861,0.2812314979277679,1.0,0.2346573886150575,0.7653426113849425
23757,YDR251W YNL289W,0.0,NA,0.05299060046672821,2850,7283,23758,0,0.7851051901684813,0.28125925194907725,1.0,0.23462517315808123,0.7653748268419187
23758,YKR034W YBL056W,0.0,NA,0.05301075056195259,2850,7282,23759,0,0.7851346965271015,0.28128701144887486,1.0,0.234592957701105,0.765407042298895
23759,snR62 YLR318W,0.0,NA,0.05301341041922569,2850,7281,23760,0,0.7851642028857219,0.28131477642878294,1.0,0.23456074224412873,0.7654392577558713
23760,YML008C YOR244W,0.0,NA,0.053013741970062256,2850,7280,23761,0,0.7851937092443422,0.2813425468904245,1.0,0.23452852678715247,0.7654714732128475
23761,snR6 YBR191W,0.0,NA,0.05302928388118744,2850,7279,23762,0,0.7852232156029625,0.28137032283542307,1.0,0.2344963113301762,0.7655036886698238
23762,YMR220W YDR170W-A,0.0,NA,0.053041234612464905,2850,7278,23763,0,0.7852527219615827,0.28139810426540285,1.0,0.23446409587319997,0.7655359041268001
23763,YMR063W YPL275W,0.0,NA,0.05304693430662155,2850,7277,23764,0,0.785282228320203,0.28142589118198874,1.0,0.2344318804162237,0.7655681195837762
23764,YDR503C YFL024C,0.0,NA,0.05309773609042168,2850,7276,23765,0,0.7853117346788233,0.2814536835868062,1.0,0.23439966495924744,0.7656003350407525
23765,tG(GCC)J2 YNL244C,0.0,NA,0.053142249584198,2850,7275,23766,0,0.7853412410374435,0.2814814814814815,1.0,0.2343674495022712,0.7656325504977288
23766,snR14 YJR051W,0.0,NA,0.05314364656805992,2850,7274,23767,0,0.7853707473960638,0.28150928486764126,1.0,0.23433523404529494,0.7656647659547051
23767,snR53 YLR373C,0.0,NA,0.05316929891705513,2850,7273,23768,0,0.7854002537546841,0.281537093746913,1.0,0.23430301858831867,0.7656969814116813
23768,YJL031C YLR450W,0.0,NA,0.05317945405840874,2850,7272,23769,0,0.7854297601133045,0.2815649081209247,1.0,0.2342708031313424,0.7657291968686576
23769,YFL041W tQ(UUG)B,0.0,NA,0.0532086081802845,2850,7271,23770,0,0.7854592664719247,0.2815927279913052,1.0,0.23423858767436617,0.7657614123256339
23770,YER035W YAL053W,0.0,NA,0.053240906447172165,2850,7270,23771,0,0.785488772830545,0.2816205533596838,1.0,0.2342063722173899,0.7657936277826101
23771,tQ(UUG)C YDL039C,0.0,NA,0.05326273292303085,2850,7269,23772,0,0.7855182791891653,0.2816483842276905,1.0,0.23417415676041364,0.7658258432395864
23772,YJR040W tM(CAU)J3,0.0,NA,0.05328906700015068,2850,7268,23773,0,0.7855477855477856,0.2816762205969559,1.0,0.23414194130343738,0.7658580586965626
23773,YLR109W YNL129W,0.0,NA,0.0533439926803112,2850,7267,23774,0,0.7855772919064058,0.2817040624691114,1.0,0.23410972584646114,0.7658902741535388
23774,YOR167C YOR361C,0.0,NA,0.05337221920490265,2850,7266,23775,0,0.7856067982650261,0.28173190984578883,1.0,0.23407751038948488,0.7659224896105151
23775,YGR075C YDL155W,0.0,NA,0.0534183494746685,2850,7265,23776,0,0.7856363046236464,0.28175976272862086,1.0,0.2340452949325086,0.7659547050674914
23776,YKR090W YBL027W,0.0,NA,0.05342691019177437,2850,7264,23777,0,0.7856658109822667,0.28178762111924066,1.0,0.23401307947553235,0.7659869205244676
23777,YBR083W YMR276W,0.0,NA,0.053429342806339264,2850,7263,23778,0,0.7856953173408869,0.2818154850192821,1.0,0.2339808640185561,0.7660191359814439
23778,YCL069W YPL255W,0.0,NA,0.05345209315419197,2850,7262,23779,0,0.7857248236995072,0.2818433544303797,1.0,0.23394864856157985,0.7660513514384202
23779,YHR052W snR33,0.0,NA,0.05345732346177101,2850,7261,23780,0,0.7857543300581276,0.28187122935416875,1.0,0.23391643310460358,0.7660835668953964
23780,YKL054C YIL039W,0.0,NA,0.053482066839933395,2850,7260,23781,0,0.7857838364167478,0.2818991097922849,1.0,0.23388421764762732,0.7661157823523727
23781,YLR144C YMR263W,0.0,NA,0.05348503217101097,2850,7259,23782,0,0.7858133427753681,0.28192699574636465,1.0,0.23385200219065108,0.766147997809349
23782,tR(UCU)D YLR346C,0.0,NA,0.05349760875105858,2850,7258,23783,0,0.7858428491339884,0.2819548872180451,1.0,0.23381978673367482,0.7661802132663251
23783,YBL055C tR(UCU)M1,0.0,NA,0.05352180451154709,2850,7257,23784,0,0.7858723554926087,0.2819827842089641,1.0,0.23378757127669855,0.7662124287233014
23784,YDR252W tA(UGC)A,0.0,NA,0.05353473126888275,2850,7256,23785,0,0.7859018618512289,0.28201068672075996,1.0,0.23375535581972232,0.7662446441802777
23785,YDL236W YLR420W,0.0,NA,0.05354220047593117,2850,7255,23786,0,0.7859313682098492,0.28203859475507176,1.0,0.23372314036274605,0.766276859637254
23786,tA(UGC)A YAL029C,0.0,NA,0.053547684103250504,2850,7254,23787,0,0.7859608745684695,0.2820665083135392,1.0,0.2336909249057698,0.7663090750942302
23787,YMR310C YMR112C,0.0,NA,0.05356933921575546,2850,7253,23788,0,0.7859903809270898,0.28209442739780266,1.0,0.23365870944879352,0.7663412905512065
23788,YDR170W-A YMR281W,0.0,NA,0.053570788353681564,2850,7252,23789,0,0.78601988728571,0.2821223520095031,1.0,0.23362649399181729,0.7663735060081828
23789,YJL087C YLL022C,0.0,NA,0.05359311029314995,2850,7251,23790,0,0.7860493936443304,0.28215028215028215,1.0,0.23359427853484102,0.766405721465159
23790,tG(GCC)P2 YDR363W,0.0,NA,0.053606513887643814,2850,7250,23791,0,0.7860789000029507,0.28217821782178215,1.0,0.23356206307786476,0.7664379369221352
23791,YAL017W YJR094C,0.0,NA,0.053631871938705444,2850,7249,23792,0,0.7861084063615709,0.2822061590256461,1.0,0.2335298476208885,0.7664701523791115
23792,YIL120W YBR249C,0.0,NA,0.05364355817437172,2850,7248,23793,0,0.7861379127201912,0.28223410576351754,1.0,0.23349763216391226,0.7665023678360877
23793,YML015C YLR411W,0.0,NA,0.05372781679034233,2850,7247,23794,0,0.7861674190788115,0.2822620580370407,1.0,0.233465416706936,0.766534583293064
23794,YPL060C-A YLR003C,0.0,NA,0.05373363569378853,2850,7246,23795,0,0.7861969254374318,0.28229001584786056,1.0,0.23343320124995973,0.7665667987500403
23795,YNL042W YLR319C,0.0,NA,0.053759168833494186,2850,7245,23796,0,0.786226431796052,0.2823179791976226,1.0,0.23340098579298346,0.7665990142070165
23796,YJL081C YDR376W,0.0,NA,0.05381685495376587,2850,7244,23797,0,0.7862559381546723,0.28234594808797303,1.0,0.23336877033600723,0.7666312296639928
23797,YPR161C YER167W,0.0,NA,0.053821809589862823,2850,7243,23798,0,0.7862854445132926,0.2823739225205588,1.0,0.23333655487903096,0.7666634451209691
23798,YLR380W YOL121C,0.0,NA,0.05383189022541046,2850,7242,23799,0,0.7863149508719129,0.28240190249702735,1.0,0.2333043394220547,0.7666956605779452
23799,YDL033C YDR362C,0.0,NA,0.053844861686229706,2850,7241,23800,0,0.7863444572305331,0.28242988801902685,1.0,0.23327212396507843,0.7667278760349215
23800,YNL046W YPL123C,0.0,NA,0.053847286850214005,2850,7240,23801,0,0.7863739635891535,0.28245787908820613,1.0,0.2332399085081022,0.7667600914918978
23801,YPR036W YCR002C,0.0,NA,0.053901415318250656,2850,7239,23802,0,0.7864034699477738,0.2824858757062147,1.0,0.23320769305112593,0.7667923069488741
23802,YKL042W snR3,0.0,NA,0.05399119108915329,2850,7238,23803,0,0.7864329763063941,0.2825138778747026,1.0,0.23317547759414967,0.7668245224058503
23803,YAL047C YLR006C,0.0,NA,0.05401618406176567,2850,7237,23804,0,0.7864624826650143,0.28254188559532073,1.0,0.23314326213717343,0.7668567378628266
23804,YCR042C YBL037W,0.0,NA,0.05404840409755707,2850,7236,23805,0,0.7864919890236346,0.2825698988697204,1.0,0.23311104668019716,0.7668889533198029
23805,YMR039C tQ(UUG)D3,0.0,NA,0.05405464395880699,2850,7235,23806,0,0.7865214953822549,0.2825979176995538,1.0,0.2330788312232209,0.7669211687767791
23806,YCL039W tQ(UUG)C,0.0,NA,0.054087985306978226,2850,7234,23807,0,0.7865510017408751,0.2826259420864736,1.0,0.23304661576624464,0.7669533842337554
23807,YJL053W YPR149W,0.0,NA,0.05410296842455864,2850,7233,23808,0,0.7865805080994954,0.28265397203213327,1.0,0.2330144003092684,0.7669855996907317
23808,YOR136W tR(ACG)O,0.0,NA,0.05410318449139595,2850,7232,23809,0,0.7866100144581157,0.28268200753818684,1.0,0.23298218485229213,0.7670178151477078
23809,YDR446W YER133W,0.0,NA,0.054148104041814804,2850,7231,23810,0,0.786639520816736,0.28271004860628907,1.0,0.23294996939531587,0.7670500306046841
23810,YGR258C YHR109W,0.0,NA,0.054153721779584885,2850,7230,23811,0,0.7866690271753563,0.28273809523809523,1.0,0.2329177539383396,0.7670822460616604
23811,YLR095C YGL145W,0.0,NA,0.054156411439180374,2850,7229,23812,0,0.7866985335339766,0.28276614743526146,1.0,0.23288553848136337,0.7671144615186366
23812,YPR010C YOR210W,0.0,NA,0.054178204387426376,2850,7228,23813,0,0.7867280398925969,0.2827942051994443,1.0,0.2328533230243871,0.7671466769756129
23813,YHR092C YDR460W,0.0,NA,0.05421461910009384,2850,7227,23814,0,0.7867575462512172,0.2828222685323013,1.0,0.23282110756741084,0.7671788924325892
23814,YPR158W-A YLR347C,0.0,NA,0.05423217639327049,2850,7226,23815,0,0.7867870526098374,0.28285033743549026,1.0,0.23278889211043458,0.7672111078895654
23815,snR58 YKR097W,0.0,NA,0.05425563454627991,2850,7225,23816,0,0.7868165589684577,0.28287841191067,1.0,0.23275667665345834,0.7672433233465417
23816,YDR500C tG(GCC)C,0.0,NA,0.05431179702281952,2850,7224,23817,0,0.786846065327078,0.2829064919594997,1.0,0.23272446119648207,0.767275538803518
23817,YDR364C YGL033W,0.0,NA,0.05431784316897392,2850,7223,23818,0,0.7868755716856982,0.28293457758363943,1.0,0.2326922457395058,0.7673077542604941
23818,YGR096W YGR184C,0.0,NA,0.054326366633176804,2850,7222,23819,0,0.7869050780443185,0.2829626687847498,1.0,0.23266003028252955,0.7673399697174704
23819,Q0120 YPL026C,0.0,NA,0.05434241518378258,2850,7221,23820,0,0.7869345844029388,0.2829907655644921,1.0,0.2326278148255533,0.7673721851744467
23820,YLR201C tM(CAU)J3,0.0,NA,0.054381392896175385,2850,7220,23821,0,0.7869640907615592,0.2830188679245283,1.0,0.23259559936857704,0.767404400631423
23821,YJR062C YGL017W,0.0,NA,0.05438234284520149,2850,7219,23822,0,0.7869935971201794,0.283046975866521,1.0,0.23256338391160078,0.7674366160883992
23822,YGR272C YDR238C,0.0,NA,0.05438325181603432,2850,7218,23823,0,0.7870231034787997,0.2830750893921335,1.0,0.23253116845462452,0.7674688315453755
23823,YMR037C YAL015C,0.0,NA,0.05441145971417427,2850,7217,23824,0,0.78705260983742,0.2831032085030297,1.0,0.23249895299764828,0.7675010470023518
23824,YEL051W YMR223W,0.0,NA,0.054440490901470184,2850,7216,23825,0,0.7870821161960403,0.28313133320087425,1.0,0.232466737540672,0.767533262459328
23825,YPL028W YPL049C,0.0,NA,0.05448361113667488,2850,7215,23826,0,0.7871116225546605,0.28315946348733234,1.0,0.23243452208369575,0.7675654779163043
23826,YGR113W YML064C,0.0,NA,0.054505083709955215,2850,7214,23827,0,0.7871411289132808,0.28318759936406995,1.0,0.2324023066267195,0.7675976933732805
23827,YFR048W YDR153C,0.0,NA,0.05450739711523056,2850,7213,23828,0,0.7871706352719011,0.28321574083275364,1.0,0.23237009116974325,0.7676299088302567
23828,YBR145W YDL063C,0.0,NA,0.05450933426618576,2850,7212,23829,0,0.7872001416305214,0.28324388789505067,1.0,0.23233787571276698,0.767662124287233
23829,YLR372W YGL012W,0.0,NA,0.054523687809705734,2850,7211,23830,0,0.7872296479891416,0.28327204055262895,1.0,0.23230566025579072,0.7676943397442093
23830,YCR089W YDR210W-B,0.0,NA,0.05459095537662506,2850,7210,23831,0,0.787259154347762,0.28330019880715707,1.0,0.23227344479881448,0.7677265552011855
23831,YPL047W YHR171W,0.0,NA,0.05460575222969055,2850,7209,23832,0,0.7872886607063823,0.2833283626603042,1.0,0.23224122934183822,0.7677587706581618
23832,YGR178C YEL057C,0.0,NA,0.054614465683698654,2850,7208,23833,0,0.7873181670650025,0.2833565321137403,1.0,0.23220901388486195,0.7677909861151381
23833,YDR385W YNL247W,0.0,NA,0.0546296089887619,2850,7207,23834,0,0.7873476734236228,0.28338470716913594,1.0,0.2321767984278857,0.7678232015721143
23834,YKL221W YFR004W,0.0,NA,0.054652296006679535,2850,7206,23835,0,0.7873771797822431,0.2834128878281623,1.0,0.23214458297090945,0.7678554170290905
23835,YNL051W YCL069W,0.0,NA,0.05466266721487045,2850,7205,23836,0,0.7874066861408634,0.2834410740924913,1.0,0.2321123675139332,0.7678876324860668
23836,YDR196C YOR249C,0.0,NA,0.05467129126191139,2850,7204,23837,0,0.7874361924994836,0.2834692659637955,1.0,0.23208015205695692,0.767919847943043
23837,YGR002C YPL160W,0.0,NA,0.054675012826919556,2850,7203,23838,0,0.7874656988581039,0.28349746344374815,1.0,0.23204793659998066,0.7679520634000193
23838,YLR398C YJR092W,0.0,NA,0.054690565913915634,2850,7202,23839,0,0.7874952052167242,0.28352566653402306,1.0,0.23201572114300442,0.7679842788569956
23839,YKL032C YLR435W,0.0,NA,0.054693158715963364,2850,7201,23840,0,0.7875247115753445,0.2835538752362949,1.0,0.23198350568602816,0.7680164943139719
23840,YER146W YJL168C,0.0,NA,0.05470839515328407,2850,7200,23841,0,0.7875542179339647,0.2835820895522388,1.0,0.2319512902290519,0.7680487097709481
23841,YMR224C YHR129C,0.0,NA,0.05471189320087433,2850,7199,23842,0,0.787583724292585,0.2836103094835307,1.0,0.23191907477207563,0.7680809252279244
23842,YDL137W YDR163W,0.0,NA,0.054717838764190674,2850,7198,23843,0,0.7876132306512054,0.28363853503184716,1.0,0.2318868593150994,0.7681131406849007
23843,YBR238C YNL220W,0.0,NA,0.054721977561712265,2850,7197,23844,0,0.7876427370098256,0.2836667661988653,1.0,0.23185464385812313,0.7681453561418768
23844,YGL044C YPL208W,0.0,NA,0.05477333441376686,2850,7196,23845,0,0.7876722433684459,0.2836950029862632,1.0,0.23182242840114686,0.7681775715988531
23845,YJR028W YNL231C,0.0,NA,0.05481506884098053,2850,7195,23846,0,0.7877017497270662,0.28372324539571925,1.0,0.23179021294417063,0.7682097870558294
23846,YDL084W YPL089C,0.0,NA,0.054816972464323044,2850,7194,23847,0,0.7877312560856865,0.28375149342891276,1.0,0.23175799748719436,0.7682420025128056
23847,YGR007W YOL149W,0.0,NA,0.05488215759396553,2850,7193,23848,0,0.7877607624443067,0.2837797470875236,1.0,0.2317257820302181,0.7682742179697819
23848,YAL021C YLR087C,0.0,NA,0.054920900613069534,2850,7192,23849,0,0.787790268802927,0.28380800637323245,1.0,0.23169356657324183,0.7683064334267582
23849,MPR1 YML016C,0.0,NA,0.05492313578724861,2850,7191,23850,0,0.7878197751615473,0.2838362712877203,1.0,0.2316613511162656,0.7683386488837344
23850,MPR1 YOR126C,0.0,NA,0.054924942553043365,2850,7190,23851,0,0.7878492815201676,0.28386454183266935,1.0,0.23162913565928933,0.7683708643407107
23851,YER031C YPR120C,0.0,NA,0.05494679883122444,2850,7189,23852,0,0.7878787878787878,0.2838928180097619,1.0,0.23159692020231307,0.768403079797687
23852,tE(UUC)C YOR014W,0.0,NA,0.05497792735695839,2850,7188,23853,0,0.7879082942374082,0.2839210998206814,1.0,0.2315647047453368,0.7684352952546631
23853,YLR079W YDL047W,0.0,NA,0.055011432617902756,2850,7187,23854,0,0.7879378005960285,0.28394938726711166,1.0,0.23153248928836057,0.7684675107116394
23854,YNR070W YFR014C,0.0,NA,0.055020831525325775,2850,7186,23855,0,0.7879673069546487,0.28397768035073734,1.0,0.2315002738313843,0.7684997261686157
23855,YIL010W snR11,0.0,NA,0.055039431899785995,2850,7185,23856,0,0.787996813313269,0.28400597907324365,1.0,0.23146805837440804,0.7685319416255919
23856,YDR427W YDR210W-B,0.0,NA,0.05506071448326111,2850,7184,23857,0,0.7880263196718893,0.28403428343631654,1.0,0.23143584291743177,0.7685641570825682
23857,YIL052C YLR373C,0.0,NA,0.05511901527643204,2850,7183,23858,0,0.7880558260305096,0.2840625934416426,1.0,0.23140362746045554,0.7685963725395445
23858,YPL200W YKR066C,0.0,NA,0.055139582604169846,2850,7182,23859,0,0.7880853323891298,0.2840909090909091,1.0,0.23137141200347927,0.7686285879965208
23859,snR35 YKR055W,0.0,NA,0.05516216903924942,2850,7181,23860,0,0.7881148387477501,0.284119230385804,1.0,0.231339196546503,0.768660803453497
23860,YLR318W YOL111C,0.0,NA,0.0551765114068985,2850,7180,23861,0,0.7881443451063704,0.28414755732801594,1.0,0.23130698108952674,0.7686930189104733
23861,YKL020C YDR055W,0.0,NA,0.05518362298607826,2850,7179,23862,0,0.7881738514649907,0.2841758899192342,1.0,0.2312747656325505,0.7687252343674496
23862,YDL119C YDR285W,0.0,NA,0.055196575820446014,2850,7178,23863,0,0.788203357823611,0.28420422816114876,1.0,0.23124255017557424,0.7687574498244257
23863,YOR324C YDR466W,0.0,NA,0.05520811304450035,2850,7177,23864,0,0.7882328641822313,0.28423257205545027,1.0,0.23121033471859798,0.768789665281402
23864,YJL109C YFL034C-B,0.0,NA,0.055226076394319534,2850,7176,23865,0,0.7882623705408516,0.28426092160383004,1.0,0.23117811926162174,0.7688218807383783
23865,YIR030C YDR403W,0.0,NA,0.055243246257305145,2850,7175,23866,0,0.7882918768994719,0.28428927680798005,1.0,0.23114590380464548,0.7688540961953545
23866,YLR398C YPL237W,0.0,NA,0.055243443697690964,2850,7174,23867,0,0.7883213832580921,0.284317637669593,1.0,0.2311136883476692,0.7688863116523308
23867,tL(GAG)G YBR289W,0.0,NA,0.05525105819106102,2850,7173,23868,0,0.7883508896167124,0.28434600419036216,1.0,0.23108147289069295,0.7689185271093071
23868,YGR054W YBL020W,0.0,NA,0.055309902876615524,2850,7172,23869,0,0.7883803959753327,0.28437437637198165,1.0,0.2310492574337167,0.7689507425662833
23869,YER164W snR34,0.0,NA,0.05533358082175255,2850,7171,23870,0,0.7884099023339529,0.2844027542161461,1.0,0.23101704197674044,0.7689829580232596
23870,YDR210W-B YGR206W,0.0,NA,0.05538813769817352,2850,7170,23871,0,0.7884394086925732,0.2844311377245509,1.0,0.23098482651976418,0.7690151734802358
23871,YGR116W YIL037C,0.0,NA,0.05540909990668297,2850,7169,23872,0,0.7884689150511935,0.2844595268988921,1.0,0.23095261106278792,0.769047388937212
23872,YAL047C YOL065C,0.0,NA,0.05542702600359917,2850,7168,23873,0,0.7884984214098139,0.28448792174086646,1.0,0.23092039560581168,0.7690796043941883
23873,YDR478W YDR411C,0.0,NA,0.05544132739305496,2850,7167,23874,0,0.7885279277684341,0.2845163222521713,1.0,0.23088818014883541,0.7691118198511646
23874,YPL252C YBR284W,0.0,NA,0.055444374680519104,2850,7166,23875,0,0.7885574341270544,0.2845447284345048,1.0,0.23085596469185915,0.7691440353081408
23875,YML069W YDL049C,0.0,NA,0.05549324303865433,2850,7165,23876,0,0.7885869404856747,0.28457314028956565,1.0,0.23082374923488289,0.7691762507651171
23876,YMR044W YGR148C,0.0,NA,0.05552931874990463,2850,7164,23877,0,0.788616446844295,0.28460155781905333,1.0,0.23079153377790665,0.7692084662220934
23877,YNL039W YML068W,0.0,NA,0.05552969500422478,2850,7163,23878,0,0.7886459532029152,0.2846299810246679,1.0,0.23075931832093038,0.7692406816790697
23878,YIR023W YLL028W,0.0,NA,0.05553029477596283,2850,7162,23879,0,0.7886754595615355,0.28465840990811025,1.0,0.23072710286395412,0.7692728971360459
23879,YOR367W YCR048W,0.0,NA,0.055535417050123215,2850,7161,23880,0,0.7887049659201558,0.28468684447108183,1.0,0.23069488740697786,0.7693051125930221
23880,YER180C tQ(UUG)D1,0.0,NA,0.05554397404193878,2850,7160,23881,0,0.788734472278776,0.28471528471528473,1.0,0.23066267195000162,0.7693373280499984
23881,YBL078C Q0110,0.0,NA,0.05556734278798103,2850,7159,23882,0,0.7887639786373963,0.2847437306424218,1.0,0.23063045649302535,0.7693695435069746
23882,YKR085C YDL217C,0.0,NA,0.055600855499506,2850,7158,23883,0,0.7887934849960166,0.28477218225419665,1.0,0.2305982410360491,0.7694017589639509
23883,YNL107W YPL046C,0.0,NA,0.0556068941950798,2850,7157,23884,0,0.788822991354637,0.2848006395523134,1.0,0.23056602557907285,0.7694339744209272
23884,YKL073W YBR249C,0.0,NA,0.05564960464835167,2850,7156,23885,0,0.7888524977132572,0.28482910253847693,1.0,0.2305338101220966,0.7694661898779034
23885,YDR363W YHR112C,0.0,NA,0.055670805275440216,2850,7155,23886,0,0.7888820040718775,0.2848575712143928,1.0,0.23050159466512032,0.7694984053348797
23886,YPL051W YDR069C,0.0,NA,0.055695030838251114,2850,7154,23887,0,0.7889115104304978,0.2848860455817673,1.0,0.23046937920814406,0.769530620791856
23887,YPL117C YAR002C-A,0.0,NA,0.05569671094417572,2850,7153,23888,0,0.7889410167891181,0.2849145256423073,1.0,0.23043716375116782,0.7695628362488321
23888,YDR279W snR9,0.0,NA,0.055700644850730896,2850,7152,23889,0,0.7889705231477383,0.28494301139772044,1.0,0.23040494829419156,0.7695950517058084
23889,YLR262C tQ(UUG)C,0.0,NA,0.0557047575712204,2850,7151,23890,0,0.7890000295063586,0.284971502849715,1.0,0.2303727328372153,0.7696272671627847
23890,YJL087C tT(UGU)P,0.0,NA,0.05577877163887024,2850,7150,23891,0,0.7890295358649789,0.285,1.0,0.23034051738023903,0.7696594826197609
23891,YIR023W YOR354C,0.0,NA,0.05578085407614708,2850,7149,23892,0,0.7890590422235992,0.285028502850285,1.0,0.2303083019232628,0.7696916980767372
23892,YDR255C tS(UGA)P,0.0,NA,0.05580469220876694,2850,7148,23893,0,0.7890885485822194,0.28505701140228046,1.0,0.23027608646628653,0.7697239135337135
23893,snR65 YDR082W,0.0,NA,0.055819321423769,2850,7147,23894,0,0.7891180549408398,0.2850855256576973,1.0,0.23024387100931026,0.7697561289906897
23894,YLR060W YLR227W-A,0.0,NA,0.05590112507343292,2850,7146,23895,0,0.7891475612994601,0.2851140456182473,1.0,0.230211655552334,0.769788344447666
23895,YPL110C YDR310C,0.0,NA,0.05590316653251648,2850,7145,23896,0,0.7891770676580803,0.2851425712856428,1.0,0.23017944009535776,0.7698205599046423
23896,YLR286C YBL008W,0.0,NA,0.05592544376850128,2850,7144,23897,0,0.7892065740167006,0.28517110266159695,1.0,0.2301472246383815,0.7698527753616186
23897,YGR027C YDR350C,0.0,NA,0.0559273362159729,2850,7143,23898,0,0.7892360803753209,0.2851996397478235,1.0,0.23011500918140523,0.7698849908185947
23898,YJL031C YJR140C,0.0,NA,0.05593956634402275,2850,7142,23899,0,0.7892655867339412,0.2852281825460368,1.0,0.23008279372442897,0.769917206275571
23899,YBR012W-A YGL209W,0.0,NA,0.05596740171313286,2850,7141,23900,0,0.7892950930925614,0.2852567310579522,1.0,0.23005057826745273,0.7699494217325473
23900,YBR084C-A YMR313C,0.0,NA,0.05597712844610214,2850,7140,23901,0,0.7893245994511817,0.2852852852852853,1.0,0.23001836281047647,0.7699816371895235
23901,YKR099W Q0115,0.0,NA,0.05599046126008034,2850,7139,23902,0,0.789354105809802,0.2853138452297527,1.0,0.2299861473535002,0.7700138526464998
23902,YKL055C BLM3,0.0,NA,0.05599046126008034,2850,7138,23903,0,0.7893836121684223,0.28534241089307166,1.0,0.22995393189652394,0.7700460681034761
23903,YLR298C tR(ACG)D,0.0,NA,0.056008480489254,2850,7137,23904,0,0.7894131185270425,0.28537098227696006,1.0,0.2299217164395477,0.7700782835604523
23904,YOL149W YMR299C,0.0,NA,0.056011226028203964,2850,7136,23905,0,0.7894426248856629,0.2853995593831364,1.0,0.22988950098257144,0.7701104990174286
23905,YLR410W-B YHL009C,0.0,NA,0.056011658161878586,2850,7135,23906,0,0.7894721312442832,0.28542814221331997,1.0,0.22985728552559517,0.7701427144744049
23906,tC(GCA)P1 YMR119W,0.0,NA,0.05602332949638367,2850,7134,23907,0,0.7895016376029034,0.2854567307692308,1.0,0.22982507006861894,0.770174929931381
23907,YJR082C YLR054C,0.0,NA,0.05607260391116142,2850,7133,23908,0,0.7895311439615237,0.2854853250525894,1.0,0.22979285461164267,0.7702071453883573
23908,YJL081C YOL104C,0.0,NA,0.056089840829372406,2850,7132,23909,0,0.789560650320144,0.2855139250651172,1.0,0.2297606391546664,0.7702393608453336
23909,YMR162C YDR293C,0.0,NA,0.05609368160367012,2850,7131,23910,0,0.7895901566787643,0.2855425308085362,1.0,0.22972842369769014,0.7702715763023098
23910,YHL009C YOR002W,0.0,NA,0.05610938370227814,2850,7130,23911,0,0.7896196630373845,0.28557114228456915,1.0,0.2296962082407139,0.7703037917592861
23911,YER157W YNL039W,0.0,NA,0.05611870437860489,2850,7129,23912,0,0.7896491693960048,0.2855997594949394,1.0,0.22966399278373764,0.7703360072162624
23912,YOR242C YMR081C,0.0,NA,0.05615481361746788,2850,7128,23913,0,0.7896786757546251,0.285628382441371,1.0,0.22963177732676138,0.7703682226732386
23913,YJL146W YLR262C-A,0.0,NA,0.05619700625538826,2850,7127,23914,0,0.7897081821132454,0.28565701112558883,1.0,0.2295995618697851,0.7704004381302149
23914,YOR079C YOR095C,0.0,NA,0.056216608732938766,2850,7126,23915,0,0.7897376884718657,0.28568564554931836,1.0,0.22956734641280888,0.7704326535871912
23915,YPL065W YPR008W,0.0,NA,0.05623197183012962,2850,7125,23916,0,0.789767194830486,0.2857142857142857,1.0,0.2295351309558326,0.7704648690441674
23916,YPL111W YNL293W,0.0,NA,0.056234702467918396,2850,7124,23917,0,0.7897967011891063,0.28574293162221776,1.0,0.22950291549885635,0.7704970845011436
23917,YOR081C YAL058W,0.0,NA,0.056247711181640625,2850,7123,23918,0,0.7898262075477266,0.2857715832748421,1.0,0.22947070004188008,0.7705292999581199
23918,YAR050W YGR175C,0.0,NA,0.056273967027664185,2850,7122,23919,0,0.7898557139063468,0.2858002406738869,1.0,0.22943848458490385,0.7705615154150962
23919,YNL283C YCR037C,0.0,NA,0.05627764016389847,2850,7121,23920,0,0.7898852202649671,0.2858289038210811,1.0,0.22940626912792758,0.7705937308720724
23920,YDL049C YGL095C,0.0,NA,0.0562877394258976,2850,7120,23921,0,0.7899147266235874,0.2858575727181545,1.0,0.22937405367095132,0.7706259463290487
23921,YPR043W YDR254W,0.0,NA,0.05628827214241028,2850,7119,23922,0,0.7899442329822076,0.2858862473668372,1.0,0.22934183821397505,0.770658161786025
23922,YNR030W snR11,0.0,NA,0.05629247799515724,2850,7118,23923,0,0.7899737393408279,0.28591492776886035,1.0,0.22930962275699882,0.7706903772430012
23923,YJL174W snR36,0.0,NA,0.05630666762590408,2850,7117,23924,0,0.7900032456994482,0.28594361392595563,1.0,0.22927740730002255,0.7707225926999774
23924,YGR161C-D YCR005C,0.0,NA,0.056307353079319,2850,7116,23925,0,0.7900327520580686,0.2859723058398555,1.0,0.2292451918430463,0.7707548081569537
23925,YBR089C-A YHL006C,0.0,NA,0.05630836263298988,2850,7115,23926,0,0.7900622584166888,0.286001003512293,1.0,0.22921297638607005,0.7707870236139299
23926,tQ(UUG)E2 YPR194C,0.0,NA,0.05631561204791069,2850,7114,23927,0,0.7900917647753091,0.286029706945002,1.0,0.22918076092909379,0.7708192390709062
23927,YDR531W YKL175W,0.0,NA,0.056329578161239624,2850,7113,23928,0,0.7901212711339294,0.28605841613971694,1.0,0.22914854547211752,0.7708514545278825
23928,YLR045C YJL177W,0.0,NA,0.05633621662855148,2850,7112,23929,0,0.7901507774925497,0.2860871310981731,1.0,0.22911633001514126,0.7708836699848587
23929,YMR226C YDR182W,0.0,NA,0.05634686350822449,2850,7111,23930,0,0.7901802838511699,0.2861158518221062,1.0,0.22908411455816502,0.770915885441835
23930,YOR098C YAL021C,0.0,NA,0.05639789626002312,2850,7110,23931,0,0.7902097902097902,0.286144578313253,1.0,0.22905189910118876,0.7709481008988113
23931,YOR226C YGL032C,0.0,NA,0.056398455053567886,2850,7109,23932,0,0.7902392965684105,0.2861733105733507,1.0,0.2290196836442125,0.7709803163557875
23932,YNL331C snR7-L,0.0,NA,0.05639881268143654,2850,7108,23933,0,0.7902688029270307,0.2862020486041374,1.0,0.22898746818723623,0.7710125318127637
23933,YMR251W-A YKL182W,0.0,NA,0.05643986165523529,2850,7107,23934,0,0.790298309285651,0.2862307924073516,1.0,0.22895525273026,0.77104474726974
23934,YPL038W YPL096C-A,0.0,NA,0.05644521489739418,2850,7106,23935,0,0.7903278156442713,0.2862595419847328,1.0,0.22892303727328372,0.7710769627267163
23935,YMR127C YML057W,0.0,NA,0.05648187920451164,2850,7105,23936,0,0.7903573220028917,0.2862882973380211,1.0,0.22889082181630746,0.7711091781836925
23936,YML116W YLR227W-B,0.0,NA,0.056492879986763,2850,7104,23937,0,0.7903868283615119,0.2863170584689572,1.0,0.2288586063593312,0.7711413936406688
23937,snR60 YMR167W,0.0,NA,0.056513674557209015,2850,7103,23938,0,0.7904163347201322,0.2863458253792826,1.0,0.22882639090235496,0.7711736090976451
23938,YCR079W YPR070W,0.0,NA,0.05652196332812309,2850,7102,23939,0,0.7904458410787525,0.28637459807073956,1.0,0.2287941754453787,0.7712058245546213
23939,YGL090W YCR042C,0.0,NA,0.056539155542850494,2850,7101,23940,0,0.7904753474373728,0.28640337654507086,1.0,0.22876195998840243,0.7712380400115976
23940,YGR232W YDL081C,0.0,NA,0.05654044821858406,2850,7100,23941,0,0.790504853795993,0.2864321608040201,1.0,0.22872974453142617,0.7712702554685739
23941,YJR145C YIL036W,0.0,NA,0.05654887109994888,2850,7099,23942,0,0.7905343601546133,0.2864609508493316,1.0,0.22869752907444993,0.77130247092555
23942,YKR034W YKL110C,0.0,NA,0.05656976252794266,2850,7098,23943,0,0.7905638665132336,0.2864897466827503,1.0,0.22866531361747366,0.7713346863825263
23943,YGL026C YJL134W,0.0,NA,0.05658075958490372,2850,7097,23944,0,0.7905933728718539,0.2865185483060219,1.0,0.2286330981604974,0.7713669018395026
23944,YGL058W YDL105W,0.0,NA,0.05665438994765282,2850,7096,23945,0,0.7906228792304741,0.2865473557208928,1.0,0.22860088270352116,0.7713991172964788
23945,YDR210C-C YLL004W,0.0,NA,0.05667901039123535,2850,7095,23946,0,0.7906523855890945,0.2865761689291101,1.0,0.2285686672465449,0.7714313327534551
23946,YHR112C YML123C,0.0,NA,0.056680385023355484,2850,7094,23947,0,0.7906818919477148,0.28660498793242156,1.0,0.22853645178956863,0.7714635482104314
23947,YHR028C YHR108W,0.0,NA,0.05670382082462311,2850,7093,23948,0,0.790711398306335,0.28663381273257565,1.0,0.22850423633259237,0.7714957636674076
23948,YBL074C YGR240C,0.0,NA,0.05672678351402283,2850,7092,23949,0,0.7907409046649553,0.2866626433313217,1.0,0.22847202087561613,0.7715279791243839
23949,YKL049C YKR020W,0.0,NA,0.05673282966017723,2850,7091,23950,0,0.7907704110235756,0.2866914797304094,1.0,0.22843980541863987,0.7715601945813602
23950,YOL002C YLR075W,0.0,NA,0.05673897638916969,2850,7090,23951,0,0.7907999173821959,0.28672032193158953,1.0,0.2284075899616636,0.7715924100383363
23951,YKL004W YDR144C,0.0,NA,0.05673954263329506,2850,7089,23952,0,0.7908294237408161,0.28674916993661337,1.0,0.22837537450468734,0.7716246254953126
23952,YDR155C YLR340W,0.0,NA,0.05675293505191803,2850,7088,23953,0,0.7908589300994364,0.2867780237472328,1.0,0.2283431590477111,0.7716568409522889
23953,YJL048C YPL253C,0.0,NA,0.056770529597997665,2850,7087,23954,0,0.7908884364580567,0.28680688336520077,1.0,0.22831094359073484,0.7716890564092652
23954,YCL031C tA(AGC)M1,0.0,NA,0.05678220093250275,2850,7086,23955,0,0.790917942816677,0.28683574879227053,1.0,0.22827872813375857,0.7717212718662414
23955,YBR168W YKR063C,0.0,NA,0.05681063234806061,2850,7085,23956,0,0.7909474491752972,0.28686462003019625,1.0,0.2282465126767823,0.7717534873232177
23956,tR(UCU)M1 YLL038C,0.0,NA,0.056835804134607315,2850,7084,23957,0,0.7909769555339176,0.28689349708073286,1.0,0.22821429721980607,0.771785702780194
23957,YIR034C YGL120C,0.0,NA,0.05686592310667038,2850,7083,23958,0,0.7910064618925379,0.28692237994563574,1.0,0.2281820817628298,0.7718179182371702
23958,Q0160 YLL061W,0.0,NA,0.05686932057142258,2850,7082,23959,0,0.7910359682511581,0.2869512686266613,1.0,0.22814986630585354,0.7718501336941465
23959,YJL048C YNL220W,0.0,NA,0.056917984038591385,2850,7081,23960,0,0.7910654746097784,0.2869801631255664,1.0,0.22811765084887728,0.7718823491511227
23960,YKR085C YER154W,0.0,NA,0.056963078677654266,2850,7080,23961,0,0.7910949809683987,0.28700906344410876,1.0,0.22808543539190104,0.7719145646080989
23961,YOL132W tQ(CUG)M,0.0,NA,0.05699789896607399,2850,7079,23962,0,0.791124487327019,0.28703796958404676,1.0,0.22805321993492478,0.7719467800650752
23962,YGR083C YGR063C,0.0,NA,0.056999076157808304,2850,7078,23963,0,0.7911539936856392,0.2870668815471394,1.0,0.2280210044779485,0.7719789955220515
23963,tR(ACG)L YDL058W,0.0,NA,0.05701140686869621,2850,7077,23964,0,0.7911835000442595,0.28709579933514656,1.0,0.22798878902097225,0.7720112109790277
23964,YDL033C YBR048W,0.0,NA,0.05702473595738411,2850,7076,23965,0,0.7912130064028798,0.2871247229498287,1.0,0.227956573563996,0.772043426436004
23965,YOR070C YBR036C,0.0,NA,0.05705631151795387,2850,7075,23966,0,0.7912425127615001,0.2871536523929471,1.0,0.22792435810701975,0.7720756418929803
23966,YOR030W YGR105W,0.0,NA,0.05705859139561653,2850,7074,23967,0,0.7912720191201204,0.2871825876662636,1.0,0.22789214265004348,0.7721078573499565
23967,YMR055C YNR072W,0.0,NA,0.0570734478533268,2850,7073,23968,0,0.7913015254787407,0.2872115287715409,1.0,0.22785992719306725,0.7721400728069328
23968,YDR225W tQ(UUG)D3,0.0,NA,0.057106588035821915,2850,7072,23969,0,0.791331031837361,0.28724047571054223,1.0,0.22782771173609098,0.772172288263909
23969,YPL131W YNL327W,0.0,NA,0.05714225769042969,2850,7071,23970,0,0.7913605381959813,0.28726942848503173,1.0,0.22779549627911472,0.7722045037208852
23970,YIL126W YJR003C,0.0,NA,0.057154543697834015,2850,7070,23971,0,0.7913900445546015,0.2872983870967742,1.0,0.22776328082213845,0.7722367191778615
23971,YBL032W YGL243W,0.0,NA,0.057167164981365204,2850,7069,23972,0,0.7914195509132218,0.287327351547535,1.0,0.22773106536516222,0.7722689346348378
23972,YAL007C YMR145C,0.0,NA,0.05720703303813934,2850,7068,23973,0,0.7914490572718421,0.28735632183908044,1.0,0.22769884990818595,0.7723011500918141
23973,YOR302W YEL066W,0.0,NA,0.05721992254257202,2850,7067,23974,0,0.7914785636304623,0.28738529797317736,1.0,0.2276666344512097,0.7723333655487903
23974,YBR058C YCL066W,0.0,NA,0.05724935606122017,2850,7066,23975,0,0.7915080699890826,0.2874142799515934,1.0,0.22763441899423342,0.7723655810057666
23975,YKL101W tA(AGC)L,0.0,NA,0.057254865765571594,2850,7065,23976,0,0.7915375763477029,0.2874432677760968,1.0,0.22760220353725719,0.7723977964627429
23976,YDR503C YGL009C,0.0,NA,0.05727747082710266,2850,7064,23977,0,0.7915670827063233,0.2874722614484567,1.0,0.22756998808028092,0.772430011919719
23977,YDL134C YDR495C,0.0,NA,0.0572814866900444,2850,7063,23978,0,0.7915965890649435,0.2875012609704429,1.0,0.22753777262330466,0.7724622273766953
23978,YNL127W YPL171C,0.0,NA,0.05728699639439583,2850,7062,23979,0,0.7916260954235638,0.28753026634382567,1.0,0.2275055571663284,0.7724944428336716
23979,YPL218W YGL077C,0.0,NA,0.05730247125029564,2850,7061,23980,0,0.7916556017821841,0.28755927757037636,1.0,0.22747334170935216,0.7725266582906478
23980,YOL058W YER118C,0.0,NA,0.05732983723282814,2850,7060,23981,0,0.7916851081408044,0.2875882946518668,1.0,0.2274411262523759,0.7725588737476241
23981,YDR200C YDR201W,0.0,NA,0.057380206882953644,2850,7059,23982,0,0.7917146144994246,0.28761731759006964,1.0,0.22740891079539963,0.7725910892046004
23982,snR35 snR62,0.0,NA,0.05742097273468971,2850,7058,23983,0,0.7917441208580449,0.2876463463867582,1.0,0.22737669533842336,0.7726233046615766
23983,YPR137C-A YER145C,0.0,NA,0.05742930620908737,2850,7057,23984,0,0.7917736272166652,0.2876753810437065,1.0,0.22734447988144713,0.7726555201185529
23984,YNL032W YGL243W,0.0,NA,0.057429440319538116,2850,7056,23985,0,0.7918031335752854,0.28770442156268927,1.0,0.22731226442447086,0.7726877355755292
23985,YIL134W YOR299W,0.0,NA,0.05743444710969925,2850,7055,23986,0,0.7918326399339057,0.2877334679454821,1.0,0.2272800489674946,0.7727199510325053
23986,tQ(UUG)B YMR167W,0.0,NA,0.05749643221497536,2850,7054,23987,0,0.791862146292526,0.28776252019386106,1.0,0.22724783351051836,0.7727521664894816
23987,YLR234W YJR070C,0.0,NA,0.057511601597070694,2850,7053,23988,0,0.7918916526511464,0.28779157830960317,1.0,0.2272156180535421,0.7727843819464579
23988,YOR242C YIR021W,0.0,NA,0.05753631517291069,2850,7052,23989,0,0.7919211590097666,0.28782064229448595,1.0,0.22718340259656583,0.7728165974034341
23989,snR35 YBL079W,0.0,NA,0.05754823982715607,2850,7051,23990,0,0.7919506653683869,0.2878497121502879,1.0,0.22715118713958957,0.7728488128604104
23990,YDR454C YER183C,0.0,NA,0.057572733610868454,2850,7050,23991,0,0.7919801717270072,0.2878787878787879,1.0,0.22711897168261333,0.7728810283173867
23991,YOL043C YNL102W,0.0,NA,0.057607103139162064,2850,7049,23992,0,0.7920096780856275,0.28790786948176583,1.0,0.22708675622563707,0.772913243774363
23992,YDR435C tG(GCC)J2,0.0,NA,0.057667676359415054,2850,7048,23993,0,0.7920391844442477,0.28793695696100224,1.0,0.2270545407686608,0.7729454592313392
23993,YPL053C YLR459W,0.0,NA,0.05768035352230072,2850,7047,23994,0,0.792068690802868,0.28796605031827827,1.0,0.22702232531168454,0.7729776746883155
23994,YLR453C YPL070W,0.0,NA,0.05772876366972923,2850,7046,23995,0,0.7920981971614883,0.2879951495553759,1.0,0.2269901098547083,0.7730098901452918
23995,YMR146C YDR432W,0.0,NA,0.05775407701730728,2850,7045,23996,0,0.7921277035201085,0.28802425467407783,1.0,0.22695789439773204,0.7730421056022679
23996,YLR115W YBL085W,0.0,NA,0.057762641459703445,2850,7044,23997,0,0.7921572098787288,0.28805336567616735,1.0,0.22692567894075577,0.7730743210592442
23997,YIL047C YIR034C,0.0,NA,0.05776384100317955,2850,7043,23998,0,0.7921867162373492,0.28808248256342867,1.0,0.2268934634837795,0.7731065365162205
23998,YGL224C YFR050C,0.0,NA,0.057785019278526306,2850,7042,23999,0,0.7922162225959695,0.28811160533764657,1.0,0.22686124802680327,0.7731387519731967
23999,YJL114W YDR295C,0.0,NA,0.05781262367963791,2850,7041,24000,0,0.7922457289545897,0.28814073400060664,1.0,0.226829032569827,0.773170967430173
24000,YKL160W YEL009C,0.0,NA,0.05783257260918617,2850,7040,24001,0,0.79227523531321,0.28816986855409504,1.0,0.22679681711285074,0.7732031828871493
24001,YMR010W YOR061W,0.0,NA,0.05783515051007271,2850,7039,24002,0,0.7923047416718303,0.28819900899989886,1.0,0.22676460165587448,0.7732353983441255
24002,YNL297C YIL124W,0.0,NA,0.057856637984514236,2850,7038,24003,0,0.7923342480304506,0.28822815533980584,1.0,0.22673238619889824,0.7732676138011018
24003,YJR001W YPR066W,0.0,NA,0.057894542813301086,2850,7037,24004,0,0.7923637543890708,0.2882573075756043,1.0,0.22670017074192197,0.773299829258078
24004,YFR052W YFR024C-A,0.0,NA,0.05799473449587822,2850,7036,24005,0,0.7923932607476911,0.28828646570908356,1.0,0.2266679552849457,0.7733320447150542
24005,snR6 YOL124C,0.0,NA,0.0580253005027771,2850,7035,24006,0,0.7924227671063114,0.2883156297420334,1.0,0.22663573982796947,0.7733642601720305
24006,YDR151C YER143W,0.0,NA,0.05805707350373268,2850,7034,24007,0,0.7924522734649317,0.28834479967624443,1.0,0.2266035243709932,0.7733964756290068
24007,YNL294C YIL064W,0.0,NA,0.05810447409749031,2850,7033,24008,0,0.792481779823552,0.288373975513508,1.0,0.22657130891401694,0.773428691085983
24008,YNL149C YER154W,0.0,NA,0.058112118393182755,2850,7032,24009,0,0.7925112861821723,0.28840315725561627,1.0,0.22653909345704068,0.7734609065429593
24009,YMR184W YMR138W,0.0,NA,0.058116402477025986,2850,7031,24010,0,0.7925407925407926,0.2884323449043619,1.0,0.22650687800006444,0.7734931219999356
24010,YLR287C-A YDR311W,0.0,NA,0.0581427700817585,2850,7030,24011,0,0.7925702988994128,0.28846153846153844,1.0,0.22647466254308818,0.7735253374569119
24011,YGL087C tA(UGC)A,0.0,NA,0.058197736740112305,2850,7029,24012,0,0.7925998052580331,0.2884907379289402,1.0,0.22644244708611191,0.7735575529138881
24012,YGL153W YJL092W,0.0,NA,0.05820155143737793,2850,7028,24013,0,0.7926293116166534,0.288519943308362,1.0,0.22641023162913565,0.7735897683708644
24013,YGL018C YDR137W,0.0,NA,0.058215927332639694,2850,7027,24014,0,0.7926588179752737,0.2885491546015997,1.0,0.2263780161721594,0.7736219838278406
24014,YDR501W snR66,0.0,NA,0.0582256019115448,2850,7026,24015,0,0.7926883243338939,0.2885783718104496,1.0,0.22634580071518315,0.7736541992848168
24015,YLR079W YML022W,0.0,NA,0.058231279253959656,2850,7025,24016,0,0.7927178306925142,0.28860759493670884,1.0,0.22631358525820688,0.7736864147417931
24016,YCR042C YER087C-B,0.0,NA,0.058348774909973145,2850,7024,24017,0,0.7927473370511345,0.2886368239821754,1.0,0.22628136980123062,0.7737186301987694
24017,YIR028W YJL092W,0.0,NA,0.05839736759662628,2850,7023,24018,0,0.7927768434097549,0.28866605894864783,1.0,0.22624915434425438,0.7737508456557456
24018,YBR254C YBR264C,0.0,NA,0.058404237031936646,2850,7022,24019,0,0.792806349768375,0.28869529983792547,1.0,0.22621693888727812,0.7737830611127219
24019,YBR129C YLR354C,0.0,NA,0.05841417983174324,2850,7021,24020,0,0.7928358561269954,0.2887245466518083,1.0,0.22618472343030185,0.7738152765696982
24020,YBR085W YGL215W,0.0,NA,0.058426667004823685,2850,7020,24021,0,0.7928653624856157,0.2887537993920973,1.0,0.2261525079733256,0.7738474920266744
24021,YER090W snR14,0.0,NA,0.0584477037191391,2850,7019,24022,0,0.7928948688442359,0.2887830580605938,1.0,0.22612029251634935,0.7738797074836506
24022,YNR046W YHR101C,0.0,NA,0.05845547094941139,2850,7018,24023,0,0.7929243752028562,0.2888123226591001,1.0,0.2260880770593731,0.7739119229406269
24023,YOR142W-A YAR018C,0.0,NA,0.05845699831843376,2850,7017,24024,0,0.7929538815614765,0.28884159318941927,1.0,0.22605586160239682,0.7739441383976031
24024,YCR044C YNL072W,0.0,NA,0.058532994240522385,2850,7016,24025,0,0.7929833879200968,0.28887086965335496,1.0,0.22602364614542056,0.7739763538545794
24025,YCL067C YDL095W,0.0,NA,0.05853567644953728,2850,7015,24026,0,0.793012894278717,0.28890015205271163,1.0,0.22599143068844432,0.7740085693115557
24026,YNL025C YPR031W,0.0,NA,0.058599717915058136,2850,7014,24027,0,0.7930424006373373,0.2889294403892944,1.0,0.22595921523146806,0.7740407847685319
24027,YOR207C YDR065W,0.0,NA,0.0586145855486393,2850,7013,24028,0,0.7930719069959576,0.28895873466490923,1.0,0.2259269997744918,0.7740730002255082
24028,YJR012C YGL172W,0.0,NA,0.0586278960108757,2850,7012,24029,0,0.793101413354578,0.2889880348813628,1.0,0.22589478431751556,0.7741052156824845
24029,YJR137C YOR096W,0.0,NA,0.05863969400525093,2850,7011,24030,0,0.7931309197131982,0.28901734104046245,1.0,0.2258625688605393,0.7741374311394608
24030,YPL179W YNL151C,0.0,NA,0.058656565845012665,2850,7010,24031,0,0.7931604260718185,0.28904665314401623,1.0,0.22583035340356303,0.7741696465964369
24031,YER119C YNL130C,0.0,NA,0.058657143265008926,2850,7009,24032,0,0.7931899324304388,0.28907597119383305,1.0,0.22579813794658676,0.7742018620534132
24032,YOR107W YBL063W,0.0,NA,0.05868985131382942,2850,7008,24033,0,0.7932194387890591,0.28910529519172246,1.0,0.22576592248961053,0.7742340775103895
24033,YGR063C YGR104C,0.0,NA,0.05870133638381958,2850,7007,24034,0,0.7932489451476793,0.2891346251394948,1.0,0.22573370703263426,0.7742662929673657
24034,tH(GUG)E1 YOR290C,0.0,NA,0.05870708078145981,2850,7006,24035,0,0.7932784515062996,0.289163961038961,1.0,0.225701491575658,0.774298508424342
24035,YGR113W YBL100W-A,0.0,NA,0.05878995731472969,2850,7005,24036,0,0.7933079578649199,0.289193302891933,1.0,0.22566927611868173,0.7743307238813183
24036,YLR086W YOR371C,0.0,NA,0.05879117548465729,2850,7004,24037,0,0.7933374642235401,0.28922265070022324,1.0,0.2256370606617055,0.7743629393382945
24037,YNR050C YGL011C,0.0,NA,0.058799903839826584,2850,7003,24038,0,0.7933669705821604,0.289252004465645,1.0,0.22560484520472923,0.7743951547952708
24038,snR42 YPL057C,0.0,NA,0.05880637466907501,2850,7002,24039,0,0.7933964769407807,0.28928136419001216,1.0,0.22557262974775297,0.7744273702522471
24039,YGL194C YAL068C,0.0,NA,0.058830950409173965,2850,7001,24040,0,0.7934259832994011,0.28931072987513956,1.0,0.2255404142907767,0.7744595857092232
24040,YCR091W YPR158C-D,0.0,NA,0.05888060852885246,2850,7000,24041,0,0.7934554896580213,0.2893401015228426,1.0,0.22550819883380047,0.7744918011661995
24041,YGL071W YJR137C,0.0,NA,0.0588952973484993,2850,6999,24042,0,0.7934849960166416,0.28936947913493755,1.0,0.2254759833768242,0.7745240166231758
24042,YER114C YKR025W,0.0,NA,0.0589575469493866,2850,6998,24043,0,0.7935145023752619,0.2893988627132413,1.0,0.22544376791984794,0.774556232080152
24043,YBL071W-A YNR030W,0.0,NA,0.05897068977355957,2850,6997,24044,0,0.7935440087338822,0.2894282522595714,1.0,0.22541155246287167,0.7745884475371283
24044,YBR102C tG(GCC)C,0.0,NA,0.059019748121500015,2850,6996,24045,0,0.7935735150925024,0.2894576477757465,1.0,0.22537933700589544,0.7746206629941046
24045,YOR198C YGR129W,0.0,NA,0.05902382731437683,2850,6995,24046,0,0.7936030214511227,0.2894870492635856,1.0,0.22534712154891917,0.7746528784510809
24046,YJL114W YDR261C,0.0,NA,0.059046920388936996,2850,6994,24047,0,0.793632527809743,0.28951645672490856,1.0,0.2253149060919429,0.7746850939080571
24047,YGR116W YHR073W,0.0,NA,0.05904880166053772,2850,6993,24048,0,0.7936620341683632,0.2895458701615361,1.0,0.22528269063496667,0.7747173093650334
24048,YJR131W YKR028W,0.0,NA,0.05905410274863243,2850,6992,24049,0,0.7936915405269835,0.28957528957528955,1.0,0.2252504751779904,0.7747495248220096
24049,YBR193C YNL116W,0.0,NA,0.059057097882032394,2850,6991,24050,0,0.7937210468856039,0.28960471496799106,1.0,0.22521825972101414,0.7747817402789858
24050,YDL039C YDR017C,0.0,NA,0.05906591936945915,2850,6990,24051,0,0.7937505532442242,0.2896341463414634,1.0,0.22518604426403788,0.7748139557359621
24051,YBL028C YHR165C,0.0,NA,0.05907223001122475,2850,6989,24052,0,0.7937800596028444,0.28966358369753026,1.0,0.22515382880706164,0.7748461711929384
24052,YKR038C YPR108W,0.0,NA,0.05910531431436539,2850,6988,24053,0,0.7938095659614647,0.28969302703801586,1.0,0.22512161335008538,0.7748783866499146
24053,YBR152W YER069W,0.0,NA,0.05910637229681015,2850,6987,24054,0,0.793839072320085,0.28972247636474535,1.0,0.2250893978931091,0.7749106021068909
24054,YGL008C YLR448W,0.0,NA,0.05913610756397247,2850,6986,24055,0,0.7938685786787053,0.28975193167954455,1.0,0.22505718243613285,0.7749428175638672
24055,YPL040C tQ(UUG)E1,0.0,NA,0.05916081741452217,2850,6985,24056,0,0.7938980850373255,0.28978139298423994,1.0,0.2250249669791566,0.7749750330208434
24056,YGL005C YOL013C,0.0,NA,0.059233736246824265,2850,6984,24057,0,0.7939275913959458,0.28981086028065894,1.0,0.22499275152218035,0.7750072484778197
24057,YGL044C YPL115C,0.0,NA,0.059237513691186905,2850,6983,24058,0,0.7939570977545661,0.2898403335706295,1.0,0.22496053606520408,0.775039463934796
24058,YEL018W YML045W,0.0,NA,0.05924755334854126,2850,6982,24059,0,0.7939866041131864,0.28986981285598046,1.0,0.22492832060822782,0.7750716793917721
24059,YOR134W YOR192C-B,0.0,NA,0.05927727371454239,2850,6981,24060,0,0.7940161104718066,0.2898992981385414,1.0,0.22489610515125158,0.7751038948487484
24060,YGL251C tE(UUC)P,0.0,NA,0.059315070509910583,2850,6980,24061,0,0.794045616830427,0.28992878942014244,1.0,0.22486388969427532,0.7751361103057247
24061,snR7-L YJL207C,0.0,NA,0.05932920053601265,2850,6979,24062,0,0.7940751231890473,0.2899582867026147,1.0,0.22483167423729905,0.7751683257627009
24062,YKL135C YDR174W,0.0,NA,0.059350598603487015,2850,6978,24063,0,0.7941046295476675,0.28998778998779,1.0,0.2247994587803228,0.7752005412196772
24063,YGL121C YNL259C,0.0,NA,0.05937269702553749,2850,6977,24064,0,0.7941341359062878,0.29001729927750075,1.0,0.22476724332334655,0.7752327566766535
24064,snR44 YNL236W,0.0,NA,0.05937286093831062,2850,6976,24065,0,0.7941636422649081,0.2900468145735803,1.0,0.22473502786637028,0.7752649721336298
24065,YCR024C-A YNL339C,0.0,NA,0.059400640428066254,2850,6975,24066,0,0.7941931486235284,0.2900763358778626,1.0,0.22470281240939402,0.775297187590606
24066,snR42 YMR194W,0.0,NA,0.059440456330776215,2850,6974,24067,0,0.7942226549821486,0.2901058631921824,1.0,0.22467059695241778,0.7753294030475822
24067,YPR186C YLR442C,0.0,NA,0.0594649612903595,2850,6973,24068,0,0.7942521613407689,0.2901353965183752,1.0,0.22463838149544152,0.7753616185045585
24068,YDR498C YPL178W,0.0,NA,0.05947589501738548,2850,6972,24069,0,0.7942816676993892,0.29016493585827735,1.0,0.22460616603846525,0.7753938339615347
24069,tA(AGC)L YNL221C,0.0,NA,0.059491418302059174,2850,6971,24070,0,0.7943111740580096,0.2901944812137257,1.0,0.224573950581489,0.775426049418511
24070,YDR122W YNL082W,0.0,NA,0.05950748920440674,2850,6970,24071,0,0.7943406804166298,0.29022403258655805,1.0,0.22454173512451275,0.7754582648754873
24071,YGR154C YOR089C,0.0,NA,0.059519656002521515,2850,6969,24072,0,0.7943701867752501,0.2902535899786129,1.0,0.2245095196675365,0.7754904803324635
24072,YLR088W tE(UUC)M,0.0,NA,0.059528838843107224,2850,6968,24073,0,0.7943996931338704,0.2902831533917295,1.0,0.22447730421056022,0.7755226957894398
24073,YLR209C YDR182W,0.0,NA,0.059582412242889404,2850,6967,24074,0,0.7944291994924906,0.2903127228277478,1.0,0.22444508875358396,0.7755549112464161
24074,YKL180W YNL201C,0.0,NA,0.05962236970663071,2850,6966,24075,0,0.7944587058511109,0.29034229828850855,1.0,0.22441287329660772,0.7755871267033922
24075,YLR361C YPR104C,0.0,NA,0.05963878333568573,2850,6965,24076,0,0.7944882122097312,0.29037187977585327,1.0,0.22438065783963146,0.7756193421603685
24076,YPR158W-B YOL091W,0.0,NA,0.05964311957359314,2850,6964,24077,0,0.7945177185683515,0.2904014672916242,1.0,0.2243484423826552,0.7756515576173448
24077,YDR330W YOR388C,0.0,NA,0.05965178459882736,2850,6963,24078,0,0.7945472249269717,0.29043106083766435,1.0,0.22431622692567893,0.775683773074321
24078,YGR267C tE(UUC)M,0.0,NA,0.05969350039958954,2850,6962,24079,0,0.794576731285592,0.29046066041581736,1.0,0.2242840114687027,0.7757159885312973
24079,YPL121C YJR004C,0.0,NA,0.05971137806773186,2850,6961,24080,0,0.7946062376442123,0.2904902660279278,1.0,0.22425179601172643,0.7757482039882736
24080,tR(ACG)K YOR371C,0.0,NA,0.059713732451200485,2850,6960,24081,0,0.7946357440028327,0.290519877675841,1.0,0.22421958055475016,0.7757804194452498
24081,YER132C YCR073W-A,0.0,NA,0.059734754264354706,2850,6959,24082,0,0.7946652503614529,0.2905494953614028,1.0,0.2241873650977739,0.7758126349022261
24082,YMR016C YKR061W,0.0,NA,0.059738531708717346,2850,6958,24083,0,0.7946947567200732,0.29057911908646006,1.0,0.22415514964079766,0.7758448503592024
24083,YKL130C YMR021C,0.0,NA,0.05974911153316498,2850,6957,24084,0,0.7947242630786935,0.2906087488528602,1.0,0.2241229341838214,0.7758770658161787
24084,YBR109C snR39,0.0,NA,0.05974932387471199,2850,6956,24085,0,0.7947537694373138,0.29063838466245157,1.0,0.22409071872684513,0.7759092812731548
24085,YDL160C YKL067W,0.0,NA,0.05975267291069031,2850,6955,24086,0,0.794783275795934,0.2906680265170831,1.0,0.22405850326986887,0.7759414967301311
24086,tC(GCA)P1 YPL233W,0.0,NA,0.05979585275053978,2850,6954,24087,0,0.7948127821545543,0.29069767441860467,1.0,0.22402628781289263,0.7759737121871074
24087,YJL189W YNL085W,0.0,NA,0.059797801077365875,2850,6953,24088,0,0.7948422885131746,0.29072732836886667,1.0,0.22399407235591637,0.7760059276440836
24088,YLR459W YOR312C,0.0,NA,0.060010481625795364,2850,6952,24089,0,0.7948717948717948,0.29075698836972047,1.0,0.2239618568989401,0.7760381431010599
24089,YNL099C YLR340W,0.0,NA,0.06007717177271843,2850,6951,24090,0,0.7949013012304151,0.29078665442301804,1.0,0.22392964144196387,0.7760703585580362
24090,YGR020C YOR005C,0.0,NA,0.060104452073574066,2850,6950,24091,0,0.7949308075890354,0.29081632653061223,1.0,0.2238974259849876,0.7761025740150124
24091,YML046W YMR201C,0.0,NA,0.06011040508747101,2850,6949,24092,0,0.7949603139476558,0.29084600469435656,1.0,0.22386521052801134,0.7761347894719887
24092,YMR116C YHR144C,0.0,NA,0.060131266713142395,2850,6948,24093,0,0.794989820306276,0.2908756889161053,1.0,0.22383299507103507,0.776167004928965
24093,YPL253C YGR063C,0.0,NA,0.06013573706150055,2850,6947,24094,0,0.7950193266648963,0.2909053791977136,1.0,0.22380077961405884,0.7761992203859411
24094,tQ(UUG)E1 YBR112C,0.0,NA,0.06016288325190544,2850,6946,24095,0,0.7950488330235166,0.29093507554103715,1.0,0.22376856415708257,0.7762314358429174
24095,YNL107W YDR065W,0.0,NA,0.060165900737047195,2850,6945,24096,0,0.7950783393821369,0.29096477794793263,1.0,0.2237363487001063,0.7762636512998937
24096,YOR272W tQ(CUG)M,0.0,NA,0.06019635125994682,2850,6944,24097,0,0.7951078457407571,0.2909944864202573,1.0,0.22370413324313004,0.7762958667568699
24097,YDL124W tV(AAC)J,0.0,NA,0.060198452323675156,2850,6943,24098,0,0.7951373520993774,0.2910242009598693,1.0,0.2236719177861538,0.7763280822138462
24098,YPL028W YPL234C,0.0,NA,0.06023620814085007,2850,6942,24099,0,0.7951668584579977,0.29105392156862747,1.0,0.22363970232917754,0.7763602976708225
24099,YBR167C YHR211W,0.0,NA,0.06025267019867897,2850,6941,24100,0,0.7951963648166179,0.2910836482483914,1.0,0.22360748687220128,0.7763925131277987
24100,YJR109C YMR078C,0.0,NA,0.060287587344646454,2850,6940,24101,0,0.7952258711752382,0.29111338100102147,1.0,0.223575271415225,0.776424728584775
24101,YIR012W YER137C-A,0.0,NA,0.06029867008328438,2850,6939,24102,0,0.7952553775338586,0.2911431198283788,1.0,0.22354305595824878,0.7764569440417513
24102,YPR158C-C YGL097W,0.0,NA,0.06033986434340477,2850,6938,24103,0,0.7952848838924789,0.2911728647323253,1.0,0.2235108405012725,0.7764891594987275
24103,YLR113W YOR269W,0.0,NA,0.06034543365240097,2850,6937,24104,0,0.7953143902510991,0.2912026157147236,1.0,0.22347862504429625,0.7765213749557037
24104,YLR363C YGL084C,0.0,NA,0.06037130951881409,2850,6936,24105,0,0.7953438966097194,0.29123237277743713,1.0,0.22344640958731998,0.77655359041268
24105,YFL013C YMR097C,0.0,NA,0.06040017306804657,2850,6935,24106,0,0.7953734029683397,0.2912621359223301,1.0,0.22341419413034375,0.7765858058696563
24106,YBR084C-A YDL002C,0.0,NA,0.060462500900030136,2850,6934,24107,0,0.79540290932696,0.29129190515126735,1.0,0.22338197867336748,0.7766180213266325
24107,YKL020C YGR241C,0.0,NA,0.060466837137937546,2850,6933,24108,0,0.7954324156855802,0.2913216804661147,1.0,0.22334976321639122,0.7766502367836088
24108,YJR016C YDR160W,0.0,NA,0.060474663972854614,2850,6932,24109,0,0.7954619220442005,0.2913514618687385,1.0,0.22331754775941498,0.7766824522405851
24109,YCR040W YMR318C,0.0,NA,0.06048024445772171,2850,6931,24110,0,0.7954914284028208,0.291381249361006,1.0,0.22328533230243872,0.7767146676975613
24110,YMR173W YMR159C,0.0,NA,0.06048352271318436,2850,6930,24111,0,0.7955209347614411,0.29141104294478526,1.0,0.22325311684546245,0.7767468831545375
24111,YNL271C YBR165W,0.0,NA,0.060528792440891266,2850,6929,24112,0,0.7955504411200613,0.291440842621945,1.0,0.2232209013884862,0.7767790986115138
24112,YGL086W YLR452C,0.0,NA,0.06060245260596275,2850,6928,24113,0,0.7955799474786817,0.29147064839435466,1.0,0.22318868593150995,0.77681131406849
24113,YLR019W YKL138C-A,0.0,NA,0.060647450387477875,2850,6927,24114,0,0.795609453837302,0.29150046026388465,1.0,0.22315647047453369,0.7768435295254663
24114,YPL269W YPL171C,0.0,NA,0.06066321209073067,2850,6926,24115,0,0.7956389601959222,0.2915302782324059,1.0,0.22312425501755742,0.7768757449824426
24115,YML076C snR74,0.0,NA,0.060703080147504807,2850,6925,24116,0,0.7956684665545425,0.2915601023017903,1.0,0.22309203956058116,0.7769079604394188
24116,YBR161W YER125W,0.0,NA,0.060720182955265045,2850,6924,24117,0,0.7956979729131628,0.29158993247391035,1.0,0.22305982410360492,0.7769401758963951
24117,YLR005W YIR001C,0.0,NA,0.06072298809885979,2850,6923,24118,0,0.7957274792717831,0.2916197687506395,1.0,0.22302760864662866,0.7769723913533714
24118,YOR270C YFR004W,0.0,NA,0.060744334012269974,2850,6922,24119,0,0.7957569856304033,0.2916496111338518,1.0,0.2229953931896524,0.7770046068103476
24119,YDR261C YMR036C,0.0,NA,0.06076706200838089,2850,6921,24120,0,0.7957864919890236,0.2916794596254222,1.0,0.22296317773267613,0.7770368222673238
24120,YBR089C-A YBL028C,0.0,NA,0.060805145651102066,2850,6920,24121,0,0.7958159983476439,0.2917093142272262,1.0,0.2229309622756999,0.7770690377243001
24121,YOR087W YDL175C,0.0,NA,0.06080623343586922,2850,6919,24122,0,0.7958455047062643,0.2917391749411403,1.0,0.22289874681872363,0.7771012531812764
24122,YMR301C YDR251W,0.0,NA,0.06084344908595085,2850,6918,24123,0,0.7958750110648845,0.2917690417690418,1.0,0.22286653136174736,0.7771334686382526
24123,YML043C tT(CGU)K,0.0,NA,0.060903411358594894,2850,6917,24124,0,0.7959045174235048,0.29179891471280844,1.0,0.2228343159047711,0.7771656840952289
24124,YDR536W YBL041W,0.0,NA,0.06095457077026367,2850,6916,24125,0,0.7959340237821251,0.2918287937743191,1.0,0.22280210044779486,0.7771978995522052
24125,YML046W YIL080W,0.0,NA,0.060965295881032944,2850,6915,24126,0,0.7959635301407453,0.29185867895545314,1.0,0.2227698849908186,0.7772301150091814
24126,YOL082W tG(GCC)O1,0.0,NA,0.060979411005973816,2850,6914,24127,0,0.7959930364993656,0.29188857025809095,1.0,0.22273766953384233,0.7772623304661577
24127,YBR189W snR63,0.0,NA,0.06098710745573044,2850,6913,24128,0,0.7960225428579859,0.2919184676841135,1.0,0.2227054540768661,0.777294545923134
24128,YKR080W YDL160C,0.0,NA,0.06098828464746475,2850,6912,24129,0,0.7960520492166062,0.29194837123540257,1.0,0.22267323861988983,0.7773267613801101
24129,YGR147C YNL082W,0.0,NA,0.060999397188425064,2850,6911,24130,0,0.7960815555752264,0.2919782809138408,1.0,0.22264102316291356,0.7773589768370864
24130,snR62 YEL057C,0.0,NA,0.06101077049970627,2850,6910,24131,0,0.7961110619338467,0.29200819672131145,1.0,0.2226088077059373,0.7773911922940627
24131,YGR098C YBR009C,0.0,NA,0.06102147698402405,2850,6909,24132,0,0.796140568292467,0.29203811865969875,1.0,0.22257659224896106,0.7774234077510389
24132,YBR102C YOR322C,0.0,NA,0.061070095747709274,2850,6908,24133,0,0.7961700746510874,0.2920680467308875,1.0,0.2225443767919848,0.7774556232080152
24133,YML036W YOR254C,0.0,NA,0.06107825040817261,2850,6907,24134,0,0.7961995810097076,0.29209798093676337,1.0,0.22251216133500853,0.7774878386649915
24134,YNL326C YGR048W,0.0,NA,0.06109479069709778,2850,6906,24135,0,0.7962290873683279,0.2921279212792128,1.0,0.22247994587803227,0.7775200541219677
24135,YOL017W YFR019W,0.0,NA,0.06114806979894638,2850,6905,24136,0,0.7962585937269482,0.29215786776012304,1.0,0.22244773042105603,0.777552269578944
24136,tR(UCU)B YOR035C,0.0,NA,0.06119605153799057,2850,6904,24137,0,0.7962881000855685,0.292187820381382,1.0,0.22241551496407977,0.7775844850359203
24137,YML065W YDR408C,0.0,NA,0.06121563911437988,2850,6903,24138,0,0.7963176064441887,0.2922177791448785,1.0,0.2223832995071035,0.7776167004928964
24138,YCR024C-A YPL275W,0.0,NA,0.06124361976981163,2850,6902,24139,0,0.796347112802809,0.29224774405250203,1.0,0.22235108405012724,0.7776489159498727
24139,tQ(UUG)L YOR249C,0.0,NA,0.06126541644334793,2850,6901,24140,0,0.7963766191614293,0.292277715106143,1.0,0.222318868593151,0.777681131406849
24140,YGR274C YLR192C,0.0,NA,0.06134417653083801,2850,6900,24141,0,0.7964061255200495,0.2923076923076923,1.0,0.22228665313617474,0.7777133468638253
24141,YNL004W tE(UUC)E1,0.0,NA,0.06135139614343643,2850,6899,24142,0,0.7964356318786698,0.29233767565904195,1.0,0.22225443767919847,0.7777455623208015
24142,YLR079W YLL031C,0.0,NA,0.06140263006091118,2850,6898,24143,0,0.7964651382372901,0.2923676651620845,1.0,0.2222222222222222,0.7777777777777778
24143,YOR192C-A YOR133W,0.0,NA,0.061420243233442307,2850,6897,24144,0,0.7964946445959105,0.29239766081871343,1.0,0.22219000676524597,0.7778099932347541
24144,YKL164C YHL030W,0.0,NA,0.061485834419727325,2850,6896,24145,0,0.7965241509545307,0.2924276626308229,1.0,0.2221577913082697,0.7778422086917303
24145,YPL002C Q0110,0.0,NA,0.061489664018154144,2850,6895,24146,0,0.796553657313151,0.29245767060030786,1.0,0.22212557585129344,0.7778744241487066
24146,YPR021C YLR240W,0.0,NA,0.06150246039032936,2850,6894,24147,0,0.7965831636717713,0.29248768472906406,1.0,0.22209336039431718,0.7779066396056828
24147,YGL094C YLR359W,0.0,NA,0.06153349205851555,2850,6893,24148,0,0.7966126700303916,0.292517705018988,1.0,0.22206114493734094,0.777938855062659
24148,YDR350C YDL155W,0.0,NA,0.06158566474914551,2850,6892,24149,0,0.7966421763890118,0.292547731471977,1.0,0.22202892948036468,0.7779710705196353
24149,YKL165C YDR261W-B,0.0,NA,0.06158806011080742,2850,6891,24150,0,0.7966716827476321,0.29257776408992914,1.0,0.22199671402338841,0.7780032859766116
24150,YML021C YHR154W,0.0,NA,0.06161358579993248,2850,6890,24151,0,0.7967011891062524,0.2926078028747433,1.0,0.22196449856641218,0.7780355014335878
24151,YDR459C YCR012W,0.0,NA,0.06168770417571068,2850,6889,24152,0,0.7967306954648726,0.29263784782831914,1.0,0.2219322831094359,0.7780677168905641
24152,YOL058W YJL074C,0.0,NA,0.06170710548758507,2850,6888,24153,0,0.7967602018234929,0.292667898952557,1.0,0.22190006765245965,0.7780999323475404
24153,YBR114W YKL174C,0.0,NA,0.06173166260123253,2850,6887,24154,0,0.7967897081821133,0.2926979562493581,1.0,0.22186785219548338,0.7781321478045166
24154,YGL145W YNL141W,0.0,NA,0.06174815073609352,2850,6886,24155,0,0.7968192145407336,0.2927280197206245,1.0,0.22183563673850715,0.7781643632614929
24155,YML082W YMR224C,0.0,NA,0.061780896037817,2850,6885,24156,0,0.7968487208993538,0.29275808936825887,1.0,0.22180342128153088,0.7781965787184691
24156,YDL119C YPR132W,0.0,NA,0.061782583594322205,2850,6884,24157,0,0.7968782272579741,0.2927881651941648,1.0,0.22177120582455462,0.7782287941754453
24157,YPL076W YLR009W,0.0,NA,0.06178448349237442,2850,6883,24158,0,0.7969077336165944,0.2928182472002466,1.0,0.22173899036757835,0.7782610096324216
24158,YJL054W YKR085C,0.0,NA,0.061809148639440536,2850,6882,24159,0,0.7969372399752147,0.2928483353884094,1.0,0.22170677491060212,0.7782932250893979
24159,YPL088W YJR010W,0.0,NA,0.06182408332824707,2850,6881,24160,0,0.7969667463338349,0.29287842976055906,1.0,0.22167455945362585,0.7783254405463742
24160,tS(UGA)E YER081W,0.0,NA,0.06182925030589104,2850,6880,24161,0,0.7969962526924552,0.29290853031860226,1.0,0.2216423439966496,0.7783576560033504
24161,YCL020W YNL164C,0.0,NA,0.06185547634959221,2850,6879,24162,0,0.7970257590510755,0.2929386370644465,1.0,0.22161012853967332,0.7783898714603267
24162,YDR531W YML021C,0.0,NA,0.06185559183359146,2850,6878,24163,0,0.7970552654096957,0.29296875,1.0,0.2215779130826971,0.778422086917303
24163,YBL028C YIL082W-A,0.0,NA,0.06198421120643616,2850,6877,24164,0,0.797084771768316,0.29299886912717177,1.0,0.22154569762572082,0.7784543023742792
24164,YOR341W YPR159W,0.0,NA,0.06199411302804947,2850,6876,24165,0,0.7971142781269364,0.29302899444787167,1.0,0.22151348216874456,0.7784865178312554
24165,YML031W YGR232W,0.0,NA,0.0620095320045948,2850,6875,24166,0,0.7971437844855567,0.2930591259640103,1.0,0.2214812667117683,0.7785187332882317
24166,YJR120W YOR326W,1.0,NA,0.06205511838197708,2849,6875,24166,1,0.7971142781269364,0.29298642533936653,0.9996491228070176,0.2214812667117683,0.7785187332882317
24167,tQ(UUG)D1 YDR404C,0.0,NA,0.06208668276667595,2849,6874,24167,1,0.7971437844855567,0.29301655867530596,0.9996491228070176,0.22144905125479206,0.7785509487452079
24168,YLL057C snR5,0.0,NA,0.062088239938020706,2849,6873,24168,1,0.7971732908441769,0.2930466982102448,0.9996491228070176,0.2214168357978158,0.7785831642021842
24169,YGL158W YIL096C,0.0,NA,0.06208879128098488,2849,6872,24169,1,0.7972027972027972,0.29307684394609607,0.9996491228070176,0.22138462034083953,0.7786153796591605
24170,YLR410W-B YDL031W,0.0,NA,0.06209404021501541,2849,6871,24170,1,0.7972323035614175,0.2931069958847737,0.9996491228070176,0.2213524048838633,0.7786475951161367
24171,YNR074C YOR046C,0.0,NA,0.06214935705065727,2849,6870,24171,1,0.7972618099200378,0.2931371540281922,0.9996491228070176,0.22132018942688703,0.778679810573113
24172,YJL156C YKL197C,0.0,NA,0.06223837658762932,2849,6869,24172,1,0.797291316278658,0.29316731837826715,0.9996491228070176,0.22128797396991076,0.7787120260300893
24173,YBR248C tS(GCU)L,0.0,NA,0.06224600225687027,2849,6868,24173,1,0.7973208226372783,0.29319748893691466,0.9996491228070176,0.2212557585129345,0.7787442414870654
24174,YKR090W YDR191W,0.0,NA,0.06227356567978859,2849,6867,24174,1,0.7973503289958986,0.29322766570605185,0.9996491228070176,0.22122354305595826,0.7787764569440417
24175,YIL156W YKL108W,0.0,NA,0.06227969005703926,2849,6866,24175,1,0.797379835354519,0.2932578486875965,0.9996491228070176,0.221191327598982,0.778808672401018
24176,YFL041W YIL082W-A,0.0,NA,0.0623064823448658,2849,6865,24176,1,0.7974093417131392,0.29328803788346713,0.9996491228070176,0.22115911214200573,0.7788408878579942
24177,YBL071W-A YPR176C,0.0,NA,0.06231590360403061,2849,6864,24177,1,0.7974388480717595,0.29331823329558326,0.9996491228070176,0.22112689668502947,0.7788731033149705
24178,YPL048W YNL052W,0.0,NA,0.062364403158426285,2849,6863,24178,1,0.7974683544303798,0.29334843492586493,0.9996491228070176,0.22109468122805323,0.7789053187719468
24179,YBR123C YLL021W,0.0,NA,0.06241617351770401,2849,6862,24179,1,0.797497860789,0.29337864277623316,0.9996491228070176,0.22106246577107697,0.7789375342289231
24180,YDR160W YIL052C,0.0,NA,0.06242142245173454,2849,6861,24180,1,0.7975273671476203,0.2934088568486097,0.9996491228070176,0.2210302503141007,0.7789697496858993
24181,YPL111W YDR283C,0.0,NA,0.062434177845716476,2849,6860,24181,1,0.7975568735062406,0.29343907714491707,0.9996491228070176,0.22099803485712444,0.7790019651428756
24182,YGR109W-A YEL057C,0.0,NA,0.062476083636283875,2849,6859,24182,1,0.7975863798648609,0.2934693036670787,0.9996491228070176,0.2209658194001482,0.7790341805998519
24183,YKR104W YBR059C,0.0,NA,0.06248675659298897,2849,6858,24183,1,0.7976158862234811,0.29349953641701865,0.9996491228070176,0.22093360394317194,0.779066396056828
24184,YIL040W YPR159W,0.0,NA,0.06251271069049835,2849,6857,24184,1,0.7976453925821014,0.29352977539666186,0.9996491228070176,0.22090138848619567,0.7790986115138043
24185,snR6 YKR025W,0.0,NA,0.0625615194439888,2849,6856,24185,1,0.7976748989407217,0.29356002060793407,0.9996491228070176,0.2208691730292194,0.7791308269707806
24186,YIR030C YDR379W,0.0,NA,0.06257480382919312,2849,6855,24186,1,0.7977044052993421,0.2935902720527617,0.9996491228070176,0.22083695757224317,0.7791630424277568
24187,YJR012C YHR197W,0.0,NA,0.06258384138345718,2849,6854,24187,1,0.7977339116579623,0.29362052973307223,0.9996491228070176,0.2208047421152669,0.7791952578847331
24188,YKL203C YDR499W,0.0,NA,0.06259209662675858,2849,6853,24188,1,0.7977634180165826,0.29365079365079366,0.9996491228070176,0.22077252665829064,0.7792274733417094
24189,YAL025C YOL041C,0.0,NA,0.06260698288679123,2849,6852,24189,1,0.7977929243752029,0.29368106380785486,0.9996491228070176,0.2207403112013144,0.7792596887986856
24190,YLR113W YPR046W,0.0,NA,0.06262234598398209,2849,6851,24190,1,0.7978224307338231,0.29371134020618556,0.9996491228070176,0.22070809574433814,0.7792919042556619
24191,YOR358W YDR182W,0.0,NA,0.06262626498937607,2849,6850,24191,1,0.7978519370924434,0.29374162284771627,0.9996491228070176,0.22067588028736188,0.7793241197126382
24192,YPR017C tQ(UUG)B,0.0,NA,0.06265171617269516,2849,6849,24192,1,0.7978814434510637,0.2937719117343782,0.9996491228070176,0.2206436648303856,0.7793563351696143
24193,YKL020C YMR212C,0.0,NA,0.06266294419765472,2849,6848,24193,1,0.797910949809684,0.29380220686810354,0.9996491228070176,0.22061144937340937,0.7793885506265906
24194,YPL259C YHL039W,0.0,NA,0.06268594413995743,2849,6847,24194,1,0.7979404561683042,0.2938325082508251,0.9996491228070176,0.2205792339164331,0.7794207660835669
24195,YOL101C YOR151C,0.0,NA,0.0626964196562767,2849,6846,24195,1,0.7979699625269245,0.29386281588447655,0.9996491228070176,0.22054701845945685,0.7794529815405431
24196,Q0115 YHR133C,0.0,NA,0.06270589679479599,2849,6845,24196,1,0.7979994688855448,0.29389312977099236,0.9996491228070176,0.22051480300248058,0.7794851969975194
24197,YDR081C YAL068C,0.0,NA,0.06275100260972977,2849,6844,24197,1,0.7980289752441652,0.29392344991230784,0.9996491228070176,0.22048258754550434,0.7795174124544957
24198,YDR536W YFL054C,0.0,NA,0.06279681622982025,2849,6843,24198,1,0.7980584816027854,0.29395377631035907,0.9996491228070176,0.22045037208852808,0.779549627911472
24199,YDR098C YGL240W,0.0,NA,0.06285262852907181,2849,6842,24199,1,0.7980879879614057,0.2939841089670829,0.9996491228070176,0.22041815663155181,0.7795818433684482
24200,YER109C YPL082C,0.0,NA,0.06286251544952393,2849,6841,24200,1,0.798117494320026,0.29401444788441694,0.9996491228070176,0.22038594117457555,0.7796140588254244
24201,snR39 YHR153C,0.0,NA,0.06288909167051315,2849,6840,24201,1,0.7981470006786463,0.2940447930642997,0.9996491228070176,0.2203537257175993,0.7796462742824007
24202,YHR015W YJL035C,0.0,NA,0.06289505213499069,2849,6839,24202,1,0.7981765070372665,0.2940751445086705,0.9996491228070176,0.22032151026062305,0.7796784897393769
24203,YDL245C YDR285W,0.0,NA,0.06294838339090347,2849,6838,24203,1,0.7982060133958868,0.2941055022194694,0.9996491228070176,0.22028929480364678,0.7797107051963532
24204,YJL174W YDL074C,0.0,NA,0.06298524141311646,2849,6837,24204,1,0.7982355197545071,0.2941358661986372,0.9996491228070176,0.22025707934667052,0.7797429206533295
24205,YDR353W YDR210W-A,0.0,NA,0.06298889964818954,2849,6836,24205,1,0.7982650261131273,0.2941662364481156,0.9996491228070176,0.22022486388969428,0.7797751361103057
24206,YMR238W YKL045W,0.0,NA,0.06304141134023666,2849,6835,24206,1,0.7982945324717476,0.29419661296984717,0.9996491228070176,0.22019264843271802,0.779807351567282
24207,YPR108W YHR118C,0.0,NA,0.06306011229753494,2849,6834,24207,1,0.798324038830368,0.29422699576577505,0.9996491228070176,0.22016043297574175,0.7798395670242583
24208,YBR097W YDL175C,0.0,NA,0.06308215111494064,2849,6833,24208,1,0.7983535451889883,0.2942573848378434,0.9996491228070176,0.2201282175187655,0.7798717824812345
24209,YHR211W YDR246W,0.0,NA,0.06313613802194595,2849,6832,24209,1,0.7983830515476085,0.2942877801879971,0.9996491228070176,0.22009600206178925,0.7799039979382107
24210,YDL188C tQ(UUG)D3,0.0,NA,0.06317578256130219,2849,6831,24210,1,0.7984125579062288,0.2943181818181818,0.9996491228070176,0.220063786604813,0.779936213395187
24211,tQ(CUG)M YLR009W,0.0,NA,0.06319615989923477,2849,6830,24211,1,0.7984420642648491,0.29434858973034406,0.9996491228070176,0.22003157114783672,0.7799684288521632
24212,YMR045C YGL244W,0.0,NA,0.06320293247699738,2849,6829,24212,1,0.7984715706234694,0.29437900392643107,0.9996491228070176,0.2199993556908605,0.7800006443091395
24213,YOR084W tA(AGC)K1,0.0,NA,0.06321956217288971,2849,6828,24213,1,0.7985010769820896,0.294409424408391,0.9996491228070176,0.21996714023388422,0.7800328597661158
24214,YPL208W YMR042W,0.0,NA,0.06331788003444672,2849,6827,24214,1,0.7985305833407099,0.2944398511781728,0.9996491228070176,0.21993492477690796,0.780065075223092
24215,YLL035W YJL030W,0.0,NA,0.06332625448703766,2849,6826,24215,1,0.7985600896993302,0.2944702842377261,0.9996491228070176,0.2199027093199317,0.7800972906800683
24216,YCL059C YLR227W-A,0.0,NA,0.06337607651948929,2849,6825,24216,1,0.7985895960579504,0.2945007235890014,0.9996491228070176,0.21987049386295546,0.7801295061370446
24217,YDR007W YOR361C,0.0,NA,0.06337741017341614,2849,6824,24217,1,0.7986191024165707,0.2945311692339502,0.9996491228070176,0.2198382784059792,0.7801617215940209
24218,YJL073W YLR082C,0.0,NA,0.06340795755386353,2849,6823,24218,1,0.7986486087751911,0.2945616211745244,0.9996491228070176,0.21980606294900293,0.780193937050997
24219,YKL164C YNR033W,0.0,NA,0.06343812495470047,2849,6822,24219,1,0.7986781151338114,0.29459207941267707,0.9996491228070176,0.21977384749202666,0.7802261525079733
24220,YHR020W YPL211W,0.0,NA,0.06344664841890335,2849,6821,24220,1,0.7987076214924316,0.29462254395036197,0.9996491228070176,0.21974163203505043,0.7802583679649496
24221,Q0120 YER056C,0.0,NA,0.06356383115053177,2849,6820,24221,1,0.7987371278510519,0.29465301478953354,0.9996491228070176,0.21970941657807416,0.7802905834219258
24222,YKL080W YBR284W,0.0,NA,0.06359170377254486,2849,6819,24222,1,0.7987666342096722,0.29468349193214727,0.9996491228070176,0.2196772011210979,0.7803227988789021
24223,YBR086C tA(AGC)J,0.0,NA,0.06361300498247147,2849,6818,24223,1,0.7987961405682925,0.2947139753801593,0.9996491228070176,0.21964498566412163,0.7803550143358784
24224,YPR073C YOL109W,0.0,NA,0.06362579017877579,2849,6817,24224,1,0.7988256469269127,0.2947444651355266,0.9996491228070176,0.2196127702071454,0.7803872297928546
24225,YMR047C YLR285W,0.0,NA,0.06362933665513992,2849,6816,24225,1,0.798855153285533,0.2947749612002069,0.9996491228070176,0.21958055475016913,0.7804194452498309
24226,YLR185W YIL144W,0.0,NA,0.06364445388317108,2849,6815,24226,1,0.7988846596441533,0.29480546357615894,0.9996491228070176,0.21954833929319287,0.7804516607068072
24227,YMR121C tA(AGC)M2,0.0,NA,0.06364479660987854,2849,6814,24227,1,0.7989141660027737,0.29483597226534203,0.9996491228070176,0.2195161238362166,0.7804838761637833
24228,YDR451C YBR223C,0.0,NA,0.06366036832332611,2849,6813,24228,1,0.7989436723613939,0.2948664872697164,0.9996491228070176,0.21948390837924037,0.7805160916207596
24229,YPR065W YDR316W-A,0.0,NA,0.06372210383415222,2849,6812,24229,1,0.7989731787200142,0.2948970085912431,0.9996491228070176,0.2194516929222641,0.7805483070777359
24230,YBR058C YCR086W,0.0,NA,0.0637369304895401,2849,6811,24230,1,0.7990026850786345,0.29492753623188406,0.9996491228070176,0.21941947746528784,0.7805805225347121
24231,YJR074W tG(GCC)D2,0.0,NA,0.06377734988927841,2849,6810,24231,1,0.7990321914372547,0.2949580701936018,0.9996491228070176,0.2193872620083116,0.7806127379916884
24232,YOR065W YBL037W,0.0,NA,0.06377760320901871,2849,6809,24232,1,0.799061697795875,0.2949886104783599,0.9996491228070176,0.21935504655133534,0.7806449534486647
24233,YLR201C YLR130C,0.0,NA,0.06378745287656784,2849,6808,24233,1,0.7990912041544953,0.2950191570881226,0.9996491228070176,0.21932283109435907,0.7806771689056409
24234,YFR014C YMR050C,0.0,NA,0.06379280984401703,2849,6807,24234,1,0.7991207105131156,0.295049710024855,0.9996491228070176,0.2192906156373828,0.7807093843626172
24235,YLR383W YJR078W,0.0,NA,0.06388942152261734,2849,6806,24235,1,0.7991502168717358,0.29508026929052306,0.9996491228070176,0.21925840018040657,0.7807415998195935
24236,YPL231W YOL163W,0.0,NA,0.06392598897218704,2849,6805,24236,1,0.7991797232303561,0.29511083488709344,0.9996491228070176,0.2192261847234303,0.7807738152765697
24237,YMR091C YEL017C-A,0.0,NA,0.06396304070949554,2849,6804,24237,1,0.7992092295889764,0.2951414068165337,0.9996491228070176,0.21919396926645404,0.7808060307335459
24238,YGL127C tH(GUG)K,0.0,NA,0.06397157162427902,2849,6803,24238,1,0.7992387359475968,0.29517198508081227,0.9996491228070176,0.21916175380947778,0.7808382461905222
24239,YDR123C YNR046W,0.0,NA,0.06400053203105927,2849,6802,24239,1,0.799268242306217,0.29520256968189823,0.9996491228070176,0.21912953835250154,0.7808704616474985
24240,YJL178C YHR138C,0.0,NA,0.06401587277650833,2849,6801,24240,1,0.7992977486648373,0.29523316062176164,0.9996491228070176,0.21909732289552528,0.7809026771044747
24241,YDL049C YLR383W,0.0,NA,0.06404256075620651,2849,6800,24241,1,0.7993272550234576,0.2952637579023733,0.9996491228070176,0.219065107438549,0.780934892561451
24242,YDL194W YKL067W,0.0,NA,0.06406506150960922,2849,6799,24242,1,0.7993567613820778,0.2952943615257048,0.9996491228070176,0.21903289198157275,0.7809671080184273
24243,YOR192C-A YER168C,0.0,NA,0.06406988948583603,2849,6798,24243,1,0.7993862677406981,0.2953249714937286,0.9996491228070176,0.2190006765245965,0.7809993234754035
24244,YOR301W YMR236W,0.0,NA,0.06408828496932983,2849,6797,24244,1,0.7994157740993184,0.295355587808418,0.9996491228070176,0.21896846106762025,0.7810315389323798
24245,YGR056W tS(UGA)P,0.0,NA,0.06413391977548599,2849,6796,24245,1,0.7994452804579387,0.295386210471747,0.9996491228070176,0.21893624561064398,0.781063754389356
24246,YBR167C YOR138C,0.0,NA,0.06416082382202148,2849,6795,24246,1,0.7994747868165589,0.2954168394856906,0.9996491228070176,0.21890403015366772,0.7810959698463322
24247,YKL020C YML077W,0.0,NA,0.064168781042099,2849,6794,24247,1,0.7995042931751792,0.2954474748522244,0.9996491228070176,0.21887181469669148,0.7811281853033085
24248,YGL169W YHR133C,0.0,NA,0.06422971934080124,2849,6793,24248,1,0.7995337995337995,0.295478116573325,0.9996491228070176,0.21883959923971522,0.7811604007602848
24249,snR33 YLR240W,0.0,NA,0.06436052918434143,2849,6792,24249,1,0.7995633058924199,0.2955087646509698,0.9996491228070176,0.21880738378273895,0.781192616217261
24250,YBL063W YNL231C,0.0,NA,0.06436081230640411,2849,6791,24250,1,0.7995928122510401,0.29553941908713693,0.9996491228070176,0.21877516832576271,0.7812248316742373
24251,YBR109C YPL167C,0.0,NA,0.0644025206565857,2849,6790,24251,1,0.7996223186096604,0.29557007988380535,0.9996491228070176,0.21874295286878645,0.7812570471312136
24252,YCR086W YJL029C,0.0,NA,0.06441197544336319,2849,6789,24252,1,0.7996518249682807,0.29560074704295497,0.9996491228070176,0.21871073741181019,0.7812892625881898
24253,YNL225C YLR135W,0.0,NA,0.06443057209253311,2849,6788,24253,1,0.799681331326901,0.2956314205665664,0.9996491228070176,0.21867852195483392,0.781321478045166
24254,YOL086C YIL150C,0.0,NA,0.06444528698921204,2849,6787,24254,1,0.7997108376855212,0.295662100456621,0.9996491228070176,0.21864630649785768,0.7813536935021423
24255,YHL009C YMR137C,0.0,NA,0.06446509808301926,2849,6786,24255,1,0.7997403440441415,0.2956927867151012,0.9996491228070176,0.21861409104088142,0.7813859089591186
24256,YOR178C YPR052C,0.0,NA,0.06450735777616501,2849,6785,24256,1,0.7997698504027618,0.29572347934399,0.9996491228070176,0.21858187558390516,0.7814181244160948
24257,YIR022W YML063W,0.0,NA,0.06451426446437836,2849,6784,24257,1,0.799799356761382,0.29575417834527146,0.9996491228070176,0.2185496601269289,0.7814503398730711
24258,snR65 YPR188C,0.0,NA,0.06452223658561707,2849,6783,24258,1,0.7998288631200023,0.29578488372093026,0.9996491228070176,0.21851744466995265,0.7814825553300474
24259,YHR110W YDR238C,0.0,NA,0.0645398497581482,2849,6782,24259,1,0.7998583694786227,0.29581559547295194,0.9996491228070176,0.2184852292129764,0.7815147707870236
24260,YPL130W YDR305C,0.0,NA,0.06455237418413162,2849,6781,24260,1,0.799887875837243,0.295846313603323,0.9996491228070176,0.21845301375600013,0.7815469862439999
24261,YOR159C YER073W,0.0,NA,0.06464771926403046,2849,6780,24261,1,0.7999173821958632,0.29587703811403054,0.9996491228070176,0.21842079829902386,0.7815792017009762
24262,YBR236C snR39B,0.0,NA,0.06466802209615707,2849,6779,24262,1,0.7999468885544835,0.2959077690070627,0.9996491228070176,0.21838858284204762,0.7816114171579523
24263,YPR181C YBR263W,0.0,NA,0.0646764487028122,2849,6778,24263,1,0.7999763949131038,0.29593850628440843,0.9996491228070176,0.21835636738507136,0.7816436326149286
24264,YKL203C YOR142W-A,0.0,NA,0.06468275934457779,2849,6777,24264,1,0.8000059012717241,0.29596924994805734,0.9996491228070176,0.2183241519280951,0.7816758480719049
24265,YKL080W YNL247W,0.0,NA,0.06469462066888809,2849,6776,24265,1,0.8000354076303443,0.296,0.9996491228070176,0.21829193647111883,0.7817080635288811
24266,YNR038W tR(UCU)M2,0.0,NA,0.0646992102265358,2849,6775,24266,1,0.8000649139889646,0.29603075644222776,0.9996491228070176,0.2182597210141426,0.7817402789858574
24267,YKL074C YBL018C,0.0,NA,0.0647064819931984,2849,6774,24267,1,0.8000944203475849,0.29606151927673285,0.9996491228070176,0.21822750555716633,0.7817724944428337
24268,tE(UUC)M YIL149C,0.0,NA,0.06475786864757538,2849,6773,24268,1,0.8001239267062051,0.2960922885055082,0.9996491228070176,0.21819529010019006,0.7818047098998099
24269,YER138C YHL022C,0.0,NA,0.06478092074394226,2849,6772,24269,1,0.8001534330648254,0.2961230641305478,0.9996491228070176,0.2181630746432138,0.7818369253567862
24270,YNL297C YGR170W,0.0,NA,0.06478554010391235,2849,6771,24270,1,0.8001829394234458,0.29615384615384616,0.9996491228070176,0.21813085918623756,0.7818691408137625
24271,tR(UCU)J1 YER162C,0.0,NA,0.06478605419397354,2849,6770,24271,1,0.8002124457820661,0.2961846345773989,0.9996491228070176,0.2180986437292613,0.7819013562707386
24272,YIL094C YOR099W,0.0,NA,0.06478952616453171,2849,6769,24272,1,0.8002419521406863,0.29621542940320233,0.9996491228070176,0.21806642827228503,0.7819335717277149
24273,YNL192W YHR019C,0.0,NA,0.06479929387569427,2849,6768,24273,1,0.8002714584993066,0.2962462306332536,0.9996491228070176,0.2180342128153088,0.7819657871846912
24274,YBR264C YGR234W,0.0,NA,0.0648512989282608,2849,6767,24274,1,0.8003009648579269,0.29627703826955076,0.9996491228070176,0.21800199735833253,0.7819980026416675
24275,YHL001W YHR165C,0.0,NA,0.06493993103504181,2849,6766,24275,1,0.8003304712165472,0.29630785231409257,0.9996491228070176,0.21796978190135627,0.7820302180986437
24276,YDR210C-C YJL101C,0.0,NA,0.06494708359241486,2849,6765,24276,1,0.8003599775751674,0.2963386727688787,0.9996491228070176,0.21793756644438,0.78206243355562
24277,YHR143W-A YHR181W,0.0,NA,0.06500081717967987,2849,6764,24277,1,0.8003894839337877,0.2963694996359097,0.9996491228070176,0.21790535098740377,0.7820946490125963
24278,YPL237W YJR153W,0.0,NA,0.06503313779830933,2849,6763,24278,1,0.800418990292408,0.29640033291718687,0.9996491228070176,0.2178731355304275,0.7821268644695725
24279,YNL322C YPL127C,0.0,NA,0.06503571569919586,2849,6762,24279,1,0.8004484966510284,0.2964311726147123,0.9996491228070176,0.21784092007345124,0.7821590799265488
24280,YDR156W YER074W-A,0.0,NA,0.06503914296627045,2849,6761,24280,1,0.8004780030096486,0.29646201873048905,0.9996491228070176,0.21780870461647497,0.782191295383525
24281,YKR085C YBR091C,0.0,NA,0.06511509418487549,2849,6760,24281,1,0.8005075093682689,0.29649287126652096,0.9996491228070176,0.21777648915949874,0.7822235108405012
24282,YNL047C YNL262W,0.0,NA,0.06513195484876633,2849,6759,24282,1,0.8005370157268892,0.29652373022481265,0.9996491228070176,0.21774427370252247,0.7822557262974775
24283,YGR179C YPL094C,0.0,NA,0.06515934318304062,2849,6758,24283,1,0.8005665220855094,0.29655459560736963,0.9996491228070176,0.2177120582455462,0.7822879417544538
24284,YDL095W YDR334W,0.0,NA,0.06520339101552963,2849,6757,24284,1,0.8005960284441297,0.29658546741619823,0.9996491228070176,0.21767984278856994,0.78232015721143
24285,YML088W YBR082C,0.0,NA,0.06520882993936539,2849,6756,24285,1,0.80062553480275,0.2966163456533056,0.9996491228070176,0.2176476273315937,0.7823523726684063
24286,YCL018W YOR304W,0.0,NA,0.0652199313044548,2849,6755,24286,1,0.8006550411613703,0.29664723032069973,0.9996491228070176,0.21761541187461744,0.7823845881253826
24287,YCL069W YKL174C,0.0,NA,0.06523961573839188,2849,6754,24287,1,0.8006845475199905,0.29667812142038946,0.9996491228070176,0.21758319641764118,0.7824168035823588
24288,tA(AGC)M1 YOR095C,0.0,NA,0.06531040370464325,2849,6753,24288,1,0.8007140538786108,0.2967090189543845,0.9996491228070176,0.2175509809606649,0.7824490190393351
24289,YMR314W YDR158W,0.0,NA,0.06534330546855927,2849,6752,24289,1,0.8007435602372311,0.29673992292469537,0.9996491228070176,0.21751876550368868,0.7824812344963114
24290,YPR137C-A YGR123C,0.0,NA,0.06534545868635178,2849,6751,24290,1,0.8007730665958515,0.2967708333333333,0.9996491228070176,0.2174865500467124,0.7825134499532875
24291,snR17a YLR060W,0.0,NA,0.06534962356090546,2849,6750,24291,1,0.8008025729544717,0.29680175018231064,0.9996491228070176,0.21745433458973615,0.7825456654102638
24292,YDR368W YBR200W,0.0,NA,0.06535780429840088,2849,6749,24292,1,0.800832079313092,0.29683267347364034,0.9996491228070176,0.2174221191327599,0.7825778808672401
24293,YDR047W YJR141W,0.0,NA,0.06536249816417694,2849,6748,24293,1,0.8008615856717123,0.29686360320933625,0.9996491228070176,0.21738990367578365,0.7826100963242164
24294,tD(GUC)J1 YMR162C,0.0,NA,0.06544961780309677,2849,6747,24294,1,0.8008910920303325,0.2968945393914131,0.9996491228070176,0.21735768821880738,0.7826423117811926
24295,YJL068C YDL020C,0.0,NA,0.0655522421002388,2849,6746,24295,1,0.8009205983889528,0.2969254820218864,0.9996491228070176,0.21732547276183112,0.7826745272381689
24296,YKL046C YCL020W,0.0,NA,0.06558402627706528,2849,6745,24296,1,0.8009501047475731,0.2969564311027726,0.9996491228070176,0.21729325730485488,0.7827067426951452
24297,YGL163C YJR147W,0.0,NA,0.06561504304409027,2849,6744,24297,1,0.8009796111061934,0.2969873866360888,0.9996491228070176,0.21726104184787862,0.7827389581521214
24298,YDR232W YLR405W,0.0,NA,0.06562922149896622,2849,6743,24298,1,0.8010091174648136,0.29701834862385323,0.9996491228070176,0.21722882639090235,0.7827711736090976
24299,YJR148W YJL184W,0.0,NA,0.06563056260347366,2849,6742,24299,1,0.8010386238234339,0.2970493170680847,0.9996491228070176,0.2171966109339261,0.7828033890660739
24300,YNL223W YDR163W,0.0,NA,0.06567680835723877,2849,6741,24300,1,0.8010681301820542,0.29708029197080293,0.9996491228070176,0.21716439547694985,0.7828356045230501
24301,snR11 YGR161C,0.0,NA,0.06572379171848297,2849,6740,24301,1,0.8010976365406746,0.2971112733340286,0.9996491228070176,0.2171321800199736,0.7828678199800264
24302,tQ(UUG)E1 tT(CGU)K,0.0,NA,0.06573693454265594,2849,6739,24302,1,0.8011271428992948,0.29714226115978304,0.9996491228070176,0.21709996456299732,0.7829000354370027
24303,YDR016C snR52,0.0,NA,0.06575272232294083,2849,6738,24303,1,0.8011566492579151,0.29717325545008866,0.9996491228070176,0.21706774910602106,0.7829322508939789
24304,YGR040W YOR143C,0.0,NA,0.06578588485717773,2849,6737,24304,1,0.8011861556165354,0.2972042562069685,0.9996491228070176,0.21703553364904482,0.7829644663509552
24305,YPR060C snR3,0.0,NA,0.06581927835941315,2849,6736,24305,1,0.8012156619751556,0.29723526343244655,0.9996491228070176,0.21700331819206856,0.7829966818079315
24306,YPL018W YBR040W,0.0,NA,0.06582909822463989,2849,6735,24306,1,0.8012451683337759,0.2972662771285476,0.9996491228070176,0.2169711027350923,0.7830288972649077
24307,snR44 YCR072C,0.0,NA,0.06591274589300156,2849,6734,24307,1,0.8012746746923962,0.2972972972972973,0.9996491228070176,0.21693888727811603,0.783061112721884
24308,YNL129W YFR025C,0.0,NA,0.06595518440008163,2849,6733,24308,1,0.8013041810510165,0.2973283239407222,0.9996491228070176,0.2169066718211398,0.7830933281788602
24309,YLR234W YLR148W,0.0,NA,0.06596297025680542,2849,6732,24309,1,0.8013336874096367,0.2973593570608496,0.9996491228070176,0.21687445636416353,0.7831255436358365
24310,YBR101C YDR178W,0.0,NA,0.06598909199237823,2849,6731,24310,1,0.801363193768257,0.29739039665970773,0.9996491228070176,0.21684224090718726,0.7831577590928127
24311,YIL119C YGL161C,0.0,NA,0.06599347293376923,2849,6730,24311,1,0.8013927001268774,0.2974214427393256,0.9996491228070176,0.21681002545021102,0.783189974549789
24312,YMR301C snR34,0.0,NA,0.06599441170692444,2849,6729,24312,1,0.8014222064854977,0.2974524953017331,0.9996491228070176,0.21677780999323476,0.7832221900067653
24313,YCR040W YER137C-A,0.0,NA,0.06601446121931076,2849,6728,24313,1,0.8014517128441179,0.29748355434896107,0.9996491228070176,0.2167455945362585,0.7832544054637415
24314,YKL007W YFL001W,0.0,NA,0.06604166328907013,2849,6727,24314,1,0.8014812192027382,0.29751461988304095,0.9996491228070176,0.21671337907928223,0.7832866209207178
24315,YDR141C snR34,0.0,NA,0.0661090761423111,2849,6726,24315,1,0.8015107255613585,0.2975456919060052,0.9996491228070176,0.216681163622306,0.7833188363776941
24316,YIL112W YOR339C,0.0,NA,0.06614281982183456,2849,6725,24316,1,0.8015402319199788,0.29757677041988717,0.9996491228070176,0.21664894816532973,0.7833510518346702
24317,YGL115W YKL006W,0.0,NA,0.06615684181451797,2849,6724,24317,1,0.801569738278599,0.29760785542672097,0.9996491228070176,0.21661673270835347,0.7833832672916465
24318,YKL213C tR(UCU)M2,0.0,NA,0.0661829486489296,2849,6723,24318,1,0.8015992446372193,0.2976389469285416,0.9996491228070176,0.2165845172513772,0.7834154827486228
24319,YPR093C YJR004C,0.0,NA,0.06620879471302032,2849,6722,24319,1,0.8016287509958396,0.2976700449273848,0.9996491228070176,0.21655230179440096,0.783447698205599
24320,YKR085C YNL066W,0.0,NA,0.06621132791042328,2849,6721,24320,1,0.8016582573544598,0.29770114942528736,0.9996491228070176,0.2165200863374247,0.7834799136625753
24321,YIL126W YGR040W,0.0,NA,0.06624294072389603,2849,6720,24321,1,0.8016877637130801,0.29773226042428674,0.9996491228070176,0.21648787088044844,0.7835121291195516
24322,YPL144W snR77,0.0,NA,0.06627217680215836,2849,6719,24322,1,0.8017172700717005,0.2977633779264214,0.9996491228070176,0.21645565542347217,0.7835443445765278
24323,YOR160W ALD1,0.0,NA,0.06628808379173279,2849,6718,24323,1,0.8017467764303208,0.2977945019337305,0.9996491228070176,0.21642343996649593,0.7835765600335041
24324,YEL057C YGL084C,0.0,NA,0.0663202553987503,2849,6717,24324,1,0.801776282788941,0.2978256324482542,0.9996491228070176,0.21639122450951967,0.7836087754904804
24325,YLR205C YDR131C,0.0,NA,0.06633443385362625,2849,6716,24325,1,0.8018057891475613,0.29785676947203343,0.9996491228070176,0.2163590090525434,0.7836409909474565
24326,YOR191W YNL225C,0.0,NA,0.06640735268592834,2849,6715,24326,1,0.8018352955061816,0.29788791300711,0.9996491228070176,0.21632679359556714,0.7836732064044328
24327,YNL054W-B YLR432W,0.0,NA,0.06641891598701477,2849,6714,24327,1,0.8018648018648019,0.2979190630555265,0.9996491228070176,0.2162945781385909,0.7837054218614091
24328,YPR078C YHL027W,0.0,NA,0.06643769890069962,2849,6713,24328,1,0.8018943082234221,0.2979502196193265,0.9996491228070176,0.21626236268161464,0.7837376373183854
24329,YBR041W YJR010C-A,0.0,NA,0.06648938357830048,2849,6712,24329,1,0.8019238145820424,0.29798138270055435,0.9996491228070176,0.21623014722463837,0.7837698527753616
24330,YOR191W YPL116W,0.0,NA,0.06649595499038696,2849,6711,24330,1,0.8019533209406627,0.29801255230125523,0.9996491228070176,0.21619793176766214,0.7838020682323379
24331,YFL057C snR46,0.0,NA,0.06650616973638535,2849,6710,24331,1,0.8019828272992829,0.29804372842347526,0.9996491228070176,0.21616571631068587,0.7838342836893142
24332,YLR438C-A tT(CGU)K,0.0,NA,0.06651948392391205,2849,6709,24332,1,0.8020123336579033,0.2980749110692614,0.9996491228070176,0.2161335008537096,0.7838664991462904
24333,YBL035C YIL035C,0.0,NA,0.06653014570474625,2849,6708,24333,1,0.8020418400165236,0.2981061002406613,0.9996491228070176,0.21610128539673334,0.7838987146032667
24334,YNL246W YBR216C,0.0,NA,0.06653831899166107,2849,6707,24334,1,0.8020713463751439,0.2981372959397237,0.9996491228070176,0.2160690699397571,0.783930930060243
24335,YGR091W YIL080W,0.0,NA,0.06666477769613266,2849,6706,24335,1,0.8021008527337641,0.29816849816849816,0.9996491228070176,0.21603685448278084,0.7839631455172191
24336,YCR009C YLR432W,0.0,NA,0.06677182018756866,2849,6705,24336,1,0.8021303590923844,0.29819970692903497,0.9996491228070176,0.21600463902580458,0.7839953609741954
24337,MPR1 YLR121C,0.0,NA,0.06680908799171448,2849,6704,24337,1,0.8021598654510047,0.2982309222233853,0.9996491228070176,0.21597242356882831,0.7840275764311717
24338,tS(UGA)P YDL076C,0.0,NA,0.06687773019075394,2849,6703,24338,1,0.802189371809625,0.29826214405360135,0.9996491228070176,0.21594020811185208,0.7840597918881479
24339,YEL064C YBR129C,0.0,NA,0.06694534420967102,2849,6702,24339,1,0.8022188781682452,0.2982933724217359,0.9996491228070176,0.2159079926548758,0.7840920073451242
24340,YJR140C YDR380W,0.0,NA,0.06695180386304855,2849,6701,24340,1,0.8022483845268655,0.29832460732984295,0.9996491228070176,0.21587577719789955,0.7841242228021005
24341,YIL040W YKL085W,0.0,NA,0.06695511192083359,2849,6700,24341,1,0.8022778908854858,0.29835584877997695,0.9996491228070176,0.21584356174092328,0.7841564382590767
24342,YDL147W YIL009C-A,0.0,NA,0.06697447597980499,2849,6699,24342,1,0.8023073972441062,0.29838709677419356,0.9996491228070176,0.21581134628394705,0.784188653716053
24343,YPR065W YCL043C,0.0,NA,0.06699402630329132,2849,6698,24343,1,0.8023369036027264,0.2984183513145491,0.9996491228070176,0.21577913082697078,0.7842208691730292
24344,YPL224C YPL091W,0.0,NA,0.06699581444263458,2849,6697,24344,1,0.8023664099613467,0.29844961240310075,0.9996491228070176,0.21574691536999452,0.7842530846300054
24345,YKR038C YHR133C,0.0,NA,0.06705255806446075,2849,6696,24345,1,0.802395916319967,0.29848088004190676,0.9996491228070176,0.21571469991301825,0.7842853000869817
24346,YNL286W YDR316W-B,0.0,NA,0.06705264747142792,2849,6695,24346,1,0.8024254226785872,0.29851215423302596,0.9996491228070176,0.21568248445604202,0.784317515543958
24347,YJL019W snR14,0.0,NA,0.06706216186285019,2849,6694,24347,1,0.8024549290372075,0.29854343497851826,0.9996491228070176,0.21565026899906575,0.7843497310009343
24348,tH(GUG)K YDL205C,0.0,NA,0.06706488132476807,2849,6693,24348,1,0.8024844353958278,0.29857472228044435,0.9996491228070176,0.2156180535420895,0.7843819464579105
24349,YOR239W snR77,0.0,NA,0.06712926179170609,2849,6692,24349,1,0.8025139417544481,0.29860601614086574,0.9996491228070176,0.21558583808511322,0.7844141619148868
24350,YJR084W YPL275W,0.0,NA,0.06720499694347382,2849,6691,24350,1,0.8025434481130683,0.2986373165618449,0.9996491228070176,0.215553622628137,0.7844463773718631
24351,YOL017W snR51,0.0,NA,0.06725078076124191,2849,6690,24351,1,0.8025729544716886,0.298668623545445,0.9996491228070176,0.21552140717116072,0.7844785928288392
24352,YPL274W YPL093W,0.0,NA,0.06725194305181503,2849,6689,24352,1,0.802602460830309,0.2986999370937303,0.9996491228070176,0.21548919171418446,0.7845108082858155
24353,YJR137C YDR098C-A,0.0,NA,0.0672803670167923,2849,6688,24353,1,0.8026319671889293,0.29873125720876587,0.9996491228070176,0.21545697625720822,0.7845430237427918
24354,YKL104C YCL038C,0.0,NA,0.067287877202034,2849,6687,24354,1,0.8026614735475495,0.29876258389261745,0.9996491228070176,0.21542476080023196,0.784575239199768
24355,YGR009C YER122C,0.0,NA,0.0672978088259697,2849,6686,24355,1,0.8026909799061698,0.2987939171473519,0.9996491228070176,0.2153925453432557,0.7846074546567443
24356,YDR425W YML046W,0.0,NA,0.06731946021318436,2849,6685,24356,1,0.8027204862647901,0.2988252569750367,0.9996491228070176,0.21536032988627943,0.7846396701137206
24357,YOR245C YOR008C-A,0.0,NA,0.06733796000480652,2849,6684,24357,1,0.8027499926234103,0.2988566033777405,0.9996491228070176,0.2153281144293032,0.7846718855706968
24358,YLR455W YER178W,0.0,NA,0.06734359264373779,2849,6683,24358,1,0.8027794989820306,0.2988879563575325,0.9996491228070176,0.21529589897232693,0.7847041010276731
24359,YJL114W YDR301W,0.0,NA,0.06737108528614044,2849,6682,24359,1,0.8028090053406509,0.2989193159164831,0.9996491228070176,0.21526368351535066,0.7847363164846494
24360,YAL012W YIL083C,0.0,NA,0.06748193502426147,2849,6681,24360,1,0.8028385116992712,0.29895068205666314,0.9996491228070176,0.2152314680583744,0.7847685319416255
24361,YLR119W YOR075W,0.0,NA,0.06748320162296295,2849,6680,24361,1,0.8028680180578914,0.29898205478014483,0.9996491228070176,0.21519925260139816,0.7848007473986018
24362,YKR028W YMR047C,0.0,NA,0.06749498844146729,2849,6679,24362,1,0.8028975244165117,0.29901343408900083,0.9996491228070176,0.2151670371444219,0.7848329628555781
24363,YKR099W YDL103C,0.0,NA,0.06750711798667908,2849,6678,24363,1,0.8029270307751321,0.2990448199853049,0.9996491228070176,0.21513482168744563,0.7848651783125543
24364,YGR254W YPR158W-A,0.0,NA,0.0675087720155716,2849,6677,24364,1,0.8029565371337524,0.29907621247113164,0.9996491228070176,0.21510260623046937,0.7848973937695306
24365,YBR199W tQ(CUG)M,0.0,NA,0.06753455847501755,2849,6676,24365,1,0.8029860434923726,0.2991076115485564,0.9996491228070176,0.21507039077349313,0.7849296092265069
24366,YGL133W YAR010C,0.0,NA,0.0675857737660408,2849,6675,24366,1,0.8030155498509929,0.29913901721965563,0.9996491228070176,0.21503817531651687,0.7849618246834832
24367,MPR1 YDR407C,0.0,NA,0.06758634746074677,2849,6674,24367,1,0.8030450562096132,0.29917042948650635,0.9996491228070176,0.2150059598595406,0.7849940401404594
24368,YPR112C YFR040W,0.0,NA,0.06760106980800629,2849,6673,24368,1,0.8030745625682335,0.29920184835118674,0.9996491228070176,0.21497374440256434,0.7850262555974357
24369,YJL085W YHR181W,0.0,NA,0.06761781126260757,2849,6672,24369,1,0.8031040689268537,0.29923327381577564,0.9996491228070176,0.2149415289455881,0.785058471054412
24370,YPL241C YGL142C,0.0,NA,0.06763023138046265,2849,6671,24370,1,0.803133575285474,0.29926470588235293,0.9996491228070176,0.21490931348861184,0.7850906865113881
24371,YDL143W YOL063C,0.0,NA,0.06765786558389664,2849,6670,24371,1,0.8031630816440943,0.29929614455299924,0.9996491228070176,0.21487709803163557,0.7851229019683644
24372,YMR146C YDR224C,0.0,NA,0.06767011433839798,2849,6669,24372,1,0.8031925880027145,0.2993275898297962,0.9996491228070176,0.21484488257465933,0.7851551174253407
24373,YKR002W YDR163W,0.0,NA,0.06772030889987946,2849,6668,24373,1,0.8032220943613348,0.2993590417148261,0.9996491228070176,0.21481266711768307,0.7851873328823169
24374,YML048W YDR050C,0.0,NA,0.0677618682384491,2849,6667,24374,1,0.8032516007199552,0.29939050021017233,0.9996491228070176,0.2147804516607068,0.7852195483392932
24375,YAR071W YPR118W,0.0,NA,0.06776659935712814,2849,6666,24375,1,0.8032811070785755,0.2994219653179191,0.9996491228070176,0.21474823620373054,0.7852517637962695
24376,YNR052C YPR161C,0.0,NA,0.06777656823396683,2849,6665,24376,1,0.8033106134371957,0.29945343704015137,0.9996491228070176,0.2147160207467543,0.7852839792532457
24377,YKR085C YJL063C,0.0,NA,0.06778069585561752,2849,6664,24377,1,0.803340119795816,0.2994849153789551,0.9996491228070176,0.21468380528977804,0.785316194710222
24378,YPR158C-C YEL062W,0.0,NA,0.06778380274772644,2849,6663,24378,1,0.8033696261544363,0.29951640033641713,0.9996491228070176,0.21465158983280178,0.7853484101671983
24379,YOR064C tT(CGU)K,0.0,NA,0.06781740486621857,2849,6662,24379,1,0.8033991325130566,0.29954789191462516,0.9996491228070176,0.2146193743758255,0.7853806256241744
24380,YFR014C YGR047C,0.0,NA,0.06781942397356033,2849,6661,24380,1,0.8034286388716768,0.2995793901156677,0.9996491228070176,0.21458715891884927,0.7854128410811507
24381,YCL033C YER096W,0.0,NA,0.06785508990287781,2849,6660,24381,1,0.8034581452302971,0.29961089494163423,0.9996491228070176,0.214554943461873,0.785445056538127
24382,YKR024C YHR026W,0.0,NA,0.06797447055578232,2849,6659,24382,1,0.8034876515889174,0.29964240639461504,0.9996491228070176,0.21452272800489675,0.7854772719951032
24383,YPL058C YMR058W,0.0,NA,0.0679883360862732,2849,6658,24383,1,0.8035171579475376,0.2996739244767014,0.9996491228070176,0.21449051254792048,0.7855094874520795
24384,tQ(UUG)E1 YER088C,0.0,NA,0.06800145655870438,2849,6657,24384,1,0.803546664306158,0.29970544918998526,0.9996491228070176,0.21445829709094424,0.7855417029090558
24385,YML078W YDR362C,0.0,NA,0.06803558021783829,2849,6656,24385,1,0.8035761706647783,0.2997369805365597,0.9996491228070176,0.21442608163396798,0.7855739183660321
24386,MPR1 YDR108W,0.0,NA,0.06804822385311127,2849,6655,24386,1,0.8036056770233986,0.29976851851851855,0.9996491228070176,0.21439386617699172,0.7856061338230083
24387,YPL095C YNL094W,0.0,NA,0.06806987524032593,2849,6654,24387,1,0.8036351833820188,0.29980006313795643,0.9996491228070176,0.21436165072001545,0.7856383492799845
24388,YJR041C YBR229C,0.0,NA,0.06812319904565811,2849,6653,24388,1,0.8036646897406391,0.29983161439696904,0.9996491228070176,0.21432943526303921,0.7856705647369608
24389,YOR165W YEL056W,0.0,NA,0.0681379958987236,2849,6652,24389,1,0.8036941960992594,0.29986317229765286,0.9996491228070176,0.21429721980606295,0.785702780193937
24390,YLR227W-B YPL065W,0.0,NA,0.06815213710069656,2849,6651,24390,1,0.8037237024578797,0.29989473684210527,0.9996491228070176,0.21426500434908669,0.7857349956509133
24391,YNL046W tA(UGC)A,0.0,NA,0.06815692037343979,2849,6650,24391,1,0.8037532088164999,0.2999263080324245,0.9996491228070176,0.21423278889211045,0.7857672111078896
24392,YGL104C YGL200C,0.0,NA,0.06815725564956665,2849,6649,24392,1,0.8037827151751202,0.29995788587070965,0.9996491228070176,0.21420057343513418,0.7857994265648658
24393,YML021C YGR247W,0.0,NA,0.068179190158844,2849,6648,24393,1,0.8038122215337405,0.29998947035906076,0.9996491228070176,0.21416835797815792,0.7858316420218421
24394,YIL009W tH(GUG)K,0.0,NA,0.06821118295192719,2849,6647,24394,1,0.8038417278923609,0.30002106149957875,0.9996491228070176,0.21413614252118165,0.7858638574788184
24395,Q0070 YMR079W,0.0,NA,0.0682225152850151,2849,6646,24395,1,0.8038712342509811,0.3000526592943655,0.9996491228070176,0.21410392706420542,0.7858960729357946
24396,YCR024C YPL176C,0.0,NA,0.0682259127497673,2849,6645,24396,1,0.8039007406096014,0.3000842637455235,0.9996491228070176,0.21407171160722915,0.7859282883927708
24397,YNL214W YJR091C,0.0,NA,0.06825453788042068,2849,6644,24397,1,0.8039302469682217,0.30011587485515645,0.9996491228070176,0.2140394961502529,0.7859605038497471
24398,tS(AGA)B YLR441C,0.0,NA,0.0682581439614296,2849,6643,24398,1,0.8039597533268419,0.3001474926253687,0.9996491228070176,0.21400728069327662,0.7859927193067233
24399,YDR225W YMR235C,0.0,NA,0.06826017051935196,2849,6642,24399,1,0.8039892596854622,0.3001791170582657,0.9996491228070176,0.2139750652363004,0.7860249347636996
24400,tE(CUC)D YHL039W,0.0,NA,0.06828917562961578,2849,6641,24400,1,0.8040187660440825,0.3002107481559536,0.9996491228070176,0.21394284977932412,0.7860571502206759
24401,YDR329C YMR223W,0.0,NA,0.06829851865768433,2849,6640,24401,1,0.8040482724027028,0.3002423859205396,0.9996491228070176,0.21391063432234786,0.7860893656776521
24402,snR62 YDR201W,0.0,NA,0.0683632418513298,2849,6639,24402,1,0.804077778761323,0.3002740303541315,0.9996491228070176,0.2138784188653716,0.7861215811346284
24403,YGL100W YER137C-A,0.0,NA,0.06838329136371613,2849,6638,24403,1,0.8041072851199433,0.3003056814588384,0.9996491228070176,0.21384620340839536,0.7861537965916047
24404,YNL268W YLR157C,0.0,NA,0.06840498000383377,2849,6637,24404,1,0.8041367914785637,0.30033733923677,0.9996491228070176,0.2138139879514191,0.786186012048581
24405,YDL140C YIL030C,0.0,NA,0.06841181218624115,2849,6636,24405,1,0.804166297837184,0.3003690036900369,0.9996491228070176,0.21378177249444283,0.7862182275055571
24406,YNR050C YJR031C,0.0,NA,0.06841913610696793,2849,6635,24406,1,0.8041958041958042,0.3004006748207507,0.9996491228070176,0.21374955703746656,0.7862504429625334
24407,YML016C YMR099C,0.0,NA,0.06842309236526489,2849,6634,24407,1,0.8042253105544245,0.3004323526310239,0.9996491228070176,0.21371734158049033,0.7862826584195097
24408,YPL188W YDR216W,0.0,NA,0.06852178275585175,2849,6633,24408,1,0.8042548169130448,0.3004640371229698,0.9996491228070176,0.21368512612351406,0.7863148738764859
24409,YBR080C YIL103W,0.0,NA,0.06854434311389923,2849,6632,24409,1,0.804284323271665,0.3004957282987027,0.9996491228070176,0.2136529106665378,0.7863470893334622
24410,YDR325W tR(UCU)D,0.0,NA,0.06855664402246475,2849,6631,24410,1,0.8043138296302853,0.30052742616033756,0.9996491228070176,0.21362069520956153,0.7863793047904385
24411,YPL220W YFL001W,0.0,NA,0.06864545494318008,2849,6630,24411,1,0.8043433359889056,0.3005591307099905,0.9996491228070176,0.2135884797525853,0.7864115202474147
24412,YCR036W YPR005C,0.0,NA,0.06866701692342758,2849,6629,24412,1,0.8043728423475259,0.3005908419497784,0.9996491228070176,0.21355626429560903,0.786443735704391
24413,YDL017W YDR477W,0.0,NA,0.06869138032197952,2849,6628,24413,1,0.8044023487061461,0.30062255988181913,0.9996491228070176,0.21352404883863277,0.7864759511613673
24414,YML082W YML088W,0.0,NA,0.06869427859783173,2849,6627,24414,1,0.8044318550647664,0.30065428450823134,0.9996491228070176,0.21349183338165653,0.7865081666183434
24415,YOR192C YKL175W,0.0,NA,0.0686962902545929,2849,6626,24415,1,0.8044613614233868,0.3006860158311346,0.9996491228070176,0.21345961792468027,0.7865403820753197
24416,snR6 YOR332W,0.0,NA,0.06870891898870468,2849,6625,24416,1,0.8044908677820071,0.30071775385264937,0.9996491228070176,0.213427402467704,0.786572597532296
24417,YOL112W YPL033C,0.0,NA,0.06871392577886581,2849,6624,24417,1,0.8045203741406273,0.3007494985748971,0.9996491228070176,0.21339518701072774,0.7866048129892722
24418,YPR133C YML040W,0.0,NA,0.06875452399253845,2849,6623,24418,1,0.8045498804992476,0.30078125,0.9996491228070176,0.2133629715537515,0.7866370284462485
24419,YBL009W YLR191W,0.0,NA,0.0687652975320816,2849,6622,24419,1,0.8045793868578679,0.3008130081300813,0.9996491228070176,0.21333075609677524,0.7866692439032248
24420,YLR233C YOR030W,0.0,NA,0.06877568364143372,2849,6621,24420,1,0.8046088932164882,0.30084477296726503,0.9996491228070176,0.21329854063979897,0.786701459360201
24421,tQ(UUG)B YKL139W,0.0,NA,0.06878884881734848,2849,6620,24421,1,0.8046383995751084,0.3008765445136762,0.9996491228070176,0.2132663251828227,0.7867336748171773
24422,YAL012W YPR158C-C,0.0,NA,0.06884776055812836,2849,6619,24422,1,0.8046679059337287,0.30090832277144064,0.9996491228070176,0.21323410972584647,0.7867658902741536
24423,snR7-L YCR106W,0.0,NA,0.06888897716999054,2849,6618,24423,1,0.804697412292349,0.3009401077426851,0.9996491228070176,0.2132018942688702,0.7867981057311298
24424,YGL144C YER026C,0.0,NA,0.06892845034599304,2849,6617,24424,1,0.8047269186509692,0.3009718994295373,0.9996491228070176,0.21316967881189394,0.786830321188106
24425,YOL081W YNL159C,0.0,NA,0.06896437704563141,2849,6616,24425,1,0.8047564250095895,0.3010036978341257,0.9996491228070176,0.21313746335491768,0.7868625366450823
24426,YDL093W YOL078W,0.0,NA,0.06898180395364761,2849,6615,24426,1,0.8047859313682099,0.3010355029585799,0.9996491228070176,0.21310524789794144,0.7868947521020586
24427,YML036W YFR041C,0.0,NA,0.0690855085849762,2849,6614,24427,1,0.8048154377268302,0.30106731480503013,0.9996491228070176,0.21307303244096518,0.7869269675590348
24428,YPL253C YDR486C,0.0,NA,0.06910394132137299,2849,6613,24428,1,0.8048449440854504,0.3010991333756077,0.9996491228070176,0.2130408169839889,0.7869591830160111
24429,YCR082W YMR021C,0.0,NA,0.06911863386631012,2849,6612,24429,1,0.8048744504440707,0.30113095867244477,0.9996491228070176,0.21300860152701265,0.7869913984729874
24430,YKR085C YIL065C,0.0,NA,0.06914990395307541,2849,6611,24430,1,0.804903956802691,0.30116279069767443,0.9996491228070176,0.2129763860700364,0.7870236139299636
24431,YNL197C YGR086C,0.0,NA,0.06916283071041107,2849,6610,24431,1,0.8049334631613113,0.3011946294534306,0.9996491228070176,0.21294417061306015,0.7870558293869399
24432,YLR003C snR39B,0.0,NA,0.06919171661138535,2849,6609,24432,1,0.8049629695199315,0.3012264749418482,0.9996491228070176,0.21291195515608388,0.7870880448439161
24433,YGR191W YLR082C,0.0,NA,0.069222591817379,2849,6608,24433,1,0.8049924758785518,0.3012583271650629,0.9996491228070176,0.21287973969910765,0.7871202603008923
24434,YOR269W YER074W-A,0.0,NA,0.0692279040813446,2849,6607,24434,1,0.8050219822371721,0.3012901861252115,0.9996491228070176,0.21284752424213138,0.7871524757578686
24435,YKR090W YIL080W,0.0,NA,0.06926650553941727,2849,6606,24435,1,0.8050514885957923,0.3013220518244315,0.9996491228070176,0.21281530878515512,0.7871846912148449
24436,YLR098C YGL172W,0.0,NA,0.06931829452514648,2849,6605,24436,1,0.8050809949544127,0.30135392426486146,0.9996491228070176,0.21278309332817885,0.7872169066718211
24437,YDL213C YJL113W,0.0,NA,0.06934115290641785,2849,6604,24437,1,0.805110501313033,0.30138580344864063,0.9996491228070176,0.21275087787120261,0.7872491221287974
24438,YIR005W YLR047C,0.0,NA,0.0693727359175682,2849,6603,24438,1,0.8051400076716533,0.3014176893779094,0.9996491228070176,0.21271866241422635,0.7872813375857737
24439,YKR087C YPL233W,0.0,NA,0.06943654268980026,2849,6602,24439,1,0.8051695140302735,0.30144958205480904,0.9996491228070176,0.21268644695725009,0.7873135530427499
24440,YFL054C YOR136W,0.0,NA,0.06946338713169098,2849,6601,24440,1,0.8051990203888938,0.30148148148148146,0.9996491228070176,0.21265423150027382,0.7873457684997262
24441,YPL020C YBL037W,0.0,NA,0.06950294226408005,2849,6600,24441,1,0.8052285267475141,0.30151338766006985,0.9996491228070176,0.21262201604329758,0.7873779839567024
24442,YPL149W YDR254W,0.0,NA,0.06952403485774994,2849,6599,24442,1,0.8052580331061344,0.30154530059271806,0.9996491228070176,0.21258980058632132,0.7874101994136787
24443,YGR120C YBR139W,0.0,NA,0.06953024119138718,2849,6598,24443,1,0.8052875394647546,0.30157722028157086,0.9996491228070176,0.21255758512934506,0.7874424148706549
24444,YMR050C YLR354C,0.0,NA,0.06954926997423172,2849,6597,24444,1,0.8053170458233749,0.3016091467287741,0.9996491228070176,0.2125253696723688,0.7874746303276312
24445,YGR065C YOR279C,0.0,NA,0.06955942511558533,2849,6596,24445,1,0.8053465521819952,0.3016410799364743,0.9996491228070176,0.21249315421539255,0.7875068457846075
24446,YER048W-A YDL047W,0.0,NA,0.06956563144922256,2849,6595,24446,1,0.8053760585406156,0.30167301990681916,0.9996491228070176,0.2124609387584163,0.7875390612415837
24447,YNL071W YOR254C,0.0,NA,0.06957516819238663,2849,6594,24447,1,0.8054055648992358,0.301704966641957,0.9996491228070176,0.21242872330144003,0.78757127669856
24448,YLR423C YBL018C,0.0,NA,0.06958884000778198,2849,6593,24448,1,0.8054350712578561,0.3017369201440373,0.9996491228070176,0.21239650784446376,0.7876034921555363
24449,YJL004C YKR003W,0.0,NA,0.06959023326635361,2849,6592,24449,1,0.8054645776164764,0.30176888041521027,0.9996491228070176,0.21236429238748752,0.7876357076125124
24450,YDR260C YKL025C,0.0,NA,0.06967929750680923,2849,6591,24450,1,0.8054940839750966,0.30180084745762714,0.9996491228070176,0.21233207693051126,0.7876679230694887
24451,YGL195W YNL136W,0.0,NA,0.06969759613275528,2849,6590,24451,1,0.8055235903337169,0.30183282127343997,0.9996491228070176,0.212299861473535,0.787700138526465
24452,YBR009C YOR254C,0.0,NA,0.069700688123703,2849,6589,24452,1,0.8055530966923372,0.30186480186480186,0.9996491228070176,0.21226764601655876,0.7877323539834412
24453,YHR086W YML064C,0.0,NA,0.06972060352563858,2849,6588,24453,1,0.8055826030509575,0.3018967892338667,0.9996491228070176,0.2122354305595825,0.7877645694404175
24454,YOR198C YHL007C,0.0,NA,0.06975717097520828,2849,6587,24454,1,0.8056121094095777,0.30192878338278933,0.9996491228070176,0.21220321510260623,0.7877967848973938
24455,YKL088W YKL206C,0.0,NA,0.06983347982168198,2849,6586,24455,1,0.805641615768198,0.30196078431372547,0.9996491228070176,0.21217099964562997,0.78782900035437
24456,YOR081C YGL095C,0.0,NA,0.0698767602443695,2849,6585,24456,1,0.8056711221268184,0.3019927920288319,0.9996491228070176,0.21213878418865373,0.7878612158113463
24457,YOL060C YMR134W,1.0,NA,0.06997311115264893,2848,6585,24456,2,0.805641615768198,0.3019187957171631,0.9992982456140351,0.21213878418865373,0.7878612158113463
24458,YKL055C YPR173C,0.0,NA,0.07001327723264694,2848,6584,24457,2,0.8056711221268184,0.30195080576759964,0.9992982456140351,0.21210656873167746,0.7878934312683226
24459,YMR075W YDL212W,0.0,NA,0.07004712522029877,2848,6583,24458,2,0.8057006284854387,0.3019828226062984,0.9992982456140351,0.2120743532747012,0.7879256467252987
24460,YNL149C YLR368W,0.0,NA,0.07009109109640121,2848,6582,24459,2,0.8057301348440589,0.30201484623541885,0.9992982456140351,0.21204213781772493,0.787957862182275
24461,YBR231C YHL009C,0.0,NA,0.07011950761079788,2848,6581,24460,2,0.8057596412026792,0.30204687665712165,0.9992982456140351,0.2120099223607487,0.7879900776392513
24462,YMR032W YDR356W,0.0,NA,0.0701255053281784,2848,6580,24461,2,0.8057891475612995,0.3020789138735681,0.9992982456140351,0.21197770690377243,0.7880222930962276
24463,YGL105W YGL240W,0.0,NA,0.07012945413589478,2848,6579,24462,2,0.8058186539199197,0.30211095788692055,0.9992982456140351,0.21194549144679617,0.7880545085532038
24464,YBR095C YER006W,0.0,NA,0.07013902813196182,2848,6578,24463,2,0.80584816027854,0.30214300869934224,0.9992982456140351,0.2119132759898199,0.7880867240101801
24465,YNL172W YKL058W,0.0,NA,0.07017266005277634,2848,6577,24464,2,0.8058776666371603,0.30217506631299734,0.9992982456140351,0.21188106053284367,0.7881189394671564
24466,YDR454C YHR020W,0.0,NA,0.07018373161554337,2848,6576,24465,2,0.8059071729957806,0.30220713073005095,0.9992982456140351,0.2118488450758674,0.7881511549241326
24467,YGL044C YOR341W,0.0,NA,0.07030569016933441,2848,6575,24466,2,0.8059366793544008,0.302239201952669,0.9992982456140351,0.21181662961889114,0.7881833703811089
24468,YPL137C YER043C,0.0,NA,0.07031070441007614,2848,6574,24467,2,0.8059661857130211,0.30227127998301845,0.9992982456140351,0.21178441416191487,0.7882155858380852
24469,YDR363W-A snR39,0.0,NA,0.07032881677150726,2848,6573,24468,2,0.8059956920716415,0.3023033648232672,0.9992982456140351,0.21175219870493864,0.7882478012950613
24470,YNL287W YDR330W,0.0,NA,0.07033602148294449,2848,6572,24469,2,0.8060251984302618,0.30233545647558385,0.9992982456140351,0.21171998324796237,0.7882800167520376
24471,YIL111W YDL079C,0.0,NA,0.07034799456596375,2848,6571,24470,2,0.806054704788882,0.30236755494213824,0.9992982456140351,0.2116877677909861,0.7883122322090139
24472,YBR167C YNL041C,0.0,NA,0.07041282206773758,2848,6570,24471,2,0.8060842111475023,0.3023996602251009,0.9992982456140351,0.21165555233400984,0.7883444476659901
24473,YJR076C YDL161W,0.0,NA,0.0704280287027359,2848,6569,24472,2,0.8061137175061226,0.3024317723266433,0.9992982456140351,0.2116233368770336,0.7883766631229664
24474,YPR042C YDR101C,0.0,NA,0.07044285535812378,2848,6568,24473,2,0.8061432238647428,0.30246389124893797,0.9992982456140351,0.21159112142005734,0.7884088785799427
24475,YAL058W YNL239W,0.0,NA,0.07046493142843246,2848,6567,24474,2,0.8061727302233631,0.30249601699415823,0.9992982456140351,0.21155890596308108,0.7884410940369189
24476,YEL016C YKL042W,0.0,NA,0.07050435990095139,2848,6566,24475,2,0.8062022365819834,0.30252814956447843,0.9992982456140351,0.21152669050610484,0.7884733094938952
24477,YOR143C YDL205C,0.0,NA,0.070514015853405,2848,6565,24476,2,0.8062317429406037,0.3025602889620737,0.9992982456140351,0.21149447504912858,0.7885055249508715
24478,YDR096W YDL008W,0.0,NA,0.0705161765217781,2848,6564,24477,2,0.8062612492992239,0.30259243518912027,0.9992982456140351,0.2114622595921523,0.7885377404078476
24479,YMR106C YNL190W,0.0,NA,0.0705433040857315,2848,6563,24478,2,0.8062907556578442,0.30262458824779515,0.9992982456140351,0.21143004413517605,0.7885699558648239
24480,YDR104C YIL083C,0.0,NA,0.07056088000535965,2848,6562,24479,2,0.8063202620164646,0.3026567481402763,0.9992982456140351,0.2113978286781998,0.7886021713218002
24481,YDR483W YKL070W,0.0,NA,0.07059932500123978,2848,6561,24480,2,0.8063497683750849,0.3026889148687427,0.9992982456140351,0.21136561322122355,0.7886343867787765
24482,YOR026W YDR362C,0.0,NA,0.07060989737510681,2848,6560,24481,2,0.8063792747337051,0.30272108843537415,0.9992982456140351,0.21133339776424728,0.7886666022357527
24483,YOR061W snR66,0.0,NA,0.07061894237995148,2848,6559,24482,2,0.8064087810923254,0.30275326884235143,0.9992982456140351,0.21130118230727102,0.788698817692729
24484,YOR237W YAR010C,0.0,NA,0.07062216103076935,2848,6558,24483,2,0.8064382874509457,0.30278545609185625,0.9992982456140351,0.21126896685029478,0.7887310331497053
24485,YOR142W-A YJL164C,0.0,NA,0.07068729400634766,2848,6557,24484,2,0.806467793809566,0.30281765018607126,0.9992982456140351,0.21123675139331852,0.7887632486066815
24486,YJL176C YER043C,0.0,NA,0.0706888884305954,2848,6556,24485,2,0.8064973001681862,0.30284985112717994,0.9992982456140351,0.21120453593634225,0.7887954640636577
24487,tR(UCU)J1 YBR132C,0.0,NA,0.07069076597690582,2848,6555,24486,2,0.8065268065268065,0.3028820589173668,0.9992982456140351,0.211172320479366,0.788827679520634
24488,YJR017C YOR070C,0.0,NA,0.07072445005178452,2848,6554,24487,2,0.8065563128854268,0.3029142735588173,0.9992982456140351,0.21114010502238975,0.7888598949776102
24489,YHR211W YGR077C,0.0,NA,0.07081406563520432,2848,6553,24488,2,0.806585819244047,0.3029464950537177,0.9992982456140351,0.2111078895654135,0.7888921104345865
24490,tR(UCU)B YJL002C,0.0,NA,0.07087819278240204,2848,6552,24489,2,0.8066153256026674,0.3029787234042553,0.9992982456140351,0.21107567410843722,0.7889243258915628
24491,YMR142C YLR088W,0.0,NA,0.07088205963373184,2848,6551,24490,2,0.8066448319612877,0.30301095861261834,0.9992982456140351,0.21104345865146096,0.788956541348539
24492,YOR287C YNL080C,0.0,NA,0.07091745734214783,2848,6550,24491,2,0.806674338319908,0.30304320068099594,0.9992982456140351,0.21101124319448472,0.7889887568055153
24493,YGR177C YBL040C,0.0,NA,0.07096928358078003,2848,6549,24492,2,0.8067038446785282,0.3030754496115782,0.9992982456140351,0.21097902773750846,0.7890209722624916
24494,YDR288W YOL156W,0.0,NA,0.07097487896680832,2848,6548,24493,2,0.8067333510371485,0.30310770540655596,0.9992982456140351,0.2109468122805322,0.7890531877194678
24495,YDR305C YGR277C,0.0,NA,0.07100538164377213,2848,6547,24494,2,0.8067628573957688,0.3031399680681213,0.9992982456140351,0.21091459682355596,0.789085403176444
24496,YPL065W YMR073C,0.0,NA,0.07101120054721832,2848,6546,24495,2,0.8067923637543891,0.3031722375984671,0.9992982456140351,0.2108823813665797,0.7891176186334203
24497,YGL115W YKL144C,0.0,NA,0.07103674858808517,2848,6545,24496,2,0.8068218701130093,0.3032045139997871,0.9992982456140351,0.21085016590960343,0.7891498340903965
24498,YLR165C YAL022C,0.0,NA,0.07107404619455338,2848,6544,24497,2,0.8068513764716296,0.303236797274276,0.9992982456140351,0.21081795045262716,0.7891820495473728
24499,YBL026W YDR037W,0.0,NA,0.07107933610677719,2848,6543,24498,2,0.80688088283025,0.3032690874241295,0.9992982456140351,0.21078573499565093,0.7892142650043491
24500,YBR069C tR(UCU)M1,0.0,NA,0.07114254683256149,2848,6542,24499,2,0.8069103891888701,0.3033013844515442,0.9992982456140351,0.21075351953867466,0.7892464804613254
24501,snR65 YIR031C,0.0,NA,0.07115064561367035,2848,6541,24500,2,0.8069398955474905,0.30333368835871766,0.9992982456140351,0.2107213040816984,0.7892786959183016
24502,YGL043W YDR246W,0.0,NA,0.0711517184972763,2848,6540,24501,2,0.8069694019061108,0.30336599914784834,0.9992982456140351,0.21068908862472213,0.7893109113752779
24503,YNR075W YNL123W,0.0,NA,0.0712016224861145,2848,6539,24502,2,0.8069989082647311,0.3033983168211356,0.9992982456140351,0.2106568731677459,0.7893431268322542
24504,YGR275W YOL089C,0.0,NA,0.07121673226356506,2848,6538,24503,2,0.8070284146233513,0.3034306413807799,0.9992982456140351,0.21062465771076963,0.7893753422892303
24505,YMR099C YDR201W,0.0,NA,0.07126124203205109,2848,6537,24504,2,0.8070579209819716,0.30346297282898244,0.9992982456140351,0.21059244225379337,0.7894075577462066
24506,YGL098W YNL241C,0.0,NA,0.07140690088272095,2848,6536,24505,2,0.8070874273405919,0.3034953111679454,0.9992982456140351,0.2105602267968171,0.7894397732031829
24507,YIL053W YLR006C,0.0,NA,0.07145234942436218,2848,6535,24506,2,0.8071169336992122,0.3035276563998721,0.9992982456140351,0.21052801133984086,0.7894719886601591
24508,YGR175C YMR073C,0.0,NA,0.071456678211689,2848,6534,24507,2,0.8071464400578324,0.3035600085269665,0.9992982456140351,0.2104957958828646,0.7895042041171354
24509,YLR240W YKL058W,0.0,NA,0.07146705687046051,2848,6533,24508,2,0.8071759464164527,0.30359236755143376,0.9992982456140351,0.21046358042588834,0.7895364195741117
24510,YGL113W YHR103W,0.0,NA,0.07149301469326019,2848,6532,24509,2,0.807205452775073,0.30362473347547975,0.9992982456140351,0.21043136496891207,0.7895686350310879
24511,YER138C YHR113W,0.0,NA,0.07158204168081284,2848,6531,24510,2,0.8072349591336934,0.30365710630131143,0.9992982456140351,0.21039914951193583,0.7896008504880642
24512,tS(AGA)B YGR221C,0.0,NA,0.0716094896197319,2848,6530,24511,2,0.8072644654923136,0.3036894860311367,0.9992982456140351,0.21036693405495957,0.7896330659450405
24513,tN(GUU)K YJR076C,0.0,NA,0.07161694020032883,2848,6529,24512,2,0.8072939718509339,0.3037218726671643,0.9992982456140351,0.2103347185979833,0.7896652814020166
24514,YJR084W YOL148C,0.0,NA,0.0716291144490242,2848,6528,24513,2,0.8073234782095542,0.3037542662116041,0.9992982456140351,0.21030250314100707,0.7896974968589929
24515,YGL106W YLR127C,0.0,NA,0.071630097925663,2848,6527,24514,2,0.8073529845681744,0.30378666666666665,0.9992982456140351,0.2102702876840308,0.7897297123159692
24516,YJR003C YNL101W,0.0,NA,0.071640245616436,2848,6526,24515,2,0.8073824909267947,0.3038190740345637,0.9992982456140351,0.21023807222705454,0.7897619277729454
24517,YHR058C YGL065C,0.0,NA,0.07165306061506271,2848,6525,24516,2,0.807411997285415,0.30385148831750775,0.9992982456140351,0.21020585677007828,0.7897941432299217
24518,YDR517W YCR068W,0.0,NA,0.07168643176555634,2848,6524,24517,2,0.8074415036440353,0.3038839095177123,0.9992982456140351,0.21017364131310204,0.789826358686898
24519,YGL190C YHR112C,0.0,NA,0.07173750549554825,2848,6523,24518,2,0.8074710100026555,0.30391633763739195,0.9992982456140351,0.21014142585612577,0.7898585741438743
24520,YPR194C tV(AAC)J,0.0,NA,0.0718044713139534,2848,6522,24519,2,0.8075005163612758,0.303948772678762,0.9992982456140351,0.2101092103991495,0.7898907896008505
24521,YMR073C YNL309W,0.0,NA,0.07183346152305603,2848,6521,24520,2,0.8075300227198962,0.3039812146440389,0.9992982456140351,0.21007699494217325,0.7899230050578268
24522,YEL064C YGL016W,0.0,NA,0.07187362015247345,2848,6520,24521,2,0.8075595290785165,0.3040136635354398,0.9992982456140351,0.210044779485197,0.789955220514803
24523,YOR322C YGR047C,0.0,NA,0.0718829482793808,2848,6519,24522,2,0.8075890354371367,0.3040461193551831,0.9992982456140351,0.21001256402822074,0.7899874359717792
24524,YOL113W YPR120C,0.0,NA,0.07193344831466675,2848,6518,24523,2,0.807618541795757,0.30407858210548794,0.9992982456140351,0.20998034857124448,0.7900196514287555
24525,YOR142W-A YJL100W,0.0,NA,0.07198730111122131,2848,6517,24524,2,0.8076480481543773,0.3041110517885745,0.9992982456140351,0.20994813311426822,0.7900518668857318
24526,YBR298C YGR013W,0.0,NA,0.07199621945619583,2848,6516,24525,2,0.8076775545129975,0.3041435284066638,0.9992982456140351,0.20991591765729198,0.790084082342708
24527,YJL081C YHR039C,0.0,NA,0.07210808992385864,2848,6515,24526,2,0.8077070608716178,0.304176011961978,0.9992982456140351,0.2098837022003157,0.7901162977996843
24528,YLR442C YML012W,0.0,NA,0.07211705297231674,2848,6514,24527,2,0.8077365672302381,0.30420850245674,0.9992982456140351,0.20985148674333945,0.7901485132566606
24529,YBR290W tQ(UUG)D1,0.0,NA,0.07212375849485397,2848,6513,24528,2,0.8077660735888584,0.3042409998931738,0.9992982456140351,0.20981927128636318,0.7901807287136368
24530,YKR055W YBR162W-A,0.0,NA,0.07212825864553452,2848,6512,24529,2,0.8077955799474786,0.30427350427350425,0.9992982456140351,0.20978705582938695,0.790212944170613
24531,YOR362C YIL036W,0.0,NA,0.0721772238612175,2848,6511,24530,2,0.807825086306099,0.30430601559995724,0.9992982456140351,0.20975484037241068,0.7902451596275893
24532,tT(AGU)J YFL022C,0.0,NA,0.07219018787145615,2848,6510,24531,2,0.8078545926647193,0.30433853387475956,0.9992982456140351,0.20972262491543442,0.7902773750845655
24533,YJL108C YML098W,0.0,NA,0.07236143946647644,2848,6509,24532,2,0.8078840990233396,0.30437105910013895,0.9992982456140351,0.20969040945845815,0.7903095905415418
24534,YDR011W YGL084C,0.0,NA,0.07238256931304932,2848,6508,24533,2,0.8079136053819598,0.30440359127832406,0.9992982456140351,0.20965819400148192,0.7903418059985181
24535,YJL020C YFR033C,0.0,NA,0.07239844650030136,2848,6507,24534,2,0.8079431117405801,0.3044361304115446,0.9992982456140351,0.20962597854450565,0.7903740214554943
24536,YJL050W YKR001C,0.0,NA,0.07254862040281296,2848,6506,24535,2,0.8079726180992004,0.30446867650203124,0.9992982456140351,0.2095937630875294,0.7904062369124706
24537,YPR073C YNL280C,0.0,NA,0.07259473204612732,2848,6505,24536,2,0.8080021244578207,0.3045012295520154,0.9992982456140351,0.20956154763055315,0.7904384523694469
24538,YDR135C YLR135W,0.0,NA,0.07260090112686157,2848,6504,24537,2,0.8080316308164409,0.3045337895637297,0.9992982456140351,0.2095293321735769,0.7904706678264232
24539,YOR079C YNL307C,0.0,NA,0.07269492745399475,2848,6503,24538,2,0.8080611371750612,0.30456635653940756,0.9992982456140351,0.20949711671660062,0.7905028832833993
24540,YLR026C YBR110W,0.0,NA,0.07271385937929153,2848,6502,24539,2,0.8080906435336815,0.30459893048128345,0.9992982456140351,0.20946490125962436,0.7905350987403756
24541,YHL006C YJR141W,0.0,NA,0.07276613265275955,2848,6501,24540,2,0.8081201498923017,0.30463151139159267,0.9992982456140351,0.20943268580264812,0.7905673141973519
24542,YDR236C YKR088C,0.0,NA,0.07280603051185608,2848,6500,24541,2,0.808149656250922,0.30466409927257165,0.9992982456140351,0.20940047034567186,0.7905995296543281
24543,YDR306C YNR023W,0.0,NA,0.0728205218911171,2848,6499,24542,2,0.8081791626095424,0.30469669412645767,0.9992982456140351,0.2093682548886956,0.7906317451113044
24544,YMR301C YFR033C,0.0,NA,0.07282309234142303,2848,6498,24543,2,0.8082086689681627,0.304729295955489,0.9992982456140351,0.20933603943171933,0.7906639605682807
24545,YLR185W tG(GCC)C,0.0,NA,0.07294517755508423,2848,6497,24544,2,0.8082381753267829,0.3047619047619048,0.9992982456140351,0.2093038239747431,0.7906961760252569
24546,YKL043W YBR233W-A,0.0,NA,0.07294762879610062,2848,6496,24545,2,0.8082676816854032,0.3047945205479452,0.9992982456140351,0.20927160851776683,0.7907283914822332
24547,YKR014C YPL259C,0.0,NA,0.07297397404909134,2848,6495,24546,2,0.8082971880440235,0.3048271433158514,0.9992982456140351,0.20923939306079056,0.7907606069392095
24548,YPL231W YPR062W,0.0,NA,0.07298720628023148,2848,6494,24547,2,0.8083266944026438,0.30485977306786555,0.9992982456140351,0.2092071776038143,0.7907928223961856
24549,YLR192C YDL161W,0.0,NA,0.07304894924163818,2848,6493,24548,2,0.808356200761264,0.3048924098062306,0.9992982456140351,0.20917496214683806,0.7908250378531619
24550,YBR079C tA(AGC)D,0.0,NA,0.07307461649179459,2848,6492,24549,2,0.8083857071198843,0.3049250535331906,0.9992982456140351,0.2091427466898618,0.7908572533101382
24551,YKR066C YPL226W,0.0,NA,0.07311106473207474,2848,6491,24550,2,0.8084152134785046,0.30495770425099045,0.9992982456140351,0.20911053123288553,0.7908894687671144
24552,YDL240W YMR310C,0.0,NA,0.07315246760845184,2848,6490,24551,2,0.8084447198371248,0.3049903619618762,0.9992982456140351,0.20907831577590927,0.7909216842240907
24553,YDR005C YBR020W,0.0,NA,0.07325278967618942,2848,6489,24552,2,0.8084742261957452,0.30502302666809467,0.9992982456140351,0.20904610031893303,0.790953899681067
24554,YPR078C YGR038C-B,0.0,NA,0.07325994223356247,2848,6488,24553,2,0.8085037325543655,0.3050556983718937,0.9992982456140351,0.20901388486195677,0.7909861151380433
24555,YJR105W YBR093C,0.0,NA,0.07329468429088593,2848,6487,24554,2,0.8085332389129858,0.3050883770755222,0.9992982456140351,0.2089816694049805,0.7910183305950195
24556,YDR003W YGR038C-B,0.0,NA,0.07330932468175888,2848,6486,24555,2,0.808562745271606,0.3051210627812299,0.9992982456140351,0.20894945394800427,0.7910505460519958
24557,YER109C YKL165C,0.0,NA,0.07342171669006348,2848,6485,24556,2,0.8085922516302263,0.30515375549126755,0.9992982456140351,0.208917238491028,0.791082761508972
24558,YBR299W YGR206W,0.0,NA,0.07344209402799606,2848,6484,24557,2,0.8086217579888466,0.30518645520788684,0.9992982456140351,0.20888502303405174,0.7911149769659482
24559,YGR098C snR39B,0.0,NA,0.0734667256474495,2848,6483,24558,2,0.8086512643474669,0.3052191619333405,0.9992982456140351,0.20885280757707547,0.7911471924229245
24560,YBR068C YDL131W,0.0,NA,0.07349178194999695,2848,6482,24559,2,0.8086807707060871,0.3052518756698821,0.9992982456140351,0.20882059212009924,0.7911794078799008
24561,YDR389W YDR498C,0.0,NA,0.07363272458314896,2848,6481,24560,2,0.8087102770647074,0.3052845964197663,0.9992982456140351,0.20878837666312297,0.791211623336877
24562,YDR478W YDL192W,0.0,NA,0.07366339862346649,2848,6480,24561,2,0.8087397834233278,0.3053173241852487,0.9992982456140351,0.2087561612061467,0.7912438387938533
24563,YMR264W YIR021W,0.0,NA,0.07367660850286484,2848,6479,24562,2,0.8087692897819481,0.3053500589685858,0.9992982456140351,0.20872394574917044,0.7912760542508296
24564,YPR049C YKR095W-A,0.0,NA,0.07378938794136047,2848,6478,24563,2,0.8087987961405683,0.30538280077203517,0.9992982456140351,0.2086917302921942,0.7913082697078058
24565,YLR265C YGR027W-A,0.0,NA,0.07385429739952087,2848,6477,24564,2,0.8088283024991886,0.3054155495978552,0.9992982456140351,0.20865951483521794,0.7913404851647821
24566,YDR200C YLR450W,0.0,NA,0.07388842105865479,2848,6476,24565,2,0.8088578088578089,0.3054483054483054,0.9992982456140351,0.20862729937824168,0.7913727006217584
24567,YOR301W YOR074C,0.0,NA,0.07393806427717209,2848,6475,24566,2,0.8088873152164291,0.30548106832564625,0.9992982456140351,0.2085950839212654,0.7914049160787345
24568,YGR007W YGR038C-B,0.0,NA,0.07395380735397339,2848,6474,24567,2,0.8089168215750494,0.305513838232139,0.9992982456140351,0.20856286846428918,0.7914371315357108
24569,YNL149C YLL006W,0.0,NA,0.07401019334793091,2848,6473,24568,2,0.8089463279336697,0.3055466151700461,0.9992982456140351,0.2085306530073129,0.7914693469926871
24570,YBL035C YNL129W,0.0,NA,0.07404091209173203,2848,6472,24569,2,0.80897583429229,0.3055793991416309,0.9992982456140351,0.20849843755033665,0.7915015624496633
24571,YDR104C YDR316W-B,0.0,NA,0.07405340671539307,2848,6471,24570,2,0.8090053406509102,0.30561219014915764,0.9992982456140351,0.20846622209336038,0.7915337779066396
24572,YDR101C tQ(UUG)B,0.0,NA,0.07407243549823761,2848,6470,24571,2,0.8090348470095305,0.3056449881948916,0.9992982456140351,0.20843400663638414,0.7915659933636159
24573,YCR016W YDL155W,0.0,NA,0.07407348603010178,2848,6469,24572,2,0.8090643533681509,0.30567779328109906,0.9992982456140351,0.20840179117940788,0.7915982088205922
24574,YGL173C YKL135C,0.0,NA,0.0740947425365448,2848,6468,24573,2,0.8090938597267712,0.30571060541004724,0.9992982456140351,0.20836957572243162,0.7916304242775684
24575,YDR101C YNL016W,0.0,NA,0.07410366833209991,2848,6467,24574,2,0.8091233660853914,0.3057434245840043,0.9992982456140351,0.20833736026545538,0.7916626397345446
24576,YJL100W YPL033C,0.0,NA,0.07415859401226044,2848,6466,24575,2,0.8091528724440117,0.3057762508052394,0.9992982456140351,0.20830514480847911,0.7916948551915209
24577,YDL219W YDL193W,0.0,NA,0.07417558133602142,2848,6465,24576,2,0.809182378802632,0.30580908407602275,0.9992982456140351,0.20827292935150285,0.7917270706484971
24578,tG(CCC)D YDR035W,0.0,NA,0.07419750839471817,2848,6464,24577,2,0.8092118851612522,0.30584192439862545,0.9992982456140351,0.20824071389452659,0.7917592861054734
24579,YHR025W YJR046W,0.0,NA,0.07426280528306961,2848,6463,24578,2,0.8092413915198725,0.3058747717753195,0.9992982456140351,0.20820849843755035,0.7917915015624497
24580,YKL203C YHR098C,0.0,NA,0.07426463812589645,2848,6462,24579,2,0.8092708978784928,0.3059076262083781,0.9992982456140351,0.20817628298057408,0.7918237170194259
24581,YNL068C YDR143C,0.0,NA,0.07430444657802582,2848,6461,24580,2,0.8093004042371131,0.3059404877000752,0.9992982456140351,0.20814406752359782,0.7918559324764022
24582,YHR073W snR3,0.0,NA,0.07435342669487,2848,6460,24581,2,0.8093299105957333,0.30597335625268585,0.9992982456140351,0.20811185206662156,0.7918881479333785
24583,YJL031C YDL087C,0.0,NA,0.07440447807312012,2848,6459,24582,2,0.8093594169543536,0.3060062318684861,0.9992982456140351,0.20807963660964532,0.7919203633903547
24584,YKR094C YBR118W,0.0,NA,0.07446052134037018,2848,6458,24583,2,0.809388923312974,0.30603911454975286,0.9992982456140351,0.20804742115266905,0.791952578847331
24585,YOL119C YMR046C,0.0,NA,0.07453469187021255,2848,6457,24584,2,0.8094184296715943,0.3060720042987641,0.9992982456140351,0.2080152056956928,0.7919847943043072
24586,YAL047C YDL188C,0.0,NA,0.07458818703889847,2848,6456,24585,2,0.8094479360302145,0.3061049011177988,0.9992982456140351,0.20798299023871653,0.7920170097612834
24587,YLR015W YJR055W,0.0,NA,0.07470344007015228,2848,6455,24586,2,0.8094774423888348,0.30613780500913684,0.9992982456140351,0.2079507747817403,0.7920492252182597
24588,YDR181C YKR054C,0.0,NA,0.07472265511751175,2848,6454,24587,2,0.8095069487474551,0.3061707159750591,0.9992982456140351,0.20791855932476402,0.792081440675236
24589,YGL212W YLR048W,0.0,NA,0.07472604513168335,2848,6453,24588,2,0.8095364551060754,0.30620363401784756,0.9992982456140351,0.20788634386778776,0.7921136561322122
24590,YGL017W YDR188W,0.0,NA,0.07474187761545181,2848,6452,24589,2,0.8095659614646956,0.3062365591397849,0.9992982456140351,0.2078541284108115,0.7921458715891885
24591,YOL012C YNL222W,0.0,NA,0.07475091516971588,2848,6451,24590,2,0.8095954678233159,0.3062694913431552,0.9992982456140351,0.20782191295383526,0.7921780870461648
24592,YJL108C YDR200C,0.0,NA,0.07479975372552872,2848,6450,24591,2,0.8096249741819362,0.30630243063024304,0.9992982456140351,0.207789697496859,0.7922103025031411
24593,YEL051W YKR003W,0.0,NA,0.07480841130018234,2848,6449,24592,2,0.8096544805405564,0.3063353770033344,0.9992982456140351,0.20775748203988273,0.7922425179601172
24594,YJR021C YDR016C,0.0,NA,0.07481221109628677,2848,6448,24593,2,0.8096839868991768,0.306368330464716,0.9992982456140351,0.20772526658290646,0.7922747334170935
24595,YPL143W YPL036W,0.0,NA,0.07482106238603592,2848,6447,24594,2,0.8097134932577971,0.3064012910166756,0.9992982456140351,0.20769305112593023,0.7923069488740698
24596,YDR256C YDR293C,0.0,NA,0.07486477494239807,2848,6446,24595,2,0.8097429996164174,0.30643425866150203,0.9992982456140351,0.20766083566895396,0.792339164331046
24597,YML065W YDR293C,0.0,NA,0.07498698681592941,2848,6445,24596,2,0.8097725059750376,0.30646723340148496,0.9992982456140351,0.2076286202119777,0.7923713797880223
24598,YER083C YDR098C,0.0,NA,0.0750151127576828,2848,6444,24597,2,0.8098020123336579,0.3065002152389152,0.9992982456140351,0.20759640475500146,0.7924035952449986
24599,YHR114W YMR125W,0.0,NA,0.07502305507659912,2848,6443,24598,2,0.8098315186922782,0.3065332041760844,0.9992982456140351,0.2075641892980252,0.7924358107019748
24600,YNL097C YBR021W,0.0,NA,0.07503125816583633,2848,6442,24599,2,0.8098610250508985,0.30656620021528525,0.9992982456140351,0.20753197384104893,0.7924680261589511
24601,YML038C YAR009C,0.0,NA,0.07505962997674942,2848,6441,24600,2,0.8098905314095187,0.3065992033588115,0.9992982456140351,0.20749975838407267,0.7925002416159274
24602,YMR312W YDL028C,0.0,NA,0.07506022602319717,2848,6440,24601,2,0.809920037768139,0.3066322136089578,0.9992982456140351,0.20746754292709643,0.7925324570729035
24603,snR57 YKL104C,0.0,NA,0.07507839798927307,2848,6439,24602,2,0.8099495441267593,0.3066652309680198,0.9992982456140351,0.20743532747012017,0.7925646725298798
24604,tA(AGC)M1 YKR035W-A,0.0,NA,0.07508671283721924,2848,6438,24603,2,0.8099790504853795,0.3066982554382942,0.9992982456140351,0.2074031120131439,0.7925968879868561
24605,tR(ACG)K YBL061C,0.0,NA,0.07509511709213257,2848,6437,24604,2,0.8100085568439999,0.30673128702207864,0.9992982456140351,0.20737089655616764,0.7926291034438323
24606,YPR138C YKL205W,0.0,NA,0.07511714845895767,2848,6436,24605,2,0.8100380632026202,0.30676432572167167,0.9992982456140351,0.2073386810991914,0.7926613189008086
24607,tG(CCC)D YDR201W,0.0,NA,0.07512971013784409,2848,6435,24606,2,0.8100675695612405,0.30679737153937303,0.9992982456140351,0.20730646564221514,0.7926935343577849
24608,YGR140W YGL063W,0.0,NA,0.07513414323329926,2848,6434,24607,2,0.8100970759198607,0.3068304244774833,0.9992982456140351,0.20727425018523887,0.7927257498147611
24609,YKR085C YGR101W,0.0,NA,0.07513752579689026,2848,6433,24608,2,0.810126582278481,0.3068634845383041,0.9992982456140351,0.2072420347282626,0.7927579652717374
24610,YER009W YLR303W,0.0,NA,0.07514309138059616,2848,6432,24609,2,0.8101560886371013,0.30689655172413793,0.9992982456140351,0.20720981927128637,0.7927901807287137
24611,YOR321W YDR510W,0.0,NA,0.07514852285385132,2848,6431,24610,2,0.8101855949957216,0.3069296260372885,0.9992982456140351,0.2071776038143101,0.79282239618569
24612,YBR275C YLR085C,0.0,NA,0.07516579329967499,2848,6430,24611,2,0.8102151013543418,0.3069627074800604,0.9992982456140351,0.20714538835733384,0.7928546116426661
24613,YDL017W YLR436C,0.0,NA,0.07518498599529266,2848,6429,24612,2,0.8102446077129621,0.3069957960547591,0.9992982456140351,0.20711317290035758,0.7928868270996424
24614,YPR079W YAL068C,0.0,NA,0.07520591467618942,2848,6428,24613,2,0.8102741140715825,0.30702889176369125,0.9992982456140351,0.20708095744338134,0.7929190425566187
24615,YLR258W YLR467W,0.0,NA,0.07520962506532669,2848,6427,24614,2,0.8103036204302027,0.30706199460916445,0.9992982456140351,0.20704874198640508,0.7929512580135949
24616,YDR495C YDR522C,0.0,NA,0.07523752748966217,2848,6426,24615,2,0.810333126788823,0.30709510459348716,0.9992982456140351,0.2070165265294288,0.7929834734705712
24617,YNR009W YDL042C,0.0,NA,0.07525385171175003,2848,6425,24616,2,0.8103626331474433,0.30712822171896903,0.9992982456140351,0.20698431107245258,0.7930156889275475
24618,YOR305W snR62,0.0,NA,0.07526406645774841,2848,6424,24617,2,0.8103921395060636,0.3071613459879206,0.9992982456140351,0.2069520956154763,0.7930479043845237
24619,YJR016C YDR365W-A,0.0,NA,0.07530902326107025,2848,6423,24618,2,0.8104216458646838,0.30719447740265343,0.9992982456140351,0.20691988015850005,0.7930801198415
24620,YFR024C-A YJR106W,0.0,NA,0.07532496005296707,2848,6422,24619,2,0.8104511522233041,0.30722761596548004,0.9992982456140351,0.20688766470152378,0.7931123352984762
24621,YOL135C YER166W,0.0,NA,0.07538370043039322,2848,6421,24620,2,0.8104806585819244,0.30726076167871397,0.9992982456140351,0.20685544924454755,0.7931445507554524
24622,YOR008C-A YMR081C,0.0,NA,0.07540982961654663,2848,6420,24621,2,0.8105101649405447,0.3072939145446698,0.9992982456140351,0.20682323378757128,0.7931767662124287
24623,YOR287C YGL009C,0.0,NA,0.07541019469499588,2848,6419,24622,2,0.8105396712991649,0.3073270745656631,0.9992982456140351,0.20679101833059502,0.793208981669405
24624,YDR013W YLR114C,0.0,NA,0.07541032880544662,2848,6418,24623,2,0.8105691776577852,0.3073602417440104,0.9992982456140351,0.20675880287361875,0.7932411971263812
24625,YKL144C YMR167W,0.0,NA,0.07545185834169388,2848,6417,24624,2,0.8105986840164056,0.30739341608202914,0.9992982456140351,0.20672658741664252,0.7932734125833575
24626,YGR271W YKL126W,0.0,NA,0.07546091079711914,2848,6416,24625,2,0.8106281903750259,0.307426597582038,0.9992982456140351,0.20669437195966625,0.7933056280403338
24627,YEL061C YGR087C,0.0,NA,0.07557128369808197,2848,6415,24626,2,0.8106576967336461,0.30745978624635645,0.9992982456140351,0.20666215650269,0.79333784349731
24628,YNL149C YMR211W,0.0,NA,0.07565414905548096,2848,6414,24627,2,0.8106872030922664,0.30749298207730513,0.9992982456140351,0.20662994104571372,0.7933700589542863
24629,YGR254W tS(AGA)M,0.0,NA,0.07569878548383713,2848,6413,24628,2,0.8107167094508867,0.30752618507720547,0.9992982456140351,0.20659772558873749,0.7934022744112625
24630,YKR095W-A YLR100W,0.0,NA,0.07574246823787689,2848,6412,24629,2,0.8107462158095069,0.3075593952483801,0.9992982456140351,0.20656551013176122,0.7934344898682388
24631,snR63 YPL255W,0.0,NA,0.0757925808429718,2848,6411,24630,2,0.8107757221681272,0.3075926125931526,0.9992982456140351,0.20653329467478496,0.793466705325215
24632,YPL208W YOR117W,0.0,NA,0.07589679956436157,2848,6410,24631,2,0.8108052285267475,0.3076258371138475,0.9992982456140351,0.2065010792178087,0.7934989207821913
24633,YNL149C YKR042W,0.0,NA,0.0759248286485672,2848,6409,24632,2,0.8108347348853678,0.3076590688127903,0.9992982456140351,0.20646886376083246,0.7935311362391676
24634,YKL074C YPL085W,0.0,NA,0.07600485533475876,2848,6408,24633,2,0.810864241243988,0.3076923076923077,0.9992982456140351,0.2064366483038562,0.7935633516961438
24635,YPR168W YNL173C,0.0,NA,0.07607397437095642,2848,6407,24634,2,0.8108937476026084,0.30772555375472715,0.9992982456140351,0.20640443284687993,0.7935955671531201
24636,YKL043W YHR048W,0.0,NA,0.07612080872058868,2848,6406,24635,2,0.8109232539612287,0.30775880700237734,0.9992982456140351,0.2063722173899037,0.7936277826100964
24637,YKL109W YOR305W,0.0,NA,0.07615639269351959,2848,6405,24636,2,0.810952760319849,0.3077920674375878,0.9992982456140351,0.20634000193292742,0.7936599980670725
24638,YAL055W YER078C,0.0,NA,0.07616223394870758,2848,6404,24637,2,0.8109822666784692,0.30782533506268916,0.9992982456140351,0.20630778647595116,0.7936922135240488
24639,YGR027W-B YJL201W,0.0,NA,0.07617396116256714,2848,6403,24638,2,0.8110117730370895,0.30785860988001296,0.9992982456140351,0.2062755710189749,0.7937244289810251
24640,YGR041W tG(GCC)O1,0.0,NA,0.07618743181228638,2848,6402,24639,2,0.8110412793957098,0.30789189189189187,0.9992982456140351,0.20624335556199866,0.7937566444380013
24641,YKL221W YPL101W,0.0,NA,0.07622210681438446,2848,6401,24640,2,0.81107078575433,0.30792518110065953,0.9992982456140351,0.2062111401050224,0.7937888598949776
24642,YKR085C YLR370C,0.0,NA,0.07626919448375702,2848,6400,24641,2,0.8111002921129503,0.3079584775086505,0.9992982456140351,0.20617892464804613,0.7938210753519539
24643,YDR211W YHR142W,0.0,NA,0.07629930227994919,2848,6399,24642,2,0.8111297984715706,0.3079917811182005,0.9992982456140351,0.20614670919106987,0.7938532908089301
24644,YHR001W YDL113C,0.0,NA,0.0763830915093422,2848,6398,24643,2,0.8111593048301909,0.3080250919316461,0.9992982456140351,0.20611449373409363,0.7938855062659064
24645,YBL071W-A YGL075C,0.0,NA,0.07641135156154633,2848,6397,24644,2,0.8111888111888111,0.30805840995132505,0.9992982456140351,0.20608227827711736,0.7939177217228827
24646,YGR027C YDR238C,0.0,NA,0.0764574334025383,2848,6396,24645,2,0.8112183175474315,0.30809173517957594,0.9992982456140351,0.2060500628201411,0.7939499371798588
24647,YDL052C YBR278W,0.0,NA,0.07646167278289795,2848,6395,24646,2,0.8112478239060518,0.3081250676187385,0.9992982456140351,0.20601784736316484,0.7939821526368351
24648,YHR086W YLR148W,0.0,NA,0.07650043815374374,2848,6394,24647,2,0.8112773302646721,0.30815840727115346,0.9992982456140351,0.2059856319061886,0.7940143680938114
24649,YHL048W YBL034C,0.0,NA,0.07651189714670181,2848,6393,24648,2,0.8113068366232923,0.30819175413916244,0.9992982456140351,0.20595341644921233,0.7940465835507877
24650,YAL033W YAL022C,0.0,NA,0.07651745527982712,2848,6392,24649,2,0.8113363429819126,0.30822510822510824,0.9992982456140351,0.20592120099223607,0.7940787990077639
24651,YJL074C YHR018C,0.0,NA,0.07653734087944031,2848,6391,24650,2,0.8113658493405329,0.30825846953133457,0.9992982456140351,0.2058889855352598,0.7941110144647402
24652,YML057W YDR411C,0.0,NA,0.07655459642410278,2848,6390,24651,2,0.8113953556991532,0.3082918380601862,0.9992982456140351,0.20585677007828357,0.7941432299217165
24653,YCR014C YBR078W,0.0,NA,0.07668139040470123,2848,6389,24652,2,0.8114248620577734,0.3083252138140089,0.9992982456140351,0.2058245546213073,0.7941754453786927
24654,YPL220W YBR217W,0.0,NA,0.07668501883745193,2848,6388,24653,2,0.8114543684163937,0.30835859679514943,0.9992982456140351,0.20579233916433104,0.794207660835669
24655,YMR030W snR42,0.0,NA,0.07672057300806046,2848,6387,24654,2,0.811483874775014,0.3083919870059556,0.9992982456140351,0.20576012370735478,0.7942398762926453
24656,YDL075W YKR072C,0.0,NA,0.07672250270843506,2848,6386,24655,2,0.8115133811336342,0.30842538444877626,0.9992982456140351,0.20572790825037854,0.7942720917496214
24657,YER151C YLR373C,0.0,NA,0.07674840092658997,2848,6385,24656,2,0.8115428874922546,0.30845878912596125,0.9992982456140351,0.20569569279340227,0.7943043072065977
24658,YLR347C YHL039W,0.0,NA,0.07677125930786133,2848,6384,24657,2,0.8115723938508749,0.30849220103986136,0.9992982456140351,0.205663477336426,0.794336522663574
24659,YHR184W Q0110,0.0,NA,0.07684134691953659,2848,6383,24658,2,0.8116019002094952,0.30852562019282853,0.9992982456140351,0.20563126187944977,0.7943687381205502
24660,YOL093W YPR162C,0.0,NA,0.07684879004955292,2848,6382,24659,2,0.8116314065681154,0.3085590465872156,0.9992982456140351,0.2055990464224735,0.7944009535775265
24661,YKL080W YDL175C,0.0,NA,0.07685261219739914,2848,6381,24660,2,0.8116609129267357,0.30859248022537655,0.9992982456140351,0.20556683096549724,0.7944331690345028
24662,tR(CCG)L YGR024C,0.0,NA,0.07691299170255661,2848,6380,24661,2,0.811690419285356,0.30862592110966625,0.9992982456140351,0.20553461550852098,0.794465384491479
24663,YJL108C YAL036C,0.0,NA,0.07691515237092972,2848,6379,24662,2,0.8117199256439763,0.30865936924244064,0.9992982456140351,0.20550240005154474,0.7944975999484553
24664,YOR159C YPR129W,0.0,NA,0.07696425914764404,2848,6378,24663,2,0.8117494320025965,0.3086928246260568,0.9992982456140351,0.20547018459456848,0.7945298154054315
24665,YDR363W YDR299W,0.0,NA,0.07699631154537201,2848,6377,24664,2,0.8117789383612168,0.30872628726287266,0.9992982456140351,0.2054379691375922,0.7945620308624077
24666,YDL184C YNR070W,0.0,NA,0.07700813561677933,2848,6376,24665,2,0.8118084447198372,0.30875975715524717,0.9992982456140351,0.20540575368061595,0.794594246319384
24667,YFR024C-A YGR049W,0.0,NA,0.07701358944177628,2848,6375,24666,2,0.8118379510784574,0.3087932343055405,0.9992982456140351,0.2053735382236397,0.7946264617763603
24668,YGL106W YDR434W,0.0,NA,0.07709978520870209,2848,6374,24667,2,0.8118674574370777,0.30882671871611367,0.9992982456140351,0.20534132276666345,0.7946586772333366
24669,YHR068W YNL248C,0.0,NA,0.07710135728120804,2848,6373,24668,2,0.811896963795698,0.3088602103893287,0.9992982456140351,0.20530910730968718,0.7946908926903128
24670,YBR040W YOL088C,0.0,NA,0.07713614404201508,2848,6372,24669,2,0.8119264701543183,0.3088937093275488,0.9992982456140351,0.20527689185271092,0.7947231081472891
24671,YKL101W snR79,0.0,NA,0.07716615498065948,2848,6371,24670,2,0.8119559765129385,0.30892721553313807,0.9992982456140351,0.20524467639573468,0.7947553236042654
24672,YGL011C YIL083C,0.0,NA,0.07719848304986954,2848,6370,24671,2,0.8119854828715588,0.3089607290084617,0.9992982456140351,0.20521246093875842,0.7947875390612416
24673,YLR227C YER007W,0.0,NA,0.0773669108748436,2848,6369,24672,2,0.8120149892301791,0.30899424975588585,0.9992982456140351,0.20518024548178215,0.7948197545182178
24674,YLR265C YOL064C,0.0,NA,0.07737640291452408,2848,6368,24673,2,0.8120444955887994,0.3090277777777778,0.9992982456140351,0.2051480300248059,0.7948519699751941
24675,YIL085C YFR032C-A,0.0,NA,0.07742339372634888,2848,6367,24674,2,0.8120740019474196,0.3090613130765057,0.9992982456140351,0.20511581456782965,0.7948841854321703
24676,YDL219W YER144C,0.0,NA,0.07753109186887741,2848,6366,24675,2,0.81210350830604,0.3090948556544389,0.9992982456140351,0.2050835991108534,0.7949164008891466
24677,YBR126C YDL118W,0.0,NA,0.07758587598800659,2848,6365,24676,2,0.8121330146646603,0.30912840551394766,0.9992982456140351,0.20505138365387712,0.7949486163461229
24678,YDL020C YDR245W,0.0,NA,0.07761192321777344,2848,6364,24677,2,0.8121625210232806,0.30916196265740337,0.9992982456140351,0.20501916819690089,0.7949808318030991
24679,YDR210C-D YGR088W,0.0,NA,0.07761847227811813,2848,6363,24678,2,0.8121920273819008,0.3091955270871784,0.9992982456140351,0.20498695273992462,0.7950130472600754
24680,YJR028W YIL148W,0.0,NA,0.07766850292682648,2848,6362,24679,2,0.8122215337405211,0.30922909880564603,0.9992982456140351,0.20495473728294836,0.7950452627170517
24681,YNR050C YLR299W,0.0,NA,0.07766922563314438,2848,6361,24680,2,0.8122510400991414,0.3092626778151808,0.9992982456140351,0.2049225218259721,0.7950774781740279
24682,YPL274W YBR060C,0.0,NA,0.07779505103826523,2848,6360,24681,2,0.8122805464577616,0.30929626411815814,0.9992982456140351,0.20489030636899586,0.7951096936310041
24683,YDL179W YDL224C,0.0,NA,0.0778321772813797,2848,6359,24682,2,0.8123100528163819,0.3093298577169545,0.9992982456140351,0.2048580909120196,0.7951419090879804
24684,YAR050W YPL174C,0.0,NA,0.07789642363786697,2848,6358,24683,2,0.8123395591750022,0.30936345861394743,0.9992982456140351,0.20482587545504333,0.7951741245449566
24685,YIR037W YNL244C,0.0,NA,0.07800580561161041,2848,6357,24684,2,0.8123690655336225,0.30939706681151546,0.9992982456140351,0.20479365999806706,0.7952063400019329
24686,YNL289W YDR007W,0.0,NA,0.07803145796060562,2848,6356,24685,2,0.8123985718922427,0.30943068231203824,0.9992982456140351,0.20476144454109083,0.7952385554589092
24687,tQ(UUG)D3 YLR275W,0.0,NA,0.07803446054458618,2848,6355,24686,2,0.812428078250863,0.30946430511789635,0.9992982456140351,0.20472922908411456,0.7952707709158855
24688,YPR133C YBL021C,0.0,NA,0.07809719443321228,2848,6354,24687,2,0.8124575846094834,0.3094979352314714,0.9992982456140351,0.2046970136271383,0.7953029863728617
24689,YDL132W YMR046C,0.0,NA,0.07809742540121078,2848,6353,24688,2,0.8124870909681037,0.3095315726551462,0.9992982456140351,0.20466479817016203,0.795335201829838
24690,tR(CCU)J YGL208W,0.0,NA,0.07821302860975266,2848,6352,24689,2,0.8125165973267239,0.3095652173913043,0.9992982456140351,0.2046325827131858,0.7953674172868143
24691,tL(UAA)J YPR018W,0.0,NA,0.07822438329458237,2848,6351,24690,2,0.8125461036853442,0.30959886944233067,0.9992982456140351,0.20460036725620953,0.7953996327437904
24692,YGL119W YDR498C,0.0,NA,0.07822536677122116,2848,6350,24691,2,0.8125756100439645,0.309632528810611,0.9992982456140351,0.20456815179923327,0.7954318482007667
24693,YML014W YGR019W,0.0,NA,0.07827135175466537,2848,6349,24692,2,0.8126051164025847,0.30966619549853214,0.9992982456140351,0.204535936342257,0.795464063657743
24694,YKL088W YOL122C,0.0,NA,0.07837431132793427,2848,6348,24693,2,0.812634622761205,0.30969986950848194,0.9992982456140351,0.20450372088528077,0.7954962791147192
24695,YGR075C YKR046C,0.0,NA,0.0783911868929863,2848,6347,24694,2,0.8126641291198253,0.30973355084284937,0.9992982456140351,0.2044715054283045,0.7955284945716955
24696,YNR020C YPR093C,0.0,NA,0.07845566421747208,2848,6346,24695,2,0.8126936354784456,0.30976723950402435,0.9992982456140351,0.20443928997132824,0.7955607100286718
24697,YCL014W YOR035C,0.0,NA,0.07845611125230789,2848,6345,24696,2,0.8127231418370658,0.3098009354943979,0.9992982456140351,0.204407074514352,0.795592925485648
24698,YDR421W YJR092W,0.0,NA,0.07850901782512665,2848,6344,24697,2,0.8127526481956862,0.30983463881636203,0.9992982456140351,0.20437485905737574,0.7956251409426243
24699,YDR078C YCR094W,0.0,NA,0.0786627009510994,2848,6343,24698,2,0.8127821545543065,0.30986834947230985,0.9992982456140351,0.20434264360039947,0.7956573563996006
24700,YOR284W YFL054C,0.0,NA,0.07871866226196289,2848,6342,24699,2,0.8128116609129268,0.3099020674646355,0.9992982456140351,0.2043104281434232,0.7956895718565767
24701,YGL018C YJR040W,0.0,NA,0.0787208303809166,2848,6341,24700,2,0.812841167271547,0.309935792795734,0.9992982456140351,0.20427821268644697,0.795721787313553
24702,YPL092W YBL040C,0.0,NA,0.07876138389110565,2848,6340,24701,2,0.8128706736301673,0.3099695254680017,0.9992982456140351,0.2042459972294707,0.7957540027705293
24703,YDR210C-C YLR385C,0.0,NA,0.07877100259065628,2848,6339,24702,2,0.8129001799887876,0.31000326548383583,0.9992982456140351,0.20421378177249444,0.7957862182275055
24704,YMR099C YHL038C,0.0,NA,0.07882912456989288,2848,6338,24703,2,0.8129296863474079,0.3100370128456347,0.9992982456140351,0.20418156631551818,0.7958184336844818
24705,YMR173W YKR095W-A,0.0,NA,0.07898952066898346,2848,6337,24704,2,0.8129591927060281,0.3100707675557975,0.9992982456140351,0.20414935085854194,0.7958506491414581
24706,YHR169W YNL158W,0.0,NA,0.07899647951126099,2848,6336,24705,2,0.8129886990646484,0.31010452961672474,0.9992982456140351,0.20411713540156567,0.7958828645984344
24707,YDR021W YNL220W,0.0,NA,0.07906444370746613,2848,6335,24706,2,0.8130182054232687,0.3101382990308178,0.9992982456140351,0.2040849199445894,0.7959150800554106
24708,YJL128C YIL052C,0.0,NA,0.0790797546505928,2848,6334,24707,2,0.813047711781889,0.3101720758004792,0.9992982456140351,0.20405270448761315,0.7959472955123869
24709,YNL172W YOL075C,0.0,NA,0.0790940672159195,2848,6333,24708,2,0.8130772181405093,0.3102058599281124,0.9992982456140351,0.2040204890306369,0.7959795109693631
24710,YOR237W YNL032W,0.0,NA,0.07909504324197769,2848,6332,24709,2,0.8131067244991296,0.31023965141612203,0.9992982456140351,0.20398827357366064,0.7960117264263393
24711,YBL046W YKL221W,0.0,NA,0.07909736782312393,2848,6331,24710,2,0.8131362308577499,0.3102734502669136,0.9992982456140351,0.20395605811668438,0.7960439418833156
24712,YGL170C YGL161C,0.0,NA,0.07915476709604263,2848,6330,24711,2,0.8131657372163701,0.31030725648289387,0.9992982456140351,0.20392384265970812,0.7960761573402919
24713,YFL030W tV(AAC)J,0.0,NA,0.07919460535049438,2848,6329,24712,2,0.8131952435749904,0.31034107006647055,0.9992982456140351,0.20389162720273188,0.7961083727972681
24714,Q0070 YGL094C,0.0,NA,0.07926097512245178,2848,6328,24713,2,0.8132247499336107,0.31037489102005233,0.9992982456140351,0.20385941174575561,0.7961405882542444
24715,YGR023W YNL259C,0.0,NA,0.07931049168109894,2848,6327,24714,2,0.813254256292231,0.310408719346049,0.9992982456140351,0.20382719628877935,0.7961728037112207
24716,YDR517W YMR143W,0.0,NA,0.07938108593225479,2848,6326,24715,2,0.8132837626508512,0.31044255504687157,0.9992982456140351,0.20379498083180309,0.7962050191681969
24717,YDR006C YML012W,0.0,NA,0.07946384698152542,2848,6325,24716,2,0.8133132690094715,0.3104763981249319,0.9992982456140351,0.20376276537482685,0.7962372346251732
24718,YFR005C YOL005C,0.0,NA,0.0795457512140274,2848,6324,24717,2,0.8133427753680919,0.3105102485826428,0.9992982456140351,0.20373054991785058,0.7962694500821494
24719,YKL082C YPL088W,0.0,NA,0.07954583317041397,2848,6323,24718,2,0.813372281726712,0.3105441064224185,0.9992982456140351,0.20369833446087432,0.7963016655391256
24720,YPL040C YDR210W-A,0.0,NA,0.07961899042129517,2848,6322,24719,2,0.8134017880853324,0.31057797164667394,0.9992982456140351,0.20366611900389808,0.7963338809961019
24721,YPL029W YHR214C-C,0.0,NA,0.07961899042129517,2848,6321,24720,2,0.8134312944439527,0.3106118442578253,0.9992982456140351,0.20363390354692182,0.7963660964530782
24722,YJR044C YJL001W,0.0,NA,0.0796213373541832,2848,6320,24721,2,0.813460800802573,0.3106457242582897,0.9992982456140351,0.20360168808994555,0.7963983119100544
24723,YBR048W YPL116W,0.0,NA,0.07964405417442322,2848,6319,24722,2,0.8134903071611932,0.3106796116504854,0.9992982456140351,0.2035694726329693,0.7964305273670307
24724,YML069W tR(UCU)B,0.0,NA,0.0796930342912674,2848,6318,24723,2,0.8135198135198135,0.31071350643683177,0.9992982456140351,0.20353725717599305,0.796462742824007
24725,YBR123C YAL022C,0.0,NA,0.0798204243183136,2848,6317,24724,2,0.8135493198784338,0.31074740861974903,0.9992982456140351,0.2035050417190168,0.7964949582809833
24726,YOR113W YLR087C,0.0,NA,0.07982956618070602,2848,6316,24725,2,0.8135788262370541,0.31078131820165866,0.9992982456140351,0.20347282626204052,0.7965271737379594
24727,YER073W YER124C,0.0,NA,0.07985983788967133,2848,6315,24726,2,0.8136083325956743,0.3108152351849831,0.9992982456140351,0.20344061080506426,0.7965593891949357
24728,YJR139C YGL075C,0.0,NA,0.07991445809602737,2848,6314,24727,2,0.8136378389542946,0.3108491595721458,0.9992982456140351,0.20340839534808802,0.796591604651912
24729,YOR253W tQ(UUG)C,0.0,NA,0.07991833239793777,2848,6313,24728,2,0.813667345312915,0.31088309136557146,0.9992982456140351,0.20337617989111176,0.7966238201088882
24730,YOR148C YHR055C,0.0,NA,0.07992836833000183,2848,6312,24729,2,0.8136968516715353,0.3109170305676856,0.9992982456140351,0.2033439644341355,0.7966560355658645
24731,YDR034C-D YOR065W,0.0,NA,0.07993912696838379,2848,6311,24730,2,0.8137263580301555,0.31095097718091497,0.9992982456140351,0.20331174897715923,0.7966882510228408
24732,tS(AGA)D2 YJL092W,0.0,NA,0.07995381206274033,2848,6310,24731,2,0.8137558643887758,0.3109849312076873,0.9992982456140351,0.203279533520183,0.796720466479817
24733,YPL243W YOR303W,0.0,NA,0.07995621114969254,2848,6309,24732,2,0.8137853707473961,0.31101889265043137,0.9992982456140351,0.20324731806320673,0.7967526819367933
24734,YOR192C YJR076C,0.0,NA,0.07997431606054306,2848,6308,24733,2,0.8138148771060163,0.31105286151157713,0.9992982456140351,0.20321510260623046,0.7967848973937696
24735,YOR103C YIL009C-A,0.0,NA,0.0800020694732666,2848,6307,24734,2,0.8138443834646366,0.31108683779355545,0.9992982456140351,0.2031828871492542,0.7968171128507457
24736,YGL139W tQ(UUG)L,0.0,NA,0.08006498217582703,2848,6306,24735,2,0.8138738898232569,0.31112082149879833,0.9992982456140351,0.20315067169227796,0.796849328307722
24737,YDL113C YDL028C,0.0,NA,0.08009231090545654,2848,6305,24736,2,0.8139033961818772,0.3111548126297389,0.9992982456140351,0.2031184562353017,0.7968815437646983
24738,YOL123W YNL101W,0.0,NA,0.08010510355234146,2848,6304,24737,2,0.8139329025404974,0.3111888111888112,0.9992982456140351,0.20308624077832543,0.7969137592216745
24739,YMR123W YDL076C,0.0,NA,0.08012326806783676,2848,6303,24738,2,0.8139624088991178,0.31122281717845046,0.9992982456140351,0.2030540253213492,0.7969459746786508
24740,YLL043W YGR158C,0.0,NA,0.08013328164815903,2848,6302,24739,2,0.8139919152577381,0.3112568306010929,0.9992982456140351,0.20302180986437293,0.7969781901356271
24741,YNL327W YLR087C,0.0,NA,0.08016794919967651,2848,6301,24740,2,0.8140214216163584,0.31129085145917584,0.9992982456140351,0.20298959440739667,0.7970104055926033
24742,YGL133W YOR361C,0.0,NA,0.08024326711893082,2848,6300,24741,2,0.8140509279749786,0.31132487975513773,0.9992982456140351,0.2029573789504204,0.7970426210495796
24743,YER064C YDR447C,0.0,NA,0.08025150001049042,2848,6299,24742,2,0.8140804343335989,0.311358915491418,0.9992982456140351,0.20292516349344417,0.7970748365065559
24744,YBR049C YCL050C,0.0,NA,0.08026564866304398,2848,6298,24743,2,0.8141099406922192,0.311392958670457,0.9992982456140351,0.2028929480364679,0.7971070519635322
24745,YMR306W YDL205C,0.0,NA,0.08029650896787643,2848,6297,24744,2,0.8141394470508394,0.3114270092946966,0.9992982456140351,0.20286073257949164,0.7971392674205083
24746,YLR451W YPL112C,0.0,NA,0.08046632260084152,2848,6296,24745,2,0.8141689534094597,0.3114610673665792,0.9992982456140351,0.20282851712251537,0.7971714828774846
24747,YGR191W YOL103W-A,0.0,NA,0.0804753303527832,2848,6295,24746,2,0.81419845976808,0.31149513288854863,0.9992982456140351,0.20279630166553914,0.7972036983344609
24748,YBR058C YEL040W,0.0,NA,0.08047626912593842,2848,6294,24747,2,0.8142279661267003,0.31152920586304966,0.9992982456140351,0.20276408620856287,0.7972359137914371
24749,YPL088W YJR076C,0.0,NA,0.08048350363969803,2848,6293,24748,2,0.8142574724853205,0.31156328629252816,0.9992982456140351,0.2027318707515866,0.7972681292484134
24750,YBR145W snR5,0.0,NA,0.08048570901155472,2848,6292,24749,2,0.8142869788439409,0.31159737417943106,0.9992982456140351,0.20269965529461034,0.7973003447053897
24751,snR42 YHR023W,0.0,NA,0.08050460368394852,2848,6291,24750,2,0.8143164852025612,0.31163146952620635,0.9992982456140351,0.2026674398376341,0.7973325601623659
24752,YAL055W YDR229W,0.0,NA,0.08050552755594254,2848,6290,24751,2,0.8143459915611815,0.3116655723353031,0.9992982456140351,0.20263522438065784,0.7973647756193422
24753,YLR345W YLR201C,0.0,NA,0.08050601929426193,2848,6289,24752,2,0.8143754979198017,0.3116996826091715,0.9992982456140351,0.20260300892368158,0.7973969910763185
24754,YDR408C tR(ACG)K,0.0,NA,0.08059445023536682,2848,6288,24753,2,0.814405004278422,0.3117338003502627,0.9992982456140351,0.2025707934667053,0.7974292065332946
24755,YOR119C YOR127W,0.0,NA,0.08061409741640091,2848,6287,24754,2,0.8144345106370423,0.311767925561029,0.9992982456140351,0.20253857800972908,0.7974614219902709
24756,YLR306W snR33,0.0,NA,0.08061554282903671,2848,6286,24755,2,0.8144640169956626,0.3118020582439238,0.9992982456140351,0.2025063625527528,0.7974936374472472
24757,YLR340W YAL041W,0.0,NA,0.08062180131673813,2848,6285,24756,2,0.8144935233542828,0.31183619840140153,0.9992982456140351,0.20247414709577655,0.7975258529042234
24758,YDR188W YBR021W,0.0,NA,0.08063148707151413,2848,6284,24757,2,0.8145230297129031,0.3118703460359177,0.9992982456140351,0.2024419316388003,0.7975580683611997
24759,YMR146C YGL100W,0.0,NA,0.08068780601024628,2848,6283,24758,2,0.8145525360715234,0.3119045011499288,0.9992982456140351,0.20240971618182405,0.797590283818176
24760,YJR123W YFL022C,0.0,NA,0.08075419068336487,2848,6282,24759,2,0.8145820424301436,0.3119386637458927,0.9992982456140351,0.20237750072484778,0.7976224992751522
24761,YAL068C YDR384C,0.0,NA,0.08075744658708572,2848,6281,24760,2,0.814611548788764,0.31197283382626795,0.9992982456140351,0.20234528526787152,0.7976547147321285
24762,YOL149W YML057W,0.0,NA,0.08077657967805862,2848,6280,24761,2,0.8146410551473843,0.31200701139351444,0.9992982456140351,0.20231306981089528,0.7976869301891047
24763,tG(GCC)O1 YMR097C,0.0,NA,0.08094196021556854,2848,6279,24762,2,0.8146705615060046,0.31204119645009315,0.9992982456140351,0.20228085435391902,0.797719145646081
24764,YPR018W YOR010C,0.0,NA,0.08101130276918411,2848,6278,24763,2,0.8147000678646248,0.31207538899846593,0.9992982456140351,0.20224863889694275,0.7977513611030572
24765,YGR272C YNL094W,0.0,NA,0.08110563457012177,2848,6277,24764,2,0.8147295742232451,0.31210958904109587,0.9992982456140351,0.2022164234399665,0.7977835765600335
24766,YPR185W YBR012W-B,0.0,NA,0.08111194521188736,2848,6276,24765,2,0.8147590805818654,0.31214379658044716,0.9992982456140351,0.20218420798299025,0.7978157920170098
24767,YJR119C YDR182W,0.0,NA,0.08112902194261551,2848,6275,24766,2,0.8147885869404857,0.312178011618985,0.9992982456140351,0.20215199252601398,0.797848007473986
24768,YOR140W YHR204W,0.0,NA,0.08115945011377335,2848,6274,24767,2,0.8148180932991059,0.3122122341591756,0.9992982456140351,0.20211977706903772,0.7978802229309623
24769,YMR313C YDR057W,0.0,NA,0.08119256794452667,2848,6273,24768,2,0.8148475996577262,0.31224646420348645,0.9992982456140351,0.20208756161206146,0.7979124383879386
24770,YPL147W YIR037W,0.0,NA,0.08120836317539215,2848,6272,24769,2,0.8148771060163466,0.312280701754386,0.9992982456140351,0.20205534615508522,0.7979446538449148
24771,MPR1 YJL205C,0.0,NA,0.08126670122146606,2848,6271,24770,2,0.8149066123749668,0.3123149468143437,0.9992982456140351,0.20202313069810895,0.797976869301891
24772,YDL132W tV(AAC)J,0.0,NA,0.08130677789449692,2848,6270,24771,2,0.8149361187335871,0.3123491993858302,0.9992982456140351,0.2019909152411327,0.7980090847588673
24773,YML075C YLL016W,0.0,NA,0.08132414519786835,2848,6269,24772,2,0.8149656250922074,0.3123834594713173,0.9992982456140351,0.20195869978415643,0.7980413002158435
24774,YLL048C YLR166C,0.0,NA,0.0813618004322052,2848,6268,24773,2,0.8149951314508277,0.31241772707327775,0.9992982456140351,0.2019264843271802,0.7980735156728198
24775,YLR194C YDR019C,0.0,NA,0.0813683569431305,2848,6267,24774,2,0.8150246378094479,0.3124520021941854,0.9992982456140351,0.20189426887020392,0.7981057311297961
24776,tL(UAA)J YDL188C,0.0,NA,0.08149248361587524,2848,6266,24775,2,0.8150541441680682,0.31248628483651525,0.9992982456140351,0.20186205341322766,0.7981379465867723
24777,YER122C YGR158C,0.0,NA,0.0815102607011795,2848,6265,24776,2,0.8150836505266885,0.31252057500274333,0.9992982456140351,0.2018298379562514,0.7981701620437486
24778,YOR380W YJR139C,0.0,NA,0.08153036236763,2848,6264,24777,2,0.8151131568853088,0.3125548726953468,0.9992982456140351,0.20179762249927516,0.7982023775007249
24779,YDR156W YPR042C,0.0,NA,0.0815354660153389,2848,6263,24778,2,0.815142663243929,0.31258917791680385,0.9992982456140351,0.2017654070422989,0.798234592957701
24780,YGL194C YHR124W,0.0,NA,0.08163700997829437,2848,6262,24779,2,0.8151721696025493,0.31262349066959383,0.9992982456140351,0.20173319158532263,0.7982668084146773
24781,YLR262C-A YHR142W,0.0,NA,0.08170273900032043,2848,6261,24780,2,0.8152016759611697,0.31265781095619716,0.9992982456140351,0.2017009761283464,0.7982990238716536
24782,YPL174C YBR020W,0.0,NA,0.08174006640911102,2848,6260,24781,2,0.8152311823197899,0.3126921387790953,0.9992982456140351,0.20166876067137013,0.7983312393286299
24783,YOR123C YKL045W,0.0,NA,0.08176207542419434,2848,6259,24782,2,0.8152606886784102,0.3127264741407708,0.9992982456140351,0.20163654521439386,0.7983634547856061
24784,YPR108W YER145C,0.0,NA,0.08177464455366135,2848,6258,24783,2,0.8152901950370305,0.31276081704370745,0.9992982456140351,0.2016043297574176,0.7983956702425824
24785,YLR157C-B YOL117W,0.0,NA,0.08188483119010925,2848,6257,24784,2,0.8153197013956508,0.3127951674903899,0.9992982456140351,0.20157211430044136,0.7984278856995587
24786,YLR115W YBL061C,0.0,NA,0.08194652199745178,2848,6256,24785,2,0.815349207754271,0.31282952548330406,0.9992982456140351,0.2015398988434651,0.7984601011565349
24787,YOR372C YBR128C,0.0,NA,0.08195047825574875,2848,6255,24786,2,0.8153787141128913,0.31286389102493684,0.9992982456140351,0.20150768338648883,0.7984923166135112
24788,YBL039C YNL054W-A,0.0,NA,0.08199417591094971,2848,6254,24787,2,0.8154082204715116,0.3128982641177763,0.9992982456140351,0.20147546792951257,0.7985245320704875
24789,YPL243W YER072W,0.0,NA,0.08206850290298462,2848,6253,24788,2,0.8154377268301319,0.3129326447643116,0.9992982456140351,0.20144325247253633,0.7985567475274636
24790,YML040W YCR068W,0.0,NA,0.08209232240915298,2848,6252,24789,2,0.8154672331887521,0.312967032967033,0.9992982456140351,0.20141103701556007,0.7985889629844399
24791,YDR446W YOR229W,0.0,NA,0.08210896700620651,2848,6251,24790,2,0.8154967395473725,0.3130014287284317,0.9992982456140351,0.2013788215585838,0.7986211784414162
24792,YML102W YPL147W,0.0,NA,0.08213569968938828,2848,6250,24791,2,0.8155262459059928,0.3130358320510002,0.9992982456140351,0.20134660610160754,0.7986533938983924
24793,YOR136W YBL040C,0.0,NA,0.08215882629156113,2848,6249,24792,2,0.8155557522646131,0.31307024293723207,0.9992982456140351,0.2013143906446313,0.7986856093553687
24794,YNL271C YDR238C,0.0,NA,0.08216910809278488,2848,6248,24793,2,0.8155852586232333,0.3131046613896218,0.9992982456140351,0.20128217518765504,0.798717824812345
24795,YOR368W YOR061W,0.0,NA,0.08221464604139328,2848,6247,24794,2,0.8156147649818536,0.3131390874106652,0.9992982456140351,0.20124995973067877,0.7987500402693212
24796,YOR209C Q0045,0.0,NA,0.08228190243244171,2848,6246,24795,2,0.8156442713404739,0.313173521002859,0.9992982456140351,0.2012177442737025,0.7987822557262975
24797,YMR227C YGL012W,0.0,NA,0.0823989063501358,2848,6245,24796,2,0.8156737776990941,0.3132079621687012,0.9992982456140351,0.20118552881672627,0.7988144711832738
24798,tR(UCU)M1 YPL170W,0.0,NA,0.08245928585529327,2848,6244,24797,2,0.8157032840577144,0.3132424109106907,0.9992982456140351,0.20115331335975,0.7988466866402499
24799,YGR157W YDR507C,0.0,NA,0.08250339329242706,2848,6243,24798,2,0.8157327904163347,0.3132768672313277,0.9992982456140351,0.20112109790277374,0.7988789020972262
24800,YIL085C YPL154C,0.0,NA,0.08262289315462112,2848,6242,24799,2,0.815762296774955,0.3133113311331133,0.9992982456140351,0.2010888824457975,0.7989111175542025
24801,YJL097W YPR108W,0.0,NA,0.08268605917692184,2848,6241,24800,2,0.8157918031335752,0.3133458026185499,0.9992982456140351,0.20105666698882124,0.7989433330111788
24802,YNL053W YDL238C,0.0,NA,0.08274180442094803,2848,6240,24801,2,0.8158213094921956,0.31338028169014087,0.9992982456140351,0.20102445153184498,0.798975548468155
24803,YNL068C YGR221C,0.0,NA,0.08280755579471588,2848,6239,24802,2,0.8158508158508159,0.31341476835039067,0.9992982456140351,0.2009922360748687,0.7990077639251313
24804,YJR033C YLR381W,0.0,NA,0.08280805498361588,2848,6238,24803,2,0.8158803222094362,0.313449262601805,0.9992982456140351,0.20096002061789248,0.7990399793821076
24805,YNL091W YOR293W,0.0,NA,0.08283911645412445,2848,6237,24804,2,0.8159098285680564,0.31348376444689047,0.9992982456140351,0.2009278051609162,0.7990721948390838
24806,YBR217W YOL103W-B,0.0,NA,0.08287374675273895,2848,6236,24805,2,0.8159393349266767,0.313518273888155,0.9992982456140351,0.20089558970393995,0.79910441029606
24807,YBL035C snR58,0.0,NA,0.08295084536075592,2848,6235,24806,2,0.815968841285297,0.31355279092810745,0.9992982456140351,0.20086337424696368,0.7991366257530363
24808,YHR023W tH(GUG)K,0.0,NA,0.08299057185649872,2848,6234,24807,2,0.8159983476439172,0.3135873155692579,0.9992982456140351,0.20083115878998745,0.7991688412100125
24809,YKR007W YGR230W,0.0,NA,0.08304885774850845,2848,6233,24808,2,0.8160278540025375,0.3136218478141174,0.9992982456140351,0.20079894333301118,0.7992010566669888
24810,YLR360W YKR002W,0.0,NA,0.0831080824136734,2848,6232,24809,2,0.8160573603611578,0.3136563876651982,0.9992982456140351,0.20076672787603492,0.7992332721239651
24811,YCR019W YOR192C-A,0.0,NA,0.08320581912994385,2848,6231,24810,2,0.8160868667197781,0.3136909351250138,0.9992982456140351,0.20073451241905865,0.7992654875809413
24812,tA(AGC)M2 YGR199W,0.0,NA,0.08331722766160965,2848,6230,24811,2,0.8161163730783983,0.3137254901960784,0.9992982456140351,0.20070229696208242,0.7992977030379176
24813,YGR240C YHR148W,0.0,NA,0.0833335816860199,2848,6229,24812,2,0.8161458794370187,0.3137600528809078,0.9992982456140351,0.20067008150510615,0.7993299184948939
24814,tR(UCU)M2 YAL028W,0.0,NA,0.08337391912937164,2848,6228,24813,2,0.816175385795639,0.3137946231820185,0.9992982456140351,0.2006378660481299,0.7993621339518701
24815,YNL199C YCL025C,0.0,NA,0.08340457081794739,2848,6227,24814,2,0.8162048921542593,0.31382920110192836,0.9992982456140351,0.20060565059115362,0.7993943494088463
24816,YMR238W YKL214C,0.0,NA,0.08347053825855255,2848,6226,24815,2,0.8162343985128795,0.3138637866431563,0.9992982456140351,0.20057343513417739,0.7994265648658226
24817,YOR373W YPR017C,0.0,NA,0.08350194990634918,2848,6225,24816,2,0.8162639048714998,0.3138983798082222,0.9992982456140351,0.20054121967720112,0.7994587803227989
24818,YDR168W YER131W,0.0,NA,0.08351388573646545,2848,6224,24817,2,0.8162934112301201,0.31393298059964725,0.9992982456140351,0.20050900422022486,0.7994909957797751
24819,YMR050C YPR168W,0.0,NA,0.08356897532939911,2848,6223,24818,2,0.8163229175887404,0.3139675890199537,0.9992982456140351,0.20047678876324862,0.7995232112367514
24820,YER093C YGR281W,0.0,NA,0.08360990136861801,2848,6222,24819,2,0.8163524239473606,0.3140022050716648,0.9992982456140351,0.20044457330627236,0.7995554266937277
24821,YBR123C YMR270C,0.0,NA,0.08361002802848816,2848,6221,24820,2,0.8163819303059809,0.3140368287573051,0.9992982456140351,0.2004123578492961,0.7995876421507039
24822,YGR249W YNL151C,0.0,NA,0.08365260064601898,2848,6220,24821,2,0.8164114366646013,0.31407146007940007,0.9992982456140351,0.20038014239231983,0.7996198576076802
24823,tL(GAG)G YOR087W,0.0,NA,0.08368473500013351,2848,6219,24822,2,0.8164409430232215,0.3141060990404764,0.9992982456140351,0.2003479269353436,0.7996520730646565
24824,YJR137C YDL167C,0.0,NA,0.08381972461938858,2848,6218,24823,2,0.8164704493818418,0.314140745643062,0.9992982456140351,0.20031571147836733,0.7996842885216326
24825,YLR363C YDL119C,0.0,NA,0.08382906019687653,2848,6217,24824,2,0.8164999557404621,0.3141753998896856,0.9992982456140351,0.20028349602139106,0.7997165039786089
24826,YKR019C YBL014C,0.0,NA,0.08385433256626129,2848,6216,24825,2,0.8165294620990824,0.3142100617828773,0.9992982456140351,0.2002512805644148,0.7997487194355852
24827,YDR155C YLR466W,0.0,NA,0.08386543393135071,2848,6215,24826,2,0.8165589684577026,0.3142447313251683,0.9992982456140351,0.20021906510743856,0.7997809348925614
24828,YGL153W YJR160C,0.0,NA,0.0838978961110115,2848,6214,24827,2,0.8165884748163229,0.3142794085190907,0.9992982456140351,0.2001868496504623,0.7998131503495377
24829,YBR155W YMR054W,0.0,NA,0.08392846584320068,2848,6213,24828,2,0.8166179811749432,0.314314093367178,0.9992982456140351,0.20015463419348603,0.799845365806514
24830,YBR299W YKR035W-A,0.0,NA,0.08394724130630493,2848,6212,24829,2,0.8166474875335635,0.3143487858719647,0.9992982456140351,0.20012241873650977,0.7998775812634902
24831,YER114C YDR279W,0.0,NA,0.08397603780031204,2848,6211,24830,2,0.8166769938921837,0.3143834860359863,0.9992982456140351,0.20009020327953353,0.7999097967204665
24832,YER026C YJR106W,0.0,NA,0.08397909253835678,2848,6210,24831,2,0.816706500250804,0.31441819386177966,0.9992982456140351,0.20005798782255726,0.7999420121774428
24833,YNL329C YOR021C,0.0,NA,0.08403598517179489,2848,6209,24832,2,0.8167360066094244,0.3144529093518825,0.9992982456140351,0.200025772365581,0.7999742276344189
24834,YGL012W YCL066W,0.0,NA,0.08403602242469788,2848,6208,24833,2,0.8167655129680446,0.31448763250883394,0.9992982456140351,0.19999355690860474,0.8000064430913952
24835,YNR064C YOR179C,0.0,NA,0.0840872973203659,2848,6207,24834,2,0.8167950193266649,0.3145223633351739,0.9992982456140351,0.1999613414516285,0.8000386585483715
24836,YBR029C YNL279W,0.0,NA,0.08410472422838211,2848,6206,24835,2,0.8168245256852852,0.31455710183344376,0.9992982456140351,0.19992912599465223,0.8000708740053478
24837,YGL022W YNL015W,0.0,NA,0.08414563536643982,2848,6205,24836,2,0.8168540320439055,0.3145918480061858,0.9992982456140351,0.19989691053767597,0.800103089462324
24838,YML110C YLL039C,0.0,NA,0.0842011570930481,2848,6204,24837,2,0.8168835384025257,0.31462660185594343,0.9992982456140351,0.19986469508069973,0.8001353049193003
24839,YDR536W YLR210W,0.0,NA,0.08433328568935394,2848,6203,24838,2,0.816913044761146,0.3146613633852613,0.9992982456140351,0.19983247962372347,0.8001675203762766
24840,YGR054W YER159C,0.0,NA,0.08441433310508728,2848,6202,24839,2,0.8169425511197663,0.3146961325966851,0.9992982456140351,0.1998002641667472,0.8001997358332528
24841,YGR133W YNL072W,0.0,NA,0.0844353437423706,2848,6201,24840,2,0.8169720574783866,0.3147309094927616,0.9992982456140351,0.19976804870977094,0.8002319512902291
24842,YDR166C YDR287W,0.0,NA,0.08444962650537491,2848,6200,24841,2,0.8170015638370068,0.3147656940760389,0.9992982456140351,0.1997358332527947,0.8002641667472054
24843,YCL018W YOR226C,0.0,NA,0.0844750851392746,2848,6199,24842,2,0.8170310701956272,0.314800486349066,0.9992982456140351,0.19970361779581844,0.8002963822041815
24844,YOR080W YPR078C,0.0,NA,0.08452709764242172,2848,6198,24843,2,0.8170605765542475,0.3148352863143931,0.9992982456140351,0.19967140233884217,0.8003285976611578
24845,YKL046C snR11,0.0,NA,0.08465973287820816,2848,6197,24844,2,0.8170900829128678,0.3148700939745716,0.9992982456140351,0.1996391868818659,0.8003608131181341
24846,YDR103W YLR276C,0.0,NA,0.08466269075870514,2848,6196,24845,2,0.817119589271488,0.3149049093321539,0.9992982456140351,0.19960697142488967,0.8003930285751103
24847,YLR147C YBR238C,0.0,NA,0.08469118922948837,2848,6195,24846,2,0.8171490956301083,0.3149397323896937,0.9992982456140351,0.1995747559679134,0.8004252440320866
24848,YBR237W YDR075W,0.0,NA,0.08472634106874466,2848,6194,24847,2,0.8171786019887286,0.31497456314974565,0.9992982456140351,0.19954254051093714,0.8004574594890629
24849,YJR031C YDR065W,0.0,NA,0.08473467826843262,2848,6193,24848,2,0.8172081083473488,0.3150094016148656,0.9992982456140351,0.19951032505396088,0.8004896749460391
24850,tN(GUU)K YBR011C,0.0,NA,0.08475319296121597,2848,6192,24849,2,0.8172376147059691,0.31504424778761064,0.9992982456140351,0.19947810959698464,0.8005218904030154
24851,YBR058C YGL119W,0.0,NA,0.08476702868938446,2848,6191,24850,2,0.8172671210645894,0.31507910167053876,0.9992982456140351,0.19944589414000838,0.8005541058599916
24852,YGR163W YGR013W,0.0,NA,0.08478379249572754,2848,6190,24851,2,0.8172966274232097,0.31511396326620933,0.9992982456140351,0.19941367868303211,0.8005863213169678
24853,YKL104C YFL025C,0.0,NA,0.08481597900390625,2848,6189,24852,2,0.8173261337818299,0.3151488325771827,0.9992982456140351,0.19938146322605585,0.8006185367739441
24854,tQ(UUG)B YDR432W,0.0,NA,0.08482982963323593,2848,6188,24853,2,0.8173556401404503,0.3151837096060204,0.9992982456140351,0.1993492477690796,0.8006507522309204
24855,YKL190W YBL016W,0.0,NA,0.08490271121263504,2848,6187,24854,2,0.8173851464990706,0.315218594355285,0.9992982456140351,0.19931703231210335,0.8006829676878967
24856,YDL098C YKL196C,0.0,NA,0.08494269102811813,2848,6186,24855,2,0.8174146528576909,0.3152534868275404,0.9992982456140351,0.19928481685512708,0.8007151831448729
24857,YDR153C YGR148C,0.0,NA,0.0849614143371582,2848,6185,24856,2,0.8174441592163111,0.3152883870253515,0.9992982456140351,0.19925260139815082,0.8007473986018492
24858,snR42 YNL258C,0.0,NA,0.0849621593952179,2848,6184,24857,2,0.8174736655749314,0.3153232949512843,0.9992982456140351,0.19922038594117458,0.8007796140588255
24859,snR39B YOR035C,0.0,NA,0.08504005521535873,2848,6183,24858,2,0.8175031719335517,0.3153582106079061,0.9992982456140351,0.19918817048419832,0.8008118295158017
24860,YDR530C YOR338W,0.0,NA,0.08519788831472397,2848,6182,24859,2,0.8175326782921719,0.3153931339977852,0.9992982456140351,0.19915595502722205,0.800844044972778
24861,tA(AGC)M2 YJL176C,0.0,NA,0.08520293980836868,2848,6181,24860,2,0.8175621846507922,0.315428065123491,0.9992982456140351,0.19912373957024582,0.8008762604297542
24862,YJR145C YNL247W,0.0,NA,0.08520814031362534,2848,6180,24861,2,0.8175916910094125,0.31546300398759414,0.9992982456140351,0.19909152411326955,0.8009084758867304
24863,YKR028W YBL002W,0.0,NA,0.08521751314401627,2848,6179,24862,2,0.8176211973680328,0.31549795059266644,0.9992982456140351,0.1990593086562933,0.8009406913437067
24864,YLR176C tG(GCC)J1,0.0,NA,0.08523785322904587,2848,6178,24863,2,0.817650703726653,0.3155329049412807,0.9992982456140351,0.19902709319931702,0.800972906800683
24865,YBR161W snR128,0.0,NA,0.08525435626506805,2848,6177,24864,2,0.8176802100852734,0.3155678670360111,0.9992982456140351,0.1989948777423408,0.8010051222576592
24866,YJL108C YLL040C,0.0,NA,0.08530277013778687,2848,6176,24865,2,0.8177097164438937,0.31560283687943264,0.9992982456140351,0.19896266228536452,0.8010373377146355
24867,tG(GCC)M YBR066C,0.0,NA,0.08533217757940292,2848,6175,24866,2,0.817739222802514,0.3156378144741217,0.9992982456140351,0.19893044682838826,0.8010695531716118
24868,YGR161C-D YPR121W,0.0,NA,0.08533702045679092,2848,6174,24867,2,0.8177687291611342,0.3156727998226557,0.9992982456140351,0.198898231371412,0.801101768628588
24869,YPL031C YLR244C,0.0,NA,0.08539048582315445,2848,6173,24868,2,0.8177982355197545,0.31570779292761336,0.9992982456140351,0.19886601591443576,0.8011339840855642
24870,YBL093C YGL032C,0.0,NA,0.08539257198572159,2848,6172,24869,2,0.8178277418783748,0.31574279379157427,0.9992982456140351,0.1988338004574595,0.8011661995425405
24871,YGR089W YLR228C,0.0,NA,0.08543653041124344,2848,6171,24870,2,0.8178572482369951,0.3157778024171194,0.9992982456140351,0.19880158500048323,0.8011984149995167
24872,YOR192C-A YNR058W,0.0,NA,0.08545056730508804,2848,6170,24871,2,0.8178867545956153,0.31581281880683076,0.9992982456140351,0.19876936954350696,0.801230630456493
24873,YFR003C YHR086W,0.0,NA,0.08559971302747726,2848,6169,24872,2,0.8179162609542356,0.31584784296329155,0.9992982456140351,0.19873715408653073,0.8012628459134693
24874,YBR213W YER044C,0.0,NA,0.08564749360084534,2848,6168,24873,2,0.817945767312856,0.31588287488908606,0.9992982456140351,0.19870493862955446,0.8012950613704456
24875,YOR123C YLR310C,0.0,NA,0.08572167158126831,2848,6167,24874,2,0.8179752736714762,0.3159179145867998,0.9992982456140351,0.1986727231725782,0.8013272768274218
24876,YJL035C YMR208W,0.0,NA,0.08573884516954422,2848,6166,24875,2,0.8180047800300965,0.3159529620590193,0.9992982456140351,0.19864050771560193,0.8013594922843981
24877,YOR324C YLR075W,0.0,NA,0.08574949204921722,2848,6165,24876,2,0.8180342863887168,0.3159880173083324,0.9992982456140351,0.1986082922586257,0.8013917077413744
24878,YLR378C YDR419W,0.0,NA,0.08583704382181168,2848,6164,24877,2,0.8180637927473371,0.316023080337328,0.9992982456140351,0.19857607680164943,0.8014239231983505
24879,YFL049W YGR277C,0.0,NA,0.08584962040185928,2848,6163,24878,2,0.8180932991059573,0.31605815114859614,0.9992982456140351,0.19854386134467317,0.8014561386553268
24880,YJR040W YHR085W,0.0,NA,0.0858684778213501,2848,6162,24879,2,0.8181228054645776,0.3160932297447281,0.9992982456140351,0.19851164588769693,0.8014883541123031
24881,YFR005C YDL080C,0.0,NA,0.08595854043960571,2848,6161,24880,2,0.8181523118231979,0.31612831612831616,0.9992982456140351,0.19847943043072067,0.8015205695692793
24882,YGR098C YGR013W,0.0,NA,0.08596324920654297,2848,6160,24881,2,0.8181818181818182,0.31616341030195383,0.9992982456140351,0.1984472149737444,0.8015527850262556
24883,YCL066W YKR072C,0.0,NA,0.08601610362529755,2848,6159,24882,2,0.8182113245404384,0.3161985122682358,0.9992982456140351,0.19841499951676814,0.8015850004832319
24884,YKL192C YCR017C,0.0,NA,0.08603710681200027,2848,6158,24883,2,0.8182408308990587,0.31623362202975797,0.9992982456140351,0.1983827840597919,0.8016172159402081
24885,YKR085C YDL006W,0.0,NA,0.08606447279453278,2848,6157,24884,2,0.8182703372576791,0.31626873958911716,0.9992982456140351,0.19835056860281564,0.8016494313971844
24886,YOR073W YNL259C,0.0,NA,0.08606875687837601,2848,6156,24885,2,0.8182998436162993,0.3163038649489116,0.9992982456140351,0.19831835314583937,0.8016816468541607
24887,tH(GUG)E1 YIR019C,0.0,NA,0.08609700202941895,2848,6155,24886,2,0.8183293499749196,0.31633899811174054,0.9992982456140351,0.1982861376888631,0.8017138623111368
24888,YML103C YNR058W,0.0,NA,0.08610536903142929,2848,6154,24887,2,0.8183588563335399,0.3163741390802044,0.9992982456140351,0.19825392223188687,0.8017460777681131
24889,YHR092C tG(GCC)C,0.0,NA,0.0861092135310173,2848,6153,24888,2,0.8183883626921602,0.3164092878569048,0.9992982456140351,0.1982217067749106,0.8017782932250894
24890,YPL093W tQ(UUG)L,0.0,NA,0.08612720668315887,2848,6152,24889,2,0.8184178690507804,0.3164444444444444,0.9992982456140351,0.19818949131793434,0.8018105086820656
24891,Q0250 YML006C,0.0,NA,0.0861506387591362,2848,6151,24890,2,0.8184473754094007,0.31647960884542725,0.9992982456140351,0.19815727586095808,0.8018427241390419
24892,snR44 YMR198W,0.0,NA,0.08618686348199844,2848,6150,24891,2,0.818476881768021,0.31651478106245834,0.9992982456140351,0.19812506040398184,0.8018749395960182
24893,YOR026W YDL007W,0.0,NA,0.0862131267786026,2848,6149,24892,2,0.8185063881266413,0.3165499610981438,0.9992982456140351,0.19809284494700558,0.8019071550529945
24894,YFR050C YKL018W,0.0,NA,0.08628617227077484,2848,6148,24893,2,0.8185358944852615,0.31658514895509116,0.9992982456140351,0.1980606294900293,0.8019393705099707
24895,YPL016W YFR036W,0.0,NA,0.0863848328590393,2848,6147,24894,2,0.8185654008438819,0.3166203446359088,0.9992982456140351,0.19802841403305305,0.801971585966947
24896,YER178W YOR293W,0.0,NA,0.08642440289258957,2848,6146,24895,2,0.8185949072025022,0.31665554814320657,0.9992982456140351,0.1979961985760768,0.8020038014239232
24897,YDL137W YOR249C,0.0,NA,0.08649158477783203,2848,6145,24896,2,0.8186244135611225,0.31669075947959524,0.9992982456140351,0.19796398311910055,0.8020360168808994
24898,tQ(UUG)E2 YAL014C,0.0,NA,0.08649811893701553,2848,6144,24897,2,0.8186539199197427,0.3167259786476868,0.9992982456140351,0.19793176766212428,0.8020682323378757
24899,YBL105C YPL126W,0.0,NA,0.0865526795387268,2848,6143,24898,2,0.818683426278363,0.3167612056500945,0.9992982456140351,0.19789955220514804,0.802100447794852
24900,tS(AGA)J YKR068C,0.0,NA,0.0866067185997963,2848,6142,24899,2,0.8187129326369833,0.31679644048943273,0.9992982456140351,0.19786733674817178,0.8021326632518282
24901,YGL077C YJL168C,0.0,NA,0.08661933243274689,2848,6141,24900,2,0.8187424389956035,0.31683168316831684,0.9992982456140351,0.19783512129119551,0.8021648787088045
24902,YML065W YCL008C,0.0,NA,0.08662041276693344,2848,6140,24901,2,0.8187719453542238,0.3168669336893636,0.9992982456140351,0.19780290583421925,0.8021970941657808
24903,YBR276C YKL062W,0.0,NA,0.0866875872015953,2848,6139,24902,2,0.8188014517128441,0.3169021920551908,0.9992982456140351,0.197770690377243,0.802229309622757
24904,YCR038C YKL197C,0.0,NA,0.08671001344919205,2848,6138,24903,2,0.8188309580714644,0.3169374582684175,0.9992982456140351,0.19773847492026675,0.8022615250797333
24905,YDL134C YHR061C,0.0,NA,0.08677501976490021,2848,6137,24904,2,0.8188604644300846,0.3169727323316639,0.9992982456140351,0.19770625946329048,0.8022937405367095
24906,YPR154W YDR141C,0.0,NA,0.08678292483091354,2848,6136,24905,2,0.818889970788705,0.3170080142475512,0.9992982456140351,0.19767404400631422,0.8023259559936857
24907,snR5 YDR054C,0.0,NA,0.0868108943104744,2848,6135,24906,2,0.8189194771473253,0.317043304018702,0.9992982456140351,0.19764182854933798,0.802358171450662
24908,YGR109W-A YJR001W,0.0,NA,0.08682362735271454,2848,6134,24907,2,0.8189489835059456,0.31707860164773993,0.9992982456140351,0.19760961309236172,0.8023903869076383
24909,YPL257W-B YGL011C,0.0,NA,0.08682362735271454,2848,6133,24908,2,0.8189784898645658,0.3171139071372898,0.9992982456140351,0.19757739763538545,0.8024226023646145
24910,YJR016C YCR020W-B,0.0,NA,0.08700322359800339,2848,6132,24909,2,0.8190079962231861,0.31714922048997773,0.9992982456140351,0.1975451821784092,0.8024548178215908
24911,tS(AGA)B YDR183W,0.0,NA,0.08714134246110916,2848,6131,24910,2,0.8190375025818064,0.3171845417084308,0.9992982456140351,0.19751296672143295,0.8024870332785671
24912,snR66 YOR138C,0.0,NA,0.08714354783296585,2848,6130,24911,2,0.8190670089404266,0.31721987079527736,0.9992982456140351,0.1974807512644567,0.8025192487355434
24913,YGL025C YDR459C,0.0,NA,0.08720235526561737,2848,6129,24912,2,0.8190965152990469,0.3172552077531469,0.9992982456140351,0.19744853580748042,0.8025514641925195
24914,YEL057C YOR339C,0.0,NA,0.0872446745634079,2848,6128,24913,2,0.8191260216576672,0.3172905525846702,0.9992982456140351,0.19741632035050416,0.8025836796494958
24915,tR(UCU)M1 YDR173C,0.0,NA,0.08726223558187485,2848,6127,24914,2,0.8191555280162875,0.3173259052924791,0.9992982456140351,0.19738410489352792,0.8026158951064721
24916,YDR098C YKL045W,0.0,NA,0.08728776127099991,2848,6126,24915,2,0.8191850343749078,0.3173612658792066,0.9992982456140351,0.19735188943655166,0.8026481105634483
24917,YKL101W YDL043C,0.0,NA,0.0872919037938118,2848,6125,24916,2,0.8192145407335281,0.3173966343474869,0.9992982456140351,0.1973196739795754,0.8026803260204246
24918,YML040W YML098W,0.0,NA,0.08731165528297424,2848,6124,24917,2,0.8192440470921484,0.3174320106999554,0.9992982456140351,0.19728745852259913,0.8027125414774009
24919,YCL016C YNL209W,0.0,NA,0.0873124971985817,2848,6123,24918,2,0.8192735534507687,0.3174673949392487,0.9992982456140351,0.1972552430656229,0.8027447569343771
24920,YGL178W tQ(UUG)E1,0.0,NA,0.0873640701174736,2848,6122,24919,2,0.8193030598093889,0.31750278706800444,0.9992982456140351,0.19722302760864663,0.8027769723913534
24921,tL(GAG)G YCR037C,0.0,NA,0.08736836910247803,2848,6121,24920,2,0.8193325661680092,0.3175381870888616,0.9992982456140351,0.19719081215167036,0.8028091878483297
24922,YML031W YBR257W,0.0,NA,0.08737543970346451,2848,6120,24921,2,0.8193620725266295,0.3175735950044603,0.9992982456140351,0.19715859669469413,0.8028414033053058
24923,YPL121C YJL045W,0.0,NA,0.08741426467895508,2848,6119,24922,2,0.8193915788852497,0.31760901081744175,0.9992982456140351,0.19712638123771786,0.8028736187622821
24924,YER064C YLR113W,0.0,NA,0.08741682022809982,2848,6118,24923,2,0.81942108524387,0.3176444345304484,0.9992982456140351,0.1970941657807416,0.8029058342192584
24925,YGR244C YOR157C,0.0,NA,0.08745783567428589,2848,6117,24924,2,0.8194505916024903,0.3176798661461238,0.9992982456140351,0.19706195032376533,0.8029380496762346
24926,YMR212C YKR002W,0.0,NA,0.08753688633441925,2848,6116,24925,2,0.8194800979611107,0.31771530566711287,0.9992982456140351,0.1970297348667891,0.8029702651332109
24927,YKR039W YOR254C,0.0,NA,0.08754224330186844,2848,6115,24926,2,0.8195096043197309,0.3177507530960616,0.9992982456140351,0.19699751940981283,0.8030024805901872
24928,tC(GCA)P1 YLR120C,0.0,NA,0.08759131282567978,2848,6114,24927,2,0.8195391106783512,0.31778620843561706,0.9992982456140351,0.19696530395283657,0.8030346960471634
24929,YDL140C YPL047W,0.0,NA,0.08769349008798599,2848,6113,24928,2,0.8195686170369715,0.3178216716884276,0.9992982456140351,0.1969330884958603,0.8030669115041397
24930,YPL082C YLR103C,0.0,NA,0.087709940969944,2848,6112,24929,2,0.8195981233955918,0.31785714285714284,0.9992982456140351,0.19690087303888407,0.803099126961116
24931,YPL113C YER073W,0.0,NA,0.08771030604839325,2848,6111,24930,2,0.819627629754212,0.3178926219444134,0.9992982456140351,0.1968686575819078,0.8031313424180923
24932,YJL157C YML043C,0.0,NA,0.0878319963812828,2848,6110,24931,2,0.8196571361128323,0.31792810895289125,0.9992982456140351,0.19683644212493154,0.8031635578750684
24933,YOR190W tE(UUC)C,0.0,NA,0.08790571987628937,2848,6109,24932,2,0.8196866424714526,0.31796360388522943,0.9992982456140351,0.19680422666795527,0.8031957733320447
24934,YHR043C snR13,0.0,NA,0.08798643946647644,2848,6108,24933,2,0.8197161488300729,0.31799910674408216,0.9992982456140351,0.19677201121097904,0.803227988789021
24935,YNL037C YNL239W,0.0,NA,0.08800000697374344,2848,6107,24934,2,0.8197456551886931,0.318034617532105,0.9992982456140351,0.19673979575400277,0.8032602042459972
24936,YIL053W YOR020C,0.0,NA,0.0880366787314415,2848,6106,24935,2,0.8197751615473134,0.31807013625195446,0.9992982456140351,0.1967075802970265,0.8032924197029735
24937,YFR001W YAL012W,0.0,NA,0.08805367350578308,2848,6105,24936,2,0.8198046679059338,0.3181056629062884,0.9992982456140351,0.19667536484005024,0.8033246351599498
24938,YER031C YPR158C-C,0.0,NA,0.08809978514909744,2848,6104,24937,2,0.819834174264554,0.31814119749776587,0.9992982456140351,0.196643149383074,0.803356850616926
24939,YOR243C YJL140W,0.0,NA,0.0881614238023758,2848,6103,24938,2,0.8198636806231743,0.31817674002904706,0.9992982456140351,0.19661093392609774,0.8033890660739023
24940,YGR283C YBR077C,0.0,NA,0.08820971846580505,2848,6102,24939,2,0.8198931869817946,0.3182122905027933,0.9992982456140351,0.19657871846912148,0.8034212815308786
24941,YLR350W YPR182W,0.0,NA,0.08821777254343033,2848,6101,24940,2,0.8199226933404149,0.31824784892166724,0.9992982456140351,0.19654650301214524,0.8034534969878547
24942,YMR092C YML074C,0.0,NA,0.08827205747365952,2848,6100,24941,2,0.8199521996990351,0.3182834152883326,0.9992982456140351,0.19651428755516898,0.803485712444831
24943,YBR009C YNL251C,0.0,NA,0.0882745161652565,2848,6099,24942,2,0.8199817060576554,0.31831898960545435,0.9992982456140351,0.1964820720981927,0.8035179279018073
24944,YKL018W YGL038C,0.0,NA,0.08840254694223404,2848,6098,24943,2,0.8200112124162757,0.31835457187569866,0.9992982456140351,0.19644985664121645,0.8035501433587835
24945,YLL046C YDR381W,0.0,NA,0.08840490877628326,2848,6097,24944,2,0.820040718774896,0.3183901621017328,0.9992982456140351,0.1964176411842402,0.8035823588157598
24946,YMR212C YPL061W,0.0,NA,0.08844390511512756,2848,6096,24945,2,0.8200702251335162,0.3184257602862254,0.9992982456140351,0.19638542572726395,0.8036145742727361
24947,YLR048W YOL093W,0.0,NA,0.08850015699863434,2848,6095,24946,2,0.8200997314921366,0.31846136643184614,0.9992982456140351,0.19635321027028768,0.8036467897297123
24948,YJR103W YIL007C,0.0,NA,0.08854813873767853,2848,6094,24947,2,0.8201292378507569,0.31849698054126596,0.9992982456140351,0.19632099481331142,0.8036790051866886
24949,YLL005C YMR199W,0.0,NA,0.08856195956468582,2848,6093,24948,2,0.8201587442093771,0.31853260261715693,0.9992982456140351,0.19628877935633518,0.8037112206436648
24950,YIL142W YGR256W,0.0,NA,0.08861204236745834,2848,6092,24949,2,0.8201882505679974,0.3185682326621924,0.9992982456140351,0.19625656389935892,0.8037434361006411
24951,YBR029C YDL109C,0.0,NA,0.08861838281154633,2848,6091,24950,2,0.8202177569266177,0.3186038706790469,0.9992982456140351,0.19622434844238265,0.8037756515576173
24952,YOR030W YPR194C,0.0,NA,0.08862090110778809,2848,6090,24951,2,0.820247263285238,0.3186395166703961,0.9992982456140351,0.1961921329854064,0.8038078670145936
24953,YLR181C YPR129W,0.0,NA,0.08867160230875015,2848,6089,24952,2,0.8202767696438582,0.31867517063891687,0.9992982456140351,0.19615991752843015,0.8038400824715699
24954,YER144C YPL033C,0.0,NA,0.08867562562227249,2848,6088,24953,2,0.8203062760024785,0.3187108325872874,0.9992982456140351,0.19612770207145389,0.8038722979285461
24955,tA(AGC)P YER179W,0.0,NA,0.08870485424995422,2848,6087,24954,2,0.8203357823610988,0.3187465025181869,0.9992982456140351,0.19609548661447762,0.8039045133855224
24956,YOL117W YIL009C-A,0.0,NA,0.08880962431430817,2848,6086,24955,2,0.8203652887197191,0.31878218043429596,0.9992982456140351,0.19606327115750136,0.8039367288424987
24957,YPR095C YGL247W,0.0,NA,0.08886116743087769,2848,6085,24956,2,0.8203947950783393,0.31881786633829623,0.9992982456140351,0.19603105570052512,0.8039689442994749
24958,YDR437W YPR008W,0.0,NA,0.08889784663915634,2848,6084,24957,2,0.8204243014369597,0.3188535602328706,0.9992982456140351,0.19599884024354886,0.8040011597564511
24959,YMR313C YCL050C,0.0,NA,0.08892392367124557,2848,6083,24958,2,0.82045380779558,0.3188892621207032,0.9992982456140351,0.1959666247865726,0.8040333752134274
24960,YAL031C YMR312W,0.0,NA,0.08899194002151489,2848,6082,24959,2,0.8204833141542003,0.3189249720044793,0.9992982456140351,0.19593440932959635,0.8040655906704036
24961,tR(UCU)B YGR170W,0.0,NA,0.08903010189533234,2848,6081,24960,2,0.8205128205128205,0.3189606898868854,0.9992982456140351,0.1959021938726201,0.8040978061273799
24962,YOL135C YOR138C,0.0,NA,0.0890994518995285,2848,6080,24961,2,0.8205423268714408,0.31899641577060933,0.9992982456140351,0.19586997841564383,0.8041300215843562
24963,YGR140W tV(UAC)B,0.0,NA,0.08924303203821182,2848,6079,24962,2,0.8205718332300611,0.31903214965833987,0.9992982456140351,0.19583776295866756,0.8041622370413324
24964,YDL126C YHR085W,0.0,NA,0.08924508839845657,2848,6078,24963,2,0.8206013395886813,0.3190678915527672,0.9992982456140351,0.19580554750169132,0.8041944524983087
24965,YPR181C YER118C,0.0,NA,0.08925183862447739,2848,6077,24964,2,0.8206308459473016,0.31910364145658265,0.9992982456140351,0.19577333204471506,0.804226667955285
24966,YOR036W YKL108W,0.0,NA,0.08940885961055756,2848,6076,24965,2,0.8206603523059219,0.3191393993724787,0.9992982456140351,0.1957411165877388,0.8042588834122611
24967,YKL174C tQ(UUG)C,0.0,NA,0.08942446857690811,2848,6075,24966,2,0.8206898586645422,0.31917516530314916,0.9992982456140351,0.19570890113076253,0.8042910988692374
24968,YMR091C YJL207C,0.0,NA,0.08946582674980164,2848,6074,24967,2,0.8207193650231625,0.31921093925128896,0.9992982456140351,0.1956766856737863,0.8043233143262137
24969,YBR101C YDR054C,0.0,NA,0.08951415866613388,2848,6073,24968,2,0.8207488713817828,0.31924672121959424,0.9992982456140351,0.19564447021681003,0.80435552978319
24970,YJL044C YNL312W,0.0,NA,0.08955597132444382,2848,6072,24969,2,0.8207783777404031,0.31928251121076234,0.9992982456140351,0.19561225475983376,0.8043877452401662
24971,YMR283C YDL131W,0.0,NA,0.08957461267709732,2848,6071,24970,2,0.8208078840990234,0.3193183092274919,0.9992982456140351,0.1955800393028575,0.8044199606971425
24972,YHR064C YNR032W,0.0,NA,0.0896320641040802,2848,6070,24971,2,0.8208373904576436,0.31935411527248264,0.9992982456140351,0.19554782384588126,0.8044521761541188
24973,YPL164C YGL027C,0.0,NA,0.08967907726764679,2848,6069,24972,2,0.8208668968162639,0.3193899293484356,0.9992982456140351,0.195515608388905,0.804484391611095
24974,YJL174W YML121W,0.0,NA,0.08974722027778625,2848,6068,24973,2,0.8208964031748842,0.31942575145805296,0.9992982456140351,0.19548339293192873,0.8045166070680713
24975,YBR076W YCR047C,0.0,NA,0.08977336436510086,2848,6067,24974,2,0.8209259095335044,0.31946158160403815,0.9992982456140351,0.19545117747495247,0.8045488225250476
24976,YDL140C YDR272W,0.0,NA,0.08985787630081177,2848,6066,24975,2,0.8209554158921247,0.3194974197890958,0.9992982456140351,0.19541896201797623,0.8045810379820237
24977,YIR022W YKL112W,0.0,NA,0.08989235758781433,2848,6065,24976,2,0.820984922250745,0.3195332660159318,0.9992982456140351,0.19538674656099997,0.804613253439
24978,YOR371C YKR031C,0.0,NA,0.08990741521120071,2848,6064,24977,2,0.8210144286093654,0.31956912028725315,0.9992982456140351,0.1953545311040237,0.8046454688959763
24979,YDR538W YOR310C,0.0,NA,0.08991388976573944,2848,6063,24978,2,0.8210439349679856,0.31960498260576814,0.9992982456140351,0.19532231564704744,0.8046776843529525
24980,YKL086W YMR283C,0.0,NA,0.0899275466799736,2848,6062,24979,2,0.8210734413266059,0.3196408529741863,0.9992982456140351,0.1952901001900712,0.8047098998099288
24981,YDR409W YMR192W,0.0,NA,0.08995912969112396,2848,6061,24980,2,0.8211029476852262,0.3196767313952183,0.9992982456140351,0.19525788473309494,0.8047421152669051
24982,tE(UUC)E1 snR13,0.0,NA,0.08999426662921906,2848,6060,24981,2,0.8211324540438465,0.3197126178715761,0.9992982456140351,0.19522566927611867,0.8047743307238813
24983,YLR319C tR(UCU)M1,0.0,NA,0.09000398963689804,2848,6059,24982,2,0.8211619604024667,0.31974851240597285,0.9992982456140351,0.19519345381914244,0.8048065461808576
24984,YDR303C tQ(UUG)D1,0.0,NA,0.09000813215970993,2848,6058,24983,2,0.821191466761087,0.3197844150011228,0.9992982456140351,0.19516123836216617,0.8048387616378339
24985,YMR045C YEL053C,0.0,NA,0.0900987833738327,2848,6057,24984,2,0.8212209731197073,0.3198203256597417,0.9992982456140351,0.1951290229051899,0.80487097709481
24986,YMR172W YDL095W,0.0,NA,0.0901167243719101,2848,6056,24985,2,0.8212504794783276,0.3198562443845463,0.9992982456140351,0.19509680744821364,0.8049031925517863
24987,YEL044W YPL101W,0.0,NA,0.09016235917806625,2848,6055,24986,2,0.8212799858369478,0.3198921711782545,0.9992982456140351,0.1950645919912374,0.8049354080087626
24988,YGR060W YLR088W,0.0,NA,0.09016643464565277,2848,6054,24987,2,0.8213094921955681,0.31992810604358574,0.9992982456140351,0.19503237653426114,0.8049676234657389
24989,YHR019C YOR043W,0.0,NA,0.09026243537664413,2848,6053,24988,2,0.8213389985541885,0.3199640489832603,0.9992982456140351,0.19500016107728488,0.8049998389227151
24990,YGR212W YDR334W,0.0,NA,0.0903540551662445,2848,6052,24989,2,0.8213685049128087,0.32,0.9992982456140351,0.1949679456203086,0.8050320543796914
24991,YDR196C YKR055W,0.0,NA,0.09035685658454895,2848,6051,24990,2,0.821398011271429,0.3200359590965277,0.9992982456140351,0.19493573016333238,0.8050642698366677
24992,YGR217W YJL030W,0.0,NA,0.09039643406867981,2848,6050,24991,2,0.8214275176300493,0.3200719262755675,0.9992982456140351,0.1949035147063561,0.8050964852936439
24993,tI(AAU)L1 YDR118W,0.0,NA,0.09043294191360474,2848,6049,24992,2,0.8214570239886696,0.3201079015398449,0.9992982456140351,0.19487129924937985,0.8051287007506202
24994,YDL098C YHR109W,0.0,NA,0.09045898914337158,2848,6048,24993,2,0.8214865303472898,0.32014388489208634,0.9992982456140351,0.19483908379240358,0.8051609162075964
24995,YPR056W YHL028W,0.0,NA,0.09050404280424118,2848,6047,24994,2,0.8215160367059101,0.32017987633501965,0.9992982456140351,0.19480686833542735,0.8051931316645726
24996,YOL008W YNL068C,0.0,NA,0.09050542861223221,2848,6046,24995,2,0.8215455430645304,0.32021587587137396,0.9992982456140351,0.19477465287845108,0.8052253471215489
24997,YMR005W YOR242C,0.0,NA,0.0905158519744873,2848,6045,24996,2,0.8215750494231507,0.32025188350387945,0.9992982456140351,0.19474243742147482,0.8052575625785252
24998,YLR026C YGL084C,0.0,NA,0.0905202105641365,2848,6044,24997,2,0.8216045557817709,0.3202878992352677,0.9992982456140351,0.19471022196449855,0.8052897780355014
24999,YOR087W YPR171W,0.0,NA,0.09054942429065704,2848,6043,24998,2,0.8216340621403913,0.3203239230682713,0.9992982456140351,0.19467800650752232,0.8053219934924777
25000,YOR324C YJR013W,0.0,NA,0.09057018160820007,2848,6042,24999,2,0.8216635684990116,0.3203599550056243,0.9992982456140351,0.19464579105054605,0.805354208949454
25001,YNL192W YBR165W,0.0,NA,0.09063954651355743,2848,6041,25000,2,0.8216930748576318,0.3203959950500619,0.9992982456140351,0.1946135755935698,0.8053864244064302
25002,YPR158C-C YGL027C,0.0,NA,0.09070301055908203,2848,6040,25001,2,0.8217225812162521,0.32043204320432045,0.9992982456140351,0.19458136013659355,0.8054186398634064
25003,YNR020C YBR189W,0.0,NA,0.09073159098625183,2848,6039,25002,2,0.8217520875748724,0.32046809947113764,0.9992982456140351,0.1945491446796173,0.8054508553203827
25004,YER007C-A YGL175C,0.0,NA,0.09073946624994278,2848,6038,25003,2,0.8217815939334927,0.3205041638532523,0.9992982456140351,0.19451692922264102,0.8054830707773589
25005,YDR098C YGR047C,0.0,NA,0.0907512679696083,2848,6037,25004,2,0.8218111002921129,0.3205402363534046,0.9992982456140351,0.19448471376566476,0.8055152862343352
25006,YBL071W-A YDR073W,0.0,NA,0.09079785645008087,2848,6036,25005,2,0.8218406066507332,0.32057631697433586,0.9992982456140351,0.19445249830868852,0.8055475016913115
25007,YNL333W YLL010C,0.0,NA,0.0908002257347107,2848,6035,25006,2,0.8218701130093535,0.3206124057187887,0.9992982456140351,0.19442028285171226,0.8055797171482878
25008,YKL048C YDR245W,0.0,NA,0.09082687646150589,2848,6034,25007,2,0.8218996193679738,0.3206485025895069,0.9992982456140351,0.194388067394736,0.805611932605264
25009,YML103C YDR308C,0.0,NA,0.09093108028173447,2848,6033,25008,2,0.821929125726594,0.32068460758923545,0.9992982456140351,0.19435585193775973,0.8056441480622403
25010,YGL200C YLR212C,0.0,NA,0.09095524251461029,2848,6032,25009,2,0.8219586320852144,0.3207207207207207,0.9992982456140351,0.1943236364807835,0.8056763635192166
25011,YGL103W YHR214C-B,0.0,NA,0.09100217372179031,2848,6031,25010,2,0.8219881384438347,0.32075684198671023,0.9992982456140351,0.19429142102380723,0.8057085789761927
25012,YNL051W tR(ACG)O,0.0,NA,0.0910198837518692,2848,6030,25011,2,0.822017644802455,0.3207929713899527,0.9992982456140351,0.19425920556683096,0.805740794433169
25013,YMR212C YJL129C,0.0,NA,0.09105101227760315,2848,6029,25012,2,0.8220471511610752,0.32082910893319816,0.9992982456140351,0.1942269901098547,0.8057730098901453
25014,YML049C YLR360W,0.0,NA,0.09105578809976578,2848,6028,25013,2,0.8220766575196955,0.32086525461919785,0.9992982456140351,0.19419477465287846,0.8058052253471215
25015,YIL094C YER159C-A,0.0,NA,0.09106332808732986,2848,6027,25014,2,0.8221061638783158,0.32090140845070425,0.9992982456140351,0.1941625591959022,0.8058374408040978
25016,YOR332W YNL139C,0.0,NA,0.09108614921569824,2848,6026,25015,2,0.822135670236936,0.32093757043047105,0.9992982456140351,0.19413034373892593,0.8058696562610741
25017,YML082W YOR180C,0.0,NA,0.0911068394780159,2848,6025,25016,2,0.8221651765955563,0.3209737405612532,0.9992982456140351,0.19409812828194967,0.8059018717180503
25018,YLR192C YML008C,0.0,NA,0.09111551940441132,2848,6024,25017,2,0.8221946829541766,0.32100991884580704,0.9992982456140351,0.19406591282497343,0.8059340871750266
25019,YLR231C YFR014C,0.0,NA,0.09111963212490082,2848,6023,25018,2,0.822224189312797,0.32104610528688987,0.9992982456140351,0.19403369736799717,0.8059663026320029
25020,tR(UCU)B YLL028W,0.0,NA,0.09115474671125412,2848,6022,25019,2,0.8222536956714172,0.32108229988726045,0.9992982456140351,0.1940014819110209,0.805998518088979
25021,YGL127C YPL085W,0.0,NA,0.09127019345760345,2848,6021,25020,2,0.8222832020300375,0.32111850264967867,0.9992982456140351,0.19396926645404466,0.8060307335459553
25022,YOR084W YGL021W,0.0,NA,0.09127815067768097,2848,6020,25021,2,0.8223127083886578,0.3211547135769057,0.9992982456140351,0.1939370509970684,0.8060629490029316
25023,YDR207C YPR187W,0.0,NA,0.09138962626457214,2848,6019,25022,2,0.8223422147472781,0.32119093267170407,0.9992982456140351,0.19390483554009214,0.8060951644599078
25024,YPL257W-A YOR090C,0.0,NA,0.09142491221427917,2848,6018,25023,2,0.8223717211058983,0.32122715993683737,0.9992982456140351,0.19387262008311587,0.8061273799168841
25025,YDL127W YBR274W,0.0,NA,0.09145014733076096,2848,6017,25024,2,0.8224012274645186,0.3212633953750705,0.9992982456140351,0.19384040462613963,0.8061595953738604
25026,YBR067C YOL068C,0.0,NA,0.09151074290275574,2848,6016,25025,2,0.8224307338231389,0.3212996389891697,0.9992982456140351,0.19380818916916337,0.8061918108308367
25027,YBR095C YPL195W,0.0,NA,0.09157411009073257,2848,6015,25026,2,0.8224602401817591,0.3213358907819023,0.9992982456140351,0.1937759737121871,0.8062240262878129
25028,YDR023W YBR004C,0.0,NA,0.09157755970954895,2848,6014,25027,2,0.8224897465403794,0.32137215075603703,0.9992982456140351,0.19374375825521084,0.8062562417447892
25029,YER073W YEL053C,0.0,NA,0.09162961691617966,2848,6013,25028,2,0.8225192528989997,0.32140841891434374,0.9992982456140351,0.1937115427982346,0.8062884572017655
25030,YLR066W YGR120C,0.0,NA,0.0916631668806076,2848,6012,25029,2,0.82254875925762,0.3214446952595937,0.9992982456140351,0.19367932734125834,0.8063206726587416
25031,YIL126W YPR158C-D,0.0,NA,0.09166669845581055,2848,6011,25030,2,0.8225782656162403,0.3214809797945592,0.9992982456140351,0.19364711188428207,0.8063528881157179
25032,YJR028W YNL117W,0.0,NA,0.09167023003101349,2848,6010,25031,2,0.8226077719748606,0.321517272522014,0.9992982456140351,0.1936148964273058,0.8063851035726942
25033,YLR286C YER072W,0.0,NA,0.09167070686817169,2848,6009,25032,2,0.8226372783334809,0.32155357344473295,0.9992982456140351,0.19358268097032957,0.8064173190296704
25034,YDR044W YCL050C,0.0,NA,0.09168043732643127,2848,6008,25033,2,0.8226667846921012,0.3215898825654923,0.9992982456140351,0.1935504655133533,0.8064495344866467
25035,YGR247W YOL103W-A,0.0,NA,0.09178780764341354,2848,6007,25034,2,0.8226962910507214,0.3216261998870695,0.9992982456140351,0.19351825005637704,0.806481749943623
25036,YOR370C YBR110W,0.0,NA,0.09180932492017746,2848,6006,25035,2,0.8227257974093417,0.32166252541224305,0.9992982456140351,0.19348603459940078,0.8065139654005992
25037,YDR005C Q0045,0.0,NA,0.09182987362146378,2848,6005,25036,2,0.822755303767962,0.3216988591437931,0.9992982456140351,0.19345381914242454,0.8065461808575755
25038,YDR437W YGR010W,0.0,NA,0.09187964349985123,2848,6004,25037,2,0.8227848101265823,0.32173520108450065,0.9992982456140351,0.19342160368544828,0.8065783963145517
25039,YOR229W YGL040C,0.0,NA,0.09194814413785934,2848,6003,25038,2,0.8228143164852025,0.32177155123714835,0.9992982456140351,0.19338938822847201,0.8066106117715279
25040,YKR094C snR58,0.0,NA,0.09197139739990234,2848,6002,25039,2,0.8228438228438228,0.32180790960451977,0.9992982456140351,0.19335717277149575,0.8066428272285042
25041,YML071C YLR100W,0.0,NA,0.09198083728551865,2848,6001,25040,2,0.8228733292024432,0.3218442761893999,0.9992982456140351,0.1933249573145195,0.8066750426854805
25042,YDR144C YPL116W,0.0,NA,0.09198951721191406,2848,6000,25041,2,0.8229028355610634,0.321880650994575,0.9992982456140351,0.19329274185754325,0.8067072581424567
25043,YBR165W tE(CUC)D,0.0,NA,0.09203170239925385,2848,5999,25042,2,0.8229323419196837,0.3219170340228326,0.9992982456140351,0.19326052640056698,0.806739473599433
25044,BLM3 YKL052C,0.0,NA,0.09211326390504837,2848,5998,25043,2,0.822961848278304,0.32195342527696136,0.9992982456140351,0.19322831094359075,0.8067716890564093
25045,YJL044C YPR144C,0.0,NA,0.09224662184715271,2848,5997,25044,2,0.8229913546369243,0.3219898247597513,0.9992982456140351,0.19319609548661448,0.8068039045133856
25046,YLR410W-B YGL064C,0.0,NA,0.09227365255355835,2848,5996,25045,2,0.8230208609955445,0.32202623247399365,0.9992982456140351,0.19316388002963822,0.8068361199703618
25047,YLR332W YPL210C,0.0,NA,0.09230197221040726,2848,5995,25046,2,0.8230503673541648,0.32206264842248106,0.9992982456140351,0.19313166457266195,0.806868335427338
25048,YER151C tQ(UUG)L,0.0,NA,0.0923023596405983,2848,5994,25047,2,0.8230798737127851,0.32209907260800724,0.9992982456140351,0.19309944911568572,0.8069005508843143
25049,YGR166W YLR194C,0.0,NA,0.09231404215097427,2848,5993,25048,2,0.8231093800714054,0.32213550503336724,0.9992982456140351,0.19306723365870945,0.8069327663412905
25050,YHR216W YKR003W,0.0,NA,0.09238694608211517,2848,5992,25049,2,0.8231388864300256,0.3221719457013575,0.9992982456140351,0.1930350182017332,0.8069649817982668
25051,YJL050W YGR175C,0.0,NA,0.09240149706602097,2848,5991,25050,2,0.823168392788646,0.3222083946147754,0.9992982456140351,0.19300280274475692,0.8069971972552431
25052,YLR262C-A YIL073C,0.0,NA,0.09252277761697769,2848,5990,25051,2,0.8231978991472663,0.32224485177642,0.9992982456140351,0.1929705872877807,0.8070294127122193
25053,snR128 YOR305W,0.0,NA,0.09253212809562683,2848,5989,25052,2,0.8232274055058865,0.3222813171890913,0.9992982456140351,0.19293837183080442,0.8070616281691956
25054,YPL040C YMR054W,0.0,NA,0.09266187995672226,2848,5988,25053,2,0.8232569118645068,0.32231779085559076,0.9992982456140351,0.19290615637382816,0.8070938436261719
25055,YGL098W YML092C,0.0,NA,0.09268409013748169,2848,5987,25054,2,0.8232864182231271,0.322354272778721,0.9992982456140351,0.1928739409168519,0.807126059083148
25056,YOR307C YML013W,0.0,NA,0.09269624203443527,2848,5986,25055,2,0.8233159245817474,0.32239076296128594,0.9992982456140351,0.19284172545987566,0.8071582745401243
25057,YNL227C YDR545W,0.0,NA,0.09271083772182465,2848,5985,25056,2,0.8233454309403676,0.3224272614060908,0.9992982456140351,0.1928095100028994,0.8071904899971006
25058,YNL149C YOL027C,0.0,NA,0.09272050112485886,2848,5984,25057,2,0.8233749372989879,0.322463768115942,0.9992982456140351,0.19277729454592313,0.8072227054540768
25059,YOR196C YAL068C,0.0,NA,0.09273406863212585,2848,5983,25058,2,0.8234044436576082,0.32250028309364737,0.9992982456140351,0.19274507908894686,0.8072549209110531
25060,YDR345C YBR139W,0.0,NA,0.09277933090925217,2848,5982,25059,2,0.8234339500162285,0.32253680634201587,0.9992982456140351,0.19271286363197063,0.8072871363680294
25061,Q0250 YHL027W,0.0,NA,0.09288795292377472,2848,5981,25060,2,0.8234634563748487,0.3225733378638577,0.9992982456140351,0.19268064817499436,0.8073193518250056
25062,YPL005W YKL040C,0.0,NA,0.0929117426276207,2848,5980,25061,2,0.8234929627334691,0.32260987766198457,0.9992982456140351,0.1926484327180181,0.8073515672819819
25063,YDL159W YNR047W,0.0,NA,0.09292300045490265,2848,5979,25062,2,0.8235224690920894,0.32264642573920926,0.9992982456140351,0.19261621726104186,0.8073837827389582
25064,YOR145C YER110C,0.0,NA,0.09296829998493195,2848,5978,25063,2,0.8235519754507096,0.3226829820983458,0.9992982456140351,0.1925840018040656,0.8074159981959345
25065,YPL115C YOR261C,0.0,NA,0.09305038303136826,2848,5977,25064,2,0.8235814818093299,0.32271954674220965,0.9992982456140351,0.19255178634708933,0.8074482136529106
25066,YIR031C tA(AGC)J,0.0,NA,0.09307579696178436,2848,5976,25065,2,0.8236109881679502,0.3227561196736174,0.9992982456140351,0.19251957089011307,0.8074804291098869
25067,YNL167C tQ(CUG)M,0.0,NA,0.09319291263818741,2848,5975,25066,2,0.8236404945265705,0.32279270089538703,0.9992982456140351,0.19248735543313683,0.8075126445668632
25068,YGR283C YJR126C,0.0,NA,0.09323208779096603,2848,5974,25067,2,0.8236700008851907,0.3228292904103378,0.9992982456140351,0.19245513997616057,0.8075448600238394
25069,YBR061C YNL241C,0.0,NA,0.09326014667749405,2848,5973,25068,2,0.823699507243811,0.3228658882212901,0.9992982456140351,0.1924229245191843,0.8075770754808157
25070,YLR448W YOR151C,0.0,NA,0.09329088032245636,2848,5972,25069,2,0.8237290136024313,0.32290249433106577,0.9992982456140351,0.19239070906220804,0.807609290937792
25071,YPL218W YOR061W,0.0,NA,0.09330102801322937,2848,5971,25070,2,0.8237585199610516,0.3229391087424878,0.9992982456140351,0.1923584936052318,0.8076415063947682
25072,YLR426W YDR353W,0.0,NA,0.09331289678812027,2848,5970,25071,2,0.8237880263196719,0.3229757314583806,0.9992982456140351,0.19232627814825554,0.8076737218517445
25073,YOR373W YER075C,0.0,NA,0.09333007037639618,2848,5969,25072,2,0.8238175326782922,0.32301236248156967,0.9992982456140351,0.19229406269127927,0.8077059373087208
25074,YDR423C YGL200C,0.0,NA,0.09334542602300644,2848,5968,25073,2,0.8238470390369125,0.32304900181488205,0.9992982456140351,0.192261847234303,0.8077381527656969
25075,YPL011C snR14,0.0,NA,0.09338532388210297,2848,5967,25074,2,0.8238765453955328,0.32308564946114576,0.9992982456140351,0.19222963177732677,0.8077703682226732
25076,YOR375C YLR359W,0.0,NA,0.09350131452083588,2848,5966,25075,2,0.823906051754153,0.32312230542319037,0.9992982456140351,0.1921974163203505,0.8078025836796495
25077,YER072W YLR260W,0.0,NA,0.0935087502002716,2848,5965,25076,2,0.8239355581127733,0.3231589697038466,0.9992982456140351,0.19216520086337424,0.8078347991366257
25078,YLR191W YMR235C,0.0,NA,0.09356623888015747,2848,5964,25077,2,0.8239650644713936,0.32319564230594644,0.9992982456140351,0.19213298540639798,0.807867014593602
25079,YOL067C YPR052C,0.0,NA,0.09356672316789627,2848,5963,25078,2,0.8239945708300138,0.32323232323232326,0.9992982456140351,0.19210076994942174,0.8078992300505783
25080,snR74 YBR216C,0.0,NA,0.09362266957759857,2848,5962,25079,2,0.8240240771886341,0.3232690124858116,0.9992982456140351,0.19206855449244548,0.8079314455075546
25081,YDR099W YDL124W,0.0,NA,0.0936422199010849,2848,5961,25080,2,0.8240535835472544,0.32330571006924735,0.9992982456140351,0.1920363390354692,0.8079636609645308
25082,YBL002W YDR244W,0.0,NA,0.09383463114500046,2848,5960,25081,2,0.8240830899058748,0.32334241598546776,0.9992982456140351,0.19200412357849297,0.807995876421507
25083,YDR287W YAR010C,0.0,NA,0.09394554048776627,2848,5959,25082,2,0.824112596264495,0.32337913023731124,0.9992982456140351,0.1919719081215167,0.8080280918784833
25084,Q0045 YHR079C-A,0.0,NA,0.09397813677787781,2848,5958,25083,2,0.8241421026231153,0.32341585282761753,0.9992982456140351,0.19193969266454045,0.8080603073354595
25085,YBR085W YGL077C,0.0,NA,0.09412754327058792,2848,5957,25084,2,0.8241716089817356,0.3234525837592277,0.9992982456140351,0.19190747720756418,0.8080925227924358
25086,YGR147C YJR141W,0.0,NA,0.09412997215986252,2848,5956,25085,2,0.8242011153403559,0.3234893230349841,0.9992982456140351,0.19187526175058794,0.8081247382494121
25087,YOR190W YLL058W,0.0,NA,0.09419281780719757,2848,5955,25086,2,0.8242306216989761,0.3235260706577303,0.9992982456140351,0.19184304629361168,0.8081569537063883
25088,YDR365W-A YCR094W,0.0,NA,0.09424028545618057,2848,5954,25087,2,0.8242601280575964,0.3235628266303113,0.9992982456140351,0.19181083083663542,0.8081891691633646
25089,YER145C YKL165C,0.0,NA,0.09428472071886063,2848,5953,25088,2,0.8242896344162167,0.3235995909555732,0.9992982456140351,0.19177861537965915,0.8082213846203409
25090,YER190W YMR016C,0.0,NA,0.09428983181715012,2848,5952,25089,2,0.8243191407748369,0.3236363636363636,0.9992982456140351,0.19174639992268291,0.8082536000773171
25091,YPR192W YDR316W-A,0.0,NA,0.09436443448066711,2848,5951,25090,2,0.8243486471334572,0.3236731446755313,0.9992982456140351,0.19171418446570665,0.8082858155342934
25092,YPR043W YDR420W,0.0,NA,0.09437258541584015,2848,5950,25091,2,0.8243781534920775,0.32370993407592635,0.9992982456140351,0.19168196900873039,0.8083180309912696
25093,YML082W YER014W,0.0,NA,0.09440531581640244,2848,5949,25092,2,0.8244076598506979,0.32374673184040015,0.9992982456140351,0.19164975355175412,0.8083502464482458
25094,YPL092W YBL015W,0.0,NA,0.09443417936563492,2848,5948,25093,2,0.8244371662093181,0.32378353797180537,0.9992982456140351,0.19161753809477788,0.8083824619052221
25095,YMR218C YPR145W,0.0,NA,0.09444490820169449,2848,5947,25094,2,0.8244666725679384,0.323820352472996,0.9992982456140351,0.19158532263780162,0.8084146773621984
25096,YNL227C YML077W,0.0,NA,0.09446991235017776,2848,5946,25095,2,0.8244961789265587,0.3238571753468274,0.9992982456140351,0.19155310718082535,0.8084468928191746
25097,YPL096C-A YDL188C,0.0,NA,0.09453842043876648,2848,5945,25096,2,0.824525685285179,0.323894006596156,0.9992982456140351,0.1915208917238491,0.8084791082761509
25098,YNL149C YMR060C,0.0,NA,0.09454678744077682,2848,5944,25097,2,0.8245551916437992,0.32393084622383983,0.9992982456140351,0.19148867626687285,0.8085113237331272
25099,YHR161C YIL140W,0.0,NA,0.0945633202791214,2848,5943,25098,2,0.8245846980024195,0.323967694232738,0.9992982456140351,0.1914564608098966,0.8085435391901035
25100,YMR061W YEL041W,0.0,NA,0.09456761181354523,2848,5942,25099,2,0.8246142043610398,0.32400455062571104,0.9992982456140351,0.19142424535292032,0.8085757546470796
25101,YOR008C-A YOR358W,0.0,NA,0.09475024789571762,2848,5941,25100,2,0.8246437107196601,0.32404141540562065,0.9992982456140351,0.19139202989594406,0.8086079701040559
25102,YMR283C YNL194C,0.0,NA,0.09478574246168137,2848,5940,25101,2,0.8246732170782803,0.32407828857533,0.9992982456140351,0.19135981443896782,0.8086401855610322
25103,YCL016C YBR238C,0.0,NA,0.09479813277721405,2848,5939,25102,2,0.8247027234369007,0.3241151701377034,0.9992982456140351,0.19132759898199156,0.8086724010180084
25104,YNL149C YIL065C,0.0,NA,0.09489510953426361,2848,5938,25103,2,0.824732229795521,0.32415206009560665,0.9992982456140351,0.1912953835250153,0.8087046164749847
25105,YDR503C YGR104C,0.0,NA,0.09492374211549759,2848,5937,25104,2,0.8247617361541412,0.32418895845190665,0.9992982456140351,0.19126316806803906,0.808736831931961
25106,YLR191W YLR306W,0.0,NA,0.09497599303722382,2848,5936,25105,2,0.8247912425127615,0.3242258652094718,0.9992982456140351,0.1912309526110628,0.8087690473889372
25107,YGL232W YFR045W,0.0,NA,0.09498890489339828,2848,5935,25106,2,0.8248207488713818,0.32426278037117157,0.9992982456140351,0.19119873715408653,0.8088012628459135
25108,YDL145C YAR009C,0.0,NA,0.0950106605887413,2848,5934,25107,2,0.8248502552300021,0.324299703939877,0.9992982456140351,0.19116652169711026,0.8088334783028898
25109,YBR211C YJL006C,0.0,NA,0.09512459486722946,2848,5933,25108,2,0.8248797615886223,0.3243366359184603,0.9992982456140351,0.19113430624013403,0.808865693759866
25110,YDR081C YER025W,0.0,NA,0.0952206403017044,2848,5932,25109,2,0.8249092679472426,0.32437357630979496,0.9992982456140351,0.19110209078315776,0.8088979092168422
25111,YGL084C YOL025W,0.0,NA,0.09522902220487595,2848,5931,25110,2,0.8249387743058629,0.3244105251167559,0.9992982456140351,0.1910698753261815,0.8089301246738185
25112,YDL088C YER015W,0.0,NA,0.09527241438627243,2848,5930,25111,2,0.8249682806644832,0.3244474823422192,0.9992982456140351,0.19103765986920523,0.8089623401307947
25113,YML115C YBR215W,0.0,NA,0.09528297930955887,2848,5929,25112,2,0.8249977870231034,0.32448444798906234,0.9992982456140351,0.191005444412229,0.808994555587771
25114,YER109C YER038C,0.0,NA,0.095334492623806,2848,5928,25113,2,0.8250272933817238,0.3245214220601641,0.9992982456140351,0.19097322895525273,0.8090267710447473
25115,tG(GCC)M YBR024W,0.0,NA,0.0953364297747612,2848,5927,25114,2,0.8250567997403441,0.32455840455840457,0.9992982456140351,0.19094101349827647,0.8090589865017235
25116,YBR041W YNL159C,0.0,NA,0.09537381678819656,2848,5926,25115,2,0.8250863060989643,0.32459539548666516,0.9992982456140351,0.1909087980413002,0.8090912019586998
25117,YKL054C YGR056W,0.0,NA,0.09538118541240692,2848,5925,25116,2,0.8251158124575846,0.3246323948478286,0.9992982456140351,0.19087658258432397,0.8091234174156761
25118,YJL087C YHR143W-A,0.0,NA,0.0955842137336731,2848,5924,25117,2,0.8251453188162049,0.32466940264477884,0.9992982456140351,0.1908443671273477,0.8091556328726524
25119,YBR200W YKL104C,0.0,NA,0.09558470547199249,2848,5923,25118,2,0.8251748251748252,0.3247064188804013,0.9992982456140351,0.19081215167037144,0.8091878483296285
25120,YDL109C YGR161C-D,0.0,NA,0.09561401605606079,2848,5922,25119,2,0.8252043315334454,0.32474344355758267,0.9992982456140351,0.19077993621339517,0.8092200637866048
25121,YBR169C YGR092W,0.0,NA,0.09563186764717102,2848,5921,25120,2,0.8252338378920657,0.32478047667921084,0.9992982456140351,0.19074772075641894,0.8092522792435811
25122,YHR079C YDR005C,0.0,NA,0.0956696942448616,2848,5920,25121,2,0.825263344250686,0.3248175182481752,0.9992982456140351,0.19071550529944267,0.8092844947005573
25123,tQ(UUG)C YJR010C-A,0.0,NA,0.0956784039735794,2848,5919,25122,2,0.8252928506093063,0.32485456826736625,0.9992982456140351,0.1906832898424664,0.8093167101575336
25124,YPL178W YDR050C,0.0,NA,0.09576993435621262,2848,5918,25123,2,0.8253223569679266,0.32489162673967603,0.9992982456140351,0.19065107438549017,0.8093489256145099
25125,YCR002C YHR181W,0.0,NA,0.0958467423915863,2848,5917,25124,2,0.8253518633265469,0.3249286936679977,0.9992982456140351,0.1906188589285139,0.8093811410714861
25126,YPL242C YNL326C,0.0,NA,0.09598401933908463,2848,5916,25125,2,0.8253813696851672,0.32496576905522595,0.9992982456140351,0.19058664347153764,0.8094133565284624
25127,YGR002C YCR063W,0.0,NA,0.09599006921052933,2848,5915,25126,2,0.8254108760437875,0.3250028529042565,0.9992982456140351,0.19055442801456138,0.8094455719854386
25128,YOR192C-A YPR069C,0.0,NA,0.09599179774522781,2848,5914,25127,2,0.8254403824024077,0.32503994521798674,0.9992982456140351,0.19052221255758514,0.8094777874424148
25129,YPL008W YEL057C,0.0,NA,0.09616005420684814,2848,5913,25128,2,0.825469888761028,0.32507704599931514,0.9992982456140351,0.19048999710060888,0.8095100028993911
25130,MPR1 YPL253C,0.0,NA,0.09619499742984772,2848,5912,25129,2,0.8254993951196483,0.32511415525114157,0.9992982456140351,0.1904577816436326,0.8095422183563674
25131,YER138C YNL166C,0.0,NA,0.09620242565870285,2848,5911,25130,2,0.8255289014782685,0.32515127297636714,0.9992982456140351,0.19042556618665635,0.8095744338133436
25132,YCR040W YOR151C,0.0,NA,0.09623505175113678,2848,5910,25131,2,0.8255584078368888,0.3251883991778945,0.9992982456140351,0.1903933507296801,0.8096066492703199
25133,YHR079C YFL002W-B,0.0,NA,0.09624437987804413,2848,5909,25132,2,0.8255879141955091,0.3252255338586274,0.9992982456140351,0.19036113527270385,0.8096388647272962
25134,YBR258C YAL009W,0.0,NA,0.0962744802236557,2848,5908,25133,2,0.8256174205541295,0.325262677021471,0.9992982456140351,0.19032891981572758,0.8096710801842724
25135,YBR152W YPL208W,0.0,NA,0.09628159552812576,2848,5907,25134,2,0.8256469269127497,0.3252998286693318,0.9992982456140351,0.19029670435875132,0.8097032956412487
25136,YNL222W snR13,0.0,NA,0.09634377062320709,2848,5906,25135,2,0.82567643327137,0.32533698880511763,0.9992982456140351,0.19026448890177508,0.809735511098225
25137,snR63 YMR116C,0.0,NA,0.09648696333169937,2848,5905,25136,2,0.8257059396299903,0.3253741574317377,0.9992982456140351,0.19023227344479882,0.8097677265552012
25138,YHR153C YOL103W-B,0.0,NA,0.09649752080440521,2848,5904,25137,2,0.8257354459886106,0.32541133455210236,0.9992982456140351,0.19020005798782255,0.8097999420121774
25139,YGL197W YGL234W,0.0,NA,0.09665361046791077,2848,5903,25138,2,0.8257649523472308,0.3254485201691235,0.9992982456140351,0.1901678425308463,0.8098321574691537
25140,YIL111W YLR005W,0.0,NA,0.09674161672592163,2848,5902,25139,2,0.8257944587058511,0.32548571428571427,0.9992982456140351,0.19013562707387005,0.80986437292613
25141,YOR230W YOR008C-A,0.0,NA,0.0967489555478096,2848,5901,25140,2,0.8258239650644714,0.32552291690478913,0.9992982456140351,0.19010341161689379,0.8098965883831062
25142,snR17a YLR466W,0.0,NA,0.09679105132818222,2848,5900,25141,2,0.8258534714230916,0.3255601280292638,0.9992982456140351,0.19007119615991752,0.8099288038400825
25143,YPR052C YIR001C,0.0,NA,0.0968138575553894,2848,5899,25142,2,0.8258829777817119,0.32559734766205556,0.9992982456140351,0.19003898070294128,0.8099610192970588
25144,tA(AGC)P YOR083W,0.0,NA,0.09681393951177597,2848,5898,25143,2,0.8259124841403322,0.3256345758060828,0.9992982456140351,0.19000676524596502,0.809993234754035
25145,YLR144C YMR314W,0.0,NA,0.09685350954532623,2848,5897,25144,2,0.8259419904989526,0.3256718124642653,0.9992982456140351,0.18997454978898876,0.8100254502110112
25146,YLR256W YOR315W,0.0,NA,0.09688596427440643,2848,5896,25145,2,0.8259714968575728,0.32570905763952424,0.9992982456140351,0.1899423343320125,0.8100576656679875
25147,YLL050C YDR528W,0.0,NA,0.09690716862678528,2848,5895,25146,2,0.8260010032161931,0.3257463113347821,0.9992982456140351,0.18991011887503625,0.8100898811249637
25148,YML011C YNL130C,0.0,NA,0.09695395827293396,2848,5894,25147,2,0.8260305095748134,0.3257835735529627,0.9992982456140351,0.18987790341806,0.81012209658194
25149,YGR123C snR63,0.0,NA,0.09695588052272797,2848,5893,25148,2,0.8260600159334337,0.3258208442969912,0.9992982456140351,0.18984568796108373,0.8101543120389163
25150,YKL007W snR73,0.0,NA,0.0971556231379509,2848,5892,25149,2,0.8260895222920539,0.32585812356979404,0.9992982456140351,0.18981347250410746,0.8101865274958925
25151,YBL011W YMR172W,0.0,NA,0.0971616879105568,2848,5891,25150,2,0.8261190286506742,0.3258954113742991,0.9992982456140351,0.18978125704713122,0.8102187429528688
25152,YEL017C-A YLR451W,0.0,NA,0.09719114005565643,2848,5890,25151,2,0.8261485350092945,0.3259327077134356,0.9992982456140351,0.18974904159015496,0.8102509584098451
25153,YGL175C YDR320C-A,0.0,NA,0.09723570942878723,2848,5889,25152,2,0.8261780413679148,0.3259700125901339,0.9992982456140351,0.1897168261331787,0.8102831738668212
25154,YFL057C tG(GCC)J1,0.0,NA,0.0972750186920166,2848,5888,25153,2,0.826207547726535,0.326007326007326,0.9992982456140351,0.18968461067620243,0.8103153893237975
25155,YMR283C YFR008W,0.0,NA,0.09728552401065826,2848,5887,25154,2,0.8262370540851554,0.326044647967945,0.9992982456140351,0.1896523952192262,0.8103476047807738
25156,Q0160 YGL158W,0.0,NA,0.09731610864400864,2848,5886,25155,2,0.8262665604437757,0.3260819784749256,0.9992982456140351,0.18962017976224993,0.8103798202377501
25157,YDR058C YIL166C,0.0,NA,0.09733986109495163,2848,5885,25156,2,0.8262960668023959,0.3261193175312035,0.9992982456140351,0.18958796430527367,0.8104120356947263
25158,YJL091C YER167W,0.0,NA,0.0973651260137558,2848,5884,25157,2,0.8263255731610162,0.326156665139716,0.9992982456140351,0.1895557488482974,0.8104442511517026
25159,YOR375C YHR118C,0.0,NA,0.09738554060459137,2848,5883,25158,2,0.8263550795196365,0.3261940213034017,0.9992982456140351,0.18952353339132116,0.8104764666086789
25160,YOR142W-B YNL270C,0.0,NA,0.09738832712173462,2848,5882,25159,2,0.8263845858782568,0.32623138602520046,0.9992982456140351,0.1894913179343449,0.8105086820656551
25161,YBR166C YMR288W,0.0,NA,0.0973946750164032,2848,5881,25160,2,0.826414092236877,0.3262687593080536,0.9992982456140351,0.18945910247736863,0.8105408975226314
25162,YNL046W YDR046C,0.0,NA,0.09745945036411285,2848,5880,25161,2,0.8264435985954973,0.32630614115490375,0.9992982456140351,0.18942688702039237,0.8105731129796077
25163,YPL258C YDR317W,0.0,NA,0.09752348065376282,2848,5879,25162,2,0.8264731049541176,0.32634353156869483,0.9992982456140351,0.18939467156341613,0.8106053284365838
25164,YJL108C YKL011C,0.0,NA,0.09753195196390152,2848,5878,25163,2,0.826502611312738,0.3263809305523722,0.9992982456140351,0.18936245610643987,0.8106375438935601
25165,YIR004W YDL111C,0.0,NA,0.09756918996572495,2848,5877,25164,2,0.8265321176713581,0.32641833810888254,0.9992982456140351,0.1893302406494636,0.8106697593505364
25166,YGL116W YOR126C,0.0,NA,0.09759984910488129,2848,5876,25165,2,0.8265616240299785,0.3264557542411738,0.9992982456140351,0.18929802519248737,0.8107019748075126
25167,YER055C YIR021W,0.0,NA,0.09763193875551224,2848,5875,25166,2,0.8265911303885988,0.3264931789521954,0.9992982456140351,0.1892658097355111,0.8107341902644889
25168,YIL132C YIL009C-A,0.0,NA,0.09767777472734451,2848,5874,25167,2,0.826620636747219,0.32653061224489793,0.9992982456140351,0.18923359427853484,0.8107664057214652
25169,YER107C YML067C,0.0,NA,0.09770108014345169,2848,5873,25168,2,0.8266501431058393,0.32656805412223366,0.9992982456140351,0.18920137882155857,0.8107986211784414
25170,YCL069W YEL057C,0.0,NA,0.09778571873903275,2848,5872,25169,2,0.8266796494644596,0.326605504587156,0.9992982456140351,0.18916916336458234,0.8108308366354177
25171,YIR005W YER115C,0.0,NA,0.09786108136177063,2848,5871,25170,2,0.8267091558230799,0.3266429636426196,0.9992982456140351,0.18913694790760607,0.810863052092394
25172,YIL096C YDR017C,0.0,NA,0.09788015484809875,2848,5870,25171,2,0.8267386621817001,0.32668043129158064,0.9992982456140351,0.1891047324506298,0.8108952675493701
25173,YER159C-A YHR119W,0.0,NA,0.0979006215929985,2848,5869,25172,2,0.8267681685403204,0.3267179075369967,0.9992982456140351,0.18907251699365354,0.8109274830063464
25174,YPL028W YBR193C,0.0,NA,0.09791325777769089,2848,5868,25173,2,0.8267976748989407,0.32675539238182655,0.9992982456140351,0.1890403015366773,0.8109596984633227
25175,tL(UAA)J YGR274C,0.0,NA,0.09791582822799683,2848,5867,25174,2,0.826827181257561,0.32679288582903043,0.9992982456140351,0.18900808607970104,0.810991913920299
25176,YIR030C YCL029C,0.0,NA,0.09792862832546234,2848,5866,25175,2,0.8268566876161813,0.3268303878815699,0.9992982456140351,0.18897587062272478,0.8110241293772752
25177,YOR359W snR63,0.0,NA,0.0979425311088562,2848,5865,25176,2,0.8268861939748016,0.3268678985424079,0.9992982456140351,0.18894365516574851,0.8110563448342515
25178,YOR008C-A YKR089C,0.0,NA,0.09799398481845856,2848,5864,25177,2,0.8269157003334219,0.3269054178145087,0.9992982456140351,0.18891143970877228,0.8110885602912278
25179,YGR140W YDR098C-A,0.0,NA,0.09802907705307007,2848,5863,25178,2,0.8269452066920422,0.32694294570083804,0.9992982456140351,0.188879224251796,0.811120775748204
25180,YOR025W YHR214C-B,0.0,NA,0.09808569401502609,2848,5862,25179,2,0.8269747130506624,0.3269804822043628,0.9992982456140351,0.18884700879481975,0.8111529912051803
25181,YCL020W YNL107W,0.0,NA,0.0980946347117424,2848,5861,25180,2,0.8270042194092827,0.32701802732805146,0.9992982456140351,0.18881479333784348,0.8111852066621565
25182,YBR082C snR33,0.0,NA,0.09809594601392746,2848,5860,25181,2,0.827033725767903,0.3270555810748737,0.9992982456140351,0.18878257788086725,0.8112174221191327
25183,YGL195W YGR170W,0.0,NA,0.09809797257184982,2848,5859,25182,2,0.8270632321265232,0.3270931434478006,0.9992982456140351,0.18875036242389098,0.811249637576109
25184,YNL236W YIL013C,0.0,NA,0.0981479361653328,2848,5858,25183,2,0.8270927384851435,0.32713071444980474,0.9992982456140351,0.18871814696691472,0.8112818530330853
25185,YKL181W YDR353W,0.0,NA,0.09829901158809662,2848,5857,25184,2,0.8271222448437638,0.32716829408385983,0.9992982456140351,0.18868593150993848,0.8113140684900615
25186,YCR033W YGL150C,0.0,NA,0.09837555885314941,2848,5856,25185,2,0.8271517512023842,0.3272058823529412,0.9992982456140351,0.18865371605296222,0.8113462839470378
25187,YGR105W YNL016W,0.0,NA,0.0985737293958664,2848,5855,25186,2,0.8271812575610044,0.3272434792600253,0.9992982456140351,0.18862150059598595,0.8113784994040141
25188,tR(ACG)D YLR005W,0.0,NA,0.09868784993886948,2848,5854,25187,2,0.8272107639196247,0.3272810848080901,0.9992982456140351,0.1885892851390097,0.8114107148609903
25189,YJL108C YOL135C,0.0,NA,0.0987430065870285,2848,5853,25188,2,0.827240270278245,0.32731869900011495,0.9992982456140351,0.18855706968203345,0.8114429303179665
25190,YOR056C YPL042C,0.0,NA,0.09875365346670151,2848,5852,25189,2,0.8272697766368653,0.3273563218390805,0.9992982456140351,0.1885248542250572,0.8114751457749428
25191,YOR319W YGR170W,0.0,NA,0.09876915067434311,2848,5851,25190,2,0.8272992829954855,0.3273939533279687,0.9992982456140351,0.18849263876808092,0.811507361231919
25192,YIL112W YGL063W,0.0,NA,0.09879547357559204,2848,5850,25191,2,0.8273287893541058,0.32743159346976314,0.9992982456140351,0.18846042331110466,0.8115395766888953
25193,YDR416W YHR119W,0.0,NA,0.09884562343358994,2848,5849,25192,2,0.8273582957127261,0.32746924226744856,0.9992982456140351,0.18842820785412842,0.8115717921458716
25194,YOR290C YLR103C,0.0,NA,0.09892036020755768,2848,5848,25193,2,0.8273878020713463,0.32750689972401104,0.9992982456140351,0.18839599239715216,0.8116040076028479
25195,YNL104C YJL042W,0.0,NA,0.09893128275871277,2848,5847,25194,2,0.8274173084299666,0.3275445658424382,0.9992982456140351,0.1883637769401759,0.8116362230598241
25196,YJR017C YGL095C,0.0,NA,0.09898456186056137,2848,5846,25195,2,0.827446814788587,0.3275822406257189,0.9992982456140351,0.18833156148319963,0.8116684385168004
25197,YKL060C YAL033W,0.0,NA,0.09901177883148193,2848,5845,25196,2,0.8274763211472073,0.3276199240768434,0.9992982456140351,0.1882993460262234,0.8117006539737767
25198,YJL130C YLR055C,0.0,NA,0.09910604357719421,2848,5844,25197,2,0.8275058275058275,0.3276576161988035,0.9992982456140351,0.18826713056924713,0.8117328694307528
25199,YCR048W YHR004C,0.0,NA,0.09911025315523148,2848,5843,25198,2,0.8275353338644478,0.3276953169945921,0.9992982456140351,0.18823491511227086,0.8117650848877291
25200,YML065W YOL089C,0.0,NA,0.09912076592445374,2848,5842,25199,2,0.8275648402230681,0.3277330264672037,0.9992982456140351,0.1882026996552946,0.8117973003447054
25201,YJL068C YCR008W,0.0,NA,0.09915430098772049,2848,5841,25200,2,0.8275943465816884,0.327770744619634,0.9992982456140351,0.18817048419831836,0.8118295158016816
25202,YJL130C YGL229C,0.0,NA,0.09921793639659882,2848,5840,25201,2,0.8276238529403086,0.3278084714548803,0.9992982456140351,0.1881382687413421,0.8118617312586579
25203,YPL218W YAL067C,0.0,NA,0.0992577075958252,2848,5839,25202,2,0.8276533592989289,0.3278462069759411,0.9992982456140351,0.18810605328436583,0.8118939467156342
25204,YPL192C YBR019C,0.0,NA,0.0993240550160408,2848,5838,25203,2,0.8276828656575492,0.32788395118581626,0.9992982456140351,0.1880738378273896,0.8119261621726104
25205,YPR186C snR13,0.0,NA,0.09936139732599258,2848,5837,25204,2,0.8277123720161695,0.3279217040875072,0.9992982456140351,0.18804162237041333,0.8119583776295867
25206,tQ(UUG)C YMR251W,0.0,NA,0.09943734854459763,2848,5836,25205,2,0.8277418783747897,0.32795946568401657,0.9992982456140351,0.18800940691343707,0.811990593086563
25207,YIR031C YKL119C,0.0,NA,0.0996098443865776,2848,5835,25206,2,0.82777138473341,0.3279972359783485,0.9992982456140351,0.1879771914564608,0.8120228085435391
25208,YDR510W YOR288C,0.0,NA,0.09961403906345367,2848,5834,25207,2,0.8278008910920304,0.3280350149735084,0.9992982456140351,0.18794497599948456,0.8120550240005154
25209,Q0070 YGR262C,0.0,NA,0.09962554275989532,2848,5833,25208,2,0.8278303974506506,0.32807280267250316,0.9992982456140351,0.1879127605425083,0.8120872394574917
25210,Q0110 Q0065,0.0,NA,0.09963884949684143,2848,5832,25209,2,0.8278599038092709,0.328110599078341,0.9992982456140351,0.18788054508553204,0.8121194549144679
25211,snR46 YLR447C,0.0,NA,0.09964581578969955,2848,5831,25210,2,0.8278894101678912,0.3281484041940316,0.9992982456140351,0.18784832962855577,0.8121516703714442
25212,YJR066W YOR090C,0.0,NA,0.09969301521778107,2848,5830,25211,2,0.8279189165265115,0.32818621802258585,0.9992982456140351,0.18781611417157953,0.8121838858284205
25213,YGL054C YJL059W,0.0,NA,0.09978373348712921,2848,5829,25212,2,0.8279484228851317,0.32822404056701626,0.9992982456140351,0.18778389871460327,0.8122161012853968
25214,YPL076W YDR487C,0.0,NA,0.09982255101203918,2848,5828,25213,2,0.827977929243752,0.32826187183033656,0.9992982456140351,0.187751683257627,0.812248316742373
25215,YNR043W YGR142W,0.0,NA,0.09986511617898941,2848,5827,25214,2,0.8280074356023723,0.32829971181556195,0.9992982456140351,0.18771946780065074,0.8122805321993493
25216,YPL145C YOR099W,0.0,NA,0.09994933009147644,2848,5826,25215,2,0.8280369419609926,0.328337560525709,0.9992982456140351,0.1876872523436745,0.8123127476563256
25217,YLR453C YDR089W,0.0,NA,0.09996854513883591,2848,5825,25216,2,0.8280664483196128,0.3283754179637957,0.9992982456140351,0.18765503688669824,0.8123449631133017
25218,YLR056W snR53,0.0,NA,0.10003063827753067,2848,5824,25217,2,0.8280959546782332,0.3284132841328413,0.9992982456140351,0.18762282142972198,0.812377178570278
25219,YMR123W YOR070C,0.0,NA,0.10010862350463867,2848,5823,25218,2,0.8281254610368535,0.3284511590358667,0.9992982456140351,0.1875906059727457,0.8124093940272543
25220,YCR063W YGL161C,0.0,NA,0.1002325788140297,2848,5822,25219,2,0.8281549673954737,0.3284890426758939,0.9992982456140351,0.18755839051576947,0.8124416094842305
25221,YLR286C YNL255C,0.0,NA,0.10028449445962906,2848,5821,25220,2,0.828184473754094,0.3285269350559465,0.9992982456140351,0.1875261750587932,0.8124738249412068
25222,YHR112C YLR028C,0.0,NA,0.10028789937496185,2848,5820,25221,2,0.8282139801127143,0.32856483617904936,0.9992982456140351,0.18749395960181695,0.8125060403981831
25223,YDL074C YDR246W,0.0,NA,0.10029689222574234,2848,5819,25222,2,0.8282434864713346,0.3286027460482289,0.9992982456140351,0.18746174414484068,0.8125382558551593
25224,YML125C YNL059C,0.0,NA,0.10036924481391907,2848,5818,25223,2,0.8282729928299548,0.3286406646665128,0.9992982456140351,0.18742952868786444,0.8125704713121356
25225,YBL024W YOR167C,0.0,NA,0.10038647055625916,2848,5817,25224,2,0.8283024991885751,0.3286785920369302,0.9992982456140351,0.18739731323088818,0.8126026867691118
25226,tS(UGA)E YHR040W,0.0,NA,0.10040877759456635,2848,5816,25225,2,0.8283320055471954,0.32871652816251157,0.9992982456140351,0.18736509777391192,0.812634902226088
25227,YER164W YGL097W,0.0,NA,0.10041006654500961,2848,5815,25226,2,0.8283615119058158,0.3287544730462888,0.9992982456140351,0.18733288231693568,0.8126671176830643
25228,YBR145W YPR159W,0.0,NA,0.10041682422161102,2848,5814,25227,2,0.828391018264436,0.3287924266912953,0.9992982456140351,0.1873006668599594,0.8126993331400406
25229,YGR267C YOL069W,0.0,NA,0.10044901072978973,2848,5813,25228,2,0.8284205246230563,0.3288303891005658,0.9992982456140351,0.18726845140298315,0.8127315485970168
25230,YDL131W YOL088C,0.0,NA,0.10054893046617508,2848,5812,25229,2,0.8284500309816766,0.3288683602771363,0.9992982456140351,0.18723623594600688,0.8127637640539931
25231,YDL209C YOL018C,0.0,NA,0.10055509954690933,2848,5811,25230,2,0.8284795373402968,0.32890634022404436,0.9992982456140351,0.18720402048903065,0.8127959795109694
25232,YJR148W tQ(UUG)C,0.0,NA,0.10056261718273163,2848,5810,25231,2,0.8285090436989171,0.32894432894432896,0.9992982456140351,0.18717180503205438,0.8128281949679457
25233,YPL027W YPL133C,0.0,NA,0.10058645904064178,2848,5809,25232,2,0.8285385500575374,0.32898232644103037,0.9992982456140351,0.18713958957507812,0.8128604104249219
25234,YJR140C YOL122C,0.0,NA,0.10062183439731598,2848,5808,25233,2,0.8285680564161577,0.3290203327171904,0.9992982456140351,0.18710737411810185,0.8128926258818981
25235,YOL162W YOR179C,0.0,NA,0.10064125806093216,2848,5807,25234,2,0.8285975627747779,0.32905834777585213,0.9992982456140351,0.18707515866112562,0.8129248413388744
25236,tA(AGC)K2 YER081W,0.0,NA,0.10072026401758194,2848,5806,25235,2,0.8286270691333982,0.3290963716200601,0.9992982456140351,0.18704294320414935,0.8129570567958506
25237,YJR053W YPL042C,0.0,NA,0.10077819973230362,2848,5805,25236,2,0.8286565754920185,0.3291344042528603,0.9992982456140351,0.1870107277471731,0.8129892722528269
25238,YLR166C YPR008W,0.0,NA,0.10082171857357025,2848,5804,25237,2,0.8286860818506389,0.32917244567730003,0.9992982456140351,0.18697851229019682,0.8130214877098032
25239,YOR123C YGL124C,0.0,NA,0.10087750107049942,2848,5803,25238,2,0.8287155882092591,0.32921049589642815,0.9992982456140351,0.1869462968332206,0.8130537031667794
25240,YJL212C YOL069W,0.0,NA,0.10090578347444534,2848,5802,25239,2,0.8287450945678794,0.3292485549132948,0.9992982456140351,0.18691408137624432,0.8130859186237557
25241,YIR037W YFR045W,0.0,NA,0.10093573480844498,2848,5801,25240,2,0.8287746009264997,0.32928662273095155,0.9992982456140351,0.18688186591926806,0.813118134080732
25242,YJL073W YNL259C,0.0,NA,0.10100117325782776,2848,5800,25241,2,0.82880410728512,0.32932469935245146,0.9992982456140351,0.1868496504622918,0.8131503495377082
25243,YHR150W YMR156C,0.0,NA,0.10101450979709625,2848,5799,25242,2,0.8288336136437402,0.32936278478084885,0.9992982456140351,0.18681743500531556,0.8131825649946844
25244,YIR015W YNL289W,0.0,NA,0.1010899692773819,2848,5798,25243,2,0.8288631200023605,0.3294008790191996,0.9992982456140351,0.1867852195483393,0.8132147804516607
25245,YCL019W YDL124W,0.0,NA,0.10115406662225723,2848,5797,25244,2,0.8288926263609808,0.329438982070561,0.9992982456140351,0.18675300409136303,0.8132469959086369
25246,YLR227W-A YFL034C-A,0.0,NA,0.1011572927236557,2848,5796,25245,2,0.828922132719601,0.3294770939379917,0.9992982456140351,0.1867207886343868,0.8132792113656132
25247,YMR146C YLR301W,0.0,NA,0.10119462013244629,2848,5795,25246,2,0.8289516390782213,0.32951521462455163,0.9992982456140351,0.18668857317741053,0.8133114268225895
25248,YMR266W YIL014W,0.0,NA,0.10120315104722977,2848,5794,25247,2,0.8289811454368416,0.32955334413330245,0.9992982456140351,0.18665635772043426,0.8133436422795657
25249,YDR495C YCR027C,0.0,NA,0.10120753943920135,2848,5793,25248,2,0.829010651795462,0.329591482467307,0.9992982456140351,0.186624142263458,0.813375857736542
25250,YDR324C snR128,0.0,NA,0.10121191293001175,2848,5792,25249,2,0.8290401581540822,0.3296296296296296,0.9992982456140351,0.18659192680648176,0.8134080731935183
25251,YDL052C YPL235W,0.0,NA,0.10121248662471771,2848,5791,25250,2,0.8290696645127025,0.32966778562333604,0.9992982456140351,0.1865597113495055,0.8134402886504946
25252,YHR090C YHR007C,0.0,NA,0.10124077647924423,2848,5790,25251,2,0.8290991708713228,0.3297059504514934,0.9992982456140351,0.18652749589252923,0.8134725041074707
25253,YOR202W YDR131C,0.0,NA,0.10126502811908722,2848,5789,25252,2,0.8291286772299431,0.3297441241171703,0.9992982456140351,0.18649528043555297,0.813504719564447
25254,YER190W YLR251W,0.0,NA,0.10134820640087128,2848,5788,25253,2,0.8291581835885633,0.32978230662343677,0.9992982456140351,0.18646306497857673,0.8135369350214233
25255,YDR216W YPL016W,0.0,NA,0.10142306238412857,2848,5787,25254,2,0.8291876899471836,0.3298204979733642,0.9992982456140351,0.18643084952160047,0.8135691504783995
25256,YKR079C YOR304W,0.0,NA,0.1014467179775238,2848,5786,25255,2,0.8292171963058039,0.3298586981700255,0.9992982456140351,0.1863986340646242,0.8136013659353758
25257,YBL100W-A YBR143C,0.0,NA,0.1014523133635521,2848,5785,25256,2,0.8292467026644241,0.32989690721649484,0.9992982456140351,0.18636641860764794,0.8136335813923521
25258,YCR019W YMR311C,0.0,NA,0.10152522474527359,2848,5784,25257,2,0.8292762090230444,0.329935125115848,0.9992982456140351,0.1863342031506717,0.8136657968493283
25259,YBR095C YPL257W-A,0.0,NA,0.1015545055270195,2848,5783,25258,2,0.8293057153816648,0.3299733518711621,0.9992982456140351,0.18630198769369544,0.8136980123063046
25260,YNL281W snR62,0.0,NA,0.1016712561249733,2848,5782,25259,2,0.8293352217402851,0.3300115874855156,0.9992982456140351,0.18626977223671917,0.8137302277632809
25261,YOR142W-B YBR040W,0.0,NA,0.10168718546628952,2848,5781,25260,2,0.8293647280989053,0.3300498319619886,0.9992982456140351,0.1862375567797429,0.813762443220257
25262,YDR131C YNL108C,0.0,NA,0.10170731693506241,2848,5780,25261,2,0.8293942344575256,0.3300880853036625,0.9992982456140351,0.18620534132276667,0.8137946586772333
25263,YDR368W YJL205C,0.0,NA,0.1017889678478241,2848,5779,25262,2,0.8294237408161459,0.33012634751362,0.9992982456140351,0.1861731258657904,0.8138268741342096
25264,YBL005W YHR040W,0.0,NA,0.10187956690788269,2848,5778,25263,2,0.8294532471747662,0.3301646185949455,0.9992982456140351,0.18614091040881414,0.8138590895911858
25265,YGR170W YOL012C,0.0,NA,0.10189715027809143,2848,5777,25264,2,0.8294827535333864,0.33020289855072466,0.9992982456140351,0.1861086949518379,0.8138913050481621
25266,YLR095C YCL011C,0.0,NA,0.10190200060606003,2848,5776,25265,2,0.8295122598920067,0.3302411873840445,0.9992982456140351,0.18607647949486164,0.8139235205051384
25267,YNL123W YIL162W,0.0,NA,0.10196634382009506,2848,5775,25266,2,0.829541766250627,0.33027948509799376,0.9992982456140351,0.18604426403788538,0.8139557359621146
25268,YLR466W YPL234C,0.0,NA,0.10203316807746887,2848,5774,25267,2,0.8295712726092473,0.3303177916956623,0.9992982456140351,0.1860120485809091,0.8139879514190909
25269,tR(UCU)M1 YNL202W,0.0,NA,0.10207139700651169,2848,5773,25268,2,0.8296007789678675,0.3303561071801415,0.9992982456140351,0.18597983312393288,0.8140201668760672
25270,YCR040W YHR087W,0.0,NA,0.10216448456048965,2848,5772,25269,2,0.8296302853264879,0.33039443155452436,0.9992982456140351,0.1859476176669566,0.8140523823330434
25271,YBR101C YHR018C,0.0,NA,0.1021665409207344,2848,5771,25270,2,0.8296597916851082,0.3304327648219051,0.9992982456140351,0.18591540220998035,0.8140845977900196
25272,YJL001W YMR314W,0.0,NA,0.10233891755342484,2848,5770,25271,2,0.8296892980437284,0.33047110698537946,0.9992982456140351,0.18588318675300408,0.8141168132469959
25273,YCR024C-A YBR009C,0.0,NA,0.10236673057079315,2848,5769,25272,2,0.8297188044023487,0.33050945804804455,0.9992982456140351,0.18585097129602784,0.8141490287039722
25274,YLR372W YBR068C,0.0,NA,0.10241538286209106,2848,5768,25273,2,0.829748310760969,0.3305478180129991,0.9992982456140351,0.18581875583905158,0.8141812441609484
25275,YOR270C tA(AGC)D,0.0,NA,0.10243014991283417,2848,5767,25274,2,0.8297778171195893,0.330586186883343,0.9992982456140351,0.18578654038207532,0.8142134596179247
25276,tA(AGC)M2 YLR246W,0.0,NA,0.10243181884288788,2848,5766,25275,2,0.8298073234782095,0.3306245646621779,0.9992982456140351,0.18575432492509905,0.814245675074901
25277,YER049W YKL079W,0.0,NA,0.10249921679496765,2848,5765,25276,2,0.8298368298368298,0.33066295135260654,0.9992982456140351,0.18572210946812281,0.8142778905318772
25278,YJR074W YIL048W,0.0,NA,0.10252382606267929,2848,5764,25277,2,0.8298663361954501,0.3307013469577334,0.9992982456140351,0.18568989401114655,0.8143101059888534
25279,YBR119W YOR184W,0.0,NA,0.10253194719552994,2848,5763,25278,2,0.8298958425540705,0.33073975148066426,0.9992982456140351,0.18565767855417029,0.8143423214458297
25280,snR38 YGL026C,0.0,NA,0.10255884379148483,2848,5762,25279,2,0.8299253489126907,0.3307781649245064,0.9992982456140351,0.18562546309719402,0.8143745369028059
25281,YDR454C YDR244W,0.0,NA,0.10261644423007965,2848,5761,25280,2,0.829954855271311,0.33081658729236846,0.9992982456140351,0.18559324764021778,0.8144067523597822
25282,YIL145C snR77,0.0,NA,0.10263051837682724,2848,5760,25281,2,0.8299843616299313,0.3308550185873606,0.9992982456140351,0.18556103218324152,0.8144389678167585
25283,YDR103W YCL038C,0.0,NA,0.10265407711267471,2848,5759,25282,2,0.8300138679885515,0.3308934588125944,0.9992982456140351,0.18552881672626526,0.8144711832737347
25284,tA(AGC)P YHL007C,0.0,NA,0.10266532748937607,2848,5758,25283,2,0.8300433743471718,0.3309319079711829,0.9992982456140351,0.18549660126928902,0.814503398730711
25285,YOL115W YDR461W,0.0,NA,0.10285235196352005,2848,5757,25284,2,0.8300728807057921,0.3309703660662406,0.9992982456140351,0.18546438581231275,0.8145356141876873
25286,YLL021W YFL041W,0.0,NA,0.10288398712873459,2848,5756,25285,2,0.8301023870644124,0.3310088331008833,0.9992982456140351,0.1854321703553365,0.8145678296446635
25287,YLL002W YOR123C,0.0,NA,0.10294236987829208,2848,5755,25286,2,0.8301318934230326,0.33104730907822855,0.9992982456140351,0.18539995489836023,0.8146000451016397
25288,snR65 tG(CCC)O,0.0,NA,0.10301380604505539,2848,5754,25287,2,0.8301613997816529,0.33108579400139504,0.9992982456140351,0.185367739441384,0.814632260558616
25289,YDR412W YER052C,0.0,NA,0.10303491353988647,2848,5753,25288,2,0.8301909061402732,0.33112428787350306,0.9992982456140351,0.18533552398440772,0.8146644760155923
25290,snR6 YDR440W,0.0,NA,0.1030701994895935,2848,5752,25289,2,0.8302204124988936,0.3311627906976744,0.9992982456140351,0.18530330852743146,0.8146966914725685
25291,YHR143W YJL184W,0.0,NA,0.10308781266212463,2848,5751,25290,2,0.8302499188575138,0.3312013024770322,0.9992982456140351,0.1852710930704552,0.8147289069295448
25292,YHR166C YLR227W-A,0.0,NA,0.10329169780015945,2848,5750,25291,2,0.8302794252161341,0.3312398232147011,0.9992982456140351,0.18523887761347896,0.8147611223865211
25293,YMR013C YDL082W,0.0,NA,0.10330802202224731,2848,5749,25292,2,0.8303089315747544,0.33127835291380714,0.9992982456140351,0.1852066621565027,0.8147933378434973
25294,YBR109C YGR092W,0.0,NA,0.10333169996738434,2848,5748,25293,2,0.8303384379333747,0.3313168915774779,0.9992982456140351,0.18517444669952643,0.8148255533004736
25295,snR77 YOR257W,0.0,NA,0.10333877056837082,2848,5747,25294,2,0.8303679442919949,0.33135543920884236,0.9992982456140351,0.18514223124255016,0.8148577687574499
25296,YGR002C YNL090W,0.0,NA,0.10343101620674133,2848,5746,25295,2,0.8303974506506152,0.33139399581103096,0.9992982456140351,0.18511001578557393,0.814889984214426
25297,YMR131C YMR046C,0.0,NA,0.10344826430082321,2848,5745,25296,2,0.8304269570092355,0.3314325613871756,0.9992982456140351,0.18507780032859766,0.8149221996714023
25298,YNL145W YMR047C,0.0,NA,0.10346325486898422,2848,5744,25297,2,0.8304564633678557,0.33147113594040967,0.9992982456140351,0.1850455848716214,0.8149544151283786
25299,YPR032W YBR067C,0.0,NA,0.10346807539463043,2848,5743,25298,2,0.830485969726476,0.331509719473868,0.9992982456140351,0.18501336941464513,0.8149866305853548
25300,YJR044C YBR068C,0.0,NA,0.1035914197564125,2848,5742,25299,2,0.8305154760850963,0.33154831199068685,0.9992982456140351,0.1849811539576689,0.8150188460423311
25301,YOL130W YMR229C,0.0,NA,0.10364145785570145,2848,5741,25300,2,0.8305449824437167,0.33158691349400393,0.9992982456140351,0.18494893850069263,0.8150510614993074
25302,YDR121W YMR046C,0.0,NA,0.103677898645401,2848,5740,25301,2,0.8305744888023369,0.33162552398695855,0.9992982456140351,0.18491672304371637,0.8150832769562836
25303,YER180C YOL110W,0.0,NA,0.10377470403909683,2848,5739,25302,2,0.8306039951609572,0.3316641434726913,0.9992982456140351,0.1848845075867401,0.8151154924132599
25304,YDR210W-A YOR159C,0.0,NA,0.10383148491382599,2848,5738,25303,2,0.8306335015195775,0.3317027719543443,0.9992982456140351,0.18485229212976387,0.8151477078702362
25305,YHR152W YBL026W,0.0,NA,0.10383570194244385,2848,5737,25304,2,0.8306630078781978,0.33174140943506114,0.9992982456140351,0.1848200766727876,0.8151799233272123
25306,YJL176C YDR170W-A,0.0,NA,0.10383716225624084,2848,5736,25305,2,0.830692514236818,0.3317800559179869,0.9992982456140351,0.18478786121581134,0.8152121387841886
25307,YLR310C YNR064C,0.0,NA,0.10386551916599274,2848,5735,25306,2,0.8307220205954383,0.33181871140626823,0.9992982456140351,0.1847556457588351,0.8152443542411649
25308,YBL005W YKR087C,0.0,NA,0.10391292721033096,2848,5734,25307,2,0.8307515269540586,0.3318573759030529,0.9992982456140351,0.18472343030185884,0.8152765696981412
25309,YMR172W YGL232W,0.0,NA,0.10395897924900055,2848,5733,25308,2,0.8307810333126788,0.3318960494114905,0.9992982456140351,0.18469121484488257,0.8153087851551174
25310,YDL145C YJR141W,0.0,NA,0.10401920229196548,2848,5732,25309,2,0.8308105396712991,0.33193473193473194,0.9992982456140351,0.1846589993879063,0.8153410006120937
25311,YDR038C YKR099W,0.0,NA,0.1041526198387146,2848,5731,25310,2,0.8308400460299195,0.3319734234759296,0.9992982456140351,0.18462678393093007,0.81537321606907
25312,YJR044C YBR202W,0.0,NA,0.10422311723232269,2848,5730,25311,2,0.8308695523885398,0.3320121240382374,0.9992982456140351,0.1845945684739538,0.8154054315260462
25313,YLR452C YJL214W,0.0,NA,0.10425388813018799,2848,5729,25312,2,0.83089905874716,0.3320508336248105,0.9992982456140351,0.18456235301697754,0.8154376469830225
25314,YBR165W YER051W,0.0,NA,0.10430800169706345,2848,5728,25313,2,0.8309285651057803,0.332089552238806,0.9992982456140351,0.18453013756000128,0.8154698624399987
25315,YDR296W YNL149C,0.0,NA,0.10438554733991623,2848,5727,25314,2,0.8309580714644006,0.33212827988338195,0.9992982456140351,0.18449792210302504,0.8155020778969749
25316,snR35 YPR156C,0.0,NA,0.10451440513134003,2848,5726,25315,2,0.8309875778230209,0.33216701656169817,0.9992982456140351,0.18446570664604878,0.8155342933539512
25317,YDR409W YGL232W,0.0,NA,0.10451614856719971,2848,5725,25316,2,0.8310170841816411,0.3322057622769159,0.9992982456140351,0.1844334911890725,0.8155665088109275
25318,YBR210W snR46,0.0,NA,0.10461226105690002,2848,5724,25317,2,0.8310465905402614,0.3322445170321979,0.9992982456140351,0.18440127573209625,0.8155987242679037
25319,YEL056W YDR225W,0.0,NA,0.10467387735843658,2848,5723,25318,2,0.8310760968988817,0.3322832808307082,0.9992982456140351,0.18436906027512,0.81563093972488
25320,YNL189W snR73,0.0,NA,0.104810930788517,2848,5722,25319,2,0.831105603257502,0.3323220536756126,0.9992982456140351,0.18433684481814375,0.8156631551818563
25321,YKR046C YMR046C,0.0,NA,0.10486437380313873,2848,5721,25320,2,0.8311351096161222,0.3323608355700782,0.9992982456140351,0.18430462936116748,0.8156953706388325
25322,YPL226W YEL055C,0.0,NA,0.10501838475465775,2848,5720,25321,2,0.8311646159747426,0.33239962651727356,0.9992982456140351,0.18427241390419122,0.8157275860958088
25323,YDR210C-C YCL050C,0.0,NA,0.10505513846874237,2848,5719,25322,2,0.8311941223333629,0.33243842652036887,0.9992982456140351,0.18424019844721498,0.815759801552785
25324,YJL114W YGL240W,0.0,NA,0.10508715361356735,2848,5718,25323,2,0.8312236286919831,0.3324772355825356,0.9992982456140351,0.18420798299023872,0.8157920170097613
25325,YGR286C tA(AGC)J,0.0,NA,0.10508950799703598,2848,5717,25324,2,0.8312531350506034,0.33251605370694687,0.9992982456140351,0.18417576753326245,0.8158242324667375
25326,YDR372C tR(UCU)M2,0.0,NA,0.1051740050315857,2848,5716,25325,2,0.8312826414092237,0.3325548808967772,0.9992982456140351,0.18414355207628622,0.8158564479237138
25327,YPL110C YOR036W,0.0,NA,0.10518898814916611,2848,5715,25326,2,0.831312147767844,0.33259371715520264,0.9992982456140351,0.18411133661930995,0.8158886633806901
25328,YMR268C YDL049C,0.0,NA,0.1052001416683197,2848,5714,25327,2,0.8313416541264642,0.33263256248540063,0.9992982456140351,0.1840791211623337,0.8159208788376663
25329,YCR086W YBL097W,0.0,NA,0.10520874708890915,2848,5713,25328,2,0.8313711604850845,0.3326714168905502,0.9992982456140351,0.18404690570535742,0.8159530942946426
25330,YGL104C snR66,0.0,NA,0.10527892410755157,2848,5712,25329,2,0.8314006668437048,0.33271028037383177,0.9992982456140351,0.18401469024838119,0.8159853097516189
25331,YLR048W YDL118W,0.0,NA,0.10532955080270767,2848,5711,25330,2,0.8314301732023252,0.3327491529384274,0.9992982456140351,0.18398247479140492,0.816017525208595
25332,YNR050C YER051W,0.0,NA,0.10537350922822952,2848,5710,25331,2,0.8314596795609454,0.33278803458752043,0.9992982456140351,0.18395025933442866,0.8160497406655713
25333,YCL011C YNL067W,0.0,NA,0.10537580400705338,2848,5709,25332,2,0.8314891859195657,0.3328269253242959,0.9992982456140351,0.1839180438774524,0.8160819561225476
25334,YFL002W-A YOR163W,0.0,NA,0.10544756799936295,2848,5708,25333,2,0.831518692278186,0.33286582515194013,0.9992982456140351,0.18388582842047616,0.8161141715795238
25335,YKR085C YNL213C,0.0,NA,0.10545507818460464,2848,5707,25334,2,0.8315481986368062,0.33290473407364113,0.9992982456140351,0.1838536129634999,0.8161463870365001
25336,tE(UUC)B snR66,0.0,NA,0.10547415167093277,2848,5706,25335,2,0.8315777049954265,0.33294365209258825,0.9992982456140351,0.18382139750652363,0.8161786024934764
25337,YDR335W YHL015W,0.0,NA,0.10548211634159088,2848,5705,25336,2,0.8316072113540468,0.3329825792119724,0.9992982456140351,0.18378918204954736,0.8162108179504526
25338,YER022W YOR362C,0.0,NA,0.10562638193368912,2848,5704,25337,2,0.8316367177126671,0.333021515434986,0.9992982456140351,0.18375696659257112,0.8162430334074289
25339,YBL020W YGR141W,0.0,NA,0.10564213246107101,2848,5703,25338,2,0.8316662240712873,0.3330604607648228,0.9992982456140351,0.18372475113559486,0.8162752488644052
25340,YBL005W-B YOR058C,0.0,NA,0.10574524849653244,2848,5702,25339,2,0.8316957304299076,0.33309941520467834,0.9992982456140351,0.1836925356786186,0.8163074643213813
25341,YKR076W YDR510W,0.0,NA,0.10582581162452698,2848,5701,25340,2,0.8317252367885279,0.33313837875774943,0.9992982456140351,0.18366032022164233,0.8163396797783576
25342,YGR140W YJL034W,0.0,NA,0.10585455596446991,2848,5700,25341,2,0.8317547431471483,0.3331773514272344,0.9992982456140351,0.1836281047646661,0.8163718952353339
25343,YBL043W YDR052C,0.0,NA,0.10601059347391129,2848,5699,25342,2,0.8317842495057685,0.3332163332163332,0.9992982456140351,0.18359588930768983,0.8164041106923102
25344,YGL227W YDL113C,0.0,NA,0.10604281723499298,2848,5698,25343,2,0.8318137558643888,0.33325532412824715,0.9992982456140351,0.18356367385071357,0.8164363261492864
25345,YER164W YGL141W,0.0,NA,0.10608411580324173,2848,5697,25344,2,0.8318432622230091,0.33329432416617905,0.9992982456140351,0.18353145839373733,0.8164685416062627
25346,MPR1 YDR446W,0.0,NA,0.10619144141674042,2848,5696,25345,2,0.8318727685816294,0.3333333333333333,0.9992982456140351,0.18349924293676106,0.816500757063239
25347,YGL026C YLR242C,0.0,NA,0.10619624704122543,2848,5695,25346,2,0.8319022749402496,0.33337235163291584,0.9992982456140351,0.1834670274797848,0.8165329725202152
25348,snR38 YNL158W,0.0,NA,0.10620008409023285,2848,5694,25347,2,0.8319317812988699,0.33341137906813395,0.9992982456140351,0.18343481202280854,0.8165651879771915
25349,tC(GCA)P1 YGR088W,0.0,NA,0.10624530911445618,2848,5693,25348,2,0.8319612876574902,0.33345041564219646,0.9992982456140351,0.1834025965658323,0.8165974034341678
25350,YIL124W YML132W,0.0,NA,0.10637623816728592,2848,5692,25349,2,0.8319907940161104,0.3334894613583138,0.9992982456140351,0.18337038110885603,0.8166296188911439
25351,YOL003C YJL222W,0.0,NA,0.1063956469297409,2848,5691,25350,2,0.8320203003747307,0.33352851621969787,0.9992982456140351,0.18333816565187977,0.8166618343481202
25352,YBR101C YMR204C,0.0,NA,0.10643196105957031,2848,5690,25351,2,0.832049806733351,0.33356758022956196,0.9992982456140351,0.1833059501949035,0.8166940498050965
25353,YGR195W YKL014C,0.0,NA,0.10648313164710999,2848,5689,25352,2,0.8320793130919714,0.333606653391121,0.9992982456140351,0.18327373473792727,0.8167262652620727
25354,YGL045W YPL112C,0.0,NA,0.10651325434446335,2848,5688,25353,2,0.8321088194505916,0.3336457357075914,0.9992982456140351,0.183241519280951,0.816758480719049
25355,snR35 YNL309W,0.0,NA,0.10652986168861389,2848,5687,25354,2,0.8321383258092119,0.333684827182191,0.9992982456140351,0.18320930382397474,0.8167906961760253
25356,YEL041W YDR261C-C,0.0,NA,0.10656799376010895,2848,5686,25355,2,0.8321678321678322,0.3337239278181392,0.9992982456140351,0.18317708836699848,0.8168229116330015
25357,tE(CUC)D YMR017W,0.0,NA,0.10657276213169098,2848,5685,25356,2,0.8321973385264525,0.333763037618657,0.9992982456140351,0.18314487291002224,0.8168551270899778
25358,YDL075W YJR102C,0.0,NA,0.1065758466720581,2848,5684,25357,2,0.8322268448850727,0.3338021565869667,0.9992982456140351,0.18311265745304597,0.816887342546954
25359,snR8 YDR522C,0.0,NA,0.10662157833576202,2848,5683,25358,2,0.832256351243693,0.3338412847262923,0.9992982456140351,0.1830804419960697,0.8169195580039302
25360,YML039W YCL033C,0.0,NA,0.10665997117757797,2848,5682,25359,2,0.8322858576023133,0.3338804220398593,0.9992982456140351,0.18304822653909344,0.8169517734609065
25361,YOR137C YDR316W-B,0.0,NA,0.10670648515224457,2848,5681,25360,2,0.8323153639609335,0.3339195685308946,0.9992982456140351,0.1830160110821172,0.8169839889178828
25362,YGR054W YPL113C,0.0,NA,0.10674787312746048,2848,5680,25361,2,0.8323448703195538,0.3339587242026266,0.9992982456140351,0.18298379562514094,0.8170162043748591
25363,YHR167W tR(UCU)M2,0.0,NA,0.10678320378065109,2848,5679,25362,2,0.8323743766781742,0.3339978890582854,0.9992982456140351,0.18295158016816468,0.8170484198318353
25364,YMR010W snR63,0.0,NA,0.10692400485277176,2848,5678,25363,2,0.8324038830367945,0.3340370631011025,0.9992982456140351,0.18291936471118841,0.8170806352888116
25365,YIL156W tQ(UUG)E1,0.0,NA,0.10700926929712296,2848,5677,25364,2,0.8324333893954147,0.3340762463343109,0.9992982456140351,0.18288714925421218,0.8171128507457879
25366,YDL106C YML063W,0.0,NA,0.10703934729099274,2848,5676,25365,2,0.832462895754035,0.334115438761145,0.9992982456140351,0.1828549337972359,0.8171450662027641
25367,YHR158C YJR119C,0.0,NA,0.10704201459884644,2848,5675,25366,2,0.8324924021126553,0.334154640384841,0.9992982456140351,0.18282271834025965,0.8171772816597404
25368,YLR455W YBR020W,0.0,NA,0.10704491287469864,2848,5674,25367,2,0.8325219084712756,0.3341938512086365,0.9992982456140351,0.1827905028832834,0.8172094971167166
25369,YBR041W YPR017C,0.0,NA,0.10715078562498093,2848,5673,25368,2,0.8325514148298958,0.33423307123577045,0.9992982456140351,0.18275828742630715,0.8172417125736928
25370,YJR145C YAR007C,0.0,NA,0.1071641594171524,2848,5672,25369,2,0.8325809211885161,0.3342723004694836,0.9992982456140351,0.18272607196933088,0.8172739280306691
25371,YMR310C YML106W,0.0,NA,0.10722307115793228,2848,5671,25370,2,0.8326104275471364,0.33431153891301796,0.9992982456140351,0.18269385651235462,0.8173061434876454
25372,YPL179W YBR217W,0.0,NA,0.10724566876888275,2848,5670,25371,2,0.8326399339057566,0.3343507865696173,0.9992982456140351,0.18266164105537838,0.8173383589446216
25373,YOR294W YOR167C,0.0,NA,0.10737384110689163,2848,5669,25372,2,0.832669440264377,0.3343900434425267,0.9992982456140351,0.18262942559840212,0.8173705744015979
25374,snR60 YLR146C,0.0,NA,0.10743038356304169,2848,5668,25373,2,0.8326989466229973,0.33442930953499295,0.9992982456140351,0.18259721014142585,0.8174027898585742
25375,YMR212C YBR101C,0.0,NA,0.10744305700063705,2848,5667,25374,2,0.8327284529816176,0.33446858485026426,0.9992982456140351,0.1825649946844496,0.8174350053155504
25376,YDR408C YLR208W,0.0,NA,0.10747954994440079,2848,5666,25375,2,0.8327579593402378,0.33450786939159033,0.9992982456140351,0.18253277922747335,0.8174672207725266
25377,Q0160 YDL145C,0.0,NA,0.10751567035913467,2848,5665,25376,2,0.8327874656988581,0.3345471631622225,0.9992982456140351,0.1825005637704971,0.8174994362295029
25378,YML082W YHR084W,0.0,NA,0.10756535083055496,2848,5664,25377,2,0.8328169720574784,0.33458646616541354,0.9992982456140351,0.18246834831352082,0.8175316516864791
25379,YLR223C YIR009W,0.0,NA,0.10756658762693405,2848,5663,25378,2,0.8328464784160987,0.3346257784044178,0.9992982456140351,0.18243613285654456,0.8175638671434554
25380,YML066C YOR346W,0.0,NA,0.10776989907026291,2848,5662,25379,2,0.8328759847747189,0.3346650998824912,0.9992982456140351,0.18240391739956832,0.8175960826004317
25381,YOL119C YFR045W,0.0,NA,0.1078801304101944,2848,5661,25380,2,0.8329054911333392,0.33470443060289107,0.9992982456140351,0.18237170194259206,0.817628298057408
25382,YBR036C YLR028C,0.0,NA,0.10805633664131165,2848,5660,25381,2,0.8329349974919595,0.33474377056887633,0.9992982456140351,0.1823394864856158,0.8176605135143842
25383,YLR026C YHR023W,0.0,NA,0.10806484520435333,2848,5659,25382,2,0.8329645038505799,0.33478311978370756,0.9992982456140351,0.18230727102863953,0.8176927289713605
25384,YCR009C YOL025W,0.0,NA,0.10817170143127441,2848,5658,25383,2,0.8329940102092,0.3348224782506466,0.9992982456140351,0.1822750555716633,0.8177249444283368
25385,YOL086C YMR021C,0.0,NA,0.10817423462867737,2848,5657,25384,2,0.8330235165678204,0.3348618459729571,0.9992982456140351,0.18224284011468703,0.817757159885313
25386,YER142C YPR158W-B,0.0,NA,0.10824021697044373,2848,5656,25385,2,0.8330530229264407,0.33490122295390407,0.9992982456140351,0.18221062465771076,0.8177893753422892
25387,YPR046W YNL154C,0.0,NA,0.10824408382177353,2848,5655,25386,2,0.8330825292850609,0.3349406091967541,0.9992982456140351,0.18217840920073453,0.8178215907992655
25388,YEL029C YGL216W,0.0,NA,0.10824940353631973,2848,5654,25387,2,0.8331120356436812,0.33498000470477535,0.9992982456140351,0.18214619374375826,0.8178538062562417
25389,YPL113C YCR067C,0.0,NA,0.10826203972101212,2848,5653,25388,2,0.8331415420023015,0.3350194094812375,0.9992982456140351,0.182113978286782,0.817886021713218
25390,YKL188C YKR086W,0.0,NA,0.1082683876156807,2848,5652,25389,2,0.8331710483609218,0.33505882352941174,0.9992982456140351,0.18208176282980573,0.8179182371701943
25391,YLR390W-A YOR178C,0.0,NA,0.10827336460351944,2848,5651,25390,2,0.833200554719542,0.3350982468525709,0.9992982456140351,0.1820495473728295,0.8179504526271705
25392,YJL210W YBR008C,0.0,NA,0.1083001121878624,2848,5650,25391,2,0.8332300610781623,0.3351376794539892,0.9992982456140351,0.18201733191585323,0.8179826680841468
25393,YLR231C YDR512C,0.0,NA,0.10830572992563248,2848,5649,25392,2,0.8332595674367826,0.33517712133694244,0.9992982456140351,0.18198511645887697,0.8180148835411231
25394,YIL146C YPL096C-A,0.0,NA,0.10833276063203812,2848,5648,25393,2,0.833289073795403,0.3352165725047081,0.9992982456140351,0.1819529010019007,0.8180470989980992
25395,YCR042C YIR005W,0.0,NA,0.10834110528230667,2848,5647,25394,2,0.8333185801540232,0.33525603296056505,0.9992982456140351,0.18192068554492447,0.8180793144550755
25396,YMR134W YKR042W,1.0,NA,0.10834971070289612,2847,5647,25394,3,0.833289073795403,0.3351777725453261,0.9989473684210526,0.18192068554492447,0.8180793144550755
25397,YIL125W YPR161C,0.0,NA,0.1083521619439125,2847,5646,25395,3,0.8333185801540232,0.33521723772518547,0.9989473684210526,0.1818884700879482,0.8181115299120518
25398,YJL103C YBR257W,0.0,NA,0.10840348899364471,2847,5645,25396,3,0.8333480865126435,0.33525671219971737,0.9989473684210526,0.18185625463097194,0.818143745369028
25399,YGL190C YCL048W,0.0,NA,0.10842712968587875,2847,5644,25397,3,0.8333775928712638,0.3352961959722059,0.9989473684210526,0.18182403917399567,0.8181759608260043
25400,YDR225W tM(CAU)J3,0.0,NA,0.10853052139282227,2847,5643,25398,3,0.833407099229884,0.3353356890459364,0.9989473684210526,0.18179182371701944,0.8182081762829806
25401,YJL168C YJL190C,0.0,NA,0.1086527556180954,2847,5642,25399,3,0.8334366055885043,0.33537519142419603,0.9989473684210526,0.18175960826004317,0.8182403917399569
25402,YER074W-A YGR157W,0.0,NA,0.1087900772690773,2847,5641,25400,3,0.8334661119471246,0.3354147031102733,0.9989473684210526,0.1817273928030669,0.8182726071969331
25403,YOL144W YAL044C,0.0,NA,0.1087973341345787,2847,5640,25401,3,0.8334956183057449,0.33545422410745845,0.9989473684210526,0.18169517734609064,0.8183048226539094
25404,YMR047C YBL045C,0.0,NA,0.10880598425865173,2847,5639,25402,3,0.8335251246643651,0.3354937544190431,0.9989473684210526,0.1816629618891144,0.8183370381108857
25405,YBR293W YLR376C,0.0,NA,0.10889770835638046,2847,5638,25403,3,0.8335546310229854,0.33553329404832055,0.9989473684210526,0.18163074643213814,0.8183692535678618
25406,YOL008W YLR367W,0.0,NA,0.10893407464027405,2847,5637,25404,3,0.8335841373816057,0.3355728429985856,0.9989473684210526,0.18159853097516188,0.8184014690248381
25407,YBR010W YCR093W,0.0,NA,0.10896110534667969,2847,5636,25405,3,0.8336136437402261,0.3356124012731345,0.9989473684210526,0.18156631551818564,0.8184336844818144
25408,YDR229W YLR043C,0.0,NA,0.10899188369512558,2847,5635,25406,3,0.8336431500988463,0.33565196887526527,0.9989473684210526,0.18153410006120937,0.8184658999387906
25409,YMR309C YPR161C,0.0,NA,0.10899528115987778,2847,5634,25407,3,0.8336726564574666,0.3356915458082773,0.9989473684210526,0.1815018846042331,0.8184981153957669
25410,YOR219C YBL001C,0.0,NA,0.10909783095121384,2847,5633,25408,3,0.8337021628160869,0.33573113207547167,0.9989473684210526,0.18146966914725685,0.8185303308527432
25411,YBR217W YKR019C,0.0,NA,0.10918685048818588,2847,5632,25409,3,0.8337316691747072,0.335770727680151,0.9989473684210526,0.1814374536902806,0.8185625463097194
25412,YHR061C tR(UCU)M2,0.0,NA,0.10931693017482758,2847,5631,25410,3,0.8337611755333274,0.33581033262561927,0.9989473684210526,0.18140523823330434,0.8185947617666957
25413,YBR049C snR51,0.0,NA,0.10934122651815414,2847,5630,25411,3,0.8337906818919477,0.3358499469151823,0.9989473684210526,0.18137302277632808,0.818626977223672
25414,YJL072C tQ(UUG)D1,0.0,NA,0.10945960134267807,2847,5629,25412,3,0.833820188250568,0.33588957055214724,0.9989473684210526,0.18134080731935182,0.8186591926806481
25415,YIL002C YBL037W,0.0,NA,0.10955264419317245,2847,5628,25413,3,0.8338496946091882,0.33592920353982303,0.9989473684210526,0.18130859186237558,0.8186914081376244
25416,YKR086W YGR277C,0.0,NA,0.10955771058797836,2847,5627,25414,3,0.8338792009678085,0.33596884588151993,0.9989473684210526,0.18127637640539931,0.8187236235946007
25417,YBR057C YLL046C,0.0,NA,0.10958795249462128,2847,5626,25415,3,0.8339087073264289,0.33600849758054996,0.9989473684210526,0.18124416094842305,0.8187558390515769
25418,YFR048W YOR011W,0.0,NA,0.10965583473443985,2847,5625,25416,3,0.8339382136850492,0.33604815864022664,0.9989473684210526,0.18121194549144679,0.8187880545085532
25419,YNR039C YGL198W,0.0,NA,0.10970404744148254,2847,5624,25417,3,0.8339677200436694,0.336087829063865,0.9989473684210526,0.18117973003447055,0.8188202699655295
25420,YDR463W YAL009W,0.0,NA,0.1098792776465416,2847,5623,25418,3,0.8339972264022897,0.3361275088547816,0.9989473684210526,0.18114751457749428,0.8188524854225058
25421,YML052W YGR063C,0.0,NA,0.1098867878317833,2847,5622,25419,3,0.83402673276091,0.33616719801629474,0.9989473684210526,0.18111529912051802,0.818884700879482
25422,YJR120W YNL149C,0.0,NA,0.1099146381020546,2847,5621,25420,3,0.8340562391195303,0.33620689655172414,0.9989473684210526,0.18108308366354176,0.8189169163364582
25423,YCL020W YJL186W,0.0,NA,0.10997194051742554,2847,5620,25421,3,0.8340857454781505,0.33624660446439114,0.9989473684210526,0.18105086820656552,0.8189491317934345
25424,YBR195C YLR148W,0.0,NA,0.11007624864578247,2847,5619,25422,3,0.8341152518367708,0.3362863217576187,0.9989473684210526,0.18101865274958925,0.8189813472504107
25425,YPR095C YKL160W,0.0,NA,0.11007842421531677,2847,5618,25423,3,0.8341447581953911,0.33632604843473124,0.9989473684210526,0.180986437292613,0.819013562707387
25426,YPL027W YIL026C,0.0,NA,0.11014119535684586,2847,5617,25424,3,0.8341742645540113,0.3363657844990548,0.9989473684210526,0.18095422183563672,0.8190457781643633
25427,YGL137W YER172C,0.0,NA,0.1101483479142189,2847,5616,25425,3,0.8342037709126316,0.33640552995391704,0.9989473684210526,0.1809220063786605,0.8190779936213395
25428,YDR236C YIL156W,0.0,NA,0.11016245931386948,2847,5615,25426,3,0.834233277271252,0.3364452848026471,0.9989473684210526,0.18088979092168422,0.8191102090783158
25429,YPL076W YOL138C,0.0,NA,0.11019572615623474,2847,5614,25427,3,0.8342627836298723,0.33648504904857585,0.9989473684210526,0.18085757546470796,0.8191424245352921
25430,YKL171W YBR021W,0.0,NA,0.11027174443006516,2847,5613,25428,3,0.8342922899884925,0.3365248226950355,0.9989473684210526,0.18082536000773172,0.8191746399922682
25431,YEL017C-A tA(UGC)A,0.0,NA,0.11031404137611389,2847,5612,25429,3,0.8343217963471128,0.33656460574535996,0.9989473684210526,0.18079314455075546,0.8192068554492445
25432,YMR048W YLR115W,0.0,NA,0.11041048914194107,2847,5611,25430,3,0.8343513027057331,0.33660439820288485,0.9989473684210526,0.1807609290937792,0.8192390709062208
25433,YML036W YNL221C,0.0,NA,0.11064834892749786,2847,5610,25431,3,0.8343808090643534,0.33664420007094714,0.9989473684210526,0.18072871363680293,0.819271286363197
25434,YNL227C YNL129W,0.0,NA,0.11066529154777527,2847,5609,25432,3,0.8344103154229736,0.3366840113528855,0.9989473684210526,0.1806964981798267,0.8193035018201733
25435,YML076C YJR095W,0.0,NA,0.11075213551521301,2847,5608,25433,3,0.8344398217815939,0.3367238320520402,0.9989473684210526,0.18066428272285043,0.8193357172771496
25436,YGL064C YDR055W,0.0,NA,0.1107560470700264,2847,5607,25434,3,0.8344693281402142,0.336763662171753,0.9989473684210526,0.18063206726587416,0.8193679327341258
25437,YKR085C YNL070W,0.0,NA,0.11083590239286423,2847,5606,25435,3,0.8344988344988346,0.3368035017153673,0.9989473684210526,0.1805998518088979,0.8194001481911021
25438,YPR137C-A YDR261W-B,0.0,NA,0.11091109365224838,2847,5605,25436,3,0.8345283408574548,0.3368433506862281,0.9989473684210526,0.18056763635192166,0.8194323636480784
25439,YPL283C YDL215C,0.0,NA,0.11093587428331375,2847,5604,25437,3,0.8345578472160751,0.33688320908768193,0.9989473684210526,0.1805354208949454,0.8194645791050547
25440,YDR281C YCL074W,0.0,NA,0.11094815284013748,2847,5603,25438,3,0.8345873535746954,0.33692307692307694,0.9989473684210526,0.18050320543796913,0.8194967945620308
25441,YGL004C YMR047C,0.0,NA,0.11101939529180527,2847,5602,25439,3,0.8346168599333156,0.33696295419576283,0.9989473684210526,0.18047098998099287,0.8195290100190071
25442,YKR001C YLR320W,0.0,NA,0.11107056587934494,2847,5601,25440,3,0.8346463662919359,0.3370028409090909,0.9989473684210526,0.18043877452401663,0.8195612254759834
25443,YML055W YFR025C,0.0,NA,0.11108149588108063,2847,5600,25441,3,0.8346758726505562,0.33704273706641413,0.9989473684210526,0.18040655906704037,0.8195934409329596
25444,YAL007C YER174C,0.0,NA,0.11116970330476761,2847,5599,25442,3,0.8347053790091765,0.3370826426710869,0.9989473684210526,0.1803743436100641,0.8196256563899359
25445,YNL192W YDR473C,0.0,NA,0.11123553663492203,2847,5598,25443,3,0.8347348853677967,0.3371225577264654,0.9989473684210526,0.18034212815308784,0.8196578718469122
25446,YPL070W YLR209C,0.0,NA,0.1112421452999115,2847,5597,25444,3,0.834764391726417,0.33716248223590717,0.9989473684210526,0.1803099126961116,0.8196900873038884
25447,YPL275W YOL140W,0.0,NA,0.11131197959184647,2847,5596,25445,3,0.8347938980850373,0.3372024162027715,0.9989473684210526,0.18027769723913534,0.8197223027608647
25448,YNL102W YNL219C,0.0,NA,0.11132090538740158,2847,5595,25446,3,0.8348234044436577,0.3372423596304193,0.9989473684210526,0.18024548178215907,0.819754518217841
25449,YMR069W YMR231W,0.0,NA,0.11147001385688782,2847,5594,25447,3,0.8348529108022779,0.337282312522213,0.9989473684210526,0.18021326632518284,0.8197867336748171
25450,YPR075C YNR009W,0.0,NA,0.11147303134202957,2847,5593,25448,3,0.8348824171608982,0.3373222748815166,0.9989473684210526,0.18018105086820657,0.8198189491317934
25451,YHL030W YGR161W-B,0.0,NA,0.11149102449417114,2847,5592,25449,3,0.8349119235195185,0.3373622467116957,0.9989473684210526,0.1801488354112303,0.8198511645887697
25452,YML019W YDR497C,0.0,NA,0.11161144077777863,2847,5591,25450,3,0.8349414298781387,0.3374022280161176,0.9989473684210526,0.18011661995425404,0.8198833800457459
25453,YNL213C YCR028C-A,1.0,NA,0.11163272708654404,2846,5591,25450,4,0.8349119235195185,0.3373236932558967,0.9985964912280701,0.18011661995425404,0.8198833800457459
25454,YOR145C YPR158C-D,0.0,NA,0.11168491840362549,2846,5590,25451,4,0.8349414298781387,0.33736367946894263,0.9985964912280701,0.1800844044972778,0.8199155955027222
25455,YDR236C YPL223C,0.0,NA,0.11173637211322784,2846,5589,25452,4,0.834970936236759,0.3374036751630113,0.9985964912280701,0.18005218904030154,0.8199478109596985
25456,YOL124C YDL056W,0.0,NA,0.11181315779685974,2846,5588,25453,4,0.8350004425953793,0.337443680341475,0.9985964912280701,0.18001997358332528,0.8199800264166747
25457,YDR140W YGR241C,0.0,NA,0.11203529685735703,2846,5587,25454,4,0.8350299489539996,0.3374836950077078,0.9985964912280701,0.179987758126349,0.820012241873651
25458,YDL049C YJL030W,0.0,NA,0.11210871487855911,2846,5586,25455,4,0.8350594553126198,0.3375237191650854,0.9985964912280701,0.17995554266937278,0.8200444573306273
25459,YLR284C Q0045,0.0,NA,0.11217337101697922,2846,5585,25456,4,0.8350889616712401,0.3375637528169849,0.9985964912280701,0.1799233272123965,0.8200766727876035
25460,snR73 YHR197W,0.0,NA,0.1122177392244339,2846,5584,25457,4,0.8351184680298605,0.3376037959667853,0.9985964912280701,0.17989111175542025,0.8201088882445797
25461,YLR423C YGR180C,0.0,NA,0.11223512887954712,2846,5583,25458,4,0.8351479743884808,0.3376438486178669,0.9985964912280701,0.17985889629844398,0.820141103701556
25462,YDR236C YEL022W,0.0,NA,0.11227355897426605,2846,5582,25459,4,0.835177480747101,0.33768391077361176,0.9985964912280701,0.17982668084146775,0.8201733191585323
25463,YMR010W YKL135C,0.0,NA,0.11230142414569855,2846,5581,25460,4,0.8352069871057213,0.3377239824374036,0.9985964912280701,0.17979446538449148,0.8202055346155085
25464,YGL055W YKR085C,0.0,NA,0.11240541934967041,2846,5580,25461,4,0.8352364934643416,0.33776406361262756,0.9985964912280701,0.17976224992751522,0.8202377500724848
25465,YGL178W YBR265W,0.0,NA,0.1126033365726471,2846,5579,25462,4,0.8352659998229619,0.33780415430267063,0.9985964912280701,0.17973003447053895,0.8202699655294611
25466,YDR452W YDR035W,0.0,NA,0.11262479424476624,2846,5578,25463,4,0.8352955061815821,0.3378442545109212,0.9985964912280701,0.17969781901356272,0.8203021809864373
25467,YJL136C YPL116W,0.0,NA,0.1126340851187706,2846,5577,25464,4,0.8353250125402024,0.33788436424076934,0.9985964912280701,0.17966560355658645,0.8203343964434135
25468,YNL233W YJR126C,0.0,NA,0.11273658275604248,2846,5576,25465,4,0.8353545188988227,0.3379244834956067,0.9985964912280701,0.1796333880996102,0.8203666119003898
25469,YDR210W-A YOR157C,0.0,NA,0.11295244842767715,2846,5575,25466,4,0.8353840252574429,0.33796461227882674,0.9985964912280701,0.17960117264263395,0.820398827357366
25470,YML082W YHR136C,0.0,NA,0.11296455562114716,2846,5574,25467,4,0.8354135316160632,0.33800475059382423,0.9985964912280701,0.17956895718565768,0.8204310428143423
25471,YHR112C YDR224C,0.0,NA,0.1129736602306366,2846,5573,25468,4,0.8354430379746836,0.3380448984439957,0.9985964912280701,0.17953674172868142,0.8204632582713186
25472,YEL060C YDR180W,0.0,NA,0.11300864070653915,2846,5572,25469,4,0.8354725443333039,0.33808505583273935,0.9985964912280701,0.17950452627170516,0.8204954737282948
25473,YER138C YBR193C,0.0,NA,0.11301351338624954,2846,5571,25470,4,0.8355020506919241,0.3381252227634549,0.9985964912280701,0.17947231081472892,0.8205276891852711
25474,YBR081C YMR235C,0.0,NA,0.11302565783262253,2846,5570,25471,4,0.8355315570505444,0.33816539923954375,0.9985964912280701,0.17944009535775265,0.8205599046422474
25475,YPL040C YNL032W,0.0,NA,0.11307820677757263,2846,5569,25472,4,0.8355610634091647,0.3382055852644088,0.9985964912280701,0.1794078799007764,0.8205921200992236
25476,YOR016C YKR089C,0.0,NA,0.11317019909620285,2846,5568,25473,4,0.835590569767785,0.33824578084145474,0.9985964912280701,0.17937566444380013,0.8206243355561998
25477,YGL244W YML007W,0.0,NA,0.11317905783653259,2846,5567,25474,4,0.8356200761264052,0.3382859859740877,0.9985964912280701,0.1793434489868239,0.8206565510131761
25478,YBR192W YNL149C,0.0,NA,0.11318402737379074,2846,5566,25475,4,0.8356495824850255,0.33832620066571567,0.9985964912280701,0.17931123352984762,0.8206887664701524
25479,YGL070C YGL162W,0.0,NA,0.11321563273668289,2846,5565,25476,4,0.8356790888436458,0.33836642491974794,0.9985964912280701,0.17927901807287136,0.8207209819271286
25480,YGR195W YPR194C,0.0,NA,0.11332406103610992,2846,5564,25477,4,0.835708595202266,0.33840665873959574,0.9985964912280701,0.1792468026158951,0.8207531973841049
25481,YPR086W YNL329C,0.0,NA,0.1134524866938591,2846,5563,25478,4,0.8357381015608863,0.3384469021286717,0.9985964912280701,0.17921458715891886,0.8207854128410812
25482,YHR058C YIR033W,0.0,NA,0.11355873197317123,2846,5562,25479,4,0.8357676079195067,0.3384871550903901,0.9985964912280701,0.1791823717019426,0.8208176282980574
25483,YCR033W YIR031C,0.0,NA,0.11356740444898605,2846,5561,25480,4,0.835797114278127,0.338527417628167,0.9985964912280701,0.17915015624496633,0.8208498437550337
25484,snR73 YAL036C,0.0,NA,0.11356768757104874,2846,5560,25481,4,0.8358266206367472,0.33856768974541995,0.9985964912280701,0.17911794078799007,0.82088205921201
25485,YMR294W YIL044C,0.0,NA,0.11357139050960541,2846,5559,25482,4,0.8358561269953675,0.3386079714455681,0.9985964912280701,0.17908572533101383,0.8209142746689861
25486,YLL048C YLR277C,0.0,NA,0.11363399773836136,2846,5558,25483,4,0.8358856333539878,0.33864826273203236,0.9985964912280701,0.17905350987403756,0.8209464901259624
25487,YJL109C YOR098C,0.0,NA,0.11374302208423615,2846,5557,25484,4,0.8359151397126081,0.3386885636082351,0.9985964912280701,0.1790212944170613,0.8209787055829387
25488,YBR240C YLR275W,0.0,NA,0.1139436587691307,2846,5556,25485,4,0.8359446460712283,0.33872887407760055,0.9985964912280701,0.17898907896008504,0.8210109210399149
25489,YDL019C YER023W,0.0,NA,0.1140172928571701,2846,5555,25486,4,0.8359741524298486,0.33876919414355433,0.9985964912280701,0.1789568635031088,0.8210431364968912
25490,YAR007C YNL108C,0.0,NA,0.11403795331716537,2846,5554,25487,4,0.8360036587884689,0.3388095238095238,0.9985964912280701,0.17892464804613253,0.8210753519538675
25491,tL(GAG)G YMR309C,0.0,NA,0.11404012143611908,2846,5553,25488,4,0.8360331651470893,0.338849863078938,0.9985964912280701,0.17889243258915627,0.8211075674108437
25492,YLR466W YKL192C,0.0,NA,0.11412740498781204,2846,5552,25489,4,0.8360626715057095,0.33889021195522745,0.9985964912280701,0.17886021713218003,0.82113978286782
25493,YNL267W YNL293W,0.0,NA,0.11415150761604309,2846,5551,25490,4,0.8360921778643298,0.33893057044182445,0.9985964912280701,0.17882800167520377,0.8211719983247963
25494,YGR065C YGR104C,0.0,NA,0.11415174603462219,2846,5550,25491,4,0.8361216842229501,0.3389709385421629,0.9985964912280701,0.1787957862182275,0.8212042137817724
25495,YDL134C YJL189W,0.0,NA,0.11417732387781143,2846,5549,25492,4,0.8361511905815703,0.3390113162596784,0.9985964912280701,0.17876357076125124,0.8212364292387487
25496,Q0160 YIR028W,0.0,NA,0.11432385444641113,2846,5548,25493,4,0.8361806969401906,0.33905170359780795,0.9985964912280701,0.178731355304275,0.821268644695725
25497,YPR137C-A YFR013W,0.0,NA,0.11433153599500656,2846,5547,25494,4,0.8362102032988109,0.33909210055999045,0.9985964912280701,0.17869913984729874,0.8213008601527013
25498,YFR029W YKL138C-A,0.0,NA,0.11433815211057663,2846,5546,25495,4,0.8362397096574312,0.33913250714966636,0.9985964912280701,0.17866692439032247,0.8213330756096775
25499,YGR283C YDR381W,0.0,NA,0.11436162143945694,2846,5545,25496,4,0.8362692160160514,0.33917292337027766,0.9985964912280701,0.1786347089333462,0.8213652910666538
25500,YDR064W YJR005W,0.0,NA,0.11446163058280945,2846,5544,25497,4,0.8362987223746717,0.3392133492252682,0.9985964912280701,0.17860249347636997,0.8213975065236301
25501,YPL169C YJR141W,0.0,NA,0.11448284983634949,2846,5543,25498,4,0.836328228733292,0.3392537847180832,0.9985964912280701,0.1785702780193937,0.8214297219806063
25502,YBR286W YDL005C,0.0,NA,0.11452022194862366,2846,5542,25499,4,0.8363577350919124,0.3392942298521698,0.9985964912280701,0.17853806256241744,0.8214619374375826
25503,YPR073C YNL201C,0.0,NA,0.11452993750572205,2846,5541,25500,4,0.8363872414505326,0.3393346846309765,0.9985964912280701,0.17850584710544118,0.8214941528945588
25504,YER019W YOR021C,0.0,NA,0.11464416235685349,2846,5540,25501,4,0.8364167478091529,0.33937514905795374,0.9985964912280701,0.17847363164846494,0.821526368351535
25505,YOR197W YGL077C,0.0,NA,0.11476343125104904,2846,5539,25502,4,0.8364462541677732,0.3394156231365534,0.9985964912280701,0.17844141619148868,0.8215585838085113
25506,YOR239W YNL272C,0.0,NA,0.11477664113044739,2846,5538,25503,4,0.8364757605263934,0.33945610687022904,0.9985964912280701,0.1784092007345124,0.8215907992654876
25507,YIL077C YBR286W,0.0,NA,0.11479051411151886,2846,5537,25504,4,0.8365052668850137,0.3394966002624359,0.9985964912280701,0.17837698527753615,0.8216230147224638
25508,YNR009W YBR202W,0.0,NA,0.11487634479999542,2846,5536,25505,4,0.836534773243634,0.3395371033166309,0.9985964912280701,0.1783447698205599,0.8216552301794401
25509,YDR303C YLR113W,0.0,NA,0.11494788527488708,2846,5535,25506,4,0.8365642796022543,0.3395776160362725,0.9985964912280701,0.17831255436358365,0.8216874456364164
25510,tE(UUC)C YGL168W,0.0,NA,0.11498793214559555,2846,5534,25507,4,0.8365937859608745,0.339618138424821,0.9985964912280701,0.17828033890660738,0.8217196610933926
25511,YIL082W-A YMR065W,0.0,NA,0.11504819244146347,2846,5533,25508,4,0.8366232923194948,0.33965867048573817,0.9985964912280701,0.17824812344963115,0.8217518765503689
25512,YJR150C YJR090C,0.0,NA,0.11507833749055862,2846,5532,25509,4,0.8366527986781152,0.33969921222248745,0.9985964912280701,0.17821590799265488,0.8217840920073451
25513,YOR165W YMR283C,0.0,NA,0.11508641391992569,2846,5531,25510,4,0.8366823050367355,0.3397397636385341,0.9985964912280701,0.17818369253567862,0.8218163074643213
25514,YCR014C YJL204C,0.0,NA,0.11508771032094955,2846,5530,25511,4,0.8367118113953557,0.3397803247373448,0.9985964912280701,0.17815147707870235,0.8218485229212976
25515,YOR046C YOR319W,0.0,NA,0.11521337926387787,2846,5529,25512,4,0.836741317753976,0.33982089552238803,0.9985964912280701,0.17811926162172612,0.8218807383782739
25516,YIL035C YLR333C,0.0,NA,0.11523167788982391,2846,5528,25513,4,0.8367708241125963,0.339861475997134,0.9985964912280701,0.17808704616474985,0.8219129538352502
25517,YNL202W YHR113W,0.0,NA,0.11524684727191925,2846,5527,25514,4,0.8368003304712166,0.33990206616505436,0.9985964912280701,0.1780548307077736,0.8219451692922264
25518,YMR028W YPR158C-D,0.0,NA,0.11532554030418396,2846,5526,25515,4,0.8368298368298368,0.33994266602962253,0.9985964912280701,0.17802261525079732,0.8219773847492027
25519,YPR095C YPL001W,0.0,NA,0.11534588783979416,2846,5525,25516,4,0.8368593431884571,0.3399832755943137,0.9985964912280701,0.17799039979382109,0.822009600206179
25520,YGL238W Q0115,0.0,NA,0.11538957804441452,2846,5524,25517,4,0.8368888495470774,0.34002389486260454,0.9985964912280701,0.17795818433684482,0.8220418156631552
25521,tR(ACG)K YLR212C,0.0,NA,0.11544741690158844,2846,5523,25518,4,0.8369183559056976,0.3400645238379735,0.9985964912280701,0.17792596887986856,0.8220740311201314
25522,YLR448W YGL142C,0.0,NA,0.11546500027179718,2846,5522,25519,4,0.8369478622643179,0.34010516252390055,0.9985964912280701,0.1778937534228923,0.8221062465771077
25523,YLR319C YNL225C,0.0,NA,0.11560181528329849,2846,5521,25520,4,0.8369773686229383,0.3401458109238676,0.9985964912280701,0.17786153796591606,0.8221384620340839
25524,YDL188C YBR103W,0.0,NA,0.11566115915775299,2846,5520,25521,4,0.8370068749815586,0.34018646904135785,0.9985964912280701,0.1778293225089398,0.8221706774910602
25525,YDR146C YDR210C-D,0.0,NA,0.11572526395320892,2846,5519,25522,4,0.8370363813401788,0.34022713687985656,0.9985964912280701,0.17779710705196353,0.8222028929480365
25526,YLR360W YGL186C,0.0,NA,0.11572897434234619,2846,5518,25523,4,0.8370658876987991,0.3402678144428503,0.9985964912280701,0.17776489159498726,0.8222351084050127
25527,YJR028W YAL013W,0.0,NA,0.11587104946374893,2846,5517,25524,4,0.8370953940574194,0.3403085017338276,0.9985964912280701,0.17773267613801103,0.822267323861989
25528,YPL028W YHR098C,0.0,NA,0.11602701246738434,2846,5516,25525,4,0.8371249004160397,0.3403491987562784,0.9985964912280701,0.17770046068103476,0.8222995393189653
25529,YPL094C YEL046C,0.0,NA,0.11609768867492676,2846,5515,25526,4,0.8371544067746599,0.3403899055136945,0.9985964912280701,0.1776682452240585,0.8223317547759414
25530,YDR451C YHR026W,0.0,NA,0.11612242460250854,2846,5514,25527,4,0.8371839131332802,0.34043062200956936,0.9985964912280701,0.17763602976708226,0.8223639702329177
25531,YDR096W YGR161C-D,0.0,NA,0.1161261573433876,2846,5513,25528,4,0.8372134194919005,0.340471348247398,0.9985964912280701,0.177603814310106,0.822396185689894
25532,YMR283C YER026C,0.0,NA,0.11614827811717987,2846,5512,25529,4,0.8372429258505207,0.3405120842306772,0.9985964912280701,0.17757159885312973,0.8224284011468702
25533,YER014C-A YBR155W,0.0,NA,0.11616740375757217,2846,5511,25530,4,0.837272432209141,0.34055282996290537,0.9985964912280701,0.17753938339615347,0.8224606166038465
25534,YNL312W YNL245C,0.0,NA,0.11621098220348358,2846,5510,25531,4,0.8373019385677614,0.34059358544758256,0.9985964912280701,0.17750716793917723,0.8224928320608228
25535,YPR032W YGR047C,0.0,NA,0.11624204367399216,2846,5509,25532,4,0.8373314449263817,0.34063435068821063,0.9985964912280701,0.17747495248220096,0.8225250475177991
25536,YLR286C YMR194W,0.0,NA,0.11627643555402756,2846,5508,25533,4,0.8373609512850019,0.34067512568829306,0.9985964912280701,0.1774427370252247,0.8225572629747753
25537,YGR004W YLR452C,0.0,NA,0.1164039894938469,2846,5507,25534,4,0.8373904576436222,0.34071591045133487,0.9985964912280701,0.17741052156824844,0.8225894784317516
25538,YPL249C-A YML092C,0.0,NA,0.11650966107845306,2846,5506,25535,4,0.8374199640022425,0.34075670498084293,0.9985964912280701,0.1773783061112722,0.8226216938887279
25539,tQ(UUG)D1 YJR132W,0.0,NA,0.11671686172485352,2846,5505,25536,4,0.8374494703608628,0.3407975092803257,0.9985964912280701,0.17734609065429593,0.822653909345704
25540,YDL213C YOR343W-A,0.0,NA,0.11672978848218918,2846,5504,25537,4,0.837478976719483,0.3408383233532934,0.9985964912280701,0.17731387519731967,0.8226861248026803
25541,YLR309C snR13,0.0,NA,0.11675643175840378,2846,5503,25538,4,0.8375084830781033,0.34087914720325785,0.9985964912280701,0.1772816597403434,0.8227183402596566
25542,YML069W YMR236W,0.0,NA,0.11680479347705841,2846,5502,25539,4,0.8375379894367236,0.34091998083373265,0.9985964912280701,0.17724944428336717,0.8227505557166328
25543,YOL116W YGL243W,0.0,NA,0.11685511469841003,2846,5501,25540,4,0.8375674957953438,0.3409608242482329,0.9985964912280701,0.1772172288263909,0.8227827711736091
25544,tR(ACG)K YNL110C,0.0,NA,0.11699819564819336,2846,5500,25541,4,0.8375970021539642,0.3410016774502756,0.9985964912280701,0.17718501336941464,0.8228149866305854
25545,YGR105W YLR006C,0.0,NA,0.11706624925136566,2846,5499,25542,4,0.8376265085125845,0.3410425404433793,0.9985964912280701,0.17715279791243838,0.8228472020875616
25546,YDR236C YMR261C,0.0,NA,0.1171705350279808,2846,5498,25543,4,0.8376560148712048,0.3410834132310642,0.9985964912280701,0.17712058245546214,0.8228794175445379
25547,tA(AGC)M1 YNL259C,0.0,NA,0.11735290288925171,2846,5497,25544,4,0.837685521229825,0.34112429581685244,0.9985964912280701,0.17708836699848587,0.8229116330015142
25548,YNL001W YJL002C,0.0,NA,0.11736536771059036,2846,5496,25545,4,0.8377150275884453,0.34116518820426756,0.9985964912280701,0.1770561515415096,0.8229438484584903
25549,YDR131C YJL212C,0.0,NA,0.11741209030151367,2846,5495,25546,4,0.8377445339470656,0.3412060903968349,0.9985964912280701,0.17702393608453335,0.8229760639154666
25550,MAL23 YMR255W,0.0,NA,0.11744263768196106,2846,5494,25547,4,0.8377740403056859,0.34124700239808153,0.9985964912280701,0.1769917206275571,0.8230082793724429
25551,YLL056C YHR074W,0.0,NA,0.11744429171085358,2846,5493,25548,4,0.8378035466643061,0.34128792421153614,0.9985964912280701,0.17695950517058084,0.8230404948294191
25552,YJL044C YDR452W,0.0,NA,0.11761646717786789,2846,5492,25549,4,0.8378330530229264,0.3413288558407292,0.9985964912280701,0.17692728971360458,0.8230727102863954
25553,YBR236C YOR288C,0.0,NA,0.1176605224609375,2846,5491,25550,4,0.8378625593815467,0.34136979728919276,0.9985964912280701,0.17689507425662834,0.8231049257433717
25554,YMR083W YNR052C,0.0,NA,0.11770530045032501,2846,5490,25551,4,0.8378920657401671,0.34141074856046066,0.9985964912280701,0.17686285879965208,0.823137141200348
25555,YGR098C YGR019W,0.0,NA,0.11771300435066223,2846,5489,25552,4,0.8379215720987873,0.34145170965806837,0.9985964912280701,0.17683064334267581,0.8231693566573242
25556,YPL257W-A YKL067W,0.0,NA,0.11784350872039795,2846,5488,25553,4,0.8379510784574076,0.34149268058555315,0.9985964912280701,0.17679842788569955,0.8232015721143005
25557,YHR110W YOL040C,0.0,NA,0.1178886741399765,2846,5487,25554,4,0.8379805848160279,0.34153366134645385,0.9985964912280701,0.1767662124287233,0.8232337875712767
25558,YBR162C YLR438C-A,0.0,NA,0.11791790276765823,2846,5486,25555,4,0.8380100911746481,0.3415746519443111,0.9985964912280701,0.17673399697174705,0.8232660030282529
25559,YCL038C YGL198W,0.0,NA,0.11793281137943268,2846,5485,25556,4,0.8380395975332684,0.34161565238266717,0.9985964912280701,0.17670178151477078,0.8232982184852292
25560,YBL045C YNL067W,0.0,NA,0.11797627806663513,2846,5484,25557,4,0.8380691038918887,0.341656662665066,0.9985964912280701,0.17666956605779452,0.8233304339422055
25561,YBR088C YEL059C-A,0.0,NA,0.11809639632701874,2846,5483,25558,4,0.838098610250509,0.3416976827950534,0.9985964912280701,0.17663735060081828,0.8233626493991817
25562,BLM3 YIL064W,0.0,NA,0.11810171604156494,2846,5482,25559,4,0.8381281166091292,0.34173871277617673,0.9985964912280701,0.17660513514384202,0.823394864856158
25563,YPR176C YDR245W,0.0,NA,0.11837385594844818,2846,5481,25560,4,0.8381576229677495,0.3417797526119851,0.9985964912280701,0.17657291968686575,0.8234270803131343
25564,YOR290C YJR013W,0.0,NA,0.11844164878129959,2846,5480,25561,4,0.8381871293263699,0.3418208023060293,0.9985964912280701,0.1765407042298895,0.8234592957701105
25565,YGL043W YGL216W,0.0,NA,0.11848784983158112,2846,5479,25562,4,0.8382166356849902,0.34186186186186185,0.9985964912280701,0.17650848877291325,0.8234915112270867
25566,YDL103C YOR040W,0.0,NA,0.11852942407131195,2846,5478,25563,4,0.8382461420436104,0.341902931283037,0.9985964912280701,0.176476273315937,0.823523726684063
25567,YLR088W YIL010W,0.0,NA,0.11853118985891342,2846,5477,25564,4,0.8382756484022307,0.34194401057311063,0.9985964912280701,0.17644405785896072,0.8235559421410392
25568,YOL101C YBR101C,0.0,NA,0.11855076998472214,2846,5476,25565,4,0.838305154760851,0.34198509973564045,0.9985964912280701,0.17641184240198446,0.8235881575980155
25569,YIL016W YOL116W,0.0,NA,0.11856861412525177,2846,5475,25566,4,0.8383346611194712,0.3420261987741858,0.9985964912280701,0.17637962694500822,0.8236203730549918
25570,YNR002C YGL119W,0.0,NA,0.11860395222902298,2846,5474,25567,4,0.8383641674780915,0.3420673076923077,0.9985964912280701,0.17634741148803196,0.823652588511968
25571,YDR211W YFL049W,0.0,NA,0.11862578243017197,2846,5473,25568,4,0.8383936738367118,0.34210842649356893,0.9985964912280701,0.1763151960310557,0.8236848039689443
25572,YOR302W YJR013W,0.0,NA,0.11863705515861511,2846,5472,25569,4,0.8384231801953321,0.342149555181534,0.9985964912280701,0.17628298057407946,0.8237170194259206
25573,YDR021W YCR036W,0.0,NA,0.11864177882671356,2846,5471,25570,4,0.8384526865539523,0.3421906937597691,0.9985964912280701,0.1762507651171032,0.8237492348828969
25574,YLL050C YKL210W,0.0,NA,0.1186903715133667,2846,5470,25571,4,0.8384821929125726,0.3422318422318422,0.9985964912280701,0.17621854966012693,0.823781450339873
25575,YBR012W-A YMR063W,0.0,NA,0.11879368871450424,2846,5469,25572,4,0.838511699271193,0.34227300060132293,0.9985964912280701,0.17618633420315066,0.8238136657968493
25576,YOR002W YBR078W,0.0,NA,0.11880279332399368,2846,5468,25573,4,0.8385412056298133,0.3423141688717825,0.9985964912280701,0.17615411874617443,0.8238458812538256
25577,YBR089C-A YJR139C,0.0,NA,0.11886610090732574,2846,5467,25574,4,0.8385707119884335,0.34235534704679416,0.9985964912280701,0.17612190328919816,0.8238780967108018
25578,YLR265C YDL165W,0.0,NA,0.11886929720640182,2846,5466,25575,4,0.8386002183470538,0.3423965351299326,0.9985964912280701,0.1760896878322219,0.8239103121677781
25579,YKL122C snR42,0.0,NA,0.11888068169355392,2846,5465,25576,4,0.8386297247056741,0.3424377331247744,0.9985964912280701,0.17605747237524563,0.8239425276247544
25580,YNL116W YHR018C,0.0,NA,0.11888572573661804,2846,5464,25577,4,0.8386592310642944,0.34247894103489773,0.9985964912280701,0.1760252569182694,0.8239747430817306
25581,YJL088W YMR017W,0.0,NA,0.11895915865898132,2846,5463,25578,4,0.8386887374229146,0.34252015886388254,0.9985964912280701,0.17599304146129313,0.8240069585387069
25582,YKL048C YOR303W,0.0,NA,0.11899971961975098,2846,5462,25579,4,0.8387182437815349,0.34256138661531055,0.9985964912280701,0.17596082600431687,0.8240391739956832
25583,YML035C YHR152W,0.0,NA,0.11905430257320404,2846,5461,25580,4,0.8387477501401552,0.3426026242927651,0.9985964912280701,0.1759286105473406,0.8240713894526593
25584,YBR049C YHR142W,0.0,NA,0.11932320147752762,2846,5460,25581,4,0.8387772564987754,0.3426438718998314,0.9985964912280701,0.17589639509036437,0.8241036049096356
25585,YDR454C YHR084W,0.0,NA,0.11935817450284958,2846,5459,25582,4,0.8388067628573957,0.3426851294400963,0.9985964912280701,0.1758641796333881,0.8241358203666119
25586,YDR176W YIL073C,0.0,NA,0.11936117708683014,2846,5458,25583,4,0.8388362692160161,0.34272639691714835,0.9985964912280701,0.17583196417641184,0.8241680358235881
25587,YDR196C YIL039W,0.0,NA,0.11937079578638077,2846,5457,25584,4,0.8388657755746364,0.3427676743345779,0.9985964912280701,0.17579974871943557,0.8242002512805644
25588,YPR110C YDR177W,0.0,NA,0.11937832832336426,2846,5456,25585,4,0.8388952819332566,0.34280896169597685,0.9985964912280701,0.17576753326245934,0.8242324667375407
25589,YDR038C YBR008C,0.0,NA,0.11960583925247192,2846,5455,25586,4,0.8389247882918769,0.34285025900493915,0.9985964912280701,0.17573531780548307,0.824264682194517
25590,YLR376C YLL056C,0.0,NA,0.11960825324058533,2846,5454,25587,4,0.8389542946504972,0.34289156626506023,0.9985964912280701,0.1757031023485068,0.8242968976514932
25591,YDL192W YMR216C,0.0,NA,0.11962839215993881,2846,5453,25588,4,0.8389838010091175,0.34293288347993733,0.9985964912280701,0.17567088689153057,0.8243291131084695
25592,YLR277C YKL103C,0.0,NA,0.11967100203037262,2846,5452,25589,4,0.8390133073677377,0.34297421065316946,0.9985964912280701,0.1756386714345543,0.8243613285654458
25593,YKL006C-A YNR023W,0.0,NA,0.11972032487392426,2846,5451,25590,4,0.839042813726358,0.34301554778835724,0.9985964912280701,0.17560645597757804,0.8243935440224219
25594,YDR427W YGR170W,0.0,NA,0.11974717676639557,2846,5450,25591,4,0.8390723200849783,0.3430568948891032,0.9985964912280701,0.17557424052060178,0.8244257594793982
25595,YIL038C YDL150W,0.0,NA,0.11980505287647247,2846,5449,25592,4,0.8391018264435985,0.34309825195901145,0.9985964912280701,0.17554202506362554,0.8244579749363745
25596,YFL024C YDL080C,0.0,NA,0.11986915022134781,2846,5448,25593,4,0.8391313328022189,0.343139619001688,0.9985964912280701,0.17550980960664928,0.8244901903933507
25597,tS(GCU)L YDR449C,0.0,NA,0.12005484104156494,2846,5447,25594,4,0.8391608391608392,0.34318099602074037,0.9985964912280701,0.175477594149673,0.824522405850327
25598,YBR109C YLR133W,0.0,NA,0.12009865790605545,2846,5446,25595,4,0.8391903455194595,0.3432223830197781,0.9985964912280701,0.17544537869269675,0.8245546213073033
25599,YML015C YDR127W,0.0,NA,0.12030895054340363,2846,5445,25596,4,0.8392198518780797,0.34326378000241226,0.9985964912280701,0.1754131632357205,0.8245868367642795
25600,YOR255W YDL058W,0.0,NA,0.12036051601171494,2846,5444,25597,4,0.8392493582367,0.3433051869722557,0.9985964912280701,0.17538094777874425,0.8246190522212558
25601,YGL173C YOR295W,0.0,NA,0.12036651372909546,2846,5443,25598,4,0.8392788645953203,0.34334660393292316,0.9985964912280701,0.17534873232176798,0.824651267678232
25602,YFL017C YGL185C,0.0,NA,0.12043585628271103,2846,5442,25599,4,0.8393083709539406,0.3433880308880309,0.9985964912280701,0.17531651686479172,0.8246834831352082
25603,YPR105C YDL238C,0.0,NA,0.12048573046922684,2846,5441,25600,4,0.8393378773125608,0.34342946784119704,0.9985964912280701,0.17528430140781548,0.8247156985921845
25604,YCR019W YIL044C,0.0,NA,0.12053398787975311,2846,5440,25601,4,0.8393673836711811,0.3434709147960415,0.9985964912280701,0.17525208595083921,0.8247479140491608
25605,YJL012C YMR314W,0.0,NA,0.1206732988357544,2846,5439,25602,4,0.8393968900298014,0.3435123717561859,0.9985964912280701,0.17521987049386295,0.824780129506137
25606,YBR167C YBR139W,0.0,NA,0.12070214748382568,2846,5438,25603,4,0.8394263963884218,0.3435538387252535,0.9985964912280701,0.17518765503688669,0.8248123449631133
25607,YGR123C YLR045C,0.0,NA,0.1207076907157898,2846,5437,25604,4,0.839455902747042,0.34359531570686946,0.9985964912280701,0.17515543957991045,0.8248445604200896
25608,YPL148C YDR466W,0.0,NA,0.12084567546844482,2846,5436,25605,4,0.8394854091056623,0.34363680270466074,0.9985964912280701,0.17512322412293418,0.8248767758770659
25609,YKL112W YLR029C,0.0,NA,0.12089560925960541,2846,5435,25606,4,0.8395149154642826,0.3436782997222558,0.9985964912280701,0.17509100866595792,0.824908991334042
25610,YJL002C YOL025W,0.0,NA,0.1209140419960022,2846,5434,25607,4,0.8395444218229028,0.343719806763285,0.9985964912280701,0.17505879320898166,0.8249412067910183
25611,YDR294C YMR049C,0.0,NA,0.1209154948592186,2846,5433,25608,4,0.8395739281815231,0.3437613238313806,0.9985964912280701,0.17502657775200542,0.8249734222479946
25612,YML039W YLR410W-B,0.0,NA,0.12092776596546173,2846,5432,25609,4,0.8396034345401434,0.3438028509301764,0.9985964912280701,0.17499436229502915,0.8250056377049708
25613,YKR085C YKR042W,0.0,NA,0.12099713087081909,2846,5431,25610,4,0.8396329408987637,0.34384438806330797,0.9985964912280701,0.1749621468380529,0.8250378531619471
25614,YML095C YPL210C,0.0,NA,0.12100622057914734,2846,5430,25611,4,0.8396624472573839,0.34388593523441274,0.9985964912280701,0.17492993138107665,0.8250700686189234
25615,YDR293C YDR089W,0.0,NA,0.12104476988315582,2846,5429,25612,4,0.8396919536160042,0.3439274924471299,0.9985964912280701,0.1748977159241004,0.8251022840758996
25616,YBR118W YOR014W,0.0,NA,0.12107943743467331,2846,5428,25613,4,0.8397214599746246,0.34396905970510033,0.9985964912280701,0.17486550046712412,0.8251344995328759
25617,YHR109W YGR255C,0.0,NA,0.1212257668375969,2846,5427,25614,4,0.8397509663332449,0.34401063701196666,0.9985964912280701,0.17483328501014786,0.8251667149898522
25618,YKR004C YJL170C,0.0,NA,0.12131600826978683,2846,5426,25615,4,0.8397804726918651,0.3440522243713733,0.9985964912280701,0.17480106955317162,0.8251989304468283
25619,YGL191W YOR343W-A,0.0,NA,0.12134423106908798,2846,5425,25616,4,0.8398099790504854,0.3440938217869665,0.9985964912280701,0.17476885409619536,0.8252311459038046
25620,YNL316C YCR084C,0.0,NA,0.12140727043151855,2846,5424,25617,4,0.8398394854091057,0.3441354292623942,0.9985964912280701,0.1747366386392191,0.8252633613607809
25621,tG(GCC)O2 YBR103W,0.0,NA,0.12141537666320801,2846,5423,25618,4,0.8398689917677259,0.34417704680130606,0.9985964912280701,0.17470442318224283,0.8252955768177571
25622,YCR086W YLR020C,0.0,NA,0.12142079323530197,2846,5422,25619,4,0.8398984981263462,0.34421867440735365,0.9985964912280701,0.1746722077252666,0.8253277922747334
25623,YPL036W YHR185C,0.0,NA,0.12142857909202576,2846,5421,25620,4,0.8399280044849665,0.34426031208419017,0.9985964912280701,0.17463999226829033,0.8253600077317097
25624,YMR216C YOR312C,0.0,NA,0.12144209444522858,2846,5420,25621,4,0.8399575108435868,0.34430195983547063,0.9985964912280701,0.17460777681131406,0.8253922231886859
25625,tQ(CUG)M YML063W,0.0,NA,0.12153466045856476,2846,5419,25622,4,0.839987017202207,0.3443436176648518,0.9985964912280701,0.1745755613543378,0.8254244386456622
25626,YCR079W YBR067C,0.0,NA,0.12154024094343185,2846,5418,25623,4,0.8400165235608273,0.34438528557599224,0.9985964912280701,0.17454334589736156,0.8254566541026385
25627,YLR265C YDR071C,0.0,NA,0.12154953926801682,2846,5417,25624,4,0.8400460299194477,0.34442696357255237,0.9985964912280701,0.1745111304403853,0.8254888695596148
25628,YLR229C YJL176C,0.0,NA,0.1215822771191597,2846,5416,25625,4,0.840075536278068,0.3444686516581941,0.9985964912280701,0.17447891498340903,0.8255210850165909
25629,YKR085C YHR083W,0.0,NA,0.12177085131406784,2846,5415,25626,4,0.8401050426366882,0.3445103498365815,0.9985964912280701,0.17444669952643277,0.8255533004735672
25630,YBL009W YPL111W,0.0,NA,0.12177979201078415,2846,5414,25627,4,0.8401345489953085,0.3445520581113801,0.9985964912280701,0.17441448406945653,0.8255855159305435
25631,YOR328W tV(AAC)J,0.0,NA,0.12187622487545013,2846,5413,25628,4,0.8401640553539288,0.34459377648625744,0.9985964912280701,0.17438226861248027,0.8256177313875197
25632,YFR019W YDR084C,0.0,NA,0.12190819531679153,2846,5412,25629,4,0.8401935617125491,0.34463550496488254,0.9985964912280701,0.174350053155504,0.825649946844496
25633,YIL077C YNL116W,0.0,NA,0.12201017886400223,2846,5411,25630,4,0.8402230680711693,0.3446772435509265,0.9985964912280701,0.17431783769852777,0.8256821623014723
25634,YKL043W YNL012W,0.0,NA,0.12202058732509613,2846,5410,25631,4,0.8402525744297896,0.344718992248062,0.9985964912280701,0.1742856222415515,0.8257143777584485
25635,YOR190W tM(CAU)J3,0.0,NA,0.12204622477293015,2846,5409,25632,4,0.8402820807884099,0.3447607510599637,0.9985964912280701,0.17425340678457524,0.8257465932154248
25636,tC(GCA)P1 YCR038C,0.0,NA,0.12216082215309143,2846,5408,25633,4,0.8403115871470301,0.34480251999030775,0.9985964912280701,0.17422119132759897,0.825778808672401
25637,YDR407C YGR104C,0.0,NA,0.12218018621206284,2846,5407,25634,4,0.8403410935056504,0.3448442990427723,0.9985964912280701,0.17418897587062274,0.8258110241293772
25638,snR19 YCL048W,0.0,NA,0.12220600247383118,2846,5406,25635,4,0.8403705998642708,0.34488608822103733,0.9985964912280701,0.17415676041364647,0.8258432395863535
25639,YBR254C YBR076W,0.0,NA,0.12239236384630203,2846,5405,25636,4,0.8404001062228911,0.3449278875287844,0.9985964912280701,0.1741245449566702,0.8258754550433298
25640,YOR281C YJL173C,0.0,NA,0.12245695292949677,2846,5404,25637,4,0.8404296125815113,0.344969696969697,0.9985964912280701,0.17409232949969394,0.825907670500306
25641,YPL156C YGR256W,0.0,NA,0.12253481894731522,2846,5403,25638,4,0.8404591189401316,0.3450115165474603,0.9985964912280701,0.1740601140427177,0.8259398859572823
25642,tS(AGA)B YGR148C,0.0,NA,0.12253746390342712,2846,5402,25639,4,0.8404886252987519,0.3450533462657614,0.9985964912280701,0.17402789858574144,0.8259721014142586
25643,YJR102C YOR210W,0.0,NA,0.12257348746061325,2846,5401,25640,4,0.8405181316573722,0.3450951861282891,0.9985964912280701,0.17399568312876518,0.8260043168712348
25644,YNL080C YHR135C,0.0,NA,0.1226116418838501,2846,5400,25641,4,0.8405476380159924,0.3451370361387339,0.9985964912280701,0.1739634676717889,0.8260365323282111
25645,YDL150W YHR053C,0.0,NA,0.12265372276306152,2846,5399,25642,4,0.8405771443746127,0.34517889630078835,0.9985964912280701,0.17393125221481268,0.8260687477851874
25646,YER176W YHR204W,0.0,NA,0.12266520410776138,2846,5398,25643,4,0.840606650733233,0.34522076661814655,0.9985964912280701,0.1738990367578364,0.8261009632421636
25647,YOL075C YIL073C,0.0,NA,0.12266858667135239,2846,5397,25644,4,0.8406361570918532,0.34526264709450444,0.9985964912280701,0.17386682130086015,0.8261331786991398
25648,YDR016C YGL120C,0.0,NA,0.12267712503671646,2846,5396,25645,4,0.8406656634504736,0.3453045377335598,0.9985964912280701,0.17383460584388388,0.8261653941561161
25649,YOL075C YOR179C,0.0,NA,0.12268611043691635,2846,5395,25646,4,0.8406951698090939,0.34534643853901226,0.9985964912280701,0.17380239038690765,0.8261976096130924
25650,YOR295W YNL001W,0.0,NA,0.12281925231218338,2846,5394,25647,4,0.8407246761677142,0.3453883495145631,0.9985964912280701,0.17377017492993138,0.8262298250700686
25651,YGR170W YDL224C,0.0,NA,0.1228688433766365,2846,5393,25648,4,0.8407541825263344,0.3454302706639155,0.9985964912280701,0.17373795947295512,0.8262620405270449
25652,YNL039W YHL030W,0.0,NA,0.12291562557220459,2846,5392,25649,4,0.8407836888849547,0.34547220199077444,0.9985964912280701,0.17370574401597888,0.8262942559840212
25653,YMR030W YBR164C,0.0,NA,0.12299322336912155,2846,5391,25650,4,0.840813195243575,0.3455141434988467,0.9985964912280701,0.17367352855900262,0.8263264714409974
25654,YCR009C YDL119C,0.0,NA,0.12307027727365494,2846,5390,25651,4,0.8408427016021953,0.3455560951918407,0.9985964912280701,0.17364131310202635,0.8263586868979736
25655,YML065W YPL140C,0.0,NA,0.12318985164165497,2846,5389,25652,4,0.8408722079608155,0.3455980570734669,0.9985964912280701,0.1736090976450501,0.8263909023549499
25656,YNL289W YNL052W,0.0,NA,0.12319894134998322,2846,5388,25653,4,0.8409017143194358,0.34564002914743747,0.9985964912280701,0.17357688218807385,0.8264231178119261
25657,YIR001C YOL025W,0.0,NA,0.12320752441883087,2846,5387,25654,4,0.8409312206780561,0.3456820114174663,0.9985964912280701,0.17354466673109759,0.8264553332689024
25658,YDR502C BLM3,0.0,NA,0.12333367764949799,2846,5386,25655,4,0.8409607270366765,0.3457240038872692,0.9985964912280701,0.17351245127412132,0.8264875487258787
25659,YOR375C YOR025W,0.0,NA,0.12333662062883377,2846,5385,25656,4,0.8409902333952967,0.3457660065605637,0.9985964912280701,0.17348023581714506,0.8265197641828549
25660,YLR220W YER107C,0.0,NA,0.12340561300516129,2846,5384,25657,4,0.841019739753917,0.34580801944106926,0.9985964912280701,0.17344802036016882,0.8265519796398312
25661,YGL116W YLR363C,0.0,NA,0.12343989312648773,2846,5383,25658,4,0.8410492461125373,0.345850042532507,0.9985964912280701,0.17341580490319256,0.8265841950968075
25662,YKL190W YMR078C,0.0,NA,0.12348481267690659,2846,5382,25659,4,0.8410787524711575,0.3458920758385999,0.9985964912280701,0.1733835894462163,0.8266164105537837
25663,YOR148C YNR007C,0.0,NA,0.12365936487913132,2846,5381,25660,4,0.8411082588297778,0.34593411936307283,0.9985964912280701,0.17335137398924003,0.82664862601076
25664,YLR291C YNL247W,0.0,NA,0.12367094308137894,2846,5380,25661,4,0.8411377651883981,0.34597617310965234,0.9985964912280701,0.1733191585322638,0.8266808414677362
25665,YEL034W YOR304W,0.0,NA,0.1236928254365921,2846,5379,25662,4,0.8411672715470184,0.34601823708206686,0.9985964912280701,0.17328694307528753,0.8267130569247125
25666,YHR143W YOR018W,0.0,NA,0.12371367961168289,2846,5378,25663,4,0.8411967779056386,0.3460603112840467,0.9985964912280701,0.17325472761831126,0.8267452723816887
25667,YGL172W YPL163C,0.0,NA,0.12390771508216858,2846,5377,25664,4,0.8412262842642589,0.34610239571932383,0.9985964912280701,0.173222512161335,0.826777487838665
25668,YMR246W tQ(UUG)B,0.0,NA,0.12408460676670074,2846,5376,25665,4,0.8412557906228793,0.3461444903916322,0.9985964912280701,0.17319029670435876,0.8268097032956413
25669,YNL192W YNL124W,0.0,NA,0.12409189343452454,2846,5375,25666,4,0.8412852969814996,0.34618659530470747,0.9985964912280701,0.1731580812473825,0.8268419187526175
25670,YLR166C YPR036W,0.0,NA,0.12410098314285278,2846,5374,25667,4,0.8413148033401198,0.3462287104622871,0.9985964912280701,0.17312586579040623,0.8268741342095938
25671,YBL035C YBR042C,0.0,NA,0.12413924187421799,2846,5373,25668,4,0.8413443096987401,0.34627083586811047,0.9985964912280701,0.17309365033342997,0.8269063496665701
25672,MAL23 YER062C,0.0,NA,0.12423830479383469,2846,5372,25669,4,0.8413738160573604,0.3463129715259187,0.9985964912280701,0.17306143487645373,0.8269385651235462
25673,YJL114W YMR167W,0.0,NA,0.12424064427614212,2846,5371,25670,4,0.8414033224159806,0.3463551174394548,0.9985964912280701,0.17302921941947746,0.8269707805805225
25674,YNL004W YOR010C,0.0,NA,0.12425455451011658,2846,5370,25671,4,0.8414328287746009,0.3463972736124635,0.9985964912280701,0.1729970039625012,0.8270029960374988
25675,YGR224W YDR279W,0.0,NA,0.1242663636803627,2846,5369,25672,4,0.8414623351332212,0.3464394400486914,0.9985964912280701,0.17296478850552496,0.827035211494475
25676,YGR119C YOL049W,0.0,NA,0.1243317574262619,2846,5368,25673,4,0.8414918414918415,0.34648161675188704,0.9985964912280701,0.1729325730485487,0.8270674269514513
25677,YOR027W YOR324C,0.0,NA,0.12438768893480301,2846,5367,25674,4,0.8415213478504617,0.34652380372580055,0.9985964912280701,0.17290035759157243,0.8270996424084276
25678,YDR140W YMR236W,0.0,NA,0.12438996136188507,2846,5366,25675,4,0.841550854209082,0.3465660009741841,0.9985964912280701,0.17286814213459617,0.8271318578654038
25679,YPR008W YDL185W,0.0,NA,0.12441059201955795,2846,5365,25676,4,0.8415803605677024,0.3466082085007916,0.9985964912280701,0.17283592667761993,0.8271640733223801
25680,YPL265W YKL032C,0.0,NA,0.12442083656787872,2846,5364,25677,4,0.8416098669263227,0.3466504263093788,0.9985964912280701,0.17280371122064367,0.8271962887793564
25681,YHR191C YOR196C,0.0,NA,0.1244572103023529,2846,5363,25678,4,0.8416393732849429,0.3466926544037032,0.9985964912280701,0.1727714957636674,0.8272285042363325
25682,YJR119C YLR455W,0.0,NA,0.1245671957731247,2846,5362,25679,4,0.8416688796435632,0.34673489278752434,0.9985964912280701,0.17273928030669114,0.8272607196933088
25683,YHR043C YNL299W,0.0,NA,0.12468937039375305,2846,5361,25680,4,0.8416983860021835,0.34677714146460337,0.9985964912280701,0.1727070648497149,0.8272929351502851
25684,YNL330C YAL067C,0.0,NA,0.12478379905223846,2846,5360,25681,4,0.8417278923608037,0.3468194004387034,0.9985964912280701,0.17267484939273864,0.8273251506072614
25685,YMR292W YPR056W,0.0,NA,0.12483975291252136,2846,5359,25682,4,0.841757398719424,0.3468616697135893,0.9985964912280701,0.17264263393576237,0.8273573660642376
25686,YLR098C YDR331W,0.0,NA,0.12487195432186127,2846,5358,25683,4,0.8417869050780443,0.3469039492930278,0.9985964912280701,0.1726104184787861,0.8273895815212139
25687,YPL203W YMR176W,0.0,NA,0.12498709559440613,2846,5357,25684,4,0.8418164114366646,0.34694623918078754,0.9985964912280701,0.17257820302180987,0.8274217969781902
25688,YPR043W YHR047C,0.0,NA,0.12500660121440887,2846,5356,25685,4,0.8418459177952848,0.3469885393806389,0.9985964912280701,0.1725459875648336,0.8274540124351664
25689,YML051W YEL027W,0.0,NA,0.12502609193325043,2846,5355,25686,4,0.8418754241539051,0.3470308498963541,0.9985964912280701,0.17251377210785734,0.8274862278921427
25690,YHR172W YBL100W-B,0.0,NA,0.1250305026769638,2846,5354,25687,4,0.8419049305125255,0.3470731707317073,0.9985964912280701,0.17248155665088108,0.827518443349119
25691,YLR229C YLR299W,0.0,NA,0.1250987946987152,2846,5353,25688,4,0.8419344368711458,0.34711550189047446,0.9985964912280701,0.17244934119390484,0.8275506588060951
25692,YGR092W YBL014C,0.0,NA,0.12513110041618347,2846,5352,25689,4,0.841963943229766,0.3471578433764333,0.9985964912280701,0.17241712573692858,0.8275828742630714
25693,YGL055W YKR042W,1.0,NA,0.12533268332481384,2845,5352,25689,5,0.8419344368711458,0.3470781993412224,0.9982456140350877,0.17241712573692858,0.8275828742630714
25694,YKR085C YPR131C,0.0,NA,0.1253357082605362,2845,5351,25690,5,0.841963943229766,0.3471205466081015,0.9982456140350877,0.1723849102799523,0.8276150897200477
25695,YIL009W YMR112C,0.0,NA,0.1253615915775299,2845,5350,25691,5,0.8419934495883863,0.34716290420988405,0.9982456140350877,0.17235269482297608,0.8276473051770239
25696,YER099C YMR159C,0.0,NA,0.1254529356956482,2845,5349,25692,5,0.8420229559470066,0.3472052721503539,0.9982456140350877,0.1723204793659998,0.8276795206340002
25697,YGL090W YLR442C,0.0,NA,0.12545455992221832,2845,5348,25693,5,0.8420524623056269,0.3472476504332967,0.9982456140350877,0.17228826390902355,0.8277117360909765
25698,YLR353W YIL083C,0.0,NA,0.1256043165922165,2845,5347,25694,5,0.8420819686642471,0.3472900390625,0.9982456140350877,0.17225604845204728,0.8277439515479527
25699,YJL029C YEL027W,0.0,NA,0.12570424377918243,2845,5346,25695,5,0.8421114750228674,0.3473324380417531,0.9982456140350877,0.17222383299507105,0.827776167004929
25700,tQ(UUG)D1 YDL155W,0.0,NA,0.1257323920726776,2845,5345,25696,5,0.8421409813814877,0.34737484737484736,0.9982456140350877,0.17219161753809478,0.8278083824619052
25701,YER044C tS(AGA)L,0.0,NA,0.12576428055763245,2845,5344,25697,5,0.8421704877401079,0.3474172670655758,0.9982456140350877,0.17215940208111852,0.8278405979188814
25702,YDR039C tG(GCC)C,0.0,NA,0.12585659325122833,2845,5343,25698,5,0.8421999940987283,0.3474596971177333,0.9982456140350877,0.17212718662414225,0.8278728133758577
25703,YER180C YBR065C,0.0,NA,0.12611468136310577,2845,5342,25699,5,0.8422295004573486,0.34750213753511666,0.9982456140350877,0.17209497116716602,0.827905028832834
25704,YDR170W-A YJR139C,0.0,NA,0.1261565387248993,2845,5341,25700,5,0.8422590068159689,0.3475445883215246,0.9982456140350877,0.17206275571018975,0.8279372442898103
25705,YFL002W-B YAL060W,0.0,NA,0.1262228637933731,2845,5340,25701,5,0.8422885131745891,0.34758704948075747,0.9982456140350877,0.1720305402532135,0.8279694597467865
25706,YDR110W YKL210W,0.0,NA,0.1262395977973938,2845,5339,25702,5,0.8423180195332094,0.3476295210166178,0.9982456140350877,0.17199832479623722,0.8280016752037628
25707,YGR129W YPL170W,0.0,NA,0.12625280022621155,2845,5338,25703,5,0.8423475258918297,0.3476720029329097,0.9982456140350877,0.171966109339261,0.8280338906607391
25708,YPR049C YOR287C,0.0,NA,0.12632261216640472,2845,5337,25704,5,0.84237703225045,0.3477144952334393,0.9982456140350877,0.17193389388228472,0.8280661061177153
25709,YFL031W YJR074W,0.0,NA,0.1264399290084839,2845,5336,25705,5,0.8424065386090702,0.3477569979220144,0.9982456140350877,0.17190167842530846,0.8280983215746915
25710,YNL059C YBR112C,0.0,NA,0.12646736204624176,2845,5335,25706,5,0.8424360449676905,0.347799511002445,0.9982456140350877,0.1718694629683322,0.8281305370316678
25711,YOR356W YER131W,0.0,NA,0.12648442387580872,2845,5334,25707,5,0.8424655513263108,0.3478420344785426,0.9982456140350877,0.17183724751135596,0.828162752488644
25712,YGL106W YDR288W,0.0,NA,0.126568004488945,2845,5333,25708,5,0.842495057684931,0.3478845683541208,0.9982456140350877,0.1718050320543797,0.8281949679456203
25713,YAL042W YNL090W,0.0,NA,0.12656857073307037,2845,5332,25709,5,0.8425245640435514,0.347927112632995,0.9982456140350877,0.17177281659740343,0.8282271834025966
25714,YMR192W YPL046C,0.0,NA,0.1266002357006073,2845,5331,25710,5,0.8425540704021717,0.3479696673189824,0.9982456140350877,0.1717406011404272,0.8282593988595728
25715,snR74 YLR102C,0.0,NA,0.12664614617824554,2845,5330,25711,5,0.842583576760792,0.3480122324159021,0.9982456140350877,0.17170838568345093,0.8282916143165491
25716,YDR156W YMR017W,0.0,NA,0.12673744559288025,2845,5329,25712,5,0.8426130831194122,0.34805480792757526,0.9982456140350877,0.17167617022647466,0.8283238297735254
25717,YPL188W YMR168C,0.0,NA,0.12674172222614288,2845,5328,25713,5,0.8426425894780325,0.34809739385782457,0.9982456140350877,0.1716439547694984,0.8283560452305015
25718,YER164W YNL139C,0.0,NA,0.12692509591579437,2845,5327,25714,5,0.8426720958366528,0.3481399902104748,0.9982456140350877,0.17161173931252216,0.8283882606874778
25719,tL(UAA)J YML016C,0.0,NA,0.12696659564971924,2845,5326,25715,5,0.8427016021952731,0.3481825969893526,0.9982456140350877,0.1715795238555459,0.8284204761444541
25720,YBR293W YLR113W,0.0,NA,0.12711024284362793,2845,5325,25716,5,0.8427311085538933,0.3482252141982864,0.9982456140350877,0.17154730839856963,0.8284526916014303
25721,YEL018W YDL124W,0.0,NA,0.12712280452251434,2845,5324,25717,5,0.8427606149125136,0.3482678418411066,0.9982456140350877,0.17151509294159337,0.8284849070584066
25722,YJL130C YPR137W,0.0,NA,0.12715663015842438,2845,5323,25718,5,0.842790121271134,0.34831047992164543,0.9982456140350877,0.17148287748461713,0.8285171225153829
25723,YMR220W YBR170C,0.0,NA,0.1271675080060959,2845,5322,25719,5,0.8428196276297543,0.348353128443737,0.9982456140350877,0.17145066202764087,0.8285493379723592
25724,YDR099W YPL089C,0.0,NA,0.12718428671360016,2845,5321,25720,5,0.8428491339883745,0.34839578741121724,0.9982456140350877,0.1714184465706646,0.8285815534293354
25725,YLR022C YKR106W,0.0,NA,0.1272134780883789,2845,5320,25721,5,0.8428786403469948,0.34843845682792407,0.9982456140350877,0.17138623111368834,0.8286137688863117
25726,YNL281W YDR495C,0.0,NA,0.12723641097545624,2845,5319,25722,5,0.8429081467056151,0.3484811366976972,0.9982456140350877,0.1713540156567121,0.828645984343288
25727,YDL160C YER012W,0.0,NA,0.1272568255662918,2845,5318,25723,5,0.8429376530642353,0.3485238270243783,0.9982456140350877,0.17132180019973584,0.8286781998002641
25728,YMR276W snR13,0.0,NA,0.1273735761642456,2845,5317,25724,5,0.8429671594228556,0.34856652781181086,0.9982456140350877,0.17128958474275957,0.8287104152572404
25729,YDR213W YNR067C,0.0,NA,0.127579003572464,2845,5316,25725,5,0.8429966657814759,0.3486092390638402,0.9982456140350877,0.1712573692857833,0.8287426307142167
25730,YLR390W-A YCL069W,0.0,NA,0.12765160202980042,2845,5315,25726,5,0.8430261721400962,0.3486519607843137,0.9982456140350877,0.17122515382880707,0.8287748461711929
25731,YPL113C YMR281W,0.0,NA,0.1276703029870987,2845,5314,25727,5,0.8430556784987164,0.3486946929770805,0.9982456140350877,0.1711929383718308,0.8288070616281692
25732,YKR068C YAL062W,0.0,NA,0.1276949644088745,2845,5313,25728,5,0.8430851848573367,0.3487374356459917,0.9982456140350877,0.17116072291485454,0.8288392770851455
25733,YOR226C YNL059C,0.0,NA,0.12771379947662354,2845,5312,25729,5,0.8431146912159571,0.3487801887949001,0.9982456140350877,0.1711285074578783,0.8288714925421217
25734,YDR217C YNR057C,0.0,NA,0.12772217392921448,2845,5311,25730,5,0.8431441975745774,0.3488229524276606,0.9982456140350877,0.17109629200090204,0.828903707999098
25735,YDR086C YFR033C,0.0,NA,0.12773410975933075,2845,5310,25731,5,0.8431737039331976,0.34886572654813,0.9982456140350877,0.17106407654392577,0.8289359234560743
25736,YBR274W YLR340W,0.0,NA,0.12774744629859924,2845,5309,25732,5,0.8432032102918179,0.3489085111601668,0.9982456140350877,0.1710318610869495,0.8289681389130504
25737,YOL110W YDR365W-A,0.0,NA,0.12784962356090546,2845,5308,25733,5,0.8432327166504382,0.34895130626763154,0.9982456140350877,0.17099964562997327,0.8290003543700267
25738,YMR054W YER133W,0.0,NA,0.12793074548244476,2845,5307,25734,5,0.8432622230090584,0.34899411187438667,0.9982456140350877,0.170967430172997,0.829032569827003
25739,YIL126W YIR026C,0.0,NA,0.12793245911598206,2845,5306,25735,5,0.8432917293676787,0.3490369279842964,0.9982456140350877,0.17093521471602074,0.8290647852839792
25740,YOR083W YJL004C,0.0,NA,0.12799176573753357,2845,5305,25736,5,0.843321235726299,0.349079754601227,0.9982456140350877,0.17090299925904448,0.8290970007409555
25741,YPR095C YOR261C,0.0,NA,0.12804000079631805,2845,5304,25737,5,0.8433507420849193,0.3491225917290465,0.9982456140350877,0.17087078380206824,0.8291292161979318
25742,YLR277C YGL019W,0.0,NA,0.12806105613708496,2845,5303,25738,5,0.8433802484435395,0.3491654393716249,0.9982456140350877,0.17083856834509198,0.8291614316549081
25743,YEL034W tM(CAU)J1,0.0,NA,0.1282057762145996,2845,5302,25739,5,0.8434097548021599,0.34920829753283417,0.9982456140350877,0.17080635288811571,0.8291936471118843
25744,snR8 tQ(UUG)E1,0.0,NA,0.12824833393096924,2845,5301,25740,5,0.8434392611607802,0.349251166216548,0.9982456140350877,0.17077413743113945,0.8292258625688606
25745,YIL156W YPL249C,0.0,NA,0.1282920092344284,2845,5300,25741,5,0.8434687675194005,0.3492940454266421,0.9982456140350877,0.1707419219741632,0.8292580780258368
25746,YDL047W YFR037C,0.0,NA,0.12830989062786102,2845,5299,25742,5,0.8434982738780207,0.3493369351669941,0.9982456140350877,0.17070970651718695,0.829290293482813
25747,YPL167C YDR210W-A,0.0,NA,0.12839584052562714,2845,5298,25743,5,0.843527780236641,0.3493798354414835,0.9982456140350877,0.17067749106021068,0.8293225089397893
25748,YGL185C YOR356W,0.0,NA,0.12845103442668915,2845,5297,25744,5,0.8435572865952613,0.34942274625399167,0.9982456140350877,0.17064527560323442,0.8293547243967656
25749,YOR269W YIL009C-A,0.0,NA,0.12849214673042297,2845,5296,25745,5,0.8435867929538816,0.3494656676084019,0.9982456140350877,0.17061306014625818,0.8293869398537418
25750,YGL203C YML047C,0.0,NA,0.12859690189361572,2845,5295,25746,5,0.8436162993125018,0.3495085995085995,0.9982456140350877,0.17058084468928192,0.8294191553107181
25751,YDR196C YMR014W,0.0,NA,0.12862005829811096,2845,5294,25747,5,0.8436458056711221,0.34955154195847155,0.9982456140350877,0.17054862923230565,0.8294513707676944
25752,YIL005W YNL084C,0.0,NA,0.12870804965496063,2845,5293,25748,5,0.8436753120297424,0.3495944949619071,0.9982456140350877,0.1705164137753294,0.8294835862246706
25753,YDR210W-B YDR545W,0.0,NA,0.12872453033924103,2845,5292,25749,5,0.8437048183883626,0.3496374585227971,0.9982456140350877,0.17048419831835315,0.8295158016816468
25754,YLR119W YDL175C,0.0,NA,0.12873314321041107,2845,5291,25750,5,0.843734324746983,0.3496804326450344,0.9982456140350877,0.1704519828613769,0.8295480171386231
25755,YBR093C YFR045W,0.0,NA,0.12876340746879578,2845,5290,25751,5,0.8437638311056033,0.34972341733251383,0.9982456140350877,0.17041976740440062,0.8295802325955993
25756,YPL257W-A YOR275C,0.0,NA,0.12883424758911133,2845,5289,25752,5,0.8437933374642236,0.34976641258913205,0.9982456140350877,0.1703875519474244,0.8296124480525756
25757,YIL083C YBL084C,0.0,NA,0.12889115512371063,2845,5288,25753,5,0.8438228438228438,0.34980941841878765,0.9982456140350877,0.17035533649044812,0.8296446635095519
25758,YAL055W YDR293C,0.0,NA,0.12890514731407166,2845,5287,25754,5,0.8438523501814641,0.3498524348253812,0.9982456140350877,0.17032312103347186,0.8296768789665281
25759,YLR166C YGL248W,0.0,NA,0.12916769087314606,2845,5286,25755,5,0.8438818565400844,0.34989546181281517,0.9982456140350877,0.1702909055764956,0.8297090944235044
25760,YJL167W YPL174C,0.0,NA,0.12921345233917236,2845,5285,25756,5,0.8439113628987047,0.34993849938499383,0.9982456140350877,0.17025869011951936,0.8297413098804807
25761,YML031W YFR010W,0.0,NA,0.1292162537574768,2845,5284,25757,5,0.8439408692573249,0.3499815475458236,0.9982456140350877,0.1702264746625431,0.829773525337457
25762,YGL044C YOR304W,0.0,NA,0.12922154366970062,2845,5283,25758,5,0.8439703756159452,0.3500246062992126,0.9982456140350877,0.17019425920556683,0.8298057407944331
25763,YLR055C YJR106W,0.0,NA,0.1292273998260498,2845,5282,25759,5,0.8439998819745655,0.350067675649071,0.9982456140350877,0.17016204374859056,0.8298379562514094
25764,YER155C YHR107C,0.0,NA,0.12932457029819489,2845,5281,25760,5,0.8440293883331857,0.3501107555993109,0.9982456140350877,0.17012982829161433,0.8298701717083857
25765,YGR217W YBR097W,0.0,NA,0.12944020330905914,2845,5280,25761,5,0.8440588946918061,0.35015384615384615,0.9982456140350877,0.17009761283463806,0.8299023871653619
25766,YFL049W YKL067W,0.0,NA,0.12949270009994507,2845,5279,25762,5,0.8440884010504264,0.3501969473165928,0.9982456140350877,0.1700653973776618,0.8299346026223382
25767,YOR316C YDR363W-A,0.0,NA,0.12951697409152985,2845,5278,25763,5,0.8441179074090467,0.35024005909146866,0.9982456140350877,0.17003318192068553,0.8299668180793145
25768,YNL117W YJL073W,0.0,NA,0.12953032553195953,2845,5277,25764,5,0.8441474137676669,0.3502831814823935,0.9982456140350877,0.1700009664637093,0.8299990335362907
25769,tQ(UUG)B YHL039W,0.0,NA,0.12953877449035645,2845,5276,25765,5,0.8441769201262872,0.350326314493289,0.9982456140350877,0.16996875100673303,0.830031248993267
25770,YPL178W YLR228C,0.0,NA,0.12957434356212616,2845,5275,25766,5,0.8442064264849075,0.3503694581280788,0.9982456140350877,0.16993653554975677,0.8300634644502433
25771,YHR106W YFR025C,0.0,NA,0.1295851469039917,2845,5274,25767,5,0.8442359328435278,0.3504126123906885,0.9982456140350877,0.1699043200927805,0.8300956799072194
25772,YPL052W YDR004W,0.0,NA,0.1295914202928543,2845,5273,25768,5,0.844265439202148,0.35045577728504557,0.9982456140350877,0.16987210463580427,0.8301278953641957
25773,YFL024C snR58,0.0,NA,0.1297895312309265,2845,5272,25769,5,0.8442949455607683,0.3504989528150795,0.9982456140350877,0.169839889178828,0.830160110821172
25774,YKR085C YMR211W,0.0,NA,0.12979687750339508,2845,5271,25770,5,0.8443244519193887,0.35054213898472153,0.9982456140350877,0.16980767372185174,0.8301923262781482
25775,YML106W YGL168W,0.0,NA,0.12979766726493835,2845,5270,25771,5,0.844353958278009,0.35058533579790513,0.9982456140350877,0.1697754582648755,0.8302245417351245
25776,YOL155C YLR238W,0.0,NA,0.12981070578098297,2845,5269,25772,5,0.8443834646366292,0.35062854325856546,0.9982456140350877,0.16974324280789924,0.8302567571921008
25777,YGL086W YKL040C,0.0,NA,0.1298338919878006,2845,5268,25773,5,0.8444129709952495,0.3506717613706397,0.9982456140350877,0.16971102735092297,0.830288972649077
25778,YOL135C YKL085W,0.0,NA,0.12984222173690796,2845,5267,25774,5,0.8444424773538698,0.35071499013806706,0.9982456140350877,0.1696788118939467,0.8303211881060533
25779,YFR021W YGL009C,0.0,NA,0.1298827826976776,2845,5266,25775,5,0.84447198371249,0.3507582295647886,0.9982456140350877,0.16964659643697047,0.8303534035630296
25780,snR11 YHR062C,0.0,NA,0.1299487054347992,2845,5265,25776,5,0.8445014900711103,0.35080147965474723,0.9982456140350877,0.1696143809799942,0.8303856190200058
25781,YKL119C YJR076C,0.0,NA,0.13013465702533722,2845,5264,25777,5,0.8445309964297306,0.350844740411888,0.9982456140350877,0.16958216552301794,0.830417834476982
25782,YHR118C YJL103C,0.0,NA,0.13014540076255798,2845,5263,25778,5,0.8445605027883509,0.3508880118401579,0.9982456140350877,0.16954995006604168,0.8304500499339583
25783,YGL190C YGL211W,0.0,NA,0.13017943501472473,2845,5262,25779,5,0.8445900091469711,0.35093129394350564,0.9982456140350877,0.16951773460906544,0.8304822653909346
25784,YOL110W YPL275W,0.0,NA,0.13019555807113647,2845,5261,25780,5,0.8446195155055914,0.35097458672588205,0.9982456140350877,0.16948551915208918,0.8305144808479108
25785,YNL068C YNL016W,0.0,NA,0.13030877709388733,2845,5260,25781,5,0.8446490218642118,0.35101789019123997,0.9982456140350877,0.1694533036951129,0.8305466963048871
25786,YDL143W YDR480W,0.0,NA,0.130376398563385,2845,5259,25782,5,0.8446785282228321,0.35106120434353405,0.9982456140350877,0.16942108823813665,0.8305789117618634
25787,YOR145C YDR299W,0.0,NA,0.1303827166557312,2845,5258,25783,5,0.8447080345814523,0.35110452918672097,0.9982456140350877,0.1693888727811604,0.8306111272188396
25788,YPL091W YIL048W,0.0,NA,0.13041165471076965,2845,5257,25784,5,0.8447375409400726,0.35114786472475934,0.9982456140350877,0.16935665732418415,0.8306433426758159
25789,YBR200W YGL142C,0.0,NA,0.13043884932994843,2845,5256,25785,5,0.8447670472986929,0.35119121096160966,0.9982456140350877,0.16932444186720788,0.8306755581327921
25790,YBR016W YPR034W,0.0,NA,0.13045230507850647,2845,5255,25786,5,0.8447965536573131,0.3512345679012346,0.9982456140350877,0.16929222641023162,0.8307077735897683
25791,YGR258C YBL005W-B,0.0,NA,0.13046202063560486,2845,5254,25787,5,0.8448260600159334,0.35127793554759845,0.9982456140350877,0.16926001095325538,0.8307399890467446
25792,YOL101C YOL111C,0.0,NA,0.1305008977651596,2845,5253,25788,5,0.8448555663745537,0.3513213139046678,0.9982456140350877,0.16922779549627912,0.8307722045037209
25793,YCR082W YOR008C-A,0.0,NA,0.13072790205478668,2845,5252,25789,5,0.844885072733174,0.35136470297641104,0.9982456140350877,0.16919558003930285,0.8308044199606971
25794,YDL149W YPL257W-B,0.0,NA,0.13082291185855865,2845,5251,25790,5,0.8449145790917942,0.3514081027667984,0.9982456140350877,0.16916336458232661,0.8308366354176734
25795,YDR011W YDR376W,0.0,NA,0.13087035715579987,2845,5250,25791,5,0.8449440854504146,0.35145151327980234,0.9982456140350877,0.16913114912535035,0.8308688508746497
25796,YLR360W YJR031C,0.0,NA,0.13097189366817474,2845,5249,25792,5,0.8449735918090349,0.35149493451939706,0.9982456140350877,0.16909893366837409,0.8309010663316259
25797,YKL042W YGR010W,0.0,NA,0.13100062310695648,2845,5248,25793,5,0.8450030981676552,0.3515383664895589,0.9982456140350877,0.16906671821139782,0.8309332817886022
25798,YBL105C YMR077C,0.0,NA,0.13101443648338318,2845,5247,25794,5,0.8450326045262754,0.35158180919426596,0.9982456140350877,0.16903450275442158,0.8309654972455784
25799,snR60 tQ(UUG)D3,0.0,NA,0.13105826079845428,2845,5246,25795,5,0.8450621108848957,0.35162526263749844,0.9982456140350877,0.16900228729744532,0.8309977127025547
25800,YEL034W YEL027W,0.0,NA,0.13114409148693085,2845,5245,25796,5,0.845091617243516,0.3516687268232386,0.9982456140350877,0.16897007184046905,0.8310299281595309
25801,YIL132C YLR088W,0.0,NA,0.13123691082000732,2845,5244,25797,5,0.8451211236021363,0.3517122017554704,0.9982456140350877,0.1689378563834928,0.8310621436165072
25802,YNL149C YPL098C,0.0,NA,0.1313151866197586,2845,5243,25798,5,0.8451506299607565,0.35175568743818003,0.9982456140350877,0.16890564092651655,0.8310943590734835
25803,YGL115W YER143W,0.0,NA,0.1313685029745102,2845,5242,25799,5,0.8451801363193768,0.3517991838753555,0.9982456140350877,0.1688734254695403,0.8311265745304597
25804,YBR059C YJR005W,0.0,NA,0.13137441873550415,2845,5241,25800,5,0.8452096426779971,0.35184269107098687,0.9982456140350877,0.16884121001256402,0.831158789987436
25805,YKL006W YDR487C,0.0,NA,0.1314118504524231,2845,5240,25801,5,0.8452391490366173,0.3518862090290662,0.9982456140350877,0.16880899455558776,0.8311910054444123
25806,YOL069W YCR002C,0.0,NA,0.13157919049263,2845,5239,25802,5,0.8452686553952377,0.3519297377535873,0.9982456140350877,0.16877677909861152,0.8312232209013884
25807,YBR131W YCR042C,0.0,NA,0.13163165748119354,2845,5238,25803,5,0.845298161753858,0.3519732772485463,0.9982456140350877,0.16874456364163526,0.8312554363583647
25808,YPR164W snR9,0.0,NA,0.13163791596889496,2845,5237,25804,5,0.8453276681124783,0.3520168275179411,0.9982456140350877,0.168712348184659,0.831287651815341
25809,YDR422C YOR117W,0.0,NA,0.13165777921676636,2845,5236,25805,5,0.8453571744710985,0.35206038856577154,0.9982456140350877,0.16868013272768273,0.8313198672723172
25810,YJL113W YNL093W,0.0,NA,0.13173332810401917,2845,5235,25806,5,0.8453866808297188,0.3521039603960396,0.9982456140350877,0.1686479172707065,0.8313520827292935
25811,tS(AGA)B YBR042C,0.0,NA,0.13176363706588745,2845,5234,25807,5,0.8454161871883391,0.3521475430127491,0.9982456140350877,0.16861570181373023,0.8313842981862698
25812,YML046W YPL180W,0.0,NA,0.13178253173828125,2845,5233,25808,5,0.8454456935469594,0.3521911364199059,0.9982456140350877,0.16858348635675396,0.831416513643246
25813,YLR095C YMR316W,0.0,NA,0.13180886209011078,2845,5232,25809,5,0.8454751999055796,0.3522347406215179,0.9982456140350877,0.1685512708997777,0.8314487291002223
25814,YDR034C-D YDR473C,0.0,NA,0.1318269520998001,2845,5231,25810,5,0.8455047062641999,0.3522783556215949,0.9982456140350877,0.16851905544280146,0.8314809445571986
25815,YGR038W YFR031C-A,0.0,NA,0.13184267282485962,2845,5230,25811,5,0.8455342126228202,0.3523219814241486,0.9982456140350877,0.1684868399858252,0.8315131600141747
25816,YDR536W YLR113W,0.0,NA,0.13193143904209137,2845,5229,25812,5,0.8455637189814404,0.35236561803319294,0.9982456140350877,0.16845462452884893,0.831545375471151
25817,YLR157C-B YBR077C,0.0,NA,0.1319388896226883,2845,5228,25813,5,0.8455932253400608,0.3524092654527437,0.9982456140350877,0.1684224090718727,0.8315775909281273
25818,snR7-L YER180C,0.0,NA,0.13201333582401276,2845,5227,25814,5,0.8456227316986811,0.35245292368681863,0.9982456140350877,0.16839019361489643,0.8316098063851036
25819,YGL054C YDL126C,0.0,NA,0.132020503282547,2845,5226,25815,5,0.8456522380573014,0.3524965927394375,0.9982456140350877,0.16835797815792017,0.8316420218420798
25820,YHR010W YJR010W,0.0,NA,0.13206179440021515,2845,5225,25816,5,0.8456817444159216,0.35254027261462206,0.9982456140350877,0.1683257627009439,0.8316742372990561
25821,YNL047C YDL170W,0.0,NA,0.13207806646823883,2845,5224,25817,5,0.8457112507745419,0.3525839633163961,0.9982456140350877,0.16829354724396767,0.8317064527560324
25822,YDR131C YBR018C,0.0,NA,0.1321364790201187,2845,5223,25818,5,0.8457407571331622,0.3526276648487853,0.9982456140350877,0.1682613317869914,0.8317386682130086
25823,YGR002C YBR176W,0.0,NA,0.13225209712982178,2845,5222,25819,5,0.8457702634917825,0.35267137721581754,0.9982456140350877,0.16822911633001514,0.8317708836699849
25824,YFL031W YJR123W,0.0,NA,0.13231392204761505,2845,5221,25820,5,0.8457997698504027,0.35271510042152243,0.9982456140350877,0.16819690087303887,0.8318030991269612
25825,YGL020C YOR266W,1.0,NA,0.13237178325653076,2844,5221,25820,6,0.8457702634917825,0.3526348419094854,0.9978947368421053,0.16819690087303887,0.8318030991269612
25826,YER125W YHR211W,0.0,NA,0.13238129019737244,2844,5220,25821,6,0.8457997698504027,0.35267857142857145,0.9978947368421053,0.16816468541606264,0.8318353145839373
25827,YLR086W YLL043W,0.0,NA,0.1324293464422226,2844,5219,25822,6,0.845829276209023,0.3527223117946174,0.9978947368421053,0.16813246995908637,0.8318675300409136
25828,YAR014C YOR295W,0.0,NA,0.13246269524097443,2844,5218,25823,6,0.8458587825676434,0.35276606301165964,0.9978947368421053,0.1681002545021101,0.8318997454978899
25829,snR189 YPR179C,0.0,NA,0.13248315453529358,2844,5217,25824,6,0.8458882889262637,0.3528098250837365,0.9978947368421053,0.16806803904513384,0.8319319609548661
25830,YML097C YOL044W,0.0,NA,0.1324947476387024,2844,5216,25825,6,0.8459177952848839,0.35285359801488836,0.9978947368421053,0.1680358235881576,0.8319641764118424
25831,YJL136C snR63,0.0,NA,0.13252697885036469,2844,5215,25826,6,0.8459473016435042,0.3528973818091575,0.9978947368421053,0.16800360813118134,0.8319963918688187
25832,YBR164C YOR095C,0.0,NA,0.13252855837345123,2844,5214,25827,6,0.8459768080021245,0.35294117647058826,0.9978947368421053,0.16797139267420508,0.8320286073257949
25833,YDL219W YBR098W,0.0,NA,0.13269519805908203,2844,5213,25828,6,0.8460063143607447,0.35298498200322703,0.9978947368421053,0.1679391772172288,0.8320608227827712
25834,YOR127W YPR158C-D,0.0,NA,0.13272492587566376,2844,5212,25829,6,0.846035820719365,0.35302879841112217,0.9978947368421053,0.16790696176025258,0.8320930382397475
25835,YDR320C YER137C-A,0.0,NA,0.13272492587566376,2844,5211,25830,6,0.8460653270779853,0.35307262569832404,0.9978947368421053,0.1678747463032763,0.8321252536967237
25836,YMR010W YPL171C,0.0,NA,0.13273552060127258,2844,5210,25831,6,0.8460948334366056,0.353116463868885,0.9978947368421053,0.16784253084630005,0.8321574691536999
25837,YDR260C YGL035C,0.0,NA,0.13276219367980957,2844,5209,25832,6,0.8461243397952258,0.35316031292685957,0.9978947368421053,0.1678103153893238,0.8321896846106762
25838,YIL030C YML110C,0.0,NA,0.13283517956733704,2844,5208,25833,6,0.8461538461538461,0.353204172876304,0.9978947368421053,0.16777809993234755,0.8322219000676525
25839,YMR212C YBR238C,0.0,NA,0.13286633789539337,2844,5207,25834,6,0.8461833525124665,0.3532480437212769,0.9978947368421053,0.16774588447537128,0.8322541155246287
25840,YDL060W YIL153W,0.0,NA,0.13293473422527313,2844,5206,25835,6,0.8462128588710868,0.3532919254658385,0.9978947368421053,0.16771366901839502,0.832286330981605
25841,YDL044C snR11,0.0,NA,0.13325515389442444,2844,5205,25836,6,0.846242365229707,0.35333581811405146,0.9978947368421053,0.16768145356141878,0.8323185464385813
25842,YPL156C YOL156W,0.0,NA,0.1333003044128418,2844,5204,25837,6,0.8462718715883273,0.3533797216699801,0.9978947368421053,0.16764923810444252,0.8323507618955575
25843,YOL039W YHR214C-C,0.0,NA,0.1334018111228943,2844,5203,25838,6,0.8463013779469476,0.35342363613769107,0.9978947368421053,0.16761702264746625,0.8323829773525337
25844,YGL203C YFR030W,0.0,NA,0.13340719044208527,2844,5202,25839,6,0.8463308843055678,0.3534675615212528,0.9978947368421053,0.16758480719049,0.83241519280951
25845,YLR220W YGL158W,0.0,NA,0.13341191411018372,2844,5201,25840,6,0.8463603906641881,0.35351149782473584,0.9978947368421053,0.16755259173351375,0.8324474082664862
25846,YKL156W YAR010C,0.0,NA,0.13355016708374023,2844,5200,25841,6,0.8463898970228084,0.3535554450522128,0.9978947368421053,0.16752037627653749,0.8324796237234625
25847,YBL032W YDR065W,0.0,NA,0.13357959687709808,2844,5199,25842,6,0.8464194033814287,0.3535994032077583,0.9978947368421053,0.16748816081956122,0.8325118391804388
25848,Q0250 YLR441C,0.0,NA,0.1336546689271927,2844,5198,25843,6,0.8464489097400489,0.3536433722954489,0.9978947368421053,0.16745594536258496,0.832544054637415
25849,YPL082C YPL171C,0.0,NA,0.13368482887744904,2844,5197,25844,6,0.8464784160986693,0.35368735231936327,0.9978947368421053,0.16742372990560872,0.8325762700943913
25850,YHR037W YJL157C,0.0,NA,0.13377760350704193,2844,5196,25845,6,0.8465079224572896,0.3537313432835821,0.9978947368421053,0.16739151444863246,0.8326084855513676
25851,tR(UCU)J1 YHR167W,0.0,NA,0.1338057667016983,2844,5195,25846,6,0.8465374288159099,0.35377534519218806,0.9978947368421053,0.1673592989916562,0.8326407010083438
25852,YNL047C YBR172C,0.0,NA,0.13381509482860565,2844,5194,25847,6,0.8465669351745301,0.353819358049266,0.9978947368421053,0.16732708353467993,0.83267291646532
25853,YJL031C YOR196C,0.0,NA,0.13381758332252502,2844,5193,25848,6,0.8465964415331504,0.3538633818589026,0.9978947368421053,0.1672948680777037,0.8327051319222963
25854,YBR048W YGR027W-A,0.0,NA,0.1338546723127365,2844,5192,25849,6,0.8466259478917707,0.35390741662518665,0.9978947368421053,0.16726265262072743,0.8327373473792726
25855,YBR036C YOR332W,0.0,NA,0.13386130332946777,2844,5191,25850,6,0.8466554542503909,0.3539514623522091,0.9978947368421053,0.16723043716375116,0.8327695628362488
25856,YML045W YGR141W,0.0,NA,0.13387389481067657,2844,5190,25851,6,0.8466849606090112,0.35399551904406273,0.9978947368421053,0.16719822170677492,0.8328017782932251
25857,YNL097C YPR062W,0.0,NA,0.13389372825622559,2844,5189,25852,6,0.8467144669676315,0.35403958670484253,0.9978947368421053,0.16716600624979866,0.8328339937502014
25858,YGL105W YIL115C,0.0,NA,0.1339389830827713,2844,5188,25853,6,0.8467439733262518,0.35408366533864544,0.9978947368421053,0.1671337907928224,0.8328662092071776
25859,YAR018C YGL089C,0.0,NA,0.13398060202598572,2844,5187,25854,6,0.846773479684872,0.35412775494957044,0.9978947368421053,0.16710157533584613,0.8328984246641539
25860,YLR286C tA(AGC)K1,0.0,NA,0.1340349167585373,2844,5186,25855,6,0.8468029860434924,0.35417185554171854,0.9978947368421053,0.1670693598788699,0.8329306401211302
25861,YBR068C YNL046W,0.0,NA,0.13406434655189514,2844,5185,25856,6,0.8468324924021127,0.3542159671191929,0.9978947368421053,0.16703714442189363,0.8329628555781063
25862,YDR331W YHR072W-A,0.0,NA,0.13414636254310608,2844,5184,25857,6,0.846861998760733,0.3542600896860987,0.9978947368421053,0.16700492896491737,0.8329950710350826
25863,YCL038C YHR138C,0.0,NA,0.13415859639644623,2844,5183,25858,6,0.8468915051193532,0.3543042232465429,0.9978947368421053,0.1669727135079411,0.8330272864920589
25864,YMR063W YPL178W,0.0,NA,0.13420109450817108,2844,5182,25859,6,0.8469210114779735,0.3543483678046349,0.9978947368421053,0.16694049805096486,0.8330595019490351
25865,YDR260C YGL054C,0.0,NA,0.13424035906791687,2844,5181,25860,6,0.8469505178365938,0.35439252336448596,0.9978947368421053,0.1669082825939886,0.8330917174060114
25866,YFL002W-A YMR127C,0.0,NA,0.13424097001552582,2844,5180,25861,6,0.8469800241952141,0.3544366899302094,0.9978947368421053,0.16687606713701233,0.8331239328629877
25867,YFR048W YPL028W,0.0,NA,0.13436397910118103,2844,5179,25862,6,0.8470095305538343,0.3544808675059205,0.9978947368421053,0.16684385168003607,0.8331561483199639
25868,YOR191W YBL097W,0.0,NA,0.13437996804714203,2844,5178,25863,6,0.8470390369124546,0.3545250560957367,0.9978947368421053,0.16681163622305983,0.8331883637769402
25869,YHR174W YGL012W,0.0,NA,0.13441713154315948,2844,5177,25864,6,0.847068543271075,0.35456925570377756,0.9978947368421053,0.16677942076608357,0.8332205792339165
25870,YHR037W YDL056W,0.0,NA,0.13448604941368103,2844,5176,25865,6,0.8470980496296951,0.3546134663341646,0.9978947368421053,0.1667472053091073,0.8332527946908926
25871,YKR085C YLL006W,0.0,NA,0.13462388515472412,2844,5175,25866,6,0.8471275559883155,0.3546576879910213,0.9978947368421053,0.16671498985213104,0.8332850101478689
25872,YKL020C YCL035C,0.0,NA,0.1346960961818695,2844,5174,25867,6,0.8471570623469358,0.35470192067847345,0.9978947368421053,0.1666827743951548,0.8333172256048452
25873,Q0070 YMR239C,0.0,NA,0.13495154678821564,2844,5173,25868,6,0.8471865687055561,0.3547461644006486,0.9978947368421053,0.16665055893817854,0.8333494410618215
25874,YMR100W YNR041C,0.0,NA,0.13502706587314606,2844,5172,25869,6,0.8472160750641763,0.35479041916167664,0.9978947368421053,0.16661834348120227,0.8333816565187977
25875,YBL100W-A YML036W,0.0,NA,0.13510479032993317,2844,5171,25870,6,0.8472455814227966,0.3548346849656893,0.9978947368421053,0.166586128024226,0.833413871975774
25876,YLR075W YPR161C,0.0,NA,0.1352050006389618,2844,5170,25871,6,0.8472750877814169,0.35487896181682055,0.9978947368421053,0.16655391256724977,0.8334460874327503
25877,YBR216C YCR093W,0.0,NA,0.13520848751068115,2844,5169,25872,6,0.8473045941400372,0.3549232497192063,0.9978947368421053,0.1665216971102735,0.8334783028897265
25878,YAR014C YLR367W,0.0,NA,0.135335311293602,2844,5168,25873,6,0.8473341004986574,0.35496754867698455,0.9978947368421053,0.16648948165329724,0.8335105183467028
25879,YML088W YOR213C,0.0,NA,0.13538718223571777,2844,5167,25874,6,0.8473636068572777,0.35501185869429536,0.9978947368421053,0.166457266196321,0.833542733803679
25880,YCL011C YKL186C,0.0,NA,0.13544636964797974,2844,5166,25875,6,0.847393113215898,0.3550561797752809,0.9978947368421053,0.16642505073934474,0.8335749492606552
25881,YPL042C YDL015C,0.0,NA,0.13545730710029602,2844,5165,25876,6,0.8474226195745183,0.3551005119240854,0.9978947368421053,0.16639283528236848,0.8336071647176315
25882,YBR086C YDL119C,0.0,NA,0.1355825811624527,2844,5164,25877,6,0.8474521259331386,0.35514485514485516,0.9978947368421053,0.16636061982539221,0.8336393801746078
25883,YDL039C YIL073C,0.0,NA,0.13563644886016846,2844,5163,25878,6,0.8474816322917589,0.3551892094417385,0.9978947368421053,0.16632840436841598,0.833671595631584
25884,YKR085C YLR368W,0.0,NA,0.13563840091228485,2844,5162,25879,6,0.8475111386503792,0.35523357481888584,0.9978947368421053,0.1662961889114397,0.8337038110885603
25885,YKL004W YPL275W,0.0,NA,0.13567961752414703,2844,5161,25880,6,0.8475406450089994,0.3552779512804497,0.9978947368421053,0.16626397345446345,0.8337360265455366
25886,YLR350W YBR020W,0.0,NA,0.1357366442680359,2844,5160,25881,6,0.8475701513676197,0.3553223388305847,0.9978947368421053,0.16623175799748718,0.8337682420025128
25887,Q0070 YLR233C,0.0,NA,0.1357579380273819,2844,5159,25882,6,0.84759965772624,0.35536673747344744,0.9978947368421053,0.16619954254051095,0.833800457459489
25888,YIR015W Q0065,0.0,NA,0.13579311966896057,2844,5158,25883,6,0.8476291640848603,0.3554111472131967,0.9978947368421053,0.16616732708353468,0.8338326729164653
25889,YER138C YER075C,0.0,NA,0.135838121175766,2844,5157,25884,6,0.8476586704434805,0.35545556805399325,0.9978947368421053,0.16613511162655842,0.8338648883734415
25890,YMR307W YDL232W,0.0,NA,0.13583821058273315,2844,5156,25885,6,0.8476881768021008,0.3555,0.9978947368421053,0.16610289616958215,0.8338971038304178
25891,YPL257W-A YMR073C,0.0,NA,0.13590872287750244,2844,5155,25886,6,0.8477176831607212,0.3555444430553819,0.9978947368421053,0.16607068071260592,0.8339293192873941
25892,YOR061W YLR389C,0.0,NA,0.13595429062843323,2844,5154,25887,6,0.8477471895193415,0.3555888972243061,0.9978947368421053,0.16603846525562965,0.8339615347443704
25893,snR14 YDR153C,0.0,NA,0.13609051704406738,2844,5153,25888,6,0.8477766958779617,0.35563336251094163,0.9978947368421053,0.1660062497986534,0.8339937502013466
25894,YML052W YPR011C,0.0,NA,0.13618257641792297,2844,5152,25889,6,0.847806202236582,0.35567783891945975,0.9978947368421053,0.16597403434167712,0.8340259656583229
25895,YML031W YPL233W,0.0,NA,0.13620302081108093,2844,5151,25890,6,0.8478357085952023,0.3557223264540338,0.9978947368421053,0.1659418188847009,0.8340581811152992
25896,YDL003W YLR135W,0.0,NA,0.1362188458442688,2844,5150,25891,6,0.8478652149538225,0.3557668251188391,0.9978947368421053,0.16590960342772462,0.8340903965722753
25897,YCL059C YPL167C,0.0,NA,0.13631998002529144,2844,5149,25892,6,0.8478947213124428,0.3558113349180533,0.9978947368421053,0.16587738797074836,0.8341226120292516
25898,YAR042W Q0115,0.0,NA,0.13634032011032104,2844,5148,25893,6,0.8479242276710631,0.35585585585585583,0.9978947368421053,0.16584517251377212,0.8341548274862279
25899,YLR227W-A YLR435W,0.0,NA,0.1363687664270401,2844,5147,25894,6,0.8479537340296834,0.3559003879364285,0.9978947368421053,0.16581295705679586,0.8341870429432041
25900,YGR271W YCL019W,0.0,NA,0.13656215369701385,2844,5146,25895,6,0.8479832403883036,0.3559449311639549,0.9978947368421053,0.1657807415998196,0.8342192584001804
25901,YHL007C YPL160W,0.0,NA,0.13658645749092102,2844,5145,25896,6,0.848012746746924,0.3559894855426211,0.9978947368421053,0.16574852614284333,0.8342514738571567
25902,YDR006C YAL053W,0.0,NA,0.13670353591442108,2844,5144,25897,6,0.8480422531055443,0.3560340510766149,0.9978947368421053,0.1657163106858671,0.8342836893141329
25903,YJL130C YML116W,0.0,NA,0.13674813508987427,2844,5143,25898,6,0.8480717594641646,0.35607862777012644,0.9978947368421053,0.16568409522889083,0.8343159047711092
25904,YNL065W YDR135C,0.0,NA,0.13675464689731598,2844,5142,25899,6,0.8481012658227848,0.35612321562734783,0.9978947368421053,0.16565187977191456,0.8343481202280855
25905,YBR274W YGL209W,0.0,NA,0.13690732419490814,2844,5141,25900,6,0.8481307721814051,0.3561678146524734,0.9978947368421053,0.1656196643149383,0.8343803356850616
25906,YKR037C YNL333W,0.0,NA,0.1369166225194931,2844,5140,25901,6,0.8481602785400254,0.3562124248496994,0.9978947368421053,0.16558744885796206,0.8344125511420379
25907,YGR161C-D YDR356W,0.0,NA,0.1369456648826599,2844,5139,25902,6,0.8481897848986456,0.35625704622322435,0.9978947368421053,0.1655552334009858,0.8344447665990142
25908,YER031C YPL256C,0.0,NA,0.13694997131824493,2844,5138,25903,6,0.8482192912572659,0.35630167877724883,0.9978947368421053,0.16552301794400953,0.8344769820559904
25909,snR62 YKL196C,0.0,NA,0.13697239756584167,2844,5137,25904,6,0.8482487976158862,0.3563463225159754,0.9978947368421053,0.16549080248703327,0.8345091975129667
25910,YPL234C snR46,0.0,NA,0.13703259825706482,2844,5136,25905,6,0.8482783039745065,0.35639097744360904,0.9978947368421053,0.16545858703005703,0.834541412969943
25911,YDR104C YPR158C-D,0.0,NA,0.13706129789352417,2844,5135,25906,6,0.8483078103331267,0.3564356435643564,0.9978947368421053,0.16542637157308077,0.8345736284269193
25912,YOR165W snR51,0.0,NA,0.1370728611946106,2844,5134,25907,6,0.8483373166917471,0.35648032088242665,0.9978947368421053,0.1653941561161045,0.8346058438838955
25913,YIL042C YLR238W,0.0,NA,0.13709920644760132,2844,5133,25908,6,0.8483668230503674,0.35652500940203086,0.9978947368421053,0.16536194065912824,0.8346380593408718
25914,YIL073C YJR005W,0.0,NA,0.13720102608203888,2844,5132,25909,6,0.8483963294089877,0.3565697091273822,0.9978947368421053,0.165329725202152,0.834670274797848
25915,YDR331W YLR353W,0.0,NA,0.13734742999076843,2844,5131,25910,6,0.8484258357676079,0.35661442006269595,0.9978947368421053,0.16529750974517574,0.8347024902548242
25916,YML015C YPL157W,0.0,NA,0.13739898800849915,2844,5130,25911,6,0.8484553421262282,0.35665914221218964,0.9978947368421053,0.16526529428819947,0.8347347057118005
25917,YKR085C YDR077W,0.0,NA,0.1375119537115097,2844,5129,25912,6,0.8484848484848485,0.35670387558008276,0.9978947368421053,0.16523307883122323,0.8347669211687768
25918,Q0045 YOR386W,0.0,NA,0.13759270310401917,2844,5128,25913,6,0.8485143548434688,0.3567486201705971,0.9978947368421053,0.16520086337424697,0.834799136625753
25919,YPL101W YDR089W,0.0,NA,0.13761064410209656,2844,5127,25914,6,0.848543861202089,0.35679337598795635,0.9978947368421053,0.1651686479172707,0.8348313520827293
25920,tQ(UUG)B YLR033W,0.0,NA,0.13763299584388733,2844,5126,25915,6,0.8485733675607093,0.35683814303638645,0.9978947368421053,0.16513643246029444,0.8348635675397056
25921,YAL040C YDR513W,0.0,NA,0.13766054809093475,2844,5125,25916,6,0.8486028739193296,0.35688292132011545,0.9978947368421053,0.1651042170033182,0.8348957829966818
25922,YCL074W YGR157W,0.0,NA,0.13767218589782715,2844,5124,25917,6,0.8486323802779498,0.3569277108433735,0.9978947368421053,0.16507200154634194,0.8349279984536581
25923,tI(AAU)L1 YLR406C,0.0,NA,0.13769392669200897,2844,5123,25918,6,0.8486618866365702,0.3569725116103929,0.9978947368421053,0.16503978608936568,0.8349602139106344
25924,YHR200W YLR131C,0.0,NA,0.13773447275161743,2844,5122,25919,6,0.8486913929951905,0.357017323625408,0.9978947368421053,0.1650075706323894,0.8349924293676105
25925,YIL111W YDR182W,0.0,NA,0.13778963685035706,2844,5121,25920,6,0.8487208993538108,0.35706214689265536,0.9978947368421053,0.16497535517541317,0.8350246448245868
25926,YBR048W YHR214C-C,0.0,NA,0.13798926770687103,2844,5120,25921,6,0.848750405712431,0.3571069814163737,0.9978947368421053,0.1649431397184369,0.8350568602815631
25927,YHR039C YOR095C,0.0,NA,0.1380513608455658,2844,5119,25922,6,0.8487799120710513,0.35715182720080374,0.9978947368421053,0.16491092426146065,0.8350890757385393
25928,YCR040W YDR406W,0.0,NA,0.13806749880313873,2844,5118,25923,6,0.8488094184296716,0.3571966842501884,0.9978947368421053,0.16487870880448438,0.8351212911955156
25929,YPL156C YOL089C,0.0,NA,0.1381092220544815,2844,5117,25924,6,0.8488389247882919,0.35724155256877277,0.9978947368421053,0.16484649334750814,0.8351535066524919
25930,YBR057C YER008C,0.0,NA,0.13819462060928345,2844,5116,25925,6,0.8488684311469121,0.357286432160804,0.9978947368421053,0.16481427789053188,0.8351857221094682
25931,YJL087C YPR139C,0.0,NA,0.13837991654872894,2844,5115,25926,6,0.8488979375055324,0.3573313230305315,0.9978947368421053,0.16478206243355561,0.8352179375664444
25932,YLR055C YML045W,0.0,NA,0.13847951591014862,2844,5114,25927,6,0.8489274438641528,0.3573762251822066,0.9978947368421053,0.16474984697657935,0.8352501530234206
25933,YAL043C tQ(UUG)L,0.0,NA,0.13853608071804047,2844,5113,25928,6,0.848956950222773,0.35742113862008296,0.9978947368421053,0.1647176315196031,0.8352823684803969
25934,YDL005C YER162C,0.0,NA,0.138680100440979,2844,5112,25929,6,0.8489864565813933,0.3574660633484163,0.9978947368421053,0.16468541606262685,0.8353145839373731
25935,YBR257W YHR185C,0.0,NA,0.13879257440567017,2844,5111,25930,6,0.8490159629400136,0.35751099937146447,0.9978947368421053,0.16465320060565058,0.8353467993943494
25936,YGR013W YGR161W-B,0.0,NA,0.13880555331707,2844,5110,25931,6,0.8490454692986339,0.35755594669348756,0.9978947368421053,0.16462098514867432,0.8353790148513257
25937,YMR292W YDR392W,0.0,NA,0.13883398473262787,2844,5109,25932,6,0.8490749756572541,0.35760090531874766,0.9978947368421053,0.16458876969169808,0.8354112303083019
25938,YKR085C YIL062C,0.0,NA,0.13886314630508423,2844,5108,25933,6,0.8491044820158744,0.35764587525150904,0.9978947368421053,0.16455655423472182,0.8354434457652782
25939,YDL106C YLR157C,0.0,NA,0.13886961340904236,2844,5107,25934,6,0.8491339883744947,0.3576908564960382,0.9978947368421053,0.16452433877774555,0.8354756612222545
25940,YOR054C YJR013W,0.0,NA,0.1389181762933731,2844,5106,25935,6,0.849163494733115,0.35773584905660377,0.9978947368421053,0.16449212332076932,0.8355078766792307
25941,YEL057C YDL101C,0.0,NA,0.1389550417661667,2844,5105,25936,6,0.8491930010917352,0.3577808529374764,0.9978947368421053,0.16445990786379305,0.835540092136207
25942,YAL031C YJR094W-A,0.0,NA,0.1389811635017395,2844,5104,25937,6,0.8492225074503555,0.35782586814292905,0.9978947368421053,0.1644276924068168,0.8355723075931832
25943,YGR198W YGR161C,0.0,NA,0.1390364021062851,2844,5103,25938,6,0.8492520138089759,0.3578708946772367,0.9978947368421053,0.16439547694984052,0.8356045230501594
25944,YPL257W-B YOL068C,0.0,NA,0.139039546251297,2844,5102,25939,6,0.8492815201675962,0.3579159325446766,0.9978947368421053,0.1643632614928643,0.8356367385071357
25945,YCR010C YBR038W,0.0,NA,0.13912084698677063,2844,5101,25940,6,0.8493110265262164,0.357960981749528,0.9978947368421053,0.16433104603588802,0.835668953964112
25946,YOL078W YOR073W,0.0,NA,0.13915228843688965,2844,5100,25941,6,0.8493405328848367,0.3580060422960725,0.9978947368421053,0.16429883057891176,0.8357011694210882
25947,YPL020C YLL017W,0.0,NA,0.1392517387866974,2844,5099,25942,6,0.849370039243457,0.35805111418859376,0.9978947368421053,0.1642666151219355,0.8357333848780645
25948,YKL112W YER098W,0.0,NA,0.13937997817993164,2844,5098,25943,6,0.8493995456020772,0.3580961974313775,0.9978947368421053,0.16423439966495926,0.8357656003350408
25949,YJL081C YMR216C,0.0,NA,0.13948149979114532,2844,5097,25944,6,0.8494290519606975,0.35814129202871176,0.9978947368421053,0.164202184207983,0.8357978157920171
25950,YGL114W YJL001W,0.0,NA,0.13948898017406464,2844,5096,25945,6,0.8494585583193178,0.35818639798488666,0.9978947368421053,0.16416996875100673,0.8358300312489932
25951,YHR031C YJR120W,1.0,NA,0.1394951194524765,2843,5096,25945,7,0.8494290519606975,0.3581055548557753,0.9975438596491228,0.16416996875100673,0.8358300312489932
25952,YHR074W YLL010C,0.0,NA,0.13962090015411377,2843,5095,25946,7,0.8494585583193178,0.3581506676744772,0.9975438596491228,0.16413775329403046,0.8358622467059695
25953,YMR310C YDR501W,0.0,NA,0.13963168859481812,2843,5094,25947,7,0.8494880646779381,0.3581957918609046,0.9975438596491228,0.16410553783705423,0.8358944621629458
25954,YDL235C YIL145C,0.0,NA,0.13975508511066437,2843,5093,25948,7,0.8495175710365583,0.3582409274193548,0.9975438596491228,0.16407332238007796,0.835926677619922
25955,YOR301W YGL178W,0.0,NA,0.1397717297077179,2843,5092,25949,7,0.8495470773951787,0.3582860743541273,0.9975438596491228,0.1640411069231017,0.8359588930768983
25956,YDR446W YIL029C,0.0,NA,0.13979747891426086,2843,5091,25950,7,0.849576583753799,0.35833123266952355,0.9975438596491228,0.16400889146612543,0.8359911085338746
25957,YPL257W-B YIR001C,0.0,NA,0.1400964856147766,2843,5090,25951,7,0.8496060901124193,0.35837640236984747,0.9975438596491228,0.1639766760091492,0.8360233239908508
25958,YNL107W YML080W,0.0,NA,0.14015325903892517,2843,5089,25952,7,0.8496355964710395,0.35842158345940495,0.9975438596491228,0.16394446055217293,0.8360555394478271
25959,YHR206W YHR026W,0.0,NA,0.14016631245613098,2843,5088,25953,7,0.8496651028296598,0.3584667759425041,0.9975438596491228,0.16391224509519667,0.8360877549048034
25960,YGR027C YDR334W,0.0,NA,0.14019402861595154,2843,5087,25954,7,0.8496946091882801,0.35851197982345523,0.9975438596491228,0.16388002963822043,0.8361199703617795
25961,YDL087C YJL207C,0.0,NA,0.1402125209569931,2843,5086,25955,7,0.8497241155469003,0.3585571951065708,0.9975438596491228,0.16384781418124417,0.8361521858187558
25962,YGL048C YGR238C,0.0,NA,0.14027048647403717,2843,5085,25956,7,0.8497536219055206,0.35860242179616547,0.9975438596491228,0.1638155987242679,0.8361844012757321
25963,YOL124C YKL205W,0.0,NA,0.1403164267539978,2843,5084,25957,7,0.8497831282641409,0.35864765989655606,0.9975438596491228,0.16378338326729164,0.8362166167327083
25964,YOR079C Q0045,0.0,NA,0.14033517241477966,2843,5083,25958,7,0.8498126346227612,0.35869290941206156,0.9975438596491228,0.1637511678103154,0.8362488321896846
25965,YDL040C YOR324C,0.0,NA,0.14059892296791077,2843,5082,25959,7,0.8498421409813814,0.35873817034700317,0.9975438596491228,0.16371895235333914,0.8362810476466609
25966,YFR041C YMR077C,0.0,NA,0.14066621661186218,2843,5081,25960,7,0.8498716473400018,0.35878344270570417,0.9975438596491228,0.16368673689636287,0.8363132631036371
25967,snR44 YLR060W,0.0,NA,0.14078588783740997,2843,5080,25961,7,0.8499011536986221,0.3588287264924902,0.9975438596491228,0.1636545214393866,0.8363454785606134
25968,YPL138C YPL163C,0.0,NA,0.14080218970775604,2843,5079,25962,7,0.8499306600572424,0.358874021711689,0.9975438596491228,0.16362230598241037,0.8363776940175897
25969,YPR129W YDR365W-A,0.0,NA,0.14080485701560974,2843,5078,25963,7,0.8499601664158626,0.35891932836763035,0.9975438596491228,0.1635900905254341,0.836409909474566
25970,YOR207C YBR284W,0.0,NA,0.14095070958137512,2843,5077,25964,7,0.8499896727744829,0.3589646464646465,0.9975438596491228,0.16355787506845784,0.8364421249315421
25971,YHR110W YDL108W,0.0,NA,0.1409766525030136,2843,5076,25965,7,0.8500191791331032,0.3590099760070716,0.9975438596491228,0.16352565961148158,0.8364743403885184
25972,YFL030W YML045W,0.0,NA,0.14106020331382751,2843,5075,25966,7,0.8500486854917235,0.35905531699924226,0.9975438596491228,0.16349344415450534,0.8365065558454947
25973,YKL054C YDR440W,0.0,NA,0.14113573729991913,2843,5074,25967,7,0.8500781918503437,0.359100669445497,0.9975438596491228,0.16346122869752908,0.8365387713024709
25974,YKR022C YAL020C,0.0,NA,0.14114819467067719,2843,5073,25968,7,0.850107698208964,0.35914603335017686,0.9975438596491228,0.1634290132405528,0.8365709867594472
25975,YKR085C YFL036W,0.0,NA,0.14116021990776062,2843,5072,25969,7,0.8501372045675843,0.3591914087176248,0.9975438596491228,0.16339679778357655,0.8366032022164235
25976,YDR006C YBL074C,0.0,NA,0.14118166267871857,2843,5071,25970,7,0.8501667109262045,0.359236795552186,0.9975438596491228,0.1633645823266003,0.8366354176733997
25977,YER109C YBR111W-A,0.0,NA,0.14124555885791779,2843,5070,25971,7,0.8501962172848249,0.35928219385820803,0.9975438596491228,0.16333236686962405,0.836667633130376
25978,YGL103W YDL056W,0.0,NA,0.1413654237985611,2843,5069,25972,7,0.8502257236434452,0.35932760364004046,0.9975438596491228,0.16330015141264778,0.8366998485873522
25979,YOL059W YMR177W,0.0,NA,0.14145542681217194,2843,5068,25973,7,0.8502552300020655,0.35937302490203515,0.9975438596491228,0.16326793595567154,0.8367320640443284
25980,YNL329C YMR180C,0.0,NA,0.1416262835264206,2843,5067,25974,7,0.8502847363606857,0.35941845764854613,0.9975438596491228,0.16323572049869528,0.8367642795013047
25981,YJR126C YDL159W,0.0,NA,0.14167767763137817,2843,5066,25975,7,0.850314242719306,0.3594639018839297,0.9975438596491228,0.16320350504171902,0.836796494958281
25982,YML052W YDR382W,0.0,NA,0.14183248579502106,2843,5065,25976,7,0.8503437490779263,0.35950935761254427,0.9975438596491228,0.16317128958474275,0.8368287104152572
25983,YJR044C YLR286C,0.0,NA,0.1418791562318802,2843,5064,25977,7,0.8503732554365466,0.35955482483875045,0.9975438596491228,0.16313907412776651,0.8368609258722335
25984,YBR240C YJR141W,0.0,NA,0.14195534586906433,2843,5063,25978,7,0.8504027617951668,0.3596003035669112,0.9975438596491228,0.16310685867079025,0.8368931413292098
25985,YDL119C YGL139W,0.0,NA,0.14197270572185516,2843,5062,25979,7,0.8504322681537871,0.3596457938013915,0.9975438596491228,0.16307464321381399,0.836925356786186
25986,Q0065 YBR265W,0.0,NA,0.14198006689548492,2843,5061,25980,7,0.8504617745124075,0.3596912955465587,0.9975438596491228,0.16304242775683772,0.8369575722431623
25987,YML014W YIL084C,0.0,NA,0.1420224905014038,2843,5060,25981,7,0.8504912808710277,0.3597368088067822,0.9975438596491228,0.16301021229986148,0.8369897877001385
25988,YMR301C YPR111W,0.0,NA,0.1420270949602127,2843,5059,25982,7,0.850520787229648,0.3597823335864338,0.9975438596491228,0.16297799684288522,0.8370220031571148
25989,YMR184W YER122C,0.0,NA,0.1421879678964615,2843,5058,25983,7,0.8505502935882683,0.35982786988988735,0.9975438596491228,0.16294578138590896,0.837054218614091
25990,YDR436W YOL020W,0.0,NA,0.14230121672153473,2843,5057,25984,7,0.8505797999468886,0.359873417721519,0.9975438596491228,0.1629135659289327,0.8370864340710673
25991,tA(AGC)K2 YLR305C,0.0,NA,0.14232297241687775,2843,5056,25985,7,0.8506093063055088,0.359918977085707,0.9975438596491228,0.16288135047195645,0.8371186495280436
25992,YCL052C YLR157C,0.0,NA,0.14233991503715515,2843,5055,25986,7,0.8506388126641291,0.3599645479868321,0.9975438596491228,0.1628491350149802,0.8371508649850198
25993,YOR109W YHR119W,0.0,NA,0.14240503311157227,2843,5054,25987,7,0.8506683190227494,0.36001013042927693,0.9975438596491228,0.16281691955800393,0.8371830804419961
25994,YBR016W YDR089W,0.0,NA,0.1424316018819809,2843,5053,25988,7,0.8506978253813697,0.36005572441742656,0.9975438596491228,0.16278470410102766,0.8372152958989724
25995,YIL003W YBR252W,0.0,NA,0.14246173202991486,2843,5052,25989,7,0.8507273317399899,0.3601013299556681,0.9975438596491228,0.16275248864405142,0.8372475113559485
25996,YDR308C YLL039C,0.0,NA,0.14254797995090485,2843,5051,25990,7,0.8507568380986102,0.3601469470483912,0.9975438596491228,0.16272027318707516,0.8372797268129248
25997,YML115C YDR376W,0.0,NA,0.14260344207286835,2843,5050,25991,7,0.8507863444572306,0.3601925756999873,0.9975438596491228,0.1626880577300989,0.8373119422699011
25998,YJR075W YLR033W,0.0,NA,0.1428927779197693,2843,5049,25992,7,0.8508158508158508,0.3602382159148505,0.9975438596491228,0.16265584227312263,0.8373441577268773
25999,YJL072C YER146W,0.0,NA,0.14294065535068512,2843,5048,25993,7,0.8508453571744711,0.36028386769737675,0.9975438596491228,0.1626236268161464,0.8373763731838536
26000,YGL063W YER104W,0.0,NA,0.14299757778644562,2843,5047,25994,7,0.8508748635330914,0.3603295310519645,0.9975438596491228,0.16259141135917013,0.8374085886408299
26001,YHR001W-A YOR356W,0.0,NA,0.1432606428861618,2843,5046,25995,7,0.8509043698917117,0.3603752059830143,0.9975438596491228,0.16255919590219386,0.8374408040978061
26002,YGR251W YGR157W,0.0,NA,0.14354687929153442,2843,5045,25996,7,0.8509338762503319,0.360420892494929,0.9975438596491228,0.16252698044521763,0.8374730195547824
26003,YPL008W YNR064C,0.0,NA,0.14363515377044678,2843,5044,25997,7,0.8509633826089522,0.3604665905921136,0.9975438596491228,0.16249476498824136,0.8375052350117587
26004,YDR303C YDR232W,0.0,NA,0.14368346333503723,2843,5043,25998,7,0.8509928889675725,0.3605123002789754,0.9975438596491228,0.1624625495312651,0.8375374504687348
26005,YLR221C tA(AGC)M1,0.0,NA,0.1437106430530548,2843,5042,25999,7,0.8510223953261928,0.3605580215599239,0.9975438596491228,0.16243033407428883,0.8375696659257111
26006,YMR283C YPL076W,0.0,NA,0.14372670650482178,2843,5041,26000,7,0.851051901684813,0.36060375443937087,0.9975438596491228,0.1623981186173126,0.8376018813826874
26007,YJL029C YOL011W,0.0,NA,0.14373134076595306,2843,5040,26001,7,0.8510814080434334,0.3606494989217303,0.9975438596491228,0.16236590316033633,0.8376340968396637
26008,YDR073W YER011W,0.0,NA,0.1437450647354126,2843,5039,26002,7,0.8511109144020537,0.3606952550114184,0.9975438596491228,0.16233368770336007,0.8376663122966399
26009,YKL070W YDR055W,0.0,NA,0.14379145205020905,2843,5038,26003,7,0.851140420760674,0.3607410227128537,0.9975438596491228,0.1623014722463838,0.8376985277536162
26010,YLR130C YHL027W,0.0,NA,0.14387577772140503,2843,5037,26004,7,0.8511699271192942,0.3607868020304569,0.9975438596491228,0.16226925678940757,0.8377307432105925
26011,YHR103W YNL247W,0.0,NA,0.14393079280853271,2843,5036,26005,7,0.8511994334779145,0.36083259296865083,0.9975438596491228,0.1622370413324313,0.8377629586675687
26012,YER007W YGL186C,0.0,NA,0.14402878284454346,2843,5035,26006,7,0.8512289398365348,0.36087839553186085,0.9975438596491228,0.16220482587545504,0.837795174124545
26013,YJR082C YLR395C,0.0,NA,0.144044429063797,2843,5034,26007,7,0.851258446195155,0.3609242097245144,0.9975438596491228,0.16217261041847877,0.8378273895815213
26014,YLR301W YDL185W,0.0,NA,0.14405865967273712,2843,5033,26008,7,0.8512879525537753,0.3609700355510411,0.9975438596491228,0.16214039496150254,0.8378596050384974
26015,YGR199W YDL028C,0.0,NA,0.14415398240089417,2843,5032,26009,7,0.8513174589123956,0.361015873015873,0.9975438596491228,0.16210817950452627,0.8378918204954737
26016,YDR320C-A YOL140W,0.0,NA,0.1441894918680191,2843,5031,26010,7,0.8513469652710159,0.36106172212344423,0.9975438596491228,0.16207596404755,0.83792403595245
26017,YLR397C YGR019W,0.0,NA,0.1442371904850006,2843,5030,26011,7,0.8513764716296361,0.3611075828781913,0.9975438596491228,0.16204374859057374,0.8379562514094262
26018,YPL200W YEL056W,0.0,NA,0.14426575601100922,2843,5029,26012,7,0.8514059779882565,0.36115345528455284,0.9975438596491228,0.1620115331335975,0.8379884668664025
26019,YLR360W YDL047W,0.0,NA,0.14444132149219513,2843,5028,26013,7,0.8514354843468768,0.3611993393469699,0.9975438596491228,0.16197931767662124,0.8380206823233788
26020,YJL128C YHR084W,0.0,NA,0.14446382224559784,2843,5027,26014,7,0.8514649907054971,0.36124523506988565,0.9975438596491228,0.16194710221964498,0.838052897780355
26021,YDR538W YPL126W,0.0,NA,0.14467452466487885,2843,5026,26015,7,0.8514944970641173,0.3612911424577456,0.9975438596491228,0.16191488676266874,0.8380851132373313
26022,YER138C YDL076C,0.0,NA,0.1446838229894638,2843,5025,26016,7,0.8515240034227376,0.36133706151499745,0.9975438596491228,0.16188267130569248,0.8381173286943076
26023,YKL055C YFL060C,0.0,NA,0.14473900198936462,2843,5024,26017,7,0.8515535097813579,0.3613829922460913,0.9975438596491228,0.1618504558487162,0.8381495441512837
26024,YDR009W YOR143C,0.0,NA,0.14474262297153473,2843,5023,26018,7,0.8515830161399781,0.36142893465547926,0.9975438596491228,0.16181824039173995,0.83818175960826
26025,YBR145W YGR091W,0.0,NA,0.1447453647851944,2843,5022,26019,7,0.8516125224985984,0.361474888747616,0.9975438596491228,0.1617860249347637,0.8382139750652363
26026,YML039W YBR168W,0.0,NA,0.14476507902145386,2843,5021,26020,7,0.8516420288572187,0.3615208545269583,0.9975438596491228,0.16175380947778745,0.8382461905222126
26027,YOL122C YLR024C,0.0,NA,0.14480207860469818,2843,5020,26021,7,0.851671535215839,0.36156683199796513,0.9975438596491228,0.16172159402081118,0.8382784059791888
26028,YDR256C YGL185C,0.0,NA,0.14484933018684387,2843,5019,26022,7,0.8517010415744592,0.36161282116509796,0.9975438596491228,0.16168937856383492,0.8383106214361651
26029,YBR018C YDL124W,0.0,NA,0.1448565274477005,2843,5018,26023,7,0.8517305479330796,0.36165882203282024,0.9975438596491228,0.16165716310685868,0.8383428368931414
26030,YMR142C YNL084C,0.0,NA,0.14504584670066833,2843,5017,26024,7,0.8517600542916999,0.361704834605598,0.9975438596491228,0.16162494764988242,0.8383750523501176
26031,YNL094W YDR207C,0.0,NA,0.1450953632593155,2843,5016,26025,7,0.8517895606503202,0.3617508588878992,0.9975438596491228,0.16159273219290615,0.8384072678070938
26032,YMR312W YMR041C,0.0,NA,0.14509841799736023,2843,5015,26026,7,0.8518190670089404,0.3617968948841945,0.9975438596491228,0.1615605167359299,0.8384394832640701
26033,YDR170W-A YOR279C,0.0,NA,0.14537012577056885,2843,5014,26027,7,0.8518485733675607,0.36184294259895633,0.9975438596491228,0.16152830127895365,0.8384716987210463
26034,YDR108W YPR158C-D,0.0,NA,0.14548249542713165,2843,5013,26028,7,0.851878079726181,0.36188900203665986,0.9975438596491228,0.1614960858219774,0.8385039141780226
26035,YER042W YOR028C,0.0,NA,0.14550529420375824,2843,5012,26029,7,0.8519075860848013,0.3619350732017823,0.9975438596491228,0.16146387036500112,0.8385361296349989
26036,YGR019W YGL054C,0.0,NA,0.14566677808761597,2843,5011,26030,7,0.8519370924434215,0.36198115609880316,0.9975438596491228,0.16143165490802486,0.8385683450919751
26037,YOR299W YPL210C,0.0,NA,0.14577613770961761,2843,5010,26031,7,0.8519665988020418,0.36202725073220426,0.9975438596491228,0.16139943945104862,0.8386005605489514
26038,YLR234W YLR181C,0.0,NA,0.1458776891231537,2843,5009,26032,7,0.8519961051606622,0.3620733571064697,0.9975438596491228,0.16136722399407236,0.8386327760059277
26039,YNR020C YJR040W,0.0,NA,0.14588066935539246,2843,5008,26033,7,0.8520256115192824,0.36211947522608584,0.9975438596491228,0.1613350085370961,0.8386649914629039
26040,YMR312W YDR350C,0.0,NA,0.14590021967887878,2843,5007,26034,7,0.8520551178779027,0.3621656050955414,0.9975438596491228,0.16130279308011986,0.8386972069198801
26041,tE(CUC)D YDR499W,0.0,NA,0.14590097963809967,2843,5006,26035,7,0.852084624236523,0.3622117467193273,0.9975438596491228,0.1612705776231436,0.8387294223768564
26042,YFL002W-A YCR068W,0.0,NA,0.14616380631923676,2843,5005,26036,7,0.8521141305951433,0.3622579001019368,0.9975438596491228,0.16123836216616733,0.8387616378338326
26043,YGR192C YJL085W,0.0,NA,0.1461711972951889,2843,5004,26037,7,0.8521436369537635,0.3623040652478654,0.9975438596491228,0.16120614670919106,0.8387938532908089
26044,YNL071W YGR104C,0.0,NA,0.14628393948078156,2843,5003,26038,7,0.8521731433123838,0.362350242161611,0.9975438596491228,0.16117393125221482,0.8388260687477852
26045,snR54 YLR340W,0.0,NA,0.1463664472103119,2843,5002,26039,7,0.8522026496710041,0.3623964308476737,0.9975438596491228,0.16114171579523856,0.8388582842047615
26046,YPR105C YGR285C,0.0,NA,0.14649052917957306,2843,5001,26040,7,0.8522321560296244,0.3624426313105558,0.9975438596491228,0.1611095003382623,0.8388904996617377
26047,YFR013W YLR153C,0.0,NA,0.14658553898334503,2843,5000,26041,7,0.8522616623882446,0.3624888435547622,0.9975438596491228,0.16107728488128603,0.838922715118714
26048,YOR321W YPL091W,0.0,NA,0.14660650491714478,2843,4999,26042,7,0.852291168746865,0.3625350675847998,0.9975438596491228,0.1610450694243098,0.8389549305756903
26049,YPR192W YIL029C,0.0,NA,0.14665016531944275,2843,4998,26043,7,0.8523206751054853,0.3625813034051779,0.9975438596491228,0.16101285396733353,0.8389871460326664
26050,YDL119C YJR126C,0.0,NA,0.14670252799987793,2843,4997,26044,7,0.8523501814641055,0.36262755102040817,0.9975438596491228,0.16098063851035727,0.8390193614896427
26051,YLR345W YDL108W,0.0,NA,0.14681778848171234,2843,4996,26045,7,0.8523796878227258,0.36267381043500446,0.9975438596491228,0.160948423053381,0.839051576946619
26052,YMR261C tG(GCC)O1,0.0,NA,0.1468605101108551,2843,4995,26046,7,0.8524091941813461,0.362720081653483,0.9975438596491228,0.16091620759640476,0.8390837924035952
26053,YJR109C YGR187C,0.0,NA,0.1469205617904663,2843,4994,26047,7,0.8524387005399664,0.3627663646803624,0.9975438596491228,0.1608839921394285,0.8391160078605715
26054,YKL006C-A tE(UUC)E1,0.0,NA,0.14707615971565247,2843,4993,26048,7,0.8524682068985866,0.36281265952016334,0.9975438596491228,0.16085177668245224,0.8391482233175478
26055,YOR132W YML040W,0.0,NA,0.1472121626138687,2843,4992,26049,7,0.8524977132572069,0.36285896617740904,0.9975438596491228,0.16081956122547597,0.839180438774524
26056,YPL178W YGR036C,0.0,NA,0.14722111821174622,2843,4991,26050,7,0.8525272196158272,0.36290528465662497,0.9975438596491228,0.16078734576849973,0.8392126542315003
26057,YML066C YJL210W,0.0,NA,0.14723891019821167,2843,4990,26051,7,0.8525567259744475,0.3629516149623388,0.9975438596491228,0.16075513031152347,0.8392448696884766
26058,YGR240C YDR365W-A,0.0,NA,0.1473156362771988,2843,4989,26052,7,0.8525862323330677,0.36299795709908067,0.9975438596491228,0.1607229148545472,0.8392770851454527
26059,YGL008C Q0120,0.0,NA,0.14731942117214203,2843,4988,26053,7,0.852615738691688,0.36304431107138296,0.9975438596491228,0.16069069939757094,0.839309300602429
26060,YKL006C-A YHR118C,0.0,NA,0.14735786616802216,2843,4987,26054,7,0.8526452450503084,0.36309067688378033,0.9975438596491228,0.1606584839405947,0.8393415160594053
26061,YPL258C YPL020C,0.0,NA,0.1474122554063797,2843,4986,26055,7,0.8526747514089287,0.3631370545408098,0.9975438596491228,0.16062626848361844,0.8393737315163815
26062,YHR158C YMR318C,0.0,NA,0.14741376042366028,2843,4985,26056,7,0.8527042577675489,0.36318344404701075,0.9975438596491228,0.16059405302664218,0.8394059469733578
26063,YER007C-A YGR027W-A,0.0,NA,0.14743854105472565,2843,4984,26057,7,0.8527337641261692,0.36322984540692477,0.9975438596491228,0.16056183756966594,0.8394381624303341
26064,YGR255C YNR026C,0.0,NA,0.1475098878145218,2843,4983,26058,7,0.8527632704847895,0.3632762586250958,0.9975438596491228,0.16052962211268967,0.8394703778873104
26065,YNR020C YJL168C,0.0,NA,0.14751169085502625,2843,4982,26059,7,0.8527927768434097,0.3633226837060703,0.9975438596491228,0.1604974066557134,0.8395025933442866
26066,YLR299W YCL064C,0.0,NA,0.14752322435379028,2843,4981,26060,7,0.85282228320203,0.36336912065439675,0.9975438596491228,0.16046519119873714,0.8395348088012629
26067,YGL142C YNL239W,0.0,NA,0.1475292593240738,2843,4980,26061,7,0.8528517895606503,0.3634155694746261,0.9975438596491228,0.1604329757417609,0.8395670242582391
26068,YER019W tA(AGC)K2,0.0,NA,0.14764688909053802,2843,4979,26062,7,0.8528812959192706,0.3634620301713117,0.9975438596491228,0.16040076028478464,0.8395992397152153
26069,YBL055C YFL049W,0.0,NA,0.1476481407880783,2843,4978,26063,7,0.8529108022778908,0.3635085027490091,0.9975438596491228,0.16036854482780838,0.8396314551721916
26070,YGL026C YOR241W,0.0,NA,0.14766816794872284,2843,4977,26064,7,0.8529403086365112,0.3635549872122762,0.9975438596491228,0.16033632937083211,0.8396636706291679
26071,YLR144C YKL101W,0.0,NA,0.14774003624916077,2843,4976,26065,7,0.8529698149951315,0.36360148356567334,0.9975438596491228,0.16030411391385588,0.8396958860861441
26072,YOR005C YOR074C,0.0,NA,0.14775089919567108,2843,4975,26066,7,0.8529993213537518,0.3636479918137631,0.9975438596491228,0.1602718984568796,0.8397281015431204
26073,YLR054C YIL082W-A,0.0,NA,0.1478354036808014,2843,4974,26067,7,0.853028827712372,0.3636945119611104,0.9975438596491228,0.16023968299990335,0.8397603170000967
26074,YOR380W YPL121C,0.0,NA,0.14789141714572906,2843,4973,26068,7,0.8530583340709923,0.3637410440122825,0.9975438596491228,0.16020746754292708,0.8397925324570729
26075,YGL008C YGL120C,0.0,NA,0.14806148409843445,2843,4972,26069,7,0.8530878404296126,0.363787587971849,0.9975438596491228,0.16017525208595085,0.8398247479140492
26076,snR8 YGR221C,0.0,NA,0.14806734025478363,2843,4971,26070,7,0.8531173467882328,0.3638341438443819,0.9975438596491228,0.16014303662897458,0.8398569633710254
26077,YMR250W YPL112C,0.0,NA,0.1480833888053894,2843,4970,26071,7,0.8531468531468531,0.3638807116344554,0.9975438596491228,0.16011082117199832,0.8398891788280016
26078,YDR427W YDR047W,0.0,NA,0.14808356761932373,2843,4969,26072,7,0.8531763595054734,0.3639272913466462,0.9975438596491228,0.16007860571502205,0.8399213942849779
26079,YGR116W YLR360W,0.0,NA,0.14816269278526306,2843,4968,26073,7,0.8532058658640937,0.36397388298553324,0.9975438596491228,0.16004639025804582,0.8399536097419542
26080,YNL103W YNL241C,0.0,NA,0.14823351800441742,2843,4967,26074,7,0.853235372222714,0.3640204865556978,0.9975438596491228,0.16001417480106955,0.8399858251989304
26081,YCR082W snR65,0.0,NA,0.14827308058738708,2843,4966,26075,7,0.8532648785813343,0.36406710206172366,0.9975438596491228,0.1599819593440933,0.8400180406559067
26082,YGL251C YBL046W,0.0,NA,0.14843639731407166,2843,4965,26076,7,0.8532943849399546,0.3641137295081967,0.9975438596491228,0.15994974388711705,0.840050256112883
26083,MAL23 YDR516C,0.0,NA,0.14847847819328308,2843,4964,26077,7,0.8533238912985749,0.3641603688997054,0.9975438596491228,0.1599175284301408,0.8400824715698593
26084,YLR055C YPR055W,0.0,NA,0.14848552644252777,2843,4963,26078,7,0.8533533976571951,0.3642070202408404,0.9975438596491228,0.15988531297316452,0.8401146870268354
26085,YLR390W-A YNL251C,0.0,NA,0.14858786761760712,2843,4962,26079,7,0.8533829040158154,0.36425368353619475,0.9975438596491228,0.15985309751618826,0.8401469024838117
26086,YDR108W YOL115W,0.0,NA,0.1486559361219406,2843,4961,26080,7,0.8534124103744357,0.36430035879036393,0.9975438596491228,0.15982088205921202,0.840179117940788
26087,YDR143C YOR356W,0.0,NA,0.1488492339849472,2843,4960,26081,7,0.853441916733056,0.36434704600794565,0.9975438596491228,0.15978866660223576,0.8402113333977642
26088,YOR241W YNR047W,0.0,NA,0.14889489114284515,2843,4959,26082,7,0.8534714230916762,0.3643937451935401,0.9975438596491228,0.1597564511452595,0.8402435488547405
26089,YAL044C YDR162C,0.0,NA,0.1489046812057495,2843,4958,26083,7,0.8535009294502965,0.36444045635174976,0.9975438596491228,0.15972423568828323,0.8402757643117168
26090,YMR091C YMR246W,0.0,NA,0.14894789457321167,2843,4957,26084,7,0.8535304358089169,0.3644871794871795,0.9975438596491228,0.159692020231307,0.840307979768693
26091,snR65 YNL094W,0.0,NA,0.14914613962173462,2843,4956,26085,7,0.8535599421675371,0.36453391460443646,0.9975438596491228,0.15965980477433073,0.8403401952256693
26092,YIL146C YDR210W-B,0.0,NA,0.1494162380695343,2843,4955,26086,7,0.8535894485261574,0.3645806617081303,0.9975438596491228,0.15962758931735446,0.8403724106826456
26093,YHR216W YLR154C,0.0,NA,0.149509996175766,2843,4954,26087,7,0.8536189548847777,0.3646274208028729,0.9975438596491228,0.1595953738603782,0.8404046261396217
26094,YDR034C-D YPR144C,0.0,NA,0.14954057335853577,2843,4953,26088,7,0.853648461243398,0.3646741918932786,0.9975438596491228,0.15956315840340196,0.840436841596598
26095,tL(GAG)G YJL222W,0.0,NA,0.14957325160503387,2843,4952,26089,7,0.8536779676020182,0.36472097498396405,0.9975438596491228,0.1595309429464257,0.8404690570535743
26096,snR6 tG(CCC)D,0.0,NA,0.14975953102111816,2843,4951,26090,7,0.8537074739606385,0.36476777007954836,0.9975438596491228,0.15949872748944943,0.8405012725105505
26097,YJL041W YHR200W,0.0,NA,0.14977701008319855,2843,4950,26091,7,0.8537369803192588,0.3648145771846529,0.9975438596491228,0.15946651203247317,0.8405334879675268
26098,YDR235W YBR181C,0.0,NA,0.14986634254455566,2843,4949,26092,7,0.8537664866778791,0.36486139630390146,0.9975438596491228,0.15943429657549693,0.8405657034245031
26099,YDR402C YDR523C,0.0,NA,0.14988669753074646,2843,4948,26093,7,0.8537959930364993,0.36490822744192014,0.9975438596491228,0.15940208111852067,0.8405979188814794
26100,YJR094W-A YJR077C,0.0,NA,0.1499212384223938,2843,4947,26094,7,0.8538254993951196,0.3649550706033376,0.9975438596491228,0.1593698656615444,0.8406301343384556
26101,Q0160 YLR055C,0.0,NA,0.14995431900024414,2843,4946,26095,7,0.85385500575374,0.3650019257927847,0.9975438596491228,0.15933765020456817,0.8406623497954319
26102,YDL003W YNR058W,0.0,NA,0.15007343888282776,2843,4945,26096,7,0.8538845121123602,0.36504879301489473,0.9975438596491228,0.1593054347475919,0.8406945652524082
26103,YMR227C YOL140W,0.0,NA,0.15010607242584229,2843,4944,26097,7,0.8539140184709805,0.36509567227430334,0.9975438596491228,0.15927321929061564,0.8407267807093843
26104,YMR013C YLR340W,0.0,NA,0.15027031302452087,2843,4943,26098,7,0.8539435248296008,0.3651425635756486,0.9975438596491228,0.15924100383363937,0.8407589961663606
26105,YDR151C YPR078C,0.0,NA,0.15028131008148193,2843,4942,26099,7,0.8539730311882211,0.36518946692357096,0.9975438596491228,0.15920878837666314,0.8407912116233369
26106,YDL063C YIR001C,0.0,NA,0.15038934350013733,2843,4941,26100,7,0.8540025375468413,0.36523638232271327,0.9975438596491228,0.15917657291968687,0.8408234270803131
26107,YJL059W YIL064W,0.0,NA,0.15039163827896118,2843,4940,26101,7,0.8540320439054616,0.36528330977772067,0.9975438596491228,0.1591443574627106,0.8408556425372894
26108,YGL175C YPL008W,0.0,NA,0.15042687952518463,2843,4939,26102,7,0.8540615502640819,0.3653302492932408,0.9975438596491228,0.15911214200573434,0.8408878579942657
26109,YIL047C YER059W,0.0,NA,0.15045717358589172,2843,4938,26103,7,0.8540910566227022,0.36537720087392367,0.9975438596491228,0.1590799265487581,0.8409200734512419
26110,YER178W YOR091W,0.0,NA,0.15046796202659607,2843,4937,26104,7,0.8541205629813224,0.3654241645244216,0.9975438596491228,0.15904771109178184,0.8409522889082182
26111,YER107C YDL179W,0.0,NA,0.15052151679992676,2843,4936,26105,7,0.8541500693399428,0.36547114024938937,0.9975438596491228,0.15901549563480558,0.8409845043651945
26112,YJL056C YOR343W-A,0.0,NA,0.15053831040859222,2843,4935,26106,7,0.8541795756985631,0.36551812805348416,0.9975438596491228,0.1589832801778293,0.8410167198221706
26113,tA(AGC)M1 YGL234W,0.0,NA,0.15059292316436768,2843,4934,26107,7,0.8542090820571834,0.3655651279413656,0.9975438596491228,0.15895106472085307,0.8410489352791469
26114,YER114C YPL253C,0.0,NA,0.1506195217370987,2843,4933,26108,7,0.8542385884158036,0.3656121399176955,0.9975438596491228,0.1589188492638768,0.8410811507361232
26115,YJL106W YHR113W,0.0,NA,0.150680810213089,2843,4932,26109,7,0.8542680947744239,0.36565916398713827,0.9975438596491228,0.15888663380690055,0.8411133661930994
26116,YOR315W YHL003C,0.0,NA,0.15076790750026703,2843,4931,26110,7,0.8542976011330442,0.36570620015436067,0.9975438596491228,0.15885441834992428,0.8411455816500757
26117,YGL192W YDR098C-A,0.0,NA,0.15091383457183838,2843,4930,26111,7,0.8543271074916644,0.3657532484240319,0.9975438596491228,0.15882220289294804,0.841177797107052
26118,Q0045 YDR183W,0.0,NA,0.15091511607170105,2843,4929,26112,7,0.8543566138502847,0.3658003088008235,0.9975438596491228,0.15878998743597178,0.8412100125640283
26119,YHL022C YDL170W,0.0,NA,0.15100033581256866,2843,4928,26113,7,0.854386120208905,0.36584738128940936,0.9975438596491228,0.15875777197899552,0.8412422280210045
26120,YJL029C YDR084C,0.0,NA,0.1511659175157547,2843,4927,26114,7,0.8544156265675253,0.3658944658944659,0.9975438596491228,0.15872555652201925,0.8412744434779807
26121,YNL213C YOR266W,1.0,NA,0.15117600560188293,2842,4927,26114,8,0.854386120208905,0.3658128459261166,0.9971929824561403,0.15872555652201925,0.8412744434779807
26122,YJR062C YPL082C,0.0,NA,0.15126162767410278,2842,4926,26115,8,0.8544156265675253,0.365859938208033,0.9971929824561403,0.15869334106504301,0.841306658934957
26123,YGL175C YNL302C,0.0,NA,0.15126186609268188,2842,4925,26116,8,0.8544451329261455,0.3659070426161967,0.9971929824561403,0.15866112560806675,0.8413388743919332
26124,YOR377W YIL083C,0.0,NA,0.15127472579479218,2842,4924,26117,8,0.8544746392847659,0.3659541591552923,0.9971929824561403,0.15862891015109049,0.8413710898489095
26125,YOR107W YIL115C,0.0,NA,0.15129414200782776,2842,4923,26118,8,0.8545041456433862,0.36600128783000646,0.9971929824561403,0.15859669469411425,0.8414033053058858
26126,YOL102C YBR176W,0.0,NA,0.15132687985897064,2842,4922,26119,8,0.8545336520020065,0.36604842864502835,0.9971929824561403,0.15856447923713798,0.841435520762862
26127,YML013W YCR094W,0.0,NA,0.15137024223804474,2842,4921,26120,8,0.8545631583606267,0.36609558160504957,0.9971929824561403,0.15853226378016172,0.8414677362198383
26128,YML102W YHR058C,0.0,NA,0.15146735310554504,2842,4920,26121,8,0.854592664719247,0.3661427467147642,0.9971929824561403,0.15850004832318546,0.8414999516768146
26129,YOR343W-A YPR121W,0.0,NA,0.15154150128364563,2842,4919,26122,8,0.8546221710778673,0.3661899239788687,0.9971929824561403,0.15846783286620922,0.8415321671337908
26130,YGR274C snR44,0.0,NA,0.151595801115036,2842,4918,26123,8,0.8546516774364875,0.36623711340206183,0.9971929824561403,0.15843561740923295,0.841564382590767
26131,YDR164C YOR324C,0.0,NA,0.15163709223270416,2842,4917,26124,8,0.8546811837951078,0.36628431498904496,0.9971929824561403,0.1584034019522567,0.8415965980477433
26132,YMR021C YGR251W,0.0,NA,0.1516958475112915,2842,4916,26125,8,0.8547106901537281,0.3663315287445218,0.9971929824561403,0.15837118649528042,0.8416288135047195
26133,YOR267C YHR068W,0.0,NA,0.15173950791358948,2842,4915,26126,8,0.8547401965123484,0.3663787546731984,0.9971929824561403,0.1583389710383042,0.8416610289616958
26134,YBR290W YDL230W,0.0,NA,0.15184514224529266,2842,4914,26127,8,0.8547697028709687,0.3664259927797834,0.9971929824561403,0.15830675558132792,0.8416932444186721
26135,YHR158C YPR132W,0.0,NA,0.1518505960702896,2842,4913,26128,8,0.854799209229589,0.36647324306898776,0.9971929824561403,0.15827454012435166,0.8417254598756483
26136,YKL188C YGL153W,0.0,NA,0.15187986195087433,2842,4912,26129,8,0.8548287155882093,0.3665205055455249,0.9971929824561403,0.1582423246673754,0.8417576753326246
26137,YCR042C YPL257W-B,0.0,NA,0.1520451307296753,2842,4911,26130,8,0.8548582219468296,0.3665677802141107,0.9971929824561403,0.15821010921039916,0.8417898907896009
26138,YPL208W YPL270W,0.0,NA,0.15207360684871674,2842,4910,26131,8,0.8548877283054498,0.36661506707946334,0.9971929824561403,0.1581778937534229,0.8418221062465772
26139,YDR460W YIR021W,0.0,NA,0.15209075808525085,2842,4909,26132,8,0.8549172346640701,0.3666623661463037,0.9971929824561403,0.15814567829644663,0.8418543217035533
26140,YOR207C YGR227W,0.0,NA,0.1521892100572586,2842,4908,26133,8,0.8549467410226904,0.36670967741935484,0.9971929824561403,0.15811346283947036,0.8418865371605296
26141,YNR041C YDL215C,0.0,NA,0.1522352248430252,2842,4907,26134,8,0.8549762473813107,0.36675700090334235,0.9971929824561403,0.15808124738249413,0.8419187526175059
26142,YKL046C YPL018W,0.0,NA,0.15223555266857147,2842,4906,26135,8,0.8550057537399309,0.36680433660299433,0.9971929824561403,0.15804903192551786,0.8419509680744821
26143,YGR221C YLR430W,0.0,NA,0.15223953127861023,2842,4905,26136,8,0.8550352600985512,0.3668516845230412,0.9971929824561403,0.1580168164685416,0.8419831835314584
26144,YGL039W YDL124W,0.0,NA,0.15244001150131226,2842,4904,26137,8,0.8550647664571716,0.3668990446682159,0.9971929824561403,0.15798460101156536,0.8420153989884347
26145,YOR234C YDL028C,0.0,NA,0.1524946540594101,2842,4903,26138,8,0.8550942728157918,0.3669464170432537,0.9971929824561403,0.1579523855545891,0.8420476144454109
26146,YJR141W tQ(CUG)M,0.0,NA,0.1525389552116394,2842,4902,26139,8,0.8551237791744121,0.3669938016528926,0.9971929824561403,0.15792017009761283,0.8420798299023872
26147,YJL059W YER098W,0.0,NA,0.15256710350513458,2842,4901,26140,8,0.8551532855330324,0.36704119850187267,0.9971929824561403,0.15788795464063657,0.8421120453593635
26148,YDR073W YNL330C,0.0,NA,0.15294449031352997,2842,4900,26141,8,0.8551827918916527,0.3670886075949367,0.9971929824561403,0.15785573918366033,0.8421442608163396
26149,YJR066W YPR129W,0.0,NA,0.15294715762138367,2842,4899,26142,8,0.8552122982502729,0.3671360289368299,0.9971929824561403,0.15782352372668407,0.8421764762733159
26150,YBR126C YGR286C,0.0,NA,0.15309777855873108,2842,4898,26143,8,0.8552418046088932,0.3671834625322997,0.9971929824561403,0.1577913082697078,0.8422086917302922
26151,YHR133C snR13,0.0,NA,0.15313081443309784,2842,4897,26144,8,0.8552713109675135,0.3672309083860964,0.9971929824561403,0.15775909281273154,0.8422409071872684
26152,YAR014C YOR192C-B,0.0,NA,0.15318338572978973,2842,4896,26145,8,0.8553008173261338,0.36727836650297235,0.9971929824561403,0.1577268773557553,0.8422731226442447
26153,YOR195W YER133W,0.0,NA,0.1532372534275055,2842,4895,26146,8,0.855330323684754,0.36732583688768256,0.9971929824561403,0.15769466189877904,0.842305338101221
26154,YGL091C YMR198W,0.0,NA,0.1533907800912857,2842,4894,26147,8,0.8553598300433743,0.3673733195449845,0.9971929824561403,0.15766244644180277,0.8423375535581972
26155,YMR232W YDR093W,0.0,NA,0.15342320501804352,2842,4893,26148,8,0.8553893364019947,0.36742081447963804,0.9971929824561403,0.1576302309848265,0.8423697690151735
26156,tA(AGC)D YJL115W,0.0,NA,0.15342992544174194,2842,4892,26149,8,0.8554188427606149,0.3674683216964055,0.9971929824561403,0.15759801552785027,0.8424019844721498
26157,YOL162W YJR033C,0.0,NA,0.1534445434808731,2842,4891,26150,8,0.8554483491192352,0.3675158412000517,0.9971929824561403,0.157565800070874,0.842434199929126
26158,YDL040C YHR111W,0.0,NA,0.1534978747367859,2842,4890,26151,8,0.8554778554778555,0.36756337299534403,0.9971929824561403,0.15753358461389774,0.8424664153861022
26159,YJR004C YOR250C,0.0,NA,0.15358662605285645,2842,4889,26152,8,0.8555073618364758,0.3676109170870521,0.9971929824561403,0.15750136915692148,0.8424986308430785
26160,YOR328W YNL141W,0.0,NA,0.15379638969898224,2842,4888,26153,8,0.855536868195096,0.36765847347994823,0.9971929824561403,0.15746915369994524,0.8425308463000548
26161,YDR009W YKL032C,0.0,NA,0.15390582382678986,2842,4887,26154,8,0.8555663745537163,0.3677060421788071,0.9971929824561403,0.15743693824296898,0.842563061757031
26162,YNL110C YDR084C,0.0,NA,0.15400579571723938,2842,4886,26155,8,0.8555958809123366,0.3677536231884058,0.9971929824561403,0.1574047227859927,0.8425952772140073
26163,YGR261C YDR392W,0.0,NA,0.15407392382621765,2842,4885,26156,8,0.8556253872709569,0.367801216513524,0.9971929824561403,0.15737250732901648,0.8426274926709836
26164,YHR063C YNR041C,0.0,NA,0.15415991842746735,2842,4884,26157,8,0.8556548936295771,0.3678488221589438,0.9971929824561403,0.1573402918720402,0.8426597081279598
26165,YKL135C YOR305W,0.0,NA,0.15421204268932343,2842,4883,26158,8,0.8556843999881975,0.36789644012944983,0.9971929824561403,0.15730807641506395,0.842691923584936
26166,YNL016W YNL231C,0.0,NA,0.15423491597175598,2842,4882,26159,8,0.8557139063468178,0.36794407042982913,0.9971929824561403,0.15727586095808768,0.8427241390419123
26167,YML064C YLR153C,0.0,NA,0.1543085128068924,2842,4881,26160,8,0.855743412705438,0.36799171306487116,0.9971929824561403,0.15724364550111145,0.8427563544988885
26168,YJR003C YDL079C,0.0,NA,0.15445831418037415,2842,4880,26161,8,0.8557729190640583,0.36803936803936804,0.9971929824561403,0.15721143004413518,0.8427885699558648
26169,YJL097W YDR385W,0.0,NA,0.15449650585651398,2842,4879,26162,8,0.8558024254226786,0.3680870353581142,0.9971929824561403,0.15717921458715892,0.8428207854128411
26170,YLR448W tQ(UUG)B,0.0,NA,0.15449900925159454,2842,4878,26163,8,0.8558319317812989,0.3681347150259067,0.9971929824561403,0.15714699913018265,0.8428530008698173
26171,YDR122W YDL185W,0.0,NA,0.15451166033744812,2842,4877,26164,8,0.8558614381399191,0.368182407047545,0.9971929824561403,0.15711478367320642,0.8428852163267936
26172,YDL047W YGR206W,0.0,NA,0.15459030866622925,2842,4876,26165,8,0.8558909444985394,0.368230111427831,0.9971929824561403,0.15708256821623015,0.8429174317837699
26173,snR66 YLR074C,0.0,NA,0.15463539958000183,2842,4875,26166,8,0.8559204508571597,0.3682778281715693,0.9971929824561403,0.1570503527592539,0.8429496472407461
26174,YDR517W YNL289W,0.0,NA,0.15499833226203918,2842,4874,26167,8,0.85594995721578,0.36832555728356664,0.9971929824561403,0.15701813730227762,0.8429818626977224
26175,YBL027W YGR074W,0.0,NA,0.1551351547241211,2842,4873,26168,8,0.8559794635744002,0.3683732987686325,0.9971929824561403,0.15698592184530138,0.8430140781546986
26176,YNL068C YGL215W,0.0,NA,0.1551431566476822,2842,4872,26169,8,0.8560089699330206,0.3684210526315789,0.9971929824561403,0.15695370638832512,0.8430462936116749
26177,YNL025C YER120W,0.0,NA,0.15519042313098907,2842,4871,26170,8,0.8560384762916409,0.36846881887722027,0.9971929824561403,0.15692149093134886,0.8430785090686511
26178,YLR098C snR33,0.0,NA,0.1552232801914215,2842,4870,26171,8,0.8560679826502612,0.36851659751037347,0.9971929824561403,0.1568892754743726,0.8431107245256274
26179,YPL110C YKL025C,0.0,NA,0.15525220334529877,2842,4869,26172,8,0.8560974890088814,0.3685643885358579,0.9971929824561403,0.15685706001739635,0.8431429399826037
26180,YMR255W YJL170C,0.0,NA,0.1552688330411911,2842,4868,26173,8,0.8561269953675017,0.3686121919584955,0.9971929824561403,0.1568248445604201,0.8431751554395799
26181,YDR354W Q0045,0.0,NA,0.15528921782970428,2842,4867,26174,8,0.856156501726122,0.36866000778311064,0.9971929824561403,0.15679262910344383,0.8432073708965562
26182,YFL002W-B YCR106W,0.0,NA,0.15542596578598022,2842,4866,26175,8,0.8561860080847422,0.36870783601453033,0.9971929824561403,0.15676041364646756,0.8432395863535325
26183,YBR265W YMR108W,0.0,NA,0.1554948091506958,2842,4865,26176,8,0.8562155144433625,0.368755676657584,0.9971929824561403,0.15672819818949132,0.8432718018105086
26184,YDR503C YBR067C,0.0,NA,0.1555558741092682,2842,4864,26177,8,0.8562450208019828,0.36880352971710356,0.9971929824561403,0.15669598273251506,0.8433040172674849
26185,YER170W YLR115W,0.0,NA,0.15558870136737823,2842,4863,26178,8,0.8562745271606031,0.3688513951979234,0.9971929824561403,0.1566637672755388,0.8433362327244612
26186,YPR011C YOL115W,0.0,NA,0.15567165613174438,2842,4862,26179,8,0.8563040335192234,0.3688992731048806,0.9971929824561403,0.15663155181856256,0.8433684481814374
26187,YGR042W YML042W,0.0,NA,0.15573202073574066,2842,4861,26180,8,0.8563335398778437,0.3689471634428145,0.9971929824561403,0.1565993363615863,0.8434006636384137
26188,YPL140C YLR212C,0.0,NA,0.15576881170272827,2842,4860,26181,8,0.856363046236464,0.36899506621656714,0.9971929824561403,0.15656712090461003,0.84343287909539
26189,YDL109C YDR153C,0.0,NA,0.15585508942604065,2842,4859,26182,8,0.8563925525950843,0.36904298143098296,0.9971929824561403,0.15653490544763377,0.8434650945523662
26190,YOR281C YBR176W,0.0,NA,0.1558673232793808,2842,4858,26183,8,0.8564220589537045,0.3690909090909091,0.9971929824561403,0.15650268999065753,0.8434973100093425
26191,YGR251W YGR077C,0.0,NA,0.1559319645166397,2842,4857,26184,8,0.8564515653123248,0.36913884920119494,0.9971929824561403,0.15647047453368126,0.8435295254663188
26192,tN(GUU)K YBR278W,0.0,NA,0.15595193207263947,2842,4856,26185,8,0.8564810716709451,0.36918680176669266,0.9971929824561403,0.156438259076705,0.843561740923295
26193,YBR207W YNL164C,0.0,NA,0.15603645145893097,2842,4855,26186,8,0.8565105780295653,0.3692347667922567,0.9971929824561403,0.15640604361972874,0.8435939563802712
26194,YMR100W YOR124C,0.0,NA,0.15603771805763245,2842,4854,26187,8,0.8565400843881856,0.36928274428274427,0.9971929824561403,0.1563738281627525,0.8436261718372475
26195,YBR107C YKR031C,0.0,NA,0.15607325732707977,2842,4853,26188,8,0.8565695907468059,0.36933073424301494,0.9971929824561403,0.15634161270577623,0.8436583872942238
26196,YNL149C YMR012W,0.0,NA,0.15608258545398712,2842,4852,26189,8,0.8565990971054263,0.36937873667793086,0.9971929824561403,0.15630939724879997,0.8436906027512
26197,YPR104C YDL063C,0.0,NA,0.1561395227909088,2842,4851,26190,8,0.8566286034640465,0.36942675159235666,0.9971929824561403,0.1562771817918237,0.8437228182081763
26198,YNL227C YMR297W,0.0,NA,0.15639694035053253,2842,4850,26191,8,0.8566581098226668,0.36947477899115966,0.9971929824561403,0.15624496633484747,0.8437550336651526
26199,YKL070W YOL049W,0.0,NA,0.15650273859500885,2842,4849,26192,8,0.8566876161812871,0.36952281887920946,0.9971929824561403,0.1562127508778712,0.8437872491221288
26200,YCL020W YGL002W,0.0,NA,0.1565619558095932,2842,4848,26193,8,0.8567171225399074,0.3695708712613784,0.9971929824561403,0.15618053542089494,0.8438194645791051
26201,YPR021C YNL313C,0.0,NA,0.15680702030658722,2842,4847,26194,8,0.8567466288985276,0.36961893614254127,0.9971929824561403,0.15614831996391867,0.8438516800360814
26202,YDR181C YGL025C,0.0,NA,0.15691454708576202,2842,4846,26195,8,0.8567761352571479,0.3696670135275754,0.9971929824561403,0.15611610450694244,0.8438838954930575
26203,tQ(UUG)E2 YOR288C,0.0,NA,0.15691658854484558,2842,4845,26196,8,0.8568056416157682,0.3697151034213607,0.9971929824561403,0.15608388904996617,0.8439161109500338
26204,YBR058C YGR140W,0.0,NA,0.15695005655288696,2842,4844,26197,8,0.8568351479743885,0.3697632058287796,0.9971929824561403,0.1560516735929899,0.8439483264070101
26205,YDR021W YDL043C,0.0,NA,0.1570691615343094,2842,4843,26198,8,0.8568646543330087,0.36981132075471695,0.9971929824561403,0.15601945813601367,0.8439805418639863
26206,YMR152W YNL330C,0.0,NA,0.15713036060333252,2842,4842,26199,8,0.856894160691629,0.36985944820406036,0.9971929824561403,0.1559872426790374,0.8440127573209626
26207,YDR166C snR36,0.0,NA,0.15714409947395325,2842,4841,26200,8,0.8569236670502494,0.36990758818169983,0.9971929824561403,0.15595502722206114,0.8440449727779389
26208,YOR324C YPR191W,0.0,NA,0.15720950067043304,2842,4840,26201,8,0.8569531734088696,0.369955740692528,0.9971929824561403,0.15592281176508488,0.8440771882349151
26209,YML035C YBR258C,0.0,NA,0.15724200010299683,2842,4839,26202,8,0.8569826797674899,0.37000390574143993,0.9971929824561403,0.15589059630810864,0.8441094036918914
26210,YBR216C YHR086W,0.0,NA,0.15742355585098267,2842,4838,26203,8,0.8570121861261102,0.37005208333333334,0.9971929824561403,0.15585838085113238,0.8441416191488677
26211,YMR173W YIL156W,0.0,NA,0.1574467569589615,2842,4837,26204,8,0.8570416924847305,0.3701002734731085,0.9971929824561403,0.1558261653941561,0.8441738346058438
26212,YBR016W YIL145C,0.0,NA,0.1575058549642563,2842,4836,26205,8,0.8570711988433507,0.37014847616566815,0.9971929824561403,0.15579394993717985,0.8442060500628201
26213,YML052W YKL156W,0.0,NA,0.15752452611923218,2842,4835,26206,8,0.857100705201971,0.37019669141591766,0.9971929824561403,0.1557617344802036,0.8442382655197964
26214,YFL013C YKL189W,0.0,NA,0.15754592418670654,2842,4834,26207,8,0.8571302115605913,0.37024491922876496,0.9971929824561403,0.15572951902322735,0.8442704809767727
26215,YDR093W YML107C,0.0,NA,0.1575486809015274,2842,4833,26208,8,0.8571597179192116,0.3702931596091205,0.9971929824561403,0.15569730356625108,0.8443026964337489
26216,YFL002W-B YJR066W,0.0,NA,0.1576041430234909,2842,4832,26209,8,0.8571892242778318,0.37034141256189734,0.9971929824561403,0.15566508810927482,0.8443349118907252
26217,YKL046C YPL234C,0.0,NA,0.15775762498378754,2842,4831,26210,8,0.8572187306364522,0.37038967809201095,0.9971929824561403,0.15563287265229858,0.8443671273477015
26218,YOR064C YDR411C,0.0,NA,0.1577606052160263,2842,4830,26211,8,0.8572482369950725,0.3704379562043796,0.9971929824561403,0.15560065719532232,0.8443993428046777
26219,YPL031C YJR141W,0.0,NA,0.1578320562839508,2842,4829,26212,8,0.8572777433536927,0.37048624690392384,0.9971929824561403,0.15556844173834605,0.844431558261654
26220,YJL033W YGR027W-A,0.0,NA,0.15802857279777527,2842,4828,26213,8,0.857307249712313,0.37053455019556714,0.9971929824561403,0.1555362262813698,0.8444637737186302
26221,YPR042C YDR434W,0.0,NA,0.15813399851322174,2842,4827,26214,8,0.8573367560709333,0.37058286608423524,0.9971929824561403,0.15550401082439355,0.8444959891756064
26222,snR62 YPR078C,0.0,NA,0.15816406905651093,2842,4826,26215,8,0.8573662624295536,0.37063119457485655,0.9971929824561403,0.1554717953674173,0.8445282046325827
26223,YER008C YOL016C,0.0,NA,0.15833798050880432,2842,4825,26216,8,0.8573957687881738,0.37067953567236206,0.9971929824561403,0.15543957991044102,0.844560420089559
26224,YER100W YDL063C,0.0,NA,0.1584659218788147,2842,4824,26217,8,0.8574252751467941,0.3707278893816854,0.9971929824561403,0.15540736445346479,0.8445926355465352
26225,YBR188C YNL123W,0.0,NA,0.15859365463256836,2842,4823,26218,8,0.8574547815054144,0.37077625570776257,0.9971929824561403,0.15537514899648852,0.8446248510035115
26226,YBR238C tR(UCU)M2,0.0,NA,0.15872734785079956,2842,4822,26219,8,0.8574842878640347,0.37082463465553234,0.9971929824561403,0.15534293353951226,0.8446570664604878
26227,YPL045W YFR037C,0.0,NA,0.15876244008541107,2842,4821,26220,8,0.857513794222655,0.37087302622993606,0.9971929824561403,0.155310718082536,0.844689281917464
26228,YDR023W YNL042W,0.0,NA,0.15876460075378418,2842,4820,26221,8,0.8575433005812753,0.3709214304359175,0.9971929824561403,0.15527850262555976,0.8447214973744402
26229,YCL011C YBL041W,0.0,NA,0.15879517793655396,2842,4819,26222,8,0.8575728069398956,0.3709698472784232,0.9971929824561403,0.1552462871685835,0.8447537128314165
26230,YOR083W snR66,0.0,NA,0.15881222486495972,2842,4818,26223,8,0.8576023132985159,0.37101827676240207,0.9971929824561403,0.15521407171160723,0.8447859282883927
26231,YPR107C YMR172W,0.0,NA,0.1588800698518753,2842,4817,26224,8,0.8576318196571361,0.37106671889280585,0.9971929824561403,0.15518185625463096,0.844818143745369
26232,YGR229C YJL060W,0.0,NA,0.15889227390289307,2842,4816,26225,8,0.8576613260157564,0.3711151736745887,0.9971929824561403,0.15514964079765473,0.8448503592023453
26233,YGR089W YLR242C,0.0,NA,0.15890628099441528,2842,4815,26226,8,0.8576908323743767,0.37116364111270733,0.9971929824561403,0.15511742534067846,0.8448825746593216
26234,YPL058C YBR217W,0.0,NA,0.1589859127998352,2842,4814,26227,8,0.8577203387329969,0.3712121212121212,0.9971929824561403,0.1550852098837022,0.8449147901162978
26235,YCL029C YPR185W,0.0,NA,0.15904787182807922,2842,4813,26228,8,0.8577498450916172,0.3712606139777923,0.9971929824561403,0.15505299442672593,0.8449470055732741
26236,YBR080C YOR343W-A,0.0,NA,0.1591649353504181,2842,4812,26229,8,0.8577793514502375,0.37130911941468514,0.9971929824561403,0.1550207789697497,0.8449792210302504
26237,YML039W YGR041W,0.0,NA,0.15920957922935486,2842,4811,26230,8,0.8578088578088578,0.3713576375277669,0.9971929824561403,0.15498856351277343,0.8450114364872265
26238,YJR110W YBR055C,0.0,NA,0.1593078076839447,2842,4810,26231,8,0.857838364167478,0.3714061683220073,0.9971929824561403,0.15495634805579717,0.8450436519442028
26239,YBR195C YPL266W,0.0,NA,0.15945632755756378,2842,4809,26232,8,0.8578678705260984,0.37145471180237877,0.9971929824561403,0.1549241325988209,0.8450758674011791
26240,YGR147C YER074W-A,0.0,NA,0.15946385264396667,2842,4808,26233,8,0.8578973768847187,0.3715032679738562,0.9971929824561403,0.15489191714184466,0.8451080828581553
26241,YCR042C tA(UGC)A,0.0,NA,0.1594935655593872,2842,4807,26234,8,0.857926883243339,0.3715518368414172,0.9971929824561403,0.1548597016848684,0.8451402983151316
26242,YDL106C YKL214C,0.0,NA,0.15950436890125275,2842,4806,26235,8,0.8579563896019592,0.3716004184100418,0.9971929824561403,0.15482748622789214,0.8451725137721079
26243,YDR364C YDR498C,0.0,NA,0.15951237082481384,2842,4805,26236,8,0.8579858959605795,0.37164901268471295,0.9971929824561403,0.1547952707709159,0.8452047292290841
26244,YIL096C YBR098W,0.0,NA,0.15958546102046967,2842,4804,26237,8,0.8580154023191998,0.3716976196704159,0.9971929824561403,0.15476305531393963,0.8452369446860604
26245,YLL058W YNL062C,0.0,NA,0.15959200263023376,2842,4803,26238,8,0.85804490867782,0.37174623937213863,0.9971929824561403,0.15473083985696337,0.8452691601430367
26246,YOR359W YOR133W,0.0,NA,0.15959477424621582,2842,4802,26239,8,0.8580744150364403,0.3717948717948718,0.9971929824561403,0.1546986243999871,0.8453013756000128
26247,YLR095C YBR015C,0.0,NA,0.1597946137189865,2842,4801,26240,8,0.8581039213950606,0.3718435169436085,0.9971929824561403,0.15466640894301087,0.8453335910569891
26248,YLR144C YBR252W,0.0,NA,0.1598774492740631,2842,4800,26241,8,0.858133427753681,0.3718921748233447,0.9971929824561403,0.1546341934860346,0.8453658065139654
26249,YIL029C YEL062W,0.0,NA,0.15999196469783783,2842,4799,26242,8,0.8581629341123012,0.3719408454390787,0.9971929824561403,0.15460197802905834,0.8453980219709416
26250,YOR320C YOR377W,0.0,NA,0.16007041931152344,2842,4798,26243,8,0.8581924404709215,0.37198952879581154,0.9971929824561403,0.15456976257208208,0.8454302374279179
26251,YDR317W YGR191W,0.0,NA,0.16043218970298767,2842,4797,26244,8,0.8582219468295418,0.37203822489854693,0.9971929824561403,0.15453754711510584,0.8454624528848942
26252,YDL240W YER137C-A,0.0,NA,0.16045129299163818,2842,4796,26245,8,0.8582514531881621,0.3720869337522912,0.9971929824561403,0.15450533165812957,0.8454946683418705
26253,YEL029C YMR039C,0.0,NA,0.16073094308376312,2842,4795,26246,8,0.8582809595467823,0.3721356553620532,0.9971929824561403,0.1544731162011533,0.8455268837988467
26254,YPL081W YCL025C,0.0,NA,0.1608346700668335,2842,4794,26247,8,0.8583104659054026,0.3721843897328444,0.9971929824561403,0.15444090074417705,0.845559099255823
26255,YLL002W YJR059W,0.0,NA,0.16092351078987122,2842,4793,26248,8,0.8583399722640229,0.3722331368696791,0.9971929824561403,0.1544086852872008,0.8455913147127992
26256,YCR018C YGL211W,0.0,NA,0.16105160117149353,2842,4792,26249,8,0.8583694786226432,0.372281896777574,0.9971929824561403,0.15437646983022454,0.8456235301697754
26257,YDR013W YLL035W,0.0,NA,0.16118493676185608,2842,4791,26250,8,0.8583989849812634,0.3723306694615485,0.9971929824561403,0.15434425437324828,0.8456557456267517
26258,YDR003W YGL089C,0.0,NA,0.16123101115226746,2842,4790,26251,8,0.8584284913398837,0.3723794549266247,0.9971929824561403,0.15431203891627202,0.845687961083728
26259,YOR338W YOR103C,0.0,NA,0.1612323373556137,2842,4789,26252,8,0.8584579976985041,0.3724282531778273,0.9971929824561403,0.15427982345929578,0.8457201765407042
26260,YKL062W YGR170W,0.0,NA,0.1613580286502838,2842,4788,26253,8,0.8584875040571243,0.3724770642201835,0.9971929824561403,0.15424760800231951,0.8457523919976805
26261,YDR334W YDR098C-A,0.0,NA,0.16138550639152527,2842,4787,26254,8,0.8585170104157446,0.3725258880587233,0.9971929824561403,0.15421539254534325,0.8457846074546568
26262,YFL034C-B YOR007C,0.0,NA,0.1615961790084839,2842,4786,26255,8,0.8585465167743649,0.3725747246984793,0.9971929824561403,0.15418317708836698,0.845816822911633
26263,YIL080W YBR176W,0.0,NA,0.16177931427955627,2842,4785,26256,8,0.8585760231329852,0.3726235741444867,0.9971929824561403,0.15415096163139075,0.8458490383686093
26264,YDR439W YDL079C,0.0,NA,0.16178351640701294,2842,4784,26257,8,0.8586055294916054,0.3726724364017834,0.9971929824561403,0.15411874617441448,0.8458812538255855
26265,YIL124W YPL112C,0.0,NA,0.16182836890220642,2842,4783,26258,8,0.8586350358502257,0.3727213114754098,0.9971929824561403,0.15408653071743822,0.8459134692825617
26266,YEL058W YPL057C,0.0,NA,0.1618371605873108,2842,4782,26259,8,0.858664542208846,0.3727701993704092,0.9971929824561403,0.15405431526046198,0.845945684739538
26267,YPL274W YLR022C,0.0,NA,0.16203774511814117,2842,4781,26260,8,0.8586940485674663,0.37281910009182734,0.9971929824561403,0.15402209980348572,0.8459779001965143
26268,YHR040W YGR197C,0.0,NA,0.16204452514648438,2842,4780,26261,8,0.8587235549260865,0.37286801364471267,0.9971929824561403,0.15398988434650945,0.8460101156534905
26269,YHR065C YER013W,0.0,NA,0.16205176711082458,2842,4779,26262,8,0.8587530612847069,0.37291694003411624,0.9971929824561403,0.1539576688895332,0.8460423311104668
26270,YGL251C YDL215C,0.0,NA,0.16207341849803925,2842,4778,26263,8,0.8587825676433272,0.37296587926509184,0.9971929824561403,0.15392545343255695,0.8460745465674431
26271,YNL221C YIL125W,0.0,NA,0.16218169033527374,2842,4777,26264,8,0.8588120740019474,0.3730148313426959,0.9971929824561403,0.1538932379755807,0.8461067620244194
26272,YER169W YLR430W,0.0,NA,0.16221657395362854,2842,4776,26265,8,0.8588415803605677,0.3730637962719874,0.9971929824561403,0.15386102251860442,0.8461389774813955
26273,YPL012W YAL040C,0.0,NA,0.16231514513492584,2842,4775,26266,8,0.858871086719188,0.3731127740580281,0.9971929824561403,0.15382880706162816,0.8461711929383718
26274,YLR045C YDR382W,0.0,NA,0.1623682826757431,2842,4774,26267,8,0.8589005930778083,0.37316176470588236,0.9971929824561403,0.15379659160465192,0.8462034083953481
26275,YGL191W YDL124W,0.0,NA,0.16239944100379944,2842,4773,26268,8,0.8589300994364285,0.3732107682206172,0.9971929824561403,0.15376437614767566,0.8462356238523243
26276,YDR407C YNL241C,0.0,NA,0.16248488426208496,2842,4772,26269,8,0.8589596057950488,0.37325978460730236,0.9971929824561403,0.1537321606906994,0.8462678393093006
26277,YKR101W YOR257W,0.0,NA,0.1626703292131424,2842,4771,26270,8,0.8589891121536691,0.3733088138710101,0.9971929824561403,0.15369994523372313,0.8463000547662769
26278,YNL054W-B YNL085W,0.0,NA,0.1626863181591034,2842,4770,26271,8,0.8590186185122894,0.37335785601681554,0.9971929824561403,0.1536677297767469,0.8463322702232531
26279,YJL054W YDR150W,1.0,NA,0.16278226673603058,2841,4770,26271,9,0.8589891121536691,0.3732755222703981,0.9968421052631579,0.1536677297767469,0.8463322702232531
26280,YHR103W YDR210W-B,0.0,NA,0.1628313809633255,2841,4769,26272,9,0.8590186185122894,0.3733245729303548,0.9968421052631579,0.15363551431977063,0.8463644856802294
26281,YFR021W YAL009W,0.0,NA,0.16283774375915527,2841,4768,26273,9,0.8590481248709096,0.3733736364831121,0.9968421052631579,0.15360329886279436,0.8463967011372057
26282,YGL190C YDR285W,0.0,NA,0.16289113461971283,2841,4767,26274,9,0.85907763122953,0.37342271293375395,0.9968421052631579,0.1535710834058181,0.8464289165941818
26283,YHR154W YPR139C,0.0,NA,0.16289393603801727,2841,4766,26275,9,0.8591071375881503,0.37347180228736687,0.9968421052631579,0.15353886794884186,0.8464611320511581
26284,YPL137C YPL275W,0.0,NA,0.16291753947734833,2841,4765,26276,9,0.8591366439467706,0.37352090454904024,0.9968421052631579,0.1535066524918656,0.8464933475081344
26285,YEL066W YIL082W-A,0.0,NA,0.16314280033111572,2841,4764,26277,9,0.8591661503053908,0.3735700197238659,0.9968421052631579,0.15347443703488933,0.8465255629651106
26286,YOL121C YHR098C,0.0,NA,0.16332370042800903,2841,4763,26278,9,0.8591956566640111,0.37361914781693845,0.9968421052631579,0.1534422215779131,0.8465577784220869
26287,YPL194W YLR209C,0.0,NA,0.16336150467395782,2841,4762,26279,9,0.8592251630226314,0.37366828883335523,0.9968421052631579,0.15341000612093683,0.8465899938790632
26288,YMR099C YCL052C,0.0,NA,0.16340111196041107,2841,4761,26280,9,0.8592546693812516,0.3737174427782163,0.9968421052631579,0.15337779066396057,0.8466222093360394
26289,YGR041W YPL138C,0.0,NA,0.16340340673923492,2841,4760,26281,9,0.8592841757398719,0.3737666096566241,0.9968421052631579,0.1533455752069843,0.8466544247930157
26290,YDR170W-A YGR256W,0.0,NA,0.16371142864227295,2841,4759,26282,9,0.8593136820984922,0.3738157894736842,0.9968421052631579,0.15331335975000807,0.846686640249992
26291,YKL002W YML078W,0.0,NA,0.16373808681964874,2841,4758,26283,9,0.8593431884571126,0.37386498223450454,0.9968421052631579,0.1532811442930318,0.8467188557069683
26292,YGL063W YDR317W,0.0,NA,0.16380397975444794,2841,4757,26284,9,0.8593726948157328,0.37391418794419584,0.9968421052631579,0.15324892883605554,0.8467510711639444
26293,YBR084C-A YOR357C,0.0,NA,0.16393470764160156,2841,4756,26285,9,0.8594022011743531,0.37396340660787153,0.9968421052631579,0.15321671337907927,0.8467832866209207
26294,YGR204W YPR008W,0.0,NA,0.16394653916358948,2841,4755,26286,9,0.8594317075329734,0.37401263823064773,0.9968421052631579,0.15318449792210304,0.846815502077897
26295,YLR262C YIL010W,0.0,NA,0.16399912536144257,2841,4754,26287,9,0.8594612138915937,0.3740618828176432,0.9968421052631579,0.15315228246512677,0.8468477175348732
26296,YNL312W snR73,0.0,NA,0.16402703523635864,2841,4753,26288,9,0.8594907202502139,0.37411114037397947,0.9968421052631579,0.1531200670081505,0.8468799329918495
26297,YJL034W YJR076C,0.0,NA,0.16410012543201447,2841,4752,26289,9,0.8595202266088342,0.3741604109047807,0.9968421052631579,0.15308785155117424,0.8469121484488258
26298,YNL302C YNL255C,0.0,NA,0.16426962614059448,2841,4751,26290,9,0.8595497329674545,0.3742096944151739,0.9968421052631579,0.153055636094198,0.846944363905802
26299,YOR156C YDR263C,0.0,NA,0.1642838716506958,2841,4750,26291,9,0.8595792393260747,0.3742589909102885,0.9968421052631579,0.15302342063722174,0.8469765793627783
26300,YDL135C Q0110,0.0,NA,0.16433300077915192,2841,4749,26292,9,0.859608745684695,0.3743083003952569,0.9968421052631579,0.15299120518024548,0.8470087948197546
26301,snR6 tL(UAA)J,0.0,NA,0.16437530517578125,2841,4748,26293,9,0.8596382520433153,0.3743576228752141,0.9968421052631579,0.1529589897232692,0.8470410102767307
26302,YDR081C YMR172W,0.0,NA,0.1644040197134018,2841,4747,26294,9,0.8596677584019357,0.37440695835529786,0.9968421052631579,0.15292677426629298,0.847073225733707
26303,YOR136W YLR306W,0.0,NA,0.1645425260066986,2841,4746,26295,9,0.8596972647605559,0.37445630684064846,0.9968421052631579,0.1528945588093167,0.8471054411906833
26304,YGR038W YDR466W,0.0,NA,0.16455717384815216,2841,4745,26296,9,0.8597267711191762,0.3745056683364092,0.9968421052631579,0.15286234335234045,0.8471376566476595
26305,YPL195W YDR188W,0.0,NA,0.16493895649909973,2841,4744,26297,9,0.8597562774777965,0.3745550428477258,0.9968421052631579,0.1528301278953642,0.8471698721046358
26306,YGR296W YLR325C,0.0,NA,0.1650020331144333,2841,4743,26298,9,0.8597857838364168,0.37460443037974683,0.9968421052631579,0.15279791243838795,0.8472020875616121
26307,YKR008W YDR044W,0.0,NA,0.16534127295017242,2841,4742,26299,9,0.859815290195037,0.3746538309376236,0.9968421052631579,0.15276569698141168,0.8472343030185883
26308,YOR368W YOL075C,0.0,NA,0.16534572839736938,2841,4741,26300,9,0.8598447965536573,0.37470324452651016,0.9968421052631579,0.15273348152443542,0.8472665184755646
26309,YDR480W YHR135C,0.0,NA,0.16543488204479218,2841,4740,26301,9,0.8598743029122776,0.37475267115156313,0.9968421052631579,0.15270126606745918,0.8472987339325408
26310,YIR015W YPL257W-A,0.0,NA,0.16546016931533813,2841,4739,26302,9,0.8599038092708978,0.37480211081794196,0.9968421052631579,0.15266905061048291,0.8473309493895171
26311,YFL017C snR31,0.0,NA,0.1655997633934021,2841,4738,26303,9,0.8599333156295181,0.37485156353080884,0.9968421052631579,0.15263683515350665,0.8473631648464933
26312,YAR050W YLR240W,0.0,NA,0.16571538150310516,2841,4737,26304,9,0.8599628219881384,0.3749010292953286,0.9968421052631579,0.15260461969653039,0.8473953803034696
26313,YOR087W YBL084C,0.0,NA,0.16597825288772583,2841,4736,26305,9,0.8599923283467588,0.37495050811666886,0.9968421052631579,0.15257240423955415,0.8474275957604459
26314,YJL219W YLL056C,0.0,NA,0.16600076854228973,2841,4735,26306,9,0.860021834705379,0.375,0.9968421052631579,0.15254018878257788,0.8474598112174221
26315,YJL068C YDL193W,0.0,NA,0.16601598262786865,2841,4734,26307,9,0.8600513410639993,0.37504950495049505,0.9968421052631579,0.15250797332560162,0.8474920266743984
26316,YLR227W-A YLR381W,0.0,NA,0.16604895889759064,2841,4733,26308,9,0.8600808474226196,0.3750990229733298,0.9968421052631579,0.15247575786862536,0.8475242421313747
26317,YOR046C YJL127C,0.0,NA,0.1661905199289322,2841,4732,26309,9,0.8601103537812399,0.3751485540736828,0.9968421052631579,0.15244354241164912,0.8475564575883509
26318,YER093C YDR065W,0.0,NA,0.16622234880924225,2841,4731,26310,9,0.8601398601398601,0.37519809825673534,0.9968421052631579,0.15241132695467285,0.8475886730453271
26319,YCL025C YBR203W,0.0,NA,0.1663229763507843,2841,4730,26311,9,0.8601693664984804,0.37524765552767136,0.9968421052631579,0.1523791114976966,0.8476208885023034
26320,YDL054C YGL016W,0.0,NA,0.16644291579723358,2841,4729,26312,9,0.8601988728571007,0.3752972258916777,0.9968421052631579,0.15234689604072033,0.8476531039592796
26321,YER159C-A YGL232W,0.0,NA,0.16656549274921417,2841,4728,26313,9,0.860228379215721,0.3753468093539437,0.9968421052631579,0.1523146805837441,0.8476853194162559
26322,YBR095C YHR153C,0.0,NA,0.1665675938129425,2841,4727,26314,9,0.8602578855743412,0.3753964059196617,0.9968421052631579,0.15228246512676782,0.8477175348732322
26323,YNL053W YDR110W,0.0,NA,0.16660423576831818,2841,4726,26315,9,0.8602873919329616,0.3754460155940267,0.9968421052631579,0.15225024966979156,0.8477497503302084
26324,YBR195C YLR017W,0.0,NA,0.166684091091156,2841,4725,26316,9,0.8603168982915819,0.3754956383822363,0.9968421052631579,0.1522180342128153,0.8477819657871847
26325,YML014W YPL274W,0.0,NA,0.16677474975585938,2841,4724,26317,9,0.8603464046502021,0.3755452742894911,0.9968421052631579,0.15218581875583906,0.847814181244161
26326,YCR016W YLR354C,0.0,NA,0.1668619066476822,2841,4723,26318,9,0.8603759110088224,0.3755949233209942,0.9968421052631579,0.1521536032988628,0.8478463967011372
26327,YLR453C YHR015W,0.0,NA,0.16688381135463715,2841,4722,26319,9,0.8604054173674427,0.3756445854819516,0.9968421052631579,0.15212138784188653,0.8478786121581134
26328,YPR095C YHR072W-A,0.0,NA,0.1669221967458725,2841,4721,26320,9,0.860434923726063,0.37569426077757206,0.9968421052631579,0.1520891723849103,0.8479108276150897
26329,YPL137C YCR068W,0.0,NA,0.16707976162433624,2841,4720,26321,9,0.8604644300846832,0.37574394921306703,0.9968421052631579,0.15205695692793403,0.847943043072066
26330,YOR107W YDR180W,0.0,NA,0.16709254682064056,2841,4719,26322,9,0.8604939364433035,0.3757936507936508,0.9968421052631579,0.15202474147095776,0.8479752585290422
26331,YDL210W YKR066C,0.0,NA,0.16712813079357147,2841,4718,26323,9,0.8605234428019238,0.3758433655245403,0.9968421052631579,0.1519925260139815,0.8480074739860185
26332,YCL031C YOL125W,0.0,NA,0.16718746721744537,2841,4717,26324,9,0.8605529491605441,0.3758930934109553,0.9968421052631579,0.15196031055700526,0.8480396894429948
26333,YDR515W YMR152W,0.0,NA,0.16725985705852509,2841,4716,26325,9,0.8605824555191643,0.3759428344581183,0.9968421052631579,0.151928095100029,0.848071904899971
26334,YOL162W YNL116W,0.0,NA,0.16740520298480988,2841,4715,26326,9,0.8606119618777847,0.3759925886712546,0.9968421052631579,0.15189587964305273,0.8481041203569473
26335,YDR108W YMR004W,0.0,NA,0.16768860816955566,2841,4714,26327,9,0.860641468236405,0.37604235605559233,0.9968421052631579,0.15186366418607647,0.8481363358139236
26336,YHR129C YHR183W,0.0,NA,0.16793787479400635,2841,4713,26328,9,0.8606709745950252,0.3760921366163622,0.9968421052631579,0.15183144872910023,0.8481685512708997
26337,YOR023C YOR343W-A,0.0,NA,0.1679740846157074,2841,4712,26329,9,0.8607004809536455,0.37614193035879784,0.9968421052631579,0.15179923327212397,0.848200766727876
26338,YLR350W YBR162W-A,0.0,NA,0.16834697127342224,2841,4711,26330,9,0.8607299873122658,0.3761917372881356,0.9968421052631579,0.1517670178151477,0.8482329821848523
26339,YDL063C YDR487C,0.0,NA,0.1683770716190338,2841,4710,26331,9,0.8607594936708861,0.3762415574096146,0.9968421052631579,0.15173480235817144,0.8482651976418285
26340,YOR307C YGL162W,0.0,NA,0.16847501695156097,2841,4709,26332,9,0.8607890000295063,0.37629139072847684,0.9968421052631579,0.1517025869011952,0.8482974130988048
26341,YGL162W YDR183W,0.0,NA,0.16849865019321442,2841,4708,26333,9,0.8608185063881266,0.3763412372499669,0.9968421052631579,0.15167037144421894,0.8483296285557811
26342,YCR079W YIL029C,0.0,NA,0.16851185262203217,2841,4707,26334,9,0.8608480127467469,0.37639109697933226,0.9968421052631579,0.15163815598724267,0.8483618440127573
26343,YBR254C YGR087C,0.0,NA,0.16853852570056915,2841,4706,26335,9,0.8608775191053673,0.37644096992182324,0.9968421052631579,0.1516059405302664,0.8483940594697336
26344,YDR406W YFL018C,0.0,NA,0.16863051056861877,2841,4705,26336,9,0.8609070254639875,0.37649085608269284,0.9968421052631579,0.15157372507329017,0.8484262749267099
26345,YKR002W YMR231W,0.0,NA,0.16873867809772491,2841,4704,26337,9,0.8609365318226078,0.37654075546719684,0.9968421052631579,0.1515415096163139,0.8484584903836861
26346,snR44 YPL227C,0.0,NA,0.16881191730499268,2841,4703,26338,9,0.8609660381812281,0.3765906680805938,0.9968421052631579,0.15150929415933764,0.8484907058406623
26347,YBR245C YHR134W,0.0,NA,0.1688159555196762,2841,4702,26339,9,0.8609955445398484,0.3766405939281453,0.9968421052631579,0.1514770787023614,0.8485229212976386
26348,YER138C YPL274W,0.0,NA,0.16894948482513428,2841,4701,26340,9,0.8610250508984686,0.37669053301511535,0.9968421052631579,0.15144486324538514,0.8485551367546149
26349,YDR016C YHR181W,0.0,NA,0.1689528226852417,2841,4700,26341,9,0.8610545572570889,0.37674048534677096,0.9968421052631579,0.15141264778840888,0.8485873522115911
26350,YDL239C YLR442C,0.0,NA,0.16895776987075806,2841,4699,26342,9,0.8610840636157092,0.376790450928382,0.9968421052631579,0.1513804323314326,0.8486195676685674
26351,YKL080W YPR032W,0.0,NA,0.1689884513616562,2841,4698,26343,9,0.8611135699743294,0.37684042976522086,0.9968421052631579,0.15134821687445638,0.8486517831255437
26352,YIL094C YDL085W,0.0,NA,0.16904316842556,2841,4697,26344,9,0.8611430763329497,0.376890421862563,0.9968421052631579,0.1513160014174801,0.8486839985825199
26353,YKL013C YLL013C,1.0,NA,0.16932928562164307,2840,4697,26344,10,0.8611135699743294,0.37680774844102427,0.9964912280701754,0.1513160014174801,0.8486839985825199
26354,YKR039W YOR363C,0.0,NA,0.16959600150585175,2840,4696,26345,10,0.8611430763329497,0.37685774946921446,0.9964912280701754,0.15128378596050385,0.8487162140394962
26355,YMR172W YPR162C,0.0,NA,0.16959650814533234,2840,4695,26346,10,0.86117258269157,0.37690776376907764,0.9964912280701754,0.15125157050352758,0.8487484294964724
26356,YPR073C YDR001C,0.0,NA,0.1696602702140808,2840,4694,26347,10,0.8612020890501904,0.3769577913458986,0.9964912280701754,0.15121935504655135,0.8487806449534486
26357,YFL054C YOR270C,0.0,NA,0.16972501575946808,2840,4693,26348,10,0.8612315954088106,0.3770078322049648,0.9964912280701754,0.15118713958957508,0.8488128604104249
26358,YOL032W YOR273C,0.0,NA,0.1698087453842163,2840,4692,26349,10,0.8612611017674309,0.3770578863515667,0.9964912280701754,0.15115492413259882,0.8488450758674012
26359,YOR064C snR6,0.0,NA,0.1698138266801834,2840,4691,26350,10,0.8612906081260512,0.3771079537909972,0.9964912280701754,0.15112270867562255,0.8488772913243774
26360,YMR041C YMR106C,0.0,NA,0.16981817781925201,2840,4690,26351,10,0.8613201144846715,0.37715803452855245,0.9964912280701754,0.15109049321864632,0.8489095067813537
26361,YPR040W YDR177W,0.0,NA,0.17004109919071198,2840,4689,26352,10,0.8613496208432917,0.3772081285695311,0.9964912280701754,0.15105827776167005,0.84894172223833
26362,YLR319C YOR323C,0.0,NA,0.1701962798833847,2840,4688,26353,10,0.861379127201912,0.37725823591923485,0.9964912280701754,0.1510260623046938,0.8489739376953062
26363,YBR098W YNR067C,0.0,NA,0.17040224373340607,2840,4687,26354,10,0.8614086335605323,0.37730835658296796,0.9964912280701754,0.15099384684771752,0.8490061531522825
26364,YFL050C YDR216W,0.0,NA,0.17046219110488892,2840,4686,26355,10,0.8614381399191525,0.37735849056603776,0.9964912280701754,0.15096163139074129,0.8490383686092587
26365,YER145C YPR005C,0.0,NA,0.17049238085746765,2840,4685,26356,10,0.8614676462777728,0.37740863787375417,0.9964912280701754,0.15092941593376502,0.849070584066235
26366,YLR308W YDR320C-A,0.0,NA,0.17056725919246674,2840,4684,26357,10,0.8614971526363931,0.3774587985114301,0.9964912280701754,0.15089720047678876,0.8491027995232112
26367,YPR188C YLR237W,0.0,NA,0.17061440646648407,2840,4683,26358,10,0.8615266589950135,0.37750897248438126,0.9964912280701754,0.15086498501981252,0.8491350149801875
26368,YDL075W YPL208W,0.0,NA,0.17073054611682892,2840,4682,26359,10,0.8615561653536337,0.3775591597979261,0.9964912280701754,0.15083276956283626,0.8491672304371638
26369,YMR310C YBR229C,0.0,NA,0.17086268961429596,2840,4681,26360,10,0.861585671712254,0.37760936045738597,0.9964912280701754,0.15080055410586,0.84919944589414
26370,YBL056W YGL077C,0.0,NA,0.1708899736404419,2840,4680,26361,10,0.8616151780708743,0.3776595744680851,0.9964912280701754,0.15076833864888373,0.8492316613511163
26371,YPR137C-A YDL148C,0.0,NA,0.17119695246219635,2840,4679,26362,10,0.8616446844294946,0.37770980183535047,0.9964912280701754,0.1507361231919075,0.8492638768080926
26372,YBR107C YOR323C,0.0,NA,0.17129603028297424,2840,4678,26363,10,0.8616741907881148,0.37776004256451184,0.9964912280701754,0.15070390773493123,0.8492960922650687
26373,YCR083W YGL185C,0.0,NA,0.17130202054977417,2840,4677,26364,10,0.8617036971467351,0.37781029666090193,0.9964912280701754,0.15067169227795496,0.849328307722045
26374,YDR502C YDR055W,0.0,NA,0.1713958978652954,2840,4676,26365,10,0.8617332035053554,0.3778605641298563,0.9964912280701754,0.1506394768209787,0.8493605231790213
26375,YPL156C YGL022W,0.0,NA,0.171513631939888,2840,4675,26366,10,0.8617627098639757,0.37791084497671323,0.9964912280701754,0.15060726136400246,0.8493927386359975
26376,YML065W YPR066W,0.0,NA,0.17153598368167877,2840,4674,26367,10,0.8617922162225959,0.37796113920681396,0.9964912280701754,0.1505750459070262,0.8494249540929738
26377,YGL123W snR77,0.0,NA,0.17153657972812653,2840,4673,26368,10,0.8618217225812163,0.3780114468255025,0.9964912280701754,0.15054283045004993,0.8494571695499501
26378,YJL108C YOR109W,0.0,NA,0.17159487307071686,2840,4672,26369,10,0.8618512289398366,0.3780617678381257,0.9964912280701754,0.15051061499307367,0.8494893850069263
26379,YPL121C YKL045W,0.0,NA,0.17176252603530884,2840,4671,26370,10,0.8618807352984568,0.3781121022500333,0.9964912280701754,0.15047839953609743,0.8495216004639026
26380,YDR166C Q0065,0.0,NA,0.17176403105258942,2840,4670,26371,10,0.8619102416570771,0.3781624500665779,0.9964912280701754,0.15044618407912116,0.8495538159208789
26381,YBR213W YGR175C,0.0,NA,0.17177315056324005,2840,4669,26372,10,0.8619397480156974,0.3782128112931149,0.9964912280701754,0.1504139686221449,0.849586031377855
26382,YPR105C YIL115C,0.0,NA,0.17180503904819489,2840,4668,26373,10,0.8619692543743177,0.3782631859350027,0.9964912280701754,0.15038175316516864,0.8496182468348313
26383,YLR233C YER159C-A,0.0,NA,0.1718776822090149,2840,4667,26374,10,0.8619987607329379,0.37831357399760224,0.9964912280701754,0.1503495377081924,0.8496504622918076
26384,YPR186C YDR538W,0.0,NA,0.17191635072231293,2840,4666,26375,10,0.8620282670915582,0.37836397548627765,0.9964912280701754,0.15031732225121613,0.8496826777487839
26385,YLR110C tA(AGC)L,0.0,NA,0.17208383977413177,2840,4665,26376,10,0.8620577734501785,0.37841439040639574,0.9964912280701754,0.15028510679423987,0.8497148932057601
26386,YNL227C YMR283C,0.0,NA,0.17218314111232758,2840,4664,26377,10,0.8620872798087988,0.3784648187633262,0.9964912280701754,0.1502528913372636,0.8497471086627364
26387,YJL201W YGR048W,0.0,NA,0.17218953371047974,2840,4663,26378,10,0.862116786167419,0.37851526056244167,0.9964912280701754,0.15022067588028737,0.8497793241197127
26388,YIL047C YJL176C,0.0,NA,0.17237292230129242,2840,4662,26379,10,0.8621462925260394,0.3785657158091176,0.9964912280701754,0.1501884604233111,0.8498115395766889
26389,YDL017W YGL169W,0.0,NA,0.17269274592399597,2840,4661,26380,10,0.8621757988846597,0.3786161845087322,0.9964912280701754,0.15015624496633484,0.8498437550336652
26390,YCR009C YMR097C,0.0,NA,0.1727409064769745,2840,4660,26381,10,0.8622053052432799,0.37866666666666665,0.9964912280701754,0.1501240295093586,0.8498759704906415
26391,snR42 YDR163W,0.0,NA,0.17275109887123108,2840,4659,26382,10,0.8622348116019002,0.3787171622883051,0.9964912280701754,0.15009181405238234,0.8499081859476176
26392,YNL268W YNL219C,0.0,NA,0.17316313087940216,2840,4658,26383,10,0.8622643179605205,0.3787676713790344,0.9964912280701754,0.15005959859540607,0.8499404014045939
26393,YDL105W YDR182W,0.0,NA,0.17322783172130585,2840,4657,26384,10,0.8622938243191408,0.3788181939442444,0.9964912280701754,0.1500273831384298,0.8499726168615702
26394,YPR145W YER174C,0.0,NA,0.17332600057125092,2840,4656,26385,10,0.862323330677761,0.37886872998932764,0.9964912280701754,0.14999516768145357,0.8500048323185464
26395,YDR407C YHR166C,0.0,NA,0.1733669638633728,2840,4655,26386,10,0.8623528370363813,0.3789192795196798,0.9964912280701754,0.1499629522244773,0.8500370477755227
26396,YEL065W YNL091W,0.0,NA,0.17340226471424103,2840,4654,26387,10,0.8623823433950016,0.3789698425406992,0.9964912280701754,0.14993073676750104,0.850069263232499
26397,YGR119C YIL090W,0.0,NA,0.1734979748725891,2840,4653,26388,10,0.862411849753622,0.3790204190577873,0.9964912280701754,0.14989852131052478,0.8501014786894752
26398,YMR010W YML001W,0.0,NA,0.17352905869483948,2840,4652,26389,10,0.8624413561122422,0.3790710090763481,0.9964912280701754,0.14986630585354854,0.8501336941464515
26399,YAR002C-A YBR181C,0.0,NA,0.17376260459423065,2840,4651,26390,10,0.8624708624708625,0.37912161260178884,0.9964912280701754,0.14983409039657228,0.8501659096034277
26400,YLL057C YCR024C-A,0.0,NA,0.1737784594297409,2840,4650,26391,10,0.8625003688294828,0.37917222963951935,0.9964912280701754,0.149801874939596,0.8501981250604039
26401,YBR123C YDL022W,0.0,NA,0.17378360033035278,2840,4649,26392,10,0.8625298751881031,0.3792228601949526,0.9964912280701754,0.14976965948261975,0.8502303405173802
26402,YCL008C YPL275W,0.0,NA,0.17388670146465302,2840,4648,26393,10,0.8625593815467233,0.37927350427350426,0.9964912280701754,0.1497374440256435,0.8502625559743565
26403,YLL050C YBL069W,0.0,NA,0.17400583624839783,2840,4647,26394,10,0.8625888879053436,0.37932416188059304,0.9964912280701754,0.14970522856866725,0.8502947714313328
26404,YOR320C YLR098C,0.0,NA,0.17413997650146484,2840,4646,26395,10,0.8626183942639639,0.3793748330216404,0.9964912280701754,0.14967301311169098,0.850326986888309
26405,YLL021W YGL021W,0.0,NA,0.1744152456521988,2840,4645,26396,10,0.8626479006225841,0.37942551770207084,0.9964912280701754,0.14964079765471472,0.8503592023452853
26406,MAL23 YCR061W,0.0,NA,0.17453700304031372,2840,4644,26397,10,0.8626774069812044,0.3794762159273116,0.9964912280701754,0.14960858219773848,0.8503914178022616
26407,YHR214C-B YDL028C,0.0,NA,0.17472407221794128,2840,4643,26398,10,0.8627069133398247,0.379526927702793,0.9964912280701754,0.14957636674076222,0.8504236332592378
26408,YER001W YIL016W,0.0,NA,0.1748223453760147,2840,4642,26399,10,0.8627364196984451,0.37957765303394814,0.9964912280701754,0.14954415128378595,0.850455848716214
26409,YPL242C YBR128C,0.0,NA,0.17486654222011566,2840,4641,26400,10,0.8627659260570653,0.37962839192621306,0.9964912280701754,0.14951193582680972,0.8504880641731903
26410,YDL191W YOL003C,0.0,NA,0.17486707866191864,2840,4640,26401,10,0.8627954324156856,0.37967914438502676,0.9964912280701754,0.14947972036983345,0.8505202796301665
26411,YPL096C-A YOR339C,0.0,NA,0.17489586770534515,2840,4639,26402,10,0.8628249387743059,0.379729910415831,0.9964912280701754,0.1494475049128572,0.8505524950871428
26412,YIL039W YOR360C,0.0,NA,0.17502352595329285,2840,4638,26403,10,0.8628544451329262,0.3797806900240706,0.9964912280701754,0.14941528945588092,0.8505847105441191
26413,YGR199W YDR254W,0.0,NA,0.17502956092357635,2840,4637,26404,10,0.8628839514915464,0.3798314832151933,0.9964912280701754,0.1493830739989047,0.8506169260010953
26414,YDL213C snR51,0.0,NA,0.17508210241794586,2840,4636,26405,10,0.8629134578501667,0.37988228999464957,0.9964912280701754,0.14935085854192842,0.8506491414580716
26415,YOR367W YOR069W,0.0,NA,0.175120010972023,2840,4635,26406,10,0.862942964208787,0.37993311036789296,0.9964912280701754,0.14931864308495216,0.8506813569150479
26416,YGL055W YMR211W,1.0,NA,0.17520661652088165,2839,4635,26406,11,0.8629134578501667,0.37985014717687987,0.996140350877193,0.14931864308495216,0.8506813569150479
26417,YDL124W YCR048W,0.0,NA,0.17520791292190552,2839,4634,26407,11,0.862942964208787,0.3799009768499933,0.996140350877193,0.1492864276279759,0.850713572372024
26418,YDL134C YER069W,0.0,NA,0.1752554029226303,2839,4633,26408,11,0.8629724705674072,0.37995182012847967,0.996140350877193,0.14925421217099966,0.8507457878290003
26419,YJL141C YMR046C,0.0,NA,0.17542484402656555,2839,4632,26409,11,0.8630019769260275,0.38000267701780216,0.996140350877193,0.1492219967140234,0.8507780032859766
26420,YLL028W snR3,0.0,NA,0.17559708654880524,2839,4631,26410,11,0.8630314832846478,0.380053547523427,0.996140350877193,0.14918978125704713,0.8508102187429528
26421,YOR190W snR31,0.0,NA,0.1757398247718811,2839,4630,26411,11,0.8630609896432682,0.3801044316508234,0.996140350877193,0.14915756580007086,0.8508424341999291
26422,YOR244W YEL040W,0.0,NA,0.17576485872268677,2839,4629,26412,11,0.8630904960018884,0.3801553294054633,0.996140350877193,0.14912535034309463,0.8508746496569054
26423,YMR236W YMR204C,0.0,NA,0.17592622339725494,2839,4628,26413,11,0.8631200023605087,0.3802062407928217,0.996140350877193,0.14909313488611836,0.8509068651138817
26424,YIL132C tR(ACG)K,0.0,NA,0.17595407366752625,2839,4627,26414,11,0.863149508719129,0.38025716581837665,0.996140350877193,0.1490609194291421,0.8509390805708579
26425,YOL051W YGL027C,0.0,NA,0.17602434754371643,2839,4626,26415,11,0.8631790150777493,0.3803081044876088,0.996140350877193,0.14902870397216583,0.8509712960278342
26426,YHR088W YER051W,0.0,NA,0.17603731155395508,2839,4625,26416,11,0.8632085214363695,0.3803590568060021,0.996140350877193,0.1489964885151896,0.8510035114848105
26427,YAL019W YML066C,0.0,NA,0.17608407139778137,2839,4624,26417,11,0.8632380277949898,0.3804100227790433,0.996140350877193,0.14896427305821333,0.8510357269417866
26428,YDR259C YDR089W,0.0,NA,0.17618633806705475,2839,4623,26418,11,0.8632675341536101,0.3804610024122219,0.996140350877193,0.14893205760123707,0.8510679423987629
26429,YGL065C YNL255C,0.0,NA,0.17625492811203003,2839,4622,26419,11,0.8632970405122304,0.38051199571103067,0.996140350877193,0.14889984214426083,0.8511001578557392
26430,YOR030W YLR087C,0.0,NA,0.17628605663776398,2839,4621,26420,11,0.8633265468708506,0.38056300268096516,0.996140350877193,0.14886762668728457,0.8511323733127154
26431,YKR057W YPL001W,0.0,NA,0.1764134019613266,2839,4620,26421,11,0.863356053229471,0.3806140233275238,0.996140350877193,0.1488354112303083,0.8511645887696917
26432,YIL064W YGR077C,0.0,NA,0.1764538437128067,2839,4619,26422,11,0.8633855595880913,0.3806650576562081,0.996140350877193,0.14880319577333204,0.851196804226668
26433,YDR181C YGR199W,0.0,NA,0.1765340119600296,2839,4618,26423,11,0.8634150659467115,0.38071610567252245,0.996140350877193,0.1487709803163558,0.8512290196836442
26434,YIL030C YOR270C,0.0,NA,0.17664481699466705,2839,4617,26424,11,0.8634445723053318,0.38076716738197425,0.996140350877193,0.14873876485937954,0.8512612351406205
26435,YCR040W YIL029C,0.0,NA,0.17676329612731934,2839,4616,26425,11,0.8634740786639521,0.38081824279007376,0.996140350877193,0.14870654940240327,0.8512934505975968
26436,YJL113W YEL044W,0.0,NA,0.1769547462463379,2839,4615,26426,11,0.8635035850225724,0.3808693319023343,0.996140350877193,0.148674333945427,0.8513256660545729
26437,YKL025C YPR132W,0.0,NA,0.1770574152469635,2839,4614,26427,11,0.8635330913811926,0.3809204347242721,0.996140350877193,0.14864211848845077,0.8513578815115492
26438,YPL137C YGL198W,0.0,NA,0.17710724472999573,2839,4613,26428,11,0.8635625977398129,0.38097155126140636,0.996140350877193,0.1486099030314745,0.8513900969685255
26439,YML105C YNL233W,0.0,NA,0.17727155983448029,2839,4612,26429,11,0.8635921040984332,0.38102268151925917,0.996140350877193,0.14857768757449824,0.8514223124255017
26440,YJL001W YGL016W,0.0,NA,0.1773340404033661,2839,4611,26430,11,0.8636216104570535,0.3810738255033557,0.996140350877193,0.14854547211752198,0.851454527882478
26441,YDR226W YIL009C-A,0.0,NA,0.17743879556655884,2839,4610,26431,11,0.8636511168156737,0.38112498321922406,0.996140350877193,0.14851325666054574,0.8514867433394543
26442,YER161C YJL168C,0.0,NA,0.1775321066379547,2839,4609,26432,11,0.8636806231742941,0.3811761546723953,0.996140350877193,0.14848104120356947,0.8515189587964306
26443,YBL040C YNL326C,0.0,NA,0.1775924116373062,2839,4608,26433,11,0.8637101295329144,0.3812273398684034,0.996140350877193,0.1484488257465932,0.8515511742534068
26444,YLR421C YPL171C,0.0,NA,0.17765945196151733,2839,4607,26434,11,0.8637396358915346,0.3812785388127854,0.996140350877193,0.14841661028961695,0.851583389710383
26445,Q0070 YFL025C,0.0,NA,0.1776980459690094,2839,4606,26435,11,0.8637691422501549,0.3813297515110813,0.996140350877193,0.1483843948326407,0.8516156051673593
26446,Q0070 YNL110C,0.0,NA,0.17781829833984375,2839,4605,26436,11,0.8637986486087752,0.38138097796883397,0.996140350877193,0.14835217937566444,0.8516478206243355
26447,YDR073W YNL318C,0.0,NA,0.1780175417661667,2839,4604,26437,11,0.8638281549673955,0.3814322181915894,0.996140350877193,0.14831996391868818,0.8516800360813118
26448,YLR025W YDR450W,0.0,NA,0.17824144661426544,2839,4603,26438,11,0.8638576613260157,0.38148347218489653,0.996140350877193,0.14828774846171192,0.8517122515382881
26449,YPL234C YMR251W,0.0,NA,0.17847305536270142,2839,4602,26439,11,0.863887167684636,0.3815347399543072,0.996140350877193,0.14825553300473568,0.8517444669952643
26450,YGL113W YLR246W,0.0,NA,0.1785072386264801,2839,4601,26440,11,0.8639166740432563,0.38158602150537635,0.996140350877193,0.14822331754775941,0.8517766824522406
26451,YMR272C YGL244W,0.0,NA,0.1785850077867508,2839,4600,26441,11,0.8639461804018767,0.38163731684366176,0.996140350877193,0.14819110209078315,0.8518088979092169
26452,YLR119W YNL130C,0.0,NA,0.17864815890789032,2839,4599,26442,11,0.8639756867604969,0.3816886259747244,0.996140350877193,0.1481588866338069,0.8518411133661931
26453,YIL010W YMR073C,0.0,NA,0.1786862462759018,2839,4598,26443,11,0.8640051931191172,0.381739948904128,0.996140350877193,0.14812667117683065,0.8518733288231694
26454,YLR109W YHR200W,0.0,NA,0.17877495288848877,2839,4597,26444,11,0.8640346994777375,0.38179128563743947,0.996140350877193,0.14809445571985438,0.8519055442801456
26455,YDR312W YBR176W,0.0,NA,0.17881441116333008,2839,4596,26445,11,0.8640642058363578,0.3818426361802286,0.996140350877193,0.14806224026287812,0.8519377597371218
26456,YKR092C YMR108W,0.0,NA,0.17889699339866638,2839,4595,26446,11,0.864093712194978,0.3818940005380683,0.996140350877193,0.14803002480590188,0.8519699751940981
26457,YCL024W YPR108W,0.0,NA,0.17911046743392944,2839,4594,26447,11,0.8641232185535983,0.3819453787165344,0.996140350877193,0.14799780934892562,0.8520021906510744
26458,YIL126W YDL049C,0.0,NA,0.17913959920406342,2839,4593,26448,11,0.8641527249122186,0.3819967707212056,0.996140350877193,0.14796559389194935,0.8520344061080506
26459,YOR353C YKL159C,0.0,NA,0.17914585769176483,2839,4592,26449,11,0.8641822312708388,0.3820481765576638,0.996140350877193,0.1479333784349731,0.8520666215650269
26460,YBR161W YEL064C,0.0,NA,0.17929531633853912,2839,4591,26450,11,0.8642117376294591,0.3820995962314939,0.996140350877193,0.14790116297799685,0.8520988370220032
26461,YMR005W YPL061W,0.0,NA,0.179303377866745,2839,4590,26451,11,0.8642412439880794,0.38215102974828374,0.996140350877193,0.1478689475210206,0.8521310524789795
26462,YDR003W YGR232W,0.0,NA,0.17938560247421265,2839,4589,26452,11,0.8642707503466998,0.38220247711362415,0.996140350877193,0.14783673206404432,0.8521632679359556
26463,YGR281W YDR131C,0.0,NA,0.17956137657165527,2839,4588,26453,11,0.86430025670532,0.38225393833310894,0.996140350877193,0.14780451660706806,0.8521954833929319
26464,YFL017C YHR077C,0.0,NA,0.17968972027301788,2839,4587,26454,11,0.8643297630639403,0.38230541341233504,0.996140350877193,0.14777230115009182,0.8522276988499082
26465,YJL085W YHR036W,0.0,NA,0.17969132959842682,2839,4586,26455,11,0.8643592694225606,0.38235690235690234,0.996140350877193,0.14774008569311556,0.8522599143068844
26466,YGL190C YBR012W-B,0.0,NA,0.17980609834194183,2839,4585,26456,11,0.8643887757811809,0.3824084051724138,0.996140350877193,0.1477078702361393,0.8522921297638607
26467,YLR319C YER069W,0.0,NA,0.18007351458072662,2839,4584,26457,11,0.8644182821398011,0.3824599218644753,0.996140350877193,0.14767565477916303,0.852324345220837
26468,YML001W YGL009C,0.0,NA,0.18009310960769653,2839,4583,26458,11,0.8644477884984214,0.3825114524386958,0.996140350877193,0.1476434393221868,0.8523565606778132
26469,YCL016C YIR033W,0.0,NA,0.18010738492012024,2839,4582,26459,11,0.8644772948570417,0.38256299690068724,0.996140350877193,0.14761122386521053,0.8523887761347895
26470,YHR143W YGR004W,0.0,NA,0.18012219667434692,2839,4581,26460,11,0.8645068012156619,0.3826145552560647,0.996140350877193,0.14757900840823426,0.8524209915917658
26471,YIL140W YLR157C,0.0,NA,0.1802208125591278,2839,4580,26461,11,0.8645363075742822,0.38266612751044615,0.996140350877193,0.14754679295125803,0.852453207048742
26472,YJR003C YPL174C,0.0,NA,0.18029902875423431,2839,4579,26462,11,0.8645658139329025,0.3827177136694527,0.996140350877193,0.14751457749428176,0.8524854225057182
26473,YHR020W YPL232W,0.0,NA,0.1805114895105362,2839,4578,26463,11,0.8645953202915229,0.38276931373870837,0.996140350877193,0.1474823620373055,0.8525176379626945
26474,YLR277C YBR195C,0.0,NA,0.1805245280265808,2839,4577,26464,11,0.8646248266501431,0.38282092772384035,0.996140350877193,0.14745014658032923,0.8525498534196707
26475,YMR127C YGR204W,0.0,NA,0.18056268990039825,2839,4576,26465,11,0.8646543330087634,0.3828725556304788,0.996140350877193,0.147417931123353,0.852582068876647
26476,YLR287C-A snR13,0.0,NA,0.18066059052944183,2839,4575,26466,11,0.8646838393673837,0.3829241974642568,0.996140350877193,0.14738571566637673,0.8526142843336233
26477,YOR117W YNL108C,0.0,NA,0.18088363111019135,2839,4574,26467,11,0.864713345726004,0.38297585323081074,0.996140350877193,0.14735350020940047,0.8526464997905995
26478,YCR042C YML041C,0.0,NA,0.18098914623260498,2839,4573,26468,11,0.8647428520846242,0.3830275229357798,0.996140350877193,0.1473212847524242,0.8526787152475758
26479,YDR170W-A YGR157W,0.0,NA,0.18110695481300354,2839,4572,26469,11,0.8647723584432445,0.3830792065848064,0.996140350877193,0.14728906929544797,0.8527109307045521
26480,YBR049C YGR277C,0.0,NA,0.18120931088924408,2839,4571,26470,11,0.8648018648018648,0.38313090418353574,0.996140350877193,0.1472568538384717,0.8527431461615284
26481,YIL148W YMR307W,0.0,NA,0.1812385767698288,2839,4570,26471,11,0.864831371160485,0.3831826157376164,0.996140350877193,0.14722463838149544,0.8527753616185045
26482,YCL020W YMR137C,0.0,NA,0.18129897117614746,2839,4569,26472,11,0.8648608775191053,0.3832343412526998,0.996140350877193,0.14719242292451917,0.8528075770754808
26483,YCR018C YOR138C,0.0,NA,0.18132926523685455,2839,4568,26473,11,0.8648903838777257,0.38328608073444037,0.996140350877193,0.14716020746754294,0.8528397925324571
26484,YER123W YDR099W,0.0,NA,0.1813647747039795,2839,4567,26474,11,0.864919890236346,0.3833378341884958,0.996140350877193,0.14712799201056667,0.8528720079894333
26485,YLR320W YIL106W,0.0,NA,0.1814233660697937,2839,4566,26475,11,0.8649493965949662,0.38338960162052665,0.996140350877193,0.1470957765535904,0.8529042234464096
26486,YOR253W YLR438C-A,0.0,NA,0.18147636950016022,2839,4565,26476,11,0.8649789029535865,0.3834413830361966,0.996140350877193,0.14706356109661414,0.8529364389033859
26487,YCL019W YJR106W,0.0,NA,0.18148112297058105,2839,4564,26477,11,0.8650084093122068,0.3834931784411725,0.996140350877193,0.1470313456396379,0.8529686543603621
26488,YJR120W YCL044C,0.0,NA,0.181550070643425,2839,4563,26478,11,0.8650379156708271,0.383544987841124,0.996140350877193,0.14699913018266164,0.8530008698173384
26489,YOR316C YKL197C,0.0,NA,0.18159180879592896,2839,4562,26479,11,0.8650674220294473,0.38359681124172407,0.996140350877193,0.14696691472568538,0.8530330852743147
26490,YNL167C YDR013W,0.0,NA,0.18159255385398865,2839,4561,26480,11,0.8650969283880676,0.38364864864864867,0.996140350877193,0.14693469926870914,0.8530653007312908
26491,YBR069C YLR442C,0.0,NA,0.1817328929901123,2839,4560,26481,11,0.8651264347466879,0.3837005000675767,0.996140350877193,0.14690248381173288,0.8530975161882671
26492,YML071C YDR180W,0.0,NA,0.18195801973342896,2839,4559,26482,11,0.8651559411053082,0.38375236550419034,0.996140350877193,0.1468702683547566,0.8531297316452434
26493,YPR056W YAL022C,0.0,NA,0.18199822306632996,2839,4558,26483,11,0.8651854474639284,0.38380424496417465,0.996140350877193,0.14683805289778035,0.8531619471022196
26494,YHR042W YMR065W,0.0,NA,0.18207107484340668,2839,4557,26484,11,0.8652149538225488,0.383856138453218,0.996140350877193,0.1468058374408041,0.8531941625591959
26495,YPL275W YAR010C,0.0,NA,0.18223129212856293,2839,4556,26485,11,0.8652444601811691,0.3839080459770115,0.996140350877193,0.14677362198382785,0.8532263780161722
26496,YKR085C YPL098C,0.0,NA,0.18229056894779205,2839,4555,26486,11,0.8652739665397893,0.38395996754124967,0.996140350877193,0.14674140652685158,0.8532585934731484
26497,YLR045C tA(AGC)J,0.0,NA,0.18241670727729797,2839,4554,26487,11,0.8653034728984096,0.3840119031516299,0.996140350877193,0.14670919106987532,0.8532908089301247
26498,YOR064C YGR285C,0.0,NA,0.18243329226970673,2839,4553,26488,11,0.8653329792570299,0.3840638528138528,0.996140350877193,0.14667697561289908,0.853323024387101
26499,YBR210W YOR021C,0.0,NA,0.18257315456867218,2839,4552,26489,11,0.8653624856156502,0.384115816533622,0.996140350877193,0.14664476015592282,0.8533552398440772
26500,YDR181C YER145C,0.0,NA,0.18266260623931885,2839,4551,26490,11,0.8653919919742704,0.3841677943166441,0.996140350877193,0.14661254469894655,0.8533874553010534
26501,YOR043W YER056C,0.0,NA,0.18279671669006348,2839,4550,26491,11,0.8654214983328907,0.38421978616862906,0.996140350877193,0.1465803292419703,0.8534196707580297
26502,YLR448W YJR102C,0.0,NA,0.18280702829360962,2839,4549,26492,11,0.865451004691511,0.38427179209528967,0.996140350877193,0.14654811378499405,0.853451886215006
26503,YJL184W YML045W,0.0,NA,0.18328317999839783,2839,4548,26493,11,0.8654805110501314,0.38432381210234196,0.996140350877193,0.14651589832801779,0.8534841016719822
26504,YJL146W YDR329C,0.0,NA,0.1834123730659485,2839,4547,26494,11,0.8655100174087516,0.384375846195505,0.996140350877193,0.14648368287104152,0.8535163171289585
26505,YDL122W YOL081W,0.0,NA,0.1834305226802826,2839,4546,26495,11,0.8655395237673719,0.384427894380501,0.996140350877193,0.14645146741406526,0.8535485325859348
26506,YBR211C YDR320C-A,0.0,NA,0.18346454203128815,2839,4545,26496,11,0.8655690301259922,0.38447995666305523,0.996140350877193,0.14641925195708902,0.853580748042911
26507,YNL331C YCR067C,0.0,NA,0.18350248038768768,2839,4544,26497,11,0.8655985364846124,0.3845320330488961,0.996140350877193,0.14638703650011275,0.8536129634998872
26508,YIR006C YDR261C,0.0,NA,0.18359485268592834,2839,4543,26498,11,0.8656280428432327,0.3845841235437551,0.996140350877193,0.1463548210431365,0.8536451789568635
26509,YDR164C YFL028C,0.0,NA,0.18367999792099,2839,4542,26499,11,0.865657549201853,0.38463622815336673,0.996140350877193,0.14632260558616023,0.8536773944138397
26510,YOR270C YJR010C-A,0.0,NA,0.18382345139980316,2839,4541,26500,11,0.8656870555604733,0.3846883468834688,0.996140350877193,0.146290390129184,0.853709609870816
26511,YGL195W YML026C,0.0,NA,0.1840643584728241,2839,4540,26501,11,0.8657165619190935,0.38474047973980213,0.996140350877193,0.14625817467220772,0.8537418253277923
26512,YDR084C YOL138C,0.0,NA,0.18424613773822784,2839,4539,26502,11,0.8657460682777138,0.3847926267281106,0.996140350877193,0.14622595921523146,0.8537740407847685
26513,YNL047C YMR198W,0.0,NA,0.18431629240512848,2839,4538,26503,11,0.8657755746363341,0.3848447878541412,0.996140350877193,0.14619374375825522,0.8538062562417448
26514,YGR154C YKL210W,0.0,NA,0.18436956405639648,2839,4537,26504,11,0.8658050809949545,0.38489696312364424,0.996140350877193,0.14616152830127896,0.8538384716987211
26515,YLR060W YER078C,0.0,NA,0.18471582233905792,2839,4536,26505,11,0.8658345873535747,0.3849491525423729,0.996140350877193,0.1461293128443027,0.8538706871556972
26516,YBL056W YJL002C,0.0,NA,0.18482628464698792,2839,4535,26506,11,0.865864093712195,0.38500135611608355,0.996140350877193,0.14609709738732643,0.8539029026126735
26517,YDR054C YDR212W,0.0,NA,0.18496541678905487,2839,4534,26507,11,0.8658936000708153,0.38505357385053574,0.996140350877193,0.1460648819303502,0.8539351180696498
26518,YBL085W YNL290W,0.0,NA,0.18497246503829956,2839,4533,26508,11,0.8659231064294356,0.3851058057514921,0.996140350877193,0.14603266647337393,0.8539673335266261
26519,YNR050C YBL041W,0.0,NA,0.18500864505767822,2839,4532,26509,11,0.8659526127880558,0.3851580518247185,0.996140350877193,0.14600045101639766,0.8539995489836023
26520,YBR237W YBR176W,0.0,NA,0.1851198375225067,2839,4531,26510,11,0.8659821191466761,0.3852103120759837,0.996140350877193,0.1459682355594214,0.8540317644405786
26521,YLR212C YGR222W,0.0,NA,0.18513146042823792,2839,4530,26511,11,0.8660116255052964,0.3852625865110598,0.996140350877193,0.14593602010244516,0.8540639798975549
26522,YLR160C YOR096W,0.0,NA,0.18516787886619568,2839,4529,26512,11,0.8660411318639166,0.38531487513572205,0.996140350877193,0.1459038046454689,0.8540961953545311
26523,YKL017C YDL024C,0.0,NA,0.18543066084384918,2839,4528,26513,11,0.8660706382225369,0.3853671779557486,0.996140350877193,0.14587158918849263,0.8541284108115074
26524,YCR060W YBL093C,0.0,NA,0.1855897605419159,2839,4527,26514,11,0.8661001445811572,0.38541949497692096,0.996140350877193,0.14583937373151637,0.8541606262684837
26525,YGR161C-D YER183C,0.0,NA,0.18594521284103394,2839,4526,26515,11,0.8661296509397776,0.38547182620502374,0.996140350877193,0.14580715827454013,0.8541928417254598
26526,YMR277W YJR040W,0.0,NA,0.18595699965953827,2839,4525,26516,11,0.8661591572983978,0.3855241716458446,0.996140350877193,0.14577494281756387,0.8542250571824361
26527,YDR500C YNL027W,0.0,NA,0.18600444495677948,2839,4524,26517,11,0.8661886636570181,0.3855765313051745,0.996140350877193,0.1457427273605876,0.8542572726394124
26528,YGR170W YLR157C,0.0,NA,0.18604077398777008,2839,4523,26518,11,0.8662181700156384,0.3856289051888074,0.996140350877193,0.14571051190361134,0.8542894880963886
26529,YHL001W YMR231W,0.0,NA,0.18605536222457886,2839,4522,26519,11,0.8662476763742587,0.3856812933025404,0.996140350877193,0.1456782964466351,0.8543217035533649
26530,YJL048C YHR143W-A,0.0,NA,0.18606483936309814,2839,4521,26520,11,0.8662771827328789,0.3857336956521739,0.996140350877193,0.14564608098965884,0.8543539190103412
26531,YNL272C tQ(UUG)L,0.0,NA,0.18656331300735474,2839,4520,26521,11,0.8663066890914992,0.38578611224351134,0.996140350877193,0.14561386553268257,0.8543861344673174
26532,YPR118W YER170W,0.0,NA,0.18668074905872345,2839,4519,26522,11,0.8663361954501195,0.3858385430823593,0.996140350877193,0.14558165007570634,0.8544183499242937
26533,YBR029C YJR062C,0.0,NA,0.18679168820381165,2839,4518,26523,11,0.8663657018087397,0.38589098817452766,0.996140350877193,0.14554943461873007,0.85445056538127
26534,YOR073W YER072W,0.0,NA,0.18682795763015747,2839,4517,26524,11,0.86639520816736,0.38594344752582926,0.996140350877193,0.1455172191617538,0.8544827808382461
26535,YOR375C YDR238C,0.0,NA,0.18690796196460724,2839,4516,26525,11,0.8664247145259804,0.3859959211420802,0.996140350877193,0.14548500370477754,0.8545149962952224
26536,YNL030W YKL109W,0.0,NA,0.1869470179080963,2839,4515,26526,11,0.8664542208846007,0.3860484090290998,0.996140350877193,0.1454527882478013,0.8545472117521987
26537,YCR086W YMR112C,0.0,NA,0.18706144392490387,2839,4514,26527,11,0.8664837272432209,0.38610091119271045,0.996140350877193,0.14542057279082504,0.854579427209175
26538,YKR090W tA(AGC)J,0.0,NA,0.18719279766082764,2839,4513,26528,11,0.8665132336018412,0.3861534276387378,0.996140350877193,0.14538835733384878,0.8546116426661512
26539,YJL041W YGL094C,0.0,NA,0.18752752244472504,2839,4512,26529,11,0.8665427399604615,0.38620595837301047,0.996140350877193,0.1453561418768725,0.8546438581231275
26540,YGR217W YBL001C,0.0,NA,0.1875743865966797,2839,4511,26530,11,0.8665722463190818,0.38625850340136053,0.996140350877193,0.14532392641989628,0.8546760735801038
26541,YGR268C YCR093W,0.0,NA,0.18781138956546783,2839,4510,26531,11,0.866601752677702,0.38631106272962307,0.996140350877193,0.14529171096292,0.85470828903708
26542,YGR108W YDL140C,0.0,NA,0.1879183053970337,2839,4509,26532,11,0.8666312590363223,0.38636363636363635,0.996140350877193,0.14525949550594375,0.8547405044940563
26543,YDR272W YCL051W,0.0,NA,0.18800422549247742,2839,4508,26533,11,0.8666607653949426,0.3864162243092419,0.996140350877193,0.14522728004896748,0.8547727199510325
26544,YLR319C YML064C,0.0,NA,0.18802134692668915,2839,4507,26534,11,0.866690271753563,0.38646882657228426,0.996140350877193,0.14519506459199125,0.8548049354080087
26545,YKL092C YHR152W,0.0,NA,0.18811866641044617,2839,4506,26535,11,0.8667197781121831,0.3865214431586113,0.996140350877193,0.14516284913501498,0.854837150864985
26546,YDL019C YLR020C,0.0,NA,0.18819531798362732,2839,4505,26536,11,0.8667492844708035,0.38657407407407407,0.996140350877193,0.14513063367803872,0.8548693663219613
26547,YML022W YGR027W-A,0.0,NA,0.18825170397758484,2839,4504,26537,11,0.8667787908294238,0.38662671932452675,0.996140350877193,0.14509841822106245,0.8549015817789375
26548,YOR372C YKL197C,0.0,NA,0.18833638727664948,2839,4503,26538,11,0.866808297188044,0.38667937891582677,0.996140350877193,0.14506620276408622,0.8549337972359138
26549,YJL048C YPL270W,0.0,NA,0.18835869431495667,2839,4502,26539,11,0.8668378035466643,0.3867320528538346,0.996140350877193,0.14503398730710995,0.8549660126928901
26550,YLR389C YKR101W,0.0,NA,0.18838807940483093,2839,4501,26540,11,0.8668673099052846,0.3867847411444142,0.996140350877193,0.1450017718501337,0.8549982281498663
26551,YFR048W YGL197W,0.0,NA,0.18883027136325836,2839,4500,26541,11,0.8668968162639049,0.3868374437934323,0.996140350877193,0.14496955639315745,0.8550304436068425
26552,YCR024C-A YLR150W,0.0,NA,0.18896596133708954,2839,4499,26542,11,0.8669263226225251,0.3868901608067593,0.996140350877193,0.14493734093618119,0.8550626590638188
26553,YOR091W YOL120C,0.0,NA,0.18904300034046173,2839,4498,26543,11,0.8669558289811454,0.3869428921902685,0.996140350877193,0.14490512547920492,0.855094874520795
26554,YBR118W YOR021C,0.0,NA,0.18913564085960388,2839,4497,26544,11,0.8669853353397657,0.38699563794983644,0.996140350877193,0.14487291002222866,0.8551270899777713
26555,YJR028W YEL046C,0.0,NA,0.18919706344604492,2839,4496,26545,11,0.867014841698386,0.3870483980913429,0.996140350877193,0.14484069456525242,0.8551593054347476
26556,YPR007C YOR356W,0.0,NA,0.18924520909786224,2839,4495,26546,11,0.8670443480570063,0.38710117262067084,0.996140350877193,0.14480847910827616,0.8551915208917239
26557,YMR182C YJR027W,0.0,NA,0.18926306068897247,2839,4494,26547,11,0.8670738544156266,0.3871539615437065,0.996140350877193,0.1447762636512999,0.8552237363487001
26558,YBR278W YLR209C,0.0,NA,0.1892949640750885,2839,4493,26548,11,0.8671033607742469,0.3872067648663393,0.996140350877193,0.14474404819432363,0.8552559518056764
26559,YIR004W YMR163C,0.0,NA,0.18939362466335297,2839,4492,26549,11,0.8671328671328671,0.38725958259446186,0.996140350877193,0.1447118327373474,0.8552881672626527
26560,YPR158W-A YML022W,0.0,NA,0.1895681768655777,2839,4491,26550,11,0.8671623734914874,0.38731241473397,0.996140350877193,0.14467961728037113,0.8553203827196288
26561,YBL035C YMR318C,0.0,NA,0.18964917957782745,2839,4490,26551,11,0.8671918798501077,0.3873652612907627,0.996140350877193,0.14464740182339486,0.8553525981766051
26562,YDR181C YJL174W,0.0,NA,0.18973559141159058,2839,4489,26552,11,0.867221386208728,0.38741812227074235,0.996140350877193,0.1446151863664186,0.8553848136335814
26563,YOR270C tA(AGC)M1,0.0,NA,0.1898236721754074,2839,4488,26553,11,0.8672508925673482,0.3874709976798144,0.996140350877193,0.14458297090944236,0.8554170290905576
26564,YLR227W-A YDR508C,0.0,NA,0.18994562327861786,2839,4487,26554,11,0.8672803989259685,0.3875238875238875,0.996140350877193,0.1445507554524661,0.8554492445475339
26565,YDL052C YLR220W,0.0,NA,0.19002580642700195,2839,4486,26555,11,0.8673099052845888,0.3875767918088737,0.996140350877193,0.14451853999548983,0.8554814600045102
26566,YGL064C YBR195C,0.0,NA,0.1902523785829544,2839,4485,26556,11,0.8673394116432092,0.3876297105406881,0.996140350877193,0.14448632453851357,0.8555136754614864
26567,YPR158W-B YAL054C,0.0,NA,0.1903236210346222,2839,4484,26557,11,0.8673689180018294,0.3876826437252492,0.996140350877193,0.14445410908153733,0.8555458909184627
26568,YDL003W YJR040W,0.0,NA,0.19032597541809082,2839,4483,26558,11,0.8673984243604497,0.38773559136847857,0.996140350877193,0.14442189362456107,0.855578106375439
26569,YMR210W YGL095C,0.0,NA,0.1903911828994751,2839,4482,26559,11,0.86742793071907,0.38778855347630103,0.996140350877193,0.1443896781675848,0.8556103218324151
26570,YPR118W YFR029W,0.0,NA,0.19039155542850494,2839,4481,26560,11,0.8674574370776903,0.38784153005464483,0.996140350877193,0.14435746271060854,0.8556425372893914
26571,YML082W YER155C,0.0,NA,0.19050389528274536,2839,4480,26561,11,0.8674869434363105,0.38789452110944117,0.996140350877193,0.1443252472536323,0.8556747527463677
26572,YGR091W YLR045C,0.0,NA,0.19058549404144287,2839,4479,26562,11,0.8675164497949308,0.38794752664662474,0.996140350877193,0.14429303179665603,0.8557069682033439
26573,YER078C YPL120W,0.0,NA,0.19071368873119354,2839,4478,26563,11,0.8675459561535511,0.3880005466721334,0.996140350877193,0.14426081633967977,0.8557391836603202
26574,YJR001W YCR053W,0.0,NA,0.19072403013706207,2839,4477,26564,11,0.8675754625121713,0.38805358119190814,0.996140350877193,0.14422860088270353,0.8557713991172965
26575,YPR120C YGR104C,0.0,NA,0.1907586306333542,2839,4476,26565,11,0.8676049688707916,0.38810663021189334,0.996140350877193,0.14419638542572727,0.8558036145742728
26576,YBR298C YLR346C,0.0,NA,0.1907920390367508,2839,4475,26566,11,0.867634475229412,0.38815969373803666,0.996140350877193,0.144164169968751,0.855835830031249
26577,YPL242C YMR146C,0.0,NA,0.19079577922821045,2839,4474,26567,11,0.8676639815880323,0.3882127717762888,0.996140350877193,0.14413195451177474,0.8558680454882253
26578,YLR248W YGR251W,0.0,NA,0.19086675345897675,2839,4473,26568,11,0.8676934879466525,0.38826586433260396,0.996140350877193,0.1440997390547985,0.8559002609452016
26579,YDR168W YJR077C,0.0,NA,0.1910306215286255,2839,4472,26569,11,0.8677229943052728,0.3883189714129394,0.996140350877193,0.14406752359782224,0.8559324764021777
26580,YHR053C snR43,0.0,NA,0.19105249643325806,2839,4471,26570,11,0.8677525006638931,0.3883720930232558,0.996140350877193,0.14403530814084597,0.855964691859154
26581,YNL046W YNL290W,0.0,NA,0.19129469990730286,2839,4470,26571,11,0.8677820070225134,0.38842522916951705,0.996140350877193,0.1440030926838697,0.8559969073161303
26582,YOR367W YNL190W,0.0,NA,0.19139467179775238,2839,4469,26572,11,0.8678115133811336,0.3884783798576902,0.996140350877193,0.14397087722689347,0.8560291227731065
26583,YBR238C snR77,0.0,NA,0.1915348470211029,2839,4468,26573,11,0.8678410197397539,0.3885315450937457,0.996140350877193,0.1439386617699172,0.8560613382300828
26584,YNL326C YLR209C,0.0,NA,0.19160151481628418,2839,4467,26574,11,0.8678705260983742,0.38858472488365725,0.996140350877193,0.14390644631294094,0.8560935536870591
26585,YLR340W YIL014W,0.0,NA,0.19169142842292786,2839,4466,26575,11,0.8679000324569944,0.3886379192334018,0.996140350877193,0.14387423085596468,0.8561257691440353
26586,YNL102W YJR005W,0.0,NA,0.19170939922332764,2839,4465,26576,11,0.8679295388156147,0.38869112814895945,0.996140350877193,0.14384201539898844,0.8561579846010116
26587,YJL130C YDL080C,0.0,NA,0.19179204106330872,2839,4464,26577,11,0.867959045174235,0.3887443516363138,0.996140350877193,0.14380979994201218,0.8561902000579878
26588,YAL036C YLL010C,0.0,NA,0.19181354343891144,2839,4463,26578,11,0.8679885515328554,0.3887975897014517,0.996140350877193,0.14377758448503591,0.856222415514964
26589,YKL171W YIR002C,0.0,NA,0.19181838631629944,2839,4462,26579,11,0.8680180578914756,0.388850842350363,0.996140350877193,0.14374536902805965,0.8562546309719403
26590,YIL030C YHR193C,0.0,NA,0.1919175535440445,2839,4461,26580,11,0.8680475642500959,0.3889041095890411,0.996140350877193,0.1437131535710834,0.8562868464289166
26591,YOR142W-B YIL046W,0.0,NA,0.19193655252456665,2839,4460,26581,11,0.8680770706087162,0.3889573914234827,0.996140350877193,0.14368093811410715,0.8563190618858928
26592,YMR302C YIL062C,1.0,NA,0.1920645385980606,2838,4460,26581,12,0.8680475642500959,0.38887366401753903,0.9957894736842106,0.14368093811410715,0.8563190618858928
26593,YNL156C YLR103C,0.0,NA,0.1921282708644867,2838,4459,26582,12,0.8680770706087162,0.3889269562834041,0.9957894736842106,0.14364872265713088,0.8563512773428691
26594,YNL012W YJL092W,0.0,NA,0.1923246532678604,2838,4458,26583,12,0.8681065769673365,0.38898026315789475,0.9957894736842106,0.14361650720015465,0.8563834927998454
26595,YMR223W snR77,0.0,NA,0.19236047565937042,2838,4457,26584,12,0.8681360833259567,0.3890335846470185,0.9957894736842106,0.14358429174317838,0.8564157082568217
26596,YKL197C YCL043C,0.0,NA,0.19238507747650146,2838,4456,26585,12,0.868165589684577,0.3890869207567864,0.9957894736842106,0.14355207628620212,0.8564479237137979
26597,YJR120W YOR211C,1.0,NA,0.19239065051078796,2837,4456,26585,13,0.8681360833259567,0.38900315370903604,0.9954385964912281,0.14355207628620212,0.8564479237137979
26598,YPR156C YGL168W,0.0,NA,0.1924147605895996,2837,4455,26586,13,0.868165589684577,0.3890565002742732,0.9954385964912281,0.14351986082922585,0.8564801391707741
26599,YDL088C YNL261W,0.0,NA,0.19258736073970795,2837,4454,26587,13,0.8681950960431973,0.389109861473049,0.9954385964912281,0.14348764537224962,0.8565123546277504
26600,YPL029W YML123C,0.0,NA,0.19263587892055511,2837,4453,26588,13,0.8682246024018176,0.38916323731138547,0.9954385964912281,0.14345542991527335,0.8565445700847266
26601,YJL088W YDL232W,0.0,NA,0.19268293678760529,2837,4452,26589,13,0.8682541087604378,0.389216627795308,0.9954385964912281,0.1434232144582971,0.8565767855417029
26602,YML021C YDR473C,0.0,NA,0.1927097886800766,2837,4451,26590,13,0.8682836151190582,0.3892700329308452,0.9954385964912281,0.14339099900132082,0.8566090009986792
26603,YHR165C YJR053W,0.0,NA,0.19280679523944855,2837,4450,26591,13,0.8683131214776785,0.3893234527240291,0.9954385964912281,0.1433587835443446,0.8566412164556554
26604,tR(ACG)K YNL221C,0.0,NA,0.1929084062576294,2837,4449,26592,13,0.8683426278362987,0.38937688718089486,0.9954385964912281,0.14332656808736832,0.8566734319126317
26605,YCR066W YDL185W,0.0,NA,0.19305819272994995,2837,4448,26593,13,0.868372134194919,0.38943033630748114,0.9954385964912281,0.14329435263039206,0.856705647369608
26606,snR13 YOR096W,0.0,NA,0.19306296110153198,2837,4447,26594,13,0.8684016405535393,0.38948380010982975,0.9954385964912281,0.1432621371734158,0.8567378628265842
26607,YBR284W YHL022C,0.0,NA,0.19309952855110168,2837,4446,26595,13,0.8684311469121596,0.389537278593986,0.9954385964912281,0.14322992171643956,0.8567700782835604
26608,YPR073C YAR007C,0.0,NA,0.1931377500295639,2837,4445,26596,13,0.8684606532707798,0.3895907717659984,0.9954385964912281,0.1431977062594633,0.8568022937405367
26609,YOR362C YER110C,0.0,NA,0.19325029850006104,2837,4444,26597,13,0.8684901596294001,0.38964427963191867,0.9954385964912281,0.14316549080248703,0.8568345091975129
26610,YMR306W YKL015W,0.0,NA,0.1933862566947937,2837,4443,26598,13,0.8685196659880204,0.3896978021978022,0.9954385964912281,0.14313327534551076,0.8568667246544892
26611,YOL124C YDL058W,0.0,NA,0.19340531527996063,2837,4442,26599,13,0.8685491723466408,0.38975133946970736,0.9954385964912281,0.14310105988853453,0.8568989401114655
26612,YKR085C YFL039C,0.0,NA,0.1934436708688736,2837,4441,26600,13,0.868578678705261,0.38980489145369607,0.9954385964912281,0.14306884443155826,0.8569311555684418
26613,YLR110C YOL093W,0.0,NA,0.19348500669002533,2837,4440,26601,13,0.8686081850638813,0.3898584581558334,0.9954385964912281,0.143036628974582,0.856963371025418
26614,YDL119C YLR237W,0.0,NA,0.1934938132762909,2837,4439,26602,13,0.8686376914225016,0.389912039582188,0.9954385964912281,0.14300441351760576,0.8569955864823943
26615,YPL253C YGL017W,0.0,NA,0.19353313744068146,2837,4438,26603,13,0.8686671977811218,0.38996563573883164,0.9954385964912281,0.1429721980606295,0.8570278019393706
26616,YNL149C YHR083W,0.0,NA,0.19354939460754395,2837,4437,26604,13,0.8686967041397421,0.39001924663183946,0.9954385964912281,0.14293998260365323,0.8570600173963467
26617,YGL094C YLR188W,0.0,NA,0.19365465641021729,2837,4436,26605,13,0.8687262104983624,0.39007287226729,0.9954385964912281,0.14290776714667697,0.857092232853323
26618,YNL124W YBR168W,0.0,NA,0.19370757043361664,2837,4435,26606,13,0.8687557168569827,0.39012651265126513,0.9954385964912281,0.14287555168970073,0.8571244483102993
26619,YPR176C YDL082W,0.0,NA,0.193728968501091,2837,4434,26607,13,0.8687852232156029,0.3901801677898501,0.9954385964912281,0.14284333623272447,0.8571566637672755
26620,YDR054C YNL255C,0.0,NA,0.19382183253765106,2837,4433,26608,13,0.8688147295742232,0.39023383768913344,0.9954385964912281,0.1428111207757482,0.8571888792242518
26621,YOR132W YMR281W,0.0,NA,0.1939018815755844,2837,4432,26609,13,0.8688442359328435,0.39028752235520703,0.9954385964912281,0.14277890531877194,0.8572210946812281
26622,YKL034W YHR214C-B,0.0,NA,0.19392605125904083,2837,4431,26610,13,0.8688737422914639,0.3903412217941662,0.9954385964912281,0.1427466898617957,0.8572533101382043
26623,YLL017W YOR257W,0.0,NA,0.193948894739151,2837,4430,26611,13,0.8689032486500841,0.39039493601210956,0.9954385964912281,0.14271447440481944,0.8572855255951806
26624,YJR120W YOL027C,1.0,NA,0.1940138339996338,2836,4430,26611,14,0.8688737422914639,0.3903110377098816,0.9950877192982456,0.14271447440481944,0.8572855255951806
26625,YLL004W YIL099W,0.0,NA,0.19414973258972168,2836,4429,26612,14,0.8689032486500841,0.39036476256022024,0.9950877192982456,0.14268225894784317,0.8573177410521569
26626,YLR210W snR77,0.0,NA,0.1941678524017334,2836,4428,26613,14,0.8689327550087044,0.3904185022026432,0.9950877192982456,0.1426500434908669,0.857349956509133
26627,YKR079C YPL001W,0.0,NA,0.19420595467090607,2836,4427,26614,14,0.8689622613673247,0.39047225664326035,0.9950877192982456,0.14261782803389067,0.8573821719661093
26628,YHL022C YDR216W,0.0,NA,0.19436536729335785,2836,4426,26615,14,0.8689917677259449,0.3905260258881851,0.9950877192982456,0.1425856125769144,0.8574143874230856
26629,YOL093W YER137C-A,0.0,NA,0.19442354142665863,2836,4425,26616,14,0.8690212740845652,0.390579809943534,0.9950877192982456,0.14255339711993814,0.8574466028800618
26630,YLR345W YHL022C,0.0,NA,0.19444121420383453,2836,4424,26617,14,0.8690507804431855,0.390633608815427,0.9950877192982456,0.14252118166296188,0.8574788183370381
26631,YOR142W-A YOL140W,0.0,NA,0.19451965391635895,2836,4423,26618,14,0.8690802868018058,0.3906874225099876,0.9950877192982456,0.14248896620598564,0.8575110337940144
26632,YNR038W YER161C,0.0,NA,0.19457316398620605,2836,4422,26619,14,0.869109793160426,0.3907412510333425,0.9950877192982456,0.14245675074900938,0.8575432492509907
26633,YCR086W YKR089C,0.0,NA,0.1946040391921997,2836,4421,26620,14,0.8691392995190463,0.39079509439162186,0.9950877192982456,0.1424245352920331,0.8575754647079669
26634,YBL003C YBR236C,0.0,NA,0.1947048455476761,2836,4420,26621,14,0.8691688058776667,0.3908489525909592,0.9950877192982456,0.14239231983505685,0.8576076801649432
26635,YFL002W-A YAL031C,0.0,NA,0.1949855238199234,2836,4419,26622,14,0.869198312236287,0.3909028256374914,0.9950877192982456,0.1423601043780806,0.8576398956219194
26636,YDL105W YJL113W,0.0,NA,0.19500142335891724,2836,4418,26623,14,0.8692278185949072,0.3909567135373587,0.9950877192982456,0.14232788892110435,0.8576721110788956
26637,YJR074W YNL190W,0.0,NA,0.19506947696208954,2836,4417,26624,14,0.8692573249535275,0.3910106162967048,0.9950877192982456,0.14229567346412808,0.8577043265358719
26638,YDL174C YOR197W,0.0,NA,0.19509686529636383,2836,4416,26625,14,0.8692868313121478,0.3910645339216768,0.9950877192982456,0.14226345800715184,0.8577365419928482
26639,YPL081W YLR130C,0.0,NA,0.19513146579265594,2836,4415,26626,14,0.8693163376707681,0.39111846641842507,0.9950877192982456,0.14223124255017558,0.8577687574498244
26640,YBL100W-A YDR177W,0.0,NA,0.19518305361270905,2836,4414,26627,14,0.8693458440293883,0.39117241379310347,0.9950877192982456,0.14219902709319931,0.8578009729068007
26641,YDL098C YAL023C,0.0,NA,0.1952403038740158,2836,4413,26628,14,0.8693753503880086,0.3912263760518692,0.9950877192982456,0.14216681163622305,0.857833188363777
26642,YJL039C YNL316C,0.0,NA,0.19525165855884552,2836,4412,26629,14,0.8694048567466289,0.391280353200883,0.9950877192982456,0.1421345961792468,0.8578654038207532
26643,YER074W-A YAL022C,0.0,NA,0.1952638477087021,2836,4411,26630,14,0.8694343631052491,0.39133434524630883,0.9950877192982456,0.14210238072227055,0.8578976192777295
26644,YIR006C YGR013W,0.0,NA,0.19551420211791992,2836,4410,26631,14,0.8694638694638694,0.3913883521943141,0.9950877192982456,0.14207016526529428,0.8579298347347057
26645,YLL040C YOR308C,0.0,NA,0.19554540514945984,2836,4409,26632,14,0.8694933758224898,0.3914423740510697,0.9950877192982456,0.14203794980831802,0.8579620501916819
26646,YPR122W YDR316W-A,0.0,NA,0.19557957351207733,2836,4408,26633,14,0.8695228821811101,0.3914964108227499,0.9950877192982456,0.14200573435134178,0.8579942656486582
26647,YLR390W-A YMR251W,0.0,NA,0.1956760287284851,2836,4407,26634,14,0.8695523885397303,0.3915504625155322,0.9950877192982456,0.14197351889436552,0.8580264811056345
26648,YDL210W YOR279C,0.0,NA,0.19579216837882996,2836,4406,26635,14,0.8695818948983506,0.3916045291355979,0.9950877192982456,0.14194130343738925,0.8580586965626107
26649,YNL061W YOR167C,0.0,NA,0.19583570957183838,2836,4405,26636,14,0.8696114012569709,0.3916586106891313,0.9950877192982456,0.141909087980413,0.858090912019587
26650,YML013W YDR183W,0.0,NA,0.1959829479455948,2836,4404,26637,14,0.8696409076155912,0.39171270718232043,0.9950877192982456,0.14187687252343675,0.8581231274765633
26651,YGR056W YDR014W,0.0,NA,0.19611480832099915,2836,4403,26638,14,0.8696704139742114,0.39176681862135654,0.9950877192982456,0.1418446570664605,0.8581553429335396
26652,YBR218C YMR236W,0.0,NA,0.1961902529001236,2836,4402,26639,14,0.8696999203328317,0.39182094501243436,0.9950877192982456,0.14181244160948422,0.8581875583905157
26653,YPR062W YML023C,0.0,NA,0.1962447464466095,2836,4401,26640,14,0.869729426691452,0.3918750863617521,0.9950877192982456,0.14178022615250796,0.858219773847492
26654,YBL041W YER164W,0.0,NA,0.19639088213443756,2836,4400,26641,14,0.8697589330500722,0.3919292426755113,0.9950877192982456,0.14174801069553172,0.8582519893044683
26655,YJR062C YDR372C,0.0,NA,0.1965264081954956,2836,4399,26642,14,0.8697884394086925,0.3919834139599171,0.9950877192982456,0.14171579523855546,0.8582842047614445
26656,YML051W YHR206W,0.0,NA,0.19655752182006836,2836,4398,26643,14,0.8698179457673129,0.3920376002211778,0.9950877192982456,0.1416835797815792,0.8583164202184208
26657,YIL120W YHR174W,0.0,NA,0.19673173129558563,2836,4397,26644,14,0.8698474521259332,0.3920918014655053,0.9950877192982456,0.14165136432460296,0.8583486356753971
26658,YKL092C YOL069W,0.0,NA,0.19673825800418854,2836,4396,26645,14,0.8698769584845534,0.39214601769911506,0.9950877192982456,0.1416191488676267,0.8583808511323733
26659,YOL075C YJL010C,0.0,NA,0.1967681497335434,2836,4395,26646,14,0.8699064648431737,0.3922002489282257,0.9950877192982456,0.14158693341065043,0.8584130665893496
26660,YGL018C YOR005C,0.0,NA,0.19724184274673462,2836,4394,26647,14,0.869935971201794,0.39225449515905947,0.9950877192982456,0.14155471795367416,0.8584452820463259
26661,YKR085C YBR179C,0.0,NA,0.19732244312763214,2836,4393,26648,14,0.8699654775604143,0.392308756397842,0.9950877192982456,0.14152250249669793,0.858477497503302
26662,YMR070W YLR115W,0.0,NA,0.19745352864265442,2836,4392,26649,14,0.8699949839190345,0.3923630326508024,0.9950877192982456,0.14149028703972166,0.8585097129602783
26663,YPL040C YDR084C,0.0,NA,0.1974971890449524,2836,4391,26650,14,0.8700244902776548,0.3924173239241732,0.9950877192982456,0.1414580715827454,0.8585419284172546
26664,YML014W YGR191W,0.0,NA,0.19755819439888,2836,4390,26651,14,0.8700539966362751,0.3924716302241904,0.9950877192982456,0.14142585612576913,0.8585741438742308
26665,YGR272C YJR068W,0.0,NA,0.19756647944450378,2836,4389,26652,14,0.8700835029948955,0.3925259515570934,0.9950877192982456,0.1413936406687929,0.8586063593312071
26666,YCR014C YIR002C,0.0,NA,0.19779816269874573,2836,4388,26653,14,0.8701130093535157,0.39258028792912514,0.9950877192982456,0.14136142521181663,0.8586385747881834
26667,YCR016W YKL119C,0.0,NA,0.19784535467624664,2836,4387,26654,14,0.870142515712136,0.3926346393465319,0.9950877192982456,0.14132920975484037,0.8586707902451596
26668,YJR012C YLR131C,0.0,NA,0.19786770641803741,2836,4386,26655,14,0.8701720220707563,0.39268900581556354,0.9950877192982456,0.1412969942978641,0.8587030057021359
26669,YMR210W YLR191W,0.0,NA,0.1980549842119217,2836,4385,26656,14,0.8702015284293765,0.3927433873424733,0.9950877192982456,0.14126477884088787,0.8587352211591122
26670,YHR025W YLR082C,0.0,NA,0.19809387624263763,2836,4384,26657,14,0.8702310347879968,0.392797783933518,0.9950877192982456,0.1412325633839116,0.8587674366160885
26671,YIL148W YJR074W,0.0,NA,0.19810453057289124,2836,4383,26658,14,0.8702605411466171,0.39285219559495776,0.9950877192982456,0.14120034792693534,0.8587996520730646
26672,YGR112W YLR340W,0.0,NA,0.19814977049827576,2836,4382,26659,14,0.8702900475052374,0.39290662233305623,0.9950877192982456,0.14116813246995907,0.8588318675300409
26673,YMR322C YDR316W-B,0.0,NA,0.19819967448711395,2836,4381,26660,14,0.8703195538638576,0.39296106415408066,0.9950877192982456,0.14113591701298284,0.8588640829870172
26674,YDR515W YKL160W,0.0,NA,0.19826261699199677,2836,4380,26661,14,0.8703490602224779,0.39301552106430154,0.9950877192982456,0.14110370155600657,0.8588962984439934
26675,YER007W YNL084C,0.0,NA,0.19842897355556488,2836,4379,26662,14,0.8703785665810982,0.3930699930699931,0.9950877192982456,0.1410714860990303,0.8589285139009697
26676,YHR118C YER082C,0.0,NA,0.1984664797782898,2836,4378,26663,14,0.8704080729397186,0.3931244801774328,0.9950877192982456,0.14103927064205407,0.858960729357946
26677,YDR363W-A YOR275C,0.0,NA,0.19848258793354034,2836,4377,26664,14,0.8704375792983388,0.3931789823929017,0.9950877192982456,0.1410070551850778,0.8589929448149222
26678,YHR194W YLL006W,1.0,NA,0.19848917424678802,2835,4377,26664,15,0.8704080729397186,0.39309484193011646,0.9947368421052631,0.1410070551850778,0.8589929448149222
26679,YOL112W YMR180C,0.0,NA,0.1985321044921875,2835,4376,26665,15,0.8704375792983388,0.39314935515185134,0.9947368421052631,0.14097483972810154,0.8590251602718985
26680,YDR251W YDR113C,0.0,NA,0.19859124720096588,2835,4375,26666,15,0.8704670856569591,0.3932038834951456,0.9947368421052631,0.14094262427112528,0.8590573757288748
26681,YKL034W YDR252W,0.0,NA,0.19860966503620148,2835,4374,26667,15,0.8704965920155794,0.39325842696629215,0.9947368421052631,0.14091040881414904,0.8590895911858509
26682,YHR079C YPL079W,0.0,NA,0.19867867231369019,2835,4373,26668,15,0.8705260983741996,0.3933129855715871,0.9947368421052631,0.14087819335717278,0.8591218066428272
26683,YBR152W YGR217W,0.0,NA,0.1986938714981079,2835,4372,26669,15,0.8705556047328199,0.39336755931733036,0.9947368421052631,0.1408459779001965,0.8591540220998035
26684,YOL103W-A YHR148W,0.0,NA,0.19878551363945007,2835,4371,26670,15,0.8705851110914402,0.39342214820982513,0.9947368421052631,0.14081376244322025,0.8591862375567797
26685,YMR010W YOR315W,0.0,NA,0.19892637431621552,2835,4370,26671,15,0.8706146174500605,0.3934767522553782,0.9947368421052631,0.140781546986244,0.859218453013756
26686,YDL065C YDL060W,0.0,NA,0.19897963106632233,2835,4369,26672,15,0.8706441238086807,0.3935313714602998,0.9947368421052631,0.14074933152926775,0.8592506684707323
26687,YPL275W YGL172W,0.0,NA,0.19899360835552216,2835,4368,26673,15,0.870673630167301,0.3935860058309038,0.9947368421052631,0.14071711607229148,0.8592828839277085
26688,YML065W YHR134W,0.0,NA,0.19927015900611877,2835,4367,26674,15,0.8707031365259214,0.39364065537350734,0.9947368421052631,0.14068490061531522,0.8593150993846848
26689,YPL267W YOR020C,0.0,NA,0.19927772879600525,2835,4366,26675,15,0.8707326428845417,0.3936953200944313,0.9947368421052631,0.14065268515833898,0.859347314841661
26690,YGR135W YNL178W,0.0,NA,0.19930751621723175,2835,4365,26676,15,0.8707621492431619,0.39375,0.9947368421052631,0.14062046970136272,0.8593795302986373
26691,YPL157W YBR168W,0.0,NA,0.19943779706954956,2835,4364,26677,15,0.8707916556017822,0.3938046950965412,0.9947368421052631,0.14058825424438645,0.8594117457556135
26692,YPL138C YPL174C,0.0,NA,0.19953705370426178,2835,4363,26678,15,0.8708211619604025,0.3938594053903862,0.9947368421052631,0.1405560387874102,0.8594439612125898
26693,YOL135C YIL083C,0.0,NA,0.1995815634727478,2835,4362,26679,15,0.8708506683190228,0.39391413088787,0.9947368421052631,0.14052382333043395,0.8594761766695661
26694,YGL104C YKR088C,0.0,NA,0.1996021717786789,2835,4361,26680,15,0.870880174677643,0.3939688715953307,0.9947368421052631,0.14049160787345769,0.8595083921265423
26695,YHR068W YOR324C,0.0,NA,0.19970443844795227,2835,4360,26681,15,0.8709096810362633,0.3940236275191105,0.9947368421052631,0.14045939241648142,0.8595406075835186
26696,YLR308W YER030W,0.0,NA,0.1997368335723877,2835,4359,26682,15,0.8709391873948836,0.3940783986655546,0.9947368421052631,0.14042717695950518,0.8595728230404949
26697,YLR291C YPR104C,0.0,NA,0.19984835386276245,2835,4358,26683,15,0.8709686937535038,0.3941331850410121,0.9947368421052631,0.14039496150252892,0.859605038497471
26698,YDR044W YBL020W,0.0,NA,0.19986212253570557,2835,4357,26684,15,0.8709982001121241,0.39418798665183535,0.9947368421052631,0.14036274604555266,0.8596372539544473
26699,YMR043W YDR295C,0.0,NA,0.20000600814819336,2835,4356,26685,15,0.8710277064707445,0.39424280350438046,0.9947368421052631,0.1403305305885764,0.8596694694114236
26700,YPL007C YDR408C,0.0,NA,0.2002018541097641,2835,4355,26686,15,0.8710572128293648,0.39429763560500697,0.9947368421052631,0.14029831513160015,0.8597016848683998
26701,YBR193C YNL263C,0.0,NA,0.20027099549770355,2835,4354,26687,15,0.871086719187985,0.3943524829600779,0.9947368421052631,0.1402660996746239,0.8597339003253761
26702,YPR107C YCL019W,0.0,NA,0.2003178894519806,2835,4353,26688,15,0.8711162255466053,0.3944073455759599,0.9947368421052631,0.14023388421764763,0.8597661157823524
26703,YJR027W YIL145C,0.0,NA,0.20036986470222473,2835,4352,26689,15,0.8711457319052256,0.3944622234590232,0.9947368421052631,0.14020166876067136,0.8597983312393286
26704,YLR286C YBL061C,0.0,NA,0.2003936916589737,2835,4351,26690,15,0.8711752382638459,0.39451711661564154,0.9947368421052631,0.14016945330369512,0.8598305466963049
26705,YAL042W YBL100W-B,0.0,NA,0.20043708384037018,2835,4350,26691,15,0.8712047446224661,0.3945720250521921,0.9947368421052631,0.14013723784671886,0.8598627621532812
26706,YLL056C YMR156C,0.0,NA,0.2007446438074112,2835,4349,26692,15,0.8712342509810864,0.39462694877505566,0.9947368421052631,0.1401050223897426,0.8598949776102573
26707,YMR021C YAL001C,0.0,NA,0.20088887214660645,2835,4348,26693,15,0.8712637573397067,0.39468188779061675,0.9947368421052631,0.14007280693276633,0.8599271930672336
26708,YJL034W YOL018C,0.0,NA,0.20100286602973938,2835,4347,26694,15,0.8712932636983269,0.39473684210526316,0.9947368421052631,0.1400405914757901,0.8599594085242099
26709,YKL070W YML077W,0.0,NA,0.20100516080856323,2835,4346,26695,15,0.8713227700569472,0.3947918117253864,0.9947368421052631,0.14000837601881383,0.8599916239811862
26710,YHR031C YGL055W,1.0,NA,0.20122873783111572,2834,4346,26695,16,0.8712932636983269,0.3947075208913649,0.9943859649122807,0.14000837601881383,0.8599916239811862
26711,YDR135C Q0110,0.0,NA,0.20137779414653778,2834,4345,26696,16,0.8713227700569472,0.3947625017411896,0.9943859649122807,0.13997616056183756,0.8600238394381624
26712,YLR347C YPL143W,0.0,NA,0.20148886740207672,2834,4344,26697,16,0.8713522764155676,0.3948174979102814,0.9943859649122807,0.1399439451048613,0.8600560548951387
26713,YGR281W YNL135C,0.0,NA,0.2014932632446289,2834,4343,26698,16,0.8713817827741879,0.39487250940504387,0.9943859649122807,0.13991172964788506,0.860088270352115
26714,YLR227C YLR043C,0.0,NA,0.2014952003955841,2834,4342,26699,16,0.8714112891328081,0.39492753623188404,0.9943859649122807,0.1398795141909088,0.8601204858090912
26715,YPR042C YCL050C,0.0,NA,0.20149855315685272,2834,4341,26700,16,0.8714407954914284,0.39498257839721257,0.9943859649122807,0.13984729873393253,0.8601527012660675
26716,YPL113C YFL008W,0.0,NA,0.20151381194591522,2834,4340,26701,16,0.8714703018500487,0.39503763590744356,0.9943859649122807,0.13981508327695627,0.8601849167230438
26717,YPR021C YNL158W,0.0,NA,0.20152926445007324,2834,4339,26702,16,0.871499808208669,0.3950927087689948,0.9943859649122807,0.13978286781998003,0.8602171321800199
26718,YDR361C YDR295C,0.0,NA,0.2018292099237442,2834,4338,26703,16,0.8715293145672892,0.3951477969882878,0.9943859649122807,0.13975065236300377,0.8602493476369962
26719,YGL114W YLR319C,0.0,NA,0.2018560916185379,2834,4337,26704,16,0.8715588209259095,0.39520290057174734,0.9943859649122807,0.1397184369060275,0.8602815630939725
26720,YFR014C YBR110W,0.0,NA,0.20191757380962372,2834,4336,26705,16,0.8715883272845298,0.395258019525802,0.9943859649122807,0.13968622144905127,0.8603137785509487
26721,YLR242C YHR026W,0.0,NA,0.2019367516040802,2834,4335,26706,16,0.8716178336431502,0.3953131538568838,0.9943859649122807,0.139654005992075,0.860345994007925
26722,YER190W YPL007C,0.0,NA,0.20207013189792633,2834,4334,26707,16,0.8716473400017704,0.39536830357142855,0.9943859649122807,0.13962179053509874,0.8603782094649013
26723,YDR363W-A YHL003C,0.0,NA,0.20207993686199188,2834,4333,26708,16,0.8716768463603907,0.3954234686758755,0.9943859649122807,0.13958957507812247,0.8604104249218775
26724,YNL099C YKR035W-A,0.0,NA,0.2020815759897232,2834,4332,26709,16,0.871706352719011,0.3954786491766676,0.9943859649122807,0.13955735962114624,0.8604426403788538
26725,YGL039W YPR046W,0.0,NA,0.20216578245162964,2834,4331,26710,16,0.8717358590776312,0.39553384508025125,0.9943859649122807,0.13952514416416997,0.86047485583583
26726,YKL052C YFR045W,0.0,NA,0.20229771733283997,2834,4330,26711,16,0.8717653654362515,0.3955890563930765,0.9943859649122807,0.1394929287071937,0.8605070712928062
26727,YKL043W YEL053C,0.0,NA,0.20237977802753448,2834,4329,26712,16,0.8717948717948718,0.3956442831215971,0.9943859649122807,0.13946071325021744,0.8605392867497825
26728,YOR270C YGR283C,0.0,NA,0.20241756737232208,2834,4328,26713,16,0.8718243781534921,0.3956995252722703,0.9943859649122807,0.1394284977932412,0.8605715022067588
26729,YOR361C YMR198W,0.0,NA,0.2024645358324051,2834,4327,26714,16,0.8718538845121123,0.395754782851557,0.9943859649122807,0.13939628233626494,0.8606037176637351
26730,YMR134W YIL065C,1.0,NA,0.20273174345493317,2833,4327,26714,17,0.8718243781534921,0.3956703910614525,0.9940350877192983,0.13939628233626494,0.8606037176637351
26731,YKR085C YDR150W,0.0,NA,0.20273490250110626,2833,4326,26715,17,0.8718538845121123,0.39572566000838105,0.9940350877192983,0.13936406687928868,0.8606359331207113
26732,YEL019C YNL279W,0.0,NA,0.2029111087322235,2833,4325,26716,17,0.8718833908707326,0.3957809443978765,0.9940350877192983,0.1393318514223124,0.8606681485776876
26733,YER164W YPL174C,0.0,NA,0.20301632583141327,2833,4324,26717,17,0.871912897229353,0.3958362442364119,0.9940350877192983,0.13929963596533618,0.8607003640346639
26734,YGL144C YNL175C,0.0,NA,0.20302291214466095,2833,4323,26718,17,0.8719424035879733,0.39589155953046395,0.9940350877192983,0.1392674205083599,0.8607325794916401
26735,YDL185W YBR215W,0.0,NA,0.2035648077726364,2833,4322,26719,17,0.8719719099465935,0.3959468902865129,0.9940350877192983,0.13923520505138365,0.8607647949486164
26736,YJR003C YHL038C,0.0,NA,0.20377808809280396,2833,4321,26720,17,0.8720014163052138,0.39600223651104277,0.9940350877192983,0.13920298959440738,0.8607970104055926
26737,YGR097W YER164W,0.0,NA,0.20389236509799957,2833,4320,26721,17,0.8720309226638341,0.39605759821054104,0.9940350877192983,0.13917077413743115,0.8608292258625688
26738,YER172C YHR041C,0.0,NA,0.20391963422298431,2833,4319,26722,17,0.8720604290224543,0.39611297539149887,0.9940350877192983,0.13913855868045488,0.8608614413195451
26739,YLR133W YPL208W,0.0,NA,0.2040630429983139,2833,4318,26723,17,0.8720899353810746,0.3961683680604111,0.9940350877192983,0.13910634322347862,0.8608936567765214
26740,YLR157C-B YGR161W-B,0.0,NA,0.20411649346351624,2833,4317,26724,17,0.8721194417396949,0.39622377622377625,0.9940350877192983,0.13907412776650238,0.8609258722334976
26741,YDR164C YPR095C,0.0,NA,0.2041739523410797,2833,4316,26725,17,0.8721489480983152,0.39627919988809623,0.9940350877192983,0.13904191230952612,0.8609580876904739
26742,YDR191W YGR285C,0.0,NA,0.20430544018745422,2833,4315,26726,17,0.8721784544569354,0.39633463905987687,0.9940350877192983,0.13900969685254985,0.8609903031474502
26743,YLR145W YER001W,0.0,NA,0.2043982446193695,2833,4314,26727,17,0.8722079608155557,0.39639009374562756,0.9940350877192983,0.1389774813955736,0.8610225186044264
26744,YJL004C YFR004W,0.0,NA,0.20464220643043518,2833,4313,26728,17,0.872237467174176,0.3964455639518612,0.9940350877192983,0.13894526593859735,0.8610547340614026
26745,YMR053C YKR087C,0.0,NA,0.2047909051179886,2833,4312,26729,17,0.8722669735327964,0.3965010496850945,0.9940350877192983,0.1389130504816211,0.8610869495183789
26746,YMR306W YFR036W,0.0,NA,0.20481249690055847,2833,4311,26730,17,0.8722964798914166,0.3965565509518477,0.9940350877192983,0.13888083502464482,0.8611191649753551
26747,YML021C YGL133W,0.0,NA,0.20484086871147156,2833,4310,26731,17,0.8723259862500369,0.3966120677586448,0.9940350877192983,0.13884861956766856,0.8611513804323314
26748,YBR055C YLR043C,0.0,NA,0.20485509932041168,2833,4309,26732,17,0.8723554926086572,0.39666760011201346,0.9940350877192983,0.13881640411069232,0.8611835958893077
26749,YGL114W YNL039W,0.0,NA,0.20495091378688812,2833,4308,26733,17,0.8723849989672775,0.3967231480184848,0.9940350877192983,0.13878418865371606,0.861215811346284
26750,YDR345C snR9,0.0,NA,0.2049548625946045,2833,4307,26734,17,0.8724145053258977,0.3967787114845938,0.9940350877192983,0.1387519731967398,0.8612480268032602
26751,YBR233W-A YDR091C,0.0,NA,0.20511019229888916,2833,4306,26735,17,0.872444011684518,0.39683429051687913,0.9940350877192983,0.13871975773976353,0.8612802422602365
26752,YNL339C YER112W,0.0,NA,0.20518018305301666,2833,4305,26736,17,0.8724735180431383,0.3968898851218829,0.9940350877192983,0.1386875422827873,0.8613124577172128
26753,YAL011W YOL075C,0.0,NA,0.20522712171077728,2833,4304,26737,17,0.8725030244017585,0.39694549530615103,0.9940350877192983,0.13865532682581103,0.861344673174189
26754,YKR085C YOR330C,0.0,NA,0.20548948645591736,2833,4303,26738,17,0.8725325307603788,0.3970011210762332,0.9940350877192983,0.13862311136883476,0.8613768886311652
26755,YMR119W YMR047C,0.0,NA,0.20576977729797363,2833,4302,26739,17,0.8725620371189992,0.39705676243868254,0.9940350877192983,0.1385908959118585,0.8614091040881415
26756,YIL147C YLR188W,0.0,NA,0.2058628499507904,2833,4301,26740,17,0.8725915434776195,0.3971124194000561,0.9940350877192983,0.13855868045488226,0.8614413195451177
26757,YOR234C YDR427W,0.0,NA,0.20591308176517487,2833,4300,26741,17,0.8726210498362397,0.3971680919669143,0.9940350877192983,0.138526464997906,0.861473535002094
26758,YGR087C YLL017W,0.0,NA,0.20593257248401642,2833,4299,26742,17,0.87265055619486,0.39722378014582166,0.9940350877192983,0.13849424954092973,0.8615057504590703
26759,YNR050C YKR062W,0.0,NA,0.20598983764648438,2833,4298,26743,17,0.8726800625534803,0.39727948394334595,0.9940350877192983,0.1384620340839535,0.8615379659160465
26760,YKL060C YOL130W,0.0,NA,0.20610323548316956,2833,4297,26744,17,0.8727095689121006,0.39733520336605893,0.9940350877192983,0.13842981862697723,0.8615701813730228
26761,YOR126C YKL067W,0.0,NA,0.2061925232410431,2833,4296,26745,17,0.8727390752707208,0.39739093842053586,0.9940350877192983,0.13839760317000097,0.8616023968299991
26762,YNL041C YGL120C,0.0,NA,0.20626594126224518,2833,4295,26746,17,0.8727685816293411,0.3974466891133558,0.9940350877192983,0.1383653877130247,0.8616346122869752
26763,YKL007W YHR123W,0.0,NA,0.206401064991951,2833,4294,26747,17,0.8727980879879614,0.39750245545110147,0.9940350877192983,0.13833317225604846,0.8616668277439515
26764,YDR305C YBR139W,0.0,NA,0.20647884905338287,2833,4293,26748,17,0.8728275943465816,0.39755823744035923,0.9940350877192983,0.1383009567990722,0.8616990432009278
26765,YBL027W YER129W,0.0,NA,0.20659075677394867,2833,4292,26749,17,0.872857100705202,0.3976140350877193,0.9940350877192983,0.13826874134209594,0.861731258657904
26766,YKL205W YOL105C,0.0,NA,0.20674045383930206,2833,4291,26750,17,0.8728866070638223,0.3976698483997754,0.9940350877192983,0.13823652588511967,0.8617634741148803
26767,YJL109C YEL009C,0.0,NA,0.20677518844604492,2833,4290,26751,17,0.8729161134224426,0.3977256773831251,0.9940350877192983,0.13820431042814343,0.8617956895718566
26768,YIL085C YJL074C,0.0,NA,0.20694275200366974,2833,4289,26752,17,0.8729456197810628,0.39778152204436956,0.9940350877192983,0.13817209497116717,0.8618279050288329
26769,YOL155C YOR020C,0.0,NA,0.20718935132026672,2833,4288,26753,17,0.8729751261396831,0.39783738239011374,0.9940350877192983,0.1381398795141909,0.8618601204858091
26770,YBR084C-A YNR026C,0.0,NA,0.20720994472503662,2833,4287,26754,17,0.8730046324983034,0.39789325842696627,0.9940350877192983,0.13810766405721464,0.8618923359427854
26771,snR63 YDR399W,0.0,NA,0.207321897149086,2833,4286,26755,17,0.8730341388569237,0.39794915016153953,0.9940350877192983,0.1380754486002384,0.8619245513997617
26772,YJL136C YKL004W,0.0,NA,0.2075260430574417,2833,4285,26756,17,0.8730636452155439,0.3980050576004496,0.9940350877192983,0.13804323314326214,0.8619567668567378
26773,snR19 YPL020C,0.0,NA,0.20791222155094147,2833,4284,26757,17,0.8730931515741642,0.39806098075031615,0.9940350877192983,0.13801101768628588,0.8619889823137141
26774,YCL050C YKL015W,0.0,NA,0.20798274874687195,2833,4283,26758,17,0.8731226579327845,0.3981169196177628,0.9940350877192983,0.1379788022293096,0.8620211977706904
26775,YML036W YIL125W,0.0,NA,0.2081257402896881,2833,4282,26759,17,0.8731521642914049,0.3981728742094167,0.9940350877192983,0.13794658677233337,0.8620534132276666
26776,YER170W YOR273C,0.0,NA,0.2081628441810608,2833,4281,26760,17,0.873181670650025,0.39822884453190893,0.9940350877192983,0.1379143713153571,0.8620856286846429
26777,YNL178W YBR004C,0.0,NA,0.2082042247056961,2833,4280,26761,17,0.8732111770086454,0.39828483059187403,0.9940350877192983,0.13788215585838084,0.8621178441416192
26778,YCL008C YOR018W,0.0,NA,0.2082478404045105,2833,4279,26762,17,0.8732406833672657,0.39834083239595053,0.9940350877192983,0.13784994040140458,0.8621500595985954
26779,YBR010W YNL322C,0.0,NA,0.2082570195198059,2833,4278,26763,17,0.8732701897258859,0.3983968499507805,0.9940350877192983,0.13781772494442834,0.8621822750555717
26780,YLR114C YBR112C,0.0,NA,0.20831817388534546,2833,4277,26764,17,0.8732996960845062,0.39845288326300987,0.9940350877192983,0.13778550948745208,0.862214490512548
26781,snR5 YAL023C,0.0,NA,0.2084648311138153,2833,4276,26765,17,0.8733292024431265,0.39850893233928825,0.9940350877192983,0.13775329403047581,0.8622467059695241
26782,YBL020W YNL255C,0.0,NA,0.208500936627388,2833,4275,26766,17,0.8733587088017468,0.398564997186269,0.9940350877192983,0.13772107857349958,0.8622789214265004
26783,YLR098C YCL074W,0.0,NA,0.20850831270217896,2833,4274,26767,17,0.873388215160367,0.39862107781060924,0.9940350877192983,0.1376888631165233,0.8623111368834767
26784,YML113W YLR242C,0.0,NA,0.2085089385509491,2833,4273,26768,17,0.8734177215189873,0.39867717421896987,0.9940350877192983,0.13765664765954705,0.8623433523404529
26785,YDR082W YDR084C,0.0,NA,0.2085757553577423,2833,4272,26769,17,0.8734472278776076,0.3987332864180155,0.9940350877192983,0.13762443220257078,0.8623755677974292
26786,YOR137C YFR041C,0.0,NA,0.20858512818813324,2833,4271,26770,17,0.873476734236228,0.3987894144144144,0.9940350877192983,0.13759221674559455,0.8624077832544055
26787,YKL088W YBR249C,0.0,NA,0.20872530341148376,2833,4270,26771,17,0.8735062405948482,0.3988455582148388,0.9940350877192983,0.13756000128861828,0.8624399987113818
26788,YLR245C YMR046C,0.0,NA,0.2088169902563095,2833,4269,26772,17,0.8735357469534685,0.3989017178259645,0.9940350877192983,0.13752778583164202,0.862472214168358
26789,YAL031C YOR035C,0.0,NA,0.20899361371994019,2833,4268,26773,17,0.8735652533120888,0.3989578932544712,0.9940350877192983,0.13749557037466575,0.8625044296253342
26790,YDL149W YGL089C,0.0,NA,0.20901864767074585,2833,4267,26774,17,0.873594759670709,0.39901408450704223,0.9940350877192983,0.13746335491768952,0.8625366450823105
26791,YGR038W YER089C,0.0,NA,0.20915687084197998,2833,4266,26775,17,0.8736242660293293,0.39907029159036483,0.9940350877192983,0.13743113946071325,0.8625688605392867
26792,YML052W YMR045C,0.0,NA,0.20918677747249603,2833,4265,26776,17,0.8736537723879496,0.3991265145111299,0.9940350877192983,0.137398924003737,0.862601075996263
26793,YOR281C YDR229W,0.0,NA,0.20928384363651276,2833,4264,26777,17,0.8736832787465699,0.39918275327603214,0.9940350877192983,0.13736670854676072,0.8626332914532393
26794,YDR200C snR5,0.0,NA,0.20934206247329712,2833,4263,26778,17,0.8737127851051901,0.39923900789177,0.9940350877192983,0.1373344930897845,0.8626655069102155
26795,YMR247C YDL098C,0.0,NA,0.20939256250858307,2833,4262,26779,17,0.8737422914638104,0.3992952783650458,0.9940350877192983,0.13730227763280822,0.8626977223671918
26796,BLM3 YPL253C,0.0,NA,0.20943602919578552,2833,4261,26780,17,0.8737717978224308,0.39935156470256555,0.9940350877192983,0.13727006217583196,0.8627299378241681
26797,YPL156C YOR219C,0.0,NA,0.20945365726947784,2833,4260,26781,17,0.8738013041810511,0.3994078669110391,0.9940350877192983,0.1372378467188557,0.8627621532811443
26798,YOL111C YEL027W,0.0,NA,0.20958082377910614,2833,4259,26782,17,0.8738308105396713,0.3994641849971799,0.9940350877192983,0.13720563126187946,0.8627943687381205
26799,YIL064W YNR032W,0.0,NA,0.2096663862466812,2833,4258,26783,17,0.8738603168982916,0.3995205189677055,0.9940350877192983,0.1371734158049032,0.8628265841950968
26800,YER048W-A YKL145W,0.0,NA,0.20972111821174622,2833,4257,26784,17,0.8738898232569119,0.3995768688293371,0.9940350877192983,0.13714120034792693,0.862858799652073
26801,YNL037C YER167W,0.0,NA,0.21018186211585999,2833,4256,26785,17,0.8739193296155321,0.39963323458879957,0.9940350877192983,0.1371089848909507,0.8628910151090493
26802,YBR058C YJL002C,0.0,NA,0.210368812084198,2833,4255,26786,17,0.8739488359741524,0.3996896162528217,0.9940350877192983,0.13707676943397443,0.8629232305660256
26803,YGR042W YCL019W,0.0,NA,0.210471510887146,2833,4254,26787,17,0.8739783423327727,0.399746013828136,0.9940350877192983,0.13704455397699816,0.8629554460230018
26804,YPR137C-A YML040W,0.0,NA,0.21057140827178955,2833,4253,26788,17,0.874007848691393,0.39980242732147897,0.9940350877192983,0.1370123385200219,0.8629876614799781
26805,YCR009C YLR367W,0.0,NA,0.21075500547885895,2833,4252,26789,17,0.8740373550500132,0.3998588567395907,0.9940350877192983,0.13698012306304566,0.8630198769369544
26806,YER094C YKL085W,0.0,NA,0.21083781123161316,2833,4251,26790,17,0.8740668614086335,0.3999153020892151,0.9940350877192983,0.1369479076060694,0.8630520923939307
26807,YML132W YMR065W,0.0,NA,0.2109597772359848,2833,4250,26791,17,0.8740963677672539,0.3999717633771001,0.9940350877192983,0.13691569214909313,0.8630843078509068
26808,YDR498C YDR238C,0.0,NA,0.21100032329559326,2833,4249,26792,17,0.8741258741258742,0.4000282406099972,0.9940350877192983,0.13688347669211687,0.8631165233078831
26809,YJR089W YDR513W,0.0,NA,0.2111188918352127,2833,4248,26793,17,0.8741553804844944,0.40008473379466175,0.9940350877192983,0.13685126123514063,0.8631487387648594
26810,YER109C YFL002W-A,0.0,NA,0.21114231646060944,2833,4247,26794,17,0.8741848868431147,0.4001412429378531,0.9940350877192983,0.13681904577816437,0.8631809542218356
26811,YIL021W YAR014C,0.0,NA,0.21119916439056396,2833,4246,26795,17,0.874214393201735,0.4001977680463342,0.9940350877192983,0.1367868303211881,0.8632131696788119
26812,YDL093W YJL184W,0.0,NA,0.2112882435321808,2833,4245,26796,17,0.8742438995603553,0.400254309126872,0.9940350877192983,0.13675461486421184,0.8632453851357882
26813,YCL074W YBL084C,0.0,NA,0.2113581746816635,2833,4244,26797,17,0.8742734059189755,0.4003108661862371,0.9940350877192983,0.1367223994072356,0.8632776005927644
26814,YNL030W YAL067C,0.0,NA,0.21139542758464813,2833,4243,26798,17,0.8743029122775958,0.40036743923120405,0.9940350877192983,0.13669018395025934,0.8633098160497407
26815,YFL025C YOR069W,0.0,NA,0.21154510974884033,2833,4242,26799,17,0.8743324186362161,0.4004240282685512,0.9940350877192983,0.13665796849328307,0.863342031506717
26816,YER164W YCL009C,0.0,NA,0.21182766556739807,2833,4241,26800,17,0.8743619249948363,0.4004806333050608,0.9940350877192983,0.1366257530363068,0.8633742469636931
26817,YGR134W YDR210W-B,0.0,NA,0.21210573613643646,2833,4240,26801,17,0.8743914313534566,0.40053725434751875,0.9940350877192983,0.13659353757933057,0.8634064624206694
26818,YBR015C YMR297W,0.0,NA,0.2121146023273468,2833,4239,26802,17,0.874420937712077,0.40059389140271495,0.9940350877192983,0.1365613221223543,0.8634386778776457
26819,YER099C YGL201C,0.0,NA,0.21215051412582397,2833,4238,26803,17,0.8744504440706973,0.4006505444774431,0.9940350877192983,0.13652910666537804,0.8634708933346219
26820,YDR306C YHR053C,0.0,NA,0.21220938861370087,2833,4237,26804,17,0.8744799504293175,0.4007072135785007,0.9940350877192983,0.1364968912084018,0.8635031087915982
26821,YJL129C YHR110W,0.0,NA,0.21243762969970703,2833,4236,26805,17,0.8745094567879378,0.4007638987126892,0.9940350877192983,0.13646467575142554,0.8635353242485745
26822,YER048W-A YOR312C,0.0,NA,0.21249191462993622,2833,4235,26806,17,0.8745389631465581,0.4008205998868138,0.9940350877192983,0.13643246029444928,0.8635675397055507
26823,YDL084W YER164W,0.0,NA,0.21276764571666718,2833,4234,26807,17,0.8745684695051784,0.4008773171076836,0.9940350877192983,0.136400244837473,0.863599755162527
26824,YOR351C YBL045C,0.0,NA,0.21291494369506836,2833,4233,26808,17,0.8745979758637986,0.4009340503821115,0.9940350877192983,0.13636802938049677,0.8636319706195033
26825,YDR308C YBL051C,0.0,NA,0.21308405697345734,2833,4232,26809,17,0.8746274822224189,0.40099079971691437,0.9940350877192983,0.1363358139235205,0.8636641860764795
26826,YLR234W YDL210W,0.0,NA,0.2132045030593872,2833,4231,26810,17,0.8746569885810392,0.4010475651189128,0.9940350877192983,0.13630359846654425,0.8636964015334557
26827,YPL180W YHR113W,0.0,NA,0.21323423087596893,2833,4230,26811,17,0.8746864949396594,0.4011043465949313,0.9940350877192983,0.13627138300956798,0.863728616990432
26828,snR53 tA(AGC)D,0.0,NA,0.21331103146076202,2833,4229,26812,17,0.8747160012982798,0.4011611441517984,0.9940350877192983,0.13623916755259174,0.8637608324474083
26829,YBR212W YNL213C,1.0,NA,0.2133219987154007,2832,4229,26812,18,0.8746864949396594,0.401076334796771,0.9936842105263158,0.13623916755259174,0.8637608324474083
26830,YDL122W YMR127C,0.0,NA,0.21345005929470062,2832,4228,26813,18,0.8747160012982798,0.4011331444759207,0.9936842105263158,0.13620695209561548,0.8637930479043845
26831,YPL195W YDR306C,0.0,NA,0.21353299915790558,2832,4227,26814,18,0.8747455076569001,0.4011899702507437,0.9936842105263158,0.13617473663863922,0.8638252633613608
26832,YLR310C YLR022C,0.0,NA,0.21367406845092773,2832,4226,26815,18,0.8747750140155204,0.4012468121280816,0.9936842105263158,0.13614252118166295,0.8638574788183371
26833,YPR060C YOR304W,0.0,NA,0.2137388288974762,2832,4225,26816,18,0.8748045203741406,0.40130367011477963,0.9936842105263158,0.13611030572468671,0.8638896942753133
26834,YER059W YDL108W,0.0,NA,0.21385827660560608,2832,4224,26817,18,0.8748340267327609,0.4013605442176871,0.9936842105263158,0.13607809026771045,0.8639219097322896
26835,YOL089C YLR043C,0.0,NA,0.21391180157661438,2832,4223,26818,18,0.8748635330913812,0.40141743444365696,0.9936842105263158,0.13604587481073419,0.8639541251892658
26836,tR(ACG)K tG(GCC)J2,0.0,NA,0.21401362121105194,2832,4222,26819,18,0.8748930394500015,0.40147434079954636,0.9936842105263158,0.13601365935375792,0.863986340646242
26837,YCL025C YOL054W,0.0,NA,0.21408449113368988,2832,4221,26820,18,0.8749225458086217,0.40153126329221606,0.9936842105263158,0.13598144389678168,0.8640185561032183
26838,YGR252W YOL135C,0.0,NA,0.2145337164402008,2832,4220,26821,18,0.874952052167242,0.4015882019285309,0.9936842105263158,0.13594922843980542,0.8640507715601946
26839,YJL068C YKL188C,0.0,NA,0.21453450620174408,2832,4219,26822,18,0.8749815585258623,0.4016451567153595,0.9936842105263158,0.13591701298282916,0.8640829870171708
26840,YAR009C YOR192C-B,0.0,NA,0.21457765996456146,2832,4218,26823,18,0.8750110648844827,0.40170212765957447,0.9936842105263158,0.1358847975258529,0.8641152024741471
26841,YDR495C YER094C,0.0,NA,0.21480338275432587,2832,4217,26824,18,0.8750405712431029,0.4017591147680522,0.9936842105263158,0.13585258206887665,0.8641474179311234
26842,YGL021W YGL077C,0.0,NA,0.2150309979915619,2832,4216,26825,18,0.8750700776017232,0.4018161180476731,0.9936842105263158,0.1358203666119004,0.8641796333880996
26843,YLL036C YLR459W,0.0,NA,0.21533280611038208,2832,4215,26826,18,0.8750995839603435,0.4018731375053214,0.9936842105263158,0.13578815115492412,0.8642118488450758
26844,YKL171W YIL173W,0.0,NA,0.2153552919626236,2832,4214,26827,18,0.8751290903189637,0.4019301731478853,0.9936842105263158,0.1357559356979479,0.8642440643020521
26845,YKR085C YLL013C,0.0,NA,0.2154676765203476,2832,4213,26828,18,0.875158596677584,0.4019872249822569,0.9936842105263158,0.13572372024097162,0.8642762797590284
26846,YML046W YER056C,0.0,NA,0.21551717817783356,2832,4212,26829,18,0.8751881030362043,0.4020442930153322,0.9936842105263158,0.13569150478399536,0.8643084952160046
26847,YER164W YDL185W,0.0,NA,0.21566975116729736,2832,4211,26830,18,0.8752176093948246,0.40210137725401107,0.9936842105263158,0.1356592893270191,0.8643407106729809
26848,YER142C YMR077C,0.0,NA,0.21568141877651215,2832,4210,26831,18,0.8752471157534448,0.4021584777051974,0.9936842105263158,0.13562707387004286,0.8643729261299572
26849,YPL156C YCR042C,0.0,NA,0.21593382954597473,2832,4209,26832,18,0.8752766221120651,0.4022155943757989,0.9936842105263158,0.1355948584130666,0.8644051415869334
26850,YMR224C YCR093W,0.0,NA,0.21606718003749847,2832,4208,26833,18,0.8753061284706855,0.4022727272727273,0.9936842105263158,0.13556264295609033,0.8644373570439097
26851,YDL109C YKL045W,0.0,NA,0.21631434559822083,2832,4207,26834,18,0.8753356348293058,0.40232987640289813,0.9936842105263158,0.13553042749911406,0.864469572500886
26852,YNL065W YOL138C,0.0,NA,0.2165040820837021,2832,4206,26835,18,0.875365141187926,0.40238704177323104,0.9936842105263158,0.13549821204213783,0.8645017879578621
26853,YPR036W YJL080C,0.0,NA,0.216522678732872,2832,4205,26836,18,0.8753946475465463,0.40244422339064945,0.9936842105263158,0.13546599658516156,0.8645340034148384
26854,YDR421W YPR107C,0.0,NA,0.216527059674263,2832,4204,26837,18,0.8754241539051666,0.4025014212620807,0.9936842105263158,0.1354337811281853,0.8645662188718147
26855,YNL116W YNL154C,0.0,NA,0.21665507555007935,2832,4203,26838,18,0.8754536602637868,0.4025586353944563,0.9936842105263158,0.13540156567120903,0.8645984343287909
26856,YBR049C YJR064W,0.0,NA,0.2169068306684494,2832,4202,26839,18,0.8754831666224071,0.4026158657947114,0.9936842105263158,0.1353693502142328,0.8646306497857672
26857,YGL004C YDR170W-A,0.0,NA,0.21693074703216553,2832,4201,26840,18,0.8755126729810274,0.4026731124697853,0.9936842105263158,0.13533713475725653,0.8646628652427435
26858,YPR186C YPL274W,0.0,NA,0.21719291806221008,2832,4200,26841,18,0.8755421793396477,0.40273037542662116,0.9936842105263158,0.13530491930028027,0.8646950806997197
26859,YDR182W YOL138C,0.0,NA,0.2172079235315323,2832,4199,26842,18,0.8755716856982679,0.4027876546721661,0.9936842105263158,0.135272703843304,0.864727296156696
26860,YLR376C YDR251W,0.0,NA,0.21769191324710846,2832,4198,26843,18,0.8756011920568882,0.40284495021337124,0.9936842105263158,0.13524048838632777,0.8647595116136723
26861,YPL111W YBR278W,0.0,NA,0.21782508492469788,2832,4197,26844,18,0.8756306984155086,0.40290226205719165,0.9936842105263158,0.1352082729293515,0.8647917270706486
26862,YPL027W YDR096W,0.0,NA,0.2178269475698471,2832,4196,26845,18,0.8756602047741289,0.40295959021058625,0.9936842105263158,0.13517605747237524,0.8648239425276247
26863,YBR036C YER074W-A,0.0,NA,0.21803751587867737,2832,4195,26846,18,0.8756897111327491,0.403016934680518,0.9936842105263158,0.135143842015399,0.864856157984601
26864,YHR067W YLR131C,0.0,NA,0.2180768847465515,2832,4194,26847,18,0.8757192174913694,0.4030742954739539,0.9936842105263158,0.13511162655842274,0.8648883734415773
26865,YER133W YER124C,0.0,NA,0.21836617588996887,2832,4193,26848,18,0.8757487238499897,0.40313167259786475,0.9936842105263158,0.13507941110144647,0.8649205888985535
26866,YDL109C YNL046W,0.0,NA,0.21851859986782074,2832,4192,26849,18,0.87577823020861,0.4031890660592255,0.9936842105263158,0.1350471956444702,0.8649528043555298
26867,YBR012W-B YDR246W,0.0,NA,0.21856193244457245,2832,4191,26850,18,0.8758077365672302,0.40324647586501494,0.9936842105263158,0.13501498018749397,0.8649850198125061
26868,YOR360C YLR029C,0.0,NA,0.21859662234783173,2832,4190,26851,18,0.8758372429258505,0.4033039020222159,0.9936842105263158,0.1349827647305177,0.8650172352694823
26869,YFL031W YHR048W,0.0,NA,0.21875332295894623,2832,4189,26852,18,0.8758667492844708,0.40336134453781514,0.9936842105263158,0.13495054927354144,0.8650494507264586
26870,YNL111C YKR097W,0.0,NA,0.2191506028175354,2832,4188,26853,18,0.875896255643091,0.40341880341880343,0.9936842105263158,0.13491833381656518,0.8650816661834348
26871,YJL001W YKL067W,0.0,NA,0.21915915608406067,2832,4187,26854,18,0.8759257620017113,0.4034762786721755,0.9936842105263158,0.13488611835958894,0.865113881640411
26872,YML052W YJL085W,0.0,NA,0.21915975213050842,2832,4186,26855,18,0.8759552683603317,0.4035337703049302,0.9936842105263158,0.13485390290261268,0.8651460970973873
26873,YJL039C YDL215C,0.0,NA,0.2192062884569168,2832,4185,26856,18,0.875984774718952,0.4035912783240701,0.9936842105263158,0.1348216874456364,0.8651783125543636
26874,YBR173C YGR141W,0.0,NA,0.21924971044063568,2832,4184,26857,18,0.8760142810775722,0.40364880273660203,0.9936842105263158,0.13478947198866015,0.8652105280113398
26875,YPL096C-A YBR030W,0.0,NA,0.21930797398090363,2832,4183,26858,18,0.8760437874361925,0.4037063435495367,0.9936842105263158,0.1347572565316839,0.8652427434683161
26876,YDL019C YKL101W,0.0,NA,0.2193957269191742,2832,4182,26859,18,0.8760732937948128,0.4037639007698888,0.9936842105263158,0.13472504107470765,0.8652749589252924
26877,YPR017C YBR289W,0.0,NA,0.21956971287727356,2832,4181,26860,18,0.8761028001534331,0.403821474404677,0.9936842105263158,0.13469282561773138,0.8653071743822686
26878,YKL175W YEL019C,0.0,NA,0.21986177563667297,2832,4180,26861,18,0.8761323065120533,0.40387906446092414,0.9936842105263158,0.13466061016075512,0.8653393898392449
26879,YGL145W YGL032C,0.0,NA,0.21990913152694702,2832,4179,26862,18,0.8761618128706736,0.40393667094565683,0.9936842105263158,0.13462839470377888,0.8653716052962211
26880,YKL052C YER133W,0.0,NA,0.21999268233776093,2832,4178,26863,18,0.8761913192292939,0.40399429386590585,0.9936842105263158,0.13459617924680262,0.8654038207531974
26881,YOR159C YHR129C,0.0,NA,0.22006231546401978,2832,4177,26864,18,0.8762208255879141,0.404051933228706,0.9936842105263158,0.13456396378982635,0.8654360362101736
26882,YOL115W tA(AGC)D,0.0,NA,0.22022444009780884,2832,4176,26865,18,0.8762503319465345,0.4041095890410959,0.9936842105263158,0.13453174833285012,0.8654682516671499
26883,YNL227C YDR131C,0.0,NA,0.2202596515417099,2832,4175,26866,18,0.8762798383051548,0.40416726131011843,0.9936842105263158,0.13449953287587385,0.8655004671241262
26884,YML016C YEL065W,0.0,NA,0.22057053446769714,2832,4174,26867,18,0.8763093446637751,0.40422495004282044,0.9936842105263158,0.1344673174188976,0.8655326825811024
26885,YJL156C YOL025W,0.0,NA,0.22058208286762238,2832,4173,26868,18,0.8763388510223953,0.4042826552462527,0.9936842105263158,0.13443510196192132,0.8655648980380787
26886,YLR319C YPL115C,0.0,NA,0.22068993747234344,2832,4172,26869,18,0.8763683573810156,0.40434037692747,0.9936842105263158,0.13440288650494508,0.865597113495055
26887,YHR042W YDL028C,0.0,NA,0.22099386155605316,2832,4171,26870,18,0.8763978637396359,0.40439811509353135,0.9936842105263158,0.13437067104796882,0.8656293289520312
26888,YIL082W-A YCR061W,0.0,NA,0.22165580093860626,2832,4170,26871,18,0.8764273700982562,0.40445586975149955,0.9936842105263158,0.13433845559099256,0.8656615444090074
26889,YHR174W YFL008W,0.0,NA,0.2217024266719818,2832,4169,26872,18,0.8764568764568764,0.40451364090844166,0.9936842105263158,0.1343062401340163,0.8656937598659837
26890,YLR363C YML095C,0.0,NA,0.22174982726573944,2832,4168,26873,18,0.8764863828154967,0.4045714285714286,0.9936842105263158,0.13427402467704005,0.8657259753229599
26891,YNL199C YMR198W,0.0,NA,0.22180981934070587,2832,4167,26874,18,0.876515889174117,0.4046292327475354,0.9936842105263158,0.1342418092200638,0.8657581907799362
26892,YMR274C YOR002W,0.0,NA,0.22209776937961578,2832,4166,26875,18,0.8765453955327374,0.4046870534438411,0.9936842105263158,0.13420959376308753,0.8657904062369125
26893,YER125W YFL034C-B,0.0,NA,0.2222803831100464,2832,4165,26876,18,0.8765749018913576,0.4047448906674289,0.9936842105263158,0.13417737830611126,0.8658226216938887
26894,YMR037C YJL056C,0.0,NA,0.22240182757377625,2832,4164,26877,18,0.8766044082499779,0.40480274442538594,0.9936842105263158,0.13414516284913502,0.865854837150865
26895,YLR130C YCR073W-A,0.0,NA,0.22248078882694244,2832,4163,26878,18,0.8766339146085982,0.40486061472480345,0.9936842105263158,0.13411294739215876,0.8658870526078413
26896,YDR142C YER094C,0.0,NA,0.22253140807151794,2832,4162,26879,18,0.8766634209672184,0.40491850157277665,0.9936842105263158,0.1340807319351825,0.8659192680648174
26897,YML040W YMR174C,0.0,NA,0.222578763961792,2832,4161,26880,18,0.8766929273258387,0.40497640497640497,0.9936842105263158,0.13404851647820623,0.8659514835217937
26898,YMR139W YMR145C,0.0,NA,0.22259116172790527,2832,4160,26881,18,0.876722433684459,0.40503432494279173,0.9936842105263158,0.13401630102123,0.86598369897877
26899,YER107C YLR260W,0.0,NA,0.2225949466228485,2832,4159,26882,18,0.8767519400430793,0.4050922614790445,0.9936842105263158,0.13398408556425373,0.8660159144357463
26900,YGL206C YGL011C,0.0,NA,0.2226029336452484,2832,4158,26883,18,0.8767814464016995,0.4051502145922747,0.9936842105263158,0.13395187010727747,0.8660481298927225
26901,YPR108W YHR172W,0.0,NA,0.22277136147022247,2832,4157,26884,18,0.8768109527603198,0.40520818428959793,0.9936842105263158,0.1339196546503012,0.8660803453496988
26902,YJL100W YGL123W,0.0,NA,0.22280669212341309,2832,4156,26885,18,0.8768404591189402,0.40526617057813397,0.9936842105263158,0.13388743919332496,0.8661125608066751
26903,YIL077C YNL277W,0.0,NA,0.22289037704467773,2832,4155,26886,18,0.8768699654775605,0.40532417346500643,0.9936842105263158,0.1338552237363487,0.8661447762636513
26904,YPL111W YLR102C,0.0,NA,0.22291286289691925,2832,4154,26887,18,0.8768994718361807,0.40538219295734323,0.9936842105263158,0.13382300827937244,0.8661769917206276
26905,YDL106C YGL071W,0.0,NA,0.22352679073810577,2832,4153,26888,18,0.876928978194801,0.4054402290622763,0.9936842105263158,0.1337907928223962,0.8662092071776039
26906,YCR028C YKR020W,0.0,NA,0.22363372147083282,2832,4152,26889,18,0.8769584845534213,0.4054982817869416,0.9936842105263158,0.13375857736541993,0.86624142263458
26907,YER112W YDR328C,0.0,NA,0.2241840809583664,2832,4151,26890,18,0.8769879909120415,0.40555635113847915,0.9936842105263158,0.13372636190844367,0.8662736380915563
26908,YBR200W YCL074W,0.0,NA,0.22421078383922577,2832,4150,26891,18,0.8770174972706618,0.4056144371240332,0.9936842105263158,0.1336941464514674,0.8663058535485326
26909,YNR059W YNL262W,0.0,NA,0.22424554824829102,2832,4149,26892,18,0.8770470036292821,0.405672539750752,0.9936842105263158,0.13366193099449117,0.8663380690055088
26910,YNL074C YDR373W,0.0,NA,0.22429834306240082,2832,4148,26893,18,0.8770765099879024,0.405730659025788,0.9936842105263158,0.1336297155375149,0.8663702844624851
26911,YHR092C YHR068W,0.0,NA,0.22433564066886902,2832,4147,26894,18,0.8771060163465226,0.40578879495629744,0.9936842105263158,0.13359750008053864,0.8664024999194614
26912,YCR042C YJR141W,0.0,NA,0.2243606150150299,2832,4146,26895,18,0.877135522705143,0.4058469475494411,0.9936842105263158,0.13356528462356237,0.8664347153764376
26913,YLR376C YCL034W,0.0,NA,0.22438140213489532,2832,4145,26896,18,0.8771650290637633,0.40590511681238356,0.9936842105263158,0.13353306916658614,0.8664669308334139
26914,YOR168W Q0275,0.0,NA,0.2247709184885025,2832,4144,26897,18,0.8771945354223836,0.4059633027522936,0.9936842105263158,0.13350085370960987,0.8664991462903902
26915,YBL028C YER011W,0.0,NA,0.2249440997838974,2832,4143,26898,18,0.8772240417810038,0.40602150537634407,0.9936842105263158,0.1334686382526336,0.8665313617473663
26916,YJR120W YKR085C,0.0,NA,0.22503507137298584,2832,4142,26899,18,0.8772535481396241,0.40607972469171205,0.9936842105263158,0.13343642279565734,0.8665635772043426
26917,YER007C-A YOR165W,0.0,NA,0.22508332133293152,2832,4141,26900,18,0.8772830544982444,0.40613796070557867,0.9936842105263158,0.1334042073386811,0.8665957926613189
26918,YPR095C YDR437W,0.0,NA,0.22526578605175018,2832,4140,26901,18,0.8773125608568647,0.40619621342512907,0.9936842105263158,0.13337199188170484,0.8666280081182952
26919,YJR127C YER046W,0.0,NA,0.22535765171051025,2832,4139,26902,18,0.8773420672154849,0.4062544828575527,0.9936842105263158,0.13333977642472858,0.8666602235752714
26920,YMR100W YML068W,0.0,NA,0.2254420816898346,2832,4138,26903,18,0.8773715735741052,0.40631276901004304,0.9936842105263158,0.13330756096775231,0.8666924390322477
26921,YJR016C YBR200W,0.0,NA,0.2255876064300537,2832,4137,26904,18,0.8774010799327255,0.40637107188979765,0.9936842105263158,0.13327534551077608,0.866724654489224
26922,YLR221C YIL073C,0.0,NA,0.22567565739154816,2832,4136,26905,18,0.8774305862913457,0.40642939150401836,0.9936842105263158,0.1332431300537998,0.8667568699462002
26923,YCR008W YPR110C,0.0,NA,0.22577400505542755,2832,4135,26906,18,0.877460092649966,0.406487727859911,0.9936842105263158,0.13321091459682355,0.8667890854031765
26924,YBL055C YKR103W,0.0,NA,0.22580160200595856,2832,4134,26907,18,0.8774895990085864,0.40654608096468564,0.9936842105263158,0.1331786991398473,0.8668213008601527
26925,YDR478W tE(UUC)M,0.0,NA,0.22586451470851898,2832,4133,26908,18,0.8775191053672067,0.40660445082555635,0.9936842105263158,0.13314648368287105,0.8668535163171289
26926,YPL283C YHL036W,0.0,NA,0.22592505812644958,2832,4132,26909,18,0.8775486117258269,0.4066628374497415,0.9936842105263158,0.13311426822589478,0.8668857317741052
26927,YDL136W YIL083C,0.0,NA,0.2259557694196701,2832,4131,26910,18,0.8775781180844472,0.4067212408444636,0.9936842105263158,0.13308205276891852,0.8669179472310815
26928,YFL047W YDR121W,0.0,NA,0.22596263885498047,2832,4130,26911,18,0.8776076244430675,0.4067796610169492,0.9936842105263158,0.13304983731194228,0.8669501626880577
26929,YGL097W YML045W,0.0,NA,0.22610116004943848,2832,4129,26912,18,0.8776371308016878,0.40683809797442894,0.9936842105263158,0.13301762185496602,0.866982378145034
26930,YKL210W YBL037W,0.0,NA,0.22624145448207855,2832,4128,26913,18,0.877666637160308,0.4068965517241379,0.9936842105263158,0.13298540639798975,0.8670145936020103
26931,YCR020W-B YOR159C,0.0,NA,0.22631734609603882,2832,4127,26914,18,0.8776961435189283,0.40695502227331515,0.9936842105263158,0.1329531909410135,0.8670468090589865
26932,YML065W YLR426W,0.0,NA,0.22634929418563843,2832,4126,26915,18,0.8777256498775486,0.4070135096292038,0.9936842105263158,0.13292097548403725,0.8670790245159627
26933,YHR167W YIL029C,0.0,NA,0.22638550400733948,2832,4125,26916,18,0.8777551562361688,0.40707201379905134,0.9936842105263158,0.132888760027061,0.867111239972939
26934,YFR048W YAL059W,0.0,NA,0.22656619548797607,2832,4124,26917,18,0.8777846625947892,0.40713053479010924,0.9936842105263158,0.13285654457008472,0.8671434554299152
26935,YGR286C YDR356W,0.0,NA,0.22678950428962708,2832,4123,26918,18,0.8778141689534095,0.4071890726096334,0.9936842105263158,0.13282432911310846,0.8671756708868915
26936,YLR421C YGR206W,0.0,NA,0.2270471602678299,2832,4122,26919,18,0.8778436753120298,0.4072476272648835,0.9936842105263158,0.13279211365613222,0.8672078863438678
26937,YGR083C YDR310C,0.0,NA,0.22715449333190918,2832,4121,26920,18,0.87787318167065,0.40730619876312385,0.9936842105263158,0.13275989819915596,0.8672401018008441
26938,YGR060W YKL159C,0.0,NA,0.22743043303489685,2832,4120,26921,18,0.8779026880292703,0.40736478711162255,0.9936842105263158,0.1327276827421797,0.8672723172578203
26939,YOR245C YCL016C,0.0,NA,0.22757481038570404,2832,4119,26922,18,0.8779321943878906,0.4074233923176521,0.9936842105263158,0.13269546728520343,0.8673045327147966
26940,YJL031C YIL010W,0.0,NA,0.22761180996894836,2832,4118,26923,18,0.8779617007465109,0.4074820143884892,0.9936842105263158,0.1326632518282272,0.8673367481717729
26941,YPR129W YBR265W,0.0,NA,0.2276681810617447,2832,4117,26924,18,0.8779912071051311,0.4075406533314146,0.9936842105263158,0.13263103637125093,0.867368963628749
26942,YMR266W YPL194W,0.0,NA,0.22785456478595734,2832,4116,26925,18,0.8780207134637514,0.4075993091537133,0.9936842105263158,0.13259882091427466,0.8674011790857253
26943,YGR285C YER133W,0.0,NA,0.22832883894443512,2832,4115,26926,18,0.8780502198223717,0.40765798186267455,0.9936842105263158,0.13256660545729843,0.8674333945427016
26944,YGR282C YAR031W,0.0,NA,0.2285281866788864,2832,4114,26927,18,0.878079726180992,0.4077166714655917,0.9936842105263158,0.13253439000032216,0.8674656099996778
26945,YNL197C YDR178W,0.0,NA,0.22880838811397552,2832,4113,26928,18,0.8781092325396123,0.40777537796976243,0.9936842105263158,0.1325021745433459,0.8674978254566541
26946,YGR268C YGL168W,0.0,NA,0.22882620990276337,2832,4112,26929,18,0.8781387388982326,0.4078341013824885,0.9936842105263158,0.13246995908636963,0.8675300409136304
26947,YLR110C YJR035W,0.0,NA,0.22892577946186066,2832,4111,26930,18,0.8781682452568529,0.4078928417110759,0.9936842105263158,0.1324377436293934,0.8675622563706066
26948,YCR082W YDL028C,0.0,NA,0.22920314967632294,2832,4110,26931,18,0.8781977516154731,0.4079515989628349,0.9936842105263158,0.13240552817241713,0.8675944718275829
26949,YPL209C YBR098W,0.0,NA,0.22932887077331543,2832,4109,26932,18,0.8782272579740934,0.40801037314508,0.9936842105263158,0.13237331271544087,0.8676266872845592
26950,YOL155C YGL127C,0.0,NA,0.22940297424793243,2832,4108,26933,18,0.8782567643327137,0.4080691642651297,0.9936842105263158,0.1323410972584646,0.8676589027415353
26951,YBL014C YBR011C,0.0,NA,0.22944262623786926,2832,4107,26934,18,0.878286270691334,0.40812797233030695,0.9936842105263158,0.13230888180148836,0.8676911181985116
26952,YOR107W YGR286C,0.0,NA,0.22949650883674622,2832,4106,26935,18,0.8783157770499542,0.4081867973479389,0.9936842105263158,0.1322766663445121,0.8677233336554879
26953,YBR089C-A YLR051C,0.0,NA,0.2295283079147339,2832,4105,26936,18,0.8783452834085745,0.4082456393253568,0.9936842105263158,0.13224445088753584,0.8677555491124641
26954,YGL064C YPR011C,0.0,NA,0.2295829951763153,2832,4104,26937,18,0.8783747897671949,0.4083044982698962,0.9936842105263158,0.13221223543055957,0.8677877645694404
26955,YGR007W YPR078C,0.0,NA,0.22966676950454712,2832,4103,26938,18,0.8784042961258152,0.4083633741888969,0.9936842105263158,0.13218001997358333,0.8678199800264167
26956,YMR232W YBL040C,0.0,NA,0.22981566190719604,2832,4102,26939,18,0.8784338024844354,0.4084222670897029,0.9936842105263158,0.13214780451660707,0.867852195483393
26957,YDR166C YLR188W,0.0,NA,0.22986888885498047,2832,4101,26940,18,0.8784633088430557,0.40848117697966246,0.9936842105263158,0.1321155890596308,0.8678844109403692
26958,YNR041C YKL110C,0.0,NA,0.2299373894929886,2832,4100,26941,18,0.878492815201676,0.4085401038661281,0.9936842105263158,0.13208337360265454,0.8679166263973455
26959,YCR082W YOR087W,0.0,NA,0.2299528419971466,2832,4099,26942,18,0.8785223215602962,0.4085990477564565,0.9936842105263158,0.1320511581456783,0.8679488418543218
26960,YBR233W-A YLR373C,0.0,NA,0.22996315360069275,2832,4098,26943,18,0.8785518279189165,0.40865800865800866,0.9936842105263158,0.13201894268870204,0.8679810573112979
26961,YMR134W YJL112W,1.0,NA,0.23003269731998444,2831,4098,26943,19,0.8785223215602962,0.4085726656083129,0.9933333333333333,0.13201894268870204,0.8679810573112979
26962,YPL257W-A YGR038C-B,0.0,NA,0.2300642430782318,2831,4097,26944,19,0.8785518279189165,0.40863163972286376,0.9933333333333333,0.13198672723172578,0.8680132727682742
26963,YNL192W YPR046W,0.0,NA,0.23014190793037415,2831,4096,26945,19,0.8785813342775368,0.40869063086473223,0.9933333333333333,0.1319545117747495,0.8680454882252505
26964,YJL083W YOR346W,0.0,NA,0.23014740645885468,2831,4095,26946,19,0.8786108406361571,0.4087496390412937,0.9933333333333333,0.13192229631777327,0.8680777036822267
26965,YNL199C YOR016C,0.0,NA,0.23016703128814697,2831,4094,26947,19,0.8786403469947773,0.4088086642599278,0.9933333333333333,0.131890080860797,0.868109919139203
26966,YJR136C YNL080C,0.0,NA,0.23018772900104523,2831,4093,26948,19,0.8786698533533976,0.40886770652801846,0.9933333333333333,0.13185786540382075,0.8681421345961793
26967,YDR331W YDL119C,0.0,NA,0.230282723903656,2831,4092,26949,19,0.878699359712018,0.4089267658529539,0.9933333333333333,0.1318256499468445,0.8681743500531555
26968,YBL056W YHR112C,0.0,NA,0.23037980496883392,2831,4091,26950,19,0.8787288660706383,0.40898584224212653,0.9933333333333333,0.13179343448986824,0.8682065655101318
26969,YPL131W YEL053C,0.0,NA,0.23089241981506348,2831,4090,26951,19,0.8787583724292585,0.4090449357029331,0.9933333333333333,0.13176121903289198,0.868238780967108
26970,YNL079C YNL149C,0.0,NA,0.23097720742225647,2831,4089,26952,19,0.8787878787878788,0.4091040462427746,0.9933333333333333,0.13172900357591572,0.8682709964240842
26971,YOR254C YGL234W,0.0,NA,0.230981707572937,2831,4088,26953,19,0.8788173851464991,0.4091631738690562,0.9933333333333333,0.13169678811893948,0.8683032118810605
26972,YGR268C YFR029W,0.0,NA,0.23111173510551453,2831,4087,26954,19,0.8788468915051193,0.4092223185891876,0.9933333333333333,0.13166457266196321,0.8683354273380368
26973,tA(AGC)D YJL002C,0.0,NA,0.23122040927410126,2831,4086,26955,19,0.8788763978637396,0.4092814804105826,0.9933333333333333,0.13163235720498695,0.868367642795013
26974,YIL090W YNL233W,0.0,NA,0.2317688912153244,2831,4085,26956,19,0.8789059042223599,0.40934065934065933,0.9933333333333333,0.13160014174801068,0.8683998582519893
26975,YBR002C YAL044C,0.0,NA,0.23198707401752472,2831,4084,26957,19,0.8789354105809802,0.4093998553868402,0.9933333333333333,0.13156792629103445,0.8684320737089656
26976,YDL118W YJL186W,0.0,NA,0.2320716381072998,2831,4083,26958,19,0.8789649169396004,0.4094590685565519,0.9933333333333333,0.13153571083405818,0.8684642891659419
26977,YGR188C YFL058W,0.0,NA,0.23209570348262787,2831,4082,26959,19,0.8789944232982208,0.4095182988572255,0.9933333333333333,0.13150349537708192,0.868496504622918
26978,YER129W YGR087C,0.0,NA,0.2321448028087616,2831,4081,26960,19,0.8790239296568411,0.4095775462962963,0.9933333333333333,0.13147127992010565,0.8685287200798943
26979,YNL233W YJL166W,0.0,NA,0.23224253952503204,2831,4080,26961,19,0.8790534360154614,0.4096368108812039,0.9933333333333333,0.13143906446312942,0.8685609355368706
26980,YIL077C YDL099W,0.0,NA,0.2322687953710556,2831,4079,26962,19,0.8790829423740816,0.40969609261939216,0.9933333333333333,0.13140684900615315,0.8685931509938468
26981,YGL113W YJR074W,0.0,NA,0.23238405585289001,2831,4078,26963,19,0.8791124487327019,0.4097553915183095,0.9933333333333333,0.1313746335491769,0.8686253664508231
26982,YIR034C YDR245W,0.0,NA,0.2325473427772522,2831,4077,26964,19,0.8791419550913222,0.4098147075854082,0.9933333333333333,0.13134241809220062,0.8686575819077994
26983,YPL130W YOR377W,0.0,NA,0.2326112687587738,2831,4076,26965,19,0.8791714614499425,0.4098740408281454,0.9933333333333333,0.1313102026352244,0.8686897973647756
26984,YGR261C YLR433C,0.0,NA,0.23268528282642365,2831,4075,26966,19,0.8792009678085627,0.40993339125398204,0.9933333333333333,0.13127798717824812,0.8687220128217519
26985,YOR064C YEL057C,0.0,NA,0.2328186333179474,2831,4074,26967,19,0.879230474167183,0.4099927588703838,0.9933333333333333,0.13124577172127186,0.8687542282787282
26986,YBL105C YDL175C,0.0,NA,0.23290614783763885,2831,4073,26968,19,0.8792599805258033,0.4100521436848204,0.9933333333333333,0.13121355626429562,0.8687864437357044
26987,YER102W YNR067C,0.0,NA,0.23308157920837402,2831,4072,26969,19,0.8792894868844235,0.41011154570476605,0.9933333333333333,0.13118134080731936,0.8688186591926806
26988,YOL162W YOR273C,0.0,NA,0.23313459753990173,2831,4071,26970,19,0.8793189932430439,0.4101709649376992,0.9933333333333333,0.1311491253503431,0.8688508746496569
26989,YPL275W YEL012W,0.0,NA,0.23357242345809937,2831,4070,26971,19,0.8793484996016642,0.41023040139110273,0.9933333333333333,0.13111690989336683,0.8688830901066331
26990,YIL094C YDL015C,0.0,NA,0.23395301401615143,2831,4069,26972,19,0.8793780059602845,0.4102898550724638,0.9933333333333333,0.1310846944363906,0.8689153055636094
26991,YLR066W YCR035C,0.0,NA,0.23396950960159302,2831,4068,26973,19,0.8794075123189047,0.4103493259892738,0.9933333333333333,0.13105247897941433,0.8689475210205857
26992,YMR182C YMR306W,0.0,NA,0.23397305607795715,2831,4067,26974,19,0.879437018677525,0.4104088141490287,0.9933333333333333,0.13102026352243806,0.8689797364775619
26993,YNL151C YPR161C,0.0,NA,0.23403872549533844,2831,4066,26975,19,0.8794665250361453,0.41046831955922863,0.9933333333333333,0.1309880480654618,0.8690119519345382
26994,YNL012W YER178W,0.0,NA,0.2340964376926422,2831,4065,26976,19,0.8794960313947656,0.4105278422273782,0.9933333333333333,0.13095583260848556,0.8690441673915145
26995,YLR121C YDR434W,0.0,NA,0.23415252566337585,2831,4064,26977,19,0.8795255377533858,0.4105873821609862,0.9933333333333333,0.1309236171515093,0.8690763828484908
26996,YGR163W YGR129W,0.0,NA,0.23425956070423126,2831,4063,26978,19,0.8795550441120061,0.410646939367566,0.9933333333333333,0.13089140169453303,0.8691085983054669
26997,YDR212W YOR261C,0.0,NA,0.2344035655260086,2831,4062,26979,19,0.8795845504706264,0.41070651385463514,0.9933333333333333,0.13085918623755677,0.8691408137624432
26998,YDR369C YDL045C,0.0,NA,0.234455868601799,2831,4061,26980,19,0.8796140568292466,0.4107661056297156,0.9933333333333333,0.13082697078058053,0.8691730292194195
26999,YPR042C YMR172W,0.0,NA,0.23460106551647186,2831,4060,26981,19,0.879643563187867,0.41082571470033374,0.9933333333333333,0.13079475532360427,0.8692052446763957
27000,YDR226W YDR404C,0.0,NA,0.2347315549850464,2831,4059,26982,19,0.8796730695464873,0.4108853410740203,0.9933333333333333,0.130762539866628,0.869237460133372
27001,YHR152W YOR244W,0.0,NA,0.23473191261291504,2831,4058,26983,19,0.8797025759051076,0.41094498475831037,0.9933333333333333,0.13073032440965174,0.8692696755903483
27002,YGL209W snR3,0.0,NA,0.23494647443294525,2831,4057,26984,19,0.8797320822637278,0.4110046457607433,0.9933333333333333,0.1306981089526755,0.8693018910473245
27003,YLL058W YAL028W,0.0,NA,0.23499780893325806,2831,4056,26985,19,0.8797615886223481,0.41106432408886306,0.9933333333333333,0.13066589349569924,0.8693341065043008
27004,YJL128C YDL131W,0.0,NA,0.23504237830638885,2831,4055,26986,19,0.8797910949809684,0.41112401975021784,0.9933333333333333,0.13063367803872297,0.869366321961277
27005,YMR161W YMR055C,0.0,NA,0.2353096902370453,2831,4054,26987,19,0.8798206013395887,0.4111837327523602,0.9933333333333333,0.13060146258174674,0.8693985374182532
27006,YLR165C Q0275,0.0,NA,0.2353266477584839,2831,4053,26988,19,0.8798501076982089,0.4112434631028472,0.9933333333333333,0.13056924712477047,0.8694307528752295
27007,YOR368W YOR073W,0.0,NA,0.23552285134792328,2831,4052,26989,19,0.8798796140568292,0.41130321080924015,0.9933333333333333,0.1305370316677942,0.8694629683322058
27008,YHR194W YER154W,1.0,NA,0.23590132594108582,2830,4052,26989,20,0.8798501076982089,0.4112176692821854,0.9929824561403509,0.1305370316677942,0.8694629683322058
27009,snR8 YPL126W,0.0,NA,0.23628947138786316,2830,4051,26990,20,0.8798796140568292,0.41127743060601657,0.9929824561403509,0.13050481621081794,0.869495183789182
27010,YMR210W YOL140W,0.0,NA,0.23650513589382172,2830,4050,26991,20,0.8799091204154496,0.4113372093023256,0.9929824561403509,0.1304726007538417,0.8695273992461583
27011,YNR043W YGL051W,0.0,NA,0.2365322858095169,2830,4049,26992,20,0.8799386267740699,0.4113970053786888,0.9929824561403509,0.13044038529686544,0.8695596147031346
27012,YGR217W tQ(UUG)D3,0.0,NA,0.23661711812019348,2830,4048,26993,20,0.8799681331326901,0.4114568188426868,0.9929824561403509,0.13040816983988918,0.8695918301601108
27013,YKL054C YKR106W,0.0,NA,0.23692438006401062,2830,4047,26994,20,0.8799976394913104,0.4115166497019049,0.9929824561403509,0.1303759543829129,0.8696240456170871
27014,YJL130C YIR019C,0.0,NA,0.2369527816772461,2830,4046,26995,20,0.8800271458499307,0.41157649796393253,0.9929824561403509,0.13034373892593668,0.8696562610740634
27015,YIL038C YKR082W,0.0,NA,0.23712106049060822,2830,4045,26996,20,0.8800566522085509,0.41163636363636363,0.9929824561403509,0.1303115234689604,0.8696884765310396
27016,YJL156C YMR046C,0.0,NA,0.23714742064476013,2830,4044,26997,20,0.8800861585671712,0.4116962467267966,0.9929824561403509,0.13027930801198415,0.8697206919880158
27017,YAL029C YNR060W,0.0,NA,0.23718681931495667,2830,4043,26998,20,0.8801156649257915,0.41175614724283427,0.9929824561403509,0.13024709255500788,0.8697529074449921
27018,YBL018C YBR050C,0.0,NA,0.23730279505252838,2830,4042,26999,20,0.8801451712844118,0.4118160651920838,0.9929824561403509,0.13021487709803165,0.8697851229019684
27019,YGR054W YLL028W,0.0,NA,0.23743125796318054,2830,4041,27000,20,0.880174677643032,0.4118760005821569,0.9929824561403509,0.13018266164105538,0.8698173383589446
27020,YJR074W YLR086W,0.0,NA,0.23743252456188202,2830,4040,27001,20,0.8802041840016523,0.4119359534206696,0.9929824561403509,0.13015044618407912,0.8698495538159209
27021,snR6 YKL112W,0.0,NA,0.23756319284439087,2830,4039,27002,20,0.8802336903602727,0.4119959237152424,0.9929824561403509,0.13011823072710285,0.8698817692728972
27022,YDR397C YPR036W,0.0,NA,0.2376658171415329,2830,4038,27003,20,0.880263196718893,0.4120559114735003,0.9929824561403509,0.13008601527012661,0.8699139847298734
27023,YER078C YER069W,0.0,NA,0.23768776655197144,2830,4037,27004,20,0.8802927030775132,0.4121159167030727,0.9929824561403509,0.13005379981315035,0.8699462001868496
27024,YCL020W YMR075W,0.0,NA,0.23780937492847443,2830,4036,27005,20,0.8803222094361335,0.41217593941159336,0.9929824561403509,0.13002158435617409,0.8699784156438259
27025,YGR238C YCR019W,0.0,NA,0.2378132939338684,2830,4035,27006,20,0.8803517157947538,0.41223597960670066,0.9929824561403509,0.12998936889919782,0.8700106311008021
27026,YJR082C YKL101W,0.0,NA,0.23782682418823242,2830,4034,27007,20,0.880381222153374,0.4122960372960373,0.9929824561403509,0.12995715344222158,0.8700428465577784
27027,YHR167W YOL110W,0.0,NA,0.237842857837677,2830,4033,27008,20,0.8804107285119943,0.41235611248725046,0.9929824561403509,0.12992493798524532,0.8700750620147547
27028,YGR009C YER107C,0.0,NA,0.2378799468278885,2830,4032,27009,20,0.8804402348706146,0.4124162051879918,0.9929824561403509,0.12989272252826906,0.8701072774717309
27029,YPL124W YDL063C,0.0,NA,0.2380208522081375,2830,4031,27010,20,0.8804697412292349,0.4124763154059175,0.9929824561403509,0.12986050707129282,0.8701394929287072
27030,YPL259C YPL082C,0.0,NA,0.23807227611541748,2830,4030,27011,20,0.8804992475878551,0.41253644314868804,0.9929824561403509,0.12982829161431655,0.8701717083856835
27031,YIR030C YNL012W,0.0,NA,0.23807726800441742,2830,4029,27012,20,0.8805287539464755,0.4125965884239685,0.9929824561403509,0.1297960761573403,0.8702039238426597
27032,YNL129W YPL016W,0.0,NA,0.23817859590053558,2830,4028,27013,20,0.8805582603050958,0.4126567512394284,0.9929824561403509,0.12976386070036403,0.870236139299636
27033,YBR173C YNL263C,0.0,NA,0.23819416761398315,2830,4027,27014,20,0.8805877666637161,0.4127169316027417,0.9929824561403509,0.1297316452433878,0.8702683547566122
27034,YER125W YOR021C,0.0,NA,0.23829959332942963,2830,4026,27015,20,0.8806172730223363,0.4127771295215869,0.9929824561403509,0.12969942978641152,0.8703005702135885
27035,YLR157C YDR432W,0.0,NA,0.23830005526542664,2830,4025,27016,20,0.8806467793809566,0.412837345003647,0.9929824561403509,0.12966721432943526,0.8703327856705647
27036,YDR104C YKL135C,0.0,NA,0.23840749263763428,2830,4024,27017,20,0.8806762857395769,0.41289757805660926,0.9929824561403509,0.129634998872459,0.870365001127541
27037,YJL130C YAL059W,0.0,NA,0.23878367245197296,2830,4023,27018,20,0.8807057920981972,0.4129578286881658,0.9929824561403509,0.12960278341548276,0.8703972165845173
27038,YBR212W YDL142C,1.0,NA,0.23914402723312378,2829,4023,27018,21,0.8806762857395769,0.4128721541155867,0.9926315789473684,0.12960278341548276,0.8703972165845173
27039,YIL030C Q0065,0.0,NA,0.2393014281988144,2829,4022,27019,21,0.8807057920981972,0.4129324186250182,0.9926315789473684,0.1295705679585065,0.8704294320414935
27040,YMR223W YAL068C,0.0,NA,0.23956307768821716,2829,4021,27020,21,0.8807352984568174,0.412992700729927,0.9926315789473684,0.12953835250153023,0.8704616474984698
27041,YGR134W YBR103W,0.0,NA,0.23958031833171844,2829,4020,27021,21,0.8807648048154377,0.4130530004380201,0.9926315789473684,0.12950613704455397,0.8704938629554461
27042,YBR058C YKL175W,0.0,NA,0.23961177468299866,2829,4019,27022,21,0.880794311174058,0.4131133177570093,0.9926315789473684,0.12947392158757773,0.8705260784124222
27043,YDR236C YNL272C,0.0,NA,0.2399671971797943,2829,4018,27023,21,0.8808238175326782,0.41317365269461076,0.9926315789473684,0.12944170613060146,0.8705582938693985
27044,YOR266W YPR131C,1.0,NA,0.2400916963815689,2828,4018,27023,22,0.880794311174058,0.4130879345603272,0.992280701754386,0.12944170613060146,0.8705582938693985
27045,YBR089C-A YAL030W,0.0,NA,0.2401774376630783,2828,4017,27024,22,0.8808238175326782,0.4131482834185537,0.992280701754386,0.1294094906736252,0.8705905093263748
27046,YNL053W YOR358W,0.0,NA,0.2404700666666031,2828,4016,27025,22,0.8808533238912986,0.41320864991233197,0.992280701754386,0.12937727521664893,0.870622724783351
27047,YDR436W YBR296C,0.0,NA,0.2405553013086319,2828,4015,27026,22,0.8808828302499189,0.4132690340493935,0.992280701754386,0.1293450597596727,0.8706549402403273
27048,YBL040C YDR279W,0.0,NA,0.2406238615512848,2828,4014,27027,22,0.8809123366085392,0.41332943583747445,0.992280701754386,0.12931284430269643,0.8706871556973036
27049,YBL032W YCL066W,0.0,NA,0.2406710833311081,2828,4013,27028,22,0.8809418429671594,0.41338985528431516,0.992280701754386,0.12928062884572017,0.8707193711542798
27050,YJR028W YMR276W,0.0,NA,0.24124589562416077,2828,4012,27029,22,0.8809713493257797,0.41345029239766085,0.992280701754386,0.12924841338874393,0.8707515866112561
27051,YKL092C YDR118W,0.0,NA,0.24160820245742798,2828,4011,27030,22,0.8810008556844,0.413510747185261,0.992280701754386,0.12921619793176767,0.8707838020682324
27052,YNL312W YNL135C,0.0,NA,0.24185022711753845,2828,4010,27031,22,0.8810303620430203,0.41357121965486987,0.992280701754386,0.1291839824747914,0.8708160175252085
27053,YLR194C YOL109W,0.0,NA,0.24227283895015717,2828,4009,27032,22,0.8810598684016405,0.413631709814246,0.992280701754386,0.12915176701781514,0.8708482329821848
27054,YDL134C YBR231C,0.0,NA,0.24241720139980316,2828,4008,27033,22,0.8810893747602608,0.4136922176711527,0.992280701754386,0.1291195515608389,0.8708804484391611
27055,YMR310C YGL105W,0.0,NA,0.2424183040857315,2828,4007,27034,22,0.8811188811188811,0.4137527432333577,0.992280701754386,0.12908733610386264,0.8709126638961374
27056,YCL029C YPR088C,0.0,NA,0.24248860776424408,2828,4006,27035,22,0.8811483874775013,0.4138132865086333,0.992280701754386,0.12905512064688637,0.8709448793531136
27057,YNL199C YNR072W,0.0,NA,0.24250242114067078,2828,4005,27036,22,0.8811778938361217,0.4138738475047563,0.992280701754386,0.1290229051899101,0.8709770948100899
27058,YIL049W YPL061W,0.0,NA,0.24251176416873932,2828,4004,27037,22,0.881207400194742,0.4139344262295082,0.992280701754386,0.12899068973293387,0.8710093102670662
27059,YNR038W tS(GCU)L,0.0,NA,0.242555633187294,2828,4003,27038,22,0.8812369065533623,0.41399502269067484,0.992280701754386,0.1289584742759576,0.8710415257240424
27060,YNL330C YNL261W,0.0,NA,0.24266469478607178,2828,4002,27039,22,0.8812664129119825,0.41405563689604685,0.992280701754386,0.12892625881898134,0.8710737411810187
27061,YLR205C YAL030W,0.0,NA,0.24270039796829224,2828,4001,27040,22,0.8812959192706028,0.41411626885341923,0.992280701754386,0.12889404336200508,0.871105956637995
27062,YLR215C YGL019W,0.0,NA,0.24275298416614532,2828,4000,27041,22,0.8813254256292231,0.4141769185705917,0.992280701754386,0.12886182790502884,0.8711381720949711
27063,YMR045C YIL117C,0.0,NA,0.24276120960712433,2828,3999,27042,22,0.8813549319878434,0.41423758605536837,0.992280701754386,0.12882961244805258,0.8711703875519474
27064,YHR018C YBR229C,0.0,NA,0.24293942749500275,2828,3998,27043,22,0.8813844383464636,0.4142982713155582,0.992280701754386,0.1287973969910763,0.8712026030089237
27065,YPL243W YDR260C,0.0,NA,0.243284210562706,2828,3997,27044,22,0.8814139447050839,0.41435897435897434,0.992280701754386,0.12876518153410005,0.8712348184658999
27066,YLR110C YPR118W,0.0,NA,0.2432970255613327,2828,3996,27045,22,0.8814434510637043,0.4144196951934349,0.992280701754386,0.1287329660771238,0.8712670339228762
27067,YPR075C YDR007W,0.0,NA,0.24337074160575867,2828,3995,27046,22,0.8814729574223246,0.4144804338267624,0.992280701754386,0.12870075062014755,0.8712992493798525
27068,YKR022C YOR302W,0.0,NA,0.2436235249042511,2828,3994,27047,22,0.8815024637809448,0.41454119026678393,0.992280701754386,0.12866853516317128,0.8713314648368287
27069,YHR067W YMR283C,0.0,NA,0.24422872066497803,2828,3993,27048,22,0.8815319701395651,0.4146019645213312,0.992280701754386,0.12863631970619505,0.871363680293805
27070,YKL190W YFL018C,0.0,NA,0.2442600131034851,2828,3992,27049,22,0.8815614764981854,0.4146627565982405,0.992280701754386,0.12860410424921878,0.8713958957507812
27071,YGL127C YKL032C,0.0,NA,0.24429845809936523,2828,3991,27050,22,0.8815909828568056,0.4147235665053527,0.992280701754386,0.12857188879224252,0.8714281112077574
27072,YBR097W YLR451W,0.0,NA,0.24446359276771545,2828,3990,27051,22,0.8816204892154259,0.41478439425051333,0.992280701754386,0.12853967333526625,0.8714603266647337
27073,YCL016C YGL190C,0.0,NA,0.2445257306098938,2828,3989,27052,22,0.8816499955740462,0.41484523984157257,0.992280701754386,0.12850745787829002,0.87149254212171
27074,YNL192W YPL094C,0.0,NA,0.24476860463619232,2828,3988,27053,22,0.8816795019326665,0.414906103286385,0.992280701754386,0.12847524242131375,0.8715247575786863
27075,YOR083W YML040W,0.0,NA,0.2449052482843399,2828,3987,27054,22,0.8817090082912867,0.41496698459280995,0.992280701754386,0.1284430269643375,0.8715569730356625
27076,YML116W YOR230W,0.0,NA,0.24494442343711853,2828,3986,27055,22,0.881738514649907,0.41502788376871147,0.992280701754386,0.12841081150736122,0.8715891884926388
27077,tS(UGA)E YGL022W,0.0,NA,0.24503904581069946,2828,3985,27056,22,0.8817680210085274,0.41508880082195804,0.992280701754386,0.12837859605038499,0.8716214039496151
27078,YMR045C YPR191W,0.0,NA,0.24504105746746063,2828,3984,27057,22,0.8817975273671477,0.4151497357604228,0.992280701754386,0.12834638059340872,0.8716536194065913
27079,YDR140W Q0070,0.0,NA,0.24504631757736206,2828,3983,27058,22,0.8818270337257679,0.41521068859198357,0.992280701754386,0.12831416513643246,0.8716858348635675
27080,YIL077C YML040W,0.0,NA,0.24509558081626892,2828,3982,27059,22,0.8818565400843882,0.41527165932452276,0.992280701754386,0.1282819496794562,0.8717180503205438
27081,YLR459W YOR324C,0.0,NA,0.24529410898685455,2828,3981,27060,22,0.8818860464430085,0.41533264796592745,0.992280701754386,0.12824973422247996,0.87175026577752
27082,YLR355C YGL055W,1.0,NA,0.24554583430290222,2827,3981,27060,23,0.8818565400843882,0.4152467685076381,0.9919298245614036,0.12824973422247996,0.87175026577752
27083,YKL006C-A YOR040W,0.0,NA,0.24593503773212433,2827,3980,27061,23,0.8818860464430085,0.415307771411782,0.9919298245614036,0.1282175187655037,0.8717824812344963
27084,YIL064W YPL135W,0.0,NA,0.2459716945886612,2827,3979,27062,23,0.8819155528016287,0.4153687922421393,0.9919298245614036,0.12818530330852743,0.8718146966914726
27085,YOR373W YEL059C-A,0.0,NA,0.24600733816623688,2827,3978,27063,23,0.881945059160249,0.4154298310066128,0.9919298245614036,0.12815308785155116,0.8718469121484488
27086,YGR204W YBR110W,0.0,NA,0.24605733156204224,2827,3977,27064,23,0.8819745655188693,0.41549088771310994,0.9919298245614036,0.12812087239457493,0.8718791276054251
27087,YIL021W YKL138C-A,0.0,NA,0.24643146991729736,2827,3976,27065,23,0.8820040718774896,0.41555196236954284,0.9919298245614036,0.12808865693759866,0.8719113430624014
27088,YGL170C YPL237W,0.0,NA,0.2465970367193222,2827,3975,27066,23,0.8820335782361098,0.4156130549838283,0.9919298245614036,0.1280564414806224,0.8719435585193775
27089,YER151C YNL175C,0.0,NA,0.24672669172286987,2827,3974,27067,23,0.8820630845947302,0.41567416556388764,0.9919298245614036,0.12802422602364613,0.8719757739763538
27090,YOR362C YCR073W-A,0.0,NA,0.24675238132476807,2827,3973,27068,23,0.8820925909533505,0.41573529411764704,0.9919298245614036,0.1279920105666699,0.8720079894333301
27091,YJR041C YBL009W,0.0,NA,0.24678020179271698,2827,3972,27069,23,0.8821220973119708,0.4157964406530372,0.9919298245614036,0.12795979510969363,0.8720402048903063
27092,YPL147W YOR007C,0.0,NA,0.24683503806591034,2827,3971,27070,23,0.882151603670591,0.41585760517799353,0.9919298245614036,0.12792757965271737,0.8720724203472826
27093,YER122C YHR108W,0.0,NA,0.246861070394516,2827,3970,27071,23,0.8821811100292113,0.4159187877004561,0.9919298245614036,0.12789536419574113,0.8721046358042589
27094,YBR238C YOL078W,0.0,NA,0.24687990546226501,2827,3969,27072,23,0.8822106163878316,0.4159799882283696,0.9919298245614036,0.12786314873876486,0.8721368512612352
27095,YPL160W YHR214C-B,0.0,NA,0.2470928281545639,2827,3968,27073,23,0.8822401227464519,0.4160412067696836,0.9919298245614036,0.1278309332817886,0.8721690667182114
27096,YOR208W YJR040W,0.0,NA,0.24728436768054962,2827,3967,27074,23,0.8822696291050721,0.4161024433323521,0.9919298245614036,0.12779871782481234,0.8722012821751877
27097,YKL112W YGL040C,0.0,NA,0.2472846955060959,2827,3966,27075,23,0.8822991354636924,0.4161636979243339,0.9919298245614036,0.1277665023678361,0.872233497632164
27098,YOR219C YLR450W,0.0,NA,0.24739983677864075,2827,3965,27076,23,0.8823286418223127,0.4162249705535925,0.9919298245614036,0.12773428691085983,0.8722657130891401
27099,YEL058W YLL038C,0.0,NA,0.24748864769935608,2827,3964,27077,23,0.8823581481809329,0.41628626122809603,0.9919298245614036,0.12770207145388357,0.8722979285461164
27100,YHL022C YER081W,0.0,NA,0.24777239561080933,2827,3963,27078,23,0.8823876545395533,0.4163475699558174,0.9919298245614036,0.1276698559969073,0.8723301440030927
27101,YBR254C YER133W,0.0,NA,0.24799008667469025,2827,3962,27079,23,0.8824171608981736,0.41640889674473414,0.9919298245614036,0.12763764053993107,0.8723623594600689
27102,YLR452C YHR061C,0.0,NA,0.2480648308992386,2827,3961,27080,23,0.8824466672567939,0.41647024160282853,0.9919298245614036,0.1276054250829548,0.8723945749170452
27103,YLR022C YHL003C,0.0,NA,0.2486351579427719,2827,3960,27081,23,0.8824761736154141,0.4165316045380875,0.9919298245614036,0.12757320962597854,0.8724267903740215
27104,YJR042W YLR007W,0.0,NA,0.24874910712242126,2827,3959,27082,23,0.8825056799740344,0.4165929855585028,0.9919298245614036,0.12754099416900228,0.8724590058309977
27105,YLR139C YGL054C,0.0,NA,0.24882958829402924,2827,3958,27083,23,0.8825351863326547,0.4166543846720707,0.9919298245614036,0.12750877871202604,0.872491221287974
27106,YNL267W YER023W,0.0,NA,0.2489529252052307,2827,3957,27084,23,0.882564692691275,0.41671580188679247,0.9919298245614036,0.12747656325504977,0.8725234367449503
27107,YOR115C YKL028W,0.0,NA,0.2489629089832306,2827,3956,27085,23,0.8825941990498952,0.4167772372106737,0.9919298245614036,0.1274443477980735,0.8725556522019264
27108,YPR144C YJR040W,0.0,NA,0.2492169588804245,2827,3955,27086,23,0.8826237054085155,0.41683869065172513,0.9919298245614036,0.12741213234109725,0.8725878676589027
27109,YLR284C YKL070W,0.0,NA,0.24926115572452545,2827,3954,27087,23,0.8826532117671358,0.41690016221796194,0.9919298245614036,0.127379916884121,0.872620083115879
27110,YHR110W YGR234W,0.0,NA,0.24939623475074768,2827,3953,27088,23,0.882682718125756,0.41696165191740414,0.9919298245614036,0.12734770142714474,0.8726522985728552
27111,YOR151C YML121W,0.0,NA,0.24940593540668488,2827,3952,27089,23,0.8827122244843764,0.4170231597580764,0.9919298245614036,0.12731548597016848,0.8726845140298315
27112,YNL302C YDR151C,0.0,NA,0.2494116574525833,2827,3951,27090,23,0.8827417308429967,0.4170846857480083,0.9919298245614036,0.12728327051319224,0.8727167294868078
27113,YDR091C YOR279C,0.0,NA,0.24941764771938324,2827,3950,27091,23,0.882771237201617,0.41714622989523387,0.9919298245614036,0.12725105505621598,0.8727489449437841
27114,YMR030W YNL325C,0.0,NA,0.24950994551181793,2827,3949,27092,23,0.8828007435602372,0.4172077922077922,0.9919298245614036,0.1272188395992397,0.8727811604007603
27115,YMR192W YFL041W,0.0,NA,0.24958182871341705,2827,3948,27093,23,0.8828302499188575,0.41726937269372694,0.9919298245614036,0.12718662414226345,0.8728133758577366
27116,YNL289W YBR112C,0.0,NA,0.24962621927261353,2827,3947,27094,23,0.8828597562774778,0.4173309713610865,0.9919298245614036,0.1271544086852872,0.8728455913147128
27117,YGR133W YLR109W,0.0,NA,0.24968716502189636,2827,3946,27095,23,0.8828892626360981,0.41739258821792413,0.9919298245614036,0.12712219322831095,0.872877806771689
27118,YMR075W YBL097W,0.0,NA,0.24974411725997925,2827,3945,27096,23,0.8829187689947183,0.4174542232722977,0.9919298245614036,0.12708997777133468,0.8729100222286653
27119,YGR054W YIL119C,0.0,NA,0.24990838766098022,2827,3944,27097,23,0.8829482753533386,0.41751587653226996,0.9919298245614036,0.12705776231435842,0.8729422376856416
27120,YPL028W YNL246W,0.0,NA,0.2500292956829071,2827,3943,27098,23,0.882977781711959,0.4175775480059084,0.9919298245614036,0.12702554685738218,0.8729744531426178
27121,YLL046C YMR299C,0.0,NA,0.25008663535118103,2827,3942,27099,23,0.8830072880705792,0.41763923770128525,0.9919298245614036,0.12699333140040592,0.8730066685995941
27122,YMR212C YKL032C,0.0,NA,0.25024938583374023,2827,3941,27100,23,0.8830367944291995,0.4177009456264775,0.9919298245614036,0.12696111594342965,0.8730388840565704
27123,YGR272C YBR218C,0.0,NA,0.2502525746822357,2827,3940,27101,23,0.8830663007878198,0.417762671789567,0.9919298245614036,0.1269289004864534,0.8730710995135466
27124,YKR069W YPL079W,0.0,NA,0.25050944089889526,2827,3939,27102,23,0.8830958071464401,0.41782441619864025,0.9919298245614036,0.12689668502947715,0.8731033149705228
27125,YCR086W YHR084W,0.0,NA,0.2505159080028534,2827,3938,27103,23,0.8831253135050603,0.41788617886178864,0.9919298245614036,0.1268644695725009,0.8731355304274991
27126,YLR451W YLR238W,0.0,NA,0.25064799189567566,2827,3937,27104,23,0.8831548198636806,0.41794795978710825,0.9919298245614036,0.12683225411552462,0.8731677458844753
27127,YOL075C YDL056W,0.0,NA,0.2506924569606781,2827,3936,27105,23,0.8831843262223009,0.4180097589827,0.9919298245614036,0.12680003865854836,0.8731999613414516
27128,YFL054C YJR106W,0.0,NA,0.25070858001708984,2827,3935,27106,23,0.8832138325809212,0.41807157645666965,0.9919298245614036,0.12676782320157212,0.8732321767984279
27129,YOR322C YFL037W,0.0,NA,0.25077444314956665,2827,3934,27107,23,0.8832433389395414,0.41813341221712763,0.9919298245614036,0.12673560774459586,0.8732643922554042
27130,YDR434W YKR089C,0.0,NA,0.25077491998672485,2827,3933,27108,23,0.8832728452981617,0.41819526627218934,0.9919298245614036,0.1267033922876196,0.8732966077123804
27131,YHR158C YLR377C,0.0,NA,0.2508638799190521,2827,3932,27109,23,0.8833023516567821,0.4182571386299748,0.9919298245614036,0.12667117683064336,0.8733288231693567
27132,YEL017C-A YDL141W,0.0,NA,0.251273512840271,2827,3931,27110,23,0.8833318580154024,0.41831902929860904,0.9919298245614036,0.1266389613736671,0.873361038626333
27133,YER147C YJR153W,0.0,NA,0.2512982487678528,2827,3930,27111,23,0.8833613643740226,0.4183809382862217,0.9919298245614036,0.12660674591669083,0.8733932540833091
27134,YPL088W YDR318W,0.0,NA,0.25140124559402466,2827,3929,27112,23,0.8833908707326429,0.4184428656009473,0.9919298245614036,0.12657453045971456,0.8734254695402854
27135,YMR021C YDL042C,0.0,NA,0.25174495577812195,2827,3928,27113,23,0.8834203770912632,0.41850481125092526,0.9919298245614036,0.12654231500273833,0.8734576849972617
27136,YOR075W YDL113C,0.0,NA,0.2517564296722412,2827,3927,27114,23,0.8834498834498834,0.4185667752442997,0.9919298245614036,0.12651009954576206,0.8734899004542379
27137,YDR517W YPL002C,0.0,NA,0.2521236836910248,2827,3926,27115,23,0.8834793898085037,0.4186287575892196,0.9919298245614036,0.1264778840887858,0.8735221159112142
27138,YOR075W YDR217C,0.0,NA,0.2521883249282837,2827,3925,27116,23,0.883508896167124,0.41869075829383884,0.9919298245614036,0.12644566863180953,0.8735543313681905
27139,YDR260C YJL173C,0.0,NA,0.25285929441452026,2827,3924,27117,23,0.8835384025257443,0.4187527773663161,0.9919298245614036,0.1264134531748333,0.8735865468251667
27140,YIL052C YIL088C,0.0,NA,0.25290006399154663,2827,3923,27118,23,0.8835679088843645,0.4188148148148148,0.9919298245614036,0.12638123771785703,0.873618762282143
27141,YBL003C YBL034C,0.0,NA,0.25304344296455383,2827,3922,27119,23,0.8835974152429849,0.41887687064750334,0.9919298245614036,0.12634902226088077,0.8736509777391193
27142,YDL109C YML007W,0.0,NA,0.25322994589805603,2827,3921,27120,23,0.8836269216016052,0.41893894487255484,0.9919298245614036,0.1263168068039045,0.8736831931960954
27143,YER075C YGL201C,0.0,NA,0.2534109950065613,2827,3920,27121,23,0.8836564279602255,0.4190010374981473,0.9919298245614036,0.12628459134692827,0.8737154086530717
27144,YNL270C YFL028C,0.0,NA,0.25348544120788574,2827,3919,27122,23,0.8836859343188457,0.4190631485324637,0.9919298245614036,0.126252375889952,0.873747624110048
27145,YLR071C YIL115C,0.0,NA,0.25374966859817505,2827,3918,27123,23,0.883715440677466,0.41912527798369165,0.9919298245614036,0.12622016043297574,0.8737798395670242
27146,YEL017C-A YBR070C,0.0,NA,0.2539139986038208,2827,3917,27124,23,0.8837449470360863,0.4191874258600237,0.9919298245614036,0.12618794497599947,0.8738120550240005
27147,YOR361C snR13,0.0,NA,0.25403857231140137,2827,3916,27125,23,0.8837744533947065,0.4192495921696574,0.9919298245614036,0.12615572951902324,0.8738442704809768
27148,YJL179W YMR223W,0.0,NA,0.2545580565929413,2827,3915,27126,23,0.8838039597533268,0.419311776920795,0.9919298245614036,0.12612351406204697,0.8738764859379531
27149,YKL005C YDR315C,0.0,NA,0.2546406388282776,2827,3914,27127,23,0.8838334661119471,0.4193739801216437,0.9919298245614036,0.1260912986050707,0.8739087013949293
27150,YGR055W Q0250,0.0,NA,0.25472110509872437,2827,3913,27128,23,0.8838629724705674,0.4194362017804154,0.9919298245614036,0.12605908314809447,0.8739409168519056
27151,YLR325C YGR285C,0.0,NA,0.2549073100090027,2827,3912,27129,23,0.8838924788291876,0.4194984419053272,0.9919298245614036,0.1260268676911182,0.8739731323088819
27152,YPL157W YNL316C,0.0,NA,0.2549078166484833,2827,3911,27130,23,0.883921985187808,0.41956070050460076,0.9919298245614036,0.12599465223414194,0.874005347765858
27153,YDR064W YOL075C,0.0,NA,0.25496694445610046,2827,3910,27131,23,0.8839514915464283,0.41962297758646283,0.9919298245614036,0.12596243677716568,0.8740375632228343
27154,YBR109C YER024W,0.0,NA,0.2550836503505707,2827,3909,27132,23,0.8839809979050486,0.4196852731591449,0.9919298245614036,0.12593022132018944,0.8740697786798106
27155,YPL027W YAL055W,0.0,NA,0.2554284632205963,2827,3908,27133,23,0.8840105042636688,0.41974758723088346,0.9919298245614036,0.12589800586321317,0.8741019941367868
27156,YOL045W YGR172C,0.0,NA,0.25563398003578186,2827,3907,27134,23,0.8840400106222891,0.41980991980991983,0.9919298245614036,0.1258657904062369,0.8741342095937631
27157,YER073W YOL138C,0.0,NA,0.25564125180244446,2827,3906,27135,23,0.8840695169809094,0.41987227090450024,0.9919298245614036,0.12583357494926065,0.8741664250507394
27158,YIL016W YMR077C,0.0,NA,0.2556817829608917,2827,3905,27136,23,0.8840990233395297,0.4199346405228758,0.9919298245614036,0.1258013594922844,0.8741986405077156
27159,YNL099C YBR213W,0.0,NA,0.25587913393974304,2827,3904,27137,23,0.8841285296981499,0.41999702867330263,0.9919298245614036,0.12576914403530814,0.8742308559646919
27160,YBR078W YPL203W,0.0,NA,0.25608450174331665,2827,3903,27138,23,0.8841580360567702,0.4200594353640416,0.9919298245614036,0.12573692857833188,0.8742630714216681
27161,YBR055C YPR171W,0.0,NA,0.256089448928833,2827,3902,27139,23,0.8841875424153905,0.4201218606033586,0.9919298245614036,0.12570471312135562,0.8742952868786443
27162,YDR277C YIL080W,0.0,NA,0.25622084736824036,2827,3901,27140,23,0.8842170487740107,0.42018430439952437,0.9919298245614036,0.12567249766437938,0.8743275023356206
27163,YDL245C YDL179W,0.0,NA,0.2567427456378937,2827,3900,27141,23,0.8842465551326311,0.4202467667608146,0.9919298245614036,0.12564028220740311,0.8743597177925969
27164,YML058W YNR035C,1.0,NA,0.256788432598114,2826,3900,27141,24,0.8842170487740107,0.4201605709188225,0.991578947368421,0.12564028220740311,0.8743597177925969
27165,YMR179W YPL016W,0.0,NA,0.2569065988063812,2826,3899,27142,24,0.8842465551326311,0.4202230483271375,0.991578947368421,0.12560806675042685,0.8743919332495731
27166,YGR154C YJR141W,0.0,NA,0.25693440437316895,2826,3898,27143,24,0.8842760614912514,0.42028554431885784,0.991578947368421,0.12557585129345059,0.8744241487065494
27167,YGR217W YBR098W,0.0,NA,0.25697219371795654,2826,3897,27144,24,0.8843055678498717,0.4203480589022758,0.991578947368421,0.12554363583647435,0.8744563641635257
27168,YMR216C YER104W,0.0,NA,0.2570061683654785,2826,3896,27145,24,0.8843350742084919,0.42041059208568876,0.991578947368421,0.12551142037949808,0.874488579620502
27169,YJR055W YJR004C,0.0,NA,0.25718197226524353,2826,3895,27146,24,0.8843645805671122,0.4204731438773992,0.991578947368421,0.12547920492252182,0.8745207950774782
27170,YDR363W-A YDR503C,0.0,NA,0.25755590200424194,2826,3894,27147,24,0.8843940869257325,0.4205357142857143,0.991578947368421,0.12544698946554556,0.8745530105344544
27171,YML052W YIL153W,0.0,NA,0.2578553557395935,2826,3893,27148,24,0.8844235932843528,0.42059830331894626,0.991578947368421,0.12541477400856932,0.8745852259914307
27172,YKL203C YNL293W,0.0,NA,0.2580460011959076,2826,3892,27149,24,0.884453099642973,0.4206609109854123,0.991578947368421,0.12538255855159305,0.8746174414484069
27173,YNL021W YMR046C,0.0,NA,0.25814205408096313,2826,3891,27150,24,0.8844826060015933,0.4207235372934346,0.991578947368421,0.1253503430946168,0.8746496569053832
27174,YER051W YML055W,0.0,NA,0.25847846269607544,2826,3890,27151,24,0.8845121123602137,0.42078618225134007,0.991578947368421,0.12531812763764055,0.8746818723623595
27175,YNL071W YER001W,0.0,NA,0.25850144028663635,2826,3889,27152,24,0.8845416187188339,0.4208488458674609,0.991578947368421,0.1252859121806643,0.8747140878193357
27176,YDR483W YHR165C,0.0,NA,0.2585088610649109,2826,3888,27153,24,0.8845711250774542,0.42091152815013405,0.991578947368421,0.12525369672368802,0.874746303276312
27177,YGR274C YNL309W,0.0,NA,0.2586275041103363,2826,3887,27154,24,0.8846006314360745,0.4209742291077015,0.991578947368421,0.12522148126671176,0.8747785187332883
27178,YBL004W snR13,0.0,NA,0.2586815357208252,2826,3886,27155,24,0.8846301377946948,0.4210369487485101,0.991578947368421,0.12518926580973552,0.8748107341902644
27179,YBR200W YGL044C,0.0,NA,0.2589765787124634,2826,3885,27156,24,0.884659644153315,0.42109968708091194,0.991578947368421,0.12515705035275926,0.8748429496472407
27180,YKR085C YJR135W-A,0.0,NA,0.2590252161026001,2826,3884,27157,24,0.8846891505119353,0.4211624441132638,0.991578947368421,0.125124834895783,0.874875165104217
27181,YKR085C YDR219C,0.0,NA,0.2590515613555908,2826,3883,27158,24,0.8847186568705556,0.4212252198539276,0.991578947368421,0.12509261943880673,0.8749073805611932
27182,YGL119W YCL014W,0.0,NA,0.2595049738883972,2826,3882,27159,24,0.8847481632291759,0.4212880143112701,0.991578947368421,0.1250604039818305,0.8749395960181695
27183,YPL248C YDL246C,0.0,NA,0.2595643103122711,2826,3881,27160,24,0.8847776695877961,0.4213508274936633,0.991578947368421,0.12502818852485423,0.8749718114751458
27184,YOL163W YPR108W,0.0,NA,0.2597782015800476,2826,3880,27161,24,0.8848071759464164,0.42141365940948405,0.991578947368421,0.12499597306787796,0.875004026932122
27185,YIL150C YBR202W,0.0,NA,0.2597982883453369,2826,3879,27162,24,0.8848366823050368,0.4214765100671141,0.991578947368421,0.12496375761090171,0.8750362423890983
27186,YCL020W YDR158W,0.0,NA,0.2601308822631836,2826,3878,27163,24,0.8848661886636571,0.42153937947494036,0.991578947368421,0.12493154215392545,0.8750684578460746
27187,YJL091C YGR262C,0.0,NA,0.26021328568458557,2826,3877,27164,24,0.8848956950222773,0.4216022676413546,0.991578947368421,0.1248993266969492,0.8751006733030509
27188,YNR020C YDL113C,0.0,NA,0.2602190375328064,2826,3876,27165,24,0.8849252013808976,0.42166517457475383,0.991578947368421,0.12486711123997293,0.875132888760027
27189,YLR139C YML012W,0.0,NA,0.2604314386844635,2826,3875,27166,24,0.8849547077395179,0.4217281002835398,0.991578947368421,0.12483489578299668,0.8751651042170033
27190,YKL070W YOL003C,0.0,NA,0.2607068717479706,2826,3874,27167,24,0.8849842140981381,0.4217910447761194,0.991578947368421,0.12480268032602042,0.8751973196739796
27191,YKR068C YER030W,0.0,NA,0.26081758737564087,2826,3873,27168,24,0.8850137204567584,0.4218540080609046,0.991578947368421,0.12477046486904417,0.8752295351309558
27192,YDR155C tM(CAU)J1,0.0,NA,0.2608259916305542,2826,3872,27169,24,0.8850432268153787,0.42191699014631234,0.991578947368421,0.12473824941206792,0.8752617505879321
27193,YDL216C YDR305C,0.0,NA,0.2609563171863556,2826,3871,27170,24,0.885072733173999,0.4219799910407645,0.991578947368421,0.12470603395509165,0.8752939660449084
27194,YDL179W YLR007W,0.0,NA,0.26096126437187195,2826,3870,27171,24,0.8851022395326192,0.4220430107526882,0.991578947368421,0.1246738184981154,0.8753261815018846
27195,YDR389W YLR119W,0.0,NA,0.26105061173439026,2826,3869,27172,24,0.8851317458912396,0.4221060492905153,0.991578947368421,0.12464160304113914,0.8753583969588609
27196,YDR390C YOR119C,0.0,NA,0.2611919045448303,2826,3868,27173,24,0.8851612522498599,0.422169106662683,0.991578947368421,0.12460938758416289,0.8753906124158372
27197,YLR377C YER169W,0.0,NA,0.2612415552139282,2826,3867,27174,24,0.8851907586084802,0.42223218287763337,0.991578947368421,0.12457717212718662,0.8754228278728133
27198,YPL145C YPL239W,0.0,NA,0.26130834221839905,2826,3866,27175,24,0.8852202649671004,0.4222952779438135,0.991578947368421,0.12454495667021037,0.8754550433297896
27199,YPL130W YMR143W,0.0,NA,0.2614120841026306,2826,3865,27176,24,0.8852497713257207,0.42235839186967566,0.991578947368421,0.12451274121323411,0.8754872587867659
27200,YKL025C YKL182W,0.0,NA,0.2614358961582184,2826,3864,27177,24,0.885279277684341,0.4224215246636771,0.991578947368421,0.12448052575625786,0.8755194742437421
27201,YDR131C YKL086W,0.0,NA,0.2615325450897217,2826,3863,27178,24,0.8853087840429612,0.42248467633428016,0.991578947368421,0.12444831029928159,0.8755516897007184
27202,YBL046W YFL033C,0.0,NA,0.2615920305252075,2826,3862,27179,24,0.8853382904015815,0.42254784688995217,0.991578947368421,0.12441609484230534,0.8755839051576947
27203,YFL031W YBR035C,0.0,NA,0.26163628697395325,2826,3861,27180,24,0.8853677967602018,0.4226110363391655,0.991578947368421,0.12438387938532908,0.8756161206146709
27204,YMR312W YCL052C,0.0,NA,0.2616477906703949,2826,3860,27181,24,0.8853973031188221,0.4226742446903978,0.991578947368421,0.12435166392835283,0.8756483360716472
27205,YBR106W YIL115C,0.0,NA,0.2617233991622925,2826,3859,27182,24,0.8854268094774423,0.4227374719521316,0.991578947368421,0.12431944847137656,0.8756805515286235
27206,YLR263W YAL067C,0.0,NA,0.2620117664337158,2826,3858,27183,24,0.8854563158360627,0.4228007181328546,0.991578947368421,0.12428723301440031,0.8757127669855997
27207,YLR086W YCR048W,0.0,NA,0.2623838782310486,2826,3857,27184,24,0.885485822194683,0.4228639832410594,0.991578947368421,0.12425501755742405,0.8757449824425759
27208,YBR084C-A YLR450W,0.0,NA,0.262616902589798,2826,3856,27185,24,0.8855153285533033,0.42292726728524394,0.991578947368421,0.1242228021004478,0.8757771978995522
27209,YAL031C YJL156C,0.0,NA,0.2626398503780365,2826,3855,27186,24,0.8855448349119235,0.42299057027391107,0.991578947368421,0.12419058664347153,0.8758094133565285
27210,YKL116C YBL005W-B,0.0,NA,0.26264023780822754,2826,3854,27187,24,0.8855743412705438,0.4230538922155689,0.991578947368421,0.12415837118649528,0.8758416288135047
27211,YAL068C YML048W,0.0,NA,0.26304054260253906,2826,3853,27188,24,0.8856038476291641,0.42311723311873034,0.991578947368421,0.12412615572951902,0.875873844270481
27212,YBL005W YDR168W,0.0,NA,0.2632134258747101,2826,3852,27189,24,0.8856333539877844,0.42318059299191374,0.991578947368421,0.12409394027254277,0.8759060597274573
27213,YMR294W YEL027W,0.0,NA,0.2632680833339691,2826,3851,27190,24,0.8856628603464046,0.4232439718436424,0.991578947368421,0.12406172481556652,0.8759382751844335
27214,YOR163W YHR098C,0.0,NA,0.26331472396850586,2826,3850,27191,24,0.8856923667050249,0.4233073696824446,0.991578947368421,0.12402950935859025,0.8759704906414097
27215,YNL097C YMR281W,0.0,NA,0.26340314745903015,2826,3849,27192,24,0.8857218730636452,0.42337078651685395,0.991578947368421,0.123997293901614,0.876002706098386
27216,YDR017C YER052C,0.0,NA,0.26348161697387695,2826,3848,27193,24,0.8857513794222655,0.42343422235540906,0.991578947368421,0.12396507844463774,0.8760349215553622
27217,YCL054W YDR311W,0.0,NA,0.2635119557380676,2826,3847,27194,24,0.8857808857808858,0.42349767720665366,0.991578947368421,0.12393286298766149,0.8760671370123385
27218,YPL111W YJR003C,0.0,NA,0.2635402977466583,2826,3846,27195,24,0.8858103921395061,0.42356115107913667,0.991578947368421,0.12390064753068522,0.8760993524693148
27219,tR(ACG)K YIL003W,0.0,NA,0.26393476128578186,2826,3845,27196,24,0.8858398984981264,0.4236246439814121,0.991578947368421,0.12386843207370897,0.876131567926291
27220,YBL019W YOR023C,0.0,NA,0.2639425992965698,2826,3844,27197,24,0.8858694048567466,0.42368815592203896,0.991578947368421,0.1238362166167327,0.8761637833832673
27221,YGL203C YNL219C,0.0,NA,0.2649802565574646,2826,3843,27198,24,0.8858989112153669,0.42375168690958165,0.991578947368421,0.12380400115975645,0.8761959988402436
27222,YDL236W YNL220W,0.0,NA,0.26502588391304016,2826,3842,27199,24,0.8859284175739872,0.4238152369526095,0.991578947368421,0.12377178570278019,0.8762282142972198
27223,YJL130C YGL051W,0.0,NA,0.2652149498462677,2826,3841,27200,24,0.8859579239326075,0.423878806059697,0.991578947368421,0.12373957024580394,0.876260429754196
27224,YBL046W YNL032W,0.0,NA,0.2653489112854004,2826,3840,27201,24,0.8859874302912277,0.4239423942394239,0.991578947368421,0.12370735478882768,0.8762926452111723
27225,YLR319C YAL020C,0.0,NA,0.26543405652046204,2826,3839,27202,24,0.886016936649848,0.4240060015003751,0.991578947368421,0.12367513933185142,0.8763248606681486
27226,YGR241C YOR030W,0.0,NA,0.26549240946769714,2826,3838,27203,24,0.8860464430084684,0.42406962785114044,0.991578947368421,0.12364292387487516,0.8763570761251248
27227,YDR142C YJR010W,0.0,NA,0.26587310433387756,2826,3837,27204,24,0.8860759493670886,0.4241332733003152,0.991578947368421,0.12361070841789891,0.8763892915821011
27228,YJR110W YBL100W-A,0.0,NA,0.2660052180290222,2826,3836,27205,24,0.8861054557257089,0.42419693785649953,0.991578947368421,0.12357849296092265,0.8764215070390774
27229,YDR071C YGR087C,0.0,NA,0.26615646481513977,2826,3835,27206,24,0.8861349620843292,0.4242606215282991,0.991578947368421,0.1235462775039464,0.8764537224960536
27230,YGR108W YKR086W,0.0,NA,0.2661689519882202,2826,3834,27207,24,0.8861644684429495,0.4243243243243243,0.991578947368421,0.12351406204697013,0.8764859379530299
27231,YER083C YKL186C,0.0,NA,0.26620736718177795,2826,3833,27208,24,0.8861939748015697,0.42438804625319115,0.991578947368421,0.12348184658999388,0.8765181534100062
27232,YDR283C YIL036W,0.0,NA,0.2664563059806824,2826,3832,27209,24,0.88622348116019,0.42445178732352057,0.991578947368421,0.12344963113301761,0.8765503688669823
27233,YOR119C YAL031C,0.0,NA,0.2664732336997986,2826,3831,27210,24,0.8862529875188103,0.4245155475439387,0.991578947368421,0.12341741567604136,0.8765825843239586
27234,YCR033W YNL183C,0.0,NA,0.26648348569869995,2826,3830,27211,24,0.8862824938774306,0.4245793269230769,0.991578947368421,0.12338520021906511,0.8766147997809349
27235,YLR201C YFR041C,0.0,NA,0.26649951934814453,2826,3829,27212,24,0.8863120002360508,0.4246431254695717,0.991578947368421,0.12335298476208885,0.8766470152379111
27236,YKL060C YLR191W,0.0,NA,0.2667486369609833,2826,3828,27213,24,0.8863415065946711,0.4247069431920649,0.991578947368421,0.1233207693051126,0.8766792306948874
27237,YJR152W YML132W,0.0,NA,0.26693764328956604,2826,3827,27214,24,0.8863710129532915,0.4247707800992034,0.991578947368421,0.12328855384813633,0.8767114461518637
27238,YHR007C YFL018C,0.0,NA,0.26713839173316956,2826,3826,27215,24,0.8864005193119118,0.4248346361996392,0.991578947368421,0.12325633839116008,0.8767436616088399
27239,YGR212W YPL093W,0.0,NA,0.267280638217926,2826,3825,27216,24,0.886430025670532,0.4248985115020298,0.991578947368421,0.12322412293418382,0.8767758770658162
27240,YGL200C YMR261C,0.0,NA,0.2673832178115845,2826,3824,27217,24,0.8864595320291523,0.4249624060150376,0.991578947368421,0.12319190747720757,0.8768080925227925
27241,tQ(UUG)E2 YLR273C,0.0,NA,0.26741424202919006,2826,3823,27218,24,0.8864890383877726,0.4250263197473304,0.991578947368421,0.1231596920202313,0.8768403079797686
27242,YOR192C-A YLR227W-A,0.0,NA,0.2678762972354889,2826,3822,27219,24,0.8865185447463928,0.4250902527075812,0.991578947368421,0.12312747656325505,0.8768725234367449
27243,YCL027W YMR247C,0.0,NA,0.26791951060295105,2826,3821,27220,24,0.8865480511050131,0.4251542049044682,0.991578947368421,0.12309526110627879,0.8769047388937212
27244,YIR006C YDL213C,0.0,NA,0.2681657075881958,2826,3820,27221,24,0.8865775574636334,0.4252181763466747,0.991578947368421,0.12306304564930254,0.8769369543506975
27245,YDR164C YBL024W,0.0,NA,0.2681756019592285,2826,3819,27222,24,0.8866070638222537,0.4252821670428894,0.991578947368421,0.12303083019232627,0.8769691698076737
27246,YDL246C YJL125C,0.0,NA,0.2683500051498413,2826,3818,27223,24,0.8866365701808739,0.42534617700180616,0.991578947368421,0.12299861473535002,0.87700138526465
27247,YIL110W YML121W,0.0,NA,0.26850584149360657,2826,3817,27224,24,0.8866660765394943,0.42541020623212406,0.991578947368421,0.12296639927837376,0.8770336007216263
27248,YPL200W YML075C,0.0,NA,0.26866018772125244,2826,3816,27225,24,0.8866955828981146,0.4254742547425474,0.991578947368421,0.12293418382139751,0.8770658161786025
27249,YIL166C YKR102W,0.0,NA,0.2690906226634979,2826,3815,27226,24,0.8867250892567349,0.42553832254178586,0.991578947368421,0.12290196836442124,0.8770980316355788
27250,YBR004C YIL111W,0.0,NA,0.2691219747066498,2826,3814,27227,24,0.8867545956153551,0.4256024096385542,0.991578947368421,0.12286975290744499,0.877130247092555
27251,YDL083C YKR002W,0.0,NA,0.26963022351264954,2826,3813,27228,24,0.8867841019739754,0.4256665160415725,0.991578947368421,0.12283753745046873,0.8771624625495312
27252,YJL019W YGR172C,0.0,NA,0.26975664496421814,2826,3812,27229,24,0.8868136083325957,0.42573064175956615,0.991578947368421,0.12280532199349248,0.8771946780065075
27253,YBR276C YDL190C,0.0,NA,0.2698535919189453,2826,3811,27230,24,0.8868431146912159,0.42579478680126565,0.991578947368421,0.12277310653651623,0.8772268934634838
27254,YOR287C YNL068C,0.0,NA,0.2698710262775421,2826,3810,27231,24,0.8868726210498362,0.4258589511754069,0.991578947368421,0.12274089107953996,0.87725910892046
27255,YDR146C YPR042C,0.0,NA,0.2699512243270874,2826,3809,27232,24,0.8869021274084565,0.42592313489073097,0.991578947368421,0.12270867562256371,0.8772913243774363
27256,YNL222W YFR045W,0.0,NA,0.27011990547180176,2826,3808,27233,24,0.8869316337670768,0.4259873379559843,0.991578947368421,0.12267646016558745,0.8773235398344126
27257,YJR013W YDR182W,0.0,NA,0.27038607001304626,2826,3807,27234,24,0.886961140125697,0.4260515603799186,0.991578947368421,0.1226442447086112,0.8773557552913888
27258,YGR163W YOL020W,0.0,NA,0.2706623673439026,2826,3806,27235,24,0.8869906464843174,0.4261158021712907,0.991578947368421,0.12261202925163493,0.877387970748365
27259,YDR065W YDR225W,0.0,NA,0.2710023522377014,2826,3805,27236,24,0.8870201528429377,0.42618006333886294,0.991578947368421,0.12257981379465868,0.8774201862053413
27260,YOR190W YLR275W,0.0,NA,0.271027535200119,2826,3804,27237,24,0.887049659201558,0.4262443438914027,0.991578947368421,0.12254759833768242,0.8774524016623175
27261,YPR018W YHR042W,0.0,NA,0.27116256952285767,2826,3803,27238,24,0.8870791655601782,0.4263086438376829,0.991578947368421,0.12251538288070617,0.8774846171192938
27262,YDL193W YHR041C,0.0,NA,0.27117425203323364,2826,3802,27239,24,0.8871086719187985,0.4263729631864816,0.991578947368421,0.1224831674237299,0.8775168325762701
27263,YDR486C YOR323C,0.0,NA,0.2712673842906952,2826,3801,27240,24,0.8871381782774188,0.42643730194658214,0.991578947368421,0.12245095196675365,0.8775490480332464
27264,YMR073C YIL104C,0.0,NA,0.27138105034828186,2826,3800,27241,24,0.887167684636039,0.4265016601267733,0.991578947368421,0.12241873650977739,0.8775812634902226
27265,YHR087W YCL019W,0.0,NA,0.2715427279472351,2826,3799,27242,24,0.8871971909946593,0.42656603773584906,0.991578947368421,0.12238652105280114,0.8776134789471989
27266,YNL197C YPL130W,0.0,NA,0.2715437710285187,2826,3798,27243,24,0.8872266973532796,0.4266304347826087,0.991578947368421,0.12235430559582487,0.8776456944041752
27267,YNL128W YBR123C,0.0,NA,0.2715666592121124,2826,3797,27244,24,0.8872562037119,0.4266948512758569,0.991578947368421,0.12232209013884862,0.8776779098611514
27268,tA(AGC)P YOL149W,0.0,NA,0.2716272473335266,2826,3796,27245,24,0.8872857100705202,0.4267592872244035,0.991578947368421,0.12228987468187236,0.8777101253181276
27269,YBR212W YMR134W,1.0,NA,0.27174878120422363,2825,3796,27245,25,0.8872562037119,0.42667270805014346,0.9912280701754386,0.12228987468187236,0.8777101253181276
27270,YIL096C YHL040C,0.0,NA,0.27181926369667053,2825,3795,27246,25,0.8872857100705202,0.42673716012084595,0.9912280701754386,0.1222576592248961,0.8777423407751039
27271,YOR192C YLL019C,0.0,NA,0.2719925343990326,2825,3794,27247,25,0.8873152164291405,0.4268016316664149,0.9912280701754386,0.12222544376791984,0.8777745562320801
27272,YGR112W YCR105W,0.0,NA,0.2722282409667969,2825,3793,27248,25,0.8873447227877608,0.4268661226956785,0.9912280701754386,0.12219322831094359,0.8778067716890564
27273,YBR286W YCR042C,0.0,NA,0.2723073661327362,2825,3792,27249,25,0.8873742291463811,0.42693063321747016,0.9912280701754386,0.12216101285396733,0.8778389871460327
27274,YGL136C YLR183C,0.0,NA,0.2723515033721924,2825,3791,27250,25,0.8874037355050013,0.4269951632406288,0.9912280701754386,0.12212879739699108,0.8778712026030089
27275,YCR083W YMR204C,0.0,NA,0.2723941206932068,2825,3790,27251,25,0.8874332418636216,0.4270597127739985,0.9912280701754386,0.12209658194001483,0.8779034180599852
27276,YMR272C YNR049C,0.0,NA,0.27240127325057983,2825,3789,27252,25,0.8874627482222419,0.4271242818264288,0.9912280701754386,0.12206436648303856,0.8779356335169615
27277,YJR110W YDL175C,0.0,NA,0.272430419921875,2825,3788,27253,25,0.8874922545808622,0.42718887040677456,0.9912280701754386,0.12203215102606231,0.8779678489739376
27278,YDR452W YOR368W,0.0,NA,0.27246224880218506,2825,3787,27254,25,0.8875217609394824,0.42725347852389595,0.9912280701754386,0.12199993556908605,0.8780000644309139
27279,YIL094C YDR460W,0.0,NA,0.2724725902080536,2825,3786,27255,25,0.8875512672981027,0.4273181061866586,0.9912280701754386,0.1219677201121098,0.8780322798878902
27280,YER001W YDL113C,0.0,NA,0.2725957930088043,2825,3785,27256,25,0.887580773656723,0.42738275340393345,0.9912280701754386,0.12193550465513353,0.8780644953448664
27281,tS(AGA)D1 YDR334W,0.0,NA,0.2727295756340027,2825,3784,27257,25,0.8876102800153433,0.42744742018459675,0.9912280701754386,0.12190328919815728,0.8780967108018427
27282,YOL125W YOR319W,0.0,NA,0.2727603018283844,2825,3783,27258,25,0.8876397863739636,0.42751210653753025,0.9912280701754386,0.12187107374118102,0.878128926258819
27283,YJL184W YMR159C,0.0,NA,0.2727974057197571,2825,3782,27259,25,0.8876692927325839,0.427576812471621,0.9912280701754386,0.12183885828420477,0.8781611417157953
27284,YHR065C snR13,0.0,NA,0.2728004455566406,2825,3781,27260,25,0.8876987990912042,0.42764153799576143,0.9912280701754386,0.1218066428272285,0.8781933571727715
27285,YEL071W YHL001W,0.0,NA,0.27280354499816895,2825,3780,27261,25,0.8877283054498244,0.42770628311884934,0.9912280701754386,0.12177442737025225,0.8782255726297478
27286,YAL034W-A YDR487C,0.0,NA,0.2730519771575928,2825,3779,27262,25,0.8877578118084447,0.42777104784978803,0.9912280701754386,0.12174221191327599,0.8782577880867241
27287,YOR373W YIL120W,0.0,NA,0.2732575535774231,2825,3778,27263,25,0.887787318167065,0.427835832197486,0.9912280701754386,0.12170999645629973,0.8782900035437002
27288,YDR439W YDR497C,0.0,NA,0.27331748604774475,2825,3777,27264,25,0.8878168245256853,0.42790063617085733,0.9912280701754386,0.12167778099932347,0.8783222190006765
27289,YDR140W YNL283C,0.0,NA,0.27334505319595337,2825,3776,27265,25,0.8878463308843055,0.4279654597788214,0.9912280701754386,0.12164556554234722,0.8783544344576528
27290,YIL005W YCR024C-A,0.0,NA,0.2738008499145508,2825,3775,27266,25,0.8878758372429258,0.42803030303030304,0.9912280701754386,0.12161335008537096,0.878386649914629
27291,YCR079W YDR283C,0.0,NA,0.27383148670196533,2825,3774,27267,25,0.8879053436015462,0.42809516593423247,0.9912280701754386,0.1215811346283947,0.8784188653716053
27292,Q0045 YCR065W,0.0,NA,0.2738461196422577,2825,3773,27268,25,0.8879348499601664,0.4281600484995453,0.9912280701754386,0.12154891917141844,0.8784510808285816
27293,YBR015C YLR007W,0.0,NA,0.27387404441833496,2825,3772,27269,25,0.8879643563187867,0.4282249507351827,0.9912280701754386,0.12151670371444219,0.8784832962855578
27294,YPL259C YBR143C,0.0,NA,0.2739366590976715,2825,3771,27270,25,0.887993862677407,0.42828987265009094,0.9912280701754386,0.12148448825746594,0.8785155117425341
27295,YMR175W YDL002C,0.0,NA,0.27407199144363403,2825,3770,27271,25,0.8880233690360273,0.42835481425322214,0.9912280701754386,0.12145227280048967,0.8785477271995104
27296,YJL012C YFL048C,0.0,NA,0.2742043435573578,2825,3769,27272,25,0.8880528753946475,0.4284197755535335,0.9912280701754386,0.12142005734351342,0.8785799426564865
27297,YIR004W YBR229C,0.0,NA,0.27454179525375366,2825,3768,27273,25,0.8880823817532678,0.42848475655998786,0.9912280701754386,0.12138784188653716,0.8786121581134628
27298,YBR016W YGL035C,0.0,NA,0.2745664715766907,2825,3767,27274,25,0.8881118881118881,0.4285497572815534,0.9912280701754386,0.12135562642956091,0.8786443735704391
27299,YPL051W YBR106W,0.0,NA,0.27462437748908997,2825,3766,27275,25,0.8881413944705084,0.42861477772720374,0.9912280701754386,0.12132341097258464,0.8786765890274153
27300,YOR095C YBR162W-A,0.0,NA,0.27468839287757874,2825,3765,27276,25,0.8881709008291286,0.4286798179059181,0.9912280701754386,0.1212911955156084,0.8787088044843916
27301,YGL191W YJR082C,0.0,NA,0.274802029132843,2825,3764,27277,25,0.888200407187749,0.42874487782668086,0.9912280701754386,0.12125898005863213,0.8787410199413679
27302,YHR043C YKL126W,0.0,NA,0.27499958872795105,2825,3763,27278,25,0.8882299135463693,0.4288099574984821,0.9912280701754386,0.12122676460165588,0.8787732353983442
27303,YJL109C YCL020W,0.0,NA,0.2751476466655731,2825,3762,27279,25,0.8882594199049896,0.4288750569303173,0.9912280701754386,0.12119454914467961,0.8788054508553204
27304,YNL074C YLR131C,0.0,NA,0.27521201968193054,2825,3761,27280,25,0.8882889262636098,0.42894017613118735,0.9912280701754386,0.12116233368770336,0.8788376663122967
27305,YJL201W YDR072C,0.0,NA,0.2752183973789215,2825,3760,27281,25,0.8883184326222301,0.4290053151100987,0.9912280701754386,0.1211301182307271,0.8788698817692729
27306,YLR301W YPL101W,0.0,NA,0.27527132630348206,2825,3759,27282,25,0.8883479389808504,0.4290704738760632,0.9912280701754386,0.12109790277375085,0.8789020972262491
27307,YDR098C YDL063C,0.0,NA,0.2755161225795746,2825,3758,27283,25,0.8883774453394706,0.42913565243809815,0.9912280701754386,0.12106568731677458,0.8789343126832254
27308,YDR317W YNL084C,0.0,NA,0.27565768361091614,2825,3757,27284,25,0.8884069516980909,0.42920085080522635,0.9912280701754386,0.12103347185979833,0.8789665281402017
27309,YMR272C YPR133C,0.0,NA,0.27570831775665283,2825,3756,27285,25,0.8884364580567112,0.42926606898647623,0.9912280701754386,0.12100125640282207,0.8789987435971779
27310,YDL124W YHR142W,0.0,NA,0.2761097550392151,2825,3755,27286,25,0.8884659644153315,0.42933130699088146,0.9912280701754386,0.12096904094584582,0.8790309590541542
27311,YHR153C YDR379W,0.0,NA,0.2763519883155823,2825,3754,27287,25,0.8884954707739517,0.4293965648274814,0.9912280701754386,0.12093682548886955,0.8790631745111305
27312,YBR016W YIL014W,0.0,NA,0.27648061513900757,2825,3753,27288,25,0.8885249771325721,0.42946184250532077,0.9912280701754386,0.1209046100318933,0.8790953899681067
27313,YGL145W YKR031C,0.0,NA,0.27650541067123413,2825,3752,27289,25,0.8885544834911924,0.4295271400334499,0.9912280701754386,0.12087239457491704,0.879127605425083
27314,YNR023W YPR079W,0.0,NA,0.27660080790519714,2825,3751,27290,25,0.8885839898498127,0.42959245742092456,0.9912280701754386,0.12084017911794079,0.8791598208820592
27315,YLR455W YHR044C,0.0,NA,0.27666908502578735,2825,3750,27291,25,0.8886134962084329,0.4296577946768061,0.9912280701754386,0.12080796366096454,0.8791920363390354
27316,YBL011W YOL018C,0.0,NA,0.2767896354198456,2825,3749,27292,25,0.8886430025670532,0.42972315181016124,0.9912280701754386,0.12077574820398827,0.8792242517960117
27317,YJL156C YEL041W,0.0,NA,0.2768110930919647,2825,3748,27293,25,0.8886725089256735,0.42978852883006236,0.9912280701754386,0.12074353274701202,0.879256467252988
27318,YDR331W YDR232W,0.0,NA,0.2768152952194214,2825,3747,27294,25,0.8887020152842937,0.42985392574558734,0.9912280701754386,0.12071131729003576,0.8792886827099642
27319,YJR120W YIL138C,1.0,NA,0.27697351574897766,2824,3747,27294,26,0.8886725089256735,0.4297671587277431,0.9908771929824561,0.12071131729003576,0.8792886827099642
27320,YMR263W YHR216W,0.0,NA,0.27712714672088623,2824,3746,27295,26,0.8887020152842937,0.4298325722983257,0.9908771929824561,0.12067910183305951,0.8793208981669405
27321,YDR425W YHR123W,0.0,NA,0.27717918157577515,2824,3745,27296,26,0.888731521642914,0.4298980057847465,0.9908771929824561,0.12064688637608324,0.8793531136239168
27322,YER169W YJL002C,0.0,NA,0.2772693634033203,2824,3744,27297,26,0.8887610280015343,0.4299634591961023,0.9908771929824561,0.12061467091910699,0.8793853290808931
27323,YDR294C YDR406W,0.0,NA,0.2773849368095398,2824,3743,27298,26,0.8887905343601546,0.4300289325414954,0.9908771929824561,0.12058245546213073,0.8794175445378692
27324,snR6 YNL329C,0.0,NA,0.27740904688835144,2824,3742,27299,26,0.8888200407187749,0.4300944258300335,0.9908771929824561,0.12055024000515448,0.8794497599948455
27325,YLL046C YMR077C,0.0,NA,0.2774215638637543,2824,3741,27300,26,0.8888495470773952,0.43015993907083017,0.9908771929824561,0.12051802454817821,0.8794819754518218
27326,YDR385W YDR182W,0.0,NA,0.2781296670436859,2824,3740,27301,26,0.8888790534360155,0.4302254722730043,0.9908771929824561,0.12048580909120196,0.879514190908798
27327,YLL042C YKR037C,0.0,NA,0.2784997820854187,2824,3739,27302,26,0.8889085597946358,0.4302910254456803,0.9908771929824561,0.1204535936342257,0.8795464063657743
27328,YOL059W YPL020C,0.0,NA,0.27856436371803284,2824,3738,27303,26,0.888938066153256,0.4303565985979884,0.9908771929824561,0.12042137817724945,0.8795786218227506
27329,YBR036C YDR447C,0.0,NA,0.27880024909973145,2824,3737,27304,26,0.8889675725118763,0.43042219173906415,0.9908771929824561,0.12038916272027318,0.8796108372797268
27330,YOR237W YER100W,0.0,NA,0.2788902521133423,2824,3736,27305,26,0.8889970788704966,0.4304878048780488,0.9908771929824561,0.12035694726329693,0.8796430527367031
27331,YDR394W YGL032C,0.0,NA,0.2789745628833771,2824,3735,27306,26,0.8890265852291169,0.430553438024089,0.9908771929824561,0.12032473180632067,0.8796752681936794
27332,YFR005C YKR037C,0.0,NA,0.2789820730686188,2824,3734,27307,26,0.8890560915877371,0.4306190911863373,0.9908771929824561,0.12029251634934442,0.8797074836506555
27333,YDL230W YMR246W,0.0,NA,0.2791045308113098,2824,3733,27308,26,0.8890855979463574,0.4306847643739515,0.9908771929824561,0.12026030089236815,0.8797396991076318
27334,YGR177C YGR198W,0.0,NA,0.2791440784931183,2824,3732,27309,26,0.8891151043049778,0.4307504575960952,0.9908771929824561,0.1202280854353919,0.8797719145646081
27335,YJL146W YNL032W,0.0,NA,0.2793212831020355,2824,3731,27310,26,0.889144610663598,0.43081617086193746,0.9908771929824561,0.12019586997841564,0.8798041300215843
27336,YJL189W YLR043C,0.0,NA,0.27934619784355164,2824,3730,27311,26,0.8891741170222183,0.43088190418065303,0.9908771929824561,0.12016365452143939,0.8798363454785606
27337,YPL231W YDR201W,0.0,NA,0.28024864196777344,2824,3729,27312,26,0.8892036233808386,0.4309476575614222,0.9908771929824561,0.12013143906446314,0.8798685609355369
27338,YML038C YLR129W,0.0,NA,0.28037580847740173,2824,3728,27313,26,0.8892331297394589,0.43101343101343104,0.9908771929824561,0.12009922360748687,0.8799007763925131
27339,YIL166C YPR149W,0.0,NA,0.28047436475753784,2824,3727,27314,26,0.8892626360980791,0.4310792245458709,0.9908771929824561,0.12006700815051062,0.8799329918494894
27340,YLR276C snR8,0.0,NA,0.28078019618988037,2824,3726,27315,26,0.8892921424566994,0.4311450381679389,0.9908771929824561,0.12003479269353436,0.8799652073064657
27341,YMR134W YGR181W,1.0,NA,0.2810232937335968,2823,3726,27315,27,0.8892626360980791,0.4310581768208887,0.9905263157894737,0.12003479269353436,0.8799652073064657
27342,YFL033C YOR179C,0.0,NA,0.2812087833881378,2823,3725,27316,27,0.8892921424566994,0.4311240073304826,0.9905263157894737,0.1200025772365581,0.879997422763442
27343,YOR026W YFL033C,0.0,NA,0.28133177757263184,2823,3724,27317,27,0.8893216488153197,0.4311898579502062,0.9905263157894737,0.11997036177958184,0.8800296382204181
27344,YBR200W YOR202W,0.0,NA,0.2813563644886017,2823,3723,27318,27,0.88935115517394,0.4312557286892759,0.9905263157894737,0.11993814632260559,0.8800618536773944
27345,YDR038C YML015C,0.0,NA,0.28166618943214417,2823,3722,27319,27,0.8893806615325602,0.43132161955691367,0.9905263157894737,0.11990593086562933,0.8800940691343707
27346,YGR276C YNL016W,0.0,NA,0.2817036211490631,2823,3721,27320,27,0.8894101678911805,0.4313875305623472,0.9905263157894737,0.11987371540865308,0.8801262845913469
27347,YNL128W YOL091W,0.0,NA,0.28176581859588623,2823,3720,27321,27,0.8894396742498009,0.4314534617148097,0.9905263157894737,0.11984149995167681,0.8801585000483232
27348,YHR158C YPL088W,0.0,NA,0.281794011592865,2823,3719,27322,27,0.8894691806084211,0.4315194130235402,0.9905263157894737,0.11980928449470056,0.8801907155052995
27349,YGL116W YAL001C,0.0,NA,0.2818429470062256,2823,3718,27323,27,0.8894986869670414,0.4315853844977832,0.9905263157894737,0.1197770690377243,0.8802229309622757
27350,YNR052C YOR113W,0.0,NA,0.28227928280830383,2823,3717,27324,27,0.8895281933256617,0.431651376146789,0.9905263157894737,0.11974485358074805,0.880255146419252
27351,YGR192C YGR085C,0.0,NA,0.28236401081085205,2823,3716,27325,27,0.889557699684282,0.4317173879798134,0.9905263157894737,0.11971263812377178,0.8802873618762282
27352,YER119C YDR384C,0.0,NA,0.2823750376701355,2823,3715,27326,27,0.8895872060429022,0.4317834200061181,0.9905263157894737,0.11968042266679553,0.8803195773332044
27353,YOR308C YMR226C,0.0,NA,0.28237685561180115,2823,3714,27327,27,0.8896167124015225,0.43184947223497017,0.9905263157894737,0.11964820720981927,0.8803517927901807
27354,YDL033C YPR051W,0.0,NA,0.282482773065567,2823,3713,27328,27,0.8896462187601428,0.4319155446756426,0.9905263157894737,0.11961599175284301,0.880384008247157
27355,YNL178W YCR009C,0.0,NA,0.2826046049594879,2823,3712,27329,27,0.8896757251187631,0.4319816373374139,0.9905263157894737,0.11958377629586675,0.8804162237041332
27356,YMR184W YFR004W,0.0,NA,0.28264757990837097,2823,3711,27330,27,0.8897052314773833,0.43204775022956843,0.9905263157894737,0.1195515608388905,0.8804484391611095
27357,YPR201W YDR191W,0.0,NA,0.2826537489891052,2823,3710,27331,27,0.8897347378360037,0.432113883361396,0.9905263157894737,0.11951934538191425,0.8804806546180858
27358,YDL246C YPL084W,0.0,NA,0.28275009989738464,2823,3709,27332,27,0.889764244194624,0.4321800367421923,0.9905263157894737,0.11948712992493798,0.880512870075062
27359,YMR037C YAR035W,0.0,NA,0.2828547954559326,2823,3708,27333,27,0.8897937505532443,0.4322462103812586,0.9905263157894737,0.11945491446796173,0.8805450855320383
27360,YNL209W YOL143C,0.0,NA,0.282903790473938,2823,3707,27334,27,0.8898232569118645,0.43231240428790196,0.9905263157894737,0.11942269901098547,0.8805773009890145
27361,YOR100C YOR357C,0.0,NA,0.2829195559024811,2823,3706,27335,27,0.8898527632704848,0.43237861847143516,0.9905263157894737,0.11939048355400922,0.8806095164459908
27362,YPL259C YLR435W,0.0,NA,0.2829248607158661,2823,3705,27336,27,0.8898822696291051,0.43244485294117646,0.9905263157894737,0.11935826809703295,0.880641731902967
27363,YER009W YGL119W,0.0,NA,0.28295719623565674,2823,3704,27337,27,0.8899117759877253,0.4325111077064501,0.9905263157894737,0.1193260526400567,0.8806739473599433
27364,YJR059W YIL090W,0.0,NA,0.2829964756965637,2823,3703,27338,27,0.8899412823463456,0.432577382776586,0.9905263157894737,0.11929383718308044,0.8807061628169196
27365,YIL061C YDR037W,0.0,NA,0.2830573320388794,2823,3702,27339,27,0.8899707887049659,0.43264367816091953,0.9905263157894737,0.11926162172610419,0.8807383782738958
27366,YPL029W YKR007W,0.0,NA,0.28321340680122375,2823,3701,27340,27,0.8900002950635862,0.43270999386879216,0.9905263157894737,0.11922940626912792,0.8807705937308721
27367,YOR287C YER129W,0.0,NA,0.28321415185928345,2823,3700,27341,27,0.8900298014222064,0.43277632990955084,0.9905263157894737,0.11919719081215167,0.8808028091878484
27368,YBL008W YPL085W,0.0,NA,0.28328874707221985,2823,3699,27342,27,0.8900593077808268,0.4328426862925483,0.9905263157894737,0.11916497535517541,0.8808350246448245
27369,YAR002C-A YBL018C,0.0,NA,0.28340813517570496,2823,3698,27343,27,0.8900888141394471,0.4329090630271431,0.9905263157894737,0.11913275989819916,0.8808672401018008
27370,YGL114W YPL174C,0.0,NA,0.283782422542572,2823,3697,27344,27,0.8901183204980674,0.4329754601226994,0.9905263157894737,0.1191005444412229,0.8808994555587771
27371,YOR054C YKL145W,0.0,NA,0.28387483954429626,2823,3696,27345,27,0.8901478268566876,0.4330418775885872,0.9905263157894737,0.11906832898424664,0.8809316710157533
27372,YBL100W-B YHR113W,0.0,NA,0.28404659032821655,2823,3695,27346,27,0.8901773332153079,0.43310831543418227,0.9905263157894737,0.11903611352727038,0.8809638864727296
27373,YGR147C YPL065W,0.0,NA,0.28412890434265137,2823,3694,27347,27,0.8902068395739282,0.43317477366886603,0.9905263157894737,0.11900389807029413,0.8809961019297059
27374,YBL046W YLR147C,0.0,NA,0.284638375043869,2823,3693,27348,27,0.8902363459325484,0.43324125230202576,0.9905263157894737,0.11897168261331786,0.8810283173866821
27375,YOL072W YPR062W,0.0,NA,0.28491589426994324,2823,3692,27349,27,0.8902658522911687,0.4333077513430545,0.9905263157894737,0.11893946715634161,0.8810605328436584
27376,YMR272C YDR378C,0.0,NA,0.2850196659564972,2823,3691,27350,27,0.890295358649789,0.43337427080135094,0.9905263157894737,0.11890725169936535,0.8810927483006347
27377,YPR056W YNL166C,0.0,NA,0.2850485146045685,2823,3690,27351,27,0.8903248650084093,0.4334408106863197,0.9905263157894737,0.1188750362423891,0.8811249637576108
27378,YER008C YGL027C,0.0,NA,0.2852126955986023,2823,3689,27352,27,0.8903543713670296,0.433507371007371,0.9905263157894737,0.11884282078541285,0.8811571792145871
27379,YFR002W YOR226C,0.0,NA,0.2854134440422058,2823,3688,27353,27,0.8903838777256499,0.43357395177392105,0.9905263157894737,0.11881060532843658,0.8811893946715634
27380,YPL234C YDR295C,0.0,NA,0.28568676114082336,2823,3687,27354,27,0.8904133840842702,0.4336405529953917,0.9905263157894737,0.11877838987146033,0.8812216101285397
27381,YLR332W YNL220W,0.0,NA,0.2856971323490143,2823,3686,27355,27,0.8904428904428905,0.4337071746812106,0.9905263157894737,0.11874617441448407,0.8812538255855159
27382,YGL025C YPR188C,0.0,NA,0.28572705388069153,2823,3685,27356,27,0.8904723968015107,0.4337738168408113,0.9905263157894737,0.11871395895750782,0.8812860410424922
27383,YPL040C YKL035W,0.0,NA,0.285813570022583,2823,3684,27357,27,0.890501903160131,0.433840479483633,0.9905263157894737,0.11868174350053155,0.8813182564994685
27384,YDR098C YNL322C,0.0,NA,0.2858404517173767,2823,3683,27358,27,0.8905314095187513,0.4339071626191208,0.9905263157894737,0.1186495280435553,0.8813504719564447
27385,YBR286W YHL022C,0.0,NA,0.28609785437583923,2823,3682,27359,27,0.8905609158773716,0.43397386625672557,0.9905263157894737,0.11861731258657904,0.881382687413421
27386,YLL002W YOR038C,0.0,NA,0.2860991656780243,2823,3681,27360,27,0.8905904222359918,0.43404059040590404,0.9905263157894737,0.11858509712960279,0.8814149028703973
27387,YNL219C YFL018C,0.0,NA,0.2861553430557251,2823,3680,27361,27,0.8906199285946121,0.4341073350761187,0.9905263157894737,0.11855288167262652,0.8814471183273734
27388,YNL149C YJR135W-A,0.0,NA,0.28616490960121155,2823,3679,27362,27,0.8906494349532325,0.4341741002768379,0.9905263157894737,0.11852066621565027,0.8814793337843497
27389,YJL068C YDR306C,0.0,NA,0.28619450330734253,2823,3678,27363,27,0.8906789413118527,0.43424088601753574,0.9905263157894737,0.11848845075867401,0.881511549241326
27390,YGL219C YKR042W,1.0,NA,0.2862565517425537,2822,3678,27363,28,0.8906494349532325,0.43415384615384617,0.9901754385964913,0.11848845075867401,0.881511549241326
27391,YPL149W YEL057C,0.0,NA,0.2863187789916992,2822,3677,27364,28,0.8906789413118527,0.43422064933066623,0.9901754385964913,0.11845623530169776,0.8815437646983022
27392,YGL113W YBR165W,0.0,NA,0.28649964928627014,2822,3676,27365,28,0.890708447670473,0.4342874730686365,0.9901754385964913,0.11842401984472149,0.8815759801552785
27393,tG(GCC)P2 YDR039C,0.0,NA,0.28654471039772034,2822,3675,27366,28,0.8907379540290933,0.43435431737725105,0.9901754385964913,0.11839180438774524,0.8816081956122548
27394,YLR308W YOR163W,0.0,NA,0.2866213917732239,2822,3674,27367,28,0.8907674603877136,0.43442118226600984,0.9901754385964913,0.11835958893076898,0.881640411069231
27395,YML097C YMR288W,0.0,NA,0.2867339849472046,2822,3673,27368,28,0.8907969667463338,0.4344880677444188,0.9901754385964913,0.11832737347379273,0.8816726265262073
27396,YLL017W YLR254C,0.0,NA,0.2868221700191498,2822,3672,27369,28,0.8908264731049541,0.43455497382198954,0.9901754385964913,0.11829515801681646,0.8817048419831836
27397,YOR370C YBR233W-A,0.0,NA,0.28692832589149475,2822,3671,27370,28,0.8908559794635744,0.4346219005082396,0.9901754385964913,0.11826294255984021,0.8817370574401598
27398,YGR116W YBR249C,0.0,NA,0.2869579792022705,2822,3670,27371,28,0.8908854858221947,0.43468884781269257,0.9901754385964913,0.11823072710286395,0.881769272897136
27399,YIL142W YLR306W,0.0,NA,0.2870109975337982,2822,3669,27372,28,0.8909149921808149,0.43475581574487754,0.9901754385964913,0.1181985116458877,0.8818014883541123
27400,YDR083W YPR094W,0.0,NA,0.287084698677063,2822,3668,27373,28,0.8909444985394352,0.43482280431432974,0.9901754385964913,0.11816629618891145,0.8818337038110886
27401,YGR124W YJR109C,0.0,NA,0.2872024476528168,2822,3667,27374,28,0.8909740048980556,0.43488981353059025,0.9901754385964913,0.11813408073193518,0.8818659192680648
27402,YOL003C YML023C,0.0,NA,0.2873823046684265,2822,3666,27375,28,0.8910035112566758,0.4349568434032059,0.9901754385964913,0.11810186527495893,0.8818981347250411
27403,YKL029C YNL325C,0.0,NA,0.2873980700969696,2822,3665,27376,28,0.8910330176152961,0.43502389394172963,0.9901754385964913,0.11806964981798267,0.8819303501820174
27404,YHR092C YNL067W,0.0,NA,0.2876685559749603,2822,3664,27377,28,0.8910625239739164,0.43509096515572,0.9901754385964913,0.11803743436100642,0.8819625656389936
27405,YBL055C YBR010W,0.0,NA,0.28777068853378296,2822,3663,27378,28,0.8910920303325367,0.4351580570547417,0.9901754385964913,0.11800521890403015,0.8819947810959698
27406,YPR173C YJL177W,0.0,NA,0.28777316212654114,2822,3662,27379,28,0.8911215366911569,0.4352251696483652,0.9901754385964913,0.1179730034470539,0.8820269965529461
27407,YGR192C YDR354W,0.0,NA,0.2877804934978485,2822,3661,27380,28,0.8911510430497772,0.4352923029461669,0.9901754385964913,0.11794078799007764,0.8820592120099223
27408,YLR345W YMR232W,0.0,NA,0.28779858350753784,2822,3660,27381,28,0.8911805494083975,0.4353594569577291,0.9901754385964913,0.11790857253310139,0.8820914274668986
27409,YNL079C YJR120W,1.0,NA,0.2880450487136841,2821,3660,27381,29,0.8911510430497772,0.43527233451627834,0.9898245614035087,0.11790857253310139,0.8820914274668986
27410,YLR048W YNL108C,0.0,NA,0.28823694586753845,2821,3659,27382,29,0.8911805494083975,0.4353395061728395,0.9898245614035087,0.11787635707612512,0.8821236429238749
27411,YDR400W YIL037C,0.0,NA,0.2883813977241516,2821,3658,27383,29,0.8912100557670178,0.4354066985645933,0.9898245614035087,0.11784414161914887,0.8821558583808511
27412,YER031C YOL051W,0.0,NA,0.288431853055954,2821,3657,27384,29,0.891239562125638,0.4354739117011423,0.9898245614035087,0.1178119261621726,0.8821880738378274
27413,YLR397C YGR240C,0.0,NA,0.28898289799690247,2821,3656,27385,29,0.8912690684842584,0.4355411455920951,0.9898245614035087,0.11777971070519636,0.8822202892948037
27414,YDL137W YGL071W,0.0,NA,0.2890407145023346,2821,3655,27386,29,0.8912985748428787,0.4356084002470661,0.9898245614035087,0.11774749524822009,0.8822525047517799
27415,YHR031C YNL213C,1.0,NA,0.289091020822525,2820,3655,27386,30,0.8912690684842584,0.4355212355212355,0.9894736842105263,0.11774749524822009,0.8822525047517799
27416,YNL213C YGR181W,1.0,NA,0.28915929794311523,2819,3655,27386,31,0.891239562125638,0.4354340438677788,0.9891228070175438,0.11774749524822009,0.8822525047517799
27417,YGR013W YGR255C,0.0,NA,0.2891736924648285,2819,3654,27387,31,0.8912690684842584,0.435501313146918,0.9891228070175438,0.11771527979124384,0.8822847202087561
27418,YMR075W YDL205C,0.0,NA,0.28918710350990295,2819,3653,27388,31,0.8912985748428787,0.4355686032138443,0.9891228070175438,0.11768306433426758,0.8823169356657324
27419,YOR165W YIR006C,0.0,NA,0.2892187237739563,2819,3652,27389,31,0.891328081201499,0.435635914078195,0.9891228070175438,0.11765084887729133,0.8823491511227087
27420,YBR165W YPR194C,0.0,NA,0.28937095403671265,2819,3651,27390,31,0.8913575875601192,0.4357032457496136,0.9891228070175438,0.11761863342031506,0.8823813665796849
27421,YPR095C YJL071W,0.0,NA,0.2894352972507477,2819,3650,27391,31,0.8913870939187395,0.4357705982377493,0.9891228070175438,0.11758641796333881,0.8824135820366612
27422,YGL124C YHR042W,0.0,NA,0.2896343767642975,2819,3649,27392,31,0.8914166002773598,0.4358379715522573,0.9891228070175438,0.11755420250636256,0.8824457974936375
27423,YBR200W YGL105W,0.0,NA,0.28969669342041016,2819,3648,27393,31,0.89144610663598,0.4359053657027988,0.9891228070175438,0.1175219870493863,0.8824780129506137
27424,YLR451W YPL160W,0.0,NA,0.2899605631828308,2819,3647,27394,31,0.8914756129946003,0.43597278069904116,0.9891228070175438,0.11748977159241004,0.88251022840759
27425,YMR013C YAL022C,0.0,NA,0.29003795981407166,2819,3646,27395,31,0.8915051193532206,0.4360402165506574,0.9891228070175438,0.11745755613543378,0.8825424438645663
27426,YML116W YGL234W,0.0,NA,0.2900872528553009,2819,3645,27396,31,0.891534625711841,0.43610767326732675,0.9891228070175438,0.11742534067845753,0.8825746593215424
27427,YLL016W YOR247W,0.0,NA,0.29044753313064575,2819,3644,27397,31,0.8915641320704611,0.4361751508587343,0.9891228070175438,0.11739312522148126,0.8826068747785187
27428,YLL048C YNL127W,0.0,NA,0.29059019684791565,2819,3643,27398,31,0.8915936384290815,0.43624264933457135,0.9891228070175438,0.11736090976450501,0.882639090235495
27429,YNR074C YDL063C,0.0,NA,0.29073917865753174,2819,3642,27399,31,0.8916231447877018,0.43631016870453493,0.9891228070175438,0.11732869430752875,0.8826713056924712
27430,YMR247C YML004C,0.0,NA,0.29082977771759033,2819,3641,27400,31,0.8916526511463221,0.43637770897832817,0.9891228070175438,0.1172964788505525,0.8827035211494475
27431,YNL189W YBR021W,0.0,NA,0.29083865880966187,2819,3640,27401,31,0.8916821575049423,0.4364452701656603,0.9891228070175438,0.11726426339357623,0.8827357366064238
27432,YOR083W YBR078W,0.0,NA,0.2911968231201172,2819,3639,27402,31,0.8917116638635626,0.43651285227624653,0.9891228070175438,0.11723204793659998,0.8827679520634
27433,YBL005W YJR141W,0.0,NA,0.2913612127304077,2819,3638,27403,31,0.8917411702221829,0.43658045531980794,0.9891228070175438,0.11719983247962372,0.8828001675203763
27434,YGL113W YLR417W,0.0,NA,0.29152899980545044,2819,3637,27404,31,0.8917706765808031,0.43664807930607186,0.9891228070175438,0.11716761702264747,0.8828323829773526
27435,YNL178W YML057W,0.0,NA,0.2915942668914795,2819,3636,27405,31,0.8918001829394234,0.4367157242447715,0.9891228070175438,0.1171354015656712,0.8828645984343287
27436,YJR028W YDR009W,0.0,NA,0.2916039228439331,2819,3635,27406,31,0.8918296892980437,0.4367833901456461,0.9891228070175438,0.11710318610869495,0.882896813891305
27437,YGL175C YKL119C,0.0,NA,0.2919137477874756,2819,3634,27407,31,0.891859195656664,0.43685107701844106,0.9891228070175438,0.11707097065171869,0.8829290293482813
27438,YER155C YGL207W,0.0,NA,0.2919941246509552,2819,3633,27408,31,0.8918887020152843,0.43691878487290764,0.9891228070175438,0.11703875519474244,0.8829612448052576
27439,YDL235C YLR354C,0.0,NA,0.29211002588272095,2819,3632,27409,31,0.8919182083739046,0.43698651371880326,0.9891228070175438,0.11700653973776617,0.8829934602622338
27440,YGL234W YKL196C,0.0,NA,0.29220256209373474,2819,3631,27410,31,0.8919477147325249,0.4370542635658915,0.9891228070175438,0.11697432428078992,0.8830256757192101
27441,YPL267W YMR224C,0.0,NA,0.2922426164150238,2819,3630,27411,31,0.8919772210911452,0.4371220344239417,0.9891228070175438,0.11694210882381366,0.8830578911761864
27442,YKR085C YOL095C,0.0,NA,0.29233747720718384,2819,3629,27412,31,0.8920067274497654,0.4371898263027295,0.9891228070175438,0.11690989336683741,0.8830901066331626
27443,YNL213C YCL044C,0.0,NA,0.29236164689064026,2819,3628,27413,31,0.8920362338083857,0.4372576392120366,0.9891228070175438,0.11687767790986116,0.8831223220901389
27444,YAL031C YGR172C,0.0,NA,0.2927180230617523,2819,3627,27414,31,0.892065740167006,0.43732547316165066,0.9891228070175438,0.1168454624528849,0.8831545375471151
27445,YHR047C YCL043C,0.0,NA,0.29282039403915405,2819,3626,27415,31,0.8920952465256262,0.4373933281613654,0.9891228070175438,0.11681324699590864,0.8831867530040913
27446,YMR316W YDL103C,0.0,NA,0.292838454246521,2819,3625,27416,31,0.8921247528842465,0.4374612042209808,0.9891228070175438,0.11678103153893238,0.8832189684610676
27447,YAL017W YOR008C-A,0.0,NA,0.29326048493385315,2819,3624,27417,31,0.8921542592428668,0.43752910135030265,0.9891228070175438,0.11674881608195613,0.8832511839180439
27448,YAR002W YER104W,0.0,NA,0.29343512654304504,2819,3623,27418,31,0.8921837656014872,0.4375970195591431,0.9891228070175438,0.11671660062497986,0.8832833993750201
27449,YOL155C YNL322C,0.0,NA,0.2936655580997467,2819,3622,27419,31,0.8922132719601074,0.4376649588573203,0.9891228070175438,0.11668438516800361,0.8833156148319964
27450,YLR068W YDL143W,0.0,NA,0.29372698068618774,2819,3621,27420,31,0.8922427783187277,0.4377329192546584,0.9891228070175438,0.11665216971102735,0.8833478302889727
27451,YGR135W YKL092C,0.0,NA,0.2939530611038208,2819,3620,27421,31,0.892272284677348,0.4378009007609877,0.9891228070175438,0.1166199542540511,0.8833800457459489
27452,YDR369C YKR101W,0.0,NA,0.2941123843193054,2819,3619,27422,31,0.8923017910359683,0.43786890338614476,0.9891228070175438,0.11658773879707483,0.8834122612029252
27453,YJR019C YBR289W,0.0,NA,0.2944057285785675,2819,3618,27423,31,0.8923312973945885,0.437936927139972,0.9891228070175438,0.11655552334009858,0.8834444766599014
27454,YKR028W YJR139C,0.0,NA,0.2946610748767853,2819,3617,27424,31,0.8923608037532088,0.4380049720323182,0.9891228070175438,0.11652330788312232,0.8834766921168776
27455,YDL124W YAL009W,0.0,NA,0.29471442103385925,2819,3616,27425,31,0.8923903101118291,0.43807303807303805,0.9891228070175438,0.11649109242614607,0.8835089075738539
27456,YDR320C YPL209C,0.0,NA,0.2948450744152069,2819,3615,27426,31,0.8924198164704494,0.43814112527199256,0.9891228070175438,0.1164588769691698,0.8835411230308302
27457,YPR018W YNR057C,0.0,NA,0.2949325740337372,2819,3614,27427,31,0.8924493228290696,0.4382092336390487,0.9891228070175438,0.11642666151219355,0.8835733384878065
27458,YLR432W YER089C,0.0,NA,0.2951675355434418,2819,3613,27428,31,0.89247882918769,0.4382773631840796,0.9891228070175438,0.11639444605521729,0.8836055539447827
27459,YOR197W YOR290C,0.0,NA,0.29516908526420593,2819,3612,27429,31,0.8925083355463103,0.4383455139169647,0.9891228070175438,0.11636223059824104,0.883637769401759
27460,YKL206C YBR278W,0.0,NA,0.29525336623191833,2819,3611,27430,31,0.8925378419049305,0.43841368584758944,0.9891228070175438,0.11633001514126477,0.8836699848587353
27461,YDR301W YDL205C,0.0,NA,0.29530802369117737,2819,3610,27431,31,0.8925673482635508,0.4384818789858454,0.9891228070175438,0.11629779968428852,0.8837022003157115
27462,YOR047C YHR001W,0.0,NA,0.29542723298072815,2819,3609,27432,31,0.8925968546221711,0.43855009334163036,0.9891228070175438,0.11626558422731226,0.8837344157726877
27463,YCL034W YPL275W,0.0,NA,0.2956019639968872,2819,3608,27433,31,0.8926263609807914,0.4386183289248483,0.9891228070175438,0.116233368770336,0.883766631229664
27464,YHR172W YER089C,0.0,NA,0.2956315279006958,2819,3607,27434,31,0.8926558673394116,0.43868658574540925,0.9891228070175438,0.11620115331335976,0.8837988466866402
27465,YDR135C YLR114C,0.0,NA,0.2956559658050537,2819,3606,27435,31,0.8926853736980319,0.4387548638132296,0.9891228070175438,0.11616893785638349,0.8838310621436165
27466,YDL099W YGL185C,0.0,NA,0.29574406147003174,2819,3605,27436,31,0.8927148800566522,0.4388231631382316,0.9891228070175438,0.11613672239940724,0.8838632776005928
27467,YHR072W YPR190C,0.0,NA,0.29603391885757446,2819,3604,27437,31,0.8927443864152725,0.4388914837303441,0.9891228070175438,0.11610450694243098,0.883895493057569
27468,YGL018C YOR098C,0.0,NA,0.29640790820121765,2819,3603,27438,31,0.8927738927738927,0.4389598255995017,0.9891228070175438,0.11607229148545473,0.8839277085145453
27469,YIR023W YHR042W,0.0,NA,0.2964371144771576,2819,3602,27439,31,0.892803399132513,0.43902818875564553,0.9891228070175438,0.11604007602847846,0.8839599239715216
27470,YBR059C YEL057C,0.0,NA,0.2970302999019623,2819,3601,27440,31,0.8928329054911334,0.43909657320872275,0.9891228070175438,0.11600786057150221,0.8839921394284977
27471,tG(GCC)P2 YDL205C,0.0,NA,0.2972833216190338,2819,3600,27441,31,0.8928624118497536,0.4391649789686867,0.9891228070175438,0.11597564511452595,0.884024354885474
27472,YJR135W-A YNL310C,1.0,NA,0.2973616421222687,2818,3600,27441,32,0.8928329054911334,0.4390775942661265,0.9887719298245614,0.11597564511452595,0.884024354885474
27473,YDL040C YDL118W,0.0,NA,0.297654390335083,2818,3599,27442,32,0.8928624118497536,0.43914601838865513,0.9887719298245614,0.1159434296575497,0.8840565703424503
27474,YMR061W YLL058W,0.0,NA,0.29767045378685,2818,3598,27443,32,0.8928919182083739,0.439214463840399,0.9887719298245614,0.11591121420057343,0.8840887857994265
27475,YCL067C YEL057C,0.0,NA,0.29785504937171936,2818,3597,27444,32,0.8929214245669942,0.43928293063133284,0.9887719298245614,0.11587899874359718,0.8841210012564028
27476,YMR127C YDR089W,0.0,NA,0.29802095890045166,2818,3596,27445,32,0.8929509309256145,0.43935141877143746,0.9887719298245614,0.11584678328662092,0.8841532167133791
27477,YDR122W YGR255C,0.0,NA,0.2980213761329651,2818,3595,27446,32,0.8929804372842347,0.43941992827070014,0.9887719298245614,0.11581456782964467,0.8841854321703554
27478,YIL009W YDR316W-B,0.0,NA,0.29811444878578186,2818,3594,27447,32,0.893009943642855,0.43948845913911416,0.9887719298245614,0.1157823523726684,0.8842176476273316
27479,YDL234C YNR043W,0.0,NA,0.29818904399871826,2818,3593,27448,32,0.8930394500014753,0.43955701138667913,0.9887719298245614,0.11575013691569215,0.8842498630843079
27480,YDL135C YNL278W,0.0,NA,0.29819467663764954,2818,3592,27449,32,0.8930689563600956,0.43962558502340093,0.9887719298245614,0.11571792145871589,0.8842820785412842
27481,YBR233W-A YJL137C,0.0,NA,0.29820516705513,2818,3591,27450,32,0.8930984627187158,0.4396941800592916,0.9887719298245614,0.11568570600173964,0.8843142939982603
27482,YDR435C YJR136C,0.0,NA,0.2982763648033142,2818,3590,27451,32,0.8931279690773362,0.43976279650436956,0.9887719298245614,0.11565349054476337,0.8843465094552366
27483,YGR007W YBR038W,0.0,NA,0.29845163226127625,2818,3589,27452,32,0.8931574754359565,0.4398314343686593,0.9887719298245614,0.11562127508778712,0.8843787249122129
27484,YKL080W YLR380W,0.0,NA,0.2986655533313751,2818,3588,27453,32,0.8931869817945768,0.4399000936621917,0.9887719298245614,0.11558905963081087,0.8844109403691891
27485,YOR287C YKL182W,0.0,NA,0.2987219989299774,2818,3587,27454,32,0.893216488153197,0.4399687743950039,0.9887719298245614,0.1155568441738346,0.8844431558261654
27486,YDR086C YGL208W,0.0,NA,0.2988378405570984,2818,3586,27455,32,0.8932459945118173,0.44003747657713926,0.9887719298245614,0.11552462871685835,0.8844753712831417
27487,YFL034C-B YHR113W,0.0,NA,0.2990139126777649,2818,3585,27456,32,0.8932755008704376,0.4401062002186475,0.9887719298245614,0.11549241325988209,0.8845075867401179
27488,YHR031C YKR042W,1.0,NA,0.2993404269218445,2817,3585,27456,33,0.8932459945118173,0.4400187441424555,0.988421052631579,0.11549241325988209,0.8845075867401179
27489,YBR139W YIL082W-A,0.0,NA,0.299355685710907,2817,3584,27457,33,0.8932755008704376,0.4400874863302609,0.988421052631579,0.11546019780290584,0.8845398021970942
27490,YKL004W YER014C-A,0.0,NA,0.2993659973144531,2817,3583,27458,33,0.8933050072290578,0.44015625,0.988421052631579,0.11542798234592958,0.8845720176540705
27491,YLR398C YDR321W,0.0,NA,0.299441397190094,2817,3582,27459,33,0.8933345135876781,0.44022503516174405,0.988421052631579,0.11539576688895332,0.8846042331110466
27492,YCL016C YGR009C,0.0,NA,0.2994444966316223,2817,3581,27460,33,0.8933640199462984,0.44029384182557046,0.988421052631579,0.11536355143197706,0.8846364485680229
27493,YML071C YMR226C,0.0,NA,0.29950985312461853,2817,3580,27461,33,0.8933935263049188,0.4403626700015632,0.988421052631579,0.11533133597500081,0.8846686640249992
27494,YLL015W YOR027W,0.0,NA,0.29962435364723206,2817,3579,27462,33,0.893423032663539,0.44043151969981237,0.988421052631579,0.11529912051802454,0.8847008794819754
27495,YDL108W YDR085C,0.0,NA,0.29992347955703735,2817,3578,27463,33,0.8934525390221593,0.4405003909304144,0.988421052631579,0.1152669050610483,0.8847330949389517
27496,YBR102C YML075C,0.0,NA,0.3000044524669647,2817,3577,27464,33,0.8934820453807796,0.440569283703472,0.988421052631579,0.11523468960407203,0.884765310395928
27497,YCL031C YKL006C-A,0.0,NA,0.3000069856643677,2817,3576,27465,33,0.8935115517393999,0.4406381980290943,0.988421052631579,0.11520247414709578,0.8847975258529043
27498,YGR276C YDL161W,0.0,NA,0.30017709732055664,2817,3575,27466,33,0.8935410580980201,0.44070713391739674,0.988421052631579,0.11517025869011951,0.8848297413098805
27499,YHR007C YBR030W,0.0,NA,0.30018824338912964,2817,3574,27467,33,0.8935705644566404,0.440776091378501,0.988421052631579,0.11513804323314326,0.8848619567668567
27500,YPL156C YMR176W,0.0,NA,0.30032214522361755,2817,3573,27468,33,0.8936000708152607,0.44084507042253523,0.988421052631579,0.115105827776167,0.884894172223833
27501,YNL094W YIR041W,0.0,NA,0.30051782727241516,2817,3572,27469,33,0.8936295771738809,0.44091407105963376,0.988421052631579,0.11507361231919075,0.8849263876808092
27502,YJL113W YER161C,0.0,NA,0.30053824186325073,2817,3571,27470,33,0.8936590835325012,0.4409830932999374,0.988421052631579,0.11504139686221448,0.8849586031377855
27503,YLR246W YLR346C,0.0,NA,0.30072957277297974,2817,3570,27471,33,0.8936885898911215,0.44105213715359326,0.988421052631579,0.11500918140523823,0.8849908185947618
27504,YOR054C YKR068C,0.0,NA,0.30095091462135315,2817,3569,27472,33,0.8937180962497419,0.44112120263075477,0.988421052631579,0.11497696594826197,0.885023034051738
27505,YML023C YDR434W,0.0,NA,0.3010077476501465,2817,3568,27473,33,0.8937476026083621,0.4411902897415818,0.988421052631579,0.11494475049128572,0.8850552495087143
27506,YGR042W YLL041C,0.0,NA,0.3010696768760681,2817,3567,27474,33,0.8937771089669824,0.44125939849624063,0.988421052631579,0.11491253503430947,0.8850874649656906
27507,YMR288W YGR285C,0.0,NA,0.3012087047100067,2817,3566,27475,33,0.8938066153256027,0.44132852890490365,0.988421052631579,0.1148803195773332,0.8851196804226668
27508,YMR088C YER072W,0.0,NA,0.30126747488975525,2817,3565,27476,33,0.893836121684223,0.4413976809777499,0.988421052631579,0.11484810412035695,0.885151895879643
27509,YGR040W YGL038C,0.0,NA,0.3013620674610138,2817,3564,27477,33,0.8938656280428432,0.4414668547249647,0.988421052631579,0.11481588866338069,0.8851841113366193
27510,YFR052W YHR169W,0.0,NA,0.3014996647834778,2817,3563,27478,33,0.8938951344014635,0.4415360501567398,0.988421052631579,0.11478367320640444,0.8852163267935955
27511,YMR210W YKL080W,0.0,NA,0.301574170589447,2817,3562,27479,33,0.8939246407600838,0.44160526728327326,0.988421052631579,0.11475145774942817,0.8852485422505718
27512,YIL096C YOL143C,0.0,NA,0.301847368478775,2817,3561,27480,33,0.8939541471187041,0.4416745061147695,0.988421052631579,0.11471924229245192,0.8852807577075481
27513,YNR038W snR13,0.0,NA,0.30234625935554504,2817,3560,27481,33,0.8939836534773243,0.44174376666143955,0.988421052631579,0.11468702683547566,0.8853129731645243
27514,YGR275W YHR160C,0.0,NA,0.3023830056190491,2817,3559,27482,33,0.8940131598359446,0.44181304893350065,0.988421052631579,0.11465481137849941,0.8853451886215006
27515,YPL157W YOR217W,0.0,NA,0.3024667203426361,2817,3558,27483,33,0.894042666194565,0.44188235294117645,0.988421052631579,0.11462259592152314,0.8853774040784769
27516,YGL224C Q0275,0.0,NA,0.30250513553619385,2817,3557,27484,33,0.8940721725531852,0.4419516786946972,0.988421052631579,0.11459038046454689,0.8854096195354532
27517,YOR016C YGR145W,0.0,NA,0.3026447892189026,2817,3556,27485,33,0.8941016789118055,0.4420210262042994,0.988421052631579,0.11455816500757063,0.8854418349924293
27518,YGR116W YJL060W,0.0,NA,0.3027137815952301,2817,3555,27486,33,0.8941311852704258,0.442090395480226,0.988421052631579,0.11452594955059438,0.8854740504494056
27519,YPR149W YPL016W,0.0,NA,0.3034170866012573,2817,3554,27487,33,0.8941606916290461,0.4421597865327264,0.988421052631579,0.11449373409361811,0.8855062659063819
27520,YDR416W YEL027W,0.0,NA,0.30371901392936707,2817,3553,27488,33,0.8941901979876663,0.4422291993720565,0.988421052631579,0.11446151863664186,0.8855384813633581
27521,YPL135W YNL262W,0.0,NA,0.3039955794811249,2817,3552,27489,33,0.8942197043462866,0.4422986340084786,0.988421052631579,0.1144293031796656,0.8855706968203344
27522,YJL108C YAR010C,0.0,NA,0.3041793704032898,2817,3551,27490,33,0.8942492107049069,0.44236809045226133,0.988421052631579,0.11439708772268935,0.8856029122773107
27523,YAL043C YDR011W,0.0,NA,0.3043544292449951,2817,3550,27491,33,0.8942787170635272,0.4424375687136799,0.988421052631579,0.11436487226571308,0.8856351277342869
27524,YPL023C YMR081C,0.0,NA,0.30462804436683655,2817,3549,27492,33,0.8943082234221474,0.44250706880301605,0.988421052631579,0.11433265680873683,0.8856673431912632
27525,YER183C YOR269W,0.0,NA,0.3048817217350006,2817,3548,27493,33,0.8943377297807678,0.4425765907305577,0.988421052631579,0.11430044135176058,0.8856995586482395
27526,YCL024W YOL122C,0.0,NA,0.3049793243408203,2817,3547,27494,33,0.8943672361393881,0.4426461345065996,0.988421052631579,0.11426822589478432,0.8857317741052156
27527,YKR080W YCL043C,0.0,NA,0.30530837178230286,2817,3546,27495,33,0.8943967424980083,0.44271570014144274,0.988421052631579,0.11423601043780807,0.8857639895621919
27528,YML057W YBL100W-B,0.0,NA,0.30533522367477417,2817,3545,27496,33,0.8944262488566286,0.44278528764539454,0.988421052631579,0.1142037949808318,0.8857962050191682
27529,YPL069C YDR113C,0.0,NA,0.30553802847862244,2817,3544,27497,33,0.8944557552152489,0.44285489702876907,0.988421052631579,0.11417157952385555,0.8858284204761444
27530,YER102W YKR031C,0.0,NA,0.3057769238948822,2817,3543,27498,33,0.8944852615738692,0.4429245283018868,0.988421052631579,0.11413936406687929,0.8858606359331207
27531,YOL005C YKR062W,0.0,NA,0.30598190426826477,2817,3542,27499,33,0.8945147679324894,0.4429941814750747,0.988421052631579,0.11410714860990304,0.885892851390097
27532,YJL088W YML107C,0.0,NA,0.30604782700538635,2817,3541,27500,33,0.8945442742911097,0.44306385655866626,0.988421052631579,0.11407493315292677,0.8859250668470732
27533,YHR001W-A YOL122C,0.0,NA,0.306144654750824,2817,3540,27501,33,0.89457378064973,0.44313355356300144,0.988421052631579,0.11404271769595052,0.8859572823040495
27534,YAL024C YPL270W,0.0,NA,0.3065369725227356,2817,3539,27502,33,0.8946032870083503,0.44320327249842667,0.988421052631579,0.11401050223897426,0.8859894977610258
27535,YHR065C YPL070W,0.0,NA,0.3065473735332489,2817,3538,27503,33,0.8946327933669705,0.44327301337529507,0.988421052631579,0.113978286781998,0.886021713218002
27536,YIR008C YER074W-A,0.0,NA,0.3065749406814575,2817,3537,27504,33,0.8946622997255909,0.443342776203966,0.988421052631579,0.11394607132502174,0.8860539286749782
27537,YJR041C YNL094W,0.0,NA,0.30673420429229736,2817,3536,27505,33,0.8946918060842112,0.4434125609948056,0.988421052631579,0.11391385586804549,0.8860861441319545
27538,YNL071W YDR177W,0.0,NA,0.3068638741970062,2817,3535,27506,33,0.8947213124428315,0.4434823677581864,0.988421052631579,0.11388164041106923,0.8861183595889308
27539,YOR219C YDL108W,0.0,NA,0.30773690342903137,2817,3534,27507,33,0.8947508188014517,0.44355219650448746,0.988421052631579,0.11384942495409298,0.886150575045907
27540,YDR201W YPL171C,0.0,NA,0.30793294310569763,2817,3533,27508,33,0.894780325160072,0.4436220472440945,0.988421052631579,0.11381720949711671,0.8861827905028833
27541,YFR001W YLR396C,0.0,NA,0.30814671516418457,2817,3532,27509,33,0.8948098315186923,0.4436919199873996,0.988421052631579,0.11378499404014046,0.8862150059598596
27542,YAL031C YGR227W,0.0,NA,0.3084784150123596,2817,3531,27510,33,0.8948393378773125,0.44376181474480153,0.988421052631579,0.1137527785831642,0.8862472214168358
27543,YML019W YLR087C,0.0,NA,0.30849170684814453,2817,3530,27511,33,0.8948688442359328,0.4438317315267055,0.988421052631579,0.11372056312618795,0.886279436873812
27544,YLR102C YER133W,0.0,NA,0.3088982105255127,2817,3529,27512,33,0.8948983505945531,0.44390167034352346,0.988421052631579,0.11368834766921168,0.8863116523307883
27545,YOR219C YOL018C,0.0,NA,0.30891093611717224,2817,3528,27513,33,0.8949278569531735,0.44397163120567373,0.988421052631579,0.11365613221223543,0.8863438677877645
27546,YDR363W YER052C,0.0,NA,0.3089497983455658,2817,3527,27514,33,0.8949573633117937,0.44404161412358134,0.988421052631579,0.11362391675525918,0.8863760832447408
27547,YMR123W YER030W,0.0,NA,0.3094542920589447,2817,3526,27515,33,0.894986869670414,0.44411161910767777,0.988421052631579,0.11359170129828292,0.8864082987017171
27548,YML115C YDR466W,0.0,NA,0.3095036447048187,2817,3525,27516,33,0.8950163760290343,0.4441816461684011,0.988421052631579,0.11355948584130666,0.8864405141586933
27549,YIR005W YBR021W,0.0,NA,0.30968207120895386,2817,3524,27517,33,0.8950458823876546,0.4442516953161962,0.988421052631579,0.1135272703843304,0.8864727296156696
27550,YHR143W YDR142C,0.0,NA,0.30973443388938904,2817,3523,27518,33,0.8950753887462748,0.4443217665615142,0.988421052631579,0.11349505492735415,0.8865049450726459
27551,YBR290W YLR195C,0.0,NA,0.30982938408851624,2817,3522,27519,33,0.8951048951048951,0.44439185991481306,0.988421052631579,0.11346283947037789,0.8865371605296221
27552,YDR329C YER043C,0.0,NA,0.30983978509902954,2817,3521,27520,33,0.8951344014635154,0.4444619753865573,0.988421052631579,0.11343062401340163,0.8865693759865984
27553,YNL213C YML091C,1.0,NA,0.3099336624145508,2816,3521,27520,34,0.8951048951048951,0.44437430961022567,0.9880701754385965,0.11343062401340163,0.8865693759865984
27554,YPL131W tQ(UUG)C,0.0,NA,0.3100013732910156,2816,3520,27521,34,0.8951344014635154,0.4444444444444444,0.9880701754385965,0.11339840855642537,0.8866015914435746
27555,YDL109C YIL023C,0.0,NA,0.3100890517234802,2816,3519,27522,34,0.8951639078221356,0.4445146014206788,0.9880701754385965,0.11336619309944912,0.8866338069005509
27556,YLR209C YOR138C,0.0,NA,0.3103119134902954,2816,3518,27523,34,0.8951934141807559,0.44458478054941586,0.9880701754385965,0.11333397764247286,0.8866660223575271
27557,YBL058W YLR011W,0.0,NA,0.3103120028972626,2816,3517,27524,34,0.8952229205393762,0.44465498184114954,0.9880701754385965,0.1133017621854966,0.8866982378145034
27558,YJL210W YBR021W,0.0,NA,0.31037086248397827,2816,3516,27525,34,0.8952524268979966,0.44472520530638027,0.9880701754385965,0.11326954672852034,0.8867304532714797
27559,YKL088W YNL219C,0.0,NA,0.31044140458106995,2816,3515,27526,34,0.8952819332566168,0.44479545095561523,0.9880701754385965,0.11323733127154409,0.8867626687284559
27560,YGL012W YCR084C,0.0,NA,0.31050848960876465,2816,3514,27527,34,0.8953114396152371,0.4448657187993681,0.9880701754385965,0.11320511581456782,0.8867948841854322
27561,YIL080W YER046W,0.0,NA,0.31057000160217285,2816,3513,27528,34,0.8953409459738574,0.44493600884815926,0.9880701754385965,0.11317290035759157,0.8868270996424085
27562,YKL112W YGL167C,0.0,NA,0.3107529580593109,2816,3512,27529,34,0.8953704523324777,0.4450063211125158,0.9880701754385965,0.11314068490061531,0.8868593150993846
27563,YDR483W YML077W,0.0,NA,0.3108668923377991,2816,3511,27530,34,0.8953999586910979,0.4450766556029714,0.9880701754385965,0.11310846944363906,0.8868915305563609
27564,YLR276C snR128,0.0,NA,0.31090471148490906,2816,3510,27531,34,0.8954294650497182,0.44514701233006637,0.9880701754385965,0.1130762539866628,0.8869237460133372
27565,YDL127W YAR002C-A,0.0,NA,0.31093913316726685,2816,3509,27532,34,0.8954589714083385,0.44521739130434784,0.9880701754385965,0.11304403852968654,0.8869559614703134
27566,YPL088W YGR222W,0.0,NA,0.3110799789428711,2816,3508,27533,34,0.8954884777669588,0.4452877925363694,0.9880701754385965,0.11301182307271028,0.8869881769272897
27567,YLR119W YDR331W,0.0,NA,0.31121310591697693,2816,3507,27534,34,0.895517984125579,0.44535821603669146,0.9880701754385965,0.11297960761573403,0.887020392384266
27568,YHR031C YKR085C,0.0,NA,0.31121739745140076,2816,3506,27535,34,0.8955474904841993,0.44542866181588103,0.9880701754385965,0.11294739215875778,0.8870526078412422
27569,YHR088W YJL141C,0.0,NA,0.3112815022468567,2816,3505,27536,34,0.8955769968428197,0.44549912988451196,0.9880701754385965,0.11291517670178151,0.8870848232982185
27570,YNL091W YMR116C,0.0,NA,0.31146731972694397,2816,3504,27537,34,0.8956065032014399,0.44556962025316454,0.9880701754385965,0.11288296124480526,0.8871170387551948
27571,YKL156W YDR420W,0.0,NA,0.311570942401886,2816,3503,27538,34,0.8956360095600602,0.445640132932426,0.9880701754385965,0.112850745787829,0.887149254212171
27572,YPL007C YER089C,0.0,NA,0.3116722106933594,2816,3502,27539,34,0.8956655159186805,0.44571066793289016,0.9880701754385965,0.11281853033085275,0.8871814696691472
27573,YNL287W YOR290C,0.0,NA,0.31175050139427185,2816,3501,27540,34,0.8956950222773008,0.4457812252651575,0.9880701754385965,0.11278631487387648,0.8872136851261235
27574,YFL002W-A YGR170W,0.0,NA,0.3118082880973816,2816,3500,27541,34,0.895724528635921,0.44585180493983534,0.9880701754385965,0.11275409941690023,0.8872459005830998
27575,YKR066C YPR173C,0.0,NA,0.3118644952774048,2816,3499,27542,34,0.8957540349945413,0.4459224069675376,0.9880701754385965,0.11272188395992397,0.887278116040076
27576,YER093C YLR262C,0.0,NA,0.31191086769104004,2816,3498,27543,34,0.8957835413531616,0.445993031358885,0.9880701754385965,0.11268966850294772,0.8873103314970523
27577,YKL096W YDR330W,0.0,NA,0.311937153339386,2816,3497,27544,34,0.8958130477117819,0.446063678124505,0.9880701754385965,0.11265745304597145,0.8873425469540286
27578,YMR224C YOR126C,0.0,NA,0.31195127964019775,2816,3496,27545,34,0.8958425540704021,0.4461343472750317,0.9880701754385965,0.1126252375889952,0.8873747624110048
27579,YKR039W YDR013W,0.0,NA,0.3120516836643219,2816,3495,27546,34,0.8958720604290225,0.446205038821106,0.9880701754385965,0.11259302213201894,0.8874069778679811
27580,YCL020W YOR007C,0.0,NA,0.31236448884010315,2816,3494,27547,34,0.8959015667876428,0.4462757527733756,0.9880701754385965,0.11256080667504269,0.8874391933249574
27581,YKL156W YER174C,0.0,NA,0.3124193549156189,2816,3493,27548,34,0.895931073146263,0.44634648914249486,0.9880701754385965,0.11252859121806642,0.8874714087819335
27582,YGL003C YFL037W,0.0,NA,0.3126172721385956,2816,3492,27549,34,0.8959605795048833,0.4464172479391249,0.9880701754385965,0.11249637576109017,0.8875036242389098
27583,YBR024W YKL067W,0.0,NA,0.31266364455223083,2816,3491,27550,34,0.8959900858635036,0.4464880291739337,0.9880701754385965,0.11246416030411391,0.8875358396958861
27584,YOR367W YFL057C,0.0,NA,0.31280988454818726,2816,3490,27551,34,0.8960195922221239,0.44655883285759596,0.9880701754385965,0.11243194484713766,0.8875680551528623
27585,YML065W YMR032W,0.0,NA,0.31298744678497314,2816,3489,27552,34,0.8960490985807441,0.44662965900079304,0.9880701754385965,0.1123997293901614,0.8876002706098386
27586,YDL150W YOR361C,0.0,NA,0.31308236718177795,2816,3488,27553,34,0.8960786049393644,0.4467005076142132,0.9880701754385965,0.11236751393318514,0.8876324860668149
27587,YJL004C YLR420W,0.0,NA,0.31323257088661194,2816,3487,27554,34,0.8961081112979847,0.4467713787085515,0.9880701754385965,0.11233529847620889,0.8876647015237911
27588,YJR082C snR36,0.0,NA,0.3134830892086029,2816,3486,27555,34,0.896137617656605,0.4468422722945097,0.9880701754385965,0.11230308301923263,0.8876969169807674
27589,YNL051W YDL216C,0.0,NA,0.31362274289131165,2816,3485,27556,34,0.8961671240152252,0.44691318838279637,0.9880701754385965,0.11227086756225638,0.8877291324377437
27590,YGL185C YBL014C,0.0,NA,0.313701331615448,2816,3484,27557,34,0.8961966303738456,0.446984126984127,0.9880701754385965,0.11223865210528011,0.8877613478947198
27591,YGL212W YDL185W,0.0,NA,0.3137297034263611,2816,3483,27558,34,0.8962261367324659,0.4470550881092237,0.9880701754385965,0.11220643664830386,0.8877935633516961
27592,YMR274C YDL101C,0.0,NA,0.31382453441619873,2816,3482,27559,34,0.8962556430910861,0.44712607176881547,0.9880701754385965,0.1121742211913276,0.8878257788086724
27593,YML102W YCR039C,0.0,NA,0.3138812780380249,2816,3481,27560,34,0.8962851494497064,0.4471970779736382,0.9880701754385965,0.11214200573435135,0.8878579942656487
27594,YMR088C YBR049C,0.0,NA,0.3140459954738617,2816,3480,27561,34,0.8963146558083267,0.44726810673443457,0.9880701754385965,0.11210979027737508,0.8878902097226249
27595,YDR229W tQ(UUG)E1,0.0,NA,0.3141672611236572,2816,3479,27562,34,0.896344162166947,0.44733915806195396,0.9880701754385965,0.11207757482039883,0.8879224251796012
27596,YPL274W YGL100W,0.0,NA,0.3141946792602539,2816,3478,27563,34,0.8963736685255672,0.4474102319669527,0.9880701754385965,0.11204535936342257,0.8879546406365775
27597,YHR098C YJL035C,0.0,NA,0.31434690952301025,2816,3477,27564,34,0.8964031748841875,0.44748132846019384,0.9880701754385965,0.11201314390644632,0.8879868560935537
27598,YDR071C YHL048W,0.0,NA,0.31448036432266235,2816,3476,27565,34,0.8964326812428078,0.44755244755244755,0.9880701754385965,0.11198092844947005,0.88801907155053
27599,YCL020W YDR009W,0.0,NA,0.31451550126075745,2816,3475,27566,34,0.8964621876014282,0.44762358925449053,0.9880701754385965,0.1119487129924938,0.8880512870075062
27600,YNR052C YBR217W,0.0,NA,0.31467267870903015,2816,3474,27567,34,0.8964916939600484,0.44769475357710653,0.9880701754385965,0.11191649753551754,0.8880835024644824
27601,YKL060C YMR177W,0.0,NA,0.3152907192707062,2816,3473,27568,34,0.8965212003186687,0.44776594053108604,0.9880701754385965,0.11188428207854129,0.8881157179214587
27602,YJL114W YAL001C,0.0,NA,0.31533282995224,2816,3472,27569,34,0.896550706677289,0.44783715012722647,0.9880701754385965,0.11185206662156502,0.888147933378435
27603,YAL025C YLR256W,0.0,NA,0.3153773844242096,2816,3471,27570,34,0.8965802130359093,0.4479083823763321,0.9880701754385965,0.11181985116458877,0.8881801488354112
27604,YER019W YOL130W,0.0,NA,0.3154345452785492,2816,3470,27571,34,0.8966097193945295,0.44797963728921414,0.9880701754385965,0.1117876357076125,0.8882123642923875
27605,YER159C YPL210C,0.0,NA,0.3155452311038971,2816,3469,27572,34,0.8966392257531498,0.4480509148766905,0.9880701754385965,0.11175542025063626,0.8882445797493638
27606,YNL214W YOL125W,0.0,NA,0.3158286213874817,2816,3468,27573,34,0.8966687321117701,0.4481222151495863,0.9880701754385965,0.11172320479365999,0.88827679520634
27607,YKL070W YCL029C,0.0,NA,0.31638020277023315,2816,3467,27574,34,0.8966982384703903,0.4481935381187331,0.9880701754385965,0.11169098933668374,0.8883090106633162
27608,YLR459W YER026C,0.0,NA,0.31645578145980835,2816,3466,27575,34,0.8967277448290106,0.44826488379496976,0.9880701754385965,0.11165877387970749,0.8883412261202925
27609,YHR010W YOL109W,0.0,NA,0.3165411055088043,2816,3465,27576,34,0.8967572511876309,0.44833625218914186,0.9880701754385965,0.11162655842273123,0.8883734415772687
27610,YOL086C YML008C,0.0,NA,0.31681057810783386,2816,3464,27577,34,0.8967867575462513,0.4484076433121019,0.9880701754385965,0.11159434296575498,0.888405657034245
27611,YDL083C YPL091W,0.0,NA,0.31693369150161743,2816,3463,27578,34,0.8968162639048715,0.4484790571747094,0.9880701754385965,0.11156212750877871,0.8884378724912213
27612,YDL095W YGL172W,0.0,NA,0.317166805267334,2816,3462,27579,34,0.8968457702634918,0.4485504937878305,0.9880701754385965,0.11152991205180246,0.8884700879481976
27613,YNL225C YPL170W,0.0,NA,0.3175382912158966,2816,3461,27580,34,0.8968752766221121,0.4486219531623387,0.9880701754385965,0.1114976965948262,0.8885023034051738
27614,YLR106C YER168C,0.0,NA,0.3175400197505951,2816,3460,27581,34,0.8969047829807324,0.4486934353091141,0.9880701754385965,0.11146548113784994,0.8885345188621501
27615,YFL002W-A YOR035C,0.0,NA,0.31795620918273926,2816,3459,27582,34,0.8969342893393526,0.44876494023904384,0.9880701754385965,0.11143326568087368,0.8885667343191264
27616,YKL116C YOR002W,0.0,NA,0.3181389272212982,2816,3458,27583,34,0.8969637956979729,0.448836467963022,0.9880701754385965,0.11140105022389743,0.8885989497761025
27617,YJR120W YPR125W,1.0,NA,0.3182643949985504,2815,3458,27583,35,0.8969342893393526,0.44874860513311016,0.987719298245614,0.11140105022389743,0.8885989497761025
27618,YCR033W YGL127C,0.0,NA,0.31832653284072876,2815,3457,27584,35,0.8969637956979729,0.44882015306122447,0.987719298245614,0.11136883476692117,0.8886311652330788
27619,YDR197W YEL059C-A,0.0,NA,0.3183794915676117,2815,3456,27585,35,0.8969933020565932,0.4488917238080051,0.987719298245614,0.11133661930994491,0.8886633806900551
27620,YCR048W YKL067W,0.0,NA,0.318595826625824,2815,3455,27586,35,0.8970228084152134,0.44896331738437,0.987719298245614,0.11130440385296865,0.8886955961470313
27621,YMR134W YOL027C,1.0,NA,0.31892478466033936,2814,3455,27586,36,0.8969933020565932,0.4488754187270697,0.9873684210526316,0.11130440385296865,0.8886955961470313
27622,YNR041C YFR025C,0.0,NA,0.31964537501335144,2814,3454,27587,36,0.8970228084152134,0.4489470325462668,0.9873684210526316,0.1112721883959924,0.8887278116040076
27623,YGR147C YOR356W,0.0,NA,0.3202570974826813,2814,3453,27588,36,0.8970523147738337,0.44901866921972233,0.9873684210526316,0.11123997293901614,0.8887600270609839
27624,YAL056W YPL084W,0.0,NA,0.32047051191329956,2814,3452,27589,36,0.897081821132454,0.44909032875837857,0.9873684210526316,0.11120775748203988,0.8887922425179601
27625,YJR135W-A YNL213C,1.0,NA,0.3207104504108429,2813,3452,27589,37,0.8970523147738337,0.4490023942537909,0.9870175438596491,0.11120775748203988,0.8887922425179601
27626,YHR041C YNL290W,0.0,NA,0.3207606375217438,2813,3451,27590,37,0.897081821132454,0.44907407407407407,0.9870175438596491,0.11117554202506362,0.8888244579749364
27627,YNL104C YDR052C,0.0,NA,0.3209337592124939,2813,3450,27591,37,0.8971113274910744,0.4491457767842887,0.9870175438596491,0.11114332656808737,0.8888566734319127
27628,YIL126W YER008C,0.0,NA,0.3210834264755249,2813,3449,27592,37,0.8971408338496946,0.4492175023954008,0.9870175438596491,0.1111111111111111,0.8888888888888888
27629,YDR140W YLR115W,0.0,NA,0.32112494111061096,2813,3448,27593,37,0.8971703402083149,0.4492892509183836,0.9870175438596491,0.11107889565413485,0.8889211043458651
27630,YKR039W YDL099W,0.0,NA,0.32129865884780884,2813,3447,27594,37,0.8971998465669352,0.44936102236421727,0.9870175438596491,0.11104668019715859,0.8889533198028414
27631,YBR036C YLR188W,0.0,NA,0.3215319812297821,2813,3446,27595,37,0.8972293529255555,0.4494328167438888,0.9870175438596491,0.11101446474018234,0.8889855352598176
27632,YCL054W YFL034C-B,0.0,NA,0.32157039642333984,2813,3445,27596,37,0.8972588592841757,0.4495046340683925,0.9870175438596491,0.11098224928320609,0.8890177507167939
27633,YGR140W YKR087C,0.0,NA,0.3216165602207184,2813,3444,27597,37,0.897288365642796,0.44957647434872944,0.9870175438596491,0.11095003382622982,0.8890499661737702
27634,YMR304W YOR362C,0.0,NA,0.3217807412147522,2813,3443,27598,37,0.8973178720014163,0.44964833759590794,0.9870175438596491,0.11091781836925357,0.8890821816307465
27635,YDL184C YDR254W,0.0,NA,0.32181692123413086,2813,3442,27599,37,0.8973473783600366,0.44972022382094323,0.9870175438596491,0.11088560291227731,0.8891143970877227
27636,YKL180W YLL016W,0.0,NA,0.3218736946582794,2813,3441,27600,37,0.8973768847186568,0.4497921330348577,0.9870175438596491,0.11085338745530106,0.889146612544699
27637,YER180C YDR058C,0.0,NA,0.32190078496932983,2813,3440,27601,37,0.8974063910772772,0.4498640652486806,0.9870175438596491,0.1108211719983248,0.8891788280016752
27638,YFR010W YGL011C,0.0,NA,0.32200947403907776,2813,3439,27602,37,0.8974358974358975,0.4499360204734485,0.9870175438596491,0.11078895654134854,0.8892110434586514
27639,YLR095C YDR416W,0.0,NA,0.322225958108902,2813,3438,27603,37,0.8974654037945177,0.45000799872020475,0.9870175438596491,0.11075674108437228,0.8892432589156277
27640,YJR046W YMR217W,0.0,NA,0.3225589096546173,2813,3437,27604,37,0.897494910153138,0.45008,0.9870175438596491,0.11072452562739603,0.889275474372604
27641,YKL068W YLR113W,0.0,NA,0.3227221667766571,2813,3436,27605,37,0.8975244165117583,0.45015202432389184,0.9870175438596491,0.11069231017041976,0.8893076898295802
27642,YDL109C YPL145C,0.0,NA,0.3228644132614136,2813,3435,27606,37,0.8975539228703786,0.45022407170294493,0.9870175438596491,0.11066009471344351,0.8893399052865565
27643,YMR041C YOR356W,0.0,NA,0.3228825330734253,2813,3434,27607,37,0.8975834292289988,0.45029614214823116,0.9870175438596491,0.11062787925646725,0.8893721207435328
27644,YLR340W YLR248W,0.0,NA,0.32306623458862305,2813,3433,27608,37,0.8976129355876191,0.45036823567082934,0.9870175438596491,0.110595663799491,0.889404336200509
27645,YGL105W YNR013C,0.0,NA,0.32317614555358887,2813,3432,27609,37,0.8976424419462394,0.45044035228182544,0.9870175438596491,0.11056344834251473,0.8894365516574853
27646,YGL039W YBR084W,0.0,NA,0.32329097390174866,2813,3431,27610,37,0.8976719483048597,0.45051249199231264,0.9870175438596491,0.11053123288553848,0.8894687671144615
27647,YDR353W YCR038C,0.0,NA,0.3233201205730438,2813,3430,27611,37,0.89770145466348,0.450584654813391,0.9870175438596491,0.11049901742856222,0.8895009825714377
27648,YPL147W YMR041C,0.0,NA,0.3234463334083557,2813,3429,27612,37,0.8977309610221003,0.4506568407561679,0.9870175438596491,0.11046680197158597,0.889533198028414
27649,YJL130C snR66,0.0,NA,0.32390812039375305,2813,3428,27613,37,0.8977604673807206,0.4507290498317577,0.9870175438596491,0.1104345865146097,0.8895654134853903
27650,YDR261C YOL138C,0.0,NA,0.3239785432815552,2813,3427,27614,37,0.8977899737393408,0.45080128205128206,0.9870175438596491,0.11040237105763345,0.8895976289423666
27651,YIL094C YJL134W,0.0,NA,0.323982298374176,2813,3426,27615,37,0.8978194800979611,0.45087353742586955,0.9870175438596491,0.1103701556006572,0.8896298443993428
27652,YPL069C YBR078W,0.0,NA,0.3243703246116638,2813,3425,27616,37,0.8978489864565814,0.450945815966656,0.9870175438596491,0.11033794014368094,0.8896620598563191
27653,YDL008W YHR072W-A,0.0,NA,0.32479944825172424,2813,3424,27617,37,0.8978784928152017,0.45101811768478434,0.9870175438596491,0.11030572468670469,0.8896942753132954
27654,YDR168W YOR096W,0.0,NA,0.32493269443511963,2813,3423,27618,37,0.8979079991738219,0.45109044259140474,0.9870175438596491,0.11027350922972842,0.8897264907702715
27655,YOL005C YMR231W,0.0,NA,0.3251964747905731,2813,3422,27619,37,0.8979375055324422,0.4511627906976744,0.9870175438596491,0.11024129377275217,0.8897587062272478
27656,YCL054W YDR399W,0.0,NA,0.32538220286369324,2813,3421,27620,37,0.8979670118910625,0.4512351620147578,0.9870175438596491,0.11020907831577591,0.8897909216842241
27657,YPL001W YBR299W,0.0,NA,0.3254684507846832,2813,3420,27621,37,0.8979965182496829,0.45130755655382643,0.9870175438596491,0.11017686285879966,0.8898231371412003
27658,YKR085C YCR028C-A,0.0,NA,0.3255299925804138,2813,3419,27622,37,0.898026024608303,0.45137997432605903,0.9870175438596491,0.11014464740182339,0.8898553525981766
27659,YKL135C YJL166W,0.0,NA,0.32562053203582764,2813,3418,27623,37,0.8980555309669234,0.45145241534264163,0.9870175438596491,0.11011243194484714,0.8898875680551529
27660,YDL238C YER012W,0.0,NA,0.3256632685661316,2813,3417,27624,37,0.8980850373255437,0.4515248796147673,0.9870175438596491,0.11008021648787088,0.8899197835121291
27661,YBL071W-A YNR016C,0.0,NA,0.32583940029144287,2813,3416,27625,37,0.898114543684164,0.45159736715363624,0.9870175438596491,0.11004800103089463,0.8899519989691054
27662,YPL096C-A YLR011W,0.0,NA,0.32599151134490967,2813,3415,27626,37,0.8981440500427842,0.451669877970456,0.9870175438596491,0.11001578557391836,0.8899842144260817
27663,YIR008C YBR049C,0.0,NA,0.3260566294193268,2813,3414,27627,37,0.8981735564014045,0.4517424120764413,0.9870175438596491,0.10998357011694211,0.8900164298830578
27664,YNL189W YDR122W,0.0,NA,0.3262293338775635,2813,3413,27628,37,0.8982030627600248,0.451814969482814,0.9870175438596491,0.10995135465996585,0.8900486453400341
27665,YDR028C YDR277C,0.0,NA,0.326554536819458,2813,3412,27629,37,0.898232569118645,0.45188755020080323,0.9870175438596491,0.1099191392029896,0.8900808607970104
27666,YNL313C YOL088C,0.0,NA,0.3265575170516968,2813,3411,27630,37,0.8982620754772653,0.45196015424164526,0.9870175438596491,0.10988692374601333,0.8901130762539866
27667,YPR194C YIL082W-A,0.0,NA,0.32678717374801636,2813,3410,27631,37,0.8982915818358856,0.45203278161658367,0.9870175438596491,0.10985470828903708,0.8901452917109629
27668,YJL128C YPL253C,0.0,NA,0.3271353840827942,2813,3409,27632,37,0.898321088194506,0.4521054323368692,0.9870175438596491,0.10982249283206082,0.8901775071679392
27669,YOL005C YGL191W,0.0,NA,0.32778358459472656,2813,3408,27633,37,0.8983505945531262,0.45217810641375983,0.9870175438596491,0.10979027737508457,0.8902097226249155
27670,YKR022C YOR184W,0.0,NA,0.32806238532066345,2813,3407,27634,37,0.8983801009117465,0.4522508038585209,0.9870175438596491,0.1097580619181083,0.8902419380818917
27671,YML038C YOR014W,0.0,NA,0.32819756865501404,2813,3406,27635,37,0.8984096072703668,0.4523235246824248,0.9870175438596491,0.10972584646113205,0.890274153538868
27672,YPR133C YNL088W,0.0,NA,0.32828274369239807,2813,3405,27636,37,0.8984391136289871,0.4523962688967514,0.9870175438596491,0.1096936310041558,0.8903063689958443
27673,YER001W YML048W,0.0,NA,0.3286721110343933,2813,3404,27637,37,0.8984686199876073,0.4524690365127875,0.9870175438596491,0.10966141554717954,0.8903385844528204
27674,YJR104C YGL216W,0.0,NA,0.32909131050109863,2813,3403,27638,37,0.8984981263462276,0.45254182754182753,0.9870175438596491,0.10962920009020329,0.8903707999097967
27675,YBR211C YPL237W,0.0,NA,0.32916155457496643,2813,3402,27639,37,0.8985276327048479,0.452614641995173,0.9870175438596491,0.10959698463322702,0.890403015366773
27676,YDL118W YDR238C,0.0,NA,0.32918867468833923,2813,3401,27640,37,0.8985571390634681,0.4526874798841326,0.9870175438596491,0.10956476917625077,0.8904352308237492
27677,YMR134W YLL006W,1.0,NA,0.3292858898639679,2812,3401,27640,38,0.8985276327048479,0.4525993883792049,0.9866666666666667,0.10956476917625077,0.8904352308237492
27678,YLR006C YGL198W,0.0,NA,0.3295232057571411,2812,3400,27641,38,0.8985571390634681,0.45267224726336125,0.9866666666666667,0.1095325537192745,0.8904674462807255
27679,YKR094C YNL080C,0.0,NA,0.32961639761924744,2812,3399,27642,38,0.8985866454220884,0.4527451296087587,0.9866666666666667,0.10950033826229826,0.8904996617377018
27680,YDR200C YKL086W,0.0,NA,0.3296358585357666,2812,3398,27643,38,0.8986161517807087,0.4528180354267311,0.9866666666666667,0.10946812280532199,0.890531877194678
27681,YNL078W YER008C,0.0,NA,0.32983851432800293,2812,3397,27644,38,0.8986456581393291,0.4528909647286197,0.9866666666666667,0.10943590734834574,0.8905640926516543
27682,YKL054C YJL074C,0.0,NA,0.3298645317554474,2812,3396,27645,38,0.8986751644979493,0.4529639175257732,0.9866666666666667,0.10940369189136948,0.8905963081086306
27683,YNL172W YHR039C,0.0,NA,0.3300662934780121,2812,3395,27646,38,0.8987046708565696,0.45303689382954726,0.9866666666666667,0.10937147643439322,0.8906285235656067
27684,YDL033C YML045W,0.0,NA,0.3301527798175812,2812,3394,27647,38,0.8987341772151899,0.45310989365130516,0.9866666666666667,0.10933926097741696,0.890660739022583
27685,YGL113W YIL030C,0.0,NA,0.3301932215690613,2812,3393,27648,38,0.8987636835738102,0.4531829170024174,0.9866666666666667,0.10930704552044071,0.8906929544795593
27686,YGR135W YCL025C,0.0,NA,0.33024269342422485,2812,3392,27649,38,0.8987931899324304,0.45325596389426176,0.9866666666666667,0.10927483006346445,0.8907251699365355
27687,YEL060C YGR199W,0.0,NA,0.3302600383758545,2812,3391,27650,38,0.8988226962910507,0.4533290343382234,0.9866666666666667,0.1092426146064882,0.8907573853935118
27688,YGR147C YOR005C,0.0,NA,0.33034461736679077,2812,3390,27651,38,0.898852202649671,0.45340212834569493,0.9866666666666667,0.10921039914951193,0.8907896008504881
27689,YLR145W YHR072W,0.0,NA,0.3308008015155792,2812,3389,27652,38,0.8988817090082913,0.45347524592807614,0.9866666666666667,0.10917818369253568,0.8908218163074644
27690,YNL271C YLR452C,0.0,NA,0.33113375306129456,2812,3388,27653,38,0.8989112153669115,0.4535483870967742,0.9866666666666667,0.10914596823555942,0.8908540317644406
27691,YMR127C YNL173C,0.0,NA,0.33122560381889343,2812,3387,27654,38,0.8989407217255319,0.45362155186320374,0.9866666666666667,0.10911375277858316,0.8908862472214168
27692,YIL126W YDR207C,0.0,NA,0.33193737268447876,2812,3386,27655,38,0.8989702280841522,0.4536947402387867,0.9866666666666667,0.1090815373216069,0.8909184626783931
27693,YMR134W YDR077W,1.0,NA,0.33242934942245483,2811,3386,27655,39,0.8989407217255319,0.4536065838308859,0.9863157894736843,0.1090815373216069,0.8909184626783931
27694,YDR421W YGR056W,0.0,NA,0.33247289061546326,2811,3385,27656,39,0.8989702280841522,0.4536797934151065,0.9863157894736843,0.10904932186463065,0.8909506781353693
27695,YDR531W YLR417W,0.0,NA,0.33254989981651306,2811,3384,27657,39,0.8989997344427724,0.45375302663438255,0.9863157894736843,0.1090171064076544,0.8909828935923456
27696,YCL035C YPR034W,0.0,NA,0.3326185941696167,2811,3383,27658,39,0.8990292408013927,0.45382628350016146,0.9863157894736843,0.10898489095067813,0.8910151090493219
27697,YER069W YGR142W,0.0,NA,0.33267268538475037,2811,3382,27659,39,0.899058747160013,0.453899564023898,0.9863157894736843,0.10895267549370188,0.8910473245062981
27698,YGR097W YOR002W,0.0,NA,0.3326740562915802,2811,3381,27660,39,0.8990882535186333,0.45397286821705424,0.9863157894736843,0.10892046003672562,0.8910795399632744
27699,YNL053W YKR031C,0.0,NA,0.33286020159721375,2811,3380,27661,39,0.8991177598772535,0.4540461960911,0.9863157894736843,0.10888824457974937,0.8911117554202507
27700,YBR264C YGL124C,0.0,NA,0.3329901397228241,2811,3379,27662,39,0.8991472662358738,0.4541195476575121,0.9863157894736843,0.1088560291227731,0.8911439708772269
27701,YDR400W YKR089C,0.0,NA,0.33300548791885376,2811,3378,27663,39,0.8991767725944941,0.4541929229277751,0.9863157894736843,0.10882381366579685,0.8911761863342031
27702,YBR139W YOR043W,0.0,NA,0.3335520029067993,2811,3377,27664,39,0.8992062789531144,0.45426632191338073,0.9863157894736843,0.10879159820882059,0.8912084017911794
27703,YCL020W YPR108W,0.0,NA,0.3336314558982849,2811,3376,27665,39,0.8992357853117346,0.4543397446258283,0.9863157894736843,0.10875938275184434,0.8912406172481556
27704,YDR483W YPR093C,0.0,NA,0.33380621671676636,2811,3375,27666,39,0.899265291670355,0.45441319107662465,0.9863157894736843,0.10872716729486807,0.8912728327051319
27705,YLR306W YML121W,0.0,NA,0.33389812707901,2811,3374,27667,39,0.8992947980289753,0.45448666127728377,0.9863157894736843,0.10869495183789182,0.8913050481621082
27706,YJR120W YMR134W,1.0,NA,0.33412525057792664,2810,3374,27667,40,0.899265291670355,0.45439844760672704,0.9859649122807017,0.10869495183789182,0.8913050481621082
27707,YDR422C YDR046C,0.0,NA,0.3344678282737732,2810,3373,27668,40,0.8992947980289753,0.4544719391880964,0.9859649122807017,0.10866273638091556,0.8913372636190844
27708,YBR167C YGR042W,0.0,NA,0.3346606492996216,2810,3372,27669,40,0.8993243043875955,0.45454545454545453,0.9859649122807017,0.10863052092393931,0.8913694790760607
27709,YPL048W YGL234W,0.0,NA,0.33469101786613464,2810,3371,27670,40,0.8993538107462158,0.45461899369034137,0.9859649122807017,0.10859830546696304,0.891401694533037
27710,YCL008C YDR200C,0.0,NA,0.33487367630004883,2810,3370,27671,40,0.8993833171048361,0.4546925566343042,0.9859649122807017,0.1085660900099868,0.8914339099900133
27711,YLR436C YPR134W,0.0,NA,0.3350740671157837,2810,3369,27672,40,0.8994128234634564,0.45476614338889787,0.9859649122807017,0.10853387455301053,0.8914661254469894
27712,YJR147W YJR064W,0.0,NA,0.335111528635025,2810,3368,27673,40,0.8994423298220766,0.4548397539656847,0.9859649122807017,0.10850165909603428,0.8914983409039657
27713,YGL063W YER035W,0.0,NA,0.33514001965522766,2810,3367,27674,40,0.8994718361806969,0.4549133883762344,0.9859649122807017,0.10846944363905801,0.891530556360942
27714,YJL130C YNL099C,0.0,NA,0.33527567982673645,2810,3366,27675,40,0.8995013425393172,0.45498704663212436,0.9859649122807017,0.10843722818208176,0.8915627718179182
27715,YNL071W YKR055W,0.0,NA,0.33533114194869995,2810,3365,27676,40,0.8995308488979376,0.45506072874493925,0.9859649122807017,0.10840501272510551,0.8915949872748945
27716,YDR047W YBR170C,0.0,NA,0.3354896306991577,2810,3364,27677,40,0.8995603552565578,0.45513443472627146,0.9859649122807017,0.10837279726812925,0.8916272027318708
27717,YNL104C YLR388W,0.0,NA,0.33597755432128906,2810,3363,27678,40,0.8995898616151781,0.45520816458772073,0.9859649122807017,0.108340581811153,0.891659418188847
27718,YNL213C YNL310C,1.0,NA,0.3361464738845825,2809,3363,27678,41,0.8995603552565578,0.4551198963058976,0.9856140350877193,0.108340581811153,0.891659418188847
27719,YMR001C YIR011C,0.0,NA,0.33619338274002075,2809,3362,27679,41,0.8995898616151781,0.4551936477070167,0.9856140350877193,0.10830836635417673,0.8916916336458233
27720,YBL101C YHR018C,0.0,NA,0.3362560570240021,2809,3361,27680,41,0.8996193679737984,0.4552674230145867,0.9856140350877193,0.10827615089720048,0.8917238491027996
27721,YDR160W YDL056W,0.0,NA,0.3366490602493286,2809,3360,27681,41,0.8996488743324187,0.45534122224023343,0.9856140350877193,0.10824393544022422,0.8917560645597757
27722,YNL117W YJR031C,0.0,NA,0.33667364716529846,2809,3359,27682,41,0.8996783806910389,0.45541504539559013,0.9856140350877193,0.10821171998324797,0.891788280016752
27723,YNL330C YNR023W,0.0,NA,0.336731880903244,2809,3358,27683,41,0.8997078870496592,0.45548889249229774,0.9856140350877193,0.1081795045262717,0.8918204954737283
27724,YDL109C YKR106W,0.0,NA,0.3369905352592468,2809,3357,27684,41,0.8997373934082795,0.45556276354200453,0.9856140350877193,0.10814728906929545,0.8918527109307045
27725,YLR304C YMR134W,1.0,NA,0.3370383679866791,2808,3357,27684,42,0.8997078870496592,0.4554744525547445,0.9852631578947368,0.10814728906929545,0.8918527109307045
27726,YGR262C YKL067W,0.0,NA,0.3370412290096283,2808,3356,27685,42,0.8997373934082795,0.4555483452303699,0.9852631578947368,0.10811507361231919,0.8918849263876808
27727,YNL070W YNL213C,1.0,NA,0.33704808354377747,2807,3356,27685,43,0.8997078870496592,0.45546000324517283,0.9849122807017544,0.10811507361231919,0.8918849263876808
27728,YOR237W YIR041W,0.0,NA,0.33723512291908264,2807,3355,27686,43,0.8997373934082795,0.455533917559234,0.9849122807017544,0.10808285815534294,0.8919171418446571
27729,YAR009C YFR041C,0.0,NA,0.3375844657421112,2807,3354,27687,43,0.8997668997668997,0.455607855867554,0.9849122807017544,0.10805064269836667,0.8919493573016333
27730,YEL062W YCL066W,0.0,NA,0.3376482129096985,2807,3353,27688,43,0.89979640612552,0.4556818181818182,0.9849122807017544,0.10801842724139042,0.8919815727586096
27731,YKR085C YOL060C,0.0,NA,0.3385885953903198,2807,3352,27689,43,0.8998259124841403,0.4557558045137198,0.9849122807017544,0.10798621178441416,0.8920137882155859
27732,YLL002W YOR358W,0.0,NA,0.3390672504901886,2807,3351,27690,43,0.8998554188427607,0.4558298148749594,0.9849122807017544,0.1079539963274379,0.8920460036725621
27733,YPR190C YLR301W,0.0,NA,0.33907872438430786,2807,3350,27691,43,0.8998849252013809,0.4559038492772454,0.9849122807017544,0.10792178087046164,0.8920782191295383
27734,YBL071W-A YKL108W,0.0,NA,0.33910858631134033,2807,3349,27692,43,0.8999144315600012,0.4559779077322937,0.9849122807017544,0.10788956541348539,0.8921104345865146
27735,YGR040W YNL313C,0.0,NA,0.3391612470149994,2807,3348,27693,43,0.8999439379186215,0.4560519902518278,0.9849122807017544,0.10785734995650913,0.8921426500434909
27736,YOL149W YPL154C,0.0,NA,0.339202344417572,2807,3347,27694,43,0.8999734442772418,0.4561260968475788,0.9849122807017544,0.10782513449953288,0.8921748655004671
27737,Q0070 YPL016W,0.0,NA,0.3392610549926758,2807,3346,27695,43,0.900002950635862,0.45620022753128553,0.9849122807017544,0.10779291904255661,0.8922070809574434
27738,YLR006C YOR279C,0.0,NA,0.33929958939552307,2807,3345,27696,43,0.9000324569944823,0.4562743823146944,0.9849122807017544,0.10776070358558036,0.8922392964144197
27739,YNL068C YML035C,0.0,NA,0.339339941740036,2807,3344,27697,43,0.9000619633531026,0.4563485612095594,0.9849122807017544,0.10772848812860411,0.8922715118713959
27740,YOR326W YML091C,1.0,NA,0.33998391032218933,2806,3344,27697,44,0.9000324569944823,0.456260162601626,0.984561403508772,0.10772848812860411,0.8922715118713959
27741,YDR039C YAL007C,0.0,NA,0.34031257033348083,2806,3343,27698,44,0.9000619633531026,0.4563343633111075,0.984561403508772,0.10769627267162785,0.8923037273283722
27742,YHR194W YPR083W,1.0,NA,0.3403371274471283,2805,3343,27698,45,0.9000324569944823,0.4562459336369551,0.9842105263157894,0.10769627267162785,0.8923037273283722
27743,YIL126W YOR040W,0.0,NA,0.3405977487564087,2805,3342,27699,45,0.9000619633531026,0.4563201561737433,0.9842105263157894,0.1076640572146516,0.8923359427853484
27744,YJL012C YJR010C-A,0.0,NA,0.3408346176147461,2805,3341,27700,45,0.9000914697117228,0.4563944028636512,0.9842105263157894,0.10763184175767533,0.8923681582423246
27745,YHR169W YIL150C,0.0,NA,0.34087133407592773,2805,3340,27701,45,0.9001209760703431,0.4564686737184703,0.9842105263157894,0.10759962630069908,0.8924003736993009
27746,YER157W YHR079C-A,0.0,NA,0.3409748673439026,2805,3339,27702,45,0.9001504824289634,0.45654296875,0.9842105263157894,0.10756741084372282,0.8924325891562772
27747,YNR039C YOL044W,0.0,NA,0.3412625789642334,2805,3338,27703,45,0.9001799887875838,0.4566172879700472,0.9842105263157894,0.10753519538674657,0.8924648046132534
27748,YBL037W YDR512C,0.0,NA,0.3413673937320709,2805,3337,27704,45,0.900209495146204,0.45669163139042657,0.9842105263157894,0.1075029799297703,0.8924970200702297
27749,YDR177W YEL057C,0.0,NA,0.34138789772987366,2805,3336,27705,45,0.9002390015048243,0.45676599902296044,0.9842105263157894,0.10747076447279405,0.892529235527206
27750,YBR002C YOL162W,0.0,NA,0.34144192934036255,2805,3335,27706,45,0.9002685078634446,0.4568403908794788,0.9842105263157894,0.10743854901581779,0.8925614509841822
27751,YDL122W YDR325W,0.0,NA,0.34155958890914917,2805,3334,27707,45,0.9002980142220649,0.4569148069718195,0.9842105263157894,0.10740633355884154,0.8925936664411585
27752,YBL019W YKL079W,0.0,NA,0.34169673919677734,2805,3333,27708,45,0.9003275205806851,0.45698924731182794,0.9842105263157894,0.10737411810186527,0.8926258818981347
27753,YOR375C YBL005W,0.0,NA,0.3417368531227112,2805,3332,27709,45,0.9003570269393054,0.45706371191135736,0.9842105263157894,0.10734190264488902,0.892658097355111
27754,YDR047W YBL050W,0.0,NA,0.3418697416782379,2805,3331,27710,45,0.9003865332979257,0.4571382007822686,0.9842105263157894,0.10730968718791276,0.8926903128120872
27755,YPR192W YDR283C,0.0,NA,0.3420695960521698,2805,3330,27711,45,0.900416039656546,0.4572127139364303,0.9842105263157894,0.1072774717309365,0.8927225282690635
27756,YOL122C YDR050C,0.0,NA,0.34207504987716675,2805,3329,27712,45,0.9004455460151662,0.45728725138571896,0.9842105263157894,0.10724525627396024,0.8927547437260398
27757,YCR016W YMR218C,0.0,NA,0.34224164485931396,2805,3328,27713,45,0.9004750523737866,0.45736181314201857,0.9842105263157894,0.10721304081698399,0.892786959183016
27758,YOR253W YOR367W,0.0,NA,0.34226423501968384,2805,3327,27714,45,0.9005045587324069,0.4574363992172211,0.9842105263157894,0.10718082536000773,0.8928191746399923
27759,YNL239W YIL010W,0.0,NA,0.3424273431301117,2805,3326,27715,45,0.9005340650910271,0.4575110096232262,0.9842105263157894,0.10714860990303147,0.8928513900969686
27760,YDR381W YIL083C,0.0,NA,0.34246936440467834,2805,3325,27716,45,0.9005635714496474,0.45758564437194127,0.9842105263157894,0.10711639444605522,0.8928836055539447
27761,YBR016W YDR214W,0.0,NA,0.34297579526901245,2805,3324,27717,45,0.9005930778082677,0.45766030347528147,0.9842105263157894,0.10708417898907896,0.892915821010921
27762,YKL011C YDR183W,0.0,NA,0.34309515357017517,2805,3323,27718,45,0.900622584166888,0.45773498694516973,0.9842105263157894,0.10705196353210271,0.8929480364678973
27763,YPL194W YJL113W,0.0,NA,0.3431142568588257,2805,3322,27719,45,0.9006520905255082,0.4578096947935368,0.9842105263157894,0.10701974807512644,0.8929802519248735
27764,YGR252W YLR103C,0.0,NA,0.34311866760253906,2805,3321,27720,45,0.9006815968841285,0.45788442703232124,0.9842105263157894,0.1069875326181502,0.8930124673818498
27765,YBR192W YFL036W,1.0,NA,0.34319958090782166,2804,3321,27720,46,0.9006520905255082,0.45779591836734695,0.983859649122807,0.1069875326181502,0.8930124673818498
27766,YOR193W YBL084C,0.0,NA,0.34322109818458557,2804,3320,27721,46,0.9006815968841285,0.45787067276290006,0.983859649122807,0.10695531716117393,0.8930446828388261
27767,YLR191W YPL016W,0.0,NA,0.34351131319999695,2804,3319,27722,46,0.9007111032427488,0.45794545157602484,0.983859649122807,0.10692310170419768,0.8930768982958023
27768,YML023C YJR010C-A,0.0,NA,0.3435218632221222,2804,3318,27723,46,0.9007406096013691,0.4580202548186867,0.983859649122807,0.10689088624722141,0.8931091137527786
27769,YLR459W YJR141W,0.0,NA,0.3435305655002594,2804,3317,27724,46,0.9007701159599893,0.458095082502859,0.983859649122807,0.10685867079024516,0.8931413292097549
27770,YDR166C YPL209C,0.0,NA,0.34394314885139465,2804,3316,27725,46,0.9007996223186097,0.45816993464052286,0.983859649122807,0.1068264553332689,0.893173544666731
27771,YFL039C YBR091C,1.0,NA,0.3443949222564697,2803,3316,27725,47,0.9007701159599893,0.4580813858473607,0.9835087719298246,0.1068264553332689,0.893173544666731
27772,YER048W-A YBR038W,0.0,NA,0.3444005846977234,2803,3315,27726,47,0.9007996223186097,0.4581562602157568,0.9835087719298246,0.10679423987629265,0.8932057601237073
27773,YMR210W YLR385C,0.0,NA,0.3444121181964874,2803,3314,27727,47,0.90082912867723,0.4582311590649011,0.9835087719298246,0.10676202441931638,0.8932379755806836
27774,YMR288W YDL045C,0.0,NA,0.3447421193122864,2803,3313,27728,47,0.9008586350358502,0.4583060824068018,0.9835087719298246,0.10672980896234013,0.8932701910376599
27775,YDR490C YMR179W,0.0,NA,0.3448106646537781,2803,3312,27729,47,0.9008881413944705,0.45838103025347504,0.9835087719298246,0.10669759350536387,0.8933024064946361
27776,YGL137W YGR267C,0.0,NA,0.345040887594223,2803,3311,27730,47,0.9009176477530908,0.4584560026169447,0.9835087719298246,0.10666537804838762,0.8933346219516124
27777,YLL016W YKL205W,0.0,NA,0.3452198803424835,2803,3310,27731,47,0.9009471541117111,0.4585309995092426,0.9835087719298246,0.10663316259141135,0.8933668374085887
27778,YDL088C YMR235C,0.0,NA,0.34538906812667847,2803,3309,27732,47,0.9009766604703313,0.4586060209424084,0.9835087719298246,0.1066009471344351,0.8933990528655649
27779,YKR034W YOR204W,0.0,NA,0.3454251289367676,2803,3308,27733,47,0.9010061668289516,0.4586810669284896,0.9835087719298246,0.10656873167745884,0.8934312683225412
27780,YLR447C YOR126C,0.0,NA,0.34553319215774536,2803,3307,27734,47,0.9010356731875719,0.45875613747954175,0.9835087719298246,0.10653651622048259,0.8934634837795175
27781,YDR229W YOR360C,0.0,NA,0.34561243653297424,2803,3306,27735,47,0.9010651795461923,0.4588312326076281,0.9835087719298246,0.10650430076350632,0.8934956992364936
27782,YBL100W-A YDR082W,0.0,NA,0.3460819721221924,2803,3305,27736,47,0.9010946859048125,0.4589063523248199,0.9835087719298246,0.10647208530653007,0.8935279146934699
27783,YBR061C YDR408C,0.0,NA,0.34614992141723633,2803,3304,27737,47,0.9011241922634328,0.4589814966431963,0.9835087719298246,0.10643986984955382,0.8935601301504462
27784,YBR152W YKL197C,0.0,NA,0.3467009365558624,2803,3303,27738,47,0.9011536986220531,0.4590566655748444,0.9835087719298246,0.10640765439257756,0.8935923456074224
27785,YBL002W YMR246W,0.0,NA,0.3467356264591217,2803,3302,27739,47,0.9011832049806733,0.4591318591318591,0.9835087719298246,0.10637543893560131,0.8936245610643987
27786,YDR196C YEL019C,0.0,NA,0.3469025492668152,2803,3301,27740,47,0.9012127113392936,0.45920707732634336,0.9835087719298246,0.10634322347862504,0.893656776521375
27787,YMR047C YGR036C,0.0,NA,0.3469114601612091,2803,3300,27741,47,0.9012422176979139,0.459282320170408,0.9835087719298246,0.10631100802164879,0.8936889919783512
27788,YIL030C YLR438W,0.0,NA,0.34702274203300476,2803,3299,27742,47,0.9012717240565342,0.45935758767617174,0.9835087719298246,0.10627879256467253,0.8937212074353275
27789,YBR131W YCL074W,0.0,NA,0.34782418608665466,2803,3298,27743,47,0.9013012304151544,0.45943287985576137,0.9835087719298246,0.10624657710769628,0.8937534228923038
27790,YML091C YMR211W,1.0,NA,0.34796205163002014,2802,3298,27743,48,0.9012717240565342,0.45934426229508196,0.9831578947368421,0.10624657710769628,0.8937534228923038
27791,YIL082W-A YAL067C,0.0,NA,0.34811651706695557,2802,3297,27744,48,0.9013012304151544,0.45941957697983277,0.9831578947368421,0.10621436165072001,0.8937856383492799
27792,YFL013C YPR031W,0.0,NA,0.3489190936088562,2802,3296,27745,48,0.9013307367737747,0.45949491636602163,0.9831578947368421,0.10618214619374376,0.8938178538062562
27793,YMR161W YDR050C,0.0,NA,0.3492037057876587,2802,3295,27746,48,0.901360243132395,0.45957028046580284,0.9831578947368421,0.1061499307367675,0.8938500692632325
27794,YOR103C YER166W,0.0,NA,0.34943047165870667,2802,3294,27747,48,0.9013897494910154,0.4596456692913386,0.9831578947368421,0.10611771527979125,0.8938822847202088
27795,YIL103W YGR206W,0.0,NA,0.34949126839637756,2802,3293,27748,48,0.9014192558496356,0.459721082854799,0.9831578947368421,0.10608549982281498,0.893914500177185
27796,YDR086C YDL024C,0.0,NA,0.3495034873485565,2802,3292,27749,48,0.9014487622082559,0.45979652116836234,0.9831578947368421,0.10605328436583873,0.8939467156341613
27797,YPR017C YCL066W,0.0,NA,0.34979504346847534,2802,3291,27750,48,0.9014782685668762,0.45987198424421466,0.9831578947368421,0.10602106890886247,0.8939789310911376
27798,YKR038C YPR121W,0.0,NA,0.35021933913230896,2802,3290,27751,48,0.9015077749254965,0.4599474720945502,0.9831578947368421,0.10598885345188622,0.8940111465481138
27799,YDL165W YHR135C,0.0,NA,0.3502361476421356,2802,3289,27752,48,0.9015372812841167,0.46002298473157116,0.9831578947368421,0.10595663799490995,0.89404336200509
27800,YGL039W YBR275C,0.0,NA,0.3503938913345337,2802,3288,27753,48,0.901566787642737,0.4600985221674877,0.9831578947368421,0.1059244225379337,0.8940755774620663
27801,YDL219W YDL085W,0.0,NA,0.35054272413253784,2802,3287,27754,48,0.9015962940013573,0.46017408441451796,0.9831578947368421,0.10589220708095744,0.8941077929190425
27802,YGR020C YBL098W,0.0,NA,0.35066452622413635,2802,3286,27755,48,0.9016258003599775,0.4602496714848883,0.9831578947368421,0.10585999162398119,0.8941400083760188
27803,YOR372C YDR216W,0.0,NA,0.3507271707057953,2802,3285,27756,48,0.9016553067185978,0.4603252833908329,0.9831578947368421,0.10582777616700492,0.8941722238329951
27804,YAL053W YJL029C,0.0,NA,0.3508153557777405,2802,3284,27757,48,0.9016848130772182,0.46040092014459416,0.9831578947368421,0.10579556071002867,0.8942044392899713
27805,YDL145C YBL069W,0.0,NA,0.35109326243400574,2802,3283,27758,48,0.9017143194358385,0.4604765817584224,0.9831578947368421,0.10576334525305242,0.8942366547469476
27806,YPL270W YHL039W,0.0,NA,0.3511970639228821,2802,3282,27759,48,0.9017438257944587,0.46055226824457596,0.9831578947368421,0.10573112979607616,0.8942688702039239
27807,YOL020W YHL003C,0.0,NA,0.3512260317802429,2802,3281,27760,48,0.901773332153079,0.46062797961532137,0.9831578947368421,0.1056989143390999,0.8943010856609
27808,YBR040W YGL243W,0.0,NA,0.3512532711029053,2802,3280,27761,48,0.9018028385116993,0.46070371588293324,0.9831578947368421,0.10566669888212364,0.8943333011178763
27809,YJR152W YMR137C,0.0,NA,0.3517018258571625,2802,3279,27762,48,0.9018323448703196,0.46077947705969413,0.9831578947368421,0.10563448342514739,0.8943655165748526
27810,YPR179C YKL214C,0.0,NA,0.35200753808021545,2802,3278,27763,48,0.9018618512289398,0.4608552631578947,0.9831578947368421,0.10560226796817113,0.8943977320318288
27811,YMR201C YPL119C,0.0,NA,0.3520587384700775,2802,3277,27764,48,0.9018913575875601,0.46093107418983387,0.9831578947368421,0.10557005251119488,0.8944299474888051
27812,YOL075C YIL147C,0.0,NA,0.35215049982070923,2802,3276,27765,48,0.9019208639461804,0.46100691016781836,0.9831578947368421,0.10553783705421861,0.8944621629457814
27813,YOR237W YGR254W,0.0,NA,0.35233351588249207,2802,3275,27766,48,0.9019503703048006,0.46108277110416324,0.9831578947368421,0.10550562159724236,0.8944943784027577
27814,YDL047W YDR216W,0.0,NA,0.3524523377418518,2802,3274,27767,48,0.9019798766634209,0.4611586570111916,0.9831578947368421,0.1054734061402661,0.8945265938597339
27815,YMR005W YMR194W,0.0,NA,0.35256528854370117,2802,3273,27768,48,0.9020093830220413,0.46123456790123457,0.9831578947368421,0.10544119068328985,0.8945588093167102
27816,YMR060C YBR179C,1.0,NA,0.35270288586616516,2801,3273,27768,49,0.9019798766634209,0.4611458676325321,0.9828070175438597,0.10544119068328985,0.8945588093167102
27817,YHR026W YDL212W,0.0,NA,0.35272490978240967,2801,3272,27769,49,0.9020093830220413,0.4612218014161041,0.9828070175438597,0.10540897522631358,0.8945910247736865
27818,YBR211C YGR091W,0.0,NA,0.35311219096183777,2801,3271,27770,49,0.9020388893806616,0.4612977602108037,0.9828070175438597,0.10537675976933733,0.8946232402306626
27819,YGR060W YOR357C,0.0,NA,0.35344409942626953,2801,3270,27771,49,0.9020683957392818,0.4613737440289903,0.9828070175438597,0.10534454431236107,0.8946554556876389
27820,YFL005W YMR021C,0.0,NA,0.35349029302597046,2801,3269,27772,49,0.9020979020979021,0.4614497528830313,0.9828070175438597,0.10531232885538482,0.8946876711446152
27821,YNL123W YNL244C,0.0,NA,0.35375359654426575,2801,3268,27773,49,0.9021274084565224,0.46152578678530237,0.9828070175438597,0.10528011339840855,0.8947198866015914
27822,YDR261C YMR270C,0.0,NA,0.35381099581718445,2801,3267,27774,49,0.9021569148151427,0.4616018457481872,0.9828070175438597,0.1052478979414323,0.8947521020585677
27823,YGL039W YEL066W,0.0,NA,0.35382333397865295,2801,3266,27775,49,0.9021864211737629,0.4616779297840778,0.9828070175438597,0.10521568248445604,0.894784317515544
27824,YJL113W YDR082W,0.0,NA,0.353853315114975,2801,3265,27776,49,0.9022159275323832,0.4617540389053742,0.9828070175438597,0.10518346702747979,0.8948165329725202
27825,YPL274W YHR046C,0.0,NA,0.3540318012237549,2801,3264,27777,49,0.9022454338910035,0.46183017312448477,0.9828070175438597,0.10515125157050353,0.8948487484294965
27826,YOR038C YLR148W,0.0,NA,0.354458749294281,2801,3263,27778,49,0.9022749402496238,0.46190633245382584,0.9828070175438597,0.10511903611352727,0.8948809638864728
27827,YDR011W YDL245C,0.0,NA,0.3550468981266022,2801,3262,27779,49,0.902304446608244,0.4619825169058222,0.9828070175438597,0.10508682065655102,0.8949131793434489
27828,YPR156C YKL114C,0.0,NA,0.3554036021232605,2801,3261,27780,49,0.9023339529668644,0.46205872649290664,0.9828070175438597,0.10505460519957475,0.8949453948004252
27829,YER129W YGL172W,0.0,NA,0.35540449619293213,2801,3260,27781,49,0.9023634593254847,0.46213496122752024,0.9828070175438597,0.1050223897425985,0.8949776102574015
27830,YOR316C YOR209C,0.0,NA,0.355720192193985,2801,3259,27782,49,0.9023929656841049,0.4622112211221122,0.9828070175438597,0.10499017428562224,0.8950098257143777
27831,YNL271C YER129W,0.0,NA,0.3557260036468506,2801,3258,27783,49,0.9024224720427252,0.4622875061891401,0.9828070175438597,0.10495795882864599,0.895042041171354
27832,YOL110W YGL162W,0.0,NA,0.35575464367866516,2801,3257,27784,49,0.9024519784013455,0.46236381644106966,0.9828070175438597,0.10492574337166972,0.8950742566283303
27833,YGR163W YOR011W,0.0,NA,0.3557696044445038,2801,3256,27785,49,0.9024814847599658,0.4624401518903748,0.9828070175438597,0.10489352791469347,0.8951064720853066
27834,YOL163W YNR016C,0.0,NA,0.35579437017440796,2801,3255,27786,49,0.902510991118586,0.46251651254953763,0.9828070175438597,0.10486131245771721,0.8951386875422828
27835,YGL219C YNL213C,1.0,NA,0.3560752272605896,2800,3255,27786,50,0.9024814847599658,0.4624277456647399,0.9824561403508771,0.10486131245771721,0.8951386875422828
27836,YLR399C YMR179W,0.0,NA,0.3560861349105835,2800,3254,27787,50,0.902510991118586,0.46250412950115627,0.9824561403508771,0.10482909700074096,0.895170902999259
27837,YKR022C YMR083W,0.0,NA,0.3561474084854126,2800,3253,27788,50,0.9025404974772063,0.46258053857591275,0.9824561403508771,0.1047968815437647,0.8952031184562353
27838,YIL029C YKL186C,0.0,NA,0.3563248813152313,2800,3252,27789,50,0.9025700038358266,0.46265697290152014,0.9824561403508771,0.10476466608678844,0.8952353339132115
27839,YPR086W YPL143W,0.0,NA,0.3567945957183838,2800,3251,27790,50,0.902599510194447,0.4627334324904974,0.9824561403508771,0.10473245062981218,0.8952675493701878
27840,YPR125W YLL013C,1.0,NA,0.3568599224090576,2799,3251,27790,51,0.9025700038358266,0.46264462809917356,0.9821052631578947,0.10473245062981218,0.8952675493701878
27841,YER129W YOL001W,0.0,NA,0.3569965660572052,2799,3250,27791,51,0.902599510194447,0.462721110927426,0.9821052631578947,0.10470023517283593,0.8952997648271641
27842,YGR271W YGL002W,0.0,NA,0.3570100665092468,2799,3249,27792,51,0.9026290165530672,0.46279761904761907,0.9821052631578947,0.10466801971585966,0.8953319802841403
27843,YML099C YHL002W,0.0,NA,0.35742655396461487,2799,3248,27793,51,0.9026585229116875,0.4628741524723003,0.9821052631578947,0.10463580425888341,0.8953641957411166
27844,YBR119W YGR041W,0.0,NA,0.3579072952270508,2799,3247,27794,51,0.9026880292703078,0.4629507112140258,0.9821052631578947,0.10460358880190715,0.8953964111980929
27845,YDR065W YPL198W,0.0,NA,0.35795122385025024,2799,3246,27795,51,0.902717535628928,0.4630272952853598,0.9821052631578947,0.1045713733449309,0.8954286266550691
27846,YOL069W YDL003W,0.0,NA,0.3581615686416626,2799,3245,27796,51,0.9027470419875483,0.4631039046988749,0.9821052631578947,0.10453915788795463,0.8954608421120454
27847,YLR210W YMR041C,0.0,NA,0.35828399658203125,2799,3244,27797,51,0.9027765483461686,0.4631805394671521,0.9821052631578947,0.10450694243097838,0.8954930575690216
27848,YBR298C YAR010C,0.0,NA,0.3584734797477722,2799,3243,27798,51,0.9028060547047889,0.46325719960278056,0.9821052631578947,0.10447472697400213,0.8955252730259978
27849,YAL014C YFR051C,0.0,NA,0.3585028648376465,2799,3242,27799,51,0.9028355610634091,0.4633338851183579,0.9821052631578947,0.10444251151702587,0.8955574884829741
27850,YNL310C YDR077W,1.0,NA,0.3588278293609619,2798,3242,27799,52,0.9028060547047889,0.4632450331125828,0.9817543859649123,0.10444251151702587,0.8955574884829741
27851,YLL046C YDR168W,0.0,NA,0.35891231894493103,2798,3241,27800,52,0.9028355610634091,0.4633217420102666,0.9817543859649123,0.10441029606004962,0.8955897039399504
27852,YGL098W YJL186W,0.0,NA,0.3590773940086365,2798,3240,27801,52,0.9028650674220294,0.46339847631666115,0.9817543859649123,0.10437808060307335,0.8956219193969266
27853,YDR500C YOR063W,0.0,NA,0.35911720991134644,2798,3239,27802,52,0.9028945737806497,0.4634752360443929,0.9817543859649123,0.1043458651460971,0.8956541348539029
27854,YLR389C YGR074W,0.0,NA,0.3593638241291046,2798,3238,27803,52,0.9029240801392701,0.46355202120609673,0.9817543859649123,0.10431364968912084,0.8956863503108792
27855,YGR010W YML055W,0.0,NA,0.3593825101852417,2798,3237,27804,52,0.9029535864978903,0.4636288318144159,0.9817543859649123,0.10428143423214459,0.8957185657678555
27856,YBR119W YPL138C,0.0,NA,0.3595750331878662,2798,3236,27805,52,0.9029830928565106,0.463705667882002,0.9817543859649123,0.10424921877516832,0.8957507812248316
27857,YGL070C YLR130C,0.0,NA,0.3596642017364502,2798,3235,27806,52,0.9030125992151309,0.463782529421515,0.9817543859649123,0.10421700331819207,0.8957829966818079
27858,YJR017C YPL061W,0.0,NA,0.3596949875354767,2798,3234,27807,52,0.9030421055737512,0.46385941644562334,0.9817543859649123,0.10418478786121581,0.8958152121387842
27859,YMR163C YBL035C,0.0,NA,0.35989201068878174,2798,3233,27808,52,0.9030716119323714,0.4639363289670038,0.9817543859649123,0.10415257240423956,0.8958474275957604
27860,YKL144C YDL238C,0.0,NA,0.3602197766304016,2798,3232,27809,52,0.9031011182909917,0.4640132669983416,0.9817543859649123,0.10412035694726329,0.8958796430527367
27861,YBL040C YDL175C,0.0,NA,0.3607062101364136,2798,3231,27810,52,0.903130624649612,0.4640902305523304,0.9817543859649123,0.10408814149028704,0.895911858509713
27862,YOR304W YMR235C,0.0,NA,0.360817551612854,2798,3230,27811,52,0.9031601310082322,0.4641672196416722,0.9817543859649123,0.10405592603331078,0.8959440739666892
27863,YMR210W YJL156C,0.0,NA,0.3611862361431122,2798,3229,27812,52,0.9031896373668525,0.46424423427907746,0.9817543859649123,0.10402371057633453,0.8959762894236655
27864,YJR035W YCL066W,0.0,NA,0.3614233434200287,2798,3228,27813,52,0.9032191437254729,0.4643212744772652,0.9817543859649123,0.10399149511935826,0.8960085048806418
27865,YBL003C YEL044W,0.0,NA,0.36180874705314636,2798,3227,27814,52,0.9032486500840932,0.46439834024896265,0.9817543859649123,0.10395927966238201,0.896040720337618
27866,YPR018W YPR031W,0.0,NA,0.36181405186653137,2798,3226,27815,52,0.9032781564427134,0.4644754316069057,0.9817543859649123,0.10392706420540575,0.8960729357945942
27867,YDR098C YBR245C,0.0,NA,0.36182138323783875,2798,3225,27816,52,0.9033076628013337,0.4645525485638386,0.9817543859649123,0.1038948487484295,0.8961051512515705
27868,YCL031C YGR172C,0.0,NA,0.362284392118454,2798,3224,27817,52,0.903337169159954,0.4646296911325141,0.9817543859649123,0.10386263329145323,0.8961373667085467
27869,YBR173C YNL322C,0.0,NA,0.3624405264854431,2798,3223,27818,52,0.9033666755185743,0.4647068593256934,0.9817543859649123,0.10383041783447698,0.896169582165523
27870,YKL046C YJL085W,0.0,NA,0.36267390847206116,2798,3222,27819,52,0.9033961818771945,0.4647840531561462,0.9817543859649123,0.10379820237750073,0.8962017976224993
27871,YLR181C YMR204C,0.0,NA,0.36299967765808105,2798,3221,27820,52,0.9034256882358148,0.4648612726366506,0.9817543859649123,0.10376598692052447,0.8962340130794755
27872,YIR004W YGL014W,0.0,NA,0.36308541893959045,2798,3220,27821,52,0.9034551945944351,0.46493851777999334,0.9817543859649123,0.10373377146354822,0.8962662285364518
27873,YOR151C YPR179C,0.0,NA,0.3631730079650879,2798,3219,27822,52,0.9034847009530553,0.4650157885989696,0.9817543859649123,0.10370155600657195,0.8962984439934281
27874,YBR129C YNL139C,0.0,NA,0.36322006583213806,2798,3218,27823,52,0.9035142073116756,0.465093085106383,0.9817543859649123,0.1036693405495957,0.8963306594504044
27875,YLR319C YOL148C,0.0,NA,0.3633617162704468,2798,3217,27824,52,0.903543713670296,0.4651704073150457,0.9817543859649123,0.10363712509261944,0.8963628749073805
27876,YLR128W YLR466W,0.0,NA,0.3636380732059479,2798,3216,27825,52,0.9035732200289163,0.4652477552377785,0.9817543859649123,0.10360490963564319,0.8963950903643568
27877,YNR052C YDR176W,0.0,NA,0.3639589846134186,2798,3215,27826,52,0.9036027263875365,0.4653251288874106,0.9817543859649123,0.10357269417866692,0.8964273058213331
27878,YPR154W YPL065W,0.0,NA,0.3641808331012726,2798,3214,27827,52,0.9036322327461568,0.46540252827677975,0.9817543859649123,0.10354047872169067,0.8964595212783093
27879,YOR247W YNL101W,0.0,NA,0.3642536997795105,2798,3213,27828,52,0.9036617391047771,0.46547995341873233,0.9817543859649123,0.1035082632647144,0.8964917367352856
27880,YCR063W YHR084W,0.0,NA,0.36426830291748047,2798,3212,27829,52,0.9036912454633974,0.46555740432612314,0.9817543859649123,0.10347604780773816,0.8965239521922619
27881,YGR267C YDR147W,0.0,NA,0.3642769753932953,2798,3211,27830,52,0.9037207518220176,0.4656348810118156,0.9817543859649123,0.10344383235076189,0.8965561676492381
27882,YOR148C YER125W,0.0,NA,0.36442384123802185,2798,3210,27831,52,0.9037502581806379,0.46571238348868177,0.9817543859649123,0.10341161689378564,0.8965883831062144
27883,YPL130W YIL044C,0.0,NA,0.36445942521095276,2798,3209,27832,52,0.9037797645392582,0.4657899117696021,0.9817543859649123,0.10337940143680938,0.8966205985631907
27884,YCR016W YDL079C,0.0,NA,0.3645511865615845,2798,3208,27833,52,0.9038092708978785,0.46586746586746586,0.9817543859649123,0.10334718597983313,0.8966528140201668
27885,YGL142C YJL177W,0.0,NA,0.364658921957016,2798,3207,27834,52,0.9038387772564987,0.4659450457951707,0.9817543859649123,0.10331497052285686,0.8966850294771431
27886,YDR238C YOR261C,0.0,NA,0.3649517893791199,2798,3206,27835,52,0.9038682836151191,0.4660226515656229,0.9817543859649123,0.10328275506588061,0.8967172449341194
27887,YBR057C YKR106W,0.0,NA,0.3651399612426758,2798,3205,27836,52,0.9038977899737394,0.46610028319173746,0.9817543859649123,0.10325053960890435,0.8967494603910956
27888,YEL065W YOR249C,0.0,NA,0.36523735523223877,2798,3204,27837,52,0.9039272963323596,0.46617794068643786,0.9817543859649123,0.1032183241519281,0.8967816758480719
27889,YKL015W YDL214C,0.0,NA,0.36537888646125793,2798,3203,27838,52,0.9039568026909799,0.46625562406265625,0.9817543859649123,0.10318610869495184,0.8968138913050482
27890,YLL002W YOR370C,0.0,NA,0.36552539467811584,2798,3202,27839,52,0.9039863090496002,0.4663333333333333,0.9817543859649123,0.10315389323797558,0.8968461067620244
27891,YOR081C YKR062W,0.0,NA,0.36607304215431213,2798,3201,27840,52,0.9040158154082205,0.46641106851141856,0.9817543859649123,0.10312167778099933,0.8968783222190007
27892,YDL210W YIR037W,0.0,NA,0.3660941421985626,2798,3200,27841,52,0.9040453217668407,0.46648882960987,0.9817543859649123,0.10308946232402307,0.896910537675977
27893,YOR016C YDR317W,0.0,NA,0.36611858010292053,2798,3199,27842,52,0.904074828125461,0.46656661664165416,0.9817543859649123,0.10305724686704681,0.8969427531329532
27894,YDL054C YGL244W,0.0,NA,0.3664174973964691,2798,3198,27843,52,0.9041043344840813,0.4666444296197465,0.9817543859649123,0.10302503141007055,0.8969749685899294
27895,YPL137C YOR180C,0.0,NA,0.36644214391708374,2798,3197,27844,52,0.9041338408427017,0.46672226855713095,0.9817543859649123,0.1029928159530943,0.8970071840469057
27896,YGL032C YMR231W,0.0,NA,0.36650708317756653,2798,3196,27845,52,0.9041633472013219,0.46680013346680016,0.9817543859649123,0.10296060049611803,0.897039399503882
27897,YER123W YHR046C,0.0,NA,0.366730660200119,2798,3195,27846,52,0.9041928535599422,0.4668780243617554,0.9817543859649123,0.10292838503914178,0.8970716149608582
27898,YJL106W YLR223C,0.0,NA,0.3669683039188385,2798,3194,27847,52,0.9042223599185625,0.46695594125500667,0.9817543859649123,0.10289616958216552,0.8971038304178345
27899,YCL069W YOL111C,0.0,NA,0.3671477437019348,2798,3193,27848,52,0.9042518662771827,0.4670338841595727,0.9817543859649123,0.10286395412518927,0.8971360458748108
27900,YDR515W YML023C,0.0,NA,0.3671683967113495,2798,3192,27849,52,0.904281372635803,0.4671118530884808,0.9817543859649123,0.102831738668213,0.897168261331787
27901,YNR074C YML121W,0.0,NA,0.3674337565898895,2798,3191,27850,52,0.9043108789944233,0.4671898480547671,0.9817543859649123,0.10279952321123675,0.8972004767887632
27902,YJR120W YJR135W-A,1.0,NA,0.3680281341075897,2797,3191,27850,53,0.904281372635803,0.4671008684034736,0.9814035087719298,0.10279952321123675,0.8972004767887632
27903,YBR097W YLR350W,0.0,NA,0.3686758279800415,2797,3190,27851,53,0.9043108789944233,0.4671788875897778,0.9814035087719298,0.10276730775426049,0.8972326922457395
27904,YDL124W YDR182W,0.0,NA,0.3686785399913788,2797,3189,27852,53,0.9043403853530436,0.46725693284330105,0.9814035087719298,0.10273509229728424,0.8972649077027157
27905,YJR140C YMR001C,0.0,NA,0.3689490854740143,2797,3188,27853,53,0.9043698917116638,0.46733500417710944,0.9814035087719298,0.10270287684030797,0.897297123159692
27906,YJR135W-A YMR134W,1.0,NA,0.369166761636734,2796,3188,27853,54,0.9043403853530436,0.4672459893048128,0.9810526315789474,0.10270287684030797,0.897297123159692
27907,YOR054C YPR103W,0.0,NA,0.36934730410575867,2796,3187,27854,54,0.9043698917116638,0.46732408490723715,0.9810526315789474,0.10267066138333172,0.8973293386166683
27908,YDR303C YBL051C,0.0,NA,0.3693764805793762,2796,3186,27855,54,0.9043993980702841,0.4674022066198596,0.9810526315789474,0.10263844592635546,0.8973615540736445
27909,YBL035C YNL082W,0.0,NA,0.36945217847824097,2796,3185,27856,54,0.9044289044289044,0.4674803544557766,0.9810526315789474,0.10260623046937921,0.8973937695306208
27910,YER123W YBR170C,0.0,NA,0.3694612681865692,2796,3184,27857,54,0.9044584107875248,0.46755852842809364,0.9810526315789474,0.10257401501240294,0.8974259849875971
27911,YIL064W YEL019C,0.0,NA,0.3703738749027252,2796,3183,27858,54,0.904487917146145,0.4676367285499247,0.9810526315789474,0.1025417995554267,0.8974582004445733
27912,YOL113W YDR225W,0.0,NA,0.37049582600593567,2796,3182,27859,54,0.9045174235047653,0.4677149548343928,0.9810526315789474,0.10250958409845044,0.8974904159015495
27913,YOR064C YHR214C-B,0.0,NA,0.3705321252346039,2796,3181,27860,54,0.9045469298633856,0.4677932072946294,0.9810526315789474,0.10247736864147418,0.8975226313585258
27914,YGL044C YBL098W,0.0,NA,0.37080270051956177,2796,3180,27861,54,0.9045764362220059,0.4678714859437751,0.9810526315789474,0.10244515318449793,0.8975548468155021
27915,YLR378C YBR111W-A,0.0,NA,0.37150242924690247,2796,3179,27862,54,0.9046059425806261,0.46794979079497906,0.9810526315789474,0.10241293772752166,0.8975870622724783
27916,YGL195W YJR141W,0.0,NA,0.37153080105781555,2796,3178,27863,54,0.9046354489392464,0.4680281218613994,0.9810526315789474,0.10238072227054541,0.8976192777294546
27917,YDR226W YJR013W,0.0,NA,0.3716278076171875,2796,3177,27864,54,0.9046649552978667,0.4681064791562029,0.9810526315789474,0.10234850681356915,0.8976514931864309
27918,YBR207W YKR055W,0.0,NA,0.3716278076171875,2796,3176,27865,54,0.9046944616564869,0.4681848626925653,0.9810526315789474,0.1023162913565929,0.8976837086434071
27919,YDR166C YPL170W,0.0,NA,0.37275850772857666,2796,3175,27866,54,0.9047239680151072,0.46826327248367106,0.9810526315789474,0.10228407589961663,0.8977159241003834
27920,YIL029C YDR082W,0.0,NA,0.3728501498699188,2796,3174,27867,54,0.9047534743737276,0.46834170854271356,0.9810526315789474,0.10225186044264038,0.8977481395573597
27921,YIL147C YCR048W,0.0,NA,0.373210072517395,2796,3173,27868,54,0.9047829807323479,0.46842017088289495,0.9810526315789474,0.10221964498566412,0.8977803550143358
27922,YOL008W YGL043W,0.0,NA,0.37325724959373474,2796,3172,27869,54,0.9048124870909681,0.46849865951742625,0.9810526315789474,0.10218742952868787,0.8978125704713121
27923,YGL137W YGR075C,0.0,NA,0.3735823631286621,2796,3171,27870,54,0.9048419934495884,0.4685771744595274,0.9810526315789474,0.1021552140717116,0.8978447859282884
27924,YOR124C YOR117W,0.0,NA,0.3736332058906555,2796,3170,27871,54,0.9048714998082087,0.4686557157224271,0.9810526315789474,0.10212299861473535,0.8978770013852646
27925,YNL167C YGR140W,0.0,NA,0.37377339601516724,2796,3169,27872,54,0.904901006166829,0.46873428331936295,0.9810526315789474,0.10209078315775909,0.8979092168422409
27926,YML058W YPR131C,1.0,NA,0.3741988241672516,2795,3169,27872,55,0.9048714998082087,0.4686452045606975,0.980701754385965,0.10209078315775909,0.8979092168422409
27927,YMR013C YNL307C,0.0,NA,0.37426483631134033,2795,3168,27873,55,0.904901006166829,0.4687237967466041,0.980701754385965,0.10205856770078284,0.8979414322992172
27928,YBR057C YJR033C,0.0,NA,0.37433284521102905,2795,3167,27874,55,0.9049305125254492,0.4688024152968802,0.980701754385965,0.10202635224380657,0.8979736477561934
27929,YLR212C YLR148W,0.0,NA,0.37449905276298523,2795,3166,27875,55,0.9049600188840695,0.4688810602247945,0.980701754385965,0.10199413678683032,0.8980058632131697
27930,YOR305W YGL161C,0.0,NA,0.3749818503856659,2795,3165,27876,55,0.9049895252426898,0.46895973154362414,0.980701754385965,0.10196192132985406,0.898038078670146
27931,YOL102C YOR065W,0.0,NA,0.37500086426734924,2795,3164,27877,55,0.90501903160131,0.46903842926665545,0.980701754385965,0.10192970587287781,0.8980702941271222
27932,YDL240W YML022W,0.0,NA,0.3750755786895752,2795,3163,27878,55,0.9050485379599303,0.46911715340718363,0.980701754385965,0.10189749041590154,0.8981025095840984
27933,YHR200W YIL080W,0.0,NA,0.37566545605659485,2795,3162,27879,55,0.9050780443185507,0.4691959039785127,0.980701754385965,0.10186527495892529,0.8981347250410747
27934,YNR002C YNL233W,0.0,NA,0.37596002221107483,2795,3161,27880,55,0.905107550677171,0.4692746809939557,0.980701754385965,0.10183305950194904,0.898166940498051
27935,YMR212C YHR200W,0.0,NA,0.3759860396385193,2795,3160,27881,55,0.9051370570357912,0.4693534844668346,0.980701754385965,0.10180084404497278,0.8981991559550272
27936,YAL026C YGL004C,0.0,NA,0.3764152526855469,2795,3159,27882,55,0.9051665633944115,0.46943231441048033,0.980701754385965,0.10176862858799653,0.8982313714120035
27937,YDR150W YMR072W,1.0,NA,0.3764362037181854,2794,3159,27882,56,0.9051370570357912,0.4693431883084159,0.9803508771929824,0.10176862858799653,0.8982313714120035
27938,YNL026W YMR211W,1.0,NA,0.37646719813346863,2793,3159,27882,57,0.905107550677171,0.4692540322580645,0.98,0.10176862858799653,0.8982313714120035
27939,YGR036C YDL101C,0.0,NA,0.37658822536468506,2793,3158,27883,57,0.9051370570357912,0.4693328852293732,0.98,0.10173641313102026,0.8982635868689798
27940,YGL070C YPR110C,0.0,NA,0.3767216205596924,2793,3157,27884,57,0.9051665633944115,0.46941176470588236,0.98,0.10170419767404401,0.898295802325956
27941,YKR036C YOL027C,1.0,NA,0.37675660848617554,2792,3157,27884,58,0.9051370570357912,0.4693225752227265,0.9796491228070175,0.10170419767404401,0.898295802325956
27942,YNL149C YGL020C,0.0,NA,0.37701642513275146,2792,3156,27885,58,0.9051665633944115,0.4694014794889038,0.9796491228070175,0.10167198221706775,0.8983280177829323
27943,YHR193C YOR089C,0.0,NA,0.3772066533565521,2792,3155,27886,58,0.9051960697530318,0.469480410290903,0.9796491228070175,0.1016397667600915,0.8983602332399085
27944,YDL134C YER180C,0.0,NA,0.37748971581459045,2792,3154,27887,58,0.9052255761116521,0.46955936764211237,0.9796491228070175,0.10160755130311523,0.8983924486968847
27945,YMR152W YPR069C,0.0,NA,0.3774935007095337,2792,3153,27888,58,0.9052550824702723,0.46963835155592937,0.9796491228070175,0.10157533584613898,0.898424664153861
27946,YMR116C YDR420W,0.0,NA,0.37761569023132324,2792,3152,27889,58,0.9052845888288926,0.4697173620457604,0.9796491228070175,0.10154312038916272,0.8984568796108373
27947,YGL062W YFR024C-A,0.0,NA,0.3776973783969879,2792,3151,27890,58,0.9053140951875129,0.469796399125021,0.9796491228070175,0.10151090493218647,0.8984890950678135
27948,YIR004W YBL005W,0.0,NA,0.37797120213508606,2792,3150,27891,58,0.9053436015461331,0.46987546280713566,0.9796491228070175,0.1014786894752102,0.8985213105247898
27949,YNL046W YOR362C,0.0,NA,0.3787713646888733,2792,3149,27892,58,0.9053731079047534,0.4699545531055378,0.9796491228070175,0.10144647401823395,0.8985535259817661
27950,YDL122W YDR495C,0.0,NA,0.3787842094898224,2792,3148,27893,58,0.9054026142633738,0.47003367003367,0.9796491228070175,0.10141425856125769,0.8985857414387423
27951,YLL036C YMR054W,0.0,NA,0.37949338555336,2792,3147,27894,58,0.9054321206219941,0.470112813604984,0.9796491228070175,0.10138204310428144,0.8986179568957186
27952,YIR019C YGR277C,0.0,NA,0.37965089082717896,2792,3146,27895,58,0.9054616269806143,0.47019198383294036,0.9796491228070175,0.10134982764730517,0.8986501723526948
27953,YHR181W YDL190C,0.0,NA,0.37973082065582275,2792,3145,27896,58,0.9054911333392346,0.47027118073100893,0.9796491228070175,0.10131761219032892,0.8986823878096711
27954,YDR499W YDL095W,0.0,NA,0.3798813223838806,2792,3144,27897,58,0.9055206396978549,0.47035040431266845,0.9796491228070175,0.10128539673335266,0.8987146032666473
27955,YMR099C YGR010W,0.0,NA,0.3798886239528656,2792,3143,27898,58,0.9055501460564752,0.4704296545914069,0.9796491228070175,0.1012531812763764,0.8987468187236236
27956,YOR307C YPL195W,0.0,NA,0.37999048829078674,2792,3142,27899,58,0.9055796524150954,0.47050893158072127,0.9796491228070175,0.10122096581940015,0.8987790341805999
27957,YER083C YBR012W-B,0.0,NA,0.38022005558013916,2792,3141,27900,58,0.9056091587737157,0.47058823529411764,0.9796491228070175,0.10118875036242389,0.8988112496375761
27958,YBR109C YNL312W,0.0,NA,0.3803407549858093,2792,3140,27901,58,0.905638665132336,0.47066756574511126,0.9796491228070175,0.10115653490544764,0.8988434650945524
27959,YKL164C YML057W,0.0,NA,0.3806898295879364,2792,3139,27902,58,0.9056681714909564,0.4707469229472264,0.9796491228070175,0.10112431944847138,0.8988756805515287
27960,YPR138C YIL064W,0.0,NA,0.3808952867984772,2792,3138,27903,58,0.9056976778495766,0.47082630691399663,0.9796491228070175,0.10109210399149512,0.8989078960085048
27961,YPR032W YDL007W,0.0,NA,0.3809182643890381,2792,3137,27904,58,0.9057271842081969,0.4709057176589644,0.9796491228070175,0.10105988853451886,0.8989401114654811
27962,YER087C-B YLR275W,0.0,NA,0.38093510270118713,2792,3136,27905,58,0.9057566905668172,0.4709851551956815,0.9796491228070175,0.10102767307754261,0.8989723269224574
27963,YHR143W-A YDL002C,0.0,NA,0.38096871972084045,2792,3135,27906,58,0.9057861969254374,0.4710646195377088,0.9796491228070175,0.10099545762056635,0.8990045423794336
27964,YBL009W YOL147C,0.0,NA,0.3811050355434418,2792,3134,27907,58,0.9058157032840577,0.4711441106986163,0.9796491228070175,0.1009632421635901,0.8990367578364099
27965,YDR039C YNL084C,0.0,NA,0.3815383017063141,2792,3133,27908,58,0.905845209642678,0.47122362869198314,0.9796491228070175,0.10093102670661383,0.8990689732933862
27966,YGL063W YMR311C,0.0,NA,0.38174310326576233,2792,3132,27909,58,0.9058747160012983,0.4713031735313977,0.9796491228070175,0.10089881124963758,0.8991011887503624
27967,YDR361C YIL073C,0.0,NA,0.38175684213638306,2792,3131,27910,58,0.9059042223599185,0.47138274523045753,0.9796491228070175,0.10086659579266131,0.8991334042073387
27968,YMR021C YPL010W,0.0,NA,0.38199105858802795,2792,3130,27911,58,0.9059337287185388,0.47146234380276936,0.9796491228070175,0.10083438033568506,0.899165619664315
27969,YOR267C YCL020W,0.0,NA,0.38239607214927673,2792,3129,27912,58,0.9059632350771591,0.47154196926194897,0.9796491228070175,0.1008021648787088,0.8991978351212911
27970,YER138C YCR068W,0.0,NA,0.38247936964035034,2792,3128,27913,58,0.9059927414357795,0.47162162162162163,0.9796491228070175,0.10076994942173255,0.8992300505782674
27971,YJR016C YPR161C,0.0,NA,0.3833634555339813,2792,3127,27914,58,0.9060222477943997,0.4717013008954215,0.9796491228070175,0.10073773396475628,0.8992622660352437
27972,YDL174C YOR374W,0.0,NA,0.38350987434387207,2792,3126,27915,58,0.90605175415302,0.4717810070969922,0.9796491228070175,0.10070551850778003,0.89929448149222
27973,YKR089C YNL301C,0.0,NA,0.38372793793678284,2792,3125,27916,58,0.9060812605116403,0.4718607402399865,0.9796491228070175,0.10067330305080377,0.8993266969491962
27974,YOL086C YLR308W,0.0,NA,0.3838793933391571,2792,3124,27917,58,0.9061107668702605,0.4719405003380663,0.9796491228070175,0.10064108759382752,0.8993589124061725
27975,YDL059C YLR285W,0.0,NA,0.3839569389820099,2792,3123,27918,58,0.9061402732288808,0.4720202874049028,0.9796491228070175,0.10060887213685125,0.8993911278631488
27976,YJL068C YNL104C,0.0,NA,0.3840503692626953,2792,3122,27919,58,0.9061697795875011,0.4721001014541765,0.9796491228070175,0.100576656679875,0.899423343320125
27977,YIL005W YOR254C,0.0,NA,0.3841173052787781,2792,3121,27920,58,0.9061992859461214,0.4721799424995772,0.9796491228070175,0.10054444122289875,0.8994555587771013
27978,YAL034W-A tA(AGC)L,0.0,NA,0.3842080533504486,2792,3120,27921,58,0.9062287923047416,0.4722598105548038,0.9796491228070175,0.10051222576592249,0.8994877742340776
27979,YFR052W YDR255C,0.0,NA,0.38436391949653625,2792,3119,27922,58,0.9062582986633619,0.47233970563356453,0.9796491228070175,0.10048001030894624,0.8995199896910537
27980,YFR032C-A YLR209C,0.0,NA,0.384388267993927,2792,3118,27923,58,0.9062878050219823,0.47241962774957696,0.9796491228070175,0.10044779485196997,0.89955220514803
27981,YLR246W YPR078C,0.0,NA,0.3845351040363312,2792,3117,27924,58,0.9063173113806026,0.47249957691656796,0.9796491228070175,0.10041557939499372,0.8995844206050063
27982,YIR034C YHR112C,0.0,NA,0.3845410645008087,2792,3116,27925,58,0.9063468177392228,0.47257955314827355,0.9796491228070175,0.10038336393801746,0.8996166360619825
27983,YOR207C YER178W,0.0,NA,0.38469958305358887,2792,3115,27926,58,0.9063763240978431,0.47265955645843916,0.9796491228070175,0.10035114848104121,0.8996488515189588
27984,YGL206C YGL211W,0.0,NA,0.3851316571235657,2792,3114,27927,58,0.9064058304564634,0.4727395868608195,0.9796491228070175,0.10031893302406494,0.8996810669759351
27985,YPR156C YDR318W,0.0,NA,0.3851620554924011,2792,3113,27928,58,0.9064353368150837,0.47281964436917867,0.9796491228070175,0.10028671756708869,0.8997132824329113
27986,YJR059W YLR026C,0.0,NA,0.3851969540119171,2792,3112,27929,58,0.9064648431737039,0.47289972899729,0.9796491228070175,0.10025450211011243,0.8997454978898876
27987,YDR103W YBR173C,0.0,NA,0.3861578702926636,2792,3111,27930,58,0.9064943495323242,0.4729798407589361,0.9796491228070175,0.10022228665313618,0.8997777133468638
27988,YER143W YOR302W,0.0,NA,0.38615915179252625,2792,3110,27931,58,0.9065238558909445,0.4730599796679092,0.9796491228070175,0.10019007119615991,0.89980992880384
27989,YEL018W YOR249C,0.0,NA,0.3865506052970886,2792,3109,27932,58,0.9065533622495647,0.4731401457380105,0.9796491228070175,0.10015785573918366,0.8998421442608163
27990,YNL070W YOR211C,1.0,NA,0.3870603144168854,2791,3109,27932,59,0.9065238558909445,0.4730508474576271,0.9792982456140351,0.10015785573918366,0.8998421442608163
27991,YGR140W YBR211C,0.0,NA,0.38708460330963135,2791,3108,27933,59,0.9065533622495647,0.47313103915917953,0.9792982456140351,0.1001256402822074,0.8998743597177926
27992,YEL061C YHR166C,0.0,NA,0.3870866894721985,2791,3107,27934,59,0.906582868608185,0.4732112580535775,0.9792982456140351,0.10009342482523115,0.8999065751747689
27993,YOL163W YMR156C,0.0,NA,0.3875053822994232,2791,3106,27935,59,0.9066123749668054,0.47329150415465493,0.9792982456140351,0.10006120936825488,0.8999387906317451
27994,snR8 YKR024C,0.0,NA,0.38755351305007935,2791,3105,27936,59,0.9066418813254257,0.4733717774762551,0.9792982456140351,0.10002899391127863,0.8999710060887214
27995,YAR003W YBR004C,0.0,NA,0.38759276270866394,2791,3104,27937,59,0.9066713876840459,0.4734520780322307,0.9792982456140351,0.09999677845430237,0.9000032215456977
27996,YKL171W YCR060W,0.0,NA,0.38765013217926025,2791,3103,27938,59,0.9067008940426662,0.47353240583644385,0.9792982456140351,0.09996456299732612,0.9000354370026739
27997,YBR029C YGR187C,0.0,NA,0.3879942297935486,2791,3102,27939,59,0.9067304004012865,0.473612760902766,0.9792982456140351,0.09993234754034987,0.9000676524596501
27998,YGL006W YNL339C,0.0,NA,0.3885592520236969,2791,3101,27940,59,0.9067599067599068,0.47369314324507805,0.9792982456140351,0.0999001320833736,0.9000998679166264
27999,YGL025C YDR226W,0.0,NA,0.3885645866394043,2791,3100,27941,59,0.906789413118527,0.4737735528772704,0.9792982456140351,0.09986791662639735,0.9001320833736026
28000,YDL238C YGR048W,0.0,NA,0.3886794149875641,2791,3099,27942,59,0.9068189194771473,0.4738539898132428,0.9792982456140351,0.09983570116942109,0.9001642988305789
28001,YBR049C YMR016C,0.0,NA,0.38872087001800537,2791,3098,27943,59,0.9068484258357676,0.4739344540669044,0.9792982456140351,0.09980348571244484,0.9001965142875552
28002,YML060W YOL088C,0.0,NA,0.3890285789966583,2791,3097,27944,59,0.9068779321943878,0.4740149456521739,0.9792982456140351,0.09977127025546857,0.9002287297445314
28003,YBL071W-A YEL053C,0.0,NA,0.3897686302661896,2791,3096,27945,59,0.9069074385530081,0.47409546458297946,0.9792982456140351,0.09973905479849232,0.9002609452015077
28004,YLR286C YBL037W,0.0,NA,0.38993972539901733,2791,3095,27946,59,0.9069369449116285,0.47417601087325856,0.9792982456140351,0.09970683934151606,0.900293160658484
28005,YMR306W YNL201C,0.0,NA,0.39002060890197754,2791,3094,27947,59,0.9069664512702488,0.47425658453695835,0.9792982456140351,0.0996746238845398,0.9003253761154602
28006,YKL018W YLR405W,0.0,NA,0.39011403918266296,2791,3093,27948,59,0.906995957628869,0.47433718558803534,0.9792982456140351,0.09964240842756354,0.9003575915724364
28007,YML022W YOR005C,0.0,NA,0.3902736008167267,2791,3092,27949,59,0.9070254639874893,0.4744178140404556,0.9792982456140351,0.09961019297058729,0.9003898070294127
28008,YOR247W YEL053C,0.0,NA,0.3903295397758484,2791,3091,27950,59,0.9070549703461096,0.4744984699081945,0.9792982456140351,0.09957797751361103,0.9004220224863889
28009,YBR218C YNR057C,0.0,NA,0.39034515619277954,2791,3090,27951,59,0.9070844767047299,0.4745791532052372,0.9792982456140351,0.09954576205663478,0.9004542379433652
28010,YOR196C YOR020C,0.0,NA,0.3906167149543762,2791,3089,27952,59,0.9071139830633501,0.47465986394557824,0.9792982456140351,0.09951354659965851,0.9004864534003415
28011,YKR090W YJL050W,0.0,NA,0.3907874524593353,2791,3088,27953,59,0.9071434894219704,0.4747406021432216,0.9792982456140351,0.09948133114268226,0.9005186688573178
28012,YLR229C Q0065,0.0,NA,0.390917032957077,2791,3087,27954,59,0.9071729957805907,0.47482136781218104,0.9792982456140351,0.099449115685706,0.900550884314294
28013,YBL032W YBR193C,0.0,NA,0.3910541534423828,2791,3086,27955,59,0.907202502139211,0.47490216096647947,0.9792982456140351,0.09941690022872975,0.9005830997712703
28014,YNL074C YML038C,0.0,NA,0.3912239968776703,2791,3085,27956,59,0.9072320084978313,0.47498298162014974,0.9792982456140351,0.09938468477175348,0.9006153152282466
28015,YML077W YPR185W,0.0,NA,0.3912791609764099,2791,3084,27957,59,0.9072615148564516,0.47506382978723405,0.9792982456140351,0.09935246931477723,0.9006475306852227
28016,YOR124C YDR508C,0.0,NA,0.391638845205307,2791,3083,27958,59,0.9072910212150719,0.4751447054817841,0.9792982456140351,0.09932025385780097,0.900679746142199
28017,YKL070W YMR216C,0.0,NA,0.39192187786102295,2791,3082,27959,59,0.9073205275736921,0.4752256087178614,0.9792982456140351,0.09928803840082472,0.9007119615991753
28018,YDR158W YNL259C,0.0,NA,0.3921106457710266,2791,3081,27960,59,0.9073500339323124,0.4753065395095368,0.9792982456140351,0.09925582294384847,0.9007441770561515
28019,YJR028W YML123C,0.0,NA,0.39250075817108154,2791,3080,27961,59,0.9073795402909327,0.4753874978708908,0.9792982456140351,0.0992236074868722,0.9007763925131278
28020,YIL023C YMR281W,0.0,NA,0.39286428689956665,2791,3079,27962,59,0.907409046649553,0.47546848381601364,0.9792982456140351,0.09919139202989595,0.9008086079701041
28021,YJR120W YPR131C,1.0,NA,0.3929828107357025,2790,3079,27962,60,0.9073795402909327,0.4753791105810189,0.9789473684210527,0.09919139202989595,0.9008086079701041
28022,YNL149C YIL051C,0.0,NA,0.3929918110370636,2790,3078,27963,60,0.907409046649553,0.4754601226993865,0.9789473684210527,0.09915917657291969,0.9008408234270803
28023,YGL201C YNR009W,0.0,NA,0.39302435517311096,2790,3077,27964,60,0.9074385530081732,0.4755411624339526,0.9789473684210527,0.09912696111594343,0.9008730388840566
28024,YDL003W YEL046C,0.0,NA,0.3934781551361084,2790,3076,27965,60,0.9074680593667935,0.4756222297988408,0.9789473684210527,0.09909474565896717,0.9009052543410329
28025,YCR017C YBR112C,0.0,NA,0.3935738503932953,2790,3075,27966,60,0.9074975657254138,0.47570332480818417,0.9789473684210527,0.09906253020199092,0.900937469798009
28026,YNL021W YER055C,0.0,NA,0.393900603055954,2790,3074,27967,60,0.9075270720840342,0.4757844474761255,0.9789473684210527,0.09903031474501466,0.9009696852549853
28027,YDR025W YOR357C,0.0,NA,0.39418742060661316,2790,3073,27968,60,0.9075565784426544,0.4758655978168173,0.9789473684210527,0.0989980992880384,0.9010019007119616
28028,YDL054C YJL166W,0.0,NA,0.3945554196834564,2790,3072,27969,60,0.9075860848012747,0.4759467758444217,0.9789473684210527,0.09896588383106214,0.9010341161689378
28029,YOR354C YPR051W,0.0,NA,0.3946417570114136,2790,3071,27970,60,0.907615591159895,0.4760279815731104,0.9789473684210527,0.09893366837408589,0.9010663316259141
28030,YNL192W YCR089W,0.0,NA,0.3949244022369385,2790,3070,27971,60,0.9076450975185152,0.4761092150170648,0.9789473684210527,0.09890145291710963,0.9010985470828904
28031,YOL041C YJL052W,0.0,NA,0.3949628174304962,2790,3069,27972,60,0.9076746038771355,0.47619047619047616,0.9789473684210527,0.09886923746013337,0.9011307625398667
28032,YLR448W YLL016W,0.0,NA,0.3953733444213867,2790,3068,27973,60,0.9077041102357558,0.47627176510754526,0.9789473684210527,0.09883702200315711,0.9011629779968429
28033,YER183C YOR226C,0.0,NA,0.39550718665122986,2790,3067,27974,60,0.9077336165943761,0.4763530817824825,0.9789473684210527,0.09880480654618086,0.9011951934538192
28034,YOR192C YER146W,0.0,NA,0.39552533626556396,2790,3066,27975,60,0.9077631229529963,0.4764344262295082,0.9789473684210527,0.0987725910892046,0.9012274089107954
28035,YGR221C YDR182W,0.0,NA,0.3957791030406952,2790,3065,27976,60,0.9077926293116166,0.47651579846285225,0.9789473684210527,0.09874037563222834,0.9012596243677716
28036,YHR118C YJR053W,0.0,NA,0.3959788680076599,2790,3064,27977,60,0.907822135670237,0.47659719849675436,0.9789473684210527,0.09870816017525208,0.9012918398247479
28037,YPL237W YDR084C,0.0,NA,0.3961087167263031,2790,3063,27978,60,0.9078516420288573,0.4766786263454639,0.9789473684210527,0.09867594471827583,0.9013240552817242
28038,YKL112W YOR312C,0.0,NA,0.3968895375728607,2790,3062,27979,60,0.9078811483874775,0.47676008202323994,0.9789473684210527,0.09864372926129956,0.9013562707387004
28039,YKL104C YPL053C,0.0,NA,0.3975200355052948,2790,3061,27980,60,0.9079106547460978,0.4768415655443514,0.9789473684210527,0.09861151380432331,0.9013884861956767
28040,YPL029W YMR032W,0.0,NA,0.39764124155044556,2790,3060,27981,60,0.9079401611047181,0.47692307692307695,0.9789473684210527,0.09857929834734706,0.901420701652653
28041,YIR008C Q0250,0.0,NA,0.39776259660720825,2790,3059,27982,60,0.9079696674633384,0.47700461617370493,0.9789473684210527,0.0985470828903708,0.9014529171096292
28042,YPL232W YKL145W,0.0,NA,0.3978786766529083,2790,3058,27983,60,0.9079991738219586,0.47708618331053354,0.9789473684210527,0.09851486743339455,0.9014851325666055
28043,YLL056C YDR075W,0.0,NA,0.39805325865745544,2790,3057,27984,60,0.9080286801805789,0.4771677783478707,0.9789473684210527,0.09848265197641828,0.9015173480235817
28044,YML071C YIL049W,0.0,NA,0.3981573283672333,2790,3056,27985,60,0.9080581865391992,0.47724940130003424,0.9789473684210527,0.09845043651944203,0.9015495634805579
28045,YPL275W YGR063C,0.0,NA,0.39817550778388977,2790,3055,27986,60,0.9080876928978194,0.4773310521813516,0.9789473684210527,0.09841822106246577,0.9015817789375342
28046,YMR096W YAL056W,0.0,NA,0.3984396457672119,2790,3054,27987,60,0.9081171992564397,0.47741273100616016,0.9789473684210527,0.09838600560548952,0.9016139943945105
28047,YLR095C YNL139C,0.0,NA,0.39870697259902954,2790,3053,27988,60,0.9081467056150601,0.4774944377888071,0.9789473684210527,0.09835379014851325,0.9016462098514867
28048,YNL172W YKL174C,0.0,NA,0.3987368047237396,2790,3052,27989,60,0.9081762119736804,0.4775761725436494,0.9789473684210527,0.098321574691537,0.901678425308463
28049,YNL113W YEL057C,0.0,NA,0.3990050256252289,2790,3051,27990,60,0.9082057183323006,0.4776579352850539,0.9789473684210527,0.09828935923456074,0.9017106407654393
28050,YDL019C YDR380W,0.0,NA,0.39912644028663635,2790,3050,27991,60,0.9082352246909209,0.4777397260273973,0.9789473684210527,0.09825714377758449,0.9017428562224156
28051,YLR262C YHL028W,0.0,NA,0.39912718534469604,2790,3049,27992,60,0.9082647310495412,0.47782154478506594,0.9789473684210527,0.09822492832060822,0.9017750716793917
28052,YBR299W YAR010C,0.0,NA,0.3991278111934662,2790,3048,27993,60,0.9082942374081615,0.4779033915724563,0.9789473684210527,0.09819271286363197,0.901807287136368
28053,YAR042W YBL072C,0.0,NA,0.3991765081882477,2790,3047,27994,60,0.9083237437667817,0.47798526640397465,0.9789473684210527,0.09816049740665571,0.9018395025933443
28054,YMR108W YHR185C,0.0,NA,0.3994932770729065,2790,3046,27995,60,0.908353250125402,0.47806716929403703,0.9789473684210527,0.09812828194967946,0.9018717180503205
28055,YJL106W YDL043C,0.0,NA,0.39955243468284607,2790,3045,27996,60,0.9083827564840223,0.4781491002570694,0.9789473684210527,0.0980960664927032,0.9019039335072968
28056,YDR500C YOR070C,0.0,NA,0.3998856544494629,2790,3044,27997,60,0.9084122628426425,0.4782310593075077,0.9789473684210527,0.09806385103572694,0.9019361489642731
28057,YER138C YNL156C,0.0,NA,0.4000720679759979,2790,3043,27998,60,0.9084417692012628,0.4783130464597977,0.9789473684210527,0.09803163557875068,0.9019683644212493
28058,YKL192C YOR007C,0.0,NA,0.40055474638938904,2790,3042,27999,60,0.9084712755598832,0.4783950617283951,0.9789473684210527,0.09799942012177443,0.9020005798782256
28059,YJL056C YIL128W,0.0,NA,0.4011472761631012,2790,3041,28000,60,0.9085007819185035,0.47847710512776537,0.9789473684210527,0.09796720466479818,0.9020327953352019
28060,YLR088W YLR188W,0.0,NA,0.4015499949455261,2790,3040,28001,60,0.9085302882771237,0.47855917667238423,0.9789473684210527,0.09793498920782191,0.902065010792178
28061,YNR074C YFL030W,0.0,NA,0.4021459221839905,2790,3039,28002,60,0.908559794635744,0.478641276376737,0.9789473684210527,0.09790277375084566,0.9020972262491543
28062,YOL018C YBR050C,0.0,NA,0.4021930396556854,2790,3038,28003,60,0.9085893009943643,0.4787234042553192,0.9789473684210527,0.0978705582938694,0.9021294417061306
28063,YLR134W YFL033C,0.0,NA,0.4024988114833832,2790,3037,28004,60,0.9086188073529846,0.478805560322636,0.9789473684210527,0.09783834283689315,0.9021616571631068
28064,YLR134W Q0065,0.0,NA,0.40250930190086365,2790,3036,28005,60,0.9086483137116048,0.4788877445932029,0.9789473684210527,0.09780612737991688,0.9021938726200831
28065,YOR143C YGR204W,0.0,NA,0.4026959240436554,2790,3035,28006,60,0.9086778200702251,0.47896995708154505,0.9789473684210527,0.09777391192294063,0.9022260880770594
28066,YMR165C YNL032W,0.0,NA,0.40322262048721313,2790,3034,28007,60,0.9087073264288454,0.4790521978021978,0.9789473684210527,0.09774169646596437,0.9022583035340356
28067,YKL002W YER183C,0.0,NA,0.4033154547214508,2790,3033,28008,60,0.9087368327874658,0.47913446676970634,0.9789473684210527,0.09770948100898812,0.9022905189910119
28068,YCR084C YER030W,0.0,NA,0.4039260149002075,2790,3032,28009,60,0.908766339146086,0.4792167639986259,0.9789473684210527,0.09767726555201185,0.9023227344479882
28069,YGR013W YDR213W,0.0,NA,0.40398508310317993,2790,3031,28010,60,0.9087958455047063,0.47929908950352174,0.9789473684210527,0.0976450500950356,0.9023549499049645
28070,YJL012C YOR217W,0.0,NA,0.40408575534820557,2790,3030,28011,60,0.9088253518633266,0.4793814432989691,0.9789473684210527,0.09761283463805934,0.9023871653619406
28071,YGL064C YBR057C,0.0,NA,0.4045705199241638,2790,3029,28012,60,0.9088548582219468,0.4794638253995532,0.9789473684210527,0.09758061918108309,0.9024193808189169
28072,YOR056C YOR027W,0.0,NA,0.4046247601509094,2790,3028,28013,60,0.9088843645805671,0.4795462358198694,0.9789473684210527,0.09754840372410682,0.9024515962758932
28073,YER178W YOR360C,0.0,NA,0.4048585593700409,2790,3027,28014,60,0.9089138709391874,0.47962867457452296,0.9789473684210527,0.09751618826713057,0.9024838117328694
28074,YMR223W YPL070W,0.0,NA,0.4052668809890747,2790,3026,28015,60,0.9089433772978077,0.4797111416781293,0.9789473684210527,0.0974839728101543,0.9025160271898457
28075,YDR197W YHR163W,0.0,NA,0.40549537539482117,2790,3025,28016,60,0.9089728836564279,0.47979363714531387,0.9789473684210527,0.09745175735317806,0.902548242646822
28076,YJR062C YNL151C,0.0,NA,0.40552157163619995,2790,3024,28017,60,0.9090023900150482,0.47987616099071206,0.9789473684210527,0.09741954189620179,0.9025804581037982
28077,YGR054W YER043C,0.0,NA,0.4059430956840515,2790,3023,28018,60,0.9090318963736685,0.47995871322896955,0.9789473684210527,0.09738732643922554,0.9026126735607745
28078,YHL030W YGL011C,0.0,NA,0.4060370922088623,2790,3022,28019,60,0.9090614027322889,0.4800412938747419,0.9789473684210527,0.09735511098224928,0.9026448890177508
28079,YPR024W YNL310C,1.0,NA,0.4060957729816437,2789,3022,28019,61,0.9090318963736685,0.47995181552228533,0.9785964912280701,0.09735511098224928,0.9026448890177508
28080,YPL147W YHR046C,0.0,NA,0.4064890146255493,2789,3021,28020,61,0.9090614027322889,0.4800344234079174,0.9785964912280701,0.09732289552527303,0.9026771044747269
28081,YFR002W YCL066W,0.0,NA,0.4066419303417206,2789,3020,28021,61,0.9090909090909091,0.4801170597348941,0.9785964912280701,0.09729068006829678,0.9027093199317032
28082,YLR181C YOL105C,0.0,NA,0.40679678320884705,2789,3019,28022,61,0.9091204154495294,0.4801997245179063,0.9785964912280701,0.09725846461132051,0.9027415353886795
28083,YBL071W-A YOR202W,0.0,NA,0.4068138897418976,2789,3018,28023,61,0.9091499218081497,0.4802824177716549,0.9785964912280701,0.09722624915434426,0.9027737508456557
28084,YOR079C YKL041W,0.0,NA,0.40684884786605835,2789,3017,28024,61,0.9091794281667699,0.48036513951085086,0.9785964912280701,0.097194033697368,0.902805966302632
28085,YOR321W YDR434W,0.0,NA,0.4068737328052521,2789,3016,28025,61,0.9092089345253902,0.48044788975021535,0.9785964912280701,0.09716181824039175,0.9028381817596083
28086,YDR483W YOR096W,0.0,NA,0.40705811977386475,2789,3015,28026,61,0.9092384408840105,0.4805306685044797,0.9785964912280701,0.09712960278341548,0.9028703972165845
28087,YHR010W YGL203C,0.0,NA,0.40708908438682556,2789,3014,28027,61,0.9092679472426308,0.4806134757883853,0.9785964912280701,0.09709738732643923,0.9029026126735608
28088,YMR028W YML051W,0.0,NA,0.4071739614009857,2789,3013,28028,61,0.909297453601251,0.4806963116166839,0.9785964912280701,0.09706517186946297,0.902934828130537
28089,YNL223W YML045W,0.0,NA,0.40783369541168213,2789,3012,28029,61,0.9093269599598713,0.4807791760041372,0.9785964912280701,0.09703295641248671,0.9029670435875133
28090,YOL109W YPL210C,0.0,NA,0.4081190824508667,2789,3011,28030,61,0.9093564663184917,0.48086206896551725,0.9785964912280701,0.09700074095551045,0.9029992590444895
28091,YGL194C YGL027C,0.0,NA,0.4084281623363495,2789,3010,28031,61,0.909385972677112,0.48094499051560613,0.9785964912280701,0.0969685254985342,0.9030314745014658
28092,YDR329C YLR324W,0.0,NA,0.40890756249427795,2789,3009,28032,61,0.9094154790357322,0.4810279406691963,0.9785964912280701,0.09693631004155794,0.9030636899584421
28093,YBL063W YGL006W,0.0,NA,0.4091911017894745,2789,3008,28033,61,0.9094449853943525,0.48111091944109025,0.9785964912280701,0.09690409458458168,0.9030959054154183
28094,YEL046C YAR010C,0.0,NA,0.41005152463912964,2789,3007,28034,61,0.9094744917529728,0.48119392684610074,0.9785964912280701,0.09687187912760542,0.9031281208723946
28095,YOL060C YDL006W,1.0,NA,0.41033482551574707,2788,3007,28034,62,0.9094449853943525,0.4811044003451251,0.9782456140350877,0.09687187912760542,0.9031281208723946
28096,YJL068C YPL117C,0.0,NA,0.41037702560424805,2788,3006,28035,62,0.9094744917529728,0.48118743527787367,0.9782456140350877,0.09683966367062917,0.9031603363293709
28097,YOL008W YDR050C,0.0,NA,0.4105674922466278,2788,3005,28036,62,0.909503998111593,0.48127049887795614,0.9782456140350877,0.0968074482136529,0.903192551786347
28098,YPL170W YNL262W,0.0,NA,0.4105882942676544,2788,3004,28037,62,0.9095335044702133,0.481353591160221,0.9782456140350877,0.09677523275667665,0.9032247672433233
28099,YGL055W YMR134W,1.0,NA,0.4112294614315033,2787,3004,28037,63,0.909503998111593,0.48126403039198756,0.9778947368421053,0.09677523275667665,0.9032247672433233
28100,YHR150W YJL222W,0.0,NA,0.41136476397514343,2787,3003,28038,63,0.9095335044702133,0.4813471502590674,0.9778947368421053,0.09674301729970039,0.9032569827002996
28101,YPR107C YLR154C,0.0,NA,0.41160714626312256,2787,3002,28039,63,0.9095630108288336,0.48143029884263255,0.9778947368421053,0.09671080184272414,0.9032891981572758
28102,YDL049C YOL122C,0.0,NA,0.4117704927921295,2787,3001,28040,63,0.9095925171874539,0.4815134761575674,0.9778947368421053,0.09667858638574787,0.9033214136142521
28103,YDR236C YPL028W,0.0,NA,0.4122081398963928,2787,3000,28041,63,0.9096220235460741,0.4815966822187662,0.9778947368421053,0.09664637092877162,0.9033536290712284
28104,YKR028W YMR218C,0.0,NA,0.41228631138801575,2787,2999,28042,63,0.9096515299046944,0.4816799170411338,0.9778947368421053,0.09661415547179537,0.9033858445282046
28105,YJR065C YNL066W,1.0,NA,0.4125160574913025,2786,2999,28042,64,0.9096220235460741,0.481590319792567,0.9775438596491228,0.09661415547179537,0.9033858445282046
28106,YBR248C YMR314W,0.0,NA,0.41317301988601685,2786,2998,28043,64,0.9096515299046944,0.48167358229598894,0.9775438596491228,0.09658194001481911,0.9034180599851809
28107,YJR084W YBR070C,0.0,NA,0.41349485516548157,2786,2997,28044,64,0.9096810362633148,0.4817568735950199,0.9775438596491228,0.09654972455784286,0.9034502754421572
28108,YBR055C YGL071W,0.0,NA,0.4135333299636841,2786,2996,28045,64,0.9097105426219351,0.48184019370460046,0.9775438596491228,0.0965175091008666,0.9034824908991334
28109,YBR164C YDR305C,0.0,NA,0.4137572944164276,2786,2995,28046,64,0.9097400489805553,0.48192354263968173,0.9775438596491228,0.09648529364389034,0.9035147063561096
28110,YBR081C YFL047W,0.0,NA,0.4138000011444092,2786,2994,28047,64,0.9097695553391756,0.4820069204152249,0.9775438596491228,0.09645307818691408,0.9035469218130859
28111,YDR412W YOL130W,0.0,NA,0.4138602912425995,2786,2993,28048,64,0.9097990616977959,0.48209032704620175,0.9775438596491228,0.09642086272993783,0.9035791372700622
28112,YML051W YOL130W,0.0,NA,0.4139503538608551,2786,2992,28049,64,0.9098285680564162,0.4821737625475943,0.9775438596491228,0.09638864727296156,0.9036113527270384
28113,YDR108W YPL096C-A,0.0,NA,0.4144362509250641,2786,2991,28050,64,0.9098580744150364,0.482257226934395,0.9775438596491228,0.09635643181598531,0.9036435681840147
28114,YGR170W YOR362C,0.0,NA,0.41471779346466064,2786,2990,28051,64,0.9098875807736567,0.4823407202216066,0.9775438596491228,0.09632421635900905,0.903675783640991
28115,YEL016C YBL084C,0.0,NA,0.41498589515686035,2786,2989,28052,64,0.909917087132277,0.4824242424242424,0.9775438596491228,0.0962920009020328,0.9037079990979672
28116,YLR459W YDR263C,0.0,NA,0.41522130370140076,2786,2988,28053,64,0.9099465934908972,0.4825077935573259,0.9775438596491228,0.09625978544505653,0.9037402145549435
28117,YDL216C YMR312W,0.0,NA,0.4152848720550537,2786,2987,28054,64,0.9099760998495176,0.4825913736358912,0.9775438596491228,0.09622756998808028,0.9037724300119198
28118,YOR207C YIL104C,0.0,NA,0.41531702876091003,2786,2986,28055,64,0.9100056062081379,0.48267498267498266,0.9775438596491228,0.09619535453110402,0.9038046454688959
28119,YMR162C YMR021C,0.0,NA,0.41575250029563904,2786,2985,28056,64,0.9100351125667582,0.4827586206896552,0.9775438596491228,0.09616313907412777,0.9038368609258722
28120,YGL234W YNL231C,0.0,NA,0.4157566428184509,2786,2984,28057,64,0.9100646189253784,0.482842287694974,0.9775438596491228,0.0961309236171515,0.9038690763828485
28121,YNL299W YDR404C,0.0,NA,0.41577664017677307,2786,2983,28058,64,0.9100941252839987,0.4829259837060149,0.9775438596491228,0.09609870816017525,0.9039012918398247
28122,YLR448W YDR399W,0.0,NA,0.41589924693107605,2786,2982,28059,64,0.910123631642619,0.4830097087378641,0.9775438596491228,0.09606649270319899,0.903933507296801
28123,YDL238C YOR124C,0.0,NA,0.4161788821220398,2786,2981,28060,64,0.9101531380012393,0.48309346280561816,0.9775438596491228,0.09603427724622274,0.9039657227537773
28124,YDR416W YJR053W,0.0,NA,0.41693124175071716,2786,2980,28061,64,0.9101826443598595,0.4831772459243843,0.9775438596491228,0.09600206178924649,0.9039979382107535
28125,YPL051W YDL224C,0.0,NA,0.4172806441783905,2786,2979,28062,64,0.9102121507184798,0.48326105810928016,0.9775438596491228,0.09596984633227022,0.9040301536677298
28126,YAL025C YEL046C,0.0,NA,0.4174322485923767,2786,2978,28063,64,0.9102416570771001,0.48334489937543373,0.9775438596491228,0.09593763087529397,0.9040623691247061
28127,YDL136W YAL022C,0.0,NA,0.41756731271743774,2786,2977,28064,64,0.9102711634357203,0.4834287697379837,0.9775438596491228,0.09590541541831771,0.9040945845816822
28128,YDR168W YDR093W,0.0,NA,0.4179655909538269,2786,2976,28065,64,0.9103006697943407,0.48351266921207914,0.9775438596491228,0.09587319996134146,0.9041268000386585
28129,YGR188C YGL091C,0.0,NA,0.4182741940021515,2786,2975,28066,64,0.910330176152961,0.4835965978128797,0.9775438596491228,0.09584098450436519,0.9041590154956348
28130,YDL014W YCR020W-B,0.0,NA,0.4183899760246277,2786,2974,28067,64,0.9103596825115813,0.48368055555555556,0.9775438596491228,0.09580876904738894,0.9041912309526111
28131,YLR360W YER075C,0.0,NA,0.4185386300086975,2786,2973,28068,64,0.9103891888702015,0.4837645424552874,0.9775438596491228,0.09577655359041268,0.9042234464095873
28132,YNL062C YGR222W,0.0,NA,0.41875502467155457,2786,2972,28069,64,0.9104186952288218,0.48384855852726644,0.9775438596491228,0.09574433813343643,0.9042556618665636
28133,YDR296W YNL310C,1.0,NA,0.41894006729125977,2785,2972,28069,65,0.9103891888702015,0.4837589022060101,0.9771929824561404,0.09574433813343643,0.9042556618665636
28134,YDR195W YCL008C,0.0,NA,0.41922083497047424,2785,2971,28070,65,0.9104186952288218,0.4838429464906185,0.9771929824561404,0.09571212267646016,0.9042878773235399
28135,YGL071W YBR176W,0.0,NA,0.41923460364341736,2785,2970,28071,65,0.9104482015874421,0.48392701998262383,0.9771929824561404,0.09567990721948391,0.9043200927805161
28136,YOR063W YAL022C,0.0,NA,0.4193037748336792,2785,2969,28072,65,0.9104777079460624,0.4840111226972541,0.9771929824561404,0.09564769176250765,0.9043523082374924
28137,YGL008C YCL034W,0.0,NA,0.41932907700538635,2785,2968,28073,65,0.9105072143046826,0.48409525464974795,0.9771929824561404,0.0956154763055314,0.9043845236944686
28138,YMR088C YDR085C,0.0,NA,0.419703871011734,2785,2967,28074,65,0.9105367206633029,0.4841794158553547,0.9771929824561404,0.09558326084855513,0.9044167391514448
28139,YKR063C YOL116W,0.0,NA,0.41980716586112976,2785,2966,28075,65,0.9105662270219232,0.484263606329334,0.9771929824561404,0.09555104539157888,0.9044489546084211
28140,YGR277C YLL010C,0.0,NA,0.42014631628990173,2785,2965,28076,65,0.9105957333805436,0.48434782608695653,0.9771929824561404,0.09551882993460262,0.9044811700653974
28141,YLR106C YHR119W,0.0,NA,0.4202268123626709,2785,2964,28077,65,0.9106252397391638,0.4844320751435032,0.9771929824561404,0.09548661447762637,0.9045133855223736
28142,YDL113C YGL027C,0.0,NA,0.42023953795433044,2785,2963,28078,65,0.9106547460977841,0.4845163535142658,0.9771929824561404,0.0954543990206501,0.9045456009793499
28143,YGL158W YPL049C,0.0,NA,0.42038795351982117,2785,2962,28079,65,0.9106842524564044,0.4846006612145467,0.9771929824561404,0.09542218356367385,0.9045778164363262
28144,YBL047C YCR027C,0.0,NA,0.4204782247543335,2785,2961,28080,65,0.9107137588150246,0.4846849982596589,0.9771929824561404,0.09538996810669759,0.9046100318933024
28145,YAL055W YKL197C,0.0,NA,0.4205004572868347,2785,2960,28081,65,0.9107432651736449,0.48476936466492604,0.9771929824561404,0.09535775264972134,0.9046422473502786
28146,YKR104W YNL091W,0.0,NA,0.42053842544555664,2785,2959,28082,65,0.9107727715322652,0.48485376044568246,0.9771929824561404,0.09532553719274509,0.9046744628072549
28147,YLR355C YDL006W,1.0,NA,0.42063194513320923,2784,2959,28082,66,0.9107432651736449,0.4847640605955076,0.9768421052631578,0.09532553719274509,0.9046744628072549
28148,YNL233W YJR076C,0.0,NA,0.42065584659576416,2784,2958,28083,66,0.9107727715322652,0.48484848484848486,0.9768421052631578,0.09529332173576882,0.9047066782642311
28149,YGL115W YKL062W,0.0,NA,0.4207281768321991,2784,2957,28084,66,0.9108022778908855,0.4849329385124543,0.9768421052631578,0.09526110627879257,0.9047388937212074
28150,YHR120W YNL213C,1.0,NA,0.4211881160736084,2783,2957,28084,67,0.9107727715322652,0.4848432055749129,0.9764912280701754,0.09526110627879257,0.9047388937212074
28151,YLR110C YNL090W,0.0,NA,0.42121466994285583,2783,2956,28085,67,0.9108022778908855,0.4849276877504792,0.9764912280701754,0.0952288908218163,0.9047711091781837
28152,YNL227C YIL110W,0.0,NA,0.4215998351573944,2783,2955,28086,67,0.9108317842495057,0.4850121993726037,0.9764912280701754,0.09519667536484006,0.90480332463516
28153,YNL159C YBR078W,0.0,NA,0.4216689467430115,2783,2954,28087,67,0.910861290608126,0.48509674045668466,0.9764912280701754,0.09516445990786379,0.9048355400921362
28154,YBR276C YNL147W,0.0,NA,0.42178964614868164,2783,2953,28088,67,0.9108907969667464,0.4851813110181311,0.9764912280701754,0.09513224445088754,0.9048677555491125
28155,YBR165W YJL113W,0.0,NA,0.42189130187034607,2783,2952,28089,67,0.9109203033253667,0.48526591107236267,0.9764912280701754,0.09510002899391128,0.9048999710060888
28156,YOL111C YJL222W,0.0,NA,0.4219113290309906,2783,2951,28090,67,0.9109498096839869,0.4853505406348099,0.9764912280701754,0.09506781353693503,0.904932186463065
28157,YKR010C YNL039W,0.0,NA,0.4221750795841217,2783,2950,28091,67,0.9109793160426072,0.485435199720914,0.9764912280701754,0.09503559807995876,0.9049644019200412
28158,YOL105C YGR184C,0.0,NA,0.42232978343963623,2783,2949,28092,67,0.9110088224012275,0.485519888346127,0.9764912280701754,0.09500338262298251,0.9049966173770175
28159,YOL135C YLR210W,0.0,NA,0.4225318729877472,2783,2948,28093,67,0.9110383287598477,0.4856046065259117,0.9764912280701754,0.09497116716600625,0.9050288328339937
28160,YCR068W YHR113W,0.0,NA,0.42253509163856506,2783,2947,28094,67,0.911067835118468,0.4856893542757417,0.9764912280701754,0.09493895170903,0.90506104829097
28161,YHR072W-A YDR254W,0.0,NA,0.4225379228591919,2783,2946,28095,67,0.9110973414770883,0.4857741316111014,0.9764912280701754,0.09490673625205373,0.9050932637479463
28162,YJR152W YLR265C,0.0,NA,0.4229722023010254,2783,2945,28096,67,0.9111268478357086,0.485858938547486,0.9764912280701754,0.09487452079507748,0.9051254792049225
28163,YIR004W YLR453C,0.0,NA,0.4233551621437073,2783,2944,28097,67,0.9111563541943288,0.4859437751004016,0.9764912280701754,0.09484230533810122,0.9051576946618988
28164,YER170W YHL002W,0.0,NA,0.4235171675682068,2783,2943,28098,67,0.9111858605529491,0.486028641285365,0.9764912280701754,0.09481008988112496,0.9051899101188751
28165,YKL112W YDR447C,0.0,NA,0.42361512780189514,2783,2942,28099,67,0.9112153669115695,0.48611353711790395,0.9764912280701754,0.0947778744241487,0.9052221255758512
28166,YJR120W YCR028C-A,1.0,NA,0.4236283004283905,2782,2942,28099,68,0.9111858605529491,0.4860237596086653,0.976140350877193,0.0947778744241487,0.9052221255758512
28167,YGR296W YDR343C,0.0,NA,0.42365679144859314,2782,2941,28100,68,0.9112153669115695,0.4861086842565088,0.976140350877193,0.09474565896717245,0.9052543410328275
28168,YLR426W YER040W,0.0,NA,0.42409107089042664,2782,2940,28101,68,0.9112448732701898,0.4861936385879063,0.976140350877193,0.09471344351019619,0.9052865564898038
28169,YLR448W YER011W,0.0,NA,0.4242219030857086,2782,2939,28102,68,0.91127437962881,0.48627862261842336,0.976140350877193,0.09468122805321993,0.90531877194678
28170,YBR276C YMR050C,0.0,NA,0.4242505133152008,2782,2938,28103,68,0.9113038859874303,0.4863636363636364,0.976140350877193,0.09464901259624368,0.9053509874037563
28171,YDR416W YBR111W-A,0.0,NA,0.42437195777893066,2782,2937,28104,68,0.9113333923460506,0.4864486798391327,0.976140350877193,0.09461679713926742,0.9053832028607326
28172,YMR224C YAL007C,0.0,NA,0.4245351254940033,2782,2936,28105,68,0.9113628987046709,0.48653375306051067,0.976140350877193,0.09458458168229117,0.9054154183177089
28173,YPL053C YMR264W,0.0,NA,0.4246039390563965,2782,2935,28106,68,0.9113924050632911,0.4866188560433794,0.976140350877193,0.0945523662253149,0.9054476337746851
28174,YER100W YPR001W,0.0,NA,0.42468035221099854,2782,2934,28107,68,0.9114219114219114,0.48670398880335897,0.976140350877193,0.09452015076833865,0.9054798492316614
28175,YBL002W YPR181C,0.0,NA,0.42482638359069824,2782,2933,28108,68,0.9114514177805317,0.4867891513560805,0.976140350877193,0.09448793531136239,0.9055120646886377
28176,YLL056C YLL028W,0.0,NA,0.42483291029930115,2782,2932,28109,68,0.9114809241391519,0.48687434371718585,0.976140350877193,0.09445571985438614,0.9055442801456138
28177,YJL053W YGL009C,0.0,NA,0.424846351146698,2782,2931,28110,68,0.9115104304977723,0.48695956590232803,0.976140350877193,0.09442350439740987,0.9055764956025901
28178,YKR025W YPR134W,0.0,NA,0.4248752295970917,2782,2930,28111,68,0.9115399368563926,0.48704481792717086,0.976140350877193,0.09439128894043362,0.9056087110595664
28179,YDR206W YER180C,0.0,NA,0.4250558316707611,2782,2929,28112,68,0.9115694432150129,0.48713009980738925,0.976140350877193,0.09435907348345736,0.9056409265165426
28180,YDL126C YNL244C,0.0,NA,0.4253619313240051,2782,2928,28113,68,0.9115989495736331,0.487215411558669,0.976140350877193,0.09432685802648111,0.9056731419735189
28181,YDR303C YLR467W,0.0,NA,0.42557692527770996,2782,2927,28114,68,0.9116284559322534,0.48730075319670696,0.976140350877193,0.09429464256950484,0.9057053574304952
28182,YNL016W YNL084C,0.0,NA,0.4258107841014862,2782,2926,28115,68,0.9116579622908737,0.48738612473721094,0.976140350877193,0.0942624271125286,0.9057375728874714
28183,YJR016C YDL246C,0.0,NA,0.4258183538913727,2782,2925,28116,68,0.911687468649494,0.4874715261958998,0.976140350877193,0.09423021165555233,0.9057697883444477
28184,YGR282C YDR081C,0.0,NA,0.4258195757865906,2782,2924,28117,68,0.9117169750081142,0.4875569575885033,0.976140350877193,0.09419799619857608,0.905802003801424
28185,YNL326C YKR089C,0.0,NA,0.4259336292743683,2782,2923,28118,68,0.9117464813667345,0.4876424189307625,0.976140350877193,0.09416578074159981,0.9058342192584001
28186,YPL096C-A YJL187C,0.0,NA,0.42600172758102417,2782,2922,28119,68,0.9117759877253548,0.48772791023842915,0.976140350877193,0.09413356528462356,0.9058664347153764
28187,YJR119C YNL032W,0.0,NA,0.4262283146381378,2782,2921,28120,68,0.911805494083975,0.48781343152726636,0.976140350877193,0.0941013498276473,0.9058986501723527
28188,YOR198C YPL115C,0.0,NA,0.42626163363456726,2782,2920,28121,68,0.9118350004425954,0.48789898281304805,0.976140350877193,0.09406913437067105,0.905930865629329
28189,YMR010W YHR181W,0.0,NA,0.4263179898262024,2782,2919,28122,68,0.9118645068012157,0.4879845641115594,0.976140350877193,0.0940369189136948,0.9059630810863052
28190,YOR095C YDR516C,0.0,NA,0.42658665776252747,2782,2918,28123,68,0.911894013159836,0.4880701754385965,0.976140350877193,0.09400470345671853,0.9059952965432815
28191,YMR119W YHR086W,0.0,NA,0.42693307995796204,2782,2917,28124,68,0.9119235195184562,0.48815581680996667,0.976140350877193,0.09397248799974228,0.9060275120002578
28192,YDR028C YBL078C,0.0,NA,0.42698320746421814,2782,2916,28125,68,0.9119530258770765,0.4882414882414882,0.976140350877193,0.09394027254276602,0.906059727457234
28193,YDR150W YMR134W,1.0,NA,0.4269868731498718,2781,2916,28125,69,0.9119235195184562,0.4881516587677725,0.9757894736842105,0.09394027254276602,0.906059727457234
28194,YDR131C YMR197C,0.0,NA,0.4270017743110657,2781,2915,28126,69,0.9119530258770765,0.4882373595505618,0.9757894736842105,0.09390805708578977,0.9060919429142102
28195,YLR421C YNL202W,0.0,NA,0.42706653475761414,2781,2914,28127,69,0.9119825322356968,0.48832309043020194,0.9757894736842105,0.0938758416288135,0.9061241583711865
28196,YMR047C YLR347C,0.0,NA,0.4274779260158539,2781,2913,28128,69,0.9120120385943171,0.48840885142255,0.9757894736842105,0.09384362617183725,0.9061563738281627
28197,YBR016W YDL108W,0.0,NA,0.4276386797428131,2781,2912,28129,69,0.9120415449529373,0.48849464254347447,0.9757894736842105,0.09381141071486099,0.906188589285139
28198,YPR173C YPR023C,0.0,NA,0.4276588559150696,2781,2911,28130,69,0.9120710513115576,0.48858046380885456,0.9757894736842105,0.09377919525788474,0.9062208047421153
28199,YFL002W-A YCR106W,0.0,NA,0.4276764392852783,2781,2910,28131,69,0.912100557670178,0.48866631523458093,0.9757894736842105,0.09374697980090847,0.9062530201990915
28200,YGR042W YGL018C,0.0,NA,0.4277953505516052,2781,2909,28132,69,0.9121300640287983,0.48875219683655535,0.9757894736842105,0.09371476434393222,0.9062852356560678
28201,YHR020W YGL076C,0.0,NA,0.42781031131744385,2781,2908,28133,69,0.9121595703874185,0.4888381086306908,0.9757894736842105,0.09368254888695596,0.9063174511130441
28202,YMR218C YNL313C,0.0,NA,0.42805981636047363,2781,2907,28134,69,0.9121890767460388,0.4889240506329114,0.9757894736842105,0.0936503334299797,0.9063496665700203
28203,YLL036C YGR065C,0.0,NA,0.42812463641166687,2781,2906,28135,69,0.9122185831046591,0.48901002285915246,0.9757894736842105,0.09361811797300344,0.9063818820269965
28204,YDL127W YJL068C,0.0,NA,0.4284604489803314,2781,2905,28136,69,0.9122480894632793,0.48909602532536056,0.9757894736842105,0.09358590251602719,0.9064140974839728
28205,YBL028C YOR319W,0.0,NA,0.4285587966442108,2781,2904,28137,69,0.9122775958218996,0.48918205804749343,0.9757894736842105,0.09355368705905093,0.906446312940949
28206,YER154W YHR083W,1.0,NA,0.4287279546260834,2780,2904,28137,70,0.9122480894632793,0.48909218859957776,0.9754385964912281,0.09355368705905093,0.906446312940949
28207,YMR310C YBL051C,0.0,NA,0.42879626154899597,2780,2903,28138,70,0.9122775958218996,0.48917825092380784,0.9754385964912281,0.09352147160207468,0.9064785283979253
28208,YPL126W YHR073W,0.0,NA,0.42895615100860596,2780,2902,28139,70,0.9123071021805199,0.4892643435410067,0.9754385964912281,0.09348925614509841,0.9065107438549016
28209,YDL141W YDR121W,0.0,NA,0.4290957748889923,2780,2901,28140,70,0.9123366085391402,0.4893504664671713,0.9754385964912281,0.09345704068812216,0.9065429593118779
28210,YLR181C YGL244W,0.0,NA,0.4293091595172882,2780,2900,28141,70,0.9123661148977604,0.4894366197183099,0.9754385964912281,0.0934248252311459,0.9065751747688541
28211,YDR320C YDR212W,0.0,NA,0.42939308285713196,2780,2899,28142,70,0.9123956212563807,0.48952280331044196,0.9754385964912281,0.09339260977416965,0.9066073902258304
28212,YKL013C YMR241W,1.0,NA,0.42962875962257385,2779,2899,28142,71,0.9123661148977604,0.48943289890806624,0.9750877192982456,0.09339260977416965,0.9066073902258304
28213,YEL016C YDL042C,0.0,NA,0.4297117590904236,2779,2898,28143,71,0.9123956212563807,0.48951911220715166,0.9750877192982456,0.0933603943171934,0.9066396056828067
28214,YMR261C YJL170C,0.0,NA,0.4298444986343384,2779,2897,28144,71,0.912425127615001,0.48960535588442566,0.9750877192982456,0.09332817886021713,0.9066718211397828
28215,YCL067C YDR449C,0.0,NA,0.42996564507484436,2779,2896,28145,71,0.9124546339736214,0.4896916299559471,0.9750877192982456,0.09329596340324088,0.9067040365967591
28216,YDR394W YDR469W,0.0,NA,0.4300389587879181,2779,2895,28146,71,0.9124841403322416,0.4897779344377864,0.9750877192982456,0.09326374794626462,0.9067362520537354
28217,YBR278W YNL326C,0.0,NA,0.43014320731163025,2779,2894,28147,71,0.9125136466908619,0.489864269346025,0.9750877192982456,0.09323153248928837,0.9067684675107116
28218,YPR073C YPL096C-A,0.0,NA,0.43033742904663086,2779,2893,28148,71,0.9125431530494822,0.489950634696756,0.9750877192982456,0.0931993170323121,0.9068006829676879
28219,YOR307C YPR052C,0.0,NA,0.4303842782974243,2779,2892,28149,71,0.9125726594081024,0.4900370305060836,0.9750877192982456,0.09316710157533585,0.9068328984246642
28220,YHL038C YOL130W,0.0,NA,0.43048110604286194,2779,2891,28150,71,0.9126021657667227,0.4901234567901235,0.9750877192982456,0.09313488611835959,0.9068651138816404
28221,YCR053W YBR035C,0.0,NA,0.4305362403392792,2779,2890,28151,71,0.912631672125343,0.49020991356500265,0.9750877192982456,0.09310267066138334,0.9068973293386167
28222,YGR296W YCL038C,0.0,NA,0.4305415451526642,2779,2889,28152,71,0.9126611784839633,0.49029640084685955,0.9750877192982456,0.09307045520440707,0.906929544795593
28223,YOL045W YDR246W,0.0,NA,0.4306599497795105,2779,2888,28153,71,0.9126906848425835,0.490382918651844,0.9750877192982456,0.09303823974743082,0.9069617602525691
28224,YIL064W YIL162W,0.0,NA,0.4310840368270874,2779,2887,28154,71,0.9127201912012038,0.4904694669961172,0.9750877192982456,0.09300602429045456,0.9069939757095454
28225,YDL033C YKR090W,0.0,NA,0.43116259574890137,2779,2886,28155,71,0.9127496975598242,0.4905560458958517,0.9750877192982456,0.0929738088334783,0.9070261911665217
28226,YLR245C YCR038C,0.0,NA,0.43118172883987427,2779,2885,28156,71,0.9127792039184445,0.4906426553672316,0.9750877192982456,0.09294159337650204,0.9070584066234979
28227,YKR063C YKL096W,0.0,NA,0.43122580647468567,2779,2884,28157,71,0.9128087102770647,0.4907292954264524,0.9750877192982456,0.09290937791952579,0.9070906220804742
28228,YIR006C YDR182W,0.0,NA,0.43124350905418396,2779,2883,28158,71,0.912838216635685,0.49081596608972095,0.9750877192982456,0.09287716246254953,0.9071228375374505
28229,YJR120W YLR368W,1.0,NA,0.43129289150238037,2778,2883,28158,72,0.9128087102770647,0.4907260201377848,0.9747368421052631,0.09287716246254953,0.9071228375374505
28230,YDR364C YPL253C,0.0,NA,0.43165549635887146,2778,2882,28159,72,0.912838216635685,0.49081272084805655,0.9747368421052631,0.09284494700557328,0.9071550529944268
28231,YLR421C YDL205C,0.0,NA,0.43193748593330383,2778,2881,28160,72,0.9128677229943053,0.49089945220003534,0.9747368421052631,0.09281273154859701,0.907187268451403
28232,YDR406W YMR050C,0.0,NA,0.4320809543132782,2778,2880,28161,72,0.9128972293529256,0.4909862142099682,0.9747368421052631,0.09278051609162076,0.9072194839083793
28233,YER157W YGL026C,0.0,NA,0.4322262108325958,2778,2879,28162,72,0.9129267357115458,0.4910730068941135,0.9747368421052631,0.09274830063464451,0.9072516993653555
28234,YPL070W YIR019C,0.0,NA,0.4323705732822418,2778,2878,28163,72,0.9129562420701661,0.49115983026874116,0.9747368421052631,0.09271608517766824,0.9072839148223317
28235,YLR346C YGL184C,0.0,NA,0.432513952255249,2778,2877,28164,72,0.9129857484287864,0.49124668435013263,0.9747368421052631,0.092683869720692,0.907316130279308
28236,YGR241C YBR139W,0.0,NA,0.43255311250686646,2778,2876,28165,72,0.9130152547874066,0.4913335691545808,0.9747368421052631,0.09265165426371573,0.9073483457362843
28237,YLR263W YOL013C,0.0,NA,0.43268921971321106,2778,2875,28166,72,0.913044761146027,0.4914204846983902,0.9747368421052631,0.09261943880673948,0.9073805611932605
28238,YGR123C YPL120W,0.0,NA,0.4327782392501831,2778,2874,28167,72,0.9130742675046473,0.49150743099787686,0.9747368421052631,0.09258722334976321,0.9074127766502368
28239,YIL002C YGR157W,0.0,NA,0.4328218102455139,2778,2873,28168,72,0.9131037738632676,0.49159440806936827,0.9747368421052631,0.09255500789278696,0.9074449921072131
28240,YHR193C YDR513W,0.0,NA,0.4328777492046356,2778,2872,28169,72,0.9131332802218878,0.49168141592920356,0.9747368421052631,0.0925227924358107,0.9074772075641893
28241,YML069W YDR440W,0.0,NA,0.43303677439689636,2778,2871,28170,72,0.9131627865805081,0.4917684545937334,0.9747368421052631,0.09249057697883445,0.9075094230211656
28242,YLR088W YFR013W,0.0,NA,0.4330678880214691,2778,2870,28171,72,0.9131922929391284,0.4918555240793201,0.9747368421052631,0.09245836152185818,0.9075416384781418
28243,YFL058W YOR261C,0.0,NA,0.4331013262271881,2778,2869,28172,72,0.9132217992977487,0.49194262440233755,0.9747368421052631,0.09242614606488193,0.907573853935118
28244,YGR061C YNL221C,0.0,NA,0.43368855118751526,2778,2868,28173,72,0.9132513056563689,0.4920297555791711,0.9747368421052631,0.09239393060790567,0.9076060693920943
28245,YMR099C YBR128C,0.0,NA,0.43371108174324036,2778,2867,28174,72,0.9132808120149892,0.4921169176262179,0.9747368421052631,0.09236171515092942,0.9076382848490706
28246,YPR171W YDR411C,0.0,NA,0.4339594841003418,2778,2866,28175,72,0.9133103183736095,0.4922041105598866,0.9747368421052631,0.09232949969395315,0.9076705003060468
28247,YNL070W YER154W,1.0,NA,0.4339888095855713,2777,2866,28175,73,0.9132808120149892,0.49211412369307106,0.9743859649122807,0.09232949969395315,0.9076705003060468
28248,YER155C YML019W,0.0,NA,0.43416643142700195,2777,2865,28176,73,0.9133103183736095,0.4922013470400567,0.9743859649122807,0.0922972842369769,0.9077027157630231
28249,YDR324C YGL077C,0.0,NA,0.4354184865951538,2777,2864,28177,73,0.9133398247322297,0.49228860131182417,0.9743859649122807,0.09226506878000064,0.9077349312199994
28250,YNR064C YBR162W-A,0.0,NA,0.4354540705680847,2777,2863,28178,73,0.9133693310908501,0.49237588652482267,0.9743859649122807,0.09223285332302439,0.9077671466769757
28251,YER013W YFL045C,0.0,NA,0.43572476506233215,2777,2862,28179,73,0.9133988374494704,0.4924632026955134,0.9743859649122807,0.09220063786604812,0.9077993621339518
28252,YMR210W YPR052C,0.0,NA,0.43601638078689575,2777,2861,28180,73,0.9134283438080907,0.49255054984036895,0.9743859649122807,0.09216842240907187,0.9078315775909281
28253,YJL091C YDL230W,0.0,NA,0.4362109899520874,2777,2860,28181,73,0.9134578501667109,0.4926379279758737,0.9743859649122807,0.09213620695209561,0.9078637930479044
28254,YGL048C YCL014W,0.0,NA,0.4363721013069153,2777,2859,28182,73,0.9134873565253312,0.4927253371185238,0.9743859649122807,0.09210399149511936,0.9078960085048806
28255,YLR144C YHR103W,0.0,NA,0.43643954396247864,2777,2858,28183,73,0.9135168628839515,0.492812777284827,0.9743859649122807,0.09207177603814311,0.9079282239618569
28256,YHR063C YER012W,0.0,NA,0.43645742535591125,2777,2857,28184,73,0.9135463692425718,0.4929002484913028,0.9743859649122807,0.09203956058116684,0.9079604394188332
28257,YFR048W YLR420W,0.0,NA,0.43683531880378723,2777,2856,28185,73,0.913575875601192,0.49298775075448253,0.9743859649122807,0.09200734512419059,0.9079926548758094
28258,YDR146C YDR354W,0.0,NA,0.4368855357170105,2777,2855,28186,73,0.9136053819598123,0.4930752840909091,0.9743859649122807,0.09197512966721433,0.9080248703327857
28259,YKR009C YDR510W,0.0,NA,0.43724408745765686,2777,2854,28187,73,0.9136348883184326,0.49316284851713726,0.9743859649122807,0.09194291421023808,0.908057085789762
28260,YDR099W YDL170W,0.0,NA,0.4373558759689331,2777,2853,28188,73,0.913664394677053,0.49325044404973356,0.9743859649122807,0.09191069875326181,0.9080893012467381
28261,YDR238C YGR227W,0.0,NA,0.4374135136604309,2777,2852,28189,73,0.9136939010356732,0.49333807070527624,0.9743859649122807,0.09187848329628556,0.9081215167037144
28262,YNL330C YNL231C,0.0,NA,0.4375116229057312,2777,2851,28190,73,0.9137234073942935,0.4934257285003554,0.9743859649122807,0.0918462678393093,0.9081537321606907
28263,YBR058C YBL009W,0.0,NA,0.4376620352268219,2777,2850,28191,73,0.9137529137529138,0.4935134174515728,0.9743859649122807,0.09181405238233305,0.9081859476176669
28264,YLR277C YMR223W,0.0,NA,0.43769437074661255,2777,2849,28192,73,0.913782420111534,0.49360113757554214,0.9743859649122807,0.09178183692535678,0.9082181630746432
28265,YNL124W YCL020W,0.0,NA,0.4379156529903412,2777,2848,28193,73,0.9138119264701543,0.4936888888888889,0.9743859649122807,0.09174962146838053,0.9082503785316195
28266,YNL178W YML038C,0.0,NA,0.43792805075645447,2777,2847,28194,73,0.9138414328287746,0.4937766714082504,0.9743859649122807,0.09171740601140427,0.9082825939885957
28267,YER042W YJR143C,0.0,NA,0.4384499192237854,2777,2846,28195,73,0.9138709391873949,0.49386448515027564,0.9743859649122807,0.09168519055442802,0.908314809445572
28268,YMR183C YFL017C,0.0,NA,0.4385737180709839,2777,2845,28196,73,0.9139004455460151,0.49395233013162576,0.9743859649122807,0.09165297509745175,0.9083470249025483
28269,YBL071W-A YDR321W,0.0,NA,0.4386896789073944,2777,2844,28197,73,0.9139299519046354,0.4940402063689735,0.9743859649122807,0.0916207596404755,0.9083792403595246
28270,YNL225C YML123C,0.0,NA,0.4387110471725464,2777,2843,28198,73,0.9139594582632558,0.49412811387900357,0.9743859649122807,0.09158854418349924,0.9084114558165007
28271,YDR500C YOR210W,0.0,NA,0.4387236535549164,2777,2842,28199,73,0.9139889646218761,0.4942160526784125,0.9743859649122807,0.09155632872652299,0.908443671273477
28272,YGR065C YOR020C,0.0,NA,0.43896567821502686,2777,2841,28200,73,0.9140184709804963,0.4943040227839089,0.9743859649122807,0.09152411326954672,0.9084758867304533
28273,YLR157C YAL022C,0.0,NA,0.43943288922309875,2777,2840,28201,73,0.9140479773391166,0.4943920242122129,0.9743859649122807,0.09149189781257047,0.9085081021874295
28274,YDR409W YBR127C,0.0,NA,0.43955543637275696,2777,2839,28202,73,0.9140774836977369,0.494480056980057,0.9743859649122807,0.09145968235559421,0.9085403176444058
28275,YLR231C YDR207C,0.0,NA,0.4402165412902832,2777,2838,28203,73,0.9141069900563571,0.49456812110418524,0.9743859649122807,0.09142746689861796,0.9085725331013821
28276,YLR209C YOL068C,0.0,NA,0.4405551850795746,2777,2837,28204,73,0.9141364964149774,0.4946562166013538,0.9743859649122807,0.0913952514416417,0.9086047485583583
28277,YOR046C YML041C,0.0,NA,0.44077131152153015,2777,2836,28205,73,0.9141660027735977,0.4947443434883307,0.9743859649122807,0.09136303598466544,0.9086369640153346
28278,YBR254C YKL067W,0.0,NA,0.44120463728904724,2777,2835,28206,73,0.914195509132218,0.4948325017818959,0.9743859649122807,0.09133082052768919,0.9086691794723109
28279,YMR048W YNR016C,0.0,NA,0.44127357006073,2777,2834,28207,73,0.9142250154908382,0.49492069149884155,0.9743859649122807,0.09129860507071293,0.908701394929287
28280,YBR293W YNL124W,0.0,NA,0.44133973121643066,2777,2833,28208,73,0.9142545218494585,0.49500891265597147,0.9743859649122807,0.09126638961373668,0.9087336103862633
28281,YPR083W YMR134W,1.0,NA,0.4413715600967407,2776,2833,28208,74,0.9142250154908382,0.4949188803708326,0.9740350877192983,0.09126638961373668,0.9087336103862633
28282,YNL267W YPR173C,0.0,NA,0.44150981307029724,2776,2832,28209,74,0.9142545218494585,0.4950071326676177,0.9740350877192983,0.09123417415676041,0.9087658258432396
28283,YLR201C YNR032W,0.0,NA,0.4415319561958313,2776,2831,28210,74,0.9142840282080789,0.49509541644373106,0.9740350877192983,0.09120195869978416,0.9087980413002158
28284,YCR008W YNL241C,0.0,NA,0.4415387809276581,2776,2830,28211,74,0.9143135345666992,0.49518373171601854,0.9740350877192983,0.0911697432428079,0.9088302567571921
28285,YDR236C YOR005C,0.0,NA,0.44168487191200256,2776,2829,28212,74,0.9143430409253194,0.4952720785013381,0.9740350877192983,0.09113752778583165,0.9088624722141684
28286,YDR293C YDR212W,0.0,NA,0.44202038645744324,2776,2828,28213,74,0.9143725472839397,0.4953604568165596,0.9740350877192983,0.09110531232885538,0.9088946876711446
28287,YNL030W YNL272C,0.0,NA,0.44216832518577576,2776,2827,28214,74,0.91440205364256,0.4954488666785651,0.9740350877192983,0.09107309687187913,0.9089269031281209
28288,YMR134W YDL217C,1.0,NA,0.44237321615219116,2775,2827,28214,75,0.9143725472839397,0.4953588004284184,0.9736842105263158,0.09107309687187913,0.9089269031281209
28289,YLR466W YHR135C,0.0,NA,0.4423813223838806,2775,2826,28215,75,0.91440205364256,0.49544724156400644,0.9736842105263158,0.09104088141490287,0.9089591185850971
28290,YLR160C YGL211W,0.0,NA,0.442740797996521,2775,2825,28216,75,0.9144315600011802,0.4955357142857143,0.9736842105263158,0.09100866595792662,0.9089913340420734
28291,YLR430W YDL159W,0.0,NA,0.4427441656589508,2775,2824,28217,75,0.9144610663598005,0.4956242186104661,0.9736842105263158,0.09097645050095035,0.9090235494990496
28292,YPL005W YER107C,0.0,NA,0.4428808391094208,2775,2823,28218,75,0.9144905727184208,0.4957127545551983,0.9736842105263158,0.0909442350439741,0.9090557649560259
28293,YDL131W YPL091W,0.0,NA,0.44291070103645325,2775,2822,28219,75,0.9145200790770411,0.495801322136859,0.9736842105263158,0.09091201958699784,0.9090879804130022
28294,YNL327W YDR166C,0.0,NA,0.44340139627456665,2775,2821,28220,75,0.9145495854356613,0.49588992137240884,0.9736842105263158,0.09087980413002159,0.9091201958699784
28295,YHR088W YBR059C,0.0,NA,0.44363316893577576,2775,2820,28221,75,0.9145790917942817,0.4959785522788204,0.9736842105263158,0.09084758867304532,0.9091524113269547
28296,YGL119W YPR018W,0.0,NA,0.4437800347805023,2775,2819,28222,75,0.914608598152902,0.4960672148730783,0.9736842105263158,0.09081537321606907,0.909184626783931
28297,YMR041C YFL018C,0.0,NA,0.44381019473075867,2775,2818,28223,75,0.9146381045115223,0.4961559091721795,0.9736842105263158,0.09078315775909282,0.9092168422409072
28298,YMR063W YMR078C,0.0,NA,0.444094717502594,2775,2817,28224,75,0.9146676108701425,0.49624463519313305,0.9736842105263158,0.09075094230211656,0.9092490576978834
28299,YGL067W YMR065W,0.0,NA,0.4441368579864502,2775,2816,28225,75,0.9146971172287628,0.49633339295296014,0.9736842105263158,0.0907187268451403,0.9092812731548597
28300,YGL054C YJL002C,0.0,NA,0.44432762265205383,2775,2815,28226,75,0.9147266235873831,0.4964221824686941,0.9736842105263158,0.09068651138816404,0.9093134886118359
28301,YPL101W YPR066W,0.0,NA,0.4443855881690979,2775,2814,28227,75,0.9147561299460034,0.49651100375738055,0.9736842105263158,0.09065429593118779,0.9093457040688122
28302,YPL169C YEL066W,0.0,NA,0.44450634717941284,2775,2813,28228,75,0.9147856363046236,0.4965998568360773,0.9736842105263158,0.09062208047421152,0.9093779195257885
28303,YOR270C YOR063W,0.0,NA,0.4448350965976715,2775,2812,28229,75,0.9148151426632439,0.4966887417218543,0.9736842105263158,0.09058986501723527,0.9094101349827647
28304,YNL197C YFR036W,0.0,NA,0.444882869720459,2775,2811,28230,75,0.9148446490218642,0.4967776584317938,0.9736842105263158,0.09055764956025901,0.909442350439741
28305,YGL026C YDL005C,0.0,NA,0.4451908469200134,2775,2810,28231,75,0.9148741553804844,0.4968666069829902,0.9736842105263158,0.09052543410328276,0.9094745658967173
28306,YDR335W YOR069W,0.0,NA,0.44540509581565857,2775,2809,28232,75,0.9149036617391048,0.49695558739255014,0.9736842105263158,0.0904932186463065,0.9095067813536934
28307,YDL145C YJL114W,0.0,NA,0.4456759989261627,2775,2808,28233,75,0.9149331680977251,0.4970445996775927,0.9736842105263158,0.09046100318933024,0.9095389968106697
28308,YDR260C YBL100W-A,0.0,NA,0.44593575596809387,2775,2807,28234,75,0.9149626744563454,0.497133643855249,0.9736842105263158,0.09042878773235398,0.909571212267646
28309,YDR227W YDR320C-A,0.0,NA,0.44630882143974304,2775,2806,28235,75,0.9149921808149656,0.4972227199426626,0.9736842105263158,0.09039657227537773,0.9096034277246223
28310,YMR131C YNL278W,0.0,NA,0.44776684045791626,2775,2805,28236,75,0.9150216871735859,0.49731182795698925,0.9736842105263158,0.09036435681840146,0.9096356431815985
28311,YFR002W YLR430W,0.0,NA,0.44792768359184265,2775,2804,28237,75,0.9150511935322062,0.497400967915397,0.9736842105263158,0.09033214136142521,0.9096678586385748
28312,YDL143W YLR388W,0.0,NA,0.44816675782203674,2775,2803,28238,75,0.9150806998908265,0.49749013983506635,0.9736842105263158,0.09029992590444895,0.9097000740955511
28313,YBR284W YPL133C,0.0,NA,0.4487702250480652,2775,2802,28239,75,0.9151102062494467,0.4975793437331899,0.9736842105263158,0.0902677104474727,0.9097322895525273
28314,YMR314W YBR110W,0.0,NA,0.44889697432518005,2775,2801,28240,75,0.915139712608067,0.49766857962697275,0.9736842105263158,0.09023549499049643,0.9097645050095036
28315,YGL055W YPR024W,1.0,NA,0.45016101002693176,2774,2801,28240,76,0.9151102062494467,0.4975784753363229,0.9733333333333334,0.09023549499049643,0.9097645050095036
28316,YCL020W YNR070W,0.0,NA,0.450490266084671,2774,2800,28241,76,0.915139712608067,0.4976677430929315,0.9733333333333334,0.09020327953352018,0.9097967204664799
28317,YIL138C YNL066W,1.0,NA,0.4504978060722351,2773,2800,28241,77,0.9151102062494467,0.4975776063161672,0.9729824561403508,0.09020327953352018,0.9097967204664799
28318,YIL023C YOR356W,0.0,NA,0.450508177280426,2773,2799,28242,77,0.915139712608067,0.49766690595836327,0.9729824561403508,0.09017106407654392,0.909828935923456
28319,YNR046W YLR320W,0.0,NA,0.4506193995475769,2773,2798,28243,77,0.9151692189666873,0.4977562376593071,0.9729824561403508,0.09013884861956767,0.9098611513804323
28320,YFL028C YHR138C,0.0,NA,0.45092684030532837,2773,2797,28244,77,0.9151987253253075,0.4978456014362657,0.9729824561403508,0.09010663316259142,0.9098933668374086
28321,YOR239W YKL192C,0.0,NA,0.4511813819408417,2773,2796,28245,77,0.9152282316839279,0.49793499730651825,0.9729824561403508,0.09007441770561515,0.9099255822943848
28322,YDR003W YDL149W,0.0,NA,0.45171821117401123,2773,2795,28246,77,0.9152577380425482,0.4980244252873563,0.9729824561403508,0.0900422022486389,0.9099577977513611
28323,YJL130C YOR068C,0.0,NA,0.4519452750682831,2773,2794,28247,77,0.9152872444011685,0.4981138853960841,0.9729824561403508,0.09000998679166264,0.9099900132083374
28324,YLR003C YHR072W-A,0.0,NA,0.45217886567115784,2773,2793,28248,77,0.9153167507597887,0.498203377650018,0.9729824561403508,0.08997777133468639,0.9100222286653136
28325,snR38 snR66,0.0,NA,0.4523320496082306,2773,2792,28249,77,0.915346257118409,0.49829290206648696,0.9729824561403508,0.08994555587771012,0.9100544441222899
28326,YGL213C YGL009C,0.0,NA,0.45237135887145996,2773,2791,28250,77,0.9153757634770293,0.4983824586628325,0.9729824561403508,0.08991334042073387,0.9100866595792662
28327,YHR072W-A YEL003W,0.0,NA,0.4523753523826599,2773,2790,28251,77,0.9154052698356496,0.49847204745640844,0.9729824561403508,0.08988112496375761,0.9101188750362423
28328,YMR168C YAL053W,0.0,NA,0.45237672328948975,2773,2789,28252,77,0.9154347761942698,0.4985616684645811,0.9729824561403508,0.08984890950678136,0.9101510904932186
28329,YIR022W YEL029C,0.0,NA,0.4524659216403961,2773,2788,28253,77,0.9154642825528901,0.49865132170472937,0.9729824561403508,0.0898166940498051,0.9101833059501949
28330,YFL036W YHR083W,1.0,NA,0.4524674415588379,2772,2788,28253,78,0.9154347761942698,0.4985611510791367,0.9726315789473684,0.0898166940498051,0.9101833059501949
28331,YNL079C YNL213C,1.0,NA,0.45264875888824463,2771,2788,28253,79,0.9154052698356496,0.4984709480122324,0.972280701754386,0.0898166940498051,0.9101833059501949
28332,YJR089W YAR007C,0.0,NA,0.4526546001434326,2771,2787,28254,79,0.9154347761942698,0.4985606333213386,0.972280701754386,0.08978447859282884,0.9102155214071712
28333,YNL046W YDL119C,0.0,NA,0.45273253321647644,2771,2786,28255,79,0.9154642825528901,0.4986503509087637,0.972280701754386,0.08975226313585258,0.9102477368641474
28334,YPR149W YGR206W,0.0,NA,0.4528670310974121,2771,2785,28256,79,0.9154937889115105,0.49874010079193665,0.972280701754386,0.08972004767887633,0.9102799523211237
28335,YNL072W YDL045C,0.0,NA,0.45289087295532227,2771,2784,28257,79,0.9155232952701308,0.49882988298829883,0.972280701754386,0.08968783222190006,0.9103121677781
28336,YPR133C YIL064W,0.0,NA,0.45298537611961365,2771,2783,28258,79,0.915552801628751,0.4989196975153043,0.972280701754386,0.08965561676492381,0.9103443832350762
28337,YKL053C-A YOR266W,1.0,NA,0.4530293047428131,2770,2783,28258,80,0.9155232952701308,0.49882946155231406,0.9719298245614035,0.08965561676492381,0.9103443832350762
28338,YMR055C YNR057C,0.0,NA,0.4530501663684845,2770,2782,28259,80,0.915552801628751,0.4989193083573487,0.9719298245614035,0.08962340130794755,0.9103765986920525
28339,YLR390W-A YML066C,0.0,NA,0.4535812735557556,2770,2781,28260,80,0.9155823079873713,0.4990091875337777,0.9719298245614035,0.0895911858509713,0.9104088141490287
28340,YKL175W YGR124W,0.0,NA,0.4536252021789551,2770,2780,28261,80,0.9156118143459916,0.4990990990990991,0.9719298245614035,0.08955897039399503,0.9104410296060049
28341,YMR013C YDL076C,0.0,NA,0.45401814579963684,2770,2779,28262,80,0.9156413207046118,0.49918904307082357,0.9719298245614035,0.08952675493701878,0.9104732450629812
28342,YKR038C YCR024C-A,0.0,NA,0.4541855752468109,2770,2778,28263,80,0.9156708270632321,0.4992790194664744,0.9719298245614035,0.08949453948004252,0.9105054605199575
28343,YOR322C YDL019C,0.0,NA,0.45445623993873596,2770,2777,28264,80,0.9157003334218524,0.49936902830358754,0.9719298245614035,0.08946232402306627,0.9105376759769337
28344,YKL080W YDR054C,0.0,NA,0.45462751388549805,2770,2776,28265,80,0.9157298397804727,0.4994590695997115,0.9719298245614035,0.08943010856609002,0.91056989143391
28345,YBL011W YGR240C,0.0,NA,0.45474952459335327,2770,2775,28266,80,0.9157593461390929,0.4995491433724076,0.9719298245614035,0.08939789310911375,0.9106021068908863
28346,YLR406C YAL020C,0.0,NA,0.45478326082229614,2770,2774,28267,80,0.9157888524977132,0.49963924963924966,0.9719298245614035,0.0893656776521375,0.9106343223478625
28347,YPR104C YOR126C,0.0,NA,0.4548998475074768,2770,2773,28268,80,0.9158183588563336,0.49972938841782427,0.9719298245614035,0.08933346219516124,0.9106665378048387
28348,YFR019W YHR101C,0.0,NA,0.45493730902671814,2770,2772,28269,80,0.9158478652149539,0.4998195597257308,0.9719298245614035,0.08930124673818499,0.910698753261815
28349,YGR038W YPR191W,0.0,NA,0.4550333321094513,2770,2771,28270,80,0.9158773715735741,0.49990976358058115,0.9719298245614035,0.08926903128120872,0.9107309687187912
28350,YDR113C YHR118C,0.0,NA,0.45509085059165955,2770,2770,28271,80,0.9159068779321944,0.5,0.9719298245614035,0.08923681582423247,0.9107631841757675
28351,YJL087C YPR191W,0.0,NA,0.4555928409099579,2770,2769,28272,80,0.9159363842908147,0.5000902690016248,0.9719298245614035,0.0892046003672562,0.9107953996327438
28352,YKR085C YHR194W,0.0,NA,0.45580947399139404,2770,2768,28273,80,0.9159658906494349,0.5001805706031058,0.9719298245614035,0.08917238491027996,0.9108276150897201
28353,YDL031W YNL001W,0.0,NA,0.4558783769607544,2770,2767,28274,80,0.9159953970080552,0.5002709048221058,0.9719298245614035,0.08914016945330369,0.9108598305466963
28354,YGR024C YIL080W,0.0,NA,0.45587852597236633,2770,2766,28275,80,0.9160249033666755,0.5003612716763006,0.9719298245614035,0.08910795399632744,0.9108920460036726
28355,YGR247W YKR020W,0.0,NA,0.45617368817329407,2770,2765,28276,80,0.9160544097252958,0.5004516711833785,0.9719298245614035,0.08907573853935118,0.9109242614606489
28356,YOR326W YOR266W,1.0,NA,0.4562881588935852,2769,2765,28276,81,0.9160249033666755,0.5003614022406939,0.9715789473684211,0.08907573853935118,0.9109242614606489
28357,YBR192W YOL076W,1.0,NA,0.45633673667907715,2768,2765,28276,82,0.9159953970080552,0.5002711006687149,0.9712280701754386,0.08907573853935118,0.9109242614606489
28358,YEL051W YER078C,0.0,NA,0.4564071297645569,2768,2764,28277,82,0.9160249033666755,0.5003615328994938,0.9712280701754386,0.08904352308237493,0.910956476917625
28359,YBR019C YJR109C,0.0,NA,0.4566303491592407,2768,2763,28278,82,0.9160544097252958,0.5004519978304104,0.9712280701754386,0.08901130762539866,0.9109886923746013
28360,YBR212W YBR234C,1.0,NA,0.45683225989341736,2767,2763,28278,83,0.9160249033666755,0.5003616636528029,0.9708771929824561,0.08901130762539866,0.9109886923746013
28361,YLR320W YOR386W,0.0,NA,0.4570556879043579,2767,2762,28279,83,0.9160544097252958,0.500452161331163,0.9708771929824561,0.08897909216842241,0.9110209078315776
28362,YDL005C YPL112C,0.0,NA,0.45712870359420776,2767,2761,28280,83,0.916083916083916,0.5005426917510853,0.9708771929824561,0.08894687671144615,0.9110531232885538
28363,YPR133C YGR206W,0.0,NA,0.4572823643684387,2767,2760,28281,83,0.9161134224425364,0.5006332549303419,0.9708771929824561,0.0889146612544699,0.9110853387455301
28364,YKR085C YHR120W,0.0,NA,0.45736876130104065,2767,2759,28282,83,0.9161429288011567,0.5007238508867173,0.9708771929824561,0.08888244579749363,0.9111175542025064
28365,YHR120W YMR211W,1.0,NA,0.45772790908813477,2766,2759,28282,84,0.9161134224425364,0.5006334841628959,0.9705263157894737,0.08888244579749363,0.9111175542025064
28366,YHR058C YJR013W,0.0,NA,0.4579486548900604,2766,2758,28283,84,0.9161429288011567,0.500724112961622,0.9705263157894737,0.08885023034051738,0.9111497696594826
28367,YJL085W YNL059C,0.0,NA,0.4580342173576355,2766,2757,28284,84,0.916172435159777,0.5008147745790331,0.9705263157894737,0.08881801488354113,0.9111819851164589
28368,YJL068C YDR123C,0.0,NA,0.4581959843635559,2766,2756,28285,84,0.9162019415183972,0.5009054690329591,0.9705263157894737,0.08878579942656487,0.9112142005734352
28369,YJR092W YML132W,0.0,NA,0.4582770764827728,2766,2755,28286,84,0.9162314478770175,0.5009961963412425,0.9705263157894737,0.08875358396958861,0.9112464160304113
28370,YJR027W YML008C,0.0,NA,0.45851054787635803,2766,2754,28287,84,0.9162609542356378,0.5010869565217392,0.9705263157894737,0.08872136851261235,0.9112786314873876
28371,YLL016W YJR094W-A,0.0,NA,0.4591960310935974,2766,2753,28288,84,0.9162904605942581,0.5011777495923174,0.9705263157894737,0.0886891530556361,0.9113108469443639
28372,YIL134W YHR152W,0.0,NA,0.45936325192451477,2766,2752,28289,84,0.9163199669528783,0.501268575570859,0.9705263157894737,0.08865693759865984,0.9113430624013401
28373,YKL173W YGL029W,0.0,NA,0.4595445394515991,2766,2751,28290,84,0.9163494733114986,0.5013594344752583,0.9705263157894737,0.08862472214168358,0.9113752778583164
28374,YGR260W YOR079C,0.0,NA,0.46029603481292725,2766,2750,28291,84,0.9163789796701189,0.5014503263234228,0.9705263157894737,0.08859250668470732,0.9114074933152927
28375,YJR120W YKR042W,1.0,NA,0.46048831939697266,2765,2750,28291,85,0.9163494733114986,0.5013599274705349,0.9701754385964912,0.08859250668470732,0.9114074933152927
28376,YOR190W YDL119C,0.0,NA,0.46056878566741943,2765,2749,28292,85,0.9163789796701189,0.5014508523757708,0.9701754385964912,0.08856029122773107,0.911439708772269
28377,YFR037C YHL048W,0.0,NA,0.4611068367958069,2765,2748,28293,85,0.9164084860287391,0.5015418102666425,0.9701754385964912,0.0885280757707548,0.9114719242292452
28378,YBR236C YBR035C,0.0,NA,0.4612233340740204,2765,2747,28294,85,0.9164379923873595,0.5016328011611031,0.9701754385964912,0.08849586031377855,0.9115041396862215
28379,YMR063W YDR378C,0.0,NA,0.4614669978618622,2765,2746,28295,85,0.9164674987459798,0.5017238250771184,0.9701754385964912,0.08846364485680229,0.9115363551431978
28380,YGR042W YPL135W,0.0,NA,0.46164795756340027,2765,2745,28296,85,0.9164970051046001,0.5018148820326679,0.9701754385964912,0.08843142939982604,0.9115685706001739
28381,YPL001W YLR442C,0.0,NA,0.4621260464191437,2765,2744,28297,85,0.9165265114632203,0.5019059720457433,0.9701754385964912,0.08839921394284977,0.9116007860571502
28382,YOR362C YHR138C,0.0,NA,0.4621696174144745,2765,2743,28298,85,0.9165560178218406,0.5019970951343501,0.9701754385964912,0.08836699848587352,0.9116330015141265
28383,YNR074C YHR165C,0.0,NA,0.4624358117580414,2765,2742,28299,85,0.9165855241804609,0.5020882513165063,0.9701754385964912,0.08833478302889726,0.9116652169711027
28384,YDL142C YDR077W,1.0,NA,0.4625276029109955,2764,2742,28299,86,0.9165560178218406,0.5019978205593898,0.9698245614035088,0.08833478302889726,0.9116652169711027
28385,YKL073W YMR194W,0.0,NA,0.4625653624534607,2764,2741,28300,86,0.9165855241804609,0.5020890099909173,0.9698245614035088,0.08830256757192101,0.911697432428079
28386,YDR006C YIL039W,0.0,NA,0.4625675678253174,2764,2740,28301,86,0.9166150305390812,0.5021802325581395,0.9698245614035088,0.08827035211494474,0.9117296478850553
28387,YJL156C YFL018C,0.0,NA,0.4625777006149292,2764,2739,28302,86,0.9166445368977014,0.5022714882791205,0.9698245614035088,0.0882381366579685,0.9117618633420315
28388,YGL219C YGL020C,1.0,NA,0.4626303017139435,2763,2739,28302,87,0.9166150305390812,0.5021810250817884,0.9694736842105263,0.0882381366579685,0.9117618633420315
28389,YNL209W YOR302W,0.0,NA,0.4626781642436981,2763,2738,28303,87,0.9166445368977014,0.5022723141247046,0.9694736842105263,0.08820592120099223,0.9117940787990078
28390,YJR095W YMR199W,0.0,NA,0.4628206789493561,2763,2737,28304,87,0.9166740432563217,0.5023636363636363,0.9694736842105263,0.08817370574401598,0.911826294255984
28391,YDR147W YHL048W,0.0,NA,0.46318814158439636,2763,2736,28305,87,0.916703549614942,0.502454991816694,0.9694736842105263,0.08814149028703973,0.9118585097129602
28392,YDR211W YPR156C,0.0,NA,0.46338748931884766,2763,2735,28306,87,0.9167330559735622,0.5025463805020007,0.9694736842105263,0.08810927483006346,0.9118907251699365
28393,YFL017C YDR510W,0.0,NA,0.4636380076408386,2763,2734,28307,87,0.9167625623321826,0.5026378024376933,0.9694736842105263,0.08807705937308721,0.9119229406269128
28394,YLR303W YMR198W,0.0,NA,0.46400824189186096,2763,2733,28308,87,0.9167920686908029,0.5027292576419214,0.9694736842105263,0.08804484391611095,0.911955156083889
28395,YGR281W YGL166W,0.0,NA,0.4640284478664398,2763,2732,28309,87,0.9168215750494232,0.502820746132848,0.9694736842105263,0.0880126284591347,0.9119873715408653
28396,YMR297W YDR287W,0.0,NA,0.46432846784591675,2763,2731,28310,87,0.9168510814080434,0.5029122679286494,0.9694736842105263,0.08798041300215843,0.9120195869978416
28397,YIL030C YGR240C,0.0,NA,0.46444764733314514,2763,2730,28311,87,0.9168805877666637,0.503003823047515,0.9694736842105263,0.08794819754518218,0.9120518024548179
28398,YBR101C Q0045,0.0,NA,0.4652750790119171,2763,2729,28312,87,0.916910094125284,0.5030954115076475,0.9694736842105263,0.08791598208820592,0.912084017911794
28399,YGR120C YGR077C,0.0,NA,0.4655216932296753,2763,2728,28313,87,0.9169396004839043,0.5031870333272628,0.9694736842105263,0.08788376663122967,0.9121162333687703
28400,YAL026C YDR212W,0.0,NA,0.46558383107185364,2763,2727,28314,87,0.9169691068425245,0.5032786885245901,0.9694736842105263,0.0878515511742534,0.9121484488257466
28401,YLR378C YBR176W,0.0,NA,0.46572214365005493,2763,2726,28315,87,0.9169986132011448,0.5033703771178721,0.9694736842105263,0.08781933571727715,0.9121806642827228
28402,YGR188C YDR084C,0.0,NA,0.46578696370124817,2763,2725,28316,87,0.9170281195597652,0.5034620991253644,0.9694736842105263,0.08778712026030089,0.9122128797396991
28403,YLR389C YHR134W,0.0,NA,0.4664362668991089,2763,2724,28317,87,0.9170576259183855,0.5035538545653363,0.9694736842105263,0.08775490480332464,0.9122450951966754
28404,YGL224C YPL047W,0.0,NA,0.46653857827186584,2763,2723,28318,87,0.9170871322770057,0.50364564345607,0.9694736842105263,0.08772268934634837,0.9122773106536516
28405,YER100W YDR052C,0.0,NA,0.46667706966400146,2763,2722,28319,87,0.917116638635626,0.5037374658158614,0.9694736842105263,0.08769047388937212,0.9123095261106279
28406,YLR286C YJL173C,0.0,NA,0.4668109118938446,2763,2721,28320,87,0.9171461449942463,0.5038293216630197,0.9694736842105263,0.08765825843239586,0.9123417415676042
28407,YMR255W YLR393W,0.0,NA,0.4670895040035248,2763,2720,28321,87,0.9171756513528665,0.5039212110158672,0.9694736842105263,0.08762604297541961,0.9123739570245804
28408,YGR054W YDL095W,0.0,NA,0.46738505363464355,2763,2719,28322,87,0.9172051577114868,0.5040131338927398,0.9694736842105263,0.08759382751844334,0.9124061724815566
28409,YAR003W YDR356W,0.0,NA,0.46744078397750854,2763,2718,28323,87,0.9172346640701071,0.5041050903119869,0.9694736842105263,0.08756161206146709,0.9124383879385329
28410,YMR123W YLR120C,0.0,NA,0.46744635701179504,2763,2717,28324,87,0.9172641704287274,0.5041970802919709,0.9694736842105263,0.08752939660449083,0.9124706033955091
28411,YIL030C YCL011C,0.0,NA,0.46745947003364563,2763,2716,28325,87,0.9172936767873476,0.5042891038510677,0.9694736842105263,0.08749718114751458,0.9125028188524854
28412,YBR192W YMR134W,1.0,NA,0.4680974781513214,2762,2716,28325,88,0.9172641704287274,0.5041986126323476,0.9691228070175438,0.08749718114751458,0.9125028188524854
28413,YBR179C YMR134W,1.0,NA,0.46814674139022827,2761,2716,28325,89,0.9172346640701071,0.5041080883695453,0.9687719298245614,0.08749718114751458,0.9125028188524854
28414,YNR032W YJL186W,0.0,NA,0.468381404876709,2761,2715,28326,89,0.9172641704287274,0.504200146092038,0.9687719298245614,0.08746496569053833,0.9125350343094617
28415,YOR083W YPL178W,0.0,NA,0.46883371472358704,2761,2714,28327,89,0.9172936767873476,0.5042922374429224,0.9687719298245614,0.08743275023356206,0.9125672497664379
28416,YOR075W YDR420W,0.0,NA,0.4689640700817108,2761,2713,28328,89,0.917323183145968,0.5043843624406285,0.9687719298245614,0.08740053477658581,0.9125994652234142
28417,YOR190W YKL160W,0.0,NA,0.46902868151664734,2761,2712,28329,89,0.9173526895045883,0.5044765211035995,0.9687719298245614,0.08736831931960955,0.9126316806803905
28418,YPR036W YPL061W,0.0,NA,0.4692193567752838,2761,2711,28330,89,0.9173821958632086,0.5045687134502924,0.9687719298245614,0.0873361038626333,0.9126638961373668
28419,YMR060C YMR211W,1.0,NA,0.469510555267334,2760,2711,28330,90,0.9173526895045883,0.5044781575580333,0.968421052631579,0.0873361038626333,0.9126638961373668
28420,YNL128W YDR523C,0.0,NA,0.4699046313762665,2760,2710,28331,90,0.9173821958632086,0.5045703839122486,0.968421052631579,0.08730388840565703,0.9126961115943429
28421,YJR120W YNL310C,1.0,NA,0.4700224995613098,2759,2710,28331,91,0.9173526895045883,0.5044797952093618,0.9680701754385965,0.08730388840565703,0.9126961115943429
28422,YIL088C YNL301C,0.0,NA,0.47009655833244324,2759,2709,28332,91,0.9173821958632086,0.504572055596196,0.9680701754385965,0.08727167294868078,0.9127283270513192
28423,YGR019W YHR144C,0.0,NA,0.47012606263160706,2759,2708,28333,91,0.9174117022218288,0.5046643497347723,0.9680701754385965,0.08723945749170452,0.9127605425082955
28424,YLR345W YDR353W,0.0,NA,0.47044697403907776,2759,2707,28334,91,0.9174412085804491,0.5047566776436151,0.9680701754385965,0.08720724203472827,0.9127927579652717
28425,YJR120W YIL065C,1.0,NA,0.4704613983631134,2758,2707,28334,92,0.9174117022218288,0.5046660567246112,0.9677192982456141,0.08720724203472827,0.9127927579652717
28426,YOR321W YER081W,0.0,NA,0.4705176055431366,2758,2706,28335,92,0.9174412085804491,0.5047584187408491,0.9677192982456141,0.087175026577752,0.912824973422248
28427,YJR120W YFL039C,1.0,NA,0.47052574157714844,2757,2706,28335,93,0.9174117022218288,0.5046677649643053,0.9673684210526315,0.087175026577752,0.912824973422248
28428,YGL203C YMR042W,0.0,NA,0.4709137976169586,2757,2705,28336,93,0.9174412085804491,0.5047601611131454,0.9673684210526315,0.08714281112077575,0.9128571888792243
28429,YMR041C YPR159W,0.0,NA,0.47137048840522766,2757,2704,28337,93,0.9174707149390694,0.504852591100531,0.9673684210526315,0.08711059566379949,0.9128894043362005
28430,YGL020C YNL213C,1.0,NA,0.47146689891815186,2756,2704,28337,94,0.9174412085804491,0.5047619047619047,0.9670175438596491,0.08711059566379949,0.9128894043362005
28431,YFR050C YHR129C,0.0,NA,0.47147029638290405,2756,2703,28338,94,0.9174707149390694,0.5048543689320388,0.9670175438596491,0.08707838020682324,0.9129216197931768
28432,YOR016C YEL026W,0.0,NA,0.4717717170715332,2756,2702,28339,94,0.9175002212976896,0.5049468669842433,0.9670175438596491,0.08704616474984697,0.9129538352501531
28433,YDR294C YMR075W,0.0,NA,0.47185850143432617,2756,2701,28340,94,0.9175297276563099,0.505039398937145,0.9670175438596491,0.08701394929287072,0.9129860507071292
28434,YNL268W YDL246C,0.0,NA,0.4720919728279114,2756,2700,28341,94,0.9175592340149302,0.5051319648093842,0.9670175438596491,0.08698173383589446,0.9130182661641055
28435,YER089C YBL050W,0.0,NA,0.4720940887928009,2756,2699,28342,94,0.9175887403735505,0.5052245646196151,0.9670175438596491,0.0869495183789182,0.9130504816210818
28436,YGR118W YLR055C,0.0,NA,0.47228068113327026,2756,2698,28343,94,0.9176182467321707,0.5053171983865054,0.9670175438596491,0.08691730292194194,0.913082697078058
28437,YPL224C YCR053W,0.0,NA,0.4722972810268402,2756,2697,28344,94,0.917647753090791,0.5054098661287365,0.9670175438596491,0.08688508746496569,0.9131149125350343
28438,YMR302C YMR134W,1.0,NA,0.4724331498146057,2755,2697,28344,95,0.9176182467321707,0.5053191489361702,0.9666666666666667,0.08688508746496569,0.9131149125350343
28439,YJR027W YBR008C,0.0,NA,0.47251734137535095,2755,2696,28345,95,0.917647753090791,0.5054118510365071,0.9666666666666667,0.08685287200798944,0.9131471279920106
28440,YGL195W YPR060C,0.0,NA,0.47325319051742554,2755,2695,28346,95,0.9176772594494114,0.5055045871559632,0.9666666666666667,0.08682065655101318,0.9131793434489868
28441,YIL062C YMR134W,1.0,NA,0.473259299993515,2754,2695,28346,96,0.917647753090791,0.505413837401358,0.9663157894736842,0.08682065655101318,0.9131793434489868
28442,YKR068C YCR072C,0.0,NA,0.4733668565750122,2754,2694,28347,96,0.9176772594494114,0.5055066079295154,0.9663157894736842,0.08678844109403692,0.9132115589059631
28443,YGL173C YLL031C,0.0,NA,0.47348323464393616,2754,2693,28348,96,0.9177067658080317,0.5055994125206535,0.9663157894736842,0.08675622563706066,0.9132437743629394
28444,YJL176C YPR079W,0.0,NA,0.4736024737358093,2754,2692,28349,96,0.9177362721666519,0.5056922511935366,0.9663157894736842,0.08672401018008441,0.9132759898199156
28445,YER151C YLR074C,0.0,NA,0.4746113717556,2754,2691,28350,96,0.9177657785252722,0.5057851239669422,0.9663157894736842,0.08669179472310815,0.9133082052768918
28446,YBR168W YEL044W,0.0,NA,0.47496458888053894,2754,2690,28351,96,0.9177952848838925,0.505878030859662,0.9663157894736842,0.0866595792661319,0.9133404207338681
28447,YDR254W YER026C,0.0,NA,0.4752601683139801,2754,2689,28352,96,0.9178247912425128,0.5059709718905016,0.9663157894736842,0.08662736380915563,0.9133726361908444
28448,YOR245C YOL155C,0.0,NA,0.47535863518714905,2754,2688,28353,96,0.917854297601133,0.5060639470782801,0.9663157894736842,0.08659514835217938,0.9134048516478206
28449,YLR047C YCR065W,0.0,NA,0.4755236506462097,2754,2687,28354,96,0.9178838039597533,0.5061569564418306,0.9663157894736842,0.08656293289520312,0.9134370671047969
28450,YDR191W YEL053C,0.0,NA,0.4759010970592499,2754,2686,28355,96,0.9179133103183736,0.50625,0.9663157894736842,0.08653071743822686,0.9134692825617732
28451,YHR074W YKR089C,0.0,NA,0.476046621799469,2754,2685,28356,96,0.9179428166769938,0.5063430777716492,0.9663157894736842,0.0864985019812506,0.9135014980187494
28452,YGL114W YHR214C-B,0.0,NA,0.4761578440666199,2754,2684,28357,96,0.9179723230356142,0.5064361897756529,0.9663157894736842,0.08646628652427435,0.9135337134757257
28453,YLR309C YHR143W,0.0,NA,0.47625619173049927,2754,2683,28358,96,0.9180018293942345,0.5065293360308994,0.9663157894736842,0.08643407106729808,0.9135659289327019
28454,YDL065C YER107C,0.0,NA,0.47660791873931885,2754,2682,28359,96,0.9180313357528548,0.5066225165562914,0.9663157894736842,0.08640185561032183,0.9135981443896781
28455,YMR255W YAR031W,0.0,NA,0.47662609815597534,2754,2681,28360,96,0.918060842111475,0.5067157313707452,0.9663157894736842,0.08636964015334557,0.9136303598466544
28456,YPL235W YML004C,0.0,NA,0.4768182337284088,2754,2680,28361,96,0.9180903484700953,0.506808980493191,0.9663157894736842,0.08633742469636932,0.9136625753036307
28457,YMR030W YCL038C,0.0,NA,0.4769969582557678,2754,2679,28362,96,0.9181198548287156,0.5069022639425732,0.9663157894736842,0.08630520923939305,0.9136947907606069
28458,YKL070W YDR073W,0.0,NA,0.4771513044834137,2754,2678,28363,96,0.9181493611873359,0.5069955817378498,0.9663157894736842,0.0862729937824168,0.9137270062175832
28459,YAL024C YPL089C,0.0,NA,0.47742292284965515,2754,2677,28364,96,0.9181788675459561,0.507088933897993,0.9663157894736842,0.08624077832544054,0.9137592216745595
28460,YER059W YMR062C,0.0,NA,0.4774356782436371,2754,2676,28365,96,0.9182083739045764,0.507182320441989,0.9663157894736842,0.08620856286846429,0.9137914371315357
28461,YOR160W YJL071W,0.0,NA,0.4776822030544281,2754,2675,28366,96,0.9182378802631967,0.5072757413888377,0.9663157894736842,0.08617634741148804,0.913823652588512
28462,YOR190W YPL116W,0.0,NA,0.4783197343349457,2754,2674,28367,96,0.918267386621817,0.5073691967575534,0.9663157894736842,0.08614413195451177,0.9138558680454882
28463,YDR086C YML095C,0.0,NA,0.4783906042575836,2754,2673,28368,96,0.9182968929804373,0.5074626865671642,0.9663157894736842,0.08611191649753552,0.9138880835024645
28464,YIL159W YJL187C,0.0,NA,0.47843629121780396,2754,2672,28369,96,0.9183263993390576,0.5075562108367121,0.9663157894736842,0.08607970104055926,0.9139202989594407
28465,YPR192W YOL162W,0.0,NA,0.4787593185901642,2754,2671,28370,96,0.9183559056976779,0.5076497695852534,0.9663157894736842,0.08604748558358301,0.913952514416417
28466,YDR389W YBR038W,0.0,NA,0.47970229387283325,2754,2670,28371,96,0.9183854120562981,0.5077433628318584,0.9663157894736842,0.08601527012660674,0.9139847298733933
28467,YML041C YLR005W,0.0,NA,0.4799191653728485,2754,2669,28372,96,0.9184149184149184,0.5078369905956113,0.9663157894736842,0.0859830546696305,0.9140169453303695
28468,YML058W YPR083W,1.0,NA,0.4802398085594177,2753,2669,28372,97,0.9183854120562981,0.5077462191073404,0.9659649122807018,0.0859830546696305,0.9140169453303695
28469,YOL060C YKR042W,1.0,NA,0.48029953241348267,2752,2669,28372,98,0.9183559056976779,0.5076554141302343,0.9656140350877193,0.0859830546696305,0.9140169453303695
28470,YOR026W YML019W,0.0,NA,0.4804791808128357,2752,2668,28373,98,0.9183854120562981,0.5077490774907749,0.9656140350877193,0.08595083921265423,0.9140491607873458
28471,YNR007C YOR014W,0.0,NA,0.48064497113227844,2752,2667,28374,98,0.9184149184149184,0.5078427754198191,0.9656140350877193,0.08591862375567798,0.9140813762443221
28472,YDR397C YGR118W,0.0,NA,0.4809918701648712,2752,2666,28375,98,0.9184444247735387,0.5079365079365079,0.9656140350877193,0.08588640829870171,0.9141135917012982
28473,YHR158C YDL045C,0.0,NA,0.4813883602619171,2752,2665,28376,98,0.918473931132159,0.5080302750599963,0.9656140350877193,0.08585419284172546,0.9141458071582745
28474,YKR022C YML077W,0.0,NA,0.4815388023853302,2752,2664,28377,98,0.9185034374907792,0.5081240768094535,0.9656140350877193,0.0858219773847492,0.9141780226152508
28475,YMR050C YLR141W,0.0,NA,0.48154759407043457,2752,2663,28378,98,0.9185329438493995,0.5082179132040628,0.9656140350877193,0.08578976192777295,0.914210238072227
28476,YCL025C YDR495C,0.0,NA,0.48156046867370605,2752,2662,28379,98,0.9185624502080199,0.5083117842630218,0.9656140350877193,0.08575754647079668,0.9142424535292033
28477,YBR118W YLR430W,0.0,NA,0.48159119486808777,2752,2661,28380,98,0.91859195656664,0.5084056900055423,0.9656140350877193,0.08572533101382043,0.9142746689861796
28478,YBR195C YMR050C,0.0,NA,0.48174792528152466,2752,2660,28381,98,0.9186214629252604,0.50849963045085,0.9656140350877193,0.08569311555684417,0.9143068844431558
28479,YDR495C YMR264W,0.0,NA,0.4820968210697174,2752,2659,28382,98,0.9186509692838807,0.5085936056181852,0.9656140350877193,0.08566090009986792,0.9143390999001321
28480,YGL018C YEL061C,0.0,NA,0.48223116993904114,2752,2658,28383,98,0.918680475642501,0.5086876155268022,0.9656140350877193,0.08562868464289165,0.9143713153571084
28481,YDR251W YDR144C,0.0,NA,0.4827420711517334,2752,2657,28384,98,0.9187099820011212,0.5087816601959697,0.9656140350877193,0.0855964691859154,0.9144035308140847
28482,YPR024W YIL138C,1.0,NA,0.4827435612678528,2751,2657,28384,99,0.918680475642501,0.5086908284023669,0.9652631578947368,0.0855964691859154,0.9144035308140847
28483,YNR074C YOL043C,0.0,NA,0.4833691120147705,2751,2656,28385,99,0.9187099820011212,0.5087849084520066,0.9652631578947368,0.08556425372893915,0.9144357462710608
28484,YDR122W YBR059C,0.0,NA,0.48370224237442017,2751,2655,28386,99,0.9187394883597415,0.5088790233074362,0.9652631578947368,0.08553203827196289,0.9144679617280371
28485,YML026C YDL214C,0.0,NA,0.4837122857570648,2751,2654,28387,99,0.9187689947183618,0.5089731729879741,0.9652631578947368,0.08549982281498664,0.9145001771850134
28486,YKL006C-A YGL021W,0.0,NA,0.48380589485168457,2751,2653,28388,99,0.9187985010769821,0.5090673575129534,0.9652631578947368,0.08546760735801037,0.9145323926419896
28487,YJL130C YOR341W,0.0,NA,0.4841192960739136,2751,2652,28389,99,0.9188280074356023,0.5091615769017213,0.9652631578947368,0.08543539190103412,0.9145646080989659
28488,YPR036W YCL037C,0.0,NA,0.4843384325504303,2751,2651,28390,99,0.9188575137942226,0.5092558311736394,0.9652631578947368,0.08540317644405786,0.9145968235559422
28489,YIR005W YNL236W,0.0,NA,0.4846123158931732,2751,2650,28391,99,0.918887020152843,0.5093501203480837,0.9652631578947368,0.0853709609870816,0.9146290390129184
28490,YKL070W YLL010C,0.0,NA,0.4846130907535553,2751,2649,28392,99,0.9189165265114633,0.5094444444444445,0.9652631578947368,0.08533874553010534,0.9146612544698947
28491,YNL241C YML045W,0.0,NA,0.48501792550086975,2751,2648,28393,99,0.9189460328700835,0.5095388034821263,0.9652631578947368,0.08530653007312909,0.914693469926871
28492,YLR319C YBR218C,0.0,NA,0.4852783679962158,2751,2647,28394,99,0.9189755392287038,0.5096331974805484,0.9652631578947368,0.08527431461615283,0.9147256853838471
28493,YPL027W YOL091W,0.0,NA,0.48552918434143066,2751,2646,28395,99,0.9190050455873241,0.5097276264591439,0.9652631578947368,0.08524209915917658,0.9147579008408234
28494,YGR247W YMR143W,0.0,NA,0.4855318069458008,2751,2645,28396,99,0.9190345519459443,0.509822090437361,0.9652631578947368,0.08520988370220031,0.9147901162977997
28495,YDR140W YLL005C,0.0,NA,0.4855816066265106,2751,2644,28397,99,0.9190640583045646,0.5099165894346617,0.9652631578947368,0.08517766824522406,0.9148223317547759
28496,YMR083W YBR233W-A,0.0,NA,0.4856429696083069,2751,2643,28398,99,0.9190935646631849,0.5100111234705228,0.9652631578947368,0.0851454527882478,0.9148545472117522
28497,YER064C YER073W,0.0,NA,0.48579472303390503,2751,2642,28399,99,0.9191230710218052,0.5101056925644354,0.9652631578947368,0.08511323733127155,0.9148867626687285
28498,YGR172C YMR016C,0.0,NA,0.4861495792865753,2751,2641,28400,99,0.9191525773804254,0.5102002967359051,0.9652631578947368,0.08508102187429528,0.9149189781257047
28499,YJR017C YDR016C,0.0,NA,0.48648959398269653,2751,2640,28401,99,0.9191820837390458,0.5102949360044519,0.9652631578947368,0.08504880641731903,0.914951193582681
28500,YBL011W YOL068C,0.0,NA,0.48774799704551697,2751,2639,28402,99,0.9192115900976661,0.5103896103896104,0.9652631578947368,0.08501659096034277,0.9149834090396572
28501,YIL131C YDR252W,0.0,NA,0.4877510666847229,2751,2638,28403,99,0.9192410964562864,0.5104843199109297,0.9652631578947368,0.08498437550336652,0.9150156244966335
28502,YJR120W YDL006W,1.0,NA,0.4878353476524353,2750,2638,28403,100,0.9192115900976661,0.5103934669636229,0.9649122807017544,0.08498437550336652,0.9150156244966335
28503,YBL045C YMR167W,0.0,NA,0.4878593683242798,2750,2637,28404,100,0.9192410964562864,0.5104882123630964,0.9649122807017544,0.08495216004639025,0.9150478399536097
28504,YGR286C YOR163W,0.0,NA,0.4879710078239441,2750,2636,28405,100,0.9192706028149066,0.5105829929446714,0.9649122807017544,0.084919944589414,0.915080055410586
28505,YMR028W YFR033C,0.0,NA,0.48813262581825256,2750,2635,28406,100,0.9193001091735269,0.510677808727948,0.9649122807017544,0.08488772913243775,0.9151122708675623
28506,YPR086W YOL072W,0.0,NA,0.4884425401687622,2750,2634,28407,100,0.9193296155321472,0.5107726597325408,0.9649122807017544,0.08485551367546149,0.9151444863245385
28507,YKR010C YAR003W,0.0,NA,0.48849043250083923,2750,2633,28408,100,0.9193591218907674,0.5108675459780792,0.9649122807017544,0.08482329821848524,0.9151767017815148
28508,YOR245C YDR044W,0.0,NA,0.4886372685432434,2750,2632,28409,100,0.9193886282493877,0.5109624674842066,0.9649122807017544,0.08479108276150897,0.9152089172384911
28509,YCL011C YOR157C,0.0,NA,0.48865434527397156,2750,2631,28410,100,0.919418134608008,0.5110574242705817,0.9649122807017544,0.08475886730453272,0.9152411326954673
28510,YBR212W YDL006W,1.0,NA,0.48879340291023254,2749,2631,28410,101,0.9193886282493877,0.5109665427509293,0.964561403508772,0.08475886730453272,0.9152411326954673
28511,YLL015W YDL008W,0.0,NA,0.4890700578689575,2749,2630,28411,101,0.919418134608008,0.5110615356014129,0.964561403508772,0.08472665184755646,0.9152733481524435
28512,YDR343C YCR036W,0.0,NA,0.489376038312912,2749,2629,28412,101,0.9194476409666283,0.5111565637783563,0.964561403508772,0.0846944363905802,0.9153055636094198
28513,YDL191W YLR385C,0.0,NA,0.4895842969417572,2749,2628,28413,101,0.9194771473252485,0.5112516273014692,0.964561403508772,0.08466222093360394,0.915337779066396
28514,YBR192W YDR150W,1.0,NA,0.4896765649318695,2748,2628,28413,102,0.9194476409666283,0.5111607142857143,0.9642105263157895,0.08466222093360394,0.915337779066396
28515,YDL106C YML077W,0.0,NA,0.4896838665008545,2748,2627,28414,102,0.9194771473252485,0.5112558139534884,0.9642105263157895,0.08463000547662769,0.9153699945233723
28516,YML008C YDR420W,0.0,NA,0.4903169870376587,2748,2626,28415,102,0.9195066536838689,0.51135094901377,0.9642105263157895,0.08459779001965143,0.9154022099803486
28517,YLR048W YOR302W,0.0,NA,0.4903824031352997,2748,2625,28416,102,0.9195361600424892,0.5114461194863205,0.9642105263157895,0.08456557456267517,0.9154344254373248
28518,YHR143W YCL067C,0.0,NA,0.4904311001300812,2748,2624,28417,102,0.9195656664011095,0.5115413253909159,0.9642105263157895,0.08453335910569891,0.9154666408943011
28519,YKL006C-A YDL042C,0.0,NA,0.4904589056968689,2748,2623,28418,102,0.9195951727597297,0.5116365667473468,0.9642105263157895,0.08450114364872266,0.9154988563512774
28520,YOR319W YHR166C,0.0,NA,0.49085408449172974,2748,2622,28419,102,0.91962467911835,0.511731843575419,0.9642105263157895,0.0844689281917464,0.9155310718082535
28521,YMR310C YKL126W,0.0,NA,0.4909799098968506,2748,2621,28420,102,0.9196541854769703,0.5118271558949525,0.9642105263157895,0.08443671273477014,0.9155632872652298
28522,YGR179C YMR274C,0.0,NA,0.49101522564888,2748,2620,28421,102,0.9196836918355906,0.5119225037257824,0.9642105263157895,0.08440449727779388,0.9155955027222061
28523,YOR036W YEL062W,0.0,NA,0.49114102125167847,2748,2619,28422,102,0.9197131981942108,0.5120178870877585,0.9642105263157895,0.08437228182081763,0.9156277181791824
28524,YMR030W YHR172W,0.0,NA,0.491342157125473,2748,2618,28423,102,0.9197427045528311,0.5121133060007454,0.9642105263157895,0.08434006636384137,0.9156599336361586
28525,YIL030C YPL227C,0.0,NA,0.4915345311164856,2748,2617,28424,102,0.9197722109114514,0.5122087604846226,0.9642105263157895,0.08430785090686511,0.9156921490931349
28526,YDR364C YMR106C,0.0,NA,0.4916284382343292,2748,2616,28425,102,0.9198017172700717,0.5123042505592841,0.9642105263157895,0.08427563544988885,0.9157243645501112
28527,YOR219C YNL090W,0.0,NA,0.4916708171367645,2748,2615,28426,102,0.919831223628692,0.5123997762446392,0.9642105263157895,0.0842434199929126,0.9157565800070874
28528,YGR147C YNL166C,0.0,NA,0.4920072853565216,2748,2614,28427,102,0.9198607299873123,0.5124953375606117,0.9642105263157895,0.08421120453593635,0.9157887954640637
28529,YPL234C YER161C,0.0,NA,0.4920191764831543,2748,2613,28428,102,0.9198902363459326,0.5125909345271404,0.9642105263157895,0.08417898907896008,0.91582101092104
28530,YMR307W YFR009W,0.0,NA,0.4925248324871063,2748,2612,28429,102,0.9199197427045528,0.5126865671641792,0.9642105263157895,0.08414677362198383,0.9158532263780161
28531,YMR070W YER065C,0.0,NA,0.492630273103714,2748,2611,28430,102,0.9199492490631731,0.5127822354916962,0.9642105263157895,0.08411455816500757,0.9158854418349924
28532,YER090W YGR172C,0.0,NA,0.4926633834838867,2748,2610,28431,102,0.9199787554217934,0.5128779395296752,0.9642105263157895,0.08408234270803132,0.9159176572919687
28533,YDL192W YPR008W,0.0,NA,0.492805153131485,2748,2609,28432,102,0.9200082617804137,0.5129736792981147,0.9642105263157895,0.08405012725105505,0.9159498727489449
28534,YJR031C YML107C,0.0,NA,0.4930242896080017,2748,2608,28433,102,0.9200377681390339,0.5130694548170276,0.9642105263157895,0.0840179117940788,0.9159820882059212
28535,YPL113C YML048W,0.0,NA,0.49346041679382324,2748,2607,28434,102,0.9200672744976542,0.5131652661064425,0.9642105263157895,0.08398569633710254,0.9160143036628975
28536,YBR089C-A YLR109W,0.0,NA,0.49354520440101624,2748,2606,28435,102,0.9200967808562746,0.5132611131864027,0.9642105263157895,0.08395348088012629,0.9160465191198737
28537,YLL042C YLL022C,0.0,NA,0.49357208609580994,2748,2605,28436,102,0.9201262872148948,0.5133569960769662,0.9642105263157895,0.08392126542315002,0.91607873457685
28538,YBR015C YGL150C,0.0,NA,0.49358850717544556,2748,2604,28437,102,0.9201557935735151,0.5134529147982063,0.9642105263157895,0.08388904996617377,0.9161109500338263
28539,YMR255W YOR010C,0.0,NA,0.4936813712120056,2748,2603,28438,102,0.9201852999321354,0.5135488693702112,0.9642105263157895,0.08385683450919751,0.9161431654908024
28540,YCL020W YHR176W,0.0,NA,0.49375516176223755,2748,2602,28439,102,0.9202148062907557,0.5136448598130842,0.9642105263157895,0.08382461905222126,0.9161753809477787
28541,YOL018C YCL067C,0.0,NA,0.49380970001220703,2748,2601,28440,102,0.9202443126493759,0.5137408861469434,0.9642105263157895,0.083792403595245,0.916207596404755
28542,YBR097W YAR007C,0.0,NA,0.49388715624809265,2748,2600,28441,102,0.9202738190079962,0.5138369483919222,0.9642105263157895,0.08376018813826874,0.9162398118617313
28543,YOR109W YOR321W,0.0,NA,0.49404096603393555,2748,2599,28442,102,0.9203033253666165,0.5139330465681691,0.9642105263157895,0.08372797268129248,0.9162720273187075
28544,YGR061C YER030W,0.0,NA,0.4943280816078186,2748,2598,28443,102,0.9203328317252368,0.5140291806958474,0.9642105263157895,0.08369575722431623,0.9163042427756838
28545,YJR131W YKR001C,0.0,NA,0.4945155680179596,2748,2597,28444,102,0.920362338083857,0.5141253507951357,0.9642105263157895,0.08366354176733996,0.9163364582326601
28546,YMR134W YOR330C,1.0,NA,0.49473676085472107,2747,2597,28444,103,0.9203328317252368,0.5140344311377245,0.963859649122807,0.08366354176733996,0.9163364582326601
28547,YGR147C YPR181C,0.0,NA,0.4947582185268402,2747,2596,28445,103,0.920362338083857,0.5141306382182295,0.963859649122807,0.08363132631036371,0.9163686736896363
28548,YGR041W YDR473C,0.0,NA,0.4951028525829315,2747,2595,28446,103,0.9203918444424773,0.5142268813178584,0.963859649122807,0.08359911085338746,0.9164008891466126
28549,YLR304C YER154W,1.0,NA,0.49529510736465454,2746,2595,28446,104,0.920362338083857,0.5141359296011982,0.9635087719298245,0.08359911085338746,0.9164008891466126
28550,YEL071W YML077W,0.0,NA,0.49535974860191345,2746,2594,28447,104,0.9203918444424773,0.5142322097378277,0.9635087719298245,0.0835668953964112,0.9164331046035888
28551,YJR160C YLR251W,0.0,NA,0.4953996241092682,2746,2593,28448,104,0.9204213508010977,0.5143285259411875,0.9635087719298245,0.08353467993943495,0.916465320060565
28552,YLR345W YPR075C,0.0,NA,0.49540454149246216,2746,2592,28449,104,0.920450857159718,0.5144248782315474,0.9635087719298245,0.08350246448245868,0.9164975355175413
28553,YGL208W YBL050W,0.0,NA,0.495452880859375,2746,2591,28450,104,0.9204803635183382,0.5145212666291924,0.9635087719298245,0.08347024902548243,0.9165297509745176
28554,YOR107W YPL174C,0.0,NA,0.49560633301734924,2746,2590,28451,104,0.9205098698769585,0.5146176911544228,0.9635087719298245,0.08343803356850617,0.9165619664314938
28555,YLR043C YNL067W,0.0,NA,0.4956147074699402,2746,2589,28452,104,0.9205393762355788,0.5147141518275539,0.9635087719298245,0.08340581811152992,0.9165941818884701
28556,YGL086W YJR106W,0.0,NA,0.495954304933548,2746,2588,28453,104,0.920568882594199,0.5148106486689163,0.9635087719298245,0.08337360265455365,0.9166263973454464
28557,YAR014C YDR363W,0.0,NA,0.49604037404060364,2746,2587,28454,104,0.9205983889528193,0.5149071816988562,0.9635087719298245,0.0833413871975774,0.9166586128024226
28558,YLR384C YFL034C-A,0.0,NA,0.49643948674201965,2746,2586,28455,104,0.9206278953114396,0.5150037509377344,0.9635087719298245,0.08330917174060114,0.9166908282593988
28559,YOL097C YCL052C,0.0,NA,0.49677640199661255,2746,2585,28456,104,0.9206574016700599,0.5151003564059276,0.9635087719298245,0.08327695628362489,0.9167230437163751
28560,YMR134W YCL044C,0.0,NA,0.4968365430831909,2746,2584,28457,104,0.9206869080286801,0.5151969981238274,0.9635087719298245,0.08324474082664862,0.9167552591733513
28561,YGR256W YLL017W,0.0,NA,0.4968433678150177,2746,2583,28458,104,0.9207164143873005,0.5152936761118408,0.9635087719298245,0.08321252536967237,0.9167874746303276
28562,YHR090C YLR346C,0.0,NA,0.497062623500824,2746,2582,28459,104,0.9207459207459208,0.5153903903903904,0.9635087719298245,0.08318030991269611,0.9168196900873039
28563,YBR192W YJL054W,1.0,NA,0.49711093306541443,2745,2582,28459,105,0.9207164143873005,0.515299418058945,0.9631578947368421,0.08318030991269611,0.9168196900873039
28564,YKL046C YGR170W,0.0,NA,0.4975593686103821,2745,2581,28460,105,0.9207459207459208,0.5153961697333834,0.9631578947368421,0.08314809445571986,0.9168519055442802
28565,YPR108W YLR420W,0.0,NA,0.4977043569087982,2745,2580,28461,105,0.9207754271045411,0.5154929577464789,0.9631578947368421,0.08311587899874359,0.9168841210012564
28566,YLR370C YOL060C,1.0,NA,0.4986032545566559,2744,2580,28461,106,0.9207459207459208,0.5154019534184824,0.9628070175438597,0.08311587899874359,0.9168841210012564
28567,YMR183C YCR028C,0.0,NA,0.4986133277416229,2744,2579,28462,106,0.9207754271045411,0.5154987788840879,0.9628070175438597,0.08308366354176734,0.9169163364582327
28568,YGL139W YPR129W,0.0,NA,0.4986899197101593,2744,2578,28463,106,0.9208049334631613,0.5155956407365652,0.9628070175438597,0.08305144808479108,0.916948551915209
28569,YGL087C YDR507C,0.0,NA,0.4987633526325226,2744,2577,28464,106,0.9208344398217816,0.5156925389964292,0.9628070175438597,0.08301923262781483,0.9169807673721851
28570,YKL173W YBL040C,0.0,NA,0.49881988763809204,2744,2576,28465,106,0.9208639461804019,0.5157894736842106,0.9628070175438597,0.08298701717083856,0.9170129828291614
28571,YBR249C YPR139C,0.0,NA,0.4990704655647278,2744,2575,28466,106,0.9208934525390221,0.515886444820455,0.9628070175438597,0.08295480171386231,0.9170451982861377
28572,YKL053C-A YMR134W,1.0,NA,0.49916788935661316,2743,2575,28466,107,0.9208639461804019,0.5157954118089507,0.9624561403508772,0.08295480171386231,0.9170451982861377
28573,YER142C YHR086W,0.0,NA,0.49933746457099915,2743,2574,28467,107,0.9208934525390221,0.5158924205378973,0.9624561403508772,0.08292258625688606,0.9170774137431139
28574,YJL108C YNL244C,0.0,NA,0.499673992395401,2743,2573,28468,107,0.9209229588976424,0.5159894657637322,0.9624561403508772,0.0828903707999098,0.9171096292000902
28575,YDR498C YOL148C,0.0,NA,0.4997711181640625,2743,2572,28469,107,0.9209524652562627,0.5160865475070555,0.9624561403508772,0.08285815534293355,0.9171418446570665
28576,YNL044W YBL018C,0.0,NA,0.49995338916778564,2743,2571,28470,107,0.920981971614883,0.5161836657884833,0.9624561403508772,0.08282593988595728,0.9171740601140427
28577,YPL131W YER074W-A,0.0,NA,0.5003853440284729,2743,2570,28471,107,0.9210114779735032,0.5162808206286467,0.9624561403508772,0.08279372442898103,0.917206275571019
28578,YPL052W YKR087C,0.0,NA,0.5009563565254211,2743,2569,28472,107,0.9210409843321236,0.5163780120481928,0.9624561403508772,0.08276150897200477,0.9172384910279953
28579,YNL042W YBL093C,0.0,NA,0.5011593103408813,2743,2568,28473,107,0.9210704906907439,0.5164752400677839,0.9624561403508772,0.08272929351502852,0.9172707064849714
28580,YCL074W YOL104C,0.0,NA,0.5013792514801025,2743,2567,28474,107,0.9210999970493642,0.5165725047080979,0.9624561403508772,0.08269707805805225,0.9173029219419477
28581,YCR027C YOL065C,0.0,NA,0.5016492605209351,2743,2566,28475,107,0.9211295034079844,0.5166698059898286,0.9624561403508772,0.082664862601076,0.917335137398924
28582,YIL138C YNL310C,1.0,NA,0.5018854141235352,2742,2566,28475,108,0.9210999970493642,0.5165787490580256,0.9621052631578947,0.082664862601076,0.917335137398924
28583,YEL017C-A YHR152W,0.0,NA,0.502255916595459,2742,2565,28476,108,0.9211295034079844,0.5166760881854154,0.9621052631578947,0.08263264714409974,0.9173673528559002
28584,YHR120W YMR134W,1.0,NA,0.5023389458656311,2741,2565,28476,109,0.9210999970493642,0.5165849981153411,0.9617543859649123,0.08263264714409974,0.9173673528559002
28585,YGR113W YIL149C,0.0,NA,0.5025959014892578,2741,2564,28477,109,0.9211295034079844,0.5166823751178133,0.9617543859649123,0.08260043168712349,0.9173995683128765
28586,YPL256C YDL058W,0.0,NA,0.5031413435935974,2741,2563,28478,109,0.9211590097666047,0.5167797888386124,0.9617543859649123,0.08256821623014722,0.9174317837698528
28587,YDR409W YDR135C,0.0,NA,0.5033615827560425,2741,2562,28479,109,0.921188516125225,0.5168772392985103,0.9617543859649123,0.08253600077317097,0.9174639992268291
28588,YDL165W YHL020C,0.0,NA,0.5034691095352173,2741,2561,28480,109,0.9212180224838453,0.516974726518295,0.9617543859649123,0.0825037853161947,0.9174962146838053
28589,YDL033C YIL042C,0.0,NA,0.5035184025764465,2741,2560,28481,109,0.9212475288424655,0.51707225051877,0.9617543859649123,0.08247156985921845,0.9175284301407816
28590,YOR230W YOR069W,0.0,NA,0.5044092535972595,2741,2559,28482,109,0.9212770352010858,0.5171698113207547,0.9617543859649123,0.08243935440224219,0.9175606455977579
28591,YMR134W YNL310C,1.0,NA,0.5044272541999817,2740,2559,28482,110,0.9212475288424655,0.5170786940932252,0.9614035087719298,0.08243935440224219,0.9175606455977579
28592,YDR515W YMR297W,0.0,NA,0.5049956440925598,2740,2558,28483,110,0.9212770352010858,0.5171762929407323,0.9614035087719298,0.08240713894526594,0.917592861054734
28593,YOR061W YLR214W,0.0,NA,0.5055223703384399,2740,2557,28484,110,0.9213065415597061,0.5172739286388521,0.9614035087719298,0.08237492348828968,0.9176250765117103
28594,YDL005C YHR108W,0.0,NA,0.5057888031005859,2740,2556,28485,110,0.9213360479183264,0.5173716012084593,0.9614035087719298,0.08234270803131342,0.9176572919686866
28595,YML058W YDL006W,1.0,NA,0.5059453248977661,2739,2556,28485,111,0.9213065415597061,0.5172804532577904,0.9610526315789474,0.08234270803131342,0.9176572919686866
28596,YER007C-A YDR137W,0.0,NA,0.5059732794761658,2739,2555,28486,111,0.9213360479183264,0.5173781639591991,0.9610526315789474,0.08231049257433716,0.9176895074256628
28597,YKR042W YMR012W,1.0,NA,0.506075382232666,2738,2555,28486,112,0.9213065415597061,0.5172869828074815,0.960701754385965,0.08231049257433716,0.9176895074256628
28598,YKL114C YML078W,0.0,NA,0.5062305927276611,2738,2554,28487,112,0.9213360479183264,0.517384731670446,0.960701754385965,0.08227827711736091,0.9177217228826391
28599,YDR469W YCR061W,0.0,NA,0.5063192248344421,2738,2553,28488,112,0.9213655542769467,0.5174825174825175,0.960701754385965,0.08224606166038466,0.9177539383396154
28600,YOR312C YDR432W,0.0,NA,0.5066023468971252,2738,2552,28489,112,0.921395060635567,0.5175803402646503,0.960701754385965,0.0822138462034084,0.9177861537965916
28601,YCL034W YDR224C,0.0,NA,0.5067954063415527,2738,2551,28490,112,0.9214245669941873,0.5176782000378143,0.960701754385965,0.08218163074643214,0.9178183692535679
28602,YML115C YDR093W,0.0,NA,0.5069019794464111,2738,2550,28491,112,0.9214540733528075,0.5177760968229954,0.960701754385965,0.08214941528945588,0.9178505847105441
28603,YGR004W YBR110W,0.0,NA,0.5069984197616577,2738,2549,28492,112,0.9214835797114278,0.5178740306411954,0.960701754385965,0.08211719983247963,0.9178828001675203
28604,YDR427W YBR280C,0.0,NA,0.5070769190788269,2738,2548,28493,112,0.9215130860700481,0.5179720015134317,0.960701754385965,0.08208498437550336,0.9179150156244966
28605,YNL307C YDL106C,0.0,NA,0.5071680545806885,2738,2547,28494,112,0.9215425924286684,0.5180700094607379,0.960701754385965,0.08205276891852711,0.9179472310814729
28606,YOR362C YLL043W,0.0,NA,0.5073434114456177,2738,2546,28495,112,0.9215720987872886,0.5181680545041635,0.960701754385965,0.08202055346155085,0.9179794465384491
28607,YGR198W YDL042C,0.0,NA,0.5073444843292236,2738,2545,28496,112,0.9216016051459089,0.5182661366647738,0.960701754385965,0.0819883380045746,0.9180116619954254
28608,YJL130C YDL083C,0.0,NA,0.5074705481529236,2738,2544,28497,112,0.9216311115045293,0.5183642559636501,0.960701754385965,0.08195612254759833,0.9180438774524017
28609,YCR073W-A YPR060C,0.0,NA,0.5077716708183289,2738,2543,28498,112,0.9216606178631495,0.5184624124218898,0.960701754385965,0.08192390709062208,0.918076092909378
28610,YDR386W YCL024W,0.0,NA,0.5078170299530029,2738,2542,28499,112,0.9216901242217698,0.518560606060606,0.960701754385965,0.08189169163364582,0.9181083083663542
28611,YMR302C YMR241W,1.0,NA,0.5078664422035217,2737,2542,28499,113,0.9216606178631495,0.5184694070846751,0.9603508771929825,0.08189169163364582,0.9181083083663542
28612,YFR048W YGR063C,0.0,NA,0.5080918669700623,2737,2541,28500,113,0.9216901242217698,0.5185676392572944,0.9603508771929825,0.08185947617666957,0.9181405238233304
28613,YJR120W YNR035C,1.0,NA,0.5081234574317932,2736,2541,28500,114,0.9216606178631495,0.51847640704946,0.96,0.08185947617666957,0.9181405238233304
28614,YGL229C YPL016W,0.0,NA,0.5082335472106934,2736,2540,28501,114,0.9216901242217698,0.5185746777862017,0.96,0.0818272607196933,0.9181727392803067
28615,YJR078W YMR311C,0.0,NA,0.5087832808494568,2736,2539,28502,114,0.9217196305803901,0.5186729857819905,0.96,0.08179504526271705,0.9182049547372829
28616,YDR400W YPL023C,0.0,NA,0.5091665387153625,2736,2538,28503,114,0.9217491369390104,0.5187713310580204,0.96,0.08176282980574079,0.9182371701942592
28617,YMR184W YDR176W,0.0,NA,0.510063648223877,2736,2537,28504,114,0.9217786432976306,0.5188697136355016,0.96,0.08173061434876454,0.9182693856512355
28618,YKR068C YBR233W-A,0.0,NA,0.5102173686027527,2736,2536,28505,114,0.9218081496562509,0.5189681335356601,0.96,0.08169839889178827,0.9183016011082117
28619,YOR287C YNL108C,0.0,NA,0.5105428695678711,2736,2535,28506,114,0.9218376560148712,0.5190665907797382,0.96,0.08166618343481202,0.918333816565188
28620,YBR256C YBR112C,0.0,NA,0.5106150507926941,2736,2534,28507,114,0.9218671623734915,0.5191650853889943,0.96,0.08163396797783577,0.9183660320221643
28621,YPR042C YHR144C,0.0,NA,0.5107513666152954,2736,2533,28508,114,0.9218966687321117,0.519263617384703,0.96,0.08160175252085951,0.9183982474791405
28622,YER123W YEL040W,0.0,NA,0.5111426711082458,2736,2532,28509,114,0.921926175090732,0.5193621867881549,0.96,0.08156953706388326,0.9184304629361167
28623,YCL020W YMR305C,0.0,NA,0.5112014412879944,2736,2531,28510,114,0.9219556814493524,0.5194607936206569,0.96,0.08153732160690699,0.918462678393093
28624,YOL109W YDR432W,0.0,NA,0.5118024945259094,2736,2530,28511,114,0.9219851878079727,0.5195594379035321,0.96,0.08150510614993074,0.9184948938500692
28625,YBR029C YDL220C,0.0,NA,0.5118345022201538,2736,2529,28512,114,0.9220146941665929,0.5196581196581197,0.96,0.08147289069295448,0.9185271093070455
28626,YDL003W YMR199W,0.0,NA,0.5118391513824463,2736,2528,28513,114,0.9220442005252132,0.5197568389057751,0.96,0.08144067523597823,0.9185593247640218
28627,YPL275W YOR229W,0.0,NA,0.5119436979293823,2736,2527,28514,114,0.9220737068838335,0.51985559566787,0.96,0.08140845977900196,0.918591540220998
28628,YNL298W YDL214C,0.0,NA,0.5121321678161621,2736,2526,28515,114,0.9221032132424537,0.5199543899657925,0.96,0.08137624432202571,0.9186237556779743
28629,YGL197W YCL051W,0.0,NA,0.512171745300293,2736,2525,28516,114,0.922132719601074,0.5200532218209466,0.96,0.08134402886504945,0.9186559711349506
28630,YML099C YDL205C,0.0,NA,0.5121824145317078,2736,2524,28517,114,0.9221622259596943,0.5201520912547528,0.96,0.0813118134080732,0.9186881865919269
28631,YLR022C YMR046C,0.0,NA,0.5122187733650208,2736,2523,28518,114,0.9221917323183146,0.5202509982886481,0.96,0.08127959795109693,0.918720402048903
28632,YPR171W YDL043C,0.0,NA,0.5122828483581543,2736,2522,28519,114,0.9222212386769348,0.5203499429440852,0.96,0.08124738249412068,0.9187526175058793
28633,YLR195C YML055W,0.0,NA,0.5125013589859009,2736,2521,28520,114,0.9222507450355552,0.5204489252425337,0.96,0.08121516703714442,0.9187848329628556
28634,YEL056W YNL025C,0.0,NA,0.5125476717948914,2736,2520,28521,114,0.9222802513941755,0.5205479452054794,0.96,0.08118295158016817,0.9188170484198318
28635,YLR421C YHR181W,0.0,NA,0.5125482678413391,2736,2519,28522,114,0.9223097577527958,0.5206470028544243,0.96,0.0811507361231919,0.9188492638768081
28636,YER170W YPR001W,0.0,NA,0.5125975608825684,2736,2518,28523,114,0.922339264111416,0.5207460982108869,0.96,0.08111852066621565,0.9188814793337844
28637,YNL213C YMR012W,1.0,NA,0.5126584768295288,2735,2518,28523,115,0.9223097577527958,0.5206548638873025,0.9596491228070175,0.08111852066621565,0.9188814793337844
28638,YBR207W YDR385W,0.0,NA,0.5127421617507935,2735,2517,28524,115,0.922339264111416,0.5207539984767707,0.9596491228070175,0.08108630520923939,0.9189136947907606
28639,YBR080C YLR305C,0.0,NA,0.512831449508667,2735,2516,28525,115,0.9223687704700363,0.5208531708246048,0.9596491228070175,0.08105408975226314,0.9189459102477369
28640,Q0120 YDR343C,0.0,NA,0.5128807425498962,2735,2515,28526,115,0.9223982768286566,0.520952380952381,0.9596491228070175,0.08102187429528687,0.9189781257047132
28641,YPL018W YDR461W,0.0,NA,0.5129285454750061,2735,2514,28527,115,0.9224277831872768,0.5210516288816918,0.9596491228070175,0.08098965883831062,0.9190103411616893
28642,YML039W YIL023C,0.0,NA,0.5130659937858582,2735,2513,28528,115,0.9224572895458971,0.5211509146341463,0.9596491228070175,0.08095744338133437,0.9190425566186656
28643,YLR006C YPL170W,0.0,NA,0.5134767293930054,2735,2512,28529,115,0.9224867959045174,0.5212502382313703,0.9596491228070175,0.0809252279243581,0.9190747720756419
28644,YDR196C YLR389C,0.0,NA,0.5143557786941528,2735,2511,28530,115,0.9225163022631377,0.5213495996950057,0.9596491228070175,0.08089301246738186,0.9191069875326181
28645,YDR265W YIR021W,0.0,NA,0.5144435167312622,2735,2510,28531,115,0.922545808621758,0.5214489990467112,0.9596491228070175,0.08086079701040559,0.9191392029895944
28646,YIL138C YPR083W,1.0,NA,0.5144848823547363,2734,2510,28531,116,0.9225163022631377,0.5213577421815409,0.9592982456140351,0.08086079701040559,0.9191392029895944
28647,YDR096W YDL246C,0.0,NA,0.5145235657691956,2734,2509,28532,116,0.922545808621758,0.5214571810032425,0.9592982456140351,0.08082858155342934,0.9191714184465707
28648,YJL060W YDL058W,0.0,NA,0.5146836638450623,2734,2508,28533,116,0.9225753149803783,0.5215566577642121,0.9592982456140351,0.08079636609645308,0.9192036339035469
28649,YAL034W-A YIL166C,0.0,NA,0.5148475170135498,2734,2507,28534,116,0.9226048213389986,0.5216561724861668,0.9592982456140351,0.08076415063947683,0.9192358493605232
28650,YHR079C YNL016W,0.0,NA,0.5148522257804871,2734,2506,28535,116,0.9226343276976189,0.5217557251908397,0.9592982456140351,0.08073193518250056,0.9192680648174995
28651,YFL039C YGR181W,1.0,NA,0.515020489692688,2733,2506,28535,117,0.9226048213389986,0.5216644397785837,0.9589473684210527,0.08073193518250056,0.9192680648174995
28652,YPR036W YPL048W,0.0,NA,0.5154337882995605,2733,2505,28536,117,0.9226343276976189,0.5217640320733105,0.9589473684210527,0.08069971972552431,0.9193002802744757
28653,YLR188W YPL116W,0.0,NA,0.5155839323997498,2733,2504,28537,117,0.9226638340562391,0.5218636624021387,0.9589473684210527,0.08066750426854805,0.9193324957314519
28654,YDR435C YOL044W,0.0,NA,0.5158718824386597,2733,2503,28538,117,0.9226933404148594,0.5219633307868602,0.9589473684210527,0.0806352888115718,0.9193647111884282
28655,YML031W YNL080C,0.0,NA,0.5161617398262024,2733,2502,28539,117,0.9227228467734797,0.5220630372492837,0.9589473684210527,0.08060307335459553,0.9193969266454045
28656,YHR031C YCR028C-A,1.0,NA,0.5161840915679932,2732,2502,28539,118,0.9226933404148594,0.5219717233473443,0.9585964912280702,0.08060307335459553,0.9193969266454045
28657,YJR120W YHR194W,1.0,NA,0.5166748762130737,2731,2502,28539,119,0.9226638340562391,0.5218803745461494,0.9582456140350877,0.08060307335459553,0.9193969266454045
28658,YDL118W YPL171C,0.0,NA,0.516694188117981,2731,2501,28540,119,0.9226933404148594,0.521980122324159,0.9582456140350877,0.08057085789761928,0.9194291421023807
28659,YIL051C YER154W,1.0,NA,0.5169259905815125,2730,2501,28540,120,0.9226638340562391,0.5218887402026381,0.9578947368421052,0.08057085789761928,0.9194291421023807
28660,YPR036W YPL058C,0.0,NA,0.5172497034072876,2730,2500,28541,120,0.9226933404148594,0.5219885277246654,0.9578947368421052,0.08053864244064302,0.919461357559357
28661,YPR011C YIR031C,0.0,NA,0.517443060874939,2730,2499,28542,120,0.9227228467734797,0.5220883534136547,0.9578947368421052,0.08050642698366677,0.9194935730163333
28662,YIL080W YKL127W,0.0,NA,0.5175573825836182,2730,2498,28543,120,0.9227523531321,0.5221882172915072,0.9578947368421052,0.0804742115266905,0.9195257884733095
28663,YDR177W YHR044C,0.0,NA,0.5177175998687744,2730,2497,28544,120,0.9227818594907202,0.5222881193801415,0.9578947368421052,0.08044199606971425,0.9195580039302858
28664,YDL235C YBR203W,0.0,NA,0.5178988575935364,2730,2496,28545,120,0.9228113658493405,0.5223880597014925,0.9578947368421052,0.08040978061273799,0.919590219387262
28665,YNR038W YAL003W,0.0,NA,0.5179792046546936,2730,2495,28546,120,0.9228408722079608,0.522488038277512,0.9578947368421052,0.08037756515576173,0.9196224348442382
28666,YDR538W YBR004C,0.0,NA,0.5180168747901917,2730,2494,28547,120,0.922870378566581,0.5225880551301685,0.9578947368421052,0.08034534969878547,0.9196546503012145
28667,YLR233C YDR017C,0.0,NA,0.5184470415115356,2730,2493,28548,120,0.9228998849252014,0.5226881102814475,0.9578947368421052,0.08031313424180922,0.9196868657581908
28668,YDL046W YBL001C,0.0,NA,0.518642008304596,2730,2492,28549,120,0.9229293912838217,0.5227882037533512,0.9578947368421052,0.08028091878483297,0.919719081215167
28669,YNL149C YNL213C,0.0,NA,0.5196126103401184,2730,2491,28550,120,0.922958897642442,0.5228883355678988,0.9578947368421052,0.0802487033278567,0.9197512966721433
28670,YGL038C YBR170C,0.0,NA,0.5199167132377625,2730,2490,28551,120,0.9229884040010622,0.5229885057471264,0.9578947368421052,0.08021648787088045,0.9197835121291196
28671,YKL145W YGR277C,0.0,NA,0.5202125310897827,2730,2489,28552,120,0.9230179103596825,0.5230887143130868,0.9578947368421052,0.08018427241390419,0.9198157275860958
28672,YDL002C YDR246W,0.0,NA,0.5203408002853394,2730,2488,28553,120,0.9230474167183028,0.5231889612878498,0.9578947368421052,0.08015205695692794,0.919847943043072
28673,YJL189W YDR084C,0.0,NA,0.520490288734436,2730,2487,28554,120,0.9230769230769231,0.523289246693502,0.9578947368421052,0.08011984149995167,0.9198801585000483
28674,YLR399C YGR180C,0.0,NA,0.5206932425498962,2730,2486,28555,120,0.9231064294355433,0.5233895705521472,0.9578947368421052,0.08008762604297542,0.9199123739570246
28675,YGL119W YKL160W,0.0,NA,0.5208032131195068,2730,2485,28556,120,0.9231359357941636,0.5234899328859061,0.9578947368421052,0.08005541058599916,0.9199445894140008
28676,YPR024W YNL066W,1.0,NA,0.520899772644043,2729,2485,28556,121,0.9231064294355433,0.5233985423858841,0.9575438596491228,0.08005541058599916,0.9199445894140008
28677,YJR120W YHR083W,1.0,NA,0.5210646390914917,2728,2485,28556,122,0.9230769230769231,0.5233071168233263,0.9571929824561404,0.08005541058599916,0.9199445894140008
28678,YHR007C YJR106W,0.0,NA,0.5211240649223328,2728,2484,28557,122,0.9231064294355433,0.523407521105142,0.9571929824561404,0.08002319512902291,0.9199768048709771
28679,YDR065W YPL008W,0.0,NA,0.5221540331840515,2728,2483,28558,122,0.9231359357941636,0.5235079639224717,0.9571929824561404,0.07999097967204664,0.9200090203279534
28680,YPR021C YHR001W-A,0.0,NA,0.5222816467285156,2728,2482,28559,122,0.923165442152784,0.5236084452975048,0.9571929824561404,0.0799587642150704,0.9200412357849296
28681,YCR016W YDR508C,0.0,NA,0.5222915410995483,2728,2481,28560,122,0.9231949485114042,0.5237089652524477,0.9571929824561404,0.07992654875809413,0.9200734512419059
28682,YMR272C YGR042W,0.0,NA,0.5227530002593994,2728,2480,28561,122,0.9232244548700245,0.5238095238095238,0.9571929824561404,0.07989433330111788,0.9201056666988822
28683,YLR121C YPL249C-A,0.0,NA,0.5230224132537842,2728,2479,28562,122,0.9232539612286448,0.5239101209909737,0.9571929824561404,0.07986211784414161,0.9201378821558583
28684,YJL019W YDR376W,0.0,NA,0.5231021046638489,2728,2478,28563,122,0.9232834675872651,0.524010756819055,0.9571929824561404,0.07982990238716536,0.9201700976128346
28685,YMR183C YAL047C,0.0,NA,0.5231503844261169,2728,2477,28564,122,0.9233129739458853,0.5241114313160423,0.9571929824561404,0.0797976869301891,0.9202023130698109
28686,YMR310C YDR100W,0.0,NA,0.5231739282608032,2728,2476,28565,122,0.9233424803045056,0.5242121445042275,0.9571929824561404,0.07976547147321285,0.9202345285267871
28687,YNL051W YML064C,0.0,NA,0.523192822933197,2728,2475,28566,122,0.9233719866631259,0.5243128964059197,0.9571929824561404,0.07973325601623658,0.9202667439837634
28688,YKR001C YCL009C,0.0,NA,0.5233948826789856,2728,2474,28567,122,0.9234014930217462,0.5244136870434448,0.9571929824561404,0.07970104055926033,0.9202989594407397
28689,YER090W YKL182W,0.0,NA,0.52341228723526,2728,2473,28568,122,0.9234309993803664,0.5245145164391464,0.9571929824561404,0.07966882510228408,0.9203311748977159
28690,YGR104C YEL027W,0.0,NA,0.5234917402267456,2728,2472,28569,122,0.9234605057389867,0.5246153846153846,0.9571929824561404,0.07963660964530782,0.9203633903546922
28691,YDR156W YBR038W,0.0,NA,0.5239048004150391,2728,2471,28570,122,0.9234900120976071,0.5247162915945374,0.9571929824561404,0.07960439418833157,0.9203956058116685
28692,YJR140C YGL003C,0.0,NA,0.523967444896698,2728,2470,28571,122,0.9235195184562273,0.5248172373989997,0.9571929824561404,0.0795721787313553,0.9204278212686446
28693,YER035W YML045W,0.0,NA,0.5245449542999268,2728,2469,28572,122,0.9235490248148476,0.5249182220511833,0.9571929824561404,0.07953996327437905,0.9204600367256209
28694,YMR283C YGR170W,0.0,NA,0.5246418118476868,2728,2468,28573,122,0.9235785311734679,0.5250192455735181,0.9571929824561404,0.07950774781740279,0.9204922521825972
28695,YLR220W YLR234W,0.0,NA,0.5247297286987305,2728,2467,28574,122,0.9236080375320882,0.5251203079884504,0.9571929824561404,0.07947553236042654,0.9205244676395735
28696,YER170W YML046W,0.0,NA,0.5249127745628357,2728,2466,28575,122,0.9236375438907084,0.5252214093184444,0.9571929824561404,0.07944331690345027,0.9205566830965497
28697,YDR021W YOR229W,0.0,NA,0.5252468585968018,2728,2465,28576,122,0.9236670502493287,0.5253225495859811,0.9571929824561404,0.07941110144647402,0.920588898553526
28698,YFL039C YIL065C,1.0,NA,0.5254800915718079,2727,2465,28576,123,0.9236375438907084,0.525231124807396,0.9568421052631579,0.07941110144647402,0.920588898553526
28699,YMR223W YKR086W,0.0,NA,0.5257447361946106,2727,2464,28577,123,0.9236670502493287,0.5253323059140821,0.9568421052631579,0.07937888598949776,0.9206211140105023
28700,YLR181C YDR406W,0.0,NA,0.5257592797279358,2727,2463,28578,123,0.923696556607949,0.5254335260115607,0.9568421052631579,0.07934667053252151,0.9206533294674785
28701,YDR006C YPR194C,0.0,NA,0.5260841846466064,2727,2462,28579,123,0.9237260629665693,0.5255347851223743,0.9568421052631579,0.07931445507554524,0.9206855449244548
28702,YER164W YDR197W,0.0,NA,0.5261527299880981,2727,2461,28580,123,0.9237555693251895,0.5256360832690825,0.9568421052631579,0.07928223961856899,0.920717760381431
28703,YOL144W YDR127W,0.0,NA,0.5264177322387695,2727,2460,28581,123,0.9237850756838099,0.5257374204742625,0.9568421052631579,0.07925002416159273,0.9207499758384072
28704,YPR180W YCL048W,0.0,NA,0.5265874266624451,2727,2459,28582,123,0.9238145820424302,0.525838796760509,0.9568421052631579,0.07921780870461648,0.9207821912953835
28705,YER180C YNL067W,0.0,NA,0.526652455329895,2727,2458,28583,123,0.9238440884010505,0.525940212150434,0.9568421052631579,0.07918559324764021,0.9208144067523598
28706,YDL019C YJR005W,0.0,NA,0.5267555713653564,2727,2457,28584,123,0.9238735947596707,0.5260416666666666,0.9568421052631579,0.07915337779066396,0.920846622209336
28707,YBR012W-A YDR005C,0.0,NA,0.5270569324493408,2727,2456,28585,123,0.923903101118291,0.5261431603318542,0.9568421052631579,0.0791211623336877,0.9208788376663123
28708,YGL030W YDL212W,0.0,NA,0.5270940661430359,2727,2455,28586,123,0.9239326074769113,0.5262446931686607,0.9568421052631579,0.07908894687671145,0.9209110531232886
28709,YMR134W YOR211C,1.0,NA,0.5272275805473328,2726,2455,28586,124,0.923903101118291,0.526153252267902,0.9564912280701754,0.07908894687671145,0.9209110531232886
28710,YHL038C YOR039W,0.0,NA,0.5272322297096252,2726,2454,28587,124,0.9239326074769113,0.5262548262548262,0.9564912280701754,0.07905673141973518,0.9209432685802648
28711,YOR037W YBR192W,1.0,NA,0.5273898243904114,2725,2454,28587,125,0.923903101118291,0.5261633519984553,0.956140350877193,0.07905673141973518,0.9209432685802648
28712,YPL069C YAL022C,0.0,NA,0.5275003910064697,2725,2453,28588,125,0.9239326074769113,0.526264967168791,0.956140350877193,0.07902451596275893,0.920975484037241
28713,YPR108W YLR019W,0.0,NA,0.5277013778686523,2725,2452,28589,125,0.9239621138355315,0.5263666215955186,0.956140350877193,0.07899230050578268,0.9210076994942173
28714,YLR120C YKR028W,0.0,NA,0.5277454853057861,2725,2451,28590,125,0.9239916201941518,0.526468315301391,0.956140350877193,0.07896008504880642,0.9210399149511935
28715,YDR044W YOR254C,0.0,NA,0.5278457403182983,2725,2450,28591,125,0.9240211265527721,0.5265700483091788,0.956140350877193,0.07892786959183017,0.9210721304081698
28716,YNL149C YJL054W,0.0,NA,0.5278798937797546,2725,2449,28592,125,0.9240506329113924,0.5266718206416698,0.956140350877193,0.0788956541348539,0.9211043458651461
28717,YJL050W YDR490C,0.0,NA,0.5279492735862732,2725,2448,28593,125,0.9240801392700126,0.5267736323216702,0.956140350877193,0.07886343867787765,0.9211365613221224
28718,YPL273W YPL011C,0.0,NA,0.5282594561576843,2725,2447,28594,125,0.924109645628633,0.5268754833720031,0.956140350877193,0.07883122322090139,0.9211687767790986
28719,YBR035C YOR039W,0.0,NA,0.5287753343582153,2725,2446,28595,125,0.9241391519872533,0.5269773738155096,0.956140350877193,0.07879900776392514,0.9212009922360749
28720,YLR189C YPL243W,0.0,NA,0.5288438200950623,2725,2445,28596,125,0.9241686583458736,0.5270793036750484,0.956140350877193,0.07876679230694887,0.9212332076930512
28721,YBR212W YKR085C,0.0,NA,0.5289608240127563,2725,2444,28597,125,0.9241981647044938,0.5271812729734958,0.956140350877193,0.07873457684997262,0.9212654231500274
28722,YPR021C YDL108W,0.0,NA,0.5289804339408875,2725,2443,28598,125,0.9242276710631141,0.5272832817337462,0.956140350877193,0.07870236139299636,0.9212976386070036
28723,YGR092W YDR047W,0.0,NA,0.5290898084640503,2725,2442,28599,125,0.9242571774217344,0.527385329978711,0.956140350877193,0.0786701459360201,0.9213298540639799
28724,YIL106W YBR258C,0.0,NA,0.5292110443115234,2725,2441,28600,125,0.9242866837803546,0.5274874177313201,0.956140350877193,0.07863793047904384,0.9213620695209561
28725,YEL029C YPR122W,0.0,NA,0.5292306542396545,2725,2440,28601,125,0.9243161901389749,0.5275895450145208,0.956140350877193,0.07860571502206759,0.9213942849779324
28726,YJR068W YLR212C,0.0,NA,0.5292500257492065,2725,2439,28602,125,0.9243456964975952,0.5276917118512781,0.956140350877193,0.07857349956509133,0.9214265004349087
28727,YKR061W YCL066W,0.0,NA,0.5295194387435913,2725,2438,28603,125,0.9243752028562155,0.5277939182645749,0.956140350877193,0.07854128410811508,0.9214587158918849
28728,YLR227C YOR167C,0.0,NA,0.529589056968689,2725,2437,28604,125,0.9244047092148358,0.5278961642774118,0.956140350877193,0.07850906865113881,0.9214909313488612
28729,YNL192W YJL115W,0.0,NA,0.5298857688903809,2725,2436,28605,125,0.9244342155734561,0.5279984499128076,0.956140350877193,0.07847685319416256,0.9215231468058375
28730,YGR296W YPL127C,0.0,NA,0.529891312122345,2725,2435,28606,125,0.9244637219320764,0.5281007751937985,0.956140350877193,0.0784446377371863,0.9215553622628136
28731,YCR091W YER078C,0.0,NA,0.5299965739250183,2725,2434,28607,125,0.9244932282906967,0.5282031401434386,0.956140350877193,0.07841242228021005,0.9215875777197899
28732,YGR047C YHR018C,0.0,NA,0.5300378203392029,2725,2433,28608,125,0.9245227346493169,0.5283055447848003,0.956140350877193,0.07838020682323378,0.9216197931767662
28733,YJL146W YJL114W,0.0,NA,0.5304378867149353,2725,2432,28609,125,0.9245522410079372,0.5284079891409734,0.956140350877193,0.07834799136625753,0.9216520086337424
28734,YOR079C YCR084C,0.0,NA,0.5304648280143738,2725,2431,28610,125,0.9245817473665575,0.528510473235066,0.956140350877193,0.07831577590928128,0.9216842240907187
28735,YHR031C YNL066W,1.0,NA,0.5313909649848938,2724,2431,28610,126,0.9245522410079372,0.5284190106692531,0.9557894736842105,0.07831577590928128,0.9216842240907187
28736,YGR047C YKR061W,0.0,NA,0.531402587890625,2724,2430,28611,126,0.9245817473665575,0.5285215366705471,0.9557894736842105,0.07828356045230501,0.921716439547695
28737,YFL039C YGL219C,1.0,NA,0.5315595865249634,2723,2430,28611,127,0.9245522410079372,0.5284300407529594,0.9554385964912281,0.07828356045230501,0.921716439547695
28738,YDR071C YOR095C,0.0,NA,0.5320741534233093,2723,2429,28612,127,0.9245817473665575,0.5285326086956522,0.9554385964912281,0.07825134499532876,0.9217486550046713
28739,YPL048W YGL197W,0.0,NA,0.5324838161468506,2723,2428,28613,127,0.9246112537251778,0.5286352164628227,0.9554385964912281,0.0782191295383525,0.9217808704616475
28740,YGL025C YDR311W,0.0,NA,0.5326461791992188,2723,2427,28614,127,0.924640760083798,0.5287378640776699,0.9554385964912281,0.07818691408137625,0.9218130859186238
28741,YML049C YGR198W,0.0,NA,0.532905101776123,2723,2426,28615,127,0.9246702664424183,0.5288405515634104,0.9554385964912281,0.07815469862439998,0.9218453013756001
28742,YHR001W YDR135C,0.0,NA,0.5329519510269165,2723,2425,28616,127,0.9246997728010387,0.528943278943279,0.9554385964912281,0.07812248316742373,0.9218775168325762
28743,YMR083W YOR038C,0.0,NA,0.5332865715026855,2723,2424,28617,127,0.9247292791596589,0.5290460462405284,0.9554385964912281,0.07809026771044747,0.9219097322895525
28744,YDR538W YOL043C,0.0,NA,0.5333807468414307,2723,2423,28618,127,0.9247587855182792,0.5291488534784299,0.9554385964912281,0.07805805225347122,0.9219419477465288
28745,YPL151C YGL002W,0.0,NA,0.534014880657196,2723,2422,28619,127,0.9247882918768995,0.5292517006802722,0.9554385964912281,0.07802583679649495,0.921974163203505
28746,YNL111C Q0275,0.0,NA,0.534031867980957,2723,2421,28620,127,0.9248177982355198,0.5293545878693624,0.9554385964912281,0.0779936213395187,0.9220063786604813
28747,YMR172W YGR288W,0.0,NA,0.5341385006904602,2723,2420,28621,127,0.92484730459414,0.5294575150690258,0.9554385964912281,0.07796140588254244,0.9220385941174576
28748,YDL033C YER122C,0.0,NA,0.5341879725456238,2723,2419,28622,127,0.9248768109527603,0.529560482302606,0.9554385964912281,0.07792919042556619,0.9220708095744338
28749,YPR105C YOL016C,0.0,NA,0.5342609882354736,2723,2418,28623,127,0.9249063173113806,0.5296634895934643,0.9554385964912281,0.07789697496858992,0.9221030250314101
28750,YBR015C YBR176W,0.0,NA,0.5343233942985535,2723,2417,28624,127,0.9249358236700009,0.5297665369649806,0.9554385964912281,0.07786475951161367,0.9221352404883864
28751,YPL256C YPR046W,0.0,NA,0.5343405604362488,2723,2416,28625,127,0.9249653300286211,0.5298696244405526,0.9554385964912281,0.07783254405463741,0.9221674559453625
28752,YLR066W YBR248C,0.0,NA,0.5351999402046204,2723,2415,28626,127,0.9249948363872414,0.5299727520435967,0.9554385964912281,0.07780032859766116,0.9221996714023388
28753,YGL087C YER023W,0.0,NA,0.5355629324913025,2723,2414,28627,127,0.9250243427458618,0.5300759197975472,0.9554385964912281,0.0777681131406849,0.9222318868593151
28754,YAL051W YPR139C,0.0,NA,0.5361849665641785,2723,2413,28628,127,0.925053849104482,0.5301791277258567,0.9554385964912281,0.07773589768370864,0.9222641023162914
28755,YKL088W YFL025C,0.0,NA,0.5364333987236023,2723,2412,28629,127,0.9250833554631023,0.5302823758519961,0.9554385964912281,0.07770368222673239,0.9222963177732676
28756,YGL035C YPL127C,0.0,NA,0.5367289781570435,2723,2411,28630,127,0.9251128618217226,0.5303856641994547,0.9554385964912281,0.07767146676975613,0.9223285332302439
28757,YHR167W YGR230W,0.0,NA,0.5368128418922424,2723,2410,28631,127,0.9251423681803429,0.5304889927917398,0.9554385964912281,0.07763925131277988,0.9223607486872202
28758,YOR113W YLR011W,0.0,NA,0.536830484867096,2723,2409,28632,127,0.9251718745389631,0.5305923616523772,0.9554385964912281,0.07760703585580361,0.9223929641441964
28759,YBL019W YIL094C,0.0,NA,0.5371361374855042,2723,2408,28633,127,0.9252013808975834,0.5306957708049114,0.9554385964912281,0.07757482039882736,0.9224251796011727
28760,YJR028W YKR103W,0.0,NA,0.5376477241516113,2723,2407,28634,127,0.9252308872562037,0.5307992202729045,0.9554385964912281,0.0775426049418511,0.9224573950581489
28761,YOR193W YPL269W,0.0,NA,0.5377621054649353,2723,2406,28635,127,0.925260393614824,0.5309027100799376,0.9554385964912281,0.07751038948487485,0.9224896105151251
28762,YGL190C YOL018C,0.0,NA,0.5379923582077026,2723,2405,28636,127,0.9252898999734442,0.53100624024961,0.9554385964912281,0.07747817402789858,0.9225218259721014
28763,YMR241W YIL065C,1.0,NA,0.5381420850753784,2722,2405,28636,128,0.925260393614824,0.5309147649697679,0.9550877192982457,0.07747817402789858,0.9225218259721014
28764,YKL164C YBR139W,0.0,NA,0.5382654666900635,2722,2404,28637,128,0.9252898999734442,0.5310183378852906,0.9550877192982457,0.07744595857092233,0.9225540414290777
28765,YDL008W YGL161C,0.0,NA,0.5383545756340027,2722,2403,28638,128,0.9253194063320646,0.5311219512195122,0.9550877192982457,0.07741374311394607,0.9225862568860539
28766,YNL068C YPR149W,0.0,NA,0.5384982824325562,2722,2402,28639,128,0.9253489126906849,0.5312256049960968,0.9550877192982457,0.07738152765696982,0.9226184723430302
28767,YMR016C YDL185W,0.0,NA,0.5385911464691162,2722,2401,28640,128,0.9253784190493052,0.5313292992387273,0.9550877192982457,0.07734931219999355,0.9226506878000065
28768,YBR060C YDR238C,0.0,NA,0.5388062596321106,2722,2400,28641,128,0.9254079254079254,0.5314330339711051,0.9550877192982457,0.0773170967430173,0.9226829032569827
28769,YFL048C YOR124C,0.0,NA,0.5388421416282654,2722,2399,28642,128,0.9254374317665457,0.5315368092169498,0.9550877192982457,0.07728488128604104,0.922715118713959
28770,YML058W YOR266W,1.0,NA,0.5394917130470276,2721,2399,28642,129,0.9254079254079254,0.5314453125,0.9547368421052631,0.07728488128604104,0.922715118713959
28771,YAL044C YOR027W,0.0,NA,0.5395817756652832,2721,2398,28643,129,0.9254374317665457,0.5315491306895878,0.9547368421052631,0.07725266582906479,0.9227473341709352
28772,YOR115C YHR129C,0.0,NA,0.5396283864974976,2721,2397,28644,129,0.925466938125166,0.5316529894490035,0.9547368421052631,0.07722045037208852,0.9227795496279114
28773,YDL127W YDR073W,0.0,NA,0.5399628281593323,2721,2396,28645,129,0.9254964444837862,0.5317568888020324,0.9547368421052631,0.07718823491511227,0.9228117650848877
28774,YJR012C YAL062W,0.0,NA,0.5400081276893616,2721,2395,28646,129,0.9255259508424065,0.5318608287724785,0.9547368421052631,0.07715601945813601,0.922843980541864
28775,YHR172W YBR199W,0.0,NA,0.5406806468963623,2721,2394,28647,129,0.9255554572010268,0.5319648093841642,0.9547368421052631,0.07712380400115976,0.9228761959988403
28776,YKL053C-A YKL013C,1.0,NA,0.540839672088623,2720,2394,28647,130,0.9255259508424065,0.5318732890105593,0.9543859649122807,0.07712380400115976,0.9228761959988403
28777,YBL035C YCL034W,0.0,NA,0.5409098267555237,2720,2393,28648,130,0.9255554572010268,0.5319773127322511,0.9543859649122807,0.07709158854418349,0.9229084114558165
28778,YDL125C YPL069C,0.0,NA,0.5411353707313538,2720,2392,28649,130,0.9255849635596471,0.5320813771517997,0.9543859649122807,0.07705937308720724,0.9229406269127928
28779,YDL142C YFL039C,1.0,NA,0.5412973165512085,2719,2392,28649,131,0.9255554572010268,0.5319898258657797,0.9540350877192982,0.07705937308720724,0.9229406269127928
28780,YDR296W YGL020C,1.0,NA,0.5413956046104431,2718,2392,28649,132,0.9255259508424065,0.5318982387475538,0.9536842105263158,0.07705937308720724,0.9229406269127928
28781,YPL045W YGL087C,0.0,NA,0.5414577722549438,2718,2391,28650,132,0.9255554572010268,0.532002348796242,0.9536842105263158,0.07702715763023099,0.9229728423697691
28782,YJL034W YGR199W,0.0,NA,0.5414658784866333,2718,2390,28651,132,0.9255849635596471,0.5321064996084574,0.9536842105263158,0.07699494217325473,0.9230050578267452
28783,YNL239W YLL058W,0.0,NA,0.5415030121803284,2718,2389,28652,132,0.9256144699182673,0.5322106912081457,0.9536842105263158,0.07696272671627848,0.9230372732837215
28784,YHR018C YOL148C,0.0,NA,0.5415703058242798,2718,2388,28653,132,0.9256439762768877,0.5323149236192715,0.9536842105263158,0.07693051125930221,0.9230694887406978
28785,YLR120C YLL016W,0.0,NA,0.5415869355201721,2718,2387,28654,132,0.925673482635508,0.5324191968658178,0.9536842105263158,0.07689829580232596,0.923101704197674
28786,YKR036C YJR135W-A,1.0,NA,0.5418661236763,2717,2387,28654,133,0.9256439762768877,0.5323275862068966,0.9533333333333334,0.07689829580232596,0.923101704197674
28787,YDL137W YGL105W,0.0,NA,0.5419027805328369,2717,2386,28655,133,0.925673482635508,0.5324319028022731,0.9533333333333334,0.0768660803453497,0.9231339196546503
28788,YPL195W YER072W,0.0,NA,0.5420789122581482,2717,2385,28656,133,0.9257029889941283,0.5325362602900823,0.9533333333333334,0.07683386488837345,0.9231661351116266
28789,YNL094W YBL051C,0.0,NA,0.5421457886695862,2717,2384,28657,133,0.9257324953527485,0.5326406586943736,0.9533333333333334,0.07680164943139718,0.9231983505686028
28790,YJR126C YML045W,0.0,NA,0.5423597097396851,2717,2383,28658,133,0.9257620017113688,0.5327450980392157,0.9533333333333334,0.07676943397442093,0.9232305660255791
28791,YHR026W YNL015W,0.0,NA,0.5427026748657227,2717,2382,28659,133,0.9257915080699891,0.5328495783486958,0.9533333333333334,0.07673721851744467,0.9232627814825554
28792,YDR296W YNL213C,1.0,NA,0.5427908301353455,2716,2382,28659,134,0.9257620017113688,0.5327579442918792,0.9529824561403509,0.07673721851744467,0.9232627814825554
28793,YDR436W YLR087C,0.0,NA,0.5428175330162048,2716,2381,28660,134,0.9257915080699891,0.5328624681185011,0.9529824561403509,0.07670500306046842,0.9232949969395315
28794,YHR067W YIL116W,0.0,NA,0.542955756187439,2716,2380,28661,134,0.9258210144286093,0.532967032967033,0.9529824561403509,0.07667278760349215,0.9233272123965078
28795,YBR245C YDR293C,0.0,NA,0.5430083870887756,2716,2379,28662,134,0.9258505207872296,0.533071638861629,0.9529824561403509,0.0766405721465159,0.9233594278534841
28796,YFR029W YIR001C,0.0,NA,0.543056070804596,2716,2378,28663,134,0.9258800271458499,0.5331762858264625,0.9529824561403509,0.07660835668953964,0.9233916433104603
28797,YBR055C YLR325C,0.0,NA,0.5432139039039612,2716,2377,28664,134,0.9259095335044703,0.5332809738857255,0.9529824561403509,0.07657614123256339,0.9234238587674366
28798,YPR040W YGL027C,0.0,NA,0.5433411002159119,2716,2376,28665,134,0.9259390398630905,0.5333857030636292,0.9529824561403509,0.07654392577558712,0.9234560742244129
28799,YER114C YPL085W,0.0,NA,0.5433481335639954,2716,2375,28666,134,0.9259685462217108,0.5334904733844038,0.9529824561403509,0.07651171031861087,0.9234882896813892
28800,YCR073W-A YPR139C,0.0,NA,0.5435765385627747,2716,2374,28667,134,0.9259980525803311,0.5335952848722986,0.9529824561403509,0.0764794948616346,0.9235205051383654
28801,YDR486C YHR183W,0.0,NA,0.5436413884162903,2716,2373,28668,134,0.9260275589389514,0.5337001375515819,0.9529824561403509,0.07644727940465836,0.9235527205953417
28802,YML097C YNR057C,0.0,NA,0.5437167882919312,2716,2372,28669,134,0.9260570652975716,0.5338050314465409,0.9529824561403509,0.0764150639476821,0.923584936052318
28803,YBR234C YGR101W,1.0,NA,0.5437763333320618,2715,2372,28669,135,0.9260275589389514,0.5337133870650678,0.9526315789473684,0.0764150639476821,0.923584936052318
28804,YDR057W YPR139C,0.0,NA,0.5439292788505554,2715,2371,28670,135,0.9260570652975716,0.5338183248132128,0.9526315789473684,0.07638284849070584,0.9236171515092941
28805,YDR150W YBR234C,1.0,NA,0.5440897345542908,2714,2371,28670,136,0.9260275589389514,0.5337266470009833,0.952280701754386,0.07638284849070584,0.9236171515092941
28806,YML058W YDR077W,1.0,NA,0.544108510017395,2713,2371,28670,137,0.9259980525803311,0.5336349331235248,0.9519298245614035,0.07638284849070584,0.9236171515092941
28807,YJL146W YPL003W,0.0,NA,0.5443805456161499,2713,2370,28671,137,0.9260275589389514,0.533739917371631,0.9519298245614035,0.07635063303372959,0.9236493669662704
28808,YGL070C YOR377W,0.0,NA,0.5444042086601257,2713,2369,28672,137,0.9260570652975716,0.533844942935852,0.9519298245614035,0.07631841757675333,0.9236815824232467
28809,YMR152W YOR132W,0.0,NA,0.5444337725639343,2713,2368,28673,137,0.9260865716561919,0.5339500098405826,0.9519298245614035,0.07628620211977707,0.9237137978802229
28810,YLL050C YOL088C,0.0,NA,0.5445082187652588,2713,2367,28674,137,0.9261160780148122,0.5340551181102362,0.9519298245614035,0.07625398666280081,0.9237460133371992
28811,YER151C YOR272W,0.0,NA,0.5450499057769775,2713,2366,28675,137,0.9261455843734325,0.534160267769246,0.9519298245614035,0.07622177120582456,0.9237782287941755
28812,YKR085C YOL027C,0.0,NA,0.5450739860534668,2713,2365,28676,137,0.9261750907320527,0.5342654588420638,0.9519298245614035,0.0761895557488483,0.9238104442511517
28813,YHR206W YLR242C,0.0,NA,0.5450905561447144,2713,2364,28677,137,0.926204597090673,0.5343706913531613,0.9519298245614035,0.07615734029187204,0.923842659708128
28814,YKL052C YOR261C,0.0,NA,0.545102596282959,2713,2363,28678,137,0.9262341034492934,0.5344759653270291,0.9519298245614035,0.07612512483489578,0.9238748751651042
28815,YKR036C YFL039C,1.0,NA,0.5455079674720764,2712,2363,28678,138,0.926204597090673,0.534384236453202,0.9515789473684211,0.07612512483489578,0.9238748751651042
28816,YPL200W YNR075W,0.0,NA,0.5458805561065674,2712,2362,28679,138,0.9262341034492934,0.5344895545920378,0.9515789473684211,0.07609290937791953,0.9239070906220804
28817,YER145C YKL138C-A,0.0,NA,0.5460195541381836,2712,2361,28680,138,0.9262636098079136,0.534594914251922,0.9515789473684211,0.07606069392094326,0.9239393060790567
28818,YNL213C YOL027C,1.0,NA,0.5460536479949951,2711,2361,28680,139,0.9262341034492934,0.5345031545741324,0.9512280701754386,0.07606069392094326,0.9239393060790567
28819,YBL037W YGR222W,0.0,NA,0.5460567474365234,2711,2360,28681,139,0.9262636098079136,0.5346085584697299,0.9512280701754386,0.07602847846396701,0.923971521536033
28820,YDL191W YMR199W,0.0,NA,0.546211838722229,2711,2359,28682,139,0.9262931161665339,0.5347140039447732,0.9512280701754386,0.07599626300699075,0.9240037369930092
28821,YKR080W YHR098C,0.0,NA,0.5462978482246399,2711,2358,28683,139,0.9263226225251542,0.5348194910238706,0.9512280701754386,0.0759640475500145,0.9240359524499855
28822,YGR179C YAL042W,0.0,NA,0.5468164086341858,2711,2357,28684,139,0.9263521288837745,0.5349250197316495,0.9512280701754386,0.07593183209303823,0.9240681679069618
28823,YKL088W YMR256C,0.0,NA,0.5468565821647644,2711,2356,28685,139,0.9263816352423947,0.5350305900927571,0.9512280701754386,0.07589961663606198,0.9241003833639381
28824,YBR152W YLR287C-A,0.0,NA,0.5470511317253113,2711,2355,28686,139,0.926411141601015,0.5351362021318594,0.9512280701754386,0.07586740117908572,0.9241325988209143
28825,YHR214C-B YIR019C,0.0,NA,0.5471436381340027,2711,2354,28687,139,0.9264406479596353,0.5352418558736426,0.9512280701754386,0.07583518572210947,0.9241648142778905
28826,YBR102C YMR125W,0.0,NA,0.547423779964447,2711,2353,28688,139,0.9264701543182556,0.535347551342812,0.9512280701754386,0.0758029702651332,0.9241970297348668
28827,YLR005W YML019W,0.0,NA,0.5474510192871094,2711,2352,28689,139,0.9264996606768758,0.5354532885640925,0.9512280701754386,0.07577075480815695,0.924229245191843
28828,YDL111C YHR167W,0.0,NA,0.5475257039070129,2711,2351,28690,139,0.9265291670354961,0.5355590675622284,0.9512280701754386,0.0757385393511807,0.9242614606488193
28829,YIL077C YCR060W,0.0,NA,0.5478394627571106,2711,2350,28691,139,0.9265586733941165,0.5356648883619838,0.9512280701754386,0.07570632389420444,0.9242936761057956
28830,YML040W YBR213W,0.0,NA,0.5479733347892761,2711,2349,28692,139,0.9265881797527367,0.5357707509881423,0.9512280701754386,0.07567410843722819,0.9243258915627718
28831,YNL222W YDR507C,0.0,NA,0.5480102896690369,2711,2348,28693,139,0.926617686111357,0.535876655465507,0.9512280701754386,0.07564189298025192,0.9243581070197481
28832,YGL114W YCR082W,0.0,NA,0.5480272173881531,2711,2347,28694,139,0.9266471924699773,0.5359826018189008,0.9512280701754386,0.07560967752327567,0.9243903224767244
28833,YGL020C YDL006W,1.0,NA,0.5483157634735107,2710,2347,28694,140,0.926617686111357,0.5358908443741348,0.9508771929824561,0.07560967752327567,0.9243903224767244
28834,YPR201W YPL065W,0.0,NA,0.548372745513916,2710,2346,28695,140,0.9266471924699773,0.535996835443038,0.9508771929824561,0.07557746206629941,0.9244225379337005
28835,YOR356W YBR258C,0.0,NA,0.5485292077064514,2710,2345,28696,140,0.9266766988285976,0.5361028684470821,0.9508771929824561,0.07554524660932316,0.9244547533906768
28836,YOR266W YOR330C,1.0,NA,0.5489833354949951,2709,2345,28696,141,0.9266471924699773,0.53601108033241,0.9505263157894737,0.07554524660932316,0.9244547533906768
28837,YJR120W YJL054W,1.0,NA,0.5490343570709229,2708,2345,28696,142,0.926617686111357,0.5359192558875915,0.9501754385964912,0.07554524660932316,0.9244547533906768
28838,YKR008W YIL132C,0.0,NA,0.5490575432777405,2708,2344,28697,142,0.9266471924699773,0.5360253365003959,0.9501754385964912,0.0755130311523469,0.9244869688476531
28839,YDR004W YGL243W,0.0,NA,0.5492013096809387,2708,2343,28698,142,0.9266766988285976,0.5361314591170065,0.9501754385964912,0.07548081569537064,0.9245191843046293
28840,YER038C YMR174C,0.0,NA,0.5495845079421997,2708,2342,28699,142,0.9267062051872178,0.5362376237623763,0.9501754385964912,0.07544860023839438,0.9245513997616056
28841,YOL045W YIL064W,0.0,NA,0.5497463941574097,2708,2341,28700,142,0.9267357115458381,0.5363438304614775,0.9501754385964912,0.07541638478141813,0.9245836152185819
28842,YCL016C YOL117W,0.0,NA,0.5499268174171448,2708,2340,28701,142,0.9267652179044584,0.5364500792393027,0.9501754385964912,0.07538416932444186,0.9246158306755581
28843,YLR055C YMR264W,0.0,NA,0.5502974390983582,2708,2339,28702,142,0.9267947242630787,0.5365563701208639,0.9501754385964912,0.07535195386746561,0.9246480461325344
28844,YBL003C YBR217W,0.0,NA,0.5504735112190247,2708,2338,28703,142,0.9268242306216989,0.536662703131193,0.9501754385964912,0.07531973841048935,0.9246802615895107
28845,YGL224C YDR328C,0.0,NA,0.550631582736969,2708,2337,28704,142,0.9268537369803193,0.5367690782953419,0.9501754385964912,0.0752875229535131,0.924712477046487
28846,YGR241C YPL020C,0.0,NA,0.5506523251533508,2708,2336,28705,142,0.9268832433389396,0.5368754956383822,0.9501754385964912,0.07525530749653683,0.9247446925034631
28847,YIL138C YMR134W,1.0,NA,0.5506988763809204,2707,2336,28705,143,0.9268537369803193,0.5367836605195321,0.9498245614035088,0.07525530749653683,0.9247446925034631
28848,YNL079C YNL066W,1.0,NA,0.5507751107215881,2706,2336,28705,144,0.9268242306216989,0.5366917889726299,0.9494736842105264,0.07525530749653683,0.9247446925034631
28849,YGL064C YGR077C,0.0,NA,0.5509769320487976,2706,2335,28706,144,0.9268537369803193,0.5367982543146201,0.9494736842105264,0.07522309203956058,0.9247769079604394
28850,YJL081C YER013W,0.0,NA,0.5510434508323669,2706,2334,28707,144,0.9268832433389396,0.5369047619047619,0.9494736842105264,0.07519087658258432,0.9248091234174157
28851,YOR079C YDR064W,0.0,NA,0.5512661337852478,2706,2333,28708,144,0.9269127496975599,0.5370113117682079,0.9494736842105264,0.07515866112560807,0.9248413388743919
28852,YNL070W YHR083W,1.0,NA,0.5513546466827393,2705,2333,28708,145,0.9268832433389396,0.536919412465264,0.9491228070175438,0.07515866112560807,0.9248413388743919
28853,YDR353W YML026C,0.0,NA,0.5513929128646851,2705,2332,28709,145,0.9269127496975599,0.5370260075441731,0.9491228070175438,0.0751264456686318,0.9248735543313682
28854,YDR416W YPL047W,0.0,NA,0.5514931082725525,2705,2331,28710,145,0.9269422560561801,0.5371326449563145,0.9491228070175438,0.07509423021165555,0.9249057697883445
28855,YPR073C YGR154C,0.0,NA,0.5519611239433289,2705,2330,28711,145,0.9269717624148004,0.5372393247269116,0.9491228070175438,0.0750620147546793,0.9249379852453207
28856,YML031W YBR154C,0.0,NA,0.5522672533988953,2705,2329,28712,145,0.9270012687734207,0.5373460468812078,0.9491228070175438,0.07502979929770304,0.924970200702297
28857,YKR036C YNL070W,1.0,NA,0.552267849445343,2704,2329,28712,146,0.9269717624148004,0.5372541227895887,0.9487719298245614,0.07502979929770304,0.924970200702297
28858,YMR134W YBR091C,1.0,NA,0.5522709488868713,2703,2329,28712,147,0.9269422560561801,0.5371621621621622,0.9484210526315789,0.07502979929770304,0.924970200702297
28859,YJR120W YOR330C,1.0,NA,0.5522797107696533,2702,2329,28712,148,0.9269127496975599,0.5370701649771418,0.9480701754385965,0.07502979929770304,0.924970200702297
28860,YGR258C YDR246W,0.0,NA,0.5523354411125183,2702,2328,28713,148,0.9269422560561801,0.5371769383697813,0.9480701754385965,0.07499758384072679,0.9250024161592733
28861,YAL014C YKR086W,0.0,NA,0.5523983240127563,2702,2327,28714,148,0.9269717624148004,0.5372837542254921,0.9480701754385965,0.07496536838375052,0.9250346316162494
28862,YGR147C YKL067W,0.0,NA,0.5528755187988281,2702,2326,28715,148,0.9270012687734207,0.5373906125696102,0.9480701754385965,0.07493315292677427,0.9250668470732257
28863,YLR191W YBR289W,0.0,NA,0.553009033203125,2702,2325,28716,148,0.9270307751320409,0.5374975134274915,0.9480701754385965,0.074900937469798,0.925099062530202
28864,YPR042C YKL135C,0.0,NA,0.5533149242401123,2702,2324,28717,148,0.9270602814906612,0.5376044568245125,0.9480701754385965,0.07486872201282176,0.9251312779871782
28865,YGL055W YJR120W,1.0,NA,0.5533880591392517,2701,2324,28717,149,0.9270307751320409,0.5375124378109453,0.9477192982456141,0.07486872201282176,0.9251312779871782
28866,YDL093W YHR084W,0.0,NA,0.5536122918128967,2701,2323,28718,149,0.9270602814906612,0.5376194267515924,0.9477192982456141,0.07483650655584549,0.9251634934441545
28867,YDL003W YIR011C,0.0,NA,0.5537502765655518,2701,2322,28719,149,0.9270897878492815,0.5377264582918575,0.9477192982456141,0.07480429109886924,0.9251957089011308
28868,YLR308W YMR036C,0.0,NA,0.5538153648376465,2701,2321,28720,149,0.9271192942079018,0.5378335324571883,0.9477192982456141,0.07477207564189298,0.925227924358107
28869,YPL167C YPL232W,0.0,NA,0.5540124773979187,2701,2320,28721,149,0.927148800566522,0.5379406492730532,0.9477192982456141,0.07473986018491673,0.9252601398150833
28870,YMR055C YHR193C,0.0,NA,0.5542498230934143,2701,2319,28722,149,0.9271783069251424,0.5380478087649403,0.9477192982456141,0.07470764472794046,0.9252923552720596
28871,YKR037C YML045W,0.0,NA,0.5542518496513367,2701,2318,28723,149,0.9272078132837627,0.5381550109583583,0.9477192982456141,0.07467542927096421,0.9253245707290358
28872,YLR146C YOR346W,0.0,NA,0.5545689463615417,2701,2317,28724,149,0.927237319642383,0.5382622558788361,0.9477192982456141,0.07464321381398795,0.925356786186012
28873,YBR234C YNL066W,1.0,NA,0.5545976161956787,2700,2317,28724,150,0.9272078132837627,0.5381702212477576,0.9473684210526315,0.07464321381398795,0.925356786186012
28874,YFL054C YBR076W,0.0,NA,0.5546154975891113,2700,2316,28725,150,0.927237319642383,0.5382775119617225,0.9473684210526315,0.0746109983570117,0.9253890016429883
28875,YDR086C YGL037C,0.0,NA,0.5550119876861572,2700,2315,28726,150,0.9272668260010032,0.5383848454636092,0.9473684210526315,0.07457878290003543,0.9254212170999646
28876,YJL130C YNL027W,0.0,NA,0.5550153255462646,2700,2314,28727,150,0.9272963323596235,0.5384922217790188,0.9473684210526315,0.07454656744305918,0.9254534325569408
28877,YIL126W YLR060W,0.0,NA,0.555136501789093,2700,2313,28728,150,0.9273258387182438,0.5385996409335727,0.9473684210526315,0.07451435198608292,0.9254856480139171
28878,YIL126W YDR255C,0.0,NA,0.5554728507995605,2700,2312,28729,150,0.927355345076864,0.538707102952913,0.9473684210526315,0.07448213652910667,0.9255178634708934
28879,YDR263C YOR014W,0.0,NA,0.5555804371833801,2700,2311,28730,150,0.9273848514354843,0.5388146078627021,0.9473684210526315,0.07444992107213041,0.9255500789278696
28880,YPL018W YGR274C,0.0,NA,0.5560574531555176,2700,2310,28731,150,0.9274143577941046,0.5389221556886228,0.9473684210526315,0.07441770561515415,0.9255822943848458
28881,YJL054W YGL020C,1.0,NA,0.5560837388038635,2699,2310,28731,151,0.9273848514354843,0.5388301058095428,0.9470175438596491,0.07441770561515415,0.9255822943848458
28882,YNR008W YKL175W,0.0,NA,0.5560991764068604,2699,2309,28732,151,0.9274143577941046,0.5389376996805112,0.9470175438596491,0.0743854901581779,0.9256145098418221
28883,YOR242C YNL313C,0.0,NA,0.5562054514884949,2699,2308,28733,151,0.927443864152725,0.5390453365288596,0.9470175438596491,0.07435327470120164,0.9256467252987983
28884,YBL005W YAL024C,0.0,NA,0.5564403533935547,2699,2307,28734,151,0.9274733705113452,0.5391530163803436,0.9470175438596491,0.07432105924422538,0.9256789407557746
28885,YBR212W YGL020C,1.0,NA,0.5566454529762268,2698,2307,28734,152,0.927443864152725,0.5390609390609391,0.9466666666666667,0.07432105924422538,0.9256789407557746
28886,YKR034W YBR275C,0.0,NA,0.5567144155502319,2698,2306,28735,152,0.9274733705113452,0.5391686650679457,0.9466666666666667,0.07428884378724912,0.9257111562127509
28887,YOR247W Q0045,0.0,NA,0.5567512512207031,2698,2305,28736,152,0.9275028768699655,0.5392764341395163,0.9466666666666667,0.07425662833027287,0.9257433716697271
28888,YGL175C YBL001C,0.0,NA,0.5567717552185059,2698,2304,28737,152,0.9275323832285858,0.5393842463014794,0.9466666666666667,0.0742244128732966,0.9257755871267034
28889,YHR025W YGR065C,0.0,NA,0.5568782091140747,2698,2303,28738,152,0.9275618895872061,0.5394921015796841,0.9466666666666667,0.07419219741632035,0.9258078025836797
28890,YBR016W YIL049W,0.0,NA,0.5568913221359253,2698,2302,28739,152,0.9275913959458263,0.5396,0.9466666666666667,0.07415998195934409,0.9258400180406559
28891,YPR176C YOR209C,0.0,NA,0.5570533275604248,2698,2301,28740,152,0.9276209023044466,0.5397079415883177,0.9466666666666667,0.07412776650236784,0.9258722334976321
28892,YCL031C YNL080C,0.0,NA,0.5573287606239319,2698,2300,28741,152,0.9276504086630669,0.5398159263705482,0.9466666666666667,0.07409555104539157,0.9259044489546084
28893,YNL041C YLR214W,0.0,NA,0.5573334693908691,2698,2299,28742,152,0.9276799150216871,0.5399239543726235,0.9466666666666667,0.07406333558841532,0.9259366644115847
28894,YBR068C YLL016W,0.0,NA,0.5576112866401672,2698,2298,28743,152,0.9277094213803074,0.5400320256204963,0.9466666666666667,0.07403112013143906,0.9259688798685609
28895,YOR007C YLR436C,0.0,NA,0.5577939748764038,2698,2297,28744,152,0.9277389277389277,0.5401401401401401,0.9466666666666667,0.07399890467446281,0.9260010953255372
28896,YDR440W YDR363W,0.0,NA,0.5578102469444275,2698,2296,28745,152,0.9277684340975481,0.540248297957549,0.9466666666666667,0.07396668921748654,0.9260333107825135
28897,YLR115W YPR161C,0.0,NA,0.5579583644866943,2698,2295,28746,152,0.9277979404561683,0.5403564990987383,0.9466666666666667,0.0739344737605103,0.9260655262394897
28898,YDR200C YER007W,0.0,NA,0.5580560564994812,2698,2294,28747,152,0.9278274468147886,0.5404647435897436,0.9466666666666667,0.07390225830353403,0.926097741696466
28899,YKL048C YBR143C,0.0,NA,0.5582962036132812,2698,2293,28748,152,0.9278569531734089,0.5405730314566219,0.9466666666666667,0.07387004284655778,0.9261299571534423
28900,YER012W YER088C,0.0,NA,0.5588604211807251,2698,2292,28749,152,0.9278864595320292,0.5406813627254509,0.9466666666666667,0.07383782738958151,0.9261621726104184
28901,YNL189W YLR068W,0.0,NA,0.5591266751289368,2698,2291,28750,152,0.9279159658906494,0.5407897374223292,0.9466666666666667,0.07380561193260526,0.9261943880673947
28902,YIL094C YLR009W,0.0,NA,0.5592013001441956,2698,2290,28751,152,0.9279454722492697,0.5408981555733761,0.9466666666666667,0.07377339647562901,0.926226603524371
28903,YER045C YBL005W-B,0.0,NA,0.5594072937965393,2698,2289,28752,152,0.92797497860789,0.5410066172047323,0.9466666666666667,0.07374118101865275,0.9262588189813472
28904,YGL126W YML074C,0.0,NA,0.5596959590911865,2698,2288,28753,152,0.9280044849665103,0.5411151223425592,0.9466666666666667,0.0737089655616765,0.9262910344383235
28905,YDR099W YOR079C,0.0,NA,0.5598288774490356,2698,2287,28754,152,0.9280339913251305,0.5412236710130391,0.9466666666666667,0.07367675010470023,0.9263232498952998
28906,YJL205C YOR358W,0.0,NA,0.5599972605705261,2698,2286,28755,152,0.9280634976837508,0.5413322632423756,0.9466666666666667,0.07364453464772398,0.926355465352276
28907,YJR125C YDL161W,0.0,NA,0.560114860534668,2698,2285,28756,152,0.9280930040423712,0.541440899056793,0.9466666666666667,0.07361231919074772,0.9263876808092523
28908,YDR423C YPR139C,0.0,NA,0.5607666373252869,2698,2284,28757,152,0.9281225104009914,0.5415495784825372,0.9466666666666667,0.07358010373377147,0.9264198962662286
28909,YOR316C YDR403W,0.0,NA,0.5608659386634827,2698,2283,28758,152,0.9281520167596117,0.5416583015458744,0.9466666666666667,0.0735478882767952,0.9264521117232047
28910,YGL212W YJR105W,0.0,NA,0.5609900951385498,2698,2282,28759,152,0.928181523118232,0.5417670682730924,0.9466666666666667,0.07351567281981895,0.926484327180181
28911,YPR032W YGR134W,0.0,NA,0.5610464811325073,2698,2281,28760,152,0.9282110294768523,0.5418758786905001,0.9466666666666667,0.07348345736284269,0.9265165426371573
28912,YER172C YBL005W-B,0.0,NA,0.5611197352409363,2698,2280,28761,152,0.9282405358354725,0.5419847328244275,0.9466666666666667,0.07345124190586644,0.9265487580941336
28913,YJR077C YMR081C,0.0,NA,0.5615034699440002,2698,2279,28762,152,0.9282700421940928,0.5420936307012256,0.9466666666666667,0.07341902644889017,0.9265809735511098
28914,YOL031C YOR315W,0.0,NA,0.5616081357002258,2698,2278,28763,152,0.9282995485527131,0.5422025723472669,0.9466666666666667,0.07338681099191392,0.9266131890080861
28915,YBR081C YNL261W,0.0,NA,0.5620331764221191,2698,2277,28764,152,0.9283290549113334,0.5423115577889447,0.9466666666666667,0.07335459553493766,0.9266454044650624
28916,YBR193C YER044C,0.0,NA,0.5620612502098083,2698,2276,28765,152,0.9283585612699536,0.5424205870526739,0.9466666666666667,0.07332238007796141,0.9266776199220386
28917,YGR009C YLR357W,0.0,NA,0.5620962977409363,2698,2275,28766,152,0.928388067628574,0.5425296601648905,0.9466666666666667,0.07329016462098514,0.9267098353790149
28918,YML065W YOR046C,0.0,NA,0.5622464418411255,2698,2274,28767,152,0.9284175739871943,0.5426387771520514,0.9466666666666667,0.07325794916400889,0.9267420508359911
28919,YGR140W YOR257W,0.0,NA,0.5622621774673462,2698,2273,28768,152,0.9284470803458145,0.5427479380406357,0.9466666666666667,0.07322573370703263,0.9267742662929673
28920,YJR065C YOL060C,1.0,NA,0.5623933672904968,2697,2273,28768,153,0.9284175739871943,0.5426559356136821,0.9463157894736842,0.07322573370703263,0.9267742662929673
28921,YBL015W YBR021W,0.0,NA,0.5627590417861938,2697,2272,28769,153,0.9284470803458145,0.5427651438921313,0.9463157894736842,0.07319351825005638,0.9268064817499436
28922,YOR081C YOR075W,0.0,NA,0.5629355907440186,2697,2271,28770,153,0.9284765867044348,0.5428743961352657,0.9463157894736842,0.07316130279308011,0.9268386972069199
28923,YFL030W YLR153C,0.0,NA,0.563345193862915,2697,2270,28771,153,0.9285060930630551,0.5429836923696396,0.9463157894736842,0.07312908733610386,0.9268709126638961
28924,YNL246W YBR098W,0.0,NA,0.5634269714355469,2697,2269,28772,153,0.9285355994216754,0.5430930326218284,0.9463157894736842,0.07309687187912761,0.9269031281208724
28925,YGL039W YNL222W,0.0,NA,0.5636446475982666,2697,2268,28773,153,0.9285651057802956,0.543202416918429,0.9463157894736842,0.07306465642215135,0.9269353435778487
28926,YMR119W YNL225C,0.0,NA,0.564318060874939,2697,2267,28774,153,0.9285946121389159,0.5433118452860596,0.9463157894736842,0.0730324409651751,0.9269675590348249
28927,YGR217W YGR277C,0.0,NA,0.5645628571510315,2697,2266,28775,153,0.9286241184975362,0.54342131775136,0.9463157894736842,0.07300022550819883,0.9269997744918012
28928,YKR094C YNL004W,0.0,NA,0.5645958781242371,2697,2265,28776,153,0.9286536248561565,0.5435308343409916,0.9463157894736842,0.07296801005122258,0.9270319899487774
28929,YGR244C YDL212W,0.0,NA,0.5647910237312317,2697,2264,28777,153,0.9286831312147767,0.5436403950816368,0.9463157894736842,0.07293579459424632,0.9270642054057536
28930,YBR278W YHR028C,0.0,NA,0.5652409791946411,2697,2263,28778,153,0.9287126375733971,0.54375,0.9463157894736842,0.07290357913727007,0.9270964208627299
28931,YMR005W YMR065W,0.0,NA,0.5655999779701233,2697,2262,28779,153,0.9287421439320174,0.543859649122807,0.9463157894736842,0.0728713636802938,0.9271286363197062
28932,YDL060W YKL182W,0.0,NA,0.5656450390815735,2697,2261,28780,153,0.9287716502906377,0.5439693424768052,0.9463157894736842,0.07283914822331755,0.9271608517766825
28933,YDR451C YJL210W,0.0,NA,0.5656531453132629,2697,2260,28781,153,0.9288011566492579,0.5440790800887634,0.9463157894736842,0.07280693276634129,0.9271930672336587
28934,YDR386W YDR069C,0.0,NA,0.5659639835357666,2697,2259,28782,153,0.9288306630078782,0.5441888619854721,0.9463157894736842,0.07277471730936504,0.927225282690635
28935,YKR069W YKL068W,0.0,NA,0.5665404200553894,2697,2258,28783,153,0.9288601693664985,0.5442986881937437,0.9463157894736842,0.07274250185238877,0.9272574981476113
28936,YGR244C YAR007C,0.0,NA,0.5670385360717773,2697,2257,28784,153,0.9288896757251187,0.5444085587404118,0.9463157894736842,0.07271028639541252,0.9272897136045875
28937,YDR174W YBL026W,0.0,NA,0.5670425295829773,2697,2256,28785,153,0.928919182083739,0.544518473652332,0.9463157894736842,0.07267807093843626,0.9273219290615637
28938,YCL038C YOR261C,0.0,NA,0.5674248933792114,2697,2255,28786,153,0.9289486884423593,0.5446284329563813,0.9463157894736842,0.07264585548146,0.92735414451854
28939,YOL063C YKR106W,0.0,NA,0.5677096247673035,2697,2254,28787,153,0.9289781948009797,0.5447384366794586,0.9463157894736842,0.07261364002448374,0.9273863599755162
28940,YJL097W YPL116W,0.0,NA,0.5677541494369507,2697,2253,28788,153,0.9290077011595999,0.5448484848484848,0.9463157894736842,0.07258142456750749,0.9274185754324925
28941,YOR377W YIL023C,0.0,NA,0.5678760409355164,2697,2252,28789,153,0.9290372075182202,0.5449585774904021,0.9463157894736842,0.07254920911053123,0.9274507908894688
28942,YDL105W YCR068W,0.0,NA,0.5679452419281006,2697,2251,28790,153,0.9290667138768405,0.5450687146321747,0.9463157894736842,0.07251699365355498,0.927483006346445
28943,YER190W YBR164C,0.0,NA,0.5681658387184143,2697,2250,28791,153,0.9290962202354608,0.5451788963007883,0.9463157894736842,0.07248477819657873,0.9275152218034213
28944,YDR324C YNL080C,0.0,NA,0.5683434009552002,2697,2249,28792,153,0.929125726594081,0.5452891225232511,0.9463157894736842,0.07245256273960246,0.9275474372603976
28945,YDL088C YFR009W,0.0,NA,0.5688588619232178,2697,2248,28793,153,0.9291552329527013,0.5453993933265925,0.9463157894736842,0.07242034728262621,0.9275796527173737
28946,YDR014W YIL037C,0.0,NA,0.5689593553543091,2697,2247,28794,153,0.9291847393113216,0.5455097087378641,0.9463157894736842,0.07238813182564995,0.92761186817435
28947,YOR242C YDR450W,0.0,NA,0.5696503520011902,2697,2246,28795,153,0.9292142456699418,0.5456200687841392,0.9463157894736842,0.0723559163686737,0.9276440836313263
28948,YGL206C YLR436C,0.0,NA,0.5697879791259766,2697,2245,28796,153,0.9292437520285621,0.5457304734925131,0.9463157894736842,0.07232370091169743,0.9276762990883025
28949,YNL329C YHR079C-A,0.0,NA,0.5699489712715149,2697,2244,28797,153,0.9292732583871824,0.5458409228901032,0.9463157894736842,0.07229148545472118,0.9277085145452788
28950,YBR061C YEL056W,0.0,NA,0.5699533224105835,2697,2243,28798,153,0.9293027647458028,0.5459514170040486,0.9463157894736842,0.07225926999774492,0.9277407300022551
28951,YGL062W YMR046C,0.0,NA,0.5703086853027344,2697,2242,28799,153,0.929332271104423,0.5460619558615104,0.9463157894736842,0.07222705454076866,0.9277729454592314
28952,YMR268C YML092C,0.0,NA,0.5709834694862366,2697,2241,28800,153,0.9293617774630433,0.5461725394896719,0.9463157894736842,0.0721948390837924,0.9278051609162076
28953,YBR179C YBR091C,1.0,NA,0.5714277625083923,2696,2241,28800,154,0.929332271104423,0.5460806157585578,0.9459649122807018,0.0721948390837924,0.9278051609162076
28954,YDL065C YCR065W,0.0,NA,0.5715399384498596,2696,2240,28801,154,0.9293617774630433,0.546191247974068,0.9459649122807018,0.07216262362681615,0.9278373763731839
28955,YGL206C YLR113W,0.0,NA,0.5716652274131775,2696,2239,28802,154,0.9293912838216636,0.5463019250253293,0.9459649122807018,0.07213040816983989,0.9278695918301602
28956,YGR129W YGL201C,0.0,NA,0.5720763802528381,2696,2238,28803,154,0.9294207901802839,0.5464126469396028,0.9459649122807018,0.07209819271286363,0.9279018072871363
28957,YGR060W YGL063W,0.0,NA,0.5722190141677856,2696,2237,28804,154,0.9294502965389041,0.5465234137441719,0.9459649122807018,0.07206597725588737,0.9279340227441126
28958,YDR252W YDL224C,0.0,NA,0.5724460482597351,2696,2236,28805,154,0.9294798028975244,0.5466342254663422,0.9459649122807018,0.07203376179891112,0.9279662382010889
28959,YLR131C YOR312C,0.0,NA,0.5724561214447021,2696,2235,28806,154,0.9295093092561447,0.5467450821334415,0.9459649122807018,0.07200154634193486,0.9279984536580651
28960,YAR009C YDR252W,0.0,NA,0.5728806853294373,2696,2234,28807,154,0.929538815614765,0.5468559837728195,0.9459649122807018,0.0719693308849586,0.9280306691150414
28961,YGR060W YJL113W,0.0,NA,0.5732319951057434,2696,2233,28808,154,0.9295683219733852,0.5469669304118483,0.9459649122807018,0.07193711542798234,0.9280628845720177
28962,YLR398C YJR001W,0.0,NA,0.5734400749206543,2696,2232,28809,154,0.9295978283320055,0.547077922077922,0.9459649122807018,0.07190489997100609,0.9280951000289939
28963,YLR309C YPL210C,0.0,NA,0.5735132098197937,2696,2231,28810,154,0.9296273346906259,0.5471889587984575,0.9459649122807018,0.07187268451402982,0.9281273154859702
28964,YMR241W YNL066W,1.0,NA,0.5740577578544617,2695,2231,28810,155,0.9295978283320055,0.547097036134795,0.9456140350877194,0.07187268451402982,0.9281273154859702
28965,YMR210W YDR362C,0.0,NA,0.5741242170333862,2695,2230,28811,155,0.9296273346906259,0.5472081218274112,0.9456140350877194,0.07184046905705357,0.9281595309429465
28966,YPL242C YBL100W-A,0.0,NA,0.5743165612220764,2695,2229,28812,155,0.9296568410492461,0.5473192526401299,0.9456140350877194,0.07180825360007732,0.9281917463999226
28967,YDL049C YER104W,0.0,NA,0.574336051940918,2695,2228,28813,155,0.9296863474078664,0.5474304286004469,0.9456140350877194,0.07177603814310106,0.9282239618568989
28968,YLR028C YOL040C,0.0,NA,0.5745994448661804,2695,2227,28814,155,0.9297158537664867,0.5475416497358797,0.9456140350877194,0.07174382268612481,0.9282561773138752
28969,YOL102C YBR020W,0.0,NA,0.5748819708824158,2695,2226,28815,155,0.929745360125107,0.5476529160739687,0.9456140350877194,0.07171160722914854,0.9282883927708514
28970,YIL062C YOL060C,1.0,NA,0.5756295323371887,2694,2226,28815,156,0.9297158537664867,0.5475609756097561,0.9452631578947368,0.07171160722914854,0.9282883927708514
28971,YDR379W YKL035W,0.0,NA,0.5760951638221741,2694,2225,28816,156,0.929745360125107,0.5476722911160805,0.9452631578947368,0.0716793917721723,0.9283206082278277
28972,YGR238C YKL217W,0.0,NA,0.5765950679779053,2694,2224,28817,156,0.9297748664837272,0.5477836518910126,0.9452631578947368,0.07164717631519603,0.928352823684804
28973,YDL119C YMR156C,0.0,NA,0.5768569707870483,2694,2223,28818,156,0.9298043728423475,0.5478950579621721,0.9452631578947368,0.07161496085821978,0.9283850391417803
28974,YDR146C YER007W,0.0,NA,0.5772293210029602,2694,2222,28819,156,0.9298338792009678,0.548006509357201,0.9452631578947368,0.07158274540124351,0.9284172545987565
28975,YGR004W YBR238C,0.0,NA,0.5778813362121582,2694,2221,28820,156,0.9298633855595881,0.5481180061037639,0.9452631578947368,0.07155052994426726,0.9284494700557328
28976,YNL007C YNL059C,0.0,NA,0.5779364109039307,2694,2220,28821,156,0.9298928919182083,0.5482295482295483,0.9452631578947368,0.071518314487291,0.928481685512709
28977,YOL072W YIL009C-A,0.0,NA,0.577938437461853,2694,2219,28822,156,0.9299223982768287,0.5483411357622634,0.9452631578947368,0.07148609903031475,0.9285139009696852
28978,YGL144C YMR238W,0.0,NA,0.5781303644180298,2694,2218,28823,156,0.929951904635449,0.5484527687296417,0.9452631578947368,0.07145388357333848,0.9285461164266615
28979,YIL120W YJR004C,0.0,NA,0.5782225131988525,2694,2217,28824,156,0.9299814109940692,0.548564447159438,0.9452631578947368,0.07142166811636223,0.9285783318836378
28980,YIR004W YNL173C,0.0,NA,0.5785832405090332,2694,2216,28825,156,0.9300109173526895,0.5486761710794298,0.9452631578947368,0.07138945265938597,0.928610547340614
28981,YDR160W YGR286C,0.0,NA,0.5786877274513245,2694,2215,28826,156,0.9300404237113098,0.548787940517417,0.9452631578947368,0.07135723720240972,0.9286427627975903
28982,YLR166C YOR249C,0.0,NA,0.5790592432022095,2694,2214,28827,156,0.9300699300699301,0.5488997555012225,0.9452631578947368,0.07132502174543345,0.9286749782545666
28983,YOL039W YOR090C,0.0,NA,0.5790861248970032,2694,2213,28828,156,0.9300994364285503,0.5490116160586916,0.9452631578947368,0.0712928062884572,0.9287071937115428
28984,YGL100W YAL007C,0.0,NA,0.5796778798103333,2694,2212,28829,156,0.9301289427871706,0.5491235222176927,0.9452631578947368,0.07126059083148094,0.928739409168519
28985,YOR307C YEL060C,0.0,NA,0.5798686146736145,2694,2211,28830,156,0.9301584491457909,0.5492354740061162,0.9452631578947368,0.07122837537450469,0.9287716246254953
28986,YNL068C YOL039W,0.0,NA,0.5802013278007507,2694,2210,28831,156,0.9301879555044112,0.549347471451876,0.9452631578947368,0.07119615991752842,0.9288038400824715
28987,YOL067C YML048W,0.0,NA,0.58059161901474,2694,2209,28832,156,0.9302174618630314,0.5494595145829084,0.9452631578947368,0.07116394446055217,0.9288360555394478
28988,YDL127W YNL218W,0.0,NA,0.580856204032898,2694,2208,28833,156,0.9302469682216518,0.5495716034271726,0.9452631578947368,0.07113172900357592,0.9288682709964241
28989,YGL076C YJR109C,0.0,NA,0.581402599811554,2694,2207,28834,156,0.9302764745802721,0.5496837380126505,0.9452631578947368,0.07109951354659966,0.9289004864534003
28990,YLR044C YDR229W,0.0,NA,0.5817969441413879,2694,2206,28835,156,0.9303059809388924,0.549795918367347,0.9452631578947368,0.0710672980896234,0.9289327019103766
28991,YDR099W YPL115C,0.0,NA,0.5820527076721191,2694,2205,28836,156,0.9303354872975126,0.5499081445192896,0.9452631578947368,0.07103508263264714,0.9289649173673529
28992,YDR195W YGR240C,0.0,NA,0.5822067856788635,2694,2204,28837,156,0.9303649936561329,0.5500204164965292,0.9452631578947368,0.07100286717567089,0.9289971328243292
28993,YHR023W YFR045W,0.0,NA,0.582604706287384,2694,2203,28838,156,0.9303945000147532,0.550132734327139,0.9452631578947368,0.07097065171869463,0.9290293482813053
28994,YNL026W YER154W,1.0,NA,0.5831430554389954,2693,2203,28838,157,0.9303649936561329,0.5500408496732027,0.9449122807017544,0.07097065171869463,0.9290293482813053
28995,YER122C YOR359W,0.0,NA,0.5835777521133423,2693,2202,28839,157,0.9303945000147532,0.5501532175689479,0.9449122807017544,0.07093843626171838,0.9290615637382816
28996,YGR113W YNL088W,0.0,NA,0.5837439298629761,2693,2201,28840,157,0.9304240063733734,0.5502656313853699,0.9449122807017544,0.07090622080474211,0.9290937791952579
28997,YPR143W YOR089C,0.0,NA,0.5837821960449219,2693,2200,28841,157,0.9304535127319937,0.5503780911506233,0.9449122807017544,0.07087400534776586,0.9291259946522341
28998,YOR064C YNL223W,0.0,NA,0.5838239789009094,2693,2199,28842,157,0.930483019090614,0.5504905968928864,0.9449122807017544,0.0708417898907896,0.9291582101092104
28999,YGL173C YAR003W,0.0,NA,0.5838664174079895,2693,2198,28843,157,0.9305125254492344,0.5506031486403599,0.9449122807017544,0.07080957443381335,0.9291904255661867
29000,YLR212C YHR074W,0.0,NA,0.5838677883148193,2693,2197,28844,157,0.9305420318078546,0.5507157464212679,0.9449122807017544,0.07077735897683708,0.9292226410231629
29001,YPL144W YLR319C,0.0,NA,0.5842373371124268,2693,2196,28845,157,0.9305715381664749,0.5508283902638577,0.9449122807017544,0.07074514351986083,0.9292548564801392
29002,YDL119C YDR463W,0.0,NA,0.5843024849891663,2693,2195,28846,157,0.9306010445250952,0.5509410801963993,0.9449122807017544,0.07071292806288457,0.9292870719371155
29003,YCR042C YOR191W,0.0,NA,0.5843373537063599,2693,2194,28847,157,0.9306305508837155,0.5510538162471864,0.9449122807017544,0.07068071260590832,0.9293192873940916
29004,YMR239C YPR008W,0.0,NA,0.5844526886940002,2693,2193,28848,157,0.9306600572423357,0.5511665984445354,0.9449122807017544,0.07064849714893205,0.9293515028510679
29005,YMR192W YLR015W,0.0,NA,0.5846405029296875,2693,2192,28849,157,0.930689563600956,0.5512794268167861,0.9449122807017544,0.0706162816919558,0.9293837183080442
29006,YJL054W YFL036W,1.0,NA,0.585082471370697,2692,2192,28849,158,0.9306600572423357,0.5511875511875511,0.9445614035087719,0.0706162816919558,0.9293837183080442
29007,YLL050C YEL044W,0.0,NA,0.5855523943901062,2692,2191,28850,158,0.930689563600956,0.5513004300634856,0.9445614035087719,0.07058406623497954,0.9294159337650204
29008,YLR368W YOL027C,1.0,NA,0.585577130317688,2691,2191,28850,159,0.9306600572423357,0.5512085210979107,0.9442105263157895,0.07058406623497954,0.9294159337650204
29009,YHR031C YDR077W,1.0,NA,0.5856788754463196,2690,2191,28850,160,0.9306305508837155,0.5511165744724442,0.9438596491228071,0.07058406623497954,0.9294159337650204
29010,YJL108C YLR378C,0.0,NA,0.5858662128448486,2690,2190,28851,160,0.9306600572423357,0.5512295081967213,0.9438596491228071,0.07055185077800329,0.9294481492219967
29011,YNL079C YML058W,1.0,NA,0.5860539078712463,2689,2190,28851,161,0.9306305508837155,0.5511375281820045,0.9435087719298245,0.07055185077800329,0.9294481492219967
29012,YDL193W YHR150W,0.0,NA,0.5862675309181213,2689,2189,28852,161,0.9306600572423357,0.551250512505125,0.9435087719298245,0.07051963532102704,0.929480364678973
29013,YJL054W YOR266W,1.0,NA,0.5862863063812256,2688,2189,28852,162,0.9306305508837155,0.5511584990773016,0.9431578947368421,0.07051963532102704,0.929480364678973
29014,YGL115W YJL190C,0.0,NA,0.5864160060882568,2688,2188,28853,162,0.9306600572423357,0.5512715340442986,0.9431578947368421,0.07048741986405077,0.9295125801359492
29015,YLR378C YBR181C,0.0,NA,0.5869883298873901,2688,2187,28854,162,0.930689563600956,0.5513846153846154,0.9431578947368421,0.07045520440707452,0.9295447955929255
29016,YPL065W YBL098W,0.0,NA,0.587525486946106,2688,2186,28855,162,0.9307190699595763,0.5514977431267952,0.9431578947368421,0.07042298895009826,0.9295770110499018
29017,YKL006W YKR035W-A,0.0,NA,0.5876239538192749,2688,2185,28856,162,0.9307485763181965,0.5516109172994049,0.9431578947368421,0.070390773493122,0.929609226506878
29018,YLR360W YDR513W,0.0,NA,0.5878089666366577,2688,2184,28857,162,0.9307780826768168,0.5517241379310345,0.9431578947368421,0.07035855803614574,0.9296414419638542
29019,YHR031C YOR326W,1.0,NA,0.5878466963768005,2687,2184,28857,163,0.9307485763181965,0.5516321083966331,0.9428070175438596,0.07035855803614574,0.9296414419638542
29020,YOR253W YDR477W,0.0,NA,0.5880387425422668,2687,2183,28858,163,0.9307780826768168,0.5517453798767967,0.9428070175438596,0.07032634257916949,0.9296736574208305
29021,YJL112W YBR091C,1.0,NA,0.5880638360977173,2686,2183,28858,164,0.9307485763181965,0.5516533169028548,0.9424561403508772,0.07032634257916949,0.9296736574208305
29022,YNL209W YGR261C,0.0,NA,0.5881786346435547,2686,2182,28859,164,0.9307780826768168,0.5517666392769104,0.9424561403508772,0.07029412712219323,0.9297058728778068
29023,YKR087C YPL061W,0.0,NA,0.5881880521774292,2686,2181,28860,164,0.9308075890354371,0.5518800082186152,0.9424561403508772,0.07026191166521698,0.929738088334783
29024,YDL075W YER168C,0.0,NA,0.5882218480110168,2686,2180,28861,164,0.9308370953940575,0.551993423756679,0.9424561403508772,0.07022969620824071,0.9297703037917593
29025,YER090W YFR041C,0.0,NA,0.5884656310081482,2686,2179,28862,164,0.9308666017526777,0.5521068859198356,0.9424561403508772,0.07019748075126446,0.9298025192487356
29026,YER164W YJR092W,0.0,NA,0.5889274477958679,2686,2178,28863,164,0.930896108111298,0.5522203947368421,0.9424561403508772,0.0701652652942882,0.9298347347057118
29027,YIL148W YCR053W,0.0,NA,0.5890804529190063,2686,2177,28864,164,0.9309256144699183,0.5523339502364796,0.9424561403508772,0.07013304983731194,0.929866950162688
29028,YHR172W YMR204C,0.0,NA,0.5897316932678223,2686,2176,28865,164,0.9309551208285386,0.5524475524475524,0.9424561403508772,0.07010083438033568,0.9298991656196643
29029,YPL070W YDL148C,0.0,NA,0.5901011228561401,2686,2175,28866,164,0.9309846271871588,0.5525612013988891,0.9424561403508772,0.07006861892335943,0.9299313810766405
29030,YAR042W YDR328C,0.0,NA,0.5901474356651306,2686,2174,28867,164,0.9310141335457791,0.5526748971193416,0.9424561403508772,0.07003640346638317,0.9299635965336168
29031,YMR163C YML078W,0.0,NA,0.5905073285102844,2686,2173,28868,164,0.9310436399043994,0.5527886396377856,0.9424561403508772,0.07000418800940691,0.9299958119905931
29032,YPL001W YGR199W,0.0,NA,0.5905567407608032,2686,2172,28869,164,0.9310731462630197,0.5529024289831206,0.9424561403508772,0.06997197255243065,0.9300280274475693
29033,YJR120W YMR211W,1.0,NA,0.5907461047172546,2685,2172,28869,165,0.9310436399043994,0.5528103767757875,0.9421052631578948,0.06997197255243065,0.9300280274475693
29034,YBL100W-A YBR296C,0.0,NA,0.5910729169845581,2685,2171,28870,165,0.9310731462630197,0.5529242174629324,0.9421052631578948,0.0699397570954544,0.9300602429045456
29035,YCR066W YLR231C,0.0,NA,0.5911438465118408,2685,2170,28871,165,0.9311026526216399,0.553038105046344,0.9421052631578948,0.06990754163847814,0.9300924583615219
29036,YJL091C YJR005W,0.0,NA,0.5911626219749451,2685,2169,28872,165,0.9311321589802602,0.5531520395550061,0.9421052631578948,0.06987532618150188,0.9301246738184981
29037,YLR345W YLR299W,0.0,NA,0.5912404656410217,2685,2168,28873,165,0.9311616653388806,0.5532660210179271,0.9421052631578948,0.06984311072452563,0.9301568892754744
29038,YKR066C YKL041W,0.0,NA,0.5914093852043152,2685,2167,28874,165,0.9311911716975008,0.5533800494641385,0.9421052631578948,0.06981089526754937,0.9301891047324506
29039,YNL094W YDR014W,0.0,NA,0.5916188955307007,2685,2166,28875,165,0.9312206780561211,0.5534941249226963,0.9421052631578948,0.06977867981057312,0.9302213201894269
29040,Q0070 YNL272C,0.0,NA,0.5918521881103516,2685,2165,28876,165,0.9312501844147414,0.5536082474226804,0.9421052631578948,0.06974646435359685,0.9302535356464031
29041,YBR192W YNL213C,1.0,NA,0.5920957922935486,2684,2165,28876,166,0.9312206780561211,0.5535161889049288,0.9417543859649122,0.06974646435359685,0.9302535356464031
29042,YGR224W YDR057W,0.0,NA,0.592150866985321,2684,2164,28877,166,0.9312501844147414,0.5536303630363036,0.9417543859649122,0.0697142488966206,0.9302857511033794
29043,YDL019C YBR015C,0.0,NA,0.592274010181427,2684,2163,28878,166,0.9312796907733617,0.5537445842789355,0.9417543859649122,0.06968203343964434,0.9303179665603557
29044,YGL032C YPR060C,0.0,NA,0.5923565030097961,2684,2162,28879,166,0.9313091971319819,0.5538588526619893,0.9417543859649122,0.06964981798266809,0.9303501820173319
29045,YLR355C YOL060C,1.0,NA,0.5923939943313599,2683,2162,28879,167,0.9312796907733617,0.5537667698658411,0.9414035087719298,0.06964981798266809,0.9303501820173319
29046,YEL046C YLR260W,0.0,NA,0.5924394726753235,2683,2161,28880,167,0.9313091971319819,0.5538810900082577,0.9414035087719298,0.06961760252569182,0.9303823974743082
29047,YKL006C-A YLR103C,0.0,NA,0.5924976468086243,2683,2160,28881,167,0.9313387034906022,0.5539954573611398,0.9414035087719298,0.06958538706871557,0.9304146129312845
29048,YNL068C YDR498C,0.0,NA,0.5926291942596436,2683,2159,28882,167,0.9313682098492225,0.5541098719537382,0.9414035087719298,0.06955317161173931,0.9304468283882606
29049,YKR055W YFL025C,0.0,NA,0.5927639603614807,2683,2158,28883,167,0.9313977162078428,0.5542243338153274,0.9414035087719298,0.06952095615476306,0.9304790438452369
29050,YBR192W YIL065C,1.0,NA,0.5932921171188354,2682,2158,28883,168,0.9313682098492225,0.5541322314049587,0.9410526315789474,0.06952095615476306,0.9304790438452369
29051,YHR211W YOL110W,0.0,NA,0.5937392711639404,2682,2157,28884,168,0.9313977162078428,0.5542467451952883,0.9410526315789474,0.0694887406977868,0.9305112593022132
29052,YPR052C YOR204W,0.0,NA,0.5939232110977173,2682,2156,28885,168,0.931427222566463,0.5543613063249276,0.9410526315789474,0.06945652524081054,0.9305434747591894
29053,YPR125W YOL027C,1.0,NA,0.5939624905586243,2681,2156,28885,169,0.9313977162078428,0.5542691751085383,0.9407017543859649,0.06945652524081054,0.9305434747591894
29054,YGL020C YFL036W,1.0,NA,0.594182550907135,2680,2156,28885,170,0.9313682098492225,0.554177005789909,0.9403508771929825,0.06945652524081054,0.9305434747591894
29055,YLR377C YML042W,0.0,NA,0.5943719744682312,2680,2155,28886,170,0.9313977162078428,0.5542916235780765,0.9403508771929825,0.06942430978383428,0.9305756902161657
29056,YJL031C YPL259C,0.0,NA,0.5945433974266052,2680,2154,28887,170,0.931427222566463,0.5544062887877534,0.9403508771929825,0.06939209432685803,0.930607905673142
29057,YMR010W YBR181C,0.0,NA,0.5945521593093872,2680,2153,28888,170,0.9314567289250834,0.5545210014483758,0.9403508771929825,0.06935987886988176,0.9306401211301182
29058,YDR480W YLR260W,0.0,NA,0.5953626036643982,2680,2152,28889,170,0.9314862352837037,0.554635761589404,0.9403508771929825,0.06932766341290551,0.9306723365870945
29059,YNL121C YPR131C,1.0,NA,0.5955083966255188,2679,2152,28889,171,0.9314567289250834,0.5545435727592631,0.94,0.06932766341290551,0.9306723365870945
29060,YLR176C YKL052C,0.0,NA,0.5961348414421082,2679,2151,28890,171,0.9314862352837037,0.5546583850931677,0.94,0.06929544795592925,0.9307045520440708
29061,YPL070W YMR167W,0.0,NA,0.5963706374168396,2679,2150,28891,171,0.9315157416423239,0.5547732449782564,0.94,0.069263232498953,0.9307367675010471
29062,YNL213C YLL013C,1.0,NA,0.5964480638504028,2678,2150,28891,172,0.9314862352837037,0.5546810273405137,0.9396491228070175,0.069263232498953,0.9307367675010471
29063,YDR155C YNL139C,0.0,NA,0.5966095328330994,2678,2149,28892,172,0.9315157416423239,0.5547959395069402,0.9396491228070175,0.06923101704197675,0.9307689829580232
29064,YIL064W YKR031C,0.0,NA,0.5966480374336243,2678,2148,28893,172,0.9315452480009442,0.5549108992954828,0.9396491228070175,0.06919880158500048,0.9308011984149995
29065,YGL113W YDR293C,0.0,NA,0.5968003273010254,2678,2147,28894,172,0.9315747543595645,0.5550259067357513,0.9396491228070175,0.06916658612802423,0.9308334138719758
29066,YDR373W YEL040W,0.0,NA,0.5968297719955444,2678,2146,28895,172,0.9316042607181848,0.5551409618573798,0.9396491228070175,0.06913437067104797,0.930865629328952
29067,YMR238W YPR145W,0.0,NA,0.5970614552497864,2678,2145,28896,172,0.931633767076805,0.555256064690027,0.9396491228070175,0.06910215521407172,0.9308978447859283
29068,YLR426W YGL100W,0.0,NA,0.5970898270606995,2678,2144,28897,172,0.9316632734354253,0.5553712152633762,0.9396491228070175,0.06906993975709545,0.9309300602429046
29069,YCL074W YGL136C,0.0,NA,0.5973148345947266,2678,2143,28898,172,0.9316927797940456,0.5554864136071355,0.9396491228070175,0.0690377243001192,0.9309622756998808
29070,YKR022C YLL021W,0.0,NA,0.5973666906356812,2678,2142,28899,172,0.931722286152666,0.5556016597510374,0.9396491228070175,0.06900550884314294,0.9309944911568571
29071,YBR212W YKR042W,1.0,NA,0.5980377197265625,2677,2142,28899,173,0.9316927797940456,0.5555094417929031,0.9392982456140351,0.06900550884314294,0.9309944911568571
29072,YNL263C YKR106W,0.0,NA,0.5982100963592529,2677,2141,28900,173,0.931722286152666,0.5556247405562474,0.9392982456140351,0.06897329338616669,0.9310267066138334
29073,YCR008W YAL013W,0.0,NA,0.5984141826629639,2677,2140,28901,173,0.9317517925112861,0.5557400871911978,0.9392982456140351,0.06894107792919042,0.9310589220708095
29074,YDL122W YKL220C,0.0,NA,0.5987437963485718,2677,2139,28902,173,0.9317812988699065,0.5558554817275747,0.9392982456140351,0.06890886247221417,0.9310911375277858
29075,YDL046W YDL105W,0.0,NA,0.598773181438446,2677,2138,28903,173,0.9318108052285268,0.5559709241952233,0.9392982456140351,0.06887664701523791,0.9311233529847621
29076,YNL271C YKL110C,0.0,NA,0.5990456938743591,2677,2137,28904,173,0.9318403115871471,0.5560864146240133,0.9392982456140351,0.06884443155826166,0.9311555684417383
29077,YML022W YHR181W,0.0,NA,0.5992224216461182,2677,2136,28905,173,0.9318698179457673,0.5562019530438396,0.9392982456140351,0.06881221610128539,0.9311877838987146
29078,YOL045W YLR186W,0.0,NA,0.5998121500015259,2677,2135,28906,173,0.9318993243043876,0.5563175394846218,0.9392982456140351,0.06878000064430914,0.9312199993556909
29079,YDR213W YDL076C,0.0,NA,0.5999985933303833,2677,2134,28907,173,0.9319288306630079,0.5564331739763043,0.9392982456140351,0.06874778518733288,0.9312522148126671
29080,YLR368W YNL213C,1.0,NA,0.6000431180000305,2676,2134,28907,174,0.9318993243043876,0.5563409563409564,0.9389473684210526,0.06874778518733288,0.9312522148126671
29081,YHR020W YIL016W,0.0,NA,0.6001376509666443,2676,2133,28908,174,0.9319288306630079,0.5564566437928883,0.9389473684210526,0.06871556973035663,0.9312844302696434
29082,YKL101W YPL057C,0.0,NA,0.6003115177154541,2676,2132,28909,174,0.9319583370216281,0.5565723793677204,0.9389473684210526,0.06868335427338036,0.9313166457266197
29083,YJL129C YNL046W,0.0,NA,0.6004014015197754,2676,2131,28910,174,0.9319878433802484,0.5566881630954857,0.9389473684210526,0.06865113881640411,0.9313488611835959
29084,YBR293W YDR178W,0.0,NA,0.6004329919815063,2676,2130,28911,174,0.9320173497388687,0.5568039950062422,0.9389473684210526,0.06861892335942785,0.9313810766405721
29085,YDR108W YGR229C,0.0,NA,0.6005783081054688,2676,2129,28912,174,0.932046856097489,0.5569198751300728,0.9389473684210526,0.0685867079024516,0.9314132920975484
29086,YKL101W YOR250C,0.0,NA,0.6006306409835815,2676,2128,28913,174,0.9320763624561093,0.5570358034970858,0.9389473684210526,0.06855449244547535,0.9314455075545247
29087,YCR020W-B YPL210C,0.0,NA,0.6009202599525452,2676,2127,28914,174,0.9321058688147296,0.5571517801374141,0.9389473684210526,0.06852227698849908,0.9314777230115009
29088,YDR252W YLR157C,0.0,NA,0.6012439131736755,2676,2126,28915,174,0.9321353751733499,0.5572678050812162,0.9389473684210526,0.06849006153152283,0.9315099384684772
29089,YCR086W YOL149W,0.0,NA,0.6013715267181396,2676,2125,28916,174,0.9321648815319702,0.5573838783586753,0.9389473684210526,0.06845784607454657,0.9315421539254535
29090,YNL079C YFL039C,1.0,NA,0.6015130877494812,2675,2125,28916,175,0.9321353751733499,0.5572916666666666,0.9385964912280702,0.06845784607454657,0.9315421539254535
29091,YJR062C YOR269W,0.0,NA,0.6015814542770386,2675,2124,28917,175,0.9321648815319702,0.5574077932902688,0.9385964912280702,0.06842563061757032,0.9315743693824297
29092,YHR172W YOR069W,0.0,NA,0.601887583732605,2675,2123,28918,175,0.9321943878905904,0.5575239683201334,0.9385964912280702,0.06839341516059405,0.931606584839406
29093,YLR265C YMR208W,0.0,NA,0.6019097566604614,2675,2122,28919,175,0.9322238942492107,0.5576401917865332,0.9385964912280702,0.0683611997036178,0.9316388002963822
29094,YAR042W YOL003C,0.0,NA,0.6019631028175354,2675,2121,28920,175,0.932253400607831,0.5577564637197665,0.9385964912280702,0.06832898424664154,0.9316710157533584
29095,YKL130C YBL018C,0.0,NA,0.6024815440177917,2675,2120,28921,175,0.9322829069664512,0.5578727841501564,0.9385964912280702,0.06829676878966529,0.9317032312103347
29096,YNL245C YPL112C,0.0,NA,0.6029770970344543,2675,2119,28922,175,0.9323124133250715,0.5579891531080517,0.9385964912280702,0.06826455333268902,0.931735446667311
29097,YLR227C YLR306W,0.0,NA,0.6036161184310913,2675,2118,28923,175,0.9323419196836918,0.5581055706238264,0.9385964912280702,0.06823233787571277,0.9317676621242872
29098,YLL006W YNL310C,1.0,NA,0.6038208603858948,2674,2118,28923,176,0.9323124133250715,0.5580133555926544,0.9382456140350878,0.06823233787571277,0.9317676621242872
29099,YMR302C YNR035C,1.0,NA,0.6043584942817688,2673,2118,28923,177,0.9322829069664512,0.5579211020663745,0.9378947368421052,0.06823233787571277,0.9317676621242872
29100,YMR044W YER042W,0.0,NA,0.6049448251724243,2673,2117,28924,177,0.9323124133250715,0.5580375782881002,0.9378947368421052,0.0682001224187365,0.9317998775812635
29101,YLR467W YPL154C,0.0,NA,0.605067789554596,2673,2116,28925,177,0.9323419196836918,0.5581541031530591,0.9378947368421052,0.06816790696176026,0.9318320930382398
29102,YJL054W YML091C,1.0,NA,0.6052921414375305,2672,2116,28925,178,0.9323124133250715,0.5580618212197159,0.9375438596491228,0.06816790696176026,0.9318320930382398
29103,YFL039C YOR211C,1.0,NA,0.6054035425186157,2671,2116,28925,179,0.9322829069664512,0.5579695007311468,0.9371929824561404,0.06816790696176026,0.9318320930382398
29104,YPL156C YGL186C,0.0,NA,0.6059279441833496,2671,2115,28926,179,0.9323124133250715,0.5580860844128709,0.9371929824561404,0.06813569150478399,0.931864308495216
29105,YDR427W YER065C,0.0,NA,0.6060141921043396,2671,2114,28927,179,0.9323419196836918,0.5582027168234065,0.9371929824561404,0.06810347604780774,0.9318965239521922
29106,YLR306W YPR180W,0.0,NA,0.6062182188034058,2671,2113,28928,179,0.9323714260423122,0.558319397993311,0.9371929824561404,0.06807126059083148,0.9319287394091685
29107,YNL167C YBR264C,0.0,NA,0.6065952181816101,2671,2112,28929,179,0.9324009324009324,0.5584361279531674,0.9371929824561404,0.06803904513385522,0.9319609548661448
29108,YOL058W YLR005W,0.0,NA,0.6066305041313171,2671,2111,28930,179,0.9324304387595527,0.5585529067335843,0.9371929824561404,0.06800682967687896,0.931993170323121
29109,YGR134W YNL240C,0.0,NA,0.6067618131637573,2671,2110,28931,179,0.932459945118173,0.5586697343651955,0.9371929824561404,0.06797461421990271,0.9320253857800973
29110,YML075C YLR435W,0.0,NA,0.6074991226196289,2671,2109,28932,179,0.9324894514767933,0.5587866108786611,0.9371929824561404,0.06794239876292645,0.9320576012370736
29111,YKR036C YML091C,1.0,NA,0.6078711748123169,2670,2109,28932,180,0.932459945118173,0.5586942875078468,0.9368421052631579,0.06794239876292645,0.9320576012370736
29112,YKR085C YOR211C,0.0,NA,0.6079123616218567,2670,2108,28933,180,0.9324894514767933,0.5588112180828798,0.9368421052631579,0.0679101833059502,0.9320898166940498
29113,YDL142C YMR211W,1.0,NA,0.6079692840576172,2669,2108,28933,181,0.932459945118173,0.5587188612099644,0.9364912280701755,0.0679101833059502,0.9320898166940498
29114,YLR005W YJR063W,0.0,NA,0.6083805561065674,2669,2107,28934,181,0.9324894514767933,0.5588358458961474,0.9364912280701755,0.06787796784897394,0.9321220321510261
29115,YGL020C YBR179C,1.0,NA,0.6085488796234131,2668,2107,28934,182,0.932459945118173,0.5587434554973822,0.9361403508771929,0.06787796784897394,0.9321220321510261
29116,YJL109C YLR048W,0.0,NA,0.6086971163749695,2668,2106,28935,182,0.9324894514767933,0.5588604943443654,0.9361403508771929,0.06784575239199768,0.9321542476080024
29117,YGR177C YGR199W,0.0,NA,0.6088786125183105,2668,2105,28936,182,0.9325189578354135,0.5589775822333962,0.9361403508771929,0.06781353693502143,0.9321864630649785
29118,YGR163W YHR015W,0.0,NA,0.6094876527786255,2668,2104,28937,182,0.9325484641940338,0.559094719195306,0.9361403508771929,0.06778132147804516,0.9322186785219548
29119,YNL041C YJL178C,0.0,NA,0.6094934940338135,2668,2103,28938,182,0.9325779705526541,0.5592119052609515,0.9361403508771929,0.06774910602106891,0.9322508939789311
29120,YBR212W YHR194W,1.0,NA,0.6096875071525574,2667,2103,28938,183,0.9325484641940338,0.5591194968553459,0.9357894736842105,0.06774910602106891,0.9322508939789311
29121,YPL028W YPL047W,0.0,NA,0.6097158789634705,2667,2102,28939,183,0.9325779705526541,0.5592367372614804,0.9357894736842105,0.06771689056409265,0.9322831094359073
29122,YGL070C YGL033W,0.0,NA,0.6099364161491394,2667,2101,28940,183,0.9326074769112743,0.5593540268456376,0.9357894736842105,0.0676846751071164,0.9323153248928836
29123,YJL054W YBR179C,1.0,NA,0.6099856495857239,2666,2101,28940,184,0.9325779705526541,0.5592615900985946,0.9354385964912281,0.0676846751071164,0.9323153248928836
29124,YNR072W YKR097W,0.0,NA,0.6104686856269836,2666,2100,28941,184,0.9326074769112743,0.5593789341166596,0.9354385964912281,0.06765245965014013,0.9323475403498599
29125,YDR427W YLR003C,0.0,NA,0.6107022166252136,2666,2099,28942,184,0.9326369832698946,0.5594963273871983,0.9354385964912281,0.06762024419316388,0.9323797558068361
29126,YGL173C YKL159C,0.0,NA,0.6107383966445923,2666,2098,28943,184,0.932666489628515,0.5596137699412259,0.9354385964912281,0.06758802873618762,0.9324119712638124
29127,YDR423C YMR112C,0.0,NA,0.6112180948257446,2666,2097,28944,184,0.9326959959871353,0.5597312618097837,0.9354385964912281,0.06755581327921137,0.9324441867207887
29128,YJR027W YEL036C,0.0,NA,0.611335277557373,2666,2096,28945,184,0.9327255023457555,0.5598488030239395,0.9354385964912281,0.0675235978222351,0.9324764021777648
29129,YLR399C YKL080W,0.0,NA,0.6114286184310913,2666,2095,28946,184,0.9327550087043758,0.5599663936147868,0.9354385964912281,0.06749138236525885,0.9325086176347411
29130,YPR201W YNL190W,0.0,NA,0.611515462398529,2666,2094,28947,184,0.9327845150629961,0.5600840336134454,0.9354385964912281,0.06745916690828259,0.9325408330917174
29131,YDL216C YBR107C,0.0,NA,0.6115409135818481,2666,2093,28948,184,0.9328140214216164,0.5602017230510612,0.9354385964912281,0.06742695145130634,0.9325730485486937
29132,YGL055W YPR125W,1.0,NA,0.6115877032279968,2665,2093,28948,185,0.9327845150629961,0.5601092896174863,0.9350877192982456,0.06742695145130634,0.9325730485486937
29133,YOL119C YBL105C,0.0,NA,0.6118667125701904,2665,2092,28949,185,0.9328140214216164,0.5602270338448602,0.9350877192982456,0.06739473599433007,0.9326052640056699
29134,YNL123W YBR233W-A,0.0,NA,0.6119020581245422,2665,2091,28950,185,0.9328435277802366,0.5603448275862069,0.9350877192982456,0.06736252053735382,0.9326374794626462
29135,YML071C YDR229W,0.0,NA,0.6124845743179321,2665,2090,28951,185,0.9328730341388569,0.5604626708727655,0.9350877192982456,0.06733030508037756,0.9326696949196225
29136,YJR120W YDR077W,1.0,NA,0.6125400066375732,2664,2090,28951,186,0.9328435277802366,0.5603702145561632,0.9347368421052632,0.06733030508037756,0.9326696949196225
29137,YDR536W YGL145W,0.0,NA,0.6125649213790894,2664,2089,28952,186,0.9328730341388569,0.5604881127708815,0.9347368421052632,0.06729808962340131,0.9327019103765987
29138,YDR005C YMR174C,0.0,NA,0.6127170920372009,2664,2088,28953,186,0.9329025404974772,0.5606060606060606,0.9347368421052632,0.06726587416642506,0.932734125833575
29139,YLR304C YMR241W,1.0,NA,0.6129553914070129,2663,2088,28953,187,0.9328730341388569,0.5605135760892443,0.9343859649122807,0.06726587416642506,0.932734125833575
29140,YML091C YDL006W,1.0,NA,0.6136335134506226,2662,2088,28953,188,0.9328435277802366,0.5604210526315789,0.9340350877192982,0.06726587416642506,0.932734125833575
29141,YLR303W YDR235W,0.0,NA,0.6137071847915649,2662,2087,28954,188,0.9328730341388569,0.5605390608549168,0.9340350877192982,0.0672336587094488,0.9327663412905512
29142,YGL025C YLR319C,0.0,NA,0.6138386726379395,2662,2086,28955,188,0.9329025404974772,0.5606571187868576,0.9340350877192982,0.06720144325247254,0.9327985567475274
29143,YCR081W YER176W,0.0,NA,0.6138545274734497,2662,2085,28956,188,0.9329320468560975,0.5607752264588161,0.9340350877192982,0.06716922779549628,0.9328307722045037
29144,YBR009C YHR072W-A,0.0,NA,0.6139775514602661,2662,2084,28957,188,0.9329615532147177,0.5608933839022334,0.9340350877192982,0.06713701233852003,0.93286298766148
29145,YOL051W Q0065,0.0,NA,0.6140223145484924,2662,2083,28958,188,0.932991059573338,0.5610115911485775,0.9340350877192982,0.06710479688154376,0.9328952031184562
29146,YER064C YBR193C,0.0,NA,0.6141127347946167,2662,2082,28959,188,0.9330205659319584,0.5611298482293423,0.9340350877192982,0.06707258142456751,0.9329274185754325
29147,YNL246W YDL022W,0.0,NA,0.6144137382507324,2662,2081,28960,188,0.9330500722905786,0.5612481551760489,0.9340350877192982,0.06704036596759125,0.9329596340324088
29148,YDL028C YER046W,0.0,NA,0.614434540271759,2662,2080,28961,188,0.9330795786491989,0.5613665120202446,0.9340350877192982,0.067008150510615,0.932991849489385
29149,YOR322C YKL112W,0.0,NA,0.6144520044326782,2662,2079,28962,188,0.9331090850078192,0.5614849187935035,0.9340350877192982,0.06697593505363873,0.9330240649463613
29150,YDR454C YLR079W,0.0,NA,0.6145661473274231,2662,2078,28963,188,0.9331385913664395,0.5616033755274261,0.9340350877192982,0.06694371959666248,0.9330562804033375
29151,YPL218W YGR255C,0.0,NA,0.6148819327354431,2662,2077,28964,188,0.9331680977250597,0.5617218822536401,0.9340350877192982,0.06691150413968622,0.9330884958603137
29152,YML125C YHR110W,0.0,NA,0.6157935261726379,2662,2076,28965,188,0.93319760408368,0.5618404390037991,0.9340350877192982,0.06687928868270997,0.93312071131729
29153,YNL213C YPR083W,1.0,NA,0.6158101558685303,2661,2076,28965,189,0.9331680977250597,0.5617479417352755,0.9336842105263158,0.06687928868270997,0.93312071131729
29154,YPR125W YKL013C,1.0,NA,0.6165267825126648,2660,2076,28965,190,0.9331385913664395,0.5616554054054054,0.9333333333333333,0.06687928868270997,0.93312071131729
29155,YAL011W YMR137C,0.0,NA,0.6165292263031006,2660,2075,28966,190,0.9331680977250597,0.5617740232312566,0.9333333333333333,0.0668470732257337,0.9331529267742663
29156,YDR296W YMR134W,1.0,NA,0.6166682243347168,2659,2075,28966,191,0.9331385913664395,0.5616814533164343,0.9329824561403509,0.0668470732257337,0.9331529267742663
29157,YIR021W YHR044C,0.0,NA,0.6167599558830261,2659,2074,28967,191,0.9331680977250597,0.5618001267694908,0.9329824561403509,0.06681485776875745,0.9331851422312426
29158,YJR120W YBR179C,1.0,NA,0.6176354885101318,2658,2074,28967,192,0.9331385913664395,0.5617075232459848,0.9326315789473684,0.06681485776875745,0.9331851422312426
29159,YLR378C YJR123W,0.0,NA,0.6177191734313965,2658,2073,28968,192,0.9331680977250597,0.5618262523779328,0.9326315789473684,0.06678264231178119,0.9332173576882188
29160,YNL079C YBR192W,1.0,NA,0.6178160905838013,2657,2073,28968,193,0.9331385913664395,0.5617336152219873,0.9322807017543859,0.06678264231178119,0.9332173576882188
29161,YKR036C YFL036W,1.0,NA,0.6178513765335083,2656,2073,28968,194,0.9331090850078192,0.5616409388877142,0.9319298245614035,0.06678264231178119,0.9332173576882188
29162,YML038C YDR394W,0.0,NA,0.6179462671279907,2656,2072,28969,194,0.9331385913664395,0.5617597292724196,0.9319298245614035,0.06675042685480494,0.9332495731451951
29163,YNL213C YPR131C,1.0,NA,0.6182056665420532,2655,2072,28969,195,0.9331090850078192,0.5616670192511106,0.9315789473684211,0.06675042685480494,0.9332495731451951
29164,YPR043W YER170W,0.0,NA,0.6186354756355286,2655,2071,28970,195,0.9331385913664395,0.5617858654253068,0.9315789473684211,0.06671821139782867,0.9332817886021714
29165,YOR326W YIL065C,1.0,NA,0.6186513304710388,2654,2071,28970,196,0.9331090850078192,0.5616931216931217,0.9312280701754386,0.06671821139782867,0.9332817886021714
29166,YKL190W YBL051C,0.0,NA,0.6189026832580566,2654,2070,28971,196,0.9331385913664395,0.5618120237087214,0.9312280701754386,0.06668599594085242,0.9333140040591476
29167,YML077W YOR290C,0.0,NA,0.6192637085914612,2654,2069,28972,196,0.9331680977250597,0.5619309760745289,0.9312280701754386,0.06665378048387616,0.9333462195161238
29168,YJR027W YML047C,0.0,NA,0.6192882657051086,2654,2068,28973,196,0.93319760408368,0.5620499788225328,0.9312280701754386,0.0666215650268999,0.9333784349731001
29169,YLR355C YKR036C,1.0,NA,0.619335949420929,2653,2068,28973,197,0.9331680977250597,0.5619572124549883,0.9308771929824562,0.0666215650268999,0.9333784349731001
29170,YHR194W YOL060C,1.0,NA,0.6194011569023132,2652,2068,28973,198,0.9331385913664395,0.561864406779661,0.9305263157894736,0.0666215650268999,0.9333784349731001
29171,YDR503C YBR106W,0.0,NA,0.6198280453681946,2652,2067,28974,198,0.9331680977250597,0.5619834710743802,0.9305263157894736,0.06658934956992366,0.9334106504300763
29172,YDR363W-A YGL198W,0.0,NA,0.6202799677848816,2652,2066,28975,198,0.93319760408368,0.5621025858414582,0.9305263157894736,0.06655713411294739,0.9334428658870526
29173,YBR086C YMR281W,0.0,NA,0.6206508278846741,2652,2065,28976,198,0.9332271104423003,0.5622217511129955,0.9305263157894736,0.06652491865597114,0.9334750813440289
29174,YBR231C YHR040W,0.0,NA,0.6209062337875366,2652,2064,28977,198,0.9332566168009206,0.5623409669211196,0.9305263157894736,0.06649270319899488,0.9335072968010051
29175,YJR065C YLL006W,1.0,NA,0.6209148168563843,2651,2064,28977,199,0.9332271104423003,0.5622481442205727,0.9301754385964912,0.06649270319899488,0.9335072968010051
29176,YER155C YNL190W,0.0,NA,0.6209473609924316,2651,2063,28978,199,0.9332566168009206,0.5623674162070429,0.9301754385964912,0.06646048774201863,0.9335395122579814
29177,YFL039C YDR077W,1.0,NA,0.6217055320739746,2650,2063,28978,200,0.9332271104423003,0.5622745597284108,0.9298245614035088,0.06646048774201863,0.9335395122579814
29178,YKL007W YLR455W,0.0,NA,0.621908962726593,2650,2062,28979,200,0.9332566168009206,0.5623938879456706,0.9298245614035088,0.06642827228504236,0.9335717277149577
29179,YCR035C YML125C,0.0,NA,0.6220278739929199,2650,2061,28980,200,0.9332861231595408,0.5625132668223307,0.9298245614035088,0.06639605682806611,0.9336039431719338
29180,YER157W YOL075C,0.0,NA,0.6223945617675781,2650,2060,28981,200,0.9333156295181612,0.5626326963906582,0.9298245614035088,0.06636384137108985,0.9336361586289101
29181,YNL172W YNL267W,0.0,NA,0.6226563453674316,2650,2059,28982,200,0.9333451358767815,0.5627521766829475,0.9298245614035088,0.0663316259141136,0.9336683740858864
29182,YMR247C YDR260C,0.0,NA,0.623222827911377,2650,2058,28983,200,0.9333746422354017,0.5628717077315208,0.9298245614035088,0.06629941045713733,0.9337005895428626
29183,YPR125W YNL066W,1.0,NA,0.6233402490615845,2649,2058,28983,201,0.9333451358767815,0.5627788400254939,0.9294736842105263,0.06629941045713733,0.9337005895428626
29184,YLR355C YKL013C,1.0,NA,0.6234650611877441,2648,2058,28983,202,0.9333156295181612,0.5626859328516787,0.9291228070175439,0.06629941045713733,0.9337005895428626
29185,YPL235W YOR346W,0.0,NA,0.6236006021499634,2648,2057,28984,202,0.9333451358767815,0.5628055260361318,0.9291228070175439,0.06626719500016108,0.9337328049998389
29186,YNL026W YOR330C,1.0,NA,0.6237695813179016,2647,2057,28984,203,0.9333156295181612,0.5627125850340136,0.9287719298245614,0.06626719500016108,0.9337328049998389
29187,YKR036C YMR134W,1.0,NA,0.623824954032898,2646,2057,28984,204,0.9332861231595408,0.562619604507761,0.9284210526315789,0.06626719500016108,0.9337328049998389
29188,YKR022C YBR042C,0.0,NA,0.6238465309143066,2646,2056,28985,204,0.9333156295181612,0.5627392598894088,0.9284210526315789,0.06623497954318482,0.9337650204568152
29189,YLL063C YOL088C,0.0,NA,0.6240457892417908,2646,2055,28986,204,0.9333451358767815,0.562858966177409,0.9284210526315789,0.06620276408620857,0.9337972359137915
29190,YJR059W YGR092W,0.0,NA,0.6245446801185608,2646,2054,28987,204,0.9333746422354017,0.5629787234042554,0.9284210526315789,0.0661705486292323,0.9338294513707677
29191,YGR262C YBR218C,0.0,NA,0.6246721148490906,2646,2053,28988,204,0.933404148594022,0.5630985316024686,0.9284210526315789,0.06613833317225605,0.933861666827744
29192,YHR031C YJL054W,1.0,NA,0.624816358089447,2645,2053,28988,205,0.9333746422354017,0.5630055342699021,0.9280701754385965,0.06613833317225605,0.933861666827744
29193,YGR002C YGR230W,0.0,NA,0.6251505613327026,2645,2052,28989,205,0.933404148594022,0.5631253991909729,0.9280701754385965,0.06610611771527979,0.9338938822847203
29194,YKL054C YDR035W,0.0,NA,0.6252538561820984,2645,2051,28990,205,0.9334336549526423,0.5632453151618398,0.9280701754385965,0.06607390225830354,0.9339260977416964
29195,YLR206W YNL197C,0.0,NA,0.6255806088447571,2645,2050,28991,205,0.9334631613112626,0.5633652822151225,0.9280701754385965,0.06604168680132727,0.9339583131986727
29196,YLR229C YNL167C,0.0,NA,0.6256865859031677,2645,2049,28992,205,0.9334926676698828,0.5634853003834682,0.9280701754385965,0.06600947134435102,0.933990528655649
29197,YJR120W YGL219C,1.0,NA,0.6267396211624146,2644,2049,28992,206,0.9334631613112626,0.5633922863839761,0.927719298245614,0.06600947134435102,0.933990528655649
29198,YJR120W YJL112W,1.0,NA,0.6270076036453247,2643,2049,28992,207,0.9334336549526423,0.5632992327365729,0.9273684210526316,0.06600947134435102,0.933990528655649
29199,YER048W-A YLR313C,0.0,NA,0.6271014213562012,2643,2048,28993,207,0.9334631613112626,0.5634193135791942,0.9273684210526316,0.06597725588737476,0.9340227441126252
29200,YER090W YER064C,0.0,NA,0.6272821426391602,2643,2047,28994,207,0.9334926676698828,0.5635394456289978,0.9273684210526316,0.0659450404303985,0.9340549595696015
29201,YPR131C YNL066W,1.0,NA,0.6274895668029785,2642,2047,28994,208,0.9334631613112626,0.5634463638302409,0.9270175438596491,0.0659450404303985,0.9340549595696015
29202,YDR142C YGL229C,0.0,NA,0.6280390024185181,2642,2046,28995,208,0.9334926676698828,0.5635665529010239,0.9270175438596491,0.06591282497342225,0.9340871750265778
29203,YIL040W YLR353W,0.0,NA,0.6281510591506958,2642,2045,28996,208,0.9335221740285031,0.5636867932579475,0.9270175438596491,0.06588060951644599,0.934119390483554
29204,YCR031C YLR006C,0.0,NA,0.6282920837402344,2642,2044,28997,208,0.9335516803871234,0.5638070849338455,0.9270175438596491,0.06584839405946974,0.9341516059405303
29205,YDR331W YOR117W,0.0,NA,0.6285103559494019,2642,2043,28998,208,0.9335811867457438,0.5639274279615795,0.9270175438596491,0.06581617860249347,0.9341838213975066
29206,YGL020C YGR181W,1.0,NA,0.6285578608512878,2641,2043,28998,209,0.9335516803871234,0.5638343296327925,0.9266666666666666,0.06581617860249347,0.9341838213975066
29207,YNL079C YMR134W,1.0,NA,0.6287248730659485,2640,2043,28998,210,0.9335221740285031,0.5637411915438821,0.9263157894736842,0.06581617860249347,0.9341838213975066
29208,YGR163W YPL069C,0.0,NA,0.6289289593696594,2640,2042,28999,210,0.9335516803871234,0.5638615976078599,0.9263157894736842,0.06578396314551722,0.9342160368544827
29209,YDR385W YOR360C,0.0,NA,0.629381000995636,2640,2041,29000,210,0.9335811867457438,0.5639820551164281,0.9263157894736842,0.06575174768854096,0.934248252311459
29210,YDL235C YNL220W,0.0,NA,0.6296609044075012,2640,2040,29001,210,0.933610693104364,0.5641025641025641,0.9263157894736842,0.06571953223156471,0.9342804677684353
29211,YGR282C YDR246W,0.0,NA,0.6297172904014587,2640,2039,29002,210,0.9336401994629843,0.5642231245992734,0.9263157894736842,0.06568731677458844,0.9343126832254115
29212,YKR079C YDR399W,0.0,NA,0.6297488808631897,2640,2038,29003,210,0.9336697058216046,0.5643437366395896,0.9263157894736842,0.0656551013176122,0.9343448986823878
29213,YJL041W YNL325C,0.0,NA,0.6304394006729126,2640,2037,29004,210,0.9336992121802249,0.5644644002565747,0.9263157894736842,0.06562288586063593,0.9343771141393641
29214,YHR152W YHL039W,0.0,NA,0.6309149861335754,2640,2036,29005,210,0.9337287185388451,0.564585115483319,0.9263157894736842,0.06559067040365968,0.9344093295963404
29215,YBR106W YNL251C,0.0,NA,0.6310604214668274,2640,2035,29006,210,0.9337582248974654,0.5647058823529412,0.9263157894736842,0.06555845494668341,0.9344415450533166
29216,YLL013C YMR241W,1.0,NA,0.6312890648841858,2639,2035,29006,211,0.9337287185388451,0.5646127513906718,0.9259649122807018,0.06555845494668341,0.9344415450533166
29217,YLR368W YLR304C,1.0,NA,0.6313947439193726,2638,2035,29006,212,0.9336992121802249,0.5645195805692275,0.9256140350877193,0.06555845494668341,0.9344415450533166
29218,YBR012W-A YDR096W,0.0,NA,0.6314843893051147,2638,2034,29007,212,0.9337287185388451,0.5646404109589042,0.9256140350877193,0.06552623948970716,0.9344737605102929
29219,YAR003W YCL025C,0.0,NA,0.6317236423492432,2638,2033,29008,212,0.9337582248974654,0.5647612930849925,0.9256140350877193,0.0654940240327309,0.9345059759672691
29220,YDR364C YAL020C,0.0,NA,0.6319462656974792,2638,2032,29009,212,0.9337877312560857,0.5648822269807281,0.9256140350877193,0.06546180857575465,0.9345381914242453
29221,YER144C YOR180C,0.0,NA,0.6319957375526428,2638,2031,29010,212,0.9338172376147059,0.5650032126793746,0.9256140350877193,0.06542959311877838,0.9345704068812216
29222,YCR091W YOL075C,0.0,NA,0.6325255036354065,2638,2030,29011,212,0.9338467439733262,0.5651242502142245,0.9256140350877193,0.06539737766180213,0.9346026223381979
29223,YJL088W YNL094W,0.0,NA,0.6327404379844666,2638,2029,29012,212,0.9338762503319465,0.5652453396185987,0.9256140350877193,0.06536516220482587,0.9346348377951741
29224,YGL224C Q0250,0.0,NA,0.6328384876251221,2638,2028,29013,212,0.9339057566905669,0.5653664809258465,0.9256140350877193,0.06533294674784962,0.9346670532521504
29225,YKR036C YJR120W,1.0,NA,0.6333403587341309,2637,2028,29013,213,0.9338762503319465,0.5652733118971061,0.9252631578947368,0.06533294674784962,0.9346670532521504
29226,YJR063W YIL115C,0.0,NA,0.6335281133651733,2637,2027,29014,213,0.9339057566905669,0.5653945111492281,0.9252631578947368,0.06530073129087337,0.9346992687091267
29227,YJR120W YPR024W,1.0,NA,0.6335780024528503,2636,2027,29014,214,0.9338762503319465,0.5653013081707056,0.9249122807017544,0.06530073129087337,0.9346992687091267
29228,YNL070W YPR125W,1.0,NA,0.6341912150382996,2635,2027,29014,215,0.9338467439733262,0.5652080652080652,0.9245614035087719,0.06530073129087337,0.9346992687091267
29229,YIL140W YDR513W,0.0,NA,0.6345980167388916,2635,2026,29015,215,0.9338762503319465,0.5653293284702854,0.9245614035087719,0.0652685158338971,0.9347314841661029
29230,YHR001W-A YLR286C,0.0,NA,0.6348958015441895,2635,2025,29016,215,0.9339057566905669,0.5654506437768241,0.9245614035087719,0.06523630037692085,0.9347636996230791
29231,YGL011C YML078W,0.0,NA,0.6349117755889893,2635,2024,29017,215,0.9339352630491871,0.5655720111611934,0.9245614035087719,0.06520408491994459,0.9347959150800554
29232,YHR188C YDR452W,0.0,NA,0.6349776387214661,2635,2023,29018,215,0.9339647694078074,0.5656934306569343,0.9245614035087719,0.06517186946296834,0.9348281305370316
29233,YKR036C YNL310C,1.0,NA,0.6352912783622742,2634,2023,29018,216,0.9339352630491871,0.5656001717844106,0.9242105263157895,0.06517186946296834,0.9348281305370316
29234,YMR055C YDL214C,0.0,NA,0.6353847980499268,2634,2022,29019,216,0.9339647694078074,0.5657216494845361,0.9242105263157895,0.06513965400599207,0.9348603459940079
29235,YGL012W YHR181W,0.0,NA,0.6369606852531433,2634,2021,29020,216,0.9339942757664277,0.565843179377014,0.9242105263157895,0.06510743854901582,0.9348925614509842
29236,YOR115C YMR264W,0.0,NA,0.636974036693573,2634,2020,29021,216,0.934023782125048,0.5659647614954878,0.9242105263157895,0.06507522309203956,0.9349247769079604
29237,YER055C YCR020W-B,0.0,NA,0.637097179889679,2634,2019,29022,216,0.9340532884836682,0.56608639587363,0.9242105263157895,0.06504300763506331,0.9349569923649367
29238,YKL013C YDL217C,1.0,NA,0.6372541189193726,2633,2019,29022,217,0.934023782125048,0.5659931212381771,0.923859649122807,0.06504300763506331,0.9349569923649367
29239,YBL040C YBL045C,0.0,NA,0.6378206014633179,2633,2018,29023,217,0.9340532884836682,0.5661148140184906,0.923859649122807,0.06501079217808704,0.934989207821913
29240,YFR050C YCR024C,0.0,NA,0.6380754113197327,2633,2017,29024,217,0.9340827948422885,0.566236559139785,0.923859649122807,0.06497857672111079,0.9350214232788893
29241,YJL219W YPL016W,0.0,NA,0.6385355591773987,2633,2016,29025,217,0.9341123012009088,0.5663583566358357,0.923859649122807,0.06494636126413453,0.9350536387358654
29242,YJR120W YFL036W,1.0,NA,0.6387699246406555,2632,2016,29025,218,0.9340827948422885,0.5662650602409639,0.9235087719298246,0.06494636126413453,0.9350536387358654
29243,YML049C YDL082W,0.0,NA,0.6389579772949219,2632,2015,29026,218,0.9341123012009088,0.5663869162900796,0.9235087719298246,0.06491414580715828,0.9350858541928417
29244,YJR148W YGR267C,0.0,NA,0.639115035533905,2632,2014,29027,218,0.934141807559529,0.566508824795523,0.9235087719298246,0.06488193035018201,0.935118069649818
29245,YHL043W YIR034C,0.0,NA,0.6391896605491638,2632,2013,29028,218,0.9341713139181493,0.5666307857911733,0.9235087719298246,0.06484971489320576,0.9351502851067942
29246,YGL055W YIL051C,1.0,NA,0.6393499970436096,2631,2013,29028,219,0.934141807559529,0.5665374677002584,0.9231578947368421,0.06484971489320576,0.9351502851067942
29247,YOR287C YDR176W,0.0,NA,0.6395606398582458,2631,2012,29029,219,0.9341713139181493,0.5666594874003876,0.9231578947368421,0.0648174994362295,0.9351825005637705
29248,YML067C YOR254C,0.0,NA,0.6398106217384338,2631,2011,29030,219,0.9342008202767697,0.566781559672555,0.9231578947368421,0.06478528397925325,0.9352147160207468
29249,YMR092C YKL085W,0.0,NA,0.6398493647575378,2631,2010,29031,219,0.93423032663539,0.5669036845507434,0.9231578947368421,0.06475306852227698,0.935246931477723
29250,YDR513W YDR163W,0.0,NA,0.6398873329162598,2631,2009,29032,219,0.9342598329940102,0.5670258620689655,0.9231578947368421,0.06472085306530073,0.9352791469346993
29251,YPR083W YBR234C,1.0,NA,0.6399272680282593,2630,2009,29032,220,0.93423032663539,0.5669325285621901,0.9228070175438596,0.06472085306530073,0.9352791469346993
29252,YKL045W YJL074C,0.0,NA,0.6399467587471008,2630,2008,29033,220,0.9342598329940102,0.5670547649849073,0.9228070175438596,0.06468863760832447,0.9353113623916756
29253,YBL071W-A YMR011W,0.0,NA,0.6400331258773804,2630,2007,29034,220,0.9342893393526305,0.5671770541298253,0.9228070175438596,0.06465642215134822,0.9353435778486517
29254,YJR017C YBR162W-A,0.0,NA,0.6406356692314148,2630,2006,29035,220,0.9343188457112508,0.5672993960310613,0.9228070175438596,0.06462420669437197,0.935375793305628
29255,YMR134W YBR234C,1.0,NA,0.6407714486122131,2629,2006,29035,221,0.9342893393526305,0.5672060409924488,0.9224561403508772,0.06462420669437197,0.935375793305628
29256,YMR070W YPL138C,0.0,NA,0.6410225629806519,2629,2005,29036,221,0.9343188457112508,0.5673284419507985,0.9224561403508772,0.0645919912373957,0.9354080087626043
29257,YOR039W YMR065W,0.0,NA,0.6413779854774475,2629,2004,29037,221,0.9343483520698711,0.5674508957478955,0.9224561403508772,0.06455977578041945,0.9354402242195805
29258,YDR086C YPL234C,0.0,NA,0.6418482661247253,2629,2003,29038,221,0.9343778584284913,0.5675734024179621,0.9224561403508772,0.06452756032344319,0.9354724396765568
29259,YKL073W YPL130W,0.0,NA,0.6420020461082458,2629,2002,29039,221,0.9344073647871116,0.5676959619952494,0.9224561403508772,0.06449534486646694,0.9355046551335331
29260,YJR120W YKL053C-A,1.0,NA,0.642134428024292,2628,2002,29039,222,0.9343778584284913,0.5676025917926566,0.9221052631578948,0.06449534486646694,0.9355046551335331
29261,YDR303C YNL135C,0.0,NA,0.6421533226966858,2628,2001,29040,222,0.9344073647871116,0.5677252106286454,0.9221052631578948,0.06446312940949067,0.9355368705905093
29262,YGR060W YHR164C,0.0,NA,0.6422104239463806,2628,2000,29041,222,0.9344368711457319,0.567847882454624,0.9221052631578948,0.06443091395251442,0.9355690860474856
29263,YML049C YJL140W,0.0,NA,0.642484188079834,2628,1999,29042,222,0.9344663775043522,0.5679706073049492,0.9221052631578948,0.06439869849553816,0.9356013015044619
29264,YDR150W YLL006W,1.0,NA,0.6427637934684753,2627,1999,29042,223,0.9344368711457319,0.5678772157371379,0.9217543859649123,0.06439869849553816,0.9356013015044619
29265,YJL122W YGL003C,0.0,NA,0.6429572105407715,2627,1998,29043,223,0.9344663775043522,0.568,0.9217543859649123,0.0643664830385619,0.9356335169614381
29266,YMR218C YER131W,0.0,NA,0.6433785557746887,2627,1997,29044,223,0.9344958838629724,0.5681228373702422,0.9217543859649123,0.06433426758158564,0.9356657324184143
29267,YER044C YBR203W,0.0,NA,0.6443765759468079,2627,1996,29045,223,0.9345253902215928,0.5682457278823275,0.9217543859649123,0.06430205212460939,0.9356979478753906
29268,YJR059W YCR002C,0.0,NA,0.6446629166603088,2627,1995,29046,223,0.9345548965802131,0.5683686715707486,0.9217543859649123,0.06426983666763313,0.9357301633323669
29269,YBR058C YFL018C,0.0,NA,0.6447462439537048,2627,1994,29047,223,0.9345844029388333,0.5684916684700281,0.9217543859649123,0.06423762121065688,0.9357623787893431
29270,YJL114W YJR036C,0.0,NA,0.6450625061988831,2627,1993,29048,223,0.9346139092974536,0.5686147186147186,0.9217543859649123,0.06420540575368061,0.9357945942463194
29271,YBR245C YOR007C,0.0,NA,0.6457653641700745,2627,1992,29049,223,0.9346434156560739,0.5687378220394025,0.9217543859649123,0.06417319029670436,0.9358268097032957
29272,YGR260W YJL109C,0.0,NA,0.6458559036254883,2627,1991,29050,223,0.9346729220146942,0.5688609787786921,0.9217543859649123,0.0641409748397281,0.9358590251602719
29273,YNL121C YFL036W,1.0,NA,0.6460668444633484,2626,1991,29050,224,0.9346434156560739,0.5687675980073641,0.9214035087719298,0.0641409748397281,0.9358590251602719
29274,YML036W YMR046C,0.0,NA,0.6462708711624146,2626,1990,29051,224,0.9346729220146942,0.5688908145580589,0.9214035087719298,0.06410875938275185,0.9358912406172482
29275,YJL020C YDR487C,0.0,NA,0.6464183926582336,2626,1989,29052,224,0.9347024283733144,0.5690140845070423,0.9214035087719298,0.06407654392577558,0.9359234560742244
29276,YDL140C YKL058W,0.0,NA,0.6466309428215027,2626,1988,29053,224,0.9347319347319347,0.5691374078890333,0.9214035087719298,0.06404432846879933,0.9359556715312006
29277,YDR065W YMR217W,0.0,NA,0.6469441056251526,2626,1987,29054,224,0.934761441090555,0.5692607847387817,0.9214035087719298,0.06401211301182307,0.9359878869881769
29278,YCR079W YDR381W,0.0,NA,0.6471532583236694,2626,1986,29055,224,0.9347909474491753,0.5693842150910667,0.9214035087719298,0.06397989755484682,0.9360201024451532
29279,YLR229C YLR301W,0.0,NA,0.6471595764160156,2626,1985,29056,224,0.9348204538077955,0.5695076989806983,0.9214035087719298,0.06394768209787056,0.9360523179021294
29280,YGR002C YLR442C,0.0,NA,0.6471838355064392,2626,1984,29057,224,0.9348499601664159,0.5696312364425162,0.9214035087719298,0.0639154666408943,0.9360845333591057
29281,YDR188W YBL037W,0.0,NA,0.6473652124404907,2626,1983,29058,224,0.9348794665250362,0.5697548275113907,0.9214035087719298,0.06388325118391805,0.936116748816082
29282,YGL018C YOL117W,0.0,NA,0.6474573016166687,2626,1982,29059,224,0.9349089728836564,0.5698784722222222,0.9214035087719298,0.06385103572694178,0.9361489642730582
29283,YJL063C YER154W,1.0,NA,0.6476547122001648,2625,1982,29059,225,0.9348794665250362,0.5697851096158021,0.9210526315789473,0.06385103572694178,0.9361489642730582
29284,YGL022W YHR074W,0.0,NA,0.6476830244064331,2625,1981,29060,225,0.9349089728836564,0.5699088145896657,0.9210526315789473,0.06381882026996553,0.9361811797300345
29285,YJR120W YGR181W,1.0,NA,0.647695779800415,2624,1981,29060,226,0.9348794665250362,0.5698154180238871,0.9207017543859649,0.06381882026996553,0.9361811797300345
29286,YDR005C YIR031C,0.0,NA,0.6479067206382751,2624,1980,29061,226,0.9349089728836564,0.5699391833188532,0.9207017543859649,0.06378660481298927,0.9362133951870107
29287,YIL120W YOR204W,0.0,NA,0.6480682492256165,2624,1979,29062,226,0.9349384792422767,0.5700630023897458,0.9207017543859649,0.06375438935601302,0.936245610643987
29288,YLR141W YPR149W,0.0,NA,0.6482276916503906,2624,1978,29063,226,0.934967985600897,0.570186875271621,0.9207017543859649,0.06372217389903675,0.9362778261009632
29289,YOR353C YNL241C,0.0,NA,0.6483731269836426,2624,1977,29064,226,0.9349974919595173,0.5703108019995653,0.9207017543859649,0.0636899584420605,0.9363100415579395
29290,YBR192W YGR101W,1.0,NA,0.6485611796379089,2623,1977,29064,227,0.934967985600897,0.5702173913043478,0.9203508771929825,0.0636899584420605,0.9363100415579395
29291,YJR103W YGR232W,0.0,NA,0.6485733389854431,2623,1976,29065,227,0.9349974919595173,0.5703413785605567,0.9203508771929825,0.06365774298508424,0.9363422570149158
29292,YLR078C YGR024C,0.0,NA,0.6486292481422424,2623,1975,29066,227,0.9350269983181375,0.5704654197477164,0.9203508771929825,0.06362552752810799,0.936374472471892
29293,YMR302C YHR194W,1.0,NA,0.6487833857536316,2622,1975,29066,228,0.9349974919595173,0.5703719817272134,0.92,0.06362552752810799,0.936374472471892
29294,YKR069W YJR059W,0.0,NA,0.648910403251648,2622,1974,29067,228,0.9350269983181375,0.5704960835509139,0.92,0.06359331207113172,0.9364066879288683
29295,YML058W YBR179C,1.0,NA,0.6489560604095459,2621,1974,29067,229,0.9349974919595173,0.5704026115342764,0.9196491228070175,0.06359331207113172,0.9364066879288683
29296,YHR031C YLL013C,1.0,NA,0.6491773724555969,2620,1974,29067,230,0.934967985600897,0.5703090988245537,0.9192982456140351,0.06359331207113172,0.9364066879288683
29297,YMR277W YOR168W,0.0,NA,0.6491789221763611,2620,1973,29068,230,0.9349974919595173,0.5704332680165469,0.9192982456140351,0.06356109661415547,0.9364389033858446
29298,YJL138C tQ(UUG)L,0.0,NA,0.6496348977088928,2620,1972,29069,230,0.9350269983181375,0.5705574912891986,0.9192982456140351,0.06352888115717921,0.9364711188428207
29299,YML069W YMR006C,0.0,NA,0.6496722102165222,2620,1971,29070,230,0.9350565046767578,0.5706817686778479,0.9192982456140351,0.06349666570020296,0.936503334299797
29300,YOL043C YGL038C,0.0,NA,0.650104284286499,2620,1970,29071,230,0.9350860110353781,0.5708061002178649,0.9192982456140351,0.0634644502432267,0.9365355497567733
29301,YDR160W YLL034C,0.0,NA,0.6503240466117859,2620,1969,29072,230,0.9351155173939985,0.5709304859446502,0.9192982456140351,0.06343223478625044,0.9365677652137495
29302,YMR134W YKL013C,1.0,NA,0.6503668427467346,2619,1969,29072,231,0.9350860110353781,0.5708369659982563,0.9189473684210526,0.06343223478625044,0.9365677652137495
29303,YFL049W YPR194C,0.0,NA,0.6503725647926331,2619,1968,29073,231,0.9351155173939985,0.5709614126880314,0.9189473684210526,0.06340001932927418,0.9365999806707258
29304,YIL138C YOR211C,1.0,NA,0.6504136919975281,2618,1968,29073,232,0.9350860110353781,0.5708678587003925,0.9185964912280702,0.06340001932927418,0.9365999806707258
29305,YLR309C YMR276W,0.0,NA,0.6505246758460999,2618,1967,29074,232,0.9351155173939985,0.5709923664122137,0.9185964912280702,0.06336780387229793,0.9366321961277021
29306,YGL247W YDR334W,0.0,NA,0.650931715965271,2618,1966,29075,232,0.9351450237526187,0.5711169284467714,0.9185964912280702,0.06333558841532168,0.9366644115846783
29307,YCR079W YDR427W,0.0,NA,0.6511701345443726,2618,1965,29076,232,0.935174530111239,0.5712415448396247,0.9185964912280702,0.06330337295834541,0.9366966270416546
29308,YGL055W YGL020C,1.0,NA,0.6517060399055481,2617,1965,29076,233,0.9351450237526187,0.5711479703186382,0.9182456140350878,0.06330337295834541,0.9366966270416546
29309,YLR359W YCL014W,0.0,NA,0.65231853723526,2617,1964,29077,233,0.935174530111239,0.5712726478934731,0.9182456140350878,0.06327115750136916,0.9367288424986309
29310,YOL130W YBR210W,0.0,NA,0.6525667309761047,2617,1963,29078,233,0.9352040364698593,0.5713973799126637,0.9182456140350878,0.0632389420443929,0.936761057955607
29311,YGL114W YLR248W,0.0,NA,0.6529702544212341,2617,1962,29079,233,0.9352335428284796,0.5715221664118804,0.9182456140350878,0.06320672658741665,0.9367932734125833
29312,YPL148C YJR074W,0.0,NA,0.6530763506889343,2617,1961,29080,233,0.9352630491870998,0.571647007426824,0.9182456140350878,0.06317451113044038,0.9368254888695596
29313,YDR253C YKR103W,0.0,NA,0.6534539461135864,2617,1960,29081,233,0.9352925555457201,0.571771902993227,0.9182456140350878,0.06314229567346413,0.9368577043265359
29314,YJL139C YOR035C,0.0,NA,0.654114842414856,2617,1959,29082,233,0.9353220619043404,0.5718968531468531,0.9182456140350878,0.06311008021648787,0.9368899197835121
29315,YLL006W YDL217C,1.0,NA,0.6543554663658142,2616,1959,29082,234,0.9352925555457201,0.5718032786885245,0.9178947368421052,0.06311008021648787,0.9368899197835121
29316,YER170W YNL173C,0.0,NA,0.6545185446739197,2616,1958,29083,234,0.9353220619043404,0.5719282903366856,0.9178947368421052,0.06307786475951162,0.9369221352404884
29317,YHR031C YPR083W,1.0,NA,0.6554796099662781,2615,1958,29083,235,0.9352925555457201,0.5718346818281216,0.9175438596491228,0.06307786475951162,0.9369221352404884
29318,YGR108W YIL083C,0.0,NA,0.6556332111358643,2615,1957,29084,235,0.9353220619043404,0.5719597550306211,0.9175438596491228,0.06304564930253535,0.9369543506974647
29319,YBR119W YBR210W,0.0,NA,0.6556856036186218,2615,1956,29085,235,0.9353515682629606,0.5720848829577773,0.9175438596491228,0.0630134338455591,0.9369865661544409
29320,YPR073C YER143W,0.0,NA,0.6556904315948486,2615,1955,29086,235,0.9353810746215809,0.5722100656455142,0.9175438596491228,0.06298121838858284,0.9370187816114172
29321,YDL047W YHR214C-B,0.0,NA,0.6557953953742981,2615,1954,29087,235,0.9354105809802012,0.5723353031297878,0.9175438596491228,0.06294900293160659,0.9370509970683935
29322,YGL219C YDL006W,1.0,NA,0.6561551094055176,2614,1954,29087,236,0.9353810746215809,0.5722416812609457,0.9171929824561403,0.06294900293160659,0.9370509970683935
29323,YGR296W YER178W,0.0,NA,0.6562275290489197,2614,1953,29088,236,0.9354105809802012,0.5723669805123713,0.9171929824561403,0.06291678747463032,0.9370832125253696
29324,YNR035C YLR304C,1.0,NA,0.6562638282775879,2613,1953,29088,237,0.9353810746215809,0.5722733245729303,0.9168421052631579,0.06291678747463032,0.9370832125253696
29325,YLR233C YLR306W,0.0,NA,0.6562789678573608,2613,1952,29089,237,0.9354105809802012,0.5723986856516977,0.9168421052631579,0.06288457201765407,0.9371154279823459
29326,YKR036C YOR330C,1.0,NA,0.6563607454299927,2612,1952,29089,238,0.9353810746215809,0.5723049956178791,0.9164912280701755,0.06288457201765407,0.9371154279823459
29327,YHR161C YGL084C,0.0,NA,0.656855583190918,2612,1951,29090,238,0.9354105809802012,0.5724304185842647,0.9164912280701755,0.06285235656067781,0.9371476434393222
29328,YJL052W YPR079W,0.0,NA,0.6569421291351318,2612,1950,29091,238,0.9354400873388216,0.5725558965366068,0.9164912280701755,0.06282014110370156,0.9371798588962984
29329,YKL088W YIL116W,0.0,NA,0.657107949256897,2612,1949,29092,238,0.9354695936974418,0.5726814295110721,0.9164912280701755,0.06278792564672529,0.9372120743532747
29330,YGR140W YCL025C,0.0,NA,0.6571184992790222,2612,1948,29093,238,0.9354991000560621,0.5728070175438597,0.9164912280701755,0.06275571018974904,0.937244289810251
29331,YNL213C YBR179C,1.0,NA,0.6572363376617432,2611,1948,29093,239,0.9354695936974418,0.5727133143233165,0.916140350877193,0.06275571018974904,0.937244289810251
29332,YHR191C YNL173C,0.0,NA,0.6577132344245911,2611,1947,29094,239,0.9354991000560621,0.5728389644580957,0.916140350877193,0.06272349473277278,0.9372765052672272
29333,YDL142C YMR241W,1.0,NA,0.6580391526222229,2610,1947,29094,240,0.9354695936974418,0.5727452271231073,0.9157894736842105,0.06272349473277278,0.9372765052672272
29334,YER154W YNL310C,1.0,NA,0.658060610294342,2609,1947,29094,241,0.9354400873388216,0.5726514486391572,0.915438596491228,0.06272349473277278,0.9372765052672272
29335,YOL097C YHR018C,0.0,NA,0.6587985754013062,2609,1946,29095,241,0.9354695936974418,0.5727771679473106,0.915438596491228,0.06269127927579653,0.9373087207242035
29336,YGR038W YLR087C,0.0,NA,0.6589703559875488,2609,1945,29096,241,0.9354991000560621,0.5729029424681599,0.915438596491228,0.06265906381882028,0.9373409361811798
29337,YMR060C YJR135W-A,1.0,NA,0.6591255068778992,2608,1945,29096,242,0.9354695936974418,0.5728091368328575,0.9150877192982456,0.06265906381882028,0.9373409361811798
29338,YKL108W YHR134W,0.0,NA,0.6594206094741821,2608,1944,29097,242,0.9354991000560621,0.5729349736379613,0.9150877192982456,0.06262684836184401,0.9373731516381559
29339,YML058W YIL051C,1.0,NA,0.6596195697784424,2607,1944,29097,243,0.9354695936974418,0.5728411338167436,0.9147368421052632,0.06262684836184401,0.9373731516381559
29340,YGL039W YMR062C,0.0,NA,0.6596787571907043,2607,1943,29098,243,0.9354991000560621,0.572967032967033,0.9147368421052632,0.06259463290486776,0.9374053670951322
29341,YDR251W YGR065C,0.0,NA,0.6598042845726013,2607,1942,29099,243,0.9355286064146824,0.5730929874697736,0.9147368421052632,0.0625624174478915,0.9374375825521085
29342,YNR030W YKL216W,0.0,NA,0.6598892211914062,2607,1941,29100,243,0.9355581127733027,0.5732189973614775,0.9147368421052632,0.06253020199091525,0.9374697980090848
29343,YJL048C YPL145C,0.0,NA,0.6602382659912109,2607,1940,29101,243,0.9355876191319229,0.5733450626786892,0.9147368421052632,0.06249798653393898,0.937502013466061
29344,YDL118W YNR049C,0.0,NA,0.6603440642356873,2607,1939,29102,243,0.9356171254905432,0.5734711834579851,0.9147368421052632,0.062465771076962724,0.9375342289230373
29345,YGR009C Q0070,0.0,NA,0.6605380773544312,2607,1938,29103,243,0.9356466318491635,0.5735973597359736,0.9147368421052632,0.06243355561998647,0.9375664443800136
29346,YOR202W YOL088C,0.0,NA,0.6610121726989746,2607,1937,29104,243,0.9356761382077837,0.5737235915492958,0.9147368421052632,0.06240134016301021,0.9375986598369898
29347,YJL059W YLR301W,0.0,NA,0.6611340641975403,2607,1936,29105,243,0.935705644566404,0.5738498789346247,0.9147368421052632,0.06236912470603396,0.937630875293966
29348,YDR118W YPL061W,0.0,NA,0.6611964106559753,2607,1935,29106,243,0.9357351509250244,0.5739762219286658,0.9147368421052632,0.0623369092490577,0.9376630907509423
29349,YNL071W YOL140W,0.0,NA,0.6615172028541565,2607,1934,29107,243,0.9357646572836447,0.5741026205681568,0.9147368421052632,0.06230469379208144,0.9376953062079185
29350,YGR267C YLR003C,0.0,NA,0.6615623831748962,2607,1933,29108,243,0.9357941636422649,0.5742290748898679,0.9147368421052632,0.062272478335105186,0.9377275216648948
29351,YFL036W YOL027C,1.0,NA,0.6618086695671082,2606,1933,29108,244,0.9357646572836447,0.5741352720863626,0.9143859649122807,0.062272478335105186,0.9377275216648948
29352,YPL151C YAL058W,0.0,NA,0.661830484867096,2606,1932,29109,244,0.9357941636422649,0.5742617893345086,0.9143859649122807,0.06224026287812893,0.9377597371218711
29353,YGL055W YOL095C,1.0,NA,0.6618817448616028,2605,1932,29109,245,0.9357646572836447,0.5741679523914481,0.9140350877192982,0.06224026287812893,0.9377597371218711
29354,YMR010W YKL114C,0.0,NA,0.6621211171150208,2605,1931,29110,245,0.9357941636422649,0.574294532627866,0.9140350877192982,0.06220804742115267,0.9377919525788473
29355,YJR062C YGL246C,0.0,NA,0.6621609330177307,2605,1930,29111,245,0.9358236700008852,0.5744211686879823,0.9140350877192982,0.06217583196417641,0.9378241680358236
29356,YPR176C YCR044C,0.0,NA,0.6622412204742432,2605,1929,29112,245,0.9358531763595055,0.574547860608734,0.9140350877192982,0.062143616507200156,0.9378563834927999
29357,YKR008W YBR011C,0.0,NA,0.6623010635375977,2605,1928,29113,245,0.9358826827181258,0.5746746084270902,0.9140350877192982,0.0621114010502239,0.937888598949776
29358,YKL055C YKR019C,0.0,NA,0.6624498963356018,2605,1927,29114,245,0.935912189076746,0.574801412180053,0.9140350877192982,0.06207918559324764,0.9379208144067523
29359,YGR113W YLR275W,0.0,NA,0.6625156998634338,2605,1926,29115,245,0.9359416954353663,0.5749282719046568,0.9140350877192982,0.06204697013627138,0.9379530298637286
29360,YJL071W YIR009W,0.0,NA,0.6627094745635986,2605,1925,29116,245,0.9359712017939866,0.5750551876379691,0.9140350877192982,0.062014754679295125,0.9379852453207048
29361,YNL310C YBR234C,1.0,NA,0.6630281209945679,2604,1925,29116,246,0.9359416954353663,0.5749613601236476,0.9136842105263158,0.062014754679295125,0.9379852453207048
29362,YOL001W YBL084C,0.0,NA,0.6630869507789612,2604,1924,29117,246,0.9359712017939866,0.5750883392226148,0.9136842105263158,0.06198253922231887,0.9380174607776811
29363,YJR065C YER154W,1.0,NA,0.6632168292999268,2603,1924,29117,247,0.9359416954353663,0.5749944775789706,0.9133333333333333,0.06198253922231887,0.9380174607776811
29364,YBR192W YJR120W,1.0,NA,0.6633085012435913,2602,1924,29117,248,0.935912189076746,0.5749005744586831,0.9129824561403509,0.06198253922231887,0.9380174607776811
29365,YPR188C YGL019W,0.0,NA,0.6634044051170349,2602,1923,29118,248,0.9359416954353663,0.5750276243093922,0.9129824561403509,0.06195032376534261,0.9380496762346574
29366,YKR066C YFR019W,0.0,NA,0.6634575724601746,2602,1922,29119,248,0.9359712017939866,0.5751547303271441,0.9129824561403509,0.06191810830836635,0.9380818916916337
29367,YFR031C-A YMR281W,0.0,NA,0.6634781956672668,2602,1921,29120,248,0.9360007081526069,0.575281892549193,0.9129824561403509,0.061885892851390095,0.9381141071486099
29368,YHR073W YJR033C,0.0,NA,0.6638504862785339,2602,1920,29121,248,0.9360302145112271,0.5754091110128262,0.9129824561403509,0.06185367739441384,0.9381463226055862
29369,YHR031C YPR131C,1.0,NA,0.6642575263977051,2601,1920,29121,249,0.9360007081526069,0.5753151957531519,0.9126315789473685,0.06185367739441384,0.9381463226055862
29370,YOR207C YNL279W,0.0,NA,0.6645982265472412,2601,1919,29122,249,0.9360302145112271,0.5754424778761061,0.9126315789473685,0.06182146193743758,0.9381785380625625
29371,YIL138C YLR304C,1.0,NA,0.6647094488143921,2600,1919,29122,250,0.9360007081526069,0.5753485284354946,0.9122807017543859,0.06182146193743758,0.9381785380625625
29372,YCR035C YDR328C,0.0,NA,0.6647689342498779,2600,1918,29123,250,0.9360302145112271,0.5754758742806552,0.9122807017543859,0.06178924648046132,0.9382107535195386
29373,YPR024W YKR042W,1.0,NA,0.664887547492981,2599,1918,29123,251,0.9360007081526069,0.5753818906353775,0.9119298245614035,0.06178924648046132,0.9382107535195386
29374,YMR305C YPR046W,0.0,NA,0.6651259064674377,2599,1917,29124,251,0.9360302145112271,0.5755093002657219,0.9119298245614035,0.061757031023485065,0.9382429689765149
29375,YOL125W YDR299W,0.0,NA,0.6651799082756042,2599,1916,29125,251,0.9360597208698475,0.5756367663344407,0.9119298245614035,0.06172481556650881,0.9382751844334912
29376,YLR399C YKR082W,0.0,NA,0.6654926538467407,2599,1915,29126,251,0.9360892272284678,0.575764288879043,0.9119298245614035,0.06169260010953256,0.9383073998904674
29377,YJL073W Q0110,0.0,NA,0.6658380031585693,2599,1914,29127,251,0.936118733587088,0.5758918679370707,0.9119298245614035,0.0616603846525563,0.9383396153474437
29378,YBL046W YOR151C,0.0,NA,0.6660889387130737,2599,1913,29128,251,0.9361482399457083,0.5760195035460993,0.9119298245614035,0.06162816919558004,0.93837183080442
29379,YER065C YER029C,0.0,NA,0.6666371822357178,2599,1912,29129,251,0.9361777463043286,0.5761471957437375,0.9119298245614035,0.061595953738603784,0.9384040462613962
29380,YOR302W YMR251W,0.0,NA,0.6667283177375793,2599,1911,29130,251,0.9362072526629489,0.5762749445676275,0.9119298245614035,0.06156373828162753,0.9384362617183725
29381,YJR120W YPR083W,1.0,NA,0.6667571067810059,2598,1911,29130,252,0.9361777463043286,0.5761809713905522,0.911578947368421,0.06156373828162753,0.9384362617183725
29382,YKL174C YHR098C,0.0,NA,0.6673092246055603,2598,1910,29131,252,0.9362072526629489,0.5763087843833186,0.911578947368421,0.06153152282465127,0.9384684771753488
29383,YER089C YMR198W,0.0,NA,0.6673369407653809,2598,1909,29132,252,0.9362367590215691,0.5764366540936321,0.911578947368421,0.06149930736767501,0.9385006926323249
29384,YBL024W YNL052W,0.0,NA,0.6675155162811279,2598,1908,29133,252,0.9362662653801894,0.5765645805592543,0.911578947368421,0.061467091910698754,0.9385329080893012
29385,YGR047C YAL014C,0.0,NA,0.6676240563392639,2598,1907,29134,252,0.9362957717388097,0.5766925638179801,0.911578947368421,0.061434876453722496,0.9385651235462775
29386,YHR047C YNL091W,0.0,NA,0.6678128838539124,2598,1906,29135,252,0.93632527809743,0.5768206039076377,0.911578947368421,0.06140266099674624,0.9385973390032538
29387,YDR009W YBR139W,0.0,NA,0.6679138541221619,2598,1905,29136,252,0.9363547844560502,0.5769487008660893,0.911578947368421,0.06137044553976998,0.93862955446023
29388,YLR206W YGR206W,0.0,NA,0.6682730317115784,2598,1904,29137,252,0.9363842908146706,0.5770768547312306,0.911578947368421,0.061338230082793724,0.9386617699172063
29389,YBL098W YMR204C,0.0,NA,0.6683387160301208,2598,1903,29138,252,0.9364137971732909,0.5772050655409909,0.911578947368421,0.061306014625817466,0.9386939853741826
29390,YFL039C YBR179C,1.0,NA,0.6686510443687439,2597,1903,29138,253,0.9363842908146706,0.5771111111111111,0.9112280701754386,0.061306014625817466,0.9386939853741826
29391,YOL069W YGL213C,0.0,NA,0.6687891483306885,2597,1902,29139,253,0.9364137971732909,0.5772393865303401,0.9112280701754386,0.06127379916884121,0.9387262008311588
29392,YER107C YPL115C,0.0,NA,0.6689828634262085,2597,1901,29140,253,0.9364433035319111,0.5773677189862161,0.9112280701754386,0.06124158371186495,0.9387584162881351
29393,YCR028C-A YHR083W,1.0,NA,0.6692373752593994,2596,1901,29140,254,0.9364137971732909,0.5772737380475873,0.9108771929824562,0.06124158371186495,0.9387584162881351
29394,YOR037W YJR120W,1.0,NA,0.6694821119308472,2595,1901,29140,255,0.9363842908146706,0.5771797153024911,0.9105263157894737,0.06124158371186495,0.9387584162881351
29395,YNL070W YLR370C,1.0,NA,0.6700363159179688,2594,1901,29140,256,0.9363547844560502,0.5770856507230255,0.9101754385964912,0.06124158371186495,0.9387584162881351
29396,YGL062W YDR254W,0.0,NA,0.6700962781906128,2594,1900,29141,256,0.9363842908146706,0.5772140631953716,0.9101754385964912,0.061209368254888694,0.9387906317451113
29397,YBR162C YBR210W,0.0,NA,0.6701671481132507,2594,1899,29142,256,0.9364137971732909,0.5773425328288448,0.9101754385964912,0.061177152797912436,0.9388228472020875
29398,YGR238C YIL083C,0.0,NA,0.6706137657165527,2594,1898,29143,256,0.9364433035319111,0.5774710596616207,0.9101754385964912,0.06114493734093618,0.9388550626590638
29399,YLL006W YOR330C,1.0,NA,0.6709911823272705,2593,1898,29143,257,0.9364137971732909,0.5773769761745714,0.9098245614035088,0.06114493734093618,0.9388550626590638
29400,YNR035C YNL213C,1.0,NA,0.6710361838340759,2592,1898,29143,258,0.9363842908146706,0.57728285077951,0.9094736842105263,0.06114493734093618,0.9388550626590638
29401,YPL179W YHR160C,0.0,NA,0.6711951494216919,2592,1897,29144,258,0.9364137971732909,0.5774114502116284,0.9094736842105263,0.06111272188395992,0.9388872781160401
29402,YJR031C YGR221C,0.0,NA,0.6712137460708618,2592,1896,29145,258,0.9364433035319111,0.5775401069518716,0.9094736842105263,0.06108050642698366,0.9389194935730163
29403,YER154W YDR077W,1.0,NA,0.6718924641609192,2591,1896,29145,259,0.9364137971732909,0.5774459549810563,0.9091228070175439,0.06108050642698366,0.9389194935730163
29404,YMR304W YBL091C,0.0,NA,0.6720016002655029,2591,1895,29146,259,0.9364433035319111,0.5775746767721801,0.9091228070175439,0.06104829097000741,0.9389517090299926
29405,YDR077W YOR211C,1.0,NA,0.6723280549049377,2590,1895,29146,260,0.9364137971732909,0.5774804905239688,0.9087719298245615,0.06104829097000741,0.9389517090299926
29406,YBL071W-A YGR234W,0.0,NA,0.6723743081092834,2590,1894,29147,260,0.9364433035319111,0.5776092774308653,0.9087719298245615,0.061016075513031155,0.9389839244869689
29407,YJL056C YLR386W,0.0,NA,0.6726884841918945,2590,1893,29148,260,0.9364728098905314,0.5777381217934419,0.9087719298245615,0.0609838600560549,0.9390161399439451
29408,YLR303W YHR113W,0.0,NA,0.672701895236969,2590,1892,29149,260,0.9365023162491517,0.5778670236501562,0.9087719298245615,0.06095164459907864,0.9390483554009214
29409,YEL029C YDR372C,0.0,NA,0.6728588342666626,2590,1891,29150,260,0.936531822607772,0.5779959830395001,0.9087719298245615,0.06091942914210238,0.9390805708578976
29410,YAL040C YML055W,0.0,NA,0.6728894114494324,2590,1890,29151,260,0.9365613289663922,0.578125,0.9087719298245615,0.060887213685126125,0.9391127863148738
29411,YDL046W YMR073C,0.0,NA,0.6736723780632019,2590,1889,29152,260,0.9365908353250125,0.5782540745702166,0.9087719298245615,0.06085499822814987,0.9391450017718501
29412,YJL059W YJL030W,0.0,NA,0.67397141456604,2590,1888,29153,260,0.9366203416836328,0.578383206788745,0.9087719298245615,0.06082278277117361,0.9391772172288264
29413,YGR163W YOR254C,0.0,NA,0.6740376949310303,2590,1887,29154,260,0.9366498480422532,0.5785123966942148,0.9087719298245615,0.06079056731419735,0.9392094326858027
29414,YOR326W YMR134W,1.0,NA,0.6740596890449524,2589,1887,29154,261,0.9366203416836328,0.5784182305630027,0.9084210526315789,0.06079056731419735,0.9392094326858027
29415,YBR119W YPL045W,0.0,NA,0.6740800738334656,2589,1886,29155,261,0.9366498480422532,0.5785474860335196,0.9084210526315789,0.060758351857221095,0.9392416481427789
29416,YBR192W YKR042W,1.0,NA,0.6742025017738342,2588,1886,29155,262,0.9366203416836328,0.5784532856504246,0.9080701754385965,0.060758351857221095,0.9392416481427789
29417,YGL067W YOR332W,0.0,NA,0.674371600151062,2588,1885,29156,262,0.9366498480422532,0.5785826067516209,0.9080701754385965,0.06072613640024484,0.9392738635997552
29418,YJR120W YGL020C,1.0,NA,0.6749210953712463,2587,1885,29156,263,0.9366203416836328,0.5784883720930233,0.907719298245614,0.06072613640024484,0.9392738635997552
29419,YPL174C YGL168W,0.0,NA,0.6749516129493713,2587,1884,29157,263,0.9366498480422532,0.5786177588906285,0.907719298245614,0.06069392094326858,0.9393060790567315
29420,YKL171W YMR055C,0.0,NA,0.6755275130271912,2587,1883,29158,263,0.9366793544008734,0.5787472035794183,0.907719298245614,0.06066170548629232,0.9393382945137077
29421,YGR247W YKL182W,0.0,NA,0.6756455302238464,2587,1882,29159,263,0.9367088607594937,0.5788767061982546,0.907719298245614,0.060629490029316065,0.9393705099706839
29422,YLR384C YML013W,0.0,NA,0.6756479144096375,2587,1881,29160,263,0.936738367118114,0.5790062667860341,0.907719298245614,0.06059727457233981,0.9394027254276602
29423,YJR084W YFL037W,0.0,NA,0.6757808327674866,2587,1880,29161,263,0.9367678734767342,0.5791358853816879,0.907719298245614,0.06056505911536355,0.9394349408846364
29424,YLR451W YNL139C,0.0,NA,0.675848662853241,2587,1879,29162,263,0.9367973798353545,0.5792655620241827,0.907719298245614,0.06053284365838729,0.9394671563416127
29425,YPL042C YDR087C,0.0,NA,0.675868809223175,2587,1878,29163,263,0.9368268861939748,0.5793952967525196,0.907719298245614,0.060500628201411034,0.939499371798589
29426,YLR088W YER183C,0.0,NA,0.6762653589248657,2587,1877,29164,263,0.9368563925525951,0.5795250896057348,0.907719298245614,0.06046841274443478,0.9395315872555652
29427,YGR195W YDR089W,0.0,NA,0.6763973832130432,2587,1876,29165,263,0.9368858989112153,0.5796549406228994,0.907719298245614,0.06043619728745852,0.9395638027125415
29428,YNL079C YOR330C,1.0,NA,0.6768432855606079,2586,1876,29165,264,0.9368563925525951,0.5795607350963693,0.9073684210526316,0.06043619728745852,0.9395638027125415
29429,YMR232W YPR030W,0.0,NA,0.6770625710487366,2586,1875,29166,264,0.9368858989112153,0.5796906523201076,0.9073684210526316,0.06040398183048227,0.9395960181695178
29430,YOR290C YDL081C,0.0,NA,0.6773686408996582,2586,1874,29167,264,0.9369154052698356,0.5798206278026906,0.9073684210526316,0.06037176637350601,0.939628233626494
29431,YHR194W YOL027C,1.0,NA,0.6778481006622314,2585,1874,29167,265,0.9368858989112153,0.5797263960529266,0.9070175438596492,0.06037176637350601,0.939628233626494
29432,YDR531W YJR070C,0.0,NA,0.6779072880744934,2585,1873,29168,265,0.9369154052698356,0.5798564378645132,0.9070175438596492,0.060339550916529754,0.9396604490834702
29433,YGR282C YML065W,0.0,NA,0.6783285737037659,2585,1872,29169,265,0.936944911628456,0.5799865380300651,0.9070175438596492,0.060307335459553496,0.9396926645404465
29434,YFL050C YDL042C,0.0,NA,0.6785097718238831,2585,1871,29170,265,0.9369744179870763,0.5801166965888689,0.9070175438596492,0.06027512000257724,0.9397248799974227
29435,YEL051W YLR055C,0.0,NA,0.6786825656890869,2585,1870,29171,265,0.9370039243456965,0.5802469135802469,0.9070175438596492,0.06024290454560098,0.939757095454399
29436,YDR422C YJR010W,0.0,NA,0.6788377165794373,2585,1869,29172,265,0.9370334307043168,0.5803771890435564,0.9070175438596492,0.06021068908862472,0.9397893109113753
29437,YGL020C YPR125W,1.0,NA,0.6791909337043762,2584,1869,29172,266,0.9370039243456965,0.5802829553110262,0.9066666666666666,0.06021068908862472,0.9397893109113753
29438,YBR201W YHR119W,0.0,NA,0.6798092722892761,2584,1868,29173,266,0.9370334307043168,0.5804132973944295,0.9066666666666666,0.060178473631648466,0.9398215263683516
29439,YIL047C YBL021C,0.0,NA,0.6799124479293823,2584,1867,29174,266,0.9370629370629371,0.5805436980453831,0.9066666666666666,0.06014625817467221,0.9398537418253278
29440,YDR425W YOL147C,0.0,NA,0.6800670623779297,2584,1866,29175,266,0.9370924434215574,0.5806741573033708,0.9066666666666666,0.06011404271769595,0.9398859572823041
29441,YKR001C YLR441C,0.0,NA,0.6802378296852112,2584,1865,29176,266,0.9371219497801776,0.5808046752079119,0.9066666666666666,0.06008182726071969,0.9399181727392804
29442,YPR120C YCL038C,0.0,NA,0.6812727451324463,2584,1864,29177,266,0.9371514561387979,0.5809352517985612,0.9066666666666666,0.060049611803743436,0.9399503881962565
29443,YNL070W YGL020C,1.0,NA,0.6813822984695435,2583,1864,29177,267,0.9371219497801776,0.5808410164155611,0.9063157894736842,0.060049611803743436,0.9399503881962565
29444,YGL219C YPR125W,1.0,NA,0.6819137334823608,2582,1864,29177,268,0.9370924434215574,0.5807467386414755,0.9059649122807018,0.060049611803743436,0.9399503881962565
29445,YMR134W YLL013C,1.0,NA,0.6819676756858826,2581,1864,29177,269,0.9370629370629371,0.580652418447694,0.9056140350877193,0.060049611803743436,0.9399503881962565
29446,YGR027C YPL065W,0.0,NA,0.6820120811462402,2581,1863,29178,269,0.9370924434215574,0.5807830783078308,0.9056140350877193,0.06001739634676718,0.9399826036532328
29447,YJL054W YOR330C,1.0,NA,0.6821736097335815,2580,1863,29178,270,0.9370629370629371,0.5806887238352465,0.9052631578947369,0.06001739634676718,0.9399826036532328
29448,YDL179W YNL279W,0.0,NA,0.6822502017021179,2580,1862,29179,270,0.9370924434215574,0.5808194506978839,0.9052631578947369,0.05998518088979092,0.9400148191102091
29449,YNR030W YPL228W,0.0,NA,0.6823112964630127,2580,1861,29180,270,0.9371219497801776,0.5809502364332357,0.9052631578947369,0.05995296543281466,0.9400470345671853
29450,YOR244W YOR386W,0.0,NA,0.6823855638504028,2580,1860,29181,270,0.9371514561387979,0.581081081081081,0.9052631578947369,0.059920749975838405,0.9400792500241616
29451,YOL027C YPR131C,1.0,NA,0.6828128099441528,2579,1860,29181,271,0.9371219497801776,0.5809867087181798,0.9049122807017543,0.059920749975838405,0.9400792500241616
29452,YDL142C YPR125W,1.0,NA,0.6828418970108032,2578,1860,29181,272,0.9370924434215574,0.5808922938260478,0.9045614035087719,0.059920749975838405,0.9400792500241616
29453,YML046W YDL095W,0.0,NA,0.6837366223335266,2578,1859,29182,272,0.9371219497801776,0.5810232138832544,0.9045614035087719,0.05988853451886215,0.9401114654811379
29454,YKL017C YMR054W,0.0,NA,0.6837855577468872,2578,1858,29183,272,0.9371514561387979,0.5811541929666366,0.9045614035087719,0.05985631906188589,0.9401436809381141
29455,YGR212W YOR157C,0.0,NA,0.683797299861908,2578,1857,29184,272,0.9371809624974182,0.5812852311161217,0.9045614035087719,0.05982410360490963,0.9401758963950904
29456,YFL039C YLR368W,1.0,NA,0.6838392615318298,2577,1857,29184,273,0.9371514561387979,0.581190798376184,0.9042105263157895,0.05982410360490963,0.9401758963950904
29457,YOL075C YIL083C,0.0,NA,0.6839413642883301,2577,1856,29185,273,0.9371809624974182,0.581321903902549,0.9042105263157895,0.059791888147933375,0.9402081118520667
29458,YOR357C YDR001C,0.0,NA,0.6841174960136414,2577,1855,29186,273,0.9372104688560384,0.5814530685920578,0.9042105263157895,0.059759672690957125,0.9402403273090428
29459,YDL236W YML123C,0.0,NA,0.6842395067214966,2577,1854,29187,273,0.9372399752146587,0.5815842924847664,0.9042105263157895,0.05972745723398087,0.9402725427660191
29460,YNL213C YLL006W,1.0,NA,0.6842420101165771,2576,1854,29187,274,0.9372104688560384,0.581489841986456,0.903859649122807,0.05972745723398087,0.9402725427660191
29461,YGL055W YGL219C,1.0,NA,0.6844264268875122,2575,1854,29187,275,0.9371809624974182,0.5813953488372093,0.9035087719298246,0.05972745723398087,0.9402725427660191
29462,YPL267W YLR390W-A,0.0,NA,0.6845510601997375,2575,1853,29188,275,0.9372104688560384,0.5815266485998193,0.9035087719298246,0.05969524177700461,0.9403047582229954
29463,YDR390C YDR334W,0.0,NA,0.684588611125946,2575,1852,29189,275,0.9372399752146587,0.5816580076801445,0.9035087719298246,0.05966302632002835,0.9403369736799716
29464,YPL241C YMR218C,0.0,NA,0.6847944855690002,2575,1851,29190,275,0.937269481573279,0.5817894261183914,0.9035087719298246,0.059630810863052094,0.9403691891369479
29465,YOL005C YGL123W,0.0,NA,0.6849144697189331,2575,1850,29191,275,0.9372989879318994,0.5819209039548022,0.9035087719298246,0.05959859540607584,0.9404014045939242
29466,YBL016W YOR043W,0.0,NA,0.6850216388702393,2575,1849,29192,275,0.9373284942905196,0.5820524412296564,0.9035087719298246,0.05956637994909958,0.9404336200509005
29467,YPR176C YDR252W,0.0,NA,0.685187041759491,2575,1848,29193,275,0.9373580006491399,0.5821840379832692,0.9035087719298246,0.05953416449212332,0.9404658355078767
29468,YHR072W-A YGL213C,0.0,NA,0.6853910684585571,2575,1847,29194,275,0.9373875070077602,0.5823156942559927,0.9035087719298246,0.059501949035147064,0.940498050964853
29469,YPR156C YPR078C,0.0,NA,0.6855454444885254,2575,1846,29195,275,0.9374170133663805,0.5824474100882153,0.9035087719298246,0.05946973357817081,0.9405302664218292
29470,YLR452C YBR112C,0.0,NA,0.6857680082321167,2575,1845,29196,275,0.9374465197250007,0.582579185520362,0.9035087719298246,0.05943751812119455,0.9405624818788054
29471,YDR011W YFL047W,0.0,NA,0.6864722371101379,2575,1844,29197,275,0.937476026083621,0.5827110205928944,0.9035087719298246,0.05940530266421829,0.9405946973357817
29472,YAL014C YOR356W,0.0,NA,0.6869409680366516,2575,1843,29198,275,0.9375055324422413,0.5828429153463105,0.9035087719298246,0.059373087207242034,0.940626912792758
29473,YOR326W YKL013C,1.0,NA,0.6869536638259888,2574,1843,29198,276,0.937476026083621,0.582748471813448,0.9031578947368422,0.059373087207242034,0.940626912792758
29474,YPL048W YNL245C,0.0,NA,0.686954140663147,2574,1842,29199,276,0.9375055324422413,0.5828804347826086,0.9031578947368422,0.059340871750265776,0.9406591282497342
29475,YJL130C YGR241C,0.0,NA,0.687061607837677,2574,1841,29200,276,0.9375350388008615,0.5830124575311438,0.9031578947368422,0.05930865629328952,0.9406913437067105
29476,YDR469W YNL261W,0.0,NA,0.6872524619102478,2574,1840,29201,276,0.9375645451594818,0.5831445400996829,0.9031578947368422,0.05927644083631326,0.9407235591636868
29477,YDR016C YDR376W,0.0,NA,0.6875845193862915,2574,1839,29202,276,0.9375940515181022,0.5832766825288919,0.9031578947368422,0.059244225379337004,0.940755774620663
29478,YML095C YMR077C,0.0,NA,0.6877644062042236,2574,1838,29203,276,0.9376235578767225,0.5834088848594742,0.9031578947368422,0.059212009922360746,0.9407879900776392
29479,YPL242C YPL228W,0.0,NA,0.6878558993339539,2574,1837,29204,276,0.9376530642353427,0.5835411471321695,0.9031578947368422,0.05917979446538449,0.9408202055346155
29480,YIL090W YNR026C,0.0,NA,0.688005268573761,2574,1836,29205,276,0.937682570593963,0.5836734693877551,0.9031578947368422,0.05914757900840823,0.9408524209915917
29481,YPL002C YER089C,0.0,NA,0.6881734728813171,2574,1835,29206,276,0.9377120769525833,0.5838058516670447,0.9031578947368422,0.059115363551431974,0.940884636448568
29482,YBR233W-A YIR033W,0.0,NA,0.6882208585739136,2574,1834,29207,276,0.9377415833112036,0.5839382940108893,0.9031578947368422,0.05908314809445572,0.9409168519055443
29483,YBR278W YDR512C,0.0,NA,0.688379168510437,2574,1833,29208,276,0.9377710896698238,0.584070796460177,0.9031578947368422,0.059050932637479465,0.9409490673625205
29484,YDR530C YER023W,0.0,NA,0.6886000633239746,2574,1832,29209,276,0.9378005960284441,0.584203359055833,0.9031578947368422,0.05901871718050321,0.9409812828194968
29485,YJL091C YPL029W,0.0,NA,0.6888014078140259,2574,1831,29210,276,0.9378301023870644,0.5843359818388195,0.9031578947368422,0.05898650172352695,0.9410134982764731
29486,YOL011W YLR141W,0.0,NA,0.6889664530754089,2574,1830,29211,276,0.9378596087456847,0.5844686648501363,0.9031578947368422,0.05895428626655069,0.9410457137334494
29487,YBR240C YBR170C,0.0,NA,0.6893197894096375,2574,1829,29212,276,0.937889115104305,0.5846014081308198,0.9031578947368422,0.058922070809574435,0.9410779291904255
29488,YGL055W YDL217C,1.0,NA,0.6895060539245605,2573,1829,29212,277,0.9378596087456847,0.5845070422535211,0.9028070175438596,0.058922070809574435,0.9410779291904255
29489,YHR153C YOR254C,0.0,NA,0.6895141005516052,2573,1828,29213,277,0.937889115104305,0.5846398545785049,0.9028070175438596,0.05888985535259818,0.9411101446474018
29490,YER132C YNL325C,0.0,NA,0.6899006366729736,2573,1827,29214,277,0.9379186214629253,0.5847727272727272,0.9028070175438596,0.05885763989562192,0.9411423601043781
29491,YLR355C YFL039C,1.0,NA,0.6899734735488892,2572,1827,29214,278,0.937889115104305,0.5846783359854513,0.9024561403508772,0.05885763989562192,0.9411423601043781
29492,YOR064C YGR252W,0.0,NA,0.6900342702865601,2572,1826,29215,278,0.9379186214629253,0.5848112778535698,0.9024561403508772,0.05882542443864566,0.9411745755613543
29493,YFL039C YNL066W,1.0,NA,0.6902803182601929,2571,1826,29215,279,0.937889115104305,0.5847168523993632,0.9021052631578947,0.05882542443864566,0.9411745755613543
29494,YHR008C YGL071W,0.0,NA,0.690376341342926,2571,1825,29216,279,0.9379186214629253,0.5848498635122839,0.9021052631578947,0.058793208981669405,0.9412067910183306
29495,YOR016C YBR110W,0.0,NA,0.6905127763748169,2571,1824,29217,279,0.9379481278215456,0.5849829351535836,0.9021052631578947,0.05876099352469315,0.9412390064753069
29496,YOR090C YKL126W,0.0,NA,0.6914004683494568,2571,1823,29218,279,0.9379776341801658,0.5851160673645881,0.9021052631578947,0.05872877806771689,0.9412712219322831
29497,YBR218C YOR341W,0.0,NA,0.6914888620376587,2571,1822,29219,279,0.9380071405387861,0.5852492601866606,0.9021052631578947,0.05869656261074063,0.9413034373892594
29498,YHR194W YDL006W,1.0,NA,0.6917424201965332,2570,1822,29219,280,0.9379776341801658,0.5851548269581056,0.9017543859649123,0.05869656261074063,0.9413034373892594
29499,YML058W YER154W,1.0,NA,0.6923066973686218,2569,1822,29219,281,0.9379481278215456,0.5850603507173765,0.9014035087719299,0.05869656261074063,0.9413034373892594
29500,YLR355C YOR266W,1.0,NA,0.6923431158065796,2568,1822,29219,282,0.9379186214629253,0.5849658314350797,0.9010526315789473,0.05869656261074063,0.9413034373892594
29501,YBR145W YHR128W,0.0,NA,0.6924346089363098,2568,1821,29220,282,0.9379481278215456,0.5850991114149009,0.9010526315789473,0.058664347153764375,0.9413356528462357
29502,YBR192W YPR083W,1.0,NA,0.6924622058868408,2567,1821,29220,283,0.9379186214629253,0.5850045578851413,0.9007017543859649,0.058664347153764375,0.9413356528462357
29503,YKL060C YML055W,0.0,NA,0.6924646496772766,2567,1820,29221,283,0.9379481278215456,0.5851379074538409,0.9007017543859649,0.05863213169678812,0.9413678683032118
29504,YOR167C YFR033C,0.0,NA,0.6926200985908508,2567,1819,29222,283,0.9379776341801658,0.5852713178294574,0.9007017543859649,0.05859991623981186,0.9414000837601881
29505,YNL061W YLR275W,0.0,NA,0.6928107738494873,2567,1818,29223,283,0.9380071405387861,0.5854047890535918,0.9007017543859649,0.0585677007828356,0.9414322992171644
29506,YJR135W-A YLL013C,1.0,NA,0.6932421922683716,2566,1818,29223,284,0.9379776341801658,0.5853102189781022,0.9003508771929825,0.0585677007828356,0.9414322992171644
29507,YDL142C YNL310C,1.0,NA,0.6933705806732178,2565,1818,29223,285,0.9379481278215456,0.5852156057494866,0.9,0.0585677007828356,0.9414322992171644
29508,YJR120W YBR234C,1.0,NA,0.6934376358985901,2564,1818,29223,286,0.9379186214629253,0.5851209493382017,0.8996491228070176,0.0585677007828356,0.9414322992171644
29509,YBR192W YNL310C,1.0,NA,0.69367516040802,2563,1818,29223,287,0.937889115104305,0.585026249714677,0.899298245614035,0.0585677007828356,0.9414322992171644
29510,YDR096W YKL034W,0.0,NA,0.6938170790672302,2563,1817,29224,287,0.9379186214629253,0.5851598173515982,0.899298245614035,0.058535485325859345,0.9414645146741406
29511,YDL022W YLR353W,0.0,NA,0.6941373348236084,2563,1816,29225,287,0.9379481278215456,0.5852934459922357,0.899298245614035,0.05850326986888309,0.9414967301311169
29512,YNL079C YFL036W,1.0,NA,0.6944029927253723,2562,1816,29225,288,0.9379186214629253,0.5851987208771129,0.8989473684210526,0.05850326986888309,0.9414967301311169
29513,YGL020C YNL066W,1.0,NA,0.6947563290596008,2561,1816,29225,289,0.937889115104305,0.5851039524788668,0.8985964912280702,0.05850326986888309,0.9414967301311169
29514,YGL012W YBR199W,0.0,NA,0.6947655081748962,2561,1815,29226,289,0.9379186214629253,0.5852376599634369,0.8985964912280702,0.05847105441190683,0.9415289455880932
29515,YGL087C YOR028C,0.0,NA,0.6949847936630249,2561,1814,29227,289,0.9379481278215456,0.5853714285714285,0.8985964912280702,0.05843883895493058,0.9415611610450694
29516,YLR455W YOR069W,0.0,NA,0.6954605579376221,2561,1813,29228,289,0.9379776341801658,0.5855052583447645,0.8985964912280702,0.05840662349795432,0.9415933765020457
29517,YHR031C YJR135W-A,1.0,NA,0.695604681968689,2560,1813,29228,290,0.9379481278215456,0.5854104733592499,0.8982456140350877,0.05840662349795432,0.9415933765020457
29518,YMR274C YGR002C,0.0,NA,0.6956254243850708,2560,1812,29229,290,0.9379776341801658,0.585544373284538,0.8982456140350877,0.058374408040978064,0.941625591959022
29519,YNR009W YNL108C,0.0,NA,0.6957036256790161,2560,1811,29230,290,0.9380071405387861,0.5856783344772364,0.8982456140350877,0.058342192584001806,0.9416578074159982
29520,YGL105W YGL084C,0.0,NA,0.69599449634552,2560,1810,29231,290,0.9380366468974064,0.585812356979405,0.8982456140350877,0.05830997712702555,0.9416900228729744
29521,YJL048C YPR181C,0.0,NA,0.6963253617286682,2560,1809,29232,290,0.9380661532560267,0.5859464408331426,0.8982456140350877,0.05827776167004929,0.9417222383299507
29522,YMR302C YML058W,1.0,NA,0.696328341960907,2559,1809,29232,291,0.9380366468974064,0.5858516483516484,0.8978947368421053,0.05827776167004929,0.9417222383299507
29523,YMR302C YDL006W,1.0,NA,0.6966758370399475,2558,1809,29232,292,0.9380071405387861,0.5857568124570643,0.8975438596491228,0.05827776167004929,0.9417222383299507
29524,YLR250W YHR053C,0.0,NA,0.696723222732544,2558,1808,29233,292,0.9380366468974064,0.5858909757214842,0.8975438596491228,0.058245546213073034,0.941754453786927
29525,YOL095C YMR211W,1.0,NA,0.6968386769294739,2557,1808,29233,293,0.9380071405387861,0.5857961053837343,0.8971929824561403,0.058245546213073034,0.941754453786927
29526,YBL100W-A YIL013C,0.0,NA,0.6971993446350098,2557,1807,29234,293,0.9380366468974064,0.5859303391384051,0.8971929824561403,0.058213330756096776,0.9417866692439032
29527,YAL026C YOR073W,0.0,NA,0.6973668932914734,2557,1806,29235,293,0.9380661532560267,0.5860646344258538,0.8971929824561403,0.05818111529912052,0.9418188847008795
29528,YGR002C YPL042C,0.0,NA,0.698153555393219,2557,1805,29236,293,0.9380956596146469,0.5861989912883998,0.8971929824561403,0.05814889984214426,0.9418511001578558
29529,YBR192W YGR181W,1.0,NA,0.6981674432754517,2556,1805,29236,294,0.9380661532560267,0.5861041045631736,0.8968421052631579,0.05814889984214426,0.9418511001578558
29530,YBL055C YPL268W,0.0,NA,0.6982792019844055,2556,1804,29237,294,0.9380956596146469,0.5862385321100917,0.8968421052631579,0.058116684385168,0.941883315614832
29531,YDR296W YJR120W,1.0,NA,0.6983832120895386,2555,1804,29237,295,0.9380661532560267,0.5861436109199357,0.8964912280701754,0.058116684385168,0.941883315614832
29532,YBR192W YMR012W,1.0,NA,0.6984777450561523,2554,1804,29237,296,0.9380366468974064,0.5860486461679669,0.896140350877193,0.058116684385168,0.941883315614832
29533,YOR100C YAL024C,0.0,NA,0.6991817355155945,2554,1803,29238,296,0.9380661532560267,0.5861831535460179,0.896140350877193,0.058084468928191746,0.9419155310718083
29534,YPL218W YER030W,0.0,NA,0.6991850733757019,2554,1802,29239,296,0.9380956596146469,0.5863177226813591,0.896140350877193,0.05805225347121549,0.9419477465287845
29535,YNL199C YIL090W,0.0,NA,0.6993885636329651,2554,1801,29240,296,0.9381251659732672,0.5864523536165327,0.896140350877193,0.05802003801423923,0.9419799619857607
29536,YMR072W YMR211W,1.0,NA,0.6996231079101562,2553,1801,29240,297,0.9380956596146469,0.586357372531006,0.8957894736842106,0.05802003801423923,0.9419799619857607
29537,YJR135W-A YDL217C,1.0,NA,0.6997677087783813,2552,1801,29240,298,0.9380661532560267,0.5862623478061108,0.895438596491228,0.05802003801423923,0.9419799619857607
29538,YKR053C YAR007C,0.0,NA,0.6999595761299133,2552,1800,29241,298,0.9380956596146469,0.5863970588235294,0.895438596491228,0.05798782255726297,0.942012177442737
29539,YJR065C YLL013C,1.0,NA,0.7004271149635315,2551,1800,29241,299,0.9380661532560267,0.5863019995403356,0.8950877192982456,0.05798782255726297,0.942012177442737
29540,YGL054C YLR453C,0.0,NA,0.7004455924034119,2551,1799,29242,299,0.9380956596146469,0.5864367816091954,0.8950877192982456,0.057955607100286716,0.9420443928997133
29541,YLR355C YNL070W,1.0,NA,0.7006545662879944,2550,1799,29242,300,0.9380661532560267,0.5863416877443091,0.8947368421052632,0.057955607100286716,0.9420443928997133
29542,YIL062C YOR330C,1.0,NA,0.7007516622543335,2549,1799,29242,301,0.9380366468974064,0.5862465501379944,0.8943859649122807,0.057955607100286716,0.9420443928997133
29543,YPR094W YCR072C,0.0,NA,0.7007989287376404,2549,1798,29243,301,0.9380661532560267,0.586381412468369,0.8943859649122807,0.05792339164331046,0.9420766083566895
29544,YBL002W YHR171W,0.0,NA,0.7011356353759766,2549,1797,29244,301,0.9380956596146469,0.5865163368614819,0.8943859649122807,0.0578911761863342,0.9421088238136658
29545,YLR399C YGR184C,0.0,NA,0.7011809349060059,2549,1796,29245,301,0.9381251659732672,0.5866513233601841,0.8943859649122807,0.05785896072935794,0.9421410392706421
29546,YIL047C YBR231C,0.0,NA,0.7012148499488831,2549,1795,29246,301,0.9381546723318875,0.5867863720073665,0.8943859649122807,0.057826745272381685,0.9421732547276183
29547,YBR010W YOR159C,0.0,NA,0.7017785310745239,2549,1794,29247,301,0.9381841786905079,0.586921482845959,0.8943859649122807,0.057794529815405435,0.9422054701845946
29548,YOL072W YPR159W,0.0,NA,0.7019216418266296,2549,1793,29248,301,0.938213685049128,0.5870566559189314,0.8943859649122807,0.05776231435842918,0.9422376856415708
29549,YDR439W YIL106W,0.0,NA,0.7019335031509399,2549,1792,29249,301,0.9382431914077484,0.5871918912692928,0.8943859649122807,0.05773009890145292,0.9422699010985471
29550,YDR372C YML023C,0.0,NA,0.7019827365875244,2549,1791,29250,301,0.9382726977663687,0.5873271889400922,0.8943859649122807,0.05769788344447666,0.9423021165555233
29551,YNL192W YJL176C,0.0,NA,0.7022358775138855,2549,1790,29251,301,0.9383022041249889,0.5874625489744181,0.8943859649122807,0.057665667987500405,0.9423343320124996
29552,YER129W YER145C,0.0,NA,0.7027307748794556,2549,1789,29252,301,0.9383317104836092,0.5875979714153988,0.8943859649122807,0.05763345253052415,0.9423665474694759
29553,YJR120W YDL217C,1.0,NA,0.7027755379676819,2548,1789,29252,302,0.9383022041249889,0.5875028821766198,0.8940350877192983,0.05763345253052415,0.9423665474694759
29554,YMR063W YGR198W,0.0,NA,0.7027760744094849,2548,1788,29253,302,0.9383317104836092,0.5876383763837638,0.8940350877192983,0.05760123707354789,0.9423987629264521
29555,YLL056C YDL043C,0.0,NA,0.7027868032455444,2548,1787,29254,302,0.9383612168422295,0.5877739331026528,0.8940350877192983,0.05756902161657163,0.9424309783834284
29556,YLR120C YNL218W,0.0,NA,0.7031363844871521,2548,1786,29255,302,0.9383907232008498,0.5879095523765574,0.8940350877192983,0.057536806159595374,0.9424631938404047
29557,YNL213C YIL138C,1.0,NA,0.703200101852417,2547,1786,29255,303,0.9383612168422295,0.5878144472651743,0.8936842105263157,0.057536806159595374,0.9424631938404047
29558,YJR120W YMR012W,1.0,NA,0.7032398581504822,2546,1786,29255,304,0.9383317104836092,0.5877192982456141,0.8933333333333333,0.057536806159595374,0.9424631938404047
29559,YDL118W YKL127W,0.0,NA,0.7033516764640808,2546,1785,29256,304,0.9383612168422295,0.5878549988455322,0.8933333333333333,0.05750459070261912,0.9424954092973808
29560,YOR165W YLR347C,0.0,NA,0.7034927606582642,2546,1784,29257,304,0.9383907232008498,0.5879907621247114,0.8933333333333333,0.05747237524564286,0.9425276247543571
29561,YEL071W YCL050C,0.0,NA,0.7040462493896484,2546,1783,29258,304,0.93842022955947,0.5881265881265881,0.8933333333333333,0.0574401597886666,0.9425598402113334
29562,YJR135W-A YNL066W,1.0,NA,0.7041321396827698,2545,1783,29258,305,0.9383907232008498,0.5880314232902033,0.8929824561403509,0.0574401597886666,0.9425598402113334
29563,YKR036C YDR150W,1.0,NA,0.7043296098709106,2544,1783,29258,306,0.9383612168422295,0.5879362144672984,0.8926315789473684,0.0574401597886666,0.9425598402113334
29564,YMR201C YJL113W,0.0,NA,0.7043339014053345,2544,1782,29259,306,0.9383907232008498,0.5880721220527045,0.8926315789473684,0.057407944331690344,0.9425920556683096
29565,YDR011W YPL234C,0.0,NA,0.7043828368186951,2544,1781,29260,306,0.93842022955947,0.5882080924855492,0.8926315789473684,0.05737572887471409,0.9426242711252859
29566,YPR024W YNR035C,1.0,NA,0.7049611806869507,2543,1781,29260,307,0.9383907232008498,0.5881128584643849,0.892280701754386,0.05737572887471409,0.9426242711252859
29567,YJR120W YBR091C,1.0,NA,0.7053986191749573,2542,1781,29260,308,0.9383612168422295,0.5880175803839925,0.8919298245614035,0.05737572887471409,0.9426242711252859
29568,YFL039C YKR042W,1.0,NA,0.7055544853210449,2541,1781,29260,309,0.9383317104836092,0.58792225821379,0.891578947368421,0.05737572887471409,0.9426242711252859
29569,YDR016C YMR255W,0.0,NA,0.7056624889373779,2541,1780,29261,309,0.9383612168422295,0.5880583198333719,0.891578947368421,0.05734351341773783,0.9426564865822622
29570,YLL040C YNR064C,0.0,NA,0.7056668400764465,2541,1779,29262,309,0.9383907232008498,0.5881944444444445,0.891578947368421,0.05731129796076157,0.9426887020392384
29571,YBR212W YPR131C,1.0,NA,0.7059871554374695,2540,1779,29262,310,0.9383612168422295,0.5880990970131975,0.8912280701754386,0.05731129796076157,0.9426887020392384
29572,YMR212C YAL031C,0.0,NA,0.7060126662254333,2540,1778,29263,310,0.9383907232008498,0.5882352941176471,0.8912280701754386,0.057279082503785314,0.9427209174962147
29573,YGR124W YML077W,0.0,NA,0.706137478351593,2540,1777,29264,310,0.93842022955947,0.5883715543201298,0.8912280701754386,0.057246867046809057,0.942753132953191
29574,YGR105W YIL082W-A,0.0,NA,0.7068572640419006,2540,1776,29265,310,0.9384497359180903,0.5885078776645042,0.8912280701754386,0.0572146515898328,0.9427853484101671
29575,YHR120W YPR131C,1.0,NA,0.7072427272796631,2539,1776,29265,311,0.93842022955947,0.5884125144843569,0.8908771929824562,0.0572146515898328,0.9427853484101671
29576,YKR042W YOR330C,1.0,NA,0.7076811790466309,2538,1776,29265,312,0.9383907232008498,0.588317107093185,0.8905263157894737,0.0572146515898328,0.9427853484101671
29577,YKR046C YDR182W,0.0,NA,0.707691490650177,2538,1775,29266,312,0.93842022955947,0.588453512636216,0.8905263157894737,0.05718243613285654,0.9428175638671434
29578,YPR105C YHL028W,0.0,NA,0.7086113691329956,2538,1774,29267,312,0.9384497359180903,0.5885899814471243,0.8905263157894737,0.05715022067588029,0.9428497793241197
29579,YLR368W YML058W,1.0,NA,0.7091819047927856,2537,1774,29267,313,0.93842022955947,0.5884945488285781,0.8901754385964912,0.05715022067588029,0.9428497793241197
29580,YDR381W YGL038C,0.0,NA,0.7095485329627991,2537,1773,29268,313,0.9384497359180903,0.5886310904872389,0.8901754385964912,0.05711800521890403,0.942881994781096
29581,YEL056W YJL222W,0.0,NA,0.7098370790481567,2537,1772,29269,313,0.9384792422767106,0.5887676955210025,0.8901754385964912,0.057085789761927776,0.9429142102380722
29582,YHR186C YMR301C,0.0,NA,0.7109929919242859,2537,1771,29270,313,0.938508748635331,0.5889043639740018,0.8901754385964912,0.05705357430495152,0.9429464256950485
29583,YNL199C YPL001W,0.0,NA,0.7113326787948608,2537,1770,29271,313,0.9385382549939512,0.589041095890411,0.8901754385964912,0.05702135884797526,0.9429786411520248
29584,YLR380W YLR100W,0.0,NA,0.7115294933319092,2537,1769,29272,313,0.9385677613525715,0.589177891314445,0.8901754385964912,0.056989143390999,0.943010856609001
29585,YNL310C YGR101W,1.0,NA,0.7115851044654846,2536,1769,29272,314,0.9385382549939512,0.5890824622531939,0.8898245614035087,0.056989143390999,0.943010856609001
29586,YLR355C YBR192W,1.0,NA,0.7117317914962769,2535,1769,29272,315,0.938508748635331,0.5889869888475836,0.8894736842105263,0.056989143390999,0.943010856609001
29587,YKR036C YGL219C,1.0,NA,0.7119325995445251,2534,1769,29272,316,0.9384792422767106,0.5888914710666977,0.8891228070175439,0.056989143390999,0.943010856609001
29588,YFR001W YNR070W,0.0,NA,0.7119470238685608,2534,1768,29273,316,0.938508748635331,0.5890283589028359,0.8891228070175439,0.056956927934022746,0.9430430720659773
29589,YMR241W YOR330C,1.0,NA,0.712009847164154,2533,1768,29273,317,0.9384792422767106,0.5889328063241107,0.8887719298245614,0.056956927934022746,0.9430430720659773
29590,YLR276C YLR176C,0.0,NA,0.7120386362075806,2533,1767,29274,317,0.938508748635331,0.5890697674418605,0.8887719298245614,0.05692471247704649,0.9430752875229536
29591,YJR120W YOL060C,1.0,NA,0.7121555805206299,2532,1767,29274,318,0.9384792422767106,0.5889741800418702,0.888421052631579,0.05692471247704649,0.9430752875229536
29592,YHR031C YIL051C,1.0,NA,0.7126337289810181,2531,1767,29274,319,0.9384497359180903,0.5888785481619357,0.8880701754385965,0.05692471247704649,0.9430752875229536
29593,YPR125W YGR101W,1.0,NA,0.7126472592353821,2530,1767,29274,320,0.93842022955947,0.5887828717710031,0.887719298245614,0.05692471247704649,0.9430752875229536
29594,YOR265W YGR277C,0.0,NA,0.7128713130950928,2530,1766,29275,320,0.9384497359180903,0.5889199255121043,0.887719298245614,0.05689249702007023,0.9431075029799297
29595,YNL209W YOL045W,0.0,NA,0.7129480242729187,2530,1765,29276,320,0.9384792422767106,0.5890570430733411,0.887719298245614,0.05686028156309397,0.943139718436906
29596,YNR035C YLL006W,1.0,NA,0.7133378386497498,2529,1765,29276,321,0.9384497359180903,0.5889613414066138,0.8873684210526316,0.05686028156309397,0.943139718436906
29597,YLL022C YHR044C,0.0,NA,0.7135121822357178,2529,1764,29277,321,0.9384792422767106,0.589098532494759,0.8873684210526316,0.056828066106117715,0.9431719338938823
29598,YDR219C YNL066W,1.0,NA,0.7136850357055664,2528,1764,29277,322,0.9384497359180903,0.5890027958993477,0.8870175438596491,0.056828066106117715,0.9431719338938823
29599,YDL147W YLR103C,0.0,NA,0.7143930196762085,2528,1763,29278,322,0.9384792422767106,0.5891400605919366,0.8870175438596491,0.05679585064914146,0.9432041493508585
29600,YMR123W YDL022W,0.0,NA,0.7144761681556702,2528,1762,29279,322,0.938508748635331,0.5892773892773893,0.8870175438596491,0.0567636351921652,0.9432363648078348
29601,YDR086C YDR100W,0.0,NA,0.7147935032844543,2528,1761,29280,322,0.9385382549939512,0.5894147820004663,0.8870175438596491,0.05673141973518894,0.9432685802648111
29602,YOR295W YKL086W,0.0,NA,0.7148178219795227,2528,1760,29281,322,0.9385677613525715,0.5895522388059702,0.8870175438596491,0.056699204278212685,0.9433007957217873
29603,YGR166W YMR288W,0.0,NA,0.7149155735969543,2528,1759,29282,322,0.9385972677111918,0.589689759738745,0.8870175438596491,0.05666698882123643,0.9433330111787636
29604,YJL063C YMR134W,1.0,NA,0.7149304747581482,2527,1759,29282,323,0.9385677613525715,0.5895940270648623,0.8866666666666667,0.05666698882123643,0.9433330111787636
29605,YPL098C YNL310C,1.0,NA,0.715137243270874,2526,1759,29282,324,0.9385382549939512,0.5894982497082847,0.8863157894736842,0.05666698882123643,0.9433330111787636
29606,YHR118C YLL063C,0.0,NA,0.7157427668571472,2526,1758,29283,324,0.9385677613525715,0.5896358543417367,0.8863157894736842,0.05663477336426017,0.9433652266357399
29607,YKL013C YOL027C,1.0,NA,0.7157459855079651,2525,1758,29283,325,0.9385382549939512,0.5895400420266168,0.8859649122807017,0.05663477336426017,0.9433652266357399
29608,YLR368W YKR042W,1.0,NA,0.7159179449081421,2524,1758,29283,326,0.938508748635331,0.5894441849602989,0.8856140350877193,0.05663477336426017,0.9433652266357399
29609,YLR432W YEL057C,0.0,NA,0.7160961031913757,2524,1757,29284,326,0.9385382549939512,0.5895818733940668,0.8856140350877193,0.05660255790728391,0.943397442092716
29610,YGR147C YGR283C,0.0,NA,0.7164295315742493,2524,1756,29285,326,0.9385677613525715,0.5897196261682243,0.8856140350877193,0.056570342450307655,0.9434296575496923
29611,YOR197W YPL082C,0.0,NA,0.7165257930755615,2524,1755,29286,326,0.9385972677111918,0.5898574433278804,0.8856140350877193,0.0565381269933314,0.9434618730066686
29612,YLR355C YMR134W,1.0,NA,0.7165654301643372,2523,1755,29286,327,0.9385677613525715,0.5897615708274895,0.8852631578947369,0.0565381269933314,0.9434618730066686
29613,YPL094C YLR195C,0.0,NA,0.7166450619697571,2523,1754,29287,327,0.9385972677111918,0.5898994622398878,0.8852631578947369,0.05650591153635514,0.9434940884636449
29614,YOR307C YIR031C,0.0,NA,0.7168470025062561,2523,1753,29288,327,0.9386267740698121,0.5900374181478016,0.8852631578947369,0.05647369607937889,0.9435263039206211
29615,YMR297W YDR238C,0.0,NA,0.716880202293396,2523,1752,29289,327,0.9386562804284323,0.5901754385964912,0.8852631578947369,0.05644148062240263,0.9435585193775974
29616,YPL194W YPR008W,0.0,NA,0.7170130610466003,2523,1751,29290,327,0.9386857867870526,0.5903135236312588,0.8852631578947369,0.056409265165426374,0.9435907348345737
29617,YER183C YER078C,0.0,NA,0.7170937657356262,2523,1750,29291,327,0.9387152931456729,0.5904516732974491,0.8852631578947369,0.05637704970845012,0.9436229502915499
29618,YOL063C YFL033C,0.0,NA,0.7178835272789001,2523,1749,29292,327,0.9387447995042931,0.5905898876404494,0.8852631578947369,0.05634483425147386,0.9436551657485261
29619,YKL049C YMR045C,0.0,NA,0.7181456685066223,2523,1748,29293,327,0.9387743058629134,0.5907281667056895,0.8852631578947369,0.0563126187944976,0.9436873812055024
29620,YKL184W YGR158C,0.0,NA,0.718214213848114,2523,1747,29294,327,0.9388038122215338,0.5908665105386417,0.8852631578947369,0.056280403337521344,0.9437195966624786
29621,YLR026C YML019W,0.0,NA,0.7182684540748596,2523,1746,29295,327,0.9388333185801541,0.5910049191848208,0.8852631578947369,0.056248187880545086,0.9437518121194549
29622,YLR370C YMR134W,1.0,NA,0.7183364629745483,2522,1746,29295,328,0.9388038122215338,0.5909090909090909,0.8849122807017544,0.056248187880545086,0.9437518121194549
29623,YGL048C YFR021W,0.0,NA,0.7184342741966248,2522,1745,29296,328,0.9388333185801541,0.5910475744082494,0.8849122807017544,0.05621597242356883,0.9437840275764312
29624,YLR455W YIL106W,0.0,NA,0.7184872031211853,2522,1744,29297,328,0.9388628249387743,0.5911861228316925,0.8849122807017544,0.05618375696659257,0.9438162430334074
29625,YPL052W YJR042W,0.0,NA,0.7185292840003967,2522,1743,29298,328,0.9388923312973946,0.591324736225088,0.8849122807017544,0.056151541509616314,0.9438484584903837
29626,YML058W YNL310C,1.0,NA,0.7185301184654236,2521,1743,29298,329,0.9388628249387743,0.5912288930581614,0.8845614035087719,0.056151541509616314,0.9438484584903837
29627,YJR004C YOL088C,0.0,NA,0.7185788154602051,2521,1742,29299,329,0.9388923312973946,0.5913675815153647,0.8845614035087719,0.056119326052640056,0.94388067394736
29628,YPL098C YLL013C,1.0,NA,0.7189527153968811,2520,1742,29299,330,0.9388628249387743,0.5912717034256217,0.8842105263157894,0.056119326052640056,0.94388067394736
29629,YBL028C YDR545W,0.0,NA,0.7194148898124695,2520,1741,29300,330,0.9388923312973946,0.5914104670265196,0.8842105263157894,0.0560871105956638,0.9439128894043362
29630,YLR181C YOR358W,0.0,NA,0.7195292115211487,2520,1740,29301,330,0.9389218376560149,0.5915492957746479,0.8842105263157894,0.05605489513868754,0.9439451048613124
29631,YNL026W YIL138C,1.0,NA,0.7197546362876892,2519,1740,29301,331,0.9388923312973946,0.5914533928152148,0.883859649122807,0.05605489513868754,0.9439451048613124
29632,YPL110C YJR141W,0.0,NA,0.7204538583755493,2519,1739,29302,331,0.9389218376560149,0.5915922968529826,0.883859649122807,0.056022679681711283,0.9439773203182887
29633,YGR282C YGL012W,0.0,NA,0.7204548120498657,2519,1738,29303,331,0.9389513440146352,0.5917312661498708,0.883859649122807,0.055990464224735026,0.9440095357752649
29634,YDR427W YHR193C,0.0,NA,0.7204611897468567,2519,1737,29304,331,0.9389808503732554,0.5918703007518797,0.883859649122807,0.05595824876775877,0.9440417512322412
29635,YLL050C YLR024C,0.0,NA,0.720533549785614,2519,1736,29305,331,0.9390103567318757,0.5920094007050529,0.883859649122807,0.05592603331078251,0.9440739666892175
29636,YIL082W-A YDL079C,0.0,NA,0.7212355732917786,2519,1735,29306,331,0.939039863090496,0.5921485660554772,0.883859649122807,0.05589381785380625,0.9441061821461938
29637,YOL075C YER172C,0.0,NA,0.7212510108947754,2519,1734,29307,331,0.9390693694491162,0.5922877968492829,0.883859649122807,0.055861602396829996,0.94413839760317
29638,YJR120W YMR241W,1.0,NA,0.7214125990867615,2518,1734,29307,332,0.939039863090496,0.5921919096895578,0.8835087719298246,0.055861602396829996,0.94413839760317
29639,YNL216W YPL130W,0.0,NA,0.7215162515640259,2518,1733,29308,332,0.9390693694491162,0.5923312161844272,0.8835087719298246,0.055829386939853745,0.9441706130601463
29640,YPL204W YLR438C-A,0.0,NA,0.7215749621391296,2518,1732,29309,332,0.9390988758077365,0.5924705882352941,0.8835087719298246,0.05579717148287749,0.9442028285171226
29641,YMR283C YKR035W-A,0.0,NA,0.7215954661369324,2518,1731,29310,332,0.9391283821663569,0.5926100258884444,0.8835087719298246,0.05576495602590123,0.9442350439740987
29642,YIL110W YEL062W,0.0,NA,0.7219062447547913,2518,1730,29311,332,0.9391578885249772,0.5927495291902072,0.8835087719298246,0.05573274056892497,0.944267259431075
29643,YER093C YJL114W,0.0,NA,0.7223930358886719,2518,1729,29312,332,0.9391873948835974,0.5928890981869555,0.8835087719298246,0.055700525111948715,0.9442994748880513
29644,YHR063C YOL109W,0.0,NA,0.7224025130271912,2518,1728,29313,332,0.9392169012422177,0.5930287329251059,0.8835087719298246,0.05566830965497246,0.9443316903450275
29645,YIL071C YLR209C,0.0,NA,0.7226446866989136,2518,1727,29314,332,0.939246407600838,0.5931684334511189,0.8835087719298246,0.0556360941979962,0.9443639058020038
29646,YML091C YBR234C,1.0,NA,0.7226736545562744,2517,1727,29314,333,0.9392169012422177,0.5930725730442978,0.8831578947368421,0.0556360941979962,0.9443639058020038
29647,YNL307C YGL105W,0.0,NA,0.7229788303375244,2517,1726,29315,333,0.939246407600838,0.5932123497525336,0.8831578947368421,0.05560387874101994,0.9443961212589801
29648,YLL006W YLL013C,1.0,NA,0.72303307056427,2516,1726,29315,334,0.9392169012422177,0.5931164545025931,0.8828070175438596,0.05560387874101994,0.9443961212589801
29649,YLR377C YOR180C,0.0,NA,0.7231252789497375,2516,1725,29316,334,0.939246407600838,0.5932563074746522,0.8828070175438596,0.055571663284043685,0.9444283367159563
29650,YPL040C YBL001C,0.0,NA,0.7233754992485046,2516,1724,29317,334,0.9392759139594583,0.5933962264150944,0.8828070175438596,0.05553944782706743,0.9444605521729326
29651,YPL094C YOR362C,0.0,NA,0.7235308289527893,2516,1723,29318,334,0.9393054203180785,0.5935362113706063,0.8828070175438596,0.05550723237009117,0.9444927676299089
29652,YGL001C YJL095W,0.0,NA,0.7235934734344482,2516,1722,29319,334,0.9393349266766988,0.5936762623879188,0.8828070175438596,0.05547501691311491,0.944524983086885
29653,YBR097W YHL007C,0.0,NA,0.7236202359199524,2516,1721,29320,334,0.9393644330353191,0.593816379513807,0.8828070175438596,0.055442801456138655,0.9445571985438613
29654,YBL082C YOL001W,0.0,NA,0.7237020134925842,2516,1720,29321,334,0.9393939393939394,0.5939565627950897,0.8828070175438596,0.0554105859991624,0.9445894140008376
29655,YKR042W YBR234C,1.0,NA,0.7237817049026489,2515,1720,29321,335,0.9393644330353191,0.5938606847697757,0.8824561403508772,0.0554105859991624,0.9445894140008376
29656,YLR395C YDL232W,0.0,NA,0.7239106297492981,2515,1719,29322,335,0.9393939393939394,0.5940009447331129,0.8824561403508772,0.05537837054218614,0.9446216294578138
29657,YIL094C YJR141W,0.0,NA,0.7244637608528137,2515,1718,29323,335,0.9394234457525596,0.5941412709662178,0.8824561403508772,0.05534615508520988,0.9446538449147901
29658,YDL142C YKL013C,1.0,NA,0.7244822978973389,2514,1718,29323,336,0.9393939393939394,0.5940453686200378,0.8821052631578947,0.05534615508520988,0.9446538449147901
29659,YHR018C YNL241C,0.0,NA,0.7250365018844604,2514,1717,29324,336,0.9394234457525596,0.5941857716851808,0.8821052631578947,0.055313939628233624,0.9446860603717664
29660,YOL005C YOR243C,0.0,NA,0.7256859540939331,2514,1716,29325,336,0.93945295211118,0.5943262411347517,0.8821052631578947,0.05528172417125737,0.9447182758287427
29661,YJR065C YML091C,1.0,NA,0.7257001996040344,2513,1716,29325,337,0.9394234457525596,0.5942303144951525,0.8817543859649123,0.05528172417125737,0.9447182758287427
29662,YKL070W YNL068C,0.0,NA,0.725756824016571,2513,1715,29326,337,0.93945295211118,0.5943708609271523,0.8817543859649123,0.05524950871428111,0.9447504912857189
29663,YOL095C YIL138C,1.0,NA,0.7258439660072327,2512,1715,29326,338,0.9394234457525596,0.5942748994558789,0.8814035087719299,0.05524950871428111,0.9447504912857189
29664,YBR212W YJL054W,1.0,NA,0.7260705232620239,2511,1715,29326,339,0.9393939393939394,0.5941788925698059,0.8810526315789474,0.05524950871428111,0.9447504912857189
29665,YNL084C YDL212W,0.0,NA,0.7264949083328247,2511,1714,29327,339,0.9394234457525596,0.594319526627219,0.8810526315789474,0.05521729325730485,0.9447827067426952
29666,YMR302C YJL054W,1.0,NA,0.7266839742660522,2510,1714,29327,340,0.9393939393939394,0.5942234848484849,0.8807017543859649,0.05521729325730485,0.9447827067426952
29667,YDL008W YDR293C,0.0,NA,0.7267612814903259,2510,1713,29328,340,0.9394234457525596,0.5943641960691451,0.8807017543859649,0.0551850778003286,0.9448149221996714
29668,YNL213C YBR091C,1.0,NA,0.7267967462539673,2509,1713,29328,341,0.9393939393939394,0.5942681193747039,0.8803508771929824,0.0551850778003286,0.9448149221996714
29669,YKR036C YGL055W,1.0,NA,0.7270678877830505,2508,1713,29328,342,0.9393644330353191,0.5941719971570718,0.88,0.0551850778003286,0.9448149221996714
29670,YPL065W YMR092C,0.0,NA,0.7271607518196106,2508,1712,29329,342,0.9393939393939394,0.5943127962085308,0.88,0.055152862343352343,0.9448471376566476
29671,YJR062C YGR124W,0.0,NA,0.7273244857788086,2508,1711,29330,342,0.9394234457525596,0.5944536620052145,0.88,0.055120646886376086,0.9448793531136239
29672,YIL132C YNL318C,0.0,NA,0.7274179458618164,2508,1710,29331,342,0.93945295211118,0.5945945945945946,0.88,0.05508843142939983,0.9449115685706002
29673,YDL006W YMR241W,1.0,NA,0.727478563785553,2507,1710,29331,343,0.9394234457525596,0.5944984586198719,0.8796491228070176,0.05508843142939983,0.9449115685706002
29674,YCR086W YDR302W,0.0,NA,0.7276749014854431,2507,1709,29332,343,0.93945295211118,0.594639468690702,0.8796491228070176,0.05505621597242357,0.9449437840275764
29675,YBR035C YOR354C,0.0,NA,0.7279345393180847,2507,1708,29333,343,0.9394824584698003,0.5947805456702254,0.8796491228070176,0.05502400051544731,0.9449759994845527
29676,YMR043W YMR176W,0.0,NA,0.7285739183425903,2507,1707,29334,343,0.9395119648284205,0.5949216896060749,0.8796491228070176,0.054991785058471056,0.945008214941529
29677,YOR115C YJR084W,0.0,NA,0.7288827300071716,2507,1706,29335,343,0.9395414711870408,0.5950629005459293,0.8796491228070176,0.0549595696014948,0.9450404303985052
29678,YDR376W YLR034C,0.0,NA,0.7289811968803406,2507,1705,29336,343,0.9395709775456611,0.5952041785375118,0.8796491228070176,0.05492735414451854,0.9450726458554815
29679,YCR106W YPR129W,0.0,NA,0.7301651835441589,2507,1704,29337,343,0.9396004839042814,0.5953455236285918,0.8796491228070176,0.05489513868754228,0.9451048613124577
29680,YHR216W YDR224C,0.0,NA,0.7305866479873657,2507,1703,29338,343,0.9396299902629016,0.5954869358669834,0.8796491228070176,0.054862923230566026,0.9451370767694339
29681,YOR178C YKL186C,0.0,NA,0.73063063621521,2507,1702,29339,343,0.9396594966215219,0.5956284153005464,0.8796491228070176,0.05483070777358977,0.9451692922264102
29682,YPL019C YGL229C,0.0,NA,0.7306386828422546,2507,1701,29340,343,0.9396890029801422,0.5957699619771863,0.8796491228070176,0.05479849231661351,0.9452015076833865
29683,YMR100W YMR173W,0.0,NA,0.7307090759277344,2507,1700,29341,343,0.9397185093387626,0.5959115759448538,0.8796491228070176,0.05476627685963725,0.9452337231403627
29684,YOR247W YLR350W,0.0,NA,0.7307959794998169,2507,1699,29342,343,0.9397480156973828,0.5960532572515455,0.8796491228070176,0.054734061402660995,0.945265938597339
29685,YMR226C YIL173W,0.0,NA,0.7309828996658325,2507,1698,29343,343,0.9397775220560031,0.5961950059453032,0.8796491228070176,0.05470184594568474,0.9452981540543153
29686,YKR036C YOR326W,1.0,NA,0.7309890389442444,2506,1698,29343,344,0.9397480156973828,0.5960989533777354,0.8792982456140351,0.05470184594568474,0.9452981540543153
29687,YDL061C YNR016C,0.0,NA,0.7310553193092346,2506,1697,29344,344,0.9397775220560031,0.596240780394956,0.8792982456140351,0.05466963048870848,0.9453303695112916
29688,YIL138C YMR211W,1.0,NA,0.7313687801361084,2505,1697,29344,345,0.9397480156973828,0.5961446930033317,0.8789473684210526,0.05466963048870848,0.9453303695112916
29689,YBR131W YHR062C,0.0,NA,0.7314350605010986,2505,1696,29345,345,0.9397775220560031,0.5962865984289455,0.8789473684210526,0.05463741503173222,0.9453625849682677
29690,YPR024W YLR304C,1.0,NA,0.7317847609519958,2504,1696,29345,346,0.9397480156973828,0.5961904761904762,0.8785964912280702,0.05463741503173222,0.9453625849682677
29691,YLR378C YPR018W,0.0,NA,0.731892466545105,2504,1695,29346,346,0.9397775220560031,0.5963324601095499,0.8785964912280702,0.054605199574755965,0.945394800425244
29692,YPL095C YOR207C,0.0,NA,0.7320348620414734,2504,1694,29347,346,0.9398070284146234,0.5964745116722249,0.8785964912280702,0.05457298411777971,0.9454270158822203
29693,YMR021C YKL067W,0.0,NA,0.7321751117706299,2504,1693,29348,346,0.9398365347732436,0.5966166309268525,0.8785964912280702,0.05454076866080345,0.9454592313391965
29694,YEL044W YPL116W,0.0,NA,0.7323601245880127,2504,1692,29349,346,0.9398660411318639,0.5967588179218303,0.8785964912280702,0.0545085532038272,0.9454914467961728
29695,YNL192W YML008C,0.0,NA,0.7325594425201416,2504,1691,29350,346,0.9398955474904842,0.5969010727056019,0.8785964912280702,0.05447633774685094,0.9455236622531491
29696,YNL026W YNL121C,1.0,NA,0.7326149344444275,2503,1691,29350,347,0.9398660411318639,0.5968049594659036,0.8782456140350877,0.05447633774685094,0.9455236622531491
29697,YJL146W YDR463W,0.0,NA,0.7327407598495483,2503,1690,29351,347,0.9398955474904842,0.5969472931075602,0.8782456140350877,0.054444122289874684,0.9455558777101253
29698,YPR024W YMR211W,1.0,NA,0.7327960729598999,2502,1690,29351,348,0.9398660411318639,0.5968511450381679,0.8778947368421053,0.054444122289874684,0.9455558777101253
29699,YLR368W YIL051C,1.0,NA,0.7329277992248535,2501,1690,29351,349,0.9398365347732436,0.5967549510856598,0.8775438596491228,0.054444122289874684,0.9455558777101253
29700,YOR026W YMR081C,0.0,NA,0.7329418063163757,2501,1689,29352,349,0.9398660411318639,0.5968973747016706,0.8775438596491228,0.05441190683289843,0.9455880931671016
29701,YKL184W YDR420W,0.0,NA,0.7333239316940308,2501,1688,29353,349,0.9398955474904842,0.5970398663165434,0.8775438596491228,0.05437969137592217,0.9456203086240779
29702,YDR408C YDL105W,0.0,NA,0.7333503365516663,2501,1687,29354,349,0.9399250538491045,0.5971824259789876,0.8775438596491228,0.05434747591894591,0.945652524081054
29703,YNL121C YPR125W,1.0,NA,0.7338512539863586,2500,1687,29354,350,0.9398955474904842,0.5970862192500597,0.8771929824561403,0.05434747591894591,0.945652524081054
29704,YJL001W YFL037W,0.0,NA,0.7340057492256165,2500,1686,29355,350,0.9399250538491045,0.5972288580984233,0.8771929824561403,0.054315260461969654,0.9456847395380303
29705,YBR101C YJR102C,0.0,NA,0.7341893315315247,2500,1685,29356,350,0.9399545602077247,0.5973715651135006,0.8771929824561403,0.0542830450049934,0.9457169549950066
29706,YBR038W YLR087C,0.0,NA,0.7343014478683472,2500,1684,29357,350,0.939984066566345,0.5975143403441683,0.8771929824561403,0.05425082954801714,0.9457491704519828
29707,YLR210W YNL093W,0.0,NA,0.7344168424606323,2500,1683,29358,350,0.9400135729249653,0.5976571838393497,0.8771929824561403,0.05421861409104088,0.9457813859089591
29708,YGL133W YGL021W,0.0,NA,0.7344858050346375,2500,1682,29359,350,0.9400430792835857,0.5978000956480153,0.8771929824561403,0.054186398634064624,0.9458136013659354
29709,YML015C YBR069C,0.0,NA,0.7350601553916931,2500,1681,29360,350,0.9400725856422059,0.597943075819182,0.8771929824561403,0.054154183177088366,0.9458458168229116
29710,YDL127W YLR192C,0.0,NA,0.735261082649231,2500,1680,29361,350,0.9401020920008262,0.5980861244019139,0.8771929824561403,0.05412196772011211,0.9458780322798879
29711,YBR082C YOR196C,0.0,NA,0.7353718876838684,2500,1679,29362,350,0.9401315983594465,0.5982292414453219,0.8771929824561403,0.05408975226313585,0.9459102477368642
29712,YIL138C YBR179C,1.0,NA,0.7356690168380737,2499,1679,29362,351,0.9401020920008262,0.5981330780277645,0.8768421052631579,0.05408975226313585,0.9459102477368642
29713,YGL055W YFL039C,1.0,NA,0.7358373403549194,2498,1679,29362,352,0.9400725856422059,0.5980368685659564,0.8764912280701754,0.05408975226313585,0.9459102477368642
29714,YOR107W YGR061C,0.0,NA,0.7361428141593933,2498,1678,29363,352,0.9401020920008262,0.5981800766283525,0.8764912280701754,0.054057536806159594,0.9459424631938405
29715,YJL054W YLR368W,1.0,NA,0.7362546324729919,2497,1678,29363,353,0.9400725856422059,0.5980838323353294,0.876140350877193,0.054057536806159594,0.9459424631938405
29716,YOR037W YML058W,1.0,NA,0.7364110350608826,2496,1678,29363,354,0.9400430792835857,0.5979875419262098,0.8757894736842106,0.054057536806159594,0.9459424631938405
29717,YGL089C YBR128C,0.0,NA,0.7364242076873779,2496,1677,29364,354,0.9400725856422059,0.5981308411214953,0.8757894736842106,0.054025321349183336,0.9459746786508166
29718,YOR165W YDR251W,0.0,NA,0.7364986538887024,2496,1676,29365,354,0.9401020920008262,0.5982742090124641,0.8757894736842106,0.05399310589220708,0.9460068941077929
29719,YNL310C YOR330C,1.0,NA,0.7367624044418335,2495,1676,29365,355,0.9400725856422059,0.5981778949892113,0.875438596491228,0.05399310589220708,0.9460068941077929
29720,YLR438C-A YPL170W,0.0,NA,0.7370427846908569,2495,1675,29366,355,0.9401020920008262,0.5983213429256595,0.875438596491228,0.05396089043523082,0.9460391095647692
29721,YNR035C YJL112W,1.0,NA,0.7372165322303772,2494,1675,29366,356,0.9400725856422059,0.5982249940033582,0.8750877192982456,0.05396089043523082,0.9460391095647692
29722,YDR131C YMR299C,0.0,NA,0.7375117540359497,2494,1674,29367,356,0.9401020920008262,0.5983685220729367,0.8750877192982456,0.053928674978254564,0.9460713250217454
29723,YGR286C YPL133C,0.0,NA,0.7377944588661194,2494,1673,29368,356,0.9401315983594465,0.5985121190304775,0.8750877192982456,0.053896459521278306,0.9461035404787217
29724,YJL063C YDL006W,1.0,NA,0.737977921962738,2493,1673,29368,357,0.9401020920008262,0.5984157465194431,0.8747368421052631,0.053896459521278306,0.9461035404787217
29725,YNL079C YDR296W,1.0,NA,0.7379933595657349,2492,1673,29368,358,0.9400725856422059,0.5983193277310924,0.8743859649122807,0.053896459521278306,0.9461035404787217
29726,YDR150W YPR131C,1.0,NA,0.7381941080093384,2491,1673,29368,359,0.9400430792835857,0.5982228626320846,0.8740350877192983,0.053896459521278306,0.9461035404787217
29727,YKL053C-A YNL066W,1.0,NA,0.7385836839675903,2490,1673,29368,360,0.9400135729249653,0.5981263511890463,0.8736842105263158,0.053896459521278306,0.9461035404787217
29728,YJR104C YLR015W,0.0,NA,0.738747775554657,2490,1672,29369,360,0.9400430792835857,0.5982700624699664,0.8736842105263158,0.053864244064302055,0.946135755935698
29729,YLL006W YMR211W,1.0,NA,0.7388083934783936,2489,1672,29369,361,0.9400135729249653,0.5981735159817352,0.8733333333333333,0.053864244064302055,0.946135755935698
29730,YLL013C YOR330C,1.0,NA,0.7393615245819092,2488,1672,29369,362,0.939984066566345,0.5980769230769231,0.8729824561403509,0.053864244064302055,0.946135755935698
29731,YMR072W YNL066W,1.0,NA,0.739385724067688,2487,1672,29369,363,0.9399545602077247,0.5979802837220486,0.8726315789473684,0.053864244064302055,0.946135755935698
29732,YJR120W YOL076W,1.0,NA,0.7395101189613342,2486,1672,29369,364,0.9399250538491045,0.5978835978835979,0.872280701754386,0.053864244064302055,0.946135755935698
29733,YJL054W YKR042W,1.0,NA,0.7395952939987183,2485,1672,29369,365,0.9398955474904842,0.5977868655280251,0.8719298245614036,0.053864244064302055,0.946135755935698
29734,YIL138C YOL027C,1.0,NA,0.7396216988563538,2484,1672,29369,366,0.9398660411318639,0.5976900866217517,0.871578947368421,0.053864244064302055,0.946135755935698
29735,YML058W YBR091C,1.0,NA,0.7404825091362,2483,1672,29369,367,0.9398365347732436,0.5975932611311673,0.8712280701754386,0.053864244064302055,0.946135755935698
29736,YGL153W YLR080W,0.0,NA,0.740615725517273,2483,1671,29370,367,0.9398660411318639,0.5977371208473761,0.8712280701754386,0.0538320286073258,0.9461679713926742
29737,YLR426W YBR245C,0.0,NA,0.7406390309333801,2483,1670,29371,367,0.9398955474904842,0.5978810498434867,0.8712280701754386,0.05379981315034954,0.9462001868496505
29738,YLR130C YER055C,0.0,NA,0.7407773733139038,2483,1669,29372,367,0.9399250538491045,0.5980250481695568,0.8712280701754386,0.05376759769337328,0.9462324023066268
29739,YEL056W YML012W,0.0,NA,0.7410026788711548,2483,1668,29373,367,0.9399545602077247,0.5981691158756927,0.8712280701754386,0.053735382236397025,0.9462646177636029
29740,YNR035C YMR134W,1.0,NA,0.7415692806243896,2482,1668,29373,368,0.9399250538491045,0.5980722891566265,0.8708771929824561,0.053735382236397025,0.9462646177636029
29741,YNR052C YLR130C,0.0,NA,0.7417177557945251,2482,1667,29374,368,0.9399545602077247,0.5982164376958303,0.8708771929824561,0.05370316677942077,0.9462968332205792
29742,YER112W YHR073W,0.0,NA,0.7420927286148071,2482,1666,29375,368,0.939984066566345,0.5983606557377049,0.8708771929824561,0.05367095132244451,0.9463290486775555
29743,YGR047C YPR122W,0.0,NA,0.7423918843269348,2482,1665,29376,368,0.9400135729249653,0.5985049433325296,0.8708771929824561,0.05363873586546825,0.9463612641345317
29744,YLR368W YMR211W,1.0,NA,0.7424353361129761,2481,1665,29376,369,0.939984066566345,0.5984081041968162,0.8705263157894737,0.05363873586546825,0.9463612641345317
29745,YPR024W YOL076W,1.0,NA,0.7426697611808777,2480,1665,29376,370,0.9399545602077247,0.5983112183353438,0.8701754385964913,0.05363873586546825,0.9463612641345317
29746,YLR355C YGL219C,1.0,NA,0.7430652976036072,2479,1665,29376,371,0.9399250538491045,0.5982142857142857,0.8698245614035087,0.05363873586546825,0.9463612641345317
29747,YGL020C YMR134W,1.0,NA,0.7431105971336365,2478,1665,29376,372,0.9398955474904842,0.5981173062997828,0.8694736842105263,0.05363873586546825,0.9463612641345317
29748,YKR063C YBL051C,0.0,NA,0.7431338429450989,2478,1664,29377,372,0.9399250538491045,0.5982617093191694,0.8694736842105263,0.053606520408491995,0.946393479591508
29749,YMR134W YOL076W,1.0,NA,0.7435286641120911,2477,1664,29377,373,0.9398955474904842,0.5981646945182323,0.8691228070175439,0.053606520408491995,0.946393479591508
29750,YIL146C YOR064C,0.0,NA,0.7437243461608887,2477,1663,29378,373,0.9399250538491045,0.5983091787439614,0.8691228070175439,0.05357430495151574,0.9464256950484843
29751,YLR145W YDR463W,0.0,NA,0.7438515424728394,2477,1662,29379,373,0.9399545602077247,0.598453732785697,0.8691228070175439,0.05354208949453948,0.9464579105054605
29752,YOL075C YLR130C,0.0,NA,0.743870735168457,2477,1661,29380,373,0.939984066566345,0.5985983566940551,0.8691228070175439,0.05350987403756322,0.9464901259624368
29753,YBL005W-B YPL084W,0.0,NA,0.7439219951629639,2477,1660,29381,373,0.9400135729249653,0.5987430505197002,0.8691228070175439,0.053477658580586965,0.946522341419413
29754,YMR050C YIL173W,0.0,NA,0.7439431548118591,2477,1659,29382,373,0.9400430792835857,0.5988878143133463,0.8691228070175439,0.05344544312361071,0.9465545568763893
29755,YLL013C YNL066W,1.0,NA,0.7440107464790344,2476,1659,29382,374,0.9400135729249653,0.5987908101571947,0.8687719298245614,0.05344544312361071,0.9465545568763893
29756,YKL110C YDL118W,0.0,NA,0.7441633939743042,2476,1658,29383,374,0.9400430792835857,0.5989356555394292,0.8687719298245614,0.05341322766663445,0.9465867723333655
29757,YLR244C YBR016W,0.0,NA,0.7442521452903748,2476,1657,29384,374,0.9400725856422059,0.5990805710137914,0.8687719298245614,0.05338101220965819,0.9466189877903418
29758,YOL002C YPL076W,0.0,NA,0.744591236114502,2476,1656,29385,374,0.9401020920008262,0.5992255566311714,0.8687719298245614,0.053348796752681935,0.9466512032473181
29759,YJL063C YMR072W,1.0,NA,0.744611382484436,2475,1656,29385,375,0.9400725856422059,0.599128540305011,0.868421052631579,0.053348796752681935,0.9466512032473181
29760,YLR355C YLR368W,1.0,NA,0.7447422742843628,2474,1656,29385,376,0.9400430792835857,0.5990314769975786,0.8680701754385964,0.053348796752681935,0.9466512032473181
29761,YPR021C YOR039W,0.0,NA,0.7448099851608276,2474,1655,29386,376,0.9400725856422059,0.5991765560668443,0.8680701754385964,0.05331658129570568,0.9466834187042943
29762,YOR255W YLR109W,0.0,NA,0.7448841333389282,2474,1654,29387,376,0.9401020920008262,0.5993217054263565,0.8680701754385964,0.05328436583872942,0.9467156341612706
29763,YGL251C YJR053W,0.0,NA,0.744921088218689,2474,1653,29388,376,0.9401315983594465,0.599466925127211,0.8680701754385964,0.05325215038175316,0.9467478496182469
29764,YLR309C YNL272C,0.0,NA,0.7450219988822937,2474,1652,29389,376,0.9401611047180668,0.5996122152205526,0.8680701754385964,0.05321993492477691,0.946780065075223
29765,YMR044W YLR433C,0.0,NA,0.745058536529541,2474,1651,29390,376,0.940190611076687,0.5997575757575757,0.8680701754385964,0.053187719467800654,0.9468122805321993
29766,YKL053C-A YNL213C,1.0,NA,0.7453137636184692,2473,1651,29390,377,0.9401611047180668,0.5996605237633366,0.867719298245614,0.053187719467800654,0.9468122805321993
29767,YPL098C YNL066W,1.0,NA,0.7454096674919128,2472,1651,29390,378,0.9401315983594465,0.5995634246907592,0.8673684210526316,0.053187719467800654,0.9468122805321993
29768,YLR355C YOR330C,1.0,NA,0.7457137107849121,2471,1651,29390,379,0.9401020920008262,0.5994662785055798,0.8670175438596491,0.053187719467800654,0.9468122805321993
29769,YLR079W YOR340C,0.0,NA,0.7457738518714905,2471,1650,29391,379,0.9401315983594465,0.5996117447221548,0.8670175438596491,0.053155504010824396,0.9468444959891756
29770,YBR192W YDL006W,1.0,NA,0.7462114691734314,2470,1650,29391,380,0.9401020920008262,0.5995145631067961,0.8666666666666667,0.053155504010824396,0.9468444959891756
29771,YER059W YML067C,0.0,NA,0.7468886971473694,2470,1649,29392,380,0.9401315983594465,0.5996601116775917,0.8666666666666667,0.05312328855384814,0.9468767114461518
29772,YOR326W YBR091C,1.0,NA,0.7469831705093384,2469,1649,29392,381,0.9401020920008262,0.5995628946090336,0.8663157894736843,0.05312328855384814,0.9468767114461518
29773,YGL071W YOR043W,0.0,NA,0.747417688369751,2469,1648,29393,381,0.9401315983594465,0.5997085256254554,0.8663157894736843,0.05309107309687188,0.9469089269031281
29774,YOR308C YNL327W,0.0,NA,0.7479684352874756,2469,1647,29394,381,0.9401611047180668,0.5998542274052479,0.8663157894736843,0.053058857639895624,0.9469411423601044
29775,YFL003C YDL028C,0.0,NA,0.748046338558197,2469,1646,29395,381,0.940190611076687,0.6,0.8663157894736843,0.053026642182919366,0.9469733578170806
29776,YDR219C YDR077W,1.0,NA,0.7482290863990784,2468,1646,29395,382,0.9401611047180668,0.5999027710257657,0.8659649122807017,0.053026642182919366,0.9469733578170806
29777,YGL055W YOR266W,1.0,NA,0.7483372688293457,2467,1646,29395,383,0.9401315983594465,0.599805494772672,0.8656140350877193,0.053026642182919366,0.9469733578170806
29778,YKL214C YDR328C,0.0,NA,0.7485091686248779,2467,1645,29396,383,0.9401611047180668,0.5999513618677043,0.8656140350877193,0.05299442672594311,0.9470055732740569
29779,YOL017W YOR368W,0.0,NA,0.7489612102508545,2467,1644,29397,383,0.940190611076687,0.6000972999270251,0.8656140350877193,0.05296221126896685,0.9470377887310332
29780,YHL043W YKR068C,0.0,NA,0.7489859461784363,2467,1643,29398,383,0.9402201174353073,0.6002433090024331,0.8656140350877193,0.05292999581199059,0.9470700041880095
29781,YER144C YNL241C,0.0,NA,0.7492532730102539,2467,1642,29399,383,0.9402496237939276,0.6003893891457776,0.8656140350877193,0.052897780355014336,0.9471022196449856
29782,YJR065C YDL006W,1.0,NA,0.7495946288108826,2466,1642,29399,384,0.9402201174353073,0.6002921129503408,0.8652631578947368,0.052897780355014336,0.9471022196449856
29783,YDR219C YMR241W,1.0,NA,0.7496157884597778,2465,1642,29399,385,0.940190611076687,0.6001947893839785,0.8649122807017544,0.052897780355014336,0.9471022196449856
29784,YDL174C YBR004C,0.0,NA,0.7499731183052063,2465,1641,29400,385,0.9402201174353073,0.6003409644422796,0.8649122807017544,0.05286556489803808,0.9471344351019619
29785,YGR036C YOR257W,0.0,NA,0.7502229809761047,2465,1640,29401,385,0.9402496237939276,0.6004872107186358,0.8649122807017544,0.05283334944106182,0.9471666505589382
29786,YDR142C YBR289W,0.0,NA,0.7502259612083435,2465,1639,29402,385,0.9402791301525478,0.6006335282651072,0.8649122807017544,0.05280113398408556,0.9471988660159144
29787,YDR423C YLR305C,0.0,NA,0.7502998113632202,2465,1638,29403,385,0.9403086365111681,0.6007799171338045,0.8649122807017544,0.052768918527109306,0.9472310814728907
29788,YNL201C YDR512C,0.0,NA,0.7506153583526611,2465,1637,29404,385,0.9403381428697885,0.6009263773768894,0.8649122807017544,0.05273670307013305,0.947263296929867
29789,YLR355C YHR194W,1.0,NA,0.7506296634674072,2464,1637,29404,386,0.9403086365111681,0.6008290660814436,0.864561403508772,0.05273670307013305,0.947263296929867
29790,YDR131C YGR096W,0.0,NA,0.7506312131881714,2464,1636,29405,386,0.9403381428697885,0.6009756097560975,0.864561403508772,0.05270448761315679,0.9472955123868432
29791,YNL167C YDR255C,0.0,NA,0.7507779002189636,2464,1635,29406,386,0.9403676492284088,0.6011222249329105,0.864561403508772,0.05267227215618053,0.9473277278438195
29792,YGL054C YKR089C,0.0,NA,0.7518569231033325,2464,1634,29407,386,0.940397155587029,0.6012689116642265,0.864561403508772,0.052640056699204275,0.9473599433007958
29793,YHR031C YGR181W,1.0,NA,0.7521806359291077,2463,1634,29407,387,0.9403676492284088,0.6011715889675372,0.8642105263157894,0.052640056699204275,0.9473599433007958
29794,YBL018C YGR222W,0.0,NA,0.7522432804107666,2463,1633,29408,387,0.940397155587029,0.601318359375,0.8642105263157894,0.05260784124222802,0.9473921587577719
29795,YBR192W YJL112W,1.0,NA,0.7523857951164246,2462,1633,29408,388,0.9403676492284088,0.6012210012210012,0.863859649122807,0.05260784124222802,0.9473921587577719
29796,YBL019W YJL019W,0.0,NA,0.7523996829986572,2462,1632,29409,388,0.940397155587029,0.6013678553981436,0.863859649122807,0.05257562578525177,0.9474243742147482
29797,YLR390W-A YPL140C,0.0,NA,0.752442479133606,2462,1631,29410,388,0.9404266619456493,0.6015147813339848,0.863859649122807,0.05254341032827551,0.9474565896717245
29798,YAL051W YLR346C,0.0,NA,0.7526078224182129,2462,1630,29411,388,0.9404561683042696,0.6016617790811339,0.863859649122807,0.05251119487129925,0.9474888051287007
29799,YFL039C YMR072W,1.0,NA,0.7526423335075378,2461,1630,29411,389,0.9404266619456493,0.6015644096797849,0.8635087719298246,0.05251119487129925,0.9474888051287007
29800,YDL054C YPL209C,0.0,NA,0.7528715133666992,2461,1629,29412,389,0.9404561683042696,0.6017114914425428,0.8635087719298246,0.052478979414322995,0.947521020585677
29801,YDR221W YHR165C,0.0,NA,0.7530415058135986,2461,1628,29413,389,0.9404856746628899,0.6018586451455123,0.8635087719298246,0.05244676395734674,0.9475532360426533
29802,YDR495C YKR007W,0.0,NA,0.753140389919281,2461,1627,29414,389,0.9405151810215101,0.6020058708414873,0.8635087719298246,0.05241454850037048,0.9475854514996295
29803,YDR081C YDR052C,0.0,NA,0.7532236576080322,2461,1626,29415,389,0.9405446873801304,0.6021531685833129,0.8635087719298246,0.05238233304339422,0.9476176669566058
29804,YCR028C-A YMR134W,1.0,NA,0.7532296180725098,2460,1626,29415,390,0.9405151810215101,0.6020558002936858,0.8631578947368421,0.05238233304339422,0.9476176669566058
29805,YFR024C-A YDR497C,0.0,NA,0.7532774806022644,2460,1625,29416,390,0.9405446873801304,0.602203182374541,0.8631578947368421,0.052350117586417964,0.9476498824135821
29806,YGL043W YPR171W,0.0,NA,0.7534876465797424,2460,1624,29417,390,0.9405741937387507,0.6023506366307542,0.8631578947368421,0.05231790212944171,0.9476820978705583
29807,YNR075W YIL090W,0.0,NA,0.7538479566574097,2460,1623,29418,390,0.9406037000973709,0.6024981631153563,0.8631578947368421,0.05228568667246545,0.9477143133275345
29808,YKR042W YIL065C,1.0,NA,0.7542303204536438,2459,1623,29418,391,0.9405741937387507,0.6024007839294464,0.8628070175438597,0.05228568667246545,0.9477143133275345
29809,YDR131C YER055C,0.0,NA,0.7544547915458679,2459,1622,29419,391,0.9406037000973709,0.6025483950012251,0.8628070175438597,0.05225347121548919,0.9477465287845108
29810,YGL219C YMR134W,1.0,NA,0.754755973815918,2458,1622,29419,392,0.9405741937387507,0.6024509803921568,0.8624561403508771,0.05225347121548919,0.9477465287845108
29811,YJR120W YDR150W,1.0,NA,0.7547888159751892,2457,1622,29419,393,0.9405446873801304,0.6023535180191223,0.8621052631578947,0.05225347121548919,0.9477465287845108
29812,YOR375C YGL137W,0.0,NA,0.7549099326133728,2457,1621,29420,393,0.9405741937387507,0.6025012260912211,0.8621052631578947,0.052221255758512934,0.9477787442414871
29813,YBR192W YCR028C-A,1.0,NA,0.7554343342781067,2456,1621,29420,394,0.9405446873801304,0.6024037282315428,0.8617543859649123,0.052221255758512934,0.9477787442414871
29814,YNL097C YER046W,0.0,NA,0.7555319666862488,2456,1620,29421,394,0.9405741937387507,0.6025515210991168,0.8617543859649123,0.05218904030153668,0.9478109596984633
29815,YDL171C YPL101W,0.0,NA,0.7555661797523499,2456,1619,29422,394,0.9406037000973709,0.6026993865030675,0.8617543859649123,0.05215682484456042,0.9478431751554396
29816,YLR110C YJR119C,0.0,NA,0.7556463479995728,2456,1618,29423,394,0.9406332064559912,0.602847324496809,0.8617543859649123,0.05212460938758416,0.9478753906124159
29817,YLR181C YAR003W,0.0,NA,0.7558469176292419,2456,1617,29424,394,0.9406627128146116,0.602995335133808,0.8617543859649123,0.052092393930607904,0.9479076060693921
29818,YNL312W YNR064C,0.0,NA,0.7560470104217529,2456,1616,29425,394,0.9406922191732319,0.6031434184675835,0.8617543859649123,0.052060178473631646,0.9479398215263684
29819,YDR011W YAL001C,0.0,NA,0.7561367750167847,2456,1615,29426,394,0.9407217255318521,0.6032915745517072,0.8617543859649123,0.05202796301665539,0.9479720369833446
29820,YKR036C YIL138C,1.0,NA,0.7564043998718262,2455,1615,29426,395,0.9406922191732319,0.6031941031941032,0.8614035087719298,0.05202796301665539,0.9479720369833446
29821,YMR134W YML091C,1.0,NA,0.7567381858825684,2454,1615,29426,396,0.9406627128146116,0.6030965839272548,0.8610526315789474,0.05202796301665539,0.9479720369833446
29822,YDR296W YHR194W,1.0,NA,0.7570804357528687,2453,1615,29426,397,0.9406332064559912,0.6029990167158309,0.860701754385965,0.05202796301665539,0.9479720369833446
29823,YIL106W YAR010C,0.0,NA,0.7572190761566162,2453,1614,29427,397,0.9406627128146116,0.6031472830095894,0.860701754385965,0.05199574755967913,0.9480042524403208
29824,YJR120W YER154W,1.0,NA,0.7572425007820129,2452,1614,29427,398,0.9406332064559912,0.603049680275455,0.8603508771929824,0.05199574755967913,0.9480042524403208
29825,YHR119W YBR021W,0.0,NA,0.7572576403617859,2452,1613,29428,398,0.9406627128146116,0.6031980319803198,0.8603508771929824,0.051963532102702874,0.9480364678972971
29826,YDR363W YNL290W,0.0,NA,0.7572762370109558,2452,1612,29429,398,0.9406922191732319,0.6033464566929134,0.8603508771929824,0.051931316645726616,0.9480686833542734
29827,YER146W YPL003W,0.0,NA,0.7573513388633728,2452,1611,29430,398,0.9407217255318521,0.6034949544671425,0.8603508771929824,0.051899101188750366,0.9481008988112496
29828,YOR281C YML125C,0.0,NA,0.7574939131736755,2452,1610,29431,398,0.9407512318904724,0.603643525356967,0.8603508771929824,0.05186688573177411,0.9481331142682259
29829,YOR025W YGR157W,0.0,NA,0.7575438618659973,2452,1609,29432,398,0.9407807382490927,0.6037921694163999,0.8603508771929824,0.05183467027479785,0.9481653297252022
29830,YIL040W YNL283C,0.0,NA,0.7575921416282654,2452,1608,29433,398,0.940810244607713,0.6039408866995074,0.8603508771929824,0.05180245481782159,0.9481975451821784
29831,YNL213C YDL217C,1.0,NA,0.757628321647644,2451,1608,29433,399,0.9407807382490927,0.6038433111603844,0.86,0.05180245481782159,0.9481975451821784
29832,YDL217C YBR234C,1.0,NA,0.75775545835495,2450,1608,29433,400,0.9407512318904724,0.6037456875308034,0.8596491228070176,0.05180245481782159,0.9481975451821784
29833,YDR017C YCR073W-A,0.0,NA,0.7578768730163574,2450,1607,29434,400,0.9407807382490927,0.603894503327582,0.8596491228070176,0.051770239360845335,0.9482297606391547
29834,YDL061C YNL001W,0.0,NA,0.7578943967819214,2450,1606,29435,400,0.940810244607713,0.604043392504931,0.8596491228070176,0.05173802390386908,0.9482619760961309
29835,YMR012W YOL076W,1.0,NA,0.7579096555709839,2449,1606,29435,401,0.9407807382490927,0.6039457459926018,0.8592982456140351,0.05173802390386908,0.9482619760961309
29836,YDL065C YLR115W,0.0,NA,0.7579169273376465,2449,1605,29436,401,0.940810244607713,0.6040947212629502,0.8592982456140351,0.05170580844689282,0.9482941915531072
29837,YPL053C YBR215W,0.0,NA,0.7579347491264343,2449,1604,29437,401,0.9408397509663332,0.6042437700468789,0.8592982456140351,0.05167359298991656,0.9483264070100834
29838,YLR378C YDL171C,0.0,NA,0.7584733963012695,2449,1603,29438,401,0.9408692573249535,0.6043928923988154,0.8592982456140351,0.051641377532940305,0.9483586224670597
29839,YML040W YNR072W,0.0,NA,0.7587876319885254,2449,1602,29439,401,0.9408987636835738,0.6045420883732412,0.8592982456140351,0.05160916207596405,0.948390837924036
29840,YNL051W YML004C,0.0,NA,0.7589085698127747,2449,1601,29440,401,0.9409282700421941,0.6046913580246913,0.8592982456140351,0.05157694661898779,0.9484230533810122
29841,YHR018C YER065C,0.0,NA,0.7589716911315918,2449,1600,29441,401,0.9409577764008143,0.604840701407755,0.8592982456140351,0.05154473116201153,0.9484552688379885
29842,YKL053C-A YIL138C,1.0,NA,0.7591203451156616,2448,1600,29441,402,0.9409282700421941,0.6047430830039525,0.8589473684210527,0.05154473116201153,0.9484552688379885
29843,YDL142C YHR194W,1.0,NA,0.7592412829399109,2447,1600,29441,403,0.9408987636835738,0.6046454163577959,0.8585964912280701,0.05154473116201153,0.9484552688379885
29844,YLR234W YJR109C,0.0,NA,0.759253203868866,2447,1599,29442,403,0.9409282700421941,0.6047948591201187,0.8585964912280701,0.051512515705035275,0.9484874842949648
29845,YNL079C YMR072W,1.0,NA,0.7593054175376892,2446,1599,29442,404,0.9408987636835738,0.6046971569839308,0.8582456140350877,0.051512515705035275,0.9484874842949648
29846,YMR010W YDL084W,0.0,NA,0.7593894600868225,2446,1598,29443,404,0.9409282700421941,0.6048466864490604,0.8582456140350877,0.05148030024805902,0.948519699751941
29847,YJL063C YGR181W,1.0,NA,0.7596310973167419,2445,1598,29443,405,0.9408987636835738,0.6047489488003958,0.8578947368421053,0.05148030024805902,0.948519699751941
29848,YGR281W YJR141W,0.0,NA,0.759928286075592,2445,1597,29444,405,0.9409282700421941,0.6048985650667986,0.8578947368421053,0.05144808479108276,0.9485519152089172
29849,YGL127C YGL168W,0.0,NA,0.7600842714309692,2445,1596,29445,405,0.9409577764008143,0.6050482553823311,0.8578947368421053,0.0514158693341065,0.9485841306658935
29850,YLR396C YML001W,0.0,NA,0.7601426839828491,2445,1595,29446,405,0.9409872827594347,0.6051980198019802,0.8578947368421053,0.051383653877130245,0.9486163461228697
29851,YIL080W YDR001C,0.0,NA,0.7602677941322327,2445,1594,29447,405,0.941016789118055,0.6053478583807873,0.8578947368421053,0.05135143842015399,0.948648561579846
29852,YPL195W YGR056W,0.0,NA,0.7603640556335449,2445,1593,29448,405,0.9410462954766752,0.6054977711738484,0.8578947368421053,0.05131922296317773,0.9486807770368223
29853,YNR046W YEL055C,0.0,NA,0.7607473134994507,2445,1592,29449,405,0.9410758018352955,0.6056477582363141,0.8578947368421053,0.05128700750620147,0.9487129924937985
29854,YBR293W YLR055C,0.0,NA,0.760747492313385,2445,1591,29450,405,0.9411053081939158,0.6057978196233895,0.8578947368421053,0.05125479204922522,0.9487452079507748
29855,YOR037W YPR131C,1.0,NA,0.7609094977378845,2444,1591,29450,406,0.9410758018352955,0.6057001239157374,0.8575438596491228,0.05125479204922522,0.9487452079507748
29856,YGL219C YIL138C,1.0,NA,0.7609152793884277,2443,1591,29450,407,0.9410462954766752,0.6056023797719385,0.8571929824561404,0.05125479204922522,0.9487452079507748
29857,YIL019W YDR037W,0.0,NA,0.7610064744949341,2443,1590,29451,407,0.9410758018352955,0.605752541532358,0.8571929824561404,0.051222576592248964,0.9487774234077511
29858,YKL005C YJR050W,0.0,NA,0.7611414194107056,2443,1589,29452,407,0.9411053081939158,0.6059027777777778,0.8571929824561404,0.051190361135272706,0.9488096388647272
29859,YHR083W YBR234C,1.0,NA,0.7620082497596741,2442,1589,29452,408,0.9410758018352955,0.605805011163483,0.8568421052631578,0.051190361135272706,0.9488096388647272
29860,YFL039C YGL020C,1.0,NA,0.762015700340271,2441,1589,29452,409,0.9410462954766752,0.6057071960297766,0.8564912280701754,0.051190361135272706,0.9488096388647272
29861,YER142C YOR026W,0.0,NA,0.7628268003463745,2441,1588,29453,409,0.9410758018352955,0.6058575328865724,0.8564912280701754,0.05115814567829645,0.9488418543217035
29862,YHR077C YOL044W,0.0,NA,0.7630575299263,2441,1587,29454,409,0.9411053081939158,0.6060079443892751,0.8564912280701754,0.05112593022132019,0.9488740697786798
29863,YFL039C YNL213C,1.0,NA,0.7630823850631714,2440,1587,29454,410,0.9410758018352955,0.6059101067792402,0.856140350877193,0.05112593022132019,0.9488740697786798
29864,YLR144C YKL160W,0.0,NA,0.7634801268577576,2440,1586,29455,410,0.9411053081939158,0.6060606060606061,0.856140350877193,0.051093714764343934,0.9489062852356561
29865,YCL025C YIL106W,0.0,NA,0.7635840177536011,2440,1585,29456,410,0.9411348145525361,0.6062111801242236,0.856140350877193,0.051061499307367676,0.9489385006926323
29866,YOR025W YMR224C,0.0,NA,0.7643188238143921,2440,1584,29457,410,0.9411643209111563,0.6063618290258449,0.856140350877193,0.05102928385039142,0.9489707161496086
29867,YPL192C YHR044C,0.0,NA,0.7643765807151794,2440,1583,29458,410,0.9411938272697766,0.6065125528212777,0.856140350877193,0.05099706839341516,0.9490029316065849
29868,YBL040C YNL027W,0.0,NA,0.7643842697143555,2440,1582,29459,410,0.9412233336283969,0.6066633515663848,0.856140350877193,0.050964852936438904,0.9490351470635611
29869,YLR355C YDL142C,1.0,NA,0.7646116614341736,2439,1582,29459,411,0.9411938272697766,0.6065655309624471,0.8557894736842105,0.050964852936438904,0.9490351470635611
29870,YER059W YOL051W,0.0,NA,0.7646380066871643,2439,1581,29460,411,0.9412233336283969,0.6067164179104477,0.8557894736842105,0.050932637479462646,0.9490673625205374
29871,YNL330C YFL018C,0.0,NA,0.7646763920783997,2439,1580,29461,411,0.9412528399870173,0.60686737994526,0.8557894736842105,0.05090042202248639,0.9490995779775137
29872,YPR083W YKL013C,1.0,NA,0.7648450136184692,2438,1580,29461,412,0.9412233336283969,0.606769537083126,0.8554385964912281,0.05090042202248639,0.9490995779775137
29873,YER154W YJL112W,1.0,NA,0.765224277973175,2437,1580,29461,413,0.9411938272697766,0.6066716455065969,0.8550877192982456,0.05090042202248639,0.9490995779775137
29874,YML102W YLR451W,0.0,NA,0.7654473781585693,2437,1579,29462,413,0.9412233336283969,0.6068227091633466,0.8550877192982456,0.05086820656551013,0.9491317934344898
29875,YML091C YKR042W,1.0,NA,0.7656106948852539,2436,1579,29462,414,0.9411938272697766,0.6067247820672478,0.8547368421052631,0.05086820656551013,0.9491317934344898
29876,YDR296W YIL138C,1.0,NA,0.7657265663146973,2435,1579,29462,415,0.9411643209111563,0.6066268061783757,0.8543859649122807,0.05086820656551013,0.9491317934344898
29877,YDR517W YGL019W,0.0,NA,0.7658714056015015,2435,1578,29463,415,0.9411938272697766,0.6067779715923249,0.8543859649122807,0.05083599110853387,0.9491640088914661
29878,YKR036C YPR083W,1.0,NA,0.7662571668624878,2434,1578,29463,416,0.9411643209111563,0.6066799601196411,0.8540350877192983,0.05083599110853387,0.9491640088914661
29879,YLR355C YOR211C,1.0,NA,0.7662650942802429,2433,1578,29463,417,0.9411348145525361,0.606581899775617,0.8536842105263158,0.05083599110853387,0.9491640088914661
29880,YAL034W-A YJL114W,0.0,NA,0.7662994861602783,2433,1577,29464,417,0.9411643209111563,0.6067331670822943,0.8536842105263158,0.050803775651557616,0.9491962243484424
29881,YPR018W YHL022C,0.0,NA,0.7665101885795593,2433,1576,29465,417,0.9411938272697766,0.6068845098528312,0.8536842105263158,0.05077156019458136,0.9492284398054186
29882,YBR059C YAL062W,0.0,NA,0.7665314078330994,2433,1575,29466,417,0.9412233336283969,0.6070359281437125,0.8536842105263158,0.0507393447376051,0.9492606552623949
29883,YAL001C YKR106W,0.0,NA,0.7665668725967407,2433,1574,29467,417,0.9412528399870173,0.6071874220114799,0.8536842105263158,0.05070712928062884,0.9492928707193712
29884,YCR040W YNL127W,0.0,NA,0.7665824890136719,2433,1573,29468,417,0.9412823463456375,0.6073389915127309,0.8536842105263158,0.050674913823652586,0.9493250861763474
29885,YGL058W YKR061W,0.0,NA,0.7667062282562256,2433,1572,29469,417,0.9413118527042578,0.6074906367041198,0.8536842105263158,0.05064269836667633,0.9493573016333237
29886,YEL055C YIR021W,0.0,NA,0.7667549848556519,2433,1571,29470,417,0.9413413590628781,0.6076423576423576,0.8536842105263158,0.05061048290970008,0.9493895170903
29887,YPR188C YJL095W,0.0,NA,0.7668479084968567,2433,1570,29471,417,0.9413708654214983,0.6077941543842118,0.8536842105263158,0.05057826745272382,0.9494217325472761
29888,YKL104C YHR073W,0.0,NA,0.7673033475875854,2433,1569,29472,417,0.9414003717801186,0.6079460269865068,0.8536842105263158,0.05054605199574756,0.9494539480042524
29889,YML058W YOL060C,1.0,NA,0.7674654722213745,2432,1569,29472,418,0.9413708654214983,0.6078480379905024,0.8533333333333334,0.05054605199574756,0.9494539480042524
29890,YKL006W YFR024C-A,0.0,NA,0.7677991390228271,2432,1568,29473,418,0.9414003717801186,0.608,0.8533333333333334,0.050513836538771305,0.9494861634612287
29891,YHR086W YGL022W,0.0,NA,0.7678456902503967,2432,1567,29474,418,0.9414298781387389,0.6081520380095023,0.8533333333333334,0.05048162108179505,0.949518378918205
29892,YAR042W YDR450W,0.0,NA,0.7678478956222534,2432,1566,29475,418,0.9414593844973592,0.608304152076038,0.8533333333333334,0.05044940562481879,0.9495505943751812
29893,YMR311C YBL058W,0.0,NA,0.7679378986358643,2432,1565,29476,418,0.9414888908559794,0.6084563422566925,0.8533333333333334,0.05041719016784253,0.9495828098321575
29894,YDL105W YKL062W,0.0,NA,0.7683594822883606,2432,1564,29477,418,0.9415183972145997,0.6086086086086087,0.8533333333333334,0.050384974710866275,0.9496150252891338
29895,YNL026W YJR120W,1.0,NA,0.7684138417243958,2431,1564,29477,419,0.9414888908559794,0.6085106382978723,0.8529824561403508,0.050384974710866275,0.9496150252891338
29896,YDR150W YOL076W,1.0,NA,0.7684686779975891,2430,1564,29477,420,0.9414593844973592,0.6084126189283926,0.8526315789473684,0.050384974710866275,0.9496150252891338
29897,YGR244C YDR135C,0.0,NA,0.7685368657112122,2430,1563,29478,420,0.9414888908559794,0.608564988730278,0.8526315789473684,0.05035275925389002,0.94964724074611
29898,YMR210W YBR216C,0.0,NA,0.7685614824295044,2430,1562,29479,420,0.9415183972145997,0.6087174348697395,0.8526315789473684,0.05032054379691376,0.9496794562030862
29899,YNL026W YDL217C,1.0,NA,0.7687495946884155,2429,1562,29479,421,0.9414888908559794,0.6086193936356803,0.852280701754386,0.05032054379691376,0.9496794562030862
29900,YHR083W YMR012W,1.0,NA,0.7689228653907776,2428,1562,29479,422,0.9414593844973592,0.6085213032581454,0.8519298245614035,0.05032054379691376,0.9496794562030862
29901,YIL071C YIR011C,0.0,NA,0.7689957022666931,2428,1561,29480,422,0.9414888908559794,0.6086738530960141,0.8519298245614035,0.0502883283399375,0.9497116716600625
29902,YKR090W YAR042W,0.0,NA,0.7692703008651733,2428,1560,29481,422,0.9415183972145997,0.6088264794383149,0.8519298245614035,0.050256112882961244,0.9497438871170387
29903,YJL019W YBR042C,0.0,NA,0.7693004012107849,2428,1559,29482,422,0.94154790357322,0.6089791823426135,0.8519298245614035,0.05022389742598499,0.949776102574015
29904,YCR014C YMR058W,0.0,NA,0.7693918943405151,2428,1558,29483,422,0.9415774099318404,0.6091319618665328,0.8519298245614035,0.05019168196900873,0.9498083180309913
29905,YDR478W YBR065C,0.0,NA,0.7695075273513794,2428,1557,29484,422,0.9416069162904606,0.609284818067754,0.8519298245614035,0.05015946651203247,0.9498405334879675
29906,YPL040C YDR261C,0.0,NA,0.7696919441223145,2428,1556,29485,422,0.9416364226490809,0.6094377510040161,0.8519298245614035,0.050127251055056214,0.9498727489449438
29907,YKL159C YHR118C,0.0,NA,0.7697383761405945,2428,1555,29486,422,0.9416659290077012,0.6095907607331157,0.8519298245614035,0.05009503559807996,0.9499049644019201
29908,YNL216W YBR290W,0.0,NA,0.7697659730911255,2428,1554,29487,422,0.9416954353663214,0.6097438473129081,0.8519298245614035,0.0500628201411037,0.9499371798588963
29909,YGL254W YCR048W,0.0,NA,0.7699701189994812,2428,1553,29488,422,0.9417249417249417,0.6098970108013062,0.8519298245614035,0.05003060468412744,0.9499693953158725
29910,YLR304C YGR101W,1.0,NA,0.7701566219329834,2427,1553,29488,423,0.9416954353663214,0.6097989949748743,0.8515789473684211,0.05003060468412744,0.9499693953158725
29911,YKL060C YML012W,0.0,NA,0.7703080773353577,2427,1552,29489,423,0.9417249417249417,0.6099522493088716,0.8515789473684211,0.049998389227151184,0.9500016107728488
29912,YER123W YHR074W,0.0,NA,0.770467221736908,2427,1551,29490,423,0.941754448083562,0.610105580693816,0.8515789473684211,0.04996617377017493,0.950033826229825
29913,YLR368W YGR181W,1.0,NA,0.7704897522926331,2426,1551,29490,424,0.9417249417249417,0.6100075433744028,0.8512280701754386,0.04996617377017493,0.950033826229825
29914,YGR147C YEL024W,0.0,NA,0.7706201076507568,2426,1550,29491,424,0.941754448083562,0.6101609657947686,0.8512280701754386,0.049933958313198676,0.9500660416868013
29915,YLR355C YNL213C,1.0,NA,0.7708911895751953,2425,1550,29491,425,0.9417249417249417,0.610062893081761,0.8508771929824561,0.049933958313198676,0.9500660416868013
29916,YJL088W YNL113W,0.0,NA,0.7711215615272522,2425,1549,29492,425,0.941754448083562,0.6102164066431807,0.8508771929824561,0.04990174285622242,0.9500982571437776
29917,YOR367W YNL263C,0.0,NA,0.7714157700538635,2425,1548,29493,425,0.9417839544421823,0.6103699974830104,0.8508771929824561,0.04986952739924616,0.9501304726007539
29918,YKR001C YDL103C,0.0,NA,0.7714865803718567,2425,1547,29494,425,0.9418134608008025,0.6105236656596174,0.8508771929824561,0.0498373119422699,0.9501626880577301
29919,YLR421C YGL127C,0.0,NA,0.7716897130012512,2425,1546,29495,425,0.9418429671594228,0.6106774112314278,0.8508771929824561,0.049805096485293646,0.9501949035147064
29920,YKR036C YCR028C-A,1.0,NA,0.7717493176460266,2424,1546,29495,426,0.9418134608008025,0.6105793450881613,0.8505263157894737,0.049805096485293646,0.9501949035147064
29921,YBR192W YBR234C,1.0,NA,0.7718600034713745,2423,1546,29495,427,0.9417839544421823,0.6104812295288485,0.8501754385964913,0.049805096485293646,0.9501949035147064
29922,YBR200W YLR299W,0.0,NA,0.7718639373779297,2423,1545,29496,427,0.9418134608008025,0.6106350806451613,0.8501754385964913,0.04977288102831739,0.9502271189716827
29923,YDL033C YPL192C,0.0,NA,0.7719627618789673,2423,1544,29497,427,0.9418429671594228,0.6107890093269474,0.8501754385964913,0.04974066557134113,0.9502593344286588
29924,YGR056W YGR004W,0.0,NA,0.7721030712127686,2423,1543,29498,427,0.9418724735180432,0.6109430156328794,0.8501754385964913,0.04970845011436487,0.9502915498856351
29925,YLR346C YDR481C,0.0,NA,0.7729122638702393,2423,1542,29499,427,0.9419019798766635,0.6110970996216898,0.8501754385964913,0.049676234657388615,0.9503237653426114
29926,YOR341W YCR093W,0.0,NA,0.7730530500411987,2423,1541,29500,427,0.9419314862352837,0.6112512613521696,0.8501754385964913,0.04964401920041236,0.9503559807995876
29927,YNL214W YBR155W,0.0,NA,0.7730667591094971,2423,1540,29501,427,0.941960992593904,0.6114055008831694,0.8501754385964913,0.0496118037434361,0.9503881962565639
29928,YOR081C YDR420W,0.0,NA,0.773184061050415,2423,1539,29502,427,0.9419904989525243,0.6115598182735992,0.8501754385964913,0.04957958828645984,0.9504204117135402
29929,YPR024W YIL065C,1.0,NA,0.7735124826431274,2422,1539,29502,428,0.941960992593904,0.6114617520828074,0.8498245614035088,0.04957958828645984,0.9504204117135402
29930,YER009W YNL255C,0.0,NA,0.7735164761543274,2422,1538,29503,428,0.9419904989525243,0.6116161616161616,0.8498245614035088,0.049547372829483585,0.9504526271705164
29931,YHR031C YLL006W,1.0,NA,0.773527204990387,2421,1538,29503,429,0.941960992593904,0.6115180601161909,0.8494736842105263,0.049547372829483585,0.9504526271705164
29932,YPL098C YHR083W,1.0,NA,0.7737202048301697,2420,1538,29503,430,0.9419314862352837,0.6114199090449722,0.8491228070175438,0.049547372829483585,0.9504526271705164
29933,YIL051C YKL013C,1.0,NA,0.7739393711090088,2419,1538,29503,431,0.9419019798766635,0.6113217083649229,0.8487719298245614,0.049547372829483585,0.9504526271705164
29934,YPR125W YMR211W,1.0,NA,0.773945689201355,2418,1538,29503,432,0.9418724735180432,0.6112234580384226,0.848421052631579,0.049547372829483585,0.9504526271705164
29935,YDL193W YML026C,0.0,NA,0.7740421891212463,2418,1537,29504,432,0.9419019798766635,0.611378002528445,0.848421052631579,0.04951515737250733,0.9504848426274927
29936,YLR355C YJL112W,1.0,NA,0.7742437124252319,2417,1537,29504,433,0.9418724735180432,0.6112797167425392,0.8480701754385965,0.04951515737250733,0.9504848426274927
29937,YLR368W YMR060C,1.0,NA,0.7743006348609924,2416,1537,29504,434,0.9418429671594228,0.611181381229446,0.847719298245614,0.04951515737250733,0.9504848426274927
29938,YMR314W YJL170C,0.0,NA,0.7744335532188416,2416,1536,29505,434,0.9418724735180432,0.611336032388664,0.847719298245614,0.04948294191553107,0.950517058084469
29939,YDR207C YJL170C,0.0,NA,0.7746675610542297,2416,1535,29506,434,0.9419019798766635,0.6114907618324474,0.847719298245614,0.04945072645855481,0.9505492735414451
29940,YGL175C YBL037W,0.0,NA,0.7747932076454163,2416,1534,29507,434,0.9419314862352837,0.6116455696202532,0.847719298245614,0.049418511001578555,0.9505814889984214
29941,YBR010W YIL106W,0.0,NA,0.7748634219169617,2416,1533,29508,434,0.941960992593904,0.6118004558115979,0.847719298245614,0.0493862955446023,0.9506137044553977
29942,YBR131W YLR246W,0.0,NA,0.7750113606452942,2416,1532,29509,434,0.9419904989525243,0.6119554204660588,0.847719298245614,0.04935408008762604,0.9506459199123739
29943,YHR120W YBR091C,1.0,NA,0.7750427722930908,2415,1532,29509,435,0.941960992593904,0.6118571066632885,0.8473684210526315,0.04935408008762604,0.9506459199123739
29944,YML091C YNL310C,1.0,NA,0.7751353979110718,2414,1532,29509,436,0.9419314862352837,0.6117587430309174,0.8470175438596491,0.04935408008762604,0.9506459199123739
29945,YGR283C YHR193C,0.0,NA,0.7751604318618774,2414,1531,29510,436,0.941960992593904,0.61191381495564,0.8470175438596491,0.04932186463064978,0.9506781353693502
29946,YNL213C YLR304C,1.0,NA,0.775780975818634,2413,1531,29510,437,0.9419314862352837,0.611815415821501,0.8466666666666667,0.04932186463064978,0.9506781353693502
29947,YNL293W YIL156W,0.0,NA,0.7758644223213196,2413,1530,29511,437,0.941960992593904,0.6119705807760588,0.8466666666666667,0.04928964917367353,0.9507103508263265
29948,YDL143W YMR125W,0.0,NA,0.7759612798690796,2413,1529,29512,437,0.9419904989525243,0.6121258244545916,0.8466666666666667,0.049257433716697274,0.9507425662833028
29949,YOR084W YER178W,0.0,NA,0.7761907577514648,2413,1528,29513,437,0.9420200053111446,0.6122811469170262,0.8466666666666667,0.04922521825972102,0.950774781740279
29950,YBR179C YLL013C,1.0,NA,0.7763511538505554,2412,1528,29513,438,0.9419904989525243,0.6121827411167513,0.8463157894736842,0.04922521825972102,0.950774781740279
29951,YLR304C YLL013C,1.0,NA,0.7770144939422607,2411,1528,29513,439,0.941960992593904,0.6120842853516121,0.8459649122807018,0.04922521825972102,0.950774781740279
29952,YOL117W YJL170C,0.0,NA,0.777037501335144,2411,1527,29514,439,0.9419904989525243,0.6122397155916709,0.8459649122807018,0.04919300280274476,0.9508069971972553
29953,YLR426W YER129W,0.0,NA,0.7770835757255554,2411,1526,29515,439,0.9420200053111446,0.6123952247904496,0.8459649122807018,0.0491607873457685,0.9508392126542315
29954,YMR042W YOL122C,0.0,NA,0.7773661613464355,2411,1525,29516,439,0.9420495116697648,0.6125508130081301,0.8459649122807018,0.049128571888792244,0.9508714281112077
29955,YML001W YLR102C,0.0,NA,0.7775865793228149,2411,1524,29517,439,0.9420790180283851,0.6127064803049556,0.8459649122807018,0.049096356431815986,0.950903643568184
29956,YFL039C YDR219C,1.0,NA,0.7777506113052368,2410,1524,29517,440,0.9420495116697648,0.6126080325368581,0.8456140350877193,0.049096356431815986,0.950903643568184
29957,YDL142C YDL006W,1.0,NA,0.7781715393066406,2409,1524,29517,441,0.9420200053111446,0.6125095347063311,0.8452631578947368,0.049096356431815986,0.950903643568184
29958,YMR270C YDR486C,0.0,NA,0.7788059115409851,2409,1523,29518,441,0.9420495116697648,0.6126653102746694,0.8452631578947368,0.04906414097483973,0.9509358590251603
29959,YBR192W YER154W,1.0,NA,0.7789168953895569,2408,1523,29518,442,0.9420200053111446,0.6125667769015518,0.8449122807017544,0.04906414097483973,0.9509358590251603
29960,YFL049W YOR249C,0.0,NA,0.7789817452430725,2408,1522,29519,442,0.9420495116697648,0.6127226463104326,0.8449122807017544,0.04903192551786347,0.9509680744821365
29961,YKR097W YNL190W,0.0,NA,0.7790647745132446,2408,1521,29520,442,0.9420790180283851,0.6128785950623569,0.8449122807017544,0.048999710060887214,0.9510002899391128
29962,YBR254C YHR123W,0.0,NA,0.7791323661804199,2408,1520,29521,442,0.9421085243870054,0.6130346232179226,0.8449122807017544,0.048967494603910956,0.9510325053960891
29963,YCR028C-A YKL013C,1.0,NA,0.779169499874115,2407,1520,29521,443,0.9420790180283851,0.6129360835243188,0.844561403508772,0.048967494603910956,0.9510325053960891
29964,YBR212W YER154W,1.0,NA,0.779444694519043,2406,1520,29521,444,0.9420495116697648,0.6128374936321956,0.8442105263157895,0.048967494603910956,0.9510325053960891
29965,YGL219C YER154W,1.0,NA,0.7794619798660278,2405,1520,29521,445,0.9420200053111446,0.6127388535031847,0.843859649122807,0.048967494603910956,0.9510325053960891
29966,YPL098C YPR131C,1.0,NA,0.7795076370239258,2404,1520,29521,446,0.9419904989525243,0.6126401630988787,0.8435087719298245,0.048967494603910956,0.9510325053960891
29967,YNL070W YMR134W,1.0,NA,0.7795474529266357,2403,1520,29521,447,0.941960992593904,0.612541422380831,0.8431578947368421,0.048967494603910956,0.9510325053960891
29968,YGL020C YMR012W,1.0,NA,0.7797739505767822,2402,1520,29521,448,0.9419314862352837,0.6124426313105559,0.8428070175438597,0.048967494603910956,0.9510325053960891
29969,YGL190C YGL021W,0.0,NA,0.7798760533332825,2402,1519,29522,448,0.941960992593904,0.6125988268298903,0.8428070175438597,0.0489352791469347,0.9510647208530653
29970,YNR035C YML091C,1.0,NA,0.7799892425537109,2401,1519,29522,449,0.9419314862352837,0.6125,0.8424561403508772,0.0489352791469347,0.9510647208530653
29971,YOR320C YDL095W,0.0,NA,0.7801690101623535,2401,1518,29523,449,0.941960992593904,0.6126562898698648,0.8424561403508772,0.04890306368995844,0.9510969363100416
29972,YMR302C YIL051C,1.0,NA,0.7802767157554626,2400,1518,29523,450,0.9419314862352837,0.6125574272588055,0.8421052631578947,0.04890306368995844,0.9510969363100416
29973,YDR296W YBR192W,1.0,NA,0.7804866433143616,2399,1518,29523,451,0.9419019798766635,0.6124585141690069,0.8417543859649123,0.04890306368995844,0.9510969363100416
29974,YKL092C YBR217W,0.0,NA,0.7806320786476135,2399,1517,29524,451,0.9419314862352837,0.6126149131767109,0.8417543859649123,0.048870848232982184,0.9511291517670178
29975,YML065W YNR047W,0.0,NA,0.7806988954544067,2399,1516,29525,451,0.941960992593904,0.6127713920817369,0.8417543859649123,0.048838632776005926,0.951161367223994
29976,YDL155W YBR170C,0.0,NA,0.7807427048683167,2399,1515,29526,451,0.9419904989525243,0.6129279509453245,0.8417543859649123,0.04880641731902967,0.9511935826809703
29977,YLR381W YOL140W,0.0,NA,0.7810181379318237,2399,1514,29527,451,0.9420200053111446,0.6130845898287759,0.8417543859649123,0.04877420186205341,0.9512257981379466
29978,YDL063C YNL201C,0.0,NA,0.781227707862854,2399,1513,29528,451,0.9420495116697648,0.6132413087934561,0.8417543859649123,0.04874198640507715,0.9512580135949228
29979,YDL142C YMR134W,1.0,NA,0.7818399667739868,2398,1513,29528,452,0.9420200053111446,0.6131424188187165,0.8414035087719298,0.04874198640507715,0.9512580135949228
29980,YGL020C YGR101W,1.0,NA,0.7819632887840271,2397,1513,29528,453,0.9419904989525243,0.6130434782608696,0.8410526315789474,0.04874198640507715,0.9512580135949228
29981,YBR029C YAL025C,0.0,NA,0.7823305130004883,2397,1512,29529,453,0.9420200053111446,0.6132003069838834,0.8410526315789474,0.048709770948100896,0.9512902290518991
29982,YNL264C YNL313C,0.0,NA,0.7823562026023865,2397,1511,29530,453,0.9420495116697648,0.6133572159672467,0.8410526315789474,0.04867755549112464,0.9513224445088754
29983,YOR308C YKR031C,0.0,NA,0.7829917669296265,2397,1510,29531,453,0.9420790180283851,0.6135142052725877,0.8410526315789474,0.04864534003414839,0.9513546599658517
29984,YIL065C YNL066W,1.0,NA,0.7831131815910339,2396,1510,29531,454,0.9420495116697648,0.6134152585765489,0.840701754385965,0.04864534003414839,0.9513546599658517
29985,YMR060C YMR134W,1.0,NA,0.7831862568855286,2395,1510,29531,455,0.9420200053111446,0.6133162612035852,0.8403508771929824,0.04864534003414839,0.9513546599658517
29986,YOR137C YDR473C,0.0,NA,0.7833252549171448,2395,1509,29532,455,0.9420495116697648,0.6134733606557377,0.8403508771929824,0.04861312457717213,0.9513868754228278
29987,YCL025C YOR196C,0.0,NA,0.7835173606872559,2395,1508,29533,455,0.9420790180283851,0.6136305406097874,0.8403508771929824,0.04858090912019587,0.9514190908798041
29988,YBR192W YNL070W,1.0,NA,0.783653974533081,2394,1508,29533,456,0.9420495116697648,0.6135315222962583,0.84,0.04858090912019587,0.9514190908798041
29989,YPR024W YMR134W,1.0,NA,0.784058690071106,2393,1508,29533,457,0.9420200053111446,0.6134324532171238,0.8396491228070175,0.04858090912019587,0.9514190908798041
29990,YLR256W YDR497C,0.0,NA,0.7841973304748535,2393,1507,29534,457,0.9420495116697648,0.6135897435897436,0.8396491228070175,0.048548693663219615,0.9514513063367804
29991,YDR110W YBR218C,0.0,NA,0.7842444777488708,2393,1506,29535,457,0.9420790180283851,0.6137471146447807,0.8396491228070175,0.04851647820624336,0.9514835217937566
29992,YDR150W YMR012W,1.0,NA,0.7844583988189697,2392,1506,29535,458,0.9420495116697648,0.6136480246280144,0.8392982456140351,0.04851647820624336,0.9514835217937566
29993,YOR075W YGR172C,0.0,NA,0.7847223281860352,2392,1505,29536,458,0.9420790180283851,0.6138054914036438,0.8392982456140351,0.0484842627492671,0.9515157372507329
29994,YML097C YOL125W,0.0,NA,0.7848185300827026,2392,1504,29537,458,0.9421085243870054,0.6139630390143738,0.8392982456140351,0.04845204729229084,0.9515479527077092
29995,YNL272C YDR495C,0.0,NA,0.7849947214126587,2392,1503,29538,458,0.9421380307456256,0.6141206675224647,0.8392982456140351,0.048419831835314585,0.9515801681646854
29996,YAR003W YKL019W,0.0,NA,0.7850308418273926,2392,1502,29539,458,0.942167537104246,0.6142783769902413,0.8392982456140351,0.04838761637833833,0.9516123836216617
29997,YLR262C-A YDR224C,0.0,NA,0.7850419282913208,2392,1501,29540,458,0.9421970434628663,0.6144361674800924,0.8392982456140351,0.04835540092136207,0.951644599078638
29998,YHR194W YNL066W,1.0,NA,0.7852523922920227,2391,1501,29540,459,0.942167537104246,0.6143371017471737,0.8389473684210527,0.04835540092136207,0.951644599078638
29999,YLR044C YHR072W-A,0.0,NA,0.7855241894721985,2391,1500,29541,459,0.9421970434628663,0.6144949884348496,0.8389473684210527,0.04832318546438581,0.9516768145356141
30000,YKL002W YOR124C,0.0,NA,0.785690426826477,2391,1499,29542,459,0.9422265498214866,0.6146529562982005,0.8389473684210527,0.048290970007409555,0.9517090299925904
30001,YJL001W YCR038C,0.0,NA,0.7859308123588562,2391,1498,29543,459,0.9422560561801068,0.6148110053998457,0.8389473684210527,0.0482587545504333,0.9517412454495667
30002,YGR260W YOR080W,0.0,NA,0.7861708998680115,2391,1497,29544,459,0.9422855625387271,0.6149691358024691,0.8389473684210527,0.04822653909345704,0.9517734609065429
30003,YER154W YLL013C,1.0,NA,0.7862510085105896,2390,1497,29544,460,0.9422560561801068,0.6148700797530229,0.8385964912280702,0.04822653909345704,0.9517734609065429
30004,YPR125W YLR370C,1.0,NA,0.7865766286849976,2389,1497,29544,461,0.9422265498214866,0.614770972722594,0.8382456140350877,0.04822653909345704,0.9517734609065429
30005,YLL013C YDL217C,1.0,NA,0.7866007089614868,2388,1497,29544,462,0.9421970434628663,0.6146718146718146,0.8378947368421052,0.04822653909345704,0.9517734609065429
30006,YDR174W YDR512C,0.0,NA,0.786614179611206,2388,1496,29545,462,0.9422265498214866,0.6148300720906282,0.8378947368421052,0.04819432363648078,0.9518056763635192
30007,YOL043C YOR216C,0.0,NA,0.7867587804794312,2388,1495,29546,462,0.9422560561801068,0.6149884110224053,0.8378947368421052,0.048162108179504524,0.9518378918204955
30008,YGL040C YBL085W,0.0,NA,0.7868101000785828,2388,1494,29547,462,0.9422855625387271,0.615146831530139,0.8378947368421052,0.04812989272252827,0.9518701072774717
30009,YOR266W YLL006W,1.0,NA,0.7872223854064941,2387,1494,29547,463,0.9422560561801068,0.6150476681267715,0.8375438596491228,0.04812989272252827,0.9518701072774717
30010,YLR455W YJL173C,0.0,NA,0.7874804735183716,2387,1493,29548,463,0.9422855625387271,0.6152061855670103,0.8375438596491228,0.04809767726555201,0.951902322734448
30011,YOL045W YPR107C,0.0,NA,0.7875008583068848,2387,1492,29549,463,0.9423150688973474,0.6153647847383347,0.8375438596491228,0.04806546180857575,0.9519345381914243
30012,YML065W YBR082C,0.0,NA,0.7875601053237915,2387,1491,29550,463,0.9423445752559677,0.6155234657039711,0.8375438596491228,0.048033246351599494,0.9519667536484006
30013,YKL013C YBR091C,1.0,NA,0.7876831889152527,2386,1491,29550,464,0.9423150688973474,0.6154242971369616,0.8371929824561404,0.048033246351599494,0.9519667536484006
30014,YDR162C YDR439W,0.0,NA,0.7876943945884705,2386,1490,29551,464,0.9423445752559677,0.6155830753353974,0.8371929824561404,0.048001030894623244,0.9519989691053767
30015,YGR198W YOR124C,0.0,NA,0.7877819538116455,2386,1489,29552,464,0.9423740816145879,0.615741935483871,0.8371929824561404,0.047968815437646986,0.952031184562353
30016,YDL184C YDR480W,0.0,NA,0.787800133228302,2386,1488,29553,464,0.9424035879732082,0.6159008776458441,0.8371929824561404,0.04793659998067073,0.9520634000193293
30017,YDR397C YGR129W,0.0,NA,0.7880474925041199,2386,1487,29554,464,0.9424330943318285,0.6160599018848438,0.8371929824561404,0.04790438452369447,0.9520956154763055
30018,YGR147C YER023W,0.0,NA,0.7880845069885254,2386,1486,29555,464,0.9424626006904487,0.6162190082644629,0.8371929824561404,0.04787216906671821,0.9521278309332818
30019,YGL166W YJR076C,0.0,NA,0.78811115026474,2386,1485,29556,464,0.942492107049069,0.6163781968483596,0.8371929824561404,0.047839953609741956,0.9521600463902581
30020,YER072W YDR121W,0.0,NA,0.7882170677185059,2386,1484,29557,464,0.9425216134076894,0.6165374677002584,0.8371929824561404,0.0478077381527657,0.9521922618472343
30021,YJL112W YKR042W,1.0,NA,0.7885189652442932,2385,1484,29557,465,0.942492107049069,0.6164383561643836,0.8368421052631579,0.0478077381527657,0.9521922618472343
30022,YBR212W YNL310C,1.0,NA,0.7885791063308716,2384,1484,29557,466,0.9424626006904487,0.6163391933815926,0.8364912280701754,0.0478077381527657,0.9521922618472343
30023,YOR307C YLR250W,0.0,NA,0.7886446118354797,2384,1483,29558,466,0.942492107049069,0.6164985777088182,0.8364912280701754,0.04777552269578944,0.9522244773042106
30024,YLR095C YGR055W,0.0,NA,0.7889097332954407,2384,1482,29559,466,0.9425216134076894,0.6166580444904294,0.8364912280701754,0.04774330723881318,0.9522566927611869
30025,YNR030W YFL008W,0.0,NA,0.7889919281005859,2384,1481,29560,466,0.9425511197663097,0.6168175937904269,0.8364912280701754,0.047711091781836926,0.952288908218163
30026,YBR192W YIL062C,1.0,NA,0.7895094156265259,2383,1481,29560,467,0.9425216134076894,0.6167184265010351,0.836140350877193,0.047711091781836926,0.952288908218163
30027,YIL138C YDL217C,1.0,NA,0.7896256446838379,2382,1481,29560,468,0.942492107049069,0.6166192078695315,0.8357894736842105,0.047711091781836926,0.952288908218163
30028,YOL076W YNL066W,1.0,NA,0.7896279692649841,2381,1481,29560,469,0.9424626006904487,0.6165199378560331,0.8354385964912281,0.047711091781836926,0.952288908218163
30029,YNL037C YNL139C,0.0,NA,0.7899448871612549,2381,1480,29561,469,0.942492107049069,0.6166796166796167,0.8354385964912281,0.04767887632486067,0.9523211236751393
30030,YGR178C YJR003C,0.0,NA,0.7899907231330872,2381,1479,29562,469,0.9425216134076894,0.616839378238342,0.8354385964912281,0.04764666086788441,0.9523533391321156
30031,YDR195W YLR192C,0.0,NA,0.7900106310844421,2381,1478,29563,469,0.9425511197663097,0.6169992225965276,0.8354385964912281,0.04761444541090815,0.9523855545890918
30032,YJL121C YBR218C,0.0,NA,0.7900866270065308,2381,1477,29564,469,0.9425806261249299,0.6171591498185588,0.8354385964912281,0.047582229953931895,0.9524177700460681
30033,YOL008W YKL127W,0.0,NA,0.7902702689170837,2381,1476,29565,469,0.9426101324835502,0.6173191599688878,0.8354385964912281,0.04755001449695564,0.9524499855030444
30034,YJL054W YOL027C,1.0,NA,0.7903116941452026,2380,1476,29565,470,0.9425806261249299,0.6172199170124482,0.8350877192982457,0.04755001449695564,0.9524499855030444
30035,YPR190C YIL145C,0.0,NA,0.7904316186904907,2380,1475,29566,470,0.9426101324835502,0.6173800259403373,0.8350877192982457,0.04751779903997938,0.9524822009600206
30036,YOL156W YKR007W,0.0,NA,0.7904976010322571,2380,1474,29567,470,0.9426396388421705,0.6175402179553711,0.8350877192982457,0.04748558358300312,0.9525144164169969
30037,YJL054W YMR134W,1.0,NA,0.791081964969635,2379,1474,29567,471,0.9426101324835502,0.6174409550999221,0.8347368421052631,0.04748558358300312,0.9525144164169969
30038,YHR194W YHR083W,1.0,NA,0.7910831570625305,2378,1474,29567,472,0.9425806261249299,0.6173416407061267,0.8343859649122807,0.04748558358300312,0.9525144164169969
30039,YNL213C YNL066W,1.0,NA,0.7911947965621948,2377,1474,29567,473,0.9425511197663097,0.6172422747338354,0.8340350877192982,0.04748558358300312,0.9525144164169969
30040,YOL027C YMR241W,1.0,NA,0.7912009358406067,2376,1474,29567,474,0.9425216134076894,0.6171428571428571,0.8336842105263158,0.04748558358300312,0.9525144164169969
30041,YOR030W YLR347C,0.0,NA,0.7912386655807495,2376,1473,29568,474,0.9425511197663097,0.61730319563523,0.8336842105263158,0.047453368126026865,0.9525466318739731
30042,YNL097C YNL107W,0.0,NA,0.7913516163825989,2376,1472,29569,474,0.9425806261249299,0.6174636174636174,0.8336842105263158,0.04742115266905061,0.9525788473309494
30043,YFL039C YOL060C,1.0,NA,0.7913762927055359,2375,1472,29569,475,0.9425511197663097,0.6173641798804264,0.8333333333333334,0.04742115266905061,0.9525788473309494
30044,YGR217W YDR363W-A,0.0,NA,0.7913931012153625,2375,1471,29570,475,0.9425806261249299,0.6175247009880396,0.8333333333333334,0.04738893721207435,0.9526110627879256
30045,YCL067C YGR198W,0.0,NA,0.7914933562278748,2375,1470,29571,475,0.9426101324835502,0.6176853055916776,0.8333333333333334,0.04735672175509809,0.9526432782449019
30046,YMR072W YFL036W,1.0,NA,0.791515052318573,2374,1470,29571,476,0.9425806261249299,0.617585848074922,0.8329824561403508,0.04735672175509809,0.9526432782449019
30047,YAR002C-A YJL030W,0.0,NA,0.791640043258667,2374,1469,29572,476,0.9426101324835502,0.6177465521727816,0.8329824561403508,0.04732450629812184,0.9526754937018782
30048,YJL081C YLR350W,0.0,NA,0.7920151352882385,2374,1468,29573,476,0.9426396388421705,0.6179073399271213,0.8329824561403508,0.047292290841145584,0.9527077091588544
30049,YMR095C YNL046W,0.0,NA,0.792066752910614,2374,1467,29574,476,0.9426691452007908,0.6180682114032804,0.8329824561403508,0.04726007538416933,0.9527399246158307
30050,YHR103W YIL140W,0.0,NA,0.7922486662864685,2374,1466,29575,476,0.942698651559411,0.6182291666666667,0.8329824561403508,0.04722785992719307,0.952772140072807
30051,YOL027C YOR330C,1.0,NA,0.7924052476882935,2373,1466,29575,477,0.9426691452007908,0.6181297212815837,0.8326315789473684,0.04722785992719307,0.952772140072807
30052,YKL018W YEL056W,0.0,NA,0.7927712202072144,2373,1465,29576,477,0.942698651559411,0.6182907764460657,0.8326315789473684,0.04719564447021681,0.9528043555297832
30053,YGL067W YBR290W,0.0,NA,0.7928382158279419,2373,1464,29577,477,0.9427281579180313,0.6184519155590305,0.8326315789473684,0.047163429013240554,0.9528365709867594
30054,YDL160C YDR089W,0.0,NA,0.7928871512413025,2373,1463,29578,477,0.9427576642766516,0.6186131386861314,0.8326315789473684,0.0471312135562643,0.9528687864437357
30055,YDL142C YOL027C,1.0,NA,0.7931907773017883,2372,1463,29578,478,0.9427281579180313,0.6185136897001304,0.832280701754386,0.0471312135562643,0.9528687864437357
30056,YLR229C YGL240W,0.0,NA,0.7933515310287476,2372,1462,29579,478,0.9427576642766516,0.6186750130412102,0.832280701754386,0.04709899809928804,0.9529010019007119
30057,YLR079W YBL034C,0.0,NA,0.7934945821762085,2372,1461,29580,478,0.942787170635272,0.6188364205583095,0.832280701754386,0.04706678264231178,0.9529332173576882
30058,YDL119C YDR486C,0.0,NA,0.793519139289856,2372,1460,29581,478,0.9428166769938922,0.6189979123173278,0.832280701754386,0.047034567185335524,0.9529654328146645
30059,YKR010C YLR305C,0.0,NA,0.7937384247779846,2372,1459,29582,478,0.9428461833525125,0.6191594883842338,0.832280701754386,0.047002351728359267,0.9529976482716407
30060,YGL219C YHR194W,1.0,NA,0.793828547000885,2371,1459,29582,479,0.9428166769938922,0.6190600522193211,0.8319298245614035,0.047002351728359267,0.9529976482716407
30061,YGR156W YOR360C,0.0,NA,0.7941462993621826,2371,1458,29583,479,0.9428461833525125,0.6192217289109428,0.8319298245614035,0.04697013627138301,0.953029863728617
30062,YFL003C YJR153W,0.0,NA,0.7941574454307556,2371,1457,29584,479,0.9428756897111328,0.6193834900731452,0.8319298245614035,0.04693792081440675,0.9530620791855933
30063,YJL054W YOR326W,1.0,NA,0.7944906949996948,2370,1457,29584,480,0.9428461833525125,0.619284034491769,0.8315789473684211,0.04693792081440675,0.9530620791855933
30064,YJR148W YCR017C,0.0,NA,0.7945106029510498,2370,1456,29585,480,0.9428756897111328,0.6194458964976477,0.8315789473684211,0.046905705357430494,0.9530942946425695
30065,YGR101W YNL066W,1.0,NA,0.7945688366889954,2369,1456,29585,481,0.9428461833525125,0.6193464052287582,0.8312280701754386,0.046905705357430494,0.9530942946425695
30066,YHR120W YOL060C,1.0,NA,0.7946264147758484,2368,1456,29585,482,0.9428166769938922,0.6192468619246861,0.8308771929824561,0.046905705357430494,0.9530942946425695
30067,YBR192W YGL219C,1.0,NA,0.7946346402168274,2367,1456,29585,483,0.942787170635272,0.6191472665445985,0.8305263157894737,0.046905705357430494,0.9530942946425695
30068,YMR072W YNL213C,1.0,NA,0.7946813702583313,2366,1456,29585,484,0.9427576642766516,0.6190476190476191,0.8301754385964912,0.046905705357430494,0.9530942946425695
30069,YJR135W-A YMR211W,1.0,NA,0.7948864698410034,2365,1456,29585,485,0.9427281579180313,0.6189479193928291,0.8298245614035088,0.046905705357430494,0.9530942946425695
30070,YOR266W YOL076W,1.0,NA,0.7951567769050598,2364,1456,29585,486,0.942698651559411,0.618848167539267,0.8294736842105264,0.046905705357430494,0.9530942946425695
30071,YKR036C YNL066W,1.0,NA,0.7951715588569641,2363,1456,29585,487,0.9426691452007908,0.6187483634459282,0.8291228070175438,0.046905705357430494,0.9530942946425695
30072,YPL053C YHL028W,0.0,NA,0.7953191995620728,2363,1455,29586,487,0.942698651559411,0.6189104243059194,0.8291228070175438,0.046873489900454236,0.9531265100995457
30073,YDR221W YIL018W,0.0,NA,0.795754611492157,2363,1454,29587,487,0.9427281579180313,0.6190725700812156,0.8291228070175438,0.04684127444347798,0.953158725556522
30074,YMR060C YOL076W,1.0,NA,0.7959504723548889,2362,1454,29587,488,0.942698651559411,0.6189727463312369,0.8287719298245614,0.04684127444347798,0.953158725556522
30075,YPL113C YLR263W,0.0,NA,0.7960109710693359,2362,1453,29588,488,0.9427281579180313,0.61913499344692,0.8287719298245614,0.04680905898650172,0.9531909410134983
30076,YGR249W YOR008C-A,0.0,NA,0.7960417866706848,2362,1452,29589,488,0.9427576642766516,0.6192973256423702,0.8287719298245614,0.046776843529525464,0.9532231564704745
30077,YNL218W YDR178W,0.0,NA,0.7960660457611084,2362,1451,29590,488,0.942787170635272,0.6194597429845267,0.8287719298245614,0.046744628072549206,0.9532553719274508
30078,YFL024C YGL019W,0.0,NA,0.796271562576294,2362,1450,29591,488,0.9428166769938922,0.6196222455403987,0.8287719298245614,0.04671241261557295,0.9532875873844271
30079,YHR020W YOR290C,0.0,NA,0.7966778874397278,2362,1449,29592,488,0.9428461833525125,0.6197848333770664,0.8287719298245614,0.0466801971585967,0.9533198028414033
30080,YMR012W YNL066W,1.0,NA,0.7974253296852112,2361,1449,29592,489,0.9428166769938922,0.6196850393700788,0.828421052631579,0.0466801971585967,0.9533198028414033
30081,YLR421C YGL004C,0.0,NA,0.7975173592567444,2361,1448,29593,489,0.9428461833525125,0.6198477290627461,0.828421052631579,0.04664798170162044,0.9533520182983796
30082,YCR084C YKL028W,0.0,NA,0.797934353351593,2361,1447,29594,489,0.9428756897111328,0.6200105042016807,0.828421052631579,0.04661576624464418,0.9533842337553559
30083,YOR193W YBL037W,0.0,NA,0.7979674339294434,2361,1446,29595,489,0.942905196069753,0.6201733648542159,0.828421052631579,0.046583550787667925,0.953416449212332
30084,YBR167C YKL029C,0.0,NA,0.7981223464012146,2361,1445,29596,489,0.9429347024283733,0.6203363110877562,0.828421052631579,0.04655133533069167,0.9534486646693083
30085,YNL079C YML091C,1.0,NA,0.7983446717262268,2360,1445,29596,490,0.942905196069753,0.6202365308804205,0.8280701754385965,0.04655133533069167,0.9534486646693083
30086,YLR043C YDL042C,0.0,NA,0.7984576225280762,2360,1444,29597,490,0.9429347024283733,0.6203995793901157,0.8280701754385965,0.04651911987371541,0.9534808801262846
30087,YGR135W YDR100W,0.0,NA,0.798466682434082,2360,1443,29598,490,0.9429642087869936,0.6205627136471207,0.8280701754385965,0.04648690441673915,0.9535130955832608
30088,YLR209C YPL209C,0.0,NA,0.7988661527633667,2360,1442,29599,490,0.9429937151456139,0.6207259337190952,0.8280701754385965,0.046454688959762895,0.9535453110402371
30089,YIL051C YLL013C,1.0,NA,0.7989680767059326,2359,1442,29599,491,0.9429642087869936,0.6206261510128913,0.8277192982456141,0.046454688959762895,0.9535453110402371
30090,YPR024W YFL039C,1.0,NA,0.799026370048523,2358,1442,29599,492,0.9429347024283733,0.6205263157894737,0.8273684210526315,0.046454688959762895,0.9535453110402371
30091,YMR060C YDR219C,1.0,NA,0.7990986108779907,2357,1442,29599,493,0.942905196069753,0.6204264280073704,0.8270175438596491,0.046454688959762895,0.9535453110402371
30092,YHR194W YIL138C,1.0,NA,0.7992653250694275,2356,1442,29599,494,0.9428756897111328,0.6203264876250658,0.8266666666666667,0.046454688959762895,0.9535453110402371
30093,YDR303C YMR095C,0.0,NA,0.7992696166038513,2356,1441,29600,494,0.942905196069753,0.620489860416118,0.8266666666666667,0.04642247350278664,0.9535775264972134
30094,YJR120W YMR302C,1.0,NA,0.7993550896644592,2355,1441,29600,495,0.9428756897111328,0.6203898840885143,0.8263157894736842,0.04642247350278664,0.9535775264972134
30095,YGR036C YPR031W,0.0,NA,0.7995287775993347,2355,1440,29601,495,0.942905196069753,0.6205533596837944,0.8263157894736842,0.04639025804581038,0.9536097419541896
30096,YBL056W YDR376W,0.0,NA,0.7996839880943298,2355,1439,29602,495,0.9429347024283733,0.6207169214549288,0.8263157894736842,0.04635804258883412,0.9536419574111659
30097,YPR182W YPL210C,0.0,NA,0.7998484373092651,2355,1438,29603,495,0.9429642087869936,0.6208805694700764,0.8263157894736842,0.046325827131857865,0.9536741728681422
30098,YMR134W YFL036W,1.0,NA,0.7998580932617188,2354,1438,29603,496,0.9429347024283733,0.6207805907172996,0.8259649122807018,0.046325827131857865,0.9536741728681422
30099,YDL224C YLR386W,0.0,NA,0.800122082233429,2354,1437,29604,496,0.9429642087869936,0.6209443418623055,0.8259649122807018,0.04629361167488161,0.9537063883251183
30100,YER088C YBL050W,0.0,NA,0.8004202842712402,2354,1436,29605,496,0.9429937151456139,0.6211081794195251,0.8259649122807018,0.04626139621790535,0.9537386037820946
30101,YIL111W YPL010W,0.0,NA,0.8005862832069397,2354,1435,29606,496,0.9430232215042341,0.6212721034573766,0.8259649122807018,0.04622918076092909,0.9537708192390709
30102,YIL035C YCR012W,0.0,NA,0.800744354724884,2354,1434,29607,496,0.9430527278628544,0.6214361140443506,0.8259649122807018,0.046196965303952835,0.9538030346960472
30103,YNL310C YMR012W,1.0,NA,0.8009288907051086,2353,1434,29607,497,0.9430232215042341,0.621336149986797,0.8256140350877192,0.046196965303952835,0.9538030346960472
30104,YHR194W YGR101W,1.0,NA,0.8010433912277222,2352,1434,29607,498,0.9429937151456139,0.6212361331220285,0.8252631578947368,0.046196965303952835,0.9538030346960472
30105,YJL004C YHR150W,0.0,NA,0.8012341856956482,2352,1433,29608,498,0.9430232215042341,0.6214002642007926,0.8252631578947368,0.04616474984697658,0.9538352501530234
30106,YLR301W YMR049C,0.0,NA,0.8012629747390747,2352,1432,29609,498,0.9430527278628544,0.6215644820295984,0.8252631578947368,0.04613253439000032,0.9538674656099997
30107,YLR368W YBR234C,1.0,NA,0.8013589382171631,2351,1432,29609,499,0.9430232215042341,0.6214644462067143,0.8249122807017544,0.04613253439000032,0.9538674656099997
30108,YGL051W YEL016C,0.0,NA,0.8013916015625,2351,1431,29610,499,0.9430527278628544,0.6216287678476996,0.8249122807017544,0.04610031893302406,0.953899681066976
30109,YML058W YOR211C,1.0,NA,0.8014026284217834,2350,1431,29610,500,0.9430232215042341,0.6215286961121397,0.8245614035087719,0.04610031893302406,0.953899681066976
30110,YJL054W YKL053C-A,1.0,NA,0.8017053604125977,2349,1431,29610,501,0.9429937151456139,0.6214285714285714,0.8242105263157895,0.04610031893302406,0.953899681066976
30111,YHR194W YMR211W,1.0,NA,0.8020627498626709,2348,1431,29610,502,0.9429642087869936,0.6213283937549616,0.8238596491228071,0.04610031893302406,0.953899681066976
30112,YJR065C YMR134W,1.0,NA,0.8021140098571777,2347,1431,29610,503,0.9429347024283733,0.6212281630492325,0.8235087719298245,0.04610031893302406,0.953899681066976
30113,YJR065C YOR211C,1.0,NA,0.8023181557655334,2346,1431,29610,504,0.942905196069753,0.6211278792692613,0.8231578947368421,0.04610031893302406,0.953899681066976
30114,YGL055W YOR330C,1.0,NA,0.8023586273193359,2345,1431,29610,505,0.9428756897111328,0.6210275423728814,0.8228070175438597,0.04610031893302406,0.953899681066976
30115,YDR150W YPR083W,1.0,NA,0.8027238845825195,2344,1431,29610,506,0.9428461833525125,0.6209271523178808,0.8224561403508772,0.04610031893302406,0.953899681066976
30116,YNL132W YER178W,0.0,NA,0.802789568901062,2344,1430,29611,506,0.9428756897111328,0.6210916799152093,0.8224561403508772,0.046068103476047804,0.9539318965239522
30117,YBR179C YIL051C,1.0,NA,0.8031550049781799,2343,1430,29611,507,0.9428461833525125,0.6209912536443148,0.8221052631578948,0.046068103476047804,0.9539318965239522
30118,YIR004W YDR005C,0.0,NA,0.8031922578811646,2343,1429,29612,507,0.9428756897111328,0.6211558854718982,0.8221052631578948,0.046035888019071554,0.9539641119809285
30119,YNL070W YGL219C,1.0,NA,0.8035257458686829,2342,1429,29612,508,0.9428461833525125,0.6210554229647308,0.8217543859649122,0.046035888019071554,0.9539641119809285
30120,YOR140W YBR162W-A,0.0,NA,0.8038047552108765,2342,1428,29613,508,0.9428756897111328,0.6212201591511937,0.8217543859649122,0.046003672562095296,0.9539963274379047
30121,YLR304C YLL006W,1.0,NA,0.8043311834335327,2341,1428,29613,509,0.9428461833525125,0.6211196603873707,0.8214035087719298,0.046003672562095296,0.9539963274379047
30122,YDR071C YJL047C,0.0,NA,0.8043497204780579,2341,1427,29614,509,0.9428756897111328,0.6212845010615711,0.8214035087719298,0.04597145710511904,0.9540285428948809
30123,YJL073W YPR171W,0.0,NA,0.8045346140861511,2341,1426,29615,509,0.942905196069753,0.6214494292540483,0.8214035087719298,0.04593924164814278,0.9540607583518572
30124,YDR353W YDR343C,0.0,NA,0.8045656085014343,2341,1425,29616,509,0.9429347024283733,0.6216144450345193,0.8214035087719298,0.045907026191166524,0.9540929738088335
30125,YNL026W YGL055W,1.0,NA,0.8046724200248718,2340,1425,29616,510,0.942905196069753,0.6215139442231076,0.8210526315789474,0.045907026191166524,0.9540929738088335
30126,YOL075C YER098W,0.0,NA,0.8047139048576355,2340,1424,29617,510,0.9429347024283733,0.6216790648246546,0.8210526315789474,0.045874810734190266,0.9541251892658097
30127,YER154W YPR131C,1.0,NA,0.8048362731933594,2339,1424,29617,511,0.942905196069753,0.6215785277703959,0.8207017543859649,0.045874810734190266,0.9541251892658097
30128,YHR120W YDR077W,1.0,NA,0.8050897717475891,2338,1424,29617,512,0.9428756897111328,0.621477937267411,0.8203508771929825,0.045874810734190266,0.9541251892658097
30129,YDR296W YMR012W,1.0,NA,0.8054693937301636,2337,1424,29617,513,0.9428461833525125,0.6213772932730657,0.82,0.045874810734190266,0.9541251892658097
30130,YPL051W YAL030W,0.0,NA,0.8058695197105408,2337,1423,29618,513,0.9428756897111328,0.6215425531914893,0.82,0.04584259527721401,0.954157404722786
30131,YDL188C YAR031W,0.0,NA,0.805889904499054,2337,1422,29619,513,0.942905196069753,0.62170790103751,0.82,0.04581037982023775,0.9541896201797623
30132,YKR036C YML058W,1.0,NA,0.8059305548667908,2336,1422,29619,514,0.9428756897111328,0.6216072378924961,0.8196491228070175,0.04581037982023775,0.9541896201797623
30133,YIL062C YDR077W,1.0,NA,0.8060519695281982,2335,1422,29619,515,0.9428461833525125,0.6215065211605004,0.8192982456140351,0.04581037982023775,0.9541896201797623
30134,YLR355C YOL095C,1.0,NA,0.8061026930809021,2334,1422,29619,516,0.9428166769938922,0.6214057507987221,0.8189473684210526,0.04581037982023775,0.9541896201797623
30135,YJR120W YJL063C,1.0,NA,0.8061227202415466,2333,1422,29619,517,0.942787170635272,0.6213049267643143,0.8185964912280702,0.04581037982023775,0.9541896201797623
30136,YJL097W YOR332W,0.0,NA,0.8061583638191223,2333,1421,29620,517,0.9428166769938922,0.621470431539691,0.8185964912280702,0.04577816436326149,0.9542218356367385
30137,YIL126W YOL135C,0.0,NA,0.8062149286270142,2333,1420,29621,517,0.9428461833525125,0.6216360245137224,0.8185964912280702,0.045745948906285236,0.9542540510937148
30138,YPR125W YMR134W,1.0,NA,0.8062598705291748,2332,1420,29621,518,0.9428166769938922,0.6215351812366737,0.8182456140350877,0.045745948906285236,0.9542540510937148
30139,YNL287W YAL022C,0.0,NA,0.8065009713172913,2332,1419,29622,518,0.9428461833525125,0.6217008797653959,0.8182456140350877,0.04571373344930898,0.954286266550691
30140,YMR302C YNL213C,1.0,NA,0.8065838813781738,2331,1419,29622,519,0.9428166769938922,0.6216,0.8178947368421052,0.04571373344930898,0.954286266550691
30141,YBR012W-A YEL061C,0.0,NA,0.8066538572311401,2331,1418,29623,519,0.9428461833525125,0.6217658042144572,0.8178947368421052,0.04568151799233272,0.9543184820076672
30142,YCL025C YDR507C,0.0,NA,0.8068603277206421,2331,1417,29624,519,0.9428756897111328,0.621931696905016,0.8178947368421052,0.04564930253535646,0.9543506974646435
30143,YBR192W YMR302C,1.0,NA,0.806929886341095,2330,1417,29624,520,0.9428461833525125,0.6218307979717107,0.8175438596491228,0.04564930253535646,0.9543506974646435
30144,YDL103C YLR195C,0.0,NA,0.806931734085083,2330,1416,29625,520,0.9428756897111328,0.6219967965830219,0.8175438596491228,0.045617087078380206,0.9543829129216198
30145,YIR030C YDR320C-A,0.0,NA,0.8069623112678528,2330,1415,29626,520,0.942905196069753,0.6221628838451269,0.8175438596491228,0.04558487162140395,0.9544151283785961
30146,YJR082C YDR402C,0.0,NA,0.8071627616882324,2330,1414,29627,520,0.9429347024283733,0.6223290598290598,0.8175438596491228,0.04555265616442769,0.9544473438355723
30147,YLL006W YOL076W,1.0,NA,0.8071703910827637,2329,1414,29627,521,0.942905196069753,0.6222281592305637,0.8171929824561404,0.04555265616442769,0.9544473438355723
30148,YKR001C YDL161W,0.0,NA,0.8073245286941528,2329,1413,29628,521,0.9429347024283733,0.622394441475147,0.8171929824561404,0.04552044070745143,0.9544795592925486
30149,YDR081C YNL065W,0.0,NA,0.8075132369995117,2329,1412,29629,521,0.9429642087869936,0.6225608126169473,0.8171929824561404,0.045488225250475176,0.9545117747495249
30150,YJL101C YGR285C,0.0,NA,0.807587742805481,2329,1411,29630,521,0.9429937151456139,0.6227272727272727,0.8171929824561404,0.04545600979349892,0.954543990206501
30151,YDL192W YCR020W-B,0.0,NA,0.8076412677764893,2329,1410,29631,521,0.9430232215042341,0.6228938218775073,0.8171929824561404,0.04542379433652266,0.9545762056634773
30152,YMR211W YGR101W,1.0,NA,0.8077069520950317,2328,1410,29631,522,0.9429937151456139,0.622792937399679,0.8168421052631579,0.04542379433652266,0.9545762056634773
30153,YOR326W YOR330C,1.0,NA,0.807874858379364,2327,1410,29631,523,0.9429642087869936,0.6226919989296227,0.8164912280701755,0.04542379433652266,0.9545762056634773
30154,YDR294C YMR046C,0.0,NA,0.8081322908401489,2327,1409,29632,523,0.9429937151456139,0.6228586723768736,0.8164912280701755,0.04539157887954641,0.9546084211204536
30155,YPR024W YIL051C,1.0,NA,0.8084484934806824,2326,1409,29632,524,0.9429642087869936,0.6227576974564927,0.8161403508771929,0.04539157887954641,0.9546084211204536
30156,YKL053C-A YFL039C,1.0,NA,0.8084553480148315,2325,1409,29632,525,0.9429347024283733,0.6226566684520621,0.8157894736842105,0.04539157887954641,0.9546084211204536
30157,YDR427W YIR026C,0.0,NA,0.8086395859718323,2325,1408,29633,525,0.9429642087869936,0.6228234663809269,0.8157894736842105,0.04535936342257015,0.9546406365774298
30158,YIL062C YNL066W,1.0,NA,0.8088175654411316,2324,1408,29633,526,0.9429347024283733,0.6227224008574491,0.8154385964912281,0.04535936342257015,0.9546406365774298
30159,YHR194W YPR131C,1.0,NA,0.8090176582336426,2323,1408,29633,527,0.942905196069753,0.6226212811578665,0.8150877192982456,0.04535936342257015,0.9546406365774298
30160,YNL070W YFL039C,1.0,NA,0.8092458844184875,2322,1408,29633,528,0.9428756897111328,0.6225201072386058,0.8147368421052632,0.04535936342257015,0.9546406365774298
30161,YGL173C YEL061C,0.0,NA,0.8096652626991272,2322,1407,29634,528,0.942905196069753,0.6226870474658085,0.8147368421052632,0.045327147965593895,0.9546728520344061
30162,YMR012W YMR211W,1.0,NA,0.8097259402275085,2321,1407,29634,529,0.9428756897111328,0.6225858369098712,0.8143859649122807,0.045327147965593895,0.9546728520344061
30163,YKL175W YGL100W,0.0,NA,0.8101181983947754,2321,1406,29635,529,0.942905196069753,0.622752884357392,0.8143859649122807,0.04529493250861764,0.9547050674913824
30164,YFL039C YLL006W,1.0,NA,0.8103594183921814,2320,1406,29635,530,0.9428756897111328,0.6226516371443908,0.8140350877192982,0.04529493250861764,0.9547050674913824
30165,YMR134W YGR101W,1.0,NA,0.8103642463684082,2319,1406,29635,531,0.9428461833525125,0.6225503355704698,0.8136842105263158,0.04529493250861764,0.9547050674913824
30166,YOR229W YKL145W,0.0,NA,0.8109387755393982,2319,1405,29636,531,0.9428756897111328,0.6227175080558539,0.8136842105263158,0.04526271705164138,0.9547372829483586
30167,YBR212W YLR370C,1.0,NA,0.8111149668693542,2318,1405,29636,532,0.9428461833525125,0.6226161697555734,0.8133333333333334,0.04526271705164138,0.9547372829483586
30168,YAL024C YMR001C,0.0,NA,0.8111391663551331,2318,1404,29637,532,0.9428756897111328,0.6227834497581946,0.8133333333333334,0.04523050159466512,0.9547694984053349
30169,YMR302C YPR024W,1.0,NA,0.8114711046218872,2317,1404,29637,533,0.9428461833525125,0.6226820747110992,0.8129824561403509,0.04523050159466512,0.9547694984053349
30170,YOL045W YGL005C,0.0,NA,0.8116264343261719,2317,1403,29638,533,0.9428756897111328,0.6228494623655914,0.8129824561403509,0.045198286137688864,0.9548017138623112
30171,YFL005W YJL080C,0.0,NA,0.8118492960929871,2317,1402,29639,533,0.942905196069753,0.6230169400376445,0.8129824561403509,0.04516607068071261,0.9548339293192873
30172,YNL310C YNL066W,1.0,NA,0.8123331069946289,2316,1402,29639,534,0.9428756897111328,0.6229155459924691,0.8126315789473684,0.04516607068071261,0.9548339293192873
30173,YNL079C YDR219C,1.0,NA,0.812507152557373,2315,1402,29639,535,0.9428461833525125,0.6228140973903685,0.8122807017543859,0.04516607068071261,0.9548339293192873
30174,YMR134W YDL006W,1.0,NA,0.8127080798149109,2314,1402,29639,536,0.9428166769938922,0.6227125941872982,0.8119298245614035,0.04516607068071261,0.9548339293192873
30175,YGR296W YDR190C,0.0,NA,0.812725841999054,2314,1401,29640,536,0.9428461833525125,0.6228802153432033,0.8119298245614035,0.04513385522373635,0.9548661447762636
30176,YIL062C YJL112W,1.0,NA,0.8128485679626465,2313,1401,29640,537,0.9428166769938922,0.622778675282714,0.8115789473684211,0.04513385522373635,0.9548661447762636
30177,YLL022C YDL160C,0.0,NA,0.8132739663124084,2313,1400,29641,537,0.9428461833525125,0.6229464045246431,0.8115789473684211,0.04510163976676009,0.9548983602332399
30178,YGL018C YNL330C,0.0,NA,0.8133915066719055,2313,1399,29642,537,0.9428756897111328,0.623114224137931,0.8115789473684211,0.045069424309783834,0.9549305756902162
30179,YML058W YDL217C,1.0,NA,0.8136613965034485,2312,1399,29642,538,0.9428461833525125,0.6230126650498518,0.8112280701754386,0.045069424309783834,0.9549305756902162
30180,YLR139C YNL068C,0.0,NA,0.8137854933738708,2312,1398,29643,538,0.9428756897111328,0.6231805929919138,0.8112280701754386,0.04503720885280758,0.9549627911471924
30181,YLL042C YCR014C,0.0,NA,0.8143938183784485,2312,1397,29644,538,0.942905196069753,0.6233486114855756,0.8112280701754386,0.04500499339583132,0.9549950066041687
30182,YML105C YJR003C,0.0,NA,0.8144020438194275,2312,1396,29645,538,0.9429347024283733,0.6235167206040992,0.8112280701754386,0.04497277793885506,0.955027222061145
30183,YER107C YGL150C,0.0,NA,0.8144028186798096,2312,1395,29646,538,0.9429642087869936,0.6236849204208255,0.8112280701754386,0.044940562481878804,0.9550594375181212
30184,YML014W YHL003C,0.0,NA,0.8144199252128601,2312,1394,29647,538,0.9429937151456139,0.6238532110091743,0.8112280701754386,0.04490834702490255,0.9550916529750975
30185,YHR120W YLR368W,1.0,NA,0.8144614100456238,2311,1394,29647,539,0.9429642087869936,0.6237516869095816,0.8108771929824561,0.04490834702490255,0.9550916529750975
30186,YMR083W YBL037W,0.0,NA,0.8146100044250488,2311,1393,29648,539,0.9429937151456139,0.6239200863930886,0.8108771929824561,0.04487613156792629,0.9551238684320738
30187,YHR194W YKR042W,1.0,NA,0.8146747350692749,2310,1393,29648,540,0.9429642087869936,0.6238185255198487,0.8105263157894737,0.04487613156792629,0.9551238684320738
30188,YKL043W YOL089C,0.0,NA,0.8149123191833496,2310,1392,29649,540,0.9429937151456139,0.6239870340356564,0.8105263157894737,0.04484391611095003,0.9551560838890499
30189,YJL054W YIL138C,1.0,NA,0.8153717517852783,2309,1392,29649,541,0.9429642087869936,0.6238854363685491,0.8101754385964912,0.04484391611095003,0.9551560838890499
30190,YIR008C YDR147W,0.0,NA,0.8154062628746033,2309,1391,29650,541,0.9429937151456139,0.624054054054054,0.8101754385964912,0.044811700653973774,0.9551882993460262
30191,YGR040W YOL072W,0.0,NA,0.8155027627944946,2309,1390,29651,541,0.9430232215042341,0.6242227629088943,0.8101754385964912,0.044779485196997516,0.9552205148030025
30192,YDL084W YBR276C,0.0,NA,0.81574946641922,2309,1389,29652,541,0.9430527278628544,0.6243915630070308,0.8101754385964912,0.04474726974002126,0.9552527302599787
30193,YER065C YCR037C,0.0,NA,0.8157697916030884,2309,1388,29653,541,0.9430822342214747,0.6245604544225047,0.8101754385964912,0.04471505428304501,0.955284945716955
30194,YDR423C YDL008W,0.0,NA,0.815818727016449,2309,1387,29654,541,0.9431117405800951,0.6247294372294372,0.8101754385964912,0.04468283882606875,0.9553171611739313
30195,YLR287C-A YPL076W,0.0,NA,0.8158313632011414,2309,1386,29655,541,0.9431412469387153,0.6248985115020298,0.8101754385964912,0.04465062336909249,0.9553493766309075
30196,YDR131C YDR158W,0.0,NA,0.8159923553466797,2309,1385,29656,541,0.9431707532973356,0.6250676773145641,0.8101754385964912,0.044618407912116236,0.9553815920878838
30197,YJL146W YIL026C,0.0,NA,0.8162724375724792,2309,1384,29657,541,0.9432002596559559,0.6252369347414026,0.8101754385964912,0.04458619245513998,0.95541380754486
30198,YPR083W YOR330C,1.0,NA,0.8164329528808594,2308,1384,29657,542,0.9431707532973356,0.6251354279523293,0.8098245614035088,0.04458619245513998,0.95541380754486
30199,YDL142C YOR326W,1.0,NA,0.8165870904922485,2307,1384,29657,543,0.9431412469387153,0.625033866160932,0.8094736842105263,0.04458619245513998,0.95541380754486
30200,YLR044C YDL106C,0.0,NA,0.8168291449546814,2307,1383,29658,543,0.9431707532973356,0.6252032520325204,0.8094736842105263,0.04455397699816372,0.9554460230018362
30201,YOR281C YPL209C,0.0,NA,0.8168472647666931,2307,1382,29659,543,0.9432002596559559,0.6253727297370562,0.8094736842105263,0.04452176154118746,0.9554782384588125
30202,YNR052C YGR156W,0.0,NA,0.8169024586677551,2307,1381,29660,543,0.9432297660145761,0.6255422993492408,0.8094736842105263,0.044489546084211205,0.9555104539157888
30203,YDL006W YKR042W,1.0,NA,0.8169409036636353,2306,1381,29660,544,0.9432002596559559,0.6254407377271495,0.8091228070175439,0.044489546084211205,0.9555104539157888
30204,YGL020C YLR304C,1.0,NA,0.8170779943466187,2305,1381,29660,545,0.9431707532973356,0.6253391209983722,0.8087719298245614,0.044489546084211205,0.9555104539157888
30205,YCR082W YDL022W,0.0,NA,0.8170928955078125,2305,1380,29661,545,0.9432002596559559,0.6255088195386703,0.8087719298245614,0.04445733062723495,0.9555426693727651
30206,YNL302C YBR202W,0.0,NA,0.817152738571167,2305,1379,29662,545,0.9432297660145761,0.6256786102062974,0.8087719298245614,0.04442511517025869,0.9555748848297413
30207,YPR024W YNL070W,1.0,NA,0.8172258734703064,2304,1379,29662,546,0.9432002596559559,0.6255769752918816,0.8084210526315789,0.04442511517025869,0.9555748848297413
30208,YML110C YDR093W,0.0,NA,0.8174573183059692,2304,1378,29663,546,0.9432297660145761,0.625746876697447,0.8084210526315789,0.04439289971328243,0.9556071002867176
30209,YCR067C YAL020C,0.0,NA,0.817676305770874,2304,1377,29664,546,0.9432592723731964,0.6259168704156479,0.8084210526315789,0.044360684256306175,0.9556393157436939
30210,YMR091C YCL020W,0.0,NA,0.8179267644882202,2304,1376,29665,546,0.9432887787318167,0.6260869565217392,0.8084210526315789,0.04432846879932992,0.95567153120067
30211,YNL026W YOR326W,1.0,NA,0.817972719669342,2303,1376,29665,547,0.9432592723731964,0.6259853220983963,0.8080701754385965,0.04432846879932992,0.95567153120067
30212,YGL144C YGL153W,0.0,NA,0.818027913570404,2303,1375,29666,547,0.9432887787318167,0.6261555193039695,0.8080701754385965,0.04429625334235366,0.9557037466576463
30213,YHL015W YPR088C,0.0,NA,0.8180801868438721,2303,1374,29667,547,0.943318285090437,0.626325809083492,0.8080701754385965,0.0442640378853774,0.9557359621146226
30214,YIR006C YLR250W,0.0,NA,0.8185456395149231,2303,1373,29668,547,0.9433477914490572,0.6264961915125136,0.8080701754385965,0.044231822428401145,0.9557681775715988
30215,YMR075W YHR084W,0.0,NA,0.8185723423957825,2303,1372,29669,547,0.9433772978076775,0.6266666666666667,0.8080701754385965,0.04419960697142489,0.9558003930285751
30216,YGL055W YNL310C,1.0,NA,0.8185778260231018,2302,1372,29669,548,0.9433477914490572,0.6265650517147523,0.8077192982456141,0.04419960697142489,0.9558003930285751
30217,YIL134W YLR034C,0.0,NA,0.818598747253418,2302,1371,29670,548,0.9433772978076775,0.6267356384426899,0.8077192982456141,0.04416739151444863,0.9558326084855514
30218,YPR031W YMR156C,0.0,NA,0.8187447190284729,2302,1370,29671,548,0.9434068041662979,0.6269063180827886,0.8077192982456141,0.04413517605747237,0.9558648239425276
30219,YMR060C YML058W,1.0,NA,0.8187801241874695,2301,1370,29671,549,0.9433772978076775,0.6268046853718333,0.8073684210526316,0.04413517605747237,0.9558648239425276
30220,YLR320W YMR204C,0.0,NA,0.8187849521636963,2301,1369,29672,549,0.9434068041662979,0.626975476839237,0.8073684210526316,0.044102960600496115,0.9558970393995039
30221,YDR038C YPL169C,0.0,NA,0.8189961314201355,2301,1368,29673,549,0.9434363105249182,0.6271463614063778,0.8073684210526316,0.044070745143519864,0.9559292548564802
30222,YHR043C YAR035W,0.0,NA,0.8192800879478455,2301,1367,29674,549,0.9434658168835384,0.6273173391494002,0.8073684210526316,0.04403852968654361,0.9559614703134564
30223,YLR421C YDL185W,0.0,NA,0.8194327354431152,2301,1366,29675,549,0.9434953232421587,0.6274884101445323,0.8073684210526316,0.04400631422956735,0.9559936857704326
30224,YLR370C YPR083W,1.0,NA,0.8194663524627686,2300,1366,29675,550,0.9434658168835384,0.6273867975995635,0.8070175438596491,0.04400631422956735,0.9559936857704326
30225,YJL054W YIL065C,1.0,NA,0.8194673657417297,2299,1366,29675,551,0.9434363105249182,0.6272851296043657,0.8066666666666666,0.04400631422956735,0.9559936857704326
30226,YKL013C YMR012W,1.0,NA,0.8195496797561646,2298,1366,29675,552,0.9434068041662979,0.6271834061135371,0.8063157894736842,0.04400631422956735,0.9559936857704326
30227,YDR150W YHR194W,1.0,NA,0.8196038603782654,2297,1366,29675,553,0.9433772978076775,0.6270816270816271,0.8059649122807018,0.04400631422956735,0.9559936857704326
30228,YLR160C YML026C,0.0,NA,0.8199291229248047,2297,1365,29676,553,0.9434068041662979,0.6272528672856362,0.8059649122807018,0.04397409877259109,0.9560259012274089
30229,YCR028C-A YLL013C,1.0,NA,0.8200190663337708,2296,1365,29676,554,0.9433772978076775,0.627151051625239,0.8056140350877193,0.04397409877259109,0.9560259012274089
30230,YMR184W YPR173C,0.0,NA,0.8200425505638123,2296,1364,29677,554,0.9434068041662979,0.6273224043715847,0.8056140350877193,0.043941883315614834,0.9560581166843851
30231,YDR219C YMR134W,1.0,NA,0.820189356803894,2295,1364,29677,555,0.9433772978076775,0.6272205520634053,0.8052631578947368,0.043941883315614834,0.9560581166843851
30232,YML058W YNL213C,1.0,NA,0.8202430605888367,2294,1364,29677,556,0.9433477914490572,0.6271186440677966,0.8049122807017544,0.043941883315614834,0.9560581166843851
30233,YBR123C YMR050C,0.0,NA,0.8202441334724426,2294,1363,29678,556,0.9433772978076775,0.6272901285206454,0.8049122807017544,0.043909667858638576,0.9560903321413614
30234,YKR042W YPR131C,1.0,NA,0.8204773664474487,2293,1363,29678,557,0.9433477914490572,0.6271881838074398,0.8045614035087719,0.043909667858638576,0.9560903321413614
30235,YOL117W YOR290C,0.0,NA,0.8205175399780273,2293,1362,29679,557,0.9433772978076775,0.6273597811217511,0.8045614035087719,0.04387745240166232,0.9561225475983377
30236,YPR083W YMR211W,1.0,NA,0.8205205798149109,2292,1362,29679,558,0.9433477914490572,0.6272577996715928,0.8042105263157895,0.04387745240166232,0.9561225475983377
30237,YEL071W YDR272W,0.0,NA,0.8205264806747437,2292,1361,29680,558,0.9433772978076775,0.6274295099917876,0.8042105263157895,0.04384523694468606,0.956154763055314
30238,YML039W YHR075C,0.0,NA,0.8206305503845215,2292,1360,29681,558,0.9434068041662979,0.6276013143483024,0.8042105263157895,0.043813021487709804,0.9561869785122902
30239,YKR085C YML091C,0.0,NA,0.8207623958587646,2292,1359,29682,558,0.9434363105249182,0.6277732128184059,0.8042105263157895,0.043780806030733546,0.9562191939692665
30240,YBR212W YJR120W,1.0,NA,0.8208518028259277,2291,1359,29682,559,0.9434068041662979,0.6276712328767123,0.803859649122807,0.043780806030733546,0.9562191939692665
30241,YFL039C YHR194W,1.0,NA,0.8208665251731873,2290,1359,29682,560,0.9433772978076775,0.627569197040285,0.8035087719298246,0.043780806030733546,0.9562191939692665
30242,YCR028C-A YLL006W,1.0,NA,0.8209307789802551,2289,1359,29682,561,0.9433477914490572,0.6274671052631579,0.8031578947368421,0.043780806030733546,0.9562191939692665
30243,YPR125W YPR083W,1.0,NA,0.8210095167160034,2288,1359,29682,562,0.943318285090437,0.6273649574993145,0.8028070175438596,0.043780806030733546,0.9562191939692665
30244,YOR266W YDL006W,1.0,NA,0.8210949301719666,2287,1359,29682,563,0.9432887787318167,0.6272627537026879,0.8024561403508772,0.043780806030733546,0.9562191939692665
30245,YMR134W YMR241W,1.0,NA,0.8213644027709961,2286,1359,29682,564,0.9432592723731964,0.6271604938271605,0.8021052631578948,0.043780806030733546,0.9562191939692665
30246,YOL147C YJL178C,0.0,NA,0.8215028047561646,2286,1358,29683,564,0.9432887787318167,0.6273326015367727,0.8021052631578948,0.04374859057375729,0.9562514094262428
30247,YNL099C YGR175C,0.0,NA,0.8215438723564148,2286,1357,29684,564,0.943318285090437,0.627504803733187,0.8021052631578948,0.04371637511678103,0.9562836248832189
30248,YDL240W YMR255W,0.0,NA,0.8218489289283752,2286,1356,29685,564,0.9433477914490572,0.627677100494234,0.8021052631578948,0.043684159659804774,0.9563158403401952
30249,YMR227C YML040W,0.0,NA,0.8222123980522156,2286,1355,29686,564,0.9433772978076775,0.6278494918978302,0.8021052631578948,0.043651944202828516,0.9563480557971715
30250,YOR108W YOR346W,0.0,NA,0.8222343325614929,2286,1354,29687,564,0.9434068041662979,0.628021978021978,0.8021052631578948,0.04361972874585226,0.9563802712541477
30251,YER154W YBR234C,1.0,NA,0.8222864866256714,2285,1354,29687,565,0.9433772978076775,0.6279197581753229,0.8017543859649123,0.04361972874585226,0.9563802712541477
30252,YML001W YNR016C,0.0,NA,0.8224706649780273,2285,1353,29688,565,0.9434068041662979,0.6280923584387026,0.8017543859649123,0.043587513288876,0.956412486711124
30253,YAL034W-A YDR181C,0.0,NA,0.8225260972976685,2285,1352,29689,565,0.9434363105249182,0.6282650536156172,0.8017543859649123,0.04355529783189974,0.9564447021681003
30254,YNL068C YDL236W,0.0,NA,0.8226168155670166,2285,1351,29690,565,0.9434658168835384,0.6284378437843784,0.8017543859649123,0.043523082374923486,0.9564769176250765
30255,YJR120W YML058W,1.0,NA,0.8226401209831238,2284,1351,29690,566,0.9434363105249182,0.6283356258596974,0.8014035087719298,0.043523082374923486,0.9564769176250765
30256,YBR192W YLR370C,1.0,NA,0.822876513004303,2283,1351,29690,567,0.9434068041662979,0.6282333516785911,0.8010526315789473,0.043523082374923486,0.9564769176250765
30257,YDR454C YDR232W,0.0,NA,0.8228991031646729,2283,1350,29691,567,0.9434363105249182,0.6284062758051198,0.8010526315789473,0.04349086691794723,0.9565091330820528
30258,YGL115W YLR347C,0.0,NA,0.8231011033058167,2283,1349,29692,567,0.9434658168835384,0.628579295154185,0.8010526315789473,0.04345865146097097,0.9565413485390291
30259,YNL079C YOR211C,1.0,NA,0.8233467936515808,2282,1349,29692,568,0.9434363105249182,0.6284770035802809,0.8007017543859649,0.04345865146097097,0.9565413485390291
30260,YJR078W YJL006C,0.0,NA,0.8238353729248047,2282,1348,29693,568,0.9434658168835384,0.6286501377410468,0.8007017543859649,0.04342643600399472,0.9565735639960052
30261,YHR083W YNL310C,1.0,NA,0.8239444494247437,2281,1348,29693,569,0.9434363105249182,0.6285478093138606,0.8003508771929825,0.04342643600399472,0.9565735639960052
30262,YPL242C YGL075C,0.0,NA,0.8242525458335876,2281,1347,29694,569,0.9434658168835384,0.6287210584343991,0.8003508771929825,0.04339422054701846,0.9566057794529815
30263,YDL238C YBL008W,0.0,NA,0.8243565559387207,2281,1346,29695,569,0.9434953232421587,0.6288944030879515,0.8003508771929825,0.043362005090042205,0.9566379949099578
30264,YDR164C YNL263C,0.0,NA,0.8246636390686035,2281,1345,29696,569,0.943524829600779,0.6290678433535576,0.8003508771929825,0.04332978963306595,0.956670210366934
30265,YGL020C YNL310C,1.0,NA,0.8247922658920288,2280,1345,29696,570,0.9434953232421587,0.6289655172413793,0.8,0.04332978963306595,0.956670210366934
30266,YIL132C YGR274C,0.0,NA,0.8248169422149658,2280,1344,29697,570,0.943524829600779,0.6291390728476821,0.8,0.04329757417608969,0.9567024258239103
30267,YIL138C YMR241W,1.0,NA,0.8249034285545349,2279,1344,29697,571,0.9434953232421587,0.6290367099089152,0.7996491228070175,0.04329757417608969,0.9567024258239103
30268,YCR028C-A YGR101W,1.0,NA,0.8249305486679077,2278,1344,29697,572,0.9434658168835384,0.6289342904472667,0.7992982456140351,0.04329757417608969,0.9567024258239103
30269,YDR416W YHR043C,0.0,NA,0.8249750137329102,2278,1343,29698,572,0.9434953232421587,0.6291079812206573,0.7992982456140351,0.04326535871911343,0.9567346412808866
30270,YOL095C YNL213C,1.0,NA,0.8250356912612915,2277,1343,29698,573,0.9434658168835384,0.6290055248618784,0.7989473684210526,0.04326535871911343,0.9567346412808866
30271,YHR083W YOR330C,1.0,NA,0.8251062631607056,2276,1343,29698,574,0.9434363105249182,0.6289030118817353,0.7985964912280702,0.04326535871911343,0.9567346412808866
30272,YML039W YPR066W,0.0,NA,0.8252959251403809,2276,1342,29699,574,0.9434658168835384,0.6290768380320619,0.7985964912280702,0.043233143262137175,0.9567668567378629
30273,YNL037C YIL042C,0.0,NA,0.8253390192985535,2276,1341,29700,574,0.9434953232421587,0.62925076029859,0.7985964912280702,0.04320092780516092,0.9567990721948391
30274,YDR320C-A YNL231C,0.0,NA,0.8254880309104919,2276,1340,29701,574,0.943524829600779,0.629424778761062,0.7985964912280702,0.04316871234818466,0.9568312876518154
30275,YDL033C YPL235W,0.0,NA,0.8255054950714111,2276,1339,29702,574,0.9435543359593993,0.6295988934993084,0.7985964912280702,0.0431364968912084,0.9568635031087916
30276,YPR083W YNL310C,1.0,NA,0.8255309462547302,2275,1339,29702,575,0.943524829600779,0.6294964028776978,0.7982456140350878,0.0431364968912084,0.9568635031087916
30277,YGR019W YLR313C,0.0,NA,0.8256942629814148,2275,1338,29703,575,0.9435543359593993,0.6296706338223084,0.7982456140350878,0.043104281434232145,0.9568957185657678
30278,YJR135W-A YOR330C,1.0,NA,0.8257486820220947,2274,1338,29703,576,0.943524829600779,0.6295681063122923,0.7978947368421052,0.043104281434232145,0.9568957185657678
30279,YLR303W YKR037C,0.0,NA,0.8257641196250916,2274,1337,29704,576,0.9435543359593993,0.6297424536139573,0.7978947368421052,0.04307206597725589,0.9569279340227441
30280,YOL060C YBR091C,1.0,NA,0.8258095979690552,2273,1337,29704,577,0.943524829600779,0.6296398891966759,0.7975438596491228,0.04307206597725589,0.9569279340227441
30281,YML049C YBL037W,0.0,NA,0.8258780241012573,2273,1336,29705,577,0.9435543359593993,0.629814353006373,0.7975438596491228,0.04303985052027963,0.9569601494797204
30282,YPR001W YNL236W,0.0,NA,0.8259522318840027,2273,1335,29706,577,0.9435838423180195,0.6299889135254989,0.7975438596491228,0.04300763506330337,0.9569923649366966
30283,YPR024W YML058W,1.0,NA,0.8260505199432373,2272,1335,29706,578,0.9435543359593993,0.6298863321319657,0.7971929824561403,0.04300763506330337,0.9569923649366966
30284,YGL240W YBL091C,0.0,NA,0.8261576294898987,2272,1334,29707,578,0.9435838423180195,0.6300610094287299,0.7971929824561403,0.042975419606327114,0.9570245803936729
30285,YIR037W YKR072C,0.0,NA,0.8261619210243225,2272,1333,29708,578,0.9436133486766398,0.6302357836338419,0.7971929824561403,0.04294320414935086,0.9570567958506492
30286,YOL027C YBR091C,1.0,NA,0.8262752890586853,2271,1333,29708,579,0.9435838423180195,0.6301331853496115,0.7968421052631579,0.04294320414935086,0.9570567958506492
30287,YLR095C YEL071W,0.0,NA,0.8263092637062073,2271,1332,29709,579,0.9436133486766398,0.630308076602831,0.7968421052631579,0.0429109886923746,0.9570890113076254
30288,YML058W YHR083W,1.0,NA,0.8268733620643616,2270,1332,29709,580,0.9435838423180195,0.6302054414214325,0.7964912280701755,0.0429109886923746,0.9570890113076254
30289,YJR120W YNL121C,1.0,NA,0.8270344734191895,2269,1332,29709,581,0.9435543359593993,0.6301027492363233,0.796140350877193,0.0429109886923746,0.9570890113076254
30290,YOL101C YKL060C,0.0,NA,0.8273826241493225,2269,1331,29710,581,0.9435838423180195,0.6302777777777778,0.796140350877193,0.04287877323539834,0.9571212267646017
30291,YAL014C YMR079W,0.0,NA,0.8275964856147766,2269,1330,29711,581,0.9436133486766398,0.6304529035843289,0.796140350877193,0.042846557778422084,0.9571534422215779
30292,YJR065C YMR302C,1.0,NA,0.8277514576911926,2268,1330,29711,582,0.9435838423180195,0.6303501945525292,0.7957894736842105,0.042846557778422084,0.9571534422215779
30293,YJR120W YOL095C,1.0,NA,0.8280063271522522,2267,1330,29711,583,0.9435543359593993,0.630247428412566,0.7954385964912281,0.042846557778422084,0.9571534422215779
30294,YIL053W YOR089C,0.0,NA,0.8280896544456482,2267,1329,29712,583,0.9435838423180195,0.6304226918798665,0.7954385964912281,0.04281434232144583,0.9571856576785541
30295,YLR055C YLR305C,0.0,NA,0.8283056020736694,2267,1328,29713,583,0.9436133486766398,0.6305980528511822,0.7954385964912281,0.042782126864469576,0.9572178731355304
30296,YML115C YNL047C,0.0,NA,0.8285117745399475,2267,1327,29714,583,0.9436428550352601,0.630773511407902,0.7954385964912281,0.04274991140749332,0.9572500885925067
30297,YMR300C YBR055C,0.0,NA,0.8285287022590637,2267,1326,29715,583,0.9436723613938803,0.6309490676315057,0.7954385964912281,0.04271769595051706,0.9572823040494829
30298,YBR179C YMR241W,1.0,NA,0.8286982178688049,2266,1326,29715,584,0.9436428550352601,0.6308463251670379,0.7950877192982456,0.04271769595051706,0.9572823040494829
30299,YNL026W YDR077W,1.0,NA,0.8288722038269043,2265,1326,29715,585,0.9436133486766398,0.6307435254803676,0.7947368421052632,0.04271769595051706,0.9572823040494829
30300,YPL253C YGL124C,0.0,NA,0.8288848400115967,2265,1325,29716,585,0.9436428550352601,0.6309192200557103,0.7947368421052632,0.0426854804935408,0.9573145195064592
30301,YKL101W YDR334W,0.0,NA,0.8289949297904968,2265,1324,29717,585,0.9436723613938803,0.6310950125383115,0.7947368421052632,0.042653265036564546,0.9573467349634355
30302,YML058W YMR211W,1.0,NA,0.8290994167327881,2264,1324,29717,586,0.9436428550352601,0.6309921962095875,0.7943859649122808,0.042653265036564546,0.9573467349634355
30303,YDL065C YDR091C,0.0,NA,0.8291645646095276,2264,1323,29718,586,0.9436723613938803,0.6311681070532479,0.7943859649122808,0.04262104957958829,0.9573789504204118
30304,YMR276W YER030W,0.0,NA,0.8292017579078674,2264,1322,29719,586,0.9437018677525006,0.6313441160066927,0.7943859649122808,0.04258883412261203,0.957411165877388
30305,YLR368W YOR330C,1.0,NA,0.8293728828430176,2263,1322,29719,587,0.9436723613938803,0.6312412831241283,0.7940350877192982,0.04258883412261203,0.957411165877388
30306,YDR221W YDR305C,0.0,NA,0.8294939994812012,2263,1321,29720,587,0.9437018677525006,0.6314174107142857,0.7940350877192982,0.04255661866563577,0.9574433813343642
30307,YKR057W YKL192C,0.0,NA,0.8295038342475891,2263,1320,29721,587,0.943731374111121,0.6315936366173598,0.7940350877192982,0.042524403208659516,0.9574755967913405
30308,YER142C YOR089C,0.0,NA,0.8295223116874695,2263,1319,29722,587,0.9437608804697413,0.6317699609156896,0.7940350877192982,0.04249218775168326,0.9575078122483167
30309,YDL217C YDR077W,1.0,NA,0.8296106457710266,2262,1319,29722,588,0.943731374111121,0.6316671320860094,0.7936842105263158,0.04249218775168326,0.9575078122483167
30310,YHR031C YML058W,1.0,NA,0.8298760652542114,2261,1319,29722,589,0.9437018677525006,0.6315642458100559,0.7933333333333333,0.04249218775168326,0.9575078122483167
30311,YNL213C YOR330C,1.0,NA,0.8298783898353577,2260,1319,29722,590,0.9436723613938803,0.6314613020396759,0.7929824561403509,0.04249218775168326,0.9575078122483167
30312,YPR083W YOR266W,1.0,NA,0.8299576640129089,2259,1319,29722,591,0.9436428550352601,0.631358300726663,0.7926315789473685,0.04249218775168326,0.9575078122483167
30313,YGL071W YPR052C,0.0,NA,0.8299941420555115,2259,1318,29723,591,0.9436723613938803,0.6315348057031032,0.7926315789473685,0.042459972294707,0.957540027705293
30314,YPR023C YBR112C,0.0,NA,0.8301058411598206,2259,1317,29724,591,0.9437018677525006,0.6317114093959731,0.7926315789473685,0.04242775683773074,0.9575722431622693
30315,YLR370C YDL006W,1.0,NA,0.8304977416992188,2258,1317,29724,592,0.9436723613938803,0.6316083916083917,0.7922807017543859,0.04242775683773074,0.9575722431622693
30316,YKL042W YDR439W,0.0,NA,0.8305895328521729,2258,1316,29725,592,0.9437018677525006,0.6317851147174035,0.7922807017543859,0.042395541380754485,0.9576044586192455
30317,YAR014C YFR040W,0.0,NA,0.8306514620780945,2258,1315,29726,592,0.943731374111121,0.631961936747831,0.7922807017543859,0.04236332592377823,0.9576366740762218
30318,YIL050W YMR270C,0.0,NA,0.8308889865875244,2258,1314,29727,592,0.9437608804697413,0.6321388577827548,0.7922807017543859,0.04233111046680197,0.9576688895331981
30319,YLR355C YMR072W,1.0,NA,0.8309640884399414,2257,1314,29727,593,0.943731374111121,0.6320358443013162,0.7919298245614035,0.04233111046680197,0.9576688895331981
30320,YNL213C YMR134W,1.0,NA,0.8310791850090027,2256,1314,29727,594,0.9437018677525006,0.6319327731092437,0.791578947368421,0.04233111046680197,0.9576688895331981
30321,YJR120W YLL013C,1.0,NA,0.8312040567398071,2255,1314,29727,595,0.9436723613938803,0.6318296441580274,0.7912280701754386,0.04233111046680197,0.9576688895331981
30322,YOR037W YGR181W,1.0,NA,0.831204354763031,2254,1314,29727,596,0.9436428550352601,0.6317264573991032,0.7908771929824562,0.04233111046680197,0.9576688895331981
30323,YDR173C YDR384C,0.0,NA,0.8314787745475769,2254,1313,29728,596,0.9436723613938803,0.6319035604149145,0.7908771929824562,0.04229889500982571,0.9577011049901742
30324,YPR024W YOL027C,1.0,NA,0.8315041661262512,2253,1313,29728,597,0.9436428550352601,0.6318003365114975,0.7905263157894736,0.04229889500982571,0.9577011049901742
30325,YIL062C YIL065C,1.0,NA,0.83167564868927,2252,1313,29728,598,0.9436133486766398,0.6316970546984573,0.7901754385964912,0.04229889500982571,0.9577011049901742
30326,YAR071W YJR126C,0.0,NA,0.8317587375640869,2252,1312,29729,598,0.9436428550352601,0.6318742985409652,0.7901754385964912,0.042266679552849455,0.9577333204471505
30327,YPR024W YPL098C,1.0,NA,0.8318292498588562,2251,1312,29729,599,0.9436133486766398,0.6317709795116475,0.7898245614035088,0.042266679552849455,0.9577333204471505
30328,YGL206C YBR223C,0.0,NA,0.8318747282028198,2251,1311,29730,599,0.9436428550352601,0.6319483436271758,0.7898245614035088,0.0422344640958732,0.9577655359041268
30329,YNL079C YMR211W,1.0,NA,0.8319915533065796,2250,1311,29730,600,0.9436133486766398,0.6318449873631002,0.7894736842105263,0.0422344640958732,0.9577655359041268
30330,YJL087C YJR147W,0.0,NA,0.832027018070221,2250,1310,29731,600,0.9436428550352601,0.6320224719101124,0.7894736842105263,0.04220224863889694,0.957797751361103
30331,YKL086W YDR528W,0.0,NA,0.832038164138794,2250,1309,29732,600,0.9436723613938803,0.6322000561955605,0.7894736842105263,0.04217003318192068,0.9578299668180793
30332,YFR031C-A YLR160C,0.0,NA,0.8320712447166443,2250,1308,29733,600,0.9437018677525006,0.6323777403035413,0.7894736842105263,0.042137817724944425,0.9578621822750556
30333,YLR085C YGL011C,0.0,NA,0.8322675228118896,2250,1307,29734,600,0.943731374111121,0.6325555243182457,0.7894736842105263,0.042105602267968174,0.9578943977320318
30334,YDR162C YKR063C,0.0,NA,0.8323413729667664,2250,1306,29735,600,0.9437608804697413,0.6327334083239595,0.7894736842105263,0.04207338681099192,0.9579266131890081
30335,YNL310C YDL006W,1.0,NA,0.8323588371276855,2249,1306,29735,601,0.943731374111121,0.6326300984528833,0.7891228070175439,0.04207338681099192,0.9579266131890081
30336,YGL055W YDL006W,1.0,NA,0.8324117660522461,2248,1306,29735,602,0.9437018677525006,0.6325267304445695,0.7887719298245615,0.04207338681099192,0.9579266131890081
30337,YBR284W YOL058W,0.0,NA,0.8324276208877563,2248,1305,29736,602,0.943731374111121,0.6327047565437658,0.7887719298245615,0.04204117135401566,0.9579588286459844
30338,YJL054W YNL070W,1.0,NA,0.8324646949768066,2247,1305,29736,603,0.9437018677525006,0.6326013513513513,0.7884210526315789,0.04204117135401566,0.9579588286459844
30339,YNL079C YLR368W,1.0,NA,0.8324768543243408,2246,1305,29736,604,0.9436723613938803,0.632497887918896,0.7880701754385965,0.04204117135401566,0.9579588286459844
30340,YOR326W YMR072W,1.0,NA,0.8326656818389893,2245,1305,29736,605,0.9436428550352601,0.6323943661971831,0.787719298245614,0.04204117135401566,0.9579588286459844
30341,YFL039C YMR134W,1.0,NA,0.8329322338104248,2244,1305,29736,606,0.9436133486766398,0.63229078613694,0.7873684210526316,0.04204117135401566,0.9579588286459844
30342,YNL068C YKR086W,0.0,NA,0.8332526683807373,2244,1304,29737,606,0.9436428550352601,0.6324689966178129,0.7873684210526316,0.0420089558970394,0.9579910441029607
30343,YDR150W YFL036W,1.0,NA,0.8333650827407837,2243,1304,29737,607,0.9436133486766398,0.6323653791936849,0.7870175438596492,0.0420089558970394,0.9579910441029607
30344,YMR072W YER154W,1.0,NA,0.8334769010543823,2242,1304,29737,608,0.9435838423180195,0.6322617033276932,0.7866666666666666,0.0420089558970394,0.9579910441029607
30345,YHR067W YPL154C,0.0,NA,0.8335484862327576,2242,1303,29738,608,0.9436133486766398,0.6324400564174895,0.7866666666666666,0.041976740440063144,0.9580232595599368
30346,YBR192W YML058W,1.0,NA,0.8335537910461426,2241,1303,29738,609,0.9435838423180195,0.6323363431151241,0.7863157894736842,0.041976740440063144,0.9580232595599368
30347,YFL033C YNL222W,0.0,NA,0.8336280584335327,2241,1302,29739,609,0.9436133486766398,0.632514817950889,0.7863157894736842,0.04194452498308689,0.9580554750169131
30348,YDL142C YNL066W,1.0,NA,0.8336310982704163,2240,1302,29739,610,0.9435838423180195,0.6324110671936759,0.7859649122807018,0.04194452498308689,0.9580554750169131
30349,YLL017W YOR327C,0.0,NA,0.833722710609436,2240,1301,29740,610,0.9436133486766398,0.632589663936741,0.7859649122807018,0.04191230952611063,0.9580876904738894
30350,YMR288W YDR084C,0.0,NA,0.8338266611099243,2240,1300,29741,610,0.9436428550352601,0.632768361581921,0.7859649122807018,0.04188009406913437,0.9581199059308656
30351,YJR065C YDL217C,1.0,NA,0.8339840769767761,2239,1300,29741,611,0.9436133486766398,0.6326645945182255,0.7856140350877193,0.04188009406913437,0.9581199059308656
30352,YOR267C YNR047W,0.0,NA,0.8340529799461365,2239,1299,29742,611,0.9436428550352601,0.6328434143583945,0.7856140350877193,0.041847878612158114,0.9581521213878419
30353,YCR020W-B YML078W,0.0,NA,0.8343512415885925,2239,1298,29743,611,0.9436723613938803,0.6330223353124117,0.7856140350877193,0.041815663155181856,0.9581843368448182
30354,YNR035C YHR083W,1.0,NA,0.834421694278717,2238,1298,29743,612,0.9436428550352601,0.6329185520361991,0.7852631578947369,0.041815663155181856,0.9581843368448182
30355,YOL076W YMR211W,1.0,NA,0.8345320224761963,2237,1298,29743,613,0.9436133486766398,0.6328147100424328,0.7849122807017543,0.041815663155181856,0.9581843368448182
30356,YPR108W YDL135C,0.0,NA,0.834653377532959,2237,1297,29744,613,0.9436428550352601,0.6329937747594794,0.7849122807017543,0.0417834476982056,0.9582165523017944
30357,YNL129W YLR260W,0.0,NA,0.8347044587135315,2237,1296,29745,613,0.9436723613938803,0.6331729408434758,0.7849122807017543,0.04175123224122934,0.9582487677587707
30358,YNL213C YPR125W,1.0,NA,0.8348150253295898,2236,1296,29745,614,0.9436428550352601,0.6330690826727067,0.7845614035087719,0.04175123224122934,0.9582487677587707
30359,YER102W YDL224C,0.0,NA,0.8348323106765747,2236,1295,29746,614,0.9436723613938803,0.6332483715661286,0.7845614035087719,0.041719016784253084,0.958280983215747
30360,YDR232W YDR091C,0.0,NA,0.8349242210388184,2236,1294,29747,614,0.9437018677525006,0.63342776203966,0.7845614035087719,0.041686801327276826,0.9583131986727231
30361,YOR107W YOR388C,0.0,NA,0.8355027437210083,2236,1293,29748,614,0.943731374111121,0.6336072541796542,0.7845614035087719,0.04165458587030057,0.9583454141296994
30362,YKL070W YPR023C,0.0,NA,0.8358681201934814,2236,1292,29749,614,0.9437608804697413,0.6337868480725624,0.7845614035087719,0.04162237041332431,0.9583776295866757
30363,YBL002W YPL120W,0.0,NA,0.8360878229141235,2236,1291,29750,614,0.9437903868283615,0.6339665438049333,0.7845614035087719,0.041590154956348054,0.9584098450436519
30364,YNL225C YOR261C,0.0,NA,0.8361296653747559,2236,1290,29751,614,0.9438198931869818,0.6341463414634146,0.7845614035087719,0.041557939499371796,0.9584420605006282
30365,YJL121C YKR089C,0.0,NA,0.8364229798316956,2236,1289,29752,614,0.9438493995456021,0.6343262411347518,0.7845614035087719,0.04152572404239554,0.9584742759576045
30366,YFL039C YDL006W,1.0,NA,0.836907148361206,2235,1289,29752,615,0.9438198931869818,0.6342224744608399,0.7842105263157895,0.04152572404239554,0.9584742759576045
30367,YGL115W YDR087C,0.0,NA,0.8369988203048706,2235,1288,29753,615,0.9438493995456021,0.6344024978711326,0.7842105263157895,0.04149350858541928,0.9585064914145807
30368,YNL074C YKL114C,0.0,NA,0.8371633887290955,2235,1287,29754,615,0.9438789059042224,0.6345826235093697,0.7842105263157895,0.04146129312844303,0.958538706871557
30369,YJR139C YBR010W,0.0,NA,0.8372520804405212,2235,1286,29755,615,0.9439084122628426,0.6347628514626527,0.7842105263157895,0.04142907767146677,0.9585709223285332
30370,YOR092W YGL040C,0.0,NA,0.8372961282730103,2235,1285,29756,615,0.9439379186214629,0.6349431818181818,0.7842105263157895,0.041396862214490515,0.9586031377855095
30371,YKR036C YKL053C-A,1.0,NA,0.8373208045959473,2234,1285,29756,616,0.9439084122628426,0.6348394430235862,0.783859649122807,0.041396862214490515,0.9586031377855095
30372,YJL063C YDL217C,1.0,NA,0.8373947739601135,2233,1285,29756,617,0.9438789059042224,0.6347356452529846,0.7835087719298246,0.041396862214490515,0.9586031377855095
30373,YCR024C-A YJL122W,0.0,NA,0.8375920057296753,2233,1284,29757,617,0.9439084122628426,0.6349161216946261,0.7835087719298246,0.04136464675751426,0.9586353532424857
30374,YJL063C YBR234C,1.0,NA,0.8376410007476807,2232,1284,29757,618,0.9438789059042224,0.6348122866894198,0.783157894736842,0.04136464675751426,0.9586353532424857
30375,YIL019W YEL034W,0.0,NA,0.837641716003418,2232,1283,29758,618,0.9439084122628426,0.6349928876244666,0.783157894736842,0.041332431300538,0.958667568699462
30376,YPR024W YHR194W,1.0,NA,0.8377076387405396,2231,1283,29758,619,0.9438789059042224,0.6348890153671031,0.7828070175438596,0.041332431300538,0.958667568699462
30377,YDR386W YLR210W,0.0,NA,0.8381604552268982,2231,1282,29759,619,0.9439084122628426,0.6350697409621406,0.7828070175438596,0.04130021584356174,0.9586997841564383
30378,YPL065W YEL024W,0.0,NA,0.8384260535240173,2231,1281,29760,619,0.9439379186214629,0.635250569476082,0.7828070175438596,0.041268000386585485,0.9587319996134145
30379,YDR345C YNL080C,0.0,NA,0.8385955691337585,2231,1280,29761,619,0.9439674249800832,0.635431500996867,0.7828070175438596,0.04123578492960923,0.9587642150703908
30380,YMR251W YML106W,0.0,NA,0.8387360572814941,2231,1279,29762,619,0.9439969313387034,0.6356125356125356,0.7828070175438596,0.04120356947263297,0.9587964305273671
30381,YHR120W YGL020C,1.0,NA,0.8387864828109741,2230,1279,29762,620,0.9439674249800832,0.6355086919350242,0.7824561403508772,0.04120356947263297,0.9587964305273671
30382,YBR179C YKR042W,1.0,NA,0.8387947082519531,2229,1279,29762,621,0.9439379186214629,0.6354047890535918,0.7821052631578947,0.04120356947263297,0.9587964305273671
30383,YPL098C YGR181W,1.0,NA,0.8388479948043823,2228,1279,29762,622,0.9439084122628426,0.6353008269175934,0.7817543859649123,0.04120356947263297,0.9587964305273671
30384,YLR291C YKL079W,0.0,NA,0.838877260684967,2228,1278,29763,622,0.9439379186214629,0.6354820308043354,0.7817543859649123,0.04117135401565671,0.9588286459843433
30385,YHR079C YDR373W,0.0,NA,0.8388957977294922,2228,1277,29764,622,0.9439674249800832,0.6356633380884451,0.7817543859649123,0.041139138558680455,0.9588608614413195
30386,YFL039C YLR304C,1.0,NA,0.8389061689376831,2227,1277,29764,623,0.9439379186214629,0.6355593607305936,0.7814035087719299,0.041139138558680455,0.9588608614413195
30387,YDL167C YGR222W,0.0,NA,0.8389663696289062,2227,1276,29765,623,0.9439674249800832,0.635740793605481,0.7814035087719299,0.0411069231017042,0.9588930768982958
30388,YMR302C YPR131C,1.0,NA,0.8389900326728821,2226,1276,29765,624,0.9439379186214629,0.6356367789834381,0.7810526315789473,0.0411069231017042,0.9588930768982958
30389,YCR028C-A YOR266W,1.0,NA,0.8389908671379089,2225,1276,29765,625,0.9439084122628426,0.6355327049414453,0.7807017543859649,0.0411069231017042,0.9588930768982958
30390,YJL128C YGL147C,0.0,NA,0.8393450379371643,2225,1275,29766,625,0.9439379186214629,0.6357142857142857,0.7807017543859649,0.04107470764472794,0.958925292355272
30391,YOR037W YMR072W,1.0,NA,0.8397798538208008,2224,1275,29766,626,0.9439084122628426,0.6356101743355245,0.7803508771929825,0.04107470764472794,0.958925292355272
30392,YEL065W YPR111W,0.0,NA,0.8398776650428772,2224,1274,29767,626,0.9439379186214629,0.6357918810748999,0.7803508771929825,0.04104249218775168,0.9589575078122483
30393,YDL142C YPR131C,1.0,NA,0.8399587869644165,2223,1274,29767,627,0.9439084122628426,0.6356877323420075,0.78,0.04104249218775168,0.9589575078122483
30394,YLL013C YBR234C,1.0,NA,0.8403115272521973,2222,1274,29767,628,0.9438789059042224,0.63558352402746,0.7796491228070176,0.04104249218775168,0.9589575078122483
30395,YIL051C YDR077W,1.0,NA,0.8404780626296997,2221,1274,29767,629,0.9438493995456021,0.6354792560801145,0.779298245614035,0.04104249218775168,0.9589575078122483
30396,YOR090C YKL127W,0.0,NA,0.8405057787895203,2221,1273,29768,629,0.9438789059042224,0.635661133371494,0.779298245614035,0.041010276730775425,0.9589897232692246
30397,YBR179C YER154W,1.0,NA,0.840819239616394,2220,1273,29768,630,0.9438493995456021,0.6355568279415975,0.7789473684210526,0.041010276730775425,0.9589897232692246
30398,YER114C YCR084C,0.0,NA,0.8412290215492249,2220,1272,29769,630,0.9438789059042224,0.6357388316151202,0.7789473684210526,0.04097806127379917,0.9590219387262008
30399,YDL188C YGL234W,0.0,NA,0.8415713906288147,2220,1271,29770,630,0.9439084122628426,0.6359209395588656,0.7789473684210526,0.04094584581682291,0.9590541541831771
30400,YOR326W YNL121C,1.0,NA,0.8418164253234863,2219,1271,29770,631,0.9438789059042224,0.6358166189111748,0.7785964912280702,0.04094584581682291,0.9590541541831771
30401,YJL063C YNL070W,1.0,NA,0.841848611831665,2218,1271,29770,632,0.9438493995456021,0.6357122384637431,0.7782456140350877,0.04094584581682291,0.9590541541831771
30402,YLR303W YKR003W,0.0,NA,0.8421528339385986,2218,1270,29771,632,0.9438789059042224,0.635894495412844,0.7782456140350877,0.04091363035984665,0.9590863696401534
30403,YPL098C YML058W,1.0,NA,0.8421656489372253,2217,1270,29771,633,0.9438493995456021,0.635790077430456,0.7778947368421053,0.04091363035984665,0.9590863696401534
30404,YHR143W YML001W,0.0,NA,0.842225968837738,2217,1269,29772,633,0.9438789059042224,0.6359724612736661,0.7778947368421053,0.040881414902870394,0.9591185850971296
30405,YML058W YIL065C,1.0,NA,0.842258632183075,2216,1269,29772,634,0.9438493995456021,0.6358680057388809,0.7775438596491228,0.040881414902870394,0.9591185850971296
30406,YPR125W YER154W,1.0,NA,0.842400848865509,2215,1269,29772,635,0.9438198931869818,0.6357634902411022,0.7771929824561403,0.040881414902870394,0.9591185850971296
30407,YKR034W YBL018C,0.0,NA,0.8424046039581299,2215,1268,29773,635,0.9438493995456021,0.6359460235429227,0.7771929824561403,0.04084919944589414,0.9591508005541058
30408,YLL031C YJR104C,0.0,NA,0.8424708843231201,2215,1267,29774,635,0.9438789059042224,0.6361286616886846,0.7771929824561403,0.040816983988917886,0.9591830160110821
30409,YDL017W YKR088C,0.0,NA,0.8426478505134583,2215,1266,29775,635,0.9439084122628426,0.6363114047687446,0.7771929824561403,0.04078476853194163,0.9592152314680584
30410,YGR047C YGL001C,0.0,NA,0.8426688313484192,2215,1265,29776,635,0.9439379186214629,0.6364942528735632,0.7771929824561403,0.04075255307496537,0.9592474469250346
30411,YOR315W YKR062W,0.0,NA,0.8427048921585083,2215,1264,29777,635,0.9439674249800832,0.636677206093705,0.7771929824561403,0.040720337617989114,0.9592796623820109
30412,YKR036C YKL013C,1.0,NA,0.842811644077301,2214,1264,29777,636,0.9439379186214629,0.6365727429557216,0.7768421052631579,0.040720337617989114,0.9592796623820109
30413,YOR037W YDR077W,1.0,NA,0.8429983854293823,2213,1264,29777,637,0.9439084122628426,0.636468219729652,0.7764912280701755,0.040720337617989114,0.9592796623820109
30414,YJL112W YNL310C,1.0,NA,0.8432196378707886,2212,1264,29777,638,0.9438789059042224,0.6363636363636364,0.776140350877193,0.040720337617989114,0.9592796623820109
30415,YGR163W YBR207W,0.0,NA,0.8433405160903931,2212,1263,29778,638,0.9439084122628426,0.636546762589928,0.776140350877193,0.040688122161012856,0.9593118778389872
30416,YAL026C YDR313C,0.0,NA,0.8434528708457947,2212,1262,29779,638,0.9439379186214629,0.6367299942429476,0.776140350877193,0.0406559067040366,0.9593440932959634
30417,YNL197C YML012W,0.0,NA,0.8436412811279297,2212,1261,29780,638,0.9439674249800832,0.6369133314137633,0.776140350877193,0.04062369124706034,0.9593763087529397
30418,YDR011W YJR013W,0.0,NA,0.8438075184822083,2212,1260,29781,638,0.9439969313387034,0.6370967741935484,0.776140350877193,0.04059147579008408,0.959408524209916
30419,YIR006C YFR036W,0.0,NA,0.8438459038734436,2212,1259,29782,638,0.9440264376973238,0.6372803226735811,0.776140350877193,0.040559260333107826,0.9594407396668921
30420,YNL026W YNL070W,1.0,NA,0.843987762928009,2211,1259,29782,639,0.9439969313387034,0.6371757925072046,0.7757894736842105,0.040559260333107826,0.9594407396668921
30421,YCL009C YGR010W,0.0,NA,0.8441252112388611,2211,1258,29783,639,0.9440264376973238,0.6373594695877774,0.7757894736842105,0.04052704487613157,0.9594729551238684
30422,YKR036C YLR368W,1.0,NA,0.8442253470420837,2210,1258,29783,640,0.9439969313387034,0.6372549019607843,0.775438596491228,0.04052704487613157,0.9594729551238684
30423,YJL054W YJL063C,1.0,NA,0.8443500995635986,2209,1258,29783,641,0.9439674249800832,0.6371502740121142,0.7750877192982456,0.04052704487613157,0.9594729551238684
30424,YNL213C YMR241W,1.0,NA,0.8443991541862488,2208,1258,29783,642,0.9439379186214629,0.6370455856895557,0.7747368421052632,0.04052704487613157,0.9594729551238684
30425,YPL098C YDL006W,1.0,NA,0.8444033861160278,2207,1258,29783,643,0.9439084122628426,0.6369408369408369,0.7743859649122807,0.04052704487613157,0.9594729551238684
30426,YDR296W YBR234C,1.0,NA,0.8444402813911438,2206,1258,29783,644,0.9438789059042224,0.6368360277136259,0.7740350877192983,0.04052704487613157,0.9594729551238684
30427,YER078C YDR287W,0.0,NA,0.8444597125053406,2206,1257,29784,644,0.9439084122628426,0.6370199249205891,0.7740350877192983,0.04049482941915531,0.9595051705808447
30428,YGR063C YLR043C,0.0,NA,0.8451303243637085,2206,1256,29785,644,0.9439379186214629,0.6372039283651069,0.7740350877192983,0.04046261396217905,0.9595373860378209
30429,YDR296W YOR330C,1.0,NA,0.8458571434020996,2205,1256,29785,645,0.9439084122628426,0.6370991043051142,0.7736842105263158,0.04046261396217905,0.9595373860378209
30430,YMR060C YDL217C,1.0,NA,0.8459636569023132,2204,1256,29785,646,0.9438789059042224,0.6369942196531792,0.7733333333333333,0.04046261396217905,0.9595373860378209
30431,YDL142C YPR083W,1.0,NA,0.846024751663208,2203,1256,29785,647,0.9438493995456021,0.6368892743567505,0.7729824561403509,0.04046261396217905,0.9595373860378209
30432,YNL079C YNL310C,1.0,NA,0.8462988138198853,2202,1256,29785,648,0.9438198931869818,0.6367842683632158,0.7726315789473684,0.04046261396217905,0.9595373860378209
30433,YKL053C-A YPR131C,1.0,NA,0.8464099168777466,2201,1256,29785,649,0.9437903868283615,0.6366792016199017,0.772280701754386,0.04046261396217905,0.9595373860378209
30434,YDR501W YOR010C,0.0,NA,0.8464766144752502,2201,1255,29786,649,0.9438198931869818,0.6368634259259259,0.772280701754386,0.040430398505202796,0.9595696014947972
30435,YOL076W YOR330C,1.0,NA,0.8467064499855042,2200,1255,29786,650,0.9437903868283615,0.6367583212735166,0.7719298245614035,0.040430398505202796,0.9595696014947972
30436,YKL025C YHR023W,0.0,NA,0.8467280268669128,2200,1254,29787,650,0.9438198931869818,0.6369426751592356,0.7719298245614035,0.04039818304822654,0.9596018169517735
30437,YDR232W YPL266W,0.0,NA,0.8467523455619812,2200,1253,29788,650,0.9438493995456021,0.6371271358239212,0.7719298245614035,0.04036596759125028,0.9596340324087497
30438,YGL020C YMR211W,1.0,NA,0.8467873930931091,2199,1253,29788,651,0.9438198931869818,0.6370220162224797,0.771578947368421,0.04036596759125028,0.9596340324087497
30439,YPL029W YKL080W,0.0,NA,0.8468149304389954,2199,1252,29789,651,0.9438493995456021,0.6372066067806433,0.771578947368421,0.04033375213427402,0.959666247865726
30440,YGL055W YIL065C,1.0,NA,0.8468456864356995,2198,1252,29789,652,0.9438198931869818,0.6371014492753623,0.7712280701754386,0.04033375213427402,0.959666247865726
30441,YNL213C YOL076W,1.0,NA,0.8469003438949585,2197,1252,29789,653,0.9437903868283615,0.6369962307915338,0.7708771929824562,0.04033375213427402,0.959666247865726
30442,YIL023C YHL020C,0.0,NA,0.8469361066818237,2197,1251,29790,653,0.9438198931869818,0.6371809744779582,0.7708771929824562,0.040301536677297765,0.9596984633227023
30443,YBR212W YPR125W,1.0,NA,0.8470205068588257,2196,1251,29790,654,0.9437903868283615,0.6370757180156658,0.7705263157894737,0.040301536677297765,0.9596984633227023
30444,YGL175C YBR238C,0.0,NA,0.8470765352249146,2196,1250,29791,654,0.9438198931869818,0.6372605919907138,0.7705263157894737,0.04026932122032151,0.9597306787796784
30445,YMR100W YKL192C,0.0,NA,0.8471384644508362,2196,1249,29792,654,0.9438493995456021,0.6374455732946299,0.7705263157894737,0.04023710576334525,0.9597628942366547
30446,YBR192W YLR368W,1.0,NA,0.8472430109977722,2195,1249,29792,655,0.9438198931869818,0.6373403019744484,0.7701754385964912,0.04023710576334525,0.9597628942366547
30447,YHR041C YBR112C,0.0,NA,0.8474685549736023,2195,1248,29793,655,0.9438493995456021,0.6375254138832414,0.7701754385964912,0.04020489030636899,0.959795109693631
30448,YML058W YGR181W,1.0,NA,0.8474829792976379,2194,1248,29793,656,0.9438198931869818,0.6374201045903545,0.7698245614035087,0.04020489030636899,0.959795109693631
30449,YOR226C YOR074C,0.0,NA,0.8475503921508789,2194,1247,29794,656,0.9438493995456021,0.6376053472827666,0.7698245614035087,0.040172674849392735,0.9598273251506073
30450,YMR012W YOR330C,1.0,NA,0.8477082252502441,2193,1247,29794,657,0.9438198931869818,0.6375,0.7694736842105263,0.040172674849392735,0.9598273251506073
30451,YFL039C YER154W,1.0,NA,0.8478525280952454,2192,1247,29794,658,0.9437903868283615,0.6373945914510032,0.7691228070175439,0.040172674849392735,0.9598273251506073
30452,YGR042W YJR010W,0.0,NA,0.8478675484657288,2192,1246,29795,658,0.9438198931869818,0.6375799883653287,0.7691228070175439,0.040140459392416485,0.9598595406075835
30453,YDL006W YGR101W,1.0,NA,0.8480249643325806,2191,1246,29795,659,0.9437903868283615,0.6374745417515275,0.7687719298245614,0.040140459392416485,0.9598595406075835
30454,YJR065C YKR042W,1.0,NA,0.8480530977249146,2190,1246,29795,660,0.9437608804697413,0.6373690337601863,0.7684210526315789,0.040140459392416485,0.9598595406075835
30455,YNL070W YML058W,1.0,NA,0.848143458366394,2189,1246,29795,661,0.943731374111121,0.6372634643377001,0.7680701754385965,0.040140459392416485,0.9598595406075835
30456,YLR438C-A YFL037W,0.0,NA,0.8483514189720154,2189,1245,29796,661,0.9437608804697413,0.6374490390215493,0.7680701754385965,0.04010824393544023,0.9598917560645598
30457,YGL219C YOR266W,1.0,NA,0.8485673069953918,2188,1245,29796,662,0.943731374111121,0.6373434314011069,0.767719298245614,0.04010824393544023,0.9598917560645598
30458,YPR073C YIL096C,0.0,NA,0.8486436009407043,2188,1244,29797,662,0.9437608804697413,0.6375291375291375,0.767719298245614,0.04007602847846397,0.9599239715215361
30459,YHR194W YMR134W,1.0,NA,0.8486922383308411,2187,1244,29797,663,0.943731374111121,0.6374234916933839,0.7673684210526316,0.04007602847846397,0.9599239715215361
30460,YMR314W YPL174C,0.0,NA,0.8488255143165588,2187,1243,29798,663,0.9437608804697413,0.6376093294460642,0.7673684210526316,0.04004381302148771,0.9599561869785123
30461,YGL037C YOR302W,0.0,NA,0.8488662242889404,2187,1242,29799,663,0.9437903868283615,0.6377952755905512,0.7673684210526316,0.040011597564511454,0.9599884024354886
30462,YGL097W YDR461W,0.0,NA,0.849180281162262,2187,1241,29800,663,0.9438198931869818,0.6379813302217037,0.7673684210526316,0.0399793821075352,0.9600206178924648
30463,YKR042W YDL217C,1.0,NA,0.8493449687957764,2186,1241,29800,664,0.9437903868283615,0.6378756930259702,0.7670175438596492,0.0399793821075352,0.9600206178924648
30464,YOR037W YMR134W,1.0,NA,0.8496512770652771,2185,1241,29800,665,0.9437608804697413,0.6377699941622884,0.7666666666666667,0.0399793821075352,0.9600206178924648
30465,YOR208W YBR202W,0.0,NA,0.8497112989425659,2185,1240,29801,665,0.9437903868283615,0.637956204379562,0.7666666666666667,0.03994716665055894,0.960052833349441
30466,YLR304C YPR131C,1.0,NA,0.8497388362884521,2184,1240,29801,666,0.9437608804697413,0.6378504672897196,0.7663157894736842,0.03994716665055894,0.960052833349441
30467,YOR326W YPR125W,1.0,NA,0.8498114943504333,2183,1240,29801,667,0.943731374111121,0.637744668419515,0.7659649122807017,0.03994716665055894,0.960052833349441
30468,YOR326W YML058W,1.0,NA,0.8498854041099548,2182,1240,29801,668,0.9437018677525006,0.6376388077147866,0.7656140350877193,0.03994716665055894,0.960052833349441
30469,YOR140W YNR059W,0.0,NA,0.8499304056167603,2182,1239,29802,668,0.943731374111121,0.6378251973107278,0.7656140350877193,0.03991495119358268,0.9600850488064173
30470,YML058W YFL036W,1.0,NA,0.8499562740325928,2181,1239,29802,669,0.9437018677525006,0.637719298245614,0.7652631578947369,0.03991495119358268,0.9600850488064173
30471,YCR028C-A YBR091C,1.0,NA,0.8499646782875061,2180,1239,29802,670,0.9436723613938803,0.6376133372331091,0.7649122807017544,0.03991495119358268,0.9600850488064173
30472,YHR025W YGL151W,0.0,NA,0.850043535232544,2180,1238,29803,670,0.9437018677525006,0.6377998829724986,0.7649122807017544,0.039882735736606424,0.9601172642633936
30473,YNL167C YJL030W,0.0,NA,0.8501684069633484,2180,1237,29804,670,0.943731374111121,0.6379865378987416,0.7649122807017544,0.03985052027963017,0.9601494797203698
30474,YLR355C YLL013C,1.0,NA,0.8502313494682312,2179,1237,29804,671,0.9437018677525006,0.6378805620608899,0.7645614035087719,0.03985052027963017,0.9601494797203698
30475,YJL054W YPR125W,1.0,NA,0.8502449989318848,2178,1237,29804,672,0.9436723613938803,0.637774524158126,0.7642105263157895,0.03985052027963017,0.9601494797203698
30476,YPL008W YPL163C,0.0,NA,0.850703775882721,2178,1236,29805,672,0.9437018677525006,0.6379613356766256,0.7642105263157895,0.03981830482265391,0.9601816951773461
30477,YLR071C YDR245W,0.0,NA,0.8507432341575623,2178,1235,29806,672,0.943731374111121,0.63814825666569,0.7642105263157895,0.03978608936567765,0.9602139106343224
30478,YBR212W YMR241W,1.0,NA,0.8508721590042114,2177,1235,29806,673,0.9437018677525006,0.638042203985932,0.763859649122807,0.03978608936567765,0.9602139106343224
30479,YOL038W YDR009W,0.0,NA,0.8509244322776794,2177,1234,29807,673,0.943731374111121,0.6382292582820287,0.763859649122807,0.039753873908701394,0.9602461260912986
30480,YLR028C YMR276W,0.0,NA,0.8509278893470764,2177,1233,29808,673,0.9437608804697413,0.63841642228739,0.763859649122807,0.039721658451725136,0.9602783415482748
30481,YOL027C YDL217C,1.0,NA,0.8509321212768555,2176,1233,29808,674,0.943731374111121,0.6383103549427984,0.7635087719298246,0.039721658451725136,0.9602783415482748
30482,YGL048C YOL089C,0.0,NA,0.8510316014289856,2176,1232,29809,674,0.9437608804697413,0.6384976525821596,0.7635087719298246,0.03968944299474888,0.9603105570052511
30483,YDR406W YDL161W,0.0,NA,0.8513859510421753,2176,1231,29810,674,0.9437903868283615,0.6386850601702377,0.7635087719298246,0.03965722753777262,0.9603427724622273
30484,YJR120W YNL213C,1.0,NA,0.8514817953109741,2175,1231,29810,675,0.9437608804697413,0.6385789782736347,0.7631578947368421,0.03965722753777262,0.9603427724622273
30485,YOR037W YNL213C,1.0,NA,0.8516078591346741,2174,1231,29810,676,0.943731374111121,0.6384728340675477,0.7628070175438596,0.03965722753777262,0.9603427724622273
30486,YML058W YDR219C,1.0,NA,0.8517194390296936,2173,1231,29810,677,0.9437018677525006,0.6383666274970623,0.7624561403508772,0.03965722753777262,0.9603427724622273
30487,YGR009C YMR313C,0.0,NA,0.8518276810646057,2173,1230,29811,677,0.943731374111121,0.6385542168674698,0.7624561403508772,0.039625012080796364,0.9603749879192036
30488,YLR026C YGR104C,0.0,NA,0.8518309593200684,2173,1229,29812,677,0.9437608804697413,0.6387419165196943,0.7624561403508772,0.039592796623820106,0.9604072033761799
30489,YIL062C YDL217C,1.0,NA,0.8519322276115417,2172,1229,29812,678,0.943731374111121,0.6386356953837107,0.7621052631578947,0.039592796623820106,0.9604072033761799
30490,YNL121C YKL013C,1.0,NA,0.8520199060440063,2171,1229,29812,679,0.9437018677525006,0.6385294117647059,0.7617543859649123,0.039592796623820106,0.9604072033761799
30491,YPL258C YDR166C,0.0,NA,0.8522893190383911,2171,1228,29813,679,0.943731374111121,0.6387172697852309,0.7617543859649123,0.03956058116684385,0.9604394188331562
30492,YMR079W YBL061C,0.0,NA,0.8524476289749146,2171,1227,29814,679,0.9437608804697413,0.638905238375515,0.7617543859649123,0.03952836570986759,0.9604716342901324
30493,YOL086C YNL272C,0.0,NA,0.8526111245155334,2171,1226,29815,679,0.9437903868283615,0.6390933176332058,0.7617543859649123,0.03949615025289134,0.9605038497471087
30494,YOR002W YKL165C,0.0,NA,0.8526729941368103,2171,1225,29816,679,0.9438198931869818,0.639281507656066,0.7617543859649123,0.03946393479591508,0.960536065204085
30495,YMR134W YIL051C,1.0,NA,0.852743923664093,2170,1225,29816,680,0.9437903868283615,0.6391752577319587,0.7614035087719299,0.03946393479591508,0.960536065204085
30496,YNL070W YLL013C,1.0,NA,0.8528605699539185,2169,1225,29816,681,0.9437608804697413,0.6390689451974072,0.7610526315789473,0.03946393479591508,0.960536065204085
30497,YER125W YOR367W,0.0,NA,0.8528704047203064,2169,1224,29817,681,0.9437903868283615,0.6392572944297082,0.7610526315789473,0.039431719338938825,0.9605682806610611
30498,YFL039C YJR135W-A,1.0,NA,0.8531771302223206,2168,1224,29817,682,0.9437608804697413,0.6391509433962265,0.7607017543859649,0.039431719338938825,0.9605682806610611
30499,YNL163C YOR302W,0.0,NA,0.853182852268219,2168,1223,29818,682,0.9437903868283615,0.6393394278973754,0.7607017543859649,0.03939950388196257,0.9606004961180374
30500,YER048W-A YPR021C,0.0,NA,0.8532535433769226,2168,1222,29819,682,0.9438198931869818,0.6395280235988201,0.7607017543859649,0.03936728842498631,0.9606327115750137
30501,YOR005C YGL244W,0.0,NA,0.8533050417900085,2168,1221,29820,682,0.9438493995456021,0.6397167305989968,0.7607017543859649,0.03933507296801005,0.9606649270319899
30502,YHR216W YLR262C,0.0,NA,0.8533581495285034,2168,1220,29821,682,0.9438789059042224,0.6399055489964581,0.7607017543859649,0.039302857511033795,0.9606971424889662
30503,YLR368W YMR134W,1.0,NA,0.853386640548706,2167,1220,29821,683,0.9438493995456021,0.6397992323590198,0.7603508771929824,0.039302857511033795,0.9606971424889662
30504,YBR164C YMR256C,0.0,NA,0.8534166812896729,2167,1219,29822,683,0.9438789059042224,0.6399881866509155,0.7603508771929824,0.03927064205405754,0.9607293579459425
30505,YDR150W YIL051C,1.0,NA,0.8536506295204163,2166,1219,29822,684,0.9438493995456021,0.6398818316100443,0.76,0.03927064205405754,0.9607293579459425
30506,YNR035C YOR266W,1.0,NA,0.8540253639221191,2165,1219,29822,685,0.9438198931869818,0.639775413711584,0.7596491228070176,0.03927064205405754,0.9607293579459425
30507,YJR065C YPR024W,1.0,NA,0.8541601896286011,2164,1219,29822,686,0.9437903868283615,0.6396689328997931,0.7592982456140351,0.03927064205405754,0.9607293579459425
30508,YML007W YLR254C,0.0,NA,0.8544666171073914,2164,1218,29823,686,0.9438198931869818,0.6398580721466588,0.7592982456140351,0.03923842659708128,0.9607615734029187
30509,YIL051C YDL006W,1.0,NA,0.85456383228302,2163,1218,29823,687,0.9437903868283615,0.639751552795031,0.7589473684210526,0.03923842659708128,0.9607615734029187
30510,YNL079C YBR179C,1.0,NA,0.8545794486999512,2162,1218,29823,688,0.9437608804697413,0.6396449704142012,0.7585964912280702,0.03923842659708128,0.9607615734029187
30511,YNL189W YML049C,0.0,NA,0.8548902273178101,2162,1217,29824,688,0.9437903868283615,0.639834270494229,0.7585964912280702,0.03920621114010502,0.960793788859895
30512,YPR125W YDL217C,1.0,NA,0.8549016714096069,2161,1217,29824,689,0.9437608804697413,0.6397276494967437,0.7582456140350877,0.03920621114010502,0.960793788859895
30513,YDL217C YMR012W,1.0,NA,0.8549528121948242,2160,1217,29824,690,0.943731374111121,0.6396209653538644,0.7578947368421053,0.03920621114010502,0.960793788859895
30514,YNL074C YBR164C,0.0,NA,0.8551263213157654,2160,1216,29825,690,0.9437608804697413,0.6398104265402843,0.7578947368421053,0.039173995683128765,0.9608260043168713
30515,YPR185W YER124C,0.0,NA,0.8553210496902466,2160,1215,29826,690,0.9437903868283615,0.64,0.7578947368421053,0.03914178022615251,0.9608582197738474
30516,YJL054W YOL060C,1.0,NA,0.8554109334945679,2159,1215,29826,691,0.9437608804697413,0.6398933017190278,0.7575438596491229,0.03914178022615251,0.9608582197738474
30517,YLR368W YBR091C,1.0,NA,0.8556481003761292,2158,1215,29826,692,0.943731374111121,0.6397865401719538,0.7571929824561403,0.03914178022615251,0.9608582197738474
30518,YMR302C YIL065C,1.0,NA,0.8558211326599121,2157,1215,29826,693,0.9437018677525006,0.6396797153024911,0.7568421052631579,0.03914178022615251,0.9608582197738474
30519,YJR065C YPR131C,1.0,NA,0.8558307886123657,2156,1215,29826,694,0.9436723613938803,0.6395728270542865,0.7564912280701754,0.03914178022615251,0.9608582197738474
30520,YOR266W YOR211C,1.0,NA,0.8558422327041626,2155,1215,29826,695,0.9436428550352601,0.6394658753709199,0.756140350877193,0.03914178022615251,0.9608582197738474
30521,YGL114W YDR039C,0.0,NA,0.8559232950210571,2155,1214,29827,695,0.9436723613938803,0.6396556841792816,0.756140350877193,0.03910956476917625,0.9608904352308237
30522,YLL006W YBR091C,1.0,NA,0.8559249639511108,2154,1214,29827,696,0.9436428550352601,0.6395486935866983,0.7557894736842106,0.03910956476917625,0.9608904352308237
30523,YGL114W YLR305C,0.0,NA,0.8560485243797302,2154,1213,29828,696,0.9436723613938803,0.6397386397386398,0.7557894736842106,0.03907734931219999,0.9609226506878
30524,YML052W YML065W,0.0,NA,0.8560912609100342,2154,1212,29829,696,0.9437018677525006,0.6399286987522281,0.7557894736842106,0.039045133855223735,0.9609548661447762
30525,YBL101C YOR061W,0.0,NA,0.8562182188034058,2154,1211,29830,696,0.943731374111121,0.6401188707280832,0.7557894736842106,0.03901291839824748,0.9609870816017525
30526,YOL095C YMR134W,1.0,NA,0.8562362194061279,2153,1211,29830,697,0.9437018677525006,0.6400118906064209,0.755438596491228,0.03901291839824748,0.9609870816017525
30527,YDR135C YIL050W,0.0,NA,0.8562828302383423,2153,1210,29831,697,0.943731374111121,0.6402022004162949,0.755438596491228,0.03898070294127122,0.9610192970587288
30528,YGL197W YOR257W,0.0,NA,0.8563158512115479,2153,1209,29832,697,0.9437608804697413,0.6403926234384295,0.755438596491228,0.03894848748429496,0.9610515125157051
30529,YJL063C YGL020C,1.0,NA,0.8564093112945557,2152,1209,29832,698,0.943731374111121,0.640285629277001,0.7550877192982456,0.03894848748429496,0.9610515125157051
30530,YLL046C YEL061C,0.0,NA,0.856515109539032,2152,1208,29833,698,0.9437608804697413,0.6404761904761904,0.7550877192982456,0.038916272027318705,0.9610837279726813
30531,YJL054W YPR024W,1.0,NA,0.8565509915351868,2151,1208,29833,699,0.943731374111121,0.6403691574873475,0.7547368421052632,0.038916272027318705,0.9610837279726813
30532,YNL313C YDL161W,0.0,NA,0.8565638065338135,2151,1207,29834,699,0.9437608804697413,0.6405598570577725,0.7547368421052632,0.03888405657034245,0.9611159434296576
30533,YGR252W YDR177W,0.0,NA,0.8565727472305298,2151,1206,29835,699,0.9437903868283615,0.6407506702412868,0.7547368421052632,0.038851841113366196,0.9611481588866339
30534,YKL184W YJR033C,0.0,NA,0.856615424156189,2151,1205,29836,699,0.9438198931869818,0.6409415971394518,0.7547368421052632,0.03881962565638994,0.96118037434361
30535,YER024W YMR039C,0.0,NA,0.8566581010818481,2151,1204,29837,699,0.9438493995456021,0.6411326378539494,0.7547368421052632,0.03878741019941368,0.9612125898005863
30536,YLR310C YPL178W,0.0,NA,0.856695294380188,2151,1203,29838,699,0.9438789059042224,0.6413237924865832,0.7547368421052632,0.038755194742437424,0.9612448052575626
30537,YML031W YDR404C,0.0,NA,0.8570494651794434,2151,1202,29839,699,0.9439084122628426,0.6415150611392783,0.7547368421052632,0.038722979285461166,0.9612770207145388
30538,YPL113C YNL322C,0.0,NA,0.8570954203605652,2151,1201,29840,699,0.9439379186214629,0.6417064439140812,0.7547368421052632,0.03869076382848491,0.9613092361715151
30539,YKL060C YBR231C,0.0,NA,0.8573960065841675,2151,1200,29841,699,0.9439674249800832,0.6418979409131602,0.7547368421052632,0.03865854837150865,0.9613414516284914
30540,YLR426W YDR400W,0.0,NA,0.8574169278144836,2151,1199,29842,699,0.9439969313387034,0.6420895522388059,0.7547368421052632,0.038626332914532394,0.9613736670854676
30541,YLR370C YOL027C,1.0,NA,0.8575044274330139,2150,1199,29842,700,0.9439674249800832,0.6419826813974321,0.7543859649122807,0.038626332914532394,0.9613736670854676
30542,YKR036C YPR131C,1.0,NA,0.8575197458267212,2149,1199,29842,701,0.9439379186214629,0.6418757467144564,0.7540350877192983,0.038626332914532394,0.9613736670854676
30543,YOL069W YIL036W,0.0,NA,0.8577886819839478,2149,1198,29843,701,0.9439674249800832,0.6420675231550642,0.7540350877192983,0.038594117457556136,0.9614058825424439
30544,YMR121C YDR191W,0.0,NA,0.8578035235404968,2149,1197,29844,701,0.9439969313387034,0.6422594142259415,0.7540350877192983,0.03856190200057988,0.9614380979994201
30545,YNL213C YDR077W,1.0,NA,0.8579156398773193,2148,1197,29844,702,0.9439674249800832,0.6421524663677131,0.7536842105263157,0.03856190200057988,0.9614380979994201
30546,YOR016C YJL210W,0.0,NA,0.8581953644752502,2148,1196,29845,702,0.9439969313387034,0.6423444976076556,0.7536842105263157,0.03852968654360362,0.9614703134563963
30547,YOL149W YMR223W,0.0,NA,0.8582366108894348,2148,1195,29846,702,0.9440264376973238,0.6425366437331738,0.7536842105263157,0.03849747108662736,0.9615025289133726
30548,YML091C YBR091C,1.0,NA,0.8583118915557861,2147,1195,29846,703,0.9439969313387034,0.6424296828246558,0.7533333333333333,0.03849747108662736,0.9615025289133726
30549,YLR304C YOL027C,1.0,NA,0.8583517074584961,2146,1195,29846,704,0.9439674249800832,0.6423226578868603,0.7529824561403509,0.03849747108662736,0.9615025289133726
30550,YDL006W YDL217C,1.0,NA,0.8584298491477966,2145,1195,29846,705,0.9439379186214629,0.6422155688622755,0.7526315789473684,0.03849747108662736,0.9615025289133726
30551,YNL026W YKR036C,1.0,NA,0.8587133884429932,2144,1195,29846,706,0.9439084122628426,0.6421084156933213,0.752280701754386,0.03849747108662736,0.9615025289133726
30552,YEL064C YGL198W,0.0,NA,0.858760416507721,2144,1194,29847,706,0.9439379186214629,0.6423007789095266,0.752280701754386,0.038465255629651106,0.9615347443703489
30553,YEL029C YLR188W,0.0,NA,0.8588695526123047,2144,1193,29848,706,0.9439674249800832,0.6424932574168415,0.752280701754386,0.03843304017267485,0.9615669598273251
30554,YFR031C-A YNL032W,0.0,NA,0.8588781356811523,2144,1192,29849,706,0.9439969313387034,0.6426858513189448,0.752280701754386,0.03840082471569859,0.9615991752843014
30555,YPR024W YPR125W,1.0,NA,0.8590546250343323,2143,1192,29849,707,0.9439674249800832,0.6425787106446776,0.7519298245614036,0.03840082471569859,0.9615991752843014
30556,YNL128W YCR042C,0.0,NA,0.8592440485954285,2143,1191,29850,707,0.9439969313387034,0.6427714457108579,0.7519298245614036,0.03836860925872233,0.9616313907412777
30557,YBL009W YFL031W,0.0,NA,0.8593972325325012,2143,1190,29851,707,0.9440264376973238,0.6429642964296429,0.7519298245614036,0.038336393801746076,0.961663606198254
30558,YOL011W YNL263C,0.0,NA,0.8594210147857666,2143,1189,29852,707,0.9440559440559441,0.6431572629051621,0.7519298245614036,0.03830417834476982,0.9616958216552302
30559,YNL072W YOR354C,0.0,NA,0.8594961762428284,2143,1188,29853,707,0.9440854504145644,0.6433503452416691,0.7519298245614036,0.03827196288779356,0.9617280371122064
30560,YJR120W YPL098C,1.0,NA,0.8595555424690247,2142,1188,29853,708,0.9440559440559441,0.6432432432432432,0.751578947368421,0.03827196288779356,0.9617280371122064
30561,YDR440W YHL020C,0.0,NA,0.8597608804702759,2142,1187,29854,708,0.9440854504145644,0.6434364674076299,0.751578947368421,0.0382397474308173,0.9617602525691827
30562,YAR014C YMR045C,0.0,NA,0.8600102663040161,2142,1186,29855,708,0.9441149567731846,0.6436298076923077,0.751578947368421,0.03820753197384105,0.9617924680261589
30563,YHR194W YJL112W,1.0,NA,0.8603659868240356,2141,1186,29855,709,0.9440854504145644,0.6435226931169221,0.7512280701754386,0.03820753197384105,0.9617924680261589
30564,YGR296W YOR143C,0.0,NA,0.8603867888450623,2141,1185,29856,709,0.9441149567731846,0.6437161755862898,0.7512280701754386,0.038175316516864795,0.9618246834831352
30565,YJR120W YDR219C,1.0,NA,0.8604233264923096,2140,1185,29856,710,0.9440854504145644,0.643609022556391,0.7508771929824561,0.038175316516864795,0.9618246834831352
30566,YJL176C YPR052C,0.0,NA,0.8604534268379211,2140,1184,29857,710,0.9441149567731846,0.6438026474127557,0.7508771929824561,0.03814310105988854,0.9618568989401115
30567,YKL045W YMR177W,0.0,NA,0.8605427145957947,2140,1183,29858,710,0.9441444631318049,0.6439963888052964,0.7508771929824561,0.03811088560291228,0.9618891143970877
30568,YKL013C YER154W,1.0,NA,0.8606597781181335,2139,1183,29858,711,0.9441149567731846,0.643889223359422,0.7505263157894737,0.03811088560291228,0.9618891143970877
30569,YCR082W YNL209W,0.0,NA,0.860673189163208,2139,1182,29859,711,0.9441444631318049,0.6440831074977417,0.7505263157894737,0.03807867014593602,0.961921329854064
30570,YLR220W YER133W,0.0,NA,0.8607221841812134,2139,1181,29860,711,0.9441739694904252,0.644277108433735,0.7505263157894737,0.038046454688959765,0.9619535453110403
30571,YDL143W YOL115W,0.0,NA,0.8611249923706055,2139,1180,29861,711,0.9442034758490455,0.6444712262729738,0.7505263157894737,0.03801423923198351,0.9619857607680165
30572,YLL013C YNL310C,1.0,NA,0.8612747192382812,2138,1180,29861,712,0.9441739694904252,0.6443640747438216,0.7501754385964913,0.03801423923198351,0.9619857607680165
30573,YPL031C YBL001C,0.0,NA,0.8614348769187927,2138,1179,29862,712,0.9442034758490455,0.6445583358456437,0.7501754385964913,0.03798202377500725,0.9620179762249927
30574,YIL051C YOL027C,1.0,NA,0.861668050289154,2137,1179,29862,713,0.9441739694904252,0.6444511459589868,0.7498245614035087,0.03798202377500725,0.9620179762249927
30575,YOR037W YGL020C,1.0,NA,0.8619774580001831,2136,1179,29862,714,0.9441444631318049,0.644343891402715,0.7494736842105263,0.03798202377500725,0.9620179762249927
30576,YOR219C YHR053C,0.0,NA,0.8620049357414246,2136,1178,29863,714,0.9441739694904252,0.6445383222691611,0.7494736842105263,0.03794980831803099,0.962050191681969
30577,YDL083C YER168C,0.0,NA,0.8622485399246216,2136,1177,29864,714,0.9442034758490455,0.6447328705101116,0.7494736842105263,0.037917592861054734,0.9620824071389452
30578,YLL006W YNL066W,1.0,NA,0.8622671961784363,2135,1177,29864,715,0.9441739694904252,0.6446256038647343,0.7491228070175439,0.037917592861054734,0.9620824071389452
30579,YDR531W YOL040C,0.0,NA,0.8623999357223511,2135,1176,29865,715,0.9442034758490455,0.6448202959830867,0.7491228070175439,0.03788537740407848,0.9621146225959215
30580,YDL103C YOL093W,0.0,NA,0.8624525666236877,2135,1175,29866,715,0.9442329822076657,0.6450151057401813,0.7491228070175439,0.03785316194710222,0.9621468380528978
30581,YDR059C YER167W,0.0,NA,0.8625600934028625,2135,1174,29867,715,0.944262488566286,0.6452100332426715,0.7491228070175439,0.03782094649012596,0.962179053509874
30582,YDL142C YOR330C,1.0,NA,0.8628652691841125,2134,1174,29867,716,0.9442329822076657,0.6451027811366384,0.7487719298245614,0.03782094649012596,0.962179053509874
30583,YLR355C YPR083W,1.0,NA,0.8628795742988586,2133,1174,29867,717,0.9442034758490455,0.6449954641669187,0.748421052631579,0.03782094649012596,0.962179053509874
30584,YBR192W YGL020C,1.0,NA,0.8629443645477295,2132,1174,29867,718,0.9441739694904252,0.6448880822746521,0.7480701754385964,0.03782094649012596,0.962179053509874
30585,YGL055W YGR101W,1.0,NA,0.8630966544151306,2131,1174,29867,719,0.9441444631318049,0.6447806354009077,0.747719298245614,0.03782094649012596,0.962179053509874
30586,YNL079C YLR304C,1.0,NA,0.8632434606552124,2130,1174,29867,720,0.9441149567731846,0.6446731234866828,0.7473684210526316,0.03782094649012596,0.962179053509874
30587,YOR244W YDL042C,0.0,NA,0.8632449507713318,2130,1173,29868,720,0.9441444631318049,0.6448683015440508,0.7473684210526316,0.037788731033149704,0.9622112689668503
30588,YDR150W YNL213C,1.0,NA,0.8633100986480713,2129,1173,29868,721,0.9441149567731846,0.6447607510599637,0.7470175438596491,0.037788731033149704,0.9622112689668503
30589,YJL179W YAL012W,0.0,NA,0.863347053527832,2129,1172,29869,721,0.9441444631318049,0.6449560739169948,0.7470175438596491,0.03775651557617345,0.9622434844238266
30590,YMR302C YLL006W,1.0,NA,0.863402247428894,2128,1172,29869,722,0.9441149567731846,0.6448484848484849,0.7466666666666667,0.03775651557617345,0.9622434844238266
30591,YNL213C YHR083W,1.0,NA,0.8636219501495361,2127,1172,29869,723,0.9440854504145644,0.6447408305547135,0.7463157894736843,0.03775651557617345,0.9622434844238266
30592,YDR077W YOR330C,1.0,NA,0.8636555075645447,2126,1172,29869,724,0.9440559440559441,0.6446331109763493,0.7459649122807017,0.03775651557617345,0.9622434844238266
30593,YDR150W YOL095C,1.0,NA,0.8636982440948486,2125,1172,29869,725,0.9440264376973238,0.6445253260539885,0.7456140350877193,0.03775651557617345,0.9622434844238266
30594,YNL213C YDL006W,1.0,NA,0.8637446761131287,2124,1172,29869,726,0.9439969313387034,0.6444174757281553,0.7452631578947368,0.03775651557617345,0.9622434844238266
30595,YPR145W YLR043C,0.0,NA,0.8640953302383423,2124,1171,29870,726,0.9440264376973238,0.6446130500758726,0.7452631578947368,0.03772430011919719,0.9622756998808029
30596,YGL114W YJR017C,0.0,NA,0.8642433881759644,2124,1170,29871,726,0.9440559440559441,0.644808743169399,0.7452631578947368,0.03769208466222093,0.962307915337779
30597,YPR131C YOR330C,1.0,NA,0.864447832107544,2123,1170,29871,727,0.9440264376973238,0.6447008806559368,0.7449122807017544,0.03769208466222093,0.962307915337779
30598,YAR009C YJL045W,0.0,NA,0.8645351529121399,2123,1169,29872,727,0.9440559440559441,0.6448967193195626,0.7449122807017544,0.037659869205244674,0.9623401307947553
30599,YKL013C YGR101W,1.0,NA,0.864683985710144,2122,1169,29872,728,0.9440264376973238,0.6447888179884533,0.744561403508772,0.037659869205244674,0.9623401307947553
30600,YIL116W YMR236W,0.0,NA,0.8646904826164246,2122,1168,29873,728,0.9440559440559441,0.6449848024316109,0.744561403508772,0.037627653748268416,0.9623723462517316
30601,YGR135W YBR223C,0.0,NA,0.8647516369819641,2122,1167,29874,728,0.9440854504145644,0.6451809060504713,0.744561403508772,0.03759543829129216,0.9624045617087078
30602,YPR083W YER154W,1.0,NA,0.86475670337677,2121,1167,29874,729,0.9440559440559441,0.6450729927007299,0.7442105263157894,0.03759543829129216,0.9624045617087078
30603,YLL013C YKR042W,1.0,NA,0.8647811412811279,2120,1167,29874,730,0.9440264376973238,0.6449650136902951,0.743859649122807,0.03759543829129216,0.9624045617087078
30604,YHR031C YMR134W,1.0,NA,0.8648683428764343,2119,1167,29874,731,0.9439969313387034,0.644856968959221,0.7435087719298246,0.03759543829129216,0.9624045617087078
30605,YML091C YOL076W,1.0,NA,0.8650920391082764,2118,1167,29874,732,0.9439674249800832,0.6447488584474886,0.7431578947368421,0.03759543829129216,0.9624045617087078
30606,YNR074C YMR198W,0.0,NA,0.8651987314224243,2118,1166,29875,732,0.9439969313387034,0.6449451887941535,0.7431578947368421,0.0375632228343159,0.9624367771656841
30607,YGL055W YOL076W,1.0,NA,0.8652647137641907,2117,1166,29875,733,0.9439674249800832,0.6448370392933293,0.7428070175438597,0.0375632228343159,0.9624367771656841
30608,YML110C YLR043C,0.0,NA,0.8653275370597839,2117,1165,29876,733,0.9439969313387034,0.6450335161486899,0.7428070175438597,0.03753100737733965,0.9624689926226604
30609,YGL055W YNL066W,1.0,NA,0.8653736710548401,2116,1165,29876,734,0.9439674249800832,0.644925327644011,0.7424561403508771,0.03753100737733965,0.9624689926226604
30610,YBR212W YMR211W,1.0,NA,0.8653773665428162,2115,1165,29876,735,0.9439379186214629,0.6448170731707317,0.7421052631578947,0.03753100737733965,0.9624689926226604
30611,YLR370C YER154W,1.0,NA,0.8653939366340637,2114,1165,29876,736,0.9439084122628426,0.6447087526684965,0.7417543859649123,0.03753100737733965,0.9624689926226604
30612,YMR241W YDR077W,1.0,NA,0.865441083908081,2113,1165,29876,737,0.9438789059042224,0.6446003660768761,0.7414035087719298,0.03753100737733965,0.9624689926226604
30613,YMR268C YDR155C,0.0,NA,0.86549973487854,2113,1164,29877,737,0.9439084122628426,0.644797070491303,0.7414035087719298,0.03749879192036339,0.9625012080796366
30614,YLL022C YDR246W,0.0,NA,0.86551433801651,2113,1163,29878,737,0.9439379186214629,0.644993894993895,0.7414035087719298,0.037466576463387136,0.9625334235366129
30615,YPL082C YPL023C,0.0,NA,0.8656229972839355,2113,1162,29879,737,0.9439674249800832,0.6451908396946565,0.7414035087719298,0.03743436100641088,0.9625656389935892
30616,YHR194W YIL051C,1.0,NA,0.8656937479972839,2112,1162,29879,738,0.9439379186214629,0.6450824679291387,0.7410526315789474,0.03743436100641088,0.9625656389935892
30617,YDR150W YNL066W,1.0,NA,0.8660169243812561,2111,1162,29879,739,0.9439084122628426,0.6449740299419493,0.7407017543859649,0.03743436100641088,0.9625656389935892
30618,YBR212W YIL062C,1.0,NA,0.8660515546798706,2110,1162,29879,740,0.9438789059042224,0.6448655256723717,0.7403508771929824,0.03743436100641088,0.9625656389935892
30619,YGL064C YDR037W,0.0,NA,0.8663178086280823,2110,1161,29880,740,0.9439084122628426,0.6450626719657597,0.7403508771929824,0.03740214554943462,0.9625978544505653
30620,YHR154W YOL103W,0.0,NA,0.8663631677627563,2110,1160,29881,740,0.9439379186214629,0.6452599388379205,0.7403508771929824,0.03736993009245836,0.9626300699075416
30621,YGL055W YOL060C,1.0,NA,0.8663678169250488,2109,1160,29881,741,0.9439084122628426,0.6451514224533497,0.74,0.03736993009245836,0.9626300699075416
30622,YPL252C YBL074C,0.0,NA,0.8665732741355896,2109,1159,29882,741,0.9439379186214629,0.6453488372093024,0.74,0.037337714635482105,0.9626622853645179
30623,YLR145W YOL069W,0.0,NA,0.8665878772735596,2109,1158,29883,741,0.9439674249800832,0.6455463728191001,0.74,0.03730549917850585,0.9626945008214941
30624,YPR107C YFR021W,0.0,NA,0.8667669892311096,2109,1157,29884,741,0.9439969313387034,0.6457440293937539,0.74,0.03727328372152959,0.9627267162784704
30625,YOL060C YMR241W,1.0,NA,0.866879403591156,2108,1157,29884,742,0.9439674249800832,0.645635528330781,0.7396491228070176,0.03727328372152959,0.9627267162784704
30626,YML115C YOL080C,0.0,NA,0.8669149279594421,2108,1156,29885,742,0.9439969313387034,0.6458333333333334,0.7396491228070176,0.03724106826455333,0.9627589317354467
30627,YPL088W YOL105C,0.0,NA,0.8672196865081787,2108,1155,29886,742,0.9440264376973238,0.6460312595770763,0.7396491228070176,0.037208852807577075,0.9627911471924229
30628,YDR510W YLR035C,0.0,NA,0.8672410845756531,2108,1154,29887,742,0.9440559440559441,0.6462293071735132,0.7396491228070176,0.03717663735060082,0.9628233626493992
30629,YPL242C YGR258C,0.0,NA,0.8672940135002136,2108,1153,29888,742,0.9440854504145644,0.646427476234284,0.7396491228070176,0.03714442189362456,0.9628555781063755
30630,YDR098C YIL003W,0.0,NA,0.8673610687255859,2108,1152,29889,742,0.9441149567731846,0.6466257668711657,0.7396491228070176,0.0371122064366483,0.9628877935633517
30631,YDR195W YKL025C,0.0,NA,0.867612361907959,2108,1151,29890,742,0.9441444631318049,0.6468241791960724,0.7396491228070176,0.037079990979672045,0.9629200090203279
30632,YMR072W YOL060C,1.0,NA,0.8682793378829956,2107,1151,29890,743,0.9441149567731846,0.6467157765500307,0.7392982456140351,0.037079990979672045,0.9629200090203279
30633,YBR091C YOR330C,1.0,NA,0.8685911893844604,2106,1151,29890,744,0.9440854504145644,0.6466073073380412,0.7389473684210527,0.037079990979672045,0.9629200090203279
30634,YKL053C-A YHR194W,1.0,NA,0.8688786625862122,2105,1151,29890,745,0.9440559440559441,0.6464987714987716,0.7385964912280701,0.037079990979672045,0.9629200090203279
30635,YLR368W YGL020C,1.0,NA,0.8688871264457703,2104,1151,29890,746,0.9440264376973238,0.6463901689708141,0.7382456140350877,0.037079990979672045,0.9629200090203279
30636,YDR277C YNL278W,0.0,NA,0.8689768314361572,2104,1150,29891,746,0.9440559440559441,0.6465888137676705,0.7382456140350877,0.03704777552269579,0.9629522244773042
30637,YOR037W YGL055W,1.0,NA,0.8690921664237976,2103,1150,29891,747,0.9440264376973238,0.6464801721487857,0.7378947368421053,0.03704777552269579,0.9629522244773042
30638,YLL013C YDL006W,1.0,NA,0.8691325783729553,2102,1150,29891,748,0.9439969313387034,0.6463714637146372,0.7375438596491228,0.03704777552269579,0.9629522244773042
30639,YLR110C YLR146C,0.0,NA,0.8691933751106262,2102,1149,29892,748,0.9440264376973238,0.6465702860658259,0.7375438596491228,0.03701556006571953,0.9629844399342805
30640,YBR006W YCL067C,0.0,NA,0.8691937327384949,2102,1148,29893,748,0.9440559440559441,0.6467692307692308,0.7375438596491228,0.03698334460874327,0.9630166553912567
30641,YDR039C YCR086W,0.0,NA,0.8692106604576111,2102,1147,29894,748,0.9440854504145644,0.6469682979378271,0.7375438596491228,0.036951129151767015,0.963048870848233
30642,YDR150W YIL138C,1.0,NA,0.8692839741706848,2101,1147,29894,749,0.9440559440559441,0.6468596059113301,0.7371929824561404,0.036951129151767015,0.963048870848233
30643,YJR120W YHR120W,1.0,NA,0.8693211078643799,2100,1147,29894,750,0.9440264376973238,0.6467508469356329,0.7368421052631579,0.036951129151767015,0.963048870848233
30644,YDR450W YNL221C,0.0,NA,0.8693637251853943,2100,1146,29895,750,0.9440559440559441,0.6469500924214417,0.7368421052631579,0.03691891369479076,0.9630810863052093
30645,YMR201C YER078C,0.0,NA,0.8695475459098816,2100,1145,29896,750,0.9440854504145644,0.6471494607087828,0.7368421052631579,0.03688669823781451,0.9631133017621855
30646,YDR422C YBL004W,0.0,NA,0.8696436882019043,2100,1144,29897,750,0.9441149567731846,0.6473489519112207,0.7368421052631579,0.03685448278083825,0.9631455172191618
30647,YGL030W YGL208W,0.0,NA,0.8697454333305359,2100,1143,29898,750,0.9441444631318049,0.6475485661424607,0.7368421052631579,0.03682226732386199,0.963177732676138
30648,YNL027W YBR176W,0.0,NA,0.8698938488960266,2100,1142,29899,750,0.9441739694904252,0.6477483035163479,0.7368421052631579,0.036790051866885734,0.9632099481331142
30649,YOL095C YLL006W,1.0,NA,0.869912326335907,2099,1142,29899,751,0.9441444631318049,0.6476396174020365,0.7364912280701754,0.036790051866885734,0.9632099481331142
30650,YDR390C YLR055C,0.0,NA,0.8702516555786133,2099,1141,29900,751,0.9441739694904252,0.6478395061728395,0.7364912280701754,0.036757836409909476,0.9632421635900905
30651,YGL087C YDR113C,0.0,NA,0.870299756526947,2099,1140,29901,751,0.9442034758490455,0.6480395183698673,0.7364912280701754,0.03672562095293322,0.9632743790470668
30652,YOR209C YBR011C,0.0,NA,0.8705402612686157,2099,1139,29902,751,0.9442329822076657,0.6482396541074738,0.7364912280701754,0.03669340549595696,0.963306594504043
30653,YHR194W YOR330C,1.0,NA,0.8705917596817017,2098,1139,29902,752,0.9442034758490455,0.6481309854803831,0.736140350877193,0.03669340549595696,0.963306594504043
30654,YGL055W YNL213C,1.0,NA,0.8706754446029663,2097,1139,29902,753,0.9441739694904252,0.6480222496909765,0.7357894736842105,0.03669340549595696,0.963306594504043
30655,YMR134W YER154W,1.0,NA,0.8707975745201111,2096,1139,29902,754,0.9441444631318049,0.6479134466769706,0.7354385964912281,0.03669340549595696,0.963306594504043
30656,YBR212W YOL060C,1.0,NA,0.8708065748214722,2095,1139,29902,755,0.9441149567731846,0.647804576376005,0.7350877192982456,0.03669340549595696,0.963306594504043
30657,YJL167W YDR427W,0.0,NA,0.8708155751228333,2095,1138,29903,755,0.9441444631318049,0.6480049489638107,0.7350877192982456,0.036661190038980704,0.9633388099610193
30658,YDL044C YMR146C,0.0,NA,0.8712589144706726,2095,1137,29904,755,0.9441739694904252,0.6482054455445545,0.7350877192982456,0.036628974582004446,0.9633710254179956
30659,YLR110C YML023C,0.0,NA,0.8713788986206055,2095,1136,29905,755,0.9442034758490455,0.6484060662333643,0.7350877192982456,0.03659675912502819,0.9634032408749719
30660,YLR227C YIR028W,0.0,NA,0.8714392185211182,2095,1135,29906,755,0.9442329822076657,0.6486068111455109,0.7350877192982456,0.03656454366805193,0.963435456331948
30661,YDR402C YML006C,0.0,NA,0.8715777397155762,2095,1134,29907,755,0.944262488566286,0.6488076803964076,0.7350877192982456,0.036532328211075674,0.9634676717889243
30662,YLL013C YOL076W,1.0,NA,0.8716302514076233,2094,1134,29907,756,0.9442329822076657,0.6486988847583643,0.7347368421052631,0.036532328211075674,0.9634676717889243
30663,YOR037W YMR211W,1.0,NA,0.8717309832572937,2093,1134,29907,757,0.9442034758490455,0.648590021691974,0.7343859649122807,0.036532328211075674,0.9634676717889243
30664,YBL063W YEL009C,0.0,NA,0.8717973232269287,2093,1133,29908,757,0.9442329822076657,0.6487910725356478,0.7343859649122807,0.036500112754099416,0.9634998872459006
30665,YOR083W YDR308C,0.0,NA,0.8720915913581848,2093,1132,29909,757,0.944262488566286,0.6489922480620155,0.7343859649122807,0.03646789729712316,0.9635321027028768
30666,YPR094W YBR249C,0.0,NA,0.8722403049468994,2093,1131,29910,757,0.9442919949249063,0.6491935483870968,0.7343859649122807,0.0364356818401469,0.9635643181598531
30667,YNL085W YIR009W,0.0,NA,0.8723099827766418,2093,1130,29911,757,0.9443215012835267,0.6493949736270556,0.7343859649122807,0.03640346638317064,0.9635965336168294
30668,YDR495C YGL247W,0.0,NA,0.872318685054779,2093,1129,29912,757,0.9443510076421469,0.6495965238981999,0.7343859649122807,0.036371250926194386,0.9636287490738056
30669,YLR262C YLR212C,0.0,NA,0.8724636435508728,2093,1128,29913,757,0.9443805140007672,0.6497981993169824,0.7343859649122807,0.03633903546921813,0.9636609645307819
30670,YJR120W YGR101W,1.0,NA,0.8725822567939758,2092,1128,29913,758,0.9443510076421469,0.6496894409937888,0.7340350877192983,0.03633903546921813,0.9636609645307819
30671,YCL018W YML019W,0.0,NA,0.8726786971092224,2092,1127,29914,758,0.9443805140007672,0.6498912705809258,0.7340350877192983,0.03630682001224187,0.9636931799877582
30672,YBR212W YOR266W,1.0,NA,0.8727328777313232,2091,1127,29914,759,0.9443510076421469,0.6497824735860783,0.7336842105263158,0.03630682001224187,0.9636931799877582
30673,YLR066W YOR270C,0.0,NA,0.8727636337280273,2091,1126,29915,759,0.9443805140007672,0.6499844575691638,0.7336842105263158,0.03627460455526561,0.9637253954447343
30674,YMR072W YMR134W,1.0,NA,0.872830331325531,2090,1126,29915,760,0.9443510076421469,0.6498756218905473,0.7333333333333333,0.03627460455526561,0.9637253954447343
30675,YER109C YJL045W,0.0,NA,0.8728963136672974,2090,1125,29916,760,0.9443805140007672,0.6500777604976672,0.7333333333333333,0.03624238909828936,0.9637576109017106
30676,YGL055W YLL006W,1.0,NA,0.8729487657546997,2089,1125,29916,761,0.9443510076421469,0.6499688861232109,0.7329824561403508,0.03624238909828936,0.9637576109017106
30677,YMR302C YKL013C,1.0,NA,0.8729642033576965,2088,1125,29916,762,0.9443215012835267,0.6498599439775911,0.7326315789473684,0.03624238909828936,0.9637576109017106
30678,YKL032C YER133W,0.0,NA,0.8732479810714722,2088,1124,29917,762,0.9443510076421469,0.6500622665006227,0.7326315789473684,0.036210173641313105,0.9637898263586869
30679,YGL055W YBR091C,1.0,NA,0.8734132647514343,2087,1124,29917,763,0.9443215012835267,0.649953285580816,0.732280701754386,0.036210173641313105,0.9637898263586869
30680,YDL003W YNL093W,0.0,NA,0.8736463189125061,2087,1123,29918,763,0.9443510076421469,0.6501557632398753,0.732280701754386,0.03617795818433685,0.9638220418156631
30681,YJR065C YMR072W,1.0,NA,0.8737266659736633,2086,1123,29918,764,0.9443215012835267,0.6500467435338112,0.7319298245614035,0.03617795818433685,0.9638220418156631
30682,YKL053C-A YMR060C,1.0,NA,0.8737865686416626,2085,1123,29918,765,0.9442919949249063,0.6499376558603491,0.7315789473684211,0.03617795818433685,0.9638220418156631
30683,YCR042C YGL252C,0.0,NA,0.8739777207374573,2085,1122,29919,765,0.9443215012835267,0.6501403180542563,0.7315789473684211,0.03614574272736059,0.9638542572726394
30684,YFL047W YBL061C,0.0,NA,0.8739895224571228,2085,1121,29920,765,0.9443510076421469,0.6503431066749844,0.7315789473684211,0.03611352727038433,0.9638864727296157
30685,YML058W YMR134W,1.0,NA,0.8741051554679871,2084,1121,29920,766,0.9443215012835267,0.6502340093603745,0.7312280701754386,0.03611352727038433,0.9638864727296157
30686,YKR036C YOL060C,1.0,NA,0.8742644786834717,2083,1121,29920,767,0.9442919949249063,0.6501248439450686,0.7308771929824561,0.03611352727038433,0.9638864727296157
30687,YLR370C YOR211C,1.0,NA,0.8744056224822998,2082,1121,29920,768,0.944262488566286,0.6500156103652825,0.7305263157894737,0.03611352727038433,0.9638864727296157
30688,YDR427W YML019W,0.0,NA,0.874565839767456,2082,1120,29921,768,0.9442919949249063,0.6502186133666459,0.7305263157894737,0.036081311813408075,0.9639186881865919
30689,YCL064C YML106W,0.0,NA,0.8748691082000732,2082,1119,29922,768,0.9443215012835267,0.6504217432052484,0.7305263157894737,0.03604909635643182,0.9639509036435682
30690,YHR031C YKR036C,1.0,NA,0.8749015927314758,2081,1119,29922,769,0.9442919949249063,0.6503125,0.7301754385964913,0.03604909635643182,0.9639509036435682
30691,YGR282C YLR195C,0.0,NA,0.8749613761901855,2081,1118,29923,769,0.9443215012835267,0.6505157861831823,0.7301754385964913,0.03601688089945556,0.9639831191005445
30692,YNL121C YDL006W,1.0,NA,0.875080943107605,2080,1118,29923,770,0.9442919949249063,0.6504065040650406,0.7298245614035088,0.03601688089945556,0.9639831191005445
30693,YNR035C YOR330C,1.0,NA,0.8751709461212158,2079,1118,29923,771,0.944262488566286,0.6502971535814827,0.7294736842105263,0.03601688089945556,0.9639831191005445
30694,YCL027W YBR286W,0.0,NA,0.8752621412277222,2079,1117,29924,771,0.9442919949249063,0.6505006257822278,0.7294736842105263,0.0359846654424793,0.9640153345575208
30695,YHR031C YBR192W,1.0,NA,0.875282347202301,2078,1117,29924,772,0.944262488566286,0.6503912363067292,0.7291228070175438,0.0359846654424793,0.9640153345575208
30696,YIL051C YOR211C,1.0,NA,0.875321626663208,2077,1117,29924,773,0.9442329822076657,0.650281778334377,0.7287719298245614,0.0359846654424793,0.9640153345575208
30697,YCR079W YOR270C,0.0,NA,0.8753281235694885,2077,1116,29925,773,0.944262488566286,0.6504854368932039,0.7287719298245614,0.035952449985503045,0.9640475500144969
30698,YFL001W YPL061W,0.0,NA,0.8755416870117188,2077,1115,29926,773,0.9442919949249063,0.6506892230576441,0.7287719298245614,0.03592023452852679,0.9640797654714732
30699,YHR037W YOR303W,0.0,NA,0.8757137060165405,2077,1114,29927,773,0.9443215012835267,0.6508931369476653,0.7287719298245614,0.03588801907155053,0.9641119809284495
30700,YML071C YEL060C,0.0,NA,0.875766396522522,2077,1113,29928,773,0.9443510076421469,0.6510971786833856,0.7287719298245614,0.03585580361457427,0.9641441963854257
30701,YDR123C YPL269W,0.0,NA,0.8758653998374939,2077,1112,29929,773,0.9443805140007672,0.6513013483850737,0.7287719298245614,0.035823588157598014,0.964176411842402
30702,YBR212W YDR296W,1.0,NA,0.8759353160858154,2076,1112,29929,774,0.9443510076421469,0.6511919698870765,0.728421052631579,0.035823588157598014,0.964176411842402
30703,YNL026W YOL076W,1.0,NA,0.8759514093399048,2075,1112,29929,775,0.9443215012835267,0.6510825227486664,0.7280701754385965,0.035823588157598014,0.964176411842402
30704,YMR292W YLR139C,0.0,NA,0.8760188817977905,2075,1111,29930,775,0.9443510076421469,0.6512868801004394,0.7280701754385965,0.03579137270062176,0.9642086272993783
30705,YPR131C YMR211W,1.0,NA,0.8760691285133362,2074,1111,29930,776,0.9443215012835267,0.6511773940345369,0.727719298245614,0.03579137270062176,0.9642086272993783
30706,YGL200C YHR114W,0.0,NA,0.8761612772941589,2074,1110,29931,776,0.9443510076421469,0.6513819095477387,0.727719298245614,0.0357591572436455,0.9642408427563545
30707,YJL054W YPR083W,1.0,NA,0.8762903809547424,2073,1110,29931,777,0.9443215012835267,0.651272384542884,0.7273684210526316,0.0357591572436455,0.9642408427563545
30708,YNL070W YNR035C,1.0,NA,0.876369059085846,2072,1110,29931,778,0.9442919949249063,0.6511627906976745,0.7270175438596491,0.0357591572436455,0.9642408427563545
30709,YCL067C YPL170W,0.0,NA,0.8764538168907166,2072,1109,29932,778,0.9443215012835267,0.6513674944985853,0.7270175438596491,0.03572694178666924,0.9642730582133308
30710,YCR073W-A YPL210C,0.0,NA,0.8765280842781067,2072,1108,29933,778,0.9443510076421469,0.6515723270440251,0.7270175438596491,0.035694726329692984,0.964305273670307
30711,YBR080C YBL020W,0.0,NA,0.8765283823013306,2072,1107,29934,778,0.9443805140007672,0.6517772884554891,0.7270175438596491,0.03566251087271673,0.9643374891272832
30712,YMR211W YNL066W,1.0,NA,0.8766928911209106,2071,1107,29934,779,0.9443510076421469,0.6516677155443675,0.7266666666666667,0.03566251087271673,0.9643374891272832
30713,YOR326W YDL006W,1.0,NA,0.8767126202583313,2070,1107,29934,780,0.9443215012835267,0.6515580736543909,0.7263157894736842,0.03566251087271673,0.9643374891272832
30714,YOR326W YHR083W,1.0,NA,0.8767251372337341,2069,1107,29934,781,0.9442919949249063,0.6514483627204031,0.7259649122807017,0.03566251087271673,0.9643374891272832
30715,YOR213C YIL103W,0.0,NA,0.8768501281738281,2069,1106,29935,781,0.9443215012835267,0.6516535433070866,0.7259649122807017,0.03563029541574047,0.9643697045842595
30716,YHR031C YOL076W,1.0,NA,0.8768686652183533,2068,1106,29935,782,0.9442919949249063,0.651543793320731,0.7256140350877193,0.03563029541574047,0.9643697045842595
30717,YDR325W YGR048W,0.0,NA,0.8770449757575989,2068,1105,29936,782,0.9443215012835267,0.6517491333123228,0.7256140350877193,0.03559807995876421,0.9644019200412358
30718,YHR031C YOL027C,1.0,NA,0.8770691156387329,2067,1105,29936,783,0.9442919949249063,0.6516393442622951,0.7252631578947368,0.03559807995876421,0.9644019200412358
30719,YML110C YPL047W,0.0,NA,0.8771896958351135,2067,1104,29937,783,0.9443215012835267,0.651844843897824,0.7252631578947368,0.03556586450178796,0.964434135498212
30720,YGL055W YMR241W,1.0,NA,0.8772221803665161,2066,1104,29937,784,0.9442919949249063,0.6517350157728706,0.7249122807017544,0.03556586450178796,0.964434135498212
30721,YGL086W YBR162C,0.0,NA,0.8772843480110168,2066,1103,29938,784,0.9443215012835267,0.6519406752918901,0.7249122807017544,0.0355336490448117,0.9644663509551883
30722,YNL213C YLR370C,1.0,NA,0.8774335980415344,2065,1103,29938,785,0.9442919949249063,0.6518308080808081,0.724561403508772,0.0355336490448117,0.9644663509551883
30723,YPR021C YJL029C,0.0,NA,0.8775475025177002,2065,1102,29939,785,0.9443215012835267,0.6520366277233975,0.724561403508772,0.035501433587835446,0.9644985664121646
30724,YPL143W YAL021C,0.0,NA,0.8777866959571838,2065,1101,29940,785,0.9443510076421469,0.6522425773847126,0.724561403508772,0.03546921813085919,0.9645307818691408
30725,YKL019W YPL115C,0.0,NA,0.877873957157135,2065,1100,29941,785,0.9443805140007672,0.6524486571879937,0.724561403508772,0.03543700267388293,0.964562997326117
30726,YGL020C YIL065C,1.0,NA,0.8778939843177795,2064,1100,29941,786,0.9443510076421469,0.6523388116308471,0.7242105263157895,0.03543700267388293,0.964562997326117
30727,YPL195W YER161C,0.0,NA,0.877997100353241,2064,1099,29942,786,0.9443805140007672,0.6525450521656655,0.7242105263157895,0.03540478721690667,0.9645952127830933
30728,YPR032W YDR144C,0.0,NA,0.878115177154541,2064,1098,29943,786,0.9444100203593875,0.6527514231499051,0.7242105263157895,0.035372571759930416,0.9646274282400696
30729,YOL060C YIL065C,1.0,NA,0.8782188892364502,2063,1098,29943,787,0.9443805140007672,0.6526415691236951,0.723859649122807,0.035372571759930416,0.9646274282400696
30730,YNL071W YER104W,0.0,NA,0.8782780766487122,2063,1097,29944,787,0.9444100203593875,0.6528481012658228,0.723859649122807,0.03534035630295416,0.9646596436970458
30731,YIR023W YMR152W,0.0,NA,0.8783054947853088,2063,1096,29945,787,0.9444395267180077,0.6530547641658753,0.723859649122807,0.0353081408459779,0.9646918591540221
30732,YOR008C-A YNR047W,0.0,NA,0.8783589601516724,2063,1095,29946,787,0.944469033076628,0.6532615579480684,0.723859649122807,0.03527592538900164,0.9647240746109984
30733,YJL054W YDR219C,1.0,NA,0.8786112666130066,2062,1095,29946,788,0.9444395267180077,0.653151726322458,0.7235087719298245,0.03527592538900164,0.9647240746109984
30734,YFL039C YML058W,1.0,NA,0.878699004650116,2061,1095,29946,789,0.9444100203593875,0.653041825095057,0.7231578947368421,0.03527592538900164,0.9647240746109984
30735,YPR176C YDL008W,0.0,NA,0.8787142634391785,2061,1094,29947,789,0.9444395267180077,0.6532488114104595,0.7231578947368421,0.035243709932025385,0.9647562900679746
30736,YMR072W YHR083W,1.0,NA,0.8789078593254089,2060,1094,29947,790,0.9444100203593875,0.6531388712745719,0.7228070175438597,0.035243709932025385,0.9647562900679746
30737,YGL166W YER012W,0.0,NA,0.878943920135498,2060,1093,29948,790,0.9444395267180077,0.6533460196638122,0.7228070175438597,0.03521149447504913,0.9647885055249509
30738,YML091C YPR131C,1.0,NA,0.8791244626045227,2059,1093,29948,791,0.9444100203593875,0.6532360406091371,0.7224561403508772,0.03521149447504913,0.9647885055249509
30739,YBL093C YNL333W,0.0,NA,0.8792060017585754,2059,1092,29949,791,0.9444395267180077,0.6534433513170422,0.7224561403508772,0.03517927901807287,0.9648207209819272
30740,YBR082C YMR235C,0.0,NA,0.8793550729751587,2059,1091,29950,791,0.944469033076628,0.6536507936507937,0.7224561403508772,0.03514706356109661,0.9648529364389034
30741,YPR007C YJL113W,0.0,NA,0.8798197507858276,2059,1090,29951,791,0.9444985394352483,0.6538583677357891,0.7224561403508772,0.035114848104120355,0.9648851518958796
30742,YJL112W YDL217C,1.0,NA,0.8798390626907349,2058,1090,29951,792,0.944469033076628,0.6537484116899619,0.7221052631578947,0.035114848104120355,0.9648851518958796
30743,YOR025W YKR035W-A,0.0,NA,0.8800285458564758,2058,1089,29952,792,0.9444985394352483,0.6539561487130601,0.7221052631578947,0.0350826326471441,0.9649173673528559
30744,YNL310C YMR211W,1.0,NA,0.8804779052734375,2057,1089,29952,793,0.944469033076628,0.6538461538461539,0.7217543859649123,0.0350826326471441,0.9649173673528559
30745,YCR020W-B YJL166W,0.0,NA,0.8806667327880859,2057,1088,29953,793,0.9444985394352483,0.654054054054054,0.7217543859649123,0.03505041719016784,0.9649495828098321
30746,YLR384C YJL190C,0.0,NA,0.8807350993156433,2057,1087,29954,793,0.9445280457938686,0.6542620865139949,0.7217543859649123,0.03501820173319158,0.9649817982668084
30747,YIR022W YBR110W,0.0,NA,0.8807701468467712,2057,1086,29955,793,0.9445575521524888,0.6544702513522113,0.7217543859649123,0.034985986276215325,0.9650140137237847
30748,YOR065W YJR005W,0.0,NA,0.8808374404907227,2057,1085,29956,793,0.9445870585111091,0.6546785486950987,0.7217543859649123,0.03495377081923907,0.9650462291807609
30749,YKL164C YDL002C,0.0,NA,0.8810827136039734,2057,1084,29957,793,0.9446165648697294,0.6548869786692136,0.7217543859649123,0.03492155536226282,0.9650784446377372
30750,YGR282C YGL043W,0.0,NA,0.8811056613922119,2057,1083,29958,793,0.9446460712283498,0.6550955414012739,0.7217543859649123,0.03488933990528656,0.9651106600947135
30751,YMR211W YOR330C,1.0,NA,0.8811121582984924,2056,1083,29958,794,0.9446165648697294,0.6549856642242753,0.7214035087719298,0.03488933990528656,0.9651106600947135
30752,YAL059W YDL246C,0.0,NA,0.8813024759292603,2056,1082,29959,794,0.9446460712283498,0.6551943913320586,0.7214035087719298,0.0348571244483103,0.9651428755516896
30753,YBR112C YDR246W,0.0,NA,0.8814170956611633,2056,1081,29960,794,0.94467557758697,0.6554032515141855,0.7214035087719298,0.034824908991334044,0.9651750910086659
30754,YIL065C YMR211W,1.0,NA,0.881438136100769,2055,1081,29960,795,0.9446460712283498,0.6552933673469388,0.7210526315789474,0.034824908991334044,0.9651750910086659
30755,YDR219C YOR211C,1.0,NA,0.8815093040466309,2054,1081,29960,796,0.9446165648697294,0.6551834130781499,0.720701754385965,0.034824908991334044,0.9651750910086659
30756,YPL094C YKR007W,0.0,NA,0.8815778493881226,2054,1080,29961,796,0.9446460712283498,0.6553924696873006,0.720701754385965,0.03479269353435779,0.9652073064656422
30757,YPR024W YMR012W,1.0,NA,0.8816317319869995,2053,1080,29961,797,0.9446165648697294,0.6552824768592403,0.7203508771929824,0.03479269353435779,0.9652073064656422
30758,YFL039C YPR131C,1.0,NA,0.8818544745445251,2052,1080,29961,798,0.9445870585111091,0.6551724137931034,0.72,0.03479269353435779,0.9652073064656422
30759,YJL054W YNR035C,1.0,NA,0.8820542693138123,2051,1080,29961,799,0.9445575521524888,0.6550622804215905,0.7196491228070175,0.03479269353435779,0.9652073064656422
30760,YLR354C YMR246W,0.0,NA,0.8821144104003906,2051,1079,29962,799,0.9445870585111091,0.6552715654952077,0.7196491228070175,0.03476047807738153,0.9652395219226185
30761,YBR161W YLR026C,0.0,NA,0.8821236491203308,2051,1078,29963,799,0.9446165648697294,0.6554809843400448,0.7196491228070175,0.03472826262040527,0.9652717373795947
30762,YHR120W YOR211C,1.0,NA,0.8821624517440796,2050,1078,29963,800,0.9445870585111091,0.6553708439897699,0.7192982456140351,0.03472826262040527,0.9652717373795947
30763,YJL112W YDR077W,1.0,NA,0.882237434387207,2049,1078,29963,801,0.9445575521524888,0.6552606331947554,0.7189473684210527,0.03472826262040527,0.9652717373795947
30764,YJR139C YDR226W,0.0,NA,0.8823302388191223,2049,1077,29964,801,0.9445870585111091,0.6554702495201535,0.7189473684210527,0.034696047163429014,0.965303952836571
30765,YGR112W YGR061C,0.0,NA,0.8823578953742981,2049,1076,29965,801,0.9446165648697294,0.65568,0.7189473684210527,0.034663831706452757,0.9653361682935473
30766,YGL055W YDR219C,1.0,NA,0.882379949092865,2048,1076,29965,802,0.9445870585111091,0.6555697823303457,0.7185964912280701,0.034663831706452757,0.9653361682935473
30767,YKR036C YNL213C,1.0,NA,0.8825526237487793,2047,1076,29965,803,0.9445575521524888,0.6554594940762087,0.7182456140350877,0.034663831706452757,0.9653361682935473
30768,YHR031C YGL020C,1.0,NA,0.8825531005859375,2046,1076,29965,804,0.9445280457938686,0.655349135169763,0.7178947368421053,0.034663831706452757,0.9653361682935473
30769,YMR161W YCR086W,0.0,NA,0.8826092481613159,2046,1075,29966,804,0.9445575521524888,0.6555591156680551,0.7178947368421053,0.0346316162494765,0.9653683837505235
30770,YCR028C-A YKR042W,1.0,NA,0.8826436400413513,2045,1075,29966,805,0.9445280457938686,0.655448717948718,0.7175438596491228,0.0346316162494765,0.9653683837505235
30771,YHR118C YHL003C,0.0,NA,0.8828417062759399,2045,1074,29967,805,0.9445575521524888,0.65565886502084,0.7175438596491228,0.03459940079250024,0.9654005992074998
30772,YNR035C YDR219C,1.0,NA,0.8829110860824585,2044,1074,29967,806,0.9445280457938686,0.6555484284797948,0.7171929824561404,0.03459940079250024,0.9654005992074998
30773,YDR421W YIL073C,0.0,NA,0.8829810619354248,2044,1073,29968,806,0.9445575521524888,0.655758742380494,0.7171929824561404,0.034567185335523984,0.9654328146644761
30774,YOL018C YDR378C,0.0,NA,0.8830322623252869,2044,1072,29969,806,0.9445870585111091,0.6559691912708601,0.7171929824561404,0.034534969878547726,0.9654650301214522
30775,YER048W-A YNL104C,0.0,NA,0.8830845952033997,2044,1071,29970,806,0.9446165648697294,0.6561797752808989,0.7171929824561404,0.03450275442157147,0.9654972455784285
30776,YML091C YLL013C,1.0,NA,0.8831709623336792,2043,1071,29970,807,0.9445870585111091,0.6560693641618497,0.716842105263158,0.03450275442157147,0.9654972455784285
30777,YPL233W YER124C,0.0,NA,0.8832793235778809,2043,1070,29971,807,0.9446165648697294,0.6562801156440733,0.716842105263158,0.03447053896459521,0.9655294610354048
30778,YDL093W YOL103W,0.0,NA,0.8833191394805908,2043,1069,29972,807,0.9446460712283498,0.656491002570694,0.716842105263158,0.034438323507618954,0.965561676492381
30779,YOR037W YLL013C,1.0,NA,0.8833422064781189,2042,1069,29972,808,0.9446165648697294,0.6563805850208936,0.7164912280701754,0.034438323507618954,0.965561676492381
30780,YOR281C YGR206W,0.0,NA,0.8834013938903809,2042,1068,29973,808,0.9446460712283498,0.6565916398713826,0.7164912280701754,0.034406108050642696,0.9655938919493573
30781,YJL130C YMR199W,0.0,NA,0.8834097385406494,2042,1067,29974,808,0.94467557758697,0.6568028304921196,0.7164912280701754,0.03437389259366644,0.9656261074063336
30782,YLR368W YLL006W,1.0,NA,0.8835369348526001,2041,1067,29974,809,0.9446460712283498,0.6566924066924067,0.716140350877193,0.03437389259366644,0.9656261074063336
30783,YAL056W YKL015W,0.0,NA,0.8835480809211731,2041,1066,29975,809,0.94467557758697,0.6569037656903766,0.716140350877193,0.03434167713669018,0.9656583228633098
30784,YCR066W YDR320C-A,0.0,NA,0.8835806846618652,2041,1065,29976,809,0.9447050839455903,0.6571152607855762,0.716140350877193,0.03430946167971392,0.9656905383202861
30785,YLR355C YDR219C,1.0,NA,0.8837743997573853,2040,1065,29976,810,0.94467557758697,0.6570048309178744,0.7157894736842105,0.03430946167971392,0.9656905383202861
30786,Q0250 YIL150C,0.0,NA,0.8840342164039612,2040,1064,29977,810,0.9447050839455903,0.6572164948453608,0.7157894736842105,0.03427724622273767,0.9657227537772624
30787,YHR031C YPL098C,1.0,NA,0.8840357065200806,2039,1064,29977,811,0.94467557758697,0.6571060264260393,0.7154385964912281,0.03427724622273767,0.9657227537772624
30788,YPL147W YML045W,0.0,NA,0.8841567635536194,2039,1063,29978,811,0.9447050839455903,0.657317859445519,0.7154385964912281,0.034245030765761415,0.9657549692342385
30789,YDR356W YFR036W,0.0,NA,0.8841946721076965,2039,1062,29979,811,0.9447345903042106,0.6575298290873912,0.7154385964912281,0.03421281530878516,0.9657871846912148
30790,YDR435C YBR132C,0.0,NA,0.8843201398849487,2039,1061,29980,811,0.9447640966628308,0.6577419354838709,0.7154385964912281,0.0341805998518089,0.9658194001481911
30791,YDR427W YOL117W,0.0,NA,0.8846457004547119,2039,1060,29981,811,0.9447936030214511,0.6579541787673443,0.7154385964912281,0.03414838439483264,0.9658516156051674
30792,YLR355C YOR037W,1.0,NA,0.8846516013145447,2038,1060,29981,812,0.9447640966628308,0.657843770174306,0.7150877192982457,0.03414838439483264,0.9658516156051674
30793,YBR212W YML058W,1.0,NA,0.8850691914558411,2037,1060,29981,813,0.9447345903042106,0.657733290280917,0.7147368421052631,0.03414838439483264,0.9658516156051674
30794,YDL046W YNL046W,0.0,NA,0.8851982951164246,2037,1059,29982,813,0.9447640966628308,0.6579457364341085,0.7147368421052631,0.034116168937856385,0.9658838310621436
30795,YBR192W YML091C,1.0,NA,0.8851991295814514,2036,1059,29982,814,0.9447345903042106,0.6578352180936995,0.7143859649122807,0.034116168937856385,0.9658838310621436
30796,YPL018W YDR260C,0.0,NA,0.8852676749229431,2036,1058,29983,814,0.9447640966628308,0.6580478345184227,0.7143859649122807,0.03408395348088013,0.9659160465191199
30797,YOR326W YBR234C,1.0,NA,0.8853439092636108,2035,1058,29983,815,0.9447345903042106,0.6579372777238927,0.7140350877192982,0.03408395348088013,0.9659160465191199
30798,YNL121C YLR304C,1.0,NA,0.8853446841239929,2034,1058,29983,816,0.9447050839455903,0.6578266494178525,0.7136842105263158,0.03408395348088013,0.9659160465191199
30799,YOR326W YOL027C,1.0,NA,0.8853685855865479,2033,1058,29983,817,0.94467557758697,0.6577159495308962,0.7133333333333334,0.03408395348088013,0.9659160465191199
30800,YPL070W YNL154C,0.0,NA,0.8853943943977356,2033,1057,29984,817,0.9447050839455903,0.6579288025889968,0.7133333333333334,0.03405173802390387,0.9659482619760962
30801,YNL236W YOL020W,0.0,NA,0.8855492472648621,2033,1056,29985,817,0.9447345903042106,0.6581417934606669,0.7133333333333334,0.03401952256692761,0.9659804774330724
30802,YOR266W YMR211W,1.0,NA,0.8856684565544128,2032,1056,29985,818,0.9447050839455903,0.6580310880829016,0.7129824561403508,0.03401952256692761,0.9659804774330724
30803,YNL026W YBR212W,1.0,NA,0.8857373595237732,2031,1056,29985,819,0.94467557758697,0.6579203109815355,0.7126315789473684,0.03401952256692761,0.9659804774330724
30804,YIL061C YDR402C,0.0,NA,0.8857673406600952,2031,1055,29986,819,0.9447050839455903,0.6581335061568373,0.7126315789473684,0.033987307109951355,0.9660126928900487
30805,YJL138C YPR088C,0.0,NA,0.8859907984733582,2031,1054,29987,819,0.9447345903042106,0.6583468395461912,0.7126315789473684,0.0339550916529751,0.9660449083470249
30806,YFL036W YLL006W,1.0,NA,0.8861958980560303,2030,1054,29987,820,0.9447050839455903,0.6582360570687419,0.712280701754386,0.0339550916529751,0.9660449083470249
30807,YNL245C YEL019C,0.0,NA,0.886232852935791,2030,1053,29988,820,0.9447345903042106,0.6584495621148232,0.712280701754386,0.03392287619599884,0.9660771238040011
30808,YDL006W YGR181W,1.0,NA,0.8862777352333069,2029,1053,29988,821,0.9447050839455903,0.6583387410772226,0.7119298245614035,0.03392287619599884,0.9660771238040011
30809,YKR042W YGR101W,1.0,NA,0.8863762617111206,2028,1053,29988,822,0.94467557758697,0.6582278481012658,0.7115789473684211,0.03392287619599884,0.9660771238040011
30810,YLR373C YPL154C,0.0,NA,0.8864517211914062,2028,1052,29989,822,0.9447050839455903,0.6584415584415585,0.7115789473684211,0.03389066073902258,0.9661093392609774
30811,YER100W YFL031W,0.0,NA,0.8865357041358948,2028,1051,29990,822,0.9447345903042106,0.6586554075998701,0.7115789473684211,0.033858445282046325,0.9661415547179537
30812,YOR326W YKR042W,1.0,NA,0.8865693807601929,2027,1051,29990,823,0.9447050839455903,0.6585445094217024,0.7112280701754385,0.033858445282046325,0.9661415547179537
30813,YML058W YLL006W,1.0,NA,0.8868623375892639,2026,1051,29990,824,0.94467557758697,0.6584335391615209,0.7108771929824561,0.033858445282046325,0.9661415547179537
30814,YOR230W YPR188C,0.0,NA,0.8868996500968933,2026,1050,29991,824,0.9447050839455903,0.6586475942782835,0.7108771929824561,0.03382622982507007,0.9661737701749299
30815,YOL069W YHR181W,0.0,NA,0.887134313583374,2026,1049,29992,824,0.9447345903042106,0.6588617886178861,0.7108771929824561,0.03379401436809381,0.9662059856319062
30816,YOL027C YBR234C,1.0,NA,0.8872326612472534,2025,1049,29992,825,0.9447050839455903,0.658750813272609,0.7105263157894737,0.03379401436809381,0.9662059856319062
30817,YBR212W YCR028C-A,1.0,NA,0.8873164653778076,2024,1049,29992,826,0.94467557758697,0.6586397657012691,0.7101754385964912,0.03379401436809381,0.9662059856319062
30818,YHR120W YJL112W,1.0,NA,0.8874173760414124,2023,1049,29992,827,0.9446460712283498,0.6585286458333334,0.7098245614035088,0.03379401436809381,0.9662059856319062
30819,YGR061C YBL045C,0.0,NA,0.887545108795166,2023,1048,29993,827,0.94467557758697,0.6587430804298274,0.7098245614035088,0.03376179891111755,0.9662382010888825
30820,YER072W YIR033W,0.0,NA,0.8875591158866882,2023,1047,29994,827,0.9447050839455903,0.6589576547231271,0.7098245614035088,0.033729583454141294,0.9662704165458587
30821,YOR037W YMR012W,1.0,NA,0.8878102898597717,2022,1047,29994,828,0.94467557758697,0.6588465298142717,0.7094736842105264,0.033729583454141294,0.9662704165458587
30822,YGR092W YPL082C,0.0,NA,0.8879241943359375,2022,1046,29995,828,0.9447050839455903,0.6590612777053455,0.7094736842105264,0.03369736799716504,0.966302632002835
30823,YPL140C YIR037W,0.0,NA,0.8880670666694641,2022,1045,29996,828,0.9447345903042106,0.6592761656341702,0.7094736842105264,0.03366515254018878,0.9663348474598112
30824,YBR179C YOR330C,1.0,NA,0.8881881833076477,2021,1045,29996,829,0.9447050839455903,0.6591650358773646,0.7091228070175438,0.03366515254018878,0.9663348474598112
30825,YOR037W YOR266W,1.0,NA,0.888227105140686,2020,1045,29996,830,0.94467557758697,0.6590538336052202,0.7087719298245614,0.03366515254018878,0.9663348474598112
30826,YPL098C YPR125W,1.0,NA,0.8885080814361572,2019,1045,29996,831,0.9446460712283498,0.6589425587467362,0.708421052631579,0.03366515254018878,0.9663348474598112
30827,YBR284W YDR545W,0.0,NA,0.888594388961792,2019,1044,29997,831,0.94467557758697,0.6591576885406464,0.708421052631579,0.03363293708321253,0.9663670629167874
30828,YBR179C YMR211W,1.0,NA,0.8886154294013977,2018,1044,29997,832,0.9446460712283498,0.659046374918354,0.7080701754385965,0.03363293708321253,0.9663670629167874
30829,YBR179C YPR131C,1.0,NA,0.8888496160507202,2017,1044,29997,833,0.9446165648697294,0.6589349885658281,0.7077192982456141,0.03363293708321253,0.9663670629167874
30830,YJR065C YDL142C,1.0,NA,0.8889851570129395,2016,1044,29997,834,0.9445870585111091,0.6588235294117647,0.7073684210526315,0.03363293708321253,0.9663670629167874
30831,YIL062C YMR072W,1.0,NA,0.8891116380691528,2015,1044,29997,835,0.9445575521524888,0.6587119973847663,0.7070175438596491,0.03363293708321253,0.9663670629167874
30832,YPL195W YGR276C,0.0,NA,0.8891206383705139,2015,1043,29998,835,0.9445870585111091,0.6589274035317201,0.7070175438596491,0.03360072162623627,0.9663992783737637
30833,YCR067C YER115C,0.0,NA,0.8894351720809937,2015,1042,29999,835,0.9446165648697294,0.6591429506051685,0.7070175438596491,0.033568506169260014,0.96643149383074
30834,YIL065C YOR330C,1.0,NA,0.8894792795181274,2014,1042,29999,836,0.9445870585111091,0.6590314136125655,0.7066666666666667,0.033568506169260014,0.96643149383074
30835,YHR120W YNL066W,1.0,NA,0.889597475528717,2013,1042,29999,837,0.9445575521524888,0.6589198036006547,0.7063157894736842,0.033568506169260014,0.96643149383074
30836,YEL027W YOR210W,0.0,NA,0.8896963596343994,2013,1041,30000,837,0.9445870585111091,0.6591355599214146,0.7063157894736842,0.033536290712283756,0.9664637092877163
30837,YGL008C YGR232W,0.0,NA,0.8897811770439148,2013,1040,30001,837,0.9446165648697294,0.6593514575827055,0.7063157894736842,0.0335040752553075,0.9664959247446925
30838,YJR120W YMR072W,1.0,NA,0.8898552656173706,2012,1040,30001,838,0.9445870585111091,0.6592398427260813,0.7059649122807018,0.0335040752553075,0.9664959247446925
30839,YBR212W YBR091C,1.0,NA,0.8899208903312683,2011,1040,30001,839,0.9445575521524888,0.6591281547033759,0.7056140350877192,0.0335040752553075,0.9664959247446925
30840,YLL040C YML095C,0.0,NA,0.8900164365768433,2011,1039,30002,839,0.9445870585111091,0.6593442622950819,0.7056140350877192,0.03347185979833124,0.9665281402016688
30841,YBR192W YOR326W,1.0,NA,0.8900517821311951,2010,1039,30002,840,0.9445575521524888,0.6592325352574615,0.7052631578947368,0.03347185979833124,0.9665281402016688
30842,YML058W YOL027C,1.0,NA,0.8900551795959473,2009,1039,30002,841,0.9445280457938686,0.6591207349081365,0.7049122807017544,0.03347185979833124,0.9665281402016688
30843,YBL063W YDR287W,0.0,NA,0.8900586366653442,2009,1038,30003,841,0.9445575521524888,0.6593370528388579,0.7049122807017544,0.033439644341354983,0.9665603556586451
30844,YDL219W YPL249C,0.0,NA,0.8900619745254517,2009,1037,30004,841,0.9445870585111091,0.6595535128036769,0.7049122807017544,0.033407428884378726,0.9665925711156212
30845,YJL189W YBR086C,0.0,NA,0.8905400037765503,2009,1036,30005,841,0.9446165648697294,0.6597701149425287,0.7049122807017544,0.03337521342740247,0.9666247865725975
30846,YOR266W YMR012W,1.0,NA,0.8905969858169556,2008,1036,30005,842,0.9445870585111091,0.6596583442838371,0.7045614035087719,0.03337521342740247,0.9666247865725975
30847,YKL013C YFL036W,1.0,NA,0.8907274007797241,2007,1036,30005,843,0.9445575521524888,0.6595465001643115,0.7042105263157895,0.03337521342740247,0.9666247865725975
30848,YLR185W YNR067C,0.0,NA,0.8908637166023254,2007,1035,30006,843,0.9445870585111091,0.6597633136094675,0.7042105263157895,0.03334299797042621,0.9666570020295738
30849,YGL020C YLL013C,1.0,NA,0.8908985257148743,2006,1035,30006,844,0.9445575521524888,0.6596514304505097,0.703859649122807,0.03334299797042621,0.9666570020295738
30850,YLR304C YMR012W,1.0,NA,0.8910554647445679,2005,1035,30006,845,0.9445280457938686,0.6595394736842105,0.7035087719298245,0.03334299797042621,0.9666570020295738
30851,YKL013C YDR077W,1.0,NA,0.8910872340202332,2004,1035,30006,846,0.9444985394352483,0.6594274432379073,0.7031578947368421,0.03334299797042621,0.9666570020295738
30852,YBR293W YAL023C,0.0,NA,0.8912405371665955,2004,1034,30007,846,0.9445280457938686,0.6596445029624753,0.7031578947368421,0.03331078251344995,0.96668921748655
30853,YBR234C YOR211C,1.0,NA,0.8915082216262817,2003,1034,30007,847,0.9444985394352483,0.6595324333223576,0.7028070175438597,0.03331078251344995,0.96668921748655
30854,YMR241W YBR234C,1.0,NA,0.8917182683944702,2002,1034,30007,848,0.944469033076628,0.6594202898550725,0.7024561403508772,0.03331078251344995,0.96668921748655
30855,YHR194W YNL121C,1.0,NA,0.8917338252067566,2001,1034,30007,849,0.9444395267180077,0.6593080724876441,0.7021052631578948,0.03331078251344995,0.96668921748655
30856,YGR217W YOL075C,0.0,NA,0.8917688131332397,2001,1033,30008,849,0.944469033076628,0.6595253790375741,0.7021052631578948,0.033278567056473696,0.9667214329435263
30857,YDR379W YPR069C,0.0,NA,0.891960620880127,2001,1032,30009,849,0.9444985394352483,0.6597428288822947,0.7021052631578948,0.03324635159949744,0.9667536484005026
30858,YNL079C YOR326W,1.0,NA,0.8920504450798035,2000,1032,30009,850,0.944469033076628,0.6596306068601583,0.7017543859649122,0.03324635159949744,0.9667536484005026
30859,YLR368W YPL098C,1.0,NA,0.8921396732330322,1999,1032,30009,851,0.9444395267180077,0.6595183107885186,0.7014035087719298,0.03324635159949744,0.9667536484005026
30860,YOR360C YDR469W,0.0,NA,0.8922182321548462,1999,1031,30010,851,0.944469033076628,0.6597359735973597,0.7014035087719298,0.03321413614252118,0.9667858638574788
30861,YHR031C YHR194W,1.0,NA,0.8923220634460449,1998,1031,30010,852,0.9444395267180077,0.6596236381644107,0.7010526315789474,0.03321413614252118,0.9667858638574788
30862,YNL213C YER154W,1.0,NA,0.8925403356552124,1997,1031,30010,853,0.9444100203593875,0.6595112285336856,0.7007017543859649,0.03321413614252118,0.9667858638574788
30863,YOR008C-A YBR038W,0.0,NA,0.8928266167640686,1997,1030,30011,853,0.9444395267180077,0.6597291047241494,0.7007017543859649,0.03318192068554492,0.9668180793144551
30864,YLR368W YBR179C,1.0,NA,0.8928790092468262,1996,1030,30011,854,0.9444100203593875,0.6596166556510245,0.7003508771929825,0.03318192068554492,0.9668180793144551
30865,YPR131C YDL217C,1.0,NA,0.8931827545166016,1995,1030,30011,855,0.9443805140007672,0.6595041322314049,0.7,0.03318192068554492,0.9668180793144551
30866,YJL097W YNL289W,0.0,NA,0.8932865262031555,1995,1029,30012,855,0.9444100203593875,0.6597222222222222,0.7,0.033149705228568666,0.9668502947714314
30867,YFL036W YKR042W,1.0,NA,0.89329594373703,1994,1029,30012,856,0.9443805140007672,0.6596096592788621,0.6996491228070175,0.033149705228568666,0.9668502947714314
30868,YDR501W YPL135W,0.0,NA,0.8933610916137695,1994,1028,30013,856,0.9444100203593875,0.6598279285241562,0.6996491228070175,0.03311748977159241,0.9668825102284075
30869,YMR247C YNL292W,0.0,NA,0.8936264514923096,1994,1027,30014,856,0.9444395267180077,0.6600463422707713,0.6996491228070175,0.03308527431461615,0.9669147256853838
30870,YKL203C YER052C,0.0,NA,0.89369136095047,1994,1026,30015,856,0.944469033076628,0.6602649006622516,0.6996491228070175,0.03305305885763989,0.9669469411423601
30871,YKL053C-A YNR035C,1.0,NA,0.8937681913375854,1993,1026,30015,857,0.9444395267180077,0.6601523683338854,0.6992982456140351,0.03305305885763989,0.9669469411423601
30872,YOR037W YIL065C,1.0,NA,0.893774688243866,1992,1026,30015,858,0.9444100203593875,0.6600397614314115,0.6989473684210527,0.03305305885763989,0.9669469411423601
30873,YNL026W YPR083W,1.0,NA,0.89383465051651,1991,1026,30015,859,0.9443805140007672,0.6599270798806761,0.6985964912280702,0.03305305885763989,0.9669469411423601
30874,YKL062W YNL327W,0.0,NA,0.8938462734222412,1991,1025,30016,859,0.9444100203593875,0.6601458885941645,0.6985964912280702,0.033020843400663635,0.9669791565993363
30875,YMR044W YBR238C,0.0,NA,0.8938718438148499,1991,1024,30017,859,0.9444395267180077,0.6603648424543946,0.6985964912280702,0.03298862794368738,0.9670113720563126
30876,YNL302C YGR002C,0.0,NA,0.893966019153595,1991,1023,30018,859,0.944469033076628,0.6605839416058394,0.6985964912280702,0.03295641248671113,0.9670435875132889
30877,YPL098C YBR091C,1.0,NA,0.8940961956977844,1990,1023,30018,860,0.9444395267180077,0.6604712910720213,0.6982456140350877,0.03295641248671113,0.9670435875132889
30878,YGR009C YNL290W,0.0,NA,0.8941429853439331,1990,1022,30019,860,0.944469033076628,0.6606905710491368,0.6982456140350877,0.03292419702973487,0.9670758029702652
30879,YNL079C YJR135W-A,1.0,NA,0.8941603899002075,1989,1022,30019,861,0.9444395267180077,0.6605778811026237,0.6978947368421052,0.03292419702973487,0.9670758029702652
30880,YFL008W YLR103C,0.0,NA,0.8941840529441833,1989,1021,30020,861,0.944469033076628,0.660797342192691,0.6978947368421052,0.03289198157275861,0.9671080184272414
30881,YJL108C YDR364C,0.0,NA,0.894186794757843,1989,1020,30021,861,0.9444985394352483,0.6610169491525424,0.6978947368421052,0.032859766115782355,0.9671402338842177
30882,YOR163W YHR138C,0.0,NA,0.8942868113517761,1989,1019,30022,861,0.9445280457938686,0.6612367021276596,0.6978947368421052,0.0328275506588061,0.967172449341194
30883,YNL037C YLR455W,0.0,NA,0.8942946195602417,1989,1018,30023,861,0.9445575521524888,0.661456601263718,0.6978947368421052,0.03279533520182984,0.9672046647981701
30884,YIL138C YLL013C,1.0,NA,0.8943138122558594,1988,1018,30023,862,0.9445280457938686,0.6613439787092482,0.6975438596491228,0.03279533520182984,0.9672046647981701
30885,YDL142C YLL006W,1.0,NA,0.8943410515785217,1987,1018,30023,863,0.9444985394352483,0.6612312811980033,0.6971929824561404,0.03279533520182984,0.9672046647981701
30886,YBR210W YBR078W,0.0,NA,0.8944346904754639,1987,1017,30024,863,0.9445280457938686,0.6614513981358189,0.6971929824561404,0.03276311974485358,0.9672368802551464
30887,YKL055C YDL076C,0.0,NA,0.8946961760520935,1987,1016,30025,863,0.9445575521524888,0.6616716616716617,0.6971929824561404,0.032730904287877324,0.9672690957121227
30888,YJR065C YNL213C,1.0,NA,0.8947655558586121,1986,1016,30025,864,0.9445280457938686,0.6615589606928715,0.6968421052631579,0.032730904287877324,0.9672690957121227
30889,YJR016C YDR059C,0.0,NA,0.8948591351509094,1986,1015,30026,864,0.9445575521524888,0.6617794068643785,0.6968421052631579,0.03269868883090107,0.9673013111690989
30890,YDR150W YOR266W,1.0,NA,0.8948891758918762,1985,1015,30026,865,0.9445280457938686,0.6616666666666666,0.6964912280701754,0.03269868883090107,0.9673013111690989
30891,YNL044W YOR063W,0.0,NA,0.8949264287948608,1985,1014,30027,865,0.9445575521524888,0.6618872957652551,0.6964912280701754,0.03266647337392481,0.9673335266260752
30892,YHR086W YCR073W-A,0.0,NA,0.8949279189109802,1985,1013,30028,865,0.9445870585111091,0.662108072048032,0.6964912280701754,0.03263425791694855,0.9673657420830515
30893,YDL142C YNL213C,1.0,NA,0.8953210711479187,1984,1013,30028,866,0.9445575521524888,0.6619953286619953,0.696140350877193,0.03263425791694855,0.9673657420830515
30894,YHR031C YNR035C,1.0,NA,0.8953894972801208,1983,1013,30028,867,0.9445280457938686,0.6618825100133512,0.6957894736842105,0.03263425791694855,0.9673657420830515
30895,YKL062W YGL124C,0.0,NA,0.8955585956573486,1983,1012,30029,867,0.9445575521524888,0.6621035058430718,0.6957894736842105,0.032602042459972294,0.9673979575400277
30896,YOR245C YHR214C-B,0.0,NA,0.8958706855773926,1983,1011,30030,867,0.9445870585111091,0.6623246492985972,0.6957894736842105,0.03256982700299604,0.967430172997004
30897,YMR127C YCR008W,0.0,NA,0.8959945440292358,1983,1010,30031,867,0.9446165648697294,0.6625459405278984,0.6957894736842105,0.03253761154601978,0.9674623884539802
30898,YFL039C YNR035C,1.0,NA,0.8960113525390625,1982,1010,30031,868,0.9445870585111091,0.6624331550802139,0.6954385964912281,0.03253761154601978,0.9674623884539802
30899,YIL051C YNL066W,1.0,NA,0.8960468769073486,1981,1010,30031,869,0.9445575521524888,0.6623202942159813,0.6950877192982456,0.03253761154601978,0.9674623884539802
30900,YKL216W YPL084W,0.0,NA,0.8960646986961365,1981,1009,30032,869,0.9445870585111091,0.6625418060200668,0.6950877192982456,0.03250539608904352,0.9674946039109564
30901,YOR330C YGR101W,1.0,NA,0.8961967825889587,1980,1009,30032,870,0.9445575521524888,0.6624289059886249,0.6947368421052632,0.03250539608904352,0.9674946039109564
30902,YKR036C YIL051C,1.0,NA,0.8962394595146179,1979,1009,30032,871,0.9445280457938686,0.6623159303882196,0.6943859649122807,0.03250539608904352,0.9674946039109564
30903,YCL011C YDR461W,0.0,NA,0.8962571024894714,1979,1008,30033,871,0.9445575521524888,0.6625376632072313,0.6943859649122807,0.032473180632067264,0.9675268193679327
30904,YER154W YOR330C,1.0,NA,0.896720826625824,1978,1008,30033,872,0.9445280457938686,0.6624246483590087,0.6940350877192982,0.032473180632067264,0.9675268193679327
30905,YGL055W YHR120W,1.0,NA,0.8969408869743347,1977,1008,30033,873,0.9444985394352483,0.6623115577889447,0.6936842105263158,0.032473180632067264,0.9675268193679327
30906,YJL100W YPR120C,0.0,NA,0.8969997763633728,1977,1007,30034,873,0.9445280457938686,0.6625335120643432,0.6936842105263158,0.032440965175091006,0.967559034824909
30907,YMR302C YLR370C,1.0,NA,0.8971239924430847,1976,1007,30034,874,0.9444985394352483,0.6624203821656051,0.6933333333333334,0.032440965175091006,0.967559034824909
30908,YHR001W YGL195W,0.0,NA,0.8971468210220337,1976,1006,30035,874,0.9445280457938686,0.6626425217974514,0.6933333333333334,0.03240874971811475,0.9675912502818852
30909,YOL060C YKL013C,1.0,NA,0.8972851037979126,1975,1006,30035,875,0.9444985394352483,0.6625293525662529,0.6929824561403509,0.03240874971811475,0.9675912502818852
30910,YOR143C YDL147W,0.0,NA,0.8974629044532776,1975,1005,30036,875,0.9445280457938686,0.662751677852349,0.6929824561403509,0.03237653426113849,0.9676234657388615
30911,YER048W-A YKL210W,0.0,NA,0.8975490927696228,1975,1004,30037,875,0.9445575521524888,0.6629741524001342,0.6929824561403509,0.032344318804162234,0.9676556811958378
30912,YMR134W YNL066W,1.0,NA,0.8975858092308044,1974,1004,30037,876,0.9445280457938686,0.6628609805238415,0.6926315789473684,0.032344318804162234,0.9676556811958378
30913,YDR059C YMR108W,0.0,NA,0.8975987434387207,1974,1003,30038,876,0.9445575521524888,0.6630836412495801,0.6926315789473684,0.03231210334718598,0.9676878966528141
30914,YNL213C YOL060C,1.0,NA,0.8976272940635681,1973,1003,30038,877,0.9445280457938686,0.6629704301075269,0.6922807017543859,0.03231210334718598,0.9676878966528141
30915,YDL155W YIL166C,0.0,NA,0.8976422548294067,1973,1002,30039,877,0.9445575521524888,0.6631932773109244,0.6922807017543859,0.032279887890209726,0.9677201121097903
30916,YDR390C YER164W,0.0,NA,0.897646427154541,1973,1001,30040,877,0.9445870585111091,0.6634162743779422,0.6922807017543859,0.03224767243323347,0.9677523275667665
30917,YBR192W YBR179C,1.0,NA,0.8976761102676392,1972,1001,30040,878,0.9445575521524888,0.6633030608812647,0.6919298245614035,0.03224767243323347,0.9677523275667665
30918,YOR230W YNL231C,0.0,NA,0.8977776169776917,1972,1000,30041,878,0.9445870585111091,0.6635262449528937,0.6919298245614035,0.03221545697625721,0.9677845430237428
30919,YNL070W YOR266W,1.0,NA,0.8980079889297485,1971,1000,30041,879,0.9445575521524888,0.6634129922584988,0.6915789473684211,0.03221545697625721,0.9677845430237428
30920,YIL051C YFL036W,1.0,NA,0.8981046080589294,1970,1000,30041,880,0.9445280457938686,0.6632996632996633,0.6912280701754386,0.03221545697625721,0.9677845430237428
30921,YGR217W YIR041W,0.0,NA,0.8981547355651855,1970,999,30042,880,0.9445575521524888,0.6635230717413271,0.6912280701754386,0.03218324151928095,0.967816758480719
30922,YNL281W YMR192W,0.0,NA,0.8981754183769226,1970,998,30043,880,0.9445870585111091,0.6637466307277629,0.6912280701754386,0.032151026062304695,0.9678489739376953
30923,YNL079C YDR077W,1.0,NA,0.8981980085372925,1969,998,30043,881,0.9445575521524888,0.6636332996292551,0.6908771929824561,0.032151026062304695,0.9678489739376953
30924,YPR103W YBR299W,0.0,NA,0.8982950448989868,1969,997,30044,881,0.9445870585111091,0.6638570465273095,0.6908771929824561,0.03211881060532844,0.9678811893946716
30925,YJL054W YGR181W,1.0,NA,0.898462176322937,1968,997,30044,882,0.9445575521524888,0.663743676222597,0.6905263157894737,0.03211881060532844,0.9678811893946716
30926,YDR495C YDL170W,0.0,NA,0.898729681968689,1968,996,30045,882,0.9445870585111091,0.6639676113360324,0.6905263157894737,0.03208659514835218,0.9679134048516478
30927,YNL079C YGR101W,1.0,NA,0.898883581161499,1967,996,30045,883,0.9445575521524888,0.6638542018224772,0.6901754385964912,0.03208659514835218,0.9679134048516478
30928,YMR072W YMR241W,1.0,NA,0.898892343044281,1966,996,30045,884,0.9445280457938686,0.6637407157326131,0.6898245614035088,0.03208659514835218,0.9679134048516478
30929,YDL105W YPL174C,0.0,NA,0.8989212512969971,1966,995,30046,884,0.9445575521524888,0.6639648767308342,0.6898245614035088,0.03205437969137592,0.9679456203086241
30930,YNL084C YCL018W,0.0,NA,0.8989231586456299,1966,994,30047,884,0.9445870585111091,0.6641891891891892,0.6898245614035088,0.032022164234399665,0.9679778357656004
30931,YBL002W YIL099W,0.0,NA,0.8989816308021545,1966,993,30048,884,0.9446165648697294,0.6644136532612369,0.6898245614035088,0.03198994877742341,0.9680100512225766
30932,YLL058W YOR157C,0.0,NA,0.8990451097488403,1966,992,30049,884,0.9446460712283498,0.6646382691007438,0.6898245614035088,0.03195773332044715,0.9680422666795528
30933,YJL054W YGL219C,1.0,NA,0.8990655541419983,1965,992,30049,885,0.9446165648697294,0.6645248562732499,0.6894736842105263,0.03195773332044715,0.9680422666795528
30934,YMR231W YDR378C,0.0,NA,0.8991633653640747,1965,991,30050,885,0.9446460712283498,0.6647496617050067,0.6894736842105263,0.03192551786347089,0.9680744821365291
30935,YNL121C YBR234C,1.0,NA,0.8994924426078796,1964,991,30050,886,0.9446165648697294,0.6646362098138748,0.6891228070175439,0.03192551786347089,0.9680744821365291
30936,YDL113C YOL013C,0.0,NA,0.8997682929039001,1964,990,30051,886,0.9446460712283498,0.6648612051455653,0.6891228070175439,0.031893302406494635,0.9681066975935053
30937,YHR083W YIL065C,1.0,NA,0.8999904990196228,1963,990,30051,887,0.9446165648697294,0.6647477141889604,0.6887719298245614,0.031893302406494635,0.9681066975935053
30938,YDR394W YMR235C,0.0,NA,0.9001460075378418,1963,989,30052,887,0.9446460712283498,0.6649728997289973,0.6887719298245614,0.03186108694951838,0.9681389130504816
30939,YDL217C YNL066W,1.0,NA,0.9004644751548767,1962,989,30052,888,0.9446165648697294,0.6648593697051847,0.6884210526315789,0.03186108694951838,0.9681389130504816
30940,YER154W YMR012W,1.0,NA,0.9004990458488464,1961,989,30052,889,0.9445870585111091,0.6647457627118644,0.6880701754385965,0.03186108694951838,0.9681389130504816
30941,YER044C YPL057C,0.0,NA,0.9005289077758789,1961,988,30053,889,0.9446165648697294,0.6649711766700577,0.6880701754385965,0.03182887149254212,0.9681711285074579
30942,YPL195W YER082C,0.0,NA,0.9005534648895264,1961,987,30054,889,0.9446460712283498,0.6651967435549525,0.6880701754385965,0.03179665603556586,0.9682033439644341
30943,YKR036C YMR060C,1.0,NA,0.9006223082542419,1960,987,30054,890,0.9446165648697294,0.665083135391924,0.6877192982456141,0.03179665603556586,0.9682033439644341
30944,YNL070W YBR179C,1.0,NA,0.9007485508918762,1959,987,30054,891,0.9445870585111091,0.664969450101833,0.6873684210526316,0.03179665603556586,0.9682033439644341
30945,YJR065C YKL053C-A,1.0,NA,0.9007554054260254,1958,987,30054,892,0.9445575521524888,0.664855687606112,0.6870175438596491,0.03179665603556586,0.9682033439644341
30946,YDL142C YCR028C-A,1.0,NA,0.9007664322853088,1957,987,30054,893,0.9445280457938686,0.6647418478260869,0.6866666666666666,0.03179665603556586,0.9682033439644341
30947,YMR119W YMR116C,0.0,NA,0.9008623957633972,1957,986,30055,893,0.9445575521524888,0.6649677200135916,0.6866666666666666,0.031764440578589605,0.9682355594214104
30948,YBR119W YLR231C,0.0,NA,0.9010210037231445,1957,985,30056,893,0.9445870585111091,0.6651937457511896,0.6866666666666666,0.03173222512161335,0.9682677748783867
30949,YIL138C YDR219C,1.0,NA,0.9010337591171265,1956,985,30056,894,0.9445575521524888,0.6650799047942877,0.6863157894736842,0.03173222512161335,0.9682677748783867
30950,YJR065C YPR083W,1.0,NA,0.9010447859764099,1955,985,30056,895,0.9445280457938686,0.6649659863945578,0.6859649122807018,0.03173222512161335,0.9682677748783867
30951,YNL272C YAL042W,0.0,NA,0.9010539054870605,1955,984,30057,895,0.9445575521524888,0.6651922422592719,0.6859649122807018,0.03170000966463709,0.968299990335363
30952,YNL214W YDL007W,0.0,NA,0.901171088218689,1955,983,30058,895,0.9445870585111091,0.6654186521443158,0.6859649122807018,0.03166779420766084,0.9683322057923391
30953,YGL086W YMR311C,0.0,NA,0.90144282579422,1955,982,30059,895,0.9446165648697294,0.665645216207014,0.6859649122807018,0.03163557875068458,0.9683644212493154
30954,YIR031C YBR012W-B,0.0,NA,0.9014553427696228,1955,981,30060,895,0.9446460712283498,0.6658719346049047,0.6859649122807018,0.031603363293708324,0.9683966367062917
30955,YPR083W YIL065C,1.0,NA,0.901482343673706,1954,981,30060,896,0.9446165648697294,0.6657580919931857,0.6856140350877193,0.031603363293708324,0.9683966367062917
30956,YOR037W YBR234C,1.0,NA,0.9015438556671143,1953,981,30060,897,0.9445870585111091,0.6656441717791411,0.6852631578947368,0.031603363293708324,0.9683966367062917
30957,YJR135W-A YKR042W,1.0,NA,0.9016153812408447,1952,981,30060,898,0.9445575521524888,0.6655301738833959,0.6849122807017544,0.031603363293708324,0.9683966367062917
30958,YGL227W YER119C,0.0,NA,0.9016324281692505,1952,980,30061,898,0.9445870585111091,0.6657571623465212,0.6849122807017544,0.031571147836732066,0.9684288521632679
30959,YJR135W-A YBR179C,1.0,NA,0.9016526341438293,1951,980,30061,899,0.9445575521524888,0.6656431252132378,0.6845614035087719,0.031571147836732066,0.9684288521632679
30960,YDR086C YDR127W,0.0,NA,0.9016584157943726,1951,979,30062,899,0.9445870585111091,0.6658703071672355,0.6845614035087719,0.03153893237975581,0.9684610676202442
30961,YFL039C YMR060C,1.0,NA,0.9016671180725098,1950,979,30062,900,0.9445575521524888,0.6657562307954934,0.6842105263157895,0.03153893237975581,0.9684610676202442
30962,YDL019C YGR077C,0.0,NA,0.9018118381500244,1950,978,30063,900,0.9445870585111091,0.6659836065573771,0.6842105263157895,0.03150671692277955,0.9684932830772205
30963,YJL130C YBL045C,0.0,NA,0.9019796252250671,1950,977,30064,900,0.9446165648697294,0.6662111376836352,0.6842105263157895,0.031474501465803294,0.9685254985341967
30964,YPL242C YPL133C,0.0,NA,0.9020117521286011,1950,976,30065,900,0.9446460712283498,0.6664388243335612,0.6842105263157895,0.031442286008827036,0.968557713991173
30965,YBL056W YAL013W,0.0,NA,0.9020337462425232,1950,975,30066,900,0.94467557758697,0.6666666666666666,0.6842105263157895,0.03141007055185078,0.9685899294481493
30966,YMR302C YOR326W,1.0,NA,0.9021186232566833,1949,975,30066,901,0.9446460712283498,0.6665526675786594,0.6838596491228071,0.03141007055185078,0.9685899294481493
30967,YJL174W YIL147C,0.0,NA,0.9021379351615906,1949,974,30067,901,0.94467557758697,0.6667807047553883,0.6838596491228071,0.03137785509487452,0.9686221449051254
30968,YKR036C YER154W,1.0,NA,0.9025599360466003,1948,974,30067,902,0.9446460712283498,0.6666666666666666,0.6835087719298245,0.03137785509487452,0.9686221449051254
30969,YPL095C YOL044W,0.0,NA,0.9027987122535706,1948,973,30068,902,0.94467557758697,0.6668948990071893,0.6835087719298245,0.031345639637898264,0.9686543603621017
30970,YMR123W YLR452C,0.0,NA,0.9028133153915405,1948,972,30069,902,0.9447050839455903,0.6671232876712329,0.6835087719298245,0.031313424180922006,0.968686575819078
30971,YDR480W YKL182W,0.0,NA,0.9028527736663818,1948,971,30070,902,0.9447345903042106,0.6673518328194588,0.6835087719298245,0.03128120872394575,0.9687187912760542
30972,YLR355C YML091C,1.0,NA,0.903053343296051,1947,971,30070,903,0.9447050839455903,0.6672378341329678,0.6831578947368421,0.03128120872394575,0.9687187912760542
30973,YMR072W YLL013C,1.0,NA,0.9030582904815674,1946,971,30070,904,0.94467557758697,0.6671237572848817,0.6828070175438596,0.03128120872394575,0.9687187912760542
30974,YHR120W YOR330C,1.0,NA,0.9030727744102478,1945,971,30070,905,0.9446460712283498,0.6670096021947873,0.6824561403508772,0.03128120872394575,0.9687187912760542
30975,YNL025C YKL138C-A,0.0,NA,0.9030784368515015,1945,970,30071,905,0.94467557758697,0.6672384219554031,0.6824561403508772,0.03124899326696949,0.9687510067330305
30976,YDR077W YNL066W,1.0,NA,0.9031113982200623,1944,970,30071,906,0.9446460712283498,0.667124227865477,0.6821052631578948,0.03124899326696949,0.9687510067330305
30977,YGR047C YBR042C,0.0,NA,0.9031848907470703,1944,969,30072,906,0.94467557758697,0.6673532440782698,0.6821052631578948,0.031216777809993233,0.9687832221900068
30978,YDR099W YER167W,0.0,NA,0.9031861424446106,1944,968,30073,906,0.9447050839455903,0.6675824175824175,0.6821052631578948,0.03118456235301698,0.968815437646983
30979,YBR192W YNR035C,1.0,NA,0.9031906723976135,1943,968,30073,907,0.94467557758697,0.6674682239780144,0.6817543859649123,0.03118456235301698,0.968815437646983
30980,YBR192W YHR194W,1.0,NA,0.9031975269317627,1942,968,30073,908,0.9446460712283498,0.6673539518900343,0.6814035087719298,0.03118456235301698,0.968815437646983
30981,YDL219W YOL113W,0.0,NA,0.903211772441864,1942,967,30074,908,0.94467557758697,0.6675833619800619,0.6814035087719298,0.03115234689604072,0.9688476531039593
30982,YFL036W YML091C,1.0,NA,0.9032479524612427,1941,967,30074,909,0.9446460712283498,0.6674690508940853,0.6810526315789474,0.03115234689604072,0.9688476531039593
30983,YAR003W YMR313C,0.0,NA,0.9033092856407166,1941,966,30075,909,0.94467557758697,0.6676986584107327,0.6810526315789474,0.031120131439064464,0.9688798685609356
30984,YHR120W YPR083W,1.0,NA,0.9033451676368713,1940,966,30075,910,0.9446460712283498,0.6675843083275981,0.6807017543859649,0.031120131439064464,0.9688798685609356
30985,YGR282C YLR074C,0.0,NA,0.9033893346786499,1940,965,30076,910,0.94467557758697,0.6678141135972461,0.6807017543859649,0.031087915982088207,0.9689120840179118
30986,YOL095C YJR135W-A,1.0,NA,0.9033926725387573,1939,965,30076,911,0.9446460712283498,0.6676997245179064,0.6803508771929825,0.031087915982088207,0.9689120840179118
30987,YAL022C YBR098W,0.0,NA,0.903498113155365,1939,964,30077,911,0.94467557758697,0.6679297278677231,0.6803508771929825,0.03105570052511195,0.968944299474888
30988,YIL138C YHR083W,1.0,NA,0.9035248756408691,1938,964,30077,912,0.9446460712283498,0.667815299793246,0.68,0.03105570052511195,0.968944299474888
30989,YKL104C YJR106W,0.0,NA,0.9035642147064209,1938,963,30078,912,0.94467557758697,0.6680455015511892,0.68,0.03102348506813569,0.9689765149318643
30990,YJR065C YOL027C,1.0,NA,0.9035777449607849,1937,963,30078,913,0.9446460712283498,0.6679310344827586,0.6796491228070175,0.03102348506813569,0.9689765149318643
30991,YJR065C YDR219C,1.0,NA,0.9037358164787292,1936,963,30078,914,0.9446165648697294,0.6678164884442911,0.6792982456140351,0.03102348506813569,0.9689765149318643
30992,YFL039C YMR241W,1.0,NA,0.9037659168243408,1935,963,30078,915,0.9445870585111091,0.6677018633540373,0.6789473684210526,0.03102348506813569,0.9689765149318643
30993,YGR222W YHR163W,0.0,NA,0.904005229473114,1935,962,30079,915,0.9446165648697294,0.6679323438039351,0.6789473684210526,0.030991269611159434,0.9690087303888406
30994,YDR150W YGL020C,1.0,NA,0.9041069149971008,1934,962,30079,916,0.9445870585111091,0.6678176795580111,0.6785964912280702,0.030991269611159434,0.9690087303888406
30995,YDR096W YKR090W,0.0,NA,0.9042919278144836,1934,961,30080,916,0.9446165648697294,0.6680483592400691,0.6785964912280702,0.030959054154183176,0.9690409458458168
30996,YKR039W YPL048W,0.0,NA,0.9042949676513672,1934,960,30081,916,0.9446460712283498,0.668279198341396,0.6785964912280702,0.03092683869720692,0.9690731613027931
30997,YOL027C YMR211W,1.0,NA,0.9043764472007751,1933,960,30081,917,0.9446165648697294,0.6681645350846872,0.6782456140350878,0.03092683869720692,0.9690731613027931
30998,YER090W YDL058W,0.0,NA,0.9047796130180359,1933,959,30082,917,0.9446460712283498,0.6683955739972337,0.6782456140350878,0.03089462324023066,0.9691053767597694
30999,YOL038W YHR044C,0.0,NA,0.9048706889152527,1933,958,30083,917,0.94467557758697,0.6686267727429955,0.6782456140350878,0.030862407783254404,0.9691375922167456
31000,YBR188C YOR038C,0.0,NA,0.9048994779586792,1933,957,30084,917,0.9447050839455903,0.6688581314878893,0.6782456140350878,0.03083019232627815,0.9691698076737219
31001,YDL024C YLR438C-A,0.0,NA,0.9050070643424988,1933,956,30085,917,0.9447345903042106,0.6690896503980616,0.6782456140350878,0.030797976869301892,0.9692020231306981
31002,YHR023W YDR017C,0.0,NA,0.9050233364105225,1933,955,30086,917,0.9447640966628308,0.6693213296398892,0.6782456140350878,0.030765761412325635,0.9692342385876743
31003,YOL060C YNL066W,1.0,NA,0.9050949215888977,1932,955,30086,918,0.9447345903042106,0.6692067890543817,0.6778947368421052,0.030765761412325635,0.9692342385876743
31004,YML114C YNL108C,0.0,NA,0.905303955078125,1932,954,30087,918,0.9447640966628308,0.6694386694386695,0.6778947368421052,0.030733545955349377,0.9692664540446506
31005,YLR355C YMR211W,1.0,NA,0.9054479598999023,1931,954,30087,919,0.9447345903042106,0.6693240901213171,0.6775438596491228,0.030733545955349377,0.9692664540446506
31006,YKL053C-A YBR234C,1.0,NA,0.9054839611053467,1930,954,30087,920,0.9447050839455903,0.6692094313453537,0.6771929824561403,0.030733545955349377,0.9692664540446506
31007,YKR042W YMR241W,1.0,NA,0.9056457281112671,1929,954,30087,921,0.94467557758697,0.6690946930280958,0.6768421052631579,0.030733545955349377,0.9692664540446506
31008,YDL142C YDL217C,1.0,NA,0.905754566192627,1928,954,30087,922,0.9446460712283498,0.6689798750867453,0.6764912280701755,0.030733545955349377,0.9692664540446506
31009,YNL088W YLR417W,0.0,NA,0.9058509469032288,1928,953,30088,922,0.94467557758697,0.6692120791391878,0.6764912280701755,0.03070133049837312,0.9692986695016269
31010,YIR037W YNL263C,0.0,NA,0.9058659672737122,1928,952,30089,922,0.9447050839455903,0.6694444444444444,0.6764912280701755,0.030669115041396862,0.9693308849586031
31011,YJL054W YHR083W,1.0,NA,0.9059323072433472,1927,952,30089,923,0.94467557758697,0.6693296283431747,0.6761403508771929,0.030669115041396862,0.9693308849586031
31012,YBR193C YNL326C,0.0,NA,0.9059960246086121,1927,951,30090,923,0.9447050839455903,0.6695621959694232,0.6761403508771929,0.030636899584420604,0.9693631004155794
31013,YLR370C YOR266W,1.0,NA,0.9060805439949036,1926,951,30090,924,0.94467557758697,0.6694473409801877,0.6757894736842105,0.030636899584420604,0.9693631004155794
31014,YBR179C YMR012W,1.0,NA,0.9062690734863281,1925,951,30090,925,0.9446460712283498,0.6693324061196105,0.6754385964912281,0.030636899584420604,0.9693631004155794
31015,YNL209W YER001W,0.0,NA,0.9064210057258606,1925,950,30091,925,0.94467557758697,0.6695652173913044,0.6754385964912281,0.030604684127444347,0.9693953158725557
31016,YML110C YBL061C,0.0,NA,0.9064880013465881,1925,949,30092,925,0.9447050839455903,0.6697981906750174,0.6754385964912281,0.03057246867046809,0.9694275313295319
31017,YJL034W YLR191W,0.0,NA,0.9065632820129395,1925,948,30093,925,0.9447345903042106,0.6700313261399234,0.6754385964912281,0.03054025321349183,0.9694597467865081
31018,YKR085C YMR134W,0.0,NA,0.9067611694335938,1925,947,30094,925,0.9447640966628308,0.6702646239554317,0.6754385964912281,0.030508037756515578,0.9694919622434844
31019,YOR087W YLR373C,0.0,NA,0.9068403840065002,1925,946,30095,925,0.9447936030214511,0.6704980842911877,0.6754385964912281,0.03047582229953932,0.9695241777004607
31020,YMR306W YNL225C,0.0,NA,0.9068652391433716,1925,945,30096,925,0.9448231093800714,0.6707317073170732,0.6754385964912281,0.030443606842563063,0.9695563931574369
31021,YBR192W YLL006W,1.0,NA,0.9068703651428223,1924,945,30096,926,0.9447936030214511,0.6706169397002439,0.6750877192982456,0.030443606842563063,0.9695563931574369
31022,YDR296W YDL006W,1.0,NA,0.9069429039955139,1923,945,30096,927,0.9447640966628308,0.6705020920502092,0.6747368421052632,0.030443606842563063,0.9695563931574369
31023,YEL009C YPR046W,0.0,NA,0.9069714546203613,1923,944,30097,927,0.9447936030214511,0.670735960934775,0.6747368421052632,0.030411391385586805,0.9695886086144132
31024,YBR212W YPL098C,1.0,NA,0.9069730043411255,1922,944,30097,928,0.9447640966628308,0.6706210746685276,0.6743859649122808,0.030411391385586805,0.9695886086144132
31025,YER154W YML091C,1.0,NA,0.9071683883666992,1921,944,30097,929,0.9447345903042106,0.6705061082024433,0.6740350877192982,0.030411391385586805,0.9695886086144132
31026,YOR148C YKL119C,0.0,NA,0.9072125554084778,1921,943,30098,929,0.9447640966628308,0.6707402234636871,0.6740350877192982,0.030379175928610547,0.9696208240713895
31027,YJL063C YNL213C,1.0,NA,0.9072392582893372,1920,943,30098,930,0.9447345903042106,0.6706252183024799,0.6736842105263158,0.030379175928610547,0.9696208240713895
31028,YOL095C YOR211C,1.0,NA,0.9074071645736694,1919,943,30098,931,0.9447050839455903,0.6705101327742837,0.6733333333333333,0.030379175928610547,0.9696208240713895
31029,YLR058C YER172C,0.0,NA,0.9076036810874939,1919,942,30099,931,0.9447345903042106,0.670744494931842,0.6733333333333333,0.03034696047163429,0.9696530395283657
31030,YPR024W YGR181W,1.0,NA,0.9076873064041138,1918,942,30099,932,0.9447050839455903,0.6706293706293707,0.6729824561403509,0.03034696047163429,0.9696530395283657
31031,YIL062C YER154W,1.0,NA,0.9077180027961731,1917,942,30099,933,0.94467557758697,0.670514165792235,0.6726315789473685,0.03034696047163429,0.9696530395283657
31032,YLR284C YBR012W-B,0.0,NA,0.9077640771865845,1917,941,30100,933,0.9447050839455903,0.6707487753673897,0.6726315789473685,0.030314745014658032,0.969685254985342
31033,YBL003C YGR104C,0.0,NA,0.9078139662742615,1917,940,30101,933,0.9447345903042106,0.6709835491774588,0.6726315789473685,0.030282529557681775,0.9697174704423183
31034,YJR104C YER026C,0.0,NA,0.9080268144607544,1917,939,30102,933,0.9447640966628308,0.6712184873949579,0.6726315789473685,0.030250314100705517,0.9697496858992944
31035,YDR219C YHR083W,1.0,NA,0.9080485701560974,1916,939,30102,934,0.9447345903042106,0.6711033274956217,0.6722807017543859,0.030250314100705517,0.9697496858992944
31036,YMR097C YMR156C,0.0,NA,0.9080538749694824,1916,938,30103,934,0.9447640966628308,0.6713384723195515,0.6722807017543859,0.03021809864372926,0.9697819013562707
31037,YER087C-B YJR064W,0.0,NA,0.9080847501754761,1916,937,30104,934,0.9447936030214511,0.6715737819838766,0.6722807017543859,0.030185883186753006,0.969814116813247
31038,YHR042W YIL149C,0.0,NA,0.9081815481185913,1916,936,30105,934,0.9448231093800714,0.6718092566619915,0.6722807017543859,0.030153667729776748,0.9698463322702232
31039,YJR065C YBR192W,1.0,NA,0.9082700610160828,1915,936,30105,935,0.9447936030214511,0.6716941424061733,0.6719298245614035,0.030153667729776748,0.9698463322702232
31040,YML064C YGL032C,0.0,NA,0.9083340167999268,1915,935,30106,935,0.9448231093800714,0.6719298245614035,0.6719298245614035,0.03012145227280049,0.9698785477271995
31041,YCR082W YGR267C,0.0,NA,0.9085615277290344,1915,934,30107,935,0.9448526157386917,0.6721656721656721,0.6719298245614035,0.030089236815824233,0.9699107631841758
31042,YEL040W YKR035W-A,0.0,NA,0.908599317073822,1915,933,30108,935,0.9448821220973119,0.6724016853932584,0.6719298245614035,0.030057021358847975,0.969942978641152
31043,YOR326W YJR135W-A,1.0,NA,0.9086001515388489,1914,933,30108,936,0.9448526157386917,0.672286617492097,0.671578947368421,0.030057021358847975,0.969942978641152
31044,YNL079C YPR125W,1.0,NA,0.9086032509803772,1913,933,30108,937,0.9448231093800714,0.6721714687280393,0.6712280701754386,0.030057021358847975,0.969942978641152
31045,YDR206W YLL050C,0.0,NA,0.9086179733276367,1913,932,30109,937,0.9448526157386917,0.6724077328646749,0.6712280701754386,0.030024805901871718,0.9699751940981283
31046,YER065C YDR311W,0.0,NA,0.9087896943092346,1913,931,30110,937,0.9448821220973119,0.6726441631504922,0.6712280701754386,0.02999259044489546,0.9700074095551046
31047,YGR140W YPR181C,0.0,NA,0.9088038206100464,1913,930,30111,937,0.9449116284559322,0.6728807597608161,0.6712280701754386,0.029960374987919203,0.9700396250120807
31048,YIR008C YNL007C,0.0,NA,0.9088841676712036,1913,929,30112,937,0.9449411348145526,0.6731175228712174,0.6712280701754386,0.029928159530942945,0.970071840469057
31049,YBR192W YBR091C,1.0,NA,0.9089430570602417,1912,929,30112,938,0.9449116284559322,0.6730024639211545,0.6708771929824562,0.029928159530942945,0.970071840469057
31050,YBR192W YPL098C,1.0,NA,0.909003496170044,1911,929,30112,939,0.9448821220973119,0.672887323943662,0.6705263157894736,0.029928159530942945,0.970071840469057
31051,YGL055W YPR131C,1.0,NA,0.909055233001709,1910,929,30112,940,0.9448526157386917,0.6727721028531173,0.6701754385964912,0.029928159530942945,0.970071840469057
31052,YDR150W YNL121C,1.0,NA,0.9090710878372192,1909,929,30112,941,0.9448231093800714,0.6726568005637773,0.6698245614035088,0.029928159530942945,0.970071840469057
31053,YOL095C YJL112W,1.0,NA,0.9090926647186279,1908,929,30112,942,0.9447936030214511,0.672541416989778,0.6694736842105263,0.029928159530942945,0.970071840469057
31054,YJL054W YLR370C,1.0,NA,0.9093464016914368,1907,929,30112,943,0.9447640966628308,0.672425952045134,0.6691228070175439,0.029928159530942945,0.970071840469057
31055,YNL070W YLL006W,1.0,NA,0.909466028213501,1906,929,30112,944,0.9447345903042106,0.672310405643739,0.6687719298245614,0.029928159530942945,0.970071840469057
31056,YLR355C YJR120W,1.0,NA,0.9095715284347534,1905,929,30112,945,0.9447050839455903,0.6721947776993649,0.6684210526315789,0.029928159530942945,0.970071840469057
31057,YLL006W YPR131C,1.0,NA,0.9096136689186096,1904,929,30112,946,0.94467557758697,0.6720790681256619,0.6680701754385965,0.029928159530942945,0.970071840469057
31058,YIL162W YGR230W,0.0,NA,0.9096577167510986,1904,928,30113,946,0.9447050839455903,0.672316384180791,0.6680701754385965,0.029895944073966688,0.9701040559260333
31059,YLR355C YGL020C,1.0,NA,0.9097087383270264,1903,928,30113,947,0.94467557758697,0.6722006358177323,0.667719298245614,0.029895944073966688,0.9701040559260333
31060,YOL027C YKR042W,1.0,NA,0.9097787737846375,1902,928,30113,948,0.9446460712283498,0.6720848056537102,0.6673684210526316,0.029895944073966688,0.9701040559260333
31061,YMR134W YMR211W,1.0,NA,0.9097952842712402,1901,928,30113,949,0.9446165648697294,0.6719688936019795,0.6670175438596492,0.029895944073966688,0.9701040559260333
31062,YBR212W YMR012W,1.0,NA,0.9101060032844543,1900,928,30113,950,0.9445870585111091,0.6718528995756718,0.6666666666666666,0.029895944073966688,0.9701040559260333
31063,YFL039C YCR028C-A,1.0,NA,0.9103169441223145,1899,928,30113,951,0.9445575521524888,0.6717368234877963,0.6663157894736842,0.029895944073966688,0.9701040559260333
31064,YLR368W YML091C,1.0,NA,0.9103947877883911,1898,928,30113,952,0.9445280457938686,0.6716206652512385,0.6659649122807018,0.029895944073966688,0.9701040559260333
31065,YPL040C YAL036C,0.0,NA,0.9104657173156738,1898,927,30114,952,0.9445575521524888,0.6718584070796461,0.6659649122807018,0.029863728616990434,0.9701362713830096
31066,YOL038W YPR134W,0.0,NA,0.9105401635169983,1898,926,30115,952,0.9445870585111091,0.6720963172804533,0.6659649122807018,0.029831513160014176,0.9701684868399858
31067,YNL268W YOL061W,0.0,NA,0.9105625152587891,1898,925,30116,952,0.9446165648697294,0.6723343960325895,0.6659649122807018,0.02979929770303792,0.9702007022969621
31068,YNL079C YMR302C,1.0,NA,0.9105653762817383,1897,925,30116,953,0.9445870585111091,0.6722182849043232,0.6656140350877193,0.02979929770303792,0.9702007022969621
31069,YHR031C YLR368W,1.0,NA,0.9105675220489502,1896,925,30116,954,0.9445575521524888,0.6721020914569301,0.6652631578947369,0.02979929770303792,0.9702007022969621
31070,YJR120W YLL006W,1.0,NA,0.9106488823890686,1895,925,30116,955,0.9445280457938686,0.6719858156028369,0.6649122807017543,0.02979929770303792,0.9702007022969621
31071,YBR212W YKL013C,1.0,NA,0.9106565117835999,1894,925,30116,956,0.9444985394352483,0.6718694572543455,0.6645614035087719,0.02979929770303792,0.9702007022969621
31072,YKL052C YPL233W,0.0,NA,0.9107159376144409,1894,924,30117,956,0.9445280457938686,0.6721078779276083,0.6645614035087719,0.02976708224606166,0.9702329177539384
31073,YMR302C YDR077W,1.0,NA,0.910802960395813,1893,924,30117,957,0.9444985394352483,0.6719914802981896,0.6642105263157895,0.02976708224606166,0.9702329177539384
31074,YGL137W YNL025C,0.0,NA,0.9108085632324219,1893,923,30118,957,0.9445280457938686,0.6722301136363636,0.6642105263157895,0.029734866789085403,0.9702651332109146
31075,YLR395C YIL029C,0.0,NA,0.9108893871307373,1893,922,30119,957,0.9445575521524888,0.67246891651865,0.6642105263157895,0.029702651332109146,0.9702973486678909
31076,YBR212W YIL051C,1.0,NA,0.9108949303627014,1892,922,30119,958,0.9445280457938686,0.6723525230987918,0.663859649122807,0.029702651332109146,0.9702973486678909
31077,YAL067C YAL068C,0.0,NA,0.9109548330307007,1892,921,30120,958,0.9445575521524888,0.6725915392819054,0.663859649122807,0.029670435875132888,0.9703295641248671
31078,YPR083W YPR131C,1.0,NA,0.9110074639320374,1891,921,30120,959,0.9445280457938686,0.672475106685633,0.6635087719298246,0.029670435875132888,0.9703295641248671
31079,YMR050C YJR109C,0.0,NA,0.9111171364784241,1891,920,30121,959,0.9445575521524888,0.6727143365350409,0.6635087719298246,0.02963822041815663,0.9703617795818433
31080,YER055C YHR073W,0.0,NA,0.9111238718032837,1891,919,30122,959,0.9445870585111091,0.6729537366548043,0.6635087719298246,0.029606004961180373,0.9703939950388196
31081,YDL006W YOL076W,1.0,NA,0.9112253785133362,1890,919,30122,960,0.9445575521524888,0.6728373086507654,0.6631578947368421,0.029606004961180373,0.9703939950388196
31082,YPR062W YOL001W,0.0,NA,0.9113213419914246,1890,918,30123,960,0.9445870585111091,0.6730769230769231,0.6631578947368421,0.029573789504204116,0.9704262104957959
31083,YKR036C YDR219C,1.0,NA,0.9116209149360657,1889,918,30123,961,0.9445575521524888,0.67296045600285,0.6628070175438596,0.029573789504204116,0.9704262104957959
31084,YBR200W YEL064C,0.0,NA,0.9117121696472168,1889,917,30124,961,0.9445870585111091,0.67320028510335,0.6628070175438596,0.02954157404722786,0.9704584259527721
31085,YPL137C YML092C,0.0,NA,0.9117295145988464,1889,916,30125,961,0.9446165648697294,0.6734402852049911,0.6628070175438596,0.029509358590251604,0.9704906414097484
31086,YJL054W YHR194W,1.0,NA,0.9118397831916809,1888,916,30125,962,0.9445870585111091,0.6733238231098431,0.6624561403508772,0.029509358590251604,0.9704906414097484
31087,YKR036C YHR120W,1.0,NA,0.9119327068328857,1887,916,30125,963,0.9445575521524888,0.673207277916518,0.6621052631578948,0.029509358590251604,0.9704906414097484
31088,YLR176C YDR113C,0.0,NA,0.9120227098464966,1887,915,30126,963,0.9445870585111091,0.6734475374732334,0.6621052631578948,0.029477143133275346,0.9705228568667247
31089,YNL026W YDR150W,1.0,NA,0.9120458960533142,1886,915,30126,964,0.9445575521524888,0.6733309532309889,0.6617543859649123,0.029477143133275346,0.9705228568667247
31090,YDR150W YOR330C,1.0,NA,0.9121224880218506,1885,915,30126,965,0.9445280457938686,0.6732142857142858,0.6614035087719298,0.029477143133275346,0.9705228568667247
31091,YNL079C YMR241W,1.0,NA,0.9121932983398438,1884,915,30126,966,0.9444985394352483,0.6730975348338692,0.6610526315789473,0.029477143133275346,0.9705228568667247
31092,YDR219C YOL076W,1.0,NA,0.9122124314308167,1883,915,30126,967,0.944469033076628,0.6729807005003574,0.6607017543859649,0.029477143133275346,0.9705228568667247
31093,YNL079C YHR083W,1.0,NA,0.9123352766036987,1882,915,30126,968,0.9444395267180077,0.6728637826242403,0.6603508771929825,0.029477143133275346,0.9705228568667247
31094,YPL234C YDR021W,0.0,NA,0.9124062061309814,1882,914,30127,968,0.944469033076628,0.67310443490701,0.6603508771929825,0.02944492767629909,0.9705550723237009
31095,YBR036C YOR138C,0.0,NA,0.9124174118041992,1882,913,30128,968,0.9444985394352483,0.673345259391771,0.6603508771929825,0.02941271221932283,0.9705872877806772
31096,YHR158C YOR138C,0.0,NA,0.9124491810798645,1882,912,30129,968,0.9445280457938686,0.6735862562634216,0.6603508771929825,0.029380496762346574,0.9706195032376534
31097,YNL192W YBL091C,0.0,NA,0.9125131964683533,1882,911,30130,968,0.9445575521524888,0.673827425707125,0.6603508771929825,0.029348281305370316,0.9706517186946296
31098,YPL098C YJL112W,1.0,NA,0.9125400185585022,1881,911,30130,969,0.9445280457938686,0.6737106017191977,0.66,0.029348281305370316,0.9706517186946296
31099,YBR192W YOL095C,1.0,NA,0.9125664234161377,1880,911,30130,970,0.9444985394352483,0.6735936940164815,0.6596491228070176,0.029348281305370316,0.9706517186946296
31100,YKL172W YPL036W,0.0,NA,0.9126450419425964,1880,910,30131,970,0.9445280457938686,0.6738351254480287,0.6596491228070176,0.02931606584839406,0.9706839341516059
31101,YJL112W YBR234C,1.0,NA,0.9127832055091858,1879,910,30131,971,0.9444985394352483,0.6737181785586231,0.659298245614035,0.02931606584839406,0.9706839341516059
31102,YLR355C YPR131C,1.0,NA,0.9128690958023071,1878,910,30131,972,0.944469033076628,0.6736011477761836,0.6589473684210526,0.02931606584839406,0.9706839341516059
31103,YKR087C YJR136C,0.0,NA,0.9129424095153809,1878,909,30132,972,0.9444985394352483,0.673842841765339,0.6589473684210526,0.0292838503914178,0.9707161496085822
31104,YGL055W YOR211C,1.0,NA,0.9130904674530029,1877,909,30132,973,0.944469033076628,0.6737257717157215,0.6585964912280702,0.0292838503914178,0.9707161496085822
31105,YGL071W YNL047C,0.0,NA,0.9130978584289551,1877,908,30133,973,0.9444985394352483,0.673967684021544,0.6585964912280702,0.029251634934441544,0.9707483650655585
31106,YFL039C YJL112W,1.0,NA,0.9130979180335999,1876,908,30133,974,0.944469033076628,0.6738505747126436,0.6582456140350877,0.029251634934441544,0.9707483650655585
31107,YMR302C YNL310C,1.0,NA,0.913237988948822,1875,908,30133,975,0.9444395267180077,0.6737333812432627,0.6578947368421053,0.029251634934441544,0.9707483650655585
31108,YOR037W YOL027C,1.0,NA,0.9133662581443787,1874,908,30133,976,0.9444100203593875,0.6736161035226456,0.6575438596491228,0.029251634934441544,0.9707483650655585
31109,YPL098C YHR194W,1.0,NA,0.913383960723877,1873,908,30133,977,0.9443805140007672,0.6734987414599065,0.6571929824561403,0.029251634934441544,0.9707483650655585
31110,YNR035C YNL121C,1.0,NA,0.9133932590484619,1872,908,30133,978,0.9443510076421469,0.6733812949640288,0.6568421052631579,0.029251634934441544,0.9707483650655585
31111,YOR326W YGR181W,1.0,NA,0.9134256839752197,1871,908,30133,979,0.9443215012835267,0.6732637639438647,0.6564912280701755,0.029251634934441544,0.9707483650655585
31112,YKL013C YDL006W,1.0,NA,0.9134835600852966,1870,908,30133,980,0.9442919949249063,0.6731461483081354,0.656140350877193,0.029251634934441544,0.9707483650655585
31113,YNL026W YPR024W,1.0,NA,0.9135130047798157,1869,908,30133,981,0.944262488566286,0.6730284479654303,0.6557894736842105,0.029251634934441544,0.9707483650655585
31114,YJR065C YFL036W,1.0,NA,0.9135370850563049,1868,908,30133,982,0.9442329822076657,0.6729106628242075,0.655438596491228,0.029251634934441544,0.9707483650655585
31115,YNL079C YDL217C,1.0,NA,0.9135718941688538,1867,908,30133,983,0.9442034758490455,0.6727927927927928,0.6550877192982456,0.029251634934441544,0.9707483650655585
31116,YNL216W YHR090C,0.0,NA,0.9138549566268921,1867,907,30134,983,0.9442329822076657,0.6730353280461427,0.6550877192982456,0.02921941947746529,0.9707805805225347
31117,YDR363W YOR217W,0.0,NA,0.9138723611831665,1867,906,30135,983,0.944262488566286,0.6732780382257483,0.6550877192982456,0.029187204020489032,0.970812795979511
31118,YKL013C YGR181W,1.0,NA,0.9139238595962524,1866,906,30135,984,0.9442329822076657,0.6731601731601732,0.6547368421052632,0.029187204020489032,0.970812795979511
31119,YBR109C YOR254C,0.0,NA,0.9139896631240845,1866,905,30136,984,0.944262488566286,0.6734031035727174,0.6547368421052632,0.029154988563512774,0.9708450114364873
31120,YLR355C YJR065C,1.0,NA,0.9141700267791748,1865,905,30136,985,0.9442329822076657,0.6732851985559567,0.6543859649122807,0.029154988563512774,0.9708450114364873
31121,YBL019W YER012W,0.0,NA,0.9141891598701477,1865,904,30137,985,0.944262488566286,0.6735283495846877,0.6543859649122807,0.029122773106536517,0.9708772268934635
31122,YLL006W YOL027C,1.0,NA,0.9141934514045715,1864,904,30137,986,0.9442329822076657,0.6734104046242775,0.6540350877192982,0.029122773106536517,0.9708772268934635
31123,YNL180C YER172C,0.0,NA,0.9144507646560669,1864,903,30138,986,0.944262488566286,0.6736537766534153,0.6540350877192982,0.02909055764956026,0.9709094423504397
31124,YOR037W YFL039C,1.0,NA,0.9144642949104309,1863,903,30138,987,0.9442329822076657,0.6735357917570499,0.6536842105263158,0.02909055764956026,0.9709094423504397
31125,YDR123C YLR005W,0.0,NA,0.9148546457290649,1863,902,30139,987,0.944262488566286,0.6737793851717903,0.6536842105263158,0.029058342192584,0.970941657807416
31126,YEL029C YOR354C,0.0,NA,0.9149863719940186,1863,901,30140,987,0.9442919949249063,0.6740231548480463,0.6536842105263158,0.029026126735607744,0.9709738732643922
31127,YHR031C YMR012W,1.0,NA,0.915125846862793,1862,901,30140,988,0.944262488566286,0.67390517553384,0.6533333333333333,0.029026126735607744,0.9709738732643922
31128,YGL020C YOL027C,1.0,NA,0.915252149105072,1861,901,30140,989,0.9442329822076657,0.6737871107892831,0.6529824561403509,0.029026126735607744,0.9709738732643922
31129,YML012W YIR009W,0.0,NA,0.9152796268463135,1861,900,30141,989,0.944262488566286,0.6740311481347337,0.6529824561403509,0.028993911278631487,0.9710060887213685
31130,YJL112W YPR131C,1.0,NA,0.9152842164039612,1860,900,30141,990,0.9442329822076657,0.6739130434782609,0.6526315789473685,0.028993911278631487,0.9710060887213685
31131,YML110C YIR009W,0.0,NA,0.9152883887290955,1860,899,30142,990,0.944262488566286,0.6741573033707865,0.6526315789473685,0.02896169582165523,0.9710383041783448
31132,YOR266W YKR042W,1.0,NA,0.9155490398406982,1859,899,30142,991,0.9442329822076657,0.6740391588107324,0.652280701754386,0.02896169582165523,0.9710383041783448
31133,YDL142C YLR370C,1.0,NA,0.915562093257904,1858,899,30142,992,0.9442034758490455,0.6739209285455205,0.6519298245614035,0.02896169582165523,0.9710383041783448
31134,YBR192W YOR266W,1.0,NA,0.9155681133270264,1857,899,30142,993,0.9441739694904252,0.6738026124818578,0.651578947368421,0.02896169582165523,0.9710383041783448
31135,YIL051C YOL076W,1.0,NA,0.9155786037445068,1856,899,30142,994,0.9441444631318049,0.6736842105263158,0.6512280701754386,0.02896169582165523,0.9710383041783448
31136,YML110C YLR135W,0.0,NA,0.9156012535095215,1856,898,30143,994,0.9441739694904252,0.6739288307915758,0.6512280701754386,0.02892948036467897,0.971070519635321
31137,YDR409W YML064C,0.0,NA,0.9159061908721924,1856,897,30144,994,0.9442034758490455,0.6741736287686161,0.6512280701754386,0.028897264907702717,0.9711027350922973
31138,YNL202W YNL333W,0.0,NA,0.915917158126831,1856,896,30145,994,0.9442329822076657,0.6744186046511628,0.6512280701754386,0.02886504945072646,0.9711349505492736
31139,YJR135W-A YLL006W,1.0,NA,0.9161111116409302,1855,896,30145,995,0.9442034758490455,0.6743002544529262,0.6508771929824562,0.02886504945072646,0.9711349505492736
31140,YNL079C YNL026W,1.0,NA,0.9161354303359985,1854,896,30145,996,0.9441739694904252,0.6741818181818182,0.6505263157894737,0.02886504945072646,0.9711349505492736
31141,YJL063C YLR304C,1.0,NA,0.9161513447761536,1853,896,30145,997,0.9441444631318049,0.6740632957439069,0.6501754385964912,0.02886504945072646,0.9711349505492736
31142,YDR294C YIL125W,0.0,NA,0.9162947535514832,1853,895,30146,997,0.9441739694904252,0.6743085880640466,0.6501754385964912,0.028832833993750202,0.9711671660062497
31143,YPR083W YIL051C,1.0,NA,0.9163486957550049,1852,895,30146,998,0.9441444631318049,0.6741900254823444,0.6498245614035087,0.028832833993750202,0.9711671660062497
31144,YER129W YJL201W,0.0,NA,0.9164426922798157,1852,894,30147,998,0.9441739694904252,0.674435542607429,0.6498245614035087,0.028800618536773945,0.971199381463226
31145,YNL079C YNL070W,1.0,NA,0.9164824485778809,1851,894,30147,999,0.9441444631318049,0.6743169398907104,0.6494736842105263,0.028800618536773945,0.971199381463226
31146,YPR083W YOR211C,1.0,NA,0.9164946675300598,1850,894,30147,1000,0.9441149567731846,0.674198250728863,0.6491228070175439,0.028800618536773945,0.971199381463226
31147,YNL026W YNR035C,1.0,NA,0.9165401458740234,1849,894,30147,1001,0.9440854504145644,0.6740794750273423,0.6487719298245614,0.028800618536773945,0.971199381463226
31148,YOR326W YLL013C,1.0,NA,0.9166442155838013,1848,894,30147,1002,0.9440559440559441,0.6739606126914661,0.6484210526315789,0.028800618536773945,0.971199381463226
31149,YJL112W YNL066W,1.0,NA,0.9166486263275146,1847,894,30147,1003,0.9440264376973238,0.6738416636264137,0.6480701754385965,0.028800618536773945,0.971199381463226
31150,YLR370C YOR330C,1.0,NA,0.9168651103973389,1846,894,30147,1004,0.9439969313387034,0.6737226277372262,0.647719298245614,0.028800618536773945,0.971199381463226
31151,YOR163W YOR179C,0.0,NA,0.9170022010803223,1846,893,30148,1004,0.9440264376973238,0.6739686016794451,0.647719298245614,0.028768403079797687,0.9712315969202023
31152,YPR008W YML055W,0.0,NA,0.9170665740966797,1846,892,30149,1004,0.9440559440559441,0.6742147552958364,0.647719298245614,0.02873618762282143,0.9712638123771785
31153,YKR036C YDR077W,1.0,NA,0.9170687794685364,1845,892,30149,1005,0.9440264376973238,0.6740957252466204,0.6473684210526316,0.02873618762282143,0.9712638123771785
31154,YMR134W YOR266W,1.0,NA,0.9172321557998657,1844,892,30149,1006,0.9439969313387034,0.6739766081871345,0.6470175438596492,0.02873618762282143,0.9712638123771785
31155,YNL121C YOR211C,1.0,NA,0.9173818826675415,1843,892,30149,1007,0.9439674249800832,0.6738574040219378,0.6466666666666666,0.02873618762282143,0.9712638123771785
31156,YCL025C YBR139W,0.0,NA,0.917457640171051,1843,891,30150,1007,0.9439969313387034,0.6741038771031456,0.6466666666666666,0.028703972165845172,0.9712960278341548
31157,YPR125W YIL051C,1.0,NA,0.917600691318512,1842,891,30150,1008,0.9439674249800832,0.6739846322722283,0.6463157894736842,0.028703972165845172,0.9712960278341548
31158,YOL151W YOL075C,0.0,NA,0.9176766276359558,1842,890,30151,1008,0.9439969313387034,0.6742313323572474,0.6463157894736842,0.028671756708868915,0.9713282432911311
31159,YBR164C YHL002W,0.0,NA,0.9177249670028687,1842,889,30152,1008,0.9440264376973238,0.6744782131087513,0.6463157894736842,0.028639541251892657,0.9713604587481074
31160,YIL138C YBR091C,1.0,NA,0.917828381061554,1841,889,30152,1009,0.9439969313387034,0.6743589743589744,0.6459649122807017,0.028639541251892657,0.9713604587481074
31161,YNL082W YNL290W,0.0,NA,0.9178506731987,1841,888,30153,1009,0.9440264376973238,0.6746060828142176,0.6459649122807017,0.0286073257949164,0.9713926742050836
31162,YOR272W YGL234W,0.0,NA,0.9178964495658875,1841,887,30154,1009,0.9440559440559441,0.6748533724340176,0.6459649122807017,0.028575110337940145,0.9714248896620599
31163,YMR142C YKL182W,0.0,NA,0.9179154634475708,1841,886,30155,1009,0.9440854504145644,0.6751008434176751,0.6459649122807017,0.028542894880963888,0.9714571051190362
31164,YDR211W YBR168W,0.0,NA,0.9179341197013855,1841,885,30156,1009,0.9441149567731846,0.6753484959647835,0.6459649122807017,0.02851067942398763,0.9714893205760123
31165,YPR024W YOR330C,1.0,NA,0.9180727601051331,1840,885,30156,1010,0.9440854504145644,0.6752293577981652,0.6456140350877193,0.02851067942398763,0.9714893205760123
31166,YHR031C YJR065C,1.0,NA,0.9180900454521179,1839,885,30156,1011,0.9440559440559441,0.6751101321585903,0.6452631578947369,0.02851067942398763,0.9714893205760123
31167,YKL160W YDL022W,0.0,NA,0.9182142615318298,1839,884,30157,1011,0.9440854504145644,0.6753580609621741,0.6452631578947369,0.028478463967011373,0.9715215360329886
31168,YDL134C YLR103C,0.0,NA,0.9182459115982056,1839,883,30158,1011,0.9441149567731846,0.6756061719324027,0.6452631578947369,0.028446248510035115,0.9715537514899649
31169,YHR031C YBR091C,1.0,NA,0.9182535409927368,1838,883,30158,1012,0.9440854504145644,0.6754869533259831,0.6449122807017544,0.028446248510035115,0.9715537514899649
31170,YLR368W YNR035C,1.0,NA,0.9182947874069214,1837,883,30158,1013,0.9440559440559441,0.6753676470588236,0.6445614035087719,0.028446248510035115,0.9715537514899649
31171,YEL041W YMR197C,0.0,NA,0.9183066487312317,1837,882,30159,1013,0.9440854504145644,0.6756160353070982,0.6445614035087719,0.028414033053058858,0.9715859669469411
31172,YGL055W YPR083W,1.0,NA,0.9183278679847717,1836,882,30159,1014,0.9440559440559441,0.6754966887417219,0.6442105263157895,0.028414033053058858,0.9715859669469411
31173,YLR098C YDR047W,0.0,NA,0.918364942073822,1836,881,30160,1014,0.9440854504145644,0.6757453073242546,0.6442105263157895,0.0283818175960826,0.9716181824039174
31174,YOR037W YNR035C,1.0,NA,0.918379545211792,1835,881,30160,1015,0.9440559440559441,0.6756259204712813,0.643859649122807,0.0283818175960826,0.9716181824039174
31175,YIL062C YGR181W,1.0,NA,0.9184117913246155,1834,881,30160,1016,0.9440264376973238,0.6755064456721915,0.6435087719298246,0.0283818175960826,0.9716181824039174
31176,YGL055W YDR077W,1.0,NA,0.9184633493423462,1833,881,30160,1017,0.9439969313387034,0.6753868828297716,0.6431578947368422,0.0283818175960826,0.9716181824039174
31177,YLR304C YIL051C,1.0,NA,0.9184882044792175,1832,881,30160,1018,0.9439674249800832,0.6752672318466643,0.6428070175438596,0.0283818175960826,0.9716181824039174
31178,YHR083W YPR131C,1.0,NA,0.9185730218887329,1831,881,30160,1019,0.9439379186214629,0.6751474926253688,0.6424561403508772,0.0283818175960826,0.9716181824039174
31179,YOL060C YDR077W,1.0,NA,0.9186310172080994,1830,881,30160,1020,0.9439084122628426,0.6750276650682405,0.6421052631578947,0.0283818175960826,0.9716181824039174
31180,YOR230W YHR037W,0.0,NA,0.9188000559806824,1830,880,30161,1020,0.9439379186214629,0.6752767527675276,0.6421052631578947,0.028349602139106343,0.9716503978608937
31181,YJR010W YJR077C,0.0,NA,0.9188762903213501,1830,879,30162,1020,0.9439674249800832,0.6755260243632336,0.6421052631578947,0.028317386682130085,0.9716826133178699
31182,YPR054W YBR020W,0.0,NA,0.9188781976699829,1830,878,30163,1020,0.9439969313387034,0.6757754800590842,0.6421052631578947,0.028285171225153827,0.9717148287748462
31183,YOR230W YIL036W,0.0,NA,0.9188970923423767,1830,877,30164,1020,0.9440264376973238,0.676025120059106,0.6421052631578947,0.02825295576817757,0.9717470442318225
31184,YNL079C YBR091C,1.0,NA,0.9188989400863647,1829,877,30164,1021,0.9439969313387034,0.6759053954175905,0.6417543859649123,0.02825295576817757,0.9717470442318225
31185,YDR150W YJR135W-A,1.0,NA,0.9190295934677124,1828,877,30164,1022,0.9439674249800832,0.6757855822550832,0.6414035087719299,0.02825295576817757,0.9717470442318225
31186,YER007W YGR047C,0.0,NA,0.9190364480018616,1828,876,30165,1022,0.9439969313387034,0.6760355029585798,0.6414035087719299,0.028220740311201316,0.9717792596887986
31187,YOR326W YOL076W,1.0,NA,0.919080913066864,1827,876,30165,1023,0.9439674249800832,0.6759156492785794,0.6410526315789473,0.028220740311201316,0.9717792596887986
31188,YOL095C YIL065C,1.0,NA,0.9193150997161865,1826,876,30165,1024,0.9439379186214629,0.6757957068837898,0.6407017543859649,0.028220740311201316,0.9717792596887986
31189,YLR390W-A YLR386W,0.0,NA,0.9193419218063354,1826,875,30166,1024,0.9439674249800832,0.6760459089226213,0.6407017543859649,0.02818852485422506,0.9718114751457749
31190,YMR072W YDR219C,1.0,NA,0.9193847179412842,1825,875,30166,1025,0.9439379186214629,0.6759259259259259,0.6403508771929824,0.02818852485422506,0.9718114751457749
31191,YGL119W YDL007W,0.0,NA,0.9193902611732483,1825,874,30167,1025,0.9439674249800832,0.6761763616154132,0.6403508771929824,0.0281563093972488,0.9718436906027512
31192,YLR384C YML036W,0.0,NA,0.9194857478141785,1825,873,30168,1025,0.9439969313387034,0.6764269829503335,0.6403508771929824,0.028124093940272543,0.9718759060597275
31193,YLL006W YKR042W,1.0,NA,0.9195305705070496,1824,873,30168,1026,0.9439674249800832,0.6763070077864294,0.64,0.028124093940272543,0.9718759060597275
31194,YNR052C YKL067W,0.0,NA,0.9195314049720764,1824,872,30169,1026,0.9439969313387034,0.6765578635014837,0.64,0.028091878483296286,0.9719081215167037
31195,YLR355C YGR101W,1.0,NA,0.91960608959198,1823,872,30169,1027,0.9439674249800832,0.6764378478664193,0.6396491228070176,0.028091878483296286,0.9719081215167037
31196,YFL031W YAR002C-A,0.0,NA,0.9196864366531372,1823,871,30170,1027,0.9439969313387034,0.6766889383815887,0.6396491228070176,0.028059663026320028,0.97194033697368
31197,YNL213C YJL112W,1.0,NA,0.9197162985801697,1822,871,30170,1028,0.9439674249800832,0.6765688822874119,0.639298245614035,0.028059663026320028,0.97194033697368
31198,YOR160W YMR083W,0.0,NA,0.919723629951477,1822,870,30171,1028,0.9439969313387034,0.6768202080237742,0.639298245614035,0.02802744756934377,0.9719725524306563
31199,YJR135W-A YMR241W,1.0,NA,0.9197291731834412,1821,870,30171,1029,0.9439674249800832,0.6767001114827201,0.6389473684210526,0.02802744756934377,0.9719725524306563
31200,YJL054W YMR072W,1.0,NA,0.9199302792549133,1820,870,30171,1030,0.9439379186214629,0.6765799256505576,0.6385964912280702,0.02802744756934377,0.9719725524306563
31201,YMR072W YML091C,1.0,NA,0.9200809597969055,1819,870,30171,1031,0.9439084122628426,0.6764596504276683,0.6382456140350877,0.02802744756934377,0.9719725524306563
31202,YMR060C YBR091C,1.0,NA,0.9201775193214417,1818,870,30171,1032,0.9438789059042224,0.6763392857142857,0.6378947368421053,0.02802744756934377,0.9719725524306563
31203,YOL163W YIL111W,0.0,NA,0.9203499555587769,1818,869,30172,1032,0.9439084122628426,0.6765909936732415,0.6378947368421053,0.027995232112367513,0.9720047678876325
31204,YOR266W YJL112W,1.0,NA,0.920353889465332,1817,869,30172,1033,0.9438789059042224,0.6764705882352942,0.6375438596491229,0.027995232112367513,0.9720047678876325
31205,YHR083W YDL217C,1.0,NA,0.9203778505325317,1816,869,30172,1034,0.9438493995456021,0.6763500931098696,0.6371929824561403,0.027995232112367513,0.9720047678876325
31206,YGL219C YLL006W,1.0,NA,0.9204317927360535,1815,869,30172,1035,0.9438198931869818,0.6762295081967213,0.6368421052631579,0.027995232112367513,0.9720047678876325
31207,YKL173W YOR197W,0.0,NA,0.9204720854759216,1815,868,30173,1035,0.9438493995456021,0.676481550503168,0.6368421052631579,0.027963016655391255,0.9720369833446088
31208,YJL054W YLR304C,1.0,NA,0.9205131530761719,1814,868,30173,1036,0.9438198931869818,0.6763609246830723,0.6364912280701754,0.027963016655391255,0.9720369833446088
31209,YNL292W YGR222W,0.0,NA,0.920519232749939,1814,867,30174,1036,0.9438493995456021,0.6766132040283477,0.6364912280701754,0.027930801198414998,0.972069198801585
31210,YHR184W YDR183W,0.0,NA,0.9205268025398254,1814,866,30175,1036,0.9438789059042224,0.676865671641791,0.6364912280701754,0.027898585741438744,0.9721014142585612
31211,YJR120W YDL142C,1.0,NA,0.9207181930541992,1813,866,30175,1037,0.9438493995456021,0.6767450541246733,0.636140350877193,0.027898585741438744,0.9721014142585612
31212,YJL112W YOR211C,1.0,NA,0.9207295775413513,1812,866,30175,1038,0.9438198931869818,0.6766243465272591,0.6357894736842106,0.027898585741438744,0.9721014142585612
31213,YPR024W YDL217C,1.0,NA,0.9207927584648132,1811,866,30175,1039,0.9437903868283615,0.6765035487485992,0.635438596491228,0.027898585741438744,0.9721014142585612
31214,YGL020C YKL013C,1.0,NA,0.9208291172981262,1810,866,30175,1040,0.9437608804697413,0.6763826606875935,0.6350877192982456,0.027898585741438744,0.9721014142585612
31215,YML038C YNL241C,0.0,NA,0.9209080934524536,1810,865,30176,1040,0.9437903868283615,0.6766355140186916,0.6350877192982456,0.027866370284462486,0.9721336297155375
31216,YLR191W YER030W,0.0,NA,0.9209550023078918,1810,864,30177,1040,0.9438198931869818,0.6768885564697082,0.6350877192982456,0.02783415482748623,0.9721658451725138
31217,YNL079C YKL053C-A,1.0,NA,0.9210101962089539,1809,864,30177,1041,0.9437903868283615,0.6767676767676768,0.6347368421052632,0.02783415482748623,0.9721658451725138
31218,YLL019C YKL101W,0.0,NA,0.9210106134414673,1809,863,30178,1041,0.9438198931869818,0.6770209580838323,0.6347368421052632,0.02780193937050997,0.97219806062949
31219,YOR037W YJL063C,1.0,NA,0.921209990978241,1808,863,30178,1042,0.9437903868283615,0.6769000374391614,0.6343859649122807,0.02780193937050997,0.97219806062949
31220,YGR041W YER051W,0.0,NA,0.921263575553894,1808,862,30179,1042,0.9438198931869818,0.6771535580524345,0.6343859649122807,0.027769723913533714,0.9722302760864663
31221,YML058W YBR234C,1.0,NA,0.9213231801986694,1807,862,30179,1043,0.9437903868283615,0.6770325964780817,0.6340350877192983,0.027769723913533714,0.9722302760864663
31222,YLR355C YDR077W,1.0,NA,0.9213762879371643,1806,862,30179,1044,0.9437608804697413,0.676911544227886,0.6336842105263157,0.027769723913533714,0.9722302760864663
31223,YKR036C YNR035C,1.0,NA,0.9215453267097473,1805,862,30179,1045,0.943731374111121,0.67679040119985,0.6333333333333333,0.027769723913533714,0.9722302760864663
31224,YNL071W YER069W,0.0,NA,0.9216365814208984,1805,861,30180,1045,0.9437608804697413,0.6770442610652663,0.6333333333333333,0.027737508456557456,0.9722624915434426
31225,YJR105W YBL074C,0.0,NA,0.9216927886009216,1805,860,30181,1045,0.9437903868283615,0.6772983114446529,0.6333333333333333,0.0277052929995812,0.9722947070004188
31226,YBR192W YIL138C,1.0,NA,0.9216963052749634,1804,860,30181,1046,0.9437608804697413,0.6771771771771772,0.6329824561403509,0.0277052929995812,0.9722947070004188
31227,YNL079C YPR024W,1.0,NA,0.9217852354049683,1803,860,30181,1047,0.943731374111121,0.6770559519339091,0.6326315789473684,0.0277052929995812,0.9722947070004188
31228,YNL070W YBR091C,1.0,NA,0.9219719767570496,1802,860,30181,1048,0.9437018677525006,0.6769346356123216,0.632280701754386,0.0277052929995812,0.9722947070004188
31229,YER123W YGL137W,0.0,NA,0.9221093058586121,1802,859,30182,1048,0.943731374111121,0.6771890266816986,0.632280701754386,0.02767307754260494,0.972326922457395
31230,YLL052C YGL119W,0.0,NA,0.9221169948577881,1802,858,30183,1048,0.9437608804697413,0.6774436090225564,0.632280701754386,0.027640862085628683,0.9723591379143713
31231,YLR355C YIL138C,1.0,NA,0.9222447276115417,1801,858,30183,1049,0.943731374111121,0.6773223016171493,0.6319298245614036,0.027640862085628683,0.9723591379143713
31232,YKR036C YLR304C,1.0,NA,0.9223788976669312,1800,858,30183,1050,0.9437018677525006,0.6772009029345373,0.631578947368421,0.027640862085628683,0.9723591379143713
31233,YJR065C YDR077W,1.0,NA,0.9223896265029907,1799,858,30183,1051,0.9436723613938803,0.6770794128716597,0.6312280701754386,0.027640862085628683,0.9723591379143713
31234,YBR212W YBR192W,1.0,NA,0.9223913550376892,1798,858,30183,1052,0.9436428550352601,0.6769578313253012,0.6308771929824561,0.027640862085628683,0.9723591379143713
31235,YGL124C YEL024W,0.0,NA,0.9224597215652466,1798,857,30184,1052,0.9436723613938803,0.6772128060263654,0.6308771929824561,0.027608646628652426,0.9723913533713475
31236,YJL063C YNL121C,1.0,NA,0.9224746227264404,1797,857,30184,1053,0.9436428550352601,0.6770911831198192,0.6305263157894737,0.027608646628652426,0.9723913533713475
31237,YOL095C YLL013C,1.0,NA,0.9225488901138306,1796,857,30184,1054,0.9436133486766398,0.6769694685261968,0.6301754385964913,0.027608646628652426,0.9723913533713475
31238,YOL060C YOR266W,1.0,NA,0.9225870370864868,1795,857,30184,1055,0.9435838423180195,0.6768476621417798,0.6298245614035087,0.027608646628652426,0.9723913533713475
31239,YKL197C YDR497C,0.0,NA,0.9226788878440857,1795,856,30185,1055,0.9436133486766398,0.6771029800075443,0.6298245614035087,0.027576431171676172,0.9724235688283238
31240,YNL121C YMR134W,1.0,NA,0.9226874113082886,1794,856,30185,1056,0.9435838423180195,0.6769811320754717,0.6294736842105263,0.027576431171676172,0.9724235688283238
31241,YOR178C YJL010C,0.0,NA,0.9226924777030945,1794,855,30186,1056,0.9436133486766398,0.6772366930917327,0.6294736842105263,0.027544215714699914,0.9724557842853001
31242,YOR270C YOR210W,0.0,NA,0.9227255582809448,1794,854,30187,1056,0.9436428550352601,0.6774924471299094,0.6294736842105263,0.027512000257723657,0.9724879997422764
31243,YKR028W YKR068C,0.0,NA,0.922849714756012,1794,853,30188,1056,0.9436723613938803,0.6777483944087647,0.6294736842105263,0.0274797848007474,0.9725202151992526
31244,YDR478W YOR346W,0.0,NA,0.922862708568573,1794,852,30189,1056,0.9437018677525006,0.6780045351473923,0.6294736842105263,0.02744756934377114,0.9725524306562289
31245,YAL058W YNL263C,0.0,NA,0.9230431914329529,1794,851,30190,1056,0.943731374111121,0.6782608695652174,0.6294736842105263,0.027415353886794884,0.9725846461132052
31246,YGL055W YNR035C,1.0,NA,0.9231446385383606,1793,851,30190,1057,0.9437018677525006,0.6781391830559758,0.6291228070175439,0.027415353886794884,0.9725846461132052
31247,YOR326W YGR101W,1.0,NA,0.9231460690498352,1792,851,30190,1058,0.9436723613938803,0.6780174044646236,0.6287719298245614,0.027415353886794884,0.9725846461132052
31248,YBR179C YBR234C,1.0,NA,0.9231634140014648,1791,851,30190,1059,0.9436428550352601,0.677895533686601,0.628421052631579,0.027415353886794884,0.9725846461132052
31249,YML021C YHR061C,0.0,NA,0.9231641292572021,1791,850,30191,1059,0.9436723613938803,0.6781522150700492,0.628421052631579,0.027383138429818626,0.9726168615701813
31250,YNL026W YGR181W,1.0,NA,0.9231890439987183,1790,850,30191,1060,0.9436428550352601,0.678030303030303,0.6280701754385964,0.027383138429818626,0.9726168615701813
31251,YGR261C YBR176W,0.0,NA,0.9232285618782043,1790,849,30192,1060,0.9436723613938803,0.6782872300113679,0.6280701754385964,0.02735092297284237,0.9726490770271576
31252,YDR150W YDL217C,1.0,NA,0.9232288599014282,1789,849,30192,1061,0.9436428550352601,0.6781652767247915,0.627719298245614,0.02735092297284237,0.9726490770271576
31253,YOR037W YPR083W,1.0,NA,0.9232950210571289,1788,849,30192,1062,0.9436133486766398,0.6780432309442548,0.6273684210526316,0.02735092297284237,0.9726490770271576
31254,YDL006W YOR330C,1.0,NA,0.9232984781265259,1787,849,30192,1063,0.9435838423180195,0.6779210925644916,0.6270175438596491,0.02735092297284237,0.9726490770271576
31255,YDL142C YOR266W,1.0,NA,0.9233389496803284,1786,849,30192,1064,0.9435543359593993,0.677798861480076,0.6266666666666667,0.02735092297284237,0.9726490770271576
31256,YJR135W-A YMR072W,1.0,NA,0.9233774542808533,1785,849,30192,1065,0.943524829600779,0.6776765375854215,0.6263157894736842,0.02735092297284237,0.9726490770271576
31257,YJL054W YOR211C,1.0,NA,0.9234099984169006,1784,849,30192,1066,0.9434953232421587,0.6775541207747816,0.6259649122807017,0.02735092297284237,0.9726490770271576
31258,YJL063C YPR131C,1.0,NA,0.9234501123428345,1783,849,30192,1067,0.9434658168835384,0.6774316109422492,0.6256140350877193,0.02735092297284237,0.9726490770271576
31259,YGR255C YDL190C,0.0,NA,0.9235107898712158,1783,848,30193,1067,0.9434953232421587,0.677689091600152,0.6256140350877193,0.02731870751586611,0.9726812924841339
31260,YPR083W YKR042W,1.0,NA,0.9235495328903198,1782,848,30193,1068,0.9434658168835384,0.6775665399239543,0.6252631578947369,0.02731870751586611,0.9726812924841339
31261,YDL020C YBR035C,0.0,NA,0.923689067363739,1782,847,30194,1068,0.9434953232421587,0.6778242677824268,0.6252631578947369,0.027286492058889854,0.9727135079411101
31262,YGL219C YCR028C-A,1.0,NA,0.9237114787101746,1781,847,30194,1069,0.9434658168835384,0.6777016742770168,0.6249122807017544,0.027286492058889854,0.9727135079411101
31263,YPL252C YIL148W,0.0,NA,0.9237681031227112,1781,846,30195,1069,0.9434953232421587,0.6779596497906357,0.6249122807017544,0.0272542766019136,0.9727457233980864
31264,YJL054W YLL006W,1.0,NA,0.9238502979278564,1780,846,30195,1070,0.9434658168835384,0.6778370144706778,0.624561403508772,0.0272542766019136,0.9727457233980864
31265,YOR326W YDR150W,1.0,NA,0.9239723086357117,1779,846,30195,1071,0.9434363105249182,0.6777142857142857,0.6242105263157894,0.0272542766019136,0.9727457233980864
31266,YMR302C YOL076W,1.0,NA,0.9239806532859802,1778,846,30195,1072,0.9434068041662979,0.6775914634146342,0.623859649122807,0.0272542766019136,0.9727457233980864
31267,YDR221W YLL056C,0.0,NA,0.9240590333938599,1778,845,30196,1072,0.9434363105249182,0.6778497903164316,0.623859649122807,0.027222061144937342,0.9727779388550627
31268,YOR037W YKL013C,1.0,NA,0.9240836501121521,1777,845,30196,1073,0.9434068041662979,0.6777269260106789,0.6235087719298246,0.027222061144937342,0.9727779388550627
31269,YBR234C YDR077W,1.0,NA,0.9242544174194336,1776,845,30196,1074,0.9433772978076775,0.6776039679511637,0.6231578947368421,0.027222061144937342,0.9727779388550627
31270,YGL133W YMR306W,0.0,NA,0.9243777394294739,1776,844,30197,1074,0.9434068041662979,0.6778625954198473,0.6231578947368421,0.027189845687961085,0.9728101543120389
31271,YHR120W YIL051C,1.0,NA,0.9244086146354675,1775,844,30197,1075,0.9433772978076775,0.6777395952653684,0.6228070175438597,0.027189845687961085,0.9728101543120389
31272,YDL065C YML045W,0.0,NA,0.9244354963302612,1775,843,30198,1075,0.9434068041662979,0.6779984721161192,0.6228070175438597,0.027157630230984827,0.9728423697690152
31273,YDL142C YKL053C-A,1.0,NA,0.924522340297699,1774,843,30198,1076,0.9433772978076775,0.6778754298815437,0.6224561403508772,0.027157630230984827,0.9728423697690152
31274,YCR024C-A YLR436C,0.0,NA,0.92454594373703,1774,842,30199,1076,0.9434068041662979,0.6781345565749235,0.6224561403508772,0.02712541477400857,0.9728745852259915
31275,YOR326W YMR211W,1.0,NA,0.9246794581413269,1773,842,30199,1077,0.9433772978076775,0.6780114722753346,0.6221052631578947,0.02712541477400857,0.9728745852259915
31276,YLL016W YLR007W,0.0,NA,0.92470383644104,1773,841,30200,1077,0.9434068041662979,0.6782708492731446,0.6221052631578947,0.027093199317032312,0.9729068006829676
31277,YNL241C YPL154C,0.0,NA,0.924723207950592,1773,840,30201,1077,0.9434363105249182,0.6785304247990815,0.6221052631578947,0.027060983860056054,0.9729390161399439
31278,YKR025W YMR312W,0.0,NA,0.9248807430267334,1773,839,30202,1077,0.9434658168835384,0.6787901990811639,0.6221052631578947,0.027028768403079797,0.9729712315969202
31279,YOL095C YBR179C,1.0,NA,0.924907922744751,1772,839,30202,1078,0.9434363105249182,0.6786671773266948,0.6217543859649123,0.027028768403079797,0.9729712315969202
31280,YIL062C YIL138C,1.0,NA,0.925057590007782,1771,839,30202,1079,0.9434068041662979,0.678544061302682,0.6214035087719298,0.027028768403079797,0.9729712315969202
31281,YOL045W YHR073W,0.0,NA,0.9251456260681152,1771,838,30203,1079,0.9434363105249182,0.6788041395170563,0.6214035087719298,0.02699655294610354,0.9730034470538964
31282,YNL072W YLR285W,0.0,NA,0.9252439737319946,1771,837,30204,1079,0.9434658168835384,0.6790644171779141,0.6214035087719298,0.026964337489127282,0.9730356625108727
31283,YJR065C YML058W,1.0,NA,0.9252582788467407,1770,837,30204,1080,0.9434363105249182,0.6789413118527042,0.6210526315789474,0.026964337489127282,0.9730356625108727
31284,YIL138C YPR131C,1.0,NA,0.9252732992172241,1769,837,30204,1081,0.9434068041662979,0.6788181120491175,0.6207017543859649,0.026964337489127282,0.9730356625108727
31285,YDR354W YGR077C,0.0,NA,0.92527836561203,1769,836,30205,1081,0.9434363105249182,0.6790786948176584,0.6207017543859649,0.026932122032151028,0.973067877967849
31286,YBR179C YDL006W,1.0,NA,0.92534339427948,1768,836,30205,1082,0.9434068041662979,0.6789554531490015,0.6203508771929824,0.026932122032151028,0.973067877967849
31287,YPR024W YMR072W,1.0,NA,0.9257099032402039,1767,836,30205,1083,0.9433772978076775,0.6788321167883211,0.62,0.026932122032151028,0.973067877967849
31288,YOL060C YDL217C,1.0,NA,0.925792932510376,1766,836,30205,1084,0.9433477914490572,0.6787086856264412,0.6196491228070176,0.026932122032151028,0.973067877967849
31289,YDR219C YKR042W,1.0,NA,0.9258987903594971,1765,836,30205,1085,0.943318285090437,0.6785851595540177,0.6192982456140351,0.026932122032151028,0.973067877967849
31290,YJL054W YDR077W,1.0,NA,0.9260032773017883,1764,836,30205,1086,0.9432887787318167,0.6784615384615384,0.6189473684210526,0.026932122032151028,0.973067877967849
31291,YJL063C YLL006W,1.0,NA,0.9260253310203552,1763,836,30205,1087,0.9432592723731964,0.6783378222393228,0.6185964912280701,0.026932122032151028,0.973067877967849
31292,YDL142C YML091C,1.0,NA,0.9260324835777283,1762,836,30205,1088,0.9432297660145761,0.6782140107775212,0.6182456140350877,0.026932122032151028,0.973067877967849
31293,YMR072W YBR179C,1.0,NA,0.9261146783828735,1761,836,30205,1089,0.9432002596559559,0.6780901039661148,0.6178947368421053,0.026932122032151028,0.973067877967849
31294,YKL053C-A YML058W,1.0,NA,0.9261510968208313,1760,836,30205,1090,0.9431707532973356,0.6779661016949152,0.6175438596491228,0.026932122032151028,0.973067877967849
31295,YBR192W YDL142C,1.0,NA,0.9262311458587646,1759,836,30205,1091,0.9431412469387153,0.6778420038535645,0.6171929824561404,0.026932122032151028,0.973067877967849
31296,YHR152W YGR222W,0.0,NA,0.9262800812721252,1759,835,30206,1091,0.9431707532973356,0.6781033153430994,0.6171929824561404,0.02689990657517477,0.9731000934248253
31297,YNL079C YOL060C,1.0,NA,0.9264426827430725,1758,835,30206,1092,0.9431412469387153,0.6779791747011183,0.6168421052631579,0.02689990657517477,0.9731000934248253
31298,YGL055W YLR368W,1.0,NA,0.9264646172523499,1757,835,30206,1093,0.9431117405800951,0.6778549382716049,0.6164912280701754,0.02689990657517477,0.9731000934248253
31299,YNL121C YPR083W,1.0,NA,0.926490068435669,1756,835,30206,1094,0.9430822342214747,0.6777306059436511,0.616140350877193,0.02689990657517477,0.9731000934248253
31300,YBR091C YMR012W,1.0,NA,0.9265634417533875,1755,835,30206,1095,0.9430527278628544,0.6776061776061776,0.6157894736842106,0.02689990657517477,0.9731000934248253
31301,YLL022C YOR357C,0.0,NA,0.9265748262405396,1755,834,30207,1095,0.9430822342214747,0.6778679026651216,0.6157894736842106,0.026867691118198513,0.9731323088818015
31302,YBR179C YOL076W,1.0,NA,0.9265959858894348,1754,834,30207,1096,0.9430527278628544,0.6777434312210201,0.6154385964912281,0.026867691118198513,0.9731323088818015
31303,YER146W YAL023C,0.0,NA,0.9266005158424377,1754,833,30208,1096,0.9430822342214747,0.6780054116737534,0.6154385964912281,0.026835475661222255,0.9731645243387778
31304,YJL054W YJL112W,1.0,NA,0.9266836047172546,1753,833,30208,1097,0.9430527278628544,0.6778808971384377,0.6150877192982456,0.026835475661222255,0.9731645243387778
31305,YPR083W YLL006W,1.0,NA,0.9268548488616943,1752,833,30208,1098,0.9430232215042341,0.6777562862669245,0.6147368421052631,0.026835475661222255,0.9731645243387778
31306,YBL003C YGL195W,0.0,NA,0.9268569946289062,1752,832,30209,1098,0.9430527278628544,0.6780185758513931,0.6147368421052631,0.026803260204245997,0.973196739795754
31307,YNL026W YLR304C,1.0,NA,0.9269106388092041,1751,832,30209,1099,0.9430232215042341,0.6778939217963608,0.6143859649122807,0.026803260204245997,0.973196739795754
31308,YBR162C YKL196C,0.0,NA,0.9270728826522827,1751,831,30210,1099,0.9430527278628544,0.6781564678543764,0.6143859649122807,0.02677104474726974,0.9732289552527302
31309,YHR083W YLL006W,1.0,NA,0.9271288514137268,1750,831,30210,1100,0.9430232215042341,0.6780317706315382,0.6140350877192983,0.02677104474726974,0.9732289552527302
31310,YKR042W YGR181W,1.0,NA,0.9271472096443176,1749,831,30210,1101,0.9429937151456139,0.6779069767441861,0.6136842105263158,0.02677104474726974,0.9732289552527302
31311,YGL055W YNL070W,1.0,NA,0.9273046255111694,1748,831,30210,1102,0.9429642087869936,0.6777820860798759,0.6133333333333333,0.02677104474726974,0.9732289552527302
31312,YNL044W YPR122W,0.0,NA,0.9273213148117065,1748,830,30211,1102,0.9429937151456139,0.6780449961210241,0.6133333333333333,0.026738829290293482,0.9732611707097065
31313,YJL146W YKL108W,0.0,NA,0.9274933934211731,1748,829,30212,1102,0.9430232215042341,0.6783081102056655,0.6133333333333333,0.026706613833317225,0.9732933861666828
31314,YPL040C YLR455W,0.0,NA,0.9276182651519775,1748,828,30213,1102,0.9430527278628544,0.6785714285714286,0.6133333333333333,0.026674398376340967,0.973325601623659
31315,YOL060C YPR131C,1.0,NA,0.9276670217514038,1747,828,30213,1103,0.9430232215042341,0.6784466019417476,0.6129824561403509,0.026674398376340967,0.973325601623659
31316,YHR031C YNL070W,1.0,NA,0.9277603626251221,1746,828,30213,1104,0.9429937151456139,0.6783216783216783,0.6126315789473684,0.026674398376340967,0.973325601623659
31317,YNL070W YHR194W,1.0,NA,0.9279899597167969,1745,828,30213,1105,0.9429642087869936,0.6781966575981345,0.612280701754386,0.026674398376340967,0.973325601623659
31318,YHR004C YBR112C,0.0,NA,0.928039014339447,1745,827,30214,1105,0.9429937151456139,0.6784603421461898,0.612280701754386,0.02664218291936471,0.9733578170806353
31319,YJL054W YDL142C,1.0,NA,0.9283508658409119,1744,827,30214,1106,0.9429642087869936,0.6783352781019059,0.6119298245614035,0.02664218291936471,0.9733578170806353
31320,YCR028C-A YOR211C,1.0,NA,0.9283531904220581,1743,827,30214,1107,0.9429347024283733,0.6782101167315175,0.611578947368421,0.02664218291936471,0.9733578170806353
31321,YIL131C YLR176C,0.0,NA,0.928409218788147,1743,826,30215,1107,0.9429642087869936,0.6784741144414169,0.611578947368421,0.026609967462388456,0.9733900325376116
31322,YGR157W YPL127C,0.0,NA,0.9285446405410767,1743,825,30216,1107,0.9429937151456139,0.6787383177570093,0.611578947368421,0.026577752005412198,0.9734222479945878
31323,YGR105W YOR356W,0.0,NA,0.9285481572151184,1743,824,30217,1107,0.9430232215042341,0.679002726918582,0.611578947368421,0.02654553654843594,0.9734544634515641
31324,YMR060C YHR194W,1.0,NA,0.9286811947822571,1742,824,30217,1108,0.9429937151456139,0.6788776305533905,0.6112280701754386,0.02654553654843594,0.9734544634515641
31325,YPL008W YJL029C,0.0,NA,0.9288128018379211,1742,823,30218,1108,0.9430232215042341,0.6791423001949318,0.6112280701754386,0.026513321091459683,0.9734866789085403
31326,YLR355C YKR042W,1.0,NA,0.929031252861023,1741,823,30218,1109,0.9429937151456139,0.6790171606864275,0.6108771929824561,0.026513321091459683,0.9734866789085403
31327,YJL063C YOL076W,1.0,NA,0.9290634989738464,1740,823,30218,1110,0.9429642087869936,0.6788919235271167,0.6105263157894737,0.026513321091459683,0.9734866789085403
31328,YOL061W YML006C,0.0,NA,0.9291617274284363,1740,822,30219,1110,0.9429937151456139,0.6791569086651054,0.6105263157894737,0.026481105634483425,0.9735188943655165
31329,YFL050C YIL144W,0.0,NA,0.9291688799858093,1740,821,30220,1110,0.9430232215042341,0.6794221007418977,0.6105263157894737,0.026448890177507168,0.9735511098224928
31330,YDR150W YMR211W,1.0,NA,0.9292482137680054,1739,821,30220,1111,0.9429937151456139,0.679296875,0.6101754385964913,0.026448890177507168,0.9735511098224928
31331,YJR065C YPL098C,1.0,NA,0.9292685985565186,1738,821,30220,1112,0.9429642087869936,0.6791715513872606,0.6098245614035088,0.026448890177507168,0.9735511098224928
31332,YNL220W YIL106W,0.0,NA,0.9292740821838379,1738,820,30221,1112,0.9429937151456139,0.6794370602032838,0.6098245614035088,0.02641667472053091,0.9735833252794691
31333,YMR127C YGR195W,0.0,NA,0.9293083548545837,1738,819,30222,1112,0.9430232215042341,0.6797027766914353,0.6098245614035088,0.026384459263554653,0.9736155407364453
31334,YPR024W YBR179C,1.0,NA,0.929472804069519,1737,819,30222,1113,0.9429937151456139,0.6795774647887324,0.6094736842105263,0.026384459263554653,0.9736155407364453
31335,YHR160C YPR046W,0.0,NA,0.9295088052749634,1737,818,30223,1113,0.9430232215042341,0.6798434442270058,0.6094736842105263,0.026352243806578395,0.9736477561934216
31336,YAL021C YDL161W,0.0,NA,0.9295523166656494,1737,817,30224,1113,0.9430527278628544,0.6801096319498825,0.6094736842105263,0.026320028349602138,0.9736799716503979
31337,YDL142C YDR150W,1.0,NA,0.9295860528945923,1736,817,30224,1114,0.9430232215042341,0.6799843321582452,0.6091228070175438,0.026320028349602138,0.9736799716503979
31338,YML048W YLR087C,0.0,NA,0.9295994639396667,1736,816,30225,1114,0.9430527278628544,0.6802507836990596,0.6091228070175438,0.026287812892625884,0.9737121871073742
31339,YGL252C YIL088C,0.0,NA,0.929863691329956,1736,815,30226,1114,0.9430822342214747,0.6805174441395531,0.6091228070175438,0.026255597435649626,0.9737444025643504
31340,YJL054W YHR120W,1.0,NA,0.9299209713935852,1735,815,30226,1115,0.9430527278628544,0.6803921568627451,0.6087719298245614,0.026255597435649626,0.9737444025643504
31341,YJL063C YML058W,1.0,NA,0.9299482107162476,1734,815,30226,1116,0.9430232215042341,0.6802667712828561,0.608421052631579,0.026255597435649626,0.9737444025643504
31342,YOR326W YBR179C,1.0,NA,0.9299551248550415,1733,815,30226,1117,0.9429937151456139,0.6801412872841445,0.6080701754385965,0.026255597435649626,0.9737444025643504
31343,YGL063W YNL272C,0.0,NA,0.9301367998123169,1733,814,30227,1117,0.9430232215042341,0.6804083235178642,0.6080701754385965,0.02622338197867337,0.9737766180213266
31344,YNL026W YBR179C,1.0,NA,0.9301491975784302,1732,814,30227,1118,0.9429937151456139,0.6802827965435978,0.607719298245614,0.02622338197867337,0.9737766180213266
31345,YLR355C YCR028C-A,1.0,NA,0.9302096366882324,1731,814,30227,1119,0.9429642087869936,0.6801571709233791,0.6073684210526316,0.02622338197867337,0.9737766180213266
31346,YDL006W YMR012W,1.0,NA,0.9302246570587158,1730,814,30227,1120,0.9429347024283733,0.6800314465408805,0.6070175438596491,0.02622338197867337,0.9737766180213266
31347,YGL055W YLL013C,1.0,NA,0.9302908778190613,1729,814,30227,1121,0.942905196069753,0.679905623279591,0.6066666666666667,0.02622338197867337,0.9737766180213266
31348,YMR088C YBR060C,0.0,NA,0.930352509021759,1729,813,30228,1121,0.9429347024283733,0.6801730920535012,0.6066666666666667,0.02619116652169711,0.9738088334783029
31349,YMR039C YER044C,0.0,NA,0.9303534030914307,1729,812,30229,1121,0.9429642087869936,0.6804407713498623,0.6066666666666667,0.026158951064720853,0.9738410489352791
31350,YOR037W YOL060C,1.0,NA,0.9303640723228455,1728,812,30229,1122,0.9429347024283733,0.6803149606299213,0.6063157894736843,0.026158951064720853,0.9738410489352791
31351,YBR192W YDR219C,1.0,NA,0.9304234981536865,1727,812,30229,1123,0.942905196069753,0.6801890508074044,0.6059649122807017,0.026158951064720853,0.9738410489352791
31352,YHR194W YLR304C,1.0,NA,0.9305444359779358,1726,812,30229,1124,0.9428756897111328,0.6800630417651694,0.6056140350877193,0.026158951064720853,0.9738410489352791
31353,YHR205W YCL066W,0.0,NA,0.9305592179298401,1726,811,30230,1124,0.942905196069753,0.6803310997240836,0.6056140350877193,0.026126735607744596,0.9738732643922554
31354,YDR150W YIL062C,1.0,NA,0.9305716156959534,1725,811,30230,1125,0.9428756897111328,0.680205047318612,0.6052631578947368,0.026126735607744596,0.9738732643922554
31355,YOR326W YOR211C,1.0,NA,0.9307153224945068,1724,811,30230,1126,0.9428461833525125,0.6800788954635109,0.6049122807017544,0.026126735607744596,0.9738732643922554
31356,YJR120W YNL070W,1.0,NA,0.9309090971946716,1723,811,30230,1127,0.9428166769938922,0.6799526440410418,0.604561403508772,0.026126735607744596,0.9738732643922554
31357,YOR290C YDL161W,0.0,NA,0.9309157133102417,1723,810,30231,1127,0.9428461833525125,0.6802210817212792,0.604561403508772,0.02609452015076834,0.9739054798492317
31358,YDR055W YMR264W,0.0,NA,0.9309225082397461,1723,809,30232,1127,0.9428756897111328,0.6804897314375987,0.604561403508772,0.02606230469379208,0.9739376953062079
31359,YDR219C YBR234C,1.0,NA,0.930941104888916,1722,809,30232,1128,0.9428461833525125,0.6803634926906361,0.6042105263157894,0.02606230469379208,0.9739376953062079
31360,YPL086C YML057W,0.0,NA,0.9310170412063599,1722,808,30233,1128,0.9428756897111328,0.6806324110671936,0.6042105263157894,0.026030089236815823,0.9739699107631842
31361,YHR111W YDL165W,0.0,NA,0.9310370087623596,1722,807,30234,1128,0.942905196069753,0.6809015421115066,0.6042105263157894,0.025997873779839566,0.9740021262201605
31362,YDR363W-A YJR019C,0.0,NA,0.9312672019004822,1722,806,30235,1128,0.9429347024283733,0.6811708860759493,0.6042105263157894,0.025965658322863308,0.9740343416771367
31363,YJR120W YLR304C,1.0,NA,0.9313643574714661,1721,806,30235,1129,0.942905196069753,0.6810447170557974,0.603859649122807,0.025965658322863308,0.9740343416771367
31364,YGL219C YBR091C,1.0,NA,0.931430995464325,1720,806,30235,1130,0.9428756897111328,0.6809184481393508,0.6035087719298246,0.025965658322863308,0.9740343416771367
31365,YKL214C YNL173C,0.0,NA,0.9314595460891724,1720,805,30236,1130,0.942905196069753,0.6811881188118812,0.6035087719298246,0.025933442865887054,0.9740665571341129
31366,YHR120W YHR194W,1.0,NA,0.9314968585968018,1719,805,30236,1131,0.9428756897111328,0.6810618066561014,0.6031578947368421,0.025933442865887054,0.9740665571341129
31367,YER154W YNL066W,1.0,NA,0.931672215461731,1718,805,30236,1132,0.9428461833525125,0.6809353943717796,0.6028070175438597,0.025933442865887054,0.9740665571341129
31368,YNL121C YOL076W,1.0,NA,0.9317677617073059,1717,805,30236,1133,0.9428166769938922,0.6808088818398097,0.6024561403508772,0.025933442865887054,0.9740665571341129
31369,YNL070W YLR304C,1.0,NA,0.9318161606788635,1716,805,30236,1134,0.942787170635272,0.6806822689408965,0.6021052631578947,0.025933442865887054,0.9740665571341129
31370,YGR282C YLR359W,0.0,NA,0.9319332242012024,1716,804,30237,1134,0.9428166769938922,0.680952380952381,0.6021052631578947,0.025901227408910796,0.9740987725910892
31371,YJL063C YDR150W,1.0,NA,0.9321118593215942,1715,804,30237,1135,0.942787170635272,0.6808257244938468,0.6017543859649123,0.025901227408910796,0.9740987725910892
31372,YNR035C YFL036W,1.0,NA,0.9321422576904297,1714,804,30237,1136,0.9427576642766516,0.6806989674344718,0.6014035087719298,0.025901227408910796,0.9740987725910892
31373,YKR036C YBR192W,1.0,NA,0.9321862459182739,1713,804,30237,1137,0.9427281579180313,0.6805721096543504,0.6010526315789474,0.025901227408910796,0.9740987725910892
31374,YOR310C YGL084C,0.0,NA,0.9322397112846375,1713,803,30238,1137,0.9427576642766516,0.6808426073131956,0.6010526315789474,0.02586901195193454,0.9741309880480654
31375,YAL030W YBR229C,0.0,NA,0.9324570894241333,1713,802,30239,1137,0.942787170635272,0.6811133200795229,0.6010526315789474,0.02583679649495828,0.9741632035050417
31376,YKR054C YJL168C,0.0,NA,0.932608962059021,1713,801,30240,1137,0.9428166769938922,0.6813842482100239,0.6010526315789474,0.025804581037982024,0.974195418962018
31377,YNL070W YMR072W,1.0,NA,0.9328882694244385,1712,801,30240,1138,0.942787170635272,0.6812574612017509,0.600701754385965,0.025804581037982024,0.974195418962018
31378,YOL095C YML091C,1.0,NA,0.9329482316970825,1711,801,30240,1139,0.9427576642766516,0.6811305732484076,0.6003508771929824,0.025804581037982024,0.974195418962018
31379,YKL053C-A YOL095C,1.0,NA,0.9329641461372375,1710,801,30240,1140,0.9427281579180313,0.6810035842293907,0.6,0.025804581037982024,0.974195418962018
31380,YLL006W YML091C,1.0,NA,0.9330152869224548,1709,801,30240,1141,0.942698651559411,0.6808764940239044,0.5996491228070175,0.025804581037982024,0.974195418962018
31381,YPR125W YKR042W,1.0,NA,0.9330494403839111,1708,801,30240,1142,0.9426691452007908,0.6807493025109606,0.5992982456140351,0.025804581037982024,0.974195418962018
31382,YOR266W YFL036W,1.0,NA,0.9331035017967224,1707,801,30240,1143,0.9426396388421705,0.680622009569378,0.5989473684210527,0.025804581037982024,0.974195418962018
31383,YDR219C YIL051C,1.0,NA,0.9331295490264893,1706,801,30240,1144,0.9426101324835502,0.6804946150777822,0.5985964912280701,0.025804581037982024,0.974195418962018
31384,YJR065C YGL020C,1.0,NA,0.9331347346305847,1705,801,30240,1145,0.9425806261249299,0.680367118914605,0.5982456140350877,0.025804581037982024,0.974195418962018
31385,YNL079C YLL006W,1.0,NA,0.9331864714622498,1704,801,30240,1146,0.9425511197663097,0.6802395209580838,0.5978947368421053,0.025804581037982024,0.974195418962018
31386,YGR098C YPL249C,0.0,NA,0.9332546591758728,1704,800,30241,1146,0.9425806261249299,0.6805111821086262,0.5978947368421053,0.025772365581005766,0.9742276344189942
31387,YLR355C YLL006W,1.0,NA,0.9333832263946533,1703,800,30241,1147,0.9425511197663097,0.6803835397522973,0.5975438596491228,0.025772365581005766,0.9742276344189942
31388,YML091C YOR211C,1.0,NA,0.9334264993667603,1702,800,30241,1148,0.9425216134076894,0.6802557953637091,0.5971929824561404,0.025772365581005766,0.9742276344189942
31389,YDR160W YDR078C,0.0,NA,0.9334302544593811,1702,799,30242,1148,0.9425511197663097,0.6805277888844462,0.5971929824561404,0.02574015012402951,0.9742598498759705
31390,YDR296W YMR241W,1.0,NA,0.9334744215011597,1701,799,30242,1149,0.9425216134076894,0.6804,0.5968421052631578,0.02574015012402951,0.9742598498759705
31391,YFL025C YBR112C,0.0,NA,0.9335246086120605,1701,798,30243,1149,0.9425511197663097,0.680672268907563,0.5968421052631578,0.02570793466705325,0.9742920653329468
31392,YDL058W YNL067W,0.0,NA,0.9336591362953186,1701,797,30244,1149,0.9425806261249299,0.6809447558046438,0.5968421052631578,0.025675719210076994,0.9743242807899231
31393,YPR125W YLL006W,1.0,NA,0.933682918548584,1700,797,30244,1150,0.9425511197663097,0.6808169803764518,0.5964912280701754,0.025675719210076994,0.9743242807899231
31394,YHR031C YMR211W,1.0,NA,0.9338510036468506,1699,797,30244,1151,0.9425216134076894,0.6806891025641025,0.596140350877193,0.025675719210076994,0.9743242807899231
31395,YBR274W YOR167C,0.0,NA,0.933861494064331,1699,796,30245,1151,0.9425511197663097,0.6809619238476954,0.596140350877193,0.025643503753100736,0.9743564962468992
31396,YGL224C YGR217W,0.0,NA,0.9339706897735596,1699,795,30246,1151,0.9425806261249299,0.6812349639133921,0.596140350877193,0.025611288296124482,0.9743887117038755
31397,YML058W YMR072W,1.0,NA,0.9339966773986816,1698,795,30246,1152,0.9425511197663097,0.681107099879663,0.5957894736842105,0.025611288296124482,0.9743887117038755
31398,YKL013C YOR330C,1.0,NA,0.9340766668319702,1697,795,30246,1153,0.9425216134076894,0.6809791332263242,0.5954385964912281,0.025611288296124482,0.9743887117038755
31399,YDL098C YOR143C,0.0,NA,0.9341314435005188,1697,794,30247,1153,0.9425511197663097,0.6812525090325171,0.5954385964912281,0.025579072839148224,0.9744209271608518
31400,YNL070W YOL060C,1.0,NA,0.9341607093811035,1696,794,30247,1154,0.9425216134076894,0.6811244979919678,0.5950877192982457,0.025579072839148224,0.9744209271608518
31401,YDL171C YPR051W,0.0,NA,0.9341633915901184,1696,793,30248,1154,0.9425511197663097,0.6813981518682202,0.5950877192982457,0.025546857382171967,0.974453142617828
31402,YBR164C YJL201W,0.0,NA,0.9343695044517517,1696,792,30249,1154,0.9425806261249299,0.6816720257234726,0.5950877192982457,0.02551464192519571,0.9744853580748043
31403,YPR131C YBR091C,1.0,NA,0.9343928694725037,1695,792,30249,1155,0.9425511197663097,0.6815440289505428,0.5947368421052631,0.02551464192519571,0.9744853580748043
31404,YHR194W YOL076W,1.0,NA,0.9344492554664612,1694,792,30249,1156,0.9425216134076894,0.6814159292035398,0.5943859649122807,0.02551464192519571,0.9744853580748043
31405,YMR088C YBL005W-B,0.0,NA,0.9344878792762756,1694,791,30250,1156,0.9425511197663097,0.6816901408450704,0.5943859649122807,0.025482426468219452,0.9745175735317806
31406,YDR150W YHR083W,1.0,NA,0.9345266819000244,1693,791,30250,1157,0.9425216134076894,0.6815619967793881,0.5940350877192982,0.025482426468219452,0.9745175735317806
31407,YKL053C-A YMR072W,1.0,NA,0.9345483779907227,1692,791,30250,1158,0.942492107049069,0.6814337494965768,0.5936842105263158,0.025482426468219452,0.9745175735317806
31408,YIL051C YDL217C,1.0,NA,0.9346332550048828,1691,791,30250,1159,0.9424626006904487,0.6813053988718775,0.5933333333333334,0.025482426468219452,0.9745175735317806
31409,YJL140W YNL136W,0.0,NA,0.934665322303772,1691,790,30251,1159,0.942492107049069,0.6815800080612656,0.5933333333333334,0.025450211011243194,0.9745497889887568
31410,YGL087C YJL173C,0.0,NA,0.9346968531608582,1691,789,30252,1159,0.9425216134076894,0.6818548387096774,0.5933333333333334,0.025417995554266937,0.9745820044457331
31411,YNL026W YOL027C,1.0,NA,0.9347378015518188,1690,789,30252,1160,0.942492107049069,0.681726502622025,0.5929824561403508,0.025417995554266937,0.9745820044457331
31412,YMR062C YPR121W,0.0,NA,0.93476402759552,1690,788,30253,1160,0.9425216134076894,0.682001614205004,0.5929824561403508,0.02538578009729068,0.9746142199027094
31413,YGL029W YDR224C,0.0,NA,0.934921145439148,1690,787,30254,1160,0.9425511197663097,0.682276947920872,0.5929824561403508,0.02535356464031442,0.9746464353596855
31414,YDR150W YBR091C,1.0,NA,0.9350829124450684,1689,787,30254,1161,0.9425216134076894,0.6821486268174475,0.5926315789473684,0.02535356464031442,0.9746464353596855
31415,YJL054W YCR028C-A,1.0,NA,0.9353849291801453,1688,787,30254,1162,0.942492107049069,0.682020202020202,0.592280701754386,0.02535356464031442,0.9746464353596855
31416,YNR035C YHR194W,1.0,NA,0.935421347618103,1687,787,30254,1163,0.9424626006904487,0.6818916734033953,0.5919298245614035,0.02535356464031442,0.9746464353596855
31417,YDR005C YHR001W,0.0,NA,0.9354227185249329,1687,786,30255,1163,0.942492107049069,0.6821674080064699,0.5919298245614035,0.025321349183338164,0.9746786508166618
31418,YJR065C YIL051C,1.0,NA,0.9355818033218384,1686,786,30255,1164,0.9424626006904487,0.6820388349514563,0.5915789473684211,0.025321349183338164,0.9746786508166618
31419,YOL095C YNL121C,1.0,NA,0.9357149600982666,1685,786,30255,1165,0.9424330943318285,0.6819101578308377,0.5912280701754385,0.025321349183338164,0.9746786508166618
31420,YOR037W YKL053C-A,1.0,NA,0.9357260465621948,1684,786,30255,1166,0.9424035879732082,0.6817813765182186,0.5908771929824561,0.025321349183338164,0.9746786508166618
31421,YKL101W YKR020W,0.0,NA,0.9358581900596619,1684,785,30256,1166,0.9424330943318285,0.6820575131632239,0.5908771929824561,0.02528913372636191,0.9747108662736381
31422,YOR037W YOR330C,1.0,NA,0.9359328746795654,1683,785,30256,1167,0.9424035879732082,0.6819286871961102,0.5905263157894737,0.02528913372636191,0.9747108662736381
31423,YOR266W YMR241W,1.0,NA,0.9359939694404602,1682,785,30256,1168,0.9423740816145879,0.681799756789623,0.5901754385964912,0.02528913372636191,0.9747108662736381
31424,YNL012W YEL024W,0.0,NA,0.9362787008285522,1682,784,30257,1168,0.9424035879732082,0.6820762368207623,0.5901754385964912,0.025256918269385652,0.9747430817306143
31425,YDL142C YOL076W,1.0,NA,0.9363168478012085,1681,784,30257,1169,0.9423740816145879,0.681947261663286,0.5898245614035088,0.025256918269385652,0.9747430817306143
31426,YPR021C YEL046C,0.0,NA,0.9363534450531006,1681,783,30258,1169,0.9424035879732082,0.682224025974026,0.5898245614035088,0.025224702812409395,0.9747752971875906
31427,YMR302C YDL142C,1.0,NA,0.9363880753517151,1680,783,30258,1170,0.9423740816145879,0.682095006090134,0.5894736842105263,0.025224702812409395,0.9747752971875906
31428,YMR227C YML048W,0.0,NA,0.9367152452468872,1680,782,30259,1170,0.9424035879732082,0.6823720552396426,0.5894736842105263,0.025192487355433137,0.9748075126445669
31429,YKR014C YDR328C,0.0,NA,0.9367260932922363,1680,781,30260,1170,0.9424330943318285,0.682649329540837,0.5894736842105263,0.02516027189845688,0.9748397281015431
31430,YLR370C YML091C,1.0,NA,0.9367648959159851,1679,781,30260,1171,0.9424035879732082,0.682520325203252,0.5891228070175438,0.02516027189845688,0.9748397281015431
31431,YML058W YHR194W,1.0,NA,0.9368408918380737,1678,781,30260,1172,0.9423740816145879,0.6823912159414396,0.5887719298245614,0.02516027189845688,0.9748397281015431
31432,YPL098C YGL219C,1.0,NA,0.9368596076965332,1677,781,30260,1173,0.9423445752559677,0.6822620016273393,0.588421052631579,0.02516027189845688,0.9748397281015431
31433,YPR024W YIL062C,1.0,NA,0.9368651509284973,1676,781,30260,1174,0.9423150688973474,0.6821326821326821,0.5880701754385965,0.02516027189845688,0.9748397281015431
31434,YGR282C YML001W,0.0,NA,0.9369797110557556,1676,780,30261,1174,0.9423445752559677,0.6824104234527687,0.5880701754385965,0.025128056441480622,0.9748719435585194
31435,YIL051C YOR330C,1.0,NA,0.9369961619377136,1675,780,30261,1175,0.9423150688973474,0.6822810590631364,0.5877192982456141,0.025128056441480622,0.9748719435585194
31436,YCR028C-A YOL076W,1.0,NA,0.9370191693305969,1674,780,30261,1176,0.9422855625387271,0.6821515892420538,0.5873684210526315,0.025128056441480622,0.9748719435585194
31437,YJL054W YNL121C,1.0,NA,0.937053382396698,1673,780,30261,1177,0.9422560561801068,0.6820220138605789,0.5870175438596491,0.025128056441480622,0.9748719435585194
31438,YHR120W YNL070W,1.0,NA,0.9370788335800171,1672,780,30261,1178,0.9422265498214866,0.6818923327895595,0.5866666666666667,0.025128056441480622,0.9748719435585194
31439,YPR182W YJL168C,0.0,NA,0.9371296167373657,1672,779,30262,1178,0.9422560561801068,0.6821705426356589,0.5866666666666667,0.025095840984504365,0.9749041590154957
31440,YDR077W YMR211W,1.0,NA,0.9371646642684937,1671,779,30262,1179,0.9422265498214866,0.6820408163265306,0.5863157894736842,0.025095840984504365,0.9749041590154957
31441,YPL031C YGL243W,0.0,NA,0.9372608065605164,1671,778,30263,1179,0.9422560561801068,0.6823193140057167,0.5863157894736842,0.025063625527528107,0.974936374472472
31442,YMR300C YCR048W,0.0,NA,0.9372717142105103,1671,777,30264,1179,0.9422855625387271,0.6825980392156863,0.5863157894736842,0.02503141007055185,0.9749685899294481
31443,YHR120W YOL095C,1.0,NA,0.9373374581336975,1670,777,30264,1180,0.9422560561801068,0.6824683285655905,0.5859649122807018,0.02503141007055185,0.9749685899294481
31444,YMR044W YGR065C,0.0,NA,0.937420129776001,1670,776,30265,1180,0.9422855625387271,0.6827473426001636,0.5859649122807018,0.024999194613575592,0.9750008053864244
31445,YOR165W YLL031C,0.0,NA,0.9374315142631531,1670,775,30266,1180,0.9423150688973474,0.6830265848670757,0.5859649122807018,0.024966979156599338,0.9750330208434007
31446,YHR025W YDL126C,0.0,NA,0.9374340772628784,1670,774,30267,1180,0.9423445752559677,0.6833060556464812,0.5859649122807018,0.02493476369962308,0.9750652363003769
31447,YNL079C YHR031C,1.0,NA,0.9375026822090149,1669,774,30267,1181,0.9423150688973474,0.6831764224314367,0.5856140350877193,0.02493476369962308,0.9750652363003769
31448,YGL055W YIL138C,1.0,NA,0.9375604391098022,1668,774,30267,1182,0.9422855625387271,0.683046683046683,0.5852631578947368,0.02493476369962308,0.9750652363003769
31449,YOL012C YDR513W,0.0,NA,0.937627375125885,1668,773,30268,1182,0.9423150688973474,0.6833265055305203,0.5852631578947368,0.024902548242646823,0.9750974517573532
31450,YBR192W YFL039C,1.0,NA,0.9378771781921387,1667,773,30268,1183,0.9422855625387271,0.6831967213114755,0.5849122807017544,0.024902548242646823,0.9750974517573532
31451,YDL006W YMR211W,1.0,NA,0.9378871321678162,1666,773,30268,1184,0.9422560561801068,0.6830668306683066,0.584561403508772,0.024902548242646823,0.9750974517573532
31452,YER048W-A YJL004C,0.0,NA,0.9378923773765564,1666,772,30269,1184,0.9422855625387271,0.6833470057424118,0.584561403508772,0.024870332785670565,0.9751296672143295
31453,YHR194W YBR234C,1.0,NA,0.9379683136940002,1665,772,30269,1185,0.9422560561801068,0.6832170701682396,0.5842105263157895,0.024870332785670565,0.9751296672143295
31454,YGL055W YOR326W,1.0,NA,0.9379914999008179,1664,772,30269,1186,0.9422265498214866,0.6830870279146142,0.583859649122807,0.024870332785670565,0.9751296672143295
31455,YDR212W YNR016C,0.0,NA,0.937992513179779,1664,771,30270,1186,0.9422560561801068,0.6833675564681725,0.583859649122807,0.024838117328694308,0.9751618826713057
31456,YGL020C YDR077W,1.0,NA,0.9380666017532349,1663,771,30270,1187,0.9422265498214866,0.6832374691865243,0.5835087719298245,0.024838117328694308,0.9751618826713057
31457,YLL016W YOR257W,0.0,NA,0.9380804300308228,1663,770,30271,1187,0.9422560561801068,0.6835182901767365,0.5835087719298245,0.02480590187171805,0.975194098128282
31458,YKL013C YLL006W,1.0,NA,0.938156008720398,1662,770,30271,1188,0.9422265498214866,0.6833881578947368,0.5831578947368421,0.02480590187171805,0.975194098128282
31459,YPR024W YKL013C,1.0,NA,0.9381603598594666,1661,770,30271,1189,0.9421970434628663,0.6832579185520362,0.5828070175438597,0.02480590187171805,0.975194098128282
31460,YOR037W YLR368W,1.0,NA,0.9382669925689697,1660,770,30271,1190,0.942167537104246,0.6831275720164609,0.5824561403508772,0.02480590187171805,0.975194098128282
31461,YNR030W YMR112C,0.0,NA,0.9382843971252441,1660,769,30272,1190,0.9421970434628663,0.6834088102099629,0.5824561403508772,0.024773686414741793,0.9752263135852582
31462,YLR368W YCR028C-A,1.0,NA,0.9383636713027954,1659,769,30272,1191,0.942167537104246,0.6832784184514004,0.5821052631578948,0.024773686414741793,0.9752263135852582
31463,YOR326W YLR368W,1.0,NA,0.938401460647583,1658,769,30272,1192,0.9421380307456256,0.6831479192418624,0.5817543859649122,0.024773686414741793,0.9752263135852582
31464,YPR125W YBR091C,1.0,NA,0.9384626746177673,1657,769,30272,1193,0.9421085243870054,0.6830173124484749,0.5814035087719298,0.024773686414741793,0.9752263135852582
31465,YNL121C YLL006W,1.0,NA,0.9385145306587219,1656,769,30272,1194,0.9420790180283851,0.6828865979381443,0.5810526315789474,0.024773686414741793,0.9752263135852582
31466,YCR012W YDR047W,0.0,NA,0.9386902451515198,1656,768,30273,1194,0.9421085243870054,0.6831683168316832,0.5810526315789474,0.024741470957765535,0.9752585290422344
31467,YBR192W YMR211W,1.0,NA,0.9387264847755432,1655,768,30273,1195,0.9420790180283851,0.6830375567478333,0.5807017543859649,0.024741470957765535,0.9752585290422344
31468,YNL026W YMR012W,1.0,NA,0.9387370944023132,1654,768,30273,1196,0.9420495116697648,0.6829066886870355,0.5803508771929825,0.024741470957765535,0.9752585290422344
31469,YLR355C YNL066W,1.0,NA,0.9387692213058472,1653,768,30273,1197,0.9420200053111446,0.6827757125154895,0.58,0.024741470957765535,0.9752585290422344
31470,YER180C YCR005C,0.0,NA,0.9390550851821899,1653,767,30274,1197,0.9420495116697648,0.6830578512396694,0.58,0.024709255500789278,0.9752907444992107
31471,YOR037W YGR101W,1.0,NA,0.9390701055526733,1652,767,30274,1198,0.9420200053111446,0.6829268292682927,0.5796491228070175,0.024709255500789278,0.9752907444992107
31472,YMR302C YFL039C,1.0,NA,0.9390743970870972,1651,767,30274,1199,0.9419904989525243,0.6827956989247311,0.5792982456140351,0.024709255500789278,0.9752907444992107
31473,YKR036C YPR125W,1.0,NA,0.9392910003662109,1650,767,30274,1200,0.941960992593904,0.6826644600744725,0.5789473684210527,0.024709255500789278,0.9752907444992107
31474,YNL070W YPR131C,1.0,NA,0.9394438862800598,1649,767,30274,1201,0.9419314862352837,0.6825331125827815,0.5785964912280702,0.024709255500789278,0.9752907444992107
31475,YLR383W YCR024C-A,0.0,NA,0.9394615292549133,1649,766,30275,1201,0.941960992593904,0.682815734989648,0.5785964912280702,0.02467704004381302,0.975322959956187
31476,YNL079C YIL051C,1.0,NA,0.9394837617874146,1648,766,30275,1202,0.9419314862352837,0.6826843413421707,0.5782456140350877,0.02467704004381302,0.975322959956187
31477,YGR214W YKL025C,0.0,NA,0.9394893050193787,1648,765,30276,1202,0.941960992593904,0.6829672606713635,0.5782456140350877,0.024644824586836766,0.9753551754131632
31478,YOR266W YBR091C,1.0,NA,0.9395004510879517,1647,765,30276,1203,0.9419314862352837,0.6828358208955224,0.5778947368421052,0.024644824586836766,0.9753551754131632
31479,YBR256C YOL111C,0.0,NA,0.9395093321800232,1647,764,30277,1203,0.941960992593904,0.6831190377436748,0.5778947368421052,0.02461260912986051,0.9753873908701395
31480,YJL112W YMR241W,1.0,NA,0.9395233988761902,1646,764,30277,1204,0.9419314862352837,0.6829875518672199,0.5775438596491228,0.02461260912986051,0.9753873908701395
31481,YBR091C YDR077W,1.0,NA,0.9396384358406067,1645,764,30277,1205,0.9419019798766635,0.6828559568285596,0.5771929824561404,0.02461260912986051,0.9753873908701395
31482,YHR025W YLR144C,0.0,NA,0.9397587776184082,1645,763,30278,1205,0.9419314862352837,0.6831395348837209,0.5771929824561404,0.02458039367288425,0.9754196063271158
31483,YBR212W YMR072W,1.0,NA,0.9398099184036255,1644,763,30278,1206,0.9419019798766635,0.6830078936435396,0.5768421052631579,0.02458039367288425,0.9754196063271158
31484,YNL121C YNL310C,1.0,NA,0.9398490786552429,1643,763,30278,1207,0.9418724735180432,0.6828761429758936,0.5764912280701754,0.02458039367288425,0.9754196063271158
31485,YPR083W YGR181W,1.0,NA,0.9398502707481384,1642,763,30278,1208,0.9418429671594228,0.6827442827442828,0.576140350877193,0.02458039367288425,0.9754196063271158
31486,YNR035C YPR131C,1.0,NA,0.9399538636207581,1641,763,30278,1209,0.9418134608008025,0.68261231281198,0.5757894736842105,0.02458039367288425,0.9754196063271158
31487,YPL019C YLR157C,0.0,NA,0.9399939775466919,1641,762,30279,1209,0.9418429671594228,0.682896379525593,0.5757894736842105,0.024548178215907993,0.975451821784092
31488,YOR266W YDL217C,1.0,NA,0.9400988221168518,1640,762,30279,1210,0.9418134608008025,0.6827643630308077,0.5754385964912281,0.024548178215907993,0.975451821784092
31489,YPR024W YOL060C,1.0,NA,0.9402205348014832,1639,762,30279,1211,0.9417839544421823,0.6826322365680966,0.5750877192982456,0.024548178215907993,0.975451821784092
31490,YPL098C YDR219C,1.0,NA,0.9403908252716064,1638,762,30279,1212,0.941754448083562,0.6825,0.5747368421052632,0.024548178215907993,0.975451821784092
31491,YFR052W YOR357C,0.0,NA,0.9404280781745911,1638,761,30280,1212,0.9417839544421823,0.6827844935389745,0.5747368421052632,0.024515962758931736,0.9754840372410682
31492,YLR370C YNL066W,1.0,NA,0.9405597448348999,1637,761,30280,1213,0.941754448083562,0.682652210175146,0.5743859649122807,0.024515962758931736,0.9754840372410682
31493,YBR152W YDL155W,0.0,NA,0.9406177997589111,1637,760,30281,1213,0.9417839544421823,0.6829370045890697,0.5743859649122807,0.024483747301955478,0.9755162526980445
31494,YJR137C YML055W,0.0,NA,0.9406622648239136,1637,759,30282,1213,0.9418134608008025,0.6832220367278798,0.5743859649122807,0.02445153184497922,0.9755484681550208
31495,YDR150W YDL006W,1.0,NA,0.9407088160514832,1636,759,30282,1214,0.9417839544421823,0.683089770354906,0.5740350877192982,0.02445153184497922,0.9755484681550208
31496,YBR061C YFL049W,0.0,NA,0.940709114074707,1636,758,30283,1214,0.9418134608008025,0.683375104427736,0.5740350877192982,0.024419316388002963,0.975580683611997
31497,YCR028C-A YMR241W,1.0,NA,0.9407861232757568,1635,758,30283,1215,0.9417839544421823,0.6832427914751358,0.5736842105263158,0.024419316388002963,0.975580683611997
31498,YBR212W YKR036C,1.0,NA,0.9409077167510986,1634,758,30283,1216,0.941754448083562,0.6831103678929766,0.5733333333333334,0.024419316388002963,0.975580683611997
31499,YKR036C YLR370C,1.0,NA,0.9409576058387756,1633,758,30283,1217,0.9417249417249417,0.6829778335424509,0.5729824561403509,0.024419316388002963,0.975580683611997
31500,YDR150W YNL310C,1.0,NA,0.9410392045974731,1632,758,30283,1218,0.9416954353663214,0.6828451882845188,0.5726315789473684,0.024419316388002963,0.975580683611997
31501,YHR120W YLL006W,1.0,NA,0.94106125831604,1631,758,30283,1219,0.9416659290077012,0.6827124319799079,0.572280701754386,0.024419316388002963,0.975580683611997
31502,YBR091C YGR101W,1.0,NA,0.9411062598228455,1630,758,30283,1220,0.9416364226490809,0.6825795644891123,0.5719298245614035,0.024419316388002963,0.975580683611997
31503,YLR355C YOL076W,1.0,NA,0.9411171078681946,1629,758,30283,1221,0.9416069162904606,0.6824465856723921,0.5715789473684211,0.024419316388002963,0.975580683611997
31504,YFL036W YLL013C,1.0,NA,0.941117525100708,1628,758,30283,1222,0.9415774099318404,0.6823134953897737,0.5712280701754386,0.024419316388002963,0.975580683611997
31505,YKL032C YOR058C,0.0,NA,0.9412265419960022,1628,757,30284,1222,0.9416069162904606,0.6825995807127883,0.5712280701754386,0.024387100931026705,0.9756128990689733
31506,YKL206C YMR231W,0.0,NA,0.9412625432014465,1628,756,30285,1222,0.9416364226490809,0.6828859060402684,0.5712280701754386,0.024354885474050448,0.9756451145259496
31507,YLR426W YKL019W,0.0,NA,0.9412815570831299,1628,755,30286,1222,0.9416659290077012,0.68317247167436,0.5712280701754386,0.024322670017074194,0.9756773299829258
31508,YNL026W YFL036W,1.0,NA,0.9412866234779358,1627,755,30286,1223,0.9416364226490809,0.68303946263644,0.5708771929824561,0.024322670017074194,0.9756773299829258
31509,YNL070W YDL006W,1.0,NA,0.9413034319877625,1626,755,30286,1224,0.9416069162904606,0.6829063418731626,0.5705263157894737,0.024322670017074194,0.9756773299829258
31510,YMR123W YDR318W,0.0,NA,0.9413354396820068,1626,754,30287,1224,0.9416364226490809,0.6831932773109244,0.5705263157894737,0.024290454560097936,0.9757095454399021
31511,YML058W YOR330C,1.0,NA,0.9415061473846436,1625,754,30287,1225,0.9416069162904606,0.6830601092896175,0.5701754385964912,0.024290454560097936,0.9757095454399021
31512,YKR036C YBR179C,1.0,NA,0.9415110349655151,1624,754,30287,1226,0.9415774099318404,0.6829268292682927,0.5698245614035088,0.024290454560097936,0.9757095454399021
31513,YML105C YJL212C,0.0,NA,0.941641628742218,1624,753,30288,1226,0.9416069162904606,0.6832141354648716,0.5698245614035088,0.02425823910312168,0.9757417608968784
31514,YHR120W YIL065C,1.0,NA,0.9416441917419434,1623,753,30288,1227,0.9415774099318404,0.6830808080808081,0.5694736842105264,0.02425823910312168,0.9757417608968784
31515,YFL036W YNL310C,1.0,NA,0.9416823387145996,1622,753,30288,1228,0.94154790357322,0.6829473684210526,0.5691228070175438,0.02425823910312168,0.9757417608968784
31516,YIL085C YLR303W,0.0,NA,0.9417629241943359,1622,752,30289,1228,0.9415774099318404,0.6832350463352991,0.5691228070175438,0.02422602364614542,0.9757739763538545
31517,YNL026W YJL054W,1.0,NA,0.9418199062347412,1621,752,30289,1229,0.94154790357322,0.683101559207754,0.5687719298245614,0.02422602364614542,0.9757739763538545
31518,YNL331C YHL002W,0.0,NA,0.9419974684715271,1621,751,30290,1229,0.9415774099318404,0.6833895446880269,0.5687719298245614,0.024193808189169164,0.9758061918108308
31519,YGL055W YHR083W,1.0,NA,0.9420095086097717,1620,751,30290,1230,0.94154790357322,0.6832560101223113,0.5684210526315789,0.024193808189169164,0.9758061918108308
31520,YCL016C YGR154C,0.0,NA,0.942027747631073,1620,750,30291,1230,0.9415774099318404,0.6835443037974683,0.5684210526315789,0.024161592732192906,0.9758384072678071
31521,YHR083W YOL076W,1.0,NA,0.9421976208686829,1619,750,30291,1231,0.94154790357322,0.6834107218235542,0.5680701754385965,0.024161592732192906,0.9758384072678071
31522,YGL219C YOL076W,1.0,NA,0.9422183632850647,1618,750,30291,1232,0.9415183972145997,0.683277027027027,0.5677192982456141,0.024161592732192906,0.9758384072678071
31523,YJL048C YJL034W,0.0,NA,0.9422764778137207,1618,749,30292,1232,0.94154790357322,0.683565694972539,0.5677192982456141,0.02412937727521665,0.9758706227247833
31524,YDR538W YFL050C,0.0,NA,0.9422953128814697,1618,748,30293,1232,0.9415774099318404,0.68385460693153,0.5677192982456141,0.02409716181824039,0.9759028381817596
31525,YDR296W YKR042W,1.0,NA,0.9424129724502563,1617,748,30293,1233,0.94154790357322,0.6837209302325581,0.5673684210526316,0.02409716181824039,0.9759028381817596
31526,YNL079C YGL219C,1.0,NA,0.9424254298210144,1616,748,30293,1234,0.9415183972145997,0.6835871404399323,0.5670175438596491,0.02409716181824039,0.9759028381817596
31527,YNR030W YIL147C,0.0,NA,0.9424279928207397,1616,747,30294,1234,0.94154790357322,0.6838764282691494,0.5670175438596491,0.024064946361264133,0.9759350536387359
31528,YKR036C YIL065C,1.0,NA,0.9424794316291809,1615,747,30294,1235,0.9415183972145997,0.6837425910245555,0.5666666666666667,0.024064946361264133,0.9759350536387359
31529,YNL026W YNL213C,1.0,NA,0.9424867630004883,1614,747,30294,1236,0.9414888908559794,0.6836086404066074,0.5663157894736842,0.024064946361264133,0.9759350536387359
31530,YJR120W YNL066W,1.0,NA,0.9425076842308044,1613,747,30294,1237,0.9414593844973592,0.6834745762711865,0.5659649122807018,0.024064946361264133,0.9759350536387359
31531,YDR005C YMR138W,0.0,NA,0.9425241351127625,1613,746,30295,1237,0.9414888908559794,0.6837643069097075,0.5659649122807018,0.024032730904287876,0.9759672690957121
31532,YNL071W YMR288W,0.0,NA,0.942642867565155,1613,745,30296,1237,0.9415183972145997,0.6840542832909245,0.5659649122807018,0.024000515447311622,0.9759994845526884
31533,YMR060C YPR083W,1.0,NA,0.9426447749137878,1612,745,30296,1238,0.9414888908559794,0.683920237590157,0.5656140350877193,0.024000515447311622,0.9759994845526884
31534,YOL095C YOR330C,1.0,NA,0.9427482485771179,1611,745,30296,1239,0.9414593844973592,0.683786078098472,0.5652631578947368,0.024000515447311622,0.9759994845526884
31535,YLR355C YIL065C,1.0,NA,0.9428043365478516,1610,745,30296,1240,0.9414298781387389,0.6836518046709129,0.5649122807017544,0.024000515447311622,0.9759994845526884
31536,YGL219C YPR131C,1.0,NA,0.9429754614830017,1609,745,30296,1241,0.9414003717801186,0.683517417162277,0.5645614035087719,0.024000515447311622,0.9759994845526884
31537,YNL079C YPR083W,1.0,NA,0.9430397152900696,1608,745,30296,1242,0.9413708654214983,0.6833829154271143,0.5642105263157895,0.024000515447311622,0.9759994845526884
31538,YGL212W YOL104C,0.0,NA,0.9430623054504395,1608,744,30297,1242,0.9414003717801186,0.6836734693877551,0.5642105263157895,0.023968299990335364,0.9760317000096647
31539,YGL219C YNL310C,1.0,NA,0.943162202835083,1607,744,30297,1243,0.9413708654214983,0.6835389196086772,0.5638596491228071,0.023968299990335364,0.9760317000096647
31540,YOR198C YGL133W,0.0,NA,0.94318687915802,1607,743,30298,1243,0.9414003717801186,0.6838297872340425,0.5638596491228071,0.023936084533359107,0.9760639154666408
31541,YHR143W YKR086W,0.0,NA,0.9433768391609192,1607,742,30299,1243,0.9414298781387389,0.6841209025117071,0.5638596491228071,0.02390386907638285,0.9760961309236171
31542,YKL074C YPR121W,0.0,NA,0.9434131383895874,1607,741,30300,1243,0.9414593844973592,0.684412265758092,0.5638596491228071,0.02387165361940659,0.9761283463805934
31543,YGL020C YJL112W,1.0,NA,0.9434542059898376,1606,741,30300,1244,0.9414298781387389,0.6842778014486579,0.5635087719298245,0.02387165361940659,0.9761283463805934
31544,YMR060C YDR077W,1.0,NA,0.9435487389564514,1605,741,30300,1245,0.9414003717801186,0.6841432225063938,0.5631578947368421,0.02387165361940659,0.9761283463805934
31545,YJR120W YOR266W,1.0,NA,0.9435949325561523,1604,741,30300,1246,0.9413708654214983,0.6840085287846482,0.5628070175438596,0.02387165361940659,0.9761283463805934
31546,YIL051C YLL006W,1.0,NA,0.9436130523681641,1603,741,30300,1247,0.9413413590628781,0.6838737201365188,0.5624561403508772,0.02387165361940659,0.9761283463805934
31547,YDR238C YGR184C,0.0,NA,0.9437721967697144,1603,740,30301,1247,0.9413708654214983,0.6841655996585574,0.5624561403508772,0.023839438162430334,0.9761605618375697
31548,YCR020W-B YBR110W,0.0,NA,0.9438466429710388,1603,739,30302,1247,0.9414003717801186,0.6844577284372332,0.5624561403508772,0.023807222705454077,0.9761927772945459
31549,YOR037W YER154W,1.0,NA,0.9438501596450806,1602,739,30302,1248,0.9413708654214983,0.6843229389149936,0.5621052631578948,0.023807222705454077,0.9761927772945459
31550,YJR135W-A YFL036W,1.0,NA,0.9438971281051636,1601,739,30302,1249,0.9413413590628781,0.6841880341880342,0.5617543859649122,0.023807222705454077,0.9761927772945459
31551,YMR060C YJL112W,1.0,NA,0.9439446926116943,1600,739,30302,1250,0.9413118527042578,0.6840530141085934,0.5614035087719298,0.023807222705454077,0.9761927772945459
31552,YML058W YKR042W,1.0,NA,0.9439483880996704,1599,739,30302,1251,0.9412823463456375,0.6839178785286569,0.5610526315789474,0.023807222705454077,0.9761927772945459
31553,YDL003W YFL033C,0.0,NA,0.9441435933113098,1599,738,30303,1251,0.9413118527042578,0.6842105263157895,0.5610526315789474,0.02377500724847782,0.9762249927515222
31554,YOL027C YNL066W,1.0,NA,0.94428950548172,1598,738,30303,1252,0.9412823463456375,0.6840753424657534,0.5607017543859649,0.02377500724847782,0.9762249927515222
31555,YJL063C YPL098C,1.0,NA,0.9443830251693726,1597,738,30303,1253,0.9412528399870173,0.6839400428265524,0.5603508771929825,0.02377500724847782,0.9762249927515222
31556,YPL019C YIL149C,0.0,NA,0.9444791674613953,1597,737,30304,1253,0.9412823463456375,0.6842330762639246,0.5603508771929825,0.02374279179150156,0.9762572082084985
31557,YMR302C YNL066W,1.0,NA,0.9445673227310181,1596,737,30304,1254,0.9412528399870173,0.6840977282468924,0.56,0.02374279179150156,0.9762572082084985
31558,YBR234C YGR181W,1.0,NA,0.944699227809906,1595,737,30304,1255,0.9412233336283969,0.6839622641509434,0.5596491228070175,0.02374279179150156,0.9762572082084985
31559,YPR083W YBR091C,1.0,NA,0.9447590112686157,1594,737,30304,1256,0.9411938272697766,0.6838266838266839,0.5592982456140351,0.02374279179150156,0.9762572082084985
31560,YLR355C YMR012W,1.0,NA,0.9447893500328064,1593,737,30304,1257,0.9411643209111563,0.6836909871244635,0.5589473684210526,0.02374279179150156,0.9762572082084985
31561,YBR010W YOL110W,0.0,NA,0.9449220895767212,1593,736,30305,1257,0.9411938272697766,0.6839845427221983,0.5589473684210526,0.023710576334525304,0.9762894236654747
31562,YJL137C YDR328C,0.0,NA,0.9449364542961121,1593,735,30306,1257,0.9412233336283969,0.6842783505154639,0.5589473684210526,0.023678360877549046,0.976321639122451
31563,YNL280C YPL070W,0.0,NA,0.9449607133865356,1593,734,30307,1257,0.9412528399870173,0.684572410829394,0.5589473684210526,0.023646145420572792,0.9763538545794272
31564,YPL137C YLL017W,0.0,NA,0.9451311826705933,1593,733,30308,1257,0.9412823463456375,0.6848667239896818,0.5589473684210526,0.023613929963596535,0.9763860700364034
31565,YHR031C YGL219C,1.0,NA,0.9451504349708557,1592,733,30308,1258,0.9412528399870173,0.6847311827956989,0.5585964912280702,0.023613929963596535,0.9763860700364034
31566,YLL002W YDR156W,0.0,NA,0.9452574849128723,1592,732,30309,1258,0.9412823463456375,0.685025817555938,0.5585964912280702,0.023581714506620277,0.9764182854933797
31567,YDR381W YNL130C,0.0,NA,0.9452775120735168,1592,731,30310,1258,0.9413118527042578,0.6853207059836418,0.5585964912280702,0.02354949904964402,0.976450500950356
31568,YOL031C YDR143C,0.0,NA,0.9453767538070679,1592,730,30311,1258,0.9413413590628781,0.6856158484065461,0.5585964912280702,0.023517283592667762,0.9764827164073322
31569,YKL160W YBL001C,0.0,NA,0.9453882575035095,1592,729,30312,1258,0.9413708654214983,0.6859112451529513,0.5585964912280702,0.023485068135691504,0.9765149318643085
31570,YFR037C YER011W,0.0,NA,0.945451557636261,1592,728,30313,1258,0.9414003717801186,0.6862068965517242,0.5585964912280702,0.023452852678715247,0.9765471473212848
31571,YPR125W YML091C,1.0,NA,0.9455464482307434,1591,728,30313,1259,0.9413708654214983,0.6860715825786977,0.5582456140350878,0.023452852678715247,0.9765471473212848
31572,YPR118W YGR010W,0.0,NA,0.9456591010093689,1591,727,30314,1259,0.9414003717801186,0.686367558239862,0.5582456140350878,0.02342063722173899,0.976579362778261
31573,YER154W YKR042W,1.0,NA,0.9456629157066345,1590,727,30314,1260,0.9413708654214983,0.686232196806215,0.5578947368421052,0.02342063722173899,0.976579362778261
31574,YGL219C YMR241W,1.0,NA,0.9456779360771179,1589,727,30314,1261,0.9413413590628781,0.6860967184801382,0.5575438596491228,0.02342063722173899,0.976579362778261
31575,YLR368W YMR072W,1.0,NA,0.9458004832267761,1588,727,30314,1262,0.9413118527042578,0.6859611231101512,0.5571929824561404,0.02342063722173899,0.976579362778261
31576,YKR036C YOL076W,1.0,NA,0.9458918571472168,1587,727,30314,1263,0.9412823463456375,0.6858254105445116,0.5568421052631579,0.02342063722173899,0.976579362778261
31577,YHR083W YJL112W,1.0,NA,0.9459242820739746,1586,727,30314,1264,0.9412528399870173,0.6856895806312149,0.5564912280701755,0.02342063722173899,0.976579362778261
31578,YGL020C YHR083W,1.0,NA,0.9459933042526245,1585,727,30314,1265,0.9412233336283969,0.6855536332179931,0.5561403508771929,0.02342063722173899,0.976579362778261
31579,YML039W YLR098C,0.0,NA,0.9463251829147339,1585,726,30315,1265,0.9412528399870173,0.6858502812635223,0.5561403508771929,0.023388421764762732,0.9766115782352373
31580,YDR219C YMR211W,1.0,NA,0.94637131690979,1584,726,30315,1266,0.9412233336283969,0.6857142857142857,0.5557894736842105,0.023388421764762732,0.9766115782352373
31581,YDL217C YOR211C,1.0,NA,0.9463930130004883,1583,726,30315,1267,0.9411938272697766,0.6855781723689909,0.5554385964912281,0.023388421764762732,0.9766115782352373
31582,YMR134W YMR012W,1.0,NA,0.9464693665504456,1582,726,30315,1268,0.9411643209111563,0.6854419410745234,0.5550877192982456,0.023388421764762732,0.9766115782352373
31583,YNL079C YJL063C,1.0,NA,0.946474552154541,1581,726,30315,1269,0.9411348145525361,0.6853055916775033,0.5547368421052632,0.023388421764762732,0.9766115782352373
31584,YFL018C YOL013C,0.0,NA,0.9465102553367615,1581,725,30316,1269,0.9411643209111563,0.6856027753686036,0.5547368421052632,0.023356206307786474,0.9766437936922135
31585,YPR024W YOL095C,1.0,NA,0.9465126991271973,1580,725,30316,1270,0.9411348145525361,0.6854663774403471,0.5543859649122806,0.023356206307786474,0.9766437936922135
31586,YBR083W YPL208W,0.0,NA,0.9466897249221802,1580,724,30317,1270,0.9411643209111563,0.6857638888888888,0.5543859649122806,0.02332399085081022,0.9766760091491897
31587,YJL054W YPR131C,1.0,NA,0.9466972947120667,1579,724,30317,1271,0.9411348145525361,0.6856274424663482,0.5540350877192982,0.02332399085081022,0.9766760091491897
31588,YGL071W YFL034C-A,0.0,NA,0.9467269778251648,1579,723,30318,1271,0.9411643209111563,0.6859252823631624,0.5540350877192982,0.023291775393833963,0.976708224606166
31589,YDR150W YPR125W,1.0,NA,0.9468133449554443,1578,723,30318,1272,0.9411348145525361,0.6857887874837028,0.5536842105263158,0.023291775393833963,0.976708224606166
31590,YJL112W YLL006W,1.0,NA,0.9468477368354797,1577,723,30318,1273,0.9411053081939158,0.6856521739130435,0.5533333333333333,0.023291775393833963,0.976708224606166
31591,YGL020C YIL138C,1.0,NA,0.9468762874603271,1576,723,30318,1274,0.9410758018352955,0.6855154414963027,0.5529824561403509,0.023291775393833963,0.976708224606166
31592,YEL064C YDR495C,0.0,NA,0.9469083547592163,1576,722,30319,1274,0.9411053081939158,0.6858137510879025,0.5529824561403509,0.023259559936857705,0.9767404400631423
31593,YBR179C YGR181W,1.0,NA,0.9469527006149292,1575,722,30319,1275,0.9410758018352955,0.6856769699608185,0.5526315789473685,0.023259559936857705,0.9767404400631423
31594,YLL013C YPR131C,1.0,NA,0.9470527768135071,1574,722,30319,1276,0.9410462954766752,0.6855400696864111,0.5522807017543859,0.023259559936857705,0.9767404400631423
31595,YOL060C YER154W,1.0,NA,0.9470658302307129,1573,722,30319,1277,0.941016789118055,0.6854030501089324,0.5519298245614035,0.023259559936857705,0.9767404400631423
31596,YJR120W YMR060C,1.0,NA,0.9472140073776245,1572,722,30319,1278,0.9409872827594347,0.6852659110723627,0.5515789473684211,0.023259559936857705,0.9767404400631423
31597,YLL006W YGR181W,1.0,NA,0.9472223520278931,1571,722,30319,1279,0.9409577764008143,0.68512865242041,0.5512280701754386,0.023259559936857705,0.9767404400631423
31598,YOR211C YMR211W,1.0,NA,0.947338342666626,1570,722,30319,1280,0.9409282700421941,0.6849912739965096,0.5508771929824562,0.023259559936857705,0.9767404400631423
31599,YGR163W YLR301W,0.0,NA,0.9474871754646301,1570,721,30320,1280,0.9409577764008143,0.6852902662592755,0.5508771929824562,0.023227344479881448,0.9767726555201186
31600,YLL013C YMR211W,1.0,NA,0.9475224614143372,1569,721,30320,1281,0.9409282700421941,0.6851528384279476,0.5505263157894736,0.023227344479881448,0.9767726555201186
31601,YHR158C YJL121C,0.0,NA,0.9475283622741699,1569,720,30321,1281,0.9409577764008143,0.6854521625163827,0.5505263157894736,0.02319512902290519,0.9768048709770948
31602,YLR459W YKL182W,0.0,NA,0.9475322365760803,1569,719,30322,1281,0.9409872827594347,0.6857517482517482,0.5505263157894736,0.023162913565928932,0.9768370864340711
31603,YNL026W YLL006W,1.0,NA,0.9475681781768799,1568,719,30322,1282,0.9409577764008143,0.6856143419326629,0.5501754385964912,0.023162913565928932,0.9768370864340711
31604,YIL138C YOR266W,1.0,NA,0.9476087689399719,1567,719,30322,1283,0.9409282700421941,0.6854768153980753,0.5498245614035088,0.023162913565928932,0.9768370864340711
31605,YHR181W YDL028C,0.0,NA,0.9476367235183716,1567,718,30323,1283,0.9409577764008143,0.6857768052516411,0.5498245614035088,0.023130698108952675,0.9768693018910474
31606,YMR302C YOR330C,1.0,NA,0.9476590752601624,1566,718,30323,1284,0.9409282700421941,0.6856392294220666,0.5494736842105263,0.023130698108952675,0.9768693018910474
31607,YNL026W YKR042W,1.0,NA,0.9476900100708008,1565,718,30323,1285,0.9408987636835738,0.6855015330705212,0.5491228070175439,0.023130698108952675,0.9768693018910474
31608,YPL098C YJR135W-A,1.0,NA,0.9477229118347168,1564,718,30323,1286,0.9408692573249535,0.6853637160385626,0.5487719298245614,0.023130698108952675,0.9768693018910474
31609,YJR065C YMR060C,1.0,NA,0.9477611184120178,1563,718,30323,1287,0.9408397509663332,0.6852257781674704,0.5484210526315789,0.023130698108952675,0.9768693018910474
31610,YBR179C YLL006W,1.0,NA,0.9478141069412231,1562,718,30323,1288,0.940810244607713,0.6850877192982456,0.5480701754385965,0.023130698108952675,0.9768693018910474
31611,YOL078W YHR118C,0.0,NA,0.9478337168693542,1562,717,30324,1288,0.9408397509663332,0.685388328214129,0.5480701754385965,0.023098482651976417,0.9769015173480236
31612,YPL047W YPL057C,0.0,NA,0.9479473829269409,1562,716,30325,1288,0.9408692573249535,0.6856892010535558,0.5480701754385965,0.02306626719500016,0.9769337328049998
31613,YNL166C YDR016C,0.0,NA,0.9481775164604187,1562,715,30326,1288,0.9408987636835738,0.6859903381642513,0.5480701754385965,0.023034051738023902,0.9769659482619761
31614,YNL026W YIL065C,1.0,NA,0.9482126832008362,1561,715,30326,1289,0.9408692573249535,0.6858523725834798,0.547719298245614,0.023034051738023902,0.9769659482619761
31615,YKL006C-A YIL167W,0.0,NA,0.9482443928718567,1561,714,30327,1289,0.9408987636835738,0.6861538461538461,0.547719298245614,0.023001836281047648,0.9769981637189523
31616,YNL287W YDR011W,0.0,NA,0.9483109712600708,1561,713,30328,1289,0.9409282700421941,0.6864555848724714,0.547719298245614,0.02296962082407139,0.9770303791759286
31617,YJL063C YJR135W-A,1.0,NA,0.9483246803283691,1560,713,30328,1290,0.9408987636835738,0.6863176418829741,0.5473684210526316,0.02296962082407139,0.9770303791759286
31618,YML031W YNL219C,0.0,NA,0.9484578371047974,1560,712,30329,1290,0.9409282700421941,0.6866197183098591,0.5473684210526316,0.022937405367095133,0.9770625946329049
31619,YMR012W YBR234C,1.0,NA,0.9485353827476501,1559,712,30329,1291,0.9408987636835738,0.686481726111845,0.5470175438596491,0.022937405367095133,0.9770625946329049
31620,YMR072W YDL217C,1.0,NA,0.9486444592475891,1558,712,30329,1292,0.9408692573249535,0.6863436123348018,0.5466666666666666,0.022937405367095133,0.9770625946329049
31621,YOR373W YOR302W,0.0,NA,0.9486789107322693,1558,711,30330,1292,0.9408987636835738,0.6866460996033495,0.5466666666666666,0.022905189910118876,0.9770948100898811
31622,YOL089C YPL127C,0.0,NA,0.9487625360488892,1558,710,30331,1292,0.9409282700421941,0.6869488536155203,0.5466666666666666,0.022872974453142618,0.9771270255468574
31623,YAR002W YLR242C,0.0,NA,0.9487711191177368,1558,709,30332,1292,0.9409577764008143,0.6872518747243053,0.5466666666666666,0.02284075899616636,0.9771592410038337
31624,YPR125W YPR131C,1.0,NA,0.9488014578819275,1557,709,30332,1293,0.9409282700421941,0.6871138570167696,0.5463157894736842,0.02284075899616636,0.9771592410038337
31625,YDR150W YLL013C,1.0,NA,0.9489022493362427,1556,709,30332,1294,0.9408987636835738,0.6869757174392936,0.5459649122807018,0.02284075899616636,0.9771592410038337
31626,YKR095W-A YDR178W,0.0,NA,0.9489081501960754,1556,708,30333,1294,0.9409282700421941,0.6872791519434629,0.5459649122807018,0.022808543539190103,0.9771914564608098
31627,YEL065W YGL019W,0.0,NA,0.9489663243293762,1556,707,30334,1294,0.9409577764008143,0.687582854617764,0.5459649122807018,0.022776328082213845,0.9772236719177861
31628,YIL064W YLL010C,0.0,NA,0.9490202069282532,1556,706,30335,1294,0.9409872827594347,0.6878868258178603,0.5459649122807018,0.022744112625237588,0.9772558873747624
31629,YHR109W YHR118C,0.0,NA,0.9491008520126343,1556,705,30336,1294,0.941016789118055,0.6881910659000442,0.5459649122807018,0.02271189716826133,0.9772881028317386
31630,YNR035C YLL013C,1.0,NA,0.9491381049156189,1555,705,30336,1295,0.9409872827594347,0.6880530973451328,0.5456140350877193,0.02271189716826133,0.9772881028317386
31631,YIL156W YGL017W,0.0,NA,0.9493178129196167,1555,704,30337,1295,0.941016789118055,0.6883576803895529,0.5456140350877193,0.022679681711285076,0.9773203182887149
31632,YOL095C YPR131C,1.0,NA,0.9493570327758789,1554,704,30337,1296,0.9409872827594347,0.6882196634189548,0.5452631578947369,0.022679681711285076,0.9773203182887149
31633,YFL039C YPR083W,1.0,NA,0.9494497776031494,1553,704,30337,1297,0.9409577764008143,0.6880815241470979,0.5449122807017543,0.022679681711285076,0.9773203182887149
31634,YOR326W YDR219C,1.0,NA,0.9494657516479492,1552,704,30337,1298,0.9409282700421941,0.6879432624113475,0.5445614035087719,0.022679681711285076,0.9773203182887149
31635,YDL006W YDR077W,1.0,NA,0.9495782256126404,1551,704,30337,1299,0.9408987636835738,0.6878048780487804,0.5442105263157895,0.022679681711285076,0.9773203182887149
31636,YAR003W YER120W,0.0,NA,0.9496532082557678,1551,703,30338,1299,0.9409282700421941,0.6881100266193434,0.5442105263157895,0.02264746625430882,0.9773525337456912
31637,YNL213C YGR101W,1.0,NA,0.949685275554657,1550,703,30338,1300,0.9408987636835738,0.6879715934309809,0.543859649122807,0.02264746625430882,0.9773525337456912
31638,YLR212C YDR411C,0.0,NA,0.9496989250183105,1550,702,30339,1300,0.9409282700421941,0.6882770870337478,0.543859649122807,0.02261525079733256,0.9773847492026675
31639,YGL055W YMR072W,1.0,NA,0.9498024582862854,1549,702,30339,1301,0.9408987636835738,0.6881386050644158,0.5435087719298246,0.02261525079733256,0.9773847492026675
31640,YBR162W-A YBR258C,0.0,NA,0.949822723865509,1549,701,30340,1301,0.9409282700421941,0.6884444444444444,0.5435087719298246,0.022583035340356303,0.9774169646596437
31641,YGL151W YLR242C,0.0,NA,0.9498797059059143,1549,700,30341,1301,0.9409577764008143,0.6887505558025789,0.5435087719298246,0.022550819883380046,0.97744918011662
31642,YDR294C YMR010W,0.0,NA,0.9499800801277161,1549,699,30342,1301,0.9409872827594347,0.6890569395017794,0.5435087719298246,0.02251860442640379,0.9774813955735963
31643,YMR306W YOL020W,0.0,NA,0.9500518441200256,1549,698,30343,1301,0.941016789118055,0.689363595905652,0.5435087719298246,0.02248638896942753,0.9775136110305724
31644,YPL042C YOL115W,0.0,NA,0.950067400932312,1549,697,30344,1301,0.9410462954766752,0.6896705253784505,0.5435087719298246,0.022454173512451273,0.9775458264875487
31645,YOR037W YNL121C,1.0,NA,0.9500861763954163,1548,697,30344,1302,0.941016789118055,0.689532293986637,0.5431578947368421,0.022454173512451273,0.9775458264875487
31646,YEL064C YMR073C,0.0,NA,0.9501622319221497,1548,696,30345,1302,0.9410462954766752,0.6898395721925134,0.5431578947368421,0.022421958055475016,0.977578041944525
31647,YOR127W YDR419W,0.0,NA,0.9501825571060181,1548,695,30346,1302,0.9410758018352955,0.6901471243869817,0.5431578947368421,0.022389742598498758,0.9776102574015012
31648,YLR319C YBL040C,0.0,NA,0.9502227306365967,1548,694,30347,1302,0.9411053081939158,0.6904549509366636,0.5431578947368421,0.022357527141522504,0.9776424728584775
31649,YJR046W YGL097W,0.0,NA,0.9502596259117126,1548,693,30348,1302,0.9411348145525361,0.6907630522088354,0.5431578947368421,0.022325311684546247,0.9776746883154538
31650,YML058W YKL013C,1.0,NA,0.9504219889640808,1547,693,30348,1303,0.9411053081939158,0.690625,0.5428070175438596,0.022325311684546247,0.9776746883154538
31651,YJL054W YER154W,1.0,NA,0.950432538986206,1546,693,30348,1304,0.9410758018352955,0.6904868244752121,0.5424561403508772,0.022325311684546247,0.9776746883154538
31652,YOR287C YLL028W,0.0,NA,0.9504798054695129,1546,692,30349,1304,0.9411053081939158,0.6907953529937444,0.5424561403508772,0.02229309622756999,0.97770690377243
31653,YGR113W YPL258C,0.0,NA,0.9506515264511108,1546,691,30350,1304,0.9411348145525361,0.6911041573535985,0.5424561403508772,0.02226088077059373,0.9777391192294063
31654,YGL243W YGR141W,0.0,NA,0.9506831169128418,1546,690,30351,1304,0.9411643209111563,0.6914132379248659,0.5424561403508772,0.022228665313617474,0.9777713346863826
31655,YNL079C YIL062C,1.0,NA,0.9507222175598145,1545,690,30351,1305,0.9411348145525361,0.6912751677852349,0.5421052631578948,0.022228665313617474,0.9777713346863826
31656,YBR164C YHR001W,0.0,NA,0.9507241249084473,1545,689,30352,1305,0.9411643209111563,0.6915846016114593,0.5421052631578948,0.022196449856641216,0.9778035501433587
31657,YDR150W YLR368W,1.0,NA,0.9507372975349426,1544,689,30352,1306,0.9411348145525361,0.6914464845499328,0.5417543859649123,0.022196449856641216,0.9778035501433587
31658,YNL079C YJL112W,1.0,NA,0.9507592916488647,1543,689,30352,1307,0.9411053081939158,0.6913082437275986,0.5414035087719298,0.022196449856641216,0.9778035501433587
31659,YKL159C YBL085W,0.0,NA,0.95076584815979,1543,688,30353,1307,0.9411348145525361,0.6916181084715374,0.5414035087719298,0.02216423439966496,0.977835765600335
31660,YFL039C YOL027C,1.0,NA,0.9508862495422363,1542,688,30353,1308,0.9411053081939158,0.6914798206278027,0.5410526315789473,0.02216423439966496,0.977835765600335
31661,YMR060C YFL036W,1.0,NA,0.9509009718894958,1541,688,30353,1309,0.9410758018352955,0.6913414087034545,0.5407017543859649,0.02216423439966496,0.977835765600335
31662,YLR263W YOR354C,0.0,NA,0.9509515762329102,1541,687,30354,1309,0.9411053081939158,0.6916517055655296,0.5407017543859649,0.0221320189426887,0.9778679810573113
31663,YJR046W YLR047C,0.0,NA,0.9510282874107361,1541,686,30355,1309,0.9411348145525361,0.6919622810956444,0.5407017543859649,0.022099803485712444,0.9779001965142875
31664,YJL039C YOR304W,0.0,NA,0.9510655999183655,1541,685,30356,1309,0.9411643209111563,0.6922731356693621,0.5407017543859649,0.022067588028736186,0.9779324119712638
31665,YGL020C YBR091C,1.0,NA,0.9512103199958801,1540,685,30356,1310,0.9411348145525361,0.6921348314606741,0.5403508771929825,0.022067588028736186,0.9779324119712638
31666,YKR068C YNL163C,0.0,NA,0.9512321352958679,1540,684,30357,1310,0.9411643209111563,0.6924460431654677,0.5403508771929825,0.022035372571759932,0.9779646274282401
31667,YGL144C YOR108W,0.0,NA,0.9512547850608826,1540,683,30358,1310,0.9411938272697766,0.692757534862798,0.5403508771929825,0.022003157114783675,0.9779968428852164
31668,YIR008C YKR031C,0.0,NA,0.9512796998023987,1540,682,30359,1310,0.9412233336283969,0.693069306930693,0.5403508771929825,0.021970941657807417,0.9780290583421926
31669,YKR036C YGL020C,1.0,NA,0.9513800144195557,1539,682,30359,1311,0.9411938272697766,0.6929311121116614,0.54,0.021970941657807417,0.9780290583421926
31670,YGL257C YOL011W,0.0,NA,0.9514452219009399,1539,681,30360,1311,0.9412233336283969,0.6932432432432433,0.54,0.02193872620083116,0.9780612737991689
31671,YPR018W YIL009C-A,0.0,NA,0.9514907598495483,1539,680,30361,1311,0.9412528399870173,0.6935556557007662,0.54,0.021906510743854902,0.9780934892561451
31672,YJR065C YLR368W,1.0,NA,0.9515119194984436,1538,680,30361,1312,0.9412233336283969,0.6934174932371506,0.5396491228070175,0.021906510743854902,0.9780934892561451
31673,YKL005C YML007W,0.0,NA,0.951555073261261,1538,679,30362,1312,0.9412528399870173,0.6937302661253947,0.5396491228070175,0.021874295286878644,0.9781257047131213
31674,YKL053C-A YNL310C,1.0,NA,0.9515738487243652,1537,679,30362,1313,0.9412233336283969,0.6935920577617328,0.539298245614035,0.021874295286878644,0.9781257047131213
31675,YLR355C YNR035C,1.0,NA,0.951728343963623,1536,679,30362,1314,0.9411938272697766,0.6934537246049661,0.5389473684210526,0.021874295286878644,0.9781257047131213
31676,YGR179C YGL027C,0.0,NA,0.9517722129821777,1536,678,30363,1314,0.9412233336283969,0.6937669376693767,0.5389473684210526,0.021842079829902387,0.9781579201700976
31677,YHR031C YBR212W,1.0,NA,0.9518274068832397,1535,678,30363,1315,0.9411938272697766,0.6936285585178491,0.5385964912280702,0.021842079829902387,0.9781579201700976
31678,YGL058W YKL104C,0.0,NA,0.951838493347168,1535,677,30364,1315,0.9412233336283969,0.6939421338155516,0.5385964912280702,0.02180986437292613,0.9781901356270739
31679,YHR083W YML091C,1.0,NA,0.9518540501594543,1534,677,30364,1316,0.9411938272697766,0.6938037087290818,0.5382456140350877,0.02180986437292613,0.9781901356270739
31680,YOR037W YOL076W,1.0,NA,0.9518798589706421,1533,677,30364,1317,0.9411643209111563,0.6936651583710407,0.5378947368421053,0.02180986437292613,0.9781901356270739
31681,YGL043W YML125C,0.0,NA,0.9518930315971375,1533,676,30365,1317,0.9411938272697766,0.6939791760977818,0.5378947368421053,0.02177764891594987,0.9782223510840501
31682,YGR061C YIR021W,0.0,NA,0.9519172310829163,1533,675,30366,1317,0.9412233336283969,0.6942934782608695,0.5378947368421053,0.021745433458973614,0.9782545665410264
31683,YJL063C YBR179C,1.0,NA,0.9519344568252563,1532,675,30366,1318,0.9411938272697766,0.6941549614861804,0.5375438596491228,0.021745433458973614,0.9782545665410264
31684,YDL240W YNR016C,0.0,NA,0.9520531892776489,1532,674,30367,1318,0.9412233336283969,0.6944696282864914,0.5375438596491228,0.02171321800199736,0.9782867819980027
31685,YER170W YLR340W,0.0,NA,0.9521080255508423,1532,673,30368,1318,0.9412528399870173,0.6947845804988663,0.5375438596491228,0.021681002545021102,0.9783189974549789
31686,YBR212W YDL217C,1.0,NA,0.9521328210830688,1531,673,30368,1319,0.9412233336283969,0.6946460980036298,0.5371929824561403,0.021681002545021102,0.9783189974549789
31687,YBR192W YKL013C,1.0,NA,0.9521560668945312,1530,673,30368,1320,0.9411938272697766,0.6945074897866546,0.5368421052631579,0.021681002545021102,0.9783189974549789
31688,YHR083W YGR181W,1.0,NA,0.9522147178649902,1529,673,30368,1321,0.9411643209111563,0.6943687556766576,0.5364912280701755,0.021681002545021102,0.9783189974549789
31689,YER180C YJR010W,0.0,NA,0.9523592591285706,1529,672,30369,1321,0.9411938272697766,0.6946842344388914,0.5364912280701755,0.021648787088044845,0.9783512129119551
31690,YOL027C YDL006W,1.0,NA,0.95238196849823,1528,672,30369,1322,0.9411643209111563,0.6945454545454546,0.536140350877193,0.021648787088044845,0.9783512129119551
31691,YDR296W YPR024W,1.0,NA,0.9524251222610474,1527,672,30369,1323,0.9411348145525361,0.694406548431105,0.5357894736842105,0.021648787088044845,0.9783512129119551
31692,YIL062C YBR091C,1.0,NA,0.9524308443069458,1526,672,30369,1324,0.9411053081939158,0.6942675159235668,0.535438596491228,0.021648787088044845,0.9783512129119551
31693,YEL029C YDL058W,0.0,NA,0.9524537920951843,1526,671,30370,1324,0.9411348145525361,0.6945835229858899,0.535438596491228,0.021616571631068587,0.9783834283689314
31694,YPR131C YMR241W,1.0,NA,0.9525337219238281,1525,671,30370,1325,0.9411053081939158,0.6944444444444444,0.5350877192982456,0.021616571631068587,0.9783834283689314
31695,YDL099W YDR318W,0.0,NA,0.952563464641571,1525,670,30371,1325,0.9411348145525361,0.6947608200455581,0.5350877192982456,0.02158435617409233,0.9784156438259076
31696,YLR355C YOR326W,1.0,NA,0.9526211023330688,1524,670,30371,1326,0.9411053081939158,0.6946216955332726,0.5347368421052632,0.02158435617409233,0.9784156438259076
31697,YNR035C YOR211C,1.0,NA,0.9526663422584534,1523,670,30371,1327,0.9410758018352955,0.6944824441404469,0.5343859649122807,0.02158435617409233,0.9784156438259076
31698,YPL029W YHR197W,0.0,NA,0.9526775479316711,1523,669,30372,1327,0.9411053081939158,0.6947992700729927,0.5343859649122807,0.021552140717116072,0.9784478592828839
31699,YHR103W YER118C,0.0,NA,0.9527088403701782,1523,668,30373,1327,0.9411348145525361,0.6951163852122318,0.5343859649122807,0.021519925260139815,0.9784800747398602
31700,YLR355C YNL310C,1.0,NA,0.9527295231819153,1522,668,30373,1328,0.9411053081939158,0.6949771689497717,0.5340350877192982,0.021519925260139815,0.9784800747398602
31701,YNL213C YKR042W,1.0,NA,0.9527435898780823,1521,668,30373,1329,0.9410758018352955,0.6948378254910919,0.5336842105263158,0.021519925260139815,0.9784800747398602
31702,YHR120W YER154W,1.0,NA,0.9528646469116211,1520,668,30373,1330,0.9410462954766752,0.6946983546617916,0.5333333333333333,0.021519925260139815,0.9784800747398602
31703,YLR368W YJR135W-A,1.0,NA,0.952970027923584,1519,668,30373,1331,0.941016789118055,0.6945587562871514,0.5329824561403509,0.021519925260139815,0.9784800747398602
31704,YGL020C YNL121C,1.0,NA,0.9529836177825928,1518,668,30373,1332,0.9409872827594347,0.6944190301921317,0.5326315789473685,0.021519925260139815,0.9784800747398602
31705,YGL145W YCR106W,0.0,NA,0.953014075756073,1518,667,30374,1332,0.941016789118055,0.6947368421052632,0.5326315789473685,0.021487709803163557,0.9785122901968364
31706,YDR127W YDR235W,0.0,NA,0.9530776143074036,1518,666,30375,1332,0.9410462954766752,0.695054945054945,0.5326315789473685,0.0214554943461873,0.9785445056538127
31707,YPR125W YOR266W,1.0,NA,0.9531156420707703,1517,666,30375,1333,0.941016789118055,0.6949152542372882,0.5322807017543859,0.0214554943461873,0.9785445056538127
31708,YNL026W YLL013C,1.0,NA,0.953201174736023,1516,666,30375,1334,0.9409872827594347,0.694775435380385,0.5319298245614035,0.0214554943461873,0.9785445056538127
31709,YPL137C YBR019C,0.0,NA,0.9533060789108276,1516,665,30376,1334,0.941016789118055,0.6950939935809262,0.5319298245614035,0.021423278889211042,0.978576721110789
31710,YOL095C YKR042W,1.0,NA,0.9534944891929626,1515,665,30376,1335,0.9409872827594347,0.694954128440367,0.531578947368421,0.021423278889211042,0.978576721110789
31711,YMR072W YOR211C,1.0,NA,0.9535122513771057,1514,665,30376,1336,0.9409577764008143,0.6948141349242772,0.5312280701754386,0.021423278889211042,0.978576721110789
31712,YNR035C YMR211W,1.0,NA,0.9535817503929138,1513,665,30376,1337,0.9409282700421941,0.6946740128558311,0.5308771929824562,0.021423278889211042,0.978576721110789
31713,YNR074C YPR134W,0.0,NA,0.9535902738571167,1513,664,30377,1337,0.9409577764008143,0.6949931097841066,0.5308771929824562,0.021391063432234788,0.9786089365677653
31714,YJL146W YHR183W,0.0,NA,0.9536139369010925,1513,663,30378,1337,0.9409872827594347,0.6953125,0.5308771929824562,0.02135884797525853,0.9786411520247414
31715,YMR106C YKR054C,0.0,NA,0.9536287784576416,1513,662,30379,1337,0.941016789118055,0.6956321839080459,0.5308771929824562,0.021326632518282273,0.9786733674817177
31716,YML058W YPR125W,1.0,NA,0.9537357687950134,1512,662,30379,1338,0.9409872827594347,0.6954921803127875,0.5305263157894737,0.021326632518282273,0.9786733674817177
31717,YPR024W YLL013C,1.0,NA,0.9538177847862244,1511,662,30379,1339,0.9409577764008143,0.6953520478601013,0.5301754385964912,0.021326632518282273,0.9786733674817177
31718,YGL020C YDR219C,1.0,NA,0.9538580179214478,1510,662,30379,1340,0.9409282700421941,0.6952117863720073,0.5298245614035088,0.021326632518282273,0.9786733674817177
31719,YNR035C YPR083W,1.0,NA,0.9540638327598572,1509,662,30379,1341,0.9408987636835738,0.695071395670198,0.5294736842105263,0.021326632518282273,0.9786733674817177
31720,YHL011C YIR033W,0.0,NA,0.9541783332824707,1509,661,30380,1341,0.9409282700421941,0.6953917050691244,0.5294736842105263,0.021294417061306015,0.978705582938694
31721,YDL217C YOR330C,1.0,NA,0.9542278051376343,1508,661,30380,1342,0.9408987636835738,0.6952512678653757,0.5291228070175439,0.021294417061306015,0.978705582938694
31722,YLR227C YKL174C,0.0,NA,0.9542728662490845,1508,660,30381,1342,0.9409282700421941,0.6955719557195572,0.5291228070175439,0.021262201604329758,0.9787377983956702
31723,YGL238W YDL047W,0.0,NA,0.9543076753616333,1508,659,30382,1342,0.9409577764008143,0.6958929395477619,0.5291228070175439,0.0212299861473535,0.9787700138526465
31724,YHR120W YCR028C-A,1.0,NA,0.9543371200561523,1507,659,30382,1343,0.9409282700421941,0.695752539242844,0.5287719298245614,0.0212299861473535,0.9787700138526465
31725,YNL280C YLR201C,0.0,NA,0.9543724060058594,1507,658,30383,1343,0.9409577764008143,0.6960739030023094,0.5287719298245614,0.021197770690377243,0.9788022293096228
31726,YHR067W YAR003W,0.0,NA,0.9543901085853577,1507,657,30384,1343,0.9409872827594347,0.6963955637707948,0.5287719298245614,0.021165555233400985,0.978834444766599
31727,YKL013C YNL310C,1.0,NA,0.9544022679328918,1506,657,30384,1344,0.9409577764008143,0.6962552011095701,0.5284210526315789,0.021165555233400985,0.978834444766599
31728,YDR252W YDR419W,0.0,NA,0.9545090198516846,1506,656,30385,1344,0.9409872827594347,0.696577243293247,0.5284210526315789,0.021133339776424728,0.9788666602235753
31729,YOL027C YNL310C,1.0,NA,0.9546098113059998,1505,656,30385,1345,0.9409577764008143,0.6964368347987043,0.5280701754385965,0.021133339776424728,0.9788666602235753
31730,YOR326W YNL070W,1.0,NA,0.9547291398048401,1504,656,30385,1346,0.9409282700421941,0.6962962962962963,0.527719298245614,0.021133339776424728,0.9788666602235753
31731,YKL053C-A YOL076W,1.0,NA,0.9547524452209473,1503,656,30385,1347,0.9408987636835738,0.6961556276053729,0.5273684210526316,0.021133339776424728,0.9788666602235753
31732,YLR304C YDL217C,1.0,NA,0.9547970294952393,1502,656,30385,1348,0.9408692573249535,0.696014828544949,0.5270175438596492,0.021133339776424728,0.9788666602235753
31733,YNL026W YNL310C,1.0,NA,0.9548192024230957,1501,656,30385,1349,0.9408397509663332,0.6958738989337042,0.5266666666666666,0.021133339776424728,0.9788666602235753
31734,YEL046C YMR208W,0.0,NA,0.9548460245132446,1501,655,30386,1349,0.9408692573249535,0.6961966604823747,0.5266666666666666,0.02110112431944847,0.9788988756805516
31735,YLR368W YDR077W,1.0,NA,0.9548576474189758,1500,655,30386,1350,0.9408397509663332,0.6960556844547564,0.5263157894736842,0.02110112431944847,0.9788988756805516
31736,YOL122C YDR432W,0.0,NA,0.9548686742782593,1500,654,30387,1350,0.9408692573249535,0.6963788300835655,0.5263157894736842,0.021068908862472212,0.9789310911375277
31737,YKR036C YGR181W,1.0,NA,0.9548742175102234,1499,654,30387,1351,0.9408397509663332,0.6962378077101719,0.5259649122807017,0.021068908862472212,0.9789310911375277
31738,YNL046W YPL154C,0.0,NA,0.9548894166946411,1499,653,30388,1351,0.9408692573249535,0.6965613382899628,0.5259649122807017,0.02103669340549596,0.978963306594504
31739,YLR368W YOL095C,1.0,NA,0.9549815058708191,1498,653,30388,1352,0.9408397509663332,0.696420269642027,0.5256140350877193,0.02103669340549596,0.978963306594504
31740,YIL159W YNL241C,0.0,NA,0.9550296664237976,1498,652,30389,1352,0.9408692573249535,0.6967441860465117,0.5256140350877193,0.0210044779485197,0.9789955220514803
31741,YJL091C YNL278W,0.0,NA,0.9550341367721558,1498,651,30390,1352,0.9408987636835738,0.6970684039087948,0.5256140350877193,0.020972262491543443,0.9790277375084565
31742,YOR037W YJL054W,1.0,NA,0.9551128149032593,1497,651,30390,1353,0.9408692573249535,0.696927374301676,0.5252631578947369,0.020972262491543443,0.9790277375084565
31743,YJR123W YDR461W,0.0,NA,0.9551220536231995,1497,650,30391,1353,0.9408987636835738,0.6972519795062878,0.5252631578947369,0.020940047034567186,0.9790599529654328
31744,YBR234C YOR330C,1.0,NA,0.9551256895065308,1496,650,30391,1354,0.9408692573249535,0.6971109040074557,0.5249122807017544,0.020940047034567186,0.9790599529654328
31745,YGL020C YMR072W,1.0,NA,0.9551388025283813,1495,650,30391,1355,0.9408397509663332,0.696969696969697,0.5245614035087719,0.020940047034567186,0.9790599529654328
31746,YER154W YIL065C,1.0,NA,0.9551486372947693,1494,650,30391,1356,0.940810244607713,0.6968283582089553,0.5242105263157895,0.020940047034567186,0.9790599529654328
31747,YNR035C YDR077W,1.0,NA,0.9552057385444641,1493,650,30391,1357,0.9407807382490927,0.6966868875408306,0.523859649122807,0.020940047034567186,0.9790599529654328
31748,YOR266W YBR234C,1.0,NA,0.9552382230758667,1492,650,30391,1358,0.9407512318904724,0.6965452847805789,0.5235087719298246,0.020940047034567186,0.9790599529654328
31749,YDL142C YGL219C,1.0,NA,0.9552536606788635,1491,650,30391,1359,0.9407217255318521,0.6964035497431107,0.5231578947368422,0.020940047034567186,0.9790599529654328
31750,YBR082C YIL125W,0.0,NA,0.9554253816604614,1491,649,30392,1359,0.9407512318904724,0.6967289719626168,0.5231578947368422,0.020907831577590928,0.9790921684224091
31751,YPR083W YJL112W,1.0,NA,0.9554956555366516,1490,649,30392,1360,0.9407217255318521,0.6965871902758298,0.5228070175438596,0.020907831577590928,0.9790921684224091
31752,YJR135W-A YCR028C-A,1.0,NA,0.9555011987686157,1489,649,30392,1361,0.9406922191732319,0.69644527595884,0.5224561403508772,0.020907831577590928,0.9790921684224091
31753,YPR011C YPR055W,0.0,NA,0.9555115699768066,1489,648,30393,1361,0.9407217255318521,0.6967711745437529,0.5224561403508772,0.02087561612061467,0.9791243838793853
31754,YOL060C YMR211W,1.0,NA,0.955597460269928,1488,648,30393,1362,0.9406922191732319,0.6966292134831461,0.5221052631578947,0.02087561612061467,0.9791243838793853
31755,YNL318C YGL172W,0.0,NA,0.9556142091751099,1488,647,30394,1362,0.9407217255318521,0.6969555035128806,0.5221052631578947,0.020843400663638413,0.9791565993363616
31756,YBR167C YDL080C,0.0,NA,0.9557482600212097,1488,646,30395,1362,0.9407512318904724,0.697282099343955,0.5221052631578947,0.020811185206662156,0.9791888147933379
31757,YKR066C YPL048W,0.0,NA,0.9557529091835022,1488,645,30396,1362,0.9407807382490927,0.6976090014064698,0.5221052631578947,0.020778969749685898,0.9792210302503142
31758,YOR178C YFL033C,0.0,NA,0.9557839632034302,1488,644,30397,1362,0.940810244607713,0.6979362101313321,0.5221052631578947,0.02074675429270964,0.9792532457072903
31759,YJR135W-A YOL076W,1.0,NA,0.9558503031730652,1487,644,30397,1363,0.9407807382490927,0.697794462693571,0.5217543859649123,0.02074675429270964,0.9792532457072903
31760,YDR150W YDR077W,1.0,NA,0.9559582471847534,1486,644,30397,1364,0.9407512318904724,0.6976525821596244,0.5214035087719299,0.02074675429270964,0.9792532457072903
31761,YPR083W YDL217C,1.0,NA,0.9559948444366455,1485,644,30397,1365,0.9407217255318521,0.6975105683419446,0.5210526315789473,0.02074675429270964,0.9792532457072903
31762,YMR060C YGL020C,1.0,NA,0.9560069441795349,1484,644,30397,1366,0.9406922191732319,0.6973684210526315,0.5207017543859649,0.02074675429270964,0.9792532457072903
31763,YKL214C YOR069W,0.0,NA,0.956025242805481,1484,643,30398,1366,0.9407217255318521,0.6976962858486131,0.5207017543859649,0.020714538835733386,0.9792854611642666
31764,YJL006C YOR126C,0.0,NA,0.9560776352882385,1484,642,30399,1366,0.9407512318904724,0.6980244590780809,0.5207017543859649,0.02068232337875713,0.9793176766212429
31765,YJL044C YFR025C,0.0,NA,0.9561527371406555,1484,641,30400,1366,0.9407807382490927,0.6983529411764706,0.5207017543859649,0.02065010792178087,0.9793498920782191
31766,YGR181W YGR101W,1.0,NA,0.9561923742294312,1483,641,30400,1367,0.9407512318904724,0.698210922787194,0.5203508771929825,0.02065010792178087,0.9793498920782191
31767,YCR027C YMR065W,0.0,NA,0.9562432169914246,1483,640,30401,1367,0.9407807382490927,0.6985398021667452,0.5203508771929825,0.020617892464804614,0.9793821075351954
31768,YML058W YNL121C,1.0,NA,0.9562609791755676,1482,640,30401,1368,0.9407512318904724,0.6983977379830348,0.52,0.020617892464804614,0.9793821075351954
31769,YCL016C YNL147W,0.0,NA,0.9563602805137634,1482,639,30402,1368,0.9407807382490927,0.6987270155586988,0.52,0.020585677007828356,0.9794143229921717
31770,YJL054W YJR135W-A,1.0,NA,0.9565327763557434,1481,639,30402,1369,0.9407512318904724,0.6985849056603773,0.5196491228070176,0.020585677007828356,0.9794143229921717
31771,YOL060C YGR101W,1.0,NA,0.9566122889518738,1480,639,30402,1370,0.9407217255318521,0.6984426616328456,0.519298245614035,0.020585677007828356,0.9794143229921717
31772,YOR326W YIL051C,1.0,NA,0.9566185474395752,1479,639,30402,1371,0.9406922191732319,0.6983002832861189,0.5189473684210526,0.020585677007828356,0.9794143229921717
31773,YJL139C YPL028W,0.0,NA,0.9566519260406494,1479,638,30403,1371,0.9407217255318521,0.6986301369863014,0.5189473684210526,0.0205534615508521,0.9794465384491479
31774,YOR281C YDR071C,0.0,NA,0.9567345380783081,1479,637,30404,1371,0.9407512318904724,0.6989603024574669,0.5189473684210526,0.02052124609387584,0.9794787539061242
31775,YBL056W YMR231W,0.0,NA,0.9567421674728394,1479,636,30405,1371,0.9407807382490927,0.699290780141844,0.5189473684210526,0.020489030636899584,0.9795109693631004
31776,YLR110C YPR179C,0.0,NA,0.9568368792533875,1479,635,30406,1371,0.940810244607713,0.6996215704824976,0.5189473684210526,0.020456815179923326,0.9795431848200766
31777,YOL027C YGR101W,1.0,NA,0.9568496346473694,1478,635,30406,1372,0.9407807382490927,0.6994794131566493,0.5185964912280702,0.020456815179923326,0.9795431848200766
31778,YHR031C YBR234C,1.0,NA,0.9568509459495544,1477,635,30406,1373,0.9407512318904724,0.6993371212121212,0.5182456140350877,0.020456815179923326,0.9795431848200766
31779,YGL020C YLL006W,1.0,NA,0.9568837881088257,1476,635,30406,1374,0.9407217255318521,0.6991946944576031,0.5178947368421053,0.020456815179923326,0.9795431848200766
31780,YGR002C YGL105W,0.0,NA,0.9570209383964539,1476,634,30407,1374,0.9407512318904724,0.6995260663507109,0.5178947368421053,0.02042459972294707,0.9795754002770529
31781,YLR304C YOR266W,1.0,NA,0.9570322632789612,1475,634,30407,1375,0.9407217255318521,0.6993835941204363,0.5175438596491229,0.02042459972294707,0.9795754002770529
31782,YPL242C YDR466W,0.0,NA,0.9570387005805969,1475,633,30408,1375,0.9407512318904724,0.6997153700189753,0.5175438596491229,0.020392384265970814,0.9796076157340292
31783,YNL071W YGL124C,0.0,NA,0.9570606350898743,1475,632,30409,1375,0.9407807382490927,0.7000474608448031,0.5175438596491229,0.020360168808994557,0.9796398311910054
31784,YPR083W YDL006W,1.0,NA,0.957144558429718,1474,632,30409,1376,0.9407512318904724,0.6999050332383666,0.5171929824561403,0.020360168808994557,0.9796398311910054
31785,YGL071W YBR118W,0.0,NA,0.9571986198425293,1474,631,30410,1376,0.9407807382490927,0.7002375296912114,0.5171929824561403,0.0203279533520183,0.9796720466479817
31786,YOL095C YGL219C,1.0,NA,0.9572203159332275,1473,631,30410,1377,0.9407512318904724,0.7000950570342205,0.5168421052631579,0.0203279533520183,0.9796720466479817
31787,YPL234C YDR093W,0.0,NA,0.9572756290435791,1473,630,30411,1377,0.9407807382490927,0.7004279600570613,0.5168421052631579,0.02029573789504204,0.979704262104958
31788,YLR355C YDL217C,1.0,NA,0.9573596119880676,1472,630,30411,1378,0.9407512318904724,0.7002854424357755,0.5164912280701754,0.02029573789504204,0.979704262104958
31789,YHR031C YPR125W,1.0,NA,0.9573643207550049,1471,630,30411,1379,0.9407217255318521,0.7001427891480247,0.516140350877193,0.02029573789504204,0.979704262104958
31790,YHR031C YKL013C,1.0,NA,0.9573849439620972,1470,630,30411,1380,0.9406922191732319,0.7,0.5157894736842106,0.02029573789504204,0.979704262104958
31791,YLR355C YHR083W,1.0,NA,0.9574503898620605,1469,630,30411,1381,0.9406627128146116,0.6998570747975227,0.515438596491228,0.02029573789504204,0.979704262104958
31792,YKL053C-A YER154W,1.0,NA,0.9575779438018799,1468,630,30411,1382,0.9406332064559912,0.6997140133460439,0.5150877192982456,0.02029573789504204,0.979704262104958
31793,YER009W YDR238C,0.0,NA,0.9575875997543335,1468,629,30412,1382,0.9406627128146116,0.7000476871721507,0.5150877192982456,0.020263522438065784,0.9797364775619343
31794,YJL097W YGR134W,0.0,NA,0.9576640129089355,1468,628,30413,1382,0.9406922191732319,0.700381679389313,0.5150877192982456,0.020231306981089527,0.9797686930189105
31795,YCR083W YBL045C,0.0,NA,0.9576729536056519,1468,627,30414,1382,0.9407217255318521,0.7007159904534607,0.5150877192982456,0.02019909152411327,0.9798009084758867
31796,YGL020C YDL217C,1.0,NA,0.9577176570892334,1467,627,30414,1383,0.9406922191732319,0.7005730659025788,0.5147368421052632,0.02019909152411327,0.9798009084758867
31797,YMR134W YHR083W,1.0,NA,0.9577417373657227,1466,627,30414,1384,0.9406627128146116,0.7004300047778309,0.5143859649122807,0.02019909152411327,0.9798009084758867
31798,YKR034W YMR048W,0.0,NA,0.957851231098175,1466,626,30415,1384,0.9406922191732319,0.7007648183556405,0.5143859649122807,0.02016687606713701,0.979833123932863
31799,YNL121C YDL217C,1.0,NA,0.9578783512115479,1465,626,30415,1385,0.9406627128146116,0.7006217120994739,0.5140350877192983,0.02016687606713701,0.979833123932863
31800,YNR035C YMR012W,1.0,NA,0.9580903649330139,1464,626,30415,1386,0.9406332064559912,0.7004784688995215,0.5136842105263157,0.02016687606713701,0.979833123932863
31801,YPL098C YDL217C,1.0,NA,0.9582026600837708,1463,626,30415,1387,0.9406037000973709,0.7003350885591192,0.5133333333333333,0.02016687606713701,0.979833123932863
31802,YBR179C YPR083W,1.0,NA,0.9582074284553528,1462,626,30415,1388,0.9405741937387507,0.7001915708812261,0.5129824561403509,0.02016687606713701,0.979833123932863
31803,YDR219C YOR266W,1.0,NA,0.9582995176315308,1461,626,30415,1389,0.9405446873801304,0.7000479156684236,0.5126315789473684,0.02016687606713701,0.979833123932863
31804,YGL115W YBR176W,0.0,NA,0.9583566784858704,1461,625,30416,1389,0.9405741937387507,0.7003835091083414,0.5126315789473684,0.020134660610160754,0.9798653393898392
31805,YOR037W YHR083W,1.0,NA,0.9583746194839478,1460,625,30416,1390,0.9405446873801304,0.7002398081534772,0.512280701754386,0.020134660610160754,0.9798653393898392
31806,YNL026W YML091C,1.0,NA,0.9584227800369263,1459,625,30416,1391,0.9405151810215101,0.7000959692898272,0.5119298245614035,0.020134660610160754,0.9798653393898392
31807,YHR083W YDL006W,1.0,NA,0.9584393501281738,1458,625,30416,1392,0.9404856746628899,0.699951992318771,0.511578947368421,0.020134660610160754,0.9798653393898392
31808,YCR028C-A YPR131C,1.0,NA,0.9584682583808899,1457,625,30416,1393,0.9404561683042696,0.6998078770413064,0.5112280701754386,0.020134660610160754,0.9798653393898392
31809,YNL310C YIL065C,1.0,NA,0.958498477935791,1456,625,30416,1394,0.9404266619456493,0.699663623258049,0.5108771929824562,0.020134660610160754,0.9798653393898392
31810,YFL039C YMR012W,1.0,NA,0.9585140347480774,1455,625,30416,1395,0.940397155587029,0.6995192307692307,0.5105263157894737,0.020134660610160754,0.9798653393898392
31811,YOR037W YMR060C,1.0,NA,0.9585759043693542,1454,625,30416,1396,0.9403676492284088,0.6993746993746994,0.5101754385964913,0.020134660610160754,0.9798653393898392
31812,YOR037W YIL138C,1.0,NA,0.9586009979248047,1453,625,30416,1397,0.9403381428697885,0.6992300288739173,0.5098245614035087,0.020134660610160754,0.9798653393898392
31813,YPR125W YDL006W,1.0,NA,0.9588042497634888,1452,625,30416,1398,0.9403086365111681,0.6990852190659606,0.5094736842105263,0.020134660610160754,0.9798653393898392
31814,YMR241W YGR101W,1.0,NA,0.9588215351104736,1451,625,30416,1399,0.9402791301525478,0.6989402697495183,0.5091228070175439,0.020134660610160754,0.9798653393898392
31815,YNL070W YIL138C,1.0,NA,0.9589670896530151,1450,625,30416,1400,0.9402496237939276,0.6987951807228916,0.5087719298245614,0.020134660610160754,0.9798653393898392
31816,YDL142C YIL051C,1.0,NA,0.9589753150939941,1449,625,30416,1401,0.9402201174353073,0.6986499517839923,0.508421052631579,0.020134660610160754,0.9798653393898392
31817,YOR308C YMR274C,0.0,NA,0.9590120911598206,1449,624,30417,1401,0.9402496237939276,0.6989869753979739,0.508421052631579,0.020102445153184496,0.9798975548468155
31818,YFL036W YGR181W,1.0,NA,0.9591237902641296,1448,624,30417,1402,0.9402201174353073,0.6988416988416989,0.5080701754385964,0.020102445153184496,0.9798975548468155
31819,YMR224C YGL005C,0.0,NA,0.9591355323791504,1448,623,30418,1402,0.9402496237939276,0.69917914051183,0.5080701754385964,0.020070229696208242,0.9799297703037918
31820,YJR104C YDR121W,0.0,NA,0.9591422080993652,1448,622,30419,1402,0.9402791301525478,0.6995169082125604,0.5080701754385964,0.020038014239231985,0.979961985760768
31821,YNL079C YGR181W,1.0,NA,0.959194004535675,1447,622,30419,1403,0.9402496237939276,0.6993716771387144,0.507719298245614,0.020038014239231985,0.979961985760768
31822,YML069W YBR199W,0.0,NA,0.9592360854148865,1447,621,30420,1403,0.9402791301525478,0.6997098646034816,0.507719298245614,0.020005798782255727,0.9799942012177443
31823,YJL063C YHR083W,1.0,NA,0.959243893623352,1446,621,30420,1404,0.9402496237939276,0.6995645863570392,0.5073684210526316,0.020005798782255727,0.9799942012177443
31824,YKR036C YKR042W,1.0,NA,0.9592891931533813,1445,621,30420,1405,0.9402201174353073,0.6994191674733785,0.5070175438596491,0.020005798782255727,0.9799942012177443
31825,YGL106W YBR290W,0.0,NA,0.9593207836151123,1445,620,30421,1405,0.9402496237939276,0.6997578692493946,0.5070175438596491,0.01997358332527947,0.9800264166747206
31826,YDR006C YLR380W,0.0,NA,0.9593938589096069,1445,619,30422,1405,0.9402791301525478,0.7000968992248062,0.5070175438596491,0.019941367868303212,0.9800586321316967
31827,YDR164C YPL116W,0.0,NA,0.9594289660453796,1445,618,30423,1405,0.9403086365111681,0.7004362578768784,0.5070175438596491,0.019909152411326955,0.980090847588673
31828,YFL039C YMR211W,1.0,NA,0.9596346616744995,1444,618,30423,1406,0.9402791301525478,0.7002909796314258,0.5066666666666667,0.019909152411326955,0.980090847588673
31829,YCR028C-A YBR179C,1.0,NA,0.9597156643867493,1443,618,30423,1407,0.9402496237939276,0.7001455604075691,0.5063157894736842,0.019909152411326955,0.980090847588673
31830,YMR060C YER154W,1.0,NA,0.9597356915473938,1442,618,30423,1408,0.9402201174353073,0.7,0.5059649122807017,0.019909152411326955,0.980090847588673
31831,YDR296W YLL013C,1.0,NA,0.95974200963974,1441,618,30423,1409,0.940190611076687,0.6998542982030111,0.5056140350877193,0.019909152411326955,0.980090847588673
31832,YOL069W YGL243W,0.0,NA,0.9597636461257935,1441,617,30424,1409,0.9402201174353073,0.7001943634596696,0.5056140350877193,0.019876936954350697,0.9801230630456493
31833,YKL053C-A YNL070W,1.0,NA,0.959926187992096,1440,617,30424,1410,0.940190611076687,0.7000486144871172,0.5052631578947369,0.019876936954350697,0.9801230630456493
31834,YDL142C YHR120W,1.0,NA,0.9600021243095398,1439,617,30424,1411,0.9401611047180668,0.6999027237354085,0.5049122807017544,0.019876936954350697,0.9801230630456493
31835,YFR014C YGL065C,0.0,NA,0.9600285887718201,1439,616,30425,1411,0.940190611076687,0.7002433090024331,0.5049122807017544,0.01984472149737444,0.9801552785026255
31836,YGL115W YOR038C,0.0,NA,0.9600741863250732,1439,615,30426,1411,0.9402201174353073,0.7005842259006816,0.5049122807017544,0.019812506040398182,0.9801874939596018
31837,YOL060C YHR083W,1.0,NA,0.9601033329963684,1438,615,30426,1412,0.940190611076687,0.7004383828543594,0.5045614035087719,0.019812506040398182,0.9801874939596018
31838,YDR331W YDR477W,0.0,NA,0.9601477980613708,1438,614,30427,1412,0.9402201174353073,0.7007797270955166,0.5045614035087719,0.019780290583421924,0.9802197094165781
31839,YJL063C YNL310C,1.0,NA,0.9602001309394836,1437,614,30427,1413,0.940190611076687,0.7006338371526085,0.5042105263157894,0.019780290583421924,0.9802197094165781
31840,YGL055W YLR304C,1.0,NA,0.960217297077179,1436,614,30427,1414,0.9401611047180668,0.7004878048780487,0.503859649122807,0.019780290583421924,0.9802197094165781
31841,YER048W-A YBR216C,0.0,NA,0.9602424502372742,1436,613,30428,1414,0.940190611076687,0.700829673011225,0.503859649122807,0.01974807512644567,0.9802519248735543
31842,YGL020C YOL060C,1.0,NA,0.9602982997894287,1435,613,30428,1415,0.9401611047180668,0.70068359375,0.5035087719298246,0.01974807512644567,0.9802519248735543
31843,YOR322C YJR013W,0.0,NA,0.9602997303009033,1435,612,30429,1415,0.940190611076687,0.7010258915486077,0.5035087719298246,0.019715859669469413,0.9802841403305306
31844,YIL051C YMR012W,1.0,NA,0.9603234529495239,1434,612,30429,1416,0.9401611047180668,0.7008797653958945,0.5031578947368421,0.019715859669469413,0.9802841403305306
31845,YDR150W YJL112W,1.0,NA,0.9603751301765442,1433,612,30429,1417,0.9401315983594465,0.7007334963325184,0.5028070175438597,0.019715859669469413,0.9802841403305306
31846,YML069W YIR037W,0.0,NA,0.9604382514953613,1433,611,30430,1417,0.9401611047180668,0.7010763209393346,0.5028070175438597,0.019683644212493155,0.9803163557875069
31847,YML091C YMR241W,1.0,NA,0.9604421257972717,1432,611,30430,1418,0.9401315983594465,0.7009300048947626,0.5024561403508772,0.019683644212493155,0.9803163557875069
31848,YDL127W YGL040C,0.0,NA,0.9605188965797424,1432,610,30431,1418,0.9401611047180668,0.7012732615083251,0.5024561403508772,0.019651428755516898,0.9803485712444832
31849,YMR255W YHR152W,0.0,NA,0.9606133699417114,1432,609,30432,1418,0.940190611076687,0.7016168544830965,0.5024561403508772,0.01961921329854064,0.9803807867014593
31850,YDR150W YOL060C,1.0,NA,0.9608378410339355,1431,609,30432,1419,0.9401611047180668,0.7014705882352941,0.5021052631578947,0.01961921329854064,0.9803807867014593
31851,YJR065C YGR101W,1.0,NA,0.9609115719795227,1430,609,30432,1420,0.9401315983594465,0.7013241785188818,0.5017543859649123,0.01961921329854064,0.9803807867014593
31852,YHR200W YEL012W,0.0,NA,0.9609902501106262,1430,608,30433,1420,0.9401611047180668,0.7016683022571149,0.5017543859649123,0.019586997841564383,0.9804130021584356
31853,YGL116W YMR179W,0.0,NA,0.9610196352005005,1430,607,30434,1420,0.940190611076687,0.7020127638684339,0.5017543859649123,0.019554782384588125,0.9804452176154119
31854,YBR192W YDL217C,1.0,NA,0.9610415697097778,1429,607,30434,1421,0.9401611047180668,0.7018664047151277,0.5014035087719299,0.019554782384588125,0.9804452176154119
31855,YHR031C YOL095C,1.0,NA,0.9610766768455505,1428,607,30434,1422,0.9401315983594465,0.7017199017199017,0.5010526315789474,0.019554782384588125,0.9804452176154119
31856,YOR076C YGL016W,0.0,NA,0.9611194133758545,1428,606,30435,1422,0.9401611047180668,0.7020648967551623,0.5010526315789474,0.019522566927611867,0.9804774330723881
31857,YNL246W YBR049C,0.0,NA,0.9611216187477112,1428,605,30436,1422,0.940190611076687,0.7024102311854402,0.5010526315789474,0.01949035147063561,0.9805096485293644
31858,YOR117W YDL195W,0.0,NA,0.9611330628395081,1428,604,30437,1422,0.9402201174353073,0.702755905511811,0.5010526315789474,0.019458136013659352,0.9805418639863407
31859,YDR065W YLL028W,0.0,NA,0.961225152015686,1428,603,30438,1422,0.9402496237939276,0.7031019202363368,0.5010526315789474,0.019425920556683098,0.9805740794433169
31860,YMR060C YPR131C,1.0,NA,0.9612663388252258,1427,603,30438,1423,0.9402201174353073,0.7029556650246306,0.5007017543859649,0.019425920556683098,0.9805740794433169
31861,YJL112W YMR211W,1.0,NA,0.9613149166107178,1426,603,30438,1424,0.940190611076687,0.7028092656481025,0.5003508771929824,0.019425920556683098,0.9805740794433169
31862,YNL026W YDL006W,1.0,NA,0.9613255262374878,1425,603,30438,1425,0.9401611047180668,0.7026627218934911,0.5,0.019425920556683098,0.9805740794433169
31863,YKR053C YML068W,0.0,NA,0.9613624215126038,1425,602,30439,1425,0.940190611076687,0.7030093734583128,0.5,0.01939370509970684,0.9806062949002932
31864,YBR212W YHR083W,1.0,NA,0.9613638520240784,1424,602,30439,1426,0.9401611047180668,0.702862783810464,0.49964912280701756,0.01939370509970684,0.9806062949002932
31865,YER180C YCL025C,0.0,NA,0.9613884091377258,1424,601,30440,1426,0.940190611076687,0.7032098765432099,0.49964912280701756,0.019361489642730583,0.9806385103572695
31866,YNR035C YGL020C,1.0,NA,0.9614277482032776,1423,601,30440,1427,0.9401611047180668,0.7030632411067194,0.4992982456140351,0.019361489642730583,0.9806385103572695
31867,YLR066W YLR212C,0.0,NA,0.9614408612251282,1423,600,30441,1427,0.940190611076687,0.7034107760751359,0.4992982456140351,0.019329274185754326,0.9806707258142456
31868,YGL020C YKR042W,1.0,NA,0.9614599347114563,1422,600,30441,1428,0.9401611047180668,0.7032640949554896,0.49894736842105264,0.019329274185754326,0.9806707258142456
31869,YML027W YDL075W,0.0,NA,0.9614842534065247,1422,599,30442,1428,0.940190611076687,0.7036120732310738,0.49894736842105264,0.019297058728778068,0.9807029412712219
31870,YJR135W-A YGL219C,1.0,NA,0.9614899754524231,1421,599,30442,1429,0.9401611047180668,0.7034653465346534,0.49859649122807015,0.019297058728778068,0.9807029412712219
31871,YJR135W-A YHR083W,1.0,NA,0.9614903330802917,1420,599,30442,1430,0.9401315983594465,0.703318474492323,0.4982456140350877,0.019297058728778068,0.9807029412712219
31872,YDR296W YDR150W,1.0,NA,0.9615087509155273,1419,599,30442,1431,0.9401020920008262,0.703171456888008,0.4978947368421053,0.019297058728778068,0.9807029412712219
31873,YDL216C YML092C,0.0,NA,0.9615227580070496,1419,598,30443,1431,0.9401315983594465,0.7035200793257312,0.4978947368421053,0.01926484327180181,0.9807351567281982
31874,YBR212W YFL039C,1.0,NA,0.961557924747467,1418,598,30443,1432,0.9401020920008262,0.7033730158730159,0.4975438596491228,0.01926484327180181,0.9807351567281982
31875,YLR025W YNL072W,0.0,NA,0.9615958333015442,1418,597,30444,1432,0.9401315983594465,0.7037220843672457,0.4975438596491228,0.019232627814825553,0.9807673721851744
31876,YOR326W YER154W,1.0,NA,0.9616495966911316,1417,597,30444,1433,0.9401020920008262,0.7035749751737835,0.49719298245614035,0.019232627814825553,0.9807673721851744
31877,YJR135W-A YML091C,1.0,NA,0.9616952538490295,1416,597,30444,1434,0.9400725856422059,0.7034277198211625,0.4968421052631579,0.019232627814825553,0.9807673721851744
31878,YIL030C YGR098C,0.0,NA,0.9617376923561096,1416,596,30445,1434,0.9401020920008262,0.7037773359840954,0.4968421052631579,0.019200412357849295,0.9807995876421507
31879,YKL053C-A YKR042W,1.0,NA,0.9617547988891602,1415,596,30445,1435,0.9400725856422059,0.7036300348085529,0.4964912280701754,0.019200412357849295,0.9807995876421507
31880,YKR036C YDL006W,1.0,NA,0.9617682695388794,1414,596,30445,1436,0.9400430792835857,0.7034825870646766,0.496140350877193,0.019200412357849295,0.9807995876421507
31881,YMR297W YDL015C,0.0,NA,0.961777925491333,1414,595,30446,1436,0.9400725856422059,0.7038327526132404,0.496140350877193,0.019168196900873038,0.980831803099127
31882,YKL053C-A YLR370C,1.0,NA,0.9618244767189026,1413,595,30446,1437,0.9400430792835857,0.7036852589641435,0.4957894736842105,0.019168196900873038,0.980831803099127
31883,YOL095C YBR091C,1.0,NA,0.9619074463844299,1412,595,30446,1438,0.9400135729249653,0.7035376183358246,0.49543859649122807,0.019168196900873038,0.980831803099127
31884,YPR024W YPR131C,1.0,NA,0.9619973301887512,1411,595,30446,1439,0.939984066566345,0.7033898305084746,0.49508771929824563,0.019168196900873038,0.980831803099127
31885,YLR115W YGR104C,0.0,NA,0.9620372653007507,1411,594,30447,1439,0.9400135729249653,0.7037406483790524,0.49508771929824563,0.01913598144389678,0.9808640185561032
31886,YPL045W YNR047W,0.0,NA,0.9620954990386963,1411,593,30448,1439,0.9400430792835857,0.7040918163672655,0.49508771929824563,0.019103765986920526,0.9808962340130795
31887,YEL044W YMR276W,0.0,NA,0.962174654006958,1411,592,30449,1439,0.9400725856422059,0.7044433349975038,0.49508771929824563,0.01907155052994427,0.9809284494700558
31888,YBR091C YNL066W,1.0,NA,0.962314248085022,1410,592,30449,1440,0.9400430792835857,0.7042957042957043,0.49473684210526314,0.01907155052994427,0.9809284494700558
31889,YNL070W YOL027C,1.0,NA,0.9623695611953735,1409,592,30449,1441,0.9400135729249653,0.7041479260369815,0.4943859649122807,0.01907155052994427,0.9809284494700558
31890,YBR286W YGL022W,0.0,NA,0.9623790979385376,1409,591,30450,1441,0.9400430792835857,0.7045,0.4943859649122807,0.01903933507296801,0.980960664927032
31891,YJL063C YLR368W,1.0,NA,0.9624000787734985,1408,591,30450,1442,0.9400135729249653,0.704352176088044,0.49403508771929827,0.01903933507296801,0.980960664927032
31892,YJL063C YMR060C,1.0,NA,0.9624708294868469,1407,591,30450,1443,0.939984066566345,0.7042042042042042,0.4936842105263158,0.01903933507296801,0.980960664927032
31893,YNL121C YJL112W,1.0,NA,0.962611734867096,1406,591,30450,1444,0.9399545602077247,0.7040560841261893,0.49333333333333335,0.01903933507296801,0.980960664927032
31894,YHL033C YFR024C-A,0.0,NA,0.9626361727714539,1406,590,30451,1444,0.939984066566345,0.7044088176352705,0.49333333333333335,0.019007119615991754,0.9809928803840082
31895,YOL095C YBR234C,1.0,NA,0.9627949595451355,1405,590,30451,1445,0.9399545602077247,0.7042606516290727,0.49298245614035086,0.019007119615991754,0.9809928803840082
31896,YDR423C YKL080W,0.0,NA,0.9628158211708069,1405,589,30452,1445,0.939984066566345,0.7046138415245737,0.49298245614035086,0.018974904159015496,0.9810250958409845
31897,YOR375C YGL002W,0.0,NA,0.9628318548202515,1405,588,30453,1445,0.9400135729249653,0.7049673858504767,0.49298245614035086,0.01894268870203924,0.9810573112979608
31898,YIL062C YPR125W,1.0,NA,0.9628456830978394,1404,588,30453,1446,0.939984066566345,0.7048192771084337,0.4926315789473684,0.01894268870203924,0.9810573112979608
31899,YMR072W YPR131C,1.0,NA,0.962848961353302,1403,588,30453,1447,0.9399545602077247,0.7046710195881467,0.492280701754386,0.01894268870203924,0.9810573112979608
31900,YML099C YNR009W,0.0,NA,0.9629030227661133,1403,587,30454,1447,0.939984066566345,0.7050251256281407,0.492280701754386,0.01891047324506298,0.981089526754937
31901,YJL063C YOL027C,1.0,NA,0.9629237055778503,1402,587,30454,1448,0.9399545602077247,0.7048768225238814,0.4919298245614035,0.01891047324506298,0.981089526754937
31902,YJR135W-A YPR131C,1.0,NA,0.9629654884338379,1401,587,30454,1449,0.9399250538491045,0.704728370221328,0.49157894736842106,0.01891047324506298,0.981089526754937
31903,YML058W YIL062C,1.0,NA,0.9629938006401062,1400,587,30454,1450,0.9398955474904842,0.704579768495219,0.49122807017543857,0.01891047324506298,0.981089526754937
31904,YOR119C YNR016C,0.0,NA,0.9630438685417175,1400,586,30455,1450,0.9399250538491045,0.7049345417925479,0.49122807017543857,0.018878257788086723,0.9811217422119133
31905,YMR270C YJL166W,0.0,NA,0.9630656242370605,1400,585,30456,1450,0.9399545602077247,0.7052896725440806,0.49122807017543857,0.018846042331110466,0.9811539576688896
31906,YOR326W YOL095C,1.0,NA,0.9630772471427917,1399,585,30456,1451,0.9399250538491045,0.7051411290322581,0.49087719298245613,0.018846042331110466,0.9811539576688896
31907,YNL026W YPL098C,1.0,NA,0.9631469249725342,1398,585,30456,1452,0.9398955474904842,0.7049924357034796,0.4905263157894737,0.018846042331110466,0.9811539576688896
31908,YDL235C YOR143C,0.0,NA,0.9631598591804504,1398,584,30457,1452,0.9399250538491045,0.7053481331987891,0.4905263157894737,0.018813826874134208,0.9811861731258658
31909,YJL204C YLR250W,0.0,NA,0.9632083773612976,1398,583,30458,1452,0.9399545602077247,0.7057041898031298,0.4905263157894737,0.01878161141715795,0.981218388582842
31910,YLR370C YJL112W,1.0,NA,0.9632179141044617,1397,583,30458,1453,0.9399250538491045,0.7055555555555556,0.4901754385964912,0.01878161141715795,0.981218388582842
31911,YDR108W YDR394W,0.0,NA,0.963229775428772,1397,582,30459,1453,0.9399545602077247,0.705912076806468,0.4901754385964912,0.018749395960181697,0.9812506040398183
31912,YFL039C YIL138C,1.0,NA,0.963254988193512,1396,582,30459,1454,0.9399250538491045,0.7057633973710818,0.4898245614035088,0.018749395960181697,0.9812506040398183
31913,YJR065C YJR120W,1.0,NA,0.9632686972618103,1395,582,30459,1455,0.9398955474904842,0.7056145675265554,0.48947368421052634,0.018749395960181697,0.9812506040398183
31914,YBR299W YNL190W,0.0,NA,0.9633638262748718,1395,581,30460,1455,0.9399250538491045,0.7059716599190283,0.48947368421052634,0.01871718050320544,0.9812828194967945
31915,YHR031C YFL039C,1.0,NA,0.9633735418319702,1394,581,30460,1456,0.9398955474904842,0.7058227848101266,0.48912280701754385,0.01871718050320544,0.9812828194967945
31916,YKR087C YCL029C,0.0,NA,0.9633738994598389,1394,580,30461,1456,0.9399250538491045,0.7061803444782169,0.48912280701754385,0.01868496504622918,0.9813150349537708
31917,YNL026W YBR091C,1.0,NA,0.963454008102417,1393,580,30461,1457,0.9398955474904842,0.7060314242270653,0.4887719298245614,0.01868496504622918,0.9813150349537708
31918,YPR073C YMR224C,0.0,NA,0.9634832143783569,1393,579,30462,1457,0.9399250538491045,0.7063894523326572,0.4887719298245614,0.018652749589252924,0.9813472504107471
31919,YHR188C YHR047C,0.0,NA,0.9635242819786072,1393,578,30463,1457,0.9399545602077247,0.7067478437341451,0.4887719298245614,0.018620534132276666,0.9813794658677233
31920,YPR021C YJR040W,0.0,NA,0.9635342359542847,1393,577,30464,1457,0.939984066566345,0.7071065989847716,0.4887719298245614,0.01858831867530041,0.9814116813246996
31921,YBR091C YBR234C,1.0,NA,0.9635871052742004,1392,577,30464,1458,0.9399545602077247,0.706957846622651,0.4884210526315789,0.01858831867530041,0.9814116813246996
31922,YNL026W YJL112W,1.0,NA,0.9637770056724548,1391,577,30464,1459,0.9399250538491045,0.7068089430894309,0.4880701754385965,0.01858831867530041,0.9814116813246996
31923,YML058W YNL066W,1.0,NA,0.9638190865516663,1390,577,30464,1460,0.9398955474904842,0.70665988815455,0.48771929824561405,0.01858831867530041,0.9814116813246996
31924,YLR176C YCR024C-A,0.0,NA,0.9639869928359985,1390,576,30465,1460,0.9399250538491045,0.7070193285859614,0.48771929824561405,0.01855610321832415,0.9814438967816759
31925,YNL070W YLR368W,1.0,NA,0.9640581011772156,1389,576,30465,1461,0.9398955474904842,0.7068702290076336,0.48736842105263156,0.01855610321832415,0.9814438967816759
31926,YPL170W YHL039W,0.0,NA,0.9641662836074829,1389,575,30466,1461,0.9399250538491045,0.7072301425661914,0.48736842105263156,0.018523887761347894,0.981476112238652
31927,YEL056W YCL018W,0.0,NA,0.9643720984458923,1389,574,30467,1461,0.9399545602077247,0.7075904228222109,0.48736842105263156,0.018491672304371636,0.9815083276956283
31928,YJR065C YBR234C,1.0,NA,0.9644384980201721,1388,574,30467,1462,0.9399250538491045,0.7074413863404689,0.4870175438596491,0.018491672304371636,0.9815083276956283
31929,YNR035C YJR135W-A,1.0,NA,0.9645096063613892,1387,574,30467,1463,0.9398955474904842,0.7072921978582356,0.4866666666666667,0.018491672304371636,0.9815083276956283
31930,YAL020C YLR359W,0.0,NA,0.964535117149353,1387,573,30468,1463,0.9399250538491045,0.7076530612244898,0.4866666666666667,0.01845945684739538,0.9815405431526046
31931,YBR192W YOR330C,1.0,NA,0.9645546078681946,1386,573,30468,1464,0.9398955474904842,0.7075038284839203,0.4863157894736842,0.01845945684739538,0.9815405431526046
31932,YMR302C YKR042W,1.0,NA,0.9646929502487183,1385,573,30468,1465,0.9398660411318639,0.7073544433094995,0.48596491228070177,0.01845945684739538,0.9815405431526046
31933,YLR368W YIL138C,1.0,NA,0.9647057056427002,1384,573,30468,1466,0.9398365347732436,0.7072049054675523,0.4856140350877193,0.01845945684739538,0.9815405431526046
31934,YLR088W YKL088W,0.0,NA,0.9648240804672241,1384,572,30469,1466,0.9398660411318639,0.7075664621676891,0.4856140350877193,0.018427241390419125,0.9815727586095809
31935,YKR035W-A YML026C,0.0,NA,0.9648345112800598,1384,571,30470,1466,0.9398955474904842,0.7079283887468031,0.4856140350877193,0.018395025933442867,0.9816049740665571
31936,YBR293W YLR017W,0.0,NA,0.9648441672325134,1384,570,30471,1466,0.9399250538491045,0.7082906857727738,0.4856140350877193,0.01836281047646661,0.9816371895235334
31937,YGL055W YCR028C-A,1.0,NA,0.9649420380592346,1383,570,30471,1467,0.9398955474904842,0.7081413210445469,0.48526315789473684,0.01836281047646661,0.9816371895235334
31938,YGL137W YBR067C,0.0,NA,0.9649679064750671,1383,569,30472,1467,0.9399250538491045,0.7085040983606558,0.48526315789473684,0.018330595019490352,0.9816694049805097
31939,YKR042W YMR211W,1.0,NA,0.9650290608406067,1382,569,30472,1468,0.9398955474904842,0.7083546899026141,0.4849122807017544,0.018330595019490352,0.9816694049805097
31940,YDR140W YKL197C,0.0,NA,0.9651475548744202,1382,568,30473,1468,0.9399250538491045,0.7087179487179487,0.4849122807017544,0.018298379562514094,0.9817016204374859
31941,YLR355C YMR060C,1.0,NA,0.9652242064476013,1381,568,30473,1469,0.9398955474904842,0.7085684966649564,0.4845614035087719,0.018298379562514094,0.9817016204374859
31942,YGL219C YNL121C,1.0,NA,0.9652265310287476,1380,568,30473,1470,0.9398660411318639,0.7084188911704312,0.4842105263157895,0.018298379562514094,0.9817016204374859
31943,YLR305C YOR210W,0.0,NA,0.9652506113052368,1380,567,30474,1470,0.9398955474904842,0.7087827426810478,0.4842105263157895,0.018266164105537837,0.9817338358944622
31944,YPR024W YGR101W,1.0,NA,0.965294599533081,1379,567,30474,1471,0.9398660411318639,0.7086330935251799,0.48385964912280705,0.018266164105537837,0.9817338358944622
31945,YDR127W YNL072W,0.0,NA,0.9653375744819641,1379,566,30475,1471,0.9398955474904842,0.7089974293059126,0.48385964912280705,0.01823394864856158,0.9817660513514385
31946,YPR125W YHR083W,1.0,NA,0.9653610587120056,1378,566,30475,1472,0.9398660411318639,0.7088477366255144,0.48350877192982455,0.01823394864856158,0.9817660513514385
31947,YNL121C YER154W,1.0,NA,0.9653801321983337,1377,566,30475,1473,0.9398365347732436,0.7086978898610397,0.4831578947368421,0.01823394864856158,0.9817660513514385
31948,YKL025C YHL038C,0.0,NA,0.9653996825218201,1377,565,30476,1473,0.9398660411318639,0.7090628218331617,0.4831578947368421,0.01820173319158532,0.9817982668084146
31949,YMR251W-A YLR421C,0.0,NA,0.965431809425354,1377,564,30477,1473,0.9398955474904842,0.7094281298299846,0.4831578947368421,0.018169517734609064,0.9818304822653909
31950,YGL021W YLR115W,0.0,NA,0.9654543399810791,1377,563,30478,1473,0.9399250538491045,0.7097938144329897,0.4831578947368421,0.018137302277632807,0.9818626977223672
31951,YBR212W YJR065C,1.0,NA,0.9654797911643982,1376,563,30478,1474,0.9398955474904842,0.7096441464672512,0.48280701754385963,0.018137302277632807,0.9818626977223672
31952,YLR370C YIL065C,1.0,NA,0.9654902815818787,1375,563,30478,1475,0.9398660411318639,0.7094943240454077,0.4824561403508772,0.018137302277632807,0.9818626977223672
31953,YBR176W YKL127W,0.0,NA,0.96551114320755,1375,562,30479,1475,0.9398955474904842,0.7098606091894683,0.4824561403508772,0.018105086820656553,0.9818949131793434
31954,YOR326W YNL213C,1.0,NA,0.9656038284301758,1374,562,30479,1476,0.9398660411318639,0.7097107438016529,0.48210526315789476,0.018105086820656553,0.9818949131793434
31955,YLR368W YFL036W,1.0,NA,0.9656288623809814,1373,562,30479,1477,0.9398365347732436,0.7095607235142118,0.48175438596491227,0.018105086820656553,0.9818949131793434
31956,YOL105C YDL058W,0.0,NA,0.9656418561935425,1373,561,30480,1477,0.9398660411318639,0.7099276111685625,0.48175438596491227,0.018072871363680295,0.9819271286363197
31957,YLR170C YDR362C,0.0,NA,0.9656612873077393,1373,560,30481,1477,0.9398955474904842,0.7102948784273151,0.48175438596491227,0.018040655906704037,0.981959344093296
31958,YLR370C YFL036W,1.0,NA,0.9656631946563721,1372,560,30481,1478,0.9398660411318639,0.7101449275362319,0.48140350877192983,0.018040655906704037,0.981959344093296
31959,YPR024W YOR326W,1.0,NA,0.9656796455383301,1371,560,30481,1479,0.9398365347732436,0.7099948213360953,0.48105263157894734,0.018040655906704037,0.981959344093296
31960,YDR281C YLR115W,0.0,NA,0.9656921029090881,1371,559,30482,1479,0.9398660411318639,0.7103626943005181,0.48105263157894734,0.01800844044972778,0.9819915595502722
31961,YIL051C YNL310C,1.0,NA,0.9657410979270935,1370,559,30482,1480,0.9398365347732436,0.7102125453602903,0.4807017543859649,0.01800844044972778,0.9819915595502722
31962,YOL095C YOR266W,1.0,NA,0.9657474756240845,1369,559,30482,1481,0.9398070284146234,0.7100622406639004,0.4803508771929825,0.01800844044972778,0.9819915595502722
31963,YIL051C YBR091C,1.0,NA,0.9657756090164185,1368,559,30482,1482,0.9397775220560031,0.7099117799688636,0.48,0.01800844044972778,0.9819915595502722
31964,YNL310C YMR241W,1.0,NA,0.9657791256904602,1367,559,30482,1483,0.9397480156973828,0.7097611630321911,0.47964912280701755,0.01800844044972778,0.9819915595502722
31965,YLR390W-A YBR068C,0.0,NA,0.9658615589141846,1367,558,30483,1483,0.9397775220560031,0.7101298701298702,0.47964912280701755,0.017976224992751522,0.9820237750072485
31966,YBR212W YOL027C,1.0,NA,0.9658713340759277,1366,558,30483,1484,0.9397480156973828,0.7099792099792099,0.4792982456140351,0.017976224992751522,0.9820237750072485
31967,YHR043C YFR046C,0.0,NA,0.965877890586853,1366,557,30484,1484,0.9397775220560031,0.7103484139365575,0.4792982456140351,0.017944009535775265,0.9820559904642248
31968,YNL121C YOL027C,1.0,NA,0.965918242931366,1365,557,30484,1485,0.9397480156973828,0.7101977107180021,0.4789473684210526,0.017944009535775265,0.9820559904642248
31969,YLL013C YGR101W,1.0,NA,0.9659888744354248,1364,557,30484,1486,0.9397185093387626,0.7100468505986466,0.4785964912280702,0.017944009535775265,0.9820559904642248
31970,YIL062C YFL036W,1.0,NA,0.9660072326660156,1363,557,30484,1487,0.9396890029801422,0.7098958333333333,0.4782456140350877,0.017944009535775265,0.9820559904642248
31971,YNL310C YDL217C,1.0,NA,0.9661170840263367,1362,557,30484,1488,0.9396594966215219,0.7097446586763939,0.47789473684210526,0.017944009535775265,0.9820559904642248
31972,YKL048C YPR180W,0.0,NA,0.9661856293678284,1362,556,30485,1488,0.9396890029801422,0.7101147028154328,0.47789473684210526,0.017911794078799007,0.9820882059212009
31973,YIL138C YDR077W,1.0,NA,0.9662482738494873,1361,556,30485,1489,0.9396594966215219,0.7099634846113719,0.4775438596491228,0.017911794078799007,0.9820882059212009
31974,YBR212W YPR083W,1.0,NA,0.9662509560585022,1360,556,30485,1490,0.9396299902629016,0.7098121085594989,0.47719298245614034,0.017911794078799007,0.9820882059212009
31975,YMR314W YPL239W,0.0,NA,0.9662535786628723,1360,555,30486,1490,0.9396594966215219,0.7101827676240209,0.47719298245614034,0.01787957862182275,0.9821204213781772
31976,YBR192W YJL063C,1.0,NA,0.9662826657295227,1359,555,30486,1491,0.9396299902629016,0.7100313479623824,0.4768421052631579,0.01787957862182275,0.9821204213781772
31977,YJR046W YBL072C,0.0,NA,0.9663174152374268,1359,554,30487,1491,0.9396594966215219,0.7104025091479352,0.4768421052631579,0.017847363164846492,0.9821526368351535
31978,YHR031C YHR120W,1.0,NA,0.9664503335952759,1358,554,30487,1492,0.9396299902629016,0.7102510460251046,0.47649122807017547,0.017847363164846492,0.9821526368351535
31979,YIL062C YIL051C,1.0,NA,0.966485857963562,1357,554,30487,1493,0.9396004839042814,0.7100994243851386,0.476140350877193,0.017847363164846492,0.9821526368351535
31980,YDR206W YPL234C,0.0,NA,0.9665593504905701,1357,553,30488,1493,0.9396299902629016,0.7104712041884816,0.476140350877193,0.017815147707870235,0.9821848522921298
31981,YNL079C YDL006W,1.0,NA,0.9665679335594177,1356,553,30488,1494,0.9396004839042814,0.7103195390256679,0.47578947368421054,0.017815147707870235,0.9821848522921298
31982,YMR072W YKL013C,1.0,NA,0.9666211605072021,1355,553,30488,1495,0.9395709775456611,0.710167714884696,0.47543859649122805,0.017815147707870235,0.9821848522921298
31983,YNL079C YKR036C,1.0,NA,0.9667046070098877,1354,553,30488,1496,0.9395414711870408,0.7100157315154694,0.4750877192982456,0.017815147707870235,0.9821848522921298
31984,YPR168W YJR106W,0.0,NA,0.9667561650276184,1354,552,30489,1496,0.9395709775456611,0.7103882476390346,0.4750877192982456,0.01778293225089398,0.982217067749106
31985,YPR083W YLL013C,1.0,NA,0.9667670726776123,1353,552,30489,1497,0.9395414711870408,0.710236220472441,0.4747368421052632,0.01778293225089398,0.982217067749106
31986,YBR091C YOL076W,1.0,NA,0.9667888283729553,1352,552,30489,1498,0.9395119648284205,0.7100840336134454,0.4743859649122807,0.01778293225089398,0.982217067749106
31987,YOR330C YNL066W,1.0,NA,0.9669495224952698,1351,552,30489,1499,0.9394824584698003,0.7099316868102995,0.47403508771929825,0.01778293225089398,0.982217067749106
31988,YBR192W YMR072W,1.0,NA,0.9669607877731323,1350,552,30489,1500,0.93945295211118,0.7097791798107256,0.47368421052631576,0.01778293225089398,0.982217067749106
31989,YPR083W YMR241W,1.0,NA,0.9669806957244873,1349,552,30489,1501,0.9394234457525596,0.7096265123619148,0.47333333333333333,0.01778293225089398,0.982217067749106
31990,YDR150W YMR241W,1.0,NA,0.9669911861419678,1348,552,30489,1502,0.9393939393939394,0.7094736842105264,0.4729824561403509,0.01778293225089398,0.982217067749106
31991,YGL032C YDL042C,0.0,NA,0.9670736789703369,1348,551,30490,1502,0.9394234457525596,0.7098472880463402,0.4729824561403509,0.017750716793917723,0.9822492832060823
31992,YBR212W YGL219C,1.0,NA,0.9670771360397339,1347,551,30490,1503,0.9393939393939394,0.7096944151738672,0.4726315789473684,0.017750716793917723,0.9822492832060823
31993,YIL051C YOR266W,1.0,NA,0.9670915007591248,1346,551,30490,1504,0.9393644330353191,0.709541381128097,0.47228070175438597,0.017750716793917723,0.9822492832060823
31994,YPR131C YOR211C,1.0,NA,0.9671106934547424,1345,551,30490,1505,0.9393349266766988,0.7093881856540084,0.47192982456140353,0.017750716793917723,0.9822492832060823
31995,YNR035C YBR091C,1.0,NA,0.9672380685806274,1344,551,30490,1506,0.9393054203180785,0.7092348284960422,0.47157894736842104,0.017750716793917723,0.9822492832060823
31996,YMR060C YOL060C,1.0,NA,0.9672850966453552,1343,551,30490,1507,0.9392759139594583,0.7090813093980992,0.4712280701754386,0.017750716793917723,0.9822492832060823
31997,YDR219C YDL217C,1.0,NA,0.9673244953155518,1342,551,30490,1508,0.939246407600838,0.7089276281035394,0.4708771929824561,0.017750716793917723,0.9822492832060823
31998,YOR056C YLR201C,0.0,NA,0.9673488140106201,1342,550,30491,1508,0.9392759139594583,0.7093023255813954,0.4708771929824561,0.017718501336941465,0.9822814986630586
31999,YDL113C YDR082W,0.0,NA,0.9673573970794678,1342,549,30492,1508,0.9393054203180785,0.7096774193548387,0.4708771929824561,0.017686285879965208,0.9823137141200348
32000,YNL070W YIL065C,1.0,NA,0.9673687815666199,1341,549,30492,1509,0.9392759139594583,0.7095238095238096,0.4705263157894737,0.017686285879965208,0.9823137141200348
32001,YNL121C YIL051C,1.0,NA,0.9674310088157654,1340,549,30492,1510,0.939246407600838,0.7093700370566437,0.47017543859649125,0.017686285879965208,0.9823137141200348
32002,YLR355C YMR241W,1.0,NA,0.9674959778785706,1339,549,30492,1511,0.9392169012422177,0.7092161016949152,0.46982456140350876,0.017686285879965208,0.9823137141200348
32003,YPR125W YOL060C,1.0,NA,0.9675126075744629,1338,549,30492,1512,0.9391873948835974,0.7090620031796503,0.4694736842105263,0.017686285879965208,0.9823137141200348
32004,YNL021W YOR020C,0.0,NA,0.9675359129905701,1338,548,30493,1512,0.9392169012422177,0.7094379639448568,0.4694736842105263,0.01765407042298895,0.9823459295770111
32005,YDL074C YOL011W,0.0,NA,0.9675530195236206,1338,547,30494,1512,0.939246407600838,0.709814323607427,0.4694736842105263,0.017621854966012693,0.9823781450339873
32006,YCR086W YLR148W,0.0,NA,0.9675806760787964,1338,546,30495,1512,0.9392759139594583,0.7101910828025477,0.4694736842105263,0.017589639509036435,0.9824103604909635
32007,YLL006W YMR012W,1.0,NA,0.9676591157913208,1337,546,30495,1513,0.939246407600838,0.7100371747211895,0.4691228070175439,0.017589639509036435,0.9824103604909635
32008,YOR159C YNL154C,0.0,NA,0.9676941633224487,1337,545,30496,1513,0.9392759139594583,0.7104144527098831,0.4691228070175439,0.017557424052060178,0.9824425759479398
32009,YNL213C YOR211C,1.0,NA,0.967744767665863,1336,545,30496,1514,0.939246407600838,0.7102604997341839,0.4687719298245614,0.017557424052060178,0.9824425759479398
32010,YHR083W YMR211W,1.0,NA,0.9677474498748779,1335,545,30496,1515,0.9392169012422177,0.7101063829787234,0.46842105263157896,0.017557424052060178,0.9824425759479398
32011,YJR105W YER074W,0.0,NA,0.9677553772926331,1335,544,30497,1515,0.939246407600838,0.7104843001596594,0.46842105263157896,0.01752520859508392,0.9824747914049161
32012,YDL006W YBR234C,1.0,NA,0.9678451418876648,1334,544,30497,1516,0.9392169012422177,0.7103301384451545,0.46807017543859647,0.01752520859508392,0.9824747914049161
32013,YEL029C YLR025W,0.0,NA,0.967847466468811,1334,543,30498,1516,0.939246407600838,0.7107085775173149,0.46807017543859647,0.017492993138107663,0.9825070068618923
32014,YMR060C YOL095C,1.0,NA,0.9679223895072937,1333,543,30498,1517,0.9392169012422177,0.7105543710021321,0.46771929824561403,0.017492993138107663,0.9825070068618923
32015,YNL102W YJR010C-A,0.0,NA,0.967986524105072,1333,542,30499,1517,0.939246407600838,0.7109333333333333,0.46771929824561403,0.01746077768113141,0.9825392223188686
32016,YNL026W YPR131C,1.0,NA,0.9680100679397583,1332,542,30499,1518,0.9392169012422177,0.7107790821771611,0.4673684210526316,0.01746077768113141,0.9825392223188686
32017,YDR104C YNL094W,0.0,NA,0.9680294394493103,1332,541,30500,1518,0.939246407600838,0.7111585691404164,0.4673684210526316,0.01742856222415515,0.9825714377758449
32018,YNL026W YIL051C,1.0,NA,0.9682143330574036,1331,541,30500,1519,0.9392169012422177,0.7110042735042735,0.4670175438596491,0.01742856222415515,0.9825714377758449
32019,YPL115C YGL100W,0.0,NA,0.968285858631134,1331,540,30501,1519,0.939246407600838,0.7113842864778194,0.4670175438596491,0.017396346767178893,0.9826036532328211
32020,YDR150W YGL219C,1.0,NA,0.9682970643043518,1330,540,30501,1520,0.9392169012422177,0.7112299465240641,0.4666666666666667,0.017396346767178893,0.9826036532328211
32021,YHR072W-A YMR179W,0.0,NA,0.9683682322502136,1330,539,30502,1520,0.939246407600838,0.7116104868913857,0.4666666666666667,0.017364131310202636,0.9826358686897974
32022,YIL062C YOL076W,1.0,NA,0.9683892726898193,1329,539,30502,1521,0.9392169012422177,0.711456102783726,0.4663157894736842,0.017364131310202636,0.9826358686897974
32023,YLR304C YNL310C,1.0,NA,0.9684061408042908,1328,539,30502,1522,0.9391873948835974,0.7113015532940546,0.46596491228070175,0.017364131310202636,0.9826358686897974
32024,YBR200W YFL034C-B,0.0,NA,0.9684720039367676,1328,538,30503,1522,0.9392169012422177,0.7116827438370846,0.46596491228070175,0.017331915853226378,0.9826680841467736
32025,YLR368W YKL013C,1.0,NA,0.9684794545173645,1327,538,30503,1523,0.9391873948835974,0.7115281501340482,0.4656140350877193,0.017331915853226378,0.9826680841467736
32026,YLR220W YPL223C,0.0,NA,0.9684892892837524,1327,537,30504,1523,0.9392169012422177,0.7119098712446352,0.4656140350877193,0.01729970039625012,0.9827002996037498
32027,YML058W YIL138C,1.0,NA,0.9684907793998718,1326,537,30504,1524,0.9391873948835974,0.711755233494364,0.4652631578947368,0.01729970039625012,0.9827002996037498
32028,YLR370C YMR241W,1.0,NA,0.9685463309288025,1325,537,30504,1525,0.9391578885249772,0.7116004296455424,0.4649122807017544,0.01729970039625012,0.9827002996037498
32029,YBR179C YKL013C,1.0,NA,0.9686349034309387,1324,537,30504,1526,0.9391283821663569,0.7114454594304137,0.46456140350877195,0.01729970039625012,0.9827002996037498
32030,YJL174W YHR072W,0.0,NA,0.9686384201049805,1324,536,30505,1526,0.9391578885249772,0.7118279569892473,0.46456140350877195,0.017267484939273863,0.9827325150607261
32031,YGR124W YOL049W,0.0,NA,0.9686393737792969,1324,535,30506,1526,0.9391873948835974,0.7122108660570199,0.46456140350877195,0.017235269482297606,0.9827647305177024
32032,YGL055W YML091C,1.0,NA,0.9687164425849915,1323,535,30506,1527,0.9391578885249772,0.7120559741657696,0.46421052631578946,0.017235269482297606,0.9827647305177024
32033,YPL098C YPR083W,1.0,NA,0.9687476754188538,1322,535,30506,1528,0.9391283821663569,0.711900915455035,0.463859649122807,0.017235269482297606,0.9827647305177024
32034,YIL138C YPR125W,1.0,NA,0.968751847743988,1321,535,30506,1529,0.9390988758077365,0.7117456896551724,0.46350877192982454,0.017235269482297606,0.9827647305177024
32035,YCL011C YBL105C,0.0,NA,0.9688172936439514,1321,534,30507,1529,0.9391283821663569,0.7121293800539084,0.46350877192982454,0.017203054025321348,0.9827969459746787
32036,YLR355C YKL053C-A,1.0,NA,0.9688529372215271,1320,534,30507,1530,0.9390988758077365,0.7119741100323624,0.4631578947368421,0.017203054025321348,0.9827969459746787
32037,YDR440W YPL008W,0.0,NA,0.9689240455627441,1320,533,30508,1530,0.9391283821663569,0.712358337830545,0.4631578947368421,0.01717083856834509,0.9828291614316549
32038,YIL138C YKR042W,1.0,NA,0.9689359068870544,1319,533,30508,1531,0.9390988758077365,0.7122030237580994,0.46280701754385967,0.01717083856834509,0.9828291614316549
32039,YNL053W YMR212C,0.0,NA,0.9690294861793518,1319,532,30509,1531,0.9391283821663569,0.7125877903835764,0.46280701754385967,0.017138623111368836,0.9828613768886312
32040,YML058W YLL013C,1.0,NA,0.9690344929695129,1318,532,30509,1532,0.9390988758077365,0.7124324324324325,0.4624561403508772,0.017138623111368836,0.9828613768886312
32041,YHR031C YIL062C,1.0,NA,0.9690684080123901,1317,532,30509,1533,0.9390693694491162,0.7122769064359114,0.46210526315789474,0.017138623111368836,0.9828613768886312
32042,YNL121C YKR042W,1.0,NA,0.9691331386566162,1316,532,30509,1534,0.939039863090496,0.7121212121212122,0.4617543859649123,0.017138623111368836,0.9828613768886312
32043,YOL005C YHR106W,0.0,NA,0.9691699743270874,1316,531,30510,1534,0.9390693694491162,0.7125067677314564,0.4617543859649123,0.01710640765439258,0.9828935923456075
32044,YMR297W YFL041W,0.0,NA,0.9692423343658447,1316,530,30511,1534,0.9390988758077365,0.7128927410617552,0.4617543859649123,0.01707419219741632,0.9829258078025837
32045,YIL062C YOR211C,1.0,NA,0.9692608714103699,1315,530,30511,1535,0.9390693694491162,0.7127371273712737,0.4614035087719298,0.01707419219741632,0.9829258078025837
32046,YPL098C YOR330C,1.0,NA,0.9693483710289001,1314,530,30511,1536,0.939039863090496,0.7125813449023861,0.4610526315789474,0.01707419219741632,0.9829258078025837
32047,YLL022C YCL066W,0.0,NA,0.9694824814796448,1314,529,30512,1536,0.9390693694491162,0.7129679869777537,0.4610526315789474,0.017041976740440064,0.9829580232595599
32048,YJL063C YIL138C,1.0,NA,0.9694958925247192,1313,529,30512,1537,0.939039863090496,0.7128121606948968,0.4607017543859649,0.017041976740440064,0.9829580232595599
32049,YDL142C YJR135W-A,1.0,NA,0.9695143103599548,1312,529,30512,1538,0.9390103567318757,0.7126561651276481,0.46035087719298246,0.017041976740440064,0.9829580232595599
32050,YOL027C YGR181W,1.0,NA,0.9697960615158081,1311,529,30512,1539,0.9389808503732554,0.7125,0.46,0.017041976740440064,0.9829580232595599
32051,YBR212W YLR304C,1.0,NA,0.9699013829231262,1310,529,30512,1540,0.9389513440146352,0.7123436650353453,0.45964912280701753,0.017041976740440064,0.9829580232595599
32052,YBR058C YGR040W,0.0,NA,0.9699099659919739,1310,528,30513,1540,0.9389808503732554,0.7127312295973884,0.45964912280701753,0.017009761283463806,0.9829902387165362
32053,YDR227W YIL050W,0.0,NA,0.9699636101722717,1310,527,30514,1540,0.9390103567318757,0.713119216113228,0.45964912280701753,0.01697754582648755,0.9830224541735124
32054,YLR368W YMR241W,1.0,NA,0.9701024889945984,1309,527,30514,1541,0.9389808503732554,0.7129629629629629,0.4592982456140351,0.01697754582648755,0.9830224541735124
32055,YHR120W YJR135W-A,1.0,NA,0.9701789617538452,1308,527,30514,1542,0.9389513440146352,0.7128065395095368,0.4589473684210526,0.01697754582648755,0.9830224541735124
32056,YDR296W YKL053C-A,1.0,NA,0.970206618309021,1307,527,30514,1543,0.9389218376560149,0.712649945474373,0.45859649122807017,0.01697754582648755,0.9830224541735124
32057,YMR072W YBR234C,1.0,NA,0.9702686667442322,1306,527,30514,1544,0.9388923312973946,0.7124931805782869,0.45824561403508773,0.01697754582648755,0.9830224541735124
32058,YIL062C YLL013C,1.0,NA,0.9702913165092468,1305,527,30514,1545,0.9388628249387743,0.7123362445414847,0.45789473684210524,0.01697754582648755,0.9830224541735124
32059,YGL055W YIL062C,1.0,NA,0.9703079462051392,1304,527,30514,1546,0.9388333185801541,0.7121791370835608,0.4575438596491228,0.01697754582648755,0.9830224541735124
32060,YJL112W YOL076W,1.0,NA,0.9703174829483032,1303,527,30514,1547,0.9388038122215338,0.7120218579234973,0.4571929824561404,0.01697754582648755,0.9830224541735124
32061,YBR179C YOR266W,1.0,NA,0.9705299735069275,1302,527,30514,1548,0.9387743058629134,0.711864406779661,0.4568421052631579,0.01697754582648755,0.9830224541735124
32062,YNL213C YFL036W,1.0,NA,0.9706041216850281,1301,527,30514,1549,0.9387447995042931,0.7117067833698031,0.45649122807017545,0.01697754582648755,0.9830224541735124
32063,YNL104C YFL041W,0.0,NA,0.970636785030365,1301,526,30515,1549,0.9387743058629134,0.7120963327859879,0.45649122807017545,0.01694533036951129,0.9830546696304887
32064,YOR241W YKL206C,0.0,NA,0.9706661105155945,1301,525,30516,1549,0.9388038122215338,0.712486308871851,0.45649122807017545,0.016913114912535034,0.983086885087465
32065,YDL142C YNR035C,1.0,NA,0.9706864356994629,1300,525,30516,1550,0.9387743058629134,0.7123287671232876,0.45614035087719296,0.016913114912535034,0.983086885087465
32066,YHR194W YNL310C,1.0,NA,0.970693051815033,1299,525,30516,1551,0.9387447995042931,0.712171052631579,0.4557894736842105,0.016913114912535034,0.983086885087465
32067,YKL053C-A YIL062C,1.0,NA,0.9707414507865906,1298,525,30516,1552,0.9387152931456729,0.712013165112452,0.4554385964912281,0.016913114912535034,0.983086885087465
32068,YOL095C YGL020C,1.0,NA,0.9707770943641663,1297,525,30516,1553,0.9386857867870526,0.7118551042810098,0.4550877192982456,0.016913114912535034,0.983086885087465
32069,YPR125W YJL112W,1.0,NA,0.9708235859870911,1296,525,30516,1554,0.9386562804284323,0.7116968698517299,0.45473684210526316,0.016913114912535034,0.983086885087465
32070,YKR036C YLL013C,1.0,NA,0.9708388447761536,1295,525,30516,1555,0.9386267740698121,0.7115384615384616,0.4543859649122807,0.016913114912535034,0.983086885087465
32071,YBL058W YGL040C,0.0,NA,0.9708768725395203,1295,524,30517,1555,0.9386562804284323,0.7119296316657504,0.4543859649122807,0.016880899455558776,0.9831191005444412
32072,YIL062C YGL020C,1.0,NA,0.9708778858184814,1294,524,30517,1556,0.9386267740698121,0.7117711771177118,0.45403508771929824,0.016880899455558776,0.9831191005444412
32073,YHR120W YMR072W,1.0,NA,0.9708887338638306,1293,524,30517,1557,0.9385972677111918,0.7116125481563016,0.4536842105263158,0.016880899455558776,0.9831191005444412
32074,YDL142C YML058W,1.0,NA,0.9709028005599976,1292,524,30517,1558,0.9385677613525715,0.711453744493392,0.4533333333333333,0.016880899455558776,0.9831191005444412
32075,YIL016W YPR103W,0.0,NA,0.9709203243255615,1292,523,30518,1558,0.9385972677111918,0.7118457300275483,0.4533333333333333,0.01684868399858252,0.9831513160014175
32076,YER048W-A YMR255W,0.0,NA,0.9709837436676025,1292,522,30519,1558,0.9386267740698121,0.7122381477398015,0.4533333333333333,0.016816468541606264,0.9831835314583938
32077,YLR355C YMR302C,1.0,NA,0.9710058569908142,1291,522,30519,1559,0.9385972677111918,0.7120794263651407,0.4529824561403509,0.016816468541606264,0.9831835314583938
32078,YJR120W YIL051C,1.0,NA,0.9710202217102051,1290,522,30519,1560,0.9385677613525715,0.7119205298013245,0.45263157894736844,0.016816468541606264,0.9831835314583938
32079,YHR166C YGL215W,0.0,NA,0.9710386991500854,1290,521,30520,1560,0.9385972677111918,0.7123136388735505,0.45263157894736844,0.016784253084630007,0.98321574691537
32080,YLR304C YOR211C,1.0,NA,0.9711012840270996,1289,521,30520,1561,0.9385677613525715,0.7121546961325966,0.45228070175438595,0.016784253084630007,0.98321574691537
32081,YGR199W YDL159W,0.0,NA,0.9711046814918518,1289,520,30521,1561,0.9385972677111918,0.7125483692647872,0.45228070175438595,0.01675203762765375,0.9832479623723462
32082,YER055C YDR084C,0.0,NA,0.9711053371429443,1289,519,30522,1561,0.9386267740698121,0.7129424778761062,0.45228070175438595,0.016719822170677492,0.9832801778293225
32083,YKL053C-A YIL051C,1.0,NA,0.9711345434188843,1288,519,30522,1562,0.9385972677111918,0.7127836192584394,0.4519298245614035,0.016719822170677492,0.9832801778293225
32084,YLR355C YBR179C,1.0,NA,0.971169114112854,1287,519,30522,1563,0.9385677613525715,0.7126245847176079,0.4515789473684211,0.016719822170677492,0.9832801778293225
32085,YDR296W YMR211W,1.0,NA,0.9711912274360657,1286,519,30522,1564,0.9385382549939512,0.7124653739612188,0.4512280701754386,0.016719822170677492,0.9832801778293225
32086,YKL053C-A YHR083W,1.0,NA,0.9712122678756714,1285,519,30522,1565,0.938508748635331,0.7123059866962306,0.45087719298245615,0.016719822170677492,0.9832801778293225
32087,YOR326W YMR060C,1.0,NA,0.9712600708007812,1284,519,30522,1566,0.9384792422767106,0.7121464226289518,0.45052631578947366,0.016719822170677492,0.9832801778293225
32088,YDR140W YDR191W,0.0,NA,0.9712948203086853,1284,518,30523,1566,0.938508748635331,0.7125416204217536,0.45052631578947366,0.016687606713701234,0.9833123932862987
32089,YJR135W-A YKL013C,1.0,NA,0.9714175462722778,1283,518,30523,1567,0.9384792422767106,0.7123820099944476,0.45017543859649123,0.016687606713701234,0.9833123932862987
32090,YDL142C YER154W,1.0,NA,0.9714675545692444,1282,518,30523,1568,0.9384497359180903,0.7122222222222222,0.4498245614035088,0.016687606713701234,0.9833123932862987
32091,YIL047C YDR245W,0.0,NA,0.971487283706665,1282,517,30524,1568,0.9384792422767106,0.7126181211784325,0.4498245614035088,0.016655391256724977,0.983344608743275
32092,YJL054W YMR060C,1.0,NA,0.9714914560317993,1281,517,30524,1569,0.9384497359180903,0.7124582869855395,0.4494736842105263,0.016655391256724977,0.983344608743275
32093,YMR012W YIL065C,1.0,NA,0.9715139269828796,1280,517,30524,1570,0.93842022955947,0.7122982749026154,0.44912280701754387,0.016655391256724977,0.983344608743275
32094,YLR355C YBR212W,1.0,NA,0.9715384840965271,1279,517,30524,1571,0.9383907232008498,0.7121380846325167,0.4487719298245614,0.016655391256724977,0.983344608743275
32095,YJL063C YHR194W,1.0,NA,0.9715905785560608,1278,517,30524,1572,0.9383612168422295,0.7119777158774373,0.44842105263157894,0.016655391256724977,0.983344608743275
32096,YNL079C YOR037W,1.0,NA,0.971646249294281,1277,517,30524,1573,0.9383317104836092,0.7118171683389075,0.4480701754385965,0.016655391256724977,0.983344608743275
32097,YPR083W YNL066W,1.0,NA,0.9716880321502686,1276,517,30524,1574,0.9383022041249889,0.7116564417177914,0.447719298245614,0.016655391256724977,0.983344608743275
32098,YOR037W YNL070W,1.0,NA,0.9717037677764893,1275,517,30524,1575,0.9382726977663687,0.7114955357142857,0.4473684210526316,0.016655391256724977,0.983344608743275
32099,YKL053C-A YOR330C,1.0,NA,0.9717065095901489,1274,517,30524,1576,0.9382431914077484,0.7113344500279174,0.44701754385964915,0.016655391256724977,0.983344608743275
32100,YHR194W YCR028C-A,1.0,NA,0.9717254042625427,1273,517,30524,1577,0.938213685049128,0.711173184357542,0.44666666666666666,0.016655391256724977,0.983344608743275
32101,YBR212W YMR060C,1.0,NA,0.9717767238616943,1272,517,30524,1578,0.9381841786905079,0.7110117384013416,0.4463157894736842,0.016655391256724977,0.983344608743275
32102,YDL142C YIL138C,1.0,NA,0.9717990159988403,1271,517,30524,1579,0.9381546723318875,0.7108501118568232,0.44596491228070173,0.016655391256724977,0.983344608743275
32103,YKR036C YDL217C,1.0,NA,0.971836268901825,1270,517,30524,1580,0.9381251659732672,0.710688304420817,0.4456140350877193,0.016655391256724977,0.983344608743275
32104,YOR098C YLR075W,0.0,NA,0.9718574285507202,1270,516,30525,1580,0.9381546723318875,0.7110862262038073,0.4456140350877193,0.01662317579974872,0.9833768242002513
32105,YJL121C YDR420W,0.0,NA,0.9718999266624451,1270,515,30526,1580,0.9381841786905079,0.711484593837535,0.4456140350877193,0.01659096034277246,0.9834090396572276
32106,YOR191W YDR246W,0.0,NA,0.9719091057777405,1270,514,30527,1580,0.938213685049128,0.7118834080717489,0.4456140350877193,0.016558744885796204,0.9834412551142038
32107,YFL036W YMR211W,1.0,NA,0.971935510635376,1269,514,30527,1581,0.9381841786905079,0.7117218171620864,0.44526315789473686,0.016558744885796204,0.9834412551142038
32108,YDR296W YER154W,1.0,NA,0.9719365835189819,1268,514,30527,1582,0.9381546723318875,0.7115600448933782,0.44491228070175437,0.016558744885796204,0.9834412551142038
32109,YPR024W YOR266W,1.0,NA,0.9719595909118652,1267,514,30527,1583,0.9381251659732672,0.7113980909601347,0.44456140350877194,0.016558744885796204,0.9834412551142038
32110,YOL027C YML091C,1.0,NA,0.9719675779342651,1266,514,30527,1584,0.9380956596146469,0.7112359550561798,0.4442105263157895,0.016558744885796204,0.9834412551142038
32111,YLR306W YBR218C,0.0,NA,0.971974790096283,1266,513,30528,1584,0.9381251659732672,0.7116357504215851,0.4442105263157895,0.016526529428819946,0.9834734705711801
32112,YOL095C YOL076W,1.0,NA,0.9720049500465393,1265,513,30528,1585,0.9380956596146469,0.7114735658042745,0.443859649122807,0.016526529428819946,0.9834734705711801
32113,YCR028C-A YMR211W,1.0,NA,0.97200608253479,1264,513,30528,1586,0.9380661532560267,0.7113111986494092,0.4435087719298246,0.016526529428819946,0.9834734705711801
32114,YOL027C YIL065C,1.0,NA,0.9720208644866943,1263,513,30528,1587,0.9380366468974064,0.7111486486486487,0.4431578947368421,0.016526529428819946,0.9834734705711801
32115,YJR065C YBR091C,1.0,NA,0.9720396399497986,1262,513,30528,1588,0.9380071405387861,0.7109859154929578,0.44280701754385965,0.016526529428819946,0.9834734705711801
32116,YMR060C YMR241W,1.0,NA,0.9720667004585266,1261,513,30528,1589,0.9379776341801658,0.7108229988726043,0.4424561403508772,0.016526529428819946,0.9834734705711801
32117,YLR355C YOL027C,1.0,NA,0.9720783829689026,1260,513,30528,1590,0.9379481278215456,0.7106598984771574,0.4421052631578947,0.016526529428819946,0.9834734705711801
32118,YHR031C YER154W,1.0,NA,0.9720848202705383,1259,513,30528,1591,0.9379186214629253,0.7104966139954854,0.4417543859649123,0.016526529428819946,0.9834734705711801
32119,YBR195C YHR152W,0.0,NA,0.9721296429634094,1259,512,30529,1591,0.9379481278215456,0.7108977978543196,0.4417543859649123,0.01649431397184369,0.9835056860281564
32120,YJR035W YMR306W,0.0,NA,0.9721300005912781,1259,511,30530,1591,0.9379776341801658,0.7112994350282486,0.4417543859649123,0.016462098514867435,0.9835379014851325
32121,YBR212W YHR120W,1.0,NA,0.9721480011940002,1258,511,30530,1592,0.9379481278215456,0.711136235161108,0.4414035087719298,0.016462098514867435,0.9835379014851325
32122,YMR060C YIL138C,1.0,NA,0.9721511006355286,1257,511,30530,1593,0.9379186214629253,0.7109728506787331,0.44105263157894736,0.016462098514867435,0.9835379014851325
32123,YHR194W YNL213C,1.0,NA,0.9721697568893433,1256,511,30530,1594,0.937889115104305,0.7108092812676854,0.44070175438596493,0.016462098514867435,0.9835379014851325
32124,YNL070W YNL310C,1.0,NA,0.9722035527229309,1255,511,30530,1595,0.9378596087456847,0.7106455266138165,0.44035087719298244,0.016462098514867435,0.9835379014851325
32125,YPR083W YHR083W,1.0,NA,0.9722131490707397,1254,511,30530,1596,0.9378301023870644,0.7104815864022663,0.44,0.016462098514867435,0.9835379014851325
32126,YCR028C-A YDL217C,1.0,NA,0.9722838997840881,1253,511,30530,1597,0.9378005960284441,0.7103174603174603,0.43964912280701757,0.016462098514867435,0.9835379014851325
32127,YML097C YOL058W,0.0,NA,0.9723824262619019,1253,510,30531,1597,0.9378301023870644,0.7107203630175837,0.43964912280701757,0.016429883057891177,0.9835701169421088
32128,YPR125W YNL310C,1.0,NA,0.9724288582801819,1252,510,30531,1598,0.9378005960284441,0.7105561861520999,0.4392982456140351,0.016429883057891177,0.9835701169421088
32129,YBR102C YLR395C,0.0,NA,0.9724350571632385,1252,509,30532,1598,0.9378301023870644,0.7109596819988643,0.4392982456140351,0.01639766760091492,0.9836023323990851
32130,YHR120W YDL006W,1.0,NA,0.9724765419960022,1251,509,30532,1599,0.9378005960284441,0.7107954545454546,0.43894736842105264,0.01639766760091492,0.9836023323990851
32131,YBR192W YDR077W,1.0,NA,0.9724887013435364,1250,509,30532,1600,0.9377710896698238,0.7106310403638431,0.43859649122807015,0.01639766760091492,0.9836023323990851
32132,YPL243W YHR174W,0.0,NA,0.9725742936134338,1250,508,30533,1600,0.9378005960284441,0.7110352673492605,0.43859649122807015,0.016365452143938662,0.9836345478560613
32133,YPR021C YMR236W,0.0,NA,0.9727419018745422,1250,507,30534,1600,0.9378301023870644,0.7114399544678429,0.43859649122807015,0.016333236686962405,0.9836667633130376
32134,YBR212W YLL006W,1.0,NA,0.9728925228118896,1249,507,30534,1601,0.9378005960284441,0.7112756264236902,0.4382456140350877,0.016333236686962405,0.9836667633130376
32135,YNL070W YBR234C,1.0,NA,0.9729602336883545,1248,507,30534,1602,0.9377710896698238,0.7111111111111111,0.4378947368421053,0.016333236686962405,0.9836667633130376
32136,YIL065C YOL076W,1.0,NA,0.9729785919189453,1247,507,30534,1603,0.9377415833112036,0.7109464082098061,0.4375438596491228,0.016333236686962405,0.9836667633130376
32137,YJL112W YOL027C,1.0,NA,0.9730315208435059,1246,507,30534,1604,0.9377120769525833,0.710781517398745,0.43719298245614036,0.016333236686962405,0.9836667633130376
32138,YCR028C-A YOL027C,1.0,NA,0.9730650782585144,1245,507,30534,1605,0.937682570593963,0.7106164383561644,0.4368421052631579,0.016333236686962405,0.9836667633130376
32139,YFL005W YDR528W,0.0,NA,0.9730719327926636,1245,506,30535,1605,0.9377120769525833,0.7110222729868646,0.4368421052631579,0.016301021229986147,0.9836989787700139
32140,YLR368W YER154W,1.0,NA,0.9731516242027283,1244,506,30535,1606,0.937682570593963,0.7108571428571429,0.43649122807017543,0.016301021229986147,0.9836989787700139
32141,YNL223W YFL050C,0.0,NA,0.973164975643158,1244,505,30536,1606,0.9377120769525833,0.7112635791881075,0.43649122807017543,0.01626880577300989,0.9837311942269901
32142,YCR060W YNL261W,0.0,NA,0.9731836915016174,1244,504,30537,1606,0.9377415833112036,0.7116704805491991,0.43649122807017543,0.016236590316033632,0.9837634096839664
32143,YOR037W YPR125W,1.0,NA,0.9731839299201965,1243,504,30537,1607,0.9377120769525833,0.7115054378935318,0.436140350877193,0.016236590316033632,0.9837634096839664
32144,YOR037W YGL219C,1.0,NA,0.9732016324996948,1242,504,30537,1608,0.937682570593963,0.711340206185567,0.4357894736842105,0.016236590316033632,0.9837634096839664
32145,YKL053C-A YBR091C,1.0,NA,0.9732652306556702,1241,504,30537,1609,0.9376530642353427,0.7111747851002865,0.43543859649122807,0.016236590316033632,0.9837634096839664
32146,YER154W YFL036W,1.0,NA,0.9733232855796814,1240,504,30537,1610,0.9376235578767225,0.7110091743119266,0.43508771929824563,0.016236590316033632,0.9837634096839664
32147,YHR031C YDL142C,1.0,NA,0.973418116569519,1239,504,30537,1611,0.9375940515181022,0.7108433734939759,0.43473684210526314,0.016236590316033632,0.9837634096839664
32148,YDL142C YDR219C,1.0,NA,0.973440408706665,1238,504,30537,1612,0.9375645451594818,0.7106773823191733,0.4343859649122807,0.016236590316033632,0.9837634096839664
32149,YKL013C YIL065C,1.0,NA,0.9734547138214111,1237,504,30537,1613,0.9375350388008615,0.710511200459506,0.4340350877192982,0.016236590316033632,0.9837634096839664
32150,YLR026C YGR191W,0.0,NA,0.9734550714492798,1237,503,30538,1613,0.9375645451594818,0.710919540229885,0.4340350877192982,0.016204374859057374,0.9837956251409427
32151,YKL053C-A YLL013C,1.0,NA,0.9734616279602051,1236,503,30538,1614,0.9375350388008615,0.7107533064979874,0.4336842105263158,0.016204374859057374,0.9837956251409427
32152,YLR095C YOR244W,0.0,NA,0.9735215306282043,1236,502,30539,1614,0.9375645451594818,0.7111622554660529,0.4336842105263158,0.016172159402081117,0.9838278405979188
32153,YPL070W YBL082C,0.0,NA,0.973635196685791,1236,501,30540,1614,0.9375940515181022,0.7115716753022453,0.4336842105263158,0.016139943945104863,0.9838600560548951
32154,YGL219C YNL066W,1.0,NA,0.9736396074295044,1235,501,30540,1615,0.9375645451594818,0.711405529953917,0.43333333333333335,0.016139943945104863,0.9838600560548951
32155,YBR212W YOL076W,1.0,NA,0.9736421704292297,1234,501,30540,1616,0.9375350388008615,0.7112391930835735,0.43298245614035086,0.016139943945104863,0.9838600560548951
32156,YER154W YLL006W,1.0,NA,0.9736600518226624,1233,501,30540,1617,0.9375055324422413,0.7110726643598616,0.4326315789473684,0.016139943945104863,0.9838600560548951
32157,YNL026W YJL063C,1.0,NA,0.9736844301223755,1232,501,30540,1618,0.937476026083621,0.7109059434506636,0.432280701754386,0.016139943945104863,0.9838600560548951
32158,YPR125W YCR028C-A,1.0,NA,0.9737363457679749,1231,501,30540,1619,0.9374465197250007,0.7107390300230947,0.4319298245614035,0.016139943945104863,0.9838600560548951
32159,YNL015W YHR148W,0.0,NA,0.9737545251846313,1231,500,30541,1619,0.937476026083621,0.7111496244945118,0.4319298245614035,0.016107728488128605,0.9838922715118714
32160,YMR223W YDR143C,0.0,NA,0.9737661480903625,1231,499,30542,1619,0.9375055324422413,0.7115606936416184,0.4319298245614035,0.016075513031152348,0.9839244869688476
32161,YOR078W YHR109W,0.0,NA,0.9737895727157593,1231,498,30543,1619,0.9375350388008615,0.7119722382880278,0.4319298245614035,0.01604329757417609,0.9839567024258239
32162,YDR123C YOL018C,0.0,NA,0.9738006591796875,1231,497,30544,1619,0.9375645451594818,0.7123842592592593,0.4319298245614035,0.016011082117199833,0.9839889178828002
32163,YPR024W YJL063C,1.0,NA,0.9738202095031738,1230,497,30544,1620,0.9375350388008615,0.7122177185871453,0.43157894736842106,0.016011082117199833,0.9839889178828002
32164,YMR302C YDR150W,1.0,NA,0.9738360047340393,1229,497,30544,1621,0.9375055324422413,0.7120509849362688,0.43122807017543857,0.016011082117199833,0.9839889178828002
32165,YJL054W YOL076W,1.0,NA,0.973929762840271,1228,497,30544,1622,0.937476026083621,0.7118840579710145,0.43087719298245614,0.016011082117199833,0.9839889178828002
32166,YIL128W YNL147W,0.0,NA,0.9739431142807007,1228,496,30545,1622,0.9375055324422413,0.7122969837587007,0.43087719298245614,0.015978866660223575,0.9840211333397765
32167,YMR072W YNL310C,1.0,NA,0.9739758968353271,1227,496,30545,1623,0.937476026083621,0.7121300058038306,0.4305263157894737,0.015978866660223575,0.9840211333397765
32168,YBR179C YFL036W,1.0,NA,0.9740011096000671,1226,496,30545,1624,0.9374465197250007,0.7119628339140535,0.4301754385964912,0.015978866660223575,0.9840211333397765
32169,YDL142C YBR179C,1.0,NA,0.9740135669708252,1225,496,30545,1625,0.9374170133663805,0.7117954677513074,0.4298245614035088,0.015978866660223575,0.9840211333397765
32170,YOL095C YNL066W,1.0,NA,0.9740884304046631,1224,496,30545,1626,0.9373875070077602,0.7116279069767442,0.42947368421052634,0.015978866660223575,0.9840211333397765
32171,YGR009C YKR086W,0.0,NA,0.9740885496139526,1224,495,30546,1626,0.9374170133663805,0.7120418848167539,0.42947368421052634,0.015946651203247317,0.9840533487967527
32172,YBR131W YBR218C,0.0,NA,0.974097728729248,1224,494,30547,1626,0.9374465197250007,0.7124563445867288,0.42947368421052634,0.01591443574627106,0.984085564253729
32173,YNL070W YDR219C,1.0,NA,0.9741291403770447,1223,494,30547,1627,0.9374170133663805,0.7122888759464182,0.42912280701754385,0.01591443574627106,0.984085564253729
32174,YGL025C YPR031W,0.0,NA,0.9741383194923401,1223,493,30548,1627,0.9374465197250007,0.7127039627039627,0.42912280701754385,0.015882220289294802,0.9841177797107052
32175,YJR135W-A YIL138C,1.0,NA,0.9741818904876709,1222,493,30548,1628,0.9374170133663805,0.712536443148688,0.4287719298245614,0.015882220289294802,0.9841177797107052
32176,YPR133C YDL045C,0.0,NA,0.9742194414138794,1222,492,30549,1628,0.9374465197250007,0.7129521586931156,0.4287719298245614,0.015850004832318545,0.9841499951676814
32177,YGL020C YMR241W,1.0,NA,0.9742406010627747,1221,492,30549,1629,0.9374170133663805,0.712784588441331,0.4284210526315789,0.015850004832318545,0.9841499951676814
32178,YCR033W YPL028W,0.0,NA,0.9743243455886841,1221,491,30550,1629,0.9374465197250007,0.7132009345794392,0.4284210526315789,0.01581778937534229,0.9841822106246577
32179,YBR212W YOL095C,1.0,NA,0.9743826985359192,1220,491,30550,1630,0.9374170133663805,0.7130333138515488,0.4280701754385965,0.01581778937534229,0.9841822106246577
32180,YHR194W YDR077W,1.0,NA,0.9743977785110474,1219,491,30550,1631,0.9373875070077602,0.7128654970760234,0.42771929824561405,0.01581778937534229,0.9841822106246577
32181,YJR065C YKL013C,1.0,NA,0.9743990302085876,1218,491,30550,1632,0.9373580006491399,0.7126974839087186,0.42736842105263156,0.01581778937534229,0.9841822106246577
32182,YLR304C YKR042W,1.0,NA,0.97440105676651,1217,491,30550,1633,0.9373284942905196,0.7125292740046838,0.42701754385964913,0.01581778937534229,0.9841822106246577
32183,YCR028C-A YNL066W,1.0,NA,0.974413275718689,1216,491,30550,1634,0.9372989879318994,0.7123608670181605,0.4266666666666667,0.01581778937534229,0.9841822106246577
32184,YML058W YOL076W,1.0,NA,0.9745029211044312,1215,491,30550,1635,0.937269481573279,0.7121922626025792,0.4263157894736842,0.01581778937534229,0.9841822106246577
32185,YIL062C YMR241W,1.0,NA,0.9745392799377441,1214,491,30550,1636,0.9372399752146587,0.7120234604105572,0.42596491228070177,0.01581778937534229,0.9841822106246577
32186,YGL219C YDL217C,1.0,NA,0.9745436906814575,1213,491,30550,1637,0.9372104688560384,0.7118544600938967,0.4256140350877193,0.01581778937534229,0.9841822106246577
32187,YML058W YJR135W-A,1.0,NA,0.9746760725975037,1212,491,30550,1638,0.9371809624974182,0.7116852613035819,0.42526315789473684,0.01581778937534229,0.9841822106246577
32188,YDR296W YDL217C,1.0,NA,0.974677562713623,1211,491,30550,1639,0.9371514561387979,0.7115158636897767,0.4249122807017544,0.01581778937534229,0.9841822106246577
32189,YLR378C YIR037W,0.0,NA,0.9746982455253601,1211,490,30551,1639,0.9371809624974182,0.7119341563786008,0.4249122807017544,0.015785573918366033,0.984214426081634
32190,YOR326W YIL138C,1.0,NA,0.9747042655944824,1210,490,30551,1640,0.9371514561387979,0.711764705882353,0.4245614035087719,0.015785573918366033,0.984214426081634
32191,YHR031C YNL121C,1.0,NA,0.9747718572616577,1209,490,30551,1641,0.9371219497801776,0.7115950559152443,0.4242105263157895,0.015785573918366033,0.984214426081634
32192,YHR158C YOR257W,0.0,NA,0.9748468399047852,1209,489,30552,1641,0.9371514561387979,0.7120141342756183,0.4242105263157895,0.015753358461389776,0.9842466415386102
32193,YDR296W YOR326W,1.0,NA,0.9748525619506836,1208,489,30552,1642,0.9371219497801776,0.7118444313494402,0.423859649122807,0.015753358461389776,0.9842466415386102
32194,YNL258C YKR031C,0.0,NA,0.9748767614364624,1208,488,30553,1642,0.9371514561387979,0.7122641509433962,0.423859649122807,0.015721143004413518,0.9842788569955865
32195,YHR031C YOL060C,1.0,NA,0.9749566316604614,1207,488,30553,1643,0.9371219497801776,0.712094395280236,0.42350877192982456,0.015721143004413518,0.9842788569955865
32196,YMR220W YEL046C,0.0,NA,0.9749619960784912,1207,487,30554,1643,0.9371514561387979,0.7125147579693034,0.42350877192982456,0.01568892754743726,0.9843110724525628
32197,YHR158C YDL137W,0.0,NA,0.9749749898910522,1207,486,30555,1643,0.9371809624974182,0.7129356172474897,0.42350877192982456,0.015656712090461003,0.984343287909539
32198,YDR296W YOR211C,1.0,NA,0.9750036597251892,1206,486,30555,1644,0.9371514561387979,0.7127659574468085,0.4231578947368421,0.015656712090461003,0.984343287909539
32199,YLR368W YDL217C,1.0,NA,0.9750245213508606,1205,486,30555,1645,0.9371219497801776,0.7125960969840331,0.42280701754385963,0.015656712090461003,0.984343287909539
32200,YJL054W YNL066W,1.0,NA,0.9751071333885193,1204,486,30555,1646,0.9370924434215574,0.7124260355029586,0.4224561403508772,0.015656712090461003,0.984343287909539
32201,YOR332W YJR136C,0.0,NA,0.9751186966896057,1204,485,30556,1646,0.9371219497801776,0.7128478389579633,0.4224561403508772,0.015624496633484745,0.9843755033665152
32202,YBR091C YOR211C,1.0,NA,0.9752017259597778,1203,485,30556,1647,0.9370924434215574,0.7126777251184834,0.42210526315789476,0.015624496633484745,0.9843755033665152
32203,YML058W YLR304C,1.0,NA,0.9752374291419983,1202,485,30556,1648,0.9370629370629371,0.7125074096028453,0.42175438596491227,0.015624496633484745,0.9843755033665152
32204,YMR134W YPR131C,1.0,NA,0.9752703905105591,1201,485,30556,1649,0.9370334307043168,0.7123368920521945,0.42140350877192984,0.015624496633484745,0.9843755033665152
32205,YFR029W YDR263C,0.0,NA,0.9752832055091858,1201,484,30557,1649,0.9370629370629371,0.7127596439169139,0.42140350877192984,0.01559228117650849,0.9844077188234915
32206,YMR060C YLR304C,1.0,NA,0.9752902388572693,1200,484,30557,1650,0.9370334307043168,0.7125890736342043,0.42105263157894735,0.01559228117650849,0.9844077188234915
32207,YNL079C YIL138C,1.0,NA,0.9753214120864868,1199,484,30557,1651,0.9370039243456965,0.7124183006535948,0.4207017543859649,0.01559228117650849,0.9844077188234915
32208,YHR194W YKL013C,1.0,NA,0.9753268957138062,1198,484,30557,1652,0.9369744179870763,0.7122473246135553,0.4203508771929825,0.01559228117650849,0.9844077188234915
32209,YGL043W YOL049W,0.0,NA,0.9753679037094116,1198,483,30558,1652,0.9370039243456965,0.7126710291493159,0.4203508771929825,0.015560065719532232,0.9844399342804677
32210,YGL067W YOR239W,0.0,NA,0.9755259156227112,1198,482,30559,1652,0.9370334307043168,0.7130952380952381,0.4203508771929825,0.015527850262555975,0.984472149737444
32211,YGL020C YML091C,1.0,NA,0.9755980968475342,1197,482,30559,1653,0.9370039243456965,0.7129243597379392,0.42,0.015527850262555975,0.984472149737444
32212,YOR037W YDR296W,1.0,NA,0.9756106734275818,1196,482,30559,1654,0.9369744179870763,0.7127532777115614,0.41964912280701755,0.015527850262555975,0.984472149737444
32213,YIL126W YLR035C,0.0,NA,0.9756220579147339,1196,481,30560,1654,0.9370039243456965,0.7131782945736435,0.41964912280701755,0.015495634805579717,0.9845043651944203
32214,YNL070W YMR012W,1.0,NA,0.9756426811218262,1195,481,30560,1655,0.9369744179870763,0.7130071599045346,0.4192982456140351,0.015495634805579717,0.9845043651944203
32215,YGL004C YER161C,0.0,NA,0.9756447076797485,1195,480,30561,1655,0.9370039243456965,0.7134328358208956,0.4192982456140351,0.01546341934860346,0.9845365806513965
32216,YBR166C YBR258C,0.0,NA,0.9756455421447754,1195,479,30562,1655,0.9370334307043168,0.7138590203106332,0.4192982456140351,0.015431203891627202,0.9845687961083728
32217,YLR355C YHR031C,1.0,NA,0.9756538271903992,1194,479,30562,1656,0.9370039243456965,0.7136879856545129,0.4189473684210526,0.015431203891627202,0.9845687961083728
32218,YLR304C YMR211W,1.0,NA,0.9756984114646912,1193,479,30562,1657,0.9369744179870763,0.7135167464114832,0.4185964912280702,0.015431203891627202,0.9845687961083728
32219,YPL085W YPL016W,0.0,NA,0.9757097363471985,1193,478,30563,1657,0.9370039243456965,0.7139437462597247,0.4185964912280702,0.015398988434650946,0.9846010115653491
32220,YOR037W YMR302C,1.0,NA,0.9757547974586487,1192,478,30563,1658,0.9369744179870763,0.7137724550898203,0.4182456140350877,0.015398988434650946,0.9846010115653491
32221,YNL079C YPR131C,1.0,NA,0.9757875204086304,1191,478,30563,1659,0.936944911628456,0.713600958657879,0.41789473684210526,0.015398988434650946,0.9846010115653491
32222,YOL102C YOR371C,0.0,NA,0.9757927060127258,1191,477,30564,1659,0.9369744179870763,0.7140287769784173,0.41789473684210526,0.015366772977674688,0.9846332270223254
32223,YGL020C YCR028C-A,1.0,NA,0.9758456349372864,1190,477,30564,1660,0.936944911628456,0.7138572285542891,0.41754385964912283,0.015366772977674688,0.9846332270223254
32224,YBL043W YPL120W,0.0,NA,0.9758728742599487,1190,476,30565,1660,0.9369744179870763,0.7142857142857143,0.41754385964912283,0.015334557520698431,0.9846654424793015
32225,YLR355C YBR091C,1.0,NA,0.9759281277656555,1189,476,30565,1661,0.936944911628456,0.7141141141141141,0.41719298245614034,0.015334557520698431,0.9846654424793015
32226,YJR135W-A YDL006W,1.0,NA,0.9759447574615479,1188,476,30565,1662,0.9369154052698356,0.7139423076923077,0.4168421052631579,0.015334557520698431,0.9846654424793015
32227,YOR037W YOL095C,1.0,NA,0.9760301113128662,1187,476,30565,1663,0.9368858989112153,0.7137702946482261,0.4164912280701754,0.015334557520698431,0.9846654424793015
32228,YJR120W YKL013C,1.0,NA,0.976125180721283,1186,476,30565,1664,0.9368563925525951,0.7135980746089049,0.416140350877193,0.015334557520698431,0.9846654424793015
32229,YLR390W-A YDL007W,0.0,NA,0.9761324524879456,1186,475,30566,1664,0.9368858989112153,0.7140276941601444,0.416140350877193,0.015302342063722173,0.9846976579362778
32230,YBR192W YLL013C,1.0,NA,0.9761542677879333,1185,475,30566,1665,0.9368563925525951,0.713855421686747,0.41578947368421054,0.015302342063722173,0.9846976579362778
32231,YDR150W YML058W,1.0,NA,0.9761664271354675,1184,475,30566,1666,0.9368268861939748,0.7136829415310428,0.41543859649122805,0.015302342063722173,0.9846976579362778
32232,YOL095C YER154W,1.0,NA,0.9761700630187988,1183,475,30566,1667,0.9367973798353545,0.7135102533172497,0.4150877192982456,0.015302342063722173,0.9846976579362778
32233,YCR044C YBL084C,0.0,NA,0.9761833548545837,1183,474,30567,1667,0.9368268861939748,0.7139408569704285,0.4150877192982456,0.015270126606745916,0.9847298733932541
32234,YBL105C YAL022C,0.0,NA,0.9761897325515747,1183,473,30568,1667,0.9368563925525951,0.7143719806763285,0.4150877192982456,0.01523791114976966,0.9847620888502303
32235,YER154W YMR241W,1.0,NA,0.976237416267395,1182,473,30568,1668,0.9368268861939748,0.7141993957703927,0.4147368421052632,0.01523791114976966,0.9847620888502303
32236,YNL079C YIL065C,1.0,NA,0.976264238357544,1181,473,30568,1669,0.9367973798353545,0.7140266021765417,0.4143859649122807,0.01523791114976966,0.9847620888502303
32237,YOR266W YNL310C,1.0,NA,0.9762862920761108,1180,473,30568,1670,0.9367678734767342,0.7138535995160314,0.41403508771929826,0.01523791114976966,0.9847620888502303
32238,YMR072W YOR266W,1.0,NA,0.9762944579124451,1179,473,30568,1671,0.936738367118114,0.7136803874092009,0.41368421052631577,0.01523791114976966,0.9847620888502303
32239,YDR071C YKL135C,0.0,NA,0.9763253331184387,1179,472,30569,1671,0.9367678734767342,0.7141126589945488,0.41368421052631577,0.015205695692793402,0.9847943043072066
32240,YLR370C YBR234C,1.0,NA,0.9763351082801819,1178,472,30569,1672,0.936738367118114,0.713939393939394,0.41333333333333333,0.015205695692793402,0.9847943043072066
32241,YPR024W YBR234C,1.0,NA,0.9763602614402771,1177,472,30569,1673,0.9367088607594937,0.7137659187386295,0.4129824561403509,0.015205695692793402,0.9847943043072066
32242,YMR302C YLR304C,1.0,NA,0.9763982892036438,1176,472,30569,1674,0.9366793544008734,0.7135922330097088,0.4126315789473684,0.015205695692793402,0.9847943043072066
32243,YGL219C YOR330C,1.0,NA,0.9765973687171936,1175,472,30569,1675,0.9366498480422532,0.7134183363691561,0.41228070175438597,0.015205695692793402,0.9847943043072066
32244,YHR174W YGL162W,0.0,NA,0.976633608341217,1175,471,30570,1675,0.9366793544008734,0.7138517618469016,0.41228070175438597,0.015173480235817145,0.9848265197641829
32245,YDR296W YCR028C-A,1.0,NA,0.9766388535499573,1174,471,30570,1676,0.9366498480422532,0.713677811550152,0.41192982456140353,0.015173480235817145,0.9848265197641829
32246,YER154W YDL006W,1.0,NA,0.9766785502433777,1173,471,30570,1677,0.9366203416836328,0.7135036496350365,0.41157894736842104,0.015173480235817145,0.9848265197641829
32247,YIL138C YFL036W,1.0,NA,0.9767544865608215,1172,471,30570,1678,0.9365908353250125,0.7133292757151553,0.4112280701754386,0.015173480235817145,0.9848265197641829
32248,YDL210W YPL001W,0.0,NA,0.9768426418304443,1172,470,30571,1678,0.9366203416836328,0.7137637028014616,0.4112280701754386,0.015141264778840887,0.9848587352211591
32249,YNL079C YBR212W,1.0,NA,0.9768682718276978,1171,470,30571,1679,0.9365908353250125,0.7135892748324193,0.4108771929824561,0.015141264778840887,0.9848587352211591
32250,YBR192W YMR060C,1.0,NA,0.9768911004066467,1170,470,30571,1680,0.9365613289663922,0.7134146341463414,0.4105263157894737,0.015141264778840887,0.9848587352211591
32251,YNL016W YLR115W,0.0,NA,0.9769017100334167,1170,469,30572,1680,0.9365908353250125,0.713849908480781,0.4105263157894737,0.01510904932186463,0.9848909506781354
32252,YGL116W YMR021C,0.0,NA,0.9769495725631714,1170,468,30573,1680,0.9366203416836328,0.7142857142857143,0.4105263157894737,0.015076833864888374,0.9849231661351117
32253,YOR237W YBR211C,0.0,NA,0.9769615530967712,1170,467,30574,1680,0.9366498480422532,0.7147220525351252,0.4105263157894737,0.015044618407912116,0.9849553815920878
32254,YGR120C YNL084C,0.0,NA,0.9769726991653442,1170,466,30575,1680,0.9366793544008734,0.715158924205379,0.4105263157894737,0.015012402950935859,0.9849875970490641
32255,YPL051W YML110C,0.0,NA,0.9770474433898926,1170,465,30576,1680,0.9367088607594937,0.7155963302752294,0.4105263157894737,0.014980187493959601,0.9850198125060404
32256,YER022W YER180C,0.0,NA,0.9770868420600891,1170,464,30577,1680,0.936738367118114,0.7160342717258262,0.4105263157894737,0.014947972036983344,0.9850520279630166
32257,YJL054W YDL217C,1.0,NA,0.9771105051040649,1169,464,30577,1681,0.9367088607594937,0.7158603796693203,0.41017543859649125,0.014947972036983344,0.9850520279630166
32258,YNL026W YFL039C,1.0,NA,0.9771355390548706,1168,464,30577,1682,0.9366793544008734,0.7156862745098039,0.40982456140350876,0.014947972036983344,0.9850520279630166
32259,YBL028C YNL116W,0.0,NA,0.9772487878799438,1168,463,30578,1682,0.9367088607594937,0.7161250766400981,0.40982456140350876,0.014915756580007088,0.9850842434199929
32260,YOR261C YMR208W,0.0,NA,0.977273166179657,1168,462,30579,1682,0.936738367118114,0.7165644171779141,0.40982456140350876,0.01488354112303083,0.9851164588769692
32261,YNL026W YOL060C,1.0,NA,0.9773394465446472,1167,462,30579,1683,0.9367088607594937,0.716390423572744,0.4094736842105263,0.01488354112303083,0.9851164588769692
32262,YOR037W YKR042W,1.0,NA,0.977403998374939,1166,462,30579,1684,0.9366793544008734,0.7162162162162162,0.40912280701754383,0.01488354112303083,0.9851164588769692
32263,YOR037W YNL310C,1.0,NA,0.9774414896965027,1165,462,30579,1685,0.9366498480422532,0.7160417947141979,0.4087719298245614,0.01488354112303083,0.9851164588769692
32264,YOR266W YKL013C,1.0,NA,0.9774496555328369,1164,462,30579,1686,0.9366203416836328,0.7158671586715867,0.40842105263157896,0.01488354112303083,0.9851164588769692
32265,YGL219C YOL027C,1.0,NA,0.9774561524391174,1163,462,30579,1687,0.9365908353250125,0.7156923076923077,0.40807017543859647,0.01488354112303083,0.9851164588769692
32266,YMR060C YNL310C,1.0,NA,0.9775527715682983,1162,462,30579,1688,0.9365613289663922,0.7155172413793104,0.40771929824561404,0.01488354112303083,0.9851164588769692
32267,YLR368W YPR125W,1.0,NA,0.9775598049163818,1161,462,30579,1689,0.936531822607772,0.7153419593345656,0.4073684210526316,0.01488354112303083,0.9851164588769692
32268,YBR212W YIL138C,1.0,NA,0.9775695204734802,1160,462,30579,1690,0.9365023162491517,0.7151664611590629,0.4070175438596491,0.01488354112303083,0.9851164588769692
32269,YMR060C YKR042W,1.0,NA,0.9775843024253845,1159,462,30579,1691,0.9364728098905314,0.7149907464528069,0.4066666666666667,0.01488354112303083,0.9851164588769692
32270,YOL027C YOR211C,1.0,NA,0.9775853157043457,1158,462,30579,1692,0.9364433035319111,0.7148148148148148,0.4063157894736842,0.01488354112303083,0.9851164588769692
32271,YGR181W YMR211W,1.0,NA,0.9775912761688232,1157,462,30579,1693,0.9364137971732909,0.7146386658431131,0.40596491228070175,0.01488354112303083,0.9851164588769692
32272,YER151C YDR427W,0.0,NA,0.9775974154472351,1157,461,30580,1693,0.9364433035319111,0.7150803461063041,0.40596491228070175,0.014851325666054573,0.9851486743339454
32273,YOR326W YFL039C,1.0,NA,0.9776671528816223,1156,461,30580,1694,0.9364137971732909,0.7149041434755721,0.4056140350877193,0.014851325666054573,0.9851486743339454
32274,YDR435C YGR240C,0.0,NA,0.9776843786239624,1156,460,30581,1694,0.9364433035319111,0.7153465346534653,0.4056140350877193,0.014819110209078315,0.9851808897909217
32275,YPR108W YMR009W,0.0,NA,0.9777324199676514,1156,459,30582,1694,0.9364728098905314,0.7157894736842105,0.4056140350877193,0.014786894752102058,0.985213105247898
32276,YMR072W YGR181W,1.0,NA,0.9777381420135498,1155,459,30582,1695,0.9364433035319111,0.7156133828996283,0.4052631578947368,0.014786894752102058,0.985213105247898
32277,YPR024W YNL213C,1.0,NA,0.9777921438217163,1154,459,30582,1696,0.9364137971732909,0.7154370737755734,0.4049122807017544,0.014786894752102058,0.985213105247898
32278,YJL054W YNL213C,1.0,NA,0.977798342704773,1153,459,30582,1697,0.9363842908146706,0.7152605459057072,0.40456140350877196,0.014786894752102058,0.985213105247898
32279,YML091C YOR330C,1.0,NA,0.977799117565155,1152,459,30582,1698,0.9363547844560502,0.7150837988826816,0.40421052631578946,0.014786894752102058,0.985213105247898
32280,YHR031C YHR083W,1.0,NA,0.9779175519943237,1151,459,30582,1699,0.93632527809743,0.7149068322981367,0.40385964912280703,0.014786894752102058,0.985213105247898
32281,YPL192C YNL032W,0.0,NA,0.978042721748352,1151,458,30583,1699,0.9363547844560502,0.7153511497824736,0.40385964912280703,0.014754679295125802,0.9852453207048743
32282,YGL055W YML058W,1.0,NA,0.9781094789505005,1150,458,30583,1700,0.93632527809743,0.7151741293532339,0.40350877192982454,0.014754679295125802,0.9852453207048743
32283,YDR150W YKR042W,1.0,NA,0.9781180024147034,1149,458,30583,1701,0.9362957717388097,0.7149968886123211,0.4031578947368421,0.014754679295125802,0.9852453207048743
32284,YOL060C YBR234C,1.0,NA,0.9781246185302734,1148,458,30583,1702,0.9362662653801894,0.7148194271481942,0.40280701754385967,0.014754679295125802,0.9852453207048743
32285,YDR422C YBR038W,0.0,NA,0.9781304597854614,1148,457,30584,1702,0.9362957717388097,0.7152647975077882,0.40280701754385967,0.014722463838149544,0.9852775361618504
32286,YDL140C YDR098C,0.0,NA,0.9781538248062134,1148,456,30585,1702,0.93632527809743,0.71571072319202,0.40280701754385967,0.014690248381173287,0.9853097516188267
32287,YNL079C YOL027C,1.0,NA,0.9781959056854248,1147,456,30585,1703,0.9362957717388097,0.7155333749220212,0.4024561403508772,0.014690248381173287,0.9853097516188267
32288,YMR121C YCL008C,0.0,NA,0.9782189726829529,1147,455,30586,1703,0.93632527809743,0.715980024968789,0.4024561403508772,0.01465803292419703,0.985341967075803
32289,YKR036C YOR211C,1.0,NA,0.9782268404960632,1146,455,30586,1704,0.9362957717388097,0.7158026233603998,0.40210526315789474,0.01465803292419703,0.985341967075803
32290,YER170W YDR469W,0.0,NA,0.978281557559967,1146,454,30587,1704,0.93632527809743,0.71625,0.40210526315789474,0.014625817467220772,0.9853741825327792
32291,YDR261C YDL195W,0.0,NA,0.9782950282096863,1146,453,30588,1704,0.9363547844560502,0.7166979362101313,0.40210526315789474,0.014593602010244516,0.9854063979897555
32292,YPR125W YBR234C,1.0,NA,0.9783228635787964,1145,453,30588,1705,0.93632527809743,0.7165206508135169,0.4017543859649123,0.014593602010244516,0.9854063979897555
32293,YNL313C YDR411C,0.0,NA,0.9783742427825928,1145,452,30589,1705,0.9363547844560502,0.7169693174702567,0.4017543859649123,0.014561386553268258,0.9854386134467318
32294,YGL087C YOR007C,0.0,NA,0.9783833622932434,1145,451,30590,1705,0.9363842908146706,0.7174185463659147,0.4017543859649123,0.014529171096292,0.985470828903708
32295,YGL219C YFL036W,1.0,NA,0.978402316570282,1144,451,30590,1706,0.9363547844560502,0.7172413793103448,0.4014035087719298,0.014529171096292,0.985470828903708
32296,YER083C YDR379W,0.0,NA,0.9784054756164551,1144,450,30591,1706,0.9363842908146706,0.7176913425345044,0.4014035087719298,0.014496955639315743,0.9855030443606843
32297,YPR125W YFL036W,1.0,NA,0.9784145951271057,1143,450,30591,1707,0.9363547844560502,0.7175141242937854,0.4010526315789474,0.014496955639315743,0.9855030443606843
32298,YNL156C YFL034C-A,0.0,NA,0.978486955165863,1143,449,30592,1707,0.9363842908146706,0.717964824120603,0.4010526315789474,0.014464740182339486,0.9855352598176605
32299,YNL316C YFR036W,0.0,NA,0.9785044193267822,1143,448,30593,1707,0.9364137971732909,0.7184160905091138,0.4010526315789474,0.01443252472536323,0.9855674752746367
32300,YDL142C YNL070W,1.0,NA,0.9785282015800476,1142,448,30593,1708,0.9363842908146706,0.7182389937106918,0.4007017543859649,0.01443252472536323,0.9855674752746367
32301,YDR150W YKL013C,1.0,NA,0.9785451889038086,1141,448,30593,1709,0.9363547844560502,0.7180616740088106,0.40035087719298246,0.01443252472536323,0.9855674752746367
32302,YDR150W YFL039C,1.0,NA,0.9786078333854675,1140,448,30593,1710,0.93632527809743,0.7178841309823678,0.4,0.01443252472536323,0.9855674752746367
32303,YMR302C YMR072W,1.0,NA,0.9786155223846436,1139,448,30593,1711,0.9362957717388097,0.7177063642091998,0.39964912280701753,0.01443252472536323,0.9855674752746367
32304,YMR302C YML091C,1.0,NA,0.978679895401001,1138,448,30593,1712,0.9362662653801894,0.7175283732660782,0.3992982456140351,0.01443252472536323,0.9855674752746367
32305,YIR004W YDR334W,0.0,NA,0.978679895401001,1138,447,30594,1712,0.9362957717388097,0.717981072555205,0.3992982456140351,0.014400309268386972,0.985599690731613
32306,YGL219C YML091C,1.0,NA,0.9787362217903137,1137,447,30594,1713,0.9362662653801894,0.7178030303030303,0.3989473684210526,0.014400309268386972,0.985599690731613
32307,YJL054W YBR091C,1.0,NA,0.9787907600402832,1136,447,30594,1714,0.9362367590215691,0.7176247631080227,0.39859649122807017,0.014400309268386972,0.985599690731613
32308,YIL138C YGR181W,1.0,NA,0.9788016080856323,1135,447,30594,1715,0.9362072526629489,0.7174462705436156,0.39824561403508774,0.014400309268386972,0.985599690731613
32309,YER154W YMR211W,1.0,NA,0.9788209199905396,1134,447,30594,1716,0.9361777463043286,0.7172675521821632,0.39789473684210525,0.014400309268386972,0.985599690731613
32310,YGL029W YMR108W,0.0,NA,0.9789113998413086,1134,446,30595,1716,0.9362072526629489,0.7177215189873418,0.39789473684210525,0.014368093811410715,0.9856319061885893
32311,YGL219C YJL112W,1.0,NA,0.9789842963218689,1133,446,30595,1717,0.9361777463043286,0.7175427485750475,0.3975438596491228,0.014368093811410715,0.9856319061885893
32312,YNL079C YKR042W,1.0,NA,0.9790109395980835,1132,446,30595,1718,0.9361482399457083,0.7173637515842839,0.3971929824561404,0.014368093811410715,0.9856319061885893
32313,YKL060C YLR466W,0.0,NA,0.9790375232696533,1132,445,30596,1718,0.9361777463043286,0.7178186429930248,0.3971929824561404,0.014335878354434457,0.9856641216455655
32314,YJL063C YJL112W,1.0,NA,0.9790412783622742,1131,445,30596,1719,0.9361482399457083,0.7176395939086294,0.3968421052631579,0.014335878354434457,0.9856641216455655
32315,YBR264C YBR240C,0.0,NA,0.9790417551994324,1131,444,30597,1719,0.9361777463043286,0.7180952380952381,0.3968421052631579,0.0143036628974582,0.9856963371025418
32316,YMR070W YLR035C,0.0,NA,0.979072630405426,1131,443,30598,1719,0.9362072526629489,0.7185514612452351,0.3968421052631579,0.014271447440481944,0.9857285525595181
32317,YNL070W YMR060C,1.0,NA,0.9790793657302856,1130,443,30598,1720,0.9361777463043286,0.7183725365543547,0.39649122807017545,0.014271447440481944,0.9857285525595181
32318,YLR452C YPR149W,0.0,NA,0.9791065454483032,1130,442,30599,1720,0.9362072526629489,0.7188295165394402,0.39649122807017545,0.014239231983505686,0.9857607680164943
32319,YJL091C YBR010W,0.0,NA,0.9791096448898315,1130,441,30600,1720,0.9362367590215691,0.7192870782940802,0.39649122807017545,0.014207016526529429,0.9857929834734706
32320,YPR024W YGL020C,1.0,NA,0.9791582226753235,1129,441,30600,1721,0.9362072526629489,0.719108280254777,0.39614035087719296,0.014207016526529429,0.9857929834734706
32321,YFL005W YJL047C,0.0,NA,0.979158878326416,1129,440,30601,1721,0.9362367590215691,0.7195666029318037,0.39614035087719296,0.014174801069553171,0.9858251989304468
32322,YER154W YBR091C,1.0,NA,0.9791866540908813,1128,440,30601,1722,0.9362072526629489,0.7193877551020408,0.3957894736842105,0.014174801069553171,0.9858251989304468
32323,YDL142C YOL095C,1.0,NA,0.9792051911354065,1127,440,30601,1723,0.9361777463043286,0.7192086790044672,0.3954385964912281,0.014174801069553171,0.9858251989304468
32324,YJL054W YNL310C,1.0,NA,0.9792214035987854,1126,440,30601,1724,0.9361482399457083,0.719029374201788,0.3950877192982456,0.014174801069553171,0.9858251989304468
32325,YHR079C-A YPL116W,0.0,NA,0.9792394638061523,1126,439,30602,1724,0.9361777463043286,0.7194888178913738,0.3950877192982456,0.014142585612576914,0.9858574143874231
32326,YNL209W YFL022C,0.0,NA,0.9792408347129822,1126,438,30603,1724,0.9362072526629489,0.7199488491048593,0.3950877192982456,0.014110370155600658,0.9858896298443993
32327,YLL013C YOR211C,1.0,NA,0.9792662262916565,1125,438,30603,1725,0.9361777463043286,0.7197696737044146,0.39473684210526316,0.014110370155600658,0.9858896298443993
32328,YFL039C YIL051C,1.0,NA,0.9792841672897339,1124,438,30603,1726,0.9361482399457083,0.7195902688860435,0.39438596491228073,0.014110370155600658,0.9858896298443993
32329,YJR065C YNL121C,1.0,NA,0.9792929887771606,1123,438,30603,1727,0.936118733587088,0.7194106342088404,0.39403508771929824,0.014110370155600658,0.9858896298443993
32330,YJL173C YMR261C,0.0,NA,0.9793054461479187,1123,437,30604,1727,0.9361482399457083,0.7198717948717949,0.39403508771929824,0.0140781546986244,0.9859218453013756
32331,YLL006W YDR077W,1.0,NA,0.9793370962142944,1122,437,30604,1728,0.936118733587088,0.7196921103271328,0.3936842105263158,0.0140781546986244,0.9859218453013756
32332,YIL148W YBR154C,0.0,NA,0.9793800115585327,1122,436,30605,1728,0.9361482399457083,0.7201540436456996,0.3936842105263158,0.014045939241648143,0.9859540607583519
32333,YOR037W YDR150W,1.0,NA,0.9793886542320251,1121,436,30605,1729,0.936118733587088,0.7199743095696853,0.3933333333333333,0.014045939241648143,0.9859540607583519
32334,YLL050C YNL094W,0.0,NA,0.9793979525566101,1121,435,30606,1729,0.9361482399457083,0.7204370179948586,0.3933333333333333,0.014013723784671885,0.9859862762153281
32335,YNL026W YJR135W-A,1.0,NA,0.9794004559516907,1120,435,30606,1730,0.936118733587088,0.7202572347266881,0.3929824561403509,0.014013723784671885,0.9859862762153281
32336,YIL062C YHR194W,1.0,NA,0.9794034361839294,1119,435,30606,1731,0.9360892272284678,0.7200772200772201,0.39263157894736844,0.014013723784671885,0.9859862762153281
32337,YLR147C YGL166W,0.0,NA,0.9794588685035706,1119,434,30607,1731,0.936118733587088,0.7205408886027045,0.39263157894736844,0.013981508327695628,0.9860184916723044
32338,YJR135W-A YIL051C,1.0,NA,0.9794591069221497,1118,434,30607,1732,0.9360892272284678,0.720360824742268,0.39228070175438595,0.013981508327695628,0.9860184916723044
32339,YHR007C YJL186W,0.0,NA,0.9794595837593079,1118,433,30608,1732,0.936118733587088,0.7208252740167633,0.39228070175438595,0.013949292870719372,0.9860507071292807
32340,YML058W YGR101W,1.0,NA,0.9795362949371338,1117,433,30608,1733,0.9360892272284678,0.7206451612903226,0.3919298245614035,0.013949292870719372,0.9860507071292807
32341,YJR105W YGL019W,0.0,NA,0.9795969724655151,1117,432,30609,1733,0.936118733587088,0.7211103938024532,0.3919298245614035,0.013917077413743114,0.9860829225862568
32342,YHR044C YKR086W,0.0,NA,0.9796129465103149,1117,431,30610,1733,0.9361482399457083,0.7215762273901809,0.3919298245614035,0.013884861956766857,0.9861151380432331
32343,YCL033C YFR004W,0.0,NA,0.979634702205658,1117,430,30611,1733,0.9361777463043286,0.7220426632191338,0.3919298245614035,0.0138526464997906,0.9861473535002094
32344,YPL091W YDR301W,0.0,NA,0.9796384572982788,1117,429,30612,1733,0.9362072526629489,0.722509702457956,0.3919298245614035,0.013820431042814342,0.9861795689571856
32345,YIL051C YML091C,1.0,NA,0.9796692728996277,1116,429,30612,1734,0.9361777463043286,0.7223300970873786,0.391578947368421,0.013820431042814342,0.9861795689571856
32346,YCR028C-A YMR012W,1.0,NA,0.9796985387802124,1115,429,30612,1735,0.9361482399457083,0.7221502590673575,0.3912280701754386,0.013820431042814342,0.9861795689571856
32347,YHR031C YJL112W,1.0,NA,0.979742705821991,1114,429,30612,1736,0.936118733587088,0.7219701879455606,0.39087719298245616,0.013820431042814342,0.9861795689571856
32348,YHR031C YDR150W,1.0,NA,0.9797480702400208,1113,429,30612,1737,0.9360892272284678,0.7217898832684825,0.39052631578947367,0.013820431042814342,0.9861795689571856
32349,YLR113W YIL029C,0.0,NA,0.9797747731208801,1113,428,30613,1737,0.936118733587088,0.7222582738481506,0.39052631578947367,0.013788215585838086,0.9862117844141619
32350,YER180C YIL047C,0.0,NA,0.9797841310501099,1113,427,30614,1737,0.9361482399457083,0.7227272727272728,0.39052631578947367,0.013756000128861828,0.9862439998711382
32351,YDL217C YGR101W,1.0,NA,0.9797844886779785,1112,427,30614,1738,0.936118733587088,0.7225471085120208,0.39017543859649123,0.013756000128861828,0.9862439998711382
32352,YLL006W YMR241W,1.0,NA,0.979826807975769,1111,427,30614,1739,0.9360892272284678,0.7223667100130039,0.3898245614035088,0.013756000128861828,0.9862439998711382
32353,YKL073W YDR400W,0.0,NA,0.9798928499221802,1111,426,30615,1739,0.936118733587088,0.7228366948601171,0.3898245614035088,0.01372378467188557,0.9862762153281144
32354,YOR151C YHR026W,0.0,NA,0.9799708127975464,1111,425,30616,1739,0.9361482399457083,0.7233072916666666,0.3898245614035088,0.013691569214909313,0.9863084307850907
32355,YDR296W YNR035C,1.0,NA,0.9799940586090088,1110,425,30616,1740,0.936118733587088,0.7231270358306189,0.3894736842105263,0.013691569214909313,0.9863084307850907
32356,YNL026W YDR296W,1.0,NA,0.9800657033920288,1109,425,30616,1741,0.9360892272284678,0.7229465449804433,0.38912280701754387,0.013691569214909313,0.9863084307850907
32357,YBR192W YPR125W,1.0,NA,0.9800969958305359,1108,425,30616,1742,0.9360597208698475,0.7227658186562296,0.3887719298245614,0.013691569214909313,0.9863084307850907
32358,YLR304C YJL112W,1.0,NA,0.9801018238067627,1107,425,30616,1743,0.9360302145112271,0.7225848563968669,0.38842105263157894,0.013691569214909313,0.9863084307850907
32359,YPR083W YOL027C,1.0,NA,0.9801761507987976,1106,425,30616,1744,0.9360007081526069,0.7224036577400392,0.3880701754385965,0.013691569214909313,0.9863084307850907
32360,YER142C YPR093C,0.0,NA,0.9801893830299377,1106,424,30617,1744,0.9360302145112271,0.722875816993464,0.3880701754385965,0.013659353757933056,0.986340646242067
32361,YGR118W YJL212C,0.0,NA,0.9802345633506775,1106,423,30618,1744,0.9360597208698475,0.723348593852191,0.3880701754385965,0.0136271383009568,0.9863728616990431
32362,YHR083W YLL013C,1.0,NA,0.9802765846252441,1105,423,30618,1745,0.9360302145112271,0.7231675392670157,0.387719298245614,0.0136271383009568,0.9863728616990431
32363,YHR174W YLR006C,0.0,NA,0.9803001880645752,1105,422,30619,1745,0.9360597208698475,0.7236411263916176,0.387719298245614,0.013594922843980542,0.9864050771560194
32364,YDR300C YLR074C,0.0,NA,0.9803314805030823,1105,421,30620,1745,0.9360892272284678,0.7241153342070773,0.387719298245614,0.013562707387004285,0.9864372926129957
32365,YDR219C YBR091C,1.0,NA,0.9803388118743896,1104,421,30620,1746,0.9360597208698475,0.7239344262295082,0.3873684210526316,0.013562707387004285,0.9864372926129957
32366,YIL138C YDL006W,1.0,NA,0.9803459048271179,1103,421,30620,1747,0.9360302145112271,0.723753280839895,0.38701754385964915,0.013562707387004285,0.9864372926129957
32367,YCR028C-A YDR219C,1.0,NA,0.9803918600082397,1102,421,30620,1748,0.9360007081526069,0.7235718975705844,0.38666666666666666,0.013562707387004285,0.9864372926129957
32368,YPL098C YOL095C,1.0,NA,0.9804065227508545,1101,421,30620,1749,0.9359712017939866,0.7233902759526938,0.3863157894736842,0.013562707387004285,0.9864372926129957
32369,YGL002W YDR434W,0.0,NA,0.9804162383079529,1101,420,30621,1749,0.9360007081526069,0.7238658777120316,0.3863157894736842,0.013530491930028027,0.986469508069972
32370,YOL095C YMR241W,1.0,NA,0.9804240465164185,1100,420,30621,1750,0.9359712017939866,0.7236842105263158,0.38596491228070173,0.013530491930028027,0.986469508069972
32371,YLR304C YNL066W,1.0,NA,0.9804527759552002,1099,420,30621,1751,0.9359416954353663,0.7235023041474654,0.3856140350877193,0.013530491930028027,0.986469508069972
32372,YDL217C YGR181W,1.0,NA,0.9804835319519043,1098,420,30621,1752,0.935912189076746,0.7233201581027668,0.38526315789473686,0.013530491930028027,0.986469508069972
32373,YKL053C-A YGL020C,1.0,NA,0.980550229549408,1097,420,30621,1753,0.9358826827181258,0.7231377719182597,0.3849122807017544,0.013530491930028027,0.986469508069972
32374,YNL070W YKL013C,1.0,NA,0.9806419014930725,1096,420,30621,1754,0.9358531763595055,0.7229551451187335,0.38456140350877194,0.013530491930028027,0.986469508069972
32375,YDR219C YER154W,1.0,NA,0.9806582927703857,1095,420,30621,1755,0.9358236700008852,0.7227722772277227,0.38421052631578945,0.013530491930028027,0.986469508069972
32376,YGR181W YOR330C,1.0,NA,0.9806802272796631,1094,420,30621,1756,0.9357941636422649,0.7225891677675033,0.383859649122807,0.013530491930028027,0.986469508069972
32377,YKL013C YOR211C,1.0,NA,0.9807488918304443,1093,420,30621,1757,0.9357646572836447,0.722405816259088,0.3835087719298246,0.013530491930028027,0.986469508069972
32378,YIL062C YPR131C,1.0,NA,0.9807888865470886,1092,420,30621,1758,0.9357351509250244,0.7222222222222222,0.3831578947368421,0.013530491930028027,0.986469508069972
32379,YPR024W YMR060C,1.0,NA,0.9807969331741333,1091,420,30621,1759,0.935705644566404,0.7220383851753805,0.38280701754385965,0.013530491930028027,0.986469508069972
32380,YOL081W YML048W,0.0,NA,0.9809451103210449,1091,419,30622,1759,0.9357351509250244,0.7225165562913908,0.38280701754385965,0.01349827647305177,0.9865017235269482
32381,YLR060W YKL186C,0.0,NA,0.980947732925415,1091,418,30623,1759,0.9357646572836447,0.7229953611663353,0.38280701754385965,0.013466061016075514,0.9865339389839245
32382,YPL098C YFL036W,1.0,NA,0.9809615015983582,1090,418,30623,1760,0.9357351509250244,0.7228116710875332,0.3824561403508772,0.013466061016075514,0.9865339389839245
32383,YHL002W YHR134W,0.0,NA,0.9809725284576416,1090,417,30624,1760,0.9357646572836447,0.7232913072329131,0.3824561403508772,0.013433845559099256,0.9865661544409008
32384,YPL179W YPR108W,0.0,NA,0.9810325503349304,1090,416,30625,1760,0.9357941636422649,0.7237715803452855,0.3824561403508772,0.013401630102122999,0.986598369897877
32385,YGL055W YJR135W-A,1.0,NA,0.9810576438903809,1089,416,30625,1761,0.9357646572836447,0.7235880398671096,0.3821052631578947,0.013401630102122999,0.986598369897877
32386,YJR135W-A YBR091C,1.0,NA,0.9810725450515747,1088,416,30625,1762,0.9357351509250244,0.723404255319149,0.3817543859649123,0.013401630102122999,0.986598369897877
32387,YKL013C YHR083W,1.0,NA,0.9810778498649597,1087,416,30625,1763,0.935705644566404,0.7232202262142382,0.3814035087719298,0.013401630102122999,0.986598369897877
32388,YJR027W YDR487C,0.0,NA,0.9811455607414246,1087,415,30626,1763,0.9357351509250244,0.7237017310252996,0.3814035087719298,0.013369414645146741,0.9866305853548533
32389,YMR212C YOR027W,0.0,NA,0.9811890125274658,1087,414,30627,1763,0.9357646572836447,0.7241838774150566,0.3814035087719298,0.013337199188170484,0.9866628008118296
32390,YER048W-A YGL252C,0.0,NA,0.9812532067298889,1087,413,30628,1763,0.9357941636422649,0.7246666666666667,0.3814035087719298,0.013304983731194228,0.9866950162688057
32391,YML071C YOL110W,0.0,NA,0.9812923669815063,1087,412,30629,1763,0.9358236700008852,0.7251501000667111,0.3814035087719298,0.01327276827421797,0.986727231725782
32392,YOL051W YJR082C,0.0,NA,0.981300950050354,1087,411,30630,1763,0.9358531763595055,0.725634178905207,0.3814035087719298,0.013240552817241713,0.9867594471827583
32393,YBR200W YNL158W,0.0,NA,0.98134446144104,1087,410,30631,1763,0.9358826827181258,0.7261189044756179,0.3814035087719298,0.013208337360265455,0.9867916626397345
32394,YDR296W YOL060C,1.0,NA,0.9813516736030579,1086,410,30631,1764,0.9358531763595055,0.7259358288770054,0.38105263157894737,0.013208337360265455,0.9867916626397345
32395,YFL039C YNL121C,1.0,NA,0.9814172387123108,1085,410,30631,1765,0.9358236700008852,0.725752508361204,0.38070175438596493,0.013208337360265455,0.9867916626397345
32396,YNL026W YMR134W,1.0,NA,0.9814426302909851,1084,410,30631,1766,0.9357941636422649,0.7255689424364123,0.38035087719298244,0.013208337360265455,0.9867916626397345
32397,YOR037W YHR120W,1.0,NA,0.9814478158950806,1083,410,30631,1767,0.9357646572836447,0.725385130609511,0.38,0.013208337360265455,0.9867916626397345
32398,YFL036W YBR234C,1.0,NA,0.9814828038215637,1082,410,30631,1768,0.9357351509250244,0.725201072386059,0.37964912280701757,0.013208337360265455,0.9867916626397345
32399,YNL213C YIL065C,1.0,NA,0.9814863801002502,1081,410,30631,1769,0.935705644566404,0.7250167672702884,0.3792982456140351,0.013208337360265455,0.9867916626397345
32400,YHR120W YBR179C,1.0,NA,0.9815067052841187,1080,410,30631,1770,0.9356761382077837,0.7248322147651006,0.37894736842105264,0.013208337360265455,0.9867916626397345
32401,YDL006W YBR091C,1.0,NA,0.981526255607605,1079,410,30631,1771,0.9356466318491635,0.7246474143720618,0.37859649122807015,0.013208337360265455,0.9867916626397345
32402,YLR383W YOR178C,0.0,NA,0.9815369248390198,1079,409,30632,1771,0.9356761382077837,0.7251344086021505,0.37859649122807015,0.013176121903289198,0.9868238780967108
32403,YBR009C YOR020C,0.0,NA,0.9815438985824585,1079,408,30633,1771,0.935705644566404,0.7256220578345662,0.37859649122807015,0.013143906446312942,0.9868560935536871
32404,YBR192W YNL066W,1.0,NA,0.9816604852676392,1078,408,30633,1772,0.9356761382077837,0.7254374158815612,0.3782456140350877,0.013143906446312942,0.9868560935536871
32405,YJL109C YCR037C,0.0,NA,0.9817412495613098,1078,407,30634,1772,0.935705644566404,0.725925925925926,0.3782456140350877,0.013111690989336684,0.9868883090106633
32406,YDL135C YHR007C,0.0,NA,0.9817895293235779,1078,406,30635,1772,0.9357351509250244,0.7264150943396226,0.3782456140350877,0.013079475532360427,0.9869205244676396
32407,YMR072W YLR304C,1.0,NA,0.9818325042724609,1077,406,30635,1773,0.935705644566404,0.7262306136210385,0.3778947368421053,0.013079475532360427,0.9869205244676396
32408,YHR120W YDR150W,1.0,NA,0.9818350076675415,1076,406,30635,1774,0.9356761382077837,0.7260458839406208,0.3775438596491228,0.013079475532360427,0.9869205244676396
32409,YDR296W YNL070W,1.0,NA,0.9818586111068726,1075,406,30635,1775,0.9356466318491635,0.7258609047940581,0.37719298245614036,0.013079475532360427,0.9869205244676396
32410,YMR241W YMR211W,1.0,NA,0.9818698763847351,1074,406,30635,1776,0.9356171254905432,0.7256756756756757,0.37684210526315787,0.013079475532360427,0.9869205244676396
32411,YNL079C YOL076W,1.0,NA,0.981870174407959,1073,406,30635,1777,0.9355876191319229,0.7254901960784313,0.37649122807017543,0.013079475532360427,0.9869205244676396
32412,YOR326W YNR035C,1.0,NA,0.9819375276565552,1072,406,30635,1778,0.9355581127733027,0.7253044654939107,0.376140350877193,0.013079475532360427,0.9869205244676396
32413,YMR314W YOL049W,0.0,NA,0.9819605350494385,1072,405,30636,1778,0.9355876191319229,0.7257955314827352,0.376140350877193,0.01304726007538417,0.9869527399246159
32414,YPR131C YGR101W,1.0,NA,0.9819615483283997,1071,405,30636,1779,0.9355581127733027,0.725609756097561,0.3757894736842105,0.01304726007538417,0.9869527399246159
32415,YMR302C YBR091C,1.0,NA,0.9819812178611755,1070,405,30636,1780,0.9355286064146824,0.7254237288135593,0.37543859649122807,0.01304726007538417,0.9869527399246159
32416,YPL098C YNL213C,1.0,NA,0.9820607900619507,1069,405,30636,1781,0.9354991000560621,0.7252374491180461,0.37508771929824564,0.01304726007538417,0.9869527399246159
32417,YMR272C YPR162C,0.0,NA,0.9820714592933655,1069,404,30637,1781,0.9355286064146824,0.7257298031228785,0.37508771929824564,0.013015044618407912,0.986984955381592
32418,YNL026W YOR266W,1.0,NA,0.982124924659729,1068,404,30637,1782,0.9354991000560621,0.7255434782608695,0.37473684210526315,0.013015044618407912,0.986984955381592
32419,YOL095C YIL051C,1.0,NA,0.9821584224700928,1067,404,30637,1783,0.9354695936974418,0.7253569000679809,0.3743859649122807,0.013015044618407912,0.986984955381592
32420,YDL235C YOR136W,0.0,NA,0.982163667678833,1067,403,30638,1783,0.9354991000560621,0.7258503401360544,0.3743859649122807,0.012982829161431654,0.9870171708385683
32421,YCR008W YGL229C,0.0,NA,0.9821743965148926,1067,402,30639,1783,0.9355286064146824,0.7263444520081688,0.3743859649122807,0.012950613704455398,0.9870493862955446
32422,YLR355C YLR370C,1.0,NA,0.9821920990943909,1066,402,30639,1784,0.9354991000560621,0.726158038147139,0.3740350877192982,0.012950613704455398,0.9870493862955446
32423,YLR055C YGL003C,0.0,NA,0.982221782207489,1066,401,30640,1784,0.9355286064146824,0.7266530334014997,0.3740350877192982,0.01291839824747914,0.9870816017525209
32424,YLL038C YOR261C,0.0,NA,0.982298731803894,1066,400,30641,1784,0.9355581127733027,0.7271487039563438,0.3740350877192982,0.012886182790502883,0.9871138172094971
32425,YLR390W-A YAL019W,0.0,NA,0.982326090335846,1066,399,30642,1784,0.9355876191319229,0.7276450511945393,0.3740350877192982,0.012853967333526626,0.9871460326664734
32426,YDR096W YIL003W,0.0,NA,0.9823349714279175,1066,398,30643,1784,0.9356171254905432,0.7281420765027322,0.3740350877192982,0.012821751876550368,0.9871782481234497
32427,YGL020C YOR330C,1.0,NA,0.9824366569519043,1065,398,30643,1785,0.9355876191319229,0.7279562542720438,0.3736842105263158,0.012821751876550368,0.9871782481234497
32428,YIL138C YOR330C,1.0,NA,0.9824443459510803,1064,398,30643,1786,0.9355581127733027,0.7277701778385773,0.37333333333333335,0.012821751876550368,0.9871782481234497
32429,YBR192W YHR083W,1.0,NA,0.9824550747871399,1063,398,30643,1787,0.9355286064146824,0.7275838466803559,0.37298245614035086,0.012821751876550368,0.9871782481234497
32430,YGR056W YBR008C,0.0,NA,0.9824931621551514,1063,397,30644,1787,0.9355581127733027,0.7280821917808219,0.37298245614035086,0.012789536419574112,0.9872104635804259
32431,YAL051W YDR191W,0.0,NA,0.9825119972229004,1063,396,30645,1787,0.9355876191319229,0.7285812200137081,0.37298245614035086,0.012757320962597855,0.9872426790374021
32432,YGL055W YKL053C-A,1.0,NA,0.982553243637085,1062,396,30645,1788,0.9355581127733027,0.7283950617283951,0.3726315789473684,0.012757320962597855,0.9872426790374021
32433,YBR212W YJR135W-A,1.0,NA,0.9825984239578247,1061,396,30645,1789,0.9355286064146824,0.7282086479066575,0.372280701754386,0.012757320962597855,0.9872426790374021
32434,YLL002W YKL126W,0.0,NA,0.9826022386550903,1061,395,30646,1789,0.9355581127733027,0.7287087912087912,0.372280701754386,0.012725105505621597,0.9872748944943784
32435,YOL060C YML091C,1.0,NA,0.982613205909729,1060,395,30646,1790,0.9355286064146824,0.7285223367697594,0.3719298245614035,0.012725105505621597,0.9872748944943784
32436,YMR184W YMR112C,0.0,NA,0.9826385974884033,1060,394,30647,1790,0.9355581127733027,0.7290233837689133,0.3719298245614035,0.01269289004864534,0.9873071099513546
32437,YGL055W YBR234C,1.0,NA,0.9826669096946716,1059,394,30647,1791,0.9355286064146824,0.7288368891947694,0.37157894736842106,0.01269289004864534,0.9873071099513546
32438,YJL063C YOL095C,1.0,NA,0.9827374815940857,1058,394,30647,1792,0.9354991000560621,0.7286501377410468,0.3712280701754386,0.01269289004864534,0.9873071099513546
32439,YMR302C YPL098C,1.0,NA,0.982759952545166,1057,394,30647,1793,0.9354695936974418,0.7284631288766368,0.37087719298245614,0.01269289004864534,0.9873071099513546
32440,YPR129W YDR328C,0.0,NA,0.9827759265899658,1057,393,30648,1793,0.9354991000560621,0.7289655172413793,0.37087719298245614,0.012660674591669082,0.9873393254083309
32441,YJR017C YDR182W,0.0,NA,0.9828206300735474,1057,392,30649,1793,0.9355286064146824,0.7294685990338164,0.37087719298245614,0.012628459134692826,0.9873715408653072
32442,YHR194W YBR091C,1.0,NA,0.9828260540962219,1056,392,30649,1794,0.9354991000560621,0.7292817679558011,0.3705263157894737,0.012628459134692826,0.9873715408653072
32443,YFL036W YPR131C,1.0,NA,0.9828357100486755,1055,392,30649,1795,0.9354695936974418,0.7290946786454734,0.3701754385964912,0.012628459134692826,0.9873715408653072
32444,YBR192W YNL121C,1.0,NA,0.9828562140464783,1054,392,30649,1796,0.9354400873388216,0.7289073305670816,0.3698245614035088,0.012628459134692826,0.9873715408653072
32445,YFL036W YOL076W,1.0,NA,0.9829578995704651,1053,392,30649,1797,0.9354105809802012,0.728719723183391,0.36947368421052634,0.012628459134692826,0.9873715408653072
32446,YFL039C YOL095C,1.0,NA,0.982962965965271,1052,392,30649,1798,0.9353810746215809,0.7285318559556787,0.36912280701754385,0.012628459134692826,0.9873715408653072
32447,YKL053C-A YGL219C,1.0,NA,0.9829672574996948,1051,392,30649,1799,0.9353515682629606,0.7283437283437283,0.3687719298245614,0.012628459134692826,0.9873715408653072
32448,YPL164C YHR079C-A,0.0,NA,0.9830288887023926,1051,391,30650,1799,0.9353810746215809,0.7288488210818308,0.3687719298245614,0.012596243677716569,0.9874037563222834
32449,YLR370C YBR091C,1.0,NA,0.983052134513855,1050,391,30650,1800,0.9353515682629606,0.7286606523247745,0.3684210526315789,0.012596243677716569,0.9874037563222834
32450,YOL027C YMR012W,1.0,NA,0.9830600619316101,1049,391,30650,1801,0.9353220619043404,0.7284722222222222,0.3680701754385965,0.012596243677716569,0.9874037563222834
32451,YDR296W YFL039C,1.0,NA,0.9830821752548218,1048,391,30650,1802,0.9352925555457201,0.7282835302293259,0.36771929824561406,0.012596243677716569,0.9874037563222834
32452,YMR072W YJL112W,1.0,NA,0.9830824136734009,1047,391,30650,1803,0.9352630491870998,0.7280945757997218,0.36736842105263157,0.012596243677716569,0.9874037563222834
32453,YKL053C-A YMR211W,1.0,NA,0.983116626739502,1046,391,30650,1804,0.9352335428284796,0.7279053583855254,0.36701754385964913,0.012596243677716569,0.9874037563222834
32454,YOR326W YLR304C,1.0,NA,0.983169674873352,1045,391,30650,1805,0.9352040364698593,0.7277158774373259,0.36666666666666664,0.012596243677716569,0.9874037563222834
32455,YOR326W YGL020C,1.0,NA,0.9831703305244446,1044,391,30650,1806,0.935174530111239,0.7275261324041812,0.3663157894736842,0.012596243677716569,0.9874037563222834
32456,YPR070W YOL044W,0.0,NA,0.9832700490951538,1044,390,30651,1806,0.9352040364698593,0.7280334728033473,0.3663157894736842,0.012564028220740311,0.9874359717792597
32457,YGR241C YDR265W,0.0,NA,0.9832982420921326,1044,389,30652,1806,0.9352335428284796,0.7285415212840195,0.3663157894736842,0.012531812763764054,0.987468187236236
32458,YBR015C YCR081W,0.0,NA,0.9833084344863892,1044,388,30653,1806,0.9352630491870998,0.729050279329609,0.3663157894736842,0.012499597306787796,0.9875004026932122
32459,YER119C YJL074C,0.0,NA,0.9833194613456726,1044,387,30654,1806,0.9352925555457201,0.7295597484276729,0.3663157894736842,0.01246738184981154,0.9875326181501884
32460,YNL239W YDR328C,0.0,NA,0.983366072177887,1044,386,30655,1806,0.9353220619043404,0.73006993006993,0.3663157894736842,0.012435166392835283,0.9875648336071647
32461,YLR370C YPR131C,1.0,NA,0.983366072177887,1043,386,30655,1807,0.9352925555457201,0.7298810356892932,0.36596491228070177,0.012435166392835283,0.9875648336071647
32462,YCL009C YIL048W,0.0,NA,0.9834070801734924,1043,385,30656,1807,0.9353220619043404,0.7303921568627451,0.36596491228070177,0.012402950935859025,0.9875970490641409
32463,YGL219C YPR083W,1.0,NA,0.9834237098693848,1042,385,30656,1808,0.9352925555457201,0.7302032235459005,0.3656140350877193,0.012402950935859025,0.9875970490641409
32464,YNL183C YLR078C,0.0,NA,0.9834349751472473,1042,384,30657,1808,0.9353220619043404,0.7307152875175316,0.3656140350877193,0.012370735478882768,0.9876292645211172
32465,YNL213C YNL121C,1.0,NA,0.983435332775116,1041,384,30657,1809,0.9352925555457201,0.7305263157894737,0.36526315789473685,0.012370735478882768,0.9876292645211172
32466,YDR028C YJR019C,0.0,NA,0.9834534525871277,1041,383,30658,1809,0.9353220619043404,0.7310393258426966,0.36526315789473685,0.01233852002190651,0.9876614799780935
32467,YJR065C YIL065C,1.0,NA,0.9834780097007751,1040,383,30658,1810,0.9352925555457201,0.7308503162333099,0.3649122807017544,0.01233852002190651,0.9876614799780935
32468,YLL013C YMR012W,1.0,NA,0.9834915995597839,1039,383,30658,1811,0.9352630491870998,0.7306610407876231,0.3645614035087719,0.01233852002190651,0.9876614799780935
32469,YNL051W YOL031C,0.0,NA,0.9835020899772644,1039,382,30659,1811,0.9352925555457201,0.7311752287121746,0.3645614035087719,0.012306304564930254,0.9876936954350698
32470,YDL142C YBR091C,1.0,NA,0.9835255146026611,1038,382,30659,1812,0.9352630491870998,0.7309859154929578,0.3642105263157895,0.012306304564930254,0.9876936954350698
32471,YKR022C YDL209C,0.0,NA,0.9835303425788879,1038,381,30660,1812,0.9352925555457201,0.7315010570824524,0.3642105263157895,0.012274089107953997,0.987725910892046
32472,YLR304C YKL013C,1.0,NA,0.9835543036460876,1037,381,30660,1813,0.9352630491870998,0.731311706629055,0.363859649122807,0.012274089107953997,0.987725910892046
32473,YPR125W YMR012W,1.0,NA,0.9835965633392334,1036,381,30660,1814,0.9352335428284796,0.7311220889202541,0.36350877192982456,0.012274089107953997,0.987725910892046
32474,YPL098C YLR304C,1.0,NA,0.9837205410003662,1035,381,30660,1815,0.9352040364698593,0.7309322033898306,0.3631578947368421,0.012274089107953997,0.987725910892046
32475,YOR037W YNL066W,1.0,NA,0.9837853908538818,1034,381,30660,1816,0.935174530111239,0.7307420494699647,0.36280701754385963,0.012274089107953997,0.987725910892046
32476,YDR221W YDR477W,0.0,NA,0.9838191866874695,1034,380,30661,1816,0.9352040364698593,0.7312588401697313,0.36280701754385963,0.012241873650977739,0.9877581263490223
32477,YFL039C YBR234C,1.0,NA,0.9838410019874573,1033,380,30661,1817,0.935174530111239,0.7310686482661005,0.3624561403508772,0.012241873650977739,0.9877581263490223
32478,YOR319W YER147C,0.0,NA,0.9838511347770691,1033,379,30662,1817,0.9352040364698593,0.7315864022662889,0.3624561403508772,0.012209658194001482,0.9877903418059986
32479,YBR127C YIL150C,0.0,NA,0.9839541912078857,1033,378,30663,1817,0.9352335428284796,0.7321048901488306,0.3624561403508772,0.012177442737025224,0.9878225572629747
32480,YHR083W YMR241W,1.0,NA,0.9840085506439209,1032,378,30663,1818,0.9352040364698593,0.7319148936170212,0.36210526315789476,0.012177442737025224,0.9878225572629747
32481,YLR240W YDL007W,0.0,NA,0.9840232133865356,1032,377,30664,1818,0.9352335428284796,0.7324343506032647,0.36210526315789476,0.012145227280048968,0.987854772719951
32482,YMR060C YML091C,1.0,NA,0.9840338230133057,1031,377,30664,1819,0.9352040364698593,0.7322443181818182,0.3617543859649123,0.012145227280048968,0.987854772719951
32483,YML091C YGR101W,1.0,NA,0.9840428233146667,1030,377,30664,1820,0.935174530111239,0.7320540156361052,0.36140350877192984,0.012145227280048968,0.987854772719951
32484,YPL024W YPL255W,0.0,NA,0.9841458201408386,1030,376,30665,1820,0.9352040364698593,0.732574679943101,0.36140350877192984,0.01211301182307271,0.9878869881769273
32485,YGL055W YMR012W,1.0,NA,0.984219491481781,1029,376,30665,1821,0.935174530111239,0.7323843416370107,0.36105263157894735,0.01211301182307271,0.9878869881769273
32486,YOR326W YJL112W,1.0,NA,0.9842702746391296,1028,376,30665,1822,0.9351450237526187,0.7321937321937322,0.3607017543859649,0.01211301182307271,0.9878869881769273
32487,YNL213C YDR219C,1.0,NA,0.9842744469642639,1027,376,30665,1823,0.9351155173939985,0.7320028510334996,0.3603508771929825,0.01211301182307271,0.9878869881769273
32488,YMR072W YOL076W,1.0,NA,0.9842756986618042,1026,376,30665,1824,0.9350860110353781,0.7318116975748931,0.36,0.01211301182307271,0.9878869881769273
32489,YOR370C YBR188C,0.0,NA,0.9842793941497803,1026,375,30666,1824,0.9351155173939985,0.7323340471092077,0.36,0.012080796366096453,0.9879192036339035
32490,YOR316C YOR229W,0.0,NA,0.9842808246612549,1026,374,30667,1824,0.9351450237526187,0.7328571428571429,0.36,0.012048580909120195,0.9879514190908798
32491,YIL138C YNL121C,1.0,NA,0.9842921495437622,1025,374,30667,1825,0.9351155173939985,0.7326661901358112,0.35964912280701755,0.012048580909120195,0.9879514190908798
32492,YPL098C YMR211W,1.0,NA,0.9843020439147949,1024,374,30667,1826,0.9350860110353781,0.7324749642346209,0.35929824561403506,0.012048580909120195,0.9879514190908798
32493,YKL060C YGR105W,0.0,NA,0.9843220114707947,1024,373,30668,1826,0.9351155173939985,0.7329992841803865,0.35929824561403506,0.012016365452143938,0.9879836345478561
32494,YNL079C YHR120W,1.0,NA,0.9843342900276184,1023,373,30668,1827,0.9350860110353781,0.7328080229226361,0.3589473684210526,0.012016365452143938,0.9879836345478561
32495,YBR091C YMR211W,1.0,NA,0.9843353033065796,1022,373,30668,1828,0.9350565046767578,0.7326164874551971,0.3585964912280702,0.012016365452143938,0.9879836345478561
32496,YLL005C YAR031W,0.0,NA,0.9843406081199646,1022,372,30669,1828,0.9350860110353781,0.733142037302726,0.3585964912280702,0.011984149995167682,0.9880158500048323
32497,YNL026W YNL066W,1.0,NA,0.9843971133232117,1021,372,30669,1829,0.9350565046767578,0.7329504666188084,0.3582456140350877,0.011984149995167682,0.9880158500048323
32498,YDR160W YML027W,0.0,NA,0.9844210147857666,1021,371,30670,1829,0.9350860110353781,0.7334770114942529,0.3582456140350877,0.011951934538191425,0.9880480654618086
32499,YJL088W YLL017W,0.0,NA,0.9844298362731934,1021,370,30671,1829,0.9351155173939985,0.7340043134435658,0.3582456140350877,0.011919719081215167,0.9880802809187849
32500,YOL095C YOL060C,1.0,NA,0.9844367504119873,1020,370,30671,1830,0.9350860110353781,0.7338129496402878,0.35789473684210527,0.011919719081215167,0.9880802809187849
32501,YLR355C YDR150W,1.0,NA,0.9844430088996887,1019,370,30671,1831,0.9350565046767578,0.7336213102951764,0.35754385964912283,0.011919719081215167,0.9880802809187849
32502,YKL218C YCL048W,0.0,NA,0.9844533801078796,1019,369,30672,1831,0.9350860110353781,0.734149855907781,0.35754385964912283,0.01188750362423891,0.988112496375761
32503,YGL219C YMR072W,1.0,NA,0.9844703674316406,1018,369,30672,1832,0.9350565046767578,0.7339581831290555,0.35719298245614034,0.01188750362423891,0.988112496375761
32504,YJR135W-A YPR125W,1.0,NA,0.9845726490020752,1017,369,30672,1833,0.9350269983181375,0.7337662337662337,0.3568421052631579,0.01188750362423891,0.988112496375761
32505,YDR219C YPR131C,1.0,NA,0.9846659898757935,1016,369,30672,1834,0.9349974919595173,0.7335740072202166,0.3564912280701754,0.01188750362423891,0.988112496375761
32506,YOL060C YFL036W,1.0,NA,0.9846816062927246,1015,369,30672,1835,0.934967985600897,0.7333815028901735,0.356140350877193,0.01188750362423891,0.988112496375761
32507,YNL159C YFL033C,0.0,NA,0.9847365021705627,1015,368,30673,1835,0.9349974919595173,0.7339117859725235,0.356140350877193,0.011855288167262652,0.9881447118327373
32508,YLR304C YBR091C,1.0,NA,0.9847384691238403,1014,368,30673,1836,0.934967985600897,0.7337192474674384,0.35578947368421054,0.011855288167262652,0.9881447118327373
32509,YGL055W YHR194W,1.0,NA,0.9847389459609985,1013,368,30673,1837,0.9349384792422767,0.7335264301230991,0.35543859649122805,0.011855288167262652,0.9881447118327373
32510,YGL005C YDR279W,0.0,NA,0.9847479462623596,1013,367,30674,1837,0.934967985600897,0.7340579710144928,0.35543859649122805,0.011823072710286396,0.9881769272897136
32511,YML091C YNL066W,1.0,NA,0.9847487807273865,1012,367,30674,1838,0.9349384792422767,0.7338651196519217,0.3550877192982456,0.011823072710286396,0.9881769272897136
32512,YCR028C-A YPR083W,1.0,NA,0.984762966632843,1011,367,30674,1839,0.9349089728836564,0.7336719883889695,0.3547368421052632,0.011823072710286396,0.9881769272897136
32513,YGL055W YDL142C,1.0,NA,0.9847834706306458,1010,367,30674,1840,0.9348794665250362,0.7334785766158315,0.3543859649122807,0.011823072710286396,0.9881769272897136
32514,YOR326W YNL310C,1.0,NA,0.9848065972328186,1009,367,30674,1841,0.9348499601664159,0.7332848837209303,0.35403508771929826,0.011823072710286396,0.9881769272897136
32515,YDR436W YOR244W,0.0,NA,0.9848096966743469,1009,366,30675,1841,0.9348794665250362,0.7338181818181818,0.35403508771929826,0.011790857253310139,0.9882091427466899
32516,YIL062C YOL095C,1.0,NA,0.9849064946174622,1008,366,30675,1842,0.9348499601664159,0.7336244541484717,0.35368421052631577,0.011790857253310139,0.9882091427466899
32517,YIL085C YDL103C,0.0,NA,0.9849159717559814,1008,365,30676,1842,0.9348794665250362,0.7341587764020393,0.35368421052631577,0.011758641796333881,0.9882413582036661
32518,YJL054W YML058W,1.0,NA,0.9849163293838501,1007,365,30676,1843,0.9348499601664159,0.7339650145772595,0.35333333333333333,0.011758641796333881,0.9882413582036661
32519,YOL076W YOR211C,1.0,NA,0.9849258065223694,1006,365,30676,1844,0.9348204538077955,0.7337709700948213,0.3529824561403509,0.011758641796333881,0.9882413582036661
32520,YOR326W YFL036W,1.0,NA,0.9849322438240051,1005,365,30676,1845,0.9347909474491753,0.7335766423357665,0.3526315789473684,0.011758641796333881,0.9882413582036661
32521,YHR194W YGL020C,1.0,NA,0.9849507808685303,1004,365,30676,1846,0.934761441090555,0.733382030679328,0.35228070175438597,0.011758641796333881,0.9882413582036661
32522,YHR120W YNL121C,1.0,NA,0.9850329756736755,1003,365,30676,1847,0.9347319347319347,0.7331871345029239,0.3519298245614035,0.011758641796333881,0.9882413582036661
32523,YPR009W YMR306W,0.0,NA,0.9850833415985107,1003,364,30677,1847,0.934761441090555,0.733723482077542,0.3519298245614035,0.011726426339357623,0.9882735736606424
32524,YBR192W YKL053C-A,1.0,NA,0.985123336315155,1002,364,30677,1848,0.9347319347319347,0.7335285505124451,0.35157894736842105,0.011726426339357623,0.9882735736606424
32525,YJR120W YML091C,1.0,NA,0.9851371049880981,1001,364,30677,1849,0.9347024283733144,0.7333333333333333,0.3512280701754386,0.011726426339357623,0.9882735736606424
32526,YDR219C YLL006W,1.0,NA,0.9851994514465332,1000,364,30677,1850,0.9346729220146942,0.7331378299120235,0.3508771929824561,0.011726426339357623,0.9882735736606424
32527,YJL054W YKL013C,1.0,NA,0.98521488904953,999,364,30677,1851,0.9346434156560739,0.7329420396184886,0.3505263157894737,0.011726426339357623,0.9882735736606424
32528,YIL126W YCR031C,0.0,NA,0.985220193862915,999,363,30678,1851,0.9346729220146942,0.7334801762114538,0.3505263157894737,0.011694210882381366,0.9883057891176187
32529,YLR380W YPL115C,0.0,NA,0.9852228164672852,999,362,30679,1851,0.9347024283733144,0.7340191036002939,0.3505263157894737,0.01166199542540511,0.9883380045745949
32530,YLR355C YFL036W,1.0,NA,0.985233724117279,998,362,30679,1852,0.9346729220146942,0.7338235294117647,0.35017543859649125,0.01166199542540511,0.9883380045745949
32531,YMR012W YOR211C,1.0,NA,0.9852473735809326,997,362,30679,1853,0.9346434156560739,0.7336276674025018,0.34982456140350876,0.01166199542540511,0.9883380045745949
32532,YMR060C YCR028C-A,1.0,NA,0.9853373169898987,996,362,30679,1854,0.9346139092974536,0.7334315169366715,0.3494736842105263,0.01166199542540511,0.9883380045745949
32533,YKR036C YDL142C,1.0,NA,0.9853399395942688,995,362,30679,1855,0.9345844029388333,0.7332350773765659,0.34912280701754383,0.01166199542540511,0.9883380045745949
32534,YOL095C YFL036W,1.0,NA,0.9853610396385193,994,362,30679,1856,0.9345548965802131,0.7330383480825958,0.3487719298245614,0.01166199542540511,0.9883380045745949
32535,YMR302C YFL036W,1.0,NA,0.985385537147522,993,362,30679,1857,0.9345253902215928,0.7328413284132841,0.34842105263157896,0.01166199542540511,0.9883380045745949
32536,YJR031C YJR001W,0.0,NA,0.9854122996330261,993,361,30680,1857,0.9345548965802131,0.7333825701624815,0.34842105263157896,0.011629779968428853,0.9883702200315712
32537,YPL098C YLL006W,1.0,NA,0.98541659116745,992,361,30680,1858,0.9345253902215928,0.7331855136733185,0.3480701754385965,0.011629779968428853,0.9883702200315712
32538,YGL076C YDR253C,0.0,NA,0.9855437278747559,992,360,30681,1858,0.9345548965802131,0.7337278106508875,0.3480701754385965,0.011597564511452595,0.9884024354885474
32539,YML091C YDR077W,1.0,NA,0.985610842704773,991,360,30681,1859,0.9345253902215928,0.7335307179866766,0.34771929824561404,0.011597564511452595,0.9884024354885474
32540,YJL112W YGR101W,1.0,NA,0.9856147766113281,990,360,30681,1860,0.9344958838629724,0.7333333333333333,0.3473684210526316,0.011597564511452595,0.9884024354885474
32541,YIL124W YPL234C,0.0,NA,0.9856283664703369,990,359,30682,1860,0.9345253902215928,0.7338769458858414,0.3473684210526316,0.011565349054476337,0.9884346509455236
32542,YPR125W YDR077W,1.0,NA,0.985645055770874,989,359,30682,1861,0.9344958838629724,0.733679525222552,0.3470175438596491,0.011565349054476337,0.9884346509455236
32543,YPL140C YIR031C,0.0,NA,0.9856477975845337,989,358,30683,1861,0.9345253902215928,0.7342242019302153,0.3470175438596491,0.01153313359750008,0.9884668664024999
32544,YOL001W YDL175C,0.0,NA,0.9856523275375366,989,357,30684,1861,0.9345548965802131,0.7347696879643388,0.3470175438596491,0.011500918140523824,0.9884990818594762
32545,YKL025C YNL102W,0.0,NA,0.9857184290885925,989,356,30685,1861,0.9345844029388333,0.7353159851301115,0.3470175438596491,0.011468702683547567,0.9885312973164524
32546,YMR277W YPL040C,0.0,NA,0.9857223033905029,989,355,30686,1861,0.9346139092974536,0.7358630952380952,0.3470175438596491,0.011436487226571309,0.9885635127734287
32547,YMR210W YGL172W,0.0,NA,0.9857231974601746,989,354,30687,1861,0.9346434156560739,0.7364110201042442,0.3470175438596491,0.011404271769595051,0.988595728230405
32548,YHR120W YMR060C,1.0,NA,0.985727846622467,988,354,30687,1862,0.9346139092974536,0.736214605067064,0.3466666666666667,0.011404271769595051,0.988595728230405
32549,YOR326W YPR083W,1.0,NA,0.9857524037361145,987,354,30687,1863,0.9345844029388333,0.7360178970917226,0.3463157894736842,0.011404271769595051,0.988595728230405
32550,YNL070W YDR077W,1.0,NA,0.985862135887146,986,354,30687,1864,0.9345548965802131,0.735820895522388,0.34596491228070175,0.011404271769595051,0.988595728230405
32551,YNR020C YGL004C,0.0,NA,0.9858651161193848,986,353,30688,1864,0.9345844029388333,0.736370425690814,0.34596491228070175,0.011372056312618794,0.9886279436873812
32552,YKL013C YPR131C,1.0,NA,0.9858717322349548,985,353,30688,1865,0.9345548965802131,0.7361733931240658,0.3456140350877193,0.011372056312618794,0.9886279436873812
32553,YOL060C YJL112W,1.0,NA,0.985898494720459,984,353,30688,1866,0.9345253902215928,0.7359760658189978,0.3452631578947368,0.011372056312618794,0.9886279436873812
32554,YBR192W YLR304C,1.0,NA,0.9859241247177124,983,353,30688,1867,0.9344958838629724,0.7357784431137725,0.3449122807017544,0.011372056312618794,0.9886279436873812
32555,YGL055W YOL027C,1.0,NA,0.9859353303909302,982,353,30688,1868,0.9344663775043522,0.7355805243445693,0.34456140350877196,0.011372056312618794,0.9886279436873812
32556,YMR060C YGL219C,1.0,NA,0.9859833121299744,981,353,30688,1869,0.9344368711457319,0.7353823088455772,0.34421052631578947,0.011372056312618794,0.9886279436873812
32557,YML058W YGL219C,1.0,NA,0.9860149621963501,980,353,30688,1870,0.9344073647871116,0.7351837959489872,0.34385964912280703,0.011372056312618794,0.9886279436873812
32558,YPR125W YOL076W,1.0,NA,0.986033022403717,979,353,30688,1871,0.9343778584284913,0.734984984984985,0.34350877192982454,0.011372056312618794,0.9886279436873812
32559,YDL142C YFL036W,1.0,NA,0.986048698425293,978,353,30688,1872,0.9343483520698711,0.734785875281743,0.3431578947368421,0.011372056312618794,0.9886279436873812
32560,YIL138C YJL112W,1.0,NA,0.9860624670982361,977,353,30688,1873,0.9343188457112508,0.7345864661654136,0.34280701754385967,0.011372056312618794,0.9886279436873812
32561,YNL121C YGR101W,1.0,NA,0.9860895872116089,976,353,30688,1874,0.9342893393526305,0.7343867569601203,0.3424561403508772,0.011372056312618794,0.9886279436873812
32562,YCL011C YMR247C,0.0,NA,0.9861300587654114,976,352,30689,1874,0.9343188457112508,0.7349397590361446,0.3424561403508772,0.011339840855642538,0.9886601591443575
32563,YMR060C YOR266W,1.0,NA,0.9861432909965515,975,352,30689,1875,0.9342893393526305,0.73474001507159,0.34210526315789475,0.011339840855642538,0.9886601591443575
32564,YGR038W YKR087C,0.0,NA,0.9861606359481812,975,351,30690,1875,0.9343188457112508,0.7352941176470589,0.34210526315789475,0.01130762539866628,0.9886923746013337
32565,YKR036C YGR101W,1.0,NA,0.9861646890640259,974,351,30690,1876,0.9342893393526305,0.7350943396226415,0.34175438596491226,0.01130762539866628,0.9886923746013337
32566,YDR296W YJL112W,1.0,NA,0.9861702919006348,973,351,30690,1877,0.9342598329940102,0.7348942598187311,0.3414035087719298,0.01130762539866628,0.9886923746013337
32567,YIL138C YOL076W,1.0,NA,0.9861900806427002,972,351,30690,1878,0.93423032663539,0.7346938775510204,0.3410526315789474,0.01130762539866628,0.9886923746013337
32568,YKL214C YKR035W-A,0.0,NA,0.9862437844276428,972,350,30691,1878,0.9342598329940102,0.735249621785174,0.3410526315789474,0.011275409941690023,0.9887245900583099
32569,YFL036W YMR241W,1.0,NA,0.9862635135650635,971,350,30691,1879,0.93423032663539,0.7350492051476154,0.3407017543859649,0.011275409941690023,0.9887245900583099
32570,YMR060C YNR035C,1.0,NA,0.986281156539917,970,350,30691,1880,0.9342008202767697,0.7348484848484849,0.34035087719298246,0.011275409941690023,0.9887245900583099
32571,YIL044C YKR087C,0.0,NA,0.9863103628158569,970,349,30692,1880,0.93423032663539,0.7354056103108415,0.34035087719298246,0.011243194484713765,0.9887568055152862
32572,YLR368W YIL062C,1.0,NA,0.9863761067390442,969,349,30692,1881,0.9342008202767697,0.7352048558421851,0.34,0.011243194484713765,0.9887568055152862
32573,YHR067W YOR039W,0.0,NA,0.9863808751106262,969,348,30693,1881,0.93423032663539,0.7357630979498861,0.34,0.011210979027737508,0.9887890209722625
32574,YBR091C YGR181W,1.0,NA,0.9864223003387451,968,348,30693,1882,0.9342008202767697,0.7355623100303952,0.33964912280701753,0.011210979027737508,0.9887890209722625
32575,YNL310C YOR211C,1.0,NA,0.9864418506622314,967,348,30693,1883,0.9341713139181493,0.7353612167300381,0.3392982456140351,0.011210979027737508,0.9887890209722625
32576,YKL104C YDR310C,0.0,NA,0.9864605665206909,967,347,30694,1883,0.9342008202767697,0.7359208523592086,0.3392982456140351,0.011178763570761252,0.9888212364292388
32577,YNL097C YDR328C,0.0,NA,0.9864876866340637,967,346,30695,1883,0.93423032663539,0.7364813404417365,0.3392982456140351,0.011146548113784994,0.988853451886215
32578,YMR302C YPR125W,1.0,NA,0.9865188002586365,966,346,30695,1884,0.9342008202767697,0.7362804878048781,0.3389473684210526,0.011146548113784994,0.988853451886215
32579,YIL062C YKL013C,1.0,NA,0.9865390658378601,965,346,30695,1885,0.9341713139181493,0.7360793287566743,0.3385964912280702,0.011146548113784994,0.988853451886215
32580,YOL095C YGR181W,1.0,NA,0.9865564703941345,964,346,30695,1886,0.934141807559529,0.7358778625954199,0.33824561403508774,0.011146548113784994,0.988853451886215
32581,YGL203C YIL159W,0.0,NA,0.9865884184837341,964,345,30696,1886,0.9341713139181493,0.7364400305576776,0.33824561403508774,0.011114332656808737,0.9888856673431913
32582,YHR120W YNR035C,1.0,NA,0.9866030216217041,963,345,30696,1887,0.934141807559529,0.7362385321100917,0.33789473684210525,0.011114332656808737,0.9888856673431913
32583,YJR065C YHR194W,1.0,NA,0.9866507053375244,962,345,30696,1888,0.9341123012009088,0.7360367253251722,0.3375438596491228,0.011114332656808737,0.9888856673431913
32584,YBR192W YOR211C,1.0,NA,0.9866948127746582,961,345,30696,1889,0.9340827948422885,0.7358346094946401,0.3371929824561404,0.011114332656808737,0.9888856673431913
32585,YHR194W YML091C,1.0,NA,0.986706554889679,960,345,30696,1890,0.9340532884836682,0.735632183908046,0.3368421052631579,0.011114332656808737,0.9888856673431913
32586,YKL053C-A YOR211C,1.0,NA,0.9867183566093445,959,345,30696,1891,0.934023782125048,0.7354294478527608,0.33649122807017545,0.011114332656808737,0.9888856673431913
32587,YJL156C YBR218C,0.0,NA,0.9867902398109436,959,344,30697,1891,0.9340532884836682,0.735993860322333,0.33649122807017545,0.01108211719983248,0.9889178828001676
32588,YOL104C YBR128C,0.0,NA,0.986876368522644,959,343,30698,1891,0.9340827948422885,0.7365591397849462,0.33649122807017545,0.011049901742856222,0.9889500982571438
32589,YOR081C YDR245W,0.0,NA,0.9868800640106201,959,342,30699,1891,0.9341123012009088,0.7371252882398155,0.33649122807017545,0.011017686285879966,0.98898231371412
32590,YNR035C YKL013C,1.0,NA,0.9868996143341064,958,342,30699,1892,0.9340827948422885,0.7369230769230769,0.33614035087719296,0.011017686285879966,0.98898231371412
32591,YNL121C YBR179C,1.0,NA,0.9869153499603271,957,342,30699,1893,0.9340532884836682,0.7367205542725174,0.3357894736842105,0.011017686285879966,0.98898231371412
32592,YLR147C YCR044C,0.0,NA,0.9869773983955383,957,341,30700,1893,0.9340827948422885,0.7372881355932204,0.3357894736842105,0.010985470828903708,0.9890145291710963
32593,YDL142C YBR234C,1.0,NA,0.9869951605796814,956,341,30700,1894,0.9340532884836682,0.7370855821125675,0.3354385964912281,0.010985470828903708,0.9890145291710963
32594,YPR024W YJR135W-A,1.0,NA,0.9869957566261292,955,341,30700,1895,0.934023782125048,0.7368827160493827,0.3350877192982456,0.010985470828903708,0.9890145291710963
32595,YOL095C YPR083W,1.0,NA,0.9870042204856873,954,341,30700,1896,0.9339942757664277,0.7366795366795367,0.33473684210526317,0.010985470828903708,0.9890145291710963
32596,YER114C YGR089W,0.0,NA,0.9870156049728394,954,340,30701,1896,0.934023782125048,0.7372488408037094,0.33473684210526317,0.010953255371927451,0.9890467446280725
32597,YGL055W YBR179C,1.0,NA,0.9870358109474182,953,340,30701,1897,0.9339942757664277,0.737045630317092,0.3343859649122807,0.010953255371927451,0.9890467446280725
32598,YDL142C YOL060C,1.0,NA,0.9871376752853394,952,340,30701,1898,0.9339647694078074,0.7368421052631579,0.33403508771929824,0.010953255371927451,0.9890467446280725
32599,YPL283C YDR272W,0.0,NA,0.9871438145637512,952,339,30702,1898,0.9339942757664277,0.737412858249419,0.33403508771929824,0.010921039914951193,0.9890789600850488
32600,YOR266W YOL027C,1.0,NA,0.9871522784233093,951,339,30702,1899,0.9339647694078074,0.7372093023255814,0.3336842105263158,0.010921039914951193,0.9890789600850488
32601,YBR212W YGR101W,1.0,NA,0.9871951937675476,950,339,30702,1900,0.9339352630491871,0.7370054305663305,0.3333333333333333,0.010921039914951193,0.9890789600850488
32602,YLR380W YLR024C,0.0,NA,0.9872201681137085,950,338,30703,1900,0.9339647694078074,0.7375776397515528,0.3333333333333333,0.010888824457974936,0.9891111755420251
32603,YLR355C YJL063C,1.0,NA,0.9872329235076904,949,338,30703,1901,0.9339352630491871,0.7373737373737373,0.3329824561403509,0.010888824457974936,0.9891111755420251
32604,YBR212W YLR368W,1.0,NA,0.9872532486915588,948,338,30703,1902,0.9339057566905669,0.7371695178849145,0.33263157894736844,0.010888824457974936,0.9891111755420251
32605,YLR370C YLL006W,1.0,NA,0.987297773361206,947,338,30703,1903,0.9338762503319465,0.7369649805447471,0.33228070175438595,0.010888824457974936,0.9891111755420251
32606,YDR098C YEL056W,0.0,NA,0.9873030185699463,947,337,30704,1903,0.9339057566905669,0.7375389408099688,0.33228070175438595,0.01085660900099868,0.9891433909990013
32607,YGR060W YJL083W,0.0,NA,0.9873565435409546,947,336,30705,1903,0.9339352630491871,0.7381137957911146,0.33228070175438595,0.010824393544022422,0.9891756064559776
32608,YOR326W YIL062C,1.0,NA,0.987360417842865,946,336,30705,1904,0.9339057566905669,0.7379095163806553,0.3319298245614035,0.010824393544022422,0.9891756064559776
32609,YNL297C YLR055C,0.0,NA,0.9873821139335632,946,335,30706,1904,0.9339352630491871,0.7384855581576893,0.3319298245614035,0.010792178087046165,0.9892078219129539
32610,YMR060C YOL027C,1.0,NA,0.9873994588851929,945,335,30706,1905,0.9339057566905669,0.73828125,0.33157894736842103,0.010792178087046165,0.9892078219129539
32611,YER151C YER074W,0.0,NA,0.9875239133834839,945,334,30707,1905,0.9339352630491871,0.7388584831899921,0.33157894736842103,0.010759962630069907,0.98924003736993
32612,YJL054W YLL013C,1.0,NA,0.9875352382659912,944,334,30707,1906,0.9339057566905669,0.7386541471048513,0.3312280701754386,0.010759962630069907,0.98924003736993
32613,YPR164W YCR065W,0.0,NA,0.9875355362892151,944,333,30708,1906,0.9339352630491871,0.7392325763508223,0.3312280701754386,0.01072774717309365,0.9892722528269063
32614,YOR037W YJR135W-A,1.0,NA,0.9875491857528687,943,333,30708,1907,0.9339057566905669,0.7390282131661442,0.33087719298245616,0.01072774717309365,0.9892722528269063
32615,YBL082C YMR236W,0.0,NA,0.9875805377960205,943,332,30709,1907,0.9339352630491871,0.7396078431372549,0.33087719298245616,0.010695531716117394,0.9893044682838826
32616,YNL026W YMR241W,1.0,NA,0.987594485282898,942,332,30709,1908,0.9339057566905669,0.7394034536891679,0.33052631578947367,0.010695531716117394,0.9893044682838826
32617,YLR370C YLL013C,1.0,NA,0.9876218438148499,941,332,30709,1909,0.9338762503319465,0.7391987431264729,0.33017543859649123,0.010695531716117394,0.9893044682838826
32618,YPR024W YNL121C,1.0,NA,0.9876251816749573,940,332,30709,1910,0.9338467439733262,0.7389937106918238,0.3298245614035088,0.010695531716117394,0.9893044682838826
32619,YNL026W YIL062C,1.0,NA,0.9876426458358765,939,332,30709,1911,0.9338172376147059,0.7387883556254917,0.3294736842105263,0.010695531716117394,0.9893044682838826
32620,YML058W YOL095C,1.0,NA,0.9876663684844971,938,332,30709,1912,0.9337877312560857,0.7385826771653543,0.3291228070175439,0.010695531716117394,0.9893044682838826
32621,YJL063C YKL013C,1.0,NA,0.987708330154419,937,332,30709,1913,0.9337582248974654,0.7383766745468873,0.3287719298245614,0.010695531716117394,0.9893044682838826
32622,YKL053C-A YDL006W,1.0,NA,0.9877957105636597,936,332,30709,1914,0.9337287185388451,0.7381703470031545,0.32842105263157895,0.010695531716117394,0.9893044682838826
32623,YHR031C YIL065C,1.0,NA,0.9878472089767456,935,332,30709,1915,0.9336992121802249,0.7379636937647988,0.3280701754385965,0.010695531716117394,0.9893044682838826
32624,YGL148W YLR157C,0.0,NA,0.9878947138786316,935,331,30710,1915,0.9337287185388451,0.7385466034755134,0.3280701754385965,0.010663316259141136,0.9893366837408588
32625,YGR274C YNL244C,0.0,NA,0.9879235625267029,935,330,30711,1915,0.9337582248974654,0.7391304347826086,0.3280701754385965,0.010631100802164879,0.9893688991978351
32626,YPR024W YDR077W,1.0,NA,0.9879321455955505,934,330,30711,1916,0.9337287185388451,0.7389240506329114,0.327719298245614,0.010631100802164879,0.9893688991978351
32627,YKL053C-A YJR135W-A,1.0,NA,0.9879326224327087,933,330,30711,1917,0.9336992121802249,0.7387173396674585,0.3273684210526316,0.010631100802164879,0.9893688991978351
32628,YDL142C YLR368W,1.0,NA,0.9879345893859863,932,330,30711,1918,0.9336697058216046,0.7385103011093502,0.3270175438596491,0.010631100802164879,0.9893688991978351
32629,YDR296W YML058W,1.0,NA,0.9879883527755737,931,330,30711,1919,0.9336401994629843,0.7383029341792229,0.32666666666666666,0.010631100802164879,0.9893688991978351
32630,YBR212W YDR219C,1.0,NA,0.9880043864250183,930,330,30711,1920,0.933610693104364,0.7380952380952381,0.3263157894736842,0.010631100802164879,0.9893688991978351
32631,YJL073W YDR226W,0.0,NA,0.9880194067955017,930,329,30712,1920,0.9336401994629843,0.73868149324861,0.3263157894736842,0.010598885345188621,0.9894011146548114
32632,YIL062C YJR135W-A,1.0,NA,0.9880250096321106,929,329,30712,1921,0.933610693104364,0.7384737678855325,0.32596491228070174,0.010598885345188621,0.9894011146548114
32633,YKL013C YNL066W,1.0,NA,0.9880906343460083,928,329,30712,1922,0.9335811867457438,0.7382657120127287,0.3256140350877193,0.010598885345188621,0.9894011146548114
32634,YML091C YIL065C,1.0,NA,0.9880933165550232,927,329,30712,1923,0.9335516803871234,0.7380573248407644,0.32526315789473687,0.010598885345188621,0.9894011146548114
32635,YKR036C YOR266W,1.0,NA,0.9881166219711304,926,329,30712,1924,0.9335221740285031,0.7378486055776893,0.3249122807017544,0.010598885345188621,0.9894011146548114
32636,YJR104C YLR250W,0.0,NA,0.9881205558776855,926,328,30713,1924,0.9335516803871234,0.7384370015948963,0.3249122807017544,0.010566669888212364,0.9894333301117877
32637,YEL062W YBR280C,0.0,NA,0.9881268739700317,926,327,30714,1924,0.9335811867457438,0.7390263367916999,0.3249122807017544,0.010534454431236106,0.9894655455687639
32638,YNL070W YIL062C,1.0,NA,0.9881320595741272,925,327,30714,1925,0.9335516803871234,0.7388178913738019,0.32456140350877194,0.010534454431236106,0.9894655455687639
32639,YNL070W YOL095C,1.0,NA,0.9881488680839539,924,327,30714,1926,0.9335221740285031,0.7386091127098321,0.32421052631578945,0.010534454431236106,0.9894655455687639
32640,YFL039C YLL013C,1.0,NA,0.9881504774093628,923,327,30714,1927,0.9334926676698828,0.7384,0.323859649122807,0.010534454431236106,0.9894655455687639
32641,YMR072W YOL027C,1.0,NA,0.9881733059883118,922,327,30714,1928,0.9334631613112626,0.7381905524419535,0.3235087719298246,0.010534454431236106,0.9894655455687639
32642,YKR036C YMR211W,1.0,NA,0.9881887435913086,921,327,30714,1929,0.9334336549526423,0.7379807692307693,0.3231578947368421,0.010534454431236106,0.9894655455687639
32643,YNL079C YKL013C,1.0,NA,0.9882149696350098,920,327,30714,1930,0.933404148594022,0.7377706495589414,0.32280701754385965,0.010534454431236106,0.9894655455687639
32644,YDL134C YML049C,0.0,NA,0.988243043422699,920,326,30715,1930,0.9334336549526423,0.7383627608346709,0.32280701754385965,0.01050223897425985,0.9894977610257402
32645,YBR110W YLR447C,0.0,NA,0.9882539510726929,920,325,30716,1930,0.9334631613112626,0.7389558232931727,0.32280701754385965,0.010470023517283593,0.9895299764827165
32646,YDR014W YAR007C,0.0,NA,0.9882871508598328,920,324,30717,1930,0.9334926676698828,0.7395498392282959,0.32280701754385965,0.010437808060307335,0.9895621919396926
32647,YNL026W YPR125W,1.0,NA,0.9883148670196533,919,324,30717,1931,0.9334631613112626,0.7393403057119872,0.3224561403508772,0.010437808060307335,0.9895621919396926
32648,YOL095C YCR028C-A,1.0,NA,0.9883300065994263,918,324,30717,1932,0.9334336549526423,0.7391304347826086,0.32210526315789473,0.010437808060307335,0.9895621919396926
32649,YOR037W YPL098C,1.0,NA,0.988338828086853,917,324,30717,1933,0.933404148594022,0.7389202256244963,0.3217543859649123,0.010437808060307335,0.9895621919396926
32650,YNL307C YOL063C,0.0,NA,0.9883394241333008,917,323,30718,1933,0.9334336549526423,0.739516129032258,0.3217543859649123,0.010405592603331078,0.9895944073966689
32651,YDR308C YLR318W,0.0,NA,0.988350510597229,917,322,30719,1933,0.9334631613112626,0.7401129943502824,0.3217543859649123,0.01037337714635482,0.9896266228536452
32652,YBR173C YER115C,0.0,NA,0.9883564114570618,917,321,30720,1933,0.9334926676698828,0.7407108239095315,0.3217543859649123,0.010341161689378564,0.9896588383106214
32653,YMR302C YER154W,1.0,NA,0.988365650177002,916,321,30720,1934,0.9334631613112626,0.740501212611156,0.3214035087719298,0.010341161689378564,0.9896588383106214
32654,YHR120W YFL036W,1.0,NA,0.988376796245575,915,321,30720,1935,0.9334336549526423,0.7402912621359223,0.32105263157894737,0.010341161689378564,0.9896588383106214
32655,YAL058W YDR232W,0.0,NA,0.9883853197097778,915,320,30721,1935,0.9334631613112626,0.7408906882591093,0.32105263157894737,0.010308946232402307,0.9896910537675977
32656,YHR092C YER172C,0.0,NA,0.9883894920349121,915,319,30722,1935,0.9334926676698828,0.7414910858995137,0.32105263157894737,0.01027673077542605,0.989723269224574
32657,YDL008W YOR014W,0.0,NA,0.9884272217750549,915,318,30723,1935,0.9335221740285031,0.7420924574209246,0.32105263157894737,0.010244515318449792,0.9897554846815502
32658,YPL156C YMR288W,0.0,NA,0.988445520401001,915,317,30724,1935,0.9335516803871234,0.7426948051948052,0.32105263157894737,0.010212299861473534,0.9897877001385265
32659,YOR316C YDR272W,0.0,NA,0.9884523749351501,915,316,30725,1935,0.9335811867457438,0.743298131600325,0.32105263157894737,0.010180084404497278,0.9898199155955028
32660,YGL014W YDR195W,0.0,NA,0.9884689450263977,915,315,30726,1935,0.933610693104364,0.7439024390243902,0.32105263157894737,0.01014786894752102,0.9898521310524789
32661,YNL079C YDL142C,1.0,NA,0.988473117351532,914,315,30726,1936,0.9335811867457438,0.7436940602115542,0.32070175438596493,0.01014786894752102,0.9898521310524789
32662,YGR063C YML055W,0.0,NA,0.988497257232666,914,314,30727,1936,0.933610693104364,0.744299674267101,0.32070175438596493,0.010115653490544763,0.9898843465094552
32663,YPL283C YOR035C,0.0,NA,0.9885380268096924,914,313,30728,1936,0.9336401994629843,0.7449062754686226,0.32070175438596493,0.010083438033568506,0.9899165619664315
32664,YKR036C YJL112W,1.0,NA,0.988543689250946,913,313,30728,1937,0.933610693104364,0.7446982055464927,0.32035087719298244,0.010083438033568506,0.9899165619664315
32665,YLR370C YDR077W,1.0,NA,0.9885448813438416,912,313,30728,1938,0.9335811867457438,0.7444897959183674,0.32,0.010083438033568506,0.9899165619664315
32666,YJL112W YOR330C,1.0,NA,0.9885824918746948,911,313,30728,1939,0.9335516803871234,0.744281045751634,0.3196491228070175,0.010083438033568506,0.9899165619664315
32667,YNL310C YPR131C,1.0,NA,0.9885870814323425,910,313,30728,1940,0.9335221740285031,0.7440719542109566,0.3192982456140351,0.010083438033568506,0.9899165619664315
32668,YML058W YCR028C-A,1.0,NA,0.9886060357093811,909,313,30728,1941,0.9334926676698828,0.7438625204582652,0.31894736842105265,0.010083438033568506,0.9899165619664315
32669,YML058W YJL112W,1.0,NA,0.9886757135391235,908,313,30728,1942,0.9334631613112626,0.7436527436527437,0.31859649122807016,0.010083438033568506,0.9899165619664315
32670,YDR011W YBR274W,0.0,NA,0.9887197613716125,908,312,30729,1942,0.9334926676698828,0.7442622950819672,0.31859649122807016,0.010051222576592248,0.9899487774234077
32671,YIL062C YDL006W,1.0,NA,0.9887211918830872,907,312,30729,1943,0.9334631613112626,0.7440525020508614,0.3182456140350877,0.010051222576592248,0.9899487774234077
32672,YOR037W YOR326W,1.0,NA,0.9887256026268005,906,312,30729,1944,0.9334336549526423,0.7438423645320197,0.3178947368421053,0.010051222576592248,0.9899487774234077
32673,YOR037W YDL217C,1.0,NA,0.988728404045105,905,312,30729,1945,0.933404148594022,0.743631881676253,0.3175438596491228,0.010051222576592248,0.9899487774234077
32674,YJL054W YOL095C,1.0,NA,0.9887368083000183,904,312,30729,1946,0.9333746422354017,0.743421052631579,0.31719298245614036,0.010051222576592248,0.9899487774234077
32675,YOL060C YIL051C,1.0,NA,0.9887497425079346,903,312,30729,1947,0.9333451358767815,0.7432098765432099,0.31684210526315787,0.010051222576592248,0.9899487774234077
32676,YER001W YOR324C,0.0,NA,0.9887730479240417,903,311,30730,1947,0.9333746422354017,0.7438220757825371,0.31684210526315787,0.010019007119615992,0.989980992880384
32677,YKR079C YNL162W,0.0,NA,0.9887747764587402,903,310,30731,1947,0.933404148594022,0.7444352844187964,0.31684210526315787,0.009986791662639735,0.9900132083373603
32678,YBR274W YCL051W,0.0,NA,0.9887834191322327,903,309,30732,1947,0.9334336549526423,0.745049504950495,0.31684210526315787,0.009954576205663477,0.9900454237943366
32679,YDR296W YOL076W,1.0,NA,0.9887957572937012,902,309,30732,1948,0.933404148594022,0.7448389760528489,0.31649122807017543,0.009954576205663477,0.9900454237943366
32680,YOR211C YOR330C,1.0,NA,0.988838791847229,901,309,30732,1949,0.9333746422354017,0.7446280991735538,0.316140350877193,0.009954576205663477,0.9900454237943366
32681,YJR135W-A YGL020C,1.0,NA,0.9888588190078735,900,309,30732,1950,0.9333451358767815,0.7444168734491315,0.3157894736842105,0.009954576205663477,0.9900454237943366
32682,YPR024W YDR219C,1.0,NA,0.9888725876808167,899,309,30732,1951,0.9333156295181612,0.7442052980132451,0.3154385964912281,0.009954576205663477,0.9900454237943366
32683,YLR306W YDR017C,0.0,NA,0.9888793230056763,899,308,30733,1951,0.9333451358767815,0.7448218724109362,0.3154385964912281,0.00992236074868722,0.9900776392513128
32684,YER023W YPL070W,0.0,NA,0.9888932108879089,899,307,30734,1951,0.9333746422354017,0.7454394693200663,0.3154385964912281,0.009890145291710962,0.990109854708289
32685,YBR212W YOR330C,1.0,NA,0.9889214038848877,898,307,30734,1952,0.9333451358767815,0.7452282157676349,0.31508771929824564,0.009890145291710962,0.990109854708289
32686,YIL062C YMR211W,1.0,NA,0.9889216423034668,897,307,30734,1953,0.9333156295181612,0.7450166112956811,0.31473684210526315,0.009890145291710962,0.990109854708289
32687,YMR012W YGR101W,1.0,NA,0.9889763593673706,896,307,30734,1954,0.9332861231595408,0.744804655029094,0.3143859649122807,0.009890145291710962,0.990109854708289
32688,YIL051C YMR211W,1.0,NA,0.9889828562736511,895,307,30734,1955,0.9332566168009206,0.7445923460898503,0.3140350877192982,0.009890145291710962,0.990109854708289
32689,YOR293W YIL106W,0.0,NA,0.9889909029006958,895,306,30735,1955,0.9332861231595408,0.7452123230641132,0.3140350877192982,0.009857929834734706,0.9901420701652653
32690,YJL020C YJL080C,0.0,NA,0.9890243411064148,895,305,30736,1955,0.9333156295181612,0.7458333333333333,0.3140350877192982,0.009825714377758449,0.9901742856222415
32691,YNL026W YBR234C,1.0,NA,0.9890674948692322,894,305,30736,1956,0.9332861231595408,0.7456213511259383,0.3136842105263158,0.009825714377758449,0.9901742856222415
32692,YAL047C YML035C,0.0,NA,0.9890874624252319,894,304,30737,1956,0.9333156295181612,0.7462437395659433,0.3136842105263158,0.009793498920782191,0.9902065010792178
32693,YHR031C YIL138C,1.0,NA,0.9890991449356079,893,304,30737,1957,0.9332861231595408,0.746031746031746,0.31333333333333335,0.009793498920782191,0.9902065010792178
32694,YER048W-A YJR104C,0.0,NA,0.9891484379768372,893,303,30738,1957,0.9333156295181612,0.7466555183946488,0.31333333333333335,0.009761283463805934,0.9902387165361941
32695,YDR219C YKL013C,1.0,NA,0.9891487956047058,892,303,30738,1958,0.9332861231595408,0.7464435146443514,0.31298245614035086,0.009761283463805934,0.9902387165361941
32696,YKL192C YOR073W,0.0,NA,0.9891818165779114,892,302,30739,1958,0.9333156295181612,0.7470686767169179,0.31298245614035086,0.009729068006829676,0.9902709319931703
32697,YCR028C-A YBR234C,1.0,NA,0.9892203211784363,891,302,30739,1959,0.9332861231595408,0.7468566638725901,0.3126315789473684,0.009729068006829676,0.9902709319931703
32698,YFL036W YNL066W,1.0,NA,0.9892287254333496,890,302,30739,1960,0.9332566168009206,0.7466442953020134,0.312280701754386,0.009729068006829676,0.9902709319931703
32699,YLR304C YPR083W,1.0,NA,0.9892426133155823,889,302,30739,1961,0.9332271104423003,0.746431570109152,0.3119298245614035,0.009729068006829676,0.9902709319931703
32700,YOL102C YMR016C,0.0,NA,0.9892617464065552,889,301,30740,1961,0.9332566168009206,0.7470588235294118,0.3119298245614035,0.00969685254985342,0.9903031474501466
32701,YNR035C YGR101W,1.0,NA,0.989264726638794,888,301,30740,1962,0.9332271104423003,0.7468460891505467,0.31157894736842107,0.00969685254985342,0.9903031474501466
32702,YOL095C YGR101W,1.0,NA,0.9893251657485962,887,301,30740,1963,0.93319760408368,0.7466329966329966,0.3112280701754386,0.00969685254985342,0.9903031474501466
32703,YLR355C YPR024W,1.0,NA,0.9893407225608826,886,301,30740,1964,0.9331680977250597,0.7464195450716091,0.31087719298245614,0.00969685254985342,0.9903031474501466
32704,YNL213C YKL013C,1.0,NA,0.989357054233551,885,301,30740,1965,0.9331385913664395,0.7462057335581788,0.3105263157894737,0.00969685254985342,0.9903031474501466
32705,YBL103C YDL159W,0.0,NA,0.9893966913223267,885,300,30741,1965,0.9331680977250597,0.7468354430379747,0.3105263157894737,0.009664637092877163,0.9903353629071229
32706,YPL147W YMR274C,0.0,NA,0.989504337310791,885,299,30742,1965,0.93319760408368,0.7474662162162162,0.3105263157894737,0.009632421635900905,0.990367578364099
32707,YKR042W YDR077W,1.0,NA,0.9895241856575012,884,299,30742,1966,0.9331680977250597,0.7472527472527473,0.3101754385964912,0.009632421635900905,0.990367578364099
32708,YKL013C YBR234C,1.0,NA,0.9895392060279846,883,299,30742,1967,0.9331385913664395,0.7470389170896785,0.3098245614035088,0.009632421635900905,0.990367578364099
32709,YFL036W YDL217C,1.0,NA,0.9895622134208679,882,299,30742,1968,0.9331090850078192,0.7468247248094835,0.3094736842105263,0.009632421635900905,0.990367578364099
32710,YJL112W YIL065C,1.0,NA,0.9895780086517334,881,299,30742,1969,0.9330795786491989,0.7466101694915255,0.30912280701754385,0.009632421635900905,0.990367578364099
32711,YPL098C YER154W,1.0,NA,0.9896036386489868,880,299,30742,1970,0.9330500722905786,0.7463952502120441,0.3087719298245614,0.009632421635900905,0.990367578364099
32712,YLR355C YIL051C,1.0,NA,0.9896343946456909,879,299,30742,1971,0.9330205659319584,0.7461799660441426,0.30842105263157893,0.009632421635900905,0.990367578364099
32713,YJR135W-A YGR181W,1.0,NA,0.9896378517150879,878,299,30742,1972,0.932991059573338,0.745964316057774,0.3080701754385965,0.009632421635900905,0.990367578364099
32714,YDL134C YDL043C,0.0,NA,0.989648163318634,878,298,30743,1972,0.9330205659319584,0.7465986394557823,0.3080701754385965,0.009600206178924648,0.9903997938210753
32715,YNL079C YHR194W,1.0,NA,0.9896559715270996,877,298,30743,1973,0.932991059573338,0.7463829787234042,0.30771929824561406,0.009600206178924648,0.9903997938210753
32716,YDL006W YNL066W,1.0,NA,0.9896610975265503,876,298,30743,1974,0.9329615532147177,0.7461669505962522,0.30736842105263157,0.009600206178924648,0.9903997938210753
32717,YMR256C YGL018C,0.0,NA,0.9896774291992188,876,297,30744,1974,0.932991059573338,0.7468030690537084,0.30736842105263157,0.00956799072194839,0.9904320092780516
32718,YMR060C YOR211C,1.0,NA,0.9896785020828247,875,297,30744,1975,0.9329615532147177,0.7465870307167235,0.30701754385964913,0.00956799072194839,0.9904320092780516
32719,YHR194W YPR125W,1.0,NA,0.9897056818008423,874,297,30744,1976,0.9329320468560975,0.7463706233988044,0.30666666666666664,0.00956799072194839,0.9904320092780516
32720,YHR031C YML091C,1.0,NA,0.9897257685661316,873,297,30744,1977,0.9329025404974772,0.7461538461538462,0.3063157894736842,0.00956799072194839,0.9904320092780516
32721,YKL160W YNL027W,0.0,NA,0.9897329211235046,873,296,30745,1977,0.9329320468560975,0.7467921300256629,0.3063157894736842,0.009535775264972134,0.9904642247350278
32722,YPL148C YFL033C,0.0,NA,0.9897809028625488,873,295,30746,1977,0.9329615532147177,0.747431506849315,0.3063157894736842,0.009503559807995877,0.9904964401920041
32723,YOL060C YLL006W,1.0,NA,0.9898470044136047,872,295,30746,1978,0.9329320468560975,0.7472150814053128,0.3059649122807018,0.009503559807995877,0.9904964401920041
32724,YJR120W YLR370C,1.0,NA,0.9898590445518494,871,295,30746,1979,0.9329025404974772,0.7469982847341338,0.3056140350877193,0.009503559807995877,0.9904964401920041
32725,YGL055W YBR192W,1.0,NA,0.9898871779441833,870,295,30746,1980,0.9328730341388569,0.7467811158798283,0.30526315789473685,0.009503559807995877,0.9904964401920041
32726,YDR296W YJL054W,1.0,NA,0.9898914098739624,869,295,30746,1981,0.9328435277802366,0.7465635738831615,0.3049122807017544,0.009503559807995877,0.9904964401920041
32727,YDL149W YPR023C,0.0,NA,0.9898952841758728,869,294,30747,1981,0.9328730341388569,0.7472055030094583,0.3049122807017544,0.00947134435101962,0.9905286556489804
32728,YPR125W YOR330C,1.0,NA,0.9899020195007324,868,294,30747,1982,0.9328435277802366,0.7469879518072289,0.3045614035087719,0.00947134435101962,0.9905286556489804
32729,YDR160W YPR046W,0.0,NA,0.9899027347564697,868,293,30748,1982,0.9328730341388569,0.7476313522825151,0.3045614035087719,0.009439128894043362,0.9905608711059566
32730,YPL147W YDR486C,0.0,NA,0.9899427890777588,868,292,30749,1982,0.9329025404974772,0.7482758620689656,0.3045614035087719,0.009406913437067104,0.9905930865629329
32731,YDL142C YGL020C,1.0,NA,0.9899765849113464,867,292,30749,1983,0.9328730341388569,0.7480586712683348,0.3042105263157895,0.009406913437067104,0.9905930865629329
32732,YJR135W-A YLR304C,1.0,NA,0.9899858236312866,866,292,30749,1984,0.9328435277802366,0.7478411053540587,0.303859649122807,0.009406913437067104,0.9905930865629329
32733,YMR241W YMR012W,1.0,NA,0.9899981617927551,865,292,30749,1985,0.9328140214216164,0.7476231633535004,0.30350877192982456,0.009406913437067104,0.9905930865629329
32734,YIL062C YOL027C,1.0,NA,0.990009069442749,864,292,30749,1986,0.9327845150629961,0.7474048442906575,0.3031578947368421,0.009406913437067104,0.9905930865629329
32735,YDR150W YMR060C,1.0,NA,0.9900299310684204,863,292,30749,1987,0.9327550087043758,0.7471861471861472,0.30280701754385964,0.009406913437067104,0.9905930865629329
32736,YGL087C YPR073C,0.0,NA,0.9900387525558472,863,291,30750,1987,0.9327845150629961,0.7478336221837089,0.30280701754385964,0.009374697980090848,0.9906253020199092
32737,YPR131C YIL065C,1.0,NA,0.9900513291358948,862,291,30750,1988,0.9327550087043758,0.7476149176062445,0.3024561403508772,0.009374697980090848,0.9906253020199092
32738,YNL026W YKL013C,1.0,NA,0.9901067614555359,861,291,30750,1989,0.9327255023457555,0.7473958333333334,0.3021052631578947,0.009374697980090848,0.9906253020199092
32739,YNL096C YOR090C,0.0,NA,0.9901178479194641,861,290,30751,1989,0.9327550087043758,0.7480451781059948,0.3021052631578947,0.00934248252311459,0.9906575174768855
32740,YBR123C YPR120C,0.0,NA,0.9901255369186401,861,289,30752,1989,0.9327845150629961,0.7486956521739131,0.3021052631578947,0.009310267066138333,0.9906897329338616
32741,YDR236C YPR181C,0.0,NA,0.9901604652404785,861,288,30753,1989,0.9328140214216164,0.7493472584856397,0.3021052631578947,0.009278051609162076,0.9907219483908379
32742,YJL063C YFL036W,1.0,NA,0.9901707768440247,860,288,30753,1990,0.9327845150629961,0.7491289198606271,0.3017543859649123,0.009278051609162076,0.9907219483908379
32743,YJL063C YOR330C,1.0,NA,0.9901997447013855,859,288,30753,1991,0.9327550087043758,0.7489102005231038,0.30140350877192984,0.009278051609162076,0.9907219483908379
32744,YJR140C YNL267W,0.0,NA,0.9902106523513794,859,287,30754,1991,0.9327845150629961,0.7495636998254799,0.30140350877192984,0.009245836152185818,0.9907541638478142
32745,YIL062C YGL219C,1.0,NA,0.9902359843254089,858,287,30754,1992,0.9327550087043758,0.7493449781659388,0.30105263157894735,0.009245836152185818,0.9907541638478142
32746,YDR473C YLR170C,0.0,NA,0.990266740322113,858,286,30755,1992,0.9327845150629961,0.75,0.30105263157894735,0.009213620695209562,0.9907863793047904
32747,YNL121C YHR083W,1.0,NA,0.990288257598877,857,286,30755,1993,0.9327550087043758,0.7497812773403325,0.3007017543859649,0.009213620695209562,0.9907863793047904
32748,YDR487C YLR357W,0.0,NA,0.9902922511100769,857,285,30756,1993,0.9327845150629961,0.7504378283712785,0.3007017543859649,0.009181405238233305,0.9908185947617667
32749,YHR120W YDR219C,1.0,NA,0.9902993440628052,856,285,30756,1994,0.9327550087043758,0.7502191060473269,0.3003508771929825,0.009181405238233305,0.9908185947617667
32750,YNL121C YNL066W,1.0,NA,0.9903122186660767,855,285,30756,1995,0.9327255023457555,0.75,0.3,0.009181405238233305,0.9908185947617667
32751,YJL054W YMR012W,1.0,NA,0.9903151392936707,854,285,30756,1996,0.9326959959871353,0.7497805092186128,0.29964912280701755,0.009181405238233305,0.9908185947617667
32752,YKL053C-A YLR304C,1.0,NA,0.9903250932693481,853,285,30756,1997,0.932666489628515,0.7495606326889279,0.29929824561403506,0.009181405238233305,0.9908185947617667
32753,YIR009W YPL057C,0.0,NA,0.9903281331062317,853,284,30757,1997,0.9326959959871353,0.7502198768689534,0.29929824561403506,0.009149189781257047,0.990850810218743
32754,YCR066W YMR197C,0.0,NA,0.9903472661972046,853,283,30758,1997,0.9327255023457555,0.7508802816901409,0.29929824561403506,0.00911697432428079,0.9908830256757192
32755,YNL216W YCL067C,0.0,NA,0.9903754591941833,853,282,30759,1997,0.9327550087043758,0.7515418502202643,0.29929824561403506,0.009084758867304532,0.9909152411326955
32756,YJL054W YMR241W,1.0,NA,0.9903759360313416,852,282,30759,1998,0.9327255023457555,0.7513227513227513,0.29894736842105263,0.009084758867304532,0.9909152411326955
32757,YOR068C YKR031C,0.0,NA,0.9904087781906128,852,281,30760,1998,0.9327550087043758,0.7519858781994704,0.29894736842105263,0.009052543410328276,0.9909474565896718
32758,YHR067W YLR025W,0.0,NA,0.9904211759567261,852,280,30761,1998,0.9327845150629961,0.7526501766784452,0.29894736842105263,0.009020327953352019,0.9909796720466479
32759,YPL098C YKR042W,1.0,NA,0.9904474020004272,851,280,30761,1999,0.9327550087043758,0.7524314765694076,0.2985964912280702,0.009020327953352019,0.9909796720466479
32760,YOR037W YKR036C,1.0,NA,0.9904531240463257,850,280,30761,2000,0.9327255023457555,0.7522123893805309,0.2982456140350877,0.009020327953352019,0.9909796720466479
32761,YKR036C YLL006W,1.0,NA,0.9904572367668152,849,280,30761,2001,0.9326959959871353,0.7519929140832595,0.29789473684210527,0.009020327953352019,0.9909796720466479
32762,YDR306C YPL120W,0.0,NA,0.9904910326004028,849,279,30762,2001,0.9327255023457555,0.7526595744680851,0.29789473684210527,0.008988112496375761,0.9910118875036242
32763,YGR135W YOR026W,0.0,NA,0.9904972314834595,849,278,30763,2001,0.9327550087043758,0.7533274179236912,0.29789473684210527,0.008955897039399504,0.9910441029606005
32764,YDR296W YJL063C,1.0,NA,0.9904980063438416,848,278,30763,2002,0.9327255023457555,0.7531083481349912,0.29754385964912283,0.008955897039399504,0.9910441029606005
32765,YNL044W YJL092W,0.0,NA,0.99050372838974,848,277,30764,2002,0.9327550087043758,0.7537777777777778,0.29754385964912283,0.008923681582423246,0.9910763184175767
32766,YNL121C YMR211W,1.0,NA,0.9905224442481995,847,277,30764,2003,0.9327255023457555,0.75355871886121,0.29719298245614034,0.008923681582423246,0.9910763184175767
32767,YNR035C YDL006W,1.0,NA,0.9905345439910889,846,277,30764,2004,0.9326959959871353,0.7533392698130009,0.2968421052631579,0.008923681582423246,0.9910763184175767
32768,YLR227C YNL268W,0.0,NA,0.9905780553817749,846,276,30765,2004,0.9327255023457555,0.7540106951871658,0.2968421052631579,0.00889146612544699,0.991108533874553
32769,YDL142C YPL098C,1.0,NA,0.9905962944030762,845,276,30765,2005,0.9326959959871353,0.7537912578055308,0.2964912280701754,0.00889146612544699,0.991108533874553
32770,YFL039C YGR101W,1.0,NA,0.9906400442123413,844,276,30765,2006,0.932666489628515,0.7535714285714286,0.296140350877193,0.00889146612544699,0.991108533874553
32771,YPL098C YKL013C,1.0,NA,0.9906468391418457,843,276,30765,2007,0.9326369832698946,0.7533512064343163,0.29578947368421055,0.00889146612544699,0.991108533874553
32772,YLR355C YER154W,1.0,NA,0.9906529188156128,842,276,30765,2008,0.9326074769112743,0.7531305903398927,0.29543859649122806,0.00889146612544699,0.991108533874553
32773,YHR120W YKL013C,1.0,NA,0.9906651973724365,841,276,30765,2009,0.9325779705526541,0.7529095792300806,0.2950877192982456,0.00889146612544699,0.991108533874553
32774,YMR189W YMR226C,0.0,NA,0.9906961917877197,841,275,30766,2009,0.9326074769112743,0.753584229390681,0.2950877192982456,0.008859250668470733,0.9911407493315293
32775,YMR091C YGL021W,0.0,NA,0.9907134771347046,841,274,30767,2009,0.9326369832698946,0.7542600896860987,0.2950877192982456,0.008827035211494475,0.9911729647885055
32776,YMR302C YMR211W,1.0,NA,0.9907276630401611,840,274,30767,2010,0.9326074769112743,0.7540394973070018,0.29473684210526313,0.008827035211494475,0.9911729647885055
32777,YOL060C YPR083W,1.0,NA,0.9907559752464294,839,274,30767,2011,0.9325779705526541,0.7538185085354897,0.2943859649122807,0.008827035211494475,0.9911729647885055
32778,YPL079W YKR089C,0.0,NA,0.990774929523468,839,273,30768,2011,0.9326074769112743,0.7544964028776978,0.2943859649122807,0.008794819754518218,0.9912051802454818
32779,YFL039C YDL217C,1.0,NA,0.9907855987548828,838,273,30768,2012,0.9325779705526541,0.7542754275427542,0.29403508771929826,0.008794819754518218,0.9912051802454818
32780,YJL063C YCR028C-A,1.0,NA,0.9907923936843872,837,273,30768,2013,0.9325484641940338,0.754054054054054,0.29368421052631577,0.008794819754518218,0.9912051802454818
32781,YNL121C YOR330C,1.0,NA,0.9907941222190857,836,273,30768,2014,0.9325189578354135,0.7538322813345356,0.29333333333333333,0.008794819754518218,0.9912051802454818
32782,YOR064C YDR207C,0.0,NA,0.9908186793327332,836,272,30769,2014,0.9325484641940338,0.7545126353790613,0.29333333333333333,0.00876260429754196,0.9912373957024581
32783,YHR083W YNL066W,1.0,NA,0.9908370971679688,835,272,30769,2015,0.9325189578354135,0.7542908762420958,0.2929824561403509,0.00876260429754196,0.9912373957024581
32784,YHR194W YGR181W,1.0,NA,0.9908445477485657,834,272,30769,2016,0.9324894514767933,0.7540687160940326,0.2926315789473684,0.00876260429754196,0.9912373957024581
32785,YMR302C YJL112W,1.0,NA,0.990858256816864,833,272,30769,2017,0.932459945118173,0.7538461538461538,0.292280701754386,0.00876260429754196,0.9912373957024581
32786,YOR167C YOR275C,0.0,NA,0.9908632636070251,833,271,30770,2017,0.9324894514767933,0.7545289855072463,0.292280701754386,0.008730388840565704,0.9912696111594343
32787,YMR125W YEL027W,0.0,NA,0.9908716082572937,833,270,30771,2017,0.9325189578354135,0.7552130553037172,0.292280701754386,0.008698173383589447,0.9913018266164105
32788,YLR368W YLL013C,1.0,NA,0.9908831715583801,832,270,30771,2018,0.9324894514767933,0.7549909255898367,0.2919298245614035,0.008698173383589447,0.9913018266164105
32789,YNL186W YIL050W,0.0,NA,0.9909096360206604,832,269,30772,2018,0.9325189578354135,0.7556766575840145,0.2919298245614035,0.008665957926613189,0.9913340420733868
32790,YJL112W YMR012W,1.0,NA,0.9909157156944275,831,269,30772,2019,0.9324894514767933,0.7554545454545455,0.29157894736842105,0.008665957926613189,0.9913340420733868
32791,YNL079C YDR150W,1.0,NA,0.9909970760345459,830,269,30772,2020,0.932459945118173,0.7552320291173794,0.2912280701754386,0.008665957926613189,0.9913340420733868
32792,YMR161W YEL024W,0.0,NA,0.9910043478012085,830,268,30773,2020,0.9324894514767933,0.75591985428051,0.2912280701754386,0.008633742469636932,0.9913662575303631
32793,YNR035C YMR241W,1.0,NA,0.9910207390785217,829,268,30773,2021,0.932459945118173,0.7556973564266181,0.2908771929824561,0.008633742469636932,0.9913662575303631
32794,YNL070W YDR150W,1.0,NA,0.9910284876823425,828,268,30773,2022,0.9324304387595527,0.7554744525547445,0.2905263157894737,0.008633742469636932,0.9913662575303631
32795,YNL079C YJR065C,1.0,NA,0.9910460114479065,827,268,30773,2023,0.9324009324009324,0.7552511415525114,0.29017543859649125,0.008633742469636932,0.9913662575303631
32796,YDL002C YOL001W,0.0,NA,0.9910469651222229,827,267,30774,2023,0.9324304387595527,0.7559414990859232,0.29017543859649125,0.008601527012660674,0.9913984729873393
32797,YEL034W YMR081C,0.0,NA,0.9910655617713928,827,266,30775,2023,0.932459945118173,0.7566331198536139,0.29017543859649125,0.008569311555684418,0.9914306884443156
32798,YPL098C YMR241W,1.0,NA,0.9910810589790344,826,266,30775,2024,0.9324304387595527,0.7564102564102564,0.28982456140350876,0.008569311555684418,0.9914306884443156
32799,YBR110W YKL127W,0.0,NA,0.991134762763977,826,265,30776,2024,0.932459945118173,0.7571035747021082,0.28982456140350876,0.00853709609870816,0.9914629039012919
32800,YBR192W YIL051C,1.0,NA,0.9911438226699829,825,265,30776,2025,0.9324304387595527,0.7568807339449541,0.2894736842105263,0.00853709609870816,0.9914629039012919
32801,YDR296W YGR181W,1.0,NA,0.9911837577819824,824,265,30776,2026,0.9324009324009324,0.7566574839302111,0.28912280701754384,0.00853709609870816,0.9914629039012919
32802,YNL310C YGR181W,1.0,NA,0.991195797920227,823,265,30776,2027,0.9323714260423122,0.7564338235294118,0.2887719298245614,0.00853709609870816,0.9914629039012919
32803,YDR517W YIR006C,0.0,NA,0.9911976456642151,823,264,30777,2027,0.9324009324009324,0.7571297148114076,0.2887719298245614,0.008504880641731903,0.9914951193582681
32804,YHR031C YJL063C,1.0,NA,0.9912018775939941,822,264,30777,2028,0.9323714260423122,0.7569060773480663,0.28842105263157897,0.008504880641731903,0.9914951193582681
32805,YML058W YGL020C,1.0,NA,0.9912097454071045,821,264,30777,2029,0.9323419196836918,0.7566820276497696,0.2880701754385965,0.008504880641731903,0.9914951193582681
32806,YDR272W YLR378C,0.0,NA,0.9912136197090149,821,263,30778,2029,0.9323714260423122,0.757380073800738,0.2880701754385965,0.008472665184755646,0.9915273348152444
32807,YKR042W YOR211C,1.0,NA,0.9912192225456238,820,263,30778,2030,0.9323419196836918,0.7571560480147738,0.28771929824561404,0.008472665184755646,0.9915273348152444
32808,YPL098C YMR060C,1.0,NA,0.9912216663360596,819,263,30778,2031,0.9323124133250715,0.7569316081330869,0.2873684210526316,0.008472665184755646,0.9915273348152444
32809,YFL039C YOR266W,1.0,NA,0.9912418127059937,818,263,30778,2032,0.9322829069664512,0.7567067530064755,0.2870175438596491,0.008472665184755646,0.9915273348152444
32810,YJR065C YPR125W,1.0,NA,0.9912557601928711,817,263,30778,2033,0.932253400607831,0.7564814814814815,0.2866666666666667,0.008472665184755646,0.9915273348152444
32811,YHR194W YMR072W,1.0,NA,0.9912749528884888,816,263,30778,2034,0.9322238942492107,0.7562557924003707,0.2863157894736842,0.008472665184755646,0.9915273348152444
32812,YKL196C YIL150C,0.0,NA,0.9913286566734314,816,262,30779,2034,0.932253400607831,0.7569573283858998,0.2863157894736842,0.008440449727779388,0.9915595502722206
32813,YKL164C YLR438W,0.0,NA,0.9913729429244995,816,261,30780,2034,0.9322829069664512,0.7576601671309192,0.2863157894736842,0.008408234270803132,0.9915917657291968
32814,YGL055W YLR370C,1.0,NA,0.9914132356643677,815,261,30780,2035,0.932253400607831,0.7574349442379182,0.28596491228070176,0.008408234270803132,0.9915917657291968
32815,YOR326W YDL217C,1.0,NA,0.9914239048957825,814,261,30780,2036,0.9322238942492107,0.7572093023255814,0.2856140350877193,0.008408234270803132,0.9915917657291968
32816,YBR091C YMR241W,1.0,NA,0.9914340972900391,813,261,30780,2037,0.9321943878905904,0.7569832402234636,0.28526315789473683,0.008408234270803132,0.9915917657291968
32817,YDR150W YBR179C,1.0,NA,0.9914839863777161,812,261,30780,2038,0.9321648815319702,0.7567567567567568,0.2849122807017544,0.008408234270803132,0.9915917657291968
32818,YPL029W YGR141W,0.0,NA,0.9915018081665039,812,260,30781,2038,0.9321943878905904,0.7574626865671642,0.2849122807017544,0.008376018813826875,0.9916239811861731
32819,YPR024W YER154W,1.0,NA,0.9915111660957336,811,260,30781,2039,0.9321648815319702,0.7572362278244631,0.2845614035087719,0.008376018813826875,0.9916239811861731
32820,YNR035C YKR042W,1.0,NA,0.9915205836296082,810,260,30781,2040,0.9321353751733499,0.7570093457943925,0.28421052631578947,0.008376018813826875,0.9916239811861731
32821,YOR211C YNL066W,1.0,NA,0.9915267825126648,809,260,30781,2041,0.9321058688147296,0.7567820392890552,0.28385964912280703,0.008376018813826875,0.9916239811861731
32822,YNL079C YOR266W,1.0,NA,0.9915438890457153,808,260,30781,2042,0.9320763624561093,0.7565543071161048,0.28350877192982454,0.008376018813826875,0.9916239811861731
32823,YDL006W YPR131C,1.0,NA,0.9915448427200317,807,260,30781,2043,0.932046856097489,0.7563261480787254,0.2831578947368421,0.008376018813826875,0.9916239811861731
32824,YOR266W YHR083W,1.0,NA,0.9915544390678406,806,260,30781,2044,0.9320173497388687,0.7560975609756098,0.2828070175438597,0.008376018813826875,0.9916239811861731
32825,YNL121C YLL013C,1.0,NA,0.9915818572044373,805,260,30781,2045,0.9319878433802484,0.755868544600939,0.2824561403508772,0.008376018813826875,0.9916239811861731
32826,YDR296W YLR368W,1.0,NA,0.9915981292724609,804,260,30781,2046,0.9319583370216281,0.7556390977443609,0.28210526315789475,0.008376018813826875,0.9916239811861731
32827,YNL079C YLL013C,1.0,NA,0.9916029572486877,803,260,30781,2047,0.9319288306630079,0.7554092191909689,0.28175438596491226,0.008376018813826875,0.9916239811861731
32828,YNL121C YML091C,1.0,NA,0.9916063547134399,802,260,30781,2048,0.9318993243043876,0.7551789077212806,0.2814035087719298,0.008376018813826875,0.9916239811861731
32829,YBR179C YDL217C,1.0,NA,0.9916138648986816,801,260,30781,2049,0.9318698179457673,0.7549481621112158,0.2810526315789474,0.008376018813826875,0.9916239811861731
32830,YNL121C YIL065C,1.0,NA,0.9916316866874695,800,260,30781,2050,0.9318403115871471,0.7547169811320755,0.2807017543859649,0.008376018813826875,0.9916239811861731
32831,YNL026W YBR192W,1.0,NA,0.9916342496871948,799,260,30781,2051,0.9318108052285268,0.7544853635505193,0.28035087719298246,0.008376018813826875,0.9916239811861731
32832,YOL095C YHR083W,1.0,NA,0.991641640663147,798,260,30781,2052,0.9317812988699065,0.7542533081285444,0.28,0.008376018813826875,0.9916239811861731
32833,YJL031C YNL104C,0.0,NA,0.9916630983352661,798,259,30782,2052,0.9318108052285268,0.7549668874172185,0.28,0.008343803356850617,0.9916561966431494
32834,YBR179C YOR211C,1.0,NA,0.991672933101654,797,259,30782,2053,0.9317812988699065,0.7547348484848485,0.27964912280701754,0.008343803356850617,0.9916561966431494
32835,YNL213C YBR234C,1.0,NA,0.9916812777519226,796,259,30782,2054,0.9317517925112861,0.7545023696682465,0.2792982456140351,0.008343803356850617,0.9916561966431494
32836,YKL053C-A YCR028C-A,1.0,NA,0.9916940331459045,795,259,30782,2055,0.931722286152666,0.75426944971537,0.2789473684210526,0.008343803356850617,0.9916561966431494
32837,YJR135W-A YDR219C,1.0,NA,0.9916986227035522,794,259,30782,2056,0.9316927797940456,0.7540360873694207,0.2785964912280702,0.008343803356850617,0.9916561966431494
32838,YMR168C YBR200W,0.0,NA,0.9917144179344177,794,258,30783,2056,0.931722286152666,0.7547528517110266,0.2785964912280702,0.00831158789987436,0.9916884121001256
32839,YLR229C YOR247W,0.0,NA,0.9917205572128296,794,257,30784,2056,0.9317517925112861,0.7554709800190295,0.2785964912280702,0.008279372442898102,0.9917206275571019
32840,YGL055W YMR060C,1.0,NA,0.9917214512825012,793,257,30784,2057,0.931722286152666,0.7552380952380953,0.27824561403508774,0.008279372442898102,0.9917206275571019
32841,YDL040C YNR032W,0.0,NA,0.9917520880699158,793,256,30785,2057,0.9317517925112861,0.7559580552907531,0.27824561403508774,0.008247156985921844,0.9917528430140782
32842,YNL079C YMR060C,1.0,NA,0.9917678833007812,792,256,30785,2058,0.931722286152666,0.7557251908396947,0.27789473684210525,0.008247156985921844,0.9917528430140782
32843,YDR131C YLR011W,0.0,NA,0.991776704788208,792,255,30786,2058,0.9317517925112861,0.7564469914040115,0.27789473684210525,0.008214941528945589,0.9917850584710544
32844,YDL142C YLL013C,1.0,NA,0.9917768239974976,791,255,30786,2059,0.931722286152666,0.7562141491395793,0.2775438596491228,0.008214941528945589,0.9917850584710544
32845,YMR097C YPR139C,0.0,NA,0.991830050945282,791,254,30787,2059,0.9317517925112861,0.7569377990430622,0.2775438596491228,0.008182726071969331,0.9918172739280307
32846,YOR037W YLL006W,1.0,NA,0.9918349981307983,790,254,30787,2060,0.931722286152666,0.7567049808429118,0.2771929824561403,0.008182726071969331,0.9918172739280307
32847,YHR068W YIL156W,0.0,NA,0.9918522238731384,790,253,30788,2060,0.9317517925112861,0.7574304889741131,0.2771929824561403,0.008150510614993074,0.9918494893850069
32848,YIL051C YIL065C,1.0,NA,0.9918814301490784,789,253,30788,2061,0.931722286152666,0.7571976967370442,0.2768421052631579,0.008150510614993074,0.9918494893850069
32849,YIL115C YLR195C,0.0,NA,0.9919149875640869,789,252,30789,2061,0.9317517925112861,0.7579250720461095,0.2768421052631579,0.008118295158016816,0.9918817048419832
32850,YOR299W YNL108C,0.0,NA,0.991917073726654,789,251,30790,2061,0.9317812988699065,0.7586538461538461,0.2768421052631579,0.008086079701040558,0.9919139202989594
32851,YBR142W YCR093W,0.0,NA,0.9919300675392151,789,250,30791,2061,0.9318108052285268,0.7593840230991338,0.2768421052631579,0.008053864244064303,0.9919461357559357
32852,YBR298C YGR188C,0.0,NA,0.9919312596321106,789,249,30792,2061,0.9318403115871471,0.7601156069364162,0.2768421052631579,0.008021648787088045,0.991978351212912
32853,YJL063C YMR211W,1.0,NA,0.9919419288635254,788,249,30792,2062,0.9318108052285268,0.759884281581485,0.27649122807017545,0.008021648787088045,0.991978351212912
32854,YFL036W YIL065C,1.0,NA,0.9919443130493164,787,249,30792,2063,0.9317812988699065,0.7596525096525096,0.27614035087719296,0.008021648787088045,0.991978351212912
32855,YMR060C YNL066W,1.0,NA,0.9919468760490417,786,249,30792,2064,0.9317517925112861,0.7594202898550725,0.27578947368421053,0.008021648787088045,0.991978351212912
32856,YOR037W YLR370C,1.0,NA,0.9919559955596924,785,249,30792,2065,0.931722286152666,0.7591876208897486,0.2754385964912281,0.008021648787088045,0.991978351212912
32857,YBR154C YJL140W,0.0,NA,0.9919570684432983,785,248,30793,2065,0.9317517925112861,0.7599225556631172,0.2754385964912281,0.007989433330111788,0.9920105666698882
32858,YDR219C YGR101W,1.0,NA,0.9919798374176025,784,248,30793,2066,0.931722286152666,0.7596899224806202,0.2750877192982456,0.007989433330111788,0.9920105666698882
32859,YNL026W YHR194W,1.0,NA,0.9919798374176025,783,248,30793,2067,0.9316927797940456,0.7594568380213385,0.27473684210526317,0.007989433330111788,0.9920105666698882
32860,YOR037W YJL112W,1.0,NA,0.9919822812080383,782,248,30793,2068,0.9316632734354253,0.7592233009708738,0.2743859649122807,0.007989433330111788,0.9920105666698882
32861,YHR083W YBR091C,1.0,NA,0.9919931888580322,781,248,30793,2069,0.931633767076805,0.7589893100097181,0.27403508771929824,0.007989433330111788,0.9920105666698882
32862,YMR168C YBR188C,0.0,NA,0.9919949769973755,781,247,30794,2069,0.9316632734354253,0.7597276264591439,0.27403508771929824,0.00795721787313553,0.9920427821268645
32863,YJR065C YNL310C,1.0,NA,0.9920024871826172,780,247,30794,2070,0.931633767076805,0.759493670886076,0.2736842105263158,0.00795721787313553,0.9920427821268645
32864,YHR042W YHR152W,0.0,NA,0.9920178651809692,780,246,30795,2070,0.9316632734354253,0.7602339181286549,0.2736842105263158,0.007925002416159272,0.9920749975838408
32865,YDR150W YCR028C-A,1.0,NA,0.9920607805252075,779,246,30795,2071,0.931633767076805,0.76,0.2733333333333333,0.007925002416159272,0.9920749975838408
32866,YOR322C YBL098W,0.0,NA,0.9921249747276306,779,245,30796,2071,0.9316632734354253,0.7607421875,0.2733333333333333,0.007892786959183017,0.992107213040817
32867,YCR028C-A YOR330C,1.0,NA,0.9921332597732544,778,245,30796,2072,0.931633767076805,0.7605083088954057,0.2729824561403509,0.007892786959183017,0.992107213040817
32868,YHR031C YBR179C,1.0,NA,0.9921402335166931,777,245,30796,2073,0.9316042607181848,0.7602739726027398,0.27263157894736845,0.007892786959183017,0.992107213040817
32869,YLL006W YOR211C,1.0,NA,0.992149829864502,776,245,30796,2074,0.9315747543595645,0.7600391772771793,0.27228070175438596,0.007892786959183017,0.992107213040817
32870,YBR212W YNL066W,1.0,NA,0.992155909538269,775,245,30796,2075,0.9315452480009442,0.7598039215686274,0.2719298245614035,0.007892786959183017,0.992107213040817
32871,YLR350W YER012W,0.0,NA,0.9921601414680481,775,244,30797,2075,0.9315747543595645,0.760549558390579,0.2719298245614035,0.007860571502206759,0.9921394284977932
32872,YPR083W YML091C,1.0,NA,0.9921695590019226,774,244,30797,2076,0.9315452480009442,0.7603143418467584,0.27157894736842103,0.007860571502206759,0.9921394284977932
32873,YBR192W YPR131C,1.0,NA,0.9921733140945435,773,244,30797,2077,0.9315157416423239,0.76007866273353,0.2712280701754386,0.007860571502206759,0.9921394284977932
32874,YOR198C YJR005W,0.0,NA,0.992197573184967,773,243,30798,2077,0.9315452480009442,0.7608267716535433,0.2712280701754386,0.007828356045230501,0.9921716439547695
32875,YDL174C YHR200W,0.0,NA,0.9921995997428894,773,242,30799,2077,0.9315747543595645,0.761576354679803,0.2712280701754386,0.007796140588254245,0.9922038594117457
32876,YKL013C YJL112W,1.0,NA,0.9922113418579102,772,242,30799,2078,0.9315452480009442,0.7613412228796844,0.27087719298245616,0.007796140588254245,0.9922038594117457
32877,YJR065C YOL076W,1.0,NA,0.9922237396240234,771,242,30799,2079,0.9315157416423239,0.7611056268509379,0.27052631578947367,0.007796140588254245,0.9922038594117457
32878,YOR163W YOL103W,0.0,NA,0.9922309517860413,771,241,30800,2079,0.9315452480009442,0.7618577075098815,0.27052631578947367,0.007763925131277987,0.992236074868722
32879,YDR077W YGR181W,1.0,NA,0.9922618865966797,770,241,30800,2080,0.9315157416423239,0.76162215628091,0.27017543859649124,0.007763925131277987,0.992236074868722
32880,YOR326W YLR370C,1.0,NA,0.9922631978988647,769,241,30800,2081,0.9314862352837037,0.7613861386138614,0.26982456140350874,0.007763925131277987,0.992236074868722
32881,YDR150W YER154W,1.0,NA,0.9922688603401184,768,241,30800,2082,0.9314567289250834,0.7611496531219029,0.2694736842105263,0.007763925131277987,0.992236074868722
32882,YKL053C-A YGR101W,1.0,NA,0.9922730326652527,767,241,30800,2083,0.931427222566463,0.7609126984126984,0.2691228070175439,0.007763925131277987,0.992236074868722
32883,YJL063C YKR042W,1.0,NA,0.9922857284545898,766,241,30800,2084,0.9313977162078428,0.7606752730883813,0.2687719298245614,0.007763925131277987,0.992236074868722
32884,YFL039C YHR083W,1.0,NA,0.9923070073127747,765,241,30800,2085,0.9313682098492225,0.7604373757455268,0.26842105263157895,0.007763925131277987,0.992236074868722
32885,YDL019C YKL192C,0.0,NA,0.992321789264679,765,240,30801,2085,0.9313977162078428,0.7611940298507462,0.26842105263157895,0.00773170967430173,0.9922682903256983
32886,YOL095C YOL027C,1.0,NA,0.9923450350761414,764,240,30801,2086,0.9313682098492225,0.7609561752988048,0.2680701754385965,0.00773170967430173,0.9922682903256983
32887,YOR266W YER154W,1.0,NA,0.9923496842384338,763,240,30801,2087,0.9313387034906022,0.7607178464606181,0.267719298245614,0.00773170967430173,0.9922682903256983
32888,YER122C YGR145W,0.0,NA,0.9923509955406189,763,239,30802,2087,0.9313682098492225,0.7614770459081837,0.267719298245614,0.007699494217325473,0.9923005057826745
32889,YMR302C YOR266W,1.0,NA,0.9923684000968933,762,239,30802,2088,0.9313387034906022,0.7612387612387612,0.2673684210526316,0.007699494217325473,0.9923005057826745
32890,YNL070W YPR083W,1.0,NA,0.9923721551895142,761,239,30802,2089,0.9313091971319819,0.761,0.2670175438596491,0.007699494217325473,0.9923005057826745
32891,YHR031C YOR266W,1.0,NA,0.9923785924911499,760,239,30802,2090,0.9312796907733617,0.7607607607607607,0.26666666666666666,0.007699494217325473,0.9923005057826745
32892,YHR083W YOR211C,1.0,NA,0.9924240112304688,759,239,30802,2091,0.9312501844147414,0.7605210420841684,0.26631578947368423,0.007699494217325473,0.9923005057826745
32893,YNR035C YGL219C,1.0,NA,0.9924303889274597,758,239,30802,2092,0.9312206780561211,0.7602808425275828,0.26596491228070174,0.007699494217325473,0.9923005057826745
32894,YCR009C YAR007C,0.0,NA,0.9924848675727844,758,238,30803,2092,0.9312501844147414,0.7610441767068273,0.26596491228070174,0.0076672787603492155,0.9923327212396508
32895,YER154W YOR211C,1.0,NA,0.9924917817115784,757,238,30803,2093,0.9312206780561211,0.7608040201005025,0.2656140350877193,0.0076672787603492155,0.9923327212396508
32896,YGL025C YBR218C,0.0,NA,0.992540180683136,757,237,30804,2093,0.9312501844147414,0.761569416498994,0.2656140350877193,0.007635063303372958,0.9923649366966271
32897,YGL087C YDR272W,0.0,NA,0.992555558681488,757,236,30805,2093,0.9312796907733617,0.7623363544813696,0.2656140350877193,0.007602847846396701,0.9923971521536032
32898,YPL040C YPR031W,0.0,NA,0.9925877451896667,757,235,30806,2093,0.9313091971319819,0.7631048387096774,0.2656140350877193,0.007570632389420444,0.9924293676105795
32899,YKL054C YGL190C,0.0,NA,0.9925879836082458,757,234,30807,2093,0.9313387034906022,0.763874873864783,0.2656140350877193,0.007538416932444187,0.9924615830675558
32900,YJR120W YIL062C,1.0,NA,0.99261474609375,756,234,30807,2094,0.9313091971319819,0.7636363636363637,0.26526315789473687,0.007538416932444187,0.9924615830675558
32901,YCR028C-A YER154W,1.0,NA,0.9926270842552185,755,234,30807,2095,0.9312796907733617,0.7633973710819009,0.2649122807017544,0.007538416932444187,0.9924615830675558
32902,YMR256C YOR358W,0.0,NA,0.9926478862762451,755,233,30808,2095,0.9313091971319819,0.7641700404858299,0.2649122807017544,0.0075062014754679295,0.9924937985245321
32903,YFL039C YOR330C,1.0,NA,0.9926527738571167,754,233,30808,2096,0.9312796907733617,0.7639311043566362,0.26456140350877194,0.0075062014754679295,0.9924937985245321
32904,YOR054C YKL015W,0.0,NA,0.9926978945732117,754,232,30809,2096,0.9313091971319819,0.7647058823529411,0.26456140350877194,0.007473986018491672,0.9925260139815083
32905,YBR212W YNL121C,1.0,NA,0.9927206039428711,753,232,30809,2097,0.9312796907733617,0.7644670050761422,0.26421052631578945,0.007473986018491672,0.9925260139815083
32906,YMR032W YPR103W,0.0,NA,0.9927378296852112,753,231,30810,2097,0.9313091971319819,0.7652439024390244,0.26421052631578945,0.007441770561515415,0.9925582294384846
32907,YLR355C YNL079C,1.0,NA,0.992750883102417,752,231,30810,2098,0.9312796907733617,0.7650050864699899,0.263859649122807,0.007441770561515415,0.9925582294384846
32908,YJR065C YJR135W-A,1.0,NA,0.9927761554718018,751,231,30810,2099,0.9312501844147414,0.7647657841140529,0.2635087719298246,0.007441770561515415,0.9925582294384846
32909,YIL138C YBR234C,1.0,NA,0.9927951693534851,750,231,30810,2100,0.9312206780561211,0.764525993883792,0.2631578947368421,0.007441770561515415,0.9925582294384846
32910,YNR020C YPL154C,0.0,NA,0.9928487539291382,750,230,30811,2100,0.9312501844147414,0.7653061224489796,0.2631578947368421,0.007409555104539158,0.9925904448954609
32911,YGL055W YKL013C,1.0,NA,0.9928532242774963,749,230,30811,2101,0.9312206780561211,0.7650663942798774,0.26280701754385966,0.007409555104539158,0.9925904448954609
32912,YDR004W YPR066W,0.0,NA,0.9928888082504272,749,229,30812,2101,0.9312501844147414,0.7658486707566462,0.26280701754385966,0.007377339647562901,0.9926226603524371
32913,YOL060C YLL013C,1.0,NA,0.992913544178009,748,229,30812,2102,0.9312206780561211,0.7656090071647902,0.2624561403508772,0.007377339647562901,0.9926226603524371
32914,YOL095C YKL013C,1.0,NA,0.9929234981536865,747,229,30812,2103,0.9311911716975008,0.7653688524590164,0.26210526315789473,0.007377339647562901,0.9926226603524371
32915,YGL139W YOR371C,0.0,NA,0.9929829835891724,747,228,30813,2103,0.9312206780561211,0.7661538461538462,0.26210526315789473,0.0073451241905866434,0.9926548758094134
32916,YGL005C YDL194W,0.0,NA,0.9929928779602051,747,227,30814,2103,0.9312501844147414,0.7669404517453798,0.26210526315789473,0.007312908733610386,0.9926870912663897
32917,YGR254W YLR212C,0.0,NA,0.9930236339569092,747,226,30815,2103,0.9312796907733617,0.7677286742034943,0.26210526315789473,0.007280693276634129,0.9927193067233658
32918,YLR368W YOR266W,1.0,NA,0.9930649399757385,746,226,30815,2104,0.9312501844147414,0.7674897119341564,0.2617543859649123,0.007280693276634129,0.9927193067233658
32919,YLR079W YDR288W,0.0,NA,0.9930817484855652,746,225,30816,2104,0.9312796907733617,0.768280123583934,0.2617543859649123,0.007248477819657872,0.9927515221803421
32920,YBR234C YIL065C,1.0,NA,0.9931000471115112,745,225,30816,2105,0.9312501844147414,0.7680412371134021,0.2614035087719298,0.007248477819657872,0.9927515221803421
32921,YNL026W YKL053C-A,1.0,NA,0.9931036829948425,744,225,30816,2106,0.9312206780561211,0.7678018575851393,0.26105263157894737,0.007248477819657872,0.9927515221803421
32922,YNR035C YIL051C,1.0,NA,0.9931097030639648,743,225,30816,2107,0.9311911716975008,0.7675619834710744,0.26070175438596493,0.007248477819657872,0.9927515221803421
32923,YNL079C YPL098C,1.0,NA,0.9931402802467346,742,225,30816,2108,0.9311616653388806,0.7673216132368149,0.26035087719298244,0.007248477819657872,0.9927515221803421
32924,YOR037W YLR304C,1.0,NA,0.99314284324646,741,225,30816,2109,0.9311321589802602,0.7670807453416149,0.26,0.007248477819657872,0.9927515221803421
32925,YOR326W YLL006W,1.0,NA,0.9931501746177673,740,225,30816,2110,0.9311026526216399,0.7668393782383419,0.2596491228070175,0.007248477819657872,0.9927515221803421
32926,YER083C YNL071W,0.0,NA,0.9931609630584717,740,224,30817,2110,0.9311321589802602,0.7676348547717843,0.2596491228070175,0.007216262362681615,0.9927837376373184
32927,YOR037W YIL051C,1.0,NA,0.993182361125946,739,224,30817,2111,0.9311026526216399,0.7673935617860852,0.2592982456140351,0.007216262362681615,0.9927837376373184
32928,YFL039C YLR370C,1.0,NA,0.9931918978691101,738,224,30817,2112,0.9310731462630197,0.7671517671517671,0.25894736842105265,0.007216262362681615,0.9927837376373184
32929,YGL145W YDR127W,0.0,NA,0.9932195544242859,738,223,30818,2112,0.9311026526216399,0.7679500520291364,0.25894736842105265,0.007184046905705357,0.9928159530942946
32930,YHR053C YDL197C,0.0,NA,0.9932422041893005,738,222,30819,2112,0.9311321589802602,0.76875,0.25894736842105265,0.0071518314487291,0.9928481685512709
32931,YJL184W YDR147W,0.0,NA,0.9932424426078796,738,221,30820,2112,0.9311616653388806,0.7695516162669447,0.25894736842105265,0.007119615991752843,0.9928803840082472
32932,YCR042C YIR001C,0.0,NA,0.9932429194450378,738,220,30821,2112,0.9311911716975008,0.7703549060542797,0.25894736842105265,0.007087400534776586,0.9929125994652234
32933,YDL217C YMR211W,1.0,NA,0.993263304233551,737,220,30821,2113,0.9311616653388806,0.7701149425287356,0.25859649122807016,0.007087400534776586,0.9929125994652234
32934,YLR355C YIL062C,1.0,NA,0.9932644367218018,736,220,30821,2114,0.9311321589802602,0.7698744769874477,0.2582456140350877,0.007087400534776586,0.9929125994652234
32935,YMR072W YOR330C,1.0,NA,0.9932714104652405,735,220,30821,2115,0.9311026526216399,0.7696335078534031,0.2578947368421053,0.007087400534776586,0.9929125994652234
32936,YJL063C YPR083W,1.0,NA,0.9932852983474731,734,220,30821,2116,0.9310731462630197,0.7693920335429769,0.2575438596491228,0.007087400534776586,0.9929125994652234
32937,YOL060C YNL310C,1.0,NA,0.993308424949646,733,220,30821,2117,0.9310436399043994,0.7691500524658972,0.25719298245614036,0.007087400534776586,0.9929125994652234
32938,YLR304C YOL076W,1.0,NA,0.9933185577392578,732,220,30821,2118,0.9310141335457791,0.7689075630252101,0.25684210526315787,0.007087400534776586,0.9929125994652234
32939,YJR135W-A YOL060C,1.0,NA,0.9933187961578369,731,220,30821,2119,0.9309846271871588,0.768664563617245,0.25649122807017544,0.007087400534776586,0.9929125994652234
32940,YBR192W YHR120W,1.0,NA,0.9933313727378845,730,220,30821,2120,0.9309551208285386,0.7684210526315789,0.256140350877193,0.007087400534776586,0.9929125994652234
32941,YGL219C YGR181W,1.0,NA,0.9933486580848694,729,220,30821,2121,0.9309256144699183,0.768177028451001,0.2557894736842105,0.007087400534776586,0.9929125994652234
32942,YFL036W YOR211C,1.0,NA,0.9933502078056335,728,220,30821,2122,0.930896108111298,0.7679324894514767,0.2554385964912281,0.007087400534776586,0.9929125994652234
32943,YNL121C YOR266W,1.0,NA,0.9933571219444275,727,220,30821,2123,0.9308666017526777,0.7676874340021119,0.25508771929824564,0.007087400534776586,0.9929125994652234
32944,YFL039C YPR125W,1.0,NA,0.9933688044548035,726,220,30821,2124,0.9308370953940575,0.7674418604651163,0.25473684210526315,0.007087400534776586,0.9929125994652234
32945,YDR219C YNL310C,1.0,NA,0.9933695197105408,725,220,30821,2125,0.9308075890354371,0.7671957671957672,0.2543859649122807,0.007087400534776586,0.9929125994652234
32946,YDL142C YLR304C,1.0,NA,0.9933984279632568,724,220,30821,2126,0.9307780826768168,0.7669491525423728,0.2540350877192982,0.007087400534776586,0.9929125994652234
32947,YDR077W YGR101W,1.0,NA,0.9934148788452148,723,220,30821,2127,0.9307485763181965,0.7667020148462355,0.2536842105263158,0.007087400534776586,0.9929125994652234
32948,YML069W YGR275W,0.0,NA,0.9934155941009521,723,219,30822,2127,0.9307780826768168,0.767515923566879,0.2536842105263158,0.007055185077800329,0.9929448149221997
32949,YBL026W YDR510W,0.0,NA,0.9934355020523071,723,218,30823,2127,0.9308075890354371,0.7683315621679064,0.2536842105263158,0.007022969620824071,0.992977030379176
32950,YLL013C YGR181W,1.0,NA,0.9934366345405579,722,218,30823,2128,0.9307780826768168,0.7680851063829788,0.25333333333333335,0.007022969620824071,0.992977030379176
32951,YMR072W YIL138C,1.0,NA,0.9935030341148376,721,218,30823,2129,0.9307485763181965,0.7678381256656017,0.25298245614035086,0.007022969620824071,0.992977030379176
32952,YHR031C YNL310C,1.0,NA,0.993560791015625,720,218,30823,2130,0.9307190699595763,0.767590618336887,0.25263157894736843,0.007022969620824071,0.992977030379176
32953,YGL119W YDR486C,0.0,NA,0.9935732483863831,720,217,30824,2130,0.9307485763181965,0.768409818569904,0.25263157894736843,0.006990754163847814,0.9930092458361521
32954,YBR049C YBL015W,0.0,NA,0.9935732483863831,720,216,30825,2130,0.9307780826768168,0.7692307692307693,0.25263157894736843,0.006958538706871557,0.9930414612931284
32955,YGL219C YLL013C,1.0,NA,0.9935750365257263,719,216,30825,2131,0.9307485763181965,0.7689839572192514,0.25228070175438594,0.006958538706871557,0.9930414612931284
32956,YMR060C YLL006W,1.0,NA,0.9935815334320068,718,216,30825,2132,0.9307190699595763,0.7687366167023555,0.2519298245614035,0.006958538706871557,0.9930414612931284
32957,YJL063C YLL013C,1.0,NA,0.9936758875846863,717,216,30825,2133,0.930689563600956,0.7684887459807074,0.25157894736842107,0.006958538706871557,0.9930414612931284
32958,YPR083W YFL036W,1.0,NA,0.9936822652816772,716,216,30825,2134,0.9306600572423357,0.7682403433476395,0.2512280701754386,0.006958538706871557,0.9930414612931284
32959,YDR219C YML091C,1.0,NA,0.9936869740486145,715,216,30825,2135,0.9306305508837155,0.7679914070891515,0.25087719298245614,0.006958538706871557,0.9930414612931284
32960,YIL138C YKL013C,1.0,NA,0.9937026500701904,714,216,30825,2136,0.9306010445250952,0.7677419354838709,0.2505263157894737,0.006958538706871557,0.9930414612931284
32961,YLR368W YJL112W,1.0,NA,0.9937101602554321,713,216,30825,2137,0.9305715381664749,0.767491926803014,0.2501754385964912,0.006958538706871557,0.9930414612931284
32962,YJR065C YNL070W,1.0,NA,0.9937393665313721,712,216,30825,2138,0.9305420318078546,0.7672413793103449,0.24982456140350878,0.006958538706871557,0.9930414612931284
32963,YMR072W YMR012W,1.0,NA,0.9937708973884583,711,216,30825,2139,0.9305125254492344,0.7669902912621359,0.24947368421052632,0.006958538706871557,0.9930414612931284
32964,YLR370C YGR101W,1.0,NA,0.9937751293182373,710,216,30825,2140,0.930483019090614,0.7667386609071274,0.24912280701754386,0.006958538706871557,0.9930414612931284
32965,YDR296W YPR131C,1.0,NA,0.9937775135040283,709,216,30825,2141,0.9304535127319937,0.7664864864864865,0.2487719298245614,0.006958538706871557,0.9930414612931284
32966,YKL053C-A YOL060C,1.0,NA,0.9937776327133179,708,216,30825,2142,0.9304240063733734,0.7662337662337663,0.24842105263157896,0.006958538706871557,0.9930414612931284
32967,YGL150C YDR478W,0.0,NA,0.9938068389892578,708,215,30826,2142,0.9304535127319937,0.7670639219934995,0.24842105263157896,0.0069263232498953,0.9930736767501047
32968,YMR072W YLR370C,1.0,NA,0.9938076138496399,707,215,30826,2143,0.9304240063733734,0.7668112798264642,0.2480701754385965,0.0069263232498953,0.9930736767501047
32969,YHR194W YLR370C,1.0,NA,0.9938096404075623,706,215,30826,2144,0.9303945000147532,0.7665580890336591,0.24771929824561403,0.0069263232498953,0.9930736767501047
32970,YGL048C YKL015W,0.0,NA,0.9938107132911682,706,214,30827,2144,0.9304240063733734,0.7673913043478261,0.24771929824561403,0.006894107792919043,0.993105892207081
32971,YGL219C YDR219C,1.0,NA,0.9938165545463562,705,214,30827,2145,0.9303945000147532,0.7671381936887922,0.24736842105263157,0.006894107792919043,0.993105892207081
32972,YLR095C YPR105C,0.0,NA,0.9938270449638367,705,213,30828,2145,0.9304240063733734,0.7679738562091504,0.24736842105263157,0.006861892335942785,0.9931381076640572
32973,YLR304C YOR330C,1.0,NA,0.993838369846344,704,213,30828,2146,0.9303945000147532,0.7677208287895311,0.24701754385964914,0.006861892335942785,0.9931381076640572
32974,YKR082W YBR021W,0.0,NA,0.9938511848449707,704,212,30829,2146,0.9304240063733734,0.7685589519650655,0.24701754385964914,0.006829676878966528,0.9931703231210335
32975,YMR302C YOL060C,1.0,NA,0.9938600063323975,703,212,30829,2147,0.9303945000147532,0.7683060109289618,0.24666666666666667,0.006829676878966528,0.9931703231210335
32976,YNL079C YNR035C,1.0,NA,0.9938826560974121,702,212,30829,2148,0.9303649936561329,0.7680525164113785,0.2463157894736842,0.006829676878966528,0.9931703231210335
32977,YMR241W YOR211C,1.0,NA,0.993891716003418,701,212,30829,2149,0.9303354872975126,0.7677984665936474,0.24596491228070175,0.006829676878966528,0.9931703231210335
32978,YBR212W YLL013C,1.0,NA,0.9939064383506775,700,212,30829,2150,0.9303059809388924,0.7675438596491229,0.24561403508771928,0.006829676878966528,0.9931703231210335
32979,YBR179C YNL066W,1.0,NA,0.9939404726028442,699,212,30829,2151,0.9302764745802721,0.7672886937431395,0.24526315789473685,0.006829676878966528,0.9931703231210335
32980,YGL020C YLR370C,1.0,NA,0.9939570426940918,698,212,30829,2152,0.9302469682216518,0.7670329670329671,0.2449122807017544,0.006829676878966528,0.9931703231210335
32981,YDL142C YOR211C,1.0,NA,0.9939957857131958,697,212,30829,2153,0.9302174618630314,0.7667766776677668,0.24456140350877192,0.006829676878966528,0.9931703231210335
32982,YJR065C YLR304C,1.0,NA,0.994016170501709,696,212,30829,2154,0.9301879555044112,0.7665198237885462,0.24421052631578946,0.006829676878966528,0.9931703231210335
32983,YOL089C YJR033C,0.0,NA,0.9940713047981262,696,211,30830,2154,0.9302174618630314,0.7673649393605292,0.24421052631578946,0.006797461421990271,0.9932025385780098
32984,YJL063C YPR125W,1.0,NA,0.994085431098938,695,211,30830,2155,0.9301879555044112,0.7671081677704195,0.24385964912280703,0.006797461421990271,0.9932025385780098
32985,YIL062C YBR234C,1.0,NA,0.9940989017486572,694,211,30830,2156,0.9301584491457909,0.7668508287292818,0.24350877192982456,0.006797461421990271,0.9932025385780098
32986,YHR120W YOR266W,1.0,NA,0.9940999150276184,693,211,30830,2157,0.9301289427871706,0.7665929203539823,0.2431578947368421,0.006797461421990271,0.9932025385780098
32987,YLR355C YML058W,1.0,NA,0.9941189289093018,692,211,30830,2158,0.9300994364285503,0.7663344407530454,0.24280701754385964,0.006797461421990271,0.9932025385780098
32988,YOR326W YHR194W,1.0,NA,0.99411940574646,691,211,30830,2159,0.9300699300699301,0.7660753880266076,0.2424561403508772,0.006797461421990271,0.9932025385780098
32989,YDR011W YGR147C,0.0,NA,0.9941207766532898,691,210,30831,2159,0.9300994364285503,0.7669256381798002,0.2424561403508772,0.006765245965014014,0.993234754034986
32990,YNR035C YOL076W,1.0,NA,0.9941266775131226,690,210,30831,2160,0.9300699300699301,0.7666666666666667,0.24210526315789474,0.006765245965014014,0.993234754034986
32991,YBL074C YDR217C,0.0,NA,0.9941413998603821,690,209,30832,2160,0.9300994364285503,0.7675194660734149,0.24210526315789474,0.006733030508037757,0.9932669694919622
32992,YGR065C YER166W,0.0,NA,0.994154155254364,690,208,30833,2160,0.9301289427871706,0.7683741648106904,0.24210526315789474,0.006700815051061499,0.9932991849489385
32993,YER154W YOL076W,1.0,NA,0.9941600561141968,689,208,30833,2161,0.9300994364285503,0.7681159420289855,0.24175438596491228,0.006700815051061499,0.9932991849489385
32994,YDR150W YDR219C,1.0,NA,0.9941868782043457,688,208,30833,2162,0.9300699300699301,0.7678571428571429,0.24140350877192981,0.006700815051061499,0.9932991849489385
32995,YHR120W YIL138C,1.0,NA,0.9942208528518677,687,208,30833,2163,0.9300404237113098,0.7675977653631285,0.24105263157894738,0.006700815051061499,0.9932991849489385
32996,YML058W YML091C,1.0,NA,0.9942530989646912,686,208,30833,2164,0.9300109173526895,0.767337807606264,0.24070175438596492,0.006700815051061499,0.9932991849489385
32997,YPR131C YBR234C,1.0,NA,0.9942572116851807,685,208,30833,2165,0.9299814109940692,0.7670772676371781,0.24035087719298245,0.006700815051061499,0.9932991849489385
32998,YLR370C YDL217C,1.0,NA,0.9942697286605835,684,208,30833,2166,0.929951904635449,0.7668161434977578,0.24,0.006700815051061499,0.9932991849489385
32999,YMR016C YJR064W,0.0,NA,0.9942916631698608,684,207,30834,2166,0.9299814109940692,0.7676767676767676,0.24,0.006668599594085242,0.9933314004059147
33000,YOR032C YBR299W,0.0,NA,0.994292140007019,684,206,30835,2166,0.9300109173526895,0.7685393258426966,0.24,0.006636384137108985,0.993363615862891
33001,YDR386W YLR141W,0.0,NA,0.9942970871925354,684,205,30836,2166,0.9300404237113098,0.7694038245219348,0.24,0.006604168680132728,0.9933958313198673
33002,YGL086W YPL224C,0.0,NA,0.9943161606788635,684,204,30837,2166,0.9300699300699301,0.7702702702702703,0.24,0.006571953223156471,0.9934280467768435
33003,YLR309C YPL057C,0.0,NA,0.9943444728851318,684,203,30838,2166,0.9300994364285503,0.7711386696730552,0.24,0.006539737766180213,0.9934602622338198
33004,YKL053C-A YDR219C,1.0,NA,0.9943552017211914,683,203,30838,2167,0.9300699300699301,0.7708803611738149,0.23964912280701756,0.006539737766180213,0.9934602622338198
33005,YHR194W YOR266W,1.0,NA,0.9943888783454895,682,203,30838,2168,0.9300404237113098,0.7706214689265537,0.2392982456140351,0.006539737766180213,0.9934602622338198
33006,YKL175W YFL045C,0.0,NA,0.9943923354148865,682,202,30839,2168,0.9300699300699301,0.7714932126696833,0.2392982456140351,0.006507522309203956,0.9934924776907961
33007,YMR055C YDR379W,0.0,NA,0.9944102168083191,682,201,30840,2168,0.9300994364285503,0.7723669309173273,0.2392982456140351,0.006475306852227699,0.9935246931477723
33008,YMR302C YDR219C,1.0,NA,0.9944568872451782,681,201,30840,2169,0.9300699300699301,0.7721088435374149,0.23894736842105263,0.006475306852227699,0.9935246931477723
33009,YJL189W YNL259C,0.0,NA,0.9944618344306946,681,200,30841,2169,0.9300994364285503,0.7729852440408627,0.23894736842105263,0.006443091395251442,0.9935569086047485
33010,YHR083W YDR077W,1.0,NA,0.9944819211959839,680,200,30841,2170,0.9300699300699301,0.7727272727272727,0.23859649122807017,0.006443091395251442,0.9935569086047485
33011,YOR037W YHR194W,1.0,NA,0.9944851994514465,679,200,30841,2171,0.9300404237113098,0.7724687144482366,0.23824561403508773,0.006443091395251442,0.9935569086047485
33012,YBR080C YOR354C,0.0,NA,0.9945036172866821,679,199,30842,2171,0.9300699300699301,0.7733485193621867,0.23824561403508773,0.006410875938275184,0.9935891240617248
33013,YOL095C YDR077W,1.0,NA,0.9945039749145508,678,199,30842,2172,0.9300404237113098,0.7730900798175598,0.23789473684210527,0.006410875938275184,0.9935891240617248
33014,YBR091C YIL065C,1.0,NA,0.9945106506347656,677,199,30842,2173,0.9300109173526895,0.7728310502283106,0.2375438596491228,0.006410875938275184,0.9935891240617248
33015,YJL034W YGR157W,0.0,NA,0.9945440292358398,677,198,30843,2173,0.9300404237113098,0.7737142857142857,0.2375438596491228,0.006378660481298927,0.993621339518701
33016,YGL219C YOL060C,1.0,NA,0.9945630431175232,676,198,30843,2174,0.9300109173526895,0.7734553775743707,0.23719298245614034,0.006378660481298927,0.993621339518701
33017,YDR296W YPR125W,1.0,NA,0.9945632815361023,675,198,30843,2175,0.9299814109940692,0.7731958762886598,0.23684210526315788,0.006378660481298927,0.993621339518701
33018,YDR296W YPR083W,1.0,NA,0.9945791959762573,674,198,30843,2176,0.929951904635449,0.7729357798165137,0.23649122807017545,0.006378660481298927,0.993621339518701
33019,YDR452W YIL125W,0.0,NA,0.9945926070213318,674,197,30844,2176,0.9299814109940692,0.7738231917336394,0.23649122807017545,0.00634644502432267,0.9936535549756773
33020,YLR370C YCR028C-A,1.0,NA,0.9946069121360779,673,197,30844,2177,0.929951904635449,0.7735632183908046,0.23614035087719298,0.00634644502432267,0.9936535549756773
33021,YNL079C YMR012W,1.0,NA,0.9946619868278503,672,197,30844,2178,0.9299223982768287,0.7733026467203682,0.23578947368421052,0.00634644502432267,0.9936535549756773
33022,YJR016C YER172C,0.0,NA,0.9946915507316589,672,196,30845,2178,0.929951904635449,0.7741935483870968,0.23578947368421052,0.006314229567346413,0.9936857704326536
33023,YBR192W YPR024W,1.0,NA,0.9947093725204468,671,196,30845,2179,0.9299223982768287,0.7739331026528259,0.23543859649122806,0.006314229567346413,0.9936857704326536
33024,YDL193W YHR181W,0.0,NA,0.9947251677513123,671,195,30846,2179,0.929951904635449,0.7748267898383372,0.23543859649122806,0.0062820141103701556,0.9937179858896299
33025,YHR042W YMR270C,0.0,NA,0.9947324991226196,671,194,30847,2179,0.9299814109940692,0.7757225433526012,0.23543859649122806,0.006249798653393898,0.9937502013466061
33026,YER180C YMR079W,0.0,NA,0.9947535991668701,671,193,30848,2179,0.9300109173526895,0.7766203703703703,0.23543859649122806,0.006217583196417641,0.9937824168035824
33027,YGL219C YMR012W,1.0,NA,0.9947763681411743,670,193,30848,2180,0.9299814109940692,0.776361529548088,0.23508771929824562,0.006217583196417641,0.9937824168035824
33028,YBR212W YJL063C,1.0,NA,0.9947829842567444,669,193,30848,2181,0.929951904635449,0.7761020881670534,0.23473684210526316,0.006217583196417641,0.9937824168035824
33029,YIL065C YGR181W,1.0,NA,0.9948248863220215,668,193,30848,2182,0.9299223982768287,0.775842044134727,0.2343859649122807,0.006217583196417641,0.9937824168035824
33030,YKL053C-A YHR120W,1.0,NA,0.9948306679725647,667,193,30848,2183,0.9298928919182083,0.7755813953488372,0.23403508771929823,0.006217583196417641,0.9937824168035824
33031,YHR031C YDL006W,1.0,NA,0.994838297367096,666,193,30848,2184,0.9298633855595881,0.7753201396973225,0.2336842105263158,0.006217583196417641,0.9937824168035824
33032,YBR212W YFL036W,1.0,NA,0.9948493838310242,665,193,30848,2185,0.9298338792009678,0.7750582750582751,0.23333333333333334,0.006217583196417641,0.9937824168035824
33033,YMR184W YGL243W,0.0,NA,0.9948611855506897,665,192,30849,2185,0.9298633855595881,0.7759626604434072,0.23333333333333334,0.006185367739441384,0.9938146322605587
33034,YIL138C YLL006W,1.0,NA,0.9949166774749756,664,192,30849,2186,0.9298338792009678,0.7757009345794392,0.23298245614035087,0.006185367739441384,0.9938146322605587
33035,YDR150W YIL065C,1.0,NA,0.9949181079864502,663,192,30849,2187,0.9298043728423475,0.775438596491228,0.2326315789473684,0.006185367739441384,0.9938146322605587
33036,YPL200W YIL156W,0.0,NA,0.9949216246604919,663,191,30850,2187,0.9298338792009678,0.7763466042154566,0.2326315789473684,0.006153152282465127,0.9938468477175348
33037,YGR221C YJR053W,0.0,NA,0.9949660897254944,663,190,30851,2187,0.9298633855595881,0.7772567409144197,0.2326315789473684,0.0061209368254888695,0.9938790631745111
33038,YFL039C YML091C,1.0,NA,0.9949790835380554,662,190,30851,2188,0.9298338792009678,0.7769953051643192,0.23228070175438598,0.0061209368254888695,0.9938790631745111
33039,YOR326W YMR241W,1.0,NA,0.994998574256897,661,190,30851,2189,0.9298043728423475,0.7767332549941246,0.2319298245614035,0.0061209368254888695,0.9938790631745111
33040,YOL095C YMR012W,1.0,NA,0.9950020909309387,660,190,30851,2190,0.9297748664837272,0.7764705882352941,0.23157894736842105,0.0061209368254888695,0.9938790631745111
33041,YOL095C YLR370C,1.0,NA,0.9950050711631775,659,190,30851,2191,0.929745360125107,0.7762073027090695,0.2312280701754386,0.0061209368254888695,0.9938790631745111
33042,YMR060C YOR330C,1.0,NA,0.9950075149536133,658,190,30851,2192,0.9297158537664867,0.7759433962264151,0.23087719298245615,0.0061209368254888695,0.9938790631745111
33043,YHR194W YMR012W,1.0,NA,0.9950119256973267,657,190,30851,2193,0.9296863474078664,0.7756788665879575,0.2305263157894737,0.0061209368254888695,0.9938790631745111
33044,YBR179C YHR083W,1.0,NA,0.9950219392776489,656,190,30851,2194,0.9296568410492461,0.7754137115839244,0.23017543859649123,0.0061209368254888695,0.9938790631745111
33045,YGL020C YOR211C,1.0,NA,0.9950242638587952,655,190,30851,2195,0.9296273346906259,0.7751479289940828,0.22982456140350876,0.0061209368254888695,0.9938790631745111
33046,YER022W YCR066W,0.0,NA,0.99505215883255,655,189,30852,2195,0.9296568410492461,0.7760663507109005,0.22982456140350876,0.006088721368512612,0.9939112786314874
33047,YJL109C YGR087C,0.0,NA,0.9950679540634155,655,188,30853,2195,0.9296863474078664,0.7769869513641756,0.22982456140350876,0.006056505911536355,0.9939434940884636
33048,YJL054W YIL051C,1.0,NA,0.9950767159461975,654,188,30853,2196,0.9296568410492461,0.7767220902612827,0.2294736842105263,0.006056505911536355,0.9939434940884636
33049,YNL213C YMR211W,1.0,NA,0.9951052665710449,653,188,30853,2197,0.9296273346906259,0.7764565992865636,0.22912280701754387,0.006056505911536355,0.9939434940884636
33050,YBR212W YNL070W,1.0,NA,0.9951274394989014,652,188,30853,2198,0.9295978283320055,0.7761904761904762,0.2287719298245614,0.006056505911536355,0.9939434940884636
33051,YOR037W YDR219C,1.0,NA,0.9951291084289551,651,188,30853,2199,0.9295683219733852,0.7759237187127532,0.22842105263157894,0.006056505911536355,0.9939434940884636
33052,YDR077W YOL076W,1.0,NA,0.9951954483985901,650,188,30853,2200,0.929538815614765,0.7756563245823389,0.22807017543859648,0.006056505911536355,0.9939434940884636
33053,YKL086W YDL042C,0.0,NA,0.9952214360237122,650,187,30854,2200,0.9295683219733852,0.7765830346475507,0.22807017543859648,0.006024290454560098,0.9939757095454399
33054,YHR188C YGR133W,0.0,NA,0.9952465891838074,650,186,30855,2200,0.9295978283320055,0.777511961722488,0.22807017543859648,0.005992074997583841,0.9940079250024162
33055,YHR031C YMR302C,1.0,NA,0.995262861251831,649,186,30855,2201,0.9295683219733852,0.7772455089820359,0.22771929824561404,0.005992074997583841,0.9940079250024162
33056,YNL070W YJR135W-A,1.0,NA,0.9952700734138489,648,186,30855,2202,0.929538815614765,0.7769784172661871,0.22736842105263158,0.005992074997583841,0.9940079250024162
33057,YLR368W YHR194W,1.0,NA,0.9952765703201294,647,186,30855,2203,0.9295093092561447,0.7767106842737095,0.22701754385964912,0.005992074997583841,0.9940079250024162
33058,YFR050C YDR197W,0.0,NA,0.9952774047851562,647,185,30856,2203,0.929538815614765,0.7776442307692307,0.22701754385964912,0.0059598595406075835,0.9940401404593924
33059,YLR304C YFL036W,1.0,NA,0.9952802658081055,646,185,30856,2204,0.9295093092561447,0.7773766546329723,0.22666666666666666,0.0059598595406075835,0.9940401404593924
33060,YKR036C YJR065C,1.0,NA,0.9953029155731201,645,185,30856,2205,0.9294798028975244,0.7771084337349398,0.22631578947368422,0.0059598595406075835,0.9940401404593924
33061,YIL005W YNL071W,0.0,NA,0.9953084588050842,645,184,30857,2205,0.9295093092561447,0.7780458383594693,0.22631578947368422,0.005927644083631326,0.9940723559163687
33062,YCL018W YGL167C,0.0,NA,0.9953235983848572,645,183,30858,2205,0.929538815614765,0.7789855072463768,0.22631578947368422,0.005895428626655069,0.994104571373345
33063,YMR060C YPR125W,1.0,NA,0.9953356385231018,644,183,30858,2206,0.9295093092561447,0.7787182587666264,0.22596491228070176,0.005895428626655069,0.994104571373345
33064,YKL053C-A YLR368W,1.0,NA,0.9953411817550659,643,183,30858,2207,0.9294798028975244,0.7784503631961259,0.2256140350877193,0.005895428626655069,0.994104571373345
33065,YBR212W YJL112W,1.0,NA,0.9953493475914001,642,183,30858,2208,0.9294502965389041,0.7781818181818182,0.22526315789473683,0.005895428626655069,0.994104571373345
33066,YHR031C YDR219C,1.0,NA,0.9953677654266357,641,183,30858,2209,0.9294207901802839,0.7779126213592233,0.2249122807017544,0.005895428626655069,0.994104571373345
33067,YKR036C YBR091C,1.0,NA,0.9953688979148865,640,183,30858,2210,0.9293912838216636,0.7776427703523694,0.22456140350877193,0.005895428626655069,0.994104571373345
33068,YPR024W YLL006W,1.0,NA,0.9953743815422058,639,183,30858,2211,0.9293617774630433,0.7773722627737226,0.22421052631578947,0.005895428626655069,0.994104571373345
33069,YFL048C YDR059C,0.0,NA,0.9953913688659668,639,182,30859,2211,0.9293912838216636,0.7783191230207065,0.22421052631578947,0.005863213169678812,0.9941367868303211
33070,YGR244C YER170W,0.0,NA,0.99540776014328,639,181,30860,2211,0.9294207901802839,0.7792682926829269,0.22421052631578947,0.005830997712702555,0.9941690022872974
33071,YBR234C YOL076W,1.0,NA,0.9954106211662292,638,181,30860,2212,0.9293912838216636,0.778998778998779,0.223859649122807,0.005830997712702555,0.9941690022872974
33072,YDR047W YGL243W,0.0,NA,0.9954118132591248,638,180,30861,2212,0.9294207901802839,0.7799511002444988,0.223859649122807,0.0057987822557262975,0.9942012177442737
33073,YPR024W YML091C,1.0,NA,0.9954246878623962,637,180,30861,2213,0.9293912838216636,0.7796817625458996,0.22350877192982457,0.0057987822557262975,0.9942012177442737
33074,YKR066C YGL120C,0.0,NA,0.9954373240470886,637,179,30862,2213,0.9294207901802839,0.7806372549019608,0.22350877192982457,0.00576656679875004,0.9942334332012499
33075,YHR043C YPL208W,0.0,NA,0.9954402446746826,637,178,30863,2213,0.9294502965389041,0.7815950920245399,0.22350877192982457,0.005734351341773783,0.9942656486582262
33076,YDR219C YPR083W,1.0,NA,0.9954487681388855,636,178,30863,2214,0.9294207901802839,0.7813267813267813,0.2231578947368421,0.005734351341773783,0.9942656486582262
33077,YBR097W YLR383W,0.0,NA,0.9954506754875183,636,177,30864,2214,0.9294502965389041,0.7822878228782287,0.2231578947368421,0.005702135884797526,0.9942978641152025
33078,YBR179C YGR101W,1.0,NA,0.9954654574394226,635,177,30864,2215,0.9294207901802839,0.7820197044334976,0.22280701754385965,0.005702135884797526,0.9942978641152025
33079,YPR024W YHR083W,1.0,NA,0.9954912066459656,634,177,30864,2216,0.9293912838216636,0.781750924784217,0.22245614035087719,0.005702135884797526,0.9942978641152025
33080,YJR135W-A YPR083W,1.0,NA,0.9955073595046997,633,177,30864,2217,0.9293617774630433,0.7814814814814814,0.22210526315789475,0.005702135884797526,0.9942978641152025
33081,YHR194W YOR211C,1.0,NA,0.9955148100852966,632,177,30864,2218,0.929332271104423,0.7812113720642769,0.2217543859649123,0.005702135884797526,0.9942978641152025
33082,YDR005C YAL023C,0.0,NA,0.9955348968505859,632,176,30865,2218,0.9293617774630433,0.7821782178217822,0.2217543859649123,0.005669920427821269,0.9943300795721788
33083,YLR277C YOL093W,0.0,NA,0.9955719709396362,632,175,30866,2218,0.9293912838216636,0.7831474597273854,0.2217543859649123,0.0056377049708450115,0.994362295029155
33084,YPL098C YOL060C,1.0,NA,0.9955778121948242,631,175,30866,2219,0.9293617774630433,0.78287841191067,0.22140350877192982,0.0056377049708450115,0.994362295029155
33085,YNL026W YOL095C,1.0,NA,0.9956063628196716,630,175,30866,2220,0.929332271104423,0.782608695652174,0.22105263157894736,0.0056377049708450115,0.994362295029155
33086,YPR024W YFL036W,1.0,NA,0.9956119060516357,629,175,30866,2221,0.9293027647458028,0.7823383084577115,0.2207017543859649,0.0056377049708450115,0.994362295029155
33087,YOR326W YGL219C,1.0,NA,0.9956142902374268,628,175,30866,2222,0.9292732583871824,0.7820672478206725,0.22035087719298246,0.0056377049708450115,0.994362295029155
33088,YJR152W YOL155C,0.0,NA,0.9956367611885071,628,174,30867,2222,0.9293027647458028,0.7830423940149626,0.22035087719298246,0.005605489513868754,0.9943945104861313
33089,YHR031C YPR024W,1.0,NA,0.9956413507461548,627,174,30867,2223,0.9292732583871824,0.7827715355805244,0.22,0.005605489513868754,0.9943945104861313
33090,YLR055C YNL094W,0.0,NA,0.9956513047218323,627,173,30868,2223,0.9293027647458028,0.78375,0.22,0.005573274056892497,0.9944267259431075
33091,YJL112W YLL013C,1.0,NA,0.9956574440002441,626,173,30868,2224,0.9292732583871824,0.7834793491864831,0.21964912280701754,0.005573274056892497,0.9944267259431075
33092,YGL219C YMR211W,1.0,NA,0.9956592917442322,625,173,30868,2225,0.9292437520285621,0.7832080200501254,0.21929824561403508,0.005573274056892497,0.9944267259431075
33093,YOL045W YLR286C,0.0,NA,0.9956766963005066,625,172,30869,2225,0.9292732583871824,0.7841907151819323,0.21929824561403508,0.00554105859991624,0.9944589414000837
33094,YDR219C YMR012W,1.0,NA,0.9956960678100586,624,172,30869,2226,0.9292437520285621,0.7839195979899497,0.21894736842105264,0.00554105859991624,0.9944589414000837
33095,YMR302C YGL020C,1.0,NA,0.9957088232040405,623,172,30869,2227,0.9292142456699418,0.7836477987421384,0.21859649122807018,0.00554105859991624,0.9944589414000837
33096,YJL054W YFL039C,1.0,NA,0.995719850063324,622,172,30869,2228,0.9291847393113216,0.783375314861461,0.21824561403508771,0.00554105859991624,0.9944589414000837
33097,YKL053C-A YPR083W,1.0,NA,0.9957250356674194,621,172,30869,2229,0.9291552329527013,0.7831021437578815,0.21789473684210525,0.00554105859991624,0.9944589414000837
33098,YEL034W YER026C,0.0,NA,0.995729386806488,621,171,30870,2229,0.9291847393113216,0.7840909090909091,0.21789473684210525,0.005508843142939983,0.99449115685706
33099,YPL154C YLR011W,0.0,NA,0.9957428574562073,621,170,30871,2229,0.9292142456699418,0.7850821744627055,0.21789473684210525,0.0054766276859637255,0.9945233723140363
33100,YJR065C YOR326W,1.0,NA,0.99577796459198,620,170,30871,2230,0.9291847393113216,0.7848101265822784,0.21754385964912282,0.0054766276859637255,0.9945233723140363
33101,YJR017C YCR009C,0.0,NA,0.9957790374755859,620,169,30872,2230,0.9292142456699418,0.7858048162230672,0.21754385964912282,0.005444412228987468,0.9945555877710125
33102,YHR031C YDR296W,1.0,NA,0.9957851767539978,619,169,30872,2231,0.9291847393113216,0.7855329949238579,0.21719298245614035,0.005444412228987468,0.9945555877710125
33103,YLR079W YMR297W,0.0,NA,0.9958017468452454,619,168,30873,2231,0.9292142456699418,0.7865311308767471,0.21719298245614035,0.005412196772011211,0.9945878032279888
33104,YOR266W YGR181W,1.0,NA,0.9958032965660095,618,168,30873,2232,0.9291847393113216,0.7862595419847328,0.2168421052631579,0.005412196772011211,0.9945878032279888
33105,YDR150W YLR370C,1.0,NA,0.9958083629608154,617,168,30873,2233,0.9291552329527013,0.7859872611464969,0.21649122807017543,0.005412196772011211,0.9945878032279888
33106,YMR060C YMR072W,1.0,NA,0.9958121180534363,616,168,30873,2234,0.929125726594081,0.7857142857142857,0.216140350877193,0.005412196772011211,0.9945878032279888
33107,YBR078W YLR353W,0.0,NA,0.9958212375640869,616,167,30874,2234,0.9291552329527013,0.7867177522349936,0.216140350877193,0.005379981315034954,0.9946200186849651
33108,YOR069W YOR179C,0.0,NA,0.9958243370056152,616,166,30875,2234,0.9291847393113216,0.7877237851662404,0.216140350877193,0.005347765858058697,0.9946522341419413
33109,YLL031C YKR089C,0.0,NA,0.9958289265632629,616,165,30876,2234,0.9292142456699418,0.7887323943661971,0.216140350877193,0.0053155504010824394,0.9946844495989176
33110,YHR194W YDR219C,1.0,NA,0.9958314299583435,615,165,30876,2235,0.9291847393113216,0.7884615384615384,0.21578947368421053,0.0053155504010824394,0.9946844495989176
33111,YBR192W YOL060C,1.0,NA,0.9958511590957642,614,165,30876,2236,0.9291552329527013,0.7881899871630296,0.21543859649122807,0.0053155504010824394,0.9946844495989176
33112,YHR194W YDL217C,1.0,NA,0.9958556294441223,613,165,30876,2237,0.929125726594081,0.787917737789203,0.2150877192982456,0.0053155504010824394,0.9946844495989176
33113,YOL060C YOL027C,1.0,NA,0.995868444442749,612,165,30876,2238,0.9290962202354608,0.7876447876447876,0.21473684210526317,0.0053155504010824394,0.9946844495989176
33114,YLL006W YIL065C,1.0,NA,0.9958795309066772,611,165,30876,2239,0.9290667138768405,0.7873711340206185,0.2143859649122807,0.0053155504010824394,0.9946844495989176
33115,YLR355C YBR234C,1.0,NA,0.9958810806274414,610,165,30876,2240,0.9290372075182202,0.7870967741935484,0.21403508771929824,0.0053155504010824394,0.9946844495989176
33116,YHR031C YOR037W,1.0,NA,0.9958934783935547,609,165,30876,2241,0.9290077011595999,0.7868217054263565,0.21368421052631578,0.0053155504010824394,0.9946844495989176
33117,YLR368W YHR083W,1.0,NA,0.9959203004837036,608,165,30876,2242,0.9289781948009797,0.7865459249676585,0.21333333333333335,0.0053155504010824394,0.9946844495989176
33118,YDR098C YMR270C,0.0,NA,0.9959357976913452,608,164,30877,2242,0.9290077011595999,0.7875647668393783,0.21333333333333335,0.005283334944106182,0.9947166650558938
33119,YBR192W YMR241W,1.0,NA,0.9959365129470825,607,164,30877,2243,0.9289781948009797,0.7872892347600519,0.21298245614035088,0.005283334944106182,0.9947166650558938
33120,YNL070W YMR241W,1.0,NA,0.9959422945976257,606,164,30877,2244,0.9289486884423593,0.787012987012987,0.21263157894736842,0.005283334944106182,0.9947166650558938
33121,YMR072W YIL065C,1.0,NA,0.9959633350372314,605,164,30877,2245,0.928919182083739,0.7867360208062418,0.21228070175438596,0.005283334944106182,0.9947166650558938
33122,YMR302C YPR083W,1.0,NA,0.9959741234779358,604,164,30877,2246,0.9288896757251187,0.7864583333333334,0.2119298245614035,0.005283334944106182,0.9947166650558938
33123,YJL112W YDL006W,1.0,NA,0.995976984500885,603,164,30877,2247,0.9288601693664985,0.7861799217731421,0.21157894736842106,0.005283334944106182,0.9947166650558938
33124,YNL041C YGL027C,0.0,NA,0.9959887862205505,603,163,30878,2247,0.9288896757251187,0.7872062663185379,0.21157894736842106,0.005251119487129925,0.99474888051287
33125,YDR425W YDL135C,0.0,NA,0.9960092306137085,603,162,30879,2247,0.928919182083739,0.788235294117647,0.21157894736842106,0.005218904030153668,0.9947810959698463
33126,YKR036C YMR072W,1.0,NA,0.9960238933563232,602,162,30879,2248,0.9288896757251187,0.7879581151832461,0.2112280701754386,0.005218904030153668,0.9947810959698463
33127,YER100W YDR153C,0.0,NA,0.996038556098938,602,161,30880,2248,0.928919182083739,0.7889908256880734,0.2112280701754386,0.00518668857317741,0.9948133114268226
33128,YDR296W YNL066W,1.0,NA,0.9960485100746155,601,161,30880,2249,0.9288896757251187,0.7887139107611548,0.21087719298245614,0.00518668857317741,0.9948133114268226
33129,YGL004C YPR052C,0.0,NA,0.9961065649986267,601,160,30881,2249,0.928919182083739,0.7897503285151117,0.21087719298245614,0.005154473116201153,0.9948455268837988
33130,YCR028C-A YGR181W,1.0,NA,0.9961181879043579,600,160,30881,2250,0.9288896757251187,0.7894736842105263,0.21052631578947367,0.005154473116201153,0.9948455268837988
33131,YJL050W YAL021C,0.0,NA,0.9961269497871399,600,159,30882,2250,0.928919182083739,0.7905138339920948,0.21052631578947367,0.005122257659224896,0.9948777423407751
33132,YKL053C-A YOL027C,1.0,NA,0.9961572289466858,599,159,30882,2251,0.9288896757251187,0.7902374670184696,0.21017543859649124,0.005122257659224896,0.9948777423407751
33133,YFL039C YOL076W,1.0,NA,0.9961666464805603,598,159,30882,2252,0.9288601693664985,0.7899603698811096,0.20982456140350877,0.005122257659224896,0.9948777423407751
33134,YGL055W YJL112W,1.0,NA,0.9961780309677124,597,159,30882,2253,0.9288306630078782,0.7896825396825397,0.2094736842105263,0.005122257659224896,0.9948777423407751
33135,YPL098C YGR101W,1.0,NA,0.9961873888969421,596,159,30882,2254,0.9288011566492579,0.7894039735099337,0.20912280701754385,0.005122257659224896,0.9948777423407751
33136,YDR296W YIL065C,1.0,NA,0.9962040781974792,595,159,30882,2255,0.9287716502906377,0.7891246684350133,0.20877192982456141,0.005122257659224896,0.9948777423407751
33137,YBL058W YCL066W,0.0,NA,0.9962350726127625,595,158,30883,2255,0.9288011566492579,0.7901726427622842,0.20877192982456141,0.005090042202248639,0.9949099577977514
33138,YGL219C YLR304C,1.0,NA,0.9962365031242371,594,158,30883,2256,0.9287716502906377,0.7898936170212766,0.20842105263157895,0.005090042202248639,0.9949099577977514
33139,YLL013C YDR077W,1.0,NA,0.9962430000305176,593,158,30883,2257,0.9287421439320174,0.7896138482023968,0.2080701754385965,0.005090042202248639,0.9949099577977514
33140,YMR297W YKL067W,0.0,NA,0.9962477087974548,593,157,30884,2257,0.9287716502906377,0.7906666666666666,0.2080701754385965,0.005057826745272382,0.9949421732547277
33141,YNR035C YIL065C,1.0,NA,0.9962767958641052,592,157,30884,2258,0.9287421439320174,0.7903871829105474,0.20771929824561403,0.005057826745272382,0.9949421732547277
33142,YKR036C YHR194W,1.0,NA,0.9962856769561768,591,157,30884,2259,0.9287126375733971,0.7901069518716578,0.2073684210526316,0.005057826745272382,0.9949421732547277
33143,YDR093W YJL201W,0.0,NA,0.9962869882583618,591,156,30885,2259,0.9287421439320174,0.7911646586345381,0.2073684210526316,0.005025611288296124,0.9949743887117038
33144,YMR302C YOL095C,1.0,NA,0.9963093400001526,590,156,30885,2260,0.9287126375733971,0.7908847184986595,0.20701754385964913,0.005025611288296124,0.9949743887117038
33145,YGL219C YKL013C,1.0,NA,0.9963111281394958,589,156,30885,2261,0.9286831312147767,0.7906040268456376,0.20666666666666667,0.005025611288296124,0.9949743887117038
33146,YIL062C YPR083W,1.0,NA,0.996316134929657,588,156,30885,2262,0.9286536248561565,0.7903225806451613,0.2063157894736842,0.005025611288296124,0.9949743887117038
33147,YIL062C YCR028C-A,1.0,NA,0.9963284134864807,587,156,30885,2263,0.9286241184975362,0.7900403768506057,0.20596491228070177,0.005025611288296124,0.9949743887117038
33148,YLL013C YBR091C,1.0,NA,0.9963539838790894,586,156,30885,2264,0.9285946121389159,0.7897574123989218,0.2056140350877193,0.005025611288296124,0.9949743887117038
33149,YNL084C YBR280C,0.0,NA,0.9963860511779785,586,155,30886,2264,0.9286241184975362,0.7908232118758435,0.2056140350877193,0.004993395831319867,0.9950066041686801
33150,YNR035C YDL217C,1.0,NA,0.9964041709899902,585,155,30886,2265,0.9285946121389159,0.7905405405405406,0.20526315789473684,0.004993395831319867,0.9950066041686801
33151,YIL138C YCR028C-A,1.0,NA,0.9964094758033752,584,155,30886,2266,0.9285651057802956,0.790257104194858,0.20491228070175438,0.004993395831319867,0.9950066041686801
33152,YDL142C YPR024W,1.0,NA,0.9964646100997925,583,155,30886,2267,0.9285355994216754,0.7899728997289973,0.20456140350877192,0.004993395831319867,0.9950066041686801
33153,YOR266W YDR077W,1.0,NA,0.9964863061904907,582,155,30886,2268,0.9285060930630551,0.7896879240162822,0.20421052631578948,0.004993395831319867,0.9950066041686801
33154,YHR031C YMR241W,1.0,NA,0.9964918494224548,581,155,30886,2269,0.9284765867044348,0.7894021739130435,0.20385964912280702,0.004993395831319867,0.9950066041686801
33155,YJL054W YDL006W,1.0,NA,0.9964961409568787,580,155,30886,2270,0.9284470803458145,0.7891156462585034,0.20350877192982456,0.004993395831319867,0.9950066041686801
33156,YOL095C YHR194W,1.0,NA,0.9965102076530457,579,155,30886,2271,0.9284175739871943,0.7888283378746594,0.2031578947368421,0.004993395831319867,0.9950066041686801
33157,YBL058W YNL241C,0.0,NA,0.9965147376060486,579,154,30887,2271,0.9284470803458145,0.7899045020463847,0.2031578947368421,0.00496118037434361,0.9950388196256564
33158,YDL074C YHR119W,0.0,NA,0.9965294003486633,579,153,30888,2271,0.9284765867044348,0.7909836065573771,0.2031578947368421,0.004928964917367353,0.9950710350826326
33159,YNR035C YBR179C,1.0,NA,0.9965389966964722,578,153,30888,2272,0.9284470803458145,0.7906976744186046,0.20280701754385966,0.004928964917367353,0.9950710350826326
33160,YBR212W YOR326W,1.0,NA,0.9965540170669556,577,153,30888,2273,0.9284175739871943,0.7904109589041096,0.2024561403508772,0.004928964917367353,0.9950710350826326
33161,YIL062C YNR035C,1.0,NA,0.9965617060661316,576,153,30888,2274,0.928388067628574,0.7901234567901234,0.20210526315789473,0.004928964917367353,0.9950710350826326
33162,YNL079C YCR028C-A,1.0,NA,0.9965776801109314,575,153,30888,2275,0.9283585612699536,0.7898351648351648,0.20175438596491227,0.004928964917367353,0.9950710350826326
33163,YBR179C YDR077W,1.0,NA,0.9965807795524597,574,153,30888,2276,0.9283290549113334,0.7895460797799174,0.20140350877192983,0.004928964917367353,0.9950710350826326
33164,YBR212W YDR077W,1.0,NA,0.9965862035751343,573,153,30888,2277,0.9282995485527131,0.7892561983471075,0.20105263157894737,0.004928964917367353,0.9950710350826326
33165,YER048W-A YOR239W,0.0,NA,0.9965920448303223,573,152,30889,2277,0.9283290549113334,0.7903448275862069,0.20105263157894737,0.004896749460391096,0.9951032505396089
33166,YJL054W YBR234C,1.0,NA,0.9966063499450684,572,152,30889,2278,0.9282995485527131,0.7900552486187845,0.2007017543859649,0.004896749460391096,0.9951032505396089
33167,YHR120W YML058W,1.0,NA,0.996649444103241,571,152,30889,2279,0.9282700421940928,0.7897648686030428,0.20035087719298245,0.004896749460391096,0.9951032505396089
33168,YNL026W YCR028C-A,1.0,NA,0.996649444103241,570,152,30889,2280,0.9282405358354725,0.7894736842105263,0.2,0.004896749460391096,0.9951032505396089
33169,YBR109C YGL014W,0.0,NA,0.9966500401496887,570,151,30890,2280,0.9282700421940928,0.7905686546463245,0.2,0.004864534003414838,0.9951354659965852
33170,YBR179C YIL065C,1.0,NA,0.9966729879379272,569,151,30890,2281,0.9282405358354725,0.7902777777777777,0.19964912280701755,0.004864534003414838,0.9951354659965852
33171,YKR042W YBR091C,1.0,NA,0.9966867566108704,568,151,30890,2282,0.9282110294768523,0.7899860917941586,0.19929824561403509,0.004864534003414838,0.9951354659965852
33172,YLR304C YGR181W,1.0,NA,0.9967033267021179,567,151,30890,2283,0.928181523118232,0.7896935933147632,0.19894736842105262,0.004864534003414838,0.9951354659965852
33173,YDR296W YKL013C,1.0,NA,0.9967201352119446,566,151,30890,2284,0.9281520167596117,0.7894002789400278,0.1985964912280702,0.004864534003414838,0.9951354659965852
33174,YOL027C YLL013C,1.0,NA,0.9967215657234192,565,151,30890,2285,0.9281225104009914,0.7891061452513967,0.19824561403508772,0.004864534003414838,0.9951354659965852
33175,YBR212W YML091C,1.0,NA,0.9967281818389893,564,151,30890,2286,0.9280930040423712,0.7888111888111888,0.19789473684210526,0.004864534003414838,0.9951354659965852
33176,YLR147C YBL016W,0.0,NA,0.996746301651001,564,150,30891,2286,0.9281225104009914,0.7899159663865546,0.19789473684210526,0.004832318546438581,0.9951676814535614
33177,YGL005C YOR367W,0.0,NA,0.9967533946037292,564,149,30892,2286,0.9281520167596117,0.791023842917251,0.19789473684210526,0.004800103089462324,0.9951998969105377
33178,YHR031C YDL217C,1.0,NA,0.9967545866966248,563,149,30892,2287,0.9281225104009914,0.7907303370786517,0.1975438596491228,0.004800103089462324,0.9951998969105377
33179,YMR060C YKL013C,1.0,NA,0.9967848062515259,562,149,30892,2288,0.9280930040423712,0.790436005625879,0.19719298245614036,0.004800103089462324,0.9951998969105377
33180,YPR024W YLR370C,1.0,NA,0.9967883825302124,561,149,30892,2289,0.9280634976837508,0.7901408450704225,0.1968421052631579,0.004800103089462324,0.9951998969105377
33181,YLR370C YNL310C,1.0,NA,0.9967947602272034,560,149,30892,2290,0.9280339913251305,0.7898448519040903,0.19649122807017544,0.004800103089462324,0.9951998969105377
33182,YKL053C-A YBR179C,1.0,NA,0.9968132376670837,559,149,30892,2291,0.9280044849665103,0.78954802259887,0.19614035087719298,0.004800103089462324,0.9951998969105377
33183,YPL098C YOR211C,1.0,NA,0.9968165755271912,558,149,30892,2292,0.92797497860789,0.7892503536067893,0.1957894736842105,0.004800103089462324,0.9951998969105377
33184,YIL051C YPR131C,1.0,NA,0.9968320727348328,557,149,30892,2293,0.9279454722492697,0.7889518413597734,0.19543859649122808,0.004800103089462324,0.9951998969105377
33185,YKL013C YMR211W,1.0,NA,0.9968554973602295,556,149,30892,2294,0.9279159658906494,0.7886524822695036,0.19508771929824562,0.004800103089462324,0.9951998969105377
33186,YPL098C YML091C,1.0,NA,0.9968706965446472,555,149,30892,2295,0.9278864595320292,0.7883522727272727,0.19473684210526315,0.004800103089462324,0.9951998969105377
33187,YJR065C YOL095C,1.0,NA,0.9968764781951904,554,149,30892,2296,0.9278569531734089,0.7880512091038406,0.1943859649122807,0.004800103089462324,0.9951998969105377
33188,YLR304C YBR179C,1.0,NA,0.9968776702880859,553,149,30892,2297,0.9278274468147886,0.7877492877492878,0.19403508771929825,0.004800103089462324,0.9951998969105377
33189,YNL070W YGR101W,1.0,NA,0.9968888163566589,552,149,30892,2298,0.9277979404561683,0.7874465049928673,0.1936842105263158,0.004800103089462324,0.9951998969105377
33190,YDR219C YOR330C,1.0,NA,0.996890127658844,551,149,30892,2299,0.9277684340975481,0.7871428571428571,0.19333333333333333,0.004800103089462324,0.9951998969105377
33191,YPR083W YMR012W,1.0,NA,0.9968982934951782,550,149,30892,2300,0.9277389277389277,0.7868383404864091,0.19298245614035087,0.004800103089462324,0.9951998969105377
33192,YLR310C YPL048W,0.0,NA,0.9969010353088379,550,148,30893,2300,0.9277684340975481,0.7879656160458453,0.19298245614035087,0.004767887632486067,0.995232112367514
33193,YPR024W YMR241W,1.0,NA,0.9969145059585571,549,148,30893,2301,0.9277389277389277,0.787661406025825,0.19263157894736843,0.004767887632486067,0.995232112367514
33194,YPL053C YLR188W,0.0,NA,0.9969313144683838,549,147,30894,2301,0.9277684340975481,0.7887931034482759,0.19263157894736843,0.00473567217550981,0.9952643278244901
33195,YKL053C-A YMR241W,1.0,NA,0.9969356060028076,548,147,30894,2302,0.9277389277389277,0.7884892086330936,0.19228070175438597,0.00473567217550981,0.9952643278244901
33196,YNL121C YMR012W,1.0,NA,0.9969449639320374,547,147,30894,2303,0.9277094213803074,0.7881844380403458,0.1919298245614035,0.00473567217550981,0.9952643278244901
33197,YJR135W-A YOR266W,1.0,NA,0.996965229511261,546,147,30894,2304,0.9276799150216871,0.7878787878787878,0.19157894736842104,0.00473567217550981,0.9952643278244901
33198,YIL051C YBR234C,1.0,NA,0.9969700574874878,545,147,30894,2305,0.9276504086630669,0.7875722543352601,0.1912280701754386,0.00473567217550981,0.9952643278244901
33199,YPR083W YOL076W,1.0,NA,0.9969847798347473,544,147,30894,2306,0.9276209023044466,0.7872648335745297,0.19087719298245615,0.00473567217550981,0.9952643278244901
33200,YJL063C YIL051C,1.0,NA,0.9969890713691711,543,147,30894,2307,0.9275913959458263,0.7869565217391304,0.19052631578947368,0.00473567217550981,0.9952643278244901
33201,YNL026W YML058W,1.0,NA,0.9970020651817322,542,147,30894,2308,0.9275618895872061,0.7866473149492017,0.19017543859649122,0.00473567217550981,0.9952643278244901
33202,YIL009W YBR181C,0.0,NA,0.9970115423202515,542,146,30895,2308,0.9275913959458263,0.7877906976744186,0.19017543859649122,0.004703456718533552,0.9952965432814664
33203,YMR060C YGR101W,1.0,NA,0.9970153570175171,541,146,30895,2309,0.9275618895872061,0.7874818049490538,0.18982456140350878,0.004703456718533552,0.9952965432814664
33204,YNL307C YNL154C,0.0,NA,0.9970184564590454,541,145,30896,2309,0.9275913959458263,0.7886297376093294,0.18982456140350878,0.004671241261557295,0.9953287587384427
33205,YIL062C YML091C,1.0,NA,0.9970188140869141,540,145,30896,2310,0.9275618895872061,0.7883211678832117,0.18947368421052632,0.004671241261557295,0.9953287587384427
33206,YDL142C YMR072W,1.0,NA,0.99702388048172,539,145,30896,2311,0.9275323832285858,0.7880116959064327,0.18912280701754386,0.004671241261557295,0.9953287587384427
33207,YLR355C YHR120W,1.0,NA,0.9970524311065674,538,145,30896,2312,0.9275028768699655,0.787701317715959,0.1887719298245614,0.004671241261557295,0.9953287587384427
33208,YNL307C YGL084C,0.0,NA,0.9970601201057434,538,144,30897,2312,0.9275323832285858,0.7888563049853372,0.1887719298245614,0.004639025804581038,0.9953609741954189
33209,YOR037W YJR065C,1.0,NA,0.9970669150352478,537,144,30897,2313,0.9275028768699655,0.788546255506608,0.18842105263157893,0.004639025804581038,0.9953609741954189
33210,YER042W YMR097C,0.0,NA,0.9970709085464478,537,143,30898,2313,0.9275323832285858,0.7897058823529411,0.18842105263157893,0.004606810347604781,0.9953931896523952
33211,YOR326W YMR012W,1.0,NA,0.997083842754364,536,143,30898,2314,0.9275028768699655,0.7893961708394698,0.1880701754385965,0.004606810347604781,0.9953931896523952
33212,YDR296W YIL051C,1.0,NA,0.997100293636322,535,143,30898,2315,0.9274733705113452,0.7890855457227138,0.18771929824561404,0.004606810347604781,0.9953931896523952
33213,YMR302C YLL013C,1.0,NA,0.9971100687980652,534,143,30898,2316,0.927443864152725,0.7887740029542097,0.18736842105263157,0.004606810347604781,0.9953931896523952
33214,YPR125W YIL065C,1.0,NA,0.9971131086349487,533,143,30898,2317,0.9274143577941046,0.7884615384615384,0.1870175438596491,0.004606810347604781,0.9953931896523952
33215,YKR036C YHR083W,1.0,NA,0.9971254467964172,532,143,30898,2318,0.9273848514354843,0.7881481481481482,0.18666666666666668,0.004606810347604781,0.9953931896523952
33216,YJL063C YOR211C,1.0,NA,0.9971464276313782,531,143,30898,2319,0.927355345076864,0.787833827893175,0.1863157894736842,0.004606810347604781,0.9953931896523952
33217,YGR119C YFL005W,0.0,NA,0.9971509575843811,531,142,30899,2319,0.9273848514354843,0.7890044576523031,0.1863157894736842,0.004574594890628524,0.9954254051093715
33218,YLR378C YOR323C,0.0,NA,0.997171938419342,531,141,30900,2319,0.9274143577941046,0.7901785714285714,0.1863157894736842,0.004542379433652266,0.9954576205663477
33219,YGL055W YPL098C,1.0,NA,0.9971731901168823,530,141,30900,2320,0.9273848514354843,0.789865871833085,0.18596491228070175,0.004542379433652266,0.9954576205663477
33220,YJR065C YDR150W,1.0,NA,0.9971797466278076,529,141,30900,2321,0.927355345076864,0.7895522388059701,0.1856140350877193,0.004542379433652266,0.9954576205663477
33221,YDL006W YIL065C,1.0,NA,0.9971854090690613,528,141,30900,2322,0.9273258387182438,0.7892376681614349,0.18526315789473685,0.004542379433652266,0.9954576205663477
33222,YKL053C-A YMR012W,1.0,NA,0.9971960783004761,527,141,30900,2323,0.9272963323596235,0.7889221556886228,0.1849122807017544,0.004542379433652266,0.9954576205663477
33223,YPR024W YLR368W,1.0,NA,0.9972015619277954,526,141,30900,2324,0.9272668260010032,0.7886056971514243,0.18456140350877193,0.004542379433652266,0.9954576205663477
33224,YDR296W YMR060C,1.0,NA,0.9972169399261475,525,141,30900,2325,0.927237319642383,0.7882882882882883,0.18421052631578946,0.004542379433652266,0.9954576205663477
33225,YJR065C YDR296W,1.0,NA,0.9972189664840698,524,141,30900,2326,0.9272078132837627,0.7879699248120301,0.18385964912280703,0.004542379433652266,0.9954576205663477
33226,YOR037W YIL062C,1.0,NA,0.9972444772720337,523,141,30900,2327,0.9271783069251424,0.7876506024096386,0.18350877192982457,0.004542379433652266,0.9954576205663477
33227,YOR324C YML026C,0.0,NA,0.9972453117370605,523,140,30901,2327,0.9272078132837627,0.7888386123680241,0.18350877192982457,0.004510163976676009,0.995489836023324
33228,YJL054W YMR211W,1.0,NA,0.9972566962242126,522,140,30901,2328,0.9271783069251424,0.7885196374622356,0.1831578947368421,0.004510163976676009,0.995489836023324
33229,YDR219C YIL065C,1.0,NA,0.9972726702690125,521,140,30901,2329,0.927148800566522,0.7881996974281392,0.18280701754385964,0.004510163976676009,0.995489836023324
33230,YOR119C YGR199W,0.0,NA,0.9972795844078064,521,139,30902,2329,0.9271783069251424,0.7893939393939394,0.18280701754385964,0.004477948519699752,0.9955220514803003
33231,YPR024W YGL219C,1.0,NA,0.9972870349884033,520,139,30902,2330,0.927148800566522,0.7890743550834598,0.1824561403508772,0.004477948519699752,0.9955220514803003
33232,YIR017C YNL072W,0.0,NA,0.9972911477088928,520,138,30903,2330,0.9271783069251424,0.790273556231003,0.1824561403508772,0.004445733062723495,0.9955542669372766
33233,YIL062C YGR101W,1.0,NA,0.9973015785217285,519,138,30903,2331,0.927148800566522,0.7899543378995434,0.18210526315789474,0.004445733062723495,0.9955542669372766
33234,YHR194W YLL013C,1.0,NA,0.99730384349823,518,138,30903,2332,0.9271192942079018,0.7896341463414634,0.18175438596491228,0.004445733062723495,0.9955542669372766
33235,YOR326W YDR077W,1.0,NA,0.9973194003105164,517,138,30903,2333,0.9270897878492815,0.7893129770992366,0.18140350877192982,0.004445733062723495,0.9955542669372766
33236,YJR065C YMR211W,1.0,NA,0.9973203539848328,516,138,30903,2334,0.9270602814906612,0.7889908256880734,0.18105263157894738,0.004445733062723495,0.9955542669372766
33237,YBR143C YJL095W,0.0,NA,0.9973216652870178,516,137,30904,2334,0.9270897878492815,0.7901990811638591,0.18105263157894738,0.004413517605747238,0.9955864823942527
33238,YBR286W YNL101W,0.0,NA,0.9973330497741699,516,136,30905,2334,0.9271192942079018,0.7914110429447853,0.18105263157894738,0.00438130214877098,0.995618697851229
33239,YDL142C YIL065C,1.0,NA,0.9973334074020386,515,136,30905,2335,0.9270897878492815,0.7910906298003072,0.18070175438596492,0.00438130214877098,0.995618697851229
33240,YDR296W YDR219C,1.0,NA,0.9973512887954712,514,136,30905,2336,0.9270602814906612,0.7907692307692308,0.18035087719298246,0.00438130214877098,0.995618697851229
33241,YJR135W-A YLR370C,1.0,NA,0.9973617196083069,513,136,30905,2337,0.9270307751320409,0.7904468412942989,0.18,0.00438130214877098,0.995618697851229
33242,YMR302C YMR012W,1.0,NA,0.9973682761192322,512,136,30905,2338,0.9270012687734207,0.7901234567901234,0.17964912280701753,0.00438130214877098,0.995618697851229
33243,YIL062C YNL310C,1.0,NA,0.9973822236061096,511,136,30905,2339,0.9269717624148004,0.7897990726429676,0.1792982456140351,0.00438130214877098,0.995618697851229
33244,YEL071W YGL105W,0.0,NA,0.9974002838134766,511,135,30906,2339,0.9270012687734207,0.7910216718266254,0.1792982456140351,0.004349086691794723,0.9956509133082053
33245,YIL051C YHR083W,1.0,NA,0.9974006414413452,510,135,30906,2340,0.9269717624148004,0.7906976744186046,0.17894736842105263,0.004349086691794723,0.9956509133082053
33246,YMR060C YBR234C,1.0,NA,0.9974049925804138,509,135,30906,2341,0.9269422560561801,0.7903726708074534,0.17859649122807017,0.004349086691794723,0.9956509133082053
33247,YER042W YMR255W,0.0,NA,0.9974133372306824,509,134,30907,2341,0.9269717624148004,0.7916018662519441,0.17859649122807017,0.004316871234818466,0.9956831287651815
33248,YGL020C YPR083W,1.0,NA,0.9974181652069092,508,134,30907,2342,0.9269422560561801,0.7912772585669782,0.1782456140350877,0.004316871234818466,0.9956831287651815
33249,YGL055W YDR150W,1.0,NA,0.9974337220191956,507,134,30907,2343,0.9269127496975599,0.7909516380655226,0.17789473684210527,0.004316871234818466,0.9956831287651815
33250,YNL121C YDR219C,1.0,NA,0.9974381923675537,506,134,30907,2344,0.9268832433389396,0.790625,0.1775438596491228,0.004316871234818466,0.9956831287651815
33251,YDL033C YGR227W,0.0,NA,0.997438907623291,506,133,30908,2344,0.9269127496975599,0.7918622848200313,0.1775438596491228,0.004284655777842209,0.9957153442221578
33252,YPL117C YMR318C,0.0,NA,0.9974498152732849,506,132,30909,2344,0.9269422560561801,0.7931034482758621,0.1775438596491228,0.0042524403208659516,0.9957475596791341
33253,YFL036W YDR077W,1.0,NA,0.9974516034126282,505,132,30909,2345,0.9269127496975599,0.792778649921507,0.17719298245614035,0.0042524403208659516,0.9957475596791341
33254,YHR194W YFL036W,1.0,NA,0.9974654912948608,504,132,30909,2346,0.9268832433389396,0.7924528301886793,0.17684210526315788,0.0042524403208659516,0.9957475596791341
33255,YIL062C YKR042W,1.0,NA,0.9974675178527832,503,132,30909,2347,0.9268537369803193,0.7921259842519685,0.17649122807017545,0.0042524403208659516,0.9957475596791341
33256,YDR447C YGR184C,0.0,NA,0.9974715709686279,503,131,30910,2347,0.9268832433389396,0.7933753943217665,0.17649122807017545,0.004220224863889694,0.9957797751361103
33257,YBR192W YOL027C,1.0,NA,0.9974742531776428,502,131,30910,2348,0.9268537369803193,0.7930489731437599,0.17614035087719299,0.004220224863889694,0.9957797751361103
33258,YHR031C YMR060C,1.0,NA,0.9974756836891174,501,131,30910,2349,0.9268242306216989,0.7927215189873418,0.17578947368421052,0.004220224863889694,0.9957797751361103
33259,YDL236W YDR513W,0.0,NA,0.9974852800369263,501,130,30911,2349,0.9268537369803193,0.7939778129952456,0.17578947368421052,0.004188009406913437,0.9958119905930866
33260,YBR192W YJR135W-A,1.0,NA,0.9974857568740845,500,130,30911,2350,0.9268242306216989,0.7936507936507936,0.17543859649122806,0.004188009406913437,0.9958119905930866
33261,YJL108C YJL173C,0.0,NA,0.9974907636642456,500,129,30912,2350,0.9268537369803193,0.794912559618442,0.17543859649122806,0.00415579394993718,0.9958442060500629
33262,YJR065C YJL054W,1.0,NA,0.9975011944770813,499,129,30912,2351,0.9268242306216989,0.7945859872611465,0.17508771929824563,0.00415579394993718,0.9958442060500629
33263,YPR125W YOR211C,1.0,NA,0.9975013136863708,498,129,30912,2352,0.9267947242630787,0.7942583732057417,0.17473684210526316,0.00415579394993718,0.9958442060500629
33264,YJL063C YOL060C,1.0,NA,0.997501790523529,497,129,30912,2353,0.9267652179044584,0.7939297124600639,0.1743859649122807,0.00415579394993718,0.9958442060500629
33265,YMR072W YDR077W,1.0,NA,0.9975117444992065,496,129,30912,2354,0.9267357115458381,0.7936,0.17403508771929824,0.00415579394993718,0.9958442060500629
33266,YJR135W-A YOR211C,1.0,NA,0.9975199103355408,495,129,30912,2355,0.9267062051872178,0.7932692307692307,0.1736842105263158,0.00415579394993718,0.9958442060500629
33267,YLR231C YEL054C,0.0,NA,0.99752277135849,495,128,30913,2355,0.9267357115458381,0.7945425361155698,0.1736842105263158,0.004123578492960922,0.995876421507039
33268,YMR032W YDR229W,0.0,NA,0.9975283741950989,495,127,30914,2355,0.9267652179044584,0.7958199356913184,0.1736842105263158,0.0040913630359846655,0.9959086369640153
33269,YNL070W YCR028C-A,1.0,NA,0.9975427389144897,494,127,30914,2356,0.9267357115458381,0.7954911433172303,0.17333333333333334,0.0040913630359846655,0.9959086369640153
33270,YJR065C YIL062C,1.0,NA,0.9975436329841614,493,127,30914,2357,0.9267062051872178,0.7951612903225806,0.17298245614035088,0.0040913630359846655,0.9959086369640153
33271,YMR060C YGR181W,1.0,NA,0.9975510239601135,492,127,30914,2358,0.9266766988285976,0.7948303715670436,0.1726315789473684,0.0040913630359846655,0.9959086369640153
33272,YGL020C YER154W,1.0,NA,0.9975572824478149,491,127,30914,2359,0.9266471924699773,0.7944983818770227,0.17228070175438598,0.0040913630359846655,0.9959086369640153
33273,YLR368W YNL066W,1.0,NA,0.9975751042366028,490,127,30914,2360,0.926617686111357,0.7941653160453809,0.17192982456140352,0.0040913630359846655,0.9959086369640153
33274,YLL013C YIL065C,1.0,NA,0.9975831508636475,489,127,30914,2361,0.9265881797527367,0.7938311688311688,0.17157894736842105,0.0040913630359846655,0.9959086369640153
33275,YIR022W YDL195W,0.0,NA,0.9975847005844116,489,126,30915,2361,0.926617686111357,0.7951219512195122,0.17157894736842105,0.004059147579008408,0.9959408524209916
33276,YNR035C YER154W,1.0,NA,0.9975899457931519,488,126,30915,2362,0.9265881797527367,0.7947882736156352,0.1712280701754386,0.004059147579008408,0.9959408524209916
33277,YGR113W YBR105C,0.0,NA,0.9975945353507996,488,125,30916,2362,0.926617686111357,0.7960848287112561,0.1712280701754386,0.004026932122032151,0.9959730678779678
33278,YKR036C YMR302C,1.0,NA,0.9976008534431458,487,125,30916,2363,0.9265881797527367,0.795751633986928,0.17087719298245613,0.004026932122032151,0.9959730678779678
33279,YDR412W YOR303W,0.0,NA,0.9976142644882202,487,124,30917,2363,0.926617686111357,0.7970540098199672,0.17087719298245613,0.003994716665055894,0.9960052833349441
33280,YMR072W YPR125W,1.0,NA,0.9976353645324707,486,124,30917,2364,0.9265881797527367,0.7967213114754098,0.1705263157894737,0.003994716665055894,0.9960052833349441
33281,YBR029C YKL019W,0.0,NA,0.9976479411125183,486,123,30918,2364,0.926617686111357,0.7980295566502463,0.1705263157894737,0.003962501208079636,0.9960374987919204
33282,YCR028C-A YIL051C,1.0,NA,0.997650682926178,485,123,30918,2365,0.9265881797527367,0.7976973684210527,0.17017543859649123,0.003962501208079636,0.9960374987919204
33283,YJR135W-A YGR101W,1.0,NA,0.9976565837860107,484,123,30918,2366,0.9265586733941165,0.7973640856672158,0.16982456140350877,0.003962501208079636,0.9960374987919204
33284,YFR050C YJR102C,0.0,NA,0.9976634979248047,484,122,30919,2366,0.9265881797527367,0.7986798679867987,0.16982456140350877,0.0039302857511033795,0.9960697142488967
33285,YBR126C YNL246W,0.0,NA,0.997675359249115,484,121,30920,2366,0.926617686111357,0.8,0.16982456140350877,0.0038980702941271224,0.9961019297058729
33286,YGL055W YDR296W,1.0,NA,0.9976916313171387,483,121,30920,2367,0.9265881797527367,0.7996688741721855,0.1694736842105263,0.0038980702941271224,0.9961019297058729
33287,YER154W YOL027C,1.0,NA,0.9976982474327087,482,121,30920,2368,0.9265586733941165,0.7993366500829188,0.16912280701754387,0.0038980702941271224,0.9961019297058729
33288,YKR036C YPL098C,1.0,NA,0.9977001547813416,481,121,30920,2369,0.9265291670354961,0.7990033222591362,0.1687719298245614,0.0038980702941271224,0.9961019297058729
33289,YPR008W YPL255W,0.0,NA,0.9977009892463684,481,120,30921,2369,0.9265586733941165,0.800332778702163,0.1687719298245614,0.003865854837150865,0.9961341451628491
33290,YNL026W YOR037W,1.0,NA,0.9977086782455444,480,120,30921,2370,0.9265291670354961,0.8,0.16842105263157894,0.003865854837150865,0.9961341451628491
33291,YLR378C YKL196C,0.0,NA,0.997713565826416,480,119,30922,2370,0.9265586733941165,0.8013355592654424,0.16842105263157894,0.0038336393801746077,0.9961663606198254
33292,YPR024W YOR211C,1.0,NA,0.9977263808250427,479,119,30922,2371,0.9265291670354961,0.8010033444816054,0.16807017543859648,0.0038336393801746077,0.9961663606198254
33293,YKL013C YOL076W,1.0,NA,0.9977472424507141,478,119,30922,2372,0.9264996606768758,0.8006700167504187,0.16771929824561405,0.0038336393801746077,0.9961663606198254
33294,YCR028C-A YIL065C,1.0,NA,0.9977514147758484,477,119,30922,2373,0.9264701543182556,0.8003355704697986,0.16736842105263158,0.0038336393801746077,0.9961663606198254
33295,YJR065C YLR370C,1.0,NA,0.997755229473114,476,119,30922,2374,0.9264406479596353,0.8,0.16701754385964912,0.0038336393801746077,0.9961663606198254
33296,YNL121C YMR241W,1.0,NA,0.9977664947509766,475,119,30922,2375,0.926411141601015,0.7996632996632996,0.16666666666666666,0.0038336393801746077,0.9961663606198254
33297,YKL175W YPL084W,0.0,NA,0.9977748990058899,475,118,30923,2375,0.9264406479596353,0.8010118043844857,0.16666666666666666,0.0038014239231983506,0.9961985760768016
33298,YOL076W YGR101W,1.0,NA,0.9977839589118958,474,118,30923,2376,0.926411141601015,0.8006756756756757,0.16631578947368422,0.0038014239231983506,0.9961985760768016
33299,YMR241W YOL076W,1.0,NA,0.9977841973304749,473,118,30923,2377,0.9263816352423947,0.8003384094754653,0.16596491228070176,0.0038014239231983506,0.9961985760768016
33300,YNL026W YMR060C,1.0,NA,0.9978135824203491,472,118,30923,2378,0.9263521288837745,0.8,0.1656140350877193,0.0038014239231983506,0.9961985760768016
33301,YLR368W YNL121C,1.0,NA,0.9978177547454834,471,118,30923,2379,0.9263226225251542,0.799660441426146,0.16526315789473683,0.0038014239231983506,0.9961985760768016
33302,YKR036C YBR234C,1.0,NA,0.9978260397911072,470,118,30923,2380,0.9262931161665339,0.7993197278911565,0.1649122807017544,0.0038014239231983506,0.9961985760768016
33303,YJL112W YGR181W,1.0,NA,0.9978318810462952,469,118,30923,2381,0.9262636098079136,0.7989778534923339,0.16456140350877194,0.0038014239231983506,0.9961985760768016
33304,YJR148W YKL210W,0.0,NA,0.9978596568107605,469,117,30924,2381,0.9262931161665339,0.8003412969283277,0.16456140350877194,0.0037692084662220935,0.9962307915337779
33305,YJL063C YDR219C,1.0,NA,0.9978658556938171,468,117,30924,2382,0.9262636098079136,0.8,0.16421052631578947,0.0037692084662220935,0.9962307915337779
33306,YJR065C YBR179C,1.0,NA,0.9978687763214111,467,117,30924,2383,0.9262341034492934,0.7996575342465754,0.163859649122807,0.0037692084662220935,0.9962307915337779
33307,YNL079C YLR370C,1.0,NA,0.9978712797164917,466,117,30924,2384,0.926204597090673,0.7993138936535163,0.16350877192982455,0.0037692084662220935,0.9962307915337779
33308,YKL006C-A YHR154W,0.0,NA,0.9978833794593811,466,116,30925,2384,0.9262341034492934,0.8006872852233677,0.16350877192982455,0.003736993009245836,0.9962630069907542
33309,YOR375C YJR074W,0.0,NA,0.99790358543396,466,115,30926,2384,0.9262636098079136,0.802065404475043,0.16350877192982455,0.003704777552269579,0.9962952224477304
33310,YPR024W YJL112W,1.0,NA,0.9979153275489807,465,115,30926,2385,0.9262341034492934,0.8017241379310345,0.1631578947368421,0.003704777552269579,0.9962952224477304
33311,YGL062W YGL254W,0.0,NA,0.9979269504547119,465,114,30927,2385,0.9262636098079136,0.8031088082901554,0.1631578947368421,0.0036725620952933217,0.9963274379047067
33312,YKR066C YCR073W-A,0.0,NA,0.9979312419891357,465,113,30928,2385,0.9262931161665339,0.8044982698961938,0.1631578947368421,0.0036403466383170646,0.996359653361683
33313,YNL026W YLR368W,1.0,NA,0.9979411959648132,464,113,30928,2386,0.9262636098079136,0.804159445407279,0.16280701754385965,0.0036403466383170646,0.996359653361683
33314,YKR036C YMR241W,1.0,NA,0.997944176197052,463,113,30928,2387,0.9262341034492934,0.8038194444444444,0.1624561403508772,0.0036403466383170646,0.996359653361683
33315,YHR194W YMR241W,1.0,NA,0.9979445338249207,462,113,30928,2388,0.926204597090673,0.8034782608695652,0.16210526315789472,0.0036403466383170646,0.996359653361683
33316,YDR150W YPL098C,1.0,NA,0.9979488253593445,461,113,30928,2389,0.9261750907320527,0.8031358885017421,0.1617543859649123,0.0036403466383170646,0.996359653361683
33317,YPR131C YGR181W,1.0,NA,0.9979546070098877,460,113,30928,2390,0.9261455843734325,0.8027923211169284,0.16140350877192983,0.0036403466383170646,0.996359653361683
33318,YNL278W YGR222W,0.0,NA,0.9979725480079651,460,112,30929,2390,0.9261750907320527,0.8041958041958042,0.16140350877192983,0.0036081311813408075,0.9963918688186592
33319,YCR028C-A YOL060C,1.0,NA,0.9979852437973022,459,112,30929,2391,0.9261455843734325,0.8038528896672504,0.16105263157894736,0.0036081311813408075,0.9963918688186592
33320,YML006C YHR084W,0.0,NA,0.9979861974716187,459,111,30930,2391,0.9261750907320527,0.8052631578947368,0.16105263157894736,0.00357591572436455,0.9964240842756354
33321,YKL053C-A YIL065C,1.0,NA,0.9979914426803589,458,111,30930,2392,0.9261455843734325,0.804920913884007,0.1607017543859649,0.00357591572436455,0.9964240842756354
33322,YBR258C YNL173C,0.0,NA,0.9980043768882751,458,110,30931,2392,0.9261750907320527,0.8063380281690141,0.1607017543859649,0.003543700267388293,0.9964562997326117
33323,YGL219C YIL051C,1.0,NA,0.998006284236908,457,110,30931,2393,0.9261455843734325,0.8059964726631393,0.16035087719298247,0.003543700267388293,0.9964562997326117
33324,YJR135W-A YBR234C,1.0,NA,0.9980206489562988,456,110,30931,2394,0.9261160780148122,0.8056537102473498,0.16,0.003543700267388293,0.9964562997326117
33325,YDR150W YML091C,1.0,NA,0.9980269074440002,455,110,30931,2395,0.9260865716561919,0.8053097345132744,0.15964912280701754,0.003543700267388293,0.9964562997326117
33326,YPL252C YBL037W,0.0,NA,0.9980277419090271,455,109,30932,2395,0.9261160780148122,0.8067375886524822,0.15964912280701754,0.0035114848104120357,0.9964885151895879
33327,YOL076W YGR181W,1.0,NA,0.9980278611183167,454,109,30932,2396,0.9260865716561919,0.8063943161634103,0.15929824561403508,0.0035114848104120357,0.9964885151895879
33328,YJR135W-A YJL112W,1.0,NA,0.9980315566062927,453,109,30932,2397,0.9260570652975716,0.806049822064057,0.15894736842105264,0.0035114848104120357,0.9964885151895879
33329,YBR296C YJR090C,0.0,NA,0.9980469942092896,453,108,30933,2397,0.9260865716561919,0.8074866310160428,0.15894736842105264,0.0034792693534357786,0.9965207306465642
33330,YGR038W YJR077C,0.0,NA,0.9980592131614685,453,107,30934,2397,0.9261160780148122,0.8089285714285714,0.15894736842105264,0.0034470538964595215,0.9965529461035405
33331,YER144C YEL024W,0.0,NA,0.9980593323707581,453,106,30935,2397,0.9261455843734325,0.8103756708407871,0.15894736842105264,0.003414838439483264,0.9965851615605167
33332,YLR368W YMR012W,1.0,NA,0.9980685114860535,452,106,30935,2398,0.9261160780148122,0.8100358422939068,0.15859649122807018,0.003414838439483264,0.9965851615605167
33333,YGL219C YLR370C,1.0,NA,0.998083233833313,451,106,30935,2399,0.9260865716561919,0.8096947935368043,0.15824561403508772,0.003414838439483264,0.9965851615605167
33334,YNL241C YDR318W,0.0,NA,0.9980868101119995,451,105,30936,2399,0.9261160780148122,0.8111510791366906,0.15824561403508772,0.003382622982507007,0.996617377017493
33335,YOR037W YMR241W,1.0,NA,0.9980911612510681,450,105,30936,2400,0.9260865716561919,0.8108108108108109,0.15789473684210525,0.003382622982507007,0.996617377017493
33336,YLR304C YHR083W,1.0,NA,0.9980973601341248,449,105,30936,2401,0.9260570652975716,0.8104693140794224,0.15754385964912282,0.003382622982507007,0.996617377017493
33337,YMR060C YMR012W,1.0,NA,0.9981001019477844,448,105,30936,2402,0.9260275589389514,0.810126582278481,0.15719298245614036,0.003382622982507007,0.996617377017493
33338,YBR166C YOR324C,0.0,NA,0.9981105327606201,448,104,30937,2402,0.9260570652975716,0.8115942028985508,0.15719298245614036,0.0033504075255307497,0.9966495924744693
33339,YOR266W YNL066W,1.0,NA,0.9981108903884888,447,104,30937,2403,0.9260275589389514,0.8112522686025408,0.1568421052631579,0.0033504075255307497,0.9966495924744693
33340,YNL121C YBR091C,1.0,NA,0.9981147050857544,446,104,30937,2404,0.9259980525803311,0.8109090909090909,0.15649122807017543,0.0033504075255307497,0.9966495924744693
33341,YJL020C YIL124W,0.0,NA,0.9981254935264587,446,103,30938,2404,0.9260275589389514,0.8123861566484517,0.15649122807017543,0.0033181920685544926,0.9966818079314456
33342,YKL060C YDR528W,0.0,NA,0.9981380701065063,446,102,30939,2404,0.9260570652975716,0.8138686131386861,0.15649122807017543,0.0032859766115782355,0.9967140233884217
33343,YKL053C-A YJL112W,1.0,NA,0.9981423616409302,445,102,30939,2405,0.9260275589389514,0.8135283363802559,0.156140350877193,0.0032859766115782355,0.9967140233884217
33344,YFL039C YKL013C,1.0,NA,0.9981436729431152,444,102,30939,2406,0.9259980525803311,0.8131868131868132,0.15578947368421053,0.0032859766115782355,0.9967140233884217
33345,YGR267C YKL192C,0.0,NA,0.9981697797775269,444,101,30940,2406,0.9260275589389514,0.8146788990825689,0.15578947368421053,0.003253761154601978,0.996746238845398
33346,YOL095C YNR035C,1.0,NA,0.9981757402420044,443,101,30940,2407,0.9259980525803311,0.8143382352941176,0.15543859649122807,0.003253761154601978,0.996746238845398
33347,YIL138C YGR101W,1.0,NA,0.9981769323348999,442,101,30940,2408,0.9259685462217108,0.8139963167587477,0.1550877192982456,0.003253761154601978,0.996746238845398
33348,YOR037W YML091C,1.0,NA,0.9981873631477356,441,101,30940,2409,0.9259390398630905,0.8136531365313653,0.15473684210526314,0.003253761154601978,0.996746238845398
33349,YOL072W YPR112C,0.0,NA,0.9981879591941833,441,100,30941,2409,0.9259685462217108,0.8151571164510166,0.15473684210526314,0.003221545697625721,0.9967784543023743
33350,YIL051C YKR042W,1.0,NA,0.9981934428215027,440,100,30941,2410,0.9259390398630905,0.8148148148148148,0.1543859649122807,0.003221545697625721,0.9967784543023743
33351,YKL053C-A YPL098C,1.0,NA,0.9981982111930847,439,100,30941,2411,0.9259095335044703,0.8144712430426716,0.15403508771929825,0.003221545697625721,0.9967784543023743
33352,YBR179C YOL027C,1.0,NA,0.9981998205184937,438,100,30941,2412,0.9258800271458499,0.8141263940520446,0.15368421052631578,0.003221545697625721,0.9967784543023743
33353,YPR043W YJL138C,0.0,NA,0.998206377029419,438,99,30942,2412,0.9259095335044703,0.8156424581005587,0.15368421052631578,0.0031893302406494637,0.9968106697593505
33354,YKL216W YOR304W,0.0,NA,0.9982142448425293,438,98,30943,2412,0.9259390398630905,0.8171641791044776,0.15368421052631578,0.0031571147836732066,0.9968428852163268
33355,YDR368W YNL225C,0.0,NA,0.998224675655365,438,97,30944,2412,0.9259685462217108,0.8186915887850468,0.15368421052631578,0.003124899326696949,0.9968751006733031
33356,YPL098C YOR266W,1.0,NA,0.9982455968856812,437,97,30944,2413,0.9259390398630905,0.8183520599250936,0.15333333333333332,0.003124899326696949,0.9968751006733031
33357,YPR083W YDR077W,1.0,NA,0.9982520937919617,436,97,30944,2414,0.9259095335044703,0.8180112570356473,0.1529824561403509,0.003124899326696949,0.9968751006733031
33358,YGL137W YLR332W,0.0,NA,0.9982563853263855,436,96,30945,2414,0.9259390398630905,0.8195488721804511,0.1529824561403509,0.003092683869720692,0.9969073161302793
33359,YPL098C YOL027C,1.0,NA,0.9982588887214661,435,96,30945,2415,0.9259095335044703,0.8192090395480226,0.15263157894736842,0.003092683869720692,0.9969073161302793
33360,YBR212W YOR211C,1.0,NA,0.9982873797416687,434,96,30945,2416,0.9258800271458499,0.8188679245283019,0.15228070175438596,0.003092683869720692,0.9969073161302793
33361,YNL070W YDL217C,1.0,NA,0.9983007311820984,433,96,30945,2417,0.9258505207872296,0.8185255198487713,0.1519298245614035,0.003092683869720692,0.9969073161302793
33362,YDR227W YDR127W,0.0,NA,0.998302698135376,433,95,30946,2417,0.9258800271458499,0.8200757575757576,0.1519298245614035,0.0030604684127444348,0.9969395315872556
33363,YDL217C YIL065C,1.0,NA,0.998306393623352,432,95,30946,2418,0.9258505207872296,0.8197343453510436,0.15157894736842106,0.0030604684127444348,0.9969395315872556
33364,YJR135W-A YHR194W,1.0,NA,0.99831223487854,431,95,30946,2419,0.9258210144286093,0.8193916349809885,0.1512280701754386,0.0030604684127444348,0.9969395315872556
33365,YDR296W YIL062C,1.0,NA,0.9983372688293457,430,95,30946,2420,0.9257915080699891,0.819047619047619,0.15087719298245614,0.0030604684127444348,0.9969395315872556
33366,YDL142C YIL062C,1.0,NA,0.9983425140380859,429,95,30946,2421,0.9257620017113688,0.8187022900763359,0.15052631578947367,0.0030604684127444348,0.9969395315872556
33367,YEL051W YIL149C,0.0,NA,0.9983484745025635,429,94,30947,2421,0.9257915080699891,0.8202676864244742,0.15052631578947367,0.0030282529557681776,0.9969717470442319
33368,YBR089C-A YLR191W,0.0,NA,0.9983528852462769,429,93,30948,2421,0.9258210144286093,0.8218390804597702,0.15052631578947367,0.0029960374987919205,0.997003962501208
33369,YMR072W YIL051C,1.0,NA,0.9983664155006409,428,93,30948,2422,0.9257915080699891,0.8214971209213052,0.15017543859649124,0.0029960374987919205,0.997003962501208
33370,YGL137W YGR063C,0.0,NA,0.9983857870101929,428,92,30949,2422,0.9258210144286093,0.823076923076923,0.15017543859649124,0.002963822041815663,0.9970361779581843
33371,YIL138C YMR012W,1.0,NA,0.9983893632888794,427,92,30949,2423,0.9257915080699891,0.8227360308285164,0.14982456140350878,0.002963822041815663,0.9970361779581843
33372,YLR246W YNL027W,0.0,NA,0.9983969330787659,427,91,30950,2423,0.9258210144286093,0.8243243243243243,0.14982456140350878,0.002931606584839406,0.9970683934151606
33373,YFL036W YGR101W,1.0,NA,0.9984006285667419,426,91,30950,2424,0.9257915080699891,0.8239845261121856,0.14947368421052631,0.002931606584839406,0.9970683934151606
33374,YOR037W YCR028C-A,1.0,NA,0.9984007477760315,425,91,30950,2425,0.9257620017113688,0.8236434108527132,0.14912280701754385,0.002931606584839406,0.9970683934151606
33375,YPR024W YKL053C-A,1.0,NA,0.9984081387519836,424,91,30950,2426,0.9257324953527485,0.8233009708737864,0.14877192982456142,0.002931606584839406,0.9970683934151606
33376,YGL142C YLR333C,0.0,NA,0.9984210729598999,424,90,30951,2426,0.9257620017113688,0.8249027237354085,0.14877192982456142,0.0028993911278631487,0.9971006088721368
33377,YGL011C YIL125W,0.0,NA,0.998430073261261,424,89,30952,2426,0.9257915080699891,0.8265107212475633,0.14877192982456142,0.0028671756708868916,0.9971328243291131
33378,YNL079C YBR234C,1.0,NA,0.9984462857246399,423,89,30952,2427,0.9257620017113688,0.826171875,0.14842105263157895,0.0028671756708868916,0.9971328243291131
33379,YDL142C YMR012W,1.0,NA,0.9984477758407593,422,89,30952,2428,0.9257324953527485,0.8258317025440313,0.1480701754385965,0.0028671756708868916,0.9971328243291131
33380,YNL307C YBL085W,0.0,NA,0.9984490871429443,422,88,30953,2428,0.9257620017113688,0.8274509803921568,0.1480701754385965,0.0028349602139106345,0.9971650397860894
33381,YDR150W YGR101W,1.0,NA,0.9984685778617859,421,88,30953,2429,0.9257324953527485,0.8271119842829077,0.14771929824561403,0.0028349602139106345,0.9971650397860894
33382,YJR135W-A YOL027C,1.0,NA,0.9984760880470276,420,88,30953,2430,0.9257029889941283,0.8267716535433071,0.14736842105263157,0.0028349602139106345,0.9971650397860894
33383,YLR368W YOL076W,1.0,NA,0.9984803795814514,419,88,30953,2431,0.925673482635508,0.8264299802761341,0.14701754385964913,0.0028349602139106345,0.9971650397860894
33384,YOR037W YFL036W,1.0,NA,0.9984812140464783,418,88,30953,2432,0.9256439762768877,0.8260869565217391,0.14666666666666667,0.0028349602139106345,0.9971650397860894
33385,YJL054W YPL098C,1.0,NA,0.9985048770904541,417,88,30953,2433,0.9256144699182673,0.8257425742574257,0.1463157894736842,0.0028349602139106345,0.9971650397860894
33386,YGR181W YNL066W,1.0,NA,0.9985087513923645,416,88,30953,2434,0.9255849635596471,0.8253968253968254,0.14596491228070174,0.0028349602139106345,0.9971650397860894
33387,YMR072W YLL006W,1.0,NA,0.9985122084617615,415,88,30953,2435,0.9255554572010268,0.8250497017892644,0.1456140350877193,0.0028349602139106345,0.9971650397860894
33388,YKL053C-A YML091C,1.0,NA,0.9985159039497375,414,88,30953,2436,0.9255259508424065,0.8247011952191236,0.14526315789473684,0.0028349602139106345,0.9971650397860894
33389,YIL126W YLR153C,0.0,NA,0.9985221028327942,414,87,30954,2436,0.9255554572010268,0.8263473053892215,0.14526315789473684,0.002802744756934377,0.9971972552430656
33390,YOR266W YLL013C,1.0,NA,0.9985349178314209,413,87,30954,2437,0.9255259508424065,0.826,0.14491228070175438,0.002802744756934377,0.9971972552430656
33391,YNL070W YOR330C,1.0,NA,0.9985392093658447,412,87,30954,2438,0.9254964444837862,0.8256513026052105,0.14456140350877192,0.002802744756934377,0.9971972552430656
33392,YLL006W YGR101W,1.0,NA,0.9985509514808655,411,87,30954,2439,0.925466938125166,0.8253012048192772,0.14421052631578948,0.002802744756934377,0.9971972552430656
33393,YLR355C YNL026W,1.0,NA,0.998551070690155,410,87,30954,2440,0.9254374317665457,0.8249496981891348,0.14385964912280702,0.002802744756934377,0.9971972552430656
33394,YPR125W YBR179C,1.0,NA,0.9985546469688416,409,87,30954,2441,0.9254079254079254,0.8245967741935484,0.14350877192982456,0.002802744756934377,0.9971972552430656
33395,YCR028C-A YDL006W,1.0,NA,0.9985600113868713,408,87,30954,2442,0.9253784190493052,0.8242424242424242,0.1431578947368421,0.002802744756934377,0.9971972552430656
33396,YDR168W YGL126W,0.0,NA,0.9985735416412354,408,86,30955,2442,0.9254079254079254,0.8259109311740891,0.1431578947368421,0.00277052929995812,0.9972294707000419
33397,YOR316C YDR354W,0.0,NA,0.9985899329185486,408,85,30956,2442,0.9254374317665457,0.8275862068965517,0.1431578947368421,0.0027383138429818627,0.9972616861570182
33398,YLR212C YIL140W,0.0,NA,0.9985992312431335,408,84,30957,2442,0.925466938125166,0.8292682926829268,0.1431578947368421,0.0027060983860056056,0.9972939016139944
33399,YJR065C YMR241W,1.0,NA,0.9986012578010559,407,84,30957,2443,0.9254374317665457,0.8289205702647657,0.14280701754385966,0.0027060983860056056,0.9972939016139944
33400,YNR035C YLR370C,1.0,NA,0.9986031651496887,406,84,30957,2444,0.9254079254079254,0.8285714285714286,0.1424561403508772,0.0027060983860056056,0.9972939016139944
33401,YDR039C YFL025C,0.0,NA,0.998611569404602,406,83,30958,2444,0.9254374317665457,0.8302658486707567,0.1424561403508772,0.0026738829290293485,0.9973261170709706
33402,YDR099W YDR435C,0.0,NA,0.9986120462417603,406,82,30959,2444,0.925466938125166,0.8319672131147541,0.1424561403508772,0.002641667472053091,0.9973583325279469
33403,YLR368W YPR083W,1.0,NA,0.9986125230789185,405,82,30959,2445,0.9254374317665457,0.8316221765913757,0.14210526315789473,0.002641667472053091,0.9973583325279469
33404,YNL070W YMR211W,1.0,NA,0.9986141920089722,404,82,30959,2446,0.9254079254079254,0.831275720164609,0.14175438596491227,0.002641667472053091,0.9973583325279469
33405,YMR072W YCR028C-A,1.0,NA,0.9986186027526855,403,82,30959,2447,0.9253784190493052,0.8309278350515464,0.14140350877192984,0.002641667472053091,0.9973583325279469
33406,YPR108W YGL207W,0.0,NA,0.9986212253570557,403,81,30960,2447,0.9254079254079254,0.8326446280991735,0.14140350877192984,0.002609452015076834,0.9973905479849232
33407,YBR179C YNL310C,1.0,NA,0.9986215829849243,402,81,30960,2448,0.9253784190493052,0.8322981366459627,0.14105263157894737,0.002609452015076834,0.9973905479849232
33408,YFL036W YOR330C,1.0,NA,0.998637855052948,401,81,30960,2449,0.9253489126906849,0.8319502074688797,0.1407017543859649,0.002609452015076834,0.9973905479849232
33409,YDR131C YDL197C,0.0,NA,0.9986599683761597,401,80,30961,2449,0.9253784190493052,0.8336798336798337,0.1407017543859649,0.0025772365581005767,0.9974227634418994
33410,YNL026W YGR101W,1.0,NA,0.9986711740493774,400,80,30961,2450,0.9253489126906849,0.8333333333333334,0.14035087719298245,0.0025772365581005767,0.9974227634418994
33411,YIL065C YOR211C,1.0,NA,0.9986798167228699,399,80,30961,2451,0.9253194063320646,0.8329853862212944,0.14,0.0025772365581005767,0.9974227634418994
33412,YDR077W YIL065C,1.0,NA,0.9986808896064758,398,80,30961,2452,0.9252898999734442,0.8326359832635983,0.13964912280701755,0.0025772365581005767,0.9974227634418994
33413,YOL101C YNL154C,0.0,NA,0.9986855387687683,398,79,30962,2452,0.9253194063320646,0.8343815513626834,0.13964912280701755,0.0025450211011243196,0.9974549788988757
33414,YEL040W YDR224C,0.0,NA,0.9987004995346069,398,78,30963,2452,0.9253489126906849,0.8361344537815126,0.13964912280701755,0.002512805644148062,0.997487194355852
33415,YOL113W YER129W,0.0,NA,0.9987057447433472,398,77,30964,2452,0.9253784190493052,0.8378947368421052,0.13964912280701755,0.002480590187171805,0.9975194098128282
33416,YJR065C YHR120W,1.0,NA,0.9987101554870605,397,77,30964,2453,0.9253489126906849,0.8375527426160337,0.1392982456140351,0.002480590187171805,0.9975194098128282
33417,YMR060C YIL062C,1.0,NA,0.9987276196479797,396,77,30964,2454,0.9253194063320646,0.8372093023255814,0.13894736842105262,0.002480590187171805,0.9975194098128282
33418,YDR372C YMR239C,0.0,NA,0.9987295269966125,396,76,30965,2454,0.9253489126906849,0.8389830508474576,0.13894736842105262,0.002448374730195548,0.9975516252698045
33419,YPR024W YDL006W,1.0,NA,0.9987382292747498,395,76,30965,2455,0.9253194063320646,0.8386411889596603,0.13859649122807016,0.002448374730195548,0.9975516252698045
33420,YLR370C YHR083W,1.0,NA,0.9987390637397766,394,76,30965,2456,0.9252898999734442,0.8382978723404255,0.13824561403508773,0.002448374730195548,0.9975516252698045
33421,YDR219C YOL060C,1.0,NA,0.9987494945526123,393,76,30965,2457,0.925260393614824,0.837953091684435,0.13789473684210526,0.002448374730195548,0.9975516252698045
33422,YOL095C YNL310C,1.0,NA,0.998752236366272,392,76,30965,2458,0.9252308872562037,0.8376068376068376,0.1375438596491228,0.002448374730195548,0.9975516252698045
33423,YHR143W YBL063W,0.0,NA,0.998755693435669,392,75,30966,2458,0.925260393614824,0.8394004282655246,0.1375438596491228,0.0024161592732192907,0.9975838407267807
33424,YPL179W YKL165C,0.0,NA,0.9987564086914062,392,74,30967,2458,0.9252898999734442,0.8412017167381974,0.1375438596491228,0.0023839438162430336,0.9976160561837569
33425,YMR060C YIL051C,1.0,NA,0.99875807762146,391,74,30967,2459,0.925260393614824,0.8408602150537634,0.13719298245614034,0.0023839438162430336,0.9976160561837569
33426,YMR072W YPR083W,1.0,NA,0.9987601041793823,390,74,30967,2460,0.9252308872562037,0.8405172413793104,0.1368421052631579,0.0023839438162430336,0.9976160561837569
33427,YNR035C YIL138C,1.0,NA,0.9987602233886719,389,74,30967,2461,0.9252013808975834,0.8401727861771058,0.13649122807017544,0.0023839438162430336,0.9976160561837569
33428,YKL053C-A YDL217C,1.0,NA,0.9987646341323853,388,74,30967,2462,0.9251718745389631,0.8398268398268398,0.13614035087719298,0.0023839438162430336,0.9976160561837569
33429,YNL079C YGL020C,1.0,NA,0.9987688660621643,387,74,30967,2463,0.9251423681803429,0.8394793926247288,0.13578947368421052,0.0023839438162430336,0.9976160561837569
33430,YDL142C YNL121C,1.0,NA,0.9987712502479553,386,74,30967,2464,0.9251128618217226,0.8391304347826087,0.13543859649122808,0.0023839438162430336,0.9976160561837569
33431,YGL055W YJL054W,1.0,NA,0.9987714886665344,385,74,30967,2465,0.9250833554631023,0.8387799564270153,0.13508771929824562,0.0023839438162430336,0.9976160561837569
33432,YDL142C YGR181W,1.0,NA,0.9987732768058777,384,74,30967,2466,0.925053849104482,0.8384279475982532,0.13473684210526315,0.0023839438162430336,0.9976160561837569
33433,YDR406W YER030W,0.0,NA,0.9987773299217224,384,73,30968,2466,0.9250833554631023,0.8402625820568927,0.13473684210526315,0.002351728359266776,0.9976482716407332
33434,YBR212W YIL065C,1.0,NA,0.9987823367118835,383,73,30968,2467,0.925053849104482,0.8399122807017544,0.1343859649122807,0.002351728359266776,0.9976482716407332
33435,YMR302C YJR135W-A,1.0,NA,0.9987879395484924,382,73,30968,2468,0.9250243427458618,0.8395604395604396,0.13403508771929826,0.002351728359266776,0.9976482716407332
33436,YIL062C YBR179C,1.0,NA,0.9987913966178894,381,73,30968,2469,0.9249948363872414,0.8392070484581498,0.1336842105263158,0.002351728359266776,0.9976482716407332
33437,YNL070W YNL066W,1.0,NA,0.9987917542457581,380,73,30968,2470,0.9249653300286211,0.8388520971302428,0.13333333333333333,0.002351728359266776,0.9976482716407332
33438,YMR302C YIL138C,1.0,NA,0.9988075494766235,379,73,30968,2471,0.9249358236700009,0.838495575221239,0.13298245614035087,0.002351728359266776,0.9976482716407332
33439,YHR120W YIL062C,1.0,NA,0.9988083839416504,378,73,30968,2472,0.9249063173113806,0.8381374722838137,0.13263157894736843,0.002351728359266776,0.9976482716407332
33440,YIL138C YIL065C,1.0,NA,0.9988105297088623,377,73,30968,2473,0.9248768109527603,0.8377777777777777,0.13228070175438597,0.002351728359266776,0.9976482716407332
33441,YKR036C YJL054W,1.0,NA,0.9988149404525757,376,73,30968,2474,0.92484730459414,0.8374164810690423,0.1319298245614035,0.002351728359266776,0.9976482716407332
33442,YLR128W YNL071W,0.0,NA,0.9988186955451965,376,72,30969,2474,0.9248768109527603,0.8392857142857143,0.1319298245614035,0.002319512902290519,0.9976804870977095
33443,YOL122C YIL125W,0.0,NA,0.9988186955451965,376,71,30970,2474,0.9249063173113806,0.8411633109619687,0.1319298245614035,0.002287297445314262,0.9977127025546857
33444,YJR065C YGL055W,1.0,NA,0.9988196492195129,375,71,30970,2475,0.9248768109527603,0.8408071748878924,0.13157894736842105,0.002287297445314262,0.9977127025546857
33445,YBR009C YMR145C,0.0,NA,0.9988225102424622,375,70,30971,2475,0.9249063173113806,0.8426966292134831,0.13157894736842105,0.0022550819883380047,0.997744918011662
33446,YPL098C YMR134W,1.0,NA,0.9988247752189636,374,70,30971,2476,0.9248768109527603,0.8423423423423423,0.1312280701754386,0.0022550819883380047,0.997744918011662
33447,YOR326W YHR120W,1.0,NA,0.9988355040550232,373,70,30971,2477,0.92484730459414,0.8419864559819413,0.13087719298245615,0.0022550819883380047,0.997744918011662
33448,YMR212C YJR137C,0.0,NA,0.9988377690315247,373,69,30972,2477,0.9248768109527603,0.8438914027149321,0.13087719298245615,0.0022228665313617476,0.9977771334686383
33449,YNL026W YHR031C,1.0,NA,0.9988462924957275,372,69,30972,2478,0.92484730459414,0.8435374149659864,0.13052631578947368,0.0022228665313617476,0.9977771334686383
33450,YHR007C YKL085W,0.0,NA,0.9988497495651245,372,68,30973,2478,0.9248768109527603,0.8454545454545455,0.13052631578947368,0.00219065107438549,0.9978093489256145
33451,YNL026W YJR065C,1.0,NA,0.9988553524017334,371,68,30973,2479,0.92484730459414,0.8451025056947609,0.13017543859649122,0.00219065107438549,0.9978093489256145
33452,YHR031C YOR211C,1.0,NA,0.9988640546798706,370,68,30973,2480,0.9248177982355198,0.8447488584474886,0.12982456140350876,0.00219065107438549,0.9978093489256145
33453,YJL063C YNR035C,1.0,NA,0.9988642930984497,369,68,30973,2481,0.9247882918768995,0.8443935926773455,0.12947368421052632,0.00219065107438549,0.9978093489256145
33454,YMR302C YGR181W,1.0,NA,0.9988747239112854,368,68,30973,2482,0.9247587855182792,0.8440366972477065,0.12912280701754386,0.00219065107438549,0.9978093489256145
33455,YHR186C YHR058C,0.0,NA,0.9988880753517151,368,67,30974,2482,0.9247882918768995,0.8459770114942529,0.12912280701754386,0.002158435617409233,0.9978415643825908
33456,YHR120W YMR241W,1.0,NA,0.9988940358161926,367,67,30974,2483,0.9247587855182792,0.8456221198156681,0.1287719298245614,0.002158435617409233,0.9978415643825908
33457,YKR036C YOL095C,1.0,NA,0.9988970756530762,366,67,30974,2484,0.9247292791596589,0.8452655889145496,0.12842105263157894,0.002158435617409233,0.9978415643825908
33458,YKR036C YIL062C,1.0,NA,0.998898983001709,365,67,30974,2485,0.9246997728010387,0.8449074074074074,0.1280701754385965,0.002158435617409233,0.9978415643825908
33459,YHR120W YKR042W,1.0,NA,0.9989155530929565,364,67,30974,2486,0.9246702664424183,0.8445475638051044,0.12771929824561404,0.002158435617409233,0.9978415643825908
33460,YOR326W YKL053C-A,1.0,NA,0.9989223480224609,363,67,30974,2487,0.924640760083798,0.8441860465116279,0.12736842105263158,0.002158435617409233,0.9978415643825908
33461,YPL098C YIL051C,1.0,NA,0.9989287257194519,362,67,30974,2488,0.9246112537251778,0.8438228438228438,0.1270175438596491,0.002158435617409233,0.9978415643825908
33462,YML058W YMR012W,1.0,NA,0.998932421207428,361,67,30974,2489,0.9245817473665575,0.8434579439252337,0.12666666666666668,0.002158435617409233,0.9978415643825908
33463,YDR150W YGR181W,1.0,NA,0.9989374279975891,360,67,30974,2490,0.9245522410079372,0.8430913348946136,0.12631578947368421,0.002158435617409233,0.9978415643825908
33464,YDL217C YBR091C,1.0,NA,0.9989398121833801,359,67,30974,2491,0.9245227346493169,0.8427230046948356,0.12596491228070175,0.002158435617409233,0.9978415643825908
33465,YNL070W YIL051C,1.0,NA,0.9989455342292786,358,67,30974,2492,0.9244932282906967,0.8423529411764706,0.1256140350877193,0.002158435617409233,0.9978415643825908
33466,YOR025W YCR084C,0.0,NA,0.998946487903595,358,66,30975,2492,0.9245227346493169,0.8443396226415094,0.1256140350877193,0.0021262201604329758,0.997873779839567
33467,YCR028C-A YNL310C,1.0,NA,0.9989603757858276,357,66,30975,2493,0.9244932282906967,0.8439716312056738,0.12526315789473685,0.0021262201604329758,0.997873779839567
33468,YOL111C YAL041W,0.0,NA,0.9989620447158813,357,65,30976,2493,0.9245227346493169,0.8459715639810427,0.12526315789473685,0.0020940047034567187,0.9979059952965433
33469,YML013W YPR182W,0.0,NA,0.9989988207817078,357,64,30977,2493,0.9245522410079372,0.8479809976247031,0.12526315789473685,0.002061789246480461,0.9979382107535195
33470,YKL053C-A YNL121C,1.0,NA,0.9989989399909973,356,64,30977,2494,0.9245227346493169,0.8476190476190476,0.12491228070175439,0.002061789246480461,0.9979382107535195
33471,YLR370C YMR211W,1.0,NA,0.9990056157112122,355,64,30977,2495,0.9244932282906967,0.847255369928401,0.12456140350877193,0.002061789246480461,0.9979382107535195
33472,YDR093W YBR229C,0.0,NA,0.9990097284317017,355,63,30978,2495,0.9245227346493169,0.8492822966507177,0.12456140350877193,0.002029573789504204,0.9979704262104958
33473,YGL020C YIL051C,1.0,NA,0.9990102052688599,354,63,30978,2496,0.9244932282906967,0.8489208633093526,0.12421052631578948,0.002029573789504204,0.9979704262104958
33474,YMR072W YBR091C,1.0,NA,0.9990217685699463,353,63,30978,2497,0.9244637219320764,0.8485576923076923,0.12385964912280702,0.002029573789504204,0.9979704262104958
33475,YCR018C YDL042C,0.0,NA,0.999026894569397,353,62,30979,2497,0.9244932282906967,0.8506024096385543,0.12385964912280702,0.001997358332527947,0.9980026416674721
33476,YKR036C YMR012W,1.0,NA,0.999029278755188,352,62,30979,2498,0.9244637219320764,0.8502415458937198,0.12350877192982457,0.001997358332527947,0.9980026416674721
33477,YDR296W YDR077W,1.0,NA,0.9990395903587341,351,62,30979,2499,0.9244342155734561,0.8498789346246973,0.1231578947368421,0.001997358332527947,0.9980026416674721
33478,YIL062C YNL213C,1.0,NA,0.9990485310554504,350,62,30979,2500,0.9244047092148358,0.8495145631067961,0.12280701754385964,0.001997358332527947,0.9980026416674721
33479,YOL060C YGR181W,1.0,NA,0.9990629553794861,349,62,30979,2501,0.9243752028562155,0.8491484184914841,0.1224561403508772,0.001997358332527947,0.9980026416674721
33480,YGL219C YIL065C,1.0,NA,0.9990673661231995,348,62,30979,2502,0.9243456964975952,0.848780487804878,0.12210526315789473,0.001997358332527947,0.9980026416674721
33481,YOL027C YOL076W,1.0,NA,0.9990723133087158,347,62,30979,2503,0.9243161901389749,0.8484107579462102,0.12175438596491228,0.001997358332527947,0.9980026416674721
33482,YGR032W YJR090C,0.0,NA,0.9990724325180054,347,61,30980,2503,0.9243456964975952,0.8504901960784313,0.12175438596491228,0.0019651428755516898,0.9980348571244483
33483,YFL036W YDL006W,1.0,NA,0.9990767240524292,346,61,30980,2504,0.9243161901389749,0.8501228501228502,0.12140350877192982,0.0019651428755516898,0.9980348571244483
33484,YLL006W YBR234C,1.0,NA,0.9990801811218262,345,61,30980,2505,0.9242866837803546,0.8497536945812808,0.12105263157894737,0.0019651428755516898,0.9980348571244483
33485,YNL267W YOR288C,0.0,NA,0.9990863800048828,345,60,30981,2505,0.9243161901389749,0.8518518518518519,0.12105263157894737,0.0019329274185754324,0.9980670725814246
33486,YIL110W YKL060C,0.0,NA,0.9990900754928589,345,59,30982,2505,0.9243456964975952,0.8539603960396039,0.12105263157894737,0.0019007119615991753,0.9980992880384009
33487,YHR083W YKR042W,1.0,NA,0.9990959167480469,344,59,30982,2506,0.9243161901389749,0.8535980148883374,0.12070175438596491,0.0019007119615991753,0.9980992880384009
33488,YDL142C YJL112W,1.0,NA,0.9990999698638916,343,59,30982,2507,0.9242866837803546,0.8532338308457711,0.12035087719298246,0.0019007119615991753,0.9980992880384009
33489,YMR241W YGR181W,1.0,NA,0.9991002082824707,342,59,30982,2508,0.9242571774217344,0.8528678304239401,0.12,0.0019007119615991753,0.9980992880384009
33490,YNL121C YGR181W,1.0,NA,0.9991070628166199,341,59,30982,2509,0.9242276710631141,0.8525,0.11964912280701755,0.0019007119615991753,0.9980992880384009
33491,YDR219C YLL013C,1.0,NA,0.9991083741188049,340,59,30982,2510,0.9241981647044938,0.8521303258145363,0.11929824561403508,0.0019007119615991753,0.9980992880384009
33492,YPR131C YOL076W,1.0,NA,0.9991114735603333,339,59,30982,2511,0.9241686583458736,0.8517587939698492,0.11894736842105263,0.0019007119615991753,0.9980992880384009
33493,YDR219C YFL036W,1.0,NA,0.9991263747215271,338,59,30982,2512,0.9241391519872533,0.8513853904282116,0.11859649122807017,0.0019007119615991753,0.9980992880384009
33494,YNL052W YDR225W,0.0,NA,0.9991263747215271,338,58,30983,2512,0.9241686583458736,0.8535353535353535,0.11859649122807017,0.001868496504622918,0.998131503495377
33495,YNL026W YGL219C,1.0,NA,0.9991291165351868,337,58,30983,2513,0.9241391519872533,0.8531645569620253,0.11824561403508772,0.001868496504622918,0.998131503495377
33496,YPL098C YDR077W,1.0,NA,0.9991401433944702,336,58,30983,2514,0.924109645628633,0.8527918781725888,0.11789473684210526,0.001868496504622918,0.998131503495377
33497,YJL063C YGL219C,1.0,NA,0.9991439580917358,335,58,30983,2515,0.9240801392700126,0.8524173027989822,0.11754385964912281,0.001868496504622918,0.998131503495377
33498,YLR368W YPR131C,1.0,NA,0.9991451501846313,334,58,30983,2516,0.9240506329113924,0.8520408163265306,0.11719298245614035,0.001868496504622918,0.998131503495377
33499,YDR219C YDL006W,1.0,NA,0.9991515874862671,333,58,30983,2517,0.9240211265527721,0.8516624040920716,0.1168421052631579,0.001868496504622918,0.998131503495377
33500,YKL188C YLR395C,0.0,NA,0.9991613626480103,333,57,30984,2517,0.9240506329113924,0.8538461538461538,0.1168421052631579,0.0018362810476466609,0.9981637189523533
33501,YMR091C YGR089W,0.0,NA,0.9991631507873535,333,56,30985,2517,0.9240801392700126,0.8560411311053985,0.1168421052631579,0.0018040655906704037,0.9981959344093296
33502,YNL026W YHR083W,1.0,NA,0.9991658926010132,332,56,30985,2518,0.9240506329113924,0.8556701030927835,0.11649122807017544,0.0018040655906704037,0.9981959344093296
33503,YCR028C-A YLR304C,1.0,NA,0.9991685152053833,331,56,30985,2519,0.9240211265527721,0.8552971576227391,0.11614035087719299,0.0018040655906704037,0.9981959344093296
33504,YJR135W-A YDR077W,1.0,NA,0.9991687536239624,330,56,30985,2520,0.9239916201941518,0.8549222797927462,0.11578947368421053,0.0018040655906704037,0.9981959344093296
33505,YML091C YDL217C,1.0,NA,0.999168872833252,329,56,30985,2521,0.9239621138355315,0.8545454545454545,0.11543859649122808,0.0018040655906704037,0.9981959344093296
33506,YPR167C YPR191W,0.0,NA,0.9991692304611206,329,55,30986,2521,0.9239916201941518,0.8567708333333334,0.11543859649122808,0.0017718501336941464,0.9982281498663058
33507,YPL098C YCR028C-A,1.0,NA,0.9991722106933594,328,55,30986,2522,0.9239621138355315,0.856396866840731,0.11508771929824561,0.0017718501336941464,0.9982281498663058
33508,YNL070W YOL076W,1.0,NA,0.9991723299026489,327,55,30986,2523,0.9239326074769113,0.856020942408377,0.11473684210526315,0.0017718501336941464,0.9982281498663058
33509,YLR370C YDR219C,1.0,NA,0.9991745352745056,326,55,30986,2524,0.923903101118291,0.8556430446194225,0.1143859649122807,0.0017718501336941464,0.9982281498663058
33510,YLR244C YMR009W,0.0,NA,0.9991841912269592,326,54,30987,2524,0.9239326074769113,0.8578947368421053,0.1143859649122807,0.0017396346767178893,0.9982603653232821
33511,YKL053C-A YLL006W,1.0,NA,0.9991874098777771,325,54,30987,2525,0.923903101118291,0.8575197889182058,0.11403508771929824,0.0017396346767178893,0.9982603653232821
33512,YPR073C YOR025W,0.0,NA,0.9991886019706726,325,53,30988,2525,0.9239326074769113,0.8597883597883598,0.11403508771929824,0.001707419219741632,0.9982925807802584
33513,YDR296W YPL098C,1.0,NA,0.9991897940635681,324,53,30988,2526,0.923903101118291,0.8594164456233422,0.11368421052631579,0.001707419219741632,0.9982925807802584
33514,YPR131C YDR077W,1.0,NA,0.9991921782493591,323,53,30988,2527,0.9238735947596707,0.8590425531914894,0.11333333333333333,0.001707419219741632,0.9982925807802584
33515,YOR211C YGR181W,1.0,NA,0.999194324016571,322,53,30988,2528,0.9238440884010505,0.8586666666666667,0.11298245614035088,0.001707419219741632,0.9982925807802584
33516,YLR354C YNL127W,0.0,NA,0.9991956353187561,322,52,30989,2528,0.9238735947596707,0.8609625668449198,0.11298245614035088,0.0016752037627653748,0.9983247962372346
33517,YOR354C YDR212W,0.0,NA,0.9991965889930725,322,51,30990,2528,0.923903101118291,0.8632707774798928,0.11298245614035088,0.0016429883057891177,0.9983570116942109
33518,YGL020C YBR234C,1.0,NA,0.9992017149925232,321,51,30990,2529,0.9238735947596707,0.8629032258064516,0.11263157894736842,0.0016429883057891177,0.9983570116942109
33519,YIL051C YMR241W,1.0,NA,0.999208390712738,320,51,30990,2530,0.9238440884010505,0.862533692722372,0.11228070175438597,0.0016429883057891177,0.9983570116942109
33520,YPL098C YMR072W,1.0,NA,0.9992086291313171,319,51,30990,2531,0.9238145820424302,0.8621621621621621,0.1119298245614035,0.0016429883057891177,0.9983570116942109
33521,YLR355C YNL121C,1.0,NA,0.9992144107818604,318,51,30990,2532,0.9237850756838099,0.8617886178861789,0.11157894736842106,0.0016429883057891177,0.9983570116942109
33522,YGL055W YER154W,1.0,NA,0.9992190599441528,317,51,30990,2533,0.9237555693251895,0.8614130434782609,0.11122807017543859,0.0016429883057891177,0.9983570116942109
33523,YNL310C YOL076W,1.0,NA,0.9992191791534424,316,51,30990,2534,0.9237260629665693,0.8610354223433242,0.11087719298245614,0.0016429883057891177,0.9983570116942109
33524,YBR234C YMR211W,1.0,NA,0.9992198944091797,315,51,30990,2535,0.923696556607949,0.860655737704918,0.11052631578947368,0.0016429883057891177,0.9983570116942109
33525,YMR302C YNL070W,1.0,NA,0.9992221593856812,314,51,30990,2536,0.9236670502493287,0.8602739726027397,0.11017543859649123,0.0016429883057891177,0.9983570116942109
33526,YKR036C YJL063C,1.0,NA,0.9992276430130005,313,51,30990,2537,0.9236375438907084,0.8598901098901099,0.10982456140350877,0.0016429883057891177,0.9983570116942109
33527,YOR326W YOL060C,1.0,NA,0.9992600083351135,312,51,30990,2538,0.9236080375320882,0.859504132231405,0.10947368421052632,0.0016429883057891177,0.9983570116942109
33528,YOR037W YDL006W,1.0,NA,0.9992621541023254,311,51,30990,2539,0.9235785311734679,0.8591160220994475,0.10912280701754386,0.0016429883057891177,0.9983570116942109
33529,YNR041C YJL212C,0.0,NA,0.9992645382881165,311,50,30991,2539,0.9236080375320882,0.8614958448753463,0.10912280701754386,0.0016107728488128604,0.9983892271511872
33530,YBR110W YDR279W,0.0,NA,0.9992735981941223,311,49,30992,2539,0.9236375438907084,0.8638888888888889,0.10912280701754386,0.0015785573918366033,0.9984214426081633
33531,YMR012W YDR077W,1.0,NA,0.9992737174034119,310,49,30992,2540,0.9236080375320882,0.8635097493036211,0.10877192982456141,0.0015785573918366033,0.9984214426081633
33532,YPR024W YCR028C-A,1.0,NA,0.9992777705192566,309,49,30992,2541,0.9235785311734679,0.8631284916201117,0.10842105263157895,0.0015785573918366033,0.9984214426081633
33533,YMR006C YML012W,0.0,NA,0.9992867112159729,309,48,30993,2541,0.9236080375320882,0.865546218487395,0.10842105263157895,0.001546341934860346,0.9984536580651396
33534,YDR219C YJL112W,1.0,NA,0.9992873072624207,308,48,30993,2542,0.9235785311734679,0.8651685393258427,0.1080701754385965,0.001546341934860346,0.9984536580651396
33535,YGL219C YGR101W,1.0,NA,0.9992917776107788,307,48,30993,2543,0.9235490248148476,0.8647887323943662,0.10771929824561403,0.001546341934860346,0.9984536580651396
33536,YDR219C YOL027C,1.0,NA,0.999292254447937,306,48,30993,2544,0.9235195184562273,0.864406779661017,0.10736842105263159,0.001546341934860346,0.9984536580651396
33537,YNL070W YPL098C,1.0,NA,0.9992952346801758,305,48,30993,2545,0.9234900120976071,0.8640226628895185,0.10701754385964912,0.001546341934860346,0.9984536580651396
33538,YHR031C YFL036W,1.0,NA,0.9992997646331787,304,48,30993,2546,0.9234605057389867,0.8636363636363636,0.10666666666666667,0.001546341934860346,0.9984536580651396
33539,YML058W YMR241W,1.0,NA,0.9993051290512085,303,48,30993,2547,0.9234309993803664,0.8632478632478633,0.10631578947368421,0.001546341934860346,0.9984536580651396
33540,YOL095C YDR219C,1.0,NA,0.9993084669113159,302,48,30993,2548,0.9234014930217462,0.8628571428571429,0.10596491228070175,0.001546341934860346,0.9984536580651396
33541,YPL252C YJR068W,0.0,NA,0.9993115663528442,302,47,30994,2548,0.9234309993803664,0.8653295128939829,0.10596491228070175,0.0015141264778840888,0.9984858735221159
33542,YBR240C YML095C,0.0,NA,0.9993120431900024,302,46,30995,2548,0.9234605057389867,0.867816091954023,0.10596491228070175,0.0014819110209078315,0.9985180889790922
33543,YOL095C YDL006W,1.0,NA,0.9993157386779785,301,46,30995,2549,0.9234309993803664,0.8674351585014409,0.1056140350877193,0.0014819110209078315,0.9985180889790922
33544,YKL053C-A YJL063C,1.0,NA,0.9993247985839844,300,46,30995,2550,0.9234014930217462,0.8670520231213873,0.10526315789473684,0.0014819110209078315,0.9985180889790922
33545,YMR060C YLL013C,1.0,NA,0.9993284940719604,299,46,30995,2551,0.9233719866631259,0.8666666666666667,0.10491228070175439,0.0014819110209078315,0.9985180889790922
33546,YHR083W YGR101W,1.0,NA,0.999332845211029,298,46,30995,2552,0.9233424803045056,0.8662790697674418,0.10456140350877192,0.0014819110209078315,0.9985180889790922
33547,YIL065C YGR101W,1.0,NA,0.999334990978241,297,46,30995,2553,0.9233129739458853,0.8658892128279884,0.10421052631578948,0.0014819110209078315,0.9985180889790922
33548,YER154W YDL217C,1.0,NA,0.999344527721405,296,46,30995,2554,0.9232834675872651,0.8654970760233918,0.10385964912280701,0.0014819110209078315,0.9985180889790922
33549,YLR355C YGR181W,1.0,NA,0.9993525147438049,295,46,30995,2555,0.9232539612286448,0.8651026392961877,0.10350877192982456,0.0014819110209078315,0.9985180889790922
33550,YMR302C YCR028C-A,1.0,NA,0.9993526339530945,294,46,30995,2556,0.9232244548700245,0.8647058823529412,0.1031578947368421,0.0014819110209078315,0.9985180889790922
33551,YDR296W YLR304C,1.0,NA,0.9993571639060974,293,46,30995,2557,0.9231949485114042,0.8643067846607669,0.10280701754385965,0.0014819110209078315,0.9985180889790922
33552,YNL213C YIL051C,1.0,NA,0.9993587136268616,292,46,30995,2558,0.923165442152784,0.863905325443787,0.10245614035087719,0.0014819110209078315,0.9985180889790922
33553,YDR296W YOL095C,1.0,NA,0.9993613362312317,291,46,30995,2559,0.9231359357941636,0.8635014836795252,0.10210526315789474,0.0014819110209078315,0.9985180889790922
33554,YGL020C YOL076W,1.0,NA,0.9993628859519958,290,46,30995,2560,0.9231064294355433,0.8630952380952381,0.10175438596491228,0.0014819110209078315,0.9985180889790922
33555,YHR194W YIL065C,1.0,NA,0.9993636012077332,289,46,30995,2561,0.9230769230769231,0.8626865671641791,0.10140350877192983,0.0014819110209078315,0.9985180889790922
33556,YMR302C YHR120W,1.0,NA,0.9993663430213928,288,46,30995,2562,0.9230474167183028,0.8622754491017964,0.10105263157894737,0.0014819110209078315,0.9985180889790922
33557,YOR375C YGL173C,0.0,NA,0.9993694424629211,288,45,30996,2562,0.9230769230769231,0.8648648648648649,0.10105263157894737,0.0014496955639315744,0.9985503044360684
33558,YNL070W YNL121C,1.0,NA,0.9993776679039001,287,45,30996,2563,0.9230474167183028,0.8644578313253012,0.10070175438596492,0.0014496955639315744,0.9985503044360684
33559,YDR427W YJR092W,0.0,NA,0.9993785619735718,287,44,30997,2563,0.9230769230769231,0.8670694864048338,0.10070175438596492,0.0014174801069553173,0.9985825198930447
33560,YLR355C YLR304C,1.0,NA,0.9993808269500732,286,44,30997,2564,0.9230474167183028,0.8666666666666667,0.10035087719298245,0.0014174801069553173,0.9985825198930447
33561,YNR035C YCR028C-A,1.0,NA,0.999382734298706,285,44,30997,2565,0.9230179103596825,0.8662613981762918,0.1,0.0014174801069553173,0.9985825198930447
33562,YOR047C YDR486C,0.0,NA,0.9993875026702881,285,43,30998,2565,0.9230474167183028,0.8689024390243902,0.1,0.00138526464997906,0.998614735350021
33563,YHR031C YKL053C-A,1.0,NA,0.9993916749954224,284,43,30998,2566,0.9230179103596825,0.8685015290519877,0.09964912280701754,0.00138526464997906,0.998614735350021
33564,YLR368W YOR211C,1.0,NA,0.9993958473205566,283,43,30998,2567,0.9229884040010622,0.8680981595092024,0.0992982456140351,0.00138526464997906,0.998614735350021
33565,YOR037W YBR179C,1.0,NA,0.9993960857391357,282,43,30998,2568,0.922958897642442,0.8676923076923077,0.09894736842105263,0.00138526464997906,0.998614735350021
33566,YHR120W YMR012W,1.0,NA,0.9993988275527954,281,43,30998,2569,0.9229293912838217,0.8672839506172839,0.09859649122807018,0.00138526464997906,0.998614735350021
33567,YCR028C-A YDR077W,1.0,NA,0.9994004964828491,280,43,30998,2570,0.9228998849252014,0.8668730650154799,0.09824561403508772,0.00138526464997906,0.998614735350021
33568,YJL063C YIL062C,1.0,NA,0.999402642250061,279,43,30998,2571,0.922870378566581,0.8664596273291926,0.09789473684210526,0.00138526464997906,0.998614735350021
33569,YKL013C YML091C,1.0,NA,0.9994133710861206,278,43,30998,2572,0.9228408722079608,0.8660436137071651,0.09754385964912281,0.00138526464997906,0.998614735350021
33570,YNL026W YLR370C,1.0,NA,0.9994218349456787,277,43,30998,2573,0.9228113658493405,0.865625,0.09719298245614034,0.00138526464997906,0.998614735350021
33571,YDR219C YGR181W,1.0,NA,0.9994246959686279,276,43,30998,2574,0.9227818594907202,0.8652037617554859,0.0968421052631579,0.00138526464997906,0.998614735350021
33572,YNL310C YKR042W,1.0,NA,0.9994342923164368,275,43,30998,2575,0.9227523531321,0.8647798742138365,0.09649122807017543,0.00138526464997906,0.998614735350021
33573,YPR131C YMR012W,1.0,NA,0.9994350075721741,274,43,30998,2576,0.9227228467734797,0.8643533123028391,0.09614035087719298,0.00138526464997906,0.998614735350021
33574,YDR219C YBR179C,1.0,NA,0.9994375109672546,273,43,30998,2577,0.9226933404148594,0.8639240506329114,0.09578947368421052,0.00138526464997906,0.998614735350021
33575,YLL006W YDL006W,1.0,NA,0.9994401335716248,272,43,30998,2578,0.9226638340562391,0.8634920634920635,0.09543859649122807,0.00138526464997906,0.998614735350021
33576,YER123W YJR123W,0.0,NA,0.9994437098503113,272,42,30999,2578,0.9226933404148594,0.8662420382165605,0.09543859649122807,0.0013530491930028028,0.9986469508069972
33577,YJL063C YFL039C,1.0,NA,0.9994465708732605,271,42,30999,2579,0.9226638340562391,0.865814696485623,0.09508771929824561,0.0013530491930028028,0.9986469508069972
33578,YOR326W YJL063C,1.0,NA,0.9994506239891052,270,42,30999,2580,0.9226343276976189,0.8653846153846154,0.09473684210526316,0.0013530491930028028,0.9986469508069972
33579,YDR296W YLL006W,1.0,NA,0.9994600415229797,269,42,30999,2581,0.9226048213389986,0.864951768488746,0.0943859649122807,0.0013530491930028028,0.9986469508069972
33580,YDL217C YMR241W,1.0,NA,0.9994766116142273,268,42,30999,2582,0.9225753149803783,0.864516129032258,0.09403508771929825,0.0013530491930028028,0.9986469508069972
33581,YIL138C YML091C,1.0,NA,0.9994766116142273,267,42,30999,2583,0.922545808621758,0.8640776699029126,0.09368421052631579,0.0013530491930028028,0.9986469508069972
33582,YNL310C YBR091C,1.0,NA,0.9994792342185974,266,42,30999,2584,0.9225163022631377,0.8636363636363636,0.09333333333333334,0.0013530491930028028,0.9986469508069972
33583,YGR282C YDR461W,0.0,NA,0.9994798302650452,266,41,31000,2584,0.922545808621758,0.8664495114006515,0.09333333333333334,0.0013208337360265455,0.9986791662639735
33584,YOR037W YDL142C,1.0,NA,0.9994804263114929,265,41,31000,2585,0.9225163022631377,0.8660130718954249,0.09298245614035087,0.0013208337360265455,0.9986791662639735
33585,YGL219C YDR077W,1.0,NA,0.9994813799858093,264,41,31000,2586,0.9224867959045174,0.8655737704918033,0.09263157894736843,0.0013208337360265455,0.9986791662639735
33586,YFL036W YBR091C,1.0,NA,0.9994844198226929,263,41,31000,2587,0.9224572895458971,0.8651315789473685,0.09228070175438596,0.0013208337360265455,0.9986791662639735
33587,YGL055W YGR181W,1.0,NA,0.9994922876358032,262,41,31000,2588,0.9224277831872768,0.8646864686468647,0.09192982456140351,0.0013208337360265455,0.9986791662639735
33588,YDR071C YOR058C,0.0,NA,0.9994962215423584,262,40,31001,2588,0.9224572895458971,0.8675496688741722,0.09192982456140351,0.0012886182790502884,0.9987113817209498
33589,YJR065C YNR035C,1.0,NA,0.9995059967041016,261,40,31001,2589,0.9224277831872768,0.867109634551495,0.09157894736842105,0.0012886182790502884,0.9987113817209498
33590,YDL008W YJR019C,0.0,NA,0.9995085000991821,261,39,31002,2589,0.9224572895458971,0.87,0.09157894736842105,0.001256402822074031,0.9987435971779259
33591,YDR296W YJR135W-A,1.0,NA,0.9995094537734985,260,39,31002,2590,0.9224277831872768,0.8695652173913043,0.0912280701754386,0.001256402822074031,0.9987435971779259
33592,YGR232W YLR195C,0.0,NA,0.9995098114013672,260,38,31003,2590,0.9224572895458971,0.87248322147651,0.0912280701754386,0.001224187365097774,0.9987758126349022
33593,YIL138C YIL051C,1.0,NA,0.9995174407958984,259,38,31003,2591,0.9224277831872768,0.8720538720538721,0.09087719298245614,0.001224187365097774,0.9987758126349022
33594,YIL062C YLL006W,1.0,NA,0.999518871307373,258,38,31003,2592,0.9223982768286566,0.8716216216216216,0.09052631578947369,0.001224187365097774,0.9987758126349022
33595,YCR028C-A YFL036W,1.0,NA,0.9995204210281372,257,38,31003,2593,0.9223687704700363,0.8711864406779661,0.09017543859649123,0.001224187365097774,0.9987758126349022
33596,YHR120W YLR304C,1.0,NA,0.9995238780975342,256,38,31003,2594,0.922339264111416,0.8707482993197279,0.08982456140350877,0.001224187365097774,0.9987758126349022
33597,YDR296W YML091C,1.0,NA,0.9995250701904297,255,38,31003,2595,0.9223097577527958,0.8703071672354948,0.08947368421052632,0.001224187365097774,0.9987758126349022
33598,YBR212W YGL055W,1.0,NA,0.9995285272598267,254,38,31003,2596,0.9222802513941755,0.8698630136986302,0.08912280701754385,0.001224187365097774,0.9987758126349022
33599,YJR065C YGL219C,1.0,NA,0.9995298385620117,253,38,31003,2597,0.9222507450355552,0.8694158075601375,0.0887719298245614,0.001224187365097774,0.9987758126349022
33600,YDR219C YLR304C,1.0,NA,0.9995552897453308,252,38,31003,2598,0.9222212386769348,0.8689655172413793,0.08842105263157894,0.001224187365097774,0.9987758126349022
33601,YPL146C YGR061C,0.0,NA,0.9995555281639099,252,37,31004,2598,0.9222507450355552,0.8719723183391004,0.08842105263157894,0.0011919719081215168,0.9988080280918785
33602,YOR037W YBR091C,1.0,NA,0.9995575547218323,251,37,31004,2599,0.9222212386769348,0.8715277777777778,0.08807017543859649,0.0011919719081215168,0.9988080280918785
33603,YHR120W YFL039C,1.0,NA,0.9995612502098083,250,37,31004,2600,0.9221917323183146,0.8710801393728222,0.08771929824561403,0.0011919719081215168,0.9988080280918785
33604,YNL070W YML091C,1.0,NA,0.9995688796043396,249,37,31004,2601,0.9221622259596943,0.8706293706293706,0.08736842105263158,0.0011919719081215168,0.9988080280918785
33605,YJR065C YIL138C,1.0,NA,0.9995711445808411,248,37,31004,2602,0.922132719601074,0.8701754385964913,0.08701754385964912,0.0011919719081215168,0.9988080280918785
33606,YMR060C YDL006W,1.0,NA,0.9995728135108948,247,37,31004,2603,0.9221032132424537,0.8697183098591549,0.08666666666666667,0.0011919719081215168,0.9988080280918785
33607,YNL079C YOL095C,1.0,NA,0.999573290348053,246,37,31004,2604,0.9220737068838335,0.8692579505300353,0.0863157894736842,0.0011919719081215168,0.9988080280918785
33608,YOR035C YDR279W,0.0,NA,0.9995734095573425,246,36,31005,2604,0.9221032132424537,0.8723404255319149,0.0863157894736842,0.0011597564511452595,0.9988402435488547
33609,YMR302C YMR060C,1.0,NA,0.9995747208595276,245,36,31005,2605,0.9220737068838335,0.8718861209964412,0.08596491228070176,0.0011597564511452595,0.9988402435488547
33610,YOL095C YDL217C,1.0,NA,0.9995757937431335,244,36,31005,2606,0.9220442005252132,0.8714285714285714,0.0856140350877193,0.0011597564511452595,0.9988402435488547
33611,YJL063C YOR266W,1.0,NA,0.9995808005332947,243,36,31005,2607,0.9220146941665929,0.8709677419354839,0.08526315789473685,0.0011597564511452595,0.9988402435488547
33612,YNL070W YFL036W,1.0,NA,0.9995812773704529,242,36,31005,2608,0.9219851878079727,0.8705035971223022,0.08491228070175438,0.0011597564511452595,0.9988402435488547
33613,YMR302C YHR083W,1.0,NA,0.9995837807655334,241,36,31005,2609,0.9219556814493524,0.8700361010830325,0.08456140350877193,0.0011597564511452595,0.9988402435488547
33614,YLR370C YOL076W,1.0,NA,0.9995855689048767,240,36,31005,2610,0.921926175090732,0.8695652173913043,0.08421052631578947,0.0011597564511452595,0.9988402435488547
33615,YHR120W YBR234C,1.0,NA,0.9995865225791931,239,36,31005,2611,0.9218966687321117,0.8690909090909091,0.08385964912280702,0.0011597564511452595,0.9988402435488547
33616,YJR065C YOR266W,1.0,NA,0.9995895028114319,238,36,31005,2612,0.9218671623734915,0.8686131386861314,0.08350877192982456,0.0011597564511452595,0.9988402435488547
33617,YLR355C YJL054W,1.0,NA,0.9995934367179871,237,36,31005,2613,0.9218376560148712,0.8681318681318682,0.08315789473684211,0.0011597564511452595,0.9988402435488547
33618,YHR194W YBR179C,1.0,NA,0.9995949864387512,236,36,31005,2614,0.9218081496562509,0.8676470588235294,0.08280701754385965,0.0011597564511452595,0.9988402435488547
33619,YNL070W YKR042W,1.0,NA,0.9995957016944885,235,36,31005,2615,0.9217786432976306,0.8671586715867159,0.0824561403508772,0.0011597564511452595,0.9988402435488547
33620,YNL090W YER026C,0.0,NA,0.9995966553688049,235,35,31006,2615,0.9218081496562509,0.8703703703703703,0.0824561403508772,0.0011275409941690023,0.998872459005831
33621,YKL086W YKL041W,0.0,NA,0.9995998740196228,235,34,31007,2615,0.9218376560148712,0.8736059479553904,0.0824561403508772,0.001095325537192745,0.9989046744628073
33622,YLR304C YBR234C,1.0,NA,0.9996002316474915,234,34,31007,2616,0.9218081496562509,0.8731343283582089,0.08210526315789474,0.001095325537192745,0.9989046744628073
33623,YPL098C YIL138C,1.0,NA,0.9996016621589661,233,34,31007,2617,0.9217786432976306,0.8726591760299626,0.08175438596491227,0.001095325537192745,0.9989046744628073
33624,YMR060C YLR370C,1.0,NA,0.9996050000190735,232,34,31007,2618,0.9217491369390104,0.8721804511278195,0.08140350877192983,0.001095325537192745,0.9989046744628073
33625,YDL142C YGR101W,1.0,NA,0.9996055960655212,231,34,31007,2619,0.9217196305803901,0.8716981132075472,0.08105263157894736,0.001095325537192745,0.9989046744628073
33626,YDR099W YKL067W,0.0,NA,0.999613344669342,231,33,31008,2619,0.9217491369390104,0.875,0.08105263157894736,0.0010631100802164879,0.9989368899197835
33627,YKL053C-A YGR181W,1.0,NA,0.9996167421340942,230,33,31008,2620,0.9217196305803901,0.8745247148288974,0.08070175438596491,0.0010631100802164879,0.9989368899197835
33628,YDR296W YHR120W,1.0,NA,0.9996296167373657,229,33,31008,2621,0.9216901242217698,0.8740458015267175,0.08035087719298245,0.0010631100802164879,0.9989368899197835
33629,YJR065C YJL112W,1.0,NA,0.9996300935745239,228,33,31008,2622,0.9216606178631495,0.8735632183908046,0.08,0.0010631100802164879,0.9989368899197835
33630,YLR368W YLR370C,1.0,NA,0.9996337890625,227,33,31008,2623,0.9216311115045293,0.8730769230769231,0.07964912280701754,0.0010631100802164879,0.9989368899197835
33631,YIL125W YLL041C,0.0,NA,0.9996340274810791,227,32,31009,2623,0.9216606178631495,0.8764478764478765,0.07964912280701754,0.0010308946232402306,0.9989691053767598
33632,YGR042W YDL099W,0.0,NA,0.9996365308761597,227,31,31010,2623,0.9216901242217698,0.8798449612403101,0.07964912280701754,0.0009986791662639734,0.999001320833736
33633,YNL026W YOR211C,1.0,NA,0.9996377229690552,226,31,31010,2624,0.9216606178631495,0.8793774319066148,0.07929824561403509,0.0009986791662639734,0.999001320833736
33634,YPL098C YBR234C,1.0,NA,0.9996387958526611,225,31,31010,2625,0.9216311115045293,0.87890625,0.07894736842105263,0.0009986791662639734,0.999001320833736
33635,YCR002C YDR328C,0.0,NA,0.9996416568756104,225,30,31011,2625,0.9216606178631495,0.8823529411764706,0.07894736842105263,0.0009664637092877162,0.9990335362907122
33636,YIL051C YJL112W,1.0,NA,0.9996449947357178,224,30,31011,2626,0.9216311115045293,0.8818897637795275,0.07859649122807018,0.0009664637092877162,0.9990335362907122
33637,YPL098C YMR012W,1.0,NA,0.999653697013855,223,30,31011,2627,0.9216016051459089,0.8814229249011858,0.07824561403508772,0.0009664637092877162,0.9990335362907122
33638,YLR370C YBR179C,1.0,NA,0.9996546506881714,222,30,31011,2628,0.9215720987872886,0.8809523809523809,0.07789473684210527,0.0009664637092877162,0.9990335362907122
33639,YBR119W YML011C,0.0,NA,0.9996552467346191,222,29,31012,2628,0.9216016051459089,0.8844621513944223,0.07789473684210527,0.000934248252311459,0.9990657517476885
33640,YNL094W YPL047W,0.0,NA,0.9996577501296997,222,28,31013,2628,0.9216311115045293,0.888,0.07789473684210527,0.0009020327953352019,0.9990979672046648
33641,YER104W YBL037W,0.0,NA,0.9996589422225952,222,27,31014,2628,0.9216606178631495,0.891566265060241,0.07789473684210527,0.0008698173383589446,0.9991301826616411
33642,YOL060C YOR330C,1.0,NA,0.9996615648269653,221,27,31014,2629,0.9216311115045293,0.8911290322580645,0.0775438596491228,0.0008698173383589446,0.9991301826616411
33643,YPL265W YOR354C,0.0,NA,0.9996733665466309,221,26,31015,2629,0.9216606178631495,0.8947368421052632,0.0775438596491228,0.0008376018813826874,0.9991623981186173
33644,YLR304C YDL006W,1.0,NA,0.9996734857559204,220,26,31015,2630,0.9216311115045293,0.8943089430894309,0.07719298245614035,0.0008376018813826874,0.9991623981186173
33645,YJL054W YIL062C,1.0,NA,0.9996734857559204,219,26,31015,2631,0.9216016051459089,0.8938775510204081,0.07684210526315789,0.0008376018813826874,0.9991623981186173
33646,YNR035C YOL027C,1.0,NA,0.999674916267395,218,26,31015,2632,0.9215720987872886,0.8934426229508197,0.07649122807017544,0.0008376018813826874,0.9991623981186173
33647,YBR212W YGR181W,1.0,NA,0.9996758699417114,217,26,31015,2633,0.9215425924286684,0.8930041152263375,0.07614035087719298,0.0008376018813826874,0.9991623981186173
33648,YGL055W YJL063C,1.0,NA,0.9996770620346069,216,26,31015,2634,0.9215130860700481,0.8925619834710744,0.07578947368421053,0.0008376018813826874,0.9991623981186173
33649,YNL070W YJL112W,1.0,NA,0.9996798038482666,215,26,31015,2635,0.9214835797114278,0.8921161825726142,0.07543859649122807,0.0008376018813826874,0.9991623981186173
33650,YFL039C YFL036W,1.0,NA,0.9996852874755859,214,26,31015,2636,0.9214540733528075,0.8916666666666667,0.07508771929824562,0.0008376018813826874,0.9991623981186173
33651,YGL065C YPL010W,0.0,NA,0.9996867179870605,214,25,31016,2636,0.9214835797114278,0.895397489539749,0.07508771929824562,0.0008053864244064302,0.9991946135755936
33652,YDR515W YDR003W,0.0,NA,0.9996942281723022,214,24,31017,2636,0.9215130860700481,0.8991596638655462,0.07508771929824562,0.000773170967430173,0.9992268290325699
33653,YML091C YGR181W,1.0,NA,0.9996943473815918,213,24,31017,2637,0.9214835797114278,0.8987341772151899,0.07473684210526316,0.000773170967430173,0.9992268290325699
33654,YNL026W YMR072W,1.0,NA,0.9996984004974365,212,24,31017,2638,0.9214540733528075,0.8983050847457628,0.07438596491228071,0.000773170967430173,0.9992268290325699
33655,YFL039C YIL062C,1.0,NA,0.9996986389160156,211,24,31017,2639,0.9214245669941873,0.8978723404255319,0.07403508771929825,0.000773170967430173,0.9992268290325699
33656,YNL079C YJL054W,1.0,NA,0.9997010827064514,210,24,31017,2640,0.921395060635567,0.8974358974358975,0.07368421052631578,0.000773170967430173,0.9992268290325699
33657,YLR110C YDR099W,0.0,NA,0.9997045397758484,210,23,31018,2640,0.9214245669941873,0.9012875536480687,0.07368421052631578,0.0007409555104539157,0.9992590444895461
33658,YOL028C YML078W,0.0,NA,0.9997109770774841,210,22,31019,2640,0.9214540733528075,0.9051724137931034,0.07368421052631578,0.0007087400534776586,0.9992912599465223
33659,YHR031C YMR072W,1.0,NA,0.9997151494026184,209,22,31019,2641,0.9214245669941873,0.9047619047619048,0.07333333333333333,0.0007087400534776586,0.9992912599465223
33660,YDR296W YHR083W,1.0,NA,0.9997159838676453,208,22,31019,2642,0.921395060635567,0.9043478260869565,0.07298245614035087,0.0007087400534776586,0.9992912599465223
33661,YKL053C-A YPR125W,1.0,NA,0.9997168183326721,207,22,31019,2643,0.9213655542769467,0.9039301310043668,0.07263157894736842,0.0007087400534776586,0.9992912599465223
33662,YNL079C YNL121C,1.0,NA,0.9997186064720154,206,22,31019,2644,0.9213360479183264,0.9035087719298246,0.07228070175438596,0.0007087400534776586,0.9992912599465223
33663,YIL062C YDR219C,1.0,NA,0.9997220635414124,205,22,31019,2645,0.9213065415597061,0.9030837004405287,0.07192982456140351,0.0007087400534776586,0.9992912599465223
33664,YDL006W YOR211C,1.0,NA,0.9997245669364929,204,22,31019,2646,0.9212770352010858,0.9026548672566371,0.07157894736842105,0.0007087400534776586,0.9992912599465223
33665,YGL219C YOR211C,1.0,NA,0.9997254014015198,203,22,31019,2647,0.9212475288424655,0.9022222222222223,0.0712280701754386,0.0007087400534776586,0.9992912599465223
33666,YJR065C YHR083W,1.0,NA,0.9997302889823914,202,22,31019,2648,0.9212180224838453,0.9017857142857143,0.07087719298245614,0.0007087400534776586,0.9992912599465223
33667,YKR036C YDR296W,1.0,NA,0.9997357726097107,201,22,31019,2649,0.921188516125225,0.9013452914798207,0.07052631578947369,0.0007087400534776586,0.9992912599465223
33668,YKL080W YPL010W,0.0,NA,0.9997389912605286,201,21,31020,2649,0.9212180224838453,0.9054054054054054,0.07052631578947369,0.0006765245965014014,0.9993234754034986
33669,YBR212W YPR024W,1.0,NA,0.999743640422821,200,21,31020,2650,0.921188516125225,0.9049773755656109,0.07017543859649122,0.0006765245965014014,0.9993234754034986
33670,YOR037W YPR024W,1.0,NA,0.9997487664222717,199,21,31020,2651,0.9211590097666047,0.9045454545454545,0.06982456140350878,0.0006765245965014014,0.9993234754034986
33671,YJL063C YMR012W,1.0,NA,0.9997532963752747,198,21,31020,2652,0.9211295034079844,0.9041095890410958,0.06947368421052631,0.0006765245965014014,0.9993234754034986
33672,YMR072W YDL006W,1.0,NA,0.9997566342353821,197,21,31020,2653,0.9210999970493642,0.9036697247706422,0.06912280701754386,0.0006765245965014014,0.9993234754034986
33673,YKL192C YIL003W,0.0,NA,0.999761164188385,197,20,31021,2653,0.9211295034079844,0.9078341013824884,0.06912280701754386,0.0006443091395251442,0.9993556908604748
33674,YLR370C YGR181W,1.0,NA,0.9997648596763611,196,20,31021,2654,0.9210999970493642,0.9074074074074074,0.0687719298245614,0.0006443091395251442,0.9993556908604748
33675,YHR120W YNL310C,1.0,NA,0.999767005443573,195,20,31021,2655,0.9210704906907439,0.9069767441860465,0.06842105263157895,0.0006443091395251442,0.9993556908604748
33676,YLR355C YDR296W,1.0,NA,0.9997689127922058,194,20,31021,2656,0.9210409843321236,0.9065420560747663,0.06807017543859649,0.0006443091395251442,0.9993556908604748
33677,YMR302C YJL063C,1.0,NA,0.9997715353965759,193,20,31021,2657,0.9210114779735032,0.9061032863849765,0.06771929824561404,0.0006443091395251442,0.9993556908604748
33678,YML091C YMR012W,1.0,NA,0.999772846698761,192,20,31021,2658,0.920981971614883,0.9056603773584906,0.06736842105263158,0.0006443091395251442,0.9993556908604748
33679,YHR037W YPR129W,0.0,NA,0.999772846698761,192,19,31022,2658,0.9210114779735032,0.909952606635071,0.06736842105263158,0.000612093682548887,0.9993879063174511
33680,YDR320C YPL208W,0.0,NA,0.999775230884552,192,18,31023,2658,0.9210409843321236,0.9142857142857143,0.06736842105263158,0.0005798782255726297,0.9994201217744274
33681,YDL142C YKR042W,1.0,NA,0.9997788071632385,191,18,31023,2659,0.9210114779735032,0.9138755980861244,0.06701754385964913,0.0005798782255726297,0.9994201217744274
33682,YJR065C YGR181W,1.0,NA,0.9997788071632385,190,18,31023,2660,0.920981971614883,0.9134615384615384,0.06666666666666667,0.0005798782255726297,0.9994201217744274
33683,YJR065C YFL039C,1.0,NA,0.9997794032096863,189,18,31023,2661,0.9209524652562627,0.9130434782608695,0.06631578947368422,0.0005798782255726297,0.9994201217744274
33684,YMR302C YBR234C,1.0,NA,0.999784529209137,188,18,31023,2662,0.9209229588976424,0.912621359223301,0.06596491228070175,0.0005798782255726297,0.9994201217744274
33685,YLR368W YGL219C,1.0,NA,0.9997877478599548,187,18,31023,2663,0.9208934525390221,0.9121951219512195,0.0656140350877193,0.0005798782255726297,0.9994201217744274
33686,YDR363W YOL075C,0.0,NA,0.9997896552085876,187,17,31024,2663,0.9209229588976424,0.9166666666666666,0.0656140350877193,0.0005476627685963725,0.9994523372314036
33687,YLR355C YPR125W,1.0,NA,0.9997898936271667,186,17,31024,2664,0.9208934525390221,0.916256157635468,0.06526315789473684,0.0005476627685963725,0.9994523372314036
33688,YJR065C YCR028C-A,1.0,NA,0.9997909665107727,185,17,31024,2665,0.9208639461804019,0.9158415841584159,0.06491228070175438,0.0005476627685963725,0.9994523372314036
33689,YGL252C YPL091W,0.0,NA,0.9997915625572205,185,16,31025,2665,0.9208934525390221,0.9203980099502488,0.06491228070175438,0.0005154473116201153,0.9994845526883799
33690,YJR135W-A YIL065C,1.0,NA,0.9997920393943787,184,16,31025,2666,0.9208639461804019,0.92,0.06456140350877193,0.0005154473116201153,0.9994845526883799
33691,YNR035C YMR072W,1.0,NA,0.9997939467430115,183,16,31025,2667,0.9208344398217816,0.9195979899497487,0.06421052631578947,0.0005154473116201153,0.9994845526883799
33692,YOR326W YCR028C-A,1.0,NA,0.9997941851615906,182,16,31025,2668,0.9208049334631613,0.9191919191919192,0.06385964912280702,0.0005154473116201153,0.9994845526883799
33693,YNL121C YCR028C-A,1.0,NA,0.9997943043708801,181,16,31025,2669,0.9207754271045411,0.9187817258883249,0.06350877192982456,0.0005154473116201153,0.9994845526883799
33694,YPL098C YIL062C,1.0,NA,0.9998061060905457,180,16,31025,2670,0.9207459207459208,0.9183673469387755,0.06315789473684211,0.0005154473116201153,0.9994845526883799
33695,YOR326W YPL098C,1.0,NA,0.9998090863227844,179,16,31025,2671,0.9207164143873005,0.9179487179487179,0.06280701754385964,0.0005154473116201153,0.9994845526883799
33696,YDL140C YLR447C,0.0,NA,0.9998103976249695,179,15,31026,2671,0.9207459207459208,0.9226804123711341,0.06280701754385964,0.0004832318546438581,0.9995167681453562
33697,YIL138C YLR370C,1.0,NA,0.9998107552528381,178,15,31026,2672,0.9207164143873005,0.9222797927461139,0.062456140350877196,0.0004832318546438581,0.9995167681453562
33698,YDL142C YMR060C,1.0,NA,0.9998123049736023,177,15,31026,2673,0.9206869080286801,0.921875,0.06210526315789474,0.0004832318546438581,0.9995167681453562
33699,YNR035C YPR125W,1.0,NA,0.999816358089447,176,15,31026,2674,0.9206574016700599,0.9214659685863874,0.061754385964912284,0.0004832318546438581,0.9995167681453562
33700,YPR125W YMR241W,1.0,NA,0.9998165965080261,175,15,31026,2675,0.9206278953114396,0.9210526315789473,0.06140350877192982,0.0004832318546438581,0.9995167681453562
33701,YDL217C YOL076W,1.0,NA,0.9998170733451843,174,15,31026,2676,0.9205983889528193,0.9206349206349206,0.061052631578947365,0.0004832318546438581,0.9995167681453562
33702,YMR302C YLR368W,1.0,NA,0.9998220801353455,173,15,31026,2677,0.920568882594199,0.9202127659574468,0.06070175438596491,0.0004832318546438581,0.9995167681453562
33703,YOR211C YGR101W,1.0,NA,0.9998250603675842,172,15,31026,2678,0.9205393762355788,0.9197860962566845,0.060350877192982454,0.0004832318546438581,0.9995167681453562
33704,YLR191W YDR207C,0.0,NA,0.9998257756233215,172,14,31027,2678,0.920568882594199,0.9247311827956989,0.060350877192982454,0.00045101639766760094,0.9995489836023324
33705,YJR135W-A YER154W,1.0,NA,0.9998277425765991,171,14,31027,2679,0.9205393762355788,0.9243243243243243,0.06,0.00045101639766760094,0.9995489836023324
33706,YOR266W YGR101W,1.0,NA,0.9998283386230469,170,14,31027,2680,0.9205098698769585,0.9239130434782609,0.05964912280701754,0.00045101639766760094,0.9995489836023324
33707,YJR065C YOR330C,1.0,NA,0.9998284578323364,169,14,31027,2681,0.9204803635183382,0.9234972677595629,0.059298245614035086,0.00045101639766760094,0.9995489836023324
33708,YNL121C YLR370C,1.0,NA,0.9998294115066528,168,14,31027,2682,0.920450857159718,0.9230769230769231,0.05894736842105263,0.00045101639766760094,0.9995489836023324
33709,YMR060C YNL213C,1.0,NA,0.9998304843902588,167,14,31027,2683,0.9204213508010977,0.9226519337016574,0.058596491228070174,0.00045101639766760094,0.9995489836023324
33710,YHR120W YLL013C,1.0,NA,0.999835729598999,166,14,31027,2684,0.9203918444424773,0.9222222222222223,0.05824561403508772,0.00045101639766760094,0.9995489836023324
33711,YPR125W YDR219C,1.0,NA,0.9998393058776855,165,14,31027,2685,0.920362338083857,0.9217877094972067,0.05789473684210526,0.00045101639766760094,0.9995489836023324
33712,YHR031C YOR330C,1.0,NA,0.9998394250869751,164,14,31027,2686,0.9203328317252368,0.9213483146067416,0.05754385964912281,0.00045101639766760094,0.9995489836023324
33713,YPR024W YPR083W,1.0,NA,0.9998397827148438,163,14,31027,2687,0.9203033253666165,0.9209039548022598,0.05719298245614035,0.00045101639766760094,0.9995489836023324
33714,YNL103W YPR046W,0.0,NA,0.9998399019241333,163,13,31028,2687,0.9203328317252368,0.9261363636363636,0.05719298245614035,0.0004188009406913437,0.9995811990593086
33715,YLR368W YIL065C,1.0,NA,0.9998401403427124,162,13,31028,2688,0.9203033253666165,0.9257142857142857,0.056842105263157895,0.0004188009406913437,0.9995811990593086
33716,YMR060C YIL065C,1.0,NA,0.9998418092727661,161,13,31028,2689,0.9202738190079962,0.9252873563218391,0.05649122807017544,0.0004188009406913437,0.9995811990593086
33717,YCR028C-A YJL112W,1.0,NA,0.9998428821563721,160,13,31028,2690,0.9202443126493759,0.9248554913294798,0.056140350877192984,0.0004188009406913437,0.9995811990593086
33718,YLL011W YKL029C,0.0,NA,0.9998476505279541,160,12,31029,2690,0.9202738190079962,0.9302325581395349,0.056140350877192984,0.0003865854837150865,0.9996134145162849
33719,YPL098C YIL065C,1.0,NA,0.9998527765274048,159,12,31029,2691,0.9202443126493759,0.9298245614035088,0.05578947368421053,0.0003865854837150865,0.9996134145162849
33720,YBR179C YJL112W,1.0,NA,0.9998531341552734,158,12,31029,2692,0.9202148062907557,0.9294117647058824,0.05543859649122807,0.0003865854837150865,0.9996134145162849
33721,YDR150W YNR035C,1.0,NA,0.9998576641082764,157,12,31029,2693,0.9201852999321354,0.9289940828402367,0.055087719298245616,0.0003865854837150865,0.9996134145162849
33722,YLR370C YLR304C,1.0,NA,0.999858021736145,156,12,31029,2694,0.9201557935735151,0.9285714285714286,0.05473684210526316,0.0003865854837150865,0.9996134145162849
33723,YNL121C YDR077W,1.0,NA,0.9998593330383301,155,12,31029,2695,0.9201262872148948,0.9281437125748503,0.054385964912280704,0.0003865854837150865,0.9996134145162849
33724,YIL062C YHR083W,1.0,NA,0.9998601675033569,154,12,31029,2696,0.9200967808562746,0.927710843373494,0.05403508771929825,0.0003865854837150865,0.9996134145162849
33725,YLR355C YJR135W-A,1.0,NA,0.9998610019683838,153,12,31029,2697,0.9200672744976542,0.9272727272727272,0.05368421052631579,0.0003865854837150865,0.9996134145162849
33726,YLR370C YKL013C,1.0,NA,0.9998621940612793,152,12,31029,2698,0.9200377681390339,0.926829268292683,0.05333333333333334,0.0003865854837150865,0.9996134145162849
33727,YER154W YGR101W,1.0,NA,0.999864935874939,151,12,31029,2699,0.9200082617804137,0.9263803680981595,0.052982456140350874,0.0003865854837150865,0.9996134145162849
33728,YKL053C-A YFL036W,1.0,NA,0.999868631362915,150,12,31029,2700,0.9199787554217934,0.9259259259259259,0.05263157894736842,0.0003865854837150865,0.9996134145162849
33729,YMR302C YGL219C,1.0,NA,0.999872088432312,149,12,31029,2701,0.9199492490631731,0.9254658385093167,0.05228070175438596,0.0003865854837150865,0.9996134145162849
33730,YDL142C YHR083W,1.0,NA,0.9998722076416016,148,12,31029,2702,0.9199197427045528,0.925,0.051929824561403506,0.0003865854837150865,0.9996134145162849
33731,YLR368W YDL006W,1.0,NA,0.9998728036880493,147,12,31029,2703,0.9198902363459326,0.9245283018867925,0.05157894736842105,0.0003865854837150865,0.9996134145162849
33732,YGL219C YBR234C,1.0,NA,0.9998759031295776,146,12,31029,2704,0.9198607299873123,0.9240506329113924,0.051228070175438595,0.0003865854837150865,0.9996134145162849
33733,YGL055W YFL036W,1.0,NA,0.9998819828033447,145,12,31029,2705,0.919831223628692,0.9235668789808917,0.05087719298245614,0.0003865854837150865,0.9996134145162849
33734,YKL053C-A YDR150W,1.0,NA,0.9998821020126343,144,12,31029,2706,0.9198017172700717,0.9230769230769231,0.05052631578947368,0.0003865854837150865,0.9996134145162849
33735,YJL063C YBR091C,1.0,NA,0.999882698059082,143,12,31029,2707,0.9197722109114514,0.9225806451612903,0.05017543859649123,0.0003865854837150865,0.9996134145162849
33736,YPR021C YHR152W,0.0,NA,0.999886155128479,143,11,31030,2707,0.9198017172700717,0.9285714285714286,0.05017543859649123,0.0003543700267388293,0.9996456299732611
33737,YPL098C YLR370C,1.0,NA,0.9998891353607178,142,11,31030,2708,0.9197722109114514,0.9281045751633987,0.04982456140350877,0.0003543700267388293,0.9996456299732611
33738,YFL005W YFR004W,0.0,NA,0.9998910427093506,142,10,31031,2708,0.9198017172700717,0.9342105263157895,0.04982456140350877,0.0003221545697625721,0.9996778454302374
33739,YPR024W YDR150W,1.0,NA,0.9998918771743774,141,10,31031,2709,0.9197722109114514,0.9337748344370861,0.049473684210526316,0.0003221545697625721,0.9996778454302374
33740,YMR302C YGR101W,1.0,NA,0.9998921155929565,140,10,31031,2710,0.9197427045528311,0.9333333333333333,0.04912280701754386,0.0003221545697625721,0.9996778454302374
33741,YFL039C YPL098C,1.0,NA,0.9998925924301147,139,10,31031,2711,0.9197131981942108,0.9328859060402684,0.048771929824561404,0.0003221545697625721,0.9996778454302374
33742,YOR036W YCR009C,0.0,NA,0.9998927116394043,139,9,31032,2711,0.9197427045528311,0.9391891891891891,0.048771929824561404,0.00028993911278631486,0.9997100608872137
33743,YLR355C YPL098C,1.0,NA,0.9998953342437744,138,9,31032,2712,0.9197131981942108,0.9387755102040817,0.04842105263157895,0.00028993911278631486,0.9997100608872137
33744,YPL019C YJR139C,0.0,NA,0.9998956918716431,138,8,31033,2712,0.9197427045528311,0.9452054794520548,0.04842105263157895,0.00025772365581005764,0.99974227634419
33745,YHR031C YGR101W,1.0,NA,0.9998960494995117,137,8,31033,2713,0.9197131981942108,0.9448275862068966,0.04807017543859649,0.00025772365581005764,0.99974227634419
33746,YLR368W YGR101W,1.0,NA,0.999900221824646,136,8,31033,2714,0.9196836918355906,0.9444444444444444,0.047719298245614036,0.00025772365581005764,0.99974227634419
33747,YDR296W YFL036W,1.0,NA,0.9999009370803833,135,8,31033,2715,0.9196541854769703,0.9440559440559441,0.04736842105263158,0.00025772365581005764,0.99974227634419
33748,YIL051C YGR101W,1.0,NA,0.9999043941497803,134,8,31033,2716,0.91962467911835,0.9436619718309859,0.047017543859649125,0.00025772365581005764,0.99974227634419
33749,YPL098C YNL121C,1.0,NA,0.9999046325683594,133,8,31033,2717,0.9195951727597297,0.9432624113475178,0.04666666666666667,0.00025772365581005764,0.99974227634419
33750,YNL026W YMR302C,1.0,NA,0.9999057054519653,132,8,31033,2718,0.9195656664011095,0.9428571428571428,0.04631578947368421,0.00025772365581005764,0.99974227634419
33751,YHR120W YJL063C,1.0,NA,0.9999058246612549,131,8,31033,2719,0.9195361600424892,0.9424460431654677,0.04596491228070176,0.00025772365581005764,0.99974227634419
33752,YIL062C YNL121C,1.0,NA,0.9999059438705444,130,8,31033,2720,0.9195066536838689,0.9420289855072463,0.0456140350877193,0.00025772365581005764,0.99974227634419
33753,YIL021W YER170W,0.0,NA,0.9999080896377563,130,7,31034,2720,0.9195361600424892,0.948905109489051,0.0456140350877193,0.00022550819883380047,0.9997744918011662
33754,YOL095C YLR304C,1.0,NA,0.999915361404419,129,7,31034,2721,0.9195066536838689,0.9485294117647058,0.045263157894736845,0.00022550819883380047,0.9997744918011662
33755,YHR120W YHR083W,1.0,NA,0.9999154806137085,128,7,31034,2722,0.9194771473252485,0.9481481481481482,0.04491228070175438,0.00022550819883380047,0.9997744918011662
33756,YCR083W YGL038C,0.0,NA,0.999915599822998,128,6,31035,2722,0.9195066536838689,0.9552238805970149,0.04491228070175438,0.00019329274185754324,0.9998067072581425
33757,YHR120W YOL076W,1.0,NA,0.9999158382415771,127,6,31035,2723,0.9194771473252485,0.9548872180451128,0.04456140350877193,0.00019329274185754324,0.9998067072581425
33758,YBR212W YDR150W,1.0,NA,0.9999173879623413,126,6,31035,2724,0.9194476409666283,0.9545454545454546,0.04421052631578947,0.00019329274185754324,0.9998067072581425
33759,YMR060C YNL121C,1.0,NA,0.9999196529388428,125,6,31035,2725,0.919418134608008,0.9541984732824428,0.043859649122807015,0.00019329274185754324,0.9998067072581425
33760,YMR302C YDL217C,1.0,NA,0.9999226331710815,124,6,31035,2726,0.9193886282493877,0.9538461538461539,0.04350877192982456,0.00019329274185754324,0.9998067072581425
33761,YDR517W YHR074W,0.0,NA,0.999923586845398,124,5,31036,2726,0.919418134608008,0.9612403100775194,0.04350877192982456,0.00016107728488128604,0.9998389227151188
33762,YOR326W YNL066W,1.0,NA,0.9999240636825562,123,5,31036,2727,0.9193886282493877,0.9609375,0.0431578947368421,0.00016107728488128604,0.9998389227151188
33763,YNL026W YDL142C,1.0,NA,0.9999247789382935,122,5,31036,2728,0.9193591218907674,0.9606299212598425,0.04280701754385965,0.00016107728488128604,0.9998389227151188
33764,YBR179C YML091C,1.0,NA,0.9999269247055054,121,5,31036,2729,0.9193296155321472,0.9603174603174603,0.04245614035087719,0.00016107728488128604,0.9998389227151188
33765,YJL054W YGR101W,1.0,NA,0.9999282360076904,120,5,31036,2730,0.9193001091735269,0.96,0.042105263157894736,0.00016107728488128604,0.9998389227151188
33766,YGL020C YPR131C,1.0,NA,0.9999287128448486,119,5,31036,2731,0.9192706028149066,0.9596774193548387,0.04175438596491228,0.00016107728488128604,0.9998389227151188
33767,YJL063C YIL065C,1.0,NA,0.9999303817749023,118,5,31036,2732,0.9192410964562864,0.959349593495935,0.041403508771929824,0.00016107728488128604,0.9998389227151188
33768,YHR120W YML091C,1.0,NA,0.9999310970306396,117,5,31036,2733,0.9192115900976661,0.9590163934426229,0.04105263157894737,0.00016107728488128604,0.9998389227151188
33769,YPR083W YGR101W,1.0,NA,0.9999326467514038,116,5,31036,2734,0.9191820837390458,0.9586776859504132,0.04070175438596491,0.00016107728488128604,0.9998389227151188
33770,YIL062C YMR012W,1.0,NA,0.9999330043792725,115,5,31036,2735,0.9191525773804254,0.9583333333333334,0.04035087719298246,0.00016107728488128604,0.9998389227151188
33771,YOL060C YOR211C,1.0,NA,0.999933123588562,114,5,31036,2736,0.9191230710218052,0.957983193277311,0.04,0.00016107728488128604,0.9998389227151188
33772,YJR135W-A YNL121C,1.0,NA,0.9999339580535889,113,5,31036,2737,0.9190935646631849,0.9576271186440678,0.039649122807017545,0.00016107728488128604,0.9998389227151188
33773,YKL073W YPL227C,0.0,NA,0.9999349117279053,113,4,31037,2737,0.9191230710218052,0.9658119658119658,0.039649122807017545,0.00012886182790502882,0.9998711381720949
33774,YAL015C YKR072C,0.0,NA,0.999937891960144,113,3,31038,2737,0.9191525773804254,0.9741379310344828,0.039649122807017545,9.664637092877162e-05,0.9999033536290712
33775,YNL121C YOL060C,1.0,NA,0.999937891960144,112,3,31038,2738,0.9191230710218052,0.9739130434782609,0.03929824561403509,9.664637092877162e-05,0.9999033536290712
33776,YOR266W YIL065C,1.0,NA,0.9999408721923828,111,3,31038,2739,0.9190935646631849,0.9736842105263158,0.03894736842105263,9.664637092877162e-05,0.9999033536290712
33777,YNL079C YER154W,1.0,NA,0.9999439716339111,110,3,31038,2740,0.9190640583045646,0.9734513274336283,0.03859649122807018,9.664637092877162e-05,0.9999033536290712
33778,YKR036C YPR024W,1.0,NA,0.9999487400054932,109,3,31038,2741,0.9190345519459443,0.9732142857142857,0.03824561403508772,9.664637092877162e-05,0.9999033536290712
33779,YPR125W YLR304C,1.0,NA,0.9999505281448364,108,3,31038,2742,0.9190050455873241,0.972972972972973,0.037894736842105266,9.664637092877162e-05,0.9999033536290712
33780,YBR212W YMR302C,1.0,NA,0.9999508857727051,107,3,31038,2743,0.9189755392287038,0.9727272727272728,0.03754385964912281,9.664637092877162e-05,0.9999033536290712
33781,YOR326W YPR131C,1.0,NA,0.9999516010284424,106,3,31038,2744,0.9189460328700835,0.9724770642201835,0.037192982456140354,9.664637092877162e-05,0.9999033536290712
33782,YPR024W YHR120W,1.0,NA,0.9999538660049438,105,3,31038,2745,0.9189165265114633,0.9722222222222222,0.03684210526315789,9.664637092877162e-05,0.9999033536290712
33783,YBR212W YNR035C,1.0,NA,0.9999547004699707,104,3,31038,2746,0.918887020152843,0.9719626168224299,0.036491228070175435,9.664637092877162e-05,0.9999033536290712
33784,YER154W YGR181W,1.0,NA,0.9999550580978394,103,3,31038,2747,0.9188575137942226,0.9716981132075472,0.03614035087719298,9.664637092877162e-05,0.9999033536290712
33785,YDR296W YDL142C,1.0,NA,0.9999561309814453,102,3,31038,2748,0.9188280074356023,0.9714285714285714,0.035789473684210524,9.664637092877162e-05,0.9999033536290712
33786,YNL026W YDR219C,1.0,NA,0.9999561309814453,101,3,31038,2749,0.9187985010769821,0.9711538461538461,0.03543859649122807,9.664637092877162e-05,0.9999033536290712
33787,YHR120W YLR370C,1.0,NA,0.9999563694000244,100,3,31038,2750,0.9187689947183618,0.970873786407767,0.03508771929824561,9.664637092877162e-05,0.9999033536290712
33788,YKR042W YNL066W,1.0,NA,0.9999563694000244,99,3,31038,2751,0.9187394883597415,0.9705882352941176,0.034736842105263156,9.664637092877162e-05,0.9999033536290712
33789,YIL138C YOL060C,1.0,NA,0.9999585151672363,98,3,31038,2752,0.9187099820011212,0.9702970297029703,0.0343859649122807,9.664637092877162e-05,0.9999033536290712
33790,YLR304C YOL060C,1.0,NA,0.9999643564224243,97,3,31038,2753,0.918680475642501,0.97,0.034035087719298245,9.664637092877162e-05,0.9999033536290712
33791,YJL063C YGR101W,1.0,NA,0.9999650716781616,96,3,31038,2754,0.9186509692838807,0.9696969696969697,0.03368421052631579,9.664637092877162e-05,0.9999033536290712
33792,YNR035C YNL066W,1.0,NA,0.999966025352478,95,3,31038,2755,0.9186214629252604,0.9693877551020408,0.03333333333333333,9.664637092877162e-05,0.9999033536290712
33793,YOL095C YPR125W,1.0,NA,0.9999662637710571,94,3,31038,2756,0.91859195656664,0.9690721649484536,0.03298245614035088,9.664637092877162e-05,0.9999033536290712
33794,YHR120W YPL098C,1.0,NA,0.9999663829803467,93,3,31038,2757,0.9185624502080199,0.96875,0.03263157894736842,9.664637092877162e-05,0.9999033536290712
33795,YOR266W YML091C,1.0,NA,0.9999674558639526,92,3,31038,2758,0.9185329438493995,0.968421052631579,0.032280701754385965,9.664637092877162e-05,0.9999033536290712
33796,YML058W YLR370C,1.0,NA,0.9999682903289795,91,3,31038,2759,0.9185034374907792,0.9680851063829787,0.03192982456140351,9.664637092877162e-05,0.9999033536290712
33797,YJL112W YML091C,1.0,NA,0.9999691247940063,90,3,31038,2760,0.918473931132159,0.967741935483871,0.031578947368421054,9.664637092877162e-05,0.9999033536290712
33798,YOL027C YDR077W,1.0,NA,0.9999700784683228,89,3,31038,2761,0.9184444247735387,0.967391304347826,0.031228070175438598,9.664637092877162e-05,0.9999033536290712
33799,YDR296W YOL027C,1.0,NA,0.9999709129333496,88,3,31038,2762,0.9184149184149184,0.967032967032967,0.030877192982456142,9.664637092877162e-05,0.9999033536290712
33800,YMR072W YKR042W,1.0,NA,0.9999716281890869,87,3,31038,2763,0.9183854120562981,0.9666666666666667,0.030526315789473683,9.664637092877162e-05,0.9999033536290712
33801,YDL142C YJL063C,1.0,NA,0.9999716281890869,86,3,31038,2764,0.9183559056976779,0.9662921348314607,0.030175438596491227,9.664637092877162e-05,0.9999033536290712
33802,YPL098C YGL020C,1.0,NA,0.9999728202819824,85,3,31038,2765,0.9183263993390576,0.9659090909090909,0.02982456140350877,9.664637092877162e-05,0.9999033536290712
33803,YIL062C YLR370C,1.0,NA,0.9999737739562988,84,3,31038,2766,0.9182968929804373,0.9655172413793104,0.029473684210526315,9.664637092877162e-05,0.9999033536290712
33804,YNL026W YGL020C,1.0,NA,0.9999741315841675,83,3,31038,2767,0.918267386621817,0.9651162790697675,0.02912280701754386,9.664637092877162e-05,0.9999033536290712
33805,YGR241C YOL113W,0.0,NA,0.9999747276306152,83,2,31039,2767,0.9182968929804373,0.9764705882352941,0.02912280701754386,6.443091395251441e-05,0.9999355690860475
33806,YLR304C YIL065C,1.0,NA,0.9999762773513794,82,2,31039,2768,0.918267386621817,0.9761904761904762,0.028771929824561403,6.443091395251441e-05,0.9999355690860475
33807,YHR083W YOL027C,1.0,NA,0.999976396560669,81,2,31039,2769,0.9182378802631967,0.9759036144578314,0.028421052631578948,6.443091395251441e-05,0.9999355690860475
33808,YNL026W YHR120W,1.0,NA,0.999976634979248,80,2,31039,2770,0.9182083739045764,0.975609756097561,0.028070175438596492,6.443091395251441e-05,0.9999355690860475
33809,YPR125W YGR181W,1.0,NA,0.9999788999557495,79,2,31039,2771,0.9181788675459561,0.9753086419753086,0.027719298245614036,6.443091395251441e-05,0.9999355690860475
33810,YOR037W YBR212W,1.0,NA,0.9999790191650391,78,2,31039,2772,0.9181493611873359,0.975,0.02736842105263158,6.443091395251441e-05,0.9999355690860475
33811,YFL036W YMR012W,1.0,NA,0.999980092048645,77,2,31039,2773,0.9181198548287156,0.9746835443037974,0.027017543859649124,6.443091395251441e-05,0.9999355690860475
33812,YDR296W YLR370C,1.0,NA,0.9999812841415405,76,2,31039,2774,0.9180903484700953,0.9743589743589743,0.02666666666666667,6.443091395251441e-05,0.9999355690860475
33813,YLR370C YIL051C,1.0,NA,0.9999815225601196,75,2,31039,2775,0.918060842111475,0.974025974025974,0.02631578947368421,6.443091395251441e-05,0.9999355690860475
33814,YIL062C YOR266W,1.0,NA,0.9999821186065674,74,2,31039,2776,0.9180313357528548,0.9736842105263158,0.025964912280701753,6.443091395251441e-05,0.9999355690860475
33815,YOR037W YOR211C,1.0,NA,0.9999830722808838,73,2,31039,2777,0.9180018293942345,0.9733333333333334,0.025614035087719297,6.443091395251441e-05,0.9999355690860475
33816,YLR304C YDR077W,1.0,NA,0.9999836683273315,72,2,31039,2778,0.9179723230356142,0.972972972972973,0.02526315789473684,6.443091395251441e-05,0.9999355690860475
33817,YGL219C YHR083W,1.0,NA,0.9999845027923584,71,2,31039,2779,0.9179428166769938,0.9726027397260274,0.024912280701754386,6.443091395251441e-05,0.9999355690860475
33818,YKL053C-A YDR077W,1.0,NA,0.9999847412109375,70,2,31039,2780,0.9179133103183736,0.9722222222222222,0.02456140350877193,6.443091395251441e-05,0.9999355690860475
33819,YOL060C YOL076W,1.0,NA,0.9999850988388062,69,2,31039,2781,0.9178838039597533,0.971830985915493,0.024210526315789474,6.443091395251441e-05,0.9999355690860475
33820,YMR302C YOR211C,1.0,NA,0.9999855756759644,68,2,31039,2782,0.917854297601133,0.9714285714285714,0.023859649122807018,6.443091395251441e-05,0.9999355690860475
33821,YHR120W YGL219C,1.0,NA,0.999985933303833,67,2,31039,2783,0.9178247912425128,0.9710144927536232,0.023508771929824562,6.443091395251441e-05,0.9999355690860475
33822,YLR370C YMR012W,1.0,NA,0.999985933303833,66,2,31039,2784,0.9177952848838925,0.9705882352941176,0.023157894736842106,6.443091395251441e-05,0.9999355690860475
33823,YJL063C YMR241W,1.0,NA,0.9999860525131226,65,2,31039,2785,0.9177657785252722,0.9701492537313433,0.02280701754385965,6.443091395251441e-05,0.9999355690860475
33824,YPL098C YBR179C,1.0,NA,0.9999866485595703,64,2,31039,2786,0.9177362721666519,0.9696969696969697,0.02245614035087719,6.443091395251441e-05,0.9999355690860475
33825,YOL095C YMR072W,1.0,NA,0.9999867677688599,63,2,31039,2787,0.9177067658080317,0.9692307692307692,0.022105263157894735,6.443091395251441e-05,0.9999355690860475
33826,YLR368W YNL310C,1.0,NA,0.9999877214431763,62,2,31039,2788,0.9176772594494114,0.96875,0.02175438596491228,6.443091395251441e-05,0.9999355690860475
33827,YMR060C YHR083W,1.0,NA,0.9999877214431763,61,2,31039,2789,0.917647753090791,0.9682539682539683,0.021403508771929824,6.443091395251441e-05,0.9999355690860475
33828,YNR035C YNL310C,1.0,NA,0.9999879598617554,60,2,31039,2790,0.9176182467321707,0.967741935483871,0.021052631578947368,6.443091395251441e-05,0.9999355690860475
33829,YNR035C YOL060C,1.0,NA,0.9999880790710449,59,2,31039,2791,0.9175887403735505,0.9672131147540983,0.020701754385964912,6.443091395251441e-05,0.9999355690860475
33830,YCR028C-A YML091C,1.0,NA,0.9999885559082031,58,2,31039,2792,0.9175592340149302,0.9666666666666667,0.020350877192982456,6.443091395251441e-05,0.9999355690860475
33831,YNL070W YGR181W,1.0,NA,0.9999886751174927,57,2,31039,2793,0.9175297276563099,0.9661016949152542,0.02,6.443091395251441e-05,0.9999355690860475
33832,YMR302C YNL121C,1.0,NA,0.9999887943267822,56,2,31039,2794,0.9175002212976896,0.9655172413793104,0.019649122807017545,6.443091395251441e-05,0.9999355690860475
33833,YDR296W YMR302C,1.0,NA,0.9999889135360718,55,2,31039,2795,0.9174707149390694,0.9649122807017544,0.01929824561403509,6.443091395251441e-05,0.9999355690860475
33834,YLR304C YML091C,1.0,NA,0.9999892711639404,54,2,31039,2796,0.9174412085804491,0.9642857142857143,0.018947368421052633,6.443091395251441e-05,0.9999355690860475
33835,YKR036C YNL121C,1.0,NA,0.9999901056289673,53,2,31039,2797,0.9174117022218288,0.9636363636363636,0.018596491228070177,6.443091395251441e-05,0.9999355690860475
33836,YIL062C YLR304C,1.0,NA,0.9999901056289673,52,2,31039,2798,0.9173821958632086,0.9629629629629629,0.018245614035087718,6.443091395251441e-05,0.9999355690860475
33837,YGL055W YNL121C,1.0,NA,0.9999903440475464,51,2,31039,2799,0.9173526895045883,0.9622641509433962,0.017894736842105262,6.443091395251441e-05,0.9999355690860475
33838,YHR120W YGR101W,1.0,NA,0.999990701675415,50,2,31039,2800,0.917323183145968,0.9615384615384616,0.017543859649122806,6.443091395251441e-05,0.9999355690860475
33839,YKL013C YKR042W,1.0,NA,0.999990701675415,49,2,31039,2801,0.9172936767873476,0.9607843137254902,0.01719298245614035,6.443091395251441e-05,0.9999355690860475
33840,YMR012W YGR181W,1.0,NA,0.999990701675415,48,2,31039,2802,0.9172641704287274,0.96,0.016842105263157894,6.443091395251441e-05,0.9999355690860475
33841,YDR296W YNL121C,1.0,NA,0.9999909400939941,47,2,31039,2803,0.9172346640701071,0.9591836734693877,0.01649122807017544,6.443091395251441e-05,0.9999355690860475
33842,YLR370C YKR042W,1.0,NA,0.9999910593032837,46,2,31039,2804,0.9172051577114868,0.9583333333333334,0.016140350877192983,6.443091395251441e-05,0.9999355690860475
33843,YHR120W YPR125W,1.0,NA,0.9999910593032837,45,2,31039,2805,0.9171756513528665,0.9574468085106383,0.015789473684210527,6.443091395251441e-05,0.9999355690860475
33844,YMR152W YDL135C,0.0,NA,0.9999914169311523,45,1,31040,2805,0.9172051577114868,0.9782608695652174,0.015789473684210527,3.2215456976257205e-05,0.9999677845430237
33845,YOL060C YMR012W,1.0,NA,0.9999918937683105,44,1,31040,2806,0.9171756513528665,0.9777777777777777,0.015438596491228071,3.2215456976257205e-05,0.9999677845430237
33846,YLR368W YOL060C,1.0,NA,0.9999918937683105,43,1,31040,2807,0.9171461449942463,0.9772727272727273,0.015087719298245613,3.2215456976257205e-05,0.9999677845430237
33847,YBR212W YBR179C,1.0,NA,0.9999921321868896,42,1,31040,2808,0.917116638635626,0.9767441860465116,0.014736842105263158,3.2215456976257205e-05,0.9999677845430237
33848,YNR035C YGR181W,1.0,NA,0.9999922513961792,41,1,31040,2809,0.9170871322770057,0.9761904761904762,0.014385964912280702,3.2215456976257205e-05,0.9999677845430237
33849,YJR135W-A YMR012W,1.0,NA,0.9999923706054688,40,1,31040,2810,0.9170576259183855,0.975609756097561,0.014035087719298246,3.2215456976257205e-05,0.9999677845430237
33850,YIL138C YER154W,1.0,NA,0.999992847442627,39,1,31040,2811,0.9170281195597652,0.975,0.01368421052631579,3.2215456976257205e-05,0.9999677845430237
33851,YDR150W YOL027C,1.0,NA,0.999993085861206,38,1,31040,2812,0.9169986132011448,0.9743589743589743,0.013333333333333334,3.2215456976257205e-05,0.9999677845430237
33852,YDR296W YGR101W,1.0,NA,0.9999933242797852,37,1,31040,2813,0.9169691068425245,0.9736842105263158,0.012982456140350877,3.2215456976257205e-05,0.9999677845430237
33853,YFL039C YNL310C,1.0,NA,0.9999935626983643,36,1,31040,2814,0.9169396004839043,0.972972972972973,0.01263157894736842,3.2215456976257205e-05,0.9999677845430237
33854,YDR296W YBR179C,1.0,NA,0.9999935626983643,35,1,31040,2815,0.916910094125284,0.9722222222222222,0.012280701754385965,3.2215456976257205e-05,0.9999677845430237
33855,YMR302C YOL027C,1.0,NA,0.999994158744812,34,1,31040,2816,0.9168805877666637,0.9714285714285714,0.011929824561403509,3.2215456976257205e-05,0.9999677845430237
33856,YHR120W YOL027C,1.0,NA,0.999994158744812,33,1,31040,2817,0.9168510814080434,0.9705882352941176,0.011578947368421053,3.2215456976257205e-05,0.9999677845430237
33857,YDR150W YLR304C,1.0,NA,0.9999942779541016,32,1,31040,2818,0.9168215750494232,0.9696969696969697,0.011228070175438596,3.2215456976257205e-05,0.9999677845430237
33858,YNL079C YGL055W,1.0,NA,0.9999942779541016,31,1,31040,2819,0.9167920686908029,0.96875,0.01087719298245614,3.2215456976257205e-05,0.9999677845430237
33859,YBR212W YKL053C-A,1.0,NA,0.9999947547912598,30,1,31040,2820,0.9167625623321826,0.967741935483871,0.010526315789473684,3.2215456976257205e-05,0.9999677845430237
33860,YHR120W YDL217C,1.0,NA,0.9999948740005493,29,1,31040,2821,0.9167330559735622,0.9666666666666667,0.010175438596491228,3.2215456976257205e-05,0.9999677845430237
33861,YJL063C YNL066W,1.0,NA,0.9999948740005493,28,1,31040,2822,0.916703549614942,0.9655172413793104,0.009824561403508772,3.2215456976257205e-05,0.9999677845430237
33862,YBR179C YOL060C,1.0,NA,0.9999949932098389,27,1,31040,2823,0.9166740432563217,0.9642857142857143,0.009473684210526316,3.2215456976257205e-05,0.9999677845430237
33863,YJL063C YDR077W,1.0,NA,0.9999958276748657,26,1,31040,2824,0.9166445368977014,0.9629629629629629,0.009122807017543859,3.2215456976257205e-05,0.9999677845430237
33864,YFL036W YJL112W,1.0,NA,0.9999960660934448,25,1,31040,2825,0.9166150305390812,0.9615384615384616,0.008771929824561403,3.2215456976257205e-05,0.9999677845430237
33865,YIL051C YGR181W,1.0,NA,0.9999963045120239,24,1,31040,2826,0.9165855241804609,0.96,0.008421052631578947,3.2215456976257205e-05,0.9999677845430237
33866,YMR072W YGR101W,1.0,NA,0.9999964237213135,23,1,31040,2827,0.9165560178218406,0.9583333333333334,0.008070175438596491,3.2215456976257205e-05,0.9999677845430237
33867,YDR296W YBR091C,1.0,NA,0.9999967813491821,22,1,31040,2828,0.9165265114632203,0.9565217391304348,0.0077192982456140355,3.2215456976257205e-05,0.9999677845430237
33868,YBR167C YOR301W,0.0,NA,0.9999969005584717,22,0,31041,2828,0.9165560178218406,1.0,0.0077192982456140355,0.0,1.0
33869,YHR031C YLR304C,1.0,NA,0.9999970197677612,21,0,31041,2829,0.9165265114632203,1.0,0.007368421052631579,0.0,1.0
33870,YGL219C YBR179C,1.0,NA,0.9999972581863403,20,0,31041,2830,0.9164970051046001,1.0,0.007017543859649123,0.0,1.0
33871,YJR065C YMR012W,1.0,NA,0.999997615814209,19,0,31041,2831,0.9164674987459798,1.0,0.006666666666666667,0.0,1.0
33872,YMR072W YNL121C,1.0,NA,0.9999977350234985,18,0,31041,2832,0.9164379923873595,1.0,0.00631578947368421,0.0,1.0
33873,YNR035C YBR234C,1.0,NA,0.9999978542327881,17,0,31041,2833,0.9164084860287391,1.0,0.0059649122807017545,0.0,1.0
33874,YPR024W YBR091C,1.0,NA,0.9999978542327881,16,0,31041,2834,0.9163789796701189,1.0,0.005614035087719298,0.0,1.0
33875,YMR302C YBR179C,1.0,NA,0.9999978542327881,15,0,31041,2835,0.9163494733114986,1.0,0.005263157894736842,0.0,1.0
33876,YDR296W YMR072W,1.0,NA,0.9999979734420776,14,0,31041,2836,0.9163199669528783,1.0,0.004912280701754386,0.0,1.0
33877,YJR065C YJL063C,1.0,NA,0.9999982118606567,13,0,31041,2837,0.9162904605942581,1.0,0.004561403508771929,0.0,1.0
33878,YPL098C YOL076W,1.0,NA,0.9999982118606567,12,0,31041,2838,0.9162609542356378,1.0,0.004210526315789474,0.0,1.0
33879,YHR031C YLR370C,1.0,NA,0.9999983310699463,11,0,31041,2839,0.9162314478770175,1.0,0.0038596491228070177,0.0,1.0
33880,YPL098C YNR035C,1.0,NA,0.9999984502792358,10,0,31041,2840,0.9162019415183972,1.0,0.0035087719298245615,0.0,1.0
33881,YJL063C YLR370C,1.0,NA,0.9999985694885254,9,0,31041,2841,0.916172435159777,1.0,0.003157894736842105,0.0,1.0
33882,YGL055W YMR302C,1.0,NA,0.999998927116394,8,0,31041,2842,0.9161429288011567,1.0,0.002807017543859649,0.0,1.0
33883,YLR368W YDR219C,1.0,NA,0.9999990463256836,7,0,31041,2843,0.9161134224425364,1.0,0.002456140350877193,0.0,1.0
33884,YJL063C YML091C,1.0,NA,0.9999990463256836,6,0,31041,2844,0.916083916083916,1.0,0.002105263157894737,0.0,1.0
33885,YHR120W YGR181W,1.0,NA,0.9999991655349731,5,0,31041,2845,0.9160544097252958,1.0,0.0017543859649122807,0.0,1.0
33886,YDR296W YOR266W,1.0,NA,0.9999992847442627,4,0,31041,2846,0.9160249033666755,1.0,0.0014035087719298245,0.0,1.0
33887,YDR150W YOR211C,1.0,NA,0.9999994039535522,3,0,31041,2847,0.9159953970080552,1.0,0.0010526315789473684,0.0,1.0
33888,YKR042W YOL076W,1.0,NA,0.9999996423721313,2,0,31041,2848,0.9159658906494349,1.0,0.0007017543859649122,0.0,1.0
33889,YMR302C YKL053C-A,1.0,NA,0.9999997615814209,1,0,31041,2849,0.9159363842908147,1.0,0.0003508771929824561,0.0,1.0
33890,YDR296W YGL219C,1.0,NA,0.9999998807907104,0,0,31041,2850,0.9159068779321944,1.0,0.0,0.0,1.0
