Gene A,Gene B,Label,Score,Precision,Recall,False Positive Rate
YKR081C,YPR041W,1,-1.3654971,1.0,0.0010000000474974513,0.0
YHR170W,YDR312W,1,-1.4270321,1.0,0.0020000000949949026,0.0
YCR072C,YDR312W,1,-1.57436,1.0,0.003000000026077032,0.0
YML073C,YLR448W,1,-1.5829368,1.0,0.004000000189989805,0.0
YGL078C,YHR066W,1,-1.6395987,1.0,0.004999999888241291,0.0
YGL078C,YGR085C,1,-1.6864576,1.0,0.006000000052154064,0.0
YHR066W,YDR312W,1,-1.7122103,1.0,0.007000000216066837,0.0
YML073C,YGR214W,1,-1.767179,1.0,0.00800000037997961,0.0
YGR085C,YHR066W,1,-1.7732958,1.0,0.008999999612569809,0.0
YOL139C,YNL256W,0,-1.7991047,0.8999999761581421,0.008999999612569809,9.999999747378752e-05
YNR053C,YDR312W,1,-1.8080425,0.9090909361839294,0.009999999776482582,9.999999747378752e-05
YHR170W,YNL110C,1,-1.8112352,0.9166666865348816,0.010999999940395355,9.999999747378752e-05
YHR170W,YPR041W,1,-1.8236735,0.9230769276618958,0.012000000104308128,9.999999747378752e-05
YPR102C,YHR066W,1,-1.8236911,0.9285714030265808,0.013000000268220901,9.999999747378752e-05
YGR245C,YHR066W,1,-1.8395038,0.9333333373069763,0.014000000432133675,9.999999747378752e-05
YPL211W,YML024W,1,-1.8724114,0.9375,0.014999999664723873,9.999999747378752e-05
YEL054C,YHR066W,1,-1.8804085,0.9411764740943909,0.01600000075995922,9.999999747378752e-05
YLR221C,YHR066W,1,-1.8893408,0.9444444179534912,0.017000000923871994,9.999999747378752e-05
YLR448W,YHR066W,1,-1.941306,0.9473684430122375,0.017999999225139618,9.999999747378752e-05
YNL110C,YGR085C,1,-1.9588485,0.949999988079071,0.01899999938905239,9.999999747378752e-05
YGR214W,YCR031C,1,-1.9632138,0.9523809552192688,0.019999999552965164,9.999999747378752e-05
YNR038W,YPR041W,1,-1.9638344,0.9545454382896423,0.020999999716877937,9.999999747378752e-05
YML024W,YHR066W,1,-1.982704,0.95652174949646,0.02199999988079071,9.999999747378752e-05
YGR085C,YML024W,1,-1.9833276,0.9583333134651184,0.023000000044703484,9.999999747378752e-05
YLR291C,YNL132W,0,-1.9959241,0.9200000166893005,0.023000000044703484,0.00019999999494757503
YPL211W,YNR053C,1,-2.0167344,0.9230769276618958,0.024000000208616257,0.00019999999494757503
YPL211W,YBR048W,1,-2.0283508,0.9259259104728699,0.02500000037252903,0.00019999999494757503
YNL110C,YLR167W,1,-2.0377634,0.9285714030265808,0.026000000536441803,0.00019999999494757503
YOR206W,YHR066W,1,-2.0515487,0.931034505367279,0.027000000700354576,0.00019999999494757503
YKR081C,YDR312W,1,-2.0663848,0.9333333373069763,0.02800000086426735,0.00019999999494757503
YKR081C,YHR066W,1,-2.0780108,0.9354838728904724,0.028999999165534973,0.00019999999494757503
YLR048W,YHR066W,1,-2.0808673,0.9375,0.029999999329447746,0.00019999999494757503
YLL008W,YDR418W,1,-2.0859694,0.939393937587738,0.03099999949336052,0.00019999999494757503
YLR448W,YDR025W,1,-2.0954735,0.9411764740943909,0.03200000151991844,0.00019999999494757503
YGR085C,YOL127W,1,-2.0994854,0.9428571462631226,0.032999999821186066,0.00019999999494757503
YCR031C,YHR066W,1,-2.1014757,0.9444444179534912,0.03400000184774399,0.00019999999494757503
YNL110C,YML024W,1,-2.1080377,0.9459459185600281,0.03500000014901161,0.00019999999494757503
YNL110C,YML073C,1,-2.1088986,0.9473684430122375,0.035999998450279236,0.00019999999494757503
YNR053C,YGR085C,1,-2.1180086,0.9487179517745972,0.03700000047683716,0.00019999999494757503
YNR003C,YER074W,0,-2.1384294,0.925000011920929,0.03700000047683716,0.0003000000142492354
YGR214W,YHR066W,1,-2.1439342,0.9268292784690857,0.03799999877810478,0.0003000000142492354
YPL211W,YDR418W,1,-2.1478212,0.9285714030265808,0.039000000804662704,0.0003000000142492354
YGL078C,YPR041W,1,-2.1517267,0.930232584476471,0.03999999910593033,0.0003000000142492354
YML024W,YLR221C,1,-2.1531444,0.9318181872367859,0.04100000113248825,0.0003000000142492354
YGL078C,YML024W,1,-2.1607065,0.9333333373069763,0.041999999433755875,0.0003000000142492354
YNL110C,YBR048W,1,-2.161455,0.9347826242446899,0.0430000014603138,0.0003000000142492354
YGR085C,YLR221C,1,-2.1705673,0.936170220375061,0.04399999976158142,0.0003000000142492354
YBR048W,YHR066W,1,-2.1777744,0.9375,0.04500000178813934,0.0003000000142492354
YOR206W,YGR085C,1,-2.182927,0.9387755393981934,0.04600000008940697,0.0003000000142492354
YFL034C-A,YLR388W,0,-2.186014,0.9200000166893005,0.04600000008940697,0.00039999998989515007
YHR170W,YHR066W,1,-2.188135,0.9215686321258545,0.04699999839067459,0.00039999998989515007
YLR192C,YPL146C,0,-2.215965,0.9038461446762085,0.04699999839067459,0.0005000000237487257
YKR024C,YGR245C,1,-2.232659,0.9056603908538818,0.04800000041723251,0.0005000000237487257
YPL211W,YML073C,1,-2.2359152,0.9074074029922485,0.04899999871850014,0.0005000000237487257
YOL080C,YGR085C,1,-2.2365606,0.9090909361839294,0.05000000074505806,0.0005000000237487257
YEL054C,YCR031C,1,-2.2395897,0.9107142686843872,0.050999999046325684,0.0005000000237487257
YLL008W,YML073C,1,-2.2453895,0.9122806787490845,0.052000001072883606,0.0005000000237487257
YDR060W,YNR053C,1,-2.2497504,0.9137930870056152,0.05299999937415123,0.0005000000237487257
YNR053C,YGR214W,1,-2.2572057,0.9152542352676392,0.05400000140070915,0.0005000000237487257
YOL077C,YGL078C,1,-2.2653806,0.9166666865348816,0.054999999701976776,0.0005000000237487257
YHR085W,YHR170W,1,-2.2664645,0.9180327653884888,0.0560000017285347,0.0005000000237487257
YEL054C,YBR048W,1,-2.2711847,0.9193548560142517,0.05700000002980232,0.0005000000237487257
YKR081C,YGR085C,1,-2.2752867,0.920634925365448,0.057999998331069946,0.0005000000237487257
YGR085C,YLR048W,1,-2.276061,0.921875,0.05900000035762787,0.0005000000237487257
YGL078C,YPL211W,1,-2.2767944,0.9230769276618958,0.05999999865889549,0.0005000000237487257
YGL078C,YPR102C,1,-2.2774599,0.9242424368858337,0.061000000685453415,0.0005000000237487257
YLR448W,YGR214W,1,-2.296785,0.9253731369972229,0.06199999898672104,0.0005000000237487257
YOL077C,YGR085C,1,-2.3011026,0.9264705777168274,0.06300000101327896,0.0005000000237487257
YPL211W,YGR085C,1,-2.3012242,0.9275362491607666,0.06400000303983688,0.0005000000237487257
YKR081C,YCR031C,1,-2.3052447,0.9285714030265808,0.06499999761581421,0.0005000000237487257
YML073C,YDR025W,1,-2.310447,0.9295774698257446,0.06599999964237213,0.0005000000237487257
YNL182C,YCR072C,1,-2.3153443,0.9305555820465088,0.06700000166893005,0.0005000000237487257
YLL008W,YOR063W,1,-2.3160331,0.931506872177124,0.06800000369548798,0.0005000000237487257
YOL077C,YCR031C,1,-2.3172035,0.9324324131011963,0.0689999982714653,0.0005000000237487257
YNL110C,YJL191W,1,-2.3315163,0.9333333373069763,0.07000000029802322,0.0005000000237487257
YLL008W,YDR025W,1,-2.3366716,0.9342105388641357,0.07100000232458115,0.0005000000237487257
YNL182C,YNL110C,1,-2.3427505,0.9350649118423462,0.07199999690055847,0.0005000000237487257
YHR085W,YDR312W,1,-2.3437536,0.9358974099159241,0.0729999989271164,0.0005000000237487257
YLR448W,YJL191W,1,-2.3493664,0.9367088675498962,0.07400000095367432,0.0005000000237487257
YOL077C,YLR448W,1,-2.3641887,0.9375,0.07500000298023224,0.0005000000237487257
YGL078C,YNR053C,1,-2.3660002,0.9382715821266174,0.07599999755620956,0.0005000000237487257
YPL211W,YCR072C,1,-2.3696625,0.9390243887901306,0.07699999958276749,0.0005000000237487257
YOL077C,YGR214W,1,-2.3738892,0.9397590160369873,0.07800000160932541,0.0005000000237487257
YDR025W,YBR048W,1,-2.3807833,0.9404761791229248,0.07900000363588333,0.0005000000237487257
YLR448W,YCR031C,1,-2.3818467,0.9411764740943909,0.07999999821186066,0.0005000000237487257
YPL211W,YDR312W,1,-2.3887484,0.9418604373931885,0.08100000023841858,0.0005000000237487257
YPL211W,YGR214W,1,-2.3901107,0.9425287246704102,0.0820000022649765,0.0005000000237487257
YNL110C,YEL054C,1,-2.3934674,0.9431818127632141,0.08299999684095383,0.0005000000237487257
YLL008W,YLR167W,1,-2.3966405,0.9438202381134033,0.08399999886751175,0.0005000000237487257
YGR214W,YBR048W,1,-2.396976,0.9444444179534912,0.08500000089406967,0.0005000000237487257
YNL110C,YDR312W,1,-2.3977745,0.9450549483299255,0.0860000029206276,0.0005000000237487257
YHR170W,YML024W,1,-2.3997703,0.945652186870575,0.08699999749660492,0.0005000000237487257
YPL211W,YOR063W,1,-2.4068134,0.9462365508079529,0.08799999952316284,0.0005000000237487257
YGL078C,YNL110C,1,-2.4086235,0.9468085169792175,0.08900000154972076,0.0005000000237487257
YOR206W,YGR214W,1,-2.415506,0.9473684430122375,0.09000000357627869,0.0005000000237487257
YNL110C,YCR072C,1,-2.4164462,0.9479166865348816,0.09099999815225601,0.0005000000237487257
YNL110C,YDR025W,1,-2.4206557,0.9484536051750183,0.09200000017881393,0.0005000000237487257
YKR081C,YML073C,1,-2.4225128,0.9489796161651611,0.09300000220537186,0.0005000000237487257
YCR072C,YPR041W,1,-2.424055,0.9494949579238892,0.09399999678134918,0.0005000000237487257
YGL078C,YDR312W,1,-2.4252813,0.949999988079071,0.0949999988079071,0.0005000000237487257
YLR167W,YHR066W,1,-2.4298391,0.9504950642585754,0.09600000083446503,0.0005000000237487257
YLR048W,YCR031C,1,-2.4364243,0.9509803652763367,0.09700000286102295,0.0005000000237487257
YKR024C,YHR066W,1,-2.4397845,0.9514563083648682,0.09799999743700027,0.0005000000237487257
YLL008W,YEL054C,1,-2.4404402,0.9519230723381042,0.0989999994635582,0.0005000000237487257
YPL211W,YPR102C,1,-2.4496205,0.9523809552192688,0.10000000149011612,0.0005000000237487257
YPL211W,YCR031C,1,-2.4514139,0.9528301954269409,0.10100000351667404,0.0005000000237487257
YLR221C,YCR072C,1,-2.4516091,0.9532710313796997,0.10199999809265137,0.0005000000237487257
YGL078C,YLR048W,1,-2.4569585,0.9537037014961243,0.10300000011920929,0.0005000000237487257
YGR214W,YGR245C,1,-2.4591448,0.9541284441947937,0.10400000214576721,0.0005000000237487257
YGL171W,YIL133C,0,-2.4593248,0.9454545378684998,0.10400000214576721,0.0006000000284984708
YNL110C,YDR418W,1,-2.4670806,0.9459459185600281,0.10499999672174454,0.0006000000284984708
YNL110C,YLR221C,1,-2.471218,0.9464285969734192,0.10599999874830246,0.0006000000284984708
YGL078C,YGR214W,1,-2.4755673,0.9469026327133179,0.10700000077486038,0.0006000000284984708
YPL211W,YLR167W,1,-2.4756193,0.9473684430122375,0.1080000028014183,0.0006000000284984708
YLL008W,YML024W,1,-2.4779103,0.947826087474823,0.10899999737739563,0.0006000000284984708
YKR081C,YDR418W,1,-2.4786594,0.9482758641242981,0.10999999940395355,0.0006000000284984708
YCR072C,YIR012W,1,-2.4821608,0.9487179517745972,0.11100000143051147,0.0006000000284984708
YLL008W,YGR214W,1,-2.483004,0.9491525292396545,0.1120000034570694,0.0006000000284984708
YNR053C,YLR048W,1,-2.485223,0.9495798349380493,0.11299999803304672,0.0006000000284984708
YNR053C,YEL054C,1,-2.4853878,0.949999988079071,0.11400000005960464,0.0006000000284984708
YEL054C,YDR312W,1,-2.4875708,0.9504132270812988,0.11500000208616257,0.0006000000284984708
YDL031W,YPR041W,1,-2.4905007,0.9508196711540222,0.11599999666213989,0.0006000000284984708
YNL182C,YGR214W,1,-2.4908514,0.9512194991111755,0.11699999868869781,0.0006000000284984708
YGR085C,YGR214W,1,-2.497962,0.9516128897666931,0.11800000071525574,0.0006000000284984708
YOR206W,YCR031C,1,-2.4990082,0.9520000219345093,0.11900000274181366,0.0006000000284984708
YJR069C,YOL093W,0,-2.5084088,0.9444444179534912,0.11900000274181366,0.000699999975040555
YGL078C,YDR418W,1,-2.5105982,0.9448819160461426,0.11999999731779099,0.000699999975040555
YNR053C,YHR066W,1,-2.5126808,0.9453125,0.12099999934434891,0.000699999975040555
YHR010W,YKR060W,0,-2.5128007,0.9379844665527344,0.12099999934434891,0.0007999999797903001
YNL110C,YOL127W,1,-2.5146887,0.9384615421295166,0.12200000137090683,0.0007999999797903001
YNL110C,YCR031C,1,-2.5150235,0.9389312863349915,0.12300000339746475,0.0007999999797903001
YNL110C,YPR102C,1,-2.5157022,0.939393937587738,0.12399999797344208,0.0007999999797903001
YLR186W,YPL081W,0,-2.5182319,0.932330846786499,0.12399999797344208,0.0008999999845400453
YNL182C,YEL054C,1,-2.522148,0.9328358173370361,0.125,0.0008999999845400453
YKR081C,YML024W,1,-2.5233617,0.9333333373069763,0.12600000202655792,0.0008999999845400453
YGR027C,YLR388W,0,-2.5238805,0.9264705777168274,0.12600000202655792,0.0010000000474974513
YLL008W,YHR066W,1,-2.5247521,0.9270073175430298,0.12700000405311584,0.0010000000474974513
YHR170W,YGR085C,1,-2.5259583,0.9275362491607666,0.12800000607967377,0.0010000000474974513
YGR085C,YJL191W,1,-2.5317621,0.9280575513839722,0.1289999932050705,0.0010000000474974513
YKR081C,YLR448W,1,-2.535319,0.9285714030265808,0.12999999523162842,0.0010000000474974513
YKR081C,YCR072C,1,-2.5365114,0.9290780425071716,0.13099999725818634,0.0010000000474974513
YLL008W,YJL191W,1,-2.5365295,0.9295774698257446,0.13199999928474426,0.0010000000474974513
YEL054C,YFL002C,1,-2.5382109,0.9300699234008789,0.13300000131130219,0.0010000000474974513
YKR081C,YJL191W,1,-2.5403702,0.9305555820465088,0.1340000033378601,0.0010000000474974513
YDR060W,YCR072C,1,-2.5477595,0.931034505367279,0.13500000536441803,0.0010000000474974513
YPL211W,YLR448W,1,-2.548224,0.931506872177124,0.13600000739097595,0.0010000000474974513
YJL145W,YIR026C,0,-2.5485632,0.9251700639724731,0.13600000739097595,0.0010999999940395355
YHR170W,YLR221C,1,-2.5513637,0.9256756901741028,0.13699999451637268,0.0010999999940395355
YEL054C,YPR041W,1,-2.5616207,0.926174521446228,0.1379999965429306,0.0010999999940395355
YNL182C,YDR312W,1,-2.561843,0.9266666769981384,0.13899999856948853,0.0010999999940395355
YNR053C,YML073C,1,-2.5756376,0.9271523356437683,0.14000000059604645,0.0010999999940395355
YKR081C,YEL054C,1,-2.5794725,0.9276315569877625,0.14100000262260437,0.0010999999940395355
YKR081C,YLR048W,1,-2.5795012,0.9281045794487,0.1420000046491623,0.0010999999940395355
YHR170W,YGR214W,1,-2.5797594,0.9285714030265808,0.14300000667572021,0.0010999999940395355
YNR053C,YLR448W,1,-2.5799825,0.9290322661399841,0.14399999380111694,0.0010999999940395355
YHR170W,YNR053C,1,-2.5812688,0.9294871687889099,0.14499999582767487,0.0010999999940395355
YPL211W,YHR170W,1,-2.5851016,0.9299362897872925,0.1459999978542328,0.0010999999940395355
YGR085C,YCR031C,1,-2.5900908,0.9303797483444214,0.1469999998807907,0.0010999999940395355
YGL078C,YBR048W,1,-2.596761,0.9308176040649414,0.14800000190734863,0.0010999999940395355
YOR206W,YDR418W,1,-2.602612,0.9312499761581421,0.14900000393390656,0.0010999999940395355
YNL182C,YHR170W,1,-2.6085021,0.9316770434379578,0.15000000596046448,0.0010999999940395355
YNL182C,YML024W,1,-2.6112077,0.9320987462997437,0.1509999930858612,0.0010999999940395355
YHR088W,YDR312W,1,-2.6162772,0.9325153231620789,0.15199999511241913,0.0010999999940395355
YPR102C,YGR085C,1,-2.6169276,0.9329268336296082,0.15299999713897705,0.0010999999940395355
YNR053C,YLR221C,1,-2.619166,0.9333333373069763,0.15399999916553497,0.0010999999940395355
YOL077C,YML073C,1,-2.6273985,0.9337349534034729,0.1550000011920929,0.0010999999940395355
YNL182C,YGR245C,1,-2.630072,0.9341317415237427,0.15600000321865082,0.0010999999940395355
YLL008W,YOL127W,1,-2.634345,0.9345238208770752,0.15700000524520874,0.0010999999940395355
YGL078C,YDR025W,1,-2.6346884,0.9349112510681152,0.15800000727176666,0.0010999999940395355
YOR206W,YLR048W,1,-2.6422684,0.9352940917015076,0.1589999943971634,0.0010999999940395355
YPL211W,YEL054C,1,-2.653149,0.9356725215911865,0.1599999964237213,0.0010999999940395355
YNR053C,YPR102C,1,-2.6532116,0.9360465407371521,0.16099999845027924,0.0010999999940395355
YML073C,YLR048W,1,-2.6590102,0.9364162087440491,0.16200000047683716,0.0010999999940395355
YHR013C,YMR290C,0,-2.6603005,0.931034505367279,0.16200000047683716,0.0012000000569969416
YKR024C,YIR012W,1,-2.6659608,0.9314285516738892,0.16300000250339508,0.0012000000569969416
YNL110C,YOL144W,1,-2.6682308,0.9318181872367859,0.164000004529953,0.0012000000569969416
YPL211W,YJL191W,1,-2.6748152,0.9322034120559692,0.16500000655651093,0.0012000000569969416
YNR038W,YDR312W,1,-2.675925,0.932584285736084,0.16599999368190765,0.0012000000569969416
YNL110C,YHR066W,1,-2.679957,0.9329608678817749,0.16699999570846558,0.0012000000569969416
YOR206W,YBR048W,1,-2.6819003,0.9333333373069763,0.1679999977350235,0.0012000000569969416
YHR170W,YKR081C,1,-2.6890078,0.9337016344070435,0.16899999976158142,0.0012000000569969416
YGR214W,YPR041W,1,-2.690873,0.9340659379959106,0.17000000178813934,0.0012000000569969416
YGL078C,YLR448W,1,-2.6921403,0.9344262480735779,0.17100000381469727,0.0012000000569969416
YKR081C,YGR214W,1,-2.693318,0.9347826242446899,0.1720000058412552,0.0012000000569969416
YNL182C,YPR102C,1,-2.6933563,0.9351351261138916,0.17299999296665192,0.0012000000569969416
YGR245C,YPR041W,1,-2.693528,0.9354838728904724,0.17399999499320984,0.0012000000569969416
YLL008W,YCR031C,1,-2.6946278,0.9358288645744324,0.17499999701976776,0.0012000000569969416
YOR206W,YLR448W,1,-2.6946473,0.936170220375061,0.17599999904632568,0.0012000000569969416
YGR085C,YGR245C,1,-2.704614,0.9365079402923584,0.1770000010728836,0.0012000000569969416
YGR085C,YBR048W,1,-2.7048562,0.9368420839309692,0.17800000309944153,0.0012000000569969416
YLL008W,YBR048W,1,-2.7091765,0.9371727705001831,0.17900000512599945,0.0012000000569969416
YKR024C,YGR214W,1,-2.7092228,0.9375,0.18000000715255737,0.0012000000569969416
YKR024C,YNL110C,1,-2.709822,0.9378238320350647,0.1809999942779541,0.0012000000569969416
YNR053C,YPL193W,1,-2.7098842,0.938144326210022,0.18199999630451202,0.0012000000569969416
YPL211W,YNL110C,1,-2.7198033,0.9384615421295166,0.18299999833106995,0.0012000000569969416
YIR012W,YHR066W,1,-2.7206268,0.9387755393981934,0.18400000035762787,0.0012000000569969416
YHR170W,YML073C,1,-2.7224138,0.9390863180160522,0.1850000023841858,0.0012000000569969416
YPL211W,YOL127W,1,-2.729277,0.939393937587738,0.1860000044107437,0.0012000000569969416
YNL182C,YBR048W,1,-2.7296138,0.9396985173225403,0.18700000643730164,0.0012000000569969416
YEL054C,YLR448W,1,-2.7305346,0.9399999976158142,0.18799999356269836,0.0012000000569969416
YNR053C,YGR245C,1,-2.7309208,0.9402984976768494,0.1889999955892563,0.0012000000569969416
YGL078C,YKR024C,1,-2.732711,0.9405940771102905,0.1899999976158142,0.0012000000569969416
YNL110C,YLR048W,1,-2.7337065,0.9408866763114929,0.19099999964237213,0.0012000000569969416
YOL077C,YEL054C,1,-2.7343507,0.9411764740943909,0.19200000166893005,0.0012000000569969416
YOR206W,YPR102C,1,-2.7406583,0.9414634108543396,0.19300000369548798,0.0012000000569969416
YPR102C,YML024W,1,-2.7420723,0.9417475461959839,0.1940000057220459,0.0012000000569969416
YOL077C,YKR024C,1,-2.7421153,0.9420289993286133,0.19499999284744263,0.0012000000569969416
YLL008W,YPR102C,1,-2.7426221,0.942307710647583,0.19599999487400055,0.0012000000569969416
YKR024C,YGR085C,1,-2.7464602,0.9425837397575378,0.19699999690055847,0.0012000000569969416
YGL078C,YGR245C,1,-2.7497067,0.9428571462631226,0.1979999989271164,0.0012000000569969416
YDR060W,YHR088W,1,-2.7510085,0.9431279897689819,0.19900000095367432,0.0012000000569969416
YML073C,YCR031C,1,-2.7528799,0.9433962106704712,0.20000000298023224,0.0012000000569969416
YKR081C,YDR025W,1,-2.7532532,0.9436619877815247,0.20100000500679016,0.0012000000569969416
YJR069C,YML056C,0,-2.7539234,0.9392523169517517,0.20100000500679016,0.0013000000035390258
YOL077C,YHR066W,1,-2.7540135,0.9395349025726318,0.20200000703334808,0.0013000000035390258
YDR060W,YNL110C,1,-2.7546473,0.9398148059844971,0.2029999941587448,0.0013000000035390258
YHR085W,YIR012W,1,-2.7592616,0.940092146396637,0.20399999618530273,0.0013000000035390258
YHR085W,YLR221C,1,-2.7600288,0.9403669834136963,0.20499999821186066,0.0013000000035390258
YGL078C,YDR060W,1,-2.761175,0.9406392574310303,0.20600000023841858,0.0013000000035390258
YNR053C,YJL191W,1,-2.7625124,0.9409090876579285,0.2070000022649765,0.0013000000035390258
YPL211W,YDR025W,1,-2.764793,0.9411764740943909,0.20800000429153442,0.0013000000035390258
YNL182C,YDR418W,1,-2.7657135,0.9414414167404175,0.20900000631809235,0.0013000000035390258
YNL110C,YPR041W,1,-2.7697306,0.9417040348052979,0.20999999344348907,0.0013000000035390258
YOR206W,YML024W,1,-2.7715595,0.9419642686843872,0.210999995470047,0.0013000000035390258
YHR085W,YCR072C,1,-2.7762215,0.9422222375869751,0.21199999749660492,0.0013000000035390258
YNR053C,YBR048W,1,-2.7768993,0.9424778819084167,0.21299999952316284,0.0013000000035390258
YNR053C,YDR418W,1,-2.7827373,0.9427312612533569,0.21400000154972076,0.0013000000035390258
YGL078C,YIR012W,1,-2.783479,0.9429824352264404,0.2150000035762787,0.0013000000035390258
YDR060W,YML024W,1,-2.786083,0.943231463432312,0.2160000056028366,0.0013000000035390258
YOR206W,YDR025W,1,-2.7865934,0.9434782862663269,0.21699999272823334,0.0013000000035390258
YLR448W,YLR048W,1,-2.7874334,0.9437229633331299,0.21799999475479126,0.0013000000035390258
YML024W,YGR245C,1,-2.7882812,0.943965494632721,0.21899999678134918,0.0013000000035390258
YCR031C,YGR245C,1,-2.7921817,0.9442059993743896,0.2199999988079071,0.0013000000035390258
YPL211W,YLR048W,1,-2.7942643,0.9444444179534912,0.22100000083446503,0.0013000000035390258
YFL002C,YHR066W,1,-2.7981448,0.9446808695793152,0.22200000286102295,0.0013000000035390258
YDL031W,YCR072C,1,-2.8041272,0.944915235042572,0.22300000488758087,0.0013000000035390258
YDR060W,YKR081C,1,-2.8084998,0.945147693157196,0.2240000069141388,0.0013000000035390258
YPR102C,YGR245C,1,-2.8115933,0.9453781247138977,0.22499999403953552,0.0013000000035390258
YNL182C,YML073C,1,-2.8145196,0.9456067085266113,0.22599999606609344,0.0013000000035390258
YOL077C,YNL182C,1,-2.816316,0.9458333253860474,0.22699999809265137,0.0013000000035390258
YHR170W,YCR072C,1,-2.8267336,0.9460580945014954,0.2280000001192093,0.0013000000035390258
YNL110C,YGR245C,1,-2.831467,0.9462810158729553,0.2290000021457672,0.0013000000035390258
YOR206W,YOL127W,1,-2.8321486,0.9465020298957825,0.23000000417232513,0.0013000000035390258
YLR221C,YGR245C,1,-2.832555,0.9467213153839111,0.23100000619888306,0.0013000000035390258
YKR024C,YHR170W,1,-2.83584,0.9469387531280518,0.23199999332427979,0.0013000000035390258
YIR012W,YDR312W,1,-2.838189,0.9471544623374939,0.2329999953508377,0.0013000000035390258
YDR060W,YGR245C,1,-2.8402681,0.9473684430122375,0.23399999737739563,0.0013000000035390258
YBR048W,YGR245C,1,-2.840676,0.9475806355476379,0.23499999940395355,0.0013000000035390258
YNR038W,YEL054C,1,-2.8417437,0.9477911591529846,0.23600000143051147,0.0013000000035390258
YHR148W,YGL147C,0,-2.8550632,0.9440000057220459,0.23600000143051147,0.00139999995008111
YDR060W,YGR085C,1,-2.856376,0.9442231059074402,0.2370000034570694,0.00139999995008111
YOR206W,YJL191W,1,-2.856617,0.9444444179534912,0.23800000548362732,0.00139999995008111
YJL191W,YPR041W,1,-2.857561,0.9446640610694885,0.23899999260902405,0.00139999995008111
YGL078C,YCR031C,1,-2.8662438,0.9448819160461426,0.23999999463558197,0.00139999995008111
YOL127W,YGR214W,1,-2.8683605,0.9450980424880981,0.2409999966621399,0.00139999995008111
YJL191W,YLR221C,1,-2.8688762,0.9453125,0.24199999868869781,0.00139999995008111
YNL182C,YPR041W,1,-2.8781533,0.9455252885818481,0.24300000071525574,0.00139999995008111
YCR072C,YFL002C,1,-2.8808677,0.9457364082336426,0.24400000274181366,0.00139999995008111
YGL078C,YCR072C,1,-2.8810077,0.9459459185600281,0.24500000476837158,0.00139999995008111
YPL211W,YHR088W,1,-2.8876283,0.9461538195610046,0.2460000067949295,0.00139999995008111
YNR053C,YOL127W,1,-2.889597,0.946360170841217,0.24699999392032623,0.00139999995008111
YNL182C,YCR031C,1,-2.8909025,0.9465649127960205,0.24799999594688416,0.00139999995008111
YOL077C,YPR102C,1,-2.892959,0.946768045425415,0.24899999797344208,0.00139999995008111
YDL031W,YGR085C,1,-2.8949707,0.9469696879386902,0.25,0.00139999995008111
YGR085C,YDR312W,1,-2.8991997,0.947169840335846,0.25099998712539673,0.00139999995008111
YLR183C,YLR222C,0,-2.9011102,0.9436089992523193,0.25099998712539673,0.001500000013038516
YML073C,YFL002C,1,-2.904529,0.9438202381134033,0.25200000405311584,0.001500000013038516
YOL077C,YPR041W,1,-2.9099119,0.9440298676490784,0.2529999911785126,0.001500000013038516
YPR102C,YLR221C,1,-2.9099195,0.9442379474639893,0.2540000081062317,0.001500000013038516
YOL127W,YHR066W,1,-2.9103336,0.9444444179534912,0.2549999952316284,0.001500000013038516
YLL008W,YLR048W,1,-2.913104,0.9446494579315186,0.25600001215934753,0.001500000013038516
YGL078C,YHR170W,1,-2.91316,0.9448529481887817,0.25699999928474426,0.001500000013038516
YBR048W,YCR031C,1,-2.9150555,0.9450549483299255,0.257999986410141,0.001500000013038516
YOR206W,YHR088W,1,-2.925475,0.94525545835495,0.2590000033378601,0.001500000013038516
YGR085C,YFL002C,1,-2.9265797,0.9454545378684998,0.25999999046325684,0.001500000013038516
YEL054C,YLR221C,1,-2.929487,0.945652186870575,0.26100000739097595,0.001500000013038516
YNL110C,YLR448W,1,-2.9298282,0.9458483457565308,0.2619999945163727,0.001500000013038516
YOL077C,YBR048W,1,-2.9334497,0.9460431933403015,0.2630000114440918,0.001500000013038516
YML073C,YGR245C,1,-2.9341063,0.9462365508079529,0.2639999985694885,0.001500000013038516
YOL077C,YPL211W,1,-2.9376473,0.9464285969734192,0.26499998569488525,0.001500000013038516
YHR170W,YOL080C,1,-2.9382465,0.9466192126274109,0.26600000262260437,0.001500000013038516
YKR024C,YNL182C,1,-2.9401617,0.9468085169792175,0.2669999897480011,0.001500000013038516
YOL077C,YHR088W,1,-2.9403384,0.9469964504241943,0.2680000066757202,0.001500000013038516
YGR214W,YFL002C,1,-2.9417586,0.9471830725669861,0.26899999380111694,0.001500000013038516
YOL077C,YHR170W,1,-2.94216,0.9473684430122375,0.27000001072883606,0.001500000013038516
YGR214W,YML024W,1,-2.9422455,0.9475524425506592,0.2709999978542328,0.001500000013038516
YOL077C,YDR418W,1,-2.9445672,0.9477351903915405,0.2720000147819519,0.001500000013038516
YMR091C,YHL033C,0,-2.9458148,0.9444444179534912,0.2720000147819519,0.0015999999595806003
YLR048W,YJL191W,1,-2.9464557,0.9446367025375366,0.27300000190734863,0.0015999999595806003
YOL077C,YCR072C,1,-2.9474673,0.9448275566101074,0.27399998903274536,0.0015999999595806003
YNL182C,YLR048W,1,-2.9517286,0.9450171589851379,0.2750000059604645,0.0015999999595806003
YNL182C,YPL211W,1,-2.9541607,0.9452054500579834,0.2759999930858612,0.0015999999595806003
YHR170W,YLR048W,1,-2.9546037,0.9453924894332886,0.2770000100135803,0.0015999999595806003
YOL144W,YOL080C,1,-2.9553027,0.9455782175064087,0.27799999713897705,0.0015999999595806003
YML024W,YIR012W,1,-2.9570253,0.9457626938819885,0.27900001406669617,0.0015999999595806003
YMR194W,YPL090C,0,-2.9623873,0.9425675868988037,0.27900001406669617,0.0017000000225380063
YDR060W,YPR102C,1,-2.966107,0.9427609443664551,0.2800000011920929,0.0017000000225380063
YHR170W,YDR418W,1,-2.9695096,0.9429529905319214,0.2809999883174896,0.0017000000225380063
YDR025W,YCR031C,1,-2.9723742,0.9431437849998474,0.28200000524520874,0.0017000000225380063
YKR024C,YPL211W,1,-2.9729643,0.9433333277702332,0.28299999237060547,0.0017000000225380063
YEL054C,YML073C,1,-2.9766603,0.9435216188430786,0.2840000092983246,0.0017000000225380063
YOR206W,YPR041W,1,-2.983276,0.943708598613739,0.2849999964237213,0.0017000000225380063
YNR038W,YLR048W,1,-2.9834907,0.9438943862915039,0.28600001335144043,0.0017000000225380063
YDR418W,YGR245C,1,-2.9855843,0.9440789222717285,0.28700000047683716,0.0017000000225380063
YKR024C,YDR060W,1,-2.9861608,0.9442622661590576,0.2879999876022339,0.0017000000225380063
YML073C,YBR048W,1,-2.986816,0.9444444179534912,0.289000004529953,0.0017000000225380063
YJL191W,YGR245C,1,-2.9879346,0.9446253776550293,0.28999999165534973,0.0017000000225380063
YNL182C,YLR221C,1,-2.9886892,0.9448052048683167,0.29100000858306885,0.0017000000225380063
YGL078C,YLR167W,1,-2.9888546,0.9449838399887085,0.2919999957084656,0.0017000000225380063
YHR088W,YPL193W,1,-2.9893436,0.9451612830162048,0.2930000126361847,0.0017000000225380063
YNL182C,YLR448W,1,-2.989778,0.9453375935554504,0.2939999997615814,0.0017000000225380063
YBR247C,YHR141C,0,-2.9900877,0.942307710647583,0.2939999997615814,0.0017999999690800905
YML074C,YGR285C,0,-2.9930522,0.9392971396446228,0.2939999997615814,0.0019000000320374966
YHR170W,YHR088W,1,-2.9947884,0.9394904375076294,0.29499998688697815,0.0019000000320374966
YNR038W,YOL080C,1,-2.9954252,0.9396825432777405,0.29600000381469727,0.0019000000320374966
YOR095C,YDL229W,0,-2.9977937,0.9367088675498962,0.29600000381469727,0.0020000000949949026
YPL217C,YHR170W,1,-3.0000467,0.9369085431098938,0.296999990940094,0.0020000000949949026
YDL031W,YEL054C,1,-3.002659,0.9371069073677063,0.2980000078678131,0.0020000000949949026
YPL211W,YPR041W,1,-3.008312,0.9373040795326233,0.29899999499320984,0.0020000000949949026
YNR053C,YLR167W,1,-3.0087233,0.9375,0.30000001192092896,0.0020000000949949026
YOL077C,YNR053C,1,-3.0087745,0.9376947283744812,0.3009999990463257,0.0020000000949949026
YHR170W,YJL191W,1,-3.0113847,0.9378882050514221,0.3019999861717224,0.0020000000949949026
YDL081C,YKR056W,0,-3.0124724,0.9349845051765442,0.3019999861717224,0.002099999925121665
YDR184C,YLR009W,0,-3.0163503,0.9320987462997437,0.3019999861717224,0.002199999988079071
YEL054C,YGR214W,1,-3.0190966,0.9323077201843262,0.30300000309944153,0.002199999988079071
YLL008W,YPR041W,1,-3.0205793,0.9325153231620789,0.30399999022483826,0.002199999988079071
YJL191W,YIR012W,1,-3.0233808,0.932721734046936,0.3050000071525574,0.002199999988079071
YCR031C,YFL002C,1,-3.0287132,0.9329268336296082,0.3059999942779541,0.002199999988079071
YGR280C,YDL081C,0,-3.0300584,0.9300912022590637,0.3059999942779541,0.002300000051036477
YLL008W,YDR312W,1,-3.0303626,0.9303030371665955,0.3070000112056732,0.002300000051036477
YHR170W,YLR167W,1,-3.0307875,0.9305136203765869,0.30799999833106995,0.002300000051036477
YKR024C,YPR041W,1,-3.0332322,0.9307228922843933,0.3089999854564667,0.002300000051036477
YNL110C,YHR088W,1,-3.0363202,0.9309309124946594,0.3100000023841858,0.002300000051036477
YOL077C,YLR048W,1,-3.0368087,0.93113774061203,0.3109999895095825,0.002300000051036477
YML073C,YIR012W,1,-3.0440938,0.9313432574272156,0.31200000643730164,0.002300000051036477
YEL054C,YGR245C,1,-3.0459683,0.9315476417541504,0.31299999356269836,0.002300000051036477
YGL078C,YLR221C,1,-3.051034,0.9317507147789001,0.3140000104904175,0.002300000051036477
YNR053C,YOL080C,1,-3.051977,0.9319526553153992,0.3149999976158142,0.002300000051036477
YHR085W,YKR081C,1,-3.0533056,0.9321534037590027,0.3160000145435333,0.002300000051036477
YGR085C,YIR012W,1,-3.0544784,0.9323529601097107,0.31700000166893005,0.002300000051036477
YHR170W,YOL144W,1,-3.0548053,0.9325513243675232,0.3179999887943268,0.002300000051036477
YER131W,YJL069C,0,-3.0565515,0.9298245906829834,0.3179999887943268,0.002400000113993883
YGL078C,YOL144W,1,-3.0565815,0.9300291538238525,0.3190000057220459,0.002400000113993883
YKR081C,YPR102C,1,-3.057355,0.930232584476471,0.3199999928474426,0.002400000113993883
YOL144W,YGR214W,1,-3.057919,0.9304347634315491,0.32100000977516174,0.002400000113993883
YKR081C,YFL002C,1,-3.059222,0.9306358098983765,0.32199999690055847,0.002400000113993883
YPR102C,YLR448W,1,-3.0610938,0.9308357238769531,0.3230000138282776,0.002400000113993883
YDR156W,YOR091W,0,-3.0654562,0.9281609058380127,0.3230000138282776,0.0024999999441206455
YGR245C,YDR312W,1,-3.068115,0.9283667802810669,0.3240000009536743,0.0024999999441206455
YML073C,YLR221C,1,-3.0691693,0.9285714030265808,0.32499998807907104,0.0024999999441206455
YBR048W,YLR221C,1,-3.0696425,0.9287749528884888,0.32600000500679016,0.0024999999441206455
YOL077C,YOL080C,1,-3.070392,0.9289772510528564,0.3269999921321869,0.0024999999441206455
YNR038W,YNL110C,1,-3.0708914,0.9291784763336182,0.328000009059906,0.0024999999441206455
YKL181W,YGL246C,0,-3.0713603,0.9265536665916443,0.328000009059906,0.0026000000070780516
YNR053C,YFL002C,1,-3.0782845,0.9267605543136597,0.32899999618530273,0.0026000000070780516
YKR024C,YOL144W,1,-3.0786698,0.9269663095474243,0.33000001311302185,0.0026000000070780516
YOL144W,YGR085C,1,-3.0788093,0.9271708726882935,0.3310000002384186,0.0026000000070780516
YNR053C,YHR088W,1,-3.0814545,0.9273743033409119,0.3319999873638153,0.0026000000070780516
YDR060W,YGR214W,1,-3.0828903,0.9275766015052795,0.3330000042915344,0.0026000000070780516
YPL217C,YPR041W,1,-3.086127,0.9277777671813965,0.33399999141693115,0.0026000000070780516
YDR025W,YJL191W,1,-3.0919003,0.9279778599739075,0.33500000834465027,0.0026000000070780516
YLR221C,YIR012W,1,-3.0926273,0.9281768202781677,0.335999995470047,0.0026000000070780516
YDL031W,YGR214W,1,-3.0949047,0.9283746480941772,0.3370000123977661,0.0026000000070780516
YKR024C,YEL054C,1,-3.094983,0.9285714030265808,0.33799999952316284,0.0026000000070780516
YCR072C,YGR245C,1,-3.0964963,0.9287671446800232,0.33899998664855957,0.0026000000070780516
YNR053C,YDR025W,1,-3.1008196,0.9289617538452148,0.3400000035762787,0.0026000000070780516
YNR053C,YNL110C,1,-3.102148,0.9291552901268005,0.3409999907016754,0.0026000000070780516
YLL008W,YLR448W,1,-3.1085691,0.929347813129425,0.34200000762939453,0.0026000000070780516
YHR085W,YHR066W,1,-3.1112173,0.9295393228530884,0.34299999475479126,0.0026000000070780516
YOL077C,YGR245C,1,-3.113895,0.929729700088501,0.3440000116825104,0.0026000000070780516
YGL078C,YHR088W,1,-3.1156914,0.9299191236495972,0.3449999988079071,0.0026000000070780516
YCR031C,YDR312W,1,-3.1161008,0.9301075339317322,0.34599998593330383,0.0026000000070780516
YDR060W,YLR448W,1,-3.119896,0.930294930934906,0.34700000286102295,0.0026000000070780516
YOR206W,YPL193W,1,-3.122273,0.9304812550544739,0.3479999899864197,0.0026000000070780516
YHR170W,YEL054C,1,-3.1226783,0.9306666851043701,0.3490000069141388,0.0026000000070780516
YDR025W,YML024W,1,-3.125256,0.9308510422706604,0.3499999940395355,0.0026000000070780516
YHR085W,YJL191W,1,-3.129584,0.931034505367279,0.35100001096725464,0.0026000000070780516
YEL054C,YIR012W,1,-3.1307912,0.9312169551849365,0.35199999809265137,0.0026000000070780516
YNR038W,YKR081C,1,-3.1308436,0.9313983917236328,0.3529999852180481,0.0026000000070780516
YNR038W,YJL191W,1,-3.1313047,0.9315789341926575,0.3540000021457672,0.0026000000070780516
YNR038W,YNR053C,1,-3.1329641,0.9317585229873657,0.35499998927116394,0.0026000000070780516
YLR448W,YBR048W,1,-3.1357105,0.9319371581077576,0.35600000619888306,0.0026000000070780516
YDL031W,YLR448W,1,-3.1361737,0.9321148991584778,0.3569999933242798,0.0026000000070780516
YNR038W,YIR012W,1,-3.1371346,0.9322916865348816,0.3580000102519989,0.0026000000070780516
YHR085W,YDR060W,1,-3.1421247,0.932467520236969,0.35899999737739563,0.0026000000070780516
YGL078C,YML073C,1,-3.1433837,0.9326424598693848,0.36000001430511475,0.0026000000070780516
YEL054C,YCR072C,1,-3.1440413,0.9328165650367737,0.3610000014305115,0.0026000000070780516
YHR170W,YOR206W,1,-3.1442165,0.9329897165298462,0.3619999885559082,0.0026000000070780516
YOL080C,YCR072C,1,-3.1526494,0.9331619739532471,0.3630000054836273,0.0026000000070780516
YGR085C,YEL054C,1,-3.1539478,0.9333333373069763,0.36399999260902405,0.0026000000070780516
YPL217C,YHR066W,1,-3.1549644,0.9335038065910339,0.36500000953674316,0.0026000000070780516
YLR448W,YML024W,1,-3.1565285,0.9336734414100647,0.3659999966621399,0.0026000000070780516
YEL054C,YLR048W,1,-3.1587543,0.9338422417640686,0.367000013589859,0.0026000000070780516
YDL031W,YJL191W,1,-3.15952,0.9340101480484009,0.36800000071525574,0.0026000000070780516
YHR085W,YOR206W,1,-3.1621034,0.9341772198677063,0.36899998784065247,0.0026000000070780516
YGR085C,YCR072C,1,-3.1653137,0.9343434572219849,0.3700000047683716,0.0026000000070780516
YHR170W,YCR031C,1,-3.167173,0.9345088005065918,0.3709999918937683,0.0026000000070780516
YNR053C,YCR031C,1,-3.169831,0.9346733689308167,0.3720000088214874,0.0026000000070780516
YPL217C,YNR053C,1,-3.171431,0.9348371028900146,0.37299999594688416,0.0026000000070780516
YDR060W,YEL054C,1,-3.1727464,0.9350000023841858,0.37400001287460327,0.0026000000070780516
YBR048W,YIR012W,1,-3.1749985,0.9351620674133301,0.375,0.0026000000070780516
YHR085W,YNL110C,1,-3.1764662,0.9353233575820923,0.37599998712539673,0.0026000000070780516
YGL120C,YDR496C,0,-3.17668,0.9330024719238281,0.37599998712539673,0.0027000000700354576
YKR024C,YPR102C,1,-3.1779718,0.9331682920455933,0.37700000405311584,0.0027000000700354576
YPL217C,YNL110C,1,-3.1789563,0.9333333373069763,0.3779999911785126,0.0027000000700354576
YGR214W,YLR221C,1,-3.1791112,0.9334975481033325,0.3790000081062317,0.0027000000700354576
YOL125W,YJL109C,0,-3.1835396,0.9312039017677307,0.3790000081062317,0.00279999990016222
YBR048W,YML024W,1,-3.1851516,0.9313725233078003,0.3799999952316284,0.00279999990016222
YLR048W,YGR245C,1,-3.1899629,0.9315403699874878,0.38100001215934753,0.00279999990016222
YOR206W,YNL110C,1,-3.1902988,0.9317073225975037,0.38199999928474426,0.00279999990016222
YOL080C,YEL054C,1,-3.190621,0.9318735003471375,0.382999986410141,0.00279999990016222
YCR031C,YLR221C,1,-3.1931808,0.9320388436317444,0.3840000033378601,0.00279999990016222
YNL132W,YJL198W,0,-3.1938467,0.9297820925712585,0.3840000033378601,0.002899999963119626
YOL076W,YPL090C,0,-3.194142,0.9275362491607666,0.3840000033378601,0.003000000026077032
YOL144W,YKR081C,1,-3.1956704,0.9277108311653137,0.38499999046325684,0.003000000026077032
YHR085W,YHR088W,1,-3.195747,0.9278846383094788,0.38600000739097595,0.003000000026077032
YLR448W,YGR245C,1,-3.1975663,0.9280575513839722,0.3869999945163727,0.003000000026077032
YPL193W,YGR245C,1,-3.2013164,0.9282296895980835,0.3880000114440918,0.003000000026077032
YPL160W,YNR024W,0,-3.2032907,0.9260143041610718,0.3880000114440918,0.003100000089034438
YNL182C,YLR167W,1,-3.2036693,0.9261904954910278,0.3889999985694885,0.003100000089034438
YNR038W,YPL211W,1,-3.2051115,0.9263657927513123,0.38999998569488525,0.003100000089034438
YOL077C,YNR038W,1,-3.208017,0.9265402555465698,0.39100000262260437,0.003100000089034438
YNL182C,YDR025W,1,-3.2093692,0.9267139434814453,0.3919999897480011,0.003100000089034438
YHR170W,YLR448W,1,-3.2103717,0.926886796951294,0.3930000066757202,0.003100000089034438
YBL035C,YOR095C,0,-3.2108667,0.9247058629989624,0.3930000066757202,0.0031999999191612005
YDR418W,YLR048W,1,-3.2127247,0.9248826503753662,0.39399999380111694,0.0031999999191612005
YGR214W,YIR012W,1,-3.2129982,0.9250585436820984,0.39500001072883606,0.0031999999191612005
YNL110C,YOR063W,1,-3.216446,0.9252336621284485,0.3959999978542328,0.0031999999191612005
YCR031C,YJL191W,1,-3.2169578,0.9254079461097717,0.3970000147819519,0.0031999999191612005
YDR060W,YDR312W,1,-3.2199042,0.9255813956260681,0.39800000190734863,0.0031999999191612005
YGL078C,YOL080C,1,-3.2227697,0.9257540702819824,0.39899998903274536,0.0031999999191612005
YLR175W,YAR008W,0,-3.2236924,0.9236111044883728,0.39899998903274536,0.0032999999821186066
YHR088W,YPR041W,1,-3.22788,0.923787534236908,0.4000000059604645,0.0032999999821186066
YGL078C,YFL002C,1,-3.2290094,0.9239631295204163,0.4009999930858612,0.0032999999821186066
YHR170W,YOL127W,1,-3.2301333,0.9241379499435425,0.4020000100135803,0.0032999999821186066
YGL078C,YNL182C,1,-3.2322354,0.9243119359016418,0.40299999713897705,0.0032999999821186066
YML073C,YJL191W,1,-3.2337112,0.9244851469993591,0.40400001406669617,0.0032999999821186066
YDL031W,YML024W,1,-3.24149,0.9246575236320496,0.4050000011920929,0.0032999999821186066
YOR063W,YML073C,1,-3.2439575,0.9248291850090027,0.4059999883174896,0.0032999999821186066
YHR170W,YFL002C,1,-3.247761,0.925000011920929,0.40700000524520874,0.0032999999821186066
YPL146C,YLL036C,0,-3.2502127,0.9229024648666382,0.40700000524520874,0.0034000000450760126
YEL054C,YDR025W,1,-3.2514658,0.9230769276618958,0.40799999237060547,0.0034000000450760126
YHR085W,YLR048W,1,-3.2531552,0.9232505559921265,0.4090000092983246,0.0034000000450760126
YLR048W,YDR312W,1,-3.2546582,0.9234234094619751,0.4099999964237213,0.0034000000450760126
YOR206W,YLR167W,1,-3.255097,0.9235954880714417,0.41100001335144043,0.0034000000450760126
YOR206W,YCR072C,1,-3.2560287,0.9237667918205261,0.41200000047683716,0.0034000000450760126
YNR053C,YOR063W,1,-3.2608483,0.9239373803138733,0.4129999876022339,0.0034000000450760126
YPR102C,YDR312W,1,-3.260948,0.9241071343421936,0.414000004529953,0.0034000000450760126
YLR051C,YNL151C,0,-3.2620492,0.9220489859580994,0.414000004529953,0.0035000001080334187
YGR214W,YDR312W,1,-3.2633445,0.9222221970558167,0.41499999165534973,0.0035000001080334187
YDR101C,YHR203C,0,-3.2650228,0.9201774001121521,0.41499999165534973,0.003599999938160181
YNR038W,YHR088W,1,-3.2662942,0.9203540086746216,0.41600000858306885,0.003599999938160181
YDR025W,YHR066W,1,-3.2781153,0.9205297827720642,0.4169999957084656,0.003599999938160181
YPL211W,YKR081C,1,-3.284245,0.9207048416137695,0.4180000126361847,0.003599999938160181
YPL217C,YOL077C,1,-3.284957,0.9208791255950928,0.4189999997615814,0.003599999938160181
YOL080C,YKR081C,1,-3.2872472,0.9210526347160339,0.41999998688697815,0.003599999938160181
YKR024C,YCR031C,1,-3.2959414,0.921225368976593,0.42100000381469727,0.003599999938160181
YDR060W,YLR221C,1,-3.2990808,0.9213973879814148,0.421999990940094,0.003599999938160181
YAL059W,YCR057C,0,-3.2995157,0.9193899631500244,0.421999990940094,0.003700000001117587
YOR206W,YLR221C,1,-3.2997355,0.9195652008056641,0.4230000078678131,0.003700000001117587
YDR060W,YPR041W,1,-3.3000665,0.9197397232055664,0.42399999499320984,0.003700000001117587
YPL217C,YGR214W,1,-3.3039122,0.9199134111404419,0.42500001192092896,0.003700000001117587
YML094W,YHR141C,0,-3.3088288,0.917926549911499,0.42500001192092896,0.003800000064074993
YLR221C,YFL002C,1,-3.309521,0.9181034564971924,0.4259999990463257,0.003800000064074993
YLR167W,YGR245C,1,-3.3109145,0.9182795882225037,0.4269999861717224,0.003800000064074993
YLR448W,YDR312W,1,-3.3110573,0.9184549450874329,0.42800000309944153,0.003800000064074993
YLR129W,YJR069C,0,-3.311355,0.9164882302284241,0.42800000309944153,0.0038999998942017555
YLL008W,YPL211W,1,-3.3114233,0.9166666865348816,0.42899999022483826,0.0038999998942017555
YNL302C,YLL011W,0,-3.3123755,0.914712131023407,0.42899999022483826,0.004000000189989805
YMR116C,YML014W,0,-3.312819,0.9127659797668457,0.42899999022483826,0.004100000020116568
YOR063W,YCR031C,1,-3.3159668,0.9129511713981628,0.4300000071525574,0.004100000020116568
YJL010C,YGR094W,0,-3.3161743,0.9110169410705566,0.4300000071525574,0.00419999985024333
YNL182C,YOL127W,1,-3.317869,0.9112050533294678,0.4309999942779541,0.00419999985024333
YLL008W,YCR072C,1,-3.3198447,0.9113923907279968,0.4320000112056732,0.00419999985024333
YHR085W,YPL211W,1,-3.321286,0.9115789532661438,0.43299999833106995,0.00419999985024333
YHR170W,YBR048W,1,-3.3220541,0.9117646813392639,0.4339999854564667,0.00419999985024333
YOL080C,YPL193W,1,-3.3230937,0.9119496941566467,0.4350000023841858,0.00419999985024333
YER074W,YDR172W,0,-3.3270085,0.910041868686676,0.4350000023841858,0.00430000014603138
YKR024C,YLR048W,1,-3.330751,0.9102296233177185,0.4359999895095825,0.00430000014603138
YGR214W,YCR072C,1,-3.332055,0.9104166626930237,0.43700000643730164,0.00430000014603138
YNL110C,YCL031C,1,-3.3374996,0.9106029272079468,0.43799999356269836,0.00430000014603138
YHL001W,YGR208W,0,-3.337981,0.908713698387146,0.43799999356269836,0.004399999976158142
YDR418W,YLR448W,1,-3.3387146,0.9089027047157288,0.4390000104904175,0.004399999976158142
YGR214W,YDR025W,1,-3.3418362,0.9090909361839294,0.4399999976158142,0.004399999976158142
YHR193C,YDR167W,0,-3.3421893,0.907216489315033,0.4399999976158142,0.0044999998062849045
YBR048W,YPR041W,1,-3.3474715,0.9074074029922485,0.4410000145435333,0.0044999998062849045
YKR024C,YML073C,1,-3.3478663,0.907597541809082,0.44200000166893005,0.0044999998062849045
YPL217C,YGR085C,1,-3.350594,0.9077869057655334,0.4429999887943268,0.0044999998062849045
YGR085C,YDR025W,1,-3.3534958,0.907975435256958,0.4440000057220459,0.0044999998062849045
YPL217C,YML024W,1,-3.3592088,0.9081632494926453,0.4449999928474426,0.0044999998062849045
YOL144W,YIR012W,1,-3.3642137,0.9083502888679504,0.44600000977516174,0.0044999998062849045
YPL217C,YML073C,1,-3.366494,0.9085366129875183,0.44699999690055847,0.0044999998062849045
YOR206W,YGR245C,1,-3.366872,0.9087221026420593,0.4480000138282776,0.0044999998062849045
YGR245C,YIR012W,1,-3.3734581,0.908906877040863,0.4490000009536743,0.0044999998062849045
YGL078C,YOL127W,1,-3.3767848,0.9090909361839294,0.44999998807907104,0.0044999998062849045
YLR167W,YLR221C,1,-3.3785973,0.9092742204666138,0.45100000500679016,0.0044999998062849045
YAL035W,YLR029C,0,-3.3824105,0.9074446558952332,0.45100000500679016,0.004600000102072954
YOR063W,YGR214W,1,-3.3831398,0.9076305031776428,0.4519999921321869,0.004600000102072954
YKL113C,YPL090C,0,-3.386249,0.905811607837677,0.4519999921321869,0.004699999932199717
YHR085W,YML073C,1,-3.3942811,0.906000018119812,0.453000009059906,0.004699999932199717
YOL144W,YML073C,1,-3.3994927,0.9061876535415649,0.45399999618530273,0.004699999932199717
YOL077C,YNL110C,1,-3.3997102,0.9063745141029358,0.45500001311302185,0.004699999932199717
YNR053C,YIR012W,1,-3.3997602,0.9065606594085693,0.4560000002384186,0.004699999932199717
YJL111W,YPL160W,0,-3.399842,0.9047619104385376,0.4560000002384186,0.004800000227987766
YDR418W,YCR072C,1,-3.4030323,0.9049504995346069,0.4569999873638153,0.004800000227987766
YKR081C,YIR012W,1,-3.40337,0.9051383137702942,0.4580000042915344,0.004800000227987766
YHR088W,YGR214W,1,-3.4058466,0.9053254723548889,0.45899999141693115,0.004800000227987766
YBL092W,YGL147C,0,-3.4069686,0.9035432934761047,0.45899999141693115,0.004900000058114529
YOL077C,YPL193W,1,-3.4074726,0.9037328362464905,0.46000000834465027,0.004900000058114529
YDR418W,YJL191W,1,-3.4163074,0.9039215445518494,0.460999995470047,0.004900000058114529
YPR102C,YOR063W,1,-3.4165764,0.9041095972061157,0.4620000123977661,0.004900000058114529
YDR025W,YLR221C,1,-3.4187713,0.904296875,0.46299999952316284,0.004900000058114529
YCL031C,YHR066W,1,-3.4195964,0.904483437538147,0.46399998664855957,0.004900000058114529
YLL011W,YBL039C,0,-3.4224718,0.9027237296104431,0.46399998664855957,0.004999999888241291
YLR048W,YIR012W,1,-3.4253182,0.9029126167297363,0.4650000035762787,0.004999999888241291
YOL080C,YGR245C,1,-3.4256778,0.9031007885932922,0.4659999907016754,0.004999999888241291
YOR063W,YHR066W,1,-3.4267504,0.9032881855964661,0.46700000762939453,0.004999999888241291
YCR034W,YNL178W,0,-3.4272575,0.9015443921089172,0.46700000762939453,0.005100000184029341
YGR191W,YDR449C,0,-3.438141,0.899807333946228,0.46700000762939453,0.005200000014156103
YGL078C,YKR081C,1,-3.4390173,0.8999999761581421,0.46799999475479126,0.005200000014156103
YKR024C,YKR081C,1,-3.4390383,0.9001919627189636,0.4690000116825104,0.005200000014156103
YDL031W,YLR167W,1,-3.439632,0.9003831148147583,0.4699999988079071,0.005200000014156103
YDL031W,YGR245C,1,-3.441705,0.9005736112594604,0.47099998593330383,0.005200000014156103
YHR170W,YPL193W,1,-3.4422038,0.9007633328437805,0.47200000286102295,0.005200000014156103
YOL144W,YEL054C,1,-3.443082,0.9009523987770081,0.4729999899864197,0.005200000014156103
YHR085W,YOL144W,1,-3.4433024,0.9011406898498535,0.4740000069141388,0.005200000014156103
YKR081C,YGR245C,1,-3.4438157,0.9013282656669617,0.4749999940395355,0.005200000014156103
YOR206W,YFL002C,1,-3.4458437,0.9015151262283325,0.47600001096725464,0.005200000014156103
YDL031W,YHR066W,1,-3.4466205,0.9017013311386108,0.47699999809265137,0.005200000014156103
YOL080C,YLR448W,1,-3.449592,0.9018868207931519,0.4779999852180481,0.005200000014156103
YPL217C,YBR048W,1,-3.4505317,0.9020715355873108,0.4790000021457672,0.005200000014156103
YCL031C,YCR072C,1,-3.4551172,0.902255654335022,0.47999998927116394,0.005200000014156103
YLR448W,YFL002C,1,-3.457972,0.9024389982223511,0.48100000619888306,0.005200000014156103
YOR206W,YNR053C,1,-3.460816,0.9026217460632324,0.4819999933242798,0.005200000014156103
YGR245C,YFL002C,1,-3.4618673,0.9028037190437317,0.4830000102519989,0.005200000014156103
YGR118W,YGL097W,0,-3.464294,0.9011194109916687,0.4830000102519989,0.0052999998442828655
YLR167W,YFL002C,1,-3.4660597,0.9013035297393799,0.48399999737739563,0.0052999998442828655
YNR038W,YLR448W,1,-3.4672713,0.9014869928359985,0.48500001430511475,0.0052999998442828655
YOR063W,YML024W,1,-3.4690788,0.9016697406768799,0.4860000014305115,0.0052999998442828655
YNR053C,YKR081C,1,-3.4721932,0.9018518328666687,0.4869999885559082,0.0052999998442828655
YHL033C,YML093W,0,-3.4726555,0.9001848697662354,0.4869999885559082,0.005400000140070915
YLL008W,YFL002C,1,-3.474622,0.9003689885139465,0.4880000054836273,0.005400000140070915
YOL077C,YOR063W,1,-3.4752028,0.90055251121521,0.48899999260902405,0.005400000140070915
YPL211W,YOR206W,1,-3.4773495,0.9007353186607361,0.49000000953674316,0.005400000140070915
YOL127W,YGR245C,1,-3.4787416,0.9009174108505249,0.4909999966621399,0.005400000140070915
YKR024C,YHR088W,1,-3.481836,0.901098906993866,0.492000013589859,0.005400000140070915
YKR081C,YPL193W,1,-3.482986,0.9012796878814697,0.49300000071525574,0.005400000140070915
YPR102C,YFL002C,1,-3.4844828,0.9014598727226257,0.49399998784065247,0.005400000140070915
YKR024C,YLR448W,1,-3.4860299,0.9016393423080444,0.4950000047683716,0.005400000140070915
YLL008W,YNL110C,1,-3.4885826,0.9018181562423706,0.4959999918937683,0.005400000140070915
YLR051C,YDR449C,0,-3.489137,0.9001814723014832,0.4959999918937683,0.005499999970197678
YHR085W,YCR031C,1,-3.4922771,0.9003623127937317,0.4970000088214874,0.005499999970197678
YPL211W,YIR012W,1,-3.4923227,0.9005424976348877,0.49799999594688416,0.005499999970197678
YNR038W,YHR085W,1,-3.4959326,0.9007220268249512,0.49900001287460327,0.005499999970197678
YOL080C,YJL191W,1,-3.4963,0.9009009003639221,0.5,0.005499999970197678
YNL182C,YKR081C,1,-3.5000901,0.9010791182518005,0.5009999871253967,0.005499999970197678
YLR106C,YKR081C,1,-3.5006287,0.9012567400932312,0.5019999742507935,0.005499999970197678
YJL177W,YKL156W,0,-3.5014868,0.8996415734291077,0.5019999742507935,0.00559999980032444
YHR085W,YFL002C,1,-3.507019,0.8998211026191711,0.503000020980835,0.00559999980032444
YDR060W,YOL080C,1,-3.514733,0.8999999761581421,0.5040000081062317,0.00559999980032444
YNL075W,YBR261C,0,-3.5187938,0.8983957171440125,0.5040000081062317,0.00570000009611249
YCR034W,YGL111W,0,-3.5188212,0.8967971801757812,0.5040000081062317,0.005799999926239252
YHR085W,YGR245C,1,-3.5205932,0.8969804644584656,0.5049999952316284,0.005799999926239252
YNR038W,YGR214W,1,-3.5238574,0.8971630930900574,0.5059999823570251,0.005799999926239252
YNR038W,YDR060W,1,-3.5252376,0.8973451256752014,0.5070000290870667,0.005799999926239252
YDR060W,YDR418W,1,-3.5298586,0.8975265026092529,0.5080000162124634,0.005799999926239252
YJL191W,YML024W,1,-3.5368624,0.8977072238922119,0.5090000033378601,0.005799999926239252
YPL217C,YPL193W,1,-3.539881,0.8978873491287231,0.5099999904632568,0.005799999926239252
YOL080C,YPR102C,1,-3.5434327,0.8980667591094971,0.5109999775886536,0.005799999926239252
YOL077C,YOL144W,1,-3.5441992,0.898245632648468,0.5120000243186951,0.005799999926239252
YKR024C,YOR206W,1,-3.545702,0.8984237909317017,0.5130000114440918,0.005799999926239252
YHR085W,YGR085C,1,-3.54838,0.8986014127731323,0.5139999985694885,0.005799999926239252
YLR448W,YCR072C,1,-3.5490274,0.8987783789634705,0.5149999856948853,0.005799999926239252
YOR206W,YOR063W,1,-3.5497296,0.8989546895027161,0.515999972820282,0.005799999926239252
YGR200C,YBR106W,0,-3.5504253,0.8973913192749023,0.515999972820282,0.005900000222027302
YGL031C,YPR137W,0,-3.5522306,0.8958333134651184,0.515999972820282,0.006000000052154064
YNR038W,YLR221C,1,-3.553377,0.8960138559341431,0.5170000195503235,0.006000000052154064
YNR038W,YCR072C,1,-3.556893,0.8961937427520752,0.5180000066757202,0.006000000052154064
YGR214W,YJL191W,1,-3.5574358,0.8963730335235596,0.5189999938011169,0.006000000052154064
YHR170W,YOR063W,1,-3.5582876,0.8965517282485962,0.5199999809265137,0.006000000052154064
YLL008W,YHR085W,1,-3.5586944,0.8967297673225403,0.5210000276565552,0.006000000052154064
YDR060W,YPL211W,1,-3.5590763,0.8969072103500366,0.5220000147819519,0.006000000052154064
YHR170W,YDR025W,1,-3.5602987,0.8970840573310852,0.5230000019073486,0.006000000052154064
YKR024C,YLL008W,1,-3.5642095,0.8972602486610413,0.5239999890327454,0.006000000052154064
YDR418W,YOR063W,1,-3.5655918,0.8974359035491943,0.5249999761581421,0.006000000052154064
YNR038W,YDR418W,1,-3.5716794,0.8976109027862549,0.5260000228881836,0.006000000052154064
YOL080C,YGR214W,1,-3.573167,0.8977853655815125,0.5270000100135803,0.006000000052154064
YDL031W,YCR031C,1,-3.5755541,0.8979591727256775,0.527999997138977,0.006000000052154064
YOL077C,YIR012W,1,-3.5760148,0.8981324434280396,0.5289999842643738,0.006000000052154064
YEL054C,YOR063W,1,-3.582325,0.8983050584793091,0.5299999713897705,0.006000000052154064
YFL022C,YNR015W,0,-3.5874069,0.8967850804328918,0.5299999713897705,0.006099999882280827
YOR294W,YHR149C,0,-3.587774,0.8952702879905701,0.5299999713897705,0.006200000178068876
YBR048W,YFL002C,1,-3.5892515,0.8954468965530396,0.531000018119812,0.006200000178068876
YDR418W,YDR312W,1,-3.5923464,0.8956229090690613,0.5320000052452087,0.006200000178068876
YNL182C,YOL144W,1,-3.5931585,0.8957983255386353,0.5329999923706055,0.006200000178068876
YFL002C,YDR312W,1,-3.60126,0.8959731459617615,0.5339999794960022,0.006200000178068876
YOR063W,YBR048W,1,-3.6023242,0.8961474299430847,0.5350000262260437,0.006200000178068876
YLL008W,YLR221C,1,-3.6044393,0.8963210582733154,0.5360000133514404,0.006200000178068876
YOL080C,YLR167W,1,-3.6050172,0.8964941501617432,0.5370000004768372,0.006200000178068876
YKR081C,YLR221C,1,-3.6059551,0.8966666460037231,0.5379999876022339,0.006200000178068876
YOL080C,YDR312W,1,-3.6086206,0.8968386054039001,0.5389999747276306,0.006200000178068876
YPL212C,YDL201W,0,-3.6096652,0.895348846912384,0.5389999747276306,0.006300000008195639
YPL217C,YPR102C,1,-3.6123533,0.89552241563797,0.5400000214576721,0.006300000008195639
YPL217C,YLR167W,1,-3.6126013,0.8956953883171082,0.5410000085830688,0.006300000008195639
YLR167W,YIR012W,1,-3.616656,0.8958677649497986,0.5419999957084656,0.006300000008195639
YNR054C,YFR001W,0,-3.6171181,0.8943894505500793,0.5419999957084656,0.006399999838322401
YLL008W,YPL193W,1,-3.6205544,0.8945634365081787,0.5429999828338623,0.006399999838322401
YLR060W,YMR309C,0,-3.6220794,0.8930920958518982,0.5429999828338623,0.006500000134110451
YDL031W,YKR024C,1,-3.622736,0.8932676315307617,0.5440000295639038,0.006500000134110451
YDL031W,YDR418W,1,-3.6242461,0.8934426307678223,0.5450000166893005,0.006500000134110451
YDR245W,YKR056W,0,-3.6322155,0.8919803500175476,0.5450000166893005,0.006599999964237213
YPL217C,YGL078C,1,-3.6342382,0.8921568393707275,0.5460000038146973,0.006599999964237213
YOL127W,YLR048W,1,-3.6382751,0.8923327922821045,0.546999990940094,0.006599999964237213
YOL080C,YLR048W,1,-3.6419759,0.8925081491470337,0.5479999780654907,0.006599999964237213
YGR085C,YLR167W,1,-3.6423717,0.8926829099655151,0.5490000247955322,0.006599999964237213
YOR063W,YDR025W,1,-3.6463482,0.8928571343421936,0.550000011920929,0.006599999964237213
YOL077C,YHR085W,1,-3.6475325,0.8930308222770691,0.5509999990463257,0.006599999964237213
YKR024C,YLR221C,1,-3.650643,0.893203854560852,0.5519999861717224,0.006599999964237213
YNR038W,YPR102C,1,-3.6523635,0.8933764100074768,0.5529999732971191,0.006599999964237213
YPL217C,YNR038W,1,-3.6544259,0.8935483694076538,0.5540000200271606,0.006599999964237213
YNL182C,YOR063W,1,-3.6545243,0.8937197923660278,0.5550000071525574,0.006599999964237213
YPL217C,YLR448W,1,-3.6561499,0.8938906788825989,0.5559999942779541,0.006599999964237213
YDR060W,YOL127W,1,-3.6571026,0.8940609693527222,0.5569999814033508,0.006599999964237213
YBR048W,YJL191W,1,-3.6573195,0.8942307829856873,0.5580000281333923,0.006599999964237213
YGR145W,YDL136W,0,-3.658224,0.892799973487854,0.5580000281333923,0.0066999997943639755
YDL031W,YPL211W,1,-3.6630938,0.8929712176322937,0.5590000152587891,0.0066999997943639755
YPL193W,YCR072C,1,-3.6658154,0.8931419253349304,0.5600000023841858,0.0066999997943639755
YHL015W,YDR324C,0,-3.6662002,0.8917197585105896,0.5600000023841858,0.006800000090152025
YPR102C,YLR167W,1,-3.666934,0.8918918967247009,0.5609999895095825,0.006800000090152025
YHR088W,YJL191W,1,-3.6679788,0.8920634984970093,0.5619999766349792,0.006800000090152025
YDL031W,YHR085W,1,-3.6687016,0.8922345638275146,0.5630000233650208,0.006800000090152025
YOR206W,YOL144W,1,-3.6689565,0.892405092716217,0.5640000104904175,0.006800000090152025
YNL110C,YKR081C,1,-3.677912,0.8925750255584717,0.5649999976158142,0.006800000090152025
YNR038W,YML073C,1,-3.6794977,0.8927444815635681,0.5659999847412109,0.006800000090152025
YKR081C,YCL031C,1,-3.6810026,0.8929134011268616,0.5669999718666077,0.006800000090152025
YPL217C,YLR048W,1,-3.683279,0.893081784248352,0.5680000185966492,0.006800000090152025
YPR102C,YJL191W,1,-3.6834939,0.8932496309280396,0.5690000057220459,0.006800000090152025
YPR102C,YIR012W,1,-3.684254,0.8934169411659241,0.5699999928474426,0.006800000090152025
YHR085W,YPR102C,1,-3.684566,0.8935837149620056,0.5709999799728394,0.006800000090152025
YNL110C,YFL002C,1,-3.6857038,0.893750011920929,0.5720000267028809,0.006800000090152025
YLR167W,YDR312W,1,-3.6876788,0.8939157724380493,0.5730000138282776,0.006800000090152025
YIR012W,YPR041W,1,-3.6879938,0.8940809965133667,0.5740000009536743,0.006800000090152025
YHR085W,YNL182C,1,-3.6966789,0.8942457437515259,0.574999988079071,0.006800000090152025
YJL208C,YDR280W,0,-3.7025008,0.8928571343421936,0.574999988079071,0.006899999920278788
YJL179W,YER082C,0,-3.7034287,0.8914728760719299,0.574999988079071,0.007000000216066837
YDL031W,YNR038W,1,-3.708156,0.891640841960907,0.5759999752044678,0.007000000216066837
YOL144W,YCR031C,1,-3.7092485,0.8918083310127258,0.5770000219345093,0.007000000216066837
YKR024C,YPL193W,1,-3.713352,0.8919752836227417,0.578000009059906,0.007000000216066837
YHR005C-A,YDR449C,0,-3.7165687,0.8906009197235107,0.578000009059906,0.0071000000461936
YPL217C,YOL080C,1,-3.7201219,0.8907692432403564,0.5789999961853027,0.0071000000461936
YEL054C,YDR418W,1,-3.721736,0.8909370303153992,0.5799999833106995,0.0071000000461936
YDL153C,YML014W,0,-3.7219973,0.8895705342292786,0.5799999833106995,0.007199999876320362
YGL078C,YOR206W,1,-3.7225075,0.8897396922111511,0.5809999704360962,0.007199999876320362
YIL019W,YGL120C,0,-3.7238657,0.8883792161941528,0.5809999704360962,0.007300000172108412
YLR449W,YDR086C,0,-3.7272305,0.8870229125022888,0.5809999704360962,0.007400000002235174
YDL031W,YCL031C,1,-3.7288904,0.8871951103210449,0.5820000171661377,0.007400000002235174
YNL182C,YHR066W,1,-3.733373,0.8873668313026428,0.5830000042915344,0.007400000002235174
YML024W,YCR072C,1,-3.7334096,0.8875380158424377,0.5839999914169312,0.007400000002235174
YDR025W,YGR245C,1,-3.7338254,0.8877086639404297,0.5849999785423279,0.007400000002235174
YGL078C,YOR063W,1,-3.745077,0.8878787755966187,0.5860000252723694,0.007400000002235174
YOL077C,YDR025W,1,-3.7468126,0.8880484104156494,0.5870000123977661,0.007400000002235174
YOL127W,YCR072C,1,-3.74696,0.8882175087928772,0.5879999995231628,0.007400000002235174
YPL217C,YJL191W,1,-3.7515104,0.8883861303329468,0.5889999866485596,0.007400000002235174
YPL217C,YEL054C,1,-3.7544832,0.8885542154312134,0.5899999737739563,0.007400000002235174
YPL093W,YBR143C,0,-3.7592227,0.8872180581092834,0.5899999737739563,0.007499999832361937
YHR120W,YPR163C,0,-3.759674,0.8858858942985535,0.5899999737739563,0.007600000128149986
YNL182C,YIR012W,1,-3.7614267,0.8860569596290588,0.5910000205039978,0.007600000128149986
YLR448W,YLR221C,1,-3.7681203,0.886227548122406,0.5920000076293945,0.007600000128149986
YOR063W,YJL191W,1,-3.771399,0.8863976001739502,0.5929999947547913,0.007600000128149986
YDR025W,YCR072C,1,-3.772844,0.8865671753883362,0.593999981880188,0.007600000128149986
YNR038W,YCR031C,1,-3.7734334,0.8867362141609192,0.5950000286102295,0.007600000128149986
YNR038W,YML024W,1,-3.7768893,0.886904776096344,0.5960000157356262,0.007600000128149986
YDL082W,YDR012W,0,-3.7771103,0.8855869174003601,0.5960000157356262,0.007699999958276749
YPL217C,YLR221C,1,-3.7858605,0.8857566714286804,0.597000002861023,0.007699999958276749
YOL144W,YDR312W,1,-3.7871137,0.8859259486198425,0.5979999899864197,0.007699999958276749
YHR066W,YPR041W,1,-3.79184,0.8860946893692017,0.5989999771118164,0.007699999958276749
YCR031C,YPR041W,1,-3.7942219,0.8862629532814026,0.6000000238418579,0.007699999958276749
YLR008C,YNL151C,0,-3.794524,0.8849557638168335,0.6000000238418579,0.007799999788403511
YGL078C,YHR085W,1,-3.7963572,0.8851251602172852,0.6010000109672546,0.007799999788403511
YHR169W,YDL208W,0,-3.7993546,0.8838235139846802,0.6010000109672546,0.007899999618530273
YGL029W,YOL061W,0,-3.8005838,0.8825256824493408,0.6010000109672546,0.00800000037997961
YKR024C,YOL127W,1,-3.8006854,0.8826979398727417,0.6019999980926514,0.00800000037997961
YNL182C,YOL080C,1,-3.8012972,0.8828697204589844,0.6029999852180481,0.00800000037997961
YKR024C,YBR048W,1,-3.8017242,0.8830409646034241,0.6039999723434448,0.00800000037997961
YNR053C,YCL031C,1,-3.8054838,0.8832116723060608,0.6050000190734863,0.00800000037997961
YOR206W,YIR012W,1,-3.8061552,0.8833819031715393,0.6060000061988831,0.00800000037997961
YNR038W,YFL002C,1,-3.8064268,0.8835516571998596,0.6069999933242798,0.00800000037997961
YMR116C,YLR129W,0,-3.8119717,0.882267415523529,0.6069999933242798,0.008100000210106373
YPL217C,YNL182C,1,-3.8123167,0.8824383020401001,0.6079999804496765,0.008100000210106373
YOL125W,YLR222C,0,-3.8131752,0.8811594247817993,0.6079999804496765,0.008200000040233135
YPL217C,YCR031C,1,-3.8131895,0.8813313841819763,0.609000027179718,0.008200000040233135
YOL080C,YML024W,1,-3.815778,0.8815028667449951,0.6100000143051147,0.008200000040233135
YLR221C,YPR041W,1,-3.8275347,0.8816738724708557,0.6110000014305115,0.008200000040233135
YHR169W,YHR120W,0,-3.832211,0.880403459072113,0.6110000014305115,0.008299999870359898
YHR088W,YGR085C,1,-3.8344846,0.8805755376815796,0.6119999885559082,0.008299999870359898
YFL002C,YIR012W,1,-3.8353999,0.8807471394538879,0.6129999756813049,0.008299999870359898
YLR002C,YGR027C,0,-3.837508,0.8794835209846497,0.6129999756813049,0.00839999970048666
YOL127W,YCR031C,1,-3.841742,0.8796561360359192,0.6140000224113464,0.00839999970048666
YOL144W,YHR088W,1,-3.8453193,0.8798283338546753,0.6150000095367432,0.00839999970048666
YOL127W,YJL191W,1,-3.8518236,0.8799999952316284,0.6159999966621399,0.00839999970048666
YPL093W,YBR154C,0,-3.8549924,0.8787446618080139,0.6159999966621399,0.008500000461935997
YKR024C,YFL002C,1,-3.8560205,0.878917396068573,0.6169999837875366,0.008500000461935997
YCR031C,YIR012W,1,-3.8619792,0.8790895938873291,0.6179999709129333,0.008500000461935997
YDR060W,YBR048W,1,-3.8630881,0.8792613744735718,0.6190000176429749,0.008500000461935997
YHR085W,YPR041W,1,-3.8642716,0.8794326186180115,0.6200000047683716,0.008500000461935997
YHR088W,YFL002C,1,-3.8655672,0.879603385925293,0.6209999918937683,0.008500000461935997
YOL080C,YFL002C,1,-3.875935,0.8797736763954163,0.621999979019165,0.008500000461935997
YOL080C,YPR041W,1,-3.887569,0.8799434900283813,0.6230000257492065,0.008500000461935997
YLR074C,YDR234W,0,-3.888945,0.8787024021148682,0.6230000257492065,0.00860000029206276
YPL217C,YDR312W,1,-3.8912625,0.8788732290267944,0.6240000128746033,0.00860000029206276
YJR064W,YBL072C,0,-3.8920083,0.8776371479034424,0.6240000128746033,0.008700000122189522
YHR085W,YNR053C,1,-3.8936386,0.8778089880943298,0.625,0.008700000122189522
YOL080C,YLR221C,1,-3.8940363,0.8779803514480591,0.6259999871253967,0.008700000122189522
YDL031W,YHR170W,1,-3.8995745,0.8781512379646301,0.6269999742507935,0.008700000122189522
YNR038W,YLL008W,1,-3.9033127,0.8783217072486877,0.628000020980835,0.008700000122189522
YHR170W,YCL031C,1,-3.9042788,0.8784916400909424,0.6290000081062317,0.008700000122189522
YDL148C,YGR090W,0,-3.9049623,0.8772664070129395,0.6290000081062317,0.008799999952316284
YOL080C,YHR088W,1,-3.9076788,0.8774373531341553,0.6299999952316284,0.008799999952316284
YPL217C,YLL008W,1,-3.9087598,0.8776077628135681,0.6309999823570251,0.008799999952316284
YHR088W,YIR012W,1,-3.9104612,0.8777777552604675,0.6320000290870667,0.008799999952316284
YOL144W,YML024W,1,-3.9112167,0.8779472708702087,0.6330000162124634,0.008799999952316284
YOL127W,YLR448W,1,-3.917493,0.8781163692474365,0.6340000033378601,0.008799999952316284
YOL077C,YLR221C,1,-3.9198024,0.8782849311828613,0.6349999904632568,0.008799999952316284
YLR048W,YDR025W,1,-3.9243588,0.8784530162811279,0.6359999775886536,0.008799999952316284
YLL008W,YHR088W,1,-3.9276178,0.8786206841468811,0.6370000243186951,0.008799999952316284
YHR085W,YGR214W,1,-3.9285817,0.8787878751754761,0.6380000114440918,0.008799999952316284
YOL080C,YML073C,1,-3.9328856,0.8789545893669128,0.6389999985694885,0.008799999952316284
YPR102C,YDR025W,1,-3.9346697,0.8791208863258362,0.6399999856948853,0.008799999952316284
YOL080C,YDR418W,1,-3.9359515,0.8792867064476013,0.640999972820282,0.008799999952316284
YHR088W,YLR221C,1,-3.939273,0.8794520497322083,0.6420000195503235,0.008799999952316284
YCL031C,YLR221C,1,-3.94525,0.8796169757843018,0.6430000066757202,0.008799999952316284
YOL139C,YNL302C,0,-3.9452744,0.8784152865409851,0.6430000066757202,0.008899999782443047
YCL031C,YDR312W,1,-3.946701,0.878581166267395,0.6439999938011169,0.008899999782443047
YDL031W,YOR063W,1,-3.9487796,0.8787465691566467,0.6449999809265137,0.008899999782443047
YHR088W,YKR081C,1,-3.9550095,0.878911554813385,0.6460000276565552,0.008899999782443047
YPL217C,YOR206W,1,-3.9552152,0.8790760636329651,0.6470000147819519,0.008899999782443047
YLR388W,YDR023W,0,-3.9572473,0.8778833150863647,0.6470000147819519,0.008999999612569809
YKL205W,YPL012W,0,-3.958479,0.8766937851905823,0.6470000147819519,0.009100000374019146
YDR087C,YKL154W,0,-3.9652534,0.8755074143409729,0.6470000147819519,0.009200000204145908
YLR106C,YHR066W,1,-3.9667084,0.8756756782531738,0.6480000019073486,0.009200000204145908
YDL136W,YGR118W,0,-3.9672039,0.8744939565658569,0.6480000019073486,0.00930000003427267
YDL031W,YBR048W,1,-3.967815,0.8746630549430847,0.6489999890327454,0.00930000003427267
YGL029W,YBR060C,0,-3.9688883,0.8734858632087708,0.6489999890327454,0.009399999864399433
YLL045C,YHR203C,0,-3.9730906,0.8723118305206299,0.6489999890327454,0.009499999694526196
YPR102C,YBR048W,1,-3.9744768,0.8724831938743591,0.6499999761581421,0.009499999694526196
YDL031W,YHR088W,1,-3.97537,0.872654139995575,0.6510000228881836,0.009499999694526196
YNR038W,YOR063W,1,-3.9771304,0.8728246092796326,0.6520000100135803,0.009499999694526196
YOL144W,YPR041W,1,-3.9773412,0.8729946613311768,0.652999997138977,0.009499999694526196
YML024W,YDR312W,1,-3.9821718,0.8731642365455627,0.6539999842643738,0.009499999694526196
YOL144W,YLR167W,1,-3.984234,0.8733333349227905,0.6549999713897705,0.009499999694526196
YLR106C,YPL211W,1,-3.9849498,0.8735020160675049,0.656000018119812,0.009499999694526196
YDL031W,YNL182C,1,-3.9863472,0.873670220375061,0.6570000052452087,0.009499999694526196
YPL217C,YLR106C,1,-3.9867566,0.8738380074501038,0.6579999923706055,0.009499999694526196
YOL077C,YCL031C,1,-3.9872885,0.8740053176879883,0.6589999794960022,0.009499999694526196
YJL191W,YDR312W,1,-3.9879413,0.8741722106933594,0.6600000262260437,0.009499999694526196
YLR029C,YNL067W,0,-3.9882188,0.8730158805847168,0.6600000262260437,0.009600000455975533
YGL120C,YOR151C,0,-3.996778,0.8718625903129578,0.6600000262260437,0.009700000286102295
YOL127W,YDR312W,1,-3.9969327,0.8720316886901855,0.6610000133514404,0.009700000286102295
YKR024C,YML024W,1,-3.9992018,0.8722002506256104,0.6620000004768372,0.009700000286102295
YLR167W,YCR072C,1,-4.001368,0.8723683953285217,0.6629999876022339,0.009700000286102295
YML080W,YPR051W,0,-4.0020366,0.8712220788002014,0.6629999876022339,0.009800000116229057
YNR038W,YDR025W,1,-4.002181,0.8713910579681396,0.6639999747276306,0.009800000116229057
YPL217C,YFL002C,1,-4.0122085,0.8715596199035645,0.6650000214576721,0.009800000116229057
YOR063W,YLR448W,1,-4.012478,0.8717277646064758,0.6660000085830688,0.009800000116229057
YLL008W,YKR081C,1,-4.019429,0.871895432472229,0.6669999957084656,0.009800000116229057
YDR365C,YDR087C,0,-4.0223074,0.8707571625709534,0.6669999957084656,0.00989999994635582
YDL031W,YOR206W,1,-4.0225782,0.8709256649017334,0.6679999828338623,0.00989999994635582
YML024W,YFL002C,1,-4.035164,0.87109375,0.6690000295639038,0.00989999994635582
YLR048W,YML024W,1,-4.03563,0.8712613582611084,0.6700000166893005,0.00989999994635582
YDR120C,YPR125W,0,-4.037994,0.8701298832893372,0.6700000166893005,0.009999999776482582
YHR088W,YML073C,1,-4.038516,0.8702983260154724,0.6710000038146973,0.009999999776482582
YPR102C,YPR041W,1,-4.0390854,0.8704662919044495,0.671999990940094,0.009999999776482582
YGR145W,YLR197W,0,-4.0405464,0.8693402409553528,0.671999990940094,0.010099999606609344
YDL031W,YNL110C,1,-4.0430946,0.8695090413093567,0.6729999780654907,0.010099999606609344
YBR084C-A,YGR027C,0,-4.0499487,0.8683871030807495,0.6729999780654907,0.010200000368058681
YDL031W,YGL078C,1,-4.0520062,0.8685566782951355,0.6740000247955322,0.010200000368058681
YDR234W,YKL120W,0,-4.0523744,0.8674388527870178,0.6740000247955322,0.010300000198185444
YDR060W,YDR025W,1,-4.058235,0.8676092624664307,0.675000011920929,0.010300000198185444
YKR024C,YNR053C,1,-4.0637493,0.8677791953086853,0.6759999990463257,0.010300000198185444
YGL147C,YOR096W,0,-4.0667286,0.8666666746139526,0.6759999990463257,0.010400000028312206
YNR038W,YNL182C,1,-4.067289,0.8668373823165894,0.6769999861717224,0.010400000028312206
YEL054C,YML024W,1,-4.067777,0.8670076727867126,0.6779999732971191,0.010400000028312206
YGL029W,YDR212W,0,-4.0729947,0.8659003973007202,0.6779999732971191,0.010499999858438969
YLR106C,YNL110C,1,-4.079377,0.8660714030265808,0.6790000200271606,0.010499999858438969
YLR022C,YOL124C,0,-4.0809774,0.8649681806564331,0.6790000200271606,0.010599999688565731
YPL043W,YOL061W,0,-4.0833817,0.8638677000999451,0.6790000200271606,0.010700000450015068
YCR031C,YLR167W,1,-4.0850425,0.8640406727790833,0.6800000071525574,0.010700000450015068
YIL035C,YGL070C,0,-4.085318,0.8629441857337952,0.6800000071525574,0.01080000028014183
YHR088W,YPR102C,1,-4.088126,0.8631178736686707,0.6809999942779541,0.01080000028014183
YLR215C,YBL027W,0,-4.088402,0.8620253205299377,0.6809999942779541,0.010900000110268593
YHR088W,YCL031C,1,-4.0919776,0.8621997237205505,0.6819999814033508,0.010900000110268593
YDR418W,YDR025W,1,-4.0987988,0.8623737096786499,0.6830000281333923,0.010900000110268593
YPL211W,YLR221C,1,-4.10566,0.8625472784042358,0.6840000152587891,0.010900000110268593
YHR088W,YCR031C,1,-4.1059413,0.8627204298973083,0.6850000023841858,0.010900000110268593
YBL027W,YKL081W,0,-4.10764,0.8616352081298828,0.6850000023841858,0.010999999940395355
YDL031W,YDR025W,1,-4.110754,0.8618090748786926,0.6859999895095825,0.010999999940395355
YLR167W,YPR041W,1,-4.1157823,0.8619824051856995,0.6869999766349792,0.010999999940395355
YLR448W,YPR041W,1,-4.1177287,0.8621553778648376,0.6880000233650208,0.010999999940395355
YNR038W,YLR167W,1,-4.122218,0.8623279333114624,0.6890000104904175,0.010999999940395355
YDL031W,YML073C,1,-4.123989,0.862500011920929,0.6899999976158142,0.010999999940395355
YDR418W,YIR012W,1,-4.127472,0.8626716732978821,0.6909999847412109,0.010999999940395355
YPL193W,YHR066W,1,-4.1312747,0.8628429174423218,0.6919999718666077,0.010999999940395355
YJR063W,YDL212W,0,-4.131627,0.861768364906311,0.6919999718666077,0.011099999770522118
YDR060W,YPL193W,1,-4.1363597,0.861940324306488,0.6930000185966492,0.011099999770522118
YOL080C,YOL127W,1,-4.136839,0.8621118068695068,0.6940000057220459,0.011099999770522118
YPL217C,YOL127W,1,-4.1385016,0.8622828722000122,0.6949999928474426,0.011099999770522118
YHR107C,YCR034W,0,-4.1443586,0.8612143993377686,0.6949999928474426,0.01119999960064888
YDR060W,YLR048W,1,-4.1455135,0.8613861203193665,0.6959999799728394,0.01119999960064888
YOR063W,YDR312W,1,-4.1483293,0.8615574836730957,0.6970000267028809,0.01119999960064888
YDL031W,YIR012W,1,-4.152154,0.8617283701896667,0.6980000138282776,0.01119999960064888
YOL080C,YCR031C,1,-4.153695,0.8618988990783691,0.6990000009536743,0.01119999960064888
YOR063W,YLR221C,1,-4.17681,0.8620689511299133,0.699999988079071,0.01119999960064888
YDL031W,YLL008W,1,-4.176877,0.8622386455535889,0.7009999752044678,0.01119999960064888
YLR068W,YGR185C,0,-4.1804843,0.8611793518066406,0.7009999752044678,0.011300000362098217
YNR038W,YKR024C,1,-4.1831026,0.8613497018814087,0.7020000219345093,0.011300000362098217
YDR299W,YDL226C,0,-4.183293,0.8602941036224365,0.7020000219345093,0.01140000019222498
YDR412W,YDR381W,0,-4.189391,0.8592411279678345,0.7020000219345093,0.011500000022351742
YOL077C,YDL031W,1,-4.191653,0.859413206577301,0.703000009059906,0.011500000022351742
YOL144W,YPR102C,1,-4.191995,0.8595848679542542,0.7039999961853027,0.011500000022351742
YHR085W,YOL080C,1,-4.1948476,0.8597561120986938,0.7049999833106995,0.011500000022351742
YDR418W,YCR031C,1,-4.1959305,0.8599269390106201,0.7059999704360962,0.011500000022351742
YOR063W,YCR072C,1,-4.197464,0.860097348690033,0.7070000171661377,0.011500000022351742
YLR106C,YPR041W,1,-4.1994987,0.8602673411369324,0.7080000042915344,0.011500000022351742
YMR300C,YML093W,0,-4.201997,0.8592233061790466,0.7080000042915344,0.011599999852478504
YDR060W,YFL002C,1,-4.209784,0.8593939542770386,0.7089999914169312,0.011599999852478504
YLR293C,YBL027W,0,-4.212438,0.8583534955978394,0.7089999914169312,0.011699999682605267
YGL078C,YLR106C,1,-4.214389,0.8585247993469238,0.7099999785423279,0.011699999682605267
YPL211W,YCL031C,1,-4.214585,0.8586956262588501,0.7110000252723694,0.011699999682605267
YNR053C,YCR072C,1,-4.217287,0.8588660955429077,0.7120000123977661,0.011699999682605267
YGL111W,YLR150W,0,-4.2185984,0.8578312993049622,0.7120000123977661,0.011800000444054604
YDL208W,YGR208W,0,-4.219001,0.8567990660667419,0.7120000123977661,0.011900000274181366
YHR085W,YLR167W,1,-4.222792,0.8569711446762085,0.7129999995231628,0.011900000274181366
YPL217C,YGR245C,1,-4.2286215,0.8571428656578064,0.7139999866485596,0.011900000274181366
YDL031W,YDR060W,1,-4.2377543,0.8573141694068909,0.7149999737739563,0.011900000274181366
YOL144W,YBR048W,1,-4.2390876,0.8574850559234619,0.7160000205039978,0.011900000274181366
YLR448W,YIR012W,1,-4.2395406,0.8576555252075195,0.7170000076293945,0.011900000274181366
YLR002C,YGL213C,0,-4.253621,0.856630802154541,0.7170000076293945,0.012000000104308128
YDR418W,YGR214W,1,-4.254636,0.8568019270896912,0.7179999947547913,0.012000000104308128
YLL008W,YIR012W,1,-4.2557006,0.8569725751876831,0.718999981880188,0.012000000104308128
YNL188W,YDR023W,0,-4.25746,0.8559523820877075,0.718999981880188,0.01209999993443489
YOL127W,YOR063W,1,-4.26844,0.856123685836792,0.7200000286102295,0.01209999993443489
YDL031W,YOL080C,1,-4.2696366,0.8562945127487183,0.7210000157356262,0.01209999993443489
YBR149W,YGL037C,0,-4.2736344,0.8552787899971008,0.7210000157356262,0.012199999764561653
YLR106C,YCR072C,1,-4.2744517,0.8554502129554749,0.722000002861023,0.012199999764561653
YDR418W,YML073C,1,-4.2749662,0.8556212782859802,0.7229999899864197,0.012199999764561653
YPL217C,YKR081C,1,-4.2757483,0.8557919859886169,0.7239999771118164,0.012199999764561653
YKL143W,YDR450W,0,-4.279822,0.8547815680503845,0.7239999771118164,0.012299999594688416
YOL144W,YJL191W,1,-4.2872787,0.8549528121948242,0.7250000238418579,0.012299999594688416
YPL086C,YML043C,0,-4.2921853,0.853945791721344,0.7250000238418579,0.012400000356137753
YOR335C,YNL256W,0,-4.293524,0.8529411554336548,0.7250000238418579,0.012500000186264515
YML056C,YER009W,0,-4.299374,0.8519389033317566,0.7250000238418579,0.012600000016391277
YMR211W,YPL212C,0,-4.3042345,0.8509389758110046,0.7250000238418579,0.01269999984651804
YLL008W,YNL182C,1,-4.3110228,0.8511137366294861,0.7260000109672546,0.01269999984651804
YPR060C,YNL175C,0,-4.323395,0.8501170873641968,0.7260000109672546,0.012799999676644802
YOL144W,YLR448W,1,-4.324647,0.8502923846244812,0.7269999980926514,0.012799999676644802
YOL127W,YFL002C,1,-4.3356447,0.8504672646522522,0.7279999852180481,0.012799999676644802
YDR312W,YPR041W,1,-4.339159,0.8506417870521545,0.7289999723434448,0.012799999676644802
YOL077C,YKR081C,1,-4.3418803,0.8508158326148987,0.7300000190734863,0.012799999676644802
YLL008W,YDR060W,1,-4.3430734,0.8509895205497742,0.7310000061988831,0.012799999676644802
YLR264W,YGR208W,0,-4.343198,0.8500000238418579,0.7310000061988831,0.012900000438094139
YPL217C,YDR025W,1,-4.346288,0.8501741886138916,0.7319999933242798,0.012900000438094139
YLR229C,YNL113W,0,-4.3497024,0.8491879105567932,0.7319999933242798,0.013000000268220901
YDR060W,YJL191W,1,-4.362023,0.8493626713752747,0.7329999804496765,0.013000000268220901
YOR063W,YIR012W,1,-4.3632708,0.8495370149612427,0.734000027179718,0.013000000268220901
YKR024C,YJL191W,1,-4.364802,0.849711000919342,0.7350000143051147,0.013000000268220901
YDL192W,YMR217W,0,-4.3671417,0.8487297892570496,0.7350000143051147,0.013100000098347664
YOL127W,YIR012W,1,-4.377441,0.8489042520523071,0.7360000014305115,0.013100000098347664
YPR102C,YGR214W,1,-4.377821,0.849078357219696,0.7369999885559082,0.013100000098347664
YDR025W,YPR041W,1,-4.386331,0.8492519855499268,0.7379999756813049,0.013100000098347664
YLR060W,YGL070C,0,-4.388216,0.8482758402824402,0.7379999756813049,0.013199999928474426
YKL057C,YDR465C,0,-4.388403,0.8473019599914551,0.7379999756813049,0.013299999758601189
YHR088W,YLR448W,1,-4.389929,0.8474770784378052,0.7390000224113464,0.013299999758601189
YPR102C,YEL054C,1,-4.391633,0.8476517796516418,0.7400000095367432,0.013299999758601189
YGL078C,YLL008W,1,-4.3982697,0.8478260636329651,0.7409999966621399,0.013299999758601189
YNL038W,YPL273W,0,-4.405201,0.8468571305274963,0.7409999966621399,0.013399999588727951
YBR048W,YDR312W,1,-4.4208174,0.8470319509506226,0.7419999837875366,0.013399999588727951
YMR309C,YOR101W,0,-4.421574,0.8460661172866821,0.7419999837875366,0.013500000350177288
YGR034W,YNL178W,0,-4.4358044,0.8451024889945984,0.7419999837875366,0.01360000018030405
YHR107C,YHR196W,0,-4.440835,0.8441410660743713,0.7419999837875366,0.013700000010430813
YHR085W,YLR448W,1,-4.4457026,0.8443182110786438,0.7429999709129333,0.013700000010430813
YPL193W,YLR221C,1,-4.4506197,0.8444948792457581,0.7440000176429749,0.013700000010430813
YOL127W,YLR221C,1,-4.4571533,0.8446711897850037,0.7450000047683716,0.013700000010430813
YHR085W,YML024W,1,-4.4576297,0.8448470830917358,0.7459999918937683,0.013700000010430813
YJL111W,YGR094W,0,-4.459536,0.8438913822174072,0.7459999918937683,0.013799999840557575
YGL148W,YGR162W,0,-4.460596,0.8429378271102905,0.7459999918937683,0.013899999670684338
YOR145C,YDL084W,0,-4.467978,0.8419864773750305,0.7459999918937683,0.014000000432133675
YPR102C,YOL127W,1,-4.4683576,0.8421645760536194,0.746999979019165,0.014000000432133675
YPL211W,YPL193W,1,-4.4691615,0.8423423171043396,0.7480000257492065,0.014000000432133675
YLR106C,YOL080C,1,-4.4725447,0.8425197005271912,0.7490000128746033,0.014000000432133675
YOR063W,YLR167W,1,-4.4737573,0.8426966071128845,0.75,0.014000000432133675
YCR031C,YCR072C,1,-4.4749002,0.8428731560707092,0.7509999871253967,0.014000000432133675
YBR029C,YKR025W,0,-4.4807143,0.841928243637085,0.7509999871253967,0.014100000262260437
YEL054C,YOL127W,1,-4.480876,0.8421052694320679,0.7519999742507935,0.014100000262260437
YOL061W,YGR027C,0,-4.48202,0.8411633372306824,0.7519999742507935,0.0142000000923872
YNR038W,YPL193W,1,-4.4908657,0.8413407802581787,0.753000020980835,0.0142000000923872
YHR148W,YJR097W,0,-4.494927,0.8404017686843872,0.753000020980835,0.014299999922513962
YHR170W,YIR012W,1,-4.4974256,0.8405796885490417,0.7540000081062317,0.014299999922513962
YLL008W,YGR245C,1,-4.5082803,0.8407572507858276,0.7549999952316284,0.014299999922513962
YER107C,YGR208W,0,-4.509018,0.8398220539093018,0.7549999952316284,0.014399999752640724
YOR239W,YBL068W,0,-4.5102124,0.8388888835906982,0.7549999952316284,0.014499999582767487
YPL212C,YKL081W,0,-4.510775,0.8379577994346619,0.7549999952316284,0.014600000344216824
YPL094C,YGR185C,0,-4.5114174,0.8370288014411926,0.7549999952316284,0.014700000174343586
YKR079C,YDL064W,0,-4.5141296,0.8361018896102905,0.7549999952316284,0.014800000004470348
YHR010W,YOR297C,0,-4.515386,0.8351770043373108,0.7549999952316284,0.01489999983459711
YDL212W,YOR212W,0,-4.5154424,0.8342541456222534,0.7549999952316284,0.014999999664723873
YPL160W,YOR359W,0,-4.5206633,0.8333333134651184,0.7549999952316284,0.01510000042617321
YPL037C,YER002W,0,-4.5273147,0.8324145674705505,0.7549999952316284,0.015200000256299973
YNR038W,YCL031C,1,-4.529589,0.8325991034507751,0.7559999823570251,0.015200000256299973
YHR163W,YLR066W,0,-4.533579,0.8316831588745117,0.7559999823570251,0.015300000086426735
YMR116C,YHR201C,0,-4.559637,0.8307692408561707,0.7559999823570251,0.015399999916553497
YBR171W,YLR183C,0,-4.559828,0.8298572897911072,0.7559999823570251,0.01549999974668026
YJL111W,YLR367W,0,-4.5609903,0.8289473652839661,0.7559999823570251,0.015599999576807022
YLR106C,YNR053C,1,-4.5664935,0.8291347026824951,0.7570000290870667,0.015599999576807022
YHR085W,YOL127W,1,-4.5675955,0.8293216824531555,0.7580000162124634,0.015599999576807022
YNL075W,YJL183W,0,-4.5707693,0.8284152746200562,0.7580000162124634,0.015699999406933784
YJR064W,YPL101W,0,-4.5708637,0.8275108933448792,0.7580000162124634,0.015799999237060547
YDR418W,YPR041W,1,-4.577153,0.8276990056037903,0.7590000033378601,0.015799999237060547
YLR175W,YKL057C,0,-4.578844,0.826797366142273,0.7590000033378601,0.01590000092983246
YNL301C,YMR230W,0,-4.582035,0.8258976936340332,0.7590000033378601,0.01600000075995922
YNL182C,YOR206W,1,-4.583427,0.8260869383811951,0.7599999904632568,0.01600000075995922
YDR418W,YFL002C,1,-4.5857697,0.8262757658958435,0.7609999775886536,0.01600000075995922
YMR116C,YJL121C,0,-4.5899806,0.8253796100616455,0.7609999775886536,0.016100000590085983
YFL001W,YNL178W,0,-4.5933623,0.8244853615760803,0.7609999775886536,0.016200000420212746
YGR145W,YHR201C,0,-4.596761,0.8235930800437927,0.7609999775886536,0.016300000250339508
YLL008W,YOR206W,1,-4.600606,0.8237837553024292,0.7620000243186951,0.016300000250339508
YPR082C,YKL122C,0,-4.6026244,0.8228941559791565,0.7620000243186951,0.01640000008046627
YOR119C,YDL111C,0,-4.605508,0.8220064640045166,0.7620000243186951,0.016499999910593033
YHR025W,YGR106C,0,-4.6063995,0.8211206793785095,0.7620000243186951,0.016599999740719795
YHR088W,YDR418W,1,-4.6181912,0.8213132619857788,0.7630000114440918,0.016599999740719795
YHR088W,YGR245C,1,-4.6198173,0.8215053677558899,0.7639999985694885,0.016599999740719795
YJL014W,YIL019W,0,-4.62907,0.820622980594635,0.7639999985694885,0.016699999570846558
YHR107C,YLR388W,0,-4.6318593,0.8197425007820129,0.7639999985694885,0.01679999940097332
YKR024C,YHR085W,1,-4.6366787,0.81993567943573,0.7649999856948853,0.01679999940097332
YBL027W,YLR183C,0,-4.640137,0.819057822227478,0.7649999856948853,0.016899999231100082
YGR214W,YLR167W,1,-4.6443267,0.8192513585090637,0.765999972820282,0.016899999231100082
YPL217C,YOL144W,1,-4.644458,0.8194444179534912,0.7670000195503235,0.016899999231100082
YGR109C,YEL026W,0,-4.6483927,0.8185698986053467,0.7670000195503235,0.017000000923871994
YLR060W,YLL035W,0,-4.6507897,0.8176972270011902,0.7670000195503235,0.017100000753998756
YOL144W,YDR418W,1,-4.6532607,0.8178913593292236,0.7680000066757202,0.017100000753998756
YDR025W,YIR012W,1,-4.6572347,0.8180851340293884,0.7689999938011169,0.017100000753998756
YBR218C,YER090W,0,-4.6593113,0.8172157406806946,0.7689999938011169,0.01720000058412552
YDL031W,YLR106C,1,-4.659716,0.8174097537994385,0.7699999809265137,0.01720000058412552
YNL075W,YLL011W,0,-4.660168,0.81654292345047,0.7699999809265137,0.01730000041425228
YDL031W,YOL127W,1,-4.666598,0.8167372941970825,0.7710000276565552,0.01730000041425228
YCL031C,YIR012W,1,-4.669489,0.8169311881065369,0.7720000147819519,0.01730000041425228
YHL015W,YHR163W,0,-4.672544,0.816067636013031,0.7720000147819519,0.017400000244379044
YDL031W,YKR081C,1,-4.681916,0.816261887550354,0.7730000019073486,0.017400000244379044
YPL112C,YDR496C,0,-4.683849,0.8154008388519287,0.7730000019073486,0.017500000074505806
YNL151C,YGL100W,0,-4.6860857,0.8145416378974915,0.7730000019073486,0.01759999990463257
YLR106C,YFL002C,1,-4.686461,0.8147368431091309,0.7739999890327454,0.01759999990463257
YKL172W,YBR167C,0,-4.692822,0.8138801455497742,0.7739999890327454,0.01769999973475933
YDL042C,YDR297W,0,-4.6931815,0.8130252361297607,0.7739999890327454,0.017799999564886093
YKR024C,YDR418W,1,-4.698029,0.8132213950157166,0.7749999761581421,0.017799999564886093
YML024W,YLR167W,1,-4.7082896,0.8134171962738037,0.7760000228881836,0.017799999564886093
YHR010W,YER056C-A,0,-4.710021,0.8125654458999634,0.7760000228881836,0.017899999395012856
YER055C,YMR296C,0,-4.7102575,0.8117154836654663,0.7760000228881836,0.017999999225139618
YIL110W,YGR081C,0,-4.711404,0.8108673095703125,0.7760000228881836,0.01810000091791153
YHR187W,YKL143W,0,-4.7182617,0.8100208640098572,0.7760000228881836,0.018200000748038292
YBR155W,YJL184W,0,-4.729362,0.8091762065887451,0.7760000228881836,0.018300000578165054
YDR450W,YJR041C,0,-4.7317963,0.8083333373069763,0.7760000228881836,0.018400000408291817
YGR032W,YOL019W,0,-4.7351885,0.807492196559906,0.7760000228881836,0.01850000023841858
YLL045C,YLL048C,0,-4.735333,0.8066527843475342,0.7760000228881836,0.01860000006854534
YKL120W,YGR094W,0,-4.738481,0.8058151602745056,0.7760000228881836,0.018699999898672104
YDR418W,YOL127W,1,-4.739074,0.8060166239738464,0.7770000100135803,0.018699999898672104
YHR026W,YIL069C,0,-4.7420554,0.8051813244819641,0.7770000100135803,0.018799999728798866
YMR173W,YBR214W,0,-4.744589,0.804347813129425,0.7770000100135803,0.01889999955892563
YLL008W,YOL080C,1,-4.746264,0.8045501708984375,0.777999997138977,0.01889999955892563
YOR281C,YLR022C,0,-4.748562,0.8037189841270447,0.777999997138977,0.01899999938905239
YDR083W,YJL192C,0,-4.7505302,0.8028895854949951,0.777999997138977,0.019099999219179153
YJL183W,YER165W,0,-4.7558284,0.8020618557929993,0.777999997138977,0.019200000911951065
YPL217C,YCL031C,1,-4.7584224,0.8022657036781311,0.7789999842643738,0.019200000911951065
YER003C,YOR182C,0,-4.759826,0.8014403581619263,0.7789999842643738,0.019300000742077827
YLR106C,YOR206W,1,-4.761129,0.8016443848609924,0.7799999713897705,0.019300000742077827
YNR038W,YLR106C,1,-4.763431,0.8018480539321899,0.781000018119812,0.019300000742077827
YOR323C,YPL243W,0,-4.7667723,0.8010256290435791,0.781000018119812,0.01940000057220459
YDR060W,YOL144W,1,-4.770451,0.8012295365333557,0.7820000052452087,0.01940000057220459
YOL144W,YOR063W,1,-4.775034,0.8014329671859741,0.7829999923706055,0.01940000057220459
YLR106C,YLR048W,1,-4.7780156,0.8016359806060791,0.7839999794960022,0.01940000057220459
YKR024C,YDR025W,1,-4.781671,0.8018386363983154,0.7850000262260437,0.01940000057220459
YLR009W,YDR381W,0,-4.7821727,0.8010203838348389,0.7850000262260437,0.019500000402331352
YHR088W,YLR048W,1,-4.7849627,0.8012232184410095,0.7860000133514404,0.019500000402331352
YIL016W,YPR074C,0,-4.7883873,0.800407350063324,0.7860000133514404,0.019600000232458115
YDL031W,YOL144W,1,-4.7900352,0.800610363483429,0.7870000004768372,0.019600000232458115
YHR088W,YOL127W,1,-4.790286,0.8008130192756653,0.7879999876022339,0.019600000232458115
YLR106C,YML073C,1,-4.7917833,0.8010152578353882,0.7889999747276306,0.019600000232458115
YER146W,YIL148W,0,-4.7927923,0.8002028465270996,0.7889999747276306,0.019700000062584877
YDR025W,YLR167W,1,-4.795228,0.8004052639007568,0.7900000214576721,0.019700000062584877
YBL027W,YDL092W,0,-4.7979355,0.7995951175689697,0.7900000214576721,0.01979999989271164
YPR010C,YOR254C,0,-4.805078,0.7987866401672363,0.7900000214576721,0.019899999722838402
YDR060W,YIR012W,1,-4.808145,0.7989898920059204,0.7910000085830688,0.019899999722838402
YHR183W,YGR280C,0,-4.8133755,0.7981836795806885,0.7910000085830688,0.019999999552965164
YDR025W,YDR312W,1,-4.816464,0.7983871102333069,0.7919999957084656,0.019999999552965164
YDL084W,YNL246W,0,-4.8245277,0.7975831031799316,0.7919999957084656,0.020099999383091927
YGR214W,YPL193W,1,-4.8257837,0.7977867126464844,0.7929999828338623,0.020099999383091927
YNL308C,YNL016W,0,-4.826751,0.7969849109649658,0.7929999828338623,0.02019999921321869
YHR085W,YDR025W,1,-4.828539,0.7971887588500977,0.7940000295639038,0.02019999921321869
YDL095W,YLR409C,0,-4.8325367,0.7963891625404358,0.7940000295639038,0.0203000009059906
YHR169W,YER070W,0,-4.833489,0.7955911755561829,0.7940000295639038,0.020400000736117363
YBR118W,YKR056W,0,-4.8364515,0.7947947978973389,0.7940000295639038,0.020500000566244125
YOL144W,YOL127W,1,-4.845532,0.7950000166893005,0.7950000166893005,0.020500000566244125
YOL144W,YPL193W,1,-4.851363,0.7952048182487488,0.7960000038146973,0.020500000566244125
YML024W,YPR041W,1,-4.8554645,0.7954092025756836,0.796999990940094,0.020500000566244125
YPR120C,YFR001W,0,-4.857946,0.794616162776947,0.796999990940094,0.020600000396370888
YHR013C,YOL139C,0,-4.859145,0.7938246726989746,0.796999990940094,0.02070000022649765
YOL127W,YML073C,1,-4.869128,0.7940298318862915,0.7979999780654907,0.02070000022649765
YLR106C,YIR012W,1,-4.8692493,0.794234573841095,0.7990000247955322,0.02070000022649765
YKR024C,YLR106C,1,-4.874444,0.794438898563385,0.800000011920929,0.02070000022649765
YDR060W,YLR106C,1,-4.882061,0.7946428656578064,0.8009999990463257,0.02070000022649765
YKL004W,YNL209W,0,-4.88691,0.7938553094863892,0.8009999990463257,0.020800000056624413
YEL037C,YLL011W,0,-4.9005346,0.7930693030357361,0.8009999990463257,0.020899999886751175
YKL004W,YLR186W,0,-4.9118023,0.7922848463058472,0.8009999990463257,0.020999999716877937
YHR085W,YBR048W,1,-4.9124074,0.7924901247024536,0.8019999861717224,0.020999999716877937
YGL105W,YDR037W,0,-4.914795,0.7917078137397766,0.8019999861717224,0.0210999995470047
YDR075W,YHR010W,0,-4.916114,0.790926992893219,0.8019999861717224,0.021199999377131462
YPR060C,YOL040C,0,-4.923445,0.7901477813720703,0.8019999861717224,0.021299999207258224
YOL145C,YHL011C,0,-4.928575,0.789370059967041,0.8019999861717224,0.021400000900030136
YLR106C,YGR085C,1,-4.9296665,0.7895771861076355,0.8029999732971191,0.021400000900030136
YKL181W,YGR106C,0,-4.929709,0.7888015508651733,0.8029999732971191,0.0215000007301569
YLR175W,YOR212W,0,-4.9347324,0.7880274653434753,0.8029999732971191,0.02160000056028366
YHL001W,YER102W,0,-4.9410744,0.7872549295425415,0.8029999732971191,0.021700000390410423
YPL193W,YFL002C,1,-4.9423294,0.7874632477760315,0.8040000200271606,0.021700000390410423
YJL072C,YLR061W,0,-4.950009,0.78669273853302,0.8040000200271606,0.021800000220537186
YER036C,YKL184W,0,-4.9557776,0.7859237790107727,0.8040000200271606,0.021900000050663948
YDR500C,YGL225W,0,-4.9672318,0.78515625,0.8040000200271606,0.02199999988079071
YOL144W,YFL002C,1,-4.9721828,0.785365879535675,0.8050000071525574,0.02199999988079071
YHR143W-A,YHR069C,0,-4.972536,0.7846003770828247,0.8050000071525574,0.022099999710917473
YOR217W,YDR172W,0,-4.9752192,0.7838364243507385,0.8050000071525574,0.022199999541044235
YLR185W,YBR181C,0,-4.9777474,0.783073902130127,0.8050000071525574,0.022299999371170998
YPL032C,YKL081W,0,-4.9788823,0.7823129296302795,0.8050000071525574,0.02239999920129776
YCL031C,YPR041W,1,-4.981,0.7825242877006531,0.8059999942779541,0.02239999920129776
YGL092W,YML026C,0,-4.9831376,0.7817652821540833,0.8059999942779541,0.02250000089406967
YER006W,YGR234W,0,-4.9911237,0.7810077667236328,0.8059999942779541,0.022600000724196434
YLR215C,YPR169W,0,-4.9913735,0.780251681804657,0.8059999942779541,0.022700000554323196
YOL145C,YMR142C,0,-4.9913836,0.7794970870018005,0.8059999942779541,0.02280000038444996
YBR034C,YBL028C,0,-4.9928536,0.7787439823150635,0.8059999942779541,0.02290000021457672
YLR355C,YGR094W,0,-4.995384,0.7779922485351562,0.8059999942779541,0.023000000044703484
YOR294W,YLR183C,0,-5.011362,0.7772420644760132,0.8059999942779541,0.023099999874830246
YCL031C,YGR245C,1,-5.013657,0.7774566411972046,0.8069999814033508,0.023099999874830246
YLR355C,YOR234C,0,-5.0138645,0.7767083644866943,0.8069999814033508,0.02319999970495701
YDL043C,YDL191W,0,-5.0144634,0.7759615182876587,0.8069999814033508,0.02329999953508377
YGR161C,YBR287W,0,-5.0160294,0.7752161622047424,0.8069999814033508,0.023399999365210533
YGR061C,YBR017C,0,-5.0179853,0.774472177028656,0.8069999814033508,0.023499999195337296
YKL057C,YLR441C,0,-5.020234,0.7737296223640442,0.8069999814033508,0.023600000888109207
YLR106C,YEL054C,1,-5.0228977,0.7739463448524475,0.8080000281333923,0.023600000888109207
YLR186W,YMR058W,0,-5.030642,0.7732057571411133,0.8080000281333923,0.02370000071823597
YOL080C,YOR063W,1,-5.0395384,0.7734225392341614,0.8090000152587891,0.02370000071823597
YNL123W,YDR212W,0,-5.046269,0.77268385887146,0.8090000152587891,0.023800000548362732
YFR032C-A,YGR195W,0,-5.0560937,0.7719465494155884,0.8090000152587891,0.023900000378489494
YGL111W,YKL212W,0,-5.0679636,0.7712106704711914,0.8090000152587891,0.024000000208616257
YPL217C,YHR085W,1,-5.075441,0.7714285850524902,0.8100000023841858,0.024000000208616257
YER171W,YOL039W,0,-5.0765567,0.7706945538520813,0.8100000023841858,0.02410000003874302
YHR193C,YLR355C,0,-5.080355,0.769961953163147,0.8100000023841858,0.02419999986886978
YOL076W,YLR409C,0,-5.0803714,0.7692307829856873,0.8100000023841858,0.024299999698996544
YBR029C,YEL027W,0,-5.0810113,0.7685009241104126,0.8100000023841858,0.024399999529123306
YOR061W,YNL075W,0,-5.084779,0.7677724957466125,0.8100000023841858,0.02449999935925007
YEL054C,YLR167W,1,-5.0851483,0.7679924368858337,0.8109999895095825,0.02449999935925007
YLL008W,YOL144W,1,-5.086574,0.7682119011878967,0.8119999766349792,0.02449999935925007
YHR085W,YOR063W,1,-5.097551,0.7684310078620911,0.8130000233650208,0.02449999935925007
YNL216W,YPL198W,0,-5.0983377,0.7677053809165955,0.8130000233650208,0.02459999918937683
YIL040W,YMR116C,0,-5.100671,0.7669811248779297,0.8130000233650208,0.024700000882148743
YLR275W,YDR086C,0,-5.100915,0.7662582397460938,0.8130000233650208,0.024800000712275505
YNL067W,YER131W,0,-5.1050057,0.7655367255210876,0.8130000233650208,0.024900000542402267
YER056C,YLR264W,0,-5.111147,0.7648165822029114,0.8130000233650208,0.02500000037252903
YMR290C,YEL032W,0,-5.1240907,0.7640977501869202,0.8130000233650208,0.025100000202655792
YHR088W,YOR063W,1,-5.1281676,0.7643192410469055,0.8140000104904175,0.025100000202655792
YGR220C,YNR053C,1,-5.130684,0.7645403146743774,0.8149999976158142,0.025100000202655792
YNL182C,YCL031C,1,-5.131298,0.7647610306739807,0.8159999847412109,0.025100000202655792
YGR088W,YKL026C,0,-5.1342897,0.7640449404716492,0.8159999847412109,0.025200000032782555
YLR106C,YJL191W,1,-5.138587,0.7642656564712524,0.8169999718666077,0.025200000032782555
YMR116C,YEL042W,0,-5.1432357,0.7635514140129089,0.8169999718666077,0.025299999862909317
YEL003W,YOR048C,0,-5.146239,0.7628384828567505,0.8169999718666077,0.02539999969303608
YHL003C,YBL072C,0,-5.1468525,0.7621268630027771,0.8169999718666077,0.025499999523162842
YKL120W,YGL076C,0,-5.156354,0.7614166140556335,0.8169999718666077,0.025599999353289604
YLR106C,YHR088W,1,-5.158728,0.7616387605667114,0.8180000185966492,0.025599999353289604
YJR057W,YJL109C,0,-5.1602764,0.7609302401542664,0.8180000185966492,0.025699999183416367
YHR088W,YDR025W,1,-5.160681,0.7611523866653442,0.8190000057220459,0.025699999183416367
YGL166W,YBR182C,0,-5.1735163,0.7604456543922424,0.8190000057220459,0.025800000876188278
YGL200C,YHR010W,0,-5.177729,0.7597402334213257,0.8190000057220459,0.02590000070631504
YLR106C,YCR031C,1,-5.177779,0.7599629163742065,0.8199999928474426,0.02590000070631504
YHR120W,YGL097W,0,-5.179021,0.7592592835426331,0.8199999928474426,0.026000000536441803
YLR106C,YGR214W,1,-5.1801414,0.7594819664955139,0.8209999799728394,0.026000000536441803
YML036W,YLL034C,0,-5.1809683,0.7587800621986389,0.8209999799728394,0.026100000366568565
YNL102W,YDR023W,0,-5.193471,0.7580794095993042,0.8209999799728394,0.026200000196695328
YLR451W,YIL110W,0,-5.193695,0.7573800683021545,0.8209999799728394,0.02630000002682209
YER154W,YDR449C,0,-5.2028494,0.7566820383071899,0.8209999799728394,0.026399999856948853
YBL076C,YMR006C,0,-5.2052965,0.7559852600097656,0.8209999799728394,0.026499999687075615
YPL037C,YJR123W,0,-5.2072067,0.7552897930145264,0.8209999799728394,0.026599999517202377
YER073W,YKL143W,0,-5.2086406,0.7545955777168274,0.8209999799728394,0.02669999934732914
YGR185C,YGR172C,0,-5.2112613,0.7539026737213135,0.8209999799728394,0.026799999177455902
YDL153C,YMR241W,0,-5.219742,0.7532110214233398,0.8209999799728394,0.026900000870227814
YOR267C,YIL160C,0,-5.232296,0.7525206208229065,0.8209999799728394,0.027000000700354576
YJR064W,YNL301C,0,-5.2353835,0.7518315315246582,0.8209999799728394,0.02710000053048134
YAR008W,YDL084W,0,-5.248069,0.7511436343193054,0.8209999799728394,0.0272000003606081
YKL186C,YBL039C,0,-5.2562857,0.7504570484161377,0.8209999799728394,0.027300000190734863
YGL061C,YGL232W,0,-5.261218,0.7497717142105103,0.8209999799728394,0.027400000020861626
YKL143W,YBR192W,0,-5.2647586,0.7490875720977783,0.8209999799728394,0.027499999850988388
YPR080W,YNR024W,0,-5.2681108,0.7484047412872314,0.8209999799728394,0.02759999968111515
YCR065W,YGR162W,0,-5.287129,0.7477231621742249,0.8209999799728394,0.027699999511241913
YKL143W,YDL148C,0,-5.2947083,0.7470427751541138,0.8209999799728394,0.027799999341368675
YGL027C,YML094W,0,-5.295451,0.746363639831543,0.8209999799728394,0.027899999171495438
YJR042W,YAR008W,0,-5.298212,0.7456857562065125,0.8209999799728394,0.02800000086426735
YPL193W,YIR012W,1,-5.3027515,0.745916485786438,0.8220000267028809,0.02800000086426735
YLL008W,YCL031C,1,-5.303509,0.7461468577384949,0.8230000138282776,0.02800000086426735
YDR023W,YJL187C,0,-5.304762,0.7454710006713867,0.8230000138282776,0.02810000069439411
YLR106C,YLR448W,1,-5.3118143,0.7457013726234436,0.8240000009536743,0.02810000069439411
YLR048W,YLR167W,1,-5.3161626,0.7459312677383423,0.824999988079071,0.02810000069439411
YIR026C,YOR287C,0,-5.316851,0.7452574372291565,0.824999988079071,0.028200000524520874
YGL120C,YGL049C,0,-5.333718,0.744584858417511,0.824999988079071,0.028300000354647636
YDR365C,YPL244C,0,-5.3357425,0.7439134120941162,0.824999988079071,0.0284000001847744
YJL008C,YER146W,0,-5.336209,0.7432432174682617,0.824999988079071,0.02850000001490116
YDR071C,YNL067W,0,-5.3413296,0.7425742745399475,0.824999988079071,0.028599999845027924
YJR105W,YKL122C,0,-5.346777,0.741906464099884,0.824999988079071,0.028699999675154686
YPL082C,YGR271C-A,0,-5.3529453,0.7412399053573608,0.824999988079071,0.02879999950528145
YGL148W,YIL022W,0,-5.3564177,0.7405744791030884,0.824999988079071,0.02889999933540821
YKR025W,YDR297W,0,-5.3570642,0.7399103045463562,0.824999988079071,0.028999999165534973
YGR220C,YPL211W,1,-5.3643084,0.740143358707428,0.8259999752044678,0.028999999165534973
YNL135C,YDR002W,0,-5.371307,0.73948073387146,0.8259999752044678,0.029100000858306885
YKL186C,YNR003C,0,-5.3732142,0.7388193011283875,0.8259999752044678,0.029200000688433647
YBL076C,YDR238C,0,-5.38414,0.7381590604782104,0.8259999752044678,0.02930000051856041
YLR324W,YIR039C,0,-5.394992,0.737500011920929,0.8259999752044678,0.029400000348687172
YHR193C,YLR147C,0,-5.3951283,0.7368420958518982,0.8259999752044678,0.029500000178813934
YNL153C,YOR148C,0,-5.399184,0.7361853718757629,0.8259999752044678,0.029600000008940697
YHR088W,YLR167W,1,-5.3992443,0.7364202737808228,0.8270000219345093,0.029600000008940697
YLR106C,YDR312W,1,-5.400265,0.7366548180580139,0.828000009059906,0.029600000008940697
YGL086W,YBR091C,0,-5.4033055,0.7360000014305115,0.828000009059906,0.02969999983906746
YHR085W,YPL193W,1,-5.4049044,0.7362344861030579,0.8289999961853027,0.02969999983906746
YDL081C,YER087C-A,0,-5.408397,0.7355811595916748,0.8289999961853027,0.02979999966919422
YGL238W,YDR465C,0,-5.409885,0.734929084777832,0.8289999961853027,0.029899999499320984
YDR302W,YHR062C,0,-5.410731,0.73427814245224,0.8289999961853027,0.029999999329447746
YCR087C-A,YLR222C,0,-5.410738,0.7336283326148987,0.8289999961853027,0.03009999915957451
YDL243C,YOR267C,0,-5.4130034,0.7329796552658081,0.8289999961853027,0.03020000085234642
YBR048W,YLR167W,1,-5.419383,0.7332155704498291,0.8299999833106995,0.03020000085234642
YDR292C,YBR265W,0,-5.423291,0.7325683832168579,0.8299999833106995,0.030300000682473183
YLR167W,YPL193W,1,-5.425976,0.7328042387962341,0.8309999704360962,0.030300000682473183
YLR066W,YNL244C,0,-5.4289083,0.7321586012840271,0.8309999704360962,0.030400000512599945
YHR169W,YDR013W,0,-5.429191,0.7315140962600708,0.8309999704360962,0.030500000342726707
YOR335C,YLR277C,0,-5.4335794,0.7308707237243652,0.8309999704360962,0.03060000017285347
YDR085C,YDR533C,0,-5.4337754,0.7302284836769104,0.8309999704360962,0.030700000002980232
YGR255C,YHR074W,0,-5.434488,0.7295873761177063,0.8309999704360962,0.030799999833106995
YGR145W,YOR355W,0,-5.438318,0.7289473414421082,0.8309999704360962,0.030899999663233757
YDR188W,YPR190C,0,-5.4461145,0.7283084988594055,0.8309999704360962,0.03099999949336052
YDL043C,YPL198W,0,-5.446967,0.7276707291603088,0.8309999704360962,0.031099999323487282
YLR229C,YPR073C,0,-5.447035,0.7270340919494629,0.8309999704360962,0.031199999153614044
YLR186W,YML019W,0,-5.45009,0.7263985872268677,0.8309999704360962,0.031300000846385956
YNL111C,YML064C,0,-5.450385,0.7257642149925232,0.8309999704360962,0.03139999881386757
YJL091C,YIL133C,0,-5.451178,0.7251309156417847,0.8309999704360962,0.03150000050663948
YOL064C,YOR230W,0,-5.4523797,0.7244986891746521,0.8309999704360962,0.031599998474121094
YHR060W,YNR024W,0,-5.453313,0.7238675951957703,0.8309999704360962,0.031700000166893005
YKR049C,YNL160W,0,-5.4546633,0.7232375741004944,0.8309999704360962,0.03180000185966492
YDR418W,YLR167W,1,-5.4578137,0.7234782576560974,0.8320000171661377,0.03180000185966492
YCR034W,YDR341C,0,-5.461841,0.7228496670722961,0.8320000171661377,0.03189999982714653
YLR106C,YDR418W,1,-5.464806,0.7230902910232544,0.8330000042915344,0.03189999982714653
YPL249C-A,YDR450W,0,-5.4658184,0.7224631309509277,0.8330000042915344,0.03200000151991844
YOL144W,YLR221C,1,-5.4708576,0.7227036356925964,0.8339999914169312,0.03200000151991844
YPR060C,YFL037W,0,-5.47915,0.7220779061317444,0.8339999914169312,0.032099999487400055
YIL110W,YHR098C,0,-5.4850287,0.7214533090591431,0.8339999914169312,0.03220000118017197
YDL040C,YER171W,0,-5.488157,0.7208297252655029,0.8339999914169312,0.03229999914765358
YLR106C,YBR048W,1,-5.4900064,0.7210708260536194,0.8349999785423279,0.03229999914765358
YGR214W,YCL031C,1,-5.493099,0.7213114500045776,0.8360000252723694,0.03229999914765358
YLR167W,YCL031C,1,-5.494094,0.7215517163276672,0.8370000123977661,0.03229999914765358
YLR325C,YBR130C,0,-5.497121,0.7209302186965942,0.8370000123977661,0.03240000084042549
YPR010C,YGL225W,0,-5.497575,0.7203097939491272,0.8370000123977661,0.032499998807907104
YGL111W,YLR398C,0,-5.4977207,0.7196904420852661,0.8370000123977661,0.032600000500679016
YOR239W,YPL227C,0,-5.497867,0.719072163105011,0.8370000123977661,0.03269999846816063
YGL213C,YJR007W,0,-5.4987717,0.7184549570083618,0.8370000123977661,0.03280000016093254
YHR204W,YNR012W,0,-5.5003195,0.7178387641906738,0.8370000123977661,0.03290000185370445
YPR051W,YDL184C,0,-5.5014215,0.7172236442565918,0.8370000123977661,0.032999999821186066
YGR085C,YPL193W,1,-5.5035515,0.7174657583236694,0.8379999995231628,0.032999999821186066
YPL255W,YLR009W,0,-5.503695,0.7168520092964172,0.8379999995231628,0.03310000151395798
YDR385W,YNL246W,0,-5.504508,0.716239333152771,0.8379999995231628,0.03319999948143959
YGL019W,YDL108W,0,-5.5068016,0.7156276702880859,0.8379999995231628,0.0333000011742115
YMR217W,YPL117C,0,-5.516006,0.7150170803070068,0.8379999995231628,0.033399999141693115
YML123C,YLR409C,0,-5.5189404,0.7144075036048889,0.8379999995231628,0.03350000083446503
YPR102C,YPL193W,1,-5.5204124,0.7146507501602173,0.8389999866485596,0.03350000083446503
YMR316W,YCR036W,0,-5.5211587,0.7140425443649292,0.8389999866485596,0.03359999880194664
YGR091W,YDR198C,0,-5.523713,0.7134353518486023,0.8389999866485596,0.03370000049471855
YLL008W,YGR220C,1,-5.5296335,0.7136788368225098,0.8399999737739563,0.03370000049471855
YIL149C,YLR150W,0,-5.5320463,0.7130730152130127,0.8399999737739563,0.033799998462200165
YGR220C,YKR081C,1,-5.533388,0.7133163809776306,0.8410000205039978,0.033799998462200165
YEL001C,YGR172C,0,-5.540859,0.7127118706703186,0.8410000205039978,0.033900000154972076
YJL190C,YDR478W,0,-5.548882,0.7121083736419678,0.8410000205039978,0.03400000184774399
YGR061C,YNL282W,0,-5.5524807,0.7115059494972229,0.8410000205039978,0.0340999998152256
YOL127W,YDR025W,1,-5.554386,0.711749792098999,0.8420000076293945,0.0340999998152256
YML006C,YLR371W,0,-5.556026,0.7111486196517944,0.8420000076293945,0.03420000150799751
YHR107C,YDR399W,0,-5.558221,0.7105485200881958,0.8420000076293945,0.034299999475479126
YNL222W,YDR398W,0,-5.5604258,0.7099494338035583,0.8420000076293945,0.03440000116825104
YKL144C,YNL154C,0,-5.561881,0.7093513011932373,0.8420000076293945,0.03449999913573265
YDL042C,YPR088C,0,-5.5626783,0.7087541818618774,0.8420000076293945,0.03460000082850456
YBR187W,YMR274C,0,-5.5638475,0.7081581354141235,0.8420000076293945,0.034699998795986176
YOR239W,YBR135W,0,-5.5660257,0.707563042640686,0.8420000076293945,0.03480000048875809
YPL255W,YOL124C,0,-5.5700397,0.7069689631462097,0.8420000076293945,0.0348999984562397
YMR217W,YGR054W,0,-5.576258,0.7063758373260498,0.8420000076293945,0.03500000014901161
YDR384C,YGR027C,0,-5.582741,0.7057837247848511,0.8420000076293945,0.035100001841783524
YHR085W,YCL031C,1,-5.584017,0.7060301303863525,0.8429999947547913,0.035100001841783524
YIL110W,YER019C-A,0,-5.585943,0.7054393291473389,0.8429999947547913,0.03519999980926514
YML125C,YLL045C,0,-5.5876713,0.7048494815826416,0.8429999947547913,0.03530000150203705
YNL090W,YNL186W,0,-5.5930233,0.7042606472969055,0.8429999947547913,0.03539999946951866
YBR029C,YLR183C,0,-5.5930886,0.7036727666854858,0.8429999947547913,0.03550000116229057
YER070W,YIL147C,0,-5.5938783,0.7030858993530273,0.8429999947547913,0.035599999129772186
YDR101C,YGR024C,0,-5.594905,0.7024999856948853,0.8429999947547913,0.0357000008225441
YLR448W,YLR167W,1,-5.602016,0.7027477025985718,0.843999981880188,0.0357000008225441
YOL144W,YCL031C,1,-5.602298,0.7029950022697449,0.8450000286102295,0.0357000008225441
YBR088C,YKL216W,0,-5.6100106,0.7024106383323669,0.8450000286102295,0.03579999879002571
YPR051W,YBR265W,0,-5.61404,0.7018272280693054,0.8450000286102295,0.03590000048279762
YIL004C,YDR120C,0,-5.6164384,0.7012448310852051,0.8450000286102295,0.035999998450279236
YGL189C,YGL232W,0,-5.6201687,0.7006633281707764,0.8450000286102295,0.03610000014305115
YOL139C,YGL189C,0,-5.6205177,0.7000828385353088,0.8450000286102295,0.03620000183582306
YBL035C,YPL252C,0,-5.6305695,0.6995033025741577,0.8450000286102295,0.03629999980330467
YPL069C,YDR399W,0,-5.6307783,0.698924720287323,0.8450000286102295,0.036400001496076584
YGR220C,YDR312W,1,-5.6334085,0.6991735696792603,0.8460000157356262,0.036400001496076584
YJL060W,YIL042C,0,-5.6363926,0.698596179485321,0.8460000157356262,0.0364999994635582
YMR195W,YNL015W,0,-5.637581,0.698019802570343,0.8460000157356262,0.03660000115633011
YDR299W,YLL048C,0,-5.6381755,0.6974443793296814,0.8460000157356262,0.03669999912381172
YNL048W,YJL198W,0,-5.6410565,0.6968698501586914,0.8460000157356262,0.03680000081658363
YKL120W,YDR280W,0,-5.6428614,0.6962962746620178,0.8460000157356262,0.03689999878406525
YPR133C,YGL097W,0,-5.647515,0.6957237124443054,0.8460000157356262,0.03700000047683716
YDR397C,YBR171W,0,-5.6559753,0.6951519846916199,0.8460000157356262,0.03709999844431877
YLL061W,YER131W,0,-5.661506,0.6945812702178955,0.8460000157356262,0.03720000013709068
YJL010C,YJR043C,0,-5.663185,0.6940115094184875,0.8460000157356262,0.037300001829862595
YHR085W,YLR106C,1,-5.6719594,0.6942622661590576,0.847000002861023,0.037300001829862595
YDL133C-A,YER118C,0,-5.6727037,0.6936936974525452,0.847000002861023,0.03739999979734421
YLR215C,YOR048C,0,-5.675782,0.6931260228157043,0.847000002861023,0.03750000149011612
YNR052C,YLR197W,0,-5.6804323,0.6925593018531799,0.847000002861023,0.03759999945759773
YGR286C,YNL256W,0,-5.681301,0.6919934749603271,0.847000002861023,0.037700001150369644
YFL023W,YLR055C,0,-5.681375,0.691428542137146,0.847000002861023,0.03779999911785126
YBR015C,YDR324C,0,-5.685615,0.690864622592926,0.847000002861023,0.03790000081062317
YOL052C,YGR192C,0,-5.686039,0.6903015375137329,0.847000002861023,0.03799999877810478
YPR102C,YCL031C,1,-5.6889296,0.6905537247657776,0.8479999899864197,0.03799999877810478
YNL061W,YPL208W,0,-5.6896596,0.6899918913841248,0.8479999899864197,0.038100000470876694
YGL054C,YMR194W,0,-5.69139,0.6894308924674988,0.8479999899864197,0.03819999843835831
YHR129C,YNL232W,0,-5.6923456,0.6888708472251892,0.8479999899864197,0.03830000013113022
YKL078W,YLR183C,0,-5.695328,0.6883116960525513,0.8479999899864197,0.03840000182390213
YDR096W,YGL006W,0,-5.7004166,0.687753438949585,0.8479999899864197,0.03849999979138374
YER056C,YHR187W,0,-5.703439,0.6871961355209351,0.8479999899864197,0.038600001484155655
YDR368W,YBR139W,0,-5.7041225,0.686639666557312,0.8479999899864197,0.03869999945163727
YOL144W,YDR025W,1,-5.7064657,0.6868932247161865,0.8489999771118164,0.03869999945163727
YDR280W,YDR372C,0,-5.7102957,0.6863378882408142,0.8489999771118164,0.03880000114440918
YGR032W,YBR097W,0,-5.711079,0.6857835054397583,0.8489999771118164,0.03889999911189079
YIL004C,YHR204W,0,-5.714974,0.685230016708374,0.8489999771118164,0.039000000804662704
YOL135C,YGR094W,0,-5.735729,0.6846774220466614,0.8489999771118164,0.03909999877214432
YMR116C,YDL084W,0,-5.739954,0.6841257214546204,0.8489999771118164,0.03920000046491623
YKR028W,YML093W,0,-5.746521,0.6835748553276062,0.8489999771118164,0.03929999843239784
YOR236W,YGR106C,0,-5.746787,0.6830249428749084,0.8489999771118164,0.039400000125169754
YOR099W,YFL034C-A,0,-5.7486577,0.6824758648872375,0.8489999771118164,0.039500001817941666
YPR102C,YDR418W,1,-5.7496414,0.6827309131622314,0.8500000238418579,0.039500001817941666
YPL146C,YOR098C,0,-5.750766,0.6821829676628113,0.8500000238418579,0.03959999978542328
YBR171W,YKL166C,0,-5.752337,0.6816359162330627,0.8500000238418579,0.03970000147819519
YPL012W,YLR316C,0,-5.7533574,0.6810897588729858,0.8500000238418579,0.039799999445676804
YGR166W,YMR200W,0,-5.7554107,0.6805444359779358,0.8500000238418579,0.039900001138448715
YKL004W,YER165W,0,-5.758326,0.6800000071525574,0.8500000238418579,0.03999999910593033
YOR310C,YNR052C,0,-5.759025,0.6794564127922058,0.8500000238418579,0.04010000079870224
YNL048W,YMR290C,0,-5.7784595,0.6789137125015259,0.8500000238418579,0.04019999876618385
YOL012C,YKR094C,0,-5.778674,0.6783719062805176,0.8500000238418579,0.040300000458955765
YJL033W,YJL140W,0,-5.788857,0.6778309345245361,0.8500000238418579,0.04039999842643738
YML024W,YPL193W,1,-5.7909117,0.6780876517295837,0.8510000109672546,0.04039999842643738
YLR223C,YGR094W,0,-5.79368,0.6775477528572083,0.8510000109672546,0.04050000011920929
YDR097C,YBL028C,0,-5.7966695,0.6770087480545044,0.8510000109672546,0.0406000018119812
YLR106C,YLR167W,1,-5.7970543,0.6772655248641968,0.8519999980926514,0.0406000018119812
YFL034C-B,YLR441C,0,-5.800729,0.6767275333404541,0.8519999980926514,0.040699999779462814
YDR234W,YDL082W,0,-5.8010464,0.6761904954910278,0.8519999980926514,0.040800001472234726
YBR202W,YLR325C,0,-5.8018765,0.6756542325019836,0.8519999980926514,0.04089999943971634
YMR142C,YPR139C,0,-5.8026514,0.6751188635826111,0.8519999980926514,0.04100000113248825
YDR037W,YHR118C,0,-5.8072658,0.6745843291282654,0.8519999980926514,0.041099999099969864
YDR060W,YGR220C,1,-5.8087754,0.6748417615890503,0.8529999852180481,0.041099999099969864
YGL061C,YPL198W,0,-5.811658,0.6743083000183105,0.8529999852180481,0.041200000792741776
YGR216C,YPR016C,0,-5.813588,0.6737756729125977,0.8529999852180481,0.04129999876022339
YGR220C,YHR066W,1,-5.8146033,0.6740331649780273,0.8539999723434448,0.04129999876022339
YOR004W,YEL002C,0,-5.814847,0.6735015511512756,0.8539999723434448,0.0414000004529953
YLR348C,YLR342W,0,-5.8215337,0.6729708313941956,0.8539999723434448,0.04149999842047691
YFR055W,YHR062C,0,-5.830989,0.6724409461021423,0.8539999723434448,0.041600000113248825
YNL166C,YNL301C,0,-5.834525,0.671911895275116,0.8539999723434448,0.04170000180602074
YDR418W,YML024W,1,-5.836108,0.6721698045730591,0.8550000190734863,0.04170000180602074
YNL188W,YPR074C,0,-5.837774,0.6716417670249939,0.8550000190734863,0.04179999977350235
YEL018W,YBL027W,0,-5.838723,0.6711146235466003,0.8550000190734863,0.04190000146627426
YLR106C,YOL127W,1,-5.8421683,0.6713725328445435,0.8560000061988831,0.04190000146627426
YJL186W,YEL026W,0,-5.8465633,0.6708464026451111,0.8560000061988831,0.041999999433755875
YOL077C,YGR220C,1,-5.857826,0.6711041331291199,0.8569999933242798,0.041999999433755875
YHR118C,YLR333C,0,-5.8669605,0.6705790162086487,0.8569999933242798,0.042100001126527786
YEL054C,YPL193W,1,-5.86915,0.6708365678787231,0.8579999804496765,0.042100001126527786
YPR156C,YBR287W,0,-5.8729606,0.6703125238418579,0.8579999804496765,0.0421999990940094
YPR133W-A,YPL183W-A,0,-5.8793974,0.6697892546653748,0.8579999804496765,0.04230000078678131
YJR005W,YGR255C,0,-5.881747,0.6692667603492737,0.8579999804496765,0.042399998754262924
YIL051C,YDR140W,0,-5.886266,0.6687451004981995,0.8579999804496765,0.042500000447034836
YHR142W,YLR022C,0,-5.8900347,0.6682242751121521,0.8579999804496765,0.04259999841451645
YFL025C,YBL079W,0,-5.893936,0.6677042841911316,0.8579999804496765,0.04270000010728836
YHR010W,YOR116C,0,-5.8964543,0.6671850681304932,0.8579999804496765,0.04280000180006027
YGL037C,YOR137C,0,-5.9036474,0.6666666865348816,0.8579999804496765,0.042899999767541885
YGL023C,YGL014W,0,-5.9140015,0.6661490797996521,0.8579999804496765,0.0430000014603138
YGR081C,YNR021W,0,-5.916264,0.6656322479248047,0.8579999804496765,0.04309999942779541
YGR220C,YNL110C,1,-5.9164314,0.6658914685249329,0.859000027179718,0.04309999942779541
YGR220C,YPR041W,1,-5.9166026,0.6661502718925476,0.8600000143051147,0.04309999942779541
YKL114C,YLR409C,0,-5.925047,0.6656346917152405,0.8600000143051147,0.04320000112056732
YLR312W-A,YGR280C,0,-5.933091,0.6651198863983154,0.8600000143051147,0.043299999088048935
YMR251W-A,YLR142W,0,-5.9348497,0.6646058559417725,0.8600000143051147,0.04340000078082085
YER036C,YJL014W,0,-5.9350295,0.6640926599502563,0.8600000143051147,0.04349999874830246
YLR106C,YDR025W,1,-5.9357266,0.6643518805503845,0.8610000014305115,0.04349999874830246
YDR322C-A,YDR115W,0,-5.943002,0.6638396382331848,0.8610000014305115,0.04360000044107437
YDR158W,YNR003C,0,-5.94434,0.6633281707763672,0.8610000014305115,0.043699998408555984
YGL012W,YDR331W,0,-5.947168,0.6628175377845764,0.8610000014305115,0.043800000101327896
YMR288W,YBL072C,0,-5.951884,0.6623076796531677,0.8610000014305115,0.04390000179409981
YNR015W,YGR234W,0,-5.952546,0.6617985963821411,0.8610000014305115,0.04399999976158142
YPR186C,YHR196W,0,-5.968589,0.6612903475761414,0.8610000014305115,0.04410000145435333
YKL172W,YDR363W,0,-5.974496,0.6607828140258789,0.8610000014305115,0.044199999421834946
YLR324W,YKL034W,0,-5.976681,0.6602760553359985,0.8610000014305115,0.04430000111460686
YBR243C,YEL002C,0,-5.979227,0.659770131111145,0.8610000014305115,0.04439999908208847
YER040W,YGR271W,0,-5.981465,0.6592649221420288,0.8610000014305115,0.04450000077486038
YHR062C,YML018C,0,-5.9815445,0.6587605476379395,0.8610000014305115,0.044599998742341995
YLR106C,YPL193W,1,-5.983014,0.6590213775634766,0.8619999885559082,0.044599998742341995
YML078W,YHR059W,0,-5.985977,0.6585179567337036,0.8619999885559082,0.04470000043511391
YIL115C,YJL069C,0,-5.993416,0.658015251159668,0.8619999885559082,0.04479999840259552
YML123C,YAL009W,0,-6.0023565,0.6575133204460144,0.8619999885559082,0.04490000009536743
YOR091W,YCR043C,0,-6.017357,0.6570122241973877,0.8619999885559082,0.04500000178813934
YGL053W,YOR035C,0,-6.023016,0.6565117835998535,0.8619999885559082,0.045099999755620956
YJL104W,YER029C,0,-6.0241404,0.6560121774673462,0.8619999885559082,0.04520000144839287
YOR319W,YOR310C,0,-6.024985,0.6555132865905762,0.8619999885559082,0.04529999941587448
YHR085W,YGR220C,1,-6.0330734,0.6557750701904297,0.8629999756813049,0.04529999941587448
YDR496C,YHR205W,0,-6.0377884,0.6552771329879761,0.8629999756813049,0.04540000110864639
YHR059W,YOL052C,0,-6.0430107,0.6547799706459045,0.8629999756813049,0.045499999076128006
YBR244W,YML095C,0,-6.043071,0.6542835235595703,0.8629999756813049,0.04560000076889992
YER009W,YGR181W,0,-6.048358,0.6537878513336182,0.8629999756813049,0.04569999873638153
YKR025W,YER072W,0,-6.049743,0.6532929539680481,0.8629999756813049,0.04580000042915344
YPL145C,YOL093W,0,-6.050891,0.6527987718582153,0.8629999756813049,0.045899998396635056
YLR106C,YML024W,1,-6.0523233,0.6530612111091614,0.8640000224113464,0.045899998396635056
YGR140W,YOR234C,0,-6.054307,0.652567982673645,0.8640000224113464,0.04600000008940697
YER056C-A,YLR058C,0,-6.054404,0.652075469493866,0.8640000224113464,0.04610000178217888
YHR129C,YAL059W,0,-6.0545254,0.651583731174469,0.8640000224113464,0.04619999974966049
YNL090W,YHR196W,0,-6.0552235,0.6510927081108093,0.8640000224113464,0.046300001442432404
YPL249C-A,YPR056W,0,-6.057664,0.650602400302887,0.8640000224113464,0.04639999940991402
YMR274C,YDL112W,0,-6.0585904,0.6501128673553467,0.8640000224113464,0.04650000110268593
YGR220C,YGR085C,1,-6.0609217,0.6503759622573853,0.8650000095367432,0.04650000110268593
YOR317W,YCR061W,0,-6.0652237,0.6498873233795166,0.8650000095367432,0.04659999907016754
YBR158W,YIL085C,0,-6.0685964,0.6493993997573853,0.8650000095367432,0.04670000076293945
YBR091C,YOR359W,0,-6.069131,0.648912250995636,0.8650000095367432,0.046799998730421066
YBR188C,YGR271C-A,0,-6.0728583,0.6484257578849792,0.8650000095367432,0.04690000042319298
YBR156C,YKL028W,0,-6.0765834,0.6479400992393494,0.8650000095367432,0.04699999839067459
YHR204W,YMR006C,0,-6.0789003,0.647455096244812,0.8650000095367432,0.0471000000834465
YGL201C,YDL040C,0,-6.080616,0.646970808506012,0.8650000095367432,0.047200001776218414
YJR043C,YMR059W,0,-6.081176,0.646487295627594,0.8650000095367432,0.04729999974370003
YGR038W,YGL135W,0,-6.0822754,0.6460044980049133,0.8650000095367432,0.04740000143647194
YJL081C,YIL133C,0,-6.0876656,0.64552241563797,0.8650000095367432,0.04749999940395355
YER133W,YHR069C,0,-6.0905647,0.6450409889221191,0.8650000095367432,0.047600001096725464
YNL102W,YDL201W,0,-6.0911584,0.6445603370666504,0.8650000095367432,0.04769999906420708
YJL080C,YDR002W,0,-6.0911584,0.644080400466919,0.8650000095367432,0.04780000075697899
YOL090W,YDR469W,0,-6.0912085,0.6436011791229248,0.8650000095367432,0.0478999987244606
YML073C,YPL193W,1,-6.104498,0.6438661813735962,0.8659999966621399,0.0478999987244606
YBR010W,YER118C,0,-6.1064014,0.6433877944946289,0.8659999966621399,0.04800000041723251
YPL266W,YOR106W,0,-6.1088743,0.6429101824760437,0.8659999966621399,0.04809999838471413
YDR440W,YER113C,0,-6.1105165,0.642433226108551,0.8659999966621399,0.04820000007748604
YOR133W,YPL173W,0,-6.113138,0.6419569849967957,0.8659999966621399,0.04830000177025795
YLR222C,YBL055C,0,-6.115559,0.6414814591407776,0.8659999966621399,0.04839999973773956
YMR105C,YPR098C,0,-6.117587,0.6410066485404968,0.8659999966621399,0.048500001430511475
YKL101W,YHR060W,0,-6.120164,0.6405325531959534,0.8659999966621399,0.04859999939799309
YBR158W,YJR144W,0,-6.1206713,0.6400591135025024,0.8659999966621399,0.048700001090765
YER146W,YDR194C,0,-6.1228676,0.6395863890647888,0.8659999966621399,0.04879999905824661
YLR448W,YCL031C,1,-6.124853,0.6398524045944214,0.8669999837875366,0.04879999905824661
YJL060W,YHR161C,0,-6.125869,0.6393805146217346,0.8669999837875366,0.048900000751018524
YEL032W,YLL045C,0,-6.1295376,0.6389093399047852,0.8669999837875366,0.04899999871850014
YOL010W,YBL106C,0,-6.1454086,0.638438880443573,0.8669999837875366,0.04910000041127205
YDR123C,YOR095C,0,-6.1470265,0.6379690766334534,0.8669999837875366,0.04919999837875366
YKR025W,YJL035C,0,-6.1497755,0.637499988079071,0.8669999837875366,0.049300000071525574
YKL053C-A,YGR038W,0,-6.156377,0.637031614780426,0.8669999837875366,0.049400001764297485
YHR183W,YJL010C,0,-6.15947,0.6365638971328735,0.8669999837875366,0.0494999997317791
YGL226C-A,YER007C-A,0,-6.166375,0.6360968351364136,0.8669999837875366,0.04960000142455101
YGR220C,YJL191W,1,-6.166381,0.6363636255264282,0.8679999709129333,0.04960000142455101
YHR174W,YKR059W,0,-6.1667128,0.6358974575996399,0.8679999709129333,0.04969999939203262
YMR250W,YGL038C,0,-6.169691,0.6354319453239441,0.8679999709129333,0.049800001084804535
YGR220C,YOR206W,1,-6.1699457,0.6356986165046692,0.8690000176429749,0.049800001084804535
YJL148W,YOR305W,0,-6.170011,0.6352339386940002,0.8690000176429749,0.04989999905228615
YDR184C,YGR065C,0,-6.170995,0.6347699165344238,0.8690000176429749,0.05000000074505806
YMR211W,YNL201C,0,-6.173704,0.6343065500259399,0.8690000176429749,0.05009999871253967
YKR099W,YGR285C,0,-6.1739335,0.6338438987731934,0.8690000176429749,0.050200000405311584
YPR145W,YMR290C,0,-6.1833076,0.6333819031715393,0.8690000176429749,0.0502999983727932
YNL262W,YER190W,0,-6.186034,0.6329206228256226,0.8690000176429749,0.05040000006556511
YHR104W,YMR284W,0,-6.189397,0.6324599981307983,0.8690000176429749,0.05050000175833702
YDR140W,YKL006C-A,0,-6.189638,0.6320000290870667,0.8690000176429749,0.050599999725818634
YPR052C,YBL018C,0,-6.191519,0.6315407156944275,0.8690000176429749,0.050700001418590546
YPL125W,YMR061W,0,-6.1915617,0.6310820579528809,0.8690000176429749,0.05079999938607216
YLR411W,YOL101C,0,-6.1920104,0.6306241154670715,0.8690000176429749,0.05090000107884407
YKR079C,YHR039C-A,0,-6.1923456,0.63016676902771,0.8690000176429749,0.050999999046325684
YGL064C,YOL041C,0,-6.1946034,0.6297101378440857,0.8690000176429749,0.051100000739097595
YDR141C,YML103C,0,-6.196293,0.629254162311554,0.8690000176429749,0.05119999870657921
YAL061W,YOR040W,0,-6.1975656,0.6287988424301147,0.8690000176429749,0.05130000039935112
YLR009W,YDR073W,0,-6.1982307,0.6283441781997681,0.8690000176429749,0.05139999836683273
YJL110C,YGR280C,0,-6.1990643,0.6278901696205139,0.8690000176429749,0.051500000059604645
YMR032W,YER070W,0,-6.200531,0.6274368166923523,0.8690000176429749,0.051600001752376556
YIL043C,YGR172C,0,-6.2024755,0.6269841194152832,0.8690000176429749,0.05169999971985817
YHR094C,YOR004W,0,-6.203267,0.6265320777893066,0.8690000176429749,0.05180000141263008
YKL082C,YHR039C-A,0,-6.2043314,0.6260806918144226,0.8690000176429749,0.051899999380111694
YOL052C-A,YOR155C,0,-6.208518,0.6256299614906311,0.8690000176429749,0.052000001072883606
YJL196C,YOL126C,0,-6.2096777,0.6251798272132874,0.8690000176429749,0.05209999904036522
YBR133C,YOL019W,0,-6.2114363,0.6247304081916809,0.8690000176429749,0.05220000073313713
YDL081C,YDR297W,0,-6.211707,0.6242815852165222,0.8690000176429749,0.052299998700618744
YJR112W,YCR028C-A,0,-6.2134027,0.6238334774971008,0.8690000176429749,0.052400000393390656
YML104C,YIL018W,0,-6.214157,0.6233859658241272,0.8690000176429749,0.05249999836087227
YFR032C-A,YHR039C-A,0,-6.215384,0.6229390501976013,0.8690000176429749,0.05260000005364418
YML046W,YLR061W,0,-6.2155285,0.6224928498268127,0.8690000176429749,0.05270000174641609
YER110C,YML055W,0,-6.226346,0.6220472455024719,0.8690000176429749,0.052799999713897705
YFL024C,YGL246C,0,-6.228339,0.6216022968292236,0.8690000176429749,0.05290000140666962
YCR034W,YLR147C,0,-6.2287626,0.6211579442024231,0.8690000176429749,0.05299999937415123
YKL144C,YKL196C,0,-6.229892,0.6207143068313599,0.8690000176429749,0.05310000106692314
YDR245W,YDR201W,0,-6.232312,0.6202712059020996,0.8690000176429749,0.053199999034404755
YHR021C,YPL063W,0,-6.2365446,0.6198288202285767,0.8690000176429749,0.053300000727176666
YML012W,YML093W,0,-6.237098,0.6193870306015015,0.8690000176429749,0.05339999869465828
YER141W,YBR126C,0,-6.2380347,0.6189458966255188,0.8690000176429749,0.05350000038743019
YJL191W,YCL031C,1,-6.2384987,0.6192170977592468,0.8700000047683716,0.05350000038743019
YNL038W,YKR060W,0,-6.2441244,0.6187766790390015,0.8700000047683716,0.053599998354911804
YBR042C,YOL090W,0,-6.246125,0.6183369159698486,0.8700000047683716,0.053700000047683716
YIR041W,YLR121C,0,-6.2510448,0.6178977489471436,0.8700000047683716,0.05380000174045563
YKR095W,YJL186W,0,-6.2515635,0.6174591779708862,0.8700000047683716,0.05389999970793724
YER086W,YPL249C-A,0,-6.252081,0.6170212626457214,0.8700000047683716,0.05400000140070915
YNR020C,YLR002C,0,-6.257373,0.6165840029716492,0.8700000047683716,0.054099999368190765
YOL115W,YML018C,0,-6.2606378,0.6161472797393799,0.8700000047683716,0.05420000106096268
YMR049C,YGR276C,0,-6.263501,0.6157112717628479,0.8700000047683716,0.05429999902844429
YDR384C,YIL091C,0,-6.2653937,0.6152758002281189,0.8700000047683716,0.0544000007212162
YBR070C,YLR367W,0,-6.2671175,0.6148409843444824,0.8700000047683716,0.054499998688697815
YGR177C,YNL290W,0,-6.267259,0.6144067645072937,0.8700000047683716,0.05460000038146973
YDL236W,YJR123W,0,-6.2688017,0.6139732003211975,0.8700000047683716,0.05469999834895134
YJL095W,YJL148W,0,-6.269496,0.6135401725769043,0.8700000047683716,0.05480000004172325
YKR024C,YCL031C,1,-6.273356,0.6138125658035278,0.8709999918937683,0.05480000004172325
YMR165C,YLR194C,0,-6.275931,0.6133802533149719,0.8709999918937683,0.05490000173449516
YPL193W,YDR312W,1,-6.277094,0.6136523485183716,0.871999979019165,0.05490000173449516
YFL022C,YPR182W,0,-6.2774286,0.6132208108901978,0.871999979019165,0.054999999701976776
YBR083W,YDR449C,0,-6.2823133,0.6127898693084717,0.871999979019165,0.05510000139474869
YGR119C,YBR192W,0,-6.2826834,0.6123595237731934,0.871999979019165,0.0551999993622303
YJL106W,YBL064C,0,-6.2826953,0.6119298338890076,0.871999979019165,0.05530000105500221
YPR145W,YPR009W,0,-6.283686,0.6115006804466248,0.871999979019165,0.055399999022483826
YCR031C,YPL193W,1,-6.289212,0.6117729544639587,0.8730000257492065,0.055399999022483826
YML128C,YHL036W,0,-6.290071,0.6113445162773132,0.8730000257492065,0.05550000071525574
YEL054C,YCL031C,1,-6.2917175,0.6116164922714233,0.8740000128746033,0.05550000071525574
YMR120C,YIL096C,0,-6.2927637,0.6111888289451599,0.8740000128746033,0.05559999868273735
YLL036C,YIL127C,0,-6.2950764,0.6107617020606995,0.8740000128746033,0.05570000037550926
YJR043C,YLR183C,0,-6.3011265,0.6103351712226868,0.8740000128746033,0.055799998342990875
YPL208W,YHR141C,0,-6.303672,0.6099092960357666,0.8740000128746033,0.05590000003576279
YMR072W,YDR184C,0,-6.3113093,0.6094839572906494,0.8740000128746033,0.0560000017285347
YGL068W,YER006W,0,-6.312042,0.60905921459198,0.8740000128746033,0.05609999969601631
YOR142W,YDR456W,0,-6.3160267,0.6086350679397583,0.8740000128746033,0.05620000138878822
YGL068W,YFL038C,0,-6.32594,0.6082115769386292,0.8740000128746033,0.056299999356269836
YIL148W,YDR212W,0,-6.329962,0.607788622379303,0.8740000128746033,0.05640000104904175
YOL061W,YBR156C,0,-6.3332605,0.6073662042617798,0.8740000128746033,0.05649999901652336
YLR268W,YDL064W,0,-6.3340216,0.6069444417953491,0.8740000128746033,0.05660000070929527
YGL012W,YER171W,0,-6.3345013,0.6065232753753662,0.8740000128746033,0.056699998676776886
YFR001W,YNL070W,0,-6.335006,0.6061026453971863,0.8740000128746033,0.0568000003695488
YFL026W,YNR012W,0,-6.336691,0.6056826114654541,0.8740000128746033,0.05689999833703041
YDL133C-A,YPL032C,0,-6.3378825,0.6052631735801697,0.8740000128746033,0.05700000002980232
YOR386W,YGL059W,0,-6.3388243,0.6048442721366882,0.8740000128746033,0.057100001722574234
YPL249C,YPL123C,0,-6.339534,0.6044260263442993,0.8740000128746033,0.05719999969005585
YDR324C,YPL253C,0,-6.3399377,0.6040083169937134,0.8740000128746033,0.05730000138282776
YPL010W,YHR203C,0,-6.340246,0.6035911440849304,0.8740000128746033,0.05739999935030937
YBR291C,YDR091C,0,-6.3437514,0.60317462682724,0.8740000128746033,0.057500001043081284
YNL188W,YDR395W,0,-6.3442535,0.6027586460113525,0.8740000128746033,0.0575999990105629
YJL157C,YNL247W,0,-6.346637,0.6023432016372681,0.8740000128746033,0.05770000070333481
YGR057C,YAR031W,0,-6.347355,0.6019283533096313,0.8740000128746033,0.05779999867081642
YML073C,YCL031C,1,-6.348976,0.6022023558616638,0.875,0.05779999867081642
YMR228W,YJR123W,0,-6.3502226,0.6017881631851196,0.875,0.05790000036358833
YNR020C,YNL302C,0,-6.353278,0.6013745665550232,0.875,0.057999998331069946
YLL031C,YLR452C,0,-6.35366,0.6009615659713745,0.875,0.05810000002384186
YBR106W,YML038C,0,-6.3602858,0.6005491018295288,0.875,0.05820000171661377
YLL034C,YBL061C,0,-6.3663316,0.6001371741294861,0.875,0.05829999968409538
YJL104W,YML018C,0,-6.368027,0.5997258424758911,0.875,0.058400001376867294
YLR291C,YNL004W,0,-6.368928,0.5993150472640991,0.875,0.05849999934434891
YPR017C,YAL042W,0,-6.371964,0.5989048480987549,0.875,0.05860000103712082
YPR046W,YGL031C,0,-6.3727913,0.5984951853752136,0.875,0.05869999900460243
YER091C,YFR050C,0,-6.37565,0.5980861186981201,0.875,0.058800000697374344
YKL160W,YNR032C-A,0,-6.3771973,0.5976775884628296,0.875,0.05889999866485596
YDR418W,YPL193W,1,-6.3774605,0.5979522466659546,0.8759999871253967,0.05889999866485596
YLR229C,YIL109C,0,-6.380082,0.5975443124771118,0.8759999871253967,0.05900000035762787
YOL041C,YDR013W,0,-6.3852367,0.5971370339393616,0.8759999871253967,0.05909999832510948
YBR001C,YNL160W,0,-6.38844,0.5967302322387695,0.8759999871253967,0.05920000001788139
YDR046C,YMR150C,0,-6.388796,0.5963240265846252,0.8759999871253967,0.059300001710653305
YJL110C,YGL125W,0,-6.3916435,0.5959183573722839,0.8759999871253967,0.05939999967813492
YNR038W,YGR220C,1,-6.39549,0.5961930751800537,0.8769999742507935,0.05939999967813492
YML026C,YKL042W,0,-6.3990045,0.5957880616188049,0.8769999742507935,0.05950000137090683
YOL084W,YGL037C,0,-6.4007707,0.5953835844993591,0.8769999742507935,0.05959999933838844
YGR154C,YBR182C,0,-6.4018283,0.5949796438217163,0.8769999742507935,0.059700001031160355
YDR518W,YKL073W,0,-6.4035406,0.5945762991905212,0.8769999742507935,0.05979999899864197
YBR112C,YCR065W,0,-6.404702,0.5941734313964844,0.8769999742507935,0.05990000069141388
YJR025C,YMR322C,0,-6.4062233,0.5937711596488953,0.8769999742507935,0.05999999865889549
YOL130W,YBR155W,0,-6.4074326,0.5933694243431091,0.8769999742507935,0.060100000351667404
YLL061W,YJR123W,0,-6.4111032,0.592968225479126,0.8769999742507935,0.06019999831914902
YHR143W,YDL055C,0,-6.411737,0.5925675630569458,0.8769999742507935,0.06030000001192093
YNL123W,YIL022W,0,-6.414978,0.5921674370765686,0.8769999742507935,0.06040000170469284
YDL103C,YLR061W,0,-6.4174824,0.5917679071426392,0.8769999742507935,0.060499999672174454
YDR534C,YOR140W,0,-6.421234,0.5913688540458679,0.8769999742507935,0.060600001364946365
YLR106C,YOL144W,1,-6.4218035,0.5916442275047302,0.878000020980835,0.060600001364946365
YER178W,YDR012W,0,-6.4243402,0.5912457704544067,0.878000020980835,0.06069999933242798
YOR335C,YOL102C,0,-6.4243836,0.590847909450531,0.878000020980835,0.06080000102519989
YGR085C,YML025C,1,-6.4342184,0.5911230444908142,0.8790000081062317,0.06080000102519989
YNL038W,YNL299W,0,-6.4397817,0.5907257795333862,0.8790000081062317,0.0608999989926815
YLR359W,YHR042W,0,-6.440858,0.5903290510177612,0.8790000081062317,0.061000000685453415
YHR075C,YJL036W,0,-6.441814,0.5899328589439392,0.8790000081062317,0.06109999865293503
YNL145W,YCR003W,0,-6.443144,0.5895372033119202,0.8790000081062317,0.06120000034570694
YKL213C,YBR139W,0,-6.4439373,0.5891420841217041,0.8790000081062317,0.06129999831318855
YHR068W,YMR058W,0,-6.45002,0.588747501373291,0.8790000081062317,0.061400000005960464
YLL062C,YNL302C,0,-6.45113,0.5883533954620361,0.8790000081062317,0.061500001698732376
YGR216C,YBR089C-A,0,-6.4521627,0.587959885597229,0.8790000081062317,0.06159999966621399
YGR220C,YCR072C,1,-6.456157,0.5882353186607361,0.8799999952316284,0.06159999966621399
YBR092C,YDR002W,0,-6.4571066,0.5878423452377319,0.8799999952316284,0.0617000013589859
YDR299W,YNL287W,0,-6.458435,0.5874499082565308,0.8799999952316284,0.061799999326467514
YIL013C,YCR045C,0,-6.459958,0.5870580673217773,0.8799999952316284,0.061900001019239426
YGL125W,YLR240W,0,-6.460782,0.5866666436195374,0.8799999952316284,0.06199999898672104
YGR034W,YBR130C,0,-6.4632034,0.5862758159637451,0.8799999952316284,0.06210000067949295
YJL110C,YJR094W-A,0,-6.467825,0.5858854651451111,0.8799999952316284,0.062199998646974564
YLR384C,YGR116W,0,-6.475977,0.58549565076828,0.8799999952316284,0.062300000339746475
YBL079W,YNR015W,0,-6.478859,0.585106372833252,0.8799999952316284,0.06239999830722809
YGL100W,YKL154W,0,-6.479662,0.5847176313400269,0.8799999952316284,0.0625
YGL029W,YJL096W,0,-6.483125,0.58432936668396,0.8799999952316284,0.06260000169277191
YKR063C,YMR142C,0,-6.4843,0.5839415788650513,0.8799999952316284,0.06270000338554382
YOL143C,YGL049C,0,-6.4862247,0.5835543870925903,0.8799999952316284,0.06279999762773514
YGL257C,YLR150W,0,-6.4877615,0.5831676721572876,0.8799999952316284,0.06289999932050705
YPL193W,YPR041W,1,-6.490904,0.5834437012672424,0.8809999823570251,0.06289999932050705
YMR092C,YDR001C,0,-6.494091,0.5830575823783875,0.8809999823570251,0.06300000101327896
YGR191W,YGL022W,0,-6.4947248,0.5826719403266907,0.8809999823570251,0.06310000270605087
YDR420W,YPR016C,0,-6.4947305,0.5822868347167969,0.8809999823570251,0.06319999694824219
YLR448W,YPL193W,1,-6.497634,0.5825627446174622,0.8820000290870667,0.06319999694824219
YDL031W,YGR220C,1,-6.500825,0.5828382968902588,0.8830000162124634,0.06319999694824219
YHL011C,YMR149W,0,-6.504529,0.5824538469314575,0.8830000162124634,0.0632999986410141
YNR035C,YBL051C,0,-6.506897,0.5820698738098145,0.8830000162124634,0.06340000033378601
YOR303W,YDR003W,0,-6.5092607,0.5816864371299744,0.8830000162124634,0.06350000202655792
YPL217C,YML025C,1,-6.5099573,0.5819618105888367,0.8840000033378601,0.06350000202655792
YDR265W,YIL077C,0,-6.5103536,0.5815789699554443,0.8840000033378601,0.06360000371932983
YDR397C,YKR094C,0,-6.512756,0.5811966061592102,0.8840000033378601,0.06369999796152115
YPL249C-A,YMR293C,0,-6.519952,0.5808147192001343,0.8840000033378601,0.06379999965429306
YIL019W,YGL257C,0,-6.526973,0.5804333686828613,0.8840000033378601,0.06390000134706497
YHR194W,YGR038W,0,-6.5284195,0.5800524950027466,0.8840000033378601,0.06400000303983688
YLR175W,YDR240C,0,-6.534204,0.5796721577644348,0.8840000033378601,0.0640999972820282
YBR017C,YDR280W,0,-6.535832,0.5792922377586365,0.8840000033378601,0.06419999897480011
YGR220C,YLR167W,1,-6.5394974,0.5795677900314331,0.8849999904632568,0.06419999897480011
YGL062W,YJL056C,0,-6.5404234,0.5791884660720825,0.8849999904632568,0.06430000066757202
YMR229C,YGR005C,0,-6.543934,0.5788096785545349,0.8849999904632568,0.06440000236034393
YBR290W,YKL051W,0,-6.544178,0.5784313678741455,0.8849999904632568,0.06449999660253525
YKL165C,YGR094W,0,-6.5458775,0.5780535340309143,0.8849999904632568,0.06459999829530716
YNL298W,YJL190C,0,-6.547495,0.5776762366294861,0.8849999904632568,0.06469999998807907
YGR144W,YGR042W,0,-6.547745,0.5772994160652161,0.8849999904632568,0.06480000168085098
YKR024C,YGR220C,1,-6.547778,0.5775749683380127,0.8859999775886536,0.06480000168085098
YGL238W,YBR014C,0,-6.5489006,0.5771986842155457,0.8859999775886536,0.0649000033736229
YBR054W,YGR111W,0,-6.552607,0.5768229365348816,0.8859999775886536,0.06499999761581421
YHR163W,YDL015C,0,-6.5548916,0.576447606086731,0.8859999775886536,0.06509999930858612
YGL029W,YNL245C,0,-6.560014,0.5760728120803833,0.8859999775886536,0.06520000100135803
YAR015W,YDR365C,0,-6.560304,0.5756984949111938,0.8859999775886536,0.06530000269412994
YJR140C,YCR057C,0,-6.5607114,0.5753246545791626,0.8859999775886536,0.06539999693632126
YOR079C,YOR033C,0,-6.5647945,0.5749513506889343,0.8859999775886536,0.06549999862909317
YDL069C,YGR020C,0,-6.5731196,0.5745784640312195,0.8859999775886536,0.06560000032186508
YCL029C,YNL152W,0,-6.573186,0.5742061138153076,0.8859999775886536,0.065700002014637
YJR139C,YGR095C,0,-6.578166,0.5738341808319092,0.8859999775886536,0.0658000037074089
YCL038C,YHR132C,0,-6.5793633,0.5734627842903137,0.8859999775886536,0.06589999794960022
YBR177C,YNL015W,0,-6.579564,0.5730918645858765,0.8859999775886536,0.06599999964237213
YDL108W,YLR022C,0,-6.5808043,0.5727214217185974,0.8859999775886536,0.06610000133514404
YPR055W,YBR014C,0,-6.5838814,0.5723513960838318,0.8859999775886536,0.06620000302791595
YGL078C,YGR220C,1,-6.587631,0.5726274847984314,0.8870000243186951,0.06620000302791595
YLR106C,YCL031C,1,-6.5890493,0.5729032158851624,0.8880000114440918,0.06620000302791595
YCL029C,YGR280C,0,-6.590464,0.5725338459014893,0.8880000114440918,0.06629999727010727
YNL222W,YML018C,0,-6.59288,0.5721649527549744,0.8880000114440918,0.06639999896287918
YMR091C,YHR026W,0,-6.593254,0.5717965364456177,0.8880000114440918,0.06650000065565109
YBR213W,YLR337C,0,-6.5943966,0.5714285969734192,0.8880000114440918,0.066600002348423
YLR215C,YDL040C,0,-6.595664,0.5710610747337341,0.8880000114440918,0.06669999659061432
YKL082C,YHR003C,0,-6.5959425,0.570694088935852,0.8880000114440918,0.06679999828338623
YDR140W,YKL082C,0,-6.5999537,0.5703275799751282,0.8880000114440918,0.06689999997615814
YGL019W,YLR066W,0,-6.602271,0.5699614882469177,0.8880000114440918,0.06700000166893005
YOR320C,YBR129C,0,-6.6091537,0.5695958733558655,0.8880000114440918,0.06710000336170197
YLR175W,YNL229C,0,-6.609362,0.5692307949066162,0.8880000114440918,0.06719999760389328
YAR033W,YJR103W,0,-6.611127,0.5688661336898804,0.8880000114440918,0.06729999929666519
YKL013C,YJL048C,0,-6.611517,0.5685019493103027,0.8880000114440918,0.0674000009894371
YNR035C,YPR173C,0,-6.6127954,0.5681381821632385,0.8880000114440918,0.06750000268220901
YGR220C,YIR012W,1,-6.61529,0.5684143304824829,0.8889999985694885,0.06750000268220901
YER122C,YNL186W,0,-6.617413,0.5680510997772217,0.8889999985694885,0.06759999692440033
YKL172W,YDL095W,0,-6.622921,0.5676884055137634,0.8889999985694885,0.06769999861717224
YJR161C,YFR029W,0,-6.6231976,0.5673261284828186,0.8889999985694885,0.06780000030994415
YBR164C,YBR017C,0,-6.623239,0.5669642686843872,0.8889999985694885,0.06790000200271606
YEL003W,YBR265W,0,-6.623902,0.5666029453277588,0.8889999985694885,0.06800000369548798
YHR039C,YNL186W,0,-6.625356,0.5662420392036438,0.8889999985694885,0.06809999793767929
YNL231C,YGL169W,0,-6.627372,0.565881609916687,0.8889999985694885,0.0681999996304512
YER073W,YKL075C,0,-6.6285806,0.5655216574668884,0.8889999985694885,0.06830000132322311
YJR109C,YOL013C,0,-6.62907,0.5651621222496033,0.8889999985694885,0.06840000301599503
YER168C,YBR156C,0,-6.631201,0.5648030638694763,0.8889999985694885,0.06849999725818634
YMR138W,YBR083W,0,-6.6313257,0.5644444227218628,0.8889999985694885,0.06859999895095825
YDL226C,YPL246C,0,-6.6316304,0.5640863180160522,0.8889999985694885,0.06870000064373016
YPL227C,YJR074W,0,-6.6321945,0.5637285709381104,0.8889999985694885,0.06880000233650208
YER055C,YIL026C,0,-6.6366253,0.5633713603019714,0.8889999985694885,0.06889999657869339
YOR359W,YPL105C,0,-6.6414137,0.563014566898346,0.8889999985694885,0.0689999982714653
YER014W,YJR036C,0,-6.6421847,0.5626582503318787,0.8889999985694885,0.06909999996423721
YLR370C,YHR106W,0,-6.646513,0.5623023509979248,0.8889999985694885,0.06920000165700912
YLR043C,YLR050C,0,-6.6484113,0.5619469285011292,0.8889999985694885,0.06930000334978104
YNR030W,YKL063C,0,-6.649013,0.5615919232368469,0.8889999985694885,0.06939999759197235
YEL036C,YOR048C,0,-6.6499662,0.5612373948097229,0.8889999985694885,0.06949999928474426
YCR031C,YCL031C,1,-6.6505775,0.5615141987800598,0.8899999856948853,0.06949999928474426
YHR106W,YLR194C,0,-6.6511817,0.561160147190094,0.8899999856948853,0.06960000097751617
YHR036W,YGR119C,0,-6.651697,0.5608065724372864,0.8899999856948853,0.06970000267028809
YOR377W,YOR319W,0,-6.651816,0.5604534149169922,0.8899999856948853,0.0697999969124794
YNL111C,YDR440W,0,-6.6527033,0.5601006746292114,0.8899999856948853,0.06989999860525131
YGL068W,YDL133C-A,0,-6.652925,0.5597484111785889,0.8899999856948853,0.07000000029802322
YJL179W,YOL005C,0,-6.654087,0.5593966245651245,0.8899999856948853,0.07010000199079514
YPR016C,YPR114W,0,-6.6557393,0.5590452551841736,0.8899999856948853,0.07020000368356705
YDR296W,YNR037C,0,-6.655742,0.5586943030357361,0.8899999856948853,0.07029999792575836
YBR048W,YPL193W,1,-6.6559677,0.5589711666107178,0.890999972820282,0.07029999792575836
YLR052W,YLR355C,0,-6.6587734,0.5586206912994385,0.890999972820282,0.07039999961853027
YCL026C-A,YPL213W,0,-6.6631026,0.5582706928253174,0.890999972820282,0.07050000131130219
YLR205C,YPL280W,0,-6.6634793,0.5579211115837097,0.890999972820282,0.0706000030040741
YFR009W,YDR075W,0,-6.6636553,0.5575719475746155,0.890999972820282,0.07069999724626541
YMR175W,YLL023C,0,-6.6663017,0.5572232604026794,0.890999972820282,0.07079999893903732
YIL070C,YGR222W,0,-6.6675587,0.5568749904632568,0.890999972820282,0.07090000063180923
YJL134W,YOR096W,0,-6.668426,0.5565271973609924,0.890999972820282,0.07100000232458115
YDR236C,YJR073C,0,-6.6754875,0.5561797618865967,0.890999972820282,0.07109999656677246
YDL031W,YML025C,1,-6.677213,0.5564566254615784,0.8920000195503235,0.07109999656677246
YNR038W,YML025C,1,-6.679718,0.5567331910133362,0.8930000066757202,0.07109999656677246
YLR333C,YHR167W,0,-6.679859,0.5563862919807434,0.8930000066757202,0.07119999825954437
YGR220C,YHR088W,1,-6.693756,0.5566624999046326,0.8939999938011169,0.07119999825954437
YGR262C,YNL038W,0,-6.694188,0.5563161373138428,0.8939999938011169,0.07129999995231628
YLR246W,YHR034C,0,-6.698404,0.5559701323509216,0.8939999938011169,0.0714000016450882
YPL174C,YLR019W,0,-6.698748,0.5556246042251587,0.8939999938011169,0.07150000333786011
YPR017C,YLR150W,0,-6.6994467,0.5552794933319092,0.8939999938011169,0.07159999758005142
YGR174C,YJR101W,0,-6.7006207,0.5549347996711731,0.8939999938011169,0.07169999927282333
YGL257C,YJR123W,0,-6.70201,0.5545905828475952,0.8939999938011169,0.07180000096559525
YLR048W,YML025C,1,-6.7026005,0.5548667311668396,0.8949999809265137,0.07180000096559525
YDR121W,YPR133C,0,-6.7048845,0.5545229315757751,0.8949999809265137,0.07190000265836716
YBL098W,YPL204W,0,-6.7127314,0.5541795492172241,0.8949999809265137,0.07199999690055847
YDL143W,YER113C,0,-6.7138553,0.5538366436958313,0.8949999809265137,0.07209999859333038
YMR120C,YGR261C,0,-6.715539,0.5534940958023071,0.8949999809265137,0.0722000002861023
YHR118C,YNL087W,0,-6.7169933,0.5531520247459412,0.8949999809265137,0.0723000019788742
YJL095W,YOL121C,0,-6.7175503,0.5528103709220886,0.8949999809265137,0.07240000367164612
YNL062C,YEL053C,0,-6.7176394,0.5524691343307495,0.8949999809265137,0.07249999791383743
YDR156W,YGL189C,0,-6.719584,0.5521283149719238,0.8949999809265137,0.07259999960660934
YNL069C,YGR096W,0,-6.7215357,0.5517879128456116,0.8949999809265137,0.07270000129938126
YNL055C,YHR138C,0,-6.721973,0.5514479279518127,0.8949999809265137,0.07280000299215317
YPR120C,YGR185C,0,-6.722697,0.5511083602905273,0.8949999809265137,0.07289999723434448
YBL042C,YLR305C,0,-6.7235203,0.5507692098617554,0.8949999809265137,0.0729999989271164
YEL036C,YIL148W,0,-6.7240577,0.5504304766654968,0.8949999809265137,0.0731000006198883
YML012W,YJL183W,0,-6.7262983,0.5500922203063965,0.8949999809265137,0.07320000231266022
YKL073W,YBL087C,0,-6.7272377,0.5497543215751648,0.8949999809265137,0.07329999655485153
YNR017W,YER089C,0,-6.72756,0.5494168400764465,0.8949999809265137,0.07339999824762344
YML099C,YPL188W,0,-6.727643,0.5490797758102417,0.8949999809265137,0.07349999994039536
YHR074W,YGL010W,0,-6.7278323,0.5487431287765503,0.8949999809265137,0.07360000163316727
YGL125W,YDL080C,0,-6.7304196,0.5484068393707275,0.8949999809265137,0.07370000332593918
YDR060W,YML025C,1,-6.7306337,0.5486834049224854,0.8960000276565552,0.07370000332593918
YNL135C,YDR412W,0,-6.7312264,0.5483475923538208,0.8960000276565552,0.0737999975681305
YBR112C,YKR072C,0,-6.732531,0.5480122566223145,0.8960000276565552,0.0738999992609024
YER122C,YGR034W,0,-6.7337065,0.5476772785186768,0.8960000276565552,0.07400000095367432
YGL236C,YDR450W,0,-6.7342362,0.5473427176475525,0.8960000276565552,0.07410000264644623
YDL081C,YLR389C,0,-6.7363744,0.5470085740089417,0.8960000276565552,0.07419999688863754
YER003C,YER090W,0,-6.738341,0.5466747879981995,0.8960000276565552,0.07429999858140945
YKL181W,YKL075C,0,-6.739989,0.5463414788246155,0.8960000276565552,0.07440000027418137
YAL005C,YLR064W,0,-6.7402554,0.5460085272789001,0.8960000276565552,0.07450000196695328
YER168C,YEL037C,0,-6.740374,0.5456759929656982,0.8960000276565552,0.07460000365972519
YMR116C,YGR198W,0,-6.7421713,0.5453438758850098,0.8960000276565552,0.0746999979019165
YBL042C,YEL009C,0,-6.7465653,0.5450121760368347,0.8960000276565552,0.07479999959468842
YHR142W,YER002W,0,-6.747675,0.5446808338165283,0.8960000276565552,0.07490000128746033
YML042W,YGL053W,0,-6.7495127,0.5443499684333801,0.8960000276565552,0.07500000298023224
YBL063W,YKR085C,0,-6.7498713,0.5440194010734558,0.8960000276565552,0.07509999722242355
YOR044W,YHR138C,0,-6.750098,0.5436893105506897,0.8960000276565552,0.07519999891519547
YDL145C,YHR041C,0,-6.752091,0.543359637260437,0.8960000276565552,0.07530000060796738
YIL038C,YHR003C,0,-6.752478,0.543030321598053,0.8960000276565552,0.07540000230073929
YPL137C,YMR165C,0,-6.7538085,0.5427013635635376,0.8960000276565552,0.0754999965429306
YJR125C,YER175C,0,-6.75411,0.5423728823661804,0.8960000276565552,0.07559999823570251
YGL027C,YNL261W,0,-6.7552905,0.5420447587966919,0.8960000276565552,0.07569999992847443
YPR119W,YPL104W,0,-6.7567506,0.5417170524597168,0.8960000276565552,0.07580000162124634
YLR185W,YOR106W,0,-6.7575254,0.5413897037506104,0.8960000276565552,0.07590000331401825
YPR166C,YLR134W,0,-6.758469,0.5410627722740173,0.8960000276565552,0.07599999755620956
YPL208W,YLR058C,0,-6.759571,0.5407362580299377,0.8960000276565552,0.07609999924898148
YOL077C,YML025C,1,-6.7611265,0.541013240814209,0.8970000147819519,0.07609999924898148
YGR220C,YGR245C,1,-6.761276,0.5412899255752563,0.8980000019073486,0.07609999924898148
YLR293C,YLR265C,0,-6.761715,0.5409638285636902,0.8980000019073486,0.07620000094175339
YHR005C-A,YKL027W,0,-6.764291,0.5406381487846375,0.8980000019073486,0.0763000026345253
YLR259C,YJL052W,0,-6.76577,0.5403128862380981,0.8980000019073486,0.07639999687671661
YOR355W,YBR084C-A,0,-6.7672653,0.5399879813194275,0.8980000019073486,0.07649999856948853
YNL065W,YNL139C,0,-6.768054,0.5396634340286255,0.8980000019073486,0.07660000026226044
YML103C,YEL020W-A,0,-6.7682195,0.5393393635749817,0.8980000019073486,0.07670000195503235
YHR165C,YOL061W,0,-6.7741385,0.5390155911445618,0.8980000019073486,0.07680000364780426
YIL034C,YAL008W,0,-6.7763677,0.5386922359466553,0.8980000019073486,0.07689999788999557
YGR220C,YHR170W,1,-6.7767334,0.5389688014984131,0.8989999890327454,0.07689999788999557
YNL153C,YGR257C,0,-6.779534,0.5386459231376648,0.8989999890327454,0.07699999958276749
YGR216C,YPL010W,0,-6.780055,0.5383233428001404,0.8989999890327454,0.0771000012755394
YOR197W,YLR430W,0,-6.782885,0.5380011796951294,0.8989999890327454,0.07720000296831131
YBR167C,YDR469W,0,-6.7849865,0.5376794338226318,0.8989999890327454,0.07729999721050262
YIL149C,YDR081C,0,-6.793767,0.5373580455780029,0.8989999890327454,0.07739999890327454
YGL256W,YGL127C,0,-6.793905,0.5370370149612427,0.8989999890327454,0.07750000059604645
YGR192C,YNL131W,0,-6.795436,0.5367164015769958,0.8989999890327454,0.07760000228881836
YOL127W,YCL031C,1,-6.796631,0.5369928479194641,0.8999999761581421,0.07760000228881836
YDR299W,YPL122C,0,-6.797673,0.5366726517677307,0.8999999761581421,0.07769999653100967
YDR037W,YML095C,0,-6.798181,0.536352813243866,0.8999999761581421,0.07779999822378159
YDR127W,YOL119C,0,-6.8027544,0.5360333323478699,0.8999999761581421,0.0778999999165535
YHR010W,YPR133W-A,0,-6.806037,0.5357142686843872,0.8999999761581421,0.07800000160932541
YJL111W,YIL091C,0,-6.806429,0.535395622253418,0.8999999761581421,0.07810000330209732
YCR098C,YGR197C,0,-6.8066607,0.5350772738456726,0.8999999761581421,0.07819999754428864
YCR020C,YNL334C,0,-6.807235,0.5347593426704407,0.8999999761581421,0.07829999923706055
YLR103C,YLR055C,0,-6.812875,0.5344418287277222,0.8999999761581421,0.07840000092983246
YPR042C,YMR261C,0,-6.8139434,0.5341246128082275,0.8999999761581421,0.07850000262260437
YDR377W,YDR351W,0,-6.815386,0.5338078141212463,0.8999999761581421,0.07859999686479568
YPL082C,YEL016C,0,-6.8160877,0.5334914326667786,0.8999999761581421,0.0786999985575676
YPR119W,YML091C,0,-6.816886,0.5331753492355347,0.8999999761581421,0.07880000025033951
YGL201C,YKL006W,0,-6.817866,0.5328596830368042,0.8999999761581421,0.07890000194311142
YKL073W,YOL041C,0,-6.8178825,0.5325443744659424,0.8999999761581421,0.07900000363588333
YKL154W,YDR325W,0,-6.819695,0.5322294235229492,0.8999999761581421,0.07909999787807465
YDL081C,YKL027W,0,-6.821048,0.5319148898124695,0.8999999761581421,0.07919999957084656
YMR186W,YLR249W,0,-6.821422,0.5316007137298584,0.8999999761581421,0.07930000126361847
YKL139W,YMR058W,0,-6.8240647,0.531286895275116,0.8999999761581421,0.07940000295639038
YDR216W,YNL053W,0,-6.8244257,0.5309734344482422,0.8999999761581421,0.0794999971985817
YJL186W,YJL189W,0,-6.824753,0.5306603908538818,0.8999999761581421,0.07959999889135361
YHR039C,YPR016C,0,-6.8254137,0.5303476452827454,0.8999999761581421,0.07970000058412552
YHR063C,YGL189C,0,-6.8273535,0.5300353169441223,0.8999999761581421,0.07980000227689743
YPL227C,YLR043C,0,-6.8286314,0.5297233462333679,0.8999999761581421,0.07989999651908875
YNL111C,YJL074C,0,-6.829811,0.529411792755127,0.8999999761581421,0.07999999821186066
YCL035C,YEL041W,0,-6.8298655,0.5291005373001099,0.8999999761581421,0.08009999990463257
YDR072C,YPR098C,0,-6.8302603,0.5287896394729614,0.8999999761581421,0.08020000159740448
YLR192C,YML046W,0,-6.8318195,0.5284791588783264,0.8999999761581421,0.08030000329017639
YNL094W,YLR107W,0,-6.8320813,0.5281690359115601,0.8999999761581421,0.0803999975323677
YBR268W,YCR028C-A,0,-6.835177,0.5278592109680176,0.8999999761581421,0.08049999922513962
YMR006C,YPL253C,0,-6.8379626,0.5275498032569885,0.8999999761581421,0.08060000091791153
YIL009W,YGR215W,0,-6.8391676,0.5272407531738281,0.8999999761581421,0.08070000261068344
YNL232W,YOR375C,0,-6.841596,0.5269320607185364,0.8999999761581421,0.08079999685287476
YIR008C,YNR012W,0,-6.846347,0.5266237854957581,0.8999999761581421,0.08089999854564667
YKR053C,YNL134C,0,-6.8520107,0.5263158082962036,0.8999999761581421,0.08100000023841858
YBR022W,YKL209C,0,-6.8566403,0.5260081887245178,0.8999999761581421,0.08110000193119049
YJL097W,YLL024C,0,-6.8572927,0.5257009267807007,0.8999999761581421,0.0812000036239624
YPR119W,YJL097W,0,-6.860281,0.5253940224647522,0.8999999761581421,0.08129999786615372
YCL030C,YJR033C,0,-6.860858,0.5250875353813171,0.8999999761581421,0.08139999955892563
YMR004W,YDR495C,0,-6.862044,0.524781346321106,0.8999999761581421,0.08150000125169754
YJR147W,YIL090W,0,-6.8621755,0.5244755148887634,0.8999999761581421,0.08160000294446945
YLR186W,YKL164C,0,-6.8629494,0.5241700410842896,0.8999999761581421,0.08169999718666077
YGR220C,YLR221C,1,-6.864455,0.5244470238685608,0.9010000228881836,0.08169999718666077
YHR034C,YLR121C,0,-6.8653336,0.5241419672966003,0.9010000228881836,0.08179999887943268
YOR032C,YPL186C,0,-6.8670964,0.5238372087478638,0.9010000228881836,0.08190000057220459
YHR120W,YNL016W,0,-6.871112,0.5235328078269958,0.9010000228881836,0.0820000022649765
YOR260W,YGR063C,0,-6.8711605,0.5232288241386414,0.9010000228881836,0.08209999650716782
YGR255C,YMR104C,0,-6.8723626,0.5229251384735107,0.9010000228881836,0.08219999819993973
YPR041W,YML025C,1,-6.8748646,0.5232018828392029,0.9020000100135803,0.08219999819993973
YMR177W,YDR120C,0,-6.878144,0.5228985548019409,0.9020000100135803,0.08229999989271164
YOL002C,YLR145W,0,-6.878323,0.5225955843925476,0.9020000100135803,0.08240000158548355
YIL046W,YOR231W,0,-6.8783865,0.522292971611023,0.9020000100135803,0.08250000327825546
YHL036W,YOR018W,0,-6.8814545,0.5219907164573669,0.9020000100135803,0.08259999752044678
YDR363W,YOR004W,0,-6.882375,0.5216888189315796,0.9020000100135803,0.08269999921321869
YNL048W,YLR285W,0,-6.8829536,0.5213872790336609,0.9020000100135803,0.0828000009059906
YPL127C,YCL024W,0,-6.88429,0.5210860967636108,0.9020000100135803,0.08290000259876251
YNL145W,YLR010C,0,-6.8844223,0.5207852125167847,0.9020000100135803,0.08299999684095383
YGR220C,YEL054C,1,-6.8863277,0.5210617184638977,0.902999997138977,0.08299999684095383
YNL238W,YOR270C,0,-6.888274,0.520761251449585,0.902999997138977,0.08309999853372574
YNL188W,YGL225W,0,-6.889872,0.5204610824584961,0.902999997138977,0.08320000022649765
YGL166W,YGR268C,0,-6.893314,0.5201612710952759,0.902999997138977,0.08330000191926956
YNL121C,YER113C,0,-6.893316,0.5198618173599243,0.902999997138977,0.08340000361204147
YLR355C,YNL175C,0,-6.894636,0.5195627212524414,0.902999997138977,0.08349999785423279
YDR110W,YHR163W,0,-6.897177,0.5192639231681824,0.902999997138977,0.0835999995470047
YJR047C,YDR194C,0,-6.900571,0.5189655423164368,0.902999997138977,0.08370000123977661
YOL117W,YGR125W,0,-6.9022193,0.518667459487915,0.902999997138977,0.08380000293254852
YIL090W,YEL048C,0,-6.9030533,0.5183696746826172,0.902999997138977,0.08389999717473984
YEL022W,YIL095W,0,-6.9082813,0.5180723071098328,0.902999997138977,0.08399999886751175
YDR312W,YML025C,1,-6.9086356,0.5183486342430115,0.9039999842643738,0.08399999886751175
YOR155C,YIR003W,0,-6.9112535,0.5180515646934509,0.9039999842643738,0.08410000056028366
YJR144W,YHR154W,0,-6.9118958,0.517754852771759,0.9039999842643738,0.08420000225305557
YHR008C,YKL086W,0,-6.9121294,0.5174584984779358,0.9039999842643738,0.08429999649524689
YMR142C,YLL002W,0,-6.912295,0.5171624422073364,0.9039999842643738,0.0843999981880188
YML057W,YPL186C,0,-6.9135365,0.5168668031692505,0.9039999842643738,0.08449999988079071
YPR175W,YOR254C,0,-6.9145575,0.5165714025497437,0.9039999842643738,0.08460000157356262
YLR360W,YFR049W,0,-6.914662,0.5162764191627502,0.9039999842643738,0.08470000326633453
YJL155C,YOR040W,0,-6.91514,0.5159817337989807,0.9039999842643738,0.08479999750852585
YJL076W,YOR243C,0,-6.9160237,0.5156874060630798,0.9039999842643738,0.08489999920129776
YKL064W,YDR055W,0,-6.918249,0.5153933763504028,0.9039999842643738,0.08500000089406967
YNR056C,YMR140W,0,-6.9234166,0.5150997042655945,0.9039999842643738,0.08510000258684158
YGR078C,YJL203W,0,-6.9240046,0.5148063898086548,0.9039999842643738,0.0851999968290329
YHR037W,YGR111W,0,-6.9242797,0.514513373374939,0.9039999842643738,0.08529999852180481
YLR160C,YDR407C,0,-6.924563,0.5142207145690918,0.9039999842643738,0.08540000021457672
YPL215W,YFL017W-A,0,-6.926199,0.5139283537864685,0.9039999842643738,0.08550000190734863
YJL198W,YGL169W,0,-6.9304123,0.5136363506317139,0.9039999842643738,0.08560000360012054
YBR299W,YNL208W,0,-6.9347253,0.5133447051048279,0.9039999842643738,0.08569999784231186
YLR110C,YPL212C,0,-6.935345,0.5130533576011658,0.9039999842643738,0.08579999953508377
YJL082W,YGL124C,0,-6.9360757,0.5127623081207275,0.9039999842643738,0.08590000122785568
YKR039W,YML127W,0,-6.938053,0.5124716758728027,0.9039999842643738,0.0860000029206276
YLR048W,YCL031C,1,-6.9385877,0.5127478837966919,0.9049999713897705,0.0860000029206276
YGR220C,YCR031C,1,-6.9392266,0.5130237936973572,0.906000018119812,0.0860000029206276
YKL122C,YDR260C,0,-6.945279,0.5127334594726562,0.906000018119812,0.08609999716281891
YNL230C,YHR048W,0,-6.946761,0.5124434232711792,0.906000018119812,0.08619999885559082
YGR220C,YFL002C,1,-6.94707,0.5127190351486206,0.9070000052452087,0.08619999885559082
YJL191W,YPL193W,1,-6.947424,0.5129943490028381,0.9079999923706055,0.08619999885559082
YBL092W,YPL124W,0,-6.948108,0.5127046704292297,0.9079999923706055,0.08630000054836273
YPL008W,YBL028C,0,-6.9508014,0.51241534948349,0.9079999923706055,0.08640000224113464
YOR239W,YGR172C,0,-6.95193,0.5121263265609741,0.9079999923706055,0.08649999648332596
YOR003W,YLR194C,0,-6.9520087,0.5118376612663269,0.9079999923706055,0.08659999817609787
YPL043W,YBL106C,0,-6.9528265,0.5115492939949036,0.9079999923706055,0.08669999986886978
YAL055W,YOL109W,0,-6.9567633,0.5112612843513489,0.9079999923706055,0.0868000015616417
YDR183W,YER007C-A,0,-6.9579015,0.5109735727310181,0.9079999923706055,0.0869000032544136
YOL103W,YKL141W,0,-6.958974,0.5106861591339111,0.9079999923706055,0.08699999749660492
YJL134W,YPL063W,0,-6.959677,0.5103991031646729,0.9079999923706055,0.08709999918937683
YNL038W,YHR041C,0,-6.9599996,0.5101123452186584,0.9079999923706055,0.08720000088214874
YER088C,YKR100C,0,-6.9608765,0.5098259449005127,0.9079999923706055,0.08730000257492065
YLR175W,YKL049C,0,-6.961098,0.5095398426055908,0.9079999923706055,0.08739999681711197
YGL047W,YDR394W,0,-6.9613633,0.5092540383338928,0.9079999923706055,0.08749999850988388
YOR027W,YIL077C,0,-6.961866,0.5089685916900635,0.9079999923706055,0.08760000020265579
YKL053C-A,YHL034C,0,-6.962172,0.5086835026741028,0.9079999923706055,0.0877000018954277
YOR299W,YNL138W,0,-6.966612,0.5083986520767212,0.9079999923706055,0.08780000358819962
YNL153C,YKL063C,0,-6.9688478,0.5081141591072083,0.9079999923706055,0.08789999783039093
YJR001W,YGL016W,0,-6.9703493,0.5078299641609192,0.9079999923706055,0.08799999952316284
YEL058W,YEL059C-A,0,-6.971348,0.5075461268424988,0.9079999923706055,0.08810000121593475
YNL075W,YPR139C,0,-6.973488,0.5072625875473022,0.9079999923706055,0.08820000290870667
YKL017C,YMR131C,0,-6.9767118,0.5069793462753296,0.9079999923706055,0.08829999715089798
YKL213C,YOR155C,0,-6.9769993,0.5066964030265808,0.9079999923706055,0.08839999884366989
YDL024C,YKR098C,0,-6.977494,0.5064138174057007,0.9079999923706055,0.0885000005364418
YIL148W,YNR037C,0,-6.9811487,0.5061315298080444,0.9079999923706055,0.08860000222921371
YDL137W,YPR011C,0,-6.981226,0.5058495998382568,0.9079999923706055,0.08869999647140503
YKR083C,YNL113W,0,-6.982524,0.5055679082870483,0.9079999923706055,0.08879999816417694
YGR059W,YMR040W,0,-6.9825726,0.5052865743637085,0.9079999923706055,0.08889999985694885
YMR299C,YMR061W,0,-6.9835467,0.5050055384635925,0.9079999923706055,0.08900000154972076
YGL225W,YPR204W,0,-6.988291,0.5047248601913452,0.9079999923706055,0.08910000324249268
YOL158C,YIR009W,0,-6.9883657,0.504444420337677,0.9079999923706055,0.08919999748468399
YOR035C,YEL013W,0,-6.9906645,0.5041643381118774,0.9079999923706055,0.0892999991774559
YER160C,YIL082W-A,0,-6.9911094,0.5038845539093018,0.9079999923706055,0.08940000087022781
YOR056C,YPR173C,0,-6.992742,0.5036051273345947,0.9079999923706055,0.08950000256299973
YAR015W,YOR045W,0,-6.992857,0.5033259391784668,0.9079999923706055,0.08959999680519104
YGL097W,YOR187W,0,-6.993974,0.5030471086502075,0.9079999923706055,0.08969999849796295
YBR004C,YDR251W,0,-6.9943647,0.5027685761451721,0.9079999923706055,0.08980000019073486
YNL139C,YMR061W,0,-6.995599,0.5024903416633606,0.9079999923706055,0.08990000188350677
YGR220C,YDR025W,1,-6.9965415,0.5027654767036438,0.9089999794960022,0.08990000188350677
YMR230W,YKL063C,0,-6.9968824,0.5024875402450562,0.9089999794960022,0.09000000357627869
YJL210W,YML100W,0,-7.0005107,0.5022099614143372,0.9089999794960022,0.09009999781847
YJR118C,YOR281C,0,-7.0059447,0.5019326210021973,0.9089999794960022,0.09019999951124191
YOR025W,YLR466W,0,-7.0063415,0.501655638217926,0.9089999794960022,0.09030000120401382
YGL254W,YOL136C,0,-7.008511,0.5013789534568787,0.9089999794960022,0.09040000289678574
YPL095C,YJR019C,0,-7.009431,0.5011025071144104,0.9089999794960022,0.09049999713897705
YPL173W,YFR037C,0,-7.014336,0.5008264183998108,0.9089999794960022,0.09059999883174896
YGR216C,YOR056C,0,-7.014545,0.5005506873130798,0.9089999794960022,0.09070000052452087
YJL094C,YBR139W,0,-7.0159545,0.500275194644928,0.9089999794960022,0.09080000221729279
YOR100C,YGL183C,0,-7.0177355,0.5,0.9089999794960022,0.0908999964594841
YGR220C,YPR102C,1,-7.0257463,0.5002748966217041,0.9100000262260437,0.0908999964594841
YDR012W,YML072C,0,-7.026018,0.5,0.9100000262260437,0.09099999815225601
YBL106C,YOR009W,0,-7.0263124,0.49972543120384216,0.9100000262260437,0.09109999984502792
YDR086C,YNL246W,0,-7.026546,0.4994511604309082,0.9100000262260437,0.09120000153779984
YMR138W,YDR325W,0,-7.026912,0.4991771876811981,0.9100000262260437,0.09130000323057175
YFR051C,YDR146C,0,-7.0273128,0.4989035129547119,0.9100000262260437,0.09139999747276306
YGL068W,YDL153C,0,-7.028058,0.4986301362514496,0.9100000262260437,0.09149999916553497
YKR083C,YNL038W,0,-7.0310354,0.49835705757141113,0.9100000262260437,0.09160000085830688
YER162C,YGL157W,0,-7.0319223,0.49808427691459656,0.9100000262260437,0.0917000025510788
YPR106W,YGL028C,0,-7.0345507,0.49781182408332825,0.9100000262260437,0.09179999679327011
YNL298W,YNR015W,0,-7.034767,0.4975396394729614,0.9100000262260437,0.09189999848604202
YBR212W,YCR061W,0,-7.0359488,0.4972677528858185,0.9100000262260437,0.09200000017881393
YOR061W,YGR178C,0,-7.037756,0.4969961643218994,0.9100000262260437,0.09210000187158585
YKR100C,YIR018W,0,-7.0398498,0.4967249035835266,0.9100000262260437,0.09220000356435776
YNL182C,YGR220C,1,-7.0406575,0.49699944257736206,0.9110000133514404,0.09220000356435776
YER065C,YGL144C,0,-7.042106,0.49672845005989075,0.9110000133514404,0.09229999780654907
YDL220C,YJL108C,0,-7.045004,0.4964577555656433,0.9110000133514404,0.09239999949932098
YLR185W,YOR304C-A,0,-7.0466995,0.49618735909461975,0.9110000133514404,0.0925000011920929
YBL084C,YOR049C,0,-7.048254,0.49591726064682007,0.9110000133514404,0.09260000288486481
YJL073W,YPR080W,0,-7.0493736,0.4956474304199219,0.9110000133514404,0.09269999712705612
YDL040C,YOR281C,0,-7.050327,0.49537792801856995,0.9110000133514404,0.09279999881982803
YER090W,YOR003W,0,-7.050497,0.4951086938381195,0.9110000133514404,0.09290000051259995
YOL054W,YML098W,0,-7.0506287,0.49483975768089294,0.9110000133514404,0.09300000220537186
YOL033W,YGR118W,0,-7.0513515,0.49457111954689026,0.9110000133514404,0.09309999644756317
YOR162C,YNR064C,0,-7.0535502,0.49430277943611145,0.9110000133514404,0.09319999814033508
YOL005C,YJL143W,0,-7.0535717,0.49403470754623413,0.9110000133514404,0.093299999833107
YNL126W,YNR021W,0,-7.054003,0.4937669336795807,0.9110000133514404,0.0934000015258789
YMR268C,YGR229C,0,-7.054207,0.4934994578361511,0.9110000133514404,0.09350000321865082
YDL111C,YDR056C,0,-7.056286,0.49323228001594543,0.9110000133514404,0.09359999746084213
YDR099W,YGR076C,0,-7.056697,0.49296537041664124,0.9110000133514404,0.09369999915361404
YPL195W,YNL082W,0,-7.0592537,0.4926987588405609,0.9110000133514404,0.09380000084638596
YJL101C,YIL099W,0,-7.060349,0.49243244528770447,0.9110000133514404,0.09390000253915787
YMR145C,YPR140W,0,-7.0621014,0.4921663999557495,0.9110000133514404,0.09399999678134918
YNL153C,YGR206W,0,-7.064018,0.49190065264701843,0.9110000133514404,0.0940999984741211
YGR076C,YHR168W,0,-7.0651155,0.49163517355918884,0.9110000133514404,0.094200000166893
YML074C,YBL051C,0,-7.066199,0.4913700222969055,0.9110000133514404,0.09430000185966492
YLR361C,YPL221W,0,-7.0663085,0.4911051094532013,0.9110000133514404,0.09440000355243683
YDL078C,YPL138C,0,-7.067397,0.49084052443504333,0.9110000133514404,0.09449999779462814
YBR265W,YGL231C,0,-7.0684195,0.49057620763778687,0.9110000133514404,0.09459999948740005
YOL064C,YLR266C,0,-7.068559,0.4903121590614319,0.9110000133514404,0.09470000118017197
YDR405W,YKR048C,0,-7.0693307,0.4900484085083008,0.9110000133514404,0.09480000287294388
YLR071C,YJL145W,0,-7.0701723,0.48978495597839355,0.9110000133514404,0.09489999711513519
YMR256C,YPL204W,0,-7.0708,0.4895217716693878,0.9110000133514404,0.0949999988079071
YOR245C,YGR048W,0,-7.072203,0.48925885558128357,0.9110000133514404,0.09510000050067902
YJL155C,YMR311C,0,-7.0726705,0.4889962375164032,0.9110000133514404,0.09520000219345093
YLL027W,YOR337W,0,-7.0726857,0.4887339174747467,0.9110000133514404,0.09529999643564224
YBL006C,YGL070C,0,-7.072898,0.4884718358516693,0.9110000133514404,0.09539999812841415
YOR137C,YFR003C,0,-7.074484,0.4882100820541382,0.9110000133514404,0.09549999982118607
YGL040C,YNL302C,0,-7.075282,0.48794856667518616,0.9110000133514404,0.09560000151395798
YBR131W,YGL027C,0,-7.077592,0.4876873791217804,0.9110000133514404,0.09570000320672989
YNL061W,YIL147C,0,-7.0780206,0.48742642998695374,0.9110000133514404,0.0957999974489212
YDR123C,YPR163C,0,-7.078499,0.48716577887535095,0.9110000133514404,0.09589999914169312
YKL127W,YNL257C,0,-7.0792994,0.48690539598464966,0.9110000133514404,0.09600000083446503
YPL204W,YJL213W,0,-7.0805345,0.48664531111717224,0.9110000133514404,0.09610000252723694
YBL051C,YCR035C,0,-7.083532,0.4863854646682739,0.9110000133514404,0.09619999676942825
YBL063W,YKR060W,0,-7.0852156,0.4861259460449219,0.9110000133514404,0.09629999846220016
YHR142W,YDR262W,0,-7.086302,0.4858666658401489,0.9110000133514404,0.09640000015497208
YLR037C,YGR057C,0,-7.089322,0.48560768365859985,0.9110000133514404,0.09650000184774399
YMR256C,YGR088W,0,-7.089608,0.48534896969795227,0.9110000133514404,0.0966000035405159
YCL064C,YEL016C,0,-7.090716,0.4850905239582062,0.9110000133514404,0.09669999778270721
YKL059C,YKL077W,0,-7.091883,0.4848323464393616,0.9110000133514404,0.09679999947547913
YGL070C,YKR072C,0,-7.093534,0.48457446694374084,0.9110000133514404,0.09690000116825104
YLR037C,YMR022W,0,-7.0968957,0.4843168556690216,0.9110000133514404,0.09700000286102295
YOR310C,YER161C,0,-7.097391,0.48405951261520386,0.9110000133514404,0.09709999710321426
YNL048W,YBR202W,0,-7.0973945,0.4838024377822876,0.9110000133514404,0.09719999879598618
YGR261C,YPL093W,0,-7.0990553,0.4835456609725952,0.9110000133514404,0.09730000048875809
YJL104W,YGR065C,0,-7.100284,0.48328912258148193,0.9110000133514404,0.09740000218153
YGR113W,YOL017W,0,-7.100333,0.48303288221359253,0.9110000133514404,0.09749999642372131
YNL110C,YML025C,1,-7.101642,0.4833068251609802,0.9120000004768372,0.09749999642372131
YMR246W,YNL169C,0,-7.1027913,0.4830508530139923,0.9120000004768372,0.09759999811649323
YOR358W,YGR191W,0,-7.1065693,0.4827951192855835,0.9120000004768372,0.09769999980926514
YGR192C,YGR211W,0,-7.107362,0.48253968358039856,0.9120000004768372,0.09780000150203705
YML121W,YEL004W,0,-7.1080866,0.4822845160961151,0.9120000004768372,0.09790000319480896
YER073W,YCR018C,0,-7.110633,0.48202958703041077,0.9120000004768372,0.09799999743700027
YNL185C,YER007C-A,0,-7.1107635,0.4817749559879303,0.9120000004768372,0.09809999912977219
YHR117W,YLR222C,0,-7.1124496,0.4815205931663513,0.9120000004768372,0.0982000008225441
YEL042W,YGL106W,0,-7.1124883,0.48126649856567383,0.9120000004768372,0.09830000251531601
YMR316W,YOR228C,0,-7.1132903,0.4810126721858978,0.9120000004768372,0.09839999675750732
YKL064W,YGL179C,0,-7.1135154,0.4807590842247009,0.9120000004768372,0.09849999845027924
YGR197C,YBR108W,0,-7.115577,0.4805057942867279,0.9120000004768372,0.09860000014305115
YNR058W,YGR289C,0,-7.115611,0.48025277256965637,0.9120000004768372,0.09870000183582306
YDR192C,YLR467W,0,-7.1160283,0.47999998927116394,0.9120000004768372,0.09880000352859497
YLR048W,YPL193W,1,-7.1162767,0.4802735447883606,0.9129999876022339,0.09880000352859497
YPR188C,YDR023W,0,-7.1175833,0.48002102971076965,0.9129999876022339,0.09889999777078629
YOR085W,YJL093C,0,-7.120099,0.4797687828540802,0.9129999876022339,0.0989999994635582
YKL029C,YDR201W,0,-7.1201267,0.47951680421829224,0.9129999876022339,0.09910000115633011
YOL061W,YNL244C,0,-7.1204786,0.47926509380340576,0.9129999876022339,0.09920000284910202
YGL113W,YML014W,0,-7.122546,0.4790136516094208,0.9129999876022339,0.09929999709129333
YNR052C,YJL025W,0,-7.124304,0.4787624478340149,0.9129999876022339,0.09939999878406525
YMR001C,YCR028C-A,0,-7.125921,0.4785115420818329,0.9129999876022339,0.09950000047683716
YMR211W,YER062C,0,-7.128124,0.47826087474823,0.9129999876022339,0.09960000216960907
YKL059C,YDR156W,0,-7.1297073,0.47801047563552856,0.9129999876022339,0.09969999641180038
YDR331W,YPR173C,0,-7.130645,0.47776034474372864,0.9129999876022339,0.0997999981045723
YDL123W,YKR020W,0,-7.131982,0.4775104522705078,0.9129999876022339,0.09989999979734421
YNL094W,YOR284W,0,-7.133195,0.47726085782051086,0.9129999876022339,0.10000000149011612
YBR029C,YMR013C,0,-7.133803,0.477011501789093,0.9129999876022339,0.10010000318288803
YOR063W,YPL193W,1,-7.1374855,0.47728458046913147,0.9139999747276306,0.10010000318288803
YKL089W,YBL039C,0,-7.138753,0.4770354926586151,0.9139999747276306,0.10019999742507935
YLR411W,YDR414C,0,-7.138987,0.47678664326667786,0.9139999747276306,0.10029999911785126
YOR032C,YMR104C,0,-7.1409855,0.4765380620956421,0.9139999747276306,0.10040000081062317
YOR133W,YML038C,0,-7.14427,0.4762897193431854,0.9139999747276306,0.10050000250339508
YLR333C,YPR063C,0,-7.144997,0.47604167461395264,0.9139999747276306,0.1005999967455864
YDR101C,YLL014W,0,-7.146248,0.47579386830329895,0.9139999747276306,0.1006999984383583
YDR009W,YNL194C,0,-7.149268,0.47554630041122437,0.9139999747276306,0.10080000013113022
YBR166C,YIL083C,0,-7.1500244,0.47529900074005127,0.9139999747276306,0.10090000182390213
YLR242C,YDR087C,0,-7.151739,0.47505196928977966,0.9139999747276306,0.10100000351667404
YGL136C,YKL211C,0,-7.1533933,0.47480520606040955,0.9139999747276306,0.10109999775886536
YER131W,YDR470C,0,-7.154269,0.47455868124961853,0.9139999747276306,0.10119999945163727
YPR156C,YDL124W,0,-7.154648,0.4743123948574066,0.9139999747276306,0.10130000114440918
YLR192C,YMR039C,0,-7.154885,0.4740663766860962,0.9139999747276306,0.10140000283718109
YFL001W,YJR129C,0,-7.1552763,0.47382062673568726,0.9139999747276306,0.1014999970793724
YML056C,YPL122C,0,-7.1562915,0.4735751152038574,0.9139999747276306,0.10159999877214432
YJL106W,YPL006W,0,-7.1569815,0.4733298718929291,0.9139999747276306,0.10170000046491623
YOR267C,YMR200W,0,-7.1572,0.4730848968029022,0.9139999747276306,0.10180000215768814
YLR448W,YML025C,1,-7.157986,0.4733574688434601,0.9150000214576721,0.10180000215768814
YDL236W,YLR367W,0,-7.161391,0.47311273217201233,0.9150000214576721,0.10189999639987946
YGL259W,YGL010W,0,-7.161976,0.4728682041168213,0.9150000214576721,0.10199999809265137
YDR252W,YDL134C,0,-7.162162,0.4726239740848541,0.9150000214576721,0.10209999978542328
YDR206W,YJL072C,0,-7.1643457,0.47237998247146606,0.9150000214576721,0.10220000147819519
YHL003C,YCR037C,0,-7.164896,0.4721362292766571,0.9150000214576721,0.1023000031709671
YLR221C,YML025C,1,-7.167733,0.4724084436893463,0.9160000085830688,0.1023000031709671
YHR115C,YBL005W-B,0,-7.169691,0.47216495871543884,0.9160000085830688,0.10239999741315842
YBR029C,YKL175W,0,-7.169804,0.4719216823577881,0.9160000085830688,0.10249999910593033
YDR140W,YNL221C,0,-7.1711993,0.4716786742210388,0.9160000085830688,0.10260000079870224
YBR135W,YMR128W,0,-7.171517,0.47143593430519104,0.9160000085830688,0.10270000249147415
YGR220C,YOR063W,1,-7.17255,0.471707820892334,0.9169999957084656,0.10270000249147415
YKL096W-A,YOR373W,0,-7.1750407,0.4714652895927429,0.9169999957084656,0.10279999673366547
YHR024C,YLR150W,0,-7.1755114,0.47122302651405334,0.9169999957084656,0.10289999842643738
YDR137W,YMR284W,0,-7.176593,0.47098100185394287,0.9169999957084656,0.10300000011920929
YER168C,YDR395W,0,-7.1769924,0.4707392156124115,0.9169999957084656,0.1031000018119812
YGR162W,YEL048C,0,-7.177612,0.4704976975917816,0.9169999957084656,0.10320000350475311
YAL021C,YLR325C,0,-7.1777864,0.47025641798973083,0.9169999957084656,0.10329999774694443
YDR100W,YHL028W,0,-7.178906,0.47001537680625916,0.9169999957084656,0.10339999943971634
YDR072C,YOL031C,0,-7.1795235,0.46977460384368896,0.9169999957084656,0.10350000113248825
YCR065W,YLR312W-A,0,-7.1795583,0.4695340394973755,0.9169999957084656,0.10360000282526016
YIL115C,YGR271W,0,-7.181348,0.4692937433719635,0.9169999957084656,0.10369999706745148
YJL039C,YML018C,0,-7.1815042,0.469053715467453,0.9169999957084656,0.10379999876022339
YBR192W,YDR045C,0,-7.190285,0.4688138961791992,0.9169999957084656,0.1039000004529953
YOL060C,YBR012W-A,0,-7.1904063,0.4685743451118469,0.9169999957084656,0.10400000214576721
YLR068W,YDR158W,0,-7.190624,0.46833503246307373,0.9169999957084656,0.10409999638795853
YML095C,YMR230W,0,-7.1915927,0.46809595823287964,0.9169999957084656,0.10419999808073044
YGR255C,YOL108C,0,-7.1961775,0.46785715222358704,0.9169999957084656,0.10429999977350235
YEL017C-A,YFR005C,0,-7.196647,0.46761855483055115,0.9169999957084656,0.10440000146627426
YDR331W,YOR233W,0,-7.197729,0.46738022565841675,0.9169999957084656,0.10450000315904617
YBR212W,YMR261C,0,-7.198101,0.46714213490486145,0.9169999957084656,0.10459999740123749
YDL240W,YPR118W,0,-7.198752,0.46690428256988525,0.9169999957084656,0.1046999990940094
YLR080W,YKL171W,0,-7.2004356,0.46666666865348816,0.9169999957084656,0.10480000078678131
YEL054C,YML025C,1,-7.200493,0.46693795919418335,0.9179999828338623,0.10480000078678131
YOL103W,YDR212W,0,-7.2008615,0.46670055389404297,0.9179999828338623,0.10490000247955322
YGR267C,YHR077C,0,-7.2017794,0.4664634168148041,0.9179999828338623,0.10499999672174454
YJL063C,YLR372W,0,-7.2032976,0.4662265181541443,0.9179999828338623,0.10509999841451645
YKR100C,YLR119W,0,-7.2041826,0.4659898579120636,0.9179999828338623,0.10520000010728836
YDR524C,YGR227W,0,-7.2050457,0.465753436088562,0.9179999828338623,0.10530000180006027
YMR323W,YLL023C,0,-7.2070866,0.4655172526836395,0.9179999828338623,0.10540000349283218
YGL256W,YDL010W,0,-7.207171,0.46528130769729614,0.9179999828338623,0.1054999977350235
YDL171C,YBR130C,0,-7.207332,0.46504560112953186,0.9179999828338623,0.10559999942779541
YMR323W,YCL027W,0,-7.20843,0.4648101329803467,0.9179999828338623,0.10570000112056732
YMR307W,YOR287C,0,-7.212206,0.4645749032497406,0.9179999828338623,0.10580000281333923
YBR092C,YDL138W,0,-7.2133355,0.4643399119377136,0.9179999828338623,0.10589999705553055
YHL004W,YPL243W,0,-7.214346,0.46410515904426575,0.9179999828338623,0.10599999874830246
YOR267C,YJR035W,0,-7.214768,0.463870644569397,0.9179999828338623,0.10610000044107437
YGR023W,YER104W,0,-7.2166157,0.4636363685131073,0.9179999828338623,0.10620000213384628
YGL068W,YPL022W,0,-7.2170577,0.46340233087539673,0.9179999828338623,0.1062999963760376
YMR120C,YMR312W,0,-7.2194123,0.46316850185394287,0.9179999828338623,0.10639999806880951
YHR069C,YOR195W,0,-7.2199416,0.4629349410533905,0.9179999828338623,0.10649999976158142
YBL026W,YGL201C,0,-7.222217,0.46270161867141724,0.9179999828338623,0.10660000145435333
YGL097W,YDR260C,0,-7.223527,0.4624685049057007,0.9179999828338623,0.10670000314712524
YNL294C,YER144C,0,-7.2236395,0.4622356593608856,0.9179999828338623,0.10679999738931656
YPR191W,YOL028C,0,-7.2268715,0.46200302243232727,0.9179999828338623,0.10689999908208847
YEL058W,YDR472W,0,-7.227328,0.461770623922348,0.9179999828338623,0.10700000077486038
YPR192W,YIL106W,0,-7.227683,0.4615384638309479,0.9179999828338623,0.1071000024676323
YNR020C,YLL045C,0,-7.2315784,0.46130654215812683,0.9179999828338623,0.10719999670982361
YPL211W,YML025C,1,-7.233511,0.46157708764076233,0.9190000295639038,0.10719999670982361
YDR512C,YPL186C,0,-7.2346725,0.461345374584198,0.9190000295639038,0.10729999840259552
YOR319W,YPR042C,0,-7.2350516,0.46111389994621277,0.9190000295639038,0.10740000009536743
YOR281C,YGR063C,0,-7.2380486,0.46088263392448425,0.9190000295639038,0.10750000178813934
YEL042W,YOR123C,0,-7.2401543,0.4606516361236572,0.9190000295639038,0.10760000348091125
YOL090W,YDL081C,0,-7.242356,0.4604208469390869,0.9190000295639038,0.10769999772310257
YDR072C,YBL039C,0,-7.2428846,0.4601902961730957,0.9190000295639038,0.10779999941587448
YGR220C,YML024W,1,-7.2432203,0.46046045422554016,0.9200000166893005,0.10779999941587448
YGR220C,YLR448W,1,-7.2446485,0.4607303738594055,0.9210000038146973,0.10779999941587448
YDR418W,YML025C,1,-7.2467365,0.460999995470047,0.921999990940094,0.10779999941587448
YBR207W,YFR040W,0,-7.2467465,0.4607696235179901,0.921999990940094,0.10790000110864639
YML049C,YJR029W,0,-7.2469883,0.46053946018218994,0.921999990940094,0.1080000028014183
YOR058C,YPR174C,0,-7.2507286,0.46030953526496887,0.921999990940094,0.10809999704360962
YGL055W,YCR073C,0,-7.25303,0.4600798487663269,0.921999990940094,0.10819999873638153
YHR119W,YNR012W,0,-7.2546124,0.45985037088394165,0.921999990940094,0.10830000042915344
YGL070C,YDR494W,0,-7.254697,0.4596211314201355,0.921999990940094,0.10840000212192535
YGR220C,YCL031C,1,-7.2579694,0.4598903954029083,0.9229999780654907,0.10840000212192535
YDR156W,YKL196C,0,-7.2582097,0.4596613645553589,0.9229999780654907,0.10849999636411667
YLR459W,YLR185W,0,-7.2588816,0.45943254232406616,0.9229999780654907,0.10859999805688858
YDR251W,YLL023C,0,-7.2590675,0.4592039883136749,0.9229999780654907,0.10869999974966049
YKL203C,YEL043W,0,-7.264982,0.4589756429195404,0.9229999780654907,0.1088000014424324
YHR085W,YML025C,1,-7.265182,0.4592445194721222,0.9240000247955322,0.1088000014424324
YDR140W,YGR192C,0,-7.265298,0.4590163826942444,0.9240000247955322,0.10890000313520432
YIL034C,YLR194C,0,-7.265799,0.4587884843349457,0.9240000247955322,0.10899999737739563
YJR152W,YOR084W,0,-7.2660375,0.4585607945919037,0.9240000247955322,0.10909999907016754
YNR032C-A,YER019W,0,-7.267677,0.4583333432674408,0.9240000247955322,0.10920000076293945
YNL112W,YLR209C,0,-7.2709227,0.4581061005592346,0.9240000247955322,0.10930000245571136
YLR186W,YGR275W,0,-7.2755537,0.45787909626960754,0.9240000247955322,0.10939999669790268
YCL038C,YGR087C,0,-7.278592,0.4576523005962372,0.9240000247955322,0.10949999839067459
YCR002C,YOL019W,0,-7.2803793,0.4574257433414459,0.9240000247955322,0.1096000000834465
YGR157W,YKL057C,0,-7.2809224,0.4571993947029114,0.9240000247955322,0.10970000177621841
YOL076W,YER091C,0,-7.2863073,0.45697328448295593,0.9240000247955322,0.10980000346899033
YHR061C,YDR143C,0,-7.2863803,0.4567474126815796,0.9240000247955322,0.10989999771118164
YJR047C,YMR032W,0,-7.287017,0.45652174949645996,0.9240000247955322,0.10999999940395355
YAR031W,YPR098C,0,-7.287118,0.45629629492759705,0.9240000247955322,0.11010000109672546
YJL203W,YGR104C,0,-7.287311,0.45607107877731323,0.9240000247955322,0.11020000278949738
YBR092C,YGR091W,0,-7.2877326,0.45584607124328613,0.9240000247955322,0.11029999703168869
YOR317W,YDL128W,0,-7.2887735,0.45562130212783813,0.9240000247955322,0.1103999987244606
YNR059W,YIL037C,0,-7.2906356,0.45539674162864685,0.9240000247955322,0.11050000041723251
YBL082C,YDR393W,0,-7.2912655,0.45517241954803467,0.9240000247955322,0.11060000211000443
YBL051C,YLR061W,0,-7.2918983,0.4549483060836792,0.9240000247955322,0.11069999635219574
YDL227C,YKL024C,0,-7.293162,0.45472440123558044,0.9240000247955322,0.11079999804496765
YDR435C,YDR137W,0,-7.294958,0.4545007348060608,0.9240000247955322,0.11089999973773956
YLR263W,YGR213C,0,-7.295228,0.45427727699279785,0.9240000247955322,0.11100000143051147
YDR228C,YDL133C-A,0,-7.2954235,0.454054057598114,0.9240000247955322,0.11110000312328339
YGL168W,YJL039C,0,-7.2960625,0.4538310468196869,0.9240000247955322,0.1111999973654747
YAR071W,YKL214C,0,-7.3000293,0.4536082446575165,0.9240000247955322,0.11129999905824661
YPR017C,YBR159W,0,-7.301577,0.45338568091392517,0.9240000247955322,0.11140000075101852
YHR170W,YML025C,1,-7.3018494,0.4536537528038025,0.925000011920929,0.11140000075101852
YPR111W,YOR036W,0,-7.3026414,0.4534313678741455,0.925000011920929,0.11150000244379044
YKR090W,YPR110C,0,-7.304592,0.4532092213630676,0.925000011920929,0.11159999668598175
YNL126W,YPR016C,0,-7.3075542,0.4529872536659241,0.925000011920929,0.11169999837875366
YJL191W,YML025C,1,-7.307748,0.4532550275325775,0.9259999990463257,0.11169999837875366
YEL018W,YGR027C,0,-7.307836,0.4530332684516907,0.9259999990463257,0.11180000007152557
YPL192C,YLL011W,0,-7.308383,0.45281174778938293,0.9259999990463257,0.11190000176429749
YNL214W,YDR452W,0,-7.3089614,0.4525904059410095,0.9259999990463257,0.1120000034570694
YOL145C,YER107C,0,-7.310774,0.4523693323135376,0.9259999990463257,0.11209999769926071
YBR244W,YJR051W,0,-7.3141103,0.4521484375,0.9259999990463257,0.11219999939203262
YPL159C,YMR291W,0,-7.314932,0.4519277811050415,0.9259999990463257,0.11230000108480453
YOR080W,YKR079C,0,-7.3152742,0.45170730352401733,0.9259999990463257,0.11240000277757645
YGL049C,YDR259C,0,-7.315491,0.45148709416389465,0.9259999990463257,0.11249999701976776
YNL099C,YGR195W,0,-7.31776,0.4512670636177063,0.9259999990463257,0.11259999871253967
YML011C,YLL034C,0,-7.322249,0.45104724168777466,0.9259999990463257,0.11270000040531158
YGL045W,YKL126W,0,-7.322749,0.4508276581764221,0.9259999990463257,0.1128000020980835
YER183C,YER151C,0,-7.323512,0.4506082832813263,0.9259999990463257,0.11289999634027481
YML064C,YER007C-A,0,-7.323558,0.4503891170024872,0.9259999990463257,0.11299999803304672
YGR224W,YEL041W,0,-7.3248467,0.4501701593399048,0.9259999990463257,0.11309999972581863
YML078W,YCR065W,0,-7.327679,0.4499514102935791,0.9259999990463257,0.11320000141859055
YIL110W,YMR149W,0,-7.327718,0.44973286986351013,0.9259999990463257,0.11330000311136246
YKL192C,YNL059C,0,-7.328734,0.44951456785202026,0.9259999990463257,0.11339999735355377
YLR319C,YGL029W,0,-7.3289285,0.4492964446544647,0.9259999990463257,0.11349999904632568
YOR267C,YOL156W,0,-7.328964,0.4490785598754883,0.9259999990463257,0.1136000007390976
YHR039C,YLL036C,0,-7.3298044,0.44886088371276855,0.9259999990463257,0.1137000024318695
YNL009W,YOR228C,0,-7.330977,0.44864341616630554,0.9259999990463257,0.11379999667406082
YPR201W,YDL216C,0,-7.3311915,0.44842615723609924,0.9259999990463257,0.11389999836683273
YLR044C,YDL224C,0,-7.3322,0.44820910692214966,0.9259999990463257,0.11400000005960464
YLR088W,YNL287W,0,-7.332596,0.4479922652244568,0.9259999990463257,0.11410000175237656
YBR154C,YDR146C,0,-7.334589,0.44777563214302063,0.9259999990463257,0.11420000344514847
YDL039C,YML088W,0,-7.3346562,0.4475592076778412,0.9259999990463257,0.11429999768733978
YKL154W,YGL231C,0,-7.3347254,0.44734299182891846,0.9259999990463257,0.1143999993801117
YHR123W,YER125W,0,-7.335067,0.44712698459625244,0.9259999990463257,0.1145000010728836
YGR145W,YGR004W,0,-7.33537,0.44691118597984314,0.9259999990463257,0.11460000276565552
YJR010C-A,YBR162W-A,0,-7.33591,0.44669559597969055,0.9259999990463257,0.11469999700784683
YLL062C,YMR131C,0,-7.336449,0.44648024439811707,0.9259999990463257,0.11479999870061874
YLR371W,YMR313C,0,-7.336727,0.4462650716304779,0.9259999990463257,0.11490000039339066
YGR088W,YBR005W,0,-7.3373175,0.44605010747909546,0.9259999990463257,0.11500000208616257
YOR260W,YDL043C,0,-7.3376055,0.4458353519439697,0.9259999990463257,0.11509999632835388
YHR088W,YML025C,1,-7.3404694,0.4461020231246948,0.9269999861717224,0.11509999632835388
YBL076C,YDL039C,0,-7.3413053,0.4458874464035034,0.9269999861717224,0.1151999980211258
YLR223C,YJL189W,0,-7.341676,0.4456730782985687,0.9269999861717224,0.1152999997138977
YNR067C,YNL106C,0,-7.341851,0.44545891880989075,0.9269999861717224,0.11540000140666962
YMR138W,YFL026W,0,-7.342428,0.4452449679374695,0.9269999861717224,0.11550000309944153
YJL090C,YKL181W,0,-7.3424997,0.44503119587898254,0.9269999861717224,0.11559999734163284
YBR066C,YOR313C,0,-7.342958,0.4448176622390747,0.9269999861717224,0.11569999903440475
YBR159W,YKL081W,0,-7.3445334,0.4446043074131012,0.9269999861717224,0.11580000072717667
YPL169C,YGL136C,0,-7.3488197,0.4443911910057068,0.9269999861717224,0.11590000241994858
YDR376W,YKL212W,0,-7.3489,0.4441782534122467,0.9269999861717224,0.11599999666213989
YGL116W,YLR268W,0,-7.3513403,0.44396552443504333,0.9269999861717224,0.1160999983549118
YDR280W,YEL048C,0,-7.3516507,0.4437530040740967,0.9269999861717224,0.11620000004768372
YFL048C,YDR531W,0,-7.3544483,0.44354066252708435,0.9269999861717224,0.11630000174045563
YBL026W,YPL233W,0,-7.356726,0.4433285593986511,0.9269999861717224,0.11640000343322754
YCR031C,YML025C,1,-7.3568206,0.44359463453292847,0.9279999732971191,0.11640000343322754
YLR332W,YJL048C,0,-7.3570647,0.44338271021842957,0.9279999732971191,0.11649999767541885
YBL022C,YDL007W,0,-7.35937,0.443170964717865,0.9279999732971191,0.11659999936819077
YGR214W,YML025C,1,-7.3594885,0.44343674182891846,0.9290000200271606,0.11659999936819077
YOR278W,YHR003C,0,-7.3595614,0.4432252049446106,0.9290000200271606,0.11670000106096268
YLR214W,YBR141C,0,-7.359785,0.4430138170719147,0.9290000200271606,0.11680000275373459
YJR045C,YKL034W,0,-7.3602657,0.44280266761779785,0.9290000200271606,0.1168999969959259
YMR312W,YKL057C,0,-7.3611097,0.44259169697761536,0.9290000200271606,0.11699999868869781
YKL130C,YOR297C,0,-7.363206,0.44238096475601196,0.9290000200271606,0.11710000038146973
YAR033W,YPR003C,0,-7.3636975,0.4421703815460205,0.9290000200271606,0.11720000207424164
YPL026C,YHR138C,0,-7.363987,0.44196003675460815,0.9290000200271606,0.11729999631643295
YDR335W,YLR315W,0,-7.364905,0.4417498707771301,0.9290000200271606,0.11739999800920486
YGL016W,YKR078W,0,-7.3657637,0.4415399134159088,0.9290000200271606,0.11749999970197678
YGR220C,YDR418W,1,-7.366604,0.4418052136898041,0.9300000071525574,0.11749999970197678
YGL241W,YPL220W,0,-7.3670263,0.4415954351425171,0.9300000071525574,0.11760000139474869
YGR057C,YGL113W,0,-7.367673,0.4413858652114868,0.9300000071525574,0.1177000030875206
YGR052W,YHR001W-A,0,-7.3679786,0.44117647409439087,0.9300000071525574,0.11779999732971191
YGR216C,YMR061W,0,-7.3679924,0.44096729159355164,0.9300000071525574,0.11789999902248383
YGR275W,YGR104C,0,-7.368023,0.44075828790664673,0.9300000071525574,0.11800000071525574
YKL160W,YNL186W,0,-7.370975,0.44054949283599854,0.9300000071525574,0.11810000240802765
YNR010W,YDR306C,0,-7.3709917,0.44034090638160706,0.9300000071525574,0.11819999665021896
YLR284C,YGL124C,0,-7.3712115,0.4401324987411499,0.9300000071525574,0.11829999834299088
YHR024C,YPR186C,0,-7.373083,0.43992429971694946,0.9300000071525574,0.11840000003576279
YPL213W,YMR077C,0,-7.3732576,0.43971630930900574,0.9300000071525574,0.1185000017285347
YBL098W,YLR312W-A,0,-7.374009,0.43950849771499634,0.9300000071525574,0.11860000342130661
YIL034C,YBL050W,0,-7.374537,0.43930089473724365,0.9300000071525574,0.11869999766349792
YOR054C,YGL185C,0,-7.3746104,0.4390934705734253,0.9300000071525574,0.11879999935626984
YPR073C,YCR037C,0,-7.375777,0.43888625502586365,0.9300000071525574,0.11890000104904175
YOL111C,YPL234C,0,-7.3773603,0.4386792480945587,0.9300000071525574,0.11900000274181366
YDR533C,YIR014W,0,-7.379148,0.4384724199771881,0.9300000071525574,0.11909999698400497
YIL010W,YBR222C,0,-7.3797946,0.4382658004760742,0.9300000071525574,0.11919999867677689
YNL005C,YPL079W,0,-7.381625,0.43805935978889465,0.9300000071525574,0.1193000003695488
YGL243W,YPL063W,0,-7.381974,0.4378530979156494,0.9300000071525574,0.11940000206232071
YMR068W,YPL280W,0,-7.382864,0.4376470446586609,0.9300000071525574,0.11949999630451202
YOR026W,YGR280C,0,-7.3851223,0.4374412000179291,0.9300000071525574,0.11959999799728394
YKL086W,YPR080W,0,-7.38572,0.4372355341911316,0.9300000071525574,0.11969999969005585
YHR120W,YBR049C,0,-7.3862777,0.4370300769805908,0.9300000071525574,0.11980000138282776
YKR096W,YLL067C,0,-7.3889256,0.4368247985839844,0.9300000071525574,0.11990000307559967
YKL182W,YMR142C,0,-7.389237,0.43661972880363464,0.9300000071525574,0.11999999731779099
YMR226C,YIL067C,0,-7.3917027,0.43641483783721924,0.9300000071525574,0.1200999990105629
YLR398C,YCL019W,0,-7.3924665,0.43621012568473816,0.9300000071525574,0.12020000070333481
YLR300W,YOR153W,0,-7.393318,0.4360056221485138,0.9300000071525574,0.12030000239610672
YOR040W,YGL010W,0,-7.3936872,0.43580129742622375,0.9300000071525574,0.12039999663829803
YIR023W,YAL026C,0,-7.3940873,0.43559718132019043,0.9300000071525574,0.12049999833106995
YMR299C,YGR145W,0,-7.394174,0.43539324402809143,0.9300000071525574,0.12060000002384186
YNR007C,YDL170W,0,-7.3941965,0.43518951535224915,0.9300000071525574,0.12070000171661377
YGR041W,YGL083W,0,-7.394499,0.4349859654903412,0.9300000071525574,0.12080000340938568
YLR259C,YJR118C,0,-7.395769,0.43478259444236755,0.9300000071525574,0.120899997651577
YOR351C,YML118W,0,-7.395823,0.43457943201065063,0.9300000071525574,0.12099999934434891
YER155C,YNL016W,0,-7.3963823,0.43437644839286804,0.9300000071525574,0.12110000103712082
YBR176W,YIR026C,0,-7.3981056,0.43417367339134216,0.9300000071525574,0.12120000272989273
YDR424C,YGR145W,0,-7.3981495,0.4339710772037506,0.9300000071525574,0.12129999697208405
YGR004W,YNL186W,0,-7.3984795,0.4337686598300934,0.9300000071525574,0.12139999866485596
YGR220C,YGR214W,1,-7.401702,0.4340326488018036,0.9309999942779541,0.12139999866485596
YNL032W,YGR024C,0,-7.401766,0.4338303804397583,0.9309999942779541,0.12150000035762787
YAL040C,YNL068C,0,-7.402357,0.4336283206939697,0.9309999942779541,0.12160000205039978
YPL001W,YLR432W,0,-7.4038486,0.4334264397621155,0.9309999942779541,0.1216999962925911
YGL092W,YBR130C,0,-7.4041615,0.43322476744651794,0.9309999942779541,0.121799997985363
YNL051W,YMR228W,0,-7.4047194,0.43302324414253235,0.9309999942779541,0.12189999967813492
YOR144C,YKR025W,0,-7.4055934,0.43282192945480347,0.9309999942779541,0.12200000137090683
YBL005W,YIL023C,0,-7.4069004,0.4326208233833313,0.9309999942779541,0.12210000306367874
YBR145W,YGL087C,0,-7.408605,0.43241986632347107,0.9309999942779541,0.12219999730587006
YOR202W,YOR216C,0,-7.408659,0.43221911787986755,0.9309999942779541,0.12229999899864197
YNL038W,YGL213C,0,-7.4093113,0.43201854825019836,0.9309999942779541,0.12240000069141388
YGL044C,YLR441C,0,-7.410658,0.4318181872367859,0.9309999942779541,0.12250000238418579
YOL058W,YDR122W,0,-7.4111814,0.43161797523498535,0.9309999942779541,0.1225999966263771
YHR142W,YMR121C,0,-7.412109,0.43141797184944153,0.9309999942779541,0.12269999831914902
YCR037C,YHR080C,0,-7.41718,0.43121814727783203,0.9309999942779541,0.12280000001192093
YDR235W,YPL214C,0,-7.4179254,0.43101853132247925,0.9309999942779541,0.12290000170469284
YML086C,YJL063C,0,-7.419076,0.4308190643787384,0.9309999942779541,0.12300000339746475
YBR041W,YOR298W,0,-7.4191093,0.4306198060512543,0.9309999942779541,0.12309999763965607
YMR140W,YBR012W-A,0,-7.4193606,0.43042072653770447,0.9309999942779541,0.12319999933242798
YJL033W,YML069W,0,-7.420128,0.430221825838089,0.9309999942779541,0.12330000102519989
YLR310C,YNL126W,0,-7.4207473,0.43002310395240784,0.9309999942779541,0.1234000027179718
YGL145W,YML045W,0,-7.4219294,0.429824560880661,0.9309999942779541,0.12349999696016312
YGR244C,YER190W,0,-7.4229994,0.4296261966228485,0.9309999942779541,0.12359999865293503
YCR003W,YGR089W,0,-7.4231434,0.4294280409812927,0.9309999942779541,0.12370000034570694
YHR211W,YLR466W,0,-7.423569,0.42923006415367126,0.9309999942779541,0.12380000203847885
YPL217C,YGR220C,1,-7.423724,0.42949309945106506,0.9319999814033508,0.12380000203847885
YOR202W,YPL138C,0,-7.4242067,0.42929524183273315,0.9319999814033508,0.12389999628067017
YGR246C,YJR138W,0,-7.424427,0.42909759283065796,0.9319999814033508,0.12399999797344208
YMR094W,YMR207C,0,-7.4274187,0.4289001524448395,0.9319999814033508,0.12409999966621399
YDR295C,YPL138C,0,-7.4280925,0.42870286107063293,0.9319999814033508,0.1242000013589859
YKR068C,YKL049C,0,-7.4291162,0.4285057485103607,0.9319999814033508,0.12430000305175781
YOR033C,YER165W,0,-7.4301467,0.4283088147640228,0.9319999814033508,0.12439999729394913
YJL041W,YML005W,0,-7.4309254,0.42811208963394165,0.9319999814033508,0.12449999898672104
YMR213W,YKL075C,0,-7.431094,0.4279155135154724,0.9319999814033508,0.12460000067949295
YBL097W,YGL254W,0,-7.4317517,0.4277191460132599,0.9319999814033508,0.12470000237226486
YNR075W,YMR246W,0,-7.4353986,0.4275229275226593,0.9319999814033508,0.12479999661445618
YLR026C,YJL054W,0,-7.435734,0.42732691764831543,0.9319999814033508,0.12489999830722809
YLR332W,YOL129W,0,-7.4359136,0.4271310865879059,0.9319999814033508,0.125
YPL240C,YMR101C,0,-7.437591,0.4269354045391083,0.9319999814033508,0.1251000016927719
YNL284C,YOR004W,0,-7.4386196,0.4267399311065674,0.9319999814033508,0.12520000338554382
YGR174C,YMR071C,0,-7.438697,0.4265446364879608,0.9319999814033508,0.12530000507831573
YOL137W,YBL008W,0,-7.4388714,0.4263494908809662,0.9319999814033508,0.12540000677108765
YDR025W,YPL193W,1,-7.4393544,0.4266118109226227,0.9330000281333923,0.12540000677108765
YKL129C,YKL218C,0,-7.439979,0.42641681432724,0.9330000281333923,0.12549999356269836
YMR015C,YIL013C,0,-7.4403715,0.426222026348114,0.9330000281333923,0.12559999525547028
YDR261C,YBR077C,0,-7.4418335,0.4260273873806,0.9330000281333923,0.1256999969482422
YDR322W,YBR153W,0,-7.4457765,0.42583295702934265,0.9330000281333923,0.1257999986410141
YER174C,YBL025W,0,-7.446017,0.42563867568969727,0.9330000281333923,0.125900000333786
YBR158W,YBR186W,0,-7.44705,0.4254446029663086,0.9330000281333923,0.12600000202655792
YLR227C,YPL022W,0,-7.4489737,0.42525067925453186,0.9330000281333923,0.12610000371932983
YCR046C,YPL082C,0,-7.450049,0.42505693435668945,0.9330000281333923,0.12620000541210175
YHR037W,YPL249C-A,0,-7.4515266,0.42486339807510376,0.9330000281333923,0.12630000710487366
YER069W,YBR291C,0,-7.4521484,0.42467001080513,0.9330000281333923,0.12639999389648438
YPL104W,YGR089W,0,-7.4525394,0.4244768023490906,0.9330000281333923,0.1264999955892563
YOR336W,YNL115C,0,-7.453982,0.4242837727069855,0.9330000281333923,0.1265999972820282
YBL082C,YPL128C,0,-7.454645,0.4240909218788147,0.9330000281333923,0.1266999989748001
YMR238W,YLR023C,0,-7.45551,0.42389822006225586,0.9330000281333923,0.12680000066757202
YLR194C,YNR004W,0,-7.455532,0.42370572686195374,0.9330000281333923,0.12690000236034393
YJL092W,YNL067W,0,-7.456852,0.42351338267326355,0.9330000281333923,0.12700000405311584
YNL003C,YOR212W,0,-7.459425,0.4233212471008301,0.9330000281333923,0.12710000574588776
YBR048W,YCL031C,1,-7.4601974,0.4235827624797821,0.9340000152587891,0.12710000574588776
YPR088C,YPR174C,0,-7.4616575,0.4233907461166382,0.9340000152587891,0.12720000743865967
YBL040C,YML048W,0,-7.4631586,0.4231989085674286,0.9340000152587891,0.12729999423027039
YLR088W,YNL301C,0,-7.463489,0.4230072498321533,0.9340000152587891,0.1273999959230423
YDL056W,YHR042W,0,-7.4637775,0.42281574010849,0.9340000152587891,0.1274999976158142
YDL213C,YIL083C,0,-7.4648337,0.4226244390010834,0.9340000152587891,0.12759999930858612
YOR049C,YER104W,0,-7.466507,0.4224332869052887,0.9340000152587891,0.12770000100135803
YOR085W,YGR095C,0,-7.467001,0.42224231362342834,0.9340000152587891,0.12780000269412994
YML071C,YKL188C,0,-7.4674335,0.4220515191555023,0.9340000152587891,0.12790000438690186
YIR041W,YOR003W,0,-7.467816,0.42186087369918823,0.9340000152587891,0.12800000607967377
YKL015W,YJR027W,0,-7.4685802,0.42167043685913086,0.9340000152587891,0.12809999287128448
YFR006W,YLR040C,0,-7.4686594,0.4214801490306854,0.9340000152587891,0.1281999945640564
YPL012W,YDR515W,0,-7.469124,0.4212900400161743,0.9340000152587891,0.1282999962568283
YDR099W,YGR044C,0,-7.4708796,0.42110008001327515,0.9340000152587891,0.12839999794960022
YBR158W,YJL134W,0,-7.4714594,0.4209103286266327,0.9340000152587891,0.12849999964237213
YHR061C,YDR397C,0,-7.471469,0.4207207262516022,0.9340000152587891,0.12860000133514404
YNL216W,YPL158C,0,-7.474264,0.420531302690506,0.9340000152587891,0.12870000302791595
YOR301W,YKR001C,0,-7.475712,0.42034202814102173,0.9340000152587891,0.12880000472068787
YLR411W,YPR112C,0,-7.4757547,0.4201529324054718,0.9340000152587891,0.12890000641345978
YNL117W,YDL138W,0,-7.4759316,0.4199640154838562,0.9340000152587891,0.1289999932050705
YGR142W,YLR213C,0,-7.4794626,0.4197752773761749,0.9340000152587891,0.1290999948978424
YIR023W,YOR243C,0,-7.479987,0.4195866882801056,0.9340000152587891,0.12919999659061432
YDR365C,YCL019W,0,-7.4809127,0.41939830780029297,0.9340000152587891,0.12929999828338623
YLR432W,YNR052C,0,-7.4814916,0.4192100465297699,0.9340000152587891,0.12939999997615814
YNR060W,YOL126C,0,-7.4815373,0.41902199387550354,0.9340000152587891,0.12950000166893005
YNL230C,YOR025W,0,-7.482974,0.4188340902328491,0.9340000152587891,0.12960000336170197
YER013W,YGR270W,0,-7.484122,0.41864633560180664,0.9340000152587891,0.12970000505447388
YLR214W,YGR195W,0,-7.484513,0.4184587895870209,0.9340000152587891,0.1298000067472458
YHL016C,YPR055W,0,-7.4850407,0.41827139258384705,0.9340000152587891,0.1298999935388565
YJR057W,YPL157W,0,-7.4854946,0.41808414459228516,0.9340000152587891,0.12999999523162842
YCL035C,YGL249W,0,-7.486626,0.41789710521698,0.9340000152587891,0.13009999692440033
YGR087C,YNL194C,0,-7.4886913,0.41771018505096436,0.9340000152587891,0.13019999861717224
YBL013W,YGR162W,0,-7.4900217,0.41752347350120544,0.9340000152587891,0.13030000030994415
YDR138W,YDR531W,0,-7.4912634,0.41733691096305847,0.9340000152587891,0.13040000200271606
YBR158W,YHR147C,0,-7.4922705,0.4171505272388458,0.9340000152587891,0.13050000369548798
YOR298W,YCR045C,0,-7.492345,0.4169642925262451,0.9340000152587891,0.1306000053882599
YNL031C,YDL236W,0,-7.494488,0.41677823662757874,0.9340000152587891,0.1307000070810318
YOL095C,YNR032C-A,0,-7.4947467,0.4165923297405243,0.9340000152587891,0.13079999387264252
YFR015C,YNL239W,0,-7.496271,0.4164066016674042,0.9340000152587891,0.13089999556541443
YJR083C,YBR130C,0,-7.496552,0.416221022605896,0.9340000152587891,0.13099999725818634
YKR067W,YMR304W,0,-7.4966826,0.41603562235832214,0.9340000152587891,0.13109999895095825
YGL216W,YGR178C,0,-7.4977493,0.4158504009246826,0.9340000152587891,0.13120000064373016
YOR119C,YBL060W,0,-7.498063,0.41566532850265503,0.9340000152587891,0.13130000233650208
YPR046W,YIL148W,0,-7.498205,0.41548043489456177,0.9340000152587891,0.131400004029274
YNL216W,YOR305W,0,-7.500059,0.41529569029808044,0.9340000152587891,0.1315000057220459
YLR251W,YPL176C,0,-7.5011516,0.41511112451553345,0.9340000152587891,0.1316000074148178
YBL013W,YKL205W,0,-7.503595,0.4149267077445984,0.9340000152587891,0.13169999420642853
YPR166C,YJL035C,0,-7.506027,0.41474243998527527,0.9340000152587891,0.13179999589920044
YNL163C,YPR139C,0,-7.5065923,0.41455838084220886,0.9340000152587891,0.13189999759197235
YIR012W,YML025C,1,-7.5069876,0.4148181080818176,0.9350000023841858,0.13189999759197235
YLL008W,YML025C,1,-7.5078893,0.4150775969028473,0.9359999895095825,0.13189999759197235
YEL015W,YPL118W,0,-7.508258,0.41489362716674805,0.9359999895095825,0.13199999928474426
YNL098C,YDL119C,0,-7.5083804,0.41470980644226074,0.9359999895095825,0.13210000097751617
YPR200C,YCL067C,0,-7.508673,0.4145261347293854,0.9359999895095825,0.13220000267028809
YDR379W,YOR019W,0,-7.509088,0.41434264183044434,0.9359999895095825,0.13230000436306
YML008C,YPL117C,0,-7.5094256,0.41415929794311523,0.9359999895095825,0.1324000060558319
YDL165W,YDR056C,0,-7.5096164,0.41397610306739807,0.9359999895095825,0.13249999284744263
YPR037C,YKL113C,0,-7.5116467,0.4137931168079376,0.9359999895095825,0.13259999454021454
YMR173W,YGR087C,0,-7.5119224,0.4136102497577667,0.9359999895095825,0.13269999623298645
YBL006C,YDL082W,0,-7.512125,0.41342756152153015,0.9359999895095825,0.13279999792575836
YGR038W,YML014W,0,-7.514387,0.4132450222969055,0.9359999895095825,0.13289999961853027
YJL122W,YML126C,0,-7.5151315,0.4130626618862152,0.9359999895095825,0.13300000131130219
YMR288W,YNL069C,0,-7.5151877,0.41288045048713684,0.9359999895095825,0.1331000030040741
YFR013W,YLR275W,0,-7.515864,0.4126984179019928,0.9359999895095825,0.133200004696846
YBR268W,YJL118W,0,-7.5158787,0.4125165343284607,0.9359999895095825,0.13330000638961792
YIL035C,YDL240W,0,-7.517408,0.4123347997665405,0.9359999895095825,0.13339999318122864
YOR048C,YEL048C,0,-7.517542,0.4121532440185547,0.9359999895095825,0.13349999487400055
YKL057C,YDR281C,0,-7.5177817,0.4119718372821808,0.9359999895095825,0.13359999656677246
YJL073W,YNL154C,0,-7.5213747,0.4117905795574188,0.9359999895095825,0.13369999825954437
YJR021C,YMR114C,0,-7.5215206,0.4116095006465912,0.9359999895095825,0.13379999995231628
YPR131C,YOL107W,0,-7.5233574,0.4114285707473755,0.9359999895095825,0.1339000016450882
YHR175W,YDR422C,0,-7.5235496,0.41124778985977173,0.9359999895095825,0.1340000033378601
YGL021W,YMR129W,0,-7.5236664,0.4110671877861023,0.9359999895095825,0.13410000503063202
YHR066W,YML025C,1,-7.5240993,0.41132572293281555,0.9369999766349792,0.13410000503063202
YOR375C,YDR487C,0,-7.524376,0.41114524006843567,0.9369999766349792,0.13420000672340393
YEL011W,YNR064C,0,-7.524658,0.4109649062156677,0.9369999766349792,0.13429999351501465
YBR121C,YOL054W,0,-7.5246773,0.4107847511768341,0.9369999766349792,0.13439999520778656
YMR189W,YAL043C,0,-7.5253034,0.4106047451496124,0.9369999766349792,0.13449999690055847
YHR043C,YOR099W,0,-7.5270686,0.4104248881340027,0.9369999766349792,0.13459999859333038
YJR109C,YFR029W,0,-7.5296955,0.4102451801300049,0.9369999766349792,0.1347000002861023
YLL009C,YPL225W,0,-7.5319448,0.4100656509399414,0.9369999766349792,0.1348000019788742
YOR197W,YOR048C,0,-7.5329638,0.40988627076148987,0.9369999766349792,0.13490000367164612
YOL058W,YHR058C,0,-7.5331283,0.40970703959465027,0.9369999766349792,0.13500000536441803
YCR088W,YNR017W,0,-7.5355215,0.4095279574394226,0.9369999766349792,0.13510000705718994
YLR229C,YGL115W,0,-7.5355635,0.4093490540981293,0.9369999766349792,0.13519999384880066
YLR260W,YBL075C,0,-7.5367208,0.4091702997684479,0.9369999766349792,0.13529999554157257
YDR121W,YKL058W,0,-7.5368624,0.4089916944503784,0.9369999766349792,0.13539999723434448
YOL108C,YOL126C,0,-7.5381546,0.4088132679462433,0.9369999766349792,0.1354999989271164
YOR028C,YIL117C,0,-7.5383344,0.4086349904537201,0.9369999766349792,0.1356000006198883
YNR013C,YDL055C,0,-7.5387006,0.40845683217048645,0.9369999766349792,0.13570000231266022
YHR116W,YBR195C,0,-7.539154,0.40827885270118713,0.9369999766349792,0.13580000400543213
YLR411W,YER052C,0,-7.5401735,0.40810105204582214,0.9369999766349792,0.13590000569820404
YHR174W,YDR237W,0,-7.540517,0.4079233705997467,0.9369999766349792,0.13600000739097595
YCL064C,YNL267W,0,-7.5422754,0.4077458679676056,0.9369999766349792,0.13609999418258667
YOR346W,YBL067C,0,-7.542544,0.4075685143470764,0.9369999766349792,0.13619999587535858
YOR128C,YLR312W-A,0,-7.5430527,0.4073913097381592,0.9369999766349792,0.1362999975681305
YGR124W,YFL010W-A,0,-7.5440245,0.4072142541408539,0.9369999766349792,0.1363999992609024
YNR060W,YCR039C,0,-7.5448184,0.4070373475551605,0.9369999766349792,0.13650000095367432
YIL073C,YBR139W,0,-7.54486,0.4068606197834015,0.9369999766349792,0.13660000264644623
YLR384C,YJL096W,0,-7.5463576,0.4066840410232544,0.9369999766349792,0.13670000433921814
YHR175W,YDR115W,0,-7.546759,0.40650758147239685,0.9369999766349792,0.13680000603199005
YGL096W,YGR122W,0,-7.5467734,0.40633130073547363,0.9369999766349792,0.13689999282360077
YPL053C,YAR071W,0,-7.547096,0.40615516901016235,0.9369999766349792,0.13699999451637268
YDL231C,YNL314W,0,-7.547587,0.4059792160987854,0.9369999766349792,0.1370999962091446
YOR233W,YPL063W,0,-7.5492764,0.405803382396698,0.9369999766349792,0.1371999979019165
YPL241C,YEL027W,0,-7.550577,0.40562769770622253,0.9369999766349792,0.13729999959468842
YDR302W,YJL062W,0,-7.5510163,0.4054521918296814,0.9369999766349792,0.13740000128746033
YGL135W,YDR510W,0,-7.552283,0.4052768051624298,0.9369999766349792,0.13750000298023224
YML067C,YNL297C,0,-7.552311,0.40510159730911255,0.9369999766349792,0.13760000467300415
YBR155W,YKL116C,0,-7.5545034,0.4049265384674072,0.9369999766349792,0.13770000636577606
YIL043C,YPL038W,0,-7.554719,0.40475162863731384,0.9369999766349792,0.13779999315738678
YJR137C,YDL188C,0,-7.555164,0.4045768678188324,0.9369999766349792,0.1378999948501587
YPL212C,YOR083W,0,-7.5557547,0.4044022560119629,0.9369999766349792,0.1379999965429306
YOR328W,YLR275W,0,-7.5582685,0.4042277932167053,0.9369999766349792,0.13809999823570251
YNR060W,YOR119C,0,-7.558533,0.4040534794330597,0.9369999766349792,0.13819999992847443
YAL011W,YDR531W,0,-7.558952,0.403879314661026,0.9369999766349792,0.13830000162124634
YKL073W,YEL053C,0,-7.562776,0.40370529890060425,0.9369999766349792,0.13840000331401825
YDR284C,YHR200W,0,-7.563091,0.40353143215179443,0.9369999766349792,0.13850000500679016
YER013W,YMR075W,0,-7.5642357,0.40335771441459656,0.9369999766349792,0.13860000669956207
YBL039C,YDR026C,0,-7.565631,0.403184175491333,0.9369999766349792,0.1386999934911728
YCL064C,YNL128W,0,-7.566016,0.403010755777359,0.9369999766349792,0.1387999951839447
YML094W,YNL102W,0,-7.566626,0.40283748507499695,0.9369999766349792,0.1388999968767166
YAR014C,YLR274W,0,-7.5668187,0.4026643633842468,0.9369999766349792,0.13899999856948853
YBR026C,YOL009C,0,-7.567214,0.40249142050743103,0.9369999766349792,0.13910000026226044
YOR319W,YKL143W,0,-7.5688553,0.4023185968399048,0.9369999766349792,0.13920000195503235
YCL008C,YOR081C,0,-7.5689607,0.4021459221839905,0.9369999766349792,0.13930000364780426
YPL106C,YIL127C,0,-7.570467,0.4019733965396881,0.9369999766349792,0.13940000534057617
YFL022C,YKR048C,0,-7.5704985,0.4018010199069977,0.9369999766349792,0.13950000703334808
YMR300C,YJL130C,0,-7.57084,0.4016287922859192,0.9369999766349792,0.1395999938249588
YBR057C,YBR014C,0,-7.5714207,0.40145671367645264,0.9369999766349792,0.1396999955177307
YPL255W,YGL115W,0,-7.572956,0.401284784078598,0.9369999766349792,0.13979999721050262
YCR098C,YBL033C,0,-7.573514,0.40111300349235535,0.9369999766349792,0.13989999890327454
YOR150W,YPL211W,1,-7.5758247,0.40136927366256714,0.9380000233650208,0.13989999890327454
YNR022C,YGL225W,0,-7.575931,0.401197612285614,0.9380000233650208,0.14000000059604645
YLR220W,YKL006C-A,0,-7.5761414,0.40102607011795044,0.9380000233650208,0.14010000228881836
YGL001C,YDL212W,0,-7.579123,0.4008547067642212,0.9380000233650208,0.14020000398159027
YDR176W,YLR409C,0,-7.579325,0.4006834626197815,0.9380000233650208,0.14030000567436218
YPL227C,YML008C,0,-7.5819187,0.4005123972892761,0.9380000233650208,0.1404000073671341
YLR244C,YPR133C,0,-7.58363,0.4003414511680603,0.9380000233650208,0.1404999941587448
YPR120C,YNR003C,0,-7.583883,0.4001706540584564,0.9380000233650208,0.14059999585151672
YOR150W,YJL191W,1,-7.5840526,0.40042644739151,0.9390000104904175,0.14059999585151672
YEL015W,YGL122C,0,-7.586341,0.4002557396888733,0.9390000104904175,0.14069999754428864
YLR423C,YHR012W,0,-7.5867505,0.4000852108001709,0.9390000104904175,0.14079999923706055
YBR146W,YPR101W,0,-7.5872903,0.39991483092308044,0.9390000104904175,0.14090000092983246
YGR178C,YGR063C,0,-7.5880737,0.39974457025527954,0.9390000104904175,0.14100000262260437
YDR046C,YMR236W,0,-7.588673,0.3995744585990906,0.9390000104904175,0.14110000431537628
YFL039C,YNR003C,0,-7.5887966,0.39940449595451355,0.9390000104904175,0.1412000060081482
YDR252W,YDR434W,0,-7.5888863,0.39923468232154846,0.9390000104904175,0.1412999927997589
YOR122C,YNL138W,0,-7.5915275,0.3990650177001953,0.9390000104904175,0.14139999449253082
YDR120C,YDR349C,0,-7.592437,0.3988955020904541,0.9390000104904175,0.14149999618530273
YOL095C,YIL038C,0,-7.5926056,0.39872610569000244,0.9390000104904175,0.14159999787807465
YKL142W,YLR040C,0,-7.592817,0.3985568881034851,0.9390000104904175,0.14169999957084656
YDR207C,YGR296W,0,-7.593927,0.3983877897262573,0.9390000104904175,0.14180000126361847
YNL137C,YKL181W,0,-7.594679,0.3982188403606415,0.9390000104904175,0.14190000295639038
YER102W,YOL028C,0,-7.595007,0.3980500102043152,0.9390000104904175,0.1420000046491623
YMR006C,YNR024W,0,-7.595938,0.3978813588619232,0.9390000104904175,0.1421000063419342
YJL065C,YDR450W,0,-7.5963926,0.3977128267288208,0.9390000104904175,0.14219999313354492
YPR151C,YGL098W,0,-7.596535,0.3975444436073303,0.9390000104904175,0.14229999482631683
YBL098W,YDL244W,0,-7.598256,0.3973762094974518,0.9390000104904175,0.14239999651908875
YLR274W,YGR240C,0,-7.598258,0.3972081243991852,0.9390000104904175,0.14249999821186066
YJR069C,YFL026W,0,-7.598452,0.39704015851020813,0.9390000104904175,0.14259999990463257
YDR439W,YFL026W,0,-7.60006,0.3968723714351654,0.9390000104904175,0.14270000159740448
YOR237W,YER103W,0,-7.600224,0.39670470356941223,0.9390000104904175,0.1428000032901764
YDR034C-C,YDR098C-B,0,-7.6019473,0.3965371549129486,0.9390000104904175,0.1429000049829483
YDL148C,YJR029W,0,-7.6023927,0.3963697850704193,0.9390000104904175,0.14300000667572021
YGL008C,YDR279W,0,-7.6030917,0.39620253443717957,0.9390000104904175,0.14309999346733093
YDR320C,YDR239C,0,-7.6030965,0.39603543281555176,0.9390000104904175,0.14319999516010284
YDL108W,YBR084C-A,0,-7.6036825,0.3958684802055359,0.9390000104904175,0.14329999685287476
YAL026C,YKL124W,0,-7.6039596,0.39570164680480957,0.9390000104904175,0.14339999854564667
YDL088C,YGL167C,0,-7.6047535,0.3955349624156952,0.9390000104904175,0.14350000023841858
YIL069C,YBR141C,0,-7.6048746,0.39536842703819275,0.9390000104904175,0.1436000019311905
YLL001W,YOR035C,0,-7.6054177,0.39520201086997986,0.9390000104904175,0.1437000036239624
YPR042C,YML072C,0,-7.6065364,0.3950357735157013,0.9390000104904175,0.14380000531673431
YPL082C,YNL221C,0,-7.6076326,0.3948696255683899,0.9390000104904175,0.14390000700950623
YBR133C,YPL183W-A,0,-7.6083636,0.3947036564350128,0.9390000104904175,0.14399999380111694
YEL003W,YHR063C,0,-7.6095057,0.3945378065109253,0.9390000104904175,0.14409999549388885
YDR380W,YPL100W,0,-7.6097493,0.3943721055984497,0.9390000104904175,0.14419999718666077
YMR276W,YJR118C,0,-7.610031,0.39420655369758606,0.9390000104904175,0.14429999887943268
YOR048C,YBL061C,0,-7.6102905,0.39404112100601196,0.9390000104904175,0.1444000005722046
YNR060W,YAL048C,0,-7.6103373,0.3938758373260498,0.9390000104904175,0.1445000022649765
YOR080W,YNL096C,0,-7.610465,0.3937107026576996,0.9390000104904175,0.1446000039577484
YLL062C,YBR181C,0,-7.6106024,0.3935456871986389,0.9390000104904175,0.14470000565052032
YNR060W,YDL230W,0,-7.6111913,0.3933808207511902,0.9390000104904175,0.14480000734329224
YER176W,YHR003C,0,-7.6130104,0.393216073513031,0.9390000104904175,0.14489999413490295
YLR203C,YGL022W,0,-7.613291,0.39305147528648376,0.9390000104904175,0.14499999582767487
YLR325C,YJL123C,0,-7.6133084,0.39288702607154846,0.9390000104904175,0.14509999752044678
YMR285C,YGR181W,0,-7.6139007,0.3927226960659027,0.9390000104904175,0.1451999992132187
YDL222C,YOR351C,0,-7.614244,0.3925585150718689,0.9390000104904175,0.1453000009059906
YBR034C,YIL070C,0,-7.614827,0.392394483089447,0.9390000104904175,0.1454000025987625
YBR039W,YFR030W,0,-7.6150923,0.3922305703163147,0.9390000104904175,0.14550000429153442
YDL215C,YGL183C,0,-7.615207,0.3920668065547943,0.9390000104904175,0.14560000598430634
YBR009C,YLR139C,0,-7.616244,0.3919031620025635,0.9390000104904175,0.14569999277591705
YLR150W,YDR348C,0,-7.6162834,0.3917396664619446,0.9390000104904175,0.14579999446868896
YDR137W,YHR060W,0,-7.61718,0.3915763199329376,0.9390000104904175,0.14589999616146088
YBL097W,YMR239C,0,-7.6176214,0.3914130926132202,0.9390000104904175,0.1459999978542328
YCR002C,YJR133W,0,-7.617879,0.39125001430511475,0.9390000104904175,0.1460999995470047
YBR004C,YJR139C,0,-7.61788,0.39108705520629883,0.9390000104904175,0.1462000012397766
YNL123W,YBL020W,0,-7.618449,0.39092421531677246,0.9390000104904175,0.14630000293254852
YLR102C,YCR068W,0,-7.6186266,0.3907615542411804,0.9390000104904175,0.14640000462532043
YLR113W,YBR213W,0,-7.620577,0.39059901237487793,0.9390000104904175,0.14650000631809235
YDL168W,YCR102C,0,-7.6220937,0.390436589717865,0.9390000104904175,0.14659999310970306
YJR134C,YGL160W,0,-7.622514,0.390274316072464,0.9390000104904175,0.14669999480247498
YNL023C,YPR033C,0,-7.6227493,0.39011216163635254,0.9390000104904175,0.1467999964952469
YHR119W,YDR349C,0,-7.6230063,0.389950156211853,0.9390000104904175,0.1468999981880188
YJR109C,YDR235W,0,-7.6234074,0.38978829979896545,0.9390000104904175,0.1469999998807907
YFR037C,YDR146C,0,-7.6241274,0.38962656259536743,0.9390000104904175,0.14710000157356262
YJL212C,YGR141W,0,-7.6241856,0.38946494460105896,0.9390000104904175,0.14720000326633453
YNR060W,YNL103W,0,-7.624355,0.3893034756183624,0.9390000104904175,0.14730000495910645
YOR044W,YLR035C,0,-7.626475,0.38914215564727783,0.9390000104904175,0.14740000665187836
YGR145W,YDR311W,0,-7.626651,0.3889809548854828,0.9390000104904175,0.14749999344348907
YER086W,YGL244W,0,-7.627111,0.3888198733329773,0.9390000104904175,0.147599995136261
YBR092C,YLR466W,0,-7.62753,0.38865894079208374,0.9390000104904175,0.1476999968290329
YOL011W,YDR109C,0,-7.6282744,0.38849812746047974,0.9390000104904175,0.1477999985218048
YLR045C,YOR008C-A,0,-7.6283436,0.38833746314048767,0.9390000104904175,0.14790000021457672
YLR348C,YPL121C,0,-7.629608,0.38817691802978516,0.9390000104904175,0.14800000190734863
YBL020W,YGL231C,0,-7.6319294,0.3880165219306946,0.9390000104904175,0.14810000360012054
YGR220C,YML073C,1,-7.6320295,0.388269305229187,0.9399999976158142,0.14810000360012054
YIL109C,YKR042W,0,-7.63262,0.3881089985370636,0.9399999976158142,0.14820000529289246
YOL023W,YNL304W,0,-7.6326613,0.38794881105422974,0.9399999976158142,0.14830000698566437
YGL148W,YOR316C,0,-7.632821,0.3877887725830078,0.9399999976158142,0.14839999377727509
YPR173C,YBL055C,0,-7.632923,0.38762885332107544,0.9399999976158142,0.148499995470047
YML073C,YML025C,1,-7.6331086,0.3878812789916992,0.9409999847412109,0.148499995470047
YGR098C,YIL147C,0,-7.634815,0.3877214789390564,0.9409999847412109,0.1485999971628189
YIL042C,YIL168W,0,-7.6362844,0.38756176829338074,0.9409999847412109,0.14869999885559082
YDR331W,YMR263W,0,-7.6388063,0.3874022364616394,0.9409999847412109,0.14880000054836273
YGR220C,YML025C,1,-7.6390333,0.3876543343067169,0.9419999718666077,0.14880000054836273
YOR092W,YER118C,0,-7.6399484,0.38749486207962036,0.9419999718666077,0.14890000224113464
YLR451W,YDL232W,0,-7.640152,0.38733553886413574,0.9419999718666077,0.14900000393390656
YBR005W,YDR368W,0,-7.6401772,0.3871763348579407,0.9419999718666077,0.14910000562667847
YGR178C,YLR337C,0,-7.640265,0.38701725006103516,0.9419999718666077,0.14920000731945038
YLR144C,YOR035C,0,-7.6405888,0.3868583142757416,0.9419999718666077,0.1492999941110611
YNL117W,YHR150W,0,-7.641848,0.38669949769973755,0.9419999718666077,0.149399995803833
YKL057C,YBR030W,0,-7.642231,0.38654083013534546,0.9419999718666077,0.14949999749660492
YDR461W,YJR052W,0,-7.6425085,0.3863822817802429,0.9419999718666077,0.14959999918937683
YGL151W,YOL004W,0,-7.642705,0.38622385263442993,0.9419999718666077,0.14970000088214874
YBR258C,YOL124C,0,-7.6434727,0.3860655725002289,0.9419999718666077,0.14980000257492065
YML091C,YER008C,0,-7.6434975,0.3859074115753174,0.9419999718666077,0.14990000426769257
YPL120W,YLL023C,0,-7.643729,0.3857493996620178,0.9419999718666077,0.15000000596046448
YER006W,YHL012W,0,-7.6437516,0.3855914771556854,0.9419999718666077,0.1500999927520752
YBR080C,YLR105C,0,-7.6440406,0.38543370366096497,0.9419999718666077,0.1501999944448471
YHR072W,YJL110C,0,-7.644249,0.38527607917785645,0.9419999718666077,0.15029999613761902
YLR006C,YPL186C,0,-7.6469755,0.3851185739040375,0.9419999718666077,0.15039999783039093
YNL112W,YNL005C,0,-7.6474056,0.38496118783950806,0.9419999718666077,0.15049999952316284
YFR036W,YPR133C,0,-7.6479287,0.3848039209842682,0.9419999718666077,0.15060000121593475
YOR257W,YOR267C,0,-7.6487207,0.38464680314064026,0.9419999718666077,0.15070000290870667
YDR524C,YNL152W,0,-7.6487327,0.3844898045063019,0.9419999718666077,0.15080000460147858
YAL038W,YNL282W,0,-7.6496096,0.38433292508125305,0.9419999718666077,0.1509000062942505
YPL232W,YOL125W,0,-7.6500187,0.38417619466781616,0.9419999718666077,0.1509999930858612
YBL060W,YEL048C,0,-7.651548,0.38401955366134644,0.9419999718666077,0.15109999477863312
YJL006C,YDR098C,0,-7.6527596,0.38386309146881104,0.9419999718666077,0.15119999647140503
YPL145C,YHR003C,0,-7.654993,0.3837067186832428,0.9419999718666077,0.15129999816417694
YGL086W,YKL042W,0,-7.655719,0.3835504949092865,0.9419999718666077,0.15139999985694885
YOR150W,YGR220C,1,-7.661047,0.3838013708591461,0.9430000185966492,0.15139999985694885
YNL059C,YLR042C,0,-7.664138,0.383645236492157,0.9430000185966492,0.15150000154972076
YDR288W,YDR170W-A,0,-7.664776,0.3834892213344574,0.9430000185966492,0.15160000324249268
YNR054C,YOR320C,0,-7.6660423,0.38333332538604736,0.9430000185966492,0.1517000049352646
YNL003C,YDR007W,0,-7.667258,0.38317757844924927,0.9430000185966492,0.1518000066280365
YLR332W,YNL339C,0,-7.669249,0.38302192091941833,0.9430000185966492,0.15189999341964722
YGL031C,YDL211C,0,-7.670766,0.38286641240119934,0.9430000185966492,0.15199999511241913
YDR420W,YNL261W,0,-7.671878,0.3827110528945923,0.9430000185966492,0.15209999680519104
YBL060W,YPR174C,0,-7.672007,0.3825557827949524,0.9430000185966492,0.15219999849796295
YJR097W,YKR096W,0,-7.6726785,0.38240066170692444,0.9430000185966492,0.15230000019073486
YOR038C,YLL061W,0,-7.672943,0.38224563002586365,0.9430000185966492,0.15240000188350677
YBR146W,YJR094W-A,0,-7.674355,0.3820907473564148,0.9430000185966492,0.1525000035762787
YOL133W,YNL339C,0,-7.6770105,0.3819360136985779,0.9430000185966492,0.1526000052690506
YDR261C,YJL157C,0,-7.677444,0.38178136944770813,0.9430000185966492,0.1527000069618225
YOR355W,YBR294W,0,-7.6791134,0.3816268742084503,0.9430000185966492,0.15279999375343323
YJL006C,YOL093W,0,-7.6791945,0.38147249817848206,0.9430000185966492,0.15289999544620514
YHR129C,YLR212C,0,-7.679351,0.38131824135780334,0.9430000185966492,0.15299999713897705
YGL047W,YDR512C,0,-7.679677,0.3811641037464142,0.9430000185966492,0.15309999883174896
YGR109C,YGL226C-A,0,-7.6801076,0.38101011514663696,0.9430000185966492,0.15320000052452087
YDR085C,YDR261C,0,-7.6802835,0.3808562159538269,0.9430000185966492,0.15330000221729279
YGR007W,YMR194W,0,-7.6807604,0.3807024657726288,0.9430000185966492,0.1534000039100647
YNL243W,YHR167W,0,-7.6811147,0.3805488348007202,0.9430000185966492,0.1535000056028366
YKL189W,YDL193W,0,-7.681132,0.3803953230381012,0.9430000185966492,0.15360000729560852
YER014W,YPL123C,0,-7.68118,0.38024193048477173,0.9430000185966492,0.15369999408721924
YKL194C,YNL061W,0,-7.6813602,0.3800886869430542,0.9430000185966492,0.15379999577999115
YMR251W-A,YJR066W,0,-7.6821446,0.37993553280830383,0.9430000185966492,0.15389999747276306
YML091C,YLR055C,0,-7.6826077,0.3797825276851654,0.9430000185966492,0.15399999916553497
YDL047W,YNL300W,0,-7.6850095,0.37962964177131653,0.9430000185966492,0.15410000085830688
YKR056W,YPR139C,0,-7.685189,0.3794768750667572,0.9430000185966492,0.1542000025510788
YER170W,YNL258C,0,-7.6868033,0.3793242275714874,0.9430000185966492,0.1543000042438507
YHR147C,YMR145C,0,-7.687029,0.3791716992855072,0.9430000185966492,0.15440000593662262
YLR431C,YOL030W,0,-7.6881,0.37901929020881653,0.9430000185966492,0.15449999272823334
YIL023C,YBL005W-A,0,-7.6901007,0.3788670003414154,0.9430000185966492,0.15459999442100525
YNL111C,YKL160W,0,-7.6903286,0.3787148594856262,0.9430000185966492,0.15469999611377716
YOL017W,YNR064C,0,-7.6911902,0.3785628378391266,0.9430000185966492,0.15479999780654907
YOR335C,YDL049C,0,-7.6918144,0.3784109055995941,0.9430000185966492,0.15489999949932098
YDR191W,YGL099W,0,-7.691944,0.3782591223716736,0.9430000185966492,0.1550000011920929
YML113W,YNL129W,0,-7.692224,0.3781074583530426,0.9430000185966492,0.1551000028848648
YDR315C,YIL168W,0,-7.692771,0.37795591354370117,0.9430000185966492,0.15520000457763672
YBR092C,YDR334W,0,-7.6929493,0.3778044879436493,0.9430000185966492,0.15530000627040863
YDR331W,YAL002W,0,-7.693724,0.37765318155288696,0.9430000185966492,0.15539999306201935
YGL031C,YFL038C,0,-7.695407,0.3775019943714142,0.9430000185966492,0.15549999475479126
YOR127W,YMR226C,0,-7.6977506,0.37735092639923096,0.9430000185966492,0.15559999644756317
YKL152C,YCR003W,0,-7.699401,0.37720000743865967,0.9430000185966492,0.15569999814033508
YPL028W,YPL090C,0,-7.700018,0.37704917788505554,0.9430000185966492,0.155799999833107
YPR042C,YJL093C,0,-7.7015834,0.37689846754074097,0.9430000185966492,0.1559000015258789
YLL018C-A,YBL016W,0,-7.7015905,0.37674790620803833,0.9430000185966492,0.15600000321865082
YLR226W,YJL039C,0,-7.701672,0.37659743428230286,0.9430000185966492,0.15610000491142273
YCR072C,YML025C,1,-7.7021055,0.3768463134765625,0.9440000057220459,0.15610000491142273
YER045C,YER119C,0,-7.7027016,0.3766959309577942,0.9440000057220459,0.15620000660419464
YBR048W,YML025C,1,-7.7027407,0.37694454193115234,0.9449999928474426,0.15620000660419464
YML042W,YLR237W,0,-7.7027626,0.3767942488193512,0.9449999928474426,0.15629999339580536
YNL129W,YKR060W,0,-7.7048087,0.3766440749168396,0.9449999928474426,0.15639999508857727
YLR451W,YDR334W,0,-7.7050757,0.37649402022361755,0.9449999928474426,0.15649999678134918
YKL011C,YLR268W,0,-7.7082963,0.37634408473968506,0.9449999928474426,0.1565999984741211
YDR395W,YGL112C,0,-7.7083635,0.3761942684650421,0.9449999928474426,0.156700000166893
YCR087C-A,YDL047W,0,-7.708581,0.3760445713996887,0.9449999928474426,0.15680000185966492
YOL065C,YJR051W,0,-7.7091002,0.3758949935436249,0.9449999928474426,0.15690000355243683
YNL188W,YKR072C,0,-7.71061,0.3757455348968506,0.9449999928474426,0.15700000524520874
YIR034C,YGR144W,0,-7.71292,0.37559619545936584,0.9449999928474426,0.15710000693798065
YNL223W,YEL006W,0,-7.713835,0.37544697523117065,0.9449999928474426,0.15719999372959137
YBR029C,YMR127C,0,-7.713859,0.3752978444099426,0.9449999928474426,0.15729999542236328
YML024W,YML025C,1,-7.7147617,0.375545859336853,0.9459999799728394,0.15729999542236328
YGL116W,YER171W,0,-7.715411,0.37539681792259216,0.9459999799728394,0.1573999971151352
YEL036C,YIL015W,0,-7.7160263,0.37524792551994324,0.9459999799728394,0.1574999988079071
YOL007C,YGL257C,0,-7.7172008,0.3750991225242615,0.9459999799728394,0.15760000050067902
YOR206W,YML025C,1,-7.717762,0.3753468096256256,0.9470000267028809,0.15760000050067902
YLR088W,YBR002C,0,-7.7181745,0.375198096036911,0.9470000267028809,0.15770000219345093
YGR195W,YNL126W,0,-7.719171,0.37504950165748596,0.9470000267028809,0.15780000388622284
YFL049W,YDR311W,0,-7.7207103,0.37490102648735046,0.9470000267028809,0.15790000557899475
YHR132C,YPL141C,0,-7.721252,0.3747526705265045,0.9470000267028809,0.15800000727176666
YGR289C,YKL126W,0,-7.7229395,0.3746044337749481,0.9470000267028809,0.15809999406337738
YGL219C,YKL094W,0,-7.7230625,0.3744563162326813,0.9470000267028809,0.1581999957561493
YGL062W,YOL067C,0,-7.724226,0.3743082880973816,0.9470000267028809,0.1582999974489212
YER069W,YNR064C,0,-7.7242866,0.37416040897369385,0.9470000267028809,0.15839999914169312
YOR124C,YNR064C,0,-7.724369,0.37401264905929565,0.9470000267028809,0.15850000083446503
YGL023C,YPL176C,0,-7.724783,0.3738649785518646,0.9470000267028809,0.15860000252723694
YFL057C,YEL011W,0,-7.7252064,0.37371745705604553,0.9470000267028809,0.15870000422000885
YPR034W,YBR141C,0,-7.72676,0.3735700249671936,0.9470000267028809,0.15880000591278076
YCL039W,YDL123W,0,-7.7269335,0.3734227120876312,0.9470000267028809,0.15889999270439148
YJR047C,YKL196C,0,-7.7273264,0.3732755184173584,0.9470000267028809,0.1589999943971634
YER056C-A,YGR181W,0,-7.7284536,0.3731284439563751,0.9470000267028809,0.1590999960899353
YKR099W,YML048W,0,-7.7295713,0.3729814887046814,0.9470000267028809,0.15919999778270721
YFR029W,YCL045C,0,-7.729587,0.3728346526622772,0.9470000267028809,0.15929999947547913
YOL090W,YBR097W,0,-7.7295947,0.3726879060268402,0.9470000267028809,0.15940000116825104
YNR057C,YBL005W-A,0,-7.730983,0.37254130840301514,0.9470000267028809,0.15950000286102295
YIL073C,YPL236C,0,-7.732505,0.3723948001861572,0.9470000267028809,0.15960000455379486
YPR005C,YHL008C,0,-7.7327714,0.37224844098091125,0.9470000267028809,0.15970000624656677
YGR220C,YOL144W,1,-7.733904,0.3724950850009918,0.9480000138282776,0.15970000624656677
YER069W,YIR008C,0,-7.7341185,0.3723487854003906,0.9480000138282776,0.1597999930381775
YML127W,YIL172C,0,-7.7344103,0.372202605009079,0.9480000138282776,0.1598999947309494
YNR058W,YDR104C,0,-7.735173,0.3720565140247345,0.9480000138282776,0.1599999964237213
YGR188C,YER087C-B,0,-7.735277,0.37191054224967957,0.9480000138282776,0.16009999811649323
YPR073C,YBL092W,0,-7.73543,0.3717647194862366,0.9480000138282776,0.16019999980926514
YNR044W,YGL021W,0,-7.7360497,0.37161898612976074,0.9480000138282776,0.16030000150203705
YCL064C,YNL251C,0,-7.736631,0.3714733421802521,0.9480000138282776,0.16040000319480896
YGR037C,YMR013C,0,-7.7370906,0.37132784724235535,0.9480000138282776,0.16050000488758087
YDR421W,YOR185C,0,-7.7371345,0.37118247151374817,0.9480000138282776,0.16060000658035278
YBR158W,YDR468C,0,-7.7373,0.37103718519210815,0.9480000138282776,0.1606999933719635
YIR019C,YDR011W,0,-7.7375903,0.3708920180797577,0.9480000138282776,0.1607999950647354
YJR161C,YOR003W,0,-7.737857,0.3707469701766968,0.9480000138282776,0.16089999675750732
YGR174C,YNL135C,0,-7.73896,0.3706020414829254,0.9480000138282776,0.16099999845027924
YBR021W,YBR271W,0,-7.740019,0.3704572021961212,0.9480000138282776,0.16110000014305115
YGR261C,YDR101C,0,-7.7407885,0.37031251192092896,0.9480000138282776,0.16120000183582306
YOR380W,YNL208W,0,-7.742074,0.37016791105270386,0.9480000138282776,0.16130000352859497
YDL017W,YGR040W,0,-7.74259,0.3700234293937683,0.9480000138282776,0.16140000522136688
YDR211W,YEL006W,0,-7.743042,0.3698790371417999,0.9480000138282776,0.1615000069141388
YOL113W,YMR160W,0,-7.7444496,0.3697347939014435,0.9480000138282776,0.1615999937057495
YPR200C,YAL002W,0,-7.745703,0.3695906400680542,0.9480000138282776,0.16169999539852142
YIL119C,YLR010C,0,-7.745998,0.36944660544395447,0.9480000138282776,0.16179999709129333
YDR017C,YPR101W,0,-7.7470665,0.3693026900291443,0.9480000138282776,0.16189999878406525
YBL097W,YEL021W,0,-7.7475653,0.36915886402130127,0.9480000138282776,0.16200000047683716
YHR004C,YPR168W,0,-7.748193,0.3690151870250702,0.9480000138282776,0.16210000216960907
YGL207W,YPL243W,0,-7.7488832,0.3688715994358063,0.9480000138282776,0.16220000386238098
YMR190C,YER082C,0,-7.7493944,0.3687281310558319,0.9480000138282776,0.1623000055551529
YER087C-A,YFL026W,0,-7.7501793,0.3685847520828247,0.9480000138282776,0.1624000072479248
YHL004W,YER074W,0,-7.7515717,0.36844152212142944,0.9480000138282776,0.16249999403953552
YML006C,YER112W,0,-7.7521152,0.36829838156700134,0.9480000138282776,0.16259999573230743
YBR193C,YJR088C,0,-7.7532806,0.3681553304195404,0.9480000138282776,0.16269999742507935
YGR174C,YDL079C,0,-7.7542267,0.3680124282836914,0.9480000138282776,0.16279999911785126
YBR159W,YOR216C,0,-7.7545557,0.36786961555480957,0.9480000138282776,0.16290000081062317
YNL075W,YGR056W,0,-7.755597,0.3677269220352173,0.9480000138282776,0.16300000250339508
YLR060W,YBL020W,0,-7.7572165,0.36758434772491455,0.9480000138282776,0.163100004196167
YDR430C,YOR018W,0,-7.7574577,0.367441862821579,0.9480000138282776,0.1632000058889389
YMR186W,YKL006C-A,0,-7.758196,0.36729949712753296,0.9480000138282776,0.16329999268054962
YDR318W,YKL174C,0,-7.758352,0.3671572506427765,0.9480000138282776,0.16339999437332153
YIL085C,YPR011C,0,-7.758782,0.3670150935649872,0.9480000138282776,0.16349999606609344
YAL017W,YLR371W,0,-7.759982,0.3668730556964874,0.9480000138282776,0.16359999775886536
YPL078C,YAL010C,0,-7.7604856,0.3667311370372772,0.9480000138282776,0.16369999945163727
YHR205W,YBL005W-B,0,-7.7615366,0.36658933758735657,0.9480000138282776,0.16380000114440918
YIL147C,YBR141C,0,-7.7620864,0.3664476275444031,0.9480000138282776,0.1639000028371811
YDR302W,YGR119C,0,-7.763349,0.36630603671073914,0.9480000138282776,0.164000004529953
YNL327W,YBR088C,0,-7.763439,0.36616453528404236,0.9480000138282776,0.16410000622272491
YPL093W,YKR078W,0,-7.7644596,0.36602315306663513,0.9480000138282776,0.16419999301433563
YML048W,YGR072W,0,-7.7652874,0.36588189005851746,0.9480000138282776,0.16429999470710754
YAL048C,YIR014W,0,-7.766075,0.36574074625968933,0.9480000138282776,0.16439999639987946
YBR175W,YNR024W,0,-7.7685766,0.36559969186782837,0.9480000138282776,0.16449999809265137
YJL179W,YLR298C,0,-7.7686853,0.36545875668525696,0.9480000138282776,0.16459999978542328
YDR101C,YKR065C,0,-7.7693057,0.3653179109096527,0.9480000138282776,0.1647000014781952
YGR224W,YFL011W,0,-7.770678,0.365177184343338,0.9480000138282776,0.1648000031709671
YER102W,YMR039C,0,-7.77076,0.36503657698631287,0.9480000138282776,0.164900004863739
YDR116C,YGR231C,0,-7.770899,0.3648960590362549,0.9480000138282776,0.16500000655651093
YPL026C,YDR240C,0,-7.772932,0.36475569009780884,0.9480000138282776,0.16509999334812164
YIR041W,YMR291W,0,-7.7730217,0.36461538076400757,0.9480000138282776,0.16519999504089355
YKL048C,YDR303C,0,-7.773898,0.36447519063949585,0.9480000138282776,0.16529999673366547
YFL048C,YFL004W,0,-7.7742033,0.3643351197242737,0.9480000138282776,0.16539999842643738
YGL198W,YNL092W,0,-7.775203,0.36419516801834106,0.9480000138282776,0.1655000001192093
YML028W,YMR099C,0,-7.776084,0.3640553057193756,0.9480000138282776,0.1656000018119812
YGL240W,YDL153C,0,-7.7761183,0.3639155328273773,0.9480000138282776,0.1657000035047531
YMR059W,YIL083C,0,-7.7762885,0.36377590894699097,0.9480000138282776,0.16580000519752502
YGL076C,YOR308C,0,-7.777166,0.3636363744735718,0.9480000138282776,0.16590000689029694
YLR136C,YPR098C,0,-7.777434,0.36349692940711975,0.9480000138282776,0.16599999368190765
YJL106W,YCL034W,0,-7.778223,0.3633576035499573,0.9480000138282776,0.16609999537467957
YKL073W,YGR027C,0,-7.7788963,0.36321839690208435,0.9480000138282776,0.16619999706745148
YER065C,YDR439W,0,-7.7797112,0.3630792796611786,0.9480000138282776,0.1662999987602234
YKL020C,YEL043W,0,-7.780641,0.3629402816295624,0.9480000138282776,0.1664000004529953
YOL039W,YKR042W,0,-7.780961,0.36280137300491333,0.9480000138282776,0.1665000021457672
YLR153C,YML071C,0,-7.7822127,0.36266258358955383,0.9480000138282776,0.16660000383853912
YOR027W,YPL162C,0,-7.7826495,0.3625239133834839,0.9480000138282776,0.16670000553131104
YGL139W,YLR237W,0,-7.7828474,0.3623853325843811,0.9480000138282776,0.16680000722408295
YDR427W,YDR170W-A,0,-7.783073,0.3622468411922455,0.9480000138282776,0.16689999401569366
YJL130C,YBR141C,0,-7.7830734,0.3621084690093994,0.9480000138282776,0.16699999570846558
YOL076W,YMR050C,0,-7.7842927,0.3619702160358429,0.9480000138282776,0.1670999974012375
YKR087C,YHR001W-A,0,-7.7857094,0.36183205246925354,0.9480000138282776,0.1671999990940094
YNL065W,YML011C,0,-7.7865286,0.36169400811195374,0.9480000138282776,0.1673000007867813
YMR189W,YGL026C,0,-7.787129,0.3615560531616211,0.9480000138282776,0.16740000247955322
YPL224C,YPL106C,0,-7.787661,0.361418217420578,0.9480000138282776,0.16750000417232513
YNL230C,YBR108W,0,-7.7880006,0.36128050088882446,0.9480000138282776,0.16760000586509705
YGL187C,YGL160W,0,-7.7911153,0.3611428439617157,0.9480000138282776,0.16769999265670776
YHL036W,YER144C,0,-7.7921453,0.36100533604621887,0.9480000138282776,0.16779999434947968
YOR317W,YGR077C,0,-7.792333,0.3608679175376892,0.9480000138282776,0.1678999960422516
YKL134C,YLR029C,0,-7.792467,0.3607305884361267,0.9480000138282776,0.1679999977350235
YHR143W,YNL026W,0,-7.7930603,0.36059337854385376,0.9480000138282776,0.1680999994277954
YBR214W,YNR047W,0,-7.7931733,0.36045628786087036,0.9480000138282776,0.16820000112056732
YJL122W,YHR063C,0,-7.794265,0.36031925678253174,0.9480000138282776,0.16830000281333923
YBR132C,YJL059W,0,-7.7946525,0.36018237471580505,0.9480000138282776,0.16840000450611115
YMR092C,YJR120W,0,-7.795636,0.36004558205604553,0.9480000138282776,0.16850000619888306
YLR010C,YGR090W,0,-7.7960396,0.3599088788032532,0.9480000138282776,0.16859999299049377
YOR249C,YGR084C,0,-7.796116,0.35977229475975037,0.9480000138282776,0.16869999468326569
YDL069C,YBR210W,0,-7.7966895,0.3596358001232147,0.9480000138282776,0.1687999963760376
YDL175C,YGR057C,0,-7.7970757,0.35949942469596863,0.9480000138282776,0.1688999980688095
YHR061C,YBL079W,0,-7.798493,0.3593631684780121,0.9480000138282776,0.16899999976158142
YMR303C,YGL232W,0,-7.799174,0.3592269718647003,0.9480000138282776,0.16910000145435333
YPR103W,YDL007W,0,-7.7993684,0.3590908944606781,0.9480000138282776,0.16920000314712524
YNL166C,YJR088C,0,-7.7996864,0.35895493626594543,0.9480000138282776,0.16930000483989716
YER086W,YDL108W,0,-7.7999372,0.35881906747817993,0.9480000138282776,0.16940000653266907
YGR152C,YDL076C,0,-7.801987,0.358683317899704,0.9480000138282776,0.16949999332427979
YOR274W,YMR059W,0,-7.802094,0.3585476577281952,0.9480000138282776,0.1695999950170517
YCR020C,YBR014C,0,-7.8032265,0.35841208696365356,0.9480000138282776,0.1696999967098236
YIL131C,YML064C,0,-7.804296,0.3582766354084015,0.9480000138282776,0.16979999840259552
YER014W,YMR160W,0,-7.8043904,0.35814130306243896,0.9480000138282776,0.16990000009536743
YGR037C,YGL097W,0,-7.804726,0.3580060303211212,0.9480000138282776,0.17000000178813934
YNL039W,YDR362C,0,-7.8054442,0.3578709065914154,0.9480000138282776,0.17010000348091125
YIR026C,YPL183W-A,0,-7.805778,0.35773584246635437,0.9480000138282776,0.17020000517368317
YDR225W,YPR190C,0,-7.806382,0.3576008975505829,0.9480000138282776,0.17030000686645508
YNL242W,YOL052C-A,0,-7.8064218,0.35746607184410095,0.9480000138282776,0.1703999936580658
YDR439W,YKL020C,0,-7.8064866,0.3573313355445862,0.9480000138282776,0.1704999953508377
YER170W,YMR029C,0,-7.807963,0.3571966886520386,0.9480000138282776,0.17059999704360962
YGR193C,YEL057C,0,-7.8086095,0.3570621609687805,0.9480000138282776,0.17069999873638153
YDR171W,YCL032W,0,-7.8089995,0.3569277226924896,0.9480000138282776,0.17080000042915344
YOL155C,YDL170W,0,-7.8110423,0.3567933738231659,0.9480000138282776,0.17090000212192535
YPL259C,YJL108C,0,-7.8123875,0.3566591441631317,0.9480000138282776,0.17100000381469727
YMR318C,YPR073C,0,-7.81273,0.3565250039100647,0.9480000138282776,0.17110000550746918
YEL016C,YGL070C,0,-7.8128147,0.35639098286628723,0.9480000138282776,0.1712000072002411
YJR158W,YJL089W,0,-7.8130627,0.35625705122947693,0.9480000138282776,0.1712999939918518
YER075C,YLR417W,0,-7.81474,0.3561232089996338,0.9480000138282776,0.17139999568462372
YCR073W-A,YLR467W,0,-7.8149242,0.3559894859790802,0.9480000138282776,0.17149999737739563
YPR178W,YMR175W,0,-7.8167415,0.3558558523654938,0.9480000138282776,0.17159999907016754
YCL031C,YPL193W,1,-7.8173223,0.356097549200058,0.9490000009536743,0.17159999907016754
YNR052C,YOR045W,0,-7.817424,0.3559640049934387,0.9490000009536743,0.17170000076293945
YML081C-A,YKL015W,0,-7.817589,0.35583052039146423,0.9490000009536743,0.17180000245571136
YKL198C,YCR084C,0,-7.8177934,0.3556971549987793,0.9490000009536743,0.17190000414848328
YOL004W,YGR229C,0,-7.8187366,0.3555638790130615,0.9490000009536743,0.1720000058412552
YBR132C,YCR073W-A,0,-7.819788,0.3554307222366333,0.9490000009536743,0.1720999926328659
YGR263C,YGR251W,0,-7.8203955,0.35529765486717224,0.9490000009536743,0.17219999432563782
YBL016W,YEL058W,0,-7.8204727,0.35516467690467834,0.9490000009536743,0.17229999601840973
YJR025C,YML057W,0,-7.8210487,0.3550317883491516,0.9490000009536743,0.17239999771118164
YOR353C,YDR531W,0,-7.823316,0.35489901900291443,0.9490000009536743,0.17249999940395355
YHR142W,YDR308C,0,-7.8236766,0.3547663688659668,0.9490000009536743,0.17260000109672546
YER176W,YJR134C,0,-7.824848,0.35463377833366394,0.9490000009536743,0.17270000278949738
YDR055W,YNR047W,0,-7.8248744,0.35450130701065063,0.9490000009536743,0.1728000044822693
YOL136C,YDR086C,0,-7.826169,0.3543689250946045,0.9490000009536743,0.1729000061750412
YOL119C,YLR001C,0,-7.8278146,0.3542366623878479,0.9490000009536743,0.17299999296665192
YPR151C,YMR071C,0,-7.8281884,0.35410448908805847,0.9490000009536743,0.17309999465942383
YHR013C,YDR298C,0,-7.828414,0.3539724051952362,0.9490000009536743,0.17319999635219574
YJL097W,YGR086C,0,-7.829442,0.3538404107093811,0.9490000009536743,0.17329999804496765
YDR040C,YNR006W,0,-7.8295856,0.35370853543281555,0.9490000009536743,0.17339999973773956
YJL090C,YLR051C,0,-7.8298135,0.35357674956321716,0.9490000009536743,0.17350000143051147
YPL112C,YNL151C,0,-7.8298697,0.35344505310058594,0.9490000009536743,0.1736000031232834
YDL181W,YOR256C,0,-7.8302965,0.35331347584724426,0.9490000009536743,0.1737000048160553
YGL144C,YDL224C,0,-7.8304644,0.35318198800086975,0.9490000009536743,0.1738000065088272
YMR313C,YNL208W,0,-7.83168,0.3530505895614624,0.9490000009536743,0.17389999330043793
YLR312W-A,YMR059W,0,-7.8326817,0.3529193103313446,0.9490000009536743,0.17399999499320984
YPR104C,YHL020C,0,-7.8345995,0.3527880907058716,0.9490000009536743,0.17409999668598175
YPL231W,YFL049W,0,-7.8366504,0.3526569902896881,0.9490000009536743,0.17419999837875366
YLR167W,YML025C,1,-7.837323,0.3528974652290344,0.949999988079071,0.17419999837875366
YNR032C-A,YNL299W,0,-7.837349,0.3527664244174957,0.949999988079071,0.17430000007152557
YOL126C,YER072W,0,-7.837537,0.3526354730129242,0.949999988079071,0.17440000176429749
YDR284C,YBR026C,0,-7.8386755,0.3525046408176422,0.949999988079071,0.1745000034570694
YMR216C,YPL041C,0,-7.8388467,0.3523738980293274,0.949999988079071,0.1746000051498413
YJL082W,YKR020W,0,-7.839946,0.35224324464797974,0.949999988079071,0.17470000684261322
YIL110W,YER090W,0,-7.8400035,0.35211268067359924,0.949999988079071,0.17479999363422394
YMR044W,YBL113C,0,-7.8413563,0.3519822061061859,0.949999988079071,0.17489999532699585
YBL098W,YBR049C,0,-7.8414726,0.35185185074806213,0.949999988079071,0.17499999701976776
YGR220C,YLR048W,1,-7.841699,0.35209181904792786,0.9509999752044678,0.17499999701976776
YBL085W,YHR117W,0,-7.843743,0.35196152329444885,0.9509999752044678,0.17509999871253967
YNL251C,YDL153C,0,-7.844695,0.3518312871456146,0.9509999752044678,0.17520000040531158
YPR176C,YLR194C,0,-7.8448825,0.35170117020606995,0.9509999752044678,0.1753000020980835
YGL116W,YKR001C,0,-7.845004,0.3515711724758148,0.9509999752044678,0.1754000037908554
YNL274C,YHL002W,0,-7.8450375,0.35144123435020447,0.9509999752044678,0.17550000548362732
YLR353W,YBR152W,0,-7.8463063,0.35131141543388367,0.9509999752044678,0.17560000717639923
YPL234C,YHR025W,0,-7.847252,0.35118168592453003,0.9509999752044678,0.17569999396800995
YJR144W,YER029C,0,-7.847746,0.35105204582214355,0.9509999752044678,0.17579999566078186
YNL020C,YOL129W,0,-7.8489704,0.35092249512672424,0.9509999752044678,0.17589999735355377
YKL022C,YPL159C,0,-7.8492646,0.3507930636405945,0.9509999752044678,0.17599999904632568
YHR058C,YLL040C,0,-7.8500977,0.3506637215614319,0.9509999752044678,0.1761000007390976
YPR155C,YAL016W,0,-7.851651,0.35053446888923645,0.9509999752044678,0.1762000024318695
YJR139C,YPL097W,0,-7.852688,0.3504053056240082,0.9509999752044678,0.17630000412464142
YLR110C,YDR078C,0,-7.854046,0.35027623176574707,0.9509999752044678,0.17640000581741333
YBR021W,YNL238W,0,-7.8542576,0.3501472771167755,0.9509999752044678,0.17649999260902405
YDR309C,YNL087W,0,-7.854588,0.3500184118747711,0.9509999752044678,0.17659999430179596
YKL022C,YPL192C,0,-7.8549085,0.3498896360397339,0.9509999752044678,0.17669999599456787
YCL038C,YBL055C,0,-7.855195,0.3497609496116638,0.9509999752044678,0.17679999768733978
YBR131W,YPL043W,0,-7.856346,0.3496323525905609,0.9509999752044678,0.1768999993801117
YBR160W,YOR304C-A,0,-7.856509,0.34950384497642517,0.9509999752044678,0.1770000010728836
YKL058W,YIL096C,0,-7.856901,0.349375456571579,0.9509999752044678,0.17710000276565552
YER062C,YMR060C,0,-7.8581786,0.34924715757369995,0.9509999752044678,0.17720000445842743
YER129W,YJR117W,0,-7.85841,0.3491189479827881,0.9509999752044678,0.17730000615119934
YNR067C,YBL022C,0,-7.8584266,0.3489908277988434,0.9509999752044678,0.17739999294281006
YMR076C,YOR119C,0,-7.8585553,0.34886279702186584,0.9509999752044678,0.17749999463558197
YLR175W,YMR002W,0,-7.8585625,0.34873488545417786,0.9509999752044678,0.17759999632835388
YDR298C,YNL263C,0,-7.8587646,0.34860703349113464,0.9509999752044678,0.1776999980211258
YPL265W,YCR061W,0,-7.859297,0.348479300737381,0.9509999752044678,0.1777999997138977
YFR030W,YGL259W,0,-7.860158,0.3483516573905945,0.9509999752044678,0.17790000140666962
YAR007C,YPL079W,0,-7.862976,0.34822410345077515,0.9509999752044678,0.17800000309944153
YOL137W,YGL241W,0,-7.8630276,0.348096638917923,0.9509999752044678,0.17810000479221344
YGL019W,YNL272C,0,-7.8632717,0.34796926379203796,0.9509999752044678,0.17820000648498535
YMR081C,YBR214W,0,-7.8649836,0.3478419780731201,0.9509999752044678,0.17829999327659607
YPR119W,YPL246C,0,-7.8651204,0.3477148115634918,0.9509999752044678,0.17839999496936798
YHR187W,YOL004W,0,-7.8653507,0.3475877046585083,0.9509999752044678,0.1784999966621399
YOR039W,YKL018W,0,-7.86661,0.34746071696281433,0.9509999752044678,0.1785999983549118
YGL240W,YER144C,0,-7.8700814,0.3473338186740875,0.9509999752044678,0.17870000004768372
YDR288W,YMR114C,0,-7.870556,0.3472070097923279,0.9509999752044678,0.17880000174045563
YER001W,YOL102C,0,-7.8735313,0.3470802903175354,0.9509999752044678,0.17890000343322754
YOR243C,YDL168W,0,-7.875106,0.3469536602497101,0.9509999752044678,0.17900000512599945
YPL233W,YPL134C,0,-7.87516,0.34682711958885193,0.9509999752044678,0.17910000681877136
YNL037C,YGL125W,0,-7.875166,0.3467006981372833,0.9509999752044678,0.17919999361038208
YOR150W,YIR012W,1,-7.8755827,0.3469387888908386,0.9520000219345093,0.17919999361038208
YOL116W,YOR214C,0,-7.8757706,0.3468123972415924,0.9520000219345093,0.179299995303154
YPL179W,YKL174C,0,-7.876282,0.34668609499931335,0.9520000219345093,0.1793999969959259
YPR145W,YOR377W,0,-7.876812,0.34655988216400146,0.9520000219345093,0.17949999868869781
YNL059C,YKL126W,0,-7.877081,0.34643375873565674,0.9520000219345093,0.17960000038146973
YHR158C,YBL067C,0,-7.877222,0.34630775451660156,0.9520000219345093,0.17970000207424164
YPR070W,YNR004W,0,-7.877473,0.34618180990219116,0.9520000219345093,0.17980000376701355
YDR399W,YBR097W,0,-7.8775115,0.3460559844970703,0.9520000219345093,0.17990000545978546
YFR001W,YDR322C-A,0,-7.8792186,0.34593021869659424,0.9520000219345093,0.18000000715255737
YLR160C,YOR319W,0,-7.879773,0.3458045721054077,0.9520000219345093,0.1800999939441681
YLR459W,YDR128W,0,-7.8812475,0.34567901492118835,0.9520000219345093,0.18019999563694
YER044C-A,YDL208W,0,-7.881846,0.34555354714393616,0.9520000219345093,0.18029999732971191
YGL092W,YPL122C,0,-7.882332,0.3454281687736511,0.9520000219345093,0.18039999902248383
YLR324W,YDR394W,0,-7.8824234,0.34530287981033325,0.9520000219345093,0.18050000071525574
YDL137W,YOR175C,0,-7.8831925,0.34517765045166016,0.9520000219345093,0.18060000240802765
YPL212C,YLR020C,0,-7.8833838,0.345052570104599,0.9520000219345093,0.18070000410079956
YFL004W,YHL012W,0,-7.8838215,0.3449275493621826,0.9520000219345093,0.18080000579357147
YIL159W,YLR291C,0,-7.8845186,0.3448026180267334,0.9520000219345093,0.1808999925851822
YBR221C,YPR133W-A,0,-7.8851643,0.34467777609825134,0.9520000219345093,0.1809999942779541
YLR071C,YNL287W,0,-7.8867445,0.34455302357673645,0.9520000219345093,0.181099995970726
YMR008C,YPR121W,0,-7.8872743,0.3444283604621887,0.9520000219345093,0.18119999766349792
YIL079C,YIR013C,0,-7.8874245,0.34430378675460815,0.9520000219345093,0.18129999935626984
YOR303W,YDL010W,0,-7.887848,0.34417933225631714,0.9520000219345093,0.18140000104904175
YAL010C,YKL079W,0,-7.889435,0.3440549373626709,0.9520000219345093,0.18150000274181366
YML036W,YDR372C,0,-7.8896003,0.3439306318759918,0.9520000219345093,0.18160000443458557
YJL101C,YBR016W,0,-7.889795,0.3438064157962799,0.9520000219345093,0.18170000612735748
YOR278W,YLR105C,0,-7.891766,0.34368231892585754,0.9520000219345093,0.1817999929189682
YGR112W,YDR186C,0,-7.891894,0.34355828166007996,0.9520000219345093,0.1818999946117401
YGR262C,YIL132C,0,-7.892412,0.34343433380126953,0.9520000219345093,0.18199999630451202
YLR384C,YGL066W,0,-7.8929653,0.34331050515174866,0.9520000219345093,0.18209999799728394
YPL147W,YDR109C,0,-7.893376,0.34318673610687256,0.9520000219345093,0.18219999969005585
YHR123W,YDR412W,0,-7.8943033,0.3430630564689636,0.9520000219345093,0.18230000138282776
YIL084C,YGR072W,0,-7.894835,0.34293949604034424,0.9520000219345093,0.18240000307559967
YPL042C,YKR059W,0,-7.8948483,0.34281599521636963,0.9520000219345093,0.18250000476837158
YOR037W,YBR014C,0,-7.89505,0.3426925837993622,0.9520000219345093,0.1826000064611435
YPL125W,YNL175C,0,-7.895112,0.3425692617893219,0.9520000219345093,0.1826999932527542
YBL032W,YER160C,0,-7.8953505,0.3424460291862488,0.9520000219345093,0.18279999494552612
YPR060C,YPL246C,0,-7.895392,0.3423229157924652,0.9520000219345093,0.18289999663829803
YDR252W,YLR350W,0,-7.8959274,0.3421998620033264,0.9520000219345093,0.18299999833106995
YPL145C,YNL267W,0,-7.8963604,0.3420768976211548,0.9520000219345093,0.18310000002384186
YNL098C,YGR195W,0,-7.898605,0.3419540226459503,0.9520000219345093,0.18320000171661377
YCL064C,YER180C-A,0,-7.8986354,0.341831237077713,0.9520000219345093,0.18330000340938568
YHR072W,YKL027W,0,-7.8998556,0.34170854091644287,0.9520000219345093,0.1834000051021576
YIL138C,YOL128C,0,-7.900406,0.3415859341621399,0.9520000219345093,0.1835000067949295
YDR363W,YDR129C,0,-7.9006143,0.3414634168148041,0.9520000219345093,0.18359999358654022
YDL040C,YGR156W,0,-7.901531,0.3413409888744354,0.9520000219345093,0.18369999527931213
YML080W,YMR065W,0,-7.9018717,0.34121865034103394,0.9520000219345093,0.18379999697208405
YMR186W,YGR285C,0,-7.902869,0.3410963714122772,0.9520000219345093,0.18389999866485596
YAR015W,YLR411W,0,-7.902987,0.34097421169281006,0.9520000219345093,0.18400000035762787
YOR336W,YLR050C,0,-7.9037538,0.34085214138031006,0.9520000219345093,0.18410000205039978
YDR494W,YEL021W,0,-7.904521,0.34073013067245483,0.9520000219345093,0.1842000037431717
YKR087C,YBR058C,0,-7.904683,0.34060823917388916,0.9520000219345093,0.1843000054359436
YPL055C,YKL212W,0,-7.9047613,0.34048640727996826,0.9520000219345093,0.18440000712871552
YHR072W-A,YHR079C-A,0,-7.90499,0.3403646647930145,0.9520000219345093,0.18449999392032623
YDR395W,YBR014C,0,-7.9050026,0.34024304151535034,0.9520000219345093,0.18459999561309814
YER056C-A,YPL130W,0,-7.907552,0.34012147784233093,0.9520000219345093,0.18469999730587006
YIL149C,YKR042W,0,-7.9076276,0.3400000035762787,0.9520000219345093,0.18479999899864197
YBR146W,YMR239C,0,-7.9080954,0.3398786187171936,0.9520000219345093,0.18490000069141388
YIL140W,YLR092W,0,-7.908346,0.3397573232650757,0.9520000219345093,0.1850000023841858
YGL155W,YML107C,0,-7.9083896,0.3396361172199249,0.9520000219345093,0.1851000040769577
YHR051W,YLL023C,0,-7.9089174,0.33951497077941895,0.9520000219345093,0.18520000576972961
YOL130W,YBR248C,0,-7.909942,0.3393939435482025,0.9520000219345093,0.18529999256134033
YKL149C,YHR143W-A,0,-7.910195,0.33927297592163086,0.9520000219345093,0.18539999425411224
YOR306C,YBL060W,0,-7.9107013,0.33915212750434875,0.9520000219345093,0.18549999594688416
YDL024C,YNL284C-B,0,-7.911108,0.3390313386917114,0.9520000219345093,0.18559999763965607
YOR150W,YDR312W,1,-7.9123135,0.33926665782928467,0.953000009059906,0.18559999763965607
YPR102C,YML025C,1,-7.912366,0.3395017683506012,0.9539999961853027,0.18559999763965607
YIL038C,YPL180W,0,-7.9130406,0.33938100934028625,0.9539999961853027,0.18569999933242798
YIL121W,YLR035C-A,0,-7.9136405,0.3392603099346161,0.9539999961853027,0.1858000010251999
YJR025C,YPL270W,0,-7.9150434,0.3391396999359131,0.9539999961853027,0.1859000027179718
YPR175W,YDR316W,0,-7.9155545,0.33901917934417725,0.9539999961853027,0.1860000044107437
YOL104C,YDR055W,0,-7.91656,0.33889874815940857,0.9539999961853027,0.18610000610351562
YMR094W,YKR097W,0,-7.9169936,0.33877840638160706,0.9539999961853027,0.18619999289512634
YMR199W,YLR056W,0,-7.917206,0.3386581540107727,0.9539999961853027,0.18629999458789825
YGR216C,YKL141W,0,-7.917227,0.33853796124458313,0.9539999961853027,0.18639999628067017
YMR021C,YBR035C,0,-7.917976,0.3384178876876831,0.9539999961853027,0.18649999797344208
YER176W,YDL208W,0,-7.9190383,0.33829787373542786,0.9539999961853027,0.186599999666214
YLR451W,YJL113W,0,-7.9192724,0.33817794919013977,0.9539999961853027,0.1867000013589859
YAR015W,YDR531W,0,-7.9195037,0.33805811405181885,0.9539999961853027,0.1868000030517578
YOL155C,YER171W,0,-7.9201336,0.3379383683204651,0.9539999961853027,0.18690000474452972
YIL112W,YDR306C,0,-7.9201975,0.3378186821937561,0.9539999961853027,0.18700000643730164
YML113W,YMR075W,0,-7.921711,0.33769911527633667,0.9539999961853027,0.18709999322891235
YGR257C,YDR088C,0,-7.9218616,0.337579607963562,0.9539999961853027,0.18719999492168427
YGL247W,YPL053C,0,-7.9226117,0.3374602198600769,0.9539999961853027,0.18729999661445618
YNL230C,YHR077C,0,-7.922736,0.3373408913612366,0.9539999961853027,0.1873999983072281
YKL011C,YLR008C,0,-7.9246187,0.337221622467041,0.9539999961853027,0.1875
YGR098C,YDR115W,0,-7.925078,0.337102472782135,0.9539999961853027,0.1876000016927719
YOL126C,YJR026W,0,-7.9255943,0.33698341250419617,0.9539999961853027,0.18770000338554382
YER065C,YJR027W,0,-7.9261913,0.3368644118309021,0.9539999961853027,0.18780000507831573
YML078W,YOL004W,0,-7.927426,0.3367455005645752,0.9539999961853027,0.18790000677108765
YFL002W-A,YLR001C,0,-7.92746,0.33662667870521545,0.9539999961853027,0.18799999356269836
YDL069C,YJL104W,0,-7.9278984,0.3365079462528229,0.9539999961853027,0.18809999525547028
YOR304W,YGR215W,0,-7.9282084,0.3363892734050751,0.9539999961853027,0.1881999969482422
YNL004W,YLR212C,0,-7.9284067,0.3362707197666168,0.9539999961853027,0.1882999986410141
YBR026C,YCR097W,0,-7.9284344,0.33615222573280334,0.9539999961853027,0.188400000333786
YBR114W,YDR109C,0,-7.9286165,0.33603382110595703,0.9539999961853027,0.18850000202655792
YNL177C,YJL054W,0,-7.9290257,0.3359155058860779,0.9539999961853027,0.18860000371932983
YIL097W,YLL055W,0,-7.930227,0.3357972502708435,0.9539999961853027,0.18870000541210175
YMR129W,YFL005W,0,-7.930826,0.3356791138648987,0.9539999961853027,0.18880000710487366
YPL281C,YIL160C,0,-7.9315615,0.33556103706359863,0.9539999961853027,0.18889999389648438
YMR251W-A,YBR037C,0,-7.932037,0.33544304966926575,0.9539999961853027,0.1889999955892563
YIL159W,YDR440W,0,-7.9337444,0.33532512187957764,0.9539999961853027,0.1890999972820282
YGR158C,YBR296C,0,-7.935299,0.3352073132991791,0.9539999961853027,0.1891999989748001
YJR063W,YDR494W,0,-7.9354353,0.3350895643234253,0.9539999961853027,0.18930000066757202
YLR192C,YGL113W,0,-7.9359374,0.33497190475463867,0.9539999961853027,0.18940000236034393
YDL099W,YJR135C,0,-7.936651,0.3348543345928192,0.9539999961853027,0.18950000405311584
YBR119W,YDL002C,0,-7.9366765,0.3347368538379669,0.9539999961853027,0.18960000574588776
YDR096W,YNL332W,0,-7.936847,0.3346194326877594,0.9539999961853027,0.18970000743865967
YLR203C,YIL135C,0,-7.9371805,0.33450210094451904,0.9539999961853027,0.18979999423027039
YML109W,YBL005W-B,0,-7.93756,0.33438485860824585,0.9539999961853027,0.1898999959230423
YOR237W,YOR227W,0,-7.9380364,0.3342677056789398,0.9539999961853027,0.1899999976158142
YGR113W,YPL122C,0,-7.9381733,0.33415061235427856,0.9539999961853027,0.19009999930858612
YDR231C,YHR056C,0,-7.9385023,0.3340336084365845,0.9539999961853027,0.19020000100135803
YMR219W,YKL032C,0,-7.9387913,0.33391669392585754,0.9539999961853027,0.19030000269412994
YDR096W,YIR033W,0,-7.9389563,0.3337998688220978,0.9539999961853027,0.19040000438690186
YGR220C,YBR048W,1,-7.9390416,0.33403289318084717,0.9549999833106995,0.19040000438690186
YNL278W,YLR389C,0,-7.93925,0.3339160978794098,0.9549999833106995,0.19050000607967377
YOR349W,YOL010W,0,-7.9392776,0.3337993621826172,0.9549999833106995,0.19059999287128448
YPL001W,YDR545W,0,-7.9397707,0.33368274569511414,0.9549999833106995,0.1906999945640564
YDL100C,YLL035W,0,-7.940419,0.33356618881225586,0.9549999833106995,0.1907999962568283
YGR255C,YML078W,0,-7.9419413,0.33344972133636475,0.9549999833106995,0.19089999794960022
YEL022W,YJL072C,0,-7.942013,0.3333333432674408,0.9549999833106995,0.19099999964237213
YLR188W,YPL023C,0,-7.9423385,0.3332170248031616,0.9549999833106995,0.19110000133514404
YNL048W,YER002W,0,-7.942871,0.3331007957458496,0.9549999833106995,0.19120000302791595
YKR068C,YPR080W,0,-7.9434795,0.33298465609550476,0.9549999833106995,0.19130000472068787
YDR240C,YPL128C,0,-7.943659,0.3328686058521271,0.9549999833106995,0.19140000641345978
YLR359W,YNR045W,0,-7.9437513,0.33275261521339417,0.9549999833106995,0.1914999932050705
YER030W,YPR056W,0,-7.9443994,0.3326367139816284,0.9549999833106995,0.1915999948978424
YMR197C,YPR078C,0,-7.945113,0.33252090215682983,0.9549999833106995,0.19169999659061432
YGR257C,YMR047C,0,-7.946466,0.332405149936676,0.9549999833106995,0.19179999828338623
YDL005C,YDR167W,0,-7.946748,0.3322894871234894,0.9549999833106995,0.19189999997615814
YBR105C,YDR306C,0,-7.9484963,0.3321739137172699,0.9549999833106995,0.19200000166893005
YPL026C,YOL154W,0,-7.9494014,0.3320583999156952,0.9549999833106995,0.19210000336170197
YNL123W,YLL014W,0,-7.949453,0.33194300532341003,0.9549999833106995,0.19220000505447388
YEL015W,YDL066W,0,-7.949731,0.33182767033576965,0.9549999833106995,0.1923000067472458
YPL138C,YPR204W,0,-7.9500976,0.33171239495277405,0.9549999833106995,0.1923999935388565
YCR026C,YNL058C,0,-7.951583,0.3315972089767456,0.9549999833106995,0.19249999523162842
YOL123W,YER190W,0,-7.953447,0.3314821124076843,0.9549999833106995,0.19259999692440033
YKR002W,YGL026C,0,-7.9535503,0.3313671052455902,0.9549999833106995,0.19269999861717224
YER001W,YDR397C,0,-7.9535666,0.33125215768814087,0.9549999833106995,0.19280000030994415
YOR330C,YGL092W,0,-7.954381,0.3311372995376587,0.9549999833106995,0.19290000200271606
YLR381W,YJR088C,0,-7.954792,0.3310225307941437,0.9549999833106995,0.19300000369548798
YJR050W,YDR289C,0,-7.9559855,0.33090782165527344,0.9549999833106995,0.1931000053882599
YJL051W,YBL092W,0,-7.9564567,0.33079320192337036,0.9549999833106995,0.1932000070810318
YPR120C,YER151C,0,-7.9570665,0.33067867159843445,0.9549999833106995,0.19329999387264252
YOR028C,YDR247W,0,-7.958269,0.3305642008781433,0.9549999833106995,0.19339999556541443
YIL043C,YHR117W,0,-7.9583073,0.33044981956481934,0.9549999833106995,0.19349999725818634
YDR047W,YIL127C,0,-7.9585686,0.3303355276584625,0.9549999833106995,0.19359999895095825
YNL242W,YDR239C,0,-7.9588733,0.3302212953567505,0.9549999833106995,0.19370000064373016
YLR098C,YDR243C,0,-7.9588943,0.3301071524620056,0.9549999833106995,0.19380000233650208
YDR518W,YDR407C,0,-7.958996,0.3299930989742279,0.9549999833106995,0.193900004029274
YDR309C,YGR296W,0,-7.9599,0.32987910509109497,0.9549999833106995,0.1940000057220459
YFL048C,YHR074W,0,-7.9599524,0.3297652006149292,0.9549999833106995,0.1941000074148178
YOR045W,YLR373C,0,-7.960149,0.3296513557434082,0.9549999833106995,0.19419999420642853
YMR167W,YKR096W,0,-7.9614367,0.32953760027885437,0.9549999833106995,0.19429999589920044
YNL038W,YDR097C,0,-7.962033,0.3294239342212677,0.9549999833106995,0.19439999759197235
YER036C,YPR161C,0,-7.962303,0.3293103575706482,0.9549999833106995,0.19449999928474426
YMR188C,YBR037C,0,-7.9629936,0.32919684052467346,0.9549999833106995,0.19460000097751617
YGR004W,YJR129C,0,-7.963338,0.3290833830833435,0.9549999833106995,0.19470000267028809
YBL098W,YKL024C,0,-7.963966,0.3289700448513031,0.9549999833106995,0.19480000436306
YBR176W,YLR316C,0,-7.9645143,0.3288567364215851,0.9549999833106995,0.1949000060558319
YIL115C,YMR293C,0,-7.9648304,0.3287435472011566,0.9549999833106995,0.19499999284744263
YCL016C,YOR243C,0,-7.9669914,0.3286304175853729,0.9549999833106995,0.19509999454021454
YBR019C,YDL181W,0,-7.9671154,0.3285173773765564,0.9549999833106995,0.19519999623298645
YDL174C,YMR091C,0,-7.967118,0.32840439677238464,0.9549999833106995,0.19529999792575836
YJL042W,YNR047W,0,-7.9673104,0.32829150557518005,0.9549999833106995,0.19539999961853027
YBR055C,YDL030W,0,-7.9675384,0.3281787037849426,0.9549999833106995,0.19550000131130219
YDR213W,YLR040C,0,-7.968304,0.32806596159935,0.9549999833106995,0.1956000030040741
YPL173W,YKL057C,0,-7.9686065,0.3279533088207245,0.9549999833106995,0.195700004696846
YHR149C,YPR137C-A,0,-7.969125,0.3278407156467438,0.9549999833106995,0.19580000638961792
YMR323W,YDR306C,0,-7.969409,0.3277282118797302,0.9549999833106995,0.19589999318122864
YDR384C,YPL179W,0,-7.970185,0.32761576771736145,0.9549999833106995,0.19599999487400055
YLR037C,YDR545W,0,-7.9721527,0.3275034427642822,0.9549999833106995,0.19609999656677246
YMR231W,YKL212W,0,-7.9728117,0.3273911476135254,0.9549999833106995,0.19619999825954437
YER162C,YKR055W,0,-7.973119,0.3272789716720581,0.9549999833106995,0.19629999995231628
YGR142W,YCL026C-B,0,-7.9731593,0.3271668255329132,0.9549999833106995,0.1964000016450882
YJL189W,YLR313C,0,-7.9737144,0.32705479860305786,0.9549999833106995,0.1965000033378601
YOR044W,YPL171C,0,-7.9743385,0.3269428312778473,0.9549999833106995,0.19660000503063202
YNR032C-A,YJL113W,0,-7.9747896,0.3268309235572815,0.9549999833106995,0.19670000672340393
YLR376C,YGR251W,0,-7.9749365,0.32671913504600525,0.9549999833106995,0.19679999351501465
YML067C,YBR129C,0,-7.9751015,0.3266073763370514,0.9549999833106995,0.19689999520778656
YIL096C,YJL118W,0,-7.9752088,0.3264957368373871,0.9549999833106995,0.19699999690055847
YDL226C,YGR170W,0,-7.9775543,0.32638415694236755,0.9549999833106995,0.19709999859333038
YML022W,YML102W,0,-7.9781065,0.3262726366519928,0.9549999833106995,0.1972000002861023
YHR036W,YPR046W,0,-7.978476,0.3261612057685852,0.9549999833106995,0.1973000019788742
YPR049C,YOR192C-B,0,-7.9790077,0.3260498344898224,0.9549999833106995,0.19740000367164612
YCR091W,YCL034W,0,-7.9791803,0.32593855261802673,0.9549999833106995,0.19750000536441803
YNL004W,YGR166W,0,-7.979425,0.32582736015319824,0.9549999833106995,0.19760000705718994
YMR212C,YBR213W,0,-7.9798384,0.3257162272930145,0.9549999833106995,0.19769999384880066
YJL065C,YGL016W,0,-7.980316,0.325605183839798,0.9549999833106995,0.19779999554157257
YBL006C,YNL147W,0,-7.9811025,0.3254941999912262,0.9549999833106995,0.19789999723434448
YDR298C,YLR139C,0,-7.981226,0.3253833055496216,0.9549999833106995,0.1979999989271164
YMR211W,YDR334W,0,-7.9816537,0.32527247071266174,0.9549999833106995,0.1981000006198883
YHR132C,YML098W,0,-7.9820147,0.32516172528266907,0.9549999833106995,0.19820000231266022
YMR232W,YLL048C,0,-7.9823723,0.32505106925964355,0.9549999833106995,0.19830000400543213
YDR088C,YGL049C,0,-7.9830256,0.32494044303894043,0.9549999833106995,0.19840000569820404
YER052C,YPL093W,0,-7.983128,0.32482993602752686,0.9549999833106995,0.19850000739097595
YBL042C,YMR257C,0,-7.9834576,0.32471948862075806,0.9549999833106995,0.19859999418258667
YNL169C,YHR074W,0,-7.9837427,0.32460910081863403,0.9549999833106995,0.19869999587535858
YAL040C,YHR200W,0,-7.9842544,0.3244988024234772,0.9549999833106995,0.1987999975681305
YNL138W,YDR170W-A,0,-7.9848895,0.3243885934352875,0.9549999833106995,0.1988999992609024
YOR153W,YBR181C,0,-7.9853535,0.32427844405174255,0.9549999833106995,0.19900000095367432
YOR039W,YNL232W,0,-7.986056,0.3241683542728424,0.9549999833106995,0.19910000264644623
YLR205C,YDL066W,0,-7.9866276,0.3240583539009094,0.9549999833106995,0.19920000433921814
YEL019C,YIL080W,0,-7.988439,0.3239484429359436,0.9549999833106995,0.19930000603199005
YJR025C,YCL030C,0,-7.989175,0.32383859157562256,0.9549999833106995,0.19939999282360077
YNR030W,YJL002C,0,-7.9892864,0.3237287998199463,0.9549999833106995,0.19949999451637268
YKR024C,YML025C,1,-7.9893165,0.32395797967910767,0.9559999704360962,0.19949999451637268
YGL086W,YNL137C,0,-7.98984,0.32384824752807617,0.9559999704360962,0.1995999962091446
YGL209W,YNL067W,0,-7.990232,0.32373857498168945,0.9559999704360962,0.1996999979019165
YDR116C,YKL058W,0,-7.990286,0.3236289918422699,0.9559999704360962,0.19979999959468842
YML078W,YML059C,0,-7.990888,0.3235194683074951,0.9559999704360962,0.19990000128746033
YNL136W,YPL186C,0,-7.9912863,0.3234100043773651,0.9559999704360962,0.20000000298023224
YCR005C,YCR073W-A,0,-7.9914947,0.32330062985420227,0.9559999704360962,0.20010000467300415
YNL053W,YDR142C,0,-7.991574,0.3231913447380066,0.9559999704360962,0.20020000636577606
YGR271W,YMR114C,0,-7.991928,0.3230821192264557,0.9559999704360962,0.20029999315738678
YLR238W,YNL063W,0,-7.993121,0.32297298312187195,0.9559999704360962,0.2003999948501587
YER088C,YNL115C,0,-7.9951634,0.322863906621933,0.9559999704360962,0.2004999965429306
YMR020W,YKL008C,0,-7.9952364,0.3227548897266388,0.9559999704360962,0.20059999823570251
YBR049C,YKL063C,0,-7.9962544,0.32264596223831177,0.9559999704360962,0.20069999992847443
YGR049W,YLR024C,0,-7.9962773,0.3225371241569519,0.9559999704360962,0.20080000162124634
YPL280W,YFR052W,0,-7.9964023,0.32242831587791443,0.9559999704360962,0.20090000331401825
YPL138C,YBR165W,0,-7.996592,0.3223196268081665,0.9559999704360962,0.20100000500679016
YML019W,YER072W,0,-7.997159,0.32221099734306335,0.9559999704360962,0.20110000669956207
YOL135C,YGL232W,0,-7.9985304,0.322102427482605,0.9559999704360962,0.2011999934911728
YOR057W,YDR307W,0,-7.9987783,0.32199394702911377,0.9559999704360962,0.2012999951839447
YJR161C,YOR307C,0,-7.9999943,0.32188552618026733,0.9559999704360962,0.2013999968767166
YDR099W,YJL156C,0,-8.000175,0.3217771649360657,0.9559999704360962,0.20149999856948853
YHL048W,YML118W,0,-8.000413,0.32166892290115356,0.9559999704360962,0.20160000026226044
YLR154C,YKR072C,0,-8.001519,0.32156071066856384,0.9559999704360962,0.20170000195503235
YNR032W,YNL160W,0,-8.002433,0.3214525878429413,0.9559999704360962,0.20180000364780426
YER062C,YKL020C,0,-8.002482,0.3213445246219635,0.9559999704360962,0.20190000534057617
YKL103C,YGR125W,0,-8.005025,0.3212365508079529,0.9559999704360962,0.20200000703334808
YJL127C,YDR486C,0,-8.005039,0.3211286664009094,0.9559999704360962,0.2020999938249588
YKL130C,YIL063C,0,-8.005063,0.32102081179618835,0.9559999704360962,0.2021999955177307
YGR086C,YCR018C,0,-8.006052,0.32091304659843445,0.9559999704360962,0.20229999721050262
YOR038C,YNR012W,0,-8.00674,0.3208053708076477,0.9559999704360962,0.20239999890327454
YFR001W,YKL176C,0,-8.007303,0.32069775462150574,0.9559999704360962,0.20250000059604645
YCR092C,YCL020W,0,-8.008223,0.32059019804000854,0.9559999704360962,0.20260000228881836
YOL165C,YDL165W,0,-8.009029,0.3204827308654785,0.9559999704360962,0.20270000398159027
YLR043C,YOL019W,0,-8.009781,0.32037532329559326,0.9559999704360962,0.20280000567436218
YBR001C,YJR159W,0,-8.009803,0.32026800513267517,0.9559999704360962,0.2029000073671341
YBR020W,YHR001W-A,0,-8.010426,0.32016074657440186,0.9559999704360962,0.2029999941587448
YHR167W,YOL102C,0,-8.01058,0.3200535774230957,0.9559999704360962,0.20309999585151672
YBL019W,YJR097W,0,-8.011188,0.31994643807411194,0.9559999704360962,0.20319999754428864
YLR388W,YML028W,0,-8.012156,0.3198394179344177,0.9559999704360962,0.20329999923706055
YKL064W,YFR049W,0,-8.012256,0.3197324275970459,0.9559999704360962,0.20340000092983246
YKR063C,YOR353C,0,-8.0137825,0.3196255564689636,0.9559999704360962,0.20350000262260437
YDR272W,YFR003C,0,-8.014902,0.31951871514320374,0.9559999704360962,0.20360000431537628
YFL009W,YHR204W,0,-8.015438,0.319411963224411,0.9559999704360962,0.2037000060081482
YBR042C,YNL078W,0,-8.016557,0.31930527091026306,0.9559999704360962,0.2037999927997589
YKL205W,YDR348C,0,-8.016824,0.3191986680030823,0.9559999704360962,0.20389999449253082
YML125C,YJL054W,0,-8.01781,0.31909212470054626,0.9559999704360962,0.20399999618530273
YJR001W,YPR110C,0,-8.017846,0.31898564100265503,0.9559999704360962,0.20409999787807465
YHR058C,YDR334W,0,-8.017905,0.31887924671173096,0.9559999704360962,0.20419999957084656
YJR159W,YBR169C,0,-8.018695,0.31877291202545166,0.9559999704360962,0.20430000126361847
YCR026C,YOR014W,0,-8.018841,0.3186666667461395,0.9559999704360962,0.20440000295639038
YPL207W,YML001W,0,-8.019171,0.31856048107147217,0.9559999704360962,0.2045000046491623
YMR266W,YLR166C,0,-8.019757,0.3184543550014496,0.9559999704360962,0.2046000063419342
YPL112C,YIL129C,0,-8.0207815,0.31834831833839417,0.9559999704360962,0.20469999313354492
YLR369W,YGR111W,0,-8.020916,0.3182423412799835,0.9559999704360962,0.20479999482631683
YBR086C,YGL111W,0,-8.021141,0.31813645362854004,0.9559999704360962,0.20489999651908875
YOL088C,YDL122W,0,-8.02312,0.31803059577941895,0.9559999704360962,0.20499999821186066
YNL231C,YGL157W,0,-8.0247135,0.317924827337265,0.9559999704360962,0.20509999990463257
YCR003W,YFL037W,0,-8.024776,0.31781914830207825,0.9559999704360962,0.20520000159740448
YKL082C,YPR114W,0,-8.024837,0.31771352887153625,0.9559999704360962,0.2053000032901764
YLL009C,YPR101W,0,-8.025037,0.31760796904563904,0.9559999704360962,0.2054000049829483
YCL043C,YOR008C,0,-8.025197,0.317502498626709,0.9559999704360962,0.20550000667572021
YBR186W,YDR372C,0,-8.026278,0.3173970878124237,0.9559999704360962,0.20559999346733093
YDL101C,YMR050C,0,-8.026746,0.3172917366027832,0.9559999704360962,0.20569999516010284
YOR240W,YDR116C,0,-8.0279665,0.31718647480010986,0.9559999704360962,0.20579999685287476
YMR302C,YFR049W,0,-8.028332,0.3170812726020813,0.9559999704360962,0.20589999854564667
YPR068C,YGR028W,0,-8.028966,0.3169761300086975,0.9559999704360962,0.20600000023841858
YGR255C,YGL219C,0,-8.029464,0.3168710768222809,0.9559999704360962,0.2061000019311905
YER055C,YJR027W,0,-8.029861,0.31676608324050903,0.9559999704360962,0.2062000036239624
YOL069W,YGR049W,0,-8.029939,0.31666114926338196,0.9559999704360962,0.20630000531673431
YLR129W,YPL022W,0,-8.030757,0.31655630469322205,0.9559999704360962,0.20640000700950623
YDR519W,YFR013W,0,-8.031242,0.3164515197277069,0.9559999704360962,0.20649999380111694
YNL182C,YML025C,1,-8.031559,0.31667768955230713,0.9570000171661377,0.20649999380111694
YBR072W,YFL026W,0,-8.033452,0.3165729343891144,0.9570000171661377,0.20659999549388885
YLR017W,YMR002W,0,-8.035041,0.3164682686328888,0.9570000171661377,0.20669999718666077
YGR257C,YKR059W,0,-8.036001,0.3163636326789856,0.9570000171661377,0.20679999887943268
YDR320C-A,YNL032W,0,-8.03852,0.31625908613204956,0.9570000171661377,0.2069000005722046
YLR107W,YJR010C-A,0,-8.038579,0.3161545991897583,0.9570000171661377,0.2070000022649765
YPR120C,YPR094W,0,-8.038817,0.3160502016544342,0.9570000171661377,0.2071000039577484
YCR047C,YGL257C,0,-8.039008,0.3159458637237549,0.9570000171661377,0.20720000565052032
YOR339C,YPL141C,0,-8.042225,0.31584158539772034,0.9570000171661377,0.20730000734329224
YOR298W,YJL047C,0,-8.044231,0.31573736667633057,0.9570000171661377,0.20739999413490295
YCL029C,YAR010C,0,-8.044752,0.31563323736190796,0.9570000171661377,0.20749999582767487
YKR001C,YGL259W,0,-8.04484,0.3155291676521301,0.9570000171661377,0.20759999752044678
YOL039W,YKL196C,0,-8.045086,0.31542518734931946,0.9570000171661377,0.2076999992132187
YPL082C,YDR365W-A,0,-8.046115,0.31532126665115356,0.9570000171661377,0.2078000009059906
YHR118C,YGL207W,0,-8.046576,0.31521740555763245,0.9570000171661377,0.2079000025987625
YCL064C,YDR113C,0,-8.047265,0.3151136040687561,0.9570000171661377,0.20800000429153442
YNL145W,YLL006W,0,-8.050068,0.31500986218452454,0.9570000171661377,0.20810000598430634
YAR050W,YDR262W,0,-8.051276,0.31490620970726013,0.9570000171661377,0.20819999277591705
YLR431C,YPR078C,0,-8.053764,0.3148026168346405,0.9570000171661377,0.20829999446868896
YFL026W,YOL124C,0,-8.05381,0.31469911336898804,0.9570000171661377,0.20839999616146088
YJR126C,YDL180W,0,-8.0544,0.31459566950798035,0.9570000171661377,0.2084999978542328
YOR009W,YFL052W,0,-8.054956,0.31449228525161743,0.9570000171661377,0.2085999995470047
YBL105C,YDR398W,0,-8.055216,0.3143889605998993,0.9570000171661377,0.2087000012397766
YCR093W,YDR379W,0,-8.056608,0.3142857253551483,0.9570000171661377,0.20880000293254852
YKL004W,YBR159W,0,-8.058005,0.3141825199127197,0.9570000171661377,0.20890000462532043
YGR224W,YCR091W,0,-8.060309,0.3140794336795807,0.9570000171661377,0.20900000631809235
YER045C,YGR292W,0,-8.062728,0.31397637724876404,0.9570000171661377,0.20909999310970306
YMR277W,YBR086C,0,-8.063626,0.31387341022491455,0.9570000171661377,0.20919999480247498
YIL044C,YLR265C,0,-8.063887,0.31377050280570984,0.9570000171661377,0.2092999964952469
YNL130C,YDR317W,0,-8.064378,0.3136676549911499,0.9570000171661377,0.2093999981880188
YBR176W,YDR186C,0,-8.064716,0.31356486678123474,0.9570000171661377,0.2094999998807907
YNL117W,YMR272C,0,-8.065924,0.31346216797828674,0.9570000171661377,0.20960000157356262
YHR053C,YDR358W,0,-8.066156,0.3133595287799835,0.9570000171661377,0.20970000326633453
YJL184W,YKL075C,0,-8.066253,0.3132569491863251,0.9570000171661377,0.20980000495910645
YOR150W,YLR167W,1,-8.066301,0.3134816884994507,0.9580000042915344,0.20980000495910645
YCR081W,YDR120C,0,-8.066779,0.3133791387081146,0.9580000042915344,0.20990000665187836
YER124C,YCL057W,0,-8.066968,0.31327664852142334,0.9580000042915344,0.20999999344348907
YEL050C,YKL006C-A,0,-8.066989,0.3131742477416992,0.9580000042915344,0.210099995136261
YGL130W,YIR014W,0,-8.066996,0.3130719065666199,0.9580000042915344,0.2101999968290329
YLR312W-A,YNL243W,0,-8.0674925,0.3129696249961853,0.9580000042915344,0.2102999985218048
YDL222C,YFL016C,0,-8.067697,0.3128674030303955,0.9580000042915344,0.21040000021457672
YNL031C,YLR044C,0,-8.068181,0.3127652704715729,0.9580000042915344,0.21050000190734863
YIR041W,YML098W,0,-8.069607,0.312663197517395,0.9580000042915344,0.21060000360012054
YHR044C,YGR165W,0,-8.071035,0.31256118416786194,0.9580000042915344,0.21070000529289246
YDR251W,YPR154W,0,-8.071304,0.31245923042297363,0.9580000042915344,0.21080000698566437
YKL052C,YJL078C,0,-8.071801,0.3123573660850525,0.9580000042915344,0.21089999377727509
YOL165C,YOL011W,0,-8.071855,0.31225553154945374,0.9580000042915344,0.210999995470047
YML103C,YEL006W,0,-8.072164,0.31215378642082214,0.9580000042915344,0.2110999971628189
YHR147C,YGR074W,0,-8.072752,0.3120521306991577,0.9580000042915344,0.21119999885559082
YNL132W,YOR083W,0,-8.073744,0.3119505047798157,0.9580000042915344,0.21130000054836273
YDR221W,YMR291W,0,-8.074933,0.3118489682674408,0.9580000042915344,0.21140000224113464
YJL179W,YDL039C,0,-8.075024,0.3117474913597107,0.9580000042915344,0.21150000393390656
YGR056W,YGL231C,0,-8.076874,0.31164607405662537,0.9580000042915344,0.21160000562667847
YCR068W,YOR202W,0,-8.076956,0.3115447163581848,0.9580000042915344,0.21170000731945038
YML022W,YKL175W,0,-8.0775175,0.31144341826438904,0.9580000042915344,0.2117999941110611
YLR244C,YKR001C,0,-8.077802,0.3113422095775604,0.9580000042915344,0.211899995803833
YGL001C,YPR156C,0,-8.077954,0.3112410604953766,0.9580000042915344,0.21199999749660492
YOL023W,YIL096C,0,-8.078585,0.3111399710178375,0.9580000042915344,0.21209999918937683
YNL294C,YIL101C,0,-8.0786,0.3110389709472656,0.9580000042915344,0.21220000088214874
YPL069C,YPR125W,0,-8.078654,0.3109380006790161,0.9580000042915344,0.21230000257492065
YKR081C,YML025C,1,-8.078964,0.3111615777015686,0.9589999914169312,0.21230000257492065
YNL020C,YNL186W,0,-8.079364,0.31106066703796387,0.9589999914169312,0.21240000426769257
YFL059W,YOR019W,0,-8.079506,0.3109597861766815,0.9589999914169312,0.21250000596046448
YOR321W,YDR077W,0,-8.079593,0.31085899472236633,0.9589999914169312,0.2125999927520752
YKL053C-A,YFL035C-B,0,-8.079788,0.3107582628726959,0.9589999914169312,0.2126999944448471
YML036W,YJR120W,0,-8.080214,0.3106575906276703,0.9589999914169312,0.21279999613761902
YGL236C,YNL207W,0,-8.080585,0.3105570077896118,0.9589999914169312,0.21289999783039093
YNL238W,YMR272C,0,-8.081552,0.31045645475387573,0.9589999914169312,0.21299999952316284
YNL173C,YBR114W,0,-8.082254,0.3103559911251068,0.9589999914169312,0.21310000121593475
YGR152C,YPR137C-B,0,-8.082528,0.31025558710098267,0.9589999914169312,0.21320000290870667
YJL121C,YLR455W,0,-8.082838,0.3101552426815033,0.9589999914169312,0.21330000460147858
YDL222C,YDR317W,0,-8.084088,0.3100549578666687,0.9589999914169312,0.2134000062942505
YLR060W,YDR349C,0,-8.084614,0.30995476245880127,0.9589999914169312,0.2134999930858612
YDL024C,YMR101C,0,-8.084899,0.3098545968532562,0.9589999914169312,0.21359999477863312
YBR089C-A,YML023C,0,-8.085356,0.30975452065467834,0.9589999914169312,0.21369999647140503
YHR047C,YIR004W,0,-8.0854435,0.30965450406074524,0.9589999914169312,0.21379999816417694
YMR232W,YPR138C,0,-8.086415,0.3095545470714569,0.9589999914169312,0.21389999985694885
YLL052C,YJR120W,0,-8.086512,0.30945464968681335,0.9589999914169312,0.21400000154972076
YPL275W,YHL044W,0,-8.087151,0.30935484170913696,0.9589999914169312,0.21410000324249268
YJL003W,YPL159C,0,-8.088081,0.30925509333610535,0.9589999914169312,0.2142000049352646
YPL178W,YGR084C,0,-8.088426,0.3091553747653961,0.9589999914169312,0.2143000066280365
YJL059W,YDL119C,0,-8.088528,0.30905574560165405,0.9589999914169312,0.21439999341964722
YKR099W,YNL051W,0,-8.088936,0.30895617604255676,0.9589999914169312,0.21449999511241913
YLL003W,YAR035W,0,-8.089055,0.30885669589042664,0.9589999914169312,0.21459999680519104
YNR030W,YML071C,0,-8.089727,0.3087572455406189,0.9589999914169312,0.21469999849796295
YKL201C,YPL138C,0,-8.090378,0.30865785479545593,0.9589999914169312,0.21480000019073486
YER149C,YGR074W,0,-8.090657,0.30855855345726013,0.9589999914169312,0.21490000188350677
YGR215W,YIL147C,0,-8.090946,0.3084593117237091,0.9589999914169312,0.2150000035762787
YML051W,YEL043W,0,-8.091304,0.30836012959480286,0.9589999914169312,0.2151000052690506
YKL191W,YHR214C-C,0,-8.092152,0.3082610070705414,0.9589999914169312,0.2152000069618225
YPL179W,YJR027W,0,-8.092655,0.3081619441509247,0.9589999914169312,0.21529999375343323
YHR047C,YNL048W,0,-8.093178,0.30806297063827515,0.9589999914169312,0.21539999544620514
YJL073W,YNR052C,0,-8.094687,0.307964026927948,0.9589999914169312,0.21549999713897705
YKL049C,YBR084C-A,0,-8.095401,0.307865172624588,0.9589999914169312,0.21559999883174896
YKL093W,YBR237W,0,-8.095783,0.3077663779258728,0.9589999914169312,0.21570000052452087
YAL021C,YER014W,0,-8.095852,0.30766764283180237,0.9589999914169312,0.21580000221729279
YDR224C,YER148W,0,-8.095931,0.3075689673423767,0.9589999914169312,0.2159000039100647
YJR001W,YDR075W,0,-8.097136,0.3074703514575958,0.9589999914169312,0.2160000056028366
YNL331C,YCL033C,0,-8.097195,0.3073717951774597,0.9589999914169312,0.21610000729560852
YPL036W,YDR026C,0,-8.097252,0.3072732985019684,0.9589999914169312,0.21619999408721924
YBR101C,YER050C,0,-8.098156,0.3071748912334442,0.9589999914169312,0.21629999577999115
YOL063C,YIL083C,0,-8.098627,0.3070765435695648,0.9589999914169312,0.21639999747276306
YOR014W,YDL118W,0,-8.098918,0.3069782257080078,0.9589999914169312,0.21649999916553497
YPR043W,YOR129C,0,-8.099138,0.30687999725341797,0.9589999914169312,0.21660000085830688
YOR116C,YBL005W-B,0,-8.099617,0.3067818284034729,0.9589999914169312,0.2167000025510788
YAL039C,YDR034C-D,0,-8.100474,0.3066837191581726,0.9589999914169312,0.2168000042438507
YCL030C,YBR222C,0,-8.1016445,0.3065856695175171,0.9589999914169312,0.21690000593662262
YJL094C,YBR117C,0,-8.102055,0.30648770928382874,0.9589999914169312,0.21699999272823334
YPL046C,YFR040W,0,-8.103519,0.30638977885246277,0.9589999914169312,0.21709999442100525
YGL139W,YOR119C,0,-8.104266,0.3062919080257416,0.9589999914169312,0.21719999611377716
YHR001W-A,YNR073C,0,-8.104357,0.30619412660598755,0.9589999914169312,0.21729999780654907
YMR189W,YHR194W,0,-8.104902,0.3060964047908783,0.9589999914169312,0.21739999949932098
YBR002C,YDL184C,0,-8.105055,0.30599871277809143,0.9589999914169312,0.2175000011920929
YOR197W,YKL057C,0,-8.10527,0.30590111017227173,0.9589999914169312,0.2176000028848648
YDR294C,YER020W,0,-8.10666,0.3058035671710968,0.9589999914169312,0.21770000457763672
YJR139C,YJR120W,0,-8.106997,0.30570608377456665,0.9589999914169312,0.21780000627040863
YNL023C,YDL207W,0,-8.10978,0.3056086599826813,0.9589999914169312,0.21789999306201935
YIL091C,YKR078W,0,-8.110463,0.3055112957954407,0.9589999914169312,0.21799999475479126
YGL026C,YOR129C,0,-8.110842,0.30541402101516724,0.9589999914169312,0.21809999644756317
YGL004C,YFR003C,0,-8.11087,0.3053167760372162,0.9589999914169312,0.21819999814033508
YOL031C,YLR126C,0,-8.111123,0.3052195906639099,0.9589999914169312,0.218299999833107
YFR003C,YPR097W,0,-8.111167,0.3051224946975708,0.9589999914169312,0.2184000015258789
YNL297C,YPL006W,0,-8.111241,0.30502545833587646,0.9589999914169312,0.21850000321865082
YPR166C,YDR410C,0,-8.111311,0.3049284517765045,0.9589999914169312,0.21860000491142273
YGR252W,YIL172C,0,-8.111416,0.30483153462409973,0.9589999914169312,0.21870000660419464
YPL273W,YDR457W,0,-8.111509,0.3047346770763397,0.9589999914169312,0.21879999339580536
YGL247W,YNL327W,0,-8.111538,0.3046378791332245,0.9589999914169312,0.21889999508857727
YGL151W,YMR127C,0,-8.112508,0.30454111099243164,0.9589999914169312,0.21899999678134918
YGR108W,YPL192C,0,-8.112564,0.30444443225860596,0.9589999914169312,0.2190999984741211
YJR059W,YPR078C,0,-8.112658,0.30434781312942505,0.9589999914169312,0.219200000166893
YNL315C,YOL071W,0,-8.113086,0.3042512834072113,0.9589999914169312,0.21930000185966492
YLR312W-A,YJR134C,0,-8.113277,0.30415478348731995,0.9589999914169312,0.21940000355243683
YNL267W,YOR087W,0,-8.115141,0.30405834317207336,0.9589999914169312,0.21950000524520874
YPL076W,YKL212W,0,-8.115997,0.30396196246147156,0.9589999914169312,0.21960000693798065
YOR375C,YER105C,0,-8.116792,0.3038656413555145,0.9589999914169312,0.21969999372959137
YHL004W,YJL041W,0,-8.116961,0.30376940965652466,0.9589999914169312,0.21979999542236328
YLR106C,YML025C,1,-8.117041,0.30398985743522644,0.9599999785423279,0.21979999542236328
YDR272W,YGR005C,0,-8.117995,0.3038936257362366,0.9599999785423279,0.2198999971151352
YKR068C,YLR147C,0,-8.119502,0.3037974536418915,0.9599999785423279,0.2199999988079071
YDR104C,YKL094W,0,-8.120475,0.30370137095451355,0.9599999785423279,0.22010000050067902
YLL001W,YPL183W-A,0,-8.120772,0.303605318069458,0.9599999785423279,0.22020000219345093
YML099C,YOL030W,0,-8.120779,0.30350932478904724,0.9599999785423279,0.22030000388622284
YHR092C,YCR071C,0,-8.12102,0.30341339111328125,0.9599999785423279,0.22040000557899475
YGL116W,YMR183C,0,-8.121408,0.3033175468444824,0.9599999785423279,0.22050000727176666
YNL065W,YKL019W,0,-8.121768,0.303221732378006,0.9599999785423279,0.22059999406337738
YFL050C,YML071C,0,-8.121993,0.3031259775161743,0.9599999785423279,0.2206999957561493
YNL257C,YIL177C,0,-8.122096,0.3030303120613098,0.9599999785423279,0.2207999974489212
YOL033W,YDR131C,0,-8.124332,0.3029346764087677,0.9599999785423279,0.22089999914169312
YER107C,YLR440C,0,-8.124578,0.30283913016319275,0.9599999785423279,0.22100000083446503
YDR263C,YPL137C,0,-8.125859,0.3027436137199402,0.9599999785423279,0.22110000252723694
YDR399W,YOR083W,0,-8.126973,0.3026481568813324,0.9599999785423279,0.22120000422000885
YNL261W,YPL083C,0,-8.127323,0.3025527894496918,0.9599999785423279,0.22130000591278076
YLR068W,YKL101W,0,-8.127737,0.3024574816226959,0.9599999785423279,0.22139999270439148
YER090W,YPR063C,0,-8.129136,0.30236220359802246,0.9599999785423279,0.2214999943971634
YKL205W,YGR002C,0,-8.129357,0.30226701498031616,0.9599999785423279,0.2215999960899353
YJL003W,YPL183W-A,0,-8.129548,0.30217185616493225,0.9599999785423279,0.22169999778270721
YJL137C,YNR047W,0,-8.130079,0.3020767867565155,0.9599999785423279,0.22179999947547913
YML060W,YAR044W,0,-8.130749,0.30198174715042114,0.9599999785423279,0.22190000116825104
YPR201W,YCL020W,0,-8.131069,0.30188679695129395,0.9599999785423279,0.22200000286102295
YPR128C,YOR371C,0,-8.1317215,0.30179187655448914,0.9599999785423279,0.22210000455379486
YJR033C,YIR003W,0,-8.131754,0.3016970455646515,0.9599999785423279,0.22220000624656677
YER141W,YOR161C,0,-8.132116,0.3016022741794586,0.9599999785423279,0.2222999930381775
YLR188W,YMR091C,0,-8.132901,0.30150753259658813,0.9599999785423279,0.2223999947309494
YJL008C,YDR260C,0,-8.133299,0.3014128804206848,0.9599999785423279,0.2224999964237213
YDR137W,YDR172W,0,-8.133823,0.3013182580471039,0.9599999785423279,0.22259999811649323
YGL158W,YBR117C,0,-8.134175,0.3012237250804901,0.9599999785423279,0.22269999980926514
YLR134W,YJR134C,0,-8.13473,0.30112922191619873,0.9599999785423279,0.22280000150203705
YEL040W,YCL019W,0,-8.135564,0.3010348081588745,0.9599999785423279,0.22290000319480896
YLR260W,YAR010C,0,-8.13697,0.3009404242038727,0.9599999785423279,0.22300000488758087
YGR036C,YLR037C,0,-8.136988,0.300846129655838,0.9599999785423279,0.22310000658035278
YOL116W,YJR102C,0,-8.137019,0.30075186491012573,0.9599999785423279,0.2231999933719635
YGL247W,YHL027W,0,-8.139458,0.3006576895713806,0.9599999785423279,0.2232999950647354
YJR139C,YOR310C,0,-8.139541,0.3005635440349579,0.9599999785423279,0.22339999675750732
YPL233W,YBR237W,0,-8.141079,0.3004694879055023,0.9599999785423279,0.22349999845027924
YOR373W,YNL126W,0,-8.141307,0.30037546157836914,0.9599999785423279,0.22360000014305115
YKL114C,YGR152C,0,-8.141938,0.3002815246582031,0.9599999785423279,0.22370000183582306
YLR305C,YIL067C,0,-8.1425705,0.3001876175403595,0.9599999785423279,0.22380000352859497
YJR152W,YAR009C,0,-8.142908,0.30009377002716064,0.9599999785423279,0.22390000522136688
YDL150W,YDR303C,0,-8.14294,0.30000001192092896,0.9599999785423279,0.2240000069141388
YJR007W,YML038C,0,-8.144277,0.29990628361701965,0.9599999785423279,0.2240999937057495
YIL070C,YPL041C,0,-8.144478,0.2998126149177551,0.9599999785423279,0.22419999539852142
YER122C,YNL169C,0,-8.1450615,0.2997190058231354,0.9599999785423279,0.22429999709129333
YLR106C,YGR220C,1,-8.1451,0.29993757605552673,0.9610000252723694,0.22429999709129333
YGL122C,YDR113C,0,-8.145121,0.29984399676322937,0.9610000252723694,0.22439999878406525
YOR148C,YGR185C,0,-8.146187,0.2997504770755768,0.9610000252723694,0.22450000047683716
YPR019W,YKL156W,0,-8.1466255,0.2996569871902466,0.9610000252723694,0.22460000216960907
YCR092C,YHL001W,0,-8.146675,0.29956358671188354,0.9610000252723694,0.22470000386238098
YNR059W,YKL142W,0,-8.14693,0.2994702458381653,0.9610000252723694,0.2248000055551529
YJR150C,YHL044W,0,-8.147396,0.2993769347667694,0.9610000252723694,0.2249000072479248
YJR137C,YFR013W,0,-8.148531,0.2992837131023407,0.9610000252723694,0.22499999403953552
YMR023C,YPR114W,0,-8.14864,0.2991905212402344,0.9610000252723694,0.22509999573230743
YJR057W,YDR531W,0,-8.148788,0.2990974187850952,0.9610000252723694,0.22519999742507935
YLR303W,YLR197W,0,-8.148961,0.29900434613227844,0.9610000252723694,0.22529999911785126
YMR149W,YER113C,0,-8.149615,0.29891136288642883,0.9610000252723694,0.22540000081062317
YJL127C,YHL044W,0,-8.149646,0.2988184094429016,0.9610000252723694,0.22550000250339508
YLR394W,YER019W,0,-8.150207,0.29872551560401917,0.9610000252723694,0.225600004196167
YLR300W,YNL290W,0,-8.150218,0.2986326813697815,0.9610000252723694,0.2257000058889389
YHL033C,YPR137C-A,0,-8.150673,0.2985399067401886,0.9610000252723694,0.22579999268054962
YDR078C,YNL334C,0,-8.15082,0.2984471917152405,0.9610000252723694,0.22589999437332153
YAL039C,YKL125W,0,-8.150901,0.29835453629493713,0.9610000252723694,0.22599999606609344
YGR140W,YBR192W,0,-8.150937,0.29826194047927856,0.9610000252723694,0.22609999775886536
YOR237W,YFR025C,0,-8.152279,0.29816940426826477,0.9610000252723694,0.22619999945163727
YGR206W,YGL212W,0,-8.153015,0.29807692766189575,0.9610000252723694,0.22630000114440918
YOR383C,YOL051W,0,-8.153193,0.2979845106601715,0.9610000252723694,0.2264000028371811
YDR206W,YJR144W,0,-8.153505,0.29789212346076965,0.9610000252723694,0.226500004529953
YOL089C,YOR116C,0,-8.153811,0.29779982566833496,0.9610000252723694,0.22660000622272491
YLR019W,YOR353C,0,-8.15589,0.29770755767822266,0.9610000252723694,0.22669999301433563
YFL049W,YOL103W-B,0,-8.156136,0.2976153492927551,0.9610000252723694,0.22679999470710754
YML129C,YDR109C,0,-8.156799,0.29752323031425476,0.9610000252723694,0.22689999639987946
YOR092W,YJR040W,0,-8.158095,0.2974311411380768,0.9610000252723694,0.22699999809265137
YLR098C,YCR089W,0,-8.158108,0.2973391115665436,0.9610000252723694,0.22709999978542328
YML126C,YBL038W,0,-8.158259,0.29724714159965515,0.9610000252723694,0.2272000014781952
YIL007C,YBR005W,0,-8.158499,0.2971552312374115,0.9610000252723694,0.2273000031709671
YNL059C,YGR262C,0,-8.158862,0.2970633804798126,0.9610000252723694,0.227400004863739
YIR033W,YNR047W,0,-8.159581,0.29697155952453613,0.9610000252723694,0.22750000655651093
YGR049W,YBR108W,0,-8.159708,0.2968798279762268,0.9610000252723694,0.22759999334812164
YFR032C-A,YPL130W,0,-8.159771,0.29678812623023987,0.9610000252723694,0.22769999504089355
YNL315C,YCR034W,0,-8.159995,0.2966965138912201,0.9610000252723694,0.22779999673366547
YLR242C,YJL089W,0,-8.1603,0.2966049313545227,0.9610000252723694,0.22789999842643738
YNL286W,YOL102C,0,-8.1611,0.2965134084224701,0.9610000252723694,0.2280000001192093
YBR187W,YPL209C,0,-8.161568,0.29642197489738464,0.9610000252723694,0.2281000018119812
YNL298W,YNR012W,0,-8.161996,0.2963305711746216,0.9610000252723694,0.2282000035047531
YDL013W,YNL003C,0,-8.162454,0.2962391972541809,0.9610000252723694,0.22830000519752502
YIL095W,YJR041C,0,-8.162524,0.2961479127407074,0.9610000252723694,0.22840000689029694
YKR049C,YKR101W,0,-8.162847,0.29605668783187866,0.9610000252723694,0.22849999368190765
YJL065C,YML123C,0,-8.163812,0.2959654927253723,0.9610000252723694,0.22859999537467957
YGR204W,YHR039C,0,-8.163916,0.29587438702583313,0.9610000252723694,0.22869999706745148
YLR348C,YBR261C,0,-8.164275,0.29578331112861633,0.9610000252723694,0.2287999987602234
YLR251W,YHR012W,0,-8.164539,0.2956922948360443,0.9610000252723694,0.2289000004529953
YER167W,YLR368W,0,-8.164996,0.29560136795043945,0.9610000252723694,0.2290000021457672
YOL043C,YKL051W,0,-8.16596,0.2955104410648346,0.9610000252723694,0.22910000383853912
YHR163W,YHR048W,0,-8.166396,0.2954196035861969,0.9610000252723694,0.22920000553131104
YHR030C,YNR047W,0,-8.166473,0.295328825712204,0.9610000252723694,0.22930000722408295
YDR516C,YOR142W,0,-8.166815,0.29523810744285583,0.9610000252723694,0.22939999401569366
YBR155W,YLR113W,0,-8.167172,0.2951474189758301,0.9610000252723694,0.22949999570846558
YLR153C,YLR042C,0,-8.16808,0.2950567901134491,0.9610000252723694,0.2295999974012375
YER155C,YGL113W,0,-8.168085,0.2949662506580353,0.9610000252723694,0.2296999990940094
YHR204W,YCL008C,0,-8.168161,0.29487574100494385,0.9610000252723694,0.2298000007867813
YMR006C,YGR109W-A,0,-8.16836,0.2947852909564972,0.9610000252723694,0.22990000247955322
YGL151W,YKR095W-A,0,-8.168587,0.2946948707103729,0.9610000252723694,0.23000000417232513
YHR053C,YDR206W,0,-8.168604,0.2946045398712158,0.9610000252723694,0.23010000586509705
YOL045W,YGL131C,0,-8.168722,0.2945142388343811,0.9610000252723694,0.23019999265670776
YGL033W,YNL067W,0,-8.169053,0.29442402720451355,0.9610000252723694,0.23029999434947968
YOR267C,YOL091W,0,-8.169234,0.2943338453769684,0.9610000252723694,0.2303999960422516
YDR347W,YER105C,0,-8.169294,0.294243723154068,0.9610000252723694,0.2304999977350235
YIL122W,YKR079C,0,-8.170413,0.2941536605358124,0.9610000252723694,0.2305999994277954
YGR057C,YEL053C,0,-8.170967,0.29406365752220154,0.9610000252723694,0.23070000112056732
YLR190W,YFR006W,0,-8.171933,0.2939736843109131,0.9610000252723694,0.23080000281333923
YKR085C,YER078C,0,-8.172838,0.2938838005065918,0.9610000252723694,0.23090000450611115
YBR274W,YBR109C,0,-8.173437,0.2937939465045929,0.9610000252723694,0.23100000619888306
YCR012W,YKR025W,0,-8.173807,0.29370415210723877,0.9610000252723694,0.23109999299049377
YLL062C,YDL064W,0,-8.174922,0.2936144173145294,0.9610000252723694,0.23119999468326569
YPL008W,YBR175W,0,-8.175202,0.29352474212646484,0.9610000252723694,0.2312999963760376
YNL121C,YOR304C-A,0,-8.175818,0.29343512654304504,0.9610000252723694,0.2313999980688095
YGR261C,YJR064W,0,-8.177302,0.29334554076194763,0.9610000252723694,0.23149999976158142
YMR113W,YHR179W,0,-8.1773615,0.293256014585495,0.9610000252723694,0.23160000145435333
YHR158C,YCL061C,0,-8.17771,0.2931665778160095,0.9610000252723694,0.23170000314712524
YDL145C,YLR354C,0,-8.177746,0.29307717084884644,0.9610000252723694,0.23180000483989716
YLR061W,YOR308C,0,-8.178558,0.29298779368400574,0.9610000252723694,0.23190000653266907
YPR094W,YPL089C,0,-8.179032,0.2928985059261322,0.9610000252723694,0.23199999332427979
YBR070C,YDR298C,0,-8.179406,0.29280924797058105,0.9610000252723694,0.2320999950170517
YNL088W,YOR075W,0,-8.179442,0.29272007942199707,0.9610000252723694,0.2321999967098236
YCR047C,YML005W,0,-8.179824,0.2926309406757355,0.9610000252723694,0.23229999840259552
YJR151C,YER019W,0,-8.180286,0.29254186153411865,0.9610000252723694,0.23240000009536743
YGL111W,YGL151W,0,-8.180567,0.2924528419971466,0.9610000252723694,0.23250000178813934
YCR043C,YPL183W-A,0,-8.180859,0.29236385226249695,0.9610000252723694,0.23260000348091125
YJL030W,YKL120W,0,-8.182167,0.29227495193481445,0.9610000252723694,0.23270000517368317
YGL001C,YHR118C,0,-8.183197,0.29218608140945435,0.9610000252723694,0.23280000686645508
YEL071W,YGR152C,0,-8.183232,0.292097270488739,0.9610000252723694,0.2328999936580658
YLR013W,YML031W,0,-8.183252,0.29200851917266846,0.9610000252723694,0.2329999953508377
YBR070C,YOL101C,0,-8.183303,0.2919197976589203,0.9610000252723694,0.23309999704360962
YOR150W,YHR170W,1,-8.183915,0.2921348214149475,0.9620000123977661,0.23309999704360962
YLR117C,YDR365W-B,0,-8.1852665,0.29204612970352173,0.9620000123977661,0.23319999873638153
YFR055W,YDR137W,0,-8.1855955,0.2919574975967407,0.9620000123977661,0.23330000042915344
YOR081C,YDR330W,0,-8.186041,0.2918689250946045,0.9620000123977661,0.23340000212192535
YGR216C,YJR014W,0,-8.186412,0.29178041219711304,0.9620000123977661,0.23350000381469727
YDR072C,YHR214C-C,0,-8.186828,0.29169192910194397,0.9620000123977661,0.23360000550746918
YGL187C,YJL129C,0,-8.187951,0.2916035056114197,0.9620000123977661,0.2337000072002411
YDR047W,YPL157W,0,-8.188105,0.29151514172554016,0.9620000123977661,0.2337999939918518
YML064C,YCR045C,0,-8.18822,0.2914268374443054,0.9620000123977661,0.23389999568462372
YLL038C,YDR153C,0,-8.189225,0.29133859276771545,0.9620000123977661,0.23399999737739563
YPR106W,YBL005W-B,0,-8.189521,0.2912503778934479,0.9620000123977661,0.23409999907016754
YOR061W,YBR022W,0,-8.189946,0.2911622226238251,0.9620000123977661,0.23420000076293945
YMR215W,YKL167C,0,-8.190443,0.29107412695884705,0.9620000123977661,0.23430000245571136
YIL076W,YOL004W,0,-8.190995,0.2909860908985138,0.9620000123977661,0.23440000414848328
YLR153C,YJL110C,0,-8.191163,0.29089808464050293,0.9620000123977661,0.2345000058412552
YER110C,YBR297W,0,-8.191323,0.29081016778945923,0.9620000123977661,0.2345999926328659
YLR238W,YGL185C,0,-8.191555,0.2907222807407379,0.9620000123977661,0.23469999432563782
YDL069C,YDR310C,0,-8.191568,0.2906344532966614,0.9620000123977661,0.23479999601840973
YMR318C,YPL160W,0,-8.192078,0.2905466556549072,0.9620000123977661,0.23489999771118164
YLR141W,YER007C-A,0,-8.19316,0.29045894742012024,0.9620000123977661,0.23499999940395355
YMR138W,YOR233W,0,-8.193431,0.29037126898765564,0.9620000123977661,0.23510000109672546
YJR057W,YJR109C,0,-8.193442,0.2902836501598358,0.9620000123977661,0.23520000278949738
YDR284C,YML033W,0,-8.194248,0.29019609093666077,0.9620000123977661,0.2353000044822693
YOR122C,YDL236W,0,-8.194474,0.2901085615158081,0.9620000123977661,0.2354000061750412
YBL064C,YOR208W,0,-8.195377,0.2900210916996002,0.9620000123977661,0.23549999296665192
YPR111W,YGR052W,0,-8.195515,0.2899336814880371,0.9620000123977661,0.23559999465942383
YGR280C,YPL163C,0,-8.196033,0.2898463308811188,0.9620000123977661,0.23569999635219574
YJR010W,YJR045C,0,-8.196889,0.2897590398788452,0.9620000123977661,0.23579999804496765
YKR100C,YPL120W,0,-8.196947,0.28967177867889404,0.9620000123977661,0.23589999973773956
YBL025W,YJL093C,0,-8.197314,0.28958457708358765,0.9620000123977661,0.23600000143051147
YMR266W,YLL056C,0,-8.198249,0.289497435092926,0.9620000123977661,0.2361000031232834
YPL128C,YEL043W,0,-8.199699,0.2894103527069092,0.9620000123977661,0.2362000048160553
YLR329W,YBR183W,0,-8.200489,0.2893233001232147,0.9620000123977661,0.2363000065088272
YLR016C,YPR137C-A,0,-8.200612,0.28923630714416504,0.9620000123977661,0.23639999330043793
YNL129W,YNL016W,0,-8.200909,0.28914937376976013,0.9620000123977661,0.23649999499320984
YGR220C,YOL127W,1,-8.201296,0.28936296701431274,0.9629999995231628,0.23649999499320984
YMR192W,YGR271C-A,0,-8.201398,0.2892760634422302,0.9629999995231628,0.23659999668598175
YOR234C,YOR339C,0,-8.20218,0.2891891896724701,0.9629999995231628,0.23669999837875366
YCR070W,YBR258C,0,-8.202814,0.28910237550735474,0.9629999995231628,0.23680000007152557
YDR434W,YDR487C,0,-8.204469,0.28901562094688416,0.9629999995231628,0.23690000176429749
YCR009C,YDR287W,0,-8.204501,0.28892889618873596,0.9629999995231628,0.2370000034570694
YDR184C,YAL041W,0,-8.206289,0.28884223103523254,0.9629999995231628,0.2371000051498413
YLR418C,YMR106C,0,-8.207373,0.2887556254863739,0.9629999995231628,0.23720000684261322
YPL195W,YNL121C,0,-8.2077055,0.28866907954216003,0.9629999995231628,0.23729999363422394
YCR027C,YMR236W,0,-8.208198,0.28858256340026855,0.9629999995231628,0.23739999532699585
YMR142C,YDL140C,0,-8.20836,0.28849610686302185,0.9629999995231628,0.23749999701976776
YLR209C,YFR032C-A,0,-8.208553,0.2884097099304199,0.9629999995231628,0.23759999871253967
YNR016C,YDR457W,0,-8.208729,0.2883233428001404,0.9629999995231628,0.23770000040531158
YBR221C,YNL272C,0,-8.210693,0.288237065076828,0.9629999995231628,0.2378000020980835
YDL087C,YGL062W,0,-8.213311,0.288150817155838,0.9629999995231628,0.2379000037908554
YOR393W,YOR035C,0,-8.213434,0.2880645990371704,0.9629999995231628,0.23800000548362732
YMR286W,YMR233W,0,-8.21344,0.28797847032546997,0.9629999995231628,0.23810000717639923
YLR174W,YKL020C,0,-8.213867,0.2878923714160919,0.9629999995231628,0.23819999396800995
YHR081W,YGR027W-B,0,-8.214398,0.28780633211135864,0.9629999995231628,0.23829999566078186
YNR037C,YJR014W,0,-8.21522,0.28772035241127014,0.9629999995231628,0.23839999735355377
YPL122C,YHR039C-A,0,-8.215518,0.28763440251350403,0.9629999995231628,0.23849999904632568
YCR086W,YNL231C,0,-8.215637,0.2875485122203827,0.9629999995231628,0.2386000007390976
YLR210W,YGL168W,0,-8.215688,0.28746268153190613,0.9629999995231628,0.2387000024318695
YMR138W,YNL213C,0,-8.215823,0.28737691044807434,0.9629999995231628,0.23880000412464142
YPL059W,YCR097W,0,-8.216028,0.28729116916656494,0.9629999995231628,0.23890000581741333
YBR296C,YOL091W,0,-8.216292,0.2872054874897003,0.9629999995231628,0.23899999260902405
YKR079C,YER074W-A,0,-8.216569,0.28711986541748047,0.9629999995231628,0.23909999430179596
YCL029C,YMR128W,0,-8.216778,0.287034273147583,0.9629999995231628,0.23919999599456787
YNR057C,YDL223C,0,-8.217314,0.2869487404823303,0.9629999995231628,0.23929999768733978
YER157W,YMR210W,0,-8.217492,0.2868632674217224,0.9629999995231628,0.2393999993801117
YOR028C,YBR083W,0,-8.218086,0.2867778539657593,0.9629999995231628,0.2395000010728836
YIL070C,YML120C,0,-8.218188,0.28669247031211853,0.9629999995231628,0.23960000276565552
YPL125W,YJR094W-A,0,-8.218278,0.28660714626312256,0.9629999995231628,0.23970000445842743
YER131W,YDR484W,0,-8.219359,0.28652188181877136,0.9629999995231628,0.23980000615119934
YBR070C,YCL057W,0,-8.2201,0.28643664717674255,0.9629999995231628,0.23989999294281006
YNL039W,YDR192C,0,-8.220276,0.2863514721393585,0.9629999995231628,0.23999999463558197
YPL137C,YGL179C,0,-8.22036,0.28626635670661926,0.9629999995231628,0.24009999632835388
YGR171C,YCL019W,0,-8.220369,0.2861812710762024,0.9629999995231628,0.2401999980211258
YBR201W,YLR009W,0,-8.220511,0.2860962450504303,0.9629999995231628,0.2402999997138977
YOL034W,YBR117C,0,-8.221704,0.286011278629303,0.9629999995231628,0.24040000140666962
YCR093W,YPL127C,0,-8.221825,0.28592637181282043,0.9629999995231628,0.24050000309944153
YGR099W,YOR060C,0,-8.2221155,0.2858414947986603,0.9629999995231628,0.24060000479221344
YNL047C,YOL128C,0,-8.222489,0.2857566773891449,0.9629999995231628,0.24070000648498535
YOL071W,YLR209C,0,-8.222535,0.2856719195842743,0.9629999995231628,0.24079999327659607
YPL134C,YNL058C,0,-8.222571,0.2855871915817261,0.9629999995231628,0.24089999496936798
YDR298C,YAL042W,0,-8.222686,0.28550252318382263,0.9629999995231628,0.2409999966621399
YFL024C,YOR384W,0,-8.222795,0.28541791439056396,0.9629999995231628,0.2410999983549118
YNL183C,YOR014W,0,-8.222893,0.2853333353996277,0.9629999995231628,0.24120000004768372
YIL088C,YOL133W,0,-8.222972,0.2852488160133362,0.9629999995231628,0.24130000174045563
YDR238C,YMR233W,0,-8.223406,0.28516435623168945,0.9629999995231628,0.24140000343322754
YDL079C,YBR117C,0,-8.223693,0.2850799262523651,0.9629999995231628,0.24150000512599945
YLR102C,YMR201C,0,-8.224071,0.28499555587768555,0.9629999995231628,0.24160000681877136
YAR015W,YMR285C,0,-8.225604,0.28491124510765076,0.9629999995231628,0.24169999361038208
YKR027W,YJR025C,0,-8.226769,0.28482696413993835,0.9629999995231628,0.241799995303154
YML107C,YHL007C,0,-8.226775,0.2847427427768707,0.9629999995231628,0.2418999969959259
YCR035C,YNL107W,0,-8.228166,0.2846585810184479,0.9629999995231628,0.24199999868869781
YPR188C,YBR073W,0,-8.229077,0.2845744788646698,0.9629999995231628,0.24210000038146973
YLL038C,YKL145W,0,-8.2292185,0.2844904065132141,0.9629999995231628,0.24220000207424164
YBR119W,YGR239C,0,-8.232043,0.2844063937664032,0.9629999995231628,0.24230000376701355
YOR083W,YNL054W-A,0,-8.232344,0.2843224108219147,0.9629999995231628,0.24240000545978546
YLL002W,YNL197C,0,-8.232462,0.2842384874820709,0.9629999995231628,0.24250000715255737
YCL029C,YIL035C,0,-8.232821,0.28415462374687195,0.9629999995231628,0.2425999939441681
YGL047W,YAR010C,0,-8.233604,0.28407078981399536,0.9629999995231628,0.24269999563694
YFL011W-A,YGL033W,0,-8.234455,0.28398701548576355,0.9629999995231628,0.24279999732971191
YPL231W,YJL187C,0,-8.234624,0.2839033007621765,0.9629999995231628,0.24289999902248383
YFL057C,YGR122W,0,-8.23579,0.28381961584091187,0.9629999995231628,0.24300000071525574
YHR115C,YGR125W,0,-8.236592,0.283735990524292,0.9629999995231628,0.24310000240802765
YML101C,YMR228W,0,-8.237052,0.2836524248123169,0.9629999995231628,0.24320000410079956
YML074C,YGR272C,0,-8.237216,0.2835689187049866,0.9629999995231628,0.24330000579357147
YBR160W,YCL018W,0,-8.238054,0.28348544239997864,0.9629999995231628,0.2433999925851822
YKL152C,YJL033W,0,-8.23829,0.2834019958972931,0.9629999995231628,0.2434999942779541
YDR122W,YNL339C,0,-8.239521,0.2833186089992523,0.9629999995231628,0.243599995970726
YJL063C,YHR021C,0,-8.239767,0.2832352817058563,0.9629999995231628,0.24369999766349792
YBR215W,YLL002W,0,-8.242793,0.2831520140171051,0.9629999995231628,0.24379999935626984
YPL255W,YKL096W-A,0,-8.242882,0.28306877613067627,0.9629999995231628,0.24390000104904175
YBL091C,YDR175C,0,-8.243043,0.2829855978488922,0.9629999995231628,0.24400000274181366
YOR098C,YLR277C,0,-8.243432,0.28290247917175293,0.9629999995231628,0.24410000443458557
YBR248C,YJR022W,0,-8.243785,0.28281939029693604,0.9629999995231628,0.24420000612735748
YDR001C,YDL216C,0,-8.244553,0.2827363610267639,0.9629999995231628,0.2442999929189682
YER170W,YER052C,0,-8.244858,0.2826533615589142,0.9629999995231628,0.2443999946117401
YER015W,YLR035C-A,0,-8.244864,0.28257042169570923,0.9629999995231628,0.24449999630451202
YPL089C,YGR109W-B,0,-8.24587,0.28248754143714905,0.9629999995231628,0.24459999799728394
YNR057C,YGR289C,0,-8.24604,0.28240469098091125,0.9629999995231628,0.24469999969005585
YKR083C,YBR092C,0,-8.246471,0.28232190012931824,0.9629999995231628,0.24480000138282776
YDR244W,YOR049C,0,-8.246897,0.28223916888237,0.9629999995231628,0.24490000307559967
YNL083W,YNL287W,0,-8.247342,0.28215646743774414,0.9629999995231628,0.24500000476837158
YMR188C,YDL107W,0,-8.247593,0.28207382559776306,0.9629999995231628,0.2451000064611435
YNL116W,YOR322C,0,-8.247612,0.28199121356010437,0.9629999995231628,0.2451999932527542
YLL018C-A,YDR277C,0,-8.248028,0.28190866112709045,0.9629999995231628,0.24529999494552612
YGL023C,YJL216C,0,-8.24845,0.2818261682987213,0.9629999995231628,0.24539999663829803
YDR284C,YJR101W,0,-8.248511,0.28174370527267456,0.9629999995231628,0.24549999833106995
YDR440W,YBL041W,0,-8.248758,0.2816613018512726,0.9629999995231628,0.24560000002384186
YGL006W,YML033W,0,-8.248979,0.2815789580345154,0.9629999995231628,0.24570000171661377
YPL069C,YOR355W,0,-8.2493105,0.28149664402008057,0.9629999995231628,0.24580000340938568
YBR244W,YDL134C,0,-8.250142,0.2814143896102905,0.9629999995231628,0.2459000051021576
YOR301W,YIL017W,0,-8.250801,0.2813321650028229,0.9629999995231628,0.2460000067949295
YPR110C,YKL119C,0,-8.251133,0.28125,0.9629999995231628,0.24609999358654022
YDR452W,YLR346C,0,-8.251331,0.2811678946018219,0.9629999995231628,0.24619999527931213
YJL033W,YGL231C,0,-8.25154,0.2810858190059662,0.9629999995231628,0.24629999697208405
YPR182W,YJL052W,0,-8.252534,0.28100380301475525,0.9629999995231628,0.24639999866485596
YJL025W,YHR167W,0,-8.253918,0.2809218168258667,0.9629999995231628,0.24650000035762787
YLR238W,YDR261W-A,0,-8.254453,0.2808398902416229,0.9629999995231628,0.24660000205039978
YMR246W,YBL005W,0,-8.254802,0.2807580232620239,0.9629999995231628,0.2467000037431717
YOR320C,YJR134C,0,-8.2555065,0.2806761860847473,0.9629999995231628,0.2468000054359436
YCR070W,YDR005C,0,-8.256359,0.2805944085121155,0.9629999995231628,0.24690000712871552
YPR149W,YGR192C,0,-8.256574,0.28051266074180603,0.9629999995231628,0.24699999392032623
YJL134W,YJR112W,0,-8.258496,0.28043097257614136,0.9629999995231628,0.24709999561309814
YNL231C,YBR153W,0,-8.259551,0.28034934401512146,0.9629999995231628,0.24719999730587006
YNL059C,YBL068W,0,-8.259721,0.28026774525642395,0.9629999995231628,0.24729999899864197
YNL036W,YBL005W-B,0,-8.259741,0.2801862061023712,0.9629999995231628,0.24740000069141388
YBL037W,YDL029W,0,-8.259831,0.28010472655296326,0.9629999995231628,0.2475000023841858
YDR468C,YML045W,0,-8.260257,0.2800232768058777,0.9629999995231628,0.2476000040769577
YBR279W,YDR465C,0,-8.261022,0.2799418568611145,0.9629999995231628,0.24770000576972961
YKL078W,YBR185C,0,-8.261852,0.2798604965209961,0.9629999995231628,0.24779999256134033
YGR208W,YML114C,0,-8.261874,0.27977919578552246,0.9629999995231628,0.24789999425411224
YJL112W,YFL018W-A,0,-8.264212,0.2796979248523712,0.9629999995231628,0.24799999594688416
YBL047C,YPL179W,0,-8.265205,0.27961671352386475,0.9629999995231628,0.24809999763965607
YBR159W,YNL137C,0,-8.266137,0.27953556180000305,0.9629999995231628,0.24819999933242798
YER086W,YER078C,0,-8.267015,0.27945443987846375,0.9629999995231628,0.2483000010251999
YMR323W,YHL044W,0,-8.267654,0.2793733775615692,0.9629999995231628,0.2484000027179718
YGL190C,YKR042W,0,-8.268043,0.27929234504699707,0.9629999995231628,0.2485000044107437
YPL194W,YKL211C,0,-8.268228,0.2792113721370697,0.9629999995231628,0.24860000610351562
YER124C,YOL136C,0,-8.268477,0.2791304290294647,0.9629999995231628,0.24869999289512634
YER065C,YKL198C,0,-8.268767,0.2790495455265045,0.9629999995231628,0.24879999458789825
YJR016C,YDR285W,0,-8.2688265,0.2789687216281891,0.9629999995231628,0.24889999628067017
YBR041W,YCR035C,0,-8.269041,0.27888792753219604,0.9629999995231628,0.24899999797344208
YDR284C,YPL225W,0,-8.269824,0.2788071930408478,0.9629999995231628,0.249099999666214
YBR019C,YGL045W,0,-8.270706,0.2787264883518219,0.9629999995231628,0.2492000013589859
YDL168W,YMR268W-A,0,-8.270838,0.2786458432674408,0.9629999995231628,0.2493000030517578
YDR287W,YOR343W-A,0,-8.270839,0.2785652279853821,0.9629999995231628,0.24940000474452972
YBR211C,YML099C,0,-8.271185,0.27848467230796814,0.9629999995231628,0.24950000643730164
YGR002C,YGL104C,0,-8.2715225,0.278404176235199,0.9629999995231628,0.24959999322891235
YDR025W,YML025C,1,-8.271601,0.2786127030849457,0.9639999866485596,0.24959999322891235
YMR173W,YPL265W,0,-8.273845,0.2785322070121765,0.9639999866485596,0.24969999492168427
YMR013C,YNL054W-A,0,-8.27422,0.2784517705440521,0.9639999866485596,0.24979999661445618
YMR188C,YOR095C,0,-8.274304,0.2783713638782501,0.9639999866485596,0.2498999983072281
YLR117C,YGR186W,0,-8.275231,0.2782909870147705,0.9639999866485596,0.25
YGL203C,YJL179W,0,-8.27558,0.27821066975593567,0.9639999866485596,0.2500999867916107
YGR119C,YOR151C,0,-8.276015,0.2781304121017456,0.9639999866485596,0.2502000033855438
YDR118W,YPR176C,0,-8.276322,0.27805018424987793,0.9639999866485596,0.25029999017715454
YJL186W,YDL138W,0,-8.276587,0.27797001600265503,0.9639999866485596,0.25040000677108765
YGL166W,YER038C,0,-8.279304,0.2778898775577545,0.9639999866485596,0.25049999356269836
YIL155C,YOR192C-B,0,-8.279423,0.2778097987174988,0.9639999866485596,0.25060001015663147
YOR260W,YNL268W,0,-8.279716,0.27772974967956543,0.9639999866485596,0.2506999969482422
YDL222C,YLR032W,0,-8.280849,0.27764976024627686,0.9639999866485596,0.2508000135421753
YPR120C,YNR015W,0,-8.281181,0.27756983041763306,0.9639999866485596,0.250900000333786
YCL038C,YER138C,0,-8.281239,0.27748993039131165,0.9639999866485596,0.25099998712539673
YPR175W,YPL094C,0,-8.28167,0.2774100601673126,0.9639999866485596,0.25110000371932983
YGL084C,YER062C,0,-8.281942,0.27733027935028076,0.9639999866485596,0.25119999051094055
YAL031C,YMR183C,0,-8.282218,0.2772504985332489,0.9639999866485596,0.25130000710487366
YBR133C,YFR053C,0,-8.283287,0.2771707773208618,0.9639999866485596,0.2513999938964844
YGR041W,YOR343W-A,0,-8.283324,0.2770911157131195,0.9639999866485596,0.2515000104904175
YML113W,YOR192C-A,0,-8.283844,0.2770114839076996,0.9639999866485596,0.2515999972820282
YOL086C,YPR165W,0,-8.284181,0.27693191170692444,0.9639999866485596,0.2517000138759613
YMR199W,YIL017W,0,-8.285223,0.2768523693084717,0.9639999866485596,0.251800000667572
YGR037C,YMR039C,0,-8.285448,0.2767728865146637,0.9639999866485596,0.25189998745918274
YBR145W,YLR113W,0,-8.285811,0.2766934633255005,0.9639999866485596,0.25200000405311584
YCR012W,YPL128C,0,-8.286093,0.27661406993865967,0.9639999866485596,0.25209999084472656
YNL271C,YPR007C,0,-8.286625,0.27653470635414124,0.9639999866485596,0.25220000743865967
YGR061C,YBL055C,0,-8.287186,0.2764554023742676,0.9639999866485596,0.2522999942302704
YBR112C,YNL297C,0,-8.2873,0.2763761579990387,0.9639999866485596,0.2524000108242035
YKR068C,YBR119W,0,-8.287372,0.2762969434261322,0.9639999866485596,0.2524999976158142
YGL254W,YLR042C,0,-8.288128,0.2762177586555481,0.9639999866485596,0.2526000142097473
YBR222C,YOR142W-B,0,-8.288266,0.27613863348960876,0.9639999866485596,0.25270000100135803
YPR131C,YML018C,0,-8.288911,0.2760595679283142,0.9639999866485596,0.25279998779296875
YKL084W,YFL044C,0,-8.288993,0.27598053216934204,0.9639999866485596,0.25290000438690186
YBL037W,YIL015W,0,-8.290137,0.27590155601501465,0.9639999866485596,0.2529999911785126
YDR184C,YML049C,0,-8.290147,0.27582260966300964,0.9639999866485596,0.2531000077724457
YGR036C,YGL240W,0,-8.290325,0.275743693113327,0.9639999866485596,0.2531999945640564
YLR275W,YBR014C,0,-8.290365,0.2756648659706116,0.9639999866485596,0.2533000111579895
YJR057W,YPR133W-A,0,-8.290561,0.2755860388278961,0.9639999866485596,0.2533999979496002
YGR174C,YER174C,0,-8.290605,0.2755073010921478,0.9639999866485596,0.2535000145435333
YKR067W,YPL104W,0,-8.290622,0.27542856335639954,0.9639999866485596,0.25360000133514404
YMR022W,YGR209C,0,-8.290798,0.275349885225296,0.9639999866485596,0.25369998812675476
YGR007W,YDR056C,0,-8.290861,0.2752712666988373,0.9639999866485596,0.25380000472068787
YJL095W,YMR207C,0,-8.291098,0.2751926779747009,0.9639999866485596,0.2538999915122986
YLR324W,YPR174C,0,-8.291128,0.27511414885520935,0.9639999866485596,0.2540000081062317
YGL207W,YDR186C,0,-8.291364,0.27503564953804016,0.9639999866485596,0.2540999948978424
YDL126C,YER159C-A,0,-8.291647,0.27495720982551575,0.9639999866485596,0.2542000114917755
YDR414C,YKL116C,0,-8.29199,0.2748787999153137,0.9639999866485596,0.25429999828338623
YER103W,YHR111W,0,-8.292159,0.27480044960975647,0.9639999866485596,0.25440001487731934
YCL003W,YOR230W,0,-8.292858,0.2747221291065216,0.9639999866485596,0.25450000166893005
YDL126C,YJL164C,0,-8.293264,0.2746438682079315,0.9639999866485596,0.25459998846054077
YKL190W,YDR002W,0,-8.294195,0.2745656371116638,0.9639999866485596,0.2547000050544739
YHR098C,YDR311W,0,-8.2948885,0.2744874656200409,0.9639999866485596,0.2547999918460846
YLR088W,YNL227C,0,-8.294891,0.27440932393074036,0.9639999866485596,0.2549000084400177
YNL051W,YER021W,0,-8.295355,0.2743312418460846,0.9639999866485596,0.2549999952316284
YCR077C,YGR077C,0,-8.295387,0.2742531895637512,0.9639999866485596,0.2551000118255615
YBL057C,YGL063W,0,-8.295887,0.2741751968860626,0.9639999866485596,0.25519999861717224
YGR217W,YML127W,0,-8.295997,0.2740972340106964,0.9639999866485596,0.25529998540878296
YIL132C,YGL077C,0,-8.296635,0.274019330739975,0.9639999866485596,0.25540000200271606
YBR070C,YBL079W,0,-8.296829,0.2739414572715759,0.9639999866485596,0.2554999887943268
YBR090C-A,YHR118C,0,-8.296854,0.27386364340782166,0.9639999866485596,0.2556000053882599
YPR166C,YKL141W,0,-8.296978,0.27378585934638977,0.9639999866485596,0.2556999921798706
YNL251C,YJR129C,0,-8.297084,0.27370813488960266,0.9639999866485596,0.2558000087738037
YIL049W,YMR061W,0,-8.297209,0.27363044023513794,0.9639999866485596,0.25589999556541443
YDR452W,YGR027W-B,0,-8.297629,0.2735527753829956,0.9639999866485596,0.25600001215934753
YMR314W,YPR137C-B,0,-8.297629,0.27347517013549805,0.9639999866485596,0.25609999895095825
YML036W,YGL243W,0,-8.297831,0.27339762449264526,0.9639999866485596,0.25619998574256897
YGR037C,YGR132C,0,-8.298054,0.27332010865211487,0.9639999866485596,0.2563000023365021
YLR275W,YBR271W,0,-8.298123,0.27324262261390686,0.9639999866485596,0.2563999891281128
YGL216W,YGR292W,0,-8.298615,0.27316519618034363,0.9639999866485596,0.2565000057220459
YLL062C,YIR022W,0,-8.298642,0.27308782935142517,0.9639999866485596,0.2565999925136566
YBL060W,YDR128W,0,-8.299198,0.2730104923248291,0.9639999866485596,0.2567000091075897
YPR151C,YML037C,0,-8.299375,0.2729331851005554,0.9639999866485596,0.25679999589920044
YCR035C,YKR099C-A,0,-8.301484,0.2728559374809265,0.9639999866485596,0.25690001249313354
YKL200C,YKL141W,0,-8.301505,0.27277871966362,0.9639999866485596,0.25699999928474426
YNL027W,YGL145W,0,-8.301717,0.27270156145095825,0.9639999866485596,0.257099986076355
YGL083W,YGR038C-A,0,-8.301791,0.2726244330406189,0.9639999866485596,0.2572000026702881
YPL048W,YGR081C,0,-8.302139,0.2725473642349243,0.9639999866485596,0.2572999894618988
YGL205W,YJL177W,0,-8.303088,0.2724703252315521,0.9639999866485596,0.2574000060558319
YCR058C,YGR263C,0,-8.303317,0.2723933458328247,0.9639999866485596,0.2574999928474426
YFL010W-A,YJR004C,0,-8.303367,0.2723163962364197,0.9639999866485596,0.25760000944137573
YPR185W,YOL090W,0,-8.304684,0.27223947644233704,0.9639999866485596,0.25769999623298645
YGR112W,YER161C,0,-8.304995,0.27216261625289917,0.9639999866485596,0.25780001282691956
YER040W,YGL014W,0,-8.305072,0.2720858156681061,0.9639999866485596,0.2578999996185303
YGR255C,YNL007C,0,-8.305072,0.272009015083313,0.9639999866485596,0.257999986410141
YAL039C,YCL019W,0,-8.306755,0.27193230390548706,0.9639999866485596,0.2581000030040741
YDR440W,YDR135C,0,-8.307286,0.2718556225299835,0.9639999866485596,0.2581999897956848
YCL003W,YLR275W,0,-8.307897,0.27177897095680237,0.9639999866485596,0.2583000063896179
YJR161C,YGL112C,0,-8.308335,0.271702378988266,0.9639999866485596,0.25839999318122864
YHL035C,YPR158W-B,0,-8.309593,0.271625816822052,0.9639999866485596,0.25850000977516174
YNL327W,YBR186W,0,-8.309693,0.2715492844581604,0.9639999866485596,0.25859999656677246
YLL003W,YPL124W,0,-8.310327,0.2714728116989136,0.9639999866485596,0.25870001316070557
YDL159W,YPR097W,0,-8.310563,0.2713963985443115,0.9639999866485596,0.2587999999523163
YLR100W,YKL199C,0,-8.310678,0.27132001519203186,0.9639999866485596,0.258899986743927
YLR039C,YOL102C,0,-8.310936,0.2712436616420746,0.9639999866485596,0.2590000033378601
YLR228C,YKR100C,0,-8.310956,0.2711673676967621,0.9639999866485596,0.2590999901294708
YGL016W,YCR018C,0,-8.312159,0.271091103553772,0.9639999866485596,0.25920000672340393
YNL059C,YIL095W,0,-8.312512,0.27101489901542664,0.9639999866485596,0.25929999351501465
YHL048W,YPL187W,0,-8.313592,0.2709387242794037,0.9639999866485596,0.25940001010894775
YHR132C,YGR095C,0,-8.3138685,0.2708626091480255,0.9639999866485596,0.25949999690055847
YBR106W,YOL054W,0,-8.314389,0.2707865238189697,0.9639999866485596,0.2596000134944916
YBR275C,YIL148W,0,-8.314389,0.27071046829223633,0.9639999866485596,0.2597000002861023
YBR218C,YOL039W,0,-8.315756,0.2706344723701477,0.9639999866485596,0.259799987077713
YPR067W,YLL056C,0,-8.315846,0.27055850625038147,0.9639999866485596,0.2599000036716461
YBL090W,YBL020W,0,-8.315923,0.27048259973526,0.9639999866485596,0.25999999046325684
YER001W,YER002W,0,-8.316563,0.27040672302246094,0.9639999866485596,0.26010000705718994
YGR061C,YNL027W,0,-8.317069,0.27033090591430664,0.9639999866485596,0.26019999384880066
YFL004W,YER041W,0,-8.317436,0.27025511860847473,0.9639999866485596,0.26030001044273376
YPL280W,YNL097C,0,-8.317458,0.2701793611049652,0.9639999866485596,0.2603999972343445
YGL226C-A,YPL019C,0,-8.317544,0.27010366320610046,0.9639999866485596,0.2605000138282776
YJR050W,YDR473C,0,-8.317905,0.2700280249118805,0.9639999866485596,0.2606000006198883
YOR037W,YDL043C,0,-8.31797,0.2699523866176605,0.9639999866485596,0.260699987411499
YDR044W,YKL180W,0,-8.318343,0.2698768079280853,0.9639999866485596,0.26080000400543213
YDR122W,YMR268W-A,0,-8.319062,0.2698012888431549,0.9639999866485596,0.26089999079704285
YBR017C,YHL035C,0,-8.31944,0.2697257995605469,0.9639999866485596,0.26100000739097595
YMR113W,YOR278W,0,-8.319444,0.26965034008026123,0.9639999866485596,0.26109999418258667
YGL021W,YOR033C,0,-8.319918,0.26957494020462036,0.9639999866485596,0.2612000107765198
YDL030W,YKL188C,0,-8.320593,0.2694995701313019,0.9639999866485596,0.2612999975681305
YOR240W,YKL054C,0,-8.321141,0.2694242596626282,0.9639999866485596,0.2614000141620636
YFL025C,YIL018W,0,-8.322045,0.26934897899627686,0.9639999866485596,0.2615000009536743
YKL158W,YIL088C,0,-8.322348,0.2692737281322479,0.9639999866485596,0.26159998774528503
YPR193C,YGL144C,0,-8.322787,0.26919853687286377,0.9639999866485596,0.26170000433921814
YDR192C,YDL246C,0,-8.323163,0.2691234052181244,0.9639999866485596,0.26179999113082886
YLR131C,YBR106W,0,-8.324011,0.269048273563385,0.9639999866485596,0.26190000772476196
YFL011W-A,YOR039W,0,-8.324118,0.2689732015132904,0.9639999866485596,0.2619999945163727
YCL018W,YJR028W,0,-8.324715,0.2688981890678406,0.9639999866485596,0.2621000111103058
YPR131C,YNL134C,0,-8.325387,0.26882320642471313,0.9639999866485596,0.2621999979019165
YLR399C,YLR157C-B,0,-8.326369,0.2687482535839081,0.9639999866485596,0.2623000144958496
YJL090C,YOR119C,0,-8.326436,0.2686733603477478,0.9639999866485596,0.2624000012874603
YOL145C,YNR073C,0,-8.326443,0.2685984969139099,0.9639999866485596,0.26249998807907104
YNL175C,YDR235W,0,-8.326741,0.2685236632823944,0.9639999866485596,0.26260000467300415
YBL092W,YNL046W,0,-8.327763,0.2684488892555237,0.9639999866485596,0.26269999146461487
YKR101W,YNL332W,0,-8.327925,0.26837417483329773,0.9639999866485596,0.262800008058548
YCR011C,YGR086C,0,-8.328087,0.2682994604110718,0.9639999866485596,0.2628999948501587
YGR125W,YJR120W,0,-8.328174,0.2682248055934906,0.9639999866485596,0.2630000114440918
YBR112C,YPR042C,0,-8.328759,0.2681502103805542,0.9639999866485596,0.2630999982357025
YLR391W-A,YDR211W,0,-8.329187,0.2680756449699402,0.9639999866485596,0.2632000148296356
YDR192C,YBR005W,0,-8.329717,0.26800110936164856,0.9639999866485596,0.26330000162124634
YGL222C,YDL002C,0,-8.33124,0.2679266333580017,0.9639999866485596,0.26339998841285706
YGL257C,YBR055C,0,-8.3313265,0.26785218715667725,0.9639999866485596,0.26350000500679016
YKL188C,YMR223W,0,-8.331459,0.26777777075767517,0.9639999866485596,0.2635999917984009
YPL155C,YBR182C,0,-8.332244,0.26770341396331787,0.9639999866485596,0.263700008392334
YML023C,YDR201W,0,-8.332804,0.26762908697128296,0.9639999866485596,0.2637999951839447
YKR030W,YMR226C,0,-8.33327,0.2675548195838928,0.9639999866485596,0.2639000117778778
YGR037C,YIL106W,0,-8.333631,0.2674805819988251,0.9639999866485596,0.2639999985694885
YPR137W,YJR028W,0,-8.333736,0.2674063742160797,0.9639999866485596,0.26409998536109924
YOL103W,YPL082C,0,-8.33376,0.2673322260379791,0.9639999866485596,0.26420000195503235
YLR258W,YMR197C,0,-8.334822,0.2672581076622009,0.9639999866485596,0.26429998874664307
YDR481C,YGL022W,0,-8.335439,0.2671840488910675,0.9639999866485596,0.26440000534057617
YGL031C,YOL122C,0,-8.335576,0.2671099901199341,0.9639999866485596,0.2644999921321869
YBR039W,YDR262W,0,-8.336524,0.2670360207557678,0.9639999866485596,0.26460000872612
YLR088W,YIL125W,0,-8.336719,0.26696205139160156,0.9639999866485596,0.2646999955177307
YNL074C,YKL127W,0,-8.33699,0.2668881416320801,0.9639999866485596,0.2648000121116638
YDL017W,YBR108W,0,-8.337037,0.26681429147720337,0.9639999866485596,0.26489999890327454
YCR077C,YGL112C,0,-8.337302,0.26674044132232666,0.9639999866485596,0.26499998569488525
YOL101C,YML019W,0,-8.337653,0.2666666805744171,0.9639999866485596,0.26510000228881836
YKL074C,YBL079W,0,-8.337759,0.26659291982650757,0.9639999866485596,0.2651999890804291
YJL039C,YER087C-A,0,-8.337826,0.2665192186832428,0.9639999866485596,0.2653000056743622
YGL127C,YJR041C,0,-8.33807,0.2664455473423004,0.9639999866485596,0.2653999924659729
YIL005W,YBR207W,0,-8.338269,0.2663719356060028,0.9639999866485596,0.265500009059906
YJL082W,YLR023C,0,-8.338878,0.2662983536720276,0.9639999866485596,0.2655999958515167
YOR085W,YDR541C,0,-8.339067,0.26622480154037476,0.9639999866485596,0.26570001244544983
YJL006C,YML012W,0,-8.339563,0.2661513090133667,0.9639999866485596,0.26579999923706055
YPR103W,YOR149C,0,-8.340316,0.26607784628868103,0.9639999866485596,0.26589998602867126
YDL020C,YPR055W,0,-8.341685,0.26600441336631775,0.9639999866485596,0.26600000262260437
YJR047C,YML037C,0,-8.341698,0.26593104004859924,0.9639999866485596,0.2660999894142151
YKL189W,YCL062W,0,-8.34313,0.2658576965332031,0.9639999866485596,0.2662000060081482
YBR093C,YOR148C,0,-8.343588,0.2657843828201294,0.9639999866485596,0.2662999927997589
YGL077C,YPL026C,0,-8.343715,0.26571112871170044,0.9639999866485596,0.266400009393692
YDR183W,YOL039W,0,-8.344398,0.26563790440559387,0.9639999866485596,0.26649999618530273
YLR107W,YIL068C,0,-8.344886,0.2655647397041321,0.9639999866485596,0.26660001277923584
YOR150W,YCL031C,1,-8.345031,0.26576700806617737,0.9649999737739563,0.26660001277923584
YOR310C,YDR104C,0,-8.3453455,0.2656938433647156,0.9649999737739563,0.26669999957084656
YIL142W,YFL035C-B,0,-8.345399,0.26562070846557617,0.9649999737739563,0.2667999863624573
YIR013C,YDR260C,0,-8.3460455,0.26554760336875916,0.9649999737739563,0.2669000029563904
YER093C,YDR495C,0,-8.346149,0.2654745578765869,0.9649999737739563,0.2669999897480011
YPR178W,YNL134C,0,-8.346168,0.26540154218673706,0.9649999737739563,0.2671000063419342
YOR355W,YBR141C,0,-8.346269,0.2653285562992096,0.9649999737739563,0.2671999931335449
YCR070W,YKL074C,0,-8.347195,0.2652556300163269,0.9649999737739563,0.267300009727478
YHR168W,YOR086C,0,-8.34737,0.2651827335357666,0.9649999737739563,0.26739999651908875
YFL011W-A,YDR359C,0,-8.347757,0.2651098966598511,0.9649999737739563,0.26750001311302185
YGL206C,YPL060C-A,0,-8.348212,0.26503708958625793,0.9649999737739563,0.26759999990463257
YAL001C,YML085C,0,-8.348562,0.2649643123149872,0.9649999737739563,0.2676999866962433
YPL093W,YLR024C,0,-8.3489065,0.2648915648460388,0.9649999737739563,0.2678000032901764
YPR104C,YKL156W,0,-8.3505945,0.26481887698173523,0.9649999737739563,0.2678999900817871
YFR010W,YIL063C,0,-8.350746,0.26474621891975403,0.9649999737739563,0.2680000066757202
YGL142C,YOL116W,0,-8.352218,0.2646736204624176,0.9649999737739563,0.26809999346733093
YEL056W,YGR056W,0,-8.353646,0.26460105180740356,0.9649999737739563,0.26820001006126404
YAR050W,YIL091C,0,-8.353677,0.2645285129547119,0.9649999737739563,0.26829999685287476
YIL133C,YEL004W,0,-8.353719,0.26445600390434265,0.9649999737739563,0.26840001344680786
YOL137W,YEL004W,0,-8.3544,0.26438355445861816,0.9649999737739563,0.2685000002384186
YNL078W,YNL261W,0,-8.354586,0.26431113481521606,0.9649999737739563,0.2685999870300293
YGL226C-A,YDR545W,0,-8.354998,0.26423877477645874,0.9649999737739563,0.2687000036239624
YBR156C,YNL054W-B,0,-8.355494,0.2641664445400238,0.9649999737739563,0.2687999904155731
YML047C,YPR158W-A,0,-8.355754,0.26409414410591125,0.9649999737739563,0.2689000070095062
YDL069C,YJL183W,0,-8.356204,0.2640218734741211,0.9649999737739563,0.26899999380111694
YFL050C,YML099C,0,-8.356703,0.2639496624469757,0.9649999737739563,0.26910001039505005
YDR420W,YKR078W,0,-8.356933,0.2638774812221527,0.9649999737739563,0.26919999718666077
YGR227W,YJL129C,0,-8.357148,0.2638053596019745,0.9649999737739563,0.26930001378059387
YJR094C,YDL180W,0,-8.357347,0.26373326778411865,0.9649999737739563,0.2694000005722046
YBR028C,YDR210C-D,0,-8.357443,0.2636612057685852,0.9649999737739563,0.2694999873638153
YDR037W,YOR354C,0,-8.357556,0.26358917355537415,0.9649999737739563,0.2696000039577484
YHR190W,YJR120W,0,-8.358097,0.26351720094680786,0.9649999737739563,0.26969999074935913
YLR391W-A,YNL097C,0,-8.358242,0.26344525814056396,0.9649999737739563,0.26980000734329224
YBR022W,YDL098C,0,-8.358325,0.26337337493896484,0.9649999737739563,0.26989999413490295
YMR001C,YDR272W,0,-8.358826,0.2633014917373657,0.9649999737739563,0.27000001072883606
YLR019W,YHR181W,0,-8.359563,0.2632296681404114,0.9649999737739563,0.2700999975204468
YFR021W,YOL082W,0,-8.359746,0.2631579041481018,0.9649999737739563,0.2702000141143799
YJL025W,YLR316C,0,-8.359798,0.26308614015579224,0.9649999737739563,0.2703000009059906
YOR150W,YGR085C,1,-8.359876,0.2632870078086853,0.9660000205039978,0.2703000009059906
YCL052C,YMR077C,0,-8.360105,0.2632152736186981,0.9660000205039978,0.2703999876976013
YBR164C,YIL106W,0,-8.36026,0.2631435692310333,0.9660000205039978,0.2705000042915344
YOL052C-A,YLR410W-A,0,-8.360304,0.2630718946456909,0.9660000205039978,0.27059999108314514
YLR052W,YPL092W,0,-8.360612,0.2630002796649933,0.9660000205039978,0.27070000767707825
YIL010W,YGL013C,0,-8.361315,0.26292869448661804,0.9660000205039978,0.27079999446868896
YBR245C,YFL035C-B,0,-8.361728,0.2628571391105652,0.9660000205039978,0.27090001106262207
YBL097W,YJL008C,0,-8.361756,0.2627856433391571,0.9660000205039978,0.2709999978542328
YFR029W,YIL119C,0,-8.361927,0.2627141773700714,0.9660000205039978,0.2711000144481659
YHR039C,YDL103C,0,-8.362261,0.2626427412033081,0.9660000205039978,0.2712000012397766
YDR435C,YJL012C-A,0,-8.362297,0.2625713646411896,0.9660000205039978,0.27129998803138733
YBR182C,YLR050C,0,-8.362376,0.26249998807907104,0.9660000205039978,0.27140000462532043
YDL042C,YNL054W-B,0,-8.362774,0.2624287009239197,0.9660000205039978,0.27149999141693115
YML077W,YJR101W,0,-8.364356,0.2623574137687683,0.9660000205039978,0.27160000801086426
YDL088C,YPR131C,0,-8.364818,0.2622861862182617,0.9660000205039978,0.271699994802475
YCL062W,YNL044W,0,-8.3651085,0.2622149884700775,0.9660000205039978,0.2718000113964081
YNL004W,YOL128C,0,-8.365209,0.2621438205242157,0.9660000205039978,0.2718999981880188
YLR258W,YPR137C-B,0,-8.365504,0.26207271218299866,0.9660000205039978,0.2720000147819519
YAL041W,YBL014C,0,-8.365632,0.262001633644104,0.9660000205039978,0.2721000015735626
YDR365W-A,YMR050C,0,-8.366674,0.26193058490753174,0.9660000205039978,0.27219998836517334
YGR271W,YGL097W,0,-8.36682,0.26185959577560425,0.9660000205039978,0.27230000495910645
YKL108W,YAR044W,0,-8.366891,0.26178860664367676,0.9660000205039978,0.27239999175071716
YHR053C,YDR079W,0,-8.36693,0.26171767711639404,0.9660000205039978,0.27250000834465027
YER045C,YMR241W,0,-8.367183,0.2616468071937561,0.9660000205039978,0.272599995136261
YOR076C,YNL222W,0,-8.368805,0.26157596707344055,0.9660000205039978,0.2727000117301941
YGL027C,YJR045C,0,-8.369468,0.2615051567554474,0.9660000205039978,0.2727999985218048
YIL035C,YBR175W,0,-8.369987,0.2614343762397766,0.9660000205039978,0.2728999853134155
YGR262C,YML121W,0,-8.370463,0.2613636255264282,0.9660000205039978,0.27300000190734863
YCL032W,YAR044W,0,-8.370688,0.2612929344177246,0.9660000205039978,0.27309998869895935
YKL165C,YNL083W,0,-8.370953,0.2612222731113434,0.9660000205039978,0.27320000529289246
YNL245C,YFL035C,0,-8.3709755,0.26115167140960693,0.9660000205039978,0.2732999920845032
YBR170C,YNL007C,0,-8.371047,0.2610810697078705,0.9660000205039978,0.2734000086784363
YNL331C,YBR100W,0,-8.371109,0.2610105276107788,0.9660000205039978,0.273499995470047
YGR092W,YMR029C,0,-8.371608,0.2609400451183319,0.9660000205039978,0.2736000120639801
YNR032C-A,YPL063W,0,-8.371626,0.260869562625885,0.9660000205039978,0.2736999988555908
YOR080W,YCL011C,0,-8.371777,0.2607991397380829,0.9660000205039978,0.27379998564720154
YHR077C,YBR114W,0,-8.371899,0.26072874665260315,0.9660000205039978,0.27390000224113464
YIL080W,YPR204W,0,-8.372013,0.2606583833694458,0.9660000205039978,0.27399998903274536
YML031W,YPL083C,0,-8.37238,0.2605880796909332,0.9660000205039978,0.27410000562667847
YMR217W,YDR316W,0,-8.37239,0.26051780581474304,0.9660000205039978,0.2741999924182892
YDL200C,YOL045W,0,-8.372504,0.26044756174087524,0.9660000205039978,0.2743000090122223
YAR014C,YGR034W,0,-8.373284,0.26037734746932983,0.9660000205039978,0.274399995803833
YDL118W,YOR214C,0,-8.373675,0.2603071928024292,0.9660000205039978,0.2745000123977661
YJL058C,YDR244W,0,-8.3745,0.26023706793785095,0.9660000205039978,0.27459999918937683
YLR459W,YIL008W,0,-8.374659,0.2601669728755951,0.9660000205039978,0.27469998598098755
YOR240W,YOR284W,0,-8.374775,0.260096937417984,0.9660000205039978,0.27480000257492065
YIL080W,YOR305W,0,-8.374861,0.2600269317626953,0.9660000205039978,0.27489998936653137
YBR045C,YOR308C,0,-8.3752165,0.259956955909729,0.9660000205039978,0.2750000059604645
YFL010W-A,YGR104C,0,-8.375248,0.2598870098590851,0.9660000205039978,0.2750999927520752
YLR363C,YCR073W-A,0,-8.375991,0.25981709361076355,0.9660000205039978,0.2752000093460083
YDR127W,YOR019W,0,-8.376194,0.2597472369670868,0.9660000205039978,0.275299996137619
YGR133W,YGR161W-B,0,-8.376556,0.2596774101257324,0.9660000205039978,0.2754000127315521
YMR238W,YML033W,0,-8.376616,0.2596076428890228,0.9660000205039978,0.27549999952316284
YOL145C,YBR186W,0,-8.376668,0.25953787565231323,0.9660000205039978,0.27559998631477356
YML071C,YOL017W,0,-8.3770685,0.2594681680202484,0.9660000205039978,0.27570000290870667
YGL047W,YOL164W,0,-8.377286,0.259398490190506,0.9660000205039978,0.2757999897003174
YPL018W,YOL107W,0,-8.3777,0.2593288719654083,0.9660000205039978,0.2759000062942505
YER056C-A,YBR095C,0,-8.378014,0.25925925374031067,0.9660000205039978,0.2759999930858612
YFR032C-A,YGR049W,0,-8.378612,0.2591896951198578,0.9660000205039978,0.2761000096797943
YLR070C,YPR158C-D,0,-8.378636,0.2591201663017273,0.9660000205039978,0.27619999647140503
YOR239W,YKL138C-A,0,-8.37899,0.2590506970882416,0.9660000205039978,0.27630001306533813
YGL063W,YKR098C,0,-8.379173,0.25898122787475586,0.9660000205039978,0.27639999985694885
YDL168W,YKL081W,0,-8.379994,0.2589118182659149,0.9660000205039978,0.27649998664855957
YEL015W,YCL026C-B,0,-8.380603,0.25884243845939636,0.9660000205039978,0.2766000032424927
YKR048C,YMR091C,0,-8.381007,0.2587731182575226,0.9660000205039978,0.2766999900341034
YIL154C,YGR077C,0,-8.381191,0.2587037980556488,0.9660000205039978,0.2768000066280365
YDR205W,YNL183C,0,-8.381493,0.2586345374584198,0.9660000205039978,0.2768999934196472
YPL188W,YPR139C,0,-8.3821335,0.2585653066635132,0.9660000205039978,0.2770000100135803
YCL012W,YOL121C,0,-8.382453,0.25849610567092896,0.9660000205039978,0.27709999680519104
YEL002C,YGR109W-A,0,-8.382927,0.2584269642829895,0.9660000205039978,0.27720001339912415
YDL137W,YHR044C,0,-8.383121,0.25835785269737244,0.9660000205039978,0.27730000019073486
YDR311W,YGR038C-B,0,-8.383447,0.25828877091407776,0.9660000205039978,0.2773999869823456
YIR017C,YAR044W,0,-8.383553,0.25821971893310547,0.9660000205039978,0.2775000035762787
YDL231C,YDR365W-B,0,-8.383966,0.25815072655677795,0.9660000205039978,0.2775999903678894
YCL014W,YBL088C,0,-8.384144,0.2580817639827728,0.9660000205039978,0.2777000069618225
YKL199C,YKR079C,0,-8.384847,0.2580128312110901,0.9660000205039978,0.2777999937534332
YPR047W,YHR060W,0,-8.3850565,0.25794392824172974,0.9660000205039978,0.27790001034736633
YMR298W,YOR323C,0,-8.385545,0.2578750550746918,0.9660000205039978,0.27799999713897705
YGL048C,YDR410C,0,-8.3858185,0.2578062415122986,0.9660000205039978,0.27810001373291016
YLR348C,YDR303C,0,-8.38595,0.2577374577522278,0.9660000205039978,0.2782000005245209
YLR220W,YMR088C,0,-8.387773,0.25766870379447937,0.9660000205039978,0.2782999873161316
YIR041W,YGR271W,0,-8.388234,0.25760000944137573,0.9660000205039978,0.2784000039100647
YMR312W,YPL019C,0,-8.38827,0.2575313150882721,0.9660000205039978,0.2784999907016754
YJL073W,YCR045C,0,-8.388577,0.25746268033981323,0.9660000205039978,0.2786000072956085
YNL238W,YKR095W-A,0,-8.389394,0.25739407539367676,0.9660000205039978,0.27869999408721924
YDL208W,YDR427W,0,-8.389485,0.25732553005218506,0.9660000205039978,0.27880001068115234
YOR079C,YOL122C,0,-8.390603,0.25725698471069336,0.9660000205039978,0.27889999747276306
YIR003W,YMR099C,0,-8.390613,0.25718849897384644,0.9660000205039978,0.27900001406669617
YFL049W,YDR058C,0,-8.391004,0.2571200430393219,0.9660000205039978,0.2791000008583069
YOR116C,YDR308C,0,-8.391087,0.25705161690711975,0.9660000205039978,0.2791999876499176
YCR070W,YAL026C,0,-8.391202,0.2569832503795624,0.9660000205039978,0.2793000042438507
YAL053W,YHL002W,0,-8.391281,0.256914883852005,0.9660000205039978,0.2793999910354614
YLL018C-A,YLR132C,0,-8.391555,0.2568465769290924,0.9660000205039978,0.27950000762939453
YKL200C,YOR175C,0,-8.391578,0.2567782998085022,0.9660000205039978,0.27959999442100525
YOR297C,YDR065W,0,-8.3916235,0.25671008229255676,0.9660000205039978,0.27970001101493835
YPL106C,YFL002W-A,0,-8.392111,0.25664186477661133,0.9660000205039978,0.2797999978065491
YNL068C,YJL073W,0,-8.393693,0.25657370686531067,0.9660000205039978,0.2799000144004822
YOR319W,YNL016W,0,-8.394258,0.2565055787563324,0.9660000205039978,0.2800000011920929
YLR274W,YJR109C,0,-8.394566,0.2564374804496765,0.9660000205039978,0.2800999879837036
YOR147W,YJL192C,0,-8.394639,0.256369411945343,0.9660000205039978,0.2802000045776367
YCR060W,YDR034C-D,0,-8.395409,0.2563014030456543,0.9660000205039978,0.28029999136924744
YPL195W,YLR312W-A,0,-8.395499,0.25623342394828796,0.9660000205039978,0.28040000796318054
YFL011W-A,YDR461W,0,-8.39619,0.256165474653244,0.9660000205039978,0.28049999475479126
YLL038C,YKL138C-A,0,-8.396946,0.25609755516052246,0.9660000205039978,0.28060001134872437
YBR117C,YDR098C-A,0,-8.397618,0.2560296952724457,0.9660000205039978,0.2806999981403351
YIR022W,YJL029C,0,-8.397745,0.2559618353843689,0.9660000205039978,0.2808000147342682
YKL182W,YOR217W,0,-8.398171,0.2558940351009369,0.9660000205039978,0.2809000015258789
YDR313C,YNL146W,0,-8.398232,0.25582626461982727,0.9660000205039978,0.2809999883174896
YGL206C,YMR140W,0,-8.398643,0.25575852394104004,0.9660000205039978,0.28110000491142273
YBR021W,YIL177C,0,-8.398644,0.2556908428668976,0.9660000205039978,0.28119999170303345
YDR047W,YOL095C,0,-8.399278,0.2556231915950775,0.9660000205039978,0.28130000829696655
YDR078C,YNL115C,0,-8.399293,0.25555557012557983,0.9660000205039978,0.28139999508857727
YDR302W,YBL063W,0,-8.399838,0.25548797845840454,0.9660000205039978,0.2815000116825104
YNL270C,YDR206W,0,-8.400358,0.25542041659355164,0.9660000205039978,0.2815999984741211
YJL219W,YER159C-A,0,-8.401129,0.2553528845310211,0.9660000205039978,0.2816999852657318
YDR106W,YLR006C,0,-8.401311,0.2552854120731354,0.9660000205039978,0.2818000018596649
YGL240W,YPL231W,0,-8.401524,0.255217969417572,0.9660000205039978,0.28189998865127563
YOL011W,YGL053W,0,-8.40331,0.25515055656433105,0.9660000205039978,0.28200000524520874
YDR317W,YML100W,0,-8.403331,0.2550831735134125,0.9660000205039978,0.28209999203681946
YLR022C,YFL018W-A,0,-8.403356,0.25501585006713867,0.9660000205039978,0.28220000863075256
YNL236W,YDR092W,0,-8.403835,0.25494852662086487,0.9660000205039978,0.2822999954223633
YKL022C,YLR301W,0,-8.404246,0.25488126277923584,0.9660000205039978,0.2824000120162964
YMR172W,YHR079C-B,0,-8.404305,0.2548140287399292,0.9660000205039978,0.2824999988079071
YDR240C,YNL273W,0,-8.405047,0.25474682450294495,0.9660000205039978,0.2825999855995178
YBR254C,YOL128C,0,-8.4055395,0.25467967987060547,0.9660000205039978,0.2827000021934509
YCR070W,YLL055W,0,-8.405574,0.254612535238266,0.9660000205039978,0.28279998898506165
YDR164C,YGR192C,0,-8.405591,0.2545454502105713,0.9660000205039978,0.28290000557899475
YGR267C,YBR299W,0,-8.405636,0.254478394985199,0.9660000205039978,0.28299999237060547
YBR018C,YER078C,0,-8.406341,0.25441136956214905,0.9660000205039978,0.2831000089645386
YBR265W,YNR073C,0,-8.406407,0.2543444037437439,0.9660000205039978,0.2831999957561493
YIL147C,YNL058C,0,-8.406977,0.25427743792533875,0.9660000205039978,0.2833000123500824
YJL081C,YNR015W,0,-8.408402,0.25421053171157837,0.9660000205039978,0.2833999991416931
YGR076C,YBR055C,0,-8.408446,0.2541436553001404,0.9660000205039978,0.28349998593330383
YER062C,YJL063C,0,-8.408601,0.2540768086910248,0.9660000205039978,0.28360000252723694
YKL143W,YNL214W,0,-8.408727,0.25400999188423157,0.9660000205039978,0.28369998931884766
YPL265W,YCL003W,0,-8.408802,0.25394320487976074,0.9660000205039978,0.28380000591278076
YDL043C,YOR090C,0,-8.4088335,0.2538764774799347,0.9660000205039978,0.2838999927043915
YPR081C,YBR248C,0,-8.409408,0.25380977988243103,0.9660000205039978,0.2840000092983246
YER104W,YDR196C,0,-8.409434,0.25374311208724976,0.9660000205039978,0.2840999960899353
YDR317W,YFR053C,0,-8.409448,0.25367647409439087,0.9660000205039978,0.2842000126838684
YLR332W,YIL135C,0,-8.409535,0.25360986590385437,0.9660000205039978,0.2842999994754791
YOR346W,YLL003W,0,-8.409777,0.25354331731796265,0.9660000205039978,0.28439998626708984
YGR065C,YDR170W-A,0,-8.409888,0.2534767687320709,0.9660000205039978,0.28450000286102295
YGR034W,YKR099C-A,0,-8.410716,0.253410279750824,0.9660000205039978,0.28459998965263367
YPL195W,YNL316C,0,-8.411004,0.2533438205718994,0.9660000205039978,0.2847000062465668
YML011C,YDR365W-B,0,-8.41127,0.25327739119529724,0.9660000205039978,0.2847999930381775
YDR439W,YDR170W-A,0,-8.411401,0.25321102142333984,0.9660000205039978,0.2849000096321106
YKL027W,YLL032C,0,-8.411425,0.25314465165138245,0.9660000205039978,0.2849999964237213
YGR098C,YLR035C-A,0,-8.412659,0.2530783414840698,0.9660000205039978,0.2851000130176544
YLR223C,YKL174C,0,-8.412875,0.2530120611190796,0.9660000205039978,0.28519999980926514
YBL099W,YGR086C,0,-8.412998,0.25294581055641174,0.9660000205039978,0.28529998660087585
YHR044C,YNR021W,0,-8.413274,0.2528795897960663,0.9660000205039978,0.28540000319480896
YML071C,YPL012W,0,-8.413314,0.2528133988380432,0.9660000205039978,0.2854999899864197
YPL195W,YNL068C,0,-8.4133415,0.2527472674846649,0.9660000205039978,0.2856000065803528
YPR133W-A,YBR054W,0,-8.413799,0.2526811361312866,0.9660000205039978,0.2856999933719635
YHR148W,YCR037C,0,-8.414222,0.2526150643825531,0.9660000205039978,0.2858000099658966
YGL256W,YMR022W,0,-8.41438,0.25254902243614197,0.9660000205039978,0.2858999967575073
YNR028W,YJL012C-A,0,-8.414705,0.2524830102920532,0.9660000205039978,0.28600001335144043
YAR071W,YDR261W-A,0,-8.415041,0.25241702795028687,0.9660000205039978,0.28610000014305115
YER124C,YKL200C,0,-8.415099,0.2523511052131653,0.9660000205039978,0.28619998693466187
YLR391W-A,YGR161C,0,-8.415311,0.2522851824760437,0.9660000205039978,0.28630000352859497
YOR125C,YFL035C-B,0,-8.415406,0.2522193193435669,0.9660000205039978,0.2863999903202057
YBR039W,YCR043C,0,-8.415908,0.2521534860134125,0.9660000205039978,0.2865000069141388
YML071C,YNL024C,0,-8.415935,0.25208768248558044,0.9660000205039978,0.2865999937057495
YBR057C,YDR210W-A,0,-8.41608,0.2520219087600708,0.9660000205039978,0.2867000102996826
YOR240W,YNL186W,0,-8.416729,0.25195619463920593,0.9660000205039978,0.28679999709129333
YMR041C,YMR210W,0,-8.416905,0.25189048051834106,0.9660000205039978,0.28690001368522644
YJR109C,YER138C,0,-8.417733,0.25182482600212097,0.9660000205039978,0.28700000047683716
YGR177C,YMR306W,0,-8.417982,0.25175920128822327,0.9660000205039978,0.2870999872684479
YKR039W,YGR133W,0,-8.418033,0.25169357657432556,0.9660000205039978,0.287200003862381
YDR424C,YGR216C,0,-8.418759,0.251628041267395,0.9660000205039978,0.2872999906539917
YLR222C,YNL054W-A,0,-8.419331,0.2515625059604645,0.9660000205039978,0.2874000072479248
YNL326C,YJR088C,0,-8.419419,0.2514970004558563,0.9660000205039978,0.2874999940395355
YGL063W,YLR132C,0,-8.421397,0.25143155455589294,0.9660000205039978,0.28760001063346863
YML129C,YPL158C,0,-8.421407,0.25136610865592957,0.9660000205039978,0.28769999742507935
YBR021W,YOR266W,0,-8.421433,0.25130072236061096,0.9660000205039978,0.28780001401901245
YOR293W,YHR117W,0,-8.422317,0.25123536586761475,0.9660000205039978,0.28790000081062317
YGL240W,YOR019W,0,-8.42245,0.2511700391769409,0.9660000205039978,0.2879999876022339
YLR270W,YDR219C,0,-8.4224825,0.2511047422885895,0.9660000205039978,0.288100004196167
YKL059C,YDR478W,0,-8.422747,0.2510395050048828,0.9660000205039978,0.2881999909877777
YDR244W,YCR008W,0,-8.423079,0.25097426772117615,0.9660000205039978,0.2883000075817108
YOR374W,YER089C,0,-8.423229,0.25090909004211426,0.9660000205039978,0.28839999437332153
YBR154C,YMR268W-A,0,-8.423317,0.25084394216537476,0.9660000205039978,0.28850001096725464
YOR117W,YPL106C,0,-8.423398,0.25077882409095764,0.9660000205039978,0.28859999775886536
YLR139C,YML033W,0,-8.42463,0.2507137358188629,0.9660000205039978,0.28870001435279846
YPR160W,YDR031W,0,-8.424962,0.2506486773490906,0.9660000205039978,0.2888000011444092
YNL308C,YNL098C,0,-8.424968,0.2505836486816406,0.9660000205039978,0.2888999879360199
YMR219W,YGL210W,0,-8.42592,0.25051867961883545,0.9660000205039978,0.289000004529953
YBR132C,YLR410W-B,0,-8.425962,0.2504537105560303,0.9660000205039978,0.2890999913215637
YCR088W,YMR120C,0,-8.426761,0.2503888010978699,0.9660000205039978,0.2892000079154968
YMR150C,YNL208W,0,-8.426901,0.25032392144203186,0.9660000205039978,0.28929999470710754
YKR031C,YPR137C-B,0,-8.427003,0.25025907158851624,0.9660000205039978,0.28940001130104065
YLR431C,YOR328W,0,-8.427019,0.250194251537323,0.9660000205039978,0.28949999809265137
YDL174C,YJL048C,0,-8.427386,0.25012946128845215,0.9660000205039978,0.2896000146865845
YKL134C,YNL326C,0,-8.427652,0.2500647306442261,0.9660000205039978,0.2897000014781952
YNL135C,YLR263W,0,-8.427943,0.25,0.9660000205039978,0.2897999882698059
YBR072W,YHR086W,0,-8.428077,0.2499353140592575,0.9660000205039978,0.289900004863739
YDR087C,YJL118W,0,-8.428792,0.2498706728219986,0.9660000205039978,0.28999999165534973
YPR193C,YJR026W,0,-8.429064,0.24980604648590088,0.9660000205039978,0.29010000824928284
YJL095W,YOR192C-A,0,-8.430383,0.24974146485328674,0.9660000205039978,0.29019999504089355
YMR131C,YDR311W,0,-8.4304695,0.249676913022995,0.9660000205039978,0.29030001163482666
YOR026W,YBR023C,0,-8.430515,0.24961240589618683,0.9660000205039978,0.2903999984264374
YCR047C,YGL067W,0,-8.430906,0.24954791367053986,0.9660000205039978,0.2904999852180481
YIL026C,YKL165C,0,-8.430966,0.24948346614837646,0.9660000205039978,0.2906000018119812
YBR073W,YFL038C,0,-8.43145,0.24941904842853546,0.9660000205039978,0.2906999886035919
YOL158C,YPL174C,0,-8.431512,0.24935467541217804,0.9660000205039978,0.290800005197525
YLR333C,YOR337W,0,-8.431547,0.2492903172969818,0.9660000205039978,0.29089999198913574
YDR527W,YLR337W,0,-8.431794,0.24922600388526917,0.9660000205039978,0.29100000858306885
YPL053C,YOR008C,0,-8.432028,0.2491617202758789,0.9660000205039978,0.29109999537467957
YOL030W,YKL027W,0,-8.4324465,0.24909746646881104,0.9660000205039978,0.29120001196861267
YLR312C-B,YCR060W,0,-8.432769,0.24903325736522675,0.9660000205039978,0.2912999987602234
YMR043W,YJR059W,0,-8.432804,0.24896907806396484,0.9660000205039978,0.2913999855518341
YOL017W,YBR089C-A,0,-8.432804,0.24890492856502533,0.9660000205039978,0.2915000021457672
YOR182C,YBR097W,0,-8.433356,0.2488408088684082,0.9660000205039978,0.29159998893737793
YDL024C,YGL168W,0,-8.433472,0.24877671897411346,0.9660000205039978,0.29170000553131104
YOR393W,YOL072W,0,-8.433571,0.2487126737833023,0.9660000205039978,0.29179999232292175
YML123C,YDR143C,0,-8.433604,0.24864864349365234,0.9660000205039978,0.29190000891685486
YLR163C,YLR126C,0,-8.4343405,0.24858465790748596,0.9660000205039978,0.2919999957084656
YOL043C,YBL058W,0,-8.435192,0.24852071702480316,0.9660000205039978,0.2921000123023987
YPL147W,YJL118W,0,-8.436037,0.24845679104328156,0.9660000205039978,0.2921999990940094
YKL127W,YOR192C-A,0,-8.436494,0.24839290976524353,0.9660000205039978,0.2922999858856201
YCR082W,YDL039C,0,-8.436952,0.2483290433883667,0.9660000205039978,0.2924000024795532
YLR178C,YDR365W-A,0,-8.437274,0.24826522171497345,0.9660000205039978,0.29249998927116394
YJR161C,YOR324C,0,-8.437297,0.24820144474506378,0.9660000205039978,0.29260000586509705
YGL116W,YGL049C,0,-8.437966,0.2481376826763153,0.9660000205039978,0.29269999265670776
YNL230C,YPL041C,0,-8.438048,0.24807396531105042,0.9660000205039978,0.29280000925064087
YMR302C,YPR158C-D,0,-8.438444,0.24801026284694672,0.9660000205039978,0.2928999960422516
YIR019C,YKL174C,0,-8.438693,0.2479466050863266,0.9660000205039978,0.2930000126361847
YIR039C,YOR142W-B,0,-8.438834,0.24788299202919006,0.9660000205039978,0.2930999994277954
YDR411C,YOR270C,0,-8.439276,0.24781939387321472,0.9660000205039978,0.29319998621940613
YOR176W,YFL004W,0,-8.439621,0.24775584042072296,0.9660000205039978,0.29330000281333923
YHL038C,YGL160W,0,-8.440322,0.2476923018693924,0.9660000205039978,0.29339998960494995
YDR534C,YOR008C-A,0,-8.440701,0.2476288080215454,0.9660000205039978,0.29350000619888306
YNR044W,YGR275W,0,-8.441044,0.2475653439760208,0.9660000205039978,0.2935999929904938
YER014W,YFR005C,0,-8.441277,0.2475019246339798,0.9660000205039978,0.2937000095844269
YBR073W,YJL118W,0,-8.441584,0.24743852019309998,0.9660000205039978,0.2937999963760376
YPL001W,YER021W,0,-8.441778,0.24737516045570374,0.9660000205039978,0.2939000129699707
YGL038C,YKL070W,0,-8.441817,0.24731183052062988,0.9660000205039978,0.2939999997615814
YLR078C,YBL006C,0,-8.442068,0.24724853038787842,0.9660000205039978,0.29409998655319214
YNR037C,YBR014C,0,-8.442186,0.24718526005744934,0.9660000205039978,0.29420000314712524
YGR224W,YPL147W,0,-8.442412,0.24712201952934265,0.9660000205039978,0.29429998993873596
YMR094W,YDL213C,0,-8.44295,0.24705882370471954,0.9660000205039978,0.29440000653266907
YNL238W,YLR312C-B,0,-8.443852,0.24699565768241882,0.9660000205039978,0.2944999933242798
YDL116W,YGR104C,0,-8.444068,0.2469325214624405,0.9660000205039978,0.2946000099182129
YML036W,YJR129C,0,-8.444553,0.24686941504478455,0.9660000205039978,0.2946999967098236
YPR188C,YOL154W,0,-8.444772,0.246806338429451,0.9660000205039978,0.2948000133037567
YJR137C,YBL024W,0,-8.447894,0.24674329161643982,0.9660000205039978,0.29490000009536743
YDR253C,YDR484W,0,-8.447915,0.24668028950691223,0.9660000205039978,0.29499998688697815
YCR070W,YNR032W,0,-8.448011,0.24661730229854584,0.9660000205039978,0.29510000348091125
YBR070C,YDR367W,0,-8.448034,0.24655435979366302,0.9660000205039978,0.295199990272522
YIR033W,YNL003C,0,-8.44847,0.2464914470911026,0.9660000205039978,0.2953000068664551
YDR449C,YCL062W,0,-8.448519,0.24642856419086456,0.9660000205039978,0.2953999936580658
YHR143W,YPL083C,0,-8.448632,0.2463657259941101,0.9660000205039978,0.2955000102519989
YPL242C,YKL029C,0,-8.449944,0.24630290269851685,0.9660000205039978,0.2955999970436096
YGL244W,YBR111W-A,0,-8.45012,0.24624012410640717,0.9660000205039978,0.2957000136375427
YJL212C,YDR365W-A,0,-8.450145,0.24617737531661987,0.9660000205039978,0.29580000042915344
YJR045C,YPR158W-A,0,-8.450665,0.24611465632915497,0.9660000205039978,0.29589998722076416
YMR180C,YOR306C,0,-8.450702,0.24605196714401245,0.9660000205039978,0.29600000381469727
YBL051C,YDL195W,0,-8.451322,0.24598930776119232,0.9660000205039978,0.296099990606308
YGL049C,YIL127C,0,-8.45168,0.24592667818069458,0.9660000205039978,0.2962000072002411
YHR024C,YOR147W,0,-8.452903,0.24586409330368042,0.9660000205039978,0.2962999939918518
YPL231W,YLR321C,0,-8.453443,0.24580152332782745,0.9660000205039978,0.2964000105857849
YBL084C,YDL042C,0,-8.453512,0.24573899805545807,0.9660000205039978,0.29649999737739563
YKL180W,YPL065W,0,-8.454511,0.24567650258541107,0.9660000205039978,0.29660001397132874
YOL154W,YDR034C-D,0,-8.455346,0.24561403691768646,0.9660000205039978,0.29670000076293945
YKR030W,YLR426W,0,-8.456099,0.24555160105228424,0.9660000205039978,0.29679998755455017
YOL135C,YJL074C,0,-8.457745,0.2454891949892044,0.9660000205039978,0.2969000041484833
YCL012W,YML069W,0,-8.457782,0.24542683362960815,0.9660000205039978,0.296999990940094
YLR047C,YJL091C,0,-8.4586,0.2453644871711731,0.9660000205039978,0.2971000075340271
YGL213C,YOR332W,0,-8.4587,0.24530218541622162,0.9660000205039978,0.2971999943256378
YOL133W,YAR044W,0,-8.458844,0.24523991346359253,0.9660000205039978,0.2973000109195709
YNL166C,YGR161W-B,0,-8.459247,0.24517767131328583,0.9660000205039978,0.29739999771118164
YDR264C,YCR062W,0,-8.45975,0.2451154589653015,0.9660000205039978,0.29750001430511475
YGL068W,YDR238C,0,-8.460103,0.2450532764196396,0.9660000205039978,0.29760000109672546
YDL088C,YGL040C,0,-8.460126,0.24499112367630005,0.9660000205039978,0.2976999878883362
YOL043C,YGR251W,0,-8.460532,0.2449290007352829,0.9660000205039978,0.2978000044822693
YNL270C,YLL056C,0,-8.460639,0.24486692249774933,0.9660000205039978,0.29789999127388
YBL091C,YOL034W,0,-8.460813,0.24480485916137695,0.9660000205039978,0.2980000078678131
YLR418C,YNL021W,0,-8.460973,0.24474284052848816,0.9660000205039978,0.29809999465942383
YLR353W,YGL210W,0,-8.461197,0.24468085169792175,0.9660000205039978,0.29820001125335693
YHR164C,YHR072W-A,0,-8.4613085,0.24461889266967773,0.9660000205039978,0.29829999804496765
YKL093W,YGR122W,0,-8.461712,0.2445569634437561,0.9660000205039978,0.29840001463890076
YKL158W,YEL066W,0,-8.462138,0.24449506402015686,0.9660000205039978,0.2985000014305115
YLR144C,YCR077C,0,-8.462455,0.24443319439888,0.9660000205039978,0.2985999882221222
YNL232W,YLR141W,0,-8.462692,0.24437136948108673,0.9660000205039978,0.2987000048160553
YIL005W,YIL080W,0,-8.462933,0.24430955946445465,0.9660000205039978,0.298799991607666
YBL076C,YOR060C,0,-8.463262,0.24424779415130615,0.9660000205039978,0.2989000082015991
YCR065W,YOL033W,0,-8.463469,0.24418604373931885,0.9660000205039978,0.29899999499320984
YBR010W,YPL243W,0,-8.463566,0.24412433803081512,0.9660000205039978,0.29910001158714294
YOL027C,YLR441C,0,-8.463798,0.2440626621246338,0.9660000205039978,0.29919999837875366
YLR100W,YOL009C,0,-8.4641485,0.24400101602077484,0.9660000205039978,0.2992999851703644
YJL008C,YFL035C-B,0,-8.464179,0.24393939971923828,0.9660000205039978,0.2994000017642975
YIR017C,YDR316W-B,0,-8.464188,0.2438778132200241,0.9660000205039978,0.2994999885559082
YHR036W,YDL200C,0,-8.464778,0.24381625652313232,0.9660000205039978,0.2996000051498413
YNL227C,YJL113W,0,-8.465199,0.24375472962856293,0.9660000205039978,0.299699991941452
YCR033W,YDR306C,0,-8.465204,0.24369323253631592,0.9660000205039978,0.29980000853538513
YDL246C,YDR210W-A,0,-8.466072,0.2436317801475525,0.9660000205039978,0.29989999532699585
YGL086W,YDR405W,0,-8.466481,0.24357034265995026,0.9660000205039978,0.30000001192092896
YMR168C,YMR268W-A,0,-8.466559,0.2435089498758316,0.9660000205039978,0.3000999987125397
YDR407C,YDR210W-A,0,-8.466852,0.24344758689403534,0.9660000205039978,0.3001999855041504
YOR150W,YOR063W,1,-8.467,0.24363820254802704,0.9670000076293945,0.3001999855041504
YOR301W,YML055W,0,-8.467023,0.24357682466506958,0.9670000076293945,0.3003000020980835
YGL059W,YPR137C-B,0,-8.467177,0.2435154914855957,0.9670000076293945,0.3003999888896942
YNR007C,YPR097W,0,-8.467659,0.24345417320728302,0.9670000076293945,0.3005000054836273
YCR058C,YPL083C,0,-8.467939,0.24339289963245392,0.9670000076293945,0.30059999227523804
YKL005C,YKL054C,0,-8.467953,0.2433316558599472,0.9670000076293945,0.30070000886917114
YOR197W,YDR365W-B,0,-8.468022,0.24327044188976288,0.9670000076293945,0.30079999566078186
YDL210W,YDR128W,0,-8.468621,0.24320925772190094,0.9670000076293945,0.30090001225471497
YMR094W,YOR195W,0,-8.468968,0.2431481033563614,0.9670000076293945,0.3009999990463257
YDR033W,YKR059W,0,-8.469854,0.24308697879314423,0.9670000076293945,0.3010999858379364
YKL022C,YKL138C-A,0,-8.470026,0.24302588403224945,0.9670000076293945,0.3012000024318695
YMR011W,YER144C,0,-8.470616,0.24296481907367706,0.9670000076293945,0.3012999892234802
YLR388W,YDR210C-C,0,-8.470623,0.24290379881858826,0.9670000076293945,0.30140000581741333
YOL058W,YMR158W,0,-8.47084,0.24284279346466064,0.9670000076293945,0.30149999260902405
YDR351W,YJL213W,0,-8.47108,0.24278181791305542,0.9670000076293945,0.30160000920295715
YOR239W,YOR311C,0,-8.471569,0.24272088706493378,0.9670000076293945,0.30169999599456787
YGR040W,YNL241C,0,-8.471887,0.24265997111797333,0.9670000076293945,0.301800012588501
YBR158W,YPL147W,0,-8.471887,0.24259909987449646,0.9670000076293945,0.3018999993801117
YLR080W,YCL003W,0,-8.472133,0.2425382435321808,0.9670000076293945,0.3019999861717224
YMR072W,YBR018C,0,-8.472297,0.2424774318933487,0.9670000076293945,0.3021000027656555
YFR036W,YDR086C,0,-8.473945,0.242416650056839,0.9670000076293945,0.30219998955726624
YDR419W,YDR523C,0,-8.47411,0.24235588312149048,0.9670000076293945,0.30230000615119934
YOR261C,YNL092W,0,-8.474142,0.24229516088962555,0.9670000076293945,0.30239999294281006
YGL210W-A,YPL020C,0,-8.474526,0.242234468460083,0.9670000076293945,0.30250000953674316
YGL256W,YHR150W,0,-8.474621,0.24217380583286285,0.9670000076293945,0.3025999963283539
YDL154W,YPR137C-A,0,-8.474719,0.2421131730079651,0.9670000076293945,0.302700012922287
YPL202C,YDR082W,0,-8.474761,0.2420525699853897,0.9670000076293945,0.3027999997138977
YBR057C,YBL027W,0,-8.4750395,0.24199199676513672,0.9670000076293945,0.3028999865055084
YGR216C,YGL045W,0,-8.475058,0.24193145334720612,0.9670000076293945,0.30300000309944153
YDR277C,YKR037C,0,-8.475061,0.2418709397315979,0.9670000076293945,0.30309998989105225
YGL139W,YOR192C-A,0,-8.475109,0.24181045591831207,0.9670000076293945,0.30320000648498535
YLR315W,YLR264W,0,-8.475505,0.24175000190734863,0.9670000076293945,0.30329999327659607
YHR042W,YLR154C,0,-8.475637,0.24168957769870758,0.9670000076293945,0.3034000098705292
YGL045W,YHR178W,0,-8.475725,0.24162918329238892,0.9670000076293945,0.3034999966621399
YHR067W,YNL175C,0,-8.475725,0.24156881868839264,0.9670000076293945,0.303600013256073
YOR347C,YOR256C,0,-8.475856,0.24150849878787994,0.9670000076293945,0.3037000000476837
YGL092W,YDR071C,0,-8.475972,0.24144819378852844,0.9670000076293945,0.30379998683929443
YDR017C,YLL028W,0,-8.476155,0.24138791859149933,0.9670000076293945,0.30390000343322754
YFL010W-A,YBR012W-B,0,-8.477446,0.2413276731967926,0.9670000076293945,0.30399999022483826
YOL129W,YGR277C,0,-8.47922,0.24126747250556946,0.9670000076293945,0.30410000681877136
YKL189W,YHL028W,0,-8.479397,0.2412072867155075,0.9670000076293945,0.3041999936103821
YDL045W-A,YFR032C-A,0,-8.479897,0.24114713072776794,0.9670000076293945,0.3043000102043152
YER044C-A,YLR312C-B,0,-8.479905,0.24108700454235077,0.9670000076293945,0.3043999969959259
YBR268W,YGR161C-C,0,-8.479984,0.24102692306041718,0.9670000076293945,0.304500013589859
YJL031C,YNL152W,0,-8.4804325,0.24096685647964478,0.9670000076293945,0.3046000003814697
YNL051W,YOR339C,0,-8.481124,0.24090681970119476,0.9670000076293945,0.30469998717308044
YOR303W,YHR058C,0,-8.4812765,0.24084682762622833,0.9670000076293945,0.30480000376701355
YCR075C,YBR020W,0,-8.481679,0.2407868504524231,0.9670000076293945,0.30489999055862427
YGL120C,YJR120W,0,-8.482127,0.24072691798210144,0.9670000076293945,0.3050000071525574
YJR022W,YGR104C,0,-8.482703,0.24066700041294098,0.9670000076293945,0.3050999939441681
YKR099W,YDR210W-B,0,-8.482845,0.2406071126461029,0.9670000076293945,0.3052000105381012
YOL064C,YPR002W,0,-8.483371,0.2405472695827484,0.9670000076293945,0.3052999973297119
YCL024W,YBL100W-B,0,-8.483728,0.24048744142055511,0.9670000076293945,0.305400013923645
YJL210W,YKL058W,0,-8.483905,0.2404276430606842,0.9670000076293945,0.30550000071525574
YOL049W,YBR143C,0,-8.484394,0.24036788940429688,0.9670000076293945,0.30559998750686646
YPL194W,YGR166W,0,-8.4845295,0.24030815064907074,0.9670000076293945,0.30570000410079956
YOR133W,YMR052W,0,-8.484651,0.240248441696167,0.9670000076293945,0.3057999908924103
YMR263W,YLR256W-A,0,-8.484796,0.24018877744674683,0.9670000076293945,0.3059000074863434
YPL174C,YJL118W,0,-8.485261,0.24012912809848785,0.9670000076293945,0.3059999942779541
YJR013W,YJR044C,0,-8.486129,0.24006950855255127,0.9670000076293945,0.3061000108718872
YMR192W,YLL023C,0,-8.4864645,0.24000993371009827,0.9670000076293945,0.3061999976634979
YDL064W,YCL062W,0,-8.486611,0.23995037376880646,0.9670000076293945,0.30630001425743103
YMR198W,YJR006W,0,-8.486899,0.23989084362983704,0.9670000076293945,0.30640000104904175
YHL019C,YLR391W-A,0,-8.487218,0.23983134329319,0.9670000076293945,0.30649998784065247
YFL031W,YOL069W,0,-8.48776,0.23977188766002655,0.9670000076293945,0.30660000443458557
YMR156C,YLR410W-A,0,-8.488371,0.2397124469280243,0.9670000076293945,0.3066999912261963
YLL038C,YKL032C,0,-8.48842,0.23965303599834442,0.9670000076293945,0.3068000078201294
YJL213W,YPR158C-D,0,-8.489282,0.23959365487098694,0.9670000076293945,0.3068999946117401
YJL111W,YGR098C,0,-8.48931,0.23953430354595184,0.9670000076293945,0.3070000112056732
YBL027W,YFL018W-A,0,-8.489416,0.23947498202323914,0.9670000076293945,0.30709999799728394
YNR058W,YLR005W,0,-8.490779,0.23941569030284882,0.9670000076293945,0.30720001459121704
YOL076W,YML091C,0,-8.49086,0.23935642838478088,0.9670000076293945,0.30730000138282776
YLR153C,YGR098C,0,-8.491067,0.23929719626903534,0.9670000076293945,0.3073999881744385
YOL095C,YJR120W,0,-8.491702,0.23923799395561218,0.9670000076293945,0.3075000047683716
YPR035W,YGR253C,0,-8.491748,0.2391788214445114,0.9670000076293945,0.3075999915599823
YPL204W,YOR142W,0,-8.492836,0.23911967873573303,0.9670000076293945,0.3077000081539154
YLL052C,YDR210C-D,0,-8.492857,0.23906056582927704,0.9670000076293945,0.3077999949455261
YFL035C,YBR114W,0,-8.492909,0.23900148272514343,0.9670000076293945,0.30790001153945923
YJL140W,YJL130C,0,-8.493203,0.23894242942333221,0.9670000076293945,0.30799999833106995
YPR103W,YOR212W,0,-8.493591,0.23888340592384338,0.9670000076293945,0.30809998512268066
YNL030W,YLR312C-B,0,-8.493875,0.23882439732551575,0.9670000076293945,0.30820000171661377
YHR107C,YNL273W,0,-8.49495,0.2387654334306717,0.9670000076293945,0.3082999885082245
YMR286W,YJL035C,0,-8.494974,0.23870649933815002,0.9670000076293945,0.3084000051021576
YGR296W,YBR241C,0,-8.495036,0.23864758014678955,0.9670000076293945,0.3084999918937683
YAL009W,YKL174C,0,-8.49567,0.23858870565891266,0.9670000076293945,0.3086000084877014
YDR385W,YPL104W,0,-8.495883,0.23852984607219696,0.9670000076293945,0.30869999527931213
YPL076W,YBR293W,0,-8.495952,0.23847101628780365,0.9670000076293945,0.30880001187324524
YNR060W,YKL200C,0,-8.496042,0.23841223120689392,0.9670000076293945,0.30889999866485596
YDR011W,YGL212W,0,-8.496333,0.23835346102714539,0.9670000076293945,0.3089999854564667
YDL198C,YEL004W,0,-8.496423,0.23829472064971924,0.9670000076293945,0.3091000020503998
YBR020W,YDR171W,0,-8.496637,0.23823602497577667,0.9670000076293945,0.3091999888420105
YER056C,YNL054W-A,0,-8.496887,0.2381773442029953,0.9670000076293945,0.3093000054359436
YFL057C,YGL153W,0,-8.497036,0.23811869323253632,0.9670000076293945,0.3093999922275543
YNL201C,YDR092W,0,-8.497054,0.23806007206439972,0.9670000076293945,0.3095000088214874
YER086W,YDR501W,0,-8.497432,0.2380014806985855,0.9670000076293945,0.30959999561309814
YPR131C,YLR275W,0,-8.497564,0.2379429191350937,0.9670000076293945,0.30970001220703125
YLR158C,YCR092C,0,-8.497832,0.23788437247276306,0.9670000076293945,0.30979999899864197
YBR177C,YFR025C,0,-8.498237,0.23782587051391602,0.9670000076293945,0.3098999857902527
YOR162C,YGL249W,0,-8.4988575,0.23776739835739136,0.9670000076293945,0.3100000023841858
YER044C,YDR027C,0,-8.499202,0.2377089411020279,0.9670000076293945,0.3100999891757965
YGR267C,YKL084W,0,-8.499411,0.237650528550148,0.9670000076293945,0.3102000057697296
YGL021W,YDL134C,0,-8.499558,0.23759213089942932,0.9670000076293945,0.31029999256134033
YKL096W-A,YIL006W,0,-8.499963,0.2375337779521942,0.9670000076293945,0.31040000915527344
YPL046C,YNL058C,0,-8.500136,0.2374754399061203,0.9670000076293945,0.31049999594688416
YPL097W,YOR313C,0,-8.500237,0.23741713166236877,0.9670000076293945,0.31060001254081726
YDL109C,YNL115C,0,-8.501006,0.23735886812210083,0.9670000076293945,0.310699999332428
YHR057C,YLR256W-A,0,-8.5016985,0.23730061948299408,0.9670000076293945,0.3107999861240387
YCR009C,YPL065W,0,-8.502542,0.23724240064620972,0.9670000076293945,0.3109000027179718
YER072W,YNL213C,0,-8.502903,0.23718419671058655,0.9670000076293945,0.3109999895095825
YHR120W,YPR056W,0,-8.503182,0.23712603747844696,0.9670000076293945,0.3111000061035156
YAL031C,YLL027W,0,-8.503481,0.23706790804862976,0.9670000076293945,0.31119999289512634
YKL016C,YKL006W,0,-8.50357,0.23700980842113495,0.9670000076293945,0.31130000948905945
YGR206W,YGR027C,0,-8.504352,0.23695172369480133,0.9670000076293945,0.31139999628067017
YHR123W,YDR247W,0,-8.504489,0.2368936836719513,0.9670000076293945,0.31150001287460327
YOL003C,YDR055W,0,-8.504819,0.23683565855026245,0.9670000076293945,0.311599999666214
YPR037C,YKL200C,0,-8.505716,0.236777663230896,0.9670000076293945,0.3116999864578247
YMR011W,YOR142W-B,0,-8.506639,0.23671971261501312,0.9670000076293945,0.3118000030517578
YAL026C,YOR230W,0,-8.507389,0.23666177690029144,0.9670000076293945,0.31189998984336853
YER024W,YLR410W-A,0,-8.507549,0.23660387098789215,0.9670000076293945,0.31200000643730164
YKL200C,YML033W,0,-8.507573,0.23654599487781525,0.9670000076293945,0.31209999322891235
YBR065C,YER174C,0,-8.507709,0.23648813366889954,0.9670000076293945,0.31220000982284546
YMR113W,YOR045W,0,-8.507827,0.2364303171634674,0.9670000076293945,0.3122999966144562
YAL008W,YDR098C-B,0,-8.508004,0.23637253046035767,0.9670000076293945,0.3124000132083893
YFL035C,YDR073W,0,-8.508063,0.23631475865840912,0.9670000076293945,0.3125
YOR185C,YDR218C,0,-8.508201,0.23625703155994415,0.9670000076293945,0.3125999867916107
YBL052C,YGR296W,0,-8.508475,0.23619931936264038,0.9670000076293945,0.3127000033855438
YKL134C,YMR223W,0,-8.508508,0.236141636967659,0.9670000076293945,0.31279999017715454
YLR265C,YGL045W,0,-8.508771,0.236083984375,0.9670000076293945,0.31290000677108765
YCR098C,YPR097W,0,-8.508848,0.2360263615846634,0.9670000076293945,0.31299999356269836
YMR120C,YPL029W,0,-8.508892,0.23596876859664917,0.9670000076293945,0.31310001015663147
YGL256W,YDR316W-B,0,-8.508914,0.23591119050979614,0.9670000076293945,0.3131999969482422
YGR036C,YJR014W,0,-8.50895,0.2358536571264267,0.9670000076293945,0.3133000135421753
YFL018W-A,YKL042W,0,-8.509031,0.23579615354537964,0.9670000076293945,0.313400000333786
YMR311C,YOR396W,0,-8.509834,0.23573866486549377,0.9670000076293945,0.31349998712539673
YKR099W,YOR284W,0,-8.509878,0.2356812059879303,0.9670000076293945,0.31360000371932983
YJL047C,YLR275W,0,-8.510425,0.2356237769126892,0.9670000076293945,0.31369999051094055
YDR429C,YDR365W-A,0,-8.510475,0.2355663776397705,0.9670000076293945,0.31380000710487366
YFL017W-A,YMR226C,0,-8.510768,0.2355090081691742,0.9670000076293945,0.3138999938964844
YPL280W,YNL009W,0,-8.510929,0.23545166850090027,0.9670000076293945,0.3140000104904175
YLR295C,YOR095C,0,-8.51134,0.23539435863494873,0.9670000076293945,0.3140999972820282
YOR373W,YBL113C,0,-8.511425,0.2353370636701584,0.9670000076293945,0.3142000138759613
YNL145W,YPL140C,0,-8.511539,0.23527979850769043,0.9670000076293945,0.314300000667572
YLR117C,YPL162C,0,-8.512102,0.23522257804870605,0.9670000076293945,0.31439998745918274
YBL006C,YNL058C,0,-8.512561,0.23516537249088287,0.9670000076293945,0.31450000405311584
YFL055W,YHL009W-B,0,-8.512945,0.23510819673538208,0.9670000076293945,0.31459999084472656
YMR311C,YDR034C-D,0,-8.513009,0.23505105078220367,0.9670000076293945,0.31470000743865967
YJL003W,YGL183C,0,-8.513715,0.23499391973018646,0.9670000076293945,0.3147999942302704
YCR058C,YBR037C,0,-8.514173,0.23493683338165283,0.9670000076293945,0.3149000108242035
YBR218C,YPR137C-B,0,-8.51418,0.2348797619342804,0.9670000076293945,0.3149999976158142
YML098W,YNL247W,0,-8.514711,0.23482273519039154,0.9670000076293945,0.3151000142097473
YHR044C,YEL056W,0,-8.5147915,0.23476572334766388,0.9670000076293945,0.31520000100135803
YDR301W,YPR112C,0,-8.514978,0.2347087413072586,0.9670000076293945,0.31529998779296875
YDR363W,YOR069W,0,-8.515407,0.23465178906917572,0.9670000076293945,0.31540000438690186
YGR099W,YLR042C,0,-8.515978,0.23459485173225403,0.9670000076293945,0.3154999911785126
YOR335C,YDR176W,0,-8.516393,0.23453795909881592,0.9670000076293945,0.3156000077724457
YOR045W,YLR426W,0,-8.516553,0.234481081366539,0.9670000076293945,0.3156999945640564
YML086C,YPL048W,0,-8.516786,0.23442424833774567,0.9670000076293945,0.3158000111579895
YEL056W,YHL009W-B,0,-8.517951,0.23436743021011353,0.9670000076293945,0.3158999979496002
YER170W,YOR125C,0,-8.518617,0.23431064188480377,0.9670000076293945,0.3160000145435333
YNL145W,YMR008C,0,-8.519907,0.2342538833618164,0.9670000076293945,0.31610000133514404
YDR058C,YPL206C,0,-8.5200815,0.23419713973999023,0.9670000076293945,0.31619998812675476
YGL033W,YLR132C,0,-8.520312,0.23414044082164764,0.9670000076293945,0.31630000472068787
YLR300W,YGR109W-B,0,-8.520356,0.23408375680446625,0.9670000076293945,0.3163999915122986
YCL027W,YDR316W-B,0,-8.5214615,0.23402710258960724,0.9670000076293945,0.3165000081062317
YHR148W,YKL200C,0,-8.521629,0.23397047817707062,0.9670000076293945,0.3165999948978424
YDR501W,YLR263W,0,-8.521687,0.23391388356685638,0.9670000076293945,0.3167000114917755
YGL008C,YPL276W,0,-8.521938,0.23385731875896454,0.9670000076293945,0.31679999828338623
YJL208C,YML033W,0,-8.522764,0.2338007688522339,0.9670000076293945,0.31690001487731934
YOR150W,YHR066W,1,-8.5233965,0.23398597538471222,0.9679999947547913,0.31690001487731934
YBR274W,YNL036W,0,-8.523405,0.23392944037914276,0.9679999947547913,0.31700000166893005
YFL009W,YGR092W,0,-8.523672,0.2338729202747345,0.9679999947547913,0.31709998846054077
YJL159W,YJL018W,0,-8.523751,0.23381642997264862,0.9679999947547913,0.3172000050544739
YFL035C,YGR251W,0,-8.523996,0.23375995457172394,0.9679999947547913,0.3172999918460846
YNL039W,YKL062W,0,-8.524234,0.23370352387428284,0.9679999947547913,0.3174000084400177
YIR006C,YOR117W,0,-8.524259,0.23364712297916412,0.9679999947547913,0.3174999952316284
YBR281C,YOL027C,0,-8.524434,0.2335907369852066,0.9679999947547913,0.3176000118255615
YDR512C,YML037C,0,-8.524843,0.23353438079357147,0.9679999947547913,0.31769999861717224
YLR417W,YOR343W-A,0,-8.525135,0.23347805440425873,0.9679999947547913,0.31779998540878296
YNL282W,YMR039C,0,-8.525137,0.23342175781726837,0.9679999947547913,0.31790000200271606
YHL003C,YPR139C,0,-8.5254545,0.2333654761314392,0.9679999947547913,0.3179999887943268
YBL051C,YNL088W,0,-8.525826,0.23330922424793243,0.9679999947547913,0.3181000053882599
YLL052C,YBL028C,0,-8.526127,0.23325301706790924,0.9679999947547913,0.3181999921798706
YFL016C,YCR012W,0,-8.526182,0.23319682478904724,0.9679999947547913,0.3183000087738037
YML067C,YBR028C,0,-8.526472,0.23314066231250763,0.9679999947547913,0.31839999556541443
YOR128C,YNL070W,0,-8.527128,0.2330845147371292,0.9679999947547913,0.31850001215934753
YPL275W,YGL018C,0,-8.527497,0.23302841186523438,0.9679999947547913,0.31859999895095825
YPL094C,YCR080W,0,-8.527738,0.23297232389450073,0.9679999947547913,0.31869998574256897
YJR052W,YEL004W,0,-8.527824,0.23291626572608948,0.9679999947547913,0.3188000023365021
YFL035C-B,YOR116C,0,-8.527875,0.2328602373600006,0.9679999947547913,0.3188999891281128
YLR136C,YOR192C-B,0,-8.528028,0.23280423879623413,0.9679999947547913,0.3190000057220459
YGR037C,YOR237W,0,-8.5280695,0.23274825513362885,0.9679999947547913,0.3190999925136566
YIR011C,YDR316W-B,0,-8.528255,0.23269230127334595,0.9679999947547913,0.3192000091075897
YDR234W,YDR348C,0,-8.5284195,0.23263639211654663,0.9679999947547913,0.31929999589920044
YGL025C,YDR210W-B,0,-8.52884,0.23258048295974731,0.9679999947547913,0.31940001249313354
YPR119W,YLR301W,0,-8.528914,0.23252461850643158,0.9679999947547913,0.31949999928474426
YER168C,YML071C,0,-8.529236,0.23246878385543823,0.9679999947547913,0.319599986076355
YJR066W,YOR003W,0,-8.529291,0.23241296410560608,0.9679999947547913,0.3197000026702881
YHR079C-B,YDR334W,0,-8.529535,0.2323571741580963,0.9679999947547913,0.3197999894618988
YBR091C,YPL106C,0,-8.529548,0.23230141401290894,0.9679999947547913,0.3199000060558319
YMR303C,YDL092W,0,-8.530204,0.23224568367004395,0.9679999947547913,0.3199999928474426
YOR348C,YKL209C,0,-8.530454,0.23218996822834015,0.9679999947547913,0.32010000944137573
YER159C-A,YGR251W,0,-8.531116,0.23213429749011993,0.9679999947547913,0.32019999623298645
YER088C,YIL073C,0,-8.531293,0.2320786416530609,0.9679999947547913,0.32030001282691956
YPL140C,YPL206C,0,-8.531471,0.23202301561832428,0.9679999947547913,0.3203999996185303
YJL021C,YKL144C,0,-8.531854,0.23196740448474884,0.9679999947547913,0.320499986410141
YBL022C,YLR441C,0,-8.531918,0.23191183805465698,0.9679999947547913,0.3206000030040741
YDR201W,YCR073C,0,-8.531926,0.23185628652572632,0.9679999947547913,0.3206999897956848
YGL212W,YDR210C-D,0,-8.5319605,0.23180076479911804,0.9679999947547913,0.3208000063896179
YGL023C,YGR046W,0,-8.532016,0.23174527287483215,0.9679999947547913,0.32089999318122864
YLR359W,YBL005W,0,-8.532415,0.23168981075286865,0.9679999947547913,0.32100000977516174
YHR034C,YGR002C,0,-8.53258,0.23163436353206635,0.9679999947547913,0.32109999656677246
YDR240C,YOR192C-A,0,-8.532611,0.23157894611358643,0.9679999947547913,0.32120001316070557
YPR094W,YIR014W,0,-8.532685,0.2315235584974289,0.9679999947547913,0.3212999999523163
YKL049C,YPR179C,0,-8.533,0.23146820068359375,0.9679999947547913,0.321399986743927
YJL010C,YNL099C,0,-8.5335655,0.2314128577709198,0.9679999947547913,0.3215000033378601
YOR044W,YIL138C,0,-8.533874,0.23135755956172943,0.9679999947547913,0.3215999901294708
YLL006W,YKL209C,0,-8.533927,0.23130227625370026,0.9679999947547913,0.32170000672340393
YOL090W,YEL048C,0,-8.534178,0.23124700784683228,0.9679999947547913,0.32179999351501465
YAR015W,YOL058W,0,-8.534312,0.23119178414344788,0.9679999947547913,0.32190001010894775
YKL197C,YKR056W,0,-8.534466,0.23113657534122467,0.9679999947547913,0.32199999690055847
YOR032C,YOR132W,0,-8.534497,0.23108139634132385,0.9679999947547913,0.3221000134944916
YBR090C-A,YML093W,0,-8.535515,0.23102624714374542,0.9679999947547913,0.3222000002861023
YOR185C,YBR105C,0,-8.535567,0.23097112774848938,0.9679999947547913,0.322299987077713
YGR098C,YNL272C,0,-8.535659,0.23091602325439453,0.9679999947547913,0.3224000036716461
YJL106W,YGL158W,0,-8.535659,0.23086096346378326,0.9679999947547913,0.32249999046325684
YBR090C-A,YBR173C,0,-8.535758,0.2308059185743332,0.9679999947547913,0.32260000705718994
YGR292W,YFL035C,0,-8.537131,0.2307508885860443,0.9679999947547913,0.32269999384880066
YHR072W,YPL174C,0,-8.537456,0.230695903301239,0.9679999947547913,0.32280001044273376
YFL057C,YBL033C,0,-8.53757,0.2306409329175949,0.9679999947547913,0.3228999972343445
YFL011W-A,YDL184C,0,-8.539018,0.2305859923362732,0.9679999947547913,0.3230000138282776
YKL194C,YML033W,0,-8.539361,0.23053108155727386,0.9679999947547913,0.3231000006198883
YLR231C,YGL142C,0,-8.539788,0.23047618567943573,0.9679999947547913,0.323199987411499
YNL261W,YBR141C,0,-8.53982,0.23042133450508118,0.9679999947547913,0.32330000400543213
YML091C,YEL057C,0,-8.540325,0.23036649823188782,0.9679999947547913,0.32339999079704285
YLR307W,YPL212C,0,-8.541172,0.23031167685985565,0.9679999947547913,0.32350000739097595
YMR299C,YIL129C,0,-8.542413,0.23025690019130707,0.9679999947547913,0.32359999418258667
YBR243C,YKR065C,0,-8.54289,0.23020213842391968,0.9679999947547913,0.3237000107765198
YOR004W,YLR455W,0,-8.543287,0.23014740645885468,0.9679999947547913,0.3237999975681305
YHR021C,YBL067C,0,-8.543408,0.23009270429611206,0.9679999947547913,0.3239000141620636
YDL154W,YGR038C-B,0,-8.543501,0.23003801703453064,0.9679999947547913,0.3240000009536743
YPL101W,YBL005W-A,0,-8.544009,0.2299833744764328,0.9679999947547913,0.32409998774528503
YML033W,YJL069C,0,-8.544749,0.22992874681949615,0.9679999947547913,0.32420000433921814
YCL074W,YCR045C,0,-8.54547,0.2298741340637207,0.9679999947547913,0.32429999113082886
YFL055W,YNL279W,0,-8.546342,0.22981956601142883,0.9679999947547913,0.32440000772476196
YKL152C,YGR191W,0,-8.546924,0.22976501286029816,0.9679999947547913,0.3244999945163727
YHR079C-B,YOR008C,0,-8.547144,0.22971048951148987,0.9679999947547913,0.3246000111103058
YFL039C,YER050C,0,-8.547203,0.22965599596500397,0.9679999947547913,0.3246999979019165
YNR054C,YML045W,0,-8.547247,0.22960151731967926,0.9679999947547913,0.3248000144958496
YNR075W,YDR079C-A,0,-8.54733,0.22954706847667694,0.9679999947547913,0.3249000012874603
YJL021C,YDR019C,0,-8.547383,0.229492649435997,0.9679999947547913,0.32499998807907104
YBR090C-A,YGL014W,0,-8.54782,0.22943826019763947,0.9679999947547913,0.32510000467300415
YLR078C,YJL018W,0,-8.548857,0.22938388586044312,0.9679999947547913,0.32519999146461487
YKL158W,YML077W,0,-8.548915,0.22932954132556915,0.9679999947547913,0.325300008058548
YDR007W,YIL008W,0,-8.549071,0.22927522659301758,0.9679999947547913,0.3253999948501587
YOR313C,YML034W,0,-8.5491295,0.2292209267616272,0.9679999947547913,0.3255000114440918
YOR145C,YGL137W,0,-8.549158,0.2291666716337204,0.9679999947547913,0.3255999982357025
YIL062C,YKL024C,0,-8.549206,0.2291124314069748,0.9679999947547913,0.3257000148296356
YGL129C,YJR141W,0,-8.549261,0.22905820608139038,0.9679999947547913,0.32580000162124634
YCR037C,YKL180W,0,-8.54927,0.22900402545928955,0.9679999947547913,0.32589998841285706
YGR165W,YER149C,0,-8.549744,0.22894985973834991,0.9679999947547913,0.32600000500679016
YOR150W,YDR418W,1,-8.550109,0.22913217544555664,0.968999981880188,0.32600000500679016
YOL011W,YER095W,0,-8.550148,0.229078009724617,0.968999981880188,0.3260999917984009
YIL043C,YDR110W,0,-8.550425,0.22902387380599976,0.968999981880188,0.326200008392334
YJL170C,YOR192C-A,0,-8.550619,0.2289697527885437,0.968999981880188,0.3262999951839447
YDL192W,YDR210W-A,0,-8.550716,0.22891566157341003,0.968999981880188,0.3264000117778778
YJL047C,YLR467W,0,-8.551035,0.22886160016059875,0.968999981880188,0.3264999985694885
YKL174C,YKL010C,0,-8.551435,0.22880755364894867,0.968999981880188,0.32659998536109924
YPL224C,YKL200C,0,-8.551453,0.22875353693962097,0.968999981880188,0.32670000195503235
YPR198W,YOR088W,0,-8.551514,0.22869955003261566,0.968999981880188,0.32679998874664307
YKL154W,YER090W,0,-8.552018,0.22864559292793274,0.968999981880188,0.32690000534057617
YKL200C,YOR305W,0,-8.552142,0.228591650724411,0.968999981880188,0.3269999921321869
YOL089C,YJR042W,0,-8.552439,0.22853773832321167,0.968999981880188,0.32710000872612
YFL035C-B,YER041W,0,-8.552531,0.22848384082317352,0.968999981880188,0.3271999955177307
YJL056C,YNL054W-B,0,-8.552667,0.22842998802661896,0.968999981880188,0.3273000121116638
YMR288W,YIL076W,0,-8.553178,0.22837615013122559,0.968999981880188,0.32739999890327454
YMR073C,YML033W,0,-8.553261,0.2283223420381546,0.968999981880188,0.32749998569488525
YDL165W,YER190W,0,-8.553363,0.2282685488462448,0.968999981880188,0.32760000228881836
YNR013C,YOR187W,0,-8.55357,0.2282147854566574,0.968999981880188,0.3276999890804291
YLR105C,YGR181W,0,-8.554254,0.2281610518693924,0.968999981880188,0.3278000056743622
YOR346W,YOR396W,0,-8.554305,0.22810734808444977,0.968999981880188,0.3278999924659729
YML033W,YDR207C,0,-8.5544815,0.22805365920066833,0.968999981880188,0.328000009059906
YGR240C,YDR210W-B,0,-8.55452,0.2280000001192093,0.968999981880188,0.3280999958515167
YNL094W,YBL040C,0,-8.554553,0.22794637084007263,0.968999981880188,0.32820001244544983
YIL110W,YAL047C,0,-8.554578,0.22789275646209717,0.968999981880188,0.32829999923706055
YDR281C,YJL198W,0,-8.554612,0.2278391718864441,0.968999981880188,0.32839998602867126
YGL256W,YBR265W,0,-8.555031,0.2277856171131134,0.968999981880188,0.32850000262260437
YKL198C,YDR349C,0,-8.555421,0.2277320772409439,0.968999981880188,0.3285999894142151
YIR025W,YMR266W,0,-8.5555,0.2276785671710968,0.968999981880188,0.3287000060081482
YFL018W-A,YGR106C,0,-8.556452,0.22762508690357208,0.968999981880188,0.3287999927997589
YAL021C,YHR214C-C,0,-8.556502,0.22757163643836975,0.968999981880188,0.328900009393692
YKL173W,YER144C,0,-8.556689,0.2275182008743286,0.968999981880188,0.32899999618530273
YML011C,YML114C,0,-8.556868,0.22746479511260986,0.968999981880188,0.32910001277923584
YPR006C,YLR398C,0,-8.55834,0.2274114042520523,0.968999981880188,0.32919999957084656
YCL029C,YDR120C,0,-8.558785,0.22735804319381714,0.968999981880188,0.3292999863624573
YOL034W,YDR334W,0,-8.558939,0.22730471193790436,0.968999981880188,0.3294000029563904
YDL204W,YML013W,0,-8.55897,0.22725141048431396,0.968999981880188,0.3294999897480011
YML107C,YER007C-A,0,-8.559597,0.22719812393188477,0.968999981880188,0.3296000063419342
YOL152W,YDR341C,0,-8.559649,0.22714486718177795,0.968999981880188,0.3296999931335449
YPL089C,YOR162C,0,-8.561173,0.22709164023399353,0.968999981880188,0.329800009727478
YGR229C,YPR174C,0,-8.561625,0.2270384281873703,0.968999981880188,0.32989999651908875
YNL306W,YBR090C-A,0,-8.561719,0.22698524594306946,0.968999981880188,0.33000001311302185
YKL200C,YKL196C,0,-8.562237,0.2269320785999298,0.968999981880188,0.33009999990463257
YLR329W,YLR337W,0,-8.563036,0.22687895596027374,0.968999981880188,0.3301999866962433
YPR046W,YHR004C,0,-8.563476,0.22682584822177887,0.968999981880188,0.3303000032901764
YEL017C-A,YDR210C-D,0,-8.564889,0.2267727553844452,0.968999981880188,0.3303999900817871
YKL182W,YKL132C,0,-8.565005,0.2267197072505951,0.968999981880188,0.3305000066757202
YPL161C,YML046W,0,-8.565023,0.2266666740179062,0.968999981880188,0.33059999346733093
YNL239W,YDR210C-D,0,-8.565328,0.22661365568637848,0.968999981880188,0.33070001006126404
YGL210W-A,YOR075W,0,-8.565537,0.22656066715717316,0.968999981880188,0.33079999685287476
YER028C,YHR214C-C,0,-8.566564,0.22650770843029022,0.968999981880188,0.33090001344680786
YMR216C,YDR495C,0,-8.5669365,0.22645477950572968,0.968999981880188,0.3310000002384186
YLL031C,YLR188W,0,-8.567075,0.22640186548233032,0.968999981880188,0.3310999870300293
YDR322W,YOR192C-B,0,-8.567181,0.22634898126125336,0.968999981880188,0.3312000036239624
YNR006W,YLR337W,0,-8.567622,0.22629612684249878,0.968999981880188,0.3312999904155731
YLR142W,YJL156C,0,-8.568392,0.2262432873249054,0.968999981880188,0.3314000070095062
YPR171W,YKL180W,0,-8.568673,0.2261904776096344,0.968999981880188,0.33149999380111694
YFL011W-A,YBR021W,0,-8.568691,0.2261376827955246,0.968999981880188,0.33160001039505005
YBR158W,YMR182C,0,-8.569158,0.22608493268489838,0.968999981880188,0.33169999718666077
YIL006W,YLR256W-A,0,-8.569196,0.22603219747543335,0.968999981880188,0.33180001378059387
YPR019W,YOR133W,0,-8.569565,0.22597947716712952,0.968999981880188,0.3319000005722046
YKL190W,YDR310C,0,-8.569702,0.22592678666114807,0.968999981880188,0.3319999873638153
YDR411C,YBR195C,0,-8.570287,0.225874125957489,0.968999981880188,0.3321000039577484
YLR300W,YPR133W-A,0,-8.570303,0.22582148015499115,0.968999981880188,0.33219999074935913
YMR022W,YGR059W,0,-8.570499,0.22576887905597687,0.968999981880188,0.33230000734329224
YHR051W,YIR017C,0,-8.570724,0.22571627795696259,0.968999981880188,0.33239999413490295
YEL066W,YHR069C,0,-8.570767,0.22566372156143188,0.968999981880188,0.33250001072883606
YCL029C,YBL038W,0,-8.571108,0.22561118006706238,0.968999981880188,0.3325999975204468
YER020W,YCL026C-B,0,-8.571428,0.22555865347385406,0.968999981880188,0.3327000141143799
YOR128C,YBR175W,0,-8.571978,0.22550617158412933,0.968999981880188,0.3328000009059906
YOR249C,YER118C,0,-8.572296,0.2254537045955658,0.968999981880188,0.3328999876976013
YCR047C,YKR062W,0,-8.572406,0.22540125250816345,0.968999981880188,0.3330000042915344
YDR019C,YBR100W,0,-8.572629,0.2253488302230835,0.968999981880188,0.33309999108314514
YBL074C,YIL015W,0,-8.572702,0.22529643774032593,0.968999981880188,0.33320000767707825
YOR141C,YJR029W,0,-8.57278,0.22524407505989075,0.968999981880188,0.33329999446868896
YDL045W-A,YMR129W,0,-8.573022,0.22519172728061676,0.968999981880188,0.33340001106262207
YLR312C-B,YGR063C,0,-8.573083,0.22513940930366516,0.968999981880188,0.3334999978542328
YKL012W,YLR410W-B,0,-8.573138,0.22508710622787476,0.968999981880188,0.3336000144481659
YKL158W,YKL006W,0,-8.57347,0.22503483295440674,0.968999981880188,0.3337000012397766
YOR240W,YGL047W,0,-8.575823,0.2249825894832611,0.968999981880188,0.33379998803138733
YOR270C,YLR455W,0,-8.576158,0.22493036091327667,0.968999981880188,0.33390000462532043
YDL066W,YKL173W,0,-8.576665,0.22487816214561462,0.968999981880188,0.33399999141693115
YGL139W,YGR084C,0,-8.577225,0.22482599318027496,0.968999981880188,0.33410000801086426
YLR353W,YNL339C,0,-8.577374,0.2247738391160965,0.968999981880188,0.334199994802475
YOR240W,YEL059C-A,0,-8.578507,0.22472169995307922,0.968999981880188,0.3343000113964081
YDR377W,YLR157C-B,0,-8.57881,0.22466960549354553,0.968999981880188,0.3343999981880188
YDR331W,YER090W,0,-8.579294,0.22461752593517303,0.968999981880188,0.3345000147819519
YHL003C,YER137C-A,0,-8.579403,0.22456547617912292,0.968999981880188,0.3346000015735626
YER061C,YCL062W,0,-8.57945,0.224513441324234,0.968999981880188,0.33469998836517334
YLR258W,YLR425W,0,-8.579675,0.22446143627166748,0.968999981880188,0.33480000495910645
YOL130W,YOL103W-A,0,-8.579886,0.22440944612026215,0.968999981880188,0.33489999175071716
YKR089C,YIR039C,0,-8.580465,0.2243574857711792,0.968999981880188,0.33500000834465027
YJL018W,YAR071W,0,-8.580589,0.22430555522441864,0.968999981880188,0.335099995136261
YOR299W,YJR006W,0,-8.581,0.22425363957881927,0.968999981880188,0.3352000117301941
YOR373W,YMR121C,0,-8.581038,0.2242017537355423,0.968999981880188,0.3352999985218048
YER069W,YBR177C,0,-8.581849,0.2241498976945877,0.968999981880188,0.3353999853134155
YFL009W,YFL035C,0,-8.582112,0.2240980565547943,0.968999981880188,0.33550000190734863
YPL147W,YOR142W-B,0,-8.582637,0.2240462452173233,0.968999981880188,0.33559998869895935
YBR155W,YGR027W-B,0,-8.583503,0.2239944487810135,0.968999981880188,0.33570000529289246
YDR480W,YLR019W,0,-8.583835,0.22394268214702606,0.968999981880188,0.3357999920845032
YGR230W,YDR131C,0,-8.583979,0.22389094531536102,0.968999981880188,0.3359000086784363
YPL123C,YBR103W,0,-8.584141,0.22383922338485718,0.968999981880188,0.335999995470047
YKL209C,YOR304C-A,0,-8.585259,0.22378753125667572,0.968999981880188,0.3361000120639801
YGR121C,YAR003W,0,-8.585867,0.22373585402965546,0.968999981880188,0.3361999988555908
YML121W,YDL134C-A,0,-8.585877,0.22368420660495758,0.968999981880188,0.33629998564720154
YOR005C,YPR042C,0,-8.586332,0.2236325889825821,0.968999981880188,0.33640000224113464
YDL030W,YPL032C,0,-8.58636,0.2235809862613678,0.968999981880188,0.33649998903274536
YDR393W,YJL187C,0,-8.586872,0.2235294133424759,0.968999981880188,0.33660000562667847
YOR380W,YOR337W,0,-8.587559,0.22347785532474518,0.968999981880188,0.3366999924182892
YKL025C,YDR422C,0,-8.587609,0.22342632710933685,0.968999981880188,0.3368000090122223
YKL189W,YML045W-A,0,-8.588171,0.22337482869625092,0.968999981880188,0.336899995803833
YNL308C,YDR210W-D,0,-8.588171,0.22332334518432617,0.968999981880188,0.3370000123977661
YKL199C,YNL115C,0,-8.588171,0.22327189147472382,0.968999981880188,0.33709999918937683
YIL065C,YBL101W-A,0,-8.588171,0.22322045266628265,0.968999981880188,0.33719998598098755
YER180C-A,YPL158C,0,-8.588171,0.22316904366016388,0.968999981880188,0.33730000257492065
YJL021C,YHL044W,0,-8.588171,0.2231176644563675,0.968999981880188,0.33739998936653137
YBR111W-A,YGR038C-B,0,-8.588171,0.2230663001537323,0.968999981880188,0.3375000059604645
YGL249W,YDR210W-A,0,-8.588171,0.2230149656534195,0.968999981880188,0.3375999927520752
YMR268W-A,YNL024C,0,-8.588171,0.22296364605426788,0.968999981880188,0.3377000093460083
YER027C,YBL101W-A,0,-8.588171,0.22291235625743866,0.968999981880188,0.337799996137619
YGL210W-A,YBR141C,0,-8.588171,0.22286108136177063,0.968999981880188,0.3379000127315521
YPL078C,YHL009W-A,0,-8.588171,0.222809836268425,0.968999981880188,0.33799999952316284
YAL001C,YDR210W-C,0,-8.588171,0.22275862097740173,0.968999981880188,0.33809998631477356
YLR151C,YBL101W-A,0,-8.588171,0.22270742058753967,0.968999981880188,0.33820000290870667
YGR086C,YNL284C-A,0,-8.588171,0.22265625,0.968999981880188,0.3382999897003174
YNR067C,YLR410W-B,0,-8.588171,0.22260509431362152,0.968999981880188,0.3384000062942505
YJR014W,YOR343C-A,0,-8.588171,0.22255396842956543,0.968999981880188,0.3384999930858612
YER029C,YFL002W-B,0,-8.588171,0.22250287234783173,0.968999981880188,0.3386000096797943
YBR188C,YDR210W-D,0,-8.588171,0.22245179116725922,0.968999981880188,0.33869999647140503
YNL003C,YBL101W-B,0,-8.588171,0.2224007397890091,0.968999981880188,0.33880001306533813
YML045W-A,YOR343W-A,0,-8.588171,0.22234970331192017,0.968999981880188,0.33889999985694885
YNL161W,YML045W-A,0,-8.588171,0.22229869663715363,0.968999981880188,0.33899998664855957
YDL134C-A,YDL118W,0,-8.588171,0.22224770486354828,0.968999981880188,0.3391000032424927
YPL137C,YBL101W-A,0,-8.588171,0.22219674289226532,0.968999981880188,0.3391999900341034
YLR396C,YOR343C-B,0,-8.588171,0.22214581072330475,0.968999981880188,0.3393000066280365
YBL071W-A,YML045W,0,-8.588171,0.22209489345550537,0.968999981880188,0.3393999934196472
YFL034C-B,YLR157C-B,0,-8.588171,0.2220439910888672,0.968999981880188,0.3395000100135803
YER088C,YBL101W-B,0,-8.588171,0.22199313342571259,0.968999981880188,0.33959999680519104
YBR097W,YOR192C-B,0,-8.588171,0.22194227576255798,0.968999981880188,0.33970001339912415
YJL076W,YBL101W-B,0,-8.588171,0.22189146280288696,0.968999981880188,0.33980000019073486
YDR285W,YDR210W-D,0,-8.588171,0.22184066474437714,0.968999981880188,0.3398999869823456
YGR161W-B,YHL009W-A,0,-8.588171,0.2217898815870285,0.968999981880188,0.3400000035762787
YDR325W,YBL101W-B,0,-8.588171,0.22173912823200226,0.968999981880188,0.3400999903678894
YHR079C-B,YDR034C-C,0,-8.588171,0.2216884046792984,0.968999981880188,0.3402000069618225
YPL214C,YHL009W-A,0,-8.588171,0.22163769602775574,0.968999981880188,0.3402999937534332
YHR143W-A,YDR210W-C,0,-8.588171,0.22158701717853546,0.968999981880188,0.34040001034736633
YPL192C,YOR343C-A,0,-8.588171,0.22153635323047638,0.968999981880188,0.34049999713897705
YBR130C,YNL284C-A,0,-8.588171,0.22148571908473969,0.968999981880188,0.34060001373291016
YKR099C-A,YNL194C,0,-8.588171,0.22143509984016418,0.968999981880188,0.3407000005245209
YJL111W,YDR210W-D,0,-8.588171,0.22138451039791107,0.968999981880188,0.3407999873161316
YMR035W,YHL009W-A,0,-8.588171,0.22133393585681915,0.968999981880188,0.3409000039100647
YMR323W,YDR210W-C,0,-8.588171,0.22128339111804962,0.968999981880188,0.3409999907016754
YBR072W,YNL284C-A,0,-8.588171,0.22123287618160248,0.968999981880188,0.3411000072956085
YGL126W,YBL101W-A,0,-8.588171,0.22118237614631653,0.968999981880188,0.34119999408721924
YLR025W,YNL284C-A,0,-8.588171,0.22113190591335297,0.968999981880188,0.34130001068115234
YDL038C,YDR210W-C,0,-8.588171,0.2210814505815506,0.968999981880188,0.34139999747276306
YOR229W,YDR210W-D,0,-8.588171,0.22103102505207062,0.968999981880188,0.34150001406669617
YAL015C,YDR210W-D,0,-8.588171,0.22098061442375183,0.968999981880188,0.3416000008583069
YFL035C,YOL107W,0,-8.588171,0.22093023359775543,0.968999981880188,0.3416999876499176
YGR109C,YOR343C-B,0,-8.588171,0.22087986767292023,0.968999981880188,0.3418000042438507
YOR254C,YML045W-A,0,-8.588171,0.2208295315504074,0.968999981880188,0.3418999910354614
YNR067C,YML045W-A,0,-8.588171,0.22077922523021698,0.968999981880188,0.34200000762939453
YER180C-A,YBL101W-A,0,-8.588171,0.22072893381118774,0.968999981880188,0.34209999442100525
YPL249C,YOR343C-A,0,-8.588171,0.2206786572933197,0.968999981880188,0.34220001101493835
YDL134C-A,YOR228C,0,-8.588171,0.22062841057777405,0.968999981880188,0.3422999978065491
YFL035C-B,YBL101W-B,0,-8.588171,0.22057819366455078,0.968999981880188,0.3424000144004822
YCR087C-A,YMR268W-A,0,-8.588171,0.2205279916524887,0.968999981880188,0.3425000011920929
YAR015W,YHL009W-A,0,-8.588171,0.22047781944274902,0.968999981880188,0.3425999879837036
YGR272C,YOR008C-A,0,-8.588171,0.22042766213417053,0.968999981880188,0.3427000045776367
YPL120W,YOR343C-B,0,-8.588171,0.22037753462791443,0.968999981880188,0.34279999136924744
YKL103C,YOR343C-A,0,-8.588171,0.22032742202281952,0.968999981880188,0.34290000796318054
YFL057C,YLR256W-A,0,-8.588171,0.220277339220047,0.968999981880188,0.34299999475479126
YNL236W,YHL009W-A,0,-8.588171,0.22022727131843567,0.968999981880188,0.34310001134872437
YDL184C,YOR343C-A,0,-8.588171,0.22017723321914673,0.968999981880188,0.3431999981403351
YJL047C,YBL101W-A,0,-8.588171,0.22012721002101898,0.968999981880188,0.3433000147342682
YLL035W,YDR210W-D,0,-8.588171,0.22007721662521362,0.968999981880188,0.3434000015258789
YPL069C,YDR210W-D,0,-8.588171,0.22002725303173065,0.968999981880188,0.3434999883174896
YKL138C-A,YDL109C,0,-8.588171,0.21997730433940887,0.968999981880188,0.34360000491142273
YKR049C,YOR343C-A,0,-8.588171,0.2199273705482483,0.968999981880188,0.34369999170303345
YPR112C,YBL101W-B,0,-8.588171,0.2198774665594101,0.968999981880188,0.34380000829696655
YBR201W,YOR343C-A,0,-8.588171,0.2198275923728943,0.968999981880188,0.34389999508857727
YJL047C,YBL101W-B,0,-8.588171,0.21977773308753967,0.968999981880188,0.3440000116825104
YJL047C,YER159C-A,0,-8.588171,0.21972788870334625,0.968999981880188,0.3440999984741211
YER190W,YDR210W-D,0,-8.588171,0.21967807412147522,0.968999981880188,0.3441999852657318
YDR362C,YNL284C-A,0,-8.588171,0.21962828934192657,0.968999981880188,0.3443000018596649
YDR210W-C,YGR111W,0,-8.588171,0.21957851946353912,0.968999981880188,0.34439998865127563
YOR088W,YNL134C,0,-8.588171,0.21952877938747406,0.968999981880188,0.34450000524520874
YPL022W,YML045W-A,0,-8.588171,0.2194790542125702,0.968999981880188,0.34459999203681946
YHL016C,YOR343C-B,0,-8.588171,0.21942934393882751,0.968999981880188,0.34470000863075256
YPL188W,YOR343C-A,0,-8.588171,0.21937966346740723,0.968999981880188,0.3447999954223633
YDR424C,YPR158W-B,0,-8.588171,0.21933001279830933,0.968999981880188,0.3449000120162964
YJL042W,YLR337W,0,-8.588257,0.21928037703037262,0.968999981880188,0.3449999988079071
YKL149C,YGR239C,0,-8.588455,0.2192307710647583,0.968999981880188,0.3450999855995178
YJR016C,YDL003W,0,-8.588456,0.21918118000030518,0.968999981880188,0.3452000021934509
YIL026C,YGL013C,0,-8.589146,0.21913161873817444,0.968999981880188,0.34529998898506165
YIL109C,YNL208W,0,-8.589386,0.2190820723772049,0.968999981880188,0.34540000557899475
YDR210W-A,YPL183W-A,0,-8.589391,0.21903255581855774,0.968999981880188,0.34549999237060547
YHR092C,YOR109W,0,-8.590652,0.21898305416107178,0.968999981880188,0.3456000089645386
YDR466W,YHR138C,0,-8.591218,0.218933567404747,0.968999981880188,0.3456999957561493
YJR118C,YER041W,0,-8.592557,0.21888412535190582,0.968999981880188,0.3458000123500824
YJL099W,YPL240C,0,-8.593499,0.21883468329906464,0.968999981880188,0.3458999991416931
YBR256C,YLR141W,0,-8.593722,0.21878528594970703,0.968999981880188,0.34599998593330383
YDL181W,YCL062W,0,-8.593826,0.21873588860034943,0.968999981880188,0.34610000252723694
YIL079C,YKL200C,0,-8.594019,0.2186865210533142,0.968999981880188,0.34619998931884766
YJL106W,YJL210W,0,-8.594136,0.21863718330860138,0.968999981880188,0.34630000591278076
YPL179W,YMR302C,0,-8.594887,0.21858786046504974,0.968999981880188,0.3463999927043915
YHR044C,YCR045C,0,-8.595048,0.2185385674238205,0.968999981880188,0.3465000092983246
YBL061C,YLR227W-B,0,-8.59508,0.21848928928375244,0.968999981880188,0.3465999960899353
YHR055C,YJL018W,0,-8.595131,0.21844004094600677,0.968999981880188,0.3467000126838684
YMR036C,YDR365W-B,0,-8.595355,0.2183908075094223,0.968999981880188,0.3467999994754791
YLR353W,YIL073C,0,-8.595394,0.21834158897399902,0.968999981880188,0.34689998626708984
YMR194W,YKL209C,0,-8.5954685,0.21829241514205933,0.968999981880188,0.34700000286102295
YBR100W,YBR060C,0,-8.595964,0.21824324131011963,0.968999981880188,0.34709998965263367
YOL080C,YML025C,1,-8.596027,0.21841926872730255,0.9700000286102295,0.34709998965263367
YPL281C,YLL023C,0,-8.596599,0.21837010979652405,0.9700000286102295,0.3472000062465668
YLR348C,YER129W,0,-8.597278,0.21832095086574554,0.9700000286102295,0.3472999930381775
YLR401C,YHR079C-B,0,-8.59732,0.21827182173728943,0.9700000286102295,0.3474000096321106
YOR009W,YMR071C,0,-8.597546,0.2182227224111557,0.9700000286102295,0.3474999964237213
YKL200C,YNL067W,0,-8.59788,0.21817363798618317,0.9700000286102295,0.3476000130176544
YFL057C,YKL129C,0,-8.598688,0.21812458336353302,0.9700000286102295,0.34769999980926514
YDR518W,YMR029C,0,-8.5987015,0.21807554364204407,0.9700000286102295,0.34779998660087585
YPL017C,YCL003W,0,-8.59878,0.2180265188217163,0.9700000286102295,0.34790000319480896
YIL043C,YIR009W,0,-8.59899,0.21797752380371094,0.9700000286102295,0.3479999899864197
YBR210W,YAL042W,0,-8.598998,0.21792855858802795,0.9700000286102295,0.3481000065803528
YBR299W,YNL081C,0,-8.599049,0.21787960827350616,0.9700000286102295,0.3481999933719635
YIL015W,YBR106W,0,-8.59944,0.21783067286014557,0.9700000286102295,0.3483000099658966
YPR073C,YHR181W,0,-8.599548,0.21778176724910736,0.9700000286102295,0.3483999967575073
YMR198W,YAL040C,0,-8.599624,0.21773289144039154,0.9700000286102295,0.34850001335144043
YDL100C,YAR031W,0,-8.5996895,0.21768401563167572,0.9700000286102295,0.34860000014305115
YGR213C,YLL040C,0,-8.59994,0.21763518452644348,0.9700000286102295,0.34869998693466187
YLR155C,YML033W,0,-8.60005,0.21758636832237244,0.9700000286102295,0.34880000352859497
YNR075W,YDR516C,0,-8.600877,0.21753756701946259,0.9700000286102295,0.3488999903202057
YNL334C,YER138C,0,-8.600916,0.21748879551887512,0.9700000286102295,0.3490000069141388
YJR048W,YGL200C,0,-8.601347,0.21744003891944885,0.9700000286102295,0.3490999937057495
YFL034C-A,YOL034W,0,-8.601554,0.21739129722118378,0.9700000286102295,0.3492000102996826
YDL240W,YKR055W,0,-8.602603,0.21734260022640228,0.9700000286102295,0.34929999709129333
YNL238W,YJL059W,0,-8.602613,0.2172939032316208,0.9700000286102295,0.34940001368522644
YNL207W,YDL134C-A,0,-8.602763,0.21724523603916168,0.9700000286102295,0.34950000047683716
YIL080W,YLR301W,0,-8.602851,0.21719659864902496,0.9700000286102295,0.3495999872684479
YGL144C,YDR382W,0,-8.602893,0.21714797616004944,0.9700000286102295,0.349700003862381
YPR037C,YDR287W,0,-8.602958,0.2170993685722351,0.9700000286102295,0.3497999906539917
YER169W,YBR012W-B,0,-8.603087,0.21705079078674316,0.9700000286102295,0.3499000072479248
YOR032C,YCL062W,0,-8.603273,0.2170022428035736,0.9700000286102295,0.3499999940395355
YBR090C-A,YOR117W,0,-8.603391,0.21695369482040405,0.9700000286102295,0.35010001063346863
YLR395C,YLR447C,0,-8.603593,0.21690519154071808,0.9700000286102295,0.35019999742507935
YIL090W,YAL043C,0,-8.603747,0.2168567031621933,0.9700000286102295,0.35030001401901245
YOR244W,YCR057C,0,-8.603822,0.2168082296848297,0.9700000286102295,0.35040000081062317
YCR098C,YOL061W,0,-8.604531,0.21675977110862732,0.9700000286102295,0.3504999876022339
YFR015C,YEL004W,0,-8.604649,0.21671134233474731,0.9700000286102295,0.350600004196167
YKL198C,YER078C,0,-8.604724,0.2166629433631897,0.9700000286102295,0.3506999909877777
YDR021W,YJL143W,0,-8.605563,0.21661455929279327,0.9700000286102295,0.3508000075817108
YBR298C,YFL016C,0,-8.606305,0.21656620502471924,0.9700000286102295,0.35089999437332153
YDR399W,YGL167C,0,-8.606583,0.2165178507566452,0.9700000286102295,0.35100001096725464
YNL270C,YBL063W,0,-8.607382,0.21646954119205475,0.9700000286102295,0.35109999775886536
YJL018W,YJL010C,0,-8.607414,0.2164212465286255,0.9700000286102295,0.35120001435279846
YLR203C,YGR077C,0,-8.608014,0.21637296676635742,0.9700000286102295,0.3513000011444092
YOR033C,YJL042W,0,-8.608449,0.21632471680641174,0.9700000286102295,0.3513999879360199
YOR240W,YGL001C,0,-8.608479,0.21627648174762726,0.9700000286102295,0.351500004529953
YMR172W,YKL216W,0,-8.609471,0.21622826159000397,0.9700000286102295,0.3515999913215637
YLL001W,YDL010W,0,-8.609491,0.21618007123470306,0.9700000286102295,0.3517000079154968
YOR090C,YPL122C,0,-8.610467,0.21613191068172455,0.9700000286102295,0.35179999470710754
YDR301W,YNL300W,0,-8.611386,0.21608376502990723,0.9700000286102295,0.35190001130104065
YDR142C,YCL074W,0,-8.611826,0.2160356342792511,0.9700000286102295,0.35199999809265137
YDR040C,YJR125C,0,-8.611844,0.21598753333091736,0.9700000286102295,0.3521000146865845
YCL062W,YFL038C,0,-8.612742,0.2159394472837448,0.9700000286102295,0.3522000014781952
YFR006W,YNL115C,0,-8.613178,0.21589139103889465,0.9700000286102295,0.3522999882698059
YJR158W,YDL134C-A,0,-8.613391,0.2158433496952057,0.9700000286102295,0.352400004863739
YKR028W,YDR297W,0,-8.613432,0.21579532325267792,0.9700000286102295,0.35249999165534973
YMR231W,YMR022W,0,-8.613704,0.21574732661247253,0.9700000286102295,0.35260000824928284
YDL231C,YNL194C,0,-8.614665,0.21569935977458954,0.9700000286102295,0.35269999504089355
YMR060C,YDR372C,0,-8.614866,0.21565140783786774,0.9700000286102295,0.35280001163482666
YCL061C,YDR466W,0,-8.614945,0.21560347080230713,0.9700000286102295,0.3528999984264374
YMR232W,YLL023C,0,-8.615342,0.21555554866790771,0.9700000286102295,0.3529999852180481
YJR016C,YDR205W,0,-8.6154,0.21550767123699188,0.9700000286102295,0.3531000018119812
YFL036W,YDR247W,0,-8.615627,0.21545979380607605,0.9700000286102295,0.3531999886035919
YDL195W,YJL012C-A,0,-8.615634,0.2154119461774826,0.9700000286102295,0.353300005197525
YGR119C,YPR011C,0,-8.616193,0.21536411345005035,0.9700000286102295,0.35339999198913574
YGL003C,YIL042C,0,-8.616928,0.2153163105249405,0.9700000286102295,0.35350000858306885
YJL033W,YCR062W,0,-8.6172905,0.21526853740215302,0.9700000286102295,0.35359999537467957
YCR080W,YKL124W,0,-8.617448,0.21522076427936554,0.9700000286102295,0.35370001196861267
YDR277C,YOR328W,0,-8.618549,0.21517302095890045,0.9700000286102295,0.3537999987602234
YPR133W-A,YNR073C,0,-8.619783,0.21512530744075775,0.9700000286102295,0.3538999855518341
YGL111W,YHR079C-B,0,-8.620146,0.21507760882377625,0.9700000286102295,0.3540000021457672
YOL013C,YBL103C,0,-8.6202135,0.21502992510795593,0.9700000286102295,0.35409998893737793
YPL178W,YDR065W,0,-8.620234,0.214982271194458,0.9700000286102295,0.35420000553131104
YNR020C,YLL032C,0,-8.620304,0.21493463218212128,0.9700000286102295,0.35429999232292175
YJL021C,YJL095W,0,-8.620762,0.21488702297210693,0.9700000286102295,0.35440000891685486
YMR065W,YMR165C,0,-8.621556,0.21483942866325378,0.9700000286102295,0.3544999957084656
YFL010W-A,YBR012W-A,0,-8.621596,0.21479184925556183,0.9700000286102295,0.3546000123023987
YER070W,YDR065W,0,-8.621927,0.21474429965019226,0.9700000286102295,0.3546999990940094
YGL209W,YGR170W,0,-8.622026,0.2146967649459839,0.9700000286102295,0.3547999858856201
YNL130C,YDR100W,0,-8.622058,0.2146492600440979,0.9700000286102295,0.3549000024795532
YJL134W,YIL129C,0,-8.622076,0.2146017700433731,0.9700000286102295,0.35499998927116394
YLR191W,YGR020C,0,-8.622159,0.2145542949438095,0.9700000286102295,0.35510000586509705
YER174C,YKL070W,0,-8.622967,0.2145068496465683,0.9700000286102295,0.35519999265670776
YOR026W,YNR073C,0,-8.623042,0.21445943415164948,0.9700000286102295,0.35530000925064087
YJL018W,YGR059W,0,-8.623138,0.21441201865673065,0.9700000286102295,0.3553999960422516
YFL057C,YBL036C,0,-8.623142,0.2143646478652954,0.9700000286102295,0.3555000126361847
YOR150W,YNL110C,1,-8.623721,0.21453821659088135,0.9710000157356262,0.3555000126361847
YLR186W,YPR158C-D,0,-8.623792,0.2144908308982849,0.9710000157356262,0.3555999994277954
YDR315C,YFL052W,0,-8.624427,0.21444346010684967,0.9710000157356262,0.35569998621940613
YDR013W,YGL113W,0,-8.625253,0.21439611911773682,0.9710000157356262,0.35580000281333923
YER142C,YDR279W,0,-8.625337,0.21434879302978516,0.9710000157356262,0.35589998960494995
YOR240W,YPL118W,0,-8.625888,0.2143014818429947,0.9710000157356262,0.35600000619888306
YOR240W,YLR393W,0,-8.626478,0.21425418555736542,0.9710000157356262,0.3560999929904938
YOR355W,YLR321C,0,-8.626742,0.21420693397521973,0.9710000157356262,0.3562000095844269
YCL032W,YKR062W,0,-8.626815,0.21415968239307404,0.9710000157356262,0.3562999963760376
YLR100W,YPR193C,0,-8.626824,0.21411246061325073,0.9710000157356262,0.3564000129699707
YAL042W,YLR305C,0,-8.627083,0.21406525373458862,0.9710000157356262,0.3564999997615814
YLL031C,YDR210C-C,0,-8.627252,0.2140180766582489,0.9710000157356262,0.35659998655319214
YHR158C,YGL067W,0,-8.627813,0.21397091448307037,0.9710000157356262,0.35670000314712524
YER044C-A,YGR078C,0,-8.628281,0.21392376720905304,0.9710000157356262,0.35679998993873596
YKR076W,YGL212W,0,-8.628331,0.2138766497373581,0.9710000157356262,0.35690000653266907
YOR240W,YNL072W,0,-8.62834,0.21382954716682434,0.9710000157356262,0.3569999933242798
YCL012W,YLR214W,0,-8.628855,0.21378247439861298,0.9710000157356262,0.3571000099182129
YPL028W,YGL046W,0,-8.629152,0.2137354165315628,0.9710000157356262,0.3571999967098236
YLR067C,YPR108W,0,-8.629424,0.21368837356567383,0.9710000157356262,0.3573000133037567
YHR076W,YML072C,0,-8.629541,0.21364136040210724,0.9710000157356262,0.35740000009536743
YGR108W,YGR184C,0,-8.629994,0.21359436213970184,0.9710000157356262,0.35749998688697815
YNL327W,YJL033W,0,-8.630048,0.21354739367961884,0.9710000157356262,0.35760000348091125
YBR291C,YAR018C,0,-8.630294,0.21350044012069702,0.9710000157356262,0.357699990272522
YFL013C,YDR176W,0,-8.630509,0.2134535014629364,0.9710000157356262,0.3578000068664551
YBL035C,YDR013W,0,-8.630528,0.21340659260749817,0.9710000157356262,0.3578999936580658
YJR031C,YNL268W,0,-8.630591,0.21335969865322113,0.9710000157356262,0.3580000102519989
YCL064C,YOR393W,0,-8.630633,0.21331283450126648,0.9710000157356262,0.3580999970436096
YJR134C,YOL103W-A,0,-8.630977,0.21326598525047302,0.9710000157356262,0.3582000136375427
YMR177W,YPR173C,0,-8.631505,0.21321915090084076,0.9710000157356262,0.35830000042915344
YCR070W,YBR118W,0,-8.631794,0.2131723314523697,0.9710000157356262,0.35839998722076416
YEL036C,YJL118W,0,-8.632004,0.213125541806221,0.9710000157356262,0.35850000381469727
YLR307W,YGR090W,0,-8.632282,0.21307878196239471,0.9710000157356262,0.358599990606308
YAL038W,YFL035C-B,0,-8.6336,0.21303203701972961,0.9710000157356262,0.3587000072002411
YGR261C,YGR086C,0,-8.633732,0.2129853069782257,0.9710000157356262,0.3587999939918518
YKL075C,YPR158W-B,0,-8.63387,0.212938591837883,0.9710000157356262,0.3589000105857849
YPR033C,YLR312C-B,0,-8.633896,0.21289190649986267,0.9710000157356262,0.35899999737739563
YFR030W,YER125W,0,-8.633907,0.21284523606300354,0.9710000157356262,0.35910001397132874
YOR039W,YKL075C,0,-8.634111,0.2127985954284668,0.9710000157356262,0.35920000076293945
YDR457W,YPR011C,0,-8.634481,0.21275196969509125,0.9710000157356262,0.35929998755455017
YOR033C,YBR090C-A,0,-8.634744,0.21270537376403809,0.9710000157356262,0.3594000041484833
YMR047C,YDR012W,0,-8.635112,0.21265877783298492,0.9710000157356262,0.359499990940094
YOR324C,YMR077C,0,-8.635312,0.21261221170425415,0.9710000157356262,0.3596000075340271
YKR056W,YIL063C,0,-8.635525,0.21256567537784576,0.9710000157356262,0.3596999943256378
YLR348C,YDR397C,0,-8.635929,0.21251915395259857,0.9710000157356262,0.3598000109195709
YOR358W,YNR045W,0,-8.636231,0.21247264742851257,0.9710000157356262,0.35989999771118164
YGL064C,YNL044W,0,-8.636412,0.21242617070674896,0.9710000157356262,0.36000001430511475
YJL090C,YDR210C-C,0,-8.637628,0.21237970888614655,0.9710000157356262,0.36010000109672546
YNL163C,YAR010C,0,-8.638103,0.21233326196670532,0.9710000157356262,0.3601999878883362
YJR084W,YDR348C,0,-8.638621,0.2122868448495865,0.9710000157356262,0.3603000044822693
YHR037W,YNL058C,0,-8.638665,0.21224044263362885,0.9710000157356262,0.36039999127388
YKL096W-A,YLR157C-B,0,-8.638825,0.2121940553188324,0.9710000157356262,0.3605000078678131
YPR001W,YKL138C-A,0,-8.639015,0.21214769780635834,0.9710000157356262,0.36059999465942383
YBR090C-A,YPR139C,0,-8.639082,0.21210135519504547,0.9710000157356262,0.36070001125335693
YOR232W,YIL129C,0,-8.6391535,0.2120550274848938,0.9710000157356262,0.36079999804496765
YNL023C,YCR062W,0,-8.639411,0.21200872957706451,0.9710000157356262,0.36090001463890076
YGL151W,YDL038C,0,-8.639905,0.21196244657039642,0.9710000157356262,0.3610000014305115
YMR059W,YOR009W,0,-8.640027,0.21191619336605072,0.9710000157356262,0.3610999882221222
YFL039C,YJL012C-A,0,-8.640241,0.2118699550628662,0.9710000157356262,0.3612000048160553
YGR032W,YGR268C,0,-8.640411,0.2118237316608429,0.9710000157356262,0.361299991607666
YGR118W,YJL123C,0,-8.640595,0.21177753806114197,0.9710000157356262,0.3614000082015991
YMR199W,YOR212W,0,-8.640664,0.21173135936260223,0.9710000157356262,0.36149999499320984
YBR129C,YKL058W,0,-8.640775,0.2116851955652237,0.9710000157356262,0.36160001158714294
YFL057C,YKR099C-A,0,-8.641425,0.21163906157016754,0.9710000157356262,0.36169999837875366
YER082C,YPR096C,0,-8.641808,0.21159294247627258,0.9710000157356262,0.3617999851703644
YFL011W-A,YKL150W,0,-8.641878,0.21154683828353882,0.9710000157356262,0.3619000017642975
YNR054C,YAL002W,0,-8.641952,0.21150076389312744,0.9710000157356262,0.3619999885559082
YIL131C,YER074W-A,0,-8.642587,0.21145470440387726,0.9710000157356262,0.3621000051498413
YKR034W,YFL035C-B,0,-8.642924,0.21140865981578827,0.9710000157356262,0.362199991941452
YOR080W,YOL064C,0,-8.643096,0.21136264503002167,0.9710000157356262,0.36230000853538513
YPR037C,YNL222W,0,-8.64347,0.21131664514541626,0.9710000157356262,0.36239999532699585
YAR050W,YNL247W,0,-8.644134,0.21127067506313324,0.9710000157356262,0.36250001192092896
YJL018W,YKL188C,0,-8.646003,0.21122470498085022,0.9710000157356262,0.3625999987125397
YFL002W-B,YKL222C,0,-8.6462755,0.21117877960205078,0.9710000157356262,0.3626999855041504
YNL039W,YBR146W,0,-8.646752,0.21113285422325134,0.9710000157356262,0.3628000020980835
YLR418C,YIR006C,0,-8.646826,0.2110869586467743,0.9710000157356262,0.3628999888896942
YCR097W,YMR271C,0,-8.64764,0.21104107797145844,0.9710000157356262,0.3630000054836273
YDR380W,YNL297C,0,-8.647843,0.21099521219730377,0.9710000157356262,0.36309999227523804
YLR353W,YIL017W,0,-8.648345,0.2109493762254715,0.9710000157356262,0.36320000886917114
YNL192W,YGL037C,0,-8.648409,0.21090355515480042,0.9710000157356262,0.36329999566078186
YPL275W,YOR176W,0,-8.648646,0.21085776388645172,0.9710000157356262,0.36340001225471497
YGR175C,YCL020W,0,-8.648753,0.21081198751926422,0.9710000157356262,0.3634999990463257
YBL040C,YGL115W,0,-8.648818,0.21076622605323792,0.9710000157356262,0.3635999858379364
YOL151W,YCR073W-A,0,-8.649053,0.2107204794883728,0.9710000157356262,0.3637000024318695
YJR052W,YDL010W,0,-8.649609,0.21067476272583008,0.9710000157356262,0.3637999892234802
YDR394W,YER190W,0,-8.650375,0.21062906086444855,0.9710000157356262,0.36390000581741333
YDL134C-A,YLR240W,0,-8.650564,0.2105833888053894,0.9710000157356262,0.36399999260902405
YOR147W,YNL091W,0,-8.65069,0.21053773164749146,0.9710000157356262,0.36410000920295715
YIL142W,YKR028W,0,-8.650825,0.2104920893907547,0.9710000157356262,0.36419999599456787
YIR004W,YNL246W,0,-8.652034,0.21044646203517914,0.9710000157356262,0.364300012588501
YOL145C,YPR137C-A,0,-8.652362,0.21040086448192596,0.9710000157356262,0.3643999993801117
YNR057C,YBL014C,0,-8.652569,0.21035528182983398,0.9710000157356262,0.3644999861717224
YHR072W,YGL210W-A,0,-8.653142,0.2103097289800644,0.9710000157356262,0.3646000027656555
YIL084C,YNL058C,0,-8.653235,0.210264191031456,0.9710000157356262,0.36469998955726624
YOL017W,YLR313C,0,-8.654133,0.2102186679840088,0.9710000157356262,0.36480000615119934
YFR036W,YBL027W,0,-8.654658,0.21017315983772278,0.9710000157356262,0.36489999294281006
YOL038W,YKR078W,0,-8.654777,0.21012768149375916,0.9710000157356262,0.36500000953674316
YEL032W,YDR478W,0,-8.654933,0.21008221805095673,0.9710000157356262,0.3650999963283539
YLR214W,YKR095W-A,0,-8.6550865,0.2100367695093155,0.9710000157356262,0.365200012922287
YJR033C,YDL190C,0,-8.6551285,0.20999135076999664,0.9710000157356262,0.3652999997138977
YDL042C,YML005W,0,-8.655858,0.209945946931839,0.9710000157356262,0.3653999865055084
YHR123W,YIL063C,0,-8.656484,0.20990055799484253,0.9710000157356262,0.36550000309944153
YLR423C,YJL078C,0,-8.65665,0.20985519886016846,0.9710000157356262,0.36559998989105225
YKL005C,YMR285C,0,-8.656687,0.20980985462665558,0.9710000157356262,0.36570000648498535
YNL252C,YNL090W,0,-8.656722,0.2097645252943039,0.9710000157356262,0.36579999327659607
YOL027C,YIL017W,0,-8.657005,0.2097192257642746,0.9710000157356262,0.3659000098705292
YPR186C,YPR158W-A,0,-8.657084,0.2096739411354065,0.9710000157356262,0.3659999966621399
YBR097W,YDR349C,0,-8.657165,0.20962867140769958,0.9710000157356262,0.366100013256073
YDR261W-A,YHL012W,0,-8.657285,0.20958341658115387,0.9710000157356262,0.3662000000476837
YGR268C,YKL019W,0,-8.657556,0.20953819155693054,0.9710000157356262,0.36629998683929443
YLR305C,YOR396W,0,-8.657797,0.2094929814338684,0.9710000157356262,0.36640000343322754
YPL138C,YCL069W,0,-8.65784,0.20944780111312866,0.9710000157356262,0.36649999022483826
YFL035C,YOR132W,0,-8.658531,0.2094026356935501,0.9710000157356262,0.36660000681877136
YER019W,YJR019C,0,-8.659446,0.20935748517513275,0.9710000157356262,0.3666999936103821
YBR100W,YDR116C,0,-8.659539,0.2093123495578766,0.9710000157356262,0.3668000102043152
YER141W,YJL213W,0,-8.659893,0.2092672437429428,0.9710000157356262,0.3668999969959259
YNR035C,YJR084W,0,-8.660122,0.20922215282917023,0.9710000157356262,0.367000013589859
YKL149C,YDR302W,0,-8.660306,0.20917707681655884,0.9710000157356262,0.3671000003814697
YNL261W,YDR210W-A,0,-8.660943,0.20913203060626984,0.9710000157356262,0.36719998717308044
YBR125C,YDL170W,0,-8.661036,0.20908699929714203,0.9710000157356262,0.36730000376701355
YMR101C,YGR038C-A,0,-8.661542,0.20904198288917542,0.9710000157356262,0.36739999055862427
YGL077C,YKL032C,0,-8.66156,0.20899698138237,0.9710000157356262,0.3675000071525574
YMR280C,YNL339C,0,-8.662508,0.20895200967788696,0.9710000157356262,0.3675999939441681
YNL315C,YFR024C,0,-8.662786,0.20890705287456512,0.9710000157356262,0.3677000105381012
YER168C,YJL179W,0,-8.663095,0.20886212587356567,0.9710000157356262,0.3677999973297119
YOL033W,YJL121C,0,-8.663651,0.20881719887256622,0.9710000157356262,0.367900013923645
YLR131C,YCL062W,0,-8.663894,0.20877230167388916,0.9710000157356262,0.36800000071525574
YMR224C,YBR166C,0,-8.663983,0.20872743427753448,0.9710000157356262,0.36809998750686646
YNR020C,YHR214C-C,0,-8.664203,0.2086825668811798,0.9710000157356262,0.36820000410079956
YCR058C,YBL034C,0,-8.6645155,0.20863772928714752,0.9710000157356262,0.3682999908924103
YPL192C,YIL073C,0,-8.6650915,0.20859290659427643,0.9710000157356262,0.3684000074863434
YGL122C,YGL028C,0,-8.665254,0.20854811370372772,0.9710000157356262,0.3684999942779541
YFL016C,YJR028W,0,-8.666119,0.2085033357143402,0.9710000157356262,0.3686000108718872
YPR198W,YOL103W-B,0,-8.666331,0.2084585726261139,0.9710000157356262,0.3686999976634979
YER014C-A,YBL064C,0,-8.666775,0.20841382443904877,0.9710000157356262,0.36880001425743103
YDL082W,YER161C,0,-8.667542,0.20836910605430603,0.9710000157356262,0.36890000104904175
YPL155C,YHR194W,0,-8.667627,0.2083243876695633,0.9710000157356262,0.36899998784065247
YML103C,YGL243W,0,-8.668044,0.20827971398830414,0.9710000157356262,0.36910000443458557
YBR166C,YNL134C,0,-8.668044,0.20823504030704498,0.9710000157356262,0.3691999912261963
YHR080C,YPR114W,0,-8.668966,0.20819039642810822,0.9710000157356262,0.3693000078201294
YGL129C,YBL106C,0,-8.669831,0.20814576745033264,0.9710000157356262,0.3693999946117401
YGR240C,YDR476C,0,-8.669974,0.20810115337371826,0.9710000157356262,0.3695000112056732
YJR033C,YIL080W,0,-8.670841,0.20805656909942627,0.9710000157356262,0.36959999799728394
YPR133C,YLR194C,0,-8.6712885,0.20801199972629547,0.9710000157356262,0.36970001459121704
YJL124C,YCL074W,0,-8.671386,0.20796744525432587,0.9710000157356262,0.36980000138282776
YCR070W,YMR223W,0,-8.671475,0.20792290568351746,0.9710000157356262,0.3698999881744385
YFL022C,YGR161W-B,0,-8.671653,0.20787839591503143,0.9710000157356262,0.3700000047683716
YPL096C-A,YDR383C,0,-8.67266,0.2078339010477066,0.9710000157356262,0.3700999915599823
YBR211C,YCR033W,0,-8.673046,0.20778943598270416,0.9710000157356262,0.3702000081539154
YMR281W,YGR208W,0,-8.673409,0.20774497091770172,0.9710000157356262,0.3702999949455261
YDR088C,YIL073C,0,-8.673734,0.20770053565502167,0.9710000157356262,0.37040001153945923
YEL027W,YGL243W,0,-8.673858,0.2076561152935028,0.9710000157356262,0.37049999833106995
YOR219C,YGR161C-C,0,-8.673914,0.20761170983314514,0.9710000157356262,0.37059998512268066
YGL093W,YLR297W,0,-8.674136,0.20756733417510986,0.9710000157356262,0.37070000171661377
YGL167C,YDR346C,0,-8.674217,0.20752297341823578,0.9710000157356262,0.3707999885082245
YER021W,YDL007W,0,-8.675085,0.2074786275625229,0.9710000157356262,0.3709000051021576
YMR161W,YBR098W,0,-8.675125,0.20743431150913239,0.9710000157356262,0.3709999918937683
YJL021C,YGL093W,0,-8.675414,0.20739001035690308,0.9710000157356262,0.3711000084877014
YDL029W,YBL026W,0,-8.676035,0.20734572410583496,0.9710000157356262,0.37119999527931213
YDR037W,YNL054W-A,0,-8.676309,0.20730145275592804,0.9710000157356262,0.37130001187324524
YHL004W,YNL015W,0,-8.676684,0.2072572112083435,0.9710000157356262,0.37139999866485596
YMR238W,YLR410W-A,0,-8.676708,0.20721296966075897,0.9710000157356262,0.3714999854564667
YDR461W,YMR194W,0,-8.676836,0.20716875791549683,0.9710000157356262,0.3716000020503998
YCR037C,YKR053C,0,-8.676861,0.20712457597255707,0.9710000157356262,0.3716999888420105
YDL220C,YDR468C,0,-8.676963,0.2070803940296173,0.9710000157356262,0.3718000054359436
YOL009C,YLR298C,0,-8.677131,0.20703624188899994,0.9710000157356262,0.3718999922275543
YPL118W,YKL125W,0,-8.677618,0.20699211955070496,0.9710000157356262,0.3720000088214874
YDR009W,YCR045C,0,-8.677669,0.20694799721240997,0.9710000157356262,0.37209999561309814
YBR256C,YCL032W,0,-8.678358,0.20690390467643738,0.9710000157356262,0.37220001220703125
YGL087C,YOR179C,0,-8.679263,0.20685982704162598,0.9710000157356262,0.37229999899864197
YDR130C,YCL003W,0,-8.679515,0.20681576430797577,0.9710000157356262,0.3723999857902527
YPR068C,YER131W,0,-8.67958,0.20677171647548676,0.9710000157356262,0.3725000023841858
YBL105C,YNR011C,0,-8.680009,0.20672769844532013,0.9710000157356262,0.3725999891757965
YAL054C,YCR102C,0,-8.680089,0.2066836953163147,0.9710000157356262,0.3727000057697296
YPL049C,YBR182C,0,-8.680118,0.20663970708847046,0.9710000157356262,0.37279999256134033
YDR054C,YDR034C-C,0,-8.6803,0.2065957486629486,0.9710000157356262,0.37290000915527344
YNL177C,YJR102C,0,-8.680939,0.20655179023742676,0.9710000157356262,0.37299999594688416
YDL236W,YBL113C,0,-8.680951,0.2065078616142273,0.9710000157356262,0.37310001254081726
YGL131C,YLR132C,0,-8.681102,0.20646396279335022,0.9710000157356262,0.373199999332428
YIL010W,YLR142W,0,-8.681268,0.20642006397247314,0.9710000157356262,0.3732999861240387
YGL167C,YMR226C,0,-8.681388,0.20637619495391846,0.9710000157356262,0.3734000027179718
YPR183W,YLR194C,0,-8.6818075,0.20633234083652496,0.9710000157356262,0.3734999895095825
YER155C,YER075C,0,-8.681932,0.20628850162029266,0.9710000157356262,0.3736000061035156
YIL009W,YDR318W,0,-8.682006,0.20624469220638275,0.9710000157356262,0.37369999289512634
YDL043C,YJL176C,0,-8.682025,0.20620089769363403,0.9710000157356262,0.37380000948905945
YKR102W,YLR442C,0,-8.682114,0.2061571180820465,0.9710000157356262,0.37389999628067017
YBL019W,YIL173W,0,-8.683006,0.20611335337162018,0.9710000157356262,0.37400001287460327
YMR225C,YGR156W,0,-8.683559,0.20606960356235504,0.9710000157356262,0.374099999666214
YIL065C,YML128C,0,-8.683803,0.2060258835554123,0.9710000157356262,0.3741999864578247
YJL058C,YMR306W,0,-8.684382,0.20598217844963074,0.9710000157356262,0.3743000030517578
YEL027W,YPL046C,0,-8.684716,0.20593848824501038,0.9710000157356262,0.37439998984336853
YCL026C-A,YDR034C-C,0,-8.685223,0.2058948278427124,0.9710000157356262,0.37450000643730164
YKR065C,YPR137W,0,-8.68614,0.20585118234157562,0.9710000157356262,0.37459999322891235
YER170W,YNL024C,0,-8.686248,0.20580755174160004,0.9710000157356262,0.37470000982284546
YLR144C,YHL002W,0,-8.686506,0.20576393604278564,0.9710000157356262,0.3747999966144562
YLR308W,YGR178C,0,-8.686743,0.20572033524513245,0.9710000157356262,0.3749000132083893
YPL053C,YGL031C,0,-8.686832,0.20567676424980164,0.9710000157356262,0.375
YPR198W,YNL243W,0,-8.687329,0.20563320815563202,0.9710000157356262,0.3750999867916107
YHR194W,YDR260C,0,-8.687569,0.2055896669626236,0.9710000157356262,0.3752000033855438
YBL019W,YDR164C,0,-8.688082,0.20554614067077637,0.9710000157356262,0.37529999017715454
YML013W,YHL012W,0,-8.688893,0.20550264418125153,0.9710000157356262,0.37540000677108765
YJL106W,YBL063W,0,-8.689076,0.20545916259288788,0.9710000157356262,0.37549999356269836
YKL206C,YFL002W-A,0,-8.6892805,0.20541569590568542,0.9710000157356262,0.37560001015663147
YHR061C,YBL038W,0,-8.689702,0.20537224411964417,0.9710000157356262,0.3756999969482422
YOR337W,YER190W,0,-8.690093,0.2053288221359253,0.9710000157356262,0.3758000135421753
YGR094W,YHL009W-B,0,-8.690411,0.20528541505336761,0.9710000157356262,0.375900000333786
YPL101W,YBR115C,0,-8.69075,0.20524202287197113,0.9710000157356262,0.37599998712539673
YOR374W,YML059C,0,-8.691049,0.20519864559173584,0.9710000157356262,0.37610000371932983
YLL035W,YER091C,0,-8.691358,0.20515529811382294,0.9710000157356262,0.37619999051094055
YIL075C,YDL224C,0,-8.692507,0.20511195063591003,0.9710000157356262,0.37630000710487366
YDR298C,YLR058C,0,-8.692879,0.20506863296031952,0.9710000157356262,0.3763999938964844
YLR188W,YKL129C,0,-8.693177,0.2050253450870514,0.9710000157356262,0.3765000104904175
YPR185W,YMR122W-A,0,-8.693477,0.20498205721378326,0.9710000157356262,0.3765999972820282
YFR024C-A,YPR165W,0,-8.693646,0.20493879914283752,0.9710000157356262,0.3767000138759613
YER014C-A,YML029W,0,-8.693724,0.20489554107189178,0.9710000157356262,0.376800000667572
YDL130W-A,YDR261W-A,0,-8.693738,0.20485232770442963,0.9710000157356262,0.37689998745918274
YBR221C,YML040W,0,-8.693978,0.20480911433696747,0.9710000157356262,0.37700000405311584
YLR085C,YNL054W-B,0,-8.694935,0.2047659158706665,0.9710000157356262,0.37709999084472656
YNL243W,YDL124W,0,-8.695137,0.20472274720668793,0.9710000157356262,0.37720000743865967
YMR314W,YML040W,0,-8.695835,0.20467959344387054,0.9710000157356262,0.3772999942302704
YHR082C,YDR027C,0,-8.695897,0.20463645458221436,0.9710000157356262,0.3774000108242035
YBL092W,YLR301W,0,-8.695998,0.20459334552288055,0.9710000157356262,0.3774999976158142
YPR051W,YDL200C,0,-8.696147,0.20455023646354675,0.9710000157356262,0.3776000142097473
YPL043W,YLR227W-B,0,-8.697596,0.20450715720653534,0.9710000157356262,0.37770000100135803
YPL147W,YEL006W,0,-8.697707,0.20446409285068512,0.9710000157356262,0.37779998779296875
YKL114C,YOR396W,0,-8.697833,0.2044210582971573,0.9710000157356262,0.37790000438690186
YOL130W,YLR007W,0,-8.698164,0.20437802374362946,0.9710000157356262,0.3779999911785126
YNL166C,YBR281C,0,-8.699893,0.204335018992424,0.9710000157356262,0.3781000077724457
YPR055W,YGR192C,0,-8.700559,0.20429202914237976,0.9710000157356262,0.3781999945640564
YMR008C,YOR343W-A,0,-8.700589,0.2042490541934967,0.9710000157356262,0.3783000111579895
YOR278W,YLR079W,0,-8.700674,0.20420609414577484,0.9710000157356262,0.3783999979496002
YHR102W,YMR226C,0,-8.701083,0.20416316390037537,0.9710000157356262,0.3785000145435333
YFR024C,YHL027W,0,-8.701544,0.20412024855613708,0.9710000157356262,0.37860000133514404
YNL117W,YLR298C,0,-8.702249,0.20407734811306,0.9710000157356262,0.37869998812675476
YOR353C,YOR192C-A,0,-8.702584,0.2040344625711441,0.9710000157356262,0.37880000472068787
YGL046W,YKR100C,0,-8.7027645,0.2039915919303894,0.9710000157356262,0.3788999915122986
YFL011W,YCR008W,0,-8.702796,0.2039487510919571,0.9710000157356262,0.3790000081062317
YOL058W,YNL256W,0,-8.702804,0.20390592515468597,0.9710000157356262,0.3790999948978424
YCL003W,YOL061W,0,-8.703057,0.20386311411857605,0.9710000157356262,0.3792000114917755
YHR178W,YGR221C,0,-8.703641,0.20382031798362732,0.9710000157356262,0.37929999828338623
YML127W,YPR139C,0,-8.704947,0.20377755165100098,0.9710000157356262,0.37940001487731934
YER124C,YGR193C,0,-8.705558,0.20373478531837463,0.9710000157356262,0.37950000166893005
YPR138C,YHR214C-C,0,-8.706309,0.20369204878807068,0.9710000157356262,0.37959998846054077
YNR022C,YMR291W,0,-8.707124,0.20364932715892792,0.9710000157356262,0.3797000050544739
YNL106C,YFR030W,0,-8.708595,0.20360662043094635,0.9710000157356262,0.3797999918460846
YLR254C,YOR009W,0,-8.708781,0.20356394350528717,0.9710000157356262,0.3799000084400177
YCR087C-A,YKL203C,0,-8.708818,0.20352128148078918,0.9710000157356262,0.3799999952316284
YGL153W,YPL151C,0,-8.708923,0.2034786194562912,0.9710000157356262,0.3801000118255615
YDL229W,YNL092W,0,-8.709102,0.2034359872341156,0.9710000157356262,0.38019999861717224
YBR100W,YNL169C,0,-8.709524,0.2033933848142624,0.9710000157356262,0.38029998540878296
YGR124W,YLR155C,0,-8.709576,0.20335078239440918,0.9710000157356262,0.38040000200271606
YOR193W,YKL077W,0,-8.709803,0.20330820977687836,0.9710000157356262,0.3804999887943268
YDR513W,YBR001C,0,-8.710058,0.20326565206050873,0.9710000157356262,0.3806000053882599
YOR375C,YLR447C,0,-8.710736,0.2032231092453003,0.9710000157356262,0.3806999921798706
YGL190C,YOR192C-B,0,-8.711631,0.20318058133125305,0.9710000157356262,0.3808000087738037
YGL094C,YER095W,0,-8.712517,0.203138068318367,0.9710000157356262,0.38089999556541443
YDR409W,YDL201W,0,-8.713209,0.20309558510780334,0.9710000157356262,0.38100001215934753
YLR044C,YOR088W,0,-8.71334,0.20305311679840088,0.9710000157356262,0.38109999895095825
YBR009C,YER110C,0,-8.713565,0.2030106633901596,0.9710000157356262,0.38119998574256897
YOR266W,YCR102C,0,-8.7139015,0.20296822488307953,0.9710000157356262,0.3813000023365021
YOR144C,YOL125W,0,-8.713937,0.20292581617832184,0.9710000157356262,0.3813999891281128
YKR082W,YER041W,0,-8.71426,0.20288340747356415,0.9710000157356262,0.3815000057220459
YGR089W,YBR284W,0,-8.715001,0.20284102857112885,0.9710000157356262,0.3815999925136566
YNL063W,YHL009W-B,0,-8.715356,0.20279866456985474,0.9710000157356262,0.3817000091075897
YPL146C,YOR117W,0,-8.715531,0.20275631546974182,0.9710000157356262,0.38179999589920044
YLR332W,YHR179W,0,-8.716277,0.2027139812707901,0.9710000157356262,0.38190001249313354
YER005W,YNL241C,0,-8.716678,0.20267167687416077,0.9710000157356262,0.38199999928474426
YAL031C,YNR032C-A,0,-8.716976,0.20262938737869263,0.9710000157356262,0.382099986076355
YCR071C,YGR096W,0,-8.717702,0.20258711278438568,0.9710000157356262,0.3822000026702881
YMR153W,YLR305C,0,-8.718504,0.20254485309123993,0.9710000157356262,0.3822999894618988
YGR075C,YBL103C,0,-8.719241,0.20250260829925537,0.9710000157356262,0.3824000060558319
YCR093W,YCR092C,0,-8.720434,0.202460378408432,0.9710000157356262,0.3824999928474426
YOR304W,YDR073W,0,-8.720921,0.20241817831993103,0.9710000157356262,0.38260000944137573
YGR215W,YNL263C,0,-8.721727,0.20237599313259125,0.9710000157356262,0.38269999623298645
YER125W,YDR362C,0,-8.721899,0.20233382284641266,0.9710000157356262,0.38280001282691956
YLR214W,YIL115C,0,-8.721915,0.20229166746139526,0.9710000157356262,0.3828999996185303
YER020W,YNL049C,0,-8.7219515,0.20224952697753906,0.9710000157356262,0.382999986410141
YOR244W,YGR171C,0,-8.722519,0.20220741629600525,0.9710000157356262,0.3831000030040741
YCR070W,YNL316C,0,-8.722791,0.20216532051563263,0.9710000157356262,0.3831999897956848
YPL075W,YDR044W,0,-8.722814,0.20212322473526,0.9710000157356262,0.3833000063896179
YLR308W,YIL036W,0,-8.72334,0.20208115875720978,0.9710000157356262,0.38339999318122864
YFR044C,YDL112W,0,-8.72379,0.20203912258148193,0.9710000157356262,0.38350000977516174
YGR177C,YKR035W-A,0,-8.72391,0.2019970864057541,0.9710000157356262,0.38359999656677246
YBR038W,YOR236W,0,-8.724124,0.20195508003234863,0.9710000157356262,0.38370001316070557
YER089C,YGL046W,0,-8.724486,0.20191307365894318,0.9710000157356262,0.3837999999523163
YMR145C,YCL062W,0,-8.724507,0.2018710970878601,0.9710000157356262,0.383899986743927
YDR456W,YDL134C-A,0,-8.725158,0.20182913541793823,0.9710000157356262,0.3840000033378601
YKL158W,YBR143C,0,-8.72546,0.20178720355033875,0.9710000157356262,0.3840999901294708
YDR309C,YKR099C-A,0,-8.725527,0.20174527168273926,0.9710000157356262,0.38420000672340393
YPR106W,YOR177C,0,-8.725528,0.20170336961746216,0.9710000157356262,0.38429999351501465
YOR197W,YLR035C,0,-8.725993,0.20166146755218506,0.9710000157356262,0.38440001010894775
YGL222C,YLL014W,0,-8.7265625,0.20161959528923035,0.9710000157356262,0.38449999690055847
YDR120C,YBL067C,0,-8.726937,0.20157775282859802,0.9710000157356262,0.3846000134944916
YER183C,YPL145C,0,-8.727801,0.2015359103679657,0.9710000157356262,0.3847000002861023
YBR146W,YCL019W,0,-8.728145,0.20149408280849457,0.9710000157356262,0.384799987077713
YPL233W,YMR140W,0,-8.728149,0.20145228505134583,0.9710000157356262,0.3849000036716461
YIR013C,YCL020W,0,-8.728196,0.20141050219535828,0.9710000157356262,0.38499999046325684
YBL105C,YGR186W,0,-8.728696,0.20136871933937073,0.9710000157356262,0.38510000705718994
YAL031C,YDR461W,0,-8.728749,0.20132698118686676,0.9710000157356262,0.38519999384880066
YBR072W,YNR059W,0,-8.729102,0.2012852430343628,0.9710000157356262,0.38530001044273376
YHR018C,YER065C,0,-8.7292185,0.20124351978302002,0.9710000157356262,0.3853999972343445
YLR391W-A,YKL176C,0,-8.729373,0.20120182633399963,0.9710000157356262,0.3855000138282776
YBR291C,YLR410W-A,0,-8.729458,0.20116014778614044,0.9710000157356262,0.3856000006198883
YHR107C,YML067C,0,-8.72947,0.20111846923828125,0.9710000157356262,0.385699987411499
YLL062C,YJR041C,0,-8.729573,0.20107682049274445,0.9710000157356262,0.38580000400543213
YIL115C,YDR349C,0,-8.730041,0.20103520154953003,0.9710000157356262,0.38589999079704285
YGR189C,YJR027W,0,-8.731369,0.2009935826063156,0.9710000157356262,0.38600000739097595
YLR229C,YER074W-A,0,-8.731845,0.20095199346542358,0.9710000157356262,0.38609999418258667
YJL143W,YFL002W-B,0,-8.732119,0.20091040432453156,0.9710000157356262,0.3862000107765198
YNL077W,YLL012W,0,-8.7323,0.20086884498596191,0.9710000157356262,0.3862999975681305
YNL063W,YDR427W,0,-8.73233,0.20082730054855347,0.9710000157356262,0.3864000141620636
YBR179C,YML121W,0,-8.732972,0.2007857710123062,0.9710000157356262,0.3865000009536743
YER001W,YKL035W,0,-8.733102,0.20074425637722015,0.9710000157356262,0.38659998774528503
YDR037W,YDL232W,0,-8.733325,0.20070277154445648,0.9710000157356262,0.38670000433921814
YLR085C,YJR097W,0,-8.733336,0.2006612867116928,0.9710000157356262,0.38679999113082886
YJL054W,YGR172C,0,-8.733373,0.20061983168125153,0.9710000157356262,0.38690000772476196
YJL002C,YNL213C,0,-8.733622,0.20057839155197144,0.9710000157356262,0.3869999945163727
YMR323W,YLL027W,0,-8.734759,0.20053696632385254,0.9710000157356262,0.3871000111103058
YGR188C,YPR114W,0,-8.734868,0.20049555599689484,0.9710000157356262,0.3871999979019165
YLR117C,YLR312C-B,0,-8.735175,0.20045417547225952,0.9710000157356262,0.3873000144958496
YKL049C,YOL051W,0,-8.736226,0.2004127949476242,0.9710000157356262,0.3874000012874603
YAL061W,YDR318W,0,-8.736419,0.20037144422531128,0.9710000157356262,0.38749998807907104
YKL158W,YLL023C,0,-8.736435,0.20033010840415955,0.9710000157356262,0.38760000467300415
YPL180W,YNL299W,0,-8.736794,0.2002887725830078,0.9710000157356262,0.38769999146461487
YDL226C,YDR311W,0,-8.737039,0.20024746656417847,0.9710000157356262,0.387800008058548
YDL030W,YCR008W,0,-8.737062,0.2002061903476715,0.9710000157356262,0.3878999948501587
YNR054C,YJR010W,0,-8.73749,0.20016491413116455,0.9710000157356262,0.3880000114440918
YNL121C,YIL177C,0,-8.737577,0.20012366771697998,0.9710000157356262,0.3880999982357025
YDR235W,YJR159W,0,-8.737653,0.2000824213027954,0.9710000157356262,0.3882000148296356
YJR035W,YNR024W,0,-8.738036,0.20004120469093323,0.9710000157356262,0.38830000162124634
YCL027W,YGL126W,0,-8.738377,0.20000000298023224,0.9710000157356262,0.38839998841285706
YGL076C,YMR122W-A,0,-8.738535,0.19995881617069244,0.9710000157356262,0.38850000500679016
YGL084C,YBL100W-B,0,-8.739044,0.19991764426231384,0.9710000157356262,0.3885999917984009
YMR183C,YOR305W,0,-8.739178,0.19987648725509644,0.9710000157356262,0.388700008392334
YJR088C,YKL222C,0,-8.739514,0.19983536005020142,0.9710000157356262,0.3887999951839447
YDR158W,YDR140W,0,-8.739643,0.1997942328453064,0.9710000157356262,0.3889000117778778
YHR107C,YJL062W,0,-8.7400255,0.19975313544273376,0.9710000157356262,0.3889999985694885
YLR242C,YBL024W,0,-8.74042,0.19971205294132233,0.9710000157356262,0.38909998536109924
YBR177C,YLR035C-A,0,-8.740648,0.19967098534107208,0.9710000157356262,0.38920000195503235
YLR186W,YBR012W-B,0,-8.740657,0.19962993264198303,0.9710000157356262,0.38929998874664307
YKL160W,YOL034W,0,-8.740744,0.19958889484405518,0.9710000157356262,0.38940000534057617
YMR306W,YDR170W-A,0,-8.740931,0.1995478868484497,0.9710000157356262,0.3894999921321869
YMR261C,YNL229C,0,-8.740987,0.19950687885284424,0.9710000157356262,0.38960000872612
YJL090C,YBR105C,0,-8.7415085,0.19946590065956116,0.9710000157356262,0.3896999955177307
YGR041W,YDL038C,0,-8.741512,0.19942493736743927,0.9710000157356262,0.3898000121116638
YGL256W,YIL062C,0,-8.741556,0.19938398897647858,0.9710000157356262,0.38989999890327454
YNL128W,YGR109W-A,0,-8.742097,0.19934305548667908,0.9710000157356262,0.38999998569488525
YBR102C,YIR009W,0,-8.742751,0.19930213689804077,0.9710000157356262,0.39010000228881836
YNL077W,YJL155C,0,-8.74301,0.19926123321056366,0.9710000157356262,0.3901999890804291
YNL015W,YPR137C-B,0,-8.743693,0.19922035932540894,0.9710000157356262,0.3903000056743622
YHR101C,YPR137C-B,0,-8.743827,0.1991794854402542,0.9710000157356262,0.3903999924659729
YGL115W,YMR077C,0,-8.743874,0.19913864135742188,0.9710000157356262,0.390500009059906
YGL033W,YIR019C,0,-8.744303,0.19909781217575073,0.9710000157356262,0.3905999958515167
YOR171C,YBR037C,0,-8.744584,0.19905699789524078,0.9710000157356262,0.39070001244544983
YGR295C,YBL026W,0,-8.745069,0.19901619851589203,0.9710000157356262,0.39079999923706055
YBR002C,YGR271W,0,-8.745677,0.19897541403770447,0.9710000157356262,0.39089998602867126
YLR144C,YDR137W,0,-8.746955,0.1989346444606781,0.9710000157356262,0.39100000262260437
YGR175C,YPL186C,0,-8.748258,0.19889388978481293,0.9710000157356262,0.3910999894142151
YOR171C,YOR076C,0,-8.74835,0.19885316491127014,0.9710000157356262,0.3912000060081482
YNL127W,YIL160C,0,-8.748443,0.19881245493888855,0.9710000157356262,0.3912999927997589
YER006W,YNL047C,0,-8.7485695,0.19877174496650696,0.9710000157356262,0.391400009393692
YJL021C,YJR110W,0,-8.750042,0.19873106479644775,0.9710000157356262,0.39149999618530273
YJR094W-A,YNL047C,0,-8.750489,0.19869039952754974,0.9710000157356262,0.39160001277923584
YOL119C,YBR228W,0,-8.751085,0.19864974915981293,0.9710000157356262,0.39169999957084656
YDR072C,YFL049W,0,-8.751267,0.1986091285943985,0.9710000157356262,0.3917999863624573
YCR065W,YDR261C-C,0,-8.75141,0.19856850802898407,0.9710000157356262,0.3919000029563904
YMR306W,YNL021W,0,-8.751424,0.19852790236473083,0.9710000157356262,0.3919999897480011
YGR215W,YDR261C-C,0,-8.751542,0.1984873265028,0.9710000157356262,0.3921000063419342
YLR110C,YKR082W,0,-8.752727,0.19844676554203033,0.9710000157356262,0.3921999931335449
YJR135C,YBL005W-B,0,-8.752743,0.19840620458126068,0.9710000157356262,0.392300009727478
YDR541C,YKR096W,0,-8.752985,0.19836567342281342,0.9710000157356262,0.39239999651908875
YOR122C,YBR192W,0,-8.7531805,0.19832515716552734,0.9710000157356262,0.39250001311302185
YGL112C,YMR233W,0,-8.753252,0.19828467071056366,0.9710000157356262,0.39259999990463257
YNL169C,YDR098C-B,0,-8.753272,0.19824418425559998,0.9710000157356262,0.3926999866962433
YML006C,YNL257C,0,-8.753403,0.19820371270179749,0.9710000157356262,0.3928000032901764
YPR169W,YKR096W,0,-8.753643,0.19816327095031738,0.9710000157356262,0.3928999900817871
YGR206W,YER148W,0,-8.753738,0.19812282919883728,0.9710000157356262,0.3930000066757202
YBR038W,YPL200W,0,-8.753831,0.19808241724967957,0.9710000157356262,0.39309999346733093
YOR032C,YOR311C,0,-8.754002,0.19804202020168304,0.9710000157356262,0.39320001006126404
YLR071C,YJL025W,0,-8.754317,0.19800163805484772,0.9710000157356262,0.39329999685287476
YBR090C-A,YPL273W,0,-8.754477,0.19796127080917358,0.9710000157356262,0.39340001344680786
YKL042W,YER090W,0,-8.754737,0.19792091846466064,0.9710000157356262,0.3935000002384186
YGL061C,YLR026C,0,-8.754859,0.1978805810213089,0.9710000157356262,0.3935999870300293
YPL118W,YGR161C-C,0,-8.755135,0.19784025847911835,0.9710000157356262,0.3937000036239624
YDR258C,YCL062W,0,-8.7555065,0.19779996573925018,0.9710000157356262,0.3937999904155731
YHR146W,YHR118C,0,-8.755546,0.19775967299938202,0.9710000157356262,0.3939000070095062
YAR050W,YDL201W,0,-8.756042,0.19771941006183624,0.9710000157356262,0.39399999380111694
YPL169C,YMR039C,0,-8.756384,0.19767914712429047,0.9710000157356262,0.39410001039505005
YPR200C,YGL059W,0,-8.756827,0.19763891398906708,0.9710000157356262,0.39419999718666077
YDR225W,YPL225W,0,-8.757457,0.19759869575500488,0.9710000157356262,0.39430001378059387
YMR311C,YDR105C,0,-8.757819,0.19755849242210388,0.9710000157356262,0.3944000005722046
YOR193W,YNL024C,0,-8.758758,0.19751830399036407,0.9710000157356262,0.3944999873638153
YBR296C,YJR141W,0,-8.759073,0.19747813045978546,0.9710000157356262,0.3946000039577484
YCL051W,YLR010C,0,-8.759084,0.19743798673152924,0.9710000157356262,0.39469999074935913
YPL242C,YER137C-A,0,-8.76019,0.197397843003273,0.9710000157356262,0.39480000734329224
YNL059C,YDR098C-B,0,-8.760456,0.19735772907733917,0.9710000157356262,0.39489999413490295
YPL038W,YML114C,0,-8.760863,0.19731761515140533,0.9710000157356262,0.39500001072883606
YPL231W,YPL180W,0,-8.761186,0.19727753102779388,0.9710000157356262,0.3950999975204468
YKL199C,YIL068C,0,-8.761252,0.19723746180534363,0.9710000157356262,0.3952000141143799
YOR278W,YML014W,0,-8.761453,0.19719740748405457,0.9710000157356262,0.3953000009059906
YDR329C,YDR210W-B,0,-8.761786,0.1971573531627655,0.9710000157356262,0.3953999876976013
YML071C,YHL007C,0,-8.7620125,0.19711734354496002,0.9710000157356262,0.3955000042915344
YLR190W,YGR105W,0,-8.762135,0.19707733392715454,0.9710000157356262,0.39559999108314514
YLR216C,YMR122W-A,0,-8.762563,0.19703733921051025,0.9710000157356262,0.39570000767707825
YPR081C,YGL112C,0,-8.76291,0.19699735939502716,0.9710000157356262,0.39579999446868896
YOR182C,YDR261C-C,0,-8.76325,0.19695740938186646,0.9710000157356262,0.39590001106262207
YER045C,YDR072C,0,-8.763724,0.19691745936870575,0.9710000157356262,0.3959999978542328
YKL158W,YOR284W,0,-8.76385,0.19687753915786743,0.9710000157356262,0.3961000144481659
YGL078C,YML025C,1,-8.7642,0.19704033434391022,0.972000002861023,0.3961000144481659
YMR129W,YKL199C,0,-8.764353,0.1970003992319107,0.972000002861023,0.3962000012397766
YKL156W,YOL028C,0,-8.764406,0.1969604790210724,0.972000002861023,0.39629998803138733
YDR501W,YFL026W,0,-8.764749,0.19692058861255646,0.972000002861023,0.39640000462532043
YNL004W,YDR488C,0,-8.764827,0.19688069820404053,0.972000002861023,0.39649999141693115
YCR089W,YIL072W,0,-8.764828,0.1968408226966858,0.972000002861023,0.39660000801086426
YOR322C,YPL234C,0,-8.764897,0.19680097699165344,0.972000002861023,0.396699994802475
YDR419W,YOR212W,0,-8.765016,0.1967611312866211,0.972000002861023,0.3968000113964081
YLR325C,YDR365W-A,0,-8.765113,0.19672131538391113,0.972000002861023,0.3968999981880188
YPL227C,YBR286W,0,-8.765123,0.19668149948120117,0.972000002861023,0.3970000147819519
YKR095W-A,YDL168W,0,-8.765222,0.1966417133808136,0.972000002861023,0.3971000015735626
YAL040C,YER003C,0,-8.766028,0.19660194218158722,0.972000002861023,0.39719998836517334
YDR256C,YBL060W,0,-8.766333,0.19656218588352203,0.972000002861023,0.39730000495910645
YOR144C,YBR021W,0,-8.7663765,0.19652244448661804,0.972000002861023,0.39739999175071716
YMR246W,YKR096W,0,-8.766885,0.19648271799087524,0.972000002861023,0.39750000834465027
YML115C,YEL043W,0,-8.766969,0.19644300639629364,0.972000002861023,0.397599995136261
YJR104C,YLL028W,0,-8.767152,0.19640330970287323,0.972000002861023,0.3977000117301941
YJR025C,YPL204W,0,-8.767379,0.1963636428117752,0.972000002861023,0.3977999985218048
YHR051W,YPR042C,0,-8.767794,0.19632397592067719,0.972000002861023,0.3978999853134155
YPR067W,YBR035C,0,-8.768102,0.19628432393074036,0.972000002861023,0.39800000190734863
YKL199C,YJR035W,0,-8.768235,0.19624470174312592,0.972000002861023,0.39809998869895935
YKR028W,YML115C,0,-8.768358,0.19620507955551147,0.972000002861023,0.39820000529289246
YBR187W,YML069W,0,-8.768794,0.19616548717021942,0.972000002861023,0.3982999920845032
YNL091W,YPR137C-B,0,-8.769237,0.19612590968608856,0.972000002861023,0.3984000086784363
YOR011W,YDR261C,0,-8.770045,0.1960863471031189,0.972000002861023,0.398499995470047
YPL179W,YGR044C,0,-8.770252,0.19604679942131042,0.972000002861023,0.3986000120639801
YFR024C,YKL150W,0,-8.771054,0.19600726664066315,0.972000002861023,0.3986999988555908
YKR065C,YNL213C,0,-8.771247,0.19596774876117706,0.972000002861023,0.39879998564720154
YLR258W,YBL056W,0,-8.771552,0.19592824578285217,0.972000002861023,0.39890000224113464
YFL035C,YBR182C,0,-8.771618,0.19588875770568848,0.972000002861023,0.39899998903274536
YGL168W,YER001W,0,-8.771655,0.19584928452968597,0.972000002861023,0.39910000562667847
YIL005W,YEL043W,0,-8.7717495,0.19580982625484467,0.972000002861023,0.3991999924182892
YIL115C,YOR295W,0,-8.772046,0.19577039778232574,0.972000002861023,0.3993000090122223
YAR050W,YOR304C-A,0,-8.772471,0.19573096930980682,0.972000002861023,0.399399995803833
YAL043C,YDR026C,0,-8.7725725,0.1956915706396103,0.972000002861023,0.3995000123977661
YOR384W,YHL007C,0,-8.772726,0.19565217196941376,0.972000002861023,0.39959999918937683
YBR133C,YPL074W,0,-8.773177,0.1956128031015396,0.972000002861023,0.39969998598098755
YPL161C,YKL166C,0,-8.773451,0.19557343423366547,0.972000002861023,0.39980000257492065
YBR098W,YDR194C,0,-8.773483,0.1955340951681137,0.972000002861023,0.39989998936653137
YOR384W,YDL079C,0,-8.77368,0.19549477100372314,0.972000002861023,0.4000000059604645
YBR195C,YPL105C,0,-8.774011,0.19545546174049377,0.972000002861023,0.4000999927520752
YJL172W,YLR451W,0,-8.774453,0.1954161673784256,0.972000002861023,0.4002000093460083
YCR070W,YOR081C,0,-8.774755,0.19537688791751862,0.972000002861023,0.400299996137619
YMR120C,YOL107W,0,-8.77521,0.19533762335777283,0.972000002861023,0.4004000127315521
YPL252C,YHL012W,0,-8.775864,0.19529837369918823,0.972000002861023,0.40049999952316284
YDR388W,YDR100W,0,-8.776006,0.19525913894176483,0.972000002861023,0.40059998631477356
YGL016W,YOR172W,0,-8.776476,0.19521991908550262,0.972000002861023,0.40070000290870667
YJL079C,YHR074W,0,-8.776574,0.1951807290315628,0.972000002861023,0.4007999897003174
YLR363C,YNL016W,0,-8.776862,0.19514153897762299,0.972000002861023,0.4009000062942505
YOR187W,YGR185C,0,-8.777024,0.19510236382484436,0.972000002861023,0.4009999930858612
YLR037C,YER055C,0,-8.77728,0.19506321847438812,0.972000002861023,0.4011000096797943
YDR301W,YNL202W,0,-8.77773,0.19502407312393188,0.972000002861023,0.40119999647140503
YGR156W,YKL174C,0,-8.777816,0.19498495757579803,0.972000002861023,0.40130001306533813
YGL139W,YLR032W,0,-8.778163,0.19494584202766418,0.972000002861023,0.40139999985694885
YBR244W,YLR368W,0,-8.778186,0.19490675628185272,0.972000002861023,0.40149998664855957
YLR308W,YBL100W-B,0,-8.778585,0.19486768543720245,0.972000002861023,0.4016000032424927
YNL147W,YGL058W,0,-8.77873,0.19482862949371338,0.972000002861023,0.4016999900341034
YGR292W,YOR035C,0,-8.779263,0.1947895735502243,0.972000002861023,0.4018000066280365
YKL158W,YKR100C,0,-8.780256,0.19475054740905762,0.972000002861023,0.4018999934196472
YGL144C,YPL033C,0,-8.780313,0.19471153616905212,0.972000002861023,0.4020000100135803
YOR226C,YAL023C,0,-8.7818,0.19467253983020782,0.972000002861023,0.40209999680519104
YHR179W,YJL140W,0,-8.78198,0.19463355839252472,0.972000002861023,0.40220001339912415
YHL020C,YHR165C,0,-8.7821455,0.1945945918560028,0.972000002861023,0.40230000019073486
YLR102C,YPL249C,0,-8.782365,0.1945556402206421,0.972000002861023,0.4023999869823456
YDR135C,YJR120W,0,-8.782537,0.19451670348644257,0.972000002861023,0.4025000035762787
YIL154C,YAR044W,0,-8.78319,0.19447779655456543,0.972000002861023,0.4025999903678894
YBL042C,YFL049W,0,-8.7833,0.1944388896226883,0.972000002861023,0.4027000069618225
YLL038C,YHL001W,0,-8.783962,0.19439999759197235,0.972000002861023,0.4027999937534332
YCL026C-B,YNL009W,0,-8.785223,0.1943611204624176,0.972000002861023,0.40290001034736633
YNL137C,YDR045C,0,-8.785291,0.19432227313518524,0.972000002861023,0.40299999713897705
YMR303C,YLL011W,0,-8.785987,0.19428342580795288,0.972000002861023,0.40310001373291016
YOR125C,YOR172W,0,-8.786167,0.1942446082830429,0.972000002861023,0.4032000005245209
YGR024C,YEL057C,0,-8.786316,0.19420579075813293,0.972000002861023,0.4032999873161316
YER155C,YBR281C,0,-8.786347,0.19416700303554535,0.972000002861023,0.4034000039100647
YGR244C,YLR410W-B,0,-8.786399,0.19412821531295776,0.972000002861023,0.4034999907016754
YPR057W,YOR228C,0,-8.786501,0.19408945739269257,0.972000002861023,0.4036000072956085
YER091C,YPR158W-B,0,-8.786531,0.19405071437358856,0.972000002861023,0.40369999408721924
YPL213W,YML040W,0,-8.786626,0.19401197135448456,0.972000002861023,0.40380001068115234
YPL128C,YJL118W,0,-8.78696,0.19397325813770294,0.972000002861023,0.40389999747276306
YDR104C,YDR213W,0,-8.787667,0.19393455982208252,0.972000002861023,0.40400001406669617
YDR027C,YJR026W,0,-8.789035,0.1938958764076233,0.972000002861023,0.4041000008583069
YOR150W,YLR221C,1,-8.789889,0.1940566450357437,0.9729999899864197,0.4041000008583069
YIL043C,YOL152W,0,-8.789977,0.1940179467201233,0.9729999899864197,0.4041999876499176
YCR091W,YBL105C,0,-8.791441,0.19397926330566406,0.9729999899864197,0.4043000042438507
YJR084W,YLL014W,0,-8.791543,0.19394059479236603,0.9729999899864197,0.4043999910354614
YJL110C,YIL147C,0,-8.791572,0.19390195608139038,0.9729999899864197,0.40450000762939453
YLR023C,YBR173C,0,-8.791991,0.19386331737041473,0.9729999899864197,0.40459999442100525
YHL016C,YCL069W,0,-8.792065,0.19382470846176147,0.9729999899864197,0.40470001101493835
YGR255C,YLR256W-A,0,-8.79212,0.19378609955310822,0.9729999899864197,0.4047999978065491
YKR035W-A,YDR306C,0,-8.792502,0.19374750554561615,0.9729999899864197,0.4049000144004822
YMR290C,YOR396W,0,-8.793016,0.19370894134044647,0.9729999899864197,0.4050000011920929
YML005W,YDR135C,0,-8.793167,0.1936703771352768,0.9729999899864197,0.4050999879837036
YGR098C,YKL042W,0,-8.793509,0.1936318427324295,0.9729999899864197,0.4052000045776367
YOR030W,YOL011W,0,-8.793673,0.19359330832958221,0.9729999899864197,0.40529999136924744
YHR024C,YOR086C,0,-8.79374,0.1935548037290573,0.9729999899864197,0.40540000796318054
YIR034C,YIR018W,0,-8.793752,0.1935163140296936,0.9729999899864197,0.40549999475479126
YDR320C-A,YMR065W,0,-8.794147,0.1934778243303299,0.9729999899864197,0.40560001134872437
YPR068C,YER159C-A,0,-8.794381,0.19343936443328857,0.9729999899864197,0.4056999981403351
YPL096C-A,YNL072W,0,-8.794384,0.19340091943740845,0.9729999899864197,0.4058000147342682
YBL016W,YNL329C,0,-8.794434,0.19336247444152832,0.9729999899864197,0.4059000015258789
YOR321W,YMR099C,0,-8.79487,0.19332405924797058,0.9729999899864197,0.4059999883174896
YMR186W,YJL104W,0,-8.795167,0.19328565895557404,0.9729999899864197,0.40610000491142273
YBL058W,YDR088C,0,-8.795596,0.19324727356433868,0.9729999899864197,0.40619999170303345
YBR167C,YER008C,0,-8.79584,0.19320890307426453,0.9729999899864197,0.40630000829696655
YNL132W,YIR015W,0,-8.795956,0.19317053258419037,0.9729999899864197,0.40639999508857727
YBL084C,YNL201C,0,-8.796016,0.1931321918964386,0.9729999899864197,0.4065000116825104
YDL013W,YEL031W,0,-8.796372,0.19309386610984802,0.9729999899864197,0.4065999984741211
YLR231C,YKR090W,0,-8.7973,0.19305555522441864,0.9729999899864197,0.4066999852657318
YPL012W,YLR312C-B,0,-8.797377,0.19301725924015045,0.9729999899864197,0.4068000018596649
YBR146W,YDR081C,0,-8.797457,0.19297897815704346,0.9729999899864197,0.40689998865127563
YPL112C,YIL018W,0,-8.797471,0.19294071197509766,0.9729999899864197,0.40700000524520874
YLR238W,YOR214C,0,-8.79795,0.19290246069431305,0.9729999899864197,0.40709999203681946
YDL231C,YER087C-A,0,-8.798563,0.19286422431468964,0.9729999899864197,0.40720000863075256
YLR239C,YOR343W-A,0,-8.79957,0.19282600283622742,0.9729999899864197,0.4072999954223633
YMR201C,YMR122W-A,0,-8.799579,0.1927877962589264,0.9729999899864197,0.4074000120162964
YGR216C,YHR202W,0,-8.799714,0.19274960458278656,0.9729999899864197,0.4074999988079071
YML103C,YGL055W,0,-8.800375,0.19271142780780792,0.9729999899864197,0.4075999855995178
YKR027W,YJL184W,0,-8.800998,0.19267326593399048,0.9729999899864197,0.4077000021934509
YHR042W,YKR089C,0,-8.801205,0.19263511896133423,0.9729999899864197,0.40779998898506165
YCR020C,YGR116W,0,-8.80128,0.19259698688983917,0.9729999899864197,0.40790000557899475
YKL217W,YIL073C,0,-8.801917,0.1925588697195053,0.9729999899864197,0.40799999237060547
YPR166C,YBR265W,0,-8.802331,0.19252078235149384,0.9729999899864197,0.4081000089645386
YDL049C,YCR020C,0,-8.802881,0.19248269498348236,0.9729999899864197,0.4081999957561493
YLR395C,YJL059W,0,-8.803232,0.19244462251663208,0.9729999899864197,0.4083000123500824
YDL117W,YKL018W,0,-8.803309,0.192406564950943,0.9729999899864197,0.4083999991416931
YGL232W,YGR033C,0,-8.803325,0.1923685222864151,0.9729999899864197,0.40849998593330383
YDR386W,YCR061W,0,-8.803521,0.1923304945230484,0.9729999899864197,0.40860000252723694
YMR092C,YNL322C,0,-8.80382,0.1922924965620041,0.9729999899864197,0.40869998931884766
YPL125W,YNL273W,0,-8.80418,0.19225449860095978,0.9729999899864197,0.40880000591278076
YIL007C,YLR363C,0,-8.804428,0.19221651554107666,0.9729999899864197,0.4088999927043915
YDR299W,YCL003W,0,-8.8046665,0.19217854738235474,0.9729999899864197,0.4090000092983246
YDR466W,YPR078C,0,-8.804812,0.192140594124794,0.9729999899864197,0.4090999960899353
YDR317W,YLR251W,0,-8.805331,0.19210267066955566,0.9729999899864197,0.4092000126838684
YGR059W,YPR140W,0,-8.806322,0.19206474721431732,0.9729999899864197,0.4092999994754791
YDR512C,YDR041W,0,-8.806419,0.19202683866024017,0.9729999899864197,0.40939998626708984
YMR198W,YGL223C,0,-8.806514,0.19198894500732422,0.9729999899864197,0.40950000286102295
YCR005C,YBL014C,0,-8.807885,0.19195108115673065,0.9729999899864197,0.40959998965263367
YDR197W,YDR476C,0,-8.808711,0.19191321730613708,0.9729999899864197,0.4097000062465668
YHR024C,YJL216C,0,-8.808764,0.1918753683567047,0.9729999899864197,0.4097999930381775
YOR257W,YIL132C,0,-8.808802,0.19183753430843353,0.9729999899864197,0.4099000096321106
YER013W,YLR452C,0,-8.809085,0.19179973006248474,0.9729999899864197,0.4099999964237213
YPR175W,YJL059W,0,-8.809488,0.19176192581653595,0.9729999899864197,0.4101000130176544
YBR291C,YDR211W,0,-8.809945,0.19172413647174835,0.9729999899864197,0.41019999980926514
YDR310C,YLR182W,0,-8.810196,0.19168636202812195,0.9729999899864197,0.41029998660087585
YGL147C,YLR275W,0,-8.8102865,0.19164861738681793,0.9729999899864197,0.41040000319480896
YLR303W,YOR259C,0,-8.810588,0.19161087274551392,0.9729999899864197,0.4104999899864197
YER044C,YDR322C-A,0,-8.810792,0.1915731430053711,0.9729999899864197,0.4106000065803528
YKL158W,YPR052C,0,-8.810974,0.19153542816638947,0.9729999899864197,0.4106999933719635
YDR303C,YNR047W,0,-8.811725,0.19149774312973022,0.9729999899864197,0.4108000099658966
YHL038C,YPL236C,0,-8.812044,0.19146005809307098,0.9729999899864197,0.4108999967575073
YOR317W,YDR057W,0,-8.812083,0.19142238795757294,0.9729999899864197,0.41100001335144043
YOL082W,YBL051C,0,-8.81231,0.19138473272323608,0.9729999899864197,0.41110000014305115
YKL008C,YBR077C,0,-8.812475,0.19134709239006042,0.9729999899864197,0.41119998693466187
YNR058W,YBR279W,0,-8.812568,0.19130948185920715,0.9729999899864197,0.41130000352859497
YKL143W,YPR168W,0,-8.813271,0.19127187132835388,0.9729999899864197,0.4113999903202057
YML005W,YNR024W,0,-8.813457,0.1912342756986618,0.9729999899864197,0.4115000069141388
YJR005W,YLR188W,0,-8.813642,0.19119669497013092,0.9729999899864197,0.4115999937057495
YMR029C,YKL058W,0,-8.813867,0.19115912914276123,0.9729999899864197,0.4117000102996826
YOR349W,YFR024C,0,-8.813878,0.19112159311771393,0.9729999899864197,0.41179999709129333
YNR030W,YPR067W,0,-8.813924,0.19108405709266663,0.9729999899864197,0.41190001368522644
YMR153W,YDR210C-D,0,-8.813938,0.19104653596878052,0.9729999899864197,0.41200000047683716
YDR093W,YNL227C,0,-8.81394,0.1910090297460556,0.9729999899864197,0.4120999872684479
YLL036C,YGR096W,0,-8.814509,0.19097153842449188,0.9729999899864197,0.412200003862381
YLR085C,YPL036W,0,-8.814773,0.19093406200408936,0.9729999899864197,0.4122999906539917
YOR030W,YBR080C,0,-8.814979,0.19089660048484802,0.9729999899864197,0.4124000072479248
YOR079C,YPR094W,0,-8.815126,0.19085915386676788,0.9729999899864197,0.4124999940395355
YEL056W,YGL157W,0,-8.81513,0.19082173705101013,0.9729999899864197,0.41260001063346863
YBL057C,YGL083W,0,-8.815195,0.19078432023525238,0.9729999899864197,0.41269999742507935
YDR322W,YPL225W,0,-8.815752,0.19074691832065582,0.9729999899864197,0.41280001401901245
YDL165W,YMR215W,0,-8.815757,0.19070953130722046,0.9729999899864197,0.41290000081062317
YFL013C,YDL170W,0,-8.815867,0.1906721591949463,0.9729999899864197,0.4129999876022339
YAR018C,YNL213C,0,-8.816177,0.1906348019838333,0.9729999899864197,0.413100004196167
YOL110W,YDL038C,0,-8.816521,0.19059745967388153,0.9729999899864197,0.4131999909877777
YPR145W,YKL081W,0,-8.816651,0.19056013226509094,0.9729999899864197,0.4133000075817108
YKL007W,YDL108W,0,-8.817069,0.19052280485630035,0.9729999899864197,0.41339999437332153
YMR072W,YPL123C,0,-8.817196,0.19048550724983215,0.9729999899864197,0.41350001096725464
YGL167C,YMR194W,0,-8.817332,0.19044822454452515,0.9729999899864197,0.41359999775886536
YFR019W,YDL109C,0,-8.81812,0.19041095674037933,0.9729999899864197,0.41370001435279846
YIL026C,YGR161W-B,0,-8.818861,0.19037370383739471,0.9729999899864197,0.4138000011444092
YDR457W,YNR004W,0,-8.819097,0.1903364658355713,0.9729999899864197,0.4138999879360199
YBL099W,YDR007W,0,-8.819539,0.19029924273490906,0.9729999899864197,0.414000004529953
YOR083W,YMR160W,0,-8.819545,0.19026201963424683,0.9729999899864197,0.4140999913215637
YIL140W,YPL128C,0,-8.819798,0.19022482633590698,0.9729999899864197,0.4142000079154968
YPL204W,YPR137W,0,-8.820059,0.19018764793872833,0.9729999899864197,0.41429999470710754
YBL006C,YLR430W,0,-8.820353,0.19015048444271088,0.9729999899864197,0.41440001130104065
YIL049W,YNL128W,0,-8.820541,0.19011332094669342,0.9729999899864197,0.41449999809265137
YGL049C,YBR261C,0,-8.820761,0.19007618725299835,0.9729999899864197,0.4146000146865845
YLR039C,YGL076C,0,-8.821973,0.19003906846046448,0.9729999899864197,0.4147000014781952
YKL132C,YLR092W,0,-8.822373,0.1900019496679306,0.9729999899864197,0.4147999882698059
YDR392W,YGL231C,0,-8.822765,0.18996486067771912,0.9729999899864197,0.414900004863739
YJR047C,YOR073W,0,-8.822844,0.18992777168750763,0.9729999899864197,0.41499999165534973
YGR140W,YNL279W,0,-8.823228,0.18989071249961853,0.9729999899864197,0.41510000824928284
YPR168W,YPL133C,0,-8.823579,0.18985365331172943,0.9729999899864197,0.41519999504089355
YLR411W,YCR003W,0,-8.823703,0.18981662392616272,0.9729999899864197,0.41530001163482666
YOR147W,YBR073W,0,-8.824152,0.189779594540596,0.9729999899864197,0.4153999984264374
YDR500C,YBR258C,0,-8.824267,0.18974259495735168,0.9729999899864197,0.4154999852180481
YNL166C,YKR062W,0,-8.824481,0.18970559537410736,0.9729999899864197,0.4156000018119812
YDR046C,YPL134C,0,-8.824526,0.18966861069202423,0.9729999899864197,0.4156999886035919
YJR108W,YGL259W,0,-8.824705,0.1896316558122635,0.9729999899864197,0.415800005197525
YPL215W,YER157W,0,-8.825081,0.18959470093250275,0.9729999899864197,0.41589999198913574
YFR044C,YPL276W,0,-8.825106,0.1895577609539032,0.9729999899864197,0.41600000858306885
YBL088C,YJL012C-A,0,-8.825322,0.18952083587646484,0.9729999899864197,0.41609999537467957
YJL076W,YGR276C,0,-8.82607,0.18948394060134888,0.9729999899864197,0.41620001196861267
YGR174C,YLR095C,0,-8.826135,0.1894470453262329,0.9729999899864197,0.4162999987602234
YGL044C,YBR182C,0,-8.826229,0.18941016495227814,0.9729999899864197,0.4163999855518341
YOL012C,YOR129C,0,-8.826695,0.18937329947948456,0.9729999899864197,0.4165000021457672
YBR243C,YBL008W,0,-8.827087,0.18933644890785217,0.9729999899864197,0.41659998893737793
YKL180W,YNL263C,0,-8.827179,0.18929961323738098,0.9729999899864197,0.41670000553131104
YGR295C,YNL222W,0,-8.827242,0.18926279246807098,0.9729999899864197,0.41679999232292175
YBR289W,YGL010W,0,-8.8273,0.18922598659992218,0.9729999899864197,0.41690000891685486
YPL036W,YJL189W,0,-8.828704,0.18918919563293457,0.9729999899864197,0.4169999957084656
YML051W,YOL013C,0,-8.828953,0.18915240466594696,0.9729999899864197,0.4171000123023987
YKL022C,YLR350W,0,-8.829182,0.18911564350128174,0.9729999899864197,0.4171999990940094
YPR057W,YJR156C,0,-8.829341,0.1890788972377777,0.9729999899864197,0.4172999858856201
YBR135W,YNR028W,0,-8.829899,0.18904216587543488,0.9729999899864197,0.4174000024795532
YNL129W,YLR004C,0,-8.830047,0.18900543451309204,0.9729999899864197,0.41749998927116394
YNL270C,YML045W,0,-8.830313,0.1889687329530716,0.9729999899864197,0.41760000586509705
YPL213W,YOR359W,0,-8.830527,0.18893203139305115,0.9729999899864197,0.41769999265670776
YMR199W,YKL001C,0,-8.830569,0.1888953596353531,0.9729999899864197,0.41780000925064087
YGL240W,YGL126W,0,-8.83095,0.18885870277881622,0.9729999899864197,0.4178999960422516
YNL054W,YLR410W-A,0,-8.830967,0.18882204592227936,0.9729999899864197,0.4180000126361847
YIR013C,YNR032C-A,0,-8.830994,0.1887854039669037,0.9729999899864197,0.4180999994277954
YGR059W,YOR162C,0,-8.831497,0.1887487918138504,0.9729999899864197,0.41819998621940613
YOR113W,YPL076W,0,-8.831627,0.18871217966079712,0.9729999899864197,0.41830000281333923
YLR424W,YPL232W,0,-8.832409,0.18867558240890503,0.9729999899864197,0.41839998960494995
YLR165C,YOR396W,0,-8.832518,0.18863900005817413,0.9729999899864197,0.41850000619888306
YDR279W,YPL047W,0,-8.832561,0.18860244750976562,0.9729999899864197,0.4185999929904938
YJL166W,YGL158W,0,-8.832572,0.18856589496135712,0.9729999899864197,0.4187000095844269
YPL055C,YDR324C,0,-8.833177,0.1885293573141098,0.9729999899864197,0.4187999963760376
YMR128W,YBR228W,0,-8.833212,0.18849283456802368,0.9729999899864197,0.4189000129699707
YER129W,YDR201W,0,-8.833313,0.18845632672309875,0.9729999899864197,0.4189999997615814
YNL166C,YIL022W,0,-8.833905,0.18841983377933502,0.9729999899864197,0.41909998655319214
YER170W,YJR007W,0,-8.8342905,0.18838335573673248,0.9729999899864197,0.41920000314712524
YDR510W,YGR161W-B,0,-8.834292,0.18834687769412994,0.9729999899864197,0.41929998993873596
YGR036C,YDR347W,0,-8.834462,0.1883104294538498,0.9729999899864197,0.41940000653266907
YDL215C,YNL139C,0,-8.834636,0.18827399611473083,0.9729999899864197,0.4194999933242798
YML101C,YGR289C,0,-8.834779,0.18823756277561188,0.9729999899864197,0.4196000099182129
YMR208W,YIL167W,0,-8.83514,0.1882011592388153,0.9729999899864197,0.4196999967098236
YAL038W,YLR071C,0,-8.83527,0.18816477060317993,0.9729999899864197,0.4198000133037567
YKL143W,YOR298W,0,-8.835783,0.18812838196754456,0.9729999899864197,0.41990000009536743
YOL045W,YLL003W,0,-8.836085,0.18809202313423157,0.9729999899864197,0.41999998688697815
YIL160C,YKL222C,0,-8.836589,0.18805566430091858,0.9729999899864197,0.42010000348091125
YKL197C,YMR122W-A,0,-8.837019,0.18801932036876678,0.9729999899864197,0.420199990272522
YML121W,YER123W,0,-8.8371525,0.18798299133777618,0.9729999899864197,0.4203000068664551
YDR005C,YOR119C,0,-8.837179,0.18794669210910797,0.9729999899864197,0.4203999936580658
YDR272W,YER169W,0,-8.838592,0.18791039288043976,0.9729999899864197,0.4205000102519989
YDR216W,YNL078W,0,-8.83862,0.18787410855293274,0.9729999899864197,0.4205999970436096
YDL031W,YOR150W,1,-8.838636,0.1880308836698532,0.9739999771118164,0.4205999970436096
YBR179C,YGR186W,0,-8.839946,0.1879945993423462,0.9739999771118164,0.4207000136375427
YCR070W,YPR073C,0,-8.840105,0.18795831501483917,0.9739999771118164,0.42080000042915344
YJR083C,YOR261C,0,-8.8401575,0.18792204558849335,0.9739999771118164,0.42089998722076416
YBR073W,YIR015W,0,-8.840519,0.1878858059644699,0.9739999771118164,0.42100000381469727
YMR073C,YPL085W,0,-8.840527,0.18784956634044647,0.9739999771118164,0.421099990606308
YHL047C,YPR121W,0,-8.8409395,0.18781334161758423,0.9739999771118164,0.4212000072002411
YCR038C,YHR067W,0,-8.841638,0.18777713179588318,0.9739999771118164,0.4212999939918518
YKL022C,YJL073W,0,-8.841837,0.18774093687534332,0.9739999771118164,0.4214000105857849
YDR191W,YOL006C,0,-8.842178,0.18770475685596466,0.9739999771118164,0.42149999737739563
YFR027W,YAR009C,0,-8.842397,0.1876685917377472,0.9739999771118164,0.42160001397132874
YOR028C,YPR162C,0,-8.842754,0.18763244152069092,0.9739999771118164,0.42170000076293945
YFR029W,YJR117W,0,-8.842918,0.18759630620479584,0.9739999771118164,0.42179998755455017
YGL066W,YMR106C,0,-8.843512,0.18756017088890076,0.9739999771118164,0.4219000041484833
YNL236W,YMR291W,0,-8.844641,0.18752406537532806,0.9739999771118164,0.421999990940094
YMR036C,YLR337W,0,-8.844647,0.18748797476291656,0.9739999771118164,0.4221000075340271
YKR056W,YDR170W-A,0,-8.844698,0.18745188415050507,0.9739999771118164,0.4221999943256378
YOR109W,YGR208W,0,-8.846027,0.18741582334041595,0.9739999771118164,0.4223000109195709
YFR040W,YHR205W,0,-8.847193,0.18737976253032684,0.9739999771118164,0.42239999771118164
YLR090W,YBR241C,0,-8.847239,0.18734371662139893,0.9739999771118164,0.42250001430511475
YOL011W,YNL070W,0,-8.847522,0.1873076856136322,0.9739999771118164,0.42260000109672546
YBR286W,YOL019W,0,-8.8477745,0.18727168440818787,0.9739999771118164,0.4226999878883362
YMR119W,YGR277C,0,-8.848789,0.18723568320274353,0.9739999771118164,0.4228000044822693
YBR109C,YMR194W,0,-8.849024,0.1871996968984604,0.9739999771118164,0.42289999127388
YPL221W,YDR210W-B,0,-8.849194,0.18716372549533844,0.9739999771118164,0.4230000078678131
YCL018W,YER102W,0,-8.849477,0.18712776899337769,0.9739999771118164,0.42309999465942383
YGR010W,YDR128W,0,-8.849625,0.18709181249141693,0.9739999771118164,0.42320001125335693
YLR411W,YJL052W,0,-8.84975,0.18705588579177856,0.9739999771118164,0.42329999804496765
YLR013W,YBL005W-B,0,-8.850696,0.1870199739933014,0.9739999771118164,0.42340001463890076
YPL140C,YHR039C,0,-8.8507595,0.18698406219482422,0.9739999771118164,0.4235000014305115
YAR018C,YGR007W,0,-8.851324,0.18694818019866943,0.9739999771118164,0.4235999882221222
YJL170C,YDL165W,0,-8.85138,0.18691229820251465,0.9739999771118164,0.4237000048160553
YBL016W,YLR227W-B,0,-8.851854,0.18687644600868225,0.9739999771118164,0.423799991607666
YDL101C,YHR079C-A,0,-8.851951,0.18684059381484985,0.9739999771118164,0.4239000082015991
YBR042C,YBR185C,0,-8.852351,0.18680475652217865,0.9739999771118164,0.42399999499320984
YOR195W,YPR088C,0,-8.853182,0.18676893413066864,0.9739999771118164,0.42410001158714294
YMR198W,YOR320C,0,-8.853195,0.18673312664031982,0.9739999771118164,0.42419999837875366
YJL097W,YPR158W-B,0,-8.853451,0.1866973340511322,0.9739999771118164,0.4242999851703644
YGR087C,YDR105C,0,-8.854015,0.18666155636310577,0.9739999771118164,0.4244000017642975
YDL222C,YPR068C,0,-8.854158,0.18662579357624054,0.9739999771118164,0.4244999885559082
YLR019W,YLR197W,0,-8.854373,0.1865900456905365,0.9739999771118164,0.4246000051498413
YLL032C,YLR064W,0,-8.854417,0.18655429780483246,0.9739999771118164,0.424699991941452
YOR127W,YNL154C,0,-8.854655,0.1865185797214508,0.9739999771118164,0.42480000853538513
YDL137W,YBR118W,0,-8.854669,0.18648286163806915,0.9739999771118164,0.42489999532699585
YPR111W,YGR178C,0,-8.854713,0.1864471733570099,0.9739999771118164,0.42500001192092896
YLR327C,YIL080W,0,-8.854911,0.18641148507595062,0.9739999771118164,0.4250999987125397
YNR044W,YLL034C,0,-8.855125,0.18637581169605255,0.9739999771118164,0.4251999855041504
YGL047W,YML037C,0,-8.855222,0.18634015321731567,0.9739999771118164,0.4253000020980835
YCR082W,YMR139W,0,-8.855282,0.18630450963974,0.9739999771118164,0.4253999888896942
YGR092W,YMR150C,0,-8.855837,0.1862688809633255,0.9739999771118164,0.4255000054836273
YGR152C,YDR486C,0,-8.85646,0.1862332671880722,0.9739999771118164,0.42559999227523804
YGR174C,YPL060C-A,0,-8.85651,0.1861976683139801,0.9739999771118164,0.42570000886917114
YPR128C,YPR140W,0,-8.85732,0.1861620843410492,0.9739999771118164,0.42579999566078186
YPL046C,YNR004W,0,-8.8573675,0.1861265003681183,0.9739999771118164,0.42590001225471497
YLR206W,YEL020W-A,0,-8.858043,0.18609094619750977,0.9739999771118164,0.4259999990463257
YJR101W,YDR170W-A,0,-8.858283,0.18605539202690125,0.9739999771118164,0.4260999858379364
YPL038W,YHR023W,0,-8.858449,0.1860198676586151,0.9739999771118164,0.4262000024318695
YGR057C,YDR397C,0,-8.8585825,0.18598434329032898,0.9739999771118164,0.4262999892234802
YDL240W,YDR307W,0,-8.8588915,0.18594883382320404,0.9739999771118164,0.42640000581741333
YHR043C,YLR039C,0,-8.859468,0.1859133392572403,0.9739999771118164,0.42649999260902405
YJR093C,YFL031W,0,-8.859494,0.18587785959243774,0.9739999771118164,0.42660000920295715
YOR043W,YLL055W,0,-8.85964,0.1858423948287964,0.9739999771118164,0.42669999599456787
YGR295C,YJL012C-A,0,-8.859971,0.18580694496631622,0.9739999771118164,0.426800012588501
YDR096W,YHR168W,0,-8.86015,0.18577151000499725,0.9739999771118164,0.4268999993801117
YNL137C,YIL006W,0,-8.860608,0.18573607504367828,0.9739999771118164,0.4269999861717224
YDL017W,YNL152W,0,-8.860708,0.1857006698846817,0.9739999771118164,0.4271000027656555
YCL003W,YDL150W,0,-8.860721,0.18566526472568512,0.9739999771118164,0.42719998955726624
YPR068C,YLL067C,0,-8.861906,0.18562988936901093,0.9739999771118164,0.42730000615119934
YJR141W,YPR158C-D,0,-8.861965,0.18559451401233673,0.9739999771118164,0.42739999294281006
YER176W,YFL035C-B,0,-8.862056,0.18555915355682373,0.9739999771118164,0.42750000953674316
YBR296C,YDR247W,0,-8.862188,0.18552380800247192,0.9739999771118164,0.4275999963283539
YGR057C,YLR333C,0,-8.862699,0.1854884773492813,0.9739999771118164,0.427700012922287
YJR125C,YOR192C-B,0,-8.862764,0.1854531615972519,0.9739999771118164,0.4277999997138977
YGL077C,YJL018W,0,-8.862768,0.18541786074638367,0.9739999771118164,0.4278999865055084
YGL136C,YNL091W,0,-8.86297,0.18538255989551544,0.9739999771118164,0.42800000309944153
YDR303C,YLR006C,0,-8.863698,0.1853472888469696,0.9739999771118164,0.42809998989105225
YBR133C,YLR001C,0,-8.86378,0.18531201779842377,0.9739999771118164,0.42820000648498535
YDL145C,YCR018C,0,-8.863904,0.18527677655220032,0.9739999771118164,0.42829999327659607
YPR193C,YLL055W,0,-8.864625,0.18524153530597687,0.9739999771118164,0.4284000098705292
YBR177C,YPR182W,0,-8.864794,0.1852063089609146,0.9739999771118164,0.4284999966621399
YGR166W,YNL069C,0,-8.86483,0.18517109751701355,0.9739999771118164,0.428600013256073
YKL001C,YOR153W,0,-8.866636,0.18513590097427368,0.9739999771118164,0.4287000000476837
YDR363W,YLL040C,0,-8.86684,0.185100719332695,0.9739999771118164,0.42879998683929443
YPR042C,YOR117W,0,-8.867028,0.18506555259227753,0.9739999771118164,0.42890000343322754
YBR065C,YHR092C,0,-8.867463,0.18503040075302124,0.9739999771118164,0.42899999022483826
YDR033W,YER137C-A,0,-8.867819,0.18499524891376495,0.9739999771118164,0.42910000681877136
YMR153W,YNL054W-A,0,-8.868086,0.18496012687683105,0.9739999771118164,0.4291999936103821
YDR261C-C,YKL063C,0,-8.869415,0.18492500483989716,0.9739999771118164,0.4293000102043152
YKL113C,YLR410W-A,0,-8.869947,0.18488989770412445,0.9739999771118164,0.4293999969959259
YBL032W,YBL080C,0,-8.870198,0.18485480546951294,0.9739999771118164,0.429500013589859
YOR080W,YDR234W,0,-8.871043,0.18481972813606262,0.9739999771118164,0.4296000003814697
YNL286W,YIL016W,0,-8.871325,0.1847846657037735,0.9739999771118164,0.42969998717308044
YAL058W,YLR097C,0,-8.871597,0.18474961817264557,0.9739999771118164,0.42980000376701355
YPL187W,YFL003C,0,-8.87223,0.18471458554267883,0.9739999771118164,0.42989999055862427
YBR089C-A,YKL018W,0,-8.872436,0.1846795529127121,0.9739999771118164,0.4300000071525574
YBL037W,YGR152C,0,-8.872459,0.18464455008506775,0.9739999771118164,0.4300999939441681
YLR174W,YOL103W-A,0,-8.872609,0.1846095472574234,0.9739999771118164,0.4302000105381012
YKL011C,YER082C,0,-8.873457,0.18457457423210144,0.9739999771118164,0.4302999973297119
YLR095C,YIL094C,0,-8.873689,0.18453960120677948,0.9739999771118164,0.430400013923645
YMR285C,YNL139C,0,-8.874145,0.1845046430826187,0.9739999771118164,0.43050000071525574
YMR296C,YNL097C,0,-8.874596,0.18446969985961914,0.9739999771118164,0.43059998750686646
YLR239C,YGR038W,0,-8.8746605,0.18443477153778076,0.9739999771118164,0.43070000410079956
YHR010W,YIL068C,0,-8.876348,0.18439984321594238,0.9739999771118164,0.4307999908924103
YHR053C,YMR129W,0,-8.876512,0.1843649446964264,0.9739999771118164,0.4309000074863434
YDL200C,YBR192W,0,-8.876611,0.1843300461769104,0.9739999771118164,0.4309999942779541
YPL253C,YLR410W-A,0,-8.877131,0.1842951774597168,0.9739999771118164,0.4311000108718872
YGR253C,YPL276W,0,-8.877668,0.1842603087425232,0.9739999771118164,0.4311999976634979
YDR414C,YMR188C,0,-8.87795,0.18422545492649078,0.9739999771118164,0.43130001425743103
YHR091C,YLR040C,0,-8.8783045,0.18419061601161957,0.9739999771118164,0.43140000104904175
YHR024C,YPL138C,0,-8.879365,0.18415579199790955,0.9739999771118164,0.43149998784065247
YML081C-A,YMR127C,0,-8.879444,0.18412098288536072,0.9739999771118164,0.43160000443458557
YHR053C,YMR177W,0,-8.879614,0.18408618867397308,0.9739999771118164,0.4316999912261963
YOR150W,YOL127W,1,-8.880061,0.18424035608768463,0.9750000238418579,0.4316999912261963
YAL010C,YBR089C-A,0,-8.880199,0.184205561876297,0.9750000238418579,0.4318000078201294
YJL085W,YIL082W-A,0,-8.880561,0.18417075276374817,0.9750000238418579,0.4318999946117401
YJL051W,YER159C-A,0,-8.881124,0.18413597345352173,0.9750000238418579,0.4320000112056732
YPL188W,YGL212W,0,-8.881318,0.18410120904445648,0.9750000238418579,0.43209999799728394
YBL041W,YDR348C,0,-8.881516,0.18406645953655243,0.9750000238418579,0.43220001459121704
YOR095C,YMR039C,0,-8.881972,0.18403171002864838,0.9750000238418579,0.43230000138282776
YMR318C,YFL023W,0,-8.882457,0.18399697542190552,0.9750000238418579,0.4323999881744385
YJR160C,YER105C,0,-8.882581,0.18396227061748505,0.9750000238418579,0.4325000047683716
YPL227C,YNL137C,0,-8.8826,0.18392756581306458,0.9750000238418579,0.4325999915599823
YBR022W,YLR417W,0,-8.883041,0.1838928759098053,0.9750000238418579,0.4327000081539154
YDL109C,YOR019W,0,-8.883866,0.18385820090770721,0.9750000238418579,0.4327999949455261
YLL008W,YOR150W,1,-8.883904,0.18401207029819489,0.9760000109672546,0.4327999949455261
YER174C,YKR098C,0,-8.884304,0.1839773803949356,0.9760000109672546,0.43290001153945923
YNL088W,YPR137C-B,0,-8.884582,0.18394270539283752,0.9760000109672546,0.43299999833106995
YOL051W,YJR031C,0,-8.885347,0.18390804529190063,0.9760000109672546,0.43309998512268066
YMR015C,YGR161W-B,0,-8.88538,0.18387340009212494,0.9760000109672546,0.43320000171661377
YIL119C,YHL034C,0,-8.886049,0.18383876979351044,0.9760000109672546,0.4332999885082245
YCL024W,YIL147C,0,-8.886525,0.18380413949489594,0.9760000109672546,0.4334000051021576
YGR244C,YER138C,0,-8.8868265,0.18376953899860382,0.9760000109672546,0.4334999918937683
YJL099W,YPR204W,0,-8.886878,0.1837349385023117,0.9760000109672546,0.4336000084877014
YHR061C,YBR098W,0,-8.887503,0.1837003529071808,0.9760000109672546,0.43369999527931213
YDR216W,YJR070C,0,-8.887755,0.18366578221321106,0.9760000109672546,0.43380001187324524
YOR295W,YLR410W-B,0,-8.888308,0.18363122642040253,0.9760000109672546,0.43389999866485596
YPR019W,YOL051W,0,-8.888322,0.1835966855287552,0.9760000109672546,0.4339999854564667
YIL049W,YNL327W,0,-8.888401,0.18356215953826904,0.9760000109672546,0.4341000020503998
YLR310C,YDR402C,0,-8.888629,0.1835276484489441,0.9760000109672546,0.4341999888420105
YDR481C,YDR407C,0,-8.889033,0.18349313735961914,0.9760000109672546,0.4343000054359436
YHR154W,YDR210W-A,0,-8.889105,0.18345864117145538,0.9760000109672546,0.4343999922275543
YGR119C,YDL134C,0,-8.889657,0.183424174785614,0.9760000109672546,0.4345000088214874
YGL139W,YKL184W,0,-8.889703,0.18338970839977264,0.9760000109672546,0.43459999561309814
YDR434W,YDR334W,0,-8.889799,0.18335525691509247,0.9760000109672546,0.43470001220703125
YML067C,YKR020W,0,-8.890674,0.1833208054304123,0.9760000109672546,0.43479999899864197
YCL011C,YNL139C,0,-8.8909235,0.1832863837480545,0.9760000109672546,0.4348999857902527
YHL027W,YDR261W-A,0,-8.891233,0.1832519769668579,0.9760000109672546,0.4350000023841858
YLR423C,YDL084W,0,-8.891255,0.18321757018566132,0.9760000109672546,0.4350999891757965
YCR082W,YDR468C,0,-8.892485,0.18318317830562592,0.9760000109672546,0.4352000057697296
YER157W,YBL035C,0,-8.892947,0.1831488013267517,0.9760000109672546,0.43529999256134033
YOL129W,YNL054W-A,0,-8.893097,0.1831144392490387,0.9760000109672546,0.43540000915527344
YMR127C,YOR192C-A,0,-8.893363,0.18308009207248688,0.9760000109672546,0.43549999594688416
YHR059W,YLL035W,0,-8.893504,0.18304575979709625,0.9760000109672546,0.43560001254081726
YGL223C,YOR175C,0,-8.894247,0.18301144242286682,0.9760000109672546,0.435699999332428
YKR027W,YNR003C,0,-8.894339,0.1829771250486374,0.9760000109672546,0.4357999861240387
YPR068C,YDR349C,0,-8.89453,0.18294283747673035,0.9760000109672546,0.4359000027179718
YMR232W,YCR061W,0,-8.895201,0.1829085499048233,0.9760000109672546,0.4359999895095825
YIL013C,YCR058C,0,-8.895282,0.18287427723407745,0.9760000109672546,0.4361000061035156
YHR076W,YJR052W,0,-8.895426,0.1828400194644928,0.9760000109672546,0.43619999289512634
YFL031W,YMR197C,0,-8.895986,0.18280576169490814,0.9760000109672546,0.43630000948905945
YLR088W,YCR087C-A,0,-8.896421,0.18277153372764587,0.9760000109672546,0.43639999628067017
YOR037W,YOR132W,0,-8.8965845,0.1827373206615448,0.9760000109672546,0.43650001287460327
YPR200C,YPL001W,0,-8.897022,0.18270310759544373,0.9760000109672546,0.436599999666214
YIL129C,YMR268W-A,0,-8.898154,0.18266890943050385,0.9760000109672546,0.4366999864578247
YJL198W,YLR209C,0,-8.898941,0.18263472616672516,0.9760000109672546,0.4368000030517578
YDL142C,YGR154C,0,-8.899181,0.18260055780410767,0.9760000109672546,0.43689998984336853
YDL103C,YDL124W,0,-8.899216,0.18256640434265137,0.9760000109672546,0.43700000643730164
YLR092W,YLR346C,0,-8.899436,0.18253226578235626,0.9760000109672546,0.43709999322891235
YDR127W,YJL095W,0,-8.900051,0.18249812722206116,0.9760000109672546,0.43720000982284546
YMR168C,YLR165C,0,-8.900356,0.18246401846408844,0.9760000109672546,0.4372999966144562
YCL057W,YKR037C,0,-8.90068,0.18242990970611572,0.9760000109672546,0.4374000132083893
YDL128W,YGR105W,0,-8.900688,0.1823958158493042,0.9760000109672546,0.4375
YPL280W,YHR001W-A,0,-8.90084,0.18236173689365387,0.9760000109672546,0.4375999867916107
YDR513W,YGR104C,0,-8.902278,0.18232767283916473,0.9760000109672546,0.4377000033855438
YGL023C,YOL138C,0,-8.90231,0.1822936087846756,0.9760000109672546,0.43779999017715454
YLR015W,YBR228W,0,-8.902503,0.18225957453250885,0.9760000109672546,0.43790000677108765
YMR122W-A,YPL236C,0,-8.902624,0.1822255402803421,0.9760000109672546,0.43799999356269836
YMR112C,YNR011C,0,-8.903309,0.18219152092933655,0.9760000109672546,0.43810001015663147
YMR183C,YGR099W,0,-8.904043,0.1821575164794922,0.9760000109672546,0.4381999969482422
YER110C,YER028C,0,-8.9044485,0.18212352693080902,0.9760000109672546,0.4383000135421753
YOR150W,YCR072C,1,-8.904656,0.18227611482143402,0.9769999980926514,0.4383000135421753
YOL104C,YDR001C,0,-8.904931,0.18224212527275085,0.9769999980926514,0.438400000333786
YOL077W-A,YML013W,0,-8.905048,0.1822081357240677,0.9769999980926514,0.43849998712539673
YIR026C,YLL032C,0,-8.90525,0.18217416107654572,0.9769999980926514,0.43860000371932983
YDL043C,YKL108W,0,-8.906789,0.18214020133018494,0.9769999980926514,0.43869999051094055
YBL100W-B,YGL010W,0,-8.907132,0.18210624158382416,0.9769999980926514,0.43880000710487366
YMR189W,YNL070W,0,-8.908364,0.18207231163978577,0.9769999980926514,0.4388999938964844
YCR089W,YLR058C,0,-8.9087715,0.18203838169574738,0.9769999980926514,0.4390000104904175
YDR236C,YBR222C,0,-8.909438,0.18200446665287018,0.9769999980926514,0.4390999972820282
YER183C,YDR110W,0,-8.9096155,0.18197056651115417,0.9769999980926514,0.4392000138759613
YHR175W,YLR205C,0,-8.909804,0.18193668127059937,0.9769999980926514,0.439300000667572
YMR224C,YNL123W,0,-8.909906,0.18190281093120575,0.9769999980926514,0.43939998745918274
YNL327W,YPL053C,0,-8.909935,0.18186895549297333,0.9769999980926514,0.43950000405311584
YPL069C,YML072C,0,-8.911075,0.1818351000547409,0.9769999980926514,0.43959999084472656
YCR097W,YOR177C,0,-8.911595,0.18180125951766968,0.9769999980926514,0.43970000743865967
YNL286W,YKL026C,0,-8.91282,0.18176744878292084,0.9769999980926514,0.4397999942302704
YNL257C,YKR060W,0,-8.913097,0.181733638048172,0.9769999980926514,0.4399000108242035
YFL023W,YLR391W-A,0,-8.913369,0.18169982731342316,0.9769999980926514,0.4399999976158142
YPR140W,YML040W,0,-8.913459,0.1816660463809967,0.9769999980926514,0.4401000142097473
YML051W,YPR047W,0,-8.9137335,0.18163228034973145,0.9769999980926514,0.44020000100135803
YGR078C,YDL080C,0,-8.913893,0.1815985143184662,0.9769999980926514,0.44029998779296875
YIR002C,YNL279W,0,-8.914082,0.18156476318836212,0.9769999980926514,0.44040000438690186
YNL063W,YGR006W,0,-8.914206,0.18153102695941925,0.9769999980926514,0.4404999911785126
YGR041W,YMR309C,0,-8.914661,0.18149730563163757,0.9769999980926514,0.4406000077724457
YEL055C,YER008C,0,-8.914729,0.1814635992050171,0.9769999980926514,0.4406999945640564
YDR320C-A,YGR161C,0,-8.915135,0.1814298927783966,0.9769999980926514,0.4408000111579895
YCR034W,YDR515W,0,-8.91522,0.1813962161540985,0.9769999980926514,0.4408999979496002
YNR057C,YPR011C,0,-8.915314,0.18136253952980042,0.9769999980926514,0.4410000145435333
YJR117W,YHR048W,0,-8.916624,0.1813288778066635,0.9769999980926514,0.44110000133514404
YOL077C,YOR150W,1,-8.917064,0.1814807951450348,0.9779999852180481,0.44110000133514404
YDR244W,YKL095W,0,-8.917849,0.1814471185207367,0.9779999852180481,0.44119998812675476
YPL078C,YLR308W,0,-8.918065,0.181413471698761,0.9779999852180481,0.44130000472068787
YHR018C,YGL014W,0,-8.918067,0.18137982487678528,0.9779999852180481,0.4413999915122986
YOR354C,YHR138C,0,-8.918529,0.18134619295597076,0.9779999852180481,0.4415000081062317
YKL198C,YHR154W,0,-8.918738,0.18131257593631744,0.9779999852180481,0.4415999948978424
YDL230W,YLR467W,0,-8.919023,0.18127895891666412,0.9779999852180481,0.4417000114917755
YFL036W,YDR109C,0,-8.9191885,0.1812453716993332,0.9779999852180481,0.44179999828338623
YDR368W,YBL005W-A,0,-8.919457,0.18121178448200226,0.9779999852180481,0.44190001487731934
YDL049C,YOR145C,0,-8.91978,0.18117821216583252,0.9779999852180481,0.44200000166893005
YNL078W,YDR196C,0,-8.919979,0.18114465475082397,0.9779999852180481,0.44209998846054077
YML126C,YJR013W,0,-8.920047,0.18111111223697662,0.9779999852180481,0.4422000050544739
YLR113W,YKR094C,0,-8.92012,0.18107758462429047,0.9779999852180481,0.4422999918460846
YAR015W,YHL035C,0,-8.920468,0.1810440570116043,0.9779999852180481,0.4424000084400177
YOR133W,YKL145W,0,-8.92097,0.18101054430007935,0.9779999852180481,0.4424999952316284
YDL145C,YBL052C,0,-8.921609,0.18097706139087677,0.9779999852180481,0.4426000118255615
YPL161C,YGR275W,0,-8.921683,0.180943563580513,0.9779999852180481,0.44269999861717224
YOL027C,YDR320C,0,-8.923077,0.18091009557247162,0.9779999852180481,0.44279998540878296
YJL096W,YML049C,0,-8.923248,0.18087664246559143,0.9779999852180481,0.44290000200271606
YBL042C,YCL027W,0,-8.923265,0.18084318935871124,0.9779999852180481,0.4429999887943268
YIL015W,YDR210C-D,0,-8.9234295,0.18080976605415344,0.9779999852180481,0.4431000053882599
YIL150C,YOR214C,0,-8.923434,0.18077634274959564,0.9779999852180481,0.4431999921798706
YNL152W,YNR064C,0,-8.923611,0.18074293434619904,0.9779999852180481,0.4433000087738037
YOL008W,YJL203W,0,-8.923828,0.18070954084396362,0.9779999852180481,0.44339999556541443
YPR171W,YPL128C,0,-8.924353,0.1806761473417282,0.9779999852180481,0.44350001215934753
YOL049W,YJR014W,0,-8.924649,0.18064278364181519,0.9779999852180481,0.44359999895095825
YGR244C,YJL089W,0,-8.925466,0.18060941994190216,0.9779999852180481,0.44369998574256897
YNL003C,YOR149C,0,-8.926082,0.18057607114315033,0.9779999852180481,0.4438000023365021
YHR132C,YKR095W-A,0,-8.926707,0.1805427372455597,0.9779999852180481,0.4438999891281128
YKL180W,YML038C,0,-8.926912,0.18050941824913025,0.9779999852180481,0.4440000057220459
YDR019C,YJR016C,0,-8.927149,0.1804760992527008,0.9779999852180481,0.4440999925136566
YNL126W,YOL107W,0,-8.927343,0.18044281005859375,0.9779999852180481,0.4442000091075897
YMR232W,YOR003W,0,-8.927409,0.1804095208644867,0.9779999852180481,0.44429999589920044
YDL243C,YOR219C,0,-8.927445,0.18037624657154083,0.9779999852180481,0.44440001249313354
YOR011W,YDR178W,0,-8.928062,0.18034298717975616,0.9779999852180481,0.44449999928474426
YDR202C,YDR247W,0,-8.928623,0.1803097277879715,0.9779999852180481,0.444599986076355
YKL138C-A,YGR059W,0,-8.928636,0.18027649819850922,0.9779999852180481,0.4447000026702881
YDR299W,YKL161C,0,-8.928687,0.18024326860904694,0.9779999852180481,0.4447999894618988
YNL256W,YEL056W,0,-8.929017,0.18021005392074585,0.9779999852180481,0.4449000060558319
YOR035C,YBL060W,0,-8.929328,0.18017685413360596,0.9779999852180481,0.4449999928474426
YHR148W,YLR301W,0,-8.929957,0.18014366924762726,0.9779999852180481,0.44510000944137573
YFR025C,YDR142C,0,-8.930717,0.18011049926280975,0.9779999852180481,0.44519999623298645
YJR083C,YFR050C,0,-8.930959,0.18007732927799225,0.9779999852180481,0.44530001282691956
YOL119C,YLR064W,0,-8.930988,0.18004418909549713,0.9779999852180481,0.4453999996185303
YOR080W,YFL004W,0,-8.93139,0.18001104891300201,0.9779999852180481,0.445499986410141
YGL213C,YNR048W,0,-8.93177,0.1799779236316681,0.9779999852180481,0.4456000030040741
YBR057C,YBR152W,0,-8.932277,0.17994479835033417,0.9779999852180481,0.4456999897956848
YJR118C,YDL030W,0,-8.932986,0.17991170287132263,0.9779999852180481,0.4458000063896179
YMR250W,YBR111W-A,0,-8.9334345,0.1798786073923111,0.9779999852180481,0.44589999318122864
YGR167W,YAR033W,0,-8.933752,0.17984552681446075,0.9779999852180481,0.44600000977516174
YDR227W,YLR398C,0,-8.934457,0.1798124611377716,0.9779999852180481,0.44609999656677246
YLR293C,YJR022W,0,-8.934787,0.17977941036224365,0.9779999852180481,0.44620001316070557
YKL211C,YJL012C-A,0,-8.934988,0.1797463744878769,0.9779999852180481,0.4462999999523163
YPL200W,YAL008W,0,-8.936096,0.17971333861351013,0.9779999852180481,0.446399986743927
YBR286W,YPR161C,0,-8.937086,0.17968031764030457,0.9779999852180481,0.4465000033378601
YLR348C,YLR297W,0,-8.937142,0.1796473115682602,0.9779999852180481,0.4465999901294708
YJR121W,YKL211C,0,-8.937241,0.17961432039737701,0.9779999852180481,0.44670000672340393
YER031C,YMR210W,0,-8.937608,0.17958134412765503,0.9779999852180481,0.44679999351501465
YNL059C,YMR210W,0,-8.937701,0.17954836785793304,0.9779999852180481,0.44690001010894775
YKR048C,YLR372W,0,-8.938646,0.17951542139053345,0.9779999852180481,0.44699999690055847
YMR228W,YCR084C,0,-8.938964,0.17948247492313385,0.9779999852180481,0.4471000134944916
YNR041C,YKL001C,0,-8.939105,0.17944954335689545,0.9779999852180481,0.4472000002861023
YOL077W-A,YMR199W,0,-8.939113,0.17941662669181824,0.9779999852180481,0.447299987077713
YHR164C,YGR042W,0,-8.939408,0.17938371002674103,0.9779999852180481,0.4474000036716461
YDR399W,YLL027W,0,-8.939457,0.1793508231639862,0.9779999852180481,0.44749999046325684
YJR147W,YOL102C,0,-8.939502,0.17931793630123138,0.9779999852180481,0.44760000705718994
YER112W,YIL106W,0,-8.940438,0.17928506433963776,0.9779999852180481,0.44769999384880066
YGR109W-B,YPL257W-B,0,-8.940458,0.17925219237804413,0.9779999852180481,0.44780001044273376
YKL018W,YDR170W-A,0,-8.940644,0.1792193502187729,0.9779999852180481,0.4478999972343445
YPL018W,YNL146W,0,-8.940855,0.17918650805950165,0.9779999852180481,0.4480000138282776
YFR044C,YJR045C,0,-8.941109,0.1791536957025528,0.9779999852180481,0.4481000006198883
YHR193C,YKL134C,0,-8.941138,0.17912088334560394,0.9779999852180481,0.448199987411499
YGR175C,YER180C-A,0,-8.941141,0.17908808588981628,0.9779999852180481,0.44830000400543213
YLR098C,YGL142C,0,-8.941539,0.17905528843402863,0.9779999852180481,0.44839999079704285
YBR290W,YMR040W,0,-8.942907,0.17902252078056335,0.9779999852180481,0.44850000739097595
YPL076W,YBL050W,0,-8.94293,0.17898975312709808,0.9779999852180481,0.44859999418258667
YLR256W,YMR059W,0,-8.943769,0.178957000374794,0.9779999852180481,0.4487000107765198
YER040W,YBR098W,0,-8.943937,0.17892426252365112,0.9779999852180481,0.4487999975681305
YOR173W,YJL166W,0,-8.945784,0.17889152467250824,0.9779999852180481,0.4489000141620636
YGL066W,YMR101C,0,-8.946736,0.17885881662368774,0.9779999852180481,0.4490000009536743
YCL027W,YLR427W,0,-8.946907,0.17882610857486725,0.9779999852180481,0.44909998774528503
YBR146W,YKL156W,0,-8.947139,0.17879341542720795,0.9779999852180481,0.44920000433921814
YGR213C,YKL088W,0,-8.948747,0.17876073718070984,0.9779999852180481,0.44929999113082886
YDL066W,YJR007W,0,-8.948829,0.17872807383537292,0.9779999852180481,0.44940000772476196
YDR183W,YDL217C,0,-8.949306,0.178695410490036,0.9779999852180481,0.4494999945163727
YJL051W,YLR263W,0,-8.949409,0.1786627620458603,0.9779999852180481,0.4496000111103058
YAL040C,YLR222C,0,-8.950565,0.17863014340400696,0.9779999852180481,0.4496999979019165
YPL049C,YLR451W,0,-8.950999,0.17859750986099243,0.9779999852180481,0.4498000144958496
YPR200C,YGR087C,0,-8.951023,0.1785649061203003,0.9779999852180481,0.4499000012874603
YLR210W,YNL154C,0,-8.951298,0.17853231728076935,0.9779999852180481,0.44999998807907104
YNL073W,YNL044W,0,-8.951323,0.1784997284412384,0.9779999852180481,0.45010000467300415
YBR159W,YKR097W,0,-8.952413,0.17846715450286865,0.9779999852180481,0.45019999146461487
YOR127W,YGR229C,0,-8.952669,0.1784345954656601,0.9779999852180481,0.450300008058548
YBR199W,YLR070C,0,-8.952958,0.17840203642845154,0.9779999852180481,0.4503999948501587
YDR216W,YML014W,0,-8.952961,0.17836950719356537,0.9779999852180481,0.4505000114440918
YFL025C,YPL031C,0,-8.953977,0.1783369779586792,0.9779999852180481,0.4505999982357025
YIL110W,YLR410W-A,0,-8.954294,0.17830446362495422,0.9779999852180481,0.4507000148296356
YLL026W,YGR132C,0,-8.95446,0.17827196419239044,0.9779999852180481,0.45080000162124634
YHR141C,YOR086C,0,-8.954685,0.17823947966098785,0.9779999852180481,0.45089998841285706
YGR166W,YOR313C,0,-8.955088,0.17820699512958527,0.9779999852180481,0.45100000500679016
YJL187C,YDR210C-D,0,-8.955625,0.17817452549934387,0.9779999852180481,0.4510999917984009
YDR130C,YKL082C,0,-8.955976,0.17814207077026367,0.9779999852180481,0.451200008392334
YGR157W,YKL141W,0,-8.956254,0.17810963094234467,0.9779999852180481,0.4512999951839447
YBL105C,YOR357C,0,-8.956854,0.17807720601558685,0.9779999852180481,0.4514000117778778
YOR295W,YJR133W,0,-8.957332,0.17804478108882904,0.9779999852180481,0.4514999985694885
YER038C,YFR006W,0,-8.95735,0.17801237106323242,0.9779999852180481,0.45159998536109924
YBR070C,YJL090C,0,-8.957808,0.177979975938797,0.9779999852180481,0.45170000195503235
YER138C,YKR078W,0,-8.957921,0.17794759571552277,0.9779999852180481,0.45179998874664307
YAR018C,YDR260C,0,-8.958182,0.17791523039340973,0.9779999852180481,0.45190000534057617
YOL117W,YER072W,0,-8.958468,0.1778828650712967,0.9779999852180481,0.4519999921321869
YDL227C,YNL294C,0,-8.959183,0.17785051465034485,0.9779999852180481,0.45210000872612
YOR346W,YGR027W-B,0,-8.959351,0.1778181791305542,0.9779999852180481,0.4521999955177307
YMR212C,YBL016W,0,-8.959416,0.17778585851192474,0.9779999852180481,0.4523000121116638
YBL082C,YLR135W,0,-8.959729,0.1777535378932953,0.9779999852180481,0.45239999890327454
YDR313C,YLR132C,0,-8.960124,0.17772124707698822,0.9779999852180481,0.45249998569488525
YKL197C,YMR099C,0,-8.961479,0.17768895626068115,0.9779999852180481,0.45260000228881836
YDL153C,YBR080C,0,-8.961579,0.17765668034553528,0.9779999852180481,0.4526999890804291
YPR185W,YGR224W,0,-8.961844,0.1776244044303894,0.9779999852180481,0.4528000056743622
YLR227C,YCR036W,0,-8.962215,0.17759215831756592,0.9779999852180481,0.4528999924659729
YDR023W,YJL176C,0,-8.962543,0.17755991220474243,0.9779999852180481,0.453000009059906
YOL155C,YOL116W,0,-8.962922,0.17752768099308014,0.9779999852180481,0.4530999958515167
YMR153W,YNL317W,0,-8.962926,0.17749546468257904,0.9779999852180481,0.45320001244544983
YIL079C,YGR171C,0,-8.963164,0.17746324837207794,0.9779999852180481,0.45329999923706055
YOR150W,YNR053C,1,-8.963535,0.17761248350143433,0.9789999723434448,0.45329999923706055
YIL122W,YJR027W,0,-8.963567,0.17758026719093323,0.9789999723434448,0.45339998602867126
YJL179W,YOR343W-A,0,-8.963608,0.17754806578159332,0.9789999723434448,0.45350000262260437
YGL206C,YML037C,0,-8.9637165,0.17751586437225342,0.9789999723434448,0.4535999894142151
YOR147W,YGR116W,0,-8.96412,0.1774836778640747,0.9789999723434448,0.4537000060081482
YLR193C,YLR130C,0,-8.964473,0.1774515062570572,0.9789999723434448,0.4537999927997589
YJL039C,YNR047W,0,-8.964689,0.17741934955120087,0.9789999723434448,0.453900009393692
YGR020C,YDR531W,0,-8.965698,0.17738720774650574,0.9789999723434448,0.45399999618530273
YBR176W,YLR064W,0,-8.966709,0.1773550659418106,0.9789999723434448,0.45410001277923584
YDL107W,YDL213C,0,-8.967059,0.17732295393943787,0.9789999723434448,0.45419999957084656
YGR286C,YDR210W-B,0,-8.967599,0.17729084193706512,0.9789999723434448,0.4542999863624573
YLR291C,YBR089C-A,0,-8.968265,0.17725872993469238,0.9789999723434448,0.4544000029563904
YFR005C,YCL008C,0,-8.968287,0.17722664773464203,0.9789999723434448,0.4544999897480011
YML036W,YHR015W,0,-8.968965,0.17719456553459167,0.9789999723434448,0.4546000063419342
YDR402C,YJR123W,0,-8.970266,0.17716249823570251,0.9789999723434448,0.4546999931335449
YLR160C,YDR472W,0,-8.970399,0.17713044583797455,0.9789999723434448,0.454800009727478
YJL170C,YNR013C,0,-8.970735,0.17709840834140778,0.9789999723434448,0.45489999651908875
YFR030W,YLL023C,0,-8.971152,0.177066370844841,0.9789999723434448,0.45500001311302185
YER026C,YIL035C,0,-8.971654,0.17703436315059662,0.9789999723434448,0.45509999990463257
YBL013W,YJL168C,0,-8.972309,0.17700235545635223,0.9789999723434448,0.4551999866962433
YLR047C,YNL287W,0,-8.972377,0.17697034776210785,0.9789999723434448,0.4553000032901764
YER180C-A,YKL154W,0,-8.972667,0.17693836987018585,0.9789999723434448,0.4553999900817871
YIL120W,YER171W,0,-8.973456,0.17690639197826385,0.9789999723434448,0.4555000066757202
YML075C,YOR122C,0,-8.973699,0.17687442898750305,0.9789999723434448,0.45559999346733093
YGR157W,YDL246C,0,-8.973808,0.17684248089790344,0.9789999723434448,0.45570001006126404
YHR044C,YKL028W,0,-8.973888,0.17681054770946503,0.9789999723434448,0.45579999685287476
YOR128C,YLR308W,0,-8.973975,0.1767786145210266,0.9789999723434448,0.45590001344680786
YGL142C,YLR064W,0,-8.974262,0.17674671113491058,0.9789999723434448,0.4560000002384186
YOL058W,YGR091W,0,-8.974978,0.17671480774879456,0.9789999723434448,0.4560999870300293
YPL231W,YLR013W,0,-8.975055,0.17668290436267853,0.9789999723434448,0.4562000036239624
YDR260C,YGR161W-B,0,-8.975846,0.1766510307788849,0.9789999723434448,0.4562999904155731
YGR253C,YCL032W,0,-8.9767475,0.17661915719509125,0.9789999723434448,0.4564000070095062
YMR153W,YLR354C,0,-8.976834,0.1765872985124588,0.9789999723434448,0.45649999380111694
YOR303W,YJL076W,0,-8.976853,0.17655545473098755,0.9789999723434448,0.45660001039505005
YBL060W,YNR064C,0,-8.977824,0.1765236258506775,0.9789999723434448,0.45669999718666077
YDR219C,YJL047C,0,-8.977872,0.17649179697036743,0.9789999723434448,0.45680001378059387
YPR175W,YDR434W,0,-8.978109,0.17645998299121857,0.9789999723434448,0.4569000005722046
YMR113W,YLR165C,0,-8.978146,0.1764281839132309,0.9789999723434448,0.4569999873638153
YHR058C,YPR158W-B,0,-8.978507,0.17639639973640442,0.9789999723434448,0.4571000039577484
YDL171C,YML118W,0,-8.979093,0.17636461555957794,0.9789999723434448,0.45719999074935913
YOR317W,YML047C,0,-8.979134,0.17633284628391266,0.9789999723434448,0.45730000734329224
YIL082W-A,YIL091C,0,-8.979358,0.17630109190940857,0.9789999723434448,0.45739999413490295
YER165W,YDR217C,0,-8.97958,0.17626935243606567,0.9789999723434448,0.45750001072883606
YKL001C,YGR296W,0,-8.97985,0.17623762786388397,0.9789999723434448,0.4575999975204468
YOL051W,YDR313C,0,-8.980065,0.17620590329170227,0.9789999723434448,0.4577000141143799
YLR330W,YPL275W,0,-8.980475,0.17617419362068176,0.9789999723434448,0.4578000009059906
YOL059W,YHR106W,0,-8.981322,0.17614249885082245,0.9789999723434448,0.4578999876976013
YML072C,YLR447C,0,-8.981552,0.17611080408096313,0.9789999723434448,0.4580000042915344
YOL128C,YER137C-A,0,-8.981701,0.1760791391134262,0.9789999723434448,0.45809999108314514
YGL240W,YLL031C,0,-8.981788,0.17604747414588928,0.9789999723434448,0.45820000767707825
YFL057C,YOR191W,0,-8.982963,0.17601582407951355,0.9789999723434448,0.45829999446868896
YPL204W,YJL030W,0,-8.983624,0.17598417401313782,0.9789999723434448,0.45840001106262207
YDR386W,YGR263C,0,-8.983781,0.17595255374908447,0.9789999723434448,0.4584999978542328
YDL056W,YKL001C,0,-8.983842,0.17592093348503113,0.9789999723434448,0.4586000144481659
YMR001C,YLR354C,0,-8.984162,0.17588932812213898,0.9789999723434448,0.4587000012397766
YIR019C,YFR040W,0,-8.984281,0.17585773766040802,0.9789999723434448,0.45879998803138733
YPR006C,YJR118C,0,-8.984544,0.17582614719867706,0.9789999723434448,0.45890000462532043
YHR111W,YPR158W-A,0,-8.984628,0.1757945716381073,0.9789999723434448,0.45899999141693115
YOR306C,YLL032C,0,-8.9863205,0.17576301097869873,0.9789999723434448,0.45910000801086426
YMR038C,YGR239C,0,-8.986334,0.17573146522045135,0.9789999723434448,0.459199994802475
YLR192C,YOR343W-A,0,-8.98649,0.17569993436336517,0.9789999723434448,0.4593000113964081
YER055C,YER151C,0,-8.98701,0.175668403506279,0.9789999723434448,0.4593999981880188
YER017C,YLR147C,0,-8.987405,0.175636887550354,0.9789999723434448,0.4595000147819519
YBR176W,YCL074W,0,-8.987702,0.1756053864955902,0.9789999723434448,0.4596000015735626
YFL010W-A,YPL270W,0,-8.987728,0.17557388544082642,0.9789999723434448,0.45969998836517334
YML023C,YBR294W,0,-8.988122,0.17554239928722382,0.9789999723434448,0.45980000495910645
YNL297C,YBR141C,0,-8.988433,0.1755109429359436,0.9789999723434448,0.45989999175071716
YGR253C,YJR041C,0,-8.988745,0.1754794716835022,0.9789999723434448,0.46000000834465027
YDR251W,YCR102C,0,-8.989743,0.17544803023338318,0.9789999723434448,0.460099995136261
YDR341C,YOL103W-B,0,-8.989949,0.17541658878326416,0.9789999723434448,0.4602000117301941
YCL003W,YDR281C,0,-8.990022,0.17538516223430634,0.9789999723434448,0.4602999985218048
YPL046C,YER160C,0,-8.990034,0.1753537505865097,0.9789999723434448,0.4603999853134155
YPL209C,YPL047W,0,-8.991143,0.17532235383987427,0.9789999723434448,0.46050000190734863
YCR017C,YGR287C,0,-8.991337,0.17529095709323883,0.9789999723434448,0.46059998869895935
YDL122W,YKL010C,0,-8.991389,0.1752595752477646,0.9789999723434448,0.46070000529289246
YGR109C,YAL011W,0,-8.991464,0.17522820830345154,0.9789999723434448,0.4607999920845032
YJR144W,YGL151W,0,-8.992708,0.17519685626029968,0.9789999723434448,0.4609000086784363
YJL113W,YOR175C,0,-8.993435,0.17516550421714783,0.9789999723434448,0.460999995470047
YLR220W,YPR173C,0,-8.993623,0.17513416707515717,0.9789999723434448,0.4611000120639801
YDL002C,YKR079C,0,-8.993627,0.1751028448343277,0.9789999723434448,0.4611999988555908
YER175C,YDR213W,0,-8.993844,0.17507153749465942,0.9789999723434448,0.46129998564720154
YNL175C,YNL284C-B,0,-8.99394,0.17504023015499115,0.9789999723434448,0.46140000224113464
YLL035W,YJL012C-A,0,-8.994378,0.17500893771648407,0.9789999723434448,0.46149998903274536
YJR152W,YJR140C,0,-8.994541,0.17497766017913818,0.9789999723434448,0.46160000562667847
YKL008C,YJL118W,0,-8.994709,0.1749463975429535,0.9789999723434448,0.4616999924182892
YJL062W,YLR301W,0,-8.99511,0.1749151349067688,0.9789999723434448,0.4618000090122223
YOR150W,YBR048W,1,-8.996596,0.17506252229213715,0.9800000190734863,0.4618000090122223
YOL110W,YKR100C,0,-8.996631,0.17503125965595245,0.9800000190734863,0.461899995803833
YJR135C,YOR254C,0,-8.996745,0.17499999701976776,0.9800000190734863,0.4620000123977661
YNL031C,YKL201C,0,-8.9969845,0.17496874928474426,0.9800000190734863,0.46209999918937683
YOR092W,YLR132C,0,-8.997029,0.17493751645088196,0.9800000190734863,0.46219998598098755
YCR075C,YLL023C,0,-8.997063,0.17490629851818085,0.9800000190734863,0.46230000257492065
YLR384C,YDL087C,0,-8.997682,0.17487509548664093,0.9800000190734863,0.46239998936653137
YOR304W,YER165W,0,-8.998213,0.174843892455101,0.9800000190734863,0.4625000059604645
YHR053C,YNL272C,0,-8.99828,0.1748127043247223,0.9800000190734863,0.4625999927520752
YBL056W,YGL059W,0,-8.998371,0.17478151619434357,0.9800000190734863,0.4627000093460083
YKL001C,YNL185C,0,-8.999073,0.17475035786628723,0.9800000190734863,0.462799996137619
YJR150C,YLR441C,0,-8.9992,0.1747191995382309,0.9800000190734863,0.4629000127315521
YDR122W,YNL054W-B,0,-8.999262,0.17468805611133575,0.9800000190734863,0.46299999952316284
YML049C,YJL129C,0,-8.999654,0.1746569275856018,0.9800000190734863,0.46309998631477356
YAR009C,YLR301W,0,-8.999807,0.17462579905986786,0.9800000190734863,0.46320000290870667
YDL222C,YDR146C,0,-9.000164,0.1745946854352951,0.9800000190734863,0.4632999897003174
YNR060W,YDR393W,0,-9.000375,0.17456358671188354,0.9800000190734863,0.4634000062942505
YJR134C,YFL004W,0,-9.000561,0.17453250288963318,0.9800000190734863,0.4634999930858612
YDR184C,YJR040W,0,-9.001845,0.1745014190673828,0.9800000190734863,0.4636000096797943
YNL306W,YGR046W,0,-9.0019455,0.17447036504745483,0.9800000190734863,0.46369999647140503
YKR049C,YCR009C,0,-9.002035,0.17443929612636566,0.9800000190734863,0.46380001306533813
YJL014W,YDR034C-C,0,-9.002189,0.17440825700759888,0.9800000190734863,0.46389999985694885
YER104W,YJL164C,0,-9.002476,0.1743772178888321,0.9800000190734863,0.46399998664855957
YGL033W,YML095C,0,-9.003161,0.1743462085723877,0.9800000190734863,0.4641000032424927
YNR010W,YAL044C,0,-9.003181,0.1743151843547821,0.9800000190734863,0.4641999900341034
YPL010W,YLL032C,0,-9.003298,0.1742841899394989,0.9800000190734863,0.4643000066280365
YPL161C,YOR190W,0,-9.003441,0.1742531955242157,0.9800000190734863,0.4643999934196472
YPL076W,YDR297W,0,-9.003534,0.1742222160100937,0.9800000190734863,0.4645000100135803
YER036C,YML121W,0,-9.003876,0.17419125139713287,0.9800000190734863,0.46459999680519104
YKR035W-A,YNR013C,0,-9.004067,0.17416030168533325,0.9800000190734863,0.46470001339912415
YIL043C,YOL033W,0,-9.004327,0.17412935197353363,0.9800000190734863,0.46480000019073486
YMR153W,YHR111W,0,-9.0051565,0.1740984171628952,0.9800000190734863,0.4648999869823456
YGR038W,YBL025W,0,-9.005287,0.17406749725341797,0.9800000190734863,0.4650000035762787
YER062C,YKL156W,0,-9.005492,0.17403657734394073,0.9800000190734863,0.4650999903678894
YLL015W,YPR190C,0,-9.006236,0.1740056872367859,0.9800000190734863,0.4652000069618225
YAL041W,YNR052C,0,-9.006441,0.17397479712963104,0.9800000190734863,0.4652999937534332
YBL057C,YGL100W,0,-9.00686,0.1739439070224762,0.9800000190734863,0.46540001034736633
YDR005C,YBR119W,0,-9.007333,0.17391304671764374,0.9800000190734863,0.46549999713897705
YOR202W,YIR019C,0,-9.00753,0.17388218641281128,0.9800000190734863,0.46560001373291016
YML099C,YLL011W,0,-9.007803,0.17385134100914001,0.9800000190734863,0.4657000005245209
YPR155C,YDR128W,0,-9.007805,0.17382051050662994,0.9800000190734863,0.4657999873161316
YIL004C,YLL050C,0,-9.00818,0.17378968000411987,0.9800000190734863,0.4659000039100647
YLR353W,YDL170W,0,-9.008212,0.173758864402771,0.9800000190734863,0.4659999907016754
YPL241C,YLR238W,0,-9.008626,0.1737280637025833,0.9800000190734863,0.4661000072956085
YPR082C,YDR034C-C,0,-9.009373,0.17369727790355682,0.9800000190734863,0.46619999408721924
YDR130C,YMR039C,0,-9.009396,0.17366649210453033,0.9800000190734863,0.46630001068115234
YEL036C,YIL122W,0,-9.0094,0.17363572120666504,0.9800000190734863,0.46639999747276306
YKL196C,YER078C,0,-9.009772,0.17360496520996094,0.9800000190734863,0.46650001406669617
YJL134W,YBL061C,0,-9.01009,0.17357420921325684,0.9800000190734863,0.4666000008583069
YBR272C,YDR541C,0,-9.010112,0.17354346811771393,0.9800000190734863,0.4666999876499176
YGL116W,YOR336W,0,-9.010324,0.17351274192333221,0.9800000190734863,0.4668000042438507
YOR355W,YOR045W,0,-9.010726,0.1734820306301117,0.9800000190734863,0.4668999910354614
YBR135W,YGL028C,0,-9.0109625,0.17345133423805237,0.9800000190734863,0.46700000762939453
YLR086W,YFL002W-B,0,-9.011767,0.17342063784599304,0.9800000190734863,0.46709999442100525
YBL063W,YGR132C,0,-9.012184,0.1733899563550949,0.9800000190734863,0.46720001101493835
YCR068W,YMR208W,0,-9.012331,0.17335927486419678,0.9800000190734863,0.4672999978065491
YPL160W,YLL050C,0,-9.012976,0.17332862317562103,0.9800000190734863,0.4674000144004822
YHR023W,YDL217C,0,-9.013422,0.1732979714870453,0.9800000190734863,0.4675000011920929
YOR233W,YKR020W,0,-9.013465,0.17326731979846954,0.9800000190734863,0.4675999879837036
YLR401C,YDR128W,0,-9.013533,0.1732366979122162,0.9800000190734863,0.4677000045776367
YGL168W,YBL057C,0,-9.014389,0.17320607602596283,0.9800000190734863,0.46779999136924744
YNL306W,YLR058C,0,-9.0146,0.17317546904087067,0.9800000190734863,0.46790000796318054
YDL126C,YHR063C,0,-9.014607,0.1731448769569397,0.9800000190734863,0.46799999475479126
YHR117W,YHL008C,0,-9.015107,0.17311428487300873,0.9800000190734863,0.46810001134872437
YNL270C,YPL096C-A,0,-9.015122,0.17308372259140015,0.9800000190734863,0.4681999981403351
YNL230C,YLR113W,0,-9.015197,0.17305314540863037,0.9800000190734863,0.4683000147342682
YLR006C,YPL234C,0,-9.016834,0.17302259802818298,0.9800000190734863,0.4684000015258789
YLR227C,YKL079W,0,-9.0171385,0.1729920506477356,0.9800000190734863,0.4684999883174896
YDL117W,YBR041W,0,-9.01777,0.1729615181684494,0.9800000190734863,0.46860000491142273
YAL055W,YMR267W,0,-9.017801,0.1729310005903244,0.9800000190734863,0.46869999170303345
YDR218C,YDR449C,0,-9.018041,0.1729004979133606,0.9800000190734863,0.46880000829696655
YOR320C,YKR095W-A,0,-9.019345,0.1728699952363968,0.9800000190734863,0.46889999508857727
YJR109C,YBR041W,0,-9.019544,0.17283950746059418,0.9800000190734863,0.4690000116825104
YPL018W,YGL207W,0,-9.01957,0.17280903458595276,0.9800000190734863,0.4690999984741211
YPL200W,YER110C,0,-9.019657,0.17277856171131134,0.9800000190734863,0.4691999852657318
YHR039C,YER050C,0,-9.019713,0.17274810373783112,0.9800000190734863,0.4693000018596649
YHL038C,YGL003C,0,-9.020519,0.17271766066551208,0.9800000190734863,0.46939998865127563
YOR319W,YNR052C,0,-9.021406,0.17268721759319305,0.9800000190734863,0.46950000524520874
YDR231C,YGR175C,0,-9.021888,0.1726568043231964,0.9800000190734863,0.46959999203681946
YPL022W,YNL309W,0,-9.022503,0.17262639105319977,0.9800000190734863,0.46970000863075256
YER045C,YDR163W,0,-9.022754,0.17259597778320312,0.9800000190734863,0.4697999954223633
YNL038W,YHR165C,0,-9.023021,0.17256559431552887,0.9800000190734863,0.4699000120162964
YOR073W,YLR035C-A,0,-9.023203,0.17253521084785461,0.9800000190734863,0.4699999988079071
YHR164C,YNL072W,0,-9.023477,0.17250484228134155,0.9800000190734863,0.4700999855995178
YLR228C,YOR217W,0,-9.02362,0.1724744737148285,0.9800000190734863,0.4702000021934509
YDR402C,YOR056C,0,-9.023944,0.17244413495063782,0.9800000190734863,0.47029998898506165
YGL135W,YIL138C,0,-9.024844,0.17241379618644714,0.9800000190734863,0.47040000557899475
YOR245C,YOR259C,0,-9.02489,0.17238347232341766,0.9800000190734863,0.47049999237060547
YLR188W,YIR022W,0,-9.0248995,0.17235314846038818,0.9800000190734863,0.4706000089645386
YNR072W,YBR028C,0,-9.025066,0.1723228394985199,0.9800000190734863,0.4706999957561493
YCR058C,YLR371W,0,-9.025258,0.1722925454378128,0.9800000190734863,0.4708000123500824
YKR068C,YDR317W,0,-9.025388,0.1722622662782669,0.9800000190734863,0.4708999991416931
YFL024C,YPL012W,0,-9.025662,0.172231987118721,0.9800000190734863,0.47099998593330383
YDR046C,YGR005C,0,-9.025726,0.1722017228603363,0.9800000190734863,0.47110000252723694
YKL173W,YOR297C,0,-9.025743,0.1721714735031128,0.9800000190734863,0.47119998931884766
YDR512C,YOR244W,0,-9.026694,0.17214122414588928,0.9800000190734863,0.47130000591278076
YDL024C,YMR137C,0,-9.027007,0.17211098968982697,0.9800000190734863,0.4713999927043915
YGR292W,YPL124W,0,-9.027093,0.17208077013492584,0.9800000190734863,0.4715000092983246
YDR182W,YMR309C,0,-9.027186,0.1720505654811859,0.9800000190734863,0.4715999960899353
YNL240C,YPR158W-A,0,-9.028796,0.17202036082744598,0.9800000190734863,0.4717000126838684
YER089C,YOR014W,0,-9.028938,0.17199017107486725,0.9800000190734863,0.4717999994754791
YOR035C,YHR048W,0,-9.029148,0.1719599962234497,0.9800000190734863,0.47189998626708984
YOR358W,YNL036W,0,-9.029406,0.17192982137203217,0.9800000190734863,0.47200000286102295
YOL009C,YOL069W,0,-9.029551,0.17189966142177582,0.9800000190734863,0.47209998965263367
YMR272C,YLR346C,0,-9.029883,0.17186951637268066,0.9800000190734863,0.4722000062465668
YIL138C,YKL024C,0,-9.030048,0.1718393862247467,0.9800000190734863,0.4722999930381775
YJL122W,YOL077W-A,0,-9.030383,0.17180925607681274,0.9800000190734863,0.4724000096321106
YGR188C,YPR111W,0,-9.030394,0.17177914083003998,0.9800000190734863,0.4724999964237213
YMR199W,YCR097W,0,-9.030988,0.1717490404844284,0.9800000190734863,0.4726000130176544
YPL097W,YNL036W,0,-9.031198,0.17171894013881683,0.9800000190734863,0.47269999980926514
YIR002C,YDR140W,0,-9.031681,0.17168885469436646,0.9800000190734863,0.47279998660087585
YJL122W,YPL134C,0,-9.031938,0.17165878415107727,0.9800000190734863,0.47290000319480896
YGL148W,YJL051W,0,-9.0319395,0.17162872850894928,0.9800000190734863,0.4729999899864197
YMR113W,YOR054C,0,-9.032075,0.1715986728668213,0.9800000190734863,0.4731000065803528
YER175C,YDR259C,0,-9.0324135,0.1715686321258545,0.9800000190734863,0.4731999933719635
YOR086C,YPL214C,0,-9.032445,0.1715385913848877,0.9800000190734863,0.4733000099658966
YHR077C,YBR035C,0,-9.032815,0.1715085804462433,0.9800000190734863,0.4733999967575073
YDR235W,YCR073C,0,-9.03338,0.17147856950759888,0.9800000190734863,0.47350001335144043
YBL026W,YBR193C,0,-9.033683,0.17144855856895447,0.9800000190734863,0.47360000014305115
YDR121W,YNR011C,0,-9.033874,0.17141857743263245,0.9800000190734863,0.47369998693466187
YNR056C,YPL133C,0,-9.03394,0.17138859629631042,0.9800000190734863,0.47380000352859497
YGL145W,YDR207C,0,-9.034064,0.1713586300611496,0.9800000190734863,0.4738999903202057
YGL096W,YKL211C,0,-9.03479,0.17132867872714996,0.9800000190734863,0.4740000069141388
YCR017C,YDR457W,0,-9.035598,0.17129872739315033,0.9800000190734863,0.4740999937057495
YOL038W,YLR059C,0,-9.036186,0.1712687909603119,0.9800000190734863,0.4742000102996826
YLR088W,YJL129C,0,-9.0362835,0.17123885452747345,0.9800000190734863,0.47429999709129333
YER166W,YDR110W,0,-9.036457,0.1712089478969574,0.9800000190734863,0.47440001368522644
YNL241C,YDR065W,0,-9.036827,0.17117904126644135,0.9800000190734863,0.47450000047683716
YHR183W,YJL039C,0,-9.036914,0.1711491495370865,0.9800000190734863,0.4745999872684479
YHR194W,YNL169C,0,-9.03765,0.17111925780773163,0.9800000190734863,0.474700003862381
YOL012C,YOL154W,0,-9.038418,0.17108938097953796,0.9800000190734863,0.4747999906539917
YPR081C,YPL074W,0,-9.038792,0.1710595190525055,0.9800000190734863,0.4749000072479248
YCL038C,YMR207C,0,-9.039034,0.17102967202663422,0.9800000190734863,0.4749999940395355
YFR009W,YPL124W,0,-9.039269,0.17099982500076294,0.9800000190734863,0.47510001063346863
YPL242C,YOR153W,0,-9.039616,0.17096999287605286,0.9800000190734863,0.47519999742507935
YBR162W-A,YPR003C,0,-9.040063,0.17094017565250397,0.9800000190734863,0.47530001401901245
YLR417W,YNL044W,0,-9.041406,0.17091035842895508,0.9800000190734863,0.47540000081062317
YKR099W,YMR145C,0,-9.041535,0.17088055610656738,0.9800000190734863,0.4754999876022339
YCR036W,YLR050C,0,-9.041813,0.17085076868534088,0.9800000190734863,0.475600004196167
YGL054C,YPR168W,0,-9.042161,0.17082098126411438,0.9800000190734863,0.4756999909877777
YOR185C,YNL213C,0,-9.042415,0.17079122364521027,0.9800000190734863,0.4758000075817108
YIL048W,YNR048W,0,-9.043097,0.17076145112514496,0.9800000190734863,0.47589999437332153
YAR014C,YDR320C-A,0,-9.043153,0.17073170840740204,0.9800000190734863,0.47600001096725464
YEL016C,YLR417W,0,-9.043432,0.17070196568965912,0.9800000190734863,0.47609999775886536
YCR057C,YOR008C,0,-9.043582,0.1706722378730774,0.9800000190734863,0.47620001435279846
YDR073W,YER072W,0,-9.04453,0.17064252495765686,0.9800000190734863,0.4763000011444092
YPR128C,YLR039C,0,-9.045187,0.17061281204223633,0.9800000190734863,0.4763999879360199
YLR266C,YPL031C,0,-9.04602,0.170583114027977,0.9800000190734863,0.476500004529953
YDR003W,YKL108W,0,-9.0460615,0.17055343091487885,0.9800000190734863,0.4765999913215637
YOR319W,YGL157W,0,-9.046425,0.1705237478017807,0.9800000190734863,0.4767000079154968
YDR104C,YOL006C,0,-9.046898,0.17049407958984375,0.9800000190734863,0.47679999470710754
YMR170C,YMR081C,0,-9.047418,0.170464426279068,0.9800000190734863,0.47690001130104065
YKL025C,YGL062W,0,-9.04921,0.17043478786945343,0.9800000190734863,0.47699999809265137
YNL073W,YKL006C-A,0,-9.049996,0.17040514945983887,0.9800000190734863,0.4771000146865845
YDR309C,YDL207W,0,-9.050039,0.1703755259513855,0.9800000190734863,0.4772000014781952
YNL261W,YKL174C,0,-9.050328,0.17034590244293213,0.9800000190734863,0.4772999882698059
YGR036C,YDR244W,0,-9.050537,0.17031630873680115,0.9800000190734863,0.477400004863739
YLR023C,YIL122W,0,-9.050603,0.17028670012950897,0.9800000190734863,0.47749999165534973
YIR033W,YCL033C,0,-9.050635,0.17025712132453918,0.9800000190734863,0.47760000824928284
YDL210W,YMR099C,0,-9.0511055,0.1702275425195694,0.9800000190734863,0.47769999504089355
YGR057C,YAL016W,0,-9.051326,0.1701979786157608,0.9800000190734863,0.47780001163482666
YNL186W,YGL095C,0,-9.051915,0.1701684296131134,0.9800000190734863,0.4778999984264374
YHR023W,YDR080W,0,-9.052147,0.1701388955116272,0.9800000190734863,0.4779999852180481
YGL105W,YCR045C,0,-9.052423,0.170109361410141,0.9800000190734863,0.4781000018119812
YGL225W,YMR050C,0,-9.052834,0.17007982730865479,0.9800000190734863,0.4781999886035919
YML101C,YHR167W,0,-9.053447,0.17005032300949097,0.9800000190734863,0.478300005197525
YML123C,YDL130W-A,0,-9.05403,0.17002081871032715,0.9800000190734863,0.47839999198913574
YDR137W,YJR129C,0,-9.054264,0.16999132931232452,0.9800000190734863,0.47850000858306885
YNL111C,YDL210W,0,-9.054276,0.1699618399143219,0.9800000190734863,0.47859999537467957
YLR028C,YBR248C,0,-9.05428,0.16993238031864166,0.9800000190734863,0.47870001196861267
YDR318W,YKL171W,0,-9.0545225,0.16990290582180023,0.9800000190734863,0.4787999987602234
YOR319W,YFL034C-B,0,-9.055013,0.1698734611272812,0.9800000190734863,0.4788999855518341
YIR004W,YGR211W,0,-9.056242,0.16984401643276215,0.9800000190734863,0.4790000021457672
YKL008C,YBL087C,0,-9.056256,0.1698145866394043,0.9800000190734863,0.47909998893737793
YNL058C,YNL213C,0,-9.05672,0.16978517174720764,0.9800000190734863,0.47920000553131104
YPL200W,YLR260W,0,-9.0568495,0.169755756855011,0.9800000190734863,0.47929999232292175
YBR213W,YFL026W,0,-9.057715,0.16972635686397552,0.9800000190734863,0.47940000891685486
YMR202W,YJL113W,0,-9.057725,0.16969697177410126,0.9800000190734863,0.4794999957084656
YLR265C,YDR100W,0,-9.057871,0.169667586684227,0.9800000190734863,0.4796000123023987
YGL246C,YGR203W,0,-9.058072,0.16963821649551392,0.9800000190734863,0.4796999990940094
YNL270C,YAR033W,0,-9.05891,0.16960886120796204,0.9800000190734863,0.4797999858856201
YDR054C,YCL034W,0,-9.05909,0.16957950592041016,0.9800000190734863,0.4799000024795532
YJL048C,YLR298C,0,-9.059161,0.16955018043518066,0.9800000190734863,0.47999998927116394
YDL222C,YFR052W,0,-9.059586,0.16952084004878998,0.9800000190734863,0.48010000586509705
YMR303C,YOR010C,0,-9.059947,0.16949152946472168,0.9800000190734863,0.48019999265670776
YOR150W,YGR214W,1,-9.060798,0.1696351319551468,0.9810000061988831,0.48019999265670776
YBR078W,YML091C,0,-9.060843,0.1696058064699173,0.9810000061988831,0.48030000925064087
YGL070C,YDR349C,0,-9.061039,0.169576495885849,0.9810000061988831,0.4803999960422516
YPL169C,YDR140W,0,-9.061072,0.1695471853017807,0.9810000061988831,0.4805000126361847
YDR235W,YMR230W,0,-9.061364,0.1695178896188736,0.9810000061988831,0.4805999994277954
YDR206W,YOR044W,0,-9.061777,0.1694885939359665,0.9810000061988831,0.48069998621940613
YMR266W,YPL124W,0,-9.061874,0.16945931315422058,0.9810000061988831,0.48080000281333923
YGL099W,YMR043W,0,-9.06295,0.16943004727363586,0.9810000061988831,0.48089998960494995
YBR290W,YLR040C,0,-9.063386,0.16940079629421234,0.9810000061988831,0.48100000619888306
YDL076C,YLR455W,0,-9.06419,0.16937154531478882,0.9810000061988831,0.4810999929904938
YIL076W,YOR142W-B,0,-9.064202,0.1693423092365265,0.9810000061988831,0.4812000095844269
YDR216W,YLR029C,0,-9.066008,0.16931308805942535,0.9810000061988831,0.4812999963760376
YLR307W,YDR518W,0,-9.066537,0.16928386688232422,0.9810000061988831,0.4814000129699707
YDL069C,YLR019W,0,-9.066962,0.16925466060638428,0.9810000061988831,0.4814999997615814
YBR145W,YNL055C,0,-9.067247,0.16922545433044434,0.9810000061988831,0.48159998655319214
YML048W,YDR394W,0,-9.06725,0.16919627785682678,0.9810000061988831,0.48170000314712524
YLR035C,YGL131C,0,-9.067387,0.16916710138320923,0.9810000061988831,0.48179998993873596
YNL251C,YHR106W,0,-9.067441,0.16913792490959167,0.9810000061988831,0.48190000653266907
YHR091C,YKL116C,0,-9.06775,0.1691087782382965,0.9810000061988831,0.4819999933242798
YHR015W,YGL067W,0,-9.067769,0.16907963156700134,0.9810000061988831,0.4821000099182129
YCR018C,YOR088W,0,-9.067974,0.16905048489570618,0.9810000061988831,0.4821999967098236
YOR099W,YMR236W,0,-9.068256,0.1690213680267334,0.9810000061988831,0.4823000133037567
YBR152W,YDR395W,0,-9.068466,0.16899225115776062,0.9810000061988831,0.48240000009536743
YOR320C,YCR071C,0,-9.068496,0.16896313428878784,0.9810000061988831,0.48249998688697815
YGR258C,YGR141W,0,-9.068927,0.16893404722213745,0.9810000061988831,0.48260000348091125
YDL226C,YNL213C,0,-9.069101,0.16890496015548706,0.9810000061988831,0.482699990272522
YHR115C,YKR039W,0,-9.069262,0.16887588798999786,0.9810000061988831,0.4828000068664551
YBR080C,YLR020C,0,-9.070104,0.16884681582450867,0.9810000061988831,0.4828999936580658
YGR023W,YKR031C,0,-9.07105,0.16881775856018066,0.9810000061988831,0.4830000102519989
YLR355C,YDR034C-C,0,-9.071665,0.16878871619701385,0.9810000061988831,0.4830999970436096
YBR245C,YLR188W,0,-9.072122,0.16875967383384705,0.9810000061988831,0.4832000136375427
YDR295C,YDR027C,0,-9.072766,0.16873064637184143,0.9810000061988831,0.48330000042915344
YNL232W,YIL013C,0,-9.074414,0.168701633810997,0.9810000061988831,0.48339998722076416
YHR092C,YGR095C,0,-9.074983,0.1686726212501526,0.9810000061988831,0.48350000381469727
YGL167C,YMR233W,0,-9.075153,0.16864362359046936,0.9810000061988831,0.483599990606308
YNL154C,YOR172W,0,-9.076443,0.16861464083194733,0.9810000061988831,0.4837000072002411
YER044C,YPL006W,0,-9.076507,0.1685856729745865,0.9810000061988831,0.4837999939918518
YLR318W,YBR216C,0,-9.076644,0.16855670511722565,0.9810000061988831,0.4839000105857849
YLR303W,YHR004C,0,-9.076809,0.1685277372598648,0.9810000061988831,0.48399999737739563
YPL200W,YDL095W,0,-9.077012,0.16849879920482635,0.9810000061988831,0.48410001397132874
YIL044C,YGR109C,0,-9.077019,0.1684698611497879,0.9810000061988831,0.48420000076293945
YLL015W,YKL049C,0,-9.077573,0.16844093799591064,0.9810000061988831,0.48429998755455017
YKR095W-A,YIL042C,0,-9.07822,0.1684120148420334,0.9810000061988831,0.4844000041484833
YPL076W,YPL151C,0,-9.078542,0.16838310658931732,0.9810000061988831,0.484499990940094
YHR044C,YGL095C,0,-9.079755,0.16835421323776245,0.9810000061988831,0.4846000075340271
YOR116C,YDR104C,0,-9.079985,0.16832531988620758,0.9810000061988831,0.4846999943256378
YBL016W,YOR354C,0,-9.0800085,0.1682964414358139,0.9810000061988831,0.4848000109195709
YPL023C,YER149C,0,-9.080285,0.16826757788658142,0.9810000061988831,0.48489999771118164
YKL178C,YOL028C,0,-9.080765,0.16823872923851013,0.9810000061988831,0.48500001430511475
YFL029C,YLR006C,0,-9.080963,0.16820988059043884,0.9810000061988831,0.48510000109672546
YER104W,YDR348C,0,-9.081275,0.16818103194236755,0.9810000061988831,0.4851999878883362
YDL107W,YBR127C,0,-9.08181,0.16815221309661865,0.9810000061988831,0.4853000044822693
YOL155C,YPR098C,0,-9.082172,0.16812339425086975,0.9810000061988831,0.48539999127388
YHR123W,YFR001W,0,-9.082414,0.16809459030628204,0.9810000061988831,0.4855000078678131
YML123C,YBR165W,0,-9.082479,0.16806578636169434,0.9810000061988831,0.48559999465942383
YDL099W,YDR402C,0,-9.083649,0.16803699731826782,0.9810000061988831,0.48570001125335693
YBR103W,YPL206C,0,-9.084729,0.1680082231760025,0.9810000061988831,0.48579999804496765
YDL029W,YDL212W,0,-9.08522,0.16797944903373718,0.9810000061988831,0.48590001463890076
YHR094C,YDR503C,0,-9.085776,0.16795068979263306,0.9810000061988831,0.4860000014305115
YOR197W,YMR236W,0,-9.085795,0.16792194545269012,0.9810000061988831,0.4860999882221222
YDR397C,YPL159C,0,-9.086528,0.1678932011127472,0.9810000061988831,0.4862000048160553
YOR027W,YBR030W,0,-9.086545,0.16786447167396545,0.9810000061988831,0.486299991607666
YOR145C,YPR055W,0,-9.086767,0.1678357571363449,0.9810000061988831,0.4864000082015991
YOR254C,YOR357C,0,-9.087401,0.16780704259872437,0.9810000061988831,0.48649999499320984
YGL067W,YDL118W,0,-9.087471,0.16777834296226501,0.9810000061988831,0.48660001158714294
YLR427W,YGL122C,0,-9.087496,0.16774965822696686,0.9810000061988831,0.48669999837875366
YGR261C,YKR083C,0,-9.087524,0.1677209734916687,0.9810000061988831,0.4867999851703644
YGL241W,YLL056C,0,-9.087691,0.16769230365753174,0.9810000061988831,0.4869000017642975
YGL190C,YMR073C,0,-9.087806,0.16766364872455597,0.9810000061988831,0.4869999885559082
YMR277W,YFL052W,0,-9.08817,0.1676349937915802,0.9810000061988831,0.4871000051498413
YMR023C,YAR009C,0,-9.088376,0.16760635375976562,0.9810000061988831,0.487199991941452
YMR198W,YPL141C,0,-9.088619,0.16757772862911224,0.9810000061988831,0.48730000853538513
YLR100W,YGR170W,0,-9.088893,0.16754910349845886,0.9810000061988831,0.48739999532699585
YPR188C,YNL213C,0,-9.08902,0.16752049326896667,0.9810000061988831,0.48750001192092896
YDR237W,YJL176C,0,-9.089511,0.1674918830394745,0.9810000061988831,0.4875999987125397
YOL136C,YCL020W,0,-9.090506,0.1674633026123047,0.9810000061988831,0.4876999855041504
YOR128C,YDR402C,0,-9.090692,0.1674347221851349,0.9810000061988831,0.4878000020980835
YIL019W,YDR407C,0,-9.091255,0.1674061417579651,0.9810000061988831,0.4878999888896942
YGL075C,YNL231C,0,-9.09131,0.16737757623195648,0.9810000061988831,0.4880000054836273
YDL229W,YDR131C,0,-9.091393,0.16734902560710907,0.9810000061988831,0.48809999227523804
YOL030W,YMR129W,0,-9.091683,0.16732048988342285,0.9810000061988831,0.48820000886917114
YKL184W,YLR424W,0,-9.092963,0.16729195415973663,0.9810000061988831,0.48829999566078186
YLR307W,YKL096W,0,-9.093394,0.1672634333372116,0.9810000061988831,0.48840001225471497
YHR044C,YMR080C,0,-9.09356,0.16723491251468658,0.9810000061988831,0.4884999990463257
YIL115C,YIL173W,0,-9.09442,0.16720640659332275,0.9810000061988831,0.4885999858379364
YNL039W,YDR156W,0,-9.094535,0.16717791557312012,0.9810000061988831,0.4887000024318695
YBR045C,YKL125W,0,-9.094767,0.16714942455291748,0.9810000061988831,0.4887999892234802
YLR459W,YML058W-A,0,-9.094811,0.16712094843387604,0.9810000061988831,0.48890000581741333
YIL015W,YGR231C,0,-9.095074,0.1670924872159958,0.9810000061988831,0.48899999260902405
YDR138W,YNL213C,0,-9.095189,0.16706402599811554,0.9810000061988831,0.48910000920295715
YGR086C,YOL054W,0,-9.096577,0.16703557968139648,0.9810000061988831,0.48919999599456787
YER129W,YKR001C,0,-9.097166,0.16700714826583862,0.9810000061988831,0.489300012588501
YBR159W,YPR164W,0,-9.097426,0.16697871685028076,0.9810000061988831,0.4893999993801117
YGR145W,YPL180W,0,-9.097451,0.1669503003358841,0.9810000061988831,0.4894999861717224
YJL106W,YOL136C,0,-9.097751,0.16692189872264862,0.9810000061988831,0.4896000027656555
YOL165C,YJL156C,0,-9.098367,0.16689349710941315,0.9810000061988831,0.48969998955726624
YLR134W,YPL065W,0,-9.098474,0.16686511039733887,0.9810000061988831,0.48980000615119934
YKL032C,YGR027W-B,0,-9.09938,0.16683673858642578,0.9810000061988831,0.48989999294281006
YIL075C,YMR261C,0,-9.099435,0.1668083667755127,0.9810000061988831,0.49000000953674316
YGR158C,YGL153W,0,-9.099912,0.1667800098657608,0.9810000061988831,0.4900999963283539
YNL129W,YJR033C,0,-9.100104,0.1667516529560089,0.9810000061988831,0.490200012922287
YNL302C,YPL047W,0,-9.100921,0.1667233109474182,0.9810000061988831,0.4902999997138977
YAR050W,YMR273C,0,-9.101033,0.1666949838399887,0.9810000061988831,0.4903999865055084
YIL010W,YLR079W,0,-9.101093,0.1666666716337204,0.9810000061988831,0.49050000309944153
YBR005W,YER098W,0,-9.101186,0.1666383594274521,0.9810000061988831,0.49059998989105225
YCR092C,YKL218C,0,-9.101333,0.16661004722118378,0.9810000061988831,0.49070000648498535
YHR101C,YNL071W,0,-9.10173,0.16658176481723785,0.9810000061988831,0.49079999327659607
YOR336W,YPR101W,0,-9.102239,0.16655348241329193,0.9810000061988831,0.4909000098705292
YKL117W,YIL096C,0,-9.103076,0.1665252149105072,0.9810000061988831,0.4909999966621399
YIL082W-A,YPL105C,0,-9.103539,0.16649694740772247,0.9810000061988831,0.491100013256073
YPL086C,YHR001W,0,-9.103905,0.16646869480609894,0.9810000061988831,0.4912000000476837
YKR024C,YOR150W,1,-9.105023,0.16661010682582855,0.9819999933242798,0.4912000000476837
YKL139W,YBL076C,0,-9.105873,0.16658185422420502,0.9819999933242798,0.49129998683929443
YFR013W,YOR330C,0,-9.105926,0.16655360162258148,0.9819999933242798,0.49140000343322754
YCR003W,YHL028W,0,-9.106218,0.16652534902095795,0.9819999933242798,0.49149999022483826
YLR447C,YJR120W,0,-9.106304,0.1664971113204956,0.9819999933242798,0.49160000681877136
YNL294C,YMR322C,0,-9.106318,0.16646888852119446,0.9819999933242798,0.4916999936103821
YGR113W,YLR080W,0,-9.106366,0.1664406806230545,0.9819999933242798,0.4918000102043152
YBL105C,YNR021W,0,-9.106448,0.16641247272491455,0.9819999933242798,0.4918999969959259
YDL010W,YEL047C,0,-9.106951,0.1663842797279358,0.9819999933242798,0.492000013589859
YBR012W-A,YNR021W,0,-9.107024,0.16635608673095703,0.9819999933242798,0.4921000003814697
YIL048W,YNL246W,0,-9.107476,0.16632790863513947,0.9819999933242798,0.49219998717308044
YGR157W,YIL010W,0,-9.107523,0.1662997454404831,0.9819999933242798,0.49230000376701355
YMR112C,YGR203W,0,-9.107827,0.16627158224582672,0.9819999933242798,0.49239999055862427
YPL200W,YMR160W,0,-9.107895,0.16624343395233154,0.9819999933242798,0.4925000071525574
YJR150C,YEL011W,0,-9.1082325,0.16621530055999756,0.9819999933242798,0.4925999939441681
YLR015W,YPL121C,0,-9.108663,0.16618716716766357,0.9819999933242798,0.4927000105381012
YPR134W,YGL231C,0,-9.108962,0.16615904867649078,0.9819999933242798,0.4927999973297119
YCR027C,YIL076W,0,-9.109368,0.1661309450864792,0.9819999933242798,0.492900013923645
YOL139C,YJR140C,0,-9.109478,0.1661028414964676,0.9819999933242798,0.49300000071525574
YGL061C,YLR467W,0,-9.110051,0.1660747528076172,0.9819999933242798,0.49309998750686646
YNL078W,YMR008C,0,-9.110059,0.16604666411876678,0.9819999933242798,0.49320000410079956
YLR395C,YHR001W,0,-9.110278,0.16601859033107758,0.9819999933242798,0.4932999908924103
YGR041W,YLR008C,0,-9.110379,0.16599053144454956,0.9819999933242798,0.4934000074863434
YPL215W,YHR043C,0,-9.110734,0.16596248745918274,0.9819999933242798,0.4934999942779541
YPL026C,YPL130W,0,-9.112239,0.16593444347381592,0.9819999933242798,0.4936000108718872
YEL036C,YNL147W,0,-9.112286,0.1659063994884491,0.9819999933242798,0.4936999976634979
YLR370C,YER159C-A,0,-9.112436,0.16587838530540466,0.9819999933242798,0.49380001425743103
YPL275W,YGR192C,0,-9.114949,0.16585035622119904,0.9819999933242798,0.49390000104904175
YPR035W,YOR259C,0,-9.115104,0.1658223569393158,0.9819999933242798,0.49399998784065247
YIL040W,YKL139W,0,-9.116535,0.16579435765743256,0.9819999933242798,0.49410000443458557
YKL004W,YML121W,0,-9.11674,0.1657663732767105,0.9819999933242798,0.4941999912261963
YLR190W,YBL028C,0,-9.117109,0.16573840379714966,0.9819999933242798,0.4943000078201294
YOL059W,YMR263W,0,-9.117383,0.1657104343175888,0.9819999933242798,0.4943999946117401
YOR256C,YBR054W,0,-9.11742,0.16568246483802795,0.9819999933242798,0.4945000112056732
YPL048W,YDL116W,0,-9.118427,0.1656545251607895,0.9819999933242798,0.49459999799728394
YML069W,YAR008W,0,-9.118744,0.16562658548355103,0.9819999933242798,0.49470001459121704
YGR217W,YBR297W,0,-9.118886,0.16559864580631256,0.9819999933242798,0.49480000138282776
YLR307W,YGL111W,0,-9.119567,0.16557073593139648,0.9819999933242798,0.4948999881744385
YOL129W,YDR002W,0,-9.120343,0.1655428260564804,0.9819999933242798,0.4950000047683716
YDR384C,YDL080C,0,-9.120776,0.16551491618156433,0.9819999933242798,0.4950999915599823
YBL084C,YBR179C,0,-9.120895,0.16548702120780945,0.9819999933242798,0.4952000081539154
YJL186W,YIL109C,0,-9.121009,0.16545914113521576,0.9819999933242798,0.4952999949455261
YOL137W,YBR082C,0,-9.121033,0.16543126106262207,0.9819999933242798,0.49540001153945923
YNR041C,YLR324W,0,-9.12111,0.16540339589118958,0.9819999933242798,0.49549999833106995
YJL146W,YLL056C,0,-9.121362,0.16537554562091827,0.9819999933242798,0.49559998512268066
YER056C,YDR005C,0,-9.121445,0.16534769535064697,0.9819999933242798,0.49570000171661377
YDR127W,YDR192C,0,-9.121494,0.16531985998153687,0.9819999933242798,0.4957999885082245
YMR180C,YPL204W,0,-9.121573,0.16529203951358795,0.9819999933242798,0.4959000051021576
YOR372C,YOR049C,0,-9.121655,0.16526421904563904,0.9819999933242798,0.4959999918937683
YKL145W,YHR003C,0,-9.122157,0.16523641347885132,0.9819999933242798,0.4961000084877014
YOR249C,YNR055C,0,-9.122277,0.1652086079120636,0.9819999933242798,0.49619999527931213
YJR042W,YJR066W,0,-9.122807,0.16518081724643707,0.9819999933242798,0.49630001187324524
YDR317W,YCR091W,0,-9.122863,0.16515304148197174,0.9819999933242798,0.49639999866485596
YMR131C,YDR392W,0,-9.123071,0.1651252806186676,0.9819999933242798,0.4964999854564667
YFL034C-B,YHR037W,0,-9.123272,0.16509750485420227,0.9819999933242798,0.4966000020503998
YNL331C,YER168C,0,-9.123331,0.16506975889205933,0.9819999933242798,0.4966999888420105
YBR211C,YML006C,0,-9.12354,0.16504201292991638,0.9819999933242798,0.4968000054359436
YBR160W,YLR064W,0,-9.123676,0.16501428186893463,0.9819999933242798,0.4968999922275543
YNL287W,YOR110W,0,-9.123944,0.16498656570911407,0.9819999933242798,0.4970000088214874
YJL090C,YOR233W,0,-9.12408,0.16495884954929352,0.9819999933242798,0.49709999561309814
YCR027C,YBR192W,0,-9.124437,0.16493113338947296,0.9819999933242798,0.49720001220703125
YER157W,YNR012W,0,-9.124566,0.1649034470319748,0.9819999933242798,0.49729999899864197
YFL056C,YER015W,0,-9.124693,0.16487576067447662,0.9819999933242798,0.4973999857902527
YOL165C,YHR034C,0,-9.12489,0.16484807431697845,0.9819999933242798,0.4975000023841858
YNL037C,YDR501W,0,-9.12495,0.16482040286064148,0.9819999933242798,0.4975999891757965
YGL136C,YLR010C,0,-9.125147,0.1647927463054657,0.9819999933242798,0.4977000057697296
YLR284C,YJR129C,0,-9.125215,0.1647651046514511,0.9819999933242798,0.49779999256134033
YGR179C,YCR077C,0,-9.125822,0.16473746299743652,0.9819999933242798,0.49790000915527344
YKL180W,YBR258C,0,-9.125911,0.16470983624458313,0.9819999933242798,0.49799999594688416
YKL049C,YLR166C,0,-9.125924,0.16468220949172974,0.9819999933242798,0.49810001254081726
YOR150W,YOR206W,1,-9.125983,0.1648222655057907,0.9829999804496765,0.49810001254081726
YOR092W,YDL222C,0,-9.126459,0.16479463875293732,0.9829999804496765,0.498199999332428
YJR016C,YDR235W,0,-9.127394,0.16476701200008392,0.9829999804496765,0.4982999861240387
YKL004W,YDR309C,0,-9.127408,0.16473940014839172,0.9829999804496765,0.4984000027179718
YGR222W,YJR026W,0,-9.127503,0.16471180319786072,0.9829999804496765,0.4984999895095825
YGL058W,YKL161C,0,-9.127683,0.1646842062473297,0.9829999804496765,0.4986000061035156
YDL184C,YDR457W,0,-9.127723,0.1646566092967987,0.9829999804496765,0.49869999289512634
YIL048W,YDR287W,0,-9.128696,0.1646290421485901,0.9829999804496765,0.49880000948905945
YKL008C,YNL007C,0,-9.128947,0.16460147500038147,0.9829999804496765,0.49889999628067017
YJL137C,YNL103W,0,-9.1291,0.16457392275333405,0.9829999804496765,0.49900001287460327
YJR052W,YDL244W,0,-9.129686,0.16454637050628662,0.9829999804496765,0.499099999666214
YGR023W,YGR186W,0,-9.129972,0.1645188331604004,0.9829999804496765,0.4991999864578247
YER026C,YDR078C,0,-9.130206,0.16449129581451416,0.9829999804496765,0.4993000030517578
YDR033W,YML049C,0,-9.130466,0.16446377336978912,0.9829999804496765,0.49939998984336853
YNL129W,YDR460W,0,-9.130637,0.16443626582622528,0.9829999804496765,0.49950000643730164
YHR201C,YNL152W,0,-9.130695,0.16440875828266144,0.9829999804496765,0.49959999322891235
YBR211C,YGL126W,0,-9.131244,0.1643812656402588,0.9829999804496765,0.49970000982284546
YDR179C,YDL215C,0,-9.131888,0.16435378789901733,0.9829999804496765,0.4997999966144562
YGR154C,YIL013C,0,-9.132346,0.16432631015777588,0.9829999804496765,0.4999000132083893
YER167W,YJR109C,0,-9.132607,0.16429884731769562,0.9829999804496765,0.5
YML031W,YDR531W,0,-9.132709,0.16427138447761536,0.9829999804496765,0.5001000165939331
YBL097W,YKL049C,0,-9.13289,0.1642439365386963,0.9829999804496765,0.5001999735832214
YJL041W,YCL033C,0,-9.132915,0.16421650350093842,0.9829999804496765,0.5002999901771545
YJR022W,YBL024W,0,-9.134842,0.16418907046318054,0.9829999804496765,0.5004000067710876
YGL005C,YML055W,0,-9.135179,0.16416165232658386,0.9829999804496765,0.5005000233650208
YOR299W,YKR079C,0,-9.135883,0.16413424909114838,0.9829999804496765,0.5005999803543091
YNR013C,YPR165W,0,-9.135918,0.1641068458557129,0.9829999804496765,0.5006999969482422
YDR298C,YNL199C,0,-9.1360035,0.1640794575214386,0.9829999804496765,0.5008000135421753
YLR117C,YPL041C,0,-9.136302,0.1640520691871643,0.9829999804496765,0.5008999705314636
YLR303W,YDR027C,0,-9.136542,0.1640246957540512,0.9829999804496765,0.5009999871253967
YER078C,YPR098C,0,-9.136593,0.1639973372220993,0.9829999804496765,0.5011000037193298
YJL099W,YOR038C,0,-9.136676,0.1639699786901474,0.9829999804496765,0.5012000203132629
YHR132C,YLL035W,0,-9.13708,0.1639426350593567,0.9829999804496765,0.5012999773025513
YPL110C,YOR137C,0,-9.138062,0.16391529142856598,0.9829999804496765,0.5013999938964844
YDL215C,YFR006W,0,-9.138079,0.16388796269893646,0.9829999804496765,0.5015000104904175
YMR281W,YMR272C,0,-9.138339,0.16386064887046814,0.9829999804496765,0.5016000270843506
YOL064C,YJR010W,0,-9.138503,0.16383333504199982,0.9829999804496765,0.5016999840736389
YER062C,YGL066W,0,-9.13873,0.1638060361146927,0.9829999804496765,0.501800000667572
YLR307W,YIL173W,0,-9.138902,0.16377873718738556,0.9829999804496765,0.5019000172615051
YER040W,YJL141C,0,-9.140038,0.16375145316123962,0.9829999804496765,0.5019999742507935
YLR293C,YNL284C-B,0,-9.140683,0.16372418403625488,0.9829999804496765,0.5020999908447266
YOR358W,YMR080C,0,-9.141562,0.16369691491127014,0.9829999804496765,0.5022000074386597
YNR056C,YLL006W,0,-9.142173,0.1636696606874466,0.9829999804496765,0.5023000240325928
YCR087C-A,YDL244W,0,-9.142791,0.16364242136478424,0.9829999804496765,0.5023999810218811
YBR177C,YDL066W,0,-9.144085,0.1636151820421219,0.9829999804496765,0.5024999976158142
YPR081C,YNL081C,0,-9.144086,0.16358795762062073,0.9829999804496765,0.5026000142097473
YFR001W,YJL156C,0,-9.144225,0.16356073319911957,0.9829999804496765,0.5026999711990356
YOL049W,YIL127C,0,-9.144779,0.1635335236787796,0.9829999804496765,0.5027999877929688
YPL018W,YGR288W,0,-9.145249,0.16350631415843964,0.9829999804496765,0.5029000043869019
YPR006C,YMR100W,0,-9.145383,0.16347913444042206,0.9829999804496765,0.503000020980835
YMR129W,YNR004W,0,-9.145912,0.1634519398212433,0.9829999804496765,0.5030999779701233
YHR081W,YMR050C,0,-9.145948,0.1634247750043869,0.9829999804496765,0.5031999945640564
YPR151C,YLR092W,0,-9.146279,0.16339761018753052,0.9829999804496765,0.5033000111579895
YNR020C,YHR123W,0,-9.146779,0.16337044537067413,0.9829999804496765,0.5034000277519226
YOR336W,YKL074C,0,-9.147105,0.16334331035614014,0.9829999804496765,0.5034999847412109
YGL067W,YOL122C,0,-9.147141,0.16331616044044495,0.9829999804496765,0.503600001335144
YER167W,YLL010C,0,-9.147221,0.16328904032707214,0.9829999804496765,0.5037000179290771
YIL049W,YKL078W,0,-9.1474495,0.16326192021369934,0.9829999804496765,0.5037999749183655
YJR016C,YDR545W,0,-9.147728,0.16323480010032654,0.9829999804496765,0.5038999915122986
YLR350W,YAL016W,0,-9.14787,0.16320770978927612,0.9829999804496765,0.5040000081062317
YLR220W,YLL034C,0,-9.147929,0.16318060457706451,0.9829999804496765,0.5041000247001648
YOR315W,YIL172C,0,-9.148196,0.1631535291671753,0.9829999804496765,0.5041999816894531
YCL024W,YIL160C,0,-9.1482115,0.16312645375728607,0.9829999804496765,0.5042999982833862
YMR286W,YOR122C,0,-9.148447,0.16309939324855804,0.9829999804496765,0.5044000148773193
YBR091C,YLR157C-B,0,-9.148678,0.16307233273983002,0.9829999804496765,0.5044999718666077
YNR045W,YPL151C,0,-9.149762,0.16304528713226318,0.9829999804496765,0.5045999884605408
YOR267C,YJR133W,0,-9.150355,0.16301824152469635,0.9829999804496765,0.5047000050544739
YDR380W,YOR308C,0,-9.150517,0.1629912108182907,0.9829999804496765,0.504800021648407
YCR017C,YKL053C-A,0,-9.1508,0.16296419501304626,0.9829999804496765,0.5048999786376953
YPR049C,YGR113W,0,-9.151647,0.16293717920780182,0.9829999804496765,0.5049999952316284
YDR082W,YMR226C,0,-9.152297,0.16291017830371857,0.9829999804496765,0.5051000118255615
YOL139C,YGR275W,0,-9.152362,0.16288317739963531,0.9829999804496765,0.5052000284194946
YBL038W,YDR348C,0,-9.15271,0.16285619139671326,0.9829999804496765,0.505299985408783
YKL005C,YDL147W,0,-9.152978,0.1628292202949524,0.9829999804496765,0.5054000020027161
YLR028C,YGR065C,0,-9.153044,0.16280224919319153,0.9829999804496765,0.5055000185966492
YER074W,YPR137C-B,0,-9.154008,0.16277529299259186,0.9829999804496765,0.5055999755859375
YDR129C,YHR178W,0,-9.154047,0.16274835169315338,0.9829999804496765,0.5056999921798706
YDL231C,YHR003C,0,-9.154651,0.1627214103937149,0.9829999804496765,0.5058000087738037
YPR134W,YPR108W,0,-9.154691,0.16269446909427643,0.9829999804496765,0.5059000253677368
YMR208W,YHR202W,0,-9.154811,0.16266754269599915,0.9829999804496765,0.5059999823570251
YHR001W,YGL249W,0,-9.155301,0.16264063119888306,0.9829999804496765,0.5060999989509583
YAR015W,YNL054W,0,-9.155307,0.16261373460292816,0.9829999804496765,0.5062000155448914
YOR377W,YEL056W,0,-9.155753,0.16258683800697327,0.9829999804496765,0.5062999725341797
YMR306W,YJL048C,0,-9.156228,0.16255994141101837,0.9829999804496765,0.5063999891281128
YBR211C,YDL216C,0,-9.156516,0.16253307461738586,0.9829999804496765,0.5065000057220459
YLR023C,YBR294W,0,-9.157505,0.16250619292259216,0.9829999804496765,0.506600022315979
YLL045C,YOR353C,0,-9.1576805,0.16247934103012085,0.9829999804496765,0.5066999793052673
YJL073W,YLR121C,0,-9.157731,0.16245248913764954,0.9829999804496765,0.5067999958992004
YHR200W,YMR149W,0,-9.158402,0.16242563724517822,0.9829999804496765,0.5069000124931335
YOR095C,YIL138C,0,-9.159032,0.1623988151550293,0.9829999804496765,0.5070000290870667
YBR105C,YDR080W,0,-9.159061,0.16237197816371918,0.9829999804496765,0.507099986076355
YLR395C,YER013W,0,-9.159584,0.16234517097473145,0.9829999804496765,0.5072000026702881
YDR256C,YML018C,0,-9.160071,0.1623183637857437,0.9829999804496765,0.5073000192642212
YJR140C,YNL037C,0,-9.160567,0.16229155659675598,0.9829999804496765,0.5073999762535095
YOR181W,YML125C,0,-9.160966,0.16226477921009064,0.9829999804496765,0.5074999928474426
YCR069W,YMR175W,0,-9.161523,0.1622379869222641,0.9829999804496765,0.5076000094413757
YNL138W,YNR073C,0,-9.161868,0.16221122443675995,0.9829999804496765,0.5077000260353088
YOR313C,YMR304W,0,-9.162784,0.1621844619512558,0.9829999804496765,0.5077999830245972
YDR522C,YBR273C,0,-9.162983,0.16215769946575165,0.9829999804496765,0.5078999996185303
YMR163C,YIL069C,0,-9.163144,0.1621309518814087,0.9829999804496765,0.5080000162124634
YCR098C,YOL033W,0,-9.163478,0.16210421919822693,0.9829999804496765,0.5080999732017517
YGR260W,YAR009C,0,-9.164274,0.16207748651504517,0.9829999804496765,0.5081999897956848
YGR167W,YPL059W,0,-9.164627,0.1620507687330246,0.9829999804496765,0.5083000063896179
YML057W,YMR302C,0,-9.16488,0.16202406585216522,0.9829999804496765,0.508400022983551
YBL020W,YOL117W,0,-9.166379,0.16199736297130585,0.9829999804496765,0.5084999799728394
YLL026W,YGR212W,0,-9.166458,0.16197067499160767,0.9829999804496765,0.5085999965667725
YJR005W,YBL079W,0,-9.166568,0.16194398701190948,0.9829999804496765,0.5087000131607056
YLR085C,YGR033C,0,-9.166714,0.1619173139333725,0.9829999804496765,0.5088000297546387
YMR022W,YKL218C,0,-9.1670065,0.1618906408548355,0.9829999804496765,0.508899986743927
YHR118C,YGR038W,0,-9.167173,0.16186398267745972,0.9829999804496765,0.5090000033378601
YKL101W,YNR013C,0,-9.167183,0.16183733940124512,0.9829999804496765,0.5091000199317932
YPL227C,YPL096C-A,0,-9.16732,0.16181069612503052,0.9829999804496765,0.5091999769210815
YJR094C,YPL002C,0,-9.168434,0.1617840677499771,0.9829999804496765,0.5092999935150146
YGR006W,YOR045W,0,-9.168526,0.1617574393749237,0.9829999804496765,0.5094000101089478
YNL078W,YBR183W,0,-9.16862,0.1617308259010315,0.9829999804496765,0.5095000267028809
YGL191W,YGL012W,0,-9.169712,0.16170422732830048,0.9829999804496765,0.5095999836921692
YKL006W,YPR137C-B,0,-9.169997,0.16167762875556946,0.9829999804496765,0.5097000002861023
YHL004W,YBR284W,0,-9.170096,0.16165104508399963,0.9829999804496765,0.5098000168800354
YJR108W,YLR035C-A,0,-9.171171,0.1616244614124298,0.9829999804496765,0.5098999738693237
YIL094C,YKR096W,0,-9.17176,0.16159789264202118,0.9829999804496765,0.5099999904632568
YML081C-A,YGL067W,0,-9.172001,0.16157133877277374,0.9829999804496765,0.5101000070571899
YNL232W,YDR309C,0,-9.172234,0.1615447849035263,0.9829999804496765,0.510200023651123
YPR200C,YDR240C,0,-9.17285,0.16151824593544006,0.9829999804496765,0.5102999806404114
YGR239C,YDL212W,0,-9.172896,0.16149170696735382,0.9829999804496765,0.5103999972343445
YOL158C,YOL012C,0,-9.1741495,0.16146518290042877,0.9829999804496765,0.5105000138282776
YLR182W,YDR065W,0,-9.1742935,0.16143865883350372,0.9829999804496765,0.5105999708175659
YDR430C,YMR286W,0,-9.174676,0.16141214966773987,0.9829999804496765,0.510699987411499
YJR159W,YLR369W,0,-9.175456,0.1613856554031372,0.9829999804496765,0.5108000040054321
YJL176C,YNL088W,0,-9.175506,0.16135916113853455,0.9829999804496765,0.5109000205993652
YGR230W,YLR222C,0,-9.17568,0.16133268177509308,0.9829999804496765,0.5109999775886536
YOL111C,YKL077W,0,-9.176878,0.1613062024116516,0.9829999804496765,0.5110999941825867
YIL034C,YBL016W,0,-9.177181,0.16127973794937134,0.9829999804496765,0.5112000107765198
YLL056C,YOR084W,0,-9.177496,0.16125327348709106,0.9829999804496765,0.5113000273704529
YCR026C,YML064C,0,-9.177576,0.16122683882713318,0.9829999804496765,0.5113999843597412
YPR035W,YKL064W,0,-9.1783085,0.1612003892660141,0.9829999804496765,0.5115000009536743
YBR083W,YMR099C,0,-9.179103,0.1611739695072174,0.9829999804496765,0.5116000175476074
YLL015W,YCL069W,0,-9.1791525,0.16114753484725952,0.9829999804496765,0.5116999745368958
YDL227C,YDR469W,0,-9.179341,0.16112112998962402,0.9829999804496765,0.5117999911308289
YMR002W,YCR052W,0,-9.1799755,0.16109472513198853,0.9829999804496765,0.511900007724762
YJR047C,YIL115C,0,-9.179999,0.16106832027435303,0.9829999804496765,0.5120000243186951
YMR173W,YOR193W,0,-9.180411,0.16104194521903992,0.9829999804496765,0.5120999813079834
YAL058W,YOR195W,0,-9.182151,0.1610155552625656,0.9829999804496765,0.5121999979019165
YOR303W,YJR129C,0,-9.182386,0.1609891951084137,0.9829999804496765,0.5123000144958496
YKR066C,YGL075C,0,-9.182632,0.16096283495426178,0.9829999804496765,0.5123999714851379
YNL161W,YDR397C,0,-9.18275,0.16093647480010986,0.9829999804496765,0.512499988079071
YDL101C,YNL304W,0,-9.182839,0.16091012954711914,0.9829999804496765,0.5126000046730042
YOR150W,YDR025W,1,-9.183079,0.16104745864868164,0.984000027179718,0.5126000046730042
YBR055C,YDR079C-A,0,-9.183129,0.16102111339569092,0.984000027179718,0.5127000212669373
YBR115C,YNL128W,0,-9.183444,0.1609947681427002,0.984000027179718,0.5127999782562256
YGL012W,YDR303C,0,-9.183444,0.16096842288970947,0.984000027179718,0.5128999948501587
YNL127W,YLR360W,0,-9.183475,0.16094210743904114,0.984000027179718,0.5130000114440918
YPR070W,YOR228C,0,-9.184143,0.1609157770872116,0.984000027179718,0.5131000280380249
YMR113W,YER138C,0,-9.184925,0.16088947653770447,0.984000027179718,0.5131999850273132
YKL190W,YAR008W,0,-9.185844,0.16086316108703613,0.984000027179718,0.5133000016212463
YDR281C,YHR062C,0,-9.185868,0.16083687543869019,0.984000027179718,0.5134000182151794
YLR284C,YGL093W,0,-9.1860075,0.16081058979034424,0.984000027179718,0.5134999752044678
YOL130W,YHL027W,0,-9.186553,0.16078431904315948,0.984000027179718,0.5135999917984009
YOR150W,YKR081C,1,-9.186929,0.16092142462730408,0.9850000143051147,0.5135999917984009
YPR051W,YBR258C,0,-9.187953,0.16089513897895813,0.9850000143051147,0.513700008392334
YBL040C,YJL074C,0,-9.18835,0.16086885333061218,0.9850000143051147,0.5138000249862671
YKL020C,YKR053C,0,-9.18863,0.16084258258342743,0.9850000143051147,0.5138999819755554
YKL011C,YDL222C,0,-9.189352,0.16081632673740387,0.9850000143051147,0.5139999985694885
YMR238W,YOR358W,0,-9.1894,0.1607900708913803,0.9850000143051147,0.5141000151634216
YLR246W,YOR319W,0,-9.191039,0.16076382994651794,0.9850000143051147,0.51419997215271
YPL005W,YDL105W,0,-9.192711,0.16073760390281677,0.9850000143051147,0.5142999887466431
YPR068C,YER044C-A,0,-9.193171,0.1607113778591156,0.9850000143051147,0.5144000053405762
YDR323C,YGR046W,0,-9.193278,0.16068515181541443,0.9850000143051147,0.5145000219345093
YMR303C,YOL051W,0,-9.193668,0.16065894067287445,0.9850000143051147,0.5145999789237976
YDR216W,YBL014C,0,-9.194099,0.16063274443149567,0.9850000143051147,0.5146999955177307
YDR213W,YOR043W,0,-9.194121,0.16060654819011688,0.9850000143051147,0.5148000121116638
YLR129W,YKR097W,0,-9.194461,0.1605803668498993,0.9850000143051147,0.5149000287055969
YDR473C,YBL075C,0,-9.194973,0.1605542004108429,0.9850000143051147,0.5149999856948853
YAL016W,YMR271C,0,-9.195145,0.1605280339717865,0.9850000143051147,0.5151000022888184
YPL038W,YGL244W,0,-9.195358,0.1605018675327301,0.9850000143051147,0.5152000188827515
YMR024W,YDR210C-D,0,-9.196112,0.1604757308959961,0.9850000143051147,0.5152999758720398
YOR044W,YIR002C,0,-9.196509,0.1604495793581009,0.9850000143051147,0.5153999924659729
YJL062W,YFR005C,0,-9.196668,0.16042345762252808,0.9850000143051147,0.515500009059906
YDL216C,YML109W,0,-9.196949,0.16039733588695526,0.9850000143051147,0.5156000256538391
YML071C,YJL219W,0,-9.197437,0.16037121415138245,0.9850000143051147,0.5156999826431274
YGL062W,YJR159W,0,-9.197519,0.16034510731697083,0.9850000143051147,0.5157999992370605
YJL039C,YBR289W,0,-9.197729,0.1603190153837204,0.9850000143051147,0.5159000158309937
YBL005W-A,YBR016W,0,-9.197892,0.16029292345046997,0.9850000143051147,0.515999972820282
YPL023C,YKL132C,0,-9.198538,0.16026684641838074,0.9850000143051147,0.5160999894142151
YDR380W,YLL003W,0,-9.19887,0.1602407693862915,0.9850000143051147,0.5162000060081482
YBR131W,YGL216W,0,-9.199067,0.16021470725536346,0.9850000143051147,0.5163000226020813
YKR082W,YDR073W,0,-9.199307,0.16018864512443542,0.9850000143051147,0.5163999795913696
YBR002C,YLR136C,0,-9.199815,0.16016259789466858,0.9850000143051147,0.5164999961853027
YDR423C,YJR102C,0,-9.199855,0.16013656556606293,0.9850000143051147,0.5166000127792358
YDR470C,YAL002W,0,-9.200067,0.16011053323745728,0.9850000143051147,0.516700029373169
YMR286W,YMR239C,0,-9.20081,0.16008451581001282,0.9850000143051147,0.5167999863624573
YKR008W,YPR016C,0,-9.201157,0.16005849838256836,0.9850000143051147,0.5169000029563904
YER073W,YGL028C,0,-9.201456,0.1600324958562851,0.9850000143051147,0.5170000195503235
YCR038C,YJR028W,0,-9.202655,0.16000649333000183,0.9850000143051147,0.5170999765396118
YDR377W,YDL231C,0,-9.202861,0.15998050570487976,0.9850000143051147,0.5171999931335449
YJL196C,YDR210W-B,0,-9.204106,0.15995453298091888,0.9850000143051147,0.517300009727478
YML019W,YGL098W,0,-9.204391,0.159928560256958,0.9850000143051147,0.5174000263214111
YOR316C,YBL103C,0,-9.20469,0.15990260243415833,0.9850000143051147,0.5174999833106995
YLL001W,YGR213C,0,-9.204788,0.15987664461135864,0.9850000143051147,0.5175999999046326
YAL061W,YLR174W,0,-9.204881,0.15985070168972015,0.9850000143051147,0.5177000164985657
YOR026W,YJR160C,0,-9.2052555,0.15982475876808167,0.9850000143051147,0.517799973487854
YGL075C,YBR114W,0,-9.205424,0.15979883074760437,0.9850000143051147,0.5178999900817871
YPR081C,YGL168W,0,-9.205561,0.15977291762828827,0.9850000143051147,0.5180000066757202
YMR299C,YDR281C,0,-9.205916,0.15974700450897217,0.9850000143051147,0.5181000232696533
YDR205W,YDR243C,0,-9.206124,0.15972109138965607,0.9850000143051147,0.5181999802589417
YGL236C,YGR221C,0,-9.206597,0.15969520807266235,0.9850000143051147,0.5182999968528748
YDL222C,YGL131C,0,-9.206988,0.15966930985450745,0.9850000143051147,0.5184000134468079
YMR275C,YKR095W-A,0,-9.207,0.15964344143867493,0.9850000143051147,0.5184999704360962
YKL093W,YGR170W,0,-9.207003,0.1596175730228424,0.9850000143051147,0.5185999870300293
YNL314W,YHR178W,0,-9.207345,0.1595917046070099,0.9850000143051147,0.5187000036239624
YFL039C,YDL118W,0,-9.207588,0.15956585109233856,0.9850000143051147,0.5188000202178955
YIL072W,YER022W,0,-9.208139,0.15954001247882843,0.9850000143051147,0.5188999772071838
YDR224C,YML014W,0,-9.208249,0.1595141738653183,0.9850000143051147,0.5189999938011169
YJL106W,YGR221C,0,-9.208348,0.15948833525180817,0.9850000143051147,0.51910001039505
YJL122W,YGL198W,0,-9.208531,0.15946252644062042,0.9850000143051147,0.5192000269889832
YPL202C,YGL014W,0,-9.208768,0.15943671762943268,0.9850000143051147,0.5192999839782715
YGL256W,YDR115W,0,-9.208931,0.15941090881824493,0.9850000143051147,0.5194000005722046
YDR244W,YNL107W,0,-9.209919,0.15938511490821838,0.9850000143051147,0.5195000171661377
YIL079C,YBR039W,0,-9.210195,0.15935932099819183,0.9850000143051147,0.519599974155426
YLR223C,YFR040W,0,-9.21059,0.15933354198932648,0.9850000143051147,0.5196999907493591
YIR033W,YKR031C,0,-9.210957,0.15930777788162231,0.9850000143051147,0.5198000073432922
YCL039W,YDL095W,0,-9.211221,0.15928201377391815,0.9850000143051147,0.5199000239372253
YDR430C,YLR332W,0,-9.211349,0.15925626456737518,0.9850000143051147,0.5199999809265137
YOR316C,YJR094C,0,-9.211543,0.15923051536083221,0.9850000143051147,0.5200999975204468
YIL075C,YER180C-A,0,-9.21155,0.15920478105545044,0.9850000143051147,0.5202000141143799
YER178W,YFR005C,0,-9.2115555,0.15917906165122986,0.9850000143051147,0.5202999711036682
YML049C,YML001W,0,-9.211648,0.15915334224700928,0.9850000143051147,0.5203999876976013
YML113W,YPL280W,0,-9.21183,0.1591276228427887,0.9850000143051147,0.5205000042915344
YMR323W,YDL002C,0,-9.21206,0.1591019183397293,0.9850000143051147,0.5206000208854675
YKL057C,YJR099W,0,-9.212186,0.15907622873783112,0.9850000143051147,0.5206999778747559
YPL133C,YOR018W,0,-9.212968,0.15905053913593292,0.9850000143051147,0.520799994468689
YMR119W,YPL249C-A,0,-9.213045,0.15902486443519592,0.9850000143051147,0.5209000110626221
YBR201W,YBL005W-B,0,-9.213412,0.15899918973445892,0.9850000143051147,0.5210000276565552
YDR197W,YOR181W,0,-9.213614,0.15897352993488312,0.9850000143051147,0.5210999846458435
YPR173C,YGL157W,0,-9.213923,0.1589478850364685,0.9850000143051147,0.5212000012397766
YOR249C,YOR133W,0,-9.21393,0.1589222401380539,0.9850000143051147,0.5213000178337097
YFL011W,YGL026C,0,-9.214656,0.15889659523963928,0.9850000143051147,0.521399974822998
YDL056W,YOR106W,0,-9.214955,0.15887096524238586,0.9850000143051147,0.5214999914169312
YPL281C,YBR089C-A,0,-9.215178,0.15884535014629364,0.9850000143051147,0.5216000080108643
YDR522C,YGR106C,0,-9.215268,0.15881973505020142,0.9850000143051147,0.5217000246047974
YNR058W,YBR015C,0,-9.215364,0.15879413485527039,0.9850000143051147,0.5217999815940857
YLR307W,YLR165C,0,-9.215546,0.15876853466033936,0.9850000143051147,0.5218999981880188
YGR209C,YOR396W,0,-9.216129,0.15874294936656952,0.9850000143051147,0.5220000147819519
YGL040C,YML060W,0,-9.216203,0.15871736407279968,0.9850000143051147,0.5220999717712402
YOR250C,YDR541C,0,-9.216317,0.15869179368019104,0.9850000143051147,0.5221999883651733
YMR047C,YMR190C,0,-9.216378,0.1586662381887436,0.9850000143051147,0.5223000049591064
YBR149W,YKL201C,0,-9.217197,0.15864068269729614,0.9850000143051147,0.5224000215530396
YML012W,YDR240C,0,-9.217868,0.1586151421070099,0.9850000143051147,0.5224999785423279
YOR336W,YPL163C,0,-9.217927,0.15858960151672363,0.9850000143051147,0.522599995136261
YBR202W,YML127W,0,-9.21803,0.15856407582759857,0.9850000143051147,0.5227000117301941
YDL137W,YGR081C,0,-9.218184,0.1585385501384735,0.9850000143051147,0.5228000283241272
YMR275C,YGR132C,0,-9.218253,0.15851303935050964,0.9850000143051147,0.5228999853134155
YEL058W,YGL243W,0,-9.218461,0.15848752856254578,0.9850000143051147,0.5230000019073486
YHR181W,YDR210C-D,0,-9.219029,0.1584620326757431,0.9850000143051147,0.5231000185012817
YNL188W,YGR006W,0,-9.219365,0.15843655169010162,0.9850000143051147,0.5231999754905701
YDL212W,YJL123C,0,-9.2194805,0.15841107070446014,0.9850000143051147,0.5232999920845032
YPL078C,YNL202W,0,-9.220702,0.15838558971881866,0.9850000143051147,0.5234000086784363
YHR018C,YPL231W,0,-9.220784,0.15836012363433838,0.9850000143051147,0.5235000252723694
YOR336W,YKL125W,0,-9.22082,0.1583346724510193,0.9850000143051147,0.5235999822616577
YDR420W,YPL121C,0,-9.221091,0.1583092212677002,0.9850000143051147,0.5236999988555908
YPL248C,YMR100W,0,-9.22163,0.1582837849855423,0.9850000143051147,0.5238000154495239
YHL003C,YLR266C,0,-9.2217245,0.1582583487033844,0.9850000143051147,0.5238999724388123
YBR247C,YOL109W,0,-9.221728,0.1582329273223877,0.9850000143051147,0.5239999890327454
YCL024W,YML055W,0,-9.221817,0.15820752084255219,0.9850000143051147,0.5241000056266785
YIL009W,YMR268C,0,-9.221831,0.15818211436271667,0.9850000143051147,0.5242000222206116
YBR098W,YOR076C,0,-9.222119,0.15815670788288116,0.9850000143051147,0.5242999792098999
YJL219W,YJR049C,0,-9.222669,0.15813131630420685,0.9850000143051147,0.524399995803833
YDR003W,YOR010C,0,-9.222805,0.15810593962669373,0.9850000143051147,0.5245000123977661
YBR274W,YPL207W,0,-9.222849,0.1580805629491806,0.9850000143051147,0.5246000289916992
YKL190W,YBR216C,0,-9.222924,0.15805520117282867,0.9850000143051147,0.5246999859809875
YPR008W,YKL134C,0,-9.222928,0.15802983939647675,0.9850000143051147,0.5248000025749207
YOR353C,YEL048C,0,-9.223325,0.158004492521286,0.9850000143051147,0.5249000191688538
YDR288W,YJL156C,0,-9.223561,0.15797914564609528,0.9850000143051147,0.5249999761581421
YCR075C,YJL074C,0,-9.223811,0.15795381367206573,0.9850000143051147,0.5250999927520752
YKL108W,YPR074C,0,-9.224232,0.1579284965991974,0.9850000143051147,0.5252000093460083
YMR192W,YAR003W,0,-9.225615,0.15790317952632904,0.9850000143051147,0.5253000259399414
YOR260W,YGR166W,0,-9.225618,0.1578778624534607,0.9850000143051147,0.5253999829292297
YJL095W,YIL080W,0,-9.225865,0.15785256028175354,0.9850000143051147,0.5254999995231628
YOR125C,YDR487C,0,-9.22602,0.15782727301120758,0.9850000143051147,0.525600016117096
YLR205C,YPL268W,0,-9.2266245,0.15780198574066162,0.9850000143051147,0.5256999731063843
YHL016C,YHL012W,0,-9.227088,0.15777671337127686,0.9850000143051147,0.5257999897003174
YIL131C,YGL226C-A,0,-9.227928,0.1577514410018921,0.9850000143051147,0.5259000062942505
YDR314C,YNL087W,0,-9.228225,0.15772618353366852,0.9850000143051147,0.5260000228881836
YGR075C,YNL206C,0,-9.228641,0.15770092606544495,0.9850000143051147,0.5260999798774719
YMR015C,YKL218C,0,-9.22948,0.15767568349838257,0.9850000143051147,0.526199996471405
YMR128W,YMR150C,0,-9.229661,0.1576504409313202,0.9850000143051147,0.5263000130653381
YBR185C,YPR112C,0,-9.23052,0.157625213265419,0.9850000143051147,0.5264000296592712
YER017C,YLR055C,0,-9.230558,0.15760000050067902,0.9850000143051147,0.5264999866485596
YLR310C,YOR266W,0,-9.231341,0.15757478773593903,0.9850000143051147,0.5266000032424927
YLR210W,YPL031C,0,-9.232311,0.15754958987236023,0.9850000143051147,0.5267000198364258
YGR096W,YML085C,0,-9.232726,0.15752439200878143,0.9850000143051147,0.5267999768257141
YPR183W,YKL132C,0,-9.23285,0.15749919414520264,0.9850000143051147,0.5268999934196472
YBL098W,YPR047W,0,-9.233867,0.15747402608394623,0.9850000143051147,0.5270000100135803
YCR073W-A,YBR141C,0,-9.234469,0.15744884312152863,0.9850000143051147,0.5271000266075134
YLR348C,YGR056W,0,-9.234844,0.1574236899614334,0.9850000143051147,0.5271999835968018
YNL327W,YOR380W,0,-9.236206,0.1573985368013382,0.9850000143051147,0.5273000001907349
YAL034W-A,YJR088C,0,-9.237087,0.15737338364124298,0.9850000143051147,0.527400016784668
YJR053W,YAL047C,0,-9.237119,0.15734824538230896,0.9850000143051147,0.5274999737739563
YBL068W,YER125W,0,-9.237771,0.15732310712337494,0.9850000143051147,0.5275999903678894
YJR001W,YOR060C,0,-9.238198,0.1572979837656021,0.9850000143051147,0.5277000069618225
YFR055W,YEL050C,0,-9.239782,0.15727287530899048,0.9850000143051147,0.5278000235557556
YBR131W,YKL189W,0,-9.24028,0.15724776685237885,0.9850000143051147,0.527899980545044
YGL037C,YOL031C,0,-9.240575,0.1572226583957672,0.9850000143051147,0.527999997138977
YDL145C,YGL127C,0,-9.241524,0.15719757974147797,0.9850000143051147,0.5281000137329102
YLR394W,YBL076C,0,-9.2419405,0.15717248618602753,0.9850000143051147,0.5281999707221985
YOR202W,YBL035C,0,-9.242031,0.15714742243289948,0.9850000143051147,0.5282999873161316
YFL057C,YBR133C,0,-9.24313,0.15712234377861023,0.9850000143051147,0.5284000039100647
YKL192C,YKL052C,0,-9.243375,0.15709729492664337,0.9850000143051147,0.5285000205039978
YBR228W,YMR104C,0,-9.24489,0.15707223117351532,0.9850000143051147,0.5285999774932861
YHR023W,YER041W,0,-9.245546,0.15704719722270966,0.9850000143051147,0.5286999940872192
YDR163W,YDR211W,0,-9.246064,0.157022163271904,0.9850000143051147,0.5288000106811523
YKL087C,YDR212W,0,-9.246165,0.15699712932109833,0.9850000143051147,0.5289000272750854
YPR122W,YDR073W,0,-9.24742,0.15697211027145386,0.9850000143051147,0.5289999842643738
YKL015W,YIL120W,0,-9.248616,0.15694710612297058,0.9850000143051147,0.5291000008583069
YBR125C,YHR030C,0,-9.25001,0.1569221019744873,0.9850000143051147,0.52920001745224
YLR298C,YPR118W,0,-9.250579,0.15689709782600403,0.9850000143051147,0.5292999744415283
YOR371C,YEL006W,0,-9.25072,0.15687210857868195,0.9850000143051147,0.5293999910354614
YBR145W,YDR260C,0,-9.250908,0.15684713423252106,0.9850000143051147,0.5295000076293945
YKL013C,YNL020C,0,-9.251143,0.15682215988636017,0.9850000143051147,0.5296000242233276
YFL011W,YBL051C,0,-9.2512,0.15679720044136047,0.9850000143051147,0.529699981212616
YJL008C,YDR041W,0,-9.251584,0.15677224099636078,0.9850000143051147,0.5297999978065491
YGR010W,YDL130W-A,0,-9.252089,0.15674729645252228,0.9850000143051147,0.5299000144004822
YKL181W,YBR037C,0,-9.25224,0.15672235190868378,0.9850000143051147,0.5299999713897705
YLR085C,YEL064C,0,-9.252642,0.15669742226600647,0.9850000143051147,0.5300999879837036
YLR315W,YNL334C,0,-9.253403,0.15667249262332916,0.9850000143051147,0.5302000045776367
YGL167C,YPL026C,0,-9.253477,0.15664757788181305,0.9850000143051147,0.5303000211715698
YPL125W,YJR102C,0,-9.254436,0.15662267804145813,0.9850000143051147,0.5303999781608582
YJL091C,YMR060C,0,-9.254912,0.1565977782011032,0.9850000143051147,0.5304999947547913
YDL181W,YMR075W,0,-9.25595,0.1565728783607483,0.9850000143051147,0.5306000113487244
YDL107W,YOR182C,0,-9.255957,0.15654799342155457,0.9850000143051147,0.5307000279426575
YGR156W,YBR173C,0,-9.256018,0.15652312338352203,0.9850000143051147,0.5307999849319458
YOL034W,YGR024C,0,-9.256264,0.1564982533454895,0.9850000143051147,0.5309000015258789
YDR163W,YDR098C,0,-9.256429,0.15647339820861816,0.9850000143051147,0.531000018119812
YIR013C,YDL110C,0,-9.256484,0.15644854307174683,0.9850000143051147,0.5310999751091003
YNL177C,YJR051W,0,-9.2565775,0.1564236879348755,0.9850000143051147,0.5311999917030334
YLL050C,YDR135C,0,-9.257466,0.15639886260032654,0.9850000143051147,0.5313000082969666
YMR323W,YDL128W,0,-9.257892,0.1563740223646164,0.9850000143051147,0.5314000248908997
YCR039C,YGR197C,0,-9.258558,0.15634921193122864,0.9850000143051147,0.531499981880188
YOR132W,YBR014C,0,-9.258615,0.1563243865966797,0.9850000143051147,0.5315999984741211
YNL251C,YER072W,0,-9.258777,0.15629959106445312,0.9850000143051147,0.5317000150680542
YML127W,YOR140W,0,-9.258936,0.15627479553222656,0.9850000143051147,0.5317999720573425
YGR098C,YGR023W,0,-9.258959,0.15625,0.9850000143051147,0.5318999886512756
YDR503C,YJR134C,0,-9.258987,0.15622521936893463,0.9850000143051147,0.5320000052452087
YKL190W,YDR231C,0,-9.259047,0.15620043873786926,0.9850000143051147,0.5321000218391418
YGR178C,YLR107W,0,-9.259052,0.1561756730079651,0.9850000143051147,0.5321999788284302
YOL158C,YOR101W,0,-9.259294,0.1561509221792221,0.9850000143051147,0.5322999954223633
YCL039W,YGL157W,0,-9.25958,0.15612617135047913,0.9850000143051147,0.5324000120162964
YJR043C,YMR099C,0,-9.260234,0.15610142052173615,0.9850000143051147,0.5325000286102295
YJL106W,YLR360W,0,-9.260634,0.15607668459415436,0.9850000143051147,0.5325999855995178
YLR085C,YOL095C,0,-9.260751,0.15605196356773376,0.9850000143051147,0.5327000021934509
YPR035W,YOR123C,0,-9.261013,0.15602724254131317,0.9850000143051147,0.532800018787384
YML095C,YKR020W,0,-9.264212,0.15600253641605377,0.9850000143051147,0.5328999757766724
YOR128C,YBL008W,0,-9.264849,0.15597783029079437,0.9850000143051147,0.5329999923706055
YKL127W,YJL164C,0,-9.265103,0.15595313906669617,0.9850000143051147,0.5331000089645386
YCR011C,YJL156C,0,-9.265112,0.15592844784259796,0.9850000143051147,0.5332000255584717
YOR150W,YLR048W,1,-9.265437,0.156062051653862,0.9860000014305115,0.5332000255584717
YLR023C,YPR137W,0,-9.2656355,0.1560373455286026,0.9860000014305115,0.53329998254776
YPR019W,YBR291C,0,-9.265867,0.1560126543045044,0.9860000014305115,0.5333999991416931
YGR028W,YJR126C,0,-9.266546,0.15598797798156738,0.9860000014305115,0.5335000157356262
YKR055W,YKL082C,0,-9.266984,0.15596330165863037,0.9860000014305115,0.5335999727249146
YPL076W,YKL035W,0,-9.267282,0.15593864023685455,0.9860000014305115,0.5336999893188477
YFR036W,YIL147C,0,-9.267537,0.15591397881507874,0.9860000014305115,0.5338000059127808
YJR004C,YKL184W,0,-9.267777,0.1558893322944641,0.9860000014305115,0.5339000225067139
YLR288C,YGR253C,0,-9.26817,0.1558646857738495,0.9860000014305115,0.5339999794960022
YGR267C,YDR017C,0,-9.268286,0.15584005415439606,0.9860000014305115,0.5340999960899353
YNL258C,YDR240C,0,-9.268758,0.15581542253494263,0.9860000014305115,0.5342000126838684
YOR231W,YPL192C,0,-9.26902,0.1557908058166504,0.9860000014305115,0.5343000292778015
YMR065W,YMR129W,0,-9.269098,0.15576618909835815,0.9860000014305115,0.5343999862670898
YLR368W,YGR105W,0,-9.269594,0.1557415872812271,0.9860000014305115,0.534500002861023
YJR092W,YDR363W,0,-9.2706785,0.15571700036525726,0.9860000014305115,0.534600019454956
YJL108C,YKL042W,0,-9.271361,0.15569239854812622,0.9860000014305115,0.5346999764442444
YLR214W,YIL026C,0,-9.272047,0.15566782653331757,0.9860000014305115,0.5347999930381775
YOL034W,YOR008C-A,0,-9.273112,0.1556432545185089,0.9860000014305115,0.5349000096321106
YGR193C,YMR229C,0,-9.273438,0.15561868250370026,0.9860000014305115,0.5350000262260437
YDR158W,YMR296C,0,-9.273557,0.1555941253900528,0.9860000014305115,0.535099983215332
YBR101C,YPR068C,0,-9.273895,0.15556958317756653,0.9860000014305115,0.5351999998092651
YBR067C,YFR010W,0,-9.273943,0.15554504096508026,0.9860000014305115,0.5353000164031982
YML040W,YPR118W,0,-9.278497,0.155520498752594,0.9860000014305115,0.5353999733924866
YDR218C,YJR044C,0,-9.2790165,0.15549597144126892,0.9860000014305115,0.5354999899864197
YDR251W,YOR187W,0,-9.280269,0.15547145903110504,0.9860000014305115,0.5356000065803528
YMR073C,YML028W,0,-9.281341,0.15544694662094116,0.9860000014305115,0.5357000231742859
YOL103W,YLR178C,0,-9.285864,0.15542244911193848,0.9860000014305115,0.5357999801635742
YPR019W,YLR185W,0,-9.28684,0.1553979516029358,0.9860000014305115,0.5358999967575073
YHR119W,YMR291W,0,-9.286885,0.1553734689950943,0.9860000014305115,0.5360000133514404
YKL011C,YKR100C,0,-9.286894,0.1553489863872528,0.9860000014305115,0.5360999703407288
YML077W,YGR133W,0,-9.287194,0.1553245186805725,0.9860000014305115,0.5361999869346619
YBR202W,YHL008C,0,-9.287731,0.1553000509738922,0.9860000014305115,0.536300003528595
YLR175W,YDL247W,0,-9.288616,0.15527558326721191,0.9860000014305115,0.5364000201225281
YMR044W,YGR072W,0,-9.288862,0.155251145362854,0.9860000014305115,0.5364999771118164
YGL001C,YLR181C,0,-9.288939,0.1552267074584961,0.9860000014305115,0.5365999937057495
YOR049C,YNL081C,0,-9.289662,0.15520226955413818,0.9860000014305115,0.5367000102996826
YGR006W,YNL197C,0,-9.289833,0.15517784655094147,0.9860000014305115,0.5368000268936157
YJR155W,YGR109W-B,0,-9.289913,0.15515342354774475,0.9860000014305115,0.536899983882904
YFL001W,YMR060C,0,-9.29141,0.15512901544570923,0.9860000014305115,0.5370000004768372
YPR108W,YLR425W,0,-9.291715,0.1551046073436737,0.9860000014305115,0.5371000170707703
YJR117W,YLL040C,0,-9.292124,0.15508021414279938,0.9860000014305115,0.5371999740600586
YGR240C,YDR392W,0,-9.292598,0.15505582094192505,0.9860000014305115,0.5372999906539917
YNL231C,YMR013C,0,-9.293254,0.15503144264221191,0.9860000014305115,0.5374000072479248
YOR336W,YNL257C,0,-9.293323,0.15500707924365997,0.9860000014305115,0.5375000238418579
YLR174W,YOR330C,0,-9.293466,0.15498271584510803,0.9860000014305115,0.5375999808311462
YPL019C,YEL006W,0,-9.293471,0.1549583524465561,0.9860000014305115,0.5376999974250793
YIR013C,YDL195W,0,-9.293629,0.15493400394916534,0.9860000014305115,0.5378000140190125
YDR348C,YNR004W,0,-9.294158,0.1549096554517746,0.9860000014305115,0.5378999710083008
YNL145W,YGR133W,0,-9.294336,0.15488532185554504,0.9860000014305115,0.5379999876022339
YKL096W-A,YML094W,0,-9.294554,0.15486100316047668,0.9860000014305115,0.538100004196167
YER169W,YJR134C,0,-9.29621,0.15483668446540833,0.9860000014305115,0.5382000207901001
YEL064C,YDR522C,0,-9.2962675,0.15481236577033997,0.9860000014305115,0.5382999777793884
YAL059W,YOR284W,0,-9.296664,0.1547880619764328,0.9860000014305115,0.5383999943733215
YIL005W,YFR052W,0,-9.297082,0.15476377308368683,0.9860000014305115,0.5385000109672546
YJL099W,YPL208W,0,-9.297136,0.15473948419094086,0.9860000014305115,0.5386000275611877
YIR018W,YDL119C,0,-9.29802,0.15471521019935608,0.9860000014305115,0.5386999845504761
YPL280W,YDR457W,0,-9.299144,0.1546909362077713,0.9860000014305115,0.5388000011444092
YBR029C,YOR090C,0,-9.299846,0.15466666221618652,0.9860000014305115,0.5389000177383423
YGL205W,YER171W,0,-9.30062,0.15464240312576294,0.9860000014305115,0.5389999747276306
YMR080C,YDL230W,0,-9.301471,0.15461815893650055,0.9860000014305115,0.5390999913215637
YOL109W,YOR214C,0,-9.301737,0.15459391474723816,0.9860000014305115,0.5392000079154968
YDL190C,YMR050C,0,-9.301979,0.15456968545913696,0.9860000014305115,0.5393000245094299
YLL040C,YDL119C,0,-9.302582,0.15454545617103577,0.9860000014305115,0.5393999814987183
YMR300C,YGL023C,0,-9.30263,0.15452124178409576,0.9860000014305115,0.5394999980926514
YPR200C,YOR048C,0,-9.302829,0.15449702739715576,0.9860000014305115,0.5396000146865845
YAR014C,YGL038C,0,-9.303239,0.15447281301021576,0.9860000014305115,0.5396999716758728
YGR220C,YPL193W,1,-9.303264,0.15460526943206787,0.9869999885559082,0.5396999716758728
YJR105W,YOR197W,0,-9.30375,0.15458105504512787,0.9869999885559082,0.5397999882698059
YOR010C,YPL183W-A,0,-9.304008,0.15455684065818787,0.9869999885559082,0.539900004863739
YDR047W,YER149C,0,-9.3050585,0.15453264117240906,0.9869999885559082,0.5400000214576721
YGR246C,YNR028W,0,-9.305678,0.15450845658779144,0.9869999885559082,0.5400999784469604
YLL051C,YNL146W,0,-9.305742,0.15448427200317383,0.9869999885559082,0.5401999950408936
YKL198C,YAR003W,0,-9.306531,0.1544600874185562,0.9869999885559082,0.5403000116348267
YLR394W,YOR087W,0,-9.30696,0.154435932636261,0.9869999885559082,0.5404000282287598
YNL270C,YNL186W,0,-9.30825,0.15441176295280457,0.9869999885559082,0.5404999852180481
YOR324C,YER093C,0,-9.308335,0.15438760817050934,0.9869999885559082,0.5406000018119812
YOR128C,YDL240W,0,-9.30841,0.1543634682893753,0.9869999885559082,0.5407000184059143
YLR393W,YDR513W,0,-9.308768,0.15433932840824127,0.9869999885559082,0.5407999753952026
YNL329C,YIL018W,0,-9.308816,0.15431520342826843,0.9869999885559082,0.5408999919891357
YGR174C,YGL096W,0,-9.309524,0.1542910784482956,0.9869999885559082,0.5410000085830688
YOL101C,YGR007W,0,-9.310631,0.15426695346832275,0.9869999885559082,0.541100025177002
YGL155W,YER180C-A,0,-9.311007,0.1542428433895111,0.9869999885559082,0.5411999821662903
YGR087C,YOR014W,0,-9.311174,0.15421874821186066,0.9869999885559082,0.5412999987602234
YCR097W,YAR018C,0,-9.311476,0.1541946530342102,0.9869999885559082,0.5414000153541565
YGR140W,YFL052W,0,-9.311662,0.15417057275772095,0.9869999885559082,0.5414999723434448
YJR065C,YNL177C,0,-9.311904,0.1541464924812317,0.9869999885559082,0.5415999889373779
YPL118W,YPL041C,0,-9.314491,0.15412242710590363,0.9869999885559082,0.541700005531311
YOL006C,YNL092W,0,-9.314492,0.15409836173057556,0.9869999885559082,0.5418000221252441
YHR191C,YNL123W,0,-9.314742,0.1540743112564087,0.9869999885559082,0.5418999791145325
YEL020W-A,YOR192C-B,0,-9.3154955,0.15405026078224182,0.9869999885559082,0.5419999957084656
YLR361C,YGR252W,0,-9.316325,0.15402621030807495,0.9869999885559082,0.5421000123023987
YMR318C,YPL276W,0,-9.316868,0.15400218963623047,0.9869999885559082,0.5422000288963318
YDL215C,YMR290C,0,-9.31698,0.1539781540632248,0.9869999885559082,0.5422999858856201
YGL151W,YDL159W,0,-9.317634,0.1539541482925415,0.9869999885559082,0.5424000024795532
YPL100W,YOR005C,0,-9.318194,0.15393012762069702,0.9869999885559082,0.5425000190734863
YGR061C,YOR330C,0,-9.318873,0.15390612185001373,0.9869999885559082,0.5425999760627747
YCL016C,YDR237W,0,-9.319169,0.15388213098049164,0.9869999885559082,0.5426999926567078
YPL188W,YHR181W,0,-9.319308,0.15385814011096954,0.9869999885559082,0.5428000092506409
YDL220C,YEL061C,0,-9.319318,0.15383416414260864,0.9869999885559082,0.542900025844574
YNL003C,YLR362W,0,-9.319523,0.15381018817424774,0.9869999885559082,0.5429999828338623
YHR194W,YCR009C,0,-9.31967,0.15378622710704803,0.9869999885559082,0.5430999994277954
YOL155C,YDL039C,0,-9.319679,0.15376226603984833,0.9869999885559082,0.5432000160217285
YGL125W,YOR073W,0,-9.320147,0.15373831987380981,0.9869999885559082,0.5432999730110168
YBL085W,YDR143C,0,-9.320457,0.1537143737077713,0.9869999885559082,0.54339998960495
YGL025C,YBR139W,0,-9.32051,0.15369044244289398,0.9869999885559082,0.5435000061988831
YJL122W,YDL002C,0,-9.320663,0.15366651117801666,0.9869999885559082,0.5436000227928162
YKL206C,YGR174C,0,-9.321766,0.15364259481430054,0.9869999885559082,0.5436999797821045
YCL014W,YDL188C,0,-9.321881,0.1536186784505844,0.9869999885559082,0.5437999963760376
YHR158C,YLR268W,0,-9.32266,0.15359477698802948,0.9869999885559082,0.5439000129699707
YDR201W,YIL082W-A,0,-9.322712,0.15357087552547455,0.9869999885559082,0.5440000295639038
YKL114C,YJL112W,0,-9.323141,0.1535469889640808,0.9869999885559082,0.5440999865531921
YKR057W,YJL216C,0,-9.324072,0.15352310240268707,0.9869999885559082,0.5442000031471252
YFL014W,YOL154W,0,-9.325249,0.15349921584129333,0.9869999885559082,0.5443000197410583
YLR174W,YOR054C,0,-9.325853,0.15347535908222198,0.9869999885559082,0.5443999767303467
YDR435C,YGR192C,0,-9.326031,0.15345148742198944,0.9869999885559082,0.5444999933242798
YLR188W,YKL174C,0,-9.326098,0.15342764556407928,0.9869999885559082,0.5446000099182129
YDL103C,YOR008C-A,0,-9.326166,0.15340378880500793,0.9869999885559082,0.544700026512146
YDL140C,YLR369W,0,-9.3262,0.15337994694709778,0.9869999885559082,0.5447999835014343
YNR052C,YGR141W,0,-9.32661,0.15335611999034882,0.9869999885559082,0.5449000000953674
YBR251W,YDR469W,0,-9.327006,0.15333229303359985,0.9869999885559082,0.5450000166893005
YIR019C,YDL168W,0,-9.328401,0.15330848097801208,0.9869999885559082,0.5450999736785889
YPL281C,YBR035C,0,-9.328401,0.15328466892242432,0.9869999885559082,0.545199990272522
YGR112W,YNL299W,0,-9.328414,0.15326087176799774,0.9869999885559082,0.5453000068664551
YGR178C,YDL191W,0,-9.328488,0.15323707461357117,0.9869999885559082,0.5454000234603882
YJR155W,YNL210W,0,-9.328652,0.1532132923603058,0.9869999885559082,0.5454999804496765
YBR073W,YOR045W,0,-9.32873,0.1531895101070404,0.9869999885559082,0.5455999970436096
YJL110C,YBR199W,0,-9.32887,0.15316574275493622,0.9869999885559082,0.5457000136375427
YLR293C,YMR145C,0,-9.3297615,0.15314197540283203,0.9869999885559082,0.545799970626831
YNL199C,YOR354C,0,-9.329966,0.15311820805072784,0.9869999885559082,0.5458999872207642
YDR295C,YDR381W,0,-9.330303,0.15309445559978485,0.9869999885559082,0.5460000038146973
YGR075C,YJL130C,0,-9.330505,0.15307071805000305,0.9869999885559082,0.5461000204086304
YNL309W,YKR089C,0,-9.330552,0.15304698050022125,0.9869999885559082,0.5461999773979187
YLR263W,YOR285W,0,-9.330833,0.15302325785160065,0.9869999885559082,0.5462999939918518
YOR191W,YDL217C,0,-9.330835,0.15299953520298004,0.9869999885559082,0.5464000105857849
YBL098W,YAL038W,0,-9.331072,0.15297582745552063,0.9869999885559082,0.546500027179718
YLR399C,YML057W,0,-9.331714,0.15295211970806122,0.9869999885559082,0.5465999841690063
YBL085W,YER040W,0,-9.332708,0.1529284119606018,0.9869999885559082,0.5467000007629395
YLR266C,YNL032W,0,-9.332874,0.1529047191143036,0.9869999885559082,0.5468000173568726
YOL023W,YNR004W,0,-9.333008,0.15288104116916656,0.9869999885559082,0.5468999743461609
YIR033W,YDL147W,0,-9.333022,0.15285736322402954,0.9869999885559082,0.546999990940094
YPR001W,YNL261W,0,-9.333477,0.1528337001800537,0.9869999885559082,0.5471000075340271
YLR163C,YMR142C,0,-9.334153,0.15281003713607788,0.9869999885559082,0.5472000241279602
YJL122W,YLR466W,0,-9.334199,0.15278637409210205,0.9869999885559082,0.5472999811172485
YDL174C,YBL036C,0,-9.334448,0.15276272594928741,0.9869999885559082,0.5473999977111816
YLR303W,YPR186C,0,-9.3347225,0.15273909270763397,0.9869999885559082,0.5475000143051147
YJR117W,YDR057W,0,-9.335594,0.15271545946598053,0.9869999885559082,0.5475999712944031
YDL181W,YPR178W,0,-9.336297,0.1526918262243271,0.9869999885559082,0.5476999878883362
YOR048C,YDR137W,0,-9.336835,0.15266820788383484,0.9869999885559082,0.5478000044822693
YMR246W,YDL109C,0,-9.3379545,0.15264460444450378,0.9869999885559082,0.5479000210762024
YHL015W,YBR067C,0,-9.338032,0.15262100100517273,0.9869999885559082,0.5479999780654907
YJR125C,YPR204W,0,-9.338238,0.15259739756584167,0.9869999885559082,0.5480999946594238
YOR358W,YJL109C,0,-9.339434,0.15257380902767181,0.9869999885559082,0.5482000112533569
YOL060C,YGR054W,0,-9.339501,0.15255023539066315,0.9869999885559082,0.54830002784729
YGR224W,YCR084C,0,-9.340303,0.15252666175365448,0.9869999885559082,0.5483999848365784
YML048W,YDR399W,0,-9.340396,0.1525030881166458,0.9869999885559082,0.5485000014305115
YBR089C-A,YML011C,0,-9.340741,0.15247952938079834,0.9869999885559082,0.5486000180244446
YJR135C,YKL186C,0,-9.340816,0.15245597064495087,0.9869999885559082,0.5486999750137329
YKL191W,YNL026W,0,-9.341245,0.1524324268102646,0.9869999885559082,0.548799991607666
YPL100W,YDR439W,0,-9.341769,0.1524088978767395,0.9869999885559082,0.5489000082015991
YPR056W,YDR239C,0,-9.341858,0.15238536894321442,0.9869999885559082,0.5490000247955322
YPL244C,YNL169C,0,-9.341977,0.15236184000968933,0.9869999885559082,0.5490999817848206
YLL018C-A,YLL055W,0,-9.341996,0.15233832597732544,0.9869999885559082,0.5491999983787537
YEL066W,YLR207W,0,-9.342514,0.15231481194496155,0.9869999885559082,0.5493000149726868
YPL281C,YDR297W,0,-9.343685,0.15229131281375885,0.9869999885559082,0.5493999719619751
YMR232W,YGL096W,0,-9.343785,0.15226781368255615,0.9869999885559082,0.5494999885559082
YPL059W,YPL081W,0,-9.34482,0.15224432945251465,0.9869999885559082,0.5496000051498413
YGL013C,YGL161C,0,-9.34484,0.15222084522247314,0.9869999885559082,0.5497000217437744
YCR082W,YLL011W,0,-9.344956,0.15219737589359283,0.9869999885559082,0.5497999787330627
YLR028C,YOR216C,0,-9.345562,0.15217390656471252,0.9869999885559082,0.5498999953269958
YOR103C,YJL130C,0,-9.345846,0.1521504521369934,0.9869999885559082,0.550000011920929
YMR300C,YFL055W,0,-9.34602,0.1521269977092743,0.9869999885559082,0.5501000285148621
YLR427W,YKL156W,0,-9.346295,0.15210355818271637,0.9869999885559082,0.5501999855041504
YKL182W,YHL027W,0,-9.346646,0.15208011865615845,0.9869999885559082,0.5503000020980835
YHR178W,YKR078W,0,-9.347543,0.15205669403076172,0.9869999885559082,0.5504000186920166
YLR107W,YLR327C,0,-9.347827,0.152033269405365,0.9869999885559082,0.5504999756813049
YMR024W,YDR341C,0,-9.347942,0.15200985968112946,0.9869999885559082,0.550599992275238
YMR163C,YDL039C,0,-9.348203,0.15198644995689392,0.9869999885559082,0.5507000088691711
YBR286W,YMR257C,0,-9.348263,0.15196305513381958,0.9869999885559082,0.5508000254631042
YLR109W,YDR277C,0,-9.348406,0.15193966031074524,0.9869999885559082,0.5508999824523926
YMR068W,YIL125W,0,-9.349693,0.1519162654876709,0.9869999885559082,0.5509999990463257
YPL240C,YPR154W,0,-9.349985,0.15189288556575775,0.9869999885559082,0.5511000156402588
YJR140C,YKR053C,0,-9.350383,0.1518695205450058,0.9869999885559082,0.5511999726295471
YBR041W,YKR042W,0,-9.350573,0.15184615552425385,0.9869999885559082,0.5512999892234802
YGR101W,YDR496C,0,-9.351457,0.1518227905035019,0.9869999885559082,0.5514000058174133
YNL331C,YDL159W,0,-9.352065,0.15179944038391113,0.9869999885559082,0.5515000224113464
YPR002W,YJR045C,0,-9.353023,0.15177610516548157,0.9869999885559082,0.5515999794006348
YKL201C,YOR308C,0,-9.353024,0.151752769947052,0.9869999885559082,0.5516999959945679
YLR214W,YPL188W,0,-9.353471,0.15172943472862244,0.9869999885559082,0.551800012588501
YGL104C,YPL041C,0,-9.353976,0.15170611441135406,0.9869999885559082,0.5519000291824341
YHR211W,YKL143W,0,-9.3545475,0.1516828089952469,0.9869999885559082,0.5519999861717224
YOL152W,YLR455W,0,-9.355269,0.15165948867797852,0.9869999885559082,0.5521000027656555
YDR414C,YOL045W,0,-9.355338,0.15163619816303253,0.9869999885559082,0.5522000193595886
YLR381W,YPL180W,0,-9.356274,0.15161290764808655,0.9869999885559082,0.552299976348877
YOR090C,YOR057W,0,-9.35667,0.15158961713314056,0.9869999885559082,0.5523999929428101
YJR013W,YOR086C,0,-9.356679,0.15156634151935577,0.9869999885559082,0.5525000095367432
YDR284C,YGL170C,0,-9.358119,0.15154306590557098,0.9869999885559082,0.5526000261306763
YDR363W,YGL026C,0,-9.358766,0.1515198051929474,0.9869999885559082,0.5526999831199646
YLR286C,YER162C,0,-9.359054,0.1514965444803238,0.9869999885559082,0.5527999997138977
YDR121W,YDR207C,0,-9.35939,0.1514732986688614,0.9869999885559082,0.5529000163078308
YCL024W,YCR033W,0,-9.359709,0.151450052857399,0.9869999885559082,0.5529999732971191
YJL058C,YLR025W,0,-9.359993,0.15142682194709778,0.9869999885559082,0.5530999898910522
YAL022C,YBR167C,0,-9.360047,0.15140359103679657,0.9869999885559082,0.5532000064849854
YOR351C,YCR020C,0,-9.360194,0.15138037502765656,0.9869999885559082,0.5533000230789185
YHR146W,YNL003C,0,-9.360317,0.15135715901851654,0.9869999885559082,0.5533999800682068
YDR388W,YEL006W,0,-9.360853,0.15133394300937653,0.9869999885559082,0.5534999966621399
YOR358W,YGL104C,0,-9.36379,0.1513107419013977,0.9869999885559082,0.553600013256073
YPR042C,YFL004W,0,-9.363822,0.15128755569458008,0.9869999885559082,0.5536999702453613
YNR017W,YFR030W,0,-9.364167,0.15126436948776245,0.9869999885559082,0.5537999868392944
YLR223C,YGL066W,0,-9.364844,0.15124118328094482,0.9869999885559082,0.5539000034332275
YCR089W,YHL034C,0,-9.365283,0.1512180119752884,0.9869999885559082,0.5540000200271606
YER014C-A,YML091C,0,-9.365441,0.15119485557079315,0.9869999885559082,0.554099977016449
YDR272W,YGR277C,0,-9.365472,0.1511716991662979,0.9869999885559082,0.5541999936103821
YML001W,YDL118W,0,-9.365533,0.15114854276180267,0.9869999885559082,0.5543000102043152
YMR128W,YBR014C,0,-9.366025,0.15112540125846863,0.9869999885559082,0.5544000267982483
YOR010C,YGR285C,0,-9.366058,0.15110225975513458,0.9869999885559082,0.5544999837875366
YMR232W,YIL106W,0,-9.366496,0.15107913315296173,0.9869999885559082,0.5546000003814697
YGR287C,YOR175C,0,-9.366876,0.15105602145195007,0.9869999885559082,0.5547000169754028
YDR439W,YDL119C,0,-9.367055,0.15103289484977722,0.9869999885559082,0.5547999739646912
YPL140C,YBR139W,0,-9.367276,0.15100979804992676,0.9869999885559082,0.5548999905586243
YBR185C,YGR251W,0,-9.367495,0.1509866863489151,0.9869999885559082,0.5550000071525574
YJR010W,YER003C,0,-9.367897,0.15096360445022583,0.9869999885559082,0.5551000237464905
YNL116W,YBL016W,0,-9.369183,0.15094050765037537,0.9869999885559082,0.5551999807357788
YCL051W,YBR273C,0,-9.369413,0.1509174257516861,0.9869999885559082,0.5552999973297119
YOL063C,YMR150C,0,-9.37083,0.15089435875415802,0.9869999885559082,0.555400013923645
YPL106C,YLR130C,0,-9.371763,0.15087129175662994,0.9869999885559082,0.5554999709129333
YGR158C,YLR019W,0,-9.372152,0.15084823966026306,0.9869999885559082,0.5555999875068665
YLL026W,YDR456W,0,-9.37347,0.15082518756389618,0.9869999885559082,0.5557000041007996
YDL069C,YML019W,0,-9.373754,0.1508021354675293,0.9869999885559082,0.5558000206947327
YNL091W,YBR293W,0,-9.37384,0.1507790982723236,0.9869999885559082,0.555899977684021
YDR069C,YBR065C,0,-9.374304,0.1507560759782791,0.9869999885559082,0.5559999942779541
YGL200C,YOR060C,0,-9.374594,0.15073305368423462,0.9869999885559082,0.5561000108718872
YPL231W,YIL075C,0,-9.374622,0.15071003139019012,0.9869999885559082,0.5562000274658203
YMR113W,YDR140W,0,-9.375542,0.15068702399730682,0.9869999885559082,0.5562999844551086
YER001W,YPL232W,0,-9.375569,0.15066401660442352,0.9869999885559082,0.5564000010490417
YOL051W,YHR074W,0,-9.375723,0.15064102411270142,0.9869999885559082,0.5565000176429749
YHR056C,YNL087W,0,-9.375776,0.1506180316209793,0.9869999885559082,0.5565999746322632
YER015W,YOL060C,0,-9.37584,0.1505950540304184,0.9869999885559082,0.5566999912261963
YPL005W,YBR279W,0,-9.37613,0.15057207643985748,0.9869999885559082,0.5568000078201294
YGL003C,YMR021C,0,-9.376296,0.15054911375045776,0.9869999885559082,0.5569000244140625
YBR243C,YNR011C,0,-9.376573,0.15052615106105804,0.9869999885559082,0.5569999814033508
YDR264C,YDR481C,0,-9.378089,0.15050320327281952,0.9869999885559082,0.5570999979972839
YGL240W,YMR161W,0,-9.378148,0.150480255484581,0.9869999885559082,0.557200014591217
YBR095C,YJL069C,0,-9.37818,0.15045732259750366,0.9869999885559082,0.5572999715805054
YNR052C,YKL070W,0,-9.378647,0.15043438971042633,0.9869999885559082,0.5573999881744385
YPR138C,YNL087W,0,-9.378939,0.150411456823349,0.9869999885559082,0.5575000047683716
YGL003C,YLR324W,0,-9.379296,0.15038853883743286,0.9869999885559082,0.5576000213623047
YNR057C,YJL165C,0,-9.379436,0.15036563575267792,0.9869999885559082,0.557699978351593
YCL057W,YCR073W-A,0,-9.380223,0.15034273266792297,0.9869999885559082,0.5577999949455261
YKL119C,YIL063C,0,-9.380457,0.15031982958316803,0.9869999885559082,0.5579000115394592
YHR086W,YGL097W,0,-9.380711,0.15029694139957428,0.9869999885559082,0.5580000281333923
YFL005W,YLR193C,0,-9.380731,0.15027405321598053,0.9869999885559082,0.5580999851226807
YNL286W,YOR153W,0,-9.381503,0.15025117993354797,0.9869999885559082,0.5582000017166138
YDR363W,YNL021W,0,-9.382541,0.15022830665111542,0.9869999885559082,0.5583000183105469
YGR292W,YGR111W,0,-9.382624,0.15020544826984406,0.9869999885559082,0.5583999752998352
YLR142W,YML028W,0,-9.382836,0.1501825898885727,0.9869999885559082,0.5584999918937683
YLR354C,YKR096W,0,-9.383179,0.15015974640846252,0.9869999885559082,0.5586000084877014
YOL156W,YPL012W,0,-9.384096,0.15013690292835236,0.9869999885559082,0.5587000250816345
YHR175W,YNR039C,0,-9.384347,0.15011407434940338,0.9869999885559082,0.5587999820709229
YOR197W,YDR064W,0,-9.384437,0.1500912457704544,0.9869999885559082,0.558899998664856
YOR044W,YGR005C,0,-9.384691,0.15006841719150543,0.9869999885559082,0.5590000152587891
YMR286W,YGL122C,0,-9.385172,0.15004560351371765,0.9869999885559082,0.5590999722480774
YER124C,YOL060C,0,-9.386901,0.15002280473709106,0.9869999885559082,0.5591999888420105
YMR303C,YGR271W,0,-9.38718,0.15000000596046448,0.9869999885559082,0.5593000054359436
YLR016C,YMR175W,0,-9.387278,0.1499772071838379,0.9869999885559082,0.5594000220298767
YBR070C,YER119C,0,-9.387434,0.1499544233083725,0.9869999885559082,0.559499979019165
YJL115W,YJL019W,0,-9.387608,0.1499316394329071,0.9869999885559082,0.5595999956130981
YJL184W,YPL055C,0,-9.388819,0.1499088704586029,0.9869999885559082,0.5597000122070312
YJL025W,YLR193C,0,-9.389231,0.1498861014842987,0.9869999885559082,0.5598000288009644
YLR006C,YLR193C,0,-9.389586,0.1498633474111557,0.9869999885559082,0.5598999857902527
YER129W,YHR039C-A,0,-9.390496,0.1498405933380127,0.9869999885559082,0.5600000023841858
YJR040W,YNL106C,0,-9.390523,0.14981785416603088,0.9869999885559082,0.5601000189781189
YDL122W,YBR284W,0,-9.390552,0.14979511499404907,0.9869999885559082,0.5601999759674072
YJR022W,YPL072W,0,-9.391232,0.14977237582206726,0.9869999885559082,0.5602999925613403
YBR112C,YNL306W,0,-9.391744,0.14974965155124664,0.9869999885559082,0.5604000091552734
YCR020C,YAL002W,0,-9.391954,0.14972694218158722,0.9869999885559082,0.5605000257492065
YJL168C,YIL129C,0,-9.392345,0.1497042328119278,0.9869999885559082,0.5605999827384949
YBR299W,YMR241W,0,-9.392362,0.14968152344226837,0.9869999885559082,0.560699999332428
YCR047C,YER095W,0,-9.393104,0.14965882897377014,0.9869999885559082,0.5608000159263611
YOR354C,YBR030W,0,-9.393318,0.1496361494064331,0.9869999885559082,0.5608999729156494
YDR016C,YOR147W,0,-9.393338,0.14961345493793488,0.9869999885559082,0.5609999895095825
YNL051W,YLR052W,0,-9.393363,0.14959079027175903,0.9869999885559082,0.5611000061035156
YPR192W,YBR247C,0,-9.393451,0.149568110704422,0.9869999885559082,0.5612000226974487
YOR173W,YER169W,0,-9.393729,0.14954546093940735,0.9869999885559082,0.5612999796867371
YGR253C,YBL036C,0,-9.393836,0.1495227962732315,0.9869999885559082,0.5613999962806702
YDR388W,YDR057W,0,-9.3938675,0.14950014650821686,0.9869999885559082,0.5615000128746033
YMR212C,YKL167C,0,-9.394047,0.1494775116443634,0.9869999885559082,0.5616000294685364
YCR037C,YIR003W,0,-9.394224,0.14945487678050995,0.9869999885559082,0.5616999864578247
YDR461W,YJL080C,0,-9.394491,0.1494322419166565,0.9869999885559082,0.5618000030517578
YBR216C,YCR045C,0,-9.394606,0.14940962195396423,0.9869999885559082,0.5619000196456909
YKL206C,YLR107W,0,-9.396775,0.14938701689243317,0.9869999885559082,0.5619999766349792
YPL117C,YKL070W,0,-9.397765,0.1493644118309021,0.9869999885559082,0.5620999932289124
YDR462W,YKL063C,0,-9.398756,0.14934180676937103,0.9869999885559082,0.5622000098228455
YLR009W,YDL128W,0,-9.398883,0.14931921660900116,0.9869999885559082,0.5623000264167786
YMR128W,YDR351W,0,-9.399595,0.1492966264486313,0.9869999885559082,0.5623999834060669
YOL002C,YMR104C,0,-9.3997755,0.1492740511894226,0.9869999885559082,0.5625
YLR376C,YKL124W,0,-9.399791,0.14925147593021393,0.9869999885559082,0.5626000165939331
YNL051W,YOR101W,0,-9.400207,0.14922891557216644,0.9869999885559082,0.5626999735832214
YER019C-A,YGR099W,0,-9.400561,0.14920635521411896,0.9869999885559082,0.5627999901771545
YLR274W,YNL160W,0,-9.400854,0.14918379485607147,0.9869999885559082,0.5629000067710876
YGR206W,YLR092W,0,-9.401325,0.14916124939918518,0.9869999885559082,0.5630000233650208
YDR494W,YJR129C,0,-9.401385,0.14913871884346008,0.9869999885559082,0.5630999803543091
YDL215C,YJL030W,0,-9.40237,0.1491161733865738,0.9869999885559082,0.5631999969482422
YPR006C,YLR042C,0,-9.402895,0.1490936577320099,0.9869999885559082,0.5633000135421753
YMR029C,YDL015C,0,-9.402925,0.14907114207744598,0.9869999885559082,0.5633999705314636
YOR038C,YNL058C,0,-9.40336,0.14904862642288208,0.9869999885559082,0.5634999871253967
YKL201C,YIL115C,0,-9.404265,0.14902612566947937,0.9869999885559082,0.5636000037193298
YDR004W,YJR086W,0,-9.404317,0.14900362491607666,0.9869999885559082,0.5637000203132629
YLR153C,YER144C,0,-9.404363,0.14898113906383514,0.9869999885559082,0.5637999773025513
YDR040C,YBR275C,0,-9.404766,0.14895865321159363,0.9869999885559082,0.5638999938964844
YIL034C,YBL036C,0,-9.40478,0.1489361673593521,0.9869999885559082,0.5640000104904175
YPR155C,YML118W,0,-9.405854,0.1489136964082718,0.9869999885559082,0.5641000270843506
YBR022W,YEL031W,0,-9.406087,0.14889124035835266,0.9869999885559082,0.5641999840736389
YMR281W,YLR266C,0,-9.407208,0.14886878430843353,0.9869999885559082,0.564300000667572
YGL189C,YKR037C,0,-9.407679,0.1488463282585144,0.9869999885559082,0.5644000172615051
YPL265W,YJR103W,0,-9.407809,0.14882388710975647,0.9869999885559082,0.5644999742507935
YNL103W,YBR214W,0,-9.4096985,0.14880144596099854,0.9869999885559082,0.5645999908447266
YBR050C,YLR369W,0,-9.410008,0.1487790197134018,0.9869999885559082,0.5647000074386597
YDR405W,YNL339C,0,-9.410242,0.14875659346580505,0.9869999885559082,0.5648000240325928
YPL029W,YKR096W,0,-9.411098,0.1487341821193695,0.9869999885559082,0.5648999810218811
YNL030W,YLL028W,0,-9.411117,0.14871177077293396,0.9869999885559082,0.5649999976158142
YGR041W,YLR182W,0,-9.411549,0.1486893594264984,0.9869999885559082,0.5651000142097473
YLR095C,YOR035C,0,-9.411607,0.14866696298122406,0.9869999885559082,0.5651999711990356
YPR082C,YPL110C,0,-9.411892,0.1486445814371109,0.9869999885559082,0.5652999877929688
YMR119W,YLR043C,0,-9.412443,0.14862219989299774,0.9869999885559082,0.5654000043869019
YBR166C,YDR352W,0,-9.412789,0.14859981834888458,0.9869999885559082,0.565500020980835
YLR377C,YOR162C,0,-9.412938,0.14857745170593262,0.9869999885559082,0.5655999779701233
YMR116C,YGR040W,0,-9.413778,0.14855508506298065,0.9869999885559082,0.5656999945640564
YER069W,YBR016W,0,-9.414001,0.14853273332118988,0.9869999885559082,0.5658000111579895
YMR316W,YNL282W,0,-9.414117,0.1485103815793991,0.9869999885559082,0.5659000277519226
YDR376W,YBR284W,0,-9.414183,0.14848804473876953,0.9869999885559082,0.5659999847412109
YDR277C,YDR065W,0,-9.414246,0.14846570789813995,0.9869999885559082,0.566100001335144
YDR281C,YNL098C,0,-9.414456,0.14844337105751038,0.9869999885559082,0.5662000179290771
YGL013C,YDL180W,0,-9.414471,0.148421049118042,0.9869999885559082,0.5662999749183655
YKL059C,YMR104C,0,-9.414578,0.1483987420797348,0.9869999885559082,0.5663999915122986
YNL243W,YLR251W,0,-9.414675,0.1483764350414276,0.9869999885559082,0.5665000081062317
YML109W,YMR293C,0,-9.415379,0.14835412800312042,0.9869999885559082,0.5666000247001648
YIL039W,YKL222C,0,-9.416045,0.14833183586597443,0.9869999885559082,0.5666999816894531
YLR411W,YOR080W,0,-9.416186,0.14830954372882843,0.9869999885559082,0.5667999982833862
YJR150C,YLR451W,0,-9.416238,0.14828726649284363,0.9869999885559082,0.5669000148773193
YEL003W,YIL082W-A,0,-9.416304,0.14826498925685883,0.9869999885559082,0.5669999718666077
YDR045C,YNL257C,0,-9.416486,0.14824271202087402,0.9869999885559082,0.5670999884605408
YMR211W,YPR103W,0,-9.416833,0.14822044968605042,0.9869999885559082,0.5672000050544739
YMR058W,YPL137C,0,-9.417502,0.148198202252388,0.9869999885559082,0.567300021648407
YBR201W,YIL177C,0,-9.417603,0.14817595481872559,0.9869999885559082,0.5673999786376953
YKR028W,YNR064C,0,-9.417798,0.14815370738506317,0.9869999885559082,0.5674999952316284
YMR161W,YDR490C,0,-9.417806,0.14813147485256195,0.9869999885559082,0.5676000118255615
YDR284C,YOL004W,0,-9.418221,0.14810924232006073,0.9869999885559082,0.5677000284194946
YBR145W,YKR059W,0,-9.419173,0.1480870246887207,0.9869999885559082,0.567799985408783
YER110C,YER008C,0,-9.419359,0.14806480705738068,0.9869999885559082,0.5679000020027161
YDR118W,YEL009C,0,-9.420199,0.14804260432720184,0.9869999885559082,0.5680000185966492
YHR205W,YNL287W,0,-9.420201,0.148020401597023,0.9869999885559082,0.5680999755859375
YDR316W,YDR372C,0,-9.420288,0.14799819886684418,0.9869999885559082,0.5681999921798706
YGL190C,YDR212W,0,-9.42056,0.14797601103782654,0.9869999885559082,0.5683000087738037
YOL013C,YDR320C,0,-9.4216385,0.1479538232088089,0.9869999885559082,0.5684000253677368
YDR529C,YDR484W,0,-9.422821,0.14793165028095245,0.9869999885559082,0.5684999823570251
YPL134C,YHR056C,0,-9.423092,0.1479094922542572,0.9869999885559082,0.5685999989509583
YOR099W,YML055W,0,-9.424262,0.14788731932640076,0.9869999885559082,0.5687000155448914
YIR006C,YDL084W,0,-9.425391,0.1478651612997055,0.9869999885559082,0.5687999725341797
YOR058C,YOR193W,0,-9.426353,0.14784301817417145,0.9869999885559082,0.5688999891281128
YEL015W,YGR111W,0,-9.426655,0.1478208750486374,0.9869999885559082,0.5690000057220459
YLR239C,YMR099C,0,-9.42694,0.14779874682426453,0.9869999885559082,0.569100022315979
YBL016W,YGR101W,0,-9.427254,0.14777661859989166,0.9869999885559082,0.5691999793052673
YDR281C,YAL001C,0,-9.427432,0.1477544903755188,0.9869999885559082,0.5692999958992004
YOR079C,YKR068C,0,-9.427627,0.14773237705230713,0.9869999885559082,0.5694000124931335
YLR371W,YPR121W,0,-9.427686,0.14771026372909546,0.9869999885559082,0.5695000290870667
YJL051W,YDR395W,0,-9.428025,0.14768816530704498,0.9869999885559082,0.569599986076355
YJL008C,YOR044W,0,-9.428182,0.1476660668849945,0.9869999885559082,0.5697000026702881
YMR263W,YEL006W,0,-9.428371,0.14764398336410522,0.9869999885559082,0.5698000192642212
YGR052W,YCL057W,0,-9.42839,0.14762189984321594,0.9869999885559082,0.5698999762535095
YLR330W,YDL084W,0,-9.42862,0.14759981632232666,0.9869999885559082,0.5699999928474426
YMR223W,YLL014W,0,-9.42862,0.14757774770259857,0.9869999885559082,0.5701000094413757
YDR110W,YLR346C,0,-9.428847,0.14755569398403168,0.9869999885559082,0.5702000260353088
YOR092W,YBR121C,0,-9.428967,0.1475336253643036,0.9869999885559082,0.5702999830245972
YLR134W,YER089C,0,-9.429176,0.1475115865468979,0.9869999885559082,0.5703999996185303
YIR002C,YOR010C,0,-9.42952,0.147489532828331,0.9869999885559082,0.5705000162124634
YHR041C,YOR019W,0,-9.4296665,0.1474675089120865,0.9869999885559082,0.5705999732017517
YHL047C,YDR372C,0,-9.429875,0.1474454700946808,0.9869999885559082,0.5706999897956848
YDR395W,YML040W,0,-9.430012,0.14742344617843628,0.9869999885559082,0.5708000063896179
YGR062C,YGR277C,0,-9.430015,0.14740143716335297,0.9869999885559082,0.570900022983551
YIR023W,YDR115W,0,-9.430296,0.14737942814826965,0.9869999885559082,0.5709999799728394
YER167W,YML008C,0,-9.430486,0.14735741913318634,0.9869999885559082,0.5710999965667725
YDR197W,YCR077C,0,-9.430495,0.14733542501926422,0.9869999885559082,0.5712000131607056
YGR261C,YGL257C,0,-9.431289,0.1473134309053421,0.9869999885559082,0.5713000297546387
YJR040W,YOR190W,0,-9.432267,0.14729145169258118,0.9869999885559082,0.571399986743927
YBL032W,YLR371W,0,-9.432964,0.14726947247982025,0.9869999885559082,0.5715000033378601
YNL169C,YKR078W,0,-9.434473,0.14724750816822052,0.9869999885559082,0.5716000199317932
YDR427W,YDR073W,0,-9.434996,0.1472255438566208,0.9869999885559082,0.5716999769210815
YPR103W,YOR347C,0,-9.435942,0.14720357954502106,0.9869999885559082,0.5717999935150146
YBL015W,YEL032W,0,-9.435998,0.14718163013458252,0.9869999885559082,0.5719000101089478
YML098W,YDR325W,0,-9.436077,0.14715968072414398,0.9869999885559082,0.5720000267028809
YFR025C,YOR285W,0,-9.436183,0.14713774621486664,0.9869999885559082,0.5720999836921692
YPR162C,YDR012W,0,-9.436211,0.1471158117055893,0.9869999885559082,0.5722000002861023
YHR146W,YBR299W,0,-9.436935,0.14709389209747314,0.9869999885559082,0.5723000168800354
YOL119C,YOL045W,0,-9.43695,0.147071972489357,0.9869999885559082,0.5723999738693237
YNR057C,YMR256C,0,-9.436951,0.14705005288124084,0.9869999885559082,0.5724999904632568
YMR039C,YLR409C,0,-9.4390955,0.1470281481742859,0.9869999885559082,0.5726000070571899
YDR399W,YBR256C,0,-9.439647,0.14700625836849213,0.9869999885559082,0.572700023651123
YLL018C-A,YER019C-A,0,-9.440425,0.14698436856269836,0.9869999885559082,0.5727999806404114
YER006W,YCR073W-A,0,-9.4404545,0.1469624787569046,0.9869999885559082,0.5728999972343445
YDL017W,YML018C,0,-9.441089,0.14694060385227203,0.9869999885559082,0.5730000138282776
YML075C,YNL293W,0,-9.441178,0.14691872894763947,0.9869999885559082,0.5730999708175659
YGR132C,YNL222W,0,-9.441533,0.1468968540430069,0.9869999885559082,0.573199987411499
YDR197W,YNL075W,0,-9.441638,0.14687499403953552,0.9869999885559082,0.5733000040054321
YIR009W,YNL301C,0,-9.44167,0.14685314893722534,0.9869999885559082,0.5734000205993652
YOR026W,YDR529C,0,-9.441734,0.14683130383491516,0.9869999885559082,0.5734999775886536
YBR029C,YMR224C,0,-9.441796,0.14680945873260498,0.9869999885559082,0.5735999941825867
YGR268C,YHR094C,0,-9.442248,0.146787628531456,0.9869999885559082,0.5737000107765198
YOR374W,YAL017W,0,-9.442473,0.146765798330307,0.9869999885559082,0.5738000273704529
YPL119C,YLR350W,0,-9.442698,0.1467439830303192,0.9869999885559082,0.5738999843597412
YCL064C,YNL097C,0,-9.443167,0.14672216773033142,0.9869999885559082,0.5740000009536743
YCL027W,YML038C,0,-9.443547,0.14670035243034363,0.9869999885559082,0.5741000175476074
YBR038W,YFR050C,0,-9.4441395,0.14667855203151703,0.9869999885559082,0.5741999745368958
YGR221C,YJR110W,0,-9.444193,0.14665676653385162,0.9869999885559082,0.5742999911308289
YOL062C,YML015C,0,-9.444228,0.14663496613502502,0.9869999885559082,0.574400007724762
YMR300C,YDR253C,0,-9.444741,0.1466131955385208,0.9869999885559082,0.5745000243186951
YGL013C,YNL134C,0,-9.44546,0.1465914100408554,0.9869999885559082,0.5745999813079834
YGR077C,YPL253C,0,-9.445772,0.1465696394443512,0.9869999885559082,0.5746999979019165
YNR059W,YDR140W,0,-9.446287,0.14654788374900818,0.9869999885559082,0.5748000144958496
YLL061W,YPR125W,0,-9.446355,0.14652612805366516,0.9869999885559082,0.5748999714851379
YMR186W,YNL312W,0,-9.446898,0.14650437235832214,0.9869999885559082,0.574999988079071
YDL076C,YDL080C,0,-9.446947,0.14648263156414032,0.9869999885559082,0.5751000046730042
YML104C,YNL055C,0,-9.447747,0.1464609056711197,0.9869999885559082,0.5752000212669373
YOR039W,YDL136W,0,-9.447884,0.14643916487693787,0.9869999885559082,0.5752999782562256
YDR386W,YBR241C,0,-9.44794,0.14641743898391724,0.9869999885559082,0.5753999948501587
YOR145C,YKL088W,0,-9.448175,0.1463957279920578,0.9869999885559082,0.5755000114440918
YKR037C,YNL263C,0,-9.448596,0.14637401700019836,0.9869999885559082,0.5756000280380249
YNR016C,YOR010C,0,-9.448875,0.14635230600833893,0.9869999885559082,0.5756999850273132
YDL108W,YAL023C,0,-9.448901,0.14633060991764069,0.9869999885559082,0.5758000016212463
YMR128W,YHR001W-A,0,-9.449274,0.14630892872810364,0.9869999885559082,0.5759000182151794
YJL092W,YOL027C,0,-9.449387,0.1462872326374054,0.9869999885559082,0.5759999752044678
YOR373W,YOR057W,0,-9.449407,0.14626556634902954,0.9869999885559082,0.5760999917984009
YJR108W,YDL147W,0,-9.44974,0.1462438851594925,0.9869999885559082,0.576200008392334
YNR067C,YNL332W,0,-9.450058,0.14622221887111664,0.9869999885559082,0.5763000249862671
YDR410C,YJR028W,0,-9.450649,0.14620056748390198,0.9869999885559082,0.5763999819755554
YLL027W,YGR007W,0,-9.450668,0.14617891609668732,0.9869999885559082,0.5764999985694885
YIR009W,YLR001C,0,-9.4510355,0.14615726470947266,0.9869999885559082,0.5766000151634216
YNL099C,YOR187W,0,-9.451248,0.1461356282234192,0.9869999885559082,0.57669997215271
YJL219W,YGL053W,0,-9.4513235,0.14611399173736572,0.9869999885559082,0.5767999887466431
YMR021C,YPL147W,0,-9.452063,0.14609235525131226,0.9869999885559082,0.5769000053405762
YBR135W,YIR025W,0,-9.452907,0.14607074856758118,0.9869999885559082,0.5770000219345093
YCR010C,YEL039C,0,-9.453016,0.1460491269826889,0.9869999885559082,0.5770999789237976
YPL244C,YOR127W,0,-9.453122,0.14602752029895782,0.9869999885559082,0.5771999955177307
YNR011C,YPL065W,0,-9.453282,0.14600591361522675,0.9869999885559082,0.5773000121116638
YJR138W,YNL273W,0,-9.453781,0.14598432183265686,0.9869999885559082,0.5774000287055969
YLR355C,YOR336W,0,-9.454375,0.14596273005008698,0.9869999885559082,0.5774999856948853
YFR051C,YGL044C,0,-9.4544525,0.14594115316867828,0.9869999885559082,0.5776000022888184
YMR121C,YMR101C,0,-9.454774,0.1459195762872696,0.9869999885559082,0.5777000188827515
YOL132W,YDR092W,0,-9.455623,0.1458979994058609,0.9869999885559082,0.5777999758720398
YDR079W,YNL090W,0,-9.455789,0.1458764374256134,0.9869999885559082,0.5778999924659729
YJR021C,YOR075W,0,-9.456033,0.1458548903465271,0.9869999885559082,0.578000009059906
YNL315C,YIR037W,0,-9.456591,0.1458333283662796,0.9869999885559082,0.5781000256538391
YGL070C,YLR064W,0,-9.456655,0.1458117961883545,0.9869999885559082,0.5781999826431274
YER095W,YLR064W,0,-9.457213,0.1457902491092682,0.9869999885559082,0.5782999992370605
YDL217C,YJL222W,0,-9.457585,0.14576871693134308,0.9869999885559082,0.5784000158309937
YDL247W,YDR057W,0,-9.457655,0.14574719965457916,0.9869999885559082,0.578499972820282
YLR216C,YGR072W,0,-9.457679,0.14572568237781525,0.9869999885559082,0.5785999894142151
YGR028W,YOL011W,0,-9.458663,0.14570416510105133,0.9869999885559082,0.5787000060081482
YOR324C,YHR202W,0,-9.458849,0.1456826627254486,0.9869999885559082,0.5788000226020813
YKL174C,YLR346C,0,-9.459085,0.1456611603498459,0.9869999885559082,0.5788999795913696
YDR216W,YLR044C,0,-9.460293,0.14563965797424316,0.9869999885559082,0.5789999961853027
YLR078C,YDR494W,0,-9.460583,0.14561817049980164,0.9869999885559082,0.5791000127792358
YBL098W,YOR026W,0,-9.461436,0.1455966979265213,0.9869999885559082,0.579200029373169
YDL069C,YOR120W,0,-9.461527,0.14557522535324097,0.9869999885559082,0.5792999863624573
YGL155W,YOR383C,0,-9.461602,0.14555375277996063,0.9869999885559082,0.5794000029563904
YBR247C,YOR008C,0,-9.461654,0.1455322951078415,0.9869999885559082,0.5795000195503235
YMR065W,YDL076C,0,-9.462149,0.14551083743572235,0.9869999885559082,0.5795999765396118
YGR230W,YHR081W,0,-9.462806,0.1454893797636032,0.9869999885559082,0.5796999931335449
YBL103C,YJR041C,0,-9.462833,0.14546793699264526,0.9869999885559082,0.579800009727478
YDR264C,YPL259C,0,-9.463876,0.1454465091228485,0.9869999885559082,0.5799000263214111
YLR216C,YGL254W,0,-9.464108,0.14542508125305176,0.9869999885559082,0.5799999833106995
YJL063C,YPL236C,0,-9.464148,0.145403653383255,0.9869999885559082,0.5800999999046326
YBL037W,YOR019W,0,-9.464533,0.14538224041461945,0.9869999885559082,0.5802000164985657
YGL063W,YPL183W-A,0,-9.465003,0.1453608274459839,0.9869999885559082,0.580299973487854
YBR017C,YBL005W,0,-9.465662,0.14533941447734833,0.9869999885559082,0.5803999900817871
YDL005C,YOL067C,0,-9.465691,0.14531801640987396,0.9869999885559082,0.5805000066757202
YHL011C,YML029W,0,-9.465868,0.1452966332435608,0.9869999885559082,0.5806000232696533
YMR246W,YPL010W,0,-9.465979,0.14527525007724762,0.9869999885559082,0.5806999802589417
YJL073W,YDR073W,0,-9.46629,0.14525386691093445,0.9869999885559082,0.5807999968528748
YKL168C,YMR190C,0,-9.466745,0.14523248374462128,0.9869999885559082,0.5809000134468079
YBR045C,YER089C,0,-9.467118,0.1452111154794693,0.9869999885559082,0.5809999704360962
YLR113W,YPR178W,0,-9.467287,0.14518976211547852,0.9869999885559082,0.5810999870300293
YBR222C,YJL176C,0,-9.467472,0.14516840875148773,0.9869999885559082,0.5812000036239624
YML078W,YER082C,0,-9.467622,0.14514705538749695,0.9869999885559082,0.5813000202178955
YGL028C,YPL138C,0,-9.467644,0.14512571692466736,0.9869999885559082,0.5813999772071838
YPL221W,YER087C-A,0,-9.468944,0.14510437846183777,0.9869999885559082,0.5814999938011169
YLR405W,YCR097W,0,-9.46915,0.14508305490016937,0.9869999885559082,0.58160001039505
YLR350W,YBL025W,0,-9.469785,0.14506173133850098,0.9869999885559082,0.5817000269889832
YAL042W,YMR231W,0,-9.470473,0.14504040777683258,0.9869999885559082,0.5817999839782715
YDL223C,YOR233W,0,-9.470963,0.14501909911632538,0.9869999885559082,0.5819000005722046
YOR037W,YIL135C,0,-9.470978,0.14499779045581818,0.9869999885559082,0.5820000171661377
YGR040W,YOL031C,0,-9.471524,0.14497649669647217,0.9869999885559082,0.582099974155426
YBL082C,YPR094W,0,-9.472214,0.14495520293712616,0.9869999885559082,0.5821999907493591
YOL089C,YDL116W,0,-9.472368,0.14493392407894135,0.9869999885559082,0.5823000073432922
YKR008W,YDR388W,0,-9.472908,0.14491264522075653,0.9869999885559082,0.5824000239372253
YOR249C,YCR097W,0,-9.473565,0.14489136636257172,0.9869999885559082,0.5824999809265137
YAL022C,YCR071C,0,-9.473867,0.1448701024055481,0.9869999885559082,0.5825999975204468
YDR280W,YHR056C,0,-9.474014,0.14484883844852448,0.9869999885559082,0.5827000141143799
YML126C,YDR078C,0,-9.474764,0.14482758939266205,0.9869999885559082,0.5827999711036682
YLL009C,YLR151C,0,-9.475077,0.14480634033679962,0.9869999885559082,0.5828999876976013
YJL082W,YPR094W,0,-9.475081,0.1447850912809372,0.9869999885559082,0.5830000042915344
YML118W,YGL063W,0,-9.475106,0.14476385712623596,0.9869999885559082,0.5831000208854675
YOR326W,YKL086W,0,-9.475183,0.14474263787269592,0.9869999885559082,0.5831999778747559
YLR295C,YDL047W,0,-9.475768,0.1447214037179947,0.9869999885559082,0.583299994468689
YPR094W,YJR117W,0,-9.476016,0.14470018446445465,0.9869999885559082,0.5834000110626221
YOL052C-A,YFR040W,0,-9.476429,0.1446789801120758,0.9869999885559082,0.5835000276565552
YGL116W,YHL008C,0,-9.477376,0.14465777575969696,0.9869999885559082,0.5835999846458435
YOR099W,YDR251W,0,-9.477539,0.14463657140731812,0.9869999885559082,0.5837000012397766
YJL008C,YDR084C,0,-9.478209,0.14461538195610046,0.9869999885559082,0.5838000178337097
YLR109W,YLR129W,0,-9.478515,0.1445941925048828,0.9869999885559082,0.583899974822998
YIR041W,YML049C,0,-9.478606,0.14457301795482635,0.9869999885559082,0.5839999914169312
YNL261W,YGR240C,0,-9.478908,0.1445518434047699,0.9869999885559082,0.5841000080108643
YPL121C,YOL052C,0,-9.480367,0.14453068375587463,0.9869999885559082,0.5842000246047974
YDL161W,YLR313C,0,-9.480503,0.14450952410697937,0.9869999885559082,0.5842999815940857
YLR088W,YGR072W,0,-9.480576,0.1444883644580841,0.9869999885559082,0.5843999981880188
YDR179C,YOL051W,0,-9.481752,0.14446721971035004,0.9869999885559082,0.5845000147819519
YOR194C,YHL008C,0,-9.4819975,0.14444607496261597,0.9869999885559082,0.5845999717712402
YNL161W,YML080W,0,-9.482912,0.1444249302148819,0.9869999885559082,0.5846999883651733
YMR192W,YJR141W,0,-9.48323,0.14440380036830902,0.9869999885559082,0.5848000049591064
YIL109C,YJR103W,0,-9.483434,0.14438268542289734,0.9869999885559082,0.5849000215530396
YGL254W,YOL089C,0,-9.483926,0.14436155557632446,0.9869999885559082,0.5849999785423279
YER129W,YHR138C,0,-9.483948,0.14434045553207397,0.9869999885559082,0.585099995136261
YDR037W,YOR027W,0,-9.484119,0.1443193405866623,0.9869999885559082,0.5852000117301941
YJL111W,YOR086C,0,-9.484214,0.1442982405424118,0.9869999885559082,0.5853000283241272
YER087C-A,YBR077C,0,-9.484362,0.1442771553993225,0.9869999885559082,0.5853999853134155
YGR062C,YCR081W,0,-9.484631,0.14425607025623322,0.9869999885559082,0.5855000019073486
YMR303C,YBL105C,0,-9.484995,0.14423498511314392,0.9869999885559082,0.5856000185012817
YML067C,YER161C,0,-9.485177,0.14421391487121582,0.9869999885559082,0.5856999754905701
YNL332W,YOR287C,0,-9.48573,0.14419284462928772,0.9869999885559082,0.5857999920845032
YDL223C,YBL051C,0,-9.485943,0.14417177438735962,0.9869999885559082,0.5859000086784363
YLR100W,YDR323C,0,-9.486035,0.1441507190465927,0.9869999885559082,0.5860000252723694
YFL048C,YER027C,0,-9.486252,0.144129678606987,0.9869999885559082,0.5860999822616577
YOR303W,YDR309C,0,-9.487942,0.1441086232662201,0.9869999885559082,0.5861999988555908
YOR040W,YHL012W,0,-9.488799,0.14408759772777557,0.9869999885559082,0.5863000154495239
YOL011W,YJR049C,0,-9.48946,0.14406655728816986,0.9869999885559082,0.5863999724388123
YKL096W,YJR045C,0,-9.490243,0.14404553174972534,0.9869999885559082,0.5864999890327454
YBR038W,YIR018W,0,-9.491148,0.14402452111244202,0.9869999885559082,0.5866000056266785
YGL054C,YOR237W,0,-9.4914465,0.1440034955739975,0.9869999885559082,0.5867000222206116
YJL219W,YGL137W,0,-9.491557,0.14398249983787537,0.9869999885559082,0.5867999792098999
YER002W,YIL095W,0,-9.4916725,0.14396148920059204,0.9869999885559082,0.586899995803833
YDR106W,YKL130C,0,-9.492034,0.1439404934644699,0.9869999885559082,0.5870000123977661
YOL139C,YGL048C,0,-9.492155,0.14391951262950897,0.9869999885559082,0.5871000289916992
YJR083C,YFL022C,0,-9.49246,0.14389853179454803,0.9869999885559082,0.5871999859809875
YLR313C,YNR004W,0,-9.4925585,0.1438775509595871,0.9869999885559082,0.5873000025749207
YPR198W,YKL196C,0,-9.492798,0.14385658502578735,0.9869999885559082,0.5874000191688538
YGR175C,YPR155C,0,-9.492884,0.1438356190919876,0.9869999885559082,0.5874999761581421
YDL024C,YMR281W,0,-9.4929495,0.14381465315818787,0.9869999885559082,0.5875999927520752
YOL007C,YLR026C,0,-9.493399,0.14379370212554932,0.9869999885559082,0.5877000093460083
YCL051W,YJR129C,0,-9.493737,0.14377276599407196,0.9869999885559082,0.5878000259399414
YDR295C,YBL035C,0,-9.494161,0.1437518149614334,0.9869999885559082,0.5878999829292297
YPL133C,YBL036C,0,-9.494756,0.14373089373111725,0.9869999885559082,0.5879999995231628
YEL055C,YGL131C,0,-9.495376,0.1437099575996399,0.9869999885559082,0.588100016117096
YBR207W,YGR006W,0,-9.496175,0.14368903636932373,0.9869999885559082,0.5881999731063843
YGL137W,YLL056C,0,-9.496321,0.14366811513900757,0.9869999885559082,0.5882999897003174
YHR107C,YJL213W,0,-9.497583,0.1436472088098526,0.9869999885559082,0.5884000062942505
YIL159W,YOL110W,0,-9.497886,0.14362630248069763,0.9869999885559082,0.5885000228881836
YNL279W,YOR172W,0,-9.498224,0.14360541105270386,0.9869999885559082,0.5885999798774719
YNL161W,YJR158W,0,-9.498568,0.14358451962471008,0.9869999885559082,0.588699996471405
YCL027W,YPL010W,0,-9.499673,0.1435636430978775,0.9869999885559082,0.5888000130653381
YOL155C,YGR059W,0,-9.499937,0.14354275166988373,0.9869999885559082,0.5889000296592712
YDR421W,YBR089C-A,0,-9.501079,0.14352189004421234,0.9869999885559082,0.5889999866485596
YNL317W,YBR055C,0,-9.501559,0.14350101351737976,0.9869999885559082,0.5891000032424927
YJR094C,YPL022W,0,-9.501753,0.14348015189170837,0.9869999885559082,0.5892000198364258
YBR129C,YER005W,0,-9.50244,0.14345930516719818,0.9869999885559082,0.5892999768257141
YOL164W,YBR230C,0,-9.502965,0.143438458442688,0.9869999885559082,0.5893999934196472
YGL008C,YPR103W,0,-9.504069,0.1434176117181778,0.9869999885559082,0.5895000100135803
YDL222C,YDR352W,0,-9.504369,0.1433967798948288,0.9869999885559082,0.5896000266075134
YHR074W,YDR084C,0,-9.504708,0.1433759480714798,0.9869999885559082,0.5896999835968018
YGR078C,YBR016W,0,-9.505902,0.1433551162481308,0.9869999885559082,0.5898000001907349
YDL043C,YOL117W,0,-9.50627,0.143334299325943,0.9869999885559082,0.589900016784668
YMR200W,YER021W,0,-9.50653,0.1433134824037552,0.9869999885559082,0.5899999737739563
YOR351C,YPL163C,0,-9.506652,0.14329268038272858,0.9869999885559082,0.5900999903678894
YOR336W,YHR181W,0,-9.506933,0.14327187836170197,0.9869999885559082,0.5902000069618225
YOR335C,YKL087C,0,-9.508031,0.14325109124183655,0.9869999885559082,0.5903000235557556
YMR073C,YLL027W,0,-9.509078,0.14323030412197113,0.9869999885559082,0.590399980545044
YOL062C,YEL041W,0,-9.509242,0.1432095170021057,0.9869999885559082,0.590499997138977
YLL051C,YJL051W,0,-9.509746,0.1431887447834015,0.9869999885559082,0.5906000137329102
YHR047C,YOL055C,0,-9.509937,0.14316797256469727,0.9869999885559082,0.5906999707221985
YOL051W,YER024W,0,-9.510121,0.14314721524715424,0.9869999885559082,0.5907999873161316
YBR042C,YFR006W,0,-9.5107765,0.14312644302845,0.9869999885559082,0.5909000039100647
YBL080C,YBL068W,0,-9.511283,0.14310570061206818,0.9869999885559082,0.5910000205039978
YNR007C,YDL161W,0,-9.511295,0.14308495819568634,0.9869999885559082,0.5910999774932861
YBL051C,YGL205W,0,-9.511483,0.1430642157793045,0.9869999885559082,0.5911999940872192
YFR036W,YAL029C,0,-9.511886,0.14304347336292267,0.9869999885559082,0.5913000106811523
YOR239W,YDR386W,0,-9.511976,0.14302274584770203,0.9869999885559082,0.5914000272750854
YIL133C,YOR396W,0,-9.5122795,0.14300203323364258,0.9869999885559082,0.5914999842643738
YML123C,YNL201C,0,-9.512712,0.14298130571842194,0.9869999885559082,0.5916000008583069
YHR143W,YBR237W,0,-9.512921,0.14296060800552368,0.9869999885559082,0.59170001745224
YOR278W,YER113C,0,-9.513083,0.14293989539146423,0.9869999885559082,0.5917999744415283
YLR092W,YNL088W,0,-9.513505,0.14291919767856598,0.9869999885559082,0.5918999910354614
YMR286W,YMR266W,0,-9.513737,0.14289851486682892,0.9869999885559082,0.5920000076293945
YMR163C,YPL053C,0,-9.514071,0.14287781715393066,0.9869999885559082,0.5921000242233276
YDR288W,YBR097W,0,-9.514336,0.1428571492433548,0.9869999885559082,0.592199981212616
YMR058W,YDR017C,0,-9.514411,0.14283646643161774,0.9869999885559082,0.5922999978065491
YGR288W,YPR072W,0,-9.515154,0.14281579852104187,0.9869999885559082,0.5924000144004822
YHR053C,YDL109C,0,-9.516112,0.1427951455116272,0.9869999885559082,0.5924999713897705
YGR040W,YGR203W,0,-9.516547,0.14277447760105133,0.9869999885559082,0.5925999879837036
YDL078C,YIL177C,0,-9.516947,0.14275383949279785,0.9869999885559082,0.5927000045776367
YLR131C,YJR031C,0,-9.51726,0.14273318648338318,0.9869999885559082,0.5928000211715698
YLR215C,YCR008W,0,-9.517282,0.1427125483751297,0.9869999885559082,0.5928999781608582
YJL099W,YGL129C,0,-9.51734,0.14269192516803741,0.9869999885559082,0.5929999947547913
YCR089W,YFL014W,0,-9.517621,0.14267128705978394,0.9869999885559082,0.5931000113487244
YGL168W,YBR221C,0,-9.517895,0.14265067875385284,0.9869999885559082,0.5932000279426575
YNL139C,YGR049W,0,-9.517972,0.14263005554676056,0.9869999885559082,0.5932999849319458
YMR215W,YJR138W,0,-9.518569,0.14260944724082947,0.9869999885559082,0.5934000015258789
YMR162C,YGR268C,0,-9.51864,0.14258885383605957,0.9869999885559082,0.593500018119812
YGR158C,YPR002W,0,-9.519803,0.14256824553012848,0.9869999885559082,0.5935999751091003
YML093W,YGR296W,0,-9.520249,0.14254766702651978,0.9869999885559082,0.5936999917030334
YGR224W,YMR208W,0,-9.52125,0.14252707362174988,0.9869999885559082,0.5938000082969666
YOR171C,YFL052W,0,-9.521386,0.14250649511814117,0.9869999885559082,0.5939000248908997
YDR335W,YKL178C,0,-9.521664,0.14248593151569366,0.9869999885559082,0.593999981880188
YIL096C,YPL276W,0,-9.522556,0.14246535301208496,0.9869999885559082,0.5940999984741211
YLR047C,YMR145C,0,-9.522797,0.14244480431079865,0.9869999885559082,0.5942000150680542
YBR181C,YDR084C,0,-9.522895,0.14242424070835114,0.9869999885559082,0.5942999720573425
YCR088W,YDL161W,0,-9.52435,0.14240369200706482,0.9869999885559082,0.5943999886512756
YJR036C,YCR027C,0,-9.524472,0.1423831433057785,0.9869999885559082,0.5945000052452087
YLR353W,YBR066C,0,-9.524689,0.14236260950565338,0.9869999885559082,0.5946000218391418
YOL076W,YDR253C,0,-9.525611,0.14234207570552826,0.9869999885559082,0.5946999788284302
YLR086W,YHR163W,0,-9.526387,0.14232155680656433,0.9869999885559082,0.5947999954223633
YPL005W,YNL128W,0,-9.527199,0.1423010379076004,0.9869999885559082,0.5949000120162964
YJR158W,YGR193C,0,-9.528488,0.14228051900863647,0.9869999885559082,0.5950000286102295
YBR018C,YHR092C,0,-9.528573,0.14226001501083374,0.9869999885559082,0.5950999855995178
YLR390W-A,YHR083W,0,-9.528621,0.142239511013031,0.9869999885559082,0.5952000021934509
YDR256C,YMR163C,0,-9.52885,0.14221902191638947,0.9869999885559082,0.595300018787384
YNL214W,YDL042C,0,-9.528986,0.14219853281974792,0.9869999885559082,0.5953999757766724
YPL140C,YCR084C,0,-9.529586,0.14217804372310638,0.9869999885559082,0.5954999923706055
YOR150W,YLR448W,1,-9.529736,0.14230160415172577,0.9879999756813049,0.5954999923706055
YGL062W,YOR057W,0,-9.529902,0.14228110015392303,0.9879999756813049,0.5956000089645386
YBR095C,YBR030W,0,-9.530078,0.1422606259584427,0.9879999756813049,0.5957000255584717
YHR204W,YLR071C,0,-9.530904,0.14224013686180115,0.9879999756813049,0.59579998254776
YDL231C,YBR186W,0,-9.5309515,0.1422196626663208,0.9879999756813049,0.5958999991416931
YOR330C,YDR212W,0,-9.5311165,0.14219918847084045,0.9879999756813049,0.5960000157356262
YMR163C,YDR510W,0,-9.532054,0.1421787291765213,0.9879999756813049,0.5960999727249146
YPR035W,YDR522C,0,-9.5333185,0.14215826988220215,0.9879999756813049,0.5961999893188477
YBR281C,YDL124W,0,-9.53393,0.1421378254890442,0.9879999756813049,0.5963000059127808
YDR397C,YML092C,0,-9.534076,0.14211738109588623,0.9879999756813049,0.5964000225067139
YOR150W,YPR102C,1,-9.535319,0.1422407627105713,0.9890000224113464,0.5964000225067139
YOL030W,YMR127C,0,-9.535586,0.14222030341625214,0.9890000224113464,0.5964999794960022
YBL022C,YDR079C-A,0,-9.535621,0.14219985902309418,0.9890000224113464,0.5965999960899353
YNL173C,YMR100W,0,-9.535719,0.14217941462993622,0.9890000224113464,0.5967000126838684
YER026C,YDR277C,0,-9.5360775,0.14215897023677826,0.9890000224113464,0.5968000292778015
YDR284C,YNL272C,0,-9.536185,0.1421385407447815,0.9890000224113464,0.5968999862670898
YJL148W,YKL222C,0,-9.536522,0.14211812615394592,0.9890000224113464,0.597000002861023
YOR126C,YLR025W,0,-9.537251,0.14209769666194916,0.9890000224113464,0.597100019454956
YOR171C,YGL096W,0,-9.537384,0.1420772820711136,0.9890000224113464,0.5971999764442444
YHR072W,YDR131C,0,-9.53743,0.1420568823814392,0.9890000224113464,0.5972999930381775
YDR298C,YCR106W,0,-9.538009,0.14203648269176483,0.9890000224113464,0.5974000096321106
YHR123W,YAL005C,0,-9.538037,0.14201608300209045,0.9890000224113464,0.5975000262260437
YOR322C,YIL018W,0,-9.538374,0.14199569821357727,0.9890000224113464,0.597599983215332
YJR121W,YHR107C,0,-9.538697,0.1419753134250641,0.9890000224113464,0.5976999998092651
YMR304W,YKR053C,0,-9.539218,0.1419549286365509,0.9890000224113464,0.5978000164031982
YNR067C,YLR321C,0,-9.53941,0.1419345587491989,0.9890000224113464,0.5978999733924866
YMR256C,YKL108W,0,-9.540995,0.14191418886184692,0.9890000224113464,0.5979999899864197
YDR244W,YCL008C,0,-9.541997,0.14189383387565613,0.9890000224113464,0.5981000065803528
YER044C-A,YOL006C,0,-9.542068,0.14187347888946533,0.9890000224113464,0.5982000231742859
YOR216C,YLR119W,0,-9.542156,0.14185312390327454,0.9890000224113464,0.5982999801635742
YDL154W,YNL175C,0,-9.542605,0.14183278381824493,0.9890000224113464,0.5983999967575073
YDR176W,YGR133W,0,-9.543169,0.14181244373321533,0.9890000224113464,0.5985000133514404
YLR275W,YGR277C,0,-9.543597,0.14179211854934692,0.9890000224113464,0.5985999703407288
YNL020C,YBR298C,0,-9.544236,0.14177179336547852,0.9890000224113464,0.5986999869346619
YLR188W,YGR171C,0,-9.544527,0.1417514681816101,0.9890000224113464,0.598800003528595
YJR137C,YPL151C,0,-9.544646,0.1417311578989029,0.9890000224113464,0.5989000201225281
YDR294C,YHR048W,0,-9.544849,0.14171084761619568,0.9890000224113464,0.5989999771118164
YEL032W,YFR050C,0,-9.545264,0.14169053733348846,0.9890000224113464,0.5990999937057495
YMR022W,YDR084C,0,-9.545606,0.14167024195194244,0.9890000224113464,0.5992000102996826
YGR010W,YLR059C,0,-9.545976,0.14164996147155762,0.9890000224113464,0.5993000268936157
YNR054C,YDR041W,0,-9.54629,0.1416296660900116,0.9890000224113464,0.599399983882904
YNL315C,YPL085W,0,-9.54755,0.14160938560962677,0.9890000224113464,0.5995000004768372
YGL203C,YBL006C,0,-9.547699,0.14158912003040314,0.9890000224113464,0.5996000170707703
YOL111C,YKL142W,0,-9.5490885,0.1415688544511795,0.9890000224113464,0.5996999740600586
YAR015W,YBL047C,0,-9.549897,0.14154858887195587,0.9890000224113464,0.5997999906539917
YBL013W,YKL089W,0,-9.550082,0.14152833819389343,0.9890000224113464,0.5999000072479248
YBR103W,YLR178C,0,-9.55078,0.141508087515831,0.9890000224113464,0.6000000238418579
YKR067W,YHR067W,0,-9.551743,0.14148783683776855,0.9890000224113464,0.6000999808311462
YKL116C,YGL059W,0,-9.5531025,0.1414676010608673,0.9890000224113464,0.6001999974250793
YJL210W,YCR036W,0,-9.553241,0.14144736528396606,0.9890000224113464,0.6003000140190125
YPL194W,YNL227C,0,-9.553769,0.141427144408226,0.9890000224113464,0.6003999710083008
YDR196C,YLL014W,0,-9.554817,0.14140692353248596,0.9890000224113464,0.6004999876022339
YBR221C,YMR230W,0,-9.555463,0.1413867026567459,0.9890000224113464,0.600600004196167
YGR230W,YNL032W,0,-9.555793,0.14136649668216705,0.9890000224113464,0.6007000207901001
YOL030W,YDR330W,0,-9.555886,0.1413462907075882,0.9890000224113464,0.6007999777793884
YGL240W,YJR040W,0,-9.556036,0.14132609963417053,0.9890000224113464,0.6008999943733215
YMR232W,YBR171W,0,-9.556141,0.14130589365959167,0.9890000224113464,0.6010000109672546
YGR292W,YHR062C,0,-9.556801,0.1412857174873352,0.9890000224113464,0.6011000275611877
YHR057C,YNL317W,0,-9.557772,0.14126552641391754,0.9890000224113464,0.6011999845504761
YNL239W,YDL217C,0,-9.5582285,0.14124536514282227,0.9890000224113464,0.6013000011444092
YNL163C,YCL020W,0,-9.558441,0.1412251889705658,0.9890000224113464,0.6014000177383423
YPL002C,YNR073C,0,-9.558446,0.14120502769947052,0.9890000224113464,0.6014999747276306
YAL058W,YDR219C,0,-9.558774,0.14118486642837524,0.9890000224113464,0.6015999913215637
YBR297W,YLR360W,0,-9.558944,0.14116472005844116,0.9890000224113464,0.6017000079154968
YML101C,YHR080C,0,-9.5590315,0.14114457368850708,0.9890000224113464,0.6018000245094299
YKL092C,YER107C,0,-9.559951,0.141124427318573,0.9890000224113464,0.6018999814987183
YOR349W,YEL059C-A,0,-9.560318,0.1411042958498001,0.9890000224113464,0.6019999980926514
YIR019C,YPL188W,0,-9.560999,0.14108416438102722,0.9890000224113464,0.6021000146865845
YDR497C,YDR109C,0,-9.561644,0.14106404781341553,0.9890000224113464,0.6021999716758728
YKL096W-A,YJL210W,0,-9.56198,0.14104393124580383,0.9890000224113464,0.6022999882698059
YOL113W,YIL022W,0,-9.562065,0.14102381467819214,0.9890000224113464,0.602400004863739
YDR372C,YKL095W,0,-9.562434,0.14100371301174164,0.9890000224113464,0.6025000214576721
YDR512C,YHR001W,0,-9.562588,0.14098361134529114,0.9890000224113464,0.6025999784469604
YDR487C,YJR134C,0,-9.563125,0.14096350967884064,0.9890000224113464,0.6026999950408936
YOR185C,YDL236W,0,-9.563567,0.14094342291355133,0.9890000224113464,0.6028000116348267
YOL156W,YGL059W,0,-9.563973,0.14092333614826202,0.9890000224113464,0.6029000282287598
YPR055W,YPR080W,0,-9.564353,0.1409032642841339,0.9890000224113464,0.6029999852180481
YLR116W,YHR154W,0,-9.564522,0.1408831924200058,0.9890000224113464,0.6031000018119812
YDL193W,YDR470C,0,-9.564633,0.14086312055587769,0.9890000224113464,0.6032000184059143
YJR152W,YBR166C,0,-9.564672,0.14084306359291077,0.9890000224113464,0.6032999753952026
YPR134W,YNL231C,0,-9.564791,0.14082300662994385,0.9890000224113464,0.6033999919891357
YPL281C,YKR037C,0,-9.564968,0.14080296456813812,0.9890000224113464,0.6035000085830688
YOR002W,YLR350W,0,-9.565479,0.1407829225063324,0.9890000224113464,0.603600025177002
YGR246C,YDR363W-A,0,-9.565642,0.14076288044452667,0.9890000224113464,0.6036999821662903
YKL217W,YGL045W,0,-9.565779,0.14074285328388214,0.9890000224113464,0.6037999987602234
YIR004W,YKL142W,0,-9.565951,0.1407228261232376,0.9890000224113464,0.6039000153541565
YHR193C,YOR274W,0,-9.566339,0.14070279896259308,0.9890000224113464,0.6039999723434448
YDR351W,YNL332W,0,-9.568139,0.14068278670310974,0.9890000224113464,0.6040999889373779
YGL222C,YNL239W,0,-9.56829,0.1406627744436264,0.9890000224113464,0.604200005531311
YOL086C,YDR179C,0,-9.568677,0.14064277708530426,0.9890000224113464,0.6043000221252441
YNL251C,YLL055W,0,-9.569122,0.14062277972698212,0.9890000224113464,0.6043999791145325
YLR005W,YOR229W,0,-9.5702915,0.14060278236865997,0.9890000224113464,0.6044999957084656
YDR309C,YHR056C,0,-9.571819,0.14058279991149902,0.9890000224113464,0.6046000123023987
YIL049W,YML004C,0,-9.572078,0.14056281745433807,0.9890000224113464,0.6047000288963318
YPL069C,YIL117C,0,-9.572127,0.14054284989833832,0.9890000224113464,0.6047999858856201
YCL011C,YDR351W,0,-9.572264,0.14052288234233856,0.9890000224113464,0.6049000024795532
YGL048C,YMR059W,0,-9.5727625,0.1405029147863388,0.9890000224113464,0.6050000190734863
YDR256C,YDR013W,0,-9.572821,0.14048294723033905,0.9890000224113464,0.6050999760627747
YCR034W,YBR012W-B,0,-9.573137,0.14046300947666168,0.9890000224113464,0.6051999926567078
YML126C,YNL252C,0,-9.573306,0.14044305682182312,0.9890000224113464,0.6053000092506409
YDR450W,YLL003W,0,-9.573481,0.14042311906814575,0.9890000224113464,0.605400025844574
YJL081C,YCR037C,0,-9.573665,0.14040318131446838,0.9890000224113464,0.6054999828338623
YLR116W,YML031W,0,-9.573766,0.14038324356079102,0.9890000224113464,0.6055999994277954
YDL240W,YKR095W-A,0,-9.575196,0.14036332070827484,0.9890000224113464,0.6057000160217285
YPL055C,YML027W,0,-9.575298,0.14034341275691986,0.9890000224113464,0.6057999730110168
YLR395C,YHR001W-A,0,-9.576779,0.1403234899044037,0.9890000224113464,0.60589998960495
YHR194W,YKR053C,0,-9.577459,0.1403035819530487,0.9890000224113464,0.6060000061988831
YML088W,YMR273C,0,-9.577679,0.14028368890285492,0.9890000224113464,0.6061000227928162
YBR234C,YLR409C,0,-9.577741,0.14026379585266113,0.9890000224113464,0.6061999797821045
YHR143W,YBR119W,0,-9.578111,0.14024390280246735,0.9890000224113464,0.6062999963760376
YDL126C,YLR216C,0,-9.579627,0.14022402465343475,0.9890000224113464,0.6064000129699707
YMR312W,YIR034C,0,-9.5802355,0.14020414650440216,0.9890000224113464,0.6065000295639038
YML092C,YMR077C,0,-9.580981,0.14018426835536957,0.9890000224113464,0.6065999865531921
YCL030C,YHR111W,0,-9.581125,0.14016440510749817,0.9890000224113464,0.6067000031471252
YPR131C,YIL022W,0,-9.581299,0.14014454185962677,0.9890000224113464,0.6068000197410583
YPL076W,YMR201C,0,-9.581577,0.14012467861175537,0.9890000224113464,0.6068999767303467
YNR058W,YDR330W,0,-9.582166,0.14010483026504517,0.9890000224113464,0.6069999933242798
YJL128C,YGL137W,0,-9.58237,0.14008498191833496,0.9890000224113464,0.6071000099182129
YEL009C,YGR152C,0,-9.58248,0.14006514847278595,0.9890000224113464,0.607200026512146
YJL101C,YLR050C,0,-9.582735,0.14004531502723694,0.9890000224113464,0.6072999835014343
YDR238C,YDR523C,0,-9.583437,0.14002548158168793,0.9890000224113464,0.6074000000953674
YLR378C,YMR216C,0,-9.583647,0.1400056630373001,0.9890000224113464,0.6075000166893005
YLR394W,YJL039C,0,-9.583838,0.1399858444929123,0.9890000224113464,0.6075999736785889
YHL007C,YML027W,0,-9.583849,0.13996604084968567,0.9890000224113464,0.607699990272522
YNL329C,YPR154W,0,-9.584338,0.13994622230529785,0.9890000224113464,0.6078000068664551
YDR511W,YDR363W-A,0,-9.584403,0.13992643356323242,0.9890000224113464,0.6079000234603882
YMR080C,YOR219C,0,-9.584827,0.1399066299200058,0.9890000224113464,0.6079999804496765
YJL094C,YBR028C,0,-9.584989,0.13988684117794037,0.9890000224113464,0.6080999970436096
YML051W,YOR176W,0,-9.584994,0.13986706733703613,0.9890000224113464,0.6082000136375427
YOR355W,YGR170W,0,-9.585241,0.1398472785949707,0.9890000224113464,0.608299970626831
YDR335W,YLR305C,0,-9.585499,0.13982751965522766,0.9890000224113464,0.6083999872207642
YMR080C,YCR009C,0,-9.585855,0.13980774581432343,0.9890000224113464,0.6085000038146973
YFL009W,YLR251W,0,-9.58622,0.13978798687458038,0.9890000224113464,0.6086000204086304
YBL099W,YPL269W,0,-9.586429,0.13976822793483734,0.9890000224113464,0.6086999773979187
YBR102C,YBR215W,0,-9.586461,0.1397484838962555,0.9890000224113464,0.6087999939918518
YBL047C,YER070W,0,-9.586863,0.13972873985767365,0.9890000224113464,0.6089000105857849
YBL080C,YIL121W,0,-9.587497,0.1397089958190918,0.9890000224113464,0.609000027179718
YOR354C,YFR005C,0,-9.587622,0.13968926668167114,0.9890000224113464,0.6090999841690063
YNL242W,YBR014C,0,-9.588034,0.1396695375442505,0.9890000224113464,0.6092000007629395
YFL010W-A,YPR160W,0,-9.588105,0.13964982330799103,0.9890000224113464,0.6093000173568726
YPR138C,YDR083W,0,-9.588745,0.13963009417057037,0.9890000224113464,0.6093999743461609
YOR311C,YBR114W,0,-9.589122,0.1396103948354721,0.9890000224113464,0.609499990940094
YDL137W,YNL183C,0,-9.589237,0.13959068059921265,0.9890000224113464,0.6096000075340271
YGL226C-A,YKR020W,0,-9.589891,0.13957098126411438,0.9890000224113464,0.6097000241279602
YGR171C,YNR024W,0,-9.590171,0.1395512968301773,0.9890000224113464,0.6097999811172485
YPL179W,YCR036W,0,-9.590766,0.13953159749507904,0.9890000224113464,0.6098999977111816
YNL071W,YOL006C,0,-9.591531,0.13951191306114197,0.9890000224113464,0.6100000143051147
YKL192C,YIL015W,0,-9.59161,0.1394922435283661,0.9890000224113464,0.6100999712944031
YKL062W,YGR222W,0,-9.59231,0.1394725739955902,0.9890000224113464,0.6101999878883362
YKR068C,YNL238W,0,-9.592453,0.13945290446281433,0.9890000224113464,0.6103000044822693
YDR229W,YDR476C,0,-9.592746,0.13943324983119965,0.9890000224113464,0.6104000210762024
YGR032W,YKL063C,0,-9.5934105,0.13941359519958496,0.9890000224113464,0.6104999780654907
YML051W,YDR176W,0,-9.593638,0.13939394056797028,0.9890000224113464,0.6105999946594238
YIL037C,YHR021C,0,-9.593638,0.13937430083751678,0.9890000224113464,0.6107000112533569
YPL069C,YML095C,0,-9.59372,0.1393546611070633,0.9890000224113464,0.61080002784729
YMR163C,YGL158W,0,-9.5937605,0.1393350213766098,0.9890000224113464,0.6108999848365784
YOR377W,YLR417W,0,-9.593824,0.1393153965473175,0.9890000224113464,0.6110000014305115
YPL005W,YLR310C,0,-9.595014,0.1392957717180252,0.9890000224113464,0.6111000180244446
YLR318W,YCL057W,0,-9.595667,0.1392761617898941,0.9890000224113464,0.6111999750137329
YNL334C,YJR117W,0,-9.596591,0.139256551861763,0.9890000224113464,0.611299991607666
YDL126C,YJL072C,0,-9.597357,0.1392369419336319,0.9890000224113464,0.6114000082015991
YOR384W,YMR304W,0,-9.597475,0.139217346906662,0.9890000224113464,0.6115000247955322
YBR119W,YOR190W,0,-9.597559,0.13919775187969208,0.9890000224113464,0.6115999817848206
YMR224C,YKR002W,0,-9.5978,0.13917815685272217,0.9890000224113464,0.6116999983787537
YBR299W,YIL149C,0,-9.598466,0.13915857672691345,0.9890000224113464,0.6118000149726868
YNL214W,YLR039C,0,-9.598821,0.13913899660110474,0.9890000224113464,0.6118999719619751
YML095C,YOR332W,0,-9.599031,0.13911943137645721,0.9890000224113464,0.6119999885559082
YOL165C,YLR370C,0,-9.599106,0.1390998661518097,0.9890000224113464,0.6121000051498413
YHR102W,YJL176C,0,-9.599929,0.13908030092716217,0.9890000224113464,0.6122000217437744
YGL236C,YOR103C,0,-9.600317,0.13906073570251465,0.9890000224113464,0.6122999787330627
YIL037C,YKL193C,0,-9.600736,0.13904118537902832,0.9890000224113464,0.6123999953269958
YMR149W,YML114C,0,-9.600976,0.13902164995670319,0.9890000224113464,0.612500011920929
YNL236W,YKR062W,0,-9.601119,0.13900211453437805,0.9890000224113464,0.6126000285148621
YHR036W,YDR362C,0,-9.601293,0.13898257911205292,0.9890000224113464,0.6126999855041504
YKR076W,YJL045W,0,-9.601448,0.13896304368972778,0.9890000224113464,0.6128000020980835
YIL043C,YDL049C,0,-9.601543,0.13894352316856384,0.9890000224113464,0.6129000186920166
YFL056C,YER024W,0,-9.601636,0.1389240026473999,0.9890000224113464,0.6129999756813049
YGL190C,YBL105C,0,-9.602011,0.13890449702739716,0.9890000224113464,0.613099992275238
YPL204W,YDR515W,0,-9.602214,0.1388849914073944,0.9890000224113464,0.6132000088691711
YGL029W,YDR170W-A,0,-9.602538,0.13886548578739166,0.9890000224113464,0.6133000254631042
YGR006W,YER074W-A,0,-9.602815,0.1388459950685501,0.9890000224113464,0.6133999824523926
YPL008W,YGL168W,0,-9.602902,0.13882650434970856,0.9890000224113464,0.6134999990463257
YOR099W,YKR025W,0,-9.605051,0.138807013630867,0.9890000224113464,0.6136000156402588
YKR035W-A,YOR083W,0,-9.605542,0.13878753781318665,0.9890000224113464,0.6136999726295471
YLR312W-A,YKL178C,0,-9.606198,0.1387680619955063,0.9890000224113464,0.6137999892234802
YLR080W,YKL079W,0,-9.606304,0.13874860107898712,0.9890000224113464,0.6139000058174133
YGR084C,YDL010W,0,-9.607213,0.13872914016246796,0.9890000224113464,0.6140000224113464
YFR013W,YDR297W,0,-9.60749,0.1387096792459488,0.9890000224113464,0.6140999794006348
YOL158C,YMR008C,0,-9.607546,0.13869021832942963,0.9890000224113464,0.6141999959945679
YKL028W,YKL058W,0,-9.607645,0.13867077231407166,0.9890000224113464,0.614300012588501
YPR052C,YNR011C,0,-9.607825,0.13865134119987488,0.9890000224113464,0.6144000291824341
YFL010W-A,YGR108W,0,-9.60799,0.1386319100856781,0.9890000224113464,0.6144999861717224
YKL096W-A,YGR263C,0,-9.608218,0.13861247897148132,0.9890000224113464,0.6146000027656555
YNL278W,YNL117W,0,-9.608915,0.13859304785728455,0.9890000224113464,0.6147000193595886
YGL120C,YLR329W,0,-9.610663,0.13857363164424896,0.9890000224113464,0.614799976348877
YFL003C,YDR013W,0,-9.611101,0.13855421543121338,0.9890000224113464,0.6148999929428101
YKL201C,YDL230W,0,-9.611239,0.138534814119339,0.9890000224113464,0.6150000095367432
YDL013W,YBR256C,0,-9.612255,0.1385154128074646,0.9890000224113464,0.6151000261306763
YHR116W,YDL153C,0,-9.612385,0.1384960114955902,0.9890000224113464,0.6151999831199646
YGR028W,YJR035W,0,-9.612456,0.13847661018371582,0.9890000224113464,0.6152999997138977
YLR144C,YGR054W,0,-9.612558,0.13845722377300262,0.9890000224113464,0.6154000163078308
YPL140C,YKL095W,0,-9.612761,0.13843785226345062,0.9890000224113464,0.6154999732971191
YEL053C,YPR133C,0,-9.612868,0.13841848075389862,0.9890000224113464,0.6155999898910522
YDR251W,YDL103C,0,-9.613665,0.13839910924434662,0.9890000224113464,0.6157000064849854
YJL198W,YJR159W,0,-9.613725,0.13837973773479462,0.9890000224113464,0.6158000230789185
YOR120W,YOR330C,0,-9.613813,0.1383603811264038,0.9890000224113464,0.6158999800682068
YGL087C,YNR006W,0,-9.61533,0.138341024518013,0.9890000224113464,0.6159999966621399
YBR222C,YNR045W,0,-9.615842,0.1383216828107834,0.9890000224113464,0.616100013256073
YOR264W,YCR073W-A,0,-9.616229,0.13830234110355377,0.9890000224113464,0.6161999702453613
YAL044C,YPR125W,0,-9.616264,0.13828299939632416,0.9890000224113464,0.6162999868392944
YBL106C,YLR042C,0,-9.616357,0.13826367259025574,0.9890000224113464,0.6164000034332275
YGR091W,YER074W-A,0,-9.6171665,0.13824434578418732,0.9890000224113464,0.6165000200271606
YPL204W,YMR127C,0,-9.617917,0.1382250189781189,0.9890000224113464,0.616599977016449
YML081C-A,YGR166W,0,-9.617933,0.13820570707321167,0.9890000224113464,0.6166999936103821
YHR115C,YBL055C,0,-9.617948,0.13818639516830444,0.9890000224113464,0.6168000102043152
YKL096W,YGR239C,0,-9.619443,0.13816708326339722,0.9890000224113464,0.6169000267982483
YPL055C,YPL065W,0,-9.619799,0.13814778625965118,0.9890000224113464,0.6169999837875366
YDR263C,YLR425W,0,-9.620173,0.13812848925590515,0.9890000224113464,0.6171000003814697
YIL167W,YKR060W,0,-9.621238,0.1381092071533203,0.9890000224113464,0.6172000169754028
YER141W,YOR010C,0,-9.621293,0.13808992505073547,0.9890000224113464,0.6172999739646912
YPL002C,YLR466W,0,-9.622037,0.13807064294815063,0.9890000224113464,0.6173999905586243
YDL128W,YML040W,0,-9.622522,0.1380513608455658,0.9890000224113464,0.6175000071525574
YPL024W,YGR152C,0,-9.622608,0.13803209364414215,0.9890000224113464,0.6176000237464905
YCR035C,YPL236C,0,-9.62266,0.1380128413438797,0.9890000224113464,0.6176999807357788
YNL245C,YBL088C,0,-9.622922,0.13799358904361725,0.9890000224113464,0.6177999973297119
YKL189W,YGR186W,0,-9.622996,0.1379743367433548,0.9890000224113464,0.617900013923645
YAL026C,YLR300W,0,-9.623744,0.13795508444309235,0.9890000224113464,0.6179999709129333
YDR302W,YGL131C,0,-9.624145,0.1379358470439911,0.9890000224113464,0.6180999875068665
YPL180W,YMR106C,0,-9.625218,0.13791660964488983,0.9890000224113464,0.6182000041007996
YCR091W,YCR028C-A,0,-9.625459,0.13789737224578857,0.9890000224113464,0.6183000206947327
YOL126C,YNL015W,0,-9.625618,0.1378781497478485,0.9890000224113464,0.618399977684021
YPR168W,YGR081C,0,-9.625783,0.13785894215106964,0.9890000224113464,0.6184999942779541
YLR384C,YAL001C,0,-9.626111,0.13783971965312958,0.9890000224113464,0.6186000108718872
YHR057C,YLR327C,0,-9.626189,0.1378205120563507,0.9890000224113464,0.6187000274658203
YDR422C,YCR102C,0,-9.626753,0.13780130445957184,0.9890000224113464,0.6187999844551086
YDR524C,YDR527W,0,-9.626981,0.13778211176395416,0.9890000224113464,0.6189000010490417
YAL041W,YLR321C,0,-9.62705,0.1377629190683365,0.9890000224113464,0.6190000176429749
YDL148C,YNL046W,0,-9.627596,0.1377437263727188,0.9890000224113464,0.6190999746322632
YDR237W,YPL112C,0,-9.628527,0.13772454857826233,0.9890000224113464,0.6191999912261963
YKL141W,YGL097W,0,-9.628701,0.13770537078380585,0.9890000224113464,0.6193000078201294
YEL053C,YHR080C,0,-9.629112,0.13768620789051056,0.9890000224113464,0.6194000244140625
YNR011C,YOR162C,0,-9.629406,0.13766704499721527,0.9890000224113464,0.6194999814033508
YOR181W,YMR239C,0,-9.629864,0.13764788210391998,0.9890000224113464,0.6195999979972839
YHR018C,YJL187C,0,-9.630538,0.1376287192106247,0.9890000224113464,0.619700014591217
YOR278W,YOR373W,0,-9.630556,0.1376095712184906,0.9890000224113464,0.6197999715805054
YDR013W,YLR327C,0,-9.630955,0.1375904232263565,0.9890000224113464,0.6198999881744385
YNL201C,YKL006W,0,-9.631798,0.1375712901353836,0.9890000224113464,0.6200000047683716
YJL179W,YIL147C,0,-9.632089,0.1375521570444107,0.9890000224113464,0.6201000213623047
YPL078C,YLR121C,0,-9.63237,0.1375330239534378,0.9890000224113464,0.620199978351593
YLR165C,YDR465C,0,-9.6324,0.1375139057636261,0.9890000224113464,0.6202999949455261
YDR313C,YGL246C,0,-9.632997,0.1374947875738144,0.9890000224113464,0.6204000115394592
YJR057W,YPL097W,0,-9.633338,0.13747566938400269,0.9890000224113464,0.6205000281333923
YJL219W,YHR001W-A,0,-9.63337,0.13745656609535217,0.9890000224113464,0.6205999851226807
YDR164C,YLR426W,0,-9.633499,0.13743746280670166,0.9890000224113464,0.6207000017166138
YCL030C,YGR135W,0,-9.634197,0.13741837441921234,0.9890000224113464,0.6208000183105469
YCR098C,YGL066W,0,-9.634575,0.13739927113056183,0.9890000224113464,0.6208999752998352
YMR056C,YKL127W,0,-9.63462,0.1373801976442337,0.9890000224113464,0.6209999918937683
YHR143W-A,YDL119C,0,-9.634644,0.13736110925674438,0.9890000224113464,0.6211000084877014
YKL143W,YJR086W,0,-9.635056,0.13734203577041626,0.9890000224113464,0.6212000250816345
YGR267C,YOR336W,0,-9.635439,0.13732296228408813,0.9890000224113464,0.6212999820709229
YDR289C,YER090W,0,-9.636278,0.1373039036989212,0.9890000224113464,0.621399998664856
YPL233W,YIR026C,0,-9.636342,0.13728484511375427,0.9890000224113464,0.6215000152587891
YLR134W,YKL171W,0,-9.636419,0.13726578652858734,0.9890000224113464,0.6215999722480774
YKL052C,YHR021C,0,-9.636488,0.1372467428445816,0.9890000224113464,0.6216999888420105
YNL136W,YNR073C,0,-9.636715,0.13722769916057587,0.9890000224113464,0.6218000054359436
YDR392W,YBL034C,0,-9.637381,0.13720865547657013,0.9890000224113464,0.6219000220298767
YNR057C,YLR078C,0,-9.637595,0.13718962669372559,0.9890000224113464,0.621999979019165
YGL077C,YDR310C,0,-9.63798,0.13717059791088104,0.9890000224113464,0.6220999956130981
YNR028W,YMR160W,0,-9.638039,0.1371515691280365,0.9890000224113464,0.6222000122070312
YLR377C,YNL214W,0,-9.638909,0.13713255524635315,0.9890000224113464,0.6223000288009644
YNL270C,YER044C-A,0,-9.639231,0.1371135413646698,0.9890000224113464,0.6223999857902527
YCR038C,YCR092C,0,-9.639285,0.13709454238414764,0.9890000224113464,0.6225000023841858
YER036C,YMR137C,0,-9.639392,0.1370755434036255,0.9890000224113464,0.6226000189781189
YPL097W,YGR005C,0,-9.639592,0.13705654442310333,0.9890000224113464,0.6226999759674072
YLR449W,YGR087C,0,-9.641397,0.13703754544258118,0.9890000224113464,0.6227999925613403
YAR033W,YHR181W,0,-9.641472,0.13701856136322021,0.9890000224113464,0.6229000091552734
YHR164C,YLR066W,0,-9.641524,0.13699957728385925,0.9890000224113464,0.6230000257492065
YNR072W,YNL129W,0,-9.643413,0.13698060810565948,0.9890000224113464,0.6230999827384949
YOR298W,YIL069C,0,-9.6435375,0.13696163892745972,0.9890000224113464,0.623199999332428
YNL317W,YJR133W,0,-9.64383,0.13694266974925995,0.9890000224113464,0.6233000159263611
YBR207W,YBR230C,0,-9.644114,0.13692371547222137,0.9890000224113464,0.6233999729156494
YFL048C,YOL011W,0,-9.644808,0.1369047611951828,0.9890000224113464,0.6234999895095825
YMR006C,YAL009W,0,-9.64499,0.13688580691814423,0.9890000224113464,0.6236000061035156
YDR188W,YNL334C,0,-9.6453905,0.13686686754226685,0.9890000224113464,0.6237000226974487
YJL112W,YPL029W,0,-9.645431,0.13684792816638947,0.9890000224113464,0.6237999796867371
YLR027C,YEL057C,0,-9.645774,0.13682900369167328,0.9890000224113464,0.6238999962806702
YEL058W,YGR183C,0,-9.646547,0.1368100643157959,0.9890000224113464,0.6240000128746033
YFL055W,YAL058W,0,-9.647296,0.1367911547422409,0.9890000224113464,0.6241000294685364
YFR036W,YLR346C,0,-9.647672,0.13677223026752472,0.9890000224113464,0.6241999864578247
YDR302W,YLR045C,0,-9.648007,0.13675332069396973,0.9890000224113464,0.6243000030517578
YKL093W,YOL067C,0,-9.648072,0.13673441112041473,0.9890000224113464,0.6244000196456909
YMR039C,YHR117W,0,-9.648874,0.13671551644802094,0.9890000224113464,0.6244999766349792
YKL173W,YLR240W,0,-9.648968,0.13669660687446594,0.9890000224113464,0.6245999932289124
YBR210W,YMR239C,0,-9.64898,0.13667772710323334,0.9890000224113464,0.6247000098228455
YOR039W,YBR185C,0,-9.649684,0.13665883243083954,0.9890000224113464,0.6248000264167786
YMR075W,YKR101W,0,-9.649854,0.13663995265960693,0.9890000224113464,0.6248999834060669
YMR201C,YGL160W,0,-9.651465,0.13662107288837433,0.9890000224113464,0.625
YGL078C,YOR150W,1,-9.651616,0.1367403268814087,0.9900000095367432,0.625
YMR142C,YCL020W,0,-9.651658,0.1367214471101761,0.9900000095367432,0.6251000165939331
YIR002C,YMR139W,0,-9.652522,0.13670256733894348,0.9900000095367432,0.6251999735832214
YKL078W,YKL174C,0,-9.653918,0.13668368756771088,0.9900000095367432,0.6252999901771545
YHR061C,YBR228W,0,-9.654455,0.13666482269763947,0.9900000095367432,0.6254000067710876
YGL047W,YDR155C,0,-9.655386,0.13664595782756805,0.9900000095367432,0.6255000233650208
YLR129W,YDR009W,0,-9.655426,0.13662710785865784,0.9900000095367432,0.6255999803543091
YPR094W,YHR119W,0,-9.656345,0.13660825788974762,0.9900000095367432,0.6256999969482422
YKL108W,YJL156C,0,-9.6565275,0.1365894079208374,0.9900000095367432,0.6258000135421753
YJL219W,YDR227W,0,-9.656673,0.13657055795192719,0.9900000095367432,0.6258999705314636
YER154W,YDR218C,0,-9.657669,0.13655172288417816,0.9900000095367432,0.6259999871253967
YGL142C,YDL107W,0,-9.658557,0.13653288781642914,0.9900000095367432,0.6261000037193298
YDR439W,YBR169C,0,-9.658562,0.1365140676498413,0.9900000095367432,0.6262000203132629
YML099C,YGR270W,0,-9.658622,0.13649524748325348,0.9900000095367432,0.6262999773025513
YBR296C,YLR421C,0,-9.658938,0.13647642731666565,0.9900000095367432,0.6263999938964844
YKL013C,YER129W,0,-9.659089,0.136457622051239,0.9900000095367432,0.6265000104904175
YAL005C,YMR149W,0,-9.659314,0.13643880188465118,0.9900000095367432,0.6266000270843506
YGR174C,YIL091C,0,-9.659544,0.13642001152038574,0.9900000095367432,0.6266999840736389
YBR177C,YDR315C,0,-9.659984,0.1364012062549591,0.9900000095367432,0.626800000667572
YBR187W,YLR040C,0,-9.660189,0.13638241589069366,0.9900000095367432,0.6269000172615051
YCL067C,YER161C,0,-9.660997,0.13636364042758942,0.9900000095367432,0.6269999742507935
YCR052W,YBL103C,0,-9.6613865,0.13634485006332397,0.9900000095367432,0.6270999908447266
YCL061C,YLR376C,0,-9.661667,0.13632607460021973,0.9900000095367432,0.6272000074386597
YKL168C,YGR091W,0,-9.6626005,0.13630731403827667,0.9900000095367432,0.6273000240325928
YLR088W,YCR036W,0,-9.662953,0.13628855347633362,0.9900000095367432,0.6273999810218811
YOR040W,YDR323C,0,-9.6633005,0.13626979291439056,0.9900000095367432,0.6274999976158142
YNL317W,YER087C-A,0,-9.663914,0.1362510323524475,0.9900000095367432,0.6276000142097473
YHL047C,YNL290W,0,-9.663945,0.13623228669166565,0.9900000095367432,0.6276999711990356
YHR132C,YBR019C,0,-9.665639,0.1362135410308838,0.9900000095367432,0.6277999877929688
YJL095W,YDL101C,0,-9.66575,0.13619479537010193,0.9900000095367432,0.6279000043869019
YMR251W-A,YDR462W,0,-9.666127,0.13617606461048126,0.9900000095367432,0.628000020980835
YDR040C,YHR117W,0,-9.666133,0.1361573338508606,0.9900000095367432,0.6280999779701233
YDR031W,YPL163C,0,-9.666171,0.13613861799240112,0.9900000095367432,0.6281999945640564
YKL206C,YPL008W,0,-9.666532,0.13611990213394165,0.9900000095367432,0.6283000111579895
YDR235W,YLR154C,0,-9.666556,0.13610118627548218,0.9900000095367432,0.6284000277519226
YDR435C,YML037C,0,-9.666761,0.1360824704170227,0.9900000095367432,0.6284999847412109
YPL060W,YJR010C-A,0,-9.666942,0.13606376945972443,0.9900000095367432,0.628600001335144
YPL241C,YER005W,0,-9.667015,0.13604506850242615,0.9900000095367432,0.6287000179290771
YGR048W,YML109W,0,-9.667053,0.13602638244628906,0.9900000095367432,0.6287999749183655
YKR025W,YER078C,0,-9.668016,0.13600769639015198,0.9900000095367432,0.6288999915122986
YKL012W,YGR024C,0,-9.669397,0.1359890103340149,0.9900000095367432,0.6290000081062317
YLR151C,YBR083W,0,-9.669947,0.135970339179039,0.9900000095367432,0.6291000247001648
YHR024C,YGR077C,0,-9.6701765,0.1359516680240631,0.9900000095367432,0.6291999816894531
YLR308W,YKL196C,0,-9.670781,0.13593299686908722,0.9900000095367432,0.6292999982833862
YGR077C,YBR125C,0,-9.671831,0.13591432571411133,0.9900000095367432,0.6294000148773193
YLR206W,YBR057C,0,-9.672145,0.13589566946029663,0.9900000095367432,0.6294999718666077
YLR244C,YDR288W,0,-9.673095,0.13587702810764313,0.9900000095367432,0.6295999884605408
YBR176W,YLR174W,0,-9.673601,0.13585837185382843,0.9900000095367432,0.6297000050544739
YPL259C,YOR372C,0,-9.674014,0.13583973050117493,0.9900000095367432,0.629800021648407
YKL192C,YGL259W,0,-9.674121,0.13582110404968262,0.9900000095367432,0.6298999786376953
YIR034C,YPR162C,0,-9.674303,0.1358024626970291,0.9900000095367432,0.6299999952316284
YER026C,YGL259W,0,-9.674918,0.1357838362455368,0.9900000095367432,0.6301000118255615
YNL209W,YDR007W,0,-9.674975,0.1357652246952057,0.9900000095367432,0.6302000284194946
YIL125W,YNL177C,0,-9.675242,0.13574661314487457,0.9900000095367432,0.630299985408783
YKL167C,YGR047C,0,-9.675588,0.13572800159454346,0.9900000095367432,0.6304000020027161
YOR038C,YEL016C,0,-9.677391,0.13570939004421234,0.9900000095367432,0.6305000185966492
YKR055W,YDL133C-A,0,-9.677497,0.13569079339504242,0.9900000095367432,0.6305999755859375
YDL005C,YMR167W,0,-9.677856,0.1356721967458725,0.9900000095367432,0.6306999921798706
YOR103C,YML088W,0,-9.677871,0.13565360009670258,0.9900000095367432,0.6308000087738037
YBR274W,YDL195W,0,-9.678651,0.13563501834869385,0.9900000095367432,0.6309000253677368
YLR109W,YCR081W,0,-9.679517,0.13561643660068512,0.9900000095367432,0.6309999823570251
YGL105W,YOR330C,0,-9.680358,0.13559786975383759,0.9900000095367432,0.6310999989509583
YPL217C,YOR150W,1,-9.6804695,0.1357162445783615,0.9909999966621399,0.6310999989509583
YNR007C,YOR351C,0,-9.681008,0.13569766283035278,0.9909999966621399,0.6312000155448914
YOL132W,YCR043C,0,-9.681461,0.13567908108234406,0.9909999966621399,0.6312999725341797
YGR200C,YPL076W,0,-9.681626,0.13566049933433533,0.9909999966621399,0.6313999891281128
YJL090C,YNL258C,0,-9.681881,0.1356419324874878,0.9909999966621399,0.6315000057220459
YKL049C,YKL062W,0,-9.682964,0.13562338054180145,0.9909999966621399,0.631600022315979
YBR015C,YDR079W,0,-9.683141,0.13560481369495392,0.9909999966621399,0.6316999793052673
YDR386W,YBR154C,0,-9.683252,0.13558626174926758,0.9909999966621399,0.6317999958992004
YJR108W,YIL127C,0,-9.683787,0.13556770980358124,0.9909999966621399,0.6319000124931335
YOR319W,YOR124C,0,-9.68414,0.1355491727590561,0.9909999966621399,0.6320000290870667
YNL238W,YJR126C,0,-9.684655,0.13553063571453094,0.9909999966621399,0.632099986076355
YPL196W,YBR022W,0,-9.685614,0.1355120986700058,0.9909999966621399,0.6322000026702881
YOR092W,YGL157W,0,-9.68643,0.13549357652664185,0.9909999966621399,0.6323000192642212
YOR038C,YBR153W,0,-9.686584,0.1354750543832779,0.9909999966621399,0.6323999762535095
YKL150W,YKL063C,0,-9.686719,0.13545653223991394,0.9909999966621399,0.6324999928474426
YPL209C,YDR372C,0,-9.687221,0.13543802499771118,0.9909999966621399,0.6326000094413757
YBR234C,YPR103W,0,-9.687499,0.13541951775550842,0.9909999966621399,0.6327000260353088
YPR008W,YOR328W,0,-9.689229,0.13540101051330566,0.9909999966621399,0.6327999830245972
YIL009W,YKL201C,0,-9.689808,0.1353825181722641,0.9909999966621399,0.6328999996185303
YER036C,YOR330C,0,-9.691366,0.13536402583122253,0.9909999966621399,0.6330000162124634
YCR038C,YFL048C,0,-9.691753,0.13534553349018097,0.9909999966621399,0.6330999732017517
YML067C,YNL049C,0,-9.692127,0.1353270560503006,0.9909999966621399,0.6331999897956848
YMR150C,YDL147W,0,-9.692405,0.13530857861042023,0.9909999966621399,0.6333000063896179
YER122C,YNL185C,0,-9.693307,0.13529010117053986,0.9909999966621399,0.633400022983551
YNL231C,YPL087W,0,-9.693619,0.13527163863182068,0.9909999966621399,0.6334999799728394
YLR213C,YPL033C,0,-9.694195,0.1352531760931015,0.9909999966621399,0.6335999965667725
YMR168C,YKR097W,0,-9.694413,0.13523471355438232,0.9909999966621399,0.6337000131607056
YGL240W,YJR137C,0,-9.694618,0.13521626591682434,0.9909999966621399,0.6338000297546387
YJL183W,YJR073C,0,-9.695121,0.13519781827926636,0.9909999966621399,0.633899986743927
YEL071W,YAL035W,0,-9.696771,0.13517937064170837,0.9909999966621399,0.6340000033378601
YMR208W,YMR161W,0,-9.69703,0.13516093790531158,0.9909999966621399,0.6341000199317932
YPL146C,YNR064C,0,-9.697539,0.1351425051689148,0.9909999966621399,0.6341999769210815
YER174C,YDR330W,0,-9.69783,0.135124072432518,0.9909999966621399,0.6342999935150146
YOR117W,YHR008C,0,-9.69797,0.1351056545972824,0.9909999966621399,0.6344000101089478
YNL293W,YOR083W,0,-9.698491,0.13508723676204681,0.9909999966621399,0.6345000267028809
YPL137C,YDR532C,0,-9.698816,0.1350688338279724,0.9909999966621399,0.6345999836921692
YLR411W,YOL003C,0,-9.699078,0.13505041599273682,0.9909999966621399,0.6347000002861023
YNR067C,YDR104C,0,-9.700202,0.1350320279598236,0.9909999966621399,0.6348000168800354
YEL022W,YBL005W-A,0,-9.701004,0.1350136250257492,0.9909999966621399,0.6348999738693237
YPR104C,YJR088C,0,-9.701313,0.134995236992836,0.9909999966621399,0.6349999904632568
YKL053C-A,YGL158W,0,-9.701596,0.1349768489599228,0.9909999966621399,0.6351000070571899
YGL158W,YKR100C,0,-9.701796,0.13495846092700958,0.9909999966621399,0.635200023651123
YDR201W,YJL213W,0,-9.70184,0.13494008779525757,0.9909999966621399,0.6352999806404114
YCR011C,YLL061W,0,-9.701983,0.13492171466350555,0.9909999966621399,0.6353999972343445
YDR016C,YOR080W,0,-9.702262,0.13490334153175354,0.9909999966621399,0.6355000138282776
YKL120W,YKR055W,0,-9.702437,0.13488498330116272,0.9909999966621399,0.6355999708175659
YJR031C,YER142C,0,-9.70316,0.1348666250705719,0.9909999966621399,0.635699987411499
YAL026C,YJL082W,0,-9.703231,0.13484828174114227,0.9909999966621399,0.6358000040054321
YOL008W,YOR324C,0,-9.70385,0.13482993841171265,0.9909999966621399,0.6359000205993652
YPR128C,YBR186W,0,-9.704299,0.13481159508228302,0.9909999966621399,0.6359999775886536
YIL068C,YGR234W,0,-9.7044325,0.1347932517528534,0.9909999966621399,0.6360999941825867
YPL259C,YGL203C,0,-9.704451,0.13477492332458496,0.9909999966621399,0.6362000107765198
YGL238W,YJR021C,0,-9.704473,0.13475659489631653,0.9909999966621399,0.6363000273704529
YPR067W,YGL031C,0,-9.704833,0.1347382664680481,0.9909999966621399,0.6363999843597412
YDL168W,YPR011C,0,-9.706169,0.13471995294094086,0.9909999966621399,0.6365000009536743
YDR421W,YGL129C,0,-9.706222,0.13470163941383362,0.9909999966621399,0.6366000175476074
YOR380W,YGR144W,0,-9.706445,0.13468334078788757,0.9909999966621399,0.6366999745368958
YHR001W,YLR313C,0,-9.706748,0.13466504216194153,0.9909999966621399,0.6367999911308289
YGL212W,YBR028C,0,-9.706966,0.13464674353599548,0.9909999966621399,0.636900007724762
YCR088W,YMR040W,0,-9.708006,0.13462844491004944,0.9909999966621399,0.6370000243186951
YFL048C,YCR102C,0,-9.708294,0.1346101611852646,0.9909999966621399,0.6370999813079834
YFR044C,YPR138C,0,-9.708446,0.13459187746047974,0.9909999966621399,0.6371999979019165
YDL193W,YGR203W,0,-9.709346,0.13457360863685608,0.9909999966621399,0.6373000144958496
YKL178C,YBR216C,0,-9.709443,0.13455532491207123,0.9909999966621399,0.6373999714851379
YPR186C,YER095W,0,-9.709726,0.13453705608844757,0.9909999966621399,0.637499988079071
YGR029W,YPL094C,0,-9.709873,0.1345188021659851,0.9909999966621399,0.6376000046730042
YGL213C,YML109W,0,-9.710891,0.13450054824352264,0.9909999966621399,0.6377000212669373
YKL012W,YPR137W,0,-9.711934,0.13448229432106018,0.9909999966621399,0.6377999782562256
YCL035C,YCL018W,0,-9.713066,0.13446404039859772,0.9909999966621399,0.6378999948501587
YLR286C,YOR014W,0,-9.713166,0.13444580137729645,0.9909999966621399,0.6380000114440918
YPL061W,YGL059W,0,-9.714084,0.13442756235599518,0.9909999966621399,0.6381000280380249
YPR070W,YOR353C,0,-9.714115,0.1344093382358551,0.9909999966621399,0.6381999850273132
YIL094C,YMR077C,0,-9.714659,0.13439109921455383,0.9909999966621399,0.6383000016212463
YOL030W,YJL140W,0,-9.714673,0.13437287509441376,0.9909999966621399,0.6384000182151794
YDL246C,YCR060W,0,-9.715871,0.13435466587543488,0.9909999966621399,0.6384999752044678
YER056C-A,YOR338W,0,-9.715957,0.134336456656456,0.9909999966621399,0.6385999917984009
YML043C,YDR486C,0,-9.716345,0.1343182474374771,0.9909999966621399,0.638700008392334
YLR270W,YOR324C,0,-9.71639,0.13430003821849823,0.9909999966621399,0.6388000249862671
YHR053C,YMR276W,0,-9.716659,0.13428184390068054,0.9909999966621399,0.6388999819755554
YGL145W,YHR161C,0,-9.716677,0.13426364958286285,0.9909999966621399,0.6389999985694885
YBR258C,YBR183W,0,-9.717091,0.13424545526504517,0.9909999966621399,0.6391000151634216
YBR218C,YGR172C,0,-9.717312,0.13422727584838867,0.9909999966621399,0.63919997215271
YLR051C,YKR019C,0,-9.717495,0.13420909643173218,0.9909999966621399,0.6392999887466431
YKL016C,YML075C,0,-9.717571,0.13419093191623688,0.9909999966621399,0.6394000053405762
YJR094C,YPR138C,0,-9.7182,0.13417275249958038,0.9909999966621399,0.6395000219345093
YDR351W,YER150W,0,-9.718654,0.13415460288524628,0.9909999966621399,0.6395999789237976
YFR027W,YOR175C,0,-9.719044,0.13413643836975098,0.9909999966621399,0.6396999955177307
YER036C,YMR099C,0,-9.719676,0.13411828875541687,0.9909999966621399,0.6398000121116638
YGR289C,YOR073W,0,-9.719972,0.13410013914108276,0.9909999966621399,0.6399000287055969
YLR265C,YMR200W,0,-9.720167,0.13408198952674866,0.9909999966621399,0.6399999856948853
YDR308C,YMR302C,0,-9.720262,0.13406385481357574,0.9909999966621399,0.6401000022888184
YPR111W,YPL028W,0,-9.720529,0.13404572010040283,0.9909999966621399,0.6402000188827515
YJR005W,YLR181C,0,-9.720956,0.13402758538722992,0.9909999966621399,0.6402999758720398
YKL184W,YLR193C,0,-9.721038,0.1340094655752182,0.9909999966621399,0.6403999924659729
YKR027W,YOR005C,0,-9.721515,0.13399134576320648,0.9909999966621399,0.640500009059906
YHR023W,YMR322C,0,-9.721987,0.13397322595119476,0.9909999966621399,0.6406000256538391
YMR288W,YER075C,0,-9.722066,0.13395512104034424,0.9909999966621399,0.6406999826431274
YMR238W,YBR072W,0,-9.722857,0.1339370161294937,0.9909999966621399,0.6407999992370605
YOL033W,YDR468C,0,-9.722859,0.13391892611980438,0.9909999966621399,0.6409000158309937
YKL001C,YIL042C,0,-9.722989,0.13390082120895386,0.9909999966621399,0.640999972820282
YOL013C,YMR075W,0,-9.7231455,0.13388273119926453,0.9909999966621399,0.6410999894142151
YJL085W,YNR024W,0,-9.723257,0.1338646560907364,0.9909999966621399,0.6412000060081482
YDR303C,YDR200C,0,-9.723708,0.13384656608104706,0.9909999966621399,0.6413000226020813
YML060W,YGR122W,0,-9.723879,0.13382849097251892,0.9909999966621399,0.6413999795913696
YIR019C,YER090W,0,-9.724093,0.13381043076515198,0.9909999966621399,0.6414999961853027
YHL020C,YDR240C,0,-9.7246475,0.13379235565662384,0.9909999966621399,0.6416000127792358
YDL107W,YPL220W,0,-9.724895,0.1337742954492569,0.9909999966621399,0.641700029373169
YKL079W,YER074W-A,0,-9.725453,0.13375623524188995,0.9909999966621399,0.6417999863624573
YGR170W,YLR050C,0,-9.726413,0.1337381899356842,0.9909999966621399,0.6419000029563904
YPR019W,YPL234C,0,-9.726964,0.13372014462947845,0.9909999966621399,0.6420000195503235
YHR042W,YLL011W,0,-9.727014,0.1337020993232727,0.9909999966621399,0.6420999765396118
YIL072W,YDL188C,0,-9.727138,0.13368406891822815,0.9909999966621399,0.6421999931335449
YNL279W,YOR293W,0,-9.727481,0.1336660385131836,0.9909999966621399,0.642300009727478
YHR148W,YFR024C-A,0,-9.727519,0.13364800810813904,0.9909999966621399,0.6424000263214111
YJL219W,YPL083C,0,-9.727769,0.13362999260425568,0.9909999966621399,0.6424999833106995
YDR288W,YDR146C,0,-9.727795,0.13361197710037231,0.9909999966621399,0.6425999999046326
YKR097W,YDL111C,0,-9.727883,0.13359396159648895,0.9909999966621399,0.6427000164985657
YDR093W,YCR102C,0,-9.728281,0.13357596099376678,0.9909999966621399,0.642799973487854
YNL059C,YJL118W,0,-9.728721,0.13355794548988342,0.9909999966621399,0.6428999900817871
YML012W,YNL317W,0,-9.729041,0.13353995978832245,0.9909999966621399,0.6430000066757202
YMR021C,YOL055C,0,-9.729892,0.13352195918560028,0.9909999966621399,0.6431000232696533
YMR202W,YMR077C,0,-9.730111,0.1335039734840393,0.9909999966621399,0.6431999802589417
YKR035W-A,YBR009C,0,-9.730286,0.13348598778247833,0.9909999966621399,0.6432999968528748
YCR106W,YBR294W,0,-9.730372,0.13346801698207855,0.9909999966621399,0.6434000134468079
YML006C,YKL081W,0,-9.731379,0.13345004618167877,0.9909999966621399,0.6434999704360962
YPL248C,YMR175W,0,-9.731783,0.133432075381279,0.9909999966621399,0.6435999870300293
YDR317W,YDR277C,0,-9.732364,0.1334141045808792,0.9909999966621399,0.6437000036239624
YMR208W,YIL135C,0,-9.732902,0.13339614868164062,0.9909999966621399,0.6438000202178955
YMR049C,YGL038C,0,-9.733224,0.13337819278240204,0.9909999966621399,0.6438999772071838
YBR109C,YHR193C,0,-9.73335,0.13336025178432465,0.9909999966621399,0.6439999938011169
YMR312W,YGL249W,0,-9.733795,0.13334231078624725,0.9909999966621399,0.64410001039505
YFL057C,YKL206C,0,-9.733811,0.13332436978816986,0.9909999966621399,0.6442000269889832
YDR019C,YLR396C,0,-9.734031,0.13330642879009247,0.9909999966621399,0.6442999839782715
YMR060C,YDR297W,0,-9.734338,0.13328850269317627,0.9909999966621399,0.6444000005722046
YDL067C,YKL216W,0,-9.734593,0.13327057659626007,0.9909999966621399,0.6445000171661377
YOR354C,YKL070W,0,-9.735293,0.13325265049934387,0.9909999966621399,0.644599974155426
YLR258W,YNL047C,0,-9.735479,0.13323473930358887,0.9909999966621399,0.6446999907493591
YGR091W,YEL021W,0,-9.735608,0.13321682810783386,0.9909999966621399,0.6448000073432922
YJL003W,YOL121C,0,-9.7360115,0.13319893181324005,0.9909999966621399,0.6449000239372253
YDR501W,YGR072W,0,-9.736332,0.13318102061748505,0.9909999966621399,0.6449999809265137
YJL031C,YDR135C,0,-9.736644,0.13316312432289124,0.9909999966621399,0.6450999975204468
YMR199W,YOR147W,0,-9.736653,0.13314524292945862,0.9909999966621399,0.6452000141143799
YHL016C,YJR093C,0,-9.737161,0.1331273466348648,0.9909999966621399,0.6452999711036682
YMR112C,YKL145W,0,-9.737311,0.1331094652414322,0.9909999966621399,0.6453999876976013
YLR102C,YER122C,0,-9.737791,0.13309159874916077,0.9909999966621399,0.6455000042915344
YDR197W,YOR175C,0,-9.738088,0.13307371735572815,0.9909999966621399,0.6456000208854675
YNL123W,YEL059C-A,0,-9.738499,0.13305585086345673,0.9909999966621399,0.6456999778747559
YHR039C,YIL077C,0,-9.73866,0.1330379843711853,0.9909999966621399,0.645799994468689
YKL049C,YOL154W,0,-9.739118,0.13302013278007507,0.9909999966621399,0.6459000110626221
YLR449W,YCL008C,0,-9.739206,0.13300228118896484,0.9909999966621399,0.6460000276565552
YLL009C,YNL334C,0,-9.739236,0.13298442959785461,0.9909999966621399,0.6460999846458435
YNL097C,YGR253C,0,-9.740015,0.13296659290790558,0.9909999966621399,0.6462000012397766
YIL084C,YGL259W,0,-9.740466,0.13294875621795654,0.9909999966621399,0.6463000178337097
YOL071W,YOL133W,0,-9.740558,0.1329309195280075,0.9909999966621399,0.646399974822998
YIL049W,YPR164W,0,-9.741481,0.13291308283805847,0.9909999966621399,0.6464999914169312
YOR174W,YDL130W-A,0,-9.742176,0.13289526104927063,0.9909999966621399,0.6466000080108643
YDL211C,YNL115C,0,-9.742555,0.13287745416164398,0.9909999966621399,0.6467000246047974
YKL101W,YMR137C,0,-9.742717,0.13285963237285614,0.9909999966621399,0.6467999815940857
YHR150W,YOR321W,0,-9.743611,0.1328418254852295,0.9909999966621399,0.6468999981880188
YOR349W,YHR062C,0,-9.743753,0.13282401859760284,0.9909999966621399,0.6470000147819519
YOR244W,YPL144W,0,-9.743846,0.1328062117099762,0.9909999966621399,0.6470999717712402
YPL024W,YKL156W,0,-9.744049,0.13278841972351074,0.9909999966621399,0.6471999883651733
YPL280W,YDR325W,0,-9.744238,0.1327706277370453,0.9909999966621399,0.6473000049591064
YDR377W,YHR172W,0,-9.744409,0.13275285065174103,0.9909999966621399,0.6474000215530396
YMR277W,YLL002W,0,-9.744439,0.13273505866527557,0.9909999966621399,0.6474999785423279
YPL046C,YJL143W,0,-9.744672,0.1327172964811325,0.9909999966621399,0.647599995136261
YMR020W,YBR115C,0,-9.744735,0.13269951939582825,0.9909999966621399,0.6477000117301941
YNL145W,YCR073W-A,0,-9.745822,0.13268175721168518,0.9909999966621399,0.6478000283241272
YDR317W,YOR190W,0,-9.746024,0.13266399502754211,0.9909999966621399,0.6478999853134155
YML065W,YJL222W,0,-9.746543,0.13264623284339905,0.9909999966621399,0.6480000019073486
YPL151C,YLR367W,0,-9.746781,0.13262848556041718,0.9909999966621399,0.6481000185012817
YOR049C,YKL010C,0,-9.746785,0.1326107382774353,0.9909999966621399,0.6481999754905701
YPR017C,YLR300W,0,-9.746931,0.13259299099445343,0.9909999966621399,0.6482999920845032
YLR216C,YNL304W,0,-9.746932,0.13257524371147156,0.9909999966621399,0.6484000086784363
YBR237W,YGR020C,0,-9.746996,0.13255751132965088,0.9909999966621399,0.6485000252723694
YNL021W,YDL087C,0,-9.747076,0.1325397938489914,0.9909999966621399,0.6485999822616577
YFR036W,YDL247W,0,-9.747354,0.13252206146717072,0.9909999966621399,0.6486999988555908
YPL268W,YIL069C,0,-9.747581,0.13250434398651123,0.9909999966621399,0.6488000154495239
YDR085C,YJR129C,0,-9.747922,0.13248662650585175,0.9909999966621399,0.6488999724388123
YLR220W,YPL130W,0,-9.749016,0.13246892392635345,0.9909999966621399,0.6489999890327454
YGL190C,YDR178W,0,-9.749469,0.13245122134685516,0.9909999966621399,0.6491000056266785
YOR086C,YDR468C,0,-9.750072,0.13243351876735687,0.9909999966621399,0.6492000222206116
YBR298C,YMR194W,0,-9.750125,0.13241581618785858,0.9909999966621399,0.6492999792098999
YDR270W,YMR167W,0,-9.750448,0.13239812850952148,0.9909999966621399,0.649399995803833
YDL207W,YOR140W,0,-9.751028,0.1323804408311844,0.9909999966621399,0.6495000123977661
YBR050C,YKL028W,0,-9.751074,0.13236276805400848,0.9909999966621399,0.6496000289916992
YBL050W,YKR031C,0,-9.751239,0.1323450803756714,0.9909999966621399,0.6496999859809875
YPR162C,YKL119C,0,-9.751917,0.13232740759849548,0.9909999966621399,0.6498000025749207
YPL151C,YFR004W,0,-9.752637,0.13230974972248077,0.9909999966621399,0.6499000191688538
YHR175W,YKR034W,0,-9.753094,0.13229207694530487,0.9909999966621399,0.6499999761581421
YDR072C,YLR020C,0,-9.753167,0.13227441906929016,0.9909999966621399,0.6500999927520752
YJL110C,YKL145W,0,-9.753755,0.13225677609443665,0.9909999966621399,0.6502000093460083
YBR179C,YCR061W,0,-9.754021,0.13223911821842194,0.9909999966621399,0.6503000259399414
YGL213C,YNL134C,0,-9.7550125,0.13222147524356842,0.9909999966621399,0.6503999829292297
YJL065C,YML031W,0,-9.755566,0.1322038471698761,0.9909999966621399,0.6504999995231628
YKL217W,YNL163C,0,-9.755685,0.13218620419502258,0.9909999966621399,0.650600016117096
YFL009W,YML072C,0,-9.755693,0.13216857612133026,0.9909999966621399,0.6506999731063843
YFL050C,YBR298C,0,-9.756129,0.13215094804763794,0.9909999966621399,0.6507999897003174
YDR016C,YDR495C,0,-9.756507,0.1321333348751068,0.9909999966621399,0.6509000062942505
YIL026C,YDR407C,0,-9.757855,0.13211572170257568,0.9909999966621399,0.6510000228881836
YNL334C,YDR240C,0,-9.758075,0.13209810853004456,0.9909999966621399,0.6510999798774719
YEL019C,YBR188C,0,-9.759352,0.13208049535751343,0.9909999966621399,0.651199996471405
YPR111W,YKL008C,0,-9.760583,0.1320628970861435,0.9909999966621399,0.6513000130653381
YLR411W,YML075C,0,-9.761474,0.13204529881477356,0.9909999966621399,0.6514000296592712
YOR351C,YLR313C,0,-9.761942,0.13202771544456482,0.9909999966621399,0.6514999866485596
YPL017C,YBL020W,0,-9.76264,0.13201011717319489,0.9909999966621399,0.6516000032424927
YER110C,YDL188C,0,-9.764461,0.13199254870414734,0.9909999966621399,0.6517000198364258
YDR439W,YIL046W,0,-9.764915,0.1319749653339386,0.9909999966621399,0.6517999768257141
YBR066C,YEL050C,0,-9.765111,0.13195739686489105,0.9909999966621399,0.6518999934196472
YIL095W,YER144C,0,-9.765364,0.1319398283958435,0.9909999966621399,0.6520000100135803
YMR038C,YHR176W,0,-9.765722,0.13192225992679596,0.9909999966621399,0.6521000266075134
YCL029C,YDL220C,0,-9.765863,0.1319046914577484,0.9909999966621399,0.6521999835968018
YLR189C,YNL084C,0,-9.766227,0.13188713788986206,0.9909999966621399,0.6523000001907349
YLR044C,YKL174C,0,-9.768205,0.1318695992231369,0.9909999966621399,0.652400016784668
YNL297C,YKL081W,0,-9.768429,0.13185204565525055,0.9909999966621399,0.6524999737739563
YLR055C,YEL013W,0,-9.769083,0.1318345069885254,0.9909999966621399,0.6525999903678894
YML049C,YGL170C,0,-9.769155,0.13181696832180023,0.9909999966621399,0.6527000069618225
YDR240C,YDR330W,0,-9.769574,0.13179944455623627,0.9909999966621399,0.6528000235557556
YNL111C,YDR027C,0,-9.769881,0.1317819207906723,0.9909999966621399,0.652899980545044
YKL005C,YBR078W,0,-9.77017,0.13176439702510834,0.9909999966621399,0.652999997138977
YKL168C,YDR488C,0,-9.77022,0.13174687325954437,0.9909999966621399,0.6531000137329102
YPL227C,YHR179W,0,-9.771789,0.1317293643951416,0.9909999966621399,0.6531999707221985
YKL001C,YGL104C,0,-9.772983,0.13171185553073883,0.9909999966621399,0.6532999873161316
YOL023W,YGL157W,0,-9.773089,0.13169434666633606,0.9909999966621399,0.6534000039100647
YOR037W,YAL029C,0,-9.77317,0.13167685270309448,0.9909999966621399,0.6535000205039978
YGR213C,YGR104C,0,-9.773428,0.1316593587398529,0.9909999966621399,0.6535999774932861
YOR330C,YDL047W,0,-9.77484,0.13164186477661133,0.9909999966621399,0.6536999940872192
YDL175C,YBR222C,0,-9.775567,0.13162438571453094,0.9909999966621399,0.6538000106811523
YPL215W,YPL151C,0,-9.7767725,0.13160690665245056,0.9909999966621399,0.6539000272750854
YLR264W,YBR216C,0,-9.777056,0.13158942759037018,0.9909999966621399,0.6539999842643738
YDR235W,YLR025W,0,-9.778108,0.131571963429451,0.9909999966621399,0.6541000008583069
YFR044C,YML128C,0,-9.778428,0.1315544992685318,0.9909999966621399,0.65420001745224
YGR124W,YBL033C,0,-9.7787895,0.1315370351076126,0.9909999966621399,0.6542999744415283
YNL068C,YBL025W,0,-9.780042,0.13151957094669342,0.9909999966621399,0.6543999910354614
YOR193W,YDR510W,0,-9.780049,0.13150212168693542,0.9909999966621399,0.6545000076293945
YJL030W,YNL282W,0,-9.780362,0.13148467242717743,0.9909999966621399,0.6546000242233276
YKL032C,YOR216C,0,-9.780803,0.13146723806858063,0.9909999966621399,0.654699981212616
YDL040C,YDR392W,0,-9.781308,0.13144978880882263,0.9909999966621399,0.6547999978065491
YBL050W,YNL222W,0,-9.781524,0.13143235445022583,0.9909999966621399,0.6549000144004822
YKL198C,YGR184C,0,-9.782222,0.13141493499279022,0.9909999966621399,0.6549999713897705
YOL089C,YDL084W,0,-9.782506,0.13139750063419342,0.9909999966621399,0.6550999879837036
YOR313C,YKL203C,0,-9.783281,0.1313800811767578,0.9909999966621399,0.6552000045776367
YGR076C,YJL127C,0,-9.784006,0.1313626766204834,0.9909999966621399,0.6553000211715698
YKL172W,YPL089C,0,-9.784968,0.1313452571630478,0.9909999966621399,0.6553999781608582
YBR019C,YLR019W,0,-9.785808,0.13132785260677338,0.9909999966621399,0.6554999947547913
YKR099W,YBR101C,0,-9.786038,0.13131044805049896,0.9909999966621399,0.6556000113487244
YOR371C,YGR270W,0,-9.786396,0.13129305839538574,0.9909999966621399,0.6557000279426575
YGL106W,YDR435C,0,-9.786445,0.13127566874027252,0.9909999966621399,0.6557999849319458
YOL136C,YDR077W,0,-9.786688,0.1312582790851593,0.9909999966621399,0.6559000015258789
YOR150W,YOL080C,1,-9.78671,0.131373330950737,0.9919999837875366,0.6559000015258789
YLL040C,YLR426W,0,-9.786932,0.13135592639446259,0.9919999837875366,0.656000018119812
YMR198W,YGR002C,0,-9.78729,0.13133853673934937,0.9919999837875366,0.6560999751091003
YNL027W,YGR049W,0,-9.787486,0.13132114708423615,0.9919999837875366,0.6561999917030334
YDR047W,YML014W,0,-9.787511,0.13130377233028412,0.9919999837875366,0.6563000082969666
YJR005W,YCL034W,0,-9.787574,0.1312863975763321,0.9919999837875366,0.6564000248908997
YLR153C,YDR104C,0,-9.787619,0.13126902282238007,0.9919999837875366,0.656499981880188
YLR293C,YER062C,0,-9.788173,0.13125164806842804,0.9919999837875366,0.6565999984741211
YDL045W-A,YDR212W,0,-9.788683,0.1312342882156372,0.9919999837875366,0.6567000150680542
YOR347C,YCR084C,0,-9.788761,0.13121692836284637,0.9919999837875366,0.6567999720573425
YDR123C,YGR197C,0,-9.788938,0.13119958341121674,0.9919999837875366,0.6568999886512756
YIL173W,YPL144W,0,-9.789121,0.1311822235584259,0.9919999837875366,0.6570000052452087
YDR229W,YDR494W,0,-9.789203,0.13116487860679626,0.9919999837875366,0.6571000218391418
YBR020W,YNL070W,0,-9.789255,0.13114753365516663,0.9919999837875366,0.6571999788284302
YGR142W,YJR150C,0,-9.789652,0.13113020360469818,0.9919999837875366,0.6572999954223633
YBR234C,YDR461W,0,-9.789951,0.13111287355422974,0.9919999837875366,0.6574000120162964
YGL105W,YJR035W,0,-9.790677,0.1310955435037613,0.9919999837875366,0.6575000286102295
YML081C-A,YKL139W,0,-9.790983,0.13107822835445404,0.9919999837875366,0.6575999855995178
YML099C,YOR281C,0,-9.792099,0.1310609132051468,0.9919999837875366,0.6577000021934509
YKR085C,YIL076W,0,-9.793277,0.13104359805583954,0.9919999837875366,0.657800018787384
YDR202C,YML098W,0,-9.793896,0.1310262829065323,0.9919999837875366,0.6578999757766724
YJL039C,YDR004W,0,-9.794382,0.13100898265838623,0.9919999837875366,0.6579999923706055
YCR071C,YDR349C,0,-9.794802,0.13099168241024017,0.9919999837875366,0.6581000089645386
YNL161W,YDR045C,0,-9.795362,0.13097438216209412,0.9919999837875366,0.6582000255584717
YMR276W,YGL113W,0,-9.79538,0.13095709681510925,0.9919999837875366,0.65829998254776
YJR022W,YBR195C,0,-9.79539,0.1309398114681244,0.9919999837875366,0.6583999991416931
YOR216C,YPR151C,0,-9.796137,0.13092252612113953,0.9919999837875366,0.6585000157356262
YMR299C,YKL015W,0,-9.796271,0.13090525567531586,0.9919999837875366,0.6585999727249146
YDR399W,YIL173W,0,-9.797074,0.1308879852294922,0.9919999837875366,0.6586999893188477
YML118W,YPL274W,0,-9.797448,0.13087071478366852,0.9919999837875366,0.6588000059127808
YLR074C,YNL192W,0,-9.797509,0.13085344433784485,0.9919999837875366,0.6589000225067139
YLR100W,YNL107W,0,-9.797772,0.13083618879318237,0.9919999837875366,0.6589999794960022
YDR427W,YGL066W,0,-9.798273,0.1308189332485199,0.9919999837875366,0.6590999960899353
YDR424C,YOL104C,0,-9.79841,0.13080169260501862,0.9919999837875366,0.6592000126838684
YOR061W,YDR225W,0,-9.798963,0.13078443706035614,0.9919999837875366,0.6593000292778015
YCR068W,YJL005W,0,-9.799164,0.13076719641685486,0.9919999837875366,0.6593999862670898
YJL008C,YHR044C,0,-9.799599,0.13074997067451477,0.9919999837875366,0.659500002861023
YLR310C,YDL165W,0,-9.800101,0.1307327300310135,0.9919999837875366,0.659600019454956
YOR301W,YBR080C,0,-9.800602,0.1307155042886734,0.9919999837875366,0.6596999764442444
YIL149C,YGR006W,0,-9.801121,0.1306982934474945,0.9919999837875366,0.6597999930381775
YHR030C,YNL046W,0,-9.80167,0.13068106770515442,0.9919999837875366,0.6599000096321106
YJR084W,YFL034C-A,0,-9.802199,0.13066385686397552,0.9919999837875366,0.6600000262260437
YLR039C,YKL161C,0,-9.802503,0.13064664602279663,0.9919999837875366,0.660099983215332
YNL242W,YHL048W,0,-9.802536,0.13062945008277893,0.9919999837875366,0.6601999998092651
YKR089C,YNL024C,0,-9.802655,0.13061223924160004,0.9919999837875366,0.6603000164031982
YJR016C,YNL252C,0,-9.803258,0.13059504330158234,0.9919999837875366,0.6603999733924866
YGL047W,YMR073C,0,-9.803526,0.13057786226272583,0.9919999837875366,0.6604999899864197
YIL091C,YOR019W,0,-9.803705,0.13056068122386932,0.9919999837875366,0.6606000065803528
YFR052W,YGR059W,0,-9.80425,0.13054348528385162,0.9919999837875366,0.6607000231742859
YGL148W,YMR052W,0,-9.80477,0.1305263191461563,0.9919999837875366,0.6607999801635742
YLR228C,YML107C,0,-9.804856,0.1305091381072998,0.9919999837875366,0.6608999967575073
YPL110C,YBR216C,0,-9.805066,0.1304919719696045,0.9919999837875366,0.6610000133514404
YPR106W,YMR158W,0,-9.805197,0.13047480583190918,0.9919999837875366,0.6610999703407288
YER183C,YGR179C,0,-9.805327,0.13045765459537506,0.9919999837875366,0.6611999869346619
YKL089W,YOR285W,0,-9.805362,0.13044050335884094,0.9919999837875366,0.661300003528595
YBL099W,YNL332W,0,-9.805992,0.13042335212230682,0.9919999837875366,0.6614000201225281
YOL008W,YLR071C,0,-9.8060465,0.1304062008857727,0.9919999837875366,0.6614999771118164
YGR246C,YOR045W,0,-9.806827,0.13038906455039978,0.9919999837875366,0.6615999937057495
YGL019W,YOR147W,0,-9.806934,0.13037192821502686,0.9919999837875366,0.6617000102996826
YDL100C,YDL210W,0,-9.807322,0.13035479187965393,0.9919999837875366,0.6618000268936157
YML012W,YLR045C,0,-9.807369,0.1303376704454422,0.9919999837875366,0.661899983882904
YKR102W,YBR198C,0,-9.80824,0.13032054901123047,0.9919999837875366,0.6620000004768372
YHR074W,YDR382W,0,-9.808288,0.13030342757701874,0.9919999837875366,0.6621000170707703
YLR078C,YML067C,0,-9.809069,0.1302863210439682,0.9919999837875366,0.6621999740600586
YML051W,YEL041W,0,-9.811066,0.13026919960975647,0.9919999837875366,0.6622999906539917
YKL022C,YPL233W,0,-9.811418,0.13025210797786713,0.9919999837875366,0.6624000072479248
YGL130W,YNL046W,0,-9.811799,0.1302350014448166,0.9919999837875366,0.6625000238418579
YER044C-A,YMR137C,0,-9.812551,0.13021790981292725,0.9919999837875366,0.6625999808311462
YOR039W,YPL026C,0,-9.812663,0.1302008181810379,0.9919999837875366,0.6626999974250793
YPL187W,YDR405W,0,-9.81277,0.13018372654914856,0.9919999837875366,0.6628000140190125
YBL098W,YNL210W,0,-9.813451,0.1301666498184204,0.9919999837875366,0.6628999710083008
YPL024W,YDR200C,0,-9.8139715,0.13014957308769226,0.9919999837875366,0.6629999876022339
YGR040W,YPL174C,0,-9.814548,0.1301324963569641,0.9919999837875366,0.663100004196167
YJR001W,YBR002C,0,-9.814635,0.13011541962623596,0.9919999837875366,0.6632000207901001
YKL181W,YKR020W,0,-9.814799,0.130098357796669,0.9919999837875366,0.6632999777793884
YOR371C,YKL180W,0,-9.814911,0.13008129596710205,0.9919999837875366,0.6633999943733215
YKR037C,YOL102C,0,-9.815285,0.1300642490386963,0.9919999837875366,0.6635000109672546
YDR298C,YOR004W,0,-9.815321,0.13004718720912933,0.9919999837875366,0.6636000275611877
YNL116W,YNL061W,0,-9.815441,0.13003015518188477,0.9919999837875366,0.6636999845504761
YOL104C,YDL185W,0,-9.81614,0.130013108253479,0.9919999837875366,0.6638000011444092
YOR249C,YDR470C,0,-9.817385,0.12999606132507324,0.9919999837875366,0.6639000177383423
YKL042W,YGL259W,0,-9.817933,0.12997902929782867,0.9919999837875366,0.6639999747276306
YLR231C,YMR112C,0,-9.818019,0.1299620121717453,0.9919999837875366,0.6640999913215637
YCR088W,YDR512C,0,-9.818896,0.12994498014450073,0.9919999837875366,0.6642000079154968
YMR256C,YDR330W,0,-9.818919,0.12992796301841736,0.9919999837875366,0.6643000245094299
YBR211C,YJR125C,0,-9.819064,0.12991094589233398,0.9919999837875366,0.6643999814987183
YBR101C,YDR122W,0,-9.819678,0.1298939436674118,0.9919999837875366,0.6644999980926514
YNL192W,YDR330W,0,-9.819753,0.12987692654132843,0.9919999837875366,0.6646000146865845
YMR276W,YOL059W,0,-9.819823,0.12985992431640625,0.9919999837875366,0.6646999716758728
YJL079C,YER113C,0,-9.820146,0.12984293699264526,0.9919999837875366,0.6647999882698059
YMR162C,YCR028C-A,0,-9.821004,0.12982593476772308,0.9919999837875366,0.664900004863739
YMR256C,YJR102C,0,-9.821039,0.1298089474439621,0.9919999837875366,0.6650000214576721
YPR119W,YNL317W,0,-9.821111,0.1297919601202011,0.9919999837875366,0.6650999784469604
YDR409W,YNL081C,0,-9.822007,0.12977498769760132,0.9919999837875366,0.6651999950408936
YJR135C,YGR240C,0,-9.822879,0.12975801527500153,0.9919999837875366,0.6653000116348267
YBR170C,YDR105C,0,-9.822909,0.12974104285240173,0.9919999837875366,0.6654000282287598
YLR295C,YMR215W,0,-9.823002,0.12972407042980194,0.9919999837875366,0.6654999852180481
YDL220C,YBR121C,0,-9.823367,0.12970711290836334,0.9919999837875366,0.6656000018119812
YDR040C,YOR217W,0,-9.823859,0.12969015538692474,0.9919999837875366,0.6657000184059143
YPL194W,YML023C,0,-9.823875,0.12967319786548615,0.9919999837875366,0.6657999753952026
YKL012W,YAR035W,0,-9.824447,0.12965625524520874,0.9919999837875366,0.6658999919891357
YMR251W-A,YPL106C,0,-9.824475,0.12963931262493134,0.9919999837875366,0.6660000085830688
YML060W,YNL049C,0,-9.824768,0.12962237000465393,0.9919999837875366,0.666100025177002
YGR088W,YBR083W,0,-9.825765,0.12960544228553772,0.9919999837875366,0.6661999821662903
YGL018C,YIL149C,0,-9.826261,0.12958849966526031,0.9919999837875366,0.6662999987602234
YBR234C,YMR316W,0,-9.826849,0.1295715719461441,0.9919999837875366,0.6664000153541565
YNL306W,YBR275C,0,-9.827001,0.1295546591281891,0.9919999837875366,0.6664999723434448
YMR006C,YEL020W-A,0,-9.828345,0.12953773140907288,0.9919999837875366,0.6665999889373779
YNL326C,YNL154C,0,-9.829374,0.12952081859111786,0.9919999837875366,0.666700005531311
YGR193C,YDR218C,0,-9.829632,0.12950392067432404,0.9919999837875366,0.6668000221252441
YMR041C,YBR299W,0,-9.829663,0.12948700785636902,0.9919999837875366,0.6668999791145325
YNL009W,YNL128W,0,-9.830068,0.1294701099395752,0.9919999837875366,0.6669999957084656
YLR423C,YHR141C,0,-9.830199,0.12945321202278137,0.9919999837875366,0.6671000123023987
YDL143W,YNL287W,0,-9.830223,0.12943632900714874,0.9919999837875366,0.6672000288963318
YOR039W,YLR239C,0,-9.830652,0.1294194459915161,0.9919999837875366,0.6672999858856201
YPR192W,YJL051W,0,-9.830896,0.12940256297588348,0.9919999837875366,0.6674000024795532
YJR094C,YER078C,0,-9.831074,0.12938567996025085,0.9919999837875366,0.6675000190734863
YBR218C,YGL076C,0,-9.831439,0.12936881184577942,0.9919999837875366,0.6675999760627747
YLR085C,YBR037C,0,-9.832232,0.12935194373130798,0.9919999837875366,0.6676999926567078
YLL015W,YMR043W,0,-9.832923,0.12933507561683655,0.9919999837875366,0.6678000092506409
YBR078W,YOR008C,0,-9.833064,0.1293182075023651,0.9919999837875366,0.667900025844574
YDR411C,YMR228W,0,-9.835438,0.12930135428905487,0.9919999837875366,0.6679999828338623
YEL027W,YLR086W,0,-9.83561,0.12928450107574463,0.9919999837875366,0.6680999994277954
YJR121W,YHR111W,0,-9.836133,0.12926766276359558,0.9919999837875366,0.6682000160217285
YIL040W,YPL200W,0,-9.837145,0.12925080955028534,0.9919999837875366,0.6682999730110168
YOR264W,YER104W,0,-9.837354,0.1292339712381363,0.9919999837875366,0.66839998960495
YKL008C,YDL122W,0,-9.838803,0.12921714782714844,0.9919999837875366,0.6685000061988831
YPL036W,YCR081W,0,-9.838838,0.1292003095149994,0.9919999837875366,0.6686000227928162
YMR068W,YJL065C,0,-9.839557,0.12918348610401154,0.9919999837875366,0.6686999797821045
YBL085W,YJR043C,0,-9.839965,0.12916666269302368,0.9919999837875366,0.6687999963760376
YMR306W,YDL020C,0,-9.840695,0.12914985418319702,0.9919999837875366,0.6689000129699707
YKL022C,YOR244W,0,-9.840835,0.12913304567337036,0.9919999837875366,0.6690000295639038
YER088C,YIL131C,0,-9.842265,0.1291162371635437,0.9919999837875366,0.6690999865531921
YOR202W,YHR172W,0,-9.842759,0.12909942865371704,0.9919999837875366,0.6692000031471252
YDR130C,YBR098W,0,-9.842899,0.12908263504505157,0.9919999837875366,0.6693000197410583
YLR263W,YIL101C,0,-9.844361,0.12906582653522491,0.9919999837875366,0.6693999767303467
YNL231C,YAL001C,0,-9.844662,0.12904904782772064,0.9919999837875366,0.6694999933242798
YNL071W,YBL039C,0,-9.845786,0.12903225421905518,0.9919999837875366,0.6696000099182129
YIL019W,YDR109C,0,-9.845862,0.1290154755115509,0.9919999837875366,0.669700026512146
YIL042C,YGR251W,0,-9.845907,0.12899869680404663,0.9919999837875366,0.6697999835014343
YER015W,YKR037C,0,-9.846848,0.12898193299770355,0.9919999837875366,0.6699000000953674
YJR092W,YBL040C,0,-9.847471,0.12896515429019928,0.9919999837875366,0.6700000166893005
YDR434W,YER065C,0,-9.8478155,0.1289483904838562,0.9919999837875366,0.6700999736785889
YBR135W,YPL029W,0,-9.848127,0.12893164157867432,0.9919999837875366,0.670199990272522
YMR323W,YPL169C,0,-9.848286,0.12891487777233124,0.9919999837875366,0.6703000068664551
YKL189W,YDL079C,0,-9.8492775,0.12889812886714935,0.9919999837875366,0.6704000234603882
YPL240C,YOR195W,0,-9.849839,0.12888137996196747,0.9919999837875366,0.6704999804496765
YIR013C,YIL109C,0,-9.850581,0.12886464595794678,0.9919999837875366,0.6705999970436096
YLR394W,YNL081C,0,-9.850731,0.1288478970527649,0.9919999837875366,0.6707000136375427
YDL103C,YLL003W,0,-9.850934,0.1288311630487442,0.9919999837875366,0.670799970626831
YER040W,YML109W,0,-9.851542,0.1288144439458847,0.9919999837875366,0.6708999872207642
YGL223C,YPL214C,0,-9.851751,0.128797709941864,0.9919999837875366,0.6710000038146973
YJR094C,YNL308C,0,-9.852516,0.12878099083900452,0.9919999837875366,0.6711000204086304
YKL108W,YFL049W,0,-9.852868,0.12876427173614502,0.9919999837875366,0.6711999773979187
YPR200C,YOR216C,0,-9.85307,0.12874756753444672,0.9919999837875366,0.6712999939918518
YAL061W,YKL077W,0,-9.853272,0.1287308633327484,0.9919999837875366,0.6714000105857849
YCR038C,YOR045W,0,-9.853435,0.1287141591310501,0.9919999837875366,0.671500027179718
YNL268W,YJL127C,0,-9.855054,0.1286974549293518,0.9919999837875366,0.6715999841690063
YIL026C,YKL001C,0,-9.855468,0.1286807656288147,0.9919999837875366,0.6717000007629395
YBR057C,YOR353C,0,-9.855546,0.1286640763282776,0.9919999837875366,0.6718000173568726
YHR176W,YKL222C,0,-9.855745,0.12864738702774048,0.9919999837875366,0.6718999743461609
YLR203C,YHR021C,0,-9.855828,0.12863071262836456,0.9919999837875366,0.671999990940094
YDR229W,YCL061C,0,-9.857184,0.12861402332782745,0.9919999837875366,0.6721000075340271
YML036W,YDR419W,0,-9.857282,0.12859734892845154,0.9919999837875366,0.6722000241279602
YML101C,YLR451W,0,-9.857485,0.12858068943023682,0.9919999837875366,0.6722999811172485
YPR133C,YOR124C,0,-9.8580065,0.1285640299320221,0.9919999837875366,0.6723999977111816
YNL021W,YPR162C,0,-9.858184,0.12854735553264618,0.9919999837875366,0.6725000143051147
YKR076W,YPL022W,0,-9.858479,0.12853071093559265,0.9919999837875366,0.6725999712944031
YJR097W,YIR034C,0,-9.85896,0.12851405143737793,0.9919999837875366,0.6726999878883362
YDR380W,YIL094C,0,-9.860027,0.1284974068403244,0.9919999837875366,0.6728000044822693
YHR023W,YDR142C,0,-9.860358,0.12848076224327087,0.9919999837875366,0.6729000210762024
YBL047C,YPL121C,0,-9.861327,0.12846413254737854,0.9919999837875366,0.6729999780654907
YGR089W,YOR281C,0,-9.861626,0.128447487950325,0.9919999837875366,0.6730999946594238
YML065W,YFL047W,0,-9.861649,0.12843085825443268,0.9919999837875366,0.6732000112533569
YML012W,YGR183C,0,-9.861684,0.12841424345970154,0.9919999837875366,0.67330002784729
YDL181W,YBL026W,0,-9.862014,0.1283976137638092,0.9919999837875366,0.6733999848365784
YDR384C,YDR405W,0,-9.862423,0.12838099896907806,0.9919999837875366,0.6735000014305115
YFR053C,YGR106C,0,-9.862477,0.12836438417434692,0.9919999837875366,0.6736000180244446
YGR261C,YCR033W,0,-9.862512,0.12834778428077698,0.9919999837875366,0.6736999750137329
YDR317W,YOR143C,0,-9.862643,0.12833118438720703,0.9919999837875366,0.673799991607666
YKR063C,YGL025C,0,-9.863381,0.12831458449363708,0.9919999837875366,0.6739000082015991
YOR085W,YER175C,0,-9.863589,0.12829798460006714,0.9919999837875366,0.6740000247955322
YEL019C,YJR086W,0,-9.863632,0.1282813847064972,0.9919999837875366,0.6740999817848206
YML080W,YMR050C,0,-9.864514,0.12826479971408844,0.9919999837875366,0.6741999983787537
YBR055C,YGL179C,0,-9.864894,0.12824822962284088,0.9919999837875366,0.6743000149726868
YGR121C,YER165W,0,-9.8651495,0.12823164463043213,0.9919999837875366,0.6743999719619751
YBR018C,YDR527W,0,-9.865943,0.12821507453918457,0.9919999837875366,0.6744999885559082
YER150W,YBR097W,0,-9.8664255,0.128198504447937,0.9919999837875366,0.6746000051498413
YOL089C,YAL043C,0,-9.866652,0.12818193435668945,0.9919999837875366,0.6747000217437744
YGR101W,YAR010C,0,-9.866755,0.1281653791666031,0.9919999837875366,0.6747999787330627
YBR022W,YER089C,0,-9.867356,0.12814882397651672,0.9919999837875366,0.6748999953269958
YBR135W,YBR082C,0,-9.867471,0.12813226878643036,0.9919999837875366,0.675000011920929
YOR144C,YNL004W,0,-9.867736,0.128115713596344,0.9919999837875366,0.6751000285148621
YGR170W,YEL048C,0,-9.868284,0.12809917330741882,0.9919999837875366,0.6751999855041504
YKL020C,YER082C,0,-9.86845,0.12808263301849365,0.9919999837875366,0.6753000020980835
YPR051W,YLR194C,0,-9.8684845,0.12806609272956848,0.9919999837875366,0.6754000186920166
YKL134C,YJL048C,0,-9.869892,0.1280495673418045,0.9919999837875366,0.6754999756813049
YNL242W,YDR122W,0,-9.871343,0.12803304195404053,0.9919999837875366,0.675599992275238
YDR176W,YKR003W,0,-9.872096,0.12801651656627655,0.9919999837875366,0.6757000088691711
YHL038C,YNL238W,0,-9.872788,0.12800000607967377,0.9919999837875366,0.6758000254631042
YNL136W,YKL042W,0,-9.87302,0.1279834806919098,0.9919999837875366,0.6758999824523926
YDR265W,YJR101W,0,-9.874179,0.127966970205307,0.9919999837875366,0.6759999990463257
YHR034C,YJL141C,0,-9.8743725,0.12795047461986542,0.9919999837875366,0.6761000156402588
YBL057C,YML115C,0,-9.874388,0.12793396413326263,0.9919999837875366,0.6761999726295471
YPR185W,YDR037W,0,-9.875317,0.12791746854782104,0.9919999837875366,0.6762999892234802
YJR036C,YJL146W,0,-9.875898,0.12790097296237946,0.9919999837875366,0.6764000058174133
YDL148C,YDL147W,0,-9.876012,0.12788449227809906,0.9919999837875366,0.6765000224113464
YKR030W,YJR033C,0,-9.876913,0.12786801159381866,0.9919999837875366,0.6765999794006348
YBR070C,YPR003C,0,-9.876966,0.12785153090953827,0.9919999837875366,0.6766999959945679
YIR022W,YMR293C,0,-9.87773,0.12783505022525787,0.9919999837875366,0.676800012588501
YLR228C,YNL239W,0,-9.878507,0.12781858444213867,0.9919999837875366,0.6769000291824341
YKR082W,YLR024C,0,-9.878603,0.12780211865901947,0.9919999837875366,0.6769999861717224
YOL067C,YIR039C,0,-9.8805,0.12778565287590027,0.9919999837875366,0.6771000027656555
YDR423C,YDR078C,0,-9.881026,0.12776918709278107,0.9919999837875366,0.6772000193595886
YDR219C,YGR213C,0,-9.881173,0.12775273621082306,0.9919999837875366,0.677299976348877
YDR427W,YJL129C,0,-9.881418,0.12773628532886505,0.9919999837875366,0.6773999929428101
YER146W,YDR196C,0,-9.881444,0.12771983444690704,0.9919999837875366,0.6775000095367432
YJR057W,YPR162C,0,-9.881863,0.12770339846611023,0.9919999837875366,0.6776000261306763
YBR029C,YDL230W,0,-9.882568,0.12768696248531342,0.9919999837875366,0.6776999831199646
YLR113W,YHR187W,0,-9.882746,0.1276705265045166,0.9919999837875366,0.6777999997138977
YML092C,YOR048C,0,-9.882842,0.12765410542488098,0.9919999837875366,0.6779000163078308
YDR298C,YIR039C,0,-9.882918,0.12763766944408417,0.9919999837875366,0.6779999732971191
YPL161C,YGR206W,0,-9.883799,0.12762124836444855,0.9919999837875366,0.6780999898910522
YNL286W,YDR409W,0,-9.884043,0.12760484218597412,0.9919999837875366,0.6782000064849854
YKR072C,YOR162C,0,-9.884759,0.1275884211063385,0.9919999837875366,0.6783000230789185
YBR234C,YNL301C,0,-9.88581,0.12757201492786407,0.9919999837875366,0.6783999800682068
YMR001C,YGL219C,0,-9.885934,0.12755560874938965,0.9919999837875366,0.6784999966621399
YBR042C,YNL115C,0,-9.886051,0.12753921747207642,0.9919999837875366,0.678600013256073
YOR141C,YGR057C,0,-9.886976,0.127522811293602,0.9919999837875366,0.6786999702453613
YPR025C,YKL166C,0,-9.887819,0.12750642001628876,0.9919999837875366,0.6787999868392944
YDR388W,YOR087W,0,-9.887916,0.12749004364013672,0.9919999837875366,0.6789000034332275
YMR290C,YIL080W,0,-9.887939,0.1274736523628235,0.9919999837875366,0.6790000200271606
YDR402C,YNL037C,0,-9.888182,0.12745727598667145,0.9919999837875366,0.679099977016449
YHR205W,YPR182W,0,-9.888896,0.1274408996105194,0.9919999837875366,0.6791999936103821
YMR119W,YBL020W,0,-9.889188,0.12742453813552856,0.9919999837875366,0.6793000102043152
YER073W,YOR125C,0,-9.889302,0.12740816175937653,0.9919999837875366,0.6794000267982483
YER027C,YDR013W,0,-9.889357,0.12739180028438568,0.9919999837875366,0.6794999837875366
YDR386W,YIL008W,0,-9.889856,0.12737545371055603,0.9919999837875366,0.6796000003814697
YCR088W,YBL099W,0,-9.891986,0.12735909223556519,0.9919999837875366,0.6797000169754028
YCL039W,YGL246C,0,-9.892724,0.12734274566173553,0.9919999837875366,0.6797999739646912
YLR068W,YPR078C,0,-9.892934,0.12732639908790588,0.9919999837875366,0.6798999905586243
YMR056C,YER052C,0,-9.893988,0.12731006741523743,0.9919999837875366,0.6800000071525574
YLR079W,YBR030W,0,-9.894218,0.12729372084140778,0.9919999837875366,0.6801000237464905
YLR231C,YNL272C,0,-9.894578,0.12727738916873932,0.9919999837875366,0.6801999807357788
YAL058W,YKR101W,0,-9.895696,0.12726105749607086,0.9919999837875366,0.6802999973297119
YJR069C,YGL153W,0,-9.896941,0.1272447407245636,0.9919999837875366,0.680400013923645
YDL067C,YBR009C,0,-9.898438,0.12722842395305634,0.9919999837875366,0.6804999709129333
YKR100C,YNL247W,0,-9.89888,0.12721210718154907,0.9919999837875366,0.6805999875068665
YDL208W,YDR329C,0,-9.899552,0.1271957904100418,0.9919999837875366,0.6807000041007996
YJL019W,YKR089C,0,-9.900223,0.12717948853969574,0.9919999837875366,0.6808000206947327
YOR117W,YGL210W,0,-9.900233,0.12716318666934967,0.9919999837875366,0.680899977684021
YKL182W,YGL033W,0,-9.900667,0.1271468847990036,0.9919999837875366,0.6809999942779541
YOR371C,YDR407C,0,-9.901309,0.12713059782981873,0.9919999837875366,0.6811000108718872
YGR177C,YPR133W-A,0,-9.90138,0.12711429595947266,0.9919999837875366,0.6812000274658203
YNL021W,YGL073W,0,-9.902098,0.12709800899028778,0.9919999837875366,0.6812999844551086
YKL198C,YGL113W,0,-9.902583,0.1270817369222641,0.9919999837875366,0.6814000010490417
YNL221C,YGL058W,0,-9.902682,0.12706544995307922,0.9919999837875366,0.6815000176429749
YOR243C,YGL004C,0,-9.903102,0.12704917788505554,0.9919999837875366,0.6815999746322632
YGL105W,YGL167C,0,-9.903441,0.12703290581703186,0.9919999837875366,0.6816999912261963
YPR186C,YGR099W,0,-9.9035015,0.12701664865016937,0.9919999837875366,0.6818000078201294
YEL027W,YJL089W,0,-9.904069,0.12700039148330688,0.9919999837875366,0.6819000244140625
YJL030W,YGR185C,0,-9.904071,0.1269841343164444,0.9919999837875366,0.6819999814033508
YER112W,YBR284W,0,-9.904425,0.1269678771495819,0.9919999837875366,0.6820999979972839
YGL018C,YER150W,0,-9.904439,0.12695161998271942,0.9919999837875366,0.682200014591217
YKR087C,YOR332W,0,-9.905404,0.12693537771701813,0.9919999837875366,0.6822999715805054
YLL002W,YLR298C,0,-9.905975,0.12691913545131683,0.9919999837875366,0.6823999881744385
YMR015C,YNL208W,0,-9.906423,0.12690290808677673,0.9919999837875366,0.6825000047683716
YNL097C,YBR058C,0,-9.906818,0.12688666582107544,0.9919999837875366,0.6826000213623047
YMR307W,YDR207C,0,-9.906989,0.12687043845653534,0.9919999837875366,0.682699978351593
YOL126C,YIL022W,0,-9.907125,0.12685422599315643,0.9919999837875366,0.6827999949455261
YDL137W,YGR246C,0,-9.907194,0.12683799862861633,0.9919999837875366,0.6829000115394592
YKL020C,YDR334W,0,-9.908309,0.12682178616523743,0.9919999837875366,0.6830000281333923
YBR290W,YPL140C,0,-9.908557,0.12680557370185852,0.9919999837875366,0.6830999851226807
YEL009C,YCR073W-A,0,-9.90874,0.12678936123847961,0.9919999837875366,0.6832000017166138
YGL166W,YCR027C,0,-9.908886,0.1267731636762619,0.9919999837875366,0.6833000183105469
YDR055W,YLR426W,0,-9.910694,0.1267569661140442,0.9919999837875366,0.6833999752998352
YIR009W,YLR058C,0,-9.912212,0.12674076855182648,0.9919999837875366,0.6834999918937683
YDL088C,YOL063C,0,-9.913096,0.12672457098960876,0.9919999837875366,0.6836000084877014
YLR027C,YKR065C,0,-9.913463,0.12670838832855225,0.9919999837875366,0.6837000250816345
YIR013C,YKL211C,0,-9.91482,0.12669220566749573,0.9919999837875366,0.6837999820709229
YCR038C,YBR082C,0,-9.915078,0.1266760379076004,0.9919999837875366,0.683899998664856
YBR020W,YHR141C,0,-9.916453,0.12665985524654388,0.9919999837875366,0.6840000152587891
YBR166C,YPL105C,0,-9.916515,0.12664368748664856,0.9919999837875366,0.6840999722480774
YDL116W,YDR330W,0,-9.916758,0.12662751972675323,0.9919999837875366,0.6841999888420105
YHR169W,YBR016W,0,-9.917241,0.1266113519668579,0.9919999837875366,0.6843000054359436
YHR092C,YDL191W,0,-9.917271,0.12659519910812378,0.9919999837875366,0.6844000220298767
YHL038C,YDR001C,0,-9.917601,0.12657904624938965,0.9919999837875366,0.684499979019165
YJL031C,YBR261C,0,-9.91809,0.12656289339065552,0.9919999837875366,0.6845999956130981
YNL078W,YOR353C,0,-9.918355,0.12654675543308258,0.9919999837875366,0.6847000122070312
YPR088C,YDR213W,0,-9.920013,0.12653061747550964,0.9919999837875366,0.6848000288009644
YNL182C,YOR150W,1,-9.920265,0.12664200365543365,0.9929999709129333,0.6848000288009644
YDR318W,YKL035W,0,-9.921138,0.12662586569786072,0.9929999709129333,0.6848999857902527
YHR158C,YHR083W,0,-9.921723,0.1266097128391266,0.9929999709129333,0.6850000023841858
YGL151W,YDL015C,0,-9.922066,0.12659357488155365,0.9929999709129333,0.6851000189781189
YPL265W,YDL207W,0,-9.9225,0.1265774369239807,0.9929999709129333,0.6851999759674072
YDL159W,YNL246W,0,-9.923009,0.12656129896640778,0.9929999709129333,0.6852999925613403
YPR035W,YNR055C,0,-9.923057,0.12654517590999603,0.9929999709129333,0.6854000091552734
YBR092C,YDL147W,0,-9.923585,0.1265290528535843,0.9929999709129333,0.6855000257492065
YER183C,YML047C,0,-9.92407,0.12651292979717255,0.9929999709129333,0.6855999827384949
YOR140W,YIR018W,0,-9.924165,0.126496821641922,0.9929999709129333,0.685699999332428
YOR233W,YDR078C,0,-9.924374,0.12648069858551025,0.9929999709129333,0.6858000159263611
YNL094W,YDR207C,0,-9.926109,0.1264645904302597,0.9929999709129333,0.6858999729156494
YIL010W,YPL082C,0,-9.92694,0.12644849717617035,0.9929999709129333,0.6859999895095825
YOR193W,YNL186W,0,-9.928332,0.1264323890209198,0.9929999709129333,0.6861000061035156
YLR319C,YLR353W,0,-9.92836,0.12641629576683044,0.9929999709129333,0.6862000226974487
YOR336W,YPR042C,0,-9.928894,0.1264002025127411,0.9929999709129333,0.6862999796867371
YDR182W,YGL198W,0,-9.928907,0.12638410925865173,0.9929999709129333,0.6863999962806702
YDL108W,YNL206C,0,-9.929398,0.12636803090572357,0.9929999709129333,0.6865000128746033
YGR209C,YDR002W,0,-9.929442,0.1263519525527954,0.9929999709129333,0.6866000294685364
YBR160W,YPR104C,0,-9.929648,0.12633587419986725,0.9929999709129333,0.6866999864578247
YOL007C,YBR287W,0,-9.929757,0.12631981074810028,0.9929999709129333,0.6868000030517578
YDR097C,YCL057W,0,-9.930006,0.12630373239517212,0.9929999709129333,0.6869000196456909
YOR306C,YNL107W,0,-9.931325,0.12628768384456635,0.9929999709129333,0.6869999766349792
YMR092C,YJR031C,0,-9.931483,0.12627162039279938,0.9929999709129333,0.6870999932289124
YGL068W,YPL031C,0,-9.931713,0.1262555569410324,0.9929999709129333,0.6872000098228455
YPR043W,YOR307C,0,-9.931873,0.12623950839042664,0.9929999709129333,0.6873000264167786
YOR249C,YBR254C,0,-9.932474,0.12622345983982086,0.9929999709129333,0.6873999834060669
YGR246C,YOL158C,0,-9.933155,0.12620742619037628,0.9929999709129333,0.6875
YEL009C,YNL208W,0,-9.93417,0.1261913776397705,0.9929999709129333,0.6876000165939331
YJR138W,YGR195W,0,-9.934205,0.12617534399032593,0.9929999709129333,0.6876999735832214
YPR046W,YDL045W-A,0,-9.934982,0.12615932524204254,0.9929999709129333,0.6877999901771545
YLR265C,YLR305C,0,-9.9350195,0.12614329159259796,0.9929999709129333,0.6879000067710876
YOR173W,YPL140C,0,-9.935863,0.12612727284431458,0.9929999709129333,0.6880000233650208
YOR321W,YHR062C,0,-9.936854,0.1261112540960312,0.9929999709129333,0.6880999803543091
YGR156W,YGR044C,0,-9.936868,0.1260952353477478,0.9929999709129333,0.6881999969482422
YOL145C,YGL010W,0,-9.9381075,0.1260792315006256,0.9929999709129333,0.6883000135421753
YDR385W,YLR145W,0,-9.939565,0.12606322765350342,0.9929999709129333,0.6883999705314636
YDR016C,YGR198W,0,-9.93972,0.12604722380638123,0.9929999709129333,0.6884999871253967
YPL046C,YGL125W,0,-9.941021,0.12603121995925903,0.9929999709129333,0.6886000037193298
YLL062C,YNL139C,0,-9.941809,0.12601523101329803,0.9929999709129333,0.6887000203132629
YKL074C,YLR425W,0,-9.942111,0.12599924206733704,0.9929999709129333,0.6887999773025513
YOR133W,YOL011W,0,-9.942926,0.12598325312137604,0.9929999709129333,0.6888999938964844
YLR411W,YLR313C,0,-9.943428,0.12596726417541504,0.9929999709129333,0.6890000104904175
YJL058C,YPR082C,0,-9.944806,0.12595129013061523,0.9929999709129333,0.6891000270843506
YPL018W,YLL003W,0,-9.945037,0.12593531608581543,0.9929999709129333,0.6891999840736389
YKR007W,YDR288W,0,-9.945115,0.12591935694217682,0.9929999709129333,0.689300000667572
YPR198W,YFR010W,0,-9.945387,0.12590338289737701,0.9929999709129333,0.6894000172615051
YBR243C,YMR137C,0,-9.945781,0.1258874237537384,0.9929999709129333,0.6894999742507935
YKR076W,YJR160C,0,-9.946138,0.1258714646100998,0.9929999709129333,0.6895999908447266
YPL059W,YER072W,0,-9.946866,0.12585552036762238,0.9929999709129333,0.6897000074386597
YLR393W,YJL176C,0,-9.947143,0.12583956122398376,0.9929999709129333,0.6898000240325928
YOL062C,YBL019W,0,-9.94792,0.12582361698150635,0.9929999709129333,0.6898999810218811
YJL006C,YPL042C,0,-9.948026,0.12580767273902893,0.9929999709129333,0.6899999976158142
YKR066C,YHR042W,0,-9.948827,0.1257917433977127,0.9929999709129333,0.6901000142097473
YAL041W,YER089C,0,-9.949342,0.12577581405639648,0.9929999709129333,0.6901999711990356
YNR056C,YFL034C-A,0,-9.949586,0.12575988471508026,0.9929999709129333,0.6902999877929688
YHL038C,YGR154C,0,-9.950436,0.12574395537376404,0.9929999709129333,0.6904000043869019
YOR310C,YOR193W,0,-9.950494,0.12572802603244781,0.9929999709129333,0.690500020980835
YPL026C,YKL018W,0,-9.950725,0.12571211159229279,0.9929999709129333,0.6905999779701233
YOL093W,YJR049C,0,-9.951639,0.12569619715213776,0.9929999709129333,0.6906999945640564
YDL042C,YBL060W,0,-9.952319,0.12568029761314392,0.9929999709129333,0.6908000111579895
YDL100C,YDR027C,0,-9.952914,0.1256643831729889,0.9929999709129333,0.6909000277519226
YLR284C,YJL129C,0,-9.954359,0.12564848363399506,0.9929999709129333,0.6909999847412109
YKR067W,YOR148C,0,-9.954481,0.12563258409500122,0.9929999709129333,0.691100001335144
YGR230W,YMR165C,0,-9.95453,0.12561669945716858,0.9929999709129333,0.6912000179290771
YML099C,YDR192C,0,-9.955213,0.12560081481933594,0.9929999709129333,0.6912999749183655
YHL031C,YNL129W,0,-9.955876,0.1255849301815033,0.9929999709129333,0.6913999915122986
YHR010W,YKR062W,0,-9.956637,0.12556904554367065,0.9929999709129333,0.6915000081062317
YDL056W,YBR125C,0,-9.957189,0.125553160905838,0.9929999709129333,0.6916000247001648
YPR082C,YFL031W,0,-9.95726,0.12553729116916656,0.9929999709129333,0.6916999816894531
YDR151C,YDR324C,0,-9.95732,0.12552142143249512,0.9929999709129333,0.6917999982833862
YDR309C,YLR424W,0,-9.957613,0.12550556659698486,0.9929999709129333,0.6919000148773193
YPR200C,YLR239C,0,-9.957957,0.12548969686031342,0.9929999709129333,0.6919999718666077
YGR188C,YJL166W,0,-9.958264,0.12547384202480316,0.9929999709129333,0.6920999884605408
YCR027C,YPL214C,0,-9.95846,0.1254579871892929,0.9929999709129333,0.6922000050544739
YGL105W,YBR102C,0,-9.958869,0.12544214725494385,0.9929999709129333,0.692300021648407
YFL014W,YMR158W,0,-9.9590645,0.1254262924194336,0.9929999709129333,0.6923999786376953
YOL012C,YHR001W,0,-9.959181,0.12541045248508453,0.9929999709129333,0.6924999952316284
YJL090C,YEL018W,0,-9.959912,0.12539462745189667,0.9929999709129333,0.6926000118255615
YOR386W,YJL176C,0,-9.960196,0.1253787875175476,0.9929999709129333,0.6927000284194946
YDL140C,YIL061C,0,-9.9604845,0.12536296248435974,0.9929999709129333,0.692799985408783
YOR150W,YOL144W,1,-9.961167,0.12547336518764496,0.9940000176429749,0.692799985408783
YNL112W,YGR253C,0,-9.961257,0.1254575252532959,0.9940000176429749,0.6929000020027161
YPR171W,YDL024C,0,-9.96306,0.12544170022010803,0.9940000176429749,0.6930000185966492
YNL153C,YKL094W,0,-9.96311,0.12542586028575897,0.9940000176429749,0.6930999755859375
YFL044C,YLR119W,0,-9.963743,0.1254100501537323,0.9940000176429749,0.6931999921798706
YDR420W,YDR359C,0,-9.9639845,0.12539422512054443,0.9940000176429749,0.6933000087738037
YJR150C,YDL049C,0,-9.964071,0.12537840008735657,0.9940000176429749,0.6934000253677368
YBR016W,YBR141C,0,-9.964672,0.1253625899553299,0.9940000176429749,0.6934999823570251
YMR314W,YBR237W,0,-9.96504,0.12534677982330322,0.9940000176429749,0.6935999989509583
YOL117W,YKL166C,0,-9.965309,0.12533098459243774,0.9940000176429749,0.6937000155448914
YLR039C,YGR184C,0,-9.965546,0.12531517446041107,0.9940000176429749,0.6937999725341797
YIL159W,YPL031C,0,-9.966271,0.1252993792295456,0.9940000176429749,0.6938999891281128
YJL184W,YOR010C,0,-9.966871,0.12528358399868011,0.9940000176429749,0.6940000057220459
YHR204W,YML028W,0,-9.967283,0.12526780366897583,0.9940000176429749,0.694100022315979
YDL159W,YIL168W,0,-9.967494,0.12525202333927155,0.9940000176429749,0.6941999793052673
YOR234C,YGR184C,0,-9.967627,0.12523622810840607,0.9940000176429749,0.6942999958992004
YGR175C,YJR104C,0,-9.968122,0.12522046267986298,0.9940000176429749,0.6944000124931335
YNL073W,YDL060W,0,-9.968667,0.1252046823501587,0.9940000176429749,0.6945000290870667
YKR083C,YKR001C,0,-9.968912,0.1251889169216156,0.9940000176429749,0.694599986076355
YER075C,YPL232W,0,-9.968959,0.1251731514930725,0.9940000176429749,0.6947000026702881
YHR115C,YML093W,0,-9.969062,0.12515738606452942,0.9940000176429749,0.6948000192642212
YHR023W,YLR135W,0,-9.969084,0.12514163553714752,0.9940000176429749,0.6948999762535095
YJL165C,YHL011C,0,-9.969577,0.12512588500976562,0.9940000176429749,0.6949999928474426
YJR065C,YOL101C,0,-9.969682,0.12511013448238373,0.9940000176429749,0.6951000094413757
YIL076W,YER116C,0,-9.969707,0.12509438395500183,0.9940000176429749,0.6952000260353088
YCL014W,YHR091C,0,-9.970131,0.12507864832878113,0.9940000176429749,0.6952999830245972
YCL061C,YOR148C,0,-9.97041,0.12506291270256042,0.9940000176429749,0.6953999996185303
YJL112W,YBR067C,0,-9.970775,0.12504717707633972,0.9940000176429749,0.6955000162124634
YNR057C,YJL076W,0,-9.970943,0.12503144145011902,0.9940000176429749,0.6955999732017517
YLR348C,YNL251C,0,-9.971135,0.1250157207250595,0.9940000176429749,0.6956999897956848
YLR110C,YPR193C,0,-9.971684,0.125,0.9940000176429749,0.6958000063896179
YDR518W,YDR435C,0,-9.9719095,0.12498427927494049,0.9940000176429749,0.695900022983551
YDL039C,YML034W,0,-9.973841,0.12496856600046158,0.9940000176429749,0.6959999799728394
YIL122W,YDR314C,0,-9.976616,0.12495286017656326,0.9940000176429749,0.6960999965667725
YKL093W,YHR074W,0,-9.976853,0.12493715435266495,0.9940000176429749,0.6962000131607056
YDR179C,YOR127W,0,-9.977275,0.12492145597934723,0.9940000176429749,0.6963000297546387
YIL112W,YJL121C,0,-9.977347,0.12490575760602951,0.9940000176429749,0.696399986743927
YPR081C,YLL024C,0,-9.977382,0.12489005923271179,0.9940000176429749,0.6965000033378601
YGL077C,YBL014C,0,-9.977737,0.12487436830997467,0.9940000176429749,0.6966000199317932
YGL225W,YIL172C,0,-9.978024,0.12485868483781815,0.9940000176429749,0.6966999769210815
YMR001C,YEL057C,0,-9.97804,0.12484300136566162,0.9940000176429749,0.6967999935150146
YBR198C,YEL057C,0,-9.978516,0.1248273253440857,0.9940000176429749,0.6969000101089478
YKL016C,YKL166C,0,-9.978828,0.12481164932250977,0.9940000176429749,0.6970000267028809
YMR306W,YBL014C,0,-9.979571,0.12479598075151443,0.9940000176429749,0.6970999836921692
YJL096W,YGL131C,0,-9.980539,0.1247803196310997,0.9940000176429749,0.6972000002861023
YKL011C,YOR359W,0,-9.98153,0.12476465106010437,0.9940000176429749,0.6973000168800354
YMR296C,YMR225C,0,-9.9818535,0.12474899739027023,0.9940000176429749,0.6973999738693237
YLR231C,YCR034W,0,-9.982162,0.1247333437204361,0.9940000176429749,0.6974999904632568
YJL019W,YER150W,0,-9.982777,0.12471769005060196,0.9940000176429749,0.6976000070571899
YLR423C,YOR311C,0,-9.983949,0.12470204383134842,0.9940000176429749,0.697700023651123
YER178W,YNR024W,0,-9.984269,0.12468640506267548,0.9940000176429749,0.6977999806404114
YLR411W,YLR190W,0,-9.984494,0.12467076629400253,0.9940000176429749,0.6978999972343445
YPL240C,YGR231C,0,-9.985727,0.12465512752532959,0.9940000176429749,0.6980000138282776
YGR028W,YPL033C,0,-9.985882,0.12463949620723724,0.9940000176429749,0.6980999708175659
YML014W,YHR202W,0,-9.985939,0.1246238723397255,0.9940000176429749,0.698199987411499
YNL065W,YDR289C,0,-9.986609,0.12460824847221375,0.9940000176429749,0.6983000040054321
YLL024C,YML005W,0,-9.986744,0.12459263205528259,0.9940000176429749,0.6984000205993652
YBR286W,YML038C,0,-9.987435,0.12457701563835144,0.9940000176429749,0.6984999775886536
YPR111W,YGR047C,0,-9.9877205,0.12456140667200089,0.9940000176429749,0.6985999941825867
YDR392W,YDL201W,0,-9.989802,0.12454579770565033,0.9940000176429749,0.6987000107765198
YBR221C,YNL044W,0,-9.990039,0.12453019618988037,0.9940000176429749,0.6988000273704529
YDL204W,YPL183W-A,0,-9.990454,0.12451459467411041,0.9940000176429749,0.6988999843597412
YPL208W,YBR182C,0,-9.991405,0.12449900060892105,0.9940000176429749,0.6990000009536743
YER019W,YMR071C,0,-9.993599,0.12448340654373169,0.9940000176429749,0.6991000175476074
YDL171C,YLR039C,0,-9.993773,0.12446781992912292,0.9940000176429749,0.6991999745368958
YJL039C,YER024W,0,-9.993818,0.12445223331451416,0.9940000176429749,0.6992999911308289
YMR247C,YGL129C,0,-9.994734,0.12443665415048599,0.9940000176429749,0.699400007724762
YGR119C,YGR181W,0,-9.995048,0.12442108243703842,0.9940000176429749,0.6995000243186951
YDR054C,YDL056W,0,-9.995846,0.12440550327301025,0.9940000176429749,0.6995999813079834
YPR042C,YDR167W,0,-9.9962635,0.12438993901014328,0.9940000176429749,0.6996999979019165
YKL135C,YGL033W,0,-9.996268,0.1243743747472763,0.9940000176429749,0.6998000144958496
YNL268W,YLR107W,0,-9.996947,0.12435881048440933,0.9940000176429749,0.6998999714851379
YLR371W,YDR087C,0,-9.997078,0.12434326112270355,0.9940000176429749,0.699999988079071
YOR085W,YLR248W,0,-9.997274,0.12432770431041718,0.9940000176429749,0.7001000046730042
YDR153C,YJR049C,0,-9.997626,0.1243121549487114,0.9940000176429749,0.7002000212669373
YPR192W,YDR372C,0,-9.997969,0.12429661303758621,0.9940000176429749,0.7002999782562256
YKL182W,YEL011W,0,-9.9979725,0.12428107112646103,0.9940000176429749,0.7003999948501587
YOR303W,YDR260C,0,-9.998399,0.12426553666591644,0.9940000176429749,0.7005000114440918
YDL082W,YCL032W,0,-9.999614,0.12425000220537186,0.9940000176429749,0.7006000280380249
YPR019W,YJL134W,0,-9.999961,0.12423446774482727,0.9940000176429749,0.7006999850273132
YNL236W,YDR460W,0,-10.000247,0.12421894818544388,0.9940000176429749,0.7008000016212463
YNL199C,YOR044W,0,-10.00122,0.12420342117547989,0.9940000176429749,0.7009000182151794
YGL151W,YMR182C,0,-10.001447,0.1241879090666771,0.9940000176429749,0.7009999752044678
YOR244W,YBR230C,0,-10.001493,0.1241723895072937,0.9940000176429749,0.7010999917984009
YAR050W,YAR003W,0,-10.00306,0.1241568848490715,0.9940000176429749,0.701200008392334
YPL171C,YOR175C,0,-10.003144,0.12414137274026871,0.9940000176429749,0.7013000249862671
YGL058W,YHR039C-A,0,-10.0040245,0.1241258755326271,0.9940000176429749,0.7013999819755554
YOL027C,YGL127C,0,-10.004456,0.1241103783249855,0.9940000176429749,0.7014999985694885
YPR080W,YER098W,0,-10.005454,0.1240948811173439,0.9940000176429749,0.7016000151634216
YHR190W,YOL143C,0,-10.006251,0.1240793913602829,0.9940000176429749,0.70169997215271
YPL265W,YAL008W,0,-10.0065365,0.1240639016032219,0.9940000176429749,0.7017999887466431
YNL297C,YIL018W,0,-10.007954,0.12404841929674149,0.9940000176429749,0.7019000053405762
YNR028W,YNL071W,0,-10.00818,0.12403294444084167,0.9940000176429749,0.7020000219345093
YPR162C,YDR201W,0,-10.0085335,0.12401746958494186,0.9940000176429749,0.7020999789237976
YOL104C,YJR010C-A,0,-10.008685,0.12400199472904205,0.9940000176429749,0.7021999955177307
YLR342W,YCL033C,0,-10.008951,0.12398652732372284,0.9940000176429749,0.7023000121116638
YLR286C,YLR427W,0,-10.01003,0.12397106736898422,0.9940000176429749,0.7024000287055969
YPL213W,YPR137W,0,-10.010118,0.1239556074142456,0.9940000176429749,0.7024999856948853
YLL051C,YGL213C,0,-10.010493,0.12394014745950699,0.9940000176429749,0.7026000022888184
YCR047C,YGL216W,0,-10.010747,0.12392469495534897,0.9940000176429749,0.7027000188827515
YGL130W,YLL018C-A,0,-10.010968,0.12390924990177155,0.9940000176429749,0.7027999758720398
YPR155C,YLR298C,0,-10.011964,0.12389380484819412,0.9940000176429749,0.7028999924659729
YAL011W,YLR346C,0,-10.012561,0.1238783672451973,0.9940000176429749,0.703000009059906
YKL114C,YFL004W,0,-10.012678,0.12386292964220047,0.9940000176429749,0.7031000256538391
YDL216C,YOR305W,0,-10.012851,0.12384749203920364,0.9940000176429749,0.7031999826431274
YDR265W,YDL077C,0,-10.012913,0.12383206933736801,0.9940000176429749,0.7032999992370605
YNR010W,YNL098C,0,-10.013307,0.12381663918495178,0.9940000176429749,0.7034000158309937
YNL094W,YIL007C,0,-10.013815,0.12380122393369675,0.9940000176429749,0.703499972820282
YDL132W,YNL137C,0,-10.0142355,0.12378580123186111,0.9940000176429749,0.7035999894142151
YCR088W,YMR267W,0,-10.01434,0.12377039343118668,0.9940000176429749,0.7037000060081482
YGL130W,YDR098C,0,-10.014354,0.12375497817993164,0.9940000176429749,0.7038000226020813
YHR187W,YKL134C,0,-10.015166,0.1237395778298378,0.9940000176429749,0.7038999795913696
YDL137W,YOR257W,0,-10.01526,0.12372417002916336,0.9940000176429749,0.7039999961853027
YMR168C,YLR303W,0,-10.016211,0.12370877712965012,0.9940000176429749,0.7041000127792358
YOL126C,YDL064W,0,-10.016722,0.12369337677955627,0.9940000176429749,0.704200029373169
YFR019W,YER162C,0,-10.016726,0.12367799133062363,0.9940000176429749,0.7042999863624573
YGR240C,YDL210W,0,-10.016996,0.12366260588169098,0.9940000176429749,0.7044000029563904
YBR018C,YPL128C,0,-10.01711,0.12364722043275833,0.9940000176429749,0.7045000195503235
YDL078C,YLR005W,0,-10.017727,0.12363184243440628,0.9940000176429749,0.7045999765396118
YNL129W,YEL050C,0,-10.017779,0.12361646443605423,0.9940000176429749,0.7046999931335449
YMR230W,YKL141W,0,-10.017787,0.12360109388828278,0.9940000176429749,0.704800009727478
YNL073W,YGR240C,0,-10.017978,0.12358572334051132,0.9940000176429749,0.7049000263214111
YEL026W,YOL148C,0,-10.018019,0.12357036024332047,0.9940000176429749,0.7049999833106995
YDR252W,YDL191W,0,-10.018065,0.1235550045967102,0.9940000176429749,0.7050999999046326
YOR320C,YPR138C,0,-10.018433,0.12353964895009995,0.9940000176429749,0.7052000164985657
YDL244W,YGL059W,0,-10.0186825,0.12352429330348969,0.9940000176429749,0.705299973487854
YKR035W-A,YHR015W,0,-10.018696,0.12350894510746002,0.9940000176429749,0.7053999900817871
YBR207W,YGL004C,0,-10.01931,0.12349360436201096,0.9940000176429749,0.7055000066757202
YJL051W,YPR137W,0,-10.0193405,0.12347826361656189,0.9940000176429749,0.7056000232696533
YNL037C,YJL076W,0,-10.019467,0.12346292287111282,0.9940000176429749,0.7056999802589417
YDL181W,YMR077C,0,-10.0199,0.12344758957624435,0.9940000176429749,0.7057999968528748
YCR038C,YDR016C,0,-10.020348,0.12343226373195648,0.9940000176429749,0.7059000134468079
YDR217C,YOL039W,0,-10.020418,0.12341693788766861,0.9940000176429749,0.7059999704360962
YDR479C,YMR266W,0,-10.021307,0.12340161204338074,0.9940000176429749,0.7060999870300293
YOL052C-A,YDR488C,0,-10.022108,0.12338629364967346,0.9940000176429749,0.7062000036239624
YML006C,YNR052C,0,-10.022258,0.12337098270654678,0.9940000176429749,0.7063000202178955
YOR249C,YNL062C,0,-10.022454,0.1233556717634201,0.9940000176429749,0.7063999772071838
YJL090C,YEL019C,0,-10.024013,0.12334036827087402,0.9940000176429749,0.7064999938011169
YOR256C,YLL048C,0,-10.024202,0.12332506477832794,0.9940000176429749,0.70660001039505
YKL125W,YOL122C,0,-10.02478,0.12330976128578186,0.9940000176429749,0.7067000269889832
YFL055W,YMR088C,0,-10.025045,0.12329446524381638,0.9940000176429749,0.7067999839782715
YFL029C,YNR047W,0,-10.025802,0.12327917665243149,0.9940000176429749,0.7069000005722046
YDR320C-A,YBR050C,0,-10.026422,0.1232638880610466,0.9940000176429749,0.7070000171661377
YDR380W,YLR452C,0,-10.026488,0.12324860692024231,0.9940000176429749,0.707099974155426
YMR238W,YJR123W,0,-10.026988,0.12323332577943802,0.9940000176429749,0.7071999907493591
YBR160W,YLR047C,0,-10.027289,0.12321805208921432,0.9940000176429749,0.7073000073432922
YJR109C,YDL232W,0,-10.027675,0.12320277839899063,0.9940000176429749,0.7074000239372253
YDR003W,YDR239C,0,-10.027678,0.12318750470876694,0.9940000176429749,0.7074999809265137
YBL022C,YOL121C,0,-10.029116,0.12317224591970444,0.9940000176429749,0.7075999975204468
YER038C,YDR325W,0,-10.029622,0.12315697968006134,0.9940000176429749,0.7077000141143799
YDR480W,YDL195W,0,-10.030128,0.12314172089099884,0.9940000176429749,0.7077999711036682
YDR481C,YIL006W,0,-10.031154,0.12312646955251694,0.9940000176429749,0.7078999876976013
YMR219W,YPR168W,0,-10.031312,0.12311121821403503,0.9940000176429749,0.7080000042915344
YNL118C,YEL019C,0,-10.03143,0.12309597432613373,0.9940000176429749,0.7081000208854675
YJR092W,YFR049W,0,-10.03222,0.12308073043823242,0.9940000176429749,0.7081999778747559
YGL222C,YJR040W,0,-10.032413,0.12306549400091171,0.9940000176429749,0.708299994468689
YHR102W,YLR373C,0,-10.033297,0.123050257563591,0.9940000176429749,0.7084000110626221
YNL177C,YGL243W,0,-10.033738,0.12303502857685089,0.9940000176429749,0.7085000276565552
YML129C,YBR088C,0,-10.033859,0.12301979959011078,0.9940000176429749,0.7085999846458435
YOR191W,YDR285W,0,-10.034609,0.12300457805395126,0.9940000176429749,0.7087000012397766
YER045C,YBR119W,0,-10.035389,0.12298935651779175,0.9940000176429749,0.7088000178337097
YDL213C,YER005W,0,-10.036196,0.12297414243221283,0.9940000176429749,0.708899974822998
YDR071C,YDL138W,0,-10.036347,0.12295892834663391,0.9940000176429749,0.7089999914169312
YOR233W,YER041W,0,-10.036545,0.12294372171163559,0.9940000176429749,0.7091000080108643
YHL003C,YLR141W,0,-10.036937,0.12292851507663727,0.9940000176429749,0.7092000246047974
YGL191W,YMR307W,0,-10.038703,0.12291331589221954,0.9940000176429749,0.7092999815940857
YNR058W,YMR183C,0,-10.039186,0.12289812415838242,0.9940000176429749,0.7093999981880188
YLR191W,YCR036W,0,-10.039208,0.12288292497396469,0.9940000176429749,0.7095000147819519
YOR162C,YDR056C,0,-10.040154,0.12286774069070816,0.9940000176429749,0.7095999717712402
YDR110W,YOL113W,0,-10.040645,0.12285254895687103,0.9940000176429749,0.7096999883651733
YOL113W,YAL002W,0,-10.0417,0.1228373721241951,0.9940000176429749,0.7098000049591064
YBR164C,YER075C,0,-10.04214,0.12282219529151917,0.9940000176429749,0.7099000215530396
YML067C,YOL009C,0,-10.042148,0.12280701845884323,0.9940000176429749,0.7099999785423279
YFR024C-A,YOR313C,0,-10.04258,0.1227918490767479,0.9940000176429749,0.710099995136261
YOR011W,YHR030C,0,-10.043805,0.12277667969465256,0.9940000176429749,0.7102000117301941
YKR102W,YGR222W,0,-10.044034,0.12276151776313782,0.9940000176429749,0.7103000283241272
YNL147W,YMR160W,0,-10.0444,0.12274635583162308,0.9940000176429749,0.7103999853134155
YJR078W,YDR284C,0,-10.04478,0.12273120135068893,0.9940000176429749,0.7105000019073486
YLR028C,YPL042C,0,-10.045128,0.12271604686975479,0.9940000176429749,0.7106000185012817
YPL090C,YHR080C,0,-10.045302,0.12270089983940125,0.9940000176429749,0.7106999754905701
YJL099W,YGR211W,0,-10.045695,0.1226857602596283,0.9940000176429749,0.7107999920845032
YLR259C,YJR110W,0,-10.046031,0.12267061322927475,0.9940000176429749,0.7109000086784363
YNL024C,YNL208W,0,-10.046182,0.1226554811000824,0.9940000176429749,0.7110000252723694
YFL014W,YIL084C,0,-10.046302,0.12264034897089005,0.9940000176429749,0.7110999822616577
YHR057C,YGR216C,0,-10.046931,0.12262521684169769,0.9940000176429749,0.7111999988555908
YJL058C,YBL050W,0,-10.047173,0.12261009216308594,0.9940000176429749,0.7113000154495239
YJR153W,YOR043W,0,-10.048209,0.12259496748447418,0.9940000176429749,0.7113999724388123
YAL041W,YLR070C,0,-10.048613,0.12257985025644302,0.9940000176429749,0.7114999890327454
YKL015W,YKR089C,0,-10.04911,0.12256473302841187,0.9940000176429749,0.7116000056266785
YDL243C,YDL161W,0,-10.049154,0.1225496232509613,0.9940000176429749,0.7117000222206116
YDL137W,YGL244W,0,-10.049157,0.12253451347351074,0.9940000176429749,0.7117999792098999
YMR021C,YPR166C,0,-10.049476,0.12251941114664078,0.9940000176429749,0.711899995803833
YML080W,YER044C,0,-10.0502825,0.12250431627035141,0.9940000176429749,0.7120000123977661
YDL132W,YDR019C,0,-10.051011,0.12248921394348145,0.9940000176429749,0.7121000289916992
YDL069C,YGL055W,0,-10.051032,0.12247412651777267,0.9940000176429749,0.7121999859809875
YOR236W,YMR207C,0,-10.051422,0.1224590390920639,0.9940000176429749,0.7123000025749207
YBL027W,YDR170W-A,0,-10.051622,0.12244395166635513,0.9940000176429749,0.7124000191688538
YKL078W,YIL080W,0,-10.051661,0.12242887169122696,0.9940000176429749,0.7124999761581421
YNL048W,YDR131C,0,-10.0521345,0.12241379171609879,0.9940000176429749,0.7125999927520752
YLR192C,YJR140C,0,-10.053107,0.12239871919155121,0.9940000176429749,0.7127000093460083
YJL095W,YGR257C,0,-10.0547695,0.12238364666700363,0.9940000176429749,0.7128000259399414
YLR342W,YGR077C,0,-10.054887,0.12236858159303665,0.9940000176429749,0.7128999829292297
YLR361C,YPL046C,0,-10.055066,0.12235352396965027,0.9940000176429749,0.7129999995231628
YDL069C,YER089C,0,-10.055203,0.12233845889568329,0.9940000176429749,0.713100016117096
YFL056C,YGL006W,0,-10.055493,0.1223234087228775,0.9940000176429749,0.7131999731063843
YNR072W,YOR143C,0,-10.055978,0.12230835855007172,0.9940000176429749,0.7132999897003174
YCL014W,YGL066W,0,-10.056137,0.12229330837726593,0.9940000176429749,0.7134000062942505
YOR002W,YLR090W,0,-10.058445,0.12227826565504074,0.9940000176429749,0.7135000228881836
YJR069C,YIL173W,0,-10.05933,0.12226322293281555,0.9940000176429749,0.7135999798774719
YOR339C,YOR083W,0,-10.059685,0.12224818766117096,0.9940000176429749,0.713699996471405
YLR242C,YGL018C,0,-10.060457,0.12223315238952637,0.9940000176429749,0.7138000130653381
YBR102C,YDR234W,0,-10.060489,0.12221812456846237,0.9940000176429749,0.7139000296592712
YLL015W,YMR299C,0,-10.061021,0.12220309674739838,0.9940000176429749,0.7139999866485596
YOR096W,YBR289W,0,-10.061297,0.12218807637691498,0.9940000176429749,0.7141000032424927
YBR211C,YDR421W,0,-10.0614805,0.12217305600643158,0.9940000176429749,0.7142000198364258
YDR301W,YBL092W,0,-10.061486,0.12215804308652878,0.9940000176429749,0.7142999768257141
YGR191W,YIR003W,0,-10.0615015,0.12214303016662598,0.9940000176429749,0.7143999934196472
YOR061W,YCL043C,0,-10.062773,0.12212802469730377,0.9940000176429749,0.7145000100135803
YHR115C,YLR401C,0,-10.063134,0.12211301922798157,0.9940000176429749,0.7146000266075134
YJR140C,YJL124C,0,-10.064194,0.12209802120923996,0.9940000176429749,0.7146999835968018
YHR142W,YDR082W,0,-10.064388,0.12208302319049835,0.9940000176429749,0.7148000001907349
YPR171W,YOL063C,0,-10.0644245,0.12206803262233734,0.9940000176429749,0.714900016784668
YDR211W,YGL084C,0,-10.065541,0.12205304205417633,0.9940000176429749,0.7149999737739563
YPR200C,YOR039W,0,-10.0658045,0.12203805893659592,0.9940000176429749,0.7150999903678894
YIL043C,YGR013W,0,-10.066302,0.1220230758190155,0.9940000176429749,0.7152000069618225
YMR257C,YDR104C,0,-10.06679,0.12200810015201569,0.9940000176429749,0.7153000235557556
YMR219W,YKR102W,0,-10.0673,0.12199312448501587,0.9940000176429749,0.715399980545044
YNR057C,YDL174C,0,-10.06737,0.12197815626859665,0.9940000176429749,0.715499997138977
YER119C,YKR102W,0,-10.067988,0.12196318805217743,0.9940000176429749,0.7156000137329102
YLR098C,YML088W,0,-10.068086,0.1219482272863388,0.9940000176429749,0.7156999707221985
YJL080C,YML088W,0,-10.068105,0.12193326652050018,0.9940000176429749,0.7157999873161316
YDR098C,YJR044C,0,-10.068757,0.12191831320524216,0.9940000176429749,0.7159000039100647
YGR088W,YPL065W,0,-10.069548,0.12190335988998413,0.9940000176429749,0.7160000205039978
YLR353W,YFR019W,0,-10.070378,0.1218884140253067,0.9940000176429749,0.7160999774932861
YLR361C,YNL169C,0,-10.070575,0.12187346816062927,0.9940000176429749,0.7161999940872192
YAL002W,YML038C,0,-10.070804,0.12185852974653244,0.9940000176429749,0.7163000106811523
YDR301W,YLL010C,0,-10.07142,0.12184359133243561,0.9940000176429749,0.7164000272750854
YHR203C,YKL161C,0,-10.071846,0.12182865291833878,0.9940000176429749,0.7164999842643738
YMR167W,YGL126W,0,-10.071925,0.12181372195482254,0.9940000176429749,0.7166000008583069
YDR424C,YPR088C,0,-10.072026,0.1217987984418869,0.9940000176429749,0.71670001745224
YER166W,YKL141W,0,-10.072215,0.12178387492895126,0.9940000176429749,0.7167999744415283
YBR019C,YJL198W,0,-10.074206,0.12176895886659622,0.9940000176429749,0.7168999910354614
YCR039C,YIL022W,0,-10.074648,0.12175404280424118,0.9940000176429749,0.7170000076293945
YJL101C,YDL010W,0,-10.074679,0.12173912674188614,0.9940000176429749,0.7171000242233276
YNL210W,YPL159C,0,-10.075083,0.12172422558069229,0.9940000176429749,0.717199981212616
YER017C,YDR146C,0,-10.075158,0.12170931696891785,0.9940000176429749,0.7172999978065491
YMR065W,YLR430W,0,-10.076249,0.121694415807724,0.9940000176429749,0.7174000144004822
YFL031W,YMR201C,0,-10.076564,0.12167952209711075,0.9940000176429749,0.7174999713897705
YGL077C,YDR055W,0,-10.076617,0.1216646283864975,0.9940000176429749,0.7175999879837036
YIL034C,YDL076C,0,-10.077288,0.12164973467588425,0.9940000176429749,0.7177000045776367
YIL142W,YIL070C,0,-10.077774,0.12163484841585159,0.9940000176429749,0.7178000211715698
YCR089W,YGR002C,0,-10.078138,0.12161996960639954,0.9940000176429749,0.7178999781608582
YDR211W,YIL037C,0,-10.078564,0.12160509079694748,0.9940000176429749,0.7179999947547913
YJL091C,YGR099W,0,-10.078588,0.12159021198749542,0.9940000176429749,0.7181000113487244
YNL137C,YLR430W,0,-10.078622,0.12157534062862396,0.9940000176429749,0.7182000279426575
YOR349W,YKR030W,0,-10.079137,0.1215604767203331,0.9940000176429749,0.7182999849319458
YGL111W,YML029W,0,-10.07918,0.12154561281204224,0.9940000176429749,0.7184000015258789
YLR315W,YIL122W,0,-10.079325,0.12153074890375137,0.9940000176429749,0.718500018119812
YDR178W,YOR162C,0,-10.079635,0.12151589244604111,0.9940000176429749,0.7185999751091003
YFR015C,YIL051C,0,-10.079781,0.12150103598833084,0.9940000176429749,0.7186999917030334
YLR032W,YOR230W,0,-10.079966,0.12148618698120117,0.9940000176429749,0.7188000082969666
YCR027C,YJL192C,0,-10.08015,0.1214713454246521,0.9940000176429749,0.7189000248908997
YPL018W,YER166W,0,-10.08073,0.12145650386810303,0.9940000176429749,0.718999981880188
YJR160C,YDR469W,0,-10.081868,0.12144166231155396,0.9940000176429749,0.7190999984741211
YBR070C,YBR294W,0,-10.08199,0.12142682820558548,0.9940000176429749,0.7192000150680542
YML126C,YML091C,0,-10.082225,0.121411994099617,0.9940000176429749,0.7192999720573425
YHR116W,YCR102C,0,-10.082534,0.12139716744422913,0.9940000176429749,0.7193999886512756
YGR170W,YDL130W-A,0,-10.082947,0.12138234078884125,0.9940000176429749,0.7195000052452087
YNL015W,YDL168W,0,-10.084481,0.12136752158403397,0.9940000176429749,0.7196000218391418
YBL085W,YJR118C,0,-10.08458,0.12135270237922668,0.9940000176429749,0.7196999788284302
YIR019C,YMR004W,0,-10.084685,0.121337890625,0.9940000176429749,0.7197999954223633
YAL048C,YLR251W,0,-10.085376,0.12132307887077332,0.9940000176429749,0.7199000120162964
YMR303C,YDR452W,0,-10.085836,0.12130827456712723,0.9940000176429749,0.7200000286102295
YKL108W,YBR139W,0,-10.086254,0.12129347026348114,0.9940000176429749,0.7200999855995178
YBL018C,YCR052W,0,-10.086331,0.12127867341041565,0.9940000176429749,0.7202000021934509
YMR232W,YML127W,0,-10.086563,0.12126387655735016,0.9940000176429749,0.720300018787384
YIL154C,YOL034W,0,-10.086641,0.12124908715486526,0.9940000176429749,0.7203999757766724
YOL148C,YHL028W,0,-10.086786,0.12123429775238037,0.9940000176429749,0.7204999923706055
YOR374W,YJR126C,0,-10.0869055,0.12121951580047607,0.9940000176429749,0.7206000089645386
YBR112C,YKL141W,0,-10.087012,0.12120473384857178,0.9940000176429749,0.7207000255584717
YGR098C,YJL128C,0,-10.088046,0.12118995189666748,0.9940000176429749,0.72079998254776
YIL075C,YJL187C,0,-10.088587,0.12117517739534378,0.9940000176429749,0.7208999991416931
YPR193C,YBL036C,0,-10.089173,0.12116041034460068,0.9940000176429749,0.7210000157356262
YDR513W,YIR006C,0,-10.0893955,0.12114564329385757,0.9940000176429749,0.7210999727249146
YBR132C,YDR004W,0,-10.089436,0.12113087624311447,0.9940000176429749,0.7211999893188477
YNL137C,YBR296C,0,-10.0899515,0.12111612409353256,0.9940000176429749,0.7213000059127808
YGL045W,YFR005C,0,-10.09017,0.12110136449337006,0.9940000176429749,0.7214000225067139
YDR462W,YFL003C,0,-10.090219,0.12108661234378815,0.9940000176429749,0.7214999794960022
YJL170C,YLR329W,0,-10.090237,0.12107186019420624,0.9940000176429749,0.7215999960899353
YDL067C,YKL122C,0,-10.090594,0.12105711549520493,0.9940000176429749,0.7217000126838684
YPR005C,YMR236W,0,-10.090628,0.12104237824678421,0.9940000176429749,0.7218000292778015
YOL151W,YBL055C,0,-10.091257,0.1210276409983635,0.9940000176429749,0.7218999862670898
YPL233W,YMR268C,0,-10.091411,0.12101290374994278,0.9940000176429749,0.722000002861023
YJL198W,YDR522C,0,-10.091723,0.12099817395210266,0.9940000176429749,0.722100019454956
YIL084C,YNL300W,0,-10.09176,0.12098344415426254,0.9940000176429749,0.7221999764442444
YDR079W,YGL212W,0,-10.091927,0.12096872180700302,0.9940000176429749,0.7222999930381775
YLR330W,YMR138W,0,-10.092045,0.1209540069103241,0.9940000176429749,0.7224000096321106
YOR355W,YPR151C,0,-10.092351,0.12093928456306458,0.9940000176429749,0.7225000262260437
YKL013C,YGR224W,0,-10.092462,0.12092457711696625,0.9940000176429749,0.722599983215332
YPR154W,YML011C,0,-10.0925455,0.12090986222028732,0.9940000176429749,0.7226999998092651
YJR118C,YNL047C,0,-10.092893,0.12089516222476959,0.9940000176429749,0.7228000164031982
YLR059C,YLR166C,0,-10.094331,0.12088045477867126,0.9940000176429749,0.7228999733924866
YGL130W,YOR278W,0,-10.094772,0.12086576223373413,0.9940000176429749,0.7229999899864197
YJL184W,YOL011W,0,-10.095311,0.1208510622382164,0.9940000176429749,0.7231000065803528
YOR181W,YLR440C,0,-10.09547,0.12083636969327927,0.9940000176429749,0.7232000231742859
YOL091W,YDR460W,0,-10.096369,0.12082168459892273,0.9940000176429749,0.7232999801635742
YHR156C,YBL050W,0,-10.096619,0.12080699950456619,0.9940000176429749,0.7233999967575073
YNL271C,YPR063C,0,-10.096987,0.12079232186079025,0.9940000176429749,0.7235000133514404
YPL026C,YPR088C,0,-10.097527,0.12077764421701431,0.9940000176429749,0.7235999703407288
YOR351C,YKR055W,0,-10.09785,0.12076296657323837,0.9940000176429749,0.7236999869346619
YBL013W,YLR059C,0,-10.098569,0.12074829638004303,0.9940000176429749,0.723800003528595
YJR150C,YGR081C,0,-10.098605,0.12073363363742828,0.9940000176429749,0.7239000201225281
YDL165W,YNL326C,0,-10.099002,0.12071897089481354,0.9940000176429749,0.7239999771118164
YDL208W,YBL102W,0,-10.099049,0.12070430815219879,0.9940000176429749,0.7240999937057495
YOR371C,YLR360W,0,-10.099349,0.12068965286016464,0.9940000176429749,0.7242000102996826
YIL036W,YFL005W,0,-10.09958,0.12067500501871109,0.9940000176429749,0.7243000268936157
YGR098C,YNR039C,0,-10.100759,0.12066035717725754,0.9940000176429749,0.724399983882904
YJL186W,YAL047C,0,-10.10152,0.12064570933580399,0.9940000176429749,0.7245000004768372
YLR175W,YCR097W,0,-10.103888,0.12063106894493103,0.9940000176429749,0.7246000170707703
YKL005C,YJR021C,0,-10.104301,0.12061642855405807,0.9940000176429749,0.7246999740600586
YJR140C,YMR006C,0,-10.104631,0.12060179561376572,0.9940000176429749,0.7247999906539917
YKR095W,YGR221C,0,-10.105005,0.12058716267347336,0.9940000176429749,0.7249000072479248
YGR038W,YAR009C,0,-10.105241,0.1205725371837616,0.9940000176429749,0.7250000238418579
YJR070C,YKL020C,0,-10.105319,0.12055791169404984,0.9940000176429749,0.7250999808311462
YER036C,YDR392W,0,-10.10615,0.12054329365491867,0.9940000176429749,0.7251999974250793
YPL037C,YKR001C,0,-10.106793,0.1205286756157875,0.9940000176429749,0.7253000140190125
YFR027W,YER098W,0,-10.106932,0.12051406502723694,0.9940000176429749,0.7253999710083008
YPL195W,YGL122C,0,-10.106988,0.12049945443868637,0.9940000176429749,0.7254999876022339
YDR397C,YKL020C,0,-10.107862,0.1204848513007164,0.9940000176429749,0.725600004196167
YIL080W,YOR084W,0,-10.109653,0.12047024816274643,0.9940000176429749,0.7257000207901001
YLR300W,YPR088C,0,-10.109735,0.12045564502477646,0.9940000176429749,0.7257999777793884
YDR151C,YPL017C,0,-10.111296,0.12044104933738708,0.9940000176429749,0.7258999943733215
YDR158W,YNL146W,0,-10.111746,0.12042646110057831,0.9940000176429749,0.7260000109672546
YNL271C,YDR191W,0,-10.1118,0.12041187286376953,0.9940000176429749,0.7261000275611877
YDR173C,YOL133W,0,-10.112406,0.12039728462696075,0.9940000176429749,0.7261999845504761
YKL089W,YDR292C,0,-10.112607,0.12038270384073257,0.9940000176429749,0.7263000011444092
YOL041C,YJL001W,0,-10.1129675,0.12036813050508499,0.9940000176429749,0.7264000177383423
YMR035W,YOR145C,0,-10.113255,0.12035355716943741,0.9940000176429749,0.7264999747276306
YDL204W,YKL108W,0,-10.113772,0.12033898383378983,0.9940000176429749,0.7265999913215637
YJR078W,YKL048C,0,-10.115107,0.12032441794872284,0.9940000176429749,0.7267000079154968
YOL007C,YOR373W,0,-10.115304,0.12030985206365585,0.9940000176429749,0.7268000245094299
YBR201W,YDR260C,0,-10.115306,0.12029529362916946,0.9940000176429749,0.7268999814987183
YGR028W,YHR076W,0,-10.115399,0.12028073519468307,0.9940000176429749,0.7269999980926514
YNL004W,YBR216C,0,-10.116382,0.12026618421077728,0.9940000176429749,0.7271000146865845
YMR286W,YLR181C,0,-10.116416,0.12025163322687149,0.9940000176429749,0.7271999716758728
YKL194C,YPR154W,0,-10.116897,0.1202370896935463,0.9940000176429749,0.7272999882698059
YMR038C,YOR328W,0,-10.117009,0.1202225461602211,0.9940000176429749,0.727400004863739
YJR089W,YOR161C,0,-10.119243,0.1202080026268959,0.9940000176429749,0.7275000214576721
YNL153C,YGL010W,0,-10.119504,0.1201934739947319,0.9940000176429749,0.7275999784469604
YGL027C,YJL059W,0,-10.120235,0.1201789379119873,0.9940000176429749,0.7276999950408936
YPR164W,YKL094W,0,-10.12142,0.1201644092798233,0.9940000176429749,0.7278000116348267
YDL244W,YGL104C,0,-10.121622,0.1201498880982399,0.9940000176429749,0.7279000282287598
YLR378C,YGL098W,0,-10.122984,0.1201353669166565,0.9940000176429749,0.7279999852180481
YDR298C,YGL198W,0,-10.123041,0.12012084573507309,0.9940000176429749,0.7281000018119812
YLR308W,YER148W,0,-10.123489,0.12010633200407028,0.9940000176429749,0.7282000184059143
YOR191W,YCR008W,0,-10.123958,0.12009181827306747,0.9940000176429749,0.7282999753952026
YOR380W,YPL024W,0,-10.123998,0.12007731199264526,0.9940000176429749,0.7283999919891357
YDL042C,YLR090W,0,-10.124092,0.12006281316280365,0.9940000176429749,0.7285000085830688
YDR155C,YBR002C,0,-10.125147,0.12004830688238144,0.9940000176429749,0.728600025177002
YDL231C,YPL075W,0,-10.125511,0.12003381550312042,0.9940000176429749,0.7286999821662903
YDR363W-A,YPL092W,0,-10.125686,0.12001931667327881,0.9940000176429749,0.7287999987602234
YAL038W,YKL142W,0,-10.125861,0.12000483274459839,0.9940000176429749,0.7289000153541565
YHR107C,YMR065W,0,-10.126289,0.11999034136533737,0.9940000176429749,0.7289999723434448
YNL206C,YGL010W,0,-10.126702,0.11997585743665695,0.9940000176429749,0.7290999889373779
YOR380W,YLR373C,0,-10.126807,0.11996138095855713,0.9940000176429749,0.729200005531311
YDR386W,YKR003W,0,-10.12729,0.1199469044804573,0.9940000176429749,0.7293000221252441
YBR155W,YBR037C,0,-10.127591,0.11993243545293808,0.9940000176429749,0.7293999791145325
YBR199W,YMR137C,0,-10.127934,0.11991796642541885,0.9940000176429749,0.7294999957084656
YDR237W,YLR092W,0,-10.12814,0.11990349739789963,0.9940000176429749,0.7296000123023987
YPL038W,YDR176W,0,-10.128544,0.119889035820961,0.9940000176429749,0.7297000288963318
YDL204W,YJL130C,0,-10.128966,0.11987457424402237,0.9940000176429749,0.7297999858856201
YGL222C,YNL147W,0,-10.130531,0.11986012011766434,0.9940000176429749,0.7299000024795532
YOR025W,YDR142C,0,-10.130598,0.1198456734418869,0.9940000176429749,0.7300000190734863
YMR286W,YIL082W-A,0,-10.131516,0.11983122676610947,0.9940000176429749,0.7300999760627747
YNL252C,YGR170W,0,-10.131707,0.11981678009033203,0.9940000176429749,0.7301999926567078
YKL173W,YOL109W,0,-10.131974,0.11980234086513519,0.9940000176429749,0.7303000092506409
YBR212W,YKL027W,0,-10.132516,0.11978790163993835,0.9940000176429749,0.730400025844574
YNR075W,YJL179W,0,-10.134748,0.11977346986532211,0.9940000176429749,0.7304999828338623
YLR312W-A,YJR033C,0,-10.134776,0.11975903809070587,0.9940000176429749,0.7305999994277954
YDR402C,YKR082W,0,-10.135068,0.11974460631608963,0.9940000176429749,0.7307000160217285
YOR371C,YNL088W,0,-10.135407,0.11973018199205399,0.9940000176429749,0.7307999730110168
YFL039C,YGR056W,0,-10.136737,0.11971576511859894,0.9940000176429749,0.73089998960495
YGL223C,YIL065C,0,-10.136966,0.11970134824514389,0.9940000176429749,0.7310000061988831
YGR002C,YIL091C,0,-10.137322,0.11968693882226944,0.9940000176429749,0.7311000227928162
YCR017C,YJR103W,0,-10.137467,0.11967252939939499,0.9940000176429749,0.7311999797821045
YDL220C,YBR015C,0,-10.137658,0.11965811997652054,0.9940000176429749,0.7312999963760376
YGL226C-A,YPL031C,0,-10.137691,0.11964371800422668,0.9940000176429749,0.7314000129699707
YFL055W,YMR047C,0,-10.138301,0.11962931603193283,0.9940000176429749,0.7315000295639038
YNL314W,YLR068W,0,-10.139876,0.11961492151021957,0.9940000176429749,0.7315999865531921
YNL178W,YKL171W,0,-10.140216,0.11960052698850632,0.9940000176429749,0.7317000031471252
YOR308C,YLR006C,0,-10.141263,0.11958613991737366,0.9940000176429749,0.7318000197410583
YNL315C,YOR330C,0,-10.142291,0.119571752846241,0.9940000176429749,0.7318999767303467
YOR303W,YER041W,0,-10.142705,0.11955737322568893,0.9940000176429749,0.7319999933242798
YNR013C,YCR060W,0,-10.143671,0.11954299360513687,0.9940000176429749,0.7321000099182129
YDR301W,YLR369W,0,-10.144062,0.1195286214351654,0.9940000176429749,0.732200026512146
YLR028C,YDR235W,0,-10.144098,0.11951424926519394,0.9940000176429749,0.7322999835014343
YBL088C,YOR043W,0,-10.144658,0.11949987709522247,0.9940000176429749,0.7324000000953674
YMR058W,YFL044C,0,-10.14501,0.1194855123758316,0.9940000176429749,0.7325000166893005
YGL098W,YHR080C,0,-10.145399,0.11947115510702133,0.9940000176429749,0.7325999736785889
YDL134C,YDL084W,0,-10.1464205,0.11945679783821106,0.9940000176429749,0.732699990272522
YAL058W,YCR028C-A,0,-10.147413,0.11944244056940079,0.9940000176429749,0.7328000068664551
YKL005C,YLR043C,0,-10.147431,0.11942809075117111,0.9940000176429749,0.7329000234603882
YPL252C,YDR131C,0,-10.14827,0.11941374093294144,0.9940000176429749,0.7329999804496765
YIL090W,YGR046W,0,-10.148755,0.11939939856529236,0.9940000176429749,0.7330999970436096
YDR420W,YIR006C,0,-10.148801,0.11938505619764328,0.9940000176429749,0.7332000136375427
YOR018W,YKR028W,0,-10.148802,0.1193707212805748,0.9940000176429749,0.733299970626831
YOR322C,YLR303W,0,-10.149344,0.11935638636350632,0.9940000176429749,0.7333999872207642
YGR101W,YER019C-A,0,-10.150048,0.11934205889701843,0.9940000176429749,0.7335000038146973
YOL030W,YPL147W,0,-10.150283,0.11932773143053055,0.9940000176429749,0.7336000204086304
YOR109W,YEL058W,0,-10.150418,0.11931341141462326,0.9940000176429749,0.7336999773979187
YLR017W,YNR064C,0,-10.151535,0.11929909139871597,0.9940000176429749,0.7337999939918518
YMR116C,YBR012W-A,0,-10.151616,0.11928477138280869,0.9940000176429749,0.7339000105857849
YDL168W,YML029W,0,-10.152762,0.119270458817482,0.9940000176429749,0.734000027179718
YGR036C,YOL005C,0,-10.152957,0.1192561462521553,0.9940000176429749,0.7340999841690063
YNR032W,YGR020C,0,-10.152971,0.11924184113740921,0.9940000176429749,0.7342000007629395
YLL027W,YGL167C,0,-10.153871,0.11922754347324371,0.9940000176429749,0.7343000173568726
YMR011W,YOR087W,0,-10.153977,0.11921323835849762,0.9940000176429749,0.7343999743461609
YJL166W,YJR134C,0,-10.154342,0.11919894814491272,0.9940000176429749,0.734499990940094
YOR374W,YOR011W,0,-10.15524,0.11918465048074722,0.9940000176429749,0.7346000075340271
YDR388W,YPL144W,0,-10.155787,0.11917036026716232,0.9940000176429749,0.7347000241279602
YBL085W,YLR324W,0,-10.156014,0.11915607750415802,0.9940000176429749,0.7347999811172485
YCR005C,YLR417W,0,-10.156103,0.11914179474115372,0.9940000176429749,0.7348999977111816
YJR084W,YJR021C,0,-10.15631,0.11912751942873001,0.9940000176429749,0.7350000143051147
YER157W,YER112W,0,-10.156485,0.1191132441163063,0.9940000176429749,0.7350999712944031
YDR295C,YDL229W,0,-10.156647,0.1190989688038826,0.9940000176429749,0.7351999878883362
YNR058W,YLR316C,0,-10.156704,0.11908470094203949,0.9940000176429749,0.7353000044822693
YPR160W,YDL185W,0,-10.157163,0.11907043308019638,0.9940000176429749,0.7354000210762024
YLR370C,YPL117C,0,-10.157216,0.11905617266893387,0.9940000176429749,0.7354999780654907
YDR301W,YGR034W,0,-10.157543,0.11904191970825195,0.9940000176429749,0.7355999946594238
YCR010C,YBR001C,0,-10.159852,0.11902765929698944,0.9940000176429749,0.7357000112533569
YJL110C,YOR172W,0,-10.160489,0.11901340633630753,0.9940000176429749,0.73580002784729
YPR049C,YOR383C,0,-10.160592,0.11899916082620621,0.9940000176429749,0.7358999848365784
YDR289C,YGR141W,0,-10.161303,0.11898491531610489,0.9940000176429749,0.7360000014305115
YGR076C,YDL230W,0,-10.161447,0.11897067725658417,0.9940000176429749,0.7361000180244446
YOR317W,YMR071C,0,-10.163006,0.11895643919706345,0.9940000176429749,0.7361999750137329
YMR153W,YER129W,0,-10.163048,0.11894220113754272,0.9940000176429749,0.736299991607666
YGL259W,YNL024C,0,-10.163707,0.1189279705286026,0.9940000176429749,0.7364000082015991
YMR004W,YPR140W,0,-10.163874,0.11891374737024307,0.9940000176429749,0.7365000247955322
YPL269W,YIR015W,0,-10.16449,0.11889952421188354,0.9940000176429749,0.7365999817848206
YFL009W,YBR045C,0,-10.164965,0.11888530105352402,0.9940000176429749,0.7366999983787537
YPL266W,YOR069W,0,-10.165221,0.11887108534574509,0.9940000176429749,0.7368000149726868
YPR162C,YBL103C,0,-10.165236,0.11885686963796616,0.9940000176429749,0.7368999719619751
YHR076W,YIL099W,0,-10.166171,0.11884266138076782,0.9940000176429749,0.7369999885559082
YIL037C,YIL147C,0,-10.166379,0.11882845312356949,0.9940000176429749,0.7371000051498413
YLR432W,YDR004W,0,-10.16649,0.11881424486637115,0.9940000176429749,0.7372000217437744
YDR236C,YGR033C,0,-10.166551,0.11880005151033401,0.9940000176429749,0.7372999787330627
YNL051W,YOR049C,0,-10.166763,0.11878585070371628,0.9940000176429749,0.7373999953269958
YPL202C,YDR529C,0,-10.167365,0.11877165734767914,0.9940000176429749,0.737500011920929
YLR393W,YPL196W,0,-10.167881,0.118757463991642,0.9940000176429749,0.7376000285148621
YDL247W,YOR293W,0,-10.168224,0.11874327808618546,0.9940000176429749,0.7376999855041504
YAR014C,YKL165C,0,-10.168405,0.11872909963130951,0.9940000176429749,0.7378000020980835
YGL139W,YOR380W,0,-10.1685,0.11871491372585297,0.9940000176429749,0.7379000186920166
YGL124C,YJR019C,0,-10.169179,0.11870074272155762,0.9940000176429749,0.7379999756813049
YMR121C,YDL159W,0,-10.169285,0.11868656426668167,0.9940000176429749,0.738099992275238
YHR021C,YJR134C,0,-10.169604,0.11867240071296692,0.9940000176429749,0.7382000088691711
YLR423C,YDL195W,0,-10.169724,0.11865822970867157,0.9940000176429749,0.7383000254631042
YHR146W,YLR047C,0,-10.171199,0.11864406615495682,0.9940000176429749,0.7383999824523926
YOR264W,YNL317W,0,-10.171296,0.11862991005182266,0.9940000176429749,0.7384999990463257
YOL005C,YGL161C,0,-10.171422,0.11861575394868851,0.9940000176429749,0.7386000156402588
YLR214W,YMR284W,0,-10.172025,0.11860159784555435,0.9940000176429749,0.7386999726295471
YBR109C,YBR198C,0,-10.172222,0.1185874491930008,0.9940000176429749,0.7387999892234802
YDL174C,YOR064C,0,-10.172565,0.11857330054044724,0.9940000176429749,0.7389000058174133
YDR265W,YOR009W,0,-10.172713,0.11855915933847427,0.9940000176429749,0.7390000224113464
YDL220C,YOR226C,0,-10.172855,0.11854501813650131,0.9940000176429749,0.7390999794006348
YHR086W,YMR140W,0,-10.1757,0.11853088438510895,0.9940000176429749,0.7391999959945679
YMR035W,YCR084C,0,-10.17626,0.11851675063371658,0.9940000176429749,0.739300012588501
YDR429C,YDR109C,0,-10.176807,0.11850262433290482,0.9940000176429749,0.7394000291824341
YOL030W,YML069W,0,-10.177161,0.11848849803209305,0.9940000176429749,0.7394999861717224
YDL215C,YCR003W,0,-10.177917,0.11847437173128128,0.9940000176429749,0.7396000027656555
YFR040W,YOR270C,0,-10.178043,0.11846025288105011,0.9940000176429749,0.7397000193595886
YFR029W,YDR468C,0,-10.178588,0.11844614148139954,0.9940000176429749,0.739799976348877
YPL017C,YDL078C,0,-10.179321,0.11843203008174896,0.9940000176429749,0.7398999929428101
YJR094C,YML114C,0,-10.179324,0.11841791868209839,0.9940000176429749,0.7400000095367432
YLR307W,YGR119C,0,-10.179671,0.11840381473302841,0.9940000176429749,0.7401000261306763
YJR035W,YOR081C,0,-10.181287,0.11838971078395844,0.9940000176429749,0.7401999831199646
YLR109W,YCL039W,0,-10.181379,0.11837560683488846,0.9940000176429749,0.7402999997138977
YJL060W,YKL166C,0,-10.181743,0.11836151778697968,0.9940000176429749,0.7404000163078308
YBR291C,YJR152W,0,-10.181777,0.1183474212884903,0.9940000176429749,0.7404999732971191
YKL049C,YMR208W,0,-10.18216,0.11833333224058151,0.9940000176429749,0.7405999898910522
YDR440W,YNL047C,0,-10.1822,0.11831925064325333,0.9940000176429749,0.7407000064849854
YNL077W,YML095C,0,-10.182427,0.11830516904592514,0.9940000176429749,0.7408000230789185
YPR088C,YEL057C,0,-10.185163,0.11829108744859695,0.9940000176429749,0.7408999800682068
YKL182W,YCR052W,0,-10.185185,0.11827701330184937,0.9940000176429749,0.7409999966621399
YMR307W,YMR177W,0,-10.185482,0.11826293915510178,0.9940000176429749,0.741100013256073
YJL111W,YGR295C,0,-10.186423,0.11824887245893478,0.9940000176429749,0.7411999702453613
YDR317W,YPR169W,0,-10.187335,0.11823480576276779,0.9940000176429749,0.7412999868392944
YDL133C-A,YPL176C,0,-10.189963,0.1182207390666008,0.9940000176429749,0.7414000034332275
YOL051W,YNL188W,0,-10.190254,0.1182066798210144,0.9940000176429749,0.7415000200271606
YLR300W,YLR350W,0,-10.190839,0.1181926280260086,0.9940000176429749,0.741599977016449
YHR115C,YNL262W,0,-10.191551,0.11817857623100281,0.9940000176429749,0.7416999936103821
YJR089W,YML091C,0,-10.191811,0.11816452443599701,0.9940000176429749,0.7418000102043152
YDR384C,YBR057C,0,-10.192367,0.11815048009157181,0.9940000176429749,0.7419000267982483
YER166W,YOR380W,0,-10.192657,0.1181364357471466,0.9940000176429749,0.7419999837875366
YDR461W,YNL083W,0,-10.192815,0.118122398853302,0.9940000176429749,0.7421000003814697
YGL016W,YIL075C,0,-10.193315,0.1181083619594574,0.9940000176429749,0.7422000169754028
YPL005W,YNL081C,0,-10.193505,0.11809433251619339,0.9940000176429749,0.7422999739646912
YGL013C,YGL070C,0,-10.194474,0.11808030307292938,0.9940000176429749,0.7423999905586243
YMR044W,YOL115W,0,-10.1948805,0.11806628108024597,0.9940000176429749,0.7425000071525574
YHR057C,YIL051C,0,-10.196162,0.11805225908756256,0.9940000176429749,0.7426000237464905
YOL059W,YKL188C,0,-10.196919,0.11803823709487915,0.9940000176429749,0.7426999807357788
YJL130C,YIR003W,0,-10.196991,0.11802422255277634,0.9940000176429749,0.7427999973297119
YBR129C,YOL003C,0,-10.197957,0.11801020801067352,0.9940000176429749,0.742900013923645
YDR301W,YLR367W,0,-10.198348,0.1179962009191513,0.9940000176429749,0.7429999709129333
YER027C,YOR081C,0,-10.200686,0.11798219382762909,0.9940000176429749,0.7430999875068665
YMR275C,YJR016C,0,-10.200989,0.11796819418668747,0.9940000176429749,0.7432000041007996
YIL155C,YKL074C,0,-10.201662,0.11795419454574585,0.9940000176429749,0.7433000206947327
YJL183W,YEL013W,0,-10.202031,0.11794020235538483,0.9940000176429749,0.743399977684021
YCR034W,YMR099C,0,-10.202292,0.1179262101650238,0.9940000176429749,0.7434999942779541
YBR213W,YDR456W,0,-10.202899,0.11791221797466278,0.9940000176429749,0.7436000108718872
YDR016C,YKR034W,0,-10.203024,0.11789823323488235,0.9940000176429749,0.7437000274658203
YBL088C,YPL186C,0,-10.203416,0.11788424849510193,0.9940000176429749,0.7437999844551086
YLR025W,YHR039C-A,0,-10.204481,0.1178702712059021,0.9940000176429749,0.7439000010490417
YBR039W,YDR235W,0,-10.204591,0.11785629391670227,0.9940000176429749,0.7440000176429749
YKL188C,YDR487C,0,-10.204959,0.11784232407808304,0.9940000176429749,0.7440999746322632
YLR023C,YJR144W,0,-10.205012,0.1178283542394638,0.9940000176429749,0.7441999912261963
YPR122W,YJR137C,0,-10.205279,0.11781439185142517,0.9940000176429749,0.7443000078201294
YGL047W,YNL151C,0,-10.2053,0.11780042946338654,0.9940000176429749,0.7444000244140625
YLR227C,YGR193C,0,-10.207005,0.1177864670753479,0.9940000176429749,0.7444999814033508
YDR490C,YGL076C,0,-10.207324,0.11777251213788986,0.9940000176429749,0.7445999979972839
YBR291C,YBR201W,0,-10.207885,0.11775855720043182,0.9940000176429749,0.744700014591217
YDR518W,YNL194C,0,-10.20827,0.11774460971355438,0.9940000176429749,0.7447999715805054
YBR243C,YJR089W,0,-10.208283,0.11773066222667694,0.9940000176429749,0.7448999881744385
YPR088C,YLR396C,0,-10.208693,0.1177167221903801,0.9940000176429749,0.7450000047683716
YAL041W,YBL040C,0,-10.209271,0.11770278215408325,0.9940000176429749,0.7451000213623047
YKR099W,YDR265W,0,-10.20933,0.117688849568367,0.9940000176429749,0.745199978351593
YBR098W,YDR001C,0,-10.209378,0.11767491698265076,0.9940000176429749,0.7452999949455261
YPL120W,YJR099W,0,-10.211034,0.11766098439693451,0.9940000176429749,0.7454000115394592
YBR089C-A,YGR178C,0,-10.211448,0.11764705926179886,0.9940000176429749,0.7455000281333923
YPL163C,YDR359C,0,-10.211746,0.11763313412666321,0.9940000176429749,0.7455999851226807
YOR377W,YNR048W,0,-10.212491,0.11761921644210815,0.9940000176429749,0.7457000017166138
YLL024C,YCL032W,0,-10.212911,0.1176052987575531,0.9940000176429749,0.7458000183105469
YJR051W,YOR143C,0,-10.212926,0.11759138852357864,0.9940000176429749,0.7458999752998352
YOL027C,YDR486C,0,-10.212976,0.11757747828960419,0.9940000176429749,0.7459999918937683
YPL151C,YBR254C,0,-10.213251,0.11756357550621033,0.9940000176429749,0.7461000084877014
YJR127C,YHR167W,0,-10.213289,0.11754966527223587,0.9940000176429749,0.7462000250816345
YJL117W,YGL126W,0,-10.213969,0.11753576993942261,0.9940000176429749,0.7462999820709229
YIL117C,YFR005C,0,-10.214158,0.11752187460660934,0.9940000176429749,0.746399998664856
YOR150W,YFL002C,1,-10.214208,0.11762619763612747,0.9950000047683716,0.746399998664856
YKL052C,YBL088C,0,-10.214553,0.11761229485273361,0.9950000047683716,0.7465000152587891
YFL016C,YNL297C,0,-10.214712,0.11759839206933975,0.9950000047683716,0.7465999722480774
YHR010W,YJR102C,0,-10.215833,0.11758449673652649,0.9950000047683716,0.7466999888420105
YAL038W,YHR079C-A,0,-10.215896,0.11757060140371323,0.9950000047683716,0.7468000054359436
YJL210W,YDL076C,0,-10.216058,0.11755671352148056,0.9950000047683716,0.7469000220298767
YLR431C,YER095W,0,-10.216257,0.1175428256392479,0.9950000047683716,0.746999979019165
YGR076C,YDR457W,0,-10.216582,0.11752893775701523,0.9950000047683716,0.7470999956130981
YLR381W,YPL092W,0,-10.216952,0.11751505732536316,0.9950000047683716,0.7472000122070312
YDR334W,YER041W,0,-10.2171335,0.11750118434429169,0.9950000047683716,0.7473000288009644
YNL021W,YLR147C,0,-10.217153,0.11748730391263962,0.9950000047683716,0.7473999857902527
YIL119C,YFR004W,0,-10.217746,0.11747343838214874,0.9950000047683716,0.7475000023841858
YPR168W,YPR094W,0,-10.218556,0.11745956540107727,0.9950000047683716,0.7476000189781189
YBR102C,YEL009C,0,-10.219079,0.1174456998705864,0.9950000047683716,0.7476999759674072
YLR047C,YMR192W,0,-10.219221,0.11743184179067612,0.9950000047683716,0.7477999925613403
YOR326W,YDL159W,0,-10.220353,0.11741798371076584,0.9950000047683716,0.7479000091552734
YGR183C,YCL008C,0,-10.220693,0.11740413308143616,0.9950000047683716,0.7480000257492065
YER056C,YER050C,0,-10.221719,0.11739027500152588,0.9950000047683716,0.7480999827384949
YIL013C,YOL100W,0,-10.221853,0.1173764318227768,0.9950000047683716,0.748199999332428
YLL001W,YBR067C,0,-10.222417,0.11736258864402771,0.9950000047683716,0.7483000159263611
YLR421C,YDR080W,0,-10.222808,0.11734874546527863,0.9950000047683716,0.7483999729156494
YFR049W,YNL152W,0,-10.223432,0.11733490228652954,0.9950000047683716,0.7484999895095825
YML004C,YDR495C,0,-10.225179,0.11732107400894165,0.9950000047683716,0.7486000061035156
YLR423C,YNL199C,0,-10.225413,0.11730723828077316,0.9950000047683716,0.7487000226974487
YDR219C,YNL186W,0,-10.2266,0.11729341000318527,0.9950000047683716,0.7487999796867371
YGL244W,YOL028C,0,-10.227441,0.11727958172559738,0.9950000047683716,0.7488999962806702
YIL160C,YGL243W,0,-10.230359,0.11726576089859009,0.9950000047683716,0.7490000128746033
YOR126C,YML023C,0,-10.23072,0.11725194752216339,0.9950000047683716,0.7491000294685364
YER105C,YLR362W,0,-10.231473,0.1172381266951561,0.9950000047683716,0.7491999864578247
YGR098C,YGR288W,0,-10.23161,0.1172243133187294,0.9950000047683716,0.7493000030517578
YKR097W,YGL063W,0,-10.2316885,0.1172105073928833,0.9950000047683716,0.7494000196456909
YFL009W,YGL198W,0,-10.232671,0.1171967014670372,0.9950000047683716,0.7494999766349792
YKL139W,YLL038C,0,-10.2326765,0.1171829029917717,0.9950000047683716,0.7495999932289124
YDR118W,YNL227C,0,-10.232776,0.1171690970659256,0.9950000047683716,0.7497000098228455
YIL112W,YPL042C,0,-10.2331705,0.11715530604124069,0.9950000047683716,0.7498000264167786
YJR040W,YDR017C,0,-10.233536,0.11714151501655579,0.9950000047683716,0.7498999834060669
YDR377W,YDR140W,0,-10.233539,0.11712772399187088,0.9950000047683716,0.75
YLR078C,YGR209C,0,-10.234162,0.11711393296718597,0.9950000047683716,0.7501000165939331
YPL240C,YDR260C,0,-10.23498,0.11710014939308167,0.9950000047683716,0.7501999735832214
YDR317W,YMR035W,0,-10.235592,0.11708637326955795,0.9950000047683716,0.7502999901771545
YIL036W,YML015C,0,-10.235715,0.11707259714603424,0.9950000047683716,0.7504000067710876
YGR108W,YIR034C,0,-10.2359,0.11705882102251053,0.9950000047683716,0.7505000233650208
YGR028W,YKL130C,0,-10.238816,0.11704505234956741,0.9950000047683716,0.7505999803543091
YLR192C,YEL066W,0,-10.240996,0.1170312836766243,0.9950000047683716,0.7506999969482422
YNL278W,YNL202W,0,-10.241199,0.11701752245426178,0.9950000047683716,0.7508000135421753
YPL076W,YLR043C,0,-10.241522,0.11700376123189926,0.9950000047683716,0.7508999705314636
YPL117C,YKL217W,0,-10.241527,0.11699000746011734,0.9950000047683716,0.7509999871253967
YJL165C,YMR214W,0,-10.24193,0.11697625368833542,0.9950000047683716,0.7511000037193298
YJL146W,YPR007C,0,-10.241937,0.1169624999165535,0.9950000047683716,0.7512000203132629
YAL021C,YBL055C,0,-10.242941,0.11694875359535217,0.9950000047683716,0.7512999773025513
YMR163C,YOR151C,0,-10.243587,0.11693500727415085,0.9950000047683716,0.7513999938964844
YNL116W,YJR022W,0,-10.2439165,0.11692126840353012,0.9950000047683716,0.7515000104904175
YAL021C,YOL067C,0,-10.244203,0.1169075295329094,0.9950000047683716,0.7516000270843506
YGR048W,YOR004W,0,-10.244853,0.11689379811286926,0.9950000047683716,0.7516999840736389
YKL005C,YDR001C,0,-10.244903,0.11688006669282913,0.9950000047683716,0.751800000667572
YOR181W,YEL050C,0,-10.245039,0.116866335272789,0.9950000047683716,0.7519000172615051
YGR213C,YHR167W,0,-10.245454,0.11685261130332947,0.9950000047683716,0.7519999742507935
YBL034C,YNL197C,0,-10.246421,0.11683889478445053,0.9950000047683716,0.7520999908447266
YPL018W,YFR032C-A,0,-10.2471895,0.116825170814991,0.9950000047683716,0.7522000074386597
YJR083C,YMR216C,0,-10.247241,0.11681146174669266,0.9950000047683716,0.7523000240325928
YJL170C,YCL061C,0,-10.247518,0.11679774522781372,0.9950000047683716,0.7523999810218811
YML059C,YEL041W,0,-10.247887,0.11678403615951538,0.9950000047683716,0.7524999976158142
YLR106C,YOR150W,1,-10.248015,0.11688768863677979,0.9959999918937683,0.7524999976158142
YOL133W,YPR164W,0,-10.248484,0.11687397211790085,0.9959999918937683,0.7526000142097473
YMR101C,YGL026C,0,-10.248744,0.11686026304960251,0.9959999918937683,0.7526999711990356
YDR512C,YDL198C,0,-10.248746,0.11684655398130417,0.9959999918937683,0.7527999877929688
YPR019W,YBR230C,0,-10.249669,0.11683284491300583,0.9959999918937683,0.7529000043869019
YNL070W,YGR277C,0,-10.25053,0.11681914329528809,0.9959999918937683,0.753000020980835
YER027C,YNR037C,0,-10.25055,0.11680544167757034,0.9959999918937683,0.7530999779701233
YDR376W,YNL130C,0,-10.251485,0.1167917475104332,0.9959999918937683,0.7531999945640564
YGL038C,YJR063W,0,-10.252299,0.11677805334329605,0.9959999918937683,0.7533000111579895
YBL076C,YBR114W,0,-10.253089,0.1167643591761589,0.9959999918937683,0.7534000277519226
YKL016C,YGR211W,0,-10.253272,0.11675067245960236,0.9959999918937683,0.7534999847412109
YAL039C,YKL178C,0,-10.255228,0.1167369931936264,0.9959999918937683,0.753600001335144
YBR202W,YPR191W,0,-10.255541,0.11672330647706985,0.9959999918937683,0.7537000179290771
YKL051W,YOR075W,0,-10.255578,0.1167096346616745,0.9959999918937683,0.7537999749183655
YMR112C,YGL045W,0,-10.25624,0.11669595539569855,0.9959999918937683,0.7538999915122986
YNL175C,YJR045C,0,-10.256728,0.11668228358030319,0.9959999918937683,0.7540000081062317
YGR157W,YBR026C,0,-10.257766,0.11666861921548843,0.9959999918937683,0.7541000247001648
YNL230C,YER031C,0,-10.257898,0.11665495485067368,0.9959999918937683,0.7541999816894531
YOR079C,YKL020C,0,-10.258361,0.11664129048585892,0.9959999918937683,0.7542999982833862
YPR037C,YLR244C,0,-10.258534,0.11662763357162476,0.9959999918937683,0.7544000148773193
YBL063W,YER150W,0,-10.258853,0.1166139766573906,0.9959999918937683,0.7544999718666077
YBR173C,YIL168W,0,-10.2592945,0.11660032719373703,0.9959999918937683,0.7545999884605408
YLR353W,YGR212W,0,-10.259393,0.11658667773008347,0.9959999918937683,0.7547000050544739
YIR034C,YOR243C,0,-10.260116,0.1165730357170105,0.9959999918937683,0.754800021648407
YLR145W,YNL047C,0,-10.260563,0.11655939370393753,0.9959999918937683,0.7548999786376953
YOL088C,YGL097W,0,-10.263265,0.11654575169086456,0.9959999918937683,0.7549999952316284
YHR069C,YKR101W,0,-10.263478,0.11653211712837219,0.9959999918937683,0.7551000118255615
YOR393W,YNL102W,0,-10.263503,0.11651848256587982,0.9959999918937683,0.7552000284194946
YPR138C,YER031C,0,-10.266686,0.11650485545396805,0.9959999918937683,0.755299985408783
YDL148C,YJL078C,0,-10.267093,0.11649122834205627,0.9959999918937683,0.7554000020027161
YBR286W,YLR384C,0,-10.268207,0.1164776086807251,0.9959999918937683,0.7555000185966492
YIL036W,YHR072W-A,0,-10.2682085,0.11646398156881332,0.9959999918937683,0.7555999755859375
YOR393W,YDR310C,0,-10.270052,0.11645036935806274,0.9959999918937683,0.7556999921798706
YOR191W,YKL144C,0,-10.271034,0.11643675714731216,0.9959999918937683,0.7558000087738037
YIL046W,YDR183W,0,-10.271077,0.11642314493656158,0.9959999918937683,0.7559000253677368
YJL212C,YDR469W,0,-10.271291,0.1164095401763916,0.9959999918937683,0.7559999823570251
YBR115C,YMR302C,0,-10.27142,0.11639593541622162,0.9959999918937683,0.7560999989509583
YCR002C,YML127W,0,-10.271601,0.11638233065605164,0.9959999918937683,0.7562000155448914
YPR025C,YLR258W,0,-10.271608,0.11636873334646225,0.9959999918937683,0.7562999725341797
YJL060W,YLR105C,0,-10.272157,0.11635514348745346,0.9959999918937683,0.7563999891281128
YJL095W,YGL244W,0,-10.272434,0.11634154617786407,0.9959999918937683,0.7565000057220459
YDR153C,YPL060W,0,-10.272783,0.11632796376943588,0.9959999918937683,0.756600022315979
YKL016C,YLR324W,0,-10.27283,0.1163143739104271,0.9959999918937683,0.7566999793052673
YNL074C,YLR275W,0,-10.273998,0.1163007915019989,0.9959999918937683,0.7567999958992004
YGL061C,YGR221C,0,-10.274292,0.1162872165441513,0.9959999918937683,0.7569000124931335
YLR238W,YDR515W,0,-10.274498,0.11627364158630371,0.9959999918937683,0.7570000290870667
YHR037W,YKL027W,0,-10.274558,0.11626006662845612,0.9959999918937683,0.757099986076355
YMR201C,YGR211W,0,-10.275523,0.11624649912118912,0.9959999918937683,0.7572000026702881
YDR023W,YKL010C,0,-10.276259,0.11623293161392212,0.9959999918937683,0.7573000192642212
YHR013C,YBR020W,0,-10.277078,0.11621937155723572,0.9959999918937683,0.7573999762535095
YDR005C,YLR006C,0,-10.277236,0.11620581150054932,0.9959999918937683,0.7574999928474426
YGL093W,YGL170C,0,-10.27786,0.11619225144386292,0.9959999918937683,0.7576000094413757
YML102W,YER171W,0,-10.278075,0.11617869883775711,0.9959999918937683,0.7577000260353088
YHR055C,YGL139W,0,-10.278229,0.1161651536822319,0.9959999918937683,0.7577999830245972
YGR007W,YIL122W,0,-10.278514,0.1161516010761261,0.9959999918937683,0.7578999996185303
YNL298W,YIL117C,0,-10.278996,0.11613806337118149,0.9959999918937683,0.7580000162124634
YPL249C,YDR427W,0,-10.278996,0.11612451821565628,0.9959999918937683,0.7580999732017517
YHR051W,YDR335W,0,-10.279529,0.11611098051071167,0.9959999918937683,0.7581999897956848
YDR419W,YDR084C,0,-10.279876,0.11609745025634766,0.9959999918937683,0.7583000063896179
YER027C,YOR339C,0,-10.280387,0.11608391255140305,0.9959999918937683,0.758400022983551
YLR231C,YOL093W,0,-10.2804985,0.11607038974761963,0.9959999918937683,0.7584999799728394
YML047C,YER070W,0,-10.281073,0.11605685949325562,0.9959999918937683,0.7585999965667725
YOR372C,YNR015W,0,-10.281161,0.1160433441400528,0.9959999918937683,0.7587000131607056
YJL025W,YGR048W,0,-10.281374,0.11602982133626938,0.9959999918937683,0.7588000297546387
YGR174C,YAL035W,0,-10.281823,0.11601630598306656,0.9959999918937683,0.758899986743927
YAR015W,YPR193C,0,-10.283481,0.11600279808044434,0.9959999918937683,0.7590000033378601
YDR137W,YGL126W,0,-10.283831,0.11598928272724152,0.9959999918937683,0.7591000199317932
YMR091C,YBL025W,0,-10.283952,0.11597578227519989,0.9959999918937683,0.7591999769210815
YOR349W,YKR097W,0,-10.285631,0.11596227437257767,0.9959999918937683,0.7592999935150146
YGL116W,YCR061W,0,-10.28649,0.11594878137111664,0.9959999918937683,0.7594000101089478
YBL005W,YLR005W,0,-10.2866335,0.11593528091907501,0.9959999918937683,0.7595000267028809
YDR229W,YIL051C,0,-10.287158,0.11592178791761398,0.9959999918937683,0.7595999836921692
YOL136C,YDR320C,0,-10.287175,0.11590829491615295,0.9959999918937683,0.7597000002861023
YHL048W,YNL201C,0,-10.287208,0.11589480936527252,0.9959999918937683,0.7598000168800354
YPL053C,YLR303W,0,-10.287946,0.11588132381439209,0.9959999918937683,0.7598999738693237
YLR393W,YGR005C,0,-10.288711,0.11586784571409225,0.9959999918937683,0.7599999904632568
YHR091C,YHL027W,0,-10.288765,0.11585436761379242,0.9959999918937683,0.7601000070571899
YPL005W,YGR092W,0,-10.289478,0.11584088951349258,0.9959999918937683,0.760200023651123
YOR092W,YJL001W,0,-10.289898,0.11582741886377335,0.9959999918937683,0.7602999806404114
YOL052C,YBR284W,0,-10.28992,0.1158139556646347,0.9959999918937683,0.7603999972343445
YOR349W,YML027W,0,-10.290458,0.11580048501491547,0.9959999918937683,0.7605000138282776
YMR119W,YDL128W,0,-10.290514,0.11578702926635742,0.9959999918937683,0.7605999708175659
YDR055W,YHL034C,0,-10.291276,0.11577356606721878,0.9959999918937683,0.760699987411499
YPL253C,YOL138C,0,-10.291717,0.11576011031866074,0.9959999918937683,0.7608000040054321
YFL014W,YDR466W,0,-10.293075,0.11574666202068329,0.9959999918937683,0.7609000205993652
YER002W,YKL197C,0,-10.293231,0.11573320627212524,0.9959999918937683,0.7609999775886536
YLL003W,YIL022W,0,-10.293609,0.1157197654247284,0.9959999918937683,0.7610999941825867
YCL043C,YBR254C,0,-10.293859,0.11570631712675095,0.9959999918937683,0.7612000107765198
YNL063W,YPR198W,0,-10.2941675,0.1156928762793541,0.9959999918937683,0.7613000273704529
YOL143C,YMR060C,0,-10.294366,0.11567944288253784,0.9959999918937683,0.7613999843597412
YOL156W,YHR143W-A,0,-10.294466,0.11566600948572159,0.9959999918937683,0.7615000009536743
YMR180C,YGR271C-A,0,-10.295441,0.11565257608890533,0.9959999918937683,0.7616000175476074
YDR270W,YCL026C-A,0,-10.296189,0.11563915014266968,0.9959999918937683,0.7616999745368958
YBR281C,YHR079C-A,0,-10.296923,0.11562572419643402,0.9959999918937683,0.7617999911308289
YOL002C,YHR102W,0,-10.297614,0.11561230570077896,0.9959999918937683,0.761900007724762
YKR102W,YFL017W-A,0,-10.297925,0.1155988872051239,0.9959999918937683,0.7620000243186951
YOR328W,YNL290W,0,-10.298368,0.11558546870946884,0.9959999918937683,0.7620999813079834
YHR057C,YBL013W,0,-10.298821,0.11557205766439438,0.9959999918937683,0.7621999979019165
YPL212C,YKR098C,0,-10.298865,0.11555864661931992,0.9959999918937683,0.7623000144958496
YKL146W,YNL207W,0,-10.29908,0.11554524302482605,0.9959999918937683,0.7623999714851379
YFR053C,YDR259C,0,-10.299995,0.11553183943033218,0.9959999918937683,0.762499988079071
YNR052C,YLR389C,0,-10.300183,0.11551844328641891,0.9959999918937683,0.7626000046730042
YDR379W,YBR030W,0,-10.300349,0.11550504714250565,0.9959999918937683,0.7627000212669373
YOR349W,YPR173C,0,-10.300695,0.11549165099859238,0.9959999918937683,0.7627999782562256
YDL116W,YGR020C,0,-10.301511,0.1154782623052597,0.9959999918937683,0.7628999948501587
YAL011W,YLR181C,0,-10.302092,0.11546487361192703,0.9959999918937683,0.7630000114440918
YPL134C,YHR008C,0,-10.302159,0.11545149236917496,0.9959999918937683,0.7631000280380249
YIL065C,YDL084W,0,-10.302314,0.11543811112642288,0.9959999918937683,0.7631999850273132
YAL029C,YOR328W,0,-10.302476,0.1154247298836708,0.9959999918937683,0.7633000016212463
YNL023C,YBR193C,0,-10.302707,0.11541135609149933,0.9959999918937683,0.7634000182151794
YNL322C,YJL186W,0,-10.303455,0.11539798229932785,0.9959999918937683,0.7634999752044678
YMR038C,YDR138W,0,-10.30528,0.11538461595773697,0.9959999918937683,0.7635999917984009
YER095W,YMR271C,0,-10.30642,0.11537124961614609,0.9959999918937683,0.763700008392334
YDR279W,YBR012W-A,0,-10.3065195,0.1153578907251358,0.9959999918937683,0.7638000249862671
YBR070C,YMR023C,0,-10.30777,0.11534452438354492,0.9959999918937683,0.7638999819755554
YHL028W,YHR105W,0,-10.308206,0.11533117294311523,0.9959999918937683,0.7639999985694885
YDR515W,YMR322C,0,-10.309241,0.11531782150268555,0.9959999918937683,0.7641000151634216
YOL009C,YMR013C,0,-10.309446,0.11530447006225586,0.9959999918937683,0.76419997215271
YBL006C,YKR098C,0,-10.309493,0.11529111862182617,0.9959999918937683,0.7642999887466431
YDR284C,YDR227W,0,-10.309545,0.11527777463197708,0.9959999918937683,0.7644000053405762
YGL040C,YOR032C,0,-10.30989,0.11526443809270859,0.9959999918937683,0.7645000219345093
YJL005W,YJL128C,0,-10.311265,0.1152511015534401,0.9959999918937683,0.7645999789237976
YMR173W,YHR076W,0,-10.31261,0.1152377650141716,0.9959999918937683,0.7646999955177307
YIR037W,YOR109W,0,-10.312934,0.1152244359254837,0.9959999918937683,0.7648000121116638
YKR095W,YJL053W,0,-10.314111,0.1152111068367958,0.9959999918937683,0.7649000287055969
YHR143W-A,YLR024C,0,-10.315808,0.11519777774810791,0.9959999918937683,0.7649999856948853
YDL150W,YLR396C,0,-10.316117,0.11518445611000061,0.9959999918937683,0.7651000022888184
YGL047W,YDL230W,0,-10.316924,0.11517113447189331,0.9959999918937683,0.7652000188827515
YKR037C,YBL055C,0,-10.317261,0.11515782028436661,0.9959999918937683,0.7652999758720398
YJL101C,YBL087C,0,-10.319151,0.1151445060968399,0.9959999918937683,0.7653999924659729
YGL038C,YEL055C,0,-10.319978,0.1151311993598938,0.9959999918937683,0.765500009059906
YOR266W,YGL127C,0,-10.31998,0.11511789262294769,0.9959999918937683,0.7656000256538391
YPR201W,YGR260W,0,-10.320506,0.11510458588600159,0.9959999918937683,0.7656999826431274
YOL156W,YPL207W,0,-10.320908,0.11509128659963608,0.9959999918937683,0.7657999992370605
YBL002W,YIR033W,0,-10.320977,0.11507798731327057,0.9959999918937683,0.7659000158309937
YDR439W,YGR075C,0,-10.323092,0.11506469547748566,0.9959999918937683,0.765999972820282
YMR230W,YPL085W,0,-10.323297,0.11505140364170074,0.9959999918937683,0.7660999894142151
YJL003W,YMR172W,0,-10.323354,0.11503811180591583,0.9959999918937683,0.7662000060081482
YGR261C,YOL077W-A,0,-10.32337,0.11502482742071152,0.9959999918937683,0.7663000226020813
YPL104W,YPL141C,0,-10.323692,0.1150115504860878,0.9959999918937683,0.7663999795913696
YIL150C,YDL230W,0,-10.324014,0.11499826610088348,0.9959999918937683,0.7664999961853027
YER116C,YHR172W,0,-10.324287,0.11498498916625977,0.9959999918937683,0.7666000127792358
YML101C,YGR194C,0,-10.325049,0.11497171968221664,0.9959999918937683,0.766700029373169
YHR156C,YOL019W,0,-10.325734,0.11495845019817352,0.9959999918937683,0.7667999863624573
YJR047C,YDL154W,0,-10.325894,0.1149451807141304,0.9959999918937683,0.7669000029563904
YDL017W,YBR146W,0,-10.326127,0.11493191868066788,0.9959999918937683,0.7670000195503235
YOR133W,YDR379W,0,-10.326312,0.11491865664720535,0.9959999918937683,0.7670999765396118
YLR155C,YML069W,0,-10.326884,0.11490540206432343,0.9959999918937683,0.7671999931335449
YGL254W,YDL224C,0,-10.327138,0.1148921474814415,0.9959999918937683,0.767300009727478
YDL112W,YBR173C,0,-10.327704,0.11487889289855957,0.9959999918937683,0.7674000263214111
YGR227W,YPL232W,0,-10.327842,0.11486564576625824,0.9959999918937683,0.7674999833106995
YOL122C,YEL002C,0,-10.32846,0.11485239863395691,0.9959999918937683,0.7675999999046326
YNL177C,YIR006C,0,-10.32887,0.11483915895223618,0.9959999918937683,0.7677000164985657
YER122C,YPL192C,0,-10.328923,0.11482591927051544,0.9959999918937683,0.767799973487854
YOR324C,YLR285W,0,-10.32912,0.11481267958879471,0.9959999918937683,0.7678999900817871
YKR068C,YOR116C,0,-10.330514,0.11479944735765457,0.9959999918937683,0.7680000066757202
YFR010W,YDR027C,0,-10.330582,0.11478621512651443,0.9959999918937683,0.7681000232696533
YBR035C,YLR373C,0,-10.33063,0.1147729903459549,0.9959999918937683,0.7681999802589417
YLR028C,YOL154W,0,-10.330718,0.11475976556539536,0.9959999918937683,0.7682999968528748
YNL099C,YDR292C,0,-10.33106,0.11474654078483582,0.9959999918937683,0.7684000134468079
YPR001W,YBL080C,0,-10.331223,0.11473332345485687,0.9959999918937683,0.7684999704360962
YMR015C,YBR058C,0,-10.331388,0.11472011357545853,0.9959999918937683,0.7685999870300293
YNL209W,YLL040C,0,-10.331398,0.11470689624547958,0.9959999918937683,0.7687000036239624
YNL112W,YDR005C,0,-10.331497,0.11469368636608124,0.9959999918937683,0.7688000202178955
YNL003C,YDR281C,0,-10.331895,0.11468048393726349,0.9959999918937683,0.7688999772071838
YGL190C,YHR117W,0,-10.332294,0.11466728150844574,0.9959999918937683,0.7689999938011169
YDR518W,YPL224C,0,-10.332607,0.11465407907962799,0.9959999918937683,0.76910001039505
YCR069W,YGL243W,0,-10.333159,0.11464088410139084,0.9959999918937683,0.7692000269889832
YDL067C,YKL057C,0,-10.33382,0.11462768912315369,0.9959999918937683,0.7692999839782715
YDL105W,YLR248W,0,-10.334861,0.11461450159549713,0.9959999918937683,0.7694000005722046
YOL038W,YOR101W,0,-10.335277,0.11460131406784058,0.9959999918937683,0.7695000171661377
YDL168W,YPR088C,0,-10.336176,0.11458812654018402,0.9959999918937683,0.769599974155426
YJR078W,YDL185W,0,-10.336768,0.11457494646310806,0.9959999918937683,0.7696999907493591
YGL241W,YDR410C,0,-10.33695,0.1145617663860321,0.9959999918937683,0.7698000073432922
YDR501W,YCL008C,0,-10.337794,0.11454859375953674,0.9959999918937683,0.7699000239372253
YKL132C,YER148W,0,-10.33824,0.11453542113304138,0.9959999918937683,0.7699999809265137
YOR128C,YDR497C,0,-10.338486,0.11452224850654602,0.9959999918937683,0.7700999975204468
YLL031C,YAL017W,0,-10.338495,0.11450908333063126,0.9959999918937683,0.7702000141143799
YDR130C,YBR152W,0,-10.3386965,0.11449591815471649,0.9959999918937683,0.7702999711036682
YMR056C,YDL049C,0,-10.33877,0.11448276042938232,0.9959999918937683,0.7703999876976013
YJR150C,YHR143W-A,0,-10.33892,0.11446960270404816,0.9959999918937683,0.7705000042915344
YFL055W,YHR062C,0,-10.339931,0.11445644497871399,0.9959999918937683,0.7706000208854675
YGR209C,YMR304W,0,-10.339946,0.11444329470396042,0.9959999918937683,0.7706999778747559
YGR132C,YLR045C,0,-10.340335,0.11443014442920685,0.9959999918937683,0.770799994468689
YIR019C,YBL028C,0,-10.34085,0.11441700160503387,0.9959999918937683,0.7709000110626221
YLR315W,YML065W,0,-10.341277,0.1144038587808609,0.9959999918937683,0.7710000276565552
YLR206W,YBL034C,0,-10.341637,0.11439072340726852,0.9959999918937683,0.7710999846458435
YBR187W,YLR254C,0,-10.342885,0.11437758058309555,0.9959999918937683,0.7712000012397766
YKL116C,YLR005W,0,-10.343645,0.11436445266008377,0.9959999918937683,0.7713000178337097
YML051W,YDR468C,0,-10.344281,0.1143513172864914,0.9959999918937683,0.771399974822998
YNL099C,YDR351W,0,-10.34463,0.11433819681406021,0.9959999918937683,0.7714999914169312
YNL240C,YPL032C,0,-10.344746,0.11432506889104843,0.9959999918937683,0.7716000080108643
YKL192C,YPL031C,0,-10.34479,0.11431194841861725,0.9959999918937683,0.7717000246047974
YJL111W,YHR037W,0,-10.346246,0.11429882794618607,0.9959999918937683,0.7717999815940857
YGL238W,YNL055C,0,-10.346896,0.11428571492433548,0.9959999918937683,0.7718999981880188
YBR291C,YDR394W,0,-10.3471575,0.1142726019024849,0.9959999918937683,0.7720000147819519
YLR119W,YOR295W,0,-10.3478985,0.1142594963312149,0.9959999918937683,0.7720999717712402
YPR106W,YOL006C,0,-10.349174,0.11424638330936432,0.9959999918937683,0.7721999883651733
YDR315C,YOR229W,0,-10.349221,0.11423328518867493,0.9959999918937683,0.7723000049591064
YML099C,YKR090W,0,-10.349658,0.11422018706798553,0.9959999918937683,0.7724000215530396
YDL165W,YOL104C,0,-10.349804,0.11420708894729614,0.9959999918937683,0.7724999785423279
YJL081C,YNL322C,0,-10.350053,0.11419399082660675,0.9959999918937683,0.772599995136261
YBL022C,YLR064W,0,-10.350661,0.11418090015649796,0.9959999918937683,0.7727000117301941
YIL062C,YMR232W,0,-10.351458,0.11416780948638916,0.9959999918937683,0.7728000283241272
YMR068W,YDL010W,0,-10.351881,0.11415472626686096,0.9959999918937683,0.7728999853134155
YDL226C,YOR014W,0,-10.353094,0.11414164304733276,0.9959999918937683,0.7730000019073486
YPR049C,YLR222C,0,-10.353581,0.11412856727838516,0.9959999918937683,0.7731000185012817
YPL037C,YBL005W-B,0,-10.353972,0.11411549150943756,0.9959999918937683,0.7731999754905701
YLR371W,YMR230W,0,-10.35493,0.11410241574048996,0.9959999918937683,0.7732999920845032
YHR059W,YMR190C,0,-10.356103,0.11408934742212296,0.9959999918937683,0.7734000086784363
YNL161W,YKL048C,0,-10.356658,0.11407627910375595,0.9959999918937683,0.7735000252723694
YFL005W,YGR198W,0,-10.357119,0.11406321823596954,0.9959999918937683,0.7735999822616577
YKR087C,YOL006C,0,-10.357214,0.11405015736818314,0.9959999918937683,0.7736999988555908
YER142C,YDL190C,0,-10.357416,0.11403709650039673,0.9959999918937683,0.7738000154495239
YLL050C,YOR259C,0,-10.358467,0.11402404308319092,0.9959999918937683,0.7738999724388123
YJR016C,YDR027C,0,-10.358554,0.11401098966598511,0.9959999918937683,0.7739999890327454
YLR190W,YMR105C,0,-10.358666,0.1139979362487793,0.9959999918937683,0.7741000056266785
YOR061W,YDL174C,0,-10.358834,0.11398489028215408,0.9959999918937683,0.7742000222206116
YAR031W,YNL302C,0,-10.359275,0.11397185176610947,0.9959999918937683,0.7742999792098999
YPR192W,YGL084C,0,-10.359736,0.11395881325006485,0.9959999918937683,0.774399995803833
YBR101C,YKR048C,0,-10.359797,0.11394577473402023,0.9959999918937683,0.7745000123977661
YJL014W,YIL125W,0,-10.360078,0.11393273621797562,0.9959999918937683,0.7746000289916992
YGR154C,YLR141W,0,-10.361612,0.1139197051525116,0.9959999918937683,0.7746999859809875
YGR262C,YLR371W,0,-10.361646,0.11390668153762817,0.9959999918937683,0.7748000025749207
YLR190W,YPL232W,0,-10.362319,0.11389365047216415,0.9959999918937683,0.7749000191688538
YNL199C,YBR199W,0,-10.362766,0.11388063430786133,0.9959999918937683,0.7749999761581421
YKL026C,YOR194C,0,-10.36345,0.1138676106929779,0.9959999918937683,0.7750999927520752
YFR021W,YAL034W-A,0,-10.363613,0.11385459452867508,0.9959999918937683,0.7752000093460083
YNL039W,YIL173W,0,-10.364087,0.11384157836437225,0.9959999918937683,0.7753000259399414
YKL093W,YOL038W,0,-10.364523,0.11382856965065002,0.9959999918937683,0.7753999829292297
YNL098C,YPL024W,0,-10.364546,0.1138155609369278,0.9959999918937683,0.7754999995231628
YFR040W,YNL300W,0,-10.36505,0.11380255967378616,0.9959999918937683,0.775600016117096
YKL192C,YNL294C,0,-10.366632,0.11378955841064453,0.9959999918937683,0.7756999731063843
YOL090W,YKL051W,0,-10.367936,0.1137765571475029,0.9959999918937683,0.7757999897003174
YBL024W,YLR019W,0,-10.368222,0.11376356333494186,0.9959999918937683,0.7759000062942505
YPL072W,YER144C,0,-10.368258,0.11375056952238083,0.9959999918937683,0.7760000228881836
YHR104W,YOR261C,0,-10.369656,0.11373758316040039,0.9959999918937683,0.7760999798774719
YMR307W,YIR018W,0,-10.370127,0.11372459679841995,0.9959999918937683,0.776199996471405
YOR030W,YOR320C,0,-10.370162,0.11371161043643951,0.9959999918937683,0.7763000130653381
YPL268W,YCL033C,0,-10.3706045,0.11369863152503967,0.9959999918937683,0.7764000296592712
YDR430C,YEL011W,0,-10.370795,0.11368565261363983,0.9959999918937683,0.7764999866485596
YML058W-A,YAR003W,0,-10.3709545,0.11367268115282059,0.9959999918937683,0.7766000032424927
YNL048W,YOR174W,0,-10.371135,0.11365970224142075,0.9959999918937683,0.7767000198364258
YOR195W,YBL060W,0,-10.371467,0.1136467382311821,0.9959999918937683,0.7767999768257141
YMR056C,YJL073W,0,-10.37147,0.11363377422094345,0.9959999918937683,0.7768999934196472
YDR281C,YKL214C,0,-10.371497,0.1136208102107048,0.9959999918937683,0.7770000100135803
YDR386W,YPL206C,0,-10.371615,0.11360784620046616,0.9959999918937683,0.7771000266075134
YNL051W,YLR006C,0,-10.371671,0.1135948896408081,0.9959999918937683,0.7771999835968018
YMR137C,YPL019C,0,-10.371888,0.11358193308115005,0.9959999918937683,0.7773000001907349
YJR084W,YNL175C,0,-10.371954,0.1135689839720726,0.9959999918937683,0.777400016784668
YKL206C,YMR065W,0,-10.372713,0.11355603486299515,0.9959999918937683,0.7774999737739563
YGR140W,YMR188C,0,-10.373036,0.11354309320449829,0.9959999918937683,0.7775999903678894
YDR527W,YDR307W,0,-10.373212,0.11353015154600143,0.9959999918937683,0.7777000069618225
YOR079C,YKL048C,0,-10.373403,0.11351720988750458,0.9959999918937683,0.7778000235557556
YMR043W,YMR149W,0,-10.374466,0.11350427567958832,0.9959999918937683,0.777899980545044
YOL060C,YLR166C,0,-10.374785,0.11349134147167206,0.9959999918937683,0.777999997138977
YGL047W,YJL109C,0,-10.375363,0.1134784072637558,0.9959999918937683,0.7781000137329102
YBR089C-A,YML100W,0,-10.376114,0.11346548050642014,0.9959999918937683,0.7781999707221985
YHR036W,YJR022W,0,-10.376486,0.11345255374908447,0.9959999918937683,0.7782999873161316
YPR104C,YDR253C,0,-10.377099,0.1134396344423294,0.9959999918937683,0.7784000039100647
YOL156W,YCL004W,0,-10.377139,0.11342671513557434,0.9959999918937683,0.7785000205039978
YCR026C,YAL055W,0,-10.378754,0.11341380327939987,0.9959999918937683,0.7785999774932861
YJL003W,YLL055W,0,-10.379056,0.1134008914232254,0.9959999918937683,0.7786999940872192
YPL178W,YER027C,0,-10.379112,0.11338797956705093,0.9959999918937683,0.7788000106811523
YER002W,YBL105C,0,-10.380017,0.11337506771087646,0.9959999918937683,0.7789000272750854
YDR330W,YDR367W,0,-10.380122,0.11336217075586319,0.9959999918937683,0.7789999842643738
YDL200C,YFR003C,0,-10.3801365,0.11334926635026932,0.9959999918937683,0.7791000008583069
YIL088C,YMR314W,0,-10.38188,0.11333636939525604,0.9959999918937683,0.77920001745224
YDR216W,YIL096C,0,-10.383151,0.11332347244024277,0.9959999918937683,0.7792999744415283
YMR199W,YDR478W,0,-10.383219,0.11331058293581009,0.9959999918937683,0.7793999910354614
YML078W,YHR205W,0,-10.385744,0.11329769343137741,0.9959999918937683,0.7795000076293945
YDR116C,YIR018W,0,-10.386051,0.11328480392694473,0.9959999918937683,0.7796000242233276
YGL105W,YDR394W,0,-10.386281,0.11327192187309265,0.9959999918937683,0.779699981212616
YHR115C,YBR067C,0,-10.387137,0.11325903981924057,0.9959999918937683,0.7797999978065491
YGR271W,YLR251W,0,-10.388,0.11324616521596909,0.9959999918937683,0.7799000144004822
YLR300W,YPR139C,0,-10.388061,0.1132332906126976,0.9959999918937683,0.7799999713897705
YOR311C,YDR253C,0,-10.388649,0.11322041600942612,0.9959999918937683,0.7800999879837036
YNL214W,YHR026W,0,-10.389594,0.11320754885673523,0.9959999918937683,0.7802000045776367
YBR103W,YIL138C,0,-10.389851,0.11319468170404434,0.9959999918937683,0.7803000211715698
YGR024C,YNL273W,0,-10.389878,0.11318181455135345,0.9959999918937683,0.7803999781608582
YDR281C,YPL083C,0,-10.390987,0.11316895484924316,0.9959999918937683,0.7804999947547913
YPL138C,YDL244W,0,-10.392203,0.11315610259771347,0.9959999918937683,0.7806000113487244
YPL270W,YOR161C,0,-10.39317,0.11314324289560318,0.9959999918937683,0.7807000279426575
YBR281C,YMR065W,0,-10.393484,0.11313039809465408,0.9959999918937683,0.7807999849319458
YDL223C,YIL115C,0,-10.393847,0.11311754584312439,0.9959999918937683,0.7809000015258789
YMR049C,YBR212W,0,-10.394098,0.11310470104217529,0.9959999918937683,0.781000018119812
YKL198C,YPR137W,0,-10.394229,0.1130918562412262,0.9959999918937683,0.7810999751091003
YLR165C,YPL063W,0,-10.394866,0.1130790188908577,0.9959999918937683,0.7811999917030334
YHR018C,YNR012W,0,-10.395064,0.1130661815404892,0.9959999918937683,0.7813000082969666
YER122C,YBR287W,0,-10.395761,0.1130533516407013,0.9959999918937683,0.7814000248908997
YGL166W,YNL070W,0,-10.395984,0.1130405142903328,0.9959999918937683,0.781499981880188
YOL002C,YKL035W,0,-10.396028,0.11302769184112549,0.9959999918937683,0.7815999984741211
YGR038W,YIL167W,0,-10.396239,0.11301486194133759,0.9959999918937683,0.7817000150680542
YDR490C,YJL190C,0,-10.396662,0.11300203949213028,0.9959999918937683,0.7817999720573425
YPR019W,YDR240C,0,-10.396834,0.11298922449350357,0.9959999918937683,0.7818999886512756
YPL036W,YGL161C,0,-10.397654,0.11297640949487686,0.9959999918937683,0.7820000052452087
YBL105C,YHR141C,0,-10.397933,0.11296359449625015,0.9959999918937683,0.7821000218391418
YGR178C,YDR289C,0,-10.3979645,0.11295077949762344,0.9959999918937683,0.7821999788284302
YDL142C,YNL030W,0,-10.398112,0.11293797194957733,0.9959999918937683,0.7822999954223633
YJL054W,YOR069W,0,-10.398852,0.11292517185211182,0.9959999918937683,0.7824000120162964
YBL006C,YHL028W,0,-10.399458,0.1129123717546463,0.9959999918937683,0.7825000286102295
YJR153W,YMR197C,0,-10.399844,0.11289957165718079,0.9959999918937683,0.7825999855995178
YJR144W,YLL023C,0,-10.400222,0.11288677155971527,0.9959999918937683,0.7827000021934509
YDL175C,YNL131W,0,-10.401575,0.11287397891283035,0.9959999918937683,0.782800018787384
YMR065W,YGR161C,0,-10.401635,0.11286118626594543,0.9959999918937683,0.7828999757766724
YDR486C,YNL107W,0,-10.401726,0.11284840106964111,0.9959999918937683,0.7829999923706055
YDL101C,YGL161C,0,-10.402566,0.11283561587333679,0.9959999918937683,0.7831000089645386
YER021W,YOR216C,0,-10.40274,0.11282283812761307,0.9959999918937683,0.7832000255584717
YGR295C,YGL205W,0,-10.403178,0.11281006038188934,0.9959999918937683,0.78329998254776
YDL154W,YOR313C,0,-10.403576,0.11279728263616562,0.9959999918937683,0.7833999991416931
YFL023W,YIL023C,0,-10.403708,0.11278451234102249,0.9959999918937683,0.7835000157356262
YCL067C,YGL106W,0,-10.403808,0.11277174204587936,0.9959999918937683,0.7835999727249146
YDR140W,YLR457C,0,-10.403879,0.11275897175073624,0.9959999918937683,0.7836999893188477
YLR384C,YNL194C,0,-10.404883,0.1127462089061737,0.9959999918937683,0.7838000059127808
YER050C,YLR119W,0,-10.405231,0.11273344606161118,0.9959999918937683,0.7839000225067139
YBL015W,YBR098W,0,-10.405666,0.11272069066762924,0.9959999918937683,0.7839999794960022
YOR278W,YNL185C,0,-10.406144,0.11270793527364731,0.9959999918937683,0.7840999960899353
YDL105W,YMR302C,0,-10.406205,0.11269517987966537,0.9959999918937683,0.7842000126838684
YBR158W,YKR049C,0,-10.406707,0.11268243193626404,0.9959999918937683,0.7843000292778015
YGL144C,YMR190C,0,-10.407686,0.1126696839928627,0.9959999918937683,0.7843999862670898
YBR101C,YOR004W,0,-10.407791,0.11265693604946136,0.9959999918937683,0.784500002861023
YHR043C,YCR060W,0,-10.408153,0.11264419555664062,0.9959999918937683,0.784600019454956
YDR198C,YLR079W,0,-10.40878,0.11263146251440048,0.9959999918937683,0.7846999764442444
YDR106W,YMR241W,0,-10.408821,0.11261872202157974,0.9959999918937683,0.7847999930381775
YIL142W,YMR036C,0,-10.408971,0.1126059889793396,0.9959999918937683,0.7849000096321106
YDR231C,YKR065C,0,-10.410385,0.11259326338768005,0.9959999918937683,0.7850000262260437
YML008C,YOR230W,0,-10.411116,0.11258053779602051,0.9959999918937683,0.785099983215332
YDR009W,YPL118W,0,-10.411286,0.11256781220436096,0.9959999918937683,0.7851999998092651
YOL130W,YOR085W,0,-10.411483,0.11255509406328201,0.9959999918937683,0.7853000164031982
YFR021W,YMR039C,0,-10.411485,0.11254237592220306,0.9959999918937683,0.7853999733924866
YDR311W,YPR063C,0,-10.41313,0.11252965778112411,0.9959999918937683,0.7854999899864197
YJR140C,YFR024C-A,0,-10.413587,0.11251694709062576,0.9959999918937683,0.7856000065803528
YOR103C,YHR012W,0,-10.4143095,0.11250423640012741,0.9959999918937683,0.7857000231742859
YDR254W,YDR206W,0,-10.41481,0.11249152570962906,0.9959999918937683,0.7857999801635742
YLR090W,YDR381W,0,-10.41518,0.1124788224697113,0.9959999918937683,0.7858999967575073
YOL111C,YOL138C,0,-10.415284,0.11246612668037415,0.9959999918937683,0.7860000133514404
YOR037W,YDR037W,0,-10.415599,0.11245342344045639,0.9959999918937683,0.7860999703407288
YPL082C,YIL023C,0,-10.41647,0.11244073510169983,0.9959999918937683,0.7861999869346619
YGR133W,YDR303C,0,-10.416743,0.11242803931236267,0.9959999918937683,0.786300003528595
YER144C,YLL055W,0,-10.4178705,0.11241535097360611,0.9959999918937683,0.7864000201225281
YDR093W,YGR170W,0,-10.41821,0.11240266263484955,0.9959999918937683,0.7864999771118164
YOR008C,YAL001C,0,-10.419367,0.11238998174667358,0.9959999918937683,0.7865999937057495
YDR512C,YLR293C,0,-10.4193735,0.11237730085849762,0.9959999918937683,0.7867000102996826
YOL103W,YOL072W,0,-10.419867,0.11236461997032166,0.9959999918937683,0.7868000268936157
YDR462W,YPR151C,0,-10.420485,0.11235194653272629,0.9959999918937683,0.786899983882904
YNL023C,YOL038W,0,-10.420575,0.11233927309513092,0.9959999918937683,0.7870000004768372
YDR078C,YJR103W,0,-10.4223795,0.11232660710811615,0.9959999918937683,0.7871000170707703
YLL035W,YOR193W,0,-10.423303,0.11231394112110138,0.9959999918937683,0.7871999740600586
YIR002C,YNL209W,0,-10.423621,0.11230127513408661,0.9959999918937683,0.7872999906539917
YER065C,YGL136C,0,-10.424925,0.11228861659765244,0.9959999918937683,0.7874000072479248
YDR122W,YDL190C,0,-10.426452,0.11227595806121826,0.9959999918937683,0.7875000238418579
YBR026C,YKR090W,0,-10.426925,0.11226329952478409,0.9959999918937683,0.7875999808311462
YNL206C,YLL056C,0,-10.426996,0.11225064843893051,0.9959999918937683,0.7876999974250793
YJR052W,YGR090W,0,-10.427015,0.11223799735307693,0.9959999918937683,0.7878000140190125
YNL038W,YLR165C,0,-10.427611,0.11222535371780396,0.9959999918937683,0.7878999710083008
YPL145C,YOL135C,0,-10.42895,0.11221271008253098,0.9959999918937683,0.7879999876022339
YOR061W,YGL094C,0,-10.429854,0.112200066447258,0.9959999918937683,0.788100004196167
YDL247W,YMR241W,0,-10.430667,0.11218743026256561,0.9959999918937683,0.7882000207901001
YDR110W,YDL188C,0,-10.431087,0.11217479407787323,0.9959999918937683,0.7882999777793884
YGL027C,YOL123W,0,-10.431496,0.11216216534376144,0.9959999918937683,0.7883999943733215
YLR329W,YOR346W,0,-10.432056,0.11214952915906906,0.9959999918937683,0.7885000109672546
YNL127W,YOR122C,0,-10.432465,0.11213690787553787,0.9959999918937683,0.7886000275611877
YDR346C,YDR027C,0,-10.433423,0.11212427914142609,0.9959999918937683,0.7886999845504761
YLR286C,YKL070W,0,-10.433547,0.1121116578578949,0.9959999918937683,0.7888000011444092
YMR186W,YOR129C,0,-10.434285,0.1120990440249443,0.9959999918937683,0.7889000177383423
YNL327W,YDR135C,0,-10.434414,0.11208643019199371,0.9959999918937683,0.7889999747276306
YDL213C,YMR201C,0,-10.435368,0.11207381635904312,0.9959999918937683,0.7890999913215637
YPL117C,YFR049W,0,-10.435983,0.11206120252609253,0.9959999918937683,0.7892000079154968
YMR189W,YGR087C,0,-10.436264,0.11204859614372253,0.9959999918937683,0.7893000245094299
YDR331W,YMR021C,0,-10.436432,0.11203599721193314,0.9959999918937683,0.7893999814987183
YOL061W,YOR076C,0,-10.43808,0.11202339082956314,0.9959999918937683,0.7894999980926514
YDR216W,YKL168C,0,-10.438344,0.11201079934835434,0.9959999918937683,0.7896000146865845
YLR207W,YDR478W,0,-10.438394,0.11199820041656494,0.9959999918937683,0.7896999716758728
YFR019W,YPL269W,0,-10.439327,0.11198560893535614,0.9959999918937683,0.7897999882698059
YGL001C,YDL105W,0,-10.439953,0.11197301745414734,0.9959999918937683,0.789900004863739
YCR071C,YAL047C,0,-10.440041,0.11196043342351913,0.9959999918937683,0.7900000214576721
YOL100W,YJR049C,0,-10.44069,0.11194784939289093,0.9959999918937683,0.7900999784469604
YPL053C,YOL111C,0,-10.44087,0.11193526536226273,0.9959999918937683,0.7901999950408936
YOR128C,YDR098C,0,-10.440975,0.11192268878221512,0.9959999918937683,0.7903000116348267
YKL078W,YGL001C,0,-10.441704,0.11191011220216751,0.9959999918937683,0.7904000282287598
YBR207W,YCL011C,0,-10.442772,0.1118975430727005,0.9959999918937683,0.7904999852180481
YNL298W,YCL061C,0,-10.442774,0.1118849664926529,0.9959999918937683,0.7906000018119812
YDR016C,YKL116C,0,-10.443656,0.11187240481376648,0.9959999918937683,0.7907000184059143
YMR276W,YBR129C,0,-10.4440565,0.11185983568429947,0.9959999918937683,0.7907999753952026
YER141W,YML023C,0,-10.444689,0.11184727400541306,0.9959999918937683,0.7908999919891357
YLR220W,YDL223C,0,-10.445284,0.11183471977710724,0.9959999918937683,0.7910000085830688
YOL126C,YDR135C,0,-10.446861,0.11182216554880142,0.9959999918937683,0.791100025177002
YNL021W,YGR087C,0,-10.44755,0.1118096113204956,0.9959999918937683,0.7911999821662903
YNR010W,YOR153W,0,-10.447829,0.11179705709218979,0.9959999918937683,0.7912999987602234
YDR320C,YFR049W,0,-10.450799,0.11178451031446457,0.9959999918937683,0.7914000153541565
YPR193C,YDR277C,0,-10.450908,0.11177196353673935,0.9959999918937683,0.7914999723434448
YBL074C,YJL189W,0,-10.451875,0.11175942420959473,0.9959999918937683,0.7915999889373779
YDR302W,YPR179C,0,-10.452323,0.1117468848824501,0.9959999918937683,0.791700005531311
YNL047C,YJL054W,0,-10.452356,0.11173435300588608,0.9959999918937683,0.7918000221252441
YGR086C,YPL274W,0,-10.45252,0.11172181367874146,0.9959999918937683,0.7918999791145325
YOL082W,YJR040W,0,-10.453311,0.11170928925275803,0.9959999918937683,0.7919999957084656
YLL006W,YFL036W,0,-10.453931,0.111696757376194,0.9959999918937683,0.7921000123023987
YDR118W,YGL018C,0,-10.455016,0.11168423295021057,0.9959999918937683,0.7922000288963318
YOR128C,YDR346C,0,-10.455328,0.11167170852422714,0.9959999918937683,0.7922999858856201
YBR169C,YCR084C,0,-10.455377,0.11165919154882431,0.9959999918937683,0.7924000024795532
YLR078C,YGR032W,0,-10.456736,0.11164667457342148,0.9959999918937683,0.7925000190734863
YIL043C,YDR088C,0,-10.457117,0.11163416504859924,0.9959999918937683,0.7925999760627747
YPL061W,YJR022W,0,-10.457176,0.11162165552377701,0.9959999918937683,0.7926999926567078
YAL058W,YDR200C,0,-10.457291,0.11160914599895477,0.9959999918937683,0.7928000092506409
YOL130W,YLR102C,0,-10.458174,0.11159663647413254,0.9959999918937683,0.792900025844574
YDR191W,YHR200W,0,-10.458297,0.1115841343998909,0.9959999918937683,0.7929999828338623
YDR512C,YMR047C,0,-10.458365,0.11157163977622986,0.9959999918937683,0.7930999994277954
YPL076W,YDR137W,0,-10.45902,0.11155913770198822,0.9959999918937683,0.7932000160217285
YMR198W,YFR040W,0,-10.45919,0.11154664307832718,0.9959999918937683,0.7932999730110168
YGL067W,YDR137W,0,-10.459315,0.11153415590524673,0.9959999918937683,0.79339998960495
YJL081C,YDR318W,0,-10.460481,0.11152166873216629,0.9959999918937683,0.7935000061988831
YJL081C,YDR285W,0,-10.460572,0.11150918155908585,0.9959999918937683,0.7936000227928162
YDR182W,YDR054C,0,-10.460945,0.1114966943860054,0.9959999918937683,0.7936999797821045
YMR112C,YKL171W,0,-10.461171,0.11148421466350555,0.9959999918937683,0.7937999963760376
YNR072W,YGR054W,0,-10.461327,0.1114717423915863,0.9959999918937683,0.7939000129699707
YNR035C,YOR313C,0,-10.461411,0.11145926266908646,0.9959999918937683,0.7940000295639038
YJL091C,YBR258C,0,-10.461813,0.1114467978477478,0.9959999918937683,0.7940999865531921
YBL102W,YKL081W,0,-10.462342,0.11143432557582855,0.9959999918937683,0.7942000031471252
YLR238W,YML055W,0,-10.462461,0.1114218607544899,0.9959999918937683,0.7943000197410583
YDR388W,YGR116W,0,-10.464206,0.11140939593315125,0.9959999918937683,0.7943999767303467
YDL076C,YCR030C,0,-10.4674635,0.11139693856239319,0.9959999918937683,0.7944999933242798
YHL019C,YGL246C,0,-10.467878,0.11138448119163513,0.9959999918937683,0.7946000099182129
YDR277C,YNL243W,0,-10.469677,0.11137202382087708,0.9959999918937683,0.794700026512146
YDR386W,YDR086C,0,-10.469807,0.11135957390069962,0.9959999918937683,0.7947999835014343
YMR219W,YER086W,0,-10.46995,0.11134712398052216,0.9959999918937683,0.7949000000953674
YMR247C,YLR119W,0,-10.470967,0.1113346740603447,0.9959999918937683,0.7950000166893005
YLR393W,YML046W,0,-10.472241,0.11132223159074783,0.9959999918937683,0.7950999736785889
YKL103C,YNL197C,0,-10.4722805,0.11130978912115097,0.9959999918937683,0.795199990272522
YBL098W,YGL073W,0,-10.472743,0.1112973541021347,0.9959999918937683,0.7953000068664551
YBR133C,YDR473C,0,-10.472863,0.11128491908311844,0.9959999918937683,0.7954000234603882
YDL231C,YMR060C,0,-10.473875,0.11127248406410217,0.9959999918937683,0.7954999804496765
YMR186W,YBL005W,0,-10.473884,0.1112600564956665,0.9959999918937683,0.7955999970436096
YMR199W,YOR116C,0,-10.474338,0.11124762892723083,0.9959999918937683,0.7957000136375427
YNL278W,YDR258C,0,-10.474933,0.11123520135879517,0.9959999918937683,0.795799970626831
YGL133W,YML098W,0,-10.476159,0.1112227812409401,0.9959999918937683,0.7958999872207642
YLR295C,YNL083W,0,-10.476287,0.11121036112308502,0.9959999918937683,0.7960000038146973
YKL176C,YOR137C,0,-10.476843,0.11119794845581055,0.9959999918937683,0.7961000204086304
YMR277W,YDR470C,0,-10.477895,0.11118553578853607,0.9959999918937683,0.7961999773979187
YOL148C,YHR041C,0,-10.478207,0.1111731231212616,0.9959999918937683,0.7962999939918518
YAL058W,YLR145W,0,-10.478812,0.11116071790456772,0.9959999918937683,0.7964000105857849
YKL120W,YGL023C,0,-10.480201,0.11114831268787384,0.9959999918937683,0.796500027179718
YNL036W,YOL143C,0,-10.481237,0.11113590747117996,0.9959999918937683,0.7965999841690063
YOL164W,YAL039C,0,-10.481793,0.11112350970506668,0.9959999918937683,0.7967000007629395
YOR173W,YCR084C,0,-10.482756,0.1111111119389534,0.9959999918937683,0.7968000173568726
YGL133W,YLR298C,0,-10.483463,0.11109871417284012,0.9959999918937683,0.7968999743461609
YML059C,YPR140W,0,-10.483968,0.11108632385730743,0.9959999918937683,0.796999990940094
YNL075W,YJL047C,0,-10.484082,0.11107394099235535,0.9959999918937683,0.7971000075340271
YDR004W,YOR353C,0,-10.485,0.11106155067682266,0.9959999918937683,0.7972000241279602
YGR061C,YHR092C,0,-10.485337,0.11104916781187057,0.9959999918937683,0.7972999811172485
YDR503C,YOR009W,0,-10.486684,0.11103679239749908,0.9959999918937683,0.7973999977111816
YGR154C,YPL204W,0,-10.487149,0.111024409532547,0.9959999918937683,0.7975000143051147
YMR207C,YER024W,0,-10.487287,0.1110120341181755,0.9959999918937683,0.7975999712944031
YKL143W,YDR307W,0,-10.488632,0.11099966615438461,0.9959999918937683,0.7976999878883362
YGL170C,YLR240W,0,-10.49031,0.11098729819059372,0.9959999918937683,0.7978000044822693
YDR270W,YDR295C,0,-10.490353,0.11097493022680283,0.9959999918937683,0.7979000210762024
YPR025C,YLR288C,0,-10.490699,0.11096256971359253,0.9959999918937683,0.7979999780654907
YAL054C,YBR057C,0,-10.490781,0.11095020920038223,0.9959999918937683,0.7980999946594238
YDR301W,YHR081W,0,-10.4908495,0.11093784868717194,0.9959999918937683,0.7982000112533569
YJL006C,YER162C,0,-10.490933,0.11092549562454224,0.9959999918937683,0.79830002784729
YPL281C,YDL171C,0,-10.491884,0.11091314256191254,0.9959999918937683,0.7983999848365784
YHR061C,YDR515W,0,-10.49239,0.11090078949928284,0.9959999918937683,0.7985000014305115
YBR010W,YBL055C,0,-10.493371,0.11088844388723373,0.9959999918937683,0.7986000180244446
YOR257W,YMR201C,0,-10.495165,0.11087609827518463,0.9959999918937683,0.7986999750137329
YJR060W,YDL217C,0,-10.495524,0.11086376011371613,0.9959999918937683,0.798799991607666
YDR480W,YOR322C,0,-10.496832,0.11085142195224762,0.9959999918937683,0.7989000082015991
YAL008W,YML098W,0,-10.497138,0.11083908379077911,0.9959999918937683,0.7990000247955322
YPL200W,YJL097W,0,-10.497935,0.1108267530798912,0.9959999918937683,0.7990999817848206
YKR030W,YJL212C,0,-10.500377,0.1108144223690033,0.9959999918937683,0.7991999983787537
YGR135W,YHR041C,0,-10.500525,0.11080209165811539,0.9959999918937683,0.7993000149726868
YLR370C,YPL036W,0,-10.500589,0.11078976839780807,0.9959999918937683,0.7993999719619751
YPL151C,YER150W,0,-10.500945,0.11077744513750076,0.9959999918937683,0.7994999885559082
YHR164C,YLL027W,0,-10.501006,0.11076512187719345,0.9959999918937683,0.7996000051498413
YOR384W,YML004C,0,-10.50145,0.11075280606746674,0.9959999918937683,0.7997000217437744
YJL082W,YBL014C,0,-10.501618,0.11074049025774002,0.9959999918937683,0.7997999787330627
YDR033W,YLR002C,0,-10.501695,0.1107281818985939,0.9959999918937683,0.7998999953269958
YDR155C,YBR057C,0,-10.502278,0.11071587353944778,0.9959999918937683,0.800000011920929
YDR377W,YGL097W,0,-10.50338,0.11070356518030167,0.9959999918937683,0.8001000285148621
YAR014C,YER098W,0,-10.503429,0.11069126427173615,0.9959999918937683,0.8001999855041504
YOL132W,YDR331W,0,-10.503542,0.11067896336317062,0.9959999918937683,0.8003000020980835
YOR328W,YOL005C,0,-10.504674,0.1106666699051857,0.9959999918937683,0.8004000186920166
YKL032C,YDR164C,0,-10.504745,0.11065436899662018,0.9959999918937683,0.8004999756813049
YOL104C,YJL127C,0,-10.504884,0.11064208298921585,0.9959999918937683,0.800599992275238
YML006C,YFR025C,0,-10.505574,0.11062978953123093,0.9959999918937683,0.8007000088691711
YLR259C,YGR271C-A,0,-10.5076275,0.1106175035238266,0.9959999918937683,0.8008000254631042
YMR267W,YLR154C,0,-10.508016,0.11060521751642227,0.9959999918937683,0.8008999824523926
YOR393W,YBL039C,0,-10.509755,0.11059293895959854,0.9959999918937683,0.8009999990463257
YGR193C,YML005W,0,-10.509875,0.11058066040277481,0.9959999918937683,0.8011000156402588
YML067C,YNL015W,0,-10.510015,0.11056838184595108,0.9959999918937683,0.8011999726295471
YJR043C,YGR253C,0,-10.510289,0.11055611073970795,0.9959999918937683,0.8012999892234802
YML059C,YHR161C,0,-10.511331,0.11054383963346481,0.9959999918937683,0.8014000058174133
YER133W,YFL014W,0,-10.511805,0.11053157597780228,0.9959999918937683,0.8015000224113464
YGR222W,YNR012W,0,-10.511884,0.11051930487155914,0.9959999918937683,0.8015999794006348
YIL150C,YPL089C,0,-10.513381,0.1105070486664772,0.9959999918937683,0.8016999959945679
YML101C,YOL067C,0,-10.514091,0.11049478501081467,0.9959999918937683,0.801800012588501
YBL085W,YHL034C,0,-10.514221,0.11048252880573273,0.9959999918937683,0.8019000291824341
YGL077C,YKL170W,0,-10.514464,0.11047027260065079,0.9959999918937683,0.8019999861717224
YML081C-A,YPR002W,0,-10.514606,0.11045802384614944,0.9959999918937683,0.8021000027656555
YLR095C,YOR117W,0,-10.5147505,0.1104457750916481,0.9959999918937683,0.8022000193595886
YOR324C,YKR007W,0,-10.514776,0.11043352633714676,0.9959999918937683,0.802299976348877
YJR010W,YBR035C,0,-10.515314,0.11042128503322601,0.9959999918937683,0.8023999929428101
YHR051W,YDL195W,0,-10.517017,0.11040904372930527,0.9959999918937683,0.8025000095367432
YHR091C,YOR091W,0,-10.517061,0.11039680987596512,0.9959999918937683,0.8026000261306763
YPR122W,YPL095C,0,-10.517269,0.11038457602262497,0.9959999918937683,0.8026999831199646
YJR005W,YIL119C,0,-10.517505,0.11037234216928482,0.9959999918937683,0.8027999997138977
YJL112W,YBR171W,0,-10.517736,0.11036010831594467,0.9959999918937683,0.8029000163078308
YLR142W,YNR021W,0,-10.517831,0.11034788191318512,0.9959999918937683,0.8029999732971191
YNR007C,YER044C-A,0,-10.518586,0.11033566296100616,0.9959999918937683,0.8030999898910522
YLR095C,YMR314W,0,-10.518817,0.11032343655824661,0.9959999918937683,0.8032000064849854
YGL170C,YGL161C,0,-10.519164,0.11031121760606766,0.9959999918937683,0.8033000230789185
YOL030W,YOL034W,0,-10.519258,0.1102990061044693,0.9959999918937683,0.8033999800682068
YBL019W,YMR177W,0,-10.520265,0.11028678715229034,0.9959999918937683,0.8034999966621399
YLR209C,YOR018W,0,-10.520693,0.11027457565069199,0.9959999918937683,0.803600013256073
YHR059W,YDR452W,0,-10.52148,0.11026237159967422,0.9959999918937683,0.8036999702453613
YBL074C,YDR322C-A,0,-10.521496,0.11025016754865646,0.9959999918937683,0.8037999868392944
YJL184W,YPL042C,0,-10.521693,0.1102379634976387,0.9959999918937683,0.8039000034332275
YGL135W,YKR098C,0,-10.522361,0.11022576689720154,0.9959999918937683,0.8040000200271606
YNR016C,YGR197C,0,-10.522829,0.11021356284618378,0.9959999918937683,0.804099977016449
YOR373W,YKL119C,0,-10.5230055,0.11020137369632721,0.9959999918937683,0.8041999936103821
YDL222C,YGR020C,0,-10.523906,0.11018917709589005,0.9959999918937683,0.8043000102043152
YDL005C,YML013W,0,-10.526476,0.11017698794603348,0.9959999918937683,0.8044000267982483
YJL156C,YOR162C,0,-10.526841,0.11016480624675751,0.9959999918937683,0.8044999837875366
YGL225W,YIR018W,0,-10.528485,0.11015262454748154,0.9959999918937683,0.8046000003814697
YEL018W,YKL079W,0,-10.528855,0.11014044284820557,0.9959999918937683,0.8047000169754028
YMR180C,YGL198W,0,-10.529463,0.1101282611489296,0.9959999918937683,0.8047999739646912
YOL137W,YGL259W,0,-10.529693,0.11011608690023422,0.9959999918937683,0.8048999905586243
YPR001W,YGR063C,0,-10.529903,0.11010391265153885,0.9959999918937683,0.8050000071525574
YOR109W,YDR308C,0,-10.530654,0.11009174585342407,0.9959999918937683,0.8051000237464905
YLR210W,YLR023C,0,-10.531298,0.1100795790553093,0.9959999918937683,0.8051999807357788
YBR070C,YLR098C,0,-10.5313015,0.11006741225719452,0.9959999918937683,0.8052999973297119
YKR085C,YKL119C,0,-10.531539,0.11005524545907974,0.9959999918937683,0.805400013923645
YNL298W,YGR179C,0,-10.531744,0.11004308611154556,0.9959999918937683,0.8054999709129333
YIR037W,YGL210W,0,-10.532289,0.11003093421459198,0.9959999918937683,0.8055999875068665
YDR298C,YDL076C,0,-10.532372,0.1100187748670578,0.9959999918937683,0.8057000041007996
YKR034W,YJR031C,0,-10.532376,0.11000663042068481,0.9959999918937683,0.8058000206947327
YIL072W,YOR140W,0,-10.534309,0.10999447852373123,0.9959999918937683,0.805899977684021
YML034W,YNL304W,0,-10.534774,0.10998233407735825,0.9959999918937683,0.8059999942779541
YLR055C,YLR360W,0,-10.535632,0.10997018963098526,0.9959999918937683,0.8061000108718872
YHR175W,YMR140W,0,-10.535781,0.10995804518461227,0.9959999918937683,0.8062000274658203
YDL088C,YBR018C,0,-10.535999,0.10994590818881989,0.9959999918937683,0.8062999844551086
YGR224W,YJR070C,0,-10.537065,0.1099337711930275,0.9959999918937683,0.8064000010490417
YOL082W,YPR188C,0,-10.53732,0.1099216416478157,0.9959999918937683,0.8065000176429749
YJR022W,YKL173W,0,-10.538649,0.10990951210260391,0.9959999918937683,0.8065999746322632
YAL058W,YDR244W,0,-10.538995,0.10989738255739212,0.9959999918937683,0.8066999912261963
YPL265W,YML092C,0,-10.539314,0.10988526046276093,0.9959999918937683,0.8068000078201294
YKL209C,YBR082C,0,-10.53947,0.10987313836812973,0.9959999918937683,0.8069000244140625
YLR160C,YKL182W,0,-10.539485,0.10986101627349854,0.9959999918937683,0.8069999814033508
YNR041C,YHR179W,0,-10.540111,0.10984890162944794,0.9959999918937683,0.8070999979972839
YIL088C,YIL096C,0,-10.540114,0.10983678698539734,0.9959999918937683,0.807200014591217
YNL051W,YDL042C,0,-10.541339,0.10982467979192734,0.9959999918937683,0.8072999715805054
YBR170C,YGL249W,0,-10.541509,0.10981257259845734,0.9959999918937683,0.8073999881744385
YLR373C,YMR114C,0,-10.541587,0.10980046540498734,0.9959999918937683,0.8075000047683716
YKL213C,YOL128C,0,-10.54209,0.10978835821151733,0.9959999918937683,0.8076000213623047
YHR129C,YCL033C,0,-10.543321,0.10977625846862793,0.9959999918937683,0.807699978351593
YIL094C,YKR065C,0,-10.543935,0.10976415872573853,0.9959999918937683,0.8077999949455261
YPL249C,YJR042W,0,-10.543937,0.10975206643342972,0.9959999918937683,0.8079000115394592
YBR272C,YCR028C-A,0,-10.544279,0.10973997414112091,0.9959999918937683,0.8080000281333923
YIL115C,YLR121C,0,-10.544607,0.1097278818488121,0.9959999918937683,0.8080999851226807
YOR176W,YPR046W,0,-10.544906,0.10971579700708389,0.9959999918937683,0.8082000017166138
YCR047C,YDR182W,0,-10.546365,0.10970371216535568,0.9959999918937683,0.8083000183105469
YER020W,YNL300W,0,-10.546434,0.10969162732362747,0.9959999918937683,0.8083999752998352
YMR149W,YLR024C,0,-10.546548,0.10967954993247986,0.9959999918937683,0.8084999918937683
YCL014W,YDL168W,0,-10.547399,0.10966747254133224,0.9959999918937683,0.8086000084877014
YOL051W,YKL130C,0,-10.547888,0.10965540260076523,0.9959999918937683,0.8087000250816345
YOR147W,YDL159W,0,-10.548162,0.10964332520961761,0.9959999918937683,0.8087999820709229
YPR005C,YBL106C,0,-10.5484,0.1096312627196312,0.9959999918937683,0.808899998664856
YCR089W,YLR059C,0,-10.548613,0.10961919277906418,0.9959999918937683,0.8090000152587891
YPL159C,YJL117W,0,-10.548837,0.10960713028907776,0.9959999918937683,0.8090999722480774
YFR019W,YLL051C,0,-10.549603,0.10959506779909134,0.9959999918937683,0.8091999888420105
YNL147W,YAR035W,0,-10.549641,0.10958301275968552,0.9959999918937683,0.8093000054359436
YFL029C,YMR036C,0,-10.549693,0.1095709577202797,0.9959999918937683,0.8094000220298767
YBR145W,YLR005W,0,-10.549972,0.10955890268087387,0.9959999918937683,0.809499979019165
YNR030W,YDR421W,0,-10.550063,0.10954685509204865,0.9959999918937683,0.8095999956130981
YPR155C,YGR004W,0,-10.550198,0.10953480750322342,0.9959999918937683,0.8097000122070312
YER122C,YOR202W,0,-10.55034,0.1095227599143982,0.9959999918937683,0.8098000288009644
YOL063C,YPL037C,0,-10.55079,0.10951071977615356,0.9959999918937683,0.8098999857902527
YBR291C,YGR052W,0,-10.550976,0.10949867963790894,0.9959999918937683,0.8100000023841858
YGR258C,YNL236W,0,-10.551143,0.1094866469502449,0.9959999918937683,0.8101000189781189
YNR007C,YKL176C,0,-10.551446,0.10947460681200027,0.9959999918937683,0.8101999759674072
YDR224C,YBR188C,0,-10.551581,0.10946258157491684,0.9959999918937683,0.8102999925613403
YPR171W,YPL174C,0,-10.552071,0.10945054888725281,0.9959999918937683,0.8104000091552734
YDL132W,YML014W,0,-10.553053,0.10943852365016937,0.9959999918937683,0.8105000257492065
YKL096W,YMR015C,0,-10.553687,0.10942649841308594,0.9959999918937683,0.8105999827384949
YDR003W,YDR545W,0,-10.55371,0.1094144806265831,0.9959999918937683,0.810699999332428
YBR152W,YGL259W,0,-10.553999,0.10940246284008026,0.9959999918937683,0.8108000159263611
YLR431C,YMR182C,0,-10.554474,0.10939044505357742,0.9959999918937683,0.8108999729156494
YJL196C,YPL020C,0,-10.554548,0.10937843471765518,0.9959999918937683,0.8109999895095825
YJR060W,YDL107W,0,-10.555202,0.10936642438173294,0.9959999918937683,0.8111000061035156
YDR380W,YML115C,0,-10.555857,0.1093544140458107,0.9959999918937683,0.8112000226974487
YDR454C,YKR053C,0,-10.556119,0.10934241116046906,0.9959999918937683,0.8112999796867371
YNR010W,YMR088C,0,-10.556385,0.10933040827512741,0.9959999918937683,0.8113999962806702
YCR003W,YJR117W,0,-10.55646,0.10931840538978577,0.9959999918937683,0.8115000128746033
YNL036W,YBR125C,0,-10.557233,0.10930640995502472,0.9959999918937683,0.8116000294685364
YDL132W,YIL022W,0,-10.55803,0.10929441452026367,0.9959999918937683,0.8116999864578247
YBL105C,YDR041W,0,-10.55828,0.10928241908550262,0.9959999918937683,0.8118000030517578
YAL031C,YBR049C,0,-10.558657,0.10927043110132217,0.9959999918937683,0.8119000196456909
YEL066W,YER031C,0,-10.55869,0.10925844311714172,0.9959999918937683,0.8119999766349792
YMR172W,YBR195C,0,-10.55876,0.10924646258354187,0.9959999918937683,0.8120999932289124
YOL034W,YMR271C,0,-10.558946,0.10923448204994202,0.9959999918937683,0.8122000098228455
YIL018W,YKL161C,0,-10.560527,0.10922250151634216,0.9959999918937683,0.8123000264167786
YBR160W,YIR025W,0,-10.561547,0.1092105284333229,0.9959999918937683,0.8123999834060669
YKR068C,YMR137C,0,-10.56218,0.10919855535030365,0.9959999918937683,0.8125
YFL055W,YFL034C-A,0,-10.562467,0.1091865822672844,0.9959999918937683,0.8126000165939331
YMR036C,YBL005W,0,-10.563715,0.10917461663484573,0.9959999918937683,0.8126999735832214
YML080W,YLR001C,0,-10.564318,0.10916265100240707,0.9959999918937683,0.8127999901771545
YLR242C,YGL192W,0,-10.565085,0.10915068536996841,0.9959999918937683,0.8129000067710876
YNL121C,YPL236C,0,-10.5651455,0.10913872718811035,0.9959999918937683,0.8130000233650208
YKR049C,YDR495C,0,-10.565647,0.10912676900625229,0.9959999918937683,0.8130999803543091
YMR306W,YGR105W,0,-10.565783,0.10911481082439423,0.9959999918937683,0.8131999969482422
YMR068W,YMR113W,0,-10.566604,0.10910286009311676,0.9959999918937683,0.8133000135421753
YGR084C,YKR100C,0,-10.566956,0.1090909093618393,0.9959999918937683,0.8133999705314636
YBR207W,YGL016W,0,-10.568345,0.10907895863056183,0.9959999918937683,0.8134999871253967
YDR019C,YML100W,0,-10.568609,0.10906701534986496,0.9959999918937683,0.8136000037193298
YIL026C,YPL042C,0,-10.570016,0.10905507206916809,0.9959999918937683,0.8137000203132629
YDL067C,YJL054W,0,-10.570574,0.10904313623905182,0.9959999918937683,0.8137999773025513
YMR288W,YFR024C-A,0,-10.570952,0.10903120040893555,0.9959999918937683,0.8138999938964844
YLR459W,YCL034W,0,-10.571698,0.10901926457881927,0.9959999918937683,0.8140000104904175
YER069W,YPL101W,0,-10.571703,0.1090073361992836,0.9959999918937683,0.8141000270843506
YJR125C,YNL128W,0,-10.5721245,0.10899540036916733,0.9959999918937683,0.8141999840736389
YLR102C,YER003C,0,-10.57245,0.10898347944021225,0.9959999918937683,0.814300000667572
YJL062W,YJL089W,0,-10.573015,0.10897155106067657,0.9959999918937683,0.8144000172615051
YOR014W,YJR099W,0,-10.573186,0.1089596301317215,0.9959999918937683,0.8144999742507935
YGL183C,YKL186C,0,-10.57338,0.10894771665334702,0.9959999918937683,0.8145999908447266
YNL077W,YCR106W,0,-10.573421,0.10893579572439194,0.9959999918937683,0.8147000074386597
YPR049C,YJL168C,0,-10.575365,0.10892388224601746,0.9959999918937683,0.8148000240325928
YNL116W,YGL111W,0,-10.575461,0.10891197621822357,0.9959999918937683,0.8148999810218811
YJL127C,YGR024C,0,-10.575943,0.10890006273984909,0.9959999918937683,0.8149999976158142
YER112W,YDR007W,0,-10.576015,0.1088881567120552,0.9959999918937683,0.8151000142097473
YHR102W,YGR141W,0,-10.576932,0.10887625813484192,0.9959999918937683,0.8151999711990356
YPL060W,YOL143C,0,-10.578904,0.10886435955762863,0.9959999918937683,0.8152999877929688
YJR001W,YHR104W,0,-10.57916,0.10885246098041534,0.9959999918937683,0.8154000043869019
YPL059W,YOR044W,0,-10.579443,0.10884056240320206,0.9959999918937683,0.815500020980835
YJR094W-A,YMR291W,0,-10.58282,0.10882867127656937,0.9959999918937683,0.8155999779701233
YDL100C,YIL173W,0,-10.58324,0.10881678014993668,0.9959999918937683,0.8156999945640564
YKL006W,YGL010W,0,-10.583463,0.10880489647388458,0.9959999918937683,0.8158000111579895
YFL055W,YOR123C,0,-10.584122,0.10879301279783249,0.9959999918937683,0.8159000277519226
YML129C,YCR069W,0,-10.584207,0.1087811291217804,0.9959999918937683,0.8159999847412109
YPL233W,YGR063C,0,-10.584486,0.1087692454457283,0.9959999918937683,0.816100001335144
YDR284C,YHR154W,0,-10.58468,0.1087573692202568,0.9959999918937683,0.8162000179290771
YJL137C,YKL167C,0,-10.585584,0.10874549299478531,0.9959999918937683,0.8162999749183655
YOL130W,YEL027W,0,-10.587846,0.10873362421989441,0.9959999918937683,0.8163999915122986
YMR229C,YPL236C,0,-10.590102,0.10872175544500351,0.9959999918937683,0.8165000081062317
YGL129C,YNL032W,0,-10.590185,0.10870988667011261,0.9959999918937683,0.8166000247001648
YBR193C,YGR075C,0,-10.590416,0.10869802534580231,0.9959999918937683,0.8166999816894531
YPL053C,YGL095C,0,-10.590626,0.108686164021492,0.9959999918937683,0.8167999982833862
YOR299W,YDL064W,0,-10.590706,0.1086743026971817,0.9959999918937683,0.8169000148773193
YDR420W,YBL102W,0,-10.592348,0.108662448823452,0.9959999918937683,0.8169999718666077
YDL066W,YLR007W,0,-10.592587,0.10865059494972229,0.9959999918937683,0.8170999884605408
YDR410C,YER144C,0,-10.592847,0.10863874107599258,0.9959999918937683,0.8172000050544739
YPL100W,YKR053C,0,-10.593553,0.10862689465284348,0.9959999918937683,0.817300021648407
YNL117W,YKL194C,0,-10.594671,0.10861504822969437,0.9959999918937683,0.8173999786376953
YLR377C,YPL127C,0,-10.596727,0.10860320925712585,0.9959999918937683,0.8174999952316284
YLR258W,YOL031C,0,-10.596782,0.10859136283397675,0.9959999918937683,0.8176000118255615
YCR010C,YKL063C,0,-10.597011,0.10857952386140823,0.9959999918937683,0.8177000284194946
YNL044W,YMR273C,0,-10.598357,0.10856769233942032,0.9959999918937683,0.817799985408783
YLR035C,YML001W,0,-10.598693,0.1085558608174324,0.9959999918937683,0.8179000020027161
YDR323C,YBR126C,0,-10.599032,0.10854402929544449,0.9959999918937683,0.8180000185966492
YIL140W,YLR433C,0,-10.599599,0.10853219777345657,0.9959999918937683,0.8180999755859375
YDR301W,YKL035W,0,-10.599803,0.10852037370204926,0.9959999918937683,0.8181999921798706
YJR118C,YDR473C,0,-10.599941,0.10850854963064194,0.9959999918937683,0.8183000087738037
YBR179C,YLR044C,0,-10.601209,0.10849673300981522,0.9959999918937683,0.8184000253677368
YCL029C,YPL173W,0,-10.601269,0.1084849163889885,0.9959999918937683,0.8184999823570251
YDL132W,YLR442C,0,-10.6013,0.10847309976816177,0.9959999918937683,0.8185999989509583
YPL140C,YPR182W,0,-10.60145,0.10846129059791565,0.9959999918937683,0.8187000155448914
YGR161C,YPL120W,0,-10.601922,0.10844947397708893,0.9959999918937683,0.8187999725341797
YOR347C,YGR212W,0,-10.60212,0.1084376722574234,0.9959999918937683,0.8188999891281128
YGR263C,YBL061C,0,-10.602181,0.10842586308717728,0.9959999918937683,0.8190000057220459
YLR423C,YGL023C,0,-10.602211,0.10841406136751175,0.9959999918937683,0.819100022315979
YMR207C,YIL085C,0,-10.603766,0.10840226709842682,0.9959999918937683,0.8191999793052673
YML056C,YGR209C,0,-10.604146,0.10839046537876129,0.9959999918937683,0.8192999958992004
YMR041C,YJL110C,0,-10.604534,0.10837867110967636,0.9959999918937683,0.8194000124931335
YNL063W,YBL055C,0,-10.605742,0.10836688429117203,0.9959999918937683,0.8195000290870667
YER125W,YOL034W,0,-10.605822,0.1083550900220871,0.9959999918937683,0.819599986076355
YLR220W,YLR017W,0,-10.60608,0.10834330320358276,0.9959999918937683,0.8197000026702881
YBL057C,YLR425W,0,-10.606114,0.10833152383565903,0.9959999918937683,0.8198000192642212
YPR070W,YNR047W,0,-10.606299,0.1083197370171547,0.9959999918937683,0.8198999762535095
YLR362W,YDL224C,0,-10.607364,0.10830795764923096,0.9959999918937683,0.8199999928474426
YOL041C,YOR027W,0,-10.6099615,0.10829618573188782,0.9959999918937683,0.8201000094413757
YHR117W,YBR216C,0,-10.611445,0.10828440636396408,0.9959999918937683,0.8202000260353088
YJL058C,YLR181C,0,-10.614643,0.10827264189720154,0.9959999918937683,0.8202999830245972
YLR318W,YMR022W,0,-10.614858,0.1082608699798584,0.9959999918937683,0.8203999996185303
YBR291C,YJR019C,0,-10.615792,0.10824910551309586,0.9959999918937683,0.8205000162124634
YPL224C,YPL036W,0,-10.617075,0.10823734104633331,0.9959999918937683,0.8205999732017517
YPR034W,YOR304W,0,-10.618781,0.10822557657957077,0.9959999918937683,0.8206999897956848
YML057W,YDL043C,0,-10.619134,0.10821381956338882,0.9959999918937683,0.8208000063896179
YGL058W,YML027W,0,-10.619374,0.10820206254720688,0.9959999918937683,0.820900022983551
YBR195C,YFR003C,0,-10.619403,0.10819031298160553,0.9959999918937683,0.8209999799728394
YMR228W,YJL210W,0,-10.619478,0.10817856341600418,0.9959999918937683,0.8210999965667725
YBL037W,YDR513W,0,-10.619858,0.10816681385040283,0.9959999918937683,0.8212000131607056
YJL157C,YJL030W,0,-10.620433,0.10815506428480148,0.9959999918937683,0.8213000297546387
YOR267C,YOL005C,0,-10.620658,0.10814332216978073,0.9959999918937683,0.821399986743927
YEL001C,YNL272C,0,-10.620796,0.10813158005475998,0.9959999918937683,0.8215000033378601
YCR005C,YBL011W,0,-10.621051,0.10811984539031982,0.9959999918937683,0.8216000199317932
YDR496C,YHR037W,0,-10.6213045,0.10810811072587967,0.9959999918937683,0.8216999769210815
YGL205W,YER031C,0,-10.621614,0.10809637606143951,0.9959999918937683,0.8217999935150146
YPL259C,YFR024C-A,0,-10.623804,0.10808464139699936,0.9959999918937683,0.8219000101089478
YBR010W,YBR289W,0,-10.624604,0.1080729141831398,0.9959999918937683,0.8220000267028809
YHL004W,YMR175W,0,-10.625292,0.10806119441986084,0.9959999918937683,0.8220999836921692
YMR127C,YDL159W,0,-10.625679,0.10804946720600128,0.9959999918937683,0.8222000002861023
YJL090C,YKR101W,0,-10.625996,0.10803774744272232,0.9959999918937683,0.8223000168800354
YMR231W,YKL095W,0,-10.626163,0.10802602767944336,0.9959999918937683,0.8223999738693237
YNR058W,YLR182W,0,-10.62717,0.108014315366745,0.9959999918937683,0.8224999904632568
YIL119C,YPR088C,0,-10.627346,0.10800260305404663,0.9959999918937683,0.8226000070571899
YBL099W,YDL060W,0,-10.629781,0.10799089074134827,0.9959999918937683,0.822700023651123
YPL193W,YML025C,1,-10.629852,0.10808759927749634,0.996999979019165,0.822700023651123
YNL261W,YMR022W,0,-10.630214,0.10807587951421738,0.996999979019165,0.8227999806404114
YJR150C,YPL244C,0,-10.630728,0.10806416720151901,0.996999979019165,0.8228999972343445
YOR181W,YDL116W,0,-10.630905,0.10805245488882065,0.996999979019165,0.8230000138282776
YCR005C,YGL169W,0,-10.631543,0.10804074257612228,0.996999979019165,0.8230999708175659
YPL028W,YGR006W,0,-10.631654,0.10802903771400452,0.996999979019165,0.823199987411499
YEL018W,YLR039C,0,-10.632335,0.10801733285188675,0.996999979019165,0.8233000040054321
YPL269W,YJR043C,0,-10.63241,0.10800563544034958,0.996999979019165,0.8234000205993652
YKL206C,YDR313C,0,-10.6333685,0.10799393057823181,0.996999979019165,0.8234999775886536
YBR023C,YCR008W,0,-10.633408,0.10798224061727524,0.996999979019165,0.8235999941825867
YOL139C,YOR193W,0,-10.634592,0.10797054320573807,0.996999979019165,0.8237000107765198
YOR057W,YLR086W,0,-10.635776,0.1079588532447815,0.996999979019165,0.8238000273704529
YNR010W,YGR292W,0,-10.637664,0.10794716328382492,0.996999979019165,0.8238999843597412
YGR171C,YJL059W,0,-10.637818,0.10793547332286835,0.996999979019165,0.8240000009536743
YJL157C,YKR049C,0,-10.638782,0.10792379081249237,0.996999979019165,0.8241000175476074
YDR013W,YMR197C,0,-10.639927,0.1079121083021164,0.996999979019165,0.8241999745368958
YDR500C,YDR196C,0,-10.641956,0.10790043324232101,0.996999979019165,0.8242999911308289
YOR141C,YFR004W,0,-10.641986,0.10788875818252563,0.996999979019165,0.824400007724762
YDR375C,YDL215C,0,-10.643737,0.10787708312273026,0.996999979019165,0.8245000243186951
YGL166W,YPR175W,0,-10.643996,0.10786540806293488,0.996999979019165,0.8245999813079834
YGL068W,YNL007C,0,-10.644328,0.10785374045372009,0.996999979019165,0.8246999979019165
YAR033W,YER009W,0,-10.644513,0.10784208029508591,0.996999979019165,0.8248000144958496
YHR174W,YDR484W,0,-10.644824,0.10783041268587112,0.996999979019165,0.8248999714851379
YLR401C,YBR035C,0,-10.645117,0.10781875252723694,0.996999979019165,0.824999988079071
YDR284C,YHL001W,0,-10.645255,0.10780709236860275,0.996999979019165,0.8251000046730042
YMR136W,YOR129C,0,-10.645438,0.10779543966054916,0.996999979019165,0.8252000212669373
YGR224W,YGL048C,0,-10.646206,0.10778378695249557,0.996999979019165,0.8252999782562256
YAL048C,YBR114W,0,-10.646228,0.10777213424444199,0.996999979019165,0.8253999948501587
YOR061W,YPL022W,0,-10.646254,0.1077604815363884,0.996999979019165,0.8255000114440918
YML027W,YJL139C,0,-10.649718,0.1077488362789154,0.996999979019165,0.8256000280380249
YLR418C,YOR005C,0,-10.64992,0.10773719102144241,0.996999979019165,0.8256999850273132
YLR377C,YDR495C,0,-10.650507,0.10772555321455002,0.996999979019165,0.8258000016212463
YOR150W,YHR088W,1,-10.652397,0.10782195627689362,0.9980000257492065,0.8258000016212463
YOR038C,YDR140W,0,-10.652407,0.10781030356884003,0.9980000257492065,0.8259000182151794
YIR033W,YMR060C,0,-10.6528225,0.10779865831136703,0.9980000257492065,0.8259999752044678
YOR150W,YGR245C,1,-10.65362,0.10789502412080765,0.9990000128746033,0.8259999752044678
YDR377W,YBR171W,0,-10.653873,0.10788337141275406,0.9990000128746033,0.8260999917984009
YBR168W,YDR351W,0,-10.6540985,0.10787171870470047,0.9990000128746033,0.826200008392334
YDR325W,YKR053C,0,-10.654194,0.10786007344722748,0.9990000128746033,0.8263000249862671
YPR192W,YCL029C,0,-10.655721,0.10784842818975449,0.9990000128746033,0.8263999819755554
YOR120W,YOR179C,0,-10.657207,0.10783679038286209,0.9990000128746033,0.8264999985694885
YBR145W,YFR001W,0,-10.658118,0.1078251451253891,0.9990000128746033,0.8266000151634216
YDR151C,YLR090W,0,-10.659131,0.1078135147690773,0.9990000128746033,0.82669997215271
YER017C,YNL090W,0,-10.659873,0.1078018769621849,0.9990000128746033,0.8267999887466431
YMR225C,YDR484W,0,-10.660288,0.10779024660587311,0.9990000128746033,0.8269000053405762
YPL244C,YLR425W,0,-10.660296,0.10777861624956131,0.9990000128746033,0.8270000219345093
YHR107C,YDR218C,0,-10.661137,0.10776699334383011,0.9990000128746033,0.8270999789237976
YJL101C,YML023C,0,-10.661415,0.10775536298751831,0.9990000128746033,0.8271999955177307
YOR346W,YBR139W,0,-10.661461,0.1077437475323677,0.9990000128746033,0.8273000121116638
YPL270W,YGR198W,0,-10.662143,0.1077321246266365,0.9990000128746033,0.8274000287055969
YGR177C,YIL042C,0,-10.662787,0.1077205091714859,0.9990000128746033,0.8274999856948853
YER141W,YDR519W,0,-10.664142,0.1077088937163353,0.9990000128746033,0.8276000022888184
YDR079W,YMR190C,0,-10.665585,0.10769728571176529,0.9990000128746033,0.8277000188827515
YIL044C,YPL127C,0,-10.666984,0.10768567770719528,0.9990000128746033,0.8277999758720398
YKR102W,YDR129C,0,-10.667142,0.10767406970262527,0.9990000128746033,0.8278999924659729
YMR127C,YNL287W,0,-10.669194,0.10766246169805527,0.9990000128746033,0.828000009059906
YBR102C,YLR004C,0,-10.669315,0.10765086114406586,0.9990000128746033,0.8281000256538391
YNL257C,YML100W,0,-10.66999,0.10763926059007645,0.9990000128746033,0.8281999826431274
YLR284C,YBR060C,0,-10.67004,0.10762766748666763,0.9990000128746033,0.8282999992370605
YOR058C,YOR304W,0,-10.671012,0.10761607438325882,0.9990000128746033,0.8284000158309937
YLR242C,YKL113C,0,-10.671252,0.10760448127985,0.9990000128746033,0.828499972820282
YOR173W,YMR113W,0,-10.671496,0.10759288817644119,0.9990000128746033,0.8285999894142151
YBR135W,YBR201W,0,-10.672357,0.10758130252361298,0.9990000128746033,0.8287000060081482
YBR114W,YNL090W,0,-10.672479,0.10756972432136536,0.9990000128746033,0.8288000226020813
YAR015W,YPR057W,0,-10.672556,0.10755813866853714,0.9990000128746033,0.8288999795913696
YLR008C,YNL241C,0,-10.67511,0.10754656046628952,0.9990000128746033,0.8289999961853027
YKR030W,YIL122W,0,-10.675235,0.1075349822640419,0.9990000128746033,0.8291000127792358
YPL046C,YPL092W,0,-10.677887,0.10752341151237488,0.9990000128746033,0.829200029373169
YLR117C,YLR288C,0,-10.678234,0.10751184076070786,0.9990000128746033,0.8292999863624573
YGL203C,YIL135C,0,-10.678447,0.10750027000904083,0.9990000128746033,0.8294000029563904
YOR038C,YML072C,0,-10.679476,0.10748869925737381,0.9990000128746033,0.8295000195503235
YOR185C,YLR016C,0,-10.679659,0.10747713595628738,0.9990000128746033,0.8295999765396118
YIL090W,YJL052W,0,-10.681319,0.10746558010578156,0.9990000128746033,0.8296999931335449
YKL053C-A,YMR040W,0,-10.682118,0.10745401680469513,0.9990000128746033,0.829800009727478
YER166W,YLR447C,0,-10.682212,0.1074424609541893,0.9990000128746033,0.8299000263214111
YPR046W,YIL037C,0,-10.682516,0.10743090510368347,0.9990000128746033,0.8299999833106995
YPL001W,YER161C,0,-10.683483,0.10741935670375824,0.9990000128746033,0.8300999999046326
YEL026W,YKL095W,0,-10.683646,0.10740780830383301,0.9990000128746033,0.8302000164985657
YPR200C,YKL086W,0,-10.684066,0.10739625990390778,0.9990000128746033,0.830299973487854
YBR274W,YDL240W,0,-10.684165,0.10738471150398254,0.9990000128746033,0.8303999900817871
YOR233W,YOR351C,0,-10.68454,0.10737317055463791,0.9990000128746033,0.8305000066757202
YBR294W,YNL107W,0,-10.684606,0.10736163705587387,0.9990000128746033,0.8306000232696533
YML047C,YNL236W,0,-10.686032,0.10735009610652924,0.9990000128746033,0.8306999802589417
YER155C,YBR037C,0,-10.686173,0.1073385626077652,0.9990000128746033,0.8307999968528748
YMR138W,YNL202W,0,-10.686222,0.10732702910900116,0.9990000128746033,0.8309000134468079
YMR303C,YJL030W,0,-10.687257,0.10731550306081772,0.9990000128746033,0.8309999704360962
YOR328W,YGR215W,0,-10.68759,0.10730397701263428,0.9990000128746033,0.8310999870300293
YHR092C,YGL244W,0,-10.688865,0.10729245096445084,0.9990000128746033,0.8312000036239624
YML048W,YLR095C,0,-10.689833,0.1072809249162674,0.9990000128746033,0.8313000202178955
YML049C,YDL010W,0,-10.690866,0.10726940631866455,0.9990000128746033,0.8313999772071838
YOR079C,YNL063W,0,-10.691448,0.1072578877210617,0.9990000128746033,0.8314999938011169
YDL171C,YJR102C,0,-10.692457,0.10724637657403946,0.9990000128746033,0.83160001039505
YMR267W,YGR156W,0,-10.6929035,0.10723486542701721,0.9990000128746033,0.8317000269889832
YGR167W,YOR109W,0,-10.693274,0.10722335427999496,0.9990000128746033,0.8317999839782715
YDR358W,YDL224C,0,-10.693334,0.10721185058355331,0.9990000128746033,0.8319000005722046
YHR057C,YKL078W,0,-10.69348,0.10720034688711166,0.9990000128746033,0.8320000171661377
YPL001W,YHR119W,0,-10.694873,0.10718884319067001,0.9990000128746033,0.832099974155426
YKR055W,YGR270W,0,-10.695644,0.10717733949422836,0.9990000128746033,0.8321999907493591
YKL007W,YPR008W,0,-10.695889,0.10716584324836731,0.9990000128746033,0.8323000073432922
YPR051W,YPR155C,0,-10.69689,0.10715434700250626,0.9990000128746033,0.8324000239372253
YML034W,YLR369W,0,-10.696999,0.1071428582072258,0.9990000128746033,0.8324999809265137
YER050C,YPL139C,0,-10.697341,0.10713136941194534,0.9990000128746033,0.8325999975204468
YKL149C,YMR158W,0,-10.697673,0.10711988061666489,0.9990000128746033,0.8327000141143799
YOL052C-A,YGL093W,0,-10.699556,0.10710839182138443,0.9990000128746033,0.8327999711036682
YCR010C,YPL169C,0,-10.700086,0.10709691047668457,0.9990000128746033,0.8328999876976013
YDR234W,YOL009C,0,-10.700618,0.10708542913198471,0.9990000128746033,0.8330000042915344
YKL160W,YGR010W,0,-10.701184,0.10707395523786545,0.9990000128746033,0.8331000208854675
YGR189C,YKL180W,0,-10.701669,0.10706248134374619,0.9990000128746033,0.8331999778747559
YLR370C,YKR085C,0,-10.70182,0.10705100744962692,0.9990000128746033,0.833299994468689
YJR059W,YBL060W,0,-10.702673,0.10703953355550766,0.9990000128746033,0.8334000110626221
YDR046C,YOL110W,0,-10.704482,0.107028067111969,0.9990000128746033,0.8335000276565552
YPR067W,YDR313C,0,-10.705594,0.10701660066843033,0.9990000128746033,0.8335999846458435
YDL171C,YLL023C,0,-10.7069,0.10700514167547226,0.9990000128746033,0.8337000012397766
YCR036W,YLR059C,0,-10.70692,0.10699368268251419,0.9990000128746033,0.8338000178337097
YJL095W,YPL133C,0,-10.707894,0.10698222368955612,0.9990000128746033,0.833899974822998
YFR024C-A,YLR007W,0,-10.708238,0.10697076469659805,0.9990000128746033,0.8339999914169312
YDR490C,YKL196C,0,-10.708835,0.10695931315422058,0.9990000128746033,0.8341000080108643
YOR143C,YMR302C,0,-10.709533,0.10694786161184311,0.9990000128746033,0.8342000246047974
YLR220W,YOL139C,0,-10.709772,0.10693641752004623,0.9990000128746033,0.8342999815940857
YNL132W,YNR064C,0,-10.709796,0.10692497342824936,0.9990000128746033,0.8343999981880188
YML051W,YOR353C,0,-10.709964,0.10691352933645248,0.9990000128746033,0.8345000147819519
YNL210W,YKL130C,0,-10.709978,0.10690208524465561,0.9990000128746033,0.8345999717712402
YOL136C,YCL033C,0,-10.7101965,0.10689064860343933,0.9990000128746033,0.8346999883651733
YKL073W,YGR121C,0,-10.710204,0.10687921196222305,0.9990000128746033,0.8348000049591064
YML104C,YPR047W,0,-10.710899,0.10686778277158737,0.9990000128746033,0.8349000215530396
YER125W,YLL014W,0,-10.711906,0.1068563461303711,0.9990000128746033,0.8349999785423279
YOR181W,YDR468C,0,-10.711994,0.10684491693973541,0.9990000128746033,0.835099995136261
YBR042C,YDR129C,0,-10.712039,0.10683349519968033,0.9990000128746033,0.8352000117301941
YFL013C,YPR166C,0,-10.714907,0.10682207345962524,0.9990000128746033,0.8353000283241272
YPR186C,YDR394W,0,-10.715039,0.10681065171957016,0.9990000128746033,0.8353999853134155
YNL026W,YGL259W,0,-10.715707,0.10679922997951508,0.9990000128746033,0.8355000019073486
YIR002C,YBR258C,0,-10.715991,0.10678781569004059,0.9990000128746033,0.8356000185012817
YOR386W,YKR031C,0,-10.716069,0.1067764014005661,0.9990000128746033,0.8356999754905701
YER086W,YBR170C,0,-10.718075,0.10676498711109161,0.9990000128746033,0.8357999920845032
YNR035C,YKR095W,0,-10.718934,0.10675358027219772,0.9990000128746033,0.8359000086784363
YAL038W,YMR036C,0,-10.719109,0.10674217343330383,0.9990000128746033,0.8360000252723694
YOL008W,YLL061W,0,-10.719191,0.10673076659440994,0.9990000128746033,0.8360999822616577
YDR423C,YJR045C,0,-10.719464,0.10671936720609665,0.9990000128746033,0.8361999988555908
YKR030W,YLR190W,0,-10.7200985,0.10670796781778336,0.9990000128746033,0.8363000154495239
YHR094C,YMR104C,0,-10.720978,0.10669656842947006,0.9990000128746033,0.8363999724388123
YNL192W,YOR383C,0,-10.72136,0.10668517649173737,0.9990000128746033,0.8364999890327454
YBR035C,YLR026C,0,-10.721893,0.10667378455400467,0.9990000128746033,0.8366000056266785
YLR433C,YFR030W,0,-10.725615,0.10666239261627197,0.9990000128746033,0.8367000222206116
YER144C,YER113C,0,-10.725846,0.10665100812911987,0.9990000128746033,0.8367999792098999
YOL063C,YMR129W,0,-10.726727,0.10663962364196777,0.9990000128746033,0.836899995803833
YAL020C,YER098W,0,-10.727046,0.10662823915481567,0.9990000128746033,0.8370000123977661
YDL220C,YNL273W,0,-10.727424,0.10661686211824417,0.9990000128746033,0.8371000289916992
YGR179C,YGR209C,0,-10.727874,0.10660548508167267,0.9990000128746033,0.8371999859809875
YPR025C,YDR201W,0,-10.729384,0.10659410804510117,0.9990000128746033,0.8373000025749207
YAL038W,YMR105C,0,-10.729671,0.10658273845911026,0.9990000128746033,0.8374000191688538
YIR019C,YER161C,0,-10.73053,0.10657136887311935,0.9990000128746033,0.8374999761581421
YLR150W,YAL001C,0,-10.730724,0.10655999928712845,0.9990000128746033,0.8375999927520752
YOR119C,YMR200W,0,-10.733693,0.10654863715171814,0.9990000128746033,0.8377000093460083
YBR234C,YIL097W,0,-10.733911,0.10653727501630783,0.9990000128746033,0.8378000259399414
YCR052W,YFR010W,0,-10.734042,0.10652591288089752,0.9990000128746033,0.8378999829292297
YGR246C,YJR033C,0,-10.734557,0.10651455074548721,0.9990000128746033,0.8379999995231628
YPL221W,YDR240C,0,-10.735049,0.1065031960606575,0.9990000128746033,0.838100016117096
YMR049C,YOR221C,0,-10.7351465,0.10649184882640839,0.9990000128746033,0.8381999731063843
YAL022C,YPR154W,0,-10.735815,0.10648049414157867,0.9990000128746033,0.8382999897003174
YGR208W,YDL128W,0,-10.73597,0.10646914690732956,0.9990000128746033,0.8384000062942505
YLR210W,YDR069C,0,-10.736964,0.10645779967308044,0.9990000128746033,0.8385000228881836
YJL076W,YLR064W,0,-10.737086,0.10644645988941193,0.9990000128746033,0.8385999798774719
YBR045C,YAL009W,0,-10.737519,0.10643511265516281,0.9990000128746033,0.838699996471405
YDR518W,YAL044C,0,-10.738998,0.10642378032207489,0.9990000128746033,0.8388000130653381
YPL213W,YMR214W,0,-10.739545,0.10641244053840637,0.9990000128746033,0.8389000296592712
YDR054C,YOL019W,0,-10.740838,0.10640110820531845,0.9990000128746033,0.8389999866485596
YEL018W,YDR009W,0,-10.742688,0.10638977587223053,0.9990000128746033,0.8391000032424927
YMR044W,YKL012W,0,-10.743693,0.1063784509897232,0.9990000128746033,0.8392000198364258
YML078W,YOR306C,0,-10.743867,0.10636711865663528,0.9990000128746033,0.8392999768257141
YMR198W,YOR285W,0,-10.744667,0.10635579377412796,0.9990000128746033,0.8393999934196472
YNL298W,YFR004W,0,-10.745408,0.10634447634220123,0.9990000128746033,0.8395000100135803
YLR300W,YOR019W,0,-10.745681,0.1063331589102745,0.9990000128746033,0.8396000266075134
YGL139W,YJR073C,0,-10.74671,0.10632184147834778,0.9990000128746033,0.8396999835968018
YJR065C,YDL092W,0,-10.747025,0.10631052404642105,0.9990000128746033,0.8398000001907349
YPR019W,YKL001C,0,-10.747955,0.10629921406507492,0.9990000128746033,0.839900016784668
YBR177C,YOR254C,0,-10.748143,0.10628790408372879,0.9990000128746033,0.8399999737739563
YOL103W,YCR039C,0,-10.750209,0.10627659410238266,0.9990000128746033,0.8400999903678894
YIR037W,YLR005W,0,-10.751555,0.10626529157161713,0.9990000128746033,0.8402000069618225
YLR078C,YJL045W,0,-10.751763,0.10625398904085159,0.9990000128746033,0.8403000235557556
YDR318W,YDR313C,0,-10.752793,0.10624268651008606,0.9990000128746033,0.840399980545044
YER040W,YBR002C,0,-10.753013,0.10623139142990112,0.9990000128746033,0.840499997138977
YLR116W,YDR200C,0,-10.755012,0.10622009634971619,0.9990000128746033,0.8406000137329102
YDR393W,YHR161C,0,-10.755425,0.10620880126953125,0.9990000128746033,0.8406999707221985
YGL180W,YJL052W,0,-10.755881,0.10619751363992691,0.9990000128746033,0.8407999873161316
YPL018W,YLR007W,0,-10.756064,0.10618622601032257,0.9990000128746033,0.8409000039100647
YEL039C,YOR312C,0,-10.756547,0.10617493838071823,0.9990000128746033,0.8410000205039978
YDR264C,YML064C,0,-10.756834,0.10616365820169449,0.9990000128746033,0.8410999774932861
YDL161W,YAL033W,0,-10.759115,0.10615237802267075,0.9990000128746033,0.8411999940872192
YKL134C,YHR181W,0,-10.760253,0.106141097843647,0.9990000128746033,0.8413000106811523
YMR314W,YLR165C,0,-10.760319,0.10612981766462326,0.9990000128746033,0.8414000272750854
YPR111W,YDR314C,0,-10.760396,0.10611854493618011,0.9990000128746033,0.8414999842643738
YLR293C,YDR082W,0,-10.760401,0.10610727220773697,0.9990000128746033,0.8416000008583069
YJR016C,YDR392W,0,-10.760989,0.10609600692987442,0.9990000128746033,0.84170001745224
YGL111W,YBR082C,0,-10.761398,0.10608474165201187,0.9990000128746033,0.8417999744415283
YHR023W,YGL127C,0,-10.761564,0.10607347637414932,0.9990000128746033,0.8418999910354614
YLR238W,YFR029W,0,-10.761886,0.10606221109628677,0.9990000128746033,0.8420000076293945
YJL159W,YPL220W,0,-10.761937,0.10605095326900482,0.9990000128746033,0.8421000242233276
YGR161C,YPL065W,0,-10.762191,0.10603969544172287,0.9990000128746033,0.842199981212616
YKR097W,YIL076W,0,-10.762301,0.10602844506502151,0.9990000128746033,0.8422999978065491
YNL153C,YPR134W,0,-10.762902,0.10601719468832016,0.9990000128746033,0.8424000144004822
YDR284C,YHR077C,0,-10.763043,0.1060059443116188,0.9990000128746033,0.8424999713897705
YOL123W,YER089C,0,-10.76329,0.10599469393491745,0.9990000128746033,0.8425999879837036
YOL058W,YAL023C,0,-10.763395,0.10598345100879669,0.9990000128746033,0.8427000045776367
YLR023C,YPR178W,0,-10.764089,0.10597220808267593,0.9990000128746033,0.8428000211715698
YKL015W,YJL029C,0,-10.764485,0.10596096515655518,0.9990000128746033,0.8428999781608582
YJL122W,YKL188C,0,-10.765393,0.10594972968101501,0.9990000128746033,0.8429999947547913
YNL027W,YIL022W,0,-10.766654,0.10593849420547485,0.9990000128746033,0.8431000113487244
YPR047W,YKR090W,0,-10.767409,0.10592725872993469,0.9990000128746033,0.8432000279426575
YBR164C,YMR311C,0,-10.767699,0.10591603070497513,0.9990000128746033,0.8432999849319458
YHR053C,YKL165C,0,-10.768442,0.10590480268001556,0.9990000128746033,0.8434000015258789
YER162C,YML115C,0,-10.769721,0.105893574655056,0.9990000128746033,0.843500018119812
YBR026C,YNL240C,0,-10.7698345,0.10588235408067703,0.9990000128746033,0.8435999751091003
YBR072W,YBR115C,0,-10.770456,0.10587113350629807,0.9990000128746033,0.8436999917030334
YML101C,YML004C,0,-10.770677,0.1058599129319191,0.9990000128746033,0.8438000082969666
YMR094W,YPL032C,0,-10.771131,0.10584869980812073,0.9990000128746033,0.8439000248908997
YML126C,YBR035C,0,-10.771405,0.10583747923374176,0.9990000128746033,0.843999981880188
YOL062C,YDR314C,0,-10.771646,0.10582627356052399,0.9990000128746033,0.8440999984741211
YOR374W,YJR138W,0,-10.772114,0.10581506043672562,0.9990000128746033,0.8442000150680542
YNL252C,YGR056W,0,-10.772754,0.10580385476350784,0.9990000128746033,0.8442999720573425
YBL074C,YML078W,0,-10.776399,0.10579264909029007,0.9990000128746033,0.8443999886512756
YDR205W,YBR279W,0,-10.777236,0.1057814508676529,0.9990000128746033,0.8445000052452087
YDL078C,YLR007W,0,-10.777552,0.10577024519443512,0.9990000128746033,0.8446000218391418
YDR518W,YIL101C,0,-10.777722,0.10575905442237854,0.9990000128746033,0.8446999788284302
YER119C,YKL081W,0,-10.778234,0.10574785619974136,0.9990000128746033,0.8447999954223633
YML049C,YML034W,0,-10.778272,0.10573666542768478,0.9990000128746033,0.8449000120162964
YOL071W,YDR113C,0,-10.778504,0.1057254746556282,0.9990000128746033,0.8450000286102295
YDR182W,YBR202W,0,-10.7789955,0.10571428388357162,0.9990000128746033,0.8450999855995178
YDR122W,YER021W,0,-10.779634,0.10570310056209564,0.9990000128746033,0.8452000021934509
YDR313C,YDL140C,0,-10.781471,0.10569191724061966,0.9990000128746033,0.845300018787384
YOR032C,YGL113W,0,-10.782202,0.10568073391914368,0.9990000128746033,0.8453999757766724
YLR451W,YDL107W,0,-10.783441,0.10566955804824829,0.9990000128746033,0.8454999923706055
YDL087C,YFR049W,0,-10.784482,0.1056583821773529,0.9990000128746033,0.8456000089645386
YCL034W,YBR254C,0,-10.785586,0.10564720630645752,0.9990000128746033,0.8457000255584717
YGL014W,YPL206C,0,-10.786665,0.10563603788614273,0.9990000128746033,0.84579998254776
YCR003W,YJL053W,0,-10.787095,0.10562486946582794,0.9990000128746033,0.8458999991416931
YNL039W,YJL097W,0,-10.7875805,0.10561370104551315,0.9990000128746033,0.8460000157356262
YGR029W,YHR105W,0,-10.787894,0.10560254007577896,0.9990000128746033,0.8460999727249146
YNL245C,YPL214C,0,-10.788215,0.10559137165546417,0.9990000128746033,0.8461999893188477
YOL132W,YPL207W,0,-10.788293,0.10558021813631058,0.9990000128746033,0.8463000059127808
YDR277C,YMR314W,0,-10.788824,0.10556905716657639,0.9990000128746033,0.8464000225067139
YLR368W,YLR134W,0,-10.790145,0.10555790364742279,0.9990000128746033,0.8464999794960022
YHR051W,YOR216C,0,-10.790986,0.1055467501282692,0.9990000128746033,0.8465999960899353
YDL175C,YPR133W-A,0,-10.791519,0.1055356040596962,0.9990000128746033,0.8467000126838684
YPR169W,YGR213C,0,-10.792821,0.1055244505405426,0.9990000128746033,0.8468000292778015
YJL183W,YKL201C,0,-10.793042,0.1055133044719696,0.9990000128746033,0.8468999862670898
YPR034W,YKL092C,0,-10.793548,0.1055021658539772,0.9990000128746033,0.847000002861023
YLR153C,YNR006W,0,-10.79507,0.1054910272359848,0.9990000128746033,0.847100019454956
YOR236W,YJL079C,0,-10.795575,0.1054798886179924,0.9990000128746033,0.8471999764442444
YLR318W,YPL249C,0,-10.796508,0.10546875,0.9990000128746033,0.8472999930381775
YGR267C,YDR143C,0,-10.796936,0.1054576188325882,0.9990000128746033,0.8474000096321106
YKL087C,YOR173W,0,-10.797233,0.10544648766517639,0.9990000128746033,0.8475000262260437
YFR013W,YOR155C,0,-10.798965,0.10543535649776459,0.9990000128746033,0.847599983215332
YKR066C,YKL087C,0,-10.799794,0.10542423278093338,0.9990000128746033,0.8476999998092651
YER167W,YDR116C,0,-10.799924,0.10541310906410217,0.9990000128746033,0.8478000164031982
YDR216W,YOR185C,0,-10.802874,0.10540198534727097,0.9990000128746033,0.8478999733924866
YOR092W,YDR272W,0,-10.803906,0.10539086163043976,0.9990000128746033,0.8479999899864197
YPL095C,YJL124C,0,-10.80462,0.10537974536418915,0.9990000128746033,0.8481000065803528
YJR084W,YGR101W,0,-10.804824,0.10536862909793854,0.9990000128746033,0.8482000231742859
YNL117W,YER151C,0,-10.805093,0.10535752028226852,0.9990000128746033,0.8482999801635742
YCL051W,YGL031C,0,-10.805363,0.10534641146659851,0.9990000128746033,0.8483999967575073
YPL138C,YNL154C,0,-10.806523,0.1053353026509285,0.9990000128746033,0.8485000133514404
YBR207W,YER021W,0,-10.806683,0.10532419383525848,0.9990000128746033,0.8485999703407288
YLR088W,YHR008C,0,-10.807979,0.10531309247016907,0.9990000128746033,0.8486999869346619
YHL002W,YCR084C,0,-10.808017,0.10530199110507965,0.9990000128746033,0.848800003528595
YDL204W,YGR063C,0,-10.808224,0.10529089719057083,0.9990000128746033,0.8489000201225281
YLR427W,YGR076C,0,-10.809088,0.10527979582548141,0.9990000128746033,0.8489999771118164
YGL048C,YKL122C,0,-10.809644,0.1052687019109726,0.9990000128746033,0.8490999937057495
YMR281W,YDL188C,0,-10.810566,0.10525761544704437,0.9990000128746033,0.8492000102996826
YGL180W,YAL016W,0,-10.8110075,0.10524652153253555,0.9990000128746033,0.8493000268936157
YDR298C,YLR350W,0,-10.8110895,0.10523543506860733,0.9990000128746033,0.849399983882904
YPL112C,YKR089C,0,-10.812523,0.10522434860467911,0.9990000128746033,0.8495000004768372
YMR275C,YDR146C,0,-10.813807,0.10521326959133148,0.9990000128746033,0.8496000170707703
YER161C,YDR322C-A,0,-10.81471,0.10520219057798386,0.9990000128746033,0.8496999740600586
YGL216W,YMR296C,0,-10.81517,0.10519111156463623,0.9990000128746033,0.8497999906539917
YOR076C,YBR162W-A,0,-10.815627,0.1051800400018692,0.9990000128746033,0.8499000072479248
YOR316C,YKR056W,0,-10.816214,0.10516896843910217,0.9990000128746033,0.8500000238418579
YLR442C,YGR111W,0,-10.816364,0.10515789687633514,0.9990000128746033,0.8500999808311462
YDR019C,YML121W,0,-10.816535,0.10514682531356812,0.9990000128746033,0.8501999974250793
YML057W,YDR494W,0,-10.816827,0.10513576120138168,0.9990000128746033,0.8503000140190125
YDR421W,YML123C,0,-10.817675,0.10512469708919525,0.9990000128746033,0.8503999710083008
YMR275C,YOL054W,0,-10.819893,0.10511363297700882,0.9990000128746033,0.8504999876022339
YGL106W,YGR194C,0,-10.8204775,0.10510257631540298,0.9990000128746033,0.850600004196167
YLR393W,YNR006W,0,-10.821218,0.10509151965379715,0.9990000128746033,0.8507000207901001
YGL029W,YPR042C,0,-10.821527,0.10508047044277191,0.9990000128746033,0.8507999777793884
YOR249C,YKL170W,0,-10.82172,0.10506941378116608,0.9990000128746033,0.8508999943733215
YDL181W,YHR039C-A,0,-10.82177,0.10505836457014084,0.9990000128746033,0.8510000109672546
YIL097W,YBR004C,0,-10.822891,0.1050473153591156,0.9990000128746033,0.8511000275611877
YJR021C,YLR139C,0,-10.823556,0.10503627359867096,0.9990000128746033,0.8511999845504761
YPR025C,YPR137W,0,-10.824756,0.10502523183822632,0.9990000128746033,0.8513000011444092
YGR006W,YJL121C,0,-10.825629,0.10501419007778168,0.9990000128746033,0.8514000177383423
YDL142C,YDR191W,0,-10.828365,0.10500315576791763,0.9990000128746033,0.8514999747276306
YPR005C,YPL121C,0,-10.829008,0.10499211400747299,0.9990000128746033,0.8515999913215637
YMR213W,YOL002C,0,-10.829345,0.10498108714818954,0.9990000128746033,0.8517000079154968
YBR177C,YGL099W,0,-10.830472,0.1049700528383255,0.9990000128746033,0.8518000245094299
YNR057C,YBR118W,0,-10.831048,0.10495902597904205,0.9990000128746033,0.8518999814987183
YDR086C,YJR110W,0,-10.831172,0.1049479991197586,0.9990000128746033,0.8519999980926514
YOR081C,YER007C-A,0,-10.831672,0.10493697226047516,0.9990000128746033,0.8521000146865845
YKL213C,YOR260W,0,-10.832412,0.10492595285177231,0.9990000128746033,0.8521999716758728
YFR013W,YKL059C,0,-10.832793,0.10491493344306946,0.9990000128746033,0.8522999882698059
YBR086C,YGL179C,0,-10.833629,0.10490391403436661,0.9990000128746033,0.852400004863739
YBR193C,YOR230W,0,-10.834158,0.10489290207624435,0.9990000128746033,0.8525000214576721
YDL223C,YNR024W,0,-10.834444,0.1048818901181221,0.9990000128746033,0.8525999784469604
YHR154W,YGL059W,0,-10.834766,0.10487087815999985,0.9990000128746033,0.8526999950408936
YLR401C,YOL133W,0,-10.834965,0.10485987365245819,0.9990000128746033,0.8528000116348267
YML086C,YKL015W,0,-10.8363905,0.10484886914491653,0.9990000128746033,0.8529000282287598
YCR002C,YDR523C,0,-10.836744,0.10483786463737488,0.9990000128746033,0.8529999852180481
YDR315C,YOL055C,0,-10.8371,0.10482686012983322,0.9990000128746033,0.8531000018119812
YJR044C,YDR200C,0,-10.838776,0.10481586307287216,0.9990000128746033,0.8532000184059143
YGR171C,YOR227W,0,-10.840122,0.1048048660159111,0.9990000128746033,0.8532999753952026
YOR182C,YBR103W,0,-10.840705,0.10479387640953064,0.9990000128746033,0.8533999919891357
YML064C,YGR181W,0,-10.843005,0.10478287935256958,0.9990000128746033,0.8535000085830688
YNL256W,YCR020C,0,-10.844376,0.10477188974618912,0.9990000128746033,0.853600025177002
YAL031C,YJL053W,0,-10.84467,0.10476090759038925,0.9990000128746033,0.8536999821662903
YPL241C,YNL107W,0,-10.844937,0.10474991798400879,0.9990000128746033,0.8537999987602234
YMR280C,YGR195W,0,-10.845353,0.10473893582820892,0.9990000128746033,0.8539000153541565
YDL175C,YDL105W,0,-10.846784,0.10472796112298965,0.9990000128746033,0.8539999723434448
YDR272W,YNR037C,0,-10.8493395,0.10471697896718979,0.9990000128746033,0.8540999889373779
YIL097W,YDL056W,0,-10.8560705,0.10470600426197052,0.9990000128746033,0.854200005531311
YLR095C,YKL034W,0,-10.858135,0.10469502955675125,0.9990000128746033,0.8543000221252441
YGR088W,YCL043C,0,-10.860326,0.10468406230211258,0.9990000128746033,0.8543999791145325
YPL171C,YJR094W-A,0,-10.861024,0.10467309504747391,0.9990000128746033,0.8544999957084656
YAL048C,YDL100C,0,-10.861629,0.10466212779283524,0.9990000128746033,0.8546000123023987
YFR013W,YGR086C,0,-10.8631115,0.10465116053819656,0.9990000128746033,0.8547000288963318
YFL049W,YML028W,0,-10.86359,0.10464020073413849,0.9990000128746033,0.8547999858856201
YPL005W,YHR025W,0,-10.864125,0.10462924093008041,0.9990000128746033,0.8549000024795532
YPR067W,YNL222W,0,-10.865662,0.10461828112602234,0.9990000128746033,0.8550000190734863
YLR129W,YJR086W,0,-10.866269,0.10460732877254486,0.9990000128746033,0.8550999760627747
YNR028W,YNR060W,0,-10.866569,0.10459637641906738,0.9990000128746033,0.8551999926567078
YIL046W,YPL010W,0,-10.86748,0.1045854240655899,0.9990000128746033,0.8553000092506409
YDR383C,YNR045W,0,-10.868617,0.10457447916269302,0.9990000128746033,0.855400025844574
YBR106W,YDR080W,0,-10.869069,0.10456353425979614,0.9990000128746033,0.8554999828338623
YLR342W,YBR170C,0,-10.869138,0.10455258935689926,0.9990000128746033,0.8555999994277954
YGL116W,YLR136C,0,-10.869914,0.10454165190458298,0.9990000128746033,0.8557000160217285
YGL093W,YLL028W,0,-10.871166,0.1045307070016861,0.9990000128746033,0.8557999730110168
YJR160C,YER123W,0,-10.871369,0.10451977699995041,0.9990000128746033,0.85589998960495
YLR134W,YBR169C,0,-10.872467,0.10450883954763412,0.9990000128746033,0.8560000061988831
YBL084C,YDR285W,0,-10.873888,0.10449790954589844,0.9990000128746033,0.8561000227928162
YPL202C,YOL012C,0,-10.87415,0.10448697954416275,0.9990000128746033,0.8561999797821045
YER038C,YML014W,0,-10.874335,0.10447604954242706,0.9990000128746033,0.8562999963760376
YBR045C,YJR144W,0,-10.8750305,0.10446512699127197,0.9990000128746033,0.8564000129699707
YMR011W,YLR260W,0,-10.8755455,0.10445420444011688,0.9990000128746033,0.8565000295639038
YLR117C,YPL087W,0,-10.875797,0.10444328188896179,0.9990000128746033,0.8565999865531921
YJR161C,YJR041C,0,-10.876201,0.1044323667883873,0.9990000128746033,0.8567000031471252
YLR393W,YJL146W,0,-10.876765,0.1044214516878128,0.9990000128746033,0.8568000197410583
YDL142C,YMR299C,0,-10.876892,0.10441053658723831,0.9990000128746033,0.8568999767303467
YPL082C,YNL138W,0,-10.876983,0.10439962148666382,0.9990000128746033,0.8569999933242798
YFR015C,YOR085W,0,-10.877756,0.10438871383666992,0.9990000128746033,0.8571000099182129
YMR029C,YHR183W,0,-10.877933,0.10437780618667603,0.9990000128746033,0.857200026512146
YPR128C,YMR020W,0,-10.878343,0.10436690598726273,0.9990000128746033,0.8572999835014343
YMR043W,YML109W,0,-10.879349,0.10435599833726883,0.9990000128746033,0.8574000000953674
YJR127C,YPL029W,0,-10.8801565,0.10434509813785553,0.9990000128746033,0.8575000166893005
YPR008W,YGR089W,0,-10.88061,0.10433420538902283,0.9990000128746033,0.8575999736785889
YGR040W,YFL004W,0,-10.880622,0.10432330518960953,0.9990000128746033,0.857699990272522
YDL223C,YDR470C,0,-10.880965,0.10431241244077682,0.9990000128746033,0.8578000068664551
YCR020C,YIR026C,0,-10.88119,0.10430152714252472,0.9990000128746033,0.8579000234603882
YAR050W,YGR193C,0,-10.882231,0.10429063439369202,0.9990000128746033,0.8579999804496765
YJR063W,YOL113W,0,-10.882468,0.10427974909543991,0.9990000128746033,0.8580999970436096
YIL004C,YKL007W,0,-10.882756,0.1042688637971878,0.9990000128746033,0.8582000136375427
YER122C,YMR071C,0,-10.883523,0.1042579859495163,0.9990000128746033,0.858299970626831
YKR030W,YGR280C,0,-10.88467,0.10424710065126419,0.9990000128746033,0.8583999872207642
YMR190C,YOL122C,0,-10.885073,0.10423623025417328,0.9990000128746033,0.8585000038146973
YIL075C,YDR023W,0,-10.885268,0.10422535240650177,0.9990000128746033,0.8586000204086304
YJR051W,YLR305C,0,-10.885404,0.10421448200941086,0.9990000128746033,0.8586999773979187
YNL138W,YPL074W,0,-10.885797,0.10420361161231995,0.9990000128746033,0.8587999939918518
YDR486C,YNR021W,0,-10.886583,0.10419274121522903,0.9990000128746033,0.8589000105857849
YDL122W,YDR027C,0,-10.886622,0.10418187826871872,0.9990000128746033,0.859000027179718
YIL062C,YKL173W,0,-10.886716,0.10417100787162781,0.9990000128746033,0.8590999841690063
YPL058C,YBR082C,0,-10.887503,0.10416015237569809,0.9990000128746033,0.8592000007629395
YHR118C,YDL159W,0,-10.888418,0.10414928942918777,0.9990000128746033,0.8593000173568726
YGR072W,YOR285W,0,-10.888823,0.10413843393325806,0.9990000128746033,0.8593999743461609
YJR093C,YIL119C,0,-10.88901,0.10412757843732834,0.9990000128746033,0.859499990940094
YDL222C,YOR375C,0,-10.889075,0.10411673039197922,0.9990000128746033,0.8596000075340271
YDR021W,YLR360W,0,-10.890475,0.1041058748960495,0.9990000128746033,0.8597000241279602
YDR256C,YCR012W,0,-10.891355,0.10409502685070038,0.9990000128746033,0.8597999811172485
YOR284W,YBL102W,0,-10.891538,0.10408418625593185,0.9990000128746033,0.8598999977111816
YDL099W,YLR043C,0,-10.892795,0.10407333821058273,0.9990000128746033,0.8600000143051147
YDR151C,YGL013C,0,-10.893036,0.10406249761581421,0.9990000128746033,0.8600999712944031
YDL229W,YLR193C,0,-10.894755,0.10405166447162628,0.9990000128746033,0.8601999878883362
YCL038C,YOR133W,0,-10.894889,0.10404082387685776,0.9990000128746033,0.8603000044822693
YLR037C,YJL069C,0,-10.895267,0.10402999073266983,0.9990000128746033,0.8604000210762024
YER026C,YBR019C,0,-10.896228,0.1040191575884819,0.9990000128746033,0.8604999780654907
YOL082W,YIL140W,0,-10.896545,0.10400833189487457,0.9990000128746033,0.8605999946594238
YIL034C,YIL173W,0,-10.896833,0.10399749875068665,0.9990000128746033,0.8607000112533569
YCR009C,YAL047C,0,-10.897103,0.10398667305707932,0.9990000128746033,0.86080002784729
YKL149C,YOR195W,0,-10.897389,0.10397585481405258,0.9990000128746033,0.8608999848365784
YOR079C,YMR275C,0,-10.898179,0.10396502912044525,0.9990000128746033,0.8610000014305115
YBL038W,YAL001C,0,-10.900411,0.10395421087741852,0.9990000128746033,0.8611000180244446
YAL033W,YJL166W,0,-10.900648,0.10394340008497238,0.9990000128746033,0.8611999750137329
YBR039W,YDR202C,0,-10.900709,0.10393258184194565,0.9990000128746033,0.861299991607666
YPL063W,YFR010W,0,-10.900898,0.10392177104949951,0.9990000128746033,0.8614000082015991
YOL059W,YBR073W,0,-10.901357,0.10391096025705338,0.9990000128746033,0.8615000247955322
YJR005W,YLR058C,0,-10.901427,0.10390015691518784,0.9990000128746033,0.8615999817848206
YJR135C,YBR230C,0,-10.901686,0.1038893535733223,0.9990000128746033,0.8616999983787537
YKL117W,YLR237W,0,-10.902471,0.10387855023145676,0.9990000128746033,0.8618000149726868
YEL040W,YJR110W,0,-10.902626,0.10386774688959122,0.9990000128746033,0.8618999719619751
YOL030W,YKR008W,0,-10.9027195,0.10385695099830627,0.9990000128746033,0.8619999885559082
YOL100W,YBR127C,0,-10.903911,0.10384615510702133,0.9990000128746033,0.8621000051498413
YML034W,YDR092W,0,-10.904761,0.10383535921573639,0.9990000128746033,0.8622000217437744
YOL011W,YBR175W,0,-10.906521,0.10382457077503204,0.9990000128746033,0.8622999787330627
YPL227C,YGR193C,0,-10.907973,0.1038137823343277,0.9990000128746033,0.8623999953269958
YER036C,YOR003W,0,-10.908273,0.10380299389362335,0.9990000128746033,0.862500011920929
YDL165W,YLR080W,0,-10.912565,0.103792205452919,0.9990000128746033,0.8626000285148621
YER149C,YOL034W,0,-10.913177,0.10378142446279526,0.9990000128746033,0.8626999855041504
YJL110C,YJR118C,0,-10.913923,0.10377064347267151,0.9990000128746033,0.8628000020980835
YNL242W,YKL188C,0,-10.915069,0.10375986993312836,0.9990000128746033,0.8629000186920166
YOL008W,YEL037C,0,-10.916842,0.10374908894300461,0.9990000128746033,0.8629999756813049
YMR068W,YDL003W,0,-10.918021,0.10373831540346146,0.9990000128746033,0.863099992275238
YPR169W,YMR114C,0,-10.918395,0.1037275493144989,0.9990000128746033,0.8632000088691711
YPL123C,YGL026C,0,-10.918916,0.10371677577495575,0.9990000128746033,0.8633000254631042
YOR096W,YOL129W,0,-10.919654,0.1037060096859932,0.9990000128746033,0.8633999824523926
YML013W,YPL130W,0,-10.920742,0.10369524359703064,0.9990000128746033,0.8634999990463257
YJL063C,YLR007W,0,-10.921618,0.10368448495864868,0.9990000128746033,0.8636000156402588
YKR085C,YKL070W,0,-10.922175,0.10367372632026672,0.9990000128746033,0.8636999726295471
YPR007C,YEL047C,0,-10.922936,0.10366296768188477,0.9990000128746033,0.8637999892234802
YER065C,YMR060C,0,-10.924747,0.10365220904350281,0.9990000128746033,0.8639000058174133
YKR087C,YNL072W,0,-10.924761,0.10364145785570145,0.9990000128746033,0.8640000224113464
YNR059W,YJL078C,0,-10.9266405,0.10363070666790009,0.9990000128746033,0.8640999794006348
YPL215W,YLR005W,0,-10.92772,0.10361995548009872,0.9990000128746033,0.8641999959945679
YDR142C,YKR057W,0,-10.927972,0.10360921174287796,0.9990000128746033,0.864300012588501
YLR260W,YJL104W,0,-10.928385,0.1035984680056572,0.9990000128746033,0.8644000291824341
YKL007W,YPR052C,0,-10.929667,0.10358772426843643,0.9990000128746033,0.8644999861717224
YMR212C,YNL202W,0,-10.929688,0.10357698053121567,0.9990000128746033,0.8646000027656555
YAL001C,YNL044W,0,-10.930003,0.1035662442445755,0.9990000128746033,0.8647000193595886
YLR029C,YLR025W,0,-10.930978,0.10355550795793533,0.9990000128746033,0.864799976348877
YJR108W,YJR007W,0,-10.931039,0.10354477912187576,0.9990000128746033,0.8648999929428101
YJL183W,YBR230C,0,-10.931472,0.1035340428352356,0.9990000128746033,0.8650000095367432
YOR142W,YER031C,0,-10.931879,0.10352331399917603,0.9990000128746033,0.8651000261306763
YDR130C,YNL117W,0,-10.932928,0.10351259261369705,0.9990000128746033,0.8651999831199646
YDR231C,YOR086C,0,-10.934817,0.10350186377763748,0.9990000128746033,0.8652999997138977
YNR011C,YOR003W,0,-10.934895,0.10349114239215851,0.9990000128746033,0.8654000163078308
YLR260W,YDR087C,0,-10.935361,0.10348042100667953,0.9990000128746033,0.8654999732971191
YJR014W,YML088W,0,-10.936138,0.10346970707178116,0.9990000128746033,0.8655999898910522
YPL090C,YOL129W,0,-10.9371605,0.10345898568630219,0.9990000128746033,0.8657000064849854
YBR176W,YOR049C,0,-10.93758,0.1034482792019844,0.9990000128746033,0.8658000230789185
YDR375C,YKR072C,0,-10.937866,0.10343756526708603,0.9990000128746033,0.8658999800682068
YDR414C,YJL089W,0,-10.938707,0.10342685878276825,0.9990000128746033,0.8659999966621399
YPL259C,YMR208W,0,-10.939117,0.10341615229845047,0.9990000128746033,0.866100013256073
YDL003W,YJL166W,0,-10.94027,0.10340544581413269,0.9990000128746033,0.8661999702453613
YNL227C,YLR165C,0,-10.94033,0.10339473932981491,0.9990000128746033,0.8662999868392944
YKL192C,YNL192W,0,-10.941011,0.10338404029607773,0.9990000128746033,0.8664000034332275
YMR286W,YBR218C,0,-10.941194,0.10337334126234055,0.9990000128746033,0.8665000200271606
YNL069C,YDL109C,0,-10.942023,0.10336264967918396,0.9990000128746033,0.866599977016449
YHR057C,YJR110W,0,-10.942107,0.10335195809602737,0.9990000128746033,0.8666999936103821
YJR152W,YER165W,0,-10.942609,0.10334126651287079,0.9990000128746033,0.8668000102043152
YBL082C,YOR155C,0,-10.942621,0.1033305749297142,0.9990000128746033,0.8669000267982483
YDR121W,YDR307W,0,-10.942687,0.10331989079713821,0.9990000128746033,0.8669999837875366
YBR248C,YOR049C,0,-10.943467,0.10330920666456223,0.9990000128746033,0.8671000003814697
YDR116C,YDL134C,0,-10.944985,0.10329852253198624,0.9990000128746033,0.8672000169754028
YDR280W,YHR012W,0,-10.945522,0.10328783839941025,0.9990000128746033,0.8672999739646912
YGL105W,YBR018C,0,-10.945561,0.10327716171741486,0.9990000128746033,0.8673999905586243
YMR049C,YPR155C,0,-10.94634,0.10326648503541946,0.9990000128746033,0.8675000071525574
YDL223C,YNL207W,0,-10.946594,0.10325581580400467,0.9990000128746033,0.8676000237464905
YDR055W,YGR276C,0,-10.947314,0.10324513912200928,0.9990000128746033,0.8676999807357788
YBR171W,YIL077C,0,-10.948394,0.10323446989059448,0.9990000128746033,0.8677999973297119
YGL104C,YJR141W,0,-10.948749,0.10322380810976028,0.9990000128746033,0.867900013923645
YOL051W,YPL042C,0,-10.94918,0.10321313887834549,0.9990000128746033,0.8679999709129333
YNR017W,YGR179C,0,-10.949803,0.10320247709751129,0.9990000128746033,0.8680999875068665
YGR024C,YJL029C,0,-10.950612,0.1031918153166771,0.9990000128746033,0.8682000041007996
YDR216W,YNL031C,0,-10.951007,0.10318116098642349,0.9990000128746033,0.8683000206947327
YLL050C,YOR171C,0,-10.951365,0.10317050665616989,0.9990000128746033,0.868399977684021
YOR371C,YGR260W,0,-10.952466,0.10315985232591629,0.9990000128746033,0.8684999942779541
YML102W,YCR018C,0,-10.953188,0.10314919799566269,0.9990000128746033,0.8686000108718872
YOR328W,YNL216W,0,-10.953616,0.10313855111598969,0.9990000128746033,0.8687000274658203
YDR009W,YPR133W-A,0,-10.954564,0.10312790423631668,0.9990000128746033,0.8687999844551086
YDR244W,YNL304W,0,-10.954907,0.10311725735664368,0.9990000128746033,0.8689000010490417
YOR120W,YBR245C,0,-10.955188,0.10310661792755127,0.9990000128746033,0.8690000176429749
YOR058C,YGR224W,0,-10.95813,0.10309597849845886,0.9990000128746033,0.8690999746322632
YIL110W,YML034W,0,-10.958145,0.10308533906936646,0.9990000128746033,0.8691999912261963
YBR272C,YOR177C,0,-10.959208,0.10307469964027405,0.9990000128746033,0.8693000078201294
YNL232W,YIL112W,0,-10.959729,0.10306406766176224,0.9990000128746033,0.8694000244140625
YBR274W,YDL081C,0,-10.960165,0.10305343568325043,0.9990000128746033,0.8694999814033508
YBR054W,YBR271W,0,-10.960338,0.10304280370473862,0.9990000128746033,0.8695999979972839
YLR394W,YOL108C,0,-10.960837,0.1030321791768074,0.9990000128746033,0.869700014591217
YDR423C,YEL030W,0,-10.960919,0.10302155464887619,0.9990000128746033,0.8697999715805054
YML019W,YER050C,0,-10.961073,0.10301093012094498,0.9990000128746033,0.8698999881744385
YNR016C,YJR084W,0,-10.961278,0.10300030559301376,0.9990000128746033,0.8700000047683716
YPL121C,YKR087C,0,-10.962228,0.10298968851566315,0.9990000128746033,0.8701000213623047
YBR093C,YHL027W,0,-10.9622555,0.10297907143831253,0.9990000128746033,0.870199978351593
YPR046W,YDL079C,0,-10.963613,0.10296846181154251,0.9990000128746033,0.8702999949455261
YGR156W,YLR362W,0,-10.963754,0.1029578447341919,0.9990000128746033,0.8704000115394592
YDR511W,YOR083W,0,-10.963975,0.10294723510742188,0.9990000128746033,0.8705000281333923
YGR140W,YNR010W,0,-10.965705,0.10293663293123245,0.9990000128746033,0.8705999851226807
YIR037W,YKL132C,0,-10.967114,0.10292602330446243,0.9990000128746033,0.8707000017166138
YDR009W,YBL102W,0,-10.968895,0.10291542112827301,0.9990000128746033,0.8708000183105469
YKL213C,YHR167W,0,-10.970534,0.10290481895208359,0.9990000128746033,0.8708999752998352
YOL108C,YNL152W,0,-10.97061,0.10289422422647476,0.9990000128746033,0.8709999918937683
YLR231C,YJL128C,0,-10.971647,0.10288362205028534,0.9990000128746033,0.8711000084877014
YHR204W,YLL056C,0,-10.972559,0.10287302732467651,0.9990000128746033,0.8712000250816345
YPL100W,YJR049C,0,-10.972835,0.10286244004964828,0.9990000128746033,0.8712999820709229
YDR263C,YNL312W,0,-10.974271,0.10285184532403946,0.9990000128746033,0.871399998664856
YDR118W,YJL051W,0,-10.974876,0.10284125804901123,0.9990000128746033,0.8715000152587891
YIL026C,YOL038W,0,-10.976427,0.102830670773983,0.9990000128746033,0.8715999722480774
YOR173W,YER024W,0,-10.97854,0.10282009094953537,0.9990000128746033,0.8716999888420105
YGL054C,YGL053W,0,-10.979693,0.10280951112508774,0.9990000128746033,0.8718000054359436
YML056C,YJR156C,0,-10.97977,0.1027989313006401,0.9990000128746033,0.8719000220298767
YLL050C,YGR268C,0,-10.980707,0.10278835147619247,0.9990000128746033,0.871999979019165
YLR431C,YLL045C,0,-10.981298,0.10277777910232544,0.9990000128746033,0.8720999956130981
YJL094C,YGR170W,0,-10.981361,0.1027672067284584,0.9990000128746033,0.8722000122070312
YKL120W,YCR009C,0,-10.982019,0.10275663435459137,0.9990000128746033,0.8723000288009644
YDR071C,YOR140W,0,-10.982314,0.10274606943130493,0.9990000128746033,0.8723999857902527
YKL172W,YJL078C,0,-10.9844885,0.1027354970574379,0.9990000128746033,0.8725000023841858
YDL147W,YNL096C,0,-10.984561,0.10272493213415146,0.9990000128746033,0.8726000189781189
YHR150W,YKL117W,0,-10.985206,0.10271437466144562,0.9990000128746033,0.8726999759674072
YNL301C,YGL131C,0,-10.98653,0.10270381718873978,0.9990000128746033,0.8727999925613403
YMR105C,YNR021W,0,-10.986754,0.10269325971603394,0.9990000128746033,0.8729000091552734
YJR019C,YOR229W,0,-10.987277,0.1026827022433281,0.9990000128746033,0.8730000257492065
YJL035C,YNL054W,0,-10.988431,0.10267214477062225,0.9990000128746033,0.8730999827384949
YJR109C,YBR034C,0,-10.988814,0.10266159474849701,0.9990000128746033,0.873199999332428
YMR023C,YER098W,0,-10.991643,0.10265104472637177,0.9990000128746033,0.8733000159263611
YER028C,YCR009C,0,-10.992274,0.10264050215482712,0.9990000128746033,0.8733999729156494
YNL027W,YPL196W,0,-10.992351,0.10262995958328247,0.9990000128746033,0.8734999895095825
YGL130W,YGR231C,0,-10.9924,0.10261941701173782,0.9990000128746033,0.8736000061035156
YMR092C,YKL022C,0,-10.992952,0.10260887444019318,0.9990000128746033,0.8737000226974487
YDR054C,YMR236W,0,-10.993149,0.10259833931922913,0.9990000128746033,0.8737999796867371
YIL150C,YNL210W,0,-10.993354,0.10258779674768448,0.9990000128746033,0.8738999962806702
YNL037C,YHR012W,0,-10.99429,0.10257726907730103,0.9990000128746033,0.8740000128746033
YIR018W,YBR030W,0,-10.994653,0.10256673395633698,0.9990000128746033,0.8741000294685364
YNL073W,YKL132C,0,-10.996266,0.10255620628595352,0.9990000128746033,0.8741999864578247
YDR423C,YGL219C,0,-10.997473,0.10254567861557007,0.9990000128746033,0.8743000030517578
YHR069C,YKL095W,0,-11.000197,0.10253515094518661,0.9990000128746033,0.8744000196456909
YKR055W,YNL301C,0,-11.00191,0.10252463072538376,0.9990000128746033,0.8744999766349792
YJR025C,YOR232W,0,-11.002434,0.1025141105055809,0.9990000128746033,0.8745999932289124
YOL133W,YHR205W,0,-11.00383,0.10250359028577805,0.9990000128746033,0.8747000098228455
YNL026W,YHL007C,0,-11.004461,0.10249307751655579,0.9990000128746033,0.8748000264167786
YMR170C,YPL049C,0,-11.004639,0.10248255729675293,0.9990000128746033,0.8748999834060669
YJR084W,YOL034W,0,-11.004876,0.10247205197811127,0.9990000128746033,0.875
YOR030W,YGR028W,0,-11.0071745,0.10246153920888901,0.9990000128746033,0.8751000165939331
YJR093C,YLR266C,0,-11.007635,0.10245103389024734,0.9990000128746033,0.8751999735832214
YBR173C,YMR273C,0,-11.007636,0.10244052857160568,0.9990000128746033,0.8752999901771545
YBR212W,YML095C,0,-11.008388,0.10243002325296402,0.9990000128746033,0.8754000067710876
YGR157W,YEL047C,0,-11.011172,0.10241951793432236,0.9990000128746033,0.8755000233650208
YJL186W,YMR039C,0,-11.011437,0.10240902006626129,0.9990000128746033,0.8755999803543091
YPL059W,YIL075C,0,-11.012128,0.10239852219820023,0.9990000128746033,0.8756999969482422
YER020W,YOR145C,0,-11.012385,0.10238803178071976,0.9990000128746033,0.8758000135421753
YKL165C,YHL020C,0,-11.0129385,0.10237753391265869,0.9990000128746033,0.8758999705314636
YBL099W,YKL079W,0,-11.013246,0.10236704349517822,0.9990000128746033,0.8759999871253967
YIL046W,YPR074C,0,-11.014597,0.10235656052827835,0.9990000128746033,0.8761000037193298
YCL040W,YOR043W,0,-11.014911,0.10234607011079788,0.9990000128746033,0.8762000203132629
YOL058W,YOR119C,0,-11.014918,0.10233558714389801,0.9990000128746033,0.8762999773025513
YMR145C,YOR054C,0,-11.015183,0.10232510417699814,0.9990000128746033,0.8763999938964844
YDR289C,YMR149W,0,-11.01543,0.10231462866067886,0.9990000128746033,0.8765000104904175
YHL047C,YOR091W,0,-11.015539,0.10230414569377899,0.9990000128746033,0.8766000270843506
YBR211C,YLR396C,0,-11.016878,0.10229367017745972,0.9990000128746033,0.8766999840736389
YOR100C,YAL042W,0,-11.017944,0.10228320211172104,0.9990000128746033,0.876800000667572
YPL049C,YOR256C,0,-11.018043,0.10227272659540176,0.9990000128746033,0.8769000172615051
YBL026W,YOR086C,0,-11.020046,0.10226225852966309,0.9990000128746033,0.8769999742507935
YGL201C,YGL259W,0,-11.021088,0.10225179046392441,0.9990000128746033,0.8770999908447266
YBR058C,YKR053C,0,-11.022093,0.10224132984876633,0.9990000128746033,0.8772000074386597
YDL193W,YJL143W,0,-11.022323,0.10223086178302765,0.9990000128746033,0.8773000240325928
YHR164C,YER088C,0,-11.022995,0.10222040116786957,0.9990000128746033,0.8773999810218811
YKL048C,YOR181W,0,-11.023259,0.10220994800329208,0.9990000128746033,0.8774999976158142
YJL117W,YDR311W,0,-11.024621,0.102199487388134,0.9990000128746033,0.8776000142097473
YDR263C,YMR236W,0,-11.02502,0.10218903422355652,0.9990000128746033,0.8776999711990356
YKR085C,YFR050C,0,-11.026057,0.10217858105897903,0.9990000128746033,0.8777999877929688
YJL184W,YKL161C,0,-11.0273695,0.10216813534498215,0.9990000128746033,0.8779000043869019
YAL040C,YCL035C,0,-11.028021,0.10215768218040466,0.9990000128746033,0.878000020980835
YER105C,YBR050C,0,-11.030117,0.10214723646640778,0.9990000128746033,0.8780999779701233
YJL170C,YJL080C,0,-11.031329,0.10213679820299149,0.9990000128746033,0.8781999945640564
YMR188C,YDL244W,0,-11.032057,0.1021263524889946,0.9990000128746033,0.8783000111579895
YAL047C,YDL015C,0,-11.03296,0.10211591422557831,0.9990000128746033,0.8784000277519226
YCR069W,YMR241W,0,-11.033494,0.10210547596216202,0.9990000128746033,0.8784999847412109
YJR151C,YPR010C,0,-11.033645,0.10209504514932632,0.9990000128746033,0.878600001335144
YHR174W,YHR150W,0,-11.034461,0.10208461433649063,0.9990000128746033,0.8787000179290771
YAL020C,YNL126W,0,-11.035515,0.10207418352365494,0.9990000128746033,0.8787999749183655
YJL080C,YFL005W,0,-11.035557,0.10206375271081924,0.9990000128746033,0.8788999915122986
YOR372C,YLR032W,0,-11.035645,0.10205332189798355,0.9990000128746033,0.8790000081062317
YPL005W,YBR093C,0,-11.036281,0.10204289853572845,0.9990000128746033,0.8791000247001648
YKL149C,YML069W,0,-11.036754,0.10203247517347336,0.9990000128746033,0.8791999816894531
YJL053W,YKL184W,0,-11.037312,0.10202205926179886,0.9990000128746033,0.8792999982833862
YBR155W,YJR019C,0,-11.038649,0.10201164335012436,0.9990000128746033,0.8794000148773193
YMR256C,YML114C,0,-11.038764,0.10200122743844986,0.9990000128746033,0.8794999718666077
YOL155C,YOR172W,0,-11.039883,0.10199081152677536,0.9990000128746033,0.8795999884605408
YML051W,YGL219C,0,-11.039925,0.10198040306568146,0.9990000128746033,0.8797000050544739
YDL067C,YER056C-A,0,-11.040063,0.10196998715400696,0.9990000128746033,0.879800021648407
YDL227C,YJL082W,0,-11.041186,0.10195958614349365,0.9990000128746033,0.8798999786376953
YDR216W,YKL053C-A,0,-11.041902,0.10194917768239975,0.9990000128746033,0.8799999952316284
YKL139W,YER162C,0,-11.044351,0.10193877667188644,0.9990000128746033,0.8801000118255615
YBR210W,YJL165C,0,-11.046169,0.10192837566137314,0.9990000128746033,0.8802000284194946
YHR067W,YHR111W,0,-11.047039,0.10191797465085983,0.9990000128746033,0.880299985408783
YOR057W,YGR270W,0,-11.047202,0.10190758109092712,0.9990000128746033,0.8804000020027161
YOR141C,YJL078C,0,-11.047776,0.10189718753099442,0.9990000128746033,0.8805000185966492
YNL316C,YGL093W,0,-11.048987,0.1018867939710617,0.9990000128746033,0.8805999755859375
YDL220C,YML034W,0,-11.053002,0.101876400411129,0.9990000128746033,0.8806999921798706
YJR109C,YPR137W,0,-11.053872,0.10186601430177689,0.9990000128746033,0.8808000087738037
YMR285C,YBR077C,0,-11.054578,0.10185562819242477,0.9990000128746033,0.8809000253677368
YJR060W,YFL044C,0,-11.055206,0.10184524208307266,0.9990000128746033,0.8809999823570251
YOL017W,YBR001C,0,-11.055279,0.10183486342430115,0.9990000128746033,0.8810999989509583
YOL108C,YCR077C,0,-11.055976,0.10182448476552963,0.9990000128746033,0.8812000155448914
YHL004W,YNL049C,0,-11.056652,0.10181410610675812,0.9990000128746033,0.8812999725341797
YOR142W,YML043C,0,-11.057693,0.1018037274479866,0.9990000128746033,0.8813999891281128
YDL208W,YDR532C,0,-11.057862,0.10179335623979568,0.9990000128746033,0.8815000057220459
YLR286C,YPL046C,0,-11.05789,0.10178298503160477,0.9990000128746033,0.881600022315979
YDL192W,YBR103W,0,-11.057914,0.10177261382341385,0.9990000128746033,0.8816999793052673
YFL059W,YJL127C,0,-11.0583315,0.10176225006580353,0.9990000128746033,0.8817999958992004
YLR381W,YPL186C,0,-11.058366,0.1017518863081932,0.9990000128746033,0.8819000124931335
YBR029C,YLL056C,0,-11.058518,0.10174152255058289,0.9990000128746033,0.8820000290870667
YBR168W,YDR012W,0,-11.059125,0.10173115879297256,0.9990000128746033,0.882099986076355
YOR260W,YEL059C-A,0,-11.059285,0.10172080248594284,0.9990000128746033,0.8822000026702881
YGL222C,YOR124C,0,-11.061582,0.10171044617891312,0.9990000128746033,0.8823000192642212
YFR032C-A,YIR039C,0,-11.0624275,0.10170008987188339,0.9990000128746033,0.8823999762535095
YPL202C,YDL079C,0,-11.063026,0.10168974101543427,0.9990000128746033,0.8824999928474426
YLR189C,YNL273W,0,-11.064038,0.10167939215898514,0.9990000128746033,0.8826000094413757
YJL031C,YIL148W,0,-11.064609,0.10166904330253601,0.9990000128746033,0.8827000260353088
YLR191W,YMR140W,0,-11.065389,0.10165869444608688,0.9990000128746033,0.8827999830245972
YHL047C,YBR201W,0,-11.065464,0.10164835304021835,0.9990000128746033,0.8828999996185303
YNL278W,YOR103C,0,-11.065525,0.10163801163434982,0.9990000128746033,0.8830000162124634
YDR265W,YMR214W,0,-11.065875,0.10162767022848129,0.9990000128746033,0.8830999732017517
YAL017W,YDR240C,0,-11.066009,0.10161733627319336,0.9990000128746033,0.8831999897956848
YPL161C,YHR092C,0,-11.066533,0.10160699486732483,0.9990000128746033,0.8833000063896179
YGR113W,YGR132C,0,-11.067609,0.1015966609120369,0.9990000128746033,0.883400022983551
YDR330W,YML018C,0,-11.068139,0.10158633440732956,0.9990000128746033,0.8834999799728394
YHR067W,YFR040W,0,-11.068893,0.10157600045204163,0.9990000128746033,0.8835999965667725
YAL021C,YLR178C,0,-11.06948,0.10156567394733429,0.9990000128746033,0.8837000131607056
YBR185C,YPL268W,0,-11.069553,0.10155535489320755,0.9990000128746033,0.8838000297546387
YHL038C,YPR120C,0,-11.071974,0.10154502838850021,0.9990000128746033,0.883899986743927
YOR324C,YIL094C,0,-11.073356,0.10153470933437347,0.9990000128746033,0.8840000033378601
YOL008W,YMR211W,0,-11.074573,0.10152439028024673,0.9990000128746033,0.8841000199317932
YNL074C,YKR065C,0,-11.0758505,0.10151407122612,0.9990000128746033,0.8841999769210815
YPL259C,YKR037C,0,-11.078338,0.10150375962257385,0.9990000128746033,0.8842999935150146
YML120C,YGR116W,0,-11.078475,0.10149344801902771,0.9990000128746033,0.8844000101089478
YDL133C-A,YHR006W,0,-11.078959,0.10148313641548157,0.9990000128746033,0.8845000267028809
YDR110W,YOL064C,0,-11.07954,0.10147283226251602,0.9990000128746033,0.8845999836921692
YBR234C,YDL170W,0,-11.079746,0.10146252065896988,0.9990000128746033,0.8847000002861023
YMR306W,YOR358W,0,-11.080191,0.10145221650600433,0.9990000128746033,0.8848000168800354
YDR376W,YGR186W,0,-11.080471,0.10144191980361938,0.9990000128746033,0.8848999738693237
YPR006C,YJL140W,0,-11.082441,0.10143161565065384,0.9990000128746033,0.8849999904632568
YER008C,YOR076C,0,-11.082625,0.10142131894826889,0.9990000128746033,0.8851000070571899
YGR189C,YDL136W,0,-11.083144,0.10141102224588394,0.9990000128746033,0.885200023651123
YKL196C,YBR241C,0,-11.083483,0.10140073299407959,0.9990000128746033,0.8852999806404114
YPL038W,YGR046W,0,-11.083928,0.10139043629169464,0.9990000128746033,0.8853999972343445
YGL144C,YJL036W,0,-11.084281,0.10138014703989029,0.9990000128746033,0.8855000138282776
YKL135C,YNL302C,0,-11.084978,0.10136986523866653,0.9990000128746033,0.8855999708175659
YLR384C,YBR001C,0,-11.085647,0.10135957598686218,0.9990000128746033,0.885699987411499
YMR189W,YLR136C,0,-11.086586,0.10134929418563843,0.9990000128746033,0.8858000040054321
YLL031C,YML015C,0,-11.088187,0.10133901238441467,0.9990000128746033,0.8859000205993652
YDR096W,YER149C,0,-11.09129,0.10132873803377151,0.9990000128746033,0.8859999775886536
YKR027W,YGR258C,0,-11.0920105,0.10131845623254776,0.9990000128746033,0.8860999941825867
YPL202C,YNL315C,0,-11.092277,0.1013081818819046,0.9990000128746033,0.8862000107765198
YJL115W,YGL125W,0,-11.092773,0.10129790753126144,0.9990000128746033,0.8863000273704529
YBR164C,YJL094C,0,-11.093418,0.10128764063119888,0.9990000128746033,0.8863999843597412
YDR127W,YKL152C,0,-11.094007,0.10127737373113632,0.9990000128746033,0.8865000009536743
YFL029C,YBL039C,0,-11.094427,0.10126710683107376,0.9990000128746033,0.8866000175476074
YLR376C,YOR116C,0,-11.095136,0.1012568399310112,0.9990000128746033,0.8866999745368958
YDR258C,YML019W,0,-11.095683,0.10124658048152924,0.9990000128746033,0.8867999911308289
YJL085W,YIL106W,0,-11.09576,0.10123632103204727,0.9990000128746033,0.886900007724762
YJR103W,YPL105C,0,-11.097713,0.10122606158256531,0.9990000128746033,0.8870000243186951
YCL035C,YAL034W-A,0,-11.099315,0.10121580213308334,0.9990000128746033,0.8870999813079834
YCL067C,YAL043C,0,-11.100579,0.10120555013418198,0.9990000128746033,0.8871999979019165
YOL100W,YOL072W,0,-11.102869,0.10119529813528061,0.9990000128746033,0.8873000144958496
YOR354C,YPL092W,0,-11.103374,0.10118505358695984,0.9990000128746033,0.8873999714851379
YJR036C,YHR076W,0,-11.103567,0.10117480158805847,0.9990000128746033,0.887499988079071
YMR158W,YHR030C,0,-11.105546,0.1011645570397377,0.9990000128746033,0.8876000046730042
YLR131C,YKL173W,0,-11.106735,0.10115431249141693,0.9990000128746033,0.8877000212669373
YMR202W,YDR005C,0,-11.106814,0.10114407539367676,0.9990000128746033,0.8877999782562256
YDL243C,YMR060C,0,-11.106864,0.10113383084535599,0.9990000128746033,0.8878999948501587
YIL015W,YKL167C,0,-11.108983,0.10112359374761581,0.9990000128746033,0.8880000114440918
YMR198W,YPR125W,0,-11.110044,0.10111335664987564,0.9990000128746033,0.8881000280380249
YER028C,YGR084C,0,-11.111638,0.10110312700271606,0.9990000128746033,0.8881999850273132
YDR225W,YJR050W,0,-11.1117735,0.10109289735555649,0.9990000128746033,0.8883000016212463
YLR316C,YDR330W,0,-11.1121645,0.10108266770839691,0.9990000128746033,0.8884000182151794
YMR303C,YHR146W,0,-11.112613,0.10107243806123734,0.9990000128746033,0.8884999752044678
YIL154C,YKR001C,0,-11.116367,0.10106221586465836,0.9990000128746033,0.8885999917984009
YJL146W,YMR039C,0,-11.116673,0.10105199366807938,0.9990000128746033,0.888700008392334
YPR171W,YMR198W,0,-11.11778,0.1010417714715004,0.9990000128746033,0.8888000249862671
YDL223C,YHR025W,0,-11.119748,0.10103155672550201,0.9990000128746033,0.8888999819755554
YHR156C,YLR396C,0,-11.120397,0.10102133452892303,0.9990000128746033,0.8889999985694885
YER167W,YLR151C,0,-11.121361,0.10101111978292465,0.9990000128746033,0.8891000151634216
YDR009W,YBL025W,0,-11.121989,0.10100091248750687,0.9990000128746033,0.88919997215271
YCR037C,YDL147W,0,-11.123766,0.10099069774150848,0.9990000128746033,0.8892999887466431
YKL087C,YPL028W,0,-11.123966,0.1009804904460907,0.9990000128746033,0.8894000053405762
YJR016C,YBR169C,0,-11.124465,0.10097028315067291,0.9990000128746033,0.8895000219345093
YNL240C,YDR316W,0,-11.1244755,0.10096008330583572,0.9990000128746033,0.8895999789237976
YPL155C,YKL006W,0,-11.125391,0.10094987601041794,0.9990000128746033,0.8896999955177307
YMR180C,YMR207C,0,-11.126582,0.10093967616558075,0.9990000128746033,0.8898000121116638
YPR111W,YDL207W,0,-11.126689,0.10092948377132416,0.9990000128746033,0.8899000287055969
YDR294C,YLR432W,0,-11.127822,0.10091928392648697,0.9990000128746033,0.8899999856948853
YJL106W,YHR021C,0,-11.1284,0.10090909153223038,0.9990000128746033,0.8901000022888184
YML102W,YOR226C,0,-11.129639,0.10089889913797379,0.9990000128746033,0.8902000188827515
YOL063C,YLL062C,0,-11.129696,0.1008887067437172,0.9990000128746033,0.8902999758720398
YMR021C,YPL128C,0,-11.13063,0.1008785218000412,0.9990000128746033,0.8903999924659729
YEL019C,YNL252C,0,-11.132054,0.1008683368563652,0.9990000128746033,0.890500009059906
YLR303W,YIR011C,0,-11.132918,0.10085815191268921,0.9990000128746033,0.8906000256538391
YCR082W,YOR109W,0,-11.134692,0.10084797441959381,0.9990000128746033,0.8906999826431274
YPR104C,YJR102C,0,-11.135218,0.10083778947591782,0.9990000128746033,0.8907999992370605
YNL103W,YNL231C,0,-11.135894,0.10082761198282242,0.9990000128746033,0.8909000158309937
YIR009W,YLL010C,0,-11.135951,0.10081744194030762,0.9990000128746033,0.890999972820282
YCR009C,YPL094C,0,-11.136319,0.10080726444721222,0.9990000128746033,0.8910999894142151
YJL212C,YGR013W,0,-11.136632,0.10079709440469742,0.9990000128746033,0.8912000060081482
YOR150W,YPL193W,1,-11.137705,0.10088781267404556,1.0,0.8912000060081482
YFL003C,YMR060C,0,-11.139504,0.10087763518095016,1.0,0.8913000226020813
YER162C,YML043C,0,-11.14013,0.10086745768785477,1.0,0.8913999795913696
YBR195C,YLR329W,0,-11.14051,0.10085728764533997,1.0,0.8914999961853027
YLR291C,YOL129W,0,-11.143222,0.10084711760282516,1.0,0.8916000127792358
YLR043C,YGL249W,0,-11.143476,0.10083694756031036,1.0,0.891700029373169
YER089C,YGR221C,0,-11.143702,0.10082677751779556,1.0,0.8917999863624573
YOL132W,YNL067W,0,-11.144702,0.10081661492586136,1.0,0.8919000029563904
YOR148C,YHR181W,0,-11.145843,0.10080645233392715,1.0,0.8920000195503235
YOR245C,YER065C,0,-11.147035,0.10079628974199295,1.0,0.8920999765396118
YPL110C,YPL243W,0,-11.147786,0.10078613460063934,1.0,0.8921999931335449
YCR060W,YJL056C,0,-11.148169,0.10077597200870514,1.0,0.892300009727478
YGR224W,YDR331W,0,-11.149414,0.10076581686735153,1.0,0.8924000263214111
YPR188C,YIR002C,0,-11.150929,0.10075566917657852,1.0,0.8924999833106995
YNL271C,YJL090C,0,-11.151426,0.10074551403522491,1.0,0.8925999999046326
YMR041C,YGR170W,0,-11.151664,0.1007353663444519,1.0,0.8927000164985657
YHR107C,YIL168W,0,-11.153288,0.1007252186536789,1.0,0.892799973487854
YOR174W,YPR156C,0,-11.153307,0.10071507841348648,1.0,0.8928999900817871
YLR310C,YOL067C,0,-11.15531,0.10070493817329407,1.0,0.8930000066757202
YBR286W,YER112W,0,-11.156065,0.10069479048252106,1.0,0.8931000232696533
YPL079W,YIL084C,0,-11.159303,0.10068465769290924,1.0,0.8931999802589417
YMR198W,YDR296W,0,-11.159461,0.10067451745271683,1.0,0.8932999968528748
YNR060W,YPL063W,0,-11.159636,0.10066438466310501,1.0,0.8934000134468079
YER157W,YMR288W,0,-11.160207,0.1006542518734932,1.0,0.8934999704360962
YPL196W,YEL017C-A,0,-11.160819,0.10064411908388138,1.0,0.8935999870300293
YHR115C,YMR142C,0,-11.161098,0.10063399374485016,1.0,0.8937000036239624
YCL034W,YDR245W,0,-11.162078,0.10062386840581894,1.0,0.8938000202178955
YDR513W,YBR118W,0,-11.163167,0.10061374306678772,1.0,0.8938999772071838
YIL072W,YKL212W,0,-11.163985,0.1006036251783371,1.0,0.8939999938011169
YBR177C,YEL001C,0,-11.166498,0.10059349983930588,1.0,0.89410001039505
YKL079W,YOR295W,0,-11.166633,0.10058338195085526,1.0,0.8942000269889832
YDL103C,YMR104C,0,-11.166876,0.10057326406240463,1.0,0.8942999839782715
YMR180C,YHR041C,0,-11.169574,0.1005631536245346,1.0,0.8944000005722046
YGL136C,YCL032W,0,-11.169646,0.10055304318666458,1.0,0.8945000171661377
YAL038W,YDR494W,0,-11.169902,0.10054293274879456,1.0,0.894599974155426
YOR128C,YHR004C,0,-11.171912,0.10053282231092453,1.0,0.8946999907493591
YIL121W,YOL039W,0,-11.172387,0.1005227193236351,1.0,0.8948000073432922
YMR214W,YKL175W,0,-11.172529,0.10051261633634567,1.0,0.8949000239372253
YHL002W,YDL150W,0,-11.17387,0.10050251334905624,1.0,0.8949999809265137
YPR104C,YGR216C,0,-11.175394,0.10049241036176682,1.0,0.8950999975204468
YML077W,YER065C,0,-11.175717,0.10048231482505798,1.0,0.8952000141143799
YDR151C,YJL179W,0,-11.176563,0.10047221928834915,1.0,0.8952999711036682
YGL130W,YPL266W,0,-11.176621,0.10046212375164032,1.0,0.8953999876976013
YDL079C,YJL059W,0,-11.178021,0.10045203566551208,1.0,0.8955000042915344
YKL013C,YDR101C,0,-11.178038,0.10044194757938385,1.0,0.8956000208854675
YEL011W,YLR190W,0,-11.178826,0.10043185949325562,1.0,0.8956999778747559
YBR020W,YDR071C,0,-11.1800785,0.10042177140712738,1.0,0.895799994468689
YMR311C,YBR251W,0,-11.180105,0.10041169077157974,1.0,0.8959000110626221
YCL034W,YGR276C,0,-11.181126,0.1004016101360321,1.0,0.8960000276565552
YCR033W,YML001W,0,-11.181236,0.10039152950048447,1.0,0.8960999846458435
YDR314C,YLR298C,0,-11.183866,0.10038144886493683,1.0,0.8962000012397766
YNR007C,YHR187W,0,-11.183972,0.10037137567996979,1.0,0.8963000178337097
YBL015W,YMR156C,0,-11.187484,0.10036130249500275,1.0,0.896399974822998
YOR336W,YMR302C,0,-11.188703,0.1003512293100357,1.0,0.8964999914169312
YMR041C,YKL053C-A,0,-11.188824,0.10034116357564926,1.0,0.8966000080108643
YJL146W,YDL147W,0,-11.18883,0.10033109039068222,1.0,0.8967000246047974
YER167W,YBR009C,0,-11.19088,0.10032102465629578,1.0,0.8967999815940857
YPL269W,YER041W,0,-11.191015,0.10031096637248993,1.0,0.8968999981880188
YMR068W,YER105C,0,-11.19138,0.10030090063810349,1.0,0.8970000147819519
YER030W,YLR360W,0,-11.192983,0.10029084235429764,1.0,0.8970999717712402
YLL001W,YNL081C,0,-11.19317,0.10028078407049179,1.0,0.8971999883651733
YFL009W,YAL040C,0,-11.194364,0.10027073323726654,1.0,0.8973000049591064
YBL097W,YOL049W,0,-11.195525,0.1002606749534607,1.0,0.8974000215530396
YPL110C,YLR203C,0,-11.196667,0.10025062412023544,1.0,0.8974999785423279
YEL019C,YNL081C,0,-11.197187,0.10024058073759079,1.0,0.897599995136261
YER030W,YDL190C,0,-11.19818,0.10023052990436554,1.0,0.8977000117301941
YDL056W,YKL132C,0,-11.198487,0.10022048652172089,1.0,0.8978000283241272
YBR103W,YLR212C,0,-11.20078,0.10021044313907623,1.0,0.8978999853134155
YOR002W,YOR145C,0,-11.201235,0.10020039975643158,1.0,0.8980000019073486
YOR076C,YKL034W,0,-11.20126,0.10019036382436752,1.0,0.8981000185012817
YFR019W,YPR149W,0,-11.202688,0.10018032789230347,1.0,0.8981999754905701
YHL002W,YJL079C,0,-11.203602,0.10017029196023941,1.0,0.8982999920845032
YER155C,YDR100W,0,-11.204138,0.10016025602817535,1.0,0.8984000086784363
YJL058C,YIR015W,0,-11.2052,0.1001502275466919,1.0,0.8985000252723694
YER061C,YGR135W,0,-11.205333,0.10014019906520844,1.0,0.8985999822616577
YML071C,YPR005C,0,-11.205974,0.10013017058372498,1.0,0.8986999988555908
YPL119C,YDR201W,0,-11.206228,0.10012014210224152,1.0,0.8988000154495239
YGL142C,YOL010W,0,-11.2063,0.10011012107133865,1.0,0.8988999724388123
YGR217W,YCR046C,0,-11.207071,0.10010010004043579,1.0,0.8989999890327454
YHR069C,YMR302C,0,-11.207943,0.10009007900953293,1.0,0.8991000056266785
YGR167W,YOR176W,0,-11.207988,0.10008006542921066,1.0,0.8992000222206116
YNR060W,YJR123W,0,-11.209228,0.1000700518488884,1.0,0.8992999792098999
YGR041W,YLR119W,0,-11.209889,0.10006003826856613,1.0,0.899399995803833
YNR035C,YJL054W,0,-11.210171,0.10005002468824387,1.0,0.8995000123977661
YKL101W,YIR039C,0,-11.210833,0.1000400185585022,1.0,0.8996000289916992
YBR045C,YPR103W,0,-11.211362,0.10003001242876053,1.0,0.8996999859809875
YBL085W,YPR008W,0,-11.21146,0.10002000629901886,1.0,0.8998000025749207
YMR068W,YNL201C,0,-11.211696,0.10001000016927719,1.0,0.8999000191688538
YDR511W,YNL227C,0,-11.212299,0.10000000149011612,1.0,0.8999999761581421
YLL015W,YBR010W,0,-11.212675,0.09999000281095505,1.0,0.9000999927520752
YBR215W,YNL074C,0,-11.217127,0.09998000413179398,1.0,0.9002000093460083
YDL088C,YNL054W,0,-11.217165,0.0999700054526329,1.0,0.9003000259399414
YDR231C,YMR273C,0,-11.21848,0.09996001422405243,1.0,0.9003999829292297
YFR021W,YKL173W,0,-11.220534,0.09995002299547195,1.0,0.9004999995231628
YJL019W,YFR010W,0,-11.221278,0.09994003921747208,1.0,0.900600016117096
YNL209W,YKR020W,0,-11.223483,0.0999300479888916,1.0,0.9006999731063843
YDL150W,YAL005C,0,-11.224612,0.09992006421089172,1.0,0.9007999897003174
YKL170W,YLR193C,0,-11.22462,0.09991008043289185,1.0,0.9009000062942505
YIR033W,YNL081C,0,-11.224672,0.09990009665489197,1.0,0.9010000228881836
YFL056C,YOR233W,0,-11.225893,0.09989012032747269,1.0,0.9010999798774719
YKR031C,YNL044W,0,-11.226146,0.0998801440000534,1.0,0.901199996471405
YGL054C,YOR328W,0,-11.226162,0.09987016767263412,1.0,0.9013000130653381
YDR253C,YLR086W,0,-11.226319,0.09986019879579544,1.0,0.9014000296592712
YGL106W,YOL138C,0,-11.22844,0.09985022246837616,1.0,0.9014999866485596
YMR100W,YOR060C,0,-11.228758,0.09984025359153748,1.0,0.9016000032424927
YDR375C,YDR229W,0,-11.229466,0.09983029216527939,1.0,0.9017000198364258
YCR082W,YPL249C-A,0,-11.231628,0.0998203232884407,1.0,0.9017999768257141
YER118C,YOR124C,0,-11.232768,0.09981036186218262,1.0,0.9018999934196472
YDL230W,YNL247W,0,-11.234737,0.09980040043592453,1.0,0.9020000100135803
YDL110C,YLL014W,0,-11.236651,0.09979043900966644,1.0,0.9021000266075134
YGL104C,YKL027W,0,-11.237336,0.09978048503398895,1.0,0.9021999835968018
YLR080W,YDR081C,0,-11.238088,0.09977053105831146,1.0,0.9023000001907349
YPL241C,YFR010W,0,-11.238391,0.09976057708263397,1.0,0.902400016784668
YBR021W,YJL053W,0,-11.240166,0.09975062310695648,1.0,0.9024999737739563
YMR024W,YJL127C,0,-11.24032,0.09974067658185959,1.0,0.9025999903678894
YGL201C,YPL147W,0,-11.241743,0.0997307300567627,1.0,0.9027000069618225
YOR191W,YKR037C,0,-11.244268,0.0997207835316658,1.0,0.9028000235557556
YNL062C,YJL213W,0,-11.247712,0.09971083700656891,1.0,0.902899980545044
YDR479C,YPL133C,0,-11.24851,0.09970089793205261,1.0,0.902999997138977
YHR005C-A,YLR194C,0,-11.249097,0.09969095885753632,1.0,0.9031000137329102
YCL016C,YDR419W,0,-11.250636,0.09968101978302002,1.0,0.9031999707221985
YJR092W,YPR094W,0,-11.252524,0.09967108815908432,1.0,0.9032999873161316
YCL024W,YBR212W,0,-11.253542,0.09966114908456802,1.0,0.9034000039100647
YGL180W,YKL017C,0,-11.254088,0.09965121746063232,1.0,0.9035000205039978
YNR041C,YGR268C,0,-11.255689,0.09964129328727722,1.0,0.9035999774932861
YPL200W,YOR231W,0,-11.256349,0.09963136166334152,1.0,0.9036999940872192
YKL052C,YER086W,0,-11.260795,0.09962143748998642,1.0,0.9038000106811523
YDR296W,YPR134W,0,-11.261839,0.09961151331663132,1.0,0.9039000272750854
YJL148W,YPR121W,0,-11.263931,0.09960159659385681,1.0,0.9039999842643738
YLR231C,YGL061C,0,-11.264258,0.09959167242050171,1.0,0.9041000008583069
YJL001W,YHL027W,0,-11.264407,0.0995817556977272,1.0,0.90420001745224
YLR131C,YER022W,0,-11.2650385,0.0995718389749527,1.0,0.9042999744415283
YKL013C,YPR049C,0,-11.265206,0.09956192970275879,1.0,0.9043999910354614
YCL040W,YOL034W,0,-11.265381,0.09955201297998428,1.0,0.9045000076293945
YLR242C,YIL155C,0,-11.266073,0.09954210370779037,1.0,0.9046000242233276
YCR075C,YKL189W,0,-11.267366,0.09953220188617706,1.0,0.904699981212616
YNR035C,YKL139W,0,-11.267859,0.09952229261398315,1.0,0.9047999978065491
YHR015W,YOL005C,0,-11.268232,0.09951239079236984,1.0,0.9049000144004822
YDL039C,YBL056W,0,-11.268506,0.09950248897075653,1.0,0.9049999713897705
YPL118W,YDR217C,0,-11.271733,0.09949258714914322,1.0,0.9050999879837036
YNR032C-A,YGL075C,0,-11.271773,0.0994826927781105,1.0,0.9052000045776367
YOR185C,YHR117W,0,-11.272351,0.09947279095649719,1.0,0.9053000211715698
YHR051W,YKR089C,0,-11.272456,0.09946290403604507,1.0,0.9053999781608582
YJL065C,YBR049C,0,-11.274888,0.09945300966501236,1.0,0.9054999947547913
YLL003W,YNL131W,0,-11.275352,0.09944311529397964,1.0,0.9056000113487244
YML078W,YJL079C,0,-11.281813,0.09943322837352753,1.0,0.9057000279426575
YMR137C,YML014W,0,-11.282833,0.09942334145307541,1.0,0.9057999849319458
YPR073C,YDL188C,0,-11.283559,0.09941346198320389,1.0,0.9059000015258789
YJR042W,YJR019C,0,-11.284463,0.09940357506275177,1.0,0.906000018119812
YPL078C,YCR005C,0,-11.286171,0.09939369559288025,1.0,0.9060999751091003
YPL046C,YDL161W,0,-11.286862,0.09938382357358932,1.0,0.9061999917030334
YFR019W,YML125C,0,-11.287201,0.0993739441037178,1.0,0.9063000082969666
YNL271C,YPR046W,0,-11.288829,0.09936407208442688,1.0,0.9064000248908997
YNR045W,YJL045W,0,-11.28911,0.09935420006513596,1.0,0.906499981880188
YOL017W,YGL142C,0,-11.289409,0.09934432804584503,1.0,0.9065999984741211
YJL058C,YER050C,0,-11.289681,0.09933445602655411,1.0,0.9067000150680542
YNL099C,YBL067C,0,-11.290013,0.09932459145784378,1.0,0.9067999720573425
YMR172W,YIL018W,0,-11.295022,0.09931472688913345,1.0,0.9068999886512756
YPR006C,YOL039W,0,-11.297038,0.09930486232042313,1.0,0.9070000052452087
YLL050C,YDR258C,0,-11.298498,0.0992950052022934,1.0,0.9071000218391418
YPR193C,YBR130C,0,-11.299726,0.09928514808416367,1.0,0.9071999788284302
YNL242W,YLR418C,0,-11.301123,0.09927529096603394,1.0,0.9072999954223633
YLR355C,YGL219C,0,-11.302739,0.0992654338479042,1.0,0.9074000120162964
YPL249C,YLR378C,0,-11.303468,0.09925558418035507,1.0,0.9075000286102295
YDR299W,YOR003W,0,-11.304046,0.09924573451280594,1.0,0.9075999855995178
YCR010C,YNR041C,0,-11.30487,0.0992358848452568,1.0,0.9077000021934509
YNL136W,YLR357W,0,-11.305985,0.09922603517770767,1.0,0.907800018787384
YML064C,YLL023C,0,-11.3063755,0.09921619296073914,1.0,0.9078999757766724
YAL020C,YGL013C,0,-11.30683,0.0992063507437706,1.0,0.9079999923706055
YGL222C,YDR237W,0,-11.310734,0.09919650852680206,1.0,0.9081000089645386
YLL026W,YHR072W-A,0,-11.312337,0.09918666630983353,1.0,0.9082000255584717
YMR065W,YKL167C,0,-11.312997,0.09917683154344559,1.0,0.90829998254776
YDR299W,YPL171C,0,-11.314231,0.09916699677705765,1.0,0.9083999991416931
YDR261C,YGL151W,0,-11.317181,0.09915716201066971,1.0,0.9085000157356262
YAL061W,YDR238C,0,-11.317266,0.09914733469486237,1.0,0.9085999727249146
YMR075W,YCL008C,0,-11.31784,0.09913750737905502,1.0,0.9086999893188477
YLR100W,YBR289W,0,-11.319958,0.09912768006324768,1.0,0.9088000059127808
YMR138W,YDR284C,0,-11.321362,0.09911785274744034,1.0,0.9089000225067139
YGR063C,YJR110W,0,-11.325149,0.099108025431633,1.0,0.9089999794960022
YOR119C,YDR322C-A,0,-11.325315,0.09909820556640625,1.0,0.9090999960899353
YNL227C,YOR190W,0,-11.325685,0.0990883857011795,1.0,0.9092000126838684
YBR018C,YHL015W,0,-11.326064,0.09907856583595276,1.0,0.9093000292778015
YJR084W,YJL052W,0,-11.329143,0.09906875342130661,1.0,0.9093999862670898
YPL241C,YGL179C,0,-11.329417,0.09905894100666046,1.0,0.909500002861023
YNL094W,YGL029W,0,-11.329782,0.09904912859201431,1.0,0.909600019454956
YKL160W,YMR071C,0,-11.334418,0.09903931617736816,1.0,0.9096999764442444
YCR082W,YDL220C,0,-11.334588,0.09902951121330261,1.0,0.9097999930381775
YPL117C,YDR247W,0,-11.334977,0.09901970624923706,1.0,0.9099000096321106
YDR323C,YBL080C,0,-11.336854,0.09900990128517151,1.0,0.9100000262260437
YDR163W,YJL005W,0,-11.338588,0.09900009632110596,1.0,0.910099983215332
YLR103C,YNR032W,0,-11.33937,0.098990298807621,1.0,0.9101999998092651
YJL159W,YDL105W,0,-11.34003,0.09898050129413605,1.0,0.9103000164031982
YGR175C,YMR004W,0,-11.34015,0.09897070378065109,1.0,0.9103999733924866
YPR006C,YGR075C,0,-11.340682,0.09896091371774673,1.0,0.9104999899864197
YNR060W,YGL135W,0,-11.3435545,0.09895111620426178,1.0,0.9106000065803528
YJL137C,YLR181C,0,-11.344324,0.09894132614135742,1.0,0.9107000231742859
YKL189W,YNL069C,0,-11.344527,0.09893153607845306,1.0,0.9107999801635742
YKL078W,YDR315C,0,-11.345804,0.0989217534661293,1.0,0.9108999967575073
YBR112C,YIR039C,0,-11.345872,0.09891197085380554,1.0,0.9110000133514404
YHR074W,YNL301C,0,-11.346051,0.09890218824148178,1.0,0.9110999703407288
YOR245C,YDR320C,0,-11.346861,0.09889240562915802,1.0,0.9111999869346619
YBR145W,YKR090W,0,-11.347081,0.09888262301683426,1.0,0.911300003528595
YGL222C,YER008C,0,-11.349996,0.0988728478550911,1.0,0.9114000201225281
YBR112C,YCL040W,0,-11.350435,0.09886307269334793,1.0,0.9114999771118164
YKL186C,YDR251W,0,-11.351453,0.09885330498218536,1.0,0.9115999937057495
YKL142W,YGR260W,0,-11.354314,0.0988435298204422,1.0,0.9117000102996826
YDL088C,YAL011W,0,-11.357142,0.09883376210927963,1.0,0.9118000268936157
YJL099W,YGR195W,0,-11.357151,0.09882399439811707,1.0,0.911899983882904
YNR030W,YHR104W,0,-11.357608,0.0988142266869545,1.0,0.9120000004768372
YER021W,YKL126W,0,-11.364879,0.09880446642637253,1.0,0.9121000170707703
YDR054C,YDL212W,0,-11.367436,0.09879470616579056,1.0,0.9121999740600586
YBR286W,YKL139W,0,-11.367488,0.09878494590520859,1.0,0.9122999906539917
YGL083W,YIL168W,0,-11.369718,0.09877518564462662,1.0,0.9124000072479248
YLR160C,YOR144C,0,-11.370089,0.09876543283462524,1.0,0.9125000238418579
YPL224C,YKL184W,0,-11.370671,0.09875568002462387,1.0,0.9125999808311462
YHR147C,YEL047C,0,-11.376456,0.0987459272146225,1.0,0.9126999974250793
YML028W,YOL138C,0,-11.376479,0.09873617440462112,1.0,0.9128000140190125
YMR041C,YLR085C,0,-11.377716,0.09872642904520035,1.0,0.9128999710083008
YPR134W,YIL016W,0,-11.3793745,0.09871668368577957,1.0,0.9129999876022339
YHL036W,YPL139C,0,-11.380042,0.0987069383263588,1.0,0.913100004196167
YAL034W-A,YCL057W,0,-11.382865,0.09869720041751862,1.0,0.9132000207901001
YLR441C,YJR049C,0,-11.383144,0.09868745505809784,1.0,0.9132999777793884
YMR192W,YJL210W,0,-11.384127,0.09867771714925766,1.0,0.9133999943733215
YAL055W,YOR353C,0,-11.386505,0.09866797924041748,1.0,0.9135000109672546
YPR111W,YPL081W,0,-11.3866,0.0986582487821579,1.0,0.9136000275611877
YMR052W,YDL078C,0,-11.387415,0.09864851832389832,1.0,0.9136999845504761
YMR139W,YJR044C,0,-11.3889475,0.09863878786563873,1.0,0.9138000011444092
YIL009W,YPR191W,0,-11.390674,0.09862905740737915,1.0,0.9139000177383423
YNL287W,YER024W,0,-11.391131,0.09861932694911957,1.0,0.9139999747276306
YMR158W,YDR178W,0,-11.3930025,0.09860960394144058,1.0,0.9140999913215637
YDR252W,YHR059W,0,-11.39302,0.0985998809337616,1.0,0.9142000079154968
YGR240C,YIL008W,0,-11.393553,0.09859015792608261,1.0,0.9143000245094299
YGR028W,YML064C,0,-11.39426,0.09858044236898422,1.0,0.9143999814987183
YPR025C,YKL001C,0,-11.395497,0.09857072681188583,1.0,0.9144999980926514
YBR022W,YNL312W,0,-11.396316,0.09856101125478745,1.0,0.9146000146865845
YJR105W,YBR230C,0,-11.39671,0.09855129569768906,1.0,0.9146999716758728
YBR139W,YKL063C,0,-11.398294,0.09854158759117126,1.0,0.9147999882698059
YLR197W,YKR089C,0,-11.39889,0.09853187203407288,1.0,0.914900004863739
YGR038W,YMR322C,0,-11.399355,0.09852216392755508,1.0,0.9150000214576721
YLR367W,YPL236C,0,-11.402514,0.09851246327161789,1.0,0.9150999784469604
YDL117W,YBR272C,0,-11.403921,0.0985027551651001,1.0,0.9151999950408936
YKL092C,YMR275C,0,-11.405047,0.0984930545091629,1.0,0.9153000116348267
YJR118C,YDR080W,0,-11.405566,0.09848335385322571,1.0,0.9154000282287598
YFL009W,YBR216C,0,-11.406401,0.09847366064786911,1.0,0.9154999852180481
YOR347C,YGR094W,0,-11.406684,0.09846395999193192,1.0,0.9156000018119812
YFR015C,YGL236C,0,-11.406707,0.09845426678657532,1.0,0.9157000184059143
YPR171W,YBR054W,0,-11.406885,0.09844457358121872,1.0,0.9157999753952026
YML120C,YKL166C,0,-11.406971,0.09843488782644272,1.0,0.9158999919891357
YNL166C,YBL005W,0,-11.407847,0.09842519462108612,1.0,0.9160000085830688
YBR245C,YOL055C,0,-11.408184,0.09841550886631012,1.0,0.916100025177002
YHR204W,YNL026W,0,-11.4095955,0.09840582311153412,1.0,0.9161999821662903
YBR026C,YDR211W,0,-11.411754,0.09839614480733871,1.0,0.9162999987602234
YLR350W,YMR233W,0,-11.412324,0.09838645905256271,1.0,0.9164000153541565
YDL079C,YBR279W,0,-11.413418,0.09837678074836731,1.0,0.9164999723434448
YBR072W,YLR369W,0,-11.413756,0.0983671024441719,1.0,0.9165999889373779
YGR260W,YER093C,0,-11.414533,0.0983574315905571,1.0,0.916700005531311
YLR047C,YPR008W,0,-11.416063,0.09834776073694229,1.0,0.9168000221252441
YPL095C,YDR207C,0,-11.416837,0.09833808988332748,1.0,0.9168999791145325
YKR065C,YDR289C,0,-11.417115,0.09832841902971268,1.0,0.9169999957084656
YFL055W,YPL100W,0,-11.418653,0.09831874817609787,1.0,0.9171000123023987
YFR052W,YJR019C,0,-11.419628,0.09830908477306366,1.0,0.9172000288963318
YDR318W,YNR015W,0,-11.419871,0.09829942137002945,1.0,0.9172999858856201
YFL034C-A,YJL048C,0,-11.422203,0.09828975796699524,1.0,0.9174000024795532
YJR036C,YNL240C,0,-11.422406,0.09828009456396103,1.0,0.9175000190734863
YGL013C,YDR100W,0,-11.42545,0.09827043861150742,1.0,0.9175999760627747
YOL009C,YML049C,0,-11.426063,0.0982607826590538,1.0,0.9176999926567078
YHL047C,YMR296C,0,-11.426835,0.09825112670660019,1.0,0.9178000092506409
YCR065W,YJL089W,0,-11.429176,0.09824147820472717,1.0,0.917900025844574
YBL040C,YMR189W,0,-11.42922,0.09823182970285416,1.0,0.9179999828338623
YPR002W,YLR421C,0,-11.430116,0.09822218120098114,1.0,0.9180999994277954
YGL191W,YHR041C,0,-11.430403,0.09821253269910812,1.0,0.9182000160217285
YGL004C,YLR441C,0,-11.430842,0.09820288419723511,1.0,0.9182999730110168
YGL139W,YOR259C,0,-11.431293,0.09819324314594269,1.0,0.91839998960495
YBR109C,YMR277W,0,-11.432156,0.09818360209465027,1.0,0.9185000061988831
YOL005C,YKL034W,0,-11.433489,0.09817396104335785,1.0,0.9186000227928162
YNL185C,YDR105C,0,-11.433581,0.09816432744264603,1.0,0.9186999797821045
YLL009C,YJL047C,0,-11.434623,0.0981546938419342,1.0,0.9187999963760376
YKL093W,YPL139C,0,-11.435037,0.09814506024122238,1.0,0.9189000129699707
YLR189C,YGR181W,0,-11.435092,0.09813542664051056,1.0,0.9190000295639038
YDR173C,YJR019C,0,-11.435888,0.09812580049037933,1.0,0.9190999865531921
YLR318W,YHR061C,0,-11.436149,0.09811616688966751,1.0,0.9192000031471252
YDR211W,YBR298C,0,-11.436469,0.09810654073953629,1.0,0.9193000197410583
YBR109C,YEL039C,0,-11.436666,0.09809692203998566,1.0,0.9193999767303467
YPL133C,YJL192C,0,-11.436735,0.09808729588985443,1.0,0.9194999933242798
YFR053C,YPL124W,0,-11.438216,0.0980776771903038,1.0,0.9196000099182129
YOL084W,YDR515W,0,-11.439668,0.09806805849075317,1.0,0.919700026512146
YPL038W,YHL027W,0,-11.440471,0.09805843979120255,1.0,0.9197999835014343
YOL054W,YJR021C,0,-11.441128,0.09804882854223251,1.0,0.9199000000953674
YAL021C,YNL090W,0,-11.442018,0.09803921729326248,1.0,0.9200000166893005
YNR041C,YLR151C,0,-11.445737,0.09802960604429245,1.0,0.9200999736785889
YMR162C,YKR008W,0,-11.446216,0.09801999479532242,1.0,0.920199990272522
YNR022C,YDR262W,0,-11.446635,0.09801039099693298,1.0,0.9203000068664551
YIL019W,YNL092W,0,-11.447395,0.09800078719854355,1.0,0.9204000234603882
YHR154W,YBR126C,0,-11.449633,0.09799118340015411,1.0,0.9204999804496765
YDR173C,YIL094C,0,-11.450655,0.09798157960176468,1.0,0.9205999970436096
YDL024C,YOR260W,0,-11.450703,0.09797198325395584,1.0,0.9207000136375427
YHR047C,YOR120W,0,-11.451138,0.0979623794555664,1.0,0.920799970626831
YFL029C,YJL198W,0,-11.4514,0.09795278310775757,1.0,0.9208999872207642
YDR116C,YBR117C,0,-11.451591,0.09794319421052933,1.0,0.9210000038146973
YJR022W,YGR033C,0,-11.453993,0.09793359786272049,1.0,0.9211000204086304
YKL129C,YOR056C,0,-11.454845,0.09792400896549225,1.0,0.9211999773979187
YDL084W,YGR002C,0,-11.455402,0.09791442006826401,1.0,0.9212999939918518
YBR218C,YNL244C,0,-11.455924,0.09790483862161636,1.0,0.9214000105857849
YLR329W,YDR410C,0,-11.456216,0.09789524972438812,1.0,0.921500027179718
YPR192W,YLR372W,0,-11.459588,0.09788566827774048,1.0,0.9215999841690063
YGR154C,YLR223C,0,-11.462543,0.09787608683109283,1.0,0.9217000007629395
YOL119C,YEL037C,0,-11.465646,0.09786651283502579,1.0,0.9218000173568726
YGR260W,YDR486C,0,-11.465922,0.09785693138837814,1.0,0.9218999743461609
YGR230W,YMR161W,0,-11.466471,0.0978473573923111,1.0,0.921999990940094
YLR008C,YKL086W,0,-11.4677925,0.09783778339624405,1.0,0.9221000075340271
YIL051C,YJL123C,0,-11.47174,0.0978282168507576,1.0,0.9222000241279602
YJR052W,YGR181W,0,-11.472557,0.09781864285469055,1.0,0.9222999811172485
YNR011C,YGL098W,0,-11.473498,0.0978090763092041,1.0,0.9223999977111816
YGR246C,YKL126W,0,-11.475298,0.09779950976371765,1.0,0.9225000143051147
YHR150W,YGL093W,0,-11.476631,0.0977899506688118,1.0,0.9225999712944031
YBR171W,YMR313C,0,-11.477379,0.09778038412332535,1.0,0.9226999878883362
YER040W,YGL064C,0,-11.478013,0.0977708250284195,1.0,0.9228000044822693
YNL178W,YOR228C,0,-11.478073,0.09776126593351364,1.0,0.9229000210762024
YNL173C,YBR162W-A,0,-11.480229,0.09775171428918839,1.0,0.9229999780654907
YGR189C,YJL104W,0,-11.4811125,0.09774215519428253,1.0,0.9230999946594238
YKL216W,YMR284W,0,-11.482078,0.09773260354995728,1.0,0.9232000112533569
YGL187C,YMR008C,0,-11.483339,0.09772305190563202,1.0,0.92330002784729
YBR130C,YFL059W,0,-11.483372,0.09771350771188736,1.0,0.9233999848365784
YJR033C,YIR011C,0,-11.484453,0.0977039560675621,1.0,0.9235000014305115
YIL154C,YAR071W,0,-11.485309,0.09769441187381744,1.0,0.9236000180244446
YDL002C,YOR321W,0,-11.485587,0.09768486768007278,1.0,0.9236999750137329
YLR142W,YKL130C,0,-11.48759,0.09767533093690872,1.0,0.923799991607666
YKL064W,YML001W,0,-11.488293,0.09766578674316406,1.0,0.9239000082015991
YGL094C,YOR132W,0,-11.488848,0.09765625,1.0,0.9240000247955322
YHL016C,YER072W,0,-11.489305,0.09764671325683594,1.0,0.9240999817848206
YCL051W,YLR367W,0,-11.489451,0.09763717651367188,1.0,0.9241999983787537
YIL019W,YOR285W,0,-11.489726,0.09762764722108841,1.0,0.9243000149726868
YDR137W,YPR125W,0,-11.491591,0.09761811792850494,1.0,0.9243999719619751
YBR214W,YER151C,0,-11.49297,0.09760858863592148,1.0,0.9244999885559082
YJL165C,YJL078C,0,-11.495026,0.09759905934333801,1.0,0.9246000051498413
YPL221W,YMR290C,0,-11.498597,0.09758953750133514,1.0,0.9247000217437744
YNL071W,YHR105W,0,-11.501016,0.09758001565933228,1.0,0.9247999787330627
YGL191W,YDL171C,0,-11.502147,0.0975704938173294,1.0,0.9248999953269958
YDL192W,YOR336W,0,-11.502195,0.09756097197532654,1.0,0.925000011920929
YML048W,YMR236W,0,-11.502979,0.09755145758390427,1.0,0.9251000285148621
YDL013W,YKL180W,0,-11.503284,0.097541943192482,1.0,0.9251999855041504
YKL005C,YJL143W,0,-11.506056,0.09753242880105972,1.0,0.9253000020980835
YNL175C,YHR001W,0,-11.506599,0.09752291440963745,1.0,0.9254000186920166
YJR016C,YOR036W,0,-11.507448,0.09751340746879578,1.0,0.9254999756813049
YDR315C,YMR004W,0,-11.509573,0.0975039005279541,1.0,0.925599992275238
YMR201C,YOR229W,0,-11.51019,0.09749439358711243,1.0,0.9257000088691711
YMR189W,YGL232W,0,-11.510829,0.09748488664627075,1.0,0.9258000254631042
YKL029C,YLL006W,0,-11.511032,0.09747538715600967,1.0,0.9258999824523926
YOL013C,YER161C,0,-11.514471,0.0974658876657486,1.0,0.9259999990463257
YPL119C,YPL273W,0,-11.515573,0.09745638817548752,1.0,0.9261000156402588
YNR016C,YOR259C,0,-11.516106,0.09744688868522644,1.0,0.9261999726295471
YLR239C,YDR409W,0,-11.520989,0.09743739664554596,1.0,0.9262999892234802
YCL035C,YBL026W,0,-11.528974,0.09742790460586548,1.0,0.9264000058174133
YLR116W,YBR165W,0,-11.53237,0.097418412566185,1.0,0.9265000224113464
YBL005W,YOL100W,0,-11.532747,0.09740892052650452,1.0,0.9265999794006348
YGL073W,YPL249C-A,0,-11.534699,0.09739943593740463,1.0,0.9266999959945679
YOL100W,YER148W,0,-11.536881,0.09738995134830475,1.0,0.926800012588501
YCR065W,YDR289C,0,-11.537206,0.09738046675920486,1.0,0.9269000291824341
YJL122W,YOR049C,0,-11.537631,0.09737098217010498,1.0,0.9269999861717224
YML043C,YHR006W,0,-11.53799,0.0973615050315857,1.0,0.9271000027656555
YJR052W,YLL024C,0,-11.540338,0.0973520278930664,1.0,0.9272000193595886
YIL085C,YAL017W,0,-11.544169,0.09734255075454712,1.0,0.927299976348877
YJL172W,YKL117W,0,-11.547051,0.09733307361602783,1.0,0.9273999929428101
YLR332W,YPL220W,0,-11.54712,0.09732360392808914,1.0,0.9275000095367432
YDR460W,YDL224C,0,-11.549283,0.09731412678956985,1.0,0.9276000261306763
YHR120W,YMR314W,0,-11.55162,0.09730466455221176,1.0,0.9276999831199646
YOR257W,YLL061W,0,-11.5535345,0.09729519486427307,1.0,0.9277999997138977
YLR312W-A,YHL036W,0,-11.55598,0.09728572517633438,1.0,0.9279000163078308
YEL071W,YKL124W,0,-11.560007,0.09727626293897629,1.0,0.9279999732971191
YOL060C,YDR397C,0,-11.560035,0.0972668007016182,1.0,0.9280999898910522
YPL133C,YGL129C,0,-11.560245,0.0972573459148407,1.0,0.9282000064849854
YBR222C,YDR382W,0,-11.56087,0.0972478836774826,1.0,0.9283000230789185
YMR068W,YPL198W,0,-11.562785,0.09723842889070511,1.0,0.9283999800682068
YAL015C,YER031C,0,-11.563542,0.09722897410392761,1.0,0.9284999966621399
YPL196W,YDR172W,0,-11.563955,0.09721951931715012,1.0,0.928600013256073
YLR025W,YLR020C,0,-11.564838,0.09721007198095322,1.0,0.9286999702453613
YIL007C,YDR381W,0,-11.564953,0.09720062464475632,1.0,0.9287999868392944
YBL097W,YGR183C,0,-11.565636,0.09719117730855942,1.0,0.9289000034332275
YIR022W,YMR322C,0,-11.566569,0.09718172997236252,1.0,0.9290000200271606
YGR288W,YGR158C,0,-11.569438,0.09717229008674622,1.0,0.929099977016449
YOL145C,YJR125C,0,-11.570432,0.09716284275054932,1.0,0.9291999936103821
YER050C,YLR004C,0,-11.571779,0.09715340286493301,1.0,0.9293000102043152
YLR078C,YOL055C,0,-11.574023,0.09714397042989731,1.0,0.9294000267982483
YBR133C,YLL023C,0,-11.575082,0.097134530544281,1.0,0.9294999837875366
YIL154C,YJL072C,0,-11.575276,0.0971250981092453,1.0,0.9296000003814697
YOR284W,YIR025W,0,-11.57799,0.0971156656742096,1.0,0.9297000169754028
YPL110C,YPR149W,0,-11.578612,0.09710623323917389,1.0,0.9297999739646912
YPL017C,YCL024W,0,-11.579271,0.09709680825471878,1.0,0.9298999905586243
YNL062C,YHR105W,0,-11.579722,0.09708737581968307,1.0,0.9300000071525574
YNR056C,YDR064W,0,-11.583498,0.09707795083522797,1.0,0.9301000237464905
YML048W,YMR251W-A,0,-11.584085,0.09706853330135345,1.0,0.9301999807357788
YNL073W,YNL222W,0,-11.585797,0.09705910831689835,1.0,0.9302999973297119
YJL065C,YPL268W,0,-11.587013,0.09704969078302383,1.0,0.930400013923645
YDL191W,YDL130W-A,0,-11.587469,0.09704027324914932,1.0,0.9304999709129333
YHL027W,YBR192W,0,-11.588364,0.09703085571527481,1.0,0.9305999875068665
YMR298W,YFR040W,0,-11.588405,0.0970214381814003,1.0,0.9307000041007996
YOR384W,YLR447C,0,-11.588668,0.09701202809810638,1.0,0.9308000206947327
YER169W,YBR189W,0,-11.58907,0.09700261801481247,1.0,0.930899977684021
YMR172W,YCL052C,0,-11.59146,0.09699320793151855,1.0,0.9309999942779541
YGL064C,YLR324W,0,-11.592084,0.09698380529880524,1.0,0.9311000108718872
YCR047C,YJR161C,0,-11.592681,0.09697439521551132,1.0,0.9312000274658203
YBR004C,YNL284C,0,-11.592727,0.096964992582798,1.0,0.9312999844551086
YKL062W,YAR002W,0,-11.594317,0.09695559740066528,1.0,0.9314000010490417
YBL091C,YJL052W,0,-11.596336,0.09694619476795197,1.0,0.9315000176429749
YDR045C,YIL006W,0,-11.597285,0.09693679958581924,1.0,0.9315999746322632
YJR013W,YLL010C,0,-11.5975485,0.09692740440368652,1.0,0.9316999912261963
YPL255W,YBR080C,0,-11.598819,0.0969180092215538,1.0,0.9318000078201294
YGR088W,YBR271W,0,-11.599377,0.09690861403942108,1.0,0.9319000244140625
YDR265W,YML055W,0,-11.599557,0.09689922630786896,1.0,0.9319999814033508
YBR149W,YHR005C-A,0,-11.600011,0.09688983857631683,1.0,0.9320999979972839
YBR234C,YNL216W,0,-11.60064,0.09688045084476471,1.0,0.932200014591217
YDR019C,YGR144W,0,-11.601403,0.09687106311321259,1.0,0.9322999715805054
YER040W,YGR116W,0,-11.601844,0.09686168283224106,1.0,0.9323999881744385
YNL099C,YOL138C,0,-11.602582,0.09685230255126953,1.0,0.9325000047683716
YGR179C,YPR182W,0,-11.604433,0.096842922270298,1.0,0.9326000213623047
YOR176W,YMR006C,0,-11.605575,0.09683354198932648,1.0,0.932699978351593
YDL148C,YPL120W,0,-11.606055,0.09682416915893555,1.0,0.9327999949455261
YBL080C,YKL197C,0,-11.607718,0.09681479632854462,1.0,0.9329000115394592
YER027C,YDR081C,0,-11.609064,0.09680542349815369,1.0,0.9330000281333923
YDR137W,YNL044W,0,-11.610197,0.09679605066776276,1.0,0.9330999851226807
YNR020C,YMR021C,0,-11.611442,0.09678668528795242,1.0,0.9332000017166138
YOR069W,YIR039C,0,-11.612275,0.09677731245756149,1.0,0.9333000183105469
YER015W,YDL201W,0,-11.613578,0.09676794707775116,1.0,0.9333999752998352
YER069W,YPL079W,0,-11.617385,0.09675858914852142,1.0,0.9334999918937683
YHR081W,YOR348C,0,-11.621134,0.09674922376871109,1.0,0.9336000084877014
YER020W,YML093W,0,-11.621764,0.09673986583948135,1.0,0.9337000250816345
YGL219C,YNL081C,0,-11.623205,0.09673050791025162,1.0,0.9337999820709229
YHL016C,YNL312W,0,-11.624504,0.09672114998102188,1.0,0.933899998664856
YHR092C,YDR058C,0,-11.624951,0.09671179950237274,1.0,0.9340000152587891
YBR072W,YBR017C,0,-11.625252,0.0967024490237236,1.0,0.9340999722480774
YNR035C,YDL171C,0,-11.625325,0.09669309854507446,1.0,0.9341999888420105
YER176W,YNL177C,0,-11.625954,0.09668374806642532,1.0,0.9343000054359436
YGR154C,YKL018W,0,-11.628848,0.09667439758777618,1.0,0.9344000220298767
YER009W,YBR182C,0,-11.629609,0.09666505455970764,1.0,0.934499979019165
YHR164C,YLR228C,0,-11.630214,0.0966557115316391,1.0,0.9345999956130981
YPR120C,YMR156C,0,-11.630567,0.09664636850357056,1.0,0.9347000122070312
YBR268W,YNL294C,0,-11.632797,0.09663703292608261,1.0,0.9348000288009644
YFL009W,YGR105W,0,-11.632825,0.09662768989801407,1.0,0.9348999857902527
YKR067W,YJL054W,0,-11.635327,0.09661835432052612,1.0,0.9350000023841858
YLR238W,YNL026W,0,-11.636569,0.09660902619361877,1.0,0.9351000189781189
YOL108C,YER019C-A,0,-11.637471,0.09659969061613083,1.0,0.9351999759674072
YHR001W-A,YMR182C,0,-11.637753,0.09659036248922348,1.0,0.9352999925613403
YOL023W,YCR060W,0,-11.638752,0.09658103436231613,1.0,0.9354000091552734
YDL243C,YLR022C,0,-11.641213,0.09657170623540878,1.0,0.9355000257492065
YGL232W,YER098W,0,-11.6438055,0.09656237810850143,1.0,0.9355999827384949
YJL042W,YKL145W,0,-11.644107,0.09655305743217468,1.0,0.935699999332428
YBR078W,YKL197C,0,-11.645675,0.09654373675584793,1.0,0.9358000159263611
YKR028W,YGL098W,0,-11.647273,0.09653441607952118,1.0,0.9358999729156494
YJR084W,YIR023W,0,-11.6474085,0.09652509540319443,1.0,0.9359999895095825
YNL223W,YDR175C,0,-11.650518,0.09651578217744827,1.0,0.9361000061035156
YDR012W,YMR104C,0,-11.652646,0.09650646895170212,1.0,0.9362000226974487
YML080W,YKL095W,0,-11.656175,0.09649715572595596,1.0,0.9362999796867371
YFR004W,YMR156C,0,-11.656182,0.09648784250020981,1.0,0.9363999962806702
YMR001C,YMR008C,0,-11.657019,0.09647853672504425,1.0,0.9365000128746033
YGR109C,YJR050W,0,-11.6572275,0.0964692234992981,1.0,0.9366000294685364
YDL079C,YER075C,0,-11.660838,0.09645991772413254,1.0,0.9366999864578247
YGR144W,YML085C,0,-11.662728,0.09645061939954758,1.0,0.9368000030517578
YJL134W,YJL053W,0,-11.663117,0.09644131362438202,1.0,0.9369000196456909
YDR284C,YKL116C,0,-11.66374,0.09643201529979706,1.0,0.9369999766349792
YJR033C,YGR181W,0,-11.665442,0.0964227169752121,1.0,0.9370999932289124
YJR001W,YDR466W,0,-11.666118,0.09641341865062714,1.0,0.9372000098228455
YIL040W,YCR061W,0,-11.666299,0.09640412777662277,1.0,0.9373000264167786
YLR165C,YOR254C,0,-11.666559,0.09639483690261841,1.0,0.9373999834060669
YGR023W,YER165W,0,-11.667933,0.09638553857803345,1.0,0.9375
YHR092C,YGL219C,0,-11.670321,0.09637625515460968,1.0,0.9376000165939331
YLR153C,YKL146W,0,-11.672879,0.09636696428060532,1.0,0.9376999735832214
YDR315C,YBL052C,0,-11.673004,0.09635768085718155,1.0,0.9377999901771545
YER157W,YMR004W,0,-11.673149,0.09634839743375778,1.0,0.9379000067710876
YJR109C,YNL030W,0,-11.675027,0.09633911401033401,1.0,0.9380000233650208
YEL030W,YMR113W,0,-11.675145,0.09632983058691025,1.0,0.9380999803543091
YGL084C,YBR050C,0,-11.675727,0.09632055461406708,1.0,0.9381999969482422
YER045C,YGR084C,0,-11.676136,0.09631127864122391,1.0,0.9383000135421753
YJL063C,YJL128C,0,-11.676923,0.09630200266838074,1.0,0.9383999705314636
YJL121C,YOR124C,0,-11.677908,0.09629272669553757,1.0,0.9384999871253967
YLR097C,YLR378C,0,-11.678072,0.096283458173275,1.0,0.9386000037193298
YFL056C,YLR264W,0,-11.6840105,0.09627418965101242,1.0,0.9387000203132629
YBR202W,YNL051W,0,-11.686631,0.09626492112874985,1.0,0.9387999773025513
YPL078C,YBR072W,0,-11.690177,0.09625565260648727,1.0,0.9388999938964844
YAL058W,YLL055W,0,-11.691818,0.0962463915348053,1.0,0.9390000104904175
YOR044W,YMR076C,0,-11.692514,0.09623713046312332,1.0,0.9391000270843506
YLL026W,YOR106W,0,-11.6937685,0.09622786939144135,1.0,0.9391999840736389
YLL036C,YOR049C,0,-11.698063,0.09621860831975937,1.0,0.939300000667572
YLR270W,YBR207W,0,-11.69808,0.09620935469865799,1.0,0.9394000172615051
YOR079C,YBR082C,0,-11.701013,0.09620009362697601,1.0,0.9394999742507935
YNL117W,YNL061W,0,-11.701743,0.09619084000587463,1.0,0.9395999908447266
YOL139C,YPR179C,0,-11.703587,0.09618159383535385,1.0,0.9397000074386597
YNL230C,YOR216C,0,-11.7037,0.09617234021425247,1.0,0.9398000240325928
YDL226C,YGR183C,0,-11.709704,0.09616309404373169,1.0,0.9398999810218811
YGL095C,YKL175W,0,-11.71168,0.09615384787321091,1.0,0.9399999976158142
YOR032C,YPL043W,0,-11.712457,0.09614460170269012,1.0,0.9401000142097473
YJR138W,YGL048C,0,-11.713317,0.09613535553216934,1.0,0.9401999711990356
YPL095C,YOR076C,0,-11.713736,0.09612611681222916,1.0,0.9402999877929688
YLR300W,YDL098C,0,-11.716371,0.09611687809228897,1.0,0.9404000043869019
YMR306W,YJL104W,0,-11.718133,0.09610763937234879,1.0,0.940500020980835
YMR318C,YPL006W,0,-11.718897,0.0960984081029892,1.0,0.9405999779701233
YDL143W,YBR241C,0,-11.719018,0.09608916938304901,1.0,0.9406999945640564
YOL093W,YMR160W,0,-11.719526,0.09607993811368942,1.0,0.9408000111579895
YAR008W,YOL072W,0,-11.720089,0.09607070684432983,1.0,0.9409000277519226
YAL009W,YKR089C,0,-11.72171,0.09606148302555084,1.0,0.9409999847412109
YNL037C,YER044C-A,0,-11.724511,0.09605225175619125,1.0,0.941100001335144
YLR377C,YGR276C,0,-11.725017,0.09604302793741226,1.0,0.9412000179290771
YDR421W,YMR213W,0,-11.725249,0.09603380411863327,1.0,0.9412999749183655
YLR060W,YGL045W,0,-11.726686,0.09602458029985428,1.0,0.9413999915122986
YDR280W,YBR077C,0,-11.727915,0.09601536393165588,1.0,0.9415000081062317
YMR212C,YMR036C,0,-11.728634,0.09600614756345749,1.0,0.9416000247001648
YLR192C,YLR371W,0,-11.728766,0.0959969311952591,1.0,0.9416999816894531
YMR192W,YDR003W,0,-11.731628,0.0959877148270607,1.0,0.9417999982833862
YPR111W,YJL157C,0,-11.733448,0.0959784984588623,1.0,0.9419000148773193
YGR007W,YBR216C,0,-11.737167,0.0959692895412445,1.0,0.9419999718666077
YLR370C,YLR212C,0,-11.738936,0.09596008062362671,1.0,0.9420999884605408
YML064C,YDR362C,0,-11.739542,0.09595087170600891,1.0,0.9422000050544739
YDR085C,YJL033W,0,-11.743176,0.09594167023897171,1.0,0.942300021648407
YIL112W,YGL013C,0,-11.743182,0.09593246132135391,1.0,0.9423999786376953
YML095C,YJL141C,0,-11.743461,0.09592325985431671,1.0,0.9424999952316284
YLR067C,YJL089W,0,-11.74373,0.09591405838727951,1.0,0.9426000118255615
YIR002C,YDR100W,0,-11.743964,0.0959048643708229,1.0,0.9427000284194946
YBR268W,YOL138C,0,-11.74509,0.0958956629037857,1.0,0.942799985408783
YBL088C,YGL104C,0,-11.74658,0.0958864688873291,1.0,0.9429000020027161
YNL173C,YJL045W,0,-11.746903,0.0958772748708725,1.0,0.9430000185966492
YOL051W,YGL219C,0,-11.747003,0.09586808830499649,1.0,0.9430999755859375
YDL024C,YOR226C,0,-11.747114,0.09585889428853989,1.0,0.9431999921798706
YIR008C,YDR003W,0,-11.747293,0.09584970772266388,1.0,0.9433000087738037
YJL095W,YML107C,0,-11.751789,0.09584052115678787,1.0,0.9434000253677368
YNL118C,YAL011W,0,-11.752095,0.09583133459091187,1.0,0.9434999823570251
YFR055W,YKL035W,0,-11.752695,0.09582215547561646,1.0,0.9435999989509583
YDL020C,YLR026C,0,-11.753228,0.09581297636032104,1.0,0.9437000155448914
YLR324W,YNL097C,0,-11.756296,0.09580379724502563,1.0,0.9437999725341797
YEL030W,YPR008W,0,-11.757523,0.09579461812973022,1.0,0.9438999891281128
YDR375C,YDL024C,0,-11.759132,0.09578543901443481,1.0,0.9440000057220459
YLR362W,YHR117W,0,-11.761284,0.09577626734972,1.0,0.944100022315979
YBR057C,YBR273C,0,-11.762525,0.09576709568500519,1.0,0.9441999793052673
YDR412W,YNL208W,0,-11.764377,0.09575792402029037,1.0,0.9442999958992004
YDR099W,YGR075C,0,-11.767951,0.09574875235557556,1.0,0.9444000124931335
YBR135W,YNR047W,0,-11.768543,0.09573958814144135,1.0,0.9445000290870667
YDL020C,YOR143C,0,-11.770002,0.09573042392730713,1.0,0.944599986076355
YIL034C,YOR174W,0,-11.770078,0.09572125971317291,1.0,0.9447000026702881
YMR175W,YNL088W,0,-11.780507,0.0957120954990387,1.0,0.9448000192642212
YGL097W,YBR139W,0,-11.781955,0.09570293873548508,1.0,0.9448999762535095
YHR169W,YER162C,0,-11.7825575,0.09569378197193146,1.0,0.9449999928474426
YCR065W,YGR263C,0,-11.785449,0.09568462520837784,1.0,0.9451000094413757
YPL255W,YDR288W,0,-11.785977,0.09567546844482422,1.0,0.9452000260353088
YLR432W,YHL036W,0,-11.78683,0.0956663191318512,1.0,0.9452999830245972
YLR086W,YFR003C,0,-11.790185,0.09565716236829758,1.0,0.9453999996185303
YDR001C,YDL116W,0,-11.794807,0.09564801305532455,1.0,0.9455000162124634
YOL040C,YGR194C,0,-11.794892,0.09563887119293213,1.0,0.9455999732017517
YDL147W,YBR289W,0,-11.794958,0.0956297218799591,1.0,0.9456999897956848
YBL064C,YDR469W,0,-11.795803,0.09562058001756668,1.0,0.9458000063896179
YMR285C,YGL053W,0,-11.796212,0.09561143815517426,1.0,0.945900022983551
YOR232W,YGL185C,0,-11.796369,0.09560229629278183,1.0,0.9459999799728394
YLR207W,YPL112C,0,-11.798294,0.0955931544303894,1.0,0.9460999965667725
YFR053C,YNL102W,0,-11.799109,0.09558402001857758,1.0,0.9462000131607056
YLR080W,YBR073W,0,-11.799363,0.09557488560676575,1.0,0.9463000297546387
YOL008W,YHR057C,0,-11.799552,0.09556575119495392,1.0,0.946399986743927
YNL166C,YNL279W,0,-11.799652,0.09555661678314209,1.0,0.9465000033378601
YIL036W,YJR139C,0,-11.799705,0.09554748982191086,1.0,0.9466000199317932
YER176W,YDR529C,0,-11.7999,0.09553835541009903,1.0,0.9466999769210815
YPL244C,YDR435C,0,-11.800277,0.0955292284488678,1.0,0.9467999935150146
YNL210W,YKR055W,0,-11.800894,0.09552010893821716,1.0,0.9469000101089478
YNL199C,YBR077C,0,-11.801664,0.09551098197698593,1.0,0.9470000267028809
YGR010W,YGR162W,0,-11.80314,0.0955018624663353,1.0,0.9470999836921692
YLR353W,YPL232W,0,-11.8169775,0.09549274295568466,1.0,0.9472000002861023
YNL256W,YJR052W,0,-11.822635,0.09548362344503403,1.0,0.9473000168800354
YLR377C,YLR333C,0,-11.828208,0.09547451138496399,1.0,0.9473999738693237
YKR056W,YGL212W,0,-11.828776,0.09546539187431335,1.0,0.9474999904632568
YMR298W,YGR183C,0,-11.830882,0.09545627981424332,1.0,0.9476000070571899
YHL031C,YHR067W,0,-11.831142,0.09544716775417328,1.0,0.947700023651123
YJL183W,YNL115C,0,-11.832577,0.09543806314468384,1.0,0.9477999806404114
YER122C,YNL160W,0,-11.836273,0.0954289510846138,1.0,0.9478999972343445
YIL127C,YPR003C,0,-11.838488,0.09541984647512436,1.0,0.9480000138282776
YAL015C,YNL044W,0,-11.841685,0.09541074186563492,1.0,0.9480999708175659
YLR239C,YER095W,0,-11.842425,0.09540163725614548,1.0,0.948199987411499
YOL071W,YML031W,0,-11.843467,0.09539254009723663,1.0,0.9483000040054321
YKL026C,YDR324C,0,-11.844081,0.09538344293832779,1.0,0.9484000205993652
YIR037W,YNL069C,0,-11.846486,0.09537434577941895,1.0,0.9484999775886536
YLR147C,YAL016W,0,-11.847253,0.0953652486205101,1.0,0.9485999941825867
YDR047W,YER142C,0,-11.8523855,0.09535615891218185,1.0,0.9487000107765198
YAL041W,YFR004W,0,-11.852609,0.09534706175327301,1.0,0.9488000273704529
YDR386W,YGL198W,0,-11.853015,0.09533797204494476,1.0,0.9488999843597412
YGR183C,YKL132C,0,-11.854939,0.09532888233661652,1.0,0.9490000009536743
YBL018C,YIL160C,0,-11.857142,0.09531980007886887,1.0,0.9491000175476074
YLR388W,YLR004C,0,-11.857857,0.09531071037054062,1.0,0.9491999745368958
YPR104C,YJL127C,0,-11.859581,0.09530162811279297,1.0,0.9492999911308289
YKL064W,YBR002C,0,-11.859897,0.09529254585504532,1.0,0.949400007724762
YEL042W,YOL113W,0,-11.859944,0.09528347104787827,1.0,0.9495000243186951
YPL255W,YGR032W,0,-11.860988,0.09527438879013062,1.0,0.9495999813079834
YJL115W,YLR288C,0,-11.861257,0.09526531398296356,1.0,0.9496999979019165
YHL038C,YLR254C,0,-11.861582,0.09525623917579651,1.0,0.9498000144958496
YDL222C,YGR078C,0,-11.862315,0.09524716436862946,1.0,0.9498999714851379
YJL122W,YER038C,0,-11.867688,0.095238097012043,1.0,0.949999988079071
YBR055C,YBR273C,0,-11.868667,0.09522902220487595,1.0,0.9501000046730042
YMR311C,YBR153W,0,-11.868701,0.09521995484828949,1.0,0.9502000212669373
YOR217W,YDR082W,0,-11.869461,0.09521089494228363,1.0,0.9502999782562256
YIL159W,YHR146W,0,-11.870704,0.09520182758569717,1.0,0.9503999948501587
YCR034W,YKL150W,0,-11.879994,0.09519276767969131,1.0,0.9505000114440918
YBR215W,YDR281C,0,-11.8803625,0.09518370777368546,1.0,0.9506000280380249
YOR098C,YFR004W,0,-11.880619,0.0951746478676796,1.0,0.9506999850273132
YCL052C,YPL032C,0,-11.882738,0.09516558796167374,1.0,0.9508000016212463
YJR155W,YLR130C,0,-11.886334,0.09515653550624847,1.0,0.9509000182151794
YLR284C,YDL084W,0,-11.892211,0.09514747560024261,1.0,0.9509999752044678
YBR272C,YBR154C,0,-11.894635,0.09513842314481735,1.0,0.9510999917984009
YBR001C,YOR287C,0,-11.895882,0.09512937813997269,1.0,0.951200008392334
YNL160W,YIL091C,0,-11.895923,0.09512032568454742,1.0,0.9513000249862671
YOR320C,YDR287W,0,-11.896379,0.09511128067970276,1.0,0.9513999819755554
YPL055C,YEL047C,0,-11.897714,0.0951022356748581,1.0,0.9514999985694885
YLR116W,YKL194C,0,-11.900676,0.09509319067001343,1.0,0.9516000151634216
YGL044C,YJL129C,0,-11.902115,0.09508415311574936,1.0,0.95169997215271
YHR169W,YNR047W,0,-11.903163,0.0950751081109047,1.0,0.9517999887466431
YBR109C,YOR177C,0,-11.905119,0.09506607055664062,1.0,0.9519000053405762
YMR323W,YJL208C,0,-11.906247,0.09505703300237656,1.0,0.9520000219345093
YCR036W,YPL010W,0,-11.906373,0.09504800289869308,1.0,0.9520999789237976
YGL124C,YNL069C,0,-11.907304,0.09503896534442902,1.0,0.9521999955177307
YIR037W,YGR075C,0,-11.907898,0.09502993524074554,1.0,0.9523000121116638
YJL014W,YMR161W,0,-11.9125805,0.09502090513706207,1.0,0.9524000287055969
YER061C,YNL117W,0,-11.913624,0.0950118750333786,1.0,0.9524999856948853
YER170W,YBR004C,0,-11.914126,0.09500285238027573,1.0,0.9526000022888184
YAL008W,YNL030W,0,-11.915429,0.09499382227659225,1.0,0.9527000188827515
YDR481C,YFR003C,0,-11.917537,0.09498479962348938,1.0,0.9527999758720398
YJR152W,YNL302C,0,-11.919225,0.0949757844209671,1.0,0.9528999924659729
YDR247W,YGR198W,0,-11.920044,0.09496676176786423,1.0,0.953000009059906
YGL068W,YDR330W,0,-11.920808,0.09495774656534195,1.0,0.9531000256538391
YLR441C,YPR098C,0,-11.921127,0.09494873136281967,1.0,0.9531999826431274
YLR260W,YNL240C,0,-11.921836,0.0949397161602974,1.0,0.9532999992370605
YBR297W,YBL080C,0,-11.922322,0.09493070095777512,1.0,0.9534000158309937
YIL097W,YOR355W,0,-11.924676,0.09492169320583344,1.0,0.953499972820282
YOR145C,YIL117C,0,-11.925082,0.09491267800331116,1.0,0.9535999894142151
YLL010C,YBR173C,0,-11.929943,0.09490367025136948,1.0,0.9537000060081482
YDR284C,YPR161C,0,-11.935879,0.09489466995000839,1.0,0.9538000226020813
YNL027W,YBR189W,0,-11.937377,0.09488566219806671,1.0,0.9538999795913696
YOR033C,YCL034W,0,-11.942045,0.09487666189670563,1.0,0.9539999961853027
YPR106W,YDL122W,0,-11.9430685,0.09486766159534454,1.0,0.9541000127792358
YAL061W,YBL079W,0,-11.959021,0.09485866129398346,1.0,0.954200029373169
YNL094W,YLR293C,0,-11.960711,0.09484966099262238,1.0,0.9542999863624573
YGL130W,YKL032C,0,-11.963353,0.09484066814184189,1.0,0.9544000029563904
YOR185C,YML075C,0,-11.963493,0.0948316752910614,1.0,0.9545000195503235
YEL042W,YLR346C,0,-11.964114,0.09482268244028091,1.0,0.9545999765396118
YOR336W,YJR073C,0,-11.965211,0.09481368958950043,1.0,0.9546999931335449
YMR300C,YMR284W,0,-11.966462,0.09480470418930054,1.0,0.954800009727478
YNL036W,YDL055C,0,-11.966601,0.09479571878910065,1.0,0.9549000263214111
YIL036W,YDR002W,0,-11.968263,0.09478673338890076,1.0,0.9549999833106995
YDR227W,YBR126C,0,-11.970494,0.09477774798870087,1.0,0.9550999999046326
YHR143W,YGR005C,0,-11.970845,0.09476876258850098,1.0,0.9552000164985657
YNL223W,YOL115W,0,-11.971299,0.09475978463888168,1.0,0.955299973487854
YDR182W,YJR050W,0,-11.974363,0.09475080668926239,1.0,0.9553999900817871
YMR044W,YLR362W,0,-11.974676,0.0947418287396431,1.0,0.9555000066757202
YIL088C,YOR177C,0,-11.976842,0.0947328507900238,1.0,0.9556000232696533
YOR161C,YHR172W,0,-11.97737,0.09472388029098511,1.0,0.9556999802589417
YJR006W,YOR193W,0,-11.9780855,0.09471490979194641,1.0,0.9557999968528748
YHR203C,YMR175W,0,-11.979342,0.09470593929290771,1.0,0.9559000134468079
YDR423C,YLR256W,0,-11.980224,0.09469696879386902,1.0,0.9559999704360962
YDL040C,YPR121W,0,-11.9812765,0.09468800574541092,1.0,0.9560999870300293
YOR336W,YLR254C,0,-11.982358,0.09467903524637222,1.0,0.9562000036239624
YFR021W,YLR024C,0,-11.983591,0.09467007219791412,1.0,0.9563000202178955
YGL129C,YOR162C,0,-11.985817,0.09466111660003662,1.0,0.9563999772071838
YML042W,YFL037W,0,-11.992845,0.09465215355157852,1.0,0.9564999938011169
YJR155W,YPL157W,0,-11.99556,0.09464319795370102,1.0,0.95660001039505
YFL022C,YOR075W,0,-11.997415,0.09463424235582352,1.0,0.9567000269889832
YOR323C,YOL055C,0,-11.997588,0.09462528675794601,1.0,0.9567999839782715
YCR082W,YER086W,0,-11.998042,0.09461633116006851,1.0,0.9569000005722046
YHR191C,YFR053C,0,-12.001106,0.0946073830127716,1.0,0.9570000171661377
YIL088C,YER003C,0,-12.001446,0.0945984274148941,1.0,0.957099974155426
YOR056C,YHR008C,0,-12.002128,0.0945894792675972,1.0,0.9571999907493591
YDL107W,YJL052W,0,-12.003612,0.09458053857088089,1.0,0.9573000073432922
YKL022C,YDR394W,0,-12.00377,0.09457159042358398,1.0,0.9574000239372253
YHR091C,YDR359C,0,-12.004209,0.09456264972686768,1.0,0.9574999809265137
YGL166W,YPL253C,0,-12.004922,0.09455370903015137,1.0,0.9575999975204468
YDR293C,YER007C-A,0,-12.00615,0.09454476833343506,1.0,0.9577000141143799
YPR106W,YBR268W,0,-12.00822,0.09453582763671875,1.0,0.9577999711036682
YER017C,YMR068W,0,-12.00953,0.09452689439058304,1.0,0.9578999876976013
YOR358W,YOR038C,0,-12.014192,0.09451796114444733,1.0,0.9580000042915344
YBR149W,YEL022W,0,-12.025317,0.09450902789831161,1.0,0.9581000208854675
YNL299W,YIR039C,0,-12.02957,0.0945000946521759,1.0,0.9581999778747559
YBR170C,YAL011W,0,-12.030873,0.09449116140604019,1.0,0.958299994468689
YNR020C,YOR193W,0,-12.030955,0.09448223561048508,1.0,0.9584000110626221
YGR033C,YIL101C,0,-12.036612,0.09447330981492996,1.0,0.9585000276565552
YDR497C,YPR149W,0,-12.037351,0.09446438401937485,1.0,0.9585999846458435
YAL008W,YBR130C,0,-12.038442,0.09445546567440033,1.0,0.9587000012397766
YJR047C,YMR004W,0,-12.0385475,0.09444653987884521,1.0,0.9588000178337097
YIL079C,YLR097C,0,-12.039321,0.0944376215338707,1.0,0.958899974822998
YML031W,YBL064C,0,-12.042009,0.09442870318889618,1.0,0.9589999914169312
YER026C,YKL095W,0,-12.042171,0.09441979229450226,1.0,0.9591000080108643
YOR030W,YBL027W,0,-12.043829,0.09441087394952774,1.0,0.9592000246047974
YPL233W,YNL241C,0,-12.044652,0.09440196305513382,1.0,0.9592999815940857
YER065C,YOR045W,0,-12.04691,0.0943930521607399,1.0,0.9593999981880188
YNL003C,YJL036W,0,-12.048339,0.09438414126634598,1.0,0.9595000147819519
YDL126C,YDL136W,0,-12.050562,0.09437523782253265,1.0,0.9595999717712402
YPL171C,YPR163C,0,-12.05271,0.09436632692813873,1.0,0.9596999883651733
YPL160W,YJR019C,0,-12.060168,0.09435742348432541,1.0,0.9598000049591064
YNR058W,YOL103W,0,-12.063611,0.09434852004051208,1.0,0.9599000215530396
YJR155W,YDR113C,0,-12.064031,0.09433962404727936,1.0,0.9599999785423279
YNL038W,YJL094C,0,-12.065127,0.09433072060346603,1.0,0.960099995136261
YBL090W,YDL230W,0,-12.0660515,0.0943218246102333,1.0,0.9602000117301941
YLR205C,YOR004W,0,-12.06783,0.09431292861700058,1.0,0.9603000283241272
YIR015W,YOR187W,0,-12.069662,0.09430403262376785,1.0,0.9603999853134155
YIL155C,YNL186W,0,-12.072768,0.09429514408111572,1.0,0.9605000019073486
YJL166W,YDR091C,0,-12.074845,0.09428625553846359,1.0,0.9606000185012817
YBR272C,YPR186C,0,-12.075303,0.09427736699581146,1.0,0.9606999754905701
YIL036W,YDR110W,0,-12.076768,0.09426847845315933,1.0,0.9607999920845032
YLR028C,YGL025C,0,-12.079459,0.0942595899105072,1.0,0.9609000086784363
YKL160W,YIL006W,0,-12.081605,0.09425070881843567,1.0,0.9610000252723694
YDR419W,YMR121C,0,-12.081775,0.09424182772636414,1.0,0.9610999822616577
YLL062C,YHR086W,0,-12.085563,0.0942329466342926,1.0,0.9611999988555908
YOR005C,YOL027C,0,-12.086396,0.09422406554222107,1.0,0.9613000154495239
YLL006W,YBL072C,0,-12.088761,0.09421518445014954,1.0,0.9613999724388123
YDL247W,YDR347W,0,-12.090095,0.0942063108086586,1.0,0.9614999890327454
YBR065C,YLR264W,0,-12.094776,0.09419743716716766,1.0,0.9616000056266785
YDR298C,YNL206C,0,-12.098889,0.09418856352567673,1.0,0.9617000222206116
YNL068C,YMR197C,0,-12.101193,0.09417969733476639,1.0,0.9617999792098999
YDR085C,YOR004W,0,-12.101929,0.09417082369327545,1.0,0.961899995803833
YDR031W,YHR204W,0,-12.102856,0.09416195750236511,1.0,0.9620000123977661
YJR050W,YJL076W,0,-12.10313,0.09415309131145477,1.0,0.9621000289916992
YDL137W,YPR002W,0,-12.103975,0.09414423257112503,1.0,0.9621999859809875
YDR511W,YGL124C,0,-12.104248,0.09413536638021469,1.0,0.9623000025749207
YKL113C,YNR047W,0,-12.104666,0.09412650763988495,1.0,0.9624000191688538
YBR078W,YLR004C,0,-12.107474,0.0941176488995552,1.0,0.9624999761581421
YLR142W,YIL127C,0,-12.107602,0.09410879015922546,1.0,0.9625999927520752
YDR421W,YML012W,0,-12.110713,0.09409993141889572,1.0,0.9627000093460083
YLR210W,YIR011C,0,-12.111119,0.09409108012914658,1.0,0.9628000259399414
YER142C,YIL069C,0,-12.117293,0.09408222883939743,1.0,0.9628999829292297
YPR001W,YLR192C,0,-12.119098,0.09407337754964828,1.0,0.9629999995231628
YCR046C,YER038C,0,-12.119554,0.09406452625989914,1.0,0.963100016117096
YCR091W,YGR074W,0,-12.121577,0.09405568242073059,1.0,0.9631999731063843
YDR511W,YNL251C,0,-12.127886,0.09404683858156204,1.0,0.9632999897003174
YBR050C,YJR133W,0,-12.132072,0.0940379947423935,1.0,0.9634000062942505
YPL173W,YCL033C,0,-12.134087,0.09402915090322495,1.0,0.9635000228881836
YDR116C,YDR349C,0,-12.135837,0.0940203070640564,1.0,0.9635999798774719
YLR376C,YKR008W,0,-12.1426,0.09401147067546844,1.0,0.963699996471405
YFR003C,YMR273C,0,-12.143614,0.0940026342868805,1.0,0.9638000130653381
YNL015W,YOR328W,0,-12.143959,0.09399379789829254,1.0,0.9639000296592712
YCR002C,YDR359C,0,-12.147455,0.09398496150970459,1.0,0.9639999866485596
YCR068W,YMR239C,0,-12.149299,0.09397613257169724,1.0,0.9641000032424927
YHR057C,YKL064W,0,-12.1521845,0.09396729618310928,1.0,0.9642000198364258
YOR036W,YHR165C,0,-12.152369,0.09395846724510193,1.0,0.9642999768257141
YJR151C,YMR142C,0,-12.153067,0.09394964575767517,1.0,0.9643999934196472
YKR082W,YFR003C,0,-12.158551,0.09394081681966782,1.0,0.9645000100135803
YGL047W,YDR211W,0,-12.160533,0.09393199533224106,1.0,0.9646000266075134
YMR257C,YBL061C,0,-12.163086,0.0939231738448143,1.0,0.9646999835968018
YPR106W,YNR024W,0,-12.166226,0.09391435235738754,1.0,0.9648000001907349
YOR185C,YNL030W,0,-12.171639,0.09390553086996078,1.0,0.964900016784668
YER061C,YGL093W,0,-12.176345,0.09389671683311462,1.0,0.9649999737739563
YGL122C,YMR302C,0,-12.17887,0.09388789534568787,1.0,0.9650999903678894
YGL003C,YHR024C,0,-12.179933,0.0938790813088417,1.0,0.9652000069618225
YMR167W,YDR156W,0,-12.182948,0.09387027472257614,1.0,0.9653000235557556
YMR316W,YGR171C,0,-12.184706,0.09386146068572998,1.0,0.965399980545044
YLR216C,YDL171C,0,-12.186066,0.09385265409946442,1.0,0.965499997138977
YOL041C,YJL053W,0,-12.187582,0.09384384751319885,1.0,0.9656000137329102
YGL096W,YNL299W,0,-12.189148,0.09383504092693329,1.0,0.9656999707221985
YDR294C,YDR072C,0,-12.190254,0.09382623434066772,1.0,0.9657999873161316
YDR085C,YBR034C,0,-12.193473,0.09381742775440216,1.0,0.9659000039100647
YEL015W,YKL124W,0,-12.194124,0.0938086286187172,1.0,0.9660000205039978
YDL222C,YER007C-A,0,-12.198295,0.09379982948303223,1.0,0.9660999774932861
YEL011W,YJL121C,0,-12.204307,0.09379103034734726,1.0,0.9661999940872192
YAL061W,YMR112C,0,-12.20541,0.09378223866224289,1.0,0.9663000106811523
YOR036W,YFR037C,0,-12.205674,0.09377344697713852,1.0,0.9664000272750854
YPL255W,YBR050C,0,-12.2090845,0.09376464784145355,1.0,0.9664999842643738
YJL042W,YPL212C,0,-12.212807,0.09375585615634918,1.0,0.9666000008583069
YBR214W,YPR182W,0,-12.213592,0.09374707192182541,1.0,0.96670001745224
YML094W,YGL059W,0,-12.219894,0.09373828023672104,1.0,0.9667999744415283
YER014W,YPR016C,0,-12.220265,0.09372949600219727,1.0,0.9668999910354614
YDR012W,YMR114C,0,-12.227332,0.09372071176767349,1.0,0.9670000076293945
YOL030W,YDL190C,0,-12.2316675,0.09371192753314972,1.0,0.9671000242233276
YAL054C,YKL032C,0,-12.2318125,0.09370315074920654,1.0,0.967199981212616
YGL142C,YJL074C,0,-12.234002,0.09369436651468277,1.0,0.9672999978065491
YCL067C,YML031W,0,-12.241967,0.0936855897307396,1.0,0.9674000144004822
YML048W,YKL188C,0,-12.249269,0.09367681294679642,1.0,0.9674999713897705
YBL028C,YNL194C,0,-12.251243,0.09366804361343384,1.0,0.9675999879837036
YOL008W,YML049C,0,-12.258944,0.09365926682949066,1.0,0.9677000045776367
YBR029C,YOR132W,0,-12.2596445,0.09365049749612808,1.0,0.9678000211715698
YMR180C,YBR078W,0,-12.260487,0.0936417281627655,1.0,0.9678999781608582
YAL029C,YPR149W,0,-12.261124,0.09363295882940292,1.0,0.9679999947547913
YCR091W,YHR149C,0,-12.263673,0.09362418949604034,1.0,0.9681000113487244
YNR017W,YPR121W,0,-12.265428,0.09361542761325836,1.0,0.9682000279426575
YDR479C,YLR333C,0,-12.266786,0.09360666573047638,1.0,0.9682999849319458
YDR046C,YJL155C,0,-12.272099,0.0935979038476944,1.0,0.9684000015258789
YMR182C,YLR039C,0,-12.273462,0.09358914196491241,1.0,0.968500018119812
YLR350W,YFL036W,0,-12.274701,0.09358038753271103,1.0,0.9685999751091003
YNL115C,YOR287C,0,-12.275111,0.09357162564992905,1.0,0.9686999917030334
YJR065C,YIL061C,0,-12.277186,0.09356287121772766,1.0,0.9688000082969666
YHR083W,YOR219C,0,-12.283362,0.09355412423610687,1.0,0.9689000248908997
YJL155C,YJL176C,0,-12.284165,0.09354536980390549,1.0,0.968999981880188
YOL111C,YJL168C,0,-12.284308,0.0935366228222847,1.0,0.9690999984741211
YOR384W,YBR106W,0,-12.286332,0.09352786839008331,1.0,0.9692000150680542
YDR293C,YPR080W,0,-12.293923,0.09351912140846252,1.0,0.9692999720573425
YJL006C,YDR171W,0,-12.30054,0.09351038187742233,1.0,0.9693999886512756
YIL013C,YBR289W,0,-12.301002,0.09350163489580154,1.0,0.9695000052452087
YDR380W,YDL092W,0,-12.310613,0.09349289536476135,1.0,0.9696000218391418
YBR273C,YML018C,0,-12.310929,0.09348415583372116,1.0,0.9696999788284302
YJR013W,YPR164W,0,-12.312468,0.09347541630268097,1.0,0.9697999954223633
YJR025C,YNL166C,0,-12.313874,0.09346667677164078,1.0,0.9699000120162964
YNL129W,YBL011W,0,-12.316072,0.09345794469118118,1.0,0.9700000286102295
YLR206W,YGR072W,0,-12.316177,0.09344921261072159,1.0,0.9700999855995178
YHR059W,YIL117C,0,-12.328397,0.093440480530262,1.0,0.9702000021934509
YHR104W,YIL090W,0,-12.329635,0.0934317484498024,1.0,0.970300018787384
YIL079C,YKR076W,0,-12.330598,0.0934230163693428,1.0,0.9703999757766724
YDR317W,YNR012W,0,-12.331772,0.0934142917394638,1.0,0.9704999923706055
YER015W,YPR002W,0,-12.334617,0.09340556710958481,1.0,0.9706000089645386
YDR365C,YIL154C,0,-12.338809,0.09339684247970581,1.0,0.9707000255584717
YML057W,YBL018C,0,-12.344413,0.09338811784982681,1.0,0.97079998254776
YKL048C,YNL222W,0,-12.346898,0.09337940067052841,1.0,0.9708999991416931
YJR089W,YIL034C,0,-12.347879,0.09337068349123001,1.0,0.9710000157356262
YIL036W,YLR354C,0,-12.350109,0.09336196631193161,1.0,0.9710999727249146
YFR050C,YLR357W,0,-12.350331,0.09335324913263321,1.0,0.9711999893188477
YLR102C,YMR257C,0,-12.35291,0.09334453195333481,1.0,0.9713000059127808
YNL067W,YGL098W,0,-12.355673,0.093335822224617,1.0,0.9714000225067139
YLR396C,YOR083W,0,-12.357161,0.0933271124958992,1.0,0.9714999794960022
YBL015W,YDR454C,0,-12.359469,0.0933184027671814,1.0,0.9715999960899353
YHR018C,YJR070C,0,-12.36362,0.09330969303846359,1.0,0.9717000126838684
YJL121C,YBR183W,0,-12.364608,0.09330099076032639,1.0,0.9718000292778015
YLR027C,YMR302C,0,-12.366593,0.09329228103160858,1.0,0.9718999862670898
YDL126C,YCR033W,0,-12.369664,0.09328357875347137,1.0,0.972000002861023
YMR215W,YPL002C,0,-12.372312,0.09327488392591476,1.0,0.972100019454956
YBR293W,YIR026C,0,-12.373139,0.09326618164777756,1.0,0.9721999764442444
YDL192W,YOL052C-A,0,-12.374551,0.09325748682022095,1.0,0.9722999930381775
YNR032W,YGR104C,0,-12.390603,0.09324878454208374,1.0,0.9724000096321106
YCR005C,YBL041W,0,-12.392447,0.09324008971452713,1.0,0.9725000262260437
YHR039C,YIL007C,0,-12.396537,0.09323140233755112,1.0,0.972599983215332
YDR153C,YJL079C,0,-12.399706,0.0932227075099945,1.0,0.9726999998092651
YJL111W,YIL155C,0,-12.4001,0.0932140201330185,1.0,0.9728000164031982
YOR372C,YFL059W,0,-12.402759,0.09320533275604248,1.0,0.9728999733924866
YPL241C,YOR347C,0,-12.403853,0.09319664537906647,1.0,0.9729999899864197
YJL137C,YFR050C,0,-12.404717,0.09318795800209045,1.0,0.9731000065803528
YKL117W,YLL048C,0,-12.408848,0.09317927807569504,1.0,0.9732000231742859
YPL059W,YDR097C,0,-12.412607,0.09317059814929962,1.0,0.9732999801635742
YDL175C,YMR275C,0,-12.413707,0.0931619182229042,1.0,0.9733999967575073
YER141W,YDR527W,0,-12.416291,0.09315323829650879,1.0,0.9735000133514404
YLR216C,YGR027C,0,-12.421351,0.09314455837011337,1.0,0.9735999703407288
YNL183C,YGL147C,0,-12.421991,0.09313588589429855,1.0,0.9736999869346619
YIL140W,YPL120W,0,-12.427976,0.09312721341848373,1.0,0.973800003528595
YIL007C,YGL147C,0,-12.428148,0.09311854094266891,1.0,0.9739000201225281
YOR096W,YGL185C,0,-12.435021,0.0931098684668541,1.0,0.9739999771118164
YBR091C,YIL099W,0,-12.438972,0.09310120344161987,1.0,0.9740999937057495
YNL251C,YGR034W,0,-12.441516,0.09309253096580505,1.0,0.9742000102996826
YPL133C,YLR354C,0,-12.441745,0.09308386594057083,1.0,0.9743000268936157
YKL058W,YER024W,0,-12.442323,0.0930752083659172,1.0,0.974399983882904
YIL155C,YPR188C,0,-12.444168,0.09306654334068298,1.0,0.9745000004768372
YML057W,YLR007W,0,-12.446617,0.09305787831544876,1.0,0.9746000170707703
YDR069C,YHR187W,0,-12.450976,0.09304922074079514,1.0,0.9746999740600586
YDR003W,YER118C,0,-12.457578,0.09304056316614151,1.0,0.9747999906539917
YLR016C,YGL127C,0,-12.459999,0.09303191304206848,1.0,0.9749000072479248
YOL110W,YKL196C,0,-12.465707,0.09302325546741486,1.0,0.9750000238418579
YBR103W,YDR207C,0,-12.471447,0.09301460534334183,1.0,0.9750999808311462
YHR116W,YGR088W,0,-12.47419,0.0930059552192688,1.0,0.9751999974250793
YEL015W,YPL123C,0,-12.482387,0.09299730509519577,1.0,0.9753000140190125
YMR020W,YPR139C,0,-12.482541,0.09298865497112274,1.0,0.9753999710083008
YER027C,YKL119C,0,-12.484275,0.09298001229763031,1.0,0.9754999876022339
YML057W,YOR295W,0,-12.487812,0.09297136217355728,1.0,0.975600004196167
YJR083C,YLR305C,0,-12.493125,0.09296271950006485,1.0,0.9757000207901001
YOR100C,YPR080W,0,-12.494526,0.09295408427715302,1.0,0.9757999777793884
YMR024W,YIL117C,0,-12.50158,0.09294544160366058,1.0,0.9758999943733215
YHR183W,YHR150W,0,-12.505526,0.09293680638074875,1.0,0.9760000109672546
YBR230C,YOL125W,0,-12.512161,0.09292816370725632,1.0,0.9761000275611877
YEL018W,YPR178W,0,-12.513713,0.09291952848434448,1.0,0.9761999845504761
YER119C,YJL033W,0,-12.515374,0.09291090071201324,1.0,0.9763000011444092
YER167W,YJL112W,0,-12.525016,0.09290226548910141,1.0,0.9764000177383423
YPR051W,YMR036C,0,-12.5262,0.09289363771677017,1.0,0.9764999747276306
YPL093W,YBR126C,0,-12.53108,0.09288500994443893,1.0,0.9765999913215637
YBL024W,YHR001W-A,0,-12.534949,0.0928763821721077,1.0,0.9767000079154968
YHL034C,YJL048C,0,-12.535567,0.09286775439977646,1.0,0.9768000245094299
YPR043W,YIL084C,0,-12.536404,0.09285913407802582,1.0,0.9768999814987183
YNL009W,YDL095W,0,-12.54135,0.09285051375627518,1.0,0.9769999980926514
YDR096W,YPL079W,0,-12.544476,0.09284189343452454,1.0,0.9771000146865845
YOR347C,YKL018W,0,-12.546792,0.0928332731127739,1.0,0.9771999716758728
YOR254C,YHL028W,0,-12.547124,0.09282465279102325,1.0,0.9772999882698059
YMR006C,YKL034W,0,-12.548856,0.09281603991985321,1.0,0.977400004863739
YMR041C,YDR123C,0,-12.55731,0.09280742704868317,1.0,0.9775000214576721
YLR312W-A,YKL012W,0,-12.55809,0.09279881417751312,1.0,0.9775999784469604
YJR138W,YAR002W,0,-12.568892,0.09279020130634308,1.0,0.9776999950408936
YNL068C,YJR036C,0,-12.572141,0.09278158843517303,1.0,0.9778000116348267
YHL003C,YPL060W,0,-12.574683,0.09277298301458359,1.0,0.9779000282287598
YAL039C,YLR240W,0,-12.575215,0.09276437759399414,1.0,0.9779999852180481
YFR050C,YJR049C,0,-12.582443,0.0927557721734047,1.0,0.9781000018119812
YFL016C,YKL180W,0,-12.584751,0.09274717420339584,1.0,0.9782000184059143
YJL219W,YHR037W,0,-12.591638,0.0927385687828064,1.0,0.9782999753952026
YHR010W,YOR075W,0,-12.592391,0.09272997081279755,1.0,0.9783999919891357
YPL178W,YNL194C,0,-12.594416,0.0927213728427887,1.0,0.9785000085830688
YOR281C,YJR004C,0,-12.604343,0.09271277487277985,1.0,0.978600025177002
YCL052C,YCR012W,0,-12.606691,0.09270418435335159,1.0,0.9786999821662903
YBR149W,YLL061W,0,-12.607004,0.09269558638334274,1.0,0.9787999987602234
YPL160W,YOL065C,0,-12.608752,0.09268699586391449,1.0,0.9789000153541565
YKL218C,YLR354C,0,-12.612859,0.09267840534448624,1.0,0.9789999723434448
YPR007C,YOR096W,0,-12.61534,0.09266981482505798,1.0,0.9790999889373779
YBR169C,YNR048W,0,-12.615504,0.09266123175621033,1.0,0.979200005531311
YBR281C,YMR036C,0,-12.619374,0.09265264868736267,1.0,0.9793000221252441
YAL020C,YBR199W,0,-12.622329,0.09264405816793442,1.0,0.9793999791145325
YLR388W,YJR127C,0,-12.622542,0.09263548254966736,1.0,0.9794999957084656
YDR384C,YGL191W,0,-12.62555,0.0926268994808197,1.0,0.9796000123023987
YJL036W,YHR196W,0,-12.644208,0.09261831641197205,1.0,0.9797000288963318
YOL062C,YGR144W,0,-12.648272,0.09260974079370499,1.0,0.9797999858856201
YPL270W,YJL001W,0,-12.649562,0.09260116517543793,1.0,0.9799000024795532
YJL042W,YGL147C,0,-12.652308,0.09259258955717087,1.0,0.9800000190734863
YMR312W,YDR003W,0,-12.655313,0.0925840213894844,1.0,0.9800999760627747
YMR056C,YOR232W,0,-12.660828,0.09257544577121735,1.0,0.9801999926567078
YGL047W,YBR050C,0,-12.661555,0.09256687760353088,1.0,0.9803000092506409
YBR109C,YKL064W,0,-12.662522,0.09255830943584442,1.0,0.980400025844574
YDR317W,YMR188C,0,-12.664151,0.09254974871873856,1.0,0.9804999828338623
YLR025W,YGR033C,0,-12.666671,0.0925411805510521,1.0,0.9805999994277954
YEL042W,YDR532C,0,-12.67813,0.09253261983394623,1.0,0.9807000160217285
YOL052C-A,YBR251W,0,-12.6809225,0.09252405911684036,1.0,0.9807999730110168
YMR163C,YNL263C,0,-12.688252,0.0925154983997345,1.0,0.98089998960495
YFR053C,YNL299W,0,-12.6968975,0.09250693768262863,1.0,0.9810000061988831
YML120C,YJL198W,0,-12.699352,0.09249838441610336,1.0,0.9811000227928162
YJL155C,YIL038C,0,-12.711249,0.0924898236989975,1.0,0.9811999797821045
YLR384C,YMR071C,0,-12.718519,0.09248127043247223,1.0,0.9812999963760376
YOR336W,YKL141W,0,-12.725503,0.09247271716594696,1.0,0.9814000129699707
YPL110C,YNL177C,0,-12.727246,0.09246417135000229,1.0,0.9815000295639038
YJL091C,YHR111W,0,-12.727986,0.09245561808347702,1.0,0.9815999865531921
YKR085C,YNL294C,0,-12.73616,0.09244707226753235,1.0,0.9817000031471252
YMR277W,YDR202C,0,-12.747483,0.09243852645158768,1.0,0.9818000197410583
YER107C,YER142C,0,-12.75006,0.092429980635643,1.0,0.9818999767303467
YDR231C,YBL052C,0,-12.751719,0.09242144227027893,1.0,0.9819999933242798
YLR052W,YKL034W,0,-12.794861,0.09241290390491486,1.0,0.9821000099182129
YNL030W,YIR037W,0,-12.79592,0.09240435808897018,1.0,0.982200026512146
YNL074C,YJL208C,0,-12.805884,0.0923958271741867,1.0,0.9822999835014343
YDR281C,YGR002C,0,-12.806675,0.09238728880882263,1.0,0.9824000000953674
YGR028W,YNL262W,0,-12.811976,0.09237875044345856,1.0,0.9825000166893005
YLR102C,YKL078W,0,-12.812047,0.09237021952867508,1.0,0.9825999736785889
YCR071C,YKL124W,0,-12.814532,0.0923616886138916,1.0,0.982699990272522
YHR028C,YIL096C,0,-12.81492,0.09235315769910812,1.0,0.9828000068664551
YIL097W,YCL024W,0,-12.8163595,0.09234462678432465,1.0,0.9829000234603882
YJL111W,YLR377C,0,-12.827589,0.09233610332012177,1.0,0.9829999804496765
YML014W,YGL098W,0,-12.828602,0.09232757985591888,1.0,0.9830999970436096
YCL038C,YLR388W,0,-12.829099,0.092319056391716,1.0,0.9832000136375427
YNL166C,YNL239W,0,-12.831262,0.09231053292751312,1.0,0.983299970626831
YER030W,YFL014W,0,-12.840369,0.09230200946331024,1.0,0.9833999872207642
YDR384C,YGR244C,0,-12.843284,0.09229349344968796,1.0,0.9835000038146973
YPR120C,YAL017W,0,-12.847448,0.09228497743606567,1.0,0.9836000204086304
YLL026W,YML085C,0,-12.84823,0.09227646142244339,1.0,0.9836999773979187
YBR258C,YCR030C,0,-12.848417,0.0922679454088211,1.0,0.9837999939918518
YLL061W,YPL120W,0,-12.850551,0.09225943684577942,1.0,0.9839000105857849
YOL145C,YDL020C,0,-12.851921,0.09225092083215714,1.0,0.984000027179718
YAL039C,YMR271C,0,-12.852761,0.09224241226911545,1.0,0.9840999841690063
YGR088W,YOL012C,0,-12.853483,0.09223390370607376,1.0,0.9842000007629395
YJR155W,YPR133W-A,0,-12.868987,0.09222540259361267,1.0,0.9843000173568726
YFL013C,YNL261W,0,-12.879831,0.09221689403057098,1.0,0.9843999743461609
YHR146W,YDR382W,0,-12.892818,0.0922083929181099,1.0,0.984499990940094
YBR026C,YDR381W,0,-12.898673,0.0921998918056488,1.0,0.9846000075340271
YKL150W,YPL133C,0,-12.900886,0.09219139069318771,1.0,0.9847000241279602
YNL074C,YDR280W,0,-12.904759,0.09218288958072662,1.0,0.9847999811172485
YMR213W,YPL186C,0,-12.910945,0.09217439591884613,1.0,0.9848999977111816
YMR267W,YOR227W,0,-12.913642,0.09216590225696564,1.0,0.9850000143051147
YPL255W,YML042W,0,-12.934382,0.09215740114450455,1.0,0.9850999712944031
YGR088W,YBR265W,0,-12.949932,0.09214891493320465,1.0,0.9851999878883362
YDL003W,YBR169C,0,-12.959167,0.09214042127132416,1.0,0.9853000044822693
YNR011C,YDL020C,0,-12.962217,0.09213193506002426,1.0,0.9854000210762024
YKL168C,YPL252C,0,-12.97772,0.09212344884872437,1.0,0.9854999780654907
YDL143W,YMR081C,0,-12.981677,0.09211496263742447,1.0,0.9855999946594238
YLR080W,YOR004W,0,-12.9839945,0.09210647642612457,1.0,0.9857000112533569
YOL124C,YIL077C,0,-12.984584,0.09209799021482468,1.0,0.98580002784729
YKL186C,YGL037C,0,-12.992481,0.09208951145410538,1.0,0.9858999848365784
YBR170C,YBL072C,0,-12.997441,0.09208103269338608,1.0,0.9860000014305115
YCR046C,YMR036C,0,-12.998007,0.09207255393266678,1.0,0.9861000180244446
YHR164C,YGL254W,0,-13.000218,0.09206407517194748,1.0,0.9861999750137329
YIL036W,YLR305C,0,-13.002877,0.09205560386180878,1.0,0.986299991607666
YEL018W,YHL027W,0,-13.0077095,0.09204712510108948,1.0,0.9864000082015991
YLR381W,YGL053W,0,-13.008749,0.09203865379095078,1.0,0.9865000247955322
YEL039C,YOL010W,0,-13.009597,0.09203018248081207,1.0,0.9865999817848206
YMR277W,YGL104C,0,-13.019237,0.09202171862125397,1.0,0.9866999983787537
YML126C,YOR347C,0,-13.036226,0.09201324731111526,1.0,0.9868000149726868
YKR076W,YIL022W,0,-13.038015,0.09200478345155716,1.0,0.9868999719619751
YOR005C,YPL079W,0,-13.038293,0.09199631959199905,1.0,0.9869999885559082
YDR171W,YIL039W,0,-13.038705,0.09198785573244095,1.0,0.9871000051498413
YIL042C,YJL192C,0,-13.040285,0.09197939932346344,1.0,0.9872000217437744
YOL121C,YJL164C,0,-13.047995,0.09197093546390533,1.0,0.9872999787330627
YBR088C,YIL117C,0,-13.055265,0.09196247905492783,1.0,0.9873999953269958
YOR155C,YPR163C,0,-13.055852,0.09195402264595032,1.0,0.987500011920929
YKL197C,YGR181W,0,-13.056664,0.09194556623697281,1.0,0.9876000285148621
YBR072W,YJR043C,0,-13.084135,0.0919371172785759,1.0,0.9876999855041504
YKR066C,YLR002C,0,-13.085677,0.09192866086959839,1.0,0.9878000020980835
YIL036W,YER074W,0,-13.090326,0.09192021191120148,1.0,0.9879000186920166
YBL028C,YLL023C,0,-13.115026,0.09191176295280457,1.0,0.9879999756813049
YOR217W,YLR251W,0,-13.125676,0.09190331399440765,1.0,0.988099992275238
YJR103W,YJR133W,0,-13.125825,0.09189487248659134,1.0,0.9882000088691711
YJL019W,YPL029W,0,-13.131513,0.09188643097877502,1.0,0.9883000254631042
YJR016C,YGL037C,0,-13.141849,0.09187798947095871,1.0,0.9883999824523926
YGR200C,YAL015C,0,-13.150587,0.0918695479631424,1.0,0.9884999990463257
YBR164C,YEL011W,0,-13.155837,0.09186110645532608,1.0,0.9886000156402588
YKL156W,YGL104C,0,-13.164017,0.09185266494750977,1.0,0.9886999726295471
YNL166C,YLR377C,0,-13.172357,0.09184423089027405,1.0,0.9887999892234802
YJL065C,YNL183C,0,-13.176846,0.09183579683303833,1.0,0.9889000058174133
YIL088C,YNL282W,0,-13.177466,0.09182736277580261,1.0,0.9890000224113464
YOR347C,YDR212W,0,-13.180192,0.09181893616914749,1.0,0.9890999794006348
YER107C,YNL015W,0,-13.182307,0.09181050211191177,1.0,0.9891999959945679
YKR067W,YDR037W,0,-13.195493,0.09180207550525665,1.0,0.989300012588501
YDL223C,YIL069C,0,-13.196515,0.09179364889860153,1.0,0.9894000291824341
YDR254W,YDL136W,0,-13.204812,0.09178522229194641,1.0,0.9894999861717224
YJR069C,YJR059W,0,-13.208238,0.09177679568529129,1.0,0.9896000027656555
YHR028C,YNL209W,0,-13.208264,0.09176837652921677,1.0,0.9897000193595886
YPR169W,YCR030C,0,-13.215753,0.09175995737314224,1.0,0.989799976348877
YDR171W,YNL044W,0,-13.233061,0.09175153821706772,1.0,0.9898999929428101
YLL027W,YOR123C,0,-13.26158,0.0917431190609932,1.0,0.9900000095367432
YPR060C,YAL061W,0,-13.2631035,0.09173469990491867,1.0,0.9901000261306763
YLR291C,YNL239W,0,-13.269617,0.09172628819942474,1.0,0.9901999831199646
YGL053W,YHR025W,0,-13.270024,0.09171787649393082,1.0,0.9902999997138977
YBR103W,YLR182W,0,-13.281911,0.09170946478843689,1.0,0.9904000163078308
YJL179W,YJR004C,0,-13.281917,0.09170105308294296,1.0,0.9904999732971191
YKR056W,YJL048C,0,-13.286223,0.09169264882802963,1.0,0.9905999898910522
YLR095C,YMR100W,0,-13.287314,0.0916842371225357,1.0,0.9907000064849854
YDL024C,YBL072C,0,-13.294231,0.09167583286762238,1.0,0.9908000230789185
YDR358W,YHL033C,0,-13.325021,0.09166742861270905,1.0,0.9908999800682068
YDL148C,YFR003C,0,-13.326436,0.09165903180837631,1.0,0.9909999966621399
YOR245C,YEL001C,0,-13.328181,0.09165062755346298,1.0,0.991100013256073
YLR449W,YBR183W,0,-13.343531,0.09164223074913025,1.0,0.9911999702453613
YPR134W,YJL168C,0,-13.348011,0.09163383394479752,1.0,0.9912999868392944
YDR142C,YNL312W,0,-13.370579,0.09162543714046478,1.0,0.9914000034332275
YKR066C,YHL033C,0,-13.3813095,0.09161704033613205,1.0,0.9915000200271606
YMR041C,YNL038W,0,-13.39636,0.09160865098237991,1.0,0.991599977016449
YML086C,YGL180W,0,-13.400624,0.09160025417804718,1.0,0.9916999936103821
YLR017W,YHR006W,0,-13.417542,0.09159186482429504,1.0,0.9918000102043152
YDR382W,YOR035C,0,-13.42795,0.09158347547054291,1.0,0.9919000267982483
YCL035C,YDR334W,0,-13.456845,0.09157509356737137,1.0,0.9919999837875366
YOR155C,YKL122C,0,-13.46332,0.09156670421361923,1.0,0.9921000003814697
YJR064W,YHR106W,0,-13.473064,0.09155832231044769,1.0,0.9922000169754028
YLR449W,YHR138C,0,-13.490284,0.09154994040727615,1.0,0.9922999739646912
YDL140C,YOR132W,0,-13.497564,0.09154155850410461,1.0,0.9923999905586243
YGL232W,YNR047W,0,-13.497617,0.09153318405151367,1.0,0.9925000071525574
YLR381W,YMR020W,0,-13.502182,0.09152480214834213,1.0,0.9926000237464905
YDR110W,YCL035C,0,-13.510742,0.09151642769575119,1.0,0.9926999807357788
YLL026W,YNL178W,0,-13.511073,0.09150805324316025,1.0,0.9927999973297119
YKL160W,YDR001C,0,-13.542485,0.0914996787905693,1.0,0.992900013923645
YDR435C,YDL082W,0,-13.544011,0.09149131178855896,1.0,0.9929999709129333
YHR104W,YBL092W,0,-13.587539,0.09148293733596802,1.0,0.9930999875068665
YMR041C,YOR187W,0,-13.607756,0.09147457033395767,1.0,0.9932000041007996
YOR310C,YDR055W,0,-13.609218,0.09146620333194733,1.0,0.9933000206947327
YHR081W,YOR054C,0,-13.628718,0.09145783632993698,1.0,0.993399977684021
YLR264W,YMR197C,0,-13.635291,0.09144947677850723,1.0,0.9934999942779541
YLR270W,YLR384C,0,-13.638189,0.09144110977649689,1.0,0.9936000108718872
YMR120C,YDR054C,0,-13.642728,0.09143275022506714,1.0,0.9937000274658203
YPL123C,YIL039W,0,-13.655549,0.09142439067363739,1.0,0.9937999844551086
YNL023C,YLR178C,0,-13.658575,0.09141603112220764,1.0,0.9939000010490417
YPL269W,YJL104W,0,-13.667027,0.09140767902135849,1.0,0.9940000176429749
YIR037W,YPL012W,0,-13.675935,0.09139932692050934,1.0,0.9940999746322632
YPL220W,YKL124W,0,-13.679855,0.09139096736907959,1.0,0.9941999912261963
YNL223W,YBR187W,0,-13.69746,0.09138262271881104,1.0,0.9943000078201294
YBR072W,YGR208W,0,-13.706002,0.09137427061796188,1.0,0.9944000244140625
YLR061W,YPL206C,0,-13.711598,0.09136591851711273,1.0,0.9944999814033508
YLR285W,YKR089C,0,-13.715188,0.09135757386684418,1.0,0.9945999979972839
YJR125C,YHR120W,0,-13.742465,0.09134922921657562,1.0,0.994700014591217
YFL014W,YDR450W,0,-13.77389,0.09134088456630707,1.0,0.9947999715805054
YOR161C,YIL018W,0,-13.7774,0.09133253991603851,1.0,0.9948999881744385
YDR171W,YER113C,0,-13.785845,0.09132420271635056,1.0,0.9950000047683716
YBR026C,YDR382W,0,-13.799106,0.091315858066082,1.0,0.9951000213623047
YLR215C,YOR132W,0,-13.814721,0.09130752086639404,1.0,0.995199978351593
YJL053W,YLL036C,0,-13.819343,0.09129919111728668,1.0,0.9952999949455261
YDR380W,YMR142C,0,-13.83267,0.09129085391759872,1.0,0.9954000115394592
YKL197C,YEL050C,0,-13.859078,0.09128251671791077,1.0,0.9955000281333923
YKR049C,YOR375C,0,-13.908879,0.0912741869688034,1.0,0.9955999851226807
YFL056C,YMR116C,0,-13.932995,0.09126585721969604,1.0,0.9957000017166138
YDR258C,YJR144W,0,-14.027867,0.09125752747058868,1.0,0.9958000183105469
YGR074W,YPL087W,0,-14.040937,0.09124920517206192,1.0,0.9958999752998352
YOR245C,YNR015W,0,-14.056071,0.09124087542295456,1.0,0.9959999918937683
YDR258C,YLR222C,0,-14.062546,0.0912325531244278,1.0,0.9961000084877014
YLL045C,YIL099W,0,-14.067758,0.09122423082590103,1.0,0.9962000250816345
YJL111W,YKR067W,0,-14.168958,0.09121590852737427,1.0,0.9962999820709229
YGL099W,YGR194C,0,-14.202062,0.0912075862288475,1.0,0.996399998664856
YPL139C,YPL120W,0,-14.215978,0.09119927138090134,1.0,0.9965000152587891
YMR250W,YER112W,0,-14.22034,0.09119095653295517,1.0,0.9965999722480774
YDR533C,YPL122C,0,-14.232666,0.091182641685009,1.0,0.9966999888420105
YMR250W,YNL216W,0,-14.2356825,0.09117432683706284,1.0,0.9968000054359436
YLR178C,YIL039W,0,-14.391903,0.09116601198911667,1.0,0.9969000220298767
YGL213C,YBR126C,0,-14.402927,0.0911577045917511,1.0,0.996999979019165
YPL123C,YGL097W,0,-14.416661,0.09114939719438553,1.0,0.9970999956130981
YBR169C,YGR271C-A,0,-14.506452,0.09114108979701996,1.0,0.9972000122070312
YKR049C,YNL178W,0,-14.541168,0.09113278239965439,1.0,0.9973000288009644
YOL065C,YML014W,0,-14.542431,0.09112447500228882,1.0,0.9973999857902527
YNL009W,YLR372W,0,-14.566794,0.09111617505550385,1.0,0.9975000023841858
YMR020W,YDL201W,0,-14.610557,0.09110787510871887,1.0,0.9976000189781189
YAL043C,YPL123C,0,-14.622291,0.0910995751619339,1.0,0.9976999759674072
YEL055C,YBR126C,0,-14.624551,0.09109127521514893,1.0,0.9977999925613403
YKL026C,YGL068W,0,-14.627461,0.09108297526836395,1.0,0.9979000091552734
YHR106W,YDL060W,0,-14.639684,0.09107468277215958,1.0,0.9980000257492065
YGR158C,YOR227W,0,-14.640382,0.0910663902759552,1.0,0.9980999827384949
YIL016W,YLR327C,0,-14.692698,0.09105809777975082,1.0,0.998199999332428
YDL020C,YPR139C,0,-14.697155,0.09104980528354645,1.0,0.9983000159263611
YAL061W,YAL059W,0,-14.72337,0.09104151278734207,1.0,0.9983999729156494
YIL142W,YER141W,0,-14.733413,0.09103322774171829,1.0,0.9984999895095825
YBL064C,YPR118W,0,-14.959656,0.09102494269609451,1.0,0.9986000061035156
YHL033C,YIL101C,0,-15.028903,0.09101665765047073,1.0,0.9987000226974487
YKL156W,YGR161C,0,-15.136153,0.09100837260484695,1.0,0.9987999796867371
YBR072W,YDR412W,0,-15.229494,0.09100008755922318,1.0,0.9988999962806702
YML022W,YDR358W,0,-15.254191,0.09099180996417999,1.0,0.9990000128746033
YML080W,YLL026W,0,-15.348565,0.09098353236913681,1.0,0.9991000294685364
YMR041C,YPL244C,0,-15.46984,0.09097525477409363,1.0,0.9991999864578247
YCL040W,YMR131C,0,-15.475978,0.09096697717905045,1.0,0.9993000030517578
YKL103C,YLR022C,0,-15.797948,0.09095870703458786,1.0,0.9994000196456909
YDL082W,YHR138C,0,-15.80718,0.09095042943954468,1.0,0.9994999766349792
YEL011W,YOL010W,0,-15.978747,0.09094215929508209,1.0,0.9995999932289124
YNL232W,YBL064C,0,-16.016602,0.0909338891506195,1.0,0.9997000098228455
YMR250W,YDR012W,0,-16.44851,0.09092562645673752,1.0,0.9998000264167786
YGR088W,YGR162W,0,-16.605947,0.09091735631227493,1.0,0.9998999834060669
YOR234C,YIL101C,0,-16.99136,0.09090909361839294,1.0,1.0
