Gene A,Gene B,Label,Score,Precision,Recall,False Positive Rate
YDR388W,YNL243W,1,-3.201707,1.0,0.0010000000474974513,0.0
YNL084C,YDR177W,1,-3.3217132,1.0,0.0020000000949949026,0.0
YDR129C,YNL243W,1,-3.3578532,1.0,0.003000000026077032,0.0
YMR109W,YDR388W,1,-3.5045605,1.0,0.004000000189989805,0.0
YDL099W,YOR259C,0,-3.5992887,0.800000011920929,0.004000000189989805,9.999999747378752e-05
YNL084C,YNL243W,1,-3.60118,0.8333333134651184,0.004999999888241291,9.999999747378752e-05
YNL297C,YNL243W,1,-3.6452665,0.8571428656578064,0.006000000052154064,9.999999747378752e-05
YNL243W,YHR161C,1,-3.6492348,0.875,0.007000000216066837,9.999999747378752e-05
YLR248W,YMR197C,0,-3.6956148,0.7777777910232544,0.007000000216066837,0.00019999999494757503
YHR114W,YNL243W,1,-3.7334862,0.800000011920929,0.00800000037997961,0.00019999999494757503
YDL137W,YER026C,0,-3.7368474,0.7272727489471436,0.00800000037997961,0.0003000000142492354
YMR109W,YOR089C,1,-3.7581859,0.75,0.008999999612569809,0.0003000000142492354
YNL030W,YIL039W,0,-3.7648425,0.692307710647583,0.008999999612569809,0.00039999998989515007
YHR200W,YGR209C,0,-3.7674866,0.6428571343421936,0.008999999612569809,0.0005000000237487257
YNL243W,YDR177W,1,-3.7738047,0.6666666865348816,0.009999999776482582,0.0005000000237487257
YJL155C,YOR117W,0,-3.789513,0.625,0.009999999776482582,0.0006000000284984708
YGR167W,YCR009C,1,-3.8075075,0.6470588445663452,0.010999999940395355,0.0006000000284984708
YCL034W,YNL243W,1,-3.8178358,0.6666666865348816,0.012000000104308128,0.0006000000284984708
YGR167W,YNL243W,1,-3.8241339,0.6842105388641357,0.013000000268220901,0.0006000000284984708
YLR421C,YMR005W,0,-3.830605,0.6499999761581421,0.013000000268220901,0.000699999975040555
YGR010W,YHR200W,0,-3.8558745,0.6190476417541504,0.013000000268220901,0.0007999999797903001
YDR329C,YOR259C,0,-3.8561478,0.5909090638160706,0.013000000268220901,0.0008999999845400453
YDR388W,YDR129C,1,-3.8569756,0.6086956262588501,0.014000000432133675,0.0008999999845400453
YCR009C,YNL243W,1,-3.8758337,0.625,0.014999999664723873,0.0008999999845400453
YNL243W,YOR089C,1,-3.914703,0.6399999856948853,0.01600000075995922,0.0008999999845400453
YBR036C,YOR157C,0,-3.9208436,0.6153846383094788,0.01600000075995922,0.0010000000474974513
YNL084C,YDR388W,1,-3.921278,0.6296296119689941,0.017000000923871994,0.0010000000474974513
YPL078C,YMR188C,0,-3.9249284,0.6071428656578064,0.017000000923871994,0.0010999999940395355
YNL159C,YGR010W,0,-3.9305317,0.5862069129943848,0.017000000923871994,0.0012000000569969416
YHR115C,YPL180W,0,-3.9372725,0.5666666626930237,0.017000000923871994,0.0013000000035390258
YGL207W,YOR069W,0,-3.9609227,0.5483871102333069,0.017000000923871994,0.00139999995008111
YIR006C,YDR388W,1,-3.9695835,0.5625,0.017999999225139618,0.00139999995008111
YML048W,YIL041W,0,-3.9717877,0.5454545617103577,0.017999999225139618,0.001500000013038516
YDR036C,YDL161W,1,-3.9754188,0.5588235259056091,0.01899999938905239,0.001500000013038516
YNR007C,YDR427W,0,-3.9775023,0.5428571701049805,0.01899999938905239,0.0015999999595806003
YGR167W,YBR109C,1,-3.982103,0.5555555820465088,0.019999999552965164,0.0015999999595806003
YDL029W,YDR452W,0,-3.992127,0.5405405163764954,0.019999999552965164,0.0017000000225380063
YDR036C,YNL084C,1,-4.0015473,0.5526315569877625,0.020999999716877937,0.0017000000225380063
YER166W,YNL243W,1,-4.0027885,0.5641025900840759,0.02199999988079071,0.0017000000225380063
YDL134C,YBL033C,0,-4.0034933,0.550000011920929,0.02199999988079071,0.0017999999690800905
YLR371W,YNL243W,1,-4.0093784,0.5609756112098694,0.023000000044703484,0.0017999999690800905
YBR109C,YDR129C,1,-4.0145655,0.5714285969734192,0.024000000208616257,0.0017999999690800905
YNL297C,YOR008C,1,-4.01873,0.5813953280448914,0.02500000037252903,0.0017999999690800905
YNL054W,YDR287W,0,-4.0225644,0.5681818127632141,0.02500000037252903,0.0019000000320374966
YBR207W,YNL243W,1,-4.038313,0.5777778029441833,0.026000000536441803,0.0019000000320374966
YBR282W,YFR033C,0,-4.045912,0.5652173757553101,0.026000000536441803,0.0020000000949949026
YBR207W,YDR129C,1,-4.0467544,0.5744680762290955,0.027000000700354576,0.0020000000949949026
YDL161W,YBR207W,1,-4.048685,0.5833333134651184,0.02800000086426735,0.0020000000949949026
YML092C,YCR030C,0,-4.0586557,0.5714285969734192,0.02800000086426735,0.002099999925121665
YNL084C,YBL007C,1,-4.070314,0.5799999833106995,0.028999999165534973,0.002099999925121665
YGR167W,YDR129C,1,-4.079402,0.5882353186607361,0.029999999329447746,0.002099999925121665
YCR009C,YDR388W,1,-4.081623,0.5961538553237915,0.03099999949336052,0.002099999925121665
YDR153C,YJL041W,0,-4.0819917,0.5849056839942932,0.03099999949336052,0.002199999988079071
YMR109W,YKR014C,1,-4.082812,0.5925925970077515,0.03200000151991844,0.002199999988079071
YIL002C,YNL297C,1,-4.089893,0.6000000238418579,0.032999999821186066,0.002199999988079071
YNL297C,YDR129C,1,-4.093336,0.6071428656578064,0.03400000184774399,0.002199999988079071
YBR059C,YOR109W,1,-4.094364,0.6140350699424744,0.03500000014901161,0.002199999988079071
YOR109W,YHR161C,1,-4.0961494,0.6206896305084229,0.035999998450279236,0.002199999988079071
YOR089C,YKR014C,1,-4.113757,0.6271186470985413,0.03700000047683716,0.002199999988079071
YDR129C,YGR241C,1,-4.1433864,0.6333333253860474,0.03799999877810478,0.002199999988079071
YDL019C,YNL243W,1,-4.1511207,0.6393442749977112,0.039000000804662704,0.002199999988079071
YKR066C,YKR055W,0,-4.154171,0.6290322542190552,0.039000000804662704,0.002300000051036477
YML029W,YLR120C,0,-4.154554,0.6190476417541504,0.039000000804662704,0.002400000113993883
YER094C,YMR071C,0,-4.1549654,0.609375,0.039000000804662704,0.0024999999441206455
YBR207W,YMR109W,1,-4.158408,0.6153846383094788,0.03999999910593033,0.0024999999441206455
YKL186C,YBR082C,0,-4.1625443,0.6060606241226196,0.03999999910593033,0.0026000000070780516
YHR027C,YDR207C,0,-4.1647673,0.5970149040222168,0.03999999910593033,0.0027000000700354576
YNL243W,YOR008C,1,-4.1662407,0.6029411554336548,0.04100000113248825,0.0027000000700354576
YBR059C,YNL243W,1,-4.166682,0.6086956262588501,0.041999999433755875,0.0027000000700354576
YDL161W,YOR109W,1,-4.169818,0.6142857074737549,0.0430000014603138,0.0027000000700354576
YER166W,YBL007C,1,-4.173927,0.6197183132171631,0.04399999976158142,0.0027000000700354576
YDL045C,YIL041W,0,-4.178345,0.6111111044883728,0.04399999976158142,0.00279999990016222
YCL034W,YDR177W,1,-4.1796207,0.6164383292198181,0.04500000178813934,0.00279999990016222
YNL084C,YNL297C,1,-4.187685,0.6216216087341309,0.04600000008940697,0.00279999990016222
YDR388W,YOR043W,1,-4.187754,0.6266666650772095,0.04699999839067459,0.00279999990016222
YBR109C,YHR135C,1,-4.190674,0.6315789222717285,0.04800000041723251,0.00279999990016222
YHR001W,YKR014C,1,-4.1909485,0.6363636255264282,0.04899999871850014,0.00279999990016222
YCR094W,YDR388W,1,-4.1960564,0.6410256624221802,0.05000000074505806,0.00279999990016222
YMR109W,YHR161C,1,-4.199938,0.6455696225166321,0.050999999046325684,0.00279999990016222
YIL002C,YMR109W,1,-4.200756,0.6499999761581421,0.052000001072883606,0.00279999990016222
YGR231C,YJR113C,0,-4.2021246,0.6419752836227417,0.052000001072883606,0.002899999963119626
YHR114W,YHR161C,1,-4.2033587,0.6463414430618286,0.05299999937415123,0.002899999963119626
YMR276W,YML012W,0,-4.215391,0.6385542154312134,0.05299999937415123,0.003000000026077032
YDR251W,YGR156W,0,-4.2168326,0.6309523582458496,0.05299999937415123,0.003100000089034438
YCL034W,YDR129C,1,-4.218776,0.6352941393852234,0.05400000140070915,0.003100000089034438
YBR103W,YER123W,0,-4.220341,0.6279069781303406,0.05400000140070915,0.0031999999191612005
YLR248W,YBR173C,0,-4.2240424,0.6206896305084229,0.05400000140070915,0.0032999999821186066
YGR167W,YDL161W,1,-4.226057,0.625,0.054999999701976776,0.0032999999821186066
YKL152C,YER165W,0,-4.2297163,0.617977499961853,0.054999999701976776,0.0034000000450760126
YBR109C,YNL084C,1,-4.229906,0.6222222447395325,0.0560000017285347,0.0034000000450760126
YOR109W,YCR009C,1,-4.2316275,0.6263736486434937,0.05700000002980232,0.0034000000450760126
YKR003W,YNL243W,1,-4.2321696,0.6304348111152649,0.057999998331069946,0.0034000000450760126
YJL178C,YNR022C,0,-4.239729,0.6236559152603149,0.057999998331069946,0.0035000001080334187
YBR109C,YDL161W,1,-4.240794,0.6276595592498779,0.05900000035762787,0.0035000001080334187
YDR036C,YDR388W,1,-4.2412,0.6315789222717285,0.05999999865889549,0.0035000001080334187
YLR295C,YFL038C,0,-4.2426715,0.625,0.05999999865889549,0.003599999938160181
YHR001W,YNL243W,1,-4.246087,0.6288659572601318,0.061000000685453415,0.003599999938160181
YOR275C,YKL065C,0,-4.257238,0.6224489808082581,0.061000000685453415,0.003700000001117587
YHR114W,YGR167W,1,-4.257631,0.6262626051902771,0.06199999898672104,0.003700000001117587
YHR114W,YNL032W,1,-4.259199,0.6299999952316284,0.06300000101327896,0.003700000001117587
YDL207W,YAL002W,0,-4.2606773,0.6237623691558838,0.06300000101327896,0.003800000064074993
YPR199C,YLR005W,0,-4.270195,0.6176470518112183,0.06300000101327896,0.0038999998942017555
YBL040C,YOL070C,0,-4.2704625,0.6116504669189453,0.06300000101327896,0.004000000189989805
YOL070C,YJL002C,0,-4.2705774,0.6057692170143127,0.06300000101327896,0.004100000020116568
YLR148W,YAL016W,0,-4.273393,0.6000000238418579,0.06300000101327896,0.00419999985024333
YOR109W,YBL007C,1,-4.274204,0.6037735939025879,0.06400000303983688,0.00419999985024333
YHR158C,YFL047W,0,-4.2802825,0.5981308221817017,0.06400000303983688,0.00430000014603138
YBR109C,YKR014C,1,-4.281206,0.6018518805503845,0.06499999761581421,0.00430000014603138
YDR452W,YJL151C,0,-4.282363,0.5963302850723267,0.06499999761581421,0.004399999976158142
YDL046W,YGL210W,0,-4.2827826,0.5909090638160706,0.06499999761581421,0.0044999998062849045
YHR114W,YOR329C,1,-4.2853985,0.5945945978164673,0.06599999964237213,0.0044999998062849045
YBR089C-A,YCL052C,0,-4.289056,0.5892857313156128,0.06599999964237213,0.004600000102072954
YOR157C,YPR024W,0,-4.293198,0.5840708017349243,0.06599999964237213,0.004699999932199717
YBR059C,YDL161W,1,-4.294327,0.5877193212509155,0.06700000166893005,0.004699999932199717
YBL007C,YKR014C,1,-4.300114,0.591304361820221,0.06800000369548798,0.004699999932199717
YDL097C,YDR485C,0,-4.3056736,0.5862069129943848,0.06800000369548798,0.004800000227987766
YGR167W,YHR001W,1,-4.3072085,0.5897436141967773,0.0689999982714653,0.004800000227987766
YER125W,YNL243W,1,-4.3073306,0.5932203531265259,0.07000000029802322,0.004800000227987766
YER125W,YKR014C,1,-4.3102593,0.5966386795043945,0.07100000232458115,0.004800000227987766
YGR086C,YDR059C,1,-4.3106866,0.6000000238418579,0.07199999690055847,0.004800000227987766
YGR086C,YDR177W,1,-4.314415,0.6033057570457458,0.0729999989271164,0.004800000227987766
YDR294C,YFR031C,0,-4.3184624,0.5983606576919556,0.0729999989271164,0.004900000058114529
YNL243W,YHR135C,1,-4.318612,0.6016260385513306,0.07400000095367432,0.004900000058114529
YDR129C,YKL203C,1,-4.3187866,0.6048387289047241,0.07500000298023224,0.004900000058114529
YOR239W,YDR047W,0,-4.321619,0.6000000238418579,0.07500000298023224,0.004999999888241291
YOR275C,YGL252C,0,-4.322531,0.5952380895614624,0.07500000298023224,0.005100000184029341
YGR167W,YDR069C,1,-4.3225517,0.5984252095222473,0.07599999755620956,0.005100000184029341
YDL019C,YHR161C,1,-4.322945,0.6015625,0.07699999958276749,0.005100000184029341
YGR029W,YDR529C,0,-4.3236217,0.5968992114067078,0.07699999958276749,0.005200000014156103
YGR167W,YCL034W,1,-4.324586,0.6000000238418579,0.07800000160932541,0.005200000014156103
YBL040C,YOL026C,0,-4.3279366,0.5954198241233826,0.07800000160932541,0.0052999998442828655
YLR353W,YNL005C,0,-4.3288956,0.5909090638160706,0.07800000160932541,0.005400000140070915
YDR177W,YGR241C,1,-4.329752,0.5939849615097046,0.07900000363588333,0.005400000140070915
YAL038W,YLR048W,0,-4.331151,0.5895522236824036,0.07900000363588333,0.005499999970197678
YBR109C,YNL243W,1,-4.3368635,0.5925925970077515,0.07999999821186066,0.005499999970197678
YHR001W,YOR008C,1,-4.3382816,0.595588207244873,0.08100000023841858,0.005499999970197678
YGL011C,YOR069W,0,-4.340747,0.5912408828735352,0.08100000023841858,0.00559999980032444
YDR388W,YHR135C,1,-4.3427496,0.5942028760910034,0.0820000022649765,0.00559999980032444
YPR103W,YOL072W,0,-4.3432674,0.5899280309677124,0.0820000022649765,0.00570000009611249
YGR167W,YDR388W,1,-4.3446383,0.5928571224212646,0.08299999684095383,0.00570000009611249
YNL084C,YKR014C,1,-4.350729,0.5957446694374084,0.08399999886751175,0.00570000009611249
YER166W,YDR388W,1,-4.3526564,0.5985915660858154,0.08500000089406967,0.00570000009611249
YOR329C,YBL007C,1,-4.3526974,0.6013985872268677,0.0860000029206276,0.00570000009611249
YLR459W,YDR100W,0,-4.353792,0.5972222089767456,0.0860000029206276,0.005799999926239252
YCR009C,YOR329C,1,-4.3597445,0.6000000238418579,0.08699999749660492,0.005799999926239252
YOL054W,YML013W,0,-4.3617144,0.5958904027938843,0.08699999749660492,0.005900000222027302
YDL019C,YER125W,1,-4.3627796,0.5986394286155701,0.08799999952316284,0.005900000222027302
YKL085W,YOR158W,0,-4.3634696,0.5945945978164673,0.08799999952316284,0.006000000052154064
YHR115C,YJL085W,0,-4.3640804,0.5906040072441101,0.08799999952316284,0.006099999882280827
YCL034W,YHR001W,1,-4.3665185,0.5933333039283752,0.08900000154972076,0.006099999882280827
YIL124W,YIL076W,0,-4.366996,0.5894039869308472,0.08900000154972076,0.006200000178068876
YKR003W,YHR135C,1,-4.367839,0.5921052694320679,0.09000000357627869,0.006200000178068876
YDL161W,YKR014C,1,-4.368098,0.5947712659835815,0.09099999815225601,0.006200000178068876
YDL161W,YDR388W,1,-4.368434,0.5974025726318359,0.09200000017881393,0.006200000178068876
YIL002C,YOR109W,1,-4.3691463,0.6000000238418579,0.09300000220537186,0.006200000178068876
YHR114W,YOR008C,1,-4.3698764,0.6025640964508057,0.09399999678134918,0.006200000178068876
YER125W,YGR241C,1,-4.3741026,0.6050955653190613,0.0949999988079071,0.006200000178068876
YHR114W,YCR094W,1,-4.3747587,0.607594907283783,0.09600000083446503,0.006200000178068876
YKR035W-A,YBR001C,0,-4.3748693,0.6037735939025879,0.09600000083446503,0.006300000008195639
YBL022C,YDL072C,0,-4.3777733,0.6000000238418579,0.09600000083446503,0.006399999838322401
YBR207W,YOR109W,1,-4.378957,0.6024844646453857,0.09700000286102295,0.006399999838322401
YBR193C,YEL013W,0,-4.3803215,0.5987654328346252,0.09700000286102295,0.006500000134110451
YPR149W,YGL025C,0,-4.3810496,0.5950919985771179,0.09700000286102295,0.006599999964237213
YNL159C,YFR041C,0,-4.3815007,0.5914633870124817,0.09700000286102295,0.0066999997943639755
YKL007W,YOR020C,0,-4.383894,0.5878787636756897,0.09700000286102295,0.006800000090152025
YDR036C,YNL297C,1,-4.385113,0.5903614163398743,0.09799999743700027,0.006800000090152025
YGR167W,YLR337C,1,-4.3855314,0.5928143858909607,0.0989999994635582,0.006800000090152025
YDL019C,YCR009C,1,-4.3875537,0.5952380895614624,0.10000000149011612,0.006800000090152025
YHR114W,YMR109W,1,-4.3885875,0.5976331233978271,0.10100000351667404,0.006800000090152025
YDR238C,YNL079C,0,-4.3886704,0.5941176414489746,0.10100000351667404,0.006899999920278788
YML070W,YOR069W,0,-4.3896985,0.5906432867050171,0.10100000351667404,0.007000000216066837
YKL085W,YDR409W,0,-4.392295,0.5872092843055725,0.10100000351667404,0.0071000000461936
YMR281W,YBR086C,0,-4.395099,0.5838150382041931,0.10100000351667404,0.007199999876320362
YPL084W,YGL025C,0,-4.4032965,0.5804597735404968,0.10100000351667404,0.007300000172108412
YHR114W,YER125W,1,-4.403895,0.5828571319580078,0.10199999809265137,0.007300000172108412
YLR206W,YMR109W,1,-4.404431,0.5852272510528564,0.10300000011920929,0.007300000172108412
YFR013W,YDR452W,0,-4.4068537,0.5819209218025208,0.10300000011920929,0.007400000002235174
YNL118C,YDR145W,0,-4.406868,0.5786516666412354,0.10300000011920929,0.007499999832361937
YGR167W,YOR109W,1,-4.40768,0.5810055732727051,0.10400000214576721,0.007499999832361937
YGR167W,YOR089C,1,-4.4086804,0.5833333134651184,0.10499999672174454,0.007499999832361937
YGR167W,YCR028C,1,-4.409088,0.5856353640556335,0.10599999874830246,0.007499999832361937
YBR059C,YNL297C,1,-4.410729,0.5879120826721191,0.10700000077486038,0.007499999832361937
YGR092W,YEL013W,0,-4.4107723,0.5846994519233704,0.10700000077486038,0.007600000128149986
YDL143W,YDR294C,0,-4.4115486,0.58152174949646,0.10700000077486038,0.007699999958276749
YJL020C,YML072C,0,-4.411728,0.5783783793449402,0.10700000077486038,0.007799999788403511
YEL001C,YKR088C,0,-4.413189,0.5752688050270081,0.10700000077486038,0.007899999618530273
YER068W,YBR024W,0,-4.414135,0.5721924901008606,0.10700000077486038,0.00800000037997961
YIL002C,YKR014C,1,-4.41886,0.5744680762290955,0.1080000028014183,0.00800000037997961
YOR020C,YPL118W,0,-4.4190116,0.5714285969734192,0.1080000028014183,0.008100000210106373
YIL065C,YGL172W,0,-4.4204373,0.5684210658073425,0.1080000028014183,0.008200000040233135
YLR295C,YLL001W,0,-4.4210625,0.5654450058937073,0.1080000028014183,0.008299999870359898
YDR129C,YHR135C,1,-4.421221,0.5677083134651184,0.10899999737739563,0.008299999870359898
YDR036C,YBL007C,1,-4.4233103,0.5699481964111328,0.10999999940395355,0.008299999870359898
YDR304C,YBR089C-A,0,-4.4241934,0.5670102834701538,0.10999999940395355,0.00839999970048666
YJR113C,YKL141W,0,-4.4242597,0.5641025900840759,0.10999999940395355,0.008500000461935997
YDR129C,YDR059C,1,-4.4267254,0.5663265585899353,0.11100000143051147,0.008500000461935997
YNL032W,YHR135C,1,-4.4277544,0.5685279369354248,0.1120000034570694,0.008500000461935997
YGR241C,YKR014C,1,-4.430245,0.5707070827484131,0.11299999803304672,0.008500000461935997
YPL135W,YBR173C,0,-4.433648,0.5678392052650452,0.11299999803304672,0.00860000029206276
YOR109W,YKR014C,1,-4.438666,0.5699999928474426,0.11400000005960464,0.00860000029206276
YIL002C,YNL243W,1,-4.4390006,0.572139322757721,0.11500000208616257,0.00860000029206276
YLL001W,YPR024W,0,-4.4392314,0.5693069100379944,0.11500000208616257,0.008700000122189522
YDL045C,YOL129W,0,-4.4399753,0.5665024518966675,0.11500000208616257,0.008799999952316284
YDR173C,YPL232W,0,-4.4442525,0.563725471496582,0.11500000208616257,0.008899999782443047
YKL040C,YOL038W,0,-4.4463058,0.5609756112098694,0.11500000208616257,0.008999999612569809
YDL004W,YFR033C,0,-4.4495764,0.5582524538040161,0.11500000208616257,0.009100000374019146
YMR092C,YDR098C,0,-4.449613,0.5555555820465088,0.11500000208616257,0.009200000204145908
YNL031C,YMR200W,0,-4.45298,0.5528846383094788,0.11500000208616257,0.00930000003427267
YBR109C,YDR059C,1,-4.4559417,0.5550239086151123,0.11599999666213989,0.00930000003427267
YLR390W-A,YDR158W,0,-4.4562035,0.5523809790611267,0.11599999666213989,0.009399999864399433
YGR147C,YBR001C,0,-4.457619,0.549763023853302,0.11599999666213989,0.009499999694526196
YDR388W,YOR089C,1,-4.458542,0.551886796951294,0.11699999868869781,0.009499999694526196
YBR039W,YBR263W,0,-4.459622,0.5492957830429077,0.11699999868869781,0.009600000455975533
YML110C,YLR088W,0,-4.461263,0.5467289686203003,0.11699999868869781,0.009700000286102295
YDR298C,YJL054W,0,-4.461545,0.5441860556602478,0.11699999868869781,0.009800000116229057
YHR001W,YER125W,1,-4.464935,0.5462962985038757,0.11800000071525574,0.009800000116229057
YKR048C,YPR088C,0,-4.467616,0.5437787771224976,0.11800000071525574,0.00989999994635582
YPR025C,YNR052C,0,-4.4703035,0.5412843823432922,0.11800000071525574,0.009999999776482582
YDL019C,YKR014C,1,-4.4721456,0.543379008769989,0.11900000274181366,0.009999999776482582
YFL041W,YBR024W,0,-4.473705,0.5409091114997864,0.11900000274181366,0.010099999606609344
YER125W,YDR129C,1,-4.4771247,0.5429864525794983,0.11999999731779099,0.010099999606609344
YGR167W,YNL084C,1,-4.477156,0.545045018196106,0.12099999934434891,0.010099999606609344
YOR008C,YHR135C,1,-4.4785433,0.5470852255821228,0.12200000137090683,0.010099999606609344
YGR167W,YHR016C,1,-4.4798665,0.5491071343421936,0.12300000339746475,0.010099999606609344
YCR094W,YKR003W,1,-4.4807158,0.551111102104187,0.12399999797344208,0.010099999606609344
YDR069C,YOR329C,1,-4.4815097,0.5530973672866821,0.125,0.010099999606609344
YDR036C,YDR177W,1,-4.4823413,0.5550661087036133,0.12600000202655792,0.010099999606609344
YOR109W,YDL019C,1,-4.484184,0.5570175647735596,0.12700000405311584,0.010099999606609344
YBR288C,YER027C,0,-4.4888067,0.5545851588249207,0.12700000405311584,0.010200000368058681
YMR139W,YJR019C,0,-4.489046,0.552173912525177,0.12700000405311584,0.010300000198185444
YDR129C,YOR008C,1,-4.4890933,0.5541125535964966,0.12800000607967377,0.010300000198185444
YBR059C,YNL032W,1,-4.489928,0.556034505367279,0.1289999932050705,0.010300000198185444
YCL052C,YOR265W,0,-4.4916234,0.553648054599762,0.1289999932050705,0.010400000028312206
YDL004W,YDL007W,0,-4.4924803,0.5512820482254028,0.1289999932050705,0.010499999858438969
YGR086C,YOR329C,1,-4.493522,0.5531914830207825,0.12999999523162842,0.010499999858438969
YOR109W,YDR177W,1,-4.494305,0.555084764957428,0.13099999725818634,0.010499999858438969
YBR059C,YGR167W,1,-4.4962726,0.5569620132446289,0.13199999928474426,0.010499999858438969
YPL145C,YDR388W,1,-4.4963074,0.5588235259056091,0.13300000131130219,0.010499999858438969
YNL156C,YGR253C,0,-4.4970355,0.5564853549003601,0.13300000131130219,0.010599999688565731
YDL097C,YNL047C,0,-4.4976654,0.5541666746139526,0.13300000131130219,0.010700000450015068
YNL084C,YHR073W,1,-4.4981475,0.5560166239738464,0.1340000033378601,0.010700000450015068
YOR008C,YDR177W,1,-4.4991913,0.557851254940033,0.13500000536441803,0.010700000450015068
YCR028C,YKR003W,1,-4.500973,0.5596708059310913,0.13600000739097595,0.010700000450015068
YDL161W,YHR001W,1,-4.5033245,0.561475396156311,0.13699999451637268,0.010700000450015068
YCR094W,YNL084C,1,-4.5041428,0.563265323638916,0.1379999965429306,0.010700000450015068
YNR033W,YGR199W,0,-4.5077305,0.5609756112098694,0.1379999965429306,0.01080000028014183
YHR161C,YHR135C,1,-4.510014,0.5627530217170715,0.13899999856948853,0.01080000028014183
YGL190C,YBR058C,0,-4.5151677,0.5604838728904724,0.13899999856948853,0.010900000110268593
YOR109W,YOR008C,1,-4.5153766,0.5622490048408508,0.14000000059604645,0.010900000110268593
YLR133W,YDR207C,0,-4.517125,0.5600000023841858,0.14000000059604645,0.010999999940395355
YNL098C,YDL010W,0,-4.517812,0.5577689409255981,0.14000000059604645,0.011099999770522118
YBR080C,YCR030C,0,-4.519397,0.5555555820465088,0.14000000059604645,0.01119999960064888
YCR002C,YLR410W,0,-4.5204062,0.5533596873283386,0.14000000059604645,0.011300000362098217
YOR329C,YDR177W,1,-4.522115,0.5551180839538574,0.14100000262260437,0.011300000362098217
YOR124C,YOR069W,0,-4.5234933,0.5529412031173706,0.14100000262260437,0.01140000019222498
YBR059C,YOR008C,1,-4.5257506,0.5546875,0.1420000046491623,0.01140000019222498
YCR094W,YGR167W,1,-4.5275044,0.5564202070236206,0.14300000667572021,0.01140000019222498
YGR044C,YBR024W,0,-4.531744,0.5542635917663574,0.14300000667572021,0.011500000022351742
YBR109C,YNL032W,1,-4.5322027,0.5559845566749573,0.14399999380111694,0.011500000022351742
YNL015W,YIL138C,0,-4.5331025,0.5538461804389954,0.14399999380111694,0.011599999852478504
YGL150C,YER094C,0,-4.5337763,0.5517241358757019,0.14399999380111694,0.011699999682605267
YDL161W,YHR073W,1,-4.533829,0.5534350872039795,0.14499999582767487,0.011699999682605267
YDR028C,YDR164C,0,-4.535492,0.5513308048248291,0.14499999582767487,0.011800000444054604
YGR086C,YDR129C,1,-4.5356207,0.5530303120613098,0.1459999978542328,0.011800000444054604
YOR070C,YGL207W,0,-4.536817,0.5509433746337891,0.1459999978542328,0.011900000274181366
YJR083C,YOL145C,0,-4.538068,0.548872172832489,0.1459999978542328,0.012000000104308128
YMR236W,YPL206C,0,-4.5381207,0.5468164682388306,0.1459999978542328,0.01209999993443489
YGR167W,YOR329C,1,-4.54126,0.5485074520111084,0.1469999998807907,0.01209999993443489
YMR285C,YGL186C,0,-4.5417953,0.5464683771133423,0.1469999998807907,0.012199999764561653
YMR109W,YIR006C,1,-4.5464067,0.5481481552124023,0.14800000190734863,0.012199999764561653
YDR036C,YLR371W,1,-4.5482802,0.5498154759407043,0.14900000393390656,0.012199999764561653
YMR092C,YHR181W,0,-4.550532,0.5477941036224365,0.14900000393390656,0.012299999594688416
YIL002C,YNL032W,1,-4.550738,0.5494505763053894,0.15000000596046448,0.012299999594688416
YGR167W,YGR086C,1,-4.5543656,0.5510948896408081,0.1509999930858612,0.012299999594688416
YCR094W,YKR014C,1,-4.5547004,0.5527272820472717,0.15199999511241913,0.012299999594688416
YBL007C,YHR016C,1,-4.555155,0.554347813129425,0.15299999713897705,0.012299999594688416
YLL043W,YBL017C,0,-4.5553746,0.5523465871810913,0.15299999713897705,0.012400000356137753
YER021W,YKL193C,0,-4.55629,0.5503597259521484,0.15299999713897705,0.012500000186264515
YMR026C,YDR468C,0,-4.557878,0.5483871102333069,0.15299999713897705,0.012600000016391277
YCL034W,YDL019C,1,-4.5593476,0.550000011920929,0.15399999916553497,0.012600000016391277
YML057W,YNL286W,0,-4.560879,0.5480427145957947,0.15399999916553497,0.01269999984651804
YCR069W,YPR131C,0,-4.5610967,0.5460993051528931,0.15399999916553497,0.012799999676644802
YBR010W,YDR158W,0,-4.562981,0.5441696047782898,0.15399999916553497,0.012900000438094139
YNL297C,YHR001W,1,-4.56441,0.5457746386528015,0.1550000011920929,0.012900000438094139
YOR065W,YMR225C,0,-4.564678,0.5438596606254578,0.1550000011920929,0.013000000268220901
YCR033W,YLR240W,0,-4.566018,0.5419580340385437,0.1550000011920929,0.013100000098347664
YPR139C,YJL139C,0,-4.5669003,0.5400696992874146,0.1550000011920929,0.013199999928474426
YNL239W,YFR052W,0,-4.5684805,0.5381944179534912,0.1550000011920929,0.013299999758601189
YGR029W,YDR434W,0,-4.569359,0.5363321900367737,0.1550000011920929,0.013399999588727951
YHR188C,YAL016W,0,-4.573669,0.5344827771186829,0.1550000011920929,0.013500000350177288
YGR167W,YDL019C,1,-4.5744185,0.5360824465751648,0.15600000321865082,0.013500000350177288
YKR003W,YCR009C,1,-4.5746856,0.5376712083816528,0.15700000524520874,0.013500000350177288
YDR162C,YLR138W,0,-4.575014,0.5358361601829529,0.15700000524520874,0.01360000018030405
YDL004W,YBR009C,0,-4.5751204,0.5340136289596558,0.15700000524520874,0.013700000010430813
YDL019C,YAR042W,1,-4.575418,0.5355932116508484,0.15800000727176666,0.013700000010430813
YGR132C,YJR126C,0,-4.5777698,0.5337837934494019,0.15800000727176666,0.013799999840557575
YBR272C,YDL134C,0,-4.5778255,0.5319865345954895,0.15800000727176666,0.013899999670684338
YNL297C,YER125W,1,-4.5781684,0.5335570573806763,0.1589999943971634,0.013899999670684338
YHR001W,YGR241C,1,-4.578614,0.5351170301437378,0.1599999964237213,0.013899999670684338
YOR329C,YOR089C,1,-4.5797486,0.5366666913032532,0.16099999845027924,0.013899999670684338
YGR120C,YOL001W,0,-4.580395,0.5348837375640869,0.16099999845027924,0.014000000432133675
YMR184W,YAL009W,0,-4.582068,0.5331125855445862,0.16099999845027924,0.014100000262260437
YER166W,YHR161C,1,-4.5845556,0.5346534848213196,0.16200000047683716,0.014100000262260437
YOR329C,YKL203C,1,-4.5852904,0.5361841917037964,0.16300000250339508,0.014100000262260437
YLL019C,YHR027C,0,-4.5862956,0.534426212310791,0.16300000250339508,0.0142000000923872
YDL137W,YMR112C,0,-4.5873156,0.5326797366142273,0.16300000250339508,0.014299999922513962
YHR114W,YDR177W,1,-4.58942,0.534201979637146,0.164000004529953,0.014299999922513962
YOL116W,YIL023C,0,-4.5901346,0.5324675440788269,0.164000004529953,0.014399999752640724
YNL084C,YDL161W,1,-4.5905404,0.5339806079864502,0.16500000655651093,0.014399999752640724
YGR037C,YOR194C,0,-4.593037,0.5322580933570862,0.16500000655651093,0.014499999582767487
YNL106C,YDR388W,1,-4.593381,0.5337620377540588,0.16599999368190765,0.014499999582767487
YGL207W,YOL138C,0,-4.596379,0.5320512652397156,0.16599999368190765,0.014600000344216824
YHR114W,YOR089C,1,-4.597051,0.5335463285446167,0.16699999570846558,0.014600000344216824
YBR207W,YOR329C,1,-4.5975637,0.5350318551063538,0.1679999977350235,0.014600000344216824
YJL031C,YKR035W-A,0,-4.5986695,0.5333333611488342,0.1679999977350235,0.014700000174343586
YLL026W,YPR108W,0,-4.599479,0.5316455960273743,0.1679999977350235,0.014800000004470348
YDL115C,YKL175W,0,-4.600227,0.5299684405326843,0.1679999977350235,0.01489999983459711
YDL161W,YNL297C,1,-4.602117,0.5314465165138245,0.16899999976158142,0.01489999983459711
YCR094W,YNL106C,1,-4.6026063,0.5329153537750244,0.17000000178813934,0.01489999983459711
YNL032W,YDR177W,1,-4.6035933,0.534375011920929,0.17100000381469727,0.01489999983459711
YLR206W,YGR241C,1,-4.6038394,0.5358255505561829,0.1720000058412552,0.01489999983459711
YAL026C,YDL019C,1,-4.6052203,0.5372670888900757,0.17299999296665192,0.01489999983459711
YPL084W,YDR389W,0,-4.6053934,0.5356037020683289,0.17299999296665192,0.014999999664723873
YBR103W,YPR173C,0,-4.6076617,0.5339506268501282,0.17299999296665192,0.01510000042617321
YOR197W,YKL065C,0,-4.6102405,0.5323076844215393,0.17299999296665192,0.015200000256299973
YBR207W,YOR089C,1,-4.61123,0.5337423086166382,0.17399999499320984,0.015200000256299973
YHR001W,YHR135C,1,-4.6136637,0.5351681709289551,0.17499999701976776,0.015200000256299973
YJL003W,YNR037C,0,-4.614258,0.5335366129875183,0.17499999701976776,0.015300000086426735
YIL041W,YDR265W,0,-4.6167254,0.5319148898124695,0.17499999701976776,0.015399999916553497
YJR118C,YHR121W,0,-4.6172705,0.5303030014038086,0.17499999701976776,0.01549999974668026
YHR114W,YIL002C,1,-4.6175857,0.5317220687866211,0.17599999904632568,0.01549999974668026
YCR094W,YOR008C,1,-4.6192865,0.5331325531005859,0.1770000010728836,0.01549999974668026
YBR059C,YCR094W,1,-4.6254535,0.5345345139503479,0.17800000309944153,0.01549999974668026
YBR059C,YOR329C,1,-4.6257772,0.5359281301498413,0.17900000512599945,0.01549999974668026
YGL044C,YFR052W,0,-4.6271777,0.5343283414840698,0.17900000512599945,0.015599999576807022
YNL106C,YHR001W,1,-4.6275287,0.5357142686843872,0.18000000715255737,0.015599999576807022
YPR128C,YMR041C,0,-4.6284413,0.5341246128082275,0.18000000715255737,0.015699999406933784
YOR109W,YKL203C,1,-4.629736,0.5355029702186584,0.1809999942779541,0.015699999406933784
YJR040W,YFR010W,0,-4.6299243,0.533923327922821,0.1809999942779541,0.015799999237060547
YMR016C,YNL241C,0,-4.6304674,0.5323529243469238,0.1809999942779541,0.01590000092983246
YDL161W,YDL019C,1,-4.63198,0.5337243676185608,0.18199999630451202,0.01590000092983246
YHR161C,YHR016C,1,-4.632055,0.5350877046585083,0.18299999833106995,0.01590000092983246
YER141W,YJL100W,0,-4.6347804,0.533527672290802,0.18299999833106995,0.01600000075995922
YDR231C,YHR028C,0,-4.6360526,0.5319767594337463,0.18299999833106995,0.016100000590085983
YKL155C,YER008C,0,-4.6390843,0.530434787273407,0.18299999833106995,0.016200000420212746
YDR284C,YBL105C,0,-4.6409616,0.5289017558097839,0.18299999833106995,0.016300000250339508
YOR086C,YDR084C,0,-4.6413903,0.5273775458335876,0.18299999833106995,0.01640000008046627
YDR059C,YHR161C,1,-4.645394,0.5287356376647949,0.18400000035762787,0.01640000008046627
YKL204W,YMR220W,0,-4.645511,0.527220606803894,0.18400000035762787,0.016499999910593033
YMR161W,YOR241W,0,-4.6463633,0.5257142782211304,0.18400000035762787,0.016599999740719795
YOL071W,YJL154C,0,-4.646711,0.5242165327072144,0.18400000035762787,0.016699999570846558
YNL091W,YNL082W,0,-4.6473246,0.5227272510528564,0.18400000035762787,0.01679999940097332
YLR371W,YDR129C,1,-4.6473384,0.5240793228149414,0.1850000023841858,0.01679999940097332
YDR276C,YMR203W,0,-4.6475434,0.5225988626480103,0.1850000023841858,0.016899999231100082
YLL027W,YGL025C,0,-4.647737,0.5211267471313477,0.1850000023841858,0.017000000923871994
YJR017C,YPL015C,0,-4.6484113,0.5196629166603088,0.1850000023841858,0.017100000753998756
YKL167C,YOL042W,0,-4.6508007,0.518207311630249,0.1850000023841858,0.01720000058412552
YMR109W,YDR059C,1,-4.651537,0.5195530652999878,0.1860000044107437,0.01720000058412552
YER166W,YDL161W,1,-4.6543326,0.5208913683891296,0.18700000643730164,0.01720000058412552
YDR129C,YDR177W,1,-4.6556473,0.5222222208976746,0.18799999356269836,0.01720000058412552
YMR264W,YPL098C,0,-4.6593227,0.5207756161689758,0.18799999356269836,0.01730000041425228
YGR086C,YKR014C,1,-4.6595645,0.5220994353294373,0.1889999955892563,0.01730000041425228
YKL002W,YJL151C,0,-4.6613035,0.5206611752510071,0.1889999955892563,0.017400000244379044
YNL106C,YKR003W,1,-4.662064,0.5219780206680298,0.1899999976158142,0.017400000244379044
YHR114W,YPL145C,1,-4.6629066,0.5232876539230347,0.19099999964237213,0.017400000244379044
YCR028C,YOR329C,1,-4.664877,0.5245901346206665,0.19200000166893005,0.017400000244379044
YGL190C,YCR030C,0,-4.6649437,0.5231607556343079,0.19200000166893005,0.017500000074505806
YBR109C,YOR329C,1,-4.665097,0.5244565010070801,0.19300000369548798,0.017500000074505806
YBR036C,YPL028W,0,-4.6656146,0.5230352282524109,0.19300000369548798,0.01759999990463257
YDL137W,YDL097C,0,-4.6672997,0.5216216444969177,0.19300000369548798,0.01769999973475933
YPL008W,YDR409W,0,-4.6687083,0.520215630531311,0.19300000369548798,0.017799999564886093
YCR046C,YBR089C-A,0,-4.6704965,0.5188171863555908,0.19300000369548798,0.017899999395012856
YMR188C,YDL120W,0,-4.6734257,0.5174262523651123,0.19300000369548798,0.017999999225139618
YGR282C,YLL018C,0,-4.6737075,0.5160427689552307,0.19300000369548798,0.01810000091791153
YDL165W,YPL087W,0,-4.6742177,0.5146666765213013,0.19300000369548798,0.018200000748038292
YER166W,YDR129C,1,-4.6764073,0.5159574747085571,0.1940000057220459,0.018200000748038292
YDL161W,YER125W,1,-4.676679,0.517241358757019,0.19499999284744263,0.018200000748038292
YOL108C,YBL090W,0,-4.6767206,0.5158730149269104,0.19499999284744263,0.018300000578165054
YKR066C,YLR120C,0,-4.678452,0.5145118832588196,0.19499999284744263,0.018400000408291817
YER166W,YOR327C,1,-4.6806874,0.5157894492149353,0.19599999487400055,0.018400000408291817
YER125W,YCR009C,1,-4.6813006,0.5170603394508362,0.19699999690055847,0.018400000408291817
YNL297C,YHR016C,1,-4.681552,0.518324613571167,0.1979999989271164,0.018400000408291817
YDL019C,YDR059C,1,-4.682797,0.5195822715759277,0.19900000095367432,0.018400000408291817
YBR109C,YMR109W,1,-4.6830945,0.5208333134651184,0.20000000298023224,0.018400000408291817
YDR182W,YDL160C,0,-4.685806,0.5194805264472961,0.20000000298023224,0.01850000023841858
YOR040W,YOR069W,0,-4.687282,0.5181347131729126,0.20000000298023224,0.01860000006854534
YKR058W,YHR017W,0,-4.688537,0.5167958736419678,0.20000000298023224,0.018699999898672104
YDR151C,YIR037W,0,-4.688571,0.5154638886451721,0.20000000298023224,0.018799999728798866
YDR204W,YDR078C,0,-4.690144,0.5141388177871704,0.20000000298023224,0.01889999955892563
YCR039C,YKL119C,0,-4.690181,0.5128205418586731,0.20000000298023224,0.01899999938905239
YOR109W,YIR006C,1,-4.6917305,0.5140665173530579,0.20100000500679016,0.01899999938905239
YFR052W,YML041C,0,-4.692042,0.5127550959587097,0.20100000500679016,0.019099999219179153
YER125W,YDR177W,1,-4.693908,0.5139949321746826,0.20200000703334808,0.019099999219179153
YKR046C,YLL040C,0,-4.6946406,0.5126903653144836,0.20200000703334808,0.019200000911951065
YOL070C,YPL246C,0,-4.696172,0.5113924145698547,0.20200000703334808,0.019300000742077827
YNR022C,YPR108W,0,-4.699136,0.5101010203361511,0.20200000703334808,0.01940000057220459
YJL091C,YGL022W,0,-4.6999907,0.508816123008728,0.20200000703334808,0.019500000402331352
YEL027W,YNL084C,1,-4.7022185,0.5100502371788025,0.2029999941587448,0.019500000402331352
YGR167W,YPL145C,1,-4.7028246,0.5112782120704651,0.20399999618530273,0.019500000402331352
YLR429W,YPR139C,0,-4.703565,0.5099999904632568,0.20399999618530273,0.019600000232458115
YER166W,YLR337C,1,-4.7053914,0.5112219452857971,0.20499999821186066,0.019600000232458115
YOR035C,YFR003C,0,-4.705398,0.5099502205848694,0.20499999821186066,0.019700000062584877
YJR076C,YDR189W,0,-4.7060065,0.5086848735809326,0.20499999821186066,0.01979999989271164
YOL133W,YLR163C,0,-4.710165,0.5074257254600525,0.20499999821186066,0.019899999722838402
YHR001W,YHR161C,1,-4.711554,0.5086419582366943,0.20600000023841858,0.019899999722838402
YNR016C,YMR276W,0,-4.715285,0.5073891878128052,0.20600000023841858,0.019999999552965164
YBL038W,YMR067C,0,-4.7159305,0.5061424970626831,0.20600000023841858,0.020099999383091927
YHR114W,YDL161W,1,-4.7170687,0.5073529481887817,0.2070000022649765,0.020099999383091927
YJR065C,YOR127W,0,-4.717501,0.5061124563217163,0.2070000022649765,0.02019999921321869
YCL025C,YPR161C,0,-4.7188225,0.504878044128418,0.2070000022649765,0.0203000009059906
YIL026C,YKR028W,0,-4.719646,0.5036496520042419,0.2070000022649765,0.020400000736117363
YEL058W,YDR077W,0,-4.720611,0.5024271607398987,0.2070000022649765,0.020500000566244125
YJL024C,YHR057C,0,-4.7213755,0.501210629940033,0.2070000022649765,0.020600000396370888
YCR053W,YOR043W,1,-4.721674,0.5024154782295227,0.20800000429153442,0.020600000396370888
YDR098C,YDR452W,0,-4.7227807,0.5012048482894897,0.20800000429153442,0.02070000022649765
YOR329C,YOR008C,1,-4.72416,0.5024038553237915,0.20900000631809235,0.02070000022649765
YAL030W,YOR089C,1,-4.7250385,0.5035971403121948,0.20999999344348907,0.02070000022649765
YCR009C,YOR043W,1,-4.725286,0.5047847032546997,0.210999995470047,0.02070000022649765
YCR094W,YHR001W,1,-4.7255607,0.5059666037559509,0.21199999749660492,0.02070000022649765
YDL019C,YOR008C,1,-4.7263055,0.5071428418159485,0.21299999952316284,0.02070000022649765
YDR388W,YAR042W,1,-4.7294383,0.5083135366439819,0.21400000154972076,0.02070000022649765
YHR114W,YAR042W,1,-4.729449,0.5094786882400513,0.2150000035762787,0.02070000022649765
YCR048W,YNL098C,0,-4.729632,0.508274257183075,0.2150000035762787,0.020800000056624413
YML048W,YGR170W,0,-4.7301507,0.5070754885673523,0.2150000035762787,0.020899999886751175
YCR046C,YMR197C,0,-4.731608,0.5058823823928833,0.2150000035762787,0.020999999716877937
YBR059C,YOR089C,1,-4.733052,0.5070422291755676,0.2160000056028366,0.020999999716877937
YBR059C,YBL007C,1,-4.733706,0.5081967115402222,0.21699999272823334,0.020999999716877937
YIL036W,YPL013C,0,-4.7342334,0.5070093274116516,0.21699999272823334,0.0210999995470047
YLR113W,YIL115C,0,-4.737506,0.5058274865150452,0.21699999272823334,0.021199999377131462
YBR109C,YDR036C,1,-4.7385783,0.5069767236709595,0.21799999475479126,0.021199999377131462
YPL110C,YNL167C,0,-4.7428846,0.5058004856109619,0.21799999475479126,0.021299999207258224
YJL155C,YJL073W,0,-4.7446914,0.5046296119689941,0.21799999475479126,0.021400000900030136
YER154W,YLL048C,0,-4.7461443,0.5034642219543457,0.21799999475479126,0.0215000007301569
YDR093W,YOR008C,1,-4.746886,0.5046082735061646,0.21899999678134918,0.0215000007301569
YNL084C,YLR371W,1,-4.74919,0.5057471394538879,0.2199999988079071,0.0215000007301569
YBR006W,YKL119C,0,-4.7496448,0.5045871734619141,0.2199999988079071,0.02160000056028366
YGR189C,YIL076W,0,-4.749972,0.5034325122833252,0.2199999988079071,0.021700000390410423
YPL161C,YAL016W,0,-4.7501674,0.5022830963134766,0.2199999988079071,0.021800000220537186
YGR167W,YDR059C,1,-4.7502294,0.5034168362617493,0.22100000083446503,0.021800000220537186
YOR008C,YKR014C,1,-4.7528615,0.5045454502105713,0.22200000286102295,0.021800000220537186
YDR177W,YDR059C,1,-4.7531466,0.5056689381599426,0.22300000488758087,0.021800000220537186
YCR028C,YNL106C,1,-4.753192,0.5067873597145081,0.2240000069141388,0.021800000220537186
YMR238W,YNL306W,0,-4.7535405,0.505643367767334,0.2240000069141388,0.021900000050663948
YNL065W,YPR156C,0,-4.7541595,0.5045045018196106,0.2240000069141388,0.02199999988079071
YHR115C,YOR362C,0,-4.756367,0.5033707618713379,0.2240000069141388,0.022099999710917473
YNL307C,YGL106W,0,-4.7568045,0.5022421479225159,0.2240000069141388,0.022199999541044235
YDR313C,YBR058C,0,-4.7588534,0.501118540763855,0.2240000069141388,0.022299999371170998
YAL026C,YHR001W,1,-4.7602563,0.5022321343421936,0.22499999403953552,0.022299999371170998
YBL035C,YDR164C,0,-4.7609053,0.5011135935783386,0.22499999403953552,0.02239999920129776
YKL064W,YGL252C,0,-4.7609406,0.5,0.22499999403953552,0.02250000089406967
YPL213W,YBR173C,0,-4.7613006,0.49889135360717773,0.22499999403953552,0.022600000724196434
YNL138W,YOL138C,0,-4.7613797,0.49778762459754944,0.22499999403953552,0.022700000554323196
YMR184W,YDR400W,0,-4.7644563,0.49668875336647034,0.22499999403953552,0.02280000038444996
YOR109W,YHR135C,1,-4.764973,0.4977973699569702,0.22599999606609344,0.02280000038444996
YFR048W,YBR082C,0,-4.7663107,0.49670329689979553,0.22599999606609344,0.02290000021457672
YOR371C,YJR050W,0,-4.7679677,0.49561402201652527,0.22599999606609344,0.023000000044703484
YDR176W,YDL103C,0,-4.7691474,0.4945295453071594,0.22599999606609344,0.023099999874830246
YOR157C,YDR246W,0,-4.769387,0.49344977736473083,0.22599999606609344,0.02319999970495701
YER125W,YHR016C,1,-4.7703195,0.4945533871650696,0.22699999809265137,0.02319999970495701
YNL183C,YDL135C,0,-4.771297,0.49347826838493347,0.22699999809265137,0.02329999953508377
YOR109W,YNL032W,1,-4.772151,0.494577020406723,0.2280000001192093,0.02329999953508377
YDR221W,YOR259C,0,-4.7723103,0.4935064911842346,0.2280000001192093,0.023399999365210533
YOL088C,YKL170W,0,-4.772711,0.4924406111240387,0.2280000001192093,0.023499999195337296
YCR094W,YBL007C,1,-4.774861,0.49353447556495667,0.2290000021457672,0.023499999195337296
YLL043W,YDR477W,0,-4.777086,0.49247312545776367,0.2290000021457672,0.023600000888109207
YOL002C,YDR023W,0,-4.777426,0.4914163053035736,0.2290000021457672,0.02370000071823597
YBR229C,YDR494W,0,-4.778102,0.4903640151023865,0.2290000021457672,0.023800000548362732
YDL232W,YKL080W,0,-4.778861,0.4893162250518799,0.2290000021457672,0.023900000378489494
YHR114W,YBR207W,1,-4.779654,0.4904051125049591,0.23000000417232513,0.023900000378489494
YDR069C,YOR008C,1,-4.780603,0.49148935079574585,0.23100000619888306,0.023900000378489494
YMR184W,YDR294C,0,-4.7808924,0.4904458522796631,0.23100000619888306,0.024000000208616257
YOL071W,YJR131W,0,-4.781661,0.4894067943096161,0.23100000619888306,0.02410000003874302
YHR114W,YDR059C,1,-4.783547,0.4904862642288208,0.23199999332427979,0.02410000003874302
YNL106C,YOR329C,1,-4.7837253,0.4915611743927002,0.2329999953508377,0.02410000003874302
YNL101W,YLR148W,0,-4.784058,0.49052631855010986,0.2329999953508377,0.02419999986886978
YBR207W,YKR003W,1,-4.7854214,0.49159663915634155,0.23399999737739563,0.02419999986886978
YOL077W-A,YKL006W,0,-4.7859225,0.49056604504585266,0.23399999737739563,0.024299999698996544
YFL039C,YER166W,1,-4.7862315,0.49163180589675903,0.23499999940395355,0.024299999698996544
YNL071W,YKR065C,0,-4.787562,0.4906054139137268,0.23499999940395355,0.024399999529123306
YHR183W,YMR272C,0,-4.787829,0.4895833432674408,0.23499999940395355,0.02449999935925007
YPL196W,YML029W,0,-4.7906165,0.48856547474861145,0.23499999940395355,0.02459999918937683
YDL113C,YGR209C,0,-4.7907014,0.48755186796188354,0.23499999940395355,0.024700000882148743
YDL188C,YNL098C,0,-4.792145,0.4865424335002899,0.23499999940395355,0.024800000712275505
YNL133C,YOR149C,0,-4.7928414,0.48553720116615295,0.23499999940395355,0.024900000542402267
YAL026C,YKR003W,1,-4.7936,0.4865979254245758,0.23600000143051147,0.024900000542402267
YER051W,YGL233W,0,-4.793657,0.4855967164039612,0.23600000143051147,0.02500000037252903
YDR097C,YPR139C,0,-4.7949014,0.48459959030151367,0.23600000143051147,0.025100000202655792
YHR200W,YOR069W,0,-4.7949657,0.4836065471172333,0.23600000143051147,0.025200000032782555
YKR065C,YPR133W-A,0,-4.796274,0.48261758685112,0.23600000143051147,0.025299999862909317
YCR094W,YLR371W,1,-4.798801,0.48367348313331604,0.2370000034570694,0.025299999862909317
YGR133W,YJL141C,0,-4.7988877,0.48268839716911316,0.2370000034570694,0.02539999969303608
YMR139W,YPL085W,0,-4.7996693,0.48170730471611023,0.2370000034570694,0.025499999523162842
YLR371W,YKR014C,1,-4.800068,0.48275861144065857,0.23800000548362732,0.025499999523162842
YIR006C,YBL007C,1,-4.802972,0.48380565643310547,0.23899999260902405,0.025499999523162842
YLR170C,YGL233W,0,-4.803453,0.482828289270401,0.23899999260902405,0.025599999353289604
YAL051W,YDR452W,0,-4.803638,0.4818548262119293,0.23899999260902405,0.025699999183416367
YFR041C,YBR005W,0,-4.8036423,0.4808852970600128,0.23899999260902405,0.025800000876188278
YPR029C,YJR084W,0,-4.8054175,0.4799196720123291,0.23899999260902405,0.02590000070631504
YGR086C,YAL030W,1,-4.8074446,0.4809619188308716,0.23999999463558197,0.02590000070631504
YAR042W,YKR014C,1,-4.807519,0.4819999933242798,0.2409999966621399,0.02590000070631504
YBR278W,YHR050W,0,-4.811729,0.4810379147529602,0.2409999966621399,0.026000000536441803
YPL145C,YML052W,1,-4.8128366,0.48207172751426697,0.24199999868869781,0.026000000536441803
YBR109C,YDR388W,1,-4.8134646,0.48310139775276184,0.24300000071525574,0.026000000536441803
YJR110W,YFR003C,0,-4.814816,0.4821428656578064,0.24300000071525574,0.026100000366568565
YFR047C,YGR080W,0,-4.8165054,0.4811881184577942,0.24300000071525574,0.026200000196695328
YHR114W,YCR028C,1,-4.8167205,0.48221343755722046,0.24400000274181366,0.026200000196695328
YPR008W,YFL005W,0,-4.817563,0.48126232624053955,0.24400000274181366,0.02630000002682209
YDR313C,YOR075W,0,-4.818266,0.4803149700164795,0.24400000274181366,0.026399999856948853
YDR168W,YLL001W,0,-4.8184714,0.4793713092803955,0.24400000274181366,0.026499999687075615
YGL003C,YOR075W,0,-4.8193393,0.47843137383461,0.24400000274181366,0.026599999517202377
YBL033C,YMR067C,0,-4.8197293,0.47749510407447815,0.24400000274181366,0.02669999934732914
YDR129C,YHR016C,1,-4.821453,0.478515625,0.24500000476837158,0.02669999934732914
YDL019C,YDR388W,1,-4.8217683,0.4795321524143219,0.2460000067949295,0.02669999934732914
YIL013C,YOR132W,0,-4.8217688,0.4785992205142975,0.2460000067949295,0.026799999177455902
YDR175C,YJR126C,0,-4.8221,0.477669894695282,0.2460000067949295,0.026900000870227814
YGR167W,YAL026C,1,-4.823343,0.47868216037750244,0.24699999392032623,0.026900000870227814
YIR006C,YGR086C,1,-4.824401,0.4796905219554901,0.24799999594688416,0.026900000870227814
YNL071W,YFL045C,0,-4.825562,0.47876447439193726,0.24799999594688416,0.027000000700354576
YBL040C,YGR044C,0,-4.8276668,0.4778420031070709,0.24799999594688416,0.02710000053048134
YNL161W,YKL085W,0,-4.830032,0.4769230782985687,0.24799999594688416,0.0272000003606081
YDR174W,YLR410W,0,-4.8307457,0.4760076701641083,0.24799999594688416,0.027300000190734863
YMR070W,YPL232W,0,-4.831618,0.4750957787036896,0.24799999594688416,0.027400000020861626
YOR161C,YJR059W,0,-4.8319607,0.47418737411499023,0.24799999594688416,0.027499999850988388
YDR069C,YNL297C,1,-4.8322587,0.4751908481121063,0.24899999797344208,0.027499999850988388
YDR129C,YNL032W,1,-4.832468,0.4761904776096344,0.25,0.027499999850988388
YCL035C,YML064C,0,-4.834027,0.4752851724624634,0.25,0.02759999968111515
YLR150W,YOR270C,0,-4.8357606,0.47438329458236694,0.25,0.027699999511241913
YDR086C,YMR149W,0,-4.8358707,0.4734848439693451,0.25,0.027799999341368675
YDL200C,YLR093C,0,-4.8368697,0.47258979082107544,0.25,0.027899999171495438
YJL030W,YPL203W,0,-4.8370132,0.4716981053352356,0.25,0.02800000086426735
YGL178W,YGR198W,0,-4.8387547,0.47080978751182556,0.25,0.02810000069439411
YNL054W,YGL210W,0,-4.8397365,0.46992480754852295,0.25,0.028200000524520874
YKR049C,YDR057W,0,-4.84014,0.46904316544532776,0.25,0.028300000354647636
YHL002W,YOR211C,0,-4.8404536,0.4681648015975952,0.25,0.0284000001847744
YDL143W,YDR289C,0,-4.8405957,0.4672897160053253,0.25,0.02850000001490116
YIL098C,YDR148C,0,-4.840847,0.46641790866851807,0.25,0.028599999845027924
YBR059C,YHR161C,1,-4.8408866,0.4674115478992462,0.25099998712539673,0.028599999845027924
YEL017C-A,YGR185C,0,-4.842278,0.4665427505970001,0.25099998712539673,0.028699999675154686
YCL034W,YGR086C,1,-4.843004,0.4675324559211731,0.25200000405311584,0.028699999675154686
YOR264W,YBR272C,0,-4.8441052,0.46666666865348816,0.25200000405311584,0.02879999950528145
YGR202C,YLR130C,0,-4.8441777,0.4658040702342987,0.25200000405311584,0.02889999933540821
YDR462W,YIR022W,0,-4.84418,0.46494466066360474,0.25200000405311584,0.028999999165534973
YBR109C,YHR016C,1,-4.844336,0.4659300148487091,0.2529999911785126,0.028999999165534973
YML128C,YFR050C,0,-4.8465934,0.46507352590560913,0.2529999911785126,0.029100000858306885
YOR198C,YDL195W,0,-4.848474,0.46422019600868225,0.2529999911785126,0.029200000688433647
YCR012W,YOR361C,0,-4.848931,0.4633699655532837,0.2529999911785126,0.02930000051856041
YKL038W,YOR132W,0,-4.8495183,0.46252286434173584,0.2529999911785126,0.029400000348687172
YML101C,YAL016W,0,-4.8509035,0.4616788327693939,0.2529999911785126,0.029500000178813934
YFL008W,YLR396C,0,-4.8509297,0.4608379006385803,0.2529999911785126,0.029600000008940697
YIL065C,YPL023C,0,-4.8511252,0.46000000834465027,0.2529999911785126,0.02969999983906746
YKR003W,YDR129C,1,-4.851726,0.46098002791404724,0.2540000081062317,0.02969999983906746
YBR024W,YMR071C,0,-4.852631,0.46014493703842163,0.2540000081062317,0.02979999966919422
YDR036C,YDL019C,1,-4.852829,0.46112117171287537,0.2549999952316284,0.02979999966919422
YAL035W,YGL011C,0,-4.8564057,0.4602888226509094,0.2549999952316284,0.029899999499320984
YKL167C,YDL188C,0,-4.8567877,0.45945945382118225,0.2549999952316284,0.029999999329447746
YDR096W,YEL013W,0,-4.8568006,0.45863309502601624,0.2549999952316284,0.03009999915957451
YGL187C,YCR071C,0,-4.8570657,0.4578096866607666,0.2549999952316284,0.03020000085234642
YLR450W,YDR043C,0,-4.8588066,0.45698925852775574,0.2549999952316284,0.030300000682473183
YBR109C,YOR008C,1,-4.8592997,0.4579606354236603,0.25600001215934753,0.030300000682473183
YDL022W,YER012W,0,-4.8605065,0.4571428596973419,0.25600001215934753,0.030400000512599945
YNL084C,YKL203C,1,-4.8615522,0.458110511302948,0.25699999928474426,0.030400000512599945
YIR006C,YHR135C,1,-4.8622084,0.4590747356414795,0.257999986410141,0.030400000512599945
YCR009C,YBL007C,1,-4.8626213,0.4600355327129364,0.2590000033378601,0.030400000512599945
YML062C,YMR071C,0,-4.8630776,0.45921987295150757,0.2590000033378601,0.030500000342726707
YHR073W,YKR014C,1,-4.8632493,0.4601770043373108,0.25999999046325684,0.030500000342726707
YER143W,YBL038W,0,-4.86379,0.4593639671802521,0.25999999046325684,0.03060000017285347
YPL215W,YOL038W,0,-4.865847,0.4585537910461426,0.25999999046325684,0.030700000002980232
YGR098C,YOL055C,0,-4.8661804,0.4577464759349823,0.25999999046325684,0.030799999833106995
YBR059C,YCR028C,1,-4.866748,0.45869946479797363,0.26100000739097595,0.030799999833106995
YPR037C,YMR193W,0,-4.867553,0.4578947424888611,0.26100000739097595,0.030899999663233757
YCR028C,YBL007C,1,-4.8696885,0.4588441252708435,0.2619999945163727,0.030899999663233757
YDL188C,YGR080W,0,-4.869846,0.4580419659614563,0.2619999945163727,0.03099999949336052
YIL002C,YDR388W,1,-4.8715796,0.4589877724647522,0.2630000114440918,0.03099999949336052
YFR041C,YIL107C,0,-4.872191,0.45818814635276794,0.2630000114440918,0.031099999323487282
YNR031C,YFR010W,0,-4.8739557,0.45739129185676575,0.2630000114440918,0.031199999153614044
YNL297C,YDR059C,1,-4.8741593,0.4583333432674408,0.2639999985694885,0.031199999153614044
YNL084C,YHR161C,1,-4.874779,0.4592720866203308,0.26499998569488525,0.031199999153614044
YDR129C,YBR214W,1,-4.875241,0.46020761132240295,0.26600000262260437,0.031199999153614044
YLR133W,YNL316C,0,-4.87532,0.4594127833843231,0.26600000262260437,0.031300000846385956
YNL199C,YOR267C,0,-4.8758473,0.45862069725990295,0.26600000262260437,0.03139999881386757
YIL065C,YAL051W,0,-4.8765965,0.45783132314682007,0.26600000262260437,0.03150000050663948
YMR238W,YAL031C,0,-4.876613,0.45704466104507446,0.26600000262260437,0.031599998474121094
YLR025W,YAL002W,0,-4.878837,0.45626071095466614,0.26600000262260437,0.031700000166893005
YBR210W,YNL055C,0,-4.8788404,0.4554794430732727,0.26600000262260437,0.03180000185966492
YDR204W,YLR163C,0,-4.8797956,0.45470085740089417,0.26600000262260437,0.03189999982714653
YKR035W-A,YJL074C,0,-4.881297,0.45392492413520813,0.26600000262260437,0.03200000151991844
YMR281W,YGL208W,0,-4.8820453,0.4531516134738922,0.26600000262260437,0.032099999487400055
YBR039W,YBR009C,0,-4.884537,0.4523809552192688,0.26600000262260437,0.03220000118017197
YJR046W,YER093C,0,-4.884891,0.4516128897666931,0.26600000262260437,0.03229999914765358
YDR388W,YOR008C,1,-4.8852763,0.45254236459732056,0.2669999897480011,0.03229999914765358
YJR005W,YGR006W,0,-4.885454,0.4517766535282135,0.2669999897480011,0.03240000084042549
YLL051C,YCL011C,0,-4.886238,0.4510135054588318,0.2669999897480011,0.032499998807907104
YKL203C,YHR135C,1,-4.886612,0.45193928480148315,0.2680000066757202,0.032499998807907104
YKL064W,YJL117W,0,-4.8874183,0.4511784613132477,0.2680000066757202,0.032600000500679016
YGR284C,YOL054W,0,-4.8875246,0.45042017102241516,0.2680000066757202,0.03269999846816063
YOL133W,YMR067C,0,-4.88797,0.449664443731308,0.2680000066757202,0.03280000016093254
YHR098C,YGR005C,0,-4.8884916,0.44891121983528137,0.2680000066757202,0.03290000185370445
YHR114W,YBR109C,1,-4.88861,0.4498327672481537,0.26899999380111694,0.03290000185370445
YBR207W,YHR001W,1,-4.888814,0.45075124502182007,0.27000001072883606,0.03290000185370445
YPL098C,YLR209C,0,-4.8890824,0.44999998807907104,0.27000001072883606,0.032999999821186066
YBR059C,YDR036C,1,-4.88941,0.45091512799263,0.2709999978542328,0.032999999821186066
YHR001W,YNL032W,1,-4.8926644,0.4518272280693054,0.2720000147819519,0.032999999821186066
YPL240C,YDR499W,0,-4.89274,0.451077938079834,0.2720000147819519,0.03310000151395798
YBR205W,YGL208W,0,-4.893532,0.4503311216831207,0.2720000147819519,0.03319999948143959
YMR158W,YMR197C,0,-4.894187,0.44958677887916565,0.2720000147819519,0.0333000011742115
YPL078C,YNL037C,0,-4.8942056,0.44884487986564636,0.2720000147819519,0.033399999141693115
YNL219C,YPL115C,0,-4.8947854,0.44810542464256287,0.2720000147819519,0.03350000083446503
YNL027W,YIR037W,0,-4.895675,0.44736841320991516,0.2720000147819519,0.03359999880194664
YNL106C,YLR371W,1,-4.8973107,0.4482758641242981,0.27300000190734863,0.03359999880194664
YOL054W,YDR363W-A,0,-4.898714,0.4475409984588623,0.27300000190734863,0.03370000049471855
YDR229W,YOR353C,0,-4.898822,0.44680851697921753,0.27300000190734863,0.033799998462200165
YMR067C,YPL087W,0,-4.8992157,0.44607841968536377,0.27300000190734863,0.033900000154972076
YAL026C,YDL161W,1,-4.8996453,0.4469820559024811,0.27399998903274536,0.033900000154972076
YJL091C,YGR223C,0,-4.9002767,0.44625407457351685,0.27399998903274536,0.03400000184774399
YDR036C,YNL032W,1,-4.9009137,0.4471544623374939,0.2750000059604645,0.03400000184774399
YGL190C,YMR177W,0,-4.901119,0.4464285671710968,0.2750000059604645,0.0340999998152256
YKL052C,YLR440C,0,-4.9014206,0.44570502638816833,0.2750000059604645,0.03420000150799751
YIL043C,YPL091W,0,-4.9021983,0.4449838101863861,0.2750000059604645,0.034299999475479126
YPL149W,YMR024W,0,-4.9038863,0.4442649483680725,0.2750000059604645,0.03440000116825104
YDL161W,YGR086C,1,-4.903982,0.44516128301620483,0.2759999930858612,0.03440000116825104
YOR316C,YOR278W,0,-4.904032,0.4444444477558136,0.2759999930858612,0.03449999913573265
YER166W,YCR009C,1,-4.9041867,0.4453376233577728,0.2770000100135803,0.03449999913573265
YHR121W,YIL129C,0,-4.904767,0.44462278485298157,0.2770000100135803,0.03460000082850456
YIR037W,YER147C,0,-4.9068165,0.44391027092933655,0.2770000100135803,0.034699998795986176
YKL046C,YPL120W,0,-4.9070635,0.4431999921798706,0.2770000100135803,0.03480000048875809
YFL033C,YER021W,0,-4.907172,0.4424920082092285,0.2770000100135803,0.0348999984562397
YNL286W,YBL005W,0,-4.908921,0.4417862892150879,0.2770000100135803,0.03500000014901161
YJL137C,YHR004C,0,-4.9093957,0.44108280539512634,0.2770000100135803,0.035100001841783524
YMR225C,YKL184W,0,-4.9111466,0.44038155674934387,0.2770000100135803,0.03519999980926514
YML048W,YGR099W,0,-4.9114375,0.4396825432777405,0.2770000100135803,0.03530000150203705
YCL034W,YER125W,1,-4.9116817,0.44057053327560425,0.27799999713897705,0.03530000150203705
YBR214W,YOR008C,1,-4.9118743,0.4414556920528412,0.27900001406669617,0.03530000150203705
YNL020C,YHR114W,1,-4.913624,0.44233807921409607,0.2800000011920929,0.03530000150203705
YBL102W,YGL049C,0,-4.914667,0.44164037704467773,0.2800000011920929,0.03539999946951866
YLL050C,YLR208W,0,-4.9170904,0.4409448802471161,0.2800000011920929,0.03550000116229057
YER112W,YKL113C,0,-4.9173293,0.44025155901908875,0.2800000011920929,0.035599999129772186
YBR110W,YPL135W,0,-4.917409,0.4395604431629181,0.2800000011920929,0.0357000008225441
YDR036C,YHR135C,1,-4.9177775,0.4404388666152954,0.2809999883174896,0.0357000008225441
YDL115C,YDR212W,0,-4.9187293,0.4397495985031128,0.2809999883174896,0.03579999879002571
YDL161W,YLR371W,1,-4.919018,0.44062501192092896,0.28200000524520874,0.03579999879002571
YER166W,YLR206W,1,-4.919158,0.44149765372276306,0.28299999237060547,0.03579999879002571
YIL002C,YOR329C,1,-4.919195,0.4423676133155823,0.2840000092983246,0.03579999879002571
YNR007C,YKR052C,0,-4.92132,0.44167962670326233,0.2840000092983246,0.03590000048279762
YLR309C,YHR111W,0,-4.921348,0.4409937858581543,0.2840000092983246,0.035999998450279236
YPR128C,YCR030C,0,-4.9221325,0.4403100907802582,0.2840000092983246,0.03610000014305115
YER035W,YER027C,0,-4.922348,0.4396284818649292,0.2840000092983246,0.03620000183582306
YIR006C,YCR009C,1,-4.922416,0.4404945969581604,0.2849999964237213,0.03620000183582306
YCL034W,YHR135C,1,-4.9229193,0.4413580298423767,0.28600001335144043,0.03620000183582306
YOR353C,YKL065C,0,-4.9229455,0.4406779706478119,0.28600001335144043,0.03629999980330467
YBR290W,YHR194W,0,-4.9247327,0.4399999976158142,0.28600001335144043,0.036400001496076584
YDL113C,YPL119C,0,-4.9248033,0.43932411074638367,0.28600001335144043,0.0364999994635582
YER001W,YPR181C,0,-4.9251003,0.43865031003952026,0.28600001335144043,0.03660000115633011
YER061C,YER105C,0,-4.925211,0.4379785656929016,0.28600001335144043,0.03669999912381172
YIL033C,YML059C,0,-4.9255557,0.4373088777065277,0.28600001335144043,0.03680000081658363
YMR026C,YDL134C,0,-4.9257116,0.43664121627807617,0.28600001335144043,0.03689999878406525
YDR145W,YOR054C,0,-4.925924,0.4359756112098694,0.28600001335144043,0.03700000047683716
YER016W,YGL087C,0,-4.927968,0.43531203269958496,0.28600001335144043,0.03709999844431877
YEL058W,YGL227W,0,-4.929116,0.4346504509449005,0.28600001335144043,0.03720000013709068
YER026C,YFR024C-A,0,-4.9304385,0.4339908957481384,0.28600001335144043,0.037300001829862595
YGL003C,YNL291C,0,-4.9307017,0.4333333373069763,0.28600001335144043,0.03739999979734421
YNL297C,YDL019C,1,-4.93082,0.43419063091278076,0.28700000047683716,0.03739999979734421
YKR055W,YDR145W,0,-4.9309855,0.43353474140167236,0.28700000047683716,0.03750000149011612
YLR206W,YIL002C,1,-4.9315424,0.4343891441822052,0.2879999876022339,0.03750000149011612
YDR043C,YPL203W,0,-4.9329267,0.4337349534034729,0.2879999876022339,0.03759999945759773
YLL009C,YNL307C,0,-4.933027,0.4330826997756958,0.2879999876022339,0.037700001150369644
YKL013C,YOR347C,0,-4.9340425,0.4324324429035187,0.2879999876022339,0.03779999911785126
YCR048W,YOR130C,0,-4.9345555,0.43178409337997437,0.2879999876022339,0.03790000081062317
YGR077C,YOL018C,0,-4.9354653,0.43113771080970764,0.2879999876022339,0.03799999877810478
YPL061W,YJL178C,0,-4.935936,0.4304932653903961,0.2879999876022339,0.038100000470876694
YKL022C,YJL139C,0,-4.9364386,0.4298507571220398,0.2879999876022339,0.03819999843835831
YPL118W,YAL009W,0,-4.937117,0.4292101263999939,0.2879999876022339,0.03830000013113022
YBR059C,YBR109C,1,-4.938113,0.4300595223903656,0.289000004529953,0.03830000013113022
YLR309C,YER003C,0,-4.9388824,0.42942050099372864,0.289000004529953,0.03840000182390213
YER166W,YDL019C,1,-4.9395823,0.4302670657634735,0.28999999165534973,0.03840000182390213
YIL033C,YKR049C,0,-4.940007,0.4296296238899231,0.28999999165534973,0.03849999979138374
YMR053C,YHR017W,0,-4.9407115,0.4289940893650055,0.28999999165534973,0.038600001484155655
YJR104C,YNL064C,0,-4.941318,0.4283604025840759,0.28999999165534973,0.03869999945163727
YDR376W,YOL038W,0,-4.942261,0.4277286231517792,0.28999999165534973,0.03880000114440918
YDL202W,YCR073W-A,0,-4.9440055,0.42709866166114807,0.28999999165534973,0.03889999911189079
YDL161W,YOR008C,1,-4.944246,0.4279411733150482,0.29100000858306885,0.03889999911189079
YCR028C,YDR129C,1,-4.9447083,0.4287812113761902,0.2919999957084656,0.03889999911189079
YLR127C,YDR182W,0,-4.9466677,0.42815250158309937,0.2919999957084656,0.039000000804662704
YDR409W,YDR246W,0,-4.947399,0.4275256097316742,0.2919999957084656,0.03909999877214432
YGR231C,YBR049C,0,-4.9480033,0.42690059542655945,0.2919999957084656,0.03920000046491623
YKL002W,YMR298W,0,-4.9488664,0.42627736926078796,0.2919999957084656,0.03929999843239784
YJL030W,YFR031C,0,-4.9506316,0.4256559908390045,0.2919999957084656,0.039400000125169754
YCL034W,YDR388W,1,-4.950744,0.42649200558662415,0.2930000126361847,0.039400000125169754
YOL133W,YPL196W,0,-4.9509115,0.4258720874786377,0.2930000126361847,0.039500001817941666
YGR244C,YMR305C,0,-4.9512095,0.4252539873123169,0.2930000126361847,0.03959999978542328
YDR069C,YHR001W,1,-4.952414,0.426086962223053,0.2939999997615814,0.03959999978542328
YPR088C,YPL232W,0,-4.9527464,0.4254703223705292,0.2939999997615814,0.03970000147819519
YPL096W,YGR184C,0,-4.954556,0.424855500459671,0.2939999997615814,0.039799999445676804
YBR281C,YDL225W,0,-4.9556394,0.42424243688583374,0.2939999997615814,0.039900001138448715
YCR094W,YBR207W,1,-4.9558077,0.42507204413414,0.29499998688697815,0.039900001138448715
YPL091W,YPR181C,0,-4.955972,0.42446044087409973,0.29499998688697815,0.03999999910593033
YNL106C,YDR129C,1,-4.9559784,0.4252873659133911,0.29600000381469727,0.03999999910593033
YOR176W,YJR066W,0,-4.956153,0.42467719316482544,0.29600000381469727,0.04010000079870224
YOR070C,YMR297W,0,-4.956671,0.42406877875328064,0.29600000381469727,0.04019999876618385
YDR517W,YKL028W,0,-4.957952,0.4234620928764343,0.29600000381469727,0.040300000458955765
YGR167W,YHR135C,1,-4.9585705,0.4242857098579407,0.296999990940094,0.040300000458955765
YDR177W,YLR337C,1,-4.958668,0.4251070022583008,0.2980000078678131,0.040300000458955765
YLR088W,YNR037C,0,-4.959524,0.4245014190673828,0.2980000078678131,0.04039999842643738
YML088W,YOR069W,0,-4.9595633,0.4238975942134857,0.2980000078678131,0.04050000011920929
YGR167W,YIR006C,1,-4.959722,0.42471590638160706,0.29899999499320984,0.04050000011920929
YER021W,YBR081C,0,-4.9602175,0.4241134822368622,0.29899999499320984,0.0406000018119812
YCR039C,YKL094W,0,-4.960975,0.4235127568244934,0.29899999499320984,0.040699999779462814
YFL029C,YGL163C,0,-4.9610176,0.42291373014450073,0.29899999499320984,0.040800001472234726
YMR297W,YPR161C,0,-4.96104,0.42231637239456177,0.29899999499320984,0.04089999943971634
YFL009W,YJL137C,0,-4.961041,0.4217207431793213,0.29899999499320984,0.04100000113248825
YBL078C,YGL093W,0,-4.9619975,0.42112675309181213,0.29899999499320984,0.041099999099969864
YDR036C,YHR001W,1,-4.962094,0.4219409227371216,0.30000001192092896,0.041099999099969864
YER003C,YJL166W,0,-4.964791,0.42134830355644226,0.30000001192092896,0.041200000792741776
YGL168W,YMR188C,0,-4.965221,0.42075735330581665,0.30000001192092896,0.04129999876022339
YDR093W,YBR214W,1,-4.9652786,0.4215686321258545,0.3009999990463257,0.04129999876022339
YKR035W-A,YJL201W,0,-4.9656177,0.42097902297973633,0.3009999990463257,0.0414000004529953
YJL155C,YDR351W,0,-4.9657416,0.4203910529613495,0.3009999990463257,0.04149999842047691
YJL020C,YOL043C,0,-4.966141,0.41980475187301636,0.3009999990463257,0.041600000113248825
YDR427W,YLR240W,0,-4.97067,0.41922006011009216,0.3009999990463257,0.04170000180602074
YOR232W,YBR037C,0,-4.9710116,0.4186370074748993,0.3009999990463257,0.04179999977350235
YNR055C,YBR054W,0,-4.9718785,0.41805556416511536,0.3009999990463257,0.04190000146627426
YLR371W,YCR009C,1,-4.972042,0.4188627004623413,0.3019999861717224,0.04190000146627426
YDR122W,YPL232W,0,-4.972632,0.41828253865242004,0.3019999861717224,0.041999999433755875
YLR206W,YER125W,1,-4.9729567,0.41908714175224304,0.30300000309944153,0.041999999433755875
YLR295C,YKL204W,0,-4.973261,0.41850829124450684,0.30300000309944153,0.042100001126527786
YDR129C,YOR043W,1,-4.9744053,0.4193103313446045,0.30399999022483826,0.042100001126527786
YDR050C,YLR249W,0,-4.977111,0.41873279213905334,0.30399999022483826,0.0421999990940094
YDR162C,YNL214W,0,-4.977552,0.41815680265426636,0.30399999022483826,0.04230000078678131
YNL294C,YML029W,0,-4.978478,0.4175824224948883,0.30399999022483826,0.042399998754262924
YOR127W,YBR103W,0,-4.980276,0.4170095920562744,0.30399999022483826,0.042500000447034836
YML112W,YAL051W,0,-4.9806533,0.41643837094306946,0.30399999022483826,0.04259999841451645
YCL067C,YOR124C,0,-4.98126,0.4158686697483063,0.30399999022483826,0.04270000010728836
YGR284C,YGR206W,0,-4.9823103,0.41530054807662964,0.30399999022483826,0.04280000180006027
YDR376W,YGL093W,0,-4.9841647,0.41473397612571716,0.30399999022483826,0.042899999767541885
YCL034W,YLR371W,1,-4.9843063,0.41553133726119995,0.3050000071525574,0.042899999767541885
YJL204C,YKR014C,1,-4.984954,0.41632652282714844,0.3059999942779541,0.042899999767541885
YLR295C,YFR050C,0,-4.985066,0.41576087474823,0.3059999942779541,0.0430000014603138
YHR133C,YBR049C,0,-4.9851246,0.4151967465877533,0.3059999942779541,0.04309999942779541
YDR174W,YMR188C,0,-4.986687,0.4146341383457184,0.3059999942779541,0.04320000112056732
YHR190W,YLR148W,0,-4.9873233,0.41407307982444763,0.3059999942779541,0.043299999088048935
YDL088C,YLR067C,0,-4.987718,0.41351351141929626,0.3059999942779541,0.04340000078082085
YDR093W,YCR009C,1,-4.9877653,0.4143050014972687,0.3070000112056732,0.04340000078082085
YDL019C,YLR371W,1,-4.988442,0.4150943458080292,0.30799999833106995,0.04340000078082085
YFL039C,YNL084C,1,-4.988983,0.41588157415390015,0.3089999854564667,0.04340000078082085
YCR012W,YOR234C,0,-4.99064,0.41532257199287415,0.3089999854564667,0.04349999874830246
YOR039W,YDR145W,0,-4.9910007,0.4147650897502899,0.3089999854564667,0.04360000044107437
YDR376W,YPL203W,0,-4.9913135,0.41420912742614746,0.3089999854564667,0.043699998408555984
YDR093W,YOR043W,1,-4.9918456,0.4149933159351349,0.3100000023841858,0.043699998408555984
YBR131W,YJR051W,0,-4.9929395,0.41443851590156555,0.3100000023841858,0.043800000101327896
YFL029C,YNL118C,0,-4.994727,0.4138851761817932,0.3100000023841858,0.04390000179409981
YNL029C,YGL198W,0,-4.996032,0.41333332657814026,0.3100000023841858,0.04399999976158142
YCL055W,YDR212W,0,-4.9961324,0.4127829670906067,0.3100000023841858,0.04410000145435333
YPL154C,YKL164C,0,-4.9981523,0.41223403811454773,0.3100000023841858,0.044199999421834946
YHR028C,YIR025W,0,-4.998542,0.41168659925460815,0.3100000023841858,0.04430000111460686
YBR290W,YLR219W,0,-4.9991183,0.4111405909061432,0.3100000023841858,0.04439999908208847
YKL203C,YHR161C,1,-4.999863,0.4119205176830292,0.3109999895095825,0.04439999908208847
YOR008C,YOR327C,1,-5.000868,0.4126984179019928,0.31200000643730164,0.04439999908208847
YNL281W,YPL214C,0,-5.000885,0.4121532440185547,0.31200000643730164,0.04450000077486038
YLR370C,YIL043C,0,-5.0013757,0.4116095006465912,0.31200000643730164,0.044599998742341995
YGL058W,YOR007C,0,-5.001895,0.4110671877861023,0.31200000643730164,0.04470000043511391
YDL193W,YKL198C,0,-5.003848,0.410526305437088,0.31200000643730164,0.04479999840259552
YDL099W,YDR168W,0,-5.0039463,0.40998685359954834,0.31200000643730164,0.04490000009536743
YCR033W,YDL072C,0,-5.0046506,0.4094488322734833,0.31200000643730164,0.04500000178813934
YDR069C,YDR036C,1,-5.004723,0.4102227985858917,0.31299999356269836,0.04500000178813934
YIL162W,YML025C,0,-5.005742,0.4096858501434326,0.31299999356269836,0.045099999755620956
YOR109W,YLR337C,1,-5.006058,0.4104575216770172,0.3140000104904175,0.045099999755620956
YKL043W,YLR119W,0,-5.007287,0.40992167592048645,0.3140000104904175,0.04520000144839287
YJR064W,YLR130C,0,-5.007372,0.4093872308731079,0.3140000104904175,0.04529999941587448
YBR059C,YCR009C,1,-5.0074735,0.41015625,0.3149999976158142,0.04529999941587448
YLR380W,YPL232W,0,-5.007557,0.4096228778362274,0.3149999976158142,0.04540000110864639
YHL002W,YKR062W,0,-5.008768,0.40909090638160706,0.3149999976158142,0.045499999076128006
YLR138W,YOR161C,0,-5.010651,0.40856030583381653,0.3149999976158142,0.04560000076889992
YDR430C,YPR108W,0,-5.010902,0.40803107619285583,0.3149999976158142,0.04569999873638153
YOR329C,YNL032W,1,-5.0113926,0.40879690647125244,0.3160000145435333,0.04569999873638153
YDR093W,YOR329C,1,-5.012302,0.4095607101917267,0.31700000166893005,0.04569999873638153
YBR110W,YGL035C,0,-5.012745,0.40903225541114807,0.31700000166893005,0.04580000042915344
YLR127C,YDR304C,0,-5.0154753,0.4085051417350769,0.31700000166893005,0.045899998396635056
YGL061C,YDL115C,0,-5.0166945,0.40797939896583557,0.31700000166893005,0.04600000008940697
YJL063C,YAL009W,0,-5.0173,0.4074550271034241,0.31700000166893005,0.04610000178217888
YDR093W,YKR003W,1,-5.0187674,0.4082156717777252,0.3179999887943268,0.04610000178217888
YNL106C,YBL007C,1,-5.0191274,0.4089743494987488,0.3190000057220459,0.04610000178217888
YHR001W,YBR214W,1,-5.0193,0.4097311198711395,0.3199999928474426,0.04610000178217888
YPL127C,YDR318W,0,-5.0206885,0.40920716524124146,0.3199999928474426,0.04619999974966049
YDR388W,YCR053W,1,-5.021499,0.4099617004394531,0.32100000977516174,0.04619999974966049
YOR109W,YBR214W,1,-5.021997,0.4107142984867096,0.32199999690055847,0.04619999974966049
YDR238C,YML085C,0,-5.0235577,0.4101910889148712,0.32199999690055847,0.046300001442432404
YMR002W,YDR287W,0,-5.024458,0.4096692204475403,0.32199999690055847,0.04639999940991402
YBL022C,YDR436W,0,-5.025425,0.4091486632823944,0.32199999690055847,0.04650000110268593
YDR214W,YER050C,0,-5.0255814,0.408629447221756,0.32199999690055847,0.04659999907016754
YDL019C,YKR003W,1,-5.0288825,0.40937894582748413,0.3230000138282776,0.04659999907016754
YBL090W,YER162C,0,-5.0295424,0.4088607728481293,0.3230000138282776,0.04670000076293945
YBL045C,YMR137C,0,-5.030022,0.4083438813686371,0.3230000138282776,0.046799998730421066
YCR075C,YMR026C,0,-5.0303073,0.40782827138900757,0.3230000138282776,0.04690000042319298
YHR083W,YLR386W,0,-5.032843,0.4073140025138855,0.3230000138282776,0.04699999839067459
YKL203C,YGR241C,1,-5.0329595,0.4080604612827301,0.3240000009536743,0.04699999839067459
YIL156W,YPL186C,0,-5.033244,0.4075471758842468,0.3240000009536743,0.0471000000834465
YDR150W,YLR378C,0,-5.0334096,0.4070351719856262,0.3240000009536743,0.047200001776218414
YBR109C,YLR371W,1,-5.033897,0.40777915716171265,0.32499998807907104,0.047200001776218414
YBR207W,YLR371W,1,-5.0352426,0.40852129459381104,0.32600000500679016,0.047200001776218414
YDR072C,YDR084C,0,-5.035254,0.40801000595092773,0.32600000500679016,0.04729999974370003
YNL161W,YLR120C,0,-5.0362267,0.4074999988079071,0.32600000500679016,0.04740000143647194
YDR129C,YHR161C,1,-5.0362477,0.4082396924495697,0.3269999921321869,0.04740000143647194
YKL203C,YKR014C,1,-5.0362935,0.40897756814956665,0.328000009059906,0.04740000143647194
YLR163C,YER095W,0,-5.036666,0.40846824645996094,0.328000009059906,0.04749999940395355
YKR006C,YBL055C,0,-5.0368543,0.4079602062702179,0.328000009059906,0.047600001096725464
YBR214W,YAR042W,1,-5.0375876,0.40869563817977905,0.32899999618530273,0.047600001096725464
YLR259C,YMR006C,0,-5.0387626,0.4081885814666748,0.32899999618530273,0.04769999906420708
YDR331W,YCR004C,0,-5.039061,0.40768277645111084,0.32899999618530273,0.04780000075697899
YFL018C,YNR031C,0,-5.039067,0.40717822313308716,0.32899999618530273,0.0478999987244606
YMR251W-A,YIR037W,0,-5.0396466,0.40667492151260376,0.32899999618530273,0.04800000041723251
YOR217W,YOL072W,0,-5.040322,0.40617284178733826,0.32899999618530273,0.04809999838471413
YJL155C,YGL227W,0,-5.0409565,0.40567201375961304,0.32899999618530273,0.04820000007748604
YIL002C,YER125W,1,-5.0411873,0.40640392899513245,0.33000001311302185,0.04820000007748604
YBR059C,YHR073W,1,-5.0423465,0.407134085893631,0.3310000002384186,0.04820000007748604
YOL043C,YDR287W,0,-5.0423775,0.4066339135169983,0.3310000002384186,0.04830000177025795
YGL025C,YPR036W,0,-5.043236,0.4061349630355835,0.3310000002384186,0.04839999973773956
YPL195W,YJR126C,0,-5.043636,0.405637264251709,0.3310000002384186,0.048500001430511475
YDL046W,YBR126C,0,-5.04409,0.40514075756073,0.3310000002384186,0.04859999939799309
YDL145C,YKL119C,0,-5.044248,0.40464547276496887,0.3310000002384186,0.048700001090765
YNL214W,YFR003C,0,-5.0450063,0.40415140986442566,0.3310000002384186,0.04879999905824661
YMR298W,YGL011C,0,-5.045066,0.40365853905677795,0.3310000002384186,0.048900000751018524
YPL213W,YOR054C,0,-5.0452647,0.40316686034202576,0.3310000002384186,0.04899999871850014
YKL203C,YHR016C,1,-5.0455685,0.4038929343223572,0.3319999873638153,0.04899999871850014
YJR083C,YER008C,0,-5.04557,0.403402179479599,0.3319999873638153,0.04910000041127205
YJR065C,YBR082C,0,-5.0478663,0.40291261672973633,0.3319999873638153,0.04919999837875366
YJL099W,YFL018C,0,-5.047934,0.40242424607276917,0.3319999873638153,0.049300000071525574
YDL207W,YMR091C,0,-5.048092,0.4019370377063751,0.3319999873638153,0.049400001764297485
YAL062W,YPL232W,0,-5.0488667,0.4014510214328766,0.3319999873638153,0.0494999997317791
YJL060W,YLR354C,0,-5.04889,0.40096619725227356,0.3319999873638153,0.04960000142455101
YAR042W,YOR089C,1,-5.0495133,0.4016887843608856,0.3330000042915344,0.04960000142455101
YGR032W,YDR057W,0,-5.050018,0.40120482444763184,0.3330000042915344,0.04969999939203262
YLR371W,YHR161C,1,-5.050154,0.40192538499832153,0.33399999141693115,0.04969999939203262
YGR167W,YAR042W,1,-5.0505233,0.40264421701431274,0.33500000834465027,0.04969999939203262
YHR037W,YDR164C,0,-5.0507226,0.4021608531475067,0.33500000834465027,0.049800001084804535
YKL013C,YPL045W,0,-5.051556,0.4016786515712738,0.33500000834465027,0.04989999905228615
YJL019W,YGR099W,0,-5.0545673,0.401197612285614,0.33500000834465027,0.05000000074505806
YDR322W,YDR289C,0,-5.055758,0.40071770548820496,0.33500000834465027,0.05009999871253967
YLR206W,YIR006C,1,-5.0566893,0.40143370628356934,0.335999995470047,0.05009999871253967
YCL034W,YOR008C,1,-5.0571423,0.40214797854423523,0.3370000123977661,0.05009999871253967
YIL005W,YLR059C,0,-5.057822,0.4016686677932739,0.3370000123977661,0.050200000405311584
YHR001W,YBL007C,1,-5.058764,0.40238094329833984,0.33799999952316284,0.050200000405311584
YDR148C,YJL151C,0,-5.0590224,0.4019024968147278,0.33799999952316284,0.0502999983727932
YJL063C,YGR147C,0,-5.059546,0.40142518281936646,0.33799999952316284,0.05040000006556511
YLR285W,YER008C,0,-5.0598245,0.40094900131225586,0.33799999952316284,0.05050000175833702
YOR323C,YNL016W,0,-5.0599446,0.4004739224910736,0.33799999952316284,0.050599999725818634
YDL165W,YPL190C,0,-5.0600924,0.4000000059604645,0.33799999952316284,0.050700001418590546
YNL008C,YMR149W,0,-5.0604596,0.3995271921157837,0.33799999952316284,0.05079999938607216
YDR204W,YPL268W,0,-5.06095,0.39905548095703125,0.33799999952316284,0.05090000107884407
YDL135C,YAL016W,0,-5.0624404,0.39858490228652954,0.33799999952316284,0.050999999046325684
YOR303W,YDR265W,0,-5.0625076,0.3981154263019562,0.33799999952316284,0.051100000739097595
YOR210W,YBR082C,0,-5.062775,0.39764705300331116,0.33799999952316284,0.05119999870657921
YLR353W,YNL239W,0,-5.063235,0.3971797823905945,0.33799999952316284,0.05130000039935112
YJL204C,YOR043W,1,-5.0638027,0.39788731932640076,0.33899998664855957,0.05130000039935112
YBR109C,YCR028C,1,-5.0639825,0.3985931873321533,0.3400000035762787,0.05130000039935112
YDR153C,YOR115C,0,-5.0642514,0.3981264531612396,0.3400000035762787,0.05139999836683273
YNL084C,YGR241C,1,-5.064761,0.3988304138183594,0.3409999907016754,0.05139999836683273
YER166W,YLR371W,1,-5.0661016,0.3995327055454254,0.34200000762939453,0.05139999836683273
YCR069W,YKL167C,0,-5.0667415,0.3990665078163147,0.34200000762939453,0.051500000059604645
YNL325C,YBR260C,0,-5.0672317,0.3986014127731323,0.34200000762939453,0.051600001752376556
YBR126C,YKR088C,0,-5.068886,0.3981373608112335,0.34200000762939453,0.05169999971985817
YPL213W,YBR054W,0,-5.071477,0.39767441153526306,0.34200000762939453,0.05180000141263008
YHR115C,YOR057W,0,-5.0717893,0.39721253514289856,0.34200000762939453,0.051899999380111694
YPR185W,YDR389W,0,-5.0727315,0.39675173163414,0.34200000762939453,0.052000001072883606
YHR200W,YMR054W,0,-5.0729485,0.3962920010089874,0.34200000762939453,0.05209999904036522
YDR036C,YNL106C,1,-5.0730224,0.39699074625968933,0.34299999475479126,0.05209999904036522
YOL070C,YLR093C,0,-5.0745406,0.3965317904949188,0.34299999475479126,0.05220000073313713
YMR184W,YPL091W,0,-5.07469,0.3960739076137543,0.34299999475479126,0.052299998700618744
YMR158W,YMR266W,0,-5.075455,0.3956170678138733,0.34299999475479126,0.052400000393390656
YBR290W,YCR039C,0,-5.076013,0.39516130089759827,0.34299999475479126,0.05249999836087227
YFL041W,YPL218W,0,-5.076279,0.3947065472602844,0.34299999475479126,0.05260000005364418
YOR103C,YOR157C,0,-5.076492,0.39425286650657654,0.34299999475479126,0.05270000174641609
YDR069C,YCR028C,1,-5.076829,0.3949483335018158,0.3440000116825104,0.05270000174641609
YLR359W,YDR062W,0,-5.0771694,0.39449542760849,0.3440000116825104,0.052799999713897705
YBR207W,YOR008C,1,-5.078798,0.3951890170574188,0.3449999988079071,0.052799999713897705
YMR139W,YGR161C,0,-5.0789294,0.3947368562221527,0.3449999988079071,0.05290000140666962
YPL240C,YBR058C,0,-5.0796356,0.3942857086658478,0.3449999988079071,0.05299999937415123
YDR036C,YOR089C,1,-5.0799766,0.3949771821498871,0.34599998593330383,0.05299999937415123
YNL082W,YGL011C,0,-5.0800004,0.39452680945396423,0.34599998593330383,0.05310000106692314
YNL032W,YHR161C,1,-5.080899,0.3952164053916931,0.34700000286102295,0.05310000106692314
YJL074C,YLR362W,0,-5.082005,0.39476677775382996,0.34700000286102295,0.053199999034404755
YBL064C,YAR003W,0,-5.082652,0.39431819319725037,0.34700000286102295,0.053300000727176666
YFR002W,YEL013W,0,-5.0834985,0.39387059211730957,0.34700000286102295,0.05339999869465828
YDR059C,YKR014C,1,-5.0842776,0.3945578336715698,0.3479999899864197,0.05339999869465828
YDR153C,YDR238C,0,-5.0849595,0.3941109776496887,0.3479999899864197,0.05350000038743019
YBR288C,YGL213C,0,-5.0850477,0.3936651647090912,0.3479999899864197,0.053599998354911804
YPL145C,YBL007C,1,-5.085814,0.3943502902984619,0.3490000069141388,0.053599998354911804
YFL039C,YOR327C,1,-5.0859966,0.3950338661670685,0.3499999940395355,0.053599998354911804
YOR290C,YGR281W,0,-5.086096,0.39458850026130676,0.3499999940395355,0.053700000047683716
YMR150C,YDR097C,0,-5.0872483,0.3941441476345062,0.3499999940395355,0.05380000174045563
YNL288W,YKL073W,0,-5.0898256,0.3937007784843445,0.3499999940395355,0.05389999970793724
YNL161W,YJL104W,0,-5.0899186,0.3932584226131439,0.3499999940395355,0.05400000140070915
YOR023C,YMR024W,0,-5.0917306,0.39281705021858215,0.3499999940395355,0.054099999368190765
YKR003W,YLR371W,1,-5.0918703,0.3934977650642395,0.35100001096725464,0.054099999368190765
YCR082W,YMR071C,0,-5.0924783,0.39305710792541504,0.35100001096725464,0.05420000106096268
YGL190C,YHR186C,0,-5.0943437,0.39261746406555176,0.35100001096725464,0.05429999902844429
YBL008W,YER008C,0,-5.096148,0.3921787738800049,0.35100001096725464,0.0544000007212162
YHR079C,YLL019C,0,-5.0970225,0.3917410671710968,0.35100001096725464,0.054499998688697815
YKL176C,YCR060W,0,-5.0989127,0.3913043439388275,0.35100001096725464,0.05460000038146973
YGL130W,YJL165C,0,-5.099535,0.390868604183197,0.35100001096725464,0.05469999834895134
YLR380W,YLR369W,0,-5.099585,0.39043381810188293,0.35100001096725464,0.05480000004172325
YFR021W,YLR433C,0,-5.099654,0.38999998569488525,0.35100001096725464,0.05490000173449516
YBL056W,YBR127C,0,-5.0996575,0.38956713676452637,0.35100001096725464,0.054999999701976776
YLR370C,YGL045W,0,-5.0999217,0.3891352415084839,0.35100001096725464,0.05510000139474869
YJL085W,YOR155C,0,-5.1004744,0.3887043297290802,0.35100001096725464,0.0551999993622303
YLR117C,YKR002W,0,-5.100988,0.38827434182167053,0.35100001096725464,0.05530000105500221
YDR069C,YBL007C,1,-5.101015,0.38895028829574585,0.35199999809265137,0.05530000105500221
YOR336W,YER123W,0,-5.1016736,0.3885209858417511,0.35199999809265137,0.055399999022483826
YDR093W,YDR069C,1,-5.101999,0.38919514417648315,0.3529999852180481,0.055399999022483826
YIL115C,YEL012W,0,-5.1023955,0.3887665271759033,0.3529999852180481,0.05550000071525574
YDR043C,YOL044W,0,-5.102436,0.3883388340473175,0.3529999852180481,0.05559999868273735
YEL022W,YPL091W,0,-5.1026235,0.3879120945930481,0.3529999852180481,0.05570000037550926
YNL032W,YNL243W,1,-5.1027136,0.3885839879512787,0.3540000021457672,0.05570000037550926
YOR324C,YDR436W,0,-5.1040835,0.3881579041481018,0.3540000021457672,0.055799998342990875
YPR199C,YML112W,0,-5.1045194,0.38773274421691895,0.3540000021457672,0.05590000003576279
YHR091C,YOR086C,0,-5.1045637,0.3873085379600525,0.3540000021457672,0.0560000017285347
YIL065C,YKL119C,0,-5.1045823,0.38688525557518005,0.3540000021457672,0.05609999969601631
YBR202W,YLR201C,0,-5.1059933,0.38646286725997925,0.3540000021457672,0.05620000138878822
YHR086W,YDR329C,0,-5.1083817,0.38604143261909485,0.3540000021457672,0.056299999356269836
YER141W,YIL014W,0,-5.108804,0.38562092185020447,0.3540000021457672,0.05640000104904175
YNL159C,YDL226C,0,-5.109158,0.3852013051509857,0.3540000021457672,0.05649999901652336
YLR429W,YNL026W,0,-5.1097913,0.384782612323761,0.3540000021457672,0.05660000070929527
YPL161C,YAL062W,0,-5.10984,0.3843648135662079,0.3540000021457672,0.056699998676776886
YMR029C,YKL065C,0,-5.1109867,0.3839479386806488,0.3540000021457672,0.0568000003695488
YJR138W,YNL183C,0,-5.1137133,0.38353195786476135,0.3540000021457672,0.05689999833703041
YMR009W,YIL106W,0,-5.1155143,0.38311687111854553,0.3540000021457672,0.05700000002980232
YKR080W,YKR062W,0,-5.1205053,0.38270270824432373,0.3540000021457672,0.057100001722574234
YDR394W,YPL087W,0,-5.1205764,0.38228940963745117,0.3540000021457672,0.05719999969005585
YOR008C,YPL032C,1,-5.121134,0.38295575976371765,0.35499998927116394,0.05719999969005585
YCR028C,YDR388W,1,-5.1223726,0.3836206793785095,0.35600000619888306,0.05719999969005585
YLR309C,YML064C,0,-5.1238675,0.3832077383995056,0.35600000619888306,0.05730000138282776
YOR329C,YAL030W,1,-5.124027,0.3838709592819214,0.3569999933242798,0.05730000138282776
YFL016C,YDL058W,0,-5.12458,0.3834586441516876,0.3569999933242798,0.05739999935030937
YJR051W,YBL055C,0,-5.1246552,0.3830472230911255,0.3569999933242798,0.057500001043081284
YOR136W,YBR081C,0,-5.125467,0.3826366662979126,0.3569999933242798,0.0575999990105629
YDR069C,YHR161C,1,-5.125913,0.3832976520061493,0.3580000102519989,0.0575999990105629
YNL082W,YKL196C,0,-5.126212,0.38288769125938416,0.3580000102519989,0.05770000070333481
YHR057C,YMR019W,0,-5.1263814,0.38247862458229065,0.3580000102519989,0.05779999867081642
YDL229W,YNL241C,0,-5.126692,0.3820704519748688,0.3580000102519989,0.05790000036358833
YMR264W,YDL002C,0,-5.12681,0.38166311383247375,0.3580000102519989,0.057999998331069946
YDR093W,YDL161W,1,-5.1269774,0.38232162594795227,0.35899999737739563,0.057999998331069946
YOR031W,YFL044C,0,-5.1271358,0.381914883852005,0.35899999737739563,0.05810000002384186
YGL005C,YER094C,0,-5.1272073,0.38150903582572937,0.35899999737739563,0.05820000171661377
YDR309C,YNR013C,0,-5.127518,0.3811040222644806,0.35899999737739563,0.05829999968409538
YGR113W,YDR100W,0,-5.1280813,0.38069990277290344,0.35899999737739563,0.058400001376867294
YGR029W,YMR039C,0,-5.128798,0.38029661774635315,0.35899999737739563,0.05849999934434891
YGR183C,YLR248W,0,-5.1289053,0.3798941671848297,0.35899999737739563,0.05860000103712082
YDR423C,YDL123W,0,-5.129773,0.3794926106929779,0.35899999737739563,0.05869999900460243
YBR177C,YBR058C,0,-5.129968,0.37909185886383057,0.35899999737739563,0.058800000697374344
YLR270W,YPL224C,0,-5.130883,0.37869197130203247,0.35899999737739563,0.05889999866485596
YMR263W,YGL011C,0,-5.131024,0.3782929480075836,0.35899999737739563,0.05900000035762787
YPR166C,YKR065C,0,-5.1311636,0.37789472937583923,0.35899999737739563,0.05909999832510948
YIL030C,YKL119C,0,-5.1312127,0.3774973750114441,0.35899999737739563,0.05920000001788139
YAL026C,YKR014C,1,-5.1324887,0.3781512677669525,0.36000001430511475,0.05920000001788139
YNL020C,YHR161C,1,-5.1325145,0.3788037896156311,0.3610000014305115,0.05920000001788139
YHR073W,YDR388W,1,-5.132606,0.37945494055747986,0.3619999885559082,0.05920000001788139
YOR209C,YCR024C-A,0,-5.13316,0.3790575861930847,0.3619999885559082,0.059300001710653305
YDR036C,YDR059C,1,-5.133657,0.37970712780952454,0.3630000054836273,0.059300001710653305
YPR182W,YDR105C,0,-5.134087,0.37931033968925476,0.3630000054836273,0.05939999967813492
YLR056W,YHR135C,1,-5.134357,0.37995824217796326,0.36399999260902405,0.05939999967813492
YLR305C,YGR080W,0,-5.134655,0.37956205010414124,0.36399999260902405,0.05950000137090683
YJR065C,YCR084C,0,-5.134675,0.3791666626930237,0.36399999260902405,0.05959999933838844
YCR039C,YBL060W,0,-5.1349883,0.378772109746933,0.36399999260902405,0.059700001031160355
YNR055C,YMR298W,0,-5.135277,0.37837839126586914,0.36399999260902405,0.05979999899864197
YIL002C,YHR001W,1,-5.135671,0.37902387976646423,0.36500000953674316,0.05979999899864197
YOR109W,YOR043W,1,-5.1360183,0.37966805696487427,0.3659999966621399,0.05979999899864197
YJR076C,YBR067C,0,-5.1360664,0.3792746067047119,0.3659999966621399,0.05990000069141388
YDR062W,YBL102W,0,-5.1361303,0.3788819909095764,0.3659999966621399,0.05999999865889549
YDR511W,YJR086W,0,-5.1362286,0.3784901797771454,0.3659999966621399,0.060100000351667404
YMR009W,YKL085W,0,-5.136557,0.3780991733074188,0.3659999966621399,0.06019999831914902
YDR054C,YFR052W,0,-5.136811,0.37770897150039673,0.3659999966621399,0.06030000001192093
YDR423C,YDR485C,0,-5.136834,0.3773195743560791,0.3659999966621399,0.06040000170469284
YBR109C,YKL203C,1,-5.136972,0.37796086072921753,0.367000013589859,0.06040000170469284
YGL003C,YER088C,0,-5.137782,0.37757202982902527,0.367000013589859,0.060499999672174454
YHR073W,YER125W,1,-5.137789,0.37821170687675476,0.36800000071525574,0.060499999672174454
YDR388W,YOR327C,1,-5.138304,0.3788501024246216,0.36899998784065247,0.060499999672174454
YOL044W,YOR054C,0,-5.1405807,0.3784615397453308,0.36899998784065247,0.060600001364946365
YDR375C,YHR017W,0,-5.141695,0.3780737817287445,0.36899998784065247,0.06069999933242798
YIR006C,YOR089C,1,-5.1420016,0.3787103295326233,0.3700000047683716,0.06069999933242798
YIL112W,YGL035C,0,-5.142662,0.37832310795783997,0.3700000047683716,0.06080000102519989
YKR049C,YOL026C,0,-5.1431637,0.3779366612434387,0.3700000047683716,0.0608999989926815
YNL106C,YMR109W,1,-5.1434193,0.37857142090797424,0.3709999918937683,0.0608999989926815
YKL155C,YAL016W,0,-5.144559,0.378185510635376,0.3709999918937683,0.061000000685453415
YNR033W,YAL051W,0,-5.1453824,0.3778004050254822,0.3709999918937683,0.06109999865293503
YMR193W,YDL140C,0,-5.1455865,0.37741607427597046,0.3709999918937683,0.06120000034570694
YER068W,YNL073W,0,-5.145904,0.3770325183868408,0.3709999918937683,0.06129999831318855
YKL139W,YBR101C,0,-5.1466894,0.37664973735809326,0.3709999918937683,0.061400000005960464
YBR059C,YKR014C,1,-5.1470876,0.37728193402290344,0.3720000088214874,0.061400000005960464
YDL002C,YMR197C,0,-5.147635,0.37689968943595886,0.3720000088214874,0.061500001698732376
YGR216C,YGL219C,0,-5.148437,0.37651821970939636,0.3720000088214874,0.06159999966621399
YAL007C,YMR076C,0,-5.148584,0.37613752484321594,0.3720000088214874,0.0617000013589859
YPL091W,YOL009C,0,-5.1495576,0.3757575750350952,0.3720000088214874,0.061799999326467514
YOL009C,YNL082W,0,-5.149737,0.37537840008735657,0.3720000088214874,0.061900001019239426
YHR115C,YMR037C,0,-5.150015,0.375,0.3720000088214874,0.06199999898672104
YLR450W,YBR199W,0,-5.1509485,0.3746223449707031,0.3720000088214874,0.06210000067949295
YEL027W,YDR129C,1,-5.151048,0.37525150179862976,0.37299999594688416,0.06210000067949295
YCL044C,YKR046C,0,-5.1510634,0.37487438321113586,0.37299999594688416,0.062199998646974564
YOR074C,YIL147C,0,-5.151193,0.3744979798793793,0.37299999594688416,0.062300000339746475
YJR084W,YML091C,0,-5.1517253,0.37412238121032715,0.37299999594688416,0.06239999830722809
YML127W,YIL022W,0,-5.1519427,0.37374749779701233,0.37299999594688416,0.0625
YFL048C,YGL059W,0,-5.152664,0.3733733594417572,0.37299999594688416,0.06260000169277191
YLR319C,YDR425W,0,-5.1536083,0.37299999594688416,0.37299999594688416,0.06270000338554382
YOR136W,YBL103C,0,-5.1539655,0.3726273775100708,0.37299999594688416,0.06279999762773514
YDR047W,YHR041C,0,-5.154005,0.37225547432899475,0.37299999594688416,0.06289999932050705
YHR050W,YBR127C,0,-5.1547065,0.3718843460083008,0.37299999594688416,0.06300000101327896
YER166W,YMR109W,1,-5.15483,0.3725099563598633,0.37400001287460327,0.06300000101327896
YBR059C,YKR003W,1,-5.156118,0.3731343150138855,0.375,0.06300000101327896
YBR109C,YBR214W,1,-5.156303,0.3737574517726898,0.37599998712539673,0.06300000101327896
YHR114W,YKR014C,1,-5.156649,0.37437933683395386,0.37700000405311584,0.06300000101327896
YMR024W,YKR065C,0,-5.1567044,0.3740079402923584,0.37700000405311584,0.06310000270605087
YNL023C,YLL028W,0,-5.1572394,0.37363725900650024,0.37700000405311584,0.06319999694824219
YHR004C,YPR032W,0,-5.1573396,0.3732673227787018,0.37700000405311584,0.0632999986410141
YPL195W,YDR195W,0,-5.1586375,0.372898131608963,0.37700000405311584,0.06340000033378601
YDR059C,YOR089C,1,-5.159549,0.373517781496048,0.3779999911785126,0.06340000033378601
YDL161W,YAL030W,1,-5.161019,0.3741362392902374,0.3790000081062317,0.06340000033378601
YNL225C,YMR197C,0,-5.161913,0.37376725673675537,0.3790000081062317,0.06350000202655792
YDR251W,YJL192C,0,-5.161972,0.373399019241333,0.3790000081062317,0.06360000371932983
YKL157W,YER105C,0,-5.162555,0.37303149700164795,0.3790000081062317,0.06369999796152115
YIL036W,YMR293C,0,-5.1628833,0.3726646900177002,0.3790000081062317,0.06379999965429306
YJR121W,YLL061W,0,-5.1632867,0.37229862809181213,0.3790000081062317,0.06390000134706497
YCL044C,YDL134C,0,-5.1633234,0.3719332814216614,0.3790000081062317,0.06400000303983688
YDL226C,YJL117W,0,-5.1634407,0.37156862020492554,0.3790000081062317,0.0640999972820282
YIL068C,YLR410W,0,-5.1640835,0.3712047040462494,0.3790000081062317,0.06419999897480011
YCL034W,YHR161C,1,-5.1644373,0.37181997299194336,0.3799999952316284,0.06419999897480011
YAL062W,YBR257W,0,-5.1658645,0.371456503868103,0.3799999952316284,0.06430000066757202
YBL051C,YKL094W,0,-5.166524,0.37109375,0.3799999952316284,0.06440000236034393
YDR036C,YIR006C,1,-5.166735,0.37170732021331787,0.38100001215934753,0.06440000236034393
YOR002W,YFL021W,0,-5.1672325,0.37134504318237305,0.38100001215934753,0.06449999660253525
YDL149W,YIL124W,0,-5.16797,0.37098345160484314,0.38100001215934753,0.06459999829530716
YDR153C,YDR202C,0,-5.1694446,0.37062257528305054,0.38100001215934753,0.06469999998807907
YCR028C,YOR327C,1,-5.1697965,0.3712342083454132,0.38199999928474426,0.06469999998807907
YGL115W,YLR005W,0,-5.169996,0.3708737790584564,0.38199999928474426,0.06480000168085098
YHR205W,YER093C,0,-5.170009,0.37051406502723694,0.38199999928474426,0.0649000033736229
YFR031C-A,YPR036W,0,-5.170317,0.3701550364494324,0.38199999928474426,0.06499999761581421
YDL202W,YER012W,0,-5.170736,0.3697967231273651,0.38199999928474426,0.06509999930858612
YPL140C,YBR001C,0,-5.1709743,0.3694390654563904,0.38199999928474426,0.06520000100135803
YGR206W,YAL002W,0,-5.172616,0.36908212304115295,0.38199999928474426,0.06530000269412994
YCR002C,YDR072C,0,-5.172892,0.36872586607933044,0.38199999928474426,0.06539999693632126
YIL002C,YOR008C,1,-5.172926,0.3693346083164215,0.382999986410141,0.06539999693632126
YGL073W,YDL097C,0,-5.1732507,0.3689787983894348,0.382999986410141,0.06549999862909317
YAL007C,YDR166C,0,-5.173563,0.36862367391586304,0.382999986410141,0.06560000032186508
YBR073W,YBR097W,0,-5.1746,0.3682692348957062,0.382999986410141,0.065700002014637
YKL015W,YDR422C,0,-5.1757708,0.36791545152664185,0.382999986410141,0.0658000037074089
YDR258C,YDL046W,0,-5.176199,0.3675623834133148,0.382999986410141,0.06589999794960022
YPR162C,YHR206W,0,-5.1769156,0.3672099709510803,0.382999986410141,0.06599999964237213
YPL123C,YOL138C,0,-5.177598,0.36685824394226074,0.382999986410141,0.06610000133514404
YDR182W,YLR025W,0,-5.177833,0.3665071725845337,0.382999986410141,0.06620000302791595
YLR328W,YOR124C,0,-5.178684,0.36615678668022156,0.382999986410141,0.06629999727010727
YCR094W,YER166W,1,-5.178699,0.3667621910572052,0.3840000033378601,0.06629999727010727
YKR068C,YLR195C,0,-5.178905,0.3664122223854065,0.3840000033378601,0.06639999896287918
YJR102C,YFL038C,0,-5.179051,0.3660629093647003,0.3840000033378601,0.06650000065565109
YGR254W,YKL110C,0,-5.1791897,0.36571428179740906,0.3840000033378601,0.066600002348423
YML051W,YKL042W,0,-5.1798635,0.3653663098812103,0.3840000033378601,0.06669999659061432
YGL252C,YPR107C,0,-5.181316,0.3650190234184265,0.3840000033378601,0.06679999828338623
YOR065W,YKR055W,0,-5.1815476,0.36467236280441284,0.3840000033378601,0.06689999997615814
YBR059C,YGR241C,1,-5.181852,0.36527514457702637,0.38499999046325684,0.06689999997615814
YMR292W,YPL173W,0,-5.1821656,0.3649289011955261,0.38499999046325684,0.06700000166893005
YHR091C,YLR298C,0,-5.1825194,0.3645833432674408,0.38499999046325684,0.06710000336170197
YLR138W,YJR066W,0,-5.1825485,0.3642384111881256,0.38499999046325684,0.06719999760389328
YDL161W,YIL002C,1,-5.182757,0.3648393154144287,0.38600000739097595,0.06719999760389328
YBR207W,YDR059C,1,-5.1829963,0.3654390871524811,0.3869999945163727,0.06719999760389328
YDR529C,YOR069W,0,-5.1832075,0.3650943338871002,0.3869999945163727,0.06729999929666519
YBL067C,YGR020C,0,-5.1833215,0.3647502362728119,0.3869999945163727,0.0674000009894371
YER166W,YBR214W,1,-5.1834245,0.3653483986854553,0.3880000114440918,0.0674000009894371
YOR386W,YIL153W,0,-5.1840634,0.3650047183036804,0.3880000114440918,0.06750000268220901
YPL096W,YGR024C,0,-5.184193,0.36466166377067566,0.3880000114440918,0.06759999692440033
YNR052C,YBR097W,0,-5.1848097,0.36431923508644104,0.3880000114440918,0.06769999861717224
YBR119W,YDR164C,0,-5.1861367,0.36397749185562134,0.3880000114440918,0.06780000030994415
YER170W,YDR329C,0,-5.1868644,0.3636363744735718,0.3880000114440918,0.06790000200271606
YGL245W,YJL026W,0,-5.187478,0.36329588294029236,0.3880000114440918,0.06800000369548798
YGL150C,YDR276C,0,-5.188116,0.36295604705810547,0.3880000114440918,0.06809999793767929
YCL014W,YGL213C,0,-5.1887937,0.3626168370246887,0.3880000114440918,0.0681999996304512
YNL268W,YOR060C,0,-5.189305,0.3622782528400421,0.3880000114440918,0.06830000132322311
YMR251W-A,YGR010W,0,-5.1899457,0.36194029450416565,0.3880000114440918,0.06840000301599503
YJR123W,YOR332W,0,-5.1902018,0.3616029918193817,0.3880000114440918,0.06849999725818634
YEL027W,YKR003W,1,-5.1915293,0.3621973991394043,0.3889999985694885,0.06849999725818634
YNL084C,YDR059C,1,-5.1920915,0.36279070377349854,0.38999998569488525,0.06849999725818634
YKR058W,YBR069C,0,-5.192152,0.36245352029800415,0.38999998569488525,0.06859999895095825
YJL004C,YDR080W,0,-5.1923337,0.3621169924736023,0.38999998569488525,0.06870000064373016
YJL204C,YLR371W,1,-5.1925693,0.36270871758461,0.39100000262260437,0.06870000064373016
YIL154C,YKR038C,0,-5.193589,0.36237257719039917,0.39100000262260437,0.06880000233650208
YLR052W,YDR246W,0,-5.1936994,0.3620370328426361,0.39100000262260437,0.06889999657869339
YMR177W,YBR273C,0,-5.194386,0.3617021143436432,0.39100000262260437,0.0689999982714653
YPR100W,YGR170W,0,-5.194427,0.3613678514957428,0.39100000262260437,0.06909999996423721
YNL268W,YBL051C,0,-5.1952205,0.3610341548919678,0.39100000262260437,0.06920000165700912
YLR115W,YNL091W,0,-5.1953187,0.3607011139392853,0.39100000262260437,0.06930000334978104
YBR234C,YPL117C,0,-5.1955466,0.36036866903305054,0.39100000262260437,0.06939999759197235
YHR114W,YAL030W,1,-5.1956277,0.36095765233039856,0.3919999897480011,0.06939999759197235
YER146W,YNR013C,0,-5.1956773,0.36062556505203247,0.3919999897480011,0.06949999928474426
YOL016C,YOR241W,0,-5.1965003,0.3602941036224365,0.3919999897480011,0.06960000097751617
YDR304C,YLL026W,0,-5.197038,0.3599632680416107,0.3919999897480011,0.06970000267028809
YPR135W,YBR086C,0,-5.197243,0.35963302850723267,0.3919999897480011,0.0697999969124794
YKL204W,YML058W,0,-5.197997,0.35930338501930237,0.3919999897480011,0.06989999860525131
YDR130C,YDR208W,0,-5.1980186,0.3589743673801422,0.3919999897480011,0.07000000029802322
YPL244C,YNL049C,0,-5.1981287,0.3586459159851074,0.3919999897480011,0.07010000199079514
YKL203C,YDR059C,1,-5.198545,0.35923218727111816,0.3930000066757202,0.07010000199079514
YNL020C,YNL243W,1,-5.199443,0.35981735587120056,0.39399999380111694,0.07010000199079514
YHR161C,YKR014C,1,-5.200152,0.360401451587677,0.39500001072883606,0.07010000199079514
YBR290W,YOR384W,0,-5.2004747,0.36007294058799744,0.39500001072883606,0.07020000368356705
YMR068W,YBL090W,0,-5.2011204,0.35974499583244324,0.39500001072883606,0.07029999792575836
YDL160C,YER018C,0,-5.201647,0.3594176471233368,0.39500001072883606,0.07039999961853027
YCR077C,YHR098C,0,-5.201912,0.3590908944606781,0.39500001072883606,0.07050000131130219
YFL036W,YPL074W,0,-5.2019234,0.35876476764678955,0.39500001072883606,0.0706000030040741
YBR131W,YOR069W,0,-5.202665,0.35843920707702637,0.39500001072883606,0.07069999724626541
YOR096W,YBR127C,0,-5.2032256,0.35811424255371094,0.39500001072883606,0.07079999893903732
YBR109C,YGR241C,1,-5.2032266,0.3586956560611725,0.3959999978542328,0.07079999893903732
YBR207W,YCL034W,1,-5.2040534,0.35927602648735046,0.3970000147819519,0.07079999893903732
YLR370C,YDR096W,0,-5.205027,0.3589511811733246,0.3970000147819519,0.07090000063180923
YFL047W,YJL141C,0,-5.205227,0.35862693190574646,0.3970000147819519,0.07100000232458115
YOR284W,YNL229C,0,-5.205832,0.3583032488822937,0.3970000147819519,0.07109999656677246
YBR207W,YHR073W,1,-5.206248,0.3588818609714508,0.39800000190734863,0.07109999656677246
YNL103W,YDR103W,0,-5.2067113,0.3585585653781891,0.39800000190734863,0.07119999825954437
YPL190C,YJR051W,0,-5.2073164,0.35823583602905273,0.39800000190734863,0.07129999995231628
YLR114C,YGR156W,0,-5.2075686,0.35791367292404175,0.39800000190734863,0.0714000016450882
YDR315C,YNR036C,0,-5.2080846,0.3575921058654785,0.39800000190734863,0.07150000333786011
YJL137C,YBL067C,0,-5.208605,0.35727110505104065,0.39800000190734863,0.07159999758005142
YLR037C,YMR029C,0,-5.2091694,0.35695067048072815,0.39800000190734863,0.07169999927282333
YKL117W,YGL145W,0,-5.2110023,0.3566308319568634,0.39800000190734863,0.07180000096559525
YDL019C,YHR016C,1,-5.211195,0.357206791639328,0.39899998903274536,0.07180000096559525
YAL062W,YOR367W,0,-5.211272,0.3568873107433319,0.39899998903274536,0.07190000265836716
YBR268W,YGR172C,0,-5.21142,0.3565683662891388,0.39899998903274536,0.07199999690055847
YOL149W,YNL085W,0,-5.211531,0.35624998807907104,0.39899998903274536,0.07209999859333038
YJL054W,YGR105W,0,-5.2116723,0.35593220591545105,0.39899998903274536,0.0722000002861023
YBR026C,YJL141C,0,-5.211797,0.35561496019363403,0.39899998903274536,0.0723000019788742
YLR246W,YGR215W,0,-5.212164,0.35529831051826477,0.39899998903274536,0.07240000367164612
YPR155C,YAL017W,0,-5.212641,0.3549821972846985,0.39899998903274536,0.07249999791383743
YNL020C,YDL019C,1,-5.212867,0.35555556416511536,0.4000000059604645,0.07249999791383743
YMR033W,YCL018W,0,-5.2135525,0.35523977875709534,0.4000000059604645,0.07259999960660934
YDR093W,YDR129C,1,-5.2138515,0.3558118939399719,0.4009999930858612,0.07259999960660934
YNL322C,YER112W,0,-5.2139134,0.35549646615982056,0.4009999930858612,0.07270000129938126
YPL151C,YHL025W,0,-5.21435,0.35518157482147217,0.4009999930858612,0.07280000299215317
YHR107C,YBR229C,0,-5.2144957,0.35486724972724915,0.4009999930858612,0.07289999723434448
YGR157W,YPR036W,0,-5.215322,0.3545534908771515,0.4009999930858612,0.0729999989271164
YLR206W,YNL297C,1,-5.2161107,0.3551236689090729,0.4020000100135803,0.0729999989271164
YML057W,YPL138C,0,-5.2165303,0.3548102378845215,0.4020000100135803,0.0731000006198883
YER116C,YLR025W,0,-5.2170386,0.35449734330177307,0.4020000100135803,0.07320000231266022
YCR030C,YMR284W,0,-5.2181907,0.35418501496315,0.4020000100135803,0.07329999655485153
YJR050W,YDR167W,0,-5.21921,0.35387325286865234,0.4020000100135803,0.07339999824762344
YNR041C,YOR324C,0,-5.219273,0.35356199741363525,0.4020000100135803,0.07349999994039536
YNL166C,YKL193C,0,-5.2192955,0.35325130820274353,0.4020000100135803,0.07360000163316727
YNL030W,YDR296W,0,-5.221358,0.3529411852359772,0.4020000100135803,0.07370000332593918
YNL051W,YOR353C,0,-5.2213683,0.3526315689086914,0.4020000100135803,0.0737999975681305
YOL070C,YLR187W,0,-5.2218413,0.352322518825531,0.4020000100135803,0.0738999992609024
YNR033W,YMR110C,0,-5.222931,0.3520140051841736,0.4020000100135803,0.07400000095367432
YIL002C,YHR016C,1,-5.2237153,0.3525809347629547,0.40299999713897705,0.07400000095367432
YDL160C,YBR276C,0,-5.2240696,0.35227271914482117,0.40299999713897705,0.07410000264644623
YNL051W,YBR245C,0,-5.224175,0.351965069770813,0.40299999713897705,0.07419999688863754
YGR178C,YDR481C,0,-5.2242174,0.3516579270362854,0.40299999713897705,0.07429999858140945
YCR067C,YNR006W,0,-5.225335,0.3513513505458832,0.40299999713897705,0.07440000027418137
YNL084C,YLR337C,1,-5.22555,0.3519163727760315,0.40400001406669617,0.07440000027418137
YLR395C,YLR043C,0,-5.2260127,0.35161009430885315,0.40400001406669617,0.07450000196695328
YOR117W,YFR049W,0,-5.227477,0.3513043522834778,0.40400001406669617,0.07460000365972519
YGL115W,YEL006W,0,-5.22968,0.350999116897583,0.40400001406669617,0.0746999979019165
YER054C,YBR024W,0,-5.230786,0.3506944477558136,0.40400001406669617,0.07479999959468842
YNL135C,YMR309C,0,-5.231424,0.3503902852535248,0.40400001406669617,0.07490000128746033
YIL154C,YGR263C,0,-5.231809,0.35008665919303894,0.40400001406669617,0.07500000298023224
YGR105W,YNR036C,0,-5.2321143,0.3497835397720337,0.40400001406669617,0.07509999722242355
YDR085C,YGR033C,0,-5.2323976,0.3494809567928314,0.40400001406669617,0.07519999891519547
YKL016C,YLR240W,0,-5.2327466,0.34917891025543213,0.40400001406669617,0.07530000060796738
YJR083C,YPR018W,0,-5.233166,0.3488773703575134,0.40400001406669617,0.07540000230073929
YDR407C,YMR071C,0,-5.234224,0.3485763669013977,0.40400001406669617,0.0754999965429306
YER107C,YOR130C,0,-5.2344804,0.3482758700847626,0.40400001406669617,0.07559999823570251
YGR241C,YHR016C,1,-5.234863,0.3488371968269348,0.4050000011920929,0.07559999823570251
YNL020C,YHR135C,1,-5.2348757,0.34939759969711304,0.4059999883174896,0.07559999823570251
YPL132W,YPR023C,0,-5.2358937,0.3490971624851227,0.4059999883174896,0.07569999992847443
YNL101W,YFL033C,0,-5.236202,0.3487972617149353,0.4059999883174896,0.07580000162124634
YFL009W,YBL093C,0,-5.2368183,0.3484978675842285,0.4059999883174896,0.07590000331401825
YNL020C,YER166W,1,-5.2368727,0.349056601524353,0.40700000524520874,0.07590000331401825
YDR284C,YJR139C,0,-5.2371507,0.3487575054168701,0.40700000524520874,0.07599999755620956
YML101C,YPR024W,0,-5.2372975,0.3484589159488678,0.40700000524520874,0.07609999924898148
YJR051W,YPR009W,0,-5.2381654,0.34816083312034607,0.40700000524520874,0.07620000094175339
YDR408C,YDR158W,0,-5.2383394,0.34786325693130493,0.40700000524520874,0.0763000026345253
YBL022C,YPR133C,0,-5.2384114,0.3475661873817444,0.40700000524520874,0.07639999687671661
YLL022C,YAL051W,0,-5.238548,0.34726962447166443,0.40700000524520874,0.07649999856948853
YOL009C,YLR093C,0,-5.2411,0.34697356820106506,0.40700000524520874,0.07660000026226044
YDR164C,YLR005W,0,-5.2417665,0.3466780185699463,0.40700000524520874,0.07670000195503235
YMR188C,YLR362W,0,-5.241993,0.3463829755783081,0.40700000524520874,0.07680000364780426
YPL098C,YLR262C,0,-5.242647,0.3460884392261505,0.40700000524520874,0.07689999788999557
YMR092C,YER111C,0,-5.242848,0.3457943797111511,0.40700000524520874,0.07699999958276749
YBR199W,YPR107C,0,-5.242972,0.3455008566379547,0.40700000524520874,0.0771000012755394
YDR343C,YOR370C,0,-5.244082,0.3452078104019165,0.40700000524520874,0.07720000296831131
YJL137C,YBL017C,0,-5.244403,0.3449152410030365,0.40700000524520874,0.07729999721050262
YCR094W,YDR036C,1,-5.244727,0.34546995162963867,0.40799999237060547,0.07729999721050262
YKR028W,YDR409W,0,-5.244734,0.34517765045166016,0.40799999237060547,0.07739999890327454
YHL048W,YML055W,0,-5.244948,0.3448858857154846,0.40799999237060547,0.07750000059604645
YLR371W,YOR327C,1,-5.2456727,0.34543919563293457,0.4090000092983246,0.07750000059604645
YPL055C,YPL203W,0,-5.247027,0.34514766931533813,0.4090000092983246,0.07760000228881836
YGR070W,YPL138C,0,-5.247165,0.3448566496372223,0.4090000092983246,0.07769999653100967
YKL167C,YNL167C,0,-5.247182,0.34456613659858704,0.4090000092983246,0.07779999822378159
YER166W,YDR059C,1,-5.2482643,0.34511783719062805,0.4099999964237213,0.07779999822378159
YLR314C,YKL175W,0,-5.24833,0.3448275923728943,0.4099999964237213,0.0778999999165535
YPL169C,YDL095W,0,-5.2483907,0.3445378243923187,0.4099999964237213,0.07800000160932541
YFR051C,YOL138C,0,-5.248594,0.34424853324890137,0.4099999964237213,0.07810000330209732
YFL041W,YAL009W,0,-5.2491918,0.3439597189426422,0.4099999964237213,0.07819999754428864
YOR213C,YDL072C,0,-5.249773,0.34367141127586365,0.4099999964237213,0.07829999923706055
YAL029C,YHR181W,0,-5.2505655,0.3433835804462433,0.4099999964237213,0.07840000092983246
YLR088W,YDR329C,0,-5.2512035,0.34309622645378113,0.4099999964237213,0.07850000262260437
YEL027W,YKR014C,1,-5.25129,0.34364548325538635,0.41100001335144043,0.07850000262260437
YJL044C,YGR101W,0,-5.251927,0.3433583974838257,0.41100001335144043,0.07859999686479568
YCL034W,YHR016C,1,-5.2524104,0.3439065217971802,0.41200000047683716,0.07859999686479568
YPR025C,YML059C,0,-5.252442,0.3436196744441986,0.41200000047683716,0.0786999985575676
YDR350C,YDR219C,0,-5.25248,0.34333333373069763,0.41200000047683716,0.07880000025033951
YDR408C,YLR229C,0,-5.253205,0.34304746985435486,0.41200000047683716,0.07890000194311142
YNL015W,YDR084C,0,-5.2539105,0.3427620530128479,0.41200000047683716,0.07900000363588333
YPL096W,YDR084C,0,-5.255952,0.34247714281082153,0.41200000047683716,0.07909999787807465
YDR378C,YDL015C,0,-5.2561994,0.342192679643631,0.41200000047683716,0.07919999957084656
YMR009W,YJR059W,0,-5.2568107,0.341908723115921,0.41200000047683716,0.07930000126361847
YIL106W,YDL193W,0,-5.257133,0.3416252136230469,0.41200000047683716,0.07940000295639038
YPR199C,YDR329C,0,-5.257696,0.34134218096733093,0.41200000047683716,0.0794999971985817
YDL045C,YPR106W,0,-5.258145,0.3410595953464508,0.41200000047683716,0.07959999889135361
YGL105W,YPL100W,0,-5.2589884,0.34077751636505127,0.41200000047683716,0.07970000058412552
YOR002W,YBR171W,0,-5.259438,0.34049585461616516,0.41200000047683716,0.07980000227689743
YMR213W,YHR158C,0,-5.2602363,0.34021469950675964,0.41200000047683716,0.07989999651908875
YLR206W,YAR042W,1,-5.260249,0.3407590687274933,0.4129999876022339,0.07989999651908875
YNL020C,YNL106C,1,-5.2606044,0.3413025438785553,0.414000004529953,0.07989999651908875
YPL060W,YML025C,0,-5.2609587,0.34102141857147217,0.414000004529953,0.07999999821186066
YFL039C,YPL145C,1,-5.261199,0.34156379103660583,0.41499999165534973,0.07999999821186066
YIL042C,YGL062W,0,-5.261795,0.3412829041481018,0.41499999165534973,0.08009999990463257
YDR036C,YOR043W,1,-5.262078,0.34182414412498474,0.41600000858306885,0.08009999990463257
YNL133C,YHR186C,0,-5.262362,0.3415435254573822,0.41600000858306885,0.08020000159740448
YKL020C,YDR320C,0,-5.262554,0.3412633240222931,0.41600000858306885,0.08030000329017639
YDR466W,YMR067C,0,-5.2626452,0.3409835994243622,0.41600000858306885,0.0803999975323677
YNR037C,YMR019W,0,-5.2641244,0.3407043516635895,0.41600000858306885,0.08049999922513962
YBR059C,YAL026C,1,-5.264335,0.3412438631057739,0.4169999957084656,0.08049999922513962
YNL048W,YMR150C,0,-5.2646427,0.3409648537635803,0.4169999957084656,0.08060000091791153
YGL020C,YMR070W,0,-5.2653413,0.34068626165390015,0.4169999957084656,0.08070000261068344
YML031W,YMR071C,0,-5.2662206,0.34040817618370056,0.4169999957084656,0.08079999685287476
YPL023C,YLR265C,0,-5.266621,0.3401305079460144,0.4169999957084656,0.08089999854564667
YPR169W,YPR088C,0,-5.2667713,0.33985328674316406,0.4169999957084656,0.08100000023841858
YLR206W,YBR207W,1,-5.267078,0.3403908908367157,0.4180000126361847,0.08100000023841858
YNL331C,YPR149W,0,-5.267732,0.34011390805244446,0.4180000126361847,0.08110000193119049
YMR002W,YMR037C,0,-5.26832,0.3398374021053314,0.4180000126361847,0.0812000036239624
YDR204W,YDR260C,0,-5.2685275,0.3395613431930542,0.4180000126361847,0.08129999786615372
YLR284C,YPL171C,0,-5.2689166,0.3392857015132904,0.4180000126361847,0.08139999955892563
YML070W,YDL095W,0,-5.269234,0.3390105366706848,0.4180000126361847,0.08150000125169754
YNL032W,YBL007C,1,-5.269732,0.33954620361328125,0.4189999997615814,0.08150000125169754
YIR006C,YOR008C,1,-5.2702417,0.34008097648620605,0.41999998688697815,0.08150000125169754
YOR141C,YNL214W,0,-5.2718043,0.33980581164360046,0.41999998688697815,0.08160000294446945
YJL012C,YJR099W,0,-5.2724257,0.3395311236381531,0.41999998688697815,0.08169999718666077
YNL218W,YBL056W,0,-5.273683,0.3392568528652191,0.41999998688697815,0.08179999887943268
YGL191W,YCL044C,0,-5.273834,0.33898305892944336,0.41999998688697815,0.08190000057220459
YDR477W,YNR023W,0,-5.2751603,0.33870968222618103,0.41999998688697815,0.0820000022649765
YBL056W,YGL058W,0,-5.2755527,0.3384367525577545,0.41999998688697815,0.08209999650716782
YHR114W,YGR241C,1,-5.275666,0.3389694094657898,0.42100000381469727,0.08209999650716782
YDR059C,YHR135C,1,-5.275797,0.33950120210647583,0.421999990940094,0.08209999650716782
YBR024W,YJR104C,0,-5.276479,0.3392283022403717,0.421999990940094,0.08219999819993973
YGL133W,YKL073W,0,-5.276849,0.338955819606781,0.421999990940094,0.08229999989271164
YDR093W,YPL145C,1,-5.2769375,0.33948636054992676,0.4230000078678131,0.08229999989271164
YER166W,YHR016C,1,-5.277083,0.34001603722572327,0.42399999499320984,0.08229999989271164
YCR028C,YAR042W,1,-5.277128,0.3405448794364929,0.42500001192092896,0.08229999989271164
YBR281C,YBL105C,0,-5.277149,0.3402722179889679,0.42500001192092896,0.08240000158548355
YDR052C,YDR296W,0,-5.277487,0.3400000035762787,0.42500001192092896,0.08250000327825546
YOR036W,YOR217W,0,-5.277812,0.3397282063961029,0.42500001192092896,0.08259999752044678
YMR083W,YGR189C,0,-5.2778144,0.33945685625076294,0.42500001192092896,0.08269999921321869
YNL084C,YCL034W,1,-5.278481,0.3399840295314789,0.4259999990463257,0.08269999921321869
YOR149C,YDR247W,0,-5.278893,0.339712917804718,0.4259999990463257,0.0828000009059906
YMR037C,YLR209C,0,-5.279705,0.3394422233104706,0.4259999990463257,0.08290000259876251
YPL177C,YKL140W,0,-5.279807,0.33917197585105896,0.4259999990463257,0.08299999684095383
YKR031C,YPL214C,0,-5.2802076,0.33890214562416077,0.4259999990463257,0.08309999853372574
YDR127W,YGR257C,0,-5.2808022,0.3386327624320984,0.4259999990463257,0.08320000022649765
YKL046C,YKR055W,0,-5.281281,0.33836376667022705,0.4259999990463257,0.08330000191926956
YPL081W,YDR381W,0,-5.2822614,0.3380952477455139,0.4259999990463257,0.08340000361204147
YPL233W,YBR005W,0,-5.282291,0.3378271162509918,0.4259999990463257,0.08349999785423279
YER083C,YGR048W,0,-5.283544,0.33755943179130554,0.4259999990463257,0.0835999995470047
YGL009C,YDL195W,0,-5.2837057,0.3372921645641327,0.4259999990463257,0.08370000123977661
YDR052C,YLR067C,0,-5.284061,0.33702531456947327,0.4259999990463257,0.08380000293254852
YKR068C,YDR054C,0,-5.2842603,0.33675888180732727,0.4259999990463257,0.08389999717473984
YLL001W,YOR322C,0,-5.2860546,0.3364928960800171,0.4259999990463257,0.08399999886751175
YML101C,YKR028W,0,-5.286393,0.33622729778289795,0.4259999990463257,0.08410000056028366
YLR206W,YCR028C,1,-5.286565,0.3367507755756378,0.4269999861717224,0.08410000056028366
YDR265W,YDL006W,0,-5.287778,0.3364854156970978,0.4269999861717224,0.08420000225305557
YNL082W,YGR263C,0,-5.2878985,0.33622047305107117,0.4269999861717224,0.08429999649524689
YBR059C,YNL020C,1,-5.2882724,0.33674272894859314,0.42800000309944153,0.08429999649524689
YOR094W,YBR199W,0,-5.2884517,0.33647799491882324,0.42800000309944153,0.0843999981880188
YDR170C,YIR011C,0,-5.2897577,0.3362136781215668,0.42800000309944153,0.08449999988079071
YOL012C,YJR019C,0,-5.291268,0.33594977855682373,0.42800000309944153,0.08460000157356262
YDR036C,YAL030W,1,-5.2916417,0.3364705741405487,0.42899999022483826,0.08460000157356262
YPL145C,YHR161C,1,-5.291832,0.3369905948638916,0.4300000071525574,0.08460000157356262
YMR162C,YNL103W,0,-5.2930365,0.33672669529914856,0.4300000071525574,0.08470000326633453
YML016C,YGL207W,0,-5.2933545,0.33646321296691895,0.4300000071525574,0.08479999750852585
YGL181W,YDR483W,0,-5.2945814,0.33620014786720276,0.4300000071525574,0.08489999920129776
YBR227C,YLR203C,0,-5.2947326,0.3359375,0.4300000071525574,0.08500000089406967
YKL186C,YOR362C,0,-5.29485,0.3356752395629883,0.4300000071525574,0.08510000258684158
YGL020C,YJL143W,0,-5.294873,0.3354134261608124,0.4300000071525574,0.0851999968290329
YDR331W,YIL027C,0,-5.2951965,0.3351520001888275,0.4300000071525574,0.08529999852180481
YNL161W,YBR005W,0,-5.2952647,0.3348909616470337,0.4300000071525574,0.08540000021457672
YMR137C,YGL233W,0,-5.2957206,0.3346303403377533,0.4300000071525574,0.08550000190734863
YNL149C,YLR005W,0,-5.29603,0.33437013626098633,0.4300000071525574,0.08560000360012054
YBR199W,YCR077C,0,-5.2961364,0.3341103196144104,0.4300000071525574,0.08569999784231186
YNL084C,YCR028C,1,-5.296663,0.33462733030319214,0.4309999942779541,0.08569999784231186
YGR167W,YNL032W,1,-5.2971654,0.3351435363292694,0.4320000112056732,0.08569999784231186
YPL078C,YOL133W,0,-5.297321,0.3348837196826935,0.4320000112056732,0.08579999953508377
YAL009W,YPL020C,0,-5.2973776,0.334624320268631,0.4320000112056732,0.08590000122785568
YLL051C,YDR159W,0,-5.2983174,0.3343653380870819,0.4320000112056732,0.0860000029206276
YGR256W,YDR057W,0,-5.298322,0.3341067433357239,0.4320000112056732,0.08609999716281891
YLR285W,YJL087C,0,-5.299174,0.3338485360145569,0.4320000112056732,0.08619999885559082
YAL030W,YHR161C,1,-5.300233,0.3343629240989685,0.43299999833106995,0.08619999885559082
YPR019W,YGL198W,0,-5.3011513,0.3341049253940582,0.43299999833106995,0.08630000054836273
YKL146W,YKL167C,0,-5.3013124,0.3338473439216614,0.43299999833106995,0.08640000224113464
YBR297W,YHR050W,0,-5.301439,0.33359014987945557,0.43299999833106995,0.08649999648332596
YPL145C,YOR329C,1,-5.301924,0.33410316705703735,0.4339999854564667,0.08649999648332596
YPL028W,YNL147W,0,-5.3020067,0.33384615182876587,0.4339999854564667,0.08659999817609787
YOL126C,YGR033C,0,-5.3024545,0.3335895538330078,0.4339999854564667,0.08669999986886978
YHR114W,YBR214W,1,-5.302733,0.3341013789176941,0.4350000023841858,0.08669999986886978
YML057W,YKR008W,0,-5.3035464,0.33384495973587036,0.4350000023841858,0.0868000015616417
YLL027W,YFL008W,0,-5.3036094,0.33358895778656006,0.4350000023841858,0.0869000032544136
YOR324C,YOR217W,0,-5.3043137,0.3333333432674408,0.4350000023841858,0.08699999749660492
YGL166W,YOR197W,0,-5.304383,0.3330780863761902,0.4350000023841858,0.08709999918937683
YNL306W,YNL183C,0,-5.304529,0.332823246717453,0.4350000023841858,0.08720000088214874
YGR263C,YGR099W,0,-5.3045316,0.33256879448890686,0.4350000023841858,0.08730000257492065
YMR044W,YJL138C,0,-5.3057895,0.33231472969055176,0.4350000023841858,0.08739999681711197
YIR006C,YDR177W,1,-5.3067727,0.3328244388103485,0.4359999895095825,0.08739999681711197
YLL026W,YBR231C,0,-5.3070765,0.33257055282592773,0.4359999895095825,0.08749999850988388
YDL200C,YMR313C,0,-5.3082423,0.3323170840740204,0.4359999895095825,0.08760000020265579
YGL211W,YBL046W,0,-5.30848,0.3320639729499817,0.4359999895095825,0.0877000018954277
YHR115C,YAL001C,0,-5.3098087,0.33181124925613403,0.4359999895095825,0.08780000358819962
YML051W,YDR062W,0,-5.309948,0.3315589427947998,0.4359999895095825,0.08789999783039093
YDR376W,YDR148C,0,-5.310046,0.33130699396133423,0.4359999895095825,0.08799999952316284
YPL008W,YJL155C,0,-5.3106484,0.3310554325580597,0.4359999895095825,0.08810000121593475
YDL005C,YBR253W,0,-5.3108263,0.3308042585849762,0.4359999895095825,0.08820000290870667
YOR373W,YER003C,0,-5.3129296,0.33055344223976135,0.4359999895095825,0.08829999715089798
YJL166W,YGR020C,0,-5.3129425,0.33030304312705994,0.4359999895095825,0.08839999884366989
YDL045C,YPL047W,0,-5.312981,0.3300530016422272,0.4359999895095825,0.0885000005364418
YLR270W,YKR035W-A,0,-5.3139863,0.32980331778526306,0.4359999895095825,0.08860000222921371
YBR059C,YDR069C,1,-5.31399,0.3303098976612091,0.43700000643730164,0.08860000222921371
YDL006W,YLR305C,0,-5.3141127,0.3300604224205017,0.43700000643730164,0.08869999647140503
YLR216C,YHR186C,0,-5.3145885,0.32981133460998535,0.43700000643730164,0.08879999816417694
YER143W,YPL234C,0,-5.3150992,0.32956260442733765,0.43700000643730164,0.08889999985694885
YOR178C,YKL067W,0,-5.315302,0.3293142318725586,0.43700000643730164,0.08900000154972076
YDR093W,YHR001W,1,-5.3156123,0.32981929183006287,0.43799999356269836,0.08900000154972076
YBR207W,YAR042W,1,-5.3162036,0.33032354712486267,0.4390000104904175,0.08900000154972076
YBR024W,YLL024C,0,-5.316335,0.3300751745700836,0.4390000104904175,0.08910000324249268
YLR033W,YBR058C,0,-5.316508,0.3298271894454956,0.4390000104904175,0.08919999748468399
YLR293C,YLR185W,0,-5.3170075,0.32957959175109863,0.4390000104904175,0.0892999991774559
YBR081C,YPL087W,0,-5.3171086,0.3293323218822479,0.4390000104904175,0.08940000087022781
YGR143W,YBR006W,0,-5.317354,0.32908546924591064,0.4390000104904175,0.08950000256299973
YLR390W-A,YJL034W,0,-5.3178043,0.32883894443511963,0.4390000104904175,0.08959999680519104
YMR272C,YEL013W,0,-5.3180156,0.32859280705451965,0.4390000104904175,0.08969999849796295
YBR207W,YAL030W,1,-5.318299,0.3290949761867523,0.4399999976158142,0.08969999849796295
YCL014W,YIL005W,0,-5.318349,0.32884901762008667,0.4399999976158142,0.08980000019073486
YOR008C,YKL203C,1,-5.3186455,0.3293502628803253,0.4410000145435333,0.08980000019073486
YJL155C,YOL068C,0,-5.3193464,0.329104483127594,0.4410000145435333,0.08990000188350677
YDR093W,YNL084C,1,-5.319592,0.32960477471351624,0.44200000166893005,0.08990000188350677
YDR430C,YIL105C,0,-5.3198776,0.32935917377471924,0.44200000166893005,0.09000000357627869
YBR119W,YIL107C,0,-5.319884,0.3291139304637909,0.44200000166893005,0.09009999781847
YIR011C,YGR033C,0,-5.321071,0.3288690447807312,0.44200000166893005,0.09019999951124191
YBR275C,YDR175C,0,-5.3211865,0.32862454652786255,0.44200000166893005,0.09030000120401382
YNL106C,YPL145C,1,-5.3213773,0.329123318195343,0.4429999887943268,0.09030000120401382
YMR109W,YNL032W,1,-5.3216076,0.3296213746070862,0.4440000057220459,0.09030000120401382
YPL110C,YBR254C,0,-5.322572,0.32937684655189514,0.4440000057220459,0.09040000289678574
YOR039W,YHR188C,0,-5.323477,0.32913267612457275,0.4440000057220459,0.09049999713897705
YDR127W,YDR287W,0,-5.323483,0.3288888931274414,0.4440000057220459,0.09059999883174896
YFR046C,YHR147C,0,-5.323763,0.3286454379558563,0.4440000057220459,0.09070000052452087
YNL297C,YGR086C,1,-5.324765,0.3291420042514801,0.4449999928474426,0.09070000052452087
YHR183W,YMR039C,0,-5.3249183,0.32889875769615173,0.4449999928474426,0.09080000221729279
YMR142C,YCR084C,0,-5.3250756,0.32865583896636963,0.4449999928474426,0.0908999964594841
YGL054C,YML059C,0,-5.3252234,0.3284132778644562,0.4449999928474426,0.09099999815225601
YNL306W,YDR313C,0,-5.325354,0.32817110419273376,0.4449999928474426,0.09109999984502792
YIL105C,YPL138C,0,-5.325743,0.3279292583465576,0.4449999928474426,0.09120000153779984
YPL203W,YER031C,0,-5.32583,0.3276877701282501,0.4449999928474426,0.09130000323057175
YGR061C,YBR058C,0,-5.3267765,0.3274466395378113,0.4449999928474426,0.09139999747276306
YGR003W,YGL045W,0,-5.3269424,0.3272058963775635,0.4449999928474426,0.09149999916553497
YPR105C,YJL145W,0,-5.3274317,0.32696548104286194,0.4449999928474426,0.09160000085830688
YBR185C,YGR215W,0,-5.3291593,0.32672539353370667,0.4449999928474426,0.0917000025510788
YLR011W,YBR001C,0,-5.3292046,0.32648569345474243,0.4449999928474426,0.09179999679327011
YLR206W,YHR135C,1,-5.3295937,0.32697945833206177,0.44600000977516174,0.09179999679327011
YGR086C,YLR337C,1,-5.329873,0.3274725377559662,0.44699999690055847,0.09179999679327011
YDL225W,YPR182W,0,-5.330485,0.32723280787467957,0.44699999690055847,0.09189999848604202
YJR032W,YMR283C,0,-5.3310018,0.3269934058189392,0.44699999690055847,0.09200000017881393
YLR207W,YMR149W,0,-5.33181,0.3267543911933899,0.44699999690055847,0.09210000187158585
YPL145C,YHR001W,1,-5.3326306,0.32724615931510925,0.4480000138282776,0.09210000187158585
YLR005W,YGL186C,0,-5.333231,0.3270072937011719,0.4480000138282776,0.09220000356435776
YDL004W,YGR282C,0,-5.333284,0.32676878571510315,0.4480000138282776,0.09229999780654907
YBL015W,YLR203C,0,-5.3334465,0.3265306055545807,0.4480000138282776,0.09239999949932098
YGR163W,YLR024C,0,-5.334307,0.3262927830219269,0.4480000138282776,0.0925000011920929
YNL268W,YPR137W,0,-5.334453,0.3260553181171417,0.4480000138282776,0.09260000288486481
YAL013W,YLR240W,0,-5.335008,0.32581818103790283,0.4480000138282776,0.09269999712705612
YGR167W,YHR073W,1,-5.335068,0.32630813121795654,0.4490000009536743,0.09269999712705612
YGL011C,YBR254C,0,-5.335794,0.326071172952652,0.4490000009536743,0.09279999881982803
YNL071W,YHL009C,0,-5.336057,0.3258345425128937,0.4490000009536743,0.09290000051259995
YCR009C,YOR327C,1,-5.336159,0.32632341980934143,0.44999998807907104,0.09290000051259995
YMR119W,YDR259C,0,-5.336212,0.32608696818351746,0.44999998807907104,0.09300000220537186
YFL039C,YCR094W,1,-5.336446,0.3265749514102936,0.45100000500679016,0.09300000220537186
YGL040C,YJR126C,0,-5.3365984,0.32633864879608154,0.45100000500679016,0.09309999644756317
YOR070C,YMR263W,0,-5.336938,0.32610267400741577,0.45100000500679016,0.09319999814033508
YKR006C,YDR538W,0,-5.336983,0.32586705684661865,0.45100000500679016,0.093299999833107
YDR173C,YER105C,0,-5.3374705,0.3256317675113678,0.45100000500679016,0.0934000015258789
YER166W,YGR086C,1,-5.337645,0.3261183202266693,0.4519999921321869,0.0934000015258789
YNR049C,YML127W,0,-5.3382964,0.3258832097053528,0.4519999921321869,0.09350000321865082
YKL179C,YFR003C,0,-5.3389735,0.3256484270095825,0.4519999921321869,0.09359999746084213
YPL040C,YEL006W,0,-5.339301,0.3254139721393585,0.4519999921321869,0.09369999915361404
YBR066C,YPL007C,0,-5.339996,0.3251798450946808,0.4519999921321869,0.09380000084638596
YHR073W,YGR086C,1,-5.3404403,0.3256649971008301,0.453000009059906,0.09380000084638596
YIL002C,YKL203C,1,-5.340577,0.32614943385124207,0.45399999618530273,0.09380000084638596
YFL016C,YPL140C,0,-5.340761,0.32591527700424194,0.45399999618530273,0.09390000253915787
YDL161W,YKL203C,1,-5.34089,0.3263988494873047,0.45500001311302185,0.09390000253915787
YER170W,YLR208W,0,-5.3426824,0.3261648714542389,0.45500001311302185,0.09399999678134918
YCR028C,YDR177W,1,-5.343204,0.32664754986763,0.4560000002384186,0.09399999678134918
YNL123W,YKL028W,0,-5.345167,0.32641375064849854,0.4560000002384186,0.0940999984741211
YOR039W,YDR050C,0,-5.345355,0.32618024945259094,0.4560000002384186,0.094200000166893
YMR161W,YML038C,0,-5.345501,0.325947105884552,0.4560000002384186,0.09430000185966492
YJL031C,YNL233W,0,-5.346173,0.3257142901420593,0.4560000002384186,0.09440000355243683
YNR049C,YPL010W,0,-5.3475747,0.3254818022251129,0.4560000002384186,0.09449999779462814
YPL156C,YEL013W,0,-5.347733,0.32524964213371277,0.4560000002384186,0.09459999948740005
YPL145C,YLR371W,1,-5.348238,0.3257305920124054,0.4569999873638153,0.09459999948740005
YOL146W,YDR443C,0,-5.348352,0.3254985809326172,0.4569999873638153,0.09470000118017197
YDR208W,YOR344C,0,-5.349257,0.32526689767837524,0.4569999873638153,0.09480000287294388
YPL154C,YMR039C,0,-5.3497834,0.32503557205200195,0.4569999873638153,0.09489999711513519
YNL297C,YAR042W,1,-5.35046,0.3255152702331543,0.4580000042915344,0.09489999711513519
YBR145W,YGR152C,0,-5.3518414,0.32528409361839294,0.4580000042915344,0.0949999988079071
YGL181W,YGR010W,0,-5.352153,0.32505321502685547,0.4580000042915344,0.09510000050067902
YPL145C,YMR109W,1,-5.3526983,0.325531929731369,0.45899999141693115,0.09510000050067902
YLR285W,YPR036W,0,-5.35304,0.3253012001514435,0.45899999141693115,0.09520000219345093
YFL041W,YGR154C,0,-5.3532405,0.3250708281993866,0.45899999141693115,0.09529999643564224
YJL042W,YPL022W,0,-5.3534117,0.3248407542705536,0.45899999141693115,0.09539999812841415
YAL026C,YMR109W,1,-5.353813,0.32531824707984924,0.46000000834465027,0.09539999812841415
YCL001W,YBR082C,0,-5.354193,0.32508835196495056,0.46000000834465027,0.09549999982118607
YNL275W,YDR343C,0,-5.3543196,0.32485875487327576,0.46000000834465027,0.09560000151395798
YOR211C,YNL055C,0,-5.3543615,0.3246294856071472,0.46000000834465027,0.09570000320672989
YGL105W,YAL016W,0,-5.3552337,0.32440057396888733,0.46000000834465027,0.0957999974489212
YGR134W,YNL099C,0,-5.355316,0.3241719603538513,0.46000000834465027,0.09589999914169312
YNL020C,YDR177W,1,-5.3556914,0.3246478736400604,0.460999995470047,0.09589999914169312
YBR243C,YDR400W,0,-5.3579884,0.32441940903663635,0.460999995470047,0.09600000083446503
YNL280C,YPL152W,0,-5.358553,0.32419127225875854,0.460999995470047,0.09610000252723694
YKL203C,YOR043W,1,-5.359881,0.32466620206832886,0.4620000123977661,0.09610000252723694
YCR028C,YDL019C,1,-5.3610425,0.32514044642448425,0.46299999952316284,0.09610000252723694
YAL026C,YCR009C,1,-5.361251,0.3256140351295471,0.46399998664855957,0.09610000252723694
YKR035W-A,YNL294C,0,-5.3616824,0.3253856897354126,0.46399998664855957,0.09619999676942825
YIR006C,YHR016C,1,-5.3621554,0.3258584439754486,0.4650000035762787,0.09619999676942825
YDL056W,YJL012C,0,-5.3624053,0.325630247592926,0.4650000035762787,0.09629999846220016
YML048W,YDR484W,0,-5.3632555,0.3254023790359497,0.4650000035762787,0.09640000015497208
YAL030W,YHR135C,1,-5.363403,0.32587411999702454,0.4659999907016754,0.09640000015497208
YKR068C,YOR149C,0,-5.3638115,0.32564640045166016,0.4659999907016754,0.09650000184774399
YLL001W,YKR008W,0,-5.3647227,0.32541900873184204,0.4659999907016754,0.0966000035405159
YNL098C,YDR362C,0,-5.3655977,0.3251919150352478,0.4659999907016754,0.09669999778270721
YHR039C,YPL129W,0,-5.3657575,0.32496511936187744,0.4659999907016754,0.09679999947547913
YIL035C,YKR048C,0,-5.366091,0.32473868131637573,0.4659999907016754,0.09690000116825104
YAL026C,YOR109W,1,-5.3669415,0.3252089023590088,0.46700000762939453,0.09690000116825104
YLR390W-A,YLL022C,0,-5.367409,0.324982613325119,0.46700000762939453,0.09700000286102295
YDR375C,YER094C,0,-5.3681893,0.32475659251213074,0.46700000762939453,0.09709999710321426
YBR245C,YBL057C,0,-5.3682094,0.3245309293270111,0.46700000762939453,0.09719999879598618
YER027C,YDR217C,0,-5.368389,0.32430556416511536,0.46700000762939453,0.09730000048875809
YKR003W,YOR043W,1,-5.3689976,0.32477447390556335,0.46799999475479126,0.09730000048875809
YGR281W,YDR128W,0,-5.369247,0.32454922795295715,0.46799999475479126,0.09740000218153
YNL091W,YIL153W,0,-5.369271,0.3243243098258972,0.46799999475479126,0.09749999642372131
YER125W,YOR089C,1,-5.3694153,0.3247922360897064,0.4690000116825104,0.09749999642372131
YPL008W,YJR021C,0,-5.3706346,0.3245674669742584,0.4690000116825104,0.09759999811649323
YKR066C,YDR322W,0,-5.370772,0.3243430256843567,0.4690000116825104,0.09769999980926514
YDR118W,YOR054C,0,-5.3710203,0.32411885261535645,0.4690000116825104,0.09780000150203705
YER017C,YPL127C,0,-5.3711667,0.32389503717422485,0.4690000116825104,0.09790000319480896
YDR151C,YNL156C,0,-5.3712153,0.32367148995399475,0.4690000116825104,0.09799999743700027
YBR290W,YLR287C-A,0,-5.3713083,0.3234482705593109,0.4690000116825104,0.09809999912977219
YDR258C,YBR105C,0,-5.3715816,0.32322534918785095,0.4690000116825104,0.0982000008225441
YDR096W,YOR278W,0,-5.372099,0.32300275564193726,0.4690000116825104,0.09830000251531601
YHR115C,YML092C,0,-5.3723593,0.32278046011924744,0.4690000116825104,0.09839999675750732
YML061C,YAL002W,0,-5.372418,0.3225584626197815,0.4690000116825104,0.09849999845027924
YFL039C,YNL032W,1,-5.372441,0.32302406430244446,0.4699999988079071,0.09849999845027924
YHR186C,YHR083W,0,-5.3731923,0.32280218601226807,0.4699999988079071,0.09860000014305115
YOR136W,YGL172W,0,-5.3734355,0.32258063554763794,0.4699999988079071,0.09870000183582306
YLR220W,YNL333W,0,-5.3734665,0.3223593831062317,0.4699999988079071,0.09880000352859497
YLR085C,YNL008C,0,-5.373518,0.3221384584903717,0.4699999988079071,0.09889999777078629
YKL112W,YBR102C,0,-5.3740993,0.3219178020954132,0.4699999988079071,0.0989999994635582
YOL096C,YBR043C,0,-5.3750997,0.321697473526001,0.4699999988079071,0.09910000115633011
YOR174W,YDL052C,0,-5.3759904,0.3214774429798126,0.4699999988079071,0.09920000284910202
YJR118C,YJL151C,0,-5.3768334,0.32125768065452576,0.4699999988079071,0.09929999709129333
YDR430C,YDR260C,0,-5.3770585,0.32103824615478516,0.4699999988079071,0.09939999878406525
YHL024W,YNL167C,0,-5.3780475,0.32081910967826843,0.4699999988079071,0.09950000047683716
YLR265C,YNL025C,0,-5.378582,0.3206002712249756,0.4699999988079071,0.09960000216960907
YOL071W,YMR220W,0,-5.3793473,0.3203817307949066,0.4699999988079071,0.09969999641180038
YJR017C,YJL101C,0,-5.3797317,0.3201634883880615,0.4699999988079071,0.0997999981045723
YOR043W,YHR135C,1,-5.380385,0.32062628865242004,0.47099998593330383,0.0997999981045723
YLR362W,YPL214C,0,-5.3807526,0.3204081654548645,0.47099998593330383,0.09989999979734421
YHR073W,YCR009C,1,-5.381189,0.32087016105651855,0.47200000286102295,0.09989999979734421
YLR096W,YDL058W,0,-5.381413,0.32065218687057495,0.47200000286102295,0.10000000149011612
YER166W,YDR069C,1,-5.382599,0.32111337780952454,0.4729999899864197,0.10000000149011612
YFL048C,YJR140C,0,-5.3836803,0.3208955228328705,0.4729999899864197,0.10010000318288803
YGR216C,YGR275W,0,-5.383714,0.3206779658794403,0.4729999899864197,0.10019999742507935
YAL028W,YER008C,0,-5.3839316,0.320460706949234,0.4729999899864197,0.10029999911785126
YNL091W,YGR005C,0,-5.3840594,0.3202437460422516,0.4729999899864197,0.10040000081062317
YAL026C,YHR016C,1,-5.384318,0.3207036554813385,0.4740000069141388,0.10040000081062317
YKR003W,YNL032W,1,-5.384544,0.3211629390716553,0.4749999940395355,0.10040000081062317
YIL144W,YGR281W,0,-5.384764,0.32094594836235046,0.4749999940395355,0.10050000250339508
YDR276C,YGR063C,0,-5.3850207,0.32072922587394714,0.4749999940395355,0.1005999967455864
YIR034C,YBL103C,0,-5.3851905,0.3205128312110901,0.4749999940395355,0.1006999984383583
YOL096C,YBR008C,0,-5.385306,0.3202967047691345,0.4749999940395355,0.10080000013113022
YGR231C,YLR034C,0,-5.3856034,0.32008087635040283,0.4749999940395355,0.10090000182390213
YGL151W,YER012W,0,-5.385877,0.31986531615257263,0.4749999940395355,0.10100000351667404
YJR017C,YGL049C,0,-5.3860974,0.3196500539779663,0.4749999940395355,0.10109999775886536
YDR093W,YOR089C,1,-5.3865886,0.3201076090335846,0.47600001096725464,0.10109999775886536
YOR230W,YCR004C,0,-5.386602,0.3198924660682678,0.47600001096725464,0.10119999945163727
YDL017W,YDR435C,0,-5.3872023,0.3196776211261749,0.47600001096725464,0.10130000114440918
YNL068C,YMR298W,0,-5.3874116,0.3194630742073059,0.47600001096725464,0.10140000283718109
YKR003W,YCR053W,1,-5.3883214,0.31991952657699585,0.47699999809265137,0.10140000283718109
YGR206W,YBL030C,0,-5.388572,0.3197050988674164,0.47699999809265137,0.1014999970793724
YHL019C,YOR194C,0,-5.3890634,0.3194909691810608,0.47699999809265137,0.10159999877214432
YLL026W,YDR170C,0,-5.3894787,0.3192771077156067,0.47699999809265137,0.10170000046491623
YOR089C,YGR241C,1,-5.3900733,0.3197324275970459,0.4779999852180481,0.10170000046491623
YLR078C,YHR183W,0,-5.390644,0.31951871514320374,0.4779999852180481,0.10180000215768814
YLR142W,YBL050W,0,-5.39107,0.31930527091026306,0.4779999852180481,0.10189999639987946
YNL091W,YGR080W,0,-5.3912187,0.31909212470054626,0.4779999852180481,0.10199999809265137
YPR023C,YGL062W,0,-5.3916354,0.31887924671173096,0.4779999852180481,0.10209999978542328
YKR068C,YDL140C,0,-5.3917913,0.3186666667461395,0.4779999852180481,0.10220000147819519
YBR009C,YPR166C,0,-5.3925767,0.3184543550014496,0.4779999852180481,0.1023000031709671
YKR028W,YGL115W,0,-5.394674,0.3182423412799835,0.4779999852180481,0.10239999741315842
YJL172W,YOR075W,0,-5.394679,0.31803059577941895,0.4779999852180481,0.10249999910593033
YBR081C,YMR054W,0,-5.3952084,0.31781914830207825,0.4779999852180481,0.10260000079870224
YKL135C,YIR015W,0,-5.3953013,0.31760796904563904,0.4779999852180481,0.10270000249147415
YIL002C,YLR371W,1,-5.3957276,0.31806108355522156,0.4790000021457672,0.10270000249147415
YPL005W,YOL138C,0,-5.396018,0.3178500235080719,0.4790000021457672,0.10279999673366547
YNR026C,YKL119C,0,-5.396179,0.3176392614841461,0.4790000021457672,0.10289999842643738
YGL115W,YGR234W,0,-5.396609,0.3174287676811218,0.4790000021457672,0.10300000011920929
YBR109C,YER166W,1,-5.3973117,0.3178808093070984,0.47999998927116394,0.10300000011920929
YDR151C,YJL117W,0,-5.398435,0.31767040491104126,0.47999998927116394,0.1031000018119812
YER001W,YGR132C,0,-5.3989167,0.3174603283405304,0.47999998927116394,0.10320000350475311
YLR450W,YCL018W,0,-5.3991656,0.31725049018859863,0.47999998927116394,0.10329999774694443
YLR206W,YOR329C,1,-5.399178,0.31770145893096924,0.48100000619888306,0.10329999774694443
YIL002C,YIR006C,1,-5.399264,0.3181518018245697,0.4819999933242798,0.10329999774694443
YHR028C,YOR274W,0,-5.3995895,0.31794196367263794,0.4819999933242798,0.10339999943971634
YDR376W,YOR158W,0,-5.399825,0.3177323639392853,0.4819999933242798,0.10350000113248825
YOR002W,YPR156C,0,-5.4009438,0.3175230622291565,0.4819999933242798,0.10360000282526016
YDR289C,YJL052W,0,-5.4014544,0.3173140287399292,0.4819999933242798,0.10369999706745148
YER019W,YIL007C,0,-5.401503,0.3171052634716034,0.4819999933242798,0.10379999876022339
YPR075C,YPL063W,0,-5.401711,0.3168967664241791,0.4819999933242798,0.1039000004529953
YMR267W,YGR274C,0,-5.4024,0.31668856739997864,0.4819999933242798,0.10400000214576721
YKR072C,YER049W,0,-5.402403,0.3164806365966797,0.4819999933242798,0.10409999638795853
YOR008C,YCR053W,1,-5.403159,0.3169291317462921,0.4830000102519989,0.10409999638795853
YPL169C,YBL020W,0,-5.404086,0.3167213201522827,0.4830000102519989,0.10419999808073044
YDL099W,YGR295C,0,-5.4041886,0.3165137469768524,0.4830000102519989,0.10429999977350235
YKL022C,YIL144W,0,-5.404423,0.316306471824646,0.4830000102519989,0.10440000146627426
YCR028C,YCL034W,1,-5.4045944,0.31675392389297485,0.48399999737739563,0.10440000146627426
YLR266C,YPR189W,0,-5.4046755,0.316546767950058,0.48399999737739563,0.10450000315904617
YNL029C,YNL183C,0,-5.404816,0.3163398802280426,0.48399999737739563,0.10459999740123749
YBL090W,YDR074W,0,-5.405098,0.3161332607269287,0.48399999737739563,0.1046999990940094
YDL165W,YDL123W,0,-5.4057536,0.3159268796443939,0.48399999737739563,0.10480000078678131
YGR097W,YBL046W,0,-5.4062033,0.315720796585083,0.48399999737739563,0.10490000247955322
YHR028C,YMR203W,0,-5.40649,0.3155149817466736,0.48399999737739563,0.10499999672174454
YMR083W,YLR096W,0,-5.407141,0.31530943512916565,0.48399999737739563,0.10509999841451645
YLR309C,YBL046W,0,-5.4082394,0.3151041567325592,0.48399999737739563,0.10520000010728836
YBL082C,YPR025C,0,-5.4084473,0.31489914655685425,0.48399999737739563,0.10530000180006027
YFL039C,YDR036C,1,-5.409199,0.31534460186958313,0.48500001430511475,0.10530000180006027
YPL170W,YBR193C,0,-5.4093423,0.3151397109031677,0.48500001430511475,0.10540000349283218
YMR267W,YNL244C,0,-5.4097133,0.3149350583553314,0.48500001430511475,0.1054999977350235
YJL005W,YDL045C,0,-5.410148,0.314730703830719,0.48500001430511475,0.10559999942779541
YPL078C,YHR057C,0,-5.4104414,0.31452658772468567,0.48500001430511475,0.10570000112056732
YGL166W,YGL104C,0,-5.4115334,0.31432273983955383,0.48500001430511475,0.10580000281333923
YPL094C,YOL072W,0,-5.4117975,0.3141191601753235,0.48500001430511475,0.10589999705553055
YER013W,YJR110W,0,-5.4118743,0.31391584873199463,0.48500001430511475,0.10599999874830246
YJL087C,YLR386W,0,-5.412048,0.31371280550956726,0.48500001430511475,0.10610000044107437
YJL030W,YML009C,0,-5.413088,0.3135100305080414,0.48500001430511475,0.10620000213384628
YGL025C,YMR030W,0,-5.413346,0.3133074939250946,0.48500001430511475,0.1062999963760376
YJR089W,YGR209C,0,-5.413481,0.3131052255630493,0.48500001430511475,0.10639999806880951
YJL030W,YGR215W,0,-5.4136205,0.3129032254219055,0.48500001430511475,0.10649999976158142
YER107C,YPR113W,0,-5.413824,0.3127014935016632,0.48500001430511475,0.10660000145435333
YNL084C,YOR327C,1,-5.4139223,0.313144326210022,0.4860000014305115,0.10660000145435333
YMR092C,YDR096W,0,-5.414323,0.3129426836967468,0.4860000014305115,0.10670000314712524
YPR185W,YDR117C,0,-5.4146485,0.31274130940437317,0.4860000014305115,0.10679999738931656
YJL172W,YGR033C,0,-5.416804,0.312540203332901,0.4860000014305115,0.10689999908208847
YDL143W,YJR009C,0,-5.4177756,0.31233933568000793,0.4860000014305115,0.10700000077486038
YDR376W,YBR126C,0,-5.419682,0.31213873624801636,0.4860000014305115,0.1071000024676323
YNL219C,YJR082C,0,-5.4198847,0.3119383752346039,0.4860000014305115,0.10719999670982361
YBR043C,YBR126C,0,-5.4205832,0.3117382824420929,0.4860000014305115,0.10729999840259552
YOR269W,YJL139C,0,-5.4208045,0.3115384578704834,0.4860000014305115,0.10740000009536743
YCR009C,YPL032C,1,-5.4219275,0.3119795024394989,0.4869999885559082,0.10740000009536743
YBR109C,YLR206W,1,-5.4220085,0.31241998076438904,0.4880000054836273,0.10740000009536743
YHR001W,YJL204C,1,-5.4227395,0.3128598928451538,0.48899999260902405,0.10740000009536743
YPL022W,YPL152W,0,-5.4228883,0.3126598596572876,0.48899999260902405,0.10750000178813934
YLR100W,YML038C,0,-5.423258,0.3124600648880005,0.48899999260902405,0.10760000348091125
YOR155C,YDR389W,0,-5.4241347,0.31226053833961487,0.48899999260902405,0.10769999772310257
YBR227C,YDR311W,0,-5.424553,0.31206125020980835,0.48899999260902405,0.10779999941587448
YER083C,YKL152C,0,-5.4259906,0.3118622303009033,0.48899999260902405,0.10790000110864639
YOR090C,YDR180W,0,-5.426074,0.3116634786128998,0.48899999260902405,0.1080000028014183
YBR243C,YEL015W,0,-5.4264154,0.31146496534347534,0.48899999260902405,0.10809999704360962
YER107C,YDL072C,0,-5.427103,0.3112667202949524,0.48899999260902405,0.10819999873638153
YMR138W,YNL015W,0,-5.427526,0.31106871366500854,0.48899999260902405,0.10830000042915344
YIL010W,YMR293C,0,-5.4276886,0.3108709454536438,0.48899999260902405,0.10840000212192535
YIR037W,YNL221C,0,-5.428191,0.31067344546318054,0.48899999260902405,0.10849999636411667
YPL118W,YGL058W,0,-5.428516,0.3104761838912964,0.48899999260902405,0.10859999805688858
YLR295C,YHR117W,0,-5.4285936,0.3102791905403137,0.48899999260902405,0.10869999974966049
YBR109C,YAL026C,1,-5.4302516,0.31071653962135315,0.49000000953674316,0.10869999974966049
YOR090C,YNL311C,0,-5.4304037,0.31051963567733765,0.49000000953674316,0.1088000014424324
YMR299C,YBR177C,0,-5.4305105,0.31032299995422363,0.49000000953674316,0.10890000313520432
YDR288W,YKR088C,0,-5.431708,0.31012657284736633,0.49000000953674316,0.10899999737739563
YKL189W,YKL168C,0,-5.431765,0.3099304139614105,0.49000000953674316,0.10909999907016754
YDR036C,YOR008C,1,-5.431924,0.3103666305541992,0.4909999966621399,0.10909999907016754
YOR381W,YOR090C,0,-5.431998,0.31017056107521057,0.4909999966621399,0.10920000076293945
YBR008C,YKR029C,0,-5.4331665,0.3099747598171234,0.4909999966621399,0.10930000245571136
YCR094W,YDR177W,1,-5.4334345,0.3104100823402405,0.492000013589859,0.10930000245571136
YPL119C,YDR153C,0,-5.4343634,0.3102143704891205,0.492000013589859,0.10939999669790268
YPR143W,YML058W,0,-5.43446,0.3100188970565796,0.492000013589859,0.10949999839067459
YER099C,YKR088C,0,-5.435211,0.3098236918449402,0.492000013589859,0.1096000000834465
YGL190C,YPL104W,0,-5.4353256,0.3096286952495575,0.492000013589859,0.10970000177621841
YFL048C,YCR044C,0,-5.435522,0.3094339668750763,0.492000013589859,0.10980000346899033
YOR136W,YDR425W,0,-5.4357314,0.3092394769191742,0.492000013589859,0.10989999771118164
YBR059C,YHR016C,1,-5.436117,0.30967336893081665,0.49300000071525574,0.10989999771118164
YKL112W,YKR085C,0,-5.437589,0.3094789683818817,0.49300000071525574,0.10999999940395355
YMR109W,YKL203C,1,-5.437597,0.30991217494010925,0.49399998784065247,0.10999999940395355
YOR322C,YGR147C,0,-5.4381223,0.3097178637981415,0.49399998784065247,0.11010000109672546
YJR121W,YDR200C,0,-5.438458,0.3095238208770752,0.49399998784065247,0.11020000278949738
YLR300W,YMR246W,0,-5.43887,0.3093299865722656,0.49399998784065247,0.11029999703168869
YHR209W,YOL070C,0,-5.4392414,0.30913642048835754,0.49399998784065247,0.1103999987244606
YBR288C,YLR141W,0,-5.439359,0.30894309282302856,0.49399998784065247,0.11050000041723251
YDR155C,YGL026C,0,-5.4393597,0.3087500035762787,0.49399998784065247,0.11060000211000443
YLR095C,YLR163C,0,-5.439941,0.3085571527481079,0.49399998784065247,0.11069999635219574
YOR156C,YFR003C,0,-5.440446,0.30836454033851624,0.49399998784065247,0.11079999804496765
YDL143W,YLL001W,0,-5.440534,0.30817216634750366,0.49399998784065247,0.11089999973773956
YPR008W,YPR198W,0,-5.440571,0.3079800605773926,0.49399998784065247,0.11100000143051147
YOL026C,YMR008C,0,-5.44089,0.3077881634235382,0.49399998784065247,0.11110000312328339
YAL031C,YKL043W,0,-5.4410715,0.30759650468826294,0.49399998784065247,0.1111999973654747
YOR374W,YNL239W,0,-5.4414554,0.30740511417388916,0.49399998784065247,0.11129999905824661
YGL020C,YBR280C,0,-5.4420114,0.3072139322757721,0.49399998784065247,0.11140000075101852
YLR347C,YKL163W,0,-5.4421983,0.30702298879623413,0.49399998784065247,0.11150000244379044
YHR114W,YCL034W,1,-5.4424253,0.3074534237384796,0.4950000047683716,0.11150000244379044
YHR004C,YDR435C,0,-5.443135,0.3072625696659088,0.4950000047683716,0.11159999668598175
YDL171C,YMR039C,0,-5.4434066,0.3070719540119171,0.4950000047683716,0.11169999837875366
YPL005W,YIL065C,0,-5.4442925,0.3068815767765045,0.4950000047683716,0.11180000007152557
YDL161W,YOR089C,1,-5.4445095,0.3073110282421112,0.4959999918937683,0.11180000007152557
YLR314C,YOL028C,0,-5.445121,0.30712074041366577,0.4959999918937683,0.11190000176429749
YBR081C,YOL138C,0,-5.4452486,0.30693069100379944,0.4959999918937683,0.1120000034570694
YPR185W,YDL046W,0,-5.4453564,0.3067408800125122,0.4959999918937683,0.11209999769926071
YHR073W,YOR329C,1,-5.445547,0.3071693480014801,0.4970000088214874,0.11209999769926071
YOR327C,YLR337C,1,-5.445901,0.307597279548645,0.49799999594688416,0.11209999769926071
YLR309C,YOL108C,0,-5.4462514,0.307407408952713,0.49799999594688416,0.11219999939203262
YDL197C,YER050C,0,-5.4465857,0.3072177767753601,0.49799999594688416,0.11230000108480453
YDR231C,YOL001W,0,-5.4476256,0.3070283532142639,0.49799999594688416,0.11240000277757645
YNL239W,YDR028C,0,-5.4477086,0.3068391978740692,0.49799999594688416,0.11249999701976776
YNL243W,YOR327C,1,-5.4483724,0.3072659969329834,0.49900001287460327,0.11249999701976776
YLR080W,YIL068C,0,-5.4487433,0.30707693099975586,0.49900001287460327,0.11259999871253967
YDR182W,YHR038W,0,-5.450229,0.30688807368278503,0.49900001287460327,0.11270000040531158
YDL044C,YML127W,0,-5.450655,0.3066994547843933,0.49900001287460327,0.1128000020980835
YIR006C,YHR161C,1,-5.4507027,0.3071253001689911,0.5,0.1128000020980835
YIL124W,YML006C,0,-5.451438,0.30693677067756653,0.5,0.11289999634027481
YNL027W,YAL056W,0,-5.4515457,0.30674847960472107,0.5,0.11299999803304672
YAR050W,YIL107C,0,-5.452049,0.3065603971481323,0.5,0.11309999972581863
YLR450W,YGR276C,0,-5.452376,0.3063725531101227,0.5,0.11320000141859055
YDL200C,YBR251W,0,-5.453139,0.30618494749069214,0.5,0.11330000311136246
YCR075C,YKR009C,0,-5.4541287,0.3059975504875183,0.5,0.11339999735355377
YDR356W,YEL012W,0,-5.4545946,0.3058103919029236,0.5,0.11349999904632568
YAL034W-A,YER123W,0,-5.454971,0.30562347173690796,0.5,0.1136000007390976
YOL049W,YPL116W,0,-5.4550586,0.30543676018714905,0.5,0.1137000024318695
YBR214W,YHR135C,1,-5.4552593,0.30586081743240356,0.5009999871253967,0.1137000024318695
YJL178C,YJL172W,0,-5.456336,0.3056741952896118,0.5009999871253967,0.11379999667406082
YEL027W,YOR043W,1,-5.4570518,0.3060975670814514,0.5019999742507935,0.11379999667406082
YLR170C,YDR292C,0,-5.457835,0.30591103434562683,0.5019999742507935,0.11389999836683273
YDL113C,YMR193W,0,-5.4580107,0.30572474002838135,0.5019999742507935,0.11400000005960464
YPL110C,YLR259C,0,-5.4583364,0.3055386543273926,0.5019999742507935,0.11410000175237656
YMR091C,YBR198C,0,-5.458607,0.3053528070449829,0.5019999742507935,0.11420000344514847
YMR275C,YDR369C,0,-5.459347,0.30516716837882996,0.5019999742507935,0.11429999768733978
YKL176C,YBL033C,0,-5.4595647,0.3049817681312561,0.5019999742507935,0.1143999993801117
YMR182C,YBL011W,0,-5.459695,0.30479660630226135,0.5019999742507935,0.1145000010728836
YMR112C,YOR290C,0,-5.4605823,0.3046116530895233,0.5019999742507935,0.11460000276565552
YPR018W,YDR485C,0,-5.4607453,0.3044269382953644,0.5019999742507935,0.11469999700784683
YMR316W,YDR517W,0,-5.4612155,0.30424243211746216,0.5019999742507935,0.11479999870061874
YOR341W,YGR279C,0,-5.4618907,0.30405813455581665,0.5019999742507935,0.11490000039339066
YOR008C,YGR241C,1,-5.4619937,0.3044794201850891,0.503000020980835,0.11490000039339066
YPL051W,YOR332W,0,-5.462394,0.30429521203041077,0.503000020980835,0.11500000208616257
YBR167C,YML028W,0,-5.4624057,0.3041112422943115,0.503000020980835,0.11509999632835388
YIL106W,YIL093C,0,-5.4630036,0.303927481174469,0.503000020980835,0.1151999980211258
YML101C,YPL176C,0,-5.46362,0.30374395847320557,0.503000020980835,0.1152999997138977
YDR129C,YPL032C,1,-5.4641213,0.3041641414165497,0.5040000081062317,0.1152999997138977
YMR251W-A,YBR107C,0,-5.4643917,0.3039807081222534,0.5040000081062317,0.11540000140666962
YOL112W,YBR082C,0,-5.464497,0.3037974536418915,0.5040000081062317,0.11550000309944153
YOL071W,YHR108W,0,-5.46459,0.30361446738243103,0.5040000081062317,0.11559999734163284
YLR395C,YPL214C,0,-5.4647665,0.3034316599369049,0.5040000081062317,0.11569999903440475
YBR207W,YOR327C,1,-5.4650664,0.30385076999664307,0.5049999952316284,0.11569999903440475
YMR044W,YDR037W,0,-5.465154,0.3036680817604065,0.5049999952316284,0.11580000072717667
YNL084C,YJL204C,1,-5.465849,0.3040865361690521,0.5059999823570251,0.11580000072717667
YGR032W,YOR368W,0,-5.4659758,0.3039039075374603,0.5059999823570251,0.11590000241994858
YHR104W,YMR060C,0,-5.466294,0.30372148752212524,0.5059999823570251,0.11599999666213989
YBR211C,YOR159C,0,-5.466298,0.30353930592536926,0.5059999823570251,0.1160999983549118
YPR144C,YMR039C,0,-5.4663115,0.3033573031425476,0.5059999823570251,0.11620000004768372
YDL123W,YBR253W,0,-5.466501,0.30317556858062744,0.5059999823570251,0.11630000174045563
YKR003W,YJL204C,1,-5.467015,0.3035928010940552,0.5070000290870667,0.11630000174045563
YOR213C,YMR214W,0,-5.4670243,0.3034111261367798,0.5070000290870667,0.11640000343322754
YNR007C,YPL176C,0,-5.4674144,0.3032296597957611,0.5070000290870667,0.11649999767541885
YHL019C,YBL057C,0,-5.468104,0.30304840207099915,0.5070000290870667,0.11659999936819077
YNR019W,YPR065W,0,-5.4683104,0.3028673827648163,0.5070000290870667,0.11670000106096268
YKL179C,YDR208W,0,-5.468995,0.30268657207489014,0.5070000290870667,0.11680000275373459
YDL165W,YER151C,0,-5.469419,0.3025059700012207,0.5070000290870667,0.1168999969959259
YDL095W,YLR403W,0,-5.4699216,0.302325576543808,0.5070000290870667,0.11699999868869781
YBL078C,YNL218W,0,-5.470046,0.30214542150497437,0.5070000290870667,0.11710000038146973
YMR008C,YPL203W,0,-5.4703007,0.3019654452800751,0.5070000290870667,0.11720000207424164
YLR357W,YLL028W,0,-5.470409,0.3017857074737549,0.5070000290870667,0.11729999631643295
YOR002W,YHR209W,0,-5.4707537,0.3016061782836914,0.5070000290870667,0.11739999800920486
YDR138W,YKR038C,0,-5.47134,0.30142688751220703,0.5070000290870667,0.11749999970197678
YMR008C,YML064C,0,-5.471642,0.301247775554657,0.5070000290870667,0.11760000139474869
YPR161C,YCR004C,0,-5.471649,0.30106887221336365,0.5070000290870667,0.1177000030875206
YNL136W,YLR138W,0,-5.4724708,0.3008902072906494,0.5070000290870667,0.11779999732971191
YDR093W,YAL026C,1,-5.4732122,0.3013048768043518,0.5080000162124634,0.11779999732971191
YJR005W,YPL181W,0,-5.4732356,0.30112627148628235,0.5080000162124634,0.11789999902248383
YIR038C,YIL156W,0,-5.473416,0.3009478747844696,0.5080000162124634,0.11800000071525574
YNL284C,YER147C,0,-5.4738073,0.3007696866989136,0.5080000162124634,0.11810000240802765
YBR298C,YBR103W,0,-5.4738154,0.30059170722961426,0.5080000162124634,0.11819999665021896
YHR027C,YKL042W,0,-5.474318,0.30041396617889404,0.5080000162124634,0.11829999834299088
YKL092C,YDR287W,0,-5.474518,0.30023640394210815,0.5080000162124634,0.11840000003576279
YBR101C,YLR059C,0,-5.474626,0.30005908012390137,0.5080000162124634,0.1185000017285347
YLL040C,YDL072C,0,-5.4752145,0.2998819351196289,0.5080000162124634,0.11860000342130661
YKL146W,YGR112W,0,-5.4753046,0.29970502853393555,0.5080000162124634,0.11869999766349792
YCL052C,YLR043C,0,-5.4761353,0.2995283007621765,0.5080000162124634,0.11879999935626984
YDR483W,YAL051W,0,-5.4763255,0.2993518114089966,0.5080000162124634,0.11890000104904175
YNL185C,YIL105C,0,-5.4764724,0.299175500869751,0.5080000162124634,0.11900000274181366
YOL068C,YIL106W,0,-5.476505,0.2989993989467621,0.5080000162124634,0.11909999698400497
YBR210W,YPL169C,0,-5.4768887,0.2988235354423523,0.5080000162124634,0.11919999867677689
YAL031C,YIL144W,0,-5.4770927,0.29864785075187683,0.5080000162124634,0.1193000003695488
YLR110C,YDR119W,0,-5.4772997,0.2984723746776581,0.5080000162124634,0.11940000206232071
YMR238W,YFR008W,0,-5.4773097,0.29829713702201843,0.5080000162124634,0.11949999630451202
YER055C,YML010W,0,-5.477469,0.2981220781803131,0.5080000162124634,0.11959999799728394
YHR116W,YDL046W,0,-5.4776745,0.2979472279548645,0.5080000162124634,0.11969999969005585
YGL141W,YFR051C,0,-5.478477,0.2977725565433502,0.5080000162124634,0.11980000138282776
YDR036C,YGR086C,1,-5.478525,0.29818394780158997,0.5090000033378601,0.11980000138282776
YDR214W,YKL168C,0,-5.4792237,0.29800936579704285,0.5090000033378601,0.11990000307559967
YOL051W,YPL122C,0,-5.480246,0.29783499240875244,0.5090000033378601,0.11999999731779099
YJL042W,YDR354W,0,-5.4804997,0.29766082763671875,0.5090000033378601,0.1200999990105629
YBL093C,YMR313C,0,-5.48076,0.2974868416786194,0.5090000033378601,0.12020000070333481
YBR112C,YDR463W,0,-5.4808087,0.2973130941390991,0.5090000033378601,0.12030000239610672
YNL183C,YMR060C,0,-5.4808755,0.2971395254135132,0.5090000033378601,0.12039999663829803
YNL032W,YLR337C,1,-5.482206,0.29754960536956787,0.5099999904632568,0.12039999663829803
YGR147C,YFR034C,0,-5.482906,0.2973760962486267,0.5099999904632568,0.12049999833106995
YHL048W,YER145C,0,-5.48326,0.29720279574394226,0.5099999904632568,0.12060000002384186
YAL026C,YNL297C,1,-5.48352,0.29761210083961487,0.5109999775886536,0.12060000002384186
YNL118C,YGR172C,0,-5.4850793,0.2974388897418976,0.5109999775886536,0.12070000171661377
YHL032C,YDR077W,0,-5.4861236,0.2972658574581146,0.5109999775886536,0.12080000340938568
YDR347W,YBL105C,0,-5.4862695,0.2970930337905884,0.5109999775886536,0.120899997651577
YOR320C,YOR090C,0,-5.48666,0.29692038893699646,0.5109999775886536,0.12099999934434891
YCR028C,YBR207W,1,-5.4875684,0.2973286807537079,0.5120000243186951,0.12099999934434891
YDR511W,YPR101W,0,-5.4883227,0.29715612530708313,0.5120000243186951,0.12110000103712082
YJL063C,YOR140W,0,-5.4883285,0.2969837486743927,0.5120000243186951,0.12120000272989273
YHR028C,YDL022W,0,-5.489439,0.296811580657959,0.5120000243186951,0.12129999697208405
YFL041W,YMR054W,0,-5.489624,0.296639621257782,0.5120000243186951,0.12139999866485596
YBR282W,YJL117W,0,-5.490372,0.2964678704738617,0.5120000243186951,0.12150000035762787
YDL097C,YGR129W,0,-5.4909267,0.29629629850387573,0.5120000243186951,0.12160000205039978
YCL051W,YOL060C,0,-5.491027,0.2961249351501465,0.5120000243186951,0.1216999962925911
YJR076C,YER005W,0,-5.491875,0.29595375061035156,0.5120000243186951,0.121799997985363
YIR006C,YOR327C,1,-5.492268,0.29636049270629883,0.5130000114440918,0.121799997985363
YMR237W,YDR400W,0,-5.492397,0.2961893677711487,0.5130000114440918,0.12189999967813492
YBR245C,YPR036W,0,-5.4928856,0.29601845145225525,0.5130000114440918,0.12200000137090683
YNL297C,YOR327C,1,-5.4938717,0.2964244484901428,0.5139999985694885,0.12200000137090683
YLR206W,YDR388W,1,-5.4946923,0.2968299686908722,0.5149999856948853,0.12200000137090683
YLR300W,YBR171W,0,-5.494936,0.296658992767334,0.5149999856948853,0.12210000306367874
YML092C,YDR086C,0,-5.495238,0.2964881956577301,0.5149999856948853,0.12219999730587006
YBR112C,YLL043W,0,-5.49539,0.29631760716438293,0.5149999856948853,0.12229999899864197
YLR332W,YKR060W,0,-5.4955373,0.2961471974849701,0.5149999856948853,0.12240000069141388
YJL159W,YMR006C,0,-5.495625,0.29597702622413635,0.5149999856948853,0.12250000238418579
YMR237W,YJL129C,0,-5.496089,0.29580700397491455,0.5149999856948853,0.1225999966263771
YNL161W,YKL117W,0,-5.4961715,0.29563719034194946,0.5149999856948853,0.12269999831914902
YML085C,YDL120W,0,-5.497131,0.2954675853252411,0.5149999856948853,0.12280000001192093
YJR069C,YCL067C,0,-5.4976873,0.29529815912246704,0.5149999856948853,0.12290000170469284
YGR056W,YCR004C,0,-5.4978886,0.2951289415359497,0.5149999856948853,0.12300000339746475
YMR146C,YDR353W,0,-5.4979258,0.2949599027633667,0.5149999856948853,0.12309999763965607
YJL137C,YNL304W,0,-5.4986825,0.2947910726070404,0.5149999856948853,0.12319999933242798
YER094C,YKL188C,0,-5.499364,0.29462242126464844,0.5149999856948853,0.12330000102519989
YOR381W,YNL293W,0,-5.5002003,0.2944539785385132,0.5149999856948853,0.1234000027179718
YJL204C,YCR009C,1,-5.5012903,0.2948571443557739,0.515999972820282,0.1234000027179718
YDL132W,YER122C,0,-5.5014014,0.29468876123428345,0.515999972820282,0.12349999696016312
YLR056W,YOR008C,1,-5.5017505,0.29509133100509644,0.5170000195503235,0.12349999696016312
YHR007C,YLR069C,0,-5.5018587,0.29492297768592834,0.5170000195503235,0.12359999865293503
YIR037W,YCR027C,0,-5.50258,0.29475483298301697,0.5170000195503235,0.12370000034570694
YHL048W,YDR147W,0,-5.5025845,0.2945868968963623,0.5170000195503235,0.12380000203847885
YDL064W,YGR094W,0,-5.50302,0.29441913962364197,0.5170000195503235,0.12389999628067017
YBL063W,YDL072C,0,-5.5037804,0.29425156116485596,0.5170000195503235,0.12399999797344208
YDR069C,YBR214W,1,-5.503861,0.2946530282497406,0.5180000066757202,0.12399999797344208
YBR101C,YOR209C,0,-5.5047483,0.29448550939559937,0.5180000066757202,0.12409999966621399
YMR281W,YJR090C,0,-5.5052795,0.29431816935539246,0.5180000066757202,0.1242000013589859
YMR012W,YPL231W,0,-5.50528,0.29415103793144226,0.5180000066757202,0.12430000305175781
YPL268W,YDR084C,0,-5.505632,0.2939841151237488,0.5180000066757202,0.12439999729394913
YGL124C,YDR170C,0,-5.5056453,0.2938173711299896,0.5180000066757202,0.12449999898672104
YLR459W,YGR084C,0,-5.506071,0.2936508059501648,0.5180000066757202,0.12460000067949295
YBR036C,YHR058C,0,-5.5075135,0.2934844195842743,0.5180000066757202,0.12470000237226486
YNL023C,YNL268W,0,-5.5079293,0.2933182418346405,0.5180000066757202,0.12479999661445618
YOR109W,YPL145C,1,-5.5083866,0.293718159198761,0.5189999938011169,0.12479999661445618
YOL038W,YLR430W,0,-5.509315,0.293552041053772,0.5189999938011169,0.12489999830722809
YBR123C,YCR061W,0,-5.509465,0.2933861017227173,0.5189999938011169,0.125
YNR007C,YFL037W,0,-5.510517,0.2932203412055969,0.5189999938011169,0.1251000016927719
YOR241W,YKL064W,0,-5.5106473,0.2930547595024109,0.5189999938011169,0.12520000338554382
YMR109W,YAL030W,1,-5.510729,0.29345372319221497,0.5199999809265137,0.12520000338554382
YER143W,YMR225C,0,-5.510874,0.2932882010936737,0.5199999809265137,0.12530000507831573
YAL030W,YAR042W,1,-5.5111756,0.2936865985393524,0.5210000276565552,0.12530000507831573
YGL073W,YBL105C,0,-5.5122657,0.29352113604545593,0.5210000276565552,0.12540000677108765
YNL315C,YIL047C,0,-5.5124416,0.2933558523654938,0.5210000276565552,0.12549999356269836
YDR175C,YFL004W,0,-5.5126796,0.29319077730178833,0.5210000276565552,0.12559999525547028
YBL040C,YBR198C,0,-5.5127172,0.2930258810520172,0.5210000276565552,0.1256999969482422
YDR281C,YCR004C,0,-5.5129485,0.2928611636161804,0.5210000276565552,0.1257999986410141
YBR110W,YBR296C,0,-5.513022,0.29269662499427795,0.5210000276565552,0.125900000333786
YCR075C,YGL245W,0,-5.513339,0.2925322949886322,0.5210000276565552,0.12600000202655792
YPR106W,YBR049C,0,-5.513636,0.2923681139945984,0.5210000276565552,0.12610000371932983
YMR231W,YDL106C,0,-5.514897,0.2922041416168213,0.5210000276565552,0.12620000541210175
YKL157W,YDR229W,0,-5.514935,0.2920403480529785,0.5210000276565552,0.12630000710487366
YBR234C,YJR118C,0,-5.515963,0.29187676310539246,0.5210000276565552,0.12639999389648438
YJR064W,YPR156C,0,-5.5172215,0.29171332716941833,0.5210000276565552,0.1264999955892563
YLR396C,YPL074W,0,-5.5174747,0.29155007004737854,0.5210000276565552,0.1265999972820282
YOR141C,YDL202W,0,-5.518291,0.29138702154159546,0.5210000276565552,0.1266999989748001
YDR335W,YLR417W,0,-5.5191917,0.2912241518497467,0.5210000276565552,0.12680000066757202
YDR069C,YKR003W,1,-5.51966,0.2916201055049896,0.5220000147819519,0.12680000066757202
YKR003W,YGR086C,1,-5.5196776,0.2920156419277191,0.5230000019073486,0.12680000066757202
YDL146W,YNL293W,0,-5.5202436,0.2918526828289032,0.5230000019073486,0.12690000236034393
YOL059W,YPR008W,0,-5.5215592,0.2916899025440216,0.5230000019073486,0.12700000405311584
YOR005C,YGL163C,0,-5.5215635,0.29152730107307434,0.5230000019073486,0.12710000574588776
YNR016C,YHR111W,0,-5.5216584,0.2913649082183838,0.5230000019073486,0.12720000743865967
YLR206W,YOR089C,1,-5.5232487,0.2917594611644745,0.5239999890327454,0.12720000743865967
YBR205W,YKL045W,0,-5.5235677,0.2915970981121063,0.5239999890327454,0.12729999423027039
YGR256W,YLR450W,0,-5.5239663,0.2914349138736725,0.5239999890327454,0.1273999959230423
YBR098W,YGL213C,0,-5.5243826,0.29127293825149536,0.5239999890327454,0.1274999976158142
YER141W,YGL209W,0,-5.524465,0.2911111116409302,0.5239999890327454,0.12759999930858612
YPR179C,YDR359C,0,-5.526121,0.2909494638442993,0.5239999890327454,0.12770000100135803
YNL297C,YLR337C,1,-5.5263014,0.29134294390678406,0.5249999761581421,0.12770000100135803
YKL096W,YIL013C,0,-5.526913,0.291181355714798,0.5249999761581421,0.12780000269412994
YDL161W,YLR337C,1,-5.5273457,0.29157426953315735,0.5260000228881836,0.12780000269412994
YCR094W,YOR327C,1,-5.5277247,0.2919667661190033,0.5270000100135803,0.12780000269412994
YDR127W,YJL100W,0,-5.5281696,0.29180508852005005,0.5270000100135803,0.12790000438690186
YLR246W,YFR051C,0,-5.5284257,0.2916436195373535,0.5270000100135803,0.12800000607967377
YBL102W,YDL092W,0,-5.5287075,0.2914822995662689,0.5270000100135803,0.12809999287128448
YPL110C,YMR293C,0,-5.528749,0.29132115840911865,0.5270000100135803,0.1281999945640564
YGR163W,YLR148W,0,-5.5288653,0.2911602258682251,0.5270000100135803,0.1282999962568283
YER107C,YJL210W,0,-5.5289087,0.2909994423389435,0.5270000100135803,0.12839999794960022
YHR109W,YDR268W,0,-5.529935,0.2908388376235962,0.5270000100135803,0.12849999964237213
YGR129W,YOR273C,0,-5.530288,0.2906784415245056,0.5270000100135803,0.12860000133514404
YNL047C,YLL048C,0,-5.5305667,0.290518194437027,0.5270000100135803,0.12870000302791595
YLR093C,YDL106C,0,-5.53068,0.29035812616348267,0.5270000100135803,0.12880000472068787
YDR142C,YOR307C,0,-5.5309815,0.2901982367038727,0.5270000100135803,0.12890000641345978
YAR042W,YGR241C,1,-5.5312057,0.2905888855457306,0.527999997138977,0.12890000641345978
YNL106C,YGR086C,1,-5.5313406,0.2909790873527527,0.5289999842643738,0.12890000641345978
YDL137W,YOL055C,0,-5.5320973,0.2908191382884979,0.5289999842643738,0.1289999932050705
YDR284C,YBR208C,0,-5.5323606,0.2906593382358551,0.5289999842643738,0.1290999948978424
YDR294C,YOR216C,0,-5.532364,0.2904997169971466,0.5289999842643738,0.12919999659061432
YDR147W,YJL091C,0,-5.53275,0.29034027457237244,0.5289999842643738,0.12929999828338623
YJL174W,YJR102C,0,-5.5338626,0.2901810109615326,0.5289999842643738,0.12939999997615814
YGL115W,YML097C,0,-5.5339575,0.2900219261646271,0.5289999842643738,0.12950000166893005
YOR176W,YNL082W,0,-5.534097,0.2898630201816559,0.5289999842643738,0.12960000336170197
YMR240C,YLR266C,0,-5.5343847,0.28970426321029663,0.5289999842643738,0.12970000505447388
YDR510W,YNL253W,0,-5.5346985,0.2895457148551941,0.5289999842643738,0.1298000067472458
YOR101W,YKR088C,0,-5.534913,0.2893873155117035,0.5289999842643738,0.1298999935388565
YGL139W,YMR039C,0,-5.5350595,0.2892290949821472,0.5289999842643738,0.12999999523162842
YEL027W,YDL161W,1,-5.5351667,0.28961747884750366,0.5299999713897705,0.12999999523162842
YPR051W,YFL038C,0,-5.5352135,0.28945931792259216,0.5299999713897705,0.13009999692440033
YAL031C,YLR026C,0,-5.535294,0.2893013060092926,0.5299999713897705,0.13019999861717224
YJR143C,YLR262C,0,-5.5354047,0.28914347290992737,0.5299999713897705,0.13030000030994415
YLR216C,YJR156C,0,-5.535915,0.28898581862449646,0.5299999713897705,0.13040000200271606
YOL012C,YDL232W,0,-5.535964,0.2888283431529999,0.5299999713897705,0.13050000369548798
YOR324C,YDR457W,0,-5.5367603,0.28867101669311523,0.5299999713897705,0.1306000053882599
YDR309C,YFR051C,0,-5.5368443,0.2885138690471649,0.5299999713897705,0.1307000070810318
YDL137W,YCL054W,0,-5.5376234,0.2883569002151489,0.5299999713897705,0.13079999387264252
YER068W,YDL043C,0,-5.5379868,0.28820011019706726,0.5299999713897705,0.13089999556541443
YGL043W,YDR394W,0,-5.538065,0.28804346919059753,0.5299999713897705,0.13099999725818634
YML130C,YGR156W,0,-5.5384164,0.28788700699806213,0.5299999713897705,0.13109999895095825
YDR429C,YKR088C,0,-5.538837,0.28773072361946106,0.5299999713897705,0.13120000064373016
YDR261C,YKL073W,0,-5.5390787,0.2875746190547943,0.5299999713897705,0.13130000233650208
YEL017C-A,YLR378C,0,-5.5394816,0.2874186635017395,0.5299999713897705,0.131400004029274
YDR273W,YMR163C,0,-5.5395107,0.287262886762619,0.5299999713897705,0.1315000057220459
YMR120C,YAR002C-A,0,-5.539927,0.2871072590351105,0.5299999713897705,0.1316000074148178
YDR175C,YPR173C,0,-5.540094,0.28695181012153625,0.5299999713897705,0.13169999420642853
YGL032C,YGL216W,0,-5.540357,0.28679654002189636,0.5299999713897705,0.13179999589920044
YNL297C,YLR371W,1,-5.540933,0.2871822714805603,0.531000018119812,0.13179999589920044
YEL053C,YOR270C,0,-5.541353,0.2870270311832428,0.531000018119812,0.13189999759197235
YIL065C,YOL108C,0,-5.5419054,0.2868719696998596,0.531000018119812,0.13199999928474426
YOL145C,YOL026C,0,-5.5424714,0.2867170572280884,0.531000018119812,0.13210000097751617
YNL063W,YML007W,0,-5.543115,0.28656232357025146,0.531000018119812,0.13220000267028809
YAL031C,YCR091W,0,-5.5432487,0.2864077687263489,0.531000018119812,0.13230000436306
YNL101W,YPR088C,0,-5.5437,0.2862533628940582,0.531000018119812,0.1324000060558319
YLR371W,YDR059C,1,-5.5439243,0.28663793206214905,0.5320000052452087,0.1324000060558319
YNL106C,YAL030W,1,-5.5441265,0.28702208399772644,0.5329999923706055,0.1324000060558319
YGR044C,YKL175W,0,-5.5443916,0.28686758875846863,0.5329999923706055,0.13249999284744263
YPR169W,YDR078C,0,-5.5455847,0.28671327233314514,0.5329999923706055,0.13259999454021454
YPL262W,YBR057C,0,-5.5458436,0.286559134721756,0.5329999923706055,0.13269999623298645
YJR040W,YNR034W,0,-5.545888,0.28640514612197876,0.5329999923706055,0.13279999792575836
YLR127C,YDR240C,0,-5.5471344,0.28625133633613586,0.5329999923706055,0.13289999961853027
YPL213W,YMR188C,0,-5.5474963,0.2860977053642273,0.5329999923706055,0.13300000131130219
YDR069C,YHR135C,1,-5.5476174,0.28648069500923157,0.5339999794960022,0.13300000131130219
YLR206W,YNL032W,1,-5.5477247,0.2868632674217224,0.5350000262260437,0.13300000131130219
YMR219W,YDR229W,0,-5.547793,0.2867095470428467,0.5350000262260437,0.1331000030040741
YML101C,YOR194C,0,-5.5486712,0.2865559756755829,0.5350000262260437,0.133200004696846
YBL082C,YHL048W,0,-5.5488744,0.2864025831222534,0.5350000262260437,0.13330000638961792
YMR201C,YPL180W,0,-5.5490823,0.2862493395805359,0.5350000262260437,0.13339999318122864
YDR036C,YCR053W,1,-5.549659,0.2866310179233551,0.5360000133514404,0.13339999318122864
YGR263C,YLR417W,0,-5.5501914,0.28647783398628235,0.5360000133514404,0.13349999487400055
YMR296C,YMR274C,0,-5.5501943,0.28632479906082153,0.5360000133514404,0.13359999656677246
YNL315C,YJL091C,0,-5.5505195,0.28617191314697266,0.5360000133514404,0.13369999825954437
YAL021C,YNL079C,0,-5.551002,0.2860192060470581,0.5360000133514404,0.13379999995231628
YNL331C,YGL190C,0,-5.551953,0.2858666777610779,0.5360000133514404,0.1339000016450882
YBL032W,YBL056W,0,-5.5524583,0.2857142984867096,0.5360000133514404,0.1340000033378601
YNL006W,YKL058W,0,-5.552524,0.28556206822395325,0.5360000133514404,0.13410000503063202
YPL047W,YKL079W,0,-5.5525703,0.2854100167751312,0.5360000133514404,0.13420000672340393
YDR339C,YLR058C,0,-5.5525985,0.28525811433792114,0.5360000133514404,0.13429999351501465
YER025W,YJR068W,0,-5.5530047,0.2851063907146454,0.5360000133514404,0.13439999520778656
YKL013C,YCR061W,0,-5.553208,0.28495481610298157,0.5360000133514404,0.13449999690055847
YOL136C,YMR263W,0,-5.5535316,0.2848033905029297,0.5360000133514404,0.13459999859333038
YHR183W,YEL017C-A,0,-5.5537667,0.28465214371681213,0.5360000133514404,0.1347000002861023
YPL145C,YNL297C,1,-5.5538516,0.28503185510635376,0.5370000004768372,0.1347000002861023
YLR017W,YOR332W,0,-5.554647,0.2848806381225586,0.5370000004768372,0.1348000019788742
YNL147W,YGL115W,0,-5.555184,0.28472959995269775,0.5370000004768372,0.13490000367164612
YBR236C,YOL130W,0,-5.5554414,0.28457871079444885,0.5370000004768372,0.13500000536441803
YPR141C,YKL019W,0,-5.5561395,0.2844279706478119,0.5370000004768372,0.13510000705718994
YPL013C,YEL031W,0,-5.556658,0.28427740931510925,0.5370000004768372,0.13519999384880066
YDL188C,YOL146W,0,-5.557352,0.28412699699401855,0.5370000004768372,0.13529999554157257
YNL118C,YGL222C,0,-5.557429,0.2839767336845398,0.5370000004768372,0.13539999723434448
YGR154C,YEL062W,0,-5.557962,0.28382664918899536,0.5370000004768372,0.1354999989271164
YCR009C,YKL203C,1,-5.5580573,0.28420495986938477,0.5379999876022339,0.1354999989271164
YGR163W,YMR188C,0,-5.558198,0.2840549051761627,0.5379999876022339,0.1356000006198883
YLR023C,YDR484W,0,-5.558506,0.2839049994945526,0.5379999876022339,0.13570000231266022
YDR069C,YAR042W,1,-5.5585246,0.28428271412849426,0.5389999747276306,0.13570000231266022
YNL185C,YGL252C,0,-5.5588117,0.28413283824920654,0.5389999747276306,0.13580000400543213
YPL153C,YHR017W,0,-5.5593467,0.28398314118385315,0.5389999747276306,0.13590000569820404
YMR092C,YGL194C,0,-5.5594754,0.2838335931301117,0.5389999747276306,0.13600000739097595
YLR078C,YGR112W,0,-5.5596943,0.28368422389030457,0.5389999747276306,0.13609999418258667
YDR069C,YPL145C,1,-5.559796,0.2840610146522522,0.5400000214576721,0.13609999418258667
YGL105W,YDR238C,0,-5.5604525,0.28391167521476746,0.5400000214576721,0.13619999587535858
YBR298C,YAR035W,0,-5.560888,0.28376248478889465,0.5400000214576721,0.1362999975681305
YKR013W,YCR028C-A,0,-5.5612783,0.2836134433746338,0.5400000214576721,0.1363999992609024
YOR298C-A,YGL093W,0,-5.561324,0.28346458077430725,0.5400000214576721,0.13650000095367432
YPL255W,YML105C,0,-5.561777,0.28331583738327026,0.5400000214576721,0.13660000264644623
YNL325C,YLR090W,0,-5.5623617,0.2831672728061676,0.5400000214576721,0.13670000433921814
YKR006C,YGL055W,0,-5.563375,0.2830188572406769,0.5400000214576721,0.13680000603199005
YKR006C,YHR004C,0,-5.563454,0.2828706204891205,0.5400000214576721,0.13689999282360077
YMR205C,YPR125W,0,-5.563803,0.28272250294685364,0.5400000214576721,0.13699999451637268
YOR002W,YHR001W-A,0,-5.564109,0.2825745642185211,0.5400000214576721,0.1370999962091446
YNL275W,YDL065C,0,-5.5644255,0.28242677450180054,0.5400000214576721,0.1371999979019165
YIL027C,YIL147C,0,-5.564763,0.2822791337966919,0.5400000214576721,0.13729999959468842
YPR019W,YMR236W,0,-5.564918,0.2821316719055176,0.5400000214576721,0.13740000128746033
YDR389W,YJL154C,0,-5.5651207,0.2819843292236328,0.5400000214576721,0.13750000298023224
YNL048W,YCR069W,0,-5.5653367,0.2818371653556824,0.5400000214576721,0.13760000467300415
YLR246W,YDR337W,0,-5.5653567,0.28169015049934387,0.5400000214576721,0.13770000636577606
YHR102W,YOR156C,0,-5.5654955,0.2815432846546173,0.5400000214576721,0.13779999315738678
YDR440W,YPL218W,0,-5.5655775,0.2813965678215027,0.5400000214576721,0.1378999948501587
YNR017W,YPR024W,0,-5.5660615,0.28125,0.5400000214576721,0.1379999965429306
YOL051W,YIR015W,0,-5.5667996,0.28110358119010925,0.5400000214576721,0.13809999823570251
YOL026C,YER095W,0,-5.5671487,0.28095734119415283,0.5400000214576721,0.13819999992847443
YPR131C,YNL064C,0,-5.567743,0.28081122040748596,0.5400000214576721,0.13830000162124634
YAL026C,YOR089C,1,-5.567833,0.2811850309371948,0.5410000085830688,0.13830000162124634
YIL107C,YOL055C,0,-5.568335,0.28103896975517273,0.5410000085830688,0.13840000331401825
YIR028W,YDL046W,0,-5.5686126,0.2808930277824402,0.5410000085830688,0.13850000500679016
YKL141W,YBR258C,0,-5.569034,0.28074726462364197,0.5410000085830688,0.13860000669956207
YOR145C,YNL330C,0,-5.5691934,0.2806016504764557,0.5410000085830688,0.1386999934911728
YBL090W,YPL020C,0,-5.5695,0.28045618534088135,0.5410000085830688,0.1387999951839447
YMR238W,YNL280C,0,-5.569544,0.28031086921691895,0.5410000085830688,0.1388999968767166
YLR098C,YPR017C,0,-5.5696564,0.28016573190689087,0.5410000085830688,0.13899999856948853
YPL005W,YHR104W,0,-5.5704694,0.28002071380615234,0.5410000085830688,0.13910000026226044
YHR165C,YLR453C,0,-5.570473,0.27987584471702576,0.5410000085830688,0.13920000195503235
YNL020C,YDL161W,1,-5.57173,0.2802481949329376,0.5419999957084656,0.13920000195503235
YPL084W,YDL058W,0,-5.572553,0.2801033556461334,0.5419999957084656,0.13930000364780426
YJL062W,YNL253W,0,-5.573071,0.27995866537094116,0.5419999957084656,0.13940000534057617
YNL306W,YJL198W,0,-5.5734534,0.2798141539096832,0.5419999957084656,0.13950000703334808
YLR113W,YLR059C,0,-5.5738196,0.27966976165771484,0.5419999957084656,0.1395999938249588
YNR041C,YER154W,0,-5.5740337,0.2795255184173584,0.5419999957084656,0.1396999955177307
YPL224C,YGL058W,0,-5.5742836,0.2793814539909363,0.5419999957084656,0.13979999721050262
YNL016W,YML015C,0,-5.5744853,0.2792375087738037,0.5419999957084656,0.13989999890327454
YLL022C,YDR181C,0,-5.574585,0.2790937125682831,0.5419999957084656,0.14000000059604645
YDR164C,YOR175C,0,-5.5747437,0.2789500653743744,0.5419999957084656,0.14010000228881836
YDL164C,YBR253W,0,-5.5759196,0.2788065969944,0.5419999957084656,0.14020000398159027
YBL038W,YIL126W,0,-5.5760517,0.2786632478237152,0.5419999957084656,0.14030000567436218
YNL284C,YGR209C,0,-5.576089,0.27852004766464233,0.5419999957084656,0.1404000073671341
YMR270C,YKR008W,0,-5.5761414,0.2783769965171814,0.5419999957084656,0.1404999941587448
YJL019W,YHR056C,0,-5.576853,0.2782340943813324,0.5419999957084656,0.14059999585151672
YMR237W,YAR003W,0,-5.5770264,0.27809134125709534,0.5419999957084656,0.14069999754428864
YOR065W,YNL025C,0,-5.5770674,0.2779487073421478,0.5419999957084656,0.14079999923706055
YBL046W,YOR149C,0,-5.57707,0.27780625224113464,0.5419999957084656,0.14090000092983246
YOR067C,YJR005W,0,-5.5771933,0.2776639461517334,0.5419999957084656,0.14100000262260437
YER093C,YKL119C,0,-5.5779896,0.2775217592716217,0.5419999957084656,0.14110000431537628
YER146W,YIL014W,0,-5.5784183,0.27737972140312195,0.5419999957084656,0.1412000060081482
YEL060C,YDR195W,0,-5.579203,0.2772378623485565,0.5419999957084656,0.1412999927997589
YGR183C,YKL018W,0,-5.5793166,0.27709612250328064,0.5419999957084656,0.14139999449253082
YPL235W,YOR175C,0,-5.579366,0.2769545316696167,0.5419999957084656,0.14149999618530273
YKL020C,YJR019C,0,-5.5802884,0.2768130600452423,0.5419999957084656,0.14159999787807465
YAL053W,YPL206C,0,-5.5803313,0.27667176723480225,0.5419999957084656,0.14169999957084656
YMR188C,YNL206C,0,-5.580367,0.2765306234359741,0.5419999957084656,0.14180000126361847
YLR246W,YPR065W,0,-5.5805173,0.27638959884643555,0.5419999957084656,0.14190000295639038
YDL069C,YMR203W,0,-5.580658,0.2762487232685089,0.5419999957084656,0.1420000046491623
YML092C,YBR067C,0,-5.5812116,0.2761079967021942,0.5419999957084656,0.1421000063419342
YPL254W,YMR061W,0,-5.581802,0.27596741914749146,0.5419999957084656,0.14219999313354492
YGR258C,YMR273C,0,-5.5818863,0.27582696080207825,0.5419999957084656,0.14229999482631683
YJR108W,YDR288W,0,-5.5823526,0.27568668127059937,0.5419999957084656,0.14239999651908875
YDR130C,YOL147C,0,-5.582564,0.27554652094841003,0.5419999957084656,0.14249999821186066
YOL133W,YDR167W,0,-5.5826716,0.27540650963783264,0.5419999957084656,0.14259999990463257
YKR022C,YNL332W,0,-5.5826783,0.2752666473388672,0.5419999957084656,0.14270000159740448
YGL178W,YPR042C,0,-5.5829873,0.2751269042491913,0.5419999957084656,0.1428000032901764
YHR114W,YJL204C,1,-5.5836535,0.27549466490745544,0.5429999828338623,0.1428000032901764
YBR082C,YOL154W,0,-5.585093,0.2753549814224243,0.5429999828338623,0.1429000049829483
YMR068W,YBR295W,0,-5.5852666,0.27521541714668274,0.5429999828338623,0.14300000667572021
YNL020C,YIL002C,1,-5.585277,0.27558258175849915,0.5440000295639038,0.14300000667572021
YGL043W,YGL233W,0,-5.586432,0.27544304728507996,0.5440000295639038,0.14309999346733093
YJL212C,YIL126W,0,-5.586461,0.2753036320209503,0.5440000295639038,0.14319999516010284
YBR217W,YDR378C,0,-5.5865927,0.275164395570755,0.5440000295639038,0.14329999685287476
YBR142W,YDR381W,0,-5.5866175,0.27502527832984924,0.5440000295639038,0.14339999854564667
YDR016C,YDL085W,0,-5.5870566,0.2748863101005554,0.5440000295639038,0.14350000023841858
YLR319C,YLL013C,0,-5.587431,0.27474746108055115,0.5440000295639038,0.1436000019311905
YDR517W,YCR046C,0,-5.587707,0.2746087908744812,0.5440000295639038,0.1437000036239624
YDL195W,YKL080W,0,-5.588164,0.2744702398777008,0.5440000295639038,0.14380000531673431
YOL071W,YOR129C,0,-5.588503,0.27433180809020996,0.5440000295639038,0.14390000700950623
YDL029W,YLR300W,0,-5.588778,0.27419355511665344,0.5440000295639038,0.14399999380111694
YER061C,YLL006W,0,-5.588931,0.2740554213523865,0.5440000295639038,0.14409999549388885
YLR078C,YNR008W,0,-5.5889335,0.27391743659973145,0.5440000295639038,0.14419999718666077
YPL177C,YBL011W,0,-5.5891438,0.27377957105636597,0.5440000295639038,0.14429999887943268
YDR273W,YDR268W,0,-5.589145,0.2736418545246124,0.5440000295639038,0.1444000005722046
YHR082C,YML072C,0,-5.589186,0.2735042870044708,0.5440000295639038,0.1445000022649765
YCR028C,YNL032W,1,-5.5894127,0.2738693356513977,0.5450000166893005,0.1445000022649765
YOR109W,YOR327C,1,-5.590286,0.2742340564727783,0.5460000038146973,0.1445000022649765
YDL232W,YLR277C,0,-5.590461,0.27409639954566956,0.5460000038146973,0.1446000039577484
YMR220W,YPL007C,0,-5.5904727,0.27395886182785034,0.5460000038146973,0.14470000565052032
YKR029C,YBL102W,0,-5.590656,0.27382147312164307,0.5460000038146973,0.14480000734329224
YCR028C,YBR214W,1,-5.590701,0.274185448884964,0.546999990940094,0.14480000734329224
YIL002C,YAR042W,1,-5.590816,0.27454909682273865,0.5479999780654907,0.14480000734329224
YBR302C,YKR100C,0,-5.591376,0.2744116187095642,0.5479999780654907,0.14489999413490295
YGL130W,YLR277C,0,-5.591592,0.2742742598056793,0.5479999780654907,0.14499999582767487
YNR002C,YBR280C,0,-5.5931706,0.27413707971572876,0.5479999780654907,0.14509999752044678
YNL005C,YOR212W,0,-5.5933113,0.27399998903274536,0.5479999780654907,0.1451999992132187
YBR205W,YIL007C,0,-5.594564,0.2738630771636963,0.5479999780654907,0.1453000009059906
YLL051C,YHR186C,0,-5.594667,0.27372628450393677,0.5479999780654907,0.1454000025987625
YLR113W,YHR012W,0,-5.5950546,0.2735896110534668,0.5479999780654907,0.14550000429153442
YOR158W,YPR056W,0,-5.5953746,0.27345308661460876,0.5479999780654907,0.14560000598430634
YIL124W,YPL206C,0,-5.595449,0.27331671118736267,0.5479999780654907,0.14569999277591705
YBL015W,YPL063W,0,-5.595715,0.27318045496940613,0.5479999780654907,0.14579999446868896
YNR055C,YDR238C,0,-5.59639,0.2730443477630615,0.5479999780654907,0.14589999616146088
YCR094W,YOR043W,1,-5.5966134,0.27340638637542725,0.5490000247955322,0.14589999616146088
YOR204W,YGR116W,0,-5.596763,0.27327027916908264,0.5490000247955322,0.1459999978542328
YKL085W,YJR143C,0,-5.5971303,0.27313432097435,0.5490000247955322,0.1460999995470047
YGR135W,YOR323C,0,-5.5973797,0.27299851179122925,0.5490000247955322,0.1462000012397766
YLR399C,YML025C,0,-5.597869,0.27286282181739807,0.5490000247955322,0.14630000293254852
YJR083C,YDR075W,0,-5.599865,0.27272728085517883,0.5490000247955322,0.14640000462532043
YGL251C,YKL103C,0,-5.600065,0.27259185910224915,0.5490000247955322,0.14650000631809235
YLR395C,YPL091W,0,-5.6003494,0.2724565863609314,0.5490000247955322,0.14659999310970306
YPL149W,YBR263W,0,-5.600647,0.2723214328289032,0.5490000247955322,0.14669999480247498
YNR008W,YCR083W,0,-5.602862,0.27218642830848694,0.5490000247955322,0.1467999964952469
YHR114W,YEL027W,1,-5.6038446,0.27254706621170044,0.550000011920929,0.1467999964952469
YOL096C,YJL156C,0,-5.604047,0.27241209149360657,0.550000011920929,0.1468999981880188
YCR094W,YBR214W,1,-5.6043296,0.27277228236198425,0.5509999990463257,0.1468999981880188
YLR069C,YPR131C,0,-5.60524,0.2726373076438904,0.5509999990463257,0.1469999998807907
YBR263W,YDR334W,0,-5.605724,0.27250248193740845,0.5509999990463257,0.14710000157356262
YJR032W,YDR259C,0,-5.606153,0.27236777544021606,0.5509999990463257,0.14720000326633453
YLR201C,YOR279C,0,-5.6070476,0.27223318815231323,0.5509999990463257,0.14730000495910645
YML009C,YOR194C,0,-5.6072063,0.2720987796783447,0.5509999990463257,0.14740000665187836
YPR183W,YER049W,0,-5.6077347,0.2719644606113434,0.5509999990463257,0.14749999344348907
YER183C,YBR080C,0,-5.607885,0.271830290555954,0.5509999990463257,0.147599995136261
YDL161W,YHR016C,1,-5.6084294,0.27218934893608093,0.5519999861717224,0.147599995136261
YCR048W,YIL061C,0,-5.608667,0.2720552086830139,0.5519999861717224,0.1476999968290329
YGL044C,YDR084C,0,-5.609016,0.27192118763923645,0.5519999861717224,0.1477999985218048
YDR309C,YLR095C,0,-5.609297,0.27178728580474854,0.5519999861717224,0.14790000021457672
YKR037C,YJR046W,0,-5.609701,0.27165353298187256,0.5519999861717224,0.14800000190734863
YKL117W,YGR274C,0,-5.610317,0.2715199291706085,0.5519999861717224,0.14810000360012054
YOR039W,YKR061W,0,-5.61083,0.27138644456863403,0.5519999861717224,0.14820000529289246
YER068W,YBR263W,0,-5.6109495,0.2712530791759491,0.5519999861717224,0.14830000698566437
YCR028C,YCR053W,1,-5.611225,0.2716110050678253,0.5529999732971191,0.14830000698566437
YBL007C,YLR337C,1,-5.611579,0.2719685733318329,0.5540000200271606,0.14830000698566437
YBR218C,YIL118W,0,-5.6117387,0.2718351185321808,0.5540000200271606,0.14839999377727509
YGR189C,YNL253W,0,-5.612058,0.2717018127441406,0.5540000200271606,0.148499995470047
YLL018C-A,YKL085W,0,-5.6125855,0.27156862616539,0.5540000200271606,0.1485999971628189
YCR048W,YDL004W,0,-5.6126733,0.27143555879592896,0.5540000200271606,0.14869999885559082
YDR246W,YKL095W,0,-5.612805,0.27130264043807983,0.5540000200271606,0.14880000054836273
YKL119C,YLR130C,0,-5.6138725,0.27116984128952026,0.5540000200271606,0.14890000224113464
YOR103C,YBR050C,0,-5.614062,0.27103719115257263,0.5540000200271606,0.14900000393390656
YGL156W,YHR109W,0,-5.6147227,0.27090466022491455,0.5540000200271606,0.14910000562667847
YPL116W,YMR188C,0,-5.6147494,0.270772248506546,0.5540000200271606,0.14920000731945038
YDR069C,YJL204C,1,-5.615504,0.27112847566604614,0.5550000071525574,0.14920000731945038
YMR224C,YOR362C,0,-5.615669,0.27099609375,0.5550000071525574,0.1492999941110611
YKL176C,YML058W,0,-5.6158586,0.2708638310432434,0.5550000071525574,0.149399995803833
YMR060C,YNL007C,0,-5.616015,0.27073171734809875,0.5550000071525574,0.14949999749660492
YNL233W,YPL135W,0,-5.6161666,0.27059969305992126,0.5550000071525574,0.14959999918937683
YFR048W,YPL237W,0,-5.61625,0.2704678475856781,0.5550000071525574,0.14970000088214874
YKL208W,YNL118C,0,-5.6162567,0.2703360915184021,0.5550000071525574,0.14980000257492065
YER147C,YGR281W,0,-5.616749,0.27020448446273804,0.5550000071525574,0.14990000426769257
YMR238W,YGR023W,0,-5.6168103,0.2700729966163635,0.5550000071525574,0.15000000596046448
YDL193W,YBR196C,0,-5.6168675,0.26994162797927856,0.5550000071525574,0.1500999927520752
YML032C,YLR043C,0,-5.6171036,0.26981040835380554,0.5550000071525574,0.1501999944448471
YBR290W,YIR015W,0,-5.6177287,0.26967930793762207,0.5550000071525574,0.15029999613761902
YPL016W,YMR243C,0,-5.617873,0.26954832673072815,0.5550000071525574,0.15039999783039093
YJL085W,YOR174W,0,-5.6180387,0.2694174647331238,0.5550000071525574,0.15049999952316284
YHR183W,YJR140C,0,-5.618172,0.26928675174713135,0.5550000071525574,0.15060000121593475
YOR158W,YDR074W,0,-5.6184483,0.26915615797042847,0.5550000071525574,0.15070000290870667
YML110C,YIL013C,0,-5.618667,0.26902568340301514,0.5550000071525574,0.15080000460147858
YDR261C,YLR244C,0,-5.6188617,0.26889535784721375,0.5550000071525574,0.1509000062942505
YML051W,YOR193W,0,-5.6192675,0.2687651216983795,0.5550000071525574,0.1509999930858612
YIR028W,YGL251C,0,-5.6193776,0.2686350345611572,0.5550000071525574,0.15109999477863312
YLR270W,YML031W,0,-5.619501,0.2685050666332245,0.5550000071525574,0.15119999647140503
YPL215W,YMR266W,0,-5.6195455,0.2683752477169037,0.5550000071525574,0.15129999816417694
YOR008C,YOR043W,1,-5.620028,0.2687288522720337,0.5559999942779541,0.15129999816417694
YCR028C,YIL002C,1,-5.6200414,0.26908212900161743,0.5569999814033508,0.15129999816417694
YGL106W,YMR266W,0,-5.6203675,0.2689521908760071,0.5569999814033508,0.15139999985694885
YLR208W,YNL047C,0,-5.6208873,0.26882240176200867,0.5569999814033508,0.15150000154972076
YGL133W,YDL106C,0,-5.62137,0.2686927020549774,0.5569999814033508,0.15160000324249268
YDL207W,YNR049C,0,-5.621831,0.2685631513595581,0.5569999814033508,0.1517000049352646
YML127W,YGR116W,0,-5.623138,0.26843374967575073,0.5569999814033508,0.1518000066280365
YOL133W,YMR035W,0,-5.623562,0.2683044373989105,0.5569999814033508,0.15189999341964722
YMR268C,YIL144W,0,-5.623821,0.26817524433135986,0.5569999814033508,0.15199999511241913
YNL281W,YGL186C,0,-5.624708,0.26804620027542114,0.5569999814033508,0.15209999680519104
YPL145C,YCL034W,1,-5.6250434,0.268398255109787,0.5580000281333923,0.15209999680519104
YGR175C,YLR333C,0,-5.6255383,0.26826924085617065,0.5580000281333923,0.15219999849796295
YMR301C,YGR024C,0,-5.626241,0.2681403160095215,0.5580000281333923,0.15230000019073486
YER035W,YDL138W,0,-5.6263037,0.26801154017448425,0.5580000281333923,0.15240000188350677
YPR008W,YMR061W,0,-5.627038,0.2678828537464142,0.5580000281333923,0.1525000035762787
YNL323W,YDR470C,0,-5.6278424,0.26775431632995605,0.5580000281333923,0.1526000052690506
YGL054C,YBR260C,0,-5.627911,0.2676258981227875,0.5580000281333923,0.1527000069618225
YNL020C,YOR329C,1,-5.6285596,0.2679769992828369,0.5590000152587891,0.1527000069618225
YGR244C,YPL129W,0,-5.6288433,0.26784858107566833,0.5590000152587891,0.15279999375343323
YOR112W,YNL310C,0,-5.628857,0.2677203118801117,0.5590000152587891,0.15289999544620514
YGR212W,YAL016W,0,-5.6289773,0.2675921618938446,0.5590000152587891,0.15299999713897705
YGR029W,YPR160W,0,-5.630273,0.2674641013145447,0.5590000152587891,0.15309999883174896
YOL066C,YKL117W,0,-5.630656,0.2673361897468567,0.5590000152587891,0.15320000052452087
YLR265C,YHL025W,0,-5.6307917,0.26720842719078064,0.5590000152587891,0.15330000221729279
YKR003W,YAR042W,1,-5.6307974,0.2675585150718689,0.5600000023841858,0.15330000221729279
YDR295C,YPL246C,0,-5.6308656,0.26743075251579285,0.5600000023841858,0.1534000039100647
YOR278W,YNL054W,0,-5.631003,0.26730310916900635,0.5600000023841858,0.1535000056028366
YOR023C,YMR096W,0,-5.631149,0.2671755850315094,0.5600000023841858,0.15360000729560852
YHR051W,YDR238C,0,-5.63138,0.2670481503009796,0.5600000023841858,0.15369999408721924
YGL194C,YBL017C,0,-5.6319823,0.26692086458206177,0.5600000023841858,0.15379999577999115
YDR036C,YBR214W,1,-5.63209,0.26727011799812317,0.5609999895095825,0.15379999577999115
YOR212W,YJL052W,0,-5.632414,0.2671428620815277,0.5609999895095825,0.15389999747276306
YHR109W,YGR206W,0,-5.632595,0.2670156955718994,0.5609999895095825,0.15399999916553497
YFL021W,YGL181W,0,-5.632712,0.26688867807388306,0.5609999895095825,0.15410000085830688
YKL179C,YKL067W,0,-5.63332,0.26676177978515625,0.5609999895095825,0.1542000025510788
YMR154C,YML072C,0,-5.6337132,0.2666349709033966,0.5609999895095825,0.1543000042438507
YLL027W,YDR077W,0,-5.6342263,0.2665083110332489,0.5609999895095825,0.15440000593662262
YPL145C,YGR086C,1,-5.634327,0.2668566107749939,0.5619999766349792,0.15440000593662262
YNL336W,YOL043C,0,-5.63553,0.2667299509048462,0.5619999766349792,0.15449999272823334
YFR036W,YLR096W,0,-5.63556,0.26660341024398804,0.5619999766349792,0.15459999442100525
YOR074C,YNL133C,0,-5.6369414,0.26647698879241943,0.5619999766349792,0.15469999611377716
YDR288W,YPR139C,0,-5.6373625,0.26635071635246277,0.5619999766349792,0.15479999780654907
YKL085W,YPL239W,0,-5.637605,0.26622453331947327,0.5619999766349792,0.15489999949932098
YOL009C,YDR349C,0,-5.638312,0.2660984992980957,0.5619999766349792,0.1550000011920929
YBR272C,YNL311C,0,-5.6386933,0.2659725546836853,0.5619999766349792,0.1551000028848648
YDR533C,YJR066W,0,-5.638987,0.26584672927856445,0.5619999766349792,0.15520000457763672
YOR043W,YKR014C,1,-5.6394544,0.26619386672973633,0.5630000233650208,0.15520000457763672
YIL009C-A,YDL095W,0,-5.6395326,0.2660680413246155,0.5630000233650208,0.15530000627040863
YLR206W,YLR371W,1,-5.6397977,0.26641473174095154,0.5640000104904175,0.15530000627040863
YML032C,YAL047C,0,-5.639956,0.26628896594047546,0.5640000104904175,0.15539999306201935
YDR150W,YPL176C,0,-5.640842,0.26616328954696655,0.5640000104904175,0.15549999475479126
YPR179C,YML021C,0,-5.641708,0.2660377323627472,0.5640000104904175,0.15559999644756317
YBR302C,YDR283C,0,-5.641826,0.2659122943878174,0.5640000104904175,0.15569999814033508
YNL106C,YNL093W,1,-5.642356,0.26625823974609375,0.5649999976158142,0.15569999814033508
YLR056W,YAR042W,1,-5.643228,0.26660385727882385,0.5659999847412109,0.15569999814033508
YNL106C,YOR109W,1,-5.643382,0.2669491469860077,0.5669999718666077,0.15569999814033508
YLR453C,YJL087C,0,-5.6446223,0.26682353019714355,0.5669999718666077,0.155799999833107
YJL192C,YML028W,0,-5.644733,0.26669803261756897,0.5669999718666077,0.1559000015258789
YPL228W,YDR074W,0,-5.6449723,0.26657262444496155,0.5669999718666077,0.15600000321865082
YML099C,YOR321W,0,-5.6456223,0.26644736528396606,0.5669999718666077,0.15610000491142273
YJL030W,YER031C,0,-5.646358,0.26632222533226013,0.5669999718666077,0.15620000660419464
YNL161W,YOL108C,0,-5.6467905,0.26619717478752136,0.5669999718666077,0.15629999339580536
YPL173W,YPL112C,0,-5.6469884,0.26607227325439453,0.5669999718666077,0.15639999508857727
YMR119W,YEL024W,0,-5.647264,0.26594746112823486,0.5669999718666077,0.15649999678134918
YFR019W,YBR231C,0,-5.6473203,0.26582279801368713,0.5669999718666077,0.1565999984741211
YOL012C,YNR034W,0,-5.6474833,0.26569822430610657,0.5669999718666077,0.156700000166893
YPR101W,YJR133W,0,-5.647581,0.26557376980781555,0.5669999718666077,0.15680000185966492
YGR163W,YDR347W,0,-5.647633,0.2654494345188141,0.5669999718666077,0.15690000355243683
YIL007C,YHR001W-A,0,-5.647769,0.2653252184391022,0.5669999718666077,0.15700000524520874
YJL165C,YPL063W,0,-5.647992,0.2652011215686798,0.5669999718666077,0.15710000693798065
YNL001W,YBL056W,0,-5.648013,0.265077143907547,0.5669999718666077,0.15719999372959137
YGR246C,YGR133W,0,-5.6483603,0.26495328545570374,0.5669999718666077,0.15729999542236328
YMR275C,YBR170C,0,-5.6489077,0.26482951641082764,0.5669999718666077,0.1573999971151352
YGR154C,YPL015C,0,-5.6489806,0.2647058963775635,0.5669999718666077,0.1574999988079071
YOR347C,YOR307C,0,-5.649154,0.2645823657512665,0.5669999718666077,0.15760000050067902
YOR033C,YOR259C,0,-5.649923,0.26445895433425903,0.5669999718666077,0.15770000219345093
YNL020C,YNL297C,1,-5.6508546,0.26480185985565186,0.5680000185966492,0.15770000219345093
YNL091W,YDR200C,0,-5.6515064,0.2646784782409668,0.5680000185966492,0.15780000388622284
YBR145W,YOR069W,0,-5.651867,0.2645551860332489,0.5680000185966492,0.15790000557899475
YAL054C,YLR370C,0,-5.65268,0.26443204283714294,0.5680000185966492,0.15800000727176666
YNL020C,YDR129C,1,-5.652861,0.2647743225097656,0.5690000057220459,0.15800000727176666
YJL204C,YDR388W,1,-5.6529117,0.26511627435684204,0.5699999928474426,0.15800000727176666
YGR086C,YOR043W,1,-5.6530485,0.2654579281806946,0.5709999799728394,0.15800000727176666
YOR265W,YDR011W,0,-5.653417,0.2653345763683319,0.5709999799728394,0.15809999406337738
YGL005C,YNL293W,0,-5.653998,0.2652113437652588,0.5709999799728394,0.1581999957561493
YDR363W-A,YAL002W,0,-5.6541295,0.26508820056915283,0.5709999799728394,0.1582999974489212
YDL149W,YIL153W,0,-5.6544843,0.2649652063846588,0.5709999799728394,0.15839999914169312
YKR039W,YML072C,0,-5.65449,0.26484230160713196,0.5709999799728394,0.15850000083446503
YNL130C,YOR035C,0,-5.654559,0.26471951603889465,0.5709999799728394,0.15860000252723694
YFL021W,YNL293W,0,-5.6546507,0.2645968496799469,0.5709999799728394,0.15870000422000885
YOR159C,YGL022W,0,-5.65526,0.2644743025302887,0.5709999799728394,0.15880000591278076
YGL116W,YMR203W,0,-5.6554856,0.26435184478759766,0.5709999799728394,0.15889999270439148
YEL050C,YEL031W,0,-5.655806,0.26422953605651855,0.5709999799728394,0.1589999943971634
YAL053W,YNL026W,0,-5.6559825,0.2641073167324066,0.5709999799728394,0.1590999960899353
YBR170C,YER103W,0,-5.6562257,0.26398521661758423,0.5709999799728394,0.15919999778270721
YFR008W,YDR055W,0,-5.6567373,0.263863205909729,0.5709999799728394,0.15929999947547913
YGR227W,YPR100W,0,-5.657134,0.2637413442134857,0.5709999799728394,0.15940000116825104
YMR287C,YIL041W,0,-5.657153,0.2636195719242096,0.5709999799728394,0.15950000286102295
YAR003W,YBR123C,0,-5.6574244,0.263497918844223,0.5709999799728394,0.15960000455379486
YGR003W,YOR265W,0,-5.657698,0.263376384973526,0.5709999799728394,0.15970000624656677
YNL219C,YNL336W,0,-5.657705,0.26325497031211853,0.5709999799728394,0.1597999930381775
YDR477W,YML025C,0,-5.6577754,0.2631336450576782,0.5709999799728394,0.1598999947309494
YNL139C,YKL140W,0,-5.657897,0.26301243901252747,0.5709999799728394,0.1599999964237213
YDR409W,YFL004W,0,-5.6581836,0.26289135217666626,0.5709999799728394,0.16009999811649323
YGR037C,YHR206W,0,-5.6583667,0.2627703547477722,0.5709999799728394,0.16019999980926514
YDL126C,YKL173W,0,-5.6584134,0.2626495063304901,0.5709999799728394,0.16030000150203705
YMR267W,YBR103W,0,-5.6586866,0.26252874732017517,0.5709999799728394,0.16040000319480896
YIL154C,YBR295W,0,-5.65871,0.2624080777168274,0.5709999799728394,0.16050000488758087
YOL147C,YDL106C,0,-5.658763,0.26228755712509155,0.5709999799728394,0.16060000658035278
YPR019W,YIR002C,0,-5.6594033,0.2621671259403229,0.5709999799728394,0.1606999933719635
YGR086C,YLR371W,1,-5.6596074,0.26250573992729187,0.5720000267028809,0.1606999933719635
YDR255C,YBR077C,0,-5.6597056,0.2623853087425232,0.5720000267028809,0.1607999950647354
YPL055C,YBR280C,0,-5.659732,0.26226502656936646,0.5720000267028809,0.16089999675750732
YOR249C,YFR003C,0,-5.659865,0.2621448338031769,0.5720000267028809,0.16099999845027924
YDR483W,YPR056W,0,-5.6598797,0.26202473044395447,0.5720000267028809,0.16110000014305115
YOL071W,YPL210C,0,-5.6601434,0.261904776096344,0.5720000267028809,0.16120000183582306
YMR170C,YDR423C,0,-5.6604857,0.2617849111557007,0.5720000267028809,0.16130000352859497
YGR101W,YER023W,0,-5.660732,0.26166513562202454,0.5720000267028809,0.16140000522136688
YEL022W,YER068W,0,-5.6611156,0.2615455090999603,0.5720000267028809,0.1615000069141388
YMR237W,YPL231W,0,-5.6618295,0.2614259719848633,0.5720000267028809,0.1615999937057495
YMR005W,YER041W,0,-5.6632667,0.2613065242767334,0.5720000267028809,0.16169999539852142
YDR268W,YPL120W,0,-5.6632876,0.26118722558021545,0.5720000267028809,0.16179999709129333
YDR296W,YER162C,0,-5.6641917,0.2610680162906647,0.5720000267028809,0.16189999878406525
YDR337W,YOR217W,0,-5.6644235,0.26094889640808105,0.5720000267028809,0.16200000047683716
YOR178C,YFR003C,0,-5.6646867,0.2608299255371094,0.5720000267028809,0.16210000216960907
YHR039C,YMR061W,0,-5.664897,0.26071104407310486,0.5720000267028809,0.16220000386238098
YMR109W,YHR073W,1,-5.665085,0.2610478401184082,0.5730000138282776,0.16220000386238098
YBR078W,YFR034C,0,-5.665501,0.2609289586544037,0.5730000138282776,0.1623000055551529
YDR217C,YMR284W,0,-5.6657214,0.2608101963996887,0.5730000138282776,0.1624000072479248
YDR069C,YNL093W,1,-5.665726,0.2611464858055115,0.5740000009536743,0.1624000072479248
YLR206W,YGR086C,1,-5.66591,0.26148247718811035,0.574999988079071,0.1624000072479248
YLR127C,YPL022W,0,-5.6662126,0.2613636255264282,0.574999988079071,0.16249999403953552
YPR188C,YMR008C,0,-5.666226,0.26124489307403564,0.574999988079071,0.16259999573230743
YDR376W,YPL268W,0,-5.6663055,0.26112625002861023,0.574999988079071,0.16269999742507935
YJL005W,YDL120W,0,-5.66752,0.26100772619247437,0.574999988079071,0.16279999911785126
YEL060C,YLR006C,0,-5.667805,0.26088929176330566,0.574999988079071,0.16290000081062317
YBL019W,YKR028W,0,-5.667815,0.2607709765434265,0.574999988079071,0.16300000250339508
YLR085C,YHR006W,0,-5.66836,0.2606527507305145,0.574999988079071,0.163100004196167
YKR027W,YOL071W,0,-5.6685233,0.2605346739292145,0.574999988079071,0.1632000058889389
YNL020C,YKR003W,1,-5.668964,0.260869562625885,0.5759999752044678,0.1632000058889389
YKL194C,YNL330C,0,-5.6690483,0.26075148582458496,0.5759999752044678,0.16329999268054962
YER117W,YIL138C,0,-5.6690526,0.2606334984302521,0.5759999752044678,0.16339999437332153
YDL065C,YOR172W,0,-5.6694293,0.26051560044288635,0.5759999752044678,0.16349999606609344
YKR080W,YMR071C,0,-5.6695786,0.2603978216648102,0.5759999752044678,0.16359999775886536
YKL015W,YER093C,0,-5.669742,0.26028016209602356,0.5759999752044678,0.16369999945163727
YPL057C,YBR058C-A,0,-5.67011,0.2601625919342041,0.5759999752044678,0.16380000114440918
YDL197C,YNL221C,0,-5.670478,0.2600451409816742,0.5759999752044678,0.1639000028371811
YDR054C,YDL120W,0,-5.670691,0.25992780923843384,0.5759999752044678,0.164000004529953
YBL026W,YCR044C,0,-5.6708674,0.25981056690216064,0.5759999752044678,0.16410000622272491
YBR272C,YKL043W,0,-5.671228,0.2596934139728546,0.5759999752044678,0.16419999301433563
YIL002C,YOR327C,1,-5.6722713,0.26002705097198486,0.5770000219345093,0.16419999301433563
YOR008C,YLR337C,1,-5.6725087,0.26036036014556885,0.578000009059906,0.16419999301433563
YOR326W,YHR038W,0,-5.6729736,0.26024314761161804,0.578000009059906,0.16429999470710754
YER026C,YIL129C,0,-5.6731324,0.2601260244846344,0.578000009059906,0.16439999639987946
YOL145C,YDR432W,0,-5.6732817,0.2600089907646179,0.578000009059906,0.16449999809265137
YBR110W,YKL038W,0,-5.673527,0.259892076253891,0.578000009059906,0.16459999978542328
YDL192W,YBR057C,0,-5.67369,0.2597752809524536,0.578000009059906,0.1647000014781952
YFL021W,YPR169W,0,-5.673858,0.2596585750579834,0.578000009059906,0.1648000031709671
YDR408C,YGL208W,0,-5.6742425,0.25954198837280273,0.578000009059906,0.164900004863739
YIR004W,YOR137C,0,-5.6746716,0.25942549109458923,0.578000009059906,0.16500000655651093
YMR313C,YDR353W,0,-5.6756854,0.2593091130256653,0.578000009059906,0.16509999334812164
YGR062C,YJL072C,0,-5.6759624,0.2591928243637085,0.578000009059906,0.16519999504089355
YER120W,YDL225W,0,-5.676043,0.25907665491104126,0.578000009059906,0.16529999673366547
YML132W,YGL044C,0,-5.6763854,0.2589605748653412,0.578000009059906,0.16539999842643738
YIL002C,YNL106C,1,-5.6767755,0.2592924237251282,0.5789999961853027,0.16539999842643738
YNL030W,YDR064W,0,-5.676839,0.2591763734817505,0.5789999961853027,0.1655000001192093
YKL192C,YGL043W,0,-5.677248,0.25906041264533997,0.5789999961853027,0.1656000018119812
YGL234W,YDR238C,0,-5.677411,0.2589445412158966,0.5789999961853027,0.1657000035047531
YJR050W,YNL264C,0,-5.6798663,0.2588287889957428,0.5789999961853027,0.16580000519752502
YGR140W,YKL194C,0,-5.679938,0.25871312618255615,0.5789999961853027,0.16590000689029694
YER055C,YOR367W,0,-5.6799736,0.25859758257865906,0.5789999961853027,0.16599999368190765
YIL112W,YBR205W,0,-5.680066,0.2584821283817291,0.5789999961853027,0.16609999537467957
YGR282C,YAL053W,0,-5.6801977,0.25836679339408875,0.5789999961853027,0.16619999706745148
YEL064C,YOR267C,0,-5.6803064,0.2582515478134155,0.5789999961853027,0.1662999987602234
YGR060W,YGL011C,0,-5.6805177,0.25813642144203186,0.5789999961853027,0.1664000004529953
YPR057W,YDR362C,0,-5.681067,0.25802138447761536,0.5789999961853027,0.1665000021457672
YHR194W,YMR188C,0,-5.6812625,0.2579064667224884,0.5789999961853027,0.16660000383853912
YMR005W,YDR074W,0,-5.6815324,0.2577916383743286,0.5789999961853027,0.16670000553131104
YGL126W,YNR026C,0,-5.681976,0.257676899433136,0.5789999961853027,0.16680000722408295
YBR009C,YOL112W,0,-5.6819787,0.2575622797012329,0.5789999961853027,0.16689999401569366
YCR053W,YOR089C,1,-5.6828094,0.2578924000263214,0.5799999833106995,0.16689999401569366
YPR020W,YIR011C,0,-5.6828194,0.25777778029441833,0.5799999833106995,0.16699999570846558
YNL005C,YPL203W,0,-5.6829443,0.2576632499694824,0.5799999833106995,0.1670999974012375
YDR430C,YLR246W,0,-5.684698,0.25754883885383606,0.5799999833106995,0.1671999990940094
YMR012W,YGL223C,0,-5.6847105,0.25743451714515686,0.5799999833106995,0.1673000007867813
YNL106C,YHR016C,1,-5.6861253,0.25776398181915283,0.5809999704360962,0.1673000007867813
YDR228C,YDL195W,0,-5.6865563,0.25764966011047363,0.5809999704360962,0.16740000247955322
YNR020C,YCR030C,0,-5.687235,0.257535457611084,0.5809999704360962,0.16750000417232513
YDR386W,YFL036W,0,-5.6873226,0.2574213445186615,0.5809999704360962,0.16760000586509705
YNL020C,YAL030W,1,-5.687369,0.2577502131462097,0.5820000171661377,0.16760000586509705
YKR027W,YLR119W,0,-5.68749,0.2576361298561096,0.5820000171661377,0.16769999265670776
YDL113C,YDR288W,0,-5.687566,0.2575221359729767,0.5820000171661377,0.16779999434947968
YGL093W,YIL137C,0,-5.6890373,0.2574082314968109,0.5820000171661377,0.1678999960422516
YGL139W,YDR409W,0,-5.689753,0.2572944164276123,0.5820000171661377,0.1679999977350235
YNL159C,YPL177C,0,-5.6902423,0.25718072056770325,0.5820000171661377,0.1680999994277954
YDL193W,YGR161C,0,-5.690562,0.25706714391708374,0.5820000171661377,0.16820000112056732
YCL040W,YGR276C,0,-5.6906095,0.2569536566734314,0.5820000171661377,0.16830000281333923
YPR023C,YMR273C,0,-5.6908197,0.2568402588367462,0.5820000171661377,0.16840000450611115
YBR029C,YDR354W,0,-5.690966,0.2567269504070282,0.5820000171661377,0.16850000619888306
YBR279W,YDR453C,0,-5.6909995,0.25661376118659973,0.5820000171661377,0.16859999299049377
YGR032W,YBL105C,0,-5.6910233,0.2565006613731384,0.5820000171661377,0.16869999468326569
YCL055W,YPL196W,0,-5.691087,0.2563876509666443,0.5820000171661377,0.1687999963760376
YPL215W,YPL134C,0,-5.691129,0.2562747597694397,0.5820000171661377,0.1688999980688095
YCR094W,YDR069C,1,-5.6915483,0.25660210847854614,0.5830000042915344,0.1688999980688095
YBR200W,YER162C,0,-5.6919227,0.25648921728134155,0.5830000042915344,0.16899999976158142
YLR037C,YPL218W,0,-5.6919866,0.2563764154911041,0.5830000042915344,0.16910000145435333
YMR025W,YDR372C,0,-5.6920114,0.25626373291015625,0.5830000042915344,0.16920000314712524
YOR374W,YBR167C,0,-5.692033,0.25615113973617554,0.5830000042915344,0.16930000483989716
YLR270W,YEL031W,0,-5.6924567,0.256038635969162,0.5830000042915344,0.16940000653266907
YNR055C,YNL015W,0,-5.6925364,0.255926251411438,0.5830000042915344,0.16949999332427979
YLR309C,YDL090C,0,-5.6930556,0.25581395626068115,0.5830000042915344,0.1695999950170517
YGR167W,YNL093W,1,-5.693501,0.2561403512954712,0.5839999914169312,0.1695999950170517
YEL065W,YML100W,0,-5.693625,0.25602805614471436,0.5839999914169312,0.1696999967098236
YKL007W,YPL105C,0,-5.6938243,0.2559158504009247,0.5839999914169312,0.16979999840259552
YER173W,YEL012W,0,-5.694139,0.25580376386642456,0.5839999914169312,0.16990000009536743
YOR320C,YOL146W,0,-5.6942983,0.2556917667388916,0.5839999914169312,0.17000000178813934
YNL032W,YAR042W,1,-5.69438,0.2560175061225891,0.5849999785423279,0.17000000178813934
YER147C,YPL138C,0,-5.6944027,0.25590550899505615,0.5849999785423279,0.17010000348091125
YGL071W,YOR035C,0,-5.6944656,0.25579360127449036,0.5849999785423279,0.17020000517368317
YLR115W,YGR133W,0,-5.6957097,0.2556818127632141,0.5849999785423279,0.17030000686645508
YNL291C,YNL310C,0,-5.6957417,0.25557011365890503,0.5849999785423279,0.1703999936580658
YLR335W,YOR212W,0,-5.6958,0.2554585039615631,0.5849999785423279,0.1704999953508377
YDR301W,YHL048W,0,-5.696308,0.25534701347351074,0.5849999785423279,0.17059999704360962
YBR236C,YIL090W,0,-5.6967454,0.25523561239242554,0.5849999785423279,0.17069999873638153
YLR142W,YBR229C,0,-5.696835,0.2551243007183075,0.5849999785423279,0.17080000042915344
YIR004W,YLR141W,0,-5.698407,0.2550130784511566,0.5849999785423279,0.17090000212192535
YDL146W,YIL006W,0,-5.6990995,0.2549019753932953,0.5849999785423279,0.17100000381469727
YKL016C,YMR256C,0,-5.699179,0.25479093194007874,0.5849999785423279,0.17110000550746918
YLR096W,YAR002W,0,-5.6991935,0.25468000769615173,0.5849999785423279,0.1712000072002411
YBR101C,YPL074W,0,-5.6992126,0.2545692026615143,0.5849999785423279,0.1712999939918518
YIL167W,YGL210W,0,-5.6992717,0.2544584572315216,0.5849999785423279,0.17139999568462372
YBR161W,YHR204W,0,-5.6997323,0.2543478310108185,0.5849999785423279,0.17149999737739563
YNL029C,YGR024C,0,-5.699906,0.2542372941970825,0.5849999785423279,0.17159999907016754
YNL101W,YGR218W,0,-5.7003417,0.2541268467903137,0.5849999785423279,0.17170000076293945
YOL063C,YDR478W,0,-5.7012405,0.2540164887905121,0.5849999785423279,0.17180000245571136
YOR329C,YPL032C,1,-5.701978,0.2543402910232544,0.5860000252723694,0.17180000245571136
YHR028C,YGL086W,0,-5.701998,0.25422993302345276,0.5860000252723694,0.17190000414848328
YGL222C,YER004W,0,-5.7024646,0.2541196942329407,0.5860000252723694,0.1720000058412552
YHR004C,YJR099W,0,-5.7025433,0.25400954484939575,0.5860000252723694,0.1720999926328659
YIL005W,YGR229C,0,-5.702695,0.253899484872818,0.5860000252723694,0.17219999432563782
YPL060W,YOR270C,0,-5.703537,0.2537895143032074,0.5860000252723694,0.17229999601840973
YDL243C,YMR271C,0,-5.7037864,0.25367966294288635,0.5860000252723694,0.17239999771118164
YLR113W,YNR006W,0,-5.704272,0.2535698711872101,0.5860000252723694,0.17249999940395355
YCR094W,YHR073W,1,-5.7043195,0.253892719745636,0.5870000123977661,0.17249999940395355
YKL181W,YGL225W,0,-5.704414,0.2537829577922821,0.5870000123977661,0.17260000109672546
YDR364C,YGL181W,0,-5.70454,0.2536732852458954,0.5870000123977661,0.17270000278949738
YCR083W,YFR049W,0,-5.7050586,0.25356370210647583,0.5870000123977661,0.1728000044822693
YNL239W,YDL140C,0,-5.7051682,0.2534542381763458,0.5870000123977661,0.1729000061750412
YLR203C,YBR044C,0,-5.7059712,0.2533448338508606,0.5870000123977661,0.17299999296665192
YPR100W,YKL038W,0,-5.70692,0.2532355487346649,0.5870000123977661,0.17309999465942383
YBR059C,YEL027W,1,-5.707293,0.25355756282806396,0.5879999995231628,0.17309999465942383
YLR080W,YNL091W,0,-5.7074423,0.2534482777118683,0.5879999995231628,0.17319999635219574
YCR004C,YMR243C,0,-5.7076025,0.25333908200263977,0.5879999995231628,0.17329999804496765
YAL026C,YNL106C,1,-5.707622,0.253660649061203,0.5889999866485596,0.17329999804496765
YPL005W,YDL197C,0,-5.7083564,0.2535514533519745,0.5889999866485596,0.17339999973773956
YCR069W,YOR295W,0,-5.708412,0.25344234704971313,0.5889999866485596,0.17350000143051147
YGR254W,YER008C,0,-5.708427,0.25333333015441895,0.5889999866485596,0.1736000031232834
YLR259C,YJR021C,0,-5.708614,0.2532244324684143,0.5889999866485596,0.1737000048160553
YHR073W,YAR042W,1,-5.708755,0.253545343875885,0.5899999737739563,0.1737000048160553
YDR166C,YGR229C,0,-5.7088037,0.253436416387558,0.5899999737739563,0.1738000065088272
YOR136W,YDR119W,0,-5.7095904,0.2533276081085205,0.5899999737739563,0.17389999330043793
YAL021C,YMR293C,0,-5.7097335,0.2532188892364502,0.5899999737739563,0.17399999499320984
YHR073W,YOR008C,1,-5.710211,0.2535392642021179,0.5910000205039978,0.17399999499320984
YLR353W,YLL004W,0,-5.711225,0.2534305453300476,0.5910000205039978,0.17409999668598175
YBR026C,YDR135C,0,-5.711593,0.25332191586494446,0.5910000205039978,0.17419999837875366
YER055C,YGL184C,0,-5.7117205,0.25321337580680847,0.5910000205039978,0.17430000007152557
YDR258C,YNL307C,0,-5.7119765,0.25310492515563965,0.5910000205039978,0.17440000176429749
YNL166C,YMR263W,0,-5.712379,0.252996563911438,0.5910000205039978,0.1745000034570694
YDL099W,YPL193W,0,-5.7127457,0.2528883218765259,0.5910000205039978,0.1746000051498413
YJR090C,YGL173C,0,-5.7131853,0.25278013944625854,0.5910000205039978,0.17470000684261322
YOL071W,YOR244W,0,-5.713329,0.25267207622528076,0.5910000205039978,0.17479999363422394
YMR033W,YFL016C,0,-5.713342,0.25256410241127014,0.5910000205039978,0.17489999532699585
YNL133C,YNL309W,0,-5.713412,0.2524562180042267,0.5910000205039978,0.17499999701976776
YML112W,YPR182W,0,-5.713815,0.2523484230041504,0.5910000205039978,0.17509999871253967
YNR044W,YHR056C,0,-5.7142825,0.25224071741104126,0.5910000205039978,0.17520000040531158
YHR194W,YDR043C,0,-5.714541,0.2521331012248993,0.5910000205039978,0.1753000020980835
YJL020C,YIL093C,0,-5.714621,0.2520255744457245,0.5910000205039978,0.1754000037908554
YKL002W,YNL330C,0,-5.7146225,0.25191816687583923,0.5910000205039978,0.17550000548362732
YOR153W,YMR104C,0,-5.7146363,0.25181081891059875,0.5910000205039978,0.17560000717639923
YHL038C,YPR133C,0,-5.7149053,0.2517035901546478,0.5910000205039978,0.17569999396800995
YDR378C,YIL115C,0,-5.7151084,0.2515964210033417,0.5910000205039978,0.17579999566078186
YLR133W,YLL006W,0,-5.715346,0.2514893710613251,0.5910000205039978,0.17589999735355377
YER143W,YML061C,0,-5.7157116,0.25138238072395325,0.5910000205039978,0.17599999904632568
YDR069C,YNL032W,1,-5.7163315,0.25170066952705383,0.5920000076293945,0.17599999904632568
YNL230C,YKL058W,0,-5.716949,0.2515937089920044,0.5920000076293945,0.1761000007390976
YGR256W,YLR438C-A,0,-5.7169676,0.2514868378639221,0.5920000076293945,0.1762000024318695
YLR353W,YBR077C,0,-5.716985,0.251380056142807,0.5920000076293945,0.17630000412464142
YDL161W,YOR327C,1,-5.7174454,0.2516977787017822,0.5929999947547913,0.17630000412464142
YGR135W,YDL140C,0,-5.717564,0.2515909969806671,0.5929999947547913,0.17640000581741333
YMR235C,YKR037C,0,-5.7176833,0.25148430466651917,0.5929999947547913,0.17649999260902405
YGL130W,YBR196C,0,-5.7178802,0.2513777017593384,0.5929999947547913,0.17659999430179596
YLR020C,YDL235C,0,-5.7178936,0.25127118825912476,0.5929999947547913,0.17669999599456787
YFL009W,YER109C,0,-5.7183795,0.2511647641658783,0.5929999947547913,0.17679999768733978
YDL115C,YLR254C,0,-5.7189083,0.251058429479599,0.5929999947547913,0.1768999993801117
YIL153W,YGR197C,0,-5.71895,0.25095218420028687,0.5929999947547913,0.1770000010728836
YAL058W,YPL173W,0,-5.7189775,0.2508460283279419,0.5929999947547913,0.17710000276565552
YLR371W,YCR053W,1,-5.7197366,0.2511627972126007,0.593999981880188,0.17710000276565552
YDR309C,YOR090C,0,-5.720055,0.25105664134025574,0.593999981880188,0.17720000445842743
YDR529C,YJR066W,0,-5.720401,0.25095057487487793,0.593999981880188,0.17730000615119934
YPR199C,YLR069C,0,-5.720695,0.2508445978164673,0.593999981880188,0.17739999294281006
YNL008C,YCR042C,0,-5.7214775,0.2507387101650238,0.593999981880188,0.17749999463558197
YNL166C,YER083C,0,-5.7215056,0.2506329119205475,0.593999981880188,0.17759999632835388
YML099C,YJR050W,0,-5.7217865,0.25052720308303833,0.593999981880188,0.1776999980211258
YNL219C,YLR394W,0,-5.7217927,0.25042158365249634,0.593999981880188,0.1777999997138977
YGR105W,YJR099W,0,-5.721803,0.2503160536289215,0.593999981880188,0.17790000140666962
YNR027W,YCR075C,0,-5.7227836,0.25021061301231384,0.593999981880188,0.17800000309944153
YOR081C,YMR293C,0,-5.723675,0.25010526180267334,0.593999981880188,0.17810000479221344
YDR268W,YGR263C,0,-5.7240586,0.25,0.593999981880188,0.17820000648498535
YDR397C,YMR053C,0,-5.7245655,0.24989482760429382,0.593999981880188,0.17829999327659607
YML102W,YDR084C,0,-5.7247677,0.2497897446155548,0.593999981880188,0.17839999496936798
YJR118C,YLR362W,0,-5.725908,0.24968473613262177,0.593999981880188,0.1784999966621399
YBR078W,YNL139C,0,-5.72605,0.24957983195781708,0.593999981880188,0.1785999983549118
YKL007W,YER111C,0,-5.7262025,0.24947501718997955,0.593999981880188,0.17870000004768372
YOR085W,YFR031C,0,-5.7263203,0.249370276927948,0.593999981880188,0.17880000174045563
YOR384W,YLR439W,0,-5.7263546,0.2492656260728836,0.593999981880188,0.17890000343322754
YLR286C,YOR361C,0,-5.7266736,0.24916107952594757,0.593999981880188,0.17900000512599945
YDR295C,YDR086C,0,-5.727337,0.2490566074848175,0.593999981880188,0.17910000681877136
YDR127W,YDR457W,0,-5.7274327,0.2489522248506546,0.593999981880188,0.17919999361038208
YOR368W,YGR186W,0,-5.728001,0.24884793162345886,0.593999981880188,0.179299995303154
YER023W,YNL339C,0,-5.7287493,0.2487437129020691,0.593999981880188,0.1793999969959259
YMR161W,YGR082W,0,-5.7314467,0.24863959848880768,0.593999981880188,0.17949999868869781
YMR014W,YGR202C,0,-5.7319818,0.24853555858135223,0.593999981880188,0.17960000038146973
YNL020C,YGR086C,1,-5.732257,0.24884985387325287,0.5950000286102295,0.17960000038146973
YPL061W,YCR075C,0,-5.732966,0.24874581396579742,0.5950000286102295,0.17970000207424164
YGR036C,YDR533C,0,-5.7330713,0.24864187836647034,0.5950000286102295,0.17980000376701355
YFL050C,YIL136W,0,-5.733075,0.24853801727294922,0.5950000286102295,0.17990000545978546
YBR282W,YDR453C,0,-5.733662,0.24843423068523407,0.5950000286102295,0.18000000715255737
YOR080W,YJL121C,0,-5.7341375,0.24833054840564728,0.5950000286102295,0.1800999939441681
YDL161W,YBR214W,1,-5.7348256,0.2486441433429718,0.5960000157356262,0.1800999939441681
YIL124W,YDL084W,0,-5.7355766,0.24854044616222382,0.5960000157356262,0.18019999563694
YPL112C,YNL236W,0,-5.7356,0.2484368532896042,0.5960000157356262,0.18029999732971191
YPL137C,YOR185C,0,-5.7360034,0.24833333492279053,0.5960000157356262,0.18039999902248383
YMR237W,YPR037C,0,-5.736172,0.24822990596294403,0.5960000157356262,0.18050000071525574
YLL050C,YER018C,0,-5.7366595,0.2481265664100647,0.5960000157356262,0.18060000240802765
YIR033W,YGR105W,0,-5.7367463,0.24802330136299133,0.5960000157356262,0.18070000410079956
YLL022C,YLR382C,0,-5.7368402,0.24792012572288513,0.5960000157356262,0.18080000579357147
YNL084C,YPL032C,1,-5.737079,0.24823284149169922,0.597000002861023,0.18080000579357147
YDR318W,YKR037C,0,-5.7376885,0.2481296807527542,0.597000002861023,0.1808999925851822
YMR109W,YJL204C,1,-5.7379518,0.24844203889369965,0.5979999899864197,0.1808999925851822
YOL089C,YBR256C,0,-5.737965,0.24833886325359344,0.5979999899864197,0.1809999942779541
YDR284C,YPR159W,0,-5.7382627,0.2482357770204544,0.5979999899864197,0.181099995970726
YHR013C,YMR203W,0,-5.7387066,0.24813278019428253,0.5979999899864197,0.18119999766349792
YOR067C,YNL236W,0,-5.7393937,0.24802985787391663,0.5979999899864197,0.18129999935626984
YBR301W,YOL013C,0,-5.7393956,0.24792702496051788,0.5979999899864197,0.18140000104904175
YLR319C,YLR439W,0,-5.739571,0.2478242814540863,0.5979999899864197,0.18150000274181366
YFR031C,YOR027W,0,-5.739838,0.2477216273546219,0.5979999899864197,0.18160000443458557
YHR190W,YBR257W,0,-5.740827,0.24761904776096344,0.5979999899864197,0.18170000612735748
YMR110C,YOR161C,0,-5.7409215,0.24751655757427216,0.5979999899864197,0.1817999929189682
YNL316C,YLR187W,0,-5.741273,0.24741415679454803,0.5979999899864197,0.1818999946117401
YKL073W,YDR436W,0,-5.7413173,0.24731183052062988,0.5979999899864197,0.18199999630451202
YDL145C,YKL108W,0,-5.741319,0.2472095936536789,0.5979999899864197,0.18209999799728394
YCR039C,YHL001W,0,-5.7419353,0.24710743129253387,0.5979999899864197,0.18219999969005585
YGL174W,YDR174W,0,-5.742116,0.2470053732395172,0.5979999899864197,0.18230000138282776
YER017C,YKL055C,0,-5.7425447,0.24690338969230652,0.5979999899864197,0.18240000307559967
YOR303W,YBR291C,0,-5.742765,0.2468014806509018,0.5979999899864197,0.18250000476837158
YMR025W,YLR190W,0,-5.743036,0.24669967591762543,0.5979999899864197,0.1826000064611435
YMR255W,YPR169W,0,-5.743427,0.24659793078899384,0.5979999899864197,0.1826999932527542
YGR183C,YBR260C,0,-5.7441616,0.2464962899684906,0.5979999899864197,0.18279999494552612
YKL019W,YBR169C,0,-5.7442207,0.24639472365379333,0.5979999899864197,0.18289999663829803
YDR113C,YDL103C,0,-5.7446465,0.24629324674606323,0.5979999899864197,0.18299999833106995
YHR057C,YPL231W,0,-5.744967,0.2461918443441391,0.5979999899864197,0.18310000002384186
YJR108W,YDR289C,0,-5.7452703,0.24609053134918213,0.5979999899864197,0.18320000171661377
YPR029C,YJL076W,0,-5.7454104,0.24598930776119232,0.5979999899864197,0.18330000340938568
YLR227C,YOR383C,0,-5.7454543,0.24588815867900848,0.5979999899864197,0.1834000051021576
YEL019C,YDR313C,0,-5.7456565,0.2457870990037918,0.5979999899864197,0.1835000067949295
YBR026C,YGL040C,0,-5.745747,0.2456861138343811,0.5979999899864197,0.18359999358654022
YOR216C,YOL006C,0,-5.745996,0.24558521807193756,0.5979999899864197,0.18369999527931213
YPL268W,YOR353C,0,-5.7467065,0.2454843968153,0.5979999899864197,0.18379999697208405
YMR143W,YOR332W,0,-5.7471595,0.24538366496562958,0.5979999899864197,0.18389999866485596
YLR011W,YDR080W,0,-5.747518,0.24528302252292633,0.5979999899864197,0.18400000035762787
YBR145W,YGL200C,0,-5.747744,0.24518245458602905,0.5979999899864197,0.18410000205039978
YNL336W,YOR353C,0,-5.748059,0.24508196115493774,0.5979999899864197,0.1842000037431717
YDR379W,YLR024C,0,-5.7480664,0.2449815720319748,0.5979999899864197,0.1843000054359436
YER112W,YDR356W,0,-5.748343,0.24488124251365662,0.5979999899864197,0.18440000712871552
YOR264W,YMR236W,0,-5.748873,0.2447810024023056,0.5979999899864197,0.18449999392032623
YGL192W,YJL045W,0,-5.749617,0.24468085169792175,0.5979999899864197,0.18459999561309814
YPL051W,YDR363W-A,0,-5.7497067,0.24458077549934387,0.5979999899864197,0.18469999730587006
YFL057C,YIR039C,0,-5.751078,0.24448078870773315,0.5979999899864197,0.18479999899864197
YPL119C,YIL017C,0,-5.752355,0.2443808764219284,0.5979999899864197,0.18490000069141388
YLR201C,YOR175C,0,-5.7524343,0.24428103864192963,0.5979999899864197,0.1850000023841858
YBR068C,YLR394W,0,-5.7526875,0.2441813051700592,0.5979999899864197,0.1851000040769577
YFL056C,YDR260C,0,-5.752925,0.24408163130283356,0.5979999899864197,0.18520000576972961
YDR462W,YLR403W,0,-5.75294,0.24398204684257507,0.5979999899864197,0.18529999256134033
YNR043W,YDR246W,0,-5.753585,0.24388255178928375,0.5979999899864197,0.18539999425411224
YHL019C,YFR019W,0,-5.754464,0.2437831163406372,0.5979999899864197,0.18549999594688416
YIL040W,YNL118C,0,-5.754508,0.24368378520011902,0.5979999899864197,0.18559999763965607
YDL132W,YPL019C,0,-5.7553782,0.2435845285654068,0.5979999899864197,0.18569999933242798
YJR084W,YKL122C,0,-5.7554154,0.24348534643650055,0.5979999899864197,0.1858000010251999
YKR066C,YJR046W,0,-5.7557664,0.24338623881340027,0.5979999899864197,0.1859000027179718
YBR192W,YPR080W,0,-5.7557683,0.24328722059726715,0.5979999899864197,0.1860000044107437
YOR249C,YNL031C,0,-5.7561965,0.2431882917881012,0.5979999899864197,0.18610000610351562
YPR199C,YER095W,0,-5.75625,0.2430894374847412,0.5979999899864197,0.18619999289512634
YNL008C,YIR019C,0,-5.7562623,0.2429906576871872,0.5979999899864197,0.18629999458789825
YJL006C,YCL052C,0,-5.7566442,0.24289195239543915,0.5979999899864197,0.18639999628067017
YMR211W,YGL227W,0,-5.7570047,0.24279333651065826,0.5979999899864197,0.18649999797344208
YLR246W,YBR210W,0,-5.7571087,0.24269481003284454,0.5979999899864197,0.186599999666214
YDR069C,YOR089C,1,-5.7573643,0.2430020272731781,0.5989999771118164,0.186599999666214
YGL124C,YDL042C,0,-5.7584267,0.24290348589420319,0.5989999771118164,0.1867000013589859
YPL267W,YFR028C,0,-5.7585673,0.24280501902103424,0.5989999771118164,0.1868000030517578
YOR156C,YKR029C,0,-5.7591186,0.24270664155483246,0.5989999771118164,0.18690000474452972
YMR255W,YDR084C,0,-5.7602415,0.24260833859443665,0.5989999771118164,0.18700000643730164
YML076C,YDL010W,0,-5.76056,0.242510125041008,0.5989999771118164,0.18709999322891235
YLR129W,YPR035W,0,-5.7612643,0.24241198599338531,0.5989999771118164,0.18719999492168427
YBR208C,YIL154C,0,-5.7619586,0.2423139214515686,0.5989999771118164,0.18729999661445618
YNL136W,YPL057C,0,-5.7619834,0.24221593141555786,0.5989999771118164,0.1873999983072281
YBR109C,YEL027W,1,-5.7620187,0.2425222247838974,0.6000000238418579,0.1873999983072281
YDL015C,YML027W,0,-5.762323,0.24242424964904785,0.6000000238418579,0.1875
YDR045C,YPR043W,0,-5.7626996,0.24232633411884308,0.6000000238418579,0.1876000016927719
YPL137C,YJR055W,0,-5.763598,0.24222850799560547,0.6000000238418579,0.18770000338554382
YJL041W,YPL045W,0,-5.763721,0.24213075637817383,0.6000000238418579,0.18780000507831573
YPL036W,YNL098C,0,-5.7639384,0.24203307926654816,0.6000000238418579,0.18790000677108765
YKL113C,YGR080W,0,-5.7642593,0.24193547666072845,0.6000000238418579,0.18799999356269836
YML101C,YBL002W,0,-5.764353,0.24183796346187592,0.6000000238418579,0.18809999525547028
YKL048C,YDL072C,0,-5.764853,0.24174052476882935,0.6000000238418579,0.1881999969482422
YPR189W,YOR172W,0,-5.7650027,0.24164317548274994,0.6000000238418579,0.1882999986410141
YEL027W,YER125W,1,-5.765125,0.2419484704732895,0.6010000109672546,0.1882999986410141
YDR127W,YDR167W,0,-5.765658,0.2418511062860489,0.6010000109672546,0.188400000333786
YDR302W,YMR150C,0,-5.76604,0.24175381660461426,0.6010000109672546,0.18850000202655792
YGR200C,YMR225C,0,-5.7665653,0.2416566163301468,0.6010000109672546,0.18860000371932983
YNL106C,YGR241C,1,-5.76678,0.24196141958236694,0.6019999980926514,0.18860000371932983
YIL009W,YLR075W,0,-5.7669163,0.24186420440673828,0.6019999980926514,0.18870000541210175
YHL048W,YMR182C,0,-5.7670183,0.2417670637369156,0.6019999980926514,0.18880000710487366
YMR316W,YPR033C,0,-5.767073,0.24167001247406006,0.6019999980926514,0.18889999389648438
YOR033C,YOR117W,0,-5.7679186,0.2415730357170105,0.6019999980926514,0.1889999955892563
YOR327C,YDR059C,1,-5.7680197,0.2418772578239441,0.6029999852180481,0.1889999955892563
YPR020W,YFR019W,0,-5.7687974,0.24178026616573334,0.6029999852180481,0.1890999972820282
YPL145C,YBR214W,1,-5.769175,0.24208417534828186,0.6039999723434448,0.1890999972820282
YFR036W,YML062C,0,-5.769186,0.2419871836900711,0.6039999723434448,0.1891999989748001
YDR318W,YPL045W,0,-5.769234,0.24189026653766632,0.6039999723434448,0.18930000066757202
YPL145C,YPL032C,1,-5.769614,0.24219375848770142,0.6050000190734863,0.18930000066757202
YBL027W,YOR175C,0,-5.7697964,0.24209684133529663,0.6050000190734863,0.18940000236034393
YGR094W,YEL051W,0,-5.770365,0.24199999868869781,0.6050000190734863,0.18950000405311584
YPR149W,YPL134C,0,-5.7711926,0.24190324544906616,0.6050000190734863,0.18960000574588776
YIR038C,YJR046W,0,-5.771299,0.24180655181407928,0.6050000190734863,0.18970000743865967
YPR068C,YGR253C,0,-5.771441,0.24170994758605957,0.6050000190734863,0.18979999423027039
YPR131C,YPR065W,0,-5.771934,0.24161341786384583,0.6050000190734863,0.1898999959230423
YPR001W,YER004W,0,-5.7723775,0.24151696264743805,0.6050000190734863,0.1899999976158142
YGL090W,YDL106C,0,-5.772487,0.24142059683799744,0.6050000190734863,0.19009999930858612
YBR254C,YLR386W,0,-5.7724967,0.2413242906332016,0.6050000190734863,0.19020000100135803
YPR106W,YJR014W,0,-5.772512,0.24122807383537292,0.6050000190734863,0.19030000269412994
YOL043C,YOL006C,0,-5.7725368,0.24113193154335022,0.6050000190734863,0.19040000438690186
YGL141W,YBR130C,0,-5.774071,0.24103586375713348,0.6050000190734863,0.19050000607967377
YNL068C,YOR101W,0,-5.774163,0.24093987047672272,0.6050000190734863,0.19059999287128448
YNL055C,YLR200W,0,-5.774308,0.24084395170211792,0.6050000190734863,0.1906999945640564
YBR302C,YPL170W,0,-5.774767,0.2407481074333191,0.6050000190734863,0.1907999962568283
YNR050C,YNL283C,0,-5.775468,0.24065235257148743,0.6050000190734863,0.19089999794960022
YNL259C,YBL064C,0,-5.775513,0.24055665731430054,0.6050000190734863,0.19099999964237213
YLR233C,YBR081C,0,-5.776167,0.2404610514640808,0.6050000190734863,0.19110000133514404
YGR167W,YDR093W,1,-5.7762823,0.24076281487941742,0.6060000061988831,0.19110000133514404
YGR006W,YKL119C,0,-5.7763467,0.2406671941280365,0.6060000061988831,0.19120000302791595
YPR056W,YJR126C,0,-5.7776914,0.24057166278362274,0.6060000061988831,0.19130000472068787
YKL068W,YPR173C,0,-5.7777033,0.24047619104385376,0.6060000061988831,0.19140000641345978
YDL240W,YDR318W,0,-5.7777333,0.24038080871105194,0.6060000061988831,0.1914999932050705
YNL201C,YMR005W,0,-5.777821,0.2402854859828949,0.6060000061988831,0.1915999948978424
YDL195W,YML100W,0,-5.77785,0.24019025266170502,0.6060000061988831,0.19169999659061432
YOR326W,YBL020W,0,-5.778093,0.2400950938463211,0.6060000061988831,0.19179999828338623
YNL130C,YDR351W,0,-5.778376,0.23999999463558197,0.6060000061988831,0.19189999997615814
YML132W,YLL027W,0,-5.7788124,0.23990498483181,0.6060000061988831,0.19200000166893005
YOL042W,YPL019C,0,-5.7803464,0.239810049533844,0.6060000061988831,0.19210000336170197
YBR170C,YPL218W,0,-5.780438,0.23971518874168396,0.6060000061988831,0.19220000505447388
YLR195C,YGR074W,0,-5.7815986,0.2396204024553299,0.6060000061988831,0.1923000067472458
YCR028C,YLR337C,1,-5.7822604,0.2399209439754486,0.6069999933242798,0.1923000067472458
YPL149W,YDL123W,0,-5.7824283,0.23982615768909454,0.6069999933242798,0.1923999935388565
YMR068W,YMR238W,0,-5.78248,0.23973143100738525,0.6069999933242798,0.19249999523162842
YML061C,YOR149C,0,-5.782676,0.23963679373264313,0.6069999933242798,0.19259999692440033
YBR200W,YPR107C,0,-5.782756,0.23954223096370697,0.6069999933242798,0.19269999861717224
YBR122C,YPR032W,0,-5.7827983,0.2394477277994156,0.6069999933242798,0.19280000030994415
YBR078W,YFL008W,0,-5.7828536,0.23935331404209137,0.6069999933242798,0.19290000200271606
YHR115C,YDR381W,0,-5.782971,0.23925895988941193,0.6069999933242798,0.19300000369548798
YDR284C,YGL186C,0,-5.7830696,0.23916469514369965,0.6069999933242798,0.1931000053882599
YLR229C,YLR186W,0,-5.784073,0.23907050490379333,0.6069999933242798,0.1932000070810318
YPL145C,YKR014C,1,-5.7843194,0.23937007784843445,0.6079999804496765,0.1932000070810318
YEL031W,YMR241W,0,-5.784364,0.23927587270736694,0.6079999804496765,0.19329999387264252
YPL218W,YPL085W,0,-5.7846007,0.2391817420721054,0.6079999804496765,0.19339999556541443
YMR240C,YPR161C,0,-5.7849073,0.23908768594264984,0.6079999804496765,0.19349999725818634
YNL166C,YER122C,0,-5.785939,0.23899370431900024,0.6079999804496765,0.19359999895095825
YBR280C,YNL332W,0,-5.7862406,0.23889979720115662,0.6079999804496765,0.19370000064373016
YBR185C,YHR200W,0,-5.786427,0.23880596458911896,0.6079999804496765,0.19380000233650208
YFR048W,YOR081C,0,-5.786434,0.23871220648288727,0.6079999804496765,0.193900004029274
YER061C,YER083C,0,-5.78705,0.23861852288246155,0.6079999804496765,0.1940000057220459
YBR256C,YPR088C,0,-5.787197,0.2385249137878418,0.6079999804496765,0.1941000074148178
YAR002C-A,YIL147C,0,-5.7872057,0.23843137919902802,0.6079999804496765,0.19419999420642853
YIL115C,YMR026C,0,-5.78746,0.238337904214859,0.6079999804496765,0.19429999589920044
YBR068C,YOR115C,0,-5.787577,0.23824451863765717,0.6079999804496765,0.19439999759197235
YFR021W,YML059C,0,-5.7886577,0.2381511926651001,0.6079999804496765,0.19449999928474426
YEL027W,YBL007C,1,-5.788703,0.23844948410987854,0.609000027179718,0.19449999928474426
YAL030W,YGR241C,1,-5.788738,0.23874755203723907,0.6100000143051147,0.19449999928474426
YKL110C,YLR034C,0,-5.788818,0.23865415155887604,0.6100000143051147,0.19460000097751617
YBR282W,YML064C,0,-5.7888927,0.23856081068515778,0.6100000143051147,0.19470000267028809
YGR032W,YBR272C,0,-5.7896447,0.23846755921840668,0.6100000143051147,0.19480000436306
YPR019W,YPL095C,0,-5.790016,0.23837436735630035,0.6100000143051147,0.1949000060558319
YBR107C,YGR063C,0,-5.7910852,0.23828125,0.6100000143051147,0.19499999284744263
YDR093W,YDR036C,1,-5.791817,0.2385786771774292,0.6110000014305115,0.19499999284744263
YPR019W,YOL117W,0,-5.7918944,0.23848555982112885,0.6110000014305115,0.19509999454021454
YDL161W,YOR043W,1,-5.7922463,0.23878267407417297,0.6119999885559082,0.19509999454021454
YLR440C,YGL145W,0,-5.792576,0.23868954181671143,0.6119999885559082,0.19519999623298645
YLR075W,YJR014W,0,-5.792631,0.23859648406505585,0.6119999885559082,0.19529999792575836
YDR182W,YPL183W-A,0,-5.7926803,0.23850350081920624,0.6119999885559082,0.19539999961853027
YGR280C,YOR307C,0,-5.793939,0.2384105920791626,0.6119999885559082,0.19550000131130219
YBR214W,YAL030W,1,-5.7941327,0.23870716989040375,0.6129999756813049,0.19550000131130219
YKL042W,YDR007W,0,-5.79421,0.2386142462491989,0.6129999756813049,0.1956000030040741
YBR214W,YOR327C,1,-5.7949867,0.238910511136055,0.6140000224113464,0.1956000030040741
YDR376W,YLR305C,0,-5.7951736,0.23881758749485016,0.6140000224113464,0.195700004696846
YPL227C,YHR188C,0,-5.795237,0.2387247234582901,0.6140000224113464,0.19580000638961792
YDL229W,YLR043C,0,-5.796283,0.2386319488286972,0.6140000224113464,0.19589999318122864
YOR351C,YPL268W,0,-5.796559,0.23853923380374908,0.6140000224113464,0.19599999487400055
YAL026C,YIL002C,1,-5.7971325,0.238834947347641,0.6150000095367432,0.19599999487400055
YGR036C,YJR102C,0,-5.7974153,0.23874223232269287,0.6150000095367432,0.19609999656677246
YDR356W,YDR381W,0,-5.7974944,0.23864959180355072,0.6150000095367432,0.19619999825954437
YJL222W,YER005W,0,-5.797642,0.23855702579021454,0.6150000095367432,0.19629999995231628
YPL240C,YOL055C,0,-5.797896,0.23846451938152313,0.6150000095367432,0.1964000016450882
YDR345C,YAL029C,0,-5.797934,0.2383720874786377,0.6150000095367432,0.1965000033378601
YBR080C,YJR133W,0,-5.798552,0.23827973008155823,0.6150000095367432,0.19660000503063202
YDR127W,YDR545W,0,-5.7987523,0.23818744719028473,0.6150000095367432,0.19670000672340393
YEL063C,YNL119W,0,-5.799315,0.2380952388048172,0.6150000095367432,0.19679999351501465
YER107C,YMR070W,0,-5.7994075,0.23800309002399445,0.6150000095367432,0.19689999520778656
YPR161C,YMR054W,0,-5.7994747,0.23791103065013885,0.6150000095367432,0.19699999690055847
YIR034C,YDL097C,0,-5.799489,0.23781903088092804,0.6150000095367432,0.19709999859333038
YMR312W,YLR059C,0,-5.7998815,0.237727090716362,0.6150000095367432,0.1972000002861023
YHR190W,YOR054C,0,-5.7998934,0.23763523995876312,0.6150000095367432,0.1973000019788742
YPL271W,YOL043C,0,-5.8000455,0.23754344880580902,0.6150000095367432,0.19740000367164612
YDR498C,YDR092W,0,-5.8005695,0.2374517321586609,0.6150000095367432,0.19750000536441803
YFL039C,YLR337C,1,-5.8008847,0.23774604499340057,0.6159999966621399,0.19750000536441803
YNR001C,YMR137C,0,-5.801006,0.23765432834625244,0.6159999966621399,0.19760000705718994
YLR172C,YDR378C,0,-5.8016257,0.23756267130374908,0.6159999966621399,0.19769999384880066
YOL089C,YMR037C,0,-5.8017135,0.2374710887670517,0.6159999966621399,0.19779999554157257
YMR211W,YDR289C,0,-5.8023224,0.23737958073616028,0.6159999966621399,0.19789999723434448
YDR069C,YKR014C,1,-5.802709,0.2376733422279358,0.6169999837875366,0.19789999723434448
YKL185W,YKL067W,0,-5.803062,0.23758181929588318,0.6169999837875366,0.1979999989271164
YGR282C,YER126C,0,-5.803249,0.23749037086963654,0.6169999837875366,0.1981000006198883
YGL181W,YLR165C,0,-5.8033,0.23739899694919586,0.6169999837875366,0.19820000231266022
YMR033W,YCL052C,0,-5.803304,0.23730769753456116,0.6169999837875366,0.19830000400543213
YDR075W,YBL103C,0,-5.803544,0.23721645772457123,0.6169999837875366,0.19840000569820404
YOL108C,YGR105W,0,-5.8045797,0.23712529242038727,0.6169999837875366,0.19850000739097595
YNL315C,YML125C,0,-5.804686,0.23703418672084808,0.6169999837875366,0.19859999418258667
YOL059W,YDL035C,0,-5.804877,0.23694317042827606,0.6169999837875366,0.19869999587535858
YBR236C,YML080W,0,-5.805166,0.23685221374034882,0.6169999837875366,0.1987999975681305
YML009C,YJR103W,0,-5.805426,0.23676131665706635,0.6169999837875366,0.1988999992609024
YPR043W,YMR260C,0,-5.8060503,0.23667050898075104,0.6169999837875366,0.19900000095367432
YHR012W,YML097C,0,-5.8060875,0.2365797609090805,0.6169999837875366,0.19910000264644623
YPL005W,YHR072W,0,-5.806401,0.23648907244205475,0.6169999837875366,0.19920000433921814
YDL155W,YLR058C,0,-5.8066144,0.23639847338199615,0.6169999837875366,0.19930000603199005
YNL229C,YLR262C,0,-5.807128,0.23630793392658234,0.6169999837875366,0.19939999282360077
YPL194W,YKL045W,0,-5.807892,0.2362174540758133,0.6169999837875366,0.19949999451637268
YOL068C,YMR163C,0,-5.808302,0.2361270636320114,0.6169999837875366,0.1995999962091446
YJL020C,YER041W,0,-5.8085318,0.23603671789169312,0.6169999837875366,0.1996999979019165
YBR275C,YBR198C,0,-5.8086095,0.23594646155834198,0.6169999837875366,0.19979999959468842
YIL137C,YDR117C,0,-5.808628,0.23585626482963562,0.6169999837875366,0.19990000128746033
YOL049W,YOR017W,0,-5.8090143,0.23576614260673523,0.6169999837875366,0.20000000298023224
YDL160C,YOR269W,0,-5.8090634,0.2356760948896408,0.6169999837875366,0.20010000467300415
YLR219W,YOR175C,0,-5.8092933,0.23558610677719116,0.6169999837875366,0.20020000636577606
YCR077C,YLL045C,0,-5.8096724,0.2354961782693863,0.6169999837875366,0.20029999315738678
YER166W,YIR006C,1,-5.8098245,0.23578786849975586,0.6179999709129333,0.20029999315738678
YBR110W,YNL080C,0,-5.8099985,0.235697939991951,0.6179999709129333,0.2003999948501587
YDR122W,YOL146W,0,-5.8113093,0.2356080859899521,0.6179999709129333,0.2004999965429306
YOR149C,YBR117C,0,-5.811959,0.23551829159259796,0.6179999709129333,0.20059999823570251
YER036C,YNR022C,0,-5.813012,0.2354285717010498,0.6179999709129333,0.20069999992847443
YDL126C,YKR013W,0,-5.813289,0.23533891141414642,0.6179999709129333,0.20080000162124634
YDR054C,YBR021W,0,-5.8133307,0.2352493405342102,0.6179999709129333,0.20090000331401825
YDL195W,YGR197C,0,-5.8138795,0.23515981435775757,0.6179999709129333,0.20100000500679016
YMR162C,YHR004C,0,-5.813968,0.2350703626871109,0.6179999709129333,0.20110000669956207
YKL176C,YHR200W,0,-5.814244,0.2349809855222702,0.6179999709129333,0.2011999934911728
YEL001C,YPL085W,0,-5.8142676,0.23489168286323547,0.6179999709129333,0.2012999951839447
YPR073C,YNL316C,0,-5.814451,0.23480242490768433,0.6179999709129333,0.2013999968767166
YJR160C,YBR044C,0,-5.8145633,0.23471325635910034,0.6179999709129333,0.20149999856948853
YPR018W,YPL214C,0,-5.8148246,0.23462414741516113,0.6179999709129333,0.20160000026226044
YDR155C,YBR069C,0,-5.8148375,0.2345350980758667,0.6179999709129333,0.20170000195503235
YAL035W,YKR061W,0,-5.815292,0.23444612324237823,0.6179999709129333,0.20180000364780426
YGR142W,YML121W,0,-5.8155365,0.23435722291469574,0.6179999709129333,0.20190000534057617
YBL002W,YPL131W,0,-5.815805,0.23426838219165802,0.6179999709129333,0.20200000703334808
YHR209W,YPR149W,0,-5.816675,0.23417961597442627,0.6179999709129333,0.2020999938249588
YLL018C,YGL151W,0,-5.8170195,0.2340909093618393,0.6179999709129333,0.2021999955177307
YPL119C,YJL117W,0,-5.817026,0.2340022772550583,0.6179999709129333,0.20229999721050262
YDL212W,YGR192C,0,-5.817535,0.23391370475292206,0.6179999709129333,0.20239999890327454
YNL020C,YAR042W,1,-5.81925,0.23420356214046478,0.6190000176429749,0.20239999890327454
YFR024C-A,YJL222W,0,-5.8199844,0.23411497473716736,0.6190000176429749,0.20250000059604645
YPR156C,YJR103W,0,-5.820452,0.2340264618396759,0.6190000176429749,0.20260000228881836
YCR002C,YPL256C,0,-5.8206935,0.23393802344799042,0.6190000176429749,0.20270000398159027
YPL181W,YDR533C,0,-5.820784,0.2338496446609497,0.6190000176429749,0.20280000567436218
YAL026C,YCR028C,1,-5.8212323,0.23413896560668945,0.6200000047683716,0.20280000567436218
YBL051C,YDR529C,0,-5.8213606,0.23405058681964874,0.6200000047683716,0.2029000073671341
YDL137W,YEL051W,0,-5.821676,0.2339622676372528,0.6200000047683716,0.2029999941587448
YMR078C,YNL049C,0,-5.8218412,0.23387400805950165,0.6200000047683716,0.20309999585151672
YGL213C,YGL227W,0,-5.822723,0.23378582298755646,0.6200000047683716,0.20319999754428864
YLR265C,YDR466W,0,-5.8227725,0.23369769752025604,0.6200000047683716,0.20329999923706055
YDR072C,YBL035C,0,-5.822833,0.2336096465587616,0.6200000047683716,0.20340000092983246
YBR057C,YML125C,0,-5.8238745,0.23352165520191193,0.6200000047683716,0.20350000262260437
YIL111W,YNL153C,0,-5.824051,0.23343373835086823,0.6200000047683716,0.20360000431537628
YLR259C,YMR044W,0,-5.8242564,0.2333458811044693,0.6200000047683716,0.2037000060081482
YER172C,YDR251W,0,-5.824264,0.23325808346271515,0.6200000047683716,0.2037999927997589
YGL192W,YPL186C,0,-5.824895,0.23317036032676697,0.6200000047683716,0.20389999449253082
YBL015W,YDR256C,0,-5.8249707,0.23308271169662476,0.6200000047683716,0.20399999618530273
YKR052C,YBL061C,0,-5.824982,0.23299510776996613,0.6200000047683716,0.20409999787807465
YOR299W,YOR236W,0,-5.826015,0.23290759325027466,0.6200000047683716,0.20419999957084656
YDR098C,YIR033W,0,-5.826033,0.23282012343406677,0.6200000047683716,0.20430000126361847
YLR233C,YPR031W,0,-5.826294,0.23273272812366486,0.6200000047683716,0.20440000295639038
YBR202W,YAL042W,0,-5.8264403,0.2326454073190689,0.6200000047683716,0.2045000046491623
YPR030W,YPR182W,0,-5.826759,0.23255814611911774,0.6200000047683716,0.2046000063419342
YJL001W,YER103W,0,-5.8268266,0.23247094452381134,0.6200000047683716,0.20469999313354492
YLR284C,YDR116C,0,-5.8273215,0.23238380253314972,0.6200000047683716,0.20479999482631683
YOL151W,YHR094C,0,-5.8274007,0.23229673504829407,0.6200000047683716,0.20489999651908875
YGL122C,YJL104W,0,-5.8276997,0.23220974206924438,0.6200000047683716,0.20499999821186066
YNL048W,YKR009C,0,-5.8277235,0.23212279379367828,0.6200000047683716,0.20509999990463257
YNL051W,YDR221W,0,-5.827842,0.23203593492507935,0.6200000047683716,0.20520000159740448
YGR092W,YIL156W,0,-5.827854,0.231949120759964,0.6200000047683716,0.2053000032901764
YKL198C,YIL113W,0,-5.827947,0.2318623811006546,0.6200000047683716,0.2054000049829483
YPR025C,YMR089C,0,-5.828087,0.23177570104599,0.6200000047683716,0.20550000667572021
YMR300C,YBR279W,0,-5.8285556,0.23168909549713135,0.6200000047683716,0.20559999346733093
YNL199C,YDR240C,0,-5.828564,0.2316025346517563,0.6200000047683716,0.20569999516010284
YML072C,YKL056C,0,-5.8286257,0.2315160632133484,0.6200000047683716,0.20579999685287476
YER051W,YML014W,0,-5.829672,0.23142963647842407,0.6200000047683716,0.20589999854564667
YNL101W,YLR466W,0,-5.829758,0.23134328424930573,0.6200000047683716,0.20600000023841858
YDR085C,YGR156W,0,-5.8298106,0.23125699162483215,0.6200000047683716,0.2061000019311905
YDR073W,YDR453C,0,-5.8298936,0.23117077350616455,0.6200000047683716,0.2062000036239624
YLL001W,YJL100W,0,-5.83028,0.23108460009098053,0.6200000047683716,0.20630000531673431
YDR180W,YGL104C,0,-5.8303094,0.23099851608276367,0.6200000047683716,0.20640000700950623
YOR320C,YEL012W,0,-5.8303933,0.2309124767780304,0.6200000047683716,0.20649999380111694
YPR093C,YPR168W,0,-5.830501,0.2308265119791031,0.6200000047683716,0.20659999549388885
YDL099W,YLR229C,0,-5.8307204,0.23074060678482056,0.6200000047683716,0.20669999718666077
YBR195C,YPR181C,0,-5.8308597,0.2306547611951828,0.6200000047683716,0.20679999887943268
YDL017W,YBR005W,0,-5.8311687,0.230568990111351,0.6200000047683716,0.2069000005722046
YER032W,YPR131C,0,-5.831599,0.230483278632164,0.6200000047683716,0.2070000022649765
YER036C,YKL058W,0,-5.8317423,0.23039762675762177,0.6200000047683716,0.2071000039577484
YMR300C,YOR047C,0,-5.8322997,0.2303120344877243,0.6200000047683716,0.20720000565052032
YIL106W,YOR149C,0,-5.832462,0.2302265167236328,0.6200000047683716,0.20730000734329224
YNL315C,YDR181C,0,-5.8329763,0.2301410585641861,0.6200000047683716,0.20739999413490295
YJR014W,YDR117C,0,-5.8329844,0.23005566000938416,0.6200000047683716,0.20749999582767487
YBR301W,YML032C,0,-5.832991,0.229970321059227,0.6200000047683716,0.20759999752044678
YMR029C,YJL174W,0,-5.8331733,0.2298850566148758,0.6200000047683716,0.2076999992132187
YNL030W,YGR063C,0,-5.8332376,0.22979985177516937,0.6200000047683716,0.2078000009059906
YKL002W,YNL257C,0,-5.835034,0.22971470654010773,0.6200000047683716,0.2079000025987625
YLR115W,YGL045W,0,-5.8350816,0.22962963581085205,0.6200000047683716,0.20800000429153442
YLR138W,YBR030W,0,-5.835378,0.22954460978507996,0.6200000047683716,0.20810000598430634
YHR133C,YAL016W,0,-5.837109,0.22945965826511383,0.6200000047683716,0.20819999277591705
YAL054C,YOR384W,0,-5.837159,0.22937476634979248,0.6200000047683716,0.20829999446868896
YOR347C,YMR039C,0,-5.837341,0.2292899340391159,0.6200000047683716,0.20839999616146088
YOR011W,YOL102C,0,-5.837414,0.2292051762342453,0.6200000047683716,0.2084999978542328
YFL039C,YLR371W,1,-5.837548,0.2294900268316269,0.6209999918937683,0.2084999978542328
YBR168W,YFR051C,0,-5.8375516,0.2294052392244339,0.6209999918937683,0.2085999995470047
YDR093W,YKR014C,1,-5.8377094,0.2296898066997528,0.621999979019165,0.2085999995470047
YFL055W,YPL186C,0,-5.8381553,0.22960501909255981,0.621999979019165,0.2087000012397766
YLR206W,YPL032C,1,-5.83819,0.22988930344581604,0.6230000257492065,0.2087000012397766
YGR199W,YMR283C,0,-5.8384457,0.22980450093746185,0.6230000257492065,0.20880000293254852
YDL113C,YKL208W,0,-5.839683,0.22971975803375244,0.6230000257492065,0.20890000462532043
YPL145C,YIR006C,1,-5.839807,0.23000368475914001,0.6240000128746033,0.20890000462532043
YDR022C,YJL117W,0,-5.840087,0.2299189418554306,0.6240000128746033,0.20900000631809235
YGL012W,YPR113W,0,-5.8406825,0.22983425855636597,0.6240000128746033,0.20909999310970306
YDL135C,YJL026W,0,-5.841708,0.2297496348619461,0.6240000128746033,0.20919999480247498
YAL034W-A,YKL218C,0,-5.8419547,0.22966507077217102,0.6240000128746033,0.2092999964952469
YGR140W,YDR130C,0,-5.842213,0.2295805811882019,0.6240000128746033,0.2093999981880188
YPR020W,YPL129W,0,-5.8429055,0.22949613630771637,0.6240000128746033,0.2094999998807907
YLR270W,YBR136W,0,-5.8431053,0.2294117659330368,0.6240000128746033,0.20960000157356262
YGR199W,YDL188C,0,-5.843207,0.22932745516300201,0.6240000128746033,0.20970000326633453
YBR059C,YNL093W,1,-5.8436403,0.22961057722568512,0.625,0.20970000326633453
YER122C,YCR042C,0,-5.844488,0.22952625155448914,0.625,0.20980000495910645
YJR060W,YER103W,0,-5.8447447,0.22944200038909912,0.625,0.20990000665187836
YER141W,YOR080W,0,-5.844934,0.2293577939271927,0.625,0.20999999344348907
YGL156W,YBL017C,0,-5.845073,0.22927366197109222,0.625,0.210099995136261
YBR297W,YIL147C,0,-5.8452125,0.22918958961963654,0.625,0.2101999968290329
YAL009W,YDR443C,0,-5.845401,0.22910557687282562,0.625,0.2102999985218048
YNL281W,YCL010C,0,-5.8456635,0.22902162373065948,0.625,0.21040000021457672
YDR163W,YAL032C,0,-5.845931,0.22893773019313812,0.625,0.21050000190734863
YLR206W,YJL204C,1,-5.8461585,0.22922006249427795,0.6259999871253967,0.21050000190734863
YGL200C,YMR067C,0,-5.846312,0.2291361689567566,0.6259999871253967,0.21060000360012054
YPL118W,YCL033C,0,-5.8464456,0.2290523201227188,0.6259999871253967,0.21070000529289246
YNL008C,YOL003C,0,-5.846715,0.228968545794487,0.6259999871253967,0.21080000698566437
YBR029C,YDL106C,0,-5.8469377,0.22888483107089996,0.6259999871253967,0.21089999377727509
YFL009W,YPR041W,0,-5.8471756,0.2288011759519577,0.6259999871253967,0.210999995470047
YCL064C,YHR027C,0,-5.847234,0.22871758043766022,0.6259999871253967,0.2110999971628189
YOR327C,YAR042W,1,-5.847385,0.2289992719888687,0.6269999742507935,0.2110999971628189
YNL225C,YNL136W,0,-5.847452,0.22891566157341003,0.6269999742507935,0.21119999885559082
YCR068W,YGR033C,0,-5.847897,0.22883211076259613,0.6269999742507935,0.21130000054836273
YLR207W,YPL019C,0,-5.847947,0.2287486344575882,0.6269999742507935,0.21140000224113464
YDR288W,YBR223C,0,-5.8480697,0.22866520285606384,0.6269999742507935,0.21150000393390656
YBR243C,YBR142W,0,-5.848229,0.22858184576034546,0.6269999742507935,0.21160000562667847
YGL163C,YKR100C,0,-5.8482356,0.22849854826927185,0.6269999742507935,0.21170000731945038
YFL039C,YBR214W,1,-5.848305,0.228779599070549,0.628000020980835,0.21170000731945038
YHR115C,YLR116W,0,-5.848633,0.2286962866783142,0.628000020980835,0.2117999941110611
YJL109C,YGR020C,0,-5.8491573,0.22861303389072418,0.628000020980835,0.211899995803833
YGR077C,YJR095W,0,-5.8494363,0.22852984070777893,0.628000020980835,0.21199999749660492
YBR245C,YPR088C,0,-5.849603,0.22844670712947845,0.628000020980835,0.21209999918937683
YPR021C,YLR292C,0,-5.8498197,0.22836363315582275,0.628000020980835,0.21220000088214874
YPL146C,YNL251C,0,-5.849896,0.22828061878681183,0.628000020980835,0.21230000257492065
YBR171W,YHR106W,0,-5.849899,0.22819767892360687,0.628000020980835,0.21240000426769257
YJR083C,YGR157W,0,-5.8504753,0.2281147837638855,0.628000020980835,0.21250000596046448
YPL137C,YIL023C,0,-5.851008,0.2280319482088089,0.628000020980835,0.2125999927520752
YLR115W,YIR033W,0,-5.851315,0.22794918715953827,0.628000020980835,0.2126999944448471
YDR155C,YNL037C,0,-5.8513846,0.22786647081375122,0.628000020980835,0.21279999613761902
YNL020C,YBR214W,1,-5.8516374,0.2281465381383896,0.6290000081062317,0.21279999613761902
YBL032W,YPL083C,0,-5.8525414,0.22806382179260254,0.6290000081062317,0.21289999783039093
YOR155C,YLR466W,0,-5.8528275,0.22798115015029907,0.6290000081062317,0.21299999952316284
YNL110C,YPR086W,0,-5.853502,0.22789855301380157,0.6290000081062317,0.21310000121593475
YDL154W,YJR046W,0,-5.853572,0.22781601548194885,0.6290000081062317,0.21320000290870667
YDR297W,YDR135C,0,-5.8536744,0.2277335226535797,0.6290000081062317,0.21330000460147858
YBR078W,YDL140C,0,-5.8542757,0.22765110433101654,0.6290000081062317,0.2134000062942505
YNL127W,YGR080W,0,-5.854482,0.22756874561309814,0.6290000081062317,0.2134999930858612
YNL030W,YER051W,0,-5.8547816,0.22748643159866333,0.6290000081062317,0.21359999477863312
YKR003W,YKL203C,1,-5.8547835,0.22776572406291962,0.6299999952316284,0.21359999477863312
YBR217W,YHR111W,0,-5.8548245,0.2276834100484848,0.6299999952316284,0.21369999647140503
YLR078C,YJL006C,0,-5.854837,0.22760115563869476,0.6299999952316284,0.21379999816417694
YDL079C,YOR158W,0,-5.8550544,0.2275189608335495,0.6299999952316284,0.21389999985694885
YFL055W,YBR258C,0,-5.855301,0.227436825633049,0.6299999952316284,0.21400000154972076
YJR091C,YIL128W,0,-5.8555436,0.2273547500371933,0.6299999952316284,0.21410000324249268
YMR065W,YDR407C,0,-5.8562794,0.22727273404598236,0.6299999952316284,0.2142000049352646
YPL213W,YGL044C,0,-5.8564253,0.227190762758255,0.6299999952316284,0.2143000066280365
YGL163C,YDL190C,0,-5.856716,0.22710886597633362,0.6299999952316284,0.21439999341964722
YHR209W,YOR330C,0,-5.8568125,0.227027028799057,0.6299999952316284,0.21449999511241913
YAR015W,YDR028C,0,-5.8570485,0.22694525122642517,0.6299999952316284,0.21459999680519104
YLR056W,YDR388W,1,-5.8574905,0.22722361981868744,0.6309999823570251,0.21459999680519104
YGL233W,YBL055C,0,-5.8579206,0.2271418273448944,0.6309999823570251,0.21469999849796295
YJL044C,YKL068W,0,-5.8583074,0.22706009447574615,0.6309999823570251,0.21480000019073486
YDR009W,YER174C,0,-5.8589234,0.22697842121124268,0.6309999823570251,0.21490000188350677
YJR032W,YLR259C,0,-5.8589973,0.22689679265022278,0.6309999823570251,0.2150000035762787
YPL262W,YER007W,0,-5.859883,0.22681523859500885,0.6309999823570251,0.2151000052690506
YOR067C,YJR065C,0,-5.860391,0.2267337441444397,0.6309999823570251,0.2152000069618225
YAL034W-A,YDR484W,0,-5.8609943,0.22665229439735413,0.6309999823570251,0.21529999375343323
YPR056W,YDR484W,0,-5.861195,0.22657091915607452,0.6309999823570251,0.21539999544620514
YEL061C,YOR054C,0,-5.8614264,0.2264895886182785,0.6309999823570251,0.21549999713897705
YNL023C,YDR251W,0,-5.861876,0.22640831768512726,0.6309999823570251,0.21559999883174896
YKR065C,YFL008W,0,-5.8627715,0.22632712125778198,0.6309999823570251,0.21570000052452087
YJR064W,YPR183W,0,-5.863021,0.2262459695339203,0.6309999823570251,0.21580000221729279
YMR116C,YDR174W,0,-5.8635144,0.22616487741470337,0.6309999823570251,0.2159000039100647
YEL046C,YMR123W,0,-5.8636346,0.22608384490013123,0.6309999823570251,0.2160000056028366
YNL015W,YKR050W,0,-5.8636346,0.22600287199020386,0.6309999823570251,0.21610000729560852
YAL030W,YKL203C,1,-5.8640666,0.22627998888492584,0.6320000290870667,0.21610000729560852
YDR122W,YEL004W,0,-5.8642573,0.22619900107383728,0.6320000290870667,0.21619999408721924
YFL018C,YDR207C,0,-5.864414,0.2261180728673935,0.6320000290870667,0.21629999577999115
YGR142W,YIL144W,0,-5.8644505,0.2260371893644333,0.6320000290870667,0.21639999747276306
YDL029W,YCL004W,0,-5.8645473,0.22595638036727905,0.6320000290870667,0.21649999916553497
YHR107C,YJL167W,0,-5.864813,0.2258756309747696,0.6320000290870667,0.21660000085830688
YPR021C,YPL072W,0,-5.865317,0.2257949262857437,0.6320000290870667,0.2167000025510788
YOL096C,YPR037C,0,-5.8653955,0.2257142812013626,0.6320000290870667,0.2168000042438507
YOL094C,YCR073W-A,0,-5.8655696,0.22563369572162628,0.6320000290870667,0.21690000593662262
YPL137C,YBR275C,0,-5.865848,0.22555316984653473,0.6320000290870667,0.21699999272823334
YAL061W,YKR098C,0,-5.8663363,0.22547270357608795,0.6320000290870667,0.21709999442100525
YMR240C,YDR228C,0,-5.866428,0.22539229691028595,0.6320000290870667,0.21719999611377716
YNR026C,YDR400W,0,-5.8664794,0.22531194984912872,0.6320000290870667,0.21729999780654907
YOR327C,YKR014C,1,-5.86665,0.22558802366256714,0.6330000162124634,0.21729999780654907
YFR029W,YKR031C,0,-5.867184,0.22550766170024872,0.6330000162124634,0.21739999949932098
YOR311C,YOR179C,0,-5.8677964,0.22542734444141388,0.6330000162124634,0.2175000011920929
YDR301W,YNL257C,0,-5.86784,0.225347101688385,0.6330000162124634,0.2176000028848648
YIL042C,YGR006W,0,-5.8679523,0.22526690363883972,0.6330000162124634,0.21770000457763672
YDR059C,YOR043W,1,-5.868536,0.22554251551628113,0.6340000033378601,0.21770000457763672
YKR050W,YGL104C,0,-5.869454,0.22546230256557465,0.6340000033378601,0.21780000627040863
YDR229W,YOR179C,0,-5.8694873,0.22538214921951294,0.6340000033378601,0.21789999306201935
YJR091C,YDL047W,0,-5.8696666,0.225302055478096,0.6340000033378601,0.21799999475479126
YBL085W,YML058W,0,-5.8697066,0.22522202134132385,0.6340000033378601,0.21809999644756317
YER125W,YCR053W,1,-5.8698077,0.22549715638160706,0.6349999904632568,0.21809999644756317
YNL008C,YLR262C,0,-5.8698626,0.2254171073436737,0.6349999904632568,0.21819999814033508
YCL025C,YBR057C,0,-5.8702393,0.22533711791038513,0.6349999904632568,0.218299999833107
YGR086C,YHR016C,1,-5.870699,0.22561192512512207,0.6359999775886536,0.218299999833107
YGL201C,YGL257C,0,-5.8707757,0.2255319207906723,0.6359999775886536,0.2184000015258789
YER032W,YBR001C,0,-5.872601,0.22545196115970612,0.6359999775886536,0.21850000321865082
YHR183W,YML032C,0,-5.872685,0.2253720760345459,0.6359999775886536,0.21860000491142273
YER001W,YBL033C,0,-5.872704,0.22529223561286926,0.6359999775886536,0.21870000660419464
YEL027W,YNL297C,1,-5.872893,0.225566565990448,0.6370000243186951,0.21870000660419464
YDR362C,YJR156C,0,-5.8733234,0.22548672556877136,0.6370000243186951,0.21879999339580536
YPR171W,YHR099W,0,-5.8733554,0.2254069298505783,0.6370000243186951,0.21889999508857727
YGL005C,YDR160W,0,-5.87382,0.22532720863819122,0.6370000243186951,0.21899999678134918
YDR380W,YMR067C,0,-5.873864,0.22524753212928772,0.6370000243186951,0.2190999984741211
YMR316W,YMR224C,0,-5.874068,0.2251679003238678,0.6370000243186951,0.219200000166893
YDR376W,YDR007W,0,-5.8743052,0.22508834302425385,0.6370000243186951,0.21930000185966492
YPL055C,YOL001W,0,-5.874623,0.22500883042812347,0.6370000243186951,0.21940000355243683
YHR166C,YLR026C,0,-5.8747663,0.22492937743663788,0.6370000243186951,0.21950000524520874
YDR244W,YAL011W,0,-5.87487,0.22484998404979706,0.6370000243186951,0.21960000693798065
YPL050C,YIL008W,0,-5.874922,0.22477063536643982,0.6370000243186951,0.21969999372959137
YMR113W,YDL084W,0,-5.8750863,0.22469136118888855,0.6370000243186951,0.21979999542236328
YHR044C,YGR156W,0,-5.875248,0.22461213171482086,0.6370000243186951,0.2198999971151352
YGR230W,YBR112C,0,-5.8752785,0.22453296184539795,0.6370000243186951,0.2199999988079071
YBL023C,YKL170W,0,-5.875297,0.22445383667945862,0.6370000243186951,0.22010000050067902
YLL052C,YCR106W,0,-5.8753595,0.22437478601932526,0.6370000243186951,0.22020000219345093
YGR208W,YEL006W,0,-5.8756127,0.22429578006267548,0.6370000243186951,0.22030000388622284
YGL173C,YPL105C,0,-5.875626,0.22421681880950928,0.6370000243186951,0.22040000557899475
YJL044C,YBR231C,0,-5.875896,0.22413793206214905,0.6370000243186951,0.22050000727176666
YCR068W,YOL018C,0,-5.876271,0.2240590900182724,0.6370000243186951,0.22059999406337738
YDR511W,YKR022C,0,-5.8763185,0.22398030757904053,0.6370000243186951,0.2206999957561493
YAR050W,YPR121W,0,-5.876329,0.22390158474445343,0.6370000243186951,0.2207999974489212
YOR327C,YOR089C,1,-5.876647,0.22417427599430084,0.6380000114440918,0.2207999974489212
YGL257C,YPL036W,0,-5.8775816,0.22409553825855255,0.6380000114440918,0.22089999914169312
YDL056W,YGL062W,0,-5.877637,0.22401686012744904,0.6380000114440918,0.22100000083446503
YJR051W,YDR464W,0,-5.877993,0.2239382266998291,0.6380000114440918,0.22110000252723694
YJL095W,YDR151C,0,-5.878219,0.22385965287685394,0.6380000114440918,0.22120000422000885
YFL009W,YCR106W,0,-5.8782425,0.22378112375736237,0.6380000114440918,0.22130000591278076
YDR304C,YPL186C,0,-5.878491,0.22370266914367676,0.6380000114440918,0.22139999270439148
YDR047W,YGR192C,0,-5.87923,0.22362425923347473,0.6380000114440918,0.2214999943971634
YMR162C,YHR104W,0,-5.8800263,0.2235458940267563,0.6380000114440918,0.2215999960899353
YBR009C,YBR083W,0,-5.880563,0.2234676033258438,0.6380000114440918,0.22169999778270721
YLR260W,YCL032W,0,-5.8806615,0.22338935732841492,0.6380000114440918,0.22179999947547913
YLR215C,YDR320C,0,-5.881075,0.2233111709356308,0.6380000114440918,0.22190000116825104
YJL167W,YER094C,0,-5.8816066,0.22323302924633026,0.6380000114440918,0.22200000286102295
YNL275W,YLL040C,0,-5.881928,0.2231549471616745,0.6380000114440918,0.22210000455379486
YPL228W,YPR047W,0,-5.882129,0.2230769246816635,0.6380000114440918,0.22220000624656677
YDR212W,YFR049W,0,-5.882328,0.2229989469051361,0.6380000114440918,0.2222999930381775
YNL106C,YJL204C,1,-5.8823533,0.223270446062088,0.6389999985694885,0.2222999930381775
YAL035W,YHR158C,0,-5.8824654,0.22319245338439941,0.6389999985694885,0.2223999947309494
YPL178W,YPR141C,0,-5.882735,0.2231145203113556,0.6389999985694885,0.2224999964237213
YBL038W,YEL062W,0,-5.883348,0.22303664684295654,0.6389999985694885,0.22259999811649323
YNL032W,YOR327C,1,-5.8834343,0.2233077436685562,0.6399999856948853,0.22259999811649323
YOR322C,YLL004W,0,-5.8834643,0.22322985529899597,0.6399999856948853,0.22269999980926514
YAL060W,YEL063C,0,-5.884234,0.2231520265340805,0.6399999856948853,0.22280000150203705
YOR372C,YDR389W,0,-5.884377,0.22307424247264862,0.6399999856948853,0.22290000319480896
YGR262C,YGL018C,0,-5.8846154,0.2229965180158615,0.6399999856948853,0.22300000488758087
YDL192W,YAL056W,0,-5.884655,0.22291883826255798,0.6399999856948853,0.22310000658035278
YIR019C,YJL210W,0,-5.884685,0.22284123301506042,0.6399999856948853,0.2231999933719635
YNL051W,YLR209C,0,-5.8848634,0.22276365756988525,0.6399999856948853,0.2232999950647354
YCL067C,YGL104C,0,-5.8849897,0.22268615663051605,0.6399999856948853,0.22339999675750732
YJL002C,YFL036W,0,-5.8853693,0.22260870039463043,0.6399999856948853,0.22349999845027924
YDR076W,YGL210W,0,-5.885491,0.2225312888622284,0.6399999856948853,0.22360000014305115
YLR019W,YKR059W,0,-5.8855367,0.22245395183563232,0.6399999856948853,0.22370000183582306
YDR044W,YNL251C,0,-5.8857126,0.22237664461135864,0.6399999856948853,0.22380000352859497
YDL095W,YDR259C,0,-5.885733,0.22229941189289093,0.6399999856948853,0.22390000522136688
YAL026C,YLR371W,1,-5.8860507,0.22256945073604584,0.640999972820282,0.22390000522136688
YDR339C,YOR073W,0,-5.886083,0.22249218821525574,0.640999972820282,0.2240000069141388
YEL001C,YJL061W,0,-5.886415,0.2224149852991104,0.640999972820282,0.2240999937057495
YDL019C,YJL204C,1,-5.8871417,0.22268469631671906,0.6420000195503235,0.2240999937057495
YKR080W,YKL175W,0,-5.8875427,0.22260749340057373,0.6420000195503235,0.22419999539852142
YKL045W,YLR019W,0,-5.8877335,0.222530335187912,0.6420000195503235,0.22429999709129333
YBL002W,YIL022W,0,-5.887737,0.22245322167873383,0.6420000195503235,0.22439999878406525
YAL026C,YJL204C,1,-5.889037,0.22272254526615143,0.6430000066757202,0.22439999878406525
YCL032W,YNR048W,0,-5.8894734,0.22264543175697327,0.6430000066757202,0.22450000047683716
YDR173C,YGL150C,0,-5.889991,0.2225683629512787,0.6430000066757202,0.22460000216960907
YAL053W,YCL004W,0,-5.8905063,0.22249135375022888,0.6430000066757202,0.22470000386238098
YGL043W,YNL240C,0,-5.8907905,0.22241438925266266,0.6430000066757202,0.2248000055551529
YBR218C,YDR529C,0,-5.890881,0.2223374843597412,0.6430000066757202,0.2249000072479248
YOR027W,YJR133W,0,-5.8920875,0.22226062417030334,0.6430000066757202,0.22499999403953552
YMR044W,YKL212W,0,-5.893129,0.22218382358551025,0.6430000066757202,0.22509999573230743
YPL190C,YMR061W,0,-5.893227,0.22210708260536194,0.6430000066757202,0.22519999742507935
YJR138W,YMR091C,0,-5.89327,0.2220303863286972,0.6430000066757202,0.22529999911785126
YOR327C,YHR016C,1,-5.8939385,0.22229893505573273,0.6439999938011169,0.22529999911785126
YBR058C,YDR400W,0,-5.894179,0.2222222238779068,0.6439999938011169,0.22540000081062317
YKL186C,YGR099W,0,-5.8946004,0.22214557230472565,0.6439999938011169,0.22550000250339508
YDL036C,YDR381W,0,-5.894711,0.22206896543502808,0.6439999938011169,0.225600004196167
YBL033C,YJR009C,0,-5.8948503,0.22199241816997528,0.6439999938011169,0.2257000058889389
YGR274C,YJR110W,0,-5.89487,0.22191591560840607,0.6439999938011169,0.22579999268054962
YDR261C,YGR209C,0,-5.8950076,0.22183947265148163,0.6439999938011169,0.22589999437332153
YOL049W,YDR234W,0,-5.896522,0.22176308929920197,0.6439999938011169,0.22599999606609344
YJR017C,YDR281C,0,-5.8970327,0.22168675065040588,0.6439999938011169,0.22609999775886536
YKR066C,YKL122C,0,-5.8970733,0.22161045670509338,0.6439999938011169,0.22619999945163727
YKR035W-A,YJR095W,0,-5.897156,0.22153422236442566,0.6439999938011169,0.22630000114440918
YBR039W,YDL042C,0,-5.897204,0.2214580476284027,0.6439999938011169,0.2264000028371811
YML132W,YBR087W,0,-5.897718,0.22138191759586334,0.6439999938011169,0.226500004529953
YMR113W,YOR216C,0,-5.8977966,0.22130584716796875,0.6439999938011169,0.22660000622272491
YDR168W,YOR177C,0,-5.8978086,0.22122982144355774,0.6439999938011169,0.22669999301433563
YOL016C,YIL090W,0,-5.8981714,0.2211538404226303,0.6439999938011169,0.22679999470710754
YDR424C,YDR354W,0,-5.898421,0.22107793390750885,0.6439999938011169,0.22689999639987946
YLR286C,YLR066W,0,-5.899479,0.22100205719470978,0.6439999938011169,0.22699999809265137
YLR314C,YDL150W,0,-5.9002533,0.22092624008655548,0.6439999938011169,0.22709999978542328
YPL149W,YOR236W,0,-5.9005527,0.22085048258304596,0.6439999938011169,0.2272000014781952
YKR058W,YDL240W,0,-5.900886,0.22077476978302002,0.6439999938011169,0.2273000031709671
YOR322C,YGR161C,0,-5.901036,0.22069910168647766,0.6439999938011169,0.227400004863739
YNL298W,YNL330C,0,-5.901358,0.22062350809574127,0.6439999938011169,0.22750000655651093
YBR115C,YNL201C,0,-5.9018703,0.22054794430732727,0.6439999938011169,0.22759999334812164
YOL110W,YMR016C,0,-5.902108,0.22047244012355804,0.6439999938011169,0.22769999504089355
YER027C,YLR272C,0,-5.903327,0.2203969955444336,0.6439999938011169,0.22779999673366547
YIL129C,YJR110W,0,-5.903584,0.22032158076763153,0.6439999938011169,0.22789999842643738
YBR112C,YDR062W,0,-5.904225,0.22024624049663544,0.6439999938011169,0.2280000001192093
YML006C,YDR400W,0,-5.9049497,0.22017094492912292,0.6439999938011169,0.2281000018119812
YDR343C,YPR006C,0,-5.9049573,0.220095694065094,0.6439999938011169,0.2282000035047531
YML062C,YHR006W,0,-5.9051433,0.22002050280570984,0.6439999938011169,0.22830000519752502
YOL108C,YKR055W,0,-5.905378,0.21994535624980927,0.6439999938011169,0.22840000689029694
YIL043C,YBL055C,0,-5.9054217,0.21987026929855347,0.6439999938011169,0.22849999368190765
YPR020W,YER120W,0,-5.906095,0.21979522705078125,0.6439999938011169,0.22859999537467957
YBR279W,YPL105C,0,-5.9063506,0.21972022950649261,0.6439999938011169,0.22869999706745148
YKR038C,YNR034W,0,-5.907314,0.21964529156684875,0.6439999938011169,0.2287999987602234
YKL093W,YPL098C,0,-5.9073186,0.21957039833068848,0.6439999938011169,0.2289000004529953
YHR165C,YBR223C,0,-5.907654,0.21949556469917297,0.6439999938011169,0.2290000021457672
YDL056W,YLR019W,0,-5.907809,0.21942079067230225,0.6439999938011169,0.22910000383853912
YKR027W,YOR227W,0,-5.9084496,0.2193460464477539,0.6439999938011169,0.22920000553131104
YGR061C,YGR229C,0,-5.9085817,0.21927136182785034,0.6439999938011169,0.22930000722408295
YNL242W,YKR058W,0,-5.9089622,0.21919673681259155,0.6439999938011169,0.22939999401569366
YDR059C,YLR337C,1,-5.909099,0.21946240961551666,0.6449999809265137,0.22939999401569366
YDR155C,YBR240C,0,-5.909453,0.21938775479793549,0.6449999809265137,0.22949999570846558
YMR198W,YGL020C,0,-5.9096026,0.21931315958499908,0.6449999809265137,0.2295999974012375
YFL039C,YIR006C,1,-5.9113708,0.21957851946353912,0.6460000276565552,0.2295999974012375
YGL168W,YBR083W,0,-5.9114475,0.21950390934944153,0.6460000276565552,0.2296999990940094
YKL198C,YER123W,0,-5.911511,0.21942934393882751,0.6460000276565552,0.2298000007867813
YDR517W,YPL252C,0,-5.911651,0.21935483813285828,0.6460000276565552,0.22990000247955322
YOR383C,YGL106W,0,-5.912227,0.21928037703037262,0.6460000276565552,0.23000000417232513
YLR439W,YDR105C,0,-5.9123654,0.21920597553253174,0.6460000276565552,0.23010000586509705
YPL181W,YJR043C,0,-5.9124584,0.21913161873817444,0.6460000276565552,0.23019999265670776
YCR094W,YKL203C,1,-5.9126225,0.2193964123725891,0.6470000147819519,0.23019999265670776
YCR088W,YKL095W,0,-5.914252,0.21932204067707062,0.6470000147819519,0.23029999434947968
YDR315C,YNL006W,0,-5.9143314,0.2192477136850357,0.6470000147819519,0.2303999960422516
YGL119W,YDL132W,0,-5.9148607,0.21917344629764557,0.6470000147819519,0.2304999977350235
YHR116W,YNL330C,0,-5.9151235,0.219099223613739,0.6470000147819519,0.2305999994277954
YDR378C,YOR247W,0,-5.9152503,0.21902504563331604,0.6470000147819519,0.23070000112056732
YHR107C,YDR276C,0,-5.9156737,0.21895092725753784,0.6470000147819519,0.23080000281333923
YNL280C,YMR044W,0,-5.9165416,0.21887685358524323,0.6470000147819519,0.23090000450611115
YLR096W,YJL133W,0,-5.916668,0.21880283951759338,0.6470000147819519,0.23100000619888306
YOR217W,YDR427W,0,-5.916981,0.21872887015342712,0.6470000147819519,0.23109999299049377
YDR208W,YJR007W,0,-5.917144,0.21865494549274445,0.6470000147819519,0.23119999468326569
YDR069C,YGR086C,1,-5.917191,0.21891891956329346,0.6480000019073486,0.23119999468326569
YDR175C,YMR214W,0,-5.9172153,0.21884498000144958,0.6480000019073486,0.2312999963760376
YPL131W,YIL074C,0,-5.917318,0.2187711000442505,0.6480000019073486,0.2313999980688095
YHR141C,YKL119C,0,-5.917933,0.21869726479053497,0.6480000019073486,0.23149999976158142
YPL217C,YPL177C,0,-5.918058,0.21862348914146423,0.6480000019073486,0.23160000145435333
YPL084W,YGL077C,0,-5.9180646,0.21854974329471588,0.6480000019073486,0.23170000314712524
YJL026W,YKL056C,0,-5.918252,0.2184760570526123,0.6480000019073486,0.23180000483989716
YLR037C,YEL031W,0,-5.9182906,0.2184024304151535,0.6480000019073486,0.23190000653266907
YBR288C,YDL240W,0,-5.918961,0.2183288335800171,0.6480000019073486,0.23199999332427979
YGR143W,YDR353W,0,-5.919348,0.21825531125068665,0.6480000019073486,0.2320999950170517
YDL208W,YLR043C,0,-5.920954,0.2181818187236786,0.6480000019073486,0.2321999967098236
YOR327C,YKL203C,1,-5.921373,0.21844497323036194,0.6489999890327454,0.2321999967098236
YJL137C,YDR077W,0,-5.921477,0.2183714658021927,0.6489999890327454,0.23229999840259552
YDL008W,YOL151W,0,-5.9215565,0.2182980179786682,0.6489999890327454,0.23240000009536743
YBR290W,YBR298C,0,-5.9220386,0.21822461485862732,0.6489999890327454,0.23250000178813934
YDR097C,YER041W,0,-5.922045,0.21815125644207,0.6489999890327454,0.23260000348091125
YGR163W,YBR130C,0,-5.9225125,0.21807795763015747,0.6489999890327454,0.23270000517368317
YNL293W,YER111C,0,-5.923386,0.21800470352172852,0.6489999890327454,0.23280000686645508
YMR240C,YOR351C,0,-5.923716,0.21793149411678314,0.6489999890327454,0.2328999936580658
YKL176C,YMR106C,0,-5.9241347,0.21785834431648254,0.6489999890327454,0.2329999953508377
YPL016W,YLR120C,0,-5.924509,0.21778523921966553,0.6489999890327454,0.23309999704360962
YER109C,YMR095C,0,-5.924593,0.2177121788263321,0.6489999890327454,0.23319999873638153
YDR075W,YDR164C,0,-5.9250517,0.21763916313648224,0.6489999890327454,0.23330000042915344
YLR117C,YAL042W,0,-5.925074,0.21756620705127716,0.6489999890327454,0.23340000212192535
YGR197C,YBR169C,0,-5.925114,0.21749329566955566,0.6489999890327454,0.23350000381469727
YLR133W,YAL028W,0,-5.925224,0.21742042899131775,0.6489999890327454,0.23360000550746918
YLR291C,YBL057C,0,-5.9252663,0.2173476219177246,0.6489999890327454,0.2337000072002411
YMR260C,YOR332W,0,-5.925344,0.21727485954761505,0.6489999890327454,0.2337999939918518
YGL200C,YPR088C,0,-5.92579,0.21720214188098907,0.6489999890327454,0.23389999568462372
YNL270C,YDR484W,0,-5.925938,0.21712946891784668,0.6489999890327454,0.23399999737739563
YJL201W,YPL105C,0,-5.92635,0.21705685555934906,0.6489999890327454,0.23409999907016754
YPL227C,YCR002C,0,-5.926421,0.21698428690433502,0.6489999890327454,0.23420000076293945
YCL011C,YDR381W,0,-5.926748,0.21691176295280457,0.6489999890327454,0.23430000245571136
YBL002W,YER126C,0,-5.926947,0.21683929860591888,0.6489999890327454,0.23440000414848328
YNL130C,YNL025C,0,-5.9271502,0.2167668640613556,0.6489999890327454,0.2345000058412552
YOR085W,YOL039W,0,-5.9271975,0.21669448912143707,0.6489999890327454,0.2345999926328659
YNL280C,YOL133W,0,-5.927578,0.21662215888500214,0.6489999890327454,0.23469999432563782
YDL192W,YDR007W,0,-5.9278293,0.21654988825321198,0.6489999890327454,0.23479999601840973
YOL012C,YHL013C,0,-5.927842,0.2164776474237442,0.6489999890327454,0.23489999771118164
YPR017C,YLL026W,0,-5.927864,0.2164054661989212,0.6489999890327454,0.23499999940395355
YAL058W,YDL006W,0,-5.928189,0.2163333296775818,0.6489999890327454,0.23510000109672546
YNL020C,YER125W,1,-5.9282565,0.21659447252750397,0.6499999761581421,0.23510000109672546
YLR210W,YDR347W,0,-5.928784,0.21652232110500336,0.6499999761581421,0.23520000278949738
YDR137W,YBR014C,0,-5.9288554,0.21645021438598633,0.6499999761581421,0.2353000044822693
YPL051W,YBR005W,0,-5.928999,0.21637816727161407,0.6499999761581421,0.2354000061750412
YBL051C,YGR185C,0,-5.929177,0.2163061499595642,0.6499999761581421,0.23549999296665192
YHR075C,YJR059W,0,-5.9295835,0.21623419225215912,0.6499999761581421,0.23559999465942383
YDR047W,YNL037C,0,-5.929959,0.2161622941493988,0.6499999761581421,0.23569999635219574
YGR154C,YJL210W,0,-5.929972,0.21609042584896088,0.6499999761581421,0.23579999804496765
YHR073W,YHR135C,1,-5.930509,0.21635094285011292,0.6510000228881836,0.23579999804496765
YKL139W,YGL064C,0,-5.930866,0.216279074549675,0.6510000228881836,0.23589999973773956
YGL156W,YOL072W,0,-5.9317822,0.21620723605155945,0.6510000228881836,0.23600000143051147
YCR024C-A,YGL252C,0,-5.931855,0.21613545715808868,0.6510000228881836,0.2361000031232834
YAR019C,YJL192C,0,-5.932175,0.2160637229681015,0.6510000228881836,0.2362000048160553
YIL140W,YMR271C,0,-5.932507,0.2159920334815979,0.6510000228881836,0.2363000065088272
YBR026C,YNR013C,0,-5.9326077,0.21592040359973907,0.6510000228881836,0.23639999330043793
YDR320C,YER090W,0,-5.9326234,0.21584880352020264,0.6510000228881836,0.23649999499320984
YMR288W,YFR010W,0,-5.9326487,0.21577726304531097,0.6510000228881836,0.23659999668598175
YNR044W,YJL197W,0,-5.9328566,0.2157057672739029,0.6510000228881836,0.23669999837875366
YDR038C,YBR276C,0,-5.9331985,0.2156343162059784,0.6510000228881836,0.23680000007152557
YOL042W,YLL040C,0,-5.9333405,0.21556290984153748,0.6510000228881836,0.23690000176429749
YOL044W,YPL180W,0,-5.9336214,0.21549156308174133,0.6510000228881836,0.2370000034570694
YJR077C,YHR106W,0,-5.9337926,0.21542024612426758,0.6510000228881836,0.2371000051498413
YDL002C,YHR070W,0,-5.934339,0.2153489887714386,0.6510000228881836,0.23720000684261322
YGR191W,YBR115C,0,-5.9343686,0.2152777761220932,0.6510000228881836,0.23729999363422394
YCR094W,YEL027W,1,-5.934832,0.2155371904373169,0.6520000100135803,0.23729999363422394
YBL005W,YAL001C,0,-5.9351296,0.2154659628868103,0.6520000100135803,0.23739999532699585
YDL051W,YBR263W,0,-5.935149,0.2153947800397873,0.6520000100135803,0.23749999701976776
YIL040W,YCL033C,0,-5.937,0.21532364189624786,0.6520000100135803,0.23759999871253967
YML095C,YGR215W,0,-5.938297,0.2152525633573532,0.6520000100135803,0.23770000040531158
YLL050C,YDL052C,0,-5.938911,0.21518151462078094,0.6520000100135803,0.2378000020980835
YLL018C,YOL080C,0,-5.9391437,0.21511052548885345,0.6520000100135803,0.2379000037908554
YMR109W,YLR337C,1,-5.939499,0.21536938846111298,0.652999997138977,0.2379000037908554
YOR259C,YBR152W,0,-5.939654,0.2152983844280243,0.652999997138977,0.23800000548362732
YJL221C,YIL136W,0,-5.9401426,0.2152274250984192,0.652999997138977,0.23810000717639923
YGL186C,YER123W,0,-5.940181,0.21515651047229767,0.652999997138977,0.23819999396800995
YMR039C,YIL156W,0,-5.9402556,0.21508564054965973,0.652999997138977,0.23829999566078186
YKR003W,YLR337C,1,-5.941109,0.21534408628940582,0.6539999842643738,0.23829999566078186
YLR370C,YKR102W,0,-5.941581,0.2152732014656067,0.6539999842643738,0.23839999735355377
YLR248W,YJL192C,0,-5.94231,0.21520237624645233,0.6539999842643738,0.23849999904632568
YLR069C,YBL034C,0,-5.9425454,0.21513158082962036,0.6539999842643738,0.2386000007390976
YPR047W,YLL041C,0,-5.9427757,0.21506083011627197,0.6539999842643738,0.2387000024318695
YLR309C,YDL194W,0,-5.943012,0.21499013900756836,0.6539999842643738,0.23880000412464142
YOR025W,YDL006W,0,-5.943034,0.21491949260234833,0.6539999842643738,0.23890000581741333
YGR257C,YMR263W,0,-5.943192,0.21484887599945068,0.6539999842643738,0.23899999260902405
YLR056W,YGR241C,1,-5.9436755,0.21510672569274902,0.6549999713897705,0.23899999260902405
YBL082C,YKL218C,0,-5.94368,0.21503610908985138,0.6549999713897705,0.23909999430179596
YLR016C,YMR293C,0,-5.943819,0.21496553719043732,0.6549999713897705,0.23919999599456787
YLR429W,YGL040C,0,-5.944248,0.21489500999450684,0.6549999713897705,0.23929999768733978
YFR046C,YKL093W,0,-5.9442697,0.21482452750205994,0.6549999713897705,0.2393999993801117
YDL161W,YPL032C,1,-5.9443135,0.21508195996284485,0.656000018119812,0.2393999993801117
YMR113W,YCL051W,0,-5.9443793,0.21501147747039795,0.656000018119812,0.2395000010728836
YBL057C,YDR407C,0,-5.945101,0.21494102478027344,0.656000018119812,0.23960000276565552
YDR295C,YPR164W,0,-5.945516,0.2148706167936325,0.656000018119812,0.23970000445842743
YER145C,YJR103W,0,-5.945633,0.21480026841163635,0.656000018119812,0.23980000615119934
YPL209C,YBR098W,0,-5.945852,0.21472994983196259,0.656000018119812,0.23989999294281006
YGL040C,YOR191W,0,-5.9459214,0.2146596908569336,0.656000018119812,0.23999999463558197
YGL043W,YOR099W,0,-5.946329,0.214589461684227,0.656000018119812,0.24009999632835388
YLR195C,YMR039C,0,-5.9474425,0.21451929211616516,0.656000018119812,0.2401999980211258
YBR132C,YER048W-A,0,-5.9476886,0.21444916725158691,0.656000018119812,0.2402999997138977
YHR027C,YOR172W,0,-5.9478803,0.21437908709049225,0.656000018119812,0.24040000140666962
YMR109W,YNL093W,1,-5.9480944,0.21463574469089508,0.6570000052452087,0.24040000140666962
YLR209C,YPR056W,0,-5.948396,0.21456564962863922,0.6570000052452087,0.24050000309944153
YGR191W,YBR044C,0,-5.9486322,0.21449559926986694,0.6570000052452087,0.24060000479221344
YDR022C,YOR039W,0,-5.94894,0.21442559361457825,0.6570000052452087,0.24070000648498535
YER054C,YBR199W,0,-5.9491725,0.21435563266277313,0.6570000052452087,0.24079999327659607
YCR091W,YBL093C,0,-5.949582,0.2142857164144516,0.6570000052452087,0.24089999496936798
YGL141W,YIL030C,0,-5.9499764,0.21421584486961365,0.6570000052452087,0.2409999966621399
YOL078W,YBR293W,0,-5.950419,0.21414601802825928,0.6570000052452087,0.2410999983549118
YDR214W,YBR050C,0,-5.9510303,0.21407625079154968,0.6570000052452087,0.24120000004768372
YCL061C,YML061C,0,-5.951288,0.21400651335716248,0.6570000052452087,0.24130000174045563
YPR135W,YIL023C,0,-5.951314,0.21393683552742004,0.6570000052452087,0.24140000343322754
YOR324C,YHR012W,0,-5.951465,0.2138671875,0.6570000052452087,0.24150000512599945
YHR104W,YJR133W,0,-5.952128,0.21379759907722473,0.6570000052452087,0.24160000681877136
YHR091C,YBR237W,0,-5.952191,0.21372804045677185,0.6570000052452087,0.24169999361038208
YLR163C,YPL129W,0,-5.9522567,0.21365854144096375,0.6570000052452087,0.241799995303154
YBR160W,YBR044C,0,-5.952287,0.21358907222747803,0.6570000052452087,0.2418999969959259
YMR154C,YDR409W,0,-5.9523034,0.21351966261863708,0.6570000052452087,0.24199999868869781
YBR214W,YLR337C,1,-5.9529314,0.213775172829628,0.6579999923706055,0.24199999868869781
YOL078W,YDR251W,0,-5.953585,0.21370574831962585,0.6579999923706055,0.24210000038146973
YFR002W,YGR090W,0,-5.9542575,0.2136363685131073,0.6579999923706055,0.24220000207424164
YCL034W,YLR337C,1,-5.95431,0.21389159560203552,0.6589999794960022,0.24220000207424164
YPL177C,YIL106W,0,-5.9544663,0.21382218599319458,0.6589999794960022,0.24230000376701355
YOR367W,YGR104C,0,-5.9545302,0.2137528359889984,0.6589999794960022,0.24240000545978546
YDR069C,YPL032C,1,-5.954644,0.21400777995586395,0.6600000262260437,0.24240000545978546
YPR175W,YDR351W,0,-5.954717,0.2139384150505066,0.6600000262260437,0.24250000715255737
YDR219C,YML061C,0,-5.955112,0.21386907994747162,0.6600000262260437,0.2425999939441681
YDL243C,YIL124W,0,-5.9552035,0.21379980444908142,0.6600000262260437,0.24269999563694
YDR243C,YLL013C,0,-5.955495,0.2137305736541748,0.6600000262260437,0.24279999732971191
YLR078C,YCL004W,0,-5.955504,0.21366137266159058,0.6600000262260437,0.24289999902248383
YBR115C,YMR097C,0,-5.9555306,0.21359223127365112,0.6600000262260437,0.24300000071525574
YOL078W,YER150W,0,-5.955788,0.21352313458919525,0.6600000262260437,0.24310000240802765
YOR109W,YJL204C,1,-5.9563704,0.21377749741077423,0.6610000133514404,0.24310000240802765
YLR332W,YDL064W,0,-5.9566536,0.21370837092399597,0.6610000133514404,0.24320000410079956
YOR363C,YGL045W,0,-5.9568954,0.2136393040418625,0.6610000133514404,0.24330000579357147
YAL034W-A,YBR058C,0,-5.957191,0.21357028186321259,0.6610000133514404,0.2433999925851822
YPL271W,YGR221C,0,-5.9572167,0.21350128948688507,0.6610000133514404,0.2434999942779541
YOR039W,YGR033C,0,-5.957295,0.21343235671520233,0.6610000133514404,0.243599995970726
YDL197C,YPR139C,0,-5.9573007,0.21336345374584198,0.6610000133514404,0.24369999766349792
YKR039W,YDL188C,0,-5.9574685,0.2132946103811264,0.6610000133514404,0.24379999935626984
YMR105C,YJR010C-A,0,-5.957679,0.2132258117198944,0.6610000133514404,0.24390000104904175
YMR193W,YPL193W,0,-5.9577928,0.2131570428609848,0.6610000133514404,0.24400000274181366
YLR066W,YPL016W,0,-5.9579344,0.21308833360671997,0.6610000133514404,0.24410000443458557
YDL149W,YML092C,0,-5.9579453,0.21301965415477753,0.6610000133514404,0.24420000612735748
YML011C,YNL229C,0,-5.958084,0.21295103430747986,0.6610000133514404,0.2442999929189682
YHR129C,YDR443C,0,-5.9583907,0.21288244426250458,0.6610000133514404,0.2443999946117401
YBR122C,YOR153W,0,-5.9585705,0.21281391382217407,0.6610000133514404,0.24449999630451202
YGL222C,YER051W,0,-5.958629,0.21274541318416595,0.6610000133514404,0.24459999799728394
YLR369W,YER093C,0,-5.958726,0.21267695724964142,0.6610000133514404,0.24469999969005585
YNR043W,YCL043C,0,-5.9591217,0.21260856091976166,0.6610000133514404,0.24480000138282776
YML062C,YOL042W,0,-5.959763,0.21254019439220428,0.6610000133514404,0.24490000307559967
YJL081C,YMR292W,0,-5.9602604,0.2124718725681305,0.6610000133514404,0.24500000476837158
YLR260W,YGL145W,0,-5.9602795,0.21240359544754028,0.6610000133514404,0.2451000064611435
YBR227C,YOR353C,0,-5.96093,0.21233536303043365,0.6610000133514404,0.2451999932527542
YKR006C,YGR023W,0,-5.9609866,0.2122671753168106,0.6610000133514404,0.24529999494552612
YMR283C,YDR404C,0,-5.9612765,0.21219903230667114,0.6610000133514404,0.24539999663829803
YGR037C,YOR136W,0,-5.9614305,0.21213093400001526,0.6610000133514404,0.24549999833106995
YMR068W,YLR328W,0,-5.9614854,0.21206288039684296,0.6610000133514404,0.24560000002384186
YEL063C,YGR163W,0,-5.9616933,0.21199487149715424,0.6610000133514404,0.24570000171661377
YNL041C,YCR061W,0,-5.962066,0.2119268923997879,0.6610000133514404,0.24580000340938568
YDR309C,YGR212W,0,-5.962255,0.21185897290706635,0.6610000133514404,0.2459000051021576
YPR042C,YJR009C,0,-5.9628468,0.21179109811782837,0.6610000133514404,0.2460000067949295
YDL240W,YOR347C,0,-5.963033,0.21172325313091278,0.6610000133514404,0.24609999358654022
YPR171W,YML007W,0,-5.9632716,0.21165545284748077,0.6610000133514404,0.24619999527931213
YFR031C,YDR160W,0,-5.9633126,0.21158771216869354,0.6610000133514404,0.24629999697208405
YEL027W,YER166W,1,-5.9634247,0.21184000372886658,0.6620000004768372,0.24629999697208405
YMR068W,YPL193W,0,-5.9640737,0.21177223324775696,0.6620000004768372,0.24639999866485596
YNR016C,YLR304C,0,-5.964162,0.21170450747013092,0.6620000004768372,0.24650000035762787
YNL232W,YJR014W,0,-5.964251,0.21163682639598846,0.6620000004768372,0.24660000205039978
YFR013W,YMR024W,0,-5.964257,0.2115691900253296,0.6620000004768372,0.2467000037431717
YOR311C,YDR329C,0,-5.9643793,0.2115015983581543,0.6620000004768372,0.2468000054359436
YDR118W,YKR049C,0,-5.9644303,0.21143405139446259,0.6620000004768372,0.24690000712871552
YCR028C,YML052W,1,-5.965595,0.21168582141399384,0.6629999876022339,0.24690000712871552
YKL203C,YNL093W,1,-5.965636,0.21193744242191315,0.6639999747276306,0.24690000712871552
YOR327C,YDR177W,1,-5.9659157,0.21218889951705933,0.6650000214576721,0.24690000712871552
YFL055W,YDL035C,0,-5.966158,0.21212121844291687,0.6650000214576721,0.24699999392032623
YDR052C,YGL040C,0,-5.9664116,0.2120535671710968,0.6650000214576721,0.24709999561309814
YNL123W,YLR305C,0,-5.9666233,0.2119859755039215,0.6650000214576721,0.24719999730587006
YOR043W,YHR161C,1,-5.966698,0.21223708987236023,0.6660000085830688,0.24719999730587006
YJL155C,YGR056W,0,-5.9669127,0.21216948330402374,0.6660000085830688,0.24729999899864197
YOL033W,YNL079C,0,-5.9669757,0.21210190653800964,0.6660000085830688,0.24740000069141388
YMR035W,YDR160W,0,-5.967488,0.21203438937664032,0.6660000085830688,0.2475000023841858
YLR395C,YDL115C,0,-5.96765,0.21196690201759338,0.6660000085830688,0.2476000040769577
YNL280C,YER145C,0,-5.9677916,0.21189945936203003,0.6660000085830688,0.24770000576972961
YMR162C,YER120W,0,-5.9679933,0.21183206140995026,0.6660000085830688,0.24779999256134033
YKL192C,YKL139W,0,-5.9681697,0.21176470816135406,0.6660000085830688,0.24789999425411224
YLL042C,YNL051W,0,-5.9689984,0.21169739961624146,0.6660000085830688,0.24799999594688416
YPL171C,YER098W,0,-5.969174,0.21163012087345123,0.6660000085830688,0.24809999763965607
YOL104C,YMR293C,0,-5.9693494,0.2115629017353058,0.6660000085830688,0.24819999933242798
YJL204C,YDR177W,1,-5.970429,0.21181327104568481,0.6669999957084656,0.24819999933242798
YKL203C,YDR177W,1,-5.9708076,0.2120634913444519,0.6679999828338623,0.24819999933242798
YDL117W,YGR170W,0,-5.970823,0.2119961977005005,0.6679999828338623,0.2483000010251999
YGR284C,YFL002C,0,-5.97125,0.21192893385887146,0.6679999828338623,0.2484000027179718
YJR050W,YNL007C,0,-5.971308,0.211861714720726,0.6679999828338623,0.2485000044107437
YIL112W,YBR153W,0,-5.9713326,0.21179454028606415,0.6679999828338623,0.24860000610351562
YGR247W,YOR232W,0,-5.9722624,0.21172741055488586,0.6679999828338623,0.24869999289512634
YMR309C,YKL058W,0,-5.9726286,0.21166032552719116,0.6679999828338623,0.24879999458789825
YGR256W,YDL072C,0,-5.9729133,0.21159328520298004,0.6679999828338623,0.24889999628067017
YFL036W,YBR228W,0,-5.97306,0.2115262895822525,0.6679999828338623,0.24899999797344208
YKL046C,YBR251W,0,-5.973134,0.21145932376384735,0.6679999828338623,0.249099999666214
YNL239W,YOR346W,0,-5.973593,0.21139240264892578,0.6679999828338623,0.2492000013589859
YNL315C,YBR069C,0,-5.973662,0.2113255262374878,0.6679999828338623,0.2493000030517578
YKL015W,YOR216C,0,-5.9738493,0.2112586945295334,0.6679999828338623,0.24940000474452972
YHR147C,YPL196W,0,-5.974219,0.21119190752506256,0.6679999828338623,0.24950000643730164
YNL101W,YDR459C,0,-5.974306,0.21112516522407532,0.6679999828338623,0.24959999322891235
YPR128C,YDL103C,0,-5.974358,0.21105845272541046,0.6679999828338623,0.24969999492168427
YOR035C,YBR067C,0,-5.9748816,0.2109917849302292,0.6679999828338623,0.24979999661445618
YER007W,YKR072C,0,-5.975213,0.2109251618385315,0.6679999828338623,0.2498999983072281
YNL106C,YCR053W,1,-5.975223,0.21117424964904785,0.6690000295639038,0.2498999983072281
YOR161C,YMR053C,0,-5.9756885,0.21110761165618896,0.6690000295639038,0.25
YDR093W,YIL002C,1,-5.9768066,0.21135646104812622,0.6700000166893005,0.25
YBL032W,YER005W,0,-5.9770346,0.21128980815410614,0.6700000166893005,0.2500999867916107
YEL001C,YLR219W,0,-5.9771786,0.21122319996356964,0.6700000166893005,0.2502000033855438
YPL051W,YOL147C,0,-5.977525,0.21115663647651672,0.6700000166893005,0.25029999017715454
YDR069C,YLR337C,1,-5.977568,0.2114051729440689,0.6710000038146973,0.25029999017715454
YLR138W,YGL049C,0,-5.97769,0.2113385796546936,0.6710000038146973,0.25040000677108765
YDR064W,YGR063C,0,-5.977878,0.21127204596996307,0.6710000038146973,0.25049999356269836
YGL151W,YOR127W,0,-5.978207,0.21120554208755493,0.6710000038146973,0.25060001015663147
YLR337C,YGR241C,1,-5.978241,0.21145375072956085,0.671999990940094,0.25060001015663147
YDR454C,YLR378C,0,-5.978387,0.21138723194599152,0.671999990940094,0.2506999969482422
YOR080W,YPL268W,0,-5.979584,0.21132075786590576,0.671999990940094,0.2508000135421753
YBR102C,YAR002W,0,-5.9799714,0.2112543284893036,0.671999990940094,0.250900000333786
YPL228W,YOR178C,0,-5.9799767,0.2111879289150238,0.671999990940094,0.25099998712539673
YJR104C,YOR179C,0,-5.980656,0.2111215889453888,0.671999990940094,0.25110000371932983
YJR138W,YNL098C,0,-5.9811864,0.21105527877807617,0.671999990940094,0.25119999051094055
YER159C,YPR025C,0,-5.9816017,0.21098901331424713,0.671999990940094,0.25130000710487366
YNL232W,YFR027W,0,-5.98167,0.21092279255390167,0.671999990940094,0.2513999938964844
YDR301W,YMR281W,0,-5.9827433,0.2108566015958786,0.671999990940094,0.2515000104904175
YBR245C,YAR031W,0,-5.9830117,0.2107904702425003,0.671999990940094,0.2515999972820282
YNR027W,YDR435C,0,-5.9835324,0.2107243686914444,0.671999990940094,0.2517000138759613
YCL025C,YBL014C,0,-5.9835854,0.21065831184387207,0.671999990940094,0.251800000667572
YLR100W,YIL144W,0,-5.983851,0.21059228479862213,0.671999990940094,0.25189998745918274
YER144C,YDR495C,0,-5.984181,0.21052631735801697,0.671999990940094,0.25200000405311584
YLR304C,YJR099W,0,-5.9844356,0.2104603797197342,0.671999990940094,0.25209999084472656
YMR044W,YMR218C,0,-5.984603,0.210394486784935,0.671999990940094,0.25220000743865967
YLR315W,YML064C,0,-5.9848533,0.21032863855361938,0.671999990940094,0.2522999942302704
YDR301W,YCR083W,0,-5.984943,0.21026283502578735,0.671999990940094,0.2524000108242035
YER051W,YGR263C,0,-5.985063,0.2101970613002777,0.671999990940094,0.2524999976158142
YJL005W,YPL208W,0,-5.9852867,0.21013133227825165,0.671999990940094,0.2526000142097473
YIL154C,YOR175C,0,-5.9856706,0.21006564795970917,0.671999990940094,0.25270000100135803
YEL027W,YCL034W,1,-5.986369,0.21031250059604645,0.6729999780654907,0.25270000100135803
YPR041W,YOL006C,0,-5.986564,0.21024680137634277,0.6729999780654907,0.25279998779296875
YDL085W,YEL060C,0,-5.9877777,0.2101811319589615,0.6729999780654907,0.25290000438690186
YPL161C,YER019W,0,-5.987922,0.21011552214622498,0.6729999780654907,0.2529999911785126
YKR072C,YOR060C,0,-5.9883637,0.21004994213581085,0.6729999780654907,0.2531000077724457
YPR017C,YPL151C,0,-5.98838,0.20998439192771912,0.6729999780654907,0.2531999945640564
YPL177C,YLR223C,0,-5.988647,0.20991890132427216,0.6729999780654907,0.2533000111579895
YOR074C,YGL155W,0,-5.9886894,0.20985344052314758,0.6729999780654907,0.2533999979496002
YOL146W,YOR190W,0,-5.9890523,0.2097880244255066,0.6729999780654907,0.2535000145435333
YML081C-A,YJL109C,0,-5.9892216,0.20972265303134918,0.6729999780654907,0.25360000133514404
YOR043W,YGR241C,1,-5.989325,0.20996885001659393,0.6740000247955322,0.25360000133514404
YJL204C,YER125W,1,-5.9901395,0.21021488308906555,0.675000011920929,0.25360000133514404
YJR050W,YPL234C,0,-5.990293,0.21014943718910217,0.675000011920929,0.25369998812675476
YJR064W,YDR424C,0,-5.990683,0.21008403599262238,0.675000011920929,0.25380000472068787
YLR206W,YPL145C,1,-5.990762,0.2103298008441925,0.6759999990463257,0.25380000472068787
YOL016C,YMR292W,0,-5.9908004,0.2102643847465515,0.6759999990463257,0.2538999915122986
YNL042W,YDR143C,0,-5.9914327,0.2101989984512329,0.6759999990463257,0.2540000081062317
YKL166C,YDR400W,0,-5.991469,0.21013367176055908,0.6759999990463257,0.2540999948978424
YLR006C,YNL332W,0,-5.991684,0.21006835997104645,0.6759999990463257,0.2542000114917755
YLR254C,YCR004C,0,-5.991923,0.2100031077861786,0.6759999990463257,0.25429999828338623
YDR283C,YPL017C,0,-5.9920955,0.20993788540363312,0.6759999990463257,0.25440001487731934
YER015W,YDR208W,0,-5.9922843,0.20987270772457123,0.6759999990463257,0.25450000166893005
YJL145W,YJR126C,0,-5.992614,0.20980757474899292,0.6759999990463257,0.25459998846054077
YJL209W,YPR156C,0,-5.9930615,0.209742471575737,0.6759999990463257,0.2547000050544739
YPR189W,YBL034C,0,-5.9931235,0.20967741310596466,0.6759999990463257,0.2547999918460846
YGL061C,YLR260W,0,-5.993233,0.2096123993396759,0.6759999990463257,0.2549000084400177
YOR065W,YER174C,0,-5.9934745,0.20954743027687073,0.6759999990463257,0.2549999952316284
YBR230C,YPL016W,0,-5.993822,0.20948249101638794,0.6759999990463257,0.2551000118255615
YPL151C,YOR116C,0,-5.9941087,0.20941759645938873,0.6759999990463257,0.25519999861717224
YPL146C,YPL128C,0,-5.994112,0.2093527466058731,0.6759999990463257,0.25529998540878296
YKL182W,YDR031W,0,-5.994745,0.20928792655467987,0.6759999990463257,0.25540000200271606
YOR174W,YOR241W,0,-5.99495,0.20922315120697021,0.6759999990463257,0.2554999887943268
YPL190C,YPR182W,0,-5.9953265,0.20915842056274414,0.6759999990463257,0.2556000053882599
YGR223C,YNR023W,0,-5.995689,0.20909371972084045,0.6759999990463257,0.2556999921798706
YLR026C,YGL026C,0,-5.995728,0.20902906358242035,0.6759999990463257,0.2558000087738037
YBR211C,YGR155W,0,-5.9960556,0.20896445214748383,0.6759999990463257,0.25589999556541443
YNR027W,YGL043W,0,-5.996252,0.2088998705148697,0.6759999990463257,0.25600001215934753
YCR091W,YNR026C,0,-5.996959,0.20883534848690033,0.6759999990463257,0.25609999895095825
YJL036W,YPR156C,0,-5.9970994,0.20877084136009216,0.6759999990463257,0.25619998574256897
YJL204C,YHR016C,1,-5.9973426,0.2090151309967041,0.6769999861717224,0.25619998574256897
YBL045C,YOR073W,0,-5.9974685,0.20895062386989594,0.6769999861717224,0.2563000023365021
YDR216W,YJL210W,0,-5.997521,0.20888614654541016,0.6769999861717224,0.2563999891281128
YNR027W,YBR283C,0,-5.9978075,0.20882171392440796,0.6769999861717224,0.2565000057220459
YGR142W,YGL104C,0,-5.997871,0.20875732600688934,0.6769999861717224,0.2565999925136566
YNL136W,YML105C,0,-5.999661,0.20869296789169312,0.6769999861717224,0.2567000091075897
YJR108W,YNL042W,0,-5.9998016,0.20862865447998047,0.6769999861717224,0.25679999589920044
YER170W,YKL108W,0,-6.000501,0.2085643857717514,0.6769999861717224,0.25690001249313354
YGR061C,YAL029C,0,-6.0011487,0.20850014686584473,0.6769999861717224,0.25699999928474426
YLR172C,YDL064W,0,-6.0011945,0.20843596756458282,0.6769999861717224,0.257099986076355
YML062C,YGL104C,0,-6.001431,0.20837180316448212,0.6769999861717224,0.2572000026702881
YKL168C,YCR020C,0,-6.001513,0.20830769836902618,0.6769999861717224,0.2572999894618988
YDR016C,YER048W-A,0,-6.0018144,0.20824362337589264,0.6769999861717224,0.2574000060558319
YBR210W,YOR346W,0,-6.00184,0.20817957818508148,0.6769999861717224,0.2574999928474426
YJL117W,YPR178W,0,-6.0021653,0.2081155925989151,0.6769999861717224,0.25760000944137573
YGR120C,YPL232W,0,-6.0023103,0.2080516219139099,0.6769999861717224,0.25769999623298645
YCR009C,YAR042W,1,-6.0023685,0.20829492807388306,0.6779999732971191,0.25769999623298645
YBR110W,YJR143C,0,-6.0026546,0.20823095738887787,0.6779999732971191,0.25780001282691956
YLR219W,YPR007C,0,-6.0027366,0.20816703140735626,0.6779999732971191,0.2578999996185303
YBL071W-A,YGR186W,0,-6.002931,0.20810313522815704,0.6779999732971191,0.257999986410141
YBL040C,YML107C,0,-6.0031047,0.2080392688512802,0.6779999732971191,0.2581000030040741
YER017C,YGR142W,0,-6.0031595,0.20797546207904816,0.6779999732971191,0.2581999897956848
YLR396C,YLR130C,0,-6.003623,0.2079116851091385,0.6779999732971191,0.2583000063896179
YDR385W,YJL154C,0,-6.003856,0.2078479528427124,0.6779999732971191,0.25839999318122864
YNL326C,YBR198C,0,-6.004025,0.2077842503786087,0.6779999732971191,0.25850000977516174
YGR262C,YIL005W,0,-6.004211,0.2077205926179886,0.6779999732971191,0.25859999656677246
YNL023C,YKL152C,0,-6.004213,0.20765696465969086,0.6779999732971191,0.25870001316070557
YMR299C,YML009C,0,-6.0043426,0.2075933814048767,0.6779999732971191,0.2587999999523163
YJL137C,YGR161C,0,-6.004561,0.20752984285354614,0.6779999732971191,0.258899986743927
YMR275C,YLR459W,0,-6.00504,0.20746633410453796,0.6779999732971191,0.2590000033378601
YDL006W,YKR059W,0,-6.005155,0.20740287005901337,0.6779999732971191,0.2590999901294708
YPL029W,YDR468C,0,-6.005518,0.20733945071697235,0.6779999732971191,0.25920000672340393
YGL119W,YBR098W,0,-6.0059094,0.20727606117725372,0.6779999732971191,0.25929999351501465
YIL140W,YMR273C,0,-6.0059743,0.20721271634101868,0.6779999732971191,0.25940001010894775
YPL181W,YHR083W,0,-6.0059843,0.20714940130710602,0.6779999732971191,0.25949999690055847
YLR093C,YKR042W,0,-6.006207,0.20708613097667694,0.6779999732971191,0.2596000134944916
YAL026C,YDR059C,1,-6.0064178,0.20732824504375458,0.6790000200271606,0.2596000134944916
YHR044C,YKL204W,0,-6.0069118,0.2072649598121643,0.6790000200271606,0.2597000002861023
YGL173C,YPR080W,0,-6.0071096,0.20720170438289642,0.6790000200271606,0.259799987077713
YBR210W,YJL004C,0,-6.0071187,0.20713849365711212,0.6790000200271606,0.2599000036716461
YPL181W,YGL150C,0,-6.0071216,0.2070753276348114,0.6790000200271606,0.25999999046325684
YPR186C,YLR034C,0,-6.0077276,0.20701219141483307,0.6790000200271606,0.26010000705718994
YPL134C,YOR297C,0,-6.00777,0.20694909989833832,0.6790000200271606,0.26019999384880066
YBR179C,YKL028W,0,-6.0080447,0.20688603818416595,0.6790000200271606,0.26030001044273376
YBR298C,YBR218C,0,-6.0080824,0.20682302117347717,0.6790000200271606,0.2603999972343445
YNL014W,YBL056W,0,-6.0081058,0.20676004886627197,0.6790000200271606,0.2605000138282776
YDR298C,YMR080C,0,-6.008899,0.20669710636138916,0.6790000200271606,0.2606000006198883
YPL078C,YMR215W,0,-6.0097156,0.20663420855998993,0.6790000200271606,0.260699987411499
YOL133W,YPL022W,0,-6.0097313,0.20657134056091309,0.6790000200271606,0.26080000400543213
YLR206W,YOR327C,1,-6.01045,0.20681264996528625,0.6800000071525574,0.26080000400543213
YKL101W,YDR076W,0,-6.011008,0.20674976706504822,0.6800000071525574,0.26089999079704285
YPR189W,YKR037C,0,-6.0112157,0.20668692886829376,0.6800000071525574,0.26100000739097595
YDR055W,YGR116W,0,-6.0113544,0.2066241204738617,0.6800000071525574,0.26109999418258667
YMR283C,YJL156C,0,-6.011794,0.2065613567829132,0.6800000071525574,0.2612000107765198
YGR074W,YOR227W,0,-6.011812,0.2064986377954483,0.6800000071525574,0.2612999975681305
YGL216W,YNL294C,0,-6.011926,0.2064359486103058,0.6800000071525574,0.2614000141620636
YER054C,YAL016W,0,-6.0119843,0.20637328922748566,0.6800000071525574,0.2615000009536743
YNL166C,YJL100W,0,-6.012277,0.2063106745481491,0.6800000071525574,0.26159998774528503
YJL133W,YIL137C,0,-6.012423,0.20624810457229614,0.6800000071525574,0.26170000433921814
YNR023W,YMR039C,0,-6.0125823,0.20618556439876556,0.6800000071525574,0.26179999113082886
YAR015W,YHR092C,0,-6.013414,0.20612306892871857,0.6800000071525574,0.26190000772476196
YBR122C,YNR026C,0,-6.0136766,0.20606060326099396,0.6800000071525574,0.2619999945163727
YLR337C,YHR135C,1,-6.0137663,0.20630112290382385,0.6809999942779541,0.2619999945163727
YDR076W,YFL036W,0,-6.013883,0.20623864233493805,0.6809999942779541,0.2621000111103058
YCL034W,YPL032C,1,-6.0141945,0.20647895336151123,0.6819999814033508,0.2621000111103058
YIR006C,YDR059C,1,-6.014541,0.20671913027763367,0.6830000281333923,0.2621000111103058
YOR124C,YKR042W,0,-6.0145793,0.2066565752029419,0.6830000281333923,0.2621999979019165
YKL184W,YKL122C,0,-6.01481,0.2065940648317337,0.6830000281333923,0.2623000144958496
YLL018C-A,YOR247W,0,-6.0150533,0.2065315991640091,0.6830000281333923,0.2624000012874603
YOR142W,YOR337W,0,-6.0151215,0.20646916329860687,0.6830000281333923,0.26249998807907104
YLR203C,YGL045W,0,-6.015495,0.20640677213668823,0.6830000281333923,0.26260000467300415
YER013W,YDR354W,0,-6.016094,0.20634441077709198,0.6830000281333923,0.26269999146461487
YAL026C,YGR241C,1,-6.016149,0.2065841108560562,0.6840000152587891,0.26269999146461487
YDL212W,YKL184W,0,-6.0162086,0.20652173459529877,0.6840000152587891,0.262800008058548
YDR237W,YPR113W,0,-6.016531,0.2064594030380249,0.6840000152587891,0.2628999948501587
YPR124W,YPL176C,0,-6.016848,0.20639710128307343,0.6840000152587891,0.2630000114440918
YGR163W,YDL056W,0,-6.016927,0.20633484423160553,0.6840000152587891,0.2630999982357025
YLR394W,YDR142C,0,-6.0172496,0.20627261698246002,0.6840000152587891,0.2632000148296356
YER146W,YDR265W,0,-6.017495,0.2062104344367981,0.6840000152587891,0.26330000162124634
YGL151W,YML007W,0,-6.0175266,0.20614828169345856,0.6840000152587891,0.26339998841285706
YPR037C,YGR077C,0,-6.0184236,0.2060861736536026,0.6840000152587891,0.26350000500679016
YLR399C,YHR092C,0,-6.018747,0.20602409541606903,0.6840000152587891,0.2635999917984009
YBR199W,YBR130C,0,-6.018894,0.20596206188201904,0.6840000152587891,0.263700008392334
YDR363W,YCL044C,0,-6.0192204,0.20590005815029144,0.6840000152587891,0.2637999951839447
YDR110W,YML038C,0,-6.019567,0.20583809912204742,0.6840000152587891,0.2639000117778778
YNL008C,YMR112C,0,-6.019712,0.2057761698961258,0.6840000152587891,0.2639999985694885
YMR219W,YDR478W,0,-6.0199056,0.20571428537368774,0.6840000152587891,0.26409998536109924
YOR177C,YFR052W,0,-6.020618,0.20565243065357208,0.6840000152587891,0.26420000195503235
YBR279W,YER150W,0,-6.020782,0.20559062063694,0.6840000152587891,0.26429998874664307
YDR313C,YAL047C,0,-6.020814,0.2055288404226303,0.6840000152587891,0.26440000534057617
YLR394W,YGL219C,0,-6.0215096,0.2054671049118042,0.6840000152587891,0.2644999921321869
YJR060W,YCR020C-A,0,-6.0217957,0.20540539920330048,0.6840000152587891,0.26460000872612
YMR212C,YKL113C,0,-6.021843,0.20534373819828033,0.6840000152587891,0.2646999955177307
YBR290W,YPL057C,0,-6.0223026,0.20528210699558258,0.6840000152587891,0.2648000121116638
YPR124W,YKR095W,0,-6.0226426,0.2052205204963684,0.6840000152587891,0.26489999890327454
YCR075C,YMR296C,0,-6.022769,0.20515896379947662,0.6840000152587891,0.26499998569488525
YHR028C,YDR489W,0,-6.0229926,0.20509745180606842,0.6840000152587891,0.26510000228881836
YPR189W,YMR106C,0,-6.0232434,0.2050359696149826,0.6840000152587891,0.2651999890804291
YOL021C,YOR175C,0,-6.0236783,0.20497453212738037,0.6840000152587891,0.2653000056743622
YIR023W,YNL169C,0,-6.0236897,0.20491312444210052,0.6840000152587891,0.2653999924659729
YBR218C,YML124C,0,-6.0239253,0.20485174655914307,0.6840000152587891,0.265500009059906
YIL162W,YGL104C,0,-6.024367,0.2047904133796692,0.6840000152587891,0.2655999958515167
YDR052C,YMR238W,0,-6.0245185,0.2047291249036789,0.6840000152587891,0.26570001244544983
YMR097C,YKR046C,0,-6.0248656,0.204667866230011,0.6840000152587891,0.26579999923706055
YLR362W,YOR083W,0,-6.025173,0.20460663735866547,0.6840000152587891,0.26589998602867126
YOR303W,YFR052W,0,-6.0254035,0.20454545319080353,0.6840000152587891,0.26600000262260437
YCR044C,YBR276C,0,-6.025717,0.20448429882526398,0.6840000152587891,0.2660999894142151
YMR113W,YER098W,0,-6.025808,0.204423189163208,0.6840000152587891,0.2662000060081482
YIL140W,YOL116W,0,-6.026302,0.20436210930347443,0.6840000152587891,0.2662999927997589
YPR168W,YCR044C,0,-6.026852,0.20430107414722443,0.6840000152587891,0.266400009393692
YCR048W,YIL052C,0,-6.0268574,0.20424006879329681,0.6840000152587891,0.26649999618530273
YNL029C,YNL218W,0,-6.02698,0.20417910814285278,0.6840000152587891,0.26660001277923584
YBL106C,YIL137C,0,-6.027124,0.20411817729473114,0.6840000152587891,0.26669999957084656
YBL033C,YMR039C,0,-6.027239,0.20405727624893188,0.6840000152587891,0.2667999863624573
YMR170C,YLR284C,0,-6.0275493,0.2039964199066162,0.6840000152587891,0.2669000029563904
YNL227C,YHR073W,1,-6.0282893,0.20423375070095062,0.6850000023841858,0.2669000029563904
YNL225C,YER035W,0,-6.0283647,0.20417287945747375,0.6850000023841858,0.2669999897480011
YLR110C,YDR397C,0,-6.028504,0.20411203801631927,0.6850000023841858,0.2671000063419342
YLR131C,YPR187W,0,-6.0285554,0.20405124127864838,0.6850000023841858,0.2671999931335449
YBR131W,YDR100W,0,-6.0287046,0.20399047434329987,0.6850000023841858,0.267300009727478
YOR160W,YGL210W,0,-6.0294595,0.20392973721027374,0.6850000023841858,0.26739999651908875
YPR051W,YIL115C,0,-6.0297737,0.2038690447807312,0.6850000023841858,0.26750001311302185
YAR042W,YLR337C,1,-6.0297785,0.2041059136390686,0.6859999895095825,0.26750001311302185
YHR108W,YNL063W,0,-6.0299897,0.20404520630836487,0.6859999895095825,0.26759999990463257
YCL064C,YDR153C,0,-6.030223,0.20398454368114471,0.6859999895095825,0.2676999866962433
YPR166C,YGR281W,0,-6.03099,0.20392389595508575,0.6859999895095825,0.2678000032901764
YML046W,YMR200W,0,-6.0311656,0.20386329293251038,0.6859999895095825,0.2678999900817871
YIL074C,YLL048C,0,-6.0312405,0.20380273461341858,0.6859999895095825,0.2680000066757202
YAL054C,YIR004W,0,-6.0314336,0.20374220609664917,0.6859999895095825,0.26809999346733093
YML132W,YOR127W,0,-6.0318694,0.20368170738220215,0.6859999895095825,0.26820001006126404
YER168C,YMR247C,0,-6.0320272,0.2036212533712387,0.6859999895095825,0.26829999685287476
YPR051W,YJR101W,0,-6.032103,0.20356082916259766,0.6859999895095825,0.26840001344680786
YDR047W,YML058W,0,-6.032251,0.20350044965744019,0.6859999895095825,0.2685000002384186
YFL029C,YDR103W,0,-6.0324464,0.2034400999546051,0.6859999895095825,0.2685999870300293
YJL097W,YER012W,0,-6.0328026,0.2033797800540924,0.6859999895095825,0.2687000036239624
YKL029C,YPL079W,0,-6.03336,0.2033195048570633,0.6859999895095825,0.2687999904155731
YPL271W,YIL009W,0,-6.033525,0.20325925946235657,0.6859999895095825,0.2689000070095062
YDL046W,YPR018W,0,-6.034516,0.20319905877113342,0.6859999895095825,0.26899999380111694
YOL077W-A,YBR275C,0,-6.0346828,0.20313888788223267,0.6859999895095825,0.26910001039505005
YNR002C,YER178W,0,-6.035261,0.2030787467956543,0.6859999895095825,0.26919999718666077
YPL078C,YGR280C,0,-6.0352902,0.2030186504125595,0.6859999895095825,0.26930001378059387
YPL171C,YBL105C,0,-6.03571,0.2029585838317871,0.6859999895095825,0.2694000005722046
YDR016C,YPL091W,0,-6.0358915,0.2028985470533371,0.6859999895095825,0.2694999873638153
YFL025C,YCR073W-A,0,-6.036012,0.20283855497837067,0.6859999895095825,0.2696000039577484
YMR061W,YPL214C,0,-6.036245,0.20277859270572662,0.6859999895095825,0.26969999074935913
YNL164C,YBL011W,0,-6.036328,0.20271867513656616,0.6859999895095825,0.26980000734329224
YML101C,YOR254C,0,-6.037276,0.2026587873697281,0.6859999895095825,0.26989999413490295
YAR003W,YJL052W,0,-6.0374665,0.2025989294052124,0.6859999895095825,0.27000001072883606
YIL090W,YJL156C,0,-6.0382037,0.2025391161441803,0.6859999895095825,0.2700999975204468
YMR188C,YIL042C,0,-6.0385385,0.20247933268547058,0.6859999895095825,0.2702000141143799
YBL015W,YCR048W,0,-6.0388827,0.20241959393024445,0.6859999895095825,0.2703000009059906
YBR079C,YER049W,0,-6.0390096,0.2023598849773407,0.6859999895095825,0.2703999876976013
YDR317W,YOR149C,0,-6.0390573,0.20230020582675934,0.6859999895095825,0.2705000042915344
YCR035C,YLR005W,0,-6.039114,0.20224057137966156,0.6859999895095825,0.27059999108314514
YDR069C,YCL034W,1,-6.0397596,0.2024756819009781,0.6869999766349792,0.27059999108314514
YBR279W,YPR074C,0,-6.0398183,0.20241603255271912,0.6869999766349792,0.27070000767707825
YER026C,YLR080W,0,-6.0400662,0.20235641300678253,0.6869999766349792,0.27079999446868896
YDR251W,YMR182C,0,-6.040092,0.20229682326316833,0.6869999766349792,0.27090001106262207
YAL026C,YDR177W,1,-6.040338,0.20253165066242218,0.6880000233650208,0.27090001106262207
YBL046W,YCR061W,0,-6.0404344,0.2024720460176468,0.6880000233650208,0.2709999978542328
YDR202C,YGL243W,0,-6.0411525,0.2024124711751938,0.6880000233650208,0.2711000144481659
YOR176W,YOR278W,0,-6.041941,0.20235294103622437,0.6880000233650208,0.2712000012397766
YHR116W,YDR313C,0,-6.0426946,0.20229344069957733,0.6880000233650208,0.27129998803138733
YBR167C,YJL079C,0,-6.042869,0.20223398506641388,0.6880000233650208,0.27140000462532043
YMR016C,YML124C,0,-6.04363,0.20217455923557281,0.6880000233650208,0.27149999141693115
YPR031W,YER095W,0,-6.0437336,0.20211516320705414,0.6880000233650208,0.27160000801086426
YML100W,YOR075W,0,-6.043775,0.20205579698085785,0.6880000233650208,0.271699994802475
YML046W,YPL007C,0,-6.0441694,0.20199647545814514,0.6880000233650208,0.2718000113964081
YGL211W,YOR175C,0,-6.0443788,0.20193718373775482,0.6880000233650208,0.2718999981880188
YFR031C,YFL037W,0,-6.0445333,0.20187793672084808,0.6880000233650208,0.2720000147819519
YNL294C,YMR227C,0,-6.0448437,0.20181871950626373,0.6880000233650208,0.2721000015735626
YDR483W,YOR326W,0,-6.0448813,0.20175953209400177,0.6880000233650208,0.27219998836517334
YMR163C,YPR141C,0,-6.044888,0.2017003744840622,0.6880000233650208,0.27230000495910645
YHR018C,YOR208W,0,-6.044947,0.2016412615776062,0.6880000233650208,0.27239999175071716
YIR006C,YGR241C,1,-6.046097,0.20187518000602722,0.6890000104904175,0.27239999175071716
YFR047C,YNL201C,0,-6.04677,0.20181605219841003,0.6890000104904175,0.27250000834465027
YLR215C,YER024W,0,-6.0472016,0.20175695419311523,0.6890000104904175,0.272599995136261
YIL065C,YOR279C,0,-6.0478535,0.20169788599014282,0.6890000104904175,0.2727000117301941
YDL135C,YDL123W,0,-6.0478697,0.201638862490654,0.6890000104904175,0.2727999985218048
YDR046C,YOR069W,0,-6.0479746,0.20157986879348755,0.6890000104904175,0.2728999853134155
YER164W,YOR162C,0,-6.048115,0.2015209197998047,0.6890000104904175,0.27300000190734863
YGR247W,YIL115C,0,-6.0482106,0.20146198570728302,0.6890000104904175,0.27309998869895935
YPL112C,YNL283C,0,-6.04857,0.20140309631824493,0.6890000104904175,0.27320000529289246
YMR305C,YLR410W,0,-6.0486174,0.20134423673152924,0.6890000104904175,0.2732999920845032
YPR199C,YKR053C,0,-6.0488877,0.20128542184829712,0.6890000104904175,0.2734000086784363
YKR029C,YKR100C,0,-6.0489163,0.2012266367673874,0.6890000104904175,0.273499995470047
YLR051C,YNR037C,0,-6.049262,0.20116788148880005,0.6890000104904175,0.2736000120639801
YFR014C,YBR058C-A,0,-6.049422,0.2011091709136963,0.6890000104904175,0.2736999988555908
YOL145C,YFR030W,0,-6.0495005,0.20105047523975372,0.6890000104904175,0.27379998564720154
YGR278W,YHR098C,0,-6.0495777,0.20099183917045593,0.6890000104904175,0.27390000224113464
YDR423C,YPR006C,0,-6.049647,0.20093321800231934,0.6890000104904175,0.27399998903274536
YMR257C,YDL030W,0,-6.049701,0.20087464153766632,0.6890000104904175,0.27410000562667847
YKL188C,YDR260C,0,-6.0497074,0.2008160948753357,0.6890000104904175,0.2741999924182892
YJL104W,YGR263C,0,-6.0500445,0.20075757801532745,0.6890000104904175,0.2743000090122223
YNL227C,YHR135C,1,-6.0501885,0.20099039375782013,0.6899999976158142,0.2743000090122223
YMR039C,YPL128C,0,-6.050502,0.2009318619966507,0.6899999976158142,0.274399995803833
YJL133W,YHR091C,0,-6.0506306,0.20087336003780365,0.6899999976158142,0.2745000123977661
YPR171W,YHR141C,0,-6.0513587,0.20081490278244019,0.6899999976158142,0.27459999918937683
YJR086W,YGL026C,0,-6.051534,0.2007564753293991,0.6899999976158142,0.27469998598098755
YOL095C,YJL002C,0,-6.051739,0.20069807767868042,0.6899999976158142,0.27480000257492065
YLL027W,YOR191W,0,-6.0528607,0.2006397247314453,0.6899999976158142,0.27489998936653137
YDL174C,YGR253C,0,-6.053038,0.2005814015865326,0.6899999976158142,0.2750000059604645
YLR377C,YJL121C,0,-6.053779,0.20052310824394226,0.6899999976158142,0.2750999927520752
YJL026W,YHR083W,0,-6.0540934,0.20046484470367432,0.6899999976158142,0.2752000093460083
YLR056W,YBL007C,1,-6.056716,0.20069706439971924,0.6909999847412109,0.2752000093460083
YKR027W,YNL133C,0,-6.057012,0.2006387859582901,0.6909999847412109,0.275299996137619
YNL259C,YIL090W,0,-6.05716,0.20058055222034454,0.6909999847412109,0.2754000127315521
YML107C,YBR254C,0,-6.0571995,0.20052234828472137,0.6909999847412109,0.27549999952316284
YML006C,YGR186W,0,-6.0575566,0.2004641741514206,0.6909999847412109,0.27559998631477356
YDR093W,YLR337C,1,-6.0579543,0.20069605112075806,0.6919999718666077,0.27559998631477356
YDR498C,YDL064W,0,-6.057984,0.20063786208629608,0.6919999718666077,0.27570000290870667
YOR080W,YJR118C,0,-6.058391,0.2005797028541565,0.6919999718666077,0.2757999897003174
YOL065C,YPL175W,0,-6.0585685,0.2005215883255005,0.6919999718666077,0.2759000062942505
YMR267W,YDR091C,0,-6.0589437,0.20046350359916687,0.6919999718666077,0.2759999930858612
YDR093W,YHR073W,1,-6.058952,0.20069505274295807,0.6930000185966492,0.2759999930858612
YGR227W,YHR104W,0,-6.0589843,0.20063693821430206,0.6930000185966492,0.2761000096797943
YIL007C,YDL159W,0,-6.059124,0.20057886838912964,0.6930000185966492,0.27619999647140503
YDR113C,YBR037C,0,-6.059311,0.2005208283662796,0.6930000185966492,0.27630001306533813
YHR037W,YML015C,0,-6.0596943,0.20046283304691315,0.6930000185966492,0.27639999985694885
YDR342C,YMR163C,0,-6.05973,0.20040485262870789,0.6930000185966492,0.27649998664855957
YOR074C,YJL019W,0,-6.060156,0.2003469169139862,0.6930000185966492,0.2766000032424927
YCR020W-B,YGL151W,0,-6.060319,0.20028901100158691,0.6930000185966492,0.2766999900341034
YDR378C,YIL053W,0,-6.0604663,0.2002311497926712,0.6930000185966492,0.2768000066280365
YFL039C,YDR069C,1,-6.060542,0.20046216249465942,0.6940000057220459,0.2768000066280365
YFR055W,YBR195C,0,-6.06086,0.20040427148342133,0.6940000057220459,0.2768999934196472
YJR089W,YDR190C,0,-6.0611043,0.2003464251756668,0.6940000057220459,0.2770000100135803
YOR367W,YGR063C,0,-6.061455,0.2002885937690735,0.6940000057220459,0.27709999680519104
YDR420W,YLR385C,0,-6.061542,0.20023080706596375,0.6940000057220459,0.27720001339912415
YHR109W,YPL085W,0,-6.0616016,0.20017306506633759,0.6940000057220459,0.27730000019073486
YPR043W,YKL148C,0,-6.062078,0.20011533796787262,0.6940000057220459,0.2773999869823456
YCR005C,YOL072W,0,-6.0622206,0.20005765557289124,0.6940000057220459,0.2775000035762787
YLR056W,YDL019C,1,-6.062247,0.20028819143772125,0.6949999928474426,0.2775000035762787
YLR214W,YDR176W,0,-6.0623975,0.20023047924041748,0.6949999928474426,0.2775999903678894
YAL062W,YDR359C,0,-6.0624037,0.2001728117465973,0.6949999928474426,0.2777000069618225
YHR102W,YGR202C,0,-6.0627093,0.2001151740550995,0.6949999928474426,0.2777999937534332
YDL074C,YHR186C,0,-6.0629125,0.20005756616592407,0.6949999928474426,0.27790001034736633
YMR280C,YIL143C,0,-6.063008,0.20000000298023224,0.6949999928474426,0.27799999713897705
YNL101W,YKL138C,0,-6.0630107,0.1999424695968628,0.6949999928474426,0.27810001373291016
YNL316C,YDL106C,0,-6.0632467,0.19988495111465454,0.6949999928474426,0.2782000005245209
YMR162C,YMR234W,0,-6.063329,0.19982749223709106,0.6949999928474426,0.2782999873161316
YKL176C,YJR043C,0,-6.0634093,0.19977004826068878,0.6949999928474426,0.2784000039100647
YPL227C,YML028W,0,-6.063423,0.19971264898777008,0.6949999928474426,0.2784999907016754
YNL325C,YKL079W,0,-6.0634313,0.19965526461601257,0.6949999928474426,0.2786000072956085
YBL071W-A,YMR298W,0,-6.0634584,0.19959792494773865,0.6949999928474426,0.27869999408721924
YCR060W,YNL332W,0,-6.0638766,0.1995406299829483,0.6949999928474426,0.27880001068115234
YDL143W,YBR084C-A,0,-6.063885,0.19948334991931915,0.6949999928474426,0.27889999747276306
YGL223C,YJR094C,0,-6.0643544,0.19942611455917358,0.6949999928474426,0.27900001406669617
YCR105W,YKL055C,0,-6.0645533,0.1993689090013504,0.6949999928474426,0.2791000008583069
YDL188C,YJL156C,0,-6.0651083,0.1993117332458496,0.6949999928474426,0.2791999876499176
YDR255C,YJR099W,0,-6.065577,0.1992545872926712,0.6949999928474426,0.2793000042438507
YFR041C,YBR169C,0,-6.0656276,0.19919747114181519,0.6949999928474426,0.2793999910354614
YEL062W,YOL094C,0,-6.0661826,0.19914039969444275,0.6949999928474426,0.27950000762939453
YLR353W,YFR028C,0,-6.066344,0.1990833580493927,0.6949999928474426,0.27959999442100525
YLR423C,YER099C,0,-6.0666585,0.19902634620666504,0.6949999928474426,0.27970001101493835
YPR006C,YCR030C,0,-6.066756,0.19896936416625977,0.6949999928474426,0.2797999978065491
YDR204W,YJR110W,0,-6.0668817,0.19891242682933807,0.6949999928474426,0.2799000144004822
YDR138W,YPR167C,0,-6.066987,0.19885550439357758,0.6949999928474426,0.2800000011920929
YKL144C,YML058W,0,-6.067163,0.19879862666130066,0.6949999928474426,0.2800999879837036
YGR134W,YPL110C,0,-6.067212,0.19874177873134613,0.6949999928474426,0.2802000045776367
YBR008C,YGL025C,0,-6.067307,0.198684960603714,0.6949999928474426,0.28029999136924744
YMR009W,YIL040W,0,-6.067578,0.19862817227840424,0.6949999928474426,0.28040000796318054
YHL003C,YDR320C,0,-6.0676894,0.19857142865657806,0.6949999928474426,0.28049999475479126
YDR294C,YDL159W,0,-6.0681124,0.19851471483707428,0.6949999928474426,0.28060001134872437
YOR180C,YMR037C,0,-6.068788,0.19845803081989288,0.6949999928474426,0.2806999981403351
YDR295C,YOR049C,0,-6.0688777,0.19840137660503387,0.6949999928474426,0.2808000147342682
YHR082C,YGL207W,0,-6.0691857,0.19834475219249725,0.6949999928474426,0.2809000015258789
YMR061W,YBR044C,0,-6.069405,0.19828815758228302,0.6949999928474426,0.2809999883174896
YLR165C,YIL017C,0,-6.070397,0.19823160767555237,0.6949999928474426,0.28110000491142273
YGL222C,YDR470C,0,-6.0708637,0.1981750726699829,0.6949999928474426,0.28119999170303345
YDR038C,YNL023C,0,-6.070871,0.19811858236789703,0.6949999928474426,0.28130000829696655
YAL056W,YPL193W,0,-6.0708976,0.19806212186813354,0.6949999928474426,0.28139999508857727
YER056C,YBR115C,0,-6.070903,0.19800569117069244,0.6949999928474426,0.2815000116825104
YPL135W,YDL015C,0,-6.0709915,0.19794930517673492,0.6949999928474426,0.2815999984741211
YBL042C,YLR075W,0,-6.071242,0.1978929340839386,0.6949999928474426,0.2816999852657318
YPR075C,YDR217C,0,-6.0719175,0.19783660769462585,0.6949999928474426,0.2818000018596649
YKL046C,YGR095C,0,-6.072256,0.1977803111076355,0.6949999928474426,0.28189998865127563
YMR158W,YGR212W,0,-6.0722985,0.19772404432296753,0.6949999928474426,0.28200000524520874
YHR013C,YNL073W,0,-6.073438,0.19766780734062195,0.6949999928474426,0.28209999203681946
YHR104W,YDL040C,0,-6.073828,0.19761160016059875,0.6949999928474426,0.28220000863075256
YJR140C,YLR360W,0,-6.0742025,0.19755542278289795,0.6949999928474426,0.2822999954223633
YEL027W,YNL106C,1,-6.0743937,0.1977834552526474,0.6959999799728394,0.2822999954223633
YER095W,YLR277C,0,-6.074492,0.1977272778749466,0.6959999799728394,0.2824000120162964
YBR171W,YMR243C,0,-6.0754714,0.19767111539840698,0.6959999799728394,0.2824999988079071
YLR110C,YJL061W,0,-6.0757194,0.19761499762535095,0.6959999799728394,0.2825999855995178
YAL031C,YKL068W,0,-6.075871,0.19755889475345612,0.6959999799728394,0.2827000021934509
YGR077C,YCR027C,0,-6.0761323,0.19750283658504486,0.6959999799728394,0.28279998898506165
YJL145W,YJL139C,0,-6.0762496,0.197446808218956,0.6959999799728394,0.28290000557899475
YFR051C,YOR396W,0,-6.076472,0.19739080965518951,0.6959999799728394,0.28299999237060547
YLR314C,YJR035W,0,-6.0769267,0.19733484089374542,0.6959999799728394,0.2831000089645386
YPL005W,YDR359C,0,-6.0769887,0.1972789168357849,0.6959999799728394,0.2831999957561493
YGR258C,YDR189W,0,-6.0775943,0.1972230076789856,0.6959999799728394,0.2833000123500824
YDR270W,YKL167C,0,-6.078159,0.19716714322566986,0.6959999799728394,0.2833999991416931
YDR422C,YCR060W,0,-6.078342,0.19711129367351532,0.6959999799728394,0.28349998593330383
YMR300C,YCR048W,0,-6.078392,0.19705548882484436,0.6959999799728394,0.28360000252723694
YBR068C,YHR174W,0,-6.0784307,0.1969997137784958,0.6959999799728394,0.28369998931884766
YBR229C,YOR396W,0,-6.0791583,0.1969439685344696,0.6959999799728394,0.28380000591278076
YMR184W,YGR254W,0,-6.07943,0.1968882530927658,0.6959999799728394,0.2838999927043915
YDL022W,YMR163C,0,-6.079489,0.1968325823545456,0.6959999799728394,0.2840000092983246
YBR210W,YDR012W,0,-6.0806313,0.19677692651748657,0.6959999799728394,0.2840999960899353
YPR175W,YJR017C,0,-6.080821,0.19672131538391113,0.6959999799728394,0.2842000126838684
YGR091W,YJL154C,0,-6.080853,0.1966657191514969,0.6959999799728394,0.2842999994754791
YDR298C,YOR156C,0,-6.080999,0.19661016762256622,0.6959999799728394,0.28439998626708984
YML102W,YNL294C,0,-6.0817556,0.19655464589595795,0.6959999799728394,0.28450000286102295
YGL229C,YFL058W,0,-6.0818553,0.19649915397167206,0.6959999799728394,0.28459998965263367
YER036C,YBR161W,0,-6.081872,0.19644369184970856,0.6959999799728394,0.2847000062465668
YOR213C,YGR209C,0,-6.0820603,0.19638825953006744,0.6959999799728394,0.2847999930381775
YLR394W,YJL091C,0,-6.082084,0.19633285701274872,0.6959999799728394,0.2849000096321106
YPL040C,YMR097C,0,-6.0822597,0.19627749919891357,0.6959999799728394,0.2849999964237213
YGR284C,YLR383W,0,-6.08248,0.19622215628623962,0.6959999799728394,0.2851000130176544
YDL035C,YNL316C,0,-6.0825214,0.19616685807704926,0.6959999799728394,0.28519999980926514
YOL013C,YOL117W,0,-6.0826554,0.19611157476902008,0.6959999799728394,0.28529998660087585
YBR038W,YKL176C,0,-6.082898,0.1960563361644745,0.6959999799728394,0.28540000319480896
YIL041W,YJR009C,0,-6.083143,0.19600112736225128,0.6959999799728394,0.2854999899864197
YBR185C,YPL050C,0,-6.083542,0.19594594836235046,0.6959999799728394,0.2856000065803528
YNL175C,YDR311W,0,-6.083721,0.19589079916477203,0.6959999799728394,0.2856999933719635
YLR319C,YBR082C,0,-6.0837317,0.195835679769516,0.6959999799728394,0.2858000099658966
YJR089W,YIL106W,0,-6.0838094,0.19578059017658234,0.6959999799728394,0.2858999967575073
YCR073C,YOR132W,0,-6.0840473,0.19572553038597107,0.6959999799728394,0.28600001335144043
YFL025C,YPR131C,0,-6.0840955,0.19567051529884338,0.6959999799728394,0.28610000014305115
YNL102W,YOL146W,0,-6.0848017,0.1956155151128769,0.6959999799728394,0.28619998693466187
YIR033W,YMR071C,0,-6.0854287,0.1955605447292328,0.6959999799728394,0.28630000352859497
YDR351W,YDR213W,0,-6.0855927,0.19550561904907227,0.6959999799728394,0.2863999903202057
YLR401C,YBR196C,0,-6.085726,0.19545072317123413,0.6959999799728394,0.2865000069141388
YPR108W,YBR044C,0,-6.085794,0.1953958421945572,0.6959999799728394,0.2865999937057495
YLR319C,YDR359C,0,-6.086046,0.19534100592136383,0.6959999799728394,0.2867000102996826
YOL016C,YLR246W,0,-6.0860543,0.19528619945049286,0.6959999799728394,0.28679999709129333
YBL023C,YOL026C,0,-6.0861077,0.19523142278194427,0.6959999799728394,0.28690001368522644
YER035W,YOR201C,0,-6.0861773,0.19517667591571808,0.6959999799728394,0.28700000047683716
YGL223C,YDR302W,0,-6.086656,0.19512194395065308,0.6959999799728394,0.2870999872684479
YMR080C,YCR060W,0,-6.087414,0.19506727159023285,0.6959999799728394,0.287200003862381
YDL240W,YOR103C,0,-6.0874553,0.19501261413097382,0.6959999799728394,0.2872999906539917
YDR516C,YOR156C,0,-6.087931,0.19495798647403717,0.6959999799728394,0.2874000072479248
YMR112C,YML064C,0,-6.0881987,0.1949033886194229,0.6959999799728394,0.2874999940395355
YJL102W,YGL087C,0,-6.0884137,0.19484882056713104,0.6959999799728394,0.28760001063346863
YMR213W,YOL066C,0,-6.0886445,0.19479429721832275,0.6959999799728394,0.28769999742507935
YOL123W,YOR298C-A,0,-6.088908,0.19473978877067566,0.6959999799728394,0.28780001401901245
YLR174W,YCR039C,0,-6.089354,0.19468531012535095,0.6959999799728394,0.28790000081062317
YPR106W,YJL026W,0,-6.0894256,0.19463087618350983,0.6959999799728394,0.2879999876022339
YDR155C,YCL032W,0,-6.089583,0.1945764571428299,0.6959999799728394,0.288100004196167
YLR038C,YDR238C,0,-6.089626,0.19452208280563354,0.6959999799728394,0.2881999909877777
YKL101W,YOL146W,0,-6.089803,0.1944677233695984,0.6959999799728394,0.2883000075817108
YDR130C,YJL091C,0,-6.09053,0.19441340863704681,0.6959999799728394,0.28839999437332153
YJL006C,YMR158W,0,-6.0907664,0.19435912370681763,0.6959999799728394,0.28850001096725464
YNR016C,YBR080C,0,-6.091182,0.19430485367774963,0.6959999799728394,0.28859999775886536
YPL011C,YLL028W,0,-6.0911865,0.19425062835216522,0.6959999799728394,0.28870001435279846
YKL176C,YML015C,0,-6.091239,0.1941964328289032,0.6959999799728394,0.2888000011444092
YFL057C,YDR202C,0,-6.091583,0.19414225220680237,0.6959999799728394,0.2888999879360199
YBR133C,YDR300C,0,-6.092006,0.19408811628818512,0.6959999799728394,0.289000004529953
YMR188C,YGL055W,0,-6.092186,0.19403401017189026,0.6959999799728394,0.2890999913215637
YNL020C,YLR371W,1,-6.092608,0.1942586451768875,0.6970000267028809,0.2890999913215637
YOR112W,YNL304W,0,-6.0926604,0.19420450925827026,0.6970000267028809,0.2892000079154968
YGL245W,YIL047C,0,-6.093062,0.1941504180431366,0.6970000267028809,0.28929999470710754
YCR082W,YDL146W,0,-6.0931296,0.19409635663032532,0.6970000267028809,0.28940001130104065
YHL019C,YNL240C,0,-6.0931726,0.19404231011867523,0.6970000267028809,0.28949999809265137
YOR383C,YMR281W,0,-6.093394,0.19398830831050873,0.6970000267028809,0.2896000146865845
YDR379W,YOR297C,0,-6.0937448,0.1939343363046646,0.6970000267028809,0.2897000014781952
YJR094C,YOL110W,0,-6.093779,0.19388039410114288,0.6970000267028809,0.2897999882698059
YHR209W,YKL175W,0,-6.0938444,0.19382646679878235,0.6970000267028809,0.289900004863739
YMR225C,YOR007C,0,-6.09406,0.1937725841999054,0.6970000267028809,0.28999999165534973
YDR320C-A,YCL055W,0,-6.0941024,0.19371873140335083,0.6970000267028809,0.29010000824928284
YMR024W,YDL212W,0,-6.0941453,0.19366490840911865,0.6970000267028809,0.29019999504089355
YLR088W,YER100W,0,-6.0944796,0.19361111521720886,0.6970000267028809,0.29030001163482666
YDL019C,YPL032C,1,-6.094619,0.19383504986763,0.6980000138282776,0.29030001163482666
YLR329W,YDL042C,0,-6.094749,0.19378122687339783,0.6980000138282776,0.2903999984264374
YHR051W,YLR051C,0,-6.095576,0.19372744858264923,0.6980000138282776,0.2904999852180481
YDL243C,YDR435C,0,-6.095881,0.19367370009422302,0.6980000138282776,0.2906000018119812
YBR029C,YKL038W,0,-6.095995,0.193619966506958,0.6980000138282776,0.2906999886035919
YMR136W,YPL020C,0,-6.09629,0.19356627762317657,0.6980000138282776,0.290800005197525
YBL064C,YBR044C,0,-6.0963273,0.19351261854171753,0.6980000138282776,0.29089999198913574
YDR097C,YLR315W,0,-6.096557,0.19345897436141968,0.6980000138282776,0.29100000858306885
YHR069C,YPR140W,0,-6.0969744,0.1934053748846054,0.6980000138282776,0.29109999537467957
YKL043W,YDL140C,0,-6.096985,0.19335180521011353,0.6980000138282776,0.29120001196861267
YGL071W,YLR439W,0,-6.097234,0.19329825043678284,0.6980000138282776,0.2912999987602234
YDR268W,YGR065C,0,-6.097374,0.19324474036693573,0.6980000138282776,0.2913999855518341
YGR227W,YLL035W,0,-6.0977006,0.193191260099411,0.6980000138282776,0.2915000021457672
YJR019C,YDL210W,0,-6.097883,0.19313779473304749,0.6980000138282776,0.29159998893737793
YLR052W,YMR061W,0,-6.0980563,0.19308437407016754,0.6980000138282776,0.29170000553131104
YER103W,YLL012W,0,-6.0982137,0.1930309683084488,0.6980000138282776,0.29179999232292175
YDR329C,YNL250W,0,-6.098309,0.19297760725021362,0.6980000138282776,0.29190000891685486
YFR008W,YOR003W,0,-6.0984597,0.19292426109313965,0.6980000138282776,0.2919999957084656
YPL040C,YOR175C,0,-6.0990715,0.19287095963954926,0.6980000138282776,0.2921000123023987
YJR083C,YNL044W,0,-6.099164,0.19281767308712006,0.6980000138282776,0.2921999990940094
YCR088W,YGR274C,0,-6.099174,0.19276443123817444,0.6980000138282776,0.2922999858856201
YKR058W,YGR008C,0,-6.0994954,0.19271120429039001,0.6980000138282776,0.2924000024795532
YHR121W,YOL044W,0,-6.0996695,0.19265802204608917,0.6980000138282776,0.29249998927116394
YDL088C,YMR076C,0,-6.099808,0.19260485470294952,0.6980000138282776,0.29260000586509705
YHR175W,YDR302W,0,-6.1000366,0.19255171716213226,0.6980000138282776,0.29269999265670776
YOL155C,YGR023W,0,-6.10024,0.19249862432479858,0.6980000138282776,0.29280000925064087
YGR227W,YGL244W,0,-6.100267,0.1924455463886261,0.6980000138282776,0.2928999960422516
YOR278W,YOR195W,0,-6.1004343,0.192392498254776,0.6980000138282776,0.2930000126361847
YIL002C,YJL204C,1,-6.1008844,0.19261504709720612,0.6990000009536743,0.2930000126361847
YOR322C,YGR084C,0,-6.101162,0.19256198406219482,0.6990000009536743,0.2930999994277954
YCR069W,YJR156C,0,-6.1022363,0.19250895082950592,0.6990000009536743,0.29319998621940613
YGL105W,YKR061W,0,-6.1027126,0.1924559473991394,0.6990000009536743,0.29330000281333923
YOL149W,YDR434W,0,-6.102738,0.19240297377109528,0.6990000009536743,0.29339998960494995
YJL106W,YKR008W,0,-6.102751,0.19235002994537354,0.6990000009536743,0.29350000619888306
YML013W,YMR096W,0,-6.102987,0.19229711592197418,0.6990000009536743,0.2935999929904938
YDR022C,YJL093C,0,-6.1030407,0.19224423170089722,0.6990000009536743,0.2937000095844269
YPL177C,YNL310C,0,-6.1033816,0.19219136238098145,0.6990000009536743,0.2937999963760376
YDL099W,YMR243C,0,-6.1036305,0.19213853776454926,0.6990000009536743,0.2939000129699707
YNL199C,YKR062W,0,-6.104093,0.19208574295043945,0.6990000009536743,0.2939999997615814
YIL042C,YLR136C,0,-6.1044393,0.19203296303749084,0.6990000009536743,0.29409998655319214
YKL117W,YER150W,0,-6.1050744,0.19198022782802582,0.6990000009536743,0.29420000314712524
YPR001W,YDR480W,0,-6.105623,0.19192750751972198,0.6990000009536743,0.29429998993873596
YNL020C,YNL227C,1,-6.1061525,0.1921493262052536,0.699999988079071,0.29429998993873596
YCL004W,YBR167C,0,-6.106164,0.19209659099578857,0.699999988079071,0.29440000653266907
YER007W,YKR065C,0,-6.106226,0.19204390048980713,0.699999988079071,0.2944999933242798
YFL057C,YJR035W,0,-6.1069455,0.19199122488498688,0.699999988079071,0.2946000099182129
YNL084C,YML052W,1,-6.107884,0.192212775349617,0.7009999752044678,0.2946000099182129
YJR084W,YGR023W,0,-6.1080613,0.19216008484363556,0.7009999752044678,0.2946999967098236
YKL185W,YMR136W,0,-6.1081448,0.1921074241399765,0.7009999752044678,0.2948000133037567
YDR130C,YFR002W,0,-6.108202,0.19205479323863983,0.7009999752044678,0.29490000009536743
YHR186C,YKR037C,0,-6.108423,0.19200219213962555,0.7009999752044678,0.29499998688697815
YFR014C,YDR160W,0,-6.108588,0.19194962084293365,0.7009999752044678,0.29510000348091125
YDR339C,YJL210W,0,-6.1085925,0.19189706444740295,0.7009999752044678,0.295199990272522
YDR106W,YKL038W,0,-6.1089654,0.19184455275535583,0.7009999752044678,0.2953000068664551
YER178W,YHR065C,0,-6.109063,0.1917920708656311,0.7009999752044678,0.2953999936580658
YHR092C,YKL175W,0,-6.109308,0.19173960387706757,0.7009999752044678,0.2955000102519989
YNL005C,YAR035W,0,-6.1095567,0.1916871815919876,0.7009999752044678,0.2955999970436096
YDL178W,YGL245W,0,-6.109836,0.19163477420806885,0.7009999752044678,0.2957000136375427
YBR136W,YDR453C,0,-6.1099334,0.19158239662647247,0.7009999752044678,0.29580000042915344
YKL168C,YNL142W,0,-6.1103835,0.1915300488471985,0.7009999752044678,0.29589998722076416
YMR030W,YNL025C,0,-6.1103845,0.19147774577140808,0.7009999752044678,0.29600000381469727
YDR273W,YDR342C,0,-6.110665,0.19142545759677887,0.7009999752044678,0.296099990606308
YHR044C,YBR061C,0,-6.1107574,0.19137318432331085,0.7009999752044678,0.2962000072002411
YPR020W,YIL014W,0,-6.1108766,0.19132095575332642,0.7009999752044678,0.2962999939918518
YLR439W,YGR257C,0,-6.1109395,0.19126875698566437,0.7009999752044678,0.2964000105857849
YLR056W,YNL297C,1,-6.1110425,0.19148936867713928,0.7020000219345093,0.2964000105857849
YHR058C,YMR089C,0,-6.1118927,0.19143714010715485,0.7020000219345093,0.29649999737739563
YGL087C,YBR146W,0,-6.112082,0.191384956240654,0.7020000219345093,0.29660001397132874
YDR273W,YMR204C,0,-6.113025,0.19133278727531433,0.7020000219345093,0.29670000076293945
YOR151C,YKL141W,0,-6.1130414,0.19128064811229706,0.7020000219345093,0.29679998755455017
YDR226W,YDR261C,0,-6.1132493,0.19122855365276337,0.7020000219345093,0.2969000041484833
YML101C,YKL020C,0,-6.113319,0.19117647409439087,0.7020000219345093,0.296999990940094
YLR085C,YOR297C,0,-6.1134586,0.19112442433834076,0.7020000219345093,0.2971000075340271
YDR351W,YKL058W,0,-6.113504,0.19107240438461304,0.7020000219345093,0.2971999943256378
YBR217W,YER159C,0,-6.1136813,0.1910204142332077,0.7020000219345093,0.2973000109195709
YOL078W,YLR403W,0,-6.1138825,0.19096843898296356,0.7020000219345093,0.29739999771118164
YPR175W,YOR149C,0,-6.113894,0.190916508436203,0.7020000219345093,0.29750001430511475
YKR038C,YOL061W,0,-6.1139965,0.19086460769176483,0.7020000219345093,0.29760000109672546
YDR424C,YGL055W,0,-6.1148877,0.19081272184848785,0.7020000219345093,0.2976999878883362
YJL014W,YER162C,0,-6.115398,0.19076086580753326,0.7020000219345093,0.2978000044822693
YIL002C,YNL227C,1,-6.1157484,0.1909807175397873,0.703000009059906,0.2978000044822693
YML042W,YOL096C,0,-6.115849,0.1909288465976715,0.703000009059906,0.29789999127388
YBR200W,YNL202W,0,-6.115975,0.1908770054578781,0.703000009059906,0.2980000078678131
YOR180C,YDR255C,0,-6.1164756,0.1908251941204071,0.703000009059906,0.29809999465942383
YGL191W,YOL061W,0,-6.116695,0.19077341258525848,0.703000009059906,0.29820001125335693
YMR300C,YPR019W,0,-6.116774,0.19072164595127106,0.703000009059906,0.29829999804496765
YGR167W,YML052W,1,-6.116783,0.19094114005565643,0.7039999961853027,0.29829999804496765
YBL085W,YHR116W,0,-6.1169972,0.190889373421669,0.7039999961853027,0.29840001463890076
YDR214W,YHR055C,0,-6.1176205,0.19083762168884277,0.7039999961853027,0.2985000014305115
YEL064C,YOR040W,0,-6.1176744,0.19078591465950012,0.7039999961853027,0.2985999882221222
YDR258C,YBR297W,0,-6.1178584,0.19073422253131866,0.7039999961853027,0.2987000048160553
YPL145C,YAL030W,1,-6.1179814,0.19095341861248016,0.7049999833106995,0.2987000048160553
YOR307C,YKL184W,0,-6.117994,0.1909017115831375,0.7049999833106995,0.298799991607666
YBR162C,YKR088C,0,-6.1196704,0.19085003435611725,0.7049999833106995,0.2989000082015991
YBL022C,YPR065W,0,-6.1203895,0.19079837203025818,0.7049999833106995,0.29899999499320984
YNL281W,YHL036W,0,-6.120584,0.1907467544078827,0.7049999833106995,0.29910001158714294
YDL022W,YJR139C,0,-6.1210504,0.1906951516866684,0.7049999833106995,0.29919999837875366
YDR078C,YPR118W,0,-6.1212964,0.19064359366893768,0.7049999833106995,0.2992999851703644
YJL039C,YFR003C,0,-6.1213965,0.19059205055236816,0.7049999833106995,0.2994000017642975
YLR131C,YNL026W,0,-6.121406,0.19054053723812103,0.7049999833106995,0.2994999885559082
YER103W,YGL096W,0,-6.1215987,0.1904890537261963,0.7049999833106995,0.2996000051498413
YGL086W,YPR188C,0,-6.121656,0.19043760001659393,0.7049999833106995,0.299699991941452
YBR243C,YJL154C,0,-6.1219907,0.19038617610931396,0.7049999833106995,0.29980000853538513
YDR155C,YLR006C,0,-6.1221585,0.1903347671031952,0.7049999833106995,0.29989999532699585
YER027C,YIL008W,0,-6.1222887,0.19028340280056,0.7049999833106995,0.30000001192092896
YML010W,YOL020W,0,-6.1227345,0.190232053399086,0.7049999833106995,0.3000999987125397
YJR143C,YPL105C,0,-6.122784,0.1901807337999344,0.7049999833106995,0.3001999855041504
YAL042W,YDR171W,0,-6.123088,0.19012944400310516,0.7049999833106995,0.3003000020980835
YNL227C,YJL204C,1,-6.123301,0.1903478056192398,0.7059999704360962,0.3003000020980835
YML036W,YGR279C,0,-6.123743,0.1902965009212494,0.7059999704360962,0.3003999888896942
YDR437W,YMR006C,0,-6.1237903,0.19024521112442017,0.7059999704360962,0.3005000054836273
YBR272C,YHR006W,0,-6.1243987,0.19019396603107452,0.7059999704360962,0.30059999227523804
YCR066W,YPL153C,0,-6.1246448,0.19014273583889008,0.7059999704360962,0.30070000886917114
YDL146W,YMR179W,0,-6.1248684,0.1900915503501892,0.7059999704360962,0.30079999566078186
YPR068C,YAL017W,0,-6.1248736,0.19004037976264954,0.7059999704360962,0.30090001225471497
YHR187W,YKL141W,0,-6.124908,0.18998923897743225,0.7059999704360962,0.3009999990463257
YBR297W,YBR001C,0,-6.1249466,0.18993812799453735,0.7059999704360962,0.3010999858379364
YPL017C,YDR219C,0,-6.125238,0.18988703191280365,0.7059999704360962,0.3012000024318695
YMR211W,YKL003C,0,-6.1255374,0.18983598053455353,0.7059999704360962,0.3012999892234802
YIL013C,YDL058W,0,-6.125761,0.1897849440574646,0.7059999704360962,0.30140000581741333
YIL106W,YMR274C,0,-6.12666,0.18973393738269806,0.7059999704360962,0.30149999260902405
YLR395C,YER144C,0,-6.126734,0.1896829605102539,0.7059999704360962,0.30160000920295715
YGR202C,YMR137C,0,-6.1267877,0.18963201344013214,0.7059999704360962,0.30169999599456787
YPR007C,YML034W,0,-6.127381,0.18958109617233276,0.7059999704360962,0.301800012588501
YNL185C,YDR314C,0,-6.127731,0.18953020870685577,0.7059999704360962,0.3018999993801117
YEL034W,YOR035C,0,-6.1279893,0.18947933614253998,0.7059999704360962,0.3019999861717224
YNL020C,YLR337C,1,-6.128005,0.189696803689003,0.7070000171661377,0.3019999861717224
YBR211C,YPL255W,0,-6.1280255,0.189645916223526,0.7070000171661377,0.3021000027656555
YGL032C,YLR003C,0,-6.128493,0.1895950585603714,0.7070000171661377,0.30219998955726624
YER061C,YJL109C,0,-6.1288238,0.18954423069953918,0.7070000171661377,0.30230000615119934
YMR198W,YGR165W,0,-6.129452,0.18949343264102936,0.7070000171661377,0.30239999294281006
YGR246C,YAL028W,0,-6.1295724,0.18944266438484192,0.7070000171661377,0.30250000953674316
YPR002W,YFL033C,0,-6.1296716,0.18939191102981567,0.7070000171661377,0.3025999963283539
YOR039W,YOL158C,0,-6.1297812,0.18934118747711182,0.7070000171661377,0.302700012922287
YNL006W,YDR468C,0,-6.130127,0.18929049372673035,0.7070000171661377,0.3027999997138977
YOR267C,YNL291C,0,-6.1302004,0.18923982977867126,0.7070000171661377,0.3028999865055084
YKL194C,YNL129W,0,-6.1309094,0.18918919563293457,0.7070000171661377,0.30300000309944153
YBR087W,YDL007W,0,-6.1320124,0.18913857638835907,0.7070000171661377,0.30309998989105225
YDR022C,YDR379W,0,-6.1321077,0.18908798694610596,0.7070000171661377,0.30320000648498535
YLR113W,YML100W,0,-6.1322107,0.18903742730617523,0.7070000171661377,0.30329999327659607
YMR161W,YER090W,0,-6.132926,0.1889868974685669,0.7070000171661377,0.3034000098705292
YNL331C,YIR011C,0,-6.1329627,0.18893639743328094,0.7070000171661377,0.3034999966621399
YOR274W,YLR262C,0,-6.132997,0.18888592720031738,0.7070000171661377,0.303600013256073
YPL177C,YHR183W,0,-6.1330104,0.18883547186851501,0.7070000171661377,0.3037000000476837
YDR052C,YBR237W,0,-6.1333575,0.18878504633903503,0.7070000171661377,0.30379998683929443
YOR185C,YIL013C,0,-6.133364,0.18873465061187744,0.7070000171661377,0.30390000343322754
YDR182W,YDR339C,0,-6.1339107,0.18868428468704224,0.7070000171661377,0.30399999022483826
YKL139W,YBR172C,0,-6.134957,0.18863393366336823,0.7070000171661377,0.30410000681877136
YDR093W,YCR053W,1,-6.135099,0.18885035812854767,0.7080000042915344,0.30410000681877136
YFR010W,YGR094W,0,-6.1352153,0.18880000710487366,0.7080000042915344,0.3041999936103821
YLR116W,YEL058W,0,-6.135963,0.18874967098236084,0.7080000042915344,0.3043000102043152
YAL042W,YBR058C,0,-6.1361365,0.1886993646621704,0.7080000042915344,0.3043999969959259
YOR119C,YDR074W,0,-6.136228,0.18864908814430237,0.7080000042915344,0.304500013589859
YNR043W,YNL208W,0,-6.1364894,0.18859882652759552,0.7080000042915344,0.3046000003814697
YGR037C,YNL232W,0,-6.136602,0.18854859471321106,0.7080000042915344,0.30469998717308044
YIL040W,YLR380W,0,-6.1375356,0.18849840760231018,0.7080000042915344,0.30480000376701355
YJR094C,YAR003W,0,-6.137707,0.1884482353925705,0.7080000042915344,0.30489999055862427
YGR295C,YLR113W,0,-6.137987,0.188398078083992,0.7080000042915344,0.3050000071525574
YNL127W,YOR175C,0,-6.138081,0.1883479654788971,0.7080000042915344,0.3050999939441681
YBR200W,YOR326W,0,-6.138528,0.18829786777496338,0.7080000042915344,0.3052000105381012
YKL182W,YOR347C,0,-6.1388674,0.18824779987335205,0.7080000042915344,0.3052999973297119
YBR236C,YKL212W,0,-6.1389446,0.1881977617740631,0.7080000042915344,0.305400013923645
YBR231C,YML072C,0,-6.139416,0.18814775347709656,0.7080000042915344,0.30550000071525574
YHR001W,YPL032C,1,-6.1395426,0.1883634477853775,0.7089999914169312,0.30550000071525574
YMR216C,YHR105W,0,-6.139568,0.18831340968608856,0.7089999914169312,0.30559998750686646
YDR176W,YNL236W,0,-6.1396255,0.1882634162902832,0.7089999914169312,0.30570000410079956
YJL044C,YKL163W,0,-6.139915,0.18821343779563904,0.7089999914169312,0.3057999908924103
YBR131W,YBR103W,0,-6.1402187,0.18816348910331726,0.7089999914169312,0.3059000074863434
YJL054W,YKR050W,0,-6.1402793,0.18811355531215668,0.7089999914169312,0.3059999942779541
YPL095C,YDR189W,0,-6.1405554,0.18806366622447968,0.7089999914169312,0.3061000108718872
YLR246W,YOL060C,0,-6.141254,0.18801379203796387,0.7089999914169312,0.3061999976634979
YBR214W,YNL093W,1,-6.141332,0.1882290542125702,0.7099999785423279,0.3061999976634979
YGR279C,YML085C,0,-6.1416607,0.1881791651248932,0.7099999785423279,0.30630001425743103
YNL063W,YFR002W,0,-6.142123,0.18812930583953857,0.7099999785423279,0.30640000104904175
YEL059C-A,YOR337W,0,-6.143085,0.18807947635650635,0.7099999785423279,0.30649998784065247
YNR075W,YER166W,1,-6.1430926,0.18829448521137238,0.7110000252723694,0.30649998784065247
YNR055C,YLR024C,0,-6.1436267,0.18824464082717896,0.7110000252723694,0.30660000443458557
YBR109C,YDR093W,1,-6.1439834,0.18845950067043304,0.7120000123977661,0.30660000443458557
YNL323W,YBR125C,0,-6.1442103,0.18840962648391724,0.7120000123977661,0.3066999912261963
YOL123W,YDR190C,0,-6.144302,0.18835978209972382,0.7120000123977661,0.3068000078201294
YBR245C,YBR054W,0,-6.1444774,0.18830996751785278,0.7120000123977661,0.3068999946117401
YJL002C,YMR079W,0,-6.144624,0.18826018273830414,0.7120000123977661,0.3070000112056732
YAR003W,YMR284W,0,-6.145066,0.1882104128599167,0.7120000123977661,0.30709999799728394
YCL061C,YNL007C,0,-6.1455636,0.18816067278385162,0.7120000123977661,0.30720001459121704
YDR388W,YNL093W,1,-6.14558,0.18837516009807587,0.7129999995231628,0.30720001459121704
YGR032W,YMR030W,0,-6.145721,0.1883254051208496,0.7129999995231628,0.30730000138282776
YDL202W,YML076C,0,-6.1460805,0.18827567994594574,0.7129999995231628,0.3073999881744385
YER159C,YOL063C,0,-6.1462827,0.18822596967220306,0.7129999995231628,0.3075000047683716
YJL153C,YNL257C,0,-6.146558,0.18817630410194397,0.7129999995231628,0.3075999915599823
YPR093C,YNR037C,0,-6.146736,0.18812665343284607,0.7129999995231628,0.3077000081539154
YEL019C,YDR100W,0,-6.147235,0.18807701766490936,0.7129999995231628,0.3077999949455261
YKL146W,YBR133C,0,-6.147254,0.18802742660045624,0.7129999995231628,0.30790001153945923
YJR108W,YPR007C,0,-6.1475215,0.1879778504371643,0.7129999995231628,0.30799999833106995
YBR109C,YNL227C,1,-6.147737,0.18819187581539154,0.7139999866485596,0.30799999833106995
YIL066C,YDR409W,0,-6.14789,0.1881422996520996,0.7139999866485596,0.30809998512268066
YJR051W,YHR105W,0,-6.1479516,0.18809272348880768,0.7139999866485596,0.30820000171661377
YCR105W,YHR109W,0,-6.1484723,0.18804319202899933,0.7139999866485596,0.3082999885082245
YKR039W,YDR389W,0,-6.149073,0.18799367547035217,0.7139999866485596,0.3084000051021576
YKL146W,YNR008W,0,-6.149303,0.1879441887140274,0.7139999866485596,0.3084999918937683
YHR023W,YDR084C,0,-6.1494308,0.18789473176002502,0.7139999866485596,0.3086000084877014
YKL138C,YLR130C,0,-6.1497006,0.18784530460834503,0.7139999866485596,0.30869999527931213
YIL026C,YIR015W,0,-6.1499343,0.18779589235782623,0.7139999866485596,0.30880001187324524
YGR200C,YOL068C,0,-6.1500363,0.18774650990962982,0.7139999866485596,0.30889999866485596
YCR071C,YIL160C,0,-6.1501346,0.1876971572637558,0.7139999866485596,0.3089999854564667
YBR169C,YKL140W,0,-6.1501985,0.18764783442020416,0.7139999866485596,0.3091000020503998
YPL240C,YPR009W,0,-6.1502023,0.18759852647781372,0.7139999866485596,0.3091999888420105
YLL004W,YHR012W,0,-6.1503453,0.18754924833774567,0.7139999866485596,0.3093000054359436
YDR175C,YJL151C,0,-6.150552,0.1875,0.7139999866485596,0.3093999922275543
YLR394W,YKL002W,0,-6.150889,0.18745078146457672,0.7139999866485596,0.3095000088214874
YJL004C,YOR083W,0,-6.1509633,0.18740157783031464,0.7139999866485596,0.30959999561309814
YCL038C,YMR281W,0,-6.1513486,0.18735240399837494,0.7139999866485596,0.30970001220703125
YDR480W,YGL178W,0,-6.151535,0.18730325996875763,0.7139999866485596,0.30979999899864197
YGR224W,YER114C,0,-6.1524663,0.1872541308403015,0.7139999866485596,0.3098999857902527
YPR100W,YDL168W,0,-6.1525273,0.18720503151416779,0.7139999866485596,0.3100000023841858
YMR162C,YER053C,0,-6.152618,0.18715596199035645,0.7139999866485596,0.3100999891757965
YLR274W,YML105C,0,-6.152694,0.1871069222688675,0.7139999866485596,0.3102000057697296
YBR125C,YMR154C,0,-6.1528873,0.18705789744853973,0.7139999866485596,0.31029999256134033
YGL156W,YPR083W,0,-6.152905,0.18700890243053436,0.7139999866485596,0.31040000915527344
YLL006W,YLR389C,0,-6.1534953,0.18695993721485138,0.7139999866485596,0.31049999594688416
YKL110C,YPR161C,0,-6.153729,0.18691100180149078,0.7139999866485596,0.31060001254081726
YNL068C,YKL212W,0,-6.1537414,0.18686208128929138,0.7139999866485596,0.310699999332428
YNL280C,YOR018W,0,-6.153928,0.18681319057941437,0.7139999866485596,0.3107999861240387
YDL044C,YHR205W,0,-6.153943,0.18676431477069855,0.7139999866485596,0.3109000027179718
YBR227C,YMR273C,0,-6.154157,0.1867154836654663,0.7139999866485596,0.3109999895095825
YDL140C,YER093C,0,-6.154263,0.18666666746139526,0.7139999866485596,0.3111000061035156
YOR190W,YPL258C,0,-6.1543927,0.1866178810596466,0.7139999866485596,0.31119999289512634
YGR224W,YNL191W,0,-6.1544967,0.18656910955905914,0.7139999866485596,0.31130000948905945
YJL158C,YER178W,0,-6.1547966,0.18652038276195526,0.7139999866485596,0.31139999628067017
YLR393W,YIR025W,0,-6.1551595,0.18647167086601257,0.7139999866485596,0.31150001287460327
YNR010W,YGR033C,0,-6.155169,0.18642297387123108,0.7139999866485596,0.311599999666214
YLR260W,YDR353W,0,-6.155819,0.18637432157993317,0.7139999866485596,0.3116999864578247
YBR279W,YJL087C,0,-6.155858,0.18632568418979645,0.7139999866485596,0.3118000030517578
YKR099W,YBR192W,0,-6.155967,0.18627706170082092,0.7139999866485596,0.31189998984336853
YJR017C,YMR257C,0,-6.156032,0.18622848391532898,0.7139999866485596,0.31200000643730164
YPL161C,YKL164C,0,-6.1564984,0.18617992103099823,0.7139999866485596,0.31209999322891235
YLR312W-A,YDR452W,0,-6.156792,0.18613138794898987,0.7139999866485596,0.31220000982284546
YHR050W,YPR095C,0,-6.1569276,0.1860828846693039,0.7139999866485596,0.3122999966144562
YLL018C-A,YDR457W,0,-6.1573653,0.1860343962907791,0.7139999866485596,0.3124000132083893
YAL028W,YPR161C,0,-6.157432,0.18598593771457672,0.7139999866485596,0.3125
YOL149W,YKR085C,0,-6.157494,0.18593749403953552,0.7139999866485596,0.3125999867916107
YKL194C,YGR198W,0,-6.1575313,0.1858890950679779,0.7139999866485596,0.3127000033855438
YPR033C,YLR033W,0,-6.157727,0.18584071099758148,0.7139999866485596,0.31279999017715454
YAL062W,YJL207C,0,-6.1578975,0.18579235672950745,0.7139999866485596,0.31290000677108765
YNL020C,YIR006C,1,-6.1581745,0.1860041618347168,0.7149999737739563,0.31290000677108765
YOR327C,YNL093W,1,-6.1582403,0.1862158626317978,0.7160000205039978,0.31290000677108765
YOL130W,YNL293W,0,-6.158681,0.18616744875907898,0.7160000205039978,0.31299999356269836
YML101C,YHR038W,0,-6.159059,0.18611904978752136,0.7160000205039978,0.31310001015663147
YPL095C,YBR205W,0,-6.1590915,0.18607068061828613,0.7160000205039978,0.3131999969482422
YNL240C,YIL017C,0,-6.159558,0.1860223412513733,0.7160000205039978,0.3133000135421753
YBR214W,YOR043W,1,-6.1607604,0.1862337589263916,0.7170000076293945,0.3133000135421753
YLR377C,YPL010W,0,-6.1608167,0.18618540465831757,0.7170000076293945,0.313400000333786
YIL015W,YFL038C,0,-6.161144,0.18613706529140472,0.7170000076293945,0.31349998712539673
YDL160C,YKL184W,0,-6.1611476,0.18608875572681427,0.7170000076293945,0.31360000371932983
YBR132C,YHR181W,0,-6.161226,0.1860404759645462,0.7170000076293945,0.31369999051094055
YDR478W,YLR005W,0,-6.1614766,0.18599221110343933,0.7170000076293945,0.31380000710487366
YER125W,YML052W,1,-6.161971,0.18620331585407257,0.7179999947547913,0.31380000710487366
YDR320C-A,YOR217W,0,-6.162026,0.1861550360918045,0.7179999947547913,0.3138999938964844
YER054C,YLR019W,0,-6.162205,0.18610678613185883,0.7179999947547913,0.3140000104904175
YNL106C,YLR337C,1,-6.162389,0.18631769716739655,0.718999981880188,0.3140000104904175
YDR454C,YDR007W,0,-6.1631246,0.18626943230628967,0.718999981880188,0.3140999972820282
YHR044C,YDL235C,0,-6.1631517,0.186221182346344,0.718999981880188,0.3142000138759613
YLR433C,YHR082C,0,-6.1632276,0.1861729621887207,0.718999981880188,0.314300000667572
YMR182C,YMR197C,0,-6.163693,0.1861247718334198,0.718999981880188,0.31439998745918274
YNL149C,YOR386W,0,-6.1637278,0.18607661128044128,0.718999981880188,0.31450000405311584
YIL068C,YPR080W,0,-6.164323,0.18602846562862396,0.718999981880188,0.31459999084472656
YBR086C,YLR138W,0,-6.164406,0.18598033487796783,0.718999981880188,0.31470000743865967
YCL067C,YPL138C,0,-6.1645007,0.1859322488307953,0.718999981880188,0.3147999942302704
YNL133C,YDR536W,0,-6.1645856,0.18588417768478394,0.718999981880188,0.3149000108242035
YHR059W,YKL170W,0,-6.164867,0.18583613634109497,0.718999981880188,0.3149999976158142
YDL166C,YLR025W,0,-6.1651015,0.1857881098985672,0.718999981880188,0.3151000142097473
YFR027W,YJL210W,0,-6.1658106,0.18574011325836182,0.718999981880188,0.31520000100135803
YEL029C,YGR197C,0,-6.165944,0.18569214642047882,0.718999981880188,0.31529998779296875
YDR054C,YGR161C,0,-6.166097,0.1856442093849182,0.718999981880188,0.31540000438690186
YGR258C,YKL175W,0,-6.1661325,0.1855962872505188,0.718999981880188,0.3154999911785126
YLR017W,YDL106C,0,-6.166449,0.18554838001728058,0.718999981880188,0.3156000077724457
YBR214W,YPL032C,1,-6.166887,0.18575851619243622,0.7200000286102295,0.3156000077724457
YDR270W,YKR029C,0,-6.1669908,0.1857105940580368,0.7200000286102295,0.3156999945640564
YEL022W,YKR098C,0,-6.1670213,0.18566271662712097,0.7200000286102295,0.3158000111579895
YDL212W,YMR273C,0,-6.167164,0.18561485409736633,0.7200000286102295,0.3158999979496002
YMR268C,YBL106C,0,-6.1672053,0.1855670064687729,0.7200000286102295,0.3160000145435333
YCL040W,YBR263W,0,-6.1673794,0.18551918864250183,0.7200000286102295,0.31610000133514404
YOL078W,YCR020C,0,-6.1674113,0.18547140061855316,0.7200000286102295,0.31619998812675476
YMR023C,YDR536W,0,-6.1677213,0.18542364239692688,0.7200000286102295,0.31630000472068787
YLR399C,YDL030W,0,-6.167979,0.1853758990764618,0.7200000286102295,0.3163999915122986
YER179W,YLR187W,0,-6.168099,0.1853281855583191,0.7200000286102295,0.3165000081062317
YGR170W,YLR272C,0,-6.168384,0.18528048694133759,0.7200000286102295,0.3165999948978424
YDR022C,YHR201C,0,-6.1684437,0.18523283302783966,0.7200000286102295,0.3167000114917755
YMR112C,YCR012W,0,-6.168489,0.18518517911434174,0.7200000286102295,0.31679999828338623
YDL040C,YER095W,0,-6.1688695,0.1851375699043274,0.7200000286102295,0.31690001487731934
YJL024C,YER007W,0,-6.1695323,0.18508997559547424,0.7200000286102295,0.31700000166893005
YER150W,YBR117C,0,-6.16962,0.18504241108894348,0.7200000286102295,0.31709998846054077
YAR015W,YGL172W,0,-6.16982,0.1849948614835739,0.7200000286102295,0.3172000050544739
YDR252W,YBR280C,0,-6.169867,0.18494734168052673,0.7200000286102295,0.3172999918460846
YBR086C,YKR081C,0,-6.17024,0.18489985167980194,0.7200000286102295,0.3174000084400177
YFR037C,YBR263W,0,-6.170275,0.18485237658023834,0.7200000286102295,0.3174999952316284
YGL163C,YHR012W,0,-6.170341,0.18480493128299713,0.7200000286102295,0.3176000118255615
YOR031W,YKR102W,0,-6.1705337,0.18475750088691711,0.7200000286102295,0.31769999861717224
YLR037C,YMR037C,0,-6.170547,0.18471011519432068,0.7200000286102295,0.31779998540878296
YDR166C,YOR129C,0,-6.170641,0.18466272950172424,0.7200000286102295,0.31790000200271606
YOR039W,YFL034C-A,0,-6.1715455,0.1846153885126114,0.7200000286102295,0.3179999887943268
YNL029C,YIL106W,0,-6.1716447,0.18456806242465973,0.7200000286102295,0.3181000053882599
YMR163C,YJR126C,0,-6.1719103,0.18452075123786926,0.7200000286102295,0.3181999921798706
YCL025C,YIL138C,0,-6.171948,0.18447348475456238,0.7200000286102295,0.3183000087738037
YOL078W,YOR244W,0,-6.172096,0.1844262331724167,0.7200000286102295,0.31839999556541443
YDR113C,YJR110W,0,-6.1723437,0.1843789964914322,0.7200000286102295,0.31850001215934753
YPL051W,YPL193W,0,-6.172638,0.18433180451393127,0.7200000286102295,0.31859999895095825
YNL322C,YFL002C,0,-6.1741467,0.18428461253643036,0.7200000286102295,0.31869998574256897
YMR019W,YBR058C,0,-6.1742907,0.18423746526241302,0.7200000286102295,0.3188000023365021
YIL035C,YOR075W,0,-6.174475,0.18419033288955688,0.7200000286102295,0.3188999891281128
YIL112W,YNL264C,0,-6.174589,0.18414321541786194,0.7200000286102295,0.3190000057220459
YGL234W,YOR212W,0,-6.1756396,0.18409614264965057,0.7200000286102295,0.3190999925136566
YKL085W,YDL210W,0,-6.1758103,0.1840490847826004,0.7200000286102295,0.3192000091075897
YMR285C,YPL129W,0,-6.175967,0.18400204181671143,0.7200000286102295,0.31929999589920044
YOR046C,YOR101W,0,-6.176326,0.18395502865314484,0.7200000286102295,0.31940001249313354
YCR073W-A,YPL207W,0,-6.1763678,0.18390804529190063,0.7200000286102295,0.31949999928474426
YBR170C,YPL057C,0,-6.176486,0.18386107683181763,0.7200000286102295,0.319599986076355
YPL020C,YPR125W,0,-6.176539,0.183814138174057,0.7200000286102295,0.3197000026702881
YBL045C,YCL054W,0,-6.1771436,0.18376722931861877,0.7200000286102295,0.3197999894618988
YDL004W,YGR180C,0,-6.1772494,0.18372033536434174,0.7200000286102295,0.3199000060558319
YFL059W,YLR005W,0,-6.1772847,0.18367347121238708,0.7200000286102295,0.3199999928474426
YPL271W,YJL203W,0,-6.1777015,0.18362662196159363,0.7200000286102295,0.32010000944137573
YIL065C,YKR028W,0,-6.1778693,0.18357980251312256,0.7200000286102295,0.32019999623298645
YBR059C,YLR056W,1,-6.1779504,0.18378791213035583,0.7210000157356262,0.32019999623298645
YBR227C,YOR017W,0,-6.178081,0.18374107778072357,0.7210000157356262,0.32030001282691956
YKL138C,YJR159W,0,-6.178496,0.1836942732334137,0.7210000157356262,0.3203999996185303
YNR027W,YMR065W,0,-6.1785173,0.18364748358726501,0.7210000157356262,0.320499986410141
YCL043C,YML011C,0,-6.178596,0.18360070884227753,0.7210000157356262,0.3206000030040741
YGL180W,YMR272C,0,-6.17862,0.18355397880077362,0.7210000157356262,0.3206999897956848
YJL173C,YER117W,0,-6.178926,0.18350724875926971,0.7210000157356262,0.3208000063896179
YNL201C,YNL283C,0,-6.179152,0.1834605634212494,0.7210000157356262,0.32089999318122864
YGR028W,YKL161C,0,-6.179418,0.18341389298439026,0.7210000157356262,0.32100000977516174
YOL049W,YPL024W,0,-6.1797233,0.18336723744869232,0.7210000157356262,0.32109999656677246
YNL280C,YJL197W,0,-6.1810393,0.18332062661647797,0.7210000157356262,0.32120001316070557
YML008C,YGL104C,0,-6.181087,0.1832740157842636,0.7210000157356262,0.3212999999523163
YBR008C,YEL050C,0,-6.1820254,0.18322744965553284,0.7210000157356262,0.321399986743927
YLR254C,YGR091W,0,-6.1823144,0.18318089842796326,0.7210000157356262,0.3215000033378601
YDR258C,YJR051W,0,-6.1826534,0.18313436210155487,0.7210000157356262,0.3215999901294708
YNR044W,YER100W,0,-6.183145,0.18308785557746887,0.7210000157356262,0.32170000672340393
YCR035C,YPR198W,0,-6.183322,0.18304137885570526,0.7210000157356262,0.32179999351501465
YDR320C-A,YMR179W,0,-6.184498,0.18299491703510284,0.7210000157356262,0.32190001010894775
YLR260W,YDR464W,0,-6.1852684,0.18294848501682281,0.7210000157356262,0.32199999690055847
YGR165W,YCR079W,0,-6.185303,0.18290208280086517,0.7210000157356262,0.3221000134944916
YDR129C,YML052W,1,-6.1853194,0.183109313249588,0.722000002861023,0.3221000134944916
YMR136W,YFR037C,0,-6.1853366,0.18306288123130798,0.722000002861023,0.3222000002861023
YNL281W,YEL051W,0,-6.18551,0.18301647901535034,0.722000002861023,0.322299987077713
YPR046W,YMR139W,0,-6.186125,0.1829700917005539,0.722000002861023,0.3224000036716461
YKR049C,YNL293W,0,-6.186633,0.18292373418807983,0.722000002861023,0.32249999046325684
YIR006C,YJL204C,1,-6.186685,0.18313069641590118,0.7229999899864197,0.32249999046325684
YPL127C,YJR094C,0,-6.1873465,0.18308432400226593,0.7229999899864197,0.32260000705718994
YKL208W,YBR170C,0,-6.1875854,0.18303798139095306,0.7229999899864197,0.32269999384880066
YOL063C,YML072C,0,-6.187795,0.1829916536808014,0.7229999899864197,0.32280001044273376
YNL214W,YJR104C,0,-6.1891465,0.1829453408718109,0.7229999899864197,0.3228999972343445
YAL060W,YOL095C,0,-6.189179,0.18289905786514282,0.7229999899864197,0.3230000138282776
YOL158C,YLR333C,0,-6.189204,0.18285280466079712,0.7229999899864197,0.3231000006198883
YMR175W,YHR006W,0,-6.189785,0.1828065812587738,0.7229999899864197,0.323199987411499
YPL151C,YNL257C,0,-6.189824,0.1827603578567505,0.7229999899864197,0.32330000400543213
YHR174W,YGR180C,0,-6.1899056,0.18271417915821075,0.7229999899864197,0.32339999079704285
YKL052C,YKR022C,0,-6.1907034,0.18266801536083221,0.7229999899864197,0.32350000739097595
YGR041W,YMR029C,0,-6.191463,0.18262188136577606,0.7229999899864197,0.32359999418258667
YGR257C,YMR243C,0,-6.192442,0.1825757622718811,0.7229999899864197,0.3237000107765198
YGL251C,YLR187W,0,-6.1924534,0.18252965807914734,0.7229999899864197,0.3237999975681305
YER178W,YBL046W,0,-6.1927247,0.18248359858989716,0.7229999899864197,0.3239000141620636
YJR105W,YBR119W,0,-6.1928515,0.18243755400180817,0.7229999899864197,0.3240000009536743
YOR207C,YLR119W,0,-6.193439,0.18239152431488037,0.7229999899864197,0.32409998774528503
YER166W,YNL093W,1,-6.1934705,0.18259772658348083,0.7239999771118164,0.32409998774528503
YHR057C,YMR266W,0,-6.194859,0.18255168199539185,0.7239999771118164,0.32420000433921814
YNL020C,YKR014C,1,-6.19513,0.18275775015354156,0.7250000238418579,0.32420000433921814
YFL055W,YPL084W,0,-6.195442,0.18271169066429138,0.7250000238418579,0.32429999113082886
YAL042W,YLR195C,0,-6.1955943,0.1826656609773636,0.7250000238418579,0.32440000772476196
YGL200C,YDR432W,0,-6.195762,0.18261964619159698,0.7250000238418579,0.3244999945163727
YGL005C,YKL189W,0,-6.195958,0.18257366120815277,0.7250000238418579,0.3246000111103058
YFL021W,YKL141W,0,-6.196132,0.18252769112586975,0.7250000238418579,0.3246999979019165
YMR170C,YMR211W,0,-6.1965384,0.18248175084590912,0.7250000238418579,0.3248000144958496
YDL084W,YEL013W,0,-6.196637,0.18243582546710968,0.7250000238418579,0.3249000012874603
YOR094W,YJL210W,0,-6.196758,0.18238992989063263,0.7250000238418579,0.32499998807907104
YDR386W,YBR123C,0,-6.1975856,0.18234406411647797,0.7250000238418579,0.32510000467300415
YOR383C,YGL089C,0,-6.1987076,0.1822982132434845,0.7250000238418579,0.32519999146461487
YOL001W,YBR126C,0,-6.198734,0.18225239217281342,0.7250000238418579,0.325300008058548
YJR121W,YOR269W,0,-6.1988816,0.18220658600330353,0.7250000238418579,0.3253999948501587
YLR393W,YDL174C,0,-6.199013,0.18216080963611603,0.7250000238418579,0.3255000114440918
YPL087W,YJL045W,0,-6.1997137,0.18211504817008972,0.7250000238418579,0.3255999982357025
YCR069W,YOL095C,0,-6.200005,0.1820693165063858,0.7250000238418579,0.3257000148296356
YDR097C,YDL043C,0,-6.2000537,0.18202359974384308,0.7250000238418579,0.32580000162124634
YLR028C,YHR204W,0,-6.200316,0.18197791278362274,0.7250000238418579,0.32589998841285706
YIL150C,YNL152W,0,-6.20048,0.1819322407245636,0.7250000238418579,0.32600000500679016
YDR317W,YJL052W,0,-6.2007976,0.18188659846782684,0.7250000238418579,0.3260999917984009
YBR229C,YJL121C,0,-6.201651,0.18184098601341248,0.7250000238418579,0.326200008392334
YGR257C,YCR084C,0,-6.2019362,0.1817953884601593,0.7250000238418579,0.3262999951839447
YAL024C,YPL183W-A,0,-6.202769,0.18174980580806732,0.7250000238418579,0.3264000117778778
YHR121W,YDR050C,0,-6.2030606,0.18170426785945892,0.7250000238418579,0.3264999985694885
YLR067C,YBL056W,0,-6.203457,0.18165872991085052,0.7250000238418579,0.32659998536109924
YAL061W,YGL195W,0,-6.2042603,0.18161322176456451,0.7250000238418579,0.32670000195503235
YBL032W,YDR191W,0,-6.204414,0.1815677434206009,0.7250000238418579,0.32679998874664307
YAL007C,YNL007C,0,-6.2044363,0.18152227997779846,0.7250000238418579,0.32690000534057617
YBR145W,YLR335W,0,-6.20448,0.18147684633731842,0.7250000238418579,0.3269999921321869
YIL014W,YKL055C,0,-6.2045445,0.18143142759799957,0.7250000238418579,0.32710000872612
YGR129W,YDR457W,0,-6.204666,0.1813860386610031,0.7250000238418579,0.3271999955177307
YDR054C,YPL194W,0,-6.204889,0.18134066462516785,0.7250000238418579,0.3273000121116638
YFL044C,YMR096W,0,-6.204928,0.18129532039165497,0.7250000238418579,0.32739999890327454
YGR165W,YGL062W,0,-6.205424,0.18125000596046448,0.7250000238418579,0.32749998569488525
YKR095W,YLR277C,0,-6.2055817,0.181204691529274,0.7250000238418579,0.32760000228881836
YGR112W,YNR034W,0,-6.2059407,0.18115942180156708,0.7250000238418579,0.3276999890804291
YHR075C,YML064C,0,-6.2061734,0.18111416697502136,0.7250000238418579,0.3278000056743622
YOR226C,YBR103W,0,-6.2068987,0.18106892704963684,0.7250000238418579,0.3278999924659729
YBR102C,YKR008W,0,-6.2069054,0.1810237169265747,0.7250000238418579,0.328000009059906
YOR274W,YPR166C,0,-6.2069445,0.18097853660583496,0.7250000238418579,0.3280999958515167
YOL012C,YKL038W,0,-6.20713,0.1809333711862564,0.7250000238418579,0.32820001244544983
YBR026C,YBR133C,0,-6.2072015,0.18088822066783905,0.7250000238418579,0.32829999923706055
YDR093W,YPL032C,1,-6.2072215,0.1810925453901291,0.7260000109672546,0.32829999923706055
YER081W,YGL059W,0,-6.20733,0.18104737997055054,0.7260000109672546,0.32839998602867126
YHR011W,YDR452W,0,-6.2075095,0.18100224435329437,0.7260000109672546,0.32850000262260437
YMR189W,YOR396W,0,-6.2082467,0.1809571236371994,0.7260000109672546,0.3285999894142151
YHR055C,YKL172W,0,-6.209247,0.18091203272342682,0.7260000109672546,0.3287000060081482
YMR218C,YGR234W,0,-6.209411,0.18086697161197662,0.7260000109672546,0.3287999927997589
YJL002C,YPR137W,0,-6.2096004,0.18082191050052643,0.7260000109672546,0.328900009393692
YJR040W,YMR030W,0,-6.210856,0.18077689409255981,0.7260000109672546,0.32899999618530273
YPR105C,YJL174W,0,-6.2109137,0.1807318925857544,0.7260000109672546,0.32910001277923584
YIL128W,YCR004C,0,-6.2117267,0.18068690598011017,0.7260000109672546,0.32919999957084656
YDL227C,YLR347C,0,-6.2120676,0.18064194917678833,0.7260000109672546,0.3292999863624573
YMR309C,YER003C,0,-6.212857,0.18059702217578888,0.7260000109672546,0.3294000029563904
YOL096C,YKR026C,0,-6.21322,0.18055209517478943,0.7260000109672546,0.3294999897480011
YOR288C,YGR281W,0,-6.2133636,0.18050721287727356,0.7260000109672546,0.3296000063419342
YOR264W,YGL229C,0,-6.213426,0.18046234548091888,0.7260000109672546,0.3296999931335449
YAL061W,YGR275W,0,-6.21413,0.1804174929857254,0.7260000109672546,0.329800009727478
YOR241W,YCL033C,0,-6.2143083,0.1803726702928543,0.7260000109672546,0.32989999651908875
YDR423C,YOR226C,0,-6.214394,0.1803278625011444,0.7260000109672546,0.33000001311302185
YKR054C,YOL147C,0,-6.214528,0.1802830845117569,0.7260000109672546,0.33009999990463257
YMR162C,YBR168W,0,-6.214888,0.18023833632469177,0.7260000109672546,0.3301999866962433
YMR247C,YPR107C,0,-6.2149043,0.18019360303878784,0.7260000109672546,0.3303000032901764
YJL041W,YOL146W,0,-6.2153068,0.1801488846540451,0.7260000109672546,0.3303999900817871
YDR364C,YJR135C,0,-6.21532,0.18010419607162476,0.7260000109672546,0.3305000066757202
YGL122C,YJR133W,0,-6.215454,0.1800595223903656,0.7260000109672546,0.33059999346733093
YJR156C,YGR234W,0,-6.215599,0.18001487851142883,0.7260000109672546,0.33070001006126404
YMR205C,YPL283C,0,-6.215629,0.17997024953365326,0.7260000109672546,0.33079999685287476
YJL189W,YPR080W,0,-6.215886,0.17992565035820007,0.7260000109672546,0.33090001344680786
YDR480W,YOR216C,0,-6.216514,0.17988106608390808,0.7260000109672546,0.3310000002384186
YBR103W,YOR083W,0,-6.217406,0.17983651161193848,0.7260000109672546,0.3310999870300293
YJR113C,YAR003W,0,-6.217685,0.17979197204113007,0.7260000109672546,0.3312000036239624
YJL167W,YMR091C,0,-6.218252,0.17974746227264404,0.7260000109672546,0.3312999904155731
YDR037W,YOR347C,0,-6.218794,0.1797029674053192,0.7260000109672546,0.3314000070095062
YNL227C,YER125W,1,-6.2190075,0.179905965924263,0.7269999980926514,0.3314000070095062
YHR200W,YEL051W,0,-6.219069,0.17986145615577698,0.7269999980926514,0.33149999380111694
YGL119W,YEL064C,0,-6.21936,0.17981696128845215,0.7269999980926514,0.33160001039505005
YBR298C,YGR077C,0,-6.2194767,0.1797724962234497,0.7269999980926514,0.33169999718666077
YPL203W,YKL161C,0,-6.219502,0.17972806096076965,0.7269999980926514,0.33180001378059387
YOR340C,YBL055C,0,-6.2198005,0.1796836405992508,0.7269999980926514,0.3319000005722046
YPL177C,YDR478W,0,-6.2198205,0.17963923513889313,0.7269999980926514,0.3319999873638153
YFR047C,YLR260W,0,-6.220147,0.17959485948085785,0.7269999980926514,0.3321000039577484
YCR068W,YKL055C,0,-6.220378,0.17955051362514496,0.7269999980926514,0.33219999074935913
YDL174C,YOR298C-A,0,-6.2204294,0.17950616776943207,0.7269999980926514,0.33230000734329224
YML032C,YER175C,0,-6.2204585,0.17946186661720276,0.7269999980926514,0.33239999413490295
YMR138W,YDL046W,0,-6.2206244,0.17941756546497345,0.7269999980926514,0.33250001072883606
YDR016C,YJL203W,0,-6.2212157,0.17937330901622772,0.7269999980926514,0.3325999975204468
YDR295C,YMR201C,0,-6.2213535,0.179329052567482,0.7269999980926514,0.3327000141143799
YBR010W,YKL216W,0,-6.2218337,0.17928484082221985,0.7269999980926514,0.3328000009059906
YNL015W,YOL066C,0,-6.2225275,0.1792406290769577,0.7269999980926514,0.3328999876976013
YOR299W,YIR018W,0,-6.222861,0.17919644713401794,0.7269999980926514,0.3330000042915344
YHR188C,YHL013C,0,-6.2228665,0.17915229499340057,0.7269999980926514,0.33309999108314514
YLL013C,YHR038W,0,-6.2228837,0.1791081577539444,0.7269999980926514,0.33320000767707825
YPL032C,YLR337C,1,-6.22301,0.17931035161018372,0.7279999852180481,0.33320000767707825
YMR164C,YNL202W,0,-6.223299,0.17926618456840515,0.7279999852180481,0.33329999446868896
YEL031W,YPR095C,0,-6.2233024,0.17922206223011017,0.7279999852180481,0.33340001106262207
YGL166W,YCR091W,0,-6.223329,0.17917793989181519,0.7279999852180481,0.3334999978542328
YKR066C,YIR041W,0,-6.2234383,0.17913386225700378,0.7279999852180481,0.3336000144481659
YNL291C,YNR006W,0,-6.224055,0.17908978462219238,0.7279999852180481,0.3337000012397766
YER179W,YMR016C,0,-6.2242594,0.17904575169086456,0.7279999852180481,0.33379998803138733
YDR171W,YDR117C,0,-6.224395,0.17900171875953674,0.7279999852180481,0.33390000462532043
YJL058C,YIL143C,0,-6.2243953,0.1789577156305313,0.7279999852180481,0.33399999141693115
YDR052C,YKR008W,0,-6.224528,0.17891374230384827,0.7279999852180481,0.33410000801086426
YNL099C,YML072C,0,-6.224584,0.17886978387832642,0.7279999852180481,0.334199994802475
YJR058C,YHR091C,0,-6.2253647,0.17882584035396576,0.7279999852180481,0.3343000113964081
YOR373W,YDL052C,0,-6.225923,0.1787819266319275,0.7279999852180481,0.3343999981880188
YPL055C,YDL040C,0,-6.2260914,0.17873802781105042,0.7279999852180481,0.3345000147819519
YGL166W,YKL040C,0,-6.2264304,0.17869415879249573,0.7279999852180481,0.3346000015735626
YPR025C,YGL155W,0,-6.226503,0.17865030467510223,0.7279999852180481,0.33469998836517334
YAL026C,YDR036C,1,-6.2273183,0.17885181307792664,0.7289999723434448,0.33469998836517334
YLR318W,YNL103W,0,-6.227443,0.17880794405937195,0.7289999723434448,0.33480000495910645
YHL019C,YGR244C,0,-6.2274766,0.17876410484313965,0.7289999723434448,0.33489999175071716
YHR141C,YJL052W,0,-6.227865,0.17872028052806854,0.7289999723434448,0.33500000834465027
YGR175C,YDR012W,0,-6.2281013,0.17867647111415863,0.7289999723434448,0.335099995136261
YGL219C,YMR175W,0,-6.228351,0.1786326915025711,0.7289999723434448,0.3352000117301941
YDR174W,YBL103C,0,-6.2284684,0.17858892679214478,0.7289999723434448,0.3352999985218048
YOR234C,YEL051W,0,-6.2284937,0.17854519188404083,0.7289999723434448,0.3353999853134155
YDL117W,YDR494W,0,-6.2286935,0.17850147187709808,0.7289999723434448,0.33550000190734863
YOR299W,YOR337W,0,-6.228973,0.17845776677131653,0.7289999723434448,0.33559998869895935
YPL234C,YER082C,0,-6.2290807,0.17841409146785736,0.7289999723434448,0.33570000529289246
YGL187C,YBR275C,0,-6.229143,0.17837044596672058,0.7289999723434448,0.3357999920845032
YAL053W,YDR369C,0,-6.2291718,0.178326815366745,0.7289999723434448,0.3359000086784363
YDL004W,YIR005W,0,-6.229779,0.1782831996679306,0.7289999723434448,0.335999995470047
YML006C,YMR139W,0,-6.229956,0.1782396137714386,0.7289999723434448,0.3361000120639801
YPR191W,YOR137C,0,-6.2299886,0.1781960427761078,0.7289999723434448,0.3361999988555908
YIL052C,YDR292C,0,-6.2300744,0.17815248668193817,0.7289999723434448,0.33629998564720154
YDR331W,YMR297W,0,-6.2303915,0.17810896039009094,0.7289999723434448,0.33640000224113464
YER125W,YDR059C,1,-6.2304034,0.17830972373485565,0.7300000190734863,0.33640000224113464
YFR033C,YER008C,0,-6.2304807,0.17826618254184723,0.7300000190734863,0.33649998903274536
YNL098C,YHL007C,0,-6.231346,0.17822265625,0.7300000190734863,0.33660000562667847
YDR353W,YML045W,0,-6.2321844,0.17817915976047516,0.7300000190734863,0.3366999924182892
YGL112C,YKR042W,0,-6.2322645,0.1781356781721115,0.7300000190734863,0.3368000090122223
YLR093C,YJL198W,0,-6.232496,0.17809221148490906,0.7300000190734863,0.336899995803833
YLR371W,YLR337C,1,-6.2327185,0.1782926768064499,0.7310000061988831,0.336899995803833
YLL018C,YBR014C,0,-6.2344365,0.17824921011924744,0.7310000061988831,0.3370000123977661
YBR216C,YKR053C,0,-6.2346177,0.17820575833320618,0.7310000061988831,0.33709999918937683
YBR301W,YDR103W,0,-6.234732,0.1781623214483261,0.7310000061988831,0.33719998598098755
YLR254C,YIL138C,0,-6.234764,0.17811891436576843,0.7310000061988831,0.33730000257492065
YDL192W,YOR124C,0,-6.2348146,0.17807552218437195,0.7310000061988831,0.33739998936653137
YMR120C,YDR459C,0,-6.2351794,0.17803214490413666,0.7310000061988831,0.3375000059604645
YOR384W,YPR178W,0,-6.235193,0.17798879742622375,0.7310000061988831,0.3375999927520752
YLR114C,YGL192W,0,-6.2352085,0.17794546484947205,0.7310000061988831,0.3377000093460083
YLR056W,YAL030W,1,-6.235362,0.17814552783966064,0.7319999933242798,0.3377000093460083
YDR233C,YGR208W,0,-6.2355375,0.17810219526290894,0.7319999933242798,0.337799996137619
YNL322C,YHR105W,0,-6.2357802,0.17805886268615723,0.7319999933242798,0.3379000127315521
YPR199C,YLR186W,0,-6.2359834,0.1780155599117279,0.7319999933242798,0.33799999952316284
YPR083W,YML100W,0,-6.236054,0.17797228693962097,0.7319999933242798,0.33809998631477356
YDR093W,YAL030W,1,-6.2363653,0.17817209661006927,0.7329999804496765,0.33809998631477356
YJR119C,YDR313C,0,-6.2366405,0.17812879383563995,0.7329999804496765,0.33820000290870667
YOR247W,YOL124C,0,-6.236656,0.17808552086353302,0.7329999804496765,0.3382999897003174
YIL061C,YPL074W,0,-6.2367225,0.17804226279258728,0.7329999804496765,0.3384000062942505
YCR048W,YNL164C,0,-6.236808,0.17799903452396393,0.7329999804496765,0.3384999930858612
YKR048C,YPL171C,0,-6.237027,0.17795582115650177,0.7329999804496765,0.3386000096797943
YER044C-A,YER041W,0,-6.2371306,0.1779126226902008,0.7329999804496765,0.33869999647140503
YDR073W,YGR285C,0,-6.237691,0.17786945402622223,0.7329999804496765,0.33880001306533813
YDL192W,YPL110C,0,-6.2378993,0.17782630026340485,0.7329999804496765,0.33889999985694885
YHR073W,YHR016C,1,-6.2380757,0.17802570760250092,0.734000027179718,0.33889999985694885
YFR008W,YNR048W,0,-6.238549,0.17798253893852234,0.734000027179718,0.33899998664855957
YGL033W,YDL194W,0,-6.2387843,0.17793940007686615,0.734000027179718,0.3391000032424927
YGR120C,YIL027C,0,-6.2390876,0.17789626121520996,0.734000027179718,0.3391999900341034
YER069W,YBR057C,0,-6.239119,0.17785316705703735,0.734000027179718,0.3393000066280365
YLR060W,YCL051W,0,-6.2392173,0.17781007289886475,0.734000027179718,0.3393999934196472
YBR038W,YNL037C,0,-6.239409,0.17776700854301453,0.734000027179718,0.3395000100135803
YPL119C,YMR323W,0,-6.2396736,0.1777239739894867,0.734000027179718,0.33959999680519104
YOL021C,YML016C,0,-6.239676,0.17768095433712006,0.734000027179718,0.33970001339912415
YIL043C,YOL039W,0,-6.2397923,0.1776379495859146,0.734000027179718,0.33980000019073486
YGL016W,YMR183C,0,-6.2401648,0.17759497463703156,0.734000027179718,0.3398999869823456
YMR305C,YAL001C,0,-6.2402897,0.1775520145893097,0.734000027179718,0.3400000035762787
YGR155W,YDR072C,0,-6.240461,0.17750906944274902,0.734000027179718,0.3400999903678894
YOL068C,YPL207W,0,-6.24059,0.17746615409851074,0.734000027179718,0.3402000069618225
YCL014W,YBR024W,0,-6.2408633,0.17742325365543365,0.734000027179718,0.3402999937534332
YEL027W,YDR069C,1,-6.241018,0.17762203514575958,0.7350000143051147,0.3402999937534332
YBR130C,YJL093C,0,-6.2411795,0.1775791198015213,0.7350000143051147,0.34040001034736633
YOL130W,YER048W-A,0,-6.241184,0.1775362342596054,0.7350000143051147,0.34049999713897705
YDL088C,YOR020C,0,-6.2412257,0.1774933636188507,0.7350000143051147,0.34060001373291016
YNL221C,YOR194C,0,-6.2414904,0.1774505078792572,0.7350000143051147,0.3407000005245209
YOL068C,YKL163W,0,-6.2415442,0.17740768194198608,0.7350000143051147,0.3407999873161316
YDR052C,YDR077W,0,-6.2416983,0.17736487090587616,0.7350000143051147,0.3409000039100647
YMR186W,YDR167W,0,-6.241764,0.17732207477092743,0.7350000143051147,0.3409999907016754
YPL101W,YMR158W,0,-6.24178,0.1772793084383011,0.7350000143051147,0.3411000072956085
YLR196W,YBR218C,0,-6.2419176,0.17723655700683594,0.7350000143051147,0.34119999408721924
YIL009W,YOR230W,0,-6.2425456,0.17719383537769318,0.7350000143051147,0.34130001068115234
YBR069C,YBR058C,0,-6.2429013,0.17715111374855042,0.7350000143051147,0.34139999747276306
YDL145C,YDR359C,0,-6.243441,0.17710843682289124,0.7350000143051147,0.34150001406669617
YDR093W,YOR109W,1,-6.2435603,0.177306666970253,0.7360000014305115,0.34150001406669617
YHR194W,YBR295W,0,-6.243819,0.17726397514343262,0.7360000014305115,0.3416000008583069
YER004W,YBR298C,0,-6.244019,0.17722128331661224,0.7360000014305115,0.3416999876499176
YIR010W,YEL055C,0,-6.2440476,0.17717862129211426,0.7360000014305115,0.3418000042438507
YFL010W-A,YER111C,0,-6.244093,0.17713597416877747,0.7360000014305115,0.3418999910354614
YEL015W,YKR069W,0,-6.244367,0.17709335684776306,0.7360000014305115,0.34200000762939453
YDR030C,YPR182W,0,-6.2449155,0.17705075442790985,0.7360000014305115,0.34209999442100525
YFR014C,YBL014C,0,-6.245169,0.17700818181037903,0.7360000014305115,0.34220001101493835
YOL145C,YDR255C,0,-6.245221,0.1769656240940094,0.7360000014305115,0.3422999978065491
YKL019W,YOR295W,0,-6.245543,0.17692308127880096,0.7360000014305115,0.3424000144004822
YDR432W,YLR333C,0,-6.2459817,0.17688055336475372,0.7360000014305115,0.3425000011920929
YMR219W,YDR471W,0,-6.2461143,0.17683805525302887,0.7360000014305115,0.3425999879837036
YJR040W,YPL169C,0,-6.24672,0.1767955869436264,0.7360000014305115,0.3427000045776367
YDR376W,YOR372C,0,-6.2467427,0.17675311863422394,0.7360000014305115,0.34279999136924744
YPL058C,YHR017W,0,-6.246756,0.17671068012714386,0.7360000014305115,0.34290000796318054
YOR001W,YML015C,0,-6.2469034,0.17666827142238617,0.7360000014305115,0.34299999475479126
YNL027W,YPR031W,0,-6.2477083,0.17662586271762848,0.7360000014305115,0.34310001134872437
YER003C,YHR112C,0,-6.247733,0.17658349871635437,0.7360000014305115,0.3431999981403351
YDL132W,YOL084W,0,-6.248113,0.17654113471508026,0.7360000014305115,0.3433000147342682
YKL165C,YGR152C,0,-6.248267,0.17649880051612854,0.7360000014305115,0.3434000015258789
YKL101W,YPR159W,0,-6.2486143,0.176456481218338,0.7360000014305115,0.3434999883174896
YMR224C,YOR175C,0,-6.249051,0.17641419172286987,0.7360000014305115,0.34360000491142273
YHR044C,YOR330C,0,-6.2495785,0.17637191712856293,0.7360000014305115,0.34369999170303345
YML099C,YDR148C,0,-6.249716,0.17632965743541718,0.7360000014305115,0.34380000829696655
YNL315C,YPL194W,0,-6.24974,0.1762874275445938,0.7360000014305115,0.34389999508857727
YDR376W,YBR153W,0,-6.249928,0.17624521255493164,0.7360000014305115,0.3440000116825104
YDL014W,YDR349C,0,-6.2505264,0.17620301246643066,0.7360000014305115,0.3440999984741211
YPL281C,YNR034W,0,-6.2505403,0.17616084218025208,0.7360000014305115,0.3441999852657318
YIL144W,YML097C,0,-6.2505803,0.17611868679523468,0.7360000014305115,0.3443000018596649
YLL009C,YKR072C,0,-6.2510858,0.17607656121253967,0.7360000014305115,0.34439998865127563
YGL016W,YBR125C,0,-6.2512283,0.17603443562984467,0.7360000014305115,0.34450000524520874
YJL036W,YLR183C,0,-6.2513657,0.17599235475063324,0.7360000014305115,0.34459999203681946
YLR081W,YLR136C,0,-6.252179,0.17595027387142181,0.7360000014305115,0.34470000863075256
YOL116W,YNL339C,0,-6.2521806,0.17590822279453278,0.7360000014305115,0.3447999954223633
YKR052C,YOL094C,0,-6.2521896,0.17586618661880493,0.7360000014305115,0.3449000120162964
YMR054W,YDR120C,0,-6.2522774,0.17582418024539948,0.7360000014305115,0.3449999988079071
YLR095C,YOR137C,0,-6.252401,0.1757821887731552,0.7360000014305115,0.3450999855995178
YJR005W,YPR086W,0,-6.2528434,0.17574021220207214,0.7360000014305115,0.3452000021934509
YNR033W,YML128C,0,-6.2530384,0.17569825053215027,0.7360000014305115,0.34529998898506165
YNL274C,YIL021W,0,-6.253102,0.17565631866455078,0.7360000014305115,0.34540000557899475
YER054C,YCL044C,0,-6.2533545,0.17561441659927368,0.7360000014305115,0.34549999237060547
YGL119W,YCR068W,0,-6.2534413,0.17557251453399658,0.7360000014305115,0.3456000089645386
YKR003W,YBR214W,1,-6.2539062,0.1757691353559494,0.7369999885559082,0.3456000089645386
YBR280C,YPR133W-A,0,-6.2541084,0.1757272332906723,0.7369999885559082,0.3456999957561493
YLR313C,YPR056W,0,-6.2545524,0.1756853461265564,0.7369999885559082,0.3458000123500824
YPR141C,YHR204W,0,-6.2547045,0.17564347386360168,0.7369999885559082,0.3458999991416931
YLR393W,YBL105C,0,-6.2548375,0.17560161650180817,0.7369999885559082,0.34599998593330383
YKR025W,YMR005W,0,-6.254898,0.17555978894233704,0.7369999885559082,0.34610000252723694
YMR133W,YNR023W,0,-6.2549233,0.1755179762840271,0.7369999885559082,0.34619998931884766
YOR204W,YFR024C-A,0,-6.2552667,0.17547619342803955,0.7369999885559082,0.34630000591278076
YKR100C,YLL028W,0,-6.2554297,0.1754344254732132,0.7369999885559082,0.3463999927043915
YEL027W,YMR109W,1,-6.255618,0.17563065886497498,0.7379999756813049,0.3463999927043915
YOR295W,YBR006W,0,-6.2558646,0.17558886110782623,0.7379999756813049,0.3465000092983246
YHR128W,YLR043C,0,-6.256169,0.17554709315299988,0.7379999756813049,0.3465999960899353
YFR051C,YDR400W,0,-6.2564325,0.1755053550004959,0.7379999756813049,0.3467000126838684
YPL167C,YGL096W,0,-6.2567,0.17546361684799194,0.7379999756813049,0.3467999994754791
YDL090C,YLR071C,0,-6.2569494,0.17542190849781036,0.7379999756813049,0.34689998626708984
YBL022C,YBR283C,0,-6.257236,0.17538022994995117,0.7379999756813049,0.34700000286102295
YHL001W,YOR293W,0,-6.2574396,0.17533856630325317,0.7379999756813049,0.34709998965263367
YPL051W,YAL061W,0,-6.2576785,0.17529691755771637,0.7379999756813049,0.3472000062465668
YIR019C,YPR018W,0,-6.2582545,0.17525528371334076,0.7379999756813049,0.3472999930381775
YBR276C,YPL029W,0,-6.25827,0.17521367967128754,0.7379999756813049,0.3474000096321106
YKL016C,YBL014C,0,-6.2584386,0.1751720905303955,0.7379999756813049,0.3474999964237213
YIL035C,YDL043C,0,-6.2584577,0.17513051629066467,0.7379999756813049,0.3476000130176544
YHL019C,YIL027C,0,-6.259022,0.17508897185325623,0.7379999756813049,0.34769999980926514
YOL026C,YIL013C,0,-6.2590795,0.17504744231700897,0.7379999756813049,0.34779998660087585
YDL074C,YFL029C,0,-6.2591796,0.1750059276819229,0.7379999756813049,0.34790000319480896
YLR131C,YOR279C,0,-6.259185,0.17496444284915924,0.7379999756813049,0.3479999899864197
YAL026C,YKL203C,1,-6.2598424,0.1751599907875061,0.7390000224113464,0.3479999899864197
YHR166C,YIL042C,0,-6.260186,0.17511847615242004,0.7390000224113464,0.3481000065803528
YGL071W,YJL212C,0,-6.2604303,0.17507699131965637,0.7390000224113464,0.3481999933719635
YGR167W,YJL204C,1,-6.26063,0.1752723753452301,0.7400000095367432,0.3481999933719635
YMR060C,YDR143C,0,-6.260756,0.17523087561130524,0.7400000095367432,0.3483000099658966
YGL253W,YER005W,0,-6.260838,0.17518939077854156,0.7400000095367432,0.3483999967575073
YHL019C,YDL069C,0,-6.2609787,0.17514793574810028,0.7400000095367432,0.34850001335144043
YMR035W,YER001W,0,-6.2612042,0.175106480717659,0.7400000095367432,0.34860000014305115
YPL101W,YEL006W,0,-6.26122,0.1750650554895401,0.7400000095367432,0.34869998693466187
YHR123W,YOR085W,0,-6.2615337,0.1750236451625824,0.7400000095367432,0.34880000352859497
YGR037C,YBR139W,0,-6.26157,0.17498226463794708,0.7400000095367432,0.3488999903202057
YHR055C,YGL213C,0,-6.261886,0.17494089901447296,0.7400000095367432,0.3490000069141388
YPL116W,YDR481C,0,-6.2618976,0.17489954829216003,0.7400000095367432,0.3490999937057495
YML059C,YBR084C-A,0,-6.262407,0.1748582273721695,0.7400000095367432,0.3492000102996826
YOR204W,YDR466W,0,-6.263133,0.17481692135334015,0.7400000095367432,0.34929999709129333
YPL217C,YPR106W,0,-6.2631793,0.174775630235672,0.7400000095367432,0.34940001368522644
YDR309C,YDR138W,0,-6.263719,0.17473435401916504,0.7400000095367432,0.34950000047683716
YNL218W,YGL064C,0,-6.263726,0.17469310760498047,0.7400000095367432,0.3495999872684479
YOL051W,YJL045W,0,-6.263815,0.1746518760919571,0.7400000095367432,0.349700003862381
YOR180C,YAL024C,0,-6.2640734,0.1746106594800949,0.7400000095367432,0.3497999906539917
YNL012W,YER144C,0,-6.264077,0.17456947267055511,0.7400000095367432,0.3499000072479248
YLR316C,YOR060C,0,-6.264197,0.1745283007621765,0.7400000095367432,0.3499999940395355
YJR014W,YAL002W,0,-6.2646627,0.1744871437549591,0.7400000095367432,0.35010001063346863
YDR163W,YGR113W,0,-6.265125,0.1744460165500641,0.7400000095367432,0.35019999742507935
YMR268C,YDR457W,0,-6.265538,0.17440490424633026,0.7400000095367432,0.35030001401901245
YGR209C,YER113C,0,-6.2657247,0.17436380684375763,0.7400000095367432,0.35040000081062317
YNL037C,YJR035W,0,-6.265937,0.17432273924350739,0.7400000095367432,0.3504999876022339
YNL052W,YBR280C,0,-6.265974,0.17428167164325714,0.7400000095367432,0.350600004196167
YFR028C,YJL192C,0,-6.2660537,0.17424063384532928,0.7400000095367432,0.3506999909877777
YHR108W,YKR095W,0,-6.2660956,0.17419962584972382,0.7400000095367432,0.3508000075817108
YDL225W,YPL252C,0,-6.266239,0.17415863275527954,0.7400000095367432,0.35089999437332153
YNL297C,YNL093W,1,-6.2669454,0.17435294389724731,0.7409999966621399,0.35089999437332153
YGR134W,YNL007C,0,-6.2669644,0.17431192100048065,0.7409999966621399,0.35100001096725464
YIL013C,YMR263W,0,-6.267319,0.17427092790603638,0.7409999966621399,0.35109999775886536
YEL046C,YDR002W,0,-6.2675767,0.1742299497127533,0.7409999966621399,0.35120001435279846
YLR357W,YDR120C,0,-6.267596,0.1741890013217926,0.7409999966621399,0.3513000011444092
YFL003C,YLL004W,0,-6.268277,0.1741480678319931,0.7409999966621399,0.3513999879360199
YJL100W,YIL091C,0,-6.268334,0.1741071492433548,0.7409999966621399,0.351500004529953
YOL063C,YPL170W,0,-6.26844,0.17406624555587769,0.7409999966621399,0.3515999913215637
YEL064C,YMR023C,0,-6.2684646,0.17402535676956177,0.7409999966621399,0.3517000079154968
YNR007C,YDR538W,0,-6.2685204,0.17398449778556824,0.7409999966621399,0.35179999470710754
YJR021C,YKR008W,0,-6.268614,0.1739436686038971,0.7409999966621399,0.35190001130104065
YOR323C,YKL125W,0,-6.2689753,0.17390283942222595,0.7409999966621399,0.35199999809265137
YPL022W,YDL229W,0,-6.2693067,0.1738620400428772,0.7409999966621399,0.3521000146865845
YPR008W,YER018C,0,-6.270025,0.17382125556468964,0.7409999966621399,0.3522000014781952
YKR003W,YAL030W,1,-6.2702446,0.17401501536369324,0.7419999837875366,0.3522000014781952
YPL057C,YHL044W,0,-6.2702613,0.17397421598434448,0.7419999837875366,0.3522999882698059
YNL008C,YML116W,0,-6.2708306,0.17393343150615692,0.7419999837875366,0.352400004863739
YCL017C,YML095C,0,-6.2715297,0.17389266192913055,0.7419999837875366,0.35249999165534973
YGL012W,YGL227W,0,-6.271887,0.17385192215442657,0.7419999837875366,0.35260000824928284
YBR023C,YDL224C,0,-6.2723756,0.1738111972808838,0.7419999837875366,0.35269999504089355
YDR113C,YLR362W,0,-6.2727213,0.1737704873085022,0.7419999837875366,0.35280001163482666
YHR059W,YDR123C,0,-6.273023,0.173729807138443,0.7419999837875366,0.3528999984264374
YDR030C,YEL004W,0,-6.273194,0.17368914186954498,0.7419999837875366,0.3529999852180481
YJL184W,YPL085W,0,-6.2732115,0.17364849150180817,0.7419999837875366,0.3531000018119812
YLR131C,YFR049W,0,-6.2735333,0.17360785603523254,0.7419999837875366,0.3531999886035919
YJL044C,YPR106W,0,-6.27425,0.1735672503709793,0.7419999837875366,0.353300005197525
YBR221C,YIL030C,0,-6.274407,0.17352665960788727,0.7419999837875366,0.35339999198913574
YDR508C,YPR043W,0,-6.2749352,0.17348608374595642,0.7419999837875366,0.35350000858306885
YDL108W,YBL022C,0,-6.274969,0.17344553768634796,0.7419999837875366,0.35359999537467957
YBR237W,YDR202C,0,-6.275,0.1734050065279007,0.7419999837875366,0.35370001196861267
YHL002W,YPL105C,0,-6.2752743,0.17336449027061462,0.7419999837875366,0.3537999987602234
YLR242C,YIL033C,0,-6.275527,0.17332398891448975,0.7419999837875366,0.3538999855518341
YNL103W,YBL030C,0,-6.2762494,0.17328351736068726,0.7419999837875366,0.3540000021457672
YCL014W,YNL236W,0,-6.2766604,0.17324306070804596,0.7419999837875366,0.35409998893737793
YCR046C,YER098W,0,-6.2767076,0.17320261895656586,0.7419999837875366,0.35420000553131104
YDR054C,YDR120C,0,-6.2767544,0.17316219210624695,0.7419999837875366,0.35429999232292175
YFR008W,YOR279C,0,-6.2767596,0.17312179505825043,0.7419999837875366,0.35440000891685486
YOL033W,YDR166C,0,-6.2770314,0.1730814129114151,0.7419999837875366,0.3544999957084656
YOR156C,YML059C,0,-6.277139,0.17304104566574097,0.7419999837875366,0.3546000123023987
YAR050W,YOR172W,0,-6.277139,0.17300069332122803,0.7419999837875366,0.3546999990940094
YEL027W,YLR206W,1,-6.277141,0.17319346964359283,0.7429999709129333,0.3546999990940094
YMR095C,YPR156C,0,-6.2776375,0.1731531172990799,0.7429999709129333,0.3547999858856201
YLR256W,YDL064W,0,-6.2778087,0.17311276495456696,0.7429999709129333,0.3549000024795532
YDL202W,YGL025C,0,-6.2779565,0.1730724424123764,0.7429999709129333,0.35499998927116394
YMR080C,YDR538W,0,-6.2784715,0.17303213477134705,0.7429999709129333,0.35510000586509705
YOR383C,YHR042W,0,-6.2788286,0.17299185693264008,0.7429999709129333,0.35519999265670776
YBL051C,YMR235C,0,-6.278957,0.1729515790939331,0.7429999709129333,0.35530000925064087
YHL003C,YBR057C,0,-6.2790513,0.17291133105754852,0.7429999709129333,0.3553999960422516
YNL232W,YHR109W,0,-6.2790856,0.17287109792232513,0.7429999709129333,0.3555000126361847
YLR056W,YOR089C,1,-6.2793584,0.1730635017156601,0.7440000176429749,0.3555000126361847
YOR008C,YNL093W,1,-6.279556,0.1732558161020279,0.7450000047683716,0.3555000126361847
YHR194W,YDR381W,0,-6.2795753,0.17321553826332092,0.7450000047683716,0.3555999994277954
YGR165W,YDR536W,0,-6.280024,0.17317526042461395,0.7450000047683716,0.35569998621940613
YDR151C,YGR091W,0,-6.280026,0.17313502728939056,0.7450000047683716,0.35580000281333923
YJL019W,YDR471W,0,-6.280028,0.17309479415416718,0.7450000047683716,0.35589998960494995
YMR012W,YHR102W,0,-6.280341,0.17305459082126617,0.7450000047683716,0.35600000619888306
YGR295C,YOR213C,0,-6.2808485,0.17301440238952637,0.7450000047683716,0.3560999929904938
YNL012W,YJR099W,0,-6.281148,0.17297422885894775,0.7450000047683716,0.3562000095844269
YML101C,YHR011W,0,-6.2815304,0.17293407022953033,0.7450000047683716,0.3562999963760376
YNL219C,YDL159W,0,-6.2818017,0.1728939414024353,0.7450000047683716,0.3564000129699707
YDR254W,YOR388C,0,-6.28213,0.17285382747650146,0.7450000047683716,0.3564999997615814
YNL161W,YMR203W,0,-6.282276,0.17281372845172882,0.7450000047683716,0.35659998655319214
YOR210W,YLR237W,0,-6.282829,0.17277365922927856,0.7450000047683716,0.35670000314712524
YDL090C,YPL252C,0,-6.282921,0.1727335900068283,0.7450000047683716,0.35679998993873596
YJL074C,YPR086W,0,-6.2830358,0.17269355058670044,0.7450000047683716,0.35690000653266907
YDL028C,YPL152W,0,-6.2830734,0.17265354096889496,0.7450000047683716,0.3569999933242798
YDR254W,YPR041W,0,-6.2835937,0.17261353135108948,0.7450000047683716,0.3571000099182129
YOL065C,YBR069C,0,-6.283811,0.17257355153560638,0.7450000047683716,0.3571999967098236
YJL062W,YGR105W,0,-6.2839513,0.17253358662128448,0.7450000047683716,0.3573000133037567
YDR214W,YAR050W,0,-6.2839713,0.17249363660812378,0.7450000047683716,0.35740000009536743
YCR046C,YGR281W,0,-6.2841344,0.17245370149612427,0.7450000047683716,0.35749998688697815
YBR020W,YDR217C,0,-6.2841964,0.17241379618644714,0.7450000047683716,0.35760000348091125
YNL297C,YHR073W,1,-6.2844963,0.17260527610778809,0.7459999918937683,0.35760000348091125
YHR046C,YFR055W,0,-6.2850585,0.17256534099578857,0.7459999918937683,0.357699990272522
YMR225C,YOR190W,0,-6.2851334,0.17252543568611145,0.7459999918937683,0.3578000068664551
YGL222C,YMR105C,0,-6.285517,0.17248554527759552,0.7459999918937683,0.3578999936580658
YML042W,YOR197W,0,-6.2855935,0.17244568467140198,0.7459999918937683,0.3580000102519989
YDR174W,YDR260C,0,-6.286111,0.17240582406520844,0.7459999918937683,0.3580999970436096
YER058W,YAL002W,0,-6.2861633,0.17236599326133728,0.7459999918937683,0.3582000136375427
YCL025C,YPL050C,0,-6.2861676,0.17232617735862732,0.7459999918937683,0.35830000042915344
YDR084C,YPL105C,0,-6.28661,0.17228637635707855,0.7459999918937683,0.35839998722076416
YOL155C,YDR123C,0,-6.287232,0.17224659025669098,0.7459999918937683,0.35850000381469727
YBL063W,YAL001C,0,-6.2879233,0.1722068339586258,0.7459999918937683,0.358599990606308
YLR058C,YDR311W,0,-6.2879796,0.1721670925617218,0.7459999918937683,0.3587000072002411
YJL157C,YOR212W,0,-6.288161,0.172127366065979,0.7459999918937683,0.3587999939918518
YDR011W,YBL106C,0,-6.2883067,0.1720876544713974,0.7459999918937683,0.3589000105857849
YMR042W,YGR282C,0,-6.2884774,0.17204797267913818,0.7459999918937683,0.35899999737739563
YOR141C,YLR424W,0,-6.2886796,0.17200830578804016,0.7459999918937683,0.35910001397132874
YOR141C,YPR169W,0,-6.2890806,0.17196865379810333,0.7459999918937683,0.35920000076293945
YPL100W,YHR147C,0,-6.2893863,0.1719290167093277,0.7459999918937683,0.35929998755455017
YNR016C,YBR058C-A,0,-6.2895684,0.17188939452171326,0.7459999918937683,0.3594000041484833
YCL061C,YGR206W,0,-6.2899146,0.1718498021364212,0.7459999918937683,0.359499990940094
YJR143C,YGL213C,0,-6.2902412,0.17181022465229034,0.7459999918937683,0.3596000075340271
YDR160W,YGR048W,0,-6.291142,0.17177066206932068,0.7459999918937683,0.3596999943256378
YNL227C,YCR053W,1,-6.291169,0.17196132242679596,0.746999979019165,0.3596999943256378
YOR320C,YPL180W,0,-6.291501,0.1719217449426651,0.746999979019165,0.3598000109195709
YLR196W,YMR149W,0,-6.2915435,0.17188219726085663,0.746999979019165,0.35989999771118164
YJR070C,YJR143C,0,-6.291724,0.17184264957904816,0.746999979019165,0.36000001430511475
YHR007C,YMR183C,0,-6.291902,0.17180313169956207,0.746999979019165,0.36010000109672546
YLR052W,YPR198W,0,-6.2922416,0.17176362872123718,0.746999979019165,0.3601999878883362
YJR119C,YIR041W,0,-6.292265,0.1717241406440735,0.746999979019165,0.3603000044822693
YJL020C,YLR237W,0,-6.2923455,0.17168466746807098,0.746999979019165,0.36039999127388
YFL059W,YDR349C,0,-6.2925897,0.17164522409439087,0.746999979019165,0.3605000078678131
YKL103C,YCR033W,0,-6.2933526,0.17160579562187195,0.746999979019165,0.36059999465942383
YOR065W,YMR091C,0,-6.2933784,0.17156638205051422,0.746999979019165,0.36070001125335693
YLR136C,YGL198W,0,-6.2934947,0.1715269833803177,0.746999979019165,0.36079999804496765
YLR216C,YLR008C,0,-6.293783,0.17148759961128235,0.746999979019165,0.36090001463890076
YDL174C,YHR156C,0,-6.293794,0.1714482456445694,0.746999979019165,0.3610000014305115
YMR038C,YJL210W,0,-6.2941923,0.17140890657901764,0.746999979019165,0.3610999882221222
YLL035W,YDR464W,0,-6.2943716,0.17136958241462708,0.746999979019165,0.3612000048160553
YNL201C,YGR141W,0,-6.2949433,0.1713302731513977,0.746999979019165,0.361299991607666
YJL212C,YMR269W,0,-6.295048,0.17129099369049072,0.746999979019165,0.3614000082015991
YDR347W,YNL294C,0,-6.2952733,0.17125171422958374,0.746999979019165,0.36149999499320984
YIL015W,YLL006W,0,-6.2953734,0.17121246457099915,0.746999979019165,0.36160001158714294
YPL123C,YMR272C,0,-6.296966,0.17117322981357574,0.746999979019165,0.36169999837875366
YKR099W,YOR391C,0,-6.2970533,0.17113402485847473,0.746999979019165,0.3617999851703644
YKR099W,YKL064W,0,-6.2976046,0.17109481990337372,0.746999979019165,0.3619000017642975
YCR060W,YMR271C,0,-6.2979016,0.1710556447505951,0.746999979019165,0.3619999885559082
YLR195C,YMR146C,0,-6.298414,0.17101648449897766,0.746999979019165,0.3621000051498413
YBR079C,YPR063C,0,-6.2986875,0.17097733914852142,0.746999979019165,0.362199991941452
YAL058W,YDR534C,0,-6.2987924,0.17093820869922638,0.746999979019165,0.36230000853538513
YPL194W,YEL024W,0,-6.2990603,0.17089910805225372,0.746999979019165,0.36239999532699585
YGR120C,YPL128C,0,-6.2991433,0.17086002230644226,0.746999979019165,0.36250001192092896
YNL099C,YDR468C,0,-6.2993636,0.170820951461792,0.746999979019165,0.3625999987125397
YGR120C,YJR077C,0,-6.300435,0.17078189551830292,0.746999979019165,0.3626999855041504
YNL183C,YIL052C,0,-6.3006215,0.17074285447597504,0.746999979019165,0.3628000020980835
YPL015C,YDL240W,0,-6.300923,0.17070384323596954,0.746999979019165,0.3628999888896942
YDR096W,YLR010C,0,-6.3012066,0.17066483199596405,0.746999979019165,0.3630000054836273
YOR204W,YJR133W,0,-6.301418,0.17062585055828094,0.746999979019165,0.36309999227523804
YJL173C,YDR246W,0,-6.302118,0.17058689892292023,0.746999979019165,0.36320000886917114
YDR295C,YBR079C,0,-6.302164,0.1705479472875595,0.746999979019165,0.36329999566078186
YDR069C,YLR206W,1,-6.3022017,0.17073728144168854,0.7480000257492065,0.36329999566078186
YLR423C,YDR123C,0,-6.30263,0.17069831490516663,0.7480000257492065,0.36340001225471497
YFR033C,YNL162W,0,-6.3028274,0.1706593632698059,0.7480000257492065,0.3634999990463257
YOR299W,YJL197W,0,-6.3031373,0.17062044143676758,0.7480000257492065,0.3635999858379364
YIL027C,YKL006W,0,-6.3032537,0.17058153450489044,0.7480000257492065,0.3637000024318695
YPR021C,YER183C,0,-6.3035073,0.1705426424741745,0.7480000257492065,0.3637999892234802
YDL207W,YGL009C,0,-6.303765,0.17050376534461975,0.7480000257492065,0.36390000581741333
YLR131C,YNL292W,0,-6.304134,0.1704649031162262,0.7480000257492065,0.36399999260902405
YDL099W,YPR100W,0,-6.3043547,0.17042607069015503,0.7480000257492065,0.36410000920295715
YDR025W,YLR119W,0,-6.304449,0.17038723826408386,0.7480000257492065,0.36419999599456787
YPL005W,YJR086W,0,-6.304816,0.17034843564033508,0.7480000257492065,0.364300012588501
YLR359W,YJR043C,0,-6.3053784,0.1703096479177475,0.7480000257492065,0.3643999993801117
YDR069C,YAL026C,1,-6.3054867,0.17049852013587952,0.7490000128746033,0.3643999993801117
YBR210W,YLR075W,0,-6.3054905,0.17045971751213074,0.7490000128746033,0.3644999861717224
YER166W,YPL032C,1,-6.3055444,0.1706484705209732,0.75,0.3644999861717224
YNL243W,YNL093W,1,-6.3063397,0.17083711922168732,0.7509999871253967,0.3644999861717224
YLR081W,YGL208W,0,-6.306708,0.17079827189445496,0.7509999871253967,0.3646000027656555
YPL161C,YKR097W,0,-6.3069496,0.1707594394683838,0.7509999871253967,0.36469998955726624
YHR102W,YHR105W,0,-6.307077,0.17072062194347382,0.7509999871253967,0.36480000615119934
YML051W,YDR191W,0,-6.3071966,0.17068181931972504,0.7509999871253967,0.36489999294281006
YGL192W,YBR167C,0,-6.3071976,0.17064303159713745,0.7509999871253967,0.36500000953674316
YOL026C,YKR013W,0,-6.307529,0.17060427367687225,0.7509999871253967,0.3650999963283539
YER036C,YMR038C,0,-6.3076243,0.17056553065776825,0.7509999871253967,0.365200012922287
YPL084W,YMR011W,0,-6.3076606,0.17052678763866425,0.7509999871253967,0.3652999997138977
YLR291C,YDR212W,0,-6.307698,0.17048807442188263,0.7509999871253967,0.3653999865055084
YDL008W,YCL061C,0,-6.307743,0.1704493910074234,0.7509999871253967,0.36550000309944153
YNL093W,YHR016C,1,-6.3082023,0.17063762247562408,0.7519999742507935,0.36550000309944153
YOR326W,YOR372C,0,-6.3092294,0.17059890925884247,0.7519999742507935,0.36559998989105225
YER144C,YER024W,0,-6.309364,0.17056021094322205,0.7519999742507935,0.36570000648498535
YGL143C,YJL025W,0,-6.309699,0.170521542429924,0.7519999742507935,0.36579999327659607
YNR027W,YIL023C,0,-6.3098116,0.17048288881778717,0.7519999742507935,0.3659000098705292
YNL084C,YNL227C,1,-6.3099313,0.17067089676856995,0.753000020980835,0.3659000098705292
YNL274C,YOL028C,0,-6.310482,0.1706322282552719,0.753000020980835,0.3659999966621399
YGR224W,YGR044C,0,-6.3107343,0.17059355974197388,0.753000020980835,0.366100013256073
YDL040C,YIL022W,0,-6.3113914,0.17055492103099823,0.753000020980835,0.3662000000476837
YNL023C,YJR113C,0,-6.3114047,0.17051629722118378,0.753000020980835,0.36629998683929443
YAL026C,YNL093W,1,-6.3118806,0.17070409655570984,0.7540000081062317,0.36629998683929443
YBR054W,YMR291W,0,-6.312716,0.1706654578447342,0.7540000081062317,0.36640000343322754
YJR068W,YIL076W,0,-6.3129783,0.17062683403491974,0.7540000081062317,0.36649999022483826
YER112W,YDL244W,0,-6.313196,0.17058824002742767,0.7540000081062317,0.36660000681877136
YBL085W,YFL009W,0,-6.313211,0.1705496460199356,0.7540000081062317,0.3666999936103821
YER114C,YPL095C,0,-6.313214,0.17051108181476593,0.7540000081062317,0.3668000102043152
YLR246W,YDR453C,0,-6.3133645,0.17047253251075745,0.7540000081062317,0.3668999969959259
YOL089C,YDR259C,0,-6.3142376,0.17043399810791016,0.7540000081062317,0.367000013589859
YLR095C,YMR026C,0,-6.3142567,0.17039547860622406,0.7540000081062317,0.3671000003814697
YGL240W,YBL060W,0,-6.3143697,0.17035698890686035,0.7540000081062317,0.36719998717308044
YGL155W,YPL218W,0,-6.314408,0.17031849920749664,0.7540000081062317,0.36730000376701355
YNR027W,YLR208W,0,-6.3144364,0.17028003931045532,0.7540000081062317,0.36739999055862427
YIR019C,YHL025W,0,-6.3147464,0.1702415943145752,0.7540000081062317,0.3675000071525574
YBR122C,YMR241W,0,-6.314978,0.17020316421985626,0.7540000081062317,0.3675999939441681
YOR065W,YDR457W,0,-6.315276,0.17016474902629852,0.7540000081062317,0.3677000105381012
YPR047W,YDR281C,0,-6.315999,0.17012634873390198,0.7540000081062317,0.3677999973297119
YDR009W,YMR091C,0,-6.3161283,0.17008797824382782,0.7540000081062317,0.367900013923645
YCL040W,YDL022W,0,-6.316151,0.17004962265491486,0.7540000081062317,0.36800000071525574
YLR110C,YDL132W,0,-6.3161693,0.1700112670660019,0.7540000081062317,0.36809998750686646
YOR031W,YOR124C,0,-6.3165164,0.16997294127941132,0.7540000081062317,0.36820000410079956
YDR383C,YJL012C,0,-6.31667,0.16993464529514313,0.7540000081062317,0.3682999908924103
YOR127W,YDL033C,0,-6.3166866,0.16989634931087494,0.7540000081062317,0.3684000074863434
YAL062W,YCR077C,0,-6.317739,0.16985808312892914,0.7540000081062317,0.3684999942779541
YPR086W,YHR048W,0,-6.317802,0.16981981694698334,0.7540000081062317,0.3686000108718872
YPL195W,YNL061W,0,-6.3179307,0.16978158056735992,0.7540000081062317,0.3686999976634979
YDR163W,YJR046W,0,-6.3180075,0.1697433590888977,0.7540000081062317,0.36880001425743103
YHR013C,YDR459C,0,-6.3181233,0.16970515251159668,0.7540000081062317,0.36890000104904175
YHR190W,YCR075C,0,-6.318135,0.16966696083545685,0.7540000081062317,0.36899998784065247
YGR062C,YKL093W,0,-6.3182473,0.1696287989616394,0.7540000081062317,0.36910000443458557
YKR003W,YML052W,1,-6.3185487,0.1698155701160431,0.7549999952316284,0.36910000443458557
YMR083W,YLR081W,0,-6.319231,0.16977737843990326,0.7549999952316284,0.3691999912261963
YMR182C,YOL018C,0,-6.319467,0.16973920166492462,0.7549999952316284,0.3693000078201294
YKR068C,YOR074C,0,-6.3195887,0.16970105469226837,0.7549999952316284,0.3693999946117401
YPL164C,YIL115C,0,-6.319839,0.16966292262077332,0.7549999952316284,0.3695000112056732
YNL061W,YOR209C,0,-6.320063,0.16962480545043945,0.7549999952316284,0.36959999799728394
YMR297W,YOR337W,0,-6.3202233,0.16958670318126678,0.7549999952316284,0.36970001459121704
YHR075C,YGL243W,0,-6.3203993,0.1695486158132553,0.7549999952316284,0.36980000138282776
YJL209W,YPR155C,0,-6.320424,0.16951055824756622,0.7549999952316284,0.3698999881744385
YKL193C,YLR360W,0,-6.3205013,0.16947250068187714,0.7549999952316284,0.3700000047683716
YKL108W,YPL129W,0,-6.3207965,0.16943447291851044,0.7549999952316284,0.3700999915599823
YPL110C,YDL244W,0,-6.320847,0.16939646005630493,0.7549999952316284,0.3702000081539154
YKL040C,YGL028C,0,-6.3209715,0.16935846209526062,0.7549999952316284,0.3702999949455261
YPL268W,YLR262C,0,-6.321168,0.1693204790353775,0.7549999952316284,0.37040001153945923
YLR390W-A,YNL323W,0,-6.3219504,0.16928251087665558,0.7549999952316284,0.37049999833106995
YML055W,YKR056W,0,-6.322662,0.16924455761909485,0.7549999952316284,0.37059998512268066
YNR074C,YFR002W,0,-6.322921,0.1692066341638565,0.7549999952316284,0.37070000171661377
YOR371C,YDR337W,0,-6.32308,0.16916872560977936,0.7549999952316284,0.3707999885082245
YIL105C,YLR277C,0,-6.323241,0.1691308170557022,0.7549999952316284,0.3709000051021576
YDR364C,YNL176C,0,-6.323955,0.16909293830394745,0.7549999952316284,0.3709999918937683
YCL024W,YPL087W,0,-6.3244405,0.16905508935451508,0.7549999952316284,0.3711000084877014
YDR164C,YHR139C,0,-6.325196,0.1690172404050827,0.7549999952316284,0.37119999527931213
YAL030W,YLR337C,1,-6.3258386,0.16920322179794312,0.7559999823570251,0.37119999527931213
YBR038W,YJR126C,0,-6.325929,0.16916535794734955,0.7559999823570251,0.37130001187324524
YNL227C,YNL297C,1,-6.3260384,0.1693512350320816,0.7570000290870667,0.37130001187324524
YGR089W,YHR072W-A,0,-6.326596,0.16931335628032684,0.7570000290870667,0.37139999866485596
YGR023W,YNL264C,0,-6.326746,0.16927549242973328,0.7570000290870667,0.3714999854564667
YNL020C,YJL204C,1,-6.3271823,0.1694612056016922,0.7580000162124634,0.3714999854564667
YHR115C,YCR024C-A,0,-6.3274226,0.16942334175109863,0.7580000162124634,0.3716000020503998
YAR002W,YDR435C,0,-6.3274755,0.16938547790050507,0.7580000162124634,0.3716999888420105
YPR007C,YPL057C,0,-6.3275642,0.1693476289510727,0.7580000162124634,0.3718000054359436
YOR381W,YFL021W,0,-6.3279834,0.1693098098039627,0.7580000162124634,0.3718999922275543
YPR178W,YPR056W,0,-6.328077,0.16927199065685272,0.7580000162124634,0.3720000088214874
YBR302C,YPL253C,0,-6.3284526,0.16923420131206512,0.7580000162124634,0.37209999561309814
YEL062W,YML032C,0,-6.328829,0.16919642686843872,0.7580000162124634,0.37220001220703125
YGL208W,YDR247W,0,-6.3288755,0.1691586673259735,0.7580000162124634,0.37229999899864197
YNL336W,YGR095C,0,-6.3290067,0.1691209226846695,0.7580000162124634,0.3723999857902527
YJR064W,YGR155W,0,-6.329151,0.16908320784568787,0.7580000162124634,0.3725000023841858
YML094W,YMR273C,0,-6.32949,0.16904549300670624,0.7580000162124634,0.3725999891757965
YGL166W,YDL214C,0,-6.32951,0.169007807970047,0.7580000162124634,0.3727000057697296
YOL012C,YKL140W,0,-6.329867,0.16897012293338776,0.7580000162124634,0.37279999256134033
YOL145C,YER104W,0,-6.329944,0.1689324676990509,0.7580000162124634,0.37290000915527344
YDR420W,YML061C,0,-6.3304977,0.16889482736587524,0.7580000162124634,0.37299999594688416
YDL175C,YDR155C,0,-6.330843,0.16885720193386078,0.7580000162124634,0.37310001254081726
YOR151C,YDR349C,0,-6.3310666,0.1688196063041687,0.7580000162124634,0.373199999332428
YDR173C,YHL007C,0,-6.3313727,0.16878201067447662,0.7580000162124634,0.3732999861240387
YDR361C,YPL120W,0,-6.3318944,0.16874442994594574,0.7580000162124634,0.3734000027179718
YGR163W,YLL060C,0,-6.3321414,0.16870687901973724,0.7580000162124634,0.3734999895095825
YOR032C,YDL224C,0,-6.3322053,0.16866934299468994,0.7580000162124634,0.3736000061035156
YDR062W,YOR386W,0,-6.332423,0.16863180696964264,0.7580000162124634,0.37369999289512634
YGL169W,YKR098C,0,-6.3325577,0.16859430074691772,0.7580000162124634,0.37380000948905945
YER154W,YKL173W,0,-6.3332644,0.168556809425354,0.7580000162124634,0.37389999628067017
YNL084C,YNL093W,1,-6.333302,0.16874165832996368,0.7590000033378601,0.37389999628067017
YOR101W,YLR344W,0,-6.333318,0.16870415210723877,0.7590000033378601,0.37400001287460327
YJL125C,YGR024C,0,-6.3335977,0.16866666078567505,0.7590000033378601,0.374099999666214
YJL062W,YGL227W,0,-6.3339295,0.16862919926643372,0.7590000033378601,0.3741999864578247
YBL090W,YNR012W,0,-6.334109,0.16859173774719238,0.7590000033378601,0.3743000030517578
YLR172C,YPL139C,0,-6.3343015,0.16855429112911224,0.7590000033378601,0.37439998984336853
YDR517W,YOR167C,0,-6.3348694,0.1685168743133545,0.7590000033378601,0.37450000643730164
YHL038C,YER178W,0,-6.3352933,0.16847947239875793,0.7590000033378601,0.37459999322891235
YHR167W,YOR115C,0,-6.3352995,0.16844207048416138,0.7590000033378601,0.37470000982284546
YGL209W,YBL105C,0,-6.335509,0.1684046983718872,0.7590000033378601,0.3747999966144562
YNL322C,YFL058W,0,-6.335542,0.16836734116077423,0.7590000033378601,0.3749000132083893
YGL251C,YBR024W,0,-6.335649,0.16833001375198364,0.7590000033378601,0.375
YNL333W,YHR014W,0,-6.3357253,0.16829268634319305,0.7590000033378601,0.3750999867916107
YJL203W,YKL155C,0,-6.3361983,0.16825537383556366,0.7590000033378601,0.3752000033855438
YNR052C,YPR198W,0,-6.3364654,0.16821809113025665,0.7590000033378601,0.37529999017715454
YLR203C,YKL163W,0,-6.336868,0.16818080842494965,0.7590000033378601,0.37540000677108765
YPR019W,YKL166C,0,-6.337064,0.16814355552196503,0.7590000033378601,0.37549999356269836
YOL112W,YIL042C,0,-6.337156,0.1681063175201416,0.7590000033378601,0.37560001015663147
YBR295W,YOR127W,0,-6.337553,0.16806909441947937,0.7590000033378601,0.3756999969482422
YAL034W-A,YGR006W,0,-6.3376536,0.16803188621997833,0.7590000033378601,0.3758000135421753
YOR278W,YER105C,0,-6.3377485,0.1679946929216385,0.7590000033378601,0.375900000333786
YDR045C,YPR032W,0,-6.3383846,0.16795751452445984,0.7590000033378601,0.37599998712539673
YBR168W,YGR184C,0,-6.338701,0.16792035102844238,0.7590000033378601,0.37610000371932983
YBR281C,YJR131W,0,-6.339,0.16788321733474731,0.7590000033378601,0.37619999051094055
YNL298W,YEL001C,0,-6.3395677,0.16784608364105225,0.7590000033378601,0.37630000710487366
YCL029C,YBR130C,0,-6.339626,0.16780897974967957,0.7590000033378601,0.3763999938964844
YDR182W,YCR089W,0,-6.340037,0.16777187585830688,0.7590000033378601,0.3765000104904175
YIL079C,YKL022C,0,-6.3417478,0.1677348017692566,0.7590000033378601,0.3765999972820282
YCR005C,YOL055C,0,-6.341878,0.1676977425813675,0.7590000033378601,0.3767000138759613
YAL031C,YDR076W,0,-6.342297,0.1676606982946396,0.7590000033378601,0.376800000667572
YBR169C,YKL067W,0,-6.3428345,0.16762366890907288,0.7590000033378601,0.37689998745918274
YJL166W,YGL045W,0,-6.342835,0.16758666932582855,0.7590000033378601,0.37700000405311584
YOR011W,YCL061C,0,-6.343169,0.16754966974258423,0.7590000033378601,0.37709999084472656
YOL130W,YJR065C,0,-6.343436,0.1675126850605011,0.7590000033378601,0.37720000743865967
YER068W,YKR062W,0,-6.3435607,0.16747573018074036,0.7590000033378601,0.3772999942302704
YHR188C,YIL031W,0,-6.3438134,0.16743877530097961,0.7590000033378601,0.3774000108242035
YOR116C,YNL064C,0,-6.3440804,0.16740185022354126,0.7590000033378601,0.3774999976158142
YLR293C,YFR037C,0,-6.3445683,0.1673649400472641,0.7590000033378601,0.3776000142097473
YOR233W,YDR463W,0,-6.344719,0.16732804477214813,0.7590000033378601,0.37770000100135803
YMR167W,YCR060W,0,-6.344751,0.16729116439819336,0.7590000033378601,0.37779998779296875
YPL281C,YLL006W,0,-6.34489,0.16725429892539978,0.7590000033378601,0.37790000438690186
YBR243C,YDR080W,0,-6.345392,0.1672174483537674,0.7590000033378601,0.3779999911785126
YGL172W,YDL036C,0,-6.345446,0.1671806126832962,0.7590000033378601,0.3781000077724457
YNL023C,YOL067C,0,-6.3461347,0.1671438068151474,0.7590000033378601,0.3781999945640564
YPL013C,YER117W,0,-6.3463736,0.1671070009469986,0.7590000033378601,0.3783000111579895
YHR044C,YLR096W,0,-6.346804,0.16707022488117218,0.7590000033378601,0.3783999979496002
YLR256W,YDL092W,0,-6.3468604,0.16703344881534576,0.7590000033378601,0.3785000145435333
YDL132W,YAL011W,0,-6.3468733,0.16699670255184174,0.7590000033378601,0.37860000133514404
YAL062W,YEL066W,0,-6.3468976,0.1669599711894989,0.7590000033378601,0.37869998812675476
YMR035W,YPL171C,0,-6.346979,0.16692323982715607,0.7590000033378601,0.37880000472068787
YDL141W,YBR245C,0,-6.3474336,0.16688653826713562,0.7590000033378601,0.3788999915122986
YJL125C,YPR080W,0,-6.34766,0.16684985160827637,0.7590000033378601,0.3790000081062317
YPR171W,YPL181W,0,-6.3477755,0.1668131798505783,0.7590000033378601,0.3790999948978424
YER175C,YLR024C,0,-6.3480344,0.16677653789520264,0.7590000033378601,0.3792000114917755
YLR058C,YDR240C,0,-6.348044,0.16673989593982697,0.7590000033378601,0.37929999828338623
YDR380W,YNL058C,0,-6.348322,0.1667032688856125,0.7590000033378601,0.37940001487731934
YOL156W,YHR117W,0,-6.3486543,0.1666666716337204,0.7590000033378601,0.37950000166893005
YGL071W,YDR213W,0,-6.348863,0.1666300743818283,0.7590000033378601,0.37959998846054077
YKL101W,YCR014C,0,-6.349018,0.1665935069322586,0.7590000033378601,0.3797000050544739
YGL234W,YFR010W,0,-6.3490534,0.1665569394826889,0.7590000033378601,0.3797999918460846
YLL001W,YER078C,0,-6.349248,0.1665204018354416,0.7590000033378601,0.3799000084400177
YDR270W,YKL209C,0,-6.349833,0.16648387908935547,0.7590000033378601,0.3799999952316284
YER017C,YPL225W,0,-6.349995,0.16644737124443054,0.7590000033378601,0.3801000118255615
YDR226W,YGL210W,0,-6.350014,0.1664108783006668,0.7590000033378601,0.38019999861717224
YGL126W,YFL060C,0,-6.3505406,0.16637440025806427,0.7590000033378601,0.38029998540878296
YFR002W,YDR002W,0,-6.350719,0.16633793711662292,0.7590000033378601,0.38040000200271606
YOR370C,YBR084C-A,0,-6.351165,0.16630148887634277,0.7590000033378601,0.3804999887943268
YER106W,YDR202C,0,-6.3514867,0.16626505553722382,0.7590000033378601,0.3806000053882599
YAR050W,YIL022W,0,-6.35175,0.16622865200042725,0.7590000033378601,0.3806999921798706
YML008C,YML107C,0,-6.351994,0.16619224846363068,0.7590000033378601,0.3808000087738037
YKR068C,YJL189W,0,-6.352143,0.1661558598279953,0.7590000033378601,0.38089999556541443
YLR088W,YIR041W,0,-6.3525248,0.1661195009946823,0.7590000033378601,0.38100001215934753
YER088C,YDR030C,0,-6.352655,0.16608315706253052,0.7590000033378601,0.38109999895095825
YPL167C,YGL011C,0,-6.352977,0.16604681313037872,0.7590000033378601,0.38119998574256897
YGR178C,YER102W,0,-6.35371,0.16601049900054932,0.7590000033378601,0.3813000023365021
YLR244C,YNR003C,0,-6.354154,0.1659741997718811,0.7590000033378601,0.3813999891281128
YLR115W,YPL175W,0,-6.354489,0.16593791544437408,0.7590000033378601,0.3815000057220459
YOR025W,YOR099W,0,-6.3545775,0.16590164601802826,0.7590000033378601,0.3815999925136566
YHR171W,YDR054C,0,-6.354708,0.16586539149284363,0.7590000033378601,0.3817000091075897
YLR291C,YIL143C,0,-6.3547397,0.1658291518688202,0.7590000033378601,0.38179999589920044
YOR236W,YDL055C,0,-6.354756,0.16579292714595795,0.7590000033378601,0.38190001249313354
YOR103C,YPL010W,0,-6.3547764,0.1657567173242569,0.7590000033378601,0.38199999928474426
YDR375C,YLR426W,0,-6.3549223,0.16572052240371704,0.7590000033378601,0.382099986076355
YER177W,YOR230W,0,-6.3549404,0.16568434238433838,0.7590000033378601,0.3822000026702881
YBR208C,YLR190W,0,-6.355028,0.1656481921672821,0.7590000033378601,0.3822999894618988
YOL119C,YOR213C,0,-6.35552,0.16561204195022583,0.7590000033378601,0.3824000060558319
YDL143W,YIL005W,0,-6.355538,0.16557592153549194,0.7590000033378601,0.3824999928474426
YDR408C,YLL006W,0,-6.355618,0.16553980112075806,0.7590000033378601,0.38260000944137573
YCL004W,YML046W,0,-6.3560905,0.16550371050834656,0.7590000033378601,0.38269999623298645
YNL147W,YLR148W,0,-6.356114,0.16546761989593506,0.7590000033378601,0.38280001282691956
YLR075W,YJR066W,0,-6.356149,0.16543155908584595,0.7590000033378601,0.3828999996185303
YGR225W,YGL045W,0,-6.356156,0.16539551317691803,0.7590000033378601,0.382999986410141
YDR364C,YFR008W,0,-6.3561707,0.1653594821691513,0.7590000033378601,0.3831000030040741
YOL078W,YPL137C,0,-6.356272,0.16532346606254578,0.7590000033378601,0.3831999897956848
YDL044C,YLR277C,0,-6.3574877,0.16528744995594025,0.7590000033378601,0.3833000063896179
YKL176C,YJL145W,0,-6.3576846,0.1652514636516571,0.7590000033378601,0.38339999318122864
YKR052C,YOR179C,0,-6.35789,0.16521549224853516,0.7590000033378601,0.38350000977516174
YGL058W,YJL168C,0,-6.3580422,0.1651795357465744,0.7590000033378601,0.38359999656677246
YBL046W,YBR192W,0,-6.358176,0.16514360904693604,0.7590000033378601,0.38370001316070557
YBR039W,YKL161C,0,-6.358335,0.16510768234729767,0.7590000033378601,0.3837999999523163
YCR063W,YJL100W,0,-6.358439,0.1650717705488205,0.7590000033378601,0.383899986743927
YMR095C,YKL175W,0,-6.358583,0.16503587365150452,0.7590000033378601,0.3840000033378601
YNL008C,YDR314C,0,-6.3589234,0.16500000655651093,0.7590000033378601,0.3840999901294708
YKR046C,YHR012W,0,-6.3591638,0.16496413946151733,0.7590000033378601,0.38420000672340393
YJL198W,YBR049C,0,-6.3591857,0.16492828726768494,0.7590000033378601,0.38429999351501465
YGL194C,YBR080C,0,-6.3600926,0.16489246487617493,0.7590000033378601,0.38440001010894775
YPL028W,YGL205W,0,-6.3603725,0.16485664248466492,0.7590000033378601,0.38449999690055847
YNL021W,YER003C,0,-6.3608413,0.1648208498954773,0.7590000033378601,0.3846000134944916
YOR040W,YDR062W,0,-6.3609147,0.16478505730628967,0.7590000033378601,0.3847000002861023
YMR189W,YGR002C,0,-6.3609767,0.16474929451942444,0.7590000033378601,0.384799987077713
YDR173C,YJL117W,0,-6.36099,0.1647135466337204,0.7590000033378601,0.3849000036716461
YDR385W,YML025C,0,-6.361344,0.16467779874801636,0.7590000033378601,0.38499999046325684
YBR210W,YNL281W,0,-6.361419,0.1646420806646347,0.7590000033378601,0.38510000705718994
YLR293C,YGR033C,0,-6.3615065,0.16460637748241425,0.7590000033378601,0.38519999384880066
YJL052W,YLR181C,0,-6.3617334,0.16457068920135498,0.7590000033378601,0.38530001044273376
YOR272W,YOR129C,0,-6.362001,0.1645350158214569,0.7590000033378601,0.3853999972343445
YPR020W,YKL095W,0,-6.362043,0.16449934244155884,0.7590000033378601,0.3855000138282776
YBR211C,YPR030W,0,-6.3621287,0.16446369886398315,0.7590000033378601,0.3856000006198883
YER179W,YLR060W,0,-6.362141,0.16442807018756866,0.7590000033378601,0.385699987411499
YOL077W-A,YBR126C,0,-6.3632073,0.16439245641231537,0.7590000033378601,0.38580000400543213
YBR275C,YNL333W,0,-6.363211,0.16435685753822327,0.7590000033378601,0.38589999079704285
YLR116W,YBR123C,0,-6.363791,0.16432128846645355,0.7590000033378601,0.38600000739097595
YHR109W,YLR272C,0,-6.3638253,0.16428571939468384,0.7590000033378601,0.38609999418258667
YIL072W,YIL056W,0,-6.3646502,0.16425016522407532,0.7590000033378601,0.3862000107765198
YLR353W,YLR138W,0,-6.364831,0.164214625954628,0.7590000033378601,0.3862999975681305
YML105C,YMR053C,0,-6.3649516,0.16417910158634186,0.7590000033378601,0.3864000141620636
YIR004W,YLR336C,0,-6.365098,0.16414359211921692,0.7590000033378601,0.3865000009536743
YIL159W,YER143W,0,-6.3652177,0.16410811245441437,0.7590000033378601,0.38659998774528503
YLR059C,YBR006W,0,-6.36544,0.16407263278961182,0.7590000033378601,0.38670000433921814
YDR163W,YPL167C,0,-6.3655,0.16403716802597046,0.7590000033378601,0.38679999113082886
YMR081C,YHL009C,0,-6.3655353,0.1640017330646515,0.7590000033378601,0.38690000772476196
YKL095W,YMR284W,0,-6.365543,0.16396629810333252,0.7590000033378601,0.3869999945163727
YPL132W,YOR157C,0,-6.3662496,0.16393089294433594,0.7590000033378601,0.3871000111103058
YLR170C,YEL019C,0,-6.366296,0.16389548778533936,0.7590000033378601,0.3871999979019165
YOL139C,YDR309C,0,-6.3664722,0.16386009752750397,0.7590000033378601,0.3873000144958496
YBR217W,YJR103W,0,-6.3665166,0.16382473707199097,0.7590000033378601,0.3874000012874603
YPR184W,YFR049W,0,-6.3670692,0.16378937661647797,0.7590000033378601,0.38749998807907104
YMR078C,YOR298C-A,0,-6.3670936,0.16375404596328735,0.7590000033378601,0.38760000467300415
YPR020W,YOR198C,0,-6.3676057,0.16371873021125793,0.7590000033378601,0.38769999146461487
YGL073W,YLR453C,0,-6.367842,0.16368341445922852,0.7590000033378601,0.387800008058548
YNL323W,YPL207W,0,-6.3678937,0.16364812850952148,0.7590000033378601,0.3878999948501587
YGL257C,YDR538W,0,-6.368149,0.16361284255981445,0.7590000033378601,0.3880000114440918
YJR089W,YFL062W,0,-6.368227,0.1635775864124298,0.7590000033378601,0.3880999982357025
YMR323W,YER024W,0,-6.3685923,0.16354234516620636,0.7590000033378601,0.3882000148296356
YIR028W,YFL047W,0,-6.3695817,0.1635071039199829,0.7590000033378601,0.38830000162124634
YOR375C,YLR272C,0,-6.3697248,0.16347189247608185,0.7590000033378601,0.38839998841285706
YNL175C,YKR008W,0,-6.3698025,0.16343669593334198,0.7590000033378601,0.38850000500679016
YGL191W,YGR254W,0,-6.3703427,0.1634015142917633,0.7590000033378601,0.3885999917984009
YOR116C,YKL117W,0,-6.3707905,0.16336633265018463,0.7590000033378601,0.388700008392334
YGL063W,YOR057W,0,-6.3716283,0.16333118081092834,0.7590000033378601,0.3887999951839447
YJL013C,YMR188C,0,-6.3721986,0.16329604387283325,0.7590000033378601,0.3889000117778778
YBR146W,YFL036W,0,-6.3722043,0.16326092183589935,0.7590000033378601,0.3889999985694885
YHR028C,YJR035W,0,-6.3724236,0.16322579979896545,0.7590000033378601,0.38909998536109924
YLL050C,YPL181W,0,-6.3726215,0.16319070756435394,0.7590000033378601,0.38920000195503235
YJL003W,YDR108W,0,-6.372876,0.16315563023090363,0.7590000033378601,0.38929998874664307
YER166W,YAL030W,1,-6.3732505,0.16333548724651337,0.7599999904632568,0.38929998874664307
YPR095C,YPL214C,0,-6.37345,0.16330038011074066,0.7599999904632568,0.38940000534057617
YML130C,YPL167C,0,-6.3734913,0.16326530277729034,0.7599999904632568,0.3894999921321869
YOR172W,YNL176C,0,-6.3737035,0.16323024034500122,0.7599999904632568,0.38960000872612
YBR211C,YKL028W,0,-6.3737226,0.1631951928138733,0.7599999904632568,0.3896999955177307
YCL018W,YLR093C,0,-6.3737807,0.16316016018390656,0.7599999904632568,0.3898000121116638
YPL192C,YML025C,0,-6.3738275,0.16312512755393982,0.7599999904632568,0.38989999890327454
YGR029W,YDR379W,0,-6.3742337,0.16309012472629547,0.7599999904632568,0.38999998569488525
YGL251C,YOL128C,0,-6.3743076,0.16305513679981232,0.7599999904632568,0.39010000228881836
YJR147W,YMR096W,0,-6.3744636,0.16302016377449036,0.7599999904632568,0.3901999890804291
YLR314C,YJL076W,0,-6.374533,0.1629852056503296,0.7599999904632568,0.3903000056743622
YBL042C,YBL102W,0,-6.3748517,0.16295026242733002,0.7599999904632568,0.3903999924659729
YLL042C,YOR351C,0,-6.3754325,0.16291533410549164,0.7599999904632568,0.390500009059906
YOR328W,YAL047C,0,-6.375797,0.16288040578365326,0.7599999904632568,0.3905999958515167
YOR101W,YLL024C,0,-6.376307,0.16284550726413727,0.7599999904632568,0.39070001244544983
YIL040W,YFL003C,0,-6.3765945,0.16281062364578247,0.7599999904632568,0.39079999923706055
YDR108W,YKL161C,0,-6.376715,0.16277575492858887,0.7599999904632568,0.39089998602867126
YHR007C,YCR042C,0,-6.3771625,0.16274090111255646,0.7599999904632568,0.39100000262260437
YAL012W,YDL226C,0,-6.3773003,0.16270606219768524,0.7599999904632568,0.3910999894142151
YDR268W,YGR044C,0,-6.3773656,0.16267123818397522,0.7599999904632568,0.3912000060081482
YPR189W,YDR495C,0,-6.3774586,0.1626364290714264,0.7599999904632568,0.3912999927997589
YLR207W,YNL063W,0,-6.3777404,0.16260161995887756,0.7599999904632568,0.391400009393692
YOR039W,YKR086W,0,-6.3778143,0.16256684064865112,0.7599999904632568,0.39149999618530273
YAR050W,YDL146W,0,-6.377869,0.16253207623958588,0.7599999904632568,0.39160001277923584
YHR108W,YJR009C,0,-6.378359,0.16249732673168182,0.7599999904632568,0.39169999957084656
YOR320C,YGR006W,0,-6.3787,0.16246259212493896,0.7599999904632568,0.3917999863624573
YKR095W,YOL116W,0,-6.3787713,0.1624278724193573,0.7599999904632568,0.3919000029563904
YIL013C,YLR019W,0,-6.378794,0.16239316761493683,0.7599999904632568,0.3919999897480011
YDR085C,YJL054W,0,-6.379162,0.16235847771167755,0.7599999904632568,0.3921000063419342
YOR323C,YDR119W,0,-6.3796134,0.16232378780841827,0.7599999904632568,0.3921999931335449
YHR057C,YLR256W,0,-6.3799653,0.16228912770748138,0.7599999904632568,0.392300009727478
YJL198W,YNL055C,0,-6.380452,0.1622544825077057,0.7599999904632568,0.39239999651908875
YIL114C,YBL102W,0,-6.3806324,0.1622198522090912,0.7599999904632568,0.39250001311302185
YJL092W,YKR098C,0,-6.380761,0.16218523681163788,0.7599999904632568,0.39259999990463257
YNL314W,YJR156C,0,-6.3809314,0.16215063631534576,0.7599999904632568,0.3926999866962433
YNL227C,YHR001W,1,-6.380937,0.16232934594154358,0.7609999775886536,0.3926999866962433
YEL024W,YBR241C,0,-6.38131,0.16229473054409027,0.7609999775886536,0.3928000032901764
YCL026C-B,YML106W,0,-6.3813987,0.16226013004779816,0.7609999775886536,0.3928999900817871
YGL022W,YPR095C,0,-6.3819227,0.16222554445266724,0.7609999775886536,0.3930000066757202
YDR050C,YIR018W,0,-6.382053,0.16219095885753632,0.7609999775886536,0.39309999346733093
YFR051C,YHR041C,0,-6.382483,0.16215640306472778,0.7609999775886536,0.39320001006126404
YNL027W,YML015C,0,-6.3831935,0.16212186217308044,0.7609999775886536,0.39329999685287476
YIL107C,YNL064C,0,-6.3833585,0.1620873212814331,0.7609999775886536,0.39340001344680786
YNL130C,YCR020C,0,-6.3837857,0.16205281019210815,0.7609999775886536,0.3935000002384186
YDR339C,YML064C,0,-6.3840575,0.1620183140039444,0.7609999775886536,0.3935999870300293
YER054C,YLL060C,0,-6.38416,0.16198381781578064,0.7609999775886536,0.3937000036239624
YEL027W,YNL227C,1,-6.3841834,0.1621621549129486,0.7620000243186951,0.3937000036239624
YOR080W,YPL116W,0,-6.3845644,0.16212765872478485,0.7620000243186951,0.3937999904155731
YDR155C,YGL143C,0,-6.384939,0.1620931774377823,0.7620000243186951,0.3939000070095062
YBR167C,YNL194C,0,-6.3850007,0.16205869615077972,0.7620000243186951,0.39399999380111694
YGR230W,YAL048C,0,-6.3854547,0.16202424466609955,0.7620000243186951,0.39410001039505005
YGL253W,YFL033C,0,-6.3856397,0.16198979318141937,0.7620000243186951,0.39419999718666077
YIL040W,YMR048W,0,-6.385691,0.16195537149906158,0.7620000243186951,0.39430001378059387
YMR014W,YOR259C,0,-6.3859797,0.1619209498167038,0.7620000243186951,0.3944000005722046
YFR033C,YKL056C,0,-6.386023,0.1618865579366684,0.7620000243186951,0.3944999873638153
YLR008C,YBR103W,0,-6.386218,0.161852166056633,0.7620000243186951,0.3946000039577484
YAL061W,YER054C,0,-6.3863053,0.1618177890777588,0.7620000243186951,0.39469999074935913
YKL220C,YBL061C,0,-6.386473,0.16178344190120697,0.7620000243186951,0.39480000734329224
YHR073W,YOR327C,1,-6.3874965,0.1619613617658615,0.7630000114440918,0.39480000734329224
YIR004W,YBR005W,0,-6.387561,0.1619269996881485,0.7630000114440918,0.39489999413490295
YKR080W,YFR029W,0,-6.387689,0.16189263761043549,0.7630000114440918,0.39500001072883606
YGL163C,YNL305C,0,-6.3877373,0.16185829043388367,0.7630000114440918,0.3950999975204468
YJR108W,YBR230C,0,-6.3878894,0.16182397305965424,0.7630000114440918,0.3952000141143799
YPL190C,YDR115W,0,-6.38809,0.1617896556854248,0.7630000114440918,0.3953000009059906
YGL105W,YNL323W,0,-6.38827,0.16175535321235657,0.7630000114440918,0.3953999876976013
YGL012W,YMR263W,0,-6.388516,0.16172106564044952,0.7630000114440918,0.3955000042915344
YCL034W,YCR053W,1,-6.389668,0.16189870238304138,0.7639999985694885,0.3955000042915344
YIL043C,YNL014W,0,-6.3902006,0.16186439990997314,0.7639999985694885,0.39559999108314514
YMR081C,YDR311W,0,-6.3905387,0.1618301272392273,0.7639999985694885,0.39570000767707825
YER016W,YJL013C,0,-6.390552,0.16179585456848145,0.7639999985694885,0.39579999446868896
YHR019C,YLR378C,0,-6.3906455,0.1617615967988968,0.7639999985694885,0.39590001106262207
YHR102W,YER044C-A,0,-6.3908935,0.16172735393047333,0.7639999985694885,0.3959999978542328
YLR189C,YDR337W,0,-6.3912296,0.16169312596321106,0.7639999985694885,0.3961000144481659
YLR172C,YPL140C,0,-6.3914175,0.16165891289710999,0.7639999985694885,0.3962000012397766
YER058W,YBL020W,0,-6.3915544,0.1616247147321701,0.7639999985694885,0.39629998803138733
YOR100C,YLR298C,0,-6.3919954,0.16159053146839142,0.7639999985694885,0.39640000462532043
YCR094W,YNL093W,1,-6.3920016,0.16176781058311462,0.7649999856948853,0.39640000462532043
YDR163W,YMR167W,0,-6.3921843,0.16173361241817474,0.7649999856948853,0.39649999141693115
YER178W,YFL058W,0,-6.3921957,0.16169942915439606,0.7649999856948853,0.39660000801086426
YOR336W,YHR139C,0,-6.3931794,0.16166526079177856,0.7649999856948853,0.396699994802475
YOR367W,YJR159W,0,-6.3938327,0.16163110733032227,0.7649999856948853,0.3968000113964081
YGR218W,YCR073W-A,0,-6.393877,0.16159695386886597,0.7649999856948853,0.3968999981880188
YJR032W,YDR110W,0,-6.3939414,0.16156283020973206,0.7649999856948853,0.3970000147819519
YPL081W,YLR043C,0,-6.394297,0.16152872145175934,0.7649999856948853,0.3971000015735626
YJL103C,YOR045W,0,-6.3947954,0.16149461269378662,0.7649999856948853,0.39719998836517334
YNL232W,YMR054W,0,-6.394837,0.1614605337381363,0.7649999856948853,0.39730000495910645
YPR188C,YDR142C,0,-6.395012,0.16142645478248596,0.7649999856948853,0.39739999175071716
YBR276C,YLL036C,0,-6.395136,0.16139240562915802,0.7649999856948853,0.39750000834465027
YPR032W,YML098W,0,-6.395602,0.16135835647583008,0.7649999856948853,0.397599995136261
YJR121W,YOL095C,0,-6.395716,0.16132433712482452,0.7649999856948853,0.3977000117301941
YBL063W,YCL018W,0,-6.396929,0.16129031777381897,0.7649999856948853,0.3977999985218048
YKR097W,YHR017W,0,-6.397925,0.1612563282251358,0.7649999856948853,0.3978999853134155
YPR110C,YOR359W,0,-6.3982453,0.16122233867645264,0.7649999856948853,0.39800000190734863
YGR088W,YKL003C,0,-6.3983326,0.16118836402893066,0.7649999856948853,0.39809998869895935
YJR108W,YDR440W,0,-6.3983526,0.16115441918373108,0.7649999856948853,0.39820000529289246
YEL027W,YHR073W,1,-6.3985996,0.16133108735084534,0.765999972820282,0.39820000529289246
YCL026C-B,YBR162C,0,-6.398945,0.16129711270332336,0.765999972820282,0.3982999920845032
YKL141W,YEL031W,0,-6.399434,0.16126315295696259,0.765999972820282,0.3984000086784363
YBL063W,YNL053W,0,-6.399797,0.161229208111763,0.765999972820282,0.398499995470047
YOL070C,YPL253C,0,-6.4002748,0.1611952930688858,0.765999972820282,0.3986000120639801
YDL243C,YIR012W,0,-6.4013286,0.1611613780260086,0.765999972820282,0.3986999988555908
YBR208C,YGR027C,0,-6.4014196,0.1611274778842926,0.765999972820282,0.39879998564720154
YPL122C,YKL166C,0,-6.401444,0.1610935926437378,0.765999972820282,0.39890000224113464
YNL225C,YNL283C,0,-6.401624,0.16105970740318298,0.765999972820282,0.39899998903274536
YDR197W,YFR024C-A,0,-6.401749,0.16102585196495056,0.765999972820282,0.39910000562667847
YDR200C,YER041W,0,-6.401893,0.16099201142787933,0.765999972820282,0.3991999924182892
YOR353C,YBR016W,0,-6.402266,0.1609581857919693,0.765999972820282,0.3993000090122223
YNL007C,YPL239W,0,-6.402513,0.16092437505722046,0.765999972820282,0.399399995803833
YOR020C,YLR067C,0,-6.402626,0.16089056432247162,0.765999972820282,0.3995000123977661
YOL136C,YGL096W,0,-6.402985,0.16085678339004517,0.765999972820282,0.39959999918937683
YLR295C,YBR154C,0,-6.403235,0.1608230173587799,0.765999972820282,0.39969998598098755
YIL090W,YMR183C,0,-6.40324,0.16078925132751465,0.765999972820282,0.39980000257492065
YLR348C,YDR334W,0,-6.403785,0.16075551509857178,0.765999972820282,0.39989998936653137
YOR382W,YPR121W,0,-6.404615,0.1607217788696289,0.765999972820282,0.4000000059604645
YJR058C,YMR319C,0,-6.404757,0.16068805754184723,0.765999972820282,0.4000999927520752
YMR323W,YOR328W,0,-6.4048686,0.16065436601638794,0.765999972820282,0.4002000093460083
YJL133W,YDL106C,0,-6.405412,0.16062067449092865,0.765999972820282,0.400299996137619
YAL056W,YIL053W,0,-6.4054794,0.16058699786663055,0.765999972820282,0.4004000127315521
YFR030W,YLR430W,0,-6.4054875,0.16055333614349365,0.765999972820282,0.40049999952316284
YJR055W,YBR273C,0,-6.4060264,0.16051970422267914,0.765999972820282,0.40059998631477356
YMR138W,YMR204C,0,-6.4063277,0.16048607230186462,0.765999972820282,0.40070000290870667
YMR301C,YOR264W,0,-6.406543,0.1604524552822113,0.765999972820282,0.4007999897003174
YPL195W,YIL037C,0,-6.406545,0.16041885316371918,0.765999972820282,0.4009000062942505
YDL006W,YMR293C,0,-6.4068027,0.16038526594638824,0.765999972820282,0.4009999930858612
YLR157C,YKR039W,0,-6.4068637,0.1603516787290573,0.765999972820282,0.4011000096797943
YBR208C,YNL280C,0,-6.407752,0.16031812131404877,0.765999972820282,0.40119999647140503
YDR191W,YKL015W,0,-6.407837,0.16028457880020142,0.765999972820282,0.40130001306533813
YBL042C,YDL022W,0,-6.4078803,0.16025105118751526,0.765999972820282,0.40139999985694885
YER145C,YMR149W,0,-6.408092,0.1602175235748291,0.765999972820282,0.40149998664855957
YPL194W,YBR126C,0,-6.4085264,0.16018402576446533,0.765999972820282,0.4016000032424927
YGR249W,YMR129W,0,-6.4086566,0.16015052795410156,0.765999972820282,0.4016999900341034
YKL110C,YNL332W,0,-6.4087005,0.16011705994606018,0.765999972820282,0.4018000066280365
YDR021W,YCR083W,0,-6.408715,0.1600835919380188,0.765999972820282,0.4018999934196472
YPR020W,YPL086C,0,-6.4087915,0.1600501388311386,0.765999972820282,0.4020000100135803
YJL139C,YML082W,0,-6.4087996,0.1600167155265808,0.765999972820282,0.40209999680519104
YMR112C,YOL147C,0,-6.4091377,0.159983292222023,0.765999972820282,0.40220001339912415
YJR152W,YDL005C,0,-6.409748,0.1599498838186264,0.765999972820282,0.40230000019073486
YMR319C,YDR404C,0,-6.409921,0.159916490316391,0.765999972820282,0.4023999869823456
YDL040C,YJL039C,0,-6.4102945,0.15988311171531677,0.765999972820282,0.4025000035762787
YKL208W,YJR119C,0,-6.4104743,0.15984974801540375,0.765999972820282,0.4025999903678894
YER114C,YFL044C,0,-6.410689,0.15981639921665192,0.765999972820282,0.4027000069618225
YBL008W,YAR018C,0,-6.4108267,0.15978306531906128,0.765999972820282,0.4027999937534332
YPL051W,YGL031C,0,-6.411073,0.15974974632263184,0.765999972820282,0.40290001034736633
YOR253W,YNL015W,0,-6.4112096,0.1597164273262024,0.765999972820282,0.40299999713897705
YPL076W,YLR195C,0,-6.4116807,0.15968313813209534,0.765999972820282,0.40310001373291016
YJL221C,YMR091C,0,-6.412486,0.15964984893798828,0.765999972820282,0.4032000005245209
YLR113W,YGL115W,0,-6.4130774,0.1596165895462036,0.765999972820282,0.4032999873161316
YLR165C,YJL197W,0,-6.413631,0.15958333015441895,0.765999972820282,0.4034000039100647
YCR002C,YMR105C,0,-6.4137383,0.15955010056495667,0.765999972820282,0.4034999907016754
YMR280C,YBR067C,0,-6.414496,0.15951687097549438,0.765999972820282,0.4036000072956085
YBL035C,YDR369C,0,-6.4146247,0.1594836562871933,0.765999972820282,0.40369999408721924
YIR002C,YDR300C,0,-6.4148364,0.1594504565000534,0.765999972820282,0.40380001068115234
YLR206W,YLR337C,1,-6.415183,0.15962539613246918,0.7670000195503235,0.40380001068115234
YPR007C,YHR105W,0,-6.415257,0.1595921814441681,0.7670000195503235,0.40389999747276306
YML049C,YMR104C,0,-6.4154687,0.1595589816570282,0.7670000195503235,0.40400001406669617
YOR233W,YOL088C,0,-6.415794,0.1595257967710495,0.7670000195503235,0.4041000008583069
YLR051C,YBL023C,0,-6.415915,0.1594926118850708,0.7670000195503235,0.4041999876499176
YHR187W,YOR161C,0,-6.416418,0.1594594568014145,0.7670000195503235,0.4043000042438507
YKR069W,YKR086W,0,-6.4165316,0.15942631661891937,0.7670000195503235,0.4043999910354614
YDR229W,YHR082C,0,-6.417214,0.15939317643642426,0.7670000195503235,0.40450000762939453
YGL119W,YOR349W,0,-6.4178557,0.15936006605625153,0.7670000195503235,0.40459999442100525
YHR109W,YGR014W,0,-6.4178567,0.1593269556760788,0.7670000195503235,0.40470001101493835
YPL218W,YPR098C,0,-6.41822,0.15929387509822845,0.7670000195503235,0.4047999978065491
YBR039W,YJR138W,0,-6.4185114,0.1592607945203781,0.7670000195503235,0.4049000144004822
YDR448W,YER020W,0,-6.4187684,0.15922772884368896,0.7670000195503235,0.4050000011920929
YIL074C,YCR060W,0,-6.418822,0.1591946929693222,0.7670000195503235,0.4050999879837036
YPL155C,YHR121W,0,-6.418896,0.15916165709495544,0.7670000195503235,0.4052000045776367
YCR020C,YER056C-A,0,-6.4191804,0.15912863612174988,0.7670000195503235,0.40529999136924744
YKR059W,YPL020C,0,-6.4194856,0.1590956300497055,0.7670000195503235,0.40540000796318054
YJL103C,YGR275W,0,-6.4194875,0.15906262397766113,0.7670000195503235,0.40549999475479126
YNL053W,YPR072W,0,-6.4196315,0.15902964770793915,0.7670000195503235,0.40560001134872437
YDL232W,YLR200W,0,-6.4196486,0.15899668633937836,0.7670000195503235,0.4056999981403351
YNL147W,YDR117C,0,-6.4197516,0.15896372497081757,0.7670000195503235,0.4058000147342682
YLR141W,YDR238C,0,-6.4203434,0.15893079340457916,0.7670000195503235,0.4059000015258789
YKL093W,YBR061C,0,-6.4204984,0.15889786183834076,0.7670000195503235,0.4059999883174896
YOL043C,YJR095W,0,-6.4206805,0.15886496007442474,0.7670000195503235,0.40610000491142273
YJR019C,YJR027W,0,-6.420947,0.15883205831050873,0.7670000195503235,0.40619999170303345
YER017C,YOR312C,0,-6.4214168,0.1587991714477539,0.7670000195503235,0.40630000829696655
YGR288W,YBR081C,0,-6.421639,0.15876629948616028,0.7670000195503235,0.40639999508857727
YGL105W,YGL111W,0,-6.4216723,0.15873344242572784,0.7670000195503235,0.4065000116825104
YNL166C,YKR048C,0,-6.421927,0.1587006002664566,0.7670000195503235,0.4065999984741211
YEL034W,YGR099W,0,-6.4220862,0.15866777300834656,0.7670000195503235,0.4066999852657318
YDR523C,YJR086W,0,-6.4221807,0.1586349606513977,0.7670000195503235,0.4068000018596649
YNL020C,YOR043W,1,-6.422509,0.15880893170833588,0.7680000066757202,0.4068000018596649
YDR489W,YPL252C,0,-6.422608,0.15877610445022583,0.7680000066757202,0.40689998865127563
YER159C,YOR247W,0,-6.4234805,0.15874327719211578,0.7680000066757202,0.40700000524520874
YPL085W,YHR113W,0,-6.424164,0.15871047973632812,0.7680000066757202,0.40709999203681946
YBR118W,YPL139C,0,-6.424666,0.15867768228054047,0.7680000066757202,0.40720000863075256
YDR318W,YMR095C,0,-6.424782,0.1586449146270752,0.7680000066757202,0.4072999954223633
YJR083C,YLR329W,0,-6.4254346,0.15861214697360992,0.7680000066757202,0.4074000120162964
YER088C,YPL220W,0,-6.4258666,0.15857939422130585,0.7680000066757202,0.4074999988079071
YLR355C,YLR378C,0,-6.4260592,0.15854665637016296,0.7680000066757202,0.4075999855995178
YKR055W,YLR313C,0,-6.426223,0.15851393342018127,0.7680000066757202,0.4077000021934509
YKL046C,YDR397C,0,-6.4267907,0.15848122537136078,0.7680000066757202,0.40779998898506165
YGR258C,YDR117C,0,-6.4270406,0.15844853222370148,0.7680000066757202,0.40790000557899475
YER165W,YOR307C,0,-6.427654,0.15841583907604218,0.7680000066757202,0.40799999237060547
YFR028C,YBL064C,0,-6.4278116,0.15838317573070526,0.7680000066757202,0.4081000089645386
YGR230W,YLR314C,0,-6.4278884,0.15835051238536835,0.7680000066757202,0.4081999957561493
YHR047C,YKL172W,0,-6.4279327,0.15831787884235382,0.7680000066757202,0.4083000123500824
YER177W,YMR256C,0,-6.428003,0.1582852452993393,0.7680000066757202,0.4083999991416931
YCL044C,YDR259C,0,-6.428705,0.15825262665748596,0.7680000066757202,0.40849998593330383
YJL091C,YKL156W,0,-6.4296694,0.15822002291679382,0.7680000066757202,0.40860000252723694
YMR323W,YOL088C,0,-6.429728,0.15818743407726288,0.7680000066757202,0.40869998931884766
YBR159W,YML100W,0,-6.429833,0.15815486013889313,0.7680000066757202,0.40880000591278076
YMR006C,YBL087C,0,-6.4300985,0.15812230110168457,0.7680000066757202,0.4088999927043915
YJR078W,YDR038C,0,-6.430372,0.158089742064476,0.7680000066757202,0.4090000092983246
YOR226C,YDL030W,0,-6.430457,0.15805721282958984,0.7680000066757202,0.4090999960899353
YER168C,YHR115C,0,-6.430978,0.15802469849586487,0.7680000066757202,0.4092000126838684
YBR146W,YLR426W,0,-6.431271,0.1579921841621399,0.7680000066757202,0.4092999994754791
YOR324C,YAR008W,0,-6.431425,0.1579596847295761,0.7680000066757202,0.40939998626708984
YDL090C,YBR037C,0,-6.431555,0.15792720019817352,0.7680000066757202,0.40950000286102295
YPR184W,YPL152W,0,-6.4318666,0.15789473056793213,0.7680000066757202,0.40959998965263367
YJR117W,YPR148C,0,-6.4319043,0.15786227583885193,0.7680000066757202,0.4097000062465668
YGL017W,YMR048W,0,-6.4319205,0.15782983601093292,0.7680000066757202,0.4097999930381775
YBR298C,YLR055C,0,-6.432346,0.1577974110841751,0.7680000066757202,0.4099000096321106
YBL085W,YJL177W,0,-6.4324303,0.1577650010585785,0.7680000066757202,0.4099999964237213
YPR080W,YJR126C,0,-6.4327145,0.15773259103298187,0.7680000066757202,0.4101000130176544
YHR072W-A,YDR485C,0,-6.433638,0.15770021080970764,0.7680000066757202,0.41019999980926514
YNL101W,YJL013C,0,-6.4338346,0.1576678305864334,0.7680000066757202,0.41029998660087585
YOR130C,YKL043W,0,-6.434174,0.15763546526432037,0.7680000066757202,0.41040000319480896
YCR077C,YBL025W,0,-6.4350038,0.15760311484336853,0.7680000066757202,0.4104999899864197
YDR376W,YPL095C,0,-6.435082,0.15757077932357788,0.7680000066757202,0.4106000065803528
YDR524C,YER041W,0,-6.435097,0.15753845870494843,0.7680000066757202,0.4106999933719635
YOL156W,YHR181W,0,-6.4352365,0.15750615298748016,0.7680000066757202,0.4108000099658966
YOL095C,YLR187W,0,-6.435337,0.1574738621711731,0.7680000066757202,0.4108999967575073
YBL045C,YDR244W,0,-6.4356866,0.15744157135486603,0.7680000066757202,0.41100001335144043
YPL078C,YGL211W,0,-6.435865,0.15740931034088135,0.7680000066757202,0.41110000014305115
YDR273W,YLR141W,0,-6.435997,0.15737704932689667,0.7680000066757202,0.41119998693466187
YML031W,YGR075C,0,-6.436462,0.15734480321407318,0.7680000066757202,0.41130000352859497
YHR209W,YPL122C,0,-6.4364657,0.1573125720024109,0.7680000066757202,0.4113999903202057
YEL064C,YHR055C,0,-6.436621,0.1572803556919098,0.7680000066757202,0.4115000069141388
YDR226W,YML125C,0,-6.4369545,0.15724815428256989,0.7680000066757202,0.4115999937057495
YLR127C,YNL299W,0,-6.436999,0.15721596777439117,0.7680000066757202,0.4117000102996826
YBR110W,YDL014W,0,-6.4377975,0.15718379616737366,0.7680000066757202,0.41179999709129333
YGL029W,YPR047W,0,-6.437879,0.15715162456035614,0.7680000066757202,0.41190001368522644
YOL130W,YJL109C,0,-6.437975,0.157119482755661,0.7680000066757202,0.41200000047683716
YBR299W,YJL063C,0,-6.4379907,0.15708734095096588,0.7680000066757202,0.4120999872684479
YNR044W,YBR175W,0,-6.4380116,0.15705521404743195,0.7680000066757202,0.412200003862381
YML054C,YDL010W,0,-6.438418,0.1570231020450592,0.7680000066757202,0.4122999906539917
YPL135W,YNR061C,0,-6.4388285,0.15699100494384766,0.7680000066757202,0.4124000072479248
YPL117C,YHR063C,0,-6.4394765,0.1569589227437973,0.7680000066757202,0.4124999940395355
YGR041W,YGR212W,0,-6.4400783,0.15692685544490814,0.7680000066757202,0.41260001063346863
YNL307C,YER087W,0,-6.4401097,0.15689478814601898,0.7680000066757202,0.41269999742507935
YMR139W,YOR359W,0,-6.4405303,0.1568627506494522,0.7680000066757202,0.41280001401901245
YIL090W,YBR181C,0,-6.4405966,0.15683071315288544,0.7680000066757202,0.41290000081062317
YBR160W,YPL171C,0,-6.4407024,0.15679869055747986,0.7680000066757202,0.4129999876022339
YOR025W,YMR065W,0,-6.440828,0.15676668286323547,0.7680000066757202,0.413100004196167
YDR252W,YGL035C,0,-6.4408717,0.15673469007015228,0.7680000066757202,0.4131999909877777
YHR039C,YOR340C,0,-6.4408913,0.15670271217823029,0.7680000066757202,0.4133000075817108
YKL060C,YPR143W,0,-6.441122,0.15667074918746948,0.7680000066757202,0.41339999437332153
YCL025C,YNR010W,0,-6.441202,0.15663878619670868,0.7680000066757202,0.41350001096725464
YLR220W,YGL086W,0,-6.441416,0.15660685300827026,0.7680000066757202,0.41359999775886536
YFL039C,YAL030W,1,-6.4418945,0.15677879750728607,0.7689999938011169,0.41359999775886536
YNR041C,YLR414C,0,-6.442105,0.15674683451652527,0.7689999938011169,0.41370001435279846
YGR200C,YMR167W,0,-6.442321,0.15671490132808685,0.7689999938011169,0.4138000011444092
YOL049W,YOL023W,0,-6.4425826,0.15668296813964844,0.7689999938011169,0.4138999879360199
YDL084W,YHR181W,0,-6.442982,0.15665104985237122,0.7689999938011169,0.414000004529953
YDR408C,YER162C,0,-6.4430037,0.1566191464662552,0.7689999938011169,0.4140999913215637
YOR294W,YLR064W,0,-6.4436517,0.15658725798130035,0.7689999938011169,0.4142000079154968
YIL035C,YDR339C,0,-6.4437914,0.15655536949634552,0.7689999938011169,0.41429999470710754
YFL003C,YML127W,0,-6.4439273,0.15652351081371307,0.7689999938011169,0.41440001130104065
YDL099W,YEL019C,0,-6.443952,0.15649165213108063,0.7689999938011169,0.41449999809265137
YGL061C,YDL058W,0,-6.444264,0.15645982325077057,0.7689999938011169,0.4146000146865845
YDR295C,YCL054W,0,-6.444366,0.1564279943704605,0.7689999938011169,0.4147000014781952
YKR079C,YLR277C,0,-6.444461,0.15639618039131165,0.7689999938011169,0.4147999882698059
YLR242C,YPR161C,0,-6.444638,0.15636438131332397,0.7689999938011169,0.414900004863739
YBR187W,YDL095W,0,-6.444913,0.1563325822353363,0.7689999938011169,0.41499999165534973
YLR219W,YLR010C,0,-6.445169,0.15630081295967102,0.7689999938011169,0.41510000824928284
YDL025C,YDR134C,0,-6.445514,0.15626904368400574,0.7689999938011169,0.41519999504089355
YDR191W,YPR032W,0,-6.445516,0.15623730421066284,0.7689999938011169,0.41530001163482666
YCR028C,YPL032C,1,-6.4462056,0.15640869736671448,0.7699999809265137,0.41530001163482666
YDR317W,YLR139C,0,-6.4462404,0.1563769280910492,0.7699999809265137,0.4153999984264374
YDL137W,YOL093W,0,-6.4465604,0.1563451737165451,0.7699999809265137,0.4154999852180481
YPR007C,YPL152W,0,-6.4468813,0.1563134342432022,0.7699999809265137,0.4156000018119812
YKR022C,YDL210W,0,-6.4470234,0.1562817096710205,0.7699999809265137,0.4156999886035919
YMR138W,YHR050W,0,-6.447268,0.15625,0.7699999809265137,0.415800005197525
YDL045C,YLR001C,0,-6.4473467,0.15621830523014069,0.7699999809265137,0.41589999198913574
YDR386W,YOR153W,0,-6.447473,0.15618661046028137,0.7699999809265137,0.41600000858306885
YDL081C,YDL025C,0,-6.448163,0.15615494549274445,0.7699999809265137,0.41609999537467957
YAL048C,YML021C,0,-6.448614,0.15612328052520752,0.7699999809265137,0.41620001196861267
YCL067C,YCR024C,0,-6.4486604,0.1560916304588318,0.7699999809265137,0.4162999987602234
YJL204C,YKL203C,1,-6.4487514,0.15626266598701477,0.7710000276565552,0.4162999987602234
YIL113W,YPR101W,0,-6.4493785,0.15623100101947784,0.7710000276565552,0.4163999855518341
YPL194W,YDR296W,0,-6.4497323,0.1561993509531021,0.7710000276565552,0.4165000021457672
YGL141W,YDR113C,0,-6.4498963,0.15616771578788757,0.7710000276565552,0.41659998893737793
YDL243C,YPR137W,0,-6.4499984,0.15613608062267303,0.7710000276565552,0.41670000553131104
YKL167C,YDL030W,0,-6.4500327,0.15610447525978088,0.7710000276565552,0.41679999232292175
YMR212C,YPR031W,0,-6.450045,0.15607286989688873,0.7710000276565552,0.41690000891685486
YDR337W,YNL087W,0,-6.450823,0.15604129433631897,0.7710000276565552,0.4169999957084656
YBR098W,YML010W,0,-6.4511313,0.1560097187757492,0.7710000276565552,0.4171000123023987
YHR129C,YDR477W,0,-6.4511847,0.15597815811634064,0.7710000276565552,0.4171999990940094
YHR129C,YBR251W,0,-6.451245,0.15594659745693207,0.7710000276565552,0.4172999858856201
YER162C,YOL093W,0,-6.451491,0.1559150665998459,0.7710000276565552,0.4174000024795532
YDR503C,YDL012C,0,-6.4518375,0.1558835357427597,0.7710000276565552,0.41749998927116394
YCL064C,YMR146C,0,-6.451956,0.1558520346879959,0.7710000276565552,0.41760000586509705
YDR337W,YDR495C,0,-6.4521575,0.15582053363323212,0.7710000276565552,0.41769999265670776
YHR057C,YBR139W,0,-6.4525294,0.15578904747962952,0.7710000276565552,0.41780000925064087
YPL280W,YKR022C,0,-6.452613,0.1557575762271881,0.7710000276565552,0.4178999960422516
YPL177C,YMR236W,0,-6.4526677,0.1557261198759079,0.7710000276565552,0.4180000126361847
YGR056W,YIL076W,0,-6.452683,0.15569466352462769,0.7710000276565552,0.4180999994277954
YJL091C,YDR538W,0,-6.452887,0.15566323697566986,0.7710000276565552,0.41819998621940613
YAL024C,YKL028W,0,-6.453135,0.15563181042671204,0.7710000276565552,0.41830000281333923
YDR226W,YGL130W,0,-6.4532924,0.1556003987789154,0.7710000276565552,0.41839998960494995
YLR233C,YLR010C,0,-6.4533577,0.15556900203227997,0.7710000276565552,0.41850000619888306
YHR073W,YCR053W,1,-6.453576,0.15573935210704803,0.7720000147819519,0.41850000619888306
YLR438C-A,YHR201C,0,-6.4538713,0.1557079404592514,0.7720000147819519,0.4185999929904938
YDR258C,YML133C,0,-6.453979,0.15567654371261597,0.7720000147819519,0.4187000095844269
YLR348C,YIL128W,0,-6.454113,0.15564516186714172,0.7720000147819519,0.4187999963760376
YIR028W,YGL172W,0,-6.4543486,0.15561379492282867,0.7720000147819519,0.4189000129699707
YIL103W,YJL212C,0,-6.454828,0.15558242797851562,0.7720000147819519,0.4189999997615814
YOR078W,YCR083W,0,-6.4549603,0.15555107593536377,0.7720000147819519,0.41909998655319214
YDR361C,YLR210W,0,-6.4557524,0.1555197387933731,0.7720000147819519,0.41920000314712524
YFL039C,YBR059C,1,-6.4561515,0.15568983554840088,0.7730000019073486,0.41920000314712524
YOR046C,YOR208W,0,-6.456166,0.15565848350524902,0.7730000019073486,0.41929998993873596
YGL187C,YOR005C,0,-6.456413,0.15562714636325836,0.7730000019073486,0.41940000653266907
YGR063C,YJR096W,0,-6.4566894,0.1555958092212677,0.7730000019073486,0.4194999933242798
YBR281C,YLR438C-A,0,-6.457021,0.15556450188159943,0.7730000019073486,0.4196000099182129
YPR137W,YPL105C,0,-6.4572425,0.15553319454193115,0.7730000019073486,0.4196999967098236
YDR364C,YNL232W,0,-6.4573503,0.15550191700458527,0.7730000019073486,0.4198000133037567
YOR307C,YMR106C,0,-6.4574313,0.15547063946723938,0.7730000019073486,0.41990000009536743
YGR097W,YDR072C,0,-6.4580126,0.1554393768310547,0.7730000019073486,0.41999998688697815
YHR175W,YNL053W,0,-6.458427,0.1554081290960312,0.7730000019073486,0.42010000348091125
YBR107C,YPL283C,0,-6.4599767,0.1553768813610077,0.7730000019073486,0.420199990272522
YGL001C,YGL035C,0,-6.459994,0.15534566342830658,0.7730000019073486,0.4203000068664551
YEL027W,YBR207W,1,-6.4604235,0.1555153727531433,0.7739999890327454,0.4203000068664551
YBR136W,YDL107W,0,-6.4606996,0.1554841250181198,0.7739999890327454,0.4203999936580658
YDR097C,YGL243W,0,-6.460742,0.1554529070854187,0.7739999890327454,0.4205000102519989
YDL005C,YOR228C,0,-6.460876,0.1554216891527176,0.7739999890327454,0.4205999970436096
YBR142W,YPR088C,0,-6.4608917,0.15539048612117767,0.7739999890327454,0.4207000136375427
YDR507C,YNL029C,0,-6.4614444,0.15535929799079895,0.7739999890327454,0.42080000042915344
YPR191W,YFL008W,0,-6.4614787,0.15532810986042023,0.7739999890327454,0.42089998722076416
YDR270W,YCL064C,0,-6.4618316,0.1552969515323639,0.7739999890327454,0.42100000381469727
YGR133W,YLR466W,0,-6.4618545,0.15526579320430756,0.7739999890327454,0.421099990606308
YJL194W,YDR295C,0,-6.4622793,0.15523464977741241,0.7739999890327454,0.4212000072002411
YGL090W,YDR170C,0,-6.4623775,0.15520353615283966,0.7739999890327454,0.4212999939918518
YPL234C,YIL144W,0,-6.4624286,0.1551724076271057,0.7739999890327454,0.4214000105857849
YMR202W,YDL208W,0,-6.462541,0.15514130890369415,0.7739999890327454,0.42149999737739563
YKR025W,YMR054W,0,-6.4628243,0.1551102250814438,0.7739999890327454,0.42160001397132874
YAR031W,YJR068W,0,-6.463316,0.15507914125919342,0.7739999890327454,0.42170000076293945
YPL194W,YPL253C,0,-6.463812,0.15504807233810425,0.7739999890327454,0.42179998755455017
YKL108W,YKL099C,0,-6.4642243,0.15501701831817627,0.7739999890327454,0.4219000041484833
YJL060W,YPL112C,0,-6.4647107,0.15498597919940948,0.7739999890327454,0.421999990940094
YLR147C,YIR003W,0,-6.466191,0.1549549549818039,0.7739999890327454,0.4221000075340271
YPL262W,YMR205C,0,-6.466277,0.1549239456653595,0.7739999890327454,0.4221999943256378
YBL063W,YCR077C,0,-6.466371,0.1548929363489151,0.7739999890327454,0.4223000109195709
YDR240C,YMR227C,0,-6.466392,0.1548619419336319,0.7739999890327454,0.42239999771118164
YJL014W,YMR212C,0,-6.466764,0.1548309624195099,0.7739999890327454,0.42250001430511475
YCL025C,YOR298C-A,0,-6.4667754,0.15479999780654907,0.7739999890327454,0.42260000109672546
YML052W,YAR042W,1,-6.466869,0.1549690067768097,0.7749999761581421,0.42260000109672546
YDR499W,YKR056W,0,-6.4671474,0.15493802726268768,0.7749999761581421,0.4226999878883362
YOR384W,YGL211W,0,-6.4676104,0.15490706264972687,0.7749999761581421,0.4228000044822693
YNL139C,YMR227C,0,-6.4677544,0.15487609803676605,0.7749999761581421,0.42289999127388
YLR110C,YDR044W,0,-6.4683785,0.15484514832496643,0.7749999761581421,0.4230000078678131
YFL039C,YKL203C,1,-6.4685035,0.15501397848129272,0.7760000228881836,0.4230000078678131
YKL042W,YPR056W,0,-6.4685283,0.1549830287694931,0.7760000228881836,0.42309999465942383
YGL174W,YER049W,0,-6.4686017,0.15495207905769348,0.7760000228881836,0.42320001125335693
YNL274C,YJL062W,0,-6.4689364,0.15492114424705505,0.7760000228881836,0.42329999804496765
YPR030W,YGR154C,0,-6.4696937,0.15489022433757782,0.7760000228881836,0.42340001463890076
YLR453C,YOR227W,0,-6.4698896,0.15485930442810059,0.7760000228881836,0.4235000014305115
YDR182W,YGL168W,0,-6.4700823,0.15482841432094574,0.7760000228881836,0.4235999882221222
YGL194C,YDL030W,0,-6.4700894,0.1547975242137909,0.7760000228881836,0.4237000048160553
YNR075W,YNL243W,1,-6.4705453,0.1549661010503769,0.7770000100135803,0.4237000048160553
YCR009C,YML052W,1,-6.4706793,0.15513460338115692,0.777999997138977,0.4237000048160553
YDR044W,YGL226C-A,0,-6.4711084,0.1551036685705185,0.777999997138977,0.423799991607666
YOR094W,YKL141W,0,-6.4717493,0.15507274866104126,0.777999997138977,0.4239000082015991
YHR013C,YDL164C,0,-6.47184,0.15504184365272522,0.777999997138977,0.42399999499320984
YBR059C,YLR206W,1,-6.4725337,0.1552101969718933,0.7789999842643738,0.42399999499320984
YBL098W,YLR210W,0,-6.472589,0.15517927706241608,0.7789999842643738,0.42410001158714294
YLR357W,YJR104C,0,-6.472593,0.15514837205410004,0.7789999842643738,0.42419999837875366
YDL074C,YPR024W,0,-6.4726033,0.1551174819469452,0.7789999842643738,0.4242999851703644
YOR005C,YLR262C,0,-6.4731264,0.15508660674095154,0.7789999842643738,0.4244000017642975
YGL111W,YJL151C,0,-6.47345,0.15505573153495789,0.7789999842643738,0.4244999885559082
YGR157W,YLR214W,0,-6.473779,0.15502487123012543,0.7789999842643738,0.4246000051498413
YNL245C,YDR394W,0,-6.474239,0.15499402582645416,0.7789999842643738,0.424699991941452
YFR013W,YDR143C,0,-6.474671,0.1549631953239441,0.7789999842643738,0.42480000853538513
YGR172C,YNL339C,0,-6.475222,0.15493237972259521,0.7789999842643738,0.42489999532699585
YMR292W,YAL029C,0,-6.4752812,0.15490156412124634,0.7789999842643738,0.42500001192092896
YJL207C,YHR001W-A,0,-6.4753337,0.15487077832221985,0.7789999842643738,0.4250999987125397
YLR220W,YDR064W,0,-6.4754686,0.15483999252319336,0.7789999842643738,0.4251999855041504
YBL019W,YJL168C,0,-6.4768243,0.15480922162532806,0.7789999842643738,0.4253000020980835
YLR207W,YLR285W,0,-6.47717,0.15477846562862396,0.7789999842643738,0.4253999888896942
YMR202W,YBR199W,0,-6.4771714,0.15474770963191986,0.7789999842643738,0.4255000054836273
YMR215W,YIL076W,0,-6.477399,0.15471698343753815,0.7789999842643738,0.42559999227523804
YNR002C,YHL050C,0,-6.47776,0.15468625724315643,0.7789999842643738,0.42570000886917114
YNL275W,YOR339C,0,-6.4779897,0.1546555459499359,0.7789999842643738,0.42579999566078186
YDR155C,YCR040W,0,-6.478068,0.1546248495578766,0.7789999842643738,0.42590001225471497
YHR152W,YKR092C,0,-6.478419,0.15459416806697845,0.7789999842643738,0.4259999990463257
YBL051C,YJL222W,0,-6.4787498,0.15456348657608032,0.7789999842643738,0.4260999858379364
YBL007C,YPL032C,1,-6.480886,0.15473119914531708,0.7799999713897705,0.4260999858379364
YOL155C,YGR276C,0,-6.4815645,0.15470051765441895,0.7799999713897705,0.4262000024318695
YFR055W,YBL080C,0,-6.4817157,0.1546698361635208,0.7799999713897705,0.4262999892234802
YER112W,YGR197C,0,-6.4818187,0.15463916957378387,0.7799999713897705,0.42640000581741333
YDL008W,YPL213W,0,-6.4818516,0.15460851788520813,0.7799999713897705,0.42649999260902405
YLR423C,YGR074W,0,-6.4824505,0.15457788109779358,0.7799999713897705,0.42660000920295715
YNL099C,YGR090W,0,-6.482736,0.15454725921154022,0.7799999713897705,0.42669999599456787
YMR092C,YJL133W,0,-6.4829874,0.15451663732528687,0.7799999713897705,0.426800012588501
YKL052C,YEL029C,0,-6.483091,0.1544860303401947,0.7799999713897705,0.4268999993801117
YLL018C-A,YGR090W,0,-6.4836683,0.15445543825626373,0.7799999713897705,0.4269999861717224
YMR246W,YMR224C,0,-6.483709,0.15442486107349396,0.7799999713897705,0.4271000027656555
YLR450W,YBR185C,0,-6.483887,0.15439429879188538,0.7799999713897705,0.42719998955726624
YPL151C,YGL243W,0,-6.4840465,0.154363751411438,0.7799999713897705,0.42730000615119934
YLR129W,YOR307C,0,-6.4843264,0.1543332040309906,0.7799999713897705,0.42739999294281006
YLR213C,YJL151C,0,-6.484609,0.1543026715517044,0.7799999713897705,0.42750000953674316
YGL139W,YAR031W,0,-6.484682,0.1542721539735794,0.7799999713897705,0.4275999963283539
YJR095W,YHR106W,0,-6.48494,0.1542416512966156,0.7799999713897705,0.427700012922287
YHR107C,YOR334W,0,-6.4849734,0.1542111486196518,0.7799999713897705,0.4277999997138977
YLR157C,YDR381W,0,-6.4854364,0.15418066084384918,0.7799999713897705,0.4278999865055084
YEL069C,YNL169C,0,-6.4855075,0.15415020287036896,0.7799999713897705,0.42800000309944153
YOR047C,YLR372W,0,-6.485797,0.15411974489688873,0.7799999713897705,0.42809998989105225
YOR311C,YLL041C,0,-6.486007,0.1540892869234085,0.7799999713897705,0.42820000648498535
YNL270C,YPR201W,0,-6.4860477,0.15405885875225067,0.7799999713897705,0.42829999327659607
YBR133C,YEL006W,0,-6.486157,0.15402843058109283,0.7799999713897705,0.4284000098705292
YNR033W,YBR158W,0,-6.486254,0.15399803221225739,0.7799999713897705,0.4284999966621399
YPR113W,YDR243C,0,-6.486262,0.15396763384342194,0.7799999713897705,0.428600013256073
YJL031C,YHR147C,0,-6.4864907,0.1539372354745865,0.7799999713897705,0.4287000000476837
YGR010W,YHR152W,0,-6.486945,0.15390686690807343,0.7799999713897705,0.42879998683929443
YLR367W,YPL105C,0,-6.487166,0.15387649834156036,0.7799999713897705,0.42890000343322754
YKL220C,YDR175C,0,-6.487213,0.1538461595773697,0.7799999713897705,0.42899999022483826
YDL028C,YMR071C,0,-6.4874415,0.15381582081317902,0.7799999713897705,0.42910000681877136
YJL106W,YKR098C,0,-6.4874578,0.15378548204898834,0.7799999713897705,0.4291999936103821
YIR038C,YGR070W,0,-6.4874883,0.15375517308712006,0.7799999713897705,0.4293000102043152
YPR043W,YFL059W,0,-6.487913,0.15372487902641296,0.7799999713897705,0.4293999969959259
YNR002C,YDR364C,0,-6.48794,0.15369458496570587,0.7799999713897705,0.429500013589859
YHR160C,YDR436W,0,-6.4879775,0.15366430580615997,0.7799999713897705,0.4296000003814697
YKL112W,YNL208W,0,-6.488026,0.15363404154777527,0.7799999713897705,0.42969998717308044
YJL020C,YNL021W,0,-6.488172,0.15360377728939056,0.7799999713897705,0.42980000376701355
YJL062W,YGL063W,0,-6.4882665,0.15357354283332825,0.7799999713897705,0.42989999055862427
YNL020C,YOR327C,1,-6.4884906,0.15374015271663666,0.781000018119812,0.42989999055862427
YGR061C,YEL053C,0,-6.4885864,0.15370990335941315,0.781000018119812,0.4300000071525574
YDR062W,YCR020C-A,0,-6.4887037,0.15367965400218964,0.781000018119812,0.4300999939441681
YOR020C,YGL160W,0,-6.488796,0.15364941954612732,0.781000018119812,0.4302000105381012
YOL067C,YHR112C,0,-6.4898534,0.1536191999912262,0.781000018119812,0.4302999973297119
YHR019C,YBR073W,0,-6.490044,0.15358898043632507,0.781000018119812,0.430400013923645
YHR209W,YLR219W,0,-6.4900956,0.15355879068374634,0.781000018119812,0.43050000071525574
YLR189C,YPL047W,0,-6.490362,0.1535286009311676,0.781000018119812,0.43059998750686646
YJR094C,YOR241W,0,-6.4904,0.15349842607975006,0.781000018119812,0.43070000410079956
YDL085W,YHR014W,0,-6.490421,0.1534682661294937,0.781000018119812,0.4307999908924103
YPR168W,YKR029C,0,-6.490522,0.15343812108039856,0.781000018119812,0.4309000074863434
YCR069W,YJR101W,0,-6.490602,0.1534079760313034,0.781000018119812,0.4309999942779541
YMR246W,YLR142W,0,-6.490683,0.15337784588336945,0.781000018119812,0.4311000108718872
YCL035C,YMR257C,0,-6.49079,0.15334773063659668,0.781000018119812,0.4311999976634979
YMR323W,YBR230C,0,-6.4908385,0.1533176302909851,0.781000018119812,0.43130001425743103
YNL281W,YGR191W,0,-6.491424,0.15328752994537354,0.781000018119812,0.43140000104904175
YNL148C,YBL032W,0,-6.491526,0.15325745940208435,0.781000018119812,0.43149998784065247
YDR507C,YPL213W,0,-6.491571,0.15322738885879517,0.781000018119812,0.43160000443458557
YBR205W,YBR181C,0,-6.4918294,0.15319733321666718,0.781000018119812,0.4316999912261963
YMR070W,YMR229C,0,-6.4918633,0.15316729247570038,0.781000018119812,0.4318000078201294
YLL042C,YIR021W,0,-6.492023,0.15313725173473358,0.781000018119812,0.4318999946117401
YKR085C,YNL128W,0,-6.4926267,0.15310724079608917,0.781000018119812,0.4320000112056732
YOL001W,YGR209C,0,-6.492976,0.15307722985744476,0.781000018119812,0.43209999799728394
YIL098C,YPL143W,0,-6.493167,0.15304723381996155,0.781000018119812,0.43220001459121704
YEL027W,YOR329C,1,-6.493467,0.15321317315101624,0.7820000052452087,0.43220001459121704
YGL194C,YOR298C-A,0,-6.493629,0.15318314731121063,0.7820000052452087,0.43230000138282776
YJR119C,YOR227W,0,-6.4941325,0.15315315127372742,0.7820000052452087,0.4323999881744385
YAL012W,YLL011W,0,-6.4943843,0.1531231701374054,0.7820000052452087,0.4325000047683716
YLR189C,YLR120C,0,-6.494916,0.15309318900108337,0.7820000052452087,0.4325999915599823
YOL089C,YDR030C,0,-6.495007,0.15306322276592255,0.7820000052452087,0.4327000081539154
YPL167C,YJR102C,0,-6.4952855,0.1530332714319229,0.7820000052452087,0.4327999949455261
YJL001W,YMR274C,0,-6.495701,0.15300332009792328,0.7820000052452087,0.43290001153945923
YIL121W,YMR283C,0,-6.495744,0.15297339856624603,0.7820000052452087,0.43299999833106995
YHR072W,YDR260C,0,-6.4963784,0.1529434770345688,0.7820000052452087,0.43309998512268066
YCR048W,YBR023C,0,-6.49663,0.15291357040405273,0.7820000052452087,0.43320000171661377
YIL107C,YKR086W,0,-6.496877,0.15288367867469788,0.7820000052452087,0.4332999885082245
YDR062W,YLR064W,0,-6.497124,0.15285378694534302,0.7820000052452087,0.4334000051021576
YKR086W,YBR139W,0,-6.4978666,0.15282392501831055,0.7820000052452087,0.4334999918937683
YDL002C,YGL160W,0,-6.4980125,0.15279406309127808,0.7820000052452087,0.4336000084877014
YOR299W,YMR201C,0,-6.4983716,0.1527642160654068,0.7820000052452087,0.43369999527931213
YDR126W,YFR010W,0,-6.498431,0.15273436903953552,0.7820000052452087,0.43380001187324524
YHR171W,YFL058W,0,-6.498737,0.15270455181598663,0.7820000052452087,0.43389999866485596
YGR275W,YDR545W,0,-6.499286,0.15267473459243774,0.7820000052452087,0.4339999854564667
YJL168C,YPR107C,0,-6.4996886,0.15264493227005005,0.7820000052452087,0.4341000020503998
YKR102W,YJL210W,0,-6.4998565,0.15261514484882355,0.7820000052452087,0.4341999888420105
YDL102W,YEL058W,0,-6.5005746,0.15258537232875824,0.7820000052452087,0.4343000054359436
YOL136C,YMR095C,0,-6.5010138,0.15255559980869293,0.7820000052452087,0.4343999922275543
YDR122W,YDL124W,0,-6.5015182,0.15252584218978882,0.7820000052452087,0.4345000088214874
YLR291C,YER178W,0,-6.501856,0.1524960994720459,0.7820000052452087,0.43459999561309814
YLR453C,YOR195W,0,-6.5019,0.15246637165546417,0.7820000052452087,0.43470001220703125
YBR221C,YDL159W,0,-6.5035605,0.15243664383888245,0.7820000052452087,0.43479999899864197
YDR229W,YIL167W,0,-6.5040803,0.15240693092346191,0.7820000052452087,0.4348999857902527
YDR448W,YKL141W,0,-6.5044394,0.15237724781036377,0.7820000052452087,0.4350000023841858
YGR230W,YPL193W,0,-6.5044637,0.15234754979610443,0.7820000052452087,0.4350999891757965
YOR370C,YBR230C,0,-6.504555,0.15231788158416748,0.7820000052452087,0.4352000057697296
YDR256C,YML125C,0,-6.504618,0.15228821337223053,0.7820000052452087,0.43529999256134033
YPL192C,YDR145W,0,-6.505172,0.15225856006145477,0.7820000052452087,0.43540000915527344
YDR416W,YOR068C,0,-6.505975,0.1522289216518402,0.7820000052452087,0.43549999594688416
YEL066W,YER093C,0,-6.506019,0.15219929814338684,0.7820000052452087,0.43560001254081726
YNL280C,YIL126W,0,-6.506272,0.15216968953609467,0.7820000052452087,0.435699999332428
YOR158W,YIR012W,0,-6.506273,0.1521400809288025,0.7820000052452087,0.4357999861240387
YDR175C,YNL236W,0,-6.506411,0.1521104872226715,0.7820000052452087,0.4359000027179718
YIR038C,YJR043C,0,-6.506495,0.15208090841770172,0.7820000052452087,0.4359999895095825
YGR008C,YER041W,0,-6.506763,0.15205132961273193,0.7820000052452087,0.4361000061035156
YBR243C,YBL039C,0,-6.507044,0.15202176570892334,0.7820000052452087,0.43619999289512634
YNL020C,YDR093W,1,-6.5075645,0.1521865874528885,0.7829999923706055,0.43619999289512634
YPR030W,YPL139C,0,-6.507565,0.1521570086479187,0.7829999923706055,0.43630000948905945
YDR299W,YDL143W,0,-6.507726,0.1521274596452713,0.7829999923706055,0.43639999628067017
YMR116C,YKL080W,0,-6.5077977,0.1520978957414627,0.7829999923706055,0.43650001287460327
YGL223C,YGL184C,0,-6.5079575,0.1520683616399765,0.7829999923706055,0.436599999666214
YBR087W,YKR059W,0,-6.508251,0.1520388275384903,0.7829999923706055,0.4366999864578247
YOR145C,YBR061C,0,-6.508604,0.15200932323932648,0.7829999923706055,0.4368000030517578
YGR024C,YLL056C,0,-6.509684,0.15197981894016266,0.7829999923706055,0.43689998984336853
YMR105C,YGL184C,0,-6.5096965,0.15195031464099884,0.7829999923706055,0.43700000643730164
YKL186C,YOR308C,0,-6.509839,0.1519208401441574,0.7829999923706055,0.43709999322891235
YOR176W,YIL083C,0,-6.510221,0.15189136564731598,0.7829999923706055,0.43720000982284546
YDL102W,YIL076W,0,-6.510256,0.15186190605163574,0.7829999923706055,0.4372999966144562
YDR283C,YBL032W,0,-6.510844,0.1518324613571167,0.7829999923706055,0.4374000132083893
YGR030C,YPL129W,0,-6.511287,0.15180303156375885,0.7829999923706055,0.4375
YGL022W,YDL112W,0,-6.5115347,0.151773601770401,0.7829999923706055,0.4375999867916107
YPR168W,YIL093C,0,-6.511658,0.15174418687820435,0.7829999923706055,0.4377000033855438
YLR263W,YGR271C-A,0,-6.5116954,0.15171478688716888,0.7829999923706055,0.43779999017715454
YDR237W,YNL082W,0,-6.5119267,0.15168538689613342,0.7829999923706055,0.43790000677108765
YGR191W,YJL100W,0,-6.51222,0.15165601670742035,0.7829999923706055,0.43799999356269836
YER166W,YHR073W,1,-6.5123196,0.15182028710842133,0.7839999794960022,0.43799999356269836
YOR254C,YER049W,0,-6.5124626,0.15179090201854706,0.7839999794960022,0.43810001015663147
YOL117W,YOR137C,0,-6.512471,0.1517615169286728,0.7839999794960022,0.4381999969482422
YPR192W,YPL153C,0,-6.5131264,0.15173214673995972,0.7839999794960022,0.4383000135421753
YER143W,YDR281C,0,-6.51321,0.15170279145240784,0.7839999794960022,0.438400000333786
YJR104C,YKR056W,0,-6.5144243,0.15167343616485596,0.7839999794960022,0.43849998712539673
YBR153W,YMR247C,0,-6.5146317,0.15164409577846527,0.7839999794960022,0.43860000371932983
YJL005W,YHL032C,0,-6.514664,0.15161477029323578,0.7839999794960022,0.43869999051094055
YBR112C,YBR173C,0,-6.5146728,0.15158545970916748,0.7839999794960022,0.43880000710487366
YPL193W,YCL048W,0,-6.515015,0.15155616402626038,0.7839999794960022,0.4388999938964844
YLR295C,YPL258C,0,-6.5152287,0.15152686834335327,0.7839999794960022,0.4390000104904175
YGR278W,YBR216C,0,-6.515515,0.15149758756160736,0.7839999794960022,0.4390999972820282
YFL024C,YBR237W,0,-6.5155215,0.15146832168102264,0.7839999794960022,0.4392000138759613
YEL064C,YGL169W,0,-6.515835,0.15143905580043793,0.7839999794960022,0.439300000667572
YML091C,YPL163C,0,-6.5161815,0.1514098048210144,0.7839999794960022,0.43939998745918274
YNR027W,YNL208W,0,-6.516388,0.15138056874275208,0.7839999794960022,0.43950000405311584
YOR327C,YGR241C,1,-6.5166106,0.15154440701007843,0.7850000262260437,0.43950000405311584
YCR082W,YNL190W,0,-6.5170064,0.1515151560306549,0.7850000262260437,0.43959999084472656
YBR217W,YFL058W,0,-6.517131,0.15148591995239258,0.7850000262260437,0.43970000743865967
YCR107W,YKL046C,0,-6.518166,0.15145668387413025,0.7850000262260437,0.4397999942302704
YGR161C,YER151C,0,-6.5186143,0.1514274626970291,0.7850000262260437,0.4399000108242035
YLR043C,YLR042C,0,-6.518644,0.15139827132225037,0.7850000262260437,0.4399999976158142
YLR390W-A,YHR090C,0,-6.5188565,0.15136906504631042,0.7850000262260437,0.4401000142097473
YIL159W,YLR346C,0,-6.518963,0.15133988857269287,0.7850000262260437,0.44020000100135803
YPL145C,YNL093W,1,-6.520122,0.15150347352027893,0.7860000133514404,0.44020000100135803
YPL100W,YGR027C,0,-6.5203137,0.151474267244339,0.7860000133514404,0.44029998779296875
YDL145C,YOR101W,0,-6.5203834,0.15144509077072144,0.7860000133514404,0.44040000438690186
YIR005W,YNL268W,0,-6.5205426,0.15141591429710388,0.7860000133514404,0.4404999911785126
YLR287C-A,YLR033W,0,-6.5216775,0.15138675272464752,0.7860000133514404,0.4406000077724457
YOL077W-A,YDR423C,0,-6.5217338,0.15135759115219116,0.7860000133514404,0.4406999945640564
YDL243C,YMR120C,0,-6.5220265,0.1513284593820572,0.7860000133514404,0.4408000111579895
YMR288W,YNR048W,0,-6.52207,0.15129932761192322,0.7860000133514404,0.4408999979496002
YNL236W,YOR068C,0,-6.5230384,0.15127021074295044,0.7860000133514404,0.4410000145435333
YDL243C,YPL046C,0,-6.5232496,0.15124109387397766,0.7860000133514404,0.44110000133514404
YHR129C,YNL307C,0,-6.523462,0.15121200680732727,0.7860000133514404,0.44119998812675476
YPR192W,YMR186W,0,-6.523579,0.15118291974067688,0.7860000133514404,0.44130000472068787
YPL178W,YOR351C,0,-6.523605,0.15115384757518768,0.7860000133514404,0.4413999915122986
YMR009W,YPL112C,0,-6.5246,0.15112479031085968,0.7860000133514404,0.4415000081062317
YLR085C,YML116W,0,-6.5250607,0.15109573304653168,0.7860000133514404,0.4415999948978424
YGL133W,YIR012W,0,-6.5254145,0.15106669068336487,0.7860000133514404,0.4417000114917755
YLR256W,YLR106C,0,-6.5258512,0.15103766322135925,0.7860000133514404,0.44179999828338623
YOR005C,YBR223C,0,-6.5260444,0.15100865066051483,0.7860000133514404,0.44190001487731934
YDR501W,YPL156C,0,-6.526156,0.1509796380996704,0.7860000133514404,0.44200000166893005
YGL086W,YNL240C,0,-6.5263023,0.15095064043998718,0.7860000133514404,0.44209998846054077
YKL185W,YHR038W,0,-6.526827,0.15092165768146515,0.7860000133514404,0.4422000050544739
YNL164C,YGR281W,0,-6.5269723,0.1508926898241043,0.7860000133514404,0.4422999918460846
YKL112W,YKL110C,0,-6.527076,0.15086372196674347,0.7860000133514404,0.4424000084400177
YCL029C,YJR068W,0,-6.527145,0.15083476901054382,0.7860000133514404,0.4424999952316284
YML128C,YFL059W,0,-6.52775,0.15080583095550537,0.7860000133514404,0.4426000118255615
YLR214W,YCL067C,0,-6.527959,0.1507769078016281,0.7860000133514404,0.44269999861717224
YGR225W,YPL101W,0,-6.5281177,0.15074798464775085,0.7860000133514404,0.44279998540878296
YNL103W,YML024W,0,-6.5282717,0.1507190763950348,0.7860000133514404,0.44290000200271606
YFL039C,YLR206W,1,-6.5284495,0.15088190138339996,0.7870000004768372,0.44290000200271606
YDR016C,YDL025C,0,-6.5284586,0.1508529782295227,0.7870000004768372,0.4429999887943268
YDR304C,YML054C,0,-6.5285087,0.15082406997680664,0.7870000004768372,0.4431000053882599
YLL035W,YBR118W,0,-6.5286384,0.15079517662525177,0.7870000004768372,0.4431999921798706
YMR137C,YDR086C,0,-6.52897,0.1507662832736969,0.7870000004768372,0.4433000087738037
YGL116W,YDR260C,0,-6.5295057,0.15073740482330322,0.7870000004768372,0.44339999556541443
YPL087W,YIL177C,0,-6.5296054,0.15070854127407074,0.7870000004768372,0.44350001215934753
YDR164C,YLR003C,0,-6.529858,0.15067969262599945,0.7870000004768372,0.44359999895095825
YGR185C,YGR285C,0,-6.530083,0.15065084397792816,0.7870000004768372,0.44369998574256897
YMR219W,YOL102C,0,-6.5301366,0.15062201023101807,0.7870000004768372,0.4438000023365021
YJL139C,YIR026C,0,-6.530177,0.15059319138526917,0.7870000004768372,0.4438999891281128
YJR055W,YMR269W,0,-6.5302925,0.15056437253952026,0.7870000004768372,0.4440000057220459
YDR440W,YHR061C,0,-6.5304794,0.15053558349609375,0.7870000004768372,0.4440999925136566
YAL058W,YER011W,0,-6.530748,0.15050679445266724,0.7870000004768372,0.4442000091075897
YKL208W,YPL200W,0,-6.5312676,0.15047800540924072,0.7870000004768372,0.44429999589920044
YMR059W,YNL049C,0,-6.531593,0.1504492461681366,0.7870000004768372,0.44440001249313354
YKR003W,YDR059C,1,-6.5318475,0.15061162412166595,0.7879999876022339,0.44440001249313354
YOR388C,YBL102W,0,-6.5321813,0.15058283507823944,0.7879999876022339,0.44449999928474426
YKR057W,YER120W,0,-6.5322523,0.15055407583713531,0.7879999876022339,0.444599986076355
YKL064W,YHR143W-A,0,-6.532553,0.1505253165960312,0.7879999876022339,0.4447000026702881
YDL209C,YEL022W,0,-6.532927,0.15049655735492706,0.7879999876022339,0.4447999894618988
YDR021W,YNL016W,0,-6.533131,0.15046782791614532,0.7879999876022339,0.4449000060558319
YKL055C,YCL001W,0,-6.5340333,0.1504390984773636,0.7879999876022339,0.4449999928474426
YPL094C,YPL122C,0,-6.5341663,0.15041038393974304,0.7879999876022339,0.44510000944137573
YMR219W,YKL085W,0,-6.5343037,0.1503816843032837,0.7879999876022339,0.44519999623298645
YDR138W,YPR149W,0,-6.5345073,0.15035298466682434,0.7879999876022339,0.44530001282691956
YIL076W,YLR385C,0,-6.534528,0.15032429993152618,0.7879999876022339,0.4453999996185303
YER166W,YJL204C,1,-6.534815,0.15048636496067047,0.7889999747276306,0.4453999996185303
YCR082W,YLR176C,0,-6.534839,0.15045766532421112,0.7889999747276306,0.445499986410141
YDR334W,YIR039C,0,-6.5356145,0.15042898058891296,0.7889999747276306,0.4456000030040741
YMR316W,YPL167C,0,-6.535691,0.150400310754776,0.7889999747276306,0.4456999897956848
YPL213W,YOR337W,0,-6.5359044,0.15037164092063904,0.7889999747276306,0.4458000063896179
YER177W,YKR086W,0,-6.536114,0.15034298598766327,0.7889999747276306,0.44589999318122864
YIL159W,YGL113W,0,-6.5366864,0.1503143459558487,0.7889999747276306,0.44600000977516174
YMR161W,YMR099C,0,-6.536803,0.1502857208251953,0.7889999747276306,0.44609999656677246
YKR095W,YGL207W,0,-6.5370903,0.15025709569454193,0.7889999747276306,0.44620001316070557
YCR082W,YBL034C,0,-6.537384,0.15022848546504974,0.7889999747276306,0.4462999999523163
YPL145C,YHR073W,1,-6.5377274,0.15039025247097015,0.7900000214576721,0.4462999999523163
YNL220W,YNL061W,0,-6.538025,0.15036162734031677,0.7900000214576721,0.446399986743927
YGR080W,YCR043C,0,-6.5382285,0.15033301711082458,0.7900000214576721,0.4465000033378601
YJL062W,YHR178W,0,-6.5385213,0.1503044068813324,0.7900000214576721,0.4465999901294708
YOR324C,YNL222W,0,-6.538548,0.1502758264541626,0.7900000214576721,0.44670000672340393
YNL216W,YDL025C,0,-6.5385633,0.1502472460269928,0.7900000214576721,0.44679999351501465
YGL133W,YDR105C,0,-6.5386214,0.150218665599823,0.7900000214576721,0.44690001010894775
YDR430C,YHR039C,0,-6.540528,0.15019011497497559,0.7900000214576721,0.44699999690055847
YAR019C,YGL195W,0,-6.540722,0.15016156435012817,0.7900000214576721,0.4471000134944916
YGR086C,YCR053W,1,-6.5408425,0.1503230780363083,0.7910000085830688,0.4471000134944916
YMR162C,YLL018C,0,-6.540957,0.15029451251029968,0.7910000085830688,0.4472000002861023
YBL063W,YPR002W,0,-6.541032,0.15026596188545227,0.7910000085830688,0.447299987077713
YLR384C,YNL138W,0,-6.5415845,0.15023741126060486,0.7910000085830688,0.4474000036716461
YOR264W,YLR369W,0,-6.541617,0.15020889043807983,0.7910000085830688,0.44749999046325684
YDR295C,YKL099C,0,-6.5421343,0.1501803696155548,0.7910000085830688,0.44760000705718994
YLR227C,YGR023W,0,-6.5424657,0.15015186369419098,0.7910000085830688,0.44769999384880066
YDL227C,YDL072C,0,-6.542569,0.15012335777282715,0.7910000085830688,0.44780001044273376
YDL159W,YNL305C,0,-6.5427384,0.1500948816537857,0.7910000085830688,0.4478999972343445
YLR316C,YOL102C,0,-6.542903,0.15006640553474426,0.7910000085830688,0.4480000138282776
YPR160W,YGL143C,0,-6.54312,0.15003792941570282,0.7910000085830688,0.4481000006198883
YNL136W,YFR001W,0,-6.5431643,0.15000948309898376,0.7910000085830688,0.448199987411499
YOL012C,YBR081C,0,-6.543179,0.1499810367822647,0.7910000085830688,0.44830000400543213
YML042W,YPL167C,0,-6.543361,0.14995260536670685,0.7910000085830688,0.44839999079704285
YBR044C,YOR272W,0,-6.544076,0.14992418885231018,0.7910000085830688,0.44850000739097595
YOR010C,YNL054W,0,-6.5444818,0.1498957723379135,0.7910000085830688,0.44859999418258667
YPR135W,YBR299W,0,-6.5444922,0.14986737072467804,0.7910000085830688,0.4487000107765198
YLR308W,YOR298C-A,0,-6.544871,0.14983898401260376,0.7910000085830688,0.4487999975681305
YFR033C,YDL140C,0,-6.5449805,0.14981061220169067,0.7910000085830688,0.4489000141620636
YDR399W,YBR043C,0,-6.54507,0.1497822403907776,0.7910000085830688,0.4490000009536743
YOL061W,YDR167W,0,-6.5455008,0.1497538834810257,0.7910000085830688,0.44909998774528503
YKL186C,YPR133W-A,0,-6.5457177,0.149725541472435,0.7910000085830688,0.44920000433921814
YCR053W,YKR014C,1,-6.545939,0.14988644421100616,0.7919999957084656,0.44920000433921814
YNL020C,YDR059C,1,-6.5459504,0.15004730224609375,0.7929999828338623,0.44920000433921814
YHR174W,YOR334W,0,-6.546264,0.15001891553401947,0.7929999828338623,0.44929999113082886
YLR096W,YPR112C,0,-6.546502,0.14999054372310638,0.7929999828338623,0.44940000772476196
YHR058C,YDR128W,0,-6.5465593,0.1499621719121933,0.7929999828338623,0.4494999945163727
YDR414C,YJL187C,0,-6.546577,0.1499338299036026,0.7929999828338623,0.4496000111103058
YPL021W,YJR131W,0,-6.5466533,0.1499054878950119,0.7929999828338623,0.4496999979019165
YPR187W,YMR071C,0,-6.5471635,0.1498771458864212,0.7929999828338623,0.4498000144958496
YFR029W,YOR265W,0,-6.5472116,0.1498488336801529,0.7929999828338623,0.4499000012874603
YBL002W,YOR273C,0,-6.5473056,0.14982052147388458,0.7929999828338623,0.44999998807907104
YLR438C-A,YJL004C,0,-6.5473475,0.14979222416877747,0.7929999828338623,0.45010000467300415
YDR508C,YOL136C,0,-6.5473776,0.14976392686367035,0.7929999828338623,0.45019999146461487
YML010W,YLR240W,0,-6.548374,0.14973564445972443,0.7929999828338623,0.450300008058548
YIL090W,YOR226C,0,-6.548466,0.1497073769569397,0.7929999828338623,0.4503999948501587
YDR036C,YNL227C,1,-6.5485163,0.14986787736415863,0.7940000295639038,0.4503999948501587
YFR055W,YOR298C-A,0,-6.548918,0.1498395949602127,0.7940000295639038,0.4505000114440918
YDR214W,YMR305C,0,-6.5489793,0.14981132745742798,0.7940000295639038,0.4505999982357025
YOR049C,YKR088C,0,-6.5491147,0.14978305995464325,0.7940000295639038,0.4507000148296356
YHR216W,YBR084W,0,-6.549158,0.14975480735301971,0.7940000295639038,0.45080000162124634
YBR038W,YPL116W,0,-6.549661,0.14972656965255737,0.7940000295639038,0.45089998841285706
YMR170C,YNR011C,0,-6.5497384,0.14969834685325623,0.7940000295639038,0.45100000500679016
YNL080C,YPR065W,0,-6.5497737,0.14967012405395508,0.7940000295639038,0.4510999917984009
YDL243C,YLR466W,0,-6.5497766,0.14964191615581512,0.7940000295639038,0.451200008392334
YFL045C,YMR106C,0,-6.549879,0.14961372315883636,0.7940000295639038,0.4512999951839447
YFL039C,YIL002C,1,-6.5502152,0.14977392554283142,0.7950000166893005,0.4512999951839447
YOR180C,YMR287C,0,-6.550305,0.14974571764469147,0.7950000166893005,0.4514000117778778
YCL024W,YBR168W,0,-6.550365,0.1497175097465515,0.7950000166893005,0.4514999985694885
YOR233W,YGR229C,0,-6.55044,0.14968931674957275,0.7950000166893005,0.45159998536109924
YPL095C,YMR089C,0,-6.550509,0.1496611386537552,0.7950000166893005,0.45170000195503235
YDR118W,YLR345W,0,-6.551245,0.14963297545909882,0.7950000166893005,0.45179998874664307
YMR281W,YKL029C,0,-6.5515103,0.14960481226444244,0.7950000166893005,0.45190000534057617
YCR094W,YLR056W,1,-6.5515313,0.14976482093334198,0.7960000038146973,0.45190000534057617
YHR073W,YDR059C,1,-6.5515933,0.14992475509643555,0.796999990940094,0.45190000534057617
YGL236C,YBL055C,0,-6.5517325,0.1498965620994568,0.796999990940094,0.4519999921321869
YOL117W,YLR354C,0,-6.5517926,0.14986836910247803,0.796999990940094,0.45210000872612
YOR207C,YFL045C,0,-6.5522146,0.14984019100666046,0.796999990940094,0.4521999955177307
YIL090W,YJL208C,0,-6.5524025,0.1498120278120041,0.796999990940094,0.4523000121116638
YFL023W,YOR188W,0,-6.5524354,0.1497838795185089,0.796999990940094,0.45239999890327454
YPL258C,YNR012W,0,-6.5524535,0.14975573122501373,0.796999990940094,0.45249998569488525
YGR254W,YHR168W,0,-6.552605,0.14972759783267975,0.796999990940094,0.45260000228881836
YOL063C,YNL279W,0,-6.552828,0.14969947934150696,0.796999990940094,0.4526999890804291
YAL058W,YCR020C,0,-6.5529118,0.14967136085033417,0.796999990940094,0.4528000056743622
YOR253W,YKL041W,0,-6.5529795,0.14964325726032257,0.796999990940094,0.4528999924659729
YLL057C,YKL119C,0,-6.553187,0.14961516857147217,0.796999990940094,0.453000009059906
YPL100W,YPR011C,0,-6.5531874,0.14958707988262177,0.796999990940094,0.4530999958515167
YLR190W,YLR176C,0,-6.553693,0.14955902099609375,0.796999990940094,0.45320001244544983
YNL006W,YLL004W,0,-6.5539174,0.14953096210956573,0.796999990940094,0.45329999923706055
YDR481C,YGR277C,0,-6.5540013,0.14950290322303772,0.796999990940094,0.45339998602867126
YGL195W,YLR136C,0,-6.5544014,0.1494748741388321,0.796999990940094,0.45350000262260437
YIL009W,YLL035W,0,-6.554574,0.14944684505462646,0.796999990940094,0.4535999894142151
YOR239W,YGR281W,0,-6.5548344,0.14941881597042084,0.796999990940094,0.4537000060081482
YLR220W,YMR231W,0,-6.555095,0.1493908166885376,0.796999990940094,0.4537999927997589
YNL106C,YML052W,1,-6.5555763,0.14955022931098938,0.7979999780654907,0.4537999927997589
YJL061W,YGR281W,0,-6.5560327,0.14952220022678375,0.7979999780654907,0.453900009393692
YGR246C,YIL129C,0,-6.5563507,0.14949418604373932,0.7979999780654907,0.45399999618530273
YFL003C,YJL012C,0,-6.556354,0.14946618676185608,0.7979999780654907,0.45410001277923584
YNR044W,YLR399C,0,-6.556564,0.14943820238113403,0.7979999780654907,0.45419999957084656
YJR090C,YPL140C,0,-6.5566354,0.149410218000412,0.7979999780654907,0.4542999863624573
YLR244C,YOL042W,0,-6.5568647,0.14938224852085114,0.7979999780654907,0.4544000029563904
YER055C,YJR101W,0,-6.5569205,0.14935429394245148,0.7979999780654907,0.4544999897480011
YHR128W,YGR178C,0,-6.556929,0.149326354265213,0.7979999780654907,0.4546000063419342
YDL030W,YEL057C,0,-6.557304,0.14929841458797455,0.7979999780654907,0.4546999931335449
YGR036C,YDR538W,0,-6.5574694,0.14927048981189728,0.7979999780654907,0.454800009727478
YMR167W,YLR329W,0,-6.5578084,0.14924256503582,0.7979999780654907,0.45489999651908875
YCL061C,YDR077W,0,-6.557893,0.14921465516090393,0.7979999780654907,0.45500001311302185
YNL053W,YMR146C,0,-6.5579815,0.14918676018714905,0.7979999780654907,0.45509999990463257
YLR160C,YHR175W,0,-6.5580287,0.14915888011455536,0.7979999780654907,0.4551999866962433
YOR018W,YGL112C,0,-6.55833,0.14913100004196167,0.7979999780654907,0.4553000032901764
YIL099W,YPR140W,0,-6.558421,0.14910313487052917,0.7979999780654907,0.4553999900817871
YOR208W,YIL021W,0,-6.5585465,0.14907528460025787,0.7979999780654907,0.4555000066757202
YOR180C,YIR018W,0,-6.5591416,0.14904743432998657,0.7979999780654907,0.45559999346733093
YIL041W,YPR046W,0,-6.559212,0.14901961386203766,0.7979999780654907,0.45570001006126404
YPR201W,YLL042C,0,-6.5593834,0.14899177849292755,0.7979999780654907,0.45579999685287476
YMR251W-A,YAL011W,0,-6.5593987,0.14896397292613983,0.7979999780654907,0.45590001344680786
YJL071W,YNL222W,0,-6.559547,0.1489361673593521,0.7979999780654907,0.4560000002384186
YFL002C,YDR262W,0,-6.559582,0.14890837669372559,0.7979999780654907,0.4560999870300293
YNL148C,YMR201C,0,-6.5597157,0.14888060092926025,0.7979999780654907,0.4562000036239624
YOL054W,YOR195W,0,-6.5600085,0.14885282516479492,0.7979999780654907,0.4562999904155731
YJR156C,YPL206C,0,-6.5606313,0.14882506430149078,0.7979999780654907,0.4564000070095062
YPL008W,YFL034C-A,0,-6.5608807,0.14879731833934784,0.7979999780654907,0.45649999380111694
YLR056W,YPL145C,1,-6.5609975,0.14895600080490112,0.7990000247955322,0.45649999380111694
YJR016C,YHR005C-A,0,-6.5610175,0.14892823994159698,0.7990000247955322,0.45660001039505005
YLR129W,YKR028W,0,-6.561103,0.14890047907829285,0.7990000247955322,0.45669999718666077
YDL103C,YGR215W,0,-6.5619783,0.1488727480173111,0.7990000247955322,0.45680001378059387
YBL057C,YIL018W,0,-6.5620084,0.14884500205516815,0.7990000247955322,0.4569000005722046
YDR507C,YDR076W,0,-6.56218,0.1488172858953476,0.7990000247955322,0.4569999873638153
YKL209C,YOR194C,0,-6.5623946,0.14878956973552704,0.7990000247955322,0.4571000039577484
YBL030C,YGL113W,0,-6.5625315,0.14876186847686768,0.7990000247955322,0.45719999074935913
YPL005W,YML118W,0,-6.562731,0.1487341821193695,0.7990000247955322,0.45730000734329224
YBL019W,YGR296W,0,-6.562989,0.14870649576187134,0.7990000247955322,0.45739999413490295
YKR006C,YOR190W,0,-6.5632453,0.14867882430553436,0.7990000247955322,0.45750001072883606
YOR011W,YDL055C,0,-6.5642643,0.14865116775035858,0.7990000247955322,0.4575999975204468
YHR166C,YPR179C,0,-6.56459,0.1486235111951828,0.7990000247955322,0.4577000141143799
YDR144C,YER105C,0,-6.565002,0.1485958695411682,0.7990000247955322,0.4578000009059906
YPR184W,YBR193C,0,-6.565559,0.14856824278831482,0.7990000247955322,0.4578999876976013
YBR257W,YKL166C,0,-6.565576,0.14854061603546143,0.7990000247955322,0.4580000042915344
YGL090W,YML016C,0,-6.5657363,0.14851300418376923,0.7990000247955322,0.45809999108314514
YJR077C,YLR134W,0,-6.5658917,0.14848540723323822,0.7990000247955322,0.45820000767707825
YDR142C,YBL005W-A,0,-6.566016,0.1484578251838684,0.7990000247955322,0.45829999446868896
YJR058C,YER074W,0,-6.566295,0.1484302431344986,0.7990000247955322,0.45840001106262207
YLL006W,YGR141W,0,-6.5663705,0.14840267598628998,0.7990000247955322,0.4584999978542328
YJL104W,YMR061W,0,-6.5666842,0.14837510883808136,0.7990000247955322,0.4586000144481659
YGL208W,YDR119W,0,-6.5667973,0.14834757149219513,0.7990000247955322,0.4587000012397766
YPL104W,YNL063W,0,-6.5668836,0.1483200341463089,0.7990000247955322,0.45879998803138733
YHR019C,YDR181C,0,-6.5669103,0.14829249680042267,0.7990000247955322,0.45890000462532043
YML006C,YOR188W,0,-6.567446,0.14826498925685883,0.7990000247955322,0.45899999141693115
YFL057C,YOR249C,0,-6.5675073,0.14823748171329498,0.7990000247955322,0.45910000801086426
YIL033C,YPL158C,0,-6.567592,0.14820997416973114,0.7990000247955322,0.459199994802475
YGR177C,YPL155C,0,-6.5676913,0.14818249642848969,0.7990000247955322,0.4593000113964081
YJL121C,YGR214W,0,-6.568308,0.14815501868724823,0.7990000247955322,0.4593999981880188
YOR321W,YNL176C,0,-6.568358,0.14812755584716797,0.7990000247955322,0.4595000147819519
YJR160C,YDR372C,0,-6.5684276,0.1481000930070877,0.7990000247955322,0.4596000015735626
YLR110C,YPR194C,0,-6.5685363,0.14807264506816864,0.7990000247955322,0.45969998836517334
YFL057C,YJL129C,0,-6.569032,0.14804521203041077,0.7990000247955322,0.45980000495910645
YLR037C,YOR371C,0,-6.56908,0.1480177789926529,0.7990000247955322,0.45989999175071716
YIL037C,YBR097W,0,-6.5691752,0.1479903757572174,0.7990000247955322,0.46000000834465027
YEL054C,YGL028C,0,-6.569858,0.14796295762062073,0.7990000247955322,0.460099995136261
YAL024C,YOR057W,0,-6.570004,0.14793556928634644,0.7990000247955322,0.4602000117301941
YDR244W,YNR013C,0,-6.570542,0.14790818095207214,0.7990000247955322,0.4602999985218048
YKR095W-A,YDR329C,0,-6.5705724,0.14788080751895905,0.7990000247955322,0.4603999853134155
YPL240C,YPL155C,0,-6.570682,0.14785344898700714,0.7990000247955322,0.46050000190734863
YJL122W,YLR110C,0,-6.571161,0.14782609045505524,0.7990000247955322,0.46059998869895935
YLR229C,YCR024C-A,0,-6.571213,0.14779874682426453,0.7990000247955322,0.46070000529289246
YKL068W,YDR285W,0,-6.571405,0.14777140319347382,0.7990000247955322,0.4607999920845032
YOR312C,YER049W,0,-6.571612,0.1477440893650055,0.7990000247955322,0.4609000086784363
YJL153C,YNL221C,0,-6.5717454,0.14771677553653717,0.7990000247955322,0.460999995470047
YBR297W,YDR536W,0,-6.5718656,0.14768946170806885,0.7990000247955322,0.4611000120639801
YKR088C,YGR128C,0,-6.57241,0.14766216278076172,0.7990000247955322,0.4611999988555908
YML099C,YDR135C,0,-6.57258,0.14763487875461578,0.7990000247955322,0.46129998564720154
YIL162W,YBR030W,0,-6.572738,0.14760760962963104,0.7990000247955322,0.46140000224113464
YBR208C,YDR058C,0,-6.5731115,0.1475803405046463,0.7990000247955322,0.46149998903274536
YBR234C,YHL017W,0,-6.5731826,0.14755308628082275,0.7990000247955322,0.46160000562667847
YIL136W,YIL167W,0,-6.573403,0.1475258469581604,0.7990000247955322,0.4616999924182892
YHR013C,YCL017C,0,-6.573876,0.14749862253665924,0.7990000247955322,0.4618000090122223
YCR091W,YOR253W,0,-6.574222,0.14747139811515808,0.7990000247955322,0.461899995803833
YIL040W,YMR301C,0,-6.574358,0.14744417369365692,0.7990000247955322,0.4620000123977661
YBL013W,YPL017C,0,-6.57455,0.14741697907447815,0.7990000247955322,0.46209999918937683
YNL243W,YPL032C,1,-6.574721,0.14757424592971802,0.800000011920929,0.46209999918937683
YML008C,YOR311C,0,-6.5747914,0.14754703640937805,0.800000011920929,0.46219998598098755
YBR282W,YML106W,0,-6.575141,0.14751982688903809,0.800000011920929,0.46230000257492065
YPL018W,YOR322C,0,-6.5751486,0.14749263226985931,0.800000011920929,0.46239998936653137
YNR030W,YDL124W,0,-6.5753484,0.14746543765068054,0.800000011920929,0.4625000059604645
YPL214C,YKR059W,0,-6.5754294,0.14743825793266296,0.800000011920929,0.4625999927520752
YIL009W,YDR164C,0,-6.5754333,0.14741109311580658,0.800000011920929,0.4627000093460083
YDR069C,YOR043W,1,-6.5754666,0.14756816625595093,0.8009999990463257,0.4627000093460083
YDR037W,YDR354W,0,-6.575472,0.14754098653793335,0.8009999990463257,0.462799996137619
YMR059W,YLL056C,0,-6.575562,0.14751380681991577,0.8009999990463257,0.4629000127315521
YBR276C,YIL162W,0,-6.5757213,0.14748665690422058,0.8009999990463257,0.46299999952316284
YPL083C,YOR027W,0,-6.5757895,0.1474594920873642,0.8009999990463257,0.46309998631477356
YOL077C,YBR083W,0,-6.575953,0.1474323570728302,0.8009999990463257,0.46320000290870667
YPL256C,YMR080C,0,-6.5762753,0.1474052220582962,0.8009999990463257,0.4632999897003174
YKL176C,YLR150W,0,-6.576554,0.1473781019449234,0.8009999990463257,0.4634000062942505
YHR112C,YNR061C,0,-6.576774,0.1473509967327118,0.8009999990463257,0.4634999930858612
YKL022C,YCR021C,0,-6.5768666,0.14732389152050018,0.8009999990463257,0.4636000096797943
YPR068C,YPL154C,0,-6.577183,0.14729680120944977,0.8009999990463257,0.46369999647140503
YDR424C,YHR063C,0,-6.5772605,0.14726972579956055,0.8009999990463257,0.46380001306533813
YJL019W,YDL043C,0,-6.5773263,0.14724265038967133,0.8009999990463257,0.46389999985694885
YIR006C,YPL032C,1,-6.57742,0.14739938080310822,0.8019999861717224,0.46389999985694885
YJR082C,YLR292C,0,-6.577674,0.1473722904920578,0.8019999861717224,0.46399998664855957
YNL167C,YNR021W,0,-6.577866,0.14734521508216858,0.8019999861717224,0.4641000032424927
YDL098C,YGR048W,0,-6.5781245,0.14731815457344055,0.8019999861717224,0.4641999900341034
YPL076W,YGL026C,0,-6.5782948,0.14729109406471252,0.8019999861717224,0.4643000066280365
YEL061C,YGL216W,0,-6.5783067,0.1472640484571457,0.8019999861717224,0.4643999934196472
YDR386W,YEL051W,0,-6.5783315,0.14723701775074005,0.8019999861717224,0.4645000100135803
YBR049C,YLL066C,0,-6.578467,0.1472099870443344,0.8019999861717224,0.46459999680519104
YGR284C,YIL061C,0,-6.578576,0.14718297123908997,0.8019999861717224,0.46470001339912415
YHR018C,YOR375C,0,-6.5789714,0.1471559703350067,0.8019999861717224,0.46480000019073486
YLL043W,YJL116C,0,-6.579038,0.14712896943092346,0.8019999861717224,0.4648999869823456
YPR033C,YPL079W,0,-6.5791306,0.1471019834280014,0.8019999861717224,0.4650000035762787
YMR012W,YKR042W,0,-6.5792966,0.14707499742507935,0.8019999861717224,0.4650999903678894
YCR073C,YDR484W,0,-6.5794034,0.14704804122447968,0.8019999861717224,0.4652000069618225
YER114C,YPL218W,0,-6.5794325,0.14702108502388,0.8019999861717224,0.4652999937534332
YEL027W,YAL026C,1,-6.57954,0.14717741310596466,0.8029999732971191,0.4652999937534332
YDL197C,YGR230W,0,-6.5798097,0.1471504420042038,0.8029999732971191,0.46540001034736633
YOR236W,YCR021C,0,-6.57986,0.14712348580360413,0.8029999732971191,0.46549999713897705
YML058W-A,YNL129W,0,-6.5804667,0.14709654450416565,0.8029999732971191,0.46560001373291016
YDR038C,YPL233W,0,-6.580646,0.14706960320472717,0.8029999732971191,0.4657000005245209
YBL007C,YML052W,1,-6.5807095,0.1472257822751999,0.8040000200271606,0.4657000005245209
YJL184W,YOR227W,0,-6.580958,0.14719882607460022,0.8040000200271606,0.4657999873161316
YDL174C,YHR143W-A,0,-6.580988,0.14717188477516174,0.8040000200271606,0.4659000039100647
YLR056W,YMR109W,1,-6.5810127,0.1473279595375061,0.8050000071525574,0.4659000039100647
YEL015W,YMR104C,0,-6.581093,0.14730100333690643,0.8050000071525574,0.4659999907016754
YML026C,YJL197W,0,-6.581619,0.14727406203746796,0.8050000071525574,0.4661000072956085
YDL240W,YPR189W,0,-6.5820317,0.14724712073802948,0.8050000071525574,0.46619999408721924
YLR163C,YBR139W,0,-6.5820932,0.1472201943397522,0.8050000071525574,0.46630001068115234
YLL060C,YDL090C,0,-6.582229,0.14719326794147491,0.8050000071525574,0.46639999747276306
YDR238C,YIR026C,0,-6.5824327,0.14716635644435883,0.8050000071525574,0.46650001406669617
YGR230W,YOL009C,0,-6.5824494,0.14713945984840393,0.8050000071525574,0.4666000008583069
YOR197W,YDL098C,0,-6.5833087,0.14711257815361023,0.8050000071525574,0.4666999876499176
YIL009C-A,YNL139C,0,-6.583386,0.14708569645881653,0.8050000071525574,0.4668000042438507
YPL008W,YAL053W,0,-6.5840063,0.14705882966518402,0.8050000071525574,0.4668999910354614
YML042W,YLR130C,0,-6.584163,0.1470319628715515,0.8050000071525574,0.46700000762939453
YLR219W,YBR183W,0,-6.5842376,0.1470051109790802,0.8050000071525574,0.46709999442100525
YNL322C,YOR045W,0,-6.584575,0.14697827398777008,0.8050000071525574,0.46720001101493835
YKL185W,YHR154W,0,-6.5848064,0.14695143699645996,0.8050000071525574,0.4672999978065491
YMR048W,YML049C,0,-6.5849795,0.14692461490631104,0.8050000071525574,0.4674000144004822
YCL038C,YAL047C,0,-6.5850425,0.1468978077173233,0.8050000071525574,0.4675000011920929
YGR227W,YNL012W,0,-6.585095,0.14687101542949677,0.8050000071525574,0.4675999879837036
YMR001C,YMR037C,0,-6.5852356,0.14684422314167023,0.8050000071525574,0.4677000045776367
YML059C,YGL162W,0,-6.5853868,0.1468174308538437,0.8050000071525574,0.46779999136924744
YLR038C,YMR097C,0,-6.5855355,0.14679066836833954,0.8050000071525574,0.46790000796318054
YGL195W,YPL083C,0,-6.585777,0.1467639058828354,0.8050000071525574,0.46799999475479126
YNL148C,YER044C-A,0,-6.585787,0.14673714339733124,0.8050000071525574,0.46810001134872437
YML130C,YGR006W,0,-6.586064,0.14671041071414948,0.8050000071525574,0.4681999981403351
YMR268C,YGR248W,0,-6.586925,0.1466836780309677,0.8050000071525574,0.4683000147342682
YCR077C,YEL041W,0,-6.587607,0.14665694534778595,0.8050000071525574,0.4684000015258789
YMR312W,YGR238C,0,-6.5877333,0.14663024246692657,0.8050000071525574,0.4684999883174896
YBR039W,YNL002C,0,-6.587883,0.1466035395860672,0.8050000071525574,0.46860000491142273
YAL021C,YJL187C,0,-6.5879636,0.14657683670520782,0.8050000071525574,0.46869999170303345
YGL257C,YLR265C,0,-6.5880523,0.14655014872550964,0.8050000071525574,0.46880000829696655
YPR054W,YPL041C,0,-6.588404,0.14652347564697266,0.8050000071525574,0.46889999508857727
YML013W,YHL008C,0,-6.5892487,0.14649681746959686,0.8050000071525574,0.4690000116825104
YOR374W,YHR201C,0,-6.5893536,0.14647015929222107,0.8050000071525574,0.4690999984741211
YHR055C,YGR180C,0,-6.5894637,0.14644351601600647,0.8050000071525574,0.4691999852657318
YLR172C,YPR095C,0,-6.589983,0.14641687273979187,0.8050000071525574,0.4693000018596649
YPL262W,YLL045C,0,-6.5900383,0.14639025926589966,0.8050000071525574,0.46939998865127563
YCR053W,YGR241C,1,-6.590753,0.14654545485973358,0.8059999942779541,0.46939998865127563
YBR236C,YGL039W,0,-6.590782,0.14651881158351898,0.8059999942779541,0.46950000524520874
YGL073W,YLL041C,0,-6.5908055,0.14649218320846558,0.8059999942779541,0.46959999203681946
YMR287C,YKL195W,0,-6.5908594,0.14646556973457336,0.8059999942779541,0.46970000863075256
YDR448W,YKR046C,0,-6.591024,0.14643895626068115,0.8059999942779541,0.4697999954223633
YLR394W,YHR023W,0,-6.591179,0.14641235768795013,0.8059999942779541,0.4699000120162964
YMR012W,YDL043C,0,-6.591448,0.14638575911521912,0.8059999942779541,0.4699999988079071
YHR011W,YGR008C,0,-6.5918503,0.1463591754436493,0.8059999942779541,0.4700999855995178
YMR299C,YPL046C,0,-6.592011,0.14633260667324066,0.8059999942779541,0.4702000021934509
YLR242C,YOR081C,0,-6.592113,0.14630603790283203,0.8059999942779541,0.47029998898506165
YHR096C,YMR060C,0,-6.5921187,0.1462794989347458,0.8059999942779541,0.47040000557899475
YNL023C,YOR073W,0,-6.592175,0.14625294506549835,0.8059999942779541,0.47049999237060547
YIR019C,YMR284W,0,-6.5924716,0.1462264209985733,0.8059999942779541,0.4706000089645386
YPR021C,YAL034W-A,0,-6.59257,0.14619989693164825,0.8059999942779541,0.4706999957561493
YJL194W,YMR112C,0,-6.592934,0.1461733728647232,0.8059999942779541,0.4708000123500824
YOL068C,YPL122C,0,-6.5929756,0.14614687860012054,0.8059999942779541,0.4708999991416931
YOR204W,YOR130C,0,-6.5930934,0.14612038433551788,0.8059999942779541,0.47099998593330383
YDR237W,YIL118W,0,-6.5934644,0.14609389007091522,0.8059999942779541,0.47110000252723694
YIR041W,YKL028W,0,-6.5934906,0.14606741070747375,0.8059999942779541,0.47119998931884766
YJR121W,YKL099C,0,-6.5936146,0.14604094624519348,0.8059999942779541,0.47130000591278076
YPL140C,YML131W,0,-6.593835,0.1460144966840744,0.8059999942779541,0.4713999927043915
YLR005W,YDR196C,0,-6.5942273,0.14598804712295532,0.8059999942779541,0.4715000092983246
YHR092C,YIL011W,0,-6.594377,0.14596161246299744,0.8059999942779541,0.4715999960899353
YGL168W,YHR160C,0,-6.5944357,0.14593517780303955,0.8059999942779541,0.4717000126838684
YDR030C,YJR009C,0,-6.594637,0.14590875804424286,0.8059999942779541,0.4717999994754791
YEL059C-A,YIL078W,0,-6.5948386,0.14588235318660736,0.8059999942779541,0.47189998626708984
YBR021W,YOR320C,0,-6.5951676,0.14585594832897186,0.8059999942779541,0.47200000286102295
YAL011W,YGR281W,0,-6.5951767,0.14582955837249756,0.8059999942779541,0.47209998965263367
YAL058W,YMR264W,0,-6.5954432,0.14580318331718445,0.8059999942779541,0.4722000062465668
YIL052C,YOR195W,0,-6.595477,0.14577680826187134,0.8059999942779541,0.4722999930381775
YKL156W,YJL171C,0,-6.595772,0.14575044810771942,0.8059999942779541,0.4724000096321106
YOR098C,YDR470C,0,-6.596055,0.1457241028547287,0.8059999942779541,0.4724999964237213
YER145C,YDR395W,0,-6.5965,0.14569775760173798,0.8059999942779541,0.4726000130176544
YJL158C,YDR045C,0,-6.596653,0.14567142724990845,0.8059999942779541,0.47269999980926514
YPL083C,YGR221C,0,-6.597414,0.14564509689807892,0.8059999942779541,0.47279998660087585
YDR435C,YIR012W,0,-6.5978327,0.14561879634857178,0.8059999942779541,0.47290000319480896
YDR466W,YOL117W,0,-6.5980916,0.14559248089790344,0.8059999942779541,0.4729999899864197
YER109C,YML029W,0,-6.5981526,0.1455661952495575,0.8059999942779541,0.4731000065803528
YDL171C,YPL112C,0,-6.5981975,0.14553990960121155,0.8059999942779541,0.4731999933719635
YLR148W,YNL339C,0,-6.598515,0.1455136239528656,0.8059999942779541,0.4733000099658966
YLR167W,YBL011W,0,-6.5986867,0.14548736810684204,0.8059999942779541,0.4733999967575073
YJL092W,YCL001W,0,-6.599087,0.14546111226081848,0.8059999942779541,0.47350001335144043
YKL053C-A,YKR048C,0,-6.599316,0.14543485641479492,0.8059999942779541,0.47360000014305115
YGR001C,YER123W,0,-6.5993295,0.14540863037109375,0.8059999942779541,0.47369998693466187
YDL224C,YIL091C,0,-6.5997047,0.14538238942623138,0.8059999942779541,0.47380000352859497
YPL194W,YPL095C,0,-6.600061,0.1453561782836914,0.8059999942779541,0.4738999903202057
YMR237W,YBR142W,0,-6.60008,0.14532996714115143,0.8059999942779541,0.4740000069141388
YGL035C,YDL006W,0,-6.6006002,0.14530377089977264,0.8059999942779541,0.4740999937057495
YER003C,YDR115W,0,-6.6007314,0.14527757465839386,0.8059999942779541,0.4742000102996826
YKL110C,YKR029C,0,-6.60113,0.14525139331817627,0.8059999942779541,0.47429999709129333
YOL130W,YNR003C,0,-6.6011934,0.14522522687911987,0.8059999942779541,0.47440001368522644
YLL027W,YOR234C,0,-6.6011944,0.14519906044006348,0.8059999942779541,0.47450000047683716
YNL191W,YNL274C,0,-6.601262,0.14517290890216827,0.8059999942779541,0.4745999872684479
YNL072W,YER018C,0,-6.6014376,0.14514677226543427,0.8059999942779541,0.474700003862381
YFL033C,YFL045C,0,-6.6015887,0.14512063562870026,0.8059999942779541,0.4747999906539917
YDR447C,YFL045C,0,-6.6016498,0.14509451389312744,0.8059999942779541,0.4749000072479248
YNL191W,YPL072W,0,-6.601674,0.14506839215755463,0.8059999942779541,0.4749999940395355
YLR206W,YNL093W,1,-6.601821,0.1452222466468811,0.8069999814033508,0.4749999940395355
YAR015W,YPL078C,0,-6.601929,0.1451961100101471,0.8069999814033508,0.47510001063346863
YMR228W,YDR195W,0,-6.602129,0.14516998827457428,0.8069999814033508,0.47519999742507935
YGR135W,YPL225W,0,-6.6022143,0.14514388144016266,0.8069999814033508,0.47530001401901245
YER007W,YDR451C,0,-6.602285,0.14511778950691223,0.8069999814033508,0.47540000081062317
YJR046W,YKL056C,0,-6.6026216,0.1450916975736618,0.8069999814033508,0.4754999876022339
YHR165C,YNL201C,0,-6.602767,0.14506560564041138,0.8069999814033508,0.475600004196167
YHL006C,YIL173W,0,-6.604008,0.14503954350948334,0.8069999814033508,0.4756999909877777
YDL171C,YPL244C,0,-6.6043053,0.1450134813785553,0.8069999814033508,0.4758000075817108
YOL095C,YDR296W,0,-6.604973,0.14498741924762726,0.8069999814033508,0.47589999437332153
YER153C,YBR229C,0,-6.60501,0.1449613869190216,0.8069999814033508,0.47600001096725464
YDL192W,YOL033W,0,-6.6051483,0.14493533968925476,0.8069999814033508,0.47609999775886536
YER044C-A,YGR199W,0,-6.605359,0.1449093222618103,0.8069999814033508,0.47620001435279846
YJR043C,YKL141W,0,-6.6054645,0.14488330483436584,0.8069999814033508,0.4763000011444092
YER042W,YDL212W,0,-6.605608,0.14485730230808258,0.8069999814033508,0.4763999879360199
YPR033C,YML043C,0,-6.606191,0.14483129978179932,0.8069999814033508,0.476500004529953
YKR069W,YGL189C,0,-6.606471,0.14480531215667725,0.8069999814033508,0.4765999913215637
YMR211W,YLR272C,0,-6.60684,0.14477933943271637,0.8069999814033508,0.4767000079154968
YBL027W,YBR067C,0,-6.607599,0.1447533667087555,0.8069999814033508,0.47679999470710754
YGR003W,YPL088W,0,-6.607892,0.1447274088859558,0.8069999814033508,0.47690001130104065
YBR021W,YDR190C,0,-6.6079364,0.14470145106315613,0.8069999814033508,0.47699999809265137
YDR064W,YHR112C,0,-6.608681,0.14467550814151764,0.8069999814033508,0.4771000146865845
YPL112C,YBR044C,0,-6.608798,0.14464958012104034,0.8069999814033508,0.4772000014781952
YPL155C,YIL144W,0,-6.6090865,0.14462365210056305,0.8069999814033508,0.4772999882698059
YBR091C,YGL026C,0,-6.6092896,0.14459773898124695,0.8069999814033508,0.477400004863739
YMR138W,YPR161C,0,-6.609614,0.14457184076309204,0.8069999814033508,0.47749999165534973
YML116W,YMR237W,0,-6.6102924,0.14454594254493713,0.8069999814033508,0.47760000824928284
YDL208W,YNL169C,0,-6.610408,0.14452005922794342,0.8069999814033508,0.47769999504089355
YPL211W,YEL024W,0,-6.6106653,0.1444941759109497,0.8069999814033508,0.47780001163482666
YDL174C,YMR080C,0,-6.610678,0.1444683074951172,0.8069999814033508,0.4778999984264374
YHR168W,YDR217C,0,-6.6108055,0.14444245398044586,0.8069999814033508,0.4779999852180481
YFL003C,YMR054W,0,-6.6110516,0.14441660046577454,0.8069999814033508,0.4781000018119812
YGL222C,YGR248W,0,-6.6111064,0.1443907618522644,0.8069999814033508,0.4781999886035919
YBR179C,YPL050C,0,-6.611213,0.14436493813991547,0.8069999814033508,0.478300005197525
YOR267C,YAR018C,0,-6.6115737,0.14433911442756653,0.8069999814033508,0.47839999198913574
YNL240C,YLL034C,0,-6.611792,0.14431330561637878,0.8069999814033508,0.47850000858306885
YOR142W,YLR139C,0,-6.612381,0.14428749680519104,0.8069999814033508,0.47859999537467957
YOR048C,YDL150W,0,-6.6127944,0.1442617028951645,0.8069999814033508,0.47870001196861267
YJR017C,YIR025W,0,-6.613511,0.14423592388629913,0.8069999814033508,0.4787999987602234
YDR268W,YDR247W,0,-6.6137424,0.14421014487743378,0.8069999814033508,0.4788999855518341
YER007W,YGL076C,0,-6.613772,0.14418438076972961,0.8069999814033508,0.4790000021457672
YCR105W,YML046W,0,-6.6138563,0.14415863156318665,0.8069999814033508,0.47909998893737793
YPL137C,YIL126W,0,-6.6139493,0.14413288235664368,0.8069999814033508,0.47920000553131104
YPR002W,YLR209C,0,-6.614085,0.1441071480512619,0.8069999814033508,0.47929999232292175
YFR036W,YCR077C,0,-6.614541,0.14408141374588013,0.8069999814033508,0.47940000891685486
YOR216C,YNL222W,0,-6.614547,0.14405569434165955,0.8069999814033508,0.4794999957084656
YLR056W,YCR028C,1,-6.6146994,0.14420846104621887,0.8080000281333923,0.4794999957084656
YDL240W,YER162C,0,-6.6149487,0.1441827267408371,0.8080000281333923,0.4796000123023987
YPL233W,YOL154W,0,-6.615425,0.14415700733661652,0.8080000281333923,0.4796999990940094
YOR346W,YMR236W,0,-6.61555,0.14413128793239594,0.8080000281333923,0.4797999858856201
YKL198C,YLL013C,0,-6.6155906,0.14410558342933655,0.8080000281333923,0.4799000024795532
YBR185C,YDR536W,0,-6.615659,0.14407987892627716,0.8080000281333923,0.47999998927116394
YNL148C,YBR188C,0,-6.6157846,0.14405420422554016,0.8080000281333923,0.48010000586509705
YIL111W,YPL041C,0,-6.615808,0.14402851462364197,0.8080000281333923,0.48019999265670776
YMR228W,YJL222W,0,-6.6161666,0.14400285482406616,0.8080000281333923,0.48030000925064087
YDR150W,YBL093C,0,-6.616176,0.14397719502449036,0.8080000281333923,0.4803999960422516
YBR257W,YBR267W,0,-6.6164303,0.14395153522491455,0.8080000281333923,0.4805000126361847
YCR065W,YIL173W,0,-6.616657,0.14392590522766113,0.8080000281333923,0.4805999994277954
YOR297C,YER082C,0,-6.6170764,0.14390026032924652,0.8080000281333923,0.48069998621940613
YBR135W,YHR019C,0,-6.617515,0.1438746452331543,0.8080000281333923,0.48080000281333923
YCR040W,YHR157W,0,-6.6177373,0.14384903013706207,0.8080000281333923,0.48089998960494995
YBL009W,YNL310C,0,-6.617767,0.14382342994213104,0.8080000281333923,0.48100000619888306
YEL001C,YIL031W,0,-6.6177697,0.1437978297472,0.8080000281333923,0.4810999929904938
YLL066C,YOL138C,0,-6.6179266,0.14377224445343018,0.8080000281333923,0.4812000095844269
YHR166C,YDR489W,0,-6.6190863,0.14374665915966034,0.8080000281333923,0.4812999963760376
YDR110W,YBR171W,0,-6.6193194,0.1437210887670517,0.8080000281333923,0.4814000129699707
YBR097W,YMR051C,0,-6.6197066,0.14369553327560425,0.8080000281333923,0.4814999997615814
YDR270W,YDR238C,0,-6.6198707,0.143669992685318,0.8080000281333923,0.48159998655319214
YHR209W,YNL283C,0,-6.6205106,0.14364443719387054,0.8080000281333923,0.48170000314712524
YBR050C,YPL162C,0,-6.6205506,0.14361891150474548,0.8080000281333923,0.48179998993873596
YBR153W,YKR029C,0,-6.6205792,0.14359338581562042,0.8080000281333923,0.48190000653266907
YPL271W,YDR266C,0,-6.620617,0.14356787502765656,0.8080000281333923,0.4819999933242798
YOL108C,YKR022C,0,-6.6207066,0.1435423642396927,0.8080000281333923,0.4821000099182129
YLR147C,YNL305C,0,-6.6210046,0.14351686835289001,0.8080000281333923,0.4821999967098236
YOR178C,YBR097W,0,-6.62118,0.14349138736724854,0.8080000281333923,0.4823000133037567
YGL063W,YDR477W,0,-6.6212106,0.14346590638160706,0.8080000281333923,0.48240000009536743
YPR073C,YHR088W,0,-6.6214323,0.14344044029712677,0.8080000281333923,0.48249998688697815
YLR260W,YKL164C,0,-6.621633,0.14341497421264648,0.8080000281333923,0.48260000348091125
YNL027W,YGL077C,0,-6.6218596,0.1433895230293274,0.8080000281333923,0.482699990272522
YJR055W,YJR104C,0,-6.621939,0.1433640867471695,0.8080000281333923,0.4828000068664551
YJR104C,YER078C,0,-6.622,0.1433386504650116,0.8080000281333923,0.4828999936580658
YDL090C,YGL093W,0,-6.6220984,0.1433132290840149,0.8080000281333923,0.4830000102519989
YNL037C,YOR229W,0,-6.6221366,0.14328782260417938,0.8080000281333923,0.4830999970436096
YBR123C,YBR108W,0,-6.6222405,0.14326241612434387,0.8080000281333923,0.4832000136375427
YIR015W,YPR097W,0,-6.6222878,0.14323700964450836,0.8080000281333923,0.48330000042915344
YHL038C,YOR100C,0,-6.6225076,0.14321163296699524,0.8080000281333923,0.48339998722076416
YPL145C,YDR177W,1,-6.6225295,0.14336346089839935,0.8090000152587891,0.48339998722076416
YER016W,YML128C,0,-6.622665,0.14333805441856384,0.8090000152587891,0.48350000381469727
YKL060C,YNL221C,0,-6.623075,0.14331266283988953,0.8090000152587891,0.483599990606308
YDR524C,YNR030W,0,-6.6231046,0.1432872861623764,0.8090000152587891,0.4837000072002411
YGL178W,YGR030C,0,-6.6232333,0.14326190948486328,0.8090000152587891,0.4837999939918518
YIL019W,YNL103W,0,-6.623892,0.14323654770851135,0.8090000152587891,0.4839000105857849
YGL026C,YDR200C,0,-6.6239944,0.14321118593215942,0.8090000152587891,0.48399999737739563
YML102W,YMR228W,0,-6.6243978,0.1431858390569687,0.8090000152587891,0.48410001397132874
YHR011W,YBR081C,0,-6.6244154,0.14316050708293915,0.8090000152587891,0.48420000076293945
YJL101C,YBL004W,0,-6.62445,0.1431351751089096,0.8090000152587891,0.48429998755455017
YBR145W,YBR067C,0,-6.6246023,0.14310985803604126,0.8090000152587891,0.4844000041484833
YGR271C-A,YOR356W,0,-6.624964,0.1430845409631729,0.8090000152587891,0.484499990940094
YBL026W,YOR368W,0,-6.62517,0.14305923879146576,0.8090000152587891,0.4846000075340271
YBR200W,YNL058C,0,-6.625171,0.1430339515209198,0.8090000152587891,0.4846999943256378
YBR145W,YOR340C,0,-6.625337,0.14300866425037384,0.8090000152587891,0.4848000109195709
YNR041C,YGL150C,0,-6.6258564,0.14298339188098907,0.8090000152587891,0.48489999771118164
YPL177C,YDR266C,0,-6.625884,0.1429581195116043,0.8090000152587891,0.48500001430511475
YDR432W,YMR247C,0,-6.6259255,0.14293286204338074,0.8090000152587891,0.48510000109672546
YCL032W,YOR045W,0,-6.626039,0.14290761947631836,0.8090000152587891,0.4851999878883362
YDR126W,YOR172W,0,-6.626055,0.14288237690925598,0.8090000152587891,0.4853000044822693
YLR395C,YKL189W,0,-6.6265526,0.1428571492433548,0.8090000152587891,0.48539999127388
YMR256C,YNL294C,0,-6.6269574,0.1428319215774536,0.8090000152587891,0.4855000078678131
YDL045C,YBL100W-B,0,-6.627004,0.14280670881271362,0.8090000152587891,0.48559999465942383
YOR130C,YNL066W,0,-6.627505,0.14278151094913483,0.8090000152587891,0.48570001125335693
YBR023C,YGR075C,0,-6.6275473,0.14275631308555603,0.8090000152587891,0.48579999804496765
YJR060W,YFR006W,0,-6.6280065,0.14273111522197723,0.8090000152587891,0.48590001463890076
YLL057C,YDR318W,0,-6.6283813,0.14270594716072083,0.8090000152587891,0.4860000014305115
YJR089W,YDL178W,0,-6.628979,0.14268077909946442,0.8090000152587891,0.4860999882221222
YDR436W,YBR263W,0,-6.6290135,0.142655611038208,0.8090000152587891,0.4862000048160553
YDL243C,YGL003C,0,-6.6291385,0.142630472779274,0.8090000152587891,0.486299991607666
YDR256C,YDR073W,0,-6.629494,0.14260531961917877,0.8090000152587891,0.4864000082015991
YGR091W,YDR073W,0,-6.629896,0.14258019626140594,0.8090000152587891,0.48649999499320984
YGR165W,YNR026C,0,-6.6302743,0.14255507290363312,0.8090000152587891,0.48660001158714294
YOR303W,YPL058C,0,-6.6303296,0.1425299495458603,0.8090000152587891,0.48669999837875366
YGL001C,YJL103C,0,-6.6305366,0.14250484108924866,0.8090000152587891,0.4867999851703644
YPR183W,YMR091C,0,-6.630694,0.14247974753379822,0.8090000152587891,0.4869000017642975
YOR078W,YNL091W,0,-6.630766,0.14245465397834778,0.8090000152587891,0.4869999885559082
YNL281W,YDL130W,0,-6.630884,0.14242957532405853,0.8090000152587891,0.4871000051498413
YLR227C,YMR099C,0,-6.6310706,0.14240451157093048,0.8090000152587891,0.487199991941452
YJL106W,YPL153C,0,-6.6315,0.14237944781780243,0.8090000152587891,0.48730000853538513
YBR031W,YJL213W,0,-6.6317034,0.14235438406467438,0.8090000152587891,0.48739999532699585
YNL015W,YDR416W,0,-6.631724,0.1423293501138687,0.8090000152587891,0.48750001192092896
YER061C,YOL132W,0,-6.6321254,0.14230431616306305,0.8090000152587891,0.4875999987125397
YOR074C,YDL140C,0,-6.6324363,0.14227928221225739,0.8090000152587891,0.4876999855041504
YGL169W,YKL175W,0,-6.632489,0.14225426316261292,0.8090000152587891,0.4878000020980835
YCL029C,YIL022W,0,-6.6327815,0.14222925901412964,0.8090000152587891,0.4878999888896942
YDL007W,YDL119C,0,-6.6330605,0.14220425486564636,0.8090000152587891,0.4880000054836273
YJL214W,YDR329C,0,-6.6334558,0.14217926561832428,0.8090000152587891,0.48809999227523804
YHR128W,YKL029C,0,-6.6336474,0.1421542763710022,0.8090000152587891,0.48820000886917114
YNL106C,YPL032C,1,-6.6338124,0.14230498671531677,0.8100000023841858,0.48820000886917114
YPR006C,YDR287W,0,-6.6342654,0.1422799974679947,0.8100000023841858,0.48829999566078186
YMR109W,YOR327C,1,-6.6343126,0.1424306333065033,0.8109999895095825,0.48829999566078186
YOL013C,YML010W,0,-6.6343884,0.14240561425685883,0.8109999895095825,0.48840001225471497
YML072C,YBL060W,0,-6.634521,0.14238062500953674,0.8109999895095825,0.4884999990463257
YLR119W,YMR146C,0,-6.6345615,0.14235562086105347,0.8109999895095825,0.4885999858379364
YIR033W,YGL062W,0,-6.6346436,0.14233064651489258,0.8109999895095825,0.4887000024318695
YJR009C,YDR262W,0,-6.6350207,0.1423056721687317,0.8109999895095825,0.4887999892234802
YML019W,YPL012W,0,-6.6351905,0.1422806978225708,0.8109999895095825,0.48890000581741333
YFR019W,YMR177W,0,-6.635273,0.1422557383775711,0.8109999895095825,0.48899999260902405
YHR059W,YBR228W,0,-6.6355085,0.1422307938337326,0.8109999895095825,0.48910000920295715
YGR216C,YGL192W,0,-6.6356063,0.1422058492898941,0.8109999895095825,0.48919999599456787
YER027C,YBL068W,0,-6.6358647,0.1421809196472168,0.8109999895095825,0.489300012588501
YBR001C,YML133C,0,-6.6359305,0.14215600490570068,0.8109999895095825,0.4893999993801117
YGR224W,YOR284W,0,-6.6363854,0.14213109016418457,0.8109999895095825,0.4894999861717224
YOR226C,YDR208W,0,-6.636422,0.14210619032382965,0.8109999895095825,0.4896000027656555
YGL251C,YPR006C,0,-6.6365876,0.14208129048347473,0.8109999895095825,0.48969998955726624
YDL240W,YOR140W,0,-6.6366143,0.142056405544281,0.8109999895095825,0.48980000615119934
YLR215C,YLL040C,0,-6.63707,0.14203152060508728,0.8109999895095825,0.48989999294281006
YFR014C,YLR205C,0,-6.63711,0.14200665056705475,0.8109999895095825,0.49000000953674316
YKR100C,YHR202W,0,-6.6372304,0.1419817954301834,0.8109999895095825,0.4900999963283539
YPL061W,YDR292C,0,-6.6372714,0.14195694029331207,0.8109999895095825,0.490200012922287
YLR439W,YMR183C,0,-6.637855,0.14193210005760193,0.8109999895095825,0.4902999997138977
YJL174W,YNL178W,0,-6.6378837,0.14190725982189178,0.8109999895095825,0.4903999865055084
YKR022C,YER103W,0,-6.6379223,0.14188243448734283,0.8109999895095825,0.49050000309944153
YHR141C,YLR167W,0,-6.638243,0.14185762405395508,0.8109999895095825,0.49059998989105225
YKR039W,YJR135C,0,-6.6392083,0.14183281362056732,0.8109999895095825,0.49070000648498535
YKL093W,YIR033W,0,-6.639296,0.14180800318717957,0.8109999895095825,0.49079999327659607
YLR085C,YOR388C,0,-6.6393423,0.1417832225561142,0.8109999895095825,0.4909000098705292
YCR012W,YGR170W,0,-6.6395807,0.14175842702388763,0.8109999895095825,0.4909999966621399
YEL015W,YLR186W,0,-6.639912,0.14173366129398346,0.8109999895095825,0.491100013256073
YNL331C,YFL056C,0,-6.6407843,0.14170889556407928,0.8109999895095825,0.4912000000476837
YOL023W,YOR334W,0,-6.6410055,0.1416841298341751,0.8109999895095825,0.49129998683929443
YDR297W,YPR095C,0,-6.6410065,0.14165939390659332,0.8109999895095825,0.49140000343322754
YGR120C,YMR228W,0,-6.641035,0.14163464307785034,0.8109999895095825,0.49149999022483826
YKR082W,YER098W,0,-6.641085,0.14160992205142975,0.8109999895095825,0.49160000681877136
YKR034W,YGR099W,0,-6.6415496,0.14158520102500916,0.8109999895095825,0.4916999936103821
YLR370C,YOR351C,0,-6.641633,0.14156047999858856,0.8109999895095825,0.4918000102043152
YDL243C,YPL118W,0,-6.641673,0.14153577387332916,0.8109999895095825,0.4918999969959259
YER032W,YPL094C,0,-6.641746,0.14151108264923096,0.8109999895095825,0.492000013589859
YLL051C,YNR061C,0,-6.642689,0.14148639142513275,0.8109999895095825,0.4921000003814697
YCR063W,YOR106W,0,-6.642946,0.14146171510219574,0.8109999895095825,0.49219998717308044
YJR065C,YNR012W,0,-6.6434507,0.14143703877925873,0.8109999895095825,0.49230000376701355
YLR284C,YCR073C,0,-6.6435113,0.1414123773574829,0.8109999895095825,0.49239999055862427
YER141W,YOR247W,0,-6.6438193,0.1413877308368683,0.8109999895095825,0.4925000071525574
YMR014W,YOL158C,0,-6.6439276,0.14136308431625366,0.8109999895095825,0.4925999939441681
YOR234C,YMR236W,0,-6.644171,0.14133845269680023,0.8109999895095825,0.4927000105381012
YMR225C,YOL080C,0,-6.6441846,0.1413138210773468,0.8109999895095825,0.4927999973297119
YPR100W,YOL001W,0,-6.644444,0.14128920435905457,0.8109999895095825,0.492900013923645
YOR253W,YLL056C,0,-6.644996,0.14126458764076233,0.8109999895095825,0.49300000071525574
YJR078W,YLR285W,0,-6.6452107,0.1412399858236313,0.8109999895095825,0.49309998750686646
YPL058C,YPL007C,0,-6.6454687,0.14121539890766144,0.8109999895095825,0.49320000410079956
YBR126C,YHR003C,0,-6.6458263,0.1411908119916916,0.8109999895095825,0.4932999908924103
YDR364C,YNL061W,0,-6.646317,0.14116622507572174,0.8109999895095825,0.4934000074863434
YER127W,YGR274C,0,-6.6464305,0.14114166796207428,0.8109999895095825,0.4934999942779541
YPR183W,YJL171C,0,-6.646738,0.14111711084842682,0.8109999895095825,0.4936000108718872
YLR309C,YDL105W,0,-6.6468062,0.14109255373477936,0.8109999895095825,0.4936999976634979
YBL019W,YPL024W,0,-6.64724,0.1410680115222931,0.8109999895095825,0.49380001425743103
YLR190W,YIL053W,0,-6.6478667,0.14104348421096802,0.8109999895095825,0.49390000104904175
YKR082W,YIL037C,0,-6.6480145,0.14101895689964294,0.8109999895095825,0.49399998784065247
YCR107W,YMR060C,0,-6.6485057,0.14099442958831787,0.8109999895095825,0.49410000443458557
YBL071W-A,YGR161C,0,-6.6485558,0.14096993207931519,0.8109999895095825,0.4941999912261963
YPR057W,YER023W,0,-6.648726,0.1409454345703125,0.8109999895095825,0.4943000078201294
YJR160C,YIL064W,0,-6.6487646,0.14092093706130981,0.8109999895095825,0.4943999946117401
YJL041W,YBR012W-A,0,-6.6488976,0.14089645445346832,0.8109999895095825,0.4945000112056732
YDR262W,YPR114W,0,-6.6495605,0.14087198674678802,0.8109999895095825,0.49459999799728394
YIL021W,YGR275W,0,-6.6496167,0.14084751904010773,0.8109999895095825,0.49470001459121704
YER166W,YNL227C,1,-6.6500244,0.14099669456481934,0.8119999766349792,0.49470001459121704
YHR061C,YPR164W,0,-6.6506076,0.14097222685813904,0.8119999766349792,0.49480000138282776
YLR138W,YLR424W,0,-6.6507554,0.14094775915145874,0.8119999766349792,0.4948999881744385
YGL245W,YDL159W,0,-6.6509757,0.14092329144477844,0.8119999766349792,0.4950000047683716
YKR039W,YJR051W,0,-6.6512203,0.14089883863925934,0.8119999766349792,0.4950999915599823
YLR056W,YIR006C,1,-6.651224,0.1410478800535202,0.8130000233650208,0.4950999915599823
YPL095C,YPR091C,0,-6.651371,0.1410234123468399,0.8130000233650208,0.4952000081539154
YOL003C,YGL186C,0,-6.651465,0.1409989595413208,0.8130000233650208,0.4952999949455261
YGL009C,YMR308C,0,-6.651587,0.1409745067358017,0.8130000233650208,0.49540001153945923
YDR294C,YPL225W,0,-6.6515937,0.1409500688314438,0.8130000233650208,0.49549999833106995
YJR152W,YKR046C,0,-6.6518517,0.14092563092708588,0.8130000233650208,0.49559998512268066
YMR186W,YBR241C,0,-6.652218,0.14090120792388916,0.8130000233650208,0.49570000171661377
YBR196C,YDL098C,0,-6.6524773,0.14087679982185364,0.8130000233650208,0.4957999885082245
YKL053C-A,YGL064C,0,-6.652822,0.14085239171981812,0.8130000233650208,0.4959000051021576
YMR199W,YLL036C,0,-6.6533656,0.1408279985189438,0.8130000233650208,0.4959999918937683
YIL162W,YDR128W,0,-6.6534915,0.14080360531806946,0.8130000233650208,0.4961000084877014
YOR269W,YGR063C,0,-6.653666,0.14077922701835632,0.8130000233650208,0.49619999527931213
YDR110W,YDR244W,0,-6.654235,0.1407548487186432,0.8130000233650208,0.49630001187324524
YPR192W,YBR228W,0,-6.654536,0.14073048532009125,0.8130000233650208,0.49639999866485596
YNL331C,YBL063W,0,-6.655168,0.1407061219215393,0.8130000233650208,0.4964999854564667
YMR267W,YJL213W,0,-6.655276,0.14068177342414856,0.8130000233650208,0.4966000020503998
YGL156W,YJL194W,0,-6.655297,0.140657439827919,0.8130000233650208,0.4966999888420105
YLR195C,YLR385C,0,-6.655347,0.14063310623168945,0.8130000233650208,0.4968000054359436
YKL022C,YHR143W-A,0,-6.655702,0.1406087875366211,0.8130000233650208,0.4968999922275543
YNL111C,YHR038W,0,-6.6560698,0.14058446884155273,0.8130000233650208,0.4970000088214874
YEL001C,YNR034W,0,-6.656139,0.14056016504764557,0.8130000233650208,0.49709999561309814
YLR380W,YLL001W,0,-6.656199,0.1405358612537384,0.8130000233650208,0.49720001220703125
YNR049C,YBR067C,0,-6.65663,0.14051157236099243,0.8130000233650208,0.49729999899864197
YNL274C,YML118W,0,-6.65686,0.14048729836940765,0.8130000233650208,0.4973999857902527
YHL048W,YBL005W,0,-6.6570387,0.14046302437782288,0.8130000233650208,0.4975000023841858
YER126C,YFL038C,0,-6.657413,0.1404387652873993,0.8130000233650208,0.4975999891757965
YER165W,YDL235C,0,-6.657867,0.1404145061969757,0.8130000233650208,0.4977000057697296
YLR231C,YKR093W,0,-6.6578803,0.14039026200771332,0.8130000233650208,0.49779999256134033
YOL051W,YGR148C,0,-6.6580224,0.14036601781845093,0.8130000233650208,0.49790000915527344
YHR072W,YOL129W,0,-6.6581883,0.14034178853034973,0.8130000233650208,0.49799999594688416
YKL038W,YCL054W,0,-6.6582456,0.14031757414340973,0.8130000233650208,0.49810001254081726
YBL100W-A,YDR115W,0,-6.658692,0.14029335975646973,0.8130000233650208,0.498199999332428
YDL174C,YOR140W,0,-6.658839,0.14026914536952972,0.8130000233650208,0.4982999861240387
YPL159C,YFR034C,0,-6.6592164,0.1402449607849121,0.8130000233650208,0.4984000027179718
YOR194C,YGR266W,0,-6.6595435,0.1402207612991333,0.8130000233650208,0.4984999895095825
YDR055W,YPL175W,0,-6.659633,0.14019659161567688,0.8130000233650208,0.4986000061035156
YDR299W,YDL155W,0,-6.660379,0.14017240703105927,0.8130000233650208,0.49869999289512634
YMR229C,YNR031C,0,-6.6604285,0.14014825224876404,0.8130000233650208,0.49880000948905945
YDR016C,YGL163C,0,-6.660444,0.1401240974664688,0.8130000233650208,0.49889999628067017
YER050C,YML105C,0,-6.6604686,0.14009994268417358,0.8130000233650208,0.49900001287460327
YGR175C,YJR104C,0,-6.6605473,0.14007580280303955,0.8130000233650208,0.499099999666214
YGL254W,YLR466W,0,-6.660877,0.1400516778230667,0.8130000233650208,0.4991999864578247
YMR161W,YGR148C,0,-6.661198,0.14002755284309387,0.8130000233650208,0.4993000030517578
YDR300C,YGR005C,0,-6.6613026,0.14000344276428223,0.8130000233650208,0.49939998984336853
YOR237W,YNL032W,1,-6.66157,0.1401515156030655,0.8140000104904175,0.49939998984336853
YGR041W,YGR218W,0,-6.6618,0.14012739062309265,0.8140000104904175,0.49950000643730164
YDR288W,YNL149C,0,-6.662242,0.1401032656431198,0.8140000104904175,0.49959999322891235
YGL257C,YNR015W,0,-6.662611,0.14007915556430817,0.8140000104904175,0.49970000982284546
YGR197C,YNL058C,0,-6.662885,0.14005506038665771,0.8140000104904175,0.4997999966144562
YML101C,YML133C,0,-6.6631136,0.14003096520900726,0.8140000104904175,0.4999000132083893
YDR159W,YNL012W,0,-6.6632714,0.140006884932518,0.8140000104904175,0.5
YLR377C,YOR347C,0,-6.6637616,0.13998280465602875,0.8140000104904175,0.5001000165939331
YHR007C,YDL064W,0,-6.663935,0.13995873928070068,0.8140000104904175,0.5001999735832214
YNR033W,YER160C,0,-6.663963,0.13993467390537262,0.8140000104904175,0.5002999901771545
YPR001W,YPL186C,0,-6.664003,0.13991062343120575,0.8140000104904175,0.5004000067710876
YLR466W,YDR115W,0,-6.664252,0.13988657295703888,0.8140000104904175,0.5005000233650208
YMR285C,YCR102C,0,-6.6653657,0.1398625373840332,0.8140000104904175,0.5005999803543091
YOL105C,YNL152W,0,-6.6653767,0.13983851671218872,0.8140000104904175,0.5006999969482422
YJL167W,YBR069C,0,-6.665489,0.13981449604034424,0.8140000104904175,0.5008000135421753
YGL119W,YKL096W,0,-6.666132,0.13979049026966095,0.8140000104904175,0.5008999705314636
YLL050C,YDR446W,0,-6.666408,0.13976648449897766,0.8140000104904175,0.5009999871253967
YBR159W,YNL053W,0,-6.6671886,0.13974249362945557,0.8140000104904175,0.5011000037193298
YGR230W,YML058W,0,-6.667712,0.13971850275993347,0.8140000104904175,0.5012000203132629
YPR068C,YNL257C,0,-6.6678886,0.13969452679157257,0.8140000104904175,0.5012999773025513
YER107C,YPL088W,0,-6.6689353,0.13967055082321167,0.8140000104904175,0.5013999938964844
YHR171W,YFR028C,0,-6.668943,0.13964658975601196,0.8140000104904175,0.5015000104904175
YML031W,YJR027W,0,-6.6689725,0.13962264358997345,0.8140000104904175,0.5016000270843506
YAL056W,YLL004W,0,-6.669083,0.13959869742393494,0.8140000104904175,0.5016999840736389
YOL051W,YKR079C,0,-6.669126,0.13957476615905762,0.8140000104904175,0.501800000667572
YGR152C,YKR078W,0,-6.669538,0.1395508348941803,0.8140000104904175,0.5019000172615051
YOL033W,YJR059W,0,-6.6697607,0.13952691853046417,0.8140000104904175,0.5019999742507935
YMR009W,YGR251W,0,-6.6701307,0.13950300216674805,0.8140000104904175,0.5020999908447266
YGR113W,YHR065C,0,-6.670521,0.13947910070419312,0.8140000104904175,0.5022000074386597
YBR241C,YIL172C,0,-6.670922,0.13945519924163818,0.8140000104904175,0.5023000240325928
YMR220W,YER054C,0,-6.670939,0.13943131268024445,0.8140000104904175,0.5023999810218811
YHR120W,YPR103W,0,-6.670975,0.1394074261188507,0.8140000104904175,0.5024999976158142
YOR278W,YLR178C,0,-6.6711636,0.13938355445861816,0.8140000104904175,0.5026000142097473
YHR111W,YDR541C,0,-6.671224,0.13935969769954681,0.8140000104904175,0.5026999711990356
YHR209W,YOR083W,0,-6.6715612,0.13933584094047546,0.8140000104904175,0.5027999877929688
YMR204C,YOL088C,0,-6.67181,0.1393119990825653,0.8140000104904175,0.5029000043869019
YMR167W,YER049W,0,-6.671847,0.13928815722465515,0.8140000104904175,0.503000020980835
YKR049C,YAL015C,0,-6.672115,0.1392643302679062,0.8140000104904175,0.5030999779701233
YLR059C,YLL056C,0,-6.672252,0.13924050331115723,0.8140000104904175,0.5031999945640564
YHR023W,YHR056C,0,-6.6725993,0.13921669125556946,0.8140000104904175,0.5033000111579895
YNL316C,YOL105C,0,-6.672619,0.1391928791999817,0.8140000104904175,0.5034000277519226
YBR297W,YPL094C,0,-6.673072,0.13916908204555511,0.8140000104904175,0.5034999847412109
YJL081C,YPR151C,0,-6.673195,0.13914529979228973,0.8140000104904175,0.503600001335144
YGL254W,YHR048W,0,-6.6742673,0.13912151753902435,0.8140000104904175,0.5037000179290771
YKR061W,YDR190C,0,-6.674308,0.13909775018692017,0.8140000104904175,0.5037999749183655
YMR014W,YDL168W,0,-6.674492,0.13907398283481598,0.8140000104904175,0.5038999915122986
YGR191W,YMR061W,0,-6.674726,0.1390502154827118,0.8140000104904175,0.5040000081062317
YPL156C,YFL017W-A,0,-6.6748204,0.13902647793293,0.8140000104904175,0.5041000247001648
YDR151C,YPL138C,0,-6.6748934,0.139002725481987,0.8140000104904175,0.5041999816894531
YEL066W,YMR214W,0,-6.675321,0.1389790028333664,0.8140000104904175,0.5042999982833862
YBL038W,YDL212W,0,-6.675569,0.1389552801847458,0.8140000104904175,0.5044000148773193
YHR096C,YPL246C,0,-6.67572,0.13893155753612518,0.8140000104904175,0.5044999718666077
YIR004W,YMR060C,0,-6.675778,0.13890784978866577,0.8140000104904175,0.5045999884605408
YMR266W,YNL046W,0,-6.6758475,0.13888414204120636,0.8140000104904175,0.5047000050544739
YIL056W,YDL180W,0,-6.676143,0.13886046409606934,0.8140000104904175,0.504800021648407
YOR005C,YGL141W,0,-6.6762733,0.13883677124977112,0.8140000104904175,0.5048999786376953
YCL025C,YGR169C,0,-6.6763115,0.1388130933046341,0.8140000104904175,0.5049999952316284
YNL185C,YOL001W,0,-6.676508,0.13878943026065826,0.8140000104904175,0.5051000118255615
YCL054W,YPL066W,0,-6.67703,0.13876576721668243,0.8140000104904175,0.5052000284194946
YCL029C,YBR016W,0,-6.6779056,0.1387421190738678,0.8140000104904175,0.505299985408783
YPL193W,YBL005W-B,0,-6.6783233,0.13871847093105316,0.8140000104904175,0.5054000020027161
YML054C,YKL176C,0,-6.6788163,0.13869483768939972,0.8140000104904175,0.5055000185966492
YKR013W,YOR157C,0,-6.6790853,0.13867120444774628,0.8140000104904175,0.5055999755859375
YJL136C,YNL045W,0,-6.6792035,0.13864758610725403,0.8140000104904175,0.5056999921798706
YAL068C,YGL198W,0,-6.679508,0.13862398266792297,0.8140000104904175,0.5058000087738037
YBL085W,YHL008C,0,-6.6795106,0.13860037922859192,0.8140000104904175,0.5059000253677368
YML052W,YPL032C,1,-6.679665,0.13874702155590057,0.8149999976158142,0.5059000253677368
YDR304C,YJR160C,0,-6.679768,0.13872340321540833,0.8149999976158142,0.5059999823570251
YJR104C,YJL109C,0,-6.680039,0.13869979977607727,0.8149999976158142,0.5060999989509583
YGR199W,YBR139W,0,-6.6802583,0.13867619633674622,0.8149999976158142,0.5062000155448914
YCR053W,YHR016C,1,-6.6802783,0.1388227343559265,0.8159999847412109,0.5062000155448914
YDL033C,YPL225W,0,-6.6804557,0.13879911601543427,0.8159999847412109,0.5062999725341797
YOL105C,YER031C,0,-6.680653,0.1387755125761032,0.8159999847412109,0.5063999891281128
YMR169C,YLL051C,0,-6.680879,0.13875190913677216,0.8159999847412109,0.5065000057220459
YNL259C,YHR158C,0,-6.6809435,0.1387283205986023,0.8159999847412109,0.506600022315979
YDR322W,YPL186C,0,-6.6814694,0.13870474696159363,0.8159999847412109,0.5066999793052673
YAL051W,YGL055W,0,-6.681586,0.13868117332458496,0.8159999847412109,0.5067999958992004
YEL063C,YER023W,0,-6.6820254,0.1386575996875763,0.8159999847412109,0.5069000124931335
YGL089C,YBR108W,0,-6.682104,0.13863404095172882,0.8159999847412109,0.5070000290870667
YCL026C-B,YGR148C,0,-6.6827397,0.13861049711704254,0.8159999847412109,0.507099986076355
YKL002W,YKL041W,0,-6.6829658,0.13858695328235626,0.8159999847412109,0.5072000026702881
YIL002C,YCR053W,1,-6.683649,0.13873323798179626,0.8169999718666077,0.5072000026702881
YER020W,YDL211C,0,-6.684008,0.1387096792459488,0.8169999718666077,0.5073000192642212
YLR291C,YHR012W,0,-6.684213,0.1386861354112625,0.8169999718666077,0.5073999762535095
YDL088C,YEL004W,0,-6.6842647,0.13866259157657623,0.8169999718666077,0.5074999928474426
YCL064C,YJR090C,0,-6.684352,0.13863906264305115,0.8169999718666077,0.5076000094413757
YGL064C,YIL156W,0,-6.684607,0.13861554861068726,0.8169999718666077,0.5077000260353088
YKL195W,YML014W,0,-6.6848583,0.13859203457832336,0.8169999718666077,0.5077999830245972
YPL181W,YML094W,0,-6.6853557,0.13856852054595947,0.8169999718666077,0.5078999996185303
YER106W,YML029W,0,-6.6855035,0.13854502141475677,0.8169999718666077,0.5080000162124634
YGL150C,YGL137W,0,-6.685535,0.13852153718471527,0.8169999718666077,0.5080999732017517
YOR312C,YMR270C,0,-6.685562,0.13849805295467377,0.8169999718666077,0.5081999897956848
YDR436W,YBL100W-A,0,-6.6861253,0.13847458362579346,0.8169999718666077,0.5083000063896179
YDL243C,YDL061C,0,-6.6864915,0.13845111429691315,0.8169999718666077,0.508400022983551
YHL003C,YDL044C,0,-6.6865354,0.13842764496803284,0.8169999718666077,0.5084999799728394
YOR145C,YNL190W,0,-6.6865892,0.13840420544147491,0.8169999718666077,0.5085999965667725
YKL170W,YCR057C,0,-6.6870685,0.138380765914917,0.8169999718666077,0.5087000131607056
YHR123W,YLR248W,0,-6.6872687,0.13835732638835907,0.8169999718666077,0.5088000297546387
YMR129W,YKL125W,0,-6.6877446,0.13833390176296234,0.8169999718666077,0.508899986743927
YKL192C,YBL100W-B,0,-6.6878514,0.1383104771375656,0.8169999718666077,0.5090000033378601
YDR055W,YOL125W,0,-6.6879077,0.13828706741333008,0.8169999718666077,0.5091000199317932
YPL169C,YPL093W,0,-6.687928,0.13826367259025574,0.8169999718666077,0.5091999769210815
YIL052C,YLR305C,0,-6.688937,0.1382402777671814,0.8169999718666077,0.5092999935150146
YGR124W,YDL004W,0,-6.688986,0.13821688294410706,0.8169999718666077,0.5094000101089478
YER164W,YKR039W,0,-6.689144,0.1381935030221939,0.8169999718666077,0.5095000267028809
YMR256C,YGR208W,0,-6.689184,0.13817013800144196,0.8169999718666077,0.5095999836921692
YNL164C,YNL333W,0,-6.6892543,0.13814677298069,0.8169999718666077,0.5097000002861023
YKL220C,YMR104C,0,-6.689472,0.13812340795993805,0.8169999718666077,0.5098000168800354
YAL021C,YGR129W,0,-6.6896043,0.13810007274150848,0.8169999718666077,0.5098999738693237
YOL043C,YGL244W,0,-6.689999,0.13807672262191772,0.8169999718666077,0.5099999904632568
YLL018C,YNL073W,0,-6.6902013,0.13805340230464935,0.8169999718666077,0.5101000070571899
YKR039W,YGL099W,0,-6.6905174,0.1380300670862198,0.8169999718666077,0.510200023651123
YPR017C,YBR096W,0,-6.69058,0.1380067616701126,0.8169999718666077,0.5102999806404114
YJL171C,YPL150W,0,-6.690603,0.13798344135284424,0.8169999718666077,0.5103999972343445
YHR028C,YDR478W,0,-6.6906896,0.13796015083789825,0.8169999718666077,0.5105000138282776
YGR143W,YNL128W,0,-6.690845,0.13793686032295227,0.8169999718666077,0.5105999708175659
YDL099W,YKL216W,0,-6.691137,0.1379135698080063,0.8169999718666077,0.510699987411499
YJL178C,YNL061W,0,-6.691218,0.1378902941942215,0.8169999718666077,0.5108000040054321
YHR102W,YDR116C,0,-6.691239,0.1378670334815979,0.8169999718666077,0.5109000205993652
YOR048C,YKL166C,0,-6.691277,0.1378437727689743,0.8169999718666077,0.5109999775886536
YMR267W,YDL123W,0,-6.691542,0.1378205120563507,0.8169999718666077,0.5110999941825867
YKR085C,YLR357W,0,-6.691698,0.1377972662448883,0.8169999718666077,0.5112000107765198
YOL137W,YMR228W,0,-6.691751,0.1377740353345871,0.8169999718666077,0.5113000273704529
YNL264C,YCR072C,0,-6.6919575,0.1377508044242859,0.8169999718666077,0.5113999843597412
YDL079C,YPL007C,0,-6.692065,0.13772757351398468,0.8169999718666077,0.5115000009536743
YHR114W,YNR075W,1,-6.6922016,0.13787291944026947,0.8180000185966492,0.5115000009536743
YOR237W,YDL019C,1,-6.692655,0.13801820576190948,0.8190000057220459,0.5115000009536743
YLL022C,YGR198W,0,-6.693166,0.1379949450492859,0.8190000057220459,0.5116000175476074
YML095C,YOR086C,0,-6.6934133,0.1379716992378235,0.8190000057220459,0.5116999745368958
YOL013C,YGR249W,0,-6.693748,0.13794845342636108,0.8190000057220459,0.5117999911308289
YIL010W,YCR045C,0,-6.694059,0.13792522251605988,0.8190000057220459,0.511900007724762
YJR135C,YPR098C,0,-6.6944685,0.13790200650691986,0.8190000057220459,0.5120000243186951
YGR023W,YNL214W,0,-6.6945987,0.13787879049777985,0.8190000057220459,0.5120999813079834
YCR077C,YNL248C,0,-6.6953077,0.13785557448863983,0.8190000057220459,0.5121999979019165
YKL209C,YMR067C,0,-6.6953387,0.137832373380661,0.8190000057220459,0.5123000144958496
YAL063C,YBR054W,0,-6.6955714,0.13780918717384338,0.8190000057220459,0.5123999714851379
YCL011C,YLR055C,0,-6.6955748,0.13778600096702576,0.8190000057220459,0.512499988079071
YFL010W-A,YCR067C,0,-6.696016,0.13776282966136932,0.8190000057220459,0.5126000046730042
YLR051C,YPL083C,0,-6.696141,0.1377396583557129,0.8190000057220459,0.5127000212669373
YJR031C,YCR091W,0,-6.6962757,0.13771650195121765,0.8190000057220459,0.5127999782562256
YLR285W,YLR120C,0,-6.696321,0.1376933455467224,0.8190000057220459,0.5128999948501587
YKL182W,YBR057C,0,-6.696325,0.13767020404338837,0.8190000057220459,0.5130000114440918
YLR223C,YKR022C,0,-6.696529,0.13764706254005432,0.8190000057220459,0.5131000280380249
YLR395C,YDR256C,0,-6.6973596,0.13762393593788147,0.8190000057220459,0.5131999850273132
YBR214W,YCR053W,1,-6.6974196,0.13776881992816925,0.8199999928474426,0.5131999850273132
YCL034W,YNL093W,1,-6.698009,0.13791365921497345,0.8209999799728394,0.5131999850273132
YIL061C,YNL079C,0,-6.6982594,0.13789048790931702,0.8209999799728394,0.5133000016212463
YPL104W,YDR128W,0,-6.6983733,0.13786733150482178,0.8209999799728394,0.5134000182151794
YGR189C,YDR039C,0,-6.6990075,0.13784419000148773,0.8209999799728394,0.5134999752044678
YBR207W,YNL227C,1,-6.699084,0.13798892498016357,0.8220000267028809,0.5134999752044678
YKL093W,YOR252W,0,-6.6996465,0.13796575367450714,0.8220000267028809,0.5135999917984009
YHR082C,YBR263W,0,-6.700155,0.1379426121711731,0.8220000267028809,0.513700008392334
YJL030W,YNR046W,0,-6.70067,0.13791945576667786,0.8220000267028809,0.5138000249862671
YPL161C,YNL181W,0,-6.7006917,0.137896329164505,0.8220000267028809,0.5138999819755554
YNR023W,YLR345W,0,-6.7007284,0.13787320256233215,0.8220000267028809,0.5139999985694885
YML132W,YOR019W,0,-6.700819,0.1378500759601593,0.8220000267028809,0.5141000151634216
YDR440W,YCR042C,0,-6.701055,0.13782696425914764,0.8220000267028809,0.51419997215271
YER110C,YPR139C,0,-6.701109,0.137803852558136,0.8220000267028809,0.5142999887466431
YDL092W,YLR064W,0,-6.701435,0.13778075575828552,0.8220000267028809,0.5144000053405762
YOR232W,YLR130C,0,-6.701755,0.13775767385959625,0.8220000267028809,0.5145000219345093
YPR171W,YGR128C,0,-6.702006,0.1377345770597458,0.8220000267028809,0.5145999789237976
YKR099W,YGL113W,0,-6.7020965,0.1377115100622177,0.8220000267028809,0.5146999955177307
YGR062C,YGL103W,0,-6.7023296,0.13768844306468964,0.8220000267028809,0.5148000121116638
YHR013C,YKR039W,0,-6.702351,0.13766537606716156,0.8220000267028809,0.5149000287055969
YAR015W,YCR091W,0,-6.702666,0.13764232397079468,0.8220000267028809,0.5149999856948853
YGR014W,YIR003W,0,-6.702729,0.137619286775589,0.8220000267028809,0.5151000022888184
YOR351C,YIL156W,0,-6.704078,0.1375962495803833,0.8220000267028809,0.5152000188827515
YDR313C,YPR011C,0,-6.7041416,0.1375732272863388,0.8220000267028809,0.5152999758720398
YDR143C,YML106W,0,-6.7046056,0.1375502049922943,0.8220000267028809,0.5153999924659729
YBR195C,YBR228W,0,-6.704639,0.13752718269824982,0.8220000267028809,0.515500009059906
YJL198W,YGR197C,0,-6.7050395,0.13750417530536652,0.8220000267028809,0.5156000256538391
YBR230C,YIL023C,0,-6.705254,0.1374811828136444,0.8220000267028809,0.5156999826431274
YPL213W,YER074W,0,-6.7053084,0.1374581903219223,0.8220000267028809,0.5157999992370605
YDR434W,YBR096W,0,-6.705486,0.1374352127313614,0.8220000267028809,0.5159000158309937
YGL141W,YIL177C,0,-6.7056127,0.13741223514080048,0.8220000267028809,0.515999972820282
YDL079C,YBR005W,0,-6.705972,0.13738927245140076,0.8220000267028809,0.5160999894142151
YDL081C,YPR133W-A,0,-6.705978,0.13736630976200104,0.8220000267028809,0.5162000060081482
YDL083C,YEL057C,0,-6.7064705,0.1373433619737625,0.8220000267028809,0.5163000226020813
YDL154W,YAL015C,0,-6.7065353,0.137320414185524,0.8220000267028809,0.5163999795913696
YLR438C-A,YFL033C,0,-6.7066493,0.13729748129844666,0.8220000267028809,0.5164999961853027
YKR003W,YNL093W,1,-6.707039,0.13744154572486877,0.8230000138282776,0.5164999961853027
YGL093W,YBL055C,0,-6.707725,0.13741859793663025,0.8230000138282776,0.5166000127792358
YAL012W,YJL207C,0,-6.7085543,0.13739566504955292,0.8230000138282776,0.516700029373169
YMR038C,YHR090C,0,-6.708804,0.13737273216247559,0.8230000138282776,0.5167999863624573
YML121W,YGR215W,0,-6.7094455,0.13734979927539825,0.8230000138282776,0.5169000029563904
YMR300C,YDR335W,0,-6.709613,0.13732688128948212,0.8230000138282776,0.5170000195503235
YML095C,YPL010W,0,-6.7096806,0.13730396330356598,0.8230000138282776,0.5170999765396118
YBR208C,YLL004W,0,-6.709721,0.13728106021881104,0.8230000138282776,0.5171999931335449
YPR017C,YGL009C,0,-6.7098684,0.13725817203521729,0.8230000138282776,0.517300009727478
YMR129W,YOR216C,0,-6.709952,0.13723528385162354,0.8230000138282776,0.5174000263214111
YJL159W,YJL062W,0,-6.7099977,0.13721241056919098,0.8230000138282776,0.5174999833106995
YBL025W,YLR357W,0,-6.710094,0.13718953728675842,0.8230000138282776,0.5175999999046326
YOR090C,YDR451C,0,-6.7103705,0.13716666400432587,0.8230000138282776,0.5177000164985657
YJL153C,YDR131C,0,-6.7103796,0.1371438056230545,0.8230000138282776,0.517799973487854
YLL042C,YGR276C,0,-6.7107472,0.13712096214294434,0.8230000138282776,0.5178999900817871
YGL021W,YML036W,0,-6.7112417,0.13709811866283417,0.8230000138282776,0.5180000066757202
YDR120C,YGR090W,0,-6.7113066,0.1370752900838852,0.8230000138282776,0.5181000232696533
YAL040C,YJL130C,0,-6.7114835,0.13705246150493622,0.8230000138282776,0.5181999802589417
YGL166W,YJL153C,0,-6.7120824,0.13702963292598724,0.8230000138282776,0.5182999968528748
YMR149W,YBL005W-A,0,-6.712445,0.13700681924819946,0.8230000138282776,0.5184000134468079
YNL227C,YNL093W,1,-6.7129064,0.13715046644210815,0.8240000009536743,0.5184000134468079
YMR170C,YDL069C,0,-6.7129464,0.13712763786315918,0.8240000009536743,0.5184999704360962
YDR054C,YDR143C,0,-6.713333,0.1371048241853714,0.8240000009536743,0.5185999870300293
YPR159W,YMR105C,0,-6.7135205,0.13708201050758362,0.8240000009536743,0.5187000036239624
YOL149W,YLR017W,0,-6.7135673,0.13705921173095703,0.8240000009536743,0.5188000202178955
YBR256C,YGR125W,0,-6.713817,0.13703642785549164,0.8240000009536743,0.5188999772071838
YMR288W,YHR143W-A,0,-6.7139425,0.13701362907886505,0.8240000009536743,0.5189999938011169
YML094W,YHR157W,0,-6.7139845,0.13699086010456085,0.8240000009536743,0.51910001039505
YAL053W,YGR274C,0,-6.714043,0.13696809113025665,0.8240000009536743,0.5192000269889832
YPR001W,YPR141C,0,-6.714301,0.13694532215595245,0.8240000009536743,0.5192999839782715
YLR231C,YOR344C,0,-6.7149596,0.13692256808280945,0.8240000009536743,0.5194000005722046
YLR119W,YOL107W,0,-6.7149982,0.13689981400966644,0.8240000009536743,0.5195000171661377
YNR075W,YCR028C,1,-6.7151904,0.13704319298267365,0.824999988079071,0.5195000171661377
YNL227C,YHR161C,1,-6.715383,0.13718651235103607,0.8259999752044678,0.5195000171661377
YLR304C,YBR043C,0,-6.7174497,0.13716372847557068,0.8259999752044678,0.519599974155426
YML052W,YHR135C,1,-6.717563,0.13730698823928833,0.8270000219345093,0.519599974155426
YDR030C,YBR111W-A,0,-6.717608,0.13728418946266174,0.8270000219345093,0.5196999907493591
YDL229W,YBR067C,0,-6.717626,0.13726140558719635,0.8270000219345093,0.5198000073432922
YDL226C,YLL060C,0,-6.7176566,0.13723863661289215,0.8270000219345093,0.5199000239372253
YMR065W,YLR362W,0,-6.7176685,0.13721586763858795,0.8270000219345093,0.5199999809265137
YLR114C,YKR079C,0,-6.7177725,0.13719309866428375,0.8270000219345093,0.5200999975204468
YNL015W,YHL008C,0,-6.718224,0.13717034459114075,0.8270000219345093,0.5202000141143799
YLL009C,YHR194W,0,-6.7187343,0.13714759051799774,0.8270000219345093,0.5202999711036682
YPL170W,YER126C,0,-6.718791,0.13712485134601593,0.8270000219345093,0.5203999876976013
YOR180C,YGL192W,0,-6.7189307,0.1371021270751953,0.8270000219345093,0.5205000042915344
YER048W-A,YER103W,0,-6.7189336,0.1370794028043747,0.8270000219345093,0.5206000208854675
YCL004W,YGR091W,0,-6.7189584,0.13705667853355408,0.8270000219345093,0.5206999778747559
YPL213W,YKR057W,0,-6.7190375,0.13703396916389465,0.8270000219345093,0.520799994468689
YML009C,YBR216C,0,-6.7196836,0.13701125979423523,0.8270000219345093,0.5209000110626221
YNL218W,YBL004W,0,-6.720241,0.136988565325737,0.8270000219345093,0.5210000276565552
YNL183C,YCL020W,0,-6.7204585,0.13696588575839996,0.8270000219345093,0.5210999846458435
YMR068W,YCR063W,0,-6.7207236,0.13694320619106293,0.8270000219345093,0.5212000012397766
YBR110W,YPL275W,0,-6.720986,0.1369205266237259,0.8270000219345093,0.5213000178337097
YMR272C,YGR128C,0,-6.72104,0.13689786195755005,0.8270000219345093,0.521399974822998
YKR002W,YOR273C,0,-6.721237,0.1368752121925354,0.8270000219345093,0.5214999914169312
YEL017C-A,YDL214C,0,-6.721288,0.13685256242752075,0.8270000219345093,0.5216000080108643
YOR299W,YDR424C,0,-6.7216835,0.1368299126625061,0.8270000219345093,0.5217000246047974
YKL144C,YIL030C,0,-6.7217307,0.13680727779865265,0.8270000219345093,0.5217999815940857
YLR395C,YOL105C,0,-6.7220364,0.1367846578359604,0.8270000219345093,0.5218999981880188
YDR437W,YDR477W,0,-6.7223105,0.13676203787326813,0.8270000219345093,0.5220000147819519
YAL003W,YLR209C,0,-6.7223773,0.13673941791057587,0.8270000219345093,0.5220999717712402
YHR175W,YLR172C,0,-6.7226033,0.1367168128490448,0.8270000219345093,0.5221999883651733
YJL100W,YKL053C-A,0,-6.7226496,0.13669420778751373,0.8270000219345093,0.5223000049591064
YLR394W,YLR451W,0,-6.723209,0.13667161762714386,0.8270000219345093,0.5224000215530396
YFL039C,YHR016C,1,-6.7238765,0.13681428134441376,0.828000009059906,0.5224000215530396
YLR172C,YKR061W,0,-6.7247396,0.1367916762828827,0.828000009059906,0.5224999785423279
YAL028W,YHR005C-A,0,-6.7248726,0.13676907122135162,0.828000009059906,0.522599995136261
YJR055W,YKL196C,0,-6.7252603,0.13674649596214294,0.828000009059906,0.5227000117301941
YJL103C,YGL126W,0,-6.725579,0.13672390580177307,0.828000009059906,0.5228000283241272
YJL097W,YLL040C,0,-6.7256446,0.1367013305425644,0.828000009059906,0.5228999853134155
YLR214W,YPL096W,0,-6.725842,0.1366787701845169,0.828000009059906,0.5230000019073486
YBR233W-A,YDR362C,0,-6.726414,0.13665620982646942,0.828000009059906,0.5231000185012817
YDR244W,YLR453C,0,-6.7264977,0.13663366436958313,0.828000009059906,0.5231999754905701
YCR031C,YCR004C,0,-6.726665,0.13661111891269684,0.828000009059906,0.5232999920845032
YJR010W,YKR078W,0,-6.727485,0.13658858835697174,0.828000009059906,0.5234000086784363
YGL223C,YHR092C,0,-6.727513,0.13656605780124664,0.828000009059906,0.5235000252723694
YJL085W,YLR147C,0,-6.7277727,0.13654354214668274,0.828000009059906,0.5235999822616577
YLR051C,YNL274C,0,-6.7279453,0.13652102649211884,0.828000009059906,0.5236999988555908
YLR190W,YCL061C,0,-6.7279954,0.13649851083755493,0.828000009059906,0.5238000154495239
YMR251W-A,YPR074C,0,-6.7280836,0.13647602498531342,0.828000009059906,0.5238999724388123
YCL038C,YBR223C,0,-6.7282887,0.1364535242319107,0.828000009059906,0.5239999890327454
YDR011W,YML098W,0,-6.7282996,0.1364310383796692,0.828000009059906,0.5241000056266785
YBR233W-A,YDR234W,0,-6.728831,0.13640856742858887,0.828000009059906,0.5242000222206116
YOR173W,YCL075W,0,-6.729362,0.13638609647750854,0.828000009059906,0.5242999792098999
YOR145C,YOR151C,0,-6.729425,0.13636364042758942,0.828000009059906,0.524399995803833
YDR538W,YMR305C,0,-6.7296314,0.1363411843776703,0.828000009059906,0.5245000123977661
YBR023C,YKR053C,0,-6.7297964,0.13631872832775116,0.828000009059906,0.5246000289916992
YKL053C-A,YPR173C,0,-6.72987,0.13629630208015442,0.828000009059906,0.5246999859809875
YGL186C,YBR030W,0,-6.730435,0.13627386093139648,0.828000009059906,0.5248000025749207
YHR072W-A,YKR088C,0,-6.7306285,0.13625143468379974,0.828000009059906,0.5249000191688538
YDR044W,YHR121W,0,-6.730728,0.1362290233373642,0.828000009059906,0.5249999761581421
YBR217W,YNL139C,0,-6.7308726,0.13620661199092865,0.828000009059906,0.5250999927520752
YMR202W,YOL033W,0,-6.7309027,0.1361842155456543,0.828000009059906,0.5252000093460083
YNL232W,YMR086W,0,-6.7310133,0.13616181910037994,0.828000009059906,0.5253000259399414
YMR273C,YPL150W,0,-6.7311006,0.1361394226551056,0.828000009059906,0.5253999829292297
YOR036W,YEL041W,0,-6.7311735,0.13611704111099243,0.828000009059906,0.5254999995231628
YGR061C,YNL082W,0,-6.7314744,0.13609467446804047,0.828000009059906,0.525600016117096
YNL270C,YNL130C,0,-6.731532,0.1360723078250885,0.828000009059906,0.5256999731063843
YLR033W,YBR083W,0,-6.731727,0.13604995608329773,0.828000009059906,0.5257999897003174
YKL048C,YGR028W,0,-6.7319264,0.13602760434150696,0.828000009059906,0.5259000062942505
YKL220C,YOL128C,0,-6.7322636,0.1360052525997162,0.828000009059906,0.5260000228881836
YHR166C,YGR059W,0,-6.7325735,0.1359829157590866,0.828000009059906,0.5260999798774719
YDL004W,YOL101C,0,-6.7326846,0.13596059381961823,0.828000009059906,0.526199996471405
YDR511W,YDR541C,0,-6.732777,0.13593827188014984,0.828000009059906,0.5263000130653381
YLR206W,YNL227C,1,-6.7334423,0.13608010113239288,0.8289999961853027,0.5263000130653381
YOR098C,YBR093C,0,-6.7334437,0.1360577642917633,0.8289999961853027,0.5264000296592712
YJL158C,YLR042C,0,-6.733668,0.13603544235229492,0.8289999961853027,0.5264999866485596
YNL328C,YMR273C,0,-6.7337637,0.13601312041282654,0.8289999961853027,0.5266000032424927
YMR220W,YFR034C,0,-6.733801,0.13599081337451935,0.8289999961853027,0.5267000198364258
YOL128C,YJR110W,0,-6.734405,0.13596850633621216,0.8289999961853027,0.5267999768257141
YCL051W,YLR264W,0,-6.7346625,0.13594621419906616,0.8289999961853027,0.5268999934196472
YDR226W,YGL017W,0,-6.7348037,0.13592392206192017,0.8289999961853027,0.5270000100135803
YNL068C,YDL051W,0,-6.734813,0.13590164482593536,0.8289999961853027,0.5271000266075134
YHR082C,YPL167C,0,-6.73515,0.13587936758995056,0.8289999961853027,0.5271999835968018
YJL194W,YLR058C,0,-6.7351766,0.13585709035396576,0.8289999961853027,0.5273000001907349
YJR032W,YOL012C,0,-6.735432,0.13583482801914215,0.8289999961853027,0.527400016784668
YOR362C,YNL176C,0,-6.7356286,0.13581258058547974,0.8289999961853027,0.5274999737739563
YLL019C,YER127W,0,-6.7361,0.13579033315181732,0.8289999961853027,0.5275999903678894
YIL033C,YOR253W,0,-6.736379,0.1357681006193161,0.8289999961853027,0.5277000069618225
YBR241C,YCR102C,0,-6.736461,0.13574586808681488,0.8289999961853027,0.5278000235557556
YHR102W,YLR066W,0,-6.7365956,0.13572363555431366,0.8289999961853027,0.527899980545044
YOR299W,YDR144C,0,-6.73668,0.13570141792297363,0.8289999961853027,0.527999997138977
YPL019C,YNL304W,0,-6.737142,0.1356792151927948,0.8289999961853027,0.5281000137329102
YIL098C,YOR054C,0,-6.7373605,0.13565701246261597,0.8289999961853027,0.5281999707221985
YOR381W,YNL117W,0,-6.737886,0.13563480973243713,0.8289999961853027,0.5282999873161316
YMR011W,YDR055W,0,-6.737887,0.1356126219034195,0.8289999961853027,0.5284000039100647
YBR078W,YOL129W,0,-6.7381806,0.13559044897556305,0.8289999961853027,0.5285000205039978
YOR158W,YGR111W,0,-6.738187,0.1355682760477066,0.8289999961853027,0.5285999774932861
YPL130W,YGL243W,0,-6.738788,0.13554610311985016,0.8289999961853027,0.5286999940872192
YJL221C,YLR332W,0,-6.73903,0.1355239450931549,0.8289999961853027,0.5288000106811523
YGL201C,YMR097C,0,-6.739304,0.13550180196762085,0.8289999961853027,0.5289000272750854
YOL156W,YOR347C,0,-6.740216,0.1354796588420868,0.8289999961853027,0.5289999842643738
YEL027W,YKL203C,1,-6.7405934,0.13562092185020447,0.8299999833106995,0.5289999842643738
YMR078C,YDR466W,0,-6.740766,0.13559876382350922,0.8299999833106995,0.5291000008583069
YLR010C,YER041W,0,-6.7408195,0.13557660579681396,0.8299999833106995,0.52920001745224
YMR104C,YCR045C,0,-6.7412496,0.1355544626712799,0.8299999833106995,0.5292999744415283
YNL072W,YDR073W,0,-6.741301,0.13553233444690704,0.8299999833106995,0.5293999910354614
YDR404C,YLR440C,0,-6.7414536,0.13551020622253418,0.8299999833106995,0.5295000076293945
YDR030C,YHR050W,0,-6.741797,0.13548807799816132,0.8299999833106995,0.5296000242233276
YGR024C,YMR146C,0,-6.7418175,0.13546596467494965,0.8299999833106995,0.529699981212616
YFR036W,YNL310C,0,-6.741843,0.13544386625289917,0.8299999833106995,0.5297999978065491
YDL246C,YDR145W,0,-6.7419515,0.1354217678308487,0.8299999833106995,0.5299000144004822
YOR351C,YNL046W,0,-6.7420464,0.13539966940879822,0.8299999833106995,0.5299999713897705
YHR058C,YHL007C,0,-6.742883,0.13537758588790894,0.8299999833106995,0.5300999879837036
YPR025C,YMR051C,0,-6.7429214,0.13535551726818085,0.8299999833106995,0.5302000045776367
YDR110W,YFL002C,0,-6.7430224,0.13533344864845276,0.8299999833106995,0.5303000211715698
YJL074C,YLR466W,0,-6.7432885,0.13531138002872467,0.8299999833106995,0.5303999781608582
YLR304C,YOL133W,0,-6.7434325,0.13528932631015778,0.8299999833106995,0.5304999947547913
YBR268W,YPL113C,0,-6.7434773,0.13526727259159088,0.8299999833106995,0.5306000113487244
YJL034W,YML039W,0,-6.7439365,0.13524523377418518,0.8299999833106995,0.5307000279426575
YIL015W,YBR057C,0,-6.745451,0.13522319495677948,0.8299999833106995,0.5307999849319458
YMR251W-A,YJL061W,0,-6.7454963,0.13520117104053497,0.8299999833106995,0.5309000015258789
YML104C,YDR238C,0,-6.746778,0.13517914712429047,0.8299999833106995,0.531000018119812
YIR023W,YKL108W,0,-6.747165,0.13515713810920715,0.8299999833106995,0.5310999751091003
YKR099W,YNL045W,0,-6.7473736,0.13513512909412384,0.8299999833106995,0.5311999917030334
YKL049C,YKL125W,0,-6.747458,0.13511313498020172,0.8299999833106995,0.5313000082969666
YNL023C,YBL100W-A,0,-6.74752,0.1350911408662796,0.8299999833106995,0.5314000248908997
YLR136C,YER100W,0,-6.7475524,0.13506916165351868,0.8299999833106995,0.531499981880188
YCR094W,YOR237W,1,-6.74758,0.13520988821983337,0.8309999704360962,0.531499981880188
YNL259C,YBR139W,0,-6.7480135,0.13518789410591125,0.8309999704360962,0.5315999984741211
YJL081C,YDR243C,0,-6.7481747,0.13516591489315033,0.8309999704360962,0.5317000150680542
YNL139C,YBR105C,0,-6.7490106,0.1351439207792282,0.8309999704360962,0.5317999720573425
YLR055C,YPL225W,0,-6.74937,0.13512195646762848,0.8309999704360962,0.5318999886512756
YDL209C,YHL008C,0,-6.749459,0.13509997725486755,0.8309999704360962,0.5320000052452087
YJL058C,YOL125W,0,-6.749939,0.13507802784442902,0.8309999704360962,0.5321000218391418
YMR273C,YNL058C,0,-6.7500205,0.13505606353282928,0.8309999704360962,0.5321999788284302
YDL141W,YGR292W,0,-6.750135,0.13503412902355194,0.8309999704360962,0.5322999954223633
YIL019W,YDR381W,0,-6.750194,0.1350121796131134,0.8309999704360962,0.5324000120162964
YML118W,YHL025W,0,-6.750624,0.13499026000499725,0.8309999704360962,0.5325000286102295
YFR024C-A,YHR003C,0,-6.7508993,0.1349683254957199,0.8309999704360962,0.5325999855995178
YCR091W,YOR229W,0,-6.7509484,0.13494640588760376,0.8309999704360962,0.5327000021934509
YDR354W,YMR166C,0,-6.7514167,0.1349245011806488,0.8309999704360962,0.532800018787384
YOR211C,YPR054W,0,-6.7518578,0.13490259647369385,0.8309999704360962,0.5328999757766724
YGL143C,YDR501W,0,-6.752074,0.13488070666790009,0.8309999704360962,0.5329999923706055
YMR301C,YPL239W,0,-6.7522006,0.13485881686210632,0.8309999704360962,0.5331000089645386
YOL149W,YER100W,0,-6.7523355,0.13483692705631256,0.8309999704360962,0.5332000255584717
YDL079C,YPL203W,0,-6.752478,0.13481505215168,0.8309999704360962,0.53329998254776
YDL192W,YOR214C,0,-6.7526355,0.13479319214820862,0.8309999704360962,0.5333999991416931
YLR129W,YML106W,0,-6.752799,0.13477133214473724,0.8309999704360962,0.5335000157356262
YNL118C,YPL175W,0,-6.753037,0.13474947214126587,0.8309999704360962,0.5335999727249146
YIL107C,YLL012W,0,-6.7530446,0.1347276270389557,0.8309999704360962,0.5336999893188477
YOL002C,YLR440C,0,-6.7535224,0.1347057819366455,0.8309999704360962,0.5338000059127808
YPL227C,YMR053C,0,-6.7536416,0.13468395173549652,0.8309999704360962,0.5339000225067139
YBR098W,YHR005C-A,0,-6.754108,0.13466213643550873,0.8309999704360962,0.5339999794960022
YMR215W,YLR298C,0,-6.7549086,0.13464030623435974,0.8309999704360962,0.5340999960899353
YDL141W,YMR189W,0,-6.7550826,0.13461850583553314,0.8309999704360962,0.5342000126838684
YBR237W,YNR015W,0,-6.7554946,0.13459669053554535,0.8309999704360962,0.5343000292778015
YDR448W,YPR184W,0,-6.7557807,0.13457490503787994,0.8309999704360962,0.5343999862670898
YJL184W,YPL010W,0,-6.7560987,0.13455310463905334,0.8309999704360962,0.534500002861023
YDR364C,YNL250W,0,-6.756591,0.13453131914138794,0.8309999704360962,0.534600019454956
YAL051W,YMR305C,0,-6.75699,0.13450954854488373,0.8309999704360962,0.5346999764442444
YAR050W,YPR072W,0,-6.757554,0.13448777794837952,0.8309999704360962,0.5347999930381775
YOR293W,YIL177C,0,-6.757586,0.1344660222530365,0.8309999704360962,0.5349000096321106
YGR014W,YBR054W,0,-6.757915,0.13444426655769348,0.8309999704360962,0.5350000262260437
YMR228W,YOL147C,0,-6.7581515,0.13442251086235046,0.8309999704360962,0.535099983215332
YDL056W,YGR251W,0,-6.7581964,0.13440077006816864,0.8309999704360962,0.5351999998092651
YOR099W,YDR285W,0,-6.758433,0.134379044175148,0.8309999704360962,0.5353000164031982
YDR197W,YEL059C-A,0,-6.7585196,0.13435731828212738,0.8309999704360962,0.5353999733924866
YGR206W,YBR028C,0,-6.759052,0.13433559238910675,0.8309999704360962,0.5354999899864197
YGL211W,YDR372C,0,-6.7593203,0.13431388139724731,0.8309999704360962,0.5356000065803528
YGL143C,YIR041W,0,-6.7595005,0.13429218530654907,0.8309999704360962,0.5357000231742859
YGL226C-A,YHR206W,0,-6.7602186,0.13427047431468964,0.8309999704360962,0.5357999801635742
YBR198C,YJR041C,0,-6.760306,0.1342487931251526,0.8309999704360962,0.5358999967575073
YDL058W,YLL056C,0,-6.760495,0.13422709703445435,0.8309999704360962,0.5360000133514404
YLR459W,YBR142W,0,-6.7612233,0.1342054307460785,0.8309999704360962,0.5360999703407288
YCL038C,YPL173W,0,-6.761513,0.13418374955654144,0.8309999704360962,0.5361999869346619
YER088C,YIL052C,0,-6.7615933,0.13416209816932678,0.8309999704360962,0.536300003528595
YDR507C,YOR207C,0,-6.7618914,0.13414043188095093,0.8309999704360962,0.5364000201225281
YOR237W,YMR109W,1,-6.7620034,0.13428017497062683,0.8320000171661377,0.5364000201225281
YOR086C,YMR243C,0,-6.7622905,0.13425850868225098,0.8320000171661377,0.5364999771118164
YDL124W,YDR115W,0,-6.762424,0.13423685729503632,0.8320000171661377,0.5365999937057495
YDR229W,YOR361C,0,-6.7624397,0.13421519100666046,0.8320000171661377,0.5367000102996826
YFL053W,YBR183W,0,-6.762607,0.134193554520607,0.8320000171661377,0.5368000268936157
YPR030W,YGR005C,0,-6.7628508,0.13417190313339233,0.8320000171661377,0.536899983882904
YOR383C,YDR300C,0,-6.7628536,0.13415028154850006,0.8320000171661377,0.5370000004768372
YJL204C,YGR241C,1,-6.763402,0.13428986072540283,0.8330000042915344,0.5370000004768372
YLR172C,YER011W,0,-6.763519,0.13426820933818817,0.8330000042915344,0.5371000170707703
YPL005W,YOR242C,0,-6.7640266,0.1342465728521347,0.8330000042915344,0.5371999740600586
YLR157C,YCR068W,0,-6.76452,0.13422493636608124,0.8330000042915344,0.5372999906539917
YML022W,YNL191W,0,-6.7650447,0.13420331478118896,0.8330000042915344,0.5374000072479248
YOL095C,YPR162C,0,-6.765076,0.13418170809745789,0.8330000042915344,0.5375000238418579
YER114C,YEL053C,0,-6.765472,0.1341600865125656,0.8330000042915344,0.5375999808311462
YBR093C,YDR379W,0,-6.766071,0.13413847982883453,0.8330000042915344,0.5376999974250793
YKR050W,YHR105W,0,-6.766071,0.13411688804626465,0.8330000042915344,0.5378000140190125
YDR299W,YBL030C,0,-6.7661586,0.13409529626369476,0.8330000042915344,0.5378999710083008
YPR073C,YGR203W,0,-6.7662606,0.13407371938228607,0.8330000042915344,0.5379999876022339
YPL084W,YPL096C-A,0,-6.7663045,0.13405214250087738,0.8330000042915344,0.538100004196167
YFL053W,YPL244C,0,-6.7663255,0.1340305656194687,0.8330000042915344,0.5382000207901001
YHR056C,YHR139C,0,-6.7664843,0.1340090036392212,0.8330000042915344,0.5382999777793884
YCL025C,YGL163C,0,-6.76678,0.1339874565601349,0.8330000042915344,0.5383999943733215
YBR207W,YAR044W,1,-6.7670527,0.1341267228126526,0.8339999914169312,0.5383999943733215
YOR008C,YML052W,1,-6.767068,0.1342659592628479,0.8349999785423279,0.5383999943733215
YOR278W,YGR125W,0,-6.7670712,0.13424436748027802,0.8349999785423279,0.5385000109672546
YLR359W,YLR141W,0,-6.7671432,0.13422279059886932,0.8349999785423279,0.5386000275611877
YPL076W,YMR008C,0,-6.7672553,0.13420122861862183,0.8349999785423279,0.5386999845504761
YGR101W,YOR247W,0,-6.767488,0.13417965173721313,0.8349999785423279,0.5388000011444092
YLR134W,YGR258C,0,-6.7675366,0.13415810465812683,0.8349999785423279,0.5389000177383423
YDL165W,YOR049C,0,-6.767707,0.13413654267787933,0.8349999785423279,0.5389999747276306
YDR268W,YBL100W-B,0,-6.768047,0.13411499559879303,0.8349999785423279,0.5390999913215637
YBR233W-A,YHR038W,0,-6.768274,0.13409346342086792,0.8349999785423279,0.5392000079154968
YPR119W,YPL122C,0,-6.768463,0.1340719312429428,0.8349999785423279,0.5393000245094299
YKL173W,YOL105C,0,-6.7686934,0.1340504139661789,0.8349999785423279,0.5393999814987183
YGL257C,YDR383C,0,-6.768745,0.13402889668941498,0.8349999785423279,0.5394999980926514
YBR170C,YHR215W,0,-6.7688794,0.13400737941265106,0.8349999785423279,0.5396000146865845
YLR081W,YDR369C,0,-6.7692866,0.13398587703704834,0.8349999785423279,0.5396999716758728
YDL107W,YMR129W,0,-6.7695527,0.1339643895626068,0.8349999785423279,0.5397999882698059
YFR031C-A,YMR087W,0,-6.7702184,0.1339428871870041,0.8349999785423279,0.539900004863739
YDR414C,YNL054W,0,-6.770249,0.13392141461372375,0.8349999785423279,0.5400000214576721
YLR098C,YJR156C,0,-6.7706246,0.13389994204044342,0.8349999785423279,0.5400999784469604
YIL061C,YOL125W,0,-6.7707005,0.13387846946716309,0.8349999785423279,0.5401999950408936
YDR083W,YPL239W,0,-6.7710605,0.13385701179504395,0.8349999785423279,0.5403000116348267
YKL013C,YFL052W,0,-6.7715664,0.1338355541229248,0.8349999785423279,0.5404000282287598
YJL092W,YOR081C,0,-6.7715893,0.13381409645080566,0.8349999785423279,0.5404999852180481
YIR013C,YJR156C,0,-6.772006,0.1337926685810089,0.8349999785423279,0.5406000018119812
YLR115W,YLR237W,0,-6.7722807,0.13377122581005096,0.8349999785423279,0.5407000184059143
YCR020C,YBL004W,0,-6.772565,0.1337497979402542,0.8349999785423279,0.5407999753952026
YNL032W,YPL032C,1,-6.7727475,0.13388852775096893,0.8360000252723694,0.5407999753952026
YOR274W,YLR002C,0,-6.772763,0.13386709988117218,0.8360000252723694,0.5408999919891357
YKL006W,YPR101W,0,-6.7731776,0.13384565711021423,0.8360000252723694,0.5410000085830688
YIL014W,YLR090W,0,-6.773662,0.13382422924041748,0.8360000252723694,0.541100025177002
YBL024W,YNL162W,0,-6.7737947,0.13380281627178192,0.8360000252723694,0.5411999821662903
YIL037C,YPL183W-A,0,-6.77386,0.13378140330314636,0.8360000252723694,0.5412999987602234
YBR188C,YLL004W,0,-6.773923,0.133760005235672,0.8360000252723694,0.5414000153541565
YLR254C,YHR020W,0,-6.7741785,0.13373860716819763,0.8360000252723694,0.5414999723434448
YBR275C,YDL118W,0,-6.7744365,0.13371720910072327,0.8360000252723694,0.5415999889373779
YBR110W,YKL056C,0,-6.7745414,0.1336958259344101,0.8360000252723694,0.541700005531311
YMR051C,YOR175C,0,-6.7748847,0.13367444276809692,0.8360000252723694,0.5418000221252441
YGL253W,YDR043C,0,-6.775203,0.13365307450294495,0.8360000252723694,0.5418999791145325
YKR054C,YDR189W,0,-6.7753205,0.13363170623779297,0.8360000252723694,0.5419999957084656
YHR046C,YBL093C,0,-6.775932,0.13361035287380219,0.8360000252723694,0.5421000123023987
YDR142C,YLR372W,0,-6.776171,0.1335889995098114,0.8360000252723694,0.5422000288963318
YGR189C,YLR389C,0,-6.7769513,0.1335676610469818,0.8360000252723694,0.5422999858856201
YNL147W,YDR064W,0,-6.777087,0.13354632258415222,0.8360000252723694,0.5424000024795532
YOR306C,YGR024C,0,-6.7770905,0.13352499902248383,0.8360000252723694,0.5425000190734863
YNL328C,YNL208W,0,-6.7771335,0.13350367546081543,0.8360000252723694,0.5425999760627747
YDR276C,YGL184C,0,-6.777608,0.13348235189914703,0.8360000252723694,0.5426999926567078
YDL014W,YLR466W,0,-6.777633,0.13346104323863983,0.8360000252723694,0.5428000092506409
YER020W,YGR012W,0,-6.777765,0.13343974947929382,0.8360000252723694,0.542900025844574
YPR159W,YER154W,0,-6.7778125,0.13341845571994781,0.8360000252723694,0.5429999828338623
YIL115C,YNL316C,0,-6.778061,0.1333971619606018,0.8360000252723694,0.5430999994277954
YOR216C,YGR082W,0,-6.778078,0.133375883102417,0.8360000252723694,0.5432000160217285
YMR312W,YBL026W,0,-6.7784324,0.13335460424423218,0.8360000252723694,0.5432999730110168
YNL227C,YAL030W,1,-6.778843,0.1334928274154663,0.8370000123977661,0.5432999730110168
YOR193W,YPL218W,0,-6.779025,0.1334715336561203,0.8370000123977661,0.54339998960495
YAL038W,YJR021C,0,-6.7790694,0.13345025479793549,0.8370000123977661,0.5435000061988831
YBR202W,YJL136C,0,-6.7794847,0.13342897593975067,0.8370000123977661,0.5436000227928162
YGR041W,YML008C,0,-6.779607,0.13340771198272705,0.8370000123977661,0.5436999797821045
YKR066C,YIL111W,0,-6.779677,0.13338644802570343,0.8370000123977661,0.5437999963760376
YGL254W,YHR083W,0,-6.7796865,0.133365198969841,0.8370000123977661,0.5439000129699707
YFR036W,YJL153C,0,-6.7797866,0.13334394991397858,0.8370000123977661,0.5440000295639038
YHR055C,YCR102C,0,-6.7802415,0.13332271575927734,0.8370000123977661,0.5440999865531921
YHR004C,YNL181W,0,-6.7810316,0.1333014816045761,0.8370000123977661,0.5442000031471252
YLR056W,YIL002C,1,-6.7811627,0.13343949615955353,0.8379999995231628,0.5442000031471252
YOR368W,YDL064W,0,-6.7812314,0.1334182471036911,0.8379999995231628,0.5443000197410583
YDR212W,YJR088C,0,-6.781346,0.13339701294898987,0.8379999995231628,0.5443999767303467
YER125W,YNL093W,1,-6.7814546,0.13353493809700012,0.8389999866485596,0.5443999767303467
YMR009W,YNL026W,0,-6.781643,0.1335136890411377,0.8389999866485596,0.5444999933242798
YNL164C,YPL104W,0,-6.781747,0.13349243998527527,0.8389999866485596,0.5446000099182129
YMR292W,YIL042C,0,-6.781766,0.13347120583057404,0.8389999866485596,0.544700026512146
YAL015C,YGR283C,0,-6.7820144,0.1334499716758728,0.8389999866485596,0.5447999835014343
YGL137W,YDL033C,0,-6.782206,0.13342875242233276,0.8389999866485596,0.5449000000953674
YER106W,YOR119C,0,-6.782218,0.13340753316879272,0.8389999866485596,0.5450000166893005
YAL031C,YER074W,0,-6.782236,0.13338632881641388,0.8389999866485596,0.5450999736785889
YDL079C,YGR277C,0,-6.7822824,0.13336512446403503,0.8389999866485596,0.545199990272522
YJR053W,YMR070W,0,-6.78242,0.13334393501281738,0.8389999866485596,0.5453000068664551
YFR021W,YMR121C,0,-6.782535,0.13332274556159973,0.8389999866485596,0.5454000234603882
YAL061W,YMR228W,0,-6.7825885,0.13330155611038208,0.8389999866485596,0.5454999804496765
YNL129W,YLL054C,0,-6.782828,0.13328038156032562,0.8389999866485596,0.5455999970436096
YMR094W,YNL091W,0,-6.78289,0.13325920701026917,0.8389999866485596,0.5457000136375427
YPL112C,YFL036W,0,-6.782891,0.1332380473613739,0.8389999866485596,0.545799970626831
YHR156C,YOR191W,0,-6.7830763,0.13321688771247864,0.8389999866485596,0.5458999872207642
YGR254W,YMR002W,0,-6.783181,0.13319574296474457,0.8389999866485596,0.5460000038146973
YKL022C,YHR154W,0,-6.7832446,0.1331745982170105,0.8389999866485596,0.5461000204086304
YNL102W,YDR213W,0,-6.783484,0.13315346837043762,0.8389999866485596,0.5461999773979187
YLR056W,YHR073W,1,-6.7835393,0.13329102098941803,0.8399999737739563,0.5461999773979187
YMR167W,YDR084C,0,-6.783814,0.13326987624168396,0.8399999737739563,0.5462999939918518
YLR344W,YCL010C,0,-6.7846565,0.1332487314939499,0.8399999737739563,0.5464000105857849
YBR229C,YBR241C,0,-6.7850676,0.13322760164737701,0.8399999737739563,0.546500027179718
YAR031W,YOR019W,0,-6.785151,0.13320647180080414,0.8399999737739563,0.5465999841690063
YOR201C,YFR051C,0,-6.7854295,0.13318535685539246,0.8399999737739563,0.5467000007629395
YLR113W,YBL063W,0,-6.7859635,0.13316424190998077,0.8399999737739563,0.5468000173568726
YPL176C,YDL012C,0,-6.7861705,0.1331431269645691,0.8399999737739563,0.5468999743461609
YMR164C,YPL105C,0,-6.786756,0.1331220269203186,0.8399999737739563,0.546999990940094
YHR046C,YNL190W,0,-6.7868514,0.1331009417772293,0.8399999737739563,0.5471000075340271
YPL234C,YJR041C,0,-6.786918,0.13307984173297882,0.8399999737739563,0.5472000241279602
YDL120W,YDR367W,0,-6.787055,0.13305877149105072,0.8399999737739563,0.5472999811172485
YNR056C,YOL084W,0,-6.787068,0.13303770124912262,0.8399999737739563,0.5473999977111816
YMR049C,YDR028C,0,-6.787127,0.13301663100719452,0.8399999737739563,0.5475000143051147
YNL020C,YNL093W,1,-6.787219,0.13315390050411224,0.8410000205039978,0.5475000143051147
YLR098C,YGR080W,0,-6.7873464,0.13313281536102295,0.8410000205039978,0.5475999712944031
YGR195W,YDR463W,0,-6.787392,0.13311174511909485,0.8410000205039978,0.5476999878883362
YDR226W,YNL293W,0,-6.7874913,0.13309067487716675,0.8410000205039978,0.5478000044822693
YFL055W,YNL044W,0,-6.7875433,0.13306961953639984,0.8410000205039978,0.5479000210762024
YPR171W,YPL225W,0,-6.7875686,0.13304856419563293,0.8410000205039978,0.5479999780654907
YGL148W,YER031C,0,-6.78799,0.13302752375602722,0.8410000205039978,0.5480999946594238
YDR127W,YAR071W,0,-6.788677,0.1330064833164215,0.8410000205039978,0.5482000112533569
YOR109W,YNL093W,1,-6.788729,0.1331435739994049,0.8420000076293945,0.5482000112533569
YLR369W,YLR316C,0,-6.7891946,0.1331225335597992,0.8420000076293945,0.54830002784729
YFR046C,YHR011W,0,-6.789346,0.13310149312019348,0.8420000076293945,0.5483999848365784
YER070W,YGR112W,0,-6.789555,0.13308045268058777,0.8420000076293945,0.5485000014305115
YKL067W,YDR170W-A,0,-6.7896543,0.13305941224098206,0.8420000076293945,0.5486000180244446
YLR181C,YLL056C,0,-6.789806,0.13303840160369873,0.8420000076293945,0.5486999750137329
YJL034W,YDR313C,0,-6.789848,0.1330173760652542,0.8420000076293945,0.548799991607666
YDL138W,YOL067C,0,-6.7898507,0.1329963654279709,0.8420000076293945,0.5489000082015991
YLR127C,YOL084W,0,-6.7898803,0.13297536969184875,0.8420000076293945,0.5490000247955322
YBL087C,YNL208W,0,-6.790091,0.13295435905456543,0.8420000076293945,0.5490999817848206
YLR078C,YLR318W,0,-6.7902303,0.1329333782196045,0.8420000076293945,0.5491999983787537
YOR136W,YJR041C,0,-6.7914085,0.13291239738464355,0.8420000076293945,0.5493000149726868
YKL064W,YMR133W,0,-6.791569,0.13289141654968262,0.8420000076293945,0.5493999719619751
YLR262C,YHL008C,0,-6.791616,0.13287045061588287,0.8420000076293945,0.5494999885559082
YJL058C,YHR133C,0,-6.7922654,0.13284948468208313,0.8420000076293945,0.5496000051498413
YLR359W,YKL041W,0,-6.7926636,0.1328285187482834,0.8420000076293945,0.5497000217437744
YJR108W,YAL003W,0,-6.7927938,0.13280756771564484,0.8420000076293945,0.5497999787330627
YGR089W,YJL143W,0,-6.7928514,0.13278663158416748,0.8420000076293945,0.5498999953269958
YKL073W,YBR298C,0,-6.7930245,0.13276569545269012,0.8420000076293945,0.550000011920929
YPR057W,YNL107W,0,-6.793157,0.13274475932121277,0.8420000076293945,0.5501000285148621
YML116W,YJR053W,0,-6.793333,0.1327238380908966,0.8420000076293945,0.5501999855041504
YPL018W,YJL154C,0,-6.793443,0.13270291686058044,0.8420000076293945,0.5503000020980835
YKL002W,YLL021W,0,-6.793604,0.13268201053142548,0.8420000076293945,0.5504000186920166
YDR501W,YHR167W,0,-6.7936897,0.1326611042022705,0.8420000076293945,0.5504999756813049
YDR039C,YMR097C,0,-6.793768,0.13264019787311554,0.8420000076293945,0.550599992275238
YGR134W,YNL068C,0,-6.7937846,0.13261930644512177,0.8420000076293945,0.5507000088691711
YLR237W,YDR400W,0,-6.794394,0.13259842991828918,0.8420000076293945,0.5508000254631042
YPL232W,YKR053C,0,-6.794453,0.1325775533914566,0.8420000076293945,0.5508999824523926
YNR072W,YDL159W,0,-6.7946057,0.13255667686462402,0.8420000076293945,0.5509999990463257
YLR386W,YAR035W,0,-6.7961354,0.13253581523895264,0.8420000076293945,0.5511000156402588
YMR183C,YPR086W,0,-6.7963285,0.13251495361328125,0.8420000076293945,0.5511999726295471
YFL035C-B,YCR042C,0,-6.7966857,0.13249409198760986,0.8420000076293945,0.5512999892234802
YDR155C,YGL103W,0,-6.796703,0.13247326016426086,0.8420000076293945,0.5514000058174133
YPR201W,YMR086W,0,-6.796899,0.13245241343975067,0.8420000076293945,0.5515000224113464
YGL043W,YLR369W,0,-6.7971683,0.13243158161640167,0.8420000076293945,0.5515999794006348
YNR072W,YML098W,0,-6.7971945,0.13241074979305267,0.8420000076293945,0.5516999959945679
YFL021W,YLR360W,0,-6.797415,0.13238993287086487,0.8420000076293945,0.551800012588501
YMR193W,YOR253W,0,-6.7974553,0.13236913084983826,0.8420000076293945,0.5519000291824341
YJL106W,YLL013C,0,-6.7976036,0.13234831392765045,0.8420000076293945,0.5519999861717224
YPL193W,YOR195W,0,-6.797663,0.13232751190662384,0.8420000076293945,0.5521000027656555
YPL217C,YBR119W,0,-6.7976923,0.13230672478675842,0.8420000076293945,0.5522000193595886
YCL024W,YIL136W,0,-6.797791,0.132285937666893,0.8420000076293945,0.552299976348877
YDL107W,YBL106C,0,-6.7982984,0.13226516544818878,0.8420000076293945,0.5523999929428101
YGR089W,YGL189C,0,-6.798888,0.13224437832832336,0.8420000076293945,0.5525000095367432
YEL059C-A,YPR004C,0,-6.798969,0.13222362101078033,0.8420000076293945,0.5526000261306763
YOR290C,YDR367W,0,-6.798984,0.1322028636932373,0.8420000076293945,0.5526999831199646
YOR156C,YPL144W,0,-6.799221,0.13218210637569427,0.8420000076293945,0.5527999997138977
YER093C,YBR139W,0,-6.7992625,0.13216134905815125,0.8420000076293945,0.5529000163078308
YGL020C,YIL018W,0,-6.7994885,0.1321406215429306,0.8420000076293945,0.5529999732971191
YKR022C,YBR240C,0,-6.799494,0.13211987912654877,0.8420000076293945,0.5530999898910522
YBL013W,YLR187W,0,-6.7996078,0.13209915161132812,0.8420000076293945,0.5532000064849854
YJL092W,YOL107W,0,-6.7998776,0.13207842409610748,0.8420000076293945,0.5533000230789185
YDR174W,YPR009W,0,-6.8003063,0.13205771148204803,0.8420000076293945,0.5533999800682068
YBL034C,YIL011W,0,-6.800799,0.13203701376914978,0.8420000076293945,0.5534999966621399
YPR201W,YAL015C,0,-6.801621,0.13201630115509033,0.8420000076293945,0.553600013256073
YHR003C,YIL064W,0,-6.8017344,0.13199560344219208,0.8420000076293945,0.5536999702453613
YPL021W,YOR297C,0,-6.80185,0.13197492063045502,0.8420000076293945,0.5537999868392944
YLR160C,YDL065C,0,-6.8022847,0.13195423781871796,0.8420000076293945,0.5539000034332275
YNR067C,YEL060C,0,-6.802347,0.1319335699081421,0.8420000076293945,0.5540000200271606
YNL331C,YDR538W,0,-6.8026733,0.13191288709640503,0.8420000076293945,0.554099977016449
YPL217C,YOR075W,0,-6.80298,0.13189223408699036,0.8420000076293945,0.5541999936103821
YGR142W,YOR382W,0,-6.8035593,0.13187158107757568,0.8420000076293945,0.5543000102043152
YNL113W,YGR221C,0,-6.8038445,0.131850928068161,0.8420000076293945,0.5544000267982483
YOL053C-A,YPR175W,0,-6.8041654,0.13183027505874634,0.8420000076293945,0.5544999837875366
YAL026C,YAR044W,1,-6.8043246,0.13196618854999542,0.8429999947547913,0.5544999837875366
YGR116W,YLR414C,0,-6.80456,0.13194553554058075,0.8429999947547913,0.5546000003814697
YCR053W,YHR161C,1,-6.8046117,0.13208137452602386,0.843999981880188,0.5546000003814697
YPR001W,YGL200C,0,-6.8046536,0.132060706615448,0.843999981880188,0.5547000169754028
YER147C,YGL185C,0,-6.8051057,0.13204005360603333,0.843999981880188,0.5547999739646912
YDL159W,YBR241C,0,-6.805494,0.13201940059661865,0.843999981880188,0.5548999905586243
YIL159W,YNL026W,0,-6.8056054,0.13199874758720398,0.843999981880188,0.5550000071525574
YPR175W,YLR345W,0,-6.8056474,0.1319781094789505,0.843999981880188,0.5551000237464905
YOR032C,YOR347C,0,-6.805959,0.13195747137069702,0.843999981880188,0.5551999807357788
YKL018W,YLL054C,0,-6.8060226,0.13193684816360474,0.843999981880188,0.5552999973297119
YGL021W,YLR172C,0,-6.8060594,0.13191622495651245,0.843999981880188,0.555400013923645
YDR233C,YER111C,0,-6.8064985,0.13189560174942017,0.843999981880188,0.5554999709129333
YCL003W,YBR050C,0,-6.8065815,0.13187499344348907,0.843999981880188,0.5555999875068665
YCR065W,YBL106C,0,-6.806717,0.13185440003871918,0.843999981880188,0.5557000041007996
YJL159W,YKL173W,0,-6.8067203,0.13183380663394928,0.843999981880188,0.5558000206947327
YMR189W,YKR095W-A,0,-6.806907,0.13181321322917938,0.843999981880188,0.555899977684021
YGL156W,YBR298C,0,-6.8075137,0.13179263472557068,0.843999981880188,0.5559999942779541
YOR337W,YBR028C,0,-6.8075175,0.13177205622196198,0.843999981880188,0.5561000108718872
YDL171C,YJR138W,0,-6.8076253,0.13175147771835327,0.843999981880188,0.5562000274658203
YFR041C,YBR061C,0,-6.807755,0.13173091411590576,0.843999981880188,0.5562999844551086
YBR245C,YJR159W,0,-6.8082786,0.13171036541461945,0.843999981880188,0.5564000010490417
YBR196C,YMR268W-A,0,-6.808583,0.13168981671333313,0.843999981880188,0.5565000176429749
YLR384C,YGR141W,0,-6.8087583,0.13166926801204681,0.843999981880188,0.5565999746322632
YOR058C,YLR372W,0,-6.808761,0.1316487342119217,0.843999981880188,0.5566999912261963
YOL155C,YBR196C,0,-6.8092227,0.13162820041179657,0.843999981880188,0.5568000078201294
YKL021C,YML041C,0,-6.8092656,0.13160766661167145,0.843999981880188,0.5569000244140625
YNR016C,YKR029C,0,-6.8094344,0.13158714771270752,0.843999981880188,0.5569999814033508
YMR038C,YLR316C,0,-6.8095107,0.13156664371490479,0.843999981880188,0.5570999979972839
YDR283C,YDR317W,0,-6.809547,0.13154613971710205,0.843999981880188,0.557200014591217
YOR048C,YDL124W,0,-6.810552,0.13152563571929932,0.843999981880188,0.5572999715805054
YCR044C,YKL014C,0,-6.8108306,0.13150514662265778,0.843999981880188,0.5573999881744385
YBR245C,YPL252C,0,-6.810833,0.13148465752601624,0.843999981880188,0.5575000047683716
YJL060W,YIL029C,0,-6.8109336,0.1314641684293747,0.843999981880188,0.5576000213623047
YJR094C,YHR160C,0,-6.8111234,0.13144369423389435,0.843999981880188,0.557699978351593
YBR200W,YAR071W,0,-6.811308,0.1314232349395752,0.843999981880188,0.5577999949455261
YEL029C,YDL095W,0,-6.8114023,0.13140277564525604,0.843999981880188,0.5579000115394592
YGL032C,YMR194W,0,-6.811816,0.1313823163509369,0.843999981880188,0.5580000281333923
YIL010W,YCR102C,0,-6.8118663,0.13136187195777893,0.843999981880188,0.5580999851226807
YBR040W,YER146W,0,-6.8120713,0.13134142756462097,0.843999981880188,0.5582000017166138
YHR059W,YER099C,0,-6.8120804,0.131320983171463,0.843999981880188,0.5583000183105469
YMR246W,YGR009C,0,-6.8123927,0.13130055367946625,0.843999981880188,0.5583999752998352
YLL036C,YBR263W,0,-6.812493,0.13128013908863068,0.843999981880188,0.5584999918937683
YNL148C,YDR009W,0,-6.8125286,0.1312597244977951,0.843999981880188,0.5586000084877014
YOR233W,YPL192C,0,-6.8125515,0.13123930990695953,0.843999981880188,0.5587000250816345
YLR009W,YGL049C,0,-6.81261,0.13121891021728516,0.843999981880188,0.5587999820709229
YKL179C,YJR135W-A,0,-6.812641,0.13119851052761078,0.843999981880188,0.558899998664856
YLR237W,YIL023C,0,-6.812654,0.1311781108379364,0.843999981880188,0.5590000152587891
YHR082C,YGR049W,0,-6.812739,0.13115772604942322,0.843999981880188,0.5590999722480774
YML082W,YMR051C,0,-6.813599,0.13113735616207123,0.843999981880188,0.5591999888420105
YGR221C,YOR060C,0,-6.8136377,0.13111698627471924,0.843999981880188,0.5593000054359436
YGR175C,YOR241W,0,-6.813826,0.13109661638736725,0.843999981880188,0.5594000220298767
YNL136W,YLR075W,0,-6.814224,0.13107626140117645,0.843999981880188,0.559499979019165
YJL034W,YIL017C,0,-6.814337,0.13105590641498566,0.843999981880188,0.5595999956130981
YHR002W,YOL119C,0,-6.8153543,0.13103555142879486,0.843999981880188,0.5597000122070312
YKL161C,YNL181W,0,-6.815555,0.13101521134376526,0.843999981880188,0.5598000288009644
YDR424C,YPL281C,0,-6.815744,0.13099487125873566,0.843999981880188,0.5598999857902527
YIR034C,YOR172W,0,-6.8161244,0.13097454607486725,0.843999981880188,0.5600000023841858
YLL013C,YGR065C,0,-6.816243,0.13095422089099884,0.843999981880188,0.5601000189781189
YEL061C,YBR278W,0,-6.8165045,0.13093391060829163,0.843999981880188,0.5601999759674072
YOL044W,YMR051C,0,-6.8168044,0.1309136003255844,0.843999981880188,0.5602999925613403
YFR036W,YOR099W,0,-6.817103,0.1308933049440384,0.843999981880188,0.5604000091552734
YOR046C,YKR002W,0,-6.8171806,0.13087300956249237,0.843999981880188,0.5605000257492065
YJL044C,YMR241W,0,-6.817939,0.13085271418094635,0.843999981880188,0.5605999827384949
YMR193W,YJL191W,0,-6.8179526,0.13083243370056152,0.843999981880188,0.560699999332428
YJL010C,YLR185W,0,-6.818036,0.1308121532201767,0.843999981880188,0.5608000159263611
YPR187W,YPR009W,0,-6.818173,0.13079187273979187,0.843999981880188,0.5608999729156494
YBL064C,YPL129W,0,-6.818676,0.13077160716056824,0.843999981880188,0.5609999895095825
YER183C,YMR235C,0,-6.819105,0.1307513564825058,0.843999981880188,0.5611000061035156
YLR117C,YBL113C,0,-6.819246,0.13073110580444336,0.843999981880188,0.5612000226974487
YGL183C,YIR015W,0,-6.8195086,0.13071085512638092,0.843999981880188,0.5612999796867371
YCR073C,YKL014C,0,-6.8196406,0.13069061934947968,0.843999981880188,0.5613999962806702
YGL099W,YOL028C,0,-6.819845,0.13067038357257843,0.843999981880188,0.5615000128746033
YDR284C,YDR300C,0,-6.820025,0.13065014779567719,0.843999981880188,0.5616000294685364
YLR178C,YCL020W,0,-6.8200583,0.13062992691993713,0.843999981880188,0.5616999864578247
YMR094W,YNR031C,0,-6.8202186,0.13060972094535828,0.843999981880188,0.5618000030517578
YGR295C,YER110C,0,-6.820344,0.13058951497077942,0.843999981880188,0.5619000196456909
YDL103C,YJL087C,0,-6.8203573,0.13056930899620056,0.843999981880188,0.5619999766349792
YML099C,YGL073W,0,-6.8203773,0.1305491179227829,0.843999981880188,0.5620999932289124
YCL033C,YPL158C,0,-6.820646,0.13052892684936523,0.843999981880188,0.5622000098228455
YLR148W,YML039W,0,-6.8210883,0.13050873577594757,0.843999981880188,0.5623000264167786
YMR070W,YHR003C,0,-6.821344,0.1304885596036911,0.843999981880188,0.5623999834060669
YGL043W,YKL099C,0,-6.821463,0.13046838343143463,0.843999981880188,0.5625
YBR158W,YAL016W,0,-6.821632,0.13044822216033936,0.843999981880188,0.5626000165939331
YDL138W,YDR181C,0,-6.821666,0.13042806088924408,0.843999981880188,0.5626999735832214
YNL331C,YNL127W,0,-6.8224163,0.13040791451931,0.843999981880188,0.5627999901771545
YFR051C,YGL030W,0,-6.822542,0.13038776814937592,0.843999981880188,0.5629000067710876
YHL002W,YNL190W,0,-6.8226066,0.13036762177944183,0.843999981880188,0.5630000233650208
YGR276C,YMR160W,0,-6.8228297,0.13034749031066895,0.843999981880188,0.5630999803543091
YMR094W,YJR046W,0,-6.8228707,0.13032735884189606,0.843999981880188,0.5631999969482422
YGL119W,YDR311W,0,-6.8228717,0.13030724227428436,0.843999981880188,0.5633000135421753
YMR033W,YLR423C,0,-6.82303,0.13028712570667267,0.843999981880188,0.5633999705314636
YNL230C,YOR191W,0,-6.8231907,0.13026700913906097,0.843999981880188,0.5634999871253967
YLR308W,YDR183W,0,-6.823228,0.13024690747261047,0.843999981880188,0.5636000037193298
YJL222W,YHR112C,0,-6.823258,0.13022682070732117,0.843999981880188,0.5637000203132629
YIL033C,YFL023W,0,-6.823296,0.13020671904087067,0.843999981880188,0.5637999773025513
YGL043W,YDR541C,0,-6.8238106,0.13018664717674255,0.843999981880188,0.5638999938964844
YNL136W,YDL083C,0,-6.8240256,0.13016656041145325,0.843999981880188,0.5640000104904175
YFL010W-A,YPR098C,0,-6.824142,0.13014648854732513,0.843999981880188,0.5641000270843506
YCR027C,YGR125W,0,-6.8244967,0.13012643158435822,0.843999981880188,0.5641999840736389
YIL009C-A,YGL077C,0,-6.824816,0.1301063597202301,0.843999981880188,0.564300000667572
YNL130C,YDR143C,0,-6.824869,0.13008631765842438,0.843999981880188,0.5644000172615051
YKL179C,YLR172C,0,-6.8252444,0.13006626069545746,0.843999981880188,0.5644999742507935
YMR123W,YOR116C,0,-6.825549,0.13004621863365173,0.843999981880188,0.5645999908447266
YGR225W,YIL017C,0,-6.8256183,0.1300261914730072,0.843999981880188,0.5647000074386597
YLR095C,YHL017W,0,-6.826154,0.13000616431236267,0.843999981880188,0.5648000240325928
YOR103C,YMR268W-A,0,-6.8262,0.12998613715171814,0.843999981880188,0.5648999810218811
YBR250W,YDR334W,0,-6.826304,0.1299661248922348,0.843999981880188,0.5649999976158142
YGL246C,YNL139C,0,-6.8263288,0.12994611263275146,0.843999981880188,0.5651000142097473
YBL015W,YMR164C,0,-6.8274827,0.12992611527442932,0.843999981880188,0.5651999711990356
YER165W,YOR083W,0,-6.827498,0.12990611791610718,0.843999981880188,0.5652999877929688
YMR096W,YJL118W,0,-6.8277693,0.12988612055778503,0.843999981880188,0.5654000043869019
YJL073W,YJR028W,0,-6.8282175,0.12986613810062408,0.843999981880188,0.565500020980835
YOL097C,YBR016W,0,-6.828465,0.12984615564346313,0.843999981880188,0.5655999779701233
YOR045W,YLR120C,0,-6.828503,0.12982617318630219,0.843999981880188,0.5656999945640564
YGR040W,YJL109C,0,-6.828532,0.12980622053146362,0.843999981880188,0.5658000111579895
YPR043W,YOR117W,0,-6.828587,0.12978625297546387,0.843999981880188,0.5659000277519226
YPR135W,YPL240C,0,-6.8293433,0.1297663003206253,0.843999981880188,0.5659999847412109
YJL058C,YMR035W,0,-6.8293858,0.12974634766578674,0.843999981880188,0.566100001335144
YCL064C,YCR097WB,0,-6.829633,0.12972640991210938,0.843999981880188,0.5662000179290771
YMR215W,YDL043C,0,-6.8296585,0.129706472158432,0.843999981880188,0.5662999749183655
YJL167W,YDR119W,0,-6.829703,0.12968653440475464,0.843999981880188,0.5663999915122986
YOL039W,YOR117W,0,-6.829772,0.12966661155223846,0.843999981880188,0.5665000081062317
YNL148C,YOR033C,0,-6.8303313,0.12964670360088348,0.843999981880188,0.5666000247001648
YGL089C,YIL136W,0,-6.830422,0.1296267807483673,0.843999981880188,0.5666999816894531
YHR186C,YGR138C,0,-6.8306093,0.12960687279701233,0.843999981880188,0.5667999982833862
YMR014W,YGR125W,0,-6.8306627,0.12958697974681854,0.843999981880188,0.5669000148773193
YPL061W,YDR025W,0,-6.8306785,0.12956708669662476,0.843999981880188,0.5669999718666077
YOR020C,YPL258C,0,-6.8307214,0.12954719364643097,0.843999981880188,0.5670999884605408
YNR026C,YOR009W,0,-6.8307533,0.12952731549739838,0.843999981880188,0.5672000050544739
YML028W,YPR003C,0,-6.831427,0.12950743734836578,0.843999981880188,0.567300021648407
YPL175W,YBL005W-A,0,-6.831447,0.12948757410049438,0.843999981880188,0.5673999786376953
YJR058C,YDR030C,0,-6.831655,0.12946771085262299,0.843999981880188,0.5674999952316284
YPL117C,YMR227C,0,-6.8316708,0.1294478476047516,0.843999981880188,0.5676000118255615
YMR025W,YOR081C,0,-6.8317275,0.12942799925804138,0.843999981880188,0.5677000284194946
YBL103C,YLR316C,0,-6.83173,0.12940815091133118,0.843999981880188,0.567799985408783
YCL017C,YHR203C,0,-6.832251,0.12938831746578217,0.843999981880188,0.5679000020027161
YKL168C,YLR001C,0,-6.832594,0.12936848402023315,0.843999981880188,0.5680000185966492
YJL138C,YDR457W,0,-6.833202,0.12934866547584534,0.843999981880188,0.5680999755859375
YGL209W,YGR074W,0,-6.8335342,0.12932883203029633,0.843999981880188,0.5681999921798706
YCR020C,YPR054W,0,-6.833547,0.1293090283870697,0.843999981880188,0.5683000087738037
YKL046C,YLR139C,0,-6.8338227,0.12928920984268188,0.843999981880188,0.5684000253677368
YMR292W,YGR214W,0,-6.833838,0.12926940619945526,0.843999981880188,0.5684999823570251
YDR198C,YPL007C,0,-6.8339634,0.12924961745738983,0.843999981880188,0.5685999989509583
YGL089C,YBL017C,0,-6.8340063,0.1292298287153244,0.843999981880188,0.5687000155448914
YGR029W,YEL069C,0,-6.834015,0.12921003997325897,0.843999981880188,0.5687999725341797
YJL207C,YDL043C,0,-6.83425,0.12919026613235474,0.843999981880188,0.5688999891281128
YJR064W,YDR058C,0,-6.8348103,0.1291704922914505,0.843999981880188,0.5690000057220459
YHR215W,YER095W,0,-6.834946,0.12915073335170746,0.843999981880188,0.569100022315979
YJR096W,YLL014W,0,-6.835146,0.12913095951080322,0.843999981880188,0.5691999793052673
YCL017C,YHR138C,0,-6.8353496,0.12911121547222137,0.843999981880188,0.5692999958992004
YMR312W,YPR188C,0,-6.835416,0.12909147143363953,0.843999981880188,0.5694000124931335
YPR086W,YNL152W,0,-6.835776,0.12907172739505768,0.843999981880188,0.5695000290870667
YJL198W,YDR233C,0,-6.8358626,0.12905198335647583,0.843999981880188,0.569599986076355
YEL064C,YPR035W,0,-6.835943,0.12903225421905518,0.843999981880188,0.5697000026702881
YLR378C,YBR241C,0,-6.836,0.12901253998279572,0.843999981880188,0.5698000192642212
YAL047C,YDR170W-A,0,-6.8362603,0.12899281084537506,0.843999981880188,0.5698999762535095
YKL058W,YNL208W,0,-6.8363233,0.1289731115102768,0.843999981880188,0.5699999928474426
YOL023W,YPL187W,0,-6.8363886,0.12895339727401733,0.843999981880188,0.5701000094413757
YBR159W,YPR011C,0,-6.836416,0.12893369793891907,0.843999981880188,0.5702000260353088
YDL166C,YBL090W,0,-6.8366413,0.128914013504982,0.843999981880188,0.5702999830245972
YAL026C,YLR337W,1,-6.8366723,0.12904703617095947,0.8450000286102295,0.5702999830245972
YLR237W,YMR106C,0,-6.8371105,0.1290273368358612,0.8450000286102295,0.5703999996185303
YOR208W,YGR277C,0,-6.8371873,0.12900763750076294,0.8450000286102295,0.5705000162124634
YDR404C,YDR064W,0,-6.837451,0.12898793816566467,0.8450000286102295,0.5705999732017517
YOR301W,YJL089W,0,-6.8379307,0.1289682537317276,0.8450000286102295,0.5706999897956848
YIR002C,YLR316C,0,-6.838099,0.12894856929779053,0.8450000286102295,0.5708000063896179
YDR036C,YAR044W,1,-6.838221,0.12908147275447845,0.8460000157356262,0.5708000063896179
YOR037W,YLL023C,0,-6.8386226,0.12906178832054138,0.8460000157356262,0.570900022983551
YGR147C,YOL128C,0,-6.838748,0.1290421038866043,0.8460000157356262,0.5709999799728394
YNL007C,YPR091C,0,-6.8388586,0.12902241945266724,0.8460000157356262,0.5710999965667725
YFR028C,YNL052W,0,-6.839041,0.12900274991989136,0.8460000157356262,0.5712000131607056
YPR171W,YDR012W,0,-6.839055,0.12898308038711548,0.8460000157356262,0.5713000297546387
YGR280C,YNL079C,0,-6.840177,0.1289634108543396,0.8460000157356262,0.571399986743927
YOL086C,YDR116C,0,-6.8404303,0.12894375622272491,0.8460000157356262,0.5715000033378601
YPL019C,YBL060W,0,-6.8406334,0.12892410159111023,0.8460000157356262,0.5716000199317932
YOR307C,YML021C,0,-6.8406587,0.12890446186065674,0.8460000157356262,0.5716999769210815
YHR038W,YPR009W,0,-6.840834,0.12888482213020325,0.8460000157356262,0.5717999935150146
YBL063W,YPR043W,0,-6.8410044,0.12886519730091095,0.8460000157356262,0.5719000101089478
YNL153C,YPL237W,0,-6.841432,0.12884557247161865,0.8460000157356262,0.5720000267028809
YLR335W,YCL054W,0,-6.841519,0.12882594764232635,0.8460000157356262,0.5720999836921692
YEL029C,YJR139C,0,-6.8415256,0.12880633771419525,0.8460000157356262,0.5722000002861023
YLR189C,YNR072W,0,-6.8415527,0.12878672778606415,0.8460000157356262,0.5723000168800354
YHR215W,YIL153W,0,-6.8416176,0.12876711785793304,0.8460000157356262,0.5723999738693237
YLR110C,YOR035C,0,-6.8419414,0.12874752283096313,0.8460000157356262,0.5724999904632568
YKL161C,YLL056C,0,-6.8420854,0.12872794270515442,0.8460000157356262,0.5726000070571899
YHR201C,YFL008W,0,-6.8422403,0.1287083476781845,0.8460000157356262,0.572700023651123
YFR030W,YAL015C,0,-6.842639,0.1286887675523758,0.8460000157356262,0.5727999806404114
YLR300W,YEL031W,0,-6.842745,0.12866920232772827,0.8460000157356262,0.5728999972343445
YDR142C,YHL008C,0,-6.842799,0.12864963710308075,0.8460000157356262,0.5730000138282776
YLR357W,YMR019W,0,-6.8434033,0.12863007187843323,0.8460000157356262,0.5730999708175659
YER015W,YLR064W,0,-6.8434443,0.1286105215549469,0.8460000157356262,0.573199987411499
YBR278W,YLR345W,0,-6.8435073,0.12859097123146057,0.8460000157356262,0.5733000040054321
YPL076W,YGL252C,0,-6.8436403,0.12857143580913544,0.8460000157356262,0.5734000205993652
YPR083W,YHR152W,0,-6.843782,0.1285518854856491,0.8460000157356262,0.5734999775886536
YBR142W,YPR167C,0,-6.8438096,0.12853236496448517,0.8460000157356262,0.5735999941825867
YOL077C,YDR289C,0,-6.8438687,0.12851282954216003,0.8460000157356262,0.5737000107765198
YKL013C,YOR292C,0,-6.8443303,0.1284933239221573,0.8460000157356262,0.5738000273704529
YHR072W,YOL105C,0,-6.8445473,0.12847380340099335,0.8460000157356262,0.5738999843597412
YGR063C,YER087W,0,-6.8446193,0.1284542977809906,0.8460000157356262,0.5740000009536743
YHR160C,YML041C,0,-6.844722,0.12843479216098785,0.8460000157356262,0.5741000175476074
YIR021W,YPR075C,0,-6.844766,0.1284153014421463,0.8460000157356262,0.5741999745368958
YPR162C,YNL044W,0,-6.845206,0.12839581072330475,0.8460000157356262,0.5742999911308289
YLL008W,YLR014C,0,-6.84547,0.1283763349056244,0.8460000157356262,0.574400007724762
YNR067C,YOR347C,0,-6.845489,0.12835684418678284,0.8460000157356262,0.5745000243186951
YOR373W,YJR143C,0,-6.8456054,0.12833738327026367,0.8460000157356262,0.5745999813079834
YPL023C,YNL190W,0,-6.8457074,0.1283179074525833,0.8460000157356262,0.5746999979019165
YOL026C,YMR016C,0,-6.8457847,0.12829844653606415,0.8460000157356262,0.5748000144958496
YLR185W,YLR466W,0,-6.84587,0.12827900052070618,0.8460000157356262,0.5748999714851379
YLL009C,YKL079W,0,-6.8459077,0.1282595545053482,0.8460000157356262,0.574999988079071
YKR086W,YPR121W,0,-6.8460307,0.12824010848999023,0.8460000157356262,0.5751000046730042
YHR028C,YDR044W,0,-6.846124,0.12822067737579346,0.8460000157356262,0.5752000212669373
YDL243C,YOR396W,0,-6.846332,0.12820124626159668,0.8460000157356262,0.5752999782562256
YCL060C,YOR086C,0,-6.8468466,0.1281818151473999,0.8460000157356262,0.5753999948501587
YDR388W,YML052W,1,-6.84712,0.12831389904022217,0.847000002861023,0.5753999948501587
YNL326C,YOL020W,0,-6.84763,0.1282944530248642,0.847000002861023,0.5755000114440918
YJR119C,YDR363W-A,0,-6.8479204,0.12827502191066742,0.847000002861023,0.5756000280380249
YBR200W,YGR088W,0,-6.848683,0.12825560569763184,0.847000002861023,0.5756999850273132
YKL045W,YOL067C,0,-6.849126,0.12823618948459625,0.847000002861023,0.5758000016212463
YBR296C,YOR081C,0,-6.8492084,0.12821677327156067,0.847000002861023,0.5759000182151794
YCL061C,YMR158W,0,-6.849212,0.12819737195968628,0.847000002861023,0.5759999752044678
YPR199C,YGR185C,0,-6.8493595,0.1281779706478119,0.847000002861023,0.5760999917984009
YBL023C,YDR247W,0,-6.849864,0.1281585693359375,0.847000002861023,0.576200008392334
YKL200C,YKR092C,0,-6.8501983,0.1281391829252243,0.847000002861023,0.5763000249862671
YLR190W,YHL033C,0,-6.8502927,0.1281197965145111,0.847000002861023,0.5763999819755554
YGR142W,YPR017C,0,-6.850389,0.1281004250049591,0.847000002861023,0.5764999985694885
YOL063C,YFR024C,0,-6.850491,0.1280810534954071,0.847000002861023,0.5766000151634216
YDR098C,YGR112W,0,-6.850784,0.1280616819858551,0.847000002861023,0.57669997215271
YDR334W,YOR228C,0,-6.8509665,0.1280423253774643,0.847000002861023,0.5767999887466431
YMR297W,YBL014C,0,-6.851028,0.1280229687690735,0.847000002861023,0.5769000053405762
YLR078C,YCR089W,0,-6.8513927,0.12800362706184387,0.847000002861023,0.5770000219345093
YPL149W,YEL019C,0,-6.8514433,0.12798428535461426,0.847000002861023,0.5770999789237976
YDR440W,YDR432W,0,-6.8514886,0.12796494364738464,0.847000002861023,0.5771999955177307
YHL048W,YLR367W,0,-6.8515606,0.12794561684131622,0.847000002861023,0.5773000121116638
YIL061C,YPR173C,0,-6.8523273,0.1279262900352478,0.847000002861023,0.5774000287055969
YKL141W,YCL075W,0,-6.852342,0.12790697813034058,0.847000002861023,0.5774999856948853
YDR386W,YDL025C,0,-6.8524833,0.12788766622543335,0.847000002861023,0.5776000022888184
YMR305C,YHR064C,0,-6.8525023,0.12786835432052612,0.847000002861023,0.5777000188827515
YJR059W,YOR247W,0,-6.8525157,0.1278490573167801,0.847000002861023,0.5777999758720398
YKL006W,YPL066W,0,-6.8526177,0.12782976031303406,0.847000002861023,0.5778999924659729
YGR157W,YAL063C,0,-6.852667,0.12781047821044922,0.847000002861023,0.578000009059906
YDL044C,YLR075W,0,-6.8528886,0.12779119610786438,0.847000002861023,0.5781000256538391
YNL178W,YGR109W-B,0,-6.8529124,0.12777191400527954,0.847000002861023,0.5781999826431274
YML094W,YBR272C,0,-6.853151,0.1277526468038559,0.847000002861023,0.5782999992370605
YIL137C,YLR345W,0,-6.853286,0.12773337960243225,0.847000002861023,0.5784000158309937
YLR329W,YKL156W,0,-6.8534045,0.1277141124010086,0.847000002861023,0.578499972820282
YDL226C,YBR016W,0,-6.8539224,0.12769486010074615,0.847000002861023,0.5785999894142151
YDR399W,YLR360W,0,-6.8542876,0.1276756078004837,0.847000002861023,0.5787000060081482
YGR132C,YGR203W,0,-6.8544097,0.12765637040138245,0.847000002861023,0.5788000226020813
YOR293W,YPR181C,0,-6.854423,0.1276371330022812,0.847000002861023,0.5788999795913696
YDR046C,YNL327W,0,-6.8545356,0.12761789560317993,0.847000002861023,0.5789999961853027
YEL061C,YNL251C,0,-6.854561,0.12759867310523987,0.847000002861023,0.5791000127792358
YNL118C,YGL046W,0,-6.8548164,0.1275794506072998,0.847000002861023,0.579200029373169
YLR328W,YML133C,0,-6.8549647,0.12756024301052094,0.847000002861023,0.5792999863624573
YDR335W,YGR245C,0,-6.8554664,0.12754103541374207,0.847000002861023,0.5794000029563904
YHR023W,YBR096W,0,-6.85556,0.1275218278169632,0.847000002861023,0.5795000195503235
YML015C,YLR035C-A,0,-6.855582,0.12750263512134552,0.847000002861023,0.5795999765396118
YNR019W,YMR167W,0,-6.855818,0.12748344242572784,0.847000002861023,0.5796999931335449
YIL007C,YBL100W-B,0,-6.855827,0.12746426463127136,0.847000002861023,0.579800009727478
YOL139C,YLR139C,0,-6.855907,0.12744508683681488,0.847000002861023,0.5799000263214111
YFL034C-A,YOR167C,0,-6.856322,0.1274259090423584,0.847000002861023,0.5799999833106995
YPR144C,YJL216C,0,-6.856626,0.1274067461490631,0.847000002861023,0.5800999999046326
YJR053W,YLR439W,0,-6.856717,0.12738758325576782,0.847000002861023,0.5802000164985657
YDR345C,YER102W,0,-6.8567758,0.12736842036247253,0.847000002861023,0.580299973487854
YOR103C,YGR111W,0,-6.85679,0.12734927237033844,0.847000002861023,0.5803999900817871
YPL240C,YPR148C,0,-6.857236,0.12733012437820435,0.847000002861023,0.5805000066757202
YGL076C,YGL137W,0,-6.8577037,0.12731099128723145,0.847000002861023,0.5806000232696533
YNR075W,YNL032W,1,-6.8577437,0.1274421364068985,0.8479999899864197,0.5806000232696533
YPL262W,YJL072C,0,-6.8580003,0.1274229884147644,0.8479999899864197,0.5806999802589417
YDL029W,YJR063W,0,-6.8580008,0.1274038404226303,0.8479999899864197,0.5807999968528748
YGL126W,YER078C,0,-6.858269,0.1273847073316574,0.8479999899864197,0.5809000134468079
YPR101W,YGR012W,0,-6.8583074,0.1273655742406845,0.8479999899864197,0.5809999704360962
YLR318W,YEL055C,0,-6.859072,0.1273464411497116,0.8479999899864197,0.5810999870300293
YNL136W,YNL279W,0,-6.8592753,0.1273273229598999,0.8479999899864197,0.5812000036239624
YPR161C,YLR227W-B,0,-6.859376,0.1273082047700882,0.8479999899864197,0.5813000202178955
YLR131C,YJL011C,0,-6.8597183,0.12728910148143768,0.8479999899864197,0.5813999772071838
YHR116W,YPR154W,0,-6.859963,0.12726999819278717,0.8479999899864197,0.5814999938011169
YLR377C,YNL190W,0,-6.8600125,0.12725089490413666,0.8479999899864197,0.58160001039505
YJL173C,YIL031W,0,-6.860396,0.12723180651664734,0.8479999899864197,0.5817000269889832
YML054C,YDR244W,0,-6.860662,0.12721271812915802,0.8479999899864197,0.5817999839782715
YDR016C,YOL021C,0,-6.8610115,0.1271936446428299,0.8479999899864197,0.5819000005722046
YDL069C,YFR008W,0,-6.8610654,0.12717457115650177,0.8479999899864197,0.5820000171661377
YLR246W,YNL046W,0,-6.8612494,0.12715549767017365,0.8479999899864197,0.582099974155426
YLR009W,YOR292C,0,-6.861402,0.1271364390850067,0.8479999899864197,0.5821999907493591
YHR209W,YDR030C,0,-6.8614817,0.12711738049983978,0.8479999899864197,0.5823000073432922
YGR285C,YPR098C,0,-6.8615355,0.12709832191467285,0.8479999899864197,0.5824000239372253
YCR033W,YDR134C,0,-6.8619046,0.12707927823066711,0.8479999899864197,0.5824999809265137
YPL266W,YDL025C,0,-6.86198,0.12706023454666138,0.8479999899864197,0.5825999975204468
YOR067C,YBR117C,0,-6.8621945,0.12704120576381683,0.8479999899864197,0.5827000141143799
YOR100C,YBR276C,0,-6.8622985,0.1270221620798111,0.8479999899864197,0.5827999711036682
YEL040W,YKR078W,0,-6.862303,0.12700314819812775,0.8479999899864197,0.5828999876976013
YIL002C,YNL093W,1,-6.8623104,0.12713387608528137,0.8489999771118164,0.5828999876976013
YMR199W,YGR209C,0,-6.8624005,0.12711483240127563,0.8489999771118164,0.5830000042915344
YIL006W,YGR012W,0,-6.8627763,0.1270958036184311,0.8489999771118164,0.5831000208854675
YKR086W,YEL057C,0,-6.8634644,0.12707678973674774,0.8489999771118164,0.5831999778747559
YMR312W,YCR016W,0,-6.8635354,0.1270577609539032,0.8489999771118164,0.583299994468689
YBR020W,YER150W,0,-6.863737,0.12703876197338104,0.8489999771118164,0.5834000110626221
YLR359W,YBR098W,0,-6.864234,0.1270197480916977,0.8489999771118164,0.5835000276565552
YNR067C,YMR099C,0,-6.8642874,0.12700074911117554,0.8489999771118164,0.5835999846458435
YJL003W,YDR058C,0,-6.864555,0.12698175013065338,0.8489999771118164,0.5837000012397766
YGL111W,YHR106W,0,-6.864872,0.12696276605129242,0.8489999771118164,0.5838000178337097
YBL019W,YPR095C,0,-6.8648877,0.12694378197193146,0.8489999771118164,0.583899974822998
YNL310C,YCL075W,0,-6.8648934,0.1269247978925705,0.8489999771118164,0.5839999914169312
YNR049C,YMR125W,0,-6.8649597,0.12690582871437073,0.8489999771118164,0.5841000080108643
YKL097W-A,YKR049C,0,-6.865047,0.12688685953617096,0.8489999771118164,0.5842000246047974
YDR476C,YPR098C,0,-6.8652387,0.12686790525913239,0.8489999771118164,0.5842999815940857
YOR208W,YCR102C,0,-6.8659234,0.1268489509820938,0.8489999771118164,0.5843999981880188
YER090W,YNR036C,0,-6.866025,0.12682999670505524,0.8489999771118164,0.5845000147819519
YNL326C,YLL034C,0,-6.86611,0.12681105732917786,0.8489999771118164,0.5845999717712402
YFR033C,YOL129W,0,-6.86617,0.12679211795330048,0.8489999771118164,0.5846999883651733
YNL169C,YLR035C-A,0,-6.866177,0.1267731785774231,0.8489999771118164,0.5848000049591064
YML036W,YDL109C,0,-6.866339,0.1267542541027069,0.8489999771118164,0.5849000215530396
YHR027C,YKR060W,0,-6.866483,0.12673532962799072,0.8489999771118164,0.5849999785423279
YIL098C,YOR003W,0,-6.8668866,0.12671642005443573,0.8489999771118164,0.585099995136261
YGR202C,YLR298C,0,-6.866902,0.12669751048088074,0.8489999771118164,0.5852000117301941
YPR201W,YOL068C,0,-6.866959,0.12667860090732574,0.8489999771118164,0.5853000283241272
YKR035W-A,YHR143W-A,0,-6.8675694,0.12665970623493195,0.8489999771118164,0.5853999853134155
YIR004W,YEL055C,0,-6.8677053,0.12664081156253815,0.8489999771118164,0.5855000019073486
YEL059C-A,YML045W,0,-6.8678985,0.12662191689014435,0.8489999771118164,0.5856000185012817
YJL167W,YGL113W,0,-6.8679085,0.12660303711891174,0.8489999771118164,0.5856999754905701
YER027C,YOL107W,0,-6.8679624,0.12658417224884033,0.8489999771118164,0.5857999920845032
YER146W,YLR221C,0,-6.8681893,0.12656529247760773,0.8489999771118164,0.5859000086784363
YCL014W,YDR234W,0,-6.8685784,0.12654642760753632,0.8489999771118164,0.5860000252723694
YIL115C,YNR015W,0,-6.868592,0.1265275776386261,0.8489999771118164,0.5860999822616577
YPR001W,YOR176W,0,-6.86861,0.1265087127685547,0.8489999771118164,0.5861999988555908
YPL217C,YLR019W,0,-6.868935,0.12648986279964447,0.8489999771118164,0.5863000154495239
YOR025W,YIR021W,0,-6.8691354,0.12647102773189545,0.8489999771118164,0.5863999724388123
YNL091W,YOR292C,0,-6.8693414,0.12645219266414642,0.8489999771118164,0.5864999890327454
YDR158W,YDL059C,0,-6.8694234,0.1264333575963974,0.8489999771118164,0.5866000056266785
YPL072W,YKL196C,0,-6.869635,0.12641453742980957,0.8489999771118164,0.5867000222206116
YBL038W,YHR070W,0,-6.869866,0.12639571726322174,0.8489999771118164,0.5867999792098999
YOL156W,YGL096W,0,-6.8699207,0.1263768970966339,0.8489999771118164,0.586899995803833
YDR258C,YLL017W,0,-6.8700566,0.12635809183120728,0.8489999771118164,0.5870000123977661
YDL166C,YJL109C,0,-6.8703866,0.12633928656578064,0.8489999771118164,0.5871000289916992
YNL020C,YEL027W,1,-6.8704257,0.12646926939487457,0.8500000238418579,0.5871000289916992
YDR039C,YPL137C,0,-6.870459,0.12645046412944794,0.8500000238418579,0.5871999859809875
YDR246W,YCR062W,0,-6.870514,0.1264316588640213,0.8500000238418579,0.5873000025749207
YLR095C,YDR055W,0,-6.870641,0.12641285359859467,0.8500000238418579,0.5874000191688538
YMR154C,YLR194C,0,-6.87067,0.12639404833316803,0.8500000238418579,0.5874999761581421
YJL214W,YPL246C,0,-6.8706846,0.1263752579689026,0.8500000238418579,0.5875999927520752
YFL008W,YGR059W,0,-6.870746,0.12635646760463715,0.8500000238418579,0.5877000093460083
YLR019W,YOL125W,0,-6.870807,0.1263376921415329,0.8500000238418579,0.5878000259399414
YBL042C,YOR001W,0,-6.870959,0.12631891667842865,0.8500000238418579,0.5878999829292297
YGR275W,YPL258C,0,-6.871138,0.1263001412153244,0.8500000238418579,0.5879999995231628
YBL063W,YNR015W,0,-6.871526,0.12628138065338135,0.8500000238418579,0.588100016117096
YHR194W,YDR268W,0,-6.8716264,0.1262626200914383,0.8500000238418579,0.5881999731063843
YDR364C,YMR049C,0,-6.871927,0.12624387443065643,0.8500000238418579,0.5882999897003174
YLR006C,YMR268W-A,0,-6.8720145,0.12622512876987457,0.8500000238418579,0.5884000062942505
YPL126W,YLR043C,0,-6.8724284,0.1262063831090927,0.8500000238418579,0.5885000228881836
YOL066C,YJR088C,0,-6.8728085,0.12618765234947205,0.8500000238418579,0.5885999798774719
YDR296W,YNL119W,0,-6.872994,0.12616892158985138,0.8500000238418579,0.588699996471405
YOR177C,YOR008C-A,0,-6.873522,0.1261501908302307,0.8500000238418579,0.5888000130653381
YGL076C,YOR290C,0,-6.873866,0.12613147497177124,0.8500000238418579,0.5889000296592712
YDR409W,YLR035C-A,0,-6.8738914,0.12611275911331177,0.8500000238418579,0.5889999866485596
YHL024W,YCR102C,0,-6.8741345,0.1260940581560135,0.8500000238418579,0.5891000032424927
YOR011W,YBR154C,0,-6.874492,0.12607534229755402,0.8500000238418579,0.5892000198364258
YDL107W,YJR007W,0,-6.8748884,0.12605665624141693,0.8500000238418579,0.5892999768257141
YGR284C,YLL017W,0,-6.875603,0.12603795528411865,0.8500000238418579,0.5893999934196472
YGL183C,YCL003W,0,-6.8756766,0.12601926922798157,0.8500000238418579,0.5895000100135803
YJL061W,YGL184C,0,-6.8757358,0.12600059807300568,0.8500000238418579,0.5896000266075134
YBR188C,YDR447C,0,-6.876067,0.1259819120168686,0.8500000238418579,0.5896999835968018
YOL089C,YDR086C,0,-6.876153,0.1259632557630539,0.8500000238418579,0.5898000001907349
YGR112W,YML040W,0,-6.8762374,0.125944584608078,0.8500000238418579,0.589900016784668
YHR188C,YIL011W,0,-6.8762465,0.1259259283542633,0.8500000238418579,0.5899999737739563
YAL034W-A,YMR243C,0,-6.8763146,0.1259072721004486,0.8500000238418579,0.5900999903678894
YNL214W,YER023W,0,-6.8765507,0.1258886307477951,0.8500000238418579,0.5902000069618225
YFR032C-A,YML021C,0,-6.876558,0.1258699893951416,0.8500000238418579,0.5903000235557556
YDR123C,YDR137W,0,-6.8766303,0.1258513480424881,0.8500000238418579,0.590399980545044
YNL250W,YMR291W,0,-6.87725,0.1258327215909958,0.8500000238418579,0.590499997138977
YMR048W,YOR356W,0,-6.8777337,0.12581409513950348,0.8500000238418579,0.5906000137329102
YGR208W,YOL092W,0,-6.8779674,0.12579546868801117,0.8500000238418579,0.5906999707221985
YGL148W,YBR133C,0,-6.877983,0.12577685713768005,0.8500000238418579,0.5907999873161316
YAR019C,YHR209W,0,-6.878073,0.12575824558734894,0.8500000238418579,0.5909000039100647
YEL034W,YHL006C,0,-6.8781586,0.12573964893817902,0.8500000238418579,0.5910000205039978
YER159C,YGR159C,0,-6.8781734,0.1257210522890091,0.8500000238418579,0.5910999774932861
YLR208W,YGR109W-B,0,-6.8781877,0.12570245563983917,0.8500000238418579,0.5911999940872192
YDR126W,YEL004W,0,-6.878624,0.12568387389183044,0.8500000238418579,0.5913000106811523
YKL060C,YDR165W,0,-6.8787713,0.12566529214382172,0.8500000238418579,0.5914000272750854
YBR290W,YKR057W,0,-6.8788486,0.125646710395813,0.8500000238418579,0.5914999842643738
YIL066C,YDL012C,0,-6.8789654,0.12562814354896545,0.8500000238418579,0.5916000008583069
YDR181C,YLR164W,0,-6.879111,0.12560957670211792,0.8500000238418579,0.59170001745224
YAR044W,YNL093W,1,-6.8793077,0.12573876976966858,0.8510000109672546,0.59170001745224
YKR093W,YMR016C,0,-6.879683,0.12572018802165985,0.8510000109672546,0.5917999744415283
YOR237W,YIR006C,1,-6.880237,0.12584933638572693,0.8519999980926514,0.5917999744415283
YMR125W,YJL225C,0,-6.8806243,0.1258307546377182,0.8519999980926514,0.5918999910354614
YOR351C,YEL065W,0,-6.8808684,0.12581217288970947,0.8519999980926514,0.5920000076293945
YMR198W,YFL011W,0,-6.881038,0.12579359114170074,0.8519999980926514,0.5921000242233276
YHR088W,YMR125W,0,-6.881435,0.1257750242948532,0.8519999980926514,0.592199981212616
YMR094W,YGR080W,0,-6.881541,0.12575645744800568,0.8519999980926514,0.5922999978065491
YCR024C,YPR140W,0,-6.8816113,0.12573790550231934,0.8519999980926514,0.5924000144004822
YNL079C,YPR004C,0,-6.881659,0.1257193386554718,0.8519999980926514,0.5924999713897705
YGL180W,YML125C,0,-6.8817325,0.12570080161094666,0.8519999980926514,0.5925999879837036
YOR058C,YER103W,0,-6.8820014,0.12568224966526031,0.8519999980926514,0.5927000045776367
YLR337W,YHR161C,1,-6.8821807,0.12581120431423187,0.8529999852180481,0.5927000045776367
YNL020C,YAR044W,1,-6.882222,0.12594012916088104,0.8539999723434448,0.5927000045776367
YAR044W,YKL203C,1,-6.8822556,0.12606900930404663,0.8550000190734863,0.5927000045776367
YDR363W,YBL064C,0,-6.8824854,0.1260504275560379,0.8550000190734863,0.5928000211715698
YER108C,YCR062W,0,-6.8828835,0.12603184580802917,0.8550000190734863,0.5928999781608582
YLR067C,YDR523C,0,-6.8831763,0.12601326406002045,0.8550000190734863,0.5929999947547913
YJR097W,YDR372C,0,-6.88337,0.1259946972131729,0.8550000190734863,0.5931000113487244
YIR037W,YGR251W,0,-6.8834,0.12597613036632538,0.8550000190734863,0.5932000279426575
YDL028C,YNL311C,0,-6.883453,0.12595757842063904,0.8550000190734863,0.5932999849319458
YPR043W,YHR080C,0,-6.883623,0.1259390115737915,0.8550000190734863,0.5934000015258789
YHR175W,YCL027C-A,0,-6.883719,0.12592047452926636,0.8550000190734863,0.593500018119812
YOR037W,YDR044W,0,-6.8838487,0.12590192258358002,0.8550000190734863,0.5935999751091003
YDL143W,YBR146W,0,-6.883961,0.12588338553905487,0.8550000190734863,0.5936999917030334
YBR247C,YMR086W,0,-6.883965,0.12586486339569092,0.8550000190734863,0.5938000082969666
YKR039W,YHR158C,0,-6.8841667,0.12584634125232697,0.8550000190734863,0.5939000248908997
YKR049C,YNL152W,0,-6.8843017,0.125827819108963,0.8550000190734863,0.593999981880188
YOR322C,YHR039C-B,0,-6.884429,0.12580929696559906,0.8550000190734863,0.5940999984741211
YNL136W,YFR024C,0,-6.8846135,0.1257907897233963,0.8550000190734863,0.5942000150680542
YOL026C,YDR120C,0,-6.8846345,0.12577228248119354,0.8550000190734863,0.5942999720573425
YJL034W,YDR503C,0,-6.8846483,0.12575379014015198,0.8550000190734863,0.5943999886512756
YLR380W,YGR277C,0,-6.8847356,0.1257352977991104,0.8550000190734863,0.5945000052452087
YHR051W,YOL093W,0,-6.8847585,0.12571680545806885,0.8550000190734863,0.5946000218391418
YPR167C,YCR055C,0,-6.884872,0.12569832801818848,0.8550000190734863,0.5946999788284302
YBL023C,YGR009C,0,-6.8849277,0.1256798505783081,0.8550000190734863,0.5947999954223633
YGR257C,YBL100W-A,0,-6.885057,0.12566137313842773,0.8550000190734863,0.5949000120162964
YCL003W,YNL054W,0,-6.8851905,0.12564291059970856,0.8550000190734863,0.5950000286102295
YOR382W,YOR057W,0,-6.8852544,0.12562444806098938,0.8550000190734863,0.5950999855995178
YDR372C,YDR134C,0,-6.8855996,0.1256060004234314,0.8550000190734863,0.5952000021934509
YGL148W,YDL134C-A,0,-6.8857703,0.12558753788471222,0.8550000190734863,0.595300018787384
YDR367W,YLL014W,0,-6.8861947,0.12556910514831543,0.8550000190734863,0.5953999757766724
YJL194W,YGR189C,0,-6.88625,0.12555065751075745,0.8550000190734863,0.5954999923706055
YNL279W,YNR064C,0,-6.886337,0.12553222477436066,0.8550000190734863,0.5956000089645386
YOR320C,YLR266C,0,-6.886457,0.12551379203796387,0.8550000190734863,0.5957000255584717
YOR391C,YLR096W,0,-6.886708,0.12549537420272827,0.8550000190734863,0.59579998254776
YMR060C,YLR212C,0,-6.8869104,0.12547695636749268,0.8550000190734863,0.5958999991416931
YMR023C,YLR183C,0,-6.8870516,0.12545855343341827,0.8550000190734863,0.5960000157356262
YFL047W,YCR102C,0,-6.887073,0.12544013559818268,0.8550000190734863,0.5960999727249146
YDR016C,YMR219W,0,-6.8874736,0.12542173266410828,0.8550000190734863,0.5961999893188477
YPR173C,YMR166C,0,-6.8874965,0.12540334463119507,0.8550000190734863,0.5963000059127808
YLL035W,YGR285C,0,-6.887593,0.12538495659828186,0.8550000190734863,0.5964000225067139
YLR019W,YGL184C,0,-6.887684,0.12536656856536865,0.8550000190734863,0.5964999794960022
YOR240W,YHL009C,0,-6.8876967,0.12534819543361664,0.8550000190734863,0.5965999960899353
YBR092C,YPR074C,0,-6.8878274,0.12532982230186462,0.8550000190734863,0.5967000126838684
YPL010W,YOL124C,0,-6.88799,0.1253114491701126,0.8550000190734863,0.5968000292778015
YNL227C,YDR059C,1,-6.888295,0.1254396289587021,0.8560000061988831,0.5968000292778015
YOR241W,YDR485C,0,-6.8882976,0.12542124092578888,0.8560000061988831,0.5968999862670898
YOL077C,YOL049W,0,-6.8882976,0.12540286779403687,0.8560000061988831,0.597000002861023
YLR142W,YMR236W,0,-6.8884053,0.12538450956344604,0.8560000061988831,0.597100019454956
YDR246W,YMR241W,0,-6.888927,0.12536613643169403,0.8560000061988831,0.5971999764442444
YPL061W,YLR068W,0,-6.8889937,0.1253477782011032,0.8560000061988831,0.5972999930381775
YHR118C,YJL210W,0,-6.889091,0.12532943487167358,0.8560000061988831,0.5974000096321106
YJL153C,YDR065W,0,-6.8895135,0.12531107664108276,0.8560000061988831,0.5975000262260437
YOL068C,YCR029C-A,0,-6.88961,0.12529273331165314,0.8560000061988831,0.597599983215332
YJR118C,YHR062C,0,-6.8896894,0.1252744048833847,0.8560000061988831,0.5976999998092651
YGL240W,YKR022C,0,-6.8897395,0.12525607645511627,0.8560000061988831,0.5978000164031982
YJL210W,YPL141C,0,-6.890028,0.12523774802684784,0.8560000061988831,0.5978999733924866
YOR330C,YNR012W,0,-6.89006,0.1252194195985794,0.8560000061988831,0.5979999899864197
YLR391W,YBL064C,0,-6.890128,0.12520110607147217,0.8560000061988831,0.5981000065803528
YNL172W,YJL058C,0,-6.890161,0.12518280744552612,0.8560000061988831,0.5982000231742859
YHR013C,YGR292W,0,-6.8908334,0.12516449391841888,0.8560000061988831,0.5982999801635742
YBL009W,YIL106W,0,-6.8909974,0.12514619529247284,0.8560000061988831,0.5983999967575073
YGR113W,YOL043C,0,-6.8910456,0.125127911567688,0.8560000061988831,0.5985000133514404
YNL206C,YJL187C,0,-6.891502,0.12510961294174194,0.8560000061988831,0.5985999703407288
YMR284W,YNR004W,0,-6.8915825,0.1250913292169571,0.8560000061988831,0.5986999869346619
YLL011W,YDR470C,0,-6.891619,0.12507306039333344,0.8560000061988831,0.598800003528595
YAL034W-A,YBR084C-A,0,-6.892012,0.12505479156970978,0.8560000061988831,0.5989000201225281
YBL023C,YML076C,0,-6.892054,0.12503652274608612,0.8560000061988831,0.5989999771118164
YGR289C,YJL102W,0,-6.892269,0.12501825392246246,0.8560000061988831,0.5990999937057495
YLR185W,YBR024W,0,-6.892509,0.125,0.8560000061988831,0.5992000102996826
YBR291C,YHR091C,0,-6.8925633,0.12498174607753754,0.8560000061988831,0.5993000268936157
YER069W,YOL077W-A,0,-6.892887,0.12496350705623627,0.8560000061988831,0.599399983882904
YLR035C-A,YMR046C,0,-6.8930106,0.1249452605843544,0.8560000061988831,0.5995000004768372
YPR110C,YOL120C,0,-6.8930883,0.12492702901363373,0.8560000061988831,0.5996000170707703
YIL019W,YKL200C,0,-6.89312,0.12490879744291306,0.8560000061988831,0.5996999740600586
YLR157C,YPL008W,0,-6.893125,0.12489057332277298,0.8560000061988831,0.5997999906539917
YDL154W,YOL107W,0,-6.8932605,0.1248723566532135,0.8560000061988831,0.5999000072479248
YNR074C,YJR099W,0,-6.893351,0.12485413998365402,0.8560000061988831,0.6000000238418579
YDL208W,YDR452W,0,-6.893604,0.12483593076467514,0.8560000061988831,0.6000999808311462
YGR247W,YGR180C,0,-6.8937173,0.12481772899627686,0.8560000061988831,0.6001999974250793
YKL172W,YOR057W,0,-6.8938785,0.12479953467845917,0.8560000061988831,0.6003000140190125
YLR209C,YBR079C,0,-6.894491,0.12478134036064148,0.8560000061988831,0.6003999710083008
YJL212C,YCL003W,0,-6.8945537,0.12476315349340439,0.8560000061988831,0.6004999876022339
YOR188W,YAL001C,0,-6.894573,0.1247449740767479,0.8560000061988831,0.600600004196167
YBR084W,YPL283C,0,-6.894653,0.1247267946600914,0.8560000061988831,0.6007000207901001
YOR124C,YGR054W,0,-6.89502,0.1247086226940155,0.8560000061988831,0.6007999777793884
YIL121W,YIL006W,0,-6.8950257,0.1246904581785202,0.8560000061988831,0.6008999943733215
YGR027W-A,YHL009W-B,0,-6.8951087,0.1246723011136055,0.8560000061988831,0.6010000109672546
YML124C,YCR062W,0,-6.8954225,0.1246541440486908,0.8560000061988831,0.6011000275611877
YDL200C,YPR158C-D,0,-6.895513,0.12463599443435669,0.8560000061988831,0.6011999845504761
YAL038W,YDR108W,0,-6.895639,0.12461784482002258,0.8560000061988831,0.6013000011444092
YPL129W,YOL128C,0,-6.895736,0.12459971010684967,0.8560000061988831,0.6014000177383423
YNL297C,YLR337W,1,-6.8959007,0.12472711503505707,0.8569999933242798,0.6014000177383423
YGL089C,YJL026W,0,-6.896456,0.12470896542072296,0.8569999933242798,0.6014999747276306
YLR085C,YKL092C,0,-6.8964834,0.12469081580638885,0.8569999933242798,0.6015999913215637
YDR138W,YEL020W-A,0,-6.8965,0.12467268109321594,0.8569999933242798,0.6017000079154968
YLR433C,YCL060C,0,-6.8966336,0.12465454638004303,0.8569999933242798,0.6018000245094299
YPR189W,YCR062W,0,-6.896761,0.12463641911745071,0.8569999933242798,0.6018999814987183
YCR070W,YER044C-A,0,-6.89679,0.1246182918548584,0.8569999933242798,0.6019999980926514
YGR133W,YDL059C,0,-6.8973203,0.12460017204284668,0.8569999933242798,0.6021000146865845
YJL172W,YHL008C,0,-6.8975406,0.12458205968141556,0.8569999933242798,0.6021999716758728
YDR380W,YGR258C,0,-6.8975463,0.12456395477056503,0.8569999933242798,0.6022999882698059
YFR033C,YJR028W,0,-6.8975496,0.12454584985971451,0.8569999933242798,0.602400004863739
YJL018W,YMR247C,0,-6.89782,0.12452775239944458,0.8569999933242798,0.6025000214576721
YLL022C,YKL200C,0,-6.8983026,0.12450966238975525,0.8569999933242798,0.6025999784469604
YIL078W,YIL144W,0,-6.8988004,0.12449157238006592,0.8569999933242798,0.6026999950408936
YKL110C,YHR002W,0,-6.898975,0.12447348982095718,0.8569999933242798,0.6028000116348267
YDR320C-A,YBR092C,0,-6.899159,0.12445541471242905,0.8569999933242798,0.6029000282287598
YIR013C,YHR080C,0,-6.899161,0.1244373470544815,0.8569999933242798,0.6029999852180481
YNL001W,YAL015C,0,-6.8992143,0.12441927939653397,0.8569999933242798,0.6031000018119812
YMR204C,YER058W,0,-6.899403,0.12440121918916702,0.8569999933242798,0.6032000184059143
YOR371C,YCR029C-A,0,-6.89951,0.12438316643238068,0.8569999933242798,0.6032999753952026
YAR044W,YHR016C,1,-6.900139,0.12451022863388062,0.8579999804496765,0.6032999753952026
YBR043C,YLL041C,0,-6.900169,0.12449216842651367,0.8579999804496765,0.6033999919891357
YDL115C,YDL079C,0,-6.900311,0.12447410076856613,0.8579999804496765,0.6035000085830688
YDL174C,YMR051C,0,-6.900524,0.12445604801177979,0.8579999804496765,0.603600025177002
YPL095C,YGL198W,0,-6.900888,0.12443799525499344,0.8579999804496765,0.6036999821662903
YAR019C,YDR098C-B,0,-6.9009185,0.12441994994878769,0.8579999804496765,0.6037999987602234
YCR097WB,YGL077C,0,-6.9009385,0.12440191209316254,0.8579999804496765,0.6039000153541565
YCR091W,YOR326W,0,-6.901261,0.12438388168811798,0.8579999804496765,0.6039999723434448
YOR074C,YER159C-A,0,-6.9013596,0.12436585128307343,0.8579999804496765,0.6040999889373779
YAL012W,YNL305C,0,-6.9013724,0.12434782832860947,0.8579999804496765,0.604200005531311
YML118W,YER150W,0,-6.901752,0.12432980537414551,0.8579999804496765,0.6043000221252441
YCR070W,YGL200C,0,-6.902001,0.12431179732084274,0.8579999804496765,0.6043999791145325
YGL005C,YJL214W,0,-6.9023767,0.12429378181695938,0.8579999804496765,0.6044999957084656
YDL079C,YBR267W,0,-6.902552,0.12427578121423721,0.8579999804496765,0.6046000123023987
YFL039C,YAR044W,1,-6.902996,0.12440260499715805,0.859000027179718,0.6046000123023987
YPL091W,YFL035C-A,0,-6.903045,0.12438458949327469,0.859000027179718,0.6047000288963318
YHR175W,YKL220C,0,-6.903241,0.12436658143997192,0.859000027179718,0.6047999858856201
YOR058C,YLR154C,0,-6.903907,0.12434858083724976,0.859000027179718,0.6049000024795532
YER146W,YFL060C,0,-6.904056,0.12433058023452759,0.859000027179718,0.6050000190734863
YMR182C,YPR114W,0,-6.904059,0.12431258708238602,0.859000027179718,0.6050999760627747
YFL060C,YER018C,0,-6.904307,0.12429460138082504,0.859000027179718,0.6051999926567078
YGL254W,YPR188C,0,-6.904489,0.12427662312984467,0.859000027179718,0.6053000092506409
YJL045W,YPL257W-B,0,-6.904779,0.12425864487886429,0.859000027179718,0.605400025844574
YGR023W,YDL121C,0,-6.90479,0.12424067407846451,0.859000027179718,0.6054999828338623
YGL123W,YIL029C,0,-6.904815,0.12422270327806473,0.859000027179718,0.6055999994277954
YNL156C,YPR097W,0,-6.90517,0.12420473992824554,0.859000027179718,0.6057000160217285
YLR157C-B,YMR295C,0,-6.9052205,0.12418678402900696,0.859000027179718,0.6057999730110168
YJL036W,YCR102C,0,-6.9058084,0.12416883558034897,0.859000027179718,0.60589998960495
YPL155C,YGL089C,0,-6.9059277,0.12415088713169098,0.859000027179718,0.6060000061988831
YCL029C,YNR027W,0,-6.9060445,0.12413294613361359,0.859000027179718,0.6061000227928162
YER020W,YPL257W-A,0,-6.90614,0.12411501258611679,0.859000027179718,0.6061999797821045
YNL106C,YAR044W,1,-6.90619,0.12424154579639435,0.8600000143051147,0.6061999797821045
YDR408C,YIL021W,0,-6.906235,0.12422360479831696,0.8600000143051147,0.6062999963760376
YGR095C,YER113C,0,-6.9062405,0.12420566380023956,0.8600000143051147,0.6064000129699707
YJL133W,YJR015W,0,-6.9062924,0.12418772280216217,0.8600000143051147,0.6065000295639038
YOR299W,YGL126W,0,-6.906568,0.12416979670524597,0.8600000143051147,0.6065999865531921
YPL078C,YPR010C,0,-6.9066634,0.12415187060832977,0.8600000143051147,0.6067000031471252
YGL028C,YOR045W,0,-6.9069505,0.12413395196199417,0.8600000143051147,0.6068000197410583
YER008C,YHR014W,0,-6.9070716,0.12411603331565857,0.8600000143051147,0.6068999767303467
YEL029C,YBR177C,0,-6.9071603,0.12409812211990356,0.8600000143051147,0.6069999933242798
YOR329C,YML052W,1,-6.907209,0.12422449886798859,0.8610000014305115,0.6069999933242798
YPR175W,YGL122C,0,-6.907334,0.12420658022165298,0.8610000014305115,0.6071000099182129
YLR383W,YGL210W,0,-6.90752,0.12418866157531738,0.8610000014305115,0.607200026512146
YJL201W,YLR081W,0,-6.907655,0.12417075037956238,0.8610000014305115,0.6072999835014343
YAL007C,YJR088C,0,-6.907778,0.12415284663438797,0.8610000014305115,0.6074000000953674
YCL069W,YOR054C,0,-6.907889,0.12413495033979416,0.8610000014305115,0.6075000166893005
YOL012C,YBL100W-A,0,-6.908114,0.12411705404520035,0.8610000014305115,0.6075999736785889
YAL048C,YER106W,0,-6.9081492,0.12409916520118713,0.8610000014305115,0.607699990272522
YDR440W,YPR114W,0,-6.908492,0.12408127635717392,0.8610000014305115,0.6078000068664551
YOR194C,YDR261W-B,0,-6.908603,0.1240634024143219,0.8610000014305115,0.6079000234603882
YBR077C,YJL052W,0,-6.908607,0.12404552847146988,0.8610000014305115,0.6079999804496765
YOL149W,YDR268W,0,-6.908634,0.12402765452861786,0.8610000014305115,0.6080999970436096
YNR075W,YOR008C,1,-6.9086533,0.12415382266044617,0.8619999885559082,0.6080999970436096
YDR204W,YCR055C,0,-6.9086733,0.12413594126701355,0.8619999885559082,0.6082000136375427
YHL040C,YGR032W,0,-6.909041,0.12411806732416153,0.8619999885559082,0.608299970626831
YDR093W,YLR337W,1,-6.9091096,0.12424416840076447,0.8629999756813049,0.608299970626831
YPL254W,YPR181C,0,-6.909127,0.12422628700733185,0.8629999756813049,0.6083999872207642
YML097C,YOR292C,0,-6.9091754,0.12420840561389923,0.8629999756813049,0.6085000038146973
YDL209C,YBR276C,0,-6.909322,0.12419053167104721,0.8629999756813049,0.6086000204086304
YJL133W,YGR192C,0,-6.9097757,0.12417266517877579,0.8629999756813049,0.6086999773979187
YGR128C,YPL257W-A,0,-6.909927,0.12415479868650436,0.8629999756813049,0.6087999939918518
YNL279W,YEL006W,0,-6.910058,0.12413693964481354,0.8629999756813049,0.6089000105857849
YAL053W,YDL210W,0,-6.9100647,0.12411908805370331,0.8629999756813049,0.609000027179718
YCR105W,YLL054C,0,-6.910187,0.12410123646259308,0.8629999756813049,0.6090999841690063
YDR281C,YLR227W-A,0,-6.9102216,0.12408339232206345,0.8629999756813049,0.6092000007629395
YBL024W,YER159C-A,0,-6.9103684,0.12406555563211441,0.8629999756813049,0.6093000173568726
YFL036W,YMR269W,0,-6.9104943,0.12404771894216537,0.8629999756813049,0.6093999743461609
YEL061C,YDR454C,0,-6.910731,0.12402989715337753,0.8629999756813049,0.609499990940094
YMR177W,YCR029C-A,0,-6.9107785,0.1240120679140091,0.8629999756813049,0.6096000075340271
YPR199C,YGR177C,0,-6.9109178,0.12399425357580185,0.8629999756813049,0.6097000241279602
YJR082C,YNR012W,0,-6.910971,0.1239764392375946,0.8629999756813049,0.6097999811172485
YJR084W,YFL034C-A,0,-6.911019,0.12395863234996796,0.8629999756813049,0.6098999977111816
YFR050C,YOR142W-A,0,-6.9110675,0.1239408329129219,0.8629999756813049,0.6100000143051147
YMR070W,YJR094W-A,0,-6.911109,0.12392303347587585,0.8629999756813049,0.6100999712944031
YOR384W,YBR108W,0,-6.911144,0.1239052414894104,0.8629999756813049,0.6101999878883362
YCL055W,YIL008W,0,-6.9112515,0.12388745695352554,0.8629999756813049,0.6103000044822693
YDL109C,YGR161W-B,0,-6.911288,0.12386967241764069,0.8629999756813049,0.6104000210762024
YDL108W,YJL018W,0,-6.9113193,0.12385189533233643,0.8629999756813049,0.6104999780654907
YNR008W,YHR050W,0,-6.9115825,0.12383412569761276,0.8629999756813049,0.6105999946594238
YPL194W,YBL071W-A,0,-6.9116282,0.1238163560628891,0.8629999756813049,0.6107000112533569
YNL327W,YDR489W,0,-6.91187,0.12379859387874603,0.8629999756813049,0.61080002784729
YBR133C,YDL098C,0,-6.9120975,0.12378083914518356,0.8629999756813049,0.6108999848365784
YPR029C,YBR244W,0,-6.912334,0.1237630844116211,0.8629999756813049,0.6110000014305115
YMR274C,YDL061C,0,-6.9123387,0.12374533712863922,0.8629999756813049,0.6111000180244446
YIL147C,YNR046W,0,-6.91242,0.12372759729623795,0.8629999756813049,0.6111999750137329
YDL102W,YJR152W,0,-6.9125447,0.12370986491441727,0.8629999756813049,0.611299991607666
YPR032W,YLR345W,0,-6.912665,0.12369213253259659,0.8629999756813049,0.6114000082015991
YMR138W,YHR031C,0,-6.9129987,0.1236744076013565,0.8629999756813049,0.6115000247955322
YMR011W,YBR218C,0,-6.9135423,0.12365668267011642,0.8629999756813049,0.6115999817848206
YHR129C,YGR278W,0,-6.913548,0.12363896518945694,0.8629999756813049,0.6116999983787537
YKL182W,YDR244W,0,-6.913614,0.12362125515937805,0.8629999756813049,0.6118000149726868
YPR144C,YBR181C,0,-6.913962,0.12360355257987976,0.8629999756813049,0.6118999719619751
YLL036C,YOR228C,0,-6.9140086,0.12358585000038147,0.8629999756813049,0.6119999885559082
YML011C,YHR045W,0,-6.914206,0.12356815487146378,0.8629999756813049,0.6121000051498413
YBR090C-A,YJL025W,0,-6.914409,0.12355046719312668,0.8629999756813049,0.6122000217437744
YGR109W-A,YLR414C,0,-6.914413,0.12353277951478958,0.8629999756813049,0.6122999787330627
YLR319C,YGL112C,0,-6.9145546,0.12351509928703308,0.8629999756813049,0.6123999953269958
YGL171W,YFL005W,0,-6.9145947,0.12349742650985718,0.8629999756813049,0.612500011920929
YOL123W,YDL033C,0,-6.9146347,0.12347975373268127,0.8629999756813049,0.6126000285148621
YER147C,YKL122C,0,-6.9149766,0.12346208840608597,0.8629999756813049,0.6126999855041504
YLR314C,YCR070W,0,-6.9151225,0.12344443053007126,0.8629999756813049,0.6128000020980835
YMR236W,YOR008C-A,0,-6.9152803,0.12342677265405655,0.8629999756813049,0.6129000186920166
YOR204W,YHR200W,0,-6.915351,0.12340912222862244,0.8629999756813049,0.6129999756813049
YGR279C,YBR254C,0,-6.9155316,0.12339147925376892,0.8629999756813049,0.613099992275238
YDL134C-A,YHR064C,0,-6.915553,0.1233738362789154,0.8629999756813049,0.6132000088691711
YHR178W,YDR135C,0,-6.9156327,0.12335620075464249,0.8629999756813049,0.6133000254631042
YLR056W,YLR337W,1,-6.915665,0.12348148971796036,0.8640000224113464,0.6133000254631042
YKL112W,YIR034C,0,-6.9159603,0.12346384674310684,0.8640000224113464,0.6133999824523926
YOR240W,YIR034C,0,-6.916118,0.12344620376825333,0.8640000224113464,0.6134999990463257
YMR188C,YMR242C,0,-6.916149,0.12342856824398041,0.8640000224113464,0.6136000156402588
YGR141W,YEL077C,0,-6.916615,0.12341094017028809,0.8640000224113464,0.6136999726295471
YDR098C-B,YHL044W,0,-6.9167295,0.12339331954717636,0.8640000224113464,0.6137999892234802
YNR075W,YOR329C,1,-6.9167676,0.12351848930120468,0.8650000095367432,0.6137999892234802
YLR359W,YDL194W,0,-6.9168067,0.12350085377693176,0.8650000095367432,0.6139000058174133
YHR209W,YPL276W,0,-6.91691,0.12348322570323944,0.8650000095367432,0.6140000224113464
YLR178C,YDR316W-B,0,-6.916987,0.12346559762954712,0.8650000095367432,0.6140999794006348
YHR156C,YKR053C,0,-6.917081,0.1234479770064354,0.8650000095367432,0.6141999959945679
YJL125C,YLR287C-A,0,-6.9171715,0.12343036383390427,0.8650000095367432,0.614300012588501
YGR295C,YLR340W,0,-6.9173703,0.12341275811195374,0.8650000095367432,0.6144000291824341
YML094W,YNL274C,0,-6.9173765,0.1233951523900032,0.8650000095367432,0.6144999861717224
YCR073C,YDR316W-A,0,-6.917538,0.12337754666805267,0.8650000095367432,0.6146000027656555
YBR296C,YNL054W-B,0,-6.9179435,0.12335995584726334,0.8650000095367432,0.6147000193595886
YMR184W,YBL098W,0,-6.9181185,0.123342365026474,0.8650000095367432,0.614799976348877
YMR049C,YDL166C,0,-6.9183736,0.12332478165626526,0.8650000095367432,0.6148999929428101
YPL171C,YPL283C,0,-6.9190335,0.12330719828605652,0.8650000095367432,0.6150000095367432
YGL257C,YKL125W,0,-6.9190917,0.12328962236642838,0.8650000095367432,0.6151000261306763
YOR109W,YLR337W,1,-6.9192944,0.12341456115245819,0.8659999966621399,0.6151000261306763
YER054C,YCL005W-A,0,-6.919398,0.12339697778224945,0.8659999966621399,0.6151999831199646
YDR106W,YML127W,0,-6.9194055,0.12337940186262131,0.8659999966621399,0.6152999997138977
YLR175W,YCR080W,0,-6.9194074,0.12336182594299316,0.8659999966621399,0.6154000163078308
YNL096C,YER137C-A,0,-6.9194136,0.12334425002336502,0.8659999966621399,0.6154999732971191
YOR382W,YBR082C,0,-6.9198675,0.12332668900489807,0.8659999966621399,0.6155999898910522
YHR007C,YER108C,0,-6.919951,0.12330912798643112,0.8659999966621399,0.6157000064849854
YGR029W,YNR023W,0,-6.9203706,0.12329157441854477,0.8659999966621399,0.6158000230789185
YGR142W,YOR343W-B,0,-6.9205904,0.12327402085065842,0.8659999966621399,0.6158999800682068
YGR091W,YPL225W,0,-6.920908,0.12325647473335266,0.8659999966621399,0.6159999966621399
YGL044C,YGR161C-C,0,-6.920958,0.1232389360666275,0.8659999966621399,0.616100013256073
YCR070W,YCR060W,0,-6.9211516,0.12322139739990234,0.8659999966621399,0.6161999702453613
YML022W,YGL245W,0,-6.921314,0.12320386618375778,0.8659999966621399,0.6162999868392944
YDR498C,YGR090W,0,-6.9216237,0.12318634241819382,0.8659999966621399,0.6164000034332275
YOR156C,YER041W,0,-6.921766,0.12316882610321045,0.8659999966621399,0.6165000200271606
YLR026C,YDL244W,0,-6.9217825,0.12315130978822708,0.8659999966621399,0.616599977016449
YNR030W,YJL103C,0,-6.9219475,0.12313380092382431,0.8659999966621399,0.6166999936103821
YHR079C-B,YDL112W,0,-6.922026,0.12311629205942154,0.8659999966621399,0.6168000102043152
YOR031W,YCL060C,0,-6.9221067,0.12309879064559937,0.8659999966621399,0.6169000267982483
YGR165W,YML082W,0,-6.9223895,0.12308129668235779,0.8659999966621399,0.6169999837875366
YGR200C,YLR227W-A,0,-6.922539,0.12306380271911621,0.8659999966621399,0.6171000003814697
YDL166C,YDL244W,0,-6.9225626,0.12304632365703583,0.8659999966621399,0.6172000169754028
YHR082C,YJR102C,0,-6.922564,0.12302883714437485,0.8659999966621399,0.6172999739646912
YGR253C,YMR096W,0,-6.923019,0.12301136553287506,0.8659999966621399,0.6173999905586243
YPR194C,YOR068C,0,-6.9230995,0.12299389392137527,0.8659999966621399,0.6175000071525574
YDR281C,YHR062C,0,-6.923262,0.12297642976045609,0.8659999966621399,0.6176000237464905
YJR065C,YOR098C,0,-6.923285,0.1229589655995369,0.8659999966621399,0.6176999807357788
YGR103W,YJR027W,0,-6.923513,0.1229415088891983,0.8659999966621399,0.6177999973297119
YFL035C-B,YGL059W,0,-6.9235406,0.12292405962944031,0.8659999966621399,0.617900013923645
YGR103W,YJL117W,0,-6.92378,0.12290661036968231,0.8659999966621399,0.6179999709129333
YOR237W,YNL243W,1,-6.9239163,0.12303107976913452,0.8669999837875366,0.6179999709129333
YDR414C,YLR035C-A,0,-6.9239964,0.12301362305879593,0.8669999837875366,0.6180999875068665
YLR391W,YKL179C,0,-6.924027,0.12299616634845734,0.8669999837875366,0.6182000041007996
YMR136W,YKL099C,0,-6.924029,0.12297872453927994,0.8669999837875366,0.6183000206947327
YNL001W,YMR228W,0,-6.924151,0.12296128273010254,0.8669999837875366,0.618399977684021
YPL233W,YDR365W-B,0,-6.9242673,0.12294384837150574,0.8669999837875366,0.6184999942779541
YLR219W,YPL257W-A,0,-6.9243407,0.12292641401290894,0.8669999837875366,0.6186000108718872
YDR342C,YDR170W-A,0,-6.924396,0.12290898710489273,0.8669999837875366,0.6187000274658203
YFL035C,YKR013W,0,-6.9244595,0.12289156764745712,0.8669999837875366,0.6187999844551086
YGR113W,YHL007C,0,-6.9252696,0.12287414819002151,0.8669999837875366,0.6189000010490417
YNL318C,YNL181W,0,-6.9254746,0.1228567361831665,0.8669999837875366,0.6190000176429749
YLR353W,YDR110W,0,-6.925636,0.12283933162689209,0.8669999837875366,0.6190999746322632
YDL092W,YOL018C,0,-6.925758,0.12282192707061768,0.8669999837875366,0.6191999912261963
YDL075W,YLR043C,0,-6.9257617,0.12280452996492386,0.8669999837875366,0.6193000078201294
YNL201C,YDR495C,0,-6.925772,0.12278714030981064,0.8669999837875366,0.6194000244140625
YFR001W,YPL176C,0,-6.9258633,0.12276975065469742,0.8669999837875366,0.6194999814033508
YAR002C-A,YHL012W,0,-6.9259706,0.1227523684501648,0.8669999837875366,0.6195999979972839
YDL134C-A,YKL184W,0,-6.926041,0.12273499369621277,0.8669999837875366,0.619700014591217
YKL085W,YLR409C,0,-6.9261155,0.12271761894226074,0.8669999837875366,0.6197999715805054
YHL036W,YDR012W,0,-6.926204,0.12270025163888931,0.8669999837875366,0.6198999881744385
YPR160W,YIL143C,0,-6.926346,0.12268289178609848,0.8669999837875366,0.6200000047683716
YJR108W,YDR353W,0,-6.9264846,0.12266553193330765,0.8669999837875366,0.6201000213623047
YMR065W,YKL148C,0,-6.9265084,0.12264817953109741,0.8669999837875366,0.620199978351593
YOL077W-A,YGL163C,0,-6.926684,0.12263083457946777,0.8669999837875366,0.6202999949455261
YDR477W,YOR292C,0,-6.926767,0.12261348962783813,0.8669999837875366,0.6204000115394592
YDR320C-A,YOL119C,0,-6.92689,0.12259615212678909,0.8669999837875366,0.6205000281333923
YLR417W,YDR261W-A,0,-6.9272084,0.12257882207632065,0.8669999837875366,0.6205999851226807
YFL021W,YLR157C-B,0,-6.927283,0.1225614920258522,0.8669999837875366,0.6207000017166138
YMR167W,YLR058C,0,-6.927612,0.12254416942596436,0.8669999837875366,0.6208000183105469
YLR080W,YJR159W,0,-6.9276533,0.1225268542766571,0.8669999837875366,0.6208999752998352
YPL194W,YPR054W,0,-6.9279585,0.12250953912734985,0.8669999837875366,0.6209999918937683
YDR023W,YGR027W-A,0,-6.927981,0.1224922314286232,0.8669999837875366,0.6211000084877014
YJR147W,YHL009W-B,0,-6.927981,0.12247492372989655,0.8669999837875366,0.6212000250816345
YCR034W,YLR227W-A,0,-6.927981,0.12245762348175049,0.8669999837875366,0.6212999820709229
YPL183W-A,YPR011C,0,-6.928083,0.12244033068418503,0.8669999837875366,0.621399998664856
YCR097WB,YGL226C-A,0,-6.928136,0.12242304533720016,0.8669999837875366,0.6215000152587891
YGR048W,YPL144W,0,-6.92839,0.1224057599902153,0.8669999837875366,0.6215999722480774
YER065C,YMR268W-A,0,-6.928487,0.12238848209381104,0.8669999837875366,0.6216999888420105
YML006C,YCR020C,0,-6.928889,0.12237120419740677,0.8669999837875366,0.6218000054359436
YLR367W,YPR158C-C,0,-6.9289002,0.1223539337515831,0.8669999837875366,0.6219000220298767
YGL051W,YCL063W,0,-6.929258,0.12233667075634003,0.8669999837875366,0.621999979019165
YML042W,YPR156C,0,-6.929295,0.12231941521167755,0.8669999837875366,0.6220999956130981
YIR005W,YNR052C,0,-6.929315,0.12230215966701508,0.8669999837875366,0.6222000122070312
YJL061W,YDR201W,0,-6.9293447,0.1222849115729332,0.8669999837875366,0.6223000288009644
YDR226W,YDR131C,0,-6.929536,0.12226766347885132,0.8669999837875366,0.6223999857902527
YGR010W,YLR134W,0,-6.9296803,0.12225042283535004,0.8669999837875366,0.6225000023841858
YDR197W,YLR150W,0,-6.9298124,0.12223318964242935,0.8669999837875366,0.6226000189781189
YDR044W,YIR015W,0,-6.93001,0.12221595644950867,0.8669999837875366,0.6226999759674072
YCL067C,YMR134W,0,-6.9300523,0.12219873070716858,0.8669999837875366,0.6227999925613403
YCL061C,YIL083C,0,-6.930266,0.12218151241540909,0.8669999837875366,0.6229000091552734
YMR274C,YGR054W,0,-6.9303746,0.1221642941236496,0.8669999837875366,0.6230000257492065
YMR275C,YPL079W,0,-6.93041,0.1221470832824707,0.8669999837875366,0.6230999827384949
YHR147C,YPL249C-A,0,-6.9304204,0.1221298798918724,0.8669999837875366,0.623199999332428
YDL004W,YGL194C,0,-6.930445,0.12211267650127411,0.8669999837875366,0.6233000159263611
YKL110C,YCL061C,0,-6.9304614,0.12209548056125641,0.8669999837875366,0.6233999729156494
YDR424C,YCL048W,0,-6.9305744,0.12207828462123871,0.8669999837875366,0.6234999895095825
YGR089W,YKL043W,0,-6.930632,0.1220611035823822,0.8669999837875366,0.6236000061035156
YML014W,YDR262W,0,-6.9307704,0.1220439225435257,0.8669999837875366,0.6237000226974487
YKR038C,YER068W,0,-6.930862,0.12202674150466919,0.8669999837875366,0.6237999796867371
YJR099W,YLR001C,0,-6.931004,0.12200956791639328,0.8669999837875366,0.6238999962806702
YGL119W,YKL181W,0,-6.9313455,0.12199240177869797,0.8669999837875366,0.6240000128746033
YGR275W,YJR027W,0,-6.9313817,0.12197523564100266,0.8669999837875366,0.6241000294685364
YDL115C,YJL116C,0,-6.931403,0.12195808440446854,0.8669999837875366,0.6241999864578247
YOL053C-A,YOR168W,0,-6.931484,0.12194092571735382,0.8669999837875366,0.6243000030517578
YBR030W,YDR316W-A,0,-6.931511,0.1219237819314003,0.8669999837875366,0.6244000196456909
YHR216W,YPR158C-C,0,-6.9315476,0.12190663814544678,0.8669999837875366,0.6244999766349792
YDL029W,YOR116C,0,-6.931577,0.12188950181007385,0.8669999837875366,0.6245999932289124
YDR288W,YBR028C,0,-6.931977,0.12187236547470093,0.8669999837875366,0.6247000098228455
YOR204W,YBL039C,0,-6.9320817,0.1218552365899086,0.8669999837875366,0.6248000264167786
YMR163C,YGR161C-D,0,-6.9320993,0.12183810770511627,0.8669999837875366,0.6248999834060669
YDR175C,YDR261W-B,0,-6.932118,0.12182099372148514,0.8669999837875366,0.625
YGL012W,YPR037C,0,-6.9324164,0.121803879737854,0.8669999837875366,0.6251000165939331
YOR074C,YDR495C,0,-6.9326954,0.12178676575422287,0.8669999837875366,0.6251999735832214
YKL220C,YNL012W,0,-6.932838,0.12176965922117233,0.8669999837875366,0.6252999901771545
YJR110W,YOR292C,0,-6.9330735,0.12175256013870239,0.8669999837875366,0.6254000067710876
YJL158C,YMR179W,0,-6.933079,0.12173546850681305,0.8669999837875366,0.6255000233650208
YGL229C,YMR071C,0,-6.9334397,0.1217183768749237,0.8669999837875366,0.6255999803543091
YJL122W,YGR001C,0,-6.9334955,0.12170129269361496,0.8669999837875366,0.6256999969482422
YFR052W,YLR414C,0,-6.93364,0.12168420851230621,0.8669999837875366,0.6258000135421753
YPL022W,YDR316W-B,0,-6.9339013,0.12166713178157806,0.8669999837875366,0.6258999705314636
YBR093C,YNL026W,0,-6.934227,0.12165006250143051,0.8669999837875366,0.6259999871253967
YHL006C,YOR359W,0,-6.9342403,0.12163299322128296,0.8669999837875366,0.6261000037193298
YJL061W,YCR029C-A,0,-6.934379,0.121615931391716,0.8669999837875366,0.6262000203132629
YBR208C,YPL094C,0,-6.9343967,0.12159887701272964,0.8669999837875366,0.6262999773025513
YML094W,YGR027W-A,0,-6.934527,0.12158182263374329,0.8669999837875366,0.6263999938964844
YPL181W,YHR123W,0,-6.93473,0.12156477570533752,0.8669999837875366,0.6265000104904175
YHR154W,YDR389W,0,-6.93502,0.12154773622751236,0.8669999837875366,0.6266000270843506
YDR524C,YJL006C,0,-6.935104,0.1215306967496872,0.8669999837875366,0.6266999840736389
YHR046C,YPR095C,0,-6.935371,0.12151366472244263,0.8669999837875366,0.626800000667572
YOR361C,YNL190W,0,-6.9354405,0.12149664014577866,0.8669999837875366,0.6269000172615051
YIL121W,YDL211C,0,-6.935479,0.12147961556911469,0.8669999837875366,0.6269999742507935
YGR010W,YIL074C,0,-6.935509,0.12146259099245071,0.8669999837875366,0.6270999908447266
YGL210W-A,YDR074W,0,-6.935529,0.12144558131694794,0.8669999837875366,0.6272000074386597
YJL209W,YPR133C,0,-6.935757,0.12142857164144516,0.8669999837875366,0.6273000240325928
YMR189W,YPL143W,0,-6.9358077,0.12141156941652298,0.8669999837875366,0.6273999810218811
YER166W,YML052W,1,-6.935989,0.12153458595275879,0.8679999709129333,0.6273999810218811
YPL275W,YDR302W,0,-6.936046,0.12151756882667542,0.8679999709129333,0.6274999976158142
YOR174W,YDL012C,0,-6.9361024,0.12150055915117264,0.8679999709129333,0.6276000142097473
YJL207C,YJL063C,0,-6.9361367,0.12148355692625046,0.8679999709129333,0.6276999711990356
YPL094C,YOR019W,0,-6.936273,0.12146655470132828,0.8679999709129333,0.6277999877929688
YJL104W,YLR136C,0,-6.9363074,0.1214495599269867,0.8679999709129333,0.6279000043869019
YNR055C,YDL146W,0,-6.93706,0.12143256515264511,0.8679999709129333,0.628000020980835
YCL024W,YLR256W-A,0,-6.937102,0.12141558527946472,0.8679999709129333,0.6280999779701233
YNR008W,YKL122C,0,-6.9376554,0.12139859795570374,0.8679999709129333,0.6281999945640564
YHL003C,YBL100W-B,0,-6.937657,0.12138162553310394,0.8679999709129333,0.6283000111579895
YBR020W,YDR196C,0,-6.937918,0.12136465311050415,0.8679999709129333,0.6284000277519226
YOL084W,YNL054W-A,0,-6.937966,0.12134768813848495,0.8679999709129333,0.6284999847412109
YPR119W,YOR207C,0,-6.938023,0.12133072316646576,0.8679999709129333,0.628600001335144
YNL220W,YDL060W,0,-6.9383693,0.12131376564502716,0.8679999709129333,0.6287000179290771
YFL060C,YPR158W-B,0,-6.9384074,0.12129681557416916,0.8679999709129333,0.6287999749183655
YMR060C,YPL047W,0,-6.9385905,0.12127986550331116,0.8679999709129333,0.6288999915122986
YOL041C,YDR422C,0,-6.9386115,0.12126292288303375,0.8679999709129333,0.6290000081062317
YNR010W,YCL026C-A,0,-6.938654,0.12124598771333694,0.8679999709129333,0.6291000247001648
YJL018W,YLR403W,0,-6.938822,0.12122905254364014,0.8679999709129333,0.6291999816894531
YLR119W,YKL088W,0,-6.9389424,0.12121212482452393,0.8679999709129333,0.6292999982833862
YOR303W,YJR059W,0,-6.9389753,0.12119519710540771,0.8679999709129333,0.6294000148773193
YOR329C,YAR044W,1,-6.9391136,0.12131788581609726,0.8690000176429749,0.6294000148773193
YBR131W,YFL035C-A,0,-6.9391313,0.12130095064640045,0.8690000176429749,0.6294999718666077
YIL002C,YAR044W,1,-6.939179,0.12142358720302582,0.8700000047683716,0.6294999718666077
YKL138C,YDR261W-B,0,-6.93918,0.12140664458274841,0.8700000047683716,0.6295999884605408
YLR120C,YLR227W-B,0,-6.9393272,0.12138970196247101,0.8700000047683716,0.6297000050544739
YNL041C,YPL072W,0,-6.939461,0.1213727667927742,0.8700000047683716,0.629800021648407
YDR414C,YDR534C,0,-6.9394813,0.12135583907365799,0.8700000047683716,0.6298999786376953
YAR015W,YHL040C,0,-6.939597,0.12133891135454178,0.8700000047683716,0.6299999952316284
YML025C,YDL124W,0,-6.939632,0.12132199108600616,0.8700000047683716,0.6301000118255615
YLR172C,YDL090C,0,-6.9397774,0.12130507826805115,0.8700000047683716,0.6302000284194946
YGR163W,YOR224C,0,-6.9397807,0.12128816545009613,0.8700000047683716,0.630299985408783
YHR121W,YBR237W,0,-6.939788,0.12127126008272171,0.8700000047683716,0.6304000020027161
YAL003W,YGR161W-A,0,-6.940155,0.12125435471534729,0.8700000047683716,0.6305000185966492
YMR086W,YNL054W-A,0,-6.940578,0.12123745679855347,0.8700000047683716,0.6305999755859375
YMR266W,YNL054W-A,0,-6.940891,0.12122056633234024,0.8700000047683716,0.6306999921798706
YBL017C,YIL172C,0,-6.9409275,0.12120367586612701,0.8700000047683716,0.6308000087738037
YPR175W,YLR383W,0,-6.9409547,0.12118679285049438,0.8700000047683716,0.6309000253677368
YDR113C,YDL134C-A,0,-6.941159,0.12116991728544235,0.8700000047683716,0.6309999823570251
YMR154C,YKR060W,0,-6.941365,0.12115304172039032,0.8700000047683716,0.6310999989509583
YAL058W,YCL020W,0,-6.941468,0.12113617360591888,0.8700000047683716,0.6312000155448914
YHR166C,YDL017W,0,-6.9415774,0.12111931294202805,0.8700000047683716,0.6312999725341797
YEL004W,YBL113C,0,-6.9418306,0.12110245227813721,0.8700000047683716,0.6313999891281128
YPR020W,YLR002C,0,-6.9419875,0.12108559161424637,0.8700000047683716,0.6315000057220459
YDL244W,YLR064W,0,-6.942064,0.12106874585151672,0.8700000047683716,0.631600022315979
YGL205W,YOR346W,0,-6.942388,0.12105190008878708,0.8700000047683716,0.6316999793052673
YDL235C,YLR042C,0,-6.942702,0.12103506177663803,0.8700000047683716,0.6317999958992004
YJL203W,YGR044C,0,-6.942761,0.12101822346448898,0.8700000047683716,0.6319000124931335
YOR391C,YML072C,0,-6.942899,0.12100139260292053,0.8700000047683716,0.6320000290870667
YPR031W,YOR301W,0,-6.942972,0.12098456174135208,0.8700000047683716,0.632099986076355
YKL009W,YGR024C,0,-6.943117,0.12096773833036423,0.8700000047683716,0.6322000026702881
YLR227W-B,YNL054W-B,0,-6.9435763,0.12095092236995697,0.8700000047683716,0.6323000192642212
YJR094C,YDR261W-B,0,-6.9436126,0.12093411386013031,0.8700000047683716,0.6323999762535095
YGR156W,YCL005W-A,0,-6.9436235,0.12091730535030365,0.8700000047683716,0.6324999928474426
YPR173C,YOR142W-A,0,-6.943723,0.12090049684047699,0.8700000047683716,0.6326000094413757
YDR084C,YGR109W-A,0,-6.94387,0.12088370323181152,0.8700000047683716,0.6327000260353088
YMR071C,YER137C-A,0,-6.944073,0.12086690962314606,0.8700000047683716,0.6327999830245972
YDR012W,YIR003W,0,-6.944142,0.12085011601448059,0.8700000047683716,0.6328999996185303
YLR265C,YDL118W,0,-6.944146,0.12083332985639572,0.8700000047683716,0.6330000162124634
YNL199C,YER011W,0,-6.944184,0.12081655114889145,0.8700000047683716,0.6330999732017517
YIL173W,YPR097W,0,-6.9448867,0.12079977989196777,0.8700000047683716,0.6331999897956848
YDL092W,YPR137C-A,0,-6.944937,0.1207830086350441,0.8700000047683716,0.6333000063896179
YLR229C,YPR114W,0,-6.9450955,0.12076623737812042,0.8700000047683716,0.633400022983551
YBL007C,YAR044W,1,-6.945098,0.12088827043771744,0.8709999918937683,0.633400022983551
YBR188C,YGL160W,0,-6.9454207,0.12087149918079376,0.8709999918937683,0.6334999799728394
YJL042W,YPR158W-B,0,-6.9454703,0.12085472792387009,0.8709999918937683,0.6335999965667725
YGR006W,YDR210C-C,0,-6.9456544,0.12083795666694641,0.8709999918937683,0.6337000131607056
YPR162C,YNL054W-A,0,-6.945894,0.12082119286060333,0.8709999918937683,0.6338000297546387
YJL060W,YMR163C,0,-6.9459534,0.12080443650484085,0.8709999918937683,0.633899986743927
YNL153C,YJL137C,0,-6.9461026,0.12078768759965897,0.8709999918937683,0.6340000033378601
YBL082C,YCL004W,0,-6.946124,0.12077093869447708,0.8709999918937683,0.6341000199317932
YCR053W,YLR337W,1,-6.9461474,0.12089283019304276,0.871999979019165,0.6341000199317932
YBL082C,YDR297W,0,-6.946408,0.12087607383728027,0.871999979019165,0.6341999769210815
YPR188C,YKR056W,0,-6.946492,0.12085931748151779,0.871999979019165,0.6342999935150146
YBR272C,YGR161W-B,0,-6.946776,0.12084256857633591,0.871999979019165,0.6344000101089478
YDR144C,YDR170W-A,0,-6.946839,0.12082582712173462,0.871999979019165,0.6345000267028809
YOR372C,YPR158C-D,0,-6.9469237,0.12080908566713333,0.871999979019165,0.6345999836921692
YEL017C-A,YPL257W-A,0,-6.9475856,0.12079235166311264,0.871999979019165,0.6347000002861023
YLR141W,YLR251W,0,-6.9476137,0.12077562510967255,0.871999979019165,0.6348000168800354
YLR439W,YPL066W,0,-6.9476504,0.12075889855623245,0.871999979019165,0.6348999738693237
YBR010W,YDR285W,0,-6.9476504,0.12074217945337296,0.871999979019165,0.6349999904632568
YIL137C,YNL054W-B,0,-6.947825,0.12072546035051346,0.871999979019165,0.6351000070571899
YLL035W,YMR016C,0,-6.947877,0.12070874869823456,0.871999979019165,0.635200023651123
YDL010W,YDR098C-B,0,-6.9480085,0.12069204449653625,0.871999979019165,0.6352999806404114
YDL134C,YDR196C,0,-6.948031,0.12067534029483795,0.871999979019165,0.6353999972343445
YGL181W,YDR316W-A,0,-6.9481378,0.12065864354372025,0.871999979019165,0.6355000138282776
YLR038C,YFL035C-A,0,-6.948204,0.12064194679260254,0.871999979019165,0.6355999708175659
YER183C,YHR118C,0,-6.948235,0.12062525749206543,0.871999979019165,0.635699987411499
YGL168W,YCL003W,0,-6.9483743,0.12060857564210892,0.871999979019165,0.6358000040054321
YCR068W,YIL138C,0,-6.9483743,0.1205918937921524,0.871999979019165,0.6359000205993652
YGL181W,YMR143W,0,-6.9485984,0.12057521939277649,0.871999979019165,0.6359999775886536
YKL113C,YLR344W,0,-6.948651,0.12055855244398117,0.871999979019165,0.6360999941825867
YMR186W,YDR261C-C,0,-6.9487443,0.12054188549518585,0.871999979019165,0.6362000107765198
YPL117C,YFR029W,0,-6.9489245,0.12052522599697113,0.871999979019165,0.6363000273704529
YGL192W,YCR080W,0,-6.9489837,0.12050856649875641,0.871999979019165,0.6363999843597412
YER005W,YCR102C,0,-6.9490714,0.12049191445112228,0.871999979019165,0.6365000009536743
YOL016C,YCR080W,0,-6.9491477,0.12047526985406876,0.871999979019165,0.6366000175476074
YPR188C,YHR079C-B,0,-6.949167,0.12045862525701523,0.871999979019165,0.6366999745368958
YCR097WB,YGL033W,0,-6.9493995,0.1204419881105423,0.871999979019165,0.6367999911308289
YBR237W,YJR113C,0,-6.9494643,0.12042535841464996,0.871999979019165,0.636900007724762
YMR229C,YGL224C,0,-6.949493,0.12040872871875763,0.871999979019165,0.6370000243186951
YHR190W,YCL060C,0,-6.949686,0.1203920990228653,0.871999979019165,0.6370999813079834
YJR053W,YOR324C,0,-6.9496922,0.12037548422813416,0.871999979019165,0.6371999979019165
YFL035C-A,YNL102W,0,-6.9497423,0.12035886943340302,0.871999979019165,0.6373000144958496
YML100W,YDR261C-D,0,-6.9497924,0.12034225463867188,0.871999979019165,0.6373999714851379
YLL050C,YCR058C,0,-6.949913,0.12032565474510193,0.871999979019165,0.637499988079071
YGL257C,YML097C,0,-6.949957,0.12030904740095139,0.871999979019165,0.6376000046730042
YBL011W,YGR251W,0,-6.9499793,0.12029245495796204,0.871999979019165,0.6377000212669373
YIR011C,YDR316W-A,0,-6.9500504,0.12027586251497269,0.871999979019165,0.6377999782562256
YER036C,YGR161C-C,0,-6.9500594,0.12025927752256393,0.871999979019165,0.6378999948501587
YKR008W,YOL092W,0,-6.9501367,0.12024269253015518,0.871999979019165,0.6380000114440918
YLR227W-A,YPR011C,0,-6.950188,0.12022611498832703,0.871999979019165,0.6381000280380249
YLR067C,YER117W,0,-6.950216,0.12020953744649887,0.871999979019165,0.6381999850273132
YJR021C,YPL163C,0,-6.9502206,0.12019296735525131,0.871999979019165,0.6383000016212463
YBR090C-A,YDL112W,0,-6.950317,0.12017640471458435,0.871999979019165,0.6384000182151794
YGL130W,YPR063C,0,-6.950395,0.12015984207391739,0.871999979019165,0.6384999752044678
YNL172W,YHL038C,0,-6.950814,0.12014328688383102,0.871999979019165,0.6385999917984009
YGR062C,YML106W,0,-6.9509497,0.12012673914432526,0.871999979019165,0.638700008392334
YBR059C,YOR237W,1,-6.9510236,0.12024793028831482,0.8730000257492065,0.638700008392334
YOR080W,YDR210W-B,0,-6.951053,0.12023137509822845,0.8730000257492065,0.6388000249862671
YHR058C,YLL048C,0,-6.9512734,0.12021481990814209,0.8730000257492065,0.6388999819755554
YBR108W,YPR158C-C,0,-6.9513745,0.12019826471805573,0.8730000257492065,0.6389999985694885
YJR076C,YCL048W,0,-6.9513965,0.12018171697854996,0.8730000257492065,0.6391000151634216
YDL178W,YHL007C,0,-6.951448,0.12016517668962479,0.8730000257492065,0.63919997215271
YPL178W,YDL030W,0,-6.9514823,0.12014863640069962,0.8730000257492065,0.6392999887466431
YNL316C,YMR087W,0,-6.9515824,0.12013210356235504,0.8730000257492065,0.6394000053405762
YMR215W,YPR158C-D,0,-6.9515953,0.12011557817459106,0.8730000257492065,0.6395000219345093
YOR349W,YDR302W,0,-6.951628,0.12009905278682709,0.8730000257492065,0.6395999789237976
YKL007W,YOR292C,0,-6.9517717,0.12008252739906311,0.8730000257492065,0.6396999955177307
YOR241W,YLR256W-A,0,-6.951807,0.12006601691246033,0.8730000257492065,0.6398000121116638
YLR026C,YHR045W,0,-6.952007,0.12004950642585754,0.8730000257492065,0.6399000287055969
YDR268W,YAL033W,0,-6.9520183,0.12003299593925476,0.8730000257492065,0.6399999856948853
YPR184W,YOR241W,0,-6.952127,0.12001650035381317,0.8730000257492065,0.6401000022888184
YGL130W,YDL134C-A,0,-6.9521275,0.11999999731779099,0.8730000257492065,0.6402000188827515
YOL077W-A,YPL162C,0,-6.952616,0.11998350918292999,0.8730000257492065,0.6402999758720398
YDR234W,YGR156W,0,-6.95274,0.119967021048069,0.8730000257492065,0.6403999924659729
YBR142W,YDR170W-A,0,-6.9528084,0.11995053291320801,0.8730000257492065,0.640500009059906
YER106W,YGL210W,0,-6.9528127,0.11993405967950821,0.8730000257492065,0.6406000256538391
YPR154W,YML107C,0,-6.9528303,0.11991757899522781,0.8730000257492065,0.6406999826431274
YGR089W,YDR276C,0,-6.9528694,0.11990111321210861,0.8730000257492065,0.6407999992370605
YPL021W,YPR158C-C,0,-6.9531865,0.11988464742898941,0.8730000257492065,0.6409000158309937
YCR028C,YNL227C,1,-6.953188,0.12000549584627151,0.8740000128746033,0.6409000158309937
YOL013C,YDR316W-B,0,-6.953196,0.11998901516199112,0.8740000128746033,0.640999972820282
YPL018W,YOL026C,0,-6.9532638,0.11997254937887192,0.8740000128746033,0.6410999894142151
YDL081C,YOL006C,0,-6.953542,0.11995608359575272,0.8740000128746033,0.6412000060081482
YPR023C,YGR161C-C,0,-6.953591,0.11993961781263351,0.8740000128746033,0.6413000226020813
YER172C,YFR024C,0,-6.95386,0.11992315948009491,0.8740000128746033,0.6413999795913696
YBR079C,YLR064W,0,-6.9539886,0.1199067085981369,0.8740000128746033,0.6414999961853027
YGR241C,YNL093W,1,-6.954011,0.12002743780612946,0.875,0.6414999961853027
YGL028C,YIL156W,0,-6.9540553,0.12001097202301025,0.875,0.6416000127792358
YGL032C,YPL028W,0,-6.954062,0.11999451369047165,0.875,0.641700029373169
YLR304C,YMR229C,0,-6.954124,0.11997806280851364,0.875,0.6417999863624573
YDR388W,YAR044W,1,-6.9541583,0.12009871006011963,0.8759999871253967,0.6417999863624573
YBR126C,YOR142W-A,0,-6.9543633,0.12008225172758102,0.8759999871253967,0.6419000029563904
YOR313C,YML021C,0,-6.954552,0.12006578594446182,0.8759999871253967,0.6420000195503235
YCR042C,YER137C-A,0,-6.9546027,0.12004933506250381,0.8759999871253967,0.6420999765396118
YDR389W,YDL038C,0,-6.9548,0.1200328841805458,0.8759999871253967,0.6421999931335449
YNL331C,YNL313C,0,-6.954827,0.1200164407491684,0.8759999871253967,0.642300009727478
YGL175C,YDL224C,0,-6.954843,0.11999999731779099,0.8759999871253967,0.6424000263214111
YOR070C,YDL038C,0,-6.954917,0.11998356133699417,0.8759999871253967,0.6424999833106995
YLR210W,YBL027W,0,-6.955064,0.11996713280677795,0.8759999871253967,0.6425999999046326
YGR089W,YMR297W,0,-6.955189,0.11995070427656174,0.8759999871253967,0.6427000164985657
YPL194W,YIL128W,0,-6.955234,0.11993428319692612,0.8759999871253967,0.642799973487854
YOR057W,YIL123W,0,-6.9552646,0.1199178621172905,0.8759999871253967,0.6428999900817871
YLR010C,YPR137C-A,0,-6.955292,0.11990144848823547,0.8759999871253967,0.6430000066757202
YCR058C,YJR159W,0,-6.9555187,0.11988504230976105,0.8759999871253967,0.6431000232696533
YJR123W,YBR016W,0,-6.9556174,0.11986863613128662,0.8759999871253967,0.6431999802589417
YPR072W,YBR028C,0,-6.9556293,0.11985223740339279,0.8759999871253967,0.6432999968528748
YJR019C,YGR027W-A,0,-6.9556694,0.11983583867549896,0.8759999871253967,0.6434000134468079
YDR363W,YPR100W,0,-6.955846,0.11981944739818573,0.8759999871253967,0.6434999704360962
YMR048W,YPL134C,0,-6.955915,0.1198030635714531,0.8759999871253967,0.6435999870300293
YGR027W-B,YLR042C,0,-6.955982,0.11978667974472046,0.8759999871253967,0.6437000036239624
YER098W,YPR158C-D,0,-6.955982,0.11977030336856842,0.8759999871253967,0.6438000202178955
YBL093C,YGL028C,0,-6.9560657,0.11975392699241638,0.8759999871253967,0.6438999772071838
YNL110C,YJR027W,0,-6.956087,0.11973755806684494,0.8759999871253967,0.6439999938011169
YMR149W,YER159C-A,0,-6.956212,0.1197211965918541,0.8759999871253967,0.64410001039505
YBR254C,YPL225W,0,-6.956221,0.11970483511686325,0.8759999871253967,0.6442000269889832
YBR188C,YJL129C,0,-6.956344,0.119688481092453,0.8759999871253967,0.6442999839782715
YNL299W,YNL045W,0,-6.9567113,0.11967213451862335,0.8759999871253967,0.6444000005722046
YOR178C,YBR153W,0,-6.9572,0.1196557879447937,0.8759999871253967,0.6445000171661377
YHR170W,YKL080W,0,-6.9574614,0.11963944137096405,0.8759999871253967,0.644599974155426
YLR304C,YDR113C,0,-6.9575233,0.119623102247715,0.8759999871253967,0.6446999907493591
YMR247C,YLR055C,0,-6.9577775,0.11960677057504654,0.8759999871253967,0.6448000073432922
YDR060W,YPR188C,0,-6.9577866,0.11959044635295868,0.8759999871253967,0.6449000239372253
YGR215W,YIR026C,0,-6.9579754,0.11957412213087082,0.8759999871253967,0.6449999809265137
YGR029W,YDL044C,0,-6.958022,0.11955779790878296,0.8759999871253967,0.6450999975204468
YCR048W,YBR296C,0,-6.9580426,0.1195414811372757,0.8759999871253967,0.6452000141143799
YNR033W,YDR476C,0,-6.9580855,0.11952517181634903,0.8759999871253967,0.6452999711036682
YKL060C,YIL091C,0,-6.958217,0.11950886994600296,0.8759999871253967,0.6453999876976013
YNL288W,YMR260C,0,-6.9582295,0.11949256807565689,0.8759999871253967,0.6455000042915344
YCL034W,YML052W,1,-6.958293,0.11961265653371811,0.8769999742507935,0.6455000042915344
YML127W,YGR203W,0,-6.958543,0.11959634721279144,0.8769999742507935,0.6456000208854675
YNR075W,YDR388W,1,-6.9587364,0.11971639096736908,0.878000020980835,0.6456000208854675
YCL060C,YGR116W,0,-6.9588604,0.11970006674528122,0.878000020980835,0.6456999778747559
YDR038C,YCL003W,0,-6.959081,0.11968374997377396,0.878000020980835,0.645799994468689
YMR097C,YLR426W,0,-6.9591374,0.11966744065284729,0.878000020980835,0.6459000110626221
YJR016C,YMR163C,0,-6.9592757,0.11965113133192062,0.878000020980835,0.6460000276565552
YML094W,YHR105W,0,-6.9597325,0.11963482946157455,0.878000020980835,0.6460999846458435
YML062C,YLR346C,0,-6.9597516,0.11961852759122849,0.878000020980835,0.6462000012397766
YML110C,YPL257W-A,0,-6.959987,0.11960223317146301,0.878000020980835,0.6463000178337097
YMR188C,YBL100W-A,0,-6.960144,0.11958594620227814,0.878000020980835,0.646399974822998
YER114C,YLR298C,0,-6.9605165,0.11956965923309326,0.878000020980835,0.6464999914169312
YLR389C,YGR027W-B,0,-6.9607186,0.11955337971448898,0.878000020980835,0.6466000080108643
YML007W,YDR210W-B,0,-6.96081,0.1195371001958847,0.878000020980835,0.6467000246047974
YNL220W,YDR098C-A,0,-6.9611135,0.11952082812786102,0.878000020980835,0.6467999815940857
YAL015C,YCL054W,0,-6.9612317,0.11950455605983734,0.878000020980835,0.6468999981880188
YHR018C,YPR137C-B,0,-6.961256,0.11948829889297485,0.878000020980835,0.6470000147819519
YLL024C,YGR109W-B,0,-6.961353,0.11947203427553177,0.878000020980835,0.6470999717712402
YLR391W,YGL113W,0,-6.9614215,0.11945578455924988,0.878000020980835,0.6471999883651733
YLL052C,YDL132W,0,-6.9617267,0.11943953484296799,0.878000020980835,0.6473000049591064
YFR024C,YPR036W,0,-6.961868,0.1194232851266861,0.878000020980835,0.6474000215530396
YPR184W,YPL041C,0,-6.962143,0.1194070428609848,0.878000020980835,0.6474999785423279
YGR006W,YPR158W-B,0,-6.962461,0.1193908080458641,0.878000020980835,0.647599995136261
YJR147W,YPR097W,0,-6.962527,0.11937457323074341,0.878000020980835,0.6477000117301941
YPR093C,YPR158C-C,0,-6.962852,0.11935834586620331,0.878000020980835,0.6478000283241272
YLR098C,YBR141C,0,-6.962853,0.1193421259522438,0.878000020980835,0.6478999853134155
YNL103W,YDR210W-B,0,-6.963169,0.1193259060382843,0.878000020980835,0.6480000019073486
YDL134C-A,YPR132W,0,-6.9632435,0.1193096861243248,0.878000020980835,0.6481000185012817
YIR033W,YNL098C,0,-6.963412,0.11929348111152649,0.878000020980835,0.6481999754905701
YGL025C,YCR055C,0,-6.9637365,0.11927726864814758,0.878000020980835,0.6482999920845032
YDR221W,YDL134C-A,0,-6.963817,0.11926107108592987,0.878000020980835,0.6484000086784363
YPR075C,YGR161W-B,0,-6.9638314,0.11924487352371216,0.878000020980835,0.6485000252723694
YOR032C,YAL034W-A,0,-6.9638495,0.11922868341207504,0.878000020980835,0.6485999822616577
YDR345C,YGL227W,0,-6.9643598,0.11921249330043793,0.878000020980835,0.6486999988555908
YBR179C,YOR088W,0,-6.9644203,0.11919631063938141,0.878000020980835,0.6488000154495239
YJR016C,YOR054C,0,-6.9644647,0.11918012797832489,0.878000020980835,0.6488999724388123
YKL182W,YLR265C,0,-6.964509,0.11916395276784897,0.878000020980835,0.6489999890327454
YOR307C,YPL016W,0,-6.964532,0.11914777755737305,0.878000020980835,0.6491000056266785
YDR524C,YHR058C,0,-6.964537,0.11913161724805832,0.878000020980835,0.6492000222206116
YGR062C,YLR026C,0,-6.9647546,0.119115449488163,0.878000020980835,0.6492999792098999
YNL008C,YNL292W,0,-6.964899,0.11909929662942886,0.878000020980835,0.649399995803833
YDL022W,YNL058C,0,-6.9651704,0.11908314377069473,0.878000020980835,0.6495000123977661
YOL156W,YKL079W,0,-6.9655867,0.1190669909119606,0.878000020980835,0.6496000289916992
YGR098C,YDR159W,0,-6.9657087,0.11905084550380707,0.878000020980835,0.6496999859809875
YER123W,YGR161C-D,0,-6.965735,0.11903470754623413,0.878000020980835,0.6498000025749207
YOR240W,YBR054W,0,-6.965736,0.1190185695886612,0.878000020980835,0.6499000191688538
YNL001W,YNR017W,0,-6.965951,0.11900243908166885,0.878000020980835,0.6499999761581421
YFR024C,YNR006W,0,-6.9661164,0.11898631602525711,0.878000020980835,0.6500999927520752
YKR052C,YOR008C-A,0,-6.966127,0.11897019296884537,0.878000020980835,0.6502000093460083
YIR025W,YPR158C-C,0,-6.966146,0.11895406991243362,0.878000020980835,0.6503000259399414
YNL298W,YJL092W,0,-6.966214,0.11893795430660248,0.878000020980835,0.6503999829292297
YMR309C,YBR230C,0,-6.966257,0.11892184615135193,0.878000020980835,0.6504999995231628
YOR180C,YDR316W-A,0,-6.96639,0.11890574544668198,0.878000020980835,0.650600016117096
YPR020W,YOL093W,0,-6.9663954,0.11888964474201202,0.878000020980835,0.6506999731063843
YPR033C,YMR099C,0,-6.9666142,0.11887354403734207,0.878000020980835,0.6507999897003174
YCR080W,YKL028W,0,-6.966624,0.11885745078325272,0.878000020980835,0.6509000062942505
YBR119W,YDR316W-A,0,-6.966765,0.11884136497974396,0.878000020980835,0.6510000228881836
YKR025W,YHR039C-B,0,-6.966767,0.1188252791762352,0.878000020980835,0.6510999798774719
YDR529C,YGR161C-D,0,-6.966848,0.11880920082330704,0.878000020980835,0.651199996471405
YJL203W,YDR065W,0,-6.966924,0.11879312992095947,0.878000020980835,0.6513000130653381
YPR151C,YDR261C-C,0,-6.9671874,0.11877705901861191,0.878000020980835,0.6514000296592712
YKR037C,YOR343W-B,0,-6.9672256,0.11876098811626434,0.878000020980835,0.6514999866485596
YLR119W,YDR261C-C,0,-6.967266,0.11874492466449738,0.878000020980835,0.6516000032424927
YKL157W,YPR074C,0,-6.967337,0.118728868663311,0.878000020980835,0.6517000198364258
YLR265C,YIL177C,0,-6.9674745,0.11871282011270523,0.878000020980835,0.6517999768257141
YFR032C-A,YLR386W,0,-6.9674993,0.11869677156209946,0.878000020980835,0.6518999934196472
YNL147W,YDR261W-B,0,-6.967645,0.11868072301149368,0.878000020980835,0.6520000100135803
YPR201W,YPR006C,0,-6.967657,0.1186646819114685,0.878000020980835,0.6521000266075134
YOR349W,YMR099C,0,-6.9676776,0.11864864826202393,0.878000020980835,0.6521999835968018
YER106W,YPR137C-A,0,-6.9676814,0.11863261461257935,0.878000020980835,0.6523000001907349
YOR241W,YMR271C,0,-6.967769,0.11861658841371536,0.878000020980835,0.652400016784668
YDL145C,YKL198C,0,-6.967792,0.11860056966543198,0.878000020980835,0.6524999737739563
YMR323W,YAL024C,0,-6.9679756,0.11858455091714859,0.878000020980835,0.6525999903678894
YPL130W,YDR098C-A,0,-6.9682593,0.1185685321688652,0.878000020980835,0.6527000069618225
YDR148C,YGL183C,0,-6.968407,0.11855252832174301,0.878000020980835,0.6528000235557556
YNL241C,YGR027W-B,0,-6.9685855,0.11853651702404022,0.878000020980835,0.652899980545044
YKR042W,YDR098C-A,0,-6.968624,0.11852052062749863,0.878000020980835,0.652999997138977
YJR138W,YOL061W,0,-6.968716,0.11850452423095703,0.878000020980835,0.6531000137329102
YLR200W,YOR192C-B,0,-6.968735,0.11848852783441544,0.878000020980835,0.6531999707221985
YJL167W,YKL110C,0,-6.968863,0.11847253888845444,0.878000020980835,0.6532999873161316
YDR381C-A,YMR051C,0,-6.968885,0.11845655739307404,0.878000020980835,0.6534000039100647
YOL071W,YDR381C-A,0,-6.968885,0.11844057589769363,0.878000020980835,0.6535000205039978
YMR257C,YPR036W-A,0,-6.968885,0.11842460185289383,0.878000020980835,0.6535999774932861
YER164W,YER053C-A,0,-6.968885,0.11840862780809402,0.878000020980835,0.6536999940872192
YFR049W,YER053C-A,0,-6.968885,0.11839266121387482,0.878000020980835,0.6538000106811523
YIL047C,YOR343C-A,0,-6.968885,0.1183767020702362,0.878000020980835,0.6539000272750854
YGL227W,YDR210C-C,0,-6.968885,0.1183607429265976,0.878000020980835,0.6539999842643738
YDR424C,YDR014W-A,0,-6.968885,0.11834479123353958,0.878000020980835,0.6541000008583069
YPR100W,YBL101W-B,0,-6.968885,0.11832883954048157,0.878000020980835,0.65420001745224
YLR212C,YLR157C-A,0,-6.968885,0.11831289529800415,0.878000020980835,0.6542999744415283
YJL018W,YBL005W-A,0,-6.968885,0.11829695850610733,0.878000020980835,0.6543999910354614
YDR262W,YER053C-A,0,-6.968885,0.11828102171421051,0.878000020980835,0.6545000076293945
YDR118W,YER053C-A,0,-6.968885,0.11826508492231369,0.878000020980835,0.6546000242233276
YIL124W,YDR210W-C,0,-6.968885,0.11824915558099747,0.878000020980835,0.654699981212616
YMR006C,YDR210W-D,0,-6.968885,0.11823323369026184,0.878000020980835,0.6547999978065491
YCR080W,YBR241C,0,-6.968885,0.11821731179952621,0.878000020980835,0.6549000144004822
YJL100W,YDR210W-C,0,-6.968885,0.11820139735937119,0.878000020980835,0.6549999713897705
YMR023C,YOR343C-A,0,-6.968885,0.11818549036979675,0.878000020980835,0.6550999879837036
YOR025W,YBL101W-B,0,-6.968885,0.11816958338022232,0.878000020980835,0.6552000045776367
YCR070W,YPL276W,0,-6.968885,0.11815368384122849,0.878000020980835,0.6553000211715698
YDR343C,YDR210W-D,0,-6.968885,0.11813778430223465,0.878000020980835,0.6553999781608582
YIL167W,YHL009W-B,0,-6.968885,0.11812189221382141,0.878000020980835,0.6554999947547913
YML082W,YPR036W-A,0,-6.968885,0.11810600012540817,0.878000020980835,0.6556000113487244
YJL073W,YER053C-A,0,-6.968885,0.11809011548757553,0.878000020980835,0.6557000279426575
YDR014W-A,YDR098C-A,0,-6.968885,0.11807423084974289,0.878000020980835,0.6557999849319458
YBR097W,YBL101W-A,0,-6.968885,0.11805835366249084,0.878000020980835,0.6559000015258789
YKL092C,YER053C-A,0,-6.968885,0.1180424839258194,0.878000020980835,0.656000018119812
YNL051W,YDR210W-C,0,-6.968885,0.11802661418914795,0.878000020980835,0.6560999751091003
YNL328C,YLR157C-A,0,-6.968885,0.1180107519030571,0.878000020980835,0.6561999917030334
YJL044C,YOR343C-A,0,-6.968885,0.11799488961696625,0.878000020980835,0.6563000082969666
YBR233W-A,YBL100W-B,0,-6.968885,0.117979034781456,0.878000020980835,0.6564000248908997
YDR420W,YOR343C-B,0,-6.968885,0.11796318739652634,0.878000020980835,0.656499981880188
YCR070W,YFL052W,0,-6.968885,0.11794734001159668,0.878000020980835,0.6565999984741211
YBR200W,YDR381C-A,0,-6.968885,0.11793150007724762,0.878000020980835,0.6567000150680542
YMR149W,YDR210W-C,0,-6.968885,0.11791566014289856,0.878000020980835,0.6567999720573425
YCR029C-A,YOR292C,0,-6.968885,0.1178998276591301,0.878000020980835,0.6568999886512756
YLR014C,YLR157C-A,0,-6.968885,0.11788399517536163,0.878000020980835,0.6570000052452087
YDR014W-A,YMR272C,0,-6.968885,0.11786817014217377,0.878000020980835,0.6571000218391418
YML024W,YBL101W-B,0,-6.968885,0.1178523525595665,0.878000020980835,0.6571999788284302
YDR451C,YBL101W-A,0,-6.968885,0.11783653497695923,0.878000020980835,0.6572999954223633
YOR217W,YBL101W-A,0,-6.968885,0.11782071739435196,0.878000020980835,0.6574000120162964
YDR130C,YDR381C-A,0,-6.968885,0.11780490726232529,0.878000020980835,0.6575000286102295
YNL117W,YBL101W-A,0,-6.968885,0.11778910458087921,0.878000020980835,0.6575999855995178
YER180C-A,YMR291W,0,-6.968885,0.11777330935001373,0.878000020980835,0.6577000021934509
YMR297W,YBL101W-B,0,-6.968885,0.11775751411914825,0.878000020980835,0.657800018787384
YCR029C-A,YGR054W,0,-6.968885,0.11774171888828278,0.878000020980835,0.6578999757766724
YCR080W,YPR158C-D,0,-6.968885,0.1177259311079979,0.878000020980835,0.6579999923706055
YLR433C,YDR210W-C,0,-6.968885,0.11771015077829361,0.878000020980835,0.6581000089645386
YOR168W,YBL101W-A,0,-6.968885,0.11769437044858932,0.878000020980835,0.6582000255584717
YDR463W,YER053C-A,0,-6.968885,0.11767859756946564,0.878000020980835,0.65829998254776
YLL018C-A,YPR036W-A,0,-6.968885,0.11766282469034195,0.878000020980835,0.6583999991416931
YDR320C-A,YMR051C,0,-6.968885,0.11764705926179886,0.878000020980835,0.6585000157356262
YBR296C,YDR210W-C,0,-6.968885,0.11763129383325577,0.878000020980835,0.6585999727249146
YGR105W,YLR157C-B,0,-6.968885,0.11761553585529327,0.878000020980835,0.6586999893188477
YNL286W,YBL101W-A,0,-6.968885,0.11759978532791138,0.878000020980835,0.6588000059127808
YEL063C,YOR343C-A,0,-6.968885,0.11758403480052948,0.878000020980835,0.6589000225067139
YPL086C,YDR381C-A,0,-6.968885,0.11756829172372818,0.878000020980835,0.6589999794960022
YLR313C,YPR036W-A,0,-6.968885,0.11755254864692688,0.878000020980835,0.6590999960899353
YOR267C,YLR157C-A,0,-6.968885,0.11753681302070618,0.878000020980835,0.6592000126838684
YAL024C,YOR142W-A,0,-6.968885,0.11752108484506607,0.878000020980835,0.6593000292778015
YER021W,YER053C-A,0,-6.968885,0.11750535666942596,0.878000020980835,0.6593999862670898
YBR168W,YPR036W-A,0,-6.968885,0.11748962849378586,0.878000020980835,0.659500002861023
YOL053C-A,YNL054W-A,0,-6.968885,0.11747390776872635,0.878000020980835,0.659600019454956
YDR155C,YDR381C-A,0,-6.968885,0.11745819449424744,0.878000020980835,0.6596999764442444
YBR111W-A,YPR148C,0,-6.968885,0.11744248121976852,0.878000020980835,0.6597999930381775
YGL113W,YDR381C-A,0,-6.968885,0.11742677539587021,0.878000020980835,0.6599000096321106
YCR034W,YML045W-A,0,-6.968885,0.1174110695719719,0.878000020980835,0.6600000262260437
YCL005W-A,YGL185C,0,-6.968885,0.11739537119865417,0.878000020980835,0.660099983215332
YBR267W,YML045W-A,0,-6.968885,0.11737968027591705,0.878000020980835,0.6601999998092651
YGL210W-A,YCR061W,0,-6.968885,0.11736398935317993,0.878000020980835,0.6603000164031982
YOR359W,YML045W-A,0,-6.968885,0.11734830588102341,0.878000020980835,0.6603999733924866
YMR092C,YOR343C-B,0,-6.968885,0.11733262240886688,0.878000020980835,0.6604999899864197
YPL083C,YDR210W-D,0,-6.968885,0.11731694638729095,0.878000020980835,0.6606000065803528
YDR014W-A,YER049W,0,-6.968885,0.11730127036571503,0.878000020980835,0.6607000231742859
YBL101W-A,YLR194C,0,-6.968885,0.1172856017947197,0.878000020980835,0.6607999801635742
YER017C,YOR142W-A,0,-6.968885,0.11726993322372437,0.878000020980835,0.6608999967575073
YDR304C,YPR036W-A,0,-6.968885,0.11725427210330963,0.878000020980835,0.6610000133514404
YLR115W,YOR343C-A,0,-6.968885,0.1172386184334755,0.878000020980835,0.6610999703407288
YCR055C,YEL077C,0,-6.968885,0.11722296476364136,0.878000020980835,0.6611999869346619
YAL009W,YBL101W-A,0,-6.968885,0.11720731854438782,0.878000020980835,0.661300003528595
YDR219C,YER053C-A,0,-6.968885,0.11719167232513428,0.878000020980835,0.6614000201225281
YKL093W,YDR210W-C,0,-6.968885,0.11717603355646133,0.878000020980835,0.6614999771118164
YNL298W,YDR210W-D,0,-6.968885,0.11716039478778839,0.878000020980835,0.6615999937057495
YCL018W,YLR157C-A,0,-6.968885,0.11714476346969604,0.878000020980835,0.6617000102996826
YBR146W,YLR157C-A,0,-6.968885,0.1171291321516037,0.878000020980835,0.6618000268936157
YBR250W,YER053C-A,0,-6.968885,0.11711351573467255,0.878000020980835,0.661899983882904
YDR014W-A,YDR463W,0,-6.968885,0.1170978918671608,0.878000020980835,0.6620000004768372
YMR112C,YDR381C-A,0,-6.968885,0.11708227545022964,0.878000020980835,0.6621000170707703
YBL020W,YPR036W-A,0,-6.968885,0.11706666648387909,0.878000020980835,0.6621999740600586
YGR296W,YBL101W-B,0,-6.968885,0.11705105751752853,0.878000020980835,0.6622999906539917
YCR014C,YER053C-A,0,-6.968885,0.11703545600175858,0.878000020980835,0.6624000072479248
YDR131C,YDR210W-D,0,-6.968885,0.11701986193656921,0.878000020980835,0.6625000238418579
YOR253W,YML045W-A,0,-6.968885,0.11700426787137985,0.878000020980835,0.6625999808311462
YOR011W,YML045W-A,0,-6.968885,0.11698867380619049,0.878000020980835,0.6626999974250793
YMR271C,YOR343C-B,0,-6.968885,0.11697308719158173,0.878000020980835,0.6628000140190125
YDR365C,YDR210W-C,0,-6.968885,0.11695750802755356,0.878000020980835,0.6628999710083008
YCR058C,YDR018C,0,-6.968885,0.11694192886352539,0.878000020980835,0.6629999876022339
YMR199W,YOR316C,0,-6.9688926,0.11692635715007782,0.878000020980835,0.663100004196167
YOR239W,YDL119C,0,-6.9690456,0.11691078543663025,0.878000020980835,0.6632000207901001
YDR093W,YAR044W,1,-6.9690967,0.11702835559844971,0.8790000081062317,0.6632000207901001
YOR361C,YNR006W,0,-6.969236,0.11701277643442154,0.8790000081062317,0.6632999777793884
YHR007C,YCL060C,0,-6.969416,0.11699720472097397,0.8790000081062317,0.6633999943733215
YCR071C,YDR261W-A,0,-6.969528,0.1169816330075264,0.8790000081062317,0.6635000109672546
YHL008C,YJL118W,0,-6.969559,0.11696606874465942,0.8790000081062317,0.6636000275611877
YDL083C,YLL054C,0,-6.970542,0.11695050448179245,0.8790000081062317,0.6636999845504761
YOR334W,YPL072W,0,-6.9707417,0.11693494766950607,0.8790000081062317,0.6638000011444092
YJR060W,YDL108W,0,-6.9708076,0.1169193908572197,0.8790000081062317,0.6639000177383423
YHR014W,YDR381W,0,-6.9708295,0.11690384149551392,0.8790000081062317,0.6639999747276306
YDR534C,YCR073W-A,0,-6.9709816,0.11688829958438873,0.8790000081062317,0.6640999913215637
YMR227C,YDR210W-B,0,-6.9712195,0.11687275767326355,0.8790000081062317,0.6642000079154968
YFL035C-A,YLR066W,0,-6.9713635,0.11685721576213837,0.8790000081062317,0.6643000245094299
YOR011W,YDL134C-A,0,-6.971609,0.11684168875217438,0.8790000081062317,0.6643999814987183
YGR062C,YER108C,0,-6.9717245,0.11682615429162979,0.8790000081062317,0.6644999980926514
YDR501W,YJL225C,0,-6.971807,0.1168106347322464,0.8790000081062317,0.6646000146865845
YPL060W,YPL276W,0,-6.9720645,0.11679510772228241,0.8790000081062317,0.6646999716758728
YGL089C,YAL029C,0,-6.972237,0.11677959561347961,0.8790000081062317,0.6647999882698059
YMR078C,YDR210C-C,0,-6.9723334,0.11676408350467682,0.8790000081062317,0.664900004863739
YKL094W,YGR161C-C,0,-6.9724526,0.11674857139587402,0.8790000081062317,0.6650000214576721
YNR008W,YLR157C-B,0,-6.9727745,0.11673306673765182,0.8790000081062317,0.6650999784469604
YBR110W,YCR080W,0,-6.9730296,0.11671756953001022,0.8790000081062317,0.6651999950408936
YDR127W,YLR178C,0,-6.973102,0.11670207232236862,0.8790000081062317,0.6653000116348267
YDR402C,YGR161W-B,0,-6.973212,0.11668658256530762,0.8790000081062317,0.6654000282287598
YJL003W,YLR451W,0,-6.9732676,0.11667109280824661,0.8790000081062317,0.6654999852180481
YAR050W,YML040W,0,-6.9734263,0.1166556105017662,0.8790000081062317,0.6656000018119812
YPL280W,YNL304W,0,-6.9735775,0.1166401281952858,0.8790000081062317,0.6657000184059143
YAR018C,YKR072C,0,-6.9735813,0.11662465333938599,0.8790000081062317,0.6657999753952026
YKR058W,YDR023W,0,-6.9737782,0.11660917848348618,0.8790000081062317,0.6658999919891357
YOL089C,YPR003C,0,-6.9738197,0.11659371107816696,0.8790000081062317,0.6660000085830688
YGR089W,YHL009W-B,0,-6.974205,0.11657825112342834,0.8790000081062317,0.666100025177002
YER048W-A,YDR210W-B,0,-6.9744906,0.11656279116868973,0.8790000081062317,0.6661999821662903
YPL240C,YML039W,0,-6.974728,0.11654733121395111,0.8790000081062317,0.6662999987602234
YHR157W,YDR098C-A,0,-6.974775,0.11653188616037369,0.8790000081062317,0.6664000153541565
YLR056W,YLR371W,1,-6.974808,0.11664899438619614,0.8799999952316284,0.6664000153541565
YNR037C,YJL113W,0,-6.9749665,0.11663353443145752,0.8799999952316284,0.6664999723434448
YNL268W,YMR179W,0,-6.9751563,0.1166180744767189,0.8799999952316284,0.6665999889373779
YMR038C,YJR069C,0,-6.975186,0.11660262197256088,0.8799999952316284,0.666700005531311
YPR026W,YJR133W,0,-6.9751935,0.11658717691898346,0.8799999952316284,0.6668000221252441
YMR179W,YPR158C-D,0,-6.975396,0.11657173186540604,0.8799999952316284,0.6668999791145325
YBR090C-A,YGR277C,0,-6.975516,0.11655629426240921,0.8799999952316284,0.6669999957084656
YDR434W,YNL024C,0,-6.9755263,0.11654085665941238,0.8799999952316284,0.6671000123023987
YGR206W,YAL015C,0,-6.975757,0.11652542650699615,0.8799999952316284,0.6672000288963318
YLR391W,YPL021W,0,-6.9757643,0.11650999635457993,0.8799999952316284,0.6672999858856201
YOL038W,YMR160W,0,-6.9762435,0.1164945736527443,0.8799999952316284,0.6674000024795532
YNL227C,YLR337W,1,-6.976942,0.11661151796579361,0.8809999823570251,0.6674000024795532
YER137C-A,YNR061C,0,-6.9771047,0.11659608036279678,0.8809999823570251,0.6675000190734863
YMR011W,YDR261C-D,0,-6.977505,0.11658065021038055,0.8809999823570251,0.6675999760627747
YMR136W,YCL069W,0,-6.977752,0.11656522750854492,0.8809999823570251,0.6676999926567078
YLR308W,YJL166W,0,-6.977783,0.11654980480670929,0.8809999823570251,0.6678000092506409
YMR014W,YNR001C,0,-6.9784646,0.11653438955545425,0.8809999823570251,0.667900025844574
YKL085W,YMR268W-A,0,-6.9784884,0.11651898175477982,0.8809999823570251,0.6679999828338623
YDL207W,YPR137C-A,0,-6.978499,0.11650357395410538,0.8809999823570251,0.6680999994277954
YOR320C,YDR210W-B,0,-6.978618,0.11648816615343094,0.8809999823570251,0.6682000160217285
YIL106W,YHR062C,0,-6.9786763,0.1164727658033371,0.8809999823570251,0.6682999730110168
YFR019W,YPR114W,0,-6.9787316,0.11645737290382385,0.8809999823570251,0.66839998960495
YDL232W,YBL020W,0,-6.978745,0.11644198000431061,0.8809999823570251,0.6685000061988831
YMR133W,YGR161C-C,0,-6.978886,0.11642658710479736,0.8809999823570251,0.6686000227928162
YDR296W,YJL018W,0,-6.978952,0.11641120165586472,0.8809999823570251,0.6686999797821045
YFL023W,YLL016W,0,-6.978991,0.11639582365751266,0.8809999823570251,0.6687999963760376
YNL299W,YPL158C,0,-6.9793024,0.11638044565916061,0.8809999823570251,0.6689000129699707
YPL145C,YKL203C,1,-6.9793315,0.11649715900421143,0.8820000290870667,0.6689000129699707
YHR129C,YLR205C,0,-6.9795165,0.11648177355527878,0.8820000290870667,0.6690000295639038
YLR176C,YDR531W,0,-6.9798617,0.11646639555692673,0.8820000290870667,0.6690999865531921
YOL053C-A,YOR372C,0,-6.9798703,0.11645101755857468,0.8820000290870667,0.6692000031471252
YNR055C,YNL054W-A,0,-6.9798985,0.11643564701080322,0.8820000290870667,0.6693000197410583
YOR311C,YMR142C,0,-6.9800057,0.11642027646303177,0.8820000290870667,0.6693999767303467
YHR007C,YOR326W,0,-6.9801264,0.11640490591526031,0.8820000290870667,0.6694999933242798
YAR044W,YGR241C,1,-6.9802837,0.11652150750160217,0.8830000162124634,0.6694999933242798
YER166W,YAR044W,1,-6.980432,0.11663807928562164,0.8840000033378601,0.6694999933242798
YIL072W,YCR080W,0,-6.980511,0.116622693836689,0.8840000033378601,0.6696000099182129
YLR096W,YGR109W-A,0,-6.980598,0.11660730838775635,0.8840000033378601,0.669700026512146
YDR261W-B,YLR003C,0,-6.980635,0.1165919303894043,0.8840000033378601,0.6697999835014343
YKL216W,YDR261W-B,0,-6.980635,0.11657655239105225,0.8840000033378601,0.6699000000953674
YOL102C,YNL054W-A,0,-6.980635,0.11656118184328079,0.8840000033378601,0.6700000166893005
YKL085W,YGL046W,0,-6.980806,0.11654581129550934,0.8840000033378601,0.6700999736785889
YDL165W,YNL214W,0,-6.9808464,0.11653044819831848,0.8840000033378601,0.670199990272522
YER065C,YPL139C,0,-6.9808946,0.11651509255170822,0.8840000033378601,0.6703000068664551
YJL018W,YJL210W,0,-6.980913,0.11649973690509796,0.8840000033378601,0.6704000234603882
YCL054W,YCL062W,0,-6.980924,0.1164843887090683,0.8840000033378601,0.6704999804496765
YER019W,YJL018W,0,-6.9811654,0.11646904051303864,0.8840000033378601,0.6705999970436096
YJL204C,YPL032C,1,-6.981416,0.11658543348312378,0.8849999904632568,0.6705999970436096
YDL055C,YDL134C-A,0,-6.981624,0.11657007038593292,0.8849999904632568,0.6707000136375427
YAR044W,YOR043W,1,-6.9817977,0.11668641865253448,0.8859999775886536,0.6707000136375427
YLR453C,YHR048W,0,-6.981935,0.11667105555534363,0.8859999775886536,0.670799970626831
YBR258C,YJR104C,0,-6.9820495,0.11665569245815277,0.8859999775886536,0.6708999872207642
YLR038C,YGR027W-B,0,-6.9820533,0.11664033681154251,0.8859999775886536,0.6710000038146973
YHR118C,YFL017W-A,0,-6.982256,0.11662498116493225,0.8859999775886536,0.6711000204086304
YPR125W,YNL054W-A,0,-6.982329,0.11660963296890259,0.8859999775886536,0.6711999773979187
YGL234W,YJR073C,0,-6.9823556,0.11659429222345352,0.8859999775886536,0.6712999939918518
YLR360W,YOR192C-B,0,-6.982384,0.11657894402742386,0.8859999775886536,0.6714000105857849
YNL183C,YDR210C-C,0,-6.982771,0.11656361073255539,0.8859999775886536,0.671500027179718
YBR020W,YIL020C,0,-6.982863,0.11654827743768692,0.8859999775886536,0.6715999841690063
YKL028W,YHR214C-B,0,-6.982874,0.11653294414281845,0.8859999775886536,0.6717000007629395
YMR175W,YCR080W,0,-6.982901,0.11651762574911118,0.8859999775886536,0.6718000173568726
YLR312C-B,YNL079C,0,-6.983004,0.1165022999048233,0.8859999775886536,0.6718999743461609
YPR198W,YHR202W,0,-6.9831266,0.11648698151111603,0.8859999775886536,0.671999990940094
YDR316W-B,YPL041C,0,-6.983222,0.11647167056798935,0.8859999775886536,0.6721000075340271
YLL006W,YDR261W-B,0,-6.9833784,0.11645635962486267,0.8859999775886536,0.6722000241279602
YBR111W-A,YLR212C,0,-6.9834614,0.11644105613231659,0.8859999775886536,0.6722999811172485
YGL032C,YCR080W,0,-6.9836917,0.11642575263977051,0.8859999775886536,0.6723999977111816
YIL145C,YGR027C,0,-6.9837,0.11641045659780502,0.8859999775886536,0.6725000143051147
YNL230C,YKL003C,0,-6.9837766,0.11639516800642014,0.8859999775886536,0.6725999712944031
YMR154C,YHR079C-B,0,-6.9841537,0.11637987941503525,0.8859999775886536,0.6726999878883362
YDR301W,YOR292C,0,-6.984283,0.11636459082365036,0.8859999775886536,0.6728000044822693
YOL156W,YKL193C,0,-6.984427,0.11634930968284607,0.8859999775886536,0.6729000210762024
YHR041C,YDR262W,0,-6.9845023,0.11633403599262238,0.8859999775886536,0.6729999780654907
YAL061W,YMR284W,0,-6.9845176,0.11631876230239868,0.8859999775886536,0.6730999946594238
YBL100W-B,YGR161W-A,0,-6.9845843,0.11630348861217499,0.8859999775886536,0.6732000112533569
YHR051W,YCR062W,0,-6.985146,0.11628822982311249,0.8859999775886536,0.67330002784729
YKR093W,YNL054W-A,0,-6.9853487,0.11627296358346939,0.8859999775886536,0.6733999848365784
YLL016W,YPL163C,0,-6.9854846,0.11625771224498749,0.8859999775886536,0.6735000014305115
YHR001W,YLR337W,1,-6.9856772,0.11637365818023682,0.8870000243186951,0.6735000014305115
YLR212C,YNR004W,0,-6.985763,0.11635839194059372,0.8870000243186951,0.6736000180244446
YGR288W,YDR115W,0,-6.9861856,0.11634312570095062,0.8870000243186951,0.6736999750137329
YMR308C,YGR258C,0,-6.986312,0.11632786691188812,0.8870000243186951,0.673799991607666
YML110C,YPR158W-B,0,-6.98638,0.11631261557340622,0.8870000243186951,0.6739000082015991
YOR327C,YLR337W,1,-6.986531,0.11642847955226898,0.8880000114440918,0.6739000082015991
YMR299C,YER013W,0,-6.986588,0.11641321331262589,0.8880000114440918,0.6740000247955322
YOL059W,YDR261W-A,0,-6.986711,0.11639795452356339,0.8880000114440918,0.6740999817848206
YKL195W,YBR111W-A,0,-6.9871883,0.11638270318508148,0.8880000114440918,0.6741999983787537
YAR050W,YHR080C,0,-6.9873233,0.11636745184659958,0.8880000114440918,0.6743000149726868
YNL243W,YAR044W,1,-6.9875665,0.11648322641849518,0.8889999985694885,0.6743000149726868
YGR109W-A,YJL045W,0,-6.9877887,0.11646796762943268,0.8889999985694885,0.6743999719619751
YPR201W,YDR134C,0,-6.9878526,0.11645270884037018,0.8889999985694885,0.6744999885559082
YBR245C,YIL061C,0,-6.988231,0.11643745750188828,0.8889999985694885,0.6746000051498413
YGL130W,YMR019W,0,-6.9883046,0.11642221361398697,0.8889999985694885,0.6747000217437744
YML061C,YIL123W,0,-6.9884353,0.11640696972608566,0.8889999985694885,0.6747999787330627
YAL038W,YDR365W-B,0,-6.988709,0.11639172583818436,0.8889999985694885,0.6748999953269958
YPL032C,YLR337W,1,-6.9889183,0.1165073961019516,0.8899999856948853,0.6748999953269958
YNL270C,YDR098C-A,0,-6.989188,0.1164921447634697,0.8899999856948853,0.675000011920929
YJR055W,YDR196C,0,-6.9891887,0.11647690087556839,0.8899999856948853,0.6751000285148621
YIL140W,YJL052W,0,-6.9894443,0.11646165698766708,0.8899999856948853,0.6751999855041504
YDR538W,YOR228C,0,-6.989467,0.11644642055034637,0.8899999856948853,0.6753000020980835
YML042W,YJL097W,0,-6.9894767,0.11643119156360626,0.8899999856948853,0.6754000186920166
YLR438C-A,YLR157C-B,0,-6.9894824,0.11641595512628555,0.8899999856948853,0.6754999756813049
YER002W,YGR162W,0,-6.9894857,0.11640073359012604,0.8899999856948853,0.675599992275238
YDL022W,YLR256W-A,0,-6.9895377,0.11638551205396652,0.8899999856948853,0.6757000088691711
YOR005C,YLL035W,0,-6.989611,0.116370290517807,0.8899999856948853,0.6758000254631042
YOL071W,YPL257W-B,0,-6.989888,0.11635507643222809,0.8899999856948853,0.6758999824523926
YDR181C,YGR027W-B,0,-6.98998,0.11633986979722977,0.8899999856948853,0.6759999990463257
YIL033C,YDR210C-C,0,-6.990311,0.11632466316223145,0.8899999856948853,0.6761000156402588
YBL105C,YGR027W-A,0,-6.990403,0.11630946397781372,0.8899999856948853,0.6761999726295471
YMR241W,YLR227W-A,0,-6.990403,0.116294264793396,0.8899999856948853,0.6762999892234802
YNR028W,YJL212C,0,-6.9904113,0.11627907305955887,0.8899999856948853,0.6764000058174133
YPL139C,YOR129C,0,-6.990585,0.11626388132572174,0.8899999856948853,0.6765000224113464
YNL336W,YJL118W,0,-6.991004,0.11624869704246521,0.8899999856948853,0.6765999794006348
YNL280C,YMR308C,0,-6.9911118,0.11623351275920868,0.8899999856948853,0.6766999959945679
YFL048C,YHL009W-B,0,-6.991158,0.11621833592653275,0.8899999856948853,0.676800012588501
YBR130C,YGL059W,0,-6.991176,0.11620315909385681,0.8899999856948853,0.6769000291824341
YNL066W,YGR027W-B,0,-6.991398,0.11618798971176147,0.8899999856948853,0.6769999861717224
YER108C,YGR202C,0,-6.991796,0.11617282032966614,0.8899999856948853,0.6771000027656555
YJR108W,YOL136C,0,-6.9918165,0.1161576583981514,0.8899999856948853,0.6772000193595886
YLR459W,YGR161C,0,-6.9919605,0.11614250391721725,0.8899999856948853,0.677299976348877
YOR116C,YDR261W-B,0,-6.9919686,0.11612734943628311,0.8899999856948853,0.6773999929428101
YDL081C,YDR261C-C,0,-6.9925027,0.11611219495534897,0.8899999856948853,0.6775000095367432
YNL327W,YCL067C,0,-6.9926705,0.11609705537557602,0.8899999856948853,0.6776000261306763
YLR312C-B,YGR234W,0,-6.9927125,0.11608190834522247,0.8899999856948853,0.6776999831199646
YOR240W,YBR167C,0,-6.9927735,0.11606676876544952,0.8899999856948853,0.6777999997138977
YDR423C,YMR087W,0,-6.993055,0.11605163663625717,0.8899999856948853,0.6779000163078308
YCR097WB,YPR112C,0,-6.9931283,0.11603650450706482,0.8899999856948853,0.6779999732971191
YFL035C-B,YOR083W,0,-6.9934406,0.11602137982845306,0.8899999856948853,0.6780999898910522
YGR212W,YNR073C,0,-6.9940577,0.11600625514984131,0.8899999856948853,0.6782000064849854
YNR011C,YGR161C-C,0,-6.994123,0.11599113792181015,0.8899999856948853,0.6783000230789185
YBR154C,YHR079C-B,0,-6.9944825,0.11597602069377899,0.8899999856948853,0.6783999800682068
YPL122C,YBL005W-B,0,-6.994486,0.11596091091632843,0.8899999856948853,0.6784999966621399
YHL038C,YFL035C-A,0,-6.9944997,0.11594580858945847,0.8899999856948853,0.678600013256073
YKL119C,YOR192C-B,0,-6.994712,0.1159306988120079,0.8899999856948853,0.6786999702453613
YGL017W,YLR141W,0,-6.994739,0.11591560393571854,0.8899999856948853,0.6787999868392944
YOR240W,YCL067C,0,-6.9947886,0.11590050905942917,0.8899999856948853,0.6789000034332275
YBR153W,YNL332W,0,-6.9949317,0.1158854141831398,0.8899999856948853,0.6790000200271606
YCR089W,YNL016W,0,-6.9949603,0.11587032675743103,0.8899999856948853,0.679099977016449
YNL051W,YHR128W,0,-6.9950423,0.11585524678230286,0.8899999856948853,0.6791999936103821
YLR304C,YPR137C-B,0,-6.9950624,0.11584016680717468,0.8899999856948853,0.6793000102043152
YMR039C,YOR003W,0,-6.995093,0.1158250942826271,0.8899999856948853,0.6794000267982483
YPL126W,YOL028C,0,-6.995175,0.11581002175807953,0.8899999856948853,0.6794999837875366
YBR008C,YFL035C,0,-6.996243,0.11579494923353195,0.8899999856948853,0.6796000003814697
YPL117C,YPR137C-A,0,-6.9962773,0.11577989161014557,0.8899999856948853,0.6797000169754028
YDL044C,YGR161W-B,0,-6.9963875,0.11576482653617859,0.8899999856948853,0.6797999739646912
YNL270C,YGR084C,0,-6.996426,0.1157497689127922,0.8899999856948853,0.6798999905586243
YMR246W,YER068W,0,-6.99651,0.11573471873998642,0.8899999856948853,0.6800000071525574
YNL167C,YML045W,0,-6.9965596,0.11571967601776123,0.8899999856948853,0.6801000237464905
YKL165C,YBR083W,0,-6.99659,0.11570462584495544,0.8899999856948853,0.6801999807357788
YGR162W,YDR261C-C,0,-6.9967747,0.11568959057331085,0.8899999856948853,0.6802999973297119
YPL267W,YLR451W,0,-6.9968224,0.11567455530166626,0.8899999856948853,0.680400013923645
YGL046W,YJR066W,0,-6.9970136,0.11565952003002167,0.8899999856948853,0.6804999709129333
YLR084C,YOL107W,0,-6.997326,0.11564449220895767,0.8899999856948853,0.6805999875068665
YER112W,YLR116W,0,-6.9978147,0.11562946438789368,0.8899999856948853,0.6807000041007996
YGL148W,YIR012W,0,-6.99801,0.11561444401741028,0.8899999856948853,0.6808000206947327
YEL019C,YNL339C,0,-6.998097,0.11559943109750748,0.8899999856948853,0.680899977684021
YBL038W,YLR035C-A,0,-6.9982066,0.11558441817760468,0.8899999856948853,0.6809999942779541
YLR023C,YDR461W,0,-6.998345,0.11556940525770187,0.8899999856948853,0.6811000108718872
YGL022W,YDR210W-B,0,-6.998487,0.11555439978837967,0.8899999856948853,0.6812000274658203
YLR384C,YML092C,0,-6.9985366,0.11553940176963806,0.8899999856948853,0.6812999844551086
YPL256C,YMR160W,0,-6.9986987,0.11552440375089645,0.8899999856948853,0.6814000010490417
YDR038C,YHR203C,0,-6.998733,0.11550941318273544,0.8899999856948853,0.6815000176429749
YAR002C-A,YMR117C,0,-6.99878,0.11549442261457443,0.8899999856948853,0.6815999746322632
YNL096C,YHR099W,0,-6.9989667,0.11547943204641342,0.8899999856948853,0.6816999912261963
YBR037C,YDR261C-C,0,-6.999058,0.11546444892883301,0.8899999856948853,0.6818000078201294
YBR167C,YOR192C-B,0,-6.999334,0.11544947326183319,0.8899999856948853,0.6819000244140625
YGL222C,YJL159W,0,-6.999378,0.11543449759483337,0.8899999856948853,0.6819999814033508
YOR208W,YPL128C,0,-6.999437,0.11541952937841415,0.8899999856948853,0.6820999979972839
YHR209W,YOR185C,0,-6.99951,0.11540456116199493,0.8899999856948853,0.682200014591217
YER003C,YOR142W-A,0,-6.9996104,0.11538960039615631,0.8899999856948853,0.6822999715805054
YLL017W,YOR343W-B,0,-6.9996657,0.11537464708089828,0.8899999856948853,0.6823999881744385
YNL328C,YIL158W,0,-6.9997945,0.11535968631505966,0.8899999856948853,0.6825000047683716
YDR165W,YHL009W-B,0,-6.9999413,0.11534474045038223,0.8899999856948853,0.6826000213623047
YGR231C,YGR161W-A,0,-7.000199,0.1153297945857048,0.8899999856948853,0.682699978351593
YNL166C,YLL060C,0,-7.0002475,0.11531484872102737,0.8899999856948853,0.6827999949455261
YOR211C,YNL339C,0,-7.0003133,0.11529991030693054,0.8899999856948853,0.6829000115394592
YER108C,YNR003C,0,-7.00044,0.11528497189283371,0.8899999856948853,0.6830000281333923
YHR017W,YPL041C,0,-7.000461,0.11527004092931747,0.8899999856948853,0.6830999851226807
YBR100W,YML085C,0,-7.000626,0.11525511741638184,0.8899999856948853,0.6832000017166138
YHR214C-B,YOR008C-A,0,-7.000685,0.1152401939034462,0.8899999856948853,0.6833000183105469
YMR179W,YBL113C,0,-7.000695,0.11522527039051056,0.8899999856948853,0.6833999752998352
YML036W,YMR030W,0,-7.000766,0.11521035432815552,0.8899999856948853,0.6834999918937683
YGR029W,YPR137C-B,0,-7.00077,0.11519544571638107,0.8899999856948853,0.6836000084877014
YPR175W,YGL210W-A,0,-7.000853,0.11518053710460663,0.8899999856948853,0.6837000250816345
YIL138C,YDR261W-A,0,-7.000936,0.11516562849283218,0.8899999856948853,0.6837999820709229
YDL040C,YCR055C,0,-7.001147,0.11515072733163834,0.8899999856948853,0.683899998664856
YKL040C,YGR161W-B,0,-7.001304,0.11513583362102509,0.8899999856948853,0.6840000152587891
YDR168W,YKL056C,0,-7.001403,0.11512093991041183,0.8899999856948853,0.6840999722480774
YBR168W,YDL038C,0,-7.001475,0.11510605365037918,0.8899999856948853,0.6841999888420105
YHL022C,YPR036W,0,-7.0015197,0.11509116739034653,0.8899999856948853,0.6843000054359436
YER166W,YLR337W,1,-7.0016627,0.11520558595657349,0.890999972820282,0.6843000054359436
YMR142C,YDL159W,0,-7.001683,0.11519069224596024,0.890999972820282,0.6844000220298767
YOR035C,YPR158C-C,0,-7.001967,0.11517579853534698,0.890999972820282,0.684499979019165
YLR312W-A,YOR088W,0,-7.002463,0.11516091227531433,0.890999972820282,0.6845999956130981
YDR376W,YCL005W-A,0,-7.002829,0.11514603346586227,0.890999972820282,0.6847000122070312
YOR340C,YMR134W,0,-7.0029335,0.11513115465641022,0.890999972820282,0.6848000288009644
YLR424W,YDL038C,0,-7.0030427,0.11511627584695816,0.890999972820282,0.6848999857902527
YNR075W,YIL002C,1,-7.003054,0.11523059010505676,0.8920000195503235,0.6848999857902527
YCL026C-B,YGR277C,0,-7.003096,0.11521570384502411,0.8920000195503235,0.6850000023841858
YCR046C,YDL060W,0,-7.003149,0.11520082503557205,0.8920000195503235,0.6851000189781189
YDR258C,YGL046W,0,-7.003241,0.11518595367670059,0.8920000195503235,0.6851999759674072
YPR119W,YJR102C,0,-7.0034084,0.11517107486724854,0.8920000195503235,0.6852999925613403
YBR020W,YPL249C-A,0,-7.003508,0.11515621095895767,0.8920000195503235,0.6854000091552734
YNL221C,YIL061C,0,-7.0036864,0.11514134705066681,0.8920000195503235,0.6855000257492065
YOL053C-A,YGL073W,0,-7.003821,0.11512648314237595,0.8920000195503235,0.6855999827384949
YEL063C,YFR001W,0,-7.003996,0.11511162668466568,0.8920000195503235,0.685699999332428
YPL115C,YLL057C,0,-7.00406,0.11509677767753601,0.8920000195503235,0.6858000159263611
YDL029W,YLR194C,0,-7.004064,0.11508192121982574,0.8920000195503235,0.6858999729156494
YDR142C,YHL009W-B,0,-7.004251,0.11506707966327667,0.8920000195503235,0.6859999895095825
YMR009W,YNL046W,0,-7.004286,0.1150522381067276,0.8920000195503235,0.6861000061035156
YNL314W,YBL026W,0,-7.004374,0.11503739655017853,0.8920000195503235,0.6862000226974487
YNL061W,YDR210W-B,0,-7.0043797,0.11502256244421005,0.8920000195503235,0.6862999796867371
YMR029C,YDR261W-A,0,-7.0043797,0.11500773578882217,0.8920000195503235,0.6863999962806702
YLR391W,YJL034W,0,-7.004498,0.1149929091334343,0.8920000195503235,0.6865000128746033
YLL016W,YMR236W,0,-7.0046334,0.11497808992862701,0.8920000195503235,0.6866000294685364
YPR192W,YLL023C,0,-7.004645,0.11496327072381973,0.8920000195503235,0.6866999864578247
YDR261C-D,YIL083C,0,-7.0046744,0.11494845151901245,0.8920000195503235,0.6868000030517578
YER091C,YML031W,0,-7.0049114,0.11493363976478577,0.8920000195503235,0.6869000196456909
YER107C,YOR343W-B,0,-7.004969,0.11491883546113968,0.8920000195503235,0.6869999766349792
YDR011W,YMR268W-A,0,-7.0052514,0.11490403115749359,0.8920000195503235,0.6870999932289124
YOR036W,YJL098W,0,-7.0053115,0.1148892343044281,0.8920000195503235,0.6872000098228455
YJR105W,YJL061W,0,-7.005616,0.11487443745136261,0.8920000195503235,0.6873000264167786
YMR009W,YNL065W,0,-7.005675,0.11485964804887772,0.8920000195503235,0.6873999834060669
YDR365W-B,YJR027W,0,-7.0057235,0.11484485864639282,0.8920000195503235,0.6875
YJL194W,YJL113W,0,-7.0057592,0.11483006924390793,0.8920000195503235,0.6876000165939331
YJL031C,YDR339C,0,-7.006058,0.11481529474258423,0.8920000195503235,0.6876999735832214
YJL222W,YDR365W-B,0,-7.0062575,0.11480051279067993,0.8920000195503235,0.6877999901771545
YMR283C,YJR046W,0,-7.0062833,0.11478573828935623,0.8920000195503235,0.6879000067710876
YML013W,YGR109W-B,0,-7.006479,0.11477097123861313,0.8920000195503235,0.6880000233650208
YPL119C,YOR192C-B,0,-7.0067363,0.11475620418787003,0.8920000195503235,0.6880999803543091
YNL118C,YNL217W,0,-7.00695,0.11474144458770752,0.8920000195503235,0.6881999969482422
YGR008C,YNL054W-A,0,-7.007031,0.11472668498754501,0.8920000195503235,0.6883000135421753
YOR023C,YPR011C,0,-7.0072813,0.1147119328379631,0.8920000195503235,0.6883999705314636
YOR241W,YLR009W,0,-7.0074325,0.1146971806883812,0.8920000195503235,0.6884999871253967
YOR080W,YGR091W,0,-7.0076513,0.11468243598937988,0.8920000195503235,0.6886000037193298
YMR316W,YBR040W,0,-7.0077558,0.11466769874095917,0.8920000195503235,0.6887000203132629
YNL047C,YJL171C,0,-7.0078025,0.11465295404195786,0.8920000195503235,0.6887999773025513
YGL169W,YDR098C-A,0,-7.0079517,0.11463822424411774,0.8920000195503235,0.6888999938964844
YPR047W,YHL009W-B,0,-7.0080624,0.11462348699569702,0.8920000195503235,0.6890000104904175
YDL124W,YPR158W-B,0,-7.00832,0.1146087646484375,0.8920000195503235,0.6891000270843506
YLL022C,YLR200W,0,-7.008322,0.11459404230117798,0.8920000195503235,0.6891999840736389
YLR210W,YER108C,0,-7.0084667,0.11457931995391846,0.8920000195503235,0.689300000667572
YJL100W,YGL039W,0,-7.008902,0.11456460505723953,0.8920000195503235,0.6894000172615051
YGL155W,YOR088W,0,-7.0089827,0.11454989016056061,0.8920000195503235,0.6894999742507935
YNL072W,YBL005W-A,0,-7.0089893,0.11453518271446228,0.8920000195503235,0.6895999908447266
YNL052W,YIL029C,0,-7.0089936,0.11452047526836395,0.8920000195503235,0.6897000074386597
YMR236W,YEL077C,0,-7.009452,0.11450577527284622,0.8920000195503235,0.6898000240325928
YIL015W,YOR001W,0,-7.009457,0.11449108272790909,0.8920000195503235,0.6898999810218811
YFL053W,YOR396W,0,-7.009502,0.11447638273239136,0.8920000195503235,0.6899999976158142
YGL210W-A,YJL109C,0,-7.0102396,0.11446169763803482,0.8920000195503235,0.6901000142097473
YOL149W,YHR014W,0,-7.010574,0.11444701254367828,0.8920000195503235,0.6901999711990356
YBL009W,YDL046W,0,-7.0108647,0.11443232744932175,0.8920000195503235,0.6902999877929688
YAR019C,YCL018W,0,-7.010908,0.1144176498055458,0.8920000195503235,0.6904000043869019
YDR201W,YPR074C,0,-7.0109096,0.11440297216176987,0.8920000195503235,0.690500020980835
YOR112W,YCR070W,0,-7.010942,0.11438830196857452,0.8920000195503235,0.6905999779701233
YNL032W,YAR044W,1,-7.0110154,0.11450185626745224,0.8930000066757202,0.6905999779701233
YNL106C,YNL227C,1,-7.011188,0.11461538821458817,0.8939999938011169,0.6905999779701233
YGR024C,YDR316W-A,0,-7.011303,0.11460069566965103,0.8939999938011169,0.6906999945640564
YDR287W,YPR097W,0,-7.0115623,0.1145860031247139,0.8939999938011169,0.6908000111579895
YDR083W,YNR004W,0,-7.0116243,0.11457131803035736,0.8939999938011169,0.6909000277519226
YDR069C,YAR044W,1,-7.0117517,0.11468477547168732,0.8949999809265137,0.6909000277519226
YFL060C,YER137C-A,0,-7.0117817,0.11467008292675018,0.8949999809265137,0.6909999847412109
YOR240W,YER154W,0,-7.0118184,0.11465539038181305,0.8949999809265137,0.691100001335144
YKR028W,YLR164W,0,-7.011906,0.11464070528745651,0.8949999809265137,0.6912000179290771
YNL309W,YGR027W-B,0,-7.012003,0.11462602764368057,0.8949999809265137,0.6912999749183655
YAL042W,YPL066W,0,-7.0121856,0.11461134254932404,0.8949999809265137,0.6913999915122986
YNR056C,YGR221C,0,-7.0122805,0.11459667235612869,0.8949999809265137,0.6915000081062317
YOR204W,YGL175C,0,-7.012432,0.11458200216293335,0.8949999809265137,0.6916000247001648
YMR288W,YNL201C,0,-7.0124826,0.114567331969738,0.8949999809265137,0.6916999816894531
YDL117W,YKL199C,0,-7.0125117,0.11455266922712326,0.8949999809265137,0.6917999982833862
YOR252W,YLR194C,0,-7.012533,0.11453800648450851,0.8949999809265137,0.6919000148773193
YOR011W,YAL013W,0,-7.012683,0.11452335119247437,0.8949999809265137,0.6919999718666077
YJL204C,YNL093W,1,-7.0126896,0.11463664472103119,0.8960000276565552,0.6919999718666077
YLR174W,YBR089C-A,0,-7.0127196,0.11462197452783585,0.8960000276565552,0.6920999884605408
YDR171W,YMR011W,0,-7.012772,0.1146073192358017,0.8960000276565552,0.6922000050544739
YLR117C,YMR121C,0,-7.013104,0.11459265649318695,0.8960000276565552,0.692300021648407
YLR020C,YML040W,0,-7.0131097,0.1145780086517334,0.8960000276565552,0.6923999786376953
YIL015W,YDL082W,0,-7.0133395,0.11456335335969925,0.8960000276565552,0.6924999952316284
YKL152C,YJL018W,0,-7.013355,0.1145487055182457,0.8960000276565552,0.6926000118255615
YMR135C,YLR441C,0,-7.013392,0.11453406512737274,0.8960000276565552,0.6927000284194946
YJL153C,YPR063C,0,-7.0134254,0.11451942473649979,0.8960000276565552,0.692799985408783
YLR391W,YPL015C,0,-7.0134435,0.11450479179620743,0.8960000276565552,0.6929000020027161
YMR202W,YDL085W,0,-7.0138,0.11449015885591507,0.8960000276565552,0.6930000185966492
YDR299W,YNL325C,0,-7.0138044,0.11447553336620331,0.8960000276565552,0.6930999755859375
YNL166C,YKL208W,0,-7.014165,0.11446090787649155,0.8960000276565552,0.6931999921798706
YNL316C,YCR066W,0,-7.0141788,0.11444628983736038,0.8960000276565552,0.6933000087738037
YPL094C,YPR158W-B,0,-7.0143228,0.11443167179822922,0.8960000276565552,0.6934000253677368
YOR237W,YHR161C,1,-7.0143566,0.11454475671052933,0.8970000147819519,0.6934000253677368
YEL055C,YGR161C-D,0,-7.0146174,0.11453013122081757,0.8970000147819519,0.6934999823570251
YMR228W,YHR124W,0,-7.0147033,0.1145155131816864,0.8970000147819519,0.6935999989509583
YJL106W,YPL186C,0,-7.0148683,0.11450089514255524,0.8970000147819519,0.6937000155448914
YJR150C,YJR156C,0,-7.0151143,0.11448627710342407,0.8970000147819519,0.6937999725341797
YNR031C,YOR088W,0,-7.015273,0.1144716665148735,0.8970000147819519,0.6938999891281128
YOR033C,YHR050W,0,-7.0153923,0.11445706337690353,0.8970000147819519,0.6940000057220459
YPL177C,YHL009W-B,0,-7.0154643,0.11444246023893356,0.8970000147819519,0.694100022315979
YBR073W,YDL109C,0,-7.0156016,0.11442785710096359,0.8970000147819519,0.6941999793052673
YCL003W,YCL063W,0,-7.015697,0.11441326886415482,0.8970000147819519,0.6942999958992004
YDL092W,YOR192C-B,0,-7.015759,0.11439867317676544,0.8970000147819519,0.6944000124931335
YPL084W,YER137C-A,0,-7.015796,0.11438408493995667,0.8970000147819519,0.6945000290870667
YNR075W,YOR327C,1,-7.0159273,0.11449700593948364,0.8980000019073486,0.6945000290870667
YDR170C,YPL276W,0,-7.016065,0.11448241025209427,0.8980000019073486,0.694599986076355
YDL102W,YDR316W-A,0,-7.0160904,0.1144678145647049,0.8980000019073486,0.6947000026702881
YGR132C,YGR251W,0,-7.0163016,0.11445322632789612,0.8980000019073486,0.6948000192642212
YML036W,YEL019C,0,-7.01643,0.11443863809108734,0.8980000019073486,0.6948999762535095
YIL150C,YBR141C,0,-7.016452,0.11442405730485916,0.8980000019073486,0.6949999928474426
YPL280W,YBR014C,0,-7.017265,0.11440947651863098,0.8980000019073486,0.6951000094413757
YJL098W,YPR137C-A,0,-7.0173798,0.1143949031829834,0.8980000019073486,0.6952000260353088
YMR012W,YOR173W,0,-7.0174136,0.11438033729791641,0.8980000019073486,0.6952999830245972
YKR059W,YGR065C,0,-7.017526,0.11436576396226883,0.8980000019073486,0.6953999996185303
YOR173W,YPL098C,0,-7.0176454,0.11435120552778244,0.8980000019073486,0.6955000162124634
YNL068C,YBR091C,0,-7.0176635,0.11433664709329605,0.8980000019073486,0.6955999732017517
YIL056W,YGR161C-C,0,-7.0177846,0.11432208865880966,0.8980000019073486,0.6956999897956848
YPR122W,YHL009W-B,0,-7.0178585,0.11430753767490387,0.8980000019073486,0.6958000063896179
YMR221C,YCL010C,0,-7.017973,0.11429298669099808,0.8980000019073486,0.695900022983551
YNR075W,YLR337W,1,-7.018085,0.11440569907426834,0.8989999890327454,0.695900022983551
YGL096W,YNR061C,0,-7.0181003,0.11439114063978195,0.8989999890327454,0.6959999799728394
YAL016W,YNL054W-A,0,-7.018116,0.11437658965587616,0.8989999890327454,0.6960999965667725
YDR240C,YML045W,0,-7.018393,0.11436203867197037,0.8989999890327454,0.6962000131607056
YDL192W,YNR041C,0,-7.0183992,0.11434749513864517,0.8989999890327454,0.6963000297546387
YFL039C,YLR337W,1,-7.018424,0.11446013301610947,0.8999999761581421,0.6963000297546387
YAR071W,YDR261C-D,0,-7.018558,0.11444557458162308,0.8999999761581421,0.696399986743927
YDR129C,YLR337W,1,-7.018563,0.11455816775560379,0.9010000228881836,0.696399986743927
YBL009W,YPR101W,0,-7.018659,0.1145436018705368,0.9010000228881836,0.6965000033378601
YDR083W,YMR268W-A,0,-7.018663,0.11452904343605042,0.9010000228881836,0.6966000199317932
YPR151C,YIL023C,0,-7.0187163,0.11451449245214462,0.9010000228881836,0.6966999769210815
YDR276C,YKR079C,0,-7.0188594,0.11449993401765823,0.9010000228881836,0.6967999935150146
YJR110W,YDL109C,0,-7.019016,0.11448539048433304,0.9010000228881836,0.6969000101089478
YDL092W,YLR227W-B,0,-7.019037,0.11447083950042725,0.9010000228881836,0.6970000267028809
YHR051W,YIL037C,0,-7.0190873,0.11445630341768265,0.9010000228881836,0.6970999836921692
YLR187W,YPL257W-B,0,-7.019258,0.11444175988435745,0.9010000228881836,0.6972000002861023
YFL035C-A,YBL102W,0,-7.019435,0.11442723125219345,0.9010000228881836,0.6973000168800354
YBR244W,YMR089C,0,-7.019435,0.11441269516944885,0.9010000228881836,0.6973999738693237
YDR320C,YOR142W-A,0,-7.0195155,0.11439817398786545,0.9010000228881836,0.6974999904632568
YOR063W,YNL045W,0,-7.019521,0.11438364535570145,0.9010000228881836,0.6976000070571899
YBR038W,YPL257W-B,0,-7.020289,0.11436913162469864,0.9010000228881836,0.697700023651123
YBR200W,YCR091W,0,-7.0202894,0.11435461044311523,0.9010000228881836,0.6977999806404114
YFL034C-A,YNR064C,0,-7.0203233,0.11434010416269302,0.9010000228881836,0.6978999972343445
YER094C,YJL028W,0,-7.0203443,0.11432559043169022,0.9010000228881836,0.6980000138282776
YOR109W,YAR044W,1,-7.020505,0.11443796008825302,0.9020000100135803,0.6980000138282776
YCR071C,YIR019C,0,-7.02061,0.11442344635725021,0.9020000100135803,0.6980999708175659
YOL053C-A,YLR386W,0,-7.02078,0.1144089326262474,0.9020000100135803,0.698199987411499
YLL057C,YGR234W,0,-7.0213914,0.1143944188952446,0.9020000100135803,0.6983000040054321
YLR206W,YLR337W,1,-7.0214086,0.11450672149658203,0.902999997138977,0.6983000040054321
YNL311C,YHR112C,0,-7.0214124,0.11449220031499863,0.902999997138977,0.6984000205993652
YOR157C,YDR261W-A,0,-7.0215783,0.11447768658399582,0.902999997138977,0.6984999775886536
YMR029C,YDL134C-A,0,-7.0217223,0.11446317285299301,0.902999997138977,0.6985999941825867
YNR011C,YPR198W,0,-7.021831,0.1144486665725708,0.902999997138977,0.6987000107765198
YPL117C,YNR004W,0,-7.0219083,0.11443416774272919,0.902999997138977,0.6988000273704529
YKR095W-A,YEL020W-A,0,-7.02191,0.11441966891288757,0.902999997138977,0.6988999843597412
YML118W,YBL103C,0,-7.021958,0.11440517008304596,0.902999997138977,0.6990000009536743
YDR173C,YLR224W,0,-7.0220675,0.11439067870378494,0.902999997138977,0.6991000175476074
YOL089C,YAL029C,0,-7.02224,0.11437618732452393,0.902999997138977,0.6991999745368958
YKL138C,YLR227W-B,0,-7.0223145,0.1143617033958435,0.902999997138977,0.6992999911308289
YDR256C,YMR061W,0,-7.022366,0.11434721946716309,0.902999997138977,0.699400007724762
YJR058C,YAR071W,0,-7.022416,0.11433274298906326,0.902999997138977,0.6995000243186951
YDL106C,YGR109W-B,0,-7.0226455,0.11431826651096344,0.902999997138977,0.6995999813079834
YDL029W,YJR070C,0,-7.022802,0.11430379748344421,0.902999997138977,0.6996999979019165
YEL029C,YHR112C,0,-7.022908,0.11428932845592499,0.902999997138977,0.6998000144958496
YDR076W,YHR079C-B,0,-7.023039,0.11427486687898636,0.902999997138977,0.6998999714851379
YJL063C,YLR312C-B,0,-7.0234556,0.11426040530204773,0.902999997138977,0.699999988079071
YHR102W,YJL198W,0,-7.023477,0.1142459511756897,0.902999997138977,0.7001000046730042
YJR160C,YDL180W,0,-7.0235963,0.11423149704933167,0.902999997138977,0.7002000212669373
YHR092C,YPR158C-D,0,-7.023677,0.11421705037355423,0.902999997138977,0.7002999782562256
YCR105W,YLR037C,0,-7.023743,0.1142026036977768,0.902999997138977,0.7003999948501587
YJL041W,YLR227W-A,0,-7.024119,0.11418816447257996,0.902999997138977,0.7005000114440918
YMR220W,YEL057C,0,-7.024134,0.11417372524738312,0.902999997138977,0.7006000280380249
YAL025C,YDL135C,0,-7.024463,0.11415929347276688,0.902999997138977,0.7006999850273132
YPL227C,YOL151W,0,-7.0245986,0.11414486169815063,0.902999997138977,0.7008000016212463
YPL028W,YLR052W,0,-7.02468,0.11413043737411499,0.902999997138977,0.7009000182151794
YNL079C,YBL010C,0,-7.024731,0.11411601305007935,0.902999997138977,0.7009999752044678
YMR305C,YIL091C,0,-7.024823,0.1141015887260437,0.902999997138977,0.7010999917984009
YBR039W,YDR382W,0,-7.025173,0.11408717930316925,0.902999997138977,0.701200008392334
YFL035C,YBR014C,0,-7.025369,0.1140727624297142,0.902999997138977,0.7013000249862671
YLR391W,YGR141W,0,-7.025509,0.11405835300683975,0.902999997138977,0.7013999819755554
YDR378C,YMR268W-A,0,-7.0257716,0.1140439510345459,0.902999997138977,0.7014999985694885
YOL147C,YMR087W,0,-7.0260043,0.11402954906225204,0.902999997138977,0.7016000151634216
YJR060W,YNR064C,0,-7.026241,0.11401515454053879,0.902999997138977,0.70169997215271
YJL102W,YKL200C,0,-7.0262704,0.11400076001882553,0.902999997138977,0.7017999887466431
YNR075W,YDR036C,1,-7.0263033,0.11411260068416595,0.9039999842643738,0.7017999887466431
YER020W,YMR087W,0,-7.0264225,0.1140981987118721,0.9039999842643738,0.7019000053405762
YHR044C,YLR312C-B,0,-7.026685,0.11408379673957825,0.9039999842643738,0.7020000219345093
YPR074C,YMR269W,0,-7.026718,0.11406940221786499,0.9039999842643738,0.7020999789237976
YJR058C,YIL158W,0,-7.027004,0.11405500769615173,0.9039999842643738,0.7021999955177307
YCL048W,YPL183W-A,0,-7.0271106,0.11404062062501907,0.9039999842643738,0.7023000121116638
YJL166W,YGR027W-A,0,-7.0271387,0.11402623355388641,0.9039999842643738,0.7024000287055969
YJR135W-A,YPL225W,0,-7.0271497,0.11401185393333435,0.9039999842643738,0.7024999856948853
YGR175C,YDR434W,0,-7.027571,0.11399747431278229,0.9039999842643738,0.7026000022888184
YJL212C,YLL017W,0,-7.027845,0.11398310214281082,0.9039999842643738,0.7027000188827515
YKL152C,YJR088C,0,-7.027942,0.11396873742341995,0.9039999842643738,0.7027999758720398
YLR172C,YKL042W,0,-7.0279727,0.11395436525344849,0.9039999842643738,0.7028999924659729
YDL161W,YLR337W,1,-7.0279775,0.11406604200601578,0.9049999713897705,0.7028999924659729
YKL199C,YKL193C,0,-7.0280547,0.11405166983604431,0.9049999713897705,0.703000009059906
YDL118W,YER160C,0,-7.028765,0.11403729766607285,0.9049999713897705,0.7031000256538391
YDR545W,YDR170W-A,0,-7.0288067,0.11402293294668198,0.9049999713897705,0.7031999826431274
YNL280C,YCR080W,0,-7.028986,0.11400856822729111,0.9049999713897705,0.7032999992370605
YMR199W,YGL181W,0,-7.029092,0.11399420350790024,0.9049999713897705,0.7034000158309937
YNL156C,YGR109W-B,0,-7.029164,0.11397984623908997,0.9049999713897705,0.703499972820282
YFL035C,YHR113W,0,-7.029398,0.11396549642086029,0.9049999713897705,0.7035999894142151
YGR170W,YPR102C,0,-7.029439,0.11395114660263062,0.9049999713897705,0.7037000060081482
YOR031W,YHR092C,0,-7.029501,0.11393679678440094,0.9049999713897705,0.7038000226020813
YKR093W,YDR261W-B,0,-7.0295696,0.11392245441675186,0.9049999713897705,0.7038999795913696
YLL001W,YLR014C,0,-7.029613,0.11390811949968338,0.9049999713897705,0.7039999961853027
YOR089C,YLR337W,1,-7.0299835,0.11401963233947754,0.906000018119812,0.7039999961853027
YKL092C,YER137C-A,0,-7.0300484,0.11400528252124786,0.906000018119812,0.7041000127792358
YFR013W,YLR048W,0,-7.0300784,0.11399094015359879,0.906000018119812,0.704200029373169
YPL255W,YGR213C,0,-7.0303802,0.11397659778594971,0.906000018119812,0.7042999863624573
YPL218W,YDL012C,0,-7.0304337,0.11396226286888123,0.906000018119812,0.7044000029563904
YIL111W,YHR051W,0,-7.0306454,0.11394792795181274,0.906000018119812,0.7045000195503235
YFL045C,YDR210W-B,0,-7.0308585,0.11393360048532486,0.906000018119812,0.7045999765396118
YDL099W,YHR079C-B,0,-7.030877,0.11391927301883698,0.906000018119812,0.7046999931335449
YGL169W,YDR057W,0,-7.030892,0.11390495300292969,0.906000018119812,0.704800009727478
YDL107W,YNL045W,0,-7.03098,0.1138906329870224,0.906000018119812,0.7049000263214111
YOR253W,YPL163C,0,-7.0309906,0.11387632042169571,0.906000018119812,0.7049999833106995
YOR353C,YLL017W,0,-7.031018,0.11386200785636902,0.906000018119812,0.7050999999046326
YPL159C,YHR039C-B,0,-7.0310235,0.11384770274162292,0.906000018119812,0.7052000164985657
YER053C,YMR166C,0,-7.031036,0.11383339762687683,0.906000018119812,0.705299973487854
YJR040W,YDR210W-B,0,-7.0310426,0.11381909251213074,0.906000018119812,0.7053999900817871
YDL155W,YLR147C,0,-7.0311685,0.11380479484796524,0.906000018119812,0.7055000066757202
YLR223C,YDR077W,0,-7.031197,0.11379050463438034,0.906000018119812,0.7056000232696533
YER172C,YHR091C,0,-7.0314455,0.11377621442079544,0.906000018119812,0.7056999802589417
YJR040W,YKR093W,0,-7.031641,0.11376193165779114,0.906000018119812,0.7057999968528748
YJR084W,YHR075C,0,-7.031777,0.11374764889478683,0.906000018119812,0.7059000134468079
YBR234C,YBR054W,0,-7.0317845,0.11373336613178253,0.906000018119812,0.7059999704360962
YDR208W,YPL141C,0,-7.0318947,0.11371909081935883,0.906000018119812,0.7060999870300293
YDR098C,YDR266C,0,-7.031905,0.11370482295751572,0.906000018119812,0.7062000036239624
YDL108W,YML072C,0,-7.0324607,0.11369054764509201,0.906000018119812,0.7063000202178955
YHR092C,YOL124C,0,-7.0326314,0.1136762872338295,0.906000018119812,0.7063999772071838
YGR282C,YOR088W,0,-7.0326567,0.11366202682256699,0.906000018119812,0.7064999938011169
YJL062W,YLR157C-B,0,-7.0328097,0.11364776641130447,0.906000018119812,0.70660001039505
YGR264C,YPL257W-B,0,-7.032847,0.11363351345062256,0.906000018119812,0.7067000269889832
YJL050W,YJR145C,0,-7.032988,0.11361926048994064,0.906000018119812,0.7067999839782715
YFL047W,YIL083C,0,-7.033118,0.11360501497983932,0.906000018119812,0.7069000005722046
YER108C,YKR050W,0,-7.0331903,0.113590769469738,0.906000018119812,0.7070000171661377
YBR133C,YBR260C,0,-7.033236,0.11357653141021729,0.906000018119812,0.707099974155426
YGR295C,YEL055C,0,-7.033339,0.11356229335069656,0.906000018119812,0.7071999907493591
YIL147C,YPR097W,0,-7.033366,0.11354806274175644,0.906000018119812,0.7073000073432922
YJR053W,YHR194W,0,-7.0335674,0.11353383213281631,0.906000018119812,0.7074000239372253
YMR109W,YLR337W,1,-7.033724,0.11364490538835526,0.9070000052452087,0.7074000239372253
YPL046C,YOR214C,0,-7.033737,0.11363066732883453,0.9070000052452087,0.7074999809265137
YEL041W,YOR246C,0,-7.033831,0.11361643671989441,0.9070000052452087,0.7075999975204468
YCR086W,YPR054W,0,-7.0342956,0.11360220611095428,0.9070000052452087,0.7077000141143799
YOR132W,YHL009W-B,0,-7.0343204,0.11358797550201416,0.9070000052452087,0.7077999711036682
YDR399W,YBR199W,0,-7.0344806,0.11357375234365463,0.9070000052452087,0.7078999876976013
YGR295C,YDR285W,0,-7.0346026,0.1135595366358757,0.9070000052452087,0.7080000042915344
YLR377C,YLR386W,0,-7.034946,0.11354532092809677,0.9070000052452087,0.7081000208854675
YPR201W,YDL174C,0,-7.0352116,0.11353110522031784,0.9070000052452087,0.7081999778747559
YHR123W,YBR169C,0,-7.0357075,0.1135168969631195,0.9070000052452087,0.708299994468689
YGR148C,YBR241C,0,-7.035807,0.11350268870592117,0.9070000052452087,0.7084000110626221
YCR089W,YIL128W,0,-7.0361276,0.11348848789930344,0.9070000052452087,0.7085000276565552
YOR031W,YBR146W,0,-7.0363865,0.1134742870926857,0.9070000052452087,0.7085999846458435
YPL086C,YPL088W,0,-7.0363903,0.11346009373664856,0.9070000052452087,0.7087000012397766
YDR069C,YLR337W,1,-7.0364933,0.11357098072767258,0.9079999923706055,0.7087000012397766
YER061C,YFL035C-A,0,-7.036676,0.11355677992105484,0.9079999923706055,0.7088000178337097
YOL060C,YPL041C,0,-7.036808,0.1135425791144371,0.9079999923706055,0.708899974822998
YBR299W,YFL035C-A,0,-7.03681,0.11352838575839996,0.9079999923706055,0.7089999914169312
YHR204W,YFL035C,0,-7.0369086,0.11351419240236282,0.9079999923706055,0.7091000080108643
YBR100W,YDR422C,0,-7.037301,0.11349999904632568,0.9079999923706055,0.7092000246047974
YNL332W,YLR035C-A,0,-7.037383,0.11348581314086914,0.9079999923706055,0.7092999815940857
YMR091C,YOR337W,0,-7.0375295,0.1134716346859932,0.9079999923706055,0.7093999981880188
YAR015W,YGR124W,0,-7.037603,0.11345745623111725,0.9079999923706055,0.7095000147819519
YER090W,YJL113W,0,-7.0376315,0.1134432777762413,0.9079999923706055,0.7095999717712402
YBR244W,YIR014W,0,-7.0376816,0.11342910677194595,0.9079999923706055,0.7096999883651733
YCL027C-A,YDR044W,0,-7.037684,0.1134149357676506,0.9079999923706055,0.7098000049591064
YER126C,YPL129W,0,-7.037714,0.11340077221393585,0.9079999923706055,0.7099000215530396
YCR065W,YCR044C,0,-7.037738,0.1133866161108017,0.9079999923706055,0.7099999785423279
YFR041C,YLR224W,0,-7.0377655,0.11337245255708694,0.9079999923706055,0.710099995136261
YNR019W,YJL168C,0,-7.03818,0.11335830390453339,0.9079999923706055,0.7102000117301941
YGR052W,YKL018W,0,-7.038553,0.11334415525197983,0.9079999923706055,0.7103000283241272
YAL034W-A,YIL121W,0,-7.0389347,0.11333000659942627,0.9079999923706055,0.7103999853134155
YGR040W,YBR090C-A,0,-7.0393624,0.11331586539745331,0.9079999923706055,0.7105000019073486
YAR044W,YOR089C,1,-7.0395637,0.11342650651931763,0.9089999794960022,0.7105000019073486
YCR097WB,YPL029W,0,-7.0397086,0.11341235041618347,0.9089999794960022,0.7106000185012817
YCR002C,YDR471W,0,-7.0398817,0.11339820176362991,0.9089999794960022,0.7106999754905701
YKL199C,YHR157W,0,-7.039971,0.11338406056165695,0.9089999794960022,0.7107999920845032
YMR095C,YOR337W,0,-7.040109,0.11336991935968399,0.9089999794960022,0.7109000086784363
YFL045C,YDR058C,0,-7.0402675,0.11335577815771103,0.9089999794960022,0.7110000252723694
YPR185W,YFL003C,0,-7.0403132,0.11334164440631866,0.9089999794960022,0.7110999822616577
YLR223C,YBR098W,0,-7.0403333,0.1133275181055069,0.9089999794960022,0.7111999988555908
YGL078C,YKL064W,0,-7.0404234,0.11331339180469513,0.9089999794960022,0.7113000154495239
YDL159W,YIL091C,0,-7.0406556,0.11329926550388336,0.9089999794960022,0.7113999724388123
YBR251W,YLR227W-B,0,-7.0407653,0.11328514665365219,0.9089999794960022,0.7114999890327454
YMR069W,YDR478W,0,-7.0410028,0.11327102780342102,0.9089999794960022,0.7116000056266785
YKL199C,YPR056W,0,-7.0411296,0.11325691640377045,0.9089999794960022,0.7117000222206116
YGR024C,YDL235C,0,-7.041503,0.11324280500411987,0.9089999794960022,0.7117999792098999
YGR088W,YBR009C,0,-7.0415606,0.1132287010550499,0.9089999794960022,0.711899995803833
YEL062W,YKR078W,0,-7.0416584,0.11321459710597992,0.9089999794960022,0.7120000123977661
YPR198W,YDR261W-A,0,-7.0417223,0.11320050060749054,0.9089999794960022,0.7121000289916992
YLR450W,YBR072W,0,-7.041855,0.11318640410900116,0.9089999794960022,0.7121999859809875
YPR068C,YHL017W,0,-7.041889,0.11317230761051178,0.9089999794960022,0.7123000025749207
YPL217C,YMR280C,0,-7.0419407,0.1131582260131836,0.9089999794960022,0.7124000191688538
YPR046W,YPR182W,0,-7.04204,0.11314413696527481,0.9089999794960022,0.7124999761581421
YBR021W,YLR372W,0,-7.042127,0.11313005536794662,0.9089999794960022,0.7125999927520752
YCL029C,YOL093W,0,-7.042148,0.11311598122119904,0.9089999794960022,0.7127000093460083
YFR032C-A,YGR161W-B,0,-7.0421643,0.11310190707445145,0.9089999794960022,0.7128000259399414
YGL186C,YOR339C,0,-7.0421896,0.11308783292770386,0.9089999794960022,0.7128999829292297
YLR244C,YDL059C,0,-7.0423074,0.11307376623153687,0.9089999794960022,0.7129999995231628
YDR047W,YDL038C,0,-7.0423474,0.11305969953536987,0.9089999794960022,0.713100016117096
YNL191W,YDL083C,0,-7.0427217,0.11304564028978348,0.9089999794960022,0.7131999731063843
YDL195W,YIL172C,0,-7.042832,0.11303158104419708,0.9089999794960022,0.7132999897003174
YHR019C,YNL253W,0,-7.042847,0.11301752924919128,0.9089999794960022,0.7134000062942505
YPL021W,YMR284W,0,-7.042934,0.11300347745418549,0.9089999794960022,0.7135000228881836
YJR040W,YPR144C,0,-7.042975,0.11298943310976028,0.9089999794960022,0.7135999798774719
YFL035C-B,YPL249C-A,0,-7.0430675,0.11297538876533508,0.9089999794960022,0.713699996471405
YER108C,YLR003C,0,-7.0431647,0.11296135187149048,0.9089999794960022,0.7138000130653381
YML107C,YGR161C-D,0,-7.0431952,0.11294731497764587,0.9089999794960022,0.7139000296592712
YBR260C,YJL118W,0,-7.043366,0.11293328553438187,0.9089999794960022,0.7139999866485596
YGR295C,YCL005W-A,0,-7.043467,0.11291925609111786,0.9089999794960022,0.7141000032424927
YPL246C,YHL033C,0,-7.043711,0.11290522664785385,0.9089999794960022,0.7142000198364258
YOR375C,YOR140W,0,-7.0437655,0.11289120465517044,0.9089999794960022,0.7142999768257141
YCR058C,YCL033C,0,-7.0440526,0.11287719011306763,0.9089999794960022,0.7143999934196472
YPL145C,YDR059C,1,-7.0449514,0.11298733204603195,0.9100000262260437,0.7143999934196472
YBR100W,YGR138C,0,-7.045049,0.11297331005334854,0.9100000262260437,0.7145000100135803
YOR008C,YAR044W,1,-7.0451035,0.11308341473340988,0.9110000133514404,0.7145000100135803
YPL032C,YAR044W,1,-7.04537,0.11319349706172943,0.9120000004768372,0.7145000100135803
YBR231C,YBR058C-A,0,-7.0455737,0.11317945271730423,0.9120000004768372,0.7146000266075134
YCL034W,YAR044W,1,-7.0457177,0.1132894903421402,0.9129999876022339,0.7146000266075134
YMR162C,YMR251W-A,0,-7.045729,0.1132754310965538,0.9129999876022339,0.7146999835968018
YDL052C,YDR131C,0,-7.045957,0.113261379301548,0.9129999876022339,0.7148000001907349
YLR304C,YNR074C,0,-7.0459886,0.1132473349571228,0.9129999876022339,0.714900016784668
YMR201C,YGR195W,0,-7.046039,0.1132332906126976,0.9129999876022339,0.7149999737739563
YNL281W,YJL118W,0,-7.04662,0.1132192462682724,0.9129999876022339,0.7150999903678894
YDL108W,YDR073W,0,-7.0466404,0.1132052093744278,0.9129999876022339,0.7152000069618225
YDR177W,YLR337W,1,-7.0470457,0.113315150141716,0.9139999747276306,0.7152000069618225
YBR267W,YML064C,0,-7.0474787,0.1133011057972908,0.9139999747276306,0.7153000235557556
YPL101W,YBL063W,0,-7.047581,0.1132870614528656,0.9139999747276306,0.715399980545044
YJR150C,YCL017C,0,-7.0477157,0.1132730171084404,0.9139999747276306,0.715499997138977
YGL116W,YOL142W,0,-7.047732,0.1132589802145958,0.9139999747276306,0.7156000137329102
YML054C,YIL076W,0,-7.047752,0.11324495077133179,0.9139999747276306,0.7156999707221985
YDR025W,YJL028W,0,-7.0482345,0.11323092132806778,0.9139999747276306,0.7157999873161316
YLL061W,YLR335W,0,-7.048589,0.11321689933538437,0.9139999747276306,0.7159000039100647
YOL053C-A,YCR062W,0,-7.04865,0.11320286989212036,0.9139999747276306,0.7160000205039978
YOL077C,YBL045C,0,-7.048925,0.11318885535001755,0.9139999747276306,0.7160999774932861
YNL084C,YLR337W,1,-7.0493226,0.11329866200685501,0.9150000214576721,0.7160999774932861
YOR157C,YPL088W,0,-7.049389,0.113284632563591,0.9150000214576721,0.7161999940872192
YPL237W,YJR088C,0,-7.0494957,0.11327061057090759,0.9150000214576721,0.7163000106811523
YAL054C,YBR293W,0,-7.049537,0.11325658857822418,0.9150000214576721,0.7164000272750854
YGR074W,YDR210W-B,0,-7.0496774,0.11324257403612137,0.9150000214576721,0.7164999842643738
YIL103W,YLR248W,0,-7.0497017,0.11322855949401855,0.9150000214576721,0.7166000008583069
YLR390W-A,YDR083W,0,-7.0498013,0.11321455240249634,0.9150000214576721,0.71670001745224
YLR285W,YDR098C-B,0,-7.0500455,0.11320054531097412,0.9150000214576721,0.7167999744415283
YMR275C,YJL198W,0,-7.0502334,0.1131865382194519,0.9150000214576721,0.7168999910354614
YHR058C,YNL139C,0,-7.050244,0.11317253857851028,0.9150000214576721,0.7170000076293945
YDR361C,YDL119C,0,-7.050267,0.11315854638814926,0.9150000214576721,0.7171000242233276
YDR538W,YPR151C,0,-7.0503,0.11314455419778824,0.9150000214576721,0.717199981212616
YJR143C,YIL173W,0,-7.050446,0.11313056200742722,0.9150000214576721,0.7172999978065491
YAL026C,YOR237W,1,-7.0505757,0.11324020475149155,0.9160000085830688,0.7172999978065491
YDR302W,YPL257W-A,0,-7.0511503,0.11322620511054993,0.9160000085830688,0.7174000144004822
YLR395C,YPR154W,0,-7.0512805,0.1132122129201889,0.9160000085830688,0.7174999713897705
YPR198W,YBL005W-A,0,-7.051311,0.11319822072982788,0.9160000085830688,0.7175999879837036
YML048W,YNR012W,0,-7.051926,0.11318423599004745,0.9160000085830688,0.7177000045776367
YKR059W,YDR098C-B,0,-7.0519605,0.11317025125026703,0.9160000085830688,0.7178000211715698
YOL059W,YDR531W,0,-7.0521584,0.1131562665104866,0.9160000085830688,0.7178999781608582
YGR089W,YCL069W,0,-7.0521617,0.11314228922128677,0.9160000085830688,0.7179999947547913
YHR160C,YKL155C,0,-7.052565,0.11312831938266754,0.9160000085830688,0.7181000113487244
YBR090C-A,YMR121C,0,-7.052585,0.11311434954404831,0.9160000085830688,0.7182000279426575
YGL251C,YEL077C,0,-7.052797,0.11310037970542908,0.9160000085830688,0.7182999849319458
YDR261C,YOR214C,0,-7.0528474,0.11308641731739044,0.9160000085830688,0.7184000015258789
YGL139W,YPR158C-D,0,-7.0531387,0.1130724623799324,0.9160000085830688,0.718500018119812
YER114C,YNL064C,0,-7.0533767,0.11305850744247437,0.9160000085830688,0.7185999751091003
YDR424C,YOR382W,0,-7.0538983,0.11304455250501633,0.9160000085830688,0.7186999917030334
YMR076C,YCL003W,0,-7.0540156,0.11303060501813889,0.9160000085830688,0.7188000082969666
YLR262C,YBR141C,0,-7.0540204,0.11301665753126144,0.9160000085830688,0.7189000248908997
YMR123W,YDR316W-B,0,-7.054023,0.1130027174949646,0.9160000085830688,0.718999981880188
YGR202C,YDL025C,0,-7.0540357,0.11298877745866776,0.9160000085830688,0.7190999984741211
YHR094C,YPR140W,0,-7.0541778,0.11297483742237091,0.9160000085830688,0.7192000150680542
YIL124W,YPR163C,0,-7.054196,0.11296090483665466,0.9160000085830688,0.7192999720573425
YKL164C,YLR035C-A,0,-7.054441,0.11294697970151901,0.9160000085830688,0.7193999886512756
YDR217C,YGL096W,0,-7.0544877,0.11293305456638336,0.9160000085830688,0.7195000052452087
YBR090C-A,YNL253W,0,-7.054684,0.11291912943124771,0.9160000085830688,0.7196000218391418
YNR002C,YLR256W,0,-7.054729,0.11290521174669266,0.9160000085830688,0.7196999788284302
YBR205W,YLR264W,0,-7.055536,0.1128913015127182,0.9160000085830688,0.7197999954223633
YPL016W,YGL185C,0,-7.056079,0.11287739127874374,0.9160000085830688,0.7199000120162964
YIR026C,YDR316W-A,0,-7.0563064,0.11286348104476929,0.9160000085830688,0.7200000286102295
YDR039C,YJR095W,0,-7.0563407,0.11284957826137543,0.9160000085830688,0.7200999855995178
YLR347C,YLR263W,0,-7.056495,0.11283567547798157,0.9160000085830688,0.7202000021934509
YGR282C,YGR090W,0,-7.056643,0.11282177269458771,0.9160000085830688,0.720300018787384
YJL091C,YPR151C,0,-7.056761,0.11280788481235504,0.9160000085830688,0.7203999757766724
YJL011C,YPR095C,0,-7.0570455,0.11279398947954178,0.9160000085830688,0.7204999923706055
YDR176W,YPL258C,0,-7.057683,0.11278010159730911,0.9160000085830688,0.7206000089645386
YER041W,YLR227W-B,0,-7.0577054,0.11276622116565704,0.9160000085830688,0.7207000255584717
YOR217W,YOL107W,0,-7.0577865,0.11275234073400497,0.9160000085830688,0.72079998254776
YNR075W,YLR206W,1,-7.0580063,0.11286153644323349,0.9169999957084656,0.72079998254776
YMR305C,YDL119C,0,-7.05876,0.11284764856100082,0.9169999957084656,0.7208999991416931
YDR106W,YIL022W,0,-7.05887,0.11283376067876816,0.9169999957084656,0.7210000157356262
YJR069C,YPR158C-D,0,-7.059179,0.11281988024711609,0.9169999957084656,0.7210999727249146
YOL120C,YDR484W,0,-7.0593114,0.11280599981546402,0.9169999957084656,0.7211999893188477
YPL231W,YLR249W,0,-7.059554,0.11279212683439255,0.9169999957084656,0.7213000059127808
YDL012C,YDL109C,0,-7.0596766,0.11277825385332108,0.9169999957084656,0.7214000225067139
YGL194C,YLR344W,0,-7.059871,0.1127643883228302,0.9169999957084656,0.7214999794960022
YDL229W,YDL211C,0,-7.059895,0.11275052279233932,0.9169999957084656,0.7215999960899353
YFR047C,YLR008C,0,-7.060163,0.11273665726184845,0.9169999957084656,0.7217000126838684
YGL150C,YLR058C,0,-7.0601892,0.11272279918193817,0.9169999957084656,0.7218000292778015
YAL031C,YOR356W,0,-7.0602393,0.11270894855260849,0.9169999957084656,0.7218999862670898
YHR215W,YLR181C,0,-7.06025,0.11269509792327881,0.9169999957084656,0.722000002861023
YPR137W,YJL213W,0,-7.0603557,0.11268124729394913,0.9169999957084656,0.722100019454956
YPR144C,YIL053W,0,-7.060455,0.11266740411520004,0.9169999957084656,0.7221999764442444
YML054C,YDL118W,0,-7.0607524,0.11265356093645096,0.9169999957084656,0.7222999930381775
YIL145C,YCR058C,0,-7.0610595,0.11263972520828247,0.9169999957084656,0.7224000096321106
YKL097W-A,YGR089W,0,-7.0622983,0.11262588948011398,0.9169999957084656,0.7225000262260437
YER111C,YER087W,0,-7.0630116,0.11261206120252609,0.9169999957084656,0.722599983215332
YPL249C-A,YNL241C,0,-7.063092,0.1125982329249382,0.9169999957084656,0.7226999998092651
YFL035C-A,YGL122C,0,-7.0631394,0.11258440464735031,0.9169999957084656,0.7228000164031982
YDR289C,YIL029C,0,-7.0633435,0.11257058382034302,0.9169999957084656,0.7228999733924866
YML075C,YPL141C,0,-7.0637355,0.11255677044391632,0.9169999957084656,0.7229999899864197
YJR063W,YGL185C,0,-7.063914,0.11254295706748962,0.9169999957084656,0.7231000065803528
YER002W,YBR067C,0,-7.064154,0.11252914369106293,0.9169999957084656,0.7232000231742859
YLR264W,YFR006W,0,-7.06416,0.11251533776521683,0.9169999957084656,0.7232999801635742
YJL058C,YLR023C,0,-7.0644655,0.11250153183937073,0.9169999957084656,0.7233999967575073
YDR268W,YJL213W,0,-7.0644975,0.11248773336410522,0.9169999957084656,0.7235000133514404
YCR057C,YLR292C,0,-7.0645294,0.11247393488883972,0.9169999957084656,0.7235999703407288
YBR241C,YKL088W,0,-7.064605,0.11246014386415482,0.9169999957084656,0.7236999869346619
YOR209C,YKR086W,0,-7.0647025,0.11244635283946991,0.9169999957084656,0.723800003528595
YLR337W,YKR014C,1,-7.064753,0.11255517601966858,0.9179999828338623,0.723800003528595
YJR005W,YLL056C,0,-7.064791,0.11254137754440308,0.9179999828338623,0.7239000201225281
YBL009W,YDR255C,0,-7.065049,0.11252757906913757,0.9179999828338623,0.7239999771118164
YOR313C,YNL128W,0,-7.0651364,0.11251378804445267,0.9179999828338623,0.7240999937057495
YOR201C,YLR008C,0,-7.065381,0.11249999701976776,0.9179999828338623,0.7242000102996826
YLR141W,YOR019W,0,-7.0653977,0.11248621344566345,0.9179999828338623,0.7243000268936157
YGL175C,YLR369W,0,-7.0656695,0.11247242987155914,0.9179999828338623,0.724399983882904
YKL049C,YMR146C,0,-7.0658813,0.11245865374803543,0.9179999828338623,0.7245000004768372
YDL192W,YFR006W,0,-7.065919,0.11244487762451172,0.9179999828338623,0.7246000170707703
YAL030W,YLR337W,1,-7.066191,0.11255358159542084,0.9190000295639038,0.7246000170707703
YFL017W-A,YMR046C,0,-7.0662513,0.11253979802131653,0.9190000295639038,0.7246999740600586
YBR029C,YIR019C,0,-7.0662646,0.11252602189779282,0.9190000295639038,0.7247999906539917
YMR002W,YIL123W,0,-7.066341,0.1125122457742691,0.9190000295639038,0.7249000072479248
YPR025C,YCR016W,0,-7.0663867,0.11249846965074539,0.9190000295639038,0.7250000238418579
YPR103W,YFL052W,0,-7.0668907,0.11248470097780228,0.9190000295639038,0.7250999808311462
YML019W,YFR006W,0,-7.067261,0.11247093230485916,0.9190000295639038,0.7251999974250793
YDR524C,YFR013W,0,-7.067294,0.11245717108249664,0.9190000295639038,0.7253000140190125
YGR276C,YCL062W,0,-7.0675774,0.11244340986013412,0.9190000295639038,0.7253999710083008
YDR365C,YJL114W,0,-7.0675826,0.1124296560883522,0.9190000295639038,0.7254999876022339
YMR264W,YDL119C,0,-7.067729,0.11241590231657028,0.9190000295639038,0.725600004196167
YKL097W-A,YLR369W,0,-7.067947,0.11240215599536896,0.9190000295639038,0.7257000207901001
YOL020W,YML040W,0,-7.068046,0.11238840967416763,0.9190000295639038,0.7257999777793884
YNL185C,YLR466W,0,-7.0681047,0.11237466335296631,0.9190000295639038,0.7258999943733215
YDR297W,YPR158W-B,0,-7.068311,0.11236092448234558,0.9190000295639038,0.7260000109672546
YFL010W-A,YDR134C,0,-7.068396,0.11234718561172485,0.9190000295639038,0.7261000275611877
YAL042W,YDR012W,0,-7.0685353,0.11233345419168472,0.9190000295639038,0.7261999845504761
YNR037C,YIL167W,0,-7.06864,0.11231972277164459,0.9190000295639038,0.7263000011444092
YMR006C,YJL213W,0,-7.068896,0.11230599880218506,0.9190000295639038,0.7264000177383423
YJR117W,YGR266W,0,-7.0689034,0.11229227483272552,0.9190000295639038,0.7264999747276306
YOR264W,YER126C,0,-7.0689683,0.11227855831384659,0.9190000295639038,0.7265999913215637
YKL148C,YER180C-A,0,-7.069322,0.11226484179496765,0.9190000295639038,0.7267000079154968
YJR108W,YKR095W,0,-7.06939,0.11225113272666931,0.9190000295639038,0.7268000245094299
YML063W,YGR161C-D,0,-7.0694165,0.11223742365837097,0.9190000295639038,0.7268999814987183
YPL235W,YCL062W,0,-7.0694213,0.11222371459007263,0.9190000295639038,0.7269999980926514
YLR384C,YDR266C,0,-7.069536,0.11221001297235489,0.9190000295639038,0.7271000146865845
YDR468C,YEL057C,0,-7.0696397,0.11219631135463715,0.9190000295639038,0.7271999716758728
YKL194C,YGR203W,0,-7.069771,0.1121826171875,0.9190000295639038,0.7272999882698059
YHR042W,YPL186C,0,-7.069928,0.11216892302036285,0.9190000295639038,0.727400004863739
YNL053W,YML131W,0,-7.0699353,0.1121552363038063,0.9190000295639038,0.7275000214576721
YJL158C,YJL225C,0,-7.070147,0.11214154958724976,0.9190000295639038,0.7275999784469604
YBR254C,YIR026C,0,-7.070396,0.1121278703212738,0.9190000295639038,0.7276999950408936
YGL093W,YJR015W,0,-7.070483,0.11211419105529785,0.9190000295639038,0.7278000116348267
YNL314W,YLR139C,0,-7.070687,0.1121005117893219,0.9190000295639038,0.7279000282287598
YMR116C,YBR241C,0,-7.07084,0.11208683997392654,0.9190000295639038,0.7279999852180481
YGR084C,YNR024W,0,-7.0708604,0.11207316815853119,0.9190000295639038,0.7281000018119812
YMR205C,YBR006W,0,-7.0708776,0.11205950379371643,0.9190000295639038,0.7282000184059143
YPL096C-A,YPR189W,0,-7.070949,0.11204583942890167,0.9190000295639038,0.7282999753952026
YPL126W,YDR478W,0,-7.0710287,0.11203218251466751,0.9190000295639038,0.7283999919891357
YOL151W,YOR334W,0,-7.071422,0.11201852560043335,0.9190000295639038,0.7285000085830688
YAL068C,YHR214C-B,0,-7.0714636,0.11200487613677979,0.9190000295639038,0.728600025177002
YOR224C,YOR339C,0,-7.0716386,0.11199122667312622,0.9190000295639038,0.7286999821662903
YLR424W,YML082W,0,-7.071697,0.11197757720947266,0.9190000295639038,0.7287999987602234
YLR344W,YBL067C,0,-7.071854,0.11196393519639969,0.9190000295639038,0.7289000153541565
YDR339C,YNR004W,0,-7.07221,0.11195030063390732,0.9190000295639038,0.7289999723434448
YKL095W,YLR345W,0,-7.072487,0.11193666607141495,0.9190000295639038,0.7290999889373779
YML032C,YJR028W,0,-7.072675,0.11192303150892258,0.9190000295639038,0.729200005531311
YBR036C,YOR391C,0,-7.072706,0.1119094043970108,0.9190000295639038,0.7293000221252441
YCR086W,YFR016C,0,-7.0734076,0.11189577728509903,0.9190000295639038,0.7293999791145325
YLR160C,YPR074C,0,-7.0735354,0.11188215017318726,0.9190000295639038,0.7294999957084656
YNL002C,YBR084C-A,0,-7.07357,0.11186853051185608,0.9190000295639038,0.7296000123023987
YNR041C,YLR424W,0,-7.0736585,0.1118549183011055,0.9190000295639038,0.7297000288963318
YBL009W,YKR078W,0,-7.0739493,0.11184130609035492,0.9190000295639038,0.7297999858856201
YJL212C,YBR069C,0,-7.073964,0.11182769387960434,0.9190000295639038,0.7299000024795532
YJR019C,YDR050C,0,-7.074153,0.11181408911943436,0.9190000295639038,0.7300000190734863
YHR114W,YAR044W,1,-7.0746303,0.11192213743925095,0.9200000166893005,0.7300000190734863
YHL033C,YLR157C-B,0,-7.074867,0.11190852522850037,0.9200000166893005,0.7300999760627747
YGL021W,YBR167C,0,-7.0752144,0.11189491301774979,0.9200000166893005,0.7301999926567078
YMR186W,YJR041C,0,-7.075656,0.1118813082575798,0.9200000166893005,0.7303000092506409
YGL029W,YBR133C,0,-7.075846,0.11186770349740982,0.9200000166893005,0.730400025844574
YHR171W,YHR215W,0,-7.0760384,0.11185410618782043,0.9200000166893005,0.7304999828338623
YPL061W,YMR227C,0,-7.07611,0.11184050887823105,0.9200000166893005,0.7305999994277954
YLR227C,YDR002W,0,-7.076488,0.11182691156864166,0.9200000166893005,0.7307000160217285
YCR063W,YKL208W,0,-7.07659,0.11181332170963287,0.9200000166893005,0.7307999730110168
YHR157W,YNL253W,0,-7.0768094,0.11179973185062408,0.9200000166893005,0.73089998960495
YOR198C,YLR157C-B,0,-7.076929,0.11178614944219589,0.9200000166893005,0.7310000061988831
YNL230C,YNL117W,0,-7.077088,0.1117725670337677,0.9200000166893005,0.7311000227928162
YAR042W,YLR337W,1,-7.077848,0.11188046634197235,0.9210000038146973,0.7311000227928162
YAR044W,YLR337W,1,-7.077848,0.11198834329843521,0.921999990940094,0.7311000227928162
YML042W,YNL015W,0,-7.0778794,0.11197473853826523,0.921999990940094,0.7311999797821045
YOL012C,YGL210W-A,0,-7.078161,0.11196114122867584,0.921999990940094,0.7312999963760376
YNL119W,YNR034W,0,-7.078345,0.11194754391908646,0.921999990940094,0.7314000129699707
YFR024C,YPL235W,0,-7.07891,0.11193395406007767,0.921999990940094,0.7315000295639038
YCR057C,YMR236W,0,-7.078984,0.11192037165164948,0.921999990940094,0.7315999865531921
YEL027W,YAR044W,1,-7.0793324,0.11202815920114517,0.9229999780654907,0.7315999865531921
YBR193C,YNL305C,0,-7.0794406,0.11201456189155579,0.9229999780654907,0.7317000031471252
YNL132W,YMR268W-A,0,-7.0798373,0.112000972032547,0.9229999780654907,0.7318000197410583
YDR430C,YKL014C,0,-7.0801787,0.11198738217353821,0.9229999780654907,0.7318999767303467
YBR230C,YHR113W,0,-7.080189,0.11197379231452942,0.9229999780654907,0.7319999933242798
YPL234C,YBR012W-A,0,-7.080214,0.11196020990610123,0.9229999780654907,0.7321000099182129
YBL002W,YDR541C,0,-7.0804963,0.11194663494825363,0.9229999780654907,0.732200026512146
YCL060C,YDL040C,0,-7.080861,0.11193305999040604,0.9229999780654907,0.7322999835014343
YCL043C,YIL061C,0,-7.080915,0.11191948503255844,0.9229999780654907,0.7324000000953674
YDL083C,YCL062W,0,-7.08122,0.11190591752529144,0.9229999780654907,0.7325000166893005
YLR208W,YMR093W,0,-7.081409,0.11189235001802444,0.9229999780654907,0.7325999736785889
YDR480W,YJL225C,0,-7.0814734,0.11187878996133804,0.9229999780654907,0.732699990272522
YDR062W,YOL067C,0,-7.0815234,0.11186522990465164,0.9229999780654907,0.7328000068664551
YPR112C,YER023W,0,-7.0820556,0.11185166984796524,0.9229999780654907,0.7329000234603882
YIL118W,YMR194W,0,-7.082154,0.11183811724185944,0.9229999780654907,0.7329999804496765
YJL207C,YCL062W,0,-7.0823064,0.11182457208633423,0.9229999780654907,0.7330999970436096
YGL213C,YBR241C,0,-7.0823216,0.11181102693080902,0.9229999780654907,0.7332000136375427
YHR113W,YIL029C,0,-7.082347,0.11179748177528381,0.9229999780654907,0.733299970626831
YKL172W,YDL171C,0,-7.082698,0.1117839440703392,0.9229999780654907,0.7333999872207642
YKL138C-A,YDL190C,0,-7.08285,0.11177040636539459,0.9229999780654907,0.7335000038146973
YKR068C,YHR039C-B,0,-7.082979,0.11175686866044998,0.9229999780654907,0.7336000204086304
YLR067C,YJL114W,0,-7.0832,0.11174333840608597,0.9229999780654907,0.7336999773979187
YPR074C,YJR096W,0,-7.0835013,0.11172981560230255,0.9229999780654907,0.7337999939918518
YCR005C,YPR168W,0,-7.0843577,0.11171629279851913,0.9229999780654907,0.7339000105857849
YCL027C-A,YPR164W,0,-7.084549,0.11170276999473572,0.9229999780654907,0.734000027179718
YIR006C,YLR337W,1,-7.084813,0.11181025952100754,0.9240000247955322,0.734000027179718
YER069W,YKR079C,0,-7.084843,0.11179673671722412,0.9240000247955322,0.7340999841690063
YJL041W,YIL083C,0,-7.0853877,0.11178320646286011,0.9240000247955322,0.7342000007629395
YOL149W,YGL219C,0,-7.0853963,0.11176968365907669,0.9240000247955322,0.7343000173568726
YKL093W,YFR006W,0,-7.085442,0.11175616830587387,0.9240000247955322,0.7343999743461609
YGR262C,YER108C,0,-7.085547,0.11174265295267105,0.9240000247955322,0.734499990940094
YJL099W,YHR019C,0,-7.085956,0.11172914505004883,0.9240000247955322,0.7346000075340271
YNR028W,YFL035C-B,0,-7.0859666,0.11171562969684601,0.9240000247955322,0.7347000241279602
YBR267W,YOR127W,0,-7.085997,0.11170212924480438,0.9240000247955322,0.7347999811172485
YOR119C,YIL076W,0,-7.0861344,0.11168862879276276,0.9240000247955322,0.7348999977111816
YMR061W,YOR359W,0,-7.0865483,0.11167512834072113,0.9240000247955322,0.7350000143051147
YOR007C,YCL075W,0,-7.0865755,0.1116616278886795,0.9240000247955322,0.7350999712944031
YPL256C,YDR348C,0,-7.0868106,0.11164814233779907,0.9240000247955322,0.7351999878883362
YCR089W,YDR320C,0,-7.087206,0.11163464933633804,0.9240000247955322,0.7353000044822693
YMR221C,YNR053C,0,-7.087237,0.11162116378545761,0.9240000247955322,0.7354000210762024
YAR015W,YNL333W,0,-7.0875044,0.11160768568515778,0.9240000247955322,0.7354999780654907
YDR424C,YIL177C,0,-7.087672,0.11159420013427734,0.9240000247955322,0.7355999946594238
YGL151W,YBL039C,0,-7.0877457,0.1115807294845581,0.9240000247955322,0.7357000112533569
YIR038C,YFR045W,0,-7.088162,0.11156725138425827,0.9240000247955322,0.73580002784729
YMR169C,YOL055C,0,-7.0882974,0.11155378818511963,0.9240000247955322,0.7358999848365784
YKL182W,YNL309W,0,-7.0884633,0.11154031753540039,0.9240000247955322,0.7360000014305115
YAL025C,YDR349C,0,-7.0885606,0.11152685433626175,0.9240000247955322,0.7361000180244446
YGL055W,YHR084W,0,-7.088576,0.1115133985877037,0.9240000247955322,0.7361999750137329
YOR145C,YGL162W,0,-7.0886903,0.11149994283914566,0.9240000247955322,0.736299991607666
YHR075C,YLL023C,0,-7.0889134,0.11148648709058762,0.9240000247955322,0.7364000082015991
YNL133C,YCL074W,0,-7.0890775,0.11147303879261017,0.9240000247955322,0.7365000247955322
YBL056W,YMR086W,0,-7.0890794,0.11145959049463272,0.9240000247955322,0.7365999817848206
YIR038C,YDL038C,0,-7.089084,0.11144614964723587,0.9240000247955322,0.7366999983787537
YLR066W,YNL217W,0,-7.089307,0.11143270879983902,0.9240000247955322,0.7368000149726868
YBR125C,YNR064C,0,-7.0894217,0.11141926795244217,0.9240000247955322,0.7368999719619751
YML097C,YLR001C,0,-7.089425,0.11140583455562592,0.9240000247955322,0.7369999885559082
YDR342C,YLR058C,0,-7.089634,0.11139240860939026,0.9240000247955322,0.7371000051498413
YGL003C,YDR165W,0,-7.089954,0.111378975212574,0.9240000247955322,0.7372000217437744
YDR031W,YKR025W,0,-7.090121,0.11136555671691895,0.9240000247955322,0.7372999787330627
YGR030C,YBR111W-A,0,-7.090646,0.11135213077068329,0.9240000247955322,0.7373999953269958
YBR221C,YBR012W-A,0,-7.090808,0.11133871227502823,0.9240000247955322,0.737500011920929
YMR038C,YJL153C,0,-7.091805,0.11132530122995377,0.9240000247955322,0.7376000285148621
YDR016C,YIL072W,0,-7.0919404,0.1113118901848793,0.9240000247955322,0.7376999855041504
YPL194W,YLR305C,0,-7.0920396,0.11129847913980484,0.9240000247955322,0.7378000020980835
YLR106C,YIL013C,0,-7.0922713,0.11128507554531097,0.9240000247955322,0.7379000186920166
YJL010C,YMR291W,0,-7.0924277,0.1112716794013977,0.9240000247955322,0.7379999756813049
YML051W,YPL158C,0,-7.092584,0.11125827580690384,0.9240000247955322,0.738099992275238
YNL227C,YBL007C,1,-7.0925884,0.11136528104543686,0.925000011920929,0.738099992275238
YLL035W,YEL062W,0,-7.092601,0.1113518700003624,0.925000011920929,0.7382000088691711
YPR037C,YIR012W,0,-7.0927405,0.11133846640586853,0.925000011920929,0.7383000254631042
YDR317W,YJL216C,0,-7.092932,0.11132507026195526,0.925000011920929,0.7383999824523926
YPL218W,YLR426W,0,-7.0929365,0.11131167411804199,0.925000011920929,0.7384999990463257
YNL176C,YPL141C,0,-7.0934553,0.11129827797412872,0.925000011920929,0.7386000156402588
YJR108W,YKL164C,0,-7.0936313,0.11128488928079605,0.925000011920929,0.7386999726295471
YFL035C,YML009C,0,-7.0936623,0.11127150058746338,0.925000011920929,0.7387999892234802
YAL054C,YPR183W,0,-7.093823,0.1112581193447113,0.925000011920929,0.7389000058174133
YCL024W,YHR039C-B,0,-7.094098,0.11124473810195923,0.925000011920929,0.7390000224113464
YGL253W,YMR283C,0,-7.0943465,0.11123136430978775,0.925000011920929,0.7390999794006348
YDR030C,YGL070C,0,-7.0944276,0.11121799051761627,0.925000011920929,0.7391999959945679
YML058W-A,YGR185C,0,-7.0945115,0.1112046167254448,0.925000011920929,0.739300012588501
YPR163C,YDL224C,0,-7.0948987,0.11119125038385391,0.925000011920929,0.7394000291824341
YDR385W,YPR003C,0,-7.095142,0.11117788404226303,0.925000011920929,0.7394999861717224
YNL048W,YGR213C,0,-7.095387,0.11116452515125275,0.925000011920929,0.7396000027656555
YHR092C,YNR026C,0,-7.0954614,0.11115116626024246,0.925000011920929,0.7397000193595886
YDL084W,YPR097W,0,-7.09549,0.11113780736923218,0.925000011920929,0.739799976348877
YJR077C,YLR329W,0,-7.095709,0.11112445592880249,0.925000011920929,0.7398999929428101
YDR508C,YDR117C,0,-7.095771,0.1111111119389534,0.925000011920929,0.7400000095367432
YER183C,YKR078W,0,-7.0959415,0.11109776794910431,0.925000011920929,0.7401000261306763
YOR240W,YHR056C,0,-7.0962667,0.11108442395925522,0.925000011920929,0.7401999831199646
YDL004W,YJL106W,0,-7.096564,0.11107108741998672,0.925000011920929,0.7402999997138977
YDR108W,YDR137W,0,-7.096817,0.11105775088071823,0.925000011920929,0.7404000163078308
YNL054W,YGR266W,0,-7.09718,0.11104441434144974,0.925000011920929,0.7404999732971191
YKL138C-A,YPL094C,0,-7.097243,0.11103108525276184,0.925000011920929,0.7405999898910522
YBR244W,YML106W,0,-7.097358,0.11101776361465454,0.925000011920929,0.7407000064849854
YKL068W,YJR063W,0,-7.097395,0.11100444197654724,0.925000011920929,0.7408000230789185
YCL027C-A,YGL145W,0,-7.0976048,0.11099112033843994,0.925000011920929,0.7408999800682068
YER108C,YOR297C,0,-7.097688,0.11097780615091324,0.925000011920929,0.7409999966621399
YDL126C,YBR016W,0,-7.0978265,0.11096449196338654,0.925000011920929,0.741100013256073
YER065C,YDR217C,0,-7.0981174,0.11095117777585983,0.925000011920929,0.7411999702453613
YPR135W,YER117W,0,-7.0984063,0.11093787848949432,0.925000011920929,0.7412999868392944
YDR247W,YBR054W,0,-7.0987196,0.11092457175254822,0.925000011920929,0.7414000034332275
YIL107C,YGL039W,0,-7.098811,0.11091127246618271,0.925000011920929,0.7415000200271606
YKL092C,YOR226C,0,-7.0988493,0.1108979731798172,0.925000011920929,0.741599977016449
YLR441C,YFR006W,0,-7.0989547,0.11088468134403229,0.925000011920929,0.7416999936103821
YMR288W,YLR312C-B,0,-7.099217,0.11087138950824738,0.925000011920929,0.7418000102043152
YLR213C,YCR055C,0,-7.0993276,0.11085810512304306,0.925000011920929,0.7419000267982483
YCR040W,YMR247C,0,-7.100068,0.11084482073783875,0.925000011920929,0.7419999837875366
YOL028C,YJL216C,0,-7.1001573,0.11083153635263443,0.925000011920929,0.7421000003814697
YMR292W,YLR048W,0,-7.100313,0.11081825941801071,0.925000011920929,0.7422000169754028
YDR402C,YMR227C,0,-7.1006284,0.110804982483387,0.925000011920929,0.7422999739646912
YBR196C,YER095W,0,-7.100693,0.11079171299934387,0.925000011920929,0.7423999905586243
YBL042C,YDL106C,0,-7.1007543,0.11077844351530075,0.925000011920929,0.7425000071525574
YEL050C,YBL100W-A,0,-7.1013455,0.11076518148183823,0.925000011920929,0.7426000237464905
YOR158W,YML105C,0,-7.101402,0.1107519119977951,0.925000011920929,0.7426999807357788
YFR032C-A,YJR041C,0,-7.101666,0.11073865741491318,0.925000011920929,0.7427999973297119
YLR023C,YNR043W,0,-7.1017156,0.11072540283203125,0.925000011920929,0.742900013923645
YOR244W,YOL002C,0,-7.1017666,0.11071214824914932,0.925000011920929,0.7429999709129333
YLR115W,YFL052W,0,-7.1018763,0.11069890111684799,0.925000011920929,0.7430999875068665
YDL036C,YBL087C,0,-7.101909,0.11068565398454666,0.925000011920929,0.7432000041007996
YGL115W,YGR203W,0,-7.1019344,0.11067240685224533,0.925000011920929,0.7433000206947327
YGR044C,YJL113W,0,-7.1019406,0.1106591671705246,0.925000011920929,0.743399977684021
YNL233W,YJR028W,0,-7.1019626,0.11064593493938446,0.925000011920929,0.7434999942779541
YER036C,YKL216W,0,-7.1025004,0.11063270270824432,0.925000011920929,0.7436000108718872
YLR117C,YIL008W,0,-7.1031947,0.11061947047710419,0.925000011920929,0.7437000274658203
YFR008W,YDR353W,0,-7.1039376,0.11060623824596405,0.925000011920929,0.7437999844551086
YML008C,YDR198C,0,-7.1039505,0.11059302091598511,0.925000011920929,0.7439000010490417
YOR190W,YOR008C-A,0,-7.1044025,0.11057979613542557,0.925000011920929,0.7440000176429749
YFL016C,YNR046W,0,-7.1047907,0.11056657880544662,0.925000011920929,0.7440999746322632
YMR105C,YPR148C,0,-7.105245,0.11055336147546768,0.925000011920929,0.7441999912261963
YGL089C,YLR042C,0,-7.1059394,0.11054015159606934,0.925000011920929,0.7443000078201294
YLR038C,YNL313C,0,-7.1060658,0.11052694171667099,0.925000011920929,0.7444000244140625
YPL194W,YBR228W,0,-7.1061864,0.11051373928785324,0.925000011920929,0.7444999814033508
YGL139W,YGR280C,0,-7.106446,0.11050053685903549,0.925000011920929,0.7445999979972839
YGL058W,YER070W,0,-7.1067085,0.11048734188079834,0.925000011920929,0.744700014591217
YPR031W,YOR130C,0,-7.1068673,0.11047413945198059,0.925000011920929,0.7447999715805054
YBR168W,YLL012W,0,-7.1072955,0.11046095192432404,0.925000011920929,0.7448999881744385
YDL161W,YOR237W,1,-7.107417,0.11056716740131378,0.9259999990463257,0.7448999881744385
YGL077C,YIL014W,0,-7.107496,0.11055396497249603,0.9259999990463257,0.7450000047683716
YBR087W,YNR004W,0,-7.1079764,0.11054076999425888,0.9259999990463257,0.7451000213623047
YGR278W,YHR178W,0,-7.108028,0.11052757501602173,0.9259999990463257,0.745199978351593
YNL020C,YPL032C,1,-7.108613,0.1106337308883667,0.9269999861717224,0.745199978351593
YNR002C,YJL225C,0,-7.1092143,0.11062052845954895,0.9269999861717224,0.7452999949455261
YIL106W,YIL018W,0,-7.110048,0.1106073260307312,0.9269999861717224,0.7454000115394592
YDL166C,YJL025W,0,-7.1102757,0.11059413105249405,0.9269999861717224,0.7455000281333923
YMR177W,YOR214C,0,-7.1103463,0.1105809360742569,0.9269999861717224,0.7455999851226807
YDR191W,YPL151C,0,-7.110584,0.11056774854660034,0.9269999861717224,0.7457000017166138
YLR056W,YHR016C,1,-7.1105967,0.11067382246255875,0.9279999732971191,0.7457000017166138
YBL005W-A,YNL024C,0,-7.1107078,0.1106606274843216,0.9279999732971191,0.7458000183105469
YKL052C,YHR099W,0,-7.110842,0.11064743250608444,0.9279999732971191,0.7458999752998352
YIL047C,YLR120C,0,-7.110855,0.11063423752784729,0.9279999732971191,0.7459999918937683
YER117W,YPR189W,0,-7.111062,0.11062105000019073,0.9279999732971191,0.7461000084877014
YDR492W,YDL028C,0,-7.111798,0.11060786992311478,0.9279999732971191,0.7462000250816345
YDR285W,YPL144W,0,-7.1119103,0.11059468239545822,0.9279999732971191,0.7462999820709229
YDR524C,YPL134C,0,-7.1120524,0.11058150976896286,0.9279999732971191,0.746399998664856
YJL033W,YMR188C,0,-7.1123238,0.1105683296918869,0.9279999732971191,0.7465000152587891
YNL153C,YER174C,0,-7.1125817,0.11055515706539154,0.9279999732971191,0.7465999722480774
YHR109W,YNR003C,0,-7.1126776,0.11054199188947678,0.9279999732971191,0.7466999888420105
YMR228W,YIL126W,0,-7.1128025,0.11052882671356201,0.9279999732971191,0.7468000054359436
YCR065W,YDL030W,0,-7.112905,0.11051566153764725,0.9279999732971191,0.7469000220298767
YBL097W,YNR072W,0,-7.113059,0.11050250381231308,0.9279999732971191,0.746999979019165
YPL181W,YOL053C-A,0,-7.113095,0.11048934608697891,0.9279999732971191,0.7470999956130981
YNL227C,YKR014C,1,-7.1132417,0.11059524118900299,0.9290000200271606,0.7470999956130981
YOR101W,YLR251W,0,-7.1134367,0.11058207601308823,0.9290000200271606,0.7472000122070312
YDL149W,YMR241W,0,-7.1138244,0.11056891083717346,0.9290000200271606,0.7473000288009644
YJR017C,YNL248C,0,-7.113914,0.1105557531118393,0.9290000200271606,0.7473999857902527
YKR039W,YLR448W,0,-7.1142025,0.11054259538650513,0.9290000200271606,0.7475000023841858
YPL117C,YLL014W,0,-7.114385,0.11052944511175156,0.9290000200271606,0.7476000189781189
YDR195W,YMR106C,0,-7.1144567,0.11051629483699799,0.9290000200271606,0.7476999759674072
YOL033W,YOR009W,0,-7.114585,0.11050315201282501,0.9290000200271606,0.7477999925613403
YNR003C,YLR164W,0,-7.114616,0.11049000918865204,0.9290000200271606,0.7479000091552734
YPL281C,YNL304W,0,-7.1150155,0.11047686636447906,0.9290000200271606,0.7480000257492065
YGR070W,YOL107W,0,-7.1152244,0.11046373099088669,0.9290000200271606,0.7480999827384949
YLR390W-A,YLR214W,0,-7.115274,0.11045060306787491,0.9290000200271606,0.748199999332428
YPL218W,YDR120C,0,-7.1153893,0.11043746769428253,0.9290000200271606,0.7483000159263611
YDR296W,YJL216C,0,-7.116097,0.11042433977127075,0.9290000200271606,0.7483999729156494
YEL027W,YJL204C,1,-7.116202,0.1105300709605217,0.9300000071525574,0.7483999729156494
YLR389C,YOR292C,0,-7.1162515,0.11051693558692932,0.9300000071525574,0.7484999895095825
YGR224W,YOR174W,0,-7.116272,0.11050380021333694,0.9300000071525574,0.7486000061035156
YCL027C-A,YGL059W,0,-7.1162844,0.11049067229032516,0.9300000071525574,0.7487000226974487
YGR292W,YDR212W,0,-7.1164093,0.11047755181789398,0.9300000071525574,0.7487999796867371
YNL111C,YDR314C,0,-7.1165347,0.1104644238948822,0.9300000071525574,0.7488999962806702
YGR075C,YGR059W,0,-7.1165495,0.11045130342245102,0.9300000071525574,0.7490000128746033
YEL034W,YKL020C,0,-7.11683,0.11043819040060043,0.9300000071525574,0.7491000294685364
YPL112C,YDR167W,0,-7.1168947,0.11042507737874985,0.9300000071525574,0.7491999864578247
YGL113W,YPR011C,0,-7.116901,0.11041196435689926,0.9300000071525574,0.7493000030517578
YMR275C,YJL191W,0,-7.116908,0.11039885878562927,0.9300000071525574,0.7494000196456909
YML054C,YDR156W,0,-7.1171293,0.11038575321435928,0.9300000071525574,0.7494999766349792
YPL045W,YJL213W,0,-7.1174607,0.11037265509366989,0.9300000071525574,0.7495999932289124
YDR247W,YHL050C,0,-7.117581,0.1103595569729805,0.9300000071525574,0.7497000098228455
YGL234W,YJR053W,0,-7.117698,0.1103464663028717,0.9300000071525574,0.7498000264167786
YJL177W,YJL118W,0,-7.1178,0.11033337563276291,0.9300000071525574,0.7498999834060669
YPL275W,YKL014C,0,-7.1178737,0.11032028496265411,0.9300000071525574,0.75
YPL231W,YPL283C,0,-7.118156,0.11030720174312592,0.9300000071525574,0.7501000165939331
YER068W,YJL133W,0,-7.1183105,0.11029411852359772,0.9300000071525574,0.7501999735832214
YKR035W-A,YKR056W,0,-7.118433,0.11028103530406952,0.9300000071525574,0.7502999901771545
YOR180C,YMR212C,0,-7.1185164,0.11026795953512192,0.9300000071525574,0.7504000067710876
YDR182W,YJL116C,0,-7.118954,0.11025489121675491,0.9300000071525574,0.7505000233650208
YJL031C,YIL099W,0,-7.1190753,0.11024182289838791,0.9300000071525574,0.7505999803543091
YCR005C,YCR040W,0,-7.1191697,0.1102287545800209,0.9300000071525574,0.7506999969482422
YDR402C,YOR246C,0,-7.1193514,0.1102156937122345,0.9300000071525574,0.7508000135421753
YPR122W,YLR263W,0,-7.119436,0.11020263284444809,0.9300000071525574,0.7508999705314636
YLR401C,YML025C,0,-7.1195617,0.11018957197666168,0.9300000071525574,0.7509999871253967
YJR078W,YDR302W,0,-7.119598,0.11017651855945587,0.9300000071525574,0.7511000037193298
YLR056W,YDR177W,1,-7.1196346,0.11028192192316055,0.9309999942779541,0.7511000037193298
YLR138W,YHR178W,0,-7.1199574,0.11026886105537415,0.9309999942779541,0.7512000203132629
YDR086C,YNR061C,0,-7.1200337,0.11025580018758774,0.9309999942779541,0.7512999773025513
YLR450W,YHR098C,0,-7.1201777,0.11024274677038193,0.9309999942779541,0.7513999938964844
YBR167C,YJL118W,0,-7.1203084,0.11022969335317612,0.9309999942779541,0.7515000104904175
YPR185W,YOL002C,0,-7.120383,0.1102166473865509,0.9309999942779541,0.7516000270843506
YGR090W,YFL038C,0,-7.1205587,0.11020360141992569,0.9309999942779541,0.7516999840736389
YOR018W,YOR190W,0,-7.120621,0.11019055545330048,0.9309999942779541,0.751800000667572
YGL210W-A,YHR133C,0,-7.121017,0.11017751693725586,0.9309999942779541,0.7519000172615051
YOR046C,YML055W,0,-7.121291,0.11016447842121124,0.9309999942779541,0.7519999742507935
YNL064C,YDL038C,0,-7.121553,0.11015143990516663,0.9309999942779541,0.7520999908447266
YOR046C,YPL208W,0,-7.1216083,0.1101384088397026,0.9309999942779541,0.7522000074386597
YCR030C,YML082W,0,-7.121642,0.11012538522481918,0.9309999942779541,0.7523000240325928
YGL025C,YNL096C,0,-7.1217747,0.11011236160993576,0.9309999942779541,0.7523999810218811
YJL052W,YOL129W,0,-7.122005,0.11009933799505234,0.9309999942779541,0.7524999976158142
YGL211W,YPR168W,0,-7.1222043,0.11008632183074951,0.9309999942779541,0.7526000142097473
YBL022C,YCR058C,0,-7.122464,0.11007330566644669,0.9309999942779541,0.7526999711990356
YIL043C,YOR234C,0,-7.1225038,0.11006028950214386,0.9309999942779541,0.7527999877929688
YLR430W,YBR117C,0,-7.1235027,0.11004728078842163,0.9309999942779541,0.7529000043869019
YDR038C,YDR262W,0,-7.1237254,0.1100342720746994,0.9309999942779541,0.753000020980835
YJR065C,YNR003C,0,-7.1238055,0.11002127081155777,0.9309999942779541,0.7530999779701233
YMR215W,YCR057C,0,-7.1238813,0.11000826954841614,0.9309999942779541,0.7531999945640564
YNL102W,YJR046W,0,-7.1238923,0.1099952757358551,0.9309999942779541,0.7533000111579895
YDL056W,YJR094W-A,0,-7.12396,0.10998228192329407,0.9309999942779541,0.7534000277519226
YAR050W,YOL107W,0,-7.1239963,0.10996928811073303,0.9309999942779541,0.7534999847412109
YMR229C,YIL056W,0,-7.1240034,0.1099563017487526,0.9309999942779541,0.753600001335144
YMR112C,YER091C,0,-7.124071,0.10994331538677216,0.9309999942779541,0.7537000179290771
YDR424C,YGL175C,0,-7.1243477,0.10993033647537231,0.9309999942779541,0.7537999749183655
YPL018W,YPR188C,0,-7.124704,0.10991735756397247,0.9309999942779541,0.7538999915122986
YCR040W,YGR186W,0,-7.1247854,0.10990437865257263,0.9309999942779541,0.7540000081062317
YOR351C,YDR419W,0,-7.1249733,0.10989140719175339,0.9309999942779541,0.7541000247001648
YNR043W,YCR072C,0,-7.1250477,0.10987843573093414,0.9309999942779541,0.7541999816894531
YIL118W,YGR125W,0,-7.1251225,0.1098654717206955,0.9309999942779541,0.7542999982833862
YOR239W,YOR382W,0,-7.125877,0.10985250771045685,0.9309999942779541,0.7544000148773193
YPL079W,YLR237W,0,-7.1258807,0.1098395437002182,0.9309999942779541,0.7544999718666077
YER170W,YLR164W,0,-7.1258845,0.10982658714056015,0.9309999942779541,0.7545999884605408
YBR230C,YOR127W,0,-7.126055,0.1098136380314827,0.9309999942779541,0.7547000050544739
YBL005W-B,YNR004W,0,-7.1260967,0.10980068147182465,0.9309999942779541,0.754800021648407
YMR215W,YNR055C,0,-7.1263285,0.10978773236274719,0.9309999942779541,0.7548999786376953
YCL061C,YIL066C,0,-7.1263304,0.10977479070425034,0.9309999942779541,0.7549999952316284
YLL043W,YFR030W,0,-7.126738,0.10976184904575348,0.9309999942779541,0.7551000118255615
YCL034W,YLR337W,1,-7.1267414,0.10986679047346115,0.9319999814033508,0.7551000118255615
YAL060W,YPR081C,0,-7.1268597,0.1098538413643837,0.9319999814033508,0.7552000284194946
YDR317W,YDR087C,0,-7.127074,0.10984089225530624,0.9319999814033508,0.755299985408783
YNL065W,YHR117W,0,-7.1271596,0.10982795059680939,0.9319999814033508,0.7554000020027161
YEL029C,YKR060W,0,-7.1276565,0.10981500893831253,0.9319999814033508,0.7555000185966492
YGL172W,YFL034C-A,0,-7.127661,0.10980207473039627,0.9319999814033508,0.7555999755859375
YJR002W,YNL015W,0,-7.12777,0.10978914052248001,0.9319999814033508,0.7556999921798706
YIL159W,YDL022W,0,-7.1278343,0.10977620631456375,0.9319999814033508,0.7558000087738037
YOR065W,YDR437W,0,-7.1282253,0.10976327955722809,0.9319999814033508,0.7559000253677368
YFR019W,YFL035C-B,0,-7.128579,0.10975035279989243,0.9319999814033508,0.7559999823570251
YGL090W,YMR149W,0,-7.128934,0.10973743349313736,0.9319999814033508,0.7560999989509583
YNR016C,YLR424W,0,-7.12901,0.1097245141863823,0.9319999814033508,0.7562000155448914
YOR369C,YDL047W,0,-7.129264,0.10971159487962723,0.9319999814033508,0.7562999725341797
YFR041C,YIL064W,0,-7.129479,0.10969868302345276,0.9319999814033508,0.7563999891281128
YGL256W,YPR162C,0,-7.1297574,0.10968577116727829,0.9319999814033508,0.7565000057220459
YOL132W,YDR397C,0,-7.129947,0.10967286676168442,0.9319999814033508,0.756600022315979
YDR160W,YOR356W,0,-7.130489,0.10965996235609055,0.9319999814033508,0.7566999793052673
YNL270C,YOR337W,0,-7.1306505,0.10964705795049667,0.9319999814033508,0.7567999958992004
YHR133C,YLR194C,0,-7.1307387,0.1096341609954834,0.9319999814033508,0.7569000124931335
YOR311C,YGR030C,0,-7.1308675,0.10962126404047012,0.9319999814033508,0.7570000290870667
YPL032C,YAR042W,1,-7.130889,0.10972598195075989,0.9330000281333923,0.7570000290870667
YER105C,YHL044W,0,-7.1310196,0.10971307754516602,0.9330000281333923,0.757099986076355
YHR118C,YER111C,0,-7.131165,0.10970017313957214,0.9330000281333923,0.7572000026702881
YLR110C,YFR013W,0,-7.1313133,0.10968727618455887,0.9330000281333923,0.7573000192642212
YLR256W,YHR091C,0,-7.131522,0.10967438668012619,0.9330000281333923,0.7573999762535095
YNL118C,YCR058C,0,-7.1317253,0.10966149717569351,0.9330000281333923,0.7574999928474426
YIR010W,YMR051C,0,-7.1320662,0.10964860767126083,0.9330000281333923,0.7576000094413757
YPL271W,YPL105C,0,-7.132443,0.10963572561740875,0.9330000281333923,0.7577000260353088
YLR129W,YKL019W,0,-7.132565,0.10962284356355667,0.9330000281333923,0.7577999830245972
YER074W,YCL062W,0,-7.13277,0.10960996150970459,0.9330000281333923,0.7578999996185303
YFR048W,YGL185C,0,-7.132879,0.1095970869064331,0.9330000281333923,0.7580000162124634
YJR016C,YOR149C,0,-7.1332994,0.10958421230316162,0.9330000281333923,0.7580999732017517
YLR256W,YNR061C,0,-7.133437,0.10957134515047073,0.9330000281333923,0.7581999897956848
YKL194C,YKR095W-A,0,-7.1335473,0.10955847799777985,0.9330000281333923,0.7583000063896179
YKL009W,YNL330C,0,-7.1337886,0.10954561829566956,0.9330000281333923,0.758400022983551
YPR122W,YHR045W,0,-7.1342883,0.10953275114297867,0.9330000281333923,0.7584999799728394
YOR035C,YHR105W,0,-7.134354,0.10951989889144897,0.9330000281333923,0.7585999965667725
YGL240W,YPR004C,0,-7.134479,0.10950703918933868,0.9330000281333923,0.7587000131607056
YDR317W,YBR250W,0,-7.1345205,0.10949419438838959,0.9330000281333923,0.7588000297546387
YPL227C,YMR211W,0,-7.134709,0.1094813421368599,0.9330000281333923,0.758899986743927
YPL118W,YPL276W,0,-7.1347947,0.1094684973359108,0.9330000281333923,0.7590000033378601
YOR155C,YJR010W,0,-7.1350846,0.1094556525349617,0.9330000281333923,0.7591000199317932
YOR099W,YKL200C,0,-7.135177,0.1094428151845932,0.9330000281333923,0.7591999769210815
YDL005C,YBL005W-A,0,-7.1351852,0.1094299778342247,0.9330000281333923,0.7592999935150146
YOR002W,YMR160W,0,-7.135549,0.1094171479344368,0.9330000281333923,0.7594000101089478
YHR123W,YBR195C,0,-7.135776,0.1094043180346489,0.9330000281333923,0.7595000267028809
YAL001C,YML040W,0,-7.1364255,0.10939148813486099,0.9330000281333923,0.7595999836921692
YNL096C,YPR056W,0,-7.136757,0.10937866568565369,0.9330000281333923,0.7597000002861023
YLR174W,YNR037C,0,-7.136954,0.10936584323644638,0.9330000281333923,0.7598000168800354
YAL032C,YMR059W,0,-7.137518,0.10935302078723907,0.9330000281333923,0.7598999738693237
YDR302W,YPL140C,0,-7.137676,0.10934020578861237,0.9330000281333923,0.7599999904632568
YAL068C,YKL015W,0,-7.1381793,0.10932739824056625,0.9330000281333923,0.7601000070571899
YBR245C,YLL054C,0,-7.1382813,0.10931459069252014,0.9330000281333923,0.760200023651123
YOR173W,YDL109C,0,-7.1386576,0.10930178314447403,0.9330000281333923,0.7602999806404114
YKL021C,YBR276C,0,-7.1387987,0.10928897559642792,0.9330000281333923,0.7603999972343445
YMR266W,YMR227C,0,-7.139001,0.1092761754989624,0.9330000281333923,0.7605000138282776
YMR095C,YNR012W,0,-7.139042,0.10926338285207748,0.9330000281333923,0.7605999708175659
YLR395C,YPL235W,0,-7.139458,0.10925058275461197,0.9330000281333923,0.760699987411499
YGR208W,YPR107C,0,-7.1396003,0.10923779755830765,0.9330000281333923,0.7608000040054321
YKR037C,YPL162C,0,-7.139809,0.10922500491142273,0.9330000281333923,0.7609000205993652
YKR057W,YPR173C,0,-7.1402097,0.10921221971511841,0.9330000281333923,0.7609999775886536
YIL160C,YLR466W,0,-7.1402698,0.10919943451881409,0.9330000281333923,0.7610999941825867
YMR044W,YJR027W,0,-7.14053,0.10918665677309036,0.9330000281333923,0.7612000107765198
YOR237W,YBR214W,1,-7.140576,0.10929089784622192,0.9340000152587891,0.7612000107765198
YOR237W,YHR073W,1,-7.1406965,0.1093951091170311,0.9350000023841858,0.7612000107765198
YBR028C,YDR287W,0,-7.140825,0.10938230901956558,0.9350000023841858,0.7613000273704529
YGR159C,YLR016C,0,-7.140855,0.10936951637268066,0.9350000023841858,0.7613999843597412
YLR110C,YPL233W,0,-7.140996,0.10935672372579575,0.9350000023841858,0.7615000009536743
YJL194W,YPR183W,0,-7.1411524,0.10934393852949142,0.9350000023841858,0.7616000175476074
YDR129C,YAR044W,1,-7.1412344,0.10944808274507523,0.9359999895095825,0.7616000175476074
YDR298C,YLL012W,0,-7.1412797,0.10943528264760971,0.9359999895095825,0.7616999745368958
YGR271C-A,YHL012W,0,-7.141468,0.10942249000072479,0.9359999895095825,0.7617999911308289
YKL211C,YDL012C,0,-7.1417184,0.10940970480442047,0.9359999895095825,0.761900007724762
YJL026W,YLR194C,0,-7.142195,0.10939691215753555,0.9359999895095825,0.7620000243186951
YMR201C,YDR266C,0,-7.142286,0.10938412696123123,0.9359999895095825,0.7620999813079834
YOR226C,YPR166C,0,-7.1425233,0.10937134921550751,0.9359999895095825,0.7621999979019165
YLL011W,YGL198W,0,-7.142526,0.10935857146978378,0.9359999895095825,0.7623000144958496
YDR351W,YJL222W,0,-7.1426635,0.10934579372406006,0.9359999895095825,0.7623999714851379
YPR164W,YLR292C,0,-7.142802,0.10933302342891693,0.9359999895095825,0.762499988079071
YDL036C,YNL283C,0,-7.1434913,0.1093202531337738,0.9359999895095825,0.7626000046730042
YKR082W,YPL283C,0,-7.1437235,0.10930748283863068,0.9359999895095825,0.7627000212669373
YJL051W,YMR076C,0,-7.143747,0.10929471999406815,0.9359999895095825,0.7627999782562256
YDR052C,YGL246C,0,-7.143828,0.10928196460008621,0.9359999895095825,0.7628999948501587
YLR315W,YGR185C,0,-7.143927,0.10926920175552368,0.9359999895095825,0.7630000114440918
YNL117W,YKL200C,0,-7.1439505,0.10925644636154175,0.9359999895095825,0.7631000280380249
YCL032W,YNL181W,0,-7.1441045,0.10924369841814041,0.9359999895095825,0.7631999850273132
YJR097W,YDL150W,0,-7.1444,0.10923095047473907,0.9359999895095825,0.7633000016212463
YNR075W,YIR006C,1,-7.144656,0.10933488607406616,0.9369999766349792,0.7633000016212463
YJL208C,YGL189C,0,-7.14469,0.10932213068008423,0.9369999766349792,0.7634000182151794
YBR023C,YGL111W,0,-7.144792,0.10930938273668289,0.9369999766349792,0.7634999752044678
YNL079C,YNL058C,0,-7.1452622,0.10929662734270096,0.9369999766349792,0.7635999917984009
YOR369C,YLL017W,0,-7.1457086,0.10928387939929962,0.9369999766349792,0.763700008392334
YIL090W,YHL024W,0,-7.145742,0.10927113890647888,0.9369999766349792,0.7638000249862671
YDR534C,YJL089W,0,-7.146154,0.10925839841365814,0.9369999766349792,0.7638999819755554
YDR309C,YML058W-A,0,-7.1461606,0.1092456579208374,0.9369999766349792,0.7639999985694885
YHR215W,YDR028C,0,-7.146558,0.10923292487859726,0.9369999766349792,0.7641000151634216
YPL155C,YJL052W,0,-7.146582,0.10922019183635712,0.9369999766349792,0.76419997215271
YHR116W,YFR055W,0,-7.146748,0.10920745879411697,0.9369999766349792,0.7642999887466431
YOR023C,YBR029C,0,-7.1468396,0.10919473320245743,0.9369999766349792,0.7644000053405762
YKR057W,YPR009W,0,-7.146953,0.10918200761079788,0.9369999766349792,0.7645000219345093
YML058W,YJL114W,0,-7.1469626,0.10916928946971893,0.9369999766349792,0.7645999789237976
YPL152W,YBR108W,0,-7.1470246,0.10915657132863998,0.9369999766349792,0.7646999955177307
YBR247C,YGL175C,0,-7.147145,0.10914385318756104,0.9369999766349792,0.7648000121116638
YNR075W,YAR044W,1,-7.147837,0.1092476099729538,0.9380000233650208,0.7648000121116638
YGR256W,YNL102W,0,-7.147936,0.10923489183187485,0.9380000233650208,0.7649000287055969
YMR238W,YCL063W,0,-7.1484075,0.1092221736907959,0.9380000233650208,0.7649999856948853
YFR028C,YGL063W,0,-7.148479,0.10920945554971695,0.9380000233650208,0.7651000022888184
YBL085W,YNL194C,0,-7.1485915,0.109196737408638,0.9380000233650208,0.7652000188827515
YKL185W,YGL076C,0,-7.148783,0.10918402671813965,0.9380000233650208,0.7652999758720398
YML048W,YKL006W,0,-7.149067,0.1091713234782219,0.9380000233650208,0.7653999924659729
YAL059W,YNL025C,0,-7.1493087,0.10915862023830414,0.9380000233650208,0.765500009059906
YHR056C,YCL048W,0,-7.149394,0.10914591699838638,0.9380000233650208,0.7656000256538391
YML006C,YGR056W,0,-7.149413,0.10913321375846863,0.9380000233650208,0.7656999826431274
YER102W,YBR175W,0,-7.149424,0.10912051796913147,0.9380000233650208,0.7657999992370605
YAR002C-A,YCR058C,0,-7.1494536,0.10910782963037491,0.9380000233650208,0.7659000158309937
YNL042W,YCL062W,0,-7.1502805,0.10909514129161835,0.9380000233650208,0.765999972820282
YOL080C,YHL008C,0,-7.150431,0.10908245295286179,0.9380000233650208,0.7660999894142151
YML080W,YNL007C,0,-7.1504703,0.10906976461410522,0.9380000233650208,0.7662000060081482
YDL137W,YLR205C,0,-7.1506495,0.10905708372592926,0.9380000233650208,0.7663000226020813
YPL024W,YOR353C,0,-7.150657,0.10904441028833389,0.9380000233650208,0.7663999795913696
YCR014C,YMR274C,0,-7.1507306,0.10903172940015793,0.9380000233650208,0.7664999961853027
YIL150C,YNL046W,0,-7.1516895,0.10901906341314316,0.9380000233650208,0.7666000127792358
YPR151C,YDR131C,0,-7.151788,0.10900638997554779,0.9380000233650208,0.766700029373169
YPR122W,YGR125W,0,-7.1518965,0.10899372398853302,0.9380000233650208,0.7667999863624573
YPR007C,YEL057C,0,-7.1521335,0.10898106545209885,0.9380000233650208,0.7669000029563904
YER106W,YBR123C,0,-7.152326,0.10896839946508408,0.9380000233650208,0.7670000195503235
YOR303W,YOL095C,0,-7.1525416,0.1089557409286499,0.9380000233650208,0.7670999765396118
YNL325C,YOR253W,0,-7.1526437,0.10894308984279633,0.9380000233650208,0.7671999931335449
YKL146W,YFR024C,0,-7.1527543,0.10893043875694275,0.9380000233650208,0.767300009727478
YER170W,YPR137W,0,-7.1530895,0.10891778767108917,0.9380000233650208,0.7674000263214111
YMR221C,YLL036C,0,-7.153151,0.10890514403581619,0.9380000233650208,0.7674999833106995
YHL024W,YMR179W,0,-7.153688,0.10889250040054321,0.9380000233650208,0.7675999999046326
YOL084W,YGR192C,0,-7.1545386,0.10887986421585083,0.9380000233650208,0.7677000164985657
YJR031C,YOR336W,0,-7.1546006,0.10886722058057785,0.9380000233650208,0.767799973487854
YJL212C,YJR156C,0,-7.154824,0.10885459184646606,0.9380000233650208,0.7678999900817871
YJL052W,YCL075W,0,-7.1550264,0.10884195566177368,0.9380000233650208,0.7680000066757202
YDR317W,YDR076W,0,-7.1552024,0.1088293269276619,0.9380000233650208,0.7681000232696533
YMR229C,YBL011W,0,-7.155906,0.1088167056441307,0.9380000233650208,0.7681999802589417
YGR253C,YKL088W,0,-7.1567216,0.10880408436059952,0.9380000233650208,0.7682999968528748
YLR024C,YGR198W,0,-7.156976,0.10879146307706833,0.9380000233650208,0.7684000134468079
YBR059C,YLR337W,1,-7.157025,0.10889481753110886,0.9390000104904175,0.7684000134468079
YPR030W,YOR195W,0,-7.1574597,0.10888218879699707,0.9390000104904175,0.7684999704360962
YMR070W,YBR295W,0,-7.158076,0.10886956751346588,0.9390000104904175,0.7685999870300293
YKL040C,YER056C-A,0,-7.158131,0.10885694622993469,0.9390000104904175,0.7687000036239624
YDR038C,YLR367W,0,-7.1585655,0.1088443249464035,0.9390000104904175,0.7688000202178955
YHR141C,YNL302C,0,-7.1591935,0.10883171111345291,0.9390000104904175,0.7688999772071838
YBR089C-A,YLR335W,0,-7.1595197,0.10881909728050232,0.9390000104904175,0.7689999938011169
YJR105W,YER179W,0,-7.1597137,0.10880649089813232,0.9390000104904175,0.76910001039505
YER116C,YNL024C,0,-7.1599126,0.10879388451576233,0.9390000104904175,0.7692000269889832
YPL200W,YPR010C,0,-7.1604743,0.10878127813339233,0.9390000104904175,0.7692999839782715
YGR133W,YMR121C,0,-7.1606007,0.10876867920160294,0.9390000104904175,0.7694000005722046
YPR162C,YPL012W,0,-7.1606946,0.10875608026981354,0.9390000104904175,0.7695000171661377
YPL128C,YKL065C,0,-7.1613364,0.10874348878860474,0.9390000104904175,0.769599974155426
YLR319C,YEL017C-A,0,-7.1616435,0.10873089730739594,0.9390000104904175,0.7696999907493591
YKL152C,YBR293W,0,-7.162069,0.10871830582618713,0.9390000104904175,0.7698000073432922
YDL188C,YGL184C,0,-7.162416,0.10870572179555893,0.9390000104904175,0.7699000239372253
YPR029C,YPL162C,0,-7.162842,0.10869313776493073,0.9390000104904175,0.7699999809265137
YGL163C,YIL069C,0,-7.162849,0.10868055373430252,0.9390000104904175,0.7700999975204468
YAL058W,YHR003C,0,-7.162946,0.10866797715425491,0.9390000104904175,0.7702000141143799
YPR175W,YNL164C,0,-7.1632466,0.1086554005742073,0.9390000104904175,0.7702999711036682
YCL044C,YLR194C,0,-7.1632857,0.1086428314447403,0.9390000104904175,0.7703999876976013
YGR023W,YJL168C,0,-7.1635013,0.10863026231527328,0.9390000104904175,0.7705000042915344
YDL229W,YNL217W,0,-7.1637416,0.10861770063638687,0.9390000104904175,0.7706000208854675
YJL200C,YLR385C,0,-7.1637597,0.10860513895750046,0.9390000104904175,0.7706999778747559
YHL001W,YJR096W,0,-7.163795,0.10859257727861404,0.9390000104904175,0.770799994468689
YOR298C-A,YNR004W,0,-7.1638036,0.10858001559972763,0.9390000104904175,0.7709000110626221
YML054C,YGL115W,0,-7.1638255,0.10856746137142181,0.9390000104904175,0.7710000276565552
YML011C,YHR048W,0,-7.164536,0.1085549145936966,0.9390000104904175,0.7710999846458435
YAL015C,YDR465C,0,-7.1645846,0.10854236781597137,0.9390000104904175,0.7712000012397766
YGL148W,YOR127W,0,-7.1647935,0.10852982103824615,0.9390000104904175,0.7713000178337097
YBL009W,YLR215C,0,-7.165652,0.10851727426052094,0.9390000104904175,0.771399974822998
YAL063C,YGR195W,0,-7.1657825,0.10850473493337631,0.9390000104904175,0.7714999914169312
YNL279W,YPL153C,0,-7.16579,0.10849220305681229,0.9390000104904175,0.7716000080108643
YOR211C,YNL247W,0,-7.165849,0.10847966372966766,0.9390000104904175,0.7717000246047974
YOR265W,YIL173W,0,-7.1668477,0.10846713930368423,0.9390000104904175,0.7717999815940857
YOL026C,YAL068C,0,-7.1671386,0.10845460742712021,0.9390000104904175,0.7718999981880188
YPL192C,YGR263C,0,-7.1674094,0.10844208300113678,0.9390000104904175,0.7720000147819519
YDR155C,YCL075W,0,-7.1674275,0.10842955857515335,0.9390000104904175,0.7720999717712402
YDR148C,YIL160C,0,-7.1675744,0.10841704159975052,0.9390000104904175,0.7721999883651733
YDR110W,YLR312C-B,0,-7.1676188,0.10840452462434769,0.9390000104904175,0.7723000049591064
YLR186W,YBR256C,0,-7.168097,0.10839201509952545,0.9390000104904175,0.7724000215530396
YER106W,YDR115W,0,-7.168106,0.10837949812412262,0.9390000104904175,0.7724999785423279
YDR021W,YOL089C,0,-7.168257,0.10836699604988098,0.9390000104904175,0.772599995136261
YDR385W,YEL055C,0,-7.16839,0.10835448652505875,0.9390000104904175,0.7727000117301941
YHR205W,YJL114W,0,-7.1685243,0.10834198445081711,0.9390000104904175,0.7728000283241272
YCL063W,YOR162C,0,-7.168591,0.10832948982715607,0.9390000104904175,0.7728999853134155
YPL164C,YMR117C,0,-7.168861,0.10831699520349503,0.9390000104904175,0.7730000019073486
YDL164C,YBR018C,0,-7.1695457,0.10830450057983398,0.9390000104904175,0.7731000185012817
YER109C,YPL094C,0,-7.1696105,0.10829200595617294,0.9390000104904175,0.7731999754905701
YNL230C,YLR075W,0,-7.1699753,0.1082795187830925,0.9390000104904175,0.7732999920845032
YPL115C,YOR211C,0,-7.1699777,0.10826703906059265,0.9390000104904175,0.7734000086784363
YDL108W,YEL019C,0,-7.170055,0.10825455188751221,0.9390000104904175,0.7735000252723694
YMR228W,YBL061C,0,-7.170346,0.10824207216501236,0.9390000104904175,0.7735999822616577
YDR196C,YNL024C,0,-7.1705728,0.10822959989309311,0.9390000104904175,0.7736999988555908
YKR066C,YNR064C,0,-7.1708746,0.10821712762117386,0.9390000104904175,0.7738000154495239
YLR196W,YMR051C,0,-7.1709065,0.10820465534925461,0.9390000104904175,0.7738999724388123
YER145C,YHR099W,0,-7.1716924,0.10819219052791595,0.9390000104904175,0.7739999890327454
YJL189W,YMR293C,0,-7.171753,0.1081797257065773,0.9390000104904175,0.7741000056266785
YAL035W,YBR257W,0,-7.171962,0.10816726088523865,0.9390000104904175,0.7742000222206116
YPL051W,YER180C-A,0,-7.172382,0.10815480351448059,0.9390000104904175,0.7742999792098999
YPL079W,YLL054C,0,-7.172652,0.10814234614372253,0.9390000104904175,0.774399995803833
YGL087C,YJL010C,0,-7.172854,0.10812989622354507,0.9390000104904175,0.7745000123977661
YOL086C,YPR185W,0,-7.1728578,0.10811744630336761,0.9390000104904175,0.7746000289916992
YBR283C,YLR345W,0,-7.1731133,0.10810499638319016,0.9390000104904175,0.7746999859809875
YNL314W,YOL110W,0,-7.1735396,0.10809255391359329,0.9390000104904175,0.7748000025749207
YGR229C,YAL047C,0,-7.1739755,0.10808011144399643,0.9390000104904175,0.7749000191688538
YOL042W,YGR274C,0,-7.174151,0.10806766897439957,0.9390000104904175,0.7749999761581421
YJL074C,YER113C,0,-7.174263,0.1080552339553833,0.9390000104904175,0.7750999927520752
YNL026W,YFL045C,0,-7.174272,0.10804280638694763,0.9390000104904175,0.7752000093460083
YOL051W,YIL150C,0,-7.1747203,0.10803037136793137,0.9390000104904175,0.7753000259399414
YMR081C,YIR018W,0,-7.174766,0.1080179437994957,0.9390000104904175,0.7753999829292297
YDR069C,YNL227C,1,-7.175138,0.10812054574489594,0.9399999976158142,0.7753999829292297
YML058W-A,YOL009C,0,-7.175573,0.10810811072587967,0.9399999976158142,0.7754999995231628
YHR044C,YLR424W,0,-7.1758065,0.1080956757068634,0.9399999976158142,0.775600016117096
YBR038W,YPR003C,0,-7.175925,0.10808324813842773,0.9399999976158142,0.7756999731063843
YLR313C,YJR041C,0,-7.176026,0.10807082056999207,0.9399999976158142,0.7757999897003174
YBR079C,YPR114W,0,-7.176396,0.108058400452137,0.9399999976158142,0.7759000062942505
YLR129W,YGR143W,0,-7.176444,0.10804598033428192,0.9399999976158142,0.7760000228881836
YAL012W,YDR342C,0,-7.1767716,0.10803356021642685,0.9399999976158142,0.7760999798774719
YNL029C,YDR060W,0,-7.1769996,0.10802114754915237,0.9399999976158142,0.776199996471405
YDL202W,YER074W,0,-7.177026,0.1080087348818779,0.9399999976158142,0.7763000130653381
YLR397C,YHR038W,0,-7.1772056,0.10799632221460342,0.9399999976158142,0.7764000296592712
YML054C,YKL181W,0,-7.177298,0.10798391699790955,0.9399999976158142,0.7764999866485596
YHR089C,YPL137C,0,-7.177526,0.10797151178121567,0.9399999976158142,0.7766000032424927
YDR299W,YLL056C,0,-7.1775975,0.10795911401510239,0.9399999976158142,0.7767000198364258
YNL264C,YLR164W,0,-7.177649,0.1079467162489891,0.9399999976158142,0.7767999768257141
YJR094C,YLR001C,0,-7.177703,0.10793431848287582,0.9399999976158142,0.7768999934196472
YGR148C,YDR477W,0,-7.1779337,0.10792192816734314,0.9399999976158142,0.7770000100135803
YML036W,YBL100W-A,0,-7.1782217,0.10790953785181046,0.9399999976158142,0.7771000266075134
YIL035C,YDL124W,0,-7.1783824,0.10789715498685837,0.9399999976158142,0.7771999835968018
YLR448W,YBL010C,0,-7.1788926,0.10788477212190628,0.9399999976158142,0.7773000001907349
YJL212C,YBL056W,0,-7.1789055,0.1078723892569542,0.9399999976158142,0.777400016784668
YOL089C,YGR192C,0,-7.17944,0.1078600138425827,0.9399999976158142,0.7774999737739563
YER036C,YDR465C,0,-7.179477,0.10784763842821121,0.9399999976158142,0.7775999903678894
YOL066C,YJR145C,0,-7.1796193,0.10783526301383972,0.9399999976158142,0.7777000069618225
YDL008W,YLR293C,0,-7.1797414,0.10782289505004883,0.9399999976158142,0.7778000235557556
YGR134W,YDL044C,0,-7.1798754,0.10781052708625793,0.9399999976158142,0.777899980545044
YDR110W,YPL207W,0,-7.179925,0.10779816657304764,0.9399999976158142,0.777999997138977
YMR263W,YLR064W,0,-7.1800838,0.10778580605983734,0.9399999976158142,0.7781000137329102
YOR078W,YBR029C,0,-7.1805882,0.10777344554662704,0.9399999976158142,0.7781999707221985
YER109C,YNL279W,0,-7.1809278,0.10776109248399734,0.9399999976158142,0.7782999873161316
YOL086C,YKR049C,0,-7.18136,0.10774873942136765,0.9399999976158142,0.7784000039100647
YIR010W,YBL004W,0,-7.1818366,0.10773638635873795,0.9399999976158142,0.7785000205039978
YOR027W,YOR292C,0,-7.182121,0.10772404074668884,0.9399999976158142,0.7785999774932861
YNL227C,YKR003W,1,-7.1824403,0.10782628506422043,0.9409999847412109,0.7785999774932861
YOL141W,YPL128C,0,-7.1827154,0.10781393200159073,0.9409999847412109,0.7786999940872192
YPR183W,YCL048W,0,-7.1829,0.10780157893896103,0.9409999847412109,0.7788000106811523
YPL255W,YNR037C,0,-7.183031,0.10778923332691193,0.9409999847412109,0.7789000272750854
YPL130W,YLR194C,0,-7.1839886,0.10777688771486282,0.9409999847412109,0.7789999842643738
YMR009W,YLR401C,0,-7.18479,0.10776454210281372,0.9409999847412109,0.7791000008583069
YOR245C,YMR291W,0,-7.1848454,0.10775220394134521,0.9409999847412109,0.77920001745224
YIL033C,YJL213W,0,-7.1850953,0.10773986577987671,0.9409999847412109,0.7792999744415283
YER147C,YBR250W,0,-7.1851134,0.1077275350689888,0.9409999847412109,0.7793999910354614
YOL071W,YPR047W,0,-7.1853075,0.10771520435810089,0.9409999847412109,0.7795000076293945
YKL211C,YLL017W,0,-7.185475,0.10770287364721298,0.9409999847412109,0.7796000242233276
YHR156C,YIL145C,0,-7.1857457,0.10769055038690567,0.9409999847412109,0.779699981212616
YGR169C,YHL012W,0,-7.1862803,0.10767822712659836,0.9409999847412109,0.7797999978065491
YKL003C,YOR234C,0,-7.186626,0.10766590386629105,0.9409999847412109,0.7799000144004822
YGR001C,YGR098C,0,-7.186952,0.10765358805656433,0.9409999847412109,0.7799999713897705
YMR239C,YPR091C,0,-7.187691,0.10764127224683762,0.9409999847412109,0.7800999879837036
YDR309C,YHR094C,0,-7.18773,0.1076289638876915,0.9409999847412109,0.7802000045776367
YML048W,YKR078W,0,-7.1879253,0.10761664807796478,0.9409999847412109,0.7803000211715698
YGL099W,YLR344W,0,-7.1879954,0.10760434716939926,0.9409999847412109,0.7803999781608582
YIL118W,YDR536W,0,-7.1883893,0.10759203881025314,0.9409999847412109,0.7804999947547913
YMR078C,YDR363W-A,0,-7.18883,0.10757973790168762,0.9409999847412109,0.7806000113487244
YMR104C,YKL088W,0,-7.1888614,0.1075674444437027,0.9409999847412109,0.7807000279426575
YNL012W,YGL169W,0,-7.1890683,0.10755515098571777,0.9409999847412109,0.7807999849319458
YDR221W,YJL114W,0,-7.189078,0.10754285752773285,0.9409999847412109,0.7809000015258789
YDR064W,YNL046W,0,-7.189104,0.10753057152032852,0.9409999847412109,0.781000018119812
YKL006W,YKL042W,0,-7.18942,0.1075182780623436,0.9409999847412109,0.7810999751091003
YBL039C,YDR541C,0,-7.1895146,0.10750599950551987,0.9409999847412109,0.7811999917030334
YNL333W,YDL025C,0,-7.1895394,0.10749371349811554,0.9409999847412109,0.7813000082969666
YGL208W,YGR285C,0,-7.189816,0.1074814423918724,0.9409999847412109,0.7814000248908997
YAL059W,YJL085W,0,-7.1901736,0.10746916383504868,0.9409999847412109,0.781499981880188
YNR075W,YAL026C,1,-7.1902676,0.1075710877776146,0.9419999718666077,0.781499981880188
YLR409C,YGR141W,0,-7.1903605,0.10755880177021027,0.9419999718666077,0.7815999984741211
YGR216C,YDR382W,0,-7.1904073,0.10754652321338654,0.9419999718666077,0.7817000150680542
YOR156C,YJR015W,0,-7.1905494,0.1075342446565628,0.9419999718666077,0.7817999720573425
YNL310C,YLR001C,0,-7.1906724,0.10752197355031967,0.9419999718666077,0.7818999886512756
YNR067C,YNL309W,0,-7.190702,0.10750970244407654,0.9419999718666077,0.7820000052452087
YOR046C,YDL121C,0,-7.1907544,0.1074974313378334,0.9419999718666077,0.7821000218391418
YKL029C,YLL013C,0,-7.1912885,0.10748516768217087,0.9419999718666077,0.7821999788284302
YJL138C,YPL020C,0,-7.1913495,0.10747290402650833,0.9419999718666077,0.7822999954223633
YBL042C,YLR222C,0,-7.1917434,0.1074606403708458,0.9419999718666077,0.7824000120162964
YNR075W,YNL297C,1,-7.1917996,0.10756245255470276,0.9430000185966492,0.7824000120162964
YOR373W,YGR245C,0,-7.1919484,0.10755018144845963,0.9430000185966492,0.7825000286102295
YEL061C,YPR155C,0,-7.191965,0.10753791779279709,0.9430000185966492,0.7825999855995178
YJR147W,YGR010W,0,-7.1920533,0.10752565413713455,0.9430000185966492,0.7827000021934509
YKL185W,YBR283C,0,-7.1921067,0.10751339793205261,0.9430000185966492,0.782800018787384
YPL036W,YOR367W,0,-7.192296,0.10750114172697067,0.9430000185966492,0.7828999757766724
YKL211C,YML082W,0,-7.1925054,0.10748888552188873,0.9430000185966492,0.7829999923706055
YML061C,YNL206C,0,-7.1925426,0.10747663676738739,0.9430000185966492,0.7831000089645386
YMR049C,YPL212C,0,-7.192598,0.10746438801288605,0.9430000185966492,0.7832000255584717
YLR318W,YMR137C,0,-7.1933765,0.1074521392583847,0.9430000185966492,0.78329998254776
YOL001W,YDR131C,0,-7.1935477,0.10743989795446396,0.9430000185966492,0.7833999991416931
YER035W,YJR159W,0,-7.1936116,0.10742765665054321,0.9430000185966492,0.7835000157356262
YGL183C,YER050C,0,-7.1939883,0.10741542279720306,0.9430000185966492,0.7835999727249146
YLR320W,YLR414C,0,-7.1943135,0.10740318894386292,0.9430000185966492,0.7836999893188477
YCR107W,YDR134C,0,-7.1944823,0.10739095509052277,0.9430000185966492,0.7838000059127808
YML118W,YLR147C,0,-7.194631,0.10737872868776321,0.9430000185966492,0.7839000225067139
YML073C,YDR541C,0,-7.1953216,0.10736650228500366,0.9430000185966492,0.7839999794960022
YML070W,YBL100W-B,0,-7.195361,0.10735428333282471,0.9430000185966492,0.7840999960899353
YGR285C,YHR202W,0,-7.195411,0.10734205693006516,0.9430000185966492,0.7842000126838684
YCR020C-A,YDL112W,0,-7.1955166,0.1073298454284668,0.9430000185966492,0.7843000292778015
YGL184C,YPL276W,0,-7.19577,0.10731762647628784,0.9430000185966492,0.7843999862670898
YML048W,YHR197W,0,-7.1966214,0.10730541497468948,0.9430000185966492,0.784500002861023
YGR198W,YDR266C,0,-7.196817,0.10729321092367172,0.9430000185966492,0.784600019454956
YGR225W,YLR284C,0,-7.1968665,0.10728099942207336,0.9430000185966492,0.7846999764442444
YLR153C,YMR080C,0,-7.197326,0.1072687953710556,0.9430000185966492,0.7847999930381775
YLR005W,YDR134C,0,-7.197583,0.10725659877061844,0.9430000185966492,0.7849000096321106
YPL280W,YDR318W,0,-7.19806,0.10724440217018127,0.9430000185966492,0.7850000262260437
YBR130C,YMR046C,0,-7.198178,0.10723220556974411,0.9430000185966492,0.785099983215332
YOL041C,YDR196C,0,-7.198234,0.10722000896930695,0.9430000185966492,0.7851999998092651
YNL110C,YAL011W,0,-7.198361,0.10720781981945038,0.9430000185966492,0.7853000164031982
YFL045C,YJL129C,0,-7.1992135,0.10719563812017441,0.9430000185966492,0.7853999733924866
YDR463W,YML064C,0,-7.1994777,0.10718344897031784,0.9430000185966492,0.7854999899864197
YPR160W,YKL006W,0,-7.1995907,0.10717126727104187,0.9430000185966492,0.7856000065803528
YKL064W,YGL031C,0,-7.1999707,0.1071590930223465,0.9430000185966492,0.7857000231742859
YMR161W,YCR021C,0,-7.199978,0.10714691877365112,0.9430000185966492,0.7857999801635742
YFL056C,YDR348C,0,-7.200104,0.10713474452495575,0.9430000185966492,0.7858999967575073
YCR040W,YIL158W,0,-7.2004247,0.10712257027626038,0.9430000185966492,0.7860000133514404
YBR142W,YMR121C,0,-7.200565,0.1071104034781456,0.9430000185966492,0.7860999703407288
YNL008C,YGR123C,0,-7.200644,0.10709823668003082,0.9430000185966492,0.7861999869346619
YJR053W,YER095W,0,-7.2007637,0.10708607733249664,0.9430000185966492,0.786300003528595
YBR030W,YHL008C,0,-7.2008066,0.10707391798496246,0.9430000185966492,0.7864000201225281
YLR251W,YNR004W,0,-7.202149,0.10706175863742828,0.9430000185966492,0.7864999771118164
YJR010C-A,YIL064W,0,-7.202227,0.1070496067404747,0.9430000185966492,0.7865999937057495
YOR037W,YLR305C,0,-7.202292,0.10703745484352112,0.9430000185966492,0.7867000102996826
YGL054C,YMR291W,0,-7.2024283,0.10702531039714813,0.9430000185966492,0.7868000268936157
YGR098C,YGR148C,0,-7.2025275,0.10701316595077515,0.9430000185966492,0.786899983882904
YGR001C,YOL101C,0,-7.2027297,0.10700102150440216,0.9430000185966492,0.7870000004768372
YGR105W,YDR266C,0,-7.2028747,0.10698888450860977,0.9430000185966492,0.7871000170707703
YDR361C,YKL140W,0,-7.2031198,0.10697674751281738,0.9430000185966492,0.7871999740600586
YLR367W,YBR118W,0,-7.2034435,0.106964610517025,0.9430000185966492,0.7872999906539917
YNL288W,YLL054C,0,-7.2037168,0.1069524809718132,0.9430000185966492,0.7874000072479248
YNL005C,YHR196W,0,-7.2037463,0.10694035142660141,0.9430000185966492,0.7875000238418579
YPR006C,YJL010C,0,-7.2038994,0.10692822188138962,0.9430000185966492,0.7875999808311462
YNL065W,YOR370C,0,-7.204081,0.10691609978675842,0.9430000185966492,0.7876999974250793
YJR119C,YGR133W,0,-7.204545,0.10690397769212723,0.9430000185966492,0.7878000140190125
YKL220C,YIL064W,0,-7.2046604,0.10689186304807663,0.9430000185966492,0.7878999710083008
YGR141W,YDL119C,0,-7.204661,0.10687974840402603,0.9430000185966492,0.7879999876022339
YGL090W,YJR101W,0,-7.2051587,0.10686763375997543,0.9430000185966492,0.788100004196167
YMR251W-A,YPL133C,0,-7.2060013,0.10685552656650543,0.9430000185966492,0.7882000207901001
YLR265C,YIL047C,0,-7.206331,0.10684341937303543,0.9430000185966492,0.7882999777793884
YLL028W,YNR073C,0,-7.207188,0.10683131217956543,0.9430000185966492,0.7883999943733215
YKR102W,YAL032C,0,-7.207433,0.10681921243667603,0.9430000185966492,0.7885000109672546
YFR045W,YMR293C,0,-7.2075906,0.10680711269378662,0.9430000185966492,0.7886000275611877
YMR097C,YDR324C,0,-7.208313,0.10679502040147781,0.9430000185966492,0.7886999845504761
YJL060W,YJL189W,0,-7.2083926,0.10678292065858841,0.9430000185966492,0.7888000011444092
YER144C,YER087W,0,-7.2087216,0.1067708358168602,0.9430000185966492,0.7889000177383423
YDL061C,YBR173C,0,-7.209468,0.10675874352455139,0.9430000185966492,0.7889999747276306
YGL025C,YPL009C,0,-7.2097898,0.10674665868282318,0.9430000185966492,0.7890999913215637
YNL111C,YDR261C,0,-7.210007,0.10673458129167557,0.9430000185966492,0.7892000079154968
YFL056C,YGR089W,0,-7.210133,0.10672249644994736,0.9430000185966492,0.7893000245094299
YBL097W,YMR030W,0,-7.210229,0.10671041905879974,0.9430000185966492,0.7893999814987183
YFR008W,YOL141W,0,-7.2104,0.10669834911823273,0.9430000185966492,0.7894999980926514
YDL197C,YER078C,0,-7.2107882,0.10668627917766571,0.9430000185966492,0.7896000146865845
YOR168W,YJL113W,0,-7.2108746,0.1066742092370987,0.9430000185966492,0.7896999716758728
YJL139C,YDL119C,0,-7.210893,0.10666213929653168,0.9430000185966492,0.7897999882698059
YER102W,YLR212C,0,-7.211041,0.10665007680654526,0.9430000185966492,0.789900004863739
YJL099W,YHL036W,0,-7.211303,0.10663802176713943,0.9430000185966492,0.7900000214576721
YOR080W,YDR087C,0,-7.211436,0.10662595927715302,0.9430000185966492,0.7900999784469604
YBR084C-A,YER147C,0,-7.211438,0.10661390423774719,0.9430000185966492,0.7901999950408936
YMR221C,YPL019C,0,-7.2125115,0.10660185664892197,0.9430000185966492,0.7903000116348267
YNL275W,YBR079C,0,-7.212688,0.10658980160951614,0.9430000185966492,0.7904000282287598
YIR010W,YGR256W,0,-7.2128015,0.10657775402069092,0.9430000185966492,0.7904999852180481
YPR185W,YMR128W,0,-7.2131,0.10656571388244629,0.9430000185966492,0.7906000018119812
YBL027W,YPR043W,0,-7.213213,0.10655367374420166,0.9430000185966492,0.7907000184059143
YOL129W,YMR134W,0,-7.2132306,0.10654163360595703,0.9430000185966492,0.7907999753952026
YDL130W-A,YMR166C,0,-7.213323,0.106529600918293,0.9430000185966492,0.7908999919891357
YJL207C,YJL098W,0,-7.2134085,0.10651756823062897,0.9430000185966492,0.7910000085830688
YEL029C,YPR168W,0,-7.21363,0.10650553554296494,0.9430000185966492,0.791100025177002
YCL048W,YDL224C,0,-7.213782,0.1064935028553009,0.9430000185966492,0.7911999821662903
YKR069W,YDR201W,0,-7.2140803,0.10648148506879807,0.9430000185966492,0.7912999987602234
YBR133C,YDL170W,0,-7.214257,0.10646945983171463,0.9430000185966492,0.7914000153541565
YMR059W,YDR545W,0,-7.214504,0.10645744204521179,0.9430000185966492,0.7914999723434448
YLR110C,YBL060W,0,-7.2145176,0.10644542425870895,0.9430000185966492,0.7915999889373779
YJL063C,YMR308C,0,-7.2146826,0.10643340647220612,0.9430000185966492,0.791700005531311
YOL061W,YPR003C,0,-7.215116,0.10642139613628387,0.9430000185966492,0.7918000221252441
YHR201C,YAR035W,0,-7.216189,0.10640938580036163,0.9430000185966492,0.7918999791145325
YGL162W,YAL002W,0,-7.2163625,0.10639738291501999,0.9430000185966492,0.7919999957084656
YMR287C,YDR039C,0,-7.216903,0.10638538002967834,0.9430000185966492,0.7921000123023987
YBR153W,YMR019W,0,-7.216966,0.1063733771443367,0.9430000185966492,0.7922000288963318
YJR053W,YGL224C,0,-7.2170677,0.10636138170957565,0.9430000185966492,0.7922999858856201
YOR095C,YGR002C,0,-7.2171645,0.1063493862748146,0.9430000185966492,0.7924000024795532
YIL013C,YDL059C,0,-7.2172065,0.10633739084005356,0.9430000185966492,0.7925000190734863
YIL172C,YMR293C,0,-7.2172537,0.10632540285587311,0.9430000185966492,0.7925999760627747
YMR202W,YDL044C,0,-7.2175417,0.10631341487169266,0.9430000185966492,0.7926999926567078
YCL026C-B,YPR002W,0,-7.217593,0.1063014343380928,0.9430000185966492,0.7928000092506409
YBR049C,YLR064W,0,-7.21763,0.10628944635391235,0.9430000185966492,0.792900025844574
YGL130W,YDR234W,0,-7.2176995,0.1062774732708931,0.9430000185966492,0.7929999828338623
YFL057C,YOL139C,0,-7.217892,0.10626549273729324,0.9430000185966492,0.7930999994277954
YML062C,YDR116C,0,-7.217894,0.10625351965427399,0.9430000185966492,0.7932000160217285
YDR072C,YML133C,0,-7.2180095,0.10624154657125473,0.9430000185966492,0.7932999730110168
YDR402C,YCR071C,0,-7.2182336,0.10622958093881607,0.9430000185966492,0.79339998960495
YPL220W,YGR148C,0,-7.218694,0.10621761530637741,0.9430000185966492,0.7935000061988831
YOR306C,YLR263W,0,-7.2190385,0.10620565712451935,0.9430000185966492,0.7936000227928162
YOR375C,YLR414C,0,-7.219074,0.10619369149208069,0.9430000185966492,0.7936999797821045
YHR079C,YEL048C,0,-7.2194123,0.10618173331022263,0.9430000185966492,0.7937999963760376
YMR186W,YDL098C,0,-7.2194505,0.10616978257894516,0.9430000185966492,0.7939000129699707
YGR075C,YHR206W,0,-7.219712,0.1061578318476677,0.9430000185966492,0.7940000295639038
YML127W,YPL094C,0,-7.2199354,0.10614588111639023,0.9430000185966492,0.7940999865531921
YMR227C,YPR097W,0,-7.2200985,0.10613393038511276,0.9430000185966492,0.7942000031471252
YDR093W,YNL227C,1,-7.220141,0.10623452812433243,0.9440000057220459,0.7942000031471252
YDR018C,YNL194C,0,-7.2207017,0.10622256994247437,0.9440000057220459,0.7943000197410583
YBR296C,YGL225W,0,-7.220716,0.1062106192111969,0.9440000057220459,0.7943999767303467
YDR462W,YOR294W,0,-7.221047,0.10619867593050003,0.9440000057220459,0.7944999933242798
YML075C,YCL004W,0,-7.2212462,0.10618672519922256,0.9440000057220459,0.7946000099182129
YOL041C,YCL005W-A,0,-7.2213497,0.1061747819185257,0.9440000057220459,0.794700026512146
YKR072C,YPL113C,0,-7.221577,0.10616284608840942,0.9440000057220459,0.7947999835014343
YDR180W,YEL077C,0,-7.2217255,0.10615090280771255,0.9440000057220459,0.7949000000953674
YDR046C,YNR031C,0,-7.222029,0.10613896697759628,0.9440000057220459,0.7950000166893005
YPL021W,YMR228W,0,-7.2221932,0.10612703859806061,0.9440000057220459,0.7950999736785889
YNL113W,YMR096W,0,-7.2225738,0.10611511021852493,0.9440000057220459,0.795199990272522
YER088C,YNL210W,0,-7.222624,0.10610318183898926,0.9440000057220459,0.7953000068664551
YDL123W,YNL247W,0,-7.2231636,0.10609125345945358,0.9440000057220459,0.7954000234603882
YDR419W,YMR269W,0,-7.2234607,0.1060793325304985,0.9440000057220459,0.7954999804496765
YBR187W,YMR046C,0,-7.2235794,0.10606741905212402,0.9440000057220459,0.7955999970436096
YHR096C,YOR010C,0,-7.223882,0.10605549812316895,0.9440000057220459,0.7957000136375427
YLR394W,YJR027W,0,-7.2249255,0.10604358464479446,0.9440000057220459,0.795799970626831
YGL029W,YGR206W,0,-7.2251315,0.10603167116641998,0.9440000057220459,0.7958999872207642
YER081W,YIL006W,0,-7.225149,0.1060197651386261,0.9440000057220459,0.7960000038146973
YER036C,YMR214W,0,-7.225151,0.10600785911083221,0.9440000057220459,0.7961000204086304
YKR039W,YKR061W,0,-7.2252107,0.10599596053361893,0.9440000057220459,0.7961999773979187
YKL194C,YLR336C,0,-7.225308,0.10598405450582504,0.9440000057220459,0.7962999939918518
YNL279W,YOL110W,0,-7.225665,0.10597216337919235,0.9440000057220459,0.7964000105857849
YLL042C,YNR073C,0,-7.2257895,0.10596026480197906,0.9440000057220459,0.796500027179718
YLL060C,YHR098C,0,-7.2258945,0.10594837367534637,0.9440000057220459,0.7965999841690063
YDR361C,YPR017C,0,-7.2262807,0.10593648254871368,0.9440000057220459,0.7967000007629395
YOR101W,YNL012W,0,-7.226609,0.10592459887266159,0.9440000057220459,0.7968000173568726
YPR135W,YPR091C,0,-7.2266817,0.1059127151966095,0.9440000057220459,0.7968999743461609
YBR066C,YIL066C,0,-7.2267113,0.1059008315205574,0.9440000057220459,0.796999990940094
YOR237W,YAR044W,1,-7.2268715,0.1060011237859726,0.9449999928474426,0.796999990940094
YBR198C,YHL012W,0,-7.2271953,0.1059892326593399,0.9449999928474426,0.7971000075340271
YLR154C,YJR014W,0,-7.227436,0.10597734898328781,0.9449999928474426,0.7972000241279602
YJR139C,YMR046C,0,-7.227529,0.10596546530723572,0.9449999928474426,0.7972999811172485
YBR043C,YGR279C,0,-7.227752,0.10595358163118362,0.9449999928474426,0.7973999977111816
YKL170W,YLR196W,0,-7.228125,0.10594170540571213,0.9449999928474426,0.7975000143051147
YNR075W,YKL203C,1,-7.228344,0.10604192316532135,0.9459999799728394,0.7975000143051147
YGL063W,YPR080W,0,-7.2283626,0.10603003948926926,0.9459999799728394,0.7975999712944031
YJL085W,YML063W,0,-7.228458,0.10601815581321716,0.9459999799728394,0.7976999878883362
YMR227C,YPR118W,0,-7.2287354,0.10600627213716507,0.9459999799728394,0.7978000044822693
YNR027W,YCR040W,0,-7.2289624,0.10599439591169357,0.9459999799728394,0.7979000210762024
YGR225W,YGR249W,0,-7.2307916,0.10598251968622208,0.9459999799728394,0.7979999780654907
YGL210W,YJL028W,0,-7.230861,0.10597065091133118,0.9459999799728394,0.7980999946594238
YGL151W,YMR239C,0,-7.231238,0.10595878213644028,0.9459999799728394,0.7982000112533569
YGR154C,YHR005C-A,0,-7.2313604,0.10594691336154938,0.9459999799728394,0.79830002784729
YGR124W,YDR299W,0,-7.2313995,0.10593505203723907,0.9459999799728394,0.7983999848365784
YIL103W,YGR125W,0,-7.232524,0.10592319071292877,0.9459999799728394,0.7985000014305115
YER091C,YEL059C-A,0,-7.2326636,0.10591132938861847,0.9459999799728394,0.7986000180244446
YJL095W,YNL201C,0,-7.232837,0.10589947551488876,0.9459999799728394,0.7986999750137329
YKL138C-A,YLR221C,0,-7.2329803,0.10588762164115906,0.9459999799728394,0.798799991607666
YIL162W,YCR083W,0,-7.2331157,0.10587576776742935,0.9459999799728394,0.7989000082015991
YMR204C,YBL025W,0,-7.2334094,0.10586392134428024,0.9459999799728394,0.7990000247955322
YOL023W,YLR055C,0,-7.2337675,0.10585207492113113,0.9459999799728394,0.7990999817848206
YDR255C,YER090W,0,-7.2338367,0.10584023594856262,0.9459999799728394,0.7991999983787537
YMR275C,YFR001W,0,-7.2340665,0.10582838952541351,0.9459999799728394,0.7993000149726868
YPR010C,YPR133W-A,0,-7.234237,0.1058165580034256,0.9459999799728394,0.7993999719619751
YJR069C,YJR073C,0,-7.2344303,0.10580471903085709,0.9459999799728394,0.7994999885559082
YOL010W,YLR167W,0,-7.2348666,0.10579288750886917,0.9459999799728394,0.7996000051498413
YMR301C,YGR271C-A,0,-7.2352653,0.10578105598688126,0.9459999799728394,0.7997000217437744
YLR421C,YDR476C,0,-7.235432,0.10576923191547394,0.9459999799728394,0.7997999787330627
YOR341W,YLR354C,0,-7.235533,0.10575740784406662,0.9459999799728394,0.7998999953269958
YOR010C,YMR293C,0,-7.2357383,0.1057455837726593,0.9459999799728394,0.800000011920929
YLR336C,YAR003W,0,-7.2364755,0.10573376715183258,0.9459999799728394,0.8001000285148621
YOR031W,YNL152W,0,-7.2364793,0.10572195053100586,0.9459999799728394,0.8001999855041504
YPL267W,YOL105C,0,-7.236582,0.10571013391017914,0.9459999799728394,0.8003000020980835
YPL231W,YLL043W,0,-7.236708,0.10569832473993301,0.9459999799728394,0.8004000186920166
YJL156C,YPR041W,0,-7.2367268,0.10568651556968689,0.9459999799728394,0.8004999756813049
YOL061W,YOR129C,0,-7.2369943,0.10567470639944077,0.9459999799728394,0.800599992275238
YGR052W,YPL249C-A,0,-7.2375197,0.10566290467977524,0.9459999799728394,0.8007000088691711
YBR111W-A,YKL140W,0,-7.2375736,0.10565110296010971,0.9459999799728394,0.8008000254631042
YGL089C,YML045W,0,-7.23768,0.10563930869102478,0.9459999799728394,0.8008999824523926
YBR200W,YOL123W,0,-7.237694,0.10562751442193985,0.9459999799728394,0.8009999990463257
YFR001W,YMR268W-A,0,-7.23803,0.10561572015285492,0.9459999799728394,0.8011000156402588
YBR214W,YLR337W,1,-7.239302,0.1057155579328537,0.9470000267028809,0.8011000156402588
YOR098C,YJL118W,0,-7.239407,0.10570376366376877,0.9470000267028809,0.8011999726295471
YPL084W,YJL171C,0,-7.2396765,0.10569196194410324,0.9470000267028809,0.8012999892234802
YML058W-A,YBR028C,0,-7.239985,0.10568016767501831,0.9470000267028809,0.8014000058174133
YLR242C,YPL212C,0,-7.2402787,0.10566838085651398,0.9470000267028809,0.8015000224113464
YKR026C,YOR346W,0,-7.2402844,0.10565658658742905,0.9470000267028809,0.8015999794006348
YLR362W,YLR003C,0,-7.2404504,0.10564479976892471,0.9470000267028809,0.8016999959945679
YMR238W,YAL003W,0,-7.2407384,0.10563302040100098,0.9470000267028809,0.801800012588501
YLR221C,YDR457W,0,-7.240998,0.10562123358249664,0.9470000267028809,0.8019000291824341
YNL294C,YER113C,0,-7.241292,0.1056094542145729,0.9470000267028809,0.8019999861717224
YLR244C,YMR117C,0,-7.2415195,0.10559768229722977,0.9470000267028809,0.8021000027656555
YOL094C,YER098W,0,-7.2416596,0.10558591037988663,0.9470000267028809,0.8022000193595886
YLR075W,YGR277C,0,-7.2417207,0.10557413846254349,0.9470000267028809,0.802299976348877
YOR145C,YCL001W,0,-7.2417536,0.10556236654520035,0.9470000267028809,0.8023999929428101
YEL001C,YOR370C,0,-7.241833,0.1055506020784378,0.9470000267028809,0.8025000095367432
YDL079C,YDR247W,0,-7.241895,0.10553883761167526,0.9470000267028809,0.8026000261306763
YPL227C,YJL212C,0,-7.2421384,0.10552708059549332,0.9470000267028809,0.8026999831199646
YDL056W,YLR320W,0,-7.242189,0.10551532357931137,0.9470000267028809,0.8027999997138977
YGR238C,YHL017W,0,-7.2422504,0.10550356656312943,0.9470000267028809,0.8029000163078308
YOR321W,YNR046W,0,-7.2430873,0.10549180954694748,0.9470000267028809,0.8029999732971191
YKL189W,YPR148C,0,-7.244121,0.10548005998134613,0.9470000267028809,0.8030999898910522
YIL022W,YLL012W,0,-7.2442408,0.10546831786632538,0.9470000267028809,0.8032000064849854
YBR092C,YEL060C,0,-7.244248,0.10545656830072403,0.9470000267028809,0.8033000230789185
YDR301W,YLR312W-A,0,-7.2442884,0.10544482618570328,0.9470000267028809,0.8033999800682068
YAL063C,YHR183W,0,-7.2446303,0.10543309152126312,0.9470000267028809,0.8034999966621399
YEL027W,YPL032C,1,-7.2446423,0.1055326759815216,0.9480000138282776,0.8034999966621399
YHR002W,YDL081C,0,-7.245084,0.10552092641592026,0.9480000138282776,0.803600013256073
YGL099W,YGR070W,0,-7.2451987,0.1055091843008995,0.9480000138282776,0.8036999702453613
YPR168W,YBR096W,0,-7.245358,0.10549744218587875,0.9480000138282776,0.8037999868392944
YDL007W,YGR279C,0,-7.245418,0.105485700070858,0.9480000138282776,0.8039000034332275
YLR246W,YFR006W,0,-7.24542,0.10547396540641785,0.9480000138282776,0.8040000200271606
YPL116W,YGL055W,0,-7.2455297,0.10546223074197769,0.9480000138282776,0.804099977016449
YLR451W,YMR137C,0,-7.24578,0.10545050352811813,0.9480000138282776,0.8041999936103821
YDR153C,YCL048W,0,-7.2460175,0.10543876886367798,0.9480000138282776,0.8043000102043152
YOL077C,YNL323W,0,-7.24624,0.10542704910039902,0.9480000138282776,0.8044000267982483
YNR075W,YLR337C,1,-7.246385,0.10552652180194855,0.9490000009536743,0.8044000267982483
YML132W,YMR160W,0,-7.24641,0.10551478713750839,0.9490000009536743,0.8044999837875366
YPL115C,YKL006W,0,-7.2466955,0.10550305992364883,0.9490000009536743,0.8046000003814697
YNL318C,YER098W,0,-7.247604,0.10549133270978928,0.9490000009536743,0.8047000169754028
YPR187W,YMR089C,0,-7.2478995,0.10547960549592972,0.9490000009536743,0.8047999739646912
YDR150W,YPL212C,0,-7.248001,0.10546787828207016,0.9490000009536743,0.8048999905586243
YEL055C,YBR257W,0,-7.2482986,0.1054561585187912,0.9490000009536743,0.8050000071525574
YPL118W,YBR079C,0,-7.248675,0.10544444620609283,0.9490000009536743,0.8051000237464905
YPL113C,YPL162C,0,-7.249227,0.10543272644281387,0.9490000009536743,0.8051999807357788
YNL318C,YDR078C,0,-7.2493563,0.10542101413011551,0.9490000009536743,0.8052999973297119
YLR213C,YNL313C,0,-7.2494416,0.10540930926799774,0.9490000009536743,0.805400013923645
YNL229C,YER078C,0,-7.24983,0.10539760440587997,0.9490000009536743,0.8054999709129333
YKL048C,YML133C,0,-7.250578,0.10538589954376221,0.9490000009536743,0.8055999875068665
YCR077C,YDL025C,0,-7.251011,0.10537419468164444,0.9490000009536743,0.8057000041007996
YNL328C,YMR117C,0,-7.2512918,0.10536249727010727,0.9490000009536743,0.8058000206947327
YNL119W,YBR293W,0,-7.251573,0.1053507998585701,0.9490000009536743,0.805899977684021
YGL251C,YJL116C,0,-7.2521095,0.10533910244703293,0.9490000009536743,0.8059999942779541
YNL304W,YER160C,0,-7.252839,0.10532741248607635,0.9490000009536743,0.8061000108718872
YOR361C,YNL216W,0,-7.2529416,0.10531572252511978,0.9490000009536743,0.8062000274658203
YLR286C,YGR098C,0,-7.2529645,0.1053040400147438,0.9490000009536743,0.8062999844551086
YMR113W,YPL207W,0,-7.253484,0.10529235750436783,0.9490000009536743,0.8064000010490417
YFL053W,YER012W,0,-7.2535152,0.10528067499399185,0.9490000009536743,0.8065000176429749
YGR134W,YGL012W,0,-7.2536182,0.10526899248361588,0.9490000009536743,0.8065999746322632
YKL078W,YJL225C,0,-7.253719,0.1052573174238205,0.9490000009536743,0.8066999912261963
YBR079C,YLR298C,0,-7.254297,0.10524564981460571,0.9490000009536743,0.8068000078201294
YPL095C,YNR004W,0,-7.2545667,0.10523397475481033,0.9490000009536743,0.8069000244140625
YLR382C,YOL010W,0,-7.2547855,0.10522230714559555,0.9490000009536743,0.8069999814033508
YHR047C,YIL173W,0,-7.2553463,0.10521063953638077,0.9490000009536743,0.8070999979972839
YLR174W,YDR503C,0,-7.2557464,0.10519897937774658,0.9490000009536743,0.807200014591217
YIL020C,YML045W,0,-7.2560596,0.1051873192191124,0.9490000009536743,0.8072999715805054
YCR057C,YML055W,0,-7.2567925,0.10517565906047821,0.9490000009536743,0.8073999881744385
YDL160C,YOR009W,0,-7.257275,0.10516400635242462,0.9490000009536743,0.8075000047683716
YAL054C,YJR032W,0,-7.258519,0.10515235364437103,0.9490000009536743,0.8076000213623047
YPL017C,YHR138C,0,-7.258658,0.10514070093631744,0.9490000009536743,0.807699978351593
YMR323W,YKL195W,0,-7.258781,0.10512905567884445,0.9490000009536743,0.8077999949455261
YNR075W,YBL007C,1,-7.259052,0.10522817820310593,0.949999988079071,0.8077999949455261
YGR089W,YDL065C,0,-7.259301,0.10521652549505234,0.949999988079071,0.8079000115394592
YOL125W,YDL170W,0,-7.259558,0.10520487278699875,0.949999988079071,0.8080000281333923
YOR269W,YGR125W,0,-7.2596893,0.10519322007894516,0.949999988079071,0.8080999851226807
YOR070C,YMR242C,0,-7.2600503,0.10518157482147217,0.949999988079071,0.8082000017166138
YCL048W,YOR179C,0,-7.260349,0.10516992956399918,0.949999988079071,0.8083000183105469
YNL304W,YDR545W,0,-7.2604737,0.10515829175710678,0.949999988079071,0.8083999752998352
YBR250W,YOR273C,0,-7.2608676,0.10514665395021439,0.949999988079071,0.8084999918937683
YOL021C,YBR173C,0,-7.2608943,0.10513501614332199,0.949999988079071,0.8086000084877014
YJR050W,YOL092W,0,-7.260935,0.1051233783364296,0.949999988079071,0.8087000250816345
YDR281C,YGR161C,0,-7.2612405,0.1051117479801178,0.949999988079071,0.8087999820709229
YNL299W,YOR106W,0,-7.261252,0.1051001250743866,0.949999988079071,0.808899998664856
YLR205C,YHR098C,0,-7.2613,0.1050884947180748,0.949999988079071,0.8090000152587891
YBL087C,YCL020W,0,-7.261473,0.1050768718123436,0.949999988079071,0.8090999722480774
YMR094W,YBR072W,0,-7.261563,0.1050652489066124,0.949999988079071,0.8091999888420105
YJL010C,YHR080C,0,-7.261944,0.10505363345146179,0.949999988079071,0.8093000054359436
YLL045C,YDR463W,0,-7.2619915,0.10504201799631119,0.949999988079071,0.8094000220298767
YGR084C,YLR212C,0,-7.2622943,0.10503040254116058,0.949999988079071,0.809499979019165
YBR087W,YBL025W,0,-7.262643,0.10501879453659058,0.949999988079071,0.8095999956130981
YDR402C,YHR098C,0,-7.262842,0.10500718653202057,0.949999988079071,0.8097000122070312
YMR275C,YLR384C,0,-7.2630124,0.10499557852745056,0.949999988079071,0.8098000288009644
YPR102C,YBL034C,0,-7.263876,0.10498397797346115,0.949999988079071,0.8098999857902527
YBL002W,YML058W-A,0,-7.2642283,0.10497237741947174,0.949999988079071,0.8100000023841858
YJL184W,YIL061C,0,-7.26516,0.10496077686548233,0.949999988079071,0.8101000189781189
YDR375C,YPL079W,0,-7.2653713,0.10494918376207352,0.949999988079071,0.8101999759674072
YIR038C,YLR335W,0,-7.265441,0.1049375906586647,0.949999988079071,0.8102999925613403
YLR190W,YEL048C,0,-7.265447,0.10492599755525589,0.949999988079071,0.8104000091552734
YBL100W-B,YCL075W,0,-7.2654853,0.10491441190242767,0.949999988079071,0.8105000257492065
YML054C,YER081W,0,-7.2655587,0.10490282624959946,0.949999988079071,0.8105999827384949
YER172C,YGR279C,0,-7.26599,0.10489124804735184,0.949999988079071,0.810699999332428
YHR209W,YBR146W,0,-7.266101,0.10487966239452362,0.949999988079071,0.8108000159263611
YLR394W,YHR065C,0,-7.2661624,0.104868084192276,0.949999988079071,0.8108999729156494
YGL209W,YLR150W,0,-7.266337,0.10485651344060898,0.949999988079071,0.8109999895095825
YGL070C,YGR215W,0,-7.2665067,0.10484494268894196,0.949999988079071,0.8111000061035156
YDL227C,YIL105C,0,-7.266712,0.10483337193727493,0.949999988079071,0.8112000226974487
YAL012W,YGR271C-A,0,-7.266871,0.10482180118560791,0.949999988079071,0.8112999796867371
YDR536W,YLR277C,0,-7.267039,0.10481023788452148,0.949999988079071,0.8113999962806702
YBR098W,YLR185W,0,-7.267164,0.10479867458343506,0.949999988079071,0.8115000128746033
YCR088W,YDR045C,0,-7.2671824,0.10478711873292923,0.949999988079071,0.8116000294685364
YMR240C,YJL168C,0,-7.267425,0.1047755628824234,0.949999988079071,0.8116999864578247
YML132W,YBR181C,0,-7.2675395,0.10476400703191757,0.949999988079071,0.8118000030517578
YHR001W,YML052W,1,-7.267683,0.10486271977424622,0.9509999752044678,0.8118000030517578
YLR134W,YJR110W,0,-7.2677455,0.10485115647315979,0.9509999752044678,0.8119000196456909
YOR095C,YOL055C,0,-7.2680507,0.10483960062265396,0.9509999752044678,0.8119999766349792
YMR227C,YLL014W,0,-7.269009,0.10482804477214813,0.9509999752044678,0.8120999932289124
YFL053W,YDL036C,0,-7.269336,0.1048164889216423,0.9509999752044678,0.8122000098228455
YGL244W,YJL216C,0,-7.2697024,0.10480494052171707,0.9509999752044678,0.8123000264167786
YGL156W,YML080W,0,-7.269937,0.10479339212179184,0.9509999752044678,0.8123999834060669
YDL138W,YPL141C,0,-7.2705903,0.10478184372186661,0.9509999752044678,0.8125
YDR351W,YPL113C,0,-7.270848,0.10477029532194138,0.9509999752044678,0.8126000165939331
YLR081W,YDR541C,0,-7.2712502,0.10475875437259674,0.9509999752044678,0.8126999735832214
YDR110W,YPL131W,0,-7.2713027,0.1047472208738327,0.9509999752044678,0.8127999901771545
YPL074W,YER078C,0,-7.271374,0.10473567992448807,0.9509999752044678,0.8129000067710876
YDR054C,YJR031C,0,-7.2714605,0.10472414642572403,0.9509999752044678,0.8130000233650208
YNR075W,YEL027W,1,-7.2714953,0.10482272505760193,0.9520000219345093,0.8130000233650208
YML052W,YOR043W,1,-7.2719283,0.10492128133773804,0.953000009059906,0.8130000233650208
YNL327W,YBR193C,0,-7.2720313,0.1049097329378128,0.953000009059906,0.8130999803543091
YPR108W,YKR078W,0,-7.2721915,0.10489818453788757,0.953000009059906,0.8131999969482422
YHR133C,YER053C,0,-7.272656,0.10488663613796234,0.953000009059906,0.8133000135421753
YDL124W,YLR194C,0,-7.2735066,0.1048750951886177,0.953000009059906,0.8133999705314636
YBR229C,YNR064C,0,-7.2739186,0.10486355423927307,0.953000009059906,0.8134999871253967
YOL039W,YCR067C,0,-7.274423,0.10485202074050903,0.953000009059906,0.8136000037193298
YPL255W,YOR242C,0,-7.274838,0.104840487241745,0.953000009059906,0.8137000203132629
YBR010W,YKL186C,0,-7.27571,0.10482895374298096,0.953000009059906,0.8137999773025513
YMR264W,YIR012W,0,-7.2758055,0.10481742024421692,0.953000009059906,0.8138999938964844
YJR147W,YMR270C,0,-7.276344,0.10480589419603348,0.953000009059906,0.8140000104904175
YJL194W,YIR039C,0,-7.27649,0.10479436814785004,0.953000009059906,0.8141000270843506
YLR115W,YHR045W,0,-7.2765784,0.10478284955024719,0.953000009059906,0.8141999840736389
YBR136W,YER005W,0,-7.2773395,0.10477133095264435,0.953000009059906,0.814300000667572
YJL208C,YLR058C,0,-7.2774005,0.1047598123550415,0.953000009059906,0.8144000172615051
YHL033C,YLR262C,0,-7.2775073,0.10474829375743866,0.953000009059906,0.8144999742507935
YLR157C,YML054C,0,-7.2776694,0.10473678261041641,0.953000009059906,0.8145999908447266
YOR074C,YLL054C,0,-7.277704,0.10472527146339417,0.953000009059906,0.8147000074386597
YKR003W,YLR337W,1,-7.2783556,0.10482364892959595,0.9539999961853027,0.8147000074386597
YPL195W,YDR266C,0,-7.2784715,0.1048121303319931,0.9539999961853027,0.8148000240325928
YDR527W,YJL118W,0,-7.2785325,0.10480061173439026,0.9539999961853027,0.8148999810218811
YBL050W,YGR128C,0,-7.278542,0.10478910058736801,0.9539999961853027,0.8149999976158142
YPL220W,YGL169W,0,-7.278696,0.10477759689092636,0.9539999961853027,0.8151000142097473
YDR138W,YOR098C,0,-7.278706,0.10476608574390411,0.9539999961853027,0.8151999711990356
YLR017W,YPL019C,0,-7.2787075,0.10475458204746246,0.9539999961853027,0.8152999877929688
YDL141W,YLR186W,0,-7.2787366,0.10474308580160141,0.9539999961853027,0.8154000043869019
YNL333W,YDR002W,0,-7.2787857,0.10473158210515976,0.9539999961853027,0.815500020980835
YHR201C,YGL059W,0,-7.2787976,0.1047200858592987,0.9539999961853027,0.8155999779701233
YMR033W,YHR194W,0,-7.278907,0.10470859706401825,0.9539999961853027,0.8156999945640564
YGL222C,YEL046C,0,-7.279059,0.1046971008181572,0.9539999961853027,0.8158000111579895
YPR001W,YJR043C,0,-7.2795234,0.10468561202287674,0.9539999961853027,0.8159000277519226
YJR089W,YML075C,0,-7.2795386,0.10467413067817688,0.9539999961853027,0.8159999847412109
YBR236C,YLR308W,0,-7.2797933,0.10466264188289642,0.9539999961853027,0.816100001335144
YNL023C,YHL012W,0,-7.280121,0.10465116053819656,0.9539999961853027,0.8162000179290771
YDR437W,YHR205W,0,-7.2801723,0.1046396866440773,0.9539999961853027,0.8162999749183655
YLR187W,YPL141C,0,-7.280231,0.10462820529937744,0.9539999961853027,0.8163999915122986
YJR077C,YJL213W,0,-7.28025,0.10461673140525818,0.9539999961853027,0.8165000081062317
YCR058C,YIL008W,0,-7.28076,0.10460526496171951,0.9539999961853027,0.8166000247001648
YCL066W,YGL207W,0,-7.28087,0.10459379106760025,0.9539999961853027,0.8166999816894531
YBR159W,YOL039W,0,-7.280879,0.10458233207464218,0.9539999961853027,0.8167999982833862
YOR237W,YHR016C,1,-7.2810802,0.10468047857284546,0.9549999833106995,0.8167999982833862
YDR461W,YLR466W,0,-7.2811637,0.1046690046787262,0.9549999833106995,0.8169000148773193
YCL075W,YNR064C,0,-7.2813535,0.10465753078460693,0.9549999833106995,0.8169999718666077
YDR354W,YDL109C,0,-7.281836,0.10464606434106827,0.9549999833106995,0.8170999884605408
YDR216W,YNL247W,0,-7.2819276,0.1046345978975296,0.9549999833106995,0.8172000050544739
YGR249W,YGL145W,0,-7.282163,0.10462313890457153,0.9549999833106995,0.817300021648407
YGL073W,YGR185C,0,-7.282761,0.10461167991161346,0.9549999833106995,0.8173999786376953
YNL318C,YPL154C,0,-7.2828135,0.1046002209186554,0.9549999833106995,0.8174999952316284
YER006W,YOR191W,0,-7.2830386,0.10458876192569733,0.9549999833106995,0.8176000118255615
YOL012C,YJL118W,0,-7.283164,0.10457731038331985,0.9549999833106995,0.8177000284194946
YLR242C,YLR318W,0,-7.283432,0.10456585884094238,0.9549999833106995,0.817799985408783
YDR069C,YOR237W,1,-7.283556,0.1046638935804367,0.9559999704360962,0.817799985408783
YBR009C,YBR152W,0,-7.283741,0.10465243458747864,0.9559999704360962,0.8179000020027161
YOR023C,YMR014W,0,-7.284636,0.10464098304510117,0.9559999704360962,0.8180000185966492
YLR227C,YBR115C,0,-7.2851195,0.1046295315027237,0.9559999704360962,0.8180999755859375
YNL199C,YBR069C,0,-7.285656,0.10461807996034622,0.9559999704360962,0.8181999921798706
YPL012W,YOR124C,0,-7.2859545,0.10460662841796875,0.9559999704360962,0.8183000087738037
YNL243W,YML052W,1,-7.2859755,0.1047045961022377,0.9570000171661377,0.8183000087738037
YCL027C-A,YIL121W,0,-7.2862844,0.10469313710927963,0.9570000171661377,0.8184000253677368
YOR324C,YBR191W,0,-7.2865205,0.10468168556690216,0.9570000171661377,0.8184999823570251
YNL330C,YFR016C,0,-7.286621,0.10467024147510529,0.9570000171661377,0.8185999989509583
YIL137C,YHR020W,0,-7.2868233,0.10465878993272781,0.9570000171661377,0.8187000155448914
YDL145C,YBL004W,0,-7.2868295,0.10464734584093094,0.9570000171661377,0.8187999725341797
YOR048C,YGR125W,0,-7.287353,0.10463590919971466,0.9570000171661377,0.8188999891281128
YJL125C,YOR001W,0,-7.287479,0.10462446510791779,0.9570000171661377,0.8190000057220459
YKL048C,YDR266C,0,-7.2875495,0.10461302846670151,0.9570000171661377,0.819100022315979
YHR058C,YOL020W,0,-7.2882686,0.10460159927606583,0.9570000171661377,0.8191999793052673
YGR065C,YCR045C,0,-7.288773,0.10459016263484955,0.9570000171661377,0.8192999958992004
YBR146W,YDR527W,0,-7.2891636,0.10457873344421387,0.9570000171661377,0.8194000124931335
YDR345C,YMR037C,0,-7.290299,0.10456730425357819,0.9570000171661377,0.8195000290870667
YMR312W,YGR049W,0,-7.2904916,0.1045558825135231,0.9570000171661377,0.819599986076355
YDR446W,YOR090C,0,-7.2906156,0.10454446077346802,0.9570000171661377,0.8197000026702881
YDL143W,YGR203W,0,-7.290915,0.10453303903341293,0.9570000171661377,0.8198000192642212
YPL032C,YDR059C,1,-7.2911115,0.10463084280490875,0.9580000042915344,0.8198000192642212
YBR036C,YDL118W,0,-7.2920084,0.10461941361427307,0.9580000042915344,0.8198999762535095
YMR079W,YOR190W,0,-7.2920613,0.10460799187421799,0.9580000042915344,0.8199999928474426
YOL155C,YLR042C,0,-7.2921033,0.1045965701341629,0.9580000042915344,0.8201000094413757
YLR080W,YKL144C,0,-7.292203,0.10458515584468842,0.9580000042915344,0.8202000260353088
YDL055C,YLR421C,0,-7.292208,0.10457373410463333,0.9580000042915344,0.8202999830245972
YIL033C,YFL011W,0,-7.2922263,0.10456231981515884,0.9580000042915344,0.8203999996185303
YNL101W,YJL214W,0,-7.2926927,0.10455091297626495,0.9580000042915344,0.8205000162124634
YDR335W,YIL172C,0,-7.29287,0.10453949868679047,0.9580000042915344,0.8205999732017517
YCR077C,YLR042C,0,-7.293068,0.10452809929847717,0.9580000042915344,0.8206999897956848
YHR129C,YOR201C,0,-7.2936378,0.10451669245958328,0.9580000042915344,0.8208000063896179
YKL112W,YPL058C,0,-7.29454,0.10450529307126999,0.9580000042915344,0.820900022983551
YLR160C,YFL004W,0,-7.295763,0.1044938936829567,0.9580000042915344,0.8209999799728394
YKR093W,YIL021W,0,-7.2959576,0.1044824942946434,0.9580000042915344,0.8210999965667725
YPL086C,YER032W,0,-7.296,0.1044711023569107,0.9580000042915344,0.8212000131607056
YPL081W,YDR320C,0,-7.2961555,0.10445971041917801,0.9580000042915344,0.8213000297546387
YLR033W,YDR541C,0,-7.2962337,0.10444831848144531,0.9580000042915344,0.821399986743927
YPL266W,YBR240C,0,-7.2967935,0.10443693399429321,0.9580000042915344,0.8215000033378601
YOL063C,YEL020W-A,0,-7.296957,0.10442554950714111,0.9580000042915344,0.8216000199317932
YGR037C,YKL138C-A,0,-7.297411,0.10441417247056961,0.9580000042915344,0.8216999769210815
YOL003C,YLR336C,0,-7.297728,0.10440278798341751,0.9580000042915344,0.8217999935150146
YEL061C,YER056C,0,-7.29785,0.10439141094684601,0.9580000042915344,0.8219000101089478
YBR145W,YJL187C,0,-7.2981,0.1043800413608551,0.9580000042915344,0.8220000267028809
YEL027W,YDR059C,1,-7.2986503,0.10447761416435242,0.9589999914169312,0.8220000267028809
YMR319C,YMR293C,0,-7.3000083,0.10446622967720032,0.9589999914169312,0.8220999836921692
YML019W,YJR015W,0,-7.3002777,0.10445485264062881,0.9589999914169312,0.8222000002861023
YHR065C,YPR151C,0,-7.301039,0.10444347560405731,0.9589999914169312,0.8223000168800354
YEL031W,YOL092W,0,-7.3014255,0.1044321060180664,0.9589999914169312,0.8223999738693237
YEL061C,YDR064W,0,-7.301731,0.1044207289814949,0.9589999914169312,0.8224999904632568
YLR150W,YHR017W,0,-7.302648,0.104409359395504,0.9589999914169312,0.8226000070571899
YCR063W,YOL021C,0,-7.3028464,0.10439799726009369,0.9589999914169312,0.822700023651123
YPR124W,YKL218C,0,-7.30308,0.10438663512468338,0.9589999914169312,0.8227999806404114
YFR032C-A,YPL019C,0,-7.303205,0.10437527298927307,0.9589999914169312,0.8228999972343445
YCL064C,YOL154W,0,-7.303473,0.10436391085386276,0.9589999914169312,0.8230000138282776
YOL021C,YER021W,0,-7.3038673,0.10435255616903305,0.9589999914169312,0.8230999708175659
YMR026C,YGR128C,0,-7.304112,0.10434120148420334,0.9589999914169312,0.823199987411499
YMR094W,YNL247W,0,-7.304686,0.10432985424995422,0.9589999914169312,0.8233000040054321
YFL011W,YHR056C,0,-7.3047256,0.10431849956512451,0.9589999914169312,0.8234000205993652
YMR011W,YER078C,0,-7.304823,0.104307159781456,0.9589999914169312,0.8234999775886536
YJL151C,YCR102C,0,-7.3052363,0.10429581254720688,0.9589999914169312,0.8235999941825867
YBL069W,YOR017W,0,-7.3055215,0.10428447276353836,0.9589999914169312,0.8237000107765198
YCL024W,YFL052W,0,-7.3061275,0.10427313297986984,0.9589999914169312,0.8238000273704529
YNL048W,YGL070C,0,-7.3064137,0.10426179319620132,0.9589999914169312,0.8238999843597412
YGR282C,YLL060C,0,-7.3064785,0.1042504608631134,0.9589999914169312,0.8240000009536743
YLR153C,YLL066C,0,-7.306702,0.10423912853002548,0.9589999914169312,0.8241000175476074
YKL015W,YMR239C,0,-7.307097,0.10422780364751816,0.9589999914169312,0.8241999745368958
YDR009W,YPL009C,0,-7.3075995,0.10421647131443024,0.9589999914169312,0.8242999911308289
YDR144C,YBR089C-A,0,-7.3078084,0.10420515388250351,0.9589999914169312,0.824400007724762
YHR061C,YIL167W,0,-7.308107,0.10419382899999619,0.9589999914169312,0.8245000243186951
YOR224C,YJL213W,0,-7.3082447,0.10418251156806946,0.9589999914169312,0.8245999813079834
YHR166C,YDR131C,0,-7.3084407,0.10417119413614273,0.9589999914169312,0.8246999979019165
YNL298W,YKL122C,0,-7.3087935,0.104159876704216,0.9589999914169312,0.8248000144958496
YOR237W,YLR371W,1,-7.30916,0.10425716638565063,0.9599999785423279,0.8248000144958496
YGL166W,YBL068W,0,-7.309171,0.10424584895372391,0.9599999785423279,0.8248999714851379
YJL098W,YBR067C,0,-7.309547,0.10423452407121658,0.9599999785423279,0.824999988079071
YGL236C,YDL059C,0,-7.309832,0.10422321408987045,0.9599999785423279,0.8251000046730042
YLR329W,YDR091C,0,-7.3099456,0.10421189665794373,0.9599999785423279,0.8252000212669373
YPR093C,YPL220W,0,-7.310173,0.1042005866765976,0.9599999785423279,0.8252999782562256
YOR363C,YPR003C,0,-7.3106284,0.10418927669525146,0.9599999785423279,0.8253999948501587
YNL328C,YKL003C,0,-7.3106284,0.10417797416448593,0.9599999785423279,0.8255000114440918
YPR030W,YOR332W,0,-7.3109536,0.1041666641831398,0.9599999785423279,0.8256000280380249
YGR224W,YDL148C,0,-7.311038,0.10415536165237427,0.9599999785423279,0.8256999850273132
YOL119C,YML011C,0,-7.3115153,0.10414406657218933,0.9599999785423279,0.8258000016212463
YML116W,YDR055W,0,-7.3119206,0.1041327714920044,0.9599999785423279,0.8259000182151794
YIL066C,YIL093C,0,-7.3122888,0.10412147641181946,0.9599999785423279,0.8259999752044678
YBR085W,YOL001W,0,-7.312361,0.10411018133163452,0.9599999785423279,0.8260999917984009
YDR126W,YDR381W,0,-7.312859,0.10409889370203018,0.9599999785423279,0.826200008392334
YAL054C,YHR215W,0,-7.3128686,0.10408760607242584,0.9599999785423279,0.8263000249862671
YGL086W,YDR322W,0,-7.3129883,0.1040763258934021,0.9599999785423279,0.8263999819755554
YJL010C,YKL117W,0,-7.313043,0.10406503826379776,0.9599999785423279,0.8264999985694885
YDR075W,YGL225W,0,-7.31348,0.10405375808477402,0.9599999785423279,0.8266000151634216
YGR103W,YGR074W,0,-7.313692,0.10404248535633087,0.9599999785423279,0.82669997215271
YPL007C,YJL171C,0,-7.3139157,0.10403121262788773,0.9599999785423279,0.8267999887466431
YNL221C,YHL044W,0,-7.314082,0.10401993989944458,0.9599999785423279,0.8269000053405762
YDR191W,YPR168W,0,-7.314412,0.10400866717100143,0.9599999785423279,0.8270000219345093
YIL167W,YKL080W,0,-7.3148,0.10399740189313889,0.9599999785423279,0.8270999789237976
YLR098C,YKL152C,0,-7.315199,0.10398613661527634,0.9599999785423279,0.8271999955177307
YJR090C,YNL313C,0,-7.315219,0.10397487133741379,0.9599999785423279,0.8273000121116638
YNL164C,YMR060C,0,-7.315642,0.10396361351013184,0.9599999785423279,0.8274000287055969
YGR029W,YGR012W,0,-7.3158545,0.10395235568284988,0.9599999785423279,0.8274999856948853
YGR288W,YDR400W,0,-7.315984,0.10394109785556793,0.9599999785423279,0.8276000022888184
YER127W,YDL120W,0,-7.3166285,0.10392984747886658,0.9599999785423279,0.8277000188827515
YDR510W,YDL060W,0,-7.3166976,0.10391859710216522,0.9599999785423279,0.8277999758720398
YGL229C,YPL158C,0,-7.317027,0.10390734672546387,0.9599999785423279,0.8278999924659729
YJL192C,YMR087W,0,-7.317058,0.10389610379934311,0.9599999785423279,0.828000009059906
YKR095W-A,YDL195W,0,-7.3172154,0.10388486087322235,0.9599999785423279,0.8281000256538391
YPR112C,YGL207W,0,-7.3173113,0.10387361794710159,0.9599999785423279,0.8281999826431274
YDL227C,YPL105C,0,-7.317557,0.10386238247156143,0.9599999785423279,0.8282999992370605
YML081C-A,YBL014C,0,-7.317677,0.10385114699602127,0.9599999785423279,0.8284000158309937
YNL233W,YLR210W,0,-7.3178954,0.10383991152048111,0.9599999785423279,0.828499972820282
YIL107C,YPL144W,0,-7.3181124,0.10382868349552155,0.9599999785423279,0.8285999894142151
YLR254C,YGR221C,0,-7.318293,0.10381745547056198,0.9599999785423279,0.8287000060081482
YHR019C,YBL034C,0,-7.3185644,0.10380622744560242,0.9599999785423279,0.8288000226020813
YPR043W,YJL025W,0,-7.3189588,0.10379500687122345,0.9599999785423279,0.8288999795913696
YDR172W,YLL023C,0,-7.319806,0.10378378629684448,0.9599999785423279,0.8289999961853027
YER056C-A,YOR242C,0,-7.319831,0.10377256572246552,0.9599999785423279,0.8291000127792358
YOR168W,YBR193C,0,-7.3200064,0.10376135259866714,0.9599999785423279,0.829200029373169
YMR224C,YLL066C,0,-7.3202405,0.10375013202428818,0.9599999785423279,0.8292999863624573
YIL114C,YDR529C,0,-7.3203063,0.1037389263510704,0.9599999785423279,0.8294000029563904
YDR407C,YKR078W,0,-7.322412,0.10372771322727203,0.9599999785423279,0.8295000195503235
YNR075W,YKR003W,1,-7.3228483,0.10382454842329025,0.9610000252723694,0.8295000195503235
YBL042C,YNR072W,0,-7.32439,0.10381332784891129,0.9610000252723694,0.8295999765396118
YGR248W,YHR070W,0,-7.324979,0.10380211472511292,0.9610000252723694,0.8296999931335449
YKL117W,YLR224W,0,-7.325135,0.10379090905189514,0.9610000252723694,0.829800009727478
YIL145C,YEL077C,0,-7.325237,0.10377969592809677,0.9610000252723694,0.8299000263214111
YPL178W,YGR195W,0,-7.3256497,0.103768490254879,0.9610000252723694,0.8299999833106995
YKL009W,YCR102C,0,-7.3266087,0.10375728458166122,0.9610000252723694,0.8300999999046326
YBR040W,YOR224C,0,-7.3273735,0.10374608635902405,0.9610000252723694,0.8302000164985657
YNL153C,YOL060C,0,-7.3274045,0.10373488813638687,0.9610000252723694,0.830299973487854
YKL078W,YOR068C,0,-7.327437,0.1037236899137497,0.9610000252723694,0.8303999900817871
YLR068W,YMR257C,0,-7.327534,0.10371249914169312,0.9610000252723694,0.8305000066757202
YOL063C,YFR016C,0,-7.327845,0.10370130836963654,0.9610000252723694,0.8306000232696533
YOL137W,YDR492W,0,-7.328781,0.10369011759757996,0.9610000252723694,0.8306999802589417
YBR069C,YKL175W,0,-7.329246,0.10367892682552338,0.9610000252723694,0.8307999968528748
YAL056W,YPL079W,0,-7.329283,0.1036677435040474,0.9610000252723694,0.8309000134468079
YML116W,YPL029W,0,-7.329362,0.10365656018257141,0.9610000252723694,0.8309999704360962
YGR180C,YER180C-A,0,-7.329611,0.10364538431167603,0.9610000252723694,0.8310999870300293
YPL228W,YAL059W,0,-7.329718,0.10363420844078064,0.9610000252723694,0.8312000036239624
YIL129C,YLR003C,0,-7.329783,0.10362303256988525,0.9610000252723694,0.8313000202178955
YAL033W,YCR043C,0,-7.3305717,0.10361185669898987,0.9610000252723694,0.8313999772071838
YIR041W,YMR257C,0,-7.33069,0.10360068827867508,0.9610000252723694,0.8314999938011169
YJL178C,YOR145C,0,-7.3307853,0.10358951985836029,0.9610000252723694,0.83160001039505
YDR072C,YPL088W,0,-7.3307977,0.1035783588886261,0.9610000252723694,0.8317000269889832
YGL106W,YBR028C,0,-7.330851,0.1035671979188919,0.9610000252723694,0.8317999839782715
YLR284C,YBR181C,0,-7.3310266,0.10355603694915771,0.9610000252723694,0.8319000005722046
YOL151W,YLR285W,0,-7.331495,0.10354487597942352,0.9610000252723694,0.8320000171661377
YPR033C,YIL007C,0,-7.331899,0.10353372246026993,0.9610000252723694,0.832099974155426
YLL051C,YHR160C,0,-7.33225,0.10352256894111633,0.9610000252723694,0.8321999907493591
YOR351C,YJL104W,0,-7.3323054,0.10351141542196274,0.9610000252723694,0.8323000073432922
YCR105W,YDR395W,0,-7.332607,0.10350026935338974,0.9610000252723694,0.8324000239372253
YDR123C,YMR091C,0,-7.3326383,0.10348912328481674,0.9610000252723694,0.8324999809265137
YER002W,YLL054C,0,-7.3327165,0.10347797721624374,0.9610000252723694,0.8325999975204468
YGR175C,YBR296C,0,-7.3327947,0.10346683859825134,0.9610000252723694,0.8327000141143799
YMR292W,YOL010W,0,-7.3329997,0.10345569998025894,0.9610000252723694,0.8327999711036682
YBR267W,YER104W,0,-7.3330026,0.10344456136226654,0.9610000252723694,0.8328999876976013
YOR036W,YGL185C,0,-7.3330092,0.10343343019485474,0.9610000252723694,0.8330000042915344
YNL201C,YDR065W,0,-7.333083,0.10342229902744293,0.9610000252723694,0.8331000208854675
YNL061W,YEL058W,0,-7.333874,0.10341116786003113,0.9610000252723694,0.8331999778747559
YFR019W,YKL209C,0,-7.334808,0.10340004414319992,0.9610000252723694,0.833299994468689
YNL006W,YBR152W,0,-7.3352246,0.10338892042636871,0.9610000252723694,0.8334000110626221
YOR316C,YCR024C-A,0,-7.3355947,0.1033777967095375,0.9610000252723694,0.8335000276565552
YNL172W,YIL037C,0,-7.3358674,0.1033666804432869,0.9610000252723694,0.8335999846458435
YLR153C,YIR010W,0,-7.335983,0.10335555672645569,0.9610000252723694,0.8337000012397766
YPL275W,YBR227C,0,-7.336046,0.10334444791078568,0.9610000252723694,0.8338000178337097
YOR119C,YNL300W,0,-7.3361864,0.10333333164453506,0.9610000252723694,0.833899974822998
YJL030W,YOR096W,0,-7.336644,0.10332222282886505,0.9610000252723694,0.8339999914169312
YOL026C,YNL217W,0,-7.3372464,0.10331111401319504,0.9610000252723694,0.8341000080108643
YJL208C,YPR054W,0,-7.337372,0.10330001264810562,0.9610000252723694,0.8342000246047974
YHR160C,YLL021W,0,-7.337506,0.1032889112830162,0.9610000252723694,0.8342999815940857
YLR260W,YCL063W,0,-7.3376136,0.10327780991792679,0.9610000252723694,0.8343999981880188
YEL046C,YDR156W,0,-7.3376145,0.10326670855283737,0.9610000252723694,0.8345000147819519
YKL064W,YKR057W,0,-7.3376164,0.10325561463832855,0.9610000252723694,0.8345999717712402
YER144C,YCR045C,0,-7.337737,0.10324452072381973,0.9610000252723694,0.8346999883651733
YPL218W,YDR285W,0,-7.33789,0.10323342680931091,0.9610000252723694,0.8348000049591064
YIL128W,YPR121W,0,-7.3385715,0.10322234034538269,0.9610000252723694,0.8349000215530396
YNL001W,YDR122W,0,-7.338653,0.10321125388145447,0.9610000252723694,0.8349999785423279
YAL048C,YHR167W,0,-7.338941,0.10320017486810684,0.9610000252723694,0.835099995136261
YOR145C,YJL108C,0,-7.3394527,0.10318908840417862,0.9610000252723694,0.8352000117301941
YLR008C,YER116C,0,-7.339606,0.103178009390831,0.9610000252723694,0.8353000283241272
YLR286C,YEL053C,0,-7.3398037,0.10316693782806396,0.9610000252723694,0.8353999853134155
YKL092C,YOL104C,0,-7.3402085,0.10315585881471634,0.9610000252723694,0.8355000019073486
YDR489W,YOR019W,0,-7.340327,0.10314478725194931,0.9610000252723694,0.8356000185012817
YLR248W,YLR336C,0,-7.340544,0.10313372313976288,0.9610000252723694,0.8356999754905701
YIR034C,YGR229C,0,-7.340844,0.10312265157699585,0.9610000252723694,0.8357999920845032
YBR083W,YIR014W,0,-7.341327,0.10311158746480942,0.9610000252723694,0.8359000086784363
YIL041W,YNR004W,0,-7.3417583,0.10310052335262299,0.9610000252723694,0.8360000252723694
YJL091C,YHL022C,0,-7.341887,0.10308946669101715,0.9610000252723694,0.8360999822616577
YOR222W,YJR094W-A,0,-7.3420615,0.10307841002941132,0.9610000252723694,0.8361999988555908
YJL051W,YLR066W,0,-7.34247,0.10306735336780548,0.9610000252723694,0.8363000154495239
YOR119C,YOR295W,0,-7.3431334,0.10305629670619965,0.9610000252723694,0.8363999724388123
YFR030W,YGR203W,0,-7.343218,0.10304524749517441,0.9610000252723694,0.8364999890327454
YGL143C,YKL099C,0,-7.3432813,0.10303419828414917,0.9610000252723694,0.8366000056266785
YKL006W,YKL175W,0,-7.3434024,0.10302315652370453,0.9610000252723694,0.8367000222206116
YNR050C,YDR457W,0,-7.3435307,0.10301211476325989,0.9610000252723694,0.8367999792098999
YDR383C,YLR185W,0,-7.344066,0.10300107300281525,0.9610000252723694,0.836899995803833
YLR237W,YIL039W,0,-7.345028,0.1029900312423706,0.9610000252723694,0.8370000123977661
YDR529C,YGL123W,0,-7.345708,0.10297899693250656,0.9610000252723694,0.8371000289916992
YPR166C,YKL014C,0,-7.345913,0.10296796262264252,0.9610000252723694,0.8371999859809875
YER174C,YER160C,0,-7.346375,0.10295692831277847,0.9610000252723694,0.8373000025749207
YFL029C,YPL150W,0,-7.3470283,0.10294590145349503,0.9610000252723694,0.8374000191688538
YNL148C,YPR187W,0,-7.347424,0.10293487459421158,0.9610000252723694,0.8374999761581421
YDR153C,YPL012W,0,-7.3489685,0.10292384773492813,0.9610000252723694,0.8375999927520752
YML019W,YOR369C,0,-7.3492312,0.10291282832622528,0.9610000252723694,0.8377000093460083
YOR293W,YML045W,0,-7.3496585,0.10290180891752243,0.9610000252723694,0.8378000259399414
YML022W,YBR181C,0,-7.350115,0.10289078950881958,0.9610000252723694,0.8378999829292297
YML043C,YML088W,0,-7.3505664,0.10287977755069733,0.9610000252723694,0.8379999995231628
YDR171W,YPR166C,0,-7.3511333,0.10286876559257507,0.9610000252723694,0.838100016117096
YPR155C,YNL302C,0,-7.351754,0.10285775363445282,0.9610000252723694,0.8381999731063843
YBL105C,YGR251W,0,-7.3524146,0.10284674912691116,0.9610000252723694,0.8382999897003174
YLR129W,YOR017W,0,-7.3524766,0.1028357446193695,0.9610000252723694,0.8384000062942505
YJL177W,YNL044W,0,-7.352706,0.10282474011182785,0.9610000252723694,0.8385000228881836
YPL131W,YJL141C,0,-7.352818,0.1028137356042862,0.9610000252723694,0.8385999798774719
YMR049C,YDL035C,0,-7.3529315,0.10280273854732513,0.9610000252723694,0.838699996471405
YBR278W,YHL017W,0,-7.3530993,0.10279174149036407,0.9610000252723694,0.8388000130653381
YER023W,YLL028W,0,-7.354139,0.10278075188398361,0.9610000252723694,0.8389000296592712
YLR189C,YOL142W,0,-7.3543887,0.10276975482702255,0.9610000252723694,0.8389999866485596
YHR018C,YDR213W,0,-7.35457,0.10275876522064209,0.9610000252723694,0.8391000032424927
YOR010C,YML040W,0,-7.3546543,0.10274778306484222,0.9610000252723694,0.8392000198364258
YAL053W,YOR167C,0,-7.354835,0.10273679345846176,0.9610000252723694,0.8392999768257141
YBR208C,YGR292W,0,-7.354898,0.10272581875324249,0.9610000252723694,0.8393999934196472
YBR244W,YBR298C,0,-7.355107,0.10271483659744263,0.9610000252723694,0.8395000100135803
YDR524C,YMR125W,0,-7.355123,0.10270385444164276,0.9610000252723694,0.8396000266075134
YJR140C,YBR162C,0,-7.355676,0.10269287973642349,0.9610000252723694,0.8396999835968018
YDR430C,YBR195C,0,-7.3561897,0.10268191248178482,0.9610000252723694,0.8398000001907349
YIR005W,YLR187W,0,-7.356316,0.10267093777656555,0.9610000252723694,0.839900016784668
YLR308W,YGL150C,0,-7.3564076,0.10265997052192688,0.9610000252723694,0.8399999737739563
YNL248C,YHR113W,0,-7.3573594,0.10264900326728821,0.9610000252723694,0.8400999903678894
YLR369W,YPL009C,0,-7.358113,0.10263804346323013,0.9610000252723694,0.8402000069618225
YDL226C,YPL167C,0,-7.3582544,0.10262708365917206,0.9610000252723694,0.8403000235557556
YDL088C,YLR276C,0,-7.358514,0.10261612385511398,0.9610000252723694,0.840399980545044
YPL012W,YOL102C,0,-7.358993,0.10260516405105591,0.9610000252723694,0.840499997138977
YNR075W,YOR089C,1,-7.3593698,0.10270097106695175,0.9620000123977661,0.840499997138977
YER091C,YGR059W,0,-7.3594966,0.10269001126289368,0.9620000123977661,0.8406000137329102
YMR014W,YBR273C,0,-7.3597946,0.1026790514588356,0.9620000123977661,0.8406999707221985
YGL029W,YGL045W,0,-7.3602057,0.10266809165477753,0.9620000123977661,0.8407999873161316
YHR108W,YPR132W,0,-7.3606496,0.10265713185071945,0.9620000123977661,0.8409000039100647
YDL022W,YNL053W,0,-7.360795,0.10264617949724197,0.9620000123977661,0.8410000205039978
YJR097W,YIL076W,0,-7.3609643,0.1026352271437645,0.9620000123977661,0.8410999774932861
YJL033W,YPR189W,0,-7.360983,0.10262428224086761,0.9620000123977661,0.8411999940872192
YNL101W,YGR103W,0,-7.361075,0.10261332988739014,0.9620000123977661,0.8413000106811523
YHR174W,YGR245C,0,-7.3615956,0.10260239243507385,0.9620000123977661,0.8414000272750854
YLL004W,YHR160C,0,-7.3622994,0.10259144753217697,0.9620000123977661,0.8414999842643738
YJL194W,YLR320W,0,-7.362384,0.10258051007986069,0.9620000123977661,0.8416000008583069
YGR112W,YNL045W,0,-7.36274,0.1025695726275444,0.9620000123977661,0.84170001745224
YGR001C,YBL027W,0,-7.362823,0.10255863517522812,0.9620000123977661,0.8417999744415283
YMR175W,YFL058W,0,-7.363187,0.10254770517349243,0.9620000123977661,0.8418999910354614
YGR254W,YIL112W,0,-7.3635454,0.10253677517175674,0.9620000123977661,0.8420000076293945
YGR186W,YJR015W,0,-7.364263,0.10252584517002106,0.9620000123977661,0.8421000242233276
YKR095W-A,YNL302C,0,-7.3645225,0.10251492261886597,0.9620000123977661,0.842199981212616
YFR019W,YBR267W,0,-7.364804,0.10250399261713028,0.9620000123977661,0.8422999978065491
YLR448W,YKR059W,0,-7.3649025,0.10249307751655579,0.9620000123977661,0.8424000144004822
YIL018W,YJL138C,0,-7.3658404,0.1024821549654007,0.9620000123977661,0.8424999713897705
YOR217W,YEL077C,0,-7.3677225,0.1024712398648262,0.9620000123977661,0.8425999879837036
YGR262C,YNL299W,0,-7.3677487,0.10246032476425171,0.9620000123977661,0.8427000045776367
YPR168W,YHR065C,0,-7.367763,0.10244941711425781,0.9620000123977661,0.8428000211715698
YIL139C,YGR094W,0,-7.3680396,0.10243850201368332,0.9620000123977661,0.8428999781608582
YMR150C,YJL168C,0,-7.3682065,0.10242759436368942,0.9620000123977661,0.8429999947547913
YPL192C,YPL009C,0,-7.3683624,0.10241669416427612,0.9620000123977661,0.8431000113487244
YER055C,YLR382C,0,-7.368386,0.10240579396486282,0.9620000123977661,0.8432000279426575
YML058W-A,YDR113C,0,-7.368423,0.10239489376544952,0.9620000123977661,0.8432999849319458
YDL005C,YJL109C,0,-7.3685975,0.10238399356603622,0.9620000123977661,0.8434000015258789
YGL256W,YLR382C,0,-7.368747,0.10237310081720352,0.9620000123977661,0.843500018119812
YDR134C,YPL144W,0,-7.3696256,0.10236220806837082,0.9620000123977661,0.8435999751091003
YGL032C,YER069W,0,-7.370114,0.10235131531953812,0.9620000123977661,0.8436999917030334
YGL116W,YKR059W,0,-7.3710685,0.10234042257070541,0.9620000123977661,0.8438000082969666
YJR090C,YOR167C,0,-7.3722873,0.10232953727245331,0.9620000123977661,0.8439000248908997
YOL012C,YPL130W,0,-7.372347,0.1023186519742012,0.9620000123977661,0.843999981880188
YNR016C,YNL107W,0,-7.3728204,0.1023077741265297,0.9620000123977661,0.8440999984741211
YPR017C,YIL064W,0,-7.374282,0.10229689627885818,0.9620000123977661,0.8442000150680542
YJL200C,YER147C,0,-7.374828,0.10228601843118668,0.9620000123977661,0.8442999720573425
YDR534C,YKR072C,0,-7.374928,0.10227514058351517,0.9620000123977661,0.8443999886512756
YDR302W,YOR295W,0,-7.375214,0.10226427018642426,0.9620000123977661,0.8445000052452087
YBR181C,YER024W,0,-7.3767734,0.10225339978933334,0.9620000123977661,0.8446000218391418
YFL011W,YPL066W,0,-7.3768916,0.10224253684282303,0.9620000123977661,0.8446999788284302
YLR429W,YJR015W,0,-7.377544,0.10223166644573212,0.9620000123977661,0.8447999954223633
YNL199C,YLL014W,0,-7.3780756,0.1022208034992218,0.9620000123977661,0.8449000120162964
YOR063W,YML034W,0,-7.3781257,0.10220994800329208,0.9620000123977661,0.8450000286102295
YIL137C,YBR108W,0,-7.378127,0.10219908505678177,0.9620000123977661,0.8450999855995178
YLR441C,YIR018W,0,-7.3781962,0.10218822956085205,0.9620000123977661,0.8452000021934509
YGL234W,YGR125W,0,-7.3785243,0.10217737406492233,0.9620000123977661,0.845300018787384
YGL021W,YBR050C,0,-7.3789544,0.10216652601957321,0.9620000123977661,0.8453999757766724
YPL078C,YHR094C,0,-7.3791084,0.10215567797422409,0.9620000123977661,0.8454999923706055
YGL009C,YHR031C,0,-7.3791523,0.10214482992887497,0.9620000123977661,0.8456000089645386
YNL299W,YDL211C,0,-7.379617,0.10213398188352585,0.9620000123977661,0.8457000255584717
YJR105W,YML029W,0,-7.379726,0.10212314128875732,0.9620000123977661,0.84579998254776
YDR361C,YBL004W,0,-7.3799825,0.1021123006939888,0.9620000123977661,0.8458999991416931
YDR446W,YKR095W,0,-7.380105,0.10210146754980087,0.9620000123977661,0.8460000157356262
YGR224W,YNL292W,0,-7.3806405,0.10209062695503235,0.9620000123977661,0.8460999727249146
YPL133C,YNL247W,0,-7.380711,0.10207979381084442,0.9620000123977661,0.8461999893188477
YPL122C,YML045W,0,-7.3812428,0.10206896811723709,0.9620000123977661,0.8463000059127808
YIL079C,YDR404C,0,-7.382364,0.10205813497304916,0.9620000123977661,0.8464000225067139
YPL181W,YML058W-A,0,-7.3825936,0.10204730927944183,0.9620000123977661,0.8464999794960022
YNL307C,YOR246C,0,-7.382998,0.1020364835858345,0.9620000123977661,0.8465999960899353
YOR327C,YPL032C,1,-7.3830123,0.10213172435760498,0.9629999995231628,0.8465999960899353
YER011W,YCR045C,0,-7.3831077,0.10212089121341705,0.9629999995231628,0.8467000126838684
YBL068W,YNR073C,0,-7.383579,0.10211006551980972,0.9629999995231628,0.8468000292778015
YGL156W,YGR254W,0,-7.3838253,0.10209923982620239,0.9629999995231628,0.8468999862670898
YNL020C,YML052W,1,-7.384303,0.1021944209933281,0.9639999866485596,0.8468999862670898
YNL314W,YCR020W-B,0,-7.385443,0.10218358784914017,0.9639999866485596,0.847000002861023
YDR429C,YCR045C,0,-7.385754,0.10217276215553284,0.9639999866485596,0.847100019454956
YDR402C,YBR082C,0,-7.385959,0.1021619364619255,0.9639999866485596,0.8471999764442444
YOR153W,YCR045C,0,-7.386281,0.10215111076831818,0.9639999866485596,0.8472999930381775
YER109C,YGL064C,0,-7.386375,0.10214028507471085,0.9639999866485596,0.8474000096321106
YHR023W,YCL005W-A,0,-7.386618,0.10212945938110352,0.9639999866485596,0.8475000262260437
YOL123W,YDR348C,0,-7.386749,0.10211864113807678,0.9639999866485596,0.847599983215332
YIL072W,YMR268C,0,-7.386899,0.10210783034563065,0.9639999866485596,0.8476999998092651
YIL118W,YOL117W,0,-7.387049,0.10209701210260391,0.9639999866485596,0.8478000164031982
YDR127W,YLR224W,0,-7.387157,0.10208620131015778,0.9639999866485596,0.8478999733924866
YJL157C,YGL171W,0,-7.387345,0.10207539051771164,0.9639999866485596,0.8479999899864197
YIL114C,YJL114W,0,-7.3875866,0.1020645871758461,0.9639999866485596,0.8481000065803528
YDL105W,YNR046W,0,-7.3876414,0.10205377638339996,0.9639999866485596,0.8482000231742859
YGL016W,YOR322C,0,-7.3882957,0.10204297304153442,0.9639999866485596,0.8482999801635742
YLR210W,YGR213C,0,-7.388637,0.10203217715024948,0.9639999866485596,0.8483999967575073
YLR195C,YER160C,0,-7.3888125,0.10202138125896454,0.9639999866485596,0.8485000133514404
YGL169W,YLR277C,0,-7.389421,0.1020105853676796,0.9639999866485596,0.8485999703407288
YPR191W,YBR012W-A,0,-7.389561,0.10199978947639465,0.9639999866485596,0.8486999869346619
YML128C,YGR271C-A,0,-7.3898616,0.10198899358510971,0.9639999866485596,0.848800003528595
YPL058C,YDR447C,0,-7.389958,0.10197820514440536,0.9639999866485596,0.8489000201225281
YPL076W,YJL073W,0,-7.389995,0.10196742415428162,0.9639999866485596,0.8489999771118164
YIR021W,YPL207W,0,-7.3900313,0.10195663571357727,0.9639999866485596,0.8490999937057495
YNL318C,YJR066W,0,-7.39011,0.10194585472345352,0.9639999866485596,0.8492000102996826
YMR143W,YMR295C,0,-7.3902946,0.10193507373332977,0.9639999866485596,0.8493000268936157
YHR116W,YIL127C,0,-7.3902993,0.10192430019378662,0.9639999866485596,0.849399983882904
YFR036W,YLR059C,0,-7.3906446,0.10191351920366287,0.9639999866485596,0.8495000004768372
YCR043C,YPR004C,0,-7.3909454,0.10190274566411972,0.9639999866485596,0.8496000170707703
YBR295W,YCR020C,0,-7.3910203,0.10189197957515717,0.9639999866485596,0.8496999740600586
YIR013C,YLR417W,0,-7.3912053,0.10188120603561401,0.9639999866485596,0.8497999906539917
YDR516C,YFR030W,0,-7.391232,0.10187043994665146,0.9639999866485596,0.8499000072479248
YDR339C,YPR002W,0,-7.391723,0.1018596813082695,0.9639999866485596,0.8500000238418579
YER058W,YGL145W,0,-7.3918214,0.10184891521930695,0.9639999866485596,0.8500999808311462
YLR384C,YPR024W,0,-7.3921514,0.10183815658092499,0.9639999866485596,0.8501999974250793
YFR031C-A,YJR054W,0,-7.392285,0.10182739794254303,0.9639999866485596,0.8503000140190125
YGR289C,YIL083C,0,-7.3941545,0.10181664675474167,0.9639999866485596,0.8503999710083008
YNL275W,YCL063W,0,-7.3943534,0.10180589556694031,0.9639999866485596,0.8504999876022339
YLR037C,YIL069C,0,-7.394604,0.10179514437913895,0.9639999866485596,0.850600004196167
YLR397C,YCL064C,0,-7.394791,0.10178439319133759,0.9639999866485596,0.8507000207901001
YJL184W,YGL055W,0,-7.394797,0.10177364945411682,0.9639999866485596,0.8507999777793884
YNL175C,YBR168W,0,-7.3948846,0.10176290571689606,0.9639999866485596,0.8508999943733215
YFR055W,YOR208W,0,-7.3955593,0.10175216197967529,0.9639999866485596,0.8510000109672546
YDL192W,YHR011W,0,-7.395795,0.10174142569303513,0.9639999866485596,0.8511000275611877
YFL039C,YJL204C,1,-7.396047,0.10183621942996979,0.9649999737739563,0.8511000275611877
YOR112W,YER091C,0,-7.396239,0.10182547569274902,0.9649999737739563,0.8511999845504761
YKL117W,YMR272C,0,-7.396263,0.10181473195552826,0.9649999737739563,0.8513000011444092
YIR006C,YNL093W,1,-7.398151,0.10190948098897934,0.9660000205039978,0.8513000011444092
YNL127W,YNR053C,0,-7.3985,0.10189873725175858,0.9660000205039978,0.8514000177383423
YNL275W,YJL051W,0,-7.3987565,0.10188798606395721,0.9660000205039978,0.8514999747276306
YLL061W,YGR089W,0,-7.3988323,0.10187724232673645,0.9660000205039978,0.8515999913215637
YOR274W,YPL212C,0,-7.3988657,0.10186649858951569,0.9660000205039978,0.8517000079154968
YDR046C,YDL109C,0,-7.399074,0.10185575485229492,0.9660000205039978,0.8518000245094299
YOR198C,YGL240W,0,-7.399636,0.10184501856565475,0.9660000205039978,0.8518999814987183
YNR075W,YNL093W,1,-7.399788,0.10193970054388046,0.9670000076293945,0.8518999814987183
YER088C,YGR091W,0,-7.399881,0.1019289568066597,0.9670000076293945,0.8519999980926514
YLR167W,YNR073C,0,-7.4002233,0.10191821306943893,0.9670000076293945,0.8521000146865845
YMR179W,YOR047C,0,-7.401486,0.10190746933221817,0.9670000076293945,0.8521999716758728
YLR133W,YJR132W,0,-7.4021735,0.101896733045578,0.9670000076293945,0.8522999882698059
YLR110C,YDR389W,0,-7.402859,0.10188599675893784,0.9670000076293945,0.852400004863739
YIR041W,YHL050C,0,-7.402897,0.10187526047229767,0.9670000076293945,0.8525000214576721
YNR041C,YBR283C,0,-7.4031415,0.1018645316362381,0.9670000076293945,0.8525999784469604
YGR296W,YHL017W,0,-7.40321,0.10185380280017853,0.9670000076293945,0.8526999950408936
YJL103C,YBR250W,0,-7.4034348,0.10184307396411896,0.9670000076293945,0.8528000116348267
YLR110C,YBR175W,0,-7.4042363,0.10183235257863998,0.9670000076293945,0.8529000282287598
YLR075W,YGL162W,0,-7.4045334,0.10182163119316101,0.9670000076293945,0.8529999852180481
YAL040C,YLR367W,0,-7.4045873,0.10181090980768204,0.9670000076293945,0.8531000018119812
YDL075W,YDR074W,0,-7.404637,0.10180018842220306,0.9670000076293945,0.8532000184059143
YDR198C,YOR254C,0,-7.40519,0.10178947448730469,0.9670000076293945,0.8532999753952026
YLL008W,YMR272C,0,-7.4056883,0.10177876055240631,0.9670000076293945,0.8533999919891357
YOR094W,YGL076C,0,-7.4058776,0.10176804661750793,0.9670000076293945,0.8535000085830688
YPL131W,YIL158W,0,-7.4065423,0.10175734013319016,0.9670000076293945,0.853600025177002
YLR265C,YHR045W,0,-7.406821,0.10174663364887238,0.9670000076293945,0.8536999821662903
YML107C,YIL172C,0,-7.407603,0.1017359271645546,0.9670000076293945,0.8537999987602234
YFL045C,YHR138C,0,-7.407631,0.10172522813081741,0.9670000076293945,0.8539000153541565
YOR237W,YDR129C,1,-7.4077134,0.101819708943367,0.9679999947547913,0.8539000153541565
YNL085W,YMR045C,0,-7.4092507,0.10180900245904922,0.9679999947547913,0.8539999723434448
YFL010W-A,YMR239C,0,-7.410033,0.10179829597473145,0.9679999947547913,0.8540999889373779
YMR014W,YML024W,0,-7.4111333,0.10178758949041367,0.9679999947547913,0.854200005531311
YDL107W,YKL088W,0,-7.411197,0.10177689045667648,0.9679999947547913,0.8543000221252441
YJR002W,YKL212W,0,-7.411657,0.1017661914229393,0.9679999947547913,0.8543999791145325
YER172C,YOL156W,0,-7.412165,0.10175549238920212,0.9679999947547913,0.8544999957084656
YBR158W,YOR313C,0,-7.4124203,0.10174480080604553,0.9679999947547913,0.8546000123023987
YOR312C,YPL012W,0,-7.413135,0.10173410177230835,0.9679999947547913,0.8547000288963318
YPL079W,YPL206C,0,-7.4136376,0.10172341018915176,0.9679999947547913,0.8547999858856201
YPL220W,YDL124W,0,-7.4141426,0.10171272605657578,0.9679999947547913,0.8549000024795532
YLR223C,YOR242C,0,-7.4143934,0.10170204192399979,0.9679999947547913,0.8550000190734863
YBR061C,YBR012W-A,0,-7.414888,0.1016913577914238,0.9679999947547913,0.8550999760627747
YDR075W,YJR015W,0,-7.415037,0.10168067365884781,0.9679999947547913,0.8551999926567078
YHR059W,YKL101W,0,-7.415589,0.10166998952627182,0.9679999947547913,0.8553000092506409
YIL069C,YBR231C,0,-7.415638,0.10165931284427643,0.9679999947547913,0.855400025844574
YAL024C,YLR287C-A,0,-7.415948,0.10164864361286163,0.9679999947547913,0.8554999828338623
YLR081W,YBR162C,0,-7.4160113,0.10163796693086624,0.9679999947547913,0.8555999994277954
YOR349W,YPL127C,0,-7.416186,0.10162729769945145,0.9679999947547913,0.8557000160217285
YOR103C,YJL191W,0,-7.4163475,0.10161662846803665,0.9679999947547913,0.8557999730110168
YGR108W,YMR160W,0,-7.4165063,0.10160595923662186,0.9679999947547913,0.85589998960495
YMR309C,YOR362C,0,-7.41689,0.10159529745578766,0.9679999947547913,0.8560000061988831
YER069W,YLR174W,0,-7.4170623,0.10158463567495346,0.9679999947547913,0.8561000227928162
YLR270W,YOR242C,0,-7.4176354,0.10157397389411926,0.9679999947547913,0.8561999797821045
YFL055W,YLR160C,0,-7.417672,0.10156331956386566,0.9679999947547913,0.8562999963760376
YMR237W,YJR070C,0,-7.418122,0.10155266523361206,0.9679999947547913,0.8564000129699707
YIL021W,YHR069C,0,-7.4186525,0.10154201090335846,0.9679999947547913,0.8565000295639038
YIL030C,YDR119W,0,-7.4192896,0.10153136402368546,0.9679999947547913,0.8565999865531921
YBR273C,YOL097C,0,-7.419598,0.10152070969343185,0.9679999947547913,0.8567000031471252
YDR265W,YOR272W,0,-7.419701,0.10151007026433945,0.9679999947547913,0.8568000197410583
YDR106W,YDL092W,0,-7.419746,0.10149942338466644,0.9679999947547913,0.8568999767303467
YCL026C-A,YMR008C,0,-7.4198217,0.10148878395557404,0.9679999947547913,0.8569999933242798
YJL212C,YGL233W,0,-7.420155,0.10147814452648163,0.9679999947547913,0.8571000099182129
YML008C,YMR221C,0,-7.420203,0.10146750509738922,0.9679999947547913,0.857200026512146
YJR138W,YLR001C,0,-7.420964,0.10145687311887741,0.9679999947547913,0.8572999835014343
YNL002C,YMR079W,0,-7.421524,0.1014462411403656,0.9679999947547913,0.8574000000953674
YJL177W,YPL129W,0,-7.421828,0.10143560916185379,0.9679999947547913,0.8575000166893005
YGL105W,YDL083C,0,-7.422304,0.10142497718334198,0.9679999947547913,0.8575999736785889
YDR043C,YLR183C,0,-7.4228134,0.10141435265541077,0.9679999947547913,0.857699990272522
YDR524C,YGR251W,0,-7.4228296,0.10140372812747955,0.9679999947547913,0.8578000068664551
YLL011W,YER111C,0,-7.422878,0.10139311105012894,0.9679999947547913,0.8579000234603882
YHL001W,YPL020C,0,-7.423062,0.10138248652219772,0.9679999947547913,0.8579999804496765
YNR003C,YML106W,0,-7.423228,0.1013718694448471,0.9679999947547913,0.8580999970436096
YDR214W,YJR150C,0,-7.423609,0.10136125981807709,0.9679999947547913,0.8582000136375427
YDR454C,YLR254C,0,-7.4243693,0.10135064274072647,0.9679999947547913,0.858299970626831
YFL003C,YER074W,0,-7.424421,0.10134003311395645,0.9679999947547913,0.8583999872207642
YDR317W,YPL020C,0,-7.4248953,0.10132942348718643,0.9679999947547913,0.8585000038146973
YDR437W,YDL130W-A,0,-7.424949,0.10131882131099701,0.9679999947547913,0.8586000204086304
YDL079C,YGL103W,0,-7.42507,0.10130821913480759,0.9679999947547913,0.8586999773979187
YJL184W,YOR386W,0,-7.4251347,0.10129761695861816,0.9679999947547913,0.8587999939918518
YLR383W,YOL128C,0,-7.4256387,0.10128701478242874,0.9679999947547913,0.8589000105857849
YKL185W,YJL108C,0,-7.425721,0.10127642005681992,0.9679999947547913,0.859000027179718
YOR160W,YLR042C,0,-7.4266896,0.10126582533121109,0.9679999947547913,0.8590999841690063
YML085C,YIL064W,0,-7.4274516,0.10125523060560226,0.9679999947547913,0.8592000007629395
YEL001C,YNR046W,0,-7.427697,0.10124464333057404,0.9679999947547913,0.8593000173568726
YIL121W,YEL004W,0,-7.4278135,0.10123404860496521,0.9679999947547913,0.8593999743461609
YFR013W,YGR103W,0,-7.428019,0.10122346878051758,0.9679999947547913,0.859499990940094
YLR139C,YLR120C,0,-7.428249,0.10121288150548935,0.9679999947547913,0.8596000075340271
YJR007W,YCL074W,0,-7.429935,0.10120230168104172,0.9679999947547913,0.8597000241279602
YDL130W,YER160C,0,-7.4300475,0.10119172185659409,0.9679999947547913,0.8597999811172485
YJL081C,YJL191W,0,-7.430151,0.10118114203214645,0.9679999947547913,0.8598999977111816
YMR143W,YLR200W,0,-7.4302726,0.10117056965827942,0.9679999947547913,0.8600000143051147
YML025C,YLR224W,0,-7.4302745,0.10115999728441238,0.9679999947547913,0.8600999712944031
YKL192C,YOL132W,0,-7.4305024,0.10114942491054535,0.9679999947547913,0.8601999878883362
YLR014C,YOR086C,0,-7.4308186,0.10113885998725891,0.9679999947547913,0.8603000044822693
YPL192C,YPL183W-A,0,-7.4311666,0.10112828761339188,0.9679999947547913,0.8604000210762024
YNL068C,YOR384W,0,-7.4319077,0.10111773014068604,0.9679999947547913,0.8604999780654907
YGR040W,YGL076C,0,-7.4328437,0.1011071652173996,0.9679999947547913,0.8605999946594238
YIL066C,YBL061C,0,-7.4328895,0.10109660774469376,0.9679999947547913,0.8607000112533569
YBL009W,YAR008W,0,-7.432911,0.10108605027198792,0.9679999947547913,0.86080002784729
YCR039C,YPL130W,0,-7.4335203,0.10107549279928207,0.9679999947547913,0.8608999848365784
YPL220W,YIL061C,0,-7.433598,0.10106494277715683,0.9679999947547913,0.8610000014305115
YCR068W,YDR367W,0,-7.4338937,0.10105439275503159,0.9679999947547913,0.8611000180244446
YGL163C,YDR495C,0,-7.434135,0.10104384273290634,0.9679999947547913,0.8611999750137329
YKL078W,YML063W,0,-7.434185,0.1010332927107811,0.9679999947547913,0.861299991607666
YDR148C,YCR073C,0,-7.4341893,0.10102275013923645,0.9679999947547913,0.8614000082015991
YAL015C,YDR495C,0,-7.4346685,0.1010122075676918,0.9679999947547913,0.8615000247955322
YCL026C-A,YOR246C,0,-7.4347153,0.10100167244672775,0.9679999947547913,0.8615999817848206
YER036C,YBR073W,0,-7.434858,0.1009911298751831,0.9679999947547913,0.8616999983787537
YPR047W,YIR018W,0,-7.4350996,0.10098059475421906,0.9679999947547913,0.8618000149726868
YDR238C,YML082W,0,-7.435249,0.1009700670838356,0.9679999947547913,0.8618999719619751
YMR268C,YDL112W,0,-7.4358287,0.10095953196287155,0.9679999947547913,0.8619999885559082
YMR238W,YJL208C,0,-7.4360585,0.1009490042924881,0.9679999947547913,0.8621000051498413
YOR301W,YER160C,0,-7.4365425,0.10093847662210464,0.9679999947547913,0.8622000217437744
YJL122W,YNL332W,0,-7.436659,0.10092795640230179,0.9679999947547913,0.8622999787330627
YER172C,YOR351C,0,-7.437125,0.10091742873191833,0.9679999947547913,0.8623999953269958
YCR071C,YLR448W,0,-7.437481,0.10090690851211548,0.9679999947547913,0.862500011920929
YIL035C,YLR426W,0,-7.437493,0.10089639574289322,0.9679999947547913,0.8626000285148621
YBR301W,YGL012W,0,-7.4375763,0.10088587552309036,0.9679999947547913,0.8626999855041504
YBR107C,YGR162W,0,-7.4379377,0.1008753627538681,0.9679999947547913,0.8628000020980835
YNL292W,YJL118W,0,-7.4382977,0.10086484998464584,0.9679999947547913,0.8629000186920166
YDR130C,YLR372W,0,-7.4383163,0.10085434466600418,0.9679999947547913,0.8629999756813049
YMR001C,YDR446W,0,-7.438603,0.10084383934736252,0.9679999947547913,0.863099992275238
YDR378C,YBL113C,0,-7.439015,0.10083333402872086,0.9679999947547913,0.8632000088691711
YJR002W,YMR104C,0,-7.439161,0.1008228287100792,0.9679999947547913,0.8633000254631042
YLR175W,YJR068W,0,-7.439547,0.10081233084201813,0.9679999947547913,0.8633999824523926
YBR159W,YHR042W,0,-7.43977,0.10080183297395706,0.9679999947547913,0.8634999990463257
YJL045W,YPL009C,0,-7.4404387,0.100791335105896,0.9679999947547913,0.8636000156402588
YBR107C,YDL148C,0,-7.4405284,0.10078084468841553,0.9679999947547913,0.8636999726295471
YOR237W,YNL297C,1,-7.4409432,0.10087445378303528,0.968999981880188,0.8636999726295471
YBL005W,YBR181C,0,-7.4418874,0.10086395591497421,0.968999981880188,0.8637999892234802
YNL328C,YHR117W,0,-7.4424834,0.10085345804691315,0.968999981880188,0.8639000058174133
YJL133W,YIL177C,0,-7.442771,0.10084296017885208,0.968999981880188,0.8640000224113464
YML014W,YPL009C,0,-7.442916,0.10083246976137161,0.968999981880188,0.8640999794006348
YCR040W,YBL023C,0,-7.44296,0.10082197189331055,0.968999981880188,0.8641999959945679
YDR226W,YIL167W,0,-7.4431376,0.10081148892641068,0.968999981880188,0.864300012588501
YPL267W,YLR263W,0,-7.4433084,0.1008009985089302,0.968999981880188,0.8644000291824341
YPL096C-A,YLR010C,0,-7.443354,0.10079051554203033,0.968999981880188,0.8644999861717224
YER036C,YJL099W,0,-7.443491,0.10078003257513046,0.968999981880188,0.8646000027656555
YMR014W,YHL044W,0,-7.443561,0.10076954960823059,0.968999981880188,0.8647000193595886
YDL166C,YLL034C,0,-7.443647,0.10075907409191132,0.968999981880188,0.864799976348877
YKR009C,YGR249W,0,-7.444286,0.10074859857559204,0.968999981880188,0.8648999929428101
YML104C,YBR105C,0,-7.4445705,0.10073812305927277,0.968999981880188,0.8650000095367432
YHR096C,YEL065W,0,-7.4446936,0.10072764754295349,0.968999981880188,0.8651000261306763
YGL183C,YHR039C,0,-7.4447527,0.10071717947721481,0.968999981880188,0.8651999831199646
YDR429C,YBR097W,0,-7.444836,0.10070671141147614,0.968999981880188,0.8652999997138977
YDR464W,YDR131C,0,-7.444999,0.10069625079631805,0.968999981880188,0.8654000163078308
YMR227C,YOL125W,0,-7.445221,0.10068578273057938,0.968999981880188,0.8654999732971191
YDL083C,YPR107C,0,-7.4454246,0.1006753221154213,0.968999981880188,0.8655999898910522
YLR333C,YPL020C,0,-7.4457397,0.10066486895084381,0.968999981880188,0.8657000064849854
YDL160C,YLR333C,0,-7.4461503,0.10065440833568573,0.968999981880188,0.8658000230789185
YBR112C,YPL171C,0,-7.4462094,0.10064395517110825,0.968999981880188,0.8658999800682068
YLR266C,YOR242C,0,-7.4464254,0.10063350200653076,0.968999981880188,0.8659999966621399
YDL113C,YMR308C,0,-7.446766,0.10062305629253387,0.968999981880188,0.866100013256073
YLR210W,YBR031W,0,-7.4468045,0.10061260312795639,0.968999981880188,0.8661999702453613
YDL060W,YGR185C,0,-7.4470124,0.1006021574139595,0.968999981880188,0.8662999868392944
YGL089C,YGR251W,0,-7.4472823,0.10059171915054321,0.968999981880188,0.8664000034332275
YLR451W,YDR451C,0,-7.4473653,0.10058127343654633,0.968999981880188,0.8665000200271606
YDL214C,YKL006W,0,-7.4479766,0.10057083517313004,0.968999981880188,0.866599977016449
YER070W,YLR313C,0,-7.4483953,0.10056039690971375,0.968999981880188,0.8666999936103821
YBR298C,YBR171W,0,-7.449342,0.10054996609687805,0.968999981880188,0.8668000102043152
YGL012W,YBR016W,0,-7.4496746,0.10053952783346176,0.968999981880188,0.8669000267982483
YPL008W,YLR264W,0,-7.449772,0.10052909702062607,0.968999981880188,0.8669999837875366
YKR072C,YCR045C,0,-7.4500537,0.10051867365837097,0.968999981880188,0.8671000003814697
YLR377C,YDL005C,0,-7.450075,0.10050824284553528,0.968999981880188,0.8672000169754028
YGR041W,YBR237W,0,-7.4503665,0.10049781948328018,0.968999981880188,0.8672999739646912
YLR167W,YKR053C,0,-7.4505486,0.10048740357160568,0.968999981880188,0.8673999905586243
YAL038W,YHR105W,0,-7.4514046,0.10047698020935059,0.968999981880188,0.8675000071525574
YPL181W,YPL066W,0,-7.452687,0.10046656429767609,0.968999981880188,0.8676000237464905
YOR213C,YLR435W,0,-7.4533973,0.10045614838600159,0.968999981880188,0.8676999807357788
YJL158C,YBL052C,0,-7.4534035,0.10044573247432709,0.968999981880188,0.8677999973297119
YDR173C,YNL175C,0,-7.453468,0.10043532401323318,0.968999981880188,0.867900013923645
YPR026W,YGR091W,0,-7.4535623,0.10042491555213928,0.968999981880188,0.8679999709129333
YHR069C,YOR214C,0,-7.454802,0.10041450709104538,0.968999981880188,0.8680999875068665
YKL220C,YMR251W-A,0,-7.454807,0.10040410608053207,0.968999981880188,0.8682000041007996
YAL040C,YPL235W,0,-7.4549775,0.10039369761943817,0.968999981880188,0.8683000206947327
YBL009W,YOR224C,0,-7.455043,0.10038330405950546,0.968999981880188,0.868399977684021
YLR055C,YLR178C,0,-7.4550986,0.10037290304899216,0.968999981880188,0.8684999942779541
YLR222C,YHR113W,0,-7.4554043,0.10036250948905945,0.968999981880188,0.8686000108718872
YMR323W,YGL070C,0,-7.455717,0.10035211592912674,0.968999981880188,0.8687000274658203
YDR025W,YDR429C,0,-7.4559345,0.10034172236919403,0.968999981880188,0.8687999844551086
YOL088C,YHR070W,0,-7.4562845,0.10033132880926132,0.968999981880188,0.8689000010490417
YLR423C,YOR101W,0,-7.456541,0.10032094269990921,0.968999981880188,0.8690000176429749
YMR025W,YDR120C,0,-7.456775,0.1003105565905571,0.968999981880188,0.8690999746322632
YOR382W,YOR323C,0,-7.4574437,0.10030017793178558,0.968999981880188,0.8691999912261963
YGL130W,YDR399W,0,-7.458118,0.10028979182243347,0.968999981880188,0.8693000078201294
YBR257W,YLR264W,0,-7.4584217,0.10027941316366196,0.968999981880188,0.8694000244140625
YGL245W,YNL117W,0,-7.4585986,0.10026904195547104,0.968999981880188,0.8694999814033508
YLR172C,YNL222W,0,-7.4589806,0.10025866329669952,0.968999981880188,0.8695999979972839
YNL041C,YLR194C,0,-7.4592433,0.1002482920885086,0.968999981880188,0.869700014591217
YJR094W-A,YJR088C,0,-7.459605,0.10023792088031769,0.968999981880188,0.8697999715805054
YGL078C,YER183C,0,-7.459753,0.10022755712270737,0.968999981880188,0.8698999881744385
YBL103C,YML040W,0,-7.4598584,0.10021718591451645,0.968999981880188,0.8700000047683716
YGR103W,YDL043C,0,-7.460386,0.10020682215690613,0.968999981880188,0.8701000213623047
YFR047C,YDR021W,0,-7.4607143,0.1001964658498764,0.968999981880188,0.870199978351593
YDL029W,YLR345W,0,-7.461816,0.10018610209226608,0.968999981880188,0.8702999949455261
YJR143C,YDR541C,0,-7.4618354,0.10017574578523636,0.968999981880188,0.8704000115394592
YMR319C,YNL061W,0,-7.4619994,0.10016538947820663,0.968999981880188,0.8705000281333923
YAL059W,YDR011W,0,-7.46242,0.10015504062175751,0.968999981880188,0.8705999851226807
YIL098C,YAR071W,0,-7.4630594,0.10014468431472778,0.968999981880188,0.8707000017166138
YGR216C,YPL283C,0,-7.4631352,0.10013433545827866,0.968999981880188,0.8708000183105469
YMR006C,YKL216W,0,-7.464599,0.10012399405241013,0.968999981880188,0.8708999752998352
YLR154C,YHR070W,0,-7.4652705,0.100113645195961,0.968999981880188,0.8709999918937683
YOL002C,YBR172C,0,-7.4654207,0.10010330379009247,0.968999981880188,0.8711000084877014
YCL061C,YGR165W,0,-7.4654984,0.10009296238422394,0.968999981880188,0.8712000250816345
YPL008W,YPR110C,0,-7.466494,0.100082628428936,0.968999981880188,0.8712999820709229
YER127W,YJL063C,0,-7.46717,0.10007229447364807,0.968999981880188,0.871399998664856
YAR015W,YJL103C,0,-7.467356,0.10006196051836014,0.968999981880188,0.8715000152587891
YNL331C,YGL175C,0,-7.468287,0.1000516265630722,0.968999981880188,0.8715999722480774
YIL078W,YNL046W,0,-7.4687657,0.10004130005836487,0.968999981880188,0.8716999888420105
YER044C-A,YDR167W,0,-7.4692764,0.10003096610307693,0.968999981880188,0.8718000054359436
YNL328C,YJL004C,0,-7.469279,0.1000206470489502,0.968999981880188,0.8719000220298767
YDR351W,YLR372W,0,-7.4707017,0.10001032054424286,0.968999981880188,0.871999979019165
YNR053C,YLR020C,0,-7.4708543,0.10000000149011612,0.968999981880188,0.8720999956130981
YGL181W,YMR269W,0,-7.470909,0.09998968243598938,0.968999981880188,0.8722000122070312
YGL033W,YGR091W,0,-7.4710326,0.09997936338186264,0.968999981880188,0.8723000288009644
YKL173W,YPL234C,0,-7.4712143,0.0999690517783165,0.968999981880188,0.8723999857902527
YMR256C,YMR177W,0,-7.4712834,0.09995874017477036,0.968999981880188,0.8725000023841858
YDR083W,YGR266W,0,-7.471939,0.09994842857122421,0.968999981880188,0.8726000189781189
YJL001W,YLR344W,0,-7.4721875,0.09993811696767807,0.968999981880188,0.8726999759674072
YLL027W,YGR169C,0,-7.472767,0.09992781281471252,0.968999981880188,0.8727999925613403
YAR002W,YML026C,0,-7.4729,0.09991750866174698,0.968999981880188,0.8729000091552734
YHR197W,YOR086C,0,-7.473571,0.09990720450878143,0.968999981880188,0.8730000257492065
YPL050C,YIR018W,0,-7.4737687,0.09989690780639648,0.968999981880188,0.8730999827384949
YGR134W,YBR058C-A,0,-7.473892,0.09988661110401154,0.968999981880188,0.873199999332428
YGR292W,YKL040C,0,-7.4742393,0.09987631440162659,0.968999981880188,0.8733000159263611
YIL137C,YBL005W-A,0,-7.4744935,0.09986601769924164,0.968999981880188,0.8733999729156494
YJL003W,YJR063W,0,-7.475341,0.09985572844743729,0.968999981880188,0.8734999895095825
YDR533C,YFR031C-A,0,-7.475388,0.09984543919563293,0.968999981880188,0.8736000061035156
YHR104W,YPL130W,0,-7.4754577,0.09983514994382858,0.968999981880188,0.8737000226974487
YNL023C,YIL013C,0,-7.475476,0.09982486814260483,0.968999981880188,0.8737999796867371
YLR298C,YDR065W,0,-7.4757924,0.09981458634138107,0.968999981880188,0.8738999962806702
YAR018C,YGL059W,0,-7.475888,0.09980430454015732,0.968999981880188,0.8740000128746033
YOL084W,YLR164W,0,-7.4762473,0.09979403018951416,0.968999981880188,0.8741000294685364
YFL044C,YCL048W,0,-7.4768033,0.0997837483882904,0.968999981880188,0.8741999864578247
YIL018W,YER100W,0,-7.4770336,0.09977347403764725,0.968999981880188,0.8743000030517578
YGL148W,YPR075C,0,-7.477406,0.09976320713758469,0.968999981880188,0.8744000196456909
YGL116W,YLL024C,0,-7.477763,0.09975293278694153,0.968999981880188,0.8744999766349792
YOL139C,YDR160W,0,-7.478227,0.09974266588687897,0.968999981880188,0.8745999932289124
YNL297C,YML052W,1,-7.4788074,0.09983532130718231,0.9700000286102295,0.8745999932289124
YLR308W,YDL190C,0,-7.4789767,0.09982504695653915,0.9700000286102295,0.8747000098228455
YDR123C,YDL002C,0,-7.479135,0.09981478005647659,0.9700000286102295,0.8748000264167786
YKL155C,YOR356W,0,-7.4792886,0.09980450570583344,0.9700000286102295,0.8748999834060669
YLR058C,YDR287W,0,-7.4797063,0.09979423880577087,0.9700000286102295,0.875
YBL034C,YPR151C,0,-7.4799914,0.09978397190570831,0.9700000286102295,0.8751000165939331
YPR083W,YJL138C,0,-7.480736,0.09977371245622635,0.9700000286102295,0.8751999735832214
YBR093C,YCR045C,0,-7.480804,0.09976344555616379,0.9700000286102295,0.8752999901771545
YCR105W,YHL012W,0,-7.481004,0.09975318610668182,0.9700000286102295,0.8754000067710876
YHR109W,YBR142W,0,-7.481486,0.09974293410778046,0.9700000286102295,0.8755000233650208
YDL113C,YDR527W,0,-7.4819546,0.09973267465829849,0.9700000286102295,0.8755999803543091
YLR459W,YER065C,0,-7.481966,0.09972242265939713,0.9700000286102295,0.8756999969482422
YPR167C,YMR167W,0,-7.482163,0.09971217066049576,0.9700000286102295,0.8758000135421753
YNL132W,YML133C,0,-7.4829736,0.09970191866159439,0.9700000286102295,0.8758999705314636
YBR243C,YGR142W,0,-7.483443,0.09969167411327362,0.9700000286102295,0.8759999871253967
YGL103W,YCL010C,0,-7.483751,0.09968142956495285,0.9700000286102295,0.8761000037193298
YKR034W,YHR096C,0,-7.483957,0.09967118501663208,0.9700000286102295,0.8762000203132629
YER070W,YMR160W,0,-7.484135,0.0996609479188919,0.9700000286102295,0.8762999773025513
YMR288W,YFL052W,0,-7.484182,0.09965071082115173,0.9700000286102295,0.8763999938964844
YGL021W,YCL038C,0,-7.4842105,0.09964047372341156,0.9700000286102295,0.8765000104904175
YLR206W,YOR237W,1,-7.485627,0.09973295032978058,0.9710000157356262,0.8765000104904175
YNR075W,YHR135C,1,-7.4857965,0.0998254045844078,0.972000002861023,0.8765000104904175
YHR116W,YDL014W,0,-7.485835,0.09981516003608704,0.972000002861023,0.8766000270843506
YML006C,YDR348C,0,-7.4859815,0.09980490803718567,0.972000002861023,0.8766999840736389
YKL141W,YGR274C,0,-7.486034,0.0997946634888649,0.972000002861023,0.876800000667572
YFL055W,YOR346W,0,-7.486462,0.09978441894054413,0.972000002861023,0.8769000172615051
YBR187W,YPL009C,0,-7.4866652,0.09977417439222336,0.972000002861023,0.8769999742507935
YPL055C,YMR241W,0,-7.4874,0.09976392984390259,0.972000002861023,0.8770999908447266
YER056C,YDL229W,0,-7.4878774,0.09975369274616241,0.972000002861023,0.8772000074386597
YNL061W,YLL011W,0,-7.48821,0.09974345564842224,0.972000002861023,0.8773000240325928
YOL139C,YML071C,0,-7.4887443,0.09973322600126266,0.972000002861023,0.8773999810218811
YPL116W,YML027W,0,-7.489528,0.09972298890352249,0.972000002861023,0.8774999976158142
YDR534C,YJL208C,0,-7.4899554,0.09971275925636292,0.972000002861023,0.8776000142097473
YLR106C,YKR008W,0,-7.4900594,0.09970253705978394,0.972000002861023,0.8776999711990356
YNR011C,YMR106C,0,-7.490274,0.09969230741262436,0.972000002861023,0.8777999877929688
YMR266W,YNL332W,0,-7.4911532,0.09968208521604538,0.972000002861023,0.8779000043869019
YLR085C,YIL172C,0,-7.492192,0.0996718630194664,0.972000002861023,0.878000020980835
YGL240W,YHR082C,0,-7.492781,0.09966164082288742,0.972000002861023,0.8780999779701233
YOR237W,YOR043W,1,-7.4929595,0.09975394606590271,0.9729999899864197,0.8780999779701233
YDR314C,YGL031C,0,-7.4929843,0.09974372386932373,0.9729999899864197,0.8781999945640564
YDR156W,YML133C,0,-7.4930778,0.09973349422216415,0.9729999899864197,0.8783000111579895
YLR215C,YGR084C,0,-7.4938154,0.09972327202558517,0.9729999899864197,0.8784000277519226
YHR059W,YJL087C,0,-7.493857,0.09971305727958679,0.9729999899864197,0.8784999847412109
YOR340C,YBL061C,0,-7.4946194,0.09970283508300781,0.9729999899864197,0.878600001335144
YBL038W,YDR404C,0,-7.4958982,0.09969262033700943,0.9729999899864197,0.8787000179290771
YNL159C,YMR308C,0,-7.4961333,0.09968241304159164,0.9729999899864197,0.8787999749183655
YDL214C,YFR029W,0,-7.49626,0.09967219829559326,0.9729999899864197,0.8788999915122986
YJL200C,YNL291C,0,-7.496658,0.09966199100017548,0.9729999899864197,0.8790000081062317
YDL083C,YHR070W,0,-7.4975953,0.09965178370475769,0.9729999899864197,0.8791000247001648
YGL073W,YFL002C,0,-7.4977617,0.0996415764093399,0.9729999899864197,0.8791999816894531
YBR091C,YBL051C,0,-7.498073,0.09963137656450272,0.9729999899864197,0.8792999982833862
YJR073C,YKR025W,0,-7.4987745,0.09962117671966553,0.9729999899864197,0.8794000148773193
YGL236C,YIL066C,0,-7.498898,0.09961097687482834,0.9729999899864197,0.8794999718666077
YOR295W,YDL235C,0,-7.4991555,0.09960077702999115,0.9729999899864197,0.8795999884605408
YER053C,YLR329W,0,-7.499169,0.09959058463573456,0.9729999899864197,0.8797000050544739
YDR380W,YDR160W,0,-7.499458,0.09958039224147797,0.9729999899864197,0.879800021648407
YLR441C,YHR205W,0,-7.500463,0.09957019984722137,0.9729999899864197,0.8798999786376953
YHR183W,YMR069W,0,-7.5009646,0.09956001490354538,0.9729999899864197,0.8799999952316284
YOL039W,YHR139C,0,-7.501171,0.09954982250928879,0.9729999899864197,0.8801000118255615
YER126C,YDR287W,0,-7.5021586,0.09953964501619339,0.9729999899864197,0.8802000284194946
YLR448W,YLL011W,0,-7.5024614,0.0995294600725174,0.9729999899864197,0.880299985408783
YOL104C,YGR258C,0,-7.5028543,0.099519282579422,0.9729999899864197,0.8804000020027161
YOR267C,YGR264C,0,-7.503017,0.0995091050863266,0.9729999899864197,0.8805000185966492
YGR124W,YGL255W,0,-7.5033917,0.0994989275932312,0.9729999899864197,0.8805999755859375
YAL051W,YDL075W,0,-7.5033984,0.0994887501001358,0.9729999899864197,0.8806999921798706
YMR164C,YBL100W-B,0,-7.504641,0.099478580057621,0.9729999899864197,0.8808000087738037
YPL227C,YNL172W,0,-7.5053105,0.0994684100151062,0.9729999899864197,0.8809000253677368
YOR209C,YFR031C-A,0,-7.5063,0.099458247423172,0.9729999899864197,0.8809999823570251
YGL225W,YDR451C,0,-7.5067205,0.0994480773806572,0.9729999899864197,0.8810999989509583
YDR499W,YPR188C,0,-7.507417,0.09943791478872299,0.9729999899864197,0.8812000155448914
YLR024C,YLR409C,0,-7.507638,0.09942775219678879,0.9729999899864197,0.8812999725341797
YNR075W,YGR241C,1,-7.509681,0.0995197743177414,0.9739999771118164,0.8812999725341797
YBR131W,YMR260C,0,-7.5098705,0.09950960427522659,0.9739999771118164,0.8813999891281128
YGR129W,YIL177C,0,-7.5106654,0.09949944168329239,0.9739999771118164,0.8815000057220459
YML099C,YFL010W-A,0,-7.5106974,0.09948927164077759,0.9739999771118164,0.881600022315979
YJL071W,YDL060W,0,-7.511086,0.09947911649942398,0.9739999771118164,0.8816999793052673
YDL033C,YIL064W,0,-7.511378,0.09946895390748978,0.9739999771118164,0.8817999958992004
YEL022W,YLR264W,0,-7.513259,0.09945879876613617,0.9739999771118164,0.8819000124931335
YGL254W,YBR087W,0,-7.514772,0.09944864362478256,0.9739999771118164,0.8820000290870667
YJR065C,YBR021W,0,-7.5149155,0.09943848848342896,0.9739999771118164,0.882099986076355
YNL042W,YLR042C,0,-7.5159764,0.09942834079265594,0.9739999771118164,0.8822000026702881
YOR259C,YHL022C,0,-7.5161967,0.09941818565130234,0.9739999771118164,0.8823000192642212
YGR154C,YGL115W,0,-7.516871,0.09940804541110992,0.9739999771118164,0.8823999762535095
YLR312W-A,YLR441C,0,-7.5169168,0.09939789772033691,0.9739999771118164,0.8824999928474426
YOR362C,YLR316C,0,-7.516954,0.0993877574801445,0.9739999771118164,0.8826000094413757
YFL039C,YNL093W,1,-7.5182576,0.09947964549064636,0.9750000238418579,0.8826000094413757
YJR075W,YLR116W,0,-7.518438,0.09946949779987335,0.9750000238418579,0.8827000260353088
YNL111C,YOR308C,0,-7.5194893,0.09945935010910034,0.9750000238418579,0.8827999830245972
YKR069W,YPL276W,0,-7.5201697,0.09944920241832733,0.9750000238418579,0.8828999996185303
YOR237W,YOR008C,1,-7.5202875,0.09954105317592621,0.9760000109672546,0.8828999996185303
YLR389C,YEL040W,0,-7.5211625,0.0995308980345726,0.9760000109672546,0.8830000162124634
YOL018C,YBR061C,0,-7.5212793,0.09952075034379959,0.9760000109672546,0.8830999732017517
YER065C,YLR023C,0,-7.5218396,0.09951060265302658,0.9760000109672546,0.8831999897956848
YBR205W,YLR221C,0,-7.523615,0.09950046241283417,0.9760000109672546,0.8833000063896179
YMR288W,YDL211C,0,-7.524177,0.09949031472206116,0.9760000109672546,0.883400022983551
YPL036W,YMR242C,0,-7.5242267,0.09948017448186874,0.9760000109672546,0.8834999799728394
YFL011W,YPR149W,0,-7.5249333,0.09947003424167633,0.9760000109672546,0.8835999965667725
YOL141W,YKL042W,0,-7.5249505,0.09945990145206451,0.9760000109672546,0.8837000131607056
YGL200C,YPR003C,0,-7.5252013,0.0994497686624527,0.9760000109672546,0.8838000297546387
YPL005W,YDR011W,0,-7.526506,0.09943963587284088,0.9760000109672546,0.883899986743927
YML052W,YKL203C,1,-7.5265255,0.0995313748717308,0.9769999980926514,0.883899986743927
YPL256C,YLR113W,0,-7.5274796,0.09952124208211899,0.9769999980926514,0.8840000033378601
YBR080C,YHL050C,0,-7.5274863,0.09951110184192657,0.9769999980926514,0.8841000199317932
YCL064C,YNL316C,0,-7.5275383,0.09950096905231476,0.9769999980926514,0.8841999769210815
YNL101W,YPL081W,0,-7.5282164,0.09949083626270294,0.9769999980926514,0.8842999935150146
YJL209W,YOL092W,0,-7.528813,0.09948070347309113,0.9769999980926514,0.8844000101089478
YOL070C,YOR167C,0,-7.5290356,0.0994705781340599,0.9769999980926514,0.8845000267028809
YGR061C,YNL327W,0,-7.5301166,0.09946045279502869,0.9769999980926514,0.8845999836921692
YOR136W,YMR117C,0,-7.5301776,0.09945032745599747,0.9769999980926514,0.8847000002861023
YPR083W,YDR131C,0,-7.5303993,0.09944020211696625,0.9769999980926514,0.8848000168800354
YJR063W,YMR293C,0,-7.530715,0.09943008422851562,0.9769999980926514,0.8848999738693237
YBR175W,YIL083C,0,-7.5315256,0.099419966340065,0.9769999980926514,0.8849999904632568
YDR156W,YGR125W,0,-7.533015,0.09940984845161438,0.9769999980926514,0.8851000070571899
YKR055W,YLR372W,0,-7.533372,0.09939973801374435,0.9769999980926514,0.885200023651123
YDR021W,YLR208W,0,-7.5334044,0.09938962012529373,0.9769999980926514,0.8852999806404114
YJL002C,YCR072C,0,-7.533696,0.0993795171380043,0.9769999980926514,0.8853999972343445
YPL137C,YDR213W,0,-7.533772,0.09936940670013428,0.9769999980926514,0.8855000138282776
YGL089C,YKR042W,0,-7.534904,0.09935930371284485,0.9769999980926514,0.8855999708175659
YER002W,YHR038W,0,-7.535297,0.09934919327497482,0.9769999980926514,0.885699987411499
YHR128W,YLR139C,0,-7.535817,0.09933909773826599,0.9769999980926514,0.8858000040054321
YMR128W,YDL170W,0,-7.5361834,0.09932899475097656,0.9769999980926514,0.8859000205993652
YFL010W-A,YGL033W,0,-7.5363736,0.09931889921426773,0.9769999980926514,0.8859999775886536
YCL064C,YDR489W,0,-7.5366077,0.0993088036775589,0.9769999980926514,0.8860999941825867
YMR201C,YCR035C,0,-7.5370326,0.09929870814085007,0.9769999980926514,0.8862000107765198
YDR123C,YJL203W,0,-7.5378513,0.09928862005472183,0.9769999980926514,0.8863000273704529
YPL104W,YNL178W,0,-7.5390434,0.0992785319685936,0.9769999980926514,0.8863999843597412
YGL017W,YMR211W,0,-7.5390916,0.09926844388246536,0.9769999980926514,0.8865000009536743
YBL098W,YNL111C,0,-7.5396,0.09925835579633713,0.9769999980926514,0.8866000175476074
YLL008W,YNL113W,0,-7.5398903,0.09924827516078949,0.9769999980926514,0.8866999745368958
YMR292W,YJL173C,0,-7.540342,0.09923819452524185,0.9769999980926514,0.8867999911308289
YJR140C,YER150W,0,-7.5410075,0.09922811388969421,0.9769999980926514,0.886900007724762
YLR430W,YLR212C,0,-7.541192,0.09921803325414658,0.9769999980926514,0.8870000243186951
YGR199W,YOR369C,0,-7.5412164,0.09920796006917953,0.9769999980926514,0.8870999813079834
YML008C,YOR033C,0,-7.541471,0.0991978868842125,0.9769999980926514,0.8871999979019165
YER070W,YFL034C-A,0,-7.541561,0.09918781369924545,0.9769999980926514,0.8873000144958496
YMR238W,YMR080C,0,-7.5419517,0.09917774796485901,0.9769999980926514,0.8873999714851379
YNL082W,YDR115W,0,-7.5420995,0.09916768223047256,0.9769999980926514,0.887499988079071
YGR216C,YPL009C,0,-7.5426364,0.09915761649608612,0.9769999980926514,0.8876000046730042
YGL139W,YNL299W,0,-7.5436997,0.09914755076169968,0.9769999980926514,0.8877000212669373
YNL332W,YCR016W,0,-7.5437727,0.09913749247789383,0.9769999980926514,0.8877999782562256
YBR250W,YDL130W-A,0,-7.5442996,0.09912743419408798,0.9769999980926514,0.8878999948501587
YMR290C,YKR013W,0,-7.545299,0.09911737591028214,0.9769999980926514,0.8880000114440918
YDL102W,YIL066C,0,-7.5455256,0.09910732507705688,0.9769999980926514,0.8881000280380249
YDR363W-A,YBR083W,0,-7.5457673,0.09909727424383163,0.9769999980926514,0.8881999850273132
YGR227W,YPL131W,0,-7.546339,0.09908722341060638,0.9769999980926514,0.8883000016212463
YDR270W,YKR072C,0,-7.546391,0.09907717257738113,0.9769999980926514,0.8884000182151794
YDR414C,YGL246C,0,-7.5470276,0.09906712919473648,0.9769999980926514,0.8884999752044678
YGL009C,YOR369C,0,-7.5472026,0.09905707836151123,0.9769999980926514,0.8885999917984009
YPL058C,YGR133W,0,-7.5472374,0.09904704242944717,0.9769999980926514,0.888700008392334
YPR186C,YDL120W,0,-7.5475574,0.09903699904680252,0.9769999980926514,0.8888000249862671
YER023W,YKR092C,0,-7.5476356,0.09902696311473846,0.9769999980926514,0.8888999819755554
YBR291C,YER024W,0,-7.548095,0.09901692718267441,0.9769999980926514,0.8889999985694885
YHR214C-B,YNL300W,0,-7.550469,0.09900689125061035,0.9769999980926514,0.8891000151634216
YDR237W,YGR027C,0,-7.5504994,0.0989968553185463,0.9769999980926514,0.88919997215271
YHR168W,YJL198W,0,-7.5511756,0.09898682683706284,0.9769999980926514,0.8892999887466431
YKL073W,YML082W,0,-7.5517406,0.09897679835557938,0.9769999980926514,0.8894000053405762
YPR068C,YNR024W,0,-7.5532436,0.09896677732467651,0.9769999980926514,0.8895000219345093
YJR016C,YOR322C,0,-7.553345,0.09895674884319305,0.9769999980926514,0.8895999789237976
YHR059W,YJR043C,0,-7.554444,0.09894672781229019,0.9769999980926514,0.8896999955177307
YKR013W,YDL083C,0,-7.5545983,0.09893670678138733,0.9769999980926514,0.8898000121116638
YNR075W,YDL019C,1,-7.554644,0.09902794659137726,0.9779999852180481,0.8898000121116638
YER174C,YGR162W,0,-7.554688,0.0990179181098938,0.9779999852180481,0.8899000287055969
YBR059C,YNR075W,1,-7.5548396,0.09910912811756134,0.9789999723434448,0.8899000287055969
YGR103W,YDL060W,0,-7.555321,0.09909909963607788,0.9789999723434448,0.8899999856948853
YML022W,YMR228W,0,-7.5557427,0.09908907115459442,0.9789999723434448,0.8901000022888184
YNR056C,YMR149W,0,-7.556339,0.09907904267311096,0.9789999723434448,0.8902000188827515
YKR072C,YML100W,0,-7.5565667,0.0990690141916275,0.9789999723434448,0.8902999758720398
YNL309W,YGR277C,0,-7.5566154,0.09905899316072464,0.9789999723434448,0.8903999924659729
YPR192W,YDL130W,0,-7.5572963,0.09904896467924118,0.9789999723434448,0.890500009059906
YDL145C,YPL024W,0,-7.558262,0.09903895109891891,0.9789999723434448,0.8906000256538391
YLR014C,YHL022C,0,-7.560415,0.09902893006801605,0.9789999723434448,0.8906999826431274
YNL227C,YML052W,1,-7.560641,0.09912005811929703,0.9800000190734863,0.8906999826431274
YAL030W,YML052W,1,-7.560937,0.09921116381883621,0.9810000061988831,0.8906999826431274
YHR120W,YML133C,0,-7.5610957,0.09920113533735275,0.9810000061988831,0.8907999992370605
YPL129W,YKL099C,0,-7.561194,0.0991910994052887,0.9810000061988831,0.8909000158309937
YFL055W,YPR118W,0,-7.5624547,0.09918107092380524,0.9810000061988831,0.890999972820282
YNL037C,YOL080C,0,-7.5624685,0.09917104989290237,0.9810000061988831,0.8910999894142151
YKL009W,YDR265W,0,-7.56313,0.09916102141141891,0.9810000061988831,0.8912000060081482
YGR200C,YCL061C,0,-7.5632653,0.09915100038051605,0.9810000061988831,0.8913000226020813
YBR082C,YDR247W,0,-7.563406,0.09914097934961319,0.9810000061988831,0.8913999795913696
YML016C,YDL081C,0,-7.5634303,0.09913095831871033,0.9810000061988831,0.8914999961853027
YIL053W,YLR222C,0,-7.5636125,0.09912094473838806,0.9810000061988831,0.8916000127792358
YCR012W,YBR296C,0,-7.563729,0.0991109311580658,0.9810000061988831,0.891700029373169
YCL066W,YKR048C,0,-7.564163,0.09910091757774353,0.9810000061988831,0.8917999863624573
YKR057W,YGL175C,0,-7.5643077,0.09909091144800186,0.9810000061988831,0.8919000029563904
YLL034C,YDR468C,0,-7.5646863,0.0990808978676796,0.9810000061988831,0.8920000195503235
YGL111W,YPR009W,0,-7.564926,0.09907089173793793,0.9810000061988831,0.8920999765396118
YPL194W,YGL175C,0,-7.565098,0.09906089305877686,0.9810000061988831,0.8921999931335449
YBL039C,YIR026C,0,-7.565469,0.09905088692903519,0.9810000061988831,0.892300009727478
YMR091C,YDR476C,0,-7.565535,0.09904088824987411,0.9810000061988831,0.8924000263214111
YOR322C,YLR071C,0,-7.5671287,0.09903088957071304,0.9810000061988831,0.8924999833106995
YOR303W,YJL166W,0,-7.567193,0.09902089089155197,0.9810000061988831,0.8925999999046326
YDL171C,YPL258C,0,-7.56745,0.0990108996629715,0.9810000061988831,0.8927000164985657
YGR189C,YNL292W,0,-7.567727,0.09900090843439102,0.9810000061988831,0.892799973487854
YLR129W,YGR197C,0,-7.5677414,0.09899091720581055,0.9810000061988831,0.8928999900817871
YLR051C,YDR399W,0,-7.5678277,0.09898093342781067,0.9810000061988831,0.8930000066757202
YBR251W,YPL041C,0,-7.5681214,0.0989709421992302,0.9810000061988831,0.8931000232696533
YNR041C,YDL148C,0,-7.5683894,0.09896095842123032,0.9810000061988831,0.8931999802589417
YGR120C,YHL022C,0,-7.56849,0.09895098209381104,0.9810000061988831,0.8932999968528748
YDR301W,YPR007C,0,-7.5693355,0.09894099831581116,0.9810000061988831,0.8934000134468079
YBL009W,YBR188C,0,-7.569436,0.09893102198839188,0.9810000061988831,0.8934999704360962
YMR194W,YDR057W,0,-7.57009,0.0989210456609726,0.9810000061988831,0.8935999870300293
YBR247C,YNR013C,0,-7.5702786,0.09891106933355331,0.9810000061988831,0.8937000036239624
YGR040W,YMR194W,0,-7.570623,0.09890110045671463,0.9810000061988831,0.8938000202178955
YBL035C,YGL063W,0,-7.5708594,0.09889113157987595,0.9810000061988831,0.8938999772071838
YNL164C,YJL050W,0,-7.57136,0.09888116270303726,0.9810000061988831,0.8939999938011169
YBR267W,YAR003W,0,-7.571479,0.09887119382619858,0.9810000061988831,0.89410001039505
YGL089C,YDR208W,0,-7.571671,0.09886123239994049,0.9810000061988831,0.8942000269889832
YBL069W,YGL077C,0,-7.5720115,0.0988512709736824,0.9810000061988831,0.8942999839782715
YCL059C,YAL051W,0,-7.5720983,0.09884130954742432,0.9810000061988831,0.8944000005722046
YFR027W,YHR196W,0,-7.572185,0.09883135557174683,0.9810000061988831,0.8945000171661377
YHR181W,YMR045C,0,-7.5728707,0.09882139414548874,0.9810000061988831,0.894599974155426
YML058W-A,YLR003C,0,-7.573768,0.09881144016981125,0.9810000061988831,0.8946999907493591
YEL061C,YJL051W,0,-7.574388,0.09880149364471436,0.9810000061988831,0.8948000073432922
YLR129W,YNL216W,0,-7.574488,0.09879153966903687,0.9810000061988831,0.8949000239372253
YDL209C,YNL030W,0,-7.5749273,0.09878159314393997,0.9810000061988831,0.8949999809265137
YIL069C,YGR251W,0,-7.5755734,0.09877164661884308,0.9810000061988831,0.8950999975204468
YIL009W,YMR032W,0,-7.5772204,0.09876170009374619,0.9810000061988831,0.8952000141143799
YCR035C,YOR010C,0,-7.5772634,0.09875176101922989,0.9810000061988831,0.8952999711036682
YFR037C,YDL211C,0,-7.577427,0.09874182194471359,0.9810000061988831,0.8953999876976013
YPL112C,YIL160C,0,-7.577763,0.0987318828701973,0.9810000061988831,0.8955000042915344
YPR026W,YPL252C,0,-7.5785193,0.0987219512462616,0.9810000061988831,0.8956000208854675
YOR324C,YDL036C,0,-7.5785728,0.0987120121717453,0.9810000061988831,0.8956999778747559
YGL028C,YPL045W,0,-7.5793843,0.0987020805478096,0.9810000061988831,0.895799994468689
YDR106W,YMR177W,0,-7.58024,0.0986921563744545,0.9810000061988831,0.8959000110626221
YNL164C,YGR234W,0,-7.580346,0.0986822247505188,0.9810000061988831,0.8960000276565552
YBL045C,YML063W,0,-7.580917,0.0986723005771637,0.9810000061988831,0.8960999846458435
YOR142W,YGL031C,0,-7.5811625,0.0986623764038086,0.9810000061988831,0.8962000012397766
YDR083W,YER081W,0,-7.5818615,0.09865245223045349,0.9810000061988831,0.8963000178337097
YDR252W,YJL097W,0,-7.5821443,0.09864253550767899,0.9810000061988831,0.896399974822998
YLR153C,YLR244C,0,-7.582943,0.09863261878490448,0.9810000061988831,0.8964999914169312
YKR026C,YJL089W,0,-7.5830574,0.09862270206212997,0.9810000061988831,0.8966000080108643
YGL061C,YKL152C,0,-7.583794,0.09861278533935547,0.9810000061988831,0.8967000246047974
YBL013W,YCL004W,0,-7.583851,0.09860287606716156,0.9810000061988831,0.8967999815940857
YPL213W,YOR101W,0,-7.583968,0.09859296679496765,0.9810000061988831,0.8968999981880188
YBR298C,YOR341W,0,-7.5841804,0.09858305752277374,0.9810000061988831,0.8970000147819519
YBR230C,YOR328W,0,-7.5855703,0.09857314825057983,0.9810000061988831,0.8970999717712402
YLR242C,YOL054W,0,-7.585762,0.09856324642896652,0.9810000061988831,0.8971999883651733
YER056C,YML031W,0,-7.586301,0.09855334460735321,0.9810000061988831,0.8973000049591064
YNR001C,YLR084C,0,-7.586597,0.0985434427857399,0.9810000061988831,0.8974000215530396
YDR489W,YNL313C,0,-7.5868516,0.09853354841470718,0.9810000061988831,0.8974999785423279
YPL126W,YKL218C,0,-7.58719,0.09852365404367447,0.9810000061988831,0.897599995136261
YDR459C,YIL064W,0,-7.587442,0.09851375967264175,0.9810000061988831,0.8977000117301941
YDL164C,YBL027W,0,-7.5878434,0.09850386530160904,0.9810000061988831,0.8978000283241272
YJR152W,YPL239W,0,-7.588127,0.09849397838115692,0.9810000061988831,0.8978999853134155
YGR133W,YER102W,0,-7.589421,0.0984840914607048,0.9810000061988831,0.8980000019073486
YGL123W,YBL067C,0,-7.589478,0.09847420454025269,0.9810000061988831,0.8981000185012817
YPL152W,YLR164W,0,-7.5895457,0.09846431761980057,0.9810000061988831,0.8981999754905701
YAR050W,YHR062C,0,-7.589749,0.09845443814992905,0.9810000061988831,0.8982999920845032
YCR005C,YGL201C,0,-7.5910277,0.09844455868005753,0.9810000061988831,0.8984000086784363
YIR013C,YJL159W,0,-7.5921364,0.098434679210186,0.9810000061988831,0.8985000252723694
YFR001W,YMR002W,0,-7.592349,0.09842479974031448,0.9810000061988831,0.8985999822616577
YOR224C,YCR024C,0,-7.593543,0.09841492772102356,0.9810000061988831,0.8986999988555908
YFR028C,YGR128C,0,-7.593613,0.09840505570173264,0.9810000061988831,0.8988000154495239
YOL078W,YPL079W,0,-7.593714,0.09839518368244171,0.9810000061988831,0.8988999724388123
YGR104C,YER160C,0,-7.593759,0.09838531911373138,0.9810000061988831,0.8989999890327454
YKL110C,YNL061W,0,-7.594353,0.09837545454502106,0.9810000061988831,0.8991000056266785
YGR177C,YPL058C,0,-7.5947204,0.09836558997631073,0.9810000061988831,0.8992000222206116
YOR078W,YOL061W,0,-7.5948944,0.0983557254076004,0.9810000061988831,0.8992999792098999
YOL101C,YLR266C,0,-7.595287,0.09834586828947067,0.9810000061988831,0.899399995803833
YOR382W,YJL097W,0,-7.59542,0.09833600372076035,0.9810000061988831,0.8995000123977661
YER017C,YCR072C,0,-7.5968223,0.09832614660263062,0.9810000061988831,0.8996000289916992
YDR171W,YHR094C,0,-7.59735,0.09831629693508148,0.9810000061988831,0.8996999859809875
YOR371C,YDR300C,0,-7.5982633,0.09830643981695175,0.9810000061988831,0.8998000025749207
YIR021W,YMR260C,0,-7.5984387,0.09829659014940262,0.9810000061988831,0.8999000191688538
YHR156C,YOL105C,0,-7.5987487,0.09828674793243408,0.9810000061988831,0.8999999761581421
YML070W,YNL292W,0,-7.599026,0.09827689826488495,0.9810000061988831,0.9000999927520752
YJL091C,YLR409C,0,-7.599752,0.09826705604791641,0.9810000061988831,0.9002000093460083
YKL099C,YGR277C,0,-7.600386,0.09825721383094788,0.9810000061988831,0.9003000259399414
YLR227C,YNL302C,0,-7.600558,0.09824737161397934,0.9810000061988831,0.9003999829292297
YDR454C,YHR157W,0,-7.6009727,0.0982375293970108,0.9810000061988831,0.9004999995231628
YCL010C,YHR048W,0,-7.6011014,0.09822769463062286,0.9810000061988831,0.900600016117096
YBR072W,YGR239C,0,-7.6014147,0.09821785986423492,0.9810000061988831,0.9006999731063843
YNL233W,YLR167W,0,-7.602716,0.09820803254842758,0.9810000061988831,0.9007999897003174
YLR371W,YPL032C,1,-7.6029935,0.09829829633235931,0.9819999933242798,0.9007999897003174
YJL158C,YEL050C,0,-7.6040025,0.09828846156597137,0.9819999933242798,0.9009000062942505
YPL146C,YPL196W,0,-7.6041913,0.09827861934900284,0.9819999933242798,0.9010000228881836
YOR037W,YPR074C,0,-7.6051693,0.0982687845826149,0.9819999933242798,0.9010999798774719
YLR117C,YHR005C-A,0,-7.6056476,0.09825895726680756,0.9819999933242798,0.901199996471405
YJL010C,YGR253C,0,-7.6062264,0.09824912250041962,0.9819999933242798,0.9013000130653381
YFR041C,YGL089C,0,-7.606479,0.09823929518461227,0.9819999933242798,0.9014000296592712
YMR035W,YGR185C,0,-7.606711,0.09822946786880493,0.9819999933242798,0.9014999866485596
YER083C,YDR531W,0,-7.6073527,0.09821964055299759,0.9819999933242798,0.9016000032424927
YNL270C,YKR025W,0,-7.607695,0.09820982068777084,0.9819999933242798,0.9017000198364258
YDR350C,YHL036W,0,-7.6079273,0.0982000008225441,0.9819999933242798,0.9017999768257141
YPL154C,YOR049C,0,-7.60848,0.09819018095731735,0.9819999933242798,0.9018999934196472
YGR264C,YMR008C,0,-7.6087384,0.0981803610920906,0.9819999933242798,0.9020000100135803
YNL245C,YKR081C,0,-7.609092,0.09817054867744446,0.9819999933242798,0.9021000266075134
YNL314W,YOR204W,0,-7.6097608,0.09816073626279831,0.9819999933242798,0.9021999835968018
YJL194W,YOL092W,0,-7.609918,0.09815092384815216,0.9819999933242798,0.9023000001907349
YBR192W,YML073C,0,-7.6102343,0.09814111888408661,0.9819999933242798,0.902400016784668
YPL227C,YPR132W,0,-7.6123753,0.09813130646944046,0.9819999933242798,0.9024999737739563
YAL003W,YNL221C,0,-7.612946,0.09812150150537491,0.9819999933242798,0.9025999903678894
YGL033W,YOR201C,0,-7.6130233,0.09811169654130936,0.9819999933242798,0.9027000069618225
YLR201C,YKL009W,0,-7.6131344,0.0981018990278244,0.9819999933242798,0.9028000235557556
YHR064C,YGL198W,0,-7.61329,0.09809210151433945,0.9819999933242798,0.902899980545044
YGR203W,YOL092W,0,-7.6134844,0.09808230400085449,0.9819999933242798,0.902999997138977
YNL085W,YIL127C,0,-7.613837,0.09807250648736954,0.9819999933242798,0.9031000137329102
YDR516C,YGR271C-A,0,-7.615255,0.09806270897388458,0.9819999933242798,0.9031999707221985
YNR053C,YGL208W,0,-7.616218,0.09805291891098022,0.9819999933242798,0.9032999873161316
YDR465C,YER104W,0,-7.616622,0.09804312884807587,0.9819999933242798,0.9034000039100647
YGR154C,YJR007W,0,-7.6174197,0.0980333462357521,0.9819999933242798,0.9035000205039978
YHR079C,YDL138W,0,-7.617457,0.09802355617284775,0.9819999933242798,0.9035999774932861
YOL101C,YIL013C,0,-7.6176944,0.09801377356052399,0.9819999933242798,0.9036999940872192
YNL006W,YJL171C,0,-7.6194997,0.09800399094820023,0.9819999933242798,0.9038000106811523
YBL027W,YDL007W,0,-7.6200595,0.09799421578645706,0.9819999933242798,0.9039000272750854
YOL101C,YDR023W,0,-7.620997,0.0979844331741333,0.9819999933242798,0.9039999842643738
YDL166C,YOR382W,0,-7.6210704,0.09797465801239014,0.9819999933242798,0.9041000008583069
YHR055C,YGR292W,0,-7.6214023,0.09796488285064697,0.9819999933242798,0.90420001745224
YIL103W,YNL311C,0,-7.622659,0.0979551151394844,0.9819999933242798,0.9042999744415283
YPL093W,YDR465C,0,-7.6227684,0.09794533997774124,0.9819999933242798,0.9043999910354614
YIL128W,YGR203W,0,-7.6230273,0.09793557226657867,0.9819999933242798,0.9045000076293945
YGL054C,YHR167W,0,-7.623304,0.09792580455541611,0.9819999933242798,0.9046000242233276
YPR068C,YDR172W,0,-7.6236777,0.09791604429483414,0.9819999933242798,0.904699981212616
YFL023W,YKL056C,0,-7.62387,0.09790628403425217,0.9819999933242798,0.9047999978065491
YBR193C,YNL210W,0,-7.6240087,0.0978965237736702,0.9819999933242798,0.9049000144004822
YLR276C,YML094W,0,-7.6245008,0.09788676351308823,0.9819999933242798,0.9049999713897705
YLR056W,YJL204C,1,-7.624738,0.0979766771197319,0.9829999804496765,0.9049999713897705
YAL063C,YJR139C,0,-7.6252713,0.09796690940856934,0.9829999804496765,0.9050999879837036
YFL041W,YDR399W,0,-7.625809,0.09795714914798737,0.9829999804496765,0.9052000045776367
YKR009C,YBL004W,0,-7.6268516,0.0979473888874054,0.9829999804496765,0.9053000211715698
YGR152C,YMR271C,0,-7.627854,0.09793762862682343,0.9829999804496765,0.9053999781608582
YKR057W,YKL175W,0,-7.628014,0.09792787581682205,0.9829999804496765,0.9054999947547913
YBR244W,YIL099W,0,-7.628293,0.09791812300682068,0.9829999804496765,0.9056000113487244
YLR098C,YKL009W,0,-7.6285167,0.0979083701968193,0.9829999804496765,0.9057000279426575
YMR290C,YCL052C,0,-7.6287627,0.09789861738681793,0.9829999804496765,0.9057999849319458
YMR055C,YDR354W,0,-7.6288075,0.09788886457681656,0.9829999804496765,0.9059000015258789
YLR056W,YNL227C,1,-7.6290374,0.09797868877649307,0.984000027179718,0.9059000015258789
YOL059W,YBR117C,0,-7.6292615,0.0979689359664917,0.984000027179718,0.906000018119812
YBR084W,YMR129W,0,-7.632771,0.09795918315649033,0.984000027179718,0.9060999751091003
YJR091C,YOL125W,0,-7.634485,0.09794943034648895,0.984000027179718,0.9061999917030334
YJR108W,YMR093W,0,-7.6348004,0.09793968498706818,0.984000027179718,0.9063000082969666
YGL168W,YHR197W,0,-7.635022,0.0979299396276474,0.984000027179718,0.9064000248908997
YCR005C,YDR237W,0,-7.635951,0.09792019426822662,0.984000027179718,0.906499981880188
YDR243C,YJR009C,0,-7.63668,0.09791044890880585,0.984000027179718,0.9065999984741211
YER056C-A,YOR068C,0,-7.636694,0.09790070354938507,0.984000027179718,0.9067000150680542
YKR054C,YCR031C,0,-7.636704,0.09789096564054489,0.984000027179718,0.9067999720573425
YER110C,YLR240W,0,-7.637043,0.09788122773170471,0.984000027179718,0.9068999886512756
YJL122W,YOR058C,0,-7.6386623,0.09787149727344513,0.984000027179718,0.9070000052452087
YOR306C,YFR037C,0,-7.6401305,0.09786175936460495,0.984000027179718,0.9071000218391418
YNL240C,YDL229W,0,-7.6403418,0.09785202890634537,0.984000027179718,0.9071999788284302
YHR170W,YHR118C,0,-7.6420755,0.09784229844808578,0.984000027179718,0.9072999954223633
YLR319C,YKL060C,0,-7.6421914,0.0978325679898262,0.984000027179718,0.9074000120162964
YDL059C,YJL109C,0,-7.642251,0.09782284498214722,0.984000027179718,0.9075000286102295
YCR028C,YOR237W,1,-7.6423774,0.09791252762079239,0.9850000143051147,0.9075000286102295
YJL092W,YOR048C,0,-7.6431527,0.09790278971195221,0.9850000143051147,0.9075999855995178
YHR183W,YMR295C,0,-7.6440997,0.09789306670427322,0.9850000143051147,0.9077000021934509
YCR082W,YGR185C,0,-7.644141,0.09788333624601364,0.9850000143051147,0.907800018787384
YOL003C,YCR031C,0,-7.644314,0.09787360578775406,0.9850000143051147,0.9078999757766724
YJL036W,YNR012W,0,-7.644389,0.09786388278007507,0.9850000143051147,0.9079999923706055
YFL041W,YML073C,0,-7.645115,0.09785415977239609,0.9850000143051147,0.9081000089645386
YHR197W,YDR427W,0,-7.6456923,0.0978444442152977,0.9850000143051147,0.9082000255584717
YNR003C,YER093C,0,-7.647563,0.09783472120761871,0.9850000143051147,0.90829998254776
YJL005W,YER049W,0,-7.6478267,0.09782500565052032,0.9850000143051147,0.9083999991416931
YGR180C,YGR049W,0,-7.64864,0.09781529009342194,0.9850000143051147,0.9085000157356262
YDL148C,YJL156C,0,-7.6491303,0.09780558198690414,0.9850000143051147,0.9085999727249146
YKL172W,YMR029C,0,-7.649322,0.09779586642980576,0.9850000143051147,0.9086999893188477
YPL130W,YML076C,0,-7.649323,0.09778615832328796,0.9850000143051147,0.9088000059127808
YNL233W,YJL063C,0,-7.6500955,0.09777645766735077,0.9850000143051147,0.9089000225067139
YDR499W,YGR123C,0,-7.650183,0.09776674956083298,0.9850000143051147,0.9089999794960022
YOL044W,YLR263W,0,-7.650463,0.09775704890489578,0.9850000143051147,0.9090999960899353
YPR010C,YDR212W,0,-7.6505046,0.09774734824895859,0.9850000143051147,0.9092000126838684
YNL327W,YFR024C-A,0,-7.6511617,0.09773764759302139,0.9850000143051147,0.9093000292778015
YPR192W,YNL080C,0,-7.6513476,0.0977279469370842,0.9850000143051147,0.9093999862670898
YDL227C,YHR206W,0,-7.6537933,0.0977182537317276,0.9850000143051147,0.909500002861023
YJR143C,YNR006W,0,-7.6543236,0.097708560526371,0.9850000143051147,0.909600019454956
YBL098W,YHR102W,0,-7.656261,0.0976988673210144,0.9850000143051147,0.9096999764442444
YDR064W,YLR139C,0,-7.6566396,0.0976891815662384,0.9850000143051147,0.9097999930381775
YBR278W,YHR152W,0,-7.6567497,0.0976794958114624,0.9850000143051147,0.9099000096321106
YOR237W,YOR327C,1,-7.657532,0.09776896238327026,0.9860000014305115,0.9099000096321106
YKL110C,YEL077C,0,-7.657717,0.09775926917791367,0.9860000014305115,0.9100000262260437
YJR075W,YJR159W,0,-7.6584754,0.09774957597255707,0.9860000014305115,0.910099983215332
YOR349W,YMR094W,0,-7.658941,0.09773989021778107,0.9860000014305115,0.9101999998092651
YGR167W,YOR237W,1,-7.660566,0.09782931953668594,0.9869999885559082,0.9101999998092651
YLR095C,YGR054W,0,-7.660743,0.09781962633132935,0.9869999885559082,0.9103000164031982
YDR408C,YEL055C,0,-7.662118,0.09780993312597275,0.9869999885559082,0.9103999733924866
YLR056W,YNL093W,1,-7.66233,0.09789932519197464,0.9879999756813049,0.9103999733924866
YNL080C,YLL061W,0,-7.664291,0.09788962453603745,0.9879999756813049,0.9104999899864197
YBR133C,YDR180W,0,-7.6652684,0.09787993133068085,0.9879999756813049,0.9106000065803528
YKL006W,YGL243W,0,-7.6656394,0.09787023067474365,0.9879999756813049,0.9107000231742859
YDR430C,YLR340W,0,-7.6668906,0.09786053746938705,0.9879999756813049,0.9107999801635742
YER164W,YJL225C,0,-7.6675544,0.09785084426403046,0.9879999756813049,0.9108999967575073
YOR269W,YLL012W,0,-7.6676555,0.09784115850925446,0.9879999756813049,0.9110000133514404
YNL216W,YPL079W,0,-7.6681814,0.09783146530389786,0.9879999756813049,0.9110999703407288
YEL001C,YCR043C,0,-7.669768,0.09782177954912186,0.9879999756813049,0.9111999869346619
YML060W,YOR369C,0,-7.670255,0.09781210124492645,0.9879999756813049,0.911300003528595
YMR076C,YAR071W,0,-7.670521,0.09780241549015045,0.9879999756813049,0.9114000201225281
YPR167C,YKR013W,0,-7.6735396,0.09779273718595505,0.9879999756813049,0.9114999771118164
YLR017W,YPL009C,0,-7.6742277,0.09778305888175964,0.9879999756813049,0.9115999937057495
YLR185W,YDR478W,0,-7.674228,0.09777338057756424,0.9879999756813049,0.9117000102996826
YDR534C,YFR016C,0,-7.6756287,0.09776370227336884,0.9879999756813049,0.9118000268936157
YHR052W,YNL139C,0,-7.6759048,0.09775403141975403,0.9879999756813049,0.911899983882904
YGL139W,YGR266W,0,-7.6764464,0.09774436056613922,0.9879999756813049,0.9120000004768372
YKL135C,YGL183C,0,-7.6769366,0.09773468971252441,0.9879999756813049,0.9121000170707703
YNL111C,YOL117W,0,-7.6775393,0.0977250263094902,0.9879999756813049,0.9121999740600586
YCR002C,YER106W,0,-7.677731,0.097715362906456,0.9879999756813049,0.9122999906539917
YER117W,YFL060C,0,-7.6784997,0.09770569950342178,0.9879999756813049,0.9124000072479248
YLR246W,YPL093W,0,-7.679791,0.09769603610038757,0.9879999756813049,0.9125000238418579
YGL105W,YGR012W,0,-7.680549,0.09768637269735336,0.9879999756813049,0.9125999808311462
YBR234C,YNL002C,0,-7.6813784,0.09767671674489975,0.9879999756813049,0.9126999974250793
YPR192W,YDR311W,0,-7.681909,0.09766706079244614,0.9879999756813049,0.9128000140190125
YOL101C,YNL139C,0,-7.6820254,0.09765740483999252,0.9879999756813049,0.9128999710083008
YBL098W,YDR447C,0,-7.682809,0.0976477563381195,0.9879999756813049,0.9129999876022339
YNL302C,YCR102C,0,-7.683192,0.09763810783624649,0.9879999756813049,0.913100004196167
YBR135W,YNL248C,0,-7.684595,0.09762845933437347,0.9879999756813049,0.9132000207901001
YKL020C,YGR285C,0,-7.6849265,0.09761881083250046,0.9879999756813049,0.9132999777793884
YNL279W,YOR003W,0,-7.6850142,0.09760916978120804,0.9879999756813049,0.9133999943733215
YNR050C,YOL067C,0,-7.6857724,0.09759952872991562,0.9879999756813049,0.9135000109672546
YHR170W,YFL045C,0,-7.685791,0.0975898876786232,0.9879999756813049,0.9136000275611877
YOR177C,YHR031C,0,-7.6860404,0.09758024662733078,0.9879999756813049,0.9136999845504761
YIR021W,YBL014C,0,-7.6861615,0.09757061302661896,0.9879999756813049,0.9138000011444092
YHR019C,YBR183W,0,-7.6865687,0.09756097197532654,0.9879999756813049,0.9139000177383423
YHR031C,YIL126W,0,-7.6868424,0.09755134582519531,0.9879999756813049,0.9139999747276306
YML058W-A,YHR117W,0,-7.6879444,0.09754171222448349,0.9879999756813049,0.9140999913215637
YLR308W,YGR089W,0,-7.688905,0.09753208607435226,0.9879999756813049,0.9142000079154968
YBL097W,YHR099W,0,-7.6890597,0.09752245247364044,0.9879999756813049,0.9143000245094299
YBL009W,YMR116C,0,-7.68986,0.09751283377408981,0.9879999756813049,0.9143999814987183
YEL004W,YPL144W,0,-7.6904426,0.09750320762395859,0.9879999756813049,0.9144999980926514
YMR024W,YDL112W,0,-7.690599,0.09749358892440796,0.9879999756813049,0.9146000146865845
YPL146C,YPL167C,0,-7.691034,0.09748396277427673,0.9879999756813049,0.9146999716758728
YGR288W,YKR062W,0,-7.691858,0.0974743515253067,0.9879999756813049,0.9147999882698059
YJL073W,YOL141W,0,-7.694011,0.09746473282575607,0.9879999756813049,0.914900004863739
YFR032C-A,YHR111W,0,-7.694293,0.09745512157678604,0.9879999756813049,0.9150000214576721
YLR308W,YLR148W,0,-7.6947703,0.09744551032781601,0.9879999756813049,0.9150999784469604
YMR014W,YPL280W,0,-7.69491,0.09743589907884598,0.9879999756813049,0.9151999950408936
YJL081C,YLL008W,0,-7.6951175,0.09742628782987595,0.9879999756813049,0.9153000116348267
YOL101C,YOL006C,0,-7.695159,0.09741668403148651,0.9879999756813049,0.9154000282287598
YJR002W,YIL173W,0,-7.695354,0.09740708023309708,0.9879999756813049,0.9154999852180481
YLR181C,YPL141C,0,-7.6956477,0.09739747643470764,0.9879999756813049,0.9156000018119812
YOR063W,YFR003C,0,-7.6957803,0.0973878726363182,0.9879999756813049,0.9157000184059143
YPR026W,YFR032C-A,0,-7.695998,0.09737827628850937,0.9879999756813049,0.9157999753952026
YAL053W,YLR212C,0,-7.696134,0.09736867994070053,0.9879999756813049,0.9158999919891357
YOR207C,YCR045C,0,-7.6964526,0.0973590835928917,0.9879999756813049,0.9160000085830688
YOR341W,YDR074W,0,-7.698294,0.09734949469566345,0.9879999756813049,0.916100025177002
YPL104W,YMR285C,0,-7.6990027,0.09733989834785461,0.9879999756813049,0.9161999821662903
YBR217W,YMR239C,0,-7.699799,0.09733030945062637,0.9879999756813049,0.9162999987602234
YPL233W,YGR118W,0,-7.7003894,0.09732072800397873,0.9879999756813049,0.9164000153541565
YOL077C,YIL052C,0,-7.7006354,0.09731113910675049,0.9879999756813049,0.9164999723434448
YIL121W,YOR259C,0,-7.701673,0.09730155766010284,0.9879999756813049,0.9165999889373779
YHR047C,YPR179C,0,-7.7038684,0.0972919762134552,0.9879999756813049,0.916700005531311
YOL054W,YIL091C,0,-7.7056975,0.09728239476680756,0.9879999756813049,0.9168000221252441
YBR085W,YGR191W,0,-7.7059035,0.09727281332015991,0.9879999756813049,0.9168999791145325
YFL024C,YDR349C,0,-7.7059903,0.09726323932409286,0.9879999756813049,0.9169999957084656
YJR035W,YDR523C,0,-7.706019,0.09725366532802582,0.9879999756813049,0.9171000123023987
YOR237W,YDR177W,1,-7.706584,0.09734252095222473,0.9890000224113464,0.9171000123023987
YLR084C,YJL098W,0,-7.707931,0.09733293950557709,0.9890000224113464,0.9172000288963318
YHL022C,YLR181C,0,-7.708405,0.09732335805892944,0.9890000224113464,0.9172999858856201
YOR031W,YAR071W,0,-7.7087216,0.0973137840628624,0.9890000224113464,0.9174000024795532
YHR194W,YDR091C,0,-7.7091827,0.09730421006679535,0.9890000224113464,0.9175000190734863
YGL030W,YGL096W,0,-7.710035,0.0972946360707283,0.9890000224113464,0.9175999760627747
YLR393W,YOR252W,0,-7.7103124,0.09728506952524185,0.9890000224113464,0.9176999926567078
YKR065C,YLR196W,0,-7.710958,0.0972754955291748,0.9890000224113464,0.9178000092506409
YMR189W,YBR146W,0,-7.711391,0.09726592898368835,0.9890000224113464,0.917900025844574
YBR158W,YOR208W,0,-7.7114406,0.0972563698887825,0.9890000224113464,0.9179999828338623
YNL331C,YGR213C,0,-7.711595,0.09724680334329605,0.9890000224113464,0.9180999994277954
YOL094C,YGL162W,0,-7.7116504,0.0972372442483902,0.9890000224113464,0.9182000160217285
YJL208C,YER006W,0,-7.7128296,0.09722768515348434,0.9890000224113464,0.9182999730110168
YDL192W,YPL256C,0,-7.7129183,0.09721812605857849,0.9890000224113464,0.91839998960495
YNL001W,YHR187W,0,-7.714438,0.09720857441425323,0.9890000224113464,0.9185000061988831
YGL009C,YOR310C,0,-7.714727,0.09719901531934738,0.9890000224113464,0.9186000227928162
YLR347C,YEL055C,0,-7.7147636,0.09718946367502213,0.9890000224113464,0.9186999797821045
YHR052W,YOR349W,0,-7.7153635,0.09717991203069687,0.9890000224113464,0.9187999963760376
YDL227C,YFR048W,0,-7.7162414,0.09717036783695221,0.9890000224113464,0.9189000129699707
YGR185C,YIL091C,0,-7.71696,0.09716082364320755,0.9890000224113464,0.9190000295639038
YOL119C,YDL208W,0,-7.718048,0.09715127944946289,0.9890000224113464,0.9190999865531921
YPR164W,YEL055C,0,-7.7185526,0.09714173525571823,0.9890000224113464,0.9192000031471252
YJR121W,YJL171C,0,-7.718788,0.09713219106197357,0.9890000224113464,0.9193000197410583
YOL070C,YDR012W,0,-7.718929,0.09712265431880951,0.9890000224113464,0.9193999767303467
YJR077C,YDR285W,0,-7.7191668,0.09711311757564545,0.9890000224113464,0.9194999933242798
YLL008W,YGL051W,0,-7.719828,0.09710358083248138,0.9890000224113464,0.9196000099182129
YNL172W,YCR073C,0,-7.720688,0.09709405153989792,0.9890000224113464,0.919700026512146
YPL081W,YFL017W-A,0,-7.722324,0.09708452224731445,0.9890000224113464,0.9197999835014343
YPL098C,YPR009W,0,-7.723099,0.09707499295473099,0.9890000224113464,0.9199000000953674
YIL072W,YMR011W,0,-7.7231307,0.09706546366214752,0.9890000224113464,0.9200000166893005
YOR237W,YNL093W,1,-7.7236176,0.09715407341718674,0.9900000095367432,0.9200000166893005
YBR297W,YKL212W,0,-7.724285,0.09714453667402267,0.9900000095367432,0.9200999736785889
YDR314C,YLR249W,0,-7.7254677,0.09713500738143921,0.9900000095367432,0.920199990272522
YML011C,YOR307C,0,-7.7255936,0.09712547808885574,0.9900000095367432,0.9203000068664551
YCR088W,YJR070C,0,-7.725798,0.09711594879627228,0.9900000095367432,0.9204000234603882
YER164W,YDR446W,0,-7.726156,0.09710642695426941,0.9900000095367432,0.9204999804496765
YLR216C,YGL225W,0,-7.726481,0.09709689766168594,0.9900000095367432,0.9205999970436096
YGR103W,YOR001W,0,-7.726915,0.09708737581968307,0.9900000095367432,0.9207000136375427
YNR056C,YKL209C,0,-7.727284,0.0970778614282608,0.9900000095367432,0.920799970626831
YEL066W,YDR461W,0,-7.7277007,0.09706833958625793,0.9900000095367432,0.9208999872207642
YLR347C,YER102W,0,-7.7285614,0.09705882519483566,0.9900000095367432,0.9210000038146973
YNL210W,YJL108C,0,-7.7307773,0.09704931080341339,0.9900000095367432,0.9211000204086304
YDL166C,YPL213W,0,-7.731579,0.09703979641199112,0.9900000095367432,0.9211999773979187
YLR084C,YIL153W,0,-7.733604,0.09703028202056885,0.9900000095367432,0.9212999939918518
YDR075W,YJL168C,0,-7.7336516,0.09702077507972717,0.9900000095367432,0.9214000105857849
YGL181W,YKR069W,0,-7.733692,0.0970112681388855,0.9900000095367432,0.921500027179718
YIR013C,YOL066C,0,-7.733791,0.09700176119804382,0.9900000095367432,0.9215999841690063
YMR201C,YNL113W,0,-7.7350097,0.09699226170778275,0.9900000095367432,0.9217000007629395
YMR239C,YBR173C,0,-7.736299,0.09698276221752167,0.9900000095367432,0.9218000173568726
YLR370C,YER091C,0,-7.736631,0.09697325527667999,0.9900000095367432,0.9218999743461609
YOR288C,YLR064W,0,-7.7371182,0.09696376323699951,0.9900000095367432,0.921999990940094
YGR246C,YLR210W,0,-7.738379,0.09695426374673843,0.9900000095367432,0.9221000075340271
YLR113W,YDR367W,0,-7.7389226,0.09694477170705795,0.9900000095367432,0.9222000241279602
YPR009W,YLR466W,0,-7.7393756,0.09693527966737747,0.9900000095367432,0.9222999811172485
YMR164C,YBL034C,0,-7.739405,0.09692578762769699,0.9900000095367432,0.9223999977111816
YGR052W,YGL169W,0,-7.7396846,0.0969163030385971,0.9900000095367432,0.9225000143051147
YDR446W,YLR285W,0,-7.741056,0.09690681099891663,0.9900000095367432,0.9225999712944031
YOR370C,YER074W,0,-7.7415514,0.09689732640981674,0.9900000095367432,0.9226999878883362
YIL113W,YKR056W,0,-7.741757,0.09688784182071686,0.9900000095367432,0.9228000044822693
YBR247C,YHL002W,0,-7.7426605,0.09687836468219757,0.9900000095367432,0.9229000210762024
YBL042C,YKL144C,0,-7.742991,0.09686888754367828,0.9900000095367432,0.9229999780654907
YFL055W,YOL033W,0,-7.743886,0.096859410405159,0.9900000095367432,0.9230999946594238
YFL011W,YDR190C,0,-7.7440343,0.09684993326663971,0.9900000095367432,0.9232000112533569
YAL042W,YOL093W,0,-7.7454658,0.09684045612812042,0.9900000095367432,0.92330002784729
YLR174W,YBL068W,0,-7.7457585,0.09683098644018173,0.9900000095367432,0.9233999848365784
YNR017W,YIR041W,0,-7.745786,0.09682151675224304,0.9900000095367432,0.9235000014305115
YDR110W,YKR086W,0,-7.7461405,0.09681204706430435,0.9900000095367432,0.9236000180244446
YJR053W,YNL245C,0,-7.7467456,0.09680258482694626,0.9900000095367432,0.9236999750137329
YEL027W,YOR237W,1,-7.7470407,0.096890889108181,0.9909999966621399,0.9236999750137329
YML088W,YEL048C,0,-7.7471104,0.09688141196966171,0.9909999966621399,0.923799991607666
YMR128W,YGL233W,0,-7.748216,0.09687194228172302,0.9909999966621399,0.9239000082015991
YDR465C,YKL156W,0,-7.7483788,0.09686248004436493,0.9909999966621399,0.9240000247955322
YCL066W,YML060W,0,-7.7510896,0.09685301035642624,0.9909999966621399,0.9240999817848206
YOL112W,YHR124W,0,-7.751972,0.09684354811906815,0.9909999966621399,0.9241999983787537
YFL055W,YMR215W,0,-7.753717,0.09683408588171005,0.9909999966621399,0.9243000149726868
YDR085C,YIL079C,0,-7.7560506,0.09682462364435196,0.9909999966621399,0.9243999719619751
YDR350C,YLR406C,0,-7.7572327,0.09681516140699387,0.9909999966621399,0.9244999885559082
YJR070C,YER106W,0,-7.758484,0.09680570662021637,0.9909999966621399,0.9246000051498413
YMR231W,YOR272W,0,-7.7590375,0.09679625183343887,0.9909999966621399,0.9247000217437744
YLR308W,YNL300W,0,-7.7591705,0.09678679704666138,0.9909999966621399,0.9247999787330627
YGR264C,YOL120C,0,-7.7610564,0.09677734225988388,0.9909999966621399,0.9248999953269958
YBR085W,YDR489W,0,-7.761475,0.09676789492368698,0.9909999966621399,0.925000011920929
YGR055W,YNL300W,0,-7.7618995,0.09675844758749008,0.9909999966621399,0.9251000285148621
YPL132W,YNL221C,0,-7.7632155,0.09674900025129318,0.9909999966621399,0.9251999855041504
YJL141C,YMR099C,0,-7.7641263,0.09673955291509628,0.9909999966621399,0.9253000020980835
YKR102W,YOR267C,0,-7.7644525,0.09673011302947998,0.9909999966621399,0.9254000186920166
YER170W,YPL220W,0,-7.765139,0.09672067314386368,0.9909999966621399,0.9254999756813049
YCR034W,YKR072C,0,-7.765344,0.09671123325824738,0.9909999966621399,0.925599992275238
YDR314C,YLL045C,0,-7.766847,0.09670179337263107,0.9909999966621399,0.9257000088691711
YHR216W,YLR025W,0,-7.767431,0.09669236093759537,0.9909999966621399,0.9258000254631042
YLR009W,YIR022W,0,-7.7675447,0.09668292850255966,0.9909999966621399,0.9258999824523926
YDR300C,YNL152W,0,-7.7676773,0.09667349606752396,0.9909999966621399,0.9259999990463257
YBR109C,YNR075W,1,-7.768045,0.09676160663366318,0.9919999837875366,0.9259999990463257
YGR225W,YBR199W,0,-7.7688556,0.09675216674804688,0.9919999837875366,0.9261000156402588
YPL209C,YNL299W,0,-7.768905,0.09674273431301117,0.9919999837875366,0.9261999726295471
YDR459C,YBR267W,0,-7.7696757,0.09673330187797546,0.9919999837875366,0.9262999892234802
YBR109C,YOR237W,1,-7.770003,0.0968213751912117,0.9929999709129333,0.9262999892234802
YBL013W,YGL112C,0,-7.774002,0.0968119353055954,0.9929999709129333,0.9264000058174133
YHR096C,YBL035C,0,-7.7742267,0.0968024954199791,0.9929999709129333,0.9265000224113464
YNR072W,YNR050C,0,-7.775308,0.09679306298494339,0.9929999709129333,0.9265999794006348
YGR003W,YPL058C,0,-7.7754874,0.09678362309932709,0.9929999709129333,0.9266999959945679
YGR108W,YMR065W,0,-7.7763844,0.09677419066429138,0.9929999709129333,0.926800012588501
YPL246C,YJL191W,0,-7.777415,0.09676476567983627,0.9929999709129333,0.9269000291824341
YNL227C,YHR016C,1,-7.778483,0.09685277193784714,0.9940000176429749,0.9269000291824341
YBR038W,YMR214W,0,-7.7827144,0.09684333950281143,0.9940000176429749,0.9269999861717224
YGL030W,YIL127C,0,-7.78301,0.09683389961719513,0.9940000176429749,0.9271000027656555
YIR034C,YJR135W-A,0,-7.783732,0.09682446718215942,0.9940000176429749,0.9272000193595886
YPL046C,YJL138C,0,-7.783978,0.09681504219770432,0.9940000176429749,0.927299976348877
YHR118C,YPL218W,0,-7.784034,0.09680560976266861,0.9940000176429749,0.9273999929428101
YDR252W,YAL003W,0,-7.7843843,0.0967961847782135,0.9940000176429749,0.9275000095367432
YOR177C,YOR254C,0,-7.786244,0.09678675979375839,0.9940000176429749,0.9276000261306763
YPR023C,YLR197W,0,-7.788341,0.09677733480930328,0.9940000176429749,0.9276999831199646
YNL210W,YML124C,0,-7.7899666,0.09676790982484818,0.9940000176429749,0.9277999997138977
YML008C,YNL311C,0,-7.790727,0.09675849229097366,0.9940000176429749,0.9279000163078308
YML118W,YLR357W,0,-7.792241,0.09674907475709915,0.9940000176429749,0.9279999732971191
YPL058C,YOR162C,0,-7.7924347,0.09673965722322464,0.9940000176429749,0.9280999898910522
YBR297W,YOL124C,0,-7.7930527,0.09673024713993073,0.9940000176429749,0.9282000064849854
YLR186W,YJL154C,0,-7.7952724,0.09672082960605621,0.9940000176429749,0.9283000230789185
YPL210C,YMR019W,0,-7.7956157,0.0967114195227623,0.9940000176429749,0.9283999800682068
YJL118W,YMR087W,0,-7.795758,0.09670201689004898,0.9940000176429749,0.9284999966621399
YMR049C,YDR484W,0,-7.7960443,0.09669260680675507,0.9940000176429749,0.928600013256073
YPL127C,YGL246C,0,-7.7970176,0.09668320417404175,0.9940000176429749,0.9286999702453613
YAL003W,YPR179C,0,-7.7978992,0.09667380154132843,0.9940000176429749,0.9287999868392944
YDR481C,YGR279C,0,-7.799552,0.09666439890861511,0.9940000176429749,0.9289000034332275
YDL082W,YGL210W,0,-7.799866,0.0966549962759018,0.9940000176429749,0.9290000200271606
YPL101W,YCR043C,0,-7.800687,0.09664560109376907,0.9940000176429749,0.929099977016449
YMR136W,YGR258C,0,-7.800936,0.09663620591163635,0.9940000176429749,0.9291999936103821
YKR039W,YNR008W,0,-7.80095,0.09662681072950363,0.9940000176429749,0.9293000102043152
YNR072W,YIL018W,0,-7.801293,0.09661741554737091,0.9940000176429749,0.9294000267982483
YOR096W,YDR166C,0,-7.801623,0.09660802781581879,0.9940000176429749,0.9294999837875366
YAL048C,YDR012W,0,-7.8020177,0.09659864008426666,0.9940000176429749,0.9296000003814697
YPL178W,YCR034W,0,-7.802983,0.09658925235271454,0.9940000176429749,0.9297000169754028
YNL275W,YKL029C,0,-7.803066,0.09657986462116241,0.9940000176429749,0.9297999739646912
YKL060C,YGR161C,0,-7.803242,0.09657048434019089,0.9940000176429749,0.9298999905586243
YJL033W,YHL001W,0,-7.8033056,0.09656110405921936,0.9940000176429749,0.9300000071525574
YOR306C,YGL123W,0,-7.804065,0.09655172377824783,0.9940000176429749,0.9301000237464905
YNL132W,YGL045W,0,-7.8041854,0.0965423434972763,0.9940000176429749,0.9301999807357788
YER056C-A,YDR369C,0,-7.804292,0.09653297066688538,0.9940000176429749,0.9302999973297119
YFR001W,YCR106W,0,-7.808294,0.09652359783649445,0.9940000176429749,0.930400013923645
YHR123W,YHR092C,0,-7.809236,0.09651422500610352,0.9940000176429749,0.9304999709129333
YDL075W,YGL207W,0,-7.8093762,0.09650485217571259,0.9940000176429749,0.9305999875068665
YER015W,YOR306C,0,-7.8094096,0.09649548679590225,0.9940000176429749,0.9307000041007996
YDR446W,YBR168W,0,-7.809852,0.09648612141609192,0.9940000176429749,0.9308000206947327
YJL071W,YGL226C-A,0,-7.8124547,0.09647675603628159,0.9940000176429749,0.930899977684021
YOR036W,YMR235C,0,-7.8134713,0.09646739065647125,0.9940000176429749,0.9309999942779541
YGL194C,YGR214W,0,-7.813842,0.09645803272724152,0.9940000176429749,0.9311000108718872
YJR002W,YNL012W,0,-7.8181424,0.09644866734743118,0.9940000176429749,0.9312000274658203
YJL125C,YDL130W,0,-7.8184447,0.09643930941820145,0.9940000176429749,0.9312999844551086
YNL169C,YOR252W,0,-7.818559,0.09642995893955231,0.9940000176429749,0.9314000010490417
YGR086C,YML052W,1,-7.8193536,0.09651760756969452,0.9950000047683716,0.9314000010490417
YCR034W,YNL302C,0,-7.8193803,0.09650824218988419,0.9950000047683716,0.9315000176429749
YNR074C,YOL023W,0,-7.8198752,0.09649888426065445,0.9950000047683716,0.9315999746322632
YCL025C,YLL057C,0,-7.820232,0.09648952633142471,0.9950000047683716,0.9316999912261963
YNL210W,YOR347C,0,-7.8203506,0.09648016840219498,0.9950000047683716,0.9318000078201294
YDR365C,YER174C,0,-7.820676,0.09647081792354584,0.9950000047683716,0.9319000244140625
YBL042C,YPL180W,0,-7.8207226,0.0964614674448967,0.9950000047683716,0.9319999814033508
YMR246W,YDR533C,0,-7.821605,0.09645210951566696,0.9950000047683716,0.9320999979972839
YGL130W,YBR084W,0,-7.8217244,0.09644276648759842,0.9950000047683716,0.932200014591217
YKL052C,YHR197W,0,-7.823252,0.09643341600894928,0.9950000047683716,0.9322999715805054
YJL103C,YGL103W,0,-7.823629,0.09642407298088074,0.9950000047683716,0.9323999881744385
YNL175C,YCR066W,0,-7.823998,0.0964147299528122,0.9950000047683716,0.9325000047683716
YDR106W,YOR182C,0,-7.826259,0.09640538692474365,0.9950000047683716,0.9326000213623047
YOR310C,YMR243C,0,-7.827086,0.09639604389667511,0.9950000047683716,0.932699978351593
YKL092C,YLL004W,0,-7.8273087,0.09638670831918716,0.9950000047683716,0.9327999949455261
YGL155W,YPL210C,0,-7.828086,0.09637737274169922,0.9950000047683716,0.9329000115394592
YPL281C,YPR118W,0,-7.82844,0.09636803716421127,0.9950000047683716,0.9330000281333923
YPL096C-A,YKR079C,0,-7.8285155,0.09635870903730392,0.9950000047683716,0.9330999851226807
YGR133W,YDR395W,0,-7.8286543,0.09634937345981598,0.9950000047683716,0.9332000017166138
YBR142W,YJL045W,0,-7.828996,0.09634004533290863,0.9950000047683716,0.9333000183105469
YPR010C,YPL207W,0,-7.8292327,0.09633071720600128,0.9950000047683716,0.9333999752998352
YML104C,YLR406C,0,-7.830277,0.09632139652967453,0.9950000047683716,0.9334999918937683
YCR053W,YDR059C,1,-7.833236,0.09640886634588242,0.9959999918937683,0.9334999918937683
YPL021W,YDR281C,0,-7.8334947,0.09639953821897507,0.9959999918937683,0.9336000084877014
YDR251W,YKL006W,0,-7.8347125,0.09639020264148712,0.9959999918937683,0.9337000250816345
YHR023W,YNL175C,0,-7.8399587,0.09638088196516037,0.9959999918937683,0.9337999820709229
YLR115W,YDL051W,0,-7.841401,0.09637155383825302,0.9959999918937683,0.933899998664856
YNL274C,YJL010C,0,-7.8417974,0.09636222571134567,0.9959999918937683,0.9340000152587891
YOR278W,YJL076W,0,-7.8437033,0.09635290503501892,0.9959999918937683,0.9340999722480774
YLR106C,YKL125W,0,-7.844433,0.09634358435869217,0.9959999918937683,0.9341999888420105
YJL010C,YPL094C,0,-7.844775,0.09633427113294601,0.9959999918937683,0.9343000054359436
YDR315C,YIL052C,0,-7.8452535,0.09632495045661926,0.9959999918937683,0.9344000220298767
YGR036C,YHR128W,0,-7.8456607,0.09631563723087311,0.9959999918937683,0.934499979019165
YNL148C,YBR196C,0,-7.8462834,0.09630632400512695,0.9959999918937683,0.9345999956130981
YNL172W,YDL108W,0,-7.8474455,0.0962970107793808,0.9959999918937683,0.9347000122070312
YDR037W,YHR034C,0,-7.8484035,0.09628770500421524,0.9959999918937683,0.9348000288009644
YCR046C,YDR213W,0,-7.849039,0.09627839177846909,0.9959999918937683,0.9348999857902527
YDL036C,YHR098C,0,-7.8492556,0.09626908600330353,0.9959999918937683,0.9350000023841858
YPR164W,YOR167C,0,-7.8495984,0.09625978767871857,0.9959999918937683,0.9351000189781189
YFR001W,YNR017W,0,-7.85197,0.09625048190355301,0.9959999918937683,0.9351999759674072
YMR083W,YNL299W,0,-7.85248,0.09624118357896805,0.9959999918937683,0.9352999925613403
YPL266W,YLR336C,0,-7.8526263,0.09623188525438309,0.9959999918937683,0.9354000091552734
YDR244W,YDR429C,0,-7.8531528,0.09622258692979813,0.9959999918937683,0.9355000257492065
YNL245C,YKL209C,0,-7.8536286,0.09621328860521317,0.9959999918937683,0.9355999827384949
YJL208C,YDR369C,0,-7.8562574,0.0962039977312088,0.9959999918937683,0.935699999332428
YMR042W,YBR240C,0,-7.8563285,0.09619470685720444,0.9959999918937683,0.9358000159263611
YMR116C,YGR040W,0,-7.856512,0.09618541598320007,0.9959999918937683,0.9358999729156494
YNL052W,YNR050C,0,-7.8567543,0.0961761325597763,0.9959999918937683,0.9359999895095825
YOR368W,YFL002C,0,-7.85735,0.09616684168577194,0.9959999918937683,0.9361000061035156
YBR158W,YOR058C,0,-7.858108,0.09615755826234818,0.9959999918937683,0.9362000226974487
YGL172W,YHR197W,0,-7.858641,0.09614827483892441,0.9959999918937683,0.9362999796867371
YJL158C,YLR248W,0,-7.8587213,0.09613899886608124,0.9959999918937683,0.9363999962806702
YPL096W,YGL103W,0,-7.8599,0.09612971544265747,0.9959999918937683,0.9365000128746033
YOL101C,YOR130C,0,-7.8607535,0.0961204394698143,0.9959999918937683,0.9366000294685364
YGL078C,YOR339C,0,-7.860765,0.09611116349697113,0.9959999918937683,0.9366999864578247
YHR128W,YPL220W,0,-7.861108,0.09610188752412796,0.9959999918937683,0.9368000030517578
YDL102W,YPL101W,0,-7.862825,0.09609261900186539,0.9959999918937683,0.9369000196456909
YGR258C,YML026C,0,-7.8632064,0.09608335047960281,0.9959999918937683,0.9369999766349792
YER091C,YGR048W,0,-7.8633695,0.09607408195734024,0.9959999918937683,0.9370999932289124
YPL045W,YPL113C,0,-7.8635283,0.09606481343507767,0.9959999918937683,0.9372000098228455
YGL111W,YIL129C,0,-7.863665,0.09605555236339569,0.9959999918937683,0.9373000264167786
YLR153C,YBR187W,0,-7.863791,0.09604628384113312,0.9959999918937683,0.9373999834060669
YPL281C,YDL229W,0,-7.8641067,0.09603702276945114,0.9959999918937683,0.9375
YHR088W,YMR270C,0,-7.864287,0.09602776914834976,0.9959999918937683,0.9376000165939331
YDR212W,YGR090W,0,-7.864775,0.09601850807666779,0.9959999918937683,0.9376999735832214
YPR164W,YBR091C,0,-7.8659177,0.0960092544555664,0.9959999918937683,0.9377999901771545
YPR187W,YBR228W,0,-7.8659573,0.09600000083446503,0.9959999918937683,0.9379000067710876
YGL200C,YOR242C,0,-7.8661532,0.09599074721336365,0.9959999918937683,0.9380000233650208
YGL148W,YGL096W,0,-7.866935,0.09598150104284286,0.9959999918937683,0.9380999803543091
YOR382W,YPL246C,0,-7.867491,0.09597224742174149,0.9959999918937683,0.9381999969482422
YLR189C,YDR144C,0,-7.868843,0.0959630012512207,0.9959999918937683,0.9383000135421753
YNR016C,YLR222C,0,-7.8688884,0.09595375508069992,0.9959999918937683,0.9383999705314636
YOR269W,YPR143W,0,-7.8688946,0.09594451636075974,0.9959999918937683,0.9384999871253967
YGL055W,YBL046W,0,-7.8695445,0.09593527019023895,0.9959999918937683,0.9386000037193298
YPL267W,YDR471W,0,-7.869552,0.09592603147029877,0.9959999918937683,0.9387000203132629
YMR041C,YLR263W,0,-7.869882,0.09591679275035858,0.9959999918937683,0.9387999773025513
YDR130C,YJL191W,0,-7.8702784,0.09590756148099899,0.9959999918937683,0.9388999938964844
YLR037C,YKL029C,0,-7.870616,0.09589832276105881,0.9959999918937683,0.9390000104904175
YBL025W,YKL212W,0,-7.871535,0.09588909149169922,0.9959999918937683,0.9391000270843506
YNL264C,YOR247W,0,-7.872333,0.09587986022233963,0.9959999918937683,0.9391999840736389
YOR226C,YDR492W,0,-7.872356,0.09587062895298004,0.9959999918937683,0.939300000667572
YDR397C,YLR197W,0,-7.8748903,0.09586140513420105,0.9959999918937683,0.9394000172615051
YMR323W,YOL049W,0,-7.8758016,0.09585218131542206,0.9959999918937683,0.9394999742507935
YIL126W,YIL158W,0,-7.8776627,0.09584295749664307,0.9959999918937683,0.9395999908447266
YDR299W,YBR125C,0,-7.879042,0.09583373367786407,0.9959999918937683,0.9397000074386597
YGR169C,YDR494W,0,-7.87934,0.09582451730966568,0.9959999918937683,0.9398000240325928
YNL042W,YPL210C,0,-7.8798394,0.09581529349088669,0.9959999918937683,0.9398999810218811
YGR092W,YER056C,0,-7.8800735,0.0958060771226883,0.9959999918937683,0.9399999976158142
YKL144C,YDR190C,0,-7.8808837,0.0957968682050705,0.9959999918937683,0.9401000142097473
YOL145C,YPL126W,0,-7.8825655,0.0957876518368721,0.9959999918937683,0.9401999711990356
YFL011W,YAL016W,0,-7.883448,0.0957784429192543,0.9959999918937683,0.9402999877929688
YFL053W,YGR185C,0,-7.8840547,0.0957692340016365,0.9959999918937683,0.9404000043869019
YFL050C,YLR382C,0,-7.884545,0.09576002508401871,0.9959999918937683,0.940500020980835
YIR013C,YGL028C,0,-7.8852057,0.09575081616640091,0.9959999918937683,0.9405999779701233
YOL041C,YLR167W,0,-7.8853693,0.09574161469936371,0.9959999918937683,0.9406999945640564
YBR038W,YJL052W,0,-7.885803,0.09573241323232651,0.9959999918937683,0.9408000111579895
YNL279W,YLL066C,0,-7.885858,0.0957232117652893,0.9959999918937683,0.9409000277519226
YFR041C,YPR010C,0,-7.885962,0.0957140102982521,0.9959999918937683,0.9409999847412109
YGR244C,YGL162W,0,-7.8862357,0.0957048162817955,0.9959999918937683,0.941100001335144
YOR173W,YER070W,0,-7.887157,0.0956956222653389,0.9959999918937683,0.9412000179290771
YHR023W,YOR361C,0,-7.8879123,0.0956864282488823,0.9959999918937683,0.9412999749183655
YMR235C,YCR031C,0,-7.888923,0.09567723423242569,0.9959999918937683,0.9413999915122986
YOR369C,YLR183C,0,-7.8908024,0.09566804021596909,0.9959999918937683,0.9415000081062317
YPR043W,YLR197W,0,-7.8909554,0.09565885365009308,0.9959999918937683,0.9416000247001648
YGR124W,YLR014C,0,-7.8910694,0.09564966708421707,0.9959999918937683,0.9416999816894531
YMR235C,YKR056W,0,-7.891274,0.09564048051834106,0.9959999918937683,0.9417999982833862
YHR092C,YGR084C,0,-7.89473,0.09563130140304565,0.9959999918937683,0.9419000148773193
YJR097W,YPR137W,0,-7.8952107,0.09562212228775024,0.9959999918937683,0.9419999718666077
YPR144C,YIL037C,0,-7.8957005,0.09561294317245483,0.9959999918937683,0.9420999884605408
YDL209C,YOR116C,0,-7.8965173,0.09560376405715942,0.9959999918937683,0.9422000050544739
YKR049C,YCR072C,0,-7.8999763,0.09559458494186401,0.9959999918937683,0.942300021648407
YGL116W,YMR182C,0,-7.9004116,0.0955854132771492,0.9959999918937683,0.9423999786376953
YFR032C-A,YCR073C,0,-7.900722,0.09557624161243439,0.9959999918937683,0.9424999952316284
YCL026C-A,YGR239C,0,-7.9010468,0.09556706994771957,0.9959999918937683,0.9426000118255615
YOR048C,YBR183W,0,-7.902649,0.09555789828300476,0.9959999918937683,0.9427000284194946
YIL002C,YML052W,1,-7.9040766,0.09564466774463654,0.996999979019165,0.9427000284194946
YKL152C,YFL011W,0,-7.9044967,0.09563548862934113,0.996999979019165,0.942799985408783
YJL100W,YIR026C,0,-7.9063168,0.09562631696462631,0.996999979019165,0.9429000020027161
YDR158W,YLR024C,0,-7.908199,0.0956171452999115,0.996999979019165,0.9430000185966492
YGL055W,YOL124C,0,-7.9083905,0.09560798108577728,0.996999979019165,0.9430999755859375
YLL052C,YOR211C,0,-7.909676,0.09559880942106247,0.996999979019165,0.9431999921798706
YPL008W,YPR033C,0,-7.9108367,0.09558964520692825,0.996999979019165,0.9433000087738037
YIL118W,YAR035W,0,-7.912746,0.09558048099279404,0.996999979019165,0.9434000253677368
YLR060W,YNR011C,0,-7.912801,0.09557131677865982,0.996999979019165,0.9434999823570251
YBR192W,YER102W,0,-7.912802,0.0955621600151062,0.996999979019165,0.9435999989509583
YBL038W,YOR369C,0,-7.91304,0.09555300325155258,0.996999979019165,0.9437000155448914
YNL021W,YJL177W,0,-7.9134183,0.09554384648799896,0.996999979019165,0.9437999725341797
YOR046C,YLR440C,0,-7.914123,0.09553468972444534,0.996999979019165,0.9438999891281128
YJR090C,YGL111W,0,-7.914664,0.09552553296089172,0.996999979019165,0.9440000057220459
YER095W,YGR279C,0,-7.9175973,0.0955163836479187,0.996999979019165,0.944100022315979
YJL024C,YGR108W,0,-7.9177814,0.09550723433494568,0.996999979019165,0.9441999793052673
YMR128W,YDR516C,0,-7.9191713,0.09549808502197266,0.996999979019165,0.9442999958992004
YGR036C,YGR271C-A,0,-7.921153,0.09548893570899963,0.996999979019165,0.9444000124931335
YOR299W,YJR035W,0,-7.9212418,0.09547979384660721,0.996999979019165,0.9445000290870667
YKL216W,YGR128C,0,-7.92215,0.09547065198421478,0.996999979019165,0.944599986076355
YDR104C,YOR047C,0,-7.924748,0.09546151012182236,0.996999979019165,0.9447000026702881
YMR319C,YPL171C,0,-7.9263854,0.09545236825942993,0.996999979019165,0.9448000192642212
YGL089C,YPR139C,0,-7.926616,0.0954432338476181,0.996999979019165,0.9448999762535095
YPL131W,YLR424W,0,-7.926765,0.09543409943580627,0.996999979019165,0.9449999928474426
YGR163W,YGR148C,0,-7.9269886,0.09542496502399445,0.996999979019165,0.9451000094413757
YGR123C,YCL001W,0,-7.9295363,0.09541583061218262,0.996999979019165,0.9452000260353088
YDR437W,YLL060C,0,-7.930032,0.09540669620037079,0.996999979019165,0.9452999830245972
YOR145C,YCL054W,0,-7.930222,0.09539756923913956,0.996999979019165,0.9453999996185303
YKL009W,YNL240C,0,-7.9305015,0.09538844227790833,0.996999979019165,0.9455000162124634
YGL222C,YGR264C,0,-7.9305663,0.0953793153166771,0.996999979019165,0.9455999732017517
YDR492W,YNL181W,0,-7.9316773,0.09537019580602646,0.996999979019165,0.9456999897956848
YJL177W,YBR080C,0,-7.9331083,0.09536106884479523,0.996999979019165,0.9458000063896179
YHL040C,YGL076C,0,-7.9338536,0.09535194933414459,0.996999979019165,0.945900022983551
YDR044W,YNL283C,0,-7.935387,0.09534282982349396,0.996999979019165,0.9459999799728394
YDR097C,YBR061C,0,-7.936081,0.09533371776342392,0.996999979019165,0.9460999965667725
YER011W,YGL096W,0,-7.936293,0.09532459825277328,0.996999979019165,0.9462000131607056
YNL270C,YPL211W,0,-7.9364586,0.09531548619270325,0.996999979019165,0.9463000297546387
YPL126W,YKL065C,0,-7.9373097,0.09530637413263321,0.996999979019165,0.946399986743927
YIL079C,YBR142W,0,-7.9416842,0.09529726952314377,0.996999979019165,0.9465000033378601
YPL093W,YNL091W,0,-7.941988,0.09528815746307373,0.996999979019165,0.9466000199317932
YMR138W,YLR244C,0,-7.9429107,0.09527905285358429,0.996999979019165,0.9466999769210815
YPR184W,YHL001W,0,-7.944152,0.09526994824409485,0.996999979019165,0.9467999935150146
YBR122C,YNL299W,0,-7.944675,0.09526084363460541,0.996999979019165,0.9469000101089478
YNL230C,YDR382W,0,-7.944799,0.09525174647569656,0.996999979019165,0.9470000267028809
YOR177C,YER070W,0,-7.945587,0.09524264186620712,0.996999979019165,0.9470999836921692
YGR245C,YDR495C,0,-7.946806,0.09523354470729828,0.996999979019165,0.9472000002861023
YJR063W,YFL059W,0,-7.9471354,0.09522444754838943,0.996999979019165,0.9473000168800354
YLR208W,YNR021W,0,-7.947589,0.09521535784006119,0.996999979019165,0.9473999738693237
YFL062W,YBR061C,0,-7.9485126,0.09520626068115234,0.996999979019165,0.9474999904632568
YMR049C,YDR492W,0,-7.9495854,0.0951971709728241,0.996999979019165,0.9476000070571899
YDL082W,YIL105C,0,-7.9516387,0.09518808126449585,0.996999979019165,0.947700023651123
YMR301C,YCR016W,0,-7.952397,0.0951789990067482,0.996999979019165,0.9477999806404114
YBR040W,YLR195C,0,-7.952751,0.09516990929841995,0.996999979019165,0.9478999972343445
YOR237W,YPL145C,1,-7.9540505,0.0952562764286995,0.9980000257492065,0.9478999972343445
YLR175W,YDL154W,0,-7.9546857,0.09524718672037125,0.9980000257492065,0.9480000138282776
YLR291C,YEL059C-A,0,-7.9550676,0.095238097012043,0.9980000257492065,0.9480999708175659
YML022W,YCL001W,0,-7.955567,0.09522900730371475,0.9980000257492065,0.948199987411499
YPL211W,YDR189W,0,-7.957092,0.0952199250459671,0.9980000257492065,0.9483000040054321
YCR106W,YHR197W,0,-7.95762,0.09521083533763885,0.9980000257492065,0.9484000205993652
YCL018W,YNL210W,0,-7.957665,0.0952017530798912,0.9980000257492065,0.9484999775886536
YHL040C,YKR099W,0,-7.9580264,0.09519267827272415,0.9980000257492065,0.9485999941825867
YBL042C,YDL138W,0,-7.9596057,0.0951835960149765,0.9980000257492065,0.9487000107765198
YKR080W,YIL066C,0,-7.96034,0.09517452120780945,0.9980000257492065,0.9488000273704529
YCR002C,YPL249C-A,0,-7.9608245,0.0951654464006424,0.9980000257492065,0.9488999843597412
YJR147W,YIR026C,0,-7.9614253,0.09515637159347534,0.9980000257492065,0.9490000009536743
YJL189W,YJL045W,0,-7.9616356,0.09514729678630829,0.9980000257492065,0.9491000175476074
YHR013C,YJL136C,0,-7.9624453,0.09513822942972183,0.9980000257492065,0.9491999745368958
YOR007C,YOL020W,0,-7.9638686,0.09512915462255478,0.9980000257492065,0.9492999911308289
YPR054W,YIR026C,0,-7.964261,0.09512009471654892,0.9980000257492065,0.949400007724762
YNR044W,YMR280C,0,-7.9645085,0.09511102735996246,0.9980000257492065,0.9495000243186951
YGL018C,YOL097C,0,-7.964788,0.09510196000337601,0.9980000257492065,0.9495999813079834
YOR226C,YMR093W,0,-7.965031,0.09509290009737015,0.9980000257492065,0.9496999979019165
YGR036C,YLR287C-A,0,-7.965056,0.09508384019136429,0.9980000257492065,0.9498000144958496
YAL025C,YGR112W,0,-7.965071,0.09507478028535843,0.9980000257492065,0.9498999714851379
YJL050W,YOL080C,0,-7.9655027,0.09506572782993317,0.9980000257492065,0.949999988079071
YLR085C,YDR508C,0,-7.9686522,0.0950566753745079,0.9980000257492065,0.9501000046730042
YLL034C,YCR030C,0,-7.9707003,0.09504761546850204,0.9980000257492065,0.9502000212669373
YPL154C,YBR031W,0,-7.9715743,0.09503857046365738,0.9980000257492065,0.9502999782562256
YKL184W,YJL109C,0,-7.9723315,0.09502951800823212,0.9980000257492065,0.9503999948501587
YDR364C,YJL177W,0,-7.9768167,0.09502047300338745,0.9980000257492065,0.9505000114440918
YMR164C,YJR145C,0,-7.977307,0.09501142054796219,0.9980000257492065,0.9506000280380249
YER114C,YGR055W,0,-7.977366,0.09500238299369812,0.9980000257492065,0.9506999850273132
YOR033C,YPR132W,0,-7.9786773,0.09499333798885345,0.9980000257492065,0.9508000016212463
YBL013W,YNR050C,0,-7.980201,0.09498429298400879,0.9980000257492065,0.9509000182151794
YNL210W,YLR466W,0,-7.980709,0.09497525542974472,0.9980000257492065,0.9509999752044678
YPR144C,YIL017C,0,-7.981988,0.09496621787548065,0.9980000257492065,0.9510999917984009
YFL039C,YLR056W,1,-7.982252,0.0950523316860199,0.9990000128746033,0.9510999917984009
YKL172W,YDR057W,0,-7.982583,0.09504328668117523,0.9990000128746033,0.951200008392334
YDR138W,YDR076W,0,-7.983839,0.09503424912691116,0.9990000128746033,0.9513000249862671
YOL044W,YGR162W,0,-7.984064,0.0950252041220665,0.9990000128746033,0.9513999819755554
YLL026W,YGR094W,0,-7.9869556,0.09501616656780243,0.9990000128746033,0.9514999985694885
YML022W,YJR090C,0,-7.9875736,0.09500712901353836,0.9990000128746033,0.9516000151634216
YMR011W,YGL009C,0,-7.9878774,0.09499809890985489,0.9990000128746033,0.95169997215271
YIR034C,YJL025W,0,-7.987948,0.09498906880617142,0.9990000128746033,0.9517999887466431
YMR290C,YKL101W,0,-7.9884152,0.09498003125190735,0.9990000128746033,0.9519000053405762
YLR284C,YHR216W,0,-7.9884667,0.09497100114822388,0.9990000128746033,0.9520000219345093
YOR031W,YML063W,0,-7.9889584,0.094961978495121,0.9990000128746033,0.9520999789237976
YLL008W,YOL013C,0,-7.989842,0.09495294839143753,0.9990000128746033,0.9521999955177307
YOR074C,YPL093W,0,-7.99058,0.09494392573833466,0.9990000128746033,0.9523000121116638
YNL175C,YDL112W,0,-7.990918,0.09493490308523178,0.9990000128746033,0.9524000287055969
YLR393W,YHR069C,0,-7.9911385,0.0949258804321289,0.9990000128746033,0.9524999856948853
YLR312W-A,YLR008C,0,-7.992745,0.09491686522960663,0.9990000128746033,0.9526000022888184
YPR110C,YCL054W,0,-7.9936247,0.09490785002708435,0.9990000128746033,0.9527000188827515
YGR256W,YNL305C,0,-7.994167,0.09489883482456207,0.9990000128746033,0.9527999758720398
YBR159W,YPL083C,0,-7.9952564,0.0948898196220398,0.9990000128746033,0.9528999924659729
YOR212W,YPL183W-A,0,-7.9961495,0.09488080441951752,0.9990000128746033,0.953000009059906
YKR086W,YER056C-A,0,-7.9969106,0.09487179666757584,0.9990000128746033,0.9531000256538391
YMR229C,YDR212W,0,-7.998836,0.09486278891563416,0.9990000128746033,0.9531999826431274
YJR091C,YDL083C,0,-7.999768,0.09485378116369247,0.9990000128746033,0.9532999992370605
YGR147C,YPL211W,0,-8.00103,0.0948447734117508,0.9990000128746033,0.9534000158309937
YJR097W,YGR229C,0,-8.001461,0.09483577311038971,0.9990000128746033,0.953499972820282
YOL051W,YNL248C,0,-8.00216,0.09482676535844803,0.9990000128746033,0.9535999894142151
YJL158C,YML029W,0,-8.002668,0.09481776505708694,0.9990000128746033,0.9537000060081482
YCL059C,YHR063C,0,-8.00284,0.09480877220630646,0.9990000128746033,0.9538000226020813
YNL306W,YPL079W,0,-8.004967,0.09479977190494537,0.9990000128746033,0.9538999795913696
YOL137W,YML073C,0,-8.006236,0.09479077905416489,0.9990000128746033,0.9539999961853027
YGL133W,YGR082W,0,-8.006676,0.0947817862033844,0.9990000128746033,0.9541000127792358
YMR297W,YGR285C,0,-8.006788,0.09477279335260391,0.9990000128746033,0.954200029373169
YGR108W,YOR099W,0,-8.006855,0.09476380050182343,0.9990000128746033,0.9542999863624573
YDR113C,YBR092C,0,-8.007986,0.09475481510162354,0.9990000128746033,0.9544000029563904
YCL011C,YPR114W,0,-8.008911,0.09474582970142365,0.9990000128746033,0.9545000195503235
YPL112C,YLR014C,0,-8.009384,0.09473684430122375,0.9990000128746033,0.9545999765396118
YOL061W,YDR465C,0,-8.009901,0.09472785890102386,0.9990000128746033,0.9546999931335449
YBL013W,YNL221C,0,-8.010543,0.09471888095140457,0.9990000128746033,0.954800009727478
YML128C,YOR234C,0,-8.011385,0.09470989555120468,0.9990000128746033,0.9549000263214111
YOR078W,YBR072W,0,-8.012066,0.09470091760158539,0.9990000128746033,0.9549999833106995
YPR006C,YAR002W,0,-8.012175,0.0946919396519661,0.9990000128746033,0.9550999999046326
YCR075C,YHR094C,0,-8.014987,0.0946829691529274,0.9990000128746033,0.9552000164985657
YGR238C,YPR010C,0,-8.016291,0.0946739986538887,0.9990000128746033,0.955299973487854
YLR172C,YLR142W,0,-8.016498,0.09466502070426941,0.9990000128746033,0.9553999900817871
YPL101W,YML024W,0,-8.016699,0.09465605765581131,0.9990000128746033,0.9555000066757202
YPL153C,YIL047C,0,-8.017387,0.09464708715677261,0.9990000128746033,0.9556000232696533
YPL266W,YPL022W,0,-8.01858,0.09463812410831451,0.9990000128746033,0.9556999802589417
YDR163W,YOR247W,0,-8.020052,0.09462915360927582,0.9990000128746033,0.9557999968528748
YLL026W,YER165W,0,-8.020552,0.09462019056081772,0.9990000128746033,0.9559000134468079
YGR065C,YLR224W,0,-8.021222,0.09461123496294022,0.9990000128746033,0.9559999704360962
YPL112C,YCR031C,0,-8.023394,0.09460227191448212,0.9990000128746033,0.9560999870300293
YMR081C,YBR031W,0,-8.023426,0.09459331631660461,0.9990000128746033,0.9562000036239624
YAL025C,YPL074W,0,-8.023647,0.09458436071872711,0.9990000128746033,0.9563000202178955
YJL020C,YPR110C,0,-8.023844,0.09457540512084961,0.9990000128746033,0.9563999772071838
YDL145C,YLR010C,0,-8.023935,0.0945664495229721,0.9990000128746033,0.9564999938011169
YPL235W,YOR313C,0,-8.024996,0.0945575013756752,0.9990000128746033,0.95660001039505
YLR401C,YKL196C,0,-8.025484,0.0945485532283783,0.9990000128746033,0.9567000269889832
YGR256W,YPR033C,0,-8.026555,0.09453960508108139,0.9990000128746033,0.9567999839782715
YIL066C,YKR060W,0,-8.02709,0.09453065693378448,0.9990000128746033,0.9569000005722046
YML121W,YDR465C,0,-8.027109,0.09452171623706818,0.9990000128746033,0.9570000171661377
YMR093W,YBR293W,0,-8.028889,0.09451277554035187,0.9990000128746033,0.957099974155426
YLR384C,YOL129W,0,-8.030277,0.09450383484363556,0.9990000128746033,0.9571999907493591
YGL076C,YDR498C,0,-8.0307045,0.09449489414691925,0.9990000128746033,0.9573000073432922
YOR237W,YML052W,1,-8.031933,0.09458053857088089,1.0,0.9573000073432922
YBR084W,YDR166C,0,-8.032295,0.09457159042358398,1.0,0.9574000239372253
YJL010C,YDL059C,0,-8.032518,0.09456264972686768,1.0,0.9574999809265137
YGR248W,YOR009W,0,-8.033249,0.09455370903015137,1.0,0.9575999975204468
YKR046C,YNL292W,0,-8.035719,0.09454476833343506,1.0,0.9577000141143799
YNL112W,YFL036W,0,-8.036091,0.09453582763671875,1.0,0.9577999711036682
YDR147W,YDL055C,0,-8.037127,0.09452689439058304,1.0,0.9578999876976013
YPL093W,YKR079C,0,-8.037454,0.09451796114444733,1.0,0.9580000042915344
YPL156C,YGL031C,0,-8.041653,0.09450902789831161,1.0,0.9581000208854675
YLR008C,YOL154W,0,-8.044989,0.0945000946521759,1.0,0.9581999778747559
YGR152C,YGR234W,0,-8.045248,0.09449116140604019,1.0,0.958299994468689
YLR075W,YER098W,0,-8.045248,0.09448223561048508,1.0,0.9584000110626221
YJL158C,YPR162C,0,-8.045337,0.09447330981492996,1.0,0.9585000276565552
YOR233W,YCR072C,0,-8.047405,0.09446438401937485,1.0,0.9585999846458435
YBL027W,YMR143W,0,-8.04855,0.09445546567440033,1.0,0.9587000012397766
YMR055C,YMR093W,0,-8.0489025,0.09444653987884521,1.0,0.9588000178337097
YJR031C,YJL108C,0,-8.048925,0.0944376215338707,1.0,0.958899974822998
YLR347C,YLR197W,0,-8.050749,0.09442870318889618,1.0,0.9589999914169312
YNL066W,YML076C,0,-8.052296,0.09441979229450226,1.0,0.9591000080108643
YLR276C,YPL164C,0,-8.0526285,0.09441087394952774,1.0,0.9592000246047974
YJL072C,YPL079W,0,-8.056545,0.09440196305513382,1.0,0.9592999815940857
YCR030C,YLR435W,0,-8.0574665,0.0943930521607399,1.0,0.9593999981880188
YHR065C,YIL113W,0,-8.059141,0.09438414126634598,1.0,0.9595000147819519
YOR046C,YGR006W,0,-8.059389,0.09437523782253265,1.0,0.9595999717712402
YNR011C,YGR208W,0,-8.0601425,0.09436632692813873,1.0,0.9596999883651733
YDL022W,YLR346C,0,-8.061281,0.09435742348432541,1.0,0.9598000049591064
YER056C,YGR030C,0,-8.0614395,0.09434852004051208,1.0,0.9599000215530396
YNL132W,YER003C,0,-8.0626545,0.09433962404727936,1.0,0.9599999785423279
YCR034W,YJL129C,0,-8.064144,0.09433072060346603,1.0,0.960099995136261
YGR037C,YIL052C,0,-8.064656,0.0943218246102333,1.0,0.9602000117301941
YNL240C,YLR197W,0,-8.065842,0.09431292861700058,1.0,0.9603000283241272
YOR204W,YPL138C,0,-8.066509,0.09430403262376785,1.0,0.9603999853134155
YOR058C,YDR437W,0,-8.066782,0.09429514408111572,1.0,0.9605000019073486
YJL194W,YPL177C,0,-8.0672,0.09428625553846359,1.0,0.9606000185012817
YOR018W,YJL177W,0,-8.067863,0.09427736699581146,1.0,0.9606999754905701
YMR012W,YGL209W,0,-8.06868,0.09426847845315933,1.0,0.9607999920845032
YDR364C,YOR369C,0,-8.06946,0.0942595899105072,1.0,0.9609000086784363
YOR382W,YMR093W,0,-8.069589,0.09425070881843567,1.0,0.9610000252723694
YGL236C,YMR239C,0,-8.069828,0.09424182772636414,1.0,0.9610999822616577
YBR132C,YCR031C,0,-8.071694,0.0942329466342926,1.0,0.9611999988555908
YPL086C,YHR203C,0,-8.071885,0.09422406554222107,1.0,0.9613000154495239
YJR070C,YDR320C,0,-8.072903,0.09421518445014954,1.0,0.9613999724388123
YER056C-A,YDR126W,0,-8.076078,0.0942063108086586,1.0,0.9614999890327454
YJL158C,YHR061C,0,-8.07633,0.09419743716716766,1.0,0.9616000056266785
YDR060W,YKR097W,0,-8.076731,0.09418856352567673,1.0,0.9617000222206116
YHR123W,YER106W,0,-8.077831,0.09417969733476639,1.0,0.9617999792098999
YNL270C,YHR042W,0,-8.078865,0.09417082369327545,1.0,0.961899995803833
YIL111W,YBR008C,0,-8.079309,0.09416195750236511,1.0,0.9620000123977661
YAR031W,YGL169W,0,-8.08115,0.09415309131145477,1.0,0.9621000289916992
YMR002W,YDR471W,0,-8.081438,0.09414423257112503,1.0,0.9621999859809875
YDR214W,YBR040W,0,-8.083622,0.09413536638021469,1.0,0.9623000025749207
YKR081C,YOL120C,0,-8.085192,0.09412650763988495,1.0,0.9624000191688538
YHR062C,YDR348C,0,-8.08684,0.0941176488995552,1.0,0.9624999761581421
YAL054C,YDR025W,0,-8.08752,0.09410879015922546,1.0,0.9625999927520752
YKR034W,YMR121C,0,-8.088221,0.09409993141889572,1.0,0.9627000093460083
YOR310C,YBL060W,0,-8.088652,0.09409108012914658,1.0,0.9628000259399414
YBR038W,YOL104C,0,-8.088907,0.09408222883939743,1.0,0.9628999829292297
YCL038C,YOR025W,0,-8.089031,0.09407337754964828,1.0,0.9629999995231628
YLR263W,YDR363W-A,0,-8.089352,0.09406452625989914,1.0,0.963100016117096
YPL154C,YLL045C,0,-8.089411,0.09405568242073059,1.0,0.9631999731063843
YFL023W,YOR226C,0,-8.090527,0.09404683858156204,1.0,0.9632999897003174
YIL111W,YMR105C,0,-8.0915365,0.0940379947423935,1.0,0.9634000062942505
YGL040C,YLR435W,0,-8.092197,0.09402915090322495,1.0,0.9635000228881836
YMR214W,YGR245C,0,-8.092236,0.0940203070640564,1.0,0.9635999798774719
YHR194W,YBR092C,0,-8.09305,0.09401147067546844,1.0,0.963699996471405
YGR103W,YPL167C,0,-8.093126,0.0940026342868805,1.0,0.9638000130653381
YJL157C,YCL040W,0,-8.094555,0.09399379789829254,1.0,0.9639000296592712
YFL011W,YOL128C,0,-8.096127,0.09398496150970459,1.0,0.9639999866485596
YAL003W,YGR010W,0,-8.096435,0.09397613257169724,1.0,0.9641000032424927
YER061C,YAR071W,0,-8.0985985,0.09396729618310928,1.0,0.9642000198364258
YGR223C,YLR336C,0,-8.100607,0.09395846724510193,1.0,0.9642999768257141
YLR175W,YJR099W,0,-8.102837,0.09394964575767517,1.0,0.9643999934196472
YFL045C,YNR046W,0,-8.104338,0.09394081681966782,1.0,0.9645000100135803
YJL100W,YCR072C,0,-8.105101,0.09393199533224106,1.0,0.9646000266075134
YGR060W,YDR103W,0,-8.108056,0.0939231738448143,1.0,0.9646999835968018
YKL113C,YCR072C,0,-8.1105,0.09391435235738754,1.0,0.9648000001907349
YOR254C,YHR014W,0,-8.111826,0.09390553086996078,1.0,0.964900016784668
YJR090C,YNR017W,0,-8.114645,0.09389671683311462,1.0,0.9649999737739563
YHL013C,YMR235C,0,-8.118311,0.09388789534568787,1.0,0.9650999903678894
YNL102W,YDL130W,0,-8.118713,0.0938790813088417,1.0,0.9652000069618225
YDR446W,YJL091C,0,-8.118755,0.09387027472257614,1.0,0.9653000235557556
YGL077C,YCR057C,0,-8.119638,0.09386146068572998,1.0,0.965399980545044
YLR223C,YLL012W,0,-8.120925,0.09385265409946442,1.0,0.965499997138977
YNR001C,YNL162W,0,-8.122031,0.09384384751319885,1.0,0.9656000137329102
YNL175C,YBR275C,0,-8.122446,0.09383504092693329,1.0,0.9656999707221985
YOL084W,YIL031W,0,-8.125214,0.09382623434066772,1.0,0.9657999873161316
YPR141C,YLR249W,0,-8.12553,0.09381742775440216,1.0,0.9659000039100647
YML102W,YNL162W,0,-8.126473,0.0938086286187172,1.0,0.9660000205039978
YGR200C,YPL231W,0,-8.12905,0.09379982948303223,1.0,0.9660999774932861
YOR078W,YIL113W,0,-8.1295395,0.09379103034734726,1.0,0.9661999940872192
YHR042W,YDR030C,0,-8.129629,0.09378223866224289,1.0,0.9663000106811523
YMR283C,YDL083C,0,-8.13032,0.09377344697713852,1.0,0.9664000272750854
YBR084W,YDR324C,0,-8.130566,0.09376464784145355,1.0,0.9664999842643738
YMR078C,YLR316C,0,-8.131533,0.09375585615634918,1.0,0.9666000008583069
YHR190W,YGL184C,0,-8.131943,0.09374707192182541,1.0,0.96670001745224
YLR196W,YLR435W,0,-8.13299,0.09373828023672104,1.0,0.9667999744415283
YCR068W,YNL210W,0,-8.133879,0.09372949600219727,1.0,0.9668999910354614
YLR229C,YML014W,0,-8.137482,0.09372071176767349,1.0,0.9670000076293945
YGL055W,YHR069C,0,-8.138174,0.09371192753314972,1.0,0.9671000242233276
YNL210W,YNL221C,0,-8.139219,0.09370315074920654,1.0,0.967199981212616
YFR055W,YIL066C,0,-8.140103,0.09369436651468277,1.0,0.9672999978065491
YOL084W,YDR012W,0,-8.141085,0.0936855897307396,1.0,0.9674000144004822
YJR105W,YJL129C,0,-8.150482,0.09367681294679642,1.0,0.9674999713897705
YKL078W,YBR097W,0,-8.153385,0.09366804361343384,1.0,0.9675999879837036
YML042W,YJL189W,0,-8.156204,0.09365926682949066,1.0,0.9677000045776367
YJR094W-A,YML014W,0,-8.158304,0.09365049749612808,1.0,0.9678000211715698
YMR299C,YLR002C,0,-8.159461,0.0936417281627655,1.0,0.9678999781608582
YPL055C,YCR057C,0,-8.160889,0.09363295882940292,1.0,0.9679999947547913
YBR092C,YGR258C,0,-8.165298,0.09362418949604034,1.0,0.9681000113487244
YIR013C,YBR087W,0,-8.1663,0.09361542761325836,1.0,0.9682000279426575
YPL061W,YJL191W,0,-8.166502,0.09360666573047638,1.0,0.9682999849319458
YHR086W,YOL080C,0,-8.16703,0.0935979038476944,1.0,0.9684000015258789
YCR031C,YML064C,0,-8.168634,0.09358914196491241,1.0,0.968500018119812
YPL126W,YBR093C,0,-8.16897,0.09358038753271103,1.0,0.9685999751091003
YDL227C,YHR048W,0,-8.171808,0.09357162564992905,1.0,0.9686999917030334
YAL059W,YDR258C,0,-8.172327,0.09356287121772766,1.0,0.9688000082969666
YKR027W,YPL256C,0,-8.173592,0.09355412423610687,1.0,0.9689000248908997
YMR002W,YLR048W,0,-8.177633,0.09354536980390549,1.0,0.968999981880188
YER006W,YOR036W,0,-8.180578,0.0935366228222847,1.0,0.9690999984741211
YDR091C,YNR048W,0,-8.182257,0.09352786839008331,1.0,0.9692000150680542
YHL006C,YLR372W,0,-8.18305,0.09351912140846252,1.0,0.9692999720573425
YOR388C,YER110C,0,-8.1834545,0.09351038187742233,1.0,0.9693999886512756
YMR194W,YOL154W,0,-8.184597,0.09350163489580154,1.0,0.9695000052452087
YOR310C,YML013W,0,-8.1854,0.09349289536476135,1.0,0.9696000218391418
YKR013W,YER103W,0,-8.186041,0.09348415583372116,1.0,0.9696999788284302
YGL234W,YLR383W,0,-8.186882,0.09347541630268097,1.0,0.9697999954223633
YAR019C,YHR062C,0,-8.187778,0.09346667677164078,1.0,0.9699000120162964
YDR385W,YDR465C,0,-8.188473,0.09345794469118118,1.0,0.9700000286102295
YJL010C,YGR263C,0,-8.18955,0.09344921261072159,1.0,0.9700999855995178
YGL148W,YPR093C,0,-8.191427,0.093440480530262,1.0,0.9702000021934509
YBR118W,YOR003W,0,-8.193181,0.0934317484498024,1.0,0.970300018787384
YGR108W,YOR267C,0,-8.195494,0.0934230163693428,1.0,0.9703999757766724
YBR079C,YDR126W,0,-8.19631,0.0934142917394638,1.0,0.9704999923706055
YGR029W,YLR409C,0,-8.197479,0.09340556710958481,1.0,0.9706000089645386
YJL200C,YKL055C,0,-8.199568,0.09339684247970581,1.0,0.9707000255584717
YBR091C,YDR176W,0,-8.200551,0.09338811784982681,1.0,0.97079998254776
YOR374W,YLR367W,0,-8.201462,0.09337940067052841,1.0,0.9708999991416931
YML116W,YML075C,0,-8.202251,0.09337068349123001,1.0,0.9710000157356262
YLL028W,YKR053C,0,-8.202486,0.09336196631193161,1.0,0.9710999727249146
YDL130W,YMR104C,0,-8.207591,0.09335324913263321,1.0,0.9711999893188477
YMR204C,YHR062C,0,-8.209312,0.09334453195333481,1.0,0.9713000059127808
YLL052C,YOR247W,0,-8.209358,0.093335822224617,1.0,0.9714000225067139
YGL173C,YOR306C,0,-8.211464,0.0933271124958992,1.0,0.9714999794960022
YGR091W,YOR095C,0,-8.211936,0.0933184027671814,1.0,0.9715999960899353
YOR381W,YNL299W,0,-8.213197,0.09330969303846359,1.0,0.9717000126838684
YIL052C,YOL018C,0,-8.215684,0.09330099076032639,1.0,0.9718000292778015
YJR007W,YER175C,0,-8.215771,0.09329228103160858,1.0,0.9718999862670898
YNL132W,YDR183W,0,-8.216114,0.09328357875347137,1.0,0.972000002861023
YGR041W,YML049C,0,-8.219034,0.09327488392591476,1.0,0.972100019454956
YPR030W,YLR285W,0,-8.219927,0.09326618164777756,1.0,0.9721999764442444
YNL148C,YBR069C,0,-8.220034,0.09325748682022095,1.0,0.9722999930381775
YLR401C,YJL025W,0,-8.2216835,0.09324878454208374,1.0,0.9724000096321106
YPL095C,YJL136C,0,-8.22355,0.09324008971452713,1.0,0.9725000262260437
YKL021C,YJR002W,0,-8.227774,0.09323140233755112,1.0,0.972599983215332
YDR085C,YJL189W,0,-8.228293,0.0932227075099945,1.0,0.9726999998092651
YER006W,YOR137C,0,-8.229188,0.0932140201330185,1.0,0.9728000164031982
YLR359W,YHR196W,0,-8.236725,0.09320533275604248,1.0,0.9728999733924866
YEL069C,YDL081C,0,-8.236784,0.09319664537906647,1.0,0.9729999899864197
YKL078W,YOR127W,0,-8.237076,0.09318795800209045,1.0,0.9731000065803528
YNL119W,YBR162C,0,-8.237234,0.09317927807569504,1.0,0.9732000231742859
YOR236W,YDR064W,0,-8.237641,0.09317059814929962,1.0,0.9732999801635742
YDR414C,YDR492W,0,-8.244613,0.0931619182229042,1.0,0.9733999967575073
YDR533C,YBR299W,0,-8.246523,0.09315323829650879,1.0,0.9735000133514404
YCL026C-A,YLR435W,0,-8.246532,0.09314455837011337,1.0,0.9735999703407288
YOR167C,YJL036W,0,-8.251369,0.09313588589429855,1.0,0.9736999869346619
YHR128W,YGL025C,0,-8.252808,0.09312721341848373,1.0,0.973800003528595
YDR037W,YKR050W,0,-8.254892,0.09311854094266891,1.0,0.9739000201225281
YNL096C,YIL099W,0,-8.256477,0.0931098684668541,1.0,0.9739999771118164
YHR007C,YNR024W,0,-8.258822,0.09310120344161987,1.0,0.9740999937057495
YML063W,YGR104C,0,-8.260205,0.09309253096580505,1.0,0.9742000102996826
YKL172W,YER020W,0,-8.261015,0.09308386594057083,1.0,0.9743000268936157
YPL126W,YNR011C,0,-8.262188,0.0930752083659172,1.0,0.974399983882904
YEL062W,YGL030W,0,-8.26503,0.09306654334068298,1.0,0.9745000004768372
YOL070C,YOR063W,0,-8.267302,0.09305787831544876,1.0,0.9746000170707703
YLR129W,YFR050C,0,-8.271591,0.09304922074079514,1.0,0.9746999740600586
YNR002C,YPL131W,0,-8.273369,0.09304056316614151,1.0,0.9747999906539917
YPR201W,YLR167W,0,-8.274515,0.09303191304206848,1.0,0.9749000072479248
YCR091W,YBR092C,0,-8.274723,0.09302325546741486,1.0,0.9750000238418579
YGR092W,YPR187W,0,-8.275921,0.09301460534334183,1.0,0.9750999808311462
YER015W,YLR249W,0,-8.27655,0.0930059552192688,1.0,0.9751999974250793
YBR191W,YOL105C,0,-8.277561,0.09299730509519577,1.0,0.9753000140190125
YER020W,YLR196W,0,-8.277857,0.09298865497112274,1.0,0.9753999710083008
YHR052W,YJR094C,0,-8.278692,0.09298001229763031,1.0,0.9754999876022339
YNR056C,YPR187W,0,-8.282227,0.09297136217355728,1.0,0.975600004196167
YGL240W,YDR120C,0,-8.28456,0.09296271950006485,1.0,0.9757000207901001
YBR205W,YDR023W,0,-8.286856,0.09295408427715302,1.0,0.9757999777793884
YJR070C,YLR006C,0,-8.28894,0.09294544160366058,1.0,0.9758999943733215
YDR108W,YHR196W,0,-8.290749,0.09293680638074875,1.0,0.9760000109672546
YEL040W,YGL255W,0,-8.290937,0.09292816370725632,1.0,0.9761000275611877
YIL019W,YOL147C,0,-8.294441,0.09291952848434448,1.0,0.9761999845504761
YGL032C,YAR035W,0,-8.30136,0.09291090071201324,1.0,0.9763000011444092
YLL008W,YER024W,0,-8.301607,0.09290226548910141,1.0,0.9764000177383423
YGL123W,YLR197W,0,-8.303636,0.09289363771677017,1.0,0.9764999747276306
YDL200C,YGR128C,0,-8.303745,0.09288500994443893,1.0,0.9765999913215637
YER110C,YLR197W,0,-8.307751,0.0928763821721077,1.0,0.9767000079154968
YER165W,YNR024W,0,-8.313345,0.09286775439977646,1.0,0.9768000245094299
YHR070W,YLR003C,0,-8.313751,0.09285913407802582,1.0,0.9768999814987183
YOR371C,YER074W,0,-8.313797,0.09285051375627518,1.0,0.9769999980926514
YAL061W,YOR272W,0,-8.314268,0.09284189343452454,1.0,0.9771000146865845
YMR002W,YHR064C,0,-8.315758,0.0928332731127739,1.0,0.9771999716758728
YER091C,YDL200C,0,-8.316866,0.09282465279102325,1.0,0.9772999882698059
YGR061C,YML095C,0,-8.317795,0.09281603991985321,1.0,0.977400004863739
YJL189W,YHL006C,0,-8.318827,0.09280742704868317,1.0,0.9775000214576721
YDL208W,YOL054W,0,-8.323184,0.09279881417751312,1.0,0.9775999784469604
YDL061C,YPL193W,0,-8.328018,0.09279020130634308,1.0,0.9776999950408936
YHL019C,YGR108W,0,-8.329451,0.09278158843517303,1.0,0.9778000116348267
YPL256C,YDR191W,0,-8.33031,0.09277298301458359,1.0,0.9779000282287598
YLR397C,YAR008W,0,-8.333183,0.09276437759399414,1.0,0.9779999852180481
YJL203W,YLR406C,0,-8.33526,0.0927557721734047,1.0,0.9781000018119812
YBR291C,YPL209C,0,-8.336765,0.09274717420339584,1.0,0.9782000184059143
YAR002W,YHL022C,0,-8.340492,0.0927385687828064,1.0,0.9782999753952026
YIL140W,YJR070C,0,-8.342227,0.09272997081279755,1.0,0.9783999919891357
YHL033C,YLR197W,0,-8.343227,0.0927213728427887,1.0,0.9785000085830688
YGL163C,YPL081W,0,-8.343311,0.09271277487277985,1.0,0.978600025177002
YER070W,YER024W,0,-8.351527,0.09270418435335159,1.0,0.9786999821662903
YLR009W,YGR008C,0,-8.352047,0.09269558638334274,1.0,0.9787999987602234
YDR023W,YJL074C,0,-8.353783,0.09268699586391449,1.0,0.9789000153541565
YHR170W,YLL036C,0,-8.356882,0.09267840534448624,1.0,0.9789999723434448
YLR231C,YNR053C,0,-8.358097,0.09266981482505798,1.0,0.9790999889373779
YHR104W,YKL099C,0,-8.360006,0.09266123175621033,1.0,0.979200005531311
YPR184W,YML024W,0,-8.360968,0.09265264868736267,1.0,0.9793000221252441
YBL078C,YGR245C,0,-8.366205,0.09264405816793442,1.0,0.9793999791145325
YHR052W,YLR394W,0,-8.366838,0.09263548254966736,1.0,0.9794999957084656
YCR024C-A,YEL041W,0,-8.367361,0.0926268994808197,1.0,0.9796000123023987
YMR081C,YML073C,0,-8.368113,0.09261831641197205,1.0,0.9797000288963318
YKL188C,YLR336C,0,-8.368975,0.09260974079370499,1.0,0.9797999858856201
YGL183C,YMR142C,0,-8.369637,0.09260116517543793,1.0,0.9799000024795532
YBR085W,YMR078C,0,-8.369677,0.09259258955717087,1.0,0.9800000190734863
YMR080C,YMR059W,0,-8.374432,0.0925840213894844,1.0,0.9800999760627747
YLR197W,YDR359C,0,-8.374674,0.09257544577121735,1.0,0.9801999926567078
YMR023C,YDL081C,0,-8.375281,0.09256687760353088,1.0,0.9803000092506409
YPL086C,YNR012W,0,-8.383499,0.09255830943584442,1.0,0.980400025844574
YOR094W,YJR002W,0,-8.384649,0.09254974871873856,1.0,0.9804999828338623
YOR244W,YBR084W,0,-8.386879,0.0925411805510521,1.0,0.9805999994277954
YKL078W,YPR108W,0,-8.38764,0.09253261983394623,1.0,0.9807000160217285
YGR088W,YPR110C,0,-8.389001,0.09252405911684036,1.0,0.9807999730110168
YCL040W,YLR435W,0,-8.392405,0.0925154983997345,1.0,0.98089998960495
YLR175W,YJR090C,0,-8.392481,0.09250693768262863,1.0,0.9810000061988831
YMR055C,YGR185C,0,-8.3930855,0.09249838441610336,1.0,0.9811000227928162
YOR363C,YDR156W,0,-8.395313,0.0924898236989975,1.0,0.9811999797821045
YER091C,YLR194C,0,-8.397619,0.09248127043247223,1.0,0.9812999963760376
YBR142W,YOL104C,0,-8.398661,0.09247271716594696,1.0,0.9814000129699707
YFL011W,YNR053C,0,-8.398717,0.09246417135000229,1.0,0.9815000295639038
YCL038C,YPL237W,0,-8.3995,0.09245561808347702,1.0,0.9815999865531921
YJL079C,YKR081C,0,-8.403696,0.09244707226753235,1.0,0.9817000031471252
YML075C,YBL093C,0,-8.40377,0.09243852645158768,1.0,0.9818000197410583
YAR050W,YOR310C,0,-8.405261,0.092429980635643,1.0,0.9818999767303467
YBR191W,YCL032W,0,-8.414288,0.09242144227027893,1.0,0.9819999933242798
YNR003C,YMR260C,0,-8.415813,0.09241290390491486,1.0,0.9821000099182129
YGL180W,YKL056C,0,-8.416046,0.09240435808897018,1.0,0.982200026512146
YMR242C,YMR197C,0,-8.417002,0.0923958271741867,1.0,0.9822999835014343
YNL210W,YHR141C,0,-8.42029,0.09238728880882263,1.0,0.9824000000953674
YPR135W,YDR087C,0,-8.42059,0.09237875044345856,1.0,0.9825000166893005
YBR136W,YPL212C,0,-8.422123,0.09237021952867508,1.0,0.9825999736785889
YBL069W,YPR046W,0,-8.422976,0.0923616886138916,1.0,0.982699990272522
YDL083C,YDR080W,0,-8.423436,0.09235315769910812,1.0,0.9828000068664551
YDL082W,YIL158W,0,-8.427554,0.09234462678432465,1.0,0.9829000234603882
YDR198C,YHR062C,0,-8.4311695,0.09233610332012177,1.0,0.9829999804496765
YKR092C,YER144C,0,-8.431921,0.09232757985591888,1.0,0.9830999970436096
YPL058C,YML107C,0,-8.435326,0.092319056391716,1.0,0.9832000136375427
YMR290C,YNL021W,0,-8.439007,0.09231053292751312,1.0,0.983299970626831
YJR140C,YBL039C,0,-8.448713,0.09230200946331024,1.0,0.9833999872207642
YLR377C,YBL087C,0,-8.450291,0.09229349344968796,1.0,0.9835000038146973
YLL027W,YBL039C,0,-8.450569,0.09228497743606567,1.0,0.9836000204086304
YDR299W,YDL085W,0,-8.45141,0.09227646142244339,1.0,0.9836999773979187
YBR158W,YJL155C,0,-8.452799,0.0922679454088211,1.0,0.9837999939918518
YMR270C,YLR197W,0,-8.462112,0.09225943684577942,1.0,0.9839000105857849
YBR031W,YDR117C,0,-8.464674,0.09225092083215714,1.0,0.984000027179718
YGR239C,YBR218C,0,-8.465549,0.09224241226911545,1.0,0.9840999841690063
YCR005C,YDR454C,0,-8.467083,0.09223390370607376,1.0,0.9842000007629395
YOL077C,YMR023C,0,-8.471138,0.09222540259361267,1.0,0.9843000173568726
YJL013C,YPL131W,0,-8.471241,0.09221689403057098,1.0,0.9843999743461609
YDR144C,YJL198W,0,-8.475052,0.0922083929181099,1.0,0.984499990940094
YCR107W,YDR044W,0,-8.481089,0.0921998918056488,1.0,0.9846000075340271
YDL014W,YMR227C,0,-8.484053,0.09219139069318771,1.0,0.9847000241279602
YPL220W,YGR263C,0,-8.4897785,0.09218288958072662,1.0,0.9847999811172485
YDR037W,YJR095W,0,-8.491274,0.09217439591884613,1.0,0.9848999977111816
YCR068W,YLR150W,0,-8.492004,0.09216590225696564,1.0,0.9850000143051147
YAL039C,YMR290C,0,-8.493536,0.09215740114450455,1.0,0.9850999712944031
YJR002W,YPL081W,0,-8.495199,0.09214891493320465,1.0,0.9851999878883362
YDL175C,YDL208W,0,-8.496672,0.09214042127132416,1.0,0.9853000044822693
YDL117W,YOR294W,0,-8.498325,0.09213193506002426,1.0,0.9854000210762024
YJL155C,YNL119W,0,-8.503145,0.09212344884872437,1.0,0.9854999780654907
YDR270W,YER165W,0,-8.506308,0.09211496263742447,1.0,0.9855999946594238
YGL166W,YPL143W,0,-8.506847,0.09210647642612457,1.0,0.9857000112533569
YBR260C,YDR083W,0,-8.512342,0.09209799021482468,1.0,0.98580002784729
YER110C,YGL063W,0,-8.516335,0.09208951145410538,1.0,0.9858999848365784
YGL183C,YPL163C,0,-8.518181,0.09208103269338608,1.0,0.9860000014305115
YML022W,YFL044C,0,-8.519163,0.09207255393266678,1.0,0.9861000180244446
YLR423C,YDL081C,0,-8.529373,0.09206407517194748,1.0,0.9861999750137329
YLR397C,YAL003W,0,-8.530468,0.09205560386180878,1.0,0.986299991607666
YGR280C,YOR137C,0,-8.5316105,0.09204712510108948,1.0,0.9864000082015991
YHR061C,YNR012W,0,-8.535322,0.09203865379095078,1.0,0.9865000247955322
YDL132W,YCR072C,0,-8.550312,0.09203018248081207,1.0,0.9865999817848206
YNL110C,YGR195W,0,-8.553381,0.09202171862125397,1.0,0.9866999983787537
YKR081C,YJR041C,0,-8.557169,0.09201324731111526,1.0,0.9868000149726868
YGL032C,YDR492W,0,-8.566376,0.09200478345155716,1.0,0.9868999719619751
YLR153C,YDL083C,0,-8.566647,0.09199631959199905,1.0,0.9869999885559082
YDR270W,YDL081C,0,-8.571224,0.09198785573244095,1.0,0.9871000051498413
YKL009W,YHR124W,0,-8.571369,0.09197939932346344,1.0,0.9872000217437744
YPL209C,YGR245C,0,-8.573143,0.09197093546390533,1.0,0.9872999787330627
YKL049C,YBR191W,0,-8.579346,0.09196247905492783,1.0,0.9873999953269958
YER126C,YIL066C,0,-8.580782,0.09195402264595032,1.0,0.987500011920929
YMR290C,YBR092C,0,-8.581858,0.09194556623697281,1.0,0.9876000285148621
YLR227C,YGL077C,0,-8.5820675,0.0919371172785759,1.0,0.9876999855041504
YGL105W,YMR175W,0,-8.583206,0.09192866086959839,1.0,0.9878000020980835
YLL011W,YDR058C,0,-8.584421,0.09192021191120148,1.0,0.9879000186920166
YLR197W,YJR110W,0,-8.585527,0.09191176295280457,1.0,0.9879999756813049
YMR229C,YCR061W,0,-8.585617,0.09190331399440765,1.0,0.988099992275238
YJR094W-A,YBR175W,0,-8.586683,0.09189487248659134,1.0,0.9882000088691711
YFR050C,YGL225W,0,-8.590851,0.09188643097877502,1.0,0.9883000254631042
YNL248C,YLR185W,0,-8.59499,0.09187798947095871,1.0,0.9883999824523926
YCR072C,YKL184W,0,-8.595816,0.0918695479631424,1.0,0.9884999990463257
YNL133C,YLR196W,0,-8.597088,0.09186110645532608,1.0,0.9886000156402588
YLR175W,YPL144W,0,-8.600292,0.09185266494750977,1.0,0.9886999726295471
YNL066W,YJR019C,0,-8.600811,0.09184423089027405,1.0,0.9887999892234802
YJR117W,YGL184C,0,-8.601267,0.09183579683303833,1.0,0.9889000058174133
YML054C,YLR249W,0,-8.607281,0.09182736277580261,1.0,0.9890000224113464
YER175C,YLR222C,0,-8.609272,0.09181893616914749,1.0,0.9890999794006348
YOR031W,YLR249W,0,-8.613672,0.09181050211191177,1.0,0.9891999959945679
YDL149W,YLR249W,0,-8.615389,0.09180207550525665,1.0,0.989300012588501
YDR293C,YLR409C,0,-8.617086,0.09179364889860153,1.0,0.9894000291824341
YOR100C,YDR508C,0,-8.617741,0.09178522229194641,1.0,0.9894999861717224
YPR026W,YBR191W,0,-8.621262,0.09177679568529129,1.0,0.9896000027656555
YOR177C,YMR093W,0,-8.622183,0.09176837652921677,1.0,0.9897000193595886
YMR309C,YER082C,0,-8.624788,0.09175995737314224,1.0,0.989799976348877
YNL113W,YMR059W,0,-8.62664,0.09175153821706772,1.0,0.9898999929428101
YOR201C,YOR095C,0,-8.627857,0.0917431190609932,1.0,0.9900000095367432
YGR049W,YNL311C,0,-8.633213,0.09173469990491867,1.0,0.9901000261306763
YOR160W,YMR175W,0,-8.633545,0.09172628819942474,1.0,0.9901999831199646
YHL024W,YDR087C,0,-8.638687,0.09171787649393082,1.0,0.9902999997138977
YDR216W,YLR448W,0,-8.645302,0.09170946478843689,1.0,0.9904000163078308
YKL172W,YNL292W,0,-8.649233,0.09170105308294296,1.0,0.9904999732971191
YHL001W,YER150W,0,-8.649368,0.09169264882802963,1.0,0.9905999898910522
YJR078W,YHR128W,0,-8.660324,0.0916842371225357,1.0,0.9907000064849854
YJL203W,YGR271C-A,0,-8.679087,0.09167583286762238,1.0,0.9908000230789185
YGR060W,YHR031C,0,-8.685509,0.09166742861270905,1.0,0.9908999800682068
YOR293W,YBL106C,0,-8.690878,0.09165903180837631,1.0,0.9909999966621399
YNR007C,YDL075W,0,-8.691095,0.09165062755346298,1.0,0.991100013256073
YNR056C,YDR012W,0,-8.692469,0.09164223074913025,1.0,0.9911999702453613
YJR078W,YKL009W,0,-8.693668,0.09163383394479752,1.0,0.9912999868392944
YDL085W,YGR123C,0,-8.69388,0.09162543714046478,1.0,0.9914000034332275
YHR170W,YJR035W,0,-8.694866,0.09161704033613205,1.0,0.9915000200271606
YIR005W,YLR002C,0,-8.696362,0.09160865098237991,1.0,0.991599977016449
YLR009W,YKR025W,0,-8.701654,0.09160025417804718,1.0,0.9916999936103821
YCR072C,YDL033C,0,-8.70225,0.09159186482429504,1.0,0.9918000102043152
YPR001W,YGL224C,0,-8.702276,0.09158347547054291,1.0,0.9919000267982483
YCL064C,YBR162C,0,-8.702827,0.09157509356737137,1.0,0.9919999837875366
YDR037W,YBL035C,0,-8.705345,0.09156670421361923,1.0,0.9921000003814697
YLR186W,YAL025C,0,-8.708811,0.09155832231044769,1.0,0.9922000169754028
YPR031W,YGL123W,0,-8.71467,0.09154994040727615,1.0,0.9922999739646912
YOL021C,YOR310C,0,-8.719082,0.09154155850410461,1.0,0.9923999905586243
YHR069C,YKL099C,0,-8.721514,0.09153318405151367,1.0,0.9925000071525574
YOR094W,YDR165W,0,-8.725132,0.09152480214834213,1.0,0.9926000237464905
YFR031C-A,YLR367W,0,-8.729639,0.09151642769575119,1.0,0.9926999807357788
YLR377C,YGL031C,0,-8.733604,0.09150805324316025,1.0,0.9927999973297119
YHR094C,YML118W,0,-8.73712,0.0914996787905693,1.0,0.992900013923645
YGL236C,YOR063W,0,-8.740086,0.09149131178855896,1.0,0.9929999709129333
YHL007C,YMR093W,0,-8.74202,0.09148293733596802,1.0,0.9930999875068665
YGL103W,YMR093W,0,-8.74547,0.09147457033395767,1.0,0.9932000041007996
YHR194W,YGR055W,0,-8.752193,0.09146620333194733,1.0,0.9933000206947327
YNL132W,YMR053C,0,-8.760813,0.09145783632993698,1.0,0.993399977684021
YNR007C,YBL027W,0,-8.762348,0.09144947677850723,1.0,0.9934999942779541
YOR101W,YNR048W,0,-8.773172,0.09144110977649689,1.0,0.9936000108718872
YKL006W,YEL004W,0,-8.77648,0.09143275022506714,1.0,0.9937000274658203
YLR348C,YLR264W,0,-8.788099,0.09142439067363739,1.0,0.9937999844551086
YCR057C,YDR012W,0,-8.789722,0.09141603112220764,1.0,0.9939000010490417
YOR145C,YDL042C,0,-8.794014,0.09140767902135849,1.0,0.9940000176429749
YEL029C,YLR401C,0,-8.796305,0.09139932692050934,1.0,0.9940999746322632
YLR197W,YOL128C,0,-8.797035,0.09139096736907959,1.0,0.9941999912261963
YNL142W,YHR167W,0,-8.806818,0.09138262271881104,1.0,0.9943000078201294
YGR032W,YLR196W,0,-8.807056,0.09137427061796188,1.0,0.9944000244140625
YLR441C,YOL093W,0,-8.807463,0.09136591851711273,1.0,0.9944999814033508
YBR158W,YDL090C,0,-8.820427,0.09135757386684418,1.0,0.9945999979972839
YKL152C,YNL202W,0,-8.836067,0.09134922921657562,1.0,0.994700014591217
YML022W,YLL008W,0,-8.841532,0.09134088456630707,1.0,0.9947999715805054
YLR308W,YLR009W,0,-8.847122,0.09133253991603851,1.0,0.9948999881744385
YPL254W,YNR053C,0,-8.850311,0.09132420271635056,1.0,0.9950000047683716
YFL044C,YGR118W,0,-8.8538265,0.091315858066082,1.0,0.9951000213623047
YLR340W,YLL012W,0,-8.856241,0.09130752086639404,1.0,0.995199978351593
YOR310C,YML076C,0,-8.864367,0.09129919111728668,1.0,0.9952999949455261
YDR044W,YJL045W,0,-8.876854,0.09129085391759872,1.0,0.9954000115394592
YPL171C,YGR285C,0,-8.88451,0.09128251671791077,1.0,0.9955000281333923
YKR009C,YER049W,0,-8.886345,0.0912741869688034,1.0,0.9955999851226807
YGL096W,YDL060W,0,-8.89801,0.09126585721969604,1.0,0.9957000017166138
YNL233W,YLR276C,0,-8.905291,0.09125752747058868,1.0,0.9958000183105469
YGR159C,YOR116C,0,-8.916634,0.09124920517206192,1.0,0.9958999752998352
YMR138W,YPL131W,0,-8.917145,0.09124087542295456,1.0,0.9959999918937683
YOR234C,YPL210C,0,-8.922594,0.0912325531244278,1.0,0.9961000084877014
YOR173W,YGL076C,0,-8.924969,0.09122423082590103,1.0,0.9962000250816345
YJL033W,YML100W,0,-8.927774,0.09121590852737427,1.0,0.9962999820709229
YCR106W,YCR031C,0,-8.949909,0.0912075862288475,1.0,0.996399998664856
YJR063W,YER175C,0,-8.95499,0.09119927138090134,1.0,0.9965000152587891
YGR200C,YNL096C,0,-8.958208,0.09119095653295517,1.0,0.9965999722480774
YGL123W,YKL161C,0,-9.012321,0.091182641685009,1.0,0.9966999888420105
YIL066C,YDL060W,0,-9.013227,0.09117432683706284,1.0,0.9968000054359436
YGL063W,YPL081W,0,-9.022575,0.09116601198911667,1.0,0.9969000220298767
YER017C,YBL039C,0,-9.029854,0.0911577045917511,1.0,0.996999979019165
YNR007C,YGR128C,0,-9.031122,0.09114939719438553,1.0,0.9970999956130981
YNL279W,YCR072C,0,-9.038538,0.09114108979701996,1.0,0.9972000122070312
YAR031W,YLR196W,0,-9.048496,0.09113278239965439,1.0,0.9973000288009644
YML080W,YPL207W,0,-9.058935,0.09112447500228882,1.0,0.9973999857902527
YOR293W,YKR050W,0,-9.066383,0.09111617505550385,1.0,0.9975000023841858
YNR003C,YLR178C,0,-9.072029,0.09110787510871887,1.0,0.9976000189781189
YIR028W,YGR162W,0,-9.084995,0.0910995751619339,1.0,0.9976999759674072
YAL059W,YLR435W,0,-9.100388,0.09109127521514893,1.0,0.9977999925613403
YBR050C,YLR448W,0,-9.102627,0.09108297526836395,1.0,0.9979000091552734
YPL061W,YOR063W,0,-9.1369,0.09107468277215958,1.0,0.9980000257492065
YPR184W,YDR165W,0,-9.146679,0.0910663902759552,1.0,0.9980999827384949
YLR008C,YOL117W,0,-9.1933155,0.09105809777975082,1.0,0.998199999332428
YNL111C,YOR212W,0,-9.235981,0.09104980528354645,1.0,0.9983000159263611
YDL130W,YNL096C,0,-9.284197,0.09104151278734207,1.0,0.9983999729156494
YMR059W,YOL124C,0,-9.29862,0.09103322774171829,1.0,0.9984999895095825
YJL158C,YML062C,0,-9.300072,0.09102494269609451,1.0,0.9986000061035156
YDL175C,YLR197W,0,-9.337322,0.09101665765047073,1.0,0.9987000226974487
YDR083W,YGR234W,0,-9.350159,0.09100837260484695,1.0,0.9987999796867371
YDR234W,YOL117W,0,-9.366104,0.09100008755922318,1.0,0.9988999962806702
YJL033W,YFR029W,0,-9.37845,0.09099180996417999,1.0,0.9990000128746033
YLR401C,YHR034C,0,-9.388433,0.09098353236913681,1.0,0.9991000294685364
YHR128W,YDR180W,0,-9.517801,0.09097525477409363,1.0,0.9991999864578247
YEL060C,YJL191W,0,-9.519688,0.09096697717905045,1.0,0.9993000030517578
YNL248C,YMR194W,0,-9.540014,0.09095870703458786,1.0,0.9994000196456909
YPL207W,YOL154W,0,-9.540897,0.09095042943954468,1.0,0.9994999766349792
YNL132W,YER082C,0,-9.635448,0.09094215929508209,1.0,0.9995999932289124
YLR401C,YLR186W,0,-9.635763,0.0909338891506195,1.0,0.9997000098228455
YHR052W,YHR069C,0,-9.939589,0.09092562645673752,1.0,0.9998000264167786
YLR197W,YMR019W,0,-10.177418,0.09091735631227493,1.0,0.9998999834060669
YPR112C,YDR465C,0,-10.239124,0.09090909361839294,1.0,1.0
