Gene A,Gene B,Label,Score,Precision,Recall,False Positive Rate
YBR123C,YDR311W,1,-2.2883263,1.0,0.0010000000474974513,0.0
YIL143C,YDR460W,1,-2.6998231,1.0,0.0020000000949949026,0.0
YDR460W,YGL166W,1,-2.8000913,1.0,0.003000000026077032,0.0
YDR460W,YPR025C,1,-2.8511307,1.0,0.004000000189989805,0.0
YDR362C,YGR246C,1,-2.96513,1.0,0.004999999888241291,0.0
YHR166C,YLR362W,0,-2.969162,0.8333333134651184,0.004999999888241291,9.999999747378752e-05
YPR056W,YDR311W,1,-2.9745708,0.8571428656578064,0.006000000052154064,9.999999747378752e-05
YPL007C,YDR311W,1,-2.9889557,0.875,0.007000000216066837,9.999999747378752e-05
YBR123C,YPL011C,1,-3.009562,0.8888888955116272,0.00800000037997961,9.999999747378752e-05
YER022W,YOR037W,0,-3.0232203,0.800000011920929,0.00800000037997961,0.00019999999494757503
YNL039W,YPL122C,1,-3.02333,0.8181818127632141,0.008999999612569809,0.00019999999494757503
YNL039W,YPL011C,1,-3.0386841,0.8333333134651184,0.009999999776482582,0.00019999999494757503
YBR123C,YKL028W,1,-3.0460384,0.8461538553237915,0.010999999940395355,0.00019999999494757503
YGR047C,YDR311W,1,-3.0569673,0.8571428656578064,0.012000000104308128,0.00019999999494757503
YNL039W,YDR167W,1,-3.060183,0.8666666746139526,0.013000000268220901,0.00019999999494757503
YPR056W,YPR025C,1,-3.066024,0.875,0.014000000432133675,0.00019999999494757503
YBR055C,YOR265W,0,-3.095541,0.8235294222831726,0.014000000432133675,0.0003000000142492354
YDR103W,YDR288W,0,-3.1072104,0.7777777910232544,0.014000000432133675,0.00039999998989515007
YKL028W,YPR025C,1,-3.1109765,0.7894737124443054,0.014999999664723873,0.00039999998989515007
YCR042C,YKL028W,1,-3.1149652,0.800000011920929,0.01600000075995922,0.00039999998989515007
YBR123C,YDR460W,1,-3.1164026,0.8095238208770752,0.017000000923871994,0.00039999998989515007
YMR115W,YMR022W,0,-3.124358,0.7727272510528564,0.017000000923871994,0.0005000000237487257
YDL122W,YEL053C,0,-3.133941,0.739130437374115,0.017000000923871994,0.0006000000284984708
YDR167W,YML069W,1,-3.1380544,0.75,0.017999999225139618,0.0006000000284984708
YBR123C,YPR056W,1,-3.1511977,0.7599999904632568,0.01899999938905239,0.0006000000284984708
YBR123C,YDR167W,1,-3.171786,0.7692307829856873,0.019999999552965164,0.0006000000284984708
YOL089C,YKR062W,1,-3.17717,0.7777777910232544,0.020999999716877937,0.0006000000284984708
YNL110C,YKL160W,0,-3.1803398,0.75,0.020999999716877937,0.000699999975040555
YKR062W,YKL028W,1,-3.18737,0.7586206793785095,0.02199999988079071,0.000699999975040555
YGR009C,YIL080W,0,-3.2062223,0.7333333492279053,0.02199999988079071,0.0007999999797903001
YDR167W,YKR062W,1,-3.2089927,0.7419354915618896,0.023000000044703484,0.0007999999797903001
YKR062W,YLR005W,1,-3.2107165,0.75,0.024000000208616257,0.0007999999797903001
YBR200W,YNL232W,0,-3.2211266,0.7272727489471436,0.024000000208616257,0.0008999999845400453
YNL039W,YGR246C,1,-3.2288487,0.7352941036224365,0.02500000037252903,0.0008999999845400453
YKR062W,YPL007C,1,-3.230992,0.7428571581840515,0.026000000536441803,0.0008999999845400453
YNL039W,YPR186C,1,-3.2317426,0.75,0.027000000700354576,0.0008999999845400453
YDR167W,YDR311W,1,-3.232204,0.7567567825317383,0.02800000086426735,0.0008999999845400453
YGR135W,YJR064W,0,-3.2336085,0.7368420958518982,0.02800000086426735,0.0010000000474974513
YGR246C,YPR025C,1,-3.235222,0.7435897588729858,0.028999999165534973,0.0010000000474974513
YNL039W,YPL007C,1,-3.2458327,0.75,0.029999999329447746,0.0010000000474974513
YDR167W,YDL108W,1,-3.2508552,0.7560975551605225,0.03099999949336052,0.0010000000474974513
YDR121W,YBR227C,0,-3.2560658,0.738095223903656,0.03099999949336052,0.0010999999940395355
YBR123C,YDR362C,1,-3.256341,0.7441860437393188,0.03200000151991844,0.0010999999940395355
YGL207W,YPR025C,1,-3.2565281,0.75,0.032999999821186066,0.0010999999940395355
YML069W,YPR025C,1,-3.261917,0.7555555701255798,0.03400000184774399,0.0010999999940395355
YDL108W,YGR246C,1,-3.2698097,0.760869562625885,0.03500000014901161,0.0010999999940395355
YDR167W,YOR194C,1,-3.2839863,0.7659574747085571,0.035999998450279236,0.0010999999940395355
YPL122C,YPL007C,1,-3.2924316,0.7708333134651184,0.03700000047683716,0.0010999999940395355
YBR123C,YPL007C,1,-3.294188,0.7755101919174194,0.03799999877810478,0.0010999999940395355
YFR001W,YIL080W,0,-3.2952297,0.7599999904632568,0.03799999877810478,0.0012000000569969416
YKR062W,YOR194C,1,-3.3009665,0.7647058963775635,0.039000000804662704,0.0012000000569969416
YPR025C,YDR311W,1,-3.3034346,0.7692307829856873,0.03999999910593033,0.0012000000569969416
YBR073W,YGL086W,0,-3.3058794,0.7547169923782349,0.03999999910593033,0.0013000000035390258
YDL108W,YPL007C,1,-3.3064778,0.7592592835426331,0.04100000113248825,0.0013000000035390258
YER074W-A,YPR165W,0,-3.3097146,0.7454545497894287,0.04100000113248825,0.00139999995008111
YIL143C,YFL021W,1,-3.3117068,0.75,0.041999999433755875,0.00139999995008111
YML069W,YDL108W,1,-3.3147104,0.7543859481811523,0.0430000014603138,0.00139999995008111
YDL108W,YPR025C,1,-3.3175027,0.7586206793785095,0.04399999976158142,0.00139999995008111
YNL039W,YOR194C,1,-3.325957,0.7627118825912476,0.04500000178813934,0.00139999995008111
YML039W,YNL050C,0,-3.331804,0.75,0.04500000178813934,0.001500000013038516
YDR460W,YPL007C,1,-3.3368034,0.7540983557701111,0.04600000008940697,0.001500000013038516
YBR123C,YPL122C,1,-3.3417046,0.7580645084381104,0.04699999839067459,0.001500000013038516
YNL039W,YDL108W,1,-3.3429937,0.761904776096344,0.04800000041723251,0.001500000013038516
YML069W,YKR062W,1,-3.3503394,0.765625,0.04899999871850014,0.001500000013038516
YCL031C,YJR134C,0,-3.356413,0.7538461685180664,0.04899999871850014,0.0015999999595806003
YCL031C,YDL028C,0,-3.3612463,0.7424242496490479,0.04899999871850014,0.0017000000225380063
YDR088C,YJL165C,0,-3.3617396,0.7313432693481445,0.04899999871850014,0.0017999999690800905
YKR062W,YDR460W,1,-3.3621228,0.7352941036224365,0.05000000074505806,0.0017999999690800905
YIL143C,YDR167W,1,-3.383093,0.739130437374115,0.050999999046325684,0.0017999999690800905
YNL039W,YDR362C,1,-3.3860526,0.7428571581840515,0.052000001072883606,0.0017999999690800905
YMR061W,YBL018C,0,-3.3892546,0.7323943376541138,0.052000001072883606,0.0019000000320374966
YPR056W,YKL028W,1,-3.3908873,0.7361111044883728,0.05299999937415123,0.0019000000320374966
YOL089C,YDR167W,1,-3.3927755,0.7397260069847107,0.05400000140070915,0.0019000000320374966
YBR123C,YDL108W,1,-3.3984125,0.7432432174682617,0.054999999701976776,0.0019000000320374966
YLR321C,YGL100W,0,-3.398433,0.7333333492279053,0.054999999701976776,0.0020000000949949026
YPR056W,YPL011C,1,-3.3984382,0.7368420958518982,0.0560000017285347,0.0020000000949949026
YPL011C,YPL007C,1,-3.4041097,0.7402597665786743,0.05700000002980232,0.0020000000949949026
YHR166C,YNL159C,0,-3.4135995,0.7307692170143127,0.05700000002980232,0.002099999925121665
YDR167W,YCR042C,1,-3.4161837,0.7341772317886353,0.057999998331069946,0.002099999925121665
YJR088C,YBL005W-B,0,-3.4183047,0.7250000238418579,0.057999998331069946,0.002199999988079071
YPL122C,YER148W,1,-3.4187036,0.7283950448036194,0.05900000035762787,0.002199999988079071
YPR056W,YPL177C,1,-3.4259467,0.7317073345184326,0.05999999865889549,0.002199999988079071
YDR167W,YPR025C,1,-3.4275377,0.7349397540092468,0.061000000685453415,0.002199999988079071
YPL011C,YPR025C,1,-3.429018,0.738095223903656,0.06199999898672104,0.002199999988079071
YER138C,YLL011W,0,-3.432217,0.729411780834198,0.06199999898672104,0.002300000051036477
YML099C,YPL152W,0,-3.4362466,0.7209302186965942,0.06199999898672104,0.002400000113993883
YPR056W,YER148W,1,-3.4425478,0.7241379022598267,0.06300000101327896,0.002400000113993883
YPL177C,YPL007C,1,-3.450974,0.7272727489471436,0.06400000303983688,0.002400000113993883
YDL108W,YMR236W,1,-3.4524326,0.7303370833396912,0.06499999761581421,0.002400000113993883
YFR001W,YNL102W,0,-3.4537547,0.7222222089767456,0.06499999761581421,0.0024999999441206455
YDR460W,YDR311W,1,-3.454324,0.7252747416496277,0.06599999964237213,0.0024999999441206455
YPR056W,YKR062W,1,-3.4642375,0.72826087474823,0.06700000166893005,0.0024999999441206455
YNL039W,YDR460W,1,-3.4754574,0.7311828136444092,0.06800000369548798,0.0024999999441206455
YDR167W,YBL103C,1,-3.4769294,0.7340425252914429,0.0689999982714653,0.0024999999441206455
YPL122C,YDR311W,1,-3.4826632,0.7368420958518982,0.07000000029802322,0.0024999999441206455
YPR056W,YPL007C,1,-3.4831061,0.7395833134651184,0.07100000232458115,0.0024999999441206455
YPR186C,YDR167W,1,-3.4861448,0.7422680258750916,0.07199999690055847,0.0024999999441206455
YMR227C,YPR025C,1,-3.4874756,0.7448979616165161,0.0729999989271164,0.0024999999441206455
YBR123C,YAL001C,1,-3.488653,0.747474730014801,0.07400000095367432,0.0024999999441206455
YER148W,YKL028W,1,-3.4888055,0.75,0.07500000298023224,0.0024999999441206455
YPL011C,YDR311W,1,-3.4929214,0.7524752616882324,0.07599999755620956,0.0024999999441206455
YER045C,YKL028W,1,-3.4962199,0.7549019455909729,0.07699999958276749,0.0024999999441206455
YML039W,YOL142W,0,-3.5010996,0.7475728392601013,0.07699999958276749,0.0026000000070780516
YPL007C,YPR025C,1,-3.5036564,0.75,0.07800000160932541,0.0026000000070780516
YBR123C,YPR186C,1,-3.5050735,0.7523809671401978,0.07900000363588333,0.0026000000070780516
YDR362C,YPL007C,1,-3.5069218,0.7547169923782349,0.07999999821186066,0.0026000000070780516
YCL019W,YDR261W-A,0,-3.508252,0.7476635575294495,0.07999999821186066,0.0027000000700354576
YMR227C,YOR194C,1,-3.5118852,0.75,0.08100000023841858,0.0027000000700354576
YGL112C,YBL103C,1,-3.5128133,0.752293586730957,0.0820000022649765,0.0027000000700354576
YPR056W,YPR186C,1,-3.5155256,0.7545454502105713,0.08299999684095383,0.0027000000700354576
YLR287C-A,YFL002W-A,0,-3.516228,0.7477477192878723,0.08299999684095383,0.00279999990016222
YBR123C,YKR062W,1,-3.5352876,0.75,0.08399999886751175,0.00279999990016222
YML039W,YKL082C,0,-3.537628,0.7433628439903259,0.08399999886751175,0.002899999963119626
YIL122W,YBL093C,0,-3.537764,0.7368420958518982,0.08399999886751175,0.003000000026077032
YBR282W,YKR030W,0,-3.540518,0.730434775352478,0.08399999886751175,0.003100000089034438
YKL028W,YDR460W,1,-3.5405343,0.732758641242981,0.08500000089406967,0.003100000089034438
YER138C,YBL046W,0,-3.543556,0.7264957427978516,0.08500000089406967,0.0031999999191612005
YCR009C,YJR058C,0,-3.5436356,0.7203390002250671,0.08500000089406967,0.0032999999821186066
YPL011C,YBL103C,1,-3.547389,0.7226890921592712,0.0860000029206276,0.0032999999821186066
YGL237C,YLR191W,0,-3.5478551,0.7166666388511658,0.0860000029206276,0.0034000000450760126
YBR123C,YPR025C,1,-3.5478737,0.7190082669258118,0.08699999749660492,0.0034000000450760126
YDR167W,YKL028W,1,-3.5482733,0.7213114500045776,0.08799999952316284,0.0034000000450760126
YCR042C,YBL103C,1,-3.550052,0.7235772609710693,0.08900000154972076,0.0034000000450760126
YGR246C,YKR062W,1,-3.5508895,0.725806474685669,0.09000000357627869,0.0034000000450760126
YER074W-A,YLR207W,0,-3.5517433,0.7200000286102295,0.09000000357627869,0.0035000001080334187
YDR079C-A,YDR311W,1,-3.5532258,0.7222222089767456,0.09099999815225601,0.0035000001080334187
YLR182W,YDR420W,0,-3.5539298,0.7165354490280151,0.09099999815225601,0.003599999938160181
YER074W-A,YLR450W,0,-3.5560825,0.7109375,0.09099999815225601,0.003700000001117587
YBR014C,YBL100W-A,0,-3.5563467,0.7054263353347778,0.09099999815225601,0.003800000064074993
YGL112C,YPL007C,1,-3.5563881,0.7076923251152039,0.09200000017881393,0.003800000064074993
YMR077C,YPL020C,0,-3.5589216,0.7022900581359863,0.09200000017881393,0.0038999998942017555
YJR068W,YHR214C-B,0,-3.5634253,0.6969696879386902,0.09200000017881393,0.004000000189989805
YDR362C,YGL166W,1,-3.5644972,0.6992481350898743,0.09300000220537186,0.004000000189989805
YER022W,YHR191C,0,-3.567654,0.6940298676490784,0.09300000220537186,0.004100000020116568
YCR042C,YDR311W,1,-3.5684366,0.6962962746620178,0.09399999678134918,0.004100000020116568
YDL103C,YDR137W,0,-3.5715036,0.6911764740943909,0.09399999678134918,0.00419999985024333
YDR313C,YGR033C,0,-3.573129,0.6861313581466675,0.09399999678134918,0.00430000014603138
YNL039W,YAL001C,1,-3.5742943,0.6884058117866516,0.0949999988079071,0.00430000014603138
YBR142W,YMR203W,0,-3.5762439,0.6834532618522644,0.0949999988079071,0.004399999976158142
YGR029W,YER151C,0,-3.576549,0.6785714030265808,0.0949999988079071,0.0044999998062849045
YFR029W,YML040W,0,-3.5784566,0.673758864402771,0.0949999988079071,0.004600000102072954
YGL163C,YEL012W,0,-3.57863,0.6690140962600708,0.0949999988079071,0.004699999932199717
YFL013C,YJR093C,0,-3.579456,0.6643356680870056,0.0949999988079071,0.004800000227987766
YER138C,YJR056C,0,-3.5801144,0.6597222089767456,0.0949999988079071,0.004900000058114529
YGR081C,YIL082W-A,0,-3.5805671,0.6551724076271057,0.0949999988079071,0.004999999888241291
YLR449W,YIL138C,0,-3.5909088,0.6506849527359009,0.0949999988079071,0.005100000184029341
YJR028W,YBR240C,0,-3.5920217,0.646258533000946,0.0949999988079071,0.005200000014156103
YPL177C,YGR246C,1,-3.5920422,0.6486486196517944,0.09600000083446503,0.005200000014156103
YNL039W,YKR062W,1,-3.592468,0.6510066986083984,0.09700000286102295,0.005200000014156103
YHR065C,YER160C,0,-3.5965996,0.6466666460037231,0.09700000286102295,0.0052999998442828655
YGL112C,YOR194C,1,-3.6020105,0.6490066051483154,0.09799999743700027,0.0052999998442828655
YBR245C,YNL110C,0,-3.6023805,0.6447368264198303,0.09799999743700027,0.005400000140070915
YGL207W,YGR186W,1,-3.604372,0.6470588445663452,0.0989999994635582,0.005400000140070915
YGL113W,YDL092W,0,-3.6061375,0.6428571343421936,0.0989999994635582,0.005499999970197678
YMR227C,YKR062W,1,-3.6083047,0.6451612710952759,0.10000000149011612,0.005499999970197678
YGL166W,YDR311W,1,-3.6087816,0.6474359035491943,0.10100000351667404,0.005499999970197678
YJR028W,YLR141W,0,-3.6108263,0.6433120965957642,0.10100000351667404,0.00559999980032444
YIL143C,YGL166W,1,-3.6118212,0.6455696225166321,0.10199999809265137,0.00559999980032444
YML074C,YOR142W-B,0,-3.6119125,0.6415094137191772,0.10199999809265137,0.00570000009611249
YPR102C,YOR142W-A,0,-3.6134458,0.637499988079071,0.10199999809265137,0.005799999926239252
YML128C,YDR261W-A,0,-3.6154897,0.6335403919219971,0.10199999809265137,0.005900000222027302
YGL004C,YER137C-A,0,-3.6163657,0.6296296119689941,0.10199999809265137,0.006000000052154064
YBR123C,YPL177C,1,-3.6170352,0.6319018602371216,0.10300000011920929,0.006000000052154064
YOR182C,YPR137C-B,0,-3.6176798,0.6280487775802612,0.10300000011920929,0.006099999882280827
YPL122C,YPL129W,1,-3.617802,0.6303030252456665,0.10400000214576721,0.006099999882280827
YBR123C,YDR079C-A,1,-3.618195,0.6325300931930542,0.10499999672174454,0.006099999882280827
YNL039W,YML069W,1,-3.6203766,0.6347305178642273,0.10599999874830246,0.006099999882280827
YPL257W-B,YKR006C,0,-3.620746,0.6309523582458496,0.10599999874830246,0.006200000178068876
YPL037C,YLR410W-A,0,-3.6226442,0.6272189617156982,0.10599999874830246,0.006300000008195639
YHL004W,YPR158C-D,0,-3.6227996,0.6235294342041016,0.10599999874830246,0.006399999838322401
YJL141C,YER074W-A,0,-3.6238153,0.6198830604553223,0.10599999874830246,0.006500000134110451
YDR210W-B,YJR113C,0,-3.6239886,0.6162790656089783,0.10599999874830246,0.006599999964237213
YIL143C,YKR062W,1,-3.6241782,0.6184971332550049,0.10700000077486038,0.006599999964237213
YER087C-A,YDR324C,0,-3.6263664,0.6149425506591797,0.10700000077486038,0.0066999997943639755
YOL103W-B,YOL088C,0,-3.6273172,0.6114285588264465,0.10700000077486038,0.006800000090152025
YPL122C,YKL028W,1,-3.627651,0.6136363744735718,0.1080000028014183,0.006800000090152025
YNL039W,YKL028W,1,-3.627662,0.6158192157745361,0.10899999737739563,0.006800000090152025
YOL021C,YHR191C,0,-3.627679,0.6123595237731934,0.10899999737739563,0.006899999920278788
YGR274C,YDR167W,1,-3.6297064,0.6145251393318176,0.10999999940395355,0.006899999920278788
YOL072W,YOL054W,0,-3.6301265,0.6111111044883728,0.10999999940395355,0.007000000216066837
YHL033C,YOL053C-A,0,-3.6306012,0.6077347993850708,0.10999999940395355,0.0071000000461936
YLL045C,YLR227W-B,0,-3.6326272,0.6043956279754639,0.10999999940395355,0.007199999876320362
YNR021W,YPR137C-B,0,-3.6333406,0.6010928750038147,0.10999999940395355,0.007300000172108412
YNL039W,YDR311W,1,-3.634669,0.60326087474823,0.11100000143051147,0.007300000172108412
YGR001C,YDR034C-C,0,-3.6370656,0.6000000238418579,0.11100000143051147,0.007400000002235174
YBR231C,YER074W-A,0,-3.637139,0.5967742204666138,0.11100000143051147,0.007499999832361937
YCR097WB,YGR090W,0,-3.6374404,0.5935828685760498,0.11100000143051147,0.007600000128149986
YDL170W,YBR111W-A,0,-3.6387012,0.5904255509376526,0.11100000143051147,0.007699999958276749
YOL066C,YDR261W-A,0,-3.639681,0.5873016119003296,0.11100000143051147,0.007799999788403511
YBR258C,YOL018C,0,-3.6399744,0.5842105150222778,0.11100000143051147,0.007899999618530273
YGR027W-A,YOR115C,0,-3.6403198,0.5811518430709839,0.11100000143051147,0.00800000037997961
YML015C,YPR025C,1,-3.6423838,0.5833333134651184,0.1120000034570694,0.00800000037997961
YDL108W,YBL103C,1,-3.642998,0.5854922533035278,0.11299999803304672,0.00800000037997961
YPL177C,YER171W,1,-3.6431105,0.5876288414001465,0.11400000005960464,0.00800000037997961
YER171W,YPL129W,1,-3.6432724,0.5897436141967773,0.11500000208616257,0.00800000037997961
YPL257W-B,YML064C,0,-3.6436121,0.5867347121238708,0.11500000208616257,0.008100000210106373
YGR246C,YOR194C,1,-3.6438694,0.5888324975967407,0.11599999666213989,0.008100000210106373
YGR274C,YKL028W,1,-3.6467104,0.5909090638160706,0.11699999868869781,0.008100000210106373
YPL072W,YPL189C-A,0,-3.6472647,0.5879396796226501,0.11699999868869781,0.008200000040233135
YPL122C,YKR062W,1,-3.650051,0.5899999737739563,0.11800000071525574,0.008200000040233135
YBL005W-A,YMR077C,0,-3.6502085,0.5870646834373474,0.11800000071525574,0.008299999870359898
YHR166C,YDR017C,0,-3.6518617,0.5841584205627441,0.11800000071525574,0.00839999970048666
YDR362C,YDR460W,1,-3.6536238,0.5862069129943848,0.11900000274181366,0.00839999970048666
YGR047C,YJL011C,1,-3.6542509,0.5882353186607361,0.11999999731779099,0.00839999970048666
YMR229C,YLR157C-B,0,-3.6551912,0.5853658318519592,0.11999999731779099,0.008500000461935997
YMR309C,YOR192C-B,0,-3.6570666,0.582524299621582,0.11999999731779099,0.00860000029206276
YBR142W,YLR378C,0,-3.6573136,0.5797101259231567,0.11999999731779099,0.008700000122189522
YNL152W,YGR027W-B,0,-3.6586132,0.5769230723381042,0.11999999731779099,0.008799999952316284
YKL212W,YOR192C-B,0,-3.6586132,0.5741626620292664,0.11999999731779099,0.008899999782443047
YBR247C,YOR142W-A,0,-3.6597283,0.5714285969734192,0.11999999731779099,0.008999999612569809
YER137C-A,YPL123C,0,-3.6614516,0.5687204003334045,0.11999999731779099,0.009100000374019146
YKL188C,YMR180C,0,-3.6616423,0.5660377144813538,0.11999999731779099,0.009200000204145908
YER074W-A,YLR172C,0,-3.662783,0.5633803009986877,0.11999999731779099,0.00930000003427267
YIL143C,YDR311W,1,-3.6634855,0.5654205679893494,0.12099999934434891,0.00930000003427267
YER173W,YIL128W,0,-3.666017,0.5627906918525696,0.12099999934434891,0.009399999864399433
YDL045C,YDR071C,0,-3.6669881,0.5601851940155029,0.12099999934434891,0.009499999694526196
YLR182W,YOR295W,0,-3.6695259,0.557603657245636,0.12099999934434891,0.009600000455975533
YBR123C,YFL021W,1,-3.670972,0.5596330165863037,0.12200000137090683,0.009600000455975533
YDR073W,YIL063C,0,-3.6713364,0.5570776462554932,0.12200000137090683,0.009700000286102295
YPL257W-A,YJR133W,0,-3.671771,0.5545454621315002,0.12200000137090683,0.009800000116229057
YGR109W-B,YDR393W,0,-3.672167,0.5520362257957458,0.12200000137090683,0.00989999994635582
YGR098C,YEL063C,0,-3.6729867,0.5495495200157166,0.12200000137090683,0.009999999776482582
YNL039W,YPR025C,1,-3.673504,0.5515695214271545,0.12300000339746475,0.009999999776482582
YGR047C,YPR056W,1,-3.6736436,0.5535714030265808,0.12399999797344208,0.009999999776482582
YML099C,YGR027W-B,0,-3.6736534,0.551111102104187,0.12399999797344208,0.010099999606609344
YCL032W,YPR158C-C,0,-3.675684,0.5486725568771362,0.12399999797344208,0.010200000368058681
YBR278W,YDL019C,0,-3.6757379,0.5462555289268494,0.12399999797344208,0.010300000198185444
YDL108W,YGL112C,1,-3.6785815,0.5482456088066101,0.125,0.010300000198185444
YPL177C,YDR167W,1,-3.6785886,0.5502183437347412,0.12600000202655792,0.010300000198185444
YCL062W,YDL204W,0,-3.6793911,0.5478261113166809,0.12600000202655792,0.010400000028312206
YPR006C,YJL114W,0,-3.6805208,0.5454545617103577,0.12600000202655792,0.010499999858438969
YGR274C,YBL103C,1,-3.6814797,0.5474137663841248,0.12700000405311584,0.010499999858438969
YPR178W,YLR117C,0,-3.6825836,0.545064389705658,0.12700000405311584,0.010599999688565731
YDR316W-A,YOR278W,0,-3.6826513,0.5427350401878357,0.12700000405311584,0.010700000450015068
YJR026W,YDL070W,0,-3.6841333,0.5404255390167236,0.12700000405311584,0.01080000028014183
YMR012W,YPR158C-D,0,-3.6844838,0.5381355881690979,0.12700000405311584,0.010900000110268593
YIL143C,YML069W,1,-3.6850262,0.5400843620300293,0.12800000607967377,0.010900000110268593
YGR109W-B,YIR017C,0,-3.6852849,0.5378151535987854,0.12800000607967377,0.010999999940395355
YDL002C,YGR038C-A,0,-3.6853993,0.5355648398399353,0.12800000607967377,0.011099999770522118
YOR142W-B,YLL039C,0,-3.6870022,0.5333333611488342,0.12800000607967377,0.01119999960064888
YJL011C,YOR194C,1,-3.6881971,0.5352697372436523,0.1289999932050705,0.01119999960064888
YKR024C,YDR507C,0,-3.6889277,0.5330578684806824,0.1289999932050705,0.011300000362098217
YNR023W,YNL119W,0,-3.6894102,0.5308641791343689,0.1289999932050705,0.01140000019222498
YDL133C-A,YFL011W-A,0,-3.6907506,0.5286885499954224,0.1289999932050705,0.011500000022351742
YPR056W,YDR079C-A,1,-3.6910598,0.5306122303009033,0.12999999523162842,0.011500000022351742
YPR186C,YDR311W,1,-3.6919594,0.5325203537940979,0.13099999725818634,0.011500000022351742
YIR002C,YDL115C,0,-3.692165,0.5303643941879272,0.13099999725818634,0.011599999852478504
YAL055W,YIL080W,0,-3.6925113,0.5282257795333862,0.13099999725818634,0.011699999682605267
YDL056W,YNL315C,0,-3.6936195,0.5261043906211853,0.13099999725818634,0.011800000444054604
YGR109W-B,YLR132C,0,-3.6945586,0.5239999890327454,0.13099999725818634,0.011900000274181366
YGR034W,YPL257W-A,0,-3.6949022,0.5219123363494873,0.13099999725818634,0.012000000104308128
YLR256W-A,YMR016C,0,-3.6959298,0.5198412537574768,0.13099999725818634,0.01209999993443489
YAL023C,YDR365W-B,0,-3.6960433,0.5177865624427795,0.13099999725818634,0.012199999764561653
YEL011W,YGR027W-B,0,-3.697068,0.5157480239868164,0.13099999725818634,0.012299999594688416
YOR192C-B,YJL140W,0,-3.697637,0.5137255191802979,0.13099999725818634,0.012400000356137753
YLR391W,YGR192C,0,-3.698541,0.51171875,0.13099999725818634,0.012500000186264515
YMR229C,YBL100W-A,0,-3.6987646,0.5097275972366333,0.13099999725818634,0.012600000016391277
YDL132W,YGR038C-A,0,-3.703553,0.5077519416809082,0.13099999725818634,0.01269999984651804
YNL138W-A,YLR396C,0,-3.7042606,0.5057914853096008,0.13099999725818634,0.012799999676644802
YDR261C-D,YPL132W,0,-3.705003,0.5038461685180664,0.13099999725818634,0.012900000438094139
YLR016C,YGL086W,0,-3.7055953,0.501915693283081,0.13099999725818634,0.013000000268220901
YGR027W-B,YIL070C,0,-3.7065737,0.5,0.13099999725818634,0.013100000098347664
YJR026W,YPR125W,0,-3.707229,0.49809885025024414,0.13099999725818634,0.013199999928474426
YKR062W,YDR311W,1,-3.7076123,0.5,0.13199999928474426,0.013199999928474426
YLR410W-A,YBL079W,0,-3.7079027,0.498113214969635,0.13199999928474426,0.013299999758601189
YOR148C,YJR058C,0,-3.7085288,0.49624061584472656,0.13199999928474426,0.013399999588727951
YOR284W,YKL200C,0,-3.7085602,0.49438202381134033,0.13199999928474426,0.013500000350177288
YBL026W,YMR051C,0,-3.7091813,0.49253731966018677,0.13199999928474426,0.01360000018030405
YDL108W,YKR062W,1,-3.7096896,0.4944238066673279,0.13300000131130219,0.01360000018030405
YDL045C,YGR038C-A,0,-3.7102585,0.49259260296821594,0.13300000131130219,0.013700000010430813
YJL030W,YGR027W-A,0,-3.7102585,0.49077489972114563,0.13300000131130219,0.013799999840557575
YMR227C,YDR362C,1,-3.7107375,0.49264705181121826,0.1340000033378601,0.013799999840557575
YIL017W,YJR017C,0,-3.7118888,0.4908424913883209,0.1340000033378601,0.013899999670684338
YKR092C,YPR158C-D,0,-3.7141397,0.48905110359191895,0.1340000033378601,0.014000000432133675
YDR261W-B,YPR167C,0,-3.714564,0.4872727394104004,0.1340000033378601,0.014100000262260437
YPL007C,YPL129W,1,-3.7149956,0.489130437374115,0.13500000536441803,0.014100000262260437
YCR003W,YDR210W-A,0,-3.7154744,0.48736461997032166,0.13500000536441803,0.0142000000923872
YOL089C,YPR025C,1,-3.7158422,0.4892086386680603,0.13600000739097595,0.0142000000923872
YDL159W,YMR201C,0,-3.7163434,0.48745518922805786,0.13600000739097595,0.014299999922513962
YGR274C,YPL129W,1,-3.7165778,0.4892857074737549,0.13699999451637268,0.014299999922513962
YIR033W,YPR137C-A,0,-3.717123,0.4875444769859314,0.13699999451637268,0.014399999752640724
YKL028W,YPL011C,1,-3.7196727,0.4893617033958435,0.1379999965429306,0.014399999752640724
YPL122C,YPL011C,1,-3.7202103,0.4911660850048065,0.13899999856948853,0.014399999752640724
YBR093C,YFL011W-A,0,-3.7202702,0.48943662643432617,0.13899999856948853,0.014499999582767487
YDR034C-D,YDL075W,0,-3.7202759,0.4877192974090576,0.13899999856948853,0.014600000344216824
YIL047C,YCL027C-A,0,-3.7204907,0.4860139787197113,0.13899999856948853,0.014700000174343586
YPL096C-A,YMR022W,0,-3.7210364,0.4843205511569977,0.13899999856948853,0.014800000004470348
YBR123C,YMR227C,1,-3.721419,0.4861111044883728,0.14000000059604645,0.014800000004470348
YCL060C,YOR230W,0,-3.721481,0.4844290614128113,0.14000000059604645,0.01489999983459711
YNL110C,YHR061C,0,-3.7219238,0.48275861144065857,0.14000000059604645,0.014999999664723873
YPL177C,YCR042C,1,-3.7242064,0.4845360815525055,0.14100000262260437,0.014999999664723873
YKL022C,YOR343W-A,0,-3.7247522,0.482876718044281,0.14100000262260437,0.01510000042617321
YCR029C-A,YLR319C,0,-3.725584,0.48122867941856384,0.14100000262260437,0.015200000256299973
YLR391W,YMR071C,0,-3.7260458,0.47959184646606445,0.14100000262260437,0.015300000086426735
YER157W,YGR038C-B,0,-3.7264547,0.4779660999774933,0.14100000262260437,0.015399999916553497
YPL060C-A,YIL170W,0,-3.726518,0.4763513505458832,0.14100000262260437,0.01549999974668026
YLR144C,YKL189W,0,-3.727009,0.4747474789619446,0.14100000262260437,0.015599999576807022
YBL046W,YPR158C-C,0,-3.7277157,0.47315436601638794,0.14100000262260437,0.015699999406933784
YIL158W,YOR343W-A,0,-3.7296703,0.4715718924999237,0.14100000262260437,0.015799999237060547
YNL206C,YFL002W-B,0,-3.730049,0.4699999988079071,0.14100000262260437,0.01590000092983246
YPL122C,YML069W,1,-3.7300766,0.4717608094215393,0.1420000046491623,0.01590000092983246
YML048W,YLR157C-B,0,-3.7301118,0.4701986610889435,0.1420000046491623,0.01600000075995922
YGR027W-A,YLR157C-B,0,-3.7308683,0.4686468541622162,0.1420000046491623,0.016100000590085983
YDR121W,YDR210W-A,0,-3.7309315,0.46710526943206787,0.1420000046491623,0.016200000420212746
YLR182W,YHR066W,0,-3.7311814,0.4655737578868866,0.1420000046491623,0.016300000250339508
YPL189C-A,YOL141W,0,-3.7312555,0.46405228972435,0.1420000046491623,0.01640000008046627
YGR161C-C,YGL077C,0,-3.731751,0.46254071593284607,0.1420000046491623,0.016499999910593033
YMR145C,YOL053C-A,0,-3.7337286,0.4610389471054077,0.1420000046491623,0.016599999740719795
YGL112C,YPL011C,1,-3.7340972,0.46278315782546997,0.14300000667572021,0.016599999740719795
YKR062W,YGL166W,1,-3.73444,0.46451613306999207,0.14399999380111694,0.016599999740719795
YCR042C,YDL108W,1,-3.7349417,0.4662379324436188,0.14499999582767487,0.016599999740719795
YDR368W,YBR111W-A,0,-3.7357986,0.46474358439445496,0.14499999582767487,0.016699999570846558
YPL257W-A,YHR072W,0,-3.7360222,0.4632587730884552,0.14499999582767487,0.01679999940097332
YDR379W,YDR473C,0,-3.7360938,0.46178343892097473,0.14499999582767487,0.016899999231100082
YBR102C,YPR125W,0,-3.7363598,0.460317462682724,0.14499999582767487,0.017000000923871994
YKR035W-A,YPR094W,0,-3.7373083,0.45886075496673584,0.14499999582767487,0.017100000753998756
YKL015W,YKL125W,0,-3.737852,0.4574132561683655,0.14499999582767487,0.01720000058412552
YPR158W-A,YBR230C,0,-3.7379944,0.45597484707832336,0.14499999582767487,0.01730000041425228
YCR008W,YCL062W,0,-3.7382274,0.4545454680919647,0.14499999582767487,0.017400000244379044
YMR227C,YPL007C,1,-3.7384303,0.45625001192092896,0.1459999978542328,0.017400000244379044
YPL060C-A,YIL095W,0,-3.738857,0.4548286497592926,0.1459999978542328,0.017500000074505806
YPR158W-A,YJR021C,0,-3.738857,0.4534161388874054,0.1459999978542328,0.01759999990463257
YML069W,YKL028W,1,-3.7388856,0.4551083445549011,0.1469999998807907,0.01759999990463257
YGR161W-B,YIL039W,0,-3.7397192,0.45370370149612427,0.1469999998807907,0.01769999973475933
YBR123C,YPL129W,1,-3.739926,0.45538461208343506,0.14800000190734863,0.01769999973475933
YGR274C,YER171W,1,-3.7399614,0.4570552110671997,0.14900000393390656,0.01769999973475933
YIL143C,YPL202C,1,-3.7403266,0.4587155878543854,0.15000000596046448,0.01769999973475933
YLR391W-A,YGL037C,0,-3.7406156,0.4573170840740204,0.15000000596046448,0.017799999564886093
YMR045C,YAL009W,0,-3.7420087,0.4559270441532135,0.15000000596046448,0.017899999395012856
YER001W,YPR137C-B,0,-3.742677,0.4545454680919647,0.15000000596046448,0.017999999225139618
YHR039C-B,YBR200W,0,-3.7426972,0.4531722068786621,0.15000000596046448,0.01810000091791153
YJL209W,YGR038C-B,0,-3.7436013,0.4518072307109833,0.15000000596046448,0.018200000748038292
YDR388W,YDR261C-C,0,-3.744957,0.45045045018196106,0.15000000596046448,0.018300000578165054
YLR391W,YDR470C,0,-3.7455883,0.4491018056869507,0.15000000596046448,0.018400000408291817
YDR210W-B,YDR363W,0,-3.7456963,0.447761207818985,0.15000000596046448,0.01850000023841858
YKR062W,YPR025C,1,-3.7458665,0.449404776096344,0.1509999930858612,0.01850000023841858
YMR227C,YPL129W,1,-3.7466881,0.45103856921195984,0.15199999511241913,0.01850000023841858
YDL028C,YGR048W,0,-3.7471325,0.4497041404247284,0.15199999511241913,0.01860000006854534
YNL039W,YBR198C,1,-3.7476394,0.45132744312286377,0.15299999713897705,0.01860000006854534
YPR178W,YJR028W,0,-3.7478423,0.44999998807907104,0.15299999713897705,0.018699999898672104
YJR130C,YLR424W,0,-3.7482154,0.4486803412437439,0.15299999713897705,0.018799999728798866
YDR460W,YGL112C,1,-3.7483125,0.4502924084663391,0.15399999916553497,0.018799999728798866
YCR097WB,YDL042C,0,-3.7489998,0.44897958636283875,0.15399999916553497,0.01889999955892563
YKR099C-A,YCL063W,0,-3.7491617,0.447674423456192,0.15399999916553497,0.01899999938905239
YJL006C,YNL007C,0,-3.7500913,0.4463768005371094,0.15399999916553497,0.019099999219179153
YGR109W-B,YNL329C,0,-3.750133,0.4450867176055908,0.15399999916553497,0.019200000911951065
YGL122C,YLR312C-B,0,-3.750269,0.4438040256500244,0.15399999916553497,0.019300000742077827
YDR261W-B,YDL179W,0,-3.7509954,0.44252872467041016,0.15399999916553497,0.01940000057220459
YNL039W,YPR056W,1,-3.7512677,0.44412606954574585,0.1550000011920929,0.01940000057220459
YPL177C,YPR186C,1,-3.7513382,0.4457142949104309,0.15600000321865082,0.01940000057220459
YPR113W,YHL009W-B,0,-3.7518585,0.4444444477558136,0.15600000321865082,0.019500000402331352
YLL001W,YKR008W,0,-3.75244,0.4431818127632141,0.15600000321865082,0.019600000232458115
YGR027W-B,YIR017C,0,-3.7532136,0.44192636013031006,0.15600000321865082,0.019700000062584877
YBR123C,YNL039W,1,-3.753448,0.443502813577652,0.15700000524520874,0.019700000062584877
YLR391W-A,YPL147W,0,-3.7534835,0.4422535300254822,0.15700000524520874,0.01979999989271164
YER171W,YDL108W,1,-3.7541542,0.4438202381134033,0.15800000727176666,0.01979999989271164
YPL096C-A,YDL036C,0,-3.7547057,0.4425770342350006,0.15800000727176666,0.019899999722838402
YLR359W,YER137C-A,0,-3.7548158,0.44134077429771423,0.15800000727176666,0.019999999552965164
YNL129W,YDR473C,0,-3.7555044,0.4401114284992218,0.15800000727176666,0.020099999383091927
YML074C,YDR261C-C,0,-3.7558634,0.43888887763023376,0.15800000727176666,0.02019999921321869
YOL039W,YCR029C-A,0,-3.756726,0.4376731216907501,0.15800000727176666,0.0203000009059906
YNL026W,YGR038C-A,0,-3.7570343,0.4364641010761261,0.15800000727176666,0.020400000736117363
YKR062W,YBL103C,1,-3.7571013,0.43801653385162354,0.1589999943971634,0.020400000736117363
YJL030W,YLR410W-B,0,-3.7577906,0.4368131756782532,0.1589999943971634,0.020500000566244125
YER148W,YPR025C,1,-3.757934,0.4383561611175537,0.1599999964237213,0.020500000566244125
YBR123C,YBL103C,1,-3.7583277,0.43989071249961853,0.16099999845027924,0.020500000566244125
YDR210W-B,YLR157C,0,-3.7584283,0.4386920928955078,0.16099999845027924,0.020600000396370888
YLR390W,YMR045C,0,-3.7584436,0.4375,0.16099999845027924,0.02070000022649765
YBR006W,YLR410W-B,0,-3.7587473,0.4363143742084503,0.16099999845027924,0.020800000056624413
YJL104W,YDR210C-C,0,-3.7589364,0.4351351261138916,0.16099999845027924,0.020899999886751175
YOR150W,YLR256W-A,0,-3.7589364,0.43396225571632385,0.16099999845027924,0.020999999716877937
YNL138W-A,YGL201C,0,-3.7599144,0.4327957034111023,0.16099999845027924,0.0210999995470047
YCR097WB,YER042W,0,-3.7612636,0.43163537979125977,0.16099999845027924,0.021199999377131462
YML033W,YML111W,0,-3.7625415,0.43048128485679626,0.16099999845027924,0.021299999207258224
YPR135W,YLR410W-B,0,-3.7630768,0.42933332920074463,0.16099999845027924,0.021400000900030136
YDL077C,YDR288W,0,-3.763542,0.42819148302078247,0.16099999845027924,0.0215000007301569
YKL028W,YDR311W,1,-3.7638571,0.42970821261405945,0.16200000047683716,0.0215000007301569
YDR210W-A,YKL156W,0,-3.76394,0.4285714328289032,0.16200000047683716,0.02160000056028366
YER074W-A,YHR062C,0,-3.764506,0.4274406433105469,0.16200000047683716,0.021700000390410423
YDR034C-D,YLR224W,0,-3.7648032,0.4263157844543457,0.16200000047683716,0.021800000220537186
YGR161C-C,YDR118W,0,-3.7649882,0.4251968562602997,0.16200000047683716,0.021900000050663948
YFL035C,YNR028W,0,-3.7650275,0.42408376932144165,0.16200000047683716,0.02199999988079071
YPR101W,YPL227C,0,-3.765139,0.4229764938354492,0.16200000047683716,0.022099999710917473
YPL177C,YPL011C,1,-3.76541,0.4244791567325592,0.16300000250339508,0.022099999710917473
YLR272C,YDR082W,0,-3.767039,0.4233766198158264,0.16300000250339508,0.022199999541044235
YML069W,YDR311W,1,-3.7671425,0.42487046122550964,0.164000004529953,0.022199999541044235
YLR163C,YPL045W,0,-3.7678301,0.4237726032733917,0.164000004529953,0.022299999371170998
YDR382W,YDR261C-C,0,-3.767981,0.42268040776252747,0.164000004529953,0.02239999920129776
YCR042C,YER148W,1,-3.769517,0.4241645336151123,0.16500000655651093,0.02239999920129776
YKR099C-A,YIL134W,0,-3.7695422,0.42307692766189575,0.16500000655651093,0.02250000089406967
YIL016W,YDR034C-D,0,-3.7706249,0.4219948947429657,0.16500000655651093,0.022600000724196434
YMR044W,YKL053C-A,0,-3.7707682,0.42091837525367737,0.16500000655651093,0.022700000554323196
YGL112C,YDR311W,1,-3.7709258,0.4223918616771698,0.16599999368190765,0.022700000554323196
YGL210W-A,YNL322C,0,-3.771865,0.42131978273391724,0.16599999368190765,0.02280000038444996
YPL190C,YCR097WB,0,-3.772385,0.4202531576156616,0.16599999368190765,0.02290000021457672
YOR323C,YDR261C-C,0,-3.7733147,0.4191919267177582,0.16599999368190765,0.023000000044703484
YLR103C,YNL153C,0,-3.7734025,0.41813603043556213,0.16599999368190765,0.023099999874830246
YGR274C,YDR362C,1,-3.7737312,0.4195979833602905,0.16699999570846558,0.023099999874830246
YNL138W-A,YEL050C,0,-3.7740834,0.4185463786125183,0.16699999570846558,0.02319999970495701
YOR147W,YKL158W,0,-3.7744148,0.41749998927116394,0.16699999570846558,0.02329999953508377
YBR271W,YJL113W,0,-3.7746813,0.4164588451385498,0.16699999570846558,0.023399999365210533
YDR478W,YPL096C-A,0,-3.7750025,0.41542288661003113,0.16699999570846558,0.023499999195337296
YDR079C-A,YKL028W,1,-3.7751791,0.4168734550476074,0.1679999977350235,0.023499999195337296
YDR261C-D,YOR256C,0,-3.7760818,0.41584157943725586,0.1679999977350235,0.023600000888109207
YOR142W-A,YLR440C,0,-3.7767584,0.4148148000240326,0.1679999977350235,0.02370000071823597
YCR070W,YDR456W,0,-3.7774794,0.4137931168079376,0.1679999977350235,0.023800000548362732
YPR158W-A,YMR164C,0,-3.7785108,0.4127764105796814,0.1679999977350235,0.023900000378489494
YBR251W,YGR161C-C,0,-3.779433,0.4117647111415863,0.1679999977350235,0.024000000208616257
YMR227C,YNL314W,1,-3.7795708,0.4132029414176941,0.16899999976158142,0.024000000208616257
YDL108W,YDR362C,1,-3.7796156,0.4146341383457184,0.17000000178813934,0.024000000208616257
YNL084C,YOR142W-B,0,-3.780663,0.4136252999305725,0.17000000178813934,0.02410000003874302
YOL111C,YER159C-A,0,-3.780663,0.4126213490962982,0.17000000178813934,0.02419999986886978
YGL001C,YPL257W-B,0,-3.7807243,0.4116222858428955,0.17000000178813934,0.024299999698996544
YNL298W,YGR027W-B,0,-3.7816556,0.4106280207633972,0.17000000178813934,0.024399999529123306
YDR006C,YGR013W,0,-3.7819684,0.40963855385780334,0.17000000178813934,0.02449999935925007
YML033W,YMR189W,0,-3.7823524,0.4086538553237915,0.17000000178813934,0.02459999918937683
YDR362C,YDR311W,1,-3.782443,0.4100719392299652,0.17100000381469727,0.02459999918937683
YJL053W,YJL034W,0,-3.782454,0.40909090638160706,0.17100000381469727,0.024700000882148743
YLR256W-A,YGR026W,0,-3.7826276,0.40811455249786377,0.17100000381469727,0.024800000712275505
YLR109W,YML033W,0,-3.7831657,0.40714284777641296,0.17100000381469727,0.024900000542402267
YPR158C-D,YDR158W,0,-3.7832234,0.40617576241493225,0.17100000381469727,0.02500000037252903
YPL007C,YGR186W,1,-3.7834864,0.40758293867111206,0.1720000058412552,0.02500000037252903
YDR362C,YKR062W,1,-3.7843182,0.408983439207077,0.17299999296665192,0.02500000037252903
YDR362C,YOR194C,1,-3.7844694,0.4103773534297943,0.17399999499320984,0.02500000037252903
YDR210W-A,YML129C,0,-3.7855756,0.409411758184433,0.17399999499320984,0.025100000202655792
YIL143C,YKL028W,1,-3.785919,0.4107981324195862,0.17499999701976776,0.025100000202655792
YDL108W,YLR005W,1,-3.786339,0.4121779799461365,0.17599999904632568,0.025100000202655792
YPL007C,YBL103C,1,-3.7863657,0.413551390171051,0.1770000010728836,0.025100000202655792
YKR099C-A,YER056C-A,0,-3.7871263,0.41258740425109863,0.1770000010728836,0.025200000032782555
YLR154W-A,YPL103C,0,-3.7875545,0.4116279184818268,0.1770000010728836,0.025299999862909317
YCL060C,YOL072W,0,-3.787629,0.4106728434562683,0.1770000010728836,0.02539999969303608
YIL143C,YDR362C,1,-3.787742,0.41203704476356506,0.17800000309944153,0.02539999969303608
YGR246C,YPL007C,1,-3.7881372,0.4133949279785156,0.17900000512599945,0.02539999969303608
YLR078C,YCL060C,0,-3.7888575,0.4124423861503601,0.17900000512599945,0.025499999523162842
YPR166C,YLR154W-A,0,-3.789508,0.41149425506591797,0.17900000512599945,0.025599999353289604
YMR037C,YDR069C,0,-3.7895167,0.41055044531822205,0.17900000512599945,0.025699999183416367
YPL089C,YML118W,0,-3.7912023,0.4096109867095947,0.17900000512599945,0.025800000876188278
YFL021W,YDR460W,1,-3.7921126,0.4109589159488678,0.18000000715255737,0.025800000876188278
YDR210W-A,YPL059W,0,-3.7930708,0.4100227653980255,0.18000000715255737,0.02590000070631504
YDR362C,YBL103C,1,-3.7932737,0.4113636314868927,0.1809999942779541,0.02590000070631504
YLR251W,YPR137C-A,0,-3.7938235,0.4104308485984802,0.1809999942779541,0.026000000536441803
YDR017C,YOR343W-A,0,-3.7941058,0.4095022678375244,0.1809999942779541,0.026100000366568565
YOL103W-B,YOR311C,0,-3.7941997,0.40857788920402527,0.1809999942779541,0.026200000196695328
YLR191W,YPR189W,0,-3.7942133,0.407657653093338,0.1809999942779541,0.02630000002682209
YKR045C,YFL002W-B,0,-3.795078,0.40674155950546265,0.1809999942779541,0.026399999856948853
YMR051C,YDR018C,0,-3.7951293,0.40582960844039917,0.1809999942779541,0.026499999687075615
YPL011C,YNL314W,1,-3.7955747,0.40715882182121277,0.18199999630451202,0.026499999687075615
YPL064C,YFL035C,0,-3.7959068,0.40625,0.18199999630451202,0.026599999517202377
YGL008C,YLR154W-A,0,-3.7960165,0.40534520149230957,0.18199999630451202,0.02669999934732914
YMR193W,YCR097WB,0,-3.7961748,0.40444445610046387,0.18199999630451202,0.026799999177455902
YDR138W,YDR166C,0,-3.7964602,0.4035476744174957,0.18199999630451202,0.026900000870227814
YDR167W,YPL011C,1,-3.7970903,0.4048672616481781,0.18299999833106995,0.026900000870227814
YML069W,YDR460W,1,-3.7973387,0.4061810076236725,0.18400000035762787,0.026900000870227814
YGR274C,YPL011C,1,-3.797947,0.40748897194862366,0.1850000023841858,0.026900000870227814
YOR020C,YGR038C-A,0,-3.7979953,0.4065934121608734,0.1850000023841858,0.027000000700354576
YCR070W,YLR045C,0,-3.7980993,0.40570175647735596,0.1850000023841858,0.02710000053048134
YOR343W-B,YPR028W,0,-3.7982366,0.4048140048980713,0.1850000023841858,0.0272000003606081
YER171W,YBL103C,1,-3.7984848,0.40611353516578674,0.1860000044107437,0.0272000003606081
YOL103W-B,YBL010C,0,-3.7985687,0.40522876381874084,0.1860000044107437,0.027300000190734863
YAL001C,YML069W,1,-3.7989516,0.406521737575531,0.18700000643730164,0.027300000190734863
YDR205W,YLR154W-A,0,-3.7993913,0.4056399166584015,0.18700000643730164,0.027400000020861626
YLR391W-A,YLR207W,0,-3.799844,0.4047619104385376,0.18700000643730164,0.027499999850988388
YNL147W,YOR205C,0,-3.7999403,0.40388768911361694,0.18700000643730164,0.02759999968111515
YML064C,YOR142W-B,0,-3.8001864,0.4030172526836395,0.18700000643730164,0.027699999511241913
YLR316C,YLR025W,0,-3.8010967,0.40215054154396057,0.18700000643730164,0.027799999341368675
YGL055W,YLR256W-A,0,-3.8014514,0.4012875556945801,0.18700000643730164,0.027899999171495438
YMR227C,YML069W,1,-3.8022106,0.40256959199905396,0.18799999356269836,0.027899999171495438
YDL207W,YCL032W,0,-3.8022187,0.4017094075679779,0.18799999356269836,0.02800000086426735
YML046W,YOR080W,0,-3.802339,0.40085288882255554,0.18799999356269836,0.02810000069439411
YNL325C,YLR256W-A,0,-3.8024583,0.4000000059604645,0.18799999356269836,0.028200000524520874
YMR170C,YMR022W,0,-3.8033516,0.3991507291793823,0.18799999356269836,0.028300000354647636
YER150W,YMR268W-A,0,-3.8038876,0.39830508828163147,0.18799999356269836,0.0284000001847744
YGR047C,YPL011C,1,-3.8040316,0.39957717061042786,0.1889999955892563,0.0284000001847744
YGR274C,YML069W,1,-3.804042,0.40084388852119446,0.1899999976158142,0.0284000001847744
YGR240C,YOR343W-A,0,-3.804365,0.4000000059604645,0.1899999976158142,0.02850000001490116
YDR167W,YDR079C-A,1,-3.8044655,0.40126049518585205,0.19099999964237213,0.02850000001490116
YOR197W,YFR051C,0,-3.8048017,0.40041929483413696,0.19099999964237213,0.028599999845027924
YIR013C,YFL002W-B,0,-3.8051736,0.39958158135414124,0.19099999964237213,0.028699999675154686
YER013W,YPL083C,0,-3.8061795,0.39874738454818726,0.19099999964237213,0.02879999950528145
YLR144C,YPR200C,0,-3.8063338,0.39791667461395264,0.19099999964237213,0.02889999933540821
YER074W-A,YGR277C,0,-3.8065526,0.3970893919467926,0.19099999964237213,0.028999999165534973
YBR058C,YIR033W,0,-3.8071156,0.39626556634902954,0.19099999964237213,0.029100000858306885
YMR167W,YIR018W,0,-3.8073468,0.3954451382160187,0.19099999964237213,0.029200000688433647
YNL039W,YGR186W,1,-3.8075237,0.39669421315193176,0.19200000166893005,0.029200000688433647
YNR002C,YDR034C-C,0,-3.8077667,0.39587628841400146,0.19200000166893005,0.02930000051856041
YDR316W-A,YFR055W,0,-3.8077972,0.395061731338501,0.19200000166893005,0.029400000348687172
YML033W,YDL191W,0,-3.8082125,0.3942505121231079,0.19200000166893005,0.029500000178813934
YBR012W-B,YML070W,0,-3.8088539,0.39344263076782227,0.19200000166893005,0.029600000008940697
YCR080W,YPR030W,0,-3.810744,0.39263802766799927,0.19200000166893005,0.02969999983906746
YLR391W-A,YMR037C,0,-3.811295,0.3918367326259613,0.19200000166893005,0.02979999966919422
YKR062W,YGL112C,1,-3.811844,0.3930753469467163,0.19300000369548798,0.02979999966919422
YGR246C,YBL103C,1,-3.8121455,0.3943089544773102,0.1940000057220459,0.02979999966919422
YML074C,YMR047C,0,-3.8123903,0.3935091197490692,0.1940000057220459,0.029899999499320984
YDR473C,YOR141C,0,-3.81261,0.3927125632762909,0.1940000057220459,0.029999999329447746
YMR227C,YDR460W,1,-3.8132932,0.39393940567970276,0.19499999284744263,0.029999999329447746
YAL001C,YDR362C,1,-3.8142664,0.39516130089759827,0.19599999487400055,0.029999999329447746
YLR166C,YNL054W-B,0,-3.8162167,0.39436620473861694,0.19599999487400055,0.03009999915957451
YOR192C-A,YBR080C,0,-3.816992,0.3935742974281311,0.19599999487400055,0.03020000085234642
YBR123C,YOL089C,1,-3.8175445,0.39478957653045654,0.19699999690055847,0.03020000085234642
YJL176C,YOR343W-B,0,-3.8177836,0.39399999380111694,0.19699999690055847,0.030300000682473183
YDR167W,YFL021W,1,-3.8179855,0.39520958065986633,0.1979999989271164,0.030300000682473183
YPL011C,YOR194C,1,-3.8181028,0.3964143395423889,0.19900000095367432,0.030300000682473183
YDR167W,YPL007C,1,-3.818111,0.3976143002510071,0.20000000298023224,0.030300000682473183
YPL122C,YLR005W,1,-3.8182404,0.3988095223903656,0.20100000500679016,0.030300000682473183
YFL011W-A,YFL055W,0,-3.818456,0.39801979064941406,0.20100000500679016,0.030400000512599945
YDR470C,YKL158W,0,-3.818735,0.39723318815231323,0.20100000500679016,0.030500000342726707
YOR340C,YCL020W,0,-3.8187563,0.3964497148990631,0.20100000500679016,0.03060000017285347
YER175C,YHR039C-B,0,-3.8190722,0.39566928148269653,0.20100000500679016,0.030700000002980232
YLR391W,YMR060C,0,-3.8191767,0.3948919475078583,0.20100000500679016,0.030799999833106995
YNL154C,YPR158C-C,0,-3.820611,0.39411765336990356,0.20100000500679016,0.030899999663233757
YCR070W,YGR059W,0,-3.8207603,0.39334636926651,0.20100000500679016,0.03099999949336052
YOR311C,YLR337W,0,-3.8208804,0.392578125,0.20100000500679016,0.031099999323487282
YKR099C-A,YBL021C,0,-3.821016,0.39181286096572876,0.20100000500679016,0.031199999153614044
YMR068W,YDR261W-B,0,-3.821268,0.3910505771636963,0.20100000500679016,0.031300000846385956
YOL021C,YGL094C,0,-3.8216484,0.3902912735939026,0.20100000500679016,0.03139999881386757
YFL002W-B,YJR138W,0,-3.8217986,0.3895348906517029,0.20100000500679016,0.03150000050663948
YJL109C,YCR080W,0,-3.822188,0.38878142833709717,0.20100000500679016,0.031599998474121094
YEL013W,YER137C-A,0,-3.82226,0.38803088665008545,0.20100000500679016,0.031700000166893005
YKL108W,YGR145W,0,-3.822515,0.38728323578834534,0.20100000500679016,0.03180000185966492
YKR099C-A,YDR174W,0,-3.822796,0.38653847575187683,0.20100000500679016,0.03189999982714653
YDR210W-B,YDR506C,0,-3.8229442,0.38579654693603516,0.20100000500679016,0.03200000151991844
YGL051W,YOR142W-A,0,-3.823175,0.3850574791431427,0.20100000500679016,0.032099999487400055
YGR161W-B,YPL249C,0,-3.824147,0.3843212127685547,0.20100000500679016,0.03220000118017197
YJR058C,YMR180C,0,-3.824262,0.3835877776145935,0.20100000500679016,0.03229999914765358
YDR285W,YOR192C-B,0,-3.8242815,0.38285714387893677,0.20100000500679016,0.03240000084042549
YJL073W,YGR031C-A,0,-3.824311,0.3821292817592621,0.20100000500679016,0.032499998807907104
YCR088W,YLR312C-B,0,-3.824983,0.38140416145324707,0.20100000500679016,0.032600000500679016
YML015C,YNL039W,1,-3.8250601,0.38257575035095215,0.20200000703334808,0.032600000500679016
YDR318W,YCL003W,0,-3.8256695,0.38185253739356995,0.20200000703334808,0.03269999846816063
YLR246W,YPR137C-A,0,-3.8263328,0.3811320662498474,0.20200000703334808,0.03280000016093254
YIL082W-A,YPL015C,0,-3.8275843,0.38041430711746216,0.20200000703334808,0.03290000185370445
YIL079C,YOR038C,0,-3.8277247,0.3796992599964142,0.20200000703334808,0.032999999821186066
YCL019W,YJR147W,0,-3.8284636,0.3789868652820587,0.20200000703334808,0.03310000151395798
YCR055C,YER125W,0,-3.8286831,0.37827715277671814,0.20200000703334808,0.03319999948143959
YPL257W-B,YDR510W,0,-3.828767,0.37757009267807007,0.20200000703334808,0.0333000011742115
YMR231W,YCL019W,0,-3.8289003,0.3768656849861145,0.20200000703334808,0.033399999141693115
YJL042W,YDR261C-C,0,-3.829065,0.37616387009620667,0.20200000703334808,0.03350000083446503
YCL060C,YBR175W,0,-3.8291025,0.37546467781066895,0.20200000703334808,0.03359999880194664
YBR123C,YIL143C,1,-3.8297172,0.37662336230278015,0.2029999941587448,0.03359999880194664
YKL028W,YOR194C,1,-3.830719,0.3777777850627899,0.20399999618530273,0.03359999880194664
YPL202C,YPR025C,1,-3.8307192,0.37892791628837585,0.20499999821186066,0.03359999880194664
YDR291W,YKL053C-A,0,-3.8309665,0.3782287836074829,0.20499999821186066,0.03370000049471855
YGL086W,YKL200C,0,-3.831457,0.3775322139263153,0.20499999821186066,0.033799998462200165
YNL097C,YDL207W,0,-3.831892,0.37683823704719543,0.20499999821186066,0.033900000154972076
YKL135C,YMR005W,0,-3.8319647,0.3761467933654785,0.20499999821186066,0.03400000184774399
YFL035C,YDL028C,0,-3.8321059,0.37545788288116455,0.20499999821186066,0.0340999998152256
YKL112W,YPR137C-A,0,-3.8325849,0.37477147579193115,0.20499999821186066,0.03420000150799751
YJL024C,YIR009W,0,-3.8335721,0.3740876019001007,0.20499999821186066,0.034299999475479126
YER154W,YGR031C-A,0,-3.833651,0.37340620160102844,0.20499999821186066,0.03440000116825104
YIL085C,YDR261C-C,0,-3.8336785,0.37272727489471436,0.20499999821186066,0.03449999913573265
YAR070W-A,YOR085W,0,-3.8340876,0.37205082178115845,0.20499999821186066,0.03460000082850456
YHR214W-G,YNL153C,0,-3.8340876,0.37137681245803833,0.20499999821186066,0.034699998795986176
YDL178W,YDR524C-B,0,-3.8340876,0.370705246925354,0.20499999821186066,0.03480000048875809
YJL206C,YOR240W,0,-3.8340876,0.3700360953807831,0.20499999821186066,0.0348999984562397
YAR070W-A,YDR454C,0,-3.8340876,0.36936935782432556,0.20499999821186066,0.03500000014901161
YLR157C-A,YML112W,0,-3.8340876,0.36870503425598145,0.20499999821186066,0.035100001841783524
YPL060C-A,YDR421W,0,-3.8340876,0.36804309487342834,0.20499999821186066,0.03519999980926514
YDR210W-D,YPR184W,0,-3.8340876,0.36738350987434387,0.20499999821186066,0.03530000150203705
YDR210W-B,YBR275C,0,-3.8340876,0.3667263090610504,0.20499999821186066,0.03539999946951866
YNL005C,YDR381C-A,0,-3.8340876,0.3660714328289032,0.20499999821186066,0.03550000116229057
YCR002C,YDR014W-A,0,-3.8340876,0.3654188811779022,0.20499999821186066,0.035599999129772186
YHR214W-G,YMR263W,0,-3.8340876,0.3647686839103699,0.20499999821186066,0.0357000008225441
YDL049C,YDR524C-B,0,-3.8340876,0.3641207814216614,0.20499999821186066,0.03579999879002571
YOR063W,YNL024C-A,0,-3.8340876,0.36347517371177673,0.20499999821186066,0.03590000048279762
YJR098C,YMR268W-A,0,-3.8340876,0.36283186078071594,0.20499999821186066,0.035999998450279236
YAR070W-A,YOR076C,0,-3.8340876,0.3621908128261566,0.20499999821186066,0.03610000014305115
YPL189C-A,YPR137C-A,0,-3.8340876,0.36155202984809875,0.20499999821186066,0.03620000183582306
YCL060C,YDR210C-C,0,-3.8340876,0.36091548204421997,0.20499999821186066,0.03629999980330467
YLR154W-A,YIL080W,0,-3.8340876,0.36028119921684265,0.20499999821186066,0.036400001496076584
YDR381C-A,YLR291C,0,-3.8340876,0.359649121761322,0.20499999821186066,0.0364999994635582
YFL011W-A,YIR007W,0,-3.8340876,0.3590192496776581,0.20499999821186066,0.03660000115633011
YBL008W-A,YOR323C,0,-3.8340876,0.3583916127681732,0.20499999821186066,0.03669999912381172
YMR080C,YBL101W-B,0,-3.8340876,0.35776615142822266,0.20499999821186066,0.03680000081658363
YHR214W-G,YBL034C,0,-3.8340876,0.3571428656578064,0.20499999821186066,0.03689999878406525
YAL035W,YLR157C-A,0,-3.8340876,0.35652172565460205,0.20499999821186066,0.03700000047683716
YDR524C-B,YNL072W,0,-3.8340876,0.3559027910232544,0.20499999821186066,0.03709999844431877
YKR045C,YCR029C-A,0,-3.8340876,0.35528597235679626,0.20499999821186066,0.03720000013709068
YDR524C-B,YBR204C,0,-3.8340876,0.35467126965522766,0.20499999821186066,0.037300001829862595
YMR267W,YBL008W-A,0,-3.8340876,0.35405871272087097,0.20499999821186066,0.03739999979734421
YNL016W,YOR343C-B,0,-3.8340876,0.3534482717514038,0.20499999821186066,0.03750000149011612
YML040W,YPL096C-A,0,-3.8340876,0.3528399169445038,0.20499999821186066,0.03759999945759773
YDR470C,YNL024C-A,0,-3.8340876,0.3522336781024933,0.20499999821186066,0.037700001150369644
YBR056W,YBL101W-B,0,-3.8340876,0.35162949562072754,0.20499999821186066,0.03779999911785126
YOR343W-B,YER087C-B,0,-3.8340876,0.35102739930152893,0.20499999821186066,0.03790000081062317
YGR027W-A,YCL036W,0,-3.8340876,0.3504273593425751,0.20499999821186066,0.03799999877810478
YML009C,YNL024C-A,0,-3.8340876,0.3498293459415436,0.20499999821186066,0.038100000470876694
YBL008W-A,YGL226C-A,0,-3.8340876,0.34923338890075684,0.20499999821186066,0.03819999843835831
YHR153C,YDR014W-A,0,-3.8340876,0.34863945841789246,0.20499999821186066,0.03830000013113022
YLR157C-A,YDR014W-A,0,-3.8340876,0.34804752469062805,0.20499999821186066,0.03840000182390213
YGR288W,YHL009W-A,0,-3.8340876,0.347457617521286,0.20499999821186066,0.03849999979138374
YMR300C,YHL009W-A,0,-3.8340876,0.34686970710754395,0.20499999821186066,0.038600001484155655
YNL113W,YNL284C-A,0,-3.8340876,0.34628379344940186,0.20499999821186066,0.03869999945163727
YBL008W-A,YML071C,0,-3.8340876,0.34569981694221497,0.20499999821186066,0.03880000114440918
YER174C,YHR214W-G,0,-3.8340876,0.34511783719062805,0.20499999821186066,0.03889999911189079
YLR138W,YNL024C-A,0,-3.8340876,0.3445378243923187,0.20499999821186066,0.039000000804662704
YHR058C,YDR381C-A,0,-3.8340876,0.3439597189426422,0.20499999821186066,0.03909999877214432
YBL101W-A,YLL017W,0,-3.8340876,0.3433835804462433,0.20499999821186066,0.03920000046491623
YHR214W-G,YHR079C-A,0,-3.8340876,0.34280937910079956,0.20499999821186066,0.03929999843239784
YPL087W,YDR381C-A,0,-3.8340876,0.34223705530166626,0.20499999821186066,0.039400000125169754
YNL106C,YNL024C-A,0,-3.8340876,0.34166666865348816,0.20499999821186066,0.039500001817941666
YML045W-A,YHR081W,0,-3.8340876,0.3410981595516205,0.20499999821186066,0.03959999978542328
YBL008W-A,YDL075W,0,-3.8340876,0.3405315577983856,0.20499999821186066,0.03970000147819519
YKR099C-A,YPR063C,0,-3.8340876,0.3399668335914612,0.20499999821186066,0.039799999445676804
YMR273C,YHL009W-A,0,-3.8340876,0.33940398693084717,0.20499999821186066,0.039900001138448715
YBL008W-A,YJR101W,0,-3.8340876,0.3388429880142212,0.20499999821186066,0.03999999910593033
YCR097WB,YML037C,0,-3.8340876,0.33828383684158325,0.20499999821186066,0.04010000079870224
YDL156W,YNL284C-A,0,-3.8340876,0.33772653341293335,0.20499999821186066,0.04019999876618385
YOR153W,YDR014W-A,0,-3.8340876,0.3371710479259491,0.20499999821186066,0.040300000458955765
YHR140W,YGR031C-A,0,-3.8340876,0.3366174101829529,0.20499999821186066,0.04039999842643738
YNL024C-A,YDR451C,0,-3.8340876,0.3360655605792999,0.20499999821186066,0.04050000011920929
YDR034C-D,YJR033C,0,-3.8340876,0.335515558719635,0.20499999821186066,0.0406000018119812
YLR157C-A,YGL145W,0,-3.8340876,0.33496731519699097,0.20499999821186066,0.040699999779462814
YBL008W-A,YNL146W,0,-3.8340876,0.3344208896160126,0.20499999821186066,0.040800001472234726
YOR343C-B,YJL158C,0,-3.8340876,0.33387622237205505,0.20499999821186066,0.04089999943971634
YBL008W-A,YLR020C,0,-3.8340876,0.3333333432674408,0.20499999821186066,0.04100000113248825
YKL103C,YCL048W-A,0,-3.8340876,0.3327922224998474,0.20499999821186066,0.041099999099969864
YOL057W,YOL053C-A,0,-3.8340876,0.3322528302669525,0.20499999821186066,0.041200000792741776
YDR210W-D,YAL012W,0,-3.8340876,0.3317151963710785,0.20499999821186066,0.04129999876022339
YMR321C,YGR031C-A,0,-3.8340876,0.33117932081222534,0.20499999821186066,0.0414000004529953
YIL044C,YNL024C-A,0,-3.8340876,0.3306451737880707,0.20499999821186066,0.04149999842047691
YLR113W,YBL101W-A,0,-3.8340876,0.3301127254962921,0.20499999821186066,0.041600000113248825
YOL058W,YDR524C-B,0,-3.8340876,0.32958200573921204,0.20499999821186066,0.04170000180602074
YLR157C-A,YFL022C,0,-3.8340876,0.32905295491218567,0.20499999821186066,0.04179999977350235
YDR524C-B,YOR128C,0,-3.8340876,0.3285256326198578,0.20499999821186066,0.04190000146627426
YER137C,YOR343C-B,0,-3.8340876,0.328000009059906,0.20499999821186066,0.041999999433755875
YER118C,YNL024C-A,0,-3.8340876,0.32747602462768555,0.20499999821186066,0.042100001126527786
YML045W-A,YLL062C,0,-3.8340876,0.3269537389278412,0.20499999821186066,0.0421999990940094
YCL027C-A,YPR204W,0,-3.8340876,0.32643312215805054,0.20499999821186066,0.04230000078678131
YPL162C,YLR337W,0,-3.8340876,0.3259141445159912,0.20499999821186066,0.042399998754262924
YOR175C,YLR157C-A,0,-3.8340876,0.3253968358039856,0.20499999821186066,0.042500000447034836
YHR214W-G,YML125C,0,-3.8340876,0.3248811364173889,0.20499999821186066,0.04259999841451645
YML045W-A,YKR065C,0,-3.8340876,0.32436707615852356,0.20499999821186066,0.04270000010728836
YAR070W-A,YDL174C,0,-3.8340876,0.3238546550273895,0.20499999821186066,0.04280000180006027
YML045W-A,YKL112W,0,-3.8340876,0.32334384322166443,0.20499999821186066,0.042899999767541885
YOR141C,YDR381C-A,0,-3.8340876,0.32283464074134827,0.20499999821186066,0.0430000014603138
YNR010W,YNL284C-A,0,-3.8340876,0.32232704758644104,0.20499999821186066,0.04309999942779541
YAR070W-A,YNL339C,0,-3.8340876,0.32182103395462036,0.20499999821186066,0.04320000112056732
YGL191W,YDR014W-A,0,-3.8340876,0.32131659984588623,0.20499999821186066,0.043299999088048935
YBL101W-B,YLR157C,0,-3.8340876,0.32081377506256104,0.20499999821186066,0.04340000078082085
YDR338C,YCL062W,0,-3.8340876,0.3203125,0.20499999821186066,0.04349999874830246
YGR070W,YPR137C-B,0,-3.8340876,0.3198128044605255,0.20499999821186066,0.04360000044107437
YML045W-A,YPL188W,0,-3.8340876,0.3193146288394928,0.20499999821186066,0.043699998408555984
YDR208W,YDR014W-A,0,-3.8340876,0.31881803274154663,0.20499999821186066,0.043800000101327896
YAL060W,YDR524C-B,0,-3.8340876,0.3183229863643646,0.20499999821186066,0.04390000179409981
YBL008W-A,YDR231C,0,-3.8340876,0.3178294599056244,0.20499999821186066,0.04399999976158142
YBL008W-A,YPL230W,0,-3.8340876,0.3173374533653259,0.20499999821186066,0.04410000145435333
YOR085W,YML045W-A,0,-3.8340876,0.3168469965457916,0.20499999821186066,0.044199999421834946
YPL096C-A,YDR261W-A,0,-3.8340876,0.3163580298423767,0.20499999821186066,0.04430000111460686
YDR034C-D,YHL009W-A,0,-3.8340876,0.31587058305740356,0.20499999821186066,0.04439999908208847
YNL291C,YNL024C-A,0,-3.8340876,0.3153846263885498,0.20499999821186066,0.04450000077486038
YBL101W-B,YPR189W,0,-3.8340876,0.31490015983581543,0.20499999821186066,0.044599998742341995
YNL138W-A,YGR038C-B,0,-3.8340876,0.31441718339920044,0.20499999821186066,0.04470000043511391
YEL060C,YHL009W-A,0,-3.8340876,0.31393566727638245,0.20499999821186066,0.04479999840259552
YDR524C-B,YGL224C,0,-3.8340876,0.3134556710720062,0.20499999821186066,0.04490000009536743
YLR139C,YLR157C-A,0,-3.8340876,0.3129771053791046,0.20499999821186066,0.04500000178813934
YBL101W-B,YOL100W,0,-3.8340876,0.3125,0.20499999821186066,0.045099999755620956
YDR210W-D,YHR066W,0,-3.8340876,0.3120243549346924,0.20499999821186066,0.04520000144839287
YNL274C,YHL009W-A,0,-3.8340876,0.3115501403808594,0.20499999821186066,0.04529999941587448
YDR210W-D,YKL089W,0,-3.8340876,0.31107738614082336,0.20499999821186066,0.04540000110864639
YBL101W-A,YAR003W,0,-3.8340876,0.31060606241226196,0.20499999821186066,0.045499999076128006
YJL028W,YFL002W-B,0,-3.8340876,0.31013616919517517,0.20499999821186066,0.04560000076889992
YDR524C-B,YLR423C,0,-3.8340876,0.3096676766872406,0.20499999821186066,0.04569999873638153
YAR070W-A,YOL140W,0,-3.8340876,0.30920061469078064,0.20499999821186066,0.04580000042915344
YDR409W,YOR192C-B,0,-3.8340876,0.3087349534034729,0.20499999821186066,0.045899998396635056
YBL103C,YDR311W,1,-3.835493,0.3097744286060333,0.20600000023841858,0.045899998396635056
YPR056W,YDR167W,1,-3.8357115,0.31081080436706543,0.2070000022649765,0.045899998396635056
YDL207W,YER159C-A,0,-3.835724,0.3103448152542114,0.2070000022649765,0.04600000008940697
YMR039C,YML014W,0,-3.8362343,0.30988022685050964,0.2070000022649765,0.04610000178217888
YNL138W-A,YNR074C,0,-3.8364584,0.3094170391559601,0.2070000022649765,0.04619999974966049
YPL194W,YBL074C,0,-3.8370187,0.30895522236824036,0.2070000022649765,0.046300001442432404
YDR462W,YGR031C-A,0,-3.8377812,0.30849477648735046,0.2070000022649765,0.04639999940991402
YGL207W,YKR062W,1,-3.8378654,0.3095238208770752,0.20800000429153442,0.04639999940991402
YNL039W,YJL011C,1,-3.8385758,0.3105497658252716,0.20900000631809235,0.04639999940991402
YDR520C,YAL041W,0,-3.839449,0.31008902192115784,0.20900000631809235,0.04650000110268593
YER173W,YML040W,0,-3.8404286,0.3096296191215515,0.20900000631809235,0.04659999907016754
YGR104C,YPR158C-D,0,-3.8404992,0.309171587228775,0.20900000631809235,0.04670000076293945
YNL039W,YFL021W,1,-3.842196,0.3101920187473297,0.20999999344348907,0.04670000076293945
YFL039C,YFL035C,0,-3.8423002,0.3097345232963562,0.20999999344348907,0.046799998730421066
YDL164C,YDR365W-B,0,-3.8425987,0.30927833914756775,0.20999999344348907,0.04690000042319298
YML033W,YLR133W,0,-3.8430393,0.30882352590560913,0.20999999344348907,0.04699999839067459
YDL051W,YLR256W-A,0,-3.8431032,0.30837005376815796,0.20999999344348907,0.0471000000834465
YFL035C,YDR512C,0,-3.8435557,0.30791789293289185,0.20999999344348907,0.047200001776218414
YAL001C,YGL166W,1,-3.8438683,0.3089311718940735,0.210999995470047,0.047200001776218414
YPR158C-D,YKL034W,0,-3.845028,0.30847951769828796,0.210999995470047,0.04729999974370003
YHL009W-B,YNL148C,0,-3.8451288,0.3080292046070099,0.210999995470047,0.04740000143647194
YIL143C,YBL103C,1,-3.8452842,0.3090378940105438,0.21199999749660492,0.04740000143647194
YGR246C,YGL112C,1,-3.8453708,0.31004366278648376,0.21299999952316284,0.04740000143647194
YKL139W,YER068W,0,-3.8463743,0.3095930218696594,0.21299999952316284,0.04749999940395355
YLR391W-A,YPL275W,0,-3.8465254,0.30914369225502014,0.21299999952316284,0.047600001096725464
YKR013W,YLR157C-B,0,-3.8466032,0.30869564414024353,0.21299999952316284,0.04769999906420708
YBL050W,YOR037W,0,-3.8471286,0.308248907327652,0.21299999952316284,0.04780000075697899
YGR020C,YGR031C-A,0,-3.8474276,0.3078034818172455,0.21299999952316284,0.0478999987244606
YDR081C,YAL043C,0,-3.8475425,0.3073593080043793,0.21299999952316284,0.04800000041723251
YCR070W,YER068W,0,-3.8476784,0.30691641569137573,0.21299999952316284,0.04809999838471413
YNL088W,YJL140W,0,-3.8481066,0.30647483468055725,0.21299999952316284,0.04820000007748604
YPL181W,YDR364C,0,-3.8482444,0.30603447556495667,0.21299999952316284,0.04830000177025795
YDR211W,YIL017W,0,-3.8487594,0.30559539794921875,0.21299999952316284,0.04839999973773956
YER148W,YDR311W,1,-3.8494406,0.3065902590751648,0.21400000154972076,0.04839999973773956
YPL098C,YCR097WB,0,-3.8494508,0.3061516582965851,0.21400000154972076,0.048500001430511475
YML069W,YLR005W,1,-3.849532,0.30714285373687744,0.2150000035762787,0.048500001430511475
YDR210W-B,YKL020C,0,-3.8503568,0.30670469999313354,0.2150000035762787,0.04859999939799309
YHR039C-B,YBL024W,0,-3.8521848,0.30626779794692993,0.2150000035762787,0.048700001090765
YJR016C,YGR027W-B,0,-3.8522794,0.3058321475982666,0.2150000035762787,0.04879999905824661
YLR256W-A,YGL136C,0,-3.8525426,0.30539771914482117,0.2150000035762787,0.048900000751018524
YHR092C,YHR039C-B,0,-3.852798,0.304964542388916,0.2150000035762787,0.04899999871850014
YDL097C,YDR261C-C,0,-3.852977,0.30453258752822876,0.2150000035762787,0.04910000041127205
YFL011W-A,YLR130C,0,-3.853027,0.304101824760437,0.2150000035762787,0.04919999837875366
YML069W,YGL112C,1,-3.8530567,0.3050847351551056,0.2160000056028366,0.04919999837875366
YNL308C,YPR158C-C,0,-3.8534422,0.30465444922447205,0.2160000056028366,0.049300000071525574
YCR070W,YIR025W,0,-3.8534482,0.304225355386734,0.2160000056028366,0.049400001764297485
YOR343W-B,YDR205W,0,-3.8537834,0.3037974536418915,0.2160000056028366,0.0494999997317791
YKR071C,YLR410W-A,0,-3.8548062,0.30337077379226685,0.2160000056028366,0.04960000142455101
YML069W,YPL011C,1,-3.8552055,0.30434781312942505,0.21699999272823334,0.04960000142455101
YNL030W,YPL266W,0,-3.855993,0.30392158031463623,0.21699999272823334,0.04969999939203262
YCR070W,YHR047C,0,-3.8564653,0.30349650979042053,0.21699999272823334,0.049800001084804535
YHR039C-B,YGR177C,0,-3.857526,0.30307263135910034,0.21699999272823334,0.04989999905228615
YIL080W,YMR250W,0,-3.8580155,0.30264994502067566,0.21699999272823334,0.05000000074505806
YPL122C,YPL202C,1,-3.858173,0.30362117290496826,0.21799999475479126,0.05000000074505806
YDL198C,YCR097WB,0,-3.8581846,0.3031988739967346,0.21799999475479126,0.05009999871253967
YER074W-A,YML034W,0,-3.8586743,0.3027777671813965,0.21799999475479126,0.050200000405311584
YGR047C,YML015C,1,-3.8589919,0.3037447929382324,0.21899999678134918,0.050200000405311584
YMR282C,YOR269W,0,-3.859052,0.3033241033554077,0.21899999678134918,0.0502999983727932
YDR499W,YJL087C,0,-3.8592398,0.30290457606315613,0.21899999678134918,0.05040000006556511
YGR091W,YDR466W,0,-3.85952,0.3024861812591553,0.21899999678134918,0.05050000175833702
YCR029C-A,YJL062W-A,0,-3.860781,0.3020689785480499,0.21899999678134918,0.050599999725818634
YOR192C-A,YOR159C,0,-3.8617656,0.3016528785228729,0.21899999678134918,0.050700001418590546
YPL177C,YDR311W,1,-3.8630474,0.3026134669780731,0.2199999988079071,0.050700001418590546
YGL059W,YOR192C-B,0,-3.863254,0.30219781398773193,0.2199999988079071,0.05079999938607216
YOR142W-A,YPL078C,0,-3.8636568,0.3017832636833191,0.2199999988079071,0.05090000107884407
YPR158C-D,YJR010W,0,-3.863672,0.30136987566947937,0.2199999988079071,0.050999999046325684
YIL073C,YLR410W-B,0,-3.8639982,0.300957590341568,0.2199999988079071,0.051100000739097595
YBR253W,YDR480W,0,-3.864802,0.30054643750190735,0.2199999988079071,0.05119999870657921
YML069W,YGL207W,1,-3.8666084,0.30150067806243896,0.22100000083446503,0.05119999870657921
YMR304W,YBL005W-A,0,-3.866747,0.30108991265296936,0.22100000083446503,0.05130000039935112
YOR202W,YOR142W-B,0,-3.8679852,0.3006802797317505,0.22100000083446503,0.05139999836683273
YLR163C,YCR029C-A,0,-3.868057,0.30027174949645996,0.22100000083446503,0.051500000059604645
YCL020W,YLL038C,0,-3.8684695,0.2998643219470978,0.22100000083446503,0.051600001752376556
YBR057C,YBR111W-A,0,-3.8685753,0.29945799708366394,0.22100000083446503,0.05169999971985817
YCR027C,YKL097W-A,0,-3.8688252,0.29905277490615845,0.22100000083446503,0.05180000141263008
YLR103C,YPL096C-A,0,-3.8690717,0.2986486554145813,0.22100000083446503,0.051899999380111694
YPR186C,YCR042C,1,-3.8694537,0.2995951473712921,0.22200000286102295,0.051899999380111694
YDR338C,YJL113W,0,-3.870211,0.2991913855075836,0.22200000286102295,0.052000001072883606
YJR068W,YPL065W,0,-3.8712602,0.2987886965274811,0.22200000286102295,0.05209999904036522
YCR029C-A,YJR006W,0,-3.8718622,0.2983871102333069,0.22200000286102295,0.05220000073313713
YML015C,YML069W,1,-3.8718717,0.29932886362075806,0.22300000488758087,0.05220000073313713
YGR246C,YDR311W,1,-3.8721344,0.3002680838108063,0.2240000069141388,0.05220000073313713
YJL114W,YER074W,0,-3.8727672,0.2998661398887634,0.2240000069141388,0.052299998700618744
YPL177C,YBL103C,1,-3.8729966,0.3008021414279938,0.22499999403953552,0.052299998700618744
YJL191W,YPL096C-A,0,-3.8736012,0.3004005253314972,0.22499999403953552,0.052400000393390656
YER171W,YGR246C,1,-3.874536,0.30133333802223206,0.22599999606609344,0.052400000393390656
YOL053C-A,YEL031W,0,-3.874781,0.3009320795536041,0.22599999606609344,0.05249999836087227
YML040W,YOR140W,0,-3.8750703,0.30053192377090454,0.22599999606609344,0.05260000005364418
YHR207C,YBR167C,0,-3.8756845,0.3001328110694885,0.22599999606609344,0.05270000174641609
YJL011C,YML069W,1,-3.875715,0.3010610044002533,0.22699999809265137,0.05270000174641609
YLR391W,YEL002C,0,-3.876447,0.30066224932670593,0.22699999809265137,0.052799999713897705
YNL315C,YOR240W,0,-3.8788502,0.30026453733444214,0.22699999809265137,0.05290000140666962
YDL064W,YPR158C-C,0,-3.8788536,0.2998678982257843,0.22699999809265137,0.05299999937415123
YPR190C,YOL053C-A,0,-3.8797011,0.29947230219841003,0.22699999809265137,0.05310000106692314
YIL143C,YGL112C,1,-3.879744,0.30039525032043457,0.2280000001192093,0.05310000106692314
YDR240C,YCL074W,0,-3.879794,0.30000001192092896,0.2280000001192093,0.053199999034404755
YLR256W-A,YHR039C-A,0,-3.8802273,0.2996057868003845,0.2280000001192093,0.053300000727176666
YDR210C-C,YER111C,0,-3.8811333,0.29921260476112366,0.2280000001192093,0.05339999869465828
YER138C,YPR145W,0,-3.8812525,0.298820436000824,0.2280000001192093,0.05350000038743019
YPL202C,YPL007C,1,-3.8813522,0.29973822832107544,0.2290000021457672,0.05350000038743019
YMR106C,YLR312C-B,0,-3.8813725,0.2993464171886444,0.2290000021457672,0.053599998354911804
YNL054W-B,YNR031C,0,-3.881539,0.29895561933517456,0.2290000021457672,0.053700000047683716
YDL002C,YIR011C,0,-3.8815513,0.2985658347606659,0.2290000021457672,0.05380000174045563
YDR022C,YOR343W-A,0,-3.881914,0.2981770932674408,0.2290000021457672,0.05389999970793724
YFL035C,YBR247C,0,-3.882365,0.2977893352508545,0.2290000021457672,0.05400000140070915
YLR256W-A,YKL206C,0,-3.8825696,0.29740259051322937,0.2290000021457672,0.054099999368190765
YOL097C,YIL082W-A,0,-3.8839462,0.29701685905456543,0.2290000021457672,0.05420000106096268
YLR391W-A,YNR015W,0,-3.884072,0.2966321110725403,0.2290000021457672,0.05429999902844429
YMR211W,YER138C,0,-3.8843572,0.2962483763694763,0.2290000021457672,0.0544000007212162
YIL168W,YLR410W-A,0,-3.8847873,0.29586562514305115,0.2290000021457672,0.054499998688697815
YPL055C,YGL254W,0,-3.884975,0.29548385739326477,0.2290000021457672,0.05460000038146973
YJL041W,YOR205C,0,-3.8856893,0.2951031029224396,0.2290000021457672,0.05469999834895134
YDL245C,YOR192C-B,0,-3.8860676,0.2947233021259308,0.2290000021457672,0.05480000004172325
YDL005C,YBL021C,0,-3.8861487,0.2943444848060608,0.2290000021457672,0.05490000173449516
YKR099C-A,YDR531W,0,-3.8864558,0.2939666211605072,0.2290000021457672,0.054999999701976776
YLR005W,YDR460W,1,-3.8867412,0.29487180709838867,0.23000000417232513,0.054999999701976776
YKL028W,YGL112C,1,-3.886893,0.2957746386528015,0.23100000619888306,0.054999999701976776
YGL166W,YBL103C,1,-3.8871315,0.2966752052307129,0.23199999332427979,0.054999999701976776
YLR403W,YDR261C-C,0,-3.8886309,0.29629629850387573,0.23199999332427979,0.05510000139474869
YPL252C,YNL138W-A,0,-3.8887906,0.29591837525367737,0.23199999332427979,0.0551999993622303
YGR252W,YIL080W,0,-3.8888981,0.2955414056777954,0.23199999332427979,0.05530000105500221
YKR080W,YGR216C,0,-3.8890207,0.29516538977622986,0.23199999332427979,0.055399999022483826
YIL171W,YIL082W-A,0,-3.8897226,0.2947903573513031,0.23199999332427979,0.05550000071525574
YFR036W,YLR157C-B,0,-3.8900623,0.29441624879837036,0.23199999332427979,0.05559999868273735
YKL028W,YLR005W,1,-3.8904407,0.29531052708625793,0.2329999953508377,0.05559999868273735
YCL074W,YCL008C,0,-3.8924985,0.2949367165565491,0.2329999953508377,0.05570000037550926
YDR052C,YER169W,0,-3.892739,0.29456382989883423,0.2329999953508377,0.055799998342990875
YDR077W,YLR157C-B,0,-3.8938363,0.2941919267177582,0.2329999953508377,0.05590000003576279
YPL007C,YOR194C,1,-3.8938549,0.2950819730758667,0.23399999737739563,0.05590000003576279
YOR142W-A,YOR229W,0,-3.894262,0.29471033811569214,0.23399999737739563,0.0560000017285347
YNL308C,YHL020C,0,-3.894278,0.2943396270275116,0.23399999737739563,0.05609999969601631
YGR161W-B,YMR250W,0,-3.8947246,0.2939698398113251,0.23399999737739563,0.05620000138878822
YGR109W-B,YGR257C,0,-3.894791,0.29360100626945496,0.23399999737739563,0.056299999356269836
YPL122C,YDR460W,1,-3.8952143,0.29448622465133667,0.23499999940395355,0.056299999356269836
YML033W,YNR041C,0,-3.8952942,0.29411765933036804,0.23499999940395355,0.05640000104904175
YPR072W,YKL200C,0,-3.8954198,0.29374998807907104,0.23499999940395355,0.05649999901652336
YNL039W,YER171W,1,-3.8955424,0.2946317195892334,0.23600000143051147,0.05649999901652336
YLR357W,YER160C,0,-3.8962474,0.2942643463611603,0.23600000143051147,0.05660000070929527
YOR142W-A,YER088C,0,-3.8966095,0.2938978970050812,0.23600000143051147,0.056699998676776886
YLR421C,YLR376C,0,-3.897341,0.2935323417186737,0.23600000143051147,0.0568000003695488
YIL155C,YLR410W-A,0,-3.8982623,0.29316771030426025,0.23600000143051147,0.05689999833703041
YDR034C-D,YPL163C,0,-3.8987916,0.29280397295951843,0.23600000143051147,0.05700000002980232
YPL257W-A,YOR044W,0,-3.8989902,0.29244112968444824,0.23600000143051147,0.057100001722574234
YMR247C,YCR097WB,0,-3.8992448,0.29207921028137207,0.23600000143051147,0.05719999969005585
YMR045C,YLL017W,0,-3.900244,0.29171818494796753,0.23600000143051147,0.05730000138282776
YCL027C-A,YPR042C,0,-3.900524,0.29135802388191223,0.23600000143051147,0.05739999935030937
YBL074C,YLR166C,0,-3.9005492,0.29099875688552856,0.23600000143051147,0.057500001043081284
YLR391W,YNL084C,0,-3.900904,0.29064038395881653,0.23600000143051147,0.0575999990105629
YML040W,YER051W,0,-3.9012406,0.2902829051017761,0.23600000143051147,0.05770000070333481
YPL202C,YGL112C,1,-3.9013176,0.29115480184555054,0.2370000034570694,0.05770000070333481
YJR034W,YCL027C-A,0,-3.9014783,0.29079753160476685,0.2370000034570694,0.05779999867081642
YHR117W,YJL114W,0,-3.9023077,0.2904411852359772,0.2370000034570694,0.05790000036358833
YGR047C,YDL108W,1,-3.9026315,0.291309654712677,0.23800000548362732,0.05790000036358833
YBL005W-A,YEL012W,0,-3.9028418,0.29095354676246643,0.23800000548362732,0.057999998331069946
YKL095W,YDL122W,0,-3.9029605,0.2905983030796051,0.23800000548362732,0.05810000002384186
YDR261W-B,YLR410W-A,0,-3.903044,0.29024389386177063,0.23800000548362732,0.05820000171661377
YGR246C,YGR186W,1,-3.903386,0.2911083996295929,0.23899999260902405,0.05820000171661377
YML015C,YBL103C,1,-3.9044912,0.29197078943252563,0.23999999463558197,0.05820000171661377
YLR403W,YAL041W,0,-3.9047234,0.2916160523891449,0.23999999463558197,0.05829999968409538
YNR036C,YBR111W-A,0,-3.9049244,0.291262149810791,0.23999999463558197,0.058400001376867294
YPL122C,YPR025C,1,-3.9049585,0.29212120175361633,0.2409999966621399,0.058400001376867294
YMR136W,YLR154W-A,0,-3.9050276,0.29176756739616394,0.2409999966621399,0.05849999934434891
YIR012W,YKL190W,0,-3.9054892,0.291414737701416,0.2409999966621399,0.05860000103712082
YML015C,YDL108W,1,-3.9055796,0.2922705411911011,0.24199999868869781,0.05860000103712082
YCR070W,YBR280C,0,-3.9056935,0.29191797971725464,0.24199999868869781,0.05869999900460243
YMR227C,YDR167W,1,-3.9057195,0.2927710711956024,0.24300000071525574,0.05869999900460243
YER171W,YOR194C,1,-3.9057333,0.29362213611602783,0.24400000274181366,0.05869999900460243
YFL035C,YLR157C,0,-3.9058046,0.29326921701431274,0.24400000274181366,0.058800000697374344
YDL074C,YOR294W,0,-3.9060829,0.2929171621799469,0.24400000274181366,0.05889999866485596
YLR005W,YOR194C,1,-3.9062524,0.29376497864723206,0.24500000476837158,0.05889999866485596
YCR042C,YKR062W,1,-3.9062946,0.29461076855659485,0.2460000067949295,0.05889999866485596
YGL019W,YJR026W,0,-3.9066706,0.29425838589668274,0.2460000067949295,0.05900000035762787
YAL041W,YKL158W,0,-3.9074523,0.2939068078994751,0.2460000067949295,0.05909999832510948
YNL039W,YNL314W,1,-3.9080198,0.2947494089603424,0.24699999392032623,0.05909999832510948
YBR123C,YGR246C,1,-3.9085832,0.29558998346328735,0.24799999594688416,0.05909999832510948
YGR047C,YKR062W,1,-3.9093564,0.2964285612106323,0.24899999797344208,0.05909999832510948
YPR005C,YMR268W-A,0,-3.9096868,0.29607608914375305,0.24899999797344208,0.05920000001788139
YGR028W,YCL027C-A,0,-3.9112957,0.29572445154190063,0.24899999797344208,0.059300001710653305
YPL177C,YFL021W,1,-3.911389,0.2965599000453949,0.25,0.059300001710653305
YER171W,YPL007C,1,-3.911539,0.2973933517932892,0.25099998712539673,0.059300001710653305
YIL129C,YOR343W-A,0,-3.9125273,0.2970414161682129,0.25099998712539673,0.05939999967813492
YDR382W,YIL017W,0,-3.912693,0.29669031500816345,0.25099998712539673,0.05950000137090683
YCR080W,YGR192C,0,-3.9144137,0.2963400185108185,0.25099998712539673,0.05959999933838844
YOR192C-A,YOR278W,0,-3.9157603,0.29599055647850037,0.25099998712539673,0.059700001031160355
YNL138W-A,YKR046C,0,-3.9162767,0.2956419289112091,0.25099998712539673,0.05979999899864197
YLR337W,YCR026C,0,-3.9174578,0.2952941060066223,0.25099998712539673,0.05990000069141388
YOL089C,YKL028W,1,-3.9182274,0.2961222231388092,0.25200000405311584,0.05990000069141388
YMR224C,YOL053C-A,0,-3.9186726,0.2957746386528015,0.25200000405311584,0.05999999865889549
YER021W,YIL090W,0,-3.9188645,0.2954278886318207,0.25200000405311584,0.060100000351667404
YLR410W-A,YKL091C,0,-3.9196918,0.2950819730758667,0.25200000405311584,0.06019999831914902
YMR227C,YER171W,1,-3.9203389,0.2959064245223999,0.2529999911785126,0.06019999831914902
YLR106C,YCR094W,0,-3.9204428,0.295560747385025,0.2529999911785126,0.06030000001192093
YGR047C,YDR362C,1,-3.92181,0.29638272523880005,0.2540000081062317,0.06030000001192093
YBR123C,YER148W,1,-3.9225004,0.29720279574394226,0.2549999952316284,0.06030000001192093
YMR060C,YCL031C,0,-3.9227278,0.2968568205833435,0.2549999952316284,0.06040000170469284
YMR227C,YLR005W,1,-3.9228222,0.29767441749572754,0.25600001215934753,0.06040000170469284
YOR017W,YOR038C,0,-3.923299,0.2973286807537079,0.25600001215934753,0.060499999672174454
YDR210W-A,YBR102C,0,-3.9234965,0.2969837486743927,0.25600001215934753,0.060600001364946365
YBR142W,YLL003W,0,-3.9251564,0.296639621257782,0.25600001215934753,0.06069999933242798
YNL301C,YOR192C-A,0,-3.9254622,0.29629629850387573,0.25600001215934753,0.06080000102519989
YER162C,YDR351W,0,-3.9260356,0.29595375061035156,0.25600001215934753,0.0608999989926815
YBL005W-A,YKL059C,0,-3.9261863,0.29561200737953186,0.25600001215934753,0.061000000685453415
YOR304W,YFR031C,0,-3.9263353,0.29527103900909424,0.25600001215934753,0.06109999865293503
YJR043C,YDL017W,0,-3.9264963,0.2949308753013611,0.25600001215934753,0.06120000034570694
YAL001C,YDL108W,1,-3.9269736,0.2957422435283661,0.25699999928474426,0.06120000034570694
YML114C,YLR157C-B,0,-3.9270477,0.29540228843688965,0.25699999928474426,0.06129999831318855
YFR028C,YMR268W-A,0,-3.9273646,0.2950631380081177,0.25699999928474426,0.061400000005960464
YOL021C,YKL200C,0,-3.927532,0.2947247624397278,0.25699999928474426,0.061500001698732376
YPL242C,YCL003W,0,-3.9276996,0.29438716173171997,0.25699999928474426,0.06159999966621399
YCR003W,YKL130C,0,-3.927717,0.29405033588409424,0.25699999928474426,0.0617000013589859
YDR138W,YOR343W-A,0,-3.9278085,0.2937142848968506,0.25699999928474426,0.061799999326467514
YGR090W,YKL200C,0,-3.9278278,0.293379008769989,0.25699999928474426,0.061900001019239426
YAL001C,YPL082C,1,-3.9281785,0.29418471455574036,0.257999986410141,0.061900001019239426
YBR215W,YDR210W-B,0,-3.9282525,0.2938496470451355,0.257999986410141,0.06199999898672104
YOR181W,YPR158C-C,0,-3.9286947,0.2935153543949127,0.257999986410141,0.06210000067949295
YML069W,YDR362C,1,-3.9287784,0.29431816935539246,0.2590000033378601,0.06210000067949295
YPR158C-D,YHR124W,0,-3.9288836,0.2939841151237488,0.2590000033378601,0.062199998646974564
YOL103W-B,YJL102W,0,-3.929073,0.2936508059501648,0.2590000033378601,0.062300000339746475
YDL043C,YOR240W,0,-3.9294698,0.2933182418346405,0.2590000033378601,0.06239999830722809
YDR138W,YCR070W,0,-3.9295874,0.2929864227771759,0.2590000033378601,0.0625
YGR033C,YDL010W,0,-3.929611,0.2926553785800934,0.2590000033378601,0.06260000169277191
YOL089C,YIL143C,1,-3.9306328,0.29345372319221497,0.25999999046325684,0.06260000169277191
YPR056W,YDL108W,1,-3.9306839,0.2942502796649933,0.26100000739097595,0.06260000169277191
YPL257W-B,YMR094W,0,-3.9309149,0.2939189076423645,0.26100000739097595,0.06270000338554382
YCR070W,YHL007C,0,-3.9314659,0.2935883104801178,0.26100000739097595,0.06279999762773514
YPL122C,YMR227C,1,-3.9324753,0.2943820357322693,0.2619999945163727,0.06279999762773514
YDR312W,YDR499W,0,-3.9334593,0.2940516173839569,0.2619999945163727,0.06289999932050705
YMR251W-A,YLR157C-B,0,-3.9334662,0.2937219738960266,0.2619999945163727,0.06300000101327896
YCL003W,YBR044C,0,-3.9341555,0.2933930456638336,0.2619999945163727,0.06310000270605087
YBR123C,YBR198C,1,-3.9360454,0.2941834330558777,0.2630000114440918,0.06310000270605087
YIL103W,YNL245C,0,-3.9361856,0.2938547432422638,0.2630000114440918,0.06319999694824219
YIR005W,YDR365W-B,0,-3.9363358,0.2935267984867096,0.2630000114440918,0.0632999986410141
YOR221C,YBL050W,0,-3.9363735,0.2931995391845703,0.2630000114440918,0.06340000033378601
YPR186C,YKL028W,1,-3.9377153,0.29398664832115173,0.2639999985694885,0.06340000033378601
YDR079C-A,YAL001C,1,-3.9381833,0.2947719693183899,0.26499998569488525,0.06340000033378601
YNL039W,YIL143C,1,-3.9383564,0.29555556178092957,0.26600000262260437,0.06340000033378601
YPR049C,YOR192C-A,0,-3.9385927,0.2952275276184082,0.26600000262260437,0.06350000202655792
YGR027W-B,YBL097W,0,-3.9387252,0.29490020871162415,0.26600000262260437,0.06360000371932983
YLR390W,YBL100W-A,0,-3.9387577,0.2945736348628998,0.26600000262260437,0.06369999796152115
YER164W,YDR219C,0,-3.9388103,0.2942477762699127,0.26600000262260437,0.06379999965429306
YER087C-A,YBL075C,0,-3.9389145,0.29392266273498535,0.26600000262260437,0.06390000134706497
YGR098C,YIL145C,0,-3.9390633,0.2935982346534729,0.26600000262260437,0.06400000303983688
YDR079C-A,YKR062W,1,-3.9391649,0.29437705874443054,0.2669999897480011,0.06400000303983688
YOL130W,YPR135W,0,-3.9395225,0.2940528690814972,0.2669999897480011,0.0640999972820282
YJL030W,YKR069W,0,-3.9395275,0.29372936487197876,0.2669999897480011,0.06419999897480011
YGR261C,YCR080W,0,-3.9395573,0.29340660572052,0.2669999897480011,0.06430000066757202
YDR138W,YOR142W-B,0,-3.9406474,0.2930845320224762,0.2669999897480011,0.06440000236034393
YDR210W-B,YOL123W,0,-3.9422379,0.2927631437778473,0.2669999897480011,0.06449999660253525
YOR269W,YBR216C,0,-3.942407,0.2924425005912781,0.2669999897480011,0.06459999829530716
YDL112W,YML040W,0,-3.9424937,0.2921225428581238,0.2669999897480011,0.06469999998807907
YMR227C,YGR246C,1,-3.9427326,0.29289618134498596,0.2680000066757202,0.06469999998807907
YPL177C,YPR025C,1,-3.942754,0.29366812109947205,0.26899999380111694,0.06469999998807907
YLR005W,YDR311W,1,-3.9431412,0.2944383919239044,0.27000001072883606,0.06469999998807907
YDL108W,YGL166W,1,-3.9432242,0.2952069640159607,0.2709999978542328,0.06469999998807907
YKL028W,YGR186W,1,-3.9433832,0.29597389698028564,0.2720000147819519,0.06469999998807907
YDR167W,YGL207W,1,-3.9443872,0.2967391312122345,0.27300000190734863,0.06469999998807907
YBR182C,YLR157C-B,0,-3.9444857,0.2964169383049011,0.27300000190734863,0.06480000168085098
YDR140W,YGL050W,0,-3.944657,0.29609543085098267,0.27300000190734863,0.0649000033736229
YNL206C,YJL104W,0,-3.9456637,0.2957746386528015,0.27300000190734863,0.06499999761581421
YKR058W,YCL019W,0,-3.9456875,0.2954545319080353,0.27300000190734863,0.06509999930858612
YDL120W,YFL011W-A,0,-3.9457312,0.29513514041900635,0.27300000190734863,0.06520000100135803
YGR246C,YNL314W,1,-3.946088,0.2958963215351105,0.27399998903274536,0.06520000100135803
YOL010W,YBR167C,0,-3.9463894,0.29557713866233826,0.27399998903274536,0.06530000269412994
YPL122C,YBL103C,1,-3.9475963,0.29633620381355286,0.2750000059604645,0.06530000269412994
YDL108W,YNL314W,1,-3.948057,0.2970936596393585,0.2759999930858612,0.06530000269412994
YPR186C,YDR079C-A,1,-3.948425,0.29784947633743286,0.2770000100135803,0.06530000269412994
YPL122C,YGR274C,1,-3.949359,0.2986036539077759,0.27799999713897705,0.06530000269412994
YLR182W,YDL178W,0,-3.9502585,0.29828324913978577,0.27799999713897705,0.06539999693632126
YMR044W,YJR064W,0,-3.9515598,0.29796355962753296,0.27799999713897705,0.06549999862909317
YBR123C,YGR186W,1,-3.9518766,0.298715204000473,0.27900001406669617,0.06549999862909317
YHR013C,YNL189W,0,-3.9525878,0.29839572310447693,0.27900001406669617,0.06560000032186508
YGR274C,YKR062W,1,-3.9527142,0.29914531111717224,0.2800000011920929,0.06560000032186508
YGR047C,YBL103C,1,-3.952778,0.2998932898044586,0.2809999883174896,0.06560000032186508
YOR083W,YPR158C-D,0,-3.9530952,0.2995735704898834,0.2809999883174896,0.065700002014637
YPR167C,YIL112W,0,-3.9531548,0.29925453662872314,0.2809999883174896,0.0658000037074089
YJL123C,YOR174W,0,-3.9531748,0.2989361584186554,0.2809999883174896,0.06589999794960022
YNL265C,YDR530C,0,-3.9531786,0.29861849546432495,0.2809999883174896,0.06599999964237213
YMR045C,YKL056C,0,-3.9537046,0.29830148816108704,0.2809999883174896,0.06610000133514404
YKL028W,YOL067C,1,-3.9542184,0.299045592546463,0.28200000524520874,0.06610000133514404
YPL122C,YDL108W,1,-3.9547536,0.29978814721107483,0.28299999237060547,0.06610000133514404
YDL108W,YPL129W,1,-3.9548318,0.3005290925502777,0.2840000092983246,0.06610000133514404
YAL001C,YLR005W,1,-3.955876,0.30126848816871643,0.2849999964237213,0.06610000133514404
YGR047C,YPL082C,1,-3.955933,0.302006334066391,0.28600001335144043,0.06610000133514404
YGR186W,YPL129W,1,-3.9559515,0.3027426302433014,0.28700000047683716,0.06610000133514404
YDR251W,YDR034C-C,0,-3.9567573,0.3024235963821411,0.28700000047683716,0.06620000302791595
YIL127C,YGR027W-B,0,-3.9569097,0.30210527777671814,0.28700000047683716,0.06629999727010727
YJR119C,YCL020W,0,-3.956985,0.3017875850200653,0.28700000047683716,0.06639999896287918
YJL177W,YHL009W-B,0,-3.9569862,0.3014705777168274,0.28700000047683716,0.06650000065565109
YNR074C,YDR210C-C,0,-3.9584358,0.3011542558670044,0.28700000047683716,0.066600002348423
YNL307C,YEL037C,0,-3.9593217,0.30083855986595154,0.28700000047683716,0.06669999659061432
YNL290W,YER113C,0,-3.9595559,0.3005235493183136,0.28700000047683716,0.06679999828338623
YPR056W,YPL202C,1,-3.9610345,0.3012552261352539,0.2879999876022339,0.06679999828338623
YGR271C-A,YPR135W,0,-3.9612112,0.3009404242038727,0.2879999876022339,0.06689999997615814
YLR009W,YIL080W,0,-3.9619575,0.30062630772590637,0.2879999876022339,0.06700000166893005
YCL018W,YGR027W-A,0,-3.963166,0.3003128170967102,0.2879999876022339,0.06710000336170197
YPR186C,YPL007C,1,-3.9632251,0.3010416626930237,0.289000004529953,0.06710000336170197
YLR383W,YOR343W-A,0,-3.9633186,0.3007284104824066,0.289000004529953,0.06719999760389328
YPL177C,YPL082C,1,-3.963389,0.3014552891254425,0.28999999165534973,0.06719999760389328
YNL039W,YLR005W,1,-3.9634843,0.302180677652359,0.29100000858306885,0.06719999760389328
YJR026W,YPL022W,0,-3.9637759,0.30186721682548523,0.29100000858306885,0.06729999929666519
YML015C,YDR167W,1,-3.9651873,0.30259066820144653,0.2919999957084656,0.06729999929666519
YCR042C,YFL021W,1,-3.9655898,0.30331262946128845,0.2930000126361847,0.06729999929666519
YPR158W-A,YBL097W,0,-3.9656074,0.30299896001815796,0.2930000126361847,0.0674000009894371
YNR003C,YKL139W,0,-3.9657638,0.30268594622612,0.2930000126361847,0.06750000268220901
YGR047C,YPL177C,1,-3.9658897,0.3034055829048157,0.2939999997615814,0.06750000268220901
YCR029C-A,YJL130C,0,-3.9672976,0.3030927777290344,0.2939999997615814,0.06759999692440033
YML033W,YJL178C,0,-3.9674437,0.3027806282043457,0.2939999997615814,0.06769999861717224
YMR197C,YFL002W-A,0,-3.9675562,0.3024691343307495,0.2939999997615814,0.06780000030994415
YAL014C,YJL139C,0,-3.9680402,0.30215826630592346,0.2939999997615814,0.06790000200271606
YGR274C,YCR042C,1,-3.9681122,0.30287474393844604,0.29499998688697815,0.06790000200271606
YPR186C,YDR362C,1,-3.9683013,0.30358973145484924,0.29600000381469727,0.06790000200271606
YBL084C,YML034W,0,-3.9686666,0.30327868461608887,0.29600000381469727,0.06800000369548798
YOL089C,YPL177C,1,-3.9690568,0.30399182438850403,0.296999990940094,0.06800000369548798
YJL176C,YJR005W,0,-3.9706957,0.30368098616600037,0.296999990940094,0.06809999793767929
YOR261C,YDR316W-A,0,-3.9707954,0.30337077379226685,0.296999990940094,0.0681999996304512
YPL016W,YFL033C,0,-3.9716165,0.30306121706962585,0.296999990940094,0.06830000132322311
YBR012W-B,YGR049W,0,-3.972154,0.302752286195755,0.296999990940094,0.06840000301599503
YDR034C-D,YAR019C,0,-3.972169,0.3024439811706543,0.296999990940094,0.06849999725818634
YCL020W,YKL174C,0,-3.972288,0.3021363317966461,0.296999990940094,0.06859999895095825
YER045C,YLR005W,1,-3.9727414,0.3028455376625061,0.2980000078678131,0.06859999895095825
YBR123C,YER171W,1,-3.9728215,0.3035533130168915,0.29899999499320984,0.06859999895095825
YJL050W,YLR418C,0,-3.9739373,0.3032454252243042,0.29899999499320984,0.06870000064373016
YPL122C,YOL089C,1,-3.9739878,0.3039513826370239,0.30000001192092896,0.06870000064373016
YHR067W,YMR014W,0,-3.974754,0.30364373326301575,0.30000001192092896,0.06880000233650208
YDR167W,YMR236W,1,-3.975579,0.30434781312942505,0.3009999990463257,0.06880000233650208
YKL003C,YDL122W,0,-3.9759636,0.30404040217399597,0.3009999990463257,0.06889999657869339
YKL144C,YLR312C-B,0,-3.9778569,0.30373361706733704,0.3009999990463257,0.0689999982714653
YMR203W,YCL062W,0,-3.978011,0.30342742800712585,0.3009999990463257,0.06909999996423721
YHR081W,YER159C-A,0,-3.9780262,0.3031218647956848,0.3009999990463257,0.06920000165700912
YER148W,YOR194C,1,-3.9788268,0.30382293462753296,0.3019999861717224,0.06920000165700912
YGR098C,YER075C,0,-3.9789364,0.30351758003234863,0.3019999861717224,0.06930000334978104
YIL021W,YER137C-A,0,-3.9795687,0.30321285128593445,0.3019999861717224,0.06939999759197235
YLR337W,YKL220C,0,-3.9798682,0.302908718585968,0.3019999861717224,0.06949999928474426
YNL054W-B,YLR088W,0,-3.980492,0.30260521173477173,0.3019999861717224,0.06960000097751617
YDR312W,YNL291C,0,-3.9805565,0.3023023009300232,0.3019999861717224,0.06970000267028809
YGR047C,YGR274C,1,-3.9813807,0.30300000309944153,0.30300000309944153,0.06970000267028809
YMR039C,YER022W,0,-3.9814632,0.3026973009109497,0.30300000309944153,0.0697999969124794
YNL039W,YER148W,1,-3.98228,0.3033932149410248,0.30399999022483826,0.0697999969124794
YIL135C,YDR365W-B,0,-3.982492,0.3030907213687897,0.30399999022483826,0.06989999860525131
YML065W,YCL074W,0,-3.9827802,0.3027888536453247,0.30399999022483826,0.07000000029802322
YGR252W,YIL063C,0,-3.9837244,0.3024875521659851,0.30399999022483826,0.07010000199079514
YBR123C,YLR005W,1,-3.9839923,0.30318090319633484,0.3050000071525574,0.07010000199079514
YFR001W,YJL025W,0,-3.9844797,0.30287984013557434,0.3050000071525574,0.07020000368356705
YAL001C,YGR246C,1,-3.9846525,0.3035714328289032,0.3059999942779541,0.07020000368356705
YCL057C-A,YDL210W,0,-3.9851441,0.3032705783843994,0.3059999942779541,0.07029999792575836
YKR099C-A,YCR028C,0,-3.9855669,0.302970290184021,0.3059999942779541,0.07039999961853027
YKL125W,YOR217W,0,-3.9859765,0.3026706278324127,0.3059999942779541,0.07050000131130219
YFL011W-A,YGR101W,0,-3.9860208,0.3023715317249298,0.3059999942779541,0.0706000030040741
YCL057C-A,YDR084C,0,-3.9873412,0.30207306146621704,0.3059999942779541,0.07069999724626541
YER168C,YCL074W,0,-3.9877849,0.30177515745162964,0.3059999942779541,0.07079999893903732
YER148W,YMR236W,1,-3.9879112,0.3024630546569824,0.3070000112056732,0.07079999893903732
YGR274C,YPL202C,1,-3.988122,0.30314961075782776,0.30799999833106995,0.07079999893903732
YDR034C,YDR016C,0,-3.9900758,0.30285152792930603,0.30799999833106995,0.07090000063180923
YLR005W,YGL112C,1,-3.9904149,0.3035363554954529,0.3089999854564667,0.07090000063180923
YMR067C,YBR081C,0,-3.9906068,0.30323848128318787,0.3089999854564667,0.07100000232458115
YDR400W,YJL165C,0,-3.9907181,0.3029411733150482,0.3089999854564667,0.07109999656677246
YOR173W,YJL114W,0,-3.9914596,0.3026444613933563,0.3089999854564667,0.07119999825954437
YOL089C,YDR460W,1,-3.9920068,0.303326815366745,0.3100000023841858,0.07119999825954437
YPR190C,YOR373W,0,-3.9924333,0.3030303120613098,0.3100000023841858,0.07129999995231628
YPR186C,YOL067C,1,-3.992664,0.3037109375,0.3109999895095825,0.07129999995231628
YFL017W-A,YDR486C,0,-3.992944,0.30341464281082153,0.3109999895095825,0.0714000016450882
YGR274C,YPR025C,1,-3.9946811,0.3040935695171356,0.31200000643730164,0.0714000016450882
YMR227C,YKL028W,1,-3.995222,0.30477118492126465,0.31299999356269836,0.0714000016450882
YPR025C,YOR194C,1,-3.9952664,0.30544745922088623,0.3140000104904175,0.0714000016450882
YML074C,YBL020W,0,-3.9966288,0.3051506280899048,0.3140000104904175,0.07150000333786011
YDR362C,YGL112C,1,-3.9967606,0.30582523345947266,0.3149999976158142,0.07150000333786011
YPL159C,YDR316W-A,0,-3.9969704,0.3055286109447479,0.3149999976158142,0.07159999758005142
YMR278W,YNL101W,0,-3.997375,0.30523255467414856,0.3149999976158142,0.07169999927282333
YBR215W,YDR507C,0,-3.9976182,0.30493706464767456,0.3149999976158142,0.07180000096559525
YJR026W,YGR062C,0,-3.997661,0.3046421706676483,0.3149999976158142,0.07190000265836716
YPL122C,YNL314W,1,-3.9979193,0.30531400442123413,0.3160000145435333,0.07190000265836716
YCR042C,YPL082C,1,-3.9982753,0.3059845566749573,0.31700000166893005,0.07190000265836716
YJL029C,YOL053C-A,0,-3.998545,0.3056894838809967,0.31700000166893005,0.07199999690055847
YIL044C,YLR373C,0,-3.9988723,0.3053949773311615,0.31700000166893005,0.07209999859333038
YML040W,YMR071C,0,-3.9996278,0.30510106682777405,0.31700000166893005,0.0722000002861023
YML039W,YGR036C,0,-4.000366,0.3048076927661896,0.31700000166893005,0.0723000019788742
YER030W,YBR073W,0,-4.0007586,0.30451488494873047,0.31700000166893005,0.07240000367164612
YGR013W,YCL074W,0,-4.001237,0.30422264337539673,0.31700000166893005,0.07249999791383743
YIL084C,YBL005W-B,0,-4.003702,0.30393096804618835,0.31700000166893005,0.07259999960660934
YDL225W,YIR010W,0,-4.00539,0.30363985896110535,0.31700000166893005,0.07270000129938126
YPL177C,YKL028W,1,-4.0058017,0.3043062090873718,0.3179999887943268,0.07270000129938126
YDR329C,YCL031C,0,-4.0059824,0.30401530861854553,0.3179999887943268,0.07280000299215317
YOR209C,YGL086W,0,-4.0064116,0.30372491478919983,0.3179999887943268,0.07289999723434448
YGL210W-A,YEL063C,0,-4.006622,0.3034351170063019,0.3179999887943268,0.0729999989271164
YGR047C,YMR227C,1,-4.008807,0.3040991425514221,0.3190000057220459,0.0729999989271164
YDL132W,YLR337W,0,-4.009042,0.3038095235824585,0.3190000057220459,0.0731000006198883
YDR460W,YOR194C,1,-4.009157,0.3044719398021698,0.3199999928474426,0.0731000006198883
YOL089C,YDR311W,1,-4.009598,0.30513307452201843,0.32100000977516174,0.0731000006198883
YDR460W,YPL011C,1,-4.009634,0.30579298734664917,0.32199999690055847,0.0731000006198883
YNL257C,YGR186W,1,-4.0097685,0.30645161867141724,0.3230000138282776,0.0731000006198883
YFL011W-A,YKL190W,0,-4.010064,0.30616113543510437,0.3230000138282776,0.07320000231266022
YGL112C,YPR025C,1,-4.01035,0.3068181872367859,0.3240000009536743,0.07320000231266022
YER171W,YDR167W,1,-4.0110807,0.3074739873409271,0.32499998807907104,0.07320000231266022
YLR383W,YOL006C,0,-4.0113544,0.3071833550930023,0.32499998807907104,0.07329999655485153
YDR034C-D,YAR031W,0,-4.0119057,0.3068932890892029,0.32499998807907104,0.07339999824762344
YDR210W-B,YOR173W,0,-4.0119057,0.3066037595272064,0.32499998807907104,0.07349999994039536
YMR227C,YBL103C,1,-4.012638,0.3072572946548462,0.32600000500679016,0.07349999994039536
YER171W,YDR311W,1,-4.0128465,0.30790960788726807,0.3269999921321869,0.07349999994039536
YNR011C,YNR010W,0,-4.0137987,0.30761992931365967,0.3269999921321869,0.07360000163316727
YGR047C,YNL222W,1,-4.0138874,0.308270663022995,0.328000009059906,0.07360000163316727
YBR198C,YGL207W,1,-4.0148306,0.3089201748371124,0.32899999618530273,0.07360000163316727
YHR119W,YJL114W,0,-4.0151587,0.30863040685653687,0.32899999618530273,0.07370000332593918
YML015C,YMR227C,1,-4.0158496,0.30927833914756775,0.33000001311302185,0.07370000332593918
YGR148C,YML040W,0,-4.017066,0.3089887499809265,0.33000001311302185,0.0737999975681305
YDR210W-B,YFL002W-B,0,-4.018114,0.30869972705841064,0.33000001311302185,0.0738999992609024
YPL122C,YDR362C,1,-4.018117,0.3093457818031311,0.3310000002384186,0.0738999992609024
YPL064C,YOR216C,0,-4.018202,0.30905696749687195,0.3310000002384186,0.07400000095367432
YMR236W,YOR194C,1,-4.018709,0.30970150232315063,0.3319999873638153,0.07400000095367432
YCL074W,YJL065C,0,-4.0190754,0.3094128668308258,0.3319999873638153,0.07410000264644623
YGL019W,YBR200W,0,-4.0193005,0.30912476778030396,0.3319999873638153,0.07419999688863754
YBR198C,YMR236W,1,-4.0207906,0.3097674548625946,0.3330000042915344,0.07419999688863754
YHR119W,YBL022C,0,-4.0211754,0.30947956442832947,0.3330000042915344,0.07429999858140945
YPR056W,YML069W,1,-4.021287,0.31012070178985596,0.33399999141693115,0.07429999858140945
YOR278W,YHL009W-B,0,-4.0224605,0.30983301997184753,0.33399999141693115,0.07440000027418137
YDR362C,YPL011C,1,-4.022787,0.31047266721725464,0.33500000834465027,0.07440000027418137
YGL207W,YPL129W,1,-4.02307,0.31111112236976624,0.335999995470047,0.07440000027418137
YAL001C,YCR042C,1,-4.023502,0.3117483854293823,0.3370000123977661,0.07440000027418137
YBR087W,YJR055W,0,-4.0240054,0.3114602565765381,0.3370000123977661,0.07450000196695328
YOL145C,YMR005W,0,-4.024543,0.3111726641654968,0.3370000123977661,0.07460000365972519
YMR227C,YGL166W,1,-4.025361,0.31180810928344727,0.33799999952316284,0.07460000365972519
YNL039W,YPL177C,1,-4.0261774,0.3124423921108246,0.33899998664855957,0.07460000365972519
YJL113W,YKL001C,0,-4.0269604,0.31215471029281616,0.33899998664855957,0.0746999979019165
YDR088C,YDL226C,0,-4.027252,0.31186753511428833,0.33899998664855957,0.07479999959468842
YOR064C,YBR141C,0,-4.0280313,0.3115808963775635,0.33899998664855957,0.07490000128746033
YGR010W,YDL207W,0,-4.028555,0.3112947642803192,0.33899998664855957,0.07500000298023224
YHR085W,YBR244W,0,-4.02872,0.31100916862487793,0.33899998664855957,0.07509999722242355
YOL103W-B,YBR018C,0,-4.0291667,0.3107241094112396,0.33899998664855957,0.07519999891519547
YPL257W-A,YDR356W,0,-4.029947,0.3104395568370819,0.33899998664855957,0.07530000060796738
YPR186C,YPL011C,1,-4.0300493,0.31107044219970703,0.3400000035762787,0.07530000060796738
YMR227C,YGL112C,1,-4.0308437,0.3117001950740814,0.3409999907016754,0.07530000060796738
YLR385C,YPL217C,0,-4.0310535,0.31141552329063416,0.3409999907016754,0.07540000230073929
YKR081C,YLR467W,0,-4.0311394,0.31113138794898987,0.3409999907016754,0.0754999965429306
YDL080C,YKR022C,0,-4.031651,0.31084775924682617,0.3409999907016754,0.07559999823570251
YBR087W,YNL084C,0,-4.032053,0.31056466698646545,0.3409999907016754,0.07569999992847443
YOR360C,YLR144C,0,-4.032091,0.3102820813655853,0.3409999907016754,0.07580000162124634
YER148W,YGL112C,1,-4.0323944,0.31090909242630005,0.34200000762939453,0.07580000162124634
YJL011C,YDL108W,1,-4.0324283,0.31153497099876404,0.34299999475479126,0.07580000162124634
YBR198C,YPL007C,1,-4.0329494,0.3121597170829773,0.3440000116825104,0.07580000162124634
YER171W,YML069W,1,-4.0332747,0.3127833306789398,0.3449999988079071,0.07580000162124634
YGL153W,YDR142C,0,-4.033695,0.3125,0.3449999988079071,0.07590000331401825
YJR028W,YKR010C,0,-4.0338106,0.31221720576286316,0.3449999988079071,0.07599999755620956
YIL044C,YNL189W,0,-4.0342836,0.3119348883628845,0.3449999988079071,0.07609999924898148
YDL108W,YKL028W,1,-4.0345173,0.3125564455986023,0.34599998593330383,0.07609999924898148
YOL089C,YPL011C,1,-4.034995,0.3131769001483917,0.34700000286102295,0.07609999924898148
YPL177C,YKR062W,1,-4.0360255,0.3137962222099304,0.3479999899864197,0.07609999924898148
YCR033W,YBR136W,0,-4.036516,0.31351351737976074,0.3479999899864197,0.07620000094175339
YIL143C,YMR227C,1,-4.0372443,0.31413140892982483,0.3490000069141388,0.07620000094175339
YBR123C,YML069W,1,-4.0380964,0.31474819779396057,0.3499999940395355,0.07620000094175339
YMR037C,YCR029C-A,0,-4.038893,0.31446540355682373,0.3499999940395355,0.0763000026345253
YAR010C,YIL063C,0,-4.0392103,0.3141831159591675,0.3499999940395355,0.07639999687671661
YML015C,YER148W,1,-4.039523,0.3147982060909271,0.35100001096725464,0.07639999687671661
YIL143C,YOR194C,1,-4.0398064,0.3154121935367584,0.35199999809265137,0.07639999687671661
YOL089C,YGL166W,1,-4.040119,0.3160250782966614,0.3529999852180481,0.07639999687671661
YOR323C,YDR347W,0,-4.040184,0.3157424032688141,0.3529999852180481,0.07649999856948853
YDL108W,YGR186W,1,-4.0404024,0.3163538873195648,0.3540000021457672,0.07649999856948853
YCR037C,YPR200C,0,-4.0408583,0.31607142090797424,0.3540000021457672,0.07660000026226044
YDR261W-A,YPL273W,0,-4.0413,0.31578946113586426,0.3540000021457672,0.07670000195503235
YLR427W,YFL013C,0,-4.0424137,0.31550800800323486,0.3540000021457672,0.07680000364780426
YDR155C,YNL178W,0,-4.042485,0.31522706151008606,0.3540000021457672,0.07689999788999557
YGR152C,YDR356W,0,-4.042502,0.31494662165641785,0.3540000021457672,0.07699999958276749
YBR139W,YFL002W-B,0,-4.043164,0.31466665863990784,0.3540000021457672,0.0771000012755394
YCR042C,YGR186W,1,-4.043804,0.31527531147003174,0.35499998927116394,0.0771000012755394
YFL021W,YPL011C,1,-4.043814,0.3158828616142273,0.35600000619888306,0.0771000012755394
YDR006C,YOL128C,0,-4.043851,0.3156028389930725,0.35600000619888306,0.07720000296831131
YER087C-A,YOR127W,0,-4.044455,0.3153232932090759,0.35600000619888306,0.07729999721050262
YAL017W,YJL114W,0,-4.045354,0.31504425406455994,0.35600000619888306,0.07739999890327454
YPL177C,YDL108W,1,-4.0456057,0.3156498670578003,0.3569999933242798,0.07739999890327454
YBR009C,YNL151C,0,-4.0474243,0.315371036529541,0.3569999933242798,0.07750000059604645
YER148W,YPL129W,1,-4.047555,0.31597527861595154,0.3580000102519989,0.07750000059604645
YFL021W,YLR005W,1,-4.0479755,0.3165784776210785,0.35899999737739563,0.07750000059604645
YBR024W,YPL189C-A,0,-4.049119,0.31629955768585205,0.35899999737739563,0.07760000228881836
YPR186C,YML069W,1,-4.0494137,0.31690141558647156,0.36000001430511475,0.07760000228881836
YJL176C,YEL015W,0,-4.0496826,0.31662270426750183,0.36000001430511475,0.07769999653100967
YDR362C,YGR186W,1,-4.049885,0.3172231912612915,0.3610000014305115,0.07769999653100967
YLR005W,YBL103C,1,-4.05056,0.31782266497612,0.3619999885559082,0.07769999653100967
YNL128W,YMR268W-A,0,-4.050624,0.3175438642501831,0.3619999885559082,0.07779999822378159
YCR029C-A,YDL059C,0,-4.050701,0.3172655701637268,0.3619999885559082,0.0778999999165535
YGR047C,YIL143C,1,-4.0511837,0.317863404750824,0.3630000054836273,0.0778999999165535
YBR198C,YGL112C,1,-4.051265,0.3184601962566376,0.36399999260902405,0.0778999999165535
YDR457W,YPL227C,0,-4.051548,0.3181818127632141,0.36399999260902405,0.07800000160932541
YPL177C,YDR079C-A,1,-4.0516005,0.31877729296684265,0.36500000953674316,0.07800000160932541
YJR043C,YGR074W,0,-4.051676,0.3184991180896759,0.36500000953674316,0.07810000330209732
YNR011C,YNL146W,0,-4.0522747,0.31822144985198975,0.36500000953674316,0.07819999754428864
YML069W,YGR246C,1,-4.0533495,0.31881532073020935,0.3659999966621399,0.07819999754428864
YDR460W,YBL103C,1,-4.053367,0.3194081783294678,0.367000013589859,0.07819999754428864
YBR123C,YOR194C,1,-4.055687,0.3199999928474426,0.36800000071525574,0.07819999754428864
YGR192C,YML058W,0,-4.0559263,0.3197219669818878,0.36800000071525574,0.07829999923706055
YDR167W,YLR005W,1,-4.0567274,0.3203125,0.36899998784065247,0.07829999923706055
YGR274C,YDL108W,1,-4.0573263,0.3209019899368286,0.3700000047683716,0.07829999923706055
YGR038C-B,YER173W,0,-4.0573406,0.32062390446662903,0.3700000047683716,0.07840000092983246
YGR252W,YCR047C,0,-4.057886,0.32034632563591003,0.3700000047683716,0.07850000262260437
YDR167W,YGL166W,1,-4.05876,0.3209342658519745,0.3709999918937683,0.07850000262260437
YBR239C,YMR046C,0,-4.059595,0.3206568658351898,0.3709999918937683,0.07859999686479568
YER171W,YPL082C,1,-4.05995,0.3212435245513916,0.3720000088214874,0.07859999686479568
YCR042C,YOR194C,1,-4.0611954,0.3218291699886322,0.37299999594688416,0.07859999686479568
YKR062W,YNL314W,1,-4.06143,0.3224138021469116,0.37400001287460327,0.07859999686479568
YPL122C,YGL207W,1,-4.061431,0.32299742102622986,0.375,0.07859999686479568
YJL176C,YGL050W,0,-4.061611,0.3227194547653198,0.375,0.0786999985575676
YOR148C,YJR088C,0,-4.0616183,0.322441965341568,0.375,0.07880000025033951
YDR167W,YBR198C,1,-4.0623612,0.32302406430244446,0.37599998712539673,0.07880000025033951
YFL017W-A,YCL055W,0,-4.0640755,0.32274678349494934,0.37599998712539673,0.07890000194311142
YDL129W,YPL084W,0,-4.0648823,0.3224699795246124,0.37599998712539673,0.07900000363588333
YCL014W,YNL147W,0,-4.0651455,0.3221936523914337,0.37599998712539673,0.07909999787807465
YLR357W,YMR075W,0,-4.066215,0.3219178020954132,0.37599998712539673,0.07919999957084656
YDR334W,YOL137W,0,-4.0666037,0.3216424286365509,0.37599998712539673,0.07930000126361847
YPR186C,YGL112C,1,-4.0668335,0.3222222328186035,0.37700000405311584,0.07930000126361847
YKL028W,YPL007C,1,-4.067129,0.32280102372169495,0.3779999911785126,0.07930000126361847
YOR244W,YNL325C,0,-4.067338,0.32252559065818787,0.3779999911785126,0.07940000295639038
YPR137C-A,YMR257C,0,-4.0675526,0.322250634431839,0.3779999911785126,0.0794999971985817
YMR227C,YPL011C,1,-4.0677996,0.32282793521881104,0.3790000081062317,0.0794999971985817
YOR343W-B,YMR180C,0,-4.068126,0.32255318760871887,0.3790000081062317,0.07959999889135361
YGL019W,YLR212C,0,-4.068157,0.3222789168357849,0.3790000081062317,0.07970000058412552
YGR249W,YDR316W-A,0,-4.068508,0.32200509309768677,0.3790000081062317,0.07980000227689743
YLR228C,YKL179C,0,-4.069024,0.3217317461967468,0.3790000081062317,0.07989999651908875
YOR362C,YER151C,0,-4.070733,0.3214588761329651,0.3790000081062317,0.07999999821186066
YML069W,YPL082C,1,-4.071456,0.32203391194343567,0.3799999952316284,0.07999999821186066
YNL222W,YDR167W,1,-4.071995,0.32260796427726746,0.38100001215934753,0.07999999821186066
YBR058C,YGR263C,0,-4.072158,0.32233503460884094,0.38100001215934753,0.08009999990463257
YLL034C,YDR016C,0,-4.072848,0.32206255197525024,0.38100001215934753,0.08020000159740448
YDL108W,YPL011C,1,-4.0737305,0.32263514399528503,0.38199999928474426,0.08020000159740448
YPL177C,YDR362C,1,-4.0743666,0.32320675253868103,0.382999986410141,0.08020000159740448
YAL001C,YDR460W,1,-4.0745187,0.3237774074077606,0.3840000033378601,0.08020000159740448
YOL142W,YOL090W,0,-4.074547,0.32350462675094604,0.3840000033378601,0.08030000329017639
YPR056W,YIL143C,1,-4.0747833,0.32407405972480774,0.38499999046325684,0.08030000329017639
YER171W,YER148W,1,-4.0751677,0.3246425688266754,0.38600000739097595,0.08030000329017639
YIL143C,YBR198C,1,-4.075367,0.3252100944519043,0.3869999945163727,0.08030000329017639
YGL095C,YER161C,0,-4.075942,0.32493701577186584,0.3869999945163727,0.0803999975323677
YOL067C,YDR311W,1,-4.07609,0.3255033493041992,0.3880000114440918,0.0803999975323677
YMR227C,YDR311W,1,-4.0769024,0.3260687291622162,0.3889999985694885,0.0803999975323677
YCR042C,YPR025C,1,-4.077874,0.32663315534591675,0.38999998569488525,0.0803999975323677
YDR081C,YPL055C,0,-4.0794964,0.3263598382472992,0.38999998569488525,0.08049999922513962
YPL122C,YER045C,1,-4.079874,0.32692307233810425,0.39100000262260437,0.08049999922513962
YER162C,YNL218W,0,-4.079968,0.3266499638557434,0.39100000262260437,0.08060000091791153
YKL125W,YBL055C,0,-4.0800543,0.3263773024082184,0.39100000262260437,0.08070000261068344
YKL028W,YNL314W,1,-4.080258,0.32693910598754883,0.3919999897480011,0.08070000261068344
YLR425W,YKL158W,0,-4.080406,0.3266666531562805,0.3919999897480011,0.08079999685287476
YBL022C,YLR336C,0,-4.0811787,0.3263946771621704,0.3919999897480011,0.08089999854564667
YPL181W,YIR009W,0,-4.08127,0.32612311840057373,0.3919999897480011,0.08100000023841858
YGL207W,YER148W,1,-4.081334,0.32668328285217285,0.3930000066757202,0.08100000023841858
YOR244W,YDL190C,0,-4.082319,0.3264119625091553,0.3930000066757202,0.08110000193119049
YPL106C,YPL045W,0,-4.0834956,0.3261410892009735,0.3930000066757202,0.0812000036239624
YBR012W-A,YJR143C,0,-4.084149,0.3258706331253052,0.3930000066757202,0.08129999786615372
YNL257C,YKR062W,1,-4.0842752,0.326429158449173,0.39399999380111694,0.08129999786615372
YLR447C,YOR168W,0,-4.084854,0.32615894079208374,0.39399999380111694,0.08139999955892563
YDR167W,YNL314W,1,-4.0850496,0.3267163038253784,0.39500001072883606,0.08139999955892563
YOL089C,YBL103C,1,-4.0852365,0.3272727131843567,0.3959999978542328,0.08139999955892563
YDR138W,YKL154W,0,-4.085973,0.32700246572494507,0.3959999978542328,0.08150000125169754
YDR121W,YCL034W,0,-4.0861406,0.32673266530036926,0.3959999978542328,0.08160000294446945
YOR269W,YPR200C,0,-4.086279,0.3264633119106293,0.3959999978542328,0.08169999718666077
YMR190C,YNR023W,0,-4.0869617,0.3261944055557251,0.3959999978542328,0.08179999887943268
YDR123C,YBL085W,0,-4.0873885,0.32592591643333435,0.3959999978542328,0.08190000057220459
YDL108W,YDR311W,1,-4.088091,0.32648026943206787,0.3970000147819519,0.08190000057220459
YIR011C,YCR066W,0,-4.0882072,0.32621198892593384,0.3970000147819519,0.0820000022649765
YPL151C,YBR125C,0,-4.0885067,0.325944185256958,0.3970000147819519,0.08209999650716782
YLR191W,YIR023W,0,-4.089862,0.3256767988204956,0.3970000147819519,0.08219999819993973
YHR119W,YML040W,0,-4.0904517,0.32540982961654663,0.3970000147819519,0.08229999989271164
YNL099C,YJL081C,0,-4.0927687,0.32514333724975586,0.3970000147819519,0.08240000158548355
YPL228W,YOR115C,0,-4.0943813,0.3248772621154785,0.3970000147819519,0.08250000327825546
YBR123C,YGR274C,1,-4.0944853,0.3254292607307434,0.39800000190734863,0.08250000327825546
YDR167W,YDR362C,1,-4.094656,0.32598039507865906,0.39899998903274536,0.08250000327825546
YIL080W,YGR157W,0,-4.094772,0.3257142901420593,0.39899998903274536,0.08259999752044678
YDR364C,YOR231W,0,-4.094822,0.325448602437973,0.39899998903274536,0.08269999921321869
YDL147W,YPL240C,0,-4.094989,0.32518336176872253,0.39899998903274536,0.0828000009059906
YPL177C,YGL112C,1,-4.09554,0.32573288679122925,0.4000000059604645,0.0828000009059906
YNL039W,YMR236W,1,-4.0956306,0.32628151774406433,0.4009999930858612,0.0828000009059906
YOR240W,YER120W,0,-4.0958385,0.32601624727249146,0.4009999930858612,0.08290000259876251
YPL139C,YOL053C-A,0,-4.096076,0.3257514238357544,0.4009999930858612,0.08299999684095383
YBR198C,YGR246C,1,-4.0966744,0.32629871368408203,0.4020000100135803,0.08299999684095383
YIL143C,YPL007C,1,-4.096729,0.32684507966041565,0.40299999713897705,0.08299999684095383
YGL019W,YPR083W,0,-4.0979776,0.3265802264213562,0.40299999713897705,0.08309999853372574
YCR042C,YGR246C,1,-4.0991507,0.32712551951408386,0.40400001406669617,0.08309999853372574
YDR142C,YDR206W,0,-4.1004753,0.32686084508895874,0.40400001406669617,0.08320000022649765
YLR337W,YHR027C,0,-4.1010447,0.32659661769866943,0.40400001406669617,0.08330000191926956
YGR047C,YPL007C,1,-4.101099,0.32714053988456726,0.4050000011920929,0.08330000191926956
YDR079C-A,YPL129W,1,-4.1022086,0.32768362760543823,0.4059999883174896,0.08330000191926956
YER138C,YBR056W,0,-4.102302,0.32741934061050415,0.4059999883174896,0.08340000361204147
YCL032W,YMR046C,0,-4.1028986,0.32715553045272827,0.4059999883174896,0.08349999785423279
YCL003W,YJL165C,0,-4.103139,0.32689210772514343,0.4059999883174896,0.0835999995470047
YDR167W,YAL001C,1,-4.1038027,0.32743361592292786,0.40700000524520874,0.0835999995470047
YDR079C-A,YCR042C,1,-4.104059,0.3279742896556854,0.40799999237060547,0.0835999995470047
YBR173C,YLR224W,0,-4.104333,0.3277108371257782,0.40799999237060547,0.08370000123977661
YML039W,YPR107C,0,-4.1053734,0.3274478316307068,0.40799999237060547,0.08380000293254852
YLR373C,YGR218W,0,-4.1056395,0.3271852433681488,0.40799999237060547,0.08389999717473984
YPL202C,YDR362C,1,-4.1062098,0.3277243673801422,0.4090000092983246,0.08389999717473984
YMR127C,YPL019C,0,-4.1066985,0.32746195793151855,0.4090000092983246,0.08399999886751175
YGL207W,YMR236W,1,-4.1068316,0.328000009059906,0.4099999964237213,0.08399999886751175
YER138C,YDR415C,0,-4.107203,0.32773780822753906,0.4099999964237213,0.08410000056028366
YMR227C,YER148W,1,-4.107529,0.32827475666999817,0.41100001335144043,0.08410000056028366
YOR257W,YGR104C,0,-4.1076155,0.32801276445388794,0.41100001335144043,0.08420000225305557
YOR058C,YJL114W,0,-4.107915,0.32775118947029114,0.41100001335144043,0.08429999649524689
YOR061W,YBR290W,0,-4.108006,0.32749003171920776,0.41100001335144043,0.0843999981880188
YBR170C,YLR240W,0,-4.1090565,0.3272292912006378,0.41100001335144043,0.08449999988079071
YLR221C,YOL049W,0,-4.1091194,0.3269689679145813,0.41100001335144043,0.08460000157356262
YOR141C,YDR264C,0,-4.109309,0.3267090618610382,0.41100001335144043,0.08470000326633453
YNL039W,YCR042C,1,-4.11028,0.327243834733963,0.41200000047683716,0.08470000326633453
YCR042C,YPL129W,1,-4.110388,0.32777777314186096,0.4129999876022339,0.08470000326633453
YER048C,YMR044W,0,-4.1113186,0.3275178372859955,0.4129999876022339,0.08479999750852585
YBR012W-B,YKL217W,0,-4.1115465,0.32725831866264343,0.4129999876022339,0.08489999920129776
YKL021C,YNL087W,0,-4.1120853,0.3269992172718048,0.4129999876022339,0.08500000089406967
YGL029W,YJL114W,0,-4.1128054,0.3267405033111572,0.4129999876022339,0.08510000258684158
YMR198W,YLR025W,0,-4.1140437,0.32648220658302307,0.4129999876022339,0.0851999968290329
YBR198C,YPR025C,1,-4.114254,0.3270142078399658,0.414000004529953,0.0851999968290329
YML015C,YCR042C,1,-4.1143837,0.3275453746318817,0.41499999165534973,0.0851999968290329
YMR045C,YDR231C,0,-4.114518,0.32728707790374756,0.41499999165534973,0.08529999852180481
YDR164C,YGR009C,0,-4.1145926,0.32702916860580444,0.41499999165534973,0.08540000021457672
YLR005W,YGL166W,1,-4.1146708,0.32755905389785767,0.41600000858306885,0.08540000021457672
YGL210W-A,YEL029C,0,-4.115018,0.3273013234138489,0.41600000858306885,0.08550000190734863
YOR226C,YKL200C,0,-4.116431,0.3270440399646759,0.41600000858306885,0.08560000360012054
YOR373W,YPR112C,0,-4.1179667,0.3267871141433716,0.41600000858306885,0.08569999784231186
YBL103C,YGR186W,1,-4.1180954,0.3273155391216278,0.4169999957084656,0.08569999784231186
YPR056W,YMR227C,1,-4.1187553,0.3278431296348572,0.4180000126361847,0.08569999784231186
YEL015W,YDL225W,0,-4.11881,0.32758620381355286,0.4180000126361847,0.08579999953508377
YMR268C,YJR144W,0,-4.119312,0.3273296654224396,0.4180000126361847,0.08590000122785568
YGR047C,YPR186C,1,-4.11969,0.32785603404045105,0.4189999997615814,0.08590000122785568
YKR071C,YHR186C,0,-4.119792,0.3275996744632721,0.4189999997615814,0.0860000029206276
YKR008W,YDR037W,0,-4.119855,0.32734376192092896,0.4189999997615814,0.08609999716281891
YGR047C,YPL122C,1,-4.1203146,0.32786884903907776,0.41999998688697815,0.08609999716281891
YPL202C,YMR236W,1,-4.1206837,0.3283931314945221,0.42100000381469727,0.08609999716281891
YGL112C,YGL166W,1,-4.1215744,0.32891660928726196,0.421999990940094,0.08609999716281891
YPR186C,YKR062W,1,-4.12196,0.329439252614975,0.4230000078678131,0.08609999716281891
YDR034C-C,YDL024C,0,-4.1227336,0.329182893037796,0.4230000078678131,0.08619999885559082
YOR240W,YJL034W,0,-4.123139,0.3289268910884857,0.4230000078678131,0.08630000054836273
YGL207W,YKL028W,1,-4.123147,0.3294483423233032,0.42399999499320984,0.08630000054836273
YJR064W,YNL191W,0,-4.123966,0.32919254899024963,0.42399999499320984,0.08640000224113464
YNL039W,YPL202C,1,-4.126202,0.32971295714378357,0.42500001192092896,0.08640000224113464
YCR042C,YDR460W,1,-4.1262684,0.33023256063461304,0.4259999990463257,0.08640000224113464
YGL130W,YJL100W,0,-4.1271877,0.32997676730155945,0.4259999990463257,0.08649999648332596
YHR134W,YIL080W,0,-4.128114,0.3297213613986969,0.4259999990463257,0.08659999817609787
YGR047C,YER045C,1,-4.1281557,0.33023974299430847,0.4269999861717224,0.08659999817609787
YDR460W,YNL314W,1,-4.129589,0.33075734972953796,0.42800000309944153,0.08659999817609787
YLR306W,YLR309C,0,-4.131963,0.3305019438266754,0.42800000309944153,0.08669999986886978
YBL046W,YDR128W,0,-4.1340475,0.3302469253540039,0.42800000309944153,0.0868000015616417
YBR289W,YBL023C,0,-4.135646,0.32999229431152344,0.42800000309944153,0.0869000032544136
YMR067C,YDR405W,0,-4.136504,0.329738050699234,0.42800000309944153,0.08699999749660492
YPL177C,YER148W,1,-4.136531,0.33025404810905457,0.42899999022483826,0.08699999749660492
YLR262C,YBL055C,0,-4.1369667,0.33000001311302185,0.42899999022483826,0.08709999918937683
YNL257C,YDL108W,1,-4.137287,0.3305149972438812,0.4300000071525574,0.08709999918937683
YGR047C,YER148W,1,-4.137663,0.33102917671203613,0.4309999942779541,0.08709999918937683
YMR227C,YDL108W,1,-4.137967,0.33154258131980896,0.4320000112056732,0.08709999918937683
YGR047C,YLR005W,1,-4.138195,0.3320552110671997,0.43299999833106995,0.08709999918937683
YNL222W,YDR311W,1,-4.1384335,0.332567036151886,0.4339999854564667,0.08709999918937683
YKL189W,YHR018C,0,-4.139665,0.3323124051094055,0.4339999854564667,0.08720000088214874
YML038C,YOR205C,0,-4.1398163,0.3320581614971161,0.4339999854564667,0.08730000257492065
YLR005W,YPL007C,1,-4.140869,0.33256879448890686,0.4350000023841858,0.08730000257492065
YLL034C,YKR090W,0,-4.1411285,0.33231472969055176,0.4350000023841858,0.08739999681711197
YFR001W,YIL093C,0,-4.1411715,0.3320610821247101,0.4350000023841858,0.08749999850988388
YDL140C,YAR010C,0,-4.142893,0.33180779218673706,0.4350000023841858,0.08760000020265579
YDR006C,YOL137W,0,-4.143012,0.3315548896789551,0.4350000023841858,0.0877000018954277
YOR240W,YEL031W,0,-4.1434402,0.33130237460136414,0.4350000023841858,0.08780000358819962
YPL122C,YCR042C,1,-4.143752,0.33181124925613403,0.4359999895095825,0.08780000358819962
YDR444W,YOR142W-A,0,-4.1440573,0.3315589427947998,0.4359999895095825,0.08789999783039093
YGR063C,YML060W,0,-4.1448145,0.33130699396133423,0.4359999895095825,0.08799999952316284
YPL214C,YOR299W,0,-4.1455584,0.3310554325580597,0.4359999895095825,0.08810000121593475
YPL122C,YGR246C,1,-4.145631,0.33156296610832214,0.43700000643730164,0.08810000121593475
YPL011C,YGL166W,1,-4.146452,0.3320697546005249,0.43799999356269836,0.08810000121593475
YPL122C,YOL067C,1,-4.146843,0.3325757682323456,0.4390000104904175,0.08810000121593475
YGL112C,YNL314W,1,-4.1469603,0.3330810070037842,0.4399999976158142,0.08810000121593475
YIL017W,YPL074W,0,-4.14715,0.3328290581703186,0.4399999976158142,0.08820000290870667
YDR034C-C,YKL041W,0,-4.14742,0.3325774669647217,0.4399999976158142,0.08829999715089798
YBR073W,YCR020C,0,-4.147502,0.3323262929916382,0.4399999976158142,0.08839999884366989
YOL017W,YDR415C,0,-4.147541,0.33207547664642334,0.4399999976158142,0.0885000005364418
YMR227C,YCR042C,1,-4.148075,0.33257919549942017,0.4410000145435333,0.0885000005364418
YGL244W,YGL128C,0,-4.149393,0.33232855796813965,0.4410000145435333,0.08860000222921371
YPR063C,YML040W,0,-4.1505375,0.33207830786705017,0.4410000145435333,0.08869999647140503
YJR029W,YDL227C,0,-4.1508837,0.33182844519615173,0.4410000145435333,0.08879999816417694
YJR078W,YBL005W-B,0,-4.1528854,0.33157894015312195,0.4410000145435333,0.08889999985694885
YBR253W,YPR135W,0,-4.1532164,0.3313298225402832,0.4410000145435333,0.08900000154972076
YGR027W-A,YML106W,0,-4.155826,0.3310810923576355,0.4410000145435333,0.08910000324249268
YER171W,YGL207W,1,-4.1559124,0.3315829038619995,0.44200000166893005,0.08910000324249268
YFL021W,YGL166W,1,-4.1561747,0.33208397030830383,0.4429999887943268,0.08910000324249268
YPR056W,YBL103C,1,-4.1567116,0.3325842618942261,0.4440000057220459,0.08910000324249268
YLR404W,YOL053C-A,0,-4.1572886,0.33233532309532166,0.4440000057220459,0.08919999748468399
YGR047C,YML069W,1,-4.1577997,0.3328346908092499,0.4449999928474426,0.08919999748468399
YJL099W,YJL041W,0,-4.1590633,0.3325859606266022,0.4449999928474426,0.0892999991774559
YNL121C,YPL083C,0,-4.1599784,0.33233755826950073,0.4449999928474426,0.08940000087022781
YDR083W,YGL100W,0,-4.160388,0.33208954334259033,0.4449999928474426,0.08950000256299973
YDR313C,YER151C,0,-4.160497,0.33184191584587097,0.4449999928474426,0.08959999680519104
YDR387C,YPR158C-D,0,-4.1608706,0.33159464597702026,0.4449999928474426,0.08969999849796295
YDR362C,YPL082C,1,-4.161043,0.3320923447608948,0.44600000977516174,0.08969999849796295
YKR038C,YLR077W,0,-4.161269,0.331845223903656,0.44600000977516174,0.08980000019073486
YNL224C,YMR270C,0,-4.163007,0.33159852027893066,0.44600000977516174,0.08990000188350677
YJR068W,YDR519W,0,-4.1633377,0.3313521444797516,0.44600000977516174,0.09000000357627869
YBL019W,YMR270C,0,-4.1636105,0.33110615611076355,0.44600000977516174,0.09009999781847
YLR165C,YPL020C,0,-4.163622,0.33086052536964417,0.44600000977516174,0.09019999951124191
YJR138W,YLR096W,0,-4.16364,0.3306152820587158,0.44600000977516174,0.09030000120401382
YDR182W,YBR258C,0,-4.163677,0.33037036657333374,0.44600000977516174,0.09040000289678574
YPR186C,YPR025C,1,-4.1640205,0.3308660387992859,0.44699999690055847,0.09040000289678574
YML015C,YGL112C,1,-4.1644077,0.33136093616485596,0.4480000138282776,0.09040000289678574
YHR121W,YDR331W,0,-4.1660647,0.33111605048179626,0.4480000138282776,0.09049999713897705
YDL132W,YBR281C,0,-4.1663113,0.33087149262428284,0.4480000138282776,0.09059999883174896
YJR139C,YGL113W,0,-4.1663733,0.33062729239463806,0.4480000138282776,0.09070000052452087
YNL257C,YDR167W,1,-4.166403,0.33112093806266785,0.4490000009536743,0.09070000052452087
YOR148C,YML071C,0,-4.166499,0.3308769464492798,0.4490000009536743,0.09080000221729279
YBR245C,YDR043C,0,-4.167836,0.330633282661438,0.4490000009536743,0.0908999964594841
YOL089C,YPL129W,1,-4.168004,0.33112582564353943,0.44999998807907104,0.0908999964594841
YPR108W,YKL010C,0,-4.169199,0.33088234066963196,0.44999998807907104,0.09099999815225601
YBR123C,YMR236W,1,-4.1692076,0.33137398958206177,0.45100000500679016,0.09099999815225601
YOL089C,YGR246C,1,-4.1694345,0.3318648934364319,0.4519999921321869,0.09099999815225601
YML039W,YNL279W,0,-4.1695757,0.3316214084625244,0.4519999921321869,0.09109999984502792
YDR076W,YKL172W,0,-4.1699677,0.331378310918808,0.4519999921321869,0.09120000153779984
YOL053C-A,YDL028C,0,-4.170905,0.3311355412006378,0.4519999921321869,0.09130000323057175
YIL129C,YGL002W,0,-4.1711745,0.3308931291103363,0.4519999921321869,0.09139999747276306
YBR103W,YGL035C,0,-4.171323,0.33065107464790344,0.4519999921321869,0.09149999916553497
YOR017W,YDR142C,0,-4.172344,0.33040934801101685,0.4519999921321869,0.09160000085830688
YJL113W,YDR326C,0,-4.1724157,0.3301680088043213,0.4519999921321869,0.0917000025510788
YDR079C-A,YDR460W,1,-4.172431,0.3306569457054138,0.453000009059906,0.0917000025510788
YMR047C,YPR019W,0,-4.1725616,0.3304157555103302,0.453000009059906,0.09179999679327011
YGR274C,YGR246C,1,-4.1728306,0.3309037983417511,0.45399999618530273,0.09179999679327011
YML015C,YPL007C,1,-4.1746016,0.3313911259174347,0.45500001311302185,0.09179999679327011
YBL103C,YMR236W,1,-4.175378,0.331877738237381,0.4560000002384186,0.09179999679327011
YCL061C,YBR261C,0,-4.175828,0.33163636922836304,0.4560000002384186,0.09189999848604202
YMR019W,YMR017W,0,-4.1784983,0.33139535784721375,0.4560000002384186,0.09200000017881393
YGR246C,YPL011C,1,-4.1788187,0.3318808972835541,0.4569999873638153,0.09200000017881393
YBR012W-A,YLL028W,0,-4.1801786,0.3316400647163391,0.4569999873638153,0.09210000187158585
YDR073W,YKL164C,0,-4.1806335,0.3313995599746704,0.4569999873638153,0.09220000356435776
YKL010C,YIL017W,0,-4.180873,0.33115941286087036,0.4569999873638153,0.09229999780654907
YAR044W,YKL158W,0,-4.1813507,0.33091962337493896,0.4569999873638153,0.09239999949932098
YDR079C-A,YPR025C,1,-4.181815,0.3314037621021271,0.4580000042915344,0.09239999949932098
YJR029W,YMR189W,0,-4.1839695,0.3311641216278076,0.4580000042915344,0.0925000011920929
YPR186C,YNL314W,1,-4.184825,0.3316473960876465,0.45899999141693115,0.0925000011920929
YCR008W,YKL020C,0,-4.1849566,0.33140793442726135,0.45899999141693115,0.09260000288486481
YHR200W,YCR020W-B,0,-4.185729,0.3311688303947449,0.45899999141693115,0.09269999712705612
YPR186C,YBR198C,1,-4.185802,0.3316510319709778,0.46000000834465027,0.09269999712705612
YPL190C,YCR009C,0,-4.185933,0.33141210675239563,0.46000000834465027,0.09279999881982803
YLR183C,YCL062W,0,-4.1870103,0.33117350935935974,0.46000000834465027,0.09290000051259995
YBR274W,YDL226C,0,-4.187482,0.3309352397918701,0.46000000834465027,0.09300000220537186
YNL136W,YER160C,0,-4.187686,0.33069732785224915,0.46000000834465027,0.09309999644756317
YER148W,YPL011C,1,-4.1878004,0.3311781585216522,0.460999995470047,0.09309999644756317
YAL039C,YKL158W,0,-4.1879883,0.3309404253959656,0.460999995470047,0.09319999814033508
YJL014W,YAL014C,0,-4.1882668,0.3307030200958252,0.460999995470047,0.093299999833107
YJL154C,YKL203C,0,-4.188759,0.3304659426212311,0.460999995470047,0.0934000015258789
YKL143W,YFL011W-A,0,-4.1890116,0.3302292227745056,0.460999995470047,0.09350000321865082
YMR198W,YDR151C,0,-4.1896143,0.3299928307533264,0.460999995470047,0.09359999746084213
YOL089C,YMR227C,1,-4.1896276,0.33047211170196533,0.4620000123977661,0.09359999746084213
YER045C,YCR042C,1,-4.190653,0.33095067739486694,0.46299999952316284,0.09359999746084213
YOR151C,YOR188W,0,-4.191053,0.33071428537368774,0.46299999952316284,0.09369999915361404
YGL113W,YGR251W,0,-4.1916428,0.3304782211780548,0.46299999952316284,0.09380000084638596
YLR002C,YHR026W,0,-4.191659,0.3302425146102905,0.46299999952316284,0.09390000253915787
YDR167W,YGL112C,1,-4.1920233,0.33071988821029663,0.46399998664855957,0.09390000253915787
YIL143C,YGR186W,1,-4.1924276,0.3311965763568878,0.4650000035762787,0.09390000253915787
YPL122C,YDR079C-A,1,-4.194131,0.3316726088523865,0.4659999907016754,0.09390000253915787
YBR198C,YER148W,1,-4.1959486,0.3321479260921478,0.46700000762939453,0.09390000253915787
YDR167W,YGR186W,1,-4.196007,0.33262258768081665,0.46799999475479126,0.09390000253915787
YDR404C,YEL038W,0,-4.196891,0.3323863744735718,0.46799999475479126,0.09399999678134918
YGR047C,YOR194C,1,-4.197342,0.33286017179489136,0.4690000116825104,0.09399999678134918
YGR013W,YLR357W,0,-4.1974525,0.3326241075992584,0.4690000116825104,0.0940999984741211
YOL089C,YDL108W,1,-4.1982,0.33309710025787354,0.4699999988079071,0.0940999984741211
YMR039C,YMR117C,0,-4.198284,0.33286118507385254,0.4699999988079071,0.094200000166893
YPR186C,YBL103C,1,-4.1986923,0.3333333432674408,0.47099998593330383,0.094200000166893
YNL265C,YKL200C,0,-4.199154,0.3330976068973541,0.47099998593330383,0.09430000185966492
YHR067W,YJL165C,0,-4.1995764,0.3328621983528137,0.47099998593330383,0.09440000355243683
YPR056W,YDR362C,1,-4.1997323,0.3333333432674408,0.47200000286102295,0.09440000355243683
YBR103W,YBR278W,0,-4.2007523,0.33309808373451233,0.47200000286102295,0.09449999779462814
YDL236W,YOR327C,0,-4.201442,0.3328631818294525,0.47200000286102295,0.09459999948740005
YGR246C,YPL129W,1,-4.2016716,0.3333333432674408,0.4729999899864197,0.09459999948740005
YNL006W,YDR069C,0,-4.2018495,0.3330985903739929,0.4729999899864197,0.09470000118017197
YER045C,YMR236W,1,-4.2020903,0.33356791734695435,0.4740000069141388,0.09470000118017197
YGR047C,YDR167W,1,-4.2033386,0.33403655886650085,0.4749999940395355,0.09470000118017197
YDR436W,YBR102C,0,-4.20428,0.33380183577537537,0.4749999940395355,0.09480000287294388
YIL150C,YDR410C,0,-4.2046185,0.33356741070747375,0.4749999940395355,0.09489999711513519
YCR020W-B,YPL112C,0,-4.2050247,0.3333333432674408,0.4749999940395355,0.0949999988079071
YKR062W,YPL011C,1,-4.205434,0.3338008522987366,0.47600001096725464,0.0949999988079071
YML121W,YNL316C,0,-4.205435,0.33356693387031555,0.47600001096725464,0.09510000050067902
YCR083W,YPL213W,0,-4.20545,0.3333333432674408,0.47600001096725464,0.09520000219345093
YBR103W,YJR112W,0,-4.205926,0.3331000804901123,0.47600001096725464,0.09529999643564224
YIL143C,YER148W,1,-4.2066336,0.33356642723083496,0.47699999809265137,0.09529999643564224
YKL188C,YOL072W,0,-4.2068453,0.3333333432674408,0.47699999809265137,0.09539999812841415
YDR460W,YGR186W,1,-4.2071667,0.333798885345459,0.4779999852180481,0.09539999812841415
YGR274C,YGL207W,1,-4.207601,0.33426377177238464,0.4790000021457672,0.09539999812841415
YML074C,YEL059C-A,0,-4.2080116,0.3340306878089905,0.4790000021457672,0.09549999982118607
YDR014W,YDR264C,0,-4.2084246,0.3337979018688202,0.4790000021457672,0.09560000151395798
YHR115C,YDL226C,0,-4.211686,0.33356547355651855,0.4790000021457672,0.09570000320672989
YCR042C,YOL067C,1,-4.212376,0.3340292274951935,0.47999998927116394,0.09570000320672989
YMR282C,YNR039C,0,-4.2133436,0.3337969481945038,0.47999998927116394,0.0957999974489212
YMR162C,YER164W,0,-4.2134657,0.33356496691703796,0.47999998927116394,0.09589999914169312
YBR288C,YKL049C,0,-4.2141485,0.3333333432674408,0.47999998927116394,0.09600000083446503
YER012W,YJR075W,0,-4.215089,0.3331020176410675,0.47999998927116394,0.09610000252723694
YOR274W,YIL091C,0,-4.215269,0.3328710198402405,0.47999998927116394,0.09619999676942825
YNL202W,YKL200C,0,-4.215372,0.33264032006263733,0.47999998927116394,0.09629999846220016
YGR241C,YMR051C,0,-4.215788,0.33240997791290283,0.47999998927116394,0.09640000015497208
YGR047C,YBR123C,1,-4.2161803,0.3328719735145569,0.48100000619888306,0.09640000015497208
YOR025W,YOL070C,0,-4.216859,0.3326417803764343,0.48100000619888306,0.09650000184774399
YGR246C,YDR460W,1,-4.217369,0.3331029713153839,0.4819999933242798,0.09650000184774399
YIL112W,YBL005W-B,0,-4.2209263,0.3328729271888733,0.4819999933242798,0.0966000035405159
YLR002C,YHR081W,0,-4.2210994,0.33264321088790894,0.4819999933242798,0.09669999778270721
YPL202C,YDR460W,1,-4.2216244,0.3331034481525421,0.4830000102519989,0.09669999778270721
YOR275C,YBR150C,0,-4.2225695,0.3328738808631897,0.4830000102519989,0.09679999947547913
YGL113W,YJL139C,0,-4.2226677,0.33264464139938354,0.4830000102519989,0.09690000116825104
YPL202C,YDR167W,1,-4.2232513,0.3331039249897003,0.48399999737739563,0.09690000116825104
YDR416W,YJL111W,0,-4.22408,0.3328748345375061,0.48399999737739563,0.09700000286102295
YBR105C,YLR425W,0,-4.224636,0.33264604210853577,0.48399999737739563,0.09709999710321426
YNL097C,YGL150C,0,-4.2249174,0.3324175775051117,0.48399999737739563,0.09719999879598618
YLR316C,YDR177W,0,-4.225048,0.3321894407272339,0.48399999737739563,0.09730000048875809
YDR470C,YDR364C,0,-4.2272596,0.33196160197257996,0.48399999737739563,0.09740000218153
YDL078C,YOR126C,0,-4.2279396,0.3317340612411499,0.48399999737739563,0.09749999642372131
YPL202C,YML069W,1,-4.227983,0.3321917951107025,0.48500001430511475,0.09749999642372131
YCR042C,YGL166W,1,-4.2283907,0.3326488733291626,0.4860000014305115,0.09749999642372131
YLR182W,YLR014C,0,-4.2293344,0.33242133259773254,0.4860000014305115,0.09759999811649323
YLR154C,YPR080W,0,-4.229743,0.33219411969184875,0.4860000014305115,0.09769999980926514
YLR298C,YOR329C,0,-4.2298393,0.33196720480918884,0.4860000014305115,0.09780000150203705
YOL072W,YHL036W,0,-4.230468,0.3317406177520752,0.4860000014305115,0.09790000319480896
YGR092W,YDR365W-B,0,-4.2305155,0.3315143287181854,0.4860000014305115,0.09799999743700027
YGL112C,YMR236W,1,-4.2320547,0.3319700062274933,0.4869999885559082,0.09799999743700027
YOL089C,YCR042C,1,-4.2321854,0.332425057888031,0.4880000054836273,0.09799999743700027
YML014W,YPL045W,0,-4.2345533,0.33219876885414124,0.4880000054836273,0.09809999912977219
YAL001C,YGR186W,1,-4.2349644,0.33265307545661926,0.48899999260902405,0.09809999912977219
YML015C,YKR062W,1,-4.235338,0.33310672640800476,0.49000000953674316,0.09809999912977219
YDR457W,YKR105C,0,-4.2353926,0.332880437374115,0.49000000953674316,0.0982000008225441
YBL026W,YDR151C,0,-4.235712,0.3326544463634491,0.49000000953674316,0.09830000251531601
YMR045C,YMR008C,0,-4.23685,0.3324287533760071,0.49000000953674316,0.09839999675750732
YGL220W,YLR051C,0,-4.2378044,0.33220338821411133,0.49000000953674316,0.09849999845027924
YPR104C,YFL004W,0,-4.238038,0.33197832107543945,0.49000000953674316,0.09860000014305115
YML039W,YNL209W,0,-4.238328,0.33175355195999146,0.49000000953674316,0.09870000183582306
YOL089C,YPR186C,1,-4.2398148,0.3322056829929352,0.4909999966621399,0.09870000183582306
YHR069C,YOL038W,0,-4.2401342,0.3319810628890991,0.4909999966621399,0.09880000352859497
YPL022W,YCR030C,0,-4.240206,0.3317567706108093,0.4909999966621399,0.09889999777078629
YDR195W,YOR222W,0,-4.2404013,0.331532746553421,0.4909999966621399,0.0989999994635582
YGL227W,YHR188C,0,-4.241023,0.331309050321579,0.4909999966621399,0.09910000115633011
YJR026W,YFL054C,0,-4.24202,0.3310856521129608,0.4909999966621399,0.09920000284910202
YER029C,YGL136C,0,-4.242069,0.33086252212524414,0.4909999966621399,0.09929999709129333
YPR186C,YDR460W,1,-4.2423716,0.3313131332397461,0.492000013589859,0.09929999709129333
YBR123C,YJL011C,1,-4.2428045,0.3317631185054779,0.49300000071525574,0.09929999709129333
YDL110C,YIL063C,0,-4.243107,0.3315400183200836,0.49300000071525574,0.09939999878406525
YPL129W,YDR311W,1,-4.243149,0.33198925852775574,0.49399998784065247,0.09939999878406525
YER171W,YGR186W,1,-4.2432575,0.3324378728866577,0.4950000047683716,0.09939999878406525
YGL184C,YGL210W,0,-4.2432775,0.3322147727012634,0.4950000047683716,0.09950000047683716
YML015C,YIL143C,1,-4.2434278,0.3326626420021057,0.4959999918937683,0.09950000047683716
YOL089C,YPL007C,1,-4.244179,0.33310991525650024,0.4970000088214874,0.09950000047683716
YAL041W,YKL108W,0,-4.2451477,0.33288681507110596,0.4970000088214874,0.09960000216960907
YHR067W,YDR067C,0,-4.2459426,0.33266398310661316,0.4970000088214874,0.09969999641180038
YPL122C,YMR236W,1,-4.24625,0.33311036229133606,0.49799999594688416,0.09969999641180038
YML069W,YGR186W,1,-4.2463684,0.3335561454296112,0.49900001287460327,0.09969999641180038
YMR030W,YBR280C,0,-4.2471027,0.3333333432674408,0.49900001287460327,0.0997999981045723
YJR140C,YLR453C,0,-4.2474422,0.3331108093261719,0.49900001287460327,0.09989999979734421
YDR449C,YNL225C,0,-4.2477436,0.3328886032104492,0.49900001287460327,0.10000000149011612
YPR056W,YCR042C,1,-4.247958,0.3333333432674408,0.5,0.10000000149011612
YER087C-A,YBR185C,0,-4.2483377,0.3331112563610077,0.5,0.10010000318288803
YNL139C,YGR081C,0,-4.2484536,0.33288946747779846,0.5,0.10019999742507935
YNL257C,YDR311W,1,-4.248664,0.3333333432674408,0.5009999871253967,0.10019999742507935
YER148W,YKR062W,1,-4.2497606,0.333776593208313,0.5019999742507935,0.10019999742507935
YGR262C,YAL014C,0,-4.2498074,0.33355480432510376,0.5019999742507935,0.10029999911785126
YPL047W,YJR057W,0,-4.2508583,0.3333333432674408,0.5019999742507935,0.10040000081062317
YDR079C-A,YPL011C,1,-4.2512155,0.33377569913864136,0.503000020980835,0.10040000081062317
YKR080W,YLL054C,0,-4.2513485,0.33355438709259033,0.503000020980835,0.10050000250339508
YML046W,YPR187W,0,-4.2515097,0.3333333432674408,0.503000020980835,0.1005999967455864
YBL102W,YDR400W,0,-4.252281,0.33311259746551514,0.503000020980835,0.1006999984383583
YNL001W,YBR245C,0,-4.2529907,0.33289211988449097,0.503000020980835,0.10080000013113022
YKL059C,YPR152C,0,-4.25338,0.33267197012901306,0.503000020980835,0.10090000182390213
YGL184C,YOL138C,0,-4.2534733,0.33245208859443665,0.503000020980835,0.10100000351667404
YMR267W,YMR051C,0,-4.2534747,0.3322325050830841,0.503000020980835,0.10109999775886536
YIL061C,YPL089C,0,-4.253518,0.33201318979263306,0.503000020980835,0.10119999945163727
YBL060W,YGR058W,0,-4.25399,0.33179420232772827,0.503000020980835,0.10130000114440918
YBR236C,YDR486C,0,-4.254011,0.331575483083725,0.503000020980835,0.10140000283718109
YMR208W,YAL043C,0,-4.2549534,0.33135706186294556,0.503000020980835,0.1014999970793724
YML009C,YBR083W,0,-4.2551537,0.3311389088630676,0.503000020980835,0.10159999877214432
YMR045C,YNL191W,0,-4.255251,0.3309210538864136,0.503000020980835,0.10170000046491623
YJL011C,YDR079C-A,1,-4.255584,0.33136093616485596,0.5040000081062317,0.10170000046491623
YPL122C,YPL082C,1,-4.255992,0.331800252199173,0.5049999952316284,0.10170000046491623
YER169W,YKR008W,0,-4.2563477,0.3315823972225189,0.5049999952316284,0.10180000215768814
YER171W,YPR025C,1,-4.25638,0.33202099800109863,0.5059999823570251,0.10180000215768814
YDR362C,YPL129W,1,-4.256677,0.3324590027332306,0.5070000290870667,0.10180000215768814
YOL070C,YGL002W,0,-4.256752,0.33224114775657654,0.5070000290870667,0.10189999639987946
YJL010C,YDR206W,0,-4.2571144,0.332023561000824,0.5070000290870667,0.10199999809265137
YJL011C,YDR311W,1,-4.258297,0.3324607312679291,0.5080000162124634,0.10199999809265137
YJL074C,YOR274W,0,-4.2592306,0.33224329352378845,0.5080000162124634,0.10209999978542328
YDL108W,YPL082C,1,-4.2595987,0.33267974853515625,0.5090000033378601,0.10209999978542328
YDR334W,YHR107C,0,-4.26044,0.3324624300003052,0.5090000033378601,0.10220000147819519
YKL073W,YBR167C,0,-4.260516,0.33224543929100037,0.5090000033378601,0.1023000031709671
YOR123C,YLR187W,0,-4.261363,0.33202868700027466,0.5090000033378601,0.10239999741315842
YGR041W,YPL023C,0,-4.261553,0.3318122625350952,0.5090000033378601,0.10249999910593033
YBL016W,YGR140W,0,-4.26161,0.3315960764884949,0.5090000033378601,0.10260000079870224
YAL041W,YMR238W,0,-4.261814,0.3313802182674408,0.5090000033378601,0.10270000249147415
YHR207C,YIL126W,0,-4.262277,0.3311645984649658,0.5090000033378601,0.10279999673366547
YGR186W,YDR311W,1,-4.262647,0.33159947395324707,0.5099999904632568,0.10279999673366547
YCL055W,YGL002W,0,-4.262907,0.33138400316238403,0.5099999904632568,0.10289999842643738
YPR103W,YKL001C,0,-4.264119,0.3311688303947449,0.5099999904632568,0.10300000011920929
YMR045C,YDL085W,0,-4.2643614,0.3309539258480072,0.5099999904632568,0.1031000018119812
YOR064C,YGL071W,0,-4.264971,0.330739289522171,0.5099999904632568,0.10320000350475311
YBL084C,YGR215W,0,-4.265074,0.3305249512195587,0.5099999904632568,0.10329999774694443
YGR246C,YOL067C,1,-4.2655954,0.3309585452079773,0.5109999775886536,0.10329999774694443
YLR016C,YCR002C,0,-4.265687,0.33074432611465454,0.5109999775886536,0.10339999943971634
YFR037C,YHR186C,0,-4.265958,0.33053040504455566,0.5109999775886536,0.10350000113248825
YBR010W,YKR090W,0,-4.266309,0.3303167521953583,0.5109999775886536,0.10360000282526016
YLL008W,YJR060W,0,-4.266699,0.3301033675670624,0.5109999775886536,0.10369999706745148
YAL001C,YKL028W,1,-4.266946,0.3305358290672302,0.5120000243186951,0.10369999706745148
YDR079C-A,YMR236W,1,-4.26715,0.3309677541255951,0.5130000114440918,0.10369999706745148
YDR079C-A,YFL021W,1,-4.2685947,0.3313990831375122,0.5139999985694885,0.10369999706745148
YML069W,YOR194C,1,-4.268922,0.33182990550994873,0.5149999856948853,0.10369999706745148
YKL173W,YBR237W,0,-4.2690716,0.33161622285842896,0.5149999856948853,0.10379999876022339
YML114C,YCR014C,0,-4.269165,0.33140283823013306,0.5149999856948853,0.1039000004529953
YNR010W,YOR321W,0,-4.2699604,0.33118972182273865,0.5149999856948853,0.10400000214576721
YDL056W,YBL055C,0,-4.270384,0.3309768736362457,0.5149999856948853,0.10409999638795853
YDL245C,YIL063C,0,-4.2710495,0.3307642936706543,0.5149999856948853,0.10419999808073044
YIL143C,YAL001C,1,-4.271559,0.33119383454322815,0.515999972820282,0.10419999808073044
YNL015W,YDL197C,0,-4.272416,0.33098140358924866,0.515999972820282,0.10429999977350235
YCR042C,YGL112C,1,-4.2729783,0.3314102590084076,0.5170000195503235,0.10429999977350235
YNL136W,YBR195C,0,-4.273149,0.33119794726371765,0.5170000195503235,0.10440000146627426
YPL122C,YJL011C,1,-4.27353,0.33162611722946167,0.5180000066757202,0.10440000146627426
YML015C,YPL177C,1,-4.274105,0.3320537507534027,0.5189999938011169,0.10440000146627426
YDL108W,YDR460W,1,-4.2742586,0.3324808180332184,0.5199999809265137,0.10440000146627426
YIL143C,YDL108W,1,-4.274399,0.3329073488712311,0.5210000276565552,0.10440000146627426
YGR274C,YOR194C,1,-4.2746944,0.3333333432674408,0.5220000147819519,0.10440000146627426
YML043C,YKL042W,0,-4.275874,0.3331206142902374,0.5220000147819519,0.10450000315904617
YBR010W,YJL044C,0,-4.276206,0.33290815353393555,0.5220000147819519,0.10459999740123749
YKL028W,YGL166W,1,-4.2769823,0.3333333432674408,0.5230000019073486,0.10459999740123749
YGR274C,YGL112C,1,-4.2777724,0.3337579667568207,0.5239999890327454,0.10459999740123749
YPL093W,YGL083W,0,-4.277817,0.3335455060005188,0.5239999890327454,0.1046999990940094
YGR098C,YGL099W,0,-4.27804,0.3333333432674408,0.5239999890327454,0.10480000078678131
YLR005W,YNL314W,1,-4.2793155,0.3337571620941162,0.5249999761581421,0.10480000078678131
YER147C,YMR046C,0,-4.2795715,0.33354511857032776,0.5249999761581421,0.10490000247955322
YGL032C,YDR507C,0,-4.2795897,0.3333333432674408,0.5249999761581421,0.10499999672174454
YBR289W,YDL030W,0,-4.2799225,0.3331218361854553,0.5249999761581421,0.10509999841451645
YHR115C,YMR238W,0,-4.2803197,0.33291059732437134,0.5249999761581421,0.10520000010728836
YDR079C-A,YGL166W,1,-4.280462,0.3333333432674408,0.5260000228881836,0.10520000010728836
YMR099C,YIL136W,0,-4.281226,0.33312222361564636,0.5260000228881836,0.10530000180006027
YER045C,YDR079C-A,1,-4.281666,0.3335443139076233,0.5270000100135803,0.10530000180006027
YPL011C,YGR186W,1,-4.2820177,0.33396583795547485,0.527999997138977,0.10530000180006027
YCL010C,YDR198C,0,-4.282467,0.3337547481060028,0.527999997138977,0.10540000349283218
YLR316C,YMR193W,0,-4.282937,0.33354389667510986,0.527999997138977,0.1054999977350235
YPL177C,YPL129W,1,-4.283862,0.33396464586257935,0.5289999842643738,0.1054999977350235
YBR198C,YBL103C,1,-4.285251,0.33438485860824585,0.5299999713897705,0.1054999977350235
YFL048C,YDR364C,0,-4.286757,0.3341740369796753,0.5299999713897705,0.10559999942779541
YMR268C,YHR107C,0,-4.2872143,0.33396345376968384,0.5299999713897705,0.10570000112056732
YLR005W,YPR025C,1,-4.287284,0.3343828618526459,0.531000018119812,0.10570000112056732
YDR460W,YOL067C,1,-4.287367,0.3348017632961273,0.5320000052452087,0.10570000112056732
YGL207W,YBL103C,1,-4.287874,0.3352201282978058,0.5329999923706055,0.10570000112056732
YJL125C,YJR089W,0,-4.2880163,0.3350094258785248,0.5329999923706055,0.10580000281333923
YML074C,YMR134W,0,-4.2891874,0.33479899168014526,0.5329999923706055,0.10589999705553055
YJR060W,YDR322C-A,0,-4.2894764,0.33458882570266724,0.5329999923706055,0.10599999874830246
YML121W,YMR112C,0,-4.2894936,0.3343789279460907,0.5329999923706055,0.10610000044107437
YGR238C,YOL137W,0,-4.2897615,0.33416926860809326,0.5329999923706055,0.10620000213384628
YGR013W,YKL211C,0,-4.290013,0.3339599072933197,0.5329999923706055,0.1062999963760376
YGR274C,YGR186W,1,-4.2900753,0.3343769609928131,0.5339999794960022,0.1062999963760376
YPR186C,YGR186W,1,-4.2901497,0.33479347825050354,0.5350000262260437,0.1062999963760376
YMR244C-A,YBR258C,0,-4.291316,0.33458411693573,0.5350000262260437,0.10639999806880951
YOR304W,YGL039W,0,-4.2913284,0.3343749940395355,0.5350000262260437,0.10649999976158142
YGL130W,YNL297C,0,-4.291411,0.33416613936424255,0.5350000262260437,0.10660000145435333
YDR079C-A,YBL103C,1,-4.2916384,0.33458176255226135,0.5360000133514404,0.10660000145435333
YML015C,YBR123C,1,-4.2916784,0.33499687910079956,0.5370000004768372,0.10660000145435333
YLR357W,YOL004W,0,-4.2917,0.3347880244255066,0.5370000004768372,0.10670000314712524
YDR034C,YDL194W,0,-4.292518,0.3345794379711151,0.5370000004768372,0.10679999738931656
YFL044C,YKL211C,0,-4.29291,0.3343711197376251,0.5370000004768372,0.10689999908208847
YPL217C,YPR133W-A,0,-4.294068,0.33416303992271423,0.5370000004768372,0.10700000077486038
YPL177C,YML069W,1,-4.2947683,0.33457711338996887,0.5379999876022339,0.10700000077486038
YLR362W,YFL044C,0,-4.2950897,0.3343691825866699,0.5379999876022339,0.1071000024676323
YNL222W,YNL039W,1,-4.2955694,0.33478260040283203,0.5389999747276306,0.1071000024676323
YPL190C,YMR301C,0,-4.295583,0.33457478880882263,0.5389999747276306,0.10719999670982361
YPL177C,YOR194C,1,-4.2959394,0.3349875807762146,0.5400000214576721,0.10719999670982361
YER157W,YNR010W,0,-4.2959576,0.33477991819381714,0.5400000214576721,0.10729999840259552
YPL177C,YBR198C,1,-4.296694,0.3351920545101166,0.5410000085830688,0.10729999840259552
YNL035C,YLR309C,0,-4.2967644,0.33498451113700867,0.5410000085830688,0.10740000009536743
YDR394W,YPR125W,0,-4.296894,0.33477723598480225,0.5410000085830688,0.10750000178813934
YLR210W,YJL025W,0,-4.297156,0.3345701992511749,0.5410000085830688,0.10760000348091125
YPL122C,YIL143C,1,-4.2982397,0.3349814713001251,0.5419999957084656,0.10760000348091125
YDL059C,YDR334W,0,-4.298457,0.33477455377578735,0.5419999957084656,0.10769999772310257
YGL210W-A,YNL153C,0,-4.300191,0.3345679044723511,0.5419999957084656,0.10779999941587448
YGR274C,YDR460W,1,-4.300539,0.3349784016609192,0.5429999828338623,0.10779999941587448
YGL071W,YIR015W,0,-4.3006144,0.33477190136909485,0.5429999828338623,0.10790000110864639
YPR056W,YLR005W,1,-4.3008432,0.3351817727088928,0.5440000295639038,0.10790000110864639
YGL207W,YPL011C,1,-4.3008556,0.3355911374092102,0.5450000166893005,0.10790000110864639
YGL166W,YOR194C,1,-4.300932,0.335999995470047,0.5460000038146973,0.10790000110864639
YGL207W,YFL021W,1,-4.3015537,0.3364083766937256,0.546999990940094,0.10790000110864639
YJL011C,YGR186W,1,-4.301963,0.3368162214756012,0.5479999780654907,0.10790000110864639
YOL149W,YIL138C,0,-4.3024845,0.3366093337535858,0.5479999780654907,0.1080000028014183
YGR238C,YDL035C,0,-4.3026314,0.3364027142524719,0.5479999780654907,0.10809999704360962
YLR403W,YER035W,0,-4.302859,0.33619633316993713,0.5479999780654907,0.10819999873638153
YML001W,YPL022W,0,-4.3036814,0.33599019050598145,0.5479999780654907,0.10830000042915344
YPR056W,YMR236W,1,-4.303853,0.33639705181121826,0.5490000247955322,0.10830000042915344
YDL129W,YDR202C,0,-4.303994,0.3361910581588745,0.5490000247955322,0.10840000212192535
YDR362C,YLR005W,1,-4.3040257,0.3365972936153412,0.550000011920929,0.10840000212192535
YKR062W,YMR236W,1,-4.3052483,0.33700305223464966,0.5509999990463257,0.10840000212192535
YML032C,YBR041W,0,-4.305415,0.3367970585823059,0.5509999990463257,0.10849999636411667
YDL153C,YDL165W,0,-4.305665,0.33659133315086365,0.5509999990463257,0.10859999805688858
YPR025C,YPL129W,1,-4.3058405,0.3369963467121124,0.5519999861717224,0.10859999805688858
YHR052W,YNL315C,0,-4.305954,0.3367907404899597,0.5519999861717224,0.10869999974966049
YHL009C,YEL030W,0,-4.305991,0.3365853726863861,0.5519999861717224,0.1088000014424324
YBL006C,YGL004C,0,-4.306012,0.3363802433013916,0.5519999861717224,0.10890000313520432
YLR005W,YGR186W,1,-4.306283,0.3367844223976135,0.5529999732971191,0.10890000313520432
YGL207W,YDR311W,1,-4.3079324,0.33718806505203247,0.5540000200271606,0.10890000313520432
YCR042C,YNL314W,1,-4.3081675,0.3375912308692932,0.5550000071525574,0.10890000313520432
YJL004C,YNL232W,0,-4.3083725,0.33738601207733154,0.5550000071525574,0.10899999737739563
YNL113W,YLR026C,0,-4.3089113,0.337181031703949,0.5550000071525574,0.10909999907016754
YGR047C,YCR042C,1,-4.3090467,0.3375834822654724,0.5559999942779541,0.10909999907016754
YJL095W,YDR288W,0,-4.309168,0.3373786509037018,0.5559999942779541,0.10920000076293945
YLR002C,YER169W,0,-4.31081,0.33717405796051025,0.5559999942779541,0.10930000245571136
YGR047C,YGR246C,1,-4.3111086,0.337575763463974,0.5569999814033508,0.10930000245571136
YOR327C,YNL119W,0,-4.3116426,0.337371289730072,0.5569999814033508,0.10939999669790268
YOR327C,YOR046C,0,-4.3123684,0.33716708421707153,0.5569999814033508,0.10949999839067459
YGR274C,YPL007C,1,-4.312504,0.3375680446624756,0.5580000281333923,0.10949999839067459
YBL016W,YBR156C,0,-4.3126926,0.33736395835876465,0.5580000281333923,0.1096000000834465
YOR148C,YER002W,0,-4.313116,0.3371601104736328,0.5580000281333923,0.10970000177621841
YNL032W,YDL074C,0,-4.3134604,0.33695653080940247,0.5580000281333923,0.10980000346899033
YBL103C,YPL129W,1,-4.313526,0.33735665678977966,0.5590000152587891,0.10980000346899033
YDL122W,YJR029W,0,-4.31371,0.33715319633483887,0.5590000152587891,0.10989999771118164
YPR056W,YDR460W,1,-4.3137407,0.3375527560710907,0.5600000023841858,0.10989999771118164
YGR020C,YBR118W,0,-4.313882,0.33734938502311707,0.5600000023841858,0.10999999940395355
YDR099W,YPL020C,0,-4.3139143,0.3371463119983673,0.5600000023841858,0.11010000109672546
YJR026W,YBR176W,0,-4.314229,0.33694344758987427,0.5600000023841858,0.11020000278949738
YOR077W,YDR137W,0,-4.3147745,0.3367408215999603,0.5600000023841858,0.11029999703168869
YER087C-A,YDR348C,0,-4.315851,0.3365384638309479,0.5600000023841858,0.1103999987244606
YBR161W,YDR507C,0,-4.3158636,0.3363363444805145,0.5600000023841858,0.11050000041723251
YJR068W,YNL050C,0,-4.3165627,0.3361344635486603,0.5600000023841858,0.11060000211000443
YPR056W,YER171W,1,-4.3167524,0.33653268218040466,0.5609999895095825,0.11060000211000443
YBR198C,YDR362C,1,-4.3168154,0.33693045377731323,0.5619999766349792,0.11060000211000443
YDR006C,YNL005C,0,-4.317008,0.336728572845459,0.5619999766349792,0.11069999635219574
YCR042C,YBR198C,1,-4.3174114,0.3371257483959198,0.5630000233650208,0.11069999635219574
YML093W,YOR067C,0,-4.3186207,0.3369239866733551,0.5630000233650208,0.11079999804496765
YLR182W,YCR093W,0,-4.3189163,0.3367224931716919,0.5630000233650208,0.11089999973773956
YLR182W,YLR212C,0,-4.3190107,0.3365212082862854,0.5630000233650208,0.11100000143051147
YBR074W,YOR275C,0,-4.3191986,0.3363201916217804,0.5630000233650208,0.11110000312328339
YML007W,YLR117C,0,-4.319433,0.3361194133758545,0.5630000233650208,0.1111999973654747
YDR079C-A,YDR362C,1,-4.319886,0.33651551604270935,0.5640000104904175,0.1111999973654747
YLR244C,YPL019C,0,-4.320019,0.336314857006073,0.5640000104904175,0.11129999905824661
YOR257W,YEL003W,0,-4.3203287,0.33611443638801575,0.5640000104904175,0.11140000075101852
YDR228C,YPL258C,0,-4.3205004,0.3359142243862152,0.5640000104904175,0.11150000244379044
YAL001C,YKR062W,1,-4.3208942,0.3363095223903656,0.5649999976158142,0.11150000244379044
YPR022C,YER172C,0,-4.320895,0.336109459400177,0.5649999976158142,0.11159999668598175
YGR013W,YLR174W,0,-4.3212023,0.3359096348285675,0.5649999976158142,0.11169999837875366
YPL122C,YOR194C,1,-4.3218555,0.3363042175769806,0.5659999847412109,0.11169999837875366
YJR022W,YJR076C,0,-4.322356,0.33610451221466064,0.5659999847412109,0.11180000007152557
YNL177C,YPL083C,0,-4.3246393,0.3359050452709198,0.5659999847412109,0.11190000176429749
YBR237W,YBL010C,0,-4.3257914,0.33570581674575806,0.5659999847412109,0.1120000034570694
YOR194C,YPL129W,1,-4.32617,0.3360995948314667,0.5669999718666077,0.1120000034570694
YML110C,YOR071C,0,-4.3268003,0.3359004855155945,0.5669999718666077,0.11209999769926071
YGL216W,YOR007C,0,-4.327277,0.335701584815979,0.5669999718666077,0.11219999939203262
YNL035C,YOR206W,0,-4.3277054,0.335502952337265,0.5669999718666077,0.11230000108480453
YFR052W,YDL042C,0,-4.327942,0.3353045582771301,0.5669999718666077,0.11240000277757645
YPL028W,YDR226W,0,-4.329138,0.33510637283325195,0.5669999718666077,0.11249999701976776
YIL143C,YER171W,1,-4.330456,0.335499107837677,0.5680000185966492,0.11249999701976776
YOL089C,YDR079C-A,1,-4.3312683,0.33589139580726624,0.5690000057220459,0.11249999701976776
YAL001C,YBR198C,1,-4.331337,0.3362831771373749,0.5699999928474426,0.11249999701976776
YNL186W,YCL075W,0,-4.3313503,0.33608490228652954,0.5699999928474426,0.11259999871253967
YJL047C,YBR082C,0,-4.3322535,0.3358868658542633,0.5699999928474426,0.11270000040531158
YLR015W,YGL173C,0,-4.332632,0.3356890380382538,0.5699999928474426,0.1128000020980835
YGL207W,YGL112C,1,-4.3327045,0.33608004450798035,0.5709999799728394,0.1128000020980835
YNL222W,YPL011C,1,-4.3329706,0.3364705741405487,0.5720000267028809,0.1128000020980835
YNL292W,YPR029C,0,-4.334305,0.3362727761268616,0.5720000267028809,0.11289999634027481
YKL073W,YKR061W,0,-4.3344345,0.33607521653175354,0.5720000267028809,0.11299999803304672
YOR304W,YKR014C,0,-4.3345146,0.3358778655529022,0.5720000267028809,0.11309999972581863
YIL063C,YLR174W,0,-4.3349266,0.33568075299263,0.5720000267028809,0.11320000141859055
YDR310C,YBR261C,0,-4.335108,0.3354838788509369,0.5720000267028809,0.11330000311136246
YDR448W,YNR039C,0,-4.3362093,0.3352872133255005,0.5720000267028809,0.11339999735355377
YLR139C,YLL003W,0,-4.3370543,0.3350908160209656,0.5720000267028809,0.11349999904632568
YER162C,YNR011C,0,-4.3371334,0.3348946273326874,0.5720000267028809,0.1136000007390976
YJL011C,YKL028W,1,-4.3371706,0.3352837860584259,0.5730000138282776,0.1136000007390976
YML069W,YER148W,1,-4.337373,0.335672527551651,0.5740000009536743,0.1136000007390976
YDL178W,YMR247C,0,-4.3374195,0.3354763388633728,0.5740000009536743,0.1137000024318695
YER087C-A,YBL018C,0,-4.3380594,0.3352803885936737,0.5740000009536743,0.11379999667406082
YDR436W,YDL165W,0,-4.338339,0.3350846469402313,0.5740000009536743,0.11389999836683273
YBR198C,YDR311W,1,-4.338394,0.33547258377075195,0.574999988079071,0.11389999836683273
YLR321C,YNR022C,0,-4.338722,0.3352769613265991,0.574999988079071,0.11400000005960464
YOL031C,YGR135W,0,-4.3392963,0.3350815773010254,0.574999988079071,0.11410000175237656
YPR056W,YPL122C,1,-4.3396664,0.3354688286781311,0.5759999752044678,0.11410000175237656
YGR047C,YDR460W,1,-4.340308,0.335855633020401,0.5770000219345093,0.11410000175237656
YMR227C,YGL207W,1,-4.340724,0.3362419903278351,0.578000009059906,0.11410000175237656
YGL210W-A,YOR293W,0,-4.3410387,0.3360465168952942,0.578000009059906,0.11420000344514847
YDR448W,YER112W,0,-4.341302,0.33585125207901,0.578000009059906,0.11429999768733978
YGL095C,YIL026C,0,-4.3414917,0.33565622568130493,0.578000009059906,0.1143999993801117
YCL020W,YMR017W,0,-4.3419495,0.33546140789985657,0.578000009059906,0.1145000010728836
YKL178C,YBL100W-A,0,-4.3422384,0.3352668285369873,0.578000009059906,0.11460000276565552
YIL010W,YKR071C,0,-4.343005,0.33507245779037476,0.578000009059906,0.11469999700784683
YNL290W,YDR347W,0,-4.3432236,0.3348783254623413,0.578000009059906,0.11479999870061874
YDR073W,YPL266W,0,-4.3449783,0.33468443155288696,0.578000009059906,0.11490000039339066
YOL016C,YOR298W,0,-4.345336,0.33449074625968933,0.578000009059906,0.11500000208616257
YML005W,YMR284W,0,-4.3463964,0.3342972695827484,0.578000009059906,0.11509999632835388
YLR330W,YJR010W,0,-4.34721,0.334104061126709,0.578000009059906,0.1151999980211258
YNL314W,YOR194C,1,-4.3472605,0.33448874950408936,0.5789999961853027,0.1151999980211258
YGL166W,YMR236W,1,-4.347419,0.3348729908466339,0.5799999833106995,0.1151999980211258
YPR056W,YOR194C,1,-4.3480053,0.33525678515434265,0.5809999704360962,0.1151999980211258
YDL043C,YHL008C,0,-4.348502,0.3350634276866913,0.5809999704360962,0.1152999997138977
YHR119W,YKR054C,0,-4.348978,0.334870308637619,0.5809999704360962,0.11540000140666962
YKL009W,YKL164C,0,-4.3501444,0.33467742800712585,0.5809999704360962,0.11550000309944153
YBR253W,YDR081C,0,-4.350275,0.3344847559928894,0.5809999704360962,0.11559999734163284
YDR460W,YMR236W,1,-4.3512096,0.3348676562309265,0.5820000171661377,0.11559999734163284
YER148W,YBL103C,1,-4.3512764,0.3352501392364502,0.5830000042915344,0.11559999734163284
YEL050C,YPR191W,0,-4.3514004,0.33505746722221375,0.5830000042915344,0.11569999903440475
YDR079C-A,YLR005W,1,-4.351489,0.33543941378593445,0.5839999914169312,0.11569999903440475
YML015C,YLR005W,1,-4.351842,0.33582088351249695,0.5849999785423279,0.11569999903440475
YFL034C-B,YJR093C,0,-4.352021,0.3356282413005829,0.5849999785423279,0.11580000072717667
YDR079C-A,YML069W,1,-4.353053,0.3360091745853424,0.5860000252723694,0.11580000072717667
YGR047C,YGR186W,1,-4.353099,0.3363896906375885,0.5870000123977661,0.11580000072717667
YJL011C,YPL202C,1,-4.353651,0.3367697596549988,0.5879999995231628,0.11580000072717667
YDR332W,YDL045C,0,-4.3537703,0.33657699823379517,0.5879999995231628,0.11590000241994858
YOR257W,YKR038C,0,-4.353918,0.33638444542884827,0.5879999995231628,0.11599999666213989
YLR005W,YPL011C,1,-4.3541317,0.336763858795166,0.5889999866485596,0.11599999666213989
YNL314W,YPL129W,1,-4.354803,0.33714285492897034,0.5899999737739563,0.11599999666213989
YNL321W,YCR029C-A,0,-4.3553896,0.33695030212402344,0.5899999737739563,0.1160999983549118
YPL011C,YPL129W,1,-4.355734,0.3373287618160248,0.5910000205039978,0.1160999983549118
YER169W,YOL004W,0,-4.356845,0.33713632822036743,0.5910000205039978,0.11620000004768372
YOR123C,YBR141C,0,-4.357029,0.3369441330432892,0.5910000205039978,0.11630000174045563
YOL089C,YLR005W,1,-4.3573246,0.337321937084198,0.5920000076293945,0.11630000174045563
YML015C,YGR186W,1,-4.3578253,0.3376993238925934,0.5929999947547913,0.11630000174045563
YDR279W,YDL015C,0,-4.3580685,0.33750712871551514,0.5929999947547913,0.11640000343322754
YGR274C,YPL082C,1,-4.3588877,0.33788394927978516,0.593999981880188,0.11640000343322754
YBR198C,YOR194C,1,-4.3594894,0.33826038241386414,0.5950000286102295,0.11640000343322754
YJL025W,YEL034W,0,-4.360634,0.3380681872367859,0.5950000286102295,0.11649999767541885
YML010W,YMR093W,0,-4.3606853,0.33787620067596436,0.5950000286102295,0.11659999936819077
YMR067C,YLR419W,0,-4.3607874,0.3376844525337219,0.5950000286102295,0.11670000106096268
YML015C,YFL021W,1,-4.360877,0.3380601108074188,0.5960000157356262,0.11670000106096268
YOR131C,YER104W,0,-4.3612843,0.33786848187446594,0.5960000157356262,0.11680000275373459
YKL170W,YCR092C,0,-4.3616953,0.3376770615577698,0.5960000157356262,0.1168999969959259
YJR022W,YDR524C,0,-4.361808,0.3374858498573303,0.5960000157356262,0.11699999868869781
YPL082C,YGR186W,1,-4.3618155,0.3378607928752899,0.597000002861023,0.11699999868869781
YER045C,YGL112C,1,-4.362591,0.3382352888584137,0.5979999899864197,0.11699999868869781
YPL091W,YGL244W,0,-4.3634033,0.33804410696029663,0.5979999899864197,0.11710000038146973
YDL074C,YGR056W,0,-4.3639126,0.3378531038761139,0.5979999899864197,0.11720000207424164
YHR058C,YDR109C,0,-4.3639584,0.33766233921051025,0.5979999899864197,0.11729999631643295
YLR016C,YDR191W,0,-4.364172,0.33747178316116333,0.5979999899864197,0.11739999800920486
YDR318W,YJR075W,0,-4.364254,0.3372814357280731,0.5979999899864197,0.11749999970197678
YNL139C,YKR056W,0,-4.36462,0.337091326713562,0.5979999899864197,0.11760000139474869
YDR059C,YOR069W,0,-4.3654327,0.33690139651298523,0.5979999899864197,0.1177000030875206
YNL039W,YBL103C,1,-4.366187,0.3372747600078583,0.5989999771118164,0.1177000030875206
YOR149C,YER160C,0,-4.3662004,0.33708497881889343,0.5989999771118164,0.11779999732971191
YMR227C,YDR079C-A,1,-4.367317,0.3374578058719635,0.6000000238418579,0.11779999732971191
YOR290C,YGL044C,0,-4.367543,0.3372681140899658,0.6000000238418579,0.11789999902248383
YDR362C,YKL028W,1,-4.3678427,0.3376404643058777,0.6010000109672546,0.11789999902248383
YBR258C,YLL003W,0,-4.3684006,0.33745086193084717,0.6010000109672546,0.11800000071525574
YDR103W,YKL125W,0,-4.36969,0.33726149797439575,0.6010000109672546,0.11810000240802765
YOR064C,YGR058W,0,-4.3700314,0.33707234263420105,0.6010000109672546,0.11819999665021896
YER022W,YKL144C,0,-4.370083,0.33688339591026306,0.6010000109672546,0.11829999834299088
YOR025W,YPR187W,0,-4.3707457,0.3366946876049042,0.6010000109672546,0.11840000003576279
YPL082C,YNL314W,1,-4.370755,0.33706608414649963,0.6019999980926514,0.11840000003576279
YNL222W,YDL108W,1,-4.3709354,0.3374370336532593,0.6029999852180481,0.11840000003576279
YMR164C,YJL203W,0,-4.3713007,0.3372483253479004,0.6029999852180481,0.1185000017285347
YOL067C,YMR236W,1,-4.3716116,0.33761876821517944,0.6039999723434448,0.1185000017285347
YNL218W,YHL007C,0,-4.371869,0.3374301791191101,0.6039999723434448,0.11860000342130661
YJR068W,YML071C,0,-4.3727674,0.3372417688369751,0.6039999723434448,0.11869999766349792
YDR354W,YJR032W,0,-4.372797,0.3370535671710968,0.6039999723434448,0.11879999935626984
YNL039W,YOL089C,1,-4.373131,0.33742332458496094,0.6050000190734863,0.11879999935626984
YOR035C,YIL063C,0,-4.37356,0.3372352421283722,0.6050000190734863,0.11890000104904175
YDR031W,YKR090W,0,-4.374466,0.33704736828804016,0.6050000190734863,0.11900000274181366
YDR195W,YDL190C,0,-4.3751135,0.33685970306396484,0.6050000190734863,0.11909999698400497
YBR123C,YCR042C,1,-4.3754253,0.3372287154197693,0.6060000061988831,0.11909999698400497
YAL009W,YNL122C,0,-4.3755503,0.3370411694049835,0.6060000061988831,0.11919999867677689
YPL202C,YOR194C,1,-4.3759794,0.3374096751213074,0.6069999933242798,0.11919999867677689
YOL067C,YBL103C,1,-4.376583,0.3377777636051178,0.6079999804496765,0.11919999867677689
YBR244W,YJR140C,0,-4.377037,0.33759021759033203,0.6079999804496765,0.1193000003695488
YCR020W-B,YDR346C,0,-4.3771706,0.337402880191803,0.6079999804496765,0.11940000206232071
YMR211W,YCL031C,0,-4.3783054,0.33721575140953064,0.6079999804496765,0.11949999630451202
YNL113W,YNL102W,0,-4.3789396,0.337028831243515,0.6079999804496765,0.11959999799728394
YER148W,YPL007C,1,-4.3790293,0.33739611506462097,0.609000027179718,0.11959999799728394
YPL122C,YPL177C,1,-4.379553,0.3377630114555359,0.6100000143051147,0.11959999799728394
YPR056W,YGL166W,1,-4.379987,0.3381294906139374,0.6110000014305115,0.11959999799728394
YER089C,YNR051C,0,-4.3804007,0.3379424810409546,0.6110000014305115,0.11969999969005585
YER172C,YMR012W,0,-4.3808527,0.3377556800842285,0.6110000014305115,0.11980000138282776
YLL008W,YIL140W,0,-4.381381,0.33756905794143677,0.6110000014305115,0.11990000307559967
YCR096C,YMR150C,0,-4.3818703,0.3373826742172241,0.6110000014305115,0.11999999731779099
YGL163C,YOL119C,0,-4.3825617,0.3371964693069458,0.6110000014305115,0.1200999990105629
YPR022C,YDR128W,0,-4.3836203,0.3370104730129242,0.6110000014305115,0.12020000070333481
YLR095C,YFL001W,0,-4.3838425,0.3368246853351593,0.6110000014305115,0.12030000239610672
YGL130W,YLR394W,0,-4.383978,0.3366391062736511,0.6110000014305115,0.12039999663829803
YJL101C,YOR353C,0,-4.383995,0.33645373582839966,0.6110000014305115,0.12049999833106995
YLR116W,YDR134C,0,-4.3840723,0.3362685739994049,0.6110000014305115,0.12060000002384186
YOL089C,YML069W,1,-4.384308,0.3366336524486542,0.6119999885559082,0.12060000002384186
YOR283W,YBR239C,0,-4.385172,0.336448609828949,0.6119999885559082,0.12070000171661377
YDL060W,YJL143W,0,-4.3855257,0.3362637460231781,0.6119999885559082,0.12080000340938568
YLL036C,YFL033C,0,-4.386464,0.33607909083366394,0.6119999885559082,0.120899997651577
YDR443C,YDR219C,0,-4.3880243,0.3358946144580841,0.6119999885559082,0.12099999934434891
YDL205C,YML065W,0,-4.388221,0.3357103765010834,0.6119999885559082,0.12110000103712082
YIL076W,YMR022W,0,-4.3882656,0.33552631735801697,0.6119999885559082,0.12120000272989273
YBR288C,YNL239W,0,-4.388403,0.3353424668312073,0.6119999885559082,0.12129999697208405
YNR011C,YNL323W,0,-4.389039,0.3351588249206543,0.6119999885559082,0.12139999866485596
YDR477W,YGL043W,0,-4.3894873,0.33497536182403564,0.6119999885559082,0.12150000035762787
YBR216C,YJR093C,0,-4.389511,0.3347921371459961,0.6119999885559082,0.12160000205039978
YOR043W,YPR081C,0,-4.389616,0.3346090614795685,0.6119999885559082,0.1216999962925911
YJL011C,YBL103C,1,-4.3901777,0.33497267961502075,0.6129999756813049,0.1216999962925911
YNL222W,YPL007C,1,-4.390401,0.3353358805179596,0.6140000224113464,0.1216999962925911
YFL002C,YGL206C,0,-4.3904686,0.33515283465385437,0.6140000224113464,0.121799997985363
YAL001C,YFL021W,1,-4.3906317,0.335515558719635,0.6150000095367432,0.121799997985363
YAR014C,YPR200C,0,-4.3910103,0.33533260226249695,0.6150000095367432,0.12189999967813492
YML080W,YDR248C,0,-4.3916264,0.3351498544216156,0.6150000095367432,0.12200000137090683
YPL127C,YPR073C,0,-4.392329,0.33496731519699097,0.6150000095367432,0.12210000306367874
YBR095C,YPR048W,0,-4.392461,0.33478498458862305,0.6150000095367432,0.12219999730587006
YBL074C,YDR498C,0,-4.3941307,0.33460283279418945,0.6150000095367432,0.12229999899864197
YOR116C,YML112W,0,-4.39429,0.3344208896160126,0.6150000095367432,0.12240000069141388
YER161C,YGR276C,0,-4.3950872,0.33423912525177,0.6150000095367432,0.12250000238418579
YEL015W,YMR228W,0,-4.395158,0.3340575695037842,0.6150000095367432,0.1225999966263771
YER174C,YNR061C,0,-4.3953104,0.33387622237205505,0.6150000095367432,0.12269999831914902
YML121W,YOR233W,0,-4.3953476,0.33369505405426025,0.6150000095367432,0.12280000001192093
YML015C,YPL202C,1,-4.395499,0.33405640721321106,0.6159999966621399,0.12280000001192093
YNR003C,YNL306W,0,-4.3967457,0.3338753283023834,0.6159999966621399,0.12290000170469284
YER173W,YHR156C,0,-4.3969812,0.3336944878101349,0.6159999966621399,0.12300000339746475
YBR167C,YER161C,0,-4.3969975,0.3335137963294983,0.6159999966621399,0.12309999763965607
YLR385C,YJL029C,0,-4.397434,0.3333333432674408,0.6159999966621399,0.12319999933242798
YPL202C,YDR311W,1,-4.397584,0.33369389176368713,0.6169999837875366,0.12319999933242798
YDL005C,YOR283W,0,-4.3976383,0.3335135281085968,0.6169999837875366,0.12330000102519989
YDR473C,YLL002W,0,-4.3980055,0.3333333432674408,0.6169999837875366,0.1234000027179718
YMR227C,YPL202C,1,-4.3982697,0.3336932957172394,0.6179999709129333,0.1234000027179718
YGL155W,YPL026C,0,-4.398443,0.3335132300853729,0.6179999709129333,0.12349999696016312
YDR051C,YBR081C,0,-4.3993998,0.3333333432674408,0.6179999709129333,0.12359999865293503
YLL008W,YOR127W,0,-4.3999186,0.333153635263443,0.6179999709129333,0.12370000034570694
YPL202C,YLR005W,1,-4.3999977,0.33351293206214905,0.6190000176429749,0.12370000034570694
YNR032W,YAL012W,0,-4.4010267,0.3333333432674408,0.6190000176429749,0.12380000203847885
YER022W,YCL075W,0,-4.4017477,0.33315393328666687,0.6190000176429749,0.12389999628067017
YOR151C,YGR074W,0,-4.4022923,0.33297473192214966,0.6190000176429749,0.12399999797344208
YBL055C,YBR167C,0,-4.4027987,0.3327957093715668,0.6190000176429749,0.12409999966621399
YBR223C,YDR222W,0,-4.403428,0.3326168656349182,0.6190000176429749,0.1242000013589859
YKR022C,YKL206C,0,-4.4038954,0.33243823051452637,0.6190000176429749,0.12430000305175781
YMR172W,YBR202W,0,-4.4047937,0.33225980401039124,0.6190000176429749,0.12439999729394913
YDR362C,YNL314W,1,-4.4066,0.33261802792549133,0.6200000047683716,0.12439999729394913
YNL236W,YKL053C-A,0,-4.406641,0.33243969082832336,0.6200000047683716,0.12449999898672104
YJL072C,YLR182W,0,-4.406665,0.3322615325450897,0.6200000047683716,0.12460000067949295
YPR108W,YDR356W,0,-4.406913,0.3320835530757904,0.6200000047683716,0.12470000237226486
YDR079C-A,YGL112C,1,-4.4070606,0.332441121339798,0.6209999918937683,0.12470000237226486
YLR129W,YER087C-B,0,-4.4076653,0.3322632312774658,0.6209999918937683,0.12479999661445618
YLR262C,YOR205C,0,-4.409178,0.3320855498313904,0.6209999918937683,0.12489999830722809
YPL172C,YDR429C,0,-4.4106016,0.33190807700157166,0.6209999918937683,0.125
YAL001C,YOL067C,1,-4.4111843,0.3322649598121643,0.621999979019165,0.125
YER171W,YDR460W,1,-4.411977,0.3326214551925659,0.6230000257492065,0.125
YBL084C,YAL016W,0,-4.412489,0.3324439823627472,0.6230000257492065,0.1251000016927719
YGR063C,YML007W,0,-4.412736,0.3322666585445404,0.6230000257492065,0.12520000338554382
YER171W,YPL011C,1,-4.412896,0.33262258768081665,0.6240000128746033,0.12520000338554382
YGL257C,YGR090W,0,-4.413059,0.3324453830718994,0.6240000128746033,0.12530000507831573
YGR274C,YMR236W,1,-4.4133396,0.33280086517333984,0.625,0.12530000507831573
YNL257C,YGL112C,1,-4.413397,0.33315593004226685,0.6259999871253967,0.12530000507831573
YDR362C,YGL207W,1,-4.4136295,0.3335106372833252,0.6269999742507935,0.12530000507831573
YML015C,YBR198C,1,-4.4141884,0.3338649570941925,0.628000020980835,0.12530000507831573
YIR015W,YPR125W,0,-4.414339,0.33368757367134094,0.628000020980835,0.12540000677108765
YNL257C,YMR227C,1,-4.414418,0.33404141664505005,0.6290000081062317,0.12540000677108765
YBR058C,YNL189W,0,-4.4146385,0.33386412262916565,0.6290000081062317,0.12549999356269836
YGR246C,YKL028W,1,-4.414714,0.33421751856803894,0.6299999952316284,0.12549999356269836
YML015C,YDR311W,1,-4.4151287,0.3345705270767212,0.6309999823570251,0.12549999356269836
YER045C,YDR311W,1,-4.4155645,0.3349231481552124,0.6320000290870667,0.12549999356269836
YJR068W,YML094W,0,-4.416109,0.33474576473236084,0.6320000290870667,0.12559999525547028
YJL011C,YCR042C,1,-4.4162893,0.33509793877601624,0.6330000162124634,0.12559999525547028
YPR160W,YCL019W,0,-4.4163666,0.33492064476013184,0.6330000162124634,0.1256999969482422
YDR440W,YML022W,0,-4.4164886,0.33474352955818176,0.6330000162124634,0.1257999986410141
YPL064C,YNL225C,0,-4.4165983,0.334566593170166,0.6330000162124634,0.125900000333786
YPL082C,YBL103C,1,-4.4171762,0.3349181115627289,0.6340000033378601,0.125900000333786
YDR253C,YJR144W,0,-4.417448,0.3347412943840027,0.6340000033378601,0.12600000202655792
YLL033W,YHR012W,0,-4.417493,0.3345646560192108,0.6340000033378601,0.12610000371932983
YMR227C,YBR198C,1,-4.4180117,0.3349156081676483,0.6349999904632568,0.12610000371932983
YMR201C,YNR039C,0,-4.418215,0.3347390592098236,0.6349999904632568,0.12620000541210175
YLR182W,YJL128C,0,-4.4182787,0.3345626890659332,0.6349999904632568,0.12630000710487366
YOR221C,YKL064W,0,-4.419054,0.33438652753829956,0.6349999904632568,0.12639999389648438
YJL176C,YLR129W,0,-4.4190865,0.33421051502227783,0.6349999904632568,0.1264999955892563
YBL036C,YGR223C,0,-4.419403,0.3340347111225128,0.6349999904632568,0.1265999972820282
YOR171C,YCR066W,0,-4.419574,0.33385908603668213,0.6349999904632568,0.1266999989748001
YDR017C,YBR176W,0,-4.4197187,0.33368366956710815,0.6349999904632568,0.12680000066757202
YPR186C,YAL001C,1,-4.4198637,0.3340336084365845,0.6359999775886536,0.12680000066757202
YLR105C,YDL225W,0,-4.4206657,0.33385828137397766,0.6359999775886536,0.12690000236034393
YLR376C,YPL244C,0,-4.4208584,0.3336831033229828,0.6359999775886536,0.12700000405311584
YBR170C,YKL170W,0,-4.4211807,0.33350813388824463,0.6359999775886536,0.12710000574588776
YJL011C,YPL011C,1,-4.4218493,0.3338574469089508,0.6370000243186951,0.12710000574588776
YDR452W,YER052C,0,-4.421917,0.3336825668811798,0.6370000243186951,0.12720000743865967
YMR244C-A,YBR014C,0,-4.421995,0.33350786566734314,0.6370000243186951,0.12729999423027039
YGR047C,YPL202C,1,-4.4223537,0.33385661244392395,0.6380000114440918,0.12729999423027039
YKL125W,YLR207W,0,-4.4228096,0.33368200063705444,0.6380000114440918,0.1273999959230423
YOL067C,YPR025C,1,-4.4230585,0.3340303301811218,0.6389999985694885,0.1273999959230423
YDR079C-A,YDL108W,1,-4.423197,0.33437827229499817,0.6399999856948853,0.1273999959230423
YMR228W,YAL013W,0,-4.4232416,0.33420366048812866,0.6399999856948853,0.1274999976158142
YGR033C,YNL005C,0,-4.4232864,0.3340292274951935,0.6399999856948853,0.12759999930858612
YMR188C,YKL064W,0,-4.4236603,0.3338549733161926,0.6399999856948853,0.12770000100135803
YGL207W,YPL082C,1,-4.423685,0.33420228958129883,0.640999972820282,0.12770000100135803
YDR485C,YDL136W,0,-4.4237366,0.33402812480926514,0.640999972820282,0.12780000269412994
YOL089C,YOR194C,1,-4.42406,0.3343749940395355,0.6420000195503235,0.12780000269412994
YPR186C,YOR194C,1,-4.4241333,0.33472150564193726,0.6430000066757202,0.12780000269412994
YKR048C,YDR206W,0,-4.4243927,0.33454734086990356,0.6430000066757202,0.12790000438690186
YMR240C,YDR096W,0,-4.4246063,0.3343733847141266,0.6430000066757202,0.12800000607967377
YLR385C,YER165W,0,-4.424877,0.33419957756996155,0.6430000066757202,0.12809999287128448
YGR281W,YKL200C,0,-4.425497,0.3340259790420532,0.6430000066757202,0.1281999945640564
YPL064C,YBL088C,0,-4.4258204,0.33385252952575684,0.6430000066757202,0.1282999962568283
YMR308C,YOL017W,0,-4.426096,0.33367928862571716,0.6430000066757202,0.12839999794960022
YPL011C,YOL067C,1,-4.4261007,0.33402490615844727,0.6439999938011169,0.12839999794960022
YMR070W,YPR135W,0,-4.426387,0.33385172486305237,0.6439999938011169,0.12849999964237213
YJR067C,YNL254C,0,-4.4267273,0.3336787521839142,0.6439999938011169,0.12860000133514404
YGR261C,YIL112W,0,-4.427109,0.3335059583187103,0.6439999938011169,0.12870000302791595
YDR138W,YGL029W,0,-4.4273233,0.3333333432674408,0.6439999938011169,0.12880000472068787
YPL177C,YMR227C,1,-4.4280214,0.3336782157421112,0.6449999809265137,0.12880000472068787
YLR051C,YDR316W,0,-4.4280777,0.33350569009780884,0.6449999809265137,0.12890000641345978
YJL074C,YJL157C,0,-4.42832,0.3333333432674408,0.6449999809265137,0.1289999932050705
YAL001C,YPL011C,1,-4.428835,0.3336776793003082,0.6460000276565552,0.1289999932050705
YGL207W,YOR194C,1,-4.429384,0.3340216875076294,0.6470000147819519,0.1289999932050705
YPL068C,YPL249C-A,0,-4.4300413,0.33384934067726135,0.6470000147819519,0.1290999948978424
YDL143W,YBR216C,0,-4.4305067,0.33367714285850525,0.6470000147819519,0.12919999659061432
YCR042C,YLR005W,1,-4.4306545,0.33402061462402344,0.6480000019073486,0.12919999659061432
YGR183C,YER154W,0,-4.431059,0.3338485360145569,0.6480000019073486,0.12929999828338623
YDR158W,YBR283C,0,-4.431161,0.33367663621902466,0.6480000019073486,0.12939999997615814
YBR236C,YDR034C,0,-4.4313602,0.33350488543510437,0.6480000019073486,0.12950000166893005
YHR156C,YLR142W,0,-4.4317265,0.3333333432674408,0.6480000019073486,0.12960000336170197
YDL170W,YPR111W,0,-4.431796,0.33316195011138916,0.6480000019073486,0.12970000505447388
YIL143C,YGR246C,1,-4.4319067,0.3335046172142029,0.6489999890327454,0.12970000505447388
YKR008W,YKL211C,0,-4.4324036,0.3333333432674408,0.6489999890327454,0.1298000067472458
YML005W,YDL225W,0,-4.433234,0.33316221833229065,0.6489999890327454,0.1298999935388565
YMR039C,YML028W,0,-4.433341,0.33299127221107483,0.6489999890327454,0.12999999523162842
YBR083W,YHR051W,0,-4.434059,0.33282050490379333,0.6489999890327454,0.13009999692440033
YJL104W,YMR270C,0,-4.434416,0.33264991641044617,0.6489999890327454,0.13019999861717224
YER045C,YDR167W,1,-4.435403,0.3329918086528778,0.6499999761581421,0.13019999861717224
YER171W,YGL166W,1,-4.4358444,0.3333333432674408,0.6510000228881836,0.13019999861717224
YDR171W,YJL140W,0,-4.436445,0.33316275477409363,0.6510000228881836,0.13030000030994415
YNL035C,YHR079C,0,-4.437644,0.3329923152923584,0.6510000228881836,0.13040000200271606
YDR079C-A,YOR194C,1,-4.437852,0.3333333432674408,0.6520000100135803,0.13040000200271606
YPL022W,YIL142W,0,-4.438773,0.33316299319267273,0.6520000100135803,0.13050000369548798
YNL039W,YDR079C-A,1,-4.438776,0.3335035741329193,0.652999997138977,0.13050000369548798
YOL021C,YMR046C,0,-4.4389143,0.3333333432674408,0.652999997138977,0.1306000053882599
YMR012W,YIL020C,0,-4.439231,0.3331632614135742,0.652999997138977,0.1307000070810318
YPL202C,YBL103C,1,-4.439849,0.3335033059120178,0.6539999842643738,0.1307000070810318
YDR510W,YDR446W,0,-4.4401493,0.3333333432674408,0.6539999842643738,0.13079999387264252
YLR141W,YOR326W,0,-4.440591,0.3331635296344757,0.6539999842643738,0.13089999556541443
YBR247C,YEL017C-A,0,-4.4409847,0.33299389481544495,0.6539999842643738,0.13099999725818634
YDL129W,YER161C,0,-4.441349,0.3328244388103485,0.6539999842643738,0.13109999895095825
YPR166C,YJL101C,0,-4.4415073,0.332655131816864,0.6539999842643738,0.13120000064373016
YGR247W,YPL084W,0,-4.4423466,0.33248603343963623,0.6539999842643738,0.13130000233650208
YML072C,YNL119W,0,-4.442589,0.3323170840740204,0.6539999842643738,0.131400004029274
YDR457W,YNL078W,0,-4.4428005,0.33214831352233887,0.6539999842643738,0.1315000057220459
YJL011C,YDR167W,1,-4.4429693,0.3324873149394989,0.6549999713897705,0.1315000057220459
YMR302C,YJL165C,0,-4.4432697,0.33231863379478455,0.6549999713897705,0.1316000074148178
YER162C,YDR279W,0,-4.4434958,0.33215010166168213,0.6549999713897705,0.13169999420642853
YPR056W,YAL001C,1,-4.444125,0.3324885964393616,0.656000018119812,0.13169999420642853
YOR025W,YGR280C,0,-4.44438,0.3323201537132263,0.656000018119812,0.13179999589920044
YOR138C,YER035W,0,-4.444415,0.3321518898010254,0.656000018119812,0.13189999759197235
YDR014W,YJR007W,0,-4.444606,0.3319838047027588,0.656000018119812,0.13199999928474426
YOL089C,YGR274C,1,-4.444665,0.3323217034339905,0.6570000052452087,0.13199999928474426
YDL056W,YDR506C,0,-4.4449196,0.33215367794036865,0.6570000052452087,0.13210000097751617
YPL204W,YKL125W,0,-4.4451046,0.33198586106300354,0.6570000052452087,0.13220000267028809
YBR012W-A,YPR111W,0,-4.445112,0.33181819319725037,0.6570000052452087,0.13230000436306
YOL057W,YPL157W,0,-4.4451303,0.33165067434310913,0.6570000052452087,0.1324000060558319
YLR276C,YNL078W,0,-4.445277,0.3314833641052246,0.6570000052452087,0.13249999284744263
YJL053W,YPL022W,0,-4.4457817,0.33131617307662964,0.6570000052452087,0.13259999454021454
YDR353W,YGR191W,0,-4.4460535,0.3311491906642914,0.6570000052452087,0.13269999623298645
YHR099W,YNL101W,0,-4.446148,0.33098235726356506,0.6570000052452087,0.13279999792575836
YOR290C,YCL069W,0,-4.4462996,0.33081570267677307,0.6570000052452087,0.13289999961853027
YJR043C,YIL026C,0,-4.446622,0.3306492269039154,0.6570000052452087,0.13300000131130219
YLR399C,YGR271C-A,0,-4.447015,0.3304829001426697,0.6570000052452087,0.1331000030040741
YOR070C,YDL028C,0,-4.447218,0.3303167521953583,0.6570000052452087,0.133200004696846
YOR038C,YDR096W,0,-4.447238,0.3301507532596588,0.6570000052452087,0.13330000638961792
YLR095C,YBR009C,0,-4.4474173,0.3299849331378937,0.6570000052452087,0.13339999318122864
YBR077C,YDR283C,0,-4.4476156,0.32981929183006287,0.6570000052452087,0.13349999487400055
YPL118W,YMR016C,0,-4.4484377,0.329653799533844,0.6570000052452087,0.13359999656677246
YGL168W,YOR205C,0,-4.4488077,0.32948845624923706,0.6570000052452087,0.13369999825954437
YGR274C,YAL001C,1,-4.4488926,0.3298245668411255,0.6579999923706055,0.13369999825954437
YOR141C,YNL238W,0,-4.4492874,0.3296593129634857,0.6579999923706055,0.13379999995231628
YDL170W,YKR002W,0,-4.450137,0.3294942378997803,0.6579999923706055,0.1339000016450882
YDR139C,YDR320C,0,-4.450262,0.32932934165000916,0.6579999923706055,0.1340000033378601
YLL008W,YLR238W,0,-4.4514637,0.32916459441185,0.6579999923706055,0.13410000503063202
YNL091W,YDR461W,0,-4.4517574,0.32899999618530273,0.6579999923706055,0.13420000672340393
YML121W,YLL005C,0,-4.452386,0.3288355767726898,0.6579999923706055,0.13429999351501465
YPL122C,YGL166W,1,-4.4529552,0.329170823097229,0.6589999794960022,0.13429999351501465
YPR070W,YCR097W,0,-4.4537954,0.32900649309158325,0.6589999794960022,0.13439999520778656
YEL015W,YHR070W,0,-4.45465,0.32884231209754944,0.6589999794960022,0.13449999690055847
YMR267W,YBR247C,0,-4.456029,0.32867830991744995,0.6589999794960022,0.13459999859333038
YGR071C,YDR322C-A,0,-4.456151,0.3285144567489624,0.6589999794960022,0.1347000002861023
YDR354W,YLR213C,0,-4.456189,0.3283507823944092,0.6589999794960022,0.1348000019788742
YDR363W-A,YOR141C,0,-4.4563313,0.3281872570514679,0.6589999794960022,0.13490000367164612
YNL314W,YBL103C,1,-4.4565496,0.32852163910865784,0.6600000262260437,0.13490000367164612
YNL110C,YER140W,0,-4.456627,0.3283582031726837,0.6600000262260437,0.13500000536441803
YDR245W,YCR028C,0,-4.4573755,0.32819491624832153,0.6600000262260437,0.13510000705718994
YJL011C,YGR274C,1,-4.45792,0.32852882146835327,0.6610000133514404,0.13510000705718994
YHR085W,YGR277C,0,-4.4579678,0.32836562395095825,0.6610000133514404,0.13519999384880066
YHR046C,YLR170C,0,-4.458191,0.32820257544517517,0.6610000133514404,0.13529999554157257
YML069W,YMR236W,1,-4.458848,0.3285359740257263,0.6620000004768372,0.13529999554157257
YGR109W-B,YGL205W,0,-4.45918,0.3283730149269104,0.6620000004768372,0.13539999723434448
YER013W,YDR368W,0,-4.4605303,0.3282102048397064,0.6620000004768372,0.1354999989271164
YGL038C,YKR006C,0,-4.4610367,0.32804757356643677,0.6620000004768372,0.1356000006198883
YFL021W,YKL028W,1,-4.461049,0.32838037610054016,0.6629999876022339,0.1356000006198883
YKL082C,YHR061C,0,-4.46115,0.32821783423423767,0.6629999876022339,0.13570000231266022
YMR280C,YEL012W,0,-4.461852,0.32805541157722473,0.6629999876022339,0.13580000400543213
YFL021W,YBL103C,1,-4.46204,0.3283877372741699,0.6639999747276306,0.13580000400543213
YHR200W,YNL151C,0,-4.4625883,0.32822540402412415,0.6639999747276306,0.13590000569820404
YNL261W,YOR243C,0,-4.4626207,0.3280632495880127,0.6639999747276306,0.13600000739097595
YKL116C,YMR036C,0,-4.462736,0.3279012441635132,0.6639999747276306,0.13609999418258667
YFR013W,YDL246C,0,-4.4627514,0.3277393877506256,0.6639999747276306,0.13619999587535858
YGR195W,YPR191W,0,-4.462929,0.32757771015167236,0.6639999747276306,0.1362999975681305
YIL143C,YDR079C-A,1,-4.463422,0.3279092609882355,0.6650000214576721,0.1362999975681305
YER173W,YMR251W-A,0,-4.4639273,0.3277476727962494,0.6650000214576721,0.1363999992609024
YHR011W,YPR187W,0,-4.464264,0.32758620381355286,0.6650000214576721,0.13650000095367432
YOL068C,YOR308C,0,-4.4644623,0.32742491364479065,0.6650000214576721,0.13660000264644623
YPR108W,YOL148C,0,-4.464699,0.3272637724876404,0.6650000214576721,0.13670000433921814
YOL115W,YKL174C,0,-4.464717,0.32710281014442444,0.6650000214576721,0.13680000603199005
YDR390C,YOR226C,0,-4.4649534,0.32694199681282043,0.6650000214576721,0.13689999282360077
YOL038W,YLR132C,0,-4.465146,0.32678133249282837,0.6650000214576721,0.13699999451637268
YPL122C,YGR186W,1,-4.4652996,0.32711198925971985,0.6660000085830688,0.13699999451637268
YCR042C,YMR236W,1,-4.465707,0.32744231820106506,0.6669999957084656,0.13699999451637268
YGR047C,YNL039W,1,-4.4660234,0.327772319316864,0.6679999828338623,0.13699999451637268
YHR166C,YBR228W,0,-4.467184,0.3276115655899048,0.6679999828338623,0.1370999962091446
YHR086W,YHR178W,0,-4.4677753,0.3274509906768799,0.6679999828338623,0.1371999979019165
YKL059C,YGR216C,0,-4.4686184,0.32729053497314453,0.6679999828338623,0.13729999959468842
YLR028C,YGL178W,0,-4.4686184,0.3271302580833435,0.6679999828338623,0.13740000128746033
YGR262C,YHL009C,0,-4.4687996,0.3269701302051544,0.6679999828338623,0.13750000298023224
YNL257C,YER148W,1,-4.4689274,0.32729941606521606,0.6690000295639038,0.13750000298023224
YBR095C,YOL068C,0,-4.4691324,0.32713937759399414,0.6690000295639038,0.13760000467300415
YBR030W,YDR466W,0,-4.4692173,0.32697945833206177,0.6690000295639038,0.13770000636577606
YOL138C,YJL204C,0,-4.469247,0.3268197476863861,0.6690000295639038,0.13779999315738678
YER089C,YDR393W,0,-4.4694395,0.32666015625,0.6690000295639038,0.1378999948501587
YPL064C,YMR128W,0,-4.4695845,0.3265007436275482,0.6690000295639038,0.1379999965429306
YDL044C,YLR192C,0,-4.4705877,0.326341450214386,0.6690000295639038,0.13809999823570251
YNL257C,YER171W,1,-4.4708986,0.32666993141174316,0.6700000166893005,0.13809999823570251
YKL059C,YER068W,0,-4.4712944,0.3265107274055481,0.6700000166893005,0.13819999992847443
YJL011C,YPL007C,1,-4.471443,0.32683876156806946,0.6710000038146973,0.13819999992847443
YDR202C,YBR200W,0,-4.473461,0.32667964696884155,0.6710000038146973,0.13830000162124634
YKL173W,YBR260C,0,-4.473611,0.3265206813812256,0.6710000038146973,0.13840000331401825
YMR100W,YBR176W,0,-4.4740133,0.32636186480522156,0.6710000038146973,0.13850000500679016
YLR191W,YDR245W,0,-4.4743204,0.32620319724082947,0.6710000038146973,0.13860000669956207
YOR118W,YFL009W,0,-4.4743595,0.3260447084903717,0.6710000038146973,0.1386999934911728
YBR215W,YOR295W,0,-4.4744587,0.3258863389492035,0.6710000038146973,0.1387999951839447
YFL008W,YKL211C,0,-4.4752817,0.3257281482219696,0.6710000038146973,0.1388999968767166
YER087C-A,YCR057C,0,-4.475421,0.32557010650634766,0.6710000038146973,0.13899999856948853
YHR207C,YLR145W,0,-4.4758816,0.32541221380233765,0.6710000038146973,0.13910000026226044
YDR523C,YDR306C,0,-4.4770164,0.3252544701099396,0.6710000038146973,0.13920000195503235
YDR448W,YOL157C,0,-4.4771748,0.32509690523147583,0.6710000038146973,0.13930000364780426
YFL021W,YGR186W,1,-4.477357,0.3254237174987793,0.671999990940094,0.13930000364780426
YDR014W,YMR134W,0,-4.4774,0.3252662122249603,0.671999990940094,0.13940000534057617
YPR187W,YLR283W,0,-4.4775085,0.3251088559627533,0.671999990940094,0.13950000703334808
YNL293W,YBL060W,0,-4.4776297,0.3249516487121582,0.671999990940094,0.1395999938249588
YMR061W,YOR349W,0,-4.4776793,0.32479459047317505,0.671999990940094,0.1396999955177307
YMR240C,YGR157W,0,-4.478121,0.32463768124580383,0.671999990940094,0.13979999721050262
YGR246C,YPL082C,1,-4.478444,0.32496377825737,0.6729999780654907,0.13979999721050262
YOR194C,YDR311W,1,-4.4785976,0.3252895772457123,0.6740000247955322,0.13979999721050262
YGR274C,YFL021W,1,-4.4787006,0.3256150484085083,0.675000011920929,0.13979999721050262
YER013W,YGR162W,0,-4.47933,0.3254580497741699,0.675000011920929,0.13989999890327454
YIL046W,YKR044W,0,-4.4793787,0.3253012001514435,0.675000011920929,0.14000000059604645
YOL142W,YPL065W,0,-4.4799376,0.325144499540329,0.675000011920929,0.14010000228881836
YNL021W,YNL189W,0,-4.4809427,0.3249879777431488,0.675000011920929,0.14020000398159027
YGR063C,YDR016C,0,-4.482353,0.3248315751552582,0.675000011920929,0.14030000567436218
YNL136W,YDL170W,0,-4.4823914,0.3246753215789795,0.675000011920929,0.1404000073671341
YFR021W,YPL214C,0,-4.4827633,0.32451921701431274,0.675000011920929,0.1404999941587448
YOR209C,YBR141C,0,-4.4831257,0.3243632912635803,0.675000011920929,0.14059999585151672
YOL054W,YJL198W,0,-4.4833097,0.32420748472213745,0.675000011920929,0.14069999754428864
YMR285C,YLR268W,0,-4.484002,0.3240518569946289,0.675000011920929,0.14079999923706055
YML095C,YER016W,0,-4.4841204,0.3238963484764099,0.675000011920929,0.14090000092983246
YOL100W,YBR199W,0,-4.4847736,0.32374101877212524,0.675000011920929,0.14100000262260437
YER045C,YIL143C,1,-4.485238,0.3240652084350586,0.6759999990463257,0.14100000262260437
YCL061C,YLR081W,0,-4.4858427,0.3239099085330963,0.6759999990463257,0.14110000431537628
YOL107W,YKL112W,0,-4.4869976,0.32375478744506836,0.6759999990463257,0.1412000060081482
YBR030W,YLR107W,0,-4.4874706,0.32359981536865234,0.6759999990463257,0.1412999927997589
YML093W,YPL078C,0,-4.4875975,0.3234449625015259,0.6759999990463257,0.14139999449253082
YJL090C,YDR219C,0,-4.488023,0.32329028844833374,0.6759999990463257,0.14149999618530273
YKL049C,YJL187C,0,-4.4882097,0.32313576340675354,0.6759999990463257,0.14159999787807465
YHR101C,YDR423C,0,-4.488221,0.3229813575744629,0.6759999990463257,0.14169999957084656
YLR105C,YMR014W,0,-4.4882545,0.32282713055610657,0.6759999990463257,0.14180000126361847
YDL080C,YCR047C,0,-4.488366,0.3226730227470398,0.6759999990463257,0.14190000295639038
YHR077C,YLR418C,0,-4.488991,0.32251909375190735,0.6759999990463257,0.1420000046491623
YOL102C,YJL033W,0,-4.489175,0.32236528396606445,0.6759999990463257,0.1421000063419342
YDR409W,YHR076W,0,-4.4892178,0.3222116231918335,0.6759999990463257,0.14219999313354492
YDL074C,YFR036W,0,-4.490096,0.3220581114292145,0.6759999990463257,0.14229999482631683
YER045C,YDR362C,1,-4.4908037,0.3223809599876404,0.6769999861717224,0.14229999482631683
YML095C,YJR149W,0,-4.4908934,0.32222750782966614,0.6769999861717224,0.14239999651908875
YKR046C,YMR043W,0,-4.491085,0.32207420468330383,0.6769999861717224,0.14249999821186066
YGR063C,YML056C,0,-4.491268,0.32192105054855347,0.6769999861717224,0.14259999990463257
YPL202C,YGR246C,1,-4.4917116,0.322243332862854,0.6779999732971191,0.14259999990463257
YOR138C,YLR319C,0,-4.49177,0.3220902681350708,0.6779999732971191,0.14270000159740448
YGL162W,YLR272C,0,-4.4917774,0.32193732261657715,0.6779999732971191,0.1428000032901764
YIL063C,YBR264C,0,-4.491987,0.32178452610969543,0.6779999732971191,0.1429000049829483
YPR200C,YDR147W,0,-4.492282,0.32163187861442566,0.6779999732971191,0.14300000667572021
YCR094W,YJL124C,0,-4.4923143,0.3214793801307678,0.6779999732971191,0.14309999346733093
YOR028C,YBL088C,0,-4.4930143,0.32132700085639954,0.6779999732971191,0.14319999516010284
YLR210W,YJR015W,0,-4.4932957,0.3211748003959656,0.6779999732971191,0.14329999685287476
YCR037C,YML006C,0,-4.493409,0.32102271914482117,0.6779999732971191,0.14339999854564667
YMR316W,YKL124W,0,-4.4934607,0.3208707869052887,0.6779999732971191,0.14350000023841858
YOR293W,YBL097W,0,-4.494355,0.32071900367736816,0.6779999732971191,0.1436000019311905
YMR236W,YDR311W,1,-4.4945908,0.32104018330574036,0.6790000200271606,0.1436000019311905
YBR236C,YBR199W,0,-4.4946003,0.3208884596824646,0.6790000200271606,0.1437000036239624
YAL001C,YNL314W,1,-4.494648,0.32120925188064575,0.6800000071525574,0.1437000036239624
YGR071C,YDR465C,0,-4.494815,0.32105758786201477,0.6800000071525574,0.14380000531673431
YIL157C,YOL112W,0,-4.4950047,0.3209061026573181,0.6800000071525574,0.14390000700950623
YOR373W,YPR033C,0,-4.495159,0.3207547068595886,0.6800000071525574,0.14399999380111694
YGR274C,YNL314W,1,-4.495178,0.3210749626159668,0.6809999942779541,0.14399999380111694
YDR211W,YOL018C,0,-4.495556,0.32092365622520447,0.6809999942779541,0.14409999549388885
YDR448W,YGL168W,0,-4.4968567,0.3207724988460541,0.6809999942779541,0.14419999718666077
YJR105W,YGL123W,0,-4.4975843,0.32062146067619324,0.6809999942779541,0.14429999887943268
YML072C,YLR340W,0,-4.497731,0.3204706013202667,0.6809999942779541,0.1444000005722046
YOR043W,YIL091C,0,-4.4977837,0.32031986117362976,0.6809999942779541,0.1445000022649765
YOR360C,YOR322C,0,-4.4980373,0.32016924023628235,0.6809999942779541,0.1446000039577484
YLR399C,YMR164C,0,-4.4981194,0.32001879811286926,0.6809999942779541,0.14470000565052032
YJL047C,YJL213W,0,-4.498457,0.3198684751987457,0.6809999942779541,0.14480000734329224
YDL130W,YIL157C,0,-4.4985695,0.31971830129623413,0.6809999942779541,0.14489999413490295
YPR082C,YHR036W,0,-4.499305,0.3195682764053345,0.6809999942779541,0.14499999582767487
YDR182W,YDR483W,0,-4.4996185,0.31941840052604675,0.6809999942779541,0.14509999752044678
YGL046W,YGL044C,0,-4.500473,0.3192686438560486,0.6809999942779541,0.1451999992132187
YLR206W,YOR299W,0,-4.5019674,0.31911903619766235,0.6809999942779541,0.1453000009059906
YML015C,YGL166W,1,-4.5027056,0.3194379508495331,0.6819999814033508,0.1453000009059906
YML104C,YDR082W,0,-4.503104,0.3192884027957916,0.6819999814033508,0.1454000025987625
YDL197C,YLL054C,0,-4.5032854,0.3191389739513397,0.6819999814033508,0.14550000429153442
YDR081C,YDR334W,0,-4.503703,0.31898972392082214,0.6819999814033508,0.14560000598430634
YOR339C,YGR002C,0,-4.5037556,0.3188405930995941,0.6819999814033508,0.14569999277591705
YNL330C,YPL012W,0,-4.5038195,0.31869158148765564,0.6819999814033508,0.14579999446868896
YIR011C,YHR184W,0,-4.504813,0.3185427486896515,0.6819999814033508,0.14589999616146088
YPR032W,YBL017C,0,-4.5048323,0.3183940351009369,0.6819999814033508,0.1459999978542328
YNL308C,YKL041W,0,-4.505869,0.31824544072151184,0.6819999814033508,0.1460999995470047
YNL231C,YER168C,0,-4.5058994,0.3180970251560211,0.6819999814033508,0.1462000012397766
YIL143C,YLR005W,1,-4.506016,0.31841492652893066,0.6830000281333923,0.1462000012397766
YJR045C,YDR532C,0,-4.506035,0.31826654076576233,0.6830000281333923,0.14630000293254852
YER045C,YGL166W,1,-4.5060863,0.3185840845108032,0.6840000152587891,0.14630000293254852
YOR058C,YNL323W,0,-4.5061245,0.31843575835227966,0.6840000152587891,0.14640000462532043
YOR279C,YPL068C,0,-4.5063047,0.31828758120536804,0.6840000152587891,0.14650000631809235
YLR270W,YKL170W,0,-4.506547,0.31813952326774597,0.6840000152587891,0.14659999310970306
YOR274W,YDR297W,0,-4.5067425,0.3179916441440582,0.6840000152587891,0.14669999480247498
YIL150C,YJL080C,0,-4.507263,0.31784385442733765,0.6840000152587891,0.1467999964952469
YHR166C,YNL281W,0,-4.508337,0.3176962435245514,0.6840000152587891,0.1468999981880188
YPL256C,YER025W,0,-4.5089293,0.3175487518310547,0.6840000152587891,0.1469999998807907
YDR404C,YNL192W,0,-4.508952,0.31740137934684753,0.6840000152587891,0.14710000157356262
YDR079C-A,YGL207W,1,-4.5104494,0.3177179992198944,0.6850000023841858,0.14710000157356262
YFR037C,YIL002C,0,-4.5104904,0.31757068634033203,0.6850000023841858,0.14720000326633453
YOR017W,YKL176C,0,-4.5105143,0.317423552274704,0.6850000023841858,0.14730000495910645
YJR067C,YIL026C,0,-4.5105476,0.3172765076160431,0.6850000023841858,0.14740000665187836
YBL036C,YER147C,0,-4.5110874,0.31712964177131653,0.6850000023841858,0.14749999344348907
YPR056W,YGL112C,1,-4.511181,0.31744563579559326,0.6859999895095825,0.14749999344348907
YMR312W,YJL081C,0,-4.5112047,0.3172987997531891,0.6859999895095825,0.147599995136261
YDR416W,YNL107W,0,-4.511652,0.31715211272239685,0.6859999895095825,0.1476999968290329
YNL257C,YGL207W,1,-4.512208,0.31746765971183777,0.6869999766349792,0.1476999968290329
YDL064W,YML087C,0,-4.5126944,0.3173210024833679,0.6869999766349792,0.1477999985218048
YBL079W,YGR058W,0,-4.5129404,0.3171745240688324,0.6869999766349792,0.14790000021457672
YOL089C,YJL011C,1,-4.512989,0.3174896240234375,0.6880000233650208,0.14790000021457672
YDR499W,YEL017C-A,0,-4.513006,0.31734317541122437,0.6880000233650208,0.14800000190734863
YGR047C,YDR079C-A,1,-4.5135365,0.3176579177379608,0.6890000104904175,0.14800000190734863
YLR144C,YCR053W,0,-4.514474,0.31751152873039246,0.6890000104904175,0.14810000360012054
YLR452C,YBR009C,0,-4.5147495,0.31736525893211365,0.6890000104904175,0.14820000529289246
YDR051C,YDR030C,0,-4.515414,0.3172191381454468,0.6890000104904175,0.14830000698566437
YOR017W,YER025W,0,-4.51628,0.31707316637039185,0.6890000104904175,0.14839999377727509
YOL080C,YNL177C,0,-4.5165462,0.31692731380462646,0.6890000104904175,0.148499995470047
YKR024C,YPR204W,0,-4.516631,0.316781610250473,0.6890000104904175,0.1485999971628189
YPL057C,YJL044C,0,-4.516692,0.31663602590560913,0.6890000104904175,0.14869999885559082
YDL020C,YBR081C,0,-4.516753,0.3164905905723572,0.6890000104904175,0.14880000054836273
YBL018C,YMR127C,0,-4.5169125,0.3163452744483948,0.6890000104904175,0.14890000224113464
YKL139W,YLR045C,0,-4.517173,0.3162000775337219,0.6890000104904175,0.14900000393390656
YGL227W,YML051W,0,-4.5177107,0.3160550594329834,0.6890000104904175,0.14910000562667847
YMR114C,YOL090W,0,-4.5177746,0.31591013073921204,0.6890000104904175,0.14920000731945038
YDR473C,YIR022W,0,-4.5177803,0.3157653510570526,0.6890000104904175,0.1492999941110611
YGR156W,YOR290C,0,-4.5182095,0.31562069058418274,0.6890000104904175,0.149399995803833
YML010W,YDR324C,0,-4.5184364,0.3154761791229248,0.6890000104904175,0.14949999749660492
YBL036C,YCR039C,0,-4.5193834,0.3153318166732788,0.6890000104904175,0.14959999918937683
YGR047C,YPR025C,1,-4.5197496,0.3156450092792511,0.6899999976158142,0.14959999918937683
YDR195W,YKR009C,0,-4.5197687,0.3155006766319275,0.6899999976158142,0.14970000088214874
YGR274C,YLR005W,1,-4.5197973,0.3158135414123535,0.6909999847412109,0.14970000088214874
YGL019W,YFR045W,0,-4.519949,0.3156692683696747,0.6909999847412109,0.14980000257492065
YPL202C,YPL129W,1,-4.5202103,0.31598174571990967,0.6919999718666077,0.14980000257492065
YLR163C,YDL194W,0,-4.5202217,0.3158375024795532,0.6919999718666077,0.14990000426769257
YBR142W,YDR239C,0,-4.5202446,0.3156934380531311,0.6919999718666077,0.15000000596046448
YAR014C,YCR097W,0,-4.5202694,0.31554946303367615,0.6919999718666077,0.1500999927520752
YAL029C,YGL210W,0,-4.520833,0.31540563702583313,0.6919999718666077,0.1501999944448471
YNL222W,YPL202C,1,-4.521456,0.31571754813194275,0.6930000185966492,0.1501999944448471
YPL022W,YDR485C,0,-4.522294,0.3155737817287445,0.6930000185966492,0.15029999613761902
YGR274C,YOL067C,1,-4.522706,0.3158853054046631,0.6940000057220459,0.15029999613761902
YNL098C,YNL291C,0,-4.523921,0.31574156880378723,0.6940000057220459,0.15039999783039093
YDR047W,YMR128W,0,-4.5246696,0.3155980110168457,0.6940000057220459,0.15049999952316284
YPL177C,YLR005W,1,-4.524688,0.31590908765792847,0.6949999928474426,0.15049999952316284
YDR123C,YKL074C,0,-4.525242,0.3157655596733093,0.6949999928474426,0.15060000121593475
YNR011C,YAL062W,0,-4.525322,0.31562215089797974,0.6949999928474426,0.15070000290870667
YOR290C,YNL080C,0,-4.525775,0.3154788911342621,0.6949999928474426,0.15080000460147858
YER174C,YAR007C,0,-4.525837,0.315335750579834,0.6949999928474426,0.1509000062942505
YBR081C,YPL157W,0,-4.526581,0.31519272923469543,0.6949999928474426,0.1509999930858612
YDR376W,YFL050C,0,-4.527173,0.3150498569011688,0.6949999928474426,0.15109999477863312
YML069W,YOL067C,1,-4.5271807,0.3153602182865143,0.6959999799728394,0.15109999477863312
YDR376W,YDR030C,0,-4.5276966,0.31521740555763245,0.6959999799728394,0.15119999647140503
YNL008C,YNL299W,0,-4.5299253,0.3150746822357178,0.6959999799728394,0.15129999816417694
YMR044W,YNL078W,0,-4.529949,0.3149321377277374,0.6959999799728394,0.15139999985694885
YPL122C,YER171W,1,-4.5307093,0.3152419626712799,0.6970000267028809,0.15139999985694885
YOL102C,YBL060W,0,-4.530958,0.31509944796562195,0.6970000267028809,0.15150000154972076
YFR013W,YBL079W,0,-4.531226,0.3149570822715759,0.6970000267028809,0.15160000324249268
YNL290W,YNL185C,0,-4.531392,0.31481480598449707,0.6970000267028809,0.1517000049352646
YOL030W,YER050C,0,-4.531478,0.31467267870903015,0.6970000267028809,0.1518000066280365
YJR014W,YDR424C,0,-4.5315685,0.31453070044517517,0.6970000267028809,0.15189999341964722
YDR338C,YDR400W,0,-4.5319977,0.31438881158828735,0.6970000267028809,0.15199999511241913
YDR103W,YGL254W,0,-4.532296,0.3142470717430115,0.6970000267028809,0.15209999680519104
YOL067C,YOR194C,1,-4.5328665,0.3145560920238495,0.6980000138282776,0.15209999680519104
YPR186C,YGL207W,1,-4.5332766,0.3148648738861084,0.6990000009536743,0.15209999680519104
YIR008C,YOR038C,0,-4.5335913,0.31472310423851013,0.6990000009536743,0.15219999849796295
YHR057C,YMR005W,0,-4.5336285,0.3145814538002014,0.6990000009536743,0.15230000019073486
YGL128C,YPR042C,0,-4.533922,0.31443995237350464,0.6990000009536743,0.15240000188350677
YNL032W,YDR296W,0,-4.5346413,0.3142985701560974,0.6990000009536743,0.1525000035762787
YLR117C,YIL026C,0,-4.5357714,0.31415730714797974,0.6990000009536743,0.1526000052690506
YGR274C,YDR079C-A,1,-4.5358105,0.31446540355682373,0.699999988079071,0.1526000052690506
YOL115W,YPR041W,0,-4.5359917,0.31432420015335083,0.699999988079071,0.1527000069618225
YFL008W,YLR449W,0,-4.536269,0.3141831159591675,0.699999988079071,0.15279999375343323
YCL011C,YML051W,0,-4.536624,0.31404218077659607,0.699999988079071,0.15289999544620514
YDL236W,YHL012W,0,-4.536792,0.3139013350009918,0.699999988079071,0.15299999713897705
YNL015W,YBR273C,0,-4.537364,0.3137606382369995,0.699999988079071,0.15309999883174896
YFL021W,YPR025C,1,-4.5377426,0.31406810879707336,0.7009999752044678,0.15309999883174896
YBR215W,YDL121C,0,-4.538232,0.31392744183540344,0.7009999752044678,0.15320000052452087
YPL122C,YBR198C,1,-4.538658,0.31423455476760864,0.7020000219345093,0.15320000052452087
YPL082C,YPL011C,1,-4.5392904,0.31454139947891235,0.703000009059906,0.15320000052452087
YNL206C,YNL085W,0,-4.5393133,0.31440070271492004,0.703000009059906,0.15330000221729279
YKL189W,YGL150C,0,-4.5396767,0.31426018476486206,0.703000009059906,0.1534000039100647
YBL084C,YNL077W,0,-4.539892,0.31411975622177124,0.703000009059906,0.1535000056028366
YLL036C,YCL032W,0,-4.540127,0.31397944688796997,0.703000009059906,0.15360000729560852
YOR131C,YHR178W,0,-4.54117,0.31383928656578064,0.703000009059906,0.15369999408721924
YGR186W,YOR194C,1,-4.541231,0.3141454756259918,0.7039999961853027,0.15369999408721924
YJR051W,YCR039C,0,-4.5419693,0.3140053451061249,0.7039999961853027,0.15379999577999115
YCL020W,YPR144C,0,-4.5424347,0.3138653635978699,0.7039999961853027,0.15389999747276306
YJR068W,YGL212W,0,-4.5426626,0.3137255012989044,0.7039999961853027,0.15399999916553497
YGR071C,YDR196C,0,-4.5431395,0.3135857582092285,0.7039999961853027,0.15410000085830688
YOR038C,YGR281W,0,-4.5437174,0.31344613432884216,0.7039999961853027,0.1542000025510788
YNL257C,YIL143C,1,-4.5437174,0.3137516677379608,0.7049999833106995,0.1542000025510788
YPL177C,YAL001C,1,-4.543782,0.314056932926178,0.7059999704360962,0.1542000025510788
YNL257C,YKL028W,1,-4.5441227,0.31436192989349365,0.7070000171661377,0.1542000025510788
YBR276C,YFL023W,0,-4.544833,0.31422221660614014,0.7070000171661377,0.1543000042438507
YDL101C,YLL039C,0,-4.545472,0.31408262252807617,0.7070000171661377,0.15440000593662262
YMR167W,YHL007C,0,-4.545744,0.31394314765930176,0.7070000171661377,0.15449999272823334
YOL067C,YGR186W,1,-4.545828,0.31424766778945923,0.7080000042915344,0.15449999272823334
YML015C,YPR056W,1,-4.5462303,0.3145519196987152,0.7089999914169312,0.15449999272823334
YDR079C-A,YBR198C,1,-4.546546,0.3148558735847473,0.7099999785423279,0.15449999272823334
YNL316C,YKL108W,0,-4.5466814,0.31471630930900574,0.7099999785423279,0.15459999442100525
YJL082W,YIL031W,0,-4.54745,0.3145768642425537,0.7099999785423279,0.15469999611377716
YDR265W,YGL130W,0,-4.548049,0.3144375681877136,0.7099999785423279,0.15479999780654907
YGR238C,YDR001C,0,-4.548422,0.3142983615398407,0.7099999785423279,0.15489999949932098
YLR385C,YLR237W,0,-4.5486393,0.3141593039035797,0.7099999785423279,0.1550000011920929
YER148W,YDR460W,1,-4.548666,0.3144626319408417,0.7110000252723694,0.1550000011920929
YGL035C,YJR129C,0,-4.549247,0.3143236041069031,0.7110000252723694,0.1551000028848648
YPL122C,YGL112C,1,-4.5494127,0.3146266043186188,0.7120000123977661,0.1551000028848648
YPL252C,YGR238C,0,-4.5496416,0.31448763608932495,0.7120000123977661,0.15520000457763672
YAL029C,YMR113W,0,-4.5498114,0.3143487870693207,0.7120000123977661,0.15530000627040863
YGR192C,YPL032C,0,-4.5499287,0.31421005725860596,0.7120000123977661,0.15539999306201935
YPL082C,YPL007C,1,-4.5500317,0.31451258063316345,0.7129999995231628,0.15539999306201935
YDR279W,YKL071W,0,-4.5504704,0.3143739104270935,0.7129999995231628,0.15549999475479126
YER045C,YBL103C,1,-4.5505095,0.31467607617378235,0.7139999866485596,0.15549999475479126
YDR404C,YMR269W,0,-4.5509624,0.3145374357700348,0.7139999866485596,0.15559999644756317
YML046W,YHR065C,0,-4.551074,0.31439894437789917,0.7139999866485596,0.15569999814033508
YNL139C,YKR022C,0,-4.551175,0.3142605721950531,0.7139999866485596,0.155799999833107
YGL210W,YDR143C,0,-4.5512476,0.3141223192214966,0.7139999866485596,0.1559000015258789
YFL021W,YMR236W,1,-4.5512753,0.31442391872406006,0.7149999737739563,0.1559000015258789
YCR042C,YDR362C,1,-4.551524,0.31472527980804443,0.7160000205039978,0.1559000015258789
YGL163C,YOR313C,0,-4.551543,0.3145869970321655,0.7160000205039978,0.15600000321865082
YMR078C,YBR096W,0,-4.552044,0.31444883346557617,0.7160000205039978,0.15610000491142273
YGL086W,YDR483W,0,-4.5520535,0.31431078910827637,0.7160000205039978,0.15620000660419464
YHR031C,YGR125W,0,-4.552104,0.3141728937625885,0.7160000205039978,0.15629999339580536
YGL207W,YGR246C,1,-4.5541887,0.3144736886024475,0.7170000076293945,0.15629999339580536
YML032C,YPL108W,0,-4.554201,0.31433582305908203,0.7170000076293945,0.15639999508857727
YGR013W,YMR154C,0,-4.5554647,0.3141980767250061,0.7170000076293945,0.15649999678134918
YBR282W,YKL135C,0,-4.5557327,0.3140604496002197,0.7170000076293945,0.1565999984741211
YBR175W,YHR135C,0,-4.556138,0.3139229416847229,0.7170000076293945,0.156700000166893
YOR208W,YLR357W,0,-4.5561905,0.3137855529785156,0.7170000076293945,0.15680000185966492
YDL005C,YNL125C,0,-4.556348,0.3136482834815979,0.7170000076293945,0.15690000355243683
YER045C,YGR186W,1,-4.5568094,0.313948392868042,0.7179999947547913,0.15690000355243683
YIL143C,YMR236W,1,-4.5572023,0.314248263835907,0.718999981880188,0.15690000355243683
YMR276W,YNL258C,0,-4.557719,0.31411096453666687,0.718999981880188,0.15700000524520874
YOL089C,YAL001C,1,-4.557809,0.3144104778766632,0.7200000286102295,0.15700000524520874
YNL035C,YBL071W-A,0,-4.5581455,0.31427323818206787,0.7200000286102295,0.15710000693798065
YOL006C,YOL165C,0,-4.5591316,0.3141361176967621,0.7200000286102295,0.15719999372959137
YBR123C,YER045C,1,-4.559142,0.3144352436065674,0.7210000157356262,0.15719999372959137
YML121W,YJL029C,0,-4.559225,0.31429818272590637,0.7210000157356262,0.15729999542236328
YAL041W,YBR199W,0,-4.559366,0.3141612112522125,0.7210000157356262,0.1573999971151352
YOL089C,YPL202C,1,-4.5598173,0.3144599199295044,0.722000002861023,0.1573999971151352
YOL021C,YBR030W,0,-4.5604124,0.3143230378627777,0.722000002861023,0.1574999988079071
YLR105C,YER020W,0,-4.560439,0.3141862452030182,0.722000002861023,0.15760000050067902
YLR098C,YMR172W,0,-4.5607376,0.3140496015548706,0.722000002861023,0.15770000219345093
YPR104C,YOR066W,0,-4.560795,0.3139130473136902,0.722000002861023,0.15780000388622284
YLR192C,YJL184W,0,-4.5616026,0.3137766122817993,0.722000002861023,0.15790000557899475
YIL126W,YNR067C,0,-4.5618286,0.3136403262615204,0.722000002861023,0.15800000727176666
YNL039W,YOL067C,1,-4.5620613,0.31393834948539734,0.7229999899864197,0.15800000727176666
YKL095W,YDR060W,0,-4.5624304,0.3138020932674408,0.7229999899864197,0.15809999406337738
YDR457W,YMR271C,0,-4.562745,0.3136659562587738,0.7229999899864197,0.1581999957561493
YPL177C,YGR186W,1,-4.5628223,0.31396356225013733,0.7239999771118164,0.1581999957561493
YNL082W,YPL068C,0,-4.563093,0.3138274848461151,0.7239999771118164,0.1582999974489212
YNL284C,YJL134W,0,-4.563322,0.31369149684906006,0.7239999771118164,0.15839999914169312
YBL021C,YEL077C,0,-4.5636787,0.31355565786361694,0.7239999771118164,0.15850000083446503
YBR039W,YJL165C,0,-4.563896,0.313419908285141,0.7239999771118164,0.15860000252723694
YPR056W,YER045C,1,-4.565777,0.3137170076370239,0.7250000238418579,0.15860000252723694
YNL035C,YKL184W,0,-4.565875,0.31358131766319275,0.7250000238418579,0.15870000422000885
YLR385C,YJR019C,0,-4.5660133,0.3134457468986511,0.7250000238418579,0.15880000591278076
YOR283W,YGR002C,0,-4.566655,0.31331029534339905,0.7250000238418579,0.15889999270439148
YHR207C,YMR223W,0,-4.56695,0.31317493319511414,0.7250000238418579,0.1589999943971634
YML093W,YMR017W,0,-4.5670166,0.31303972005844116,0.7250000238418579,0.1590999960899353
YDR460W,YPL129W,1,-4.5684605,0.31333622336387634,0.7260000109672546,0.1590999960899353
YLR005W,YPL129W,1,-4.568796,0.31363242864608765,0.7269999980926514,0.1590999960899353
YJR025C,YKL140W,0,-4.569394,0.3134971857070923,0.7269999980926514,0.15919999778270721
YKL112W,YDL010W,0,-4.569618,0.3133620619773865,0.7269999980926514,0.15929999947547913
YML121W,YGR065C,0,-4.5700493,0.3132270574569702,0.7269999980926514,0.15940000116825104
YDL166C,YLR395C,0,-4.570716,0.3130921721458435,0.7269999980926514,0.15950000286102295
YMR276W,YDR466W,0,-4.571062,0.31295737624168396,0.7269999980926514,0.15960000455379486
YNL316C,YBL088C,0,-4.571336,0.31282272934913635,0.7269999980926514,0.15970000624656677
YDL084W,YER099C,0,-4.572359,0.3126881718635559,0.7269999980926514,0.1597999930381775
YPL202C,YER148W,1,-4.572751,0.3129836618900299,0.7279999852180481,0.1597999930381775
YML001W,YJL044C,0,-4.572942,0.31284916400909424,0.7279999852180481,0.1598999947309494
YBL024W,YGR218W,0,-4.573165,0.3127147853374481,0.7279999852180481,0.1599999964237213
YGR047C,YOL089C,1,-4.5738134,0.3130098879337311,0.7289999723434448,0.1599999964237213
YIR023W,YDR352W,0,-4.5739155,0.31287553906440735,0.7289999723434448,0.16009999811649323
YIL044C,YLL035W,0,-4.5739565,0.31274130940437317,0.7289999723434448,0.16019999980926514
YDR195W,YIL035C,0,-4.5749664,0.31260719895362854,0.7289999723434448,0.16030000150203705
YNL257C,YML069W,1,-4.5750217,0.3129018545150757,0.7300000190734863,0.16030000150203705
YDR457W,YDR354W,0,-4.5763683,0.31276777386665344,0.7300000190734863,0.16040000319480896
YPL208W,YHR072W-A,0,-4.5766935,0.31263384222984314,0.7300000190734863,0.16050000488758087
YML114C,YJL184W,0,-4.576703,0.3125,0.7300000190734863,0.16060000658035278
YCR039C,YOR115C,0,-4.5767508,0.3123662769794464,0.7300000190734863,0.1606999933719635
YNL001W,YKL025C,0,-4.576931,0.3122326731681824,0.7300000190734863,0.1607999950647354
YNL064C,YAL021C,0,-4.5773067,0.3120991885662079,0.7300000190734863,0.16089999675750732
YBR198C,YNL314W,1,-4.5773153,0.3123931586742401,0.7310000061988831,0.16089999675750732
YGR184C,YOR338W,0,-4.578706,0.312259703874588,0.7310000061988831,0.16099999845027924
YMR036C,YDR326C,0,-4.578849,0.31212639808654785,0.7310000061988831,0.16110000014305115
YOL088C,YLL033W,0,-4.57948,0.31199318170547485,0.7310000061988831,0.16120000183582306
YNL257C,YDR362C,1,-4.5797167,0.3122866749763489,0.7319999933242798,0.16120000183582306
YIL143C,YPL177C,1,-4.5797358,0.3125799596309662,0.7329999804496765,0.16120000183582306
YGR274C,YGL166W,1,-4.5803385,0.312872976064682,0.734000027179718,0.16120000183582306
YDR473C,YMR094W,0,-4.5803537,0.31273967027664185,0.734000027179718,0.16130000352859497
YLR301W,YMR080C,0,-4.5806513,0.31260648369789124,0.734000027179718,0.16140000522136688
YNL267W,YBR058C,0,-4.5809603,0.3124733865261078,0.734000027179718,0.1615000069141388
YPR187W,YIL128W,0,-4.581645,0.3123404383659363,0.734000027179718,0.1615999937057495
YHR031C,YLR033W,0,-4.5822067,0.31220757961273193,0.734000027179718,0.16169999539852142
YOL028C,YDR065W,0,-4.582305,0.31207484006881714,0.734000027179718,0.16179999709129333
YOR283W,YDR324C,0,-4.5826063,0.3119421899318695,0.734000027179718,0.16189999878406525
YIR005W,YHR027C,0,-4.5835266,0.3118096888065338,0.734000027179718,0.16200000047683716
YDR164C,YLR447C,0,-4.5835667,0.3116772770881653,0.734000027179718,0.16210000216960907
YJL050W,YOR313C,0,-4.5836267,0.3115449845790863,0.734000027179718,0.16220000386238098
YER171W,YDR079C-A,1,-4.584071,0.3118370771408081,0.7350000143051147,0.16220000386238098
YJL011C,YPL129W,1,-4.584237,0.3121289312839508,0.7360000014305115,0.16220000386238098
YOL034W,YDR159W,0,-4.584605,0.31199660897254944,0.7360000014305115,0.1623000055551529
YGR152C,YHR184W,0,-4.5849123,0.3118644058704376,0.7360000014305115,0.1624000072479248
YMR227C,YAL001C,1,-4.585161,0.3121558725833893,0.7369999885559082,0.1624000072479248
YOL027C,YMR270C,0,-4.585247,0.31202369928359985,0.7369999885559082,0.16249999403953552
YGL220W,YBR136W,0,-4.5852556,0.31189167499542236,0.7369999885559082,0.16259999573230743
YPL057C,YGR175C,0,-4.5858583,0.31175974011421204,0.7369999885559082,0.16269999742507935
YBR288C,YOL045W,0,-4.585885,0.31162789463996887,0.7369999885559082,0.16279999911785126
YML046W,YPL047W,0,-4.58611,0.31149619817733765,0.7369999885559082,0.16290000081062317
YGL133W,YOR174W,0,-4.586647,0.3113645911216736,0.7369999885559082,0.16300000250339508
YGL155W,YPL103C,0,-4.5870724,0.3112331032752991,0.7369999885559082,0.163100004196167
YIR002C,YML125C,0,-4.5870876,0.3111017346382141,0.7369999885559082,0.1632000058889389
YGR135W,YKL135C,0,-4.5874233,0.3109704554080963,0.7369999885559082,0.16329999268054962
YDR197W,YLR008C,0,-4.5875254,0.31083929538726807,0.7369999885559082,0.16339999437332153
YDR265W,YDR478W,0,-4.587799,0.31070825457572937,0.7369999885559082,0.16349999606609344
YJR067C,YER170W,0,-4.587926,0.3105773329734802,0.7369999885559082,0.16359999775886536
YDR084C,YER055C,0,-4.5880594,0.31044650077819824,0.7369999885559082,0.16369999945163727
YML121W,YNL049C,0,-4.5882473,0.3103157877922058,0.7369999885559082,0.16380000114440918
YBR198C,YKL028W,1,-4.588582,0.31060606241226196,0.7379999756813049,0.16380000114440918
YDR044W,YOR367W,0,-4.588667,0.3104753792285919,0.7379999756813049,0.1639000028371811
YER030W,YBL113C,0,-4.5888624,0.3103448152542114,0.7379999756813049,0.164000004529953
YOL077C,YGR105W,0,-4.5888968,0.3102143704891205,0.7379999756813049,0.16410000622272491
YPL228W,YJR001W,0,-4.58897,0.3100840449333191,0.7379999756813049,0.16419999301433563
YLR016C,YNL058C,0,-4.5890427,0.30995380878448486,0.7379999756813049,0.16429999470710754
YOR257W,YDR499W,0,-4.589514,0.3098236918449402,0.7379999756813049,0.16439999639987946
YPL064C,YDR128W,0,-4.5896244,0.30969366431236267,0.7379999756813049,0.16449999809265137
YPR178W,YIR022W,0,-4.589713,0.3095637559890747,0.7379999756813049,0.16459999978542328
YOL115W,YIL139C,0,-4.590025,0.3094339668750763,0.7379999756813049,0.1647000014781952
YPL208W,YNL027W,0,-4.591258,0.30930426716804504,0.7379999756813049,0.1648000031709671
YDL103C,YOR265W,0,-4.5913267,0.30917468667030334,0.7379999756813049,0.164900004863739
YPL190C,YMR043W,0,-4.5914984,0.3090452253818512,0.7379999756813049,0.16500000655651093
YER019W,YOR098C,0,-4.5915384,0.3089158535003662,0.7379999756813049,0.16509999334812164
YBR039W,YPR031W,0,-4.5920343,0.3087866008281708,0.7379999756813049,0.16519999504089355
YOR293W,YDR342C,0,-4.5920506,0.3086574673652649,0.7379999756813049,0.16529999673366547
YPL180W,YBR010W,0,-4.592188,0.30852842330932617,0.7379999756813049,0.16539999842643738
YPR056W,YPL129W,1,-4.592393,0.30881738662719727,0.7390000224113464,0.16539999842643738
YMR099C,YGR272C,0,-4.59284,0.3086884021759033,0.7390000224113464,0.1655000001192093
YMR268C,YBL029C-A,0,-4.59284,0.30855950713157654,0.7390000224113464,0.1656000018119812
YMR277W,YER098W,0,-4.59301,0.3084307312965393,0.7390000224113464,0.1657000035047531
YHR164C,YMR273C,0,-4.5935583,0.30830204486846924,0.7390000224113464,0.16580000519752502
YAR014C,YKL108W,0,-4.593712,0.3081734776496887,0.7390000224113464,0.16590000689029694
YHR066W,YEL037C,0,-4.594019,0.30804502964019775,0.7390000224113464,0.16599999368190765
YJR060W,YGL186C,0,-4.59517,0.30791667103767395,0.7390000224113464,0.16609999537467957
YMR113W,YMR228W,0,-4.5955944,0.3077884316444397,0.7390000224113464,0.16619999706745148
YIL145C,YJL143W,0,-4.595892,0.3076602816581726,0.7390000224113464,0.1662999987602234
YOR344C,YGR278W,0,-4.5961514,0.30753225088119507,0.7390000224113464,0.1664000004529953
YPL093W,YAR044W,0,-4.596903,0.3074043393135071,0.7390000224113464,0.1665000021457672
YLL029W,YDR166C,0,-4.597171,0.30727651715278625,0.7390000224113464,0.16660000383853912
YOR283W,YLR176C,0,-4.5973644,0.3071487843990326,0.7390000224113464,0.16670000553131104
YDL188C,YLL009C,0,-4.5974445,0.30702120065689087,0.7390000224113464,0.16680000722408295
YOL089C,YER148W,1,-4.5980196,0.30730897188186646,0.7400000095367432,0.16680000722408295
YPL202C,YCR042C,1,-4.5980463,0.30759650468826294,0.7409999966621399,0.16680000722408295
YML081C-A,YPL090C,0,-4.5981646,0.30746889114379883,0.7409999966621399,0.16689999401569366
YMR312W,YKR087C,0,-4.5982265,0.3073413670063019,0.7409999966621399,0.16699999570846558
YGL184C,YML131W,0,-4.5989513,0.3072139322757721,0.7409999966621399,0.1670999974012375
YBR198C,YKR062W,1,-4.5999975,0.30750104784965515,0.7419999837875366,0.1670999974012375
YIL143C,YCR042C,1,-4.600396,0.3077878952026367,0.7429999709129333,0.1670999974012375
YOL089C,YBR198C,1,-4.6009264,0.3080745339393616,0.7440000176429749,0.1670999974012375
YOR323C,YMR123W,0,-4.601225,0.3079470098018646,0.7440000176429749,0.1671999990940094
YJL095W,YIR009W,0,-4.6012554,0.3078196048736572,0.7440000176429749,0.1673000007867813
YER157W,YLR373C,0,-4.6018963,0.3076923191547394,0.7440000176429749,0.16740000247955322
YFL044C,YGR104C,0,-4.6020184,0.3075651228427887,0.7440000176429749,0.16750000417232513
YIL150C,YLR040C,0,-4.602479,0.3074380159378052,0.7440000176429749,0.16760000586509705
YPR041W,YGL023C,0,-4.6025887,0.3073110282421112,0.7440000176429749,0.16769999265670776
YGL130W,YPR164W,0,-4.603014,0.3071841597557068,0.7440000176429749,0.16779999434947968
YOL145C,YLR050C,0,-4.603058,0.30705738067626953,0.7440000176429749,0.1678999960422516
YBL052C,YER161C,0,-4.6031485,0.30693069100379944,0.7440000176429749,0.1679999977350235
YMR179W,YGR065C,0,-4.603588,0.3068041205406189,0.7440000176429749,0.1680999994277954
YHR034C,YMR239C,0,-4.603654,0.3066776692867279,0.7440000176429749,0.16820000112056732
YDR416W,YLR336C,0,-4.6039276,0.3065513074398041,0.7440000176429749,0.16830000281333923
YIR012W,YEL017C-A,0,-4.6042957,0.3064250349998474,0.7440000176429749,0.16840000450611115
YOR197W,YMR127C,0,-4.604603,0.3062988817691803,0.7440000176429749,0.16850000619888306
YML111W,YML001W,0,-4.6048555,0.30617284774780273,0.7440000176429749,0.16859999299049377
YER171W,YNL314W,1,-4.6051207,0.3064582347869873,0.7450000047683716,0.16859999299049377
YFR005C,YER147C,0,-4.6052713,0.30633223056793213,0.7450000047683716,0.16869999468326569
YBL034C,YIR025W,0,-4.6054974,0.3062063157558441,0.7450000047683716,0.1687999963760376
YOL089C,YGL112C,1,-4.6057205,0.3064913749694824,0.7459999918937683,0.1687999963760376
YJR022W,YHR003C,0,-4.6068068,0.3063654899597168,0.7459999918937683,0.1688999980688095
YDL210W,YNL212W,0,-4.6068735,0.3062397241592407,0.7459999918937683,0.16899999976158142
YBL019W,YLR265C,0,-4.6070633,0.3061140775680542,0.7459999918937683,0.16910000145435333
YKL067W,YJR101W,0,-4.6072416,0.30598852038383484,0.7459999918937683,0.16920000314712524
YLR371W,YDR364C,0,-4.6073427,0.30586305260658264,0.7459999918937683,0.16930000483989716
YGR262C,YML037C,0,-4.6079836,0.30573770403862,0.7459999918937683,0.16940000653266907
YOL034W,YDL109C,0,-4.6080484,0.3056124448776245,0.7459999918937683,0.16949999332427979
YFR008W,YML071C,0,-4.60913,0.3054873049259186,0.7459999918937683,0.1695999950170517
YOL089C,YPL082C,1,-4.6092434,0.3057715892791748,0.746999979019165,0.1695999950170517
YGR285C,YNL072W,0,-4.6094,0.30564647912979126,0.746999979019165,0.1696999967098236
YDR198C,YPR159W,0,-4.6097155,0.3055214583873749,0.746999979019165,0.16979999840259552
YGR134W,YHR203C,0,-4.6106024,0.30539655685424805,0.746999979019165,0.16990000009536743
YOL137W,YKL064W,0,-4.6111298,0.30527177453041077,0.746999979019165,0.17000000178813934
YJL190C,YOR297C,0,-4.611372,0.30514705181121826,0.746999979019165,0.17010000348091125
YPL082C,YPR025C,1,-4.611393,0.3054307997226715,0.7480000257492065,0.17010000348091125
YLR002C,YPL237W,0,-4.61143,0.3053061366081238,0.7480000257492065,0.17020000517368317
YKL012W,YLR025W,0,-4.6115103,0.3051815629005432,0.7480000257492065,0.17030000686645508
YER045C,YPR025C,1,-4.6119814,0.3054649233818054,0.7490000128746033,0.17030000686645508
YML071C,YGL032C,0,-4.6128054,0.30534040927886963,0.7490000128746033,0.1703999936580658
YML015C,YDR362C,1,-4.613574,0.30562347173690796,0.75,0.1703999936580658
YDL097C,YJL178C,0,-4.614067,0.30549898743629456,0.75,0.1704999953508377
YKL184W,YGL043W,0,-4.614316,0.3053745925426483,0.75,0.17059999704360962
YOR283W,YMR052W,0,-4.614353,0.3052503168582916,0.75,0.17069999873638153
YAL033W,YDR337W,0,-4.6146936,0.3051261305809021,0.75,0.17080000042915344
YMR016C,YCR043C,0,-4.6149273,0.30500203371047974,0.75,0.17090000212192535
YHR070W,YGR251W,0,-4.6151857,0.3048780560493469,0.75,0.17100000381469727
YML104C,YHR069C,0,-4.6163025,0.3047541677951813,0.75,0.17110000550746918
YML069W,YNL314W,1,-4.6166515,0.3050365447998047,0.7509999871253967,0.17110000550746918
YAL029C,YHR076W,0,-4.6166925,0.3049127161502838,0.7509999871253967,0.1712000072002411
YBR231C,YHR179W,0,-4.617071,0.3047889471054077,0.7509999871253967,0.1712999939918518
YGR098C,YJR140C,0,-4.617399,0.30466532707214355,0.7509999871253967,0.17139999568462372
YLR022C,YNR067C,0,-4.6181097,0.30454176664352417,0.7509999871253967,0.17149999737739563
YML088W,YBL068W,0,-4.618271,0.30441832542419434,0.7509999871253967,0.17159999907016754
YHL047C,YML006C,0,-4.6182756,0.30429497361183167,0.7509999871253967,0.17170000076293945
YOR265W,YIL105C,0,-4.618497,0.30417174100875854,0.7509999871253967,0.17180000245571136
YER183C,YDR485C,0,-4.618514,0.3040485978126526,0.7509999871253967,0.17190000414848328
YGR090W,YJR134C,0,-4.618573,0.3039255440235138,0.7509999871253967,0.1720000058412552
YDL129W,YHR121W,0,-4.6186657,0.30380257964134216,0.7509999871253967,0.1720999926328659
YMR244C-A,YMR189W,0,-4.619069,0.3036797344684601,0.7509999871253967,0.17219999432563782
YOL142W,YJL204C,0,-4.6190767,0.30355697870254517,0.7509999871253967,0.17229999601840973
YML069W,YFL021W,1,-4.6194763,0.3038383722305298,0.7519999742507935,0.17229999601840973
YHR187W,YDR104C,0,-4.619686,0.30371567606925964,0.7519999742507935,0.17239999771118164
YDR472W,YGR009C,0,-4.61969,0.30359306931495667,0.7519999742507935,0.17249999940395355
YDR079C-A,YOL067C,1,-4.6202135,0.30387410521507263,0.753000020980835,0.17249999940395355
YAR071W,YLR048W,0,-4.6205025,0.30375149846076965,0.753000020980835,0.17260000109672546
YCL031C,YOL092W,0,-4.620661,0.3036290407180786,0.753000020980835,0.17270000278949738
YDR368W,YPR091C,0,-4.62084,0.30350664258003235,0.753000020980835,0.1728000044822693
YPR056W,YNL314W,1,-4.6210194,0.3037872612476349,0.7540000081062317,0.1728000044822693
YOR360C,YEL037C,0,-4.6214,0.3036649227142334,0.7540000081062317,0.1729000061750412
YGR135W,YCL055W,0,-4.6216288,0.3035426735877991,0.7540000081062317,0.17299999296665192
YDL005C,YHL019C,0,-4.621807,0.3034205138683319,0.7540000081062317,0.17309999465942383
YGR186W,YMR236W,1,-4.6226397,0.303700715303421,0.7549999952316284,0.17309999465942383
YOR083W,YGR108W,0,-4.6227484,0.30357861518859863,0.7549999952316284,0.17319999635219574
YMR075W,YIL140W,0,-4.6230764,0.3034566044807434,0.7549999952316284,0.17329999804496765
YFL038C,YJR002W,0,-4.6235914,0.30333468317985535,0.7549999952316284,0.17339999973773956
YDR324C,YPL132W,0,-4.6236515,0.30321285128593445,0.7549999952316284,0.17350000143051147
YJL178C,YPR070W,0,-4.623891,0.3030911386013031,0.7549999952316284,0.1736000031232834
YNR003C,YMR162C,0,-4.624317,0.3029695153236389,0.7549999952316284,0.1737000048160553
YNL225C,YNR010W,0,-4.6244106,0.3028479814529419,0.7549999952316284,0.1738000065088272
YAL001C,YGL207W,1,-4.6252623,0.3031274974346161,0.7559999823570251,0.1738000065088272
YNL218W,YNL146W,0,-4.6255026,0.30300602316856384,0.7559999823570251,0.17389999330043793
YNL222W,YPL082C,1,-4.625518,0.30328527092933655,0.7570000290870667,0.17389999330043793
YOR231W,YEL037C,0,-4.625677,0.3031637966632843,0.7570000290870667,0.17399999499320984
YGL048C,YHR046C,0,-4.6260824,0.3030424416065216,0.7570000290870667,0.17409999668598175
YKL007W,YKR068C,0,-4.6265907,0.3029211759567261,0.7570000290870667,0.17419999837875366
YDR448W,YDR067C,0,-4.626849,0.3027999997138977,0.7570000290870667,0.17430000007152557
YGL026C,YKR002W,0,-4.6276493,0.3026789426803589,0.7570000290870667,0.17440000176429749
YPL017C,YER115C,0,-4.628234,0.30255794525146484,0.7570000290870667,0.1745000034570694
YER133W,YPL095C,0,-4.628891,0.30243706703186035,0.7570000290870667,0.1746000051498413
YJL123C,YLR410W,0,-4.628997,0.3023163080215454,0.7570000290870667,0.17470000684261322
YGR229C,YLL027W,0,-4.6295557,0.30219560861587524,0.7570000290870667,0.17479999363422394
YDL056W,YML078W,0,-4.629759,0.30207502841949463,0.7570000290870667,0.17489999532699585
YKL108W,YHL008C,0,-4.630307,0.3019545376300812,0.7570000290870667,0.17499999701976776
YOR315W,YOL141W,0,-4.631136,0.3018341362476349,0.7570000290870667,0.17509999871253967
YKR014C,YNL071W,0,-4.6312037,0.30171382427215576,0.7570000290870667,0.17520000040531158
YNL124W,YML075C,0,-4.6323757,0.3015936315059662,0.7570000290870667,0.1753000020980835
YCR009C,YMR033W,0,-4.6324625,0.3014735281467438,0.7570000290870667,0.1754000037908554
YER174C,YER101C,0,-4.6325445,0.3013535141944885,0.7570000290870667,0.17550000548362732
YGL227W,YDL217C,0,-4.632866,0.30123358964920044,0.7570000290870667,0.17560000717639923
YHR041C,YPR043W,0,-4.633503,0.3011137545108795,0.7570000290870667,0.17569999396800995
YDL111C,YOR140W,0,-4.6336956,0.30099403858184814,0.7570000290870667,0.17579999566078186
YER169W,YDR101C,0,-4.633713,0.30087441205978394,0.7570000290870667,0.17589999735355377
YNL326C,YFL023W,0,-4.6337748,0.3007548749446869,0.7570000290870667,0.17599999904632568
YNR003C,YGR116W,0,-4.633827,0.300635427236557,0.7570000290870667,0.1761000007390976
YDR155C,YFL037W,0,-4.6343937,0.3005160689353943,0.7570000290870667,0.1762000024318695
YER174C,YML126C,0,-4.6346617,0.3003968298435211,0.7570000290870667,0.17630000412464142
YOL142W,YLR098C,0,-4.6346884,0.3002776801586151,0.7570000290870667,0.17640000581741333
YGR106C,YDR326C,0,-4.634754,0.3001585900783539,0.7570000290870667,0.17649999260902405
YPR058W,YDR498C,0,-4.634878,0.3000396490097046,0.7570000290870667,0.17659999430179596
YDL138W,YDR242W,0,-4.6349316,0.2999207675457001,0.7570000290870667,0.17669999599456787
YDL047W,YNR017W,0,-4.635504,0.2998019754886627,0.7570000290870667,0.17679999768733978
YPR103W,YNL085W,0,-4.6356764,0.2996833026409149,0.7570000290870667,0.1768999993801117
YER013W,YER101C,0,-4.635844,0.2995646893978119,0.7570000290870667,0.1770000010728836
YIL010W,YBR176W,0,-4.6358767,0.2994461953639984,0.7570000290870667,0.17710000276565552
YJR161C,YBL061C,0,-4.636174,0.2993277907371521,0.7570000290870667,0.17720000445842743
YFL036W,YGR145W,0,-4.6362543,0.29920947551727295,0.7570000290870667,0.17730000615119934
YNR051C,YJR064W,0,-4.6362886,0.29909127950668335,0.7570000290870667,0.17739999294281006
YGL011C,YJR091C,0,-4.6365404,0.2989731431007385,0.7570000290870667,0.17749999463558197
YBL067C,YKL001C,0,-4.6368065,0.29885512590408325,0.7570000290870667,0.17759999632835388
YMR276W,YNR063W,0,-4.6370935,0.29873716831207275,0.7570000290870667,0.1776999980211258
YDR177W,YJR135C,0,-4.637224,0.2986193299293518,0.7570000290870667,0.1777999997138977
YGR009C,YGR145W,0,-4.6373034,0.298501580953598,0.7570000290870667,0.17790000140666962
YCL010C,YDR347W,0,-4.6377907,0.2983839213848114,0.7570000290870667,0.17800000309944153
YML074C,YMR021C,0,-4.6377964,0.29826635122299194,0.7570000290870667,0.17810000479221344
YJL011C,YLR005W,1,-4.6378365,0.29854273796081543,0.7580000162124634,0.17810000479221344
YKL028W,YPL129W,1,-4.6380424,0.2988188862800598,0.7590000033378601,0.17810000479221344
YDR079C-A,YGR186W,1,-4.638523,0.2990948557853699,0.7599999904632568,0.17810000479221344
YDR312W,YCR026C,0,-4.638665,0.29897719621658325,0.7599999904632568,0.17820000648498535
YPR189W,YMR021C,0,-4.638899,0.2988596260547638,0.7599999904632568,0.17829999327659607
YLR332W,YHR047C,0,-4.6391697,0.2987421452999115,0.7599999904632568,0.17839999496936798
YJL019W,YDL065C,0,-4.6393833,0.29862475395202637,0.7599999904632568,0.1784999966621399
YGR158C,YBR021W,0,-4.640991,0.2985074520111084,0.7599999904632568,0.1785999983549118
YDR351W,YOL065C,0,-4.6414394,0.29839026927948,0.7599999904632568,0.17870000004768372
YEL053C,YCR057C,0,-4.6416807,0.29827314615249634,0.7599999904632568,0.17880000174045563
YMR287C,YKR022C,0,-4.642561,0.29815614223480225,0.7599999904632568,0.17890000343322754
YCR079W,YIL122W,0,-4.642705,0.2980392277240753,0.7599999904632568,0.17900000512599945
YLR421C,YNR008W,0,-4.642726,0.29792237281799316,0.7599999904632568,0.17910000681877136
YCL038C,YOL119C,0,-4.642969,0.29780563712120056,0.7599999904632568,0.17919999361038208
YOR071C,YMR054W,0,-4.6431675,0.2976889908313751,0.7599999904632568,0.179299995303154
YOR315W,YGR271C-A,0,-4.6432686,0.29757243394851685,0.7599999904632568,0.1793999969959259
YML043C,YHR099W,0,-4.643466,0.29745596647262573,0.7599999904632568,0.17949999868869781
YNL222W,YBR123C,1,-4.6439886,0.29773083329200745,0.7609999775886536,0.17949999868869781
YDL144C,YJL102W,0,-4.6443005,0.2976143956184387,0.7609999775886536,0.17960000038146973
YMR078C,YBL006C,0,-4.644414,0.29749804735183716,0.7609999775886536,0.17970000207424164
YLR306W,YDL019C,0,-4.6448,0.29738178849220276,0.7609999775886536,0.17980000376701355
YML015C,YNL222W,1,-4.6448803,0.29765623807907104,0.7620000243186951,0.17980000376701355
YNL316C,YHR191C,0,-4.6451063,0.29754000902175903,0.7620000243186951,0.17990000545978546
YNR041C,YDR326C,0,-4.645322,0.2974238991737366,0.7620000243186951,0.18000000715255737
YCR012W,YGL225W,0,-4.645378,0.2973078489303589,0.7620000243186951,0.1800999939441681
YJL092W,YJL044C,0,-4.6457033,0.29719188809394836,0.7620000243186951,0.18019999563694
YBL026W,YFL004W,0,-4.646119,0.297076016664505,0.7620000243186951,0.18029999732971191
YGR274C,YER148W,1,-4.646738,0.2973499596118927,0.7630000114440918,0.18029999732971191
YBR105C,YLR107W,0,-4.646826,0.29723411798477173,0.7630000114440918,0.18039999902248383
YJL074C,YOL018C,0,-4.6468935,0.2971183657646179,0.7630000114440918,0.18050000071525574
YNL212W,YMR239C,0,-4.6471643,0.29700273275375366,0.7630000114440918,0.18060000240802765
YOL103W,YNL121C,0,-4.648677,0.2968871593475342,0.7630000114440918,0.18070000410079956
YEL009C,YOL044W,0,-4.6491566,0.29677167534828186,0.7630000114440918,0.18080000579357147
YIR018W,YDR071C,0,-4.649374,0.2966563105583191,0.7630000114440918,0.1808999925851822
YNL231C,YJL081C,0,-4.64948,0.2965410053730011,0.7630000114440918,0.1809999942779541
YJL011C,YBR198C,1,-4.6495094,0.29681429266929626,0.7639999985694885,0.1809999942779541
YEL050C,YIR010W,0,-4.649763,0.29669901728630066,0.7639999985694885,0.181099995970726
YPL122C,YAL001C,1,-4.649783,0.29697203636169434,0.7649999856948853,0.181099995970726
YNL311C,YGR121C,0,-4.650052,0.2968568205833435,0.7649999856948853,0.18119999766349792
YNR003C,YDR109C,0,-4.6502275,0.29674166440963745,0.7649999856948853,0.18129999935626984
YBR253W,YMR104C,0,-4.651331,0.29662659764289856,0.7649999856948853,0.18140000104904175
YML130C,YGR135W,0,-4.6513386,0.29651162028312683,0.7649999856948853,0.18150000274181366
YDR253C,YDL092W,0,-4.6518574,0.29639673233032227,0.7649999856948853,0.18160000443458557
YOR210W,YCR002C,0,-4.652009,0.29628196358680725,0.7649999856948853,0.18170000612735748
YDL245C,YPL214C,0,-4.6521616,0.296167254447937,0.7649999856948853,0.1817999929189682
YPR056W,YPL082C,1,-4.652714,0.29643961787223816,0.765999972820282,0.1817999929189682
YER045C,YDL108W,1,-4.653635,0.296711802482605,0.7670000195503235,0.1817999929189682
YMR244C-A,YOR098C,0,-4.6538086,0.29659706354141235,0.7670000195503235,0.1818999946117401
YHR062C,YGR014W,0,-4.653838,0.2964824140071869,0.7670000195503235,0.18199999630451202
YOL142W,YGR059W,0,-4.653867,0.2963678538799286,0.7670000195503235,0.18209999799728394
YGR074W,YJR098C,0,-4.653946,0.29625338315963745,0.7670000195503235,0.18219999969005585
YOL136C,YDR354W,0,-4.654562,0.2961390018463135,0.7670000195503235,0.18230000138282776
YGR258C,YMR273C,0,-4.655899,0.29602470993995667,0.7670000195503235,0.18240000307559967
YOL030W,YHR050W,0,-4.6559315,0.295910507440567,0.7670000195503235,0.18250000476837158
YDR052C,YOL054W,0,-4.656192,0.29579636454582214,0.7670000195503235,0.1826000064611435
YDL008W,YPL208W,0,-4.65648,0.2956823408603668,0.7670000195503235,0.1826999932527542
YJL011C,YDR362C,1,-4.6569386,0.29595375061035156,0.7680000066757202,0.1826999932527542
YOR149C,YKL073W,0,-4.65703,0.29583975672721863,0.7680000066757202,0.18279999494552612
YDL188C,YDR115W,0,-4.6581507,0.29572585225105286,0.7680000066757202,0.18289999663829803
YPL064C,YDR353W,0,-4.658456,0.29561200737953186,0.7680000066757202,0.18299999833106995
YLR186W,YMR188C,0,-4.658575,0.2954982817173004,0.7680000066757202,0.18310000002384186
YGR121C,YMR097C,0,-4.6586704,0.29538461565971375,0.7680000066757202,0.18320000171661377
YOR159C,YDR316W,0,-4.658684,0.29527103900909424,0.7680000066757202,0.18330000340938568
YNL311C,YKL174C,0,-4.6588717,0.2951575815677643,0.7680000066757202,0.1834000051021576
YPL177C,YOL067C,1,-4.6591997,0.2954283654689789,0.7689999938011169,0.1834000051021576
YMR288W,YPL078C,0,-4.6597643,0.2953149080276489,0.7689999938011169,0.1835000067949295
YKR071C,YBR260C,0,-4.6599417,0.29520153999328613,0.7689999938011169,0.18359999358654022
YMR227C,YFL021W,1,-4.6605015,0.29547199606895447,0.7699999809265137,0.18359999358654022
YGL124C,YGL190C,0,-4.661379,0.29535865783691406,0.7699999809265137,0.18369999527931213
YNL136W,YAL047C,0,-4.661626,0.2952454090118408,0.7699999809265137,0.18379999697208405
YOR229W,YFL033C,0,-4.6620617,0.29513221979141235,0.7699999809265137,0.18389999866485596
YFL034C-B,YKL049C,0,-4.6624775,0.29501914978027344,0.7699999809265137,0.18400000035762787
YOR044W,YHR079C,0,-4.662712,0.2949061691761017,0.7699999809265137,0.18410000205039978
YBR088C,YOL156W,0,-4.6628466,0.2947932481765747,0.7699999809265137,0.1842000037431717
YOL089C,YER171W,1,-4.6628723,0.2950631380081177,0.7710000276565552,0.1842000037431717
YJR068W,YKL182W,0,-4.663684,0.2949502766132355,0.7710000276565552,0.1843000054359436
YLR116W,YLR192C,0,-4.664218,0.29483747482299805,0.7710000276565552,0.18440000712871552
YNL197C,YDR267C,0,-4.6648283,0.2947247624397278,0.7710000276565552,0.18449999392032623
YLR090W,YPR196W,0,-4.664996,0.2946121394634247,0.7710000276565552,0.18459999561309814
YLR051C,YKL175W,0,-4.6652203,0.29449960589408875,0.7710000276565552,0.18469999730587006
YNL084C,YHR081W,0,-4.665286,0.29438716173171997,0.7710000276565552,0.18479999899864197
YPL082C,YPL129W,1,-4.6656094,0.2946564853191376,0.7720000147819519,0.18479999899864197
YML015C,YGR274C,1,-4.6663017,0.29492560029029846,0.7730000019073486,0.18479999899864197
YFR045W,YJL139C,0,-4.6664047,0.2948131263256073,0.7730000019073486,0.18490000069141388
YPR108W,YDR503C,0,-4.666836,0.2947007119655609,0.7730000019073486,0.1850000023841858
YPR022C,YOL065C,0,-4.6669874,0.2945884168148041,0.7730000019073486,0.1851000040769577
YBR010W,YLL003W,0,-4.667083,0.294476181268692,0.7730000019073486,0.18520000576972961
YLR216C,YDR073W,0,-4.667288,0.2943640649318695,0.7730000019073486,0.18529999256134033
YGR152C,YLR191W,0,-4.667617,0.2942520081996918,0.7730000019073486,0.18539999425411224
YPL055C,YLL038C,0,-4.6677485,0.2941400408744812,0.7730000019073486,0.18549999594688416
YKL183W,YLR099C,0,-4.668045,0.2940281331539154,0.7730000019073486,0.18559999763965607
YLR022C,YNL106C,0,-4.668132,0.29391634464263916,0.7730000019073486,0.18569999933242798
YFL021W,YOR194C,1,-4.668255,0.29418471455574036,0.7739999890327454,0.18569999933242798
YNL136W,YML118W,0,-4.6683626,0.2940729558467865,0.7739999890327454,0.1858000010251999
YOR043W,YJR144W,0,-4.6684656,0.2939612567424774,0.7739999890327454,0.1859000027179718
YJR014W,YBR290W,0,-4.668686,0.2938496470451355,0.7739999890327454,0.1860000044107437
YNL136W,YGL250W,0,-4.6691713,0.29373812675476074,0.7739999890327454,0.18610000610351562
YKL117W,YLR221C,0,-4.6693516,0.29362669587135315,0.7739999890327454,0.18619999289512634
YML124C,YML058W,0,-4.6697674,0.2935153543949127,0.7739999890327454,0.18629999458789825
YDR379W,YMR193W,0,-4.670204,0.29340410232543945,0.7739999890327454,0.18639999628067017
YHR101C,YNR010W,0,-4.6703253,0.29329290986061096,0.7739999890327454,0.18649999797344208
YOR375C,YLR353W,0,-4.670332,0.29318180680274963,0.7739999890327454,0.186599999666214
YIL095W,YKL154W,0,-4.670686,0.29307079315185547,0.7739999890327454,0.1867000013589859
YNL064C,YHL018W,0,-4.6708403,0.29295986890792847,0.7739999890327454,0.1868000030517578
YLR153C,YOL147C,0,-4.6709194,0.29284903407096863,0.7739999890327454,0.18690000474452972
YKL073W,YHR086W,0,-4.6716423,0.29273828864097595,0.7739999890327454,0.18700000643730164
YMR042W,YLR386W,0,-4.671753,0.29262760281562805,0.7739999890327454,0.18709999322891235
YLR128W,YDR351W,0,-4.671814,0.2925170063972473,0.7739999890327454,0.18719999492168427
YKL125W,YLR364W,0,-4.671935,0.29240649938583374,0.7739999890327454,0.18729999661445618
YBR253W,YKL021C,0,-4.6724415,0.29229608178138733,0.7739999890327454,0.1873999983072281
YMR037C,YDR531W,0,-4.6730328,0.2921857237815857,0.7739999890327454,0.1875
YIL157C,YGL071W,0,-4.6734447,0.2920754849910736,0.7739999890327454,0.1876000016927719
YFR005C,YLR388W,0,-4.673582,0.2919653058052063,0.7739999890327454,0.18770000338554382
YNL086W,YPR111W,0,-4.6737814,0.29185521602630615,0.7739999890327454,0.18780000507831573
YLR228C,YJR059W,0,-4.673896,0.2917451858520508,0.7739999890327454,0.18790000677108765
YNL035C,YML071C,0,-4.674552,0.29163527488708496,0.7739999890327454,0.18799999356269836
YJL050W,YIL021W,0,-4.6745596,0.2915254235267639,0.7739999890327454,0.18809999525547028
YBL046W,YKR054C,0,-4.674572,0.29141566157341003,0.7739999890327454,0.1881999969482422
YIL143C,YPL129W,1,-4.6752405,0.2916823625564575,0.7749999761581421,0.1881999969482422
YLR147C,YDR086C,0,-4.6755037,0.29157260060310364,0.7749999761581421,0.1882999986410141
YJR006W,YOL119C,0,-4.676217,0.2914629578590393,0.7749999761581421,0.188400000333786
YBR088C,YMR016C,0,-4.676978,0.29135337471961975,0.7749999761581421,0.18850000202655792
YGR063C,YPR124W,0,-4.677128,0.29124388098716736,0.7749999761581421,0.18860000371932983
YOL021C,YCR083W,0,-4.677556,0.29113447666168213,0.7749999761581421,0.18870000541210175
YPR107C,YHR036W,0,-4.6775713,0.29102516174316406,0.7749999761581421,0.18880000710487366
YLR043C,YMR033W,0,-4.6780176,0.29091590642929077,0.7749999761581421,0.18889999389648438
YDR167W,YPL082C,1,-4.6781864,0.2911819815635681,0.7760000228881836,0.18889999389648438
YER045C,YOR194C,1,-4.6787596,0.29144784808158875,0.7770000100135803,0.18889999389648438
YER174C,YNL192W,0,-4.678961,0.29133859276771545,0.7770000100135803,0.1889999955892563
YBR257W,YPR152C,0,-4.6792173,0.29122939705848694,0.7770000100135803,0.1890999972820282
YHR156C,YEL070W,0,-4.6793365,0.2911202609539032,0.7770000100135803,0.1891999989748001
YPL202C,YNL314W,1,-4.6802225,0.2913857698440552,0.777999997138977,0.1891999989748001
YPL241C,YGR218W,0,-4.6802645,0.2912766635417938,0.777999997138977,0.18930000066757202
YGL128C,YCL047C,0,-4.6806917,0.291167676448822,0.777999997138977,0.18940000236034393
YLR134W,YNL010W,0,-4.680743,0.291058748960495,0.777999997138977,0.18950000405311584
YGL035C,YGR075C,0,-4.6810904,0.29094988107681274,0.777999997138977,0.18960000574588776
YIL017C,YPL151C,0,-4.6817226,0.29084113240242004,0.777999997138977,0.18970000743865967
YDR497C,YDR044W,0,-4.681816,0.2907324433326721,0.777999997138977,0.18979999423027039
YNL006W,YPL033C,0,-4.6820173,0.29062384366989136,0.777999997138977,0.1898999959230423
YPL051W,YBR059C,0,-4.682132,0.29051530361175537,0.777999997138977,0.1899999976158142
YDR523C,YBR204C,0,-4.682437,0.29040688276290894,0.777999997138977,0.19009999930858612
YAL053W,YMR264W,0,-4.6827993,0.2902985215187073,0.777999997138977,0.19020000100135803
YNL082W,YDR033W,0,-4.6830015,0.2901902198791504,0.777999997138977,0.19030000269412994
YER087C-B,YCR097W,0,-4.683676,0.29008203744888306,0.777999997138977,0.19040000438690186
YPR186C,YDL108W,1,-4.685483,0.290346622467041,0.7789999842643738,0.19040000438690186
YLR272C,YMR088C,0,-4.6856356,0.2902384400367737,0.7789999842643738,0.19050000607967377
YMR044W,YDR318W,0,-4.6856813,0.2901303470134735,0.7789999842643738,0.19059999287128448
YDL059C,YBL071W-A,0,-4.686281,0.2900223433971405,0.7789999842643738,0.1906999945640564
YHR183W,YER145C,0,-4.686431,0.28991439938545227,0.7789999842643738,0.1907999962568283
YBL028C,YCR054C,0,-4.686507,0.2898065447807312,0.7789999842643738,0.19089999794960022
YDL067C,YDR013W,0,-4.686702,0.2896987795829773,0.7789999842643738,0.19099999964237213
YGL179C,YHR179W,0,-4.6872845,0.28959107398986816,0.7789999842643738,0.19110000133514404
YGL220W,YIL134W,0,-4.687298,0.2894834578037262,0.7789999842643738,0.19120000302791595
YGR047C,YGL112C,1,-4.687455,0.2897473871707916,0.7799999713897705,0.19120000302791595
YOL054W,YLR404W,0,-4.687993,0.28963980078697205,0.7799999713897705,0.19130000472068787
YMR188C,YJR135C,0,-4.688039,0.28953230381011963,0.7799999713897705,0.19140000641345978
YFL013C,YDR231C,0,-4.6882067,0.289424866437912,0.7799999713897705,0.1914999932050705
YLR097C,YOR304W,0,-4.6882553,0.2893175184726715,0.7799999713897705,0.1915999948978424
YBL057C,YIL140W,0,-4.688307,0.2892102301120758,0.7799999713897705,0.19169999659061432
YPR186C,YPL202C,1,-4.6883345,0.28947368264198303,0.781000018119812,0.19169999659061432
YDR229W,YAL041W,0,-4.688813,0.2893664240837097,0.781000018119812,0.19179999828338623
YCR042C,YPL007C,1,-4.688962,0.28962963819503784,0.7820000052452087,0.19179999828338623
YBR115C,YOR057W,0,-4.689069,0.2895224094390869,0.7820000052452087,0.19189999997615814
YOR025W,YBR154C,0,-4.689229,0.28941524028778076,0.7820000052452087,0.19200000166893005
YNL082W,YHR153C,0,-4.689411,0.28930819034576416,0.7820000052452087,0.19210000336170197
YIL157C,YER101C,0,-4.6898556,0.28920117020606995,0.7820000052452087,0.19220000505447388
YER164W,YOR098C,0,-4.690838,0.2890942692756653,0.7820000052452087,0.1923000067472458
YFL021W,YKR062W,1,-4.690918,0.2893569767475128,0.7829999923706055,0.1923000067472458
YMR047C,YHR064C,0,-4.691082,0.28925010561943054,0.7829999923706055,0.1923999935388565
YJR017C,YJR015W,0,-4.6914425,0.28914326429367065,0.7829999923706055,0.19249999523162842
YER190W,YML012W,0,-4.691473,0.2890365421772003,0.7829999923706055,0.19259999692440033
YNL222W,YKR062W,1,-4.6919947,0.2892988920211792,0.7839999794960022,0.19259999692440033
YOR288C,YLL051C,0,-4.692878,0.28919216990470886,0.7839999794960022,0.19269999861717224
YBL074C,YKR002W,0,-4.6933756,0.2890855371952057,0.7839999794960022,0.19280000030994415
YML015C,YGL207W,1,-4.6941338,0.2893475890159607,0.7850000262260437,0.19280000030994415
YGR264C,YGR216C,0,-4.6941547,0.2892409861087799,0.7850000262260437,0.19290000200271606
YGL157W,YLR057W,0,-4.6941757,0.2891344428062439,0.7850000262260437,0.19300000369548798
YKL116C,YOR141C,0,-4.6941843,0.28902798891067505,0.7850000262260437,0.1931000053882599
YML015C,YOL067C,1,-4.6941957,0.289289653301239,0.7860000133514404,0.1931000053882599
YOL054W,YGR035C,0,-4.694413,0.28918322920799255,0.7860000133514404,0.1932000070810318
YIL046W,YNL213C,0,-4.6944695,0.28907686471939087,0.7860000133514404,0.19329999387264252
YMR026C,YFL001W,0,-4.694561,0.28897058963775635,0.7860000133514404,0.19339999556541443
YOR270C,YNL238W,0,-4.6946154,0.2888643741607666,0.7860000133514404,0.19349999725818634
YHR129C,YOR231W,0,-4.694643,0.2887582778930664,0.7860000133514404,0.19359999895095825
YJR017C,YIL134W,0,-4.6948414,0.2886522114276886,0.7860000133514404,0.19370000064373016
YDR312W,YPR041W,0,-4.696087,0.28854626417160034,0.7860000133514404,0.19380000233650208
YDL141W,YOR294W,0,-4.6961317,0.28844037652015686,0.7860000133514404,0.193900004029274
YJR133W,YHR168W,0,-4.696704,0.28833454847335815,0.7860000133514404,0.1940000057220459
YBL079W,YJR140C,0,-4.696744,0.2882288098335266,0.7860000133514404,0.1941000074148178
YNL312W,YOL068C,0,-4.697056,0.28812316060066223,0.7860000133514404,0.19419999420642853
YKL139W,YNR041C,0,-4.6970816,0.288017600774765,0.7860000133514404,0.19429999589920044
YAL001C,YER148W,1,-4.6972084,0.28827840089797974,0.7870000004768372,0.19429999589920044
YNL136W,YML030W,0,-4.697545,0.2881728410720825,0.7870000004768372,0.19439999759197235
YML111W,YNL273W,0,-4.69761,0.2880673408508301,0.7870000004768372,0.19449999928474426
YOR075W,YHR119W,0,-4.698022,0.2879619598388672,0.7870000004768372,0.19460000097751617
YOR083W,YNL069C,0,-4.6980896,0.2878566086292267,0.7870000004768372,0.19470000267028809
YAR019C,YKL184W,0,-4.6989746,0.28775137662887573,0.7870000004768372,0.19480000436306
YGR023W,YCR020W-B,0,-4.699354,0.28764620423316956,0.7870000004768372,0.1949000060558319
YLR301W,YOR088W,0,-4.6995697,0.28754109144210815,0.7870000004768372,0.19499999284744263
YOR061W,YPL227C,0,-4.700386,0.2874360978603363,0.7870000004768372,0.19509999454021454
YDL064W,YDR338C,0,-4.700493,0.28733113408088684,0.7870000004768372,0.19519999623298645
YML030W,YNL110C,0,-4.700639,0.28722628951072693,0.7870000004768372,0.19529999792575836
YLR423C,YOR299W,0,-4.7007036,0.2871214747428894,0.7870000004768372,0.19539999961853027
YJR043C,YKL013C,0,-4.701112,0.28701677918434143,0.7870000004768372,0.19550000131130219
YMR168C,YLR453C,0,-4.7022085,0.28691214323043823,0.7870000004768372,0.1956000030040741
YLL035W,YJR006W,0,-4.7023525,0.2868075668811798,0.7870000004768372,0.195700004696846
YPL011C,YMR236W,1,-4.70238,0.28706738352775574,0.7879999876022339,0.195700004696846
YDL198C,YGL210W,0,-4.702462,0.2869628667831421,0.7879999876022339,0.19580000638961792
YIR002C,YBL112C,0,-4.702527,0.28685837984085083,0.7879999876022339,0.19589999318122864
YDR489W,YGR077C,0,-4.7028284,0.2867540121078491,0.7879999876022339,0.19599999487400055
YKR062W,YOL067C,1,-4.7028637,0.2870134711265564,0.7889999747276306,0.19599999487400055
YOR077W,YOR304W,0,-4.703212,0.2869091033935547,0.7889999747276306,0.19609999656677246
YOR066W,YHR152W,0,-4.7036304,0.28680479526519775,0.7889999747276306,0.19619999825954437
YOL066C,YMR022W,0,-4.7036858,0.286700576543808,0.7889999747276306,0.19629999995231628
YKL189W,YLR132C,0,-4.7038527,0.2865964472293854,0.7889999747276306,0.1964000016450882
YDL111C,YIL073C,0,-4.7041445,0.28649237751960754,0.7889999747276306,0.1965000033378601
YDL064W,YMR065W,0,-4.7041674,0.2863883972167969,0.7889999747276306,0.19660000503063202
YDR440W,YER042W,0,-4.704294,0.286284476518631,0.7889999747276306,0.19670000672340393
YDR520C,YGL184C,0,-4.704523,0.28618064522743225,0.7889999747276306,0.19679999351501465
YGL120C,YHR186C,0,-4.704524,0.2860768735408783,0.7889999747276306,0.19689999520778656
YGL237C,YJL116C,0,-4.7048073,0.2859731912612915,0.7889999747276306,0.19699999690055847
YCL050C,YHR153C,0,-4.7052135,0.2858695685863495,0.7889999747276306,0.19709999859333038
YMR197C,YNL127W,0,-4.705558,0.28576603531837463,0.7889999747276306,0.1972000002861023
YOR130C,YGL178W,0,-4.7063723,0.28566256165504456,0.7889999747276306,0.1973000019788742
YER045C,YPL011C,1,-4.7063894,0.2859210968017578,0.7900000214576721,0.1973000019788742
YGR135W,YPR127W,0,-4.7064285,0.2858176529407501,0.7900000214576721,0.19740000367164612
YEL047C,YHR001W,0,-4.706584,0.2857142984867096,0.7900000214576721,0.19750000536441803
YHR156C,YJR135C,0,-4.706789,0.28561100363731384,0.7900000214576721,0.19760000705718994
YCR066W,YCL032W,0,-4.7071543,0.28550776839256287,0.7900000214576721,0.19769999384880066
YER166W,YAL023C,0,-4.7075014,0.28540462255477905,0.7900000214576721,0.19779999554157257
YOR089C,YDR393W,0,-4.708023,0.2853015661239624,0.7900000214576721,0.19789999723434448
YDL019C,YGL026C,0,-4.7080593,0.2851985692977905,0.7900000214576721,0.1979999989271164
YOR168W,YML129C,0,-4.7084436,0.2850956320762634,0.7900000214576721,0.1981000006198883
YMR058W,YNL306W,0,-4.7087116,0.2849927842617035,0.7900000214576721,0.19820000231266022
YOL149W,YKR060W,0,-4.709053,0.28488999605178833,0.7900000214576721,0.19830000400543213
YKL059C,YGR026W,0,-4.709178,0.28478729724884033,0.7900000214576721,0.19840000569820404
YLR008C,YBR176W,0,-4.7092705,0.2846846878528595,0.7900000214576721,0.19850000739097595
YML114C,YDR134C,0,-4.7099104,0.28458213806152344,0.7900000214576721,0.19859999418258667
YKL116C,YIL040W,0,-4.710064,0.28447964787483215,0.7900000214576721,0.19869999587535858
YHR134W,YPL228W,0,-4.7106066,0.28437724709510803,0.7900000214576721,0.1987999975681305
YGL155W,YKR025W,0,-4.7115717,0.2842749059200287,0.7900000214576721,0.1988999992609024
YDL201W,YKR086W,0,-4.712079,0.2841726541519165,0.7900000214576721,0.19900000095367432
YIL063C,YDR371W,0,-4.71227,0.2840704917907715,0.7900000214576721,0.19910000264644623
YHL009C,YGR191W,0,-4.712638,0.28396835923194885,0.7900000214576721,0.19920000433921814
YNL188W,YOL021C,0,-4.7131863,0.28386634588241577,0.7900000214576721,0.19930000603199005
YDL147W,YGR188C,0,-4.7133007,0.2837643623352051,0.7900000214576721,0.19939999282360077
YLR421C,YML018C,0,-4.7133217,0.28366246819496155,0.7900000214576721,0.19949999451637268
YBR155W,YGR216C,0,-4.7133656,0.2835606634616852,0.7900000214576721,0.1995999962091446
YKR022C,YGR152C,0,-4.714011,0.2834589183330536,0.7900000214576721,0.1996999979019165
YOL062C,YOL006C,0,-4.714345,0.2833572328090668,0.7900000214576721,0.19979999959468842
YOR261C,YGR188C,0,-4.7149878,0.2832556366920471,0.7900000214576721,0.19990000128746033
YPL177C,YMR236W,1,-4.715208,0.28351253271102905,0.7910000085830688,0.19990000128746033
YNL084C,YBL061C,0,-4.7152805,0.2834109663963318,0.7910000085830688,0.20000000298023224
YMR314W,YER096W,0,-4.7160063,0.2833094596862793,0.7910000085830688,0.20010000467300415
YNL257C,YMR236W,1,-4.7163553,0.28356605768203735,0.7919999957084656,0.20010000467300415
YMR022W,YML034W,0,-4.7165833,0.28346458077430725,0.7919999957084656,0.20020000636577606
YPR166C,YIL027C,0,-4.7166166,0.28336313366889954,0.7919999957084656,0.20029999315738678
YJL115W,YPL275W,0,-4.7169037,0.28326180577278137,0.7919999957084656,0.2003999948501587
YLR005W,YOL067C,1,-4.717348,0.2835180461406708,0.7929999828338623,0.2003999948501587
YDR334W,YDR003W,0,-4.7175903,0.2834167182445526,0.7929999828338623,0.2004999965429306
YOR131C,YPL153C,0,-4.71768,0.2833154797554016,0.7929999828338623,0.20059999823570251
YNL257C,YBL103C,1,-4.717966,0.28357142210006714,0.7940000295639038,0.20059999823570251
YML069W,YGL166W,1,-4.718006,0.2838272154331207,0.7950000166893005,0.20059999823570251
YFL002C,YHR039C-A,0,-4.718047,0.28372591733932495,0.7950000166893005,0.20069999992847443
YDR130C,YDR306C,0,-4.7180986,0.28362467885017395,0.7950000166893005,0.20080000162124634
YER045C,YOL089C,1,-4.7182446,0.28388017416000366,0.7960000038146973,0.20080000162124634
YOR278W,YBR120C,0,-4.7186337,0.28377896547317505,0.7960000038146973,0.20090000331401825
YGR010W,YPR063C,0,-4.719247,0.2836778461933136,0.7960000038146973,0.20100000500679016
YEL046C,YPL231W,0,-4.719595,0.2835767865180969,0.7960000038146973,0.20110000669956207
YGR239C,YNL003C,0,-4.7196054,0.283475786447525,0.7960000038146973,0.2011999934911728
YLR423C,YLR003C,0,-4.7196712,0.2833748757839203,0.7960000038146973,0.2012999951839447
YMR113W,YDL047W,0,-4.720215,0.2832740247249603,0.7960000038146973,0.2013999968767166
YDR322W,YIR010W,0,-4.7202616,0.28317323327064514,0.7960000038146973,0.20149999856948853
YFR001W,YCR020W-B,0,-4.720458,0.2830725610256195,0.7960000038146973,0.20160000026226044
YBR123C,YPL202C,1,-4.7205772,0.2833274006843567,0.796999990940094,0.20160000026226044
YDR225W,YBL024W,0,-4.720914,0.28322672843933105,0.796999990940094,0.20170000195503235
YPR056W,YBR198C,1,-4.721428,0.2834813594818115,0.7979999780654907,0.20170000195503235
YOR279C,YNL093W,0,-4.721463,0.2833806872367859,0.7979999780654907,0.20180000364780426
YGR272C,YGL086W,0,-4.722006,0.28328007459640503,0.7979999780654907,0.20190000534057617
YKL216W,YJL104W,0,-4.7223034,0.28317955136299133,0.7979999780654907,0.20200000703334808
YDL008W,YDL155W,0,-4.722493,0.2830791175365448,0.7979999780654907,0.2020999938249588
YPL194W,YML018C,0,-4.722845,0.28297871351242065,0.7979999780654907,0.2021999955177307
YJL148W,YLR132C,0,-4.722928,0.28287839889526367,0.7979999780654907,0.20229999721050262
YJL154C,YML093W,0,-4.7230635,0.28277817368507385,0.7979999780654907,0.20239999890327454
YDR014W,YNR067C,0,-4.723218,0.2826780080795288,0.7979999780654907,0.20250000059604645
YOR077W,YER035W,0,-4.723812,0.28257790207862854,0.7979999780654907,0.20260000228881836
YAL054C,YDR196C,0,-4.7239017,0.28247788548469543,0.7979999780654907,0.20270000398159027
YGR239C,YPL153C,0,-4.7243032,0.2823779284954071,0.7979999780654907,0.20280000567436218
YPL069C,YPR191W,0,-4.7243576,0.28227803111076355,0.7979999780654907,0.2029000073671341
YDR079C-A,YNL314W,1,-4.7245035,0.28253182768821716,0.7990000247955322,0.2029000073671341
YKL108W,YMR190C,0,-4.7247353,0.282431960105896,0.7990000247955322,0.2029999941587448
YMR295C,YMR121C,0,-4.7249117,0.2823321521282196,0.7990000247955322,0.20309999585151672
YER172C,YDR465C,0,-4.725189,0.2822324335575104,0.7990000247955322,0.20319999754428864
YML129C,YKL064W,0,-4.725374,0.2821327745914459,0.7990000247955322,0.20329999923706055
YOL066C,YJL097W,0,-4.7253847,0.28203317523002625,0.7990000247955322,0.20340000092983246
YPL082C,YDR311W,1,-4.725667,0.28228652477264404,0.800000011920929,0.20340000092983246
YDR164C,YMR020W,0,-4.726364,0.28218695521354675,0.800000011920929,0.20350000262260437
YMR309C,YNL206C,0,-4.72661,0.28208744525909424,0.800000011920929,0.20360000431537628
YGR274C,YPL177C,1,-4.7269974,0.28234049677848816,0.8009999990463257,0.20360000431537628
YKL144C,YDR371W,0,-4.7270164,0.28224101662635803,0.8009999990463257,0.2037000060081482
YNL222W,YGR274C,1,-4.7271214,0.28249382972717285,0.8019999861717224,0.2037000060081482
YJL011C,YGR246C,1,-4.7277145,0.28274646401405334,0.8029999732971191,0.2037000060081482
YNL112W,YOR074C,0,-4.727872,0.28264695405960083,0.8029999732971191,0.2037999927997589
YDL216C,YMR112C,0,-4.728093,0.2825475037097931,0.8029999732971191,0.20389999449253082
YKL139W,YDL075W,0,-4.7287016,0.2824481129646301,0.8029999732971191,0.20399999618530273
YPL268W,YMR077C,0,-4.7288446,0.2823488116264343,0.8029999732971191,0.20409999787807465
YNL135C,YPL271W,0,-4.729148,0.2822495698928833,0.8029999732971191,0.20419999957084656
YBR077C,YBR245C,0,-4.7294226,0.28215038776397705,0.8029999732971191,0.20430000126361847
YLR106C,YOL149W,0,-4.72945,0.28205129504203796,0.8029999732971191,0.20440000295639038
YML029W,YKL206C,0,-4.729805,0.28195226192474365,0.8029999732971191,0.2045000046491623
YER088C,YGR091W,0,-4.7299376,0.2818532884120941,0.8029999732971191,0.2046000063419342
YKL206C,YGR278W,0,-4.7299795,0.28175437450408936,0.8029999732971191,0.20469999313354492
YER045C,YPL007C,1,-4.7307606,0.28200632333755493,0.8040000200271606,0.20469999313354492
YDL140C,YER014C-A,0,-4.730919,0.28190743923187256,0.8040000200271606,0.20479999482631683
YER113C,YGL174W,0,-4.7328835,0.28180861473083496,0.8040000200271606,0.20489999651908875
YPL082C,YGL112C,1,-4.733041,0.28206026554107666,0.8050000071525574,0.20489999651908875
YPR190C,YLR016C,0,-4.733876,0.28196147084236145,0.8050000071525574,0.20499999821186066
YBR115C,YLR403W,0,-4.7340345,0.281862735748291,0.8050000071525574,0.20509999990463257
YFR028C,YJR097W,0,-4.7343063,0.28176409006118774,0.8050000071525574,0.20520000159740448
YGR108W,YPR070W,0,-4.734392,0.28166550397872925,0.8050000071525574,0.2053000032901764
YIL143C,YPR186C,1,-4.7344475,0.2819167673587799,0.8059999942779541,0.2053000032901764
YPL268W,YLR144C,0,-4.73545,0.2818181812763214,0.8059999942779541,0.2054000049829483
YPL139C,YDR483W,0,-4.7354794,0.2817196846008301,0.8059999942779541,0.20550000667572021
YOR338W,YBL088C,0,-4.735709,0.2816212475299835,0.8059999942779541,0.20559999346733093
YHR188C,YML040W,0,-4.735712,0.28152287006378174,0.8059999942779541,0.20569999516010284
YDL185W,YPR024W,0,-4.7366085,0.2814245820045471,0.8059999942779541,0.20579999685287476
YDL129W,YHR117W,0,-4.7372837,0.2813263535499573,0.8059999942779541,0.20589999854564667
YLR129W,YBL009W,0,-4.7374544,0.2812281847000122,0.8059999942779541,0.20600000023841858
YFL044C,YOL026C,0,-4.737979,0.2811301052570343,0.8059999942779541,0.2061000019311905
YGL172W,YGR091W,0,-4.738145,0.28103208541870117,0.8059999942779541,0.2062000036239624
YGR158C,YDR461W,0,-4.738679,0.2809341251850128,0.8059999942779541,0.20630000531673431
YER171W,YCR042C,1,-4.738924,0.28118467330932617,0.8069999814033508,0.20630000531673431
YLR441C,YKL152C,0,-4.739189,0.2810867428779602,0.8069999814033508,0.20640000700950623
YBR202W,YJL133W,0,-4.7394133,0.280988872051239,0.8069999814033508,0.20649999380111694
YGR010W,YOR222W,0,-4.739421,0.2808910608291626,0.8069999814033508,0.20659999549388885
YBR156C,YER050C,0,-4.739477,0.28079330921173096,0.8069999814033508,0.20669999718666077
YEL047C,YLR378C,0,-4.7399616,0.2806956470012665,0.8069999814033508,0.20679999887943268
YKL009W,YOL075C,0,-4.7401247,0.2805980443954468,0.8069999814033508,0.2069000005722046
YLR376C,YDR534C,0,-4.740159,0.28050053119659424,0.8069999814033508,0.2070000022649765
YJR068W,YML070W,0,-4.740162,0.2804030478000641,0.8069999814033508,0.2071000039577484
YML015C,YPL129W,1,-4.740238,0.2806529998779297,0.8080000281333923,0.2071000039577484
YDL007W,YDR466W,0,-4.740529,0.2805555462837219,0.8080000281333923,0.20720000565052032
YGL035C,YPL241C,0,-4.740879,0.2804581820964813,0.8080000281333923,0.20730000734329224
YBR133C,YNL102W,0,-4.740946,0.2803608477115631,0.8080000281333923,0.20739999413490295
YBR057C,YDR219C,0,-4.7409554,0.28026360273361206,0.8080000281333923,0.20749999582767487
YMR068W,YGR167W,0,-4.7409782,0.2801664471626282,0.8080000281333923,0.20759999752044678
YNL153C,YNL050C,0,-4.741,0.2800693213939667,0.8080000281333923,0.2076999992132187
YGR272C,YHR032W,0,-4.741029,0.27997228503227234,0.8080000281333923,0.2078000009059906
YLR244C,YOR389W,0,-4.7413015,0.2798753082752228,0.8080000281333923,0.2079000025987625
YPR186C,YMR236W,1,-4.7413874,0.2801246643066406,0.8090000152587891,0.2079000025987625
YDR334W,YGL257C,0,-4.741929,0.28002768754959106,0.8090000152587891,0.20800000429153442
YMR278W,YNL219C,0,-4.742527,0.27993080019950867,0.8090000152587891,0.20810000598430634
YJL157C,YJR158W,0,-4.7425585,0.27983397245407104,0.8090000152587891,0.20819999277591705
YOR315W,YDR020C,0,-4.7426605,0.2797372043132782,0.8090000152587891,0.20829999446868896
YMR109W,YOR326W,0,-4.7434826,0.2796405255794525,0.8090000152587891,0.20839999616146088
YER045C,YPR186C,1,-4.743535,0.27988943457603455,0.8100000023841858,0.20839999616146088
YBR022W,YOL054W,0,-4.743806,0.27979275584220886,0.8100000023841858,0.2084999978542328
YML093W,YLR208W,0,-4.743844,0.27969613671302795,0.8100000023841858,0.2085999995470047
YOR279C,YGL211W,0,-4.744133,0.2795995771884918,0.8100000023841858,0.2087000012397766
YCL055W,YLR096W,0,-4.7442074,0.27950310707092285,0.8100000023841858,0.20880000293254852
YOL028C,YMR032W,0,-4.7455406,0.27940669655799866,0.8100000023841858,0.20890000462532043
YJL125C,YKR001C,0,-4.745782,0.27931034564971924,0.8100000023841858,0.20900000631809235
YGR261C,YBL079W,0,-4.746257,0.2792140543460846,0.8100000023841858,0.20909999310970306
YLR394W,YMR054W,0,-4.7462626,0.2791178524494171,0.8100000023841858,0.20919999480247498
YDR416W,YDR501W,0,-4.7465115,0.2790217101573944,0.8100000023841858,0.2092999964952469
YOR073W,YIL162W,0,-4.746648,0.2789256274700165,0.8100000023841858,0.2093999981880188
YDR265W,YNR035C,0,-4.7467995,0.2788296043872833,0.8100000023841858,0.2094999998807907
YPL183W-A,YNL061W,0,-4.746952,0.27873364090919495,0.8100000023841858,0.20960000157356262
YAL001C,YBL103C,1,-4.747431,0.2789817750453949,0.8109999895095825,0.20960000157356262
YLR314C,YDR334W,0,-4.7477455,0.2788858413696289,0.8109999895095825,0.20970000326633453
YOL058W,YGL002W,0,-4.748026,0.2787899672985077,0.8109999895095825,0.20980000495910645
YLR109W,YPR102C,0,-4.7483263,0.27869415283203125,0.8109999895095825,0.20990000665187836
YGR203W,YCR102C,0,-4.7484255,0.278598427772522,0.8109999895095825,0.20999999344348907
YNL227C,YPR182W,0,-4.7484713,0.2785027325153351,0.8109999895095825,0.210099995136261
YLR106C,YHR094C,0,-4.7485304,0.27840712666511536,0.8109999895095825,0.2101999968290329
YML032C,YER030W,0,-4.7485657,0.2783116102218628,0.8109999895095825,0.2102999985218048
YOL062C,YOR205C,0,-4.748598,0.2782161235809326,0.8109999895095825,0.21040000021457672
YBL098W,YDR231C,0,-4.748662,0.2781207263469696,0.8109999895095825,0.21050000190734863
YDR079C-A,YGR246C,1,-4.749323,0.27836817502975464,0.8119999766349792,0.21050000190734863
YNL222W,YOR194C,1,-4.7493954,0.2786155045032501,0.8130000233650208,0.21050000190734863
YBR172C,YNL177C,0,-4.74957,0.27852004766464233,0.8130000233650208,0.21060000360012054
YGR203W,YJR015W,0,-4.7497425,0.2784246504306793,0.8130000233650208,0.21070000529289246
YNL257C,YPR056W,1,-4.7504005,0.2786716818809509,0.8140000104904175,0.21070000529289246
YDR097C,YDR373W,0,-4.751174,0.2785763144493103,0.8140000104904175,0.21080000698566437
YEL038W,YHR107C,0,-4.751276,0.27848100662231445,0.8140000104904175,0.21089999377727509
YHR109W,YGR034W,0,-4.7515182,0.2783857583999634,0.8140000104904175,0.210999995470047
YBR231C,YGL175C,0,-4.751589,0.27829059958457947,0.8140000104904175,0.2110999971628189
YER112W,YHR168W,0,-4.7520943,0.27819550037384033,0.8140000104904175,0.21119999885559082
YLR285W,YPL086C,0,-4.7524395,0.2781004309654236,0.8140000104904175,0.21130000054836273
YNR028W,YML006C,0,-4.75286,0.278005450963974,0.8140000104904175,0.21140000224113464
YER171W,YGL112C,1,-4.753009,0.278251975774765,0.8149999976158142,0.21140000224113464
YDR240C,YHR129C,0,-4.753067,0.27815699577331543,0.8149999976158142,0.21150000393390656
YPR186C,YPL129W,1,-4.753316,0.27840328216552734,0.8159999847412109,0.21150000393390656
YGL207W,YPL007C,1,-4.7535524,0.27864938974380493,0.8169999718666077,0.21150000393390656
YKL078W,YBR281C,0,-4.7536764,0.27855437994003296,0.8169999718666077,0.21160000562667847
YIL114C,YOL064C,0,-4.7537527,0.27845942974090576,0.8169999718666077,0.21170000731945038
YPR101W,YER029C,0,-4.753889,0.2783645689487457,0.8169999718666077,0.2117999941110611
YHR134W,YLR394W,0,-4.7542257,0.27826976776123047,0.8169999718666077,0.211899995803833
YJL019W,YML123C,0,-4.7542944,0.2781749963760376,0.8169999718666077,0.21199999749660492
YEL009C,YER150W,0,-4.75453,0.2780803143978119,0.8169999718666077,0.21209999918937683
YKL166C,YER044C,0,-4.754569,0.27798572182655334,0.8169999718666077,0.21220000088214874
YIR025W,YGL050W,0,-4.754713,0.2778911590576172,0.8169999718666077,0.21230000257492065
YHR056C,YBR261C,0,-4.754772,0.2777966558933258,0.8169999718666077,0.21240000426769257
YCR003W,YDR044W,0,-4.7553244,0.2777022421360016,0.8169999718666077,0.21250000596046448
YML015C,YDR460W,1,-4.7556906,0.27794766426086426,0.8180000185966492,0.21250000596046448
YML010W,YHR115C,0,-4.7559204,0.27785325050354004,0.8180000185966492,0.2125999927520752
YDR330W,YOR396W,0,-4.7560024,0.277758926153183,0.8180000185966492,0.2126999944448471
YIL143C,YOL067C,1,-4.7562675,0.27800408005714417,0.8190000057220459,0.2126999944448471
YDR128W,YDL210W,0,-4.7569304,0.2779097259044647,0.8190000057220459,0.21279999613761902
YJR014W,YNL310C,0,-4.757139,0.27781546115875244,0.8190000057220459,0.21289999783039093
YBL074C,YGR014W,0,-4.75729,0.27772125601768494,0.8190000057220459,0.21299999952316284
YPL016W,YJR113C,0,-4.757799,0.2776271104812622,0.8190000057220459,0.21310000121593475
YGL131C,YLR035C,0,-4.75786,0.27753305435180664,0.8190000057220459,0.21320000290870667
YER154W,YDR498C,0,-4.7583246,0.27743902802467346,0.8190000057220459,0.21330000460147858
YHR077C,YMR276W,0,-4.7587786,0.27734506130218506,0.8190000057220459,0.2134000062942505
YJR006W,YIL122W,0,-4.758834,0.2772511839866638,0.8190000057220459,0.2134999930858612
YOL145C,YGR162W,0,-4.7589264,0.27715736627578735,0.8190000057220459,0.21359999477863312
YBR160W,YDR131C,0,-4.758972,0.27706360816955566,0.8190000057220459,0.21369999647140503
YLR134W,YLR120C,0,-4.7592163,0.27696990966796875,0.8190000057220459,0.21379999816417694
YBL036C,YLR051C,0,-4.75951,0.2768762707710266,0.8190000057220459,0.21389999985694885
YIL143C,YJL011C,1,-4.7597322,0.2771206498146057,0.8199999928474426,0.21389999985694885
YKL184W,YNL182C,0,-4.7597923,0.27702704071998596,0.8199999928474426,0.21400000154972076
YMR013C,YOR030W,0,-4.759882,0.2769334614276886,0.8199999928474426,0.21410000324249268
YOR130C,YOR308C,0,-4.760248,0.2768399715423584,0.8199999928474426,0.2142000049352646
YER069W,YPL089C,0,-4.760474,0.276746541261673,0.8199999928474426,0.2143000066280365
YNL257C,YJL011C,1,-4.7607975,0.2769905626773834,0.8209999799728394,0.2143000066280365
YGR033C,YMR214W,0,-4.7609196,0.276897132396698,0.8209999799728394,0.21439999341964722
YNL131W,YMR079W,0,-4.76108,0.27680376172065735,0.8209999799728394,0.21449999511241913
YPR054W,YDL060W,0,-4.761301,0.27671048045158386,0.8209999799728394,0.21459999680519104
YAL061W,YLR081W,0,-4.7614136,0.27661725878715515,0.8209999799728394,0.21469999849796295
YLL045C,YHR168W,0,-4.7617693,0.2765240967273712,0.8209999799728394,0.21480000019073486
YDR121W,YJL109C,0,-4.7637157,0.27643096446990967,0.8209999799728394,0.21490000188350677
YDR416W,YNL095C,0,-4.764905,0.2763379216194153,0.8209999799728394,0.2150000035762787
YBR105C,YAL041W,0,-4.765562,0.2762449383735657,0.8209999799728394,0.2151000052690506
YMR104C,YLR158C,0,-4.766288,0.2761520445346832,0.8209999799728394,0.2152000069618225
YDR279W,YDL126C,0,-4.766924,0.27605918049812317,0.8209999799728394,0.21529999375343323
YPL202C,YGL166W,1,-4.7670555,0.2763025164604187,0.8220000267028809,0.21529999375343323
YMR099C,YMR281W,0,-4.76764,0.27620968222618103,0.8220000267028809,0.21539999544620514
YOR120W,YJR005W,0,-4.768078,0.27611690759658813,0.8220000267028809,0.21549999713897705
YOR298W,YKL113C,0,-4.768629,0.2760241627693176,0.8220000267028809,0.21559999883174896
YIR011C,YIL072W,0,-4.7689238,0.2759315073490143,0.8220000267028809,0.21570000052452087
YOR028C,YNR072W,0,-4.7689342,0.2758389115333557,0.8220000267028809,0.21580000221729279
YOR346W,YJL073W,0,-4.7691793,0.2757464051246643,0.8220000267028809,0.2159000039100647
YJL030W,YFL054C,0,-4.7694283,0.2756539285182953,0.8220000267028809,0.2160000056028366
YBR228W,YLR421C,0,-4.769535,0.27556151151657104,0.8220000267028809,0.21610000729560852
YHR086W,YJR017C,0,-4.769535,0.2754691541194916,0.8220000267028809,0.21619999408721924
YLR136C,YHL002W,0,-4.7697124,0.2753768861293793,0.8220000267028809,0.21629999577999115
YGL035C,YDR003W,0,-4.770197,0.27528464794158936,0.8220000267028809,0.21639999747276306
YHL019C,YKR090W,0,-4.7706776,0.2751924991607666,0.8220000267028809,0.21649999916553497
YNL271C,YER133W,0,-4.770998,0.2751004099845886,0.8220000267028809,0.21660000085830688
YMR276W,YNL210W,0,-4.77124,0.27500835061073303,0.8220000267028809,0.2167000025510788
YLR441C,YBR118W,0,-4.771345,0.2749163806438446,0.8220000267028809,0.2168000042438507
YJL072C,YHL002W,0,-4.7718678,0.27482447028160095,0.8220000267028809,0.21690000593662262
YDR226W,YFR041C,0,-4.7723103,0.2747326195240021,0.8220000267028809,0.21699999272823334
YBL074C,YDR409W,0,-4.772314,0.274640828371048,0.8220000267028809,0.21709999442100525
YOL034W,YLR373C,0,-4.772438,0.27454909682273865,0.8220000267028809,0.21719999611377716
YKL216W,YIL002C,0,-4.7725153,0.2744574248790741,0.8220000267028809,0.21729999780654907
YKL117W,YJR127C,0,-4.7728395,0.2743658125400543,0.8220000267028809,0.21739999949932098
YOR298C-A,YPL020C,0,-4.773814,0.2742742598056793,0.8220000267028809,0.2175000011920929
YLR028C,YHR056C,0,-4.7739077,0.2741827964782715,0.8220000267028809,0.2176000028848648
YDR334W,YNL254C,0,-4.773923,0.27409136295318604,0.8220000267028809,0.21770000457763672
YOR315W,YJR129C,0,-4.7741013,0.27399998903274536,0.8220000267028809,0.21780000627040863
YPR056W,YGR186W,1,-4.774316,0.27424192428588867,0.8230000138282776,0.21780000627040863
YOL057W,YFL001W,0,-4.7752295,0.2741505801677704,0.8230000138282776,0.21789999306201935
YMR109W,YMR319C,0,-4.775934,0.2740592658519745,0.8230000138282776,0.21799999475479126
YOL077C,YDR082W,0,-4.776623,0.27396804094314575,0.8230000138282776,0.21809999644756317
YMR047C,YLR208W,0,-4.77666,0.2738768756389618,0.8230000138282776,0.21819999814033508
YDL197C,YOL026C,0,-4.77676,0.2737857699394226,0.8230000138282776,0.218299999833107
YOL038W,YOR131C,0,-4.7769537,0.2736947238445282,0.8230000138282776,0.2184000015258789
YML064C,YBR004C,0,-4.777071,0.27360373735427856,0.8230000138282776,0.21850000321865082
YDR051C,YKL091C,0,-4.7775564,0.2735127806663513,0.8230000138282776,0.21860000491142273
YKL137W,YOR294W,0,-4.7775774,0.27342191338539124,0.8230000138282776,0.21870000660419464
YMR308C,YGL157W,0,-4.7782297,0.2733311057090759,0.8230000138282776,0.21879999339580536
YOR089C,YLL036C,0,-4.778343,0.2732403576374054,0.8230000138282776,0.21889999508857727
YBR123C,YNL314W,1,-4.7784233,0.2734815776348114,0.8240000009536743,0.21889999508857727
YPL149W,YHR081W,0,-4.778887,0.27339082956314087,0.8240000009536743,0.21899999678134918
YBR216C,YCR037C,0,-4.779027,0.2733001708984375,0.8240000009536743,0.2190999984741211
YOR025W,YJL203W,0,-4.779236,0.2732095420360565,0.8240000009536743,0.219200000166893
YML062C,YPL275W,0,-4.7794237,0.2731190025806427,0.8240000009536743,0.21930000185966492
YJL011C,YER148W,1,-4.779462,0.27335983514785767,0.824999988079071,0.21930000185966492
YKL184W,YKL175W,0,-4.779481,0.27326929569244385,0.824999988079071,0.21940000355243683
YHR191C,YDR169C,0,-4.7795954,0.2731788158416748,0.824999988079071,0.21950000524520874
YNL257C,YPL122C,1,-4.779791,0.27341940999031067,0.8259999752044678,0.21950000524520874
YKL139W,YOR298C-A,0,-4.7798653,0.2733289301395416,0.8259999752044678,0.21960000693798065
YHR002W,YIR005W,0,-4.779936,0.27323850989341736,0.8259999752044678,0.21969999372959137
YGR261C,YDR067C,0,-4.7801094,0.27314814925193787,0.8259999752044678,0.21979999542236328
YKL125W,YNL218W,0,-4.7802,0.27305784821510315,0.8259999752044678,0.2198999971151352
YLR109W,YEL020C,0,-4.7813463,0.2729676067829132,0.8259999752044678,0.2199999988079071
YDR314C,YGR223C,0,-4.7815485,0.27287742495536804,0.8259999752044678,0.22010000050067902
YNL273W,YLL001W,0,-4.78197,0.27278733253479004,0.8259999752044678,0.22020000219345093
YKR046C,YLR274W,0,-4.782055,0.2726972699165344,0.8259999752044678,0.22030000388622284
YBL041W,YOL072W,0,-4.782193,0.2726072669029236,0.8259999752044678,0.22040000557899475
YIR002C,YIL073C,0,-4.7823763,0.2725173234939575,0.8259999752044678,0.22050000727176666
YMR227C,YPR186C,1,-4.782607,0.27275726199150085,0.8270000219345093,0.22050000727176666
YER173W,YBR033W,0,-4.7833433,0.2726673185825348,0.8270000219345093,0.22059999406337738
YLR385C,YDR143C,0,-4.7834616,0.2725774645805359,0.8270000219345093,0.2206999957561493
YIL010W,YOL138C,0,-4.7836666,0.2724876403808594,0.8270000219345093,0.2207999974489212
YMR049C,YCR071C,0,-4.784067,0.27239790558815,0.8270000219345093,0.22089999914169312
YDL195W,YNL087W,0,-4.784315,0.27230820059776306,0.8270000219345093,0.22100000083446503
YGL046W,YPL258C,0,-4.784403,0.2722185552120209,0.8270000219345093,0.22110000252723694
YHR101C,YKR071C,0,-4.784626,0.27212899923324585,0.8270000219345093,0.22120000422000885
YLR153C,YPL131W,0,-4.784684,0.2720394730567932,0.8270000219345093,0.22130000591278076
YPL202C,YKL028W,1,-4.784745,0.2722788453102112,0.828000009059906,0.22130000591278076
YOL028C,YNL213C,0,-4.785488,0.27218934893608093,0.828000009059906,0.22139999270439148
YDL190C,YGR104C,0,-4.7862473,0.27209991216659546,0.828000009059906,0.2214999943971634
YBR185C,YPR006C,0,-4.786353,0.2720105051994324,0.828000009059906,0.2215999960899353
YPL086C,YBL089W,0,-4.786518,0.27192118763923645,0.828000009059906,0.22169999778270721
YHR085W,YML051W,0,-4.7866793,0.2718318998813629,0.828000009059906,0.22179999947547913
YNL301C,YNL220W,0,-4.7867346,0.27174270153045654,0.828000009059906,0.22190000116825104
YKR035W-A,YMR121C,0,-4.7872,0.27165353298187256,0.828000009059906,0.22200000286102295
YDR207C,YKL210W,0,-4.7872343,0.27156445384025574,0.828000009059906,0.22210000455379486
YJR014W,YOL137W,0,-4.78747,0.2714754045009613,0.828000009059906,0.22220000624656677
YHR046C,YML115C,0,-4.787506,0.27138644456863403,0.828000009059906,0.2222999930381775
YGL029W,YNL122C,0,-4.7875385,0.27129751443862915,0.828000009059906,0.2223999947309494
YLR369W,YIL076W,0,-4.787575,0.27120864391326904,0.828000009059906,0.2224999964237213
YGR275W,YOR084W,0,-4.7876043,0.2711198329925537,0.828000009059906,0.22259999811649323
YIL035C,YNL322C,0,-4.787635,0.27103108167648315,0.828000009059906,0.22269999980926514
YKL126W,YLR176C,0,-4.788063,0.27094241976737976,0.828000009059906,0.22280000150203705
YHL009C,YKR056W,0,-4.788743,0.27085378766059875,0.828000009059906,0.22290000319480896
YNL085W,YGL002W,0,-4.7888393,0.2707652151584625,0.828000009059906,0.22300000488758087
YGR163W,YBL102W,0,-4.7890434,0.27067670226097107,0.828000009059906,0.22310000658035278
YJL011C,YMR236W,1,-4.7891226,0.27091503143310547,0.8289999961853027,0.22310000658035278
YCL026C-A,YDR082W,0,-4.7896986,0.270826518535614,0.8289999961853027,0.2231999933719635
YER026C,YIL040W,0,-4.7897663,0.27073806524276733,0.8289999961853027,0.2232999950647354
YBR152W,YJR057W,0,-4.7903023,0.2706497013568878,0.8289999961853027,0.22339999675750732
YBR198C,YLR005W,1,-4.7904263,0.27088773250579834,0.8299999833106995,0.22339999675750732
YPL180W,YLR318W,0,-4.7904596,0.27079933881759644,0.8299999833106995,0.22349999845027924
YOL072W,YER184C,0,-4.7905226,0.2707110345363617,0.8299999833106995,0.22360000014305115
YMR162C,YHR065C,0,-4.790882,0.27062276005744934,0.8299999833106995,0.22370000183582306
YMR039C,YMR080C,0,-4.7914963,0.27053454518318176,0.8299999833106995,0.22380000352859497
YNL136W,YFR052W,0,-4.7915163,0.27044638991355896,0.8299999833106995,0.22390000522136688
YER110C,YDL194W,0,-4.792137,0.27035829424858093,0.8299999833106995,0.2240000069141388
YGR274C,YPR186C,1,-4.7921934,0.270595908164978,0.8309999704360962,0.2240000069141388
YDR454C,YOL093W,0,-4.792226,0.2705078125,0.8309999704360962,0.2240999937057495
YMR208W,YGL224C,0,-4.792243,0.27041977643966675,0.8309999704360962,0.22419999539852142
YPR119W,YGL033W,0,-4.792262,0.27033182978630066,0.8309999704360962,0.22429999709129333
YOR210W,YGL090W,0,-4.792471,0.27024391293525696,0.8309999704360962,0.22439999878406525
YMR231W,YGR200C,0,-4.7924767,0.27015605568885803,0.8309999704360962,0.22450000047683716
YOL089C,YGR186W,1,-4.792514,0.2703932523727417,0.8320000171661377,0.22450000047683716
YEL026W,YPR052C,0,-4.7929907,0.2703053951263428,0.8320000171661377,0.22460000216960907
YER171W,YOL067C,1,-4.793004,0.2705423831939697,0.8330000042915344,0.22460000216960907
YDR448W,YCL032W,0,-4.7930374,0.2704545557498932,0.8330000042915344,0.22470000386238098
YDR076W,YMR122W-A,0,-4.794348,0.27036675810813904,0.8330000042915344,0.2248000055551529
YGR010W,YGL237C,0,-4.79459,0.27027904987335205,0.8330000042915344,0.2249000072479248
YOR328W,YCL069W,0,-4.7947254,0.27019137144088745,0.8330000042915344,0.22499999403953552
YNL257C,YDR460W,1,-4.7950754,0.27042800188064575,0.8339999914169312,0.22499999403953552
YOR179C,YOR190W,0,-4.796151,0.27034035325050354,0.8339999914169312,0.22509999573230743
YER013W,YDL043C,0,-4.7962646,0.2702527642250061,0.8339999914169312,0.22519999742507935
YAL043C,YKR104W,0,-4.7962866,0.27016520500183105,0.8339999914169312,0.22529999911785126
YJL134W,YLR373C,0,-4.796465,0.2700777053833008,0.8339999914169312,0.22540000081062317
YPR190C,YGL223C,0,-4.796767,0.26999029517173767,0.8339999914169312,0.22550000250339508
YFL001W,YPL271W,0,-4.7968483,0.26990291476249695,0.8339999914169312,0.225600004196167
YDL156W,YKL017C,0,-4.797511,0.269815593957901,0.8339999914169312,0.2257000058889389
YFL017W-A,YJR098C,0,-4.7975254,0.26972833275794983,0.8339999914169312,0.22579999268054962
YEL053C,YOL068C,0,-4.797538,0.26964113116264343,0.8339999914169312,0.22589999437332153
YDR362C,YMR236W,1,-4.7980013,0.26987719535827637,0.8349999785423279,0.22589999437332153
YBR083W,YER119C,0,-4.7986135,0.26978999376296997,0.8349999785423279,0.22599999606609344
YDL020C,YNR021W,0,-4.7989197,0.26970285177230835,0.8349999785423279,0.22609999775886536
YBR281C,YCR073C,0,-4.7991076,0.2696157693862915,0.8349999785423279,0.22619999945163727
YHR200W,YOL112W,0,-4.799488,0.26952871680259705,0.8349999785423279,0.22630000114440918
YGL112C,YOL067C,1,-4.7995653,0.2697644531726837,0.8360000252723694,0.22630000114440918
YBR243C,YER122C,0,-4.799717,0.26967743039131165,0.8360000252723694,0.2264000028371811
YMR039C,YGR070W,0,-4.799819,0.26959046721458435,0.8360000252723694,0.226500004529953
YIR012W,YLR116W,0,-4.8001375,0.26950353384017944,0.8360000252723694,0.22660000622272491
YOR116C,YGR169C,0,-4.8005695,0.2694166898727417,0.8360000252723694,0.22669999301433563
YHR206W,YPR165W,0,-4.8008575,0.26932990550994873,0.8360000252723694,0.22679999470710754
YBL016W,YPL033C,0,-4.800907,0.26924315094947815,0.8360000252723694,0.22689999639987946
YDL006W,YFR008W,0,-4.8019953,0.26915648579597473,0.8360000252723694,0.22699999809265137
YJL056C,YBR006W,0,-4.802022,0.2690698504447937,0.8360000252723694,0.22709999978542328
YOL142W,YEL063C,0,-4.80227,0.26898327469825745,0.8360000252723694,0.2272000014781952
YDR123C,YLR164W,0,-4.8025017,0.26889675855636597,0.8360000252723694,0.2273000031709671
YOR322C,YCR030C,0,-4.803056,0.26881030201911926,0.8360000252723694,0.227400004863739
YPL082C,YOL067C,1,-4.8032265,0.26904532313346863,0.8370000123977661,0.227400004863739
YJL109C,YGR074W,0,-4.8033447,0.2689588665962219,0.8370000123977661,0.22750000655651093
YGR081C,YNL230C,0,-4.8036823,0.26887246966362,0.8370000123977661,0.22759999334812164
YER162C,YDR180W,0,-4.8042994,0.26878613233566284,0.8370000123977661,0.22769999504089355
YJR082C,YGL173C,0,-4.8046865,0.2686998248100281,0.8370000123977661,0.22779999673366547
YDL019C,YPL153C,0,-4.8047686,0.2686136066913605,0.8370000123977661,0.22789999842643738
YJL111W,YDL136W,0,-4.804861,0.26852741837501526,0.8370000123977661,0.2280000001192093
YPR035W,YNR045W,0,-4.804986,0.2684413194656372,0.8370000123977661,0.2281000018119812
YBR022W,YPR185W,0,-4.805071,0.26835525035858154,0.8370000123977661,0.2282000035047531
YOR035C,YAL047C,0,-4.805086,0.26826924085617065,0.8370000123977661,0.22830000519752502
YDR332W,YMR135C,0,-4.805437,0.26818326115608215,0.8370000123977661,0.22840000689029694
YMR135C,YLR028C,0,-4.805645,0.2680973708629608,0.8370000123977661,0.22849999368190765
YDL108W,YOL067C,1,-4.8058977,0.26833173632621765,0.8379999995231628,0.22849999368190765
YHR070W,YKR101W,0,-4.8059044,0.2682458460330963,0.8379999995231628,0.22859999537467957
YBR258C,YDR483W,0,-4.805993,0.26815998554229736,0.8379999995231628,0.22869999706745148
YDR222W,YGL011C,0,-4.8066473,0.2680742144584656,0.8379999995231628,0.2287999987602234
YBR276C,YDR496C,0,-4.8066645,0.2679884731769562,0.8379999995231628,0.2289000004529953
YOL138C,YEL029C,0,-4.8068695,0.26790282130241394,0.8379999995231628,0.2290000021457672
YML106W,YGL170C,0,-4.807559,0.2678171992301941,0.8379999995231628,0.22910000383853912
YOR069W,YCR030C,0,-4.807563,0.267731636762619,0.8379999995231628,0.22920000553131104
YHR216W,YKL053C-A,0,-4.8076982,0.2676461338996887,0.8379999995231628,0.22930000722408295
YOL149W,YAL032C,0,-4.8083925,0.2675606608390808,0.8379999995231628,0.22939999401569366
YOR283W,YCR037C,0,-4.808529,0.26747527718544006,0.8379999995231628,0.22949999570846558
YNL257C,YPL082C,1,-4.8087797,0.26770898699760437,0.8389999866485596,0.22949999570846558
YDR253C,YNR072W,0,-4.8104267,0.2676236033439636,0.8389999866485596,0.2295999974012375
YPR190C,YGR037C,0,-4.8105345,0.26753827929496765,0.8389999866485596,0.2296999990940094
YIL091C,YJL204C,0,-4.8107595,0.26745298504829407,0.8389999866485596,0.2298000007867813
YER008C,YNL261W,0,-4.8109465,0.26736775040626526,0.8389999866485596,0.22990000247955322
YGL207W,YLR005W,1,-4.8112335,0.2676011323928833,0.8399999737739563,0.22990000247955322
YLR013W,YNL322C,0,-4.811926,0.2675159275531769,0.8399999737739563,0.23000000417232513
YNL084C,YPL266W,0,-4.8120813,0.26743075251579285,0.8399999737739563,0.23010000586509705
YML015C,YNL314W,1,-4.812171,0.2676638960838318,0.8410000205039978,0.23010000586509705
YGL241W,YGR216C,0,-4.812208,0.26757875084877014,0.8410000205039978,0.23019999265670776
YEL009C,YPL050C,0,-4.8126183,0.2674936354160309,0.8410000205039978,0.23029999434947968
YJL011C,YOL067C,1,-4.8126698,0.2677265405654907,0.8420000076293945,0.23029999434947968
YDL156W,YPR073C,0,-4.813013,0.26764145493507385,0.8420000076293945,0.2303999960422516
YGL207W,YGL166W,1,-4.813534,0.267874151468277,0.8429999947547913,0.2303999960422516
YML078W,YOL125W,0,-4.8138266,0.2677890658378601,0.8429999947547913,0.2304999977350235
YDL188C,YGR189C,0,-4.814536,0.267704039812088,0.8429999947547913,0.2305999994277954
YDR138W,YNR070W,0,-4.81472,0.2676190435886383,0.8429999947547913,0.23070000112056732
YDL147W,YEL021W,0,-4.8150063,0.2675341069698334,0.8429999947547913,0.23080000281333923
YMR233W,YLR003C,0,-4.815052,0.2674492299556732,0.8429999947547913,0.23090000450611115
YJR044C,YCL031C,0,-4.815196,0.26736441254615784,0.8429999947547913,0.23100000619888306
YGR047C,YNL257C,1,-4.815219,0.26759669184684753,0.843999981880188,0.23100000619888306
YML121W,YGR207C,0,-4.816025,0.26751187443733215,0.843999981880188,0.23109999299049377
YJL115W,YAL025C,0,-4.816537,0.26742711663246155,0.843999981880188,0.23119999468326569
YJR067C,YPL231W,0,-4.816592,0.2673424184322357,0.843999981880188,0.2312999963760376
YGR075C,YKR069W,0,-4.8170567,0.2672577500343323,0.843999981880188,0.2313999980688095
YHR011W,YDR228C,0,-4.8173447,0.2671731412410736,0.843999981880188,0.23149999976158142
YFL003C,YMR071C,0,-4.8174887,0.2670886218547821,0.843999981880188,0.23160000145435333
YDR338C,YDL193W,0,-4.817625,0.2670041024684906,0.843999981880188,0.23170000314712524
YNL039W,YGL166W,1,-4.818596,0.2672359347343445,0.8450000286102295,0.23170000314712524
YKR081C,YGR067C,0,-4.8190613,0.26715144515037537,0.8450000286102295,0.23180000483989716
YKL120W,YLR191W,0,-4.819742,0.267067015171051,0.8450000286102295,0.23190000653266907
YLR427W,YOR233W,0,-4.819786,0.2669826149940491,0.8450000286102295,0.23199999332427979
YPR031W,YOR054C,0,-4.819872,0.2668983042240143,0.8450000286102295,0.2320999950170517
YDL112W,YJL073W,0,-4.820606,0.2668140232563019,0.8450000286102295,0.2321999967098236
YLR182W,YPR127W,0,-4.8208447,0.26672980189323425,0.8450000286102295,0.23229999840259552
YPL164C,YGR009C,0,-4.821026,0.2666456401348114,0.8450000286102295,0.23240000009536743
YBR228W,YOR288C,0,-4.821289,0.26656150817871094,0.8450000286102295,0.23250000178813934
YML095C,YDR436W,0,-4.821697,0.26647746562957764,0.8450000286102295,0.23260000348091125
YML074C,YER055C,0,-4.8218985,0.2663934528827667,0.8450000286102295,0.23270000517368317
YDR054C,YOR349W,0,-4.822502,0.2663094997406006,0.8450000286102295,0.23280000686645508
YDR533C,YKL203C,0,-4.822753,0.26622557640075684,0.8450000286102295,0.2328999936580658
YBR066C,YNL336W,0,-4.823059,0.26614174246788025,0.8450000286102295,0.2329999953508377
YNR049C,YAL055W,0,-4.82333,0.26605793833732605,0.8450000286102295,0.23309999704360962
YLR204W,YOR168W,0,-4.823601,0.2659741938114166,0.8450000286102295,0.23319999873638153
YDR400W,YML049C,0,-4.8237886,0.265890508890152,0.8450000286102295,0.23330000042915344
YPL110C,YBR296C,0,-4.8238745,0.2658068537712097,0.8450000286102295,0.23340000212192535
YLR403W,YJR135C,0,-4.824024,0.26572325825691223,0.8450000286102295,0.23350000381469727
YFL023W,YDR480W,0,-4.824382,0.2656397223472595,0.8450000286102295,0.23360000550746918
YCL032W,YHR066W,0,-4.8245173,0.2655562460422516,0.8450000286102295,0.2337000072002411
YNL232W,YLR057W,0,-4.824563,0.2654728293418884,0.8450000286102295,0.2337999939918518
YDL069C,YDL153C,0,-4.824787,0.26538944244384766,0.8450000286102295,0.23389999568462372
YJL011C,YPL082C,1,-4.8260574,0.26562008261680603,0.8460000157356262,0.23389999568462372
YER089C,YKL218C,0,-4.8263283,0.26553672552108765,0.8460000157356262,0.23399999737739563
YPL194W,YNL284C,0,-4.826709,0.26545339822769165,0.8460000157356262,0.23409999907016754
YFL041W,YJR005W,0,-4.827297,0.26537013053894043,0.8460000157356262,0.23420000076293945
YGL131C,YHR143W-A,0,-4.827485,0.265286922454834,0.8460000157356262,0.23430000245571136
YDR529C,YNL119W,0,-4.8278236,0.2652037739753723,0.8460000157356262,0.23440000414848328
YJR055W,YOR291W,0,-4.82847,0.26512065529823303,0.8460000157356262,0.2345000058412552
YDR245W,YLR319C,0,-4.8285904,0.2650375962257385,0.8460000157356262,0.2345999926328659
YBR217W,YJL008C,0,-4.8286514,0.2649545967578888,0.8460000157356262,0.23469999432563782
YPL202C,YGR186W,1,-4.828759,0.2651847302913666,0.847000002861023,0.23469999432563782
YOL021C,YKL107W,0,-4.829028,0.26510173082351685,0.847000002861023,0.23479999601840973
YJR105W,YOR295W,0,-4.829734,0.2650187611579895,0.847000002861023,0.23489999771118164
YPL083C,YGL128C,0,-4.830204,0.2649358808994293,0.847000002861023,0.23499999940395355
YPL032C,YDR139C,0,-4.83025,0.26485303044319153,0.847000002861023,0.23510000109672546
YCR039C,YDL084W,0,-4.8304415,0.2647702395915985,0.847000002861023,0.23520000278949738
YBR227C,YNL191W,0,-4.8305655,0.26468750834465027,0.847000002861023,0.2353000044822693
YDR339C,YLR353W,0,-4.8309784,0.2646048069000244,0.847000002861023,0.2354000061750412
YNL292W,YOL045W,0,-4.831686,0.26452216506004333,0.847000002861023,0.23549999296665192
YDR208W,YPR200C,0,-4.8317156,0.26443958282470703,0.847000002861023,0.23559999465942383
YCR102C,YPR033C,0,-4.8330336,0.2643570601940155,0.847000002861023,0.23569999635219574
YOR197W,YML113W,0,-4.83333,0.26427456736564636,0.847000002861023,0.23579999804496765
YHR062C,YPL118W,0,-4.833555,0.264192134141922,0.847000002861023,0.23589999973773956
YHR183W,YER110C,0,-4.8336163,0.2641097605228424,0.847000002861023,0.23600000143051147
YPL031C,YNL003C,0,-4.8338585,0.2640274167060852,0.847000002861023,0.2361000031232834
YOR246C,YHR172W,0,-4.833909,0.26394516229629517,0.847000002861023,0.2362000048160553
YBR103W,YIL093C,0,-4.8341846,0.2638629376888275,0.847000002861023,0.2363000065088272
YIL110W,YDR143C,0,-4.834367,0.26378074288368225,0.847000002861023,0.23639999330043793
YDR540C,YCR040W,0,-4.834404,0.26369863748550415,0.847000002861023,0.23649999499320984
YAL055W,YPL055C,0,-4.834546,0.26361656188964844,0.847000002861023,0.23659999668598175
YNL088W,YHL007C,0,-4.8350353,0.2635345458984375,0.847000002861023,0.23669999837875366
YLR183C,YBR192W,0,-4.835122,0.26345255970954895,0.847000002861023,0.23680000007152557
YKR054C,YPL226W,0,-4.8356886,0.2633706331253052,0.847000002861023,0.23690000176429749
YHR191C,YKR101W,0,-4.835805,0.2632887661457062,0.847000002861023,0.2370000034570694
YGR077C,YNL158W,0,-4.8363886,0.26320695877075195,0.847000002861023,0.2371000051498413
YMR228W,YGR128C,0,-4.8363953,0.2631251811981201,0.847000002861023,0.23720000684261322
YER148W,YOL067C,1,-4.83663,0.26335403323173523,0.8479999899864197,0.23720000684261322
YPR101W,YDR369C,0,-4.8368816,0.2632722854614258,0.8479999899864197,0.23729999363422394
YGL079W,YPL223C,0,-4.836933,0.2631905674934387,0.8479999899864197,0.23739999532699585
YOR106W,YLR079W,0,-4.836996,0.26310890913009644,0.8479999899864197,0.23749999701976776
YGL124C,YOL008W,0,-4.8371277,0.26302728056907654,0.8479999899864197,0.23759999871253967
YNL092W,YKL174C,0,-4.837163,0.2629457414150238,0.8479999899864197,0.23770000040531158
YMR269W,YMR193W,0,-4.83718,0.26286423206329346,0.8479999899864197,0.2378000020980835
YNL309W,YPR023C,0,-4.837531,0.2627827823162079,0.8479999899864197,0.2379000037908554
YHR046C,YMR099C,0,-4.837638,0.2627013623714447,0.8479999899864197,0.23800000548362732
YGL019W,YLR132C,0,-4.8377666,0.2626200020313263,0.8479999899864197,0.23810000717639923
YMR263W,YGR263C,0,-4.8378534,0.26253870129585266,0.8479999899864197,0.23819999396800995
YFL048C,YOL045W,0,-4.8378887,0.2624574303627014,0.8479999899864197,0.23829999566078186
YBR074W,YHR074W,0,-4.83811,0.26237624883651733,0.8479999899864197,0.23839999735355377
YDR452W,YOL145C,0,-4.83877,0.26229506731033325,0.8479999899864197,0.23849999904632568
YKL179C,YBL071W-A,0,-4.8396893,0.26221397519111633,0.8479999899864197,0.2386000007390976
YDR014W,YDL129W,0,-4.839903,0.2621329128742218,0.8479999899864197,0.2387000024318695
YJL033W,YLL003W,0,-4.840167,0.26205191016197205,0.8479999899864197,0.23880000412464142
YLL008W,YHL002W,0,-4.840275,0.26197096705436707,0.8479999899864197,0.23890000581741333
YDR191W,YBR187W,0,-4.8405724,0.2618900537490845,0.8479999899864197,0.23899999260902405
YJL011C,YKR062W,1,-4.8415117,0.2621179521083832,0.8489999771118164,0.23899999260902405
YNL224C,YNL160W,0,-4.8420143,0.2620370388031006,0.8489999771118164,0.23909999430179596
YDR320C-A,YDL092W,0,-4.842018,0.26195618510246277,0.8489999771118164,0.23919999599456787
YPR124W,YAL047C,0,-4.842022,0.2618753910064697,0.8489999771118164,0.23929999768733978
YGR246C,YFL021W,1,-4.842067,0.26210299134254456,0.8500000238418579,0.23929999768733978
YKL013C,YKL175W,0,-4.8425274,0.2620221972465515,0.8500000238418579,0.2393999993801117
YOR197W,YMR154C,0,-4.8426065,0.26194146275520325,0.8500000238418579,0.2395000010728836
YHR099W,YNL304W,0,-4.8426685,0.26186075806617737,0.8500000238418579,0.23960000276565552
YOR057W,YJL139C,0,-4.843666,0.26178011298179626,0.8500000238418579,0.23970000445842743
YLL008W,YCR034W,0,-4.843668,0.26169949769973755,0.8500000238418579,0.23980000615119934
YLL015W,YGR036C,0,-4.8438063,0.261618971824646,0.8500000238418579,0.23989999294281006
YLR228C,YKL213C,0,-4.8438263,0.26153847575187683,0.8500000238418579,0.23999999463558197
YML081C-A,YLR237W,0,-4.8438683,0.26145800948143005,0.8500000238418579,0.24009999632835388
YFR005C,YOR323C,0,-4.844059,0.26137760281562805,0.8500000238418579,0.2401999980211258
YLR229C,YLR096W,0,-4.8441877,0.2612972557544708,0.8500000238418579,0.2402999997138977
YBR010W,YDR534C,0,-4.8443747,0.2612169682979584,0.8500000238418579,0.24040000140666962
YGL232W,YMR121C,0,-4.844472,0.2611367106437683,0.8500000238418579,0.24050000309944153
YBR275C,YGL013C,0,-4.844578,0.261056512594223,0.8500000238418579,0.24060000479221344
YMR114C,YOR317W,0,-4.8451843,0.2609763443470001,0.8500000238418579,0.24070000648498535
YBR102C,YOR377W,0,-4.8452826,0.2608962655067444,0.8500000238418579,0.24079999327659607
YLR441C,YEL046C,0,-4.845293,0.26081618666648865,0.8500000238418579,0.24089999496936798
YOL077C,YJR160C,0,-4.8453865,0.2607361972332001,0.8500000238418579,0.2409999966621399
YNL015W,YHR002W,0,-4.845886,0.2606562376022339,0.8500000238418579,0.2410999983549118
YEL042W,YDR011W,0,-4.8460646,0.2605763375759125,0.8500000238418579,0.24120000004768372
YGL211W,YJL041W,0,-4.8461742,0.26049646735191345,0.8500000238418579,0.24130000174045563
YMR280C,YLR297W,0,-4.846241,0.2604166567325592,0.8500000238418579,0.24140000343322754
YDR146C,YDR026C,0,-4.8473024,0.26033690571784973,0.8500000238418579,0.24150000512599945
YLR216C,YGL145W,0,-4.847619,0.26025718450546265,0.8500000238418579,0.24160000681877136
YKL086W,YLL003W,0,-4.847645,0.26017752289772034,0.8500000238418579,0.24169999361038208
YOR275C,YER083C,0,-4.8477907,0.2600979208946228,0.8500000238418579,0.241799995303154
YNL290W,YJR160C,0,-4.8478775,0.26001834869384766,0.8500000238418579,0.2418999969959259
YNL015W,YGR058W,0,-4.847989,0.2599388360977173,0.8500000238418579,0.24199999868869781
YKL120W,YDR316W,0,-4.848112,0.2598593831062317,0.8500000238418579,0.24210000038146973
YDR352W,YLR142W,0,-4.848178,0.2597799599170685,0.8500000238418579,0.24220000207424164
YNR061C,YJL214W,0,-4.84834,0.25970056653022766,0.8500000238418579,0.24230000376701355
YLR229C,YKL170W,0,-4.8486767,0.259621262550354,0.8500000238418579,0.24240000545978546
YJL151C,YNR074C,0,-4.8488846,0.25954198837280273,0.8500000238418579,0.24250000715255737
YGR105W,YIL048W,0,-4.8488865,0.25946277379989624,0.8500000238418579,0.2425999939441681
YML015C,YOL089C,1,-4.849039,0.25968873500823975,0.8510000109672546,0.2425999939441681
YBL060W,YJR155W,0,-4.8491964,0.25960952043533325,0.8510000109672546,0.24269999563694
YLR285W,YPR048W,0,-4.8494797,0.25953033566474915,0.8510000109672546,0.24279999732971191
YOL064C,YER140W,0,-4.8502445,0.2594512104988098,0.8510000109672546,0.24289999902248383
YPR200C,YOR206W,0,-4.8502874,0.25937214493751526,0.8510000109672546,0.24300000071525574
YKL086W,YBL093C,0,-4.850484,0.2592931091785431,0.8510000109672546,0.24310000240802765
YPL194W,YHR141C,0,-4.8505793,0.2592141330242157,0.8510000109672546,0.24320000410079956
YPL031C,YMR264W,0,-4.850708,0.2591351866722107,0.8510000109672546,0.24330000579357147
YCL055W,YAL032C,0,-4.8507404,0.25905632972717285,0.8510000109672546,0.2433999925851822
YDR265W,YBR261C,0,-4.850869,0.258977472782135,0.8510000109672546,0.2434999942779541
YPR111W,YOL018C,0,-4.85118,0.25889870524406433,0.8510000109672546,0.243599995970726
YIL112W,YLR035C,0,-4.85198,0.25881993770599365,0.8510000109672546,0.24369999766349792
YNL223W,YMR075W,0,-4.8521204,0.25874125957489014,0.8510000109672546,0.24379999935626984
YML060W,YJR105W,0,-4.852247,0.258662611246109,0.8510000109672546,0.24390000104904175
YKL091C,YOR205C,0,-4.8524675,0.25858402252197266,0.8510000109672546,0.24400000274181366
YNL003C,YMR312W,0,-4.8524866,0.2585054636001587,0.8510000109672546,0.24410000443458557
YML009C,YLR129W,0,-4.8525724,0.2584269642829895,0.8510000109672546,0.24420000612735748
YOR014W,YBR187W,0,-4.8530426,0.2583485245704651,0.8510000109672546,0.2442999929189682
YGR028W,YGL044C,0,-4.853072,0.25827011466026306,0.8510000109672546,0.2443999946117401
YNL222W,YPR025C,1,-4.853116,0.25849515199661255,0.8519999980926514,0.2443999946117401
YHR046C,YDR016C,0,-4.8532953,0.2584167420864105,0.8519999980926514,0.24449999630451202
YEL009C,YOR322C,0,-4.8534393,0.25833839178085327,0.8519999980926514,0.24459999799728394
YLR222C,YKR006C,0,-4.853651,0.2582600712776184,0.8519999980926514,0.24469999969005585
YHR167W,YIL132C,0,-4.8536873,0.2581818103790283,0.8519999980926514,0.24480000138282776
YPL016W,YOR131C,0,-4.853922,0.258103609085083,0.8519999980926514,0.24490000307559967
YOR354C,YEL003W,0,-4.8539705,0.2580254375934601,0.8519999980926514,0.24500000476837158
YOL034W,YMR296C,0,-4.8541117,0.25794732570648193,0.8519999980926514,0.2451000064611435
YDR072C,YBR172C,0,-4.854348,0.25786924362182617,0.8519999980926514,0.2451999932527542
YER171W,YAL001C,1,-4.854554,0.25809380412101746,0.8529999852180481,0.2451999932527542
YGL011C,YDR358W,0,-4.8557596,0.2580157220363617,0.8529999852180481,0.24529999494552612
YGR074W,YKR103W,0,-4.8563128,0.2579376995563507,0.8529999852180481,0.24539999663829803
YER049W,YPR182W,0,-4.856367,0.2578597366809845,0.8529999852180481,0.24549999833106995
YHL009C,YDR465C,0,-4.856641,0.2577818036079407,0.8529999852180481,0.24560000002384186
YBL074C,YLR148W,0,-4.857175,0.2577039301395416,0.8529999852180481,0.24570000171661377
YLL036C,YOR022C,0,-4.857176,0.25762608647346497,0.8529999852180481,0.24580000340938568
YPL023C,YPR083W,0,-4.857836,0.2575483024120331,0.8529999852180481,0.2459000051021576
YLR266C,YHR206W,0,-4.858552,0.25747057795524597,0.8529999852180481,0.2460000067949295
YOR025W,YOL145C,0,-4.859123,0.25739288330078125,0.8529999852180481,0.24609999358654022
YDR324C,YHR143W-A,0,-4.859315,0.2573152482509613,0.8529999852180481,0.24619999527931213
YOL137W,YMR065W,0,-4.8596296,0.25723764300346375,0.8529999852180481,0.24629999697208405
YOR261C,YDR480W,0,-4.860652,0.25716009736061096,0.8529999852180481,0.24639999866485596
YIL084C,YFR052W,0,-4.8606663,0.25708258152008057,0.8529999852180481,0.24650000035762787
YOR283W,YEL070W,0,-4.8609285,0.25700512528419495,0.8529999852180481,0.24660000205039978
YAL055W,YDR260C,0,-4.8621492,0.2569276988506317,0.8529999852180481,0.2467000037431717
YML114C,YER002W,0,-4.8622274,0.25685033202171326,0.8529999852180481,0.2468000054359436
YLR452C,YPL214C,0,-4.862808,0.2567730247974396,0.8529999852180481,0.24690000712871552
YNL267W,YBR084C-A,0,-4.8644123,0.2566957473754883,0.8529999852180481,0.24699999392032623
YNR061C,YJR055W,0,-4.8645735,0.25661852955818176,0.8529999852180481,0.24709999561309814
YGR180C,YGL022W,0,-4.8649054,0.25654134154319763,0.8529999852180481,0.24719999730587006
YML104C,YKL055C,0,-4.8652515,0.2564642131328583,0.8529999852180481,0.24729999899864197
YHR072W,YER007W,0,-4.865443,0.2563871443271637,0.8529999852180481,0.24740000069141388
YGR098C,YDR473C,0,-4.865589,0.2563101053237915,0.8529999852180481,0.2475000023841858
YOR208W,YBL018C,0,-4.865966,0.2562330961227417,0.8529999852180481,0.2476000040769577
YMR160W,YMR021C,0,-4.8661613,0.25615614652633667,0.8529999852180481,0.24770000576972961
YHR021C,YLR378C,0,-4.866333,0.2560792565345764,0.8529999852180481,0.24779999256134033
YDR497C,YMR216C,0,-4.8663597,0.25600239634513855,0.8529999852180481,0.24789999425411224
YCR057C,YKR087C,0,-4.8664236,0.25592559576034546,0.8529999852180481,0.24799999594688416
YPL127C,YOL133W,0,-4.86656,0.25584882497787476,0.8529999852180481,0.24809999763965607
YLR005W,YPL082C,1,-4.8669834,0.25607195496559143,0.8539999723434448,0.24809999763965607
YMR208W,YMR283C,0,-4.8670406,0.2559952139854431,0.8539999723434448,0.24819999933242798
YDL047W,YMR247C,0,-4.8671875,0.2559185028076172,0.8539999723434448,0.2483000010251999
YML081C-A,YGR200C,0,-4.867322,0.25584182143211365,0.8539999723434448,0.2484000027179718
YLR103C,YEL038W,0,-4.867486,0.2557651996612549,0.8539999723434448,0.2485000044107437
YJR022W,YMR033W,0,-4.8676367,0.2556886374950409,0.8539999723434448,0.24860000610351562
YNL197C,YDR173C,0,-4.8677216,0.2556121051311493,0.8539999723434448,0.24869999289512634
YDL143W,YJL204C,0,-4.8678617,0.2555356025695801,0.8539999723434448,0.24879999458789825
YBR030W,YKL175W,0,-4.86823,0.25545915961265564,0.8539999723434448,0.24889999628067017
YOR346W,YDR446W,0,-4.868305,0.255382776260376,0.8539999723434448,0.24899999797344208
YNL289W,YIL085C,0,-4.86882,0.2553064227104187,0.8539999723434448,0.249099999666214
YPL177C,YPL202C,1,-4.8692503,0.25552898645401,0.8550000190734863,0.249099999666214
YCL055W,YHR196W,0,-4.8697186,0.25545263290405273,0.8550000190734863,0.2492000013589859
YDR254W,YOL018C,0,-4.8701553,0.25537633895874023,0.8550000190734863,0.2493000030517578
YBR135W,YDR527W,0,-4.870637,0.2553000748157501,0.8550000190734863,0.24940000474452972
YCL031C,YOR297C,0,-4.870673,0.2552238702774048,0.8550000190734863,0.24950000643730164
YBR198C,YPL082C,1,-4.8710117,0.2554461359977722,0.8560000061988831,0.24950000643730164
YIL044C,YBR008C,0,-4.87107,0.2553699314594269,0.8560000061988831,0.24959999322891235
YMR042W,YHR046C,0,-4.871398,0.25529375672340393,0.8560000061988831,0.24969999492168427
YLR043C,YLR088W,0,-4.8715,0.25521764159202576,0.8560000061988831,0.24979999661445618
YKL028W,YPL082C,1,-4.8717356,0.2554396390914917,0.8569999933242798,0.24979999661445618
YFL021W,YPL007C,1,-4.871773,0.2556614875793457,0.8579999804496765,0.24979999661445618
YDR142C,YOR265W,0,-4.872349,0.25558534264564514,0.8579999804496765,0.2498999983072281
YDR312W,YNL072W,0,-4.8724213,0.25550922751426697,0.8579999804496765,0.25
YDR239C,YCL034W,0,-4.8726225,0.25543317198753357,0.8579999804496765,0.2500999867916107
YDR014W,YGR216C,0,-4.873233,0.25535714626312256,0.8579999804496765,0.2502000033855438
YMR167W,YGR191W,0,-4.8735,0.2552811801433563,0.8579999804496765,0.25029999017715454
YJL011C,YPR186C,1,-4.873947,0.2555026710033417,0.859000027179718,0.25029999017715454
YGR209C,YBL105C,0,-4.8740788,0.25542670488357544,0.859000027179718,0.25040000677108765
YPL204W,YLR272C,0,-4.8740883,0.2553507685661316,0.859000027179718,0.25049999356269836
YDR195W,YER140W,0,-4.874317,0.2552748918533325,0.859000027179718,0.25060001015663147
YMR030W,YGL089C,0,-4.874547,0.25519904494285583,0.859000027179718,0.2506999969482422
YGL122C,YMR315W,0,-4.874902,0.2551232576370239,0.859000027179718,0.2508000135421753
YPL177C,YNL314W,1,-4.8751526,0.255344420671463,0.8600000143051147,0.2508000135421753
YLR141W,YFL038C,0,-4.8754244,0.2552686333656311,0.8600000143051147,0.250900000333786
YIL004C,YOL005C,0,-4.8755236,0.2551928758621216,0.8600000143051147,0.25099998712539673
YKL175W,YBL058W,0,-4.87556,0.25511717796325684,0.8600000143051147,0.25110000371932983
YGL030W,YGL068W,0,-4.876091,0.2550415098667145,0.8600000143051147,0.25119999051094055
YLR427W,YCR028C,0,-4.8761883,0.2549659013748169,0.8600000143051147,0.25130000710487366
YOR224C,YKL175W,0,-4.876273,0.2548903524875641,0.8600000143051147,0.2513999938964844
YNL222W,YDR362C,1,-4.876548,0.25511109828948975,0.8610000014305115,0.2513999938964844
YER157W,YLR425W,0,-4.8766975,0.25503554940223694,0.8610000014305115,0.2515000104904175
YOR149C,YDL047W,0,-4.8770237,0.2549600303173065,0.8610000014305115,0.2515999972820282
YJR043C,YGR163W,0,-4.8777065,0.2548845410346985,0.8610000014305115,0.2517000138759613
YBR077C,YJL042W,0,-4.8779163,0.25480911135673523,0.8610000014305115,0.251800000667572
YPL042C,YNL182C,0,-4.878359,0.25473374128341675,0.8610000014305115,0.25189998745918274
YMR288W,YLR291C,0,-4.8785133,0.25465837121009827,0.8610000014305115,0.25200000405311584
YOR261C,YER170W,0,-4.8786945,0.25458309054374695,0.8610000014305115,0.25209999084472656
YKL007W,YFR051C,0,-4.879362,0.254507839679718,0.8610000014305115,0.25220000743865967
YNL014W,YDR109C,0,-4.8795204,0.2544326186180115,0.8610000014305115,0.2522999942302704
YEL003W,YDR512C,0,-4.879627,0.2543574571609497,0.8610000014305115,0.2524000108242035
YGR075C,YGL256W,0,-4.879668,0.2542823255062103,0.8610000014305115,0.2524999976158142
YOR171C,YNL084C,0,-4.879964,0.2542072534561157,0.8610000014305115,0.2526000142097473
YIL010W,YJL006C,0,-4.880254,0.2541322410106659,0.8610000014305115,0.25270000100135803
YJL060W,YIL074C,0,-4.8802986,0.25405725836753845,0.8610000014305115,0.25279998779296875
YBL090W,YDR062W,0,-4.8805704,0.2539823055267334,0.8610000014305115,0.25290000438690186
YBR097W,YLR408C,0,-4.880806,0.2539074122905731,0.8610000014305115,0.2529999911785126
YLR203C,YPR138C,0,-4.881049,0.25383254885673523,0.8610000014305115,0.2531000077724457
YDR470C,YDR101C,0,-4.8811493,0.2537577450275421,0.8610000014305115,0.2531999945640564
YEL009C,YMR036C,0,-4.8811913,0.2536829710006714,0.8610000014305115,0.2533000111579895
YDR314C,YDR483W,0,-4.8816376,0.25360825657844543,0.8610000014305115,0.2533999979496002
YGR167W,YLR014C,0,-4.881675,0.25353357195854187,0.8610000014305115,0.2535000145435333
YOR209C,YPL106C,0,-4.8817406,0.2534589469432831,0.8610000014305115,0.25360000133514404
YMR014W,YMR054W,0,-4.881777,0.2533843517303467,0.8610000014305115,0.25369998812675476
YGR198W,YBL018C,0,-4.8819914,0.25330978631973267,0.8610000014305115,0.25380000472068787
YPR079W,YJL141C,0,-4.882284,0.2532352805137634,0.8610000014305115,0.2538999915122986
YBR058C,YOL049W,0,-4.882329,0.25316083431243896,0.8610000014305115,0.2540000081062317
YHR134W,YLR368W,0,-4.882847,0.2530864179134369,0.8610000014305115,0.2540999948978424
YDR520C,YBR095C,0,-4.883013,0.2530120611190796,0.8610000014305115,0.2542000114917755
YPL202C,YKR062W,1,-4.883582,0.2532314956188202,0.8619999885559082,0.2542000114917755
YMR316W,YMR297W,0,-4.8836727,0.2531571090221405,0.8619999885559082,0.25429999828338623
YBR055C,YER014C-A,0,-4.884159,0.2530827820301056,0.8619999885559082,0.25440001487731934
YPR167C,YPL057C,0,-4.8844233,0.25300851464271545,0.8619999885559082,0.25450000166893005
YDR163W,YJL111W,0,-4.8847265,0.2529342770576477,0.8619999885559082,0.25459998846054077
YJL157C,YOR349W,0,-4.8849115,0.25286006927490234,0.8619999885559082,0.2547000050544739
YAL001C,YOR194C,1,-4.8855124,0.2530791759490967,0.8629999756813049,0.2547000050544739
YNL248C,YBR158W,0,-4.8855705,0.2530049979686737,0.8629999756813049,0.2547999918460846
YER147C,YPR181C,0,-4.8857145,0.25293081998825073,0.8629999756813049,0.2549000084400177
YJL011C,YNL314W,1,-4.8861094,0.25314971804618835,0.8640000224113464,0.2549000084400177
YIL168W,YHL027W,0,-4.886119,0.25307556986808777,0.8640000224113464,0.2549999952316284
YIR034C,YIL101C,0,-4.8862705,0.25300145149230957,0.8640000224113464,0.2551000118255615
YML111W,YNL152W,0,-4.8864517,0.25292739272117615,0.8640000224113464,0.25519999861717224
YDR354W,YKL190W,0,-4.8864584,0.2528533935546875,0.8640000224113464,0.25529998540878296
YPL064C,YCR020C,0,-4.8866024,0.25277939438819885,0.8640000224113464,0.25540000200271606
YML114C,YHR013C,0,-4.8875704,0.252705454826355,0.8640000224113464,0.2554999887943268
YDR314C,YML018C,0,-4.8878593,0.2526315748691559,0.8640000224113464,0.2556000053882599
YMR011W,YGL256W,0,-4.888092,0.2525577247142792,0.8640000224113464,0.2556999921798706
YER017C,YJR010W,0,-4.8883114,0.25248393416404724,0.8640000224113464,0.2558000087738037
YNL071W,YOR071C,0,-4.8890057,0.2524101734161377,0.8640000224113464,0.25589999556541443
YLR396C,YLR174W,0,-4.8892508,0.25233644247055054,0.8640000224113464,0.25600001215934753
YML015C,YPR186C,1,-4.8893967,0.2525547444820404,0.8650000095367432,0.25600001215934753
YNL106C,YGL244W,0,-4.8895397,0.25248101353645325,0.8650000095367432,0.25609999895095825
YGR010W,YDR378C,0,-4.889715,0.25240734219551086,0.8650000095367432,0.25619998574256897
YPL174C,YAL032C,0,-4.8900957,0.25233373045921326,0.8650000095367432,0.2563000023365021
YEL064C,YHR086W,0,-4.890131,0.25226014852523804,0.8650000095367432,0.2563999891281128
YBR215W,YCR002C,0,-4.8916025,0.2521865963935852,0.8650000095367432,0.2565000057220459
YPL202C,YDL108W,1,-4.892213,0.2524045407772064,0.8659999966621399,0.2565000057220459
YGR275W,YNL072W,0,-4.893504,0.2523309886455536,0.8659999966621399,0.2565999925136566
YKL146W,YIR011C,0,-4.8936024,0.25225749611854553,0.8659999966621399,0.2567000091075897
YDR440W,YPL026C,0,-4.8941298,0.25218403339385986,0.8659999966621399,0.25679999589920044
YLL004W,YCR067C,0,-4.894309,0.25211063027381897,0.8659999966621399,0.25690001249313354
YLR362W,YGL079W,0,-4.894643,0.25203725695610046,0.8659999966621399,0.25699999928474426
YPL139C,YHR206W,0,-4.894644,0.25196391344070435,0.8659999966621399,0.257099986076355
YKL113C,YBL068W,0,-4.8946457,0.251890629529953,0.8659999966621399,0.2572000026702881
YBR170C,YPL265W,0,-4.8951054,0.25181737542152405,0.8659999966621399,0.2572999894618988
YER148W,YPL082C,1,-4.895484,0.25203487277030945,0.8669999837875366,0.2572999894618988
YOR025W,YER058W,0,-4.8955355,0.2519616484642029,0.8669999837875366,0.2574000060558319
YJL128C,YML115C,0,-4.895587,0.2518884241580963,0.8669999837875366,0.2574999928474426
YOR073W,YEL029C,0,-4.895791,0.2518152892589569,0.8669999837875366,0.25760000944137573
YKL022C,YGR199W,0,-4.896101,0.2517421543598175,0.8669999837875366,0.25769999623298645
YML015C,YER045C,1,-4.8962803,0.25195935368537903,0.8679999709129333,0.25769999623298645
YDR450W,YCL050C,0,-4.896389,0.251886248588562,0.8679999709129333,0.25780001282691956
YHR028C,YNR010W,0,-4.896392,0.2518131732940674,0.8679999709129333,0.2578999996185303
YNL222W,YPL122C,1,-4.89649,0.2520301640033722,0.8690000176429749,0.2578999996185303
YBR253W,YOL019W,0,-4.896743,0.25195708870887756,0.8690000176429749,0.257999986410141
YPR016C,YOR098C,0,-4.8969936,0.2518840432167053,0.8690000176429749,0.2581000030040741
YLR448W,YBR127C,0,-4.8969975,0.25181105732917786,0.8690000176429749,0.2581999897956848
YIR002C,YGL022W,0,-4.8974285,0.25173813104629517,0.8690000176429749,0.2583000063896179
YDL216C,YFR052W,0,-4.897565,0.2516652047634125,0.8690000176429749,0.25839999318122864
YER045C,YML069W,1,-4.897602,0.251881867647171,0.8700000047683716,0.25839999318122864
YMR039C,YDR247W,0,-4.897814,0.2518089711666107,0.8700000047683716,0.25850000977516174
YNL305C,YDR466W,0,-4.8978844,0.2517361044883728,0.8700000047683716,0.25859999656677246
YDR119W,YGR218W,0,-4.898033,0.25166329741477966,0.8700000047683716,0.25870001316070557
YFR032C-A,YPL118W,0,-4.899167,0.2515905201435089,0.8700000047683716,0.2587999999523163
YOR089C,YMR122W-A,0,-4.8993998,0.25151777267456055,0.8700000047683716,0.258899986743927
YKL140W,YOR039W,0,-4.8997135,0.25144508481025696,0.8700000047683716,0.2590000033378601
YNL282W,YBL061C,0,-4.899867,0.25137242674827576,0.8700000047683716,0.2590999901294708
YJL143W,YMR092C,0,-4.9001684,0.25129982829093933,0.8700000047683716,0.25920000672340393
YNR049C,YIL103W,0,-4.900445,0.2512272596359253,0.8700000047683716,0.25929999351501465
YPL154C,YLR368W,0,-4.9006405,0.25115472078323364,0.8700000047683716,0.25940001010894775
YGL166W,YGR186W,1,-4.900955,0.2513708472251892,0.8709999918937683,0.25940001010894775
YJR135W-A,YER086W,0,-4.9012375,0.25129833817481995,0.8709999918937683,0.25949999690055847
YER001W,YMR127C,0,-4.9013014,0.2512258291244507,0.8709999918937683,0.2596000134944916
YMR047C,YHR072W,0,-4.901326,0.2511534094810486,0.8709999918937683,0.2597000002861023
YGR135W,YNL080C,0,-4.9015503,0.2510809898376465,0.8709999918937683,0.259799987077713
YER141W,YHR050W,0,-4.901866,0.25100865960121155,0.8709999918937683,0.2599000036716461
YHR099W,YEL029C,0,-4.902011,0.2509363293647766,0.8709999918937683,0.25999999046325684
YJR009C,YML042W,0,-4.9021826,0.25086405873298645,0.8709999918937683,0.26010000705718994
YNL112W,YIL159W,0,-4.9022713,0.2507918179035187,0.8709999918937683,0.26019999384880066
YOR025W,YKL125W,0,-4.903762,0.2507196366786957,0.8709999918937683,0.26030001044273376
YPR168W,YDR466W,0,-4.9039593,0.25064748525619507,0.8709999918937683,0.2603999972343445
YDR288W,YGR218W,0,-4.9041595,0.25057536363601685,0.8709999918937683,0.2605000138282776
YGR010W,YDR219C,0,-4.904889,0.2505033016204834,0.8709999918937683,0.2606000006198883
YBR234C,YMR266W,0,-4.904975,0.25043126940727234,0.8709999918937683,0.260699987411499
YIL047C,YGR263C,0,-4.9057302,0.25035929679870605,0.8709999918937683,0.26080000400543213
YOL060C,YOL054W,0,-4.9058084,0.25028735399246216,0.8709999918937683,0.26089999079704285
YML077W,YBR258C,0,-4.9072685,0.25021544098854065,0.8709999918937683,0.26100000739097595
YBR164C,YML022W,0,-4.90802,0.2501435875892639,0.8709999918937683,0.26109999418258667
YHR119W,YCR072C,0,-4.9084063,0.25007176399230957,0.8709999918937683,0.2612000107765198
YJL103C,YGL013C,0,-4.90856,0.25,0.8709999918937683,0.2612999975681305
YOR368W,YOR338W,0,-4.9086084,0.24992826581001282,0.8709999918937683,0.2614000141620636
YMR070W,YOR148C,0,-4.9089212,0.24985657632350922,0.8709999918937683,0.2615000009536743
YBR275C,YDR252W,0,-4.9089565,0.249784916639328,0.8709999918937683,0.26159998774528503
YNL261W,YOR297C,0,-4.909544,0.24971330165863037,0.8709999918937683,0.26170000433921814
YDL185W,YDL024C,0,-4.909564,0.24964173138141632,0.8709999918937683,0.26179999113082886
YMR077C,YDR115W,0,-4.909724,0.24957020580768585,0.8709999918937683,0.26190000772476196
YLR010C,YDR378C,0,-4.9099464,0.24949871003627777,0.8709999918937683,0.2619999945163727
YAL044C,YJR144W,0,-4.909972,0.24942725896835327,0.8709999918937683,0.2621000111103058
YBR156C,YDR447C,0,-4.91035,0.24935585260391235,0.8709999918937683,0.2621999979019165
YMR112C,YPL059W,0,-4.910825,0.24928449094295502,0.8709999918937683,0.2623000144958496
YNL222W,YCR042C,1,-4.9110785,0.24949929118156433,0.871999979019165,0.2623000144958496
YDR332W,YOR336W,0,-4.91121,0.2494279146194458,0.871999979019165,0.2624000012874603
YGR258C,YGL062W,0,-4.911851,0.24935659766197205,0.871999979019165,0.26249998807907104
YNL007C,YHR164C,0,-4.9118834,0.24928531050682068,0.871999979019165,0.26260000467300415
YLR305C,YGR108W,0,-4.912055,0.2492140680551529,0.871999979019165,0.26269999146461487
YML015C,YJL011C,1,-4.9121256,0.24942857027053833,0.8730000257492065,0.26269999146461487
YER171W,YLR005W,1,-4.912586,0.24964295327663422,0.8740000128746033,0.26269999146461487
YML072C,YBR261C,0,-4.912652,0.24957166612148285,0.8740000128746033,0.262800008058548
YLR285W,YKL144C,0,-4.913069,0.24950042366981506,0.8740000128746033,0.2628999948501587
YER183C,YHR178W,0,-4.9135,0.24942922592163086,0.8740000128746033,0.2630000114440918
YER013W,YDR038C,0,-4.913598,0.24935805797576904,0.8740000128746033,0.2630999982357025
YER117W,YNR070W,0,-4.9136896,0.2492869347333908,0.8740000128746033,0.2632000148296356
YLR100W,YDL150W,0,-4.9143057,0.24921585619449615,0.8740000128746033,0.26330000162124634
YHR074W,YPL017C,0,-4.9143324,0.2491448074579239,0.8740000128746033,0.26339998841285706
YJL137C,YJL044C,0,-4.9144278,0.2490738034248352,0.8740000128746033,0.26350000500679016
YJL011C,YPR025C,1,-4.914756,0.24928775429725647,0.875,0.26350000500679016
YLR043C,YDL114W,0,-4.9148054,0.24921675026416779,0.875,0.2635999917984009
YDL077C,YPL024W,0,-4.9148064,0.24914579093456268,0.875,0.263700008392334
YEL077C,YHR094C,0,-4.9148235,0.24907486140727997,0.875,0.2637999951839447
YGR251W,YDR067C,0,-4.9151306,0.24900399148464203,0.875,0.2639000117778778
YHL009C,YML088W,0,-4.915494,0.24893313646316528,0.875,0.2639999985694885
YIL035C,YGR175C,0,-4.9159403,0.2488623410463333,0.875,0.26409998536109924
YML060W,YEL065W,0,-4.9161997,0.24879159033298492,0.875,0.26420000195503235
YGR155W,YKL053C-A,0,-4.916874,0.24872086942195892,0.875,0.26429998874664307
YGR155W,YDR254W,0,-4.916897,0.2486501783132553,0.875,0.26440000534057617
YGR113W,YLR015W,0,-4.9170055,0.24857954680919647,0.875,0.2644999921321869
YHL009C,YML034W,0,-4.9170294,0.24850894510746002,0.875,0.26460000872612
YDR400W,YER115C,0,-4.917695,0.24843838810920715,0.875,0.2646999955177307
YGR262C,YDL246C,0,-4.9177246,0.24836786091327667,0.875,0.2648000121116638
YER053C,YOR279C,0,-4.9179344,0.24829739332199097,0.875,0.26489999890327454
YPL202C,YBR198C,1,-4.9182053,0.24851064383983612,0.8759999871253967,0.26489999890327454
YJR043C,YOR312C,0,-4.9184246,0.24844016134738922,0.8759999871253967,0.26499998569488525
YLR441C,YJR016C,0,-4.9187765,0.2483697235584259,0.8759999871253967,0.26510000228881836
YMR287C,YBL024W,0,-4.918886,0.24829931557178497,0.8759999871253967,0.2651999890804291
YMR280C,YGL039W,0,-4.918891,0.24822896718978882,0.8759999871253967,0.2653000056743622
YDR473C,YDL137W,0,-4.918952,0.24815863370895386,0.8759999871253967,0.2653999924659729
YMR227C,YPL082C,1,-4.91916,0.24837157130241394,0.8769999742507935,0.2653999924659729
YOR038C,YBR176W,0,-4.919402,0.24830125272274017,0.8769999742507935,0.265500009059906
YPR082C,YMR224C,0,-4.9195356,0.2482309639453888,0.8769999742507935,0.2655999958515167
YGR258C,YPL046C,0,-4.920475,0.248160719871521,0.8769999742507935,0.26570001244544983
YBR228W,YNL088W,0,-4.920557,0.24809052050113678,0.8769999742507935,0.26579999923706055
YPR135W,YJR010W,0,-4.920623,0.24802036583423615,0.8769999742507935,0.26589998602867126
YMR093W,YMR223W,0,-4.920642,0.2479502409696579,0.8769999742507935,0.26600000262260437
YDR363W,YLR028C,0,-4.9207153,0.24788016080856323,0.8769999742507935,0.2660999894142151
YAL001C,YGL112C,1,-4.9207697,0.2480926811695099,0.878000020980835,0.2660999894142151
YPR004C,YML116W,0,-4.9210443,0.24802260100841522,0.878000020980835,0.2662000060081482
YBR152W,YHR089C,0,-4.92136,0.24795255064964294,0.878000020980835,0.2662999927997589
YAL062W,YDR534C,0,-4.921549,0.24788254499435425,0.878000020980835,0.266400009393692
YPL177C,YGL207W,1,-4.921711,0.248094841837883,0.8790000081062317,0.266400009393692
YDR540C,YJR057W,0,-4.9218483,0.2480248361825943,0.8790000081062317,0.26649999618530273
YDL207W,YKL211C,0,-4.921957,0.247954860329628,0.8790000081062317,0.26660001277923584
YOR066W,YPR198W,0,-4.9220657,0.24788494408130646,0.8790000081062317,0.26669999957084656
YBR164C,YIL095W,0,-4.922102,0.2478150576353073,0.8790000081062317,0.2667999863624573
YBR175W,YOR234C,0,-4.922183,0.24774521589279175,0.8790000081062317,0.2669000029563904
YGR271C-A,YKL017C,0,-4.9222374,0.24767540395259857,0.8790000081062317,0.2669999897480011
YFR036W,YAL014C,0,-4.922291,0.24760563671588898,0.8790000081062317,0.2671000063419342
YDR419W,YDR003W,0,-4.9223375,0.24753589928150177,0.8790000081062317,0.2671999931335449
YOR201C,YDL103C,0,-4.9226065,0.24746622145175934,0.8790000081062317,0.267300009727478
YJL125C,YEL043W,0,-4.9226446,0.2473965734243393,0.8790000081062317,0.26739999651908875
YAL024C,YLL054C,0,-4.9227,0.24732695519924164,0.8790000081062317,0.26750001311302185
YPR052C,YJR158W,0,-4.92274,0.24725738167762756,0.8790000081062317,0.26759999990463257
YKL210W,YHR123W,0,-4.923399,0.24718785285949707,0.8790000081062317,0.2676999866962433
YNL139C,YDR233C,0,-4.9247675,0.24711835384368896,0.8790000081062317,0.2678000032901764
YJR067C,YGR158C,0,-4.9249353,0.24704889953136444,0.8790000081062317,0.2678999900817871
YER042W,YLR096W,0,-4.925392,0.2469794899225235,0.8790000081062317,0.2680000066757202
YJL112W,YDR347W,0,-4.9255953,0.24691011011600494,0.8790000081062317,0.26809999346733093
YDR479C,YKL211C,0,-4.925806,0.24684077501296997,0.8790000081062317,0.26820001006126404
YDL107W,YNL304W,0,-4.926053,0.24677146971225739,0.8790000081062317,0.26829999685287476
YDR159W,YJL165C,0,-4.9263115,0.24670222401618958,0.8790000081062317,0.26840001344680786
YKL203C,YDR216W,0,-4.9265614,0.24663299322128296,0.8790000081062317,0.2685000002384186
YEL022W,YPR164W,0,-4.9269075,0.24656382203102112,0.8790000081062317,0.2685999870300293
YML010W,YOR265W,0,-4.9269485,0.24649466574192047,0.8790000081062317,0.2687000036239624
YPL082C,YOR194C,1,-4.9271364,0.24670591950416565,0.8799999952316284,0.2687000036239624
YNL314W,YGR186W,1,-4.9275427,0.24691703915596008,0.8809999823570251,0.2687000036239624
YDR404C,YLR100W,0,-4.9275503,0.24684785306453705,0.8809999823570251,0.2687999904155731
YLR086W,YBL092W,0,-4.9276686,0.2467787116765976,0.8809999823570251,0.2689000070095062
YPL246C,YLL038C,0,-4.927987,0.24670960009098053,0.8809999823570251,0.26899999380111694
YJL123C,YER106W,0,-4.928088,0.24664053320884705,0.8809999823570251,0.26910001039505005
YOL077W-A,YDR237W,0,-4.928219,0.24657151103019714,0.8809999823570251,0.26919999718666077
YLR388W,YPL078C,0,-4.928525,0.24650251865386963,0.8809999823570251,0.26930001378059387
YHR134W,YGL124C,0,-4.9288025,0.2464335709810257,0.8809999823570251,0.2694000005722046
YPR182W,YGR292W,0,-4.9294033,0.24636465311050415,0.8809999823570251,0.2694999873638153
YJR135W-A,YPL131W,0,-4.929447,0.2462957799434662,0.8809999823570251,0.2696000039577484
YNL297C,YDR299W,0,-4.929864,0.2462269365787506,0.8809999823570251,0.26969999074935913
YAL029C,YML071C,0,-4.929905,0.24615813791751862,0.8809999823570251,0.26980000734329224
YJR133W,YOR231W,0,-4.9303055,0.2460893839597702,0.8809999823570251,0.26989999413490295
YCR028C,YOR188W,0,-4.9316025,0.24602065980434418,0.8809999823570251,0.27000001072883606
YBR004C,YJR002W,0,-4.9318666,0.24595198035240173,0.8809999823570251,0.2700999975204468
YOR063W,YJL063C,0,-4.9319334,0.24588333070278168,0.8809999823570251,0.2702000141143799
YKL061W,YDR331W,0,-4.932543,0.2458147257566452,0.8809999823570251,0.2703000009059906
YNL112W,YPL258C,0,-4.9325714,0.2457461655139923,0.8809999823570251,0.2703999876976013
YGR034W,YGL035C,0,-4.9326296,0.2456776350736618,0.8809999823570251,0.2705000042915344
YHR003C,YOL045W,0,-4.932909,0.24560914933681488,0.8809999823570251,0.27059999108314514
YNL222W,YJL011C,1,-4.9329357,0.24581940472126007,0.8820000290870667,0.27059999108314514
YBL034C,YBR010W,0,-4.933161,0.24575090408325195,0.8820000290870667,0.27070000767707825
YOR061W,YHR178W,0,-4.933875,0.24568244814872742,0.8820000290870667,0.27079999446868896
YGL019W,YLR274W,0,-4.9343824,0.24561403691768646,0.8820000290870667,0.27090001106262207
YGR167W,YBL113C,0,-4.934637,0.2455456554889679,0.8820000290870667,0.2709999978542328
YER045C,YGL207W,1,-4.9346466,0.2457556426525116,0.8830000162124634,0.2709999978542328
YLR090W,YPR189W,0,-4.9351606,0.24568726122379303,0.8830000162124634,0.2711000144481659
YLL005C,YPL103C,0,-4.935174,0.24561890959739685,0.8830000162124634,0.2712000012397766
YGR261C,YNL012W,0,-4.93526,0.24555061757564545,0.8830000162124634,0.27129998803138733
YML062C,YKR039W,0,-4.9353037,0.24548234045505524,0.8830000162124634,0.27140000462532043
YER003C,YCR023C,0,-4.935561,0.2454141229391098,0.8830000162124634,0.27149999141693115
YGL079W,YBL068W,0,-4.9363813,0.24534593522548676,0.8830000162124634,0.27160000801086426
YLL011W,YPL104W,0,-4.9364805,0.2452777773141861,0.8830000162124634,0.271699994802475
YMR316W,YDR485C,0,-4.9365854,0.24520966410636902,0.8830000162124634,0.2718000113964081
YPR060C,YML048W,0,-4.9366207,0.24514158070087433,0.8830000162124634,0.2718999981880188
YOL038W,YLR401C,0,-4.936736,0.24507355690002441,0.8830000162124634,0.2720000147819519
YBR289W,YMR042W,0,-4.9368715,0.2450055480003357,0.8830000162124634,0.2721000015735626
YKL206C,YKL100C,0,-4.9369354,0.24493758380413055,0.8830000162124634,0.27219998836517334
YDL069C,YER090W,0,-4.937441,0.244869664311409,0.8830000162124634,0.27230000495910645
YLL010C,YOR295W,0,-4.937619,0.24480177462100983,0.8830000162124634,0.27239999175071716
YML121W,YGL254W,0,-4.937684,0.24473392963409424,0.8830000162124634,0.27250000834465027
YHR115C,YOR205C,0,-4.938051,0.24466611444950104,0.8830000162124634,0.272599995136261
YLL003W,YOR037W,0,-4.9382095,0.24459834396839142,0.8830000162124634,0.2727000117301941
YDL155W,YIR018W,0,-4.938567,0.2445306032896042,0.8830000162124634,0.2727999985218048
YDR353W,YNL316C,0,-4.9388275,0.24446290731430054,0.8830000162124634,0.2728999853134155
YDR224C,YKL085W,0,-4.938895,0.24439524114131927,0.8830000162124634,0.27300000190734863
YEL071W,YDL042C,0,-4.9390574,0.2443276196718216,0.8830000162124634,0.27309998869895935
YML046W,YMR099C,0,-4.939109,0.2442600280046463,0.8830000162124634,0.27320000529289246
YPL008W,YNL083W,0,-4.940297,0.2441924810409546,0.8830000162124634,0.2732999920845032
YNR018W,YJR028W,0,-4.9404726,0.24412496387958527,0.8830000162124634,0.2734000086784363
YOL028C,YBR037C,0,-4.9404764,0.24405749142169952,0.8830000162124634,0.273499995470047
YJL011C,YGL166W,1,-4.9409113,0.24426637589931488,0.8840000033378601,0.273499995470047
YDR155C,YCR102C,0,-4.9412203,0.24419888854026794,0.8840000033378601,0.2736000120639801
YNR010W,YDL084W,0,-4.9412355,0.24413146078586578,0.8840000033378601,0.2736999988555908
YKR061W,YNL224C,0,-4.9417305,0.24406404793262482,0.8840000033378601,0.27379998564720154
YNL049C,YKR025W,0,-4.941777,0.24399669468402863,0.8840000033378601,0.27390000224113464
YOR323C,YOR131C,0,-4.942051,0.24392935633659363,0.8840000033378601,0.27399998903274536
YLR117C,YHR034C,0,-4.9425898,0.2438620626926422,0.8840000033378601,0.27410000562667847
YDR084C,YDL015C,0,-4.9428387,0.24379481375217438,0.8840000033378601,0.2741999924182892
YDR334W,YBR010W,0,-4.9431562,0.24372759461402893,0.8840000033378601,0.2743000090122223
YCL014W,YDR538W,0,-4.9432154,0.24366042017936707,0.8840000033378601,0.274399995803833
YLR310C,YML073C,0,-4.943449,0.2435932755470276,0.8840000033378601,0.2745000123977661
YLR027C,YKR090W,0,-4.943698,0.2435261756181717,0.8840000033378601,0.27459999918937683
YGL207W,YOL067C,1,-4.943946,0.24373450875282288,0.8849999904632568,0.27459999918937683
YBL113C,YPL212C,0,-4.943985,0.2436673939228058,0.8849999904632568,0.27469998598098755
YMR179W,YOL038W,0,-4.944004,0.24360032379627228,0.8849999904632568,0.27480000257492065
YMR058W,YER030W,0,-4.9443846,0.24353329837322235,0.8849999904632568,0.27489998936653137
YHR166C,YLR371W,0,-4.9449015,0.2434663027524948,0.8849999904632568,0.2750000059604645
YJL011C,YGL112C,1,-4.9449644,0.2436743676662445,0.8859999775886536,0.2750000059604645
YHR187W,YNR015W,0,-4.945363,0.24360737204551697,0.8859999775886536,0.2750999927520752
YAL033W,YML112W,0,-4.9456005,0.24354040622711182,0.8859999775886536,0.2752000093460083
YLR212C,YGR251W,0,-4.9457426,0.24347348511219025,0.8859999775886536,0.275299996137619
YDR020C,YHR203C,0,-4.94598,0.24340659379959106,0.8859999775886536,0.2754000127315521
YDR014W,YML131W,0,-4.9459906,0.24333974719047546,0.8859999775886536,0.27549999952316284
YIL157C,YML081C-A,0,-4.9464817,0.24327293038368225,0.8859999775886536,0.27559998631477356
YER087C-A,YKL180W,0,-4.9468975,0.24320614337921143,0.8859999775886536,0.27570000290870667
YDR191W,YIR017C,0,-4.947624,0.24313940107822418,0.8859999775886536,0.2757999897003174
YNL248C,YIR009W,0,-4.947776,0.24307270348072052,0.8859999775886536,0.2759000062942505
YDR405W,YLR357W,0,-4.9480705,0.24300603568553925,0.8859999775886536,0.2759999930858612
YHR074W,YPL151C,0,-4.9481535,0.24293939769268036,0.8859999775886536,0.2761000096797943
YDL202W,YMR099C,0,-4.9482565,0.24287280440330505,0.8859999775886536,0.27619999647140503
YGR047C,YNL314W,1,-4.9487753,0.24308030307292938,0.8870000243186951,0.27619999647140503
YER171W,YKL028W,1,-4.94987,0.24328766763210297,0.8880000114440918,0.27619999647140503
YOR008C,YDR418W,0,-4.9500675,0.24322102963924408,0.8880000114440918,0.27630001306533813
YER148W,YGR186W,1,-4.950598,0.24342826008796692,0.8889999985694885,0.27630001306533813
YGL175C,YNR046W,0,-4.950697,0.24336162209510803,0.8889999985694885,0.27639999985694885
YDL236W,YLR219W,0,-4.951255,0.24329501390457153,0.8889999985694885,0.27649998664855957
YGL013C,YGL205W,0,-4.9513836,0.24322845041751862,0.8889999985694885,0.2766000032424927
YDR017C,YAR003W,0,-4.951413,0.24316193163394928,0.8889999985694885,0.2766999900341034
YBR278W,YDR107C,0,-4.9514666,0.24309542775154114,0.8889999985694885,0.2768000066280365
YNL239W,YDR524C,0,-4.9522114,0.24302898347377777,0.8889999985694885,0.2768999934196472
YJL111W,YGL023C,0,-4.952276,0.2429625540971756,0.8889999985694885,0.2770000100135803
YER157W,YDR162C,0,-4.9523363,0.242896169424057,0.8889999985694885,0.27709999680519104
YGL012W,YER026C,0,-4.9523506,0.242829829454422,0.8889999985694885,0.27720001339912415
YHR179W,YDR421W,0,-4.952422,0.24276351928710938,0.8889999985694885,0.27730000019073486
YJR040W,YDR245W,0,-4.9527617,0.24269723892211914,0.8889999985694885,0.2773999869823456
YAL029C,YIL051C,0,-4.9528847,0.2426310032606125,0.8889999985694885,0.2775000035762787
YBR141C,YDR169C,0,-4.9529743,0.24256479740142822,0.8889999985694885,0.2775999903678894
YJL154C,YHR098C,0,-4.953328,0.24249863624572754,0.8889999985694885,0.2777000069618225
YPL163C,YBR022W,0,-4.95348,0.24243250489234924,0.8889999985694885,0.2777999937534332
YOR171C,YKL195W,0,-4.953826,0.24236641824245453,0.8889999985694885,0.27790001034736633
YGR062C,YIR015W,0,-4.953926,0.2423003613948822,0.8889999985694885,0.27799999713897705
YGL166W,YOL067C,1,-4.9539804,0.24250681698322296,0.8899999856948853,0.27799999713897705
YBR080C,YHR069C,0,-4.954279,0.24244074523448944,0.8899999856948853,0.27810001373291016
YIR035C,YGR251W,0,-4.9544706,0.2423747330904007,0.8899999856948853,0.2782000005245209
YLR109W,YEL009C,0,-4.954529,0.24230873584747314,0.8899999856948853,0.2782999873161316
YHR001W,YER170W,0,-4.9546013,0.24224278330802917,0.8899999856948853,0.2784000039100647
YOR221C,YPR019W,0,-4.954796,0.2421768754720688,0.8899999856948853,0.2784999907016754
YDR483W,YPR144C,0,-4.9548883,0.2421109974384308,0.8899999856948853,0.2786000072956085
YOR328W,YNL254C,0,-4.954961,0.24204514920711517,0.8899999856948853,0.27869999408721924
YNL298W,YPL031C,0,-4.955143,0.24197933077812195,0.8899999856948853,0.27880001068115234
YNL279W,YMR077C,0,-4.955474,0.2419135570526123,0.8899999856948853,0.27889999747276306
YHR179W,YDL042C,0,-4.955617,0.24184782803058624,0.8899999856948853,0.27900001406669617
YER075C,YNL027W,0,-4.9559383,0.24178212881088257,0.8899999856948853,0.2791000008583069
YML074C,YDL020C,0,-4.956151,0.24171645939350128,0.8899999856948853,0.2791999876499176
YOL004W,YPL227C,0,-4.956218,0.24165083467960358,0.8899999856948853,0.2793000042438507
YDR404C,YBL071W-A,0,-4.956272,0.24158523976802826,0.8899999856948853,0.2793999910354614
YNL035C,YEL038W,0,-4.956439,0.24151967465877533,0.8899999856948853,0.27950000762939453
YOL072W,YGL205W,0,-4.956829,0.24145415425300598,0.8899999856948853,0.27959999442100525
YDL141W,YGL180W,0,-4.9571753,0.24138866364955902,0.8899999856948853,0.27970001101493835
YER098W,YPL151C,0,-4.957323,0.24132321774959564,0.8899999856948853,0.2797999978065491
YGL227W,YPR133W-A,0,-4.9576645,0.24125778675079346,0.8899999856948853,0.2799000144004822
YDL188C,YJL204C,0,-4.9578924,0.24119241535663605,0.8899999856948853,0.2800000011920929
YNL275W,YHR030C,0,-4.958338,0.24112705886363983,0.8899999856948853,0.2800999879837036
YER164W,YMR094W,0,-4.9583406,0.2410617619752884,0.8899999856948853,0.2802000045776367
YGL048C,YCR014C,0,-4.95881,0.24099647998809814,0.8899999856948853,0.28029999136924744
YMR079W,YCR071C,0,-4.958972,0.24093124270439148,0.8899999856948853,0.28040000796318054
YKR080W,YPL152W,0,-4.9591074,0.2408660352230072,0.8899999856948853,0.28049999475479126
YDR090C,YOR066W,0,-4.9591312,0.2408008724451065,0.8899999856948853,0.28060001134872437
YGR076C,YDR016C,0,-4.959199,0.240735724568367,0.8899999856948853,0.2806999981403351
YHR067W,YPL083C,0,-4.9593124,0.24067063629627228,0.8899999856948853,0.2808000147342682
YHR134W,YBR125C,0,-4.9602013,0.24060556292533875,0.8899999856948853,0.2809000015258789
YGL050W,YPL112C,0,-4.960349,0.2405405342578888,0.8899999856948853,0.2809999883174896
YAL009W,YPL226W,0,-4.9605227,0.24047555029392242,0.8899999856948853,0.28110000491142273
YML015C,YKL028W,1,-4.9608974,0.24068070948123932,0.890999972820282,0.28110000491142273
YCR092C,YMR311C,0,-4.9614296,0.24061571061611176,0.890999972820282,0.28119999170303345
YLR266C,YBR092C,0,-4.9620247,0.24055075645446777,0.890999972820282,0.28130000829696655
YOL149W,YGR229C,0,-4.962042,0.24048583209514618,0.890999972820282,0.28139999508857727
YER171W,YDR362C,1,-4.9621305,0.24069076776504517,0.8920000195503235,0.28139999508857727
YKL021C,YCL047C,0,-4.962137,0.24062584340572357,0.8920000195503235,0.2815000116825104
YPL208W,YMR116C,0,-4.962406,0.24056094884872437,0.8920000195503235,0.2815999984741211
YPR192W,YGL174W,0,-4.9625425,0.24049608409404755,0.8920000195503235,0.2816999852657318
YJR043C,YGL226C-A,0,-4.962657,0.2404312640428543,0.8920000195503235,0.2818000018596649
YDL165W,YGR001C,0,-4.962738,0.24036647379398346,0.8920000195503235,0.28189998865127563
YDL051W,YDR518W,0,-4.9627466,0.2403017282485962,0.8920000195503235,0.28200000524520874
YJL151C,YBR020W,0,-4.964245,0.2402370125055313,0.8920000195503235,0.28209999203681946
YFL021W,YDR311W,1,-4.9643946,0.24044157564640045,0.8930000066757202,0.28209999203681946
YLR010C,YBR020W,0,-4.96467,0.24037684500217438,0.8930000066757202,0.28220000863075256
YLR136C,YGR105W,0,-4.9647083,0.24031215906143188,0.8930000066757202,0.2822999954223633
YLL008W,YLR447C,0,-4.9648447,0.24024751782417297,0.8930000066757202,0.2824000120162964
YMR288W,YDR524C,0,-4.9649687,0.24018289148807526,0.8930000066757202,0.2824999988079071
YDL200C,YOR349W,0,-4.9655457,0.24011830985546112,0.8930000066757202,0.2825999855995178
YDL192W,YNL273W,0,-4.9657125,0.24005375802516937,0.8930000066757202,0.2827000021934509
YMR075W,YBL010C,0,-4.9659348,0.2399892508983612,0.8930000066757202,0.28279998898506165
YMR014W,YJR113C,0,-4.96595,0.23992477357387543,0.8930000066757202,0.28290000557899475
YDR346C,YDL070W,0,-4.966359,0.23986032605171204,0.8930000066757202,0.28299999237060547
YMR247C,YIL142W,0,-4.9664745,0.23979592323303223,0.8930000066757202,0.2831000089645386
YCR077C,YEL030W,0,-4.96677,0.2397315502166748,0.8930000066757202,0.2831999957561493
YDR038C,YLR329W,0,-4.967412,0.23966720700263977,0.8930000066757202,0.2833000123500824
YNL222W,YER148W,1,-4.967765,0.23987120389938354,0.8939999938011169,0.2833000123500824
YKL222C,YGL161C,0,-4.968608,0.2398068606853485,0.8939999938011169,0.2833999991416931
YKL209C,YJR064W,0,-4.9688673,0.23974256217479706,0.8939999938011169,0.28349998593330383
YAL033W,YPL226W,0,-4.968953,0.2396782785654068,0.8939999938011169,0.28360000252723694
YKL022C,YCR089W,0,-4.969178,0.23961403965950012,0.8939999938011169,0.28369998931884766
YIL139C,YOL125W,0,-4.9697275,0.23954984545707703,0.8939999938011169,0.28380000591278076
YMR300C,YOR057W,0,-4.9697485,0.23948566615581512,0.8939999938011169,0.2838999927043915
YMR019W,YNR045W,0,-4.969784,0.2394215315580368,0.8939999938011169,0.2840000092983246
YLR105C,YLL033W,0,-4.9698763,0.23935742676258087,0.8939999938011169,0.2840999960899353
YDR363W,YPR075C,0,-4.9700594,0.23929336667060852,0.8939999938011169,0.2842000126838684
YIL150C,YMR306W,0,-4.9700775,0.23922932147979736,0.8939999938011169,0.2842999994754791
YKL154W,YGR140W,0,-4.970193,0.23916533589363098,0.8939999938011169,0.28439998626708984
YDR267C,YIL132C,0,-4.970642,0.2391013652086258,0.8939999938011169,0.28450000286102295
YGL095C,YGR162W,0,-4.9706984,0.2390374392271042,0.8939999938011169,0.28459998965263367
YOL058W,YLR368W,0,-4.9707327,0.23897354304790497,0.8939999938011169,0.2847000062465668
YJR006W,YMR239C,0,-4.9709244,0.23890967667102814,0.8939999938011169,0.2847999930381775
YFR009W,YDR164C,0,-4.9712915,0.2388458400964737,0.8939999938011169,0.2849000096321106
YLR389C,YPR162C,0,-4.971451,0.23878204822540283,0.8939999938011169,0.2849999964237213
YOR201C,YDL143W,0,-4.9714785,0.23871828615665436,0.8939999938011169,0.2851000130176544
YML124C,YBR133C,0,-4.97159,0.23865456879138947,0.8939999938011169,0.28519999980926514
YOR340C,YML006C,0,-4.9716053,0.23859086632728577,0.8939999938011169,0.28529998660087585
YOL089C,YDR362C,1,-4.971716,0.23879402875900269,0.8949999809265137,0.28529998660087585
YGL227W,YGR154C,0,-4.9728727,0.238730326294899,0.8949999809265137,0.28540000319480896
YBL099W,YOR077W,0,-4.973034,0.23866666853427887,0.8949999809265137,0.2854999899864197
YPL016W,YMR297W,0,-4.9730988,0.23860304057598114,0.8949999809265137,0.2856000065803528
YCR093W,YIL021W,0,-4.9732704,0.2385394424200058,0.8949999809265137,0.2856999933719635
YPL059W,YLR026C,0,-4.973283,0.23847588896751404,0.8949999809265137,0.2858000099658966
YLL027W,YBL058W,0,-4.9733934,0.23841236531734467,0.8949999809265137,0.2858999967575073
YHR121W,YMR295C,0,-4.973551,0.23834887146949768,0.8949999809265137,0.28600001335144043
YDL245C,YLR449W,0,-4.9735537,0.23828540742397308,0.8949999809265137,0.28610000014305115
YGR158C,YJL091C,0,-4.9735937,0.23822198808193207,0.8949999809265137,0.28619998693466187
YJL209W,YLR100W,0,-4.9737225,0.23815859854221344,0.8949999809265137,0.28630000352859497
YER169W,YMR154C,0,-4.9737854,0.2380952388048172,0.8949999809265137,0.2863999903202057
YJL019W,YAL021C,0,-4.9746037,0.23803190886974335,0.8949999809265137,0.2865000069141388
YNL314W,YPR025C,1,-4.974696,0.2382345050573349,0.8960000276565552,0.2865000069141388
YKL010C,YMR186W,0,-4.9755163,0.23817119002342224,0.8960000276565552,0.2865999937057495
YML026C,YBL102W,0,-4.975586,0.23810788989067078,0.8960000276565552,0.2867000102996826
YKL184W,YBR202W,0,-4.976013,0.2380446344614029,0.8960000276565552,0.28679999709129333
YGR047C,YGL166W,1,-4.9766607,0.23824700713157654,0.8970000147819519,0.28679999709129333
YBR097W,YLR133W,0,-4.976939,0.23818375170230865,0.8970000147819519,0.28690001368522644
YGR047C,YBR198C,1,-4.9769964,0.23838599026203156,0.8980000019073486,0.28690001368522644
YOR128C,YGR091W,0,-4.9782934,0.23832271993160248,0.8980000019073486,0.28700000047683716
YBL016W,YJR075W,0,-4.9783545,0.2382594794034958,0.8980000019073486,0.2870999872684479
YEL050C,YDR451C,0,-4.978428,0.23819628357887268,0.8980000019073486,0.287200003862381
YGL130W,YOR356W,0,-4.978882,0.23813311755657196,0.8980000019073486,0.2872999906539917
YDR126W,YGR020C,0,-4.979128,0.23806999623775482,0.8980000019073486,0.2874000072479248
YPR167C,YGL208W,0,-4.9792347,0.23800688982009888,0.8980000019073486,0.2874999940395355
YDL051W,YHR045W,0,-4.9796934,0.2379438281059265,0.8980000019073486,0.28760001063346863
YMR170C,YLR318W,0,-4.9801025,0.23788079619407654,0.8980000019073486,0.28769999742507935
YIR008C,YPR200C,0,-4.9812107,0.23781779408454895,0.8980000019073486,0.28780001401901245
YPL031C,YPR080W,0,-4.9812155,0.23775483667850494,0.8980000019073486,0.28790000081062317
YNL101W,YLR034C,0,-4.9817333,0.23769189417362213,0.8980000019073486,0.2879999876022339
YLL004W,YOL123W,0,-4.9823236,0.2376289963722229,0.8980000019073486,0.288100004196167
YLR170C,YOR377W,0,-4.982355,0.23756614327430725,0.8980000019073486,0.2881999909877777
YJL122W,YNL258C,0,-4.9826155,0.2375033050775528,0.8980000019073486,0.2883000075817108
YKL213C,YML097C,0,-4.982648,0.23744051158428192,0.8980000019073486,0.28839999437332153
YPR058W,YDL245C,0,-4.9829865,0.23737774789333344,0.8980000019073486,0.28850001096725464
YMR228W,YOL045W,0,-4.983241,0.23731501400470734,0.8980000019073486,0.28859999775886536
YKL144C,YJL111W,0,-4.983776,0.23725230991840363,0.8980000019073486,0.28870001435279846
YCR004C,YLR453C,0,-4.9838905,0.2371896505355835,0.8980000019073486,0.2888000011444092
YDR210W,YIL091C,0,-4.984288,0.23712700605392456,0.8980000019073486,0.2888999879360199
YKR103W,YIL132C,0,-4.9844065,0.2370644211769104,0.8980000019073486,0.289000004529953
YJL210W,YLR164W,0,-4.984483,0.23700185120105743,0.8980000019073486,0.2890999913215637
YJR077C,YFL009W,0,-4.984562,0.23693931102752686,0.8980000019073486,0.2892000079154968
YOL089C,YFL021W,1,-4.984805,0.23714059591293335,0.8989999890327454,0.2892000079154968
YMR276W,YOR037W,0,-4.984893,0.23707805573940277,0.8989999890327454,0.28929999470710754
YFR005C,YOR293W,0,-4.984935,0.23701556026935577,0.8989999890327454,0.28940001130104065
YBR294W,YER019C-A,0,-4.985544,0.23695307970046997,0.8989999890327454,0.28949999809265137
YOL086C,YOR312C,0,-4.9856424,0.23689064383506775,0.8989999890327454,0.2896000146865845
YOR384W,YNL003C,0,-4.98615,0.23682823777198792,0.8989999890327454,0.2897000014781952
YHR012W,YPR156C,0,-4.986163,0.23676586151123047,0.8989999890327454,0.2897999882698059
YHR044C,YBR176W,0,-4.986163,0.2367035299539566,0.8989999890327454,0.289900004863739
YPR118W,YBR291C,0,-4.986596,0.23664122819900513,0.8989999890327454,0.28999999165534973
YDR180W,YHR123W,0,-4.986909,0.23657894134521484,0.8989999890327454,0.29010000824928284
YHR031C,YCR060W,0,-4.9871216,0.23651669919490814,0.8989999890327454,0.29019999504089355
YMR106C,YOL157C,0,-4.9871845,0.23645450174808502,0.8989999890327454,0.29030001163482666
YNL222W,YLR005W,1,-4.9873753,0.23665526509284973,0.8999999761581421,0.29030001163482666
YCR081W,YOR217W,0,-4.9877615,0.23659305274486542,0.8999999761581421,0.2903999984264374
YGL124C,YGL249W,0,-4.9878073,0.23653088510036469,0.8999999761581421,0.2904999852180481
YEL053C,YIR021W,0,-4.9879465,0.23646873235702515,0.8999999761581421,0.2906000018119812
YPL183W-A,YER131W,0,-4.988062,0.2364066243171692,0.8999999761581421,0.2906999886035919
YBR098W,YER050C,0,-4.9881716,0.23634453117847443,0.8999999761581421,0.290800005197525
YLR329W,YDR169C,0,-4.9887133,0.23628248274326324,0.8999999761581421,0.29089999198913574
YNR011C,YJL018W,0,-4.9887514,0.23622047901153564,0.8999999761581421,0.29100000858306885
YGR240C,YEL034W,0,-4.989109,0.23615849018096924,0.8999999761581421,0.29109999537467957
YOL080C,YKL212W,0,-4.989332,0.23609653115272522,0.8999999761581421,0.29120001196861267
YKL095W,YGR106C,0,-4.9893513,0.23603461682796478,0.8999999761581421,0.2912999987602234
YBR129C,YML093W,0,-4.9895706,0.23597273230552673,0.8999999761581421,0.2913999855518341
YLR027C,YKL108W,0,-4.990305,0.23591087758541107,0.8999999761581421,0.2915000021457672
YDR034C,YEL031W,0,-4.9904547,0.2358490526676178,0.8999999761581421,0.29159998893737793
YGR209C,YDR364C,0,-4.9908752,0.2357872724533081,0.8999999761581421,0.29170000553131104
YDR329C,YOR098C,0,-4.9909573,0.2357255071401596,0.8999999761581421,0.29179999232292175
YIR012W,YLL051C,0,-4.991193,0.2356637865304947,0.8999999761581421,0.29190000891685486
YAL035W,YDL099W,0,-4.9913244,0.23560209572315216,0.8999999761581421,0.2919999957084656
YHR143W-A,YLR224W,0,-4.9914064,0.23554043471813202,0.8999999761581421,0.2921000123023987
YPL028W,YBR210W,0,-4.9917793,0.23547880351543427,0.8999999761581421,0.2921999990940094
YPL202C,YOL067C,1,-4.9919214,0.2356787919998169,0.9010000228881836,0.2921999990940094
YPL084W,YKR071C,0,-4.9920225,0.23561716079711914,0.9010000228881836,0.2922999858856201
YPL085W,YHR207C,0,-4.992138,0.23555555939674377,0.9010000228881836,0.2924000024795532
YLR113W,YGR276C,0,-4.992182,0.2354939877986908,0.9010000228881836,0.29249998927116394
YFR044C,YJL207C,0,-4.992198,0.2354324609041214,0.9010000228881836,0.29260000586509705
YIL090W,YLL003W,0,-4.9922924,0.2353709489107132,0.9010000228881836,0.29269999265670776
YML010W,YDL101C,0,-4.9925737,0.23530948162078857,0.9010000228881836,0.29280000925064087
YNL035C,YPL188W,0,-4.9928646,0.23524804413318634,0.9010000228881836,0.2928999960422516
YBR176W,YOR239W,0,-4.9931765,0.2351866364479065,0.9010000228881836,0.2930000126361847
YIL095W,YDR371W,0,-4.993189,0.23512525856494904,0.9010000228881836,0.2930999994277954
YLR396C,YNL160W,0,-4.993292,0.23506392538547516,0.9010000228881836,0.29319998621940613
YGR167W,YOR202W,0,-4.993293,0.23500260710716248,0.9010000228881836,0.29330000281333923
YOR270C,YDR534C,0,-4.9935274,0.23494133353233337,0.9010000228881836,0.29339998960494995
YOR069W,YKR006C,0,-4.99401,0.23488008975982666,0.9010000228881836,0.29350000619888306
YDR363W,YPL214C,0,-4.994112,0.23481887578964233,0.9010000228881836,0.2935999929904938
YBR145W,YIL049W,0,-4.994341,0.2347576916217804,0.9010000228881836,0.2937000095844269
YPR185W,YGL086W,0,-4.994441,0.23469653725624084,0.9010000228881836,0.2937999963760376
YOR043W,YDR318W,0,-4.994545,0.23463541269302368,0.9010000228881836,0.2939000129699707
YDR540C,YGR116W,0,-4.994646,0.2345743328332901,0.9010000228881836,0.2939999997615814
YPL181W,YDL210W,0,-4.994705,0.2345132678747177,0.9010000228881836,0.29409998655319214
YEL046C,YJR015W,0,-4.994979,0.2344522476196289,0.9010000228881836,0.29420000314712524
YJL213W,YBR125C,0,-4.995268,0.2343912571668625,0.9010000228881836,0.29429998993873596
YOR299W,YMR071C,0,-4.9958534,0.23433029651641846,0.9010000228881836,0.29440000653266907
YLR134W,YLR148W,0,-4.9960623,0.23426936566829681,0.9010000228881836,0.2944999933242798
YNL097C,YLR079W,0,-4.996088,0.23420847952365875,0.9010000228881836,0.2946000099182129
YNL306W,YOR077W,0,-4.9961042,0.23414760828018188,0.9010000228881836,0.2946999967098236
YNL090W,YBR125C,0,-4.9961853,0.2340867817401886,0.9010000228881836,0.2948000133037567
YLR306W,YOL094C,0,-4.996417,0.2340259701013565,0.9010000228881836,0.29490000009536743
YOL033W,YKL046C,0,-4.996892,0.233965203166008,0.9010000228881836,0.29499998688697815
YGR033C,YDR011W,0,-4.9970016,0.23390446603298187,0.9010000228881836,0.29510000348091125
YIL127C,YPL110C,0,-4.9971037,0.23384375870227814,0.9010000228881836,0.295199990272522
YGR084C,YKL018W,0,-4.997224,0.2337830811738968,0.9010000228881836,0.2953000068664551
YML015C,YMR236W,1,-4.9972763,0.23398184776306152,0.9020000100135803,0.2953000068664551
YIL145C,YOR295W,0,-4.997485,0.23392115533351898,0.9020000100135803,0.2953999936580658
YML077W,YGL222C,0,-4.997508,0.23386050760746002,0.9020000100135803,0.2955000102519989
YDR174W,YMR030W,0,-4.997575,0.23379988968372345,0.9020000100135803,0.2955999970436096
YDL141W,YDL126C,0,-4.997611,0.23373931646347046,0.9020000100135803,0.2957000136375427
YDL019C,YBR102C,0,-4.9979515,0.23367875814437866,0.9020000100135803,0.29580000042915344
YBR171W,YJR032W,0,-4.998226,0.23361822962760925,0.9020000100135803,0.29589998722076416
YPR122W,YML112W,0,-4.9988766,0.23355774581432343,0.9020000100135803,0.29600000381469727
YNR047W,YKL053C-A,0,-4.9992876,0.2334972769021988,0.9020000100135803,0.296099990606308
YGR184C,YER130C,0,-4.9993687,0.23343685269355774,0.9020000100135803,0.2962000072002411
YKL088W,YGL086W,0,-4.9993744,0.23337645828723907,0.9020000100135803,0.2962999939918518
YGR084C,YDR496C,0,-4.999398,0.2333160936832428,0.9020000100135803,0.2964000105857849
YMR037C,YBR296C,0,-4.999625,0.2332557588815689,0.9020000100135803,0.29649999737739563
YIL091C,YDR358W,0,-4.999688,0.2331954538822174,0.9020000100135803,0.29660001397132874
YOL057W,YKR101W,0,-4.9999638,0.2331351786851883,0.9020000100135803,0.29670000076293945
YGL253W,YGR148C,0,-5.0002813,0.23307493329048157,0.9020000100135803,0.29679998755455017
YLR035C-A,YIR005W,0,-5.000367,0.23301471769809723,0.9020000100135803,0.2969000041484833
YBR152W,YDL136W,0,-5.0004787,0.23295454680919647,0.9020000100135803,0.296999990940094
YBR222C,YDR067C,0,-5.001234,0.2328943908214569,0.9020000100135803,0.2971000075340271
YOR322C,YDR231C,0,-5.001834,0.23283427953720093,0.9020000100135803,0.2971999943256378
YIL074C,YOR298C-A,0,-5.0018673,0.23277419805526733,0.9020000100135803,0.2973000109195709
YGL222C,YDR331W,0,-5.0021095,0.23271413147449493,0.9020000100135803,0.29739999771118164
YOR323C,YIL159W,0,-5.0026712,0.23265410959720612,0.9020000100135803,0.29750001430511475
YLL040C,YBR204C,0,-5.002679,0.23259411752223969,0.9020000100135803,0.29760000109672546
YNL222W,YDR460W,1,-5.0028143,0.2327919602394104,0.902999997138977,0.29760000109672546
YJR066W,YMR203W,0,-5.003357,0.23273195326328278,0.902999997138977,0.2976999878883362
YNL301C,YBR039W,0,-5.0035,0.23267199099063873,0.902999997138977,0.2978000044822693
YBR170C,YGR206W,0,-5.0035467,0.23261205852031708,0.902999997138977,0.29789999127388
YML114C,YDR031W,0,-5.004054,0.2325521558523178,0.902999997138977,0.2980000078678131
YDR454C,YKL042W,0,-5.004257,0.23249228298664093,0.902999997138977,0.29809999465942383
YGL083W,YAR044W,0,-5.005082,0.23243242502212524,0.902999997138977,0.29820001125335693
YKL086W,YHR187W,0,-5.005787,0.23237262666225433,0.902999997138977,0.29829999804496765
YIL047C,YDL028C,0,-5.005883,0.23231284320354462,0.902999997138977,0.29840001463890076
YNL217W,YLR440C,0,-5.006297,0.2322530895471573,0.902999997138977,0.2985000014305115
YBR074W,YML071C,0,-5.007123,0.23219336569309235,0.902999997138977,0.2985999882221222
YKR002W,YIL132C,0,-5.0071526,0.2321336716413498,0.902999997138977,0.2987000048160553
YGR155W,YAL016W,0,-5.007186,0.23207402229309082,0.902999997138977,0.298799991607666
YJL073W,YJL204C,0,-5.0073156,0.23201438784599304,0.902999997138977,0.2989000082015991
YGR020C,YJR140C,0,-5.0073576,0.23195478320121765,0.902999997138977,0.29899999499320984
YPR019W,YER065C,0,-5.0081387,0.23189522325992584,0.902999997138977,0.29910001158714294
YNR036C,YKL176C,0,-5.008548,0.23183569312095642,0.902999997138977,0.29919999837875366
YKL140W,YOL158C,0,-5.0086517,0.2317761778831482,0.902999997138977,0.2992999851703644
YGR152C,YGL203C,0,-5.009819,0.23171670734882355,0.902999997138977,0.2994000017642975
YGL253W,YFL066C,0,-5.0099287,0.2316572666168213,0.902999997138977,0.2994999885559082
YBR215W,YGL175C,0,-5.0099487,0.23159784078598022,0.902999997138977,0.2996000051498413
YNL129W,YNL083W,0,-5.010689,0.23153845965862274,0.902999997138977,0.299699991941452
YFR019W,YPL026C,0,-5.0109577,0.23147910833358765,0.902999997138977,0.29980000853538513
YDL197C,YPL104W,0,-5.0109987,0.23141978681087494,0.902999997138977,0.29989999532699585
YCR039C,YPL083C,0,-5.0110416,0.23136049509048462,0.902999997138977,0.30000001192092896
YOR143C,YDR424C,0,-5.0110683,0.2313012331724167,0.902999997138977,0.3000999987125397
YNL257C,YDR079C-A,1,-5.0112677,0.23149807751178741,0.9039999842643738,0.3000999987125397
YPR032W,YGL186C,0,-5.0114727,0.23143881559371948,0.9039999842643738,0.3001999855041504
YLR214W,YNL207W,0,-5.0118856,0.23137956857681274,0.9039999842643738,0.3003000020980835
YFL048C,YDR229W,0,-5.012253,0.2313203662633896,0.9039999842643738,0.3003999888896942
YMR060C,YOR332W,0,-5.013174,0.23126119375228882,0.9039999842643738,0.3005000054836273
YFR052W,YDL155W,0,-5.0132484,0.23120205104351044,0.9039999842643738,0.30059999227523804
YOR149C,YLR425W,0,-5.0140734,0.23114292323589325,0.9039999842643738,0.30070000886917114
YNL075W,YDR118W,0,-5.0145645,0.23108384013175964,0.9039999842643738,0.30079999566078186
YHR147C,YIL090W,0,-5.015008,0.23102478682994843,0.9039999842643738,0.30090001225471497
YNL290W,YPR167C,0,-5.015318,0.2309657633304596,0.9039999842643738,0.3009999990463257
YKR022C,YLR027C,0,-5.0158625,0.23090676963329315,0.9039999842643738,0.3010999858379364
YER164W,YGR148C,0,-5.0159616,0.2308478057384491,0.9039999842643738,0.3012000024318695
YNL257C,YPL202C,1,-5.016115,0.23104417324066162,0.9049999713897705,0.3012000024318695
YLR051C,YOR396W,0,-5.0164347,0.23098519444465637,0.9049999713897705,0.3012999892234802
YDR167W,YOL067C,1,-5.0165997,0.23118142783641815,0.906000018119812,0.3012999892234802
YGL047W,YPL016W,0,-5.0170565,0.2311224490404129,0.906000018119812,0.30140000581741333
YMR099C,YDR447C,0,-5.017127,0.23106350004673004,0.906000018119812,0.30149999260902405
YOL010W,YKL154W,0,-5.017212,0.23100459575653076,0.906000018119812,0.30160000920295715
YPL246C,YPL208W,0,-5.017334,0.23094570636749268,0.906000018119812,0.30169999599456787
YJL011C,YPL177C,1,-5.017336,0.23114168643951416,0.9070000052452087,0.30169999599456787
YDR462W,YNL107W,0,-5.0174217,0.23108279705047607,0.9070000052452087,0.301800012588501
YOL089C,YOL067C,1,-5.0174694,0.231278657913208,0.9079999923706055,0.301800012588501
YPL002C,YJR149W,0,-5.017563,0.23121975362300873,0.9079999923706055,0.3018999993801117
YPL060W,YEL017C-A,0,-5.0175686,0.23116089403629303,0.9079999923706055,0.3019999861717224
YPL204W,YJL102W,0,-5.017743,0.23110206425189972,0.9079999923706055,0.3021000027656555
YIL143C,YPL082C,1,-5.0177546,0.23129771649837494,0.9089999794960022,0.3021000027656555
YIL015W,YMR029C,0,-5.0179205,0.23123887181282043,0.9089999794960022,0.30219998955726624
YDR348C,YDR485C,0,-5.0181007,0.23118005692958832,0.9089999794960022,0.30230000615119934
YCR028C-A,YKR026C,0,-5.0182056,0.23112128674983978,0.9089999794960022,0.30239999294281006
YNL079C,YHR063C,0,-5.0184593,0.23106253147125244,0.9089999794960022,0.30250000953674316
YNL292W,YOL112W,0,-5.018505,0.2310038059949875,0.9089999794960022,0.3025999963283539
YOR138C,YDL194W,0,-5.018509,0.23094512522220612,0.9089999794960022,0.302700012922287
YPR056W,YOL067C,1,-5.0189276,0.23114046454429626,0.9100000262260437,0.302700012922287
YLR166C,YML097C,0,-5.0189447,0.2310817688703537,0.9100000262260437,0.3027999997138977
YIL083C,YML008C,0,-5.019678,0.23102310299873352,0.9100000262260437,0.3028999865055084
YBL034C,YER025W,0,-5.0199127,0.23096446692943573,0.9100000262260437,0.30300000309944153
YOR209C,YKL003C,0,-5.020094,0.23090586066246033,0.9100000262260437,0.30309998989105225
YNL030W,YJL118W,0,-5.0201807,0.2308472841978073,0.9100000262260437,0.30320000648498535
YBR041W,YDR034C,0,-5.021078,0.23078873753547668,0.9100000262260437,0.30329999327659607
YKR062W,YPL082C,1,-5.0215406,0.23098377883434296,0.9110000133514404,0.30329999327659607
YJR044C,YGR216C,0,-5.022088,0.23092521727085114,0.9110000133514404,0.3034000098705292
YML043C,YPL232W,0,-5.0221815,0.2308667004108429,0.9110000133514404,0.3034999966621399
YGL175C,YPR185W,0,-5.022456,0.23080821335315704,0.9110000133514404,0.303600013256073
YMR080C,YNL072W,0,-5.0225687,0.23074974119663239,0.9110000133514404,0.3037000000476837
YDR330W,YLR404W,0,-5.0227575,0.2306913137435913,0.9110000133514404,0.30379998683929443
YEL030W,YBL067C,0,-5.022773,0.23063291609287262,0.9110000133514404,0.30390000343322754
YPR081C,YGL145W,0,-5.0228033,0.23057453334331512,0.9110000133514404,0.30399999022483826
YPL079W,YNL078W,0,-5.0228157,0.2305161952972412,0.9110000133514404,0.30410000681877136
YOR323C,YGL255W,0,-5.0230417,0.23045788705348969,0.9110000133514404,0.3041999936103821
YOR231W,YBR021W,0,-5.0231705,0.23039959371089935,0.9110000133514404,0.3043000102043152
YGL048C,YLR095C,0,-5.023781,0.2303413450717926,0.9110000133514404,0.3043999969959259
YLR207W,YER161C,0,-5.0238447,0.23028311133384705,0.9110000133514404,0.304500013589859
YMR170C,YPR072W,0,-5.0245743,0.23022492229938507,0.9110000133514404,0.3046000003814697
YHR002W,YNR050C,0,-5.025241,0.2301667481660843,0.9110000133514404,0.30469998717308044
YGR133W,YNL061W,0,-5.0253334,0.2301086187362671,0.9110000133514404,0.30480000376701355
YBR229C,YDR065W,0,-5.0256414,0.23005050420761108,0.9110000133514404,0.30489999055862427
YOR171C,YHR063C,0,-5.025961,0.22999241948127747,0.9110000133514404,0.3050000071525574
YBR158W,YJR134C,0,-5.026022,0.22993437945842743,0.9110000133514404,0.3050999939441681
YPR118W,YPR047W,0,-5.0261316,0.2298763543367386,0.9110000133514404,0.3052000105381012
YNL112W,YDL064W,0,-5.026314,0.22981835901737213,0.9110000133514404,0.3052999973297119
YDR416W,YCR073C,0,-5.026538,0.22976040840148926,0.9110000133514404,0.305400013923645
YBL052C,YLR373C,0,-5.02662,0.22970247268676758,0.9110000133514404,0.30550000071525574
YDR507C,YJR005W,0,-5.026678,0.2296445667743683,0.9110000133514404,0.30559998750686646
YNR011C,YJR104C,0,-5.026723,0.22958669066429138,0.9110000133514404,0.30570000410079956
YNL257C,YPL129W,1,-5.026761,0.22978080809116364,0.9120000004768372,0.30570000410079956
YDR164C,YDR358W,0,-5.0268536,0.22972291707992554,0.9120000004768372,0.3057999908924103
YJL005W,YAL029C,0,-5.027363,0.22966507077217102,0.9120000004768372,0.3059000074863434
YJR125C,YOR076C,0,-5.027442,0.2296072542667389,0.9120000004768372,0.3059999942779541
YKL010C,YOR216C,0,-5.0274773,0.22954945266246796,0.9120000004768372,0.3061000108718872
YNL293W,YIL135C,0,-5.0274916,0.2294916957616806,0.9120000004768372,0.3061999976634979
YHR140W,YLR080W,0,-5.027565,0.22943396866321564,0.9120000004768372,0.30630001425743103
YPR187W,YPR168W,0,-5.027835,0.22937625646591187,0.9120000004768372,0.30640000104904175
YOR230W,YGL079W,0,-5.0287485,0.22931858897209167,0.9120000004768372,0.30649998784065247
YIL129C,YMR270C,0,-5.0288,0.22926093637943268,0.9120000004768372,0.30660000443458557
YLL034C,YDR158W,0,-5.0288467,0.22920331358909607,0.9120000004768372,0.3066999912261963
YML005W,YNL261W,0,-5.0288725,0.22914573550224304,0.9120000004768372,0.3068000078201294
YER137C,YDL109C,0,-5.029003,0.2290881723165512,0.9120000004768372,0.3068999946117401
YLR106C,YDL035C,0,-5.029249,0.22903063893318176,0.9120000004768372,0.3070000112056732
YER045C,YPL129W,1,-5.0293045,0.22922420501708984,0.9129999876022339,0.3070000112056732
YLR043C,YDR351W,0,-5.0295725,0.2291666716337204,0.9129999876022339,0.30709999799728394
YNL257C,YNL314W,1,-5.0297937,0.22936010360717773,0.9139999747276306,0.30709999799728394
YGL035C,YNL339C,0,-5.029869,0.2293025553226471,0.9139999747276306,0.30720001459121704
YBR141C,YER144C,0,-5.0299206,0.22924505174160004,0.9139999747276306,0.30730000138282776
YOL145C,YER082C,0,-5.030093,0.22918756306171417,0.9139999747276306,0.3073999881744385
YLL035W,YDL097C,0,-5.030135,0.2291301041841507,0.9139999747276306,0.3075000047683716
YKR029C,YPL153C,0,-5.030158,0.2290726751089096,0.9139999747276306,0.3075999915599823
YDR312W,YNL279W,0,-5.0303965,0.2290152907371521,0.9139999747276306,0.3077000081539154
YJR043C,YPL119C,0,-5.0312796,0.2289579212665558,0.9139999747276306,0.3077999949455261
YOR210W,YPL187W,0,-5.03148,0.22890058159828186,0.9139999747276306,0.30790001153945923
YIL047C,YAL013W,0,-5.0319986,0.22884327173233032,0.9139999747276306,0.30799999833106995
YPL202C,YFL021W,1,-5.0329266,0.22903630137443542,0.9150000214576721,0.30799999833106995
YDL060W,YKL117W,0,-5.033311,0.2289789766073227,0.9150000214576721,0.30809998512268066
YOL136C,YPR098C,0,-5.0334616,0.22892169654369354,0.9150000214576721,0.30820000171661377
YKR026C,YPR009W,0,-5.0335712,0.22886443138122559,0.9150000214576721,0.3082999885082245
YBL034C,YBR009C,0,-5.033678,0.22880719602108002,0.9150000214576721,0.3084000051021576
YPL256C,YBL024W,0,-5.0337896,0.22875000536441803,0.9150000214576721,0.3084999918937683
YKR028W,YGR048W,0,-5.0339994,0.22869282960891724,0.9150000214576721,0.3086000084877014
YLR405W,YCL031C,0,-5.0342407,0.22863568365573883,0.9150000214576721,0.30869999527931213
YDR240C,YHR045W,0,-5.0347033,0.2285785675048828,0.9150000214576721,0.30880001187324524
YPL082C,YDR460W,1,-5.034898,0.22877122461795807,0.9160000085830688,0.30880001187324524
YIR008C,YNR027W,0,-5.0349226,0.22871410846710205,0.9160000085830688,0.30889999866485596
YNL086W,YGL055W,0,-5.0352106,0.22865700721740723,0.9160000085830688,0.3089999854564667
YDL190C,YNL067W,0,-5.0356655,0.22859995067119598,0.9160000085830688,0.3091000020503998
YNL064C,YPR022C,0,-5.0357304,0.22854290902614594,0.9160000085830688,0.3091999888420105
YGR185C,YBR057C,0,-5.0357723,0.22848591208457947,0.9160000085830688,0.3093000054359436
YEL038W,YAL062W,0,-5.0358343,0.2284289300441742,0.9160000085830688,0.3093999922275543
YBL016W,YGR123C,0,-5.035986,0.2283719778060913,0.9160000085830688,0.3095000088214874
YBL046W,YHR057C,0,-5.036087,0.2283150553703308,0.9160000085830688,0.30959999561309814
YOR362C,YGL021W,0,-5.036399,0.2282581627368927,0.9160000085830688,0.30970001220703125
YJR055W,YLR289W,0,-5.036806,0.22820129990577698,0.9160000085830688,0.30979999899864197
YOR123C,YNL185C,0,-5.0373726,0.22814445197582245,0.9160000085830688,0.3098999857902527
YIL140W,YPL143W,0,-5.037389,0.2280876487493515,0.9160000085830688,0.3100000023841858
YHR179W,YKL112W,0,-5.037545,0.22803087532520294,0.9160000085830688,0.3100999891757965
YML124C,YOR216C,0,-5.038086,0.22797411680221558,0.9160000085830688,0.3102000057697296
YFL008W,YEL020C,0,-5.0381966,0.2279173880815506,0.9160000085830688,0.31029999256134033
YDR362C,YFL021W,1,-5.0382013,0.2281094491481781,0.9169999957084656,0.31029999256134033
YKL024C,YKL086W,0,-5.0382586,0.22805272042751312,0.9169999957084656,0.31040000915527344
YDL159W,YML048W,0,-5.0384407,0.22799602150917053,0.9169999957084656,0.31049999594688416
YKL222C,YMR263W,0,-5.038931,0.22793935239315033,0.9169999957084656,0.31060001254081726
YOR035C,YHR123W,0,-5.039097,0.22788269817829132,0.9169999957084656,0.310699999332428
YML130C,YOR211C,0,-5.0391445,0.2278260886669159,0.9169999957084656,0.3107999861240387
YDR376W,YNR020C,0,-5.0391617,0.22776949405670166,0.9169999957084656,0.3109000027179718
YBL017C,YJL018W,0,-5.039812,0.227712944149971,0.9169999957084656,0.3109999895095825
YDR031W,YBR264C,0,-5.040229,0.22765640914440155,0.9169999957084656,0.3111000061035156
YLR165C,YCR008W,0,-5.0404396,0.22759990394115448,0.9169999957084656,0.31119999289512634
YDR348C,YBL061C,0,-5.0406237,0.2275434285402298,0.9169999957084656,0.31130000948905945
YNL222W,YOL089C,1,-5.0409174,0.22773505747318268,0.9179999828338623,0.31130000948905945
YCR020C,YGL002W,0,-5.040943,0.2276785671710968,0.9179999828338623,0.31139999628067017
YOL019W,YGL051W,0,-5.041171,0.2276221215724945,0.9179999828338623,0.31150001287460327
YDR103W,YKR060W,0,-5.0412064,0.2275656908750534,0.9179999828338623,0.311599999666214
YOR279C,YBR182C,0,-5.041356,0.2275092899799347,0.9179999828338623,0.3116999864578247
YAL021C,YPL002C,0,-5.041379,0.22745291888713837,0.9179999828338623,0.3118000030517578
YDL035C,YBR204C,0,-5.041543,0.22739657759666443,0.9179999828338623,0.31189998984336853
YBL090W,YMR078C,0,-5.041629,0.22734026610851288,0.9179999828338623,0.31200000643730164
YBR170C,YKL165C,0,-5.042081,0.22728398442268372,0.9179999828338623,0.31209999322891235
YNL231C,YCR030C,0,-5.0424814,0.22722771763801575,0.9179999828338623,0.31220000982284546
YOR202W,YPR149W,0,-5.042798,0.22717149555683136,0.9179999828338623,0.3122999966144562
YCR023C,YPL160W,0,-5.04282,0.22711528837680817,0.9179999828338623,0.3124000132083893
YEL022W,YOR153W,0,-5.0431843,0.22705911099910736,0.9179999828338623,0.3125
YOR216C,YIL142W,0,-5.0434046,0.22700296342372894,0.9179999828338623,0.3125999867916107
YPL149W,YBR291C,0,-5.0436106,0.2269468456506729,0.9179999828338623,0.3127000033855438
YLR441C,YDR086C,0,-5.044016,0.22689075767993927,0.9179999828338623,0.31279999017715454
YGR156W,YOL008W,0,-5.0442696,0.22683469951152802,0.9179999828338623,0.31290000677108765
YIL010W,YNL291C,0,-5.04461,0.22677865624427795,0.9179999828338623,0.31299999356269836
YBL050W,YLR440C,0,-5.045315,0.22672264277935028,0.9179999828338623,0.31310001015663147
YNL037C,YIL017C,0,-5.045453,0.2266666740179062,0.9179999828338623,0.3131999969482422
YLR310C,YDR162C,0,-5.045821,0.2266107201576233,0.9179999828338623,0.3133000135421753
YMR159C,YEL037C,0,-5.0458956,0.2265547811985016,0.9179999828338623,0.313400000333786
YDR449C,YBL020W,0,-5.0460835,0.22649888694286346,0.9179999828338623,0.31349998712539673
YLR086W,YER035W,0,-5.0461493,0.22644302248954773,0.9179999828338623,0.31360000371932983
YIR035C,YKL143W,0,-5.046562,0.2263871729373932,0.9179999828338623,0.31369999051094055
YLL054C,YKR068C,0,-5.046564,0.22633136808872223,0.9179999828338623,0.31380000710487366
YML015C,YPL011C,1,-5.046669,0.2265220582485199,0.9190000295639038,0.31380000710487366
YKL091C,YFR042W,0,-5.046771,0.22646623849868774,0.9190000295639038,0.3138999938964844
YIL090W,YMR100W,0,-5.0468235,0.22641044855117798,0.9190000295639038,0.3140000104904175
YFL034C-B,YDL205C,0,-5.0468655,0.2263546735048294,0.9190000295639038,0.3140999972820282
YIL061C,YIL158W,0,-5.0470114,0.22629894316196442,0.9190000295639038,0.3142000138759613
YGR167W,YJR126C,0,-5.0476513,0.22624322772026062,0.9190000295639038,0.314300000667572
YGR207C,YDR320C,0,-5.048174,0.2261875420808792,0.9190000295639038,0.31439998745918274
YCR028C,YIL134W,0,-5.0484056,0.2261318862438202,0.9190000295639038,0.31450000405311584
YJL154C,YIL066C,0,-5.048478,0.22607626020908356,0.9190000295639038,0.31459999084472656
YDL077C,YDL194W,0,-5.048607,0.2260206639766693,0.9190000295639038,0.31470000743865967
YNL139C,YKR098C,0,-5.048768,0.22596508264541626,0.9190000295639038,0.3147999942302704
YNL223W,YIL010W,0,-5.04902,0.2259095311164856,0.9190000295639038,0.3149000108242035
YMR119W,YGR195W,0,-5.049076,0.2258540242910385,0.9190000295639038,0.3149999976158142
YOL089C,YMR236W,1,-5.0491066,0.22604422271251678,0.9200000166893005,0.3149999976158142
YMR267W,YBL055C,0,-5.049388,0.2259887009859085,0.9200000166893005,0.3151000142097473
YBR102C,YOR131C,0,-5.049511,0.22593320906162262,0.9200000166893005,0.31520000100135803
YOR315W,YNL189W,0,-5.0497837,0.22587773203849792,0.9200000166893005,0.31529998779296875
YMR060C,YER050C,0,-5.0498238,0.22582228481769562,0.9200000166893005,0.31540000438690186
YKR022C,YPL249C,0,-5.0502987,0.2257668673992157,0.9200000166893005,0.3154999911785126
YJL124C,YOL147C,0,-5.050516,0.22571147978305817,0.9200000166893005,0.3156000077724457
YGR034W,YPL183W-A,0,-5.0510187,0.22565612196922302,0.9200000166893005,0.3156999945640564
YGR076C,YCR066W,0,-5.051051,0.22560077905654907,0.9200000166893005,0.3158000111579895
YBL041W,YMR277W,0,-5.0511436,0.2255454808473587,0.9200000166893005,0.3158999979496002
YBR217W,YML036W,0,-5.051633,0.22549019753932953,0.9200000166893005,0.3160000145435333
YKL116C,YJL198W,0,-5.0517855,0.22543494403362274,0.9200000166893005,0.31610000133514404
YMR304W,YNL252C,0,-5.0518017,0.22537972033023834,0.9200000166893005,0.31619998812675476
YJL006C,YFL033C,0,-5.052066,0.22532451152801514,0.9200000166893005,0.31630000472068787
YBR001C,YIL091C,0,-5.0521784,0.2252693474292755,0.9200000166893005,0.3163999915122986
YMR067C,YDR316W,0,-5.0524387,0.22521419823169708,0.9200000166893005,0.3165000081062317
YOL089C,YNL314W,1,-5.052577,0.2254038155078888,0.9210000038146973,0.3165000081062317
YML074C,YPL252C,0,-5.052821,0.22534866631031036,0.9210000038146973,0.3165999948978424
YER036C,YJL138C,0,-5.0533895,0.22529354691505432,0.9210000038146973,0.3167000114917755
YJL047C,YOR304C-A,0,-5.0534725,0.22523844242095947,0.9210000038146973,0.31679999828338623
YDR076W,YBL057C,0,-5.054179,0.225183367729187,0.9210000038146973,0.31690001487731934
YDR473C,YAL022C,0,-5.054472,0.22512833774089813,0.9210000038146973,0.31700000166893005
YER046W,YLR425W,0,-5.054598,0.22507330775260925,0.9210000038146973,0.31709998846054077
YBR097W,YLL050C,0,-5.0546913,0.22501832246780396,0.9210000038146973,0.3172000050544739
YPL024W,YJL171C,0,-5.055705,0.22496336698532104,0.9210000038146973,0.3172999918460846
YLR398C,YMR093W,0,-5.056163,0.22490842640399933,0.9210000038146973,0.3174000084400177
YOR215C,YDL054C,0,-5.056197,0.224853515625,0.9210000038146973,0.3174999952316284
YOR329C,YLR401C,0,-5.056365,0.22479863464832306,0.9210000038146973,0.3176000118255615
YGR072W,YHR072W,0,-5.0563955,0.2247437834739685,0.9210000038146973,0.31769999861717224
YNL021W,YAR031W,0,-5.0564737,0.22468894720077515,0.9210000038146973,0.31779998540878296
YBL091C-A,YML051W,0,-5.056674,0.22463414072990417,0.9210000038146973,0.31790000200271606
YGR247W,YBR185C,0,-5.0571346,0.2245793640613556,0.9210000038146973,0.3179999887943268
YDL165W,YNR015W,0,-5.057334,0.2245246171951294,0.9210000038146973,0.3181000053882599
YPL266W,YDR170C,0,-5.057605,0.22446990013122559,0.9210000038146973,0.3181999921798706
YFR021W,YKL112W,0,-5.057729,0.22441519796848297,0.9210000038146973,0.3183000087738037
YDR394W,YIL112W,0,-5.05795,0.22436054050922394,0.9210000038146973,0.31839999556541443
YMR218C,YBL029C-A,0,-5.058092,0.2243058979511261,0.9210000038146973,0.31850001215934753
YDR237W,YBL058W,0,-5.058667,0.22425128519535065,0.9210000038146973,0.31859999895095825
YNL238W,YGR189C,0,-5.058694,0.2241966873407364,0.9210000038146973,0.31869998574256897
YGR207C,YLR425W,0,-5.0588474,0.2241421341896057,0.9210000038146973,0.3188000023365021
YGR076C,YMR244C-A,0,-5.058919,0.22408759593963623,0.9210000038146973,0.3188999891281128
YOR324C,YBR264C,0,-5.059084,0.22403308749198914,0.9210000038146973,0.3190000057220459
YPL232W,YEL036C,0,-5.0598965,0.22397859394550323,0.9210000038146973,0.3190999925136566
YIL115C,YPL046C,0,-5.0599794,0.22392414510250092,0.9210000038146973,0.3192000091075897
YPR029C,YER099C,0,-5.060031,0.2238697111606598,0.9210000038146973,0.31929999589920044
YLR320W,YNR047W,0,-5.060215,0.22381530702114105,0.9210000038146973,0.31940001249313354
YNL257C,YAL001C,1,-5.0606403,0.2240038812160492,0.921999990940094,0.31940001249313354
YDL056W,YPL134C,0,-5.0608673,0.22394947707653046,0.921999990940094,0.31949999928474426
YKL086W,YPL275W,0,-5.061308,0.2238950878381729,0.921999990940094,0.319599986076355
YMR211W,YMR204C,0,-5.061366,0.22384074330329895,0.921999990940094,0.3197000026702881
YKR105C,YMR123W,0,-5.062023,0.22378641366958618,0.921999990940094,0.3197999894618988
YDR153C,YPL083C,0,-5.062052,0.2237320989370346,0.921999990940094,0.3199000060558319
YLR183C,YFR052W,0,-5.0628757,0.2236778289079666,0.921999990940094,0.3199999928474426
YDL227C,YJL121C,0,-5.0629025,0.22362357378005981,0.921999990940094,0.32010000944137573
YDL188C,YLR264W,0,-5.0631695,0.2235693484544754,0.921999990940094,0.32019999623298645
YBL074C,YNL121C,0,-5.0632973,0.22351515293121338,0.921999990940094,0.32030001282691956
YMR039C,YDL066W,0,-5.0632973,0.22346097230911255,0.921999990940094,0.3203999996185303
YGL209W,YLR439W,0,-5.0633574,0.2234068363904953,0.921999990940094,0.320499986410141
YKL195W,YDR180W,0,-5.063588,0.22335271537303925,0.921999990940094,0.3206000030040741
YER045C,YAL001C,1,-5.063896,0.22354081273078918,0.9229999780654907,0.3206000030040741
YFL009W,YNL224C,0,-5.063959,0.22348667681217194,0.9229999780654907,0.3206999897956848
YHR004C,YCR020C,0,-5.0640154,0.22343258559703827,0.9229999780654907,0.3208000063896179
YNL116W,YKR035W-A,0,-5.0641403,0.2233785092830658,0.9229999780654907,0.32089999318122864
YJR025C,YIL113W,0,-5.0644445,0.2233244627714157,0.9229999780654907,0.32100000977516174
YML015C,YPL082C,1,-5.0645733,0.22351233661174774,0.9240000247955322,0.32100000977516174
YHR121W,YPL196W,0,-5.0648737,0.22345829010009766,0.9240000247955322,0.32109999656677246
YGL220W,YLR380W,0,-5.0654716,0.22340425848960876,0.9240000247955322,0.32120001316070557
YCR027C,YOR074C,0,-5.0656643,0.22335025668144226,0.9240000247955322,0.3212999999523163
YKR068C,YGL079W,0,-5.066456,0.22329628467559814,0.9240000247955322,0.321399986743927
YLR126C,YIR018W,0,-5.0668154,0.22324232757091522,0.9240000247955322,0.3215000033378601
YDR153C,YOR295W,0,-5.06686,0.2231884002685547,0.9240000247955322,0.3215999901294708
YER190W,YGR012W,0,-5.0669518,0.22313450276851654,0.9240000247955322,0.32170000672340393
YGL203C,YIL093C,0,-5.067048,0.22308063507080078,0.9240000247955322,0.32179999351501465
YLR438C-A,YJR126C,0,-5.0671396,0.2230267971754074,0.9240000247955322,0.32190001010894775
YNL212W,YDL017W,0,-5.0671816,0.22297297418117523,0.9240000247955322,0.32199999690055847
YKL003C,YBR288C,0,-5.0676928,0.22291918098926544,0.9240000247955322,0.3221000134944916
YJR089W,YPR204W,0,-5.0677986,0.22286541759967804,0.9240000247955322,0.3222000002861023
YJR067C,YER020W,0,-5.067952,0.22281166911125183,0.9240000247955322,0.322299987077713
YDL159W,YKL108W,0,-5.0686684,0.222757950425148,0.9240000247955322,0.3224000036716461
YBR066C,YPR035W,0,-5.069401,0.22270426154136658,0.9240000247955322,0.32249999046325684
YMR314W,YPR004C,0,-5.069462,0.22265060245990753,0.9240000247955322,0.32260000705718994
YOR064C,YDL021W,0,-5.0695066,0.22259695827960968,0.9240000247955322,0.32269999384880066
YBR179C,YER137C,0,-5.069889,0.2225433588027954,0.9240000247955322,0.32280001044273376
YOL077W-A,YDR264C,0,-5.0698967,0.22248975932598114,0.9240000247955322,0.3228999972343445
YPR036W,YGL250W,0,-5.0702734,0.22243620455265045,0.9240000247955322,0.3230000138282776
YDL069C,YMR143W,0,-5.07061,0.22238266468048096,0.9240000247955322,0.3231000006198883
YER045C,YJL011C,1,-5.0709305,0.2225697785615921,0.925000011920929,0.3231000006198883
YDR291W,YGL245W,0,-5.070957,0.2225162386894226,0.925000011920929,0.323199987411499
YJL159W,YER014C-A,0,-5.0710745,0.2224627286195755,0.925000011920929,0.32330000400543213
YPL283C,YDR096W,0,-5.0713997,0.2224092334508896,0.925000011920929,0.32339999079704285
YGL244W,YPR165W,0,-5.0714016,0.22235576808452606,0.925000011920929,0.32350000739097595
YLR192C,YOR033C,0,-5.071432,0.22230233252048492,0.925000011920929,0.32359999418258667
YIL048W,YMR023C,0,-5.0715265,0.22224891185760498,0.925000011920929,0.3237000107765198
YAL035W,YOR075W,0,-5.071789,0.22219553589820862,0.925000011920929,0.3237999975681305
YPL122C,YFL021W,1,-5.0719223,0.2223823219537735,0.9259999990463257,0.3237999975681305
YLR078C,YJR126C,0,-5.0721703,0.22232893109321594,0.9259999990463257,0.3239000141620636
YKL195W,YLR310C,0,-5.0721855,0.22227557003498077,0.9259999990463257,0.3240000009536743
YBR160W,YFL037W,0,-5.0732775,0.2222222238779068,0.9259999990463257,0.32409998774528503
YGR206W,YLR286C,0,-5.073451,0.2221689075231552,0.9259999990463257,0.32420000433921814
YBR289W,YHR128W,0,-5.073743,0.222115620970726,0.9259999990463257,0.32429999113082886
YDR226W,YJR057W,0,-5.0738583,0.222062349319458,0.9259999990463257,0.32440000772476196
YER013W,YGR096W,0,-5.074048,0.2220091074705124,0.9259999990463257,0.3244999945163727
YMR218C,YDR031W,0,-5.074362,0.22195589542388916,0.9259999990463257,0.3246000111103058
YJL203W,YIL109C,0,-5.0743637,0.22190271317958832,0.9259999990463257,0.3246999979019165
YDL128W,YIL046W,0,-5.074375,0.22184954583644867,0.9259999990463257,0.3248000144958496
YPR171W,YML073C,0,-5.0745335,0.2217964082956314,0.9259999990463257,0.3249000012874603
YOR030W,YOR080W,0,-5.0747204,0.22174330055713654,0.9259999990463257,0.32499998807907104
YJR014W,YMR005W,0,-5.0748625,0.22169020771980286,0.9259999990463257,0.32510000467300415
YBR095C,YLR424W,0,-5.0749235,0.22163714468479156,0.9259999990463257,0.32519999146461487
YDR354W,YER170W,0,-5.075239,0.22158411145210266,0.9259999990463257,0.325300008058548
YOR147W,YGL113W,0,-5.075531,0.22153109312057495,0.9259999990463257,0.3253999948501587
YKL205W,YBR221C,0,-5.075591,0.22147811949253082,0.9259999990463257,0.3255000114440918
YNL222W,YGR246C,1,-5.0757093,0.22166427969932556,0.9269999861717224,0.3255000114440918
YLR298C,YAL012W,0,-5.0758543,0.22161129117012024,0.9269999861717224,0.3255999982357025
YMR201C,YIL112W,0,-5.076391,0.2215583175420761,0.9269999861717224,0.3257000148296356
YHR062C,YJR089W,0,-5.076399,0.22150537371635437,0.9269999861717224,0.32580000162124634
YDL111C,YER120W,0,-5.076577,0.22145245969295502,0.9269999861717224,0.32589998841285706
YER014C-A,YOR071C,0,-5.076742,0.22139957547187805,0.9269999861717224,0.32600000500679016
YDL056W,YOR099W,0,-5.077238,0.22134670615196228,0.9269999861717224,0.3260999917984009
YCR028C,YFR046C,0,-5.077484,0.2212938666343689,0.9269999861717224,0.326200008392334
YGR075C,YLR050C,0,-5.0778284,0.2212410569190979,0.9269999861717224,0.3262999951839447
YKL220C,YKL160W,0,-5.0779314,0.2211882621049881,0.9269999861717224,0.3264000117778778
YNL197C,YBL006C,0,-5.078081,0.22113549709320068,0.9269999861717224,0.3264999985694885
YLR043C,YML130C,0,-5.078311,0.22108276188373566,0.9269999861717224,0.32659998536109924
YDR050C,YOR338W,0,-5.0789595,0.22103004157543182,0.9269999861717224,0.32670000195503235
YKL067W,YDR392W,0,-5.079772,0.22097735106945038,0.9269999861717224,0.32679998874664307
YBR257W,YKR008W,0,-5.0798464,0.22092469036579132,0.9269999861717224,0.32690000534057617
YMR119W,YDR519W,0,-5.0799217,0.22087204456329346,0.9269999861717224,0.3269999921321869
YFL013C,YDR501W,0,-5.080083,0.22081944346427917,0.9269999861717224,0.32710000872612
YDL140C,YLR050C,0,-5.0801105,0.2207668423652649,0.9269999861717224,0.3271999955177307
YKL212W,YOL129W,0,-5.080271,0.2207142859697342,0.9269999861717224,0.3273000121116638
YKL038W,YNL010W,0,-5.0804024,0.22066174447536469,0.9269999861717224,0.32739999890327454
YDL156W,YHR028C,0,-5.0804987,0.22060923278331757,0.9269999861717224,0.32749998569488525
YHR112C,YFL050C,0,-5.0805073,0.22055675089359283,0.9269999861717224,0.32760000228881836
YLR016C,YGR172C,0,-5.0806923,0.2205042839050293,0.9269999861717224,0.3276999890804291
YGR223C,YLR100W,0,-5.0809145,0.22045184671878815,0.9269999861717224,0.3278000056743622
YCR033W,YDR342C,0,-5.081189,0.2203994244337082,0.9269999861717224,0.3278999924659729
YPL236C,YOL034W,0,-5.0813494,0.22034704685211182,0.9269999861717224,0.328000009059906
YMR075W,YCL069W,0,-5.0825386,0.22029468417167664,0.9269999861717224,0.3280999958515167
YGR227W,YMR172W,0,-5.082615,0.22024233639240265,0.9269999861717224,0.32820001244544983
YLR385C,YER050C,0,-5.0826454,0.22019001841545105,0.9269999861717224,0.32829999923706055
YKL209C,YMR165C,0,-5.082736,0.22013773024082184,0.9269999861717224,0.32839998602867126
YDR489W,YDR079W,0,-5.082761,0.22008547186851501,0.9269999861717224,0.32850000262260437
YOR179C,YIR023W,0,-5.0827827,0.22003322839736938,0.9269999861717224,0.3285999894142151
YDR457W,YBR214W,0,-5.082858,0.21998101472854614,0.9269999861717224,0.3287000060081482
YML030W,YBR204C,0,-5.083371,0.2199288308620453,0.9269999861717224,0.3287999927997589
YGR288W,YGL021W,0,-5.0835257,0.21987666189670563,0.9269999861717224,0.328900009393692
YNL007C,YFL031W,0,-5.0838995,0.21982452273368835,0.9269999861717224,0.32899999618530273
YPL236C,YNR032W,0,-5.0840664,0.21977239847183228,0.9269999861717224,0.32910001277923584
YHR076W,YOR067C,0,-5.084117,0.21972031891345978,0.9269999861717224,0.32919999957084656
YEL036C,YOR332W,0,-5.0842466,0.21966823935508728,0.9269999861717224,0.3292999863624573
YOR219C,YDR307W,0,-5.0842934,0.21961620450019836,0.9269999861717224,0.3294000029563904
YDR001C,YGL190C,0,-5.084444,0.21956418454647064,0.9269999861717224,0.3294999897480011
YJR068W,YLR050C,0,-5.0846252,0.2195121943950653,0.9269999861717224,0.3296000063419342
YDR523C,YDL002C,0,-5.084773,0.21946023404598236,0.9269999861717224,0.3296999931335449
YMR308C,YPL106C,0,-5.0853043,0.2194082885980606,0.9269999861717224,0.329800009727478
YPL174C,YER090W,0,-5.085351,0.21935635805130005,0.9269999861717224,0.32989999651908875
YDL140C,YER166W,0,-5.0855484,0.21930447220802307,0.9269999861717224,0.33000001311302185
YKL154W,YHR084W,0,-5.08556,0.2192526012659073,0.9269999861717224,0.33009999990463257
YNL112W,YOR369C,0,-5.0857067,0.2192007601261139,0.9269999861717224,0.3301999866962433
YPR098C,YPR065W,0,-5.0857477,0.2191489338874817,0.9269999861717224,0.3303000032901764
YPL202C,YPL082C,1,-5.085848,0.2193334847688675,0.9279999732971191,0.3303000032901764
YNL257C,YPR186C,1,-5.085869,0.21951796114444733,0.9290000200271606,0.3303000032901764
YDR225W,YPL128C,0,-5.0861816,0.21946610510349274,0.9290000200271606,0.3303999900817871
YGR263C,YGR276C,0,-5.0867004,0.21941426396369934,0.9290000200271606,0.3305000066757202
YDR163W,YJR075W,0,-5.086751,0.21936245262622833,0.9290000200271606,0.33059999346733093
YGR218W,YBL068W,0,-5.0867596,0.2193106710910797,0.9290000200271606,0.33070001006126404
YER113C,YAR003W,0,-5.0868244,0.21925890445709229,0.9290000200271606,0.33079999685287476
YGL166W,YPL129W,1,-5.087035,0.21944312751293182,0.9300000071525574,0.33079999685287476
YNL257C,YOL067C,1,-5.087536,0.2196272760629654,0.9309999942779541,0.33079999685287476
YOR362C,YNL268W,0,-5.0875998,0.21957546472549438,0.9309999942779541,0.33090001344680786
YIR012W,YPL192C,0,-5.0877485,0.21952369809150696,0.9309999942779541,0.3310000002384186
YOR122C,YDL029W,0,-5.088002,0.21947194635868073,0.9309999942779541,0.3310999870300293
YER174C,YOR100C,0,-5.088851,0.21942022442817688,0.9309999942779541,0.3312000036239624
YBR120C,YJL207C,0,-5.0893126,0.21936851739883423,0.9309999942779541,0.3312999904155731
YDR332W,YGL161C,0,-5.0894365,0.21931684017181396,0.9309999942779541,0.3314000070095062
YKL166C,YNR017W,0,-5.089463,0.2192651927471161,0.9309999942779541,0.33149999380111694
YLR117C,YJL225C,0,-5.0894823,0.2192135602235794,0.9309999942779541,0.33160001039505005
YDR027C,YNL191W,0,-5.090248,0.2191619575023651,0.9309999942779541,0.33169999718666077
YPL155C,YHR143W,0,-5.091197,0.2191103845834732,0.9309999942779541,0.33180001378059387
YMR019W,YFL066C,0,-5.09171,0.2190588265657425,0.9309999942779541,0.3319000005722046
YLR310C,YOR226C,0,-5.091776,0.21900729835033417,0.9309999942779541,0.3319999873638153
YDL110C,YNR073C,0,-5.091895,0.21895578503608704,0.9309999942779541,0.3321000039577484
YNR049C,YNL244C,0,-5.091997,0.2189043015241623,0.9309999942779541,0.33219999074935913
YDL205C,YGL079W,0,-5.0920286,0.21885284781455994,0.9309999942779541,0.33230000734329224
YMR137C,YKR046C,0,-5.092067,0.21880140900611877,0.9309999942779541,0.33239999413490295
YOR127W,YGR278W,0,-5.092079,0.21875,0.9309999942779541,0.33250001072883606
YDL129W,YDL022W,0,-5.0922556,0.2186986207962036,0.9309999942779541,0.3325999975204468
YDR294C,YDR151C,0,-5.0923214,0.21864725649356842,0.9309999942779541,0.3327000141143799
YGR255C,YGL256W,0,-5.0923843,0.21859590709209442,0.9309999942779541,0.3328000009059906
YLR439W,YNL110C,0,-5.0928516,0.218544602394104,0.9309999942779541,0.3328999876976013
YLR127C,YDR156W,0,-5.093172,0.21849331259727478,0.9309999942779541,0.3330000042915344
YCR053W,YJL140W,0,-5.0932875,0.21844205260276794,0.9309999942779541,0.33309999108314514
YDL138W,YML075C,0,-5.0933304,0.2183908075094223,0.9309999942779541,0.33320000767707825
YDL181W,YBR237W,0,-5.093668,0.21833959221839905,0.9309999942779541,0.33329999446868896
YIR035C,YEL062W,0,-5.093814,0.218288391828537,0.9309999942779541,0.33340001106262207
YLR192C,YLR373C,0,-5.093851,0.21823722124099731,0.9309999942779541,0.3334999978542328
YMR277W,YKL021C,0,-5.0945463,0.21818608045578003,0.9309999942779541,0.3336000144481659
YJL191W,YGR251W,0,-5.09472,0.21813495457172394,0.9309999942779541,0.3337000012397766
YJR053W,YOR353C,0,-5.095045,0.21808385848999023,0.9309999942779541,0.33379998803138733
YDR090C,YGR095C,0,-5.095085,0.21803279221057892,0.9309999942779541,0.33390000462532043
YDR419W,YPR156C,0,-5.095131,0.2179817408323288,0.9309999942779541,0.33399999141693115
YMR115W,YLR240W,0,-5.0953684,0.21793070435523987,0.9309999942779541,0.33410000801086426
YBR097W,YOL005C,0,-5.095752,0.21787971258163452,0.9309999942779541,0.334199994802475
YPL124W,YOL133W,0,-5.095929,0.21782873570919037,0.9309999942779541,0.3343000113964081
YLR270W,YKL112W,0,-5.095932,0.2177777737379074,0.9309999942779541,0.3343999981880188
YPL083C,YBL097W,0,-5.096138,0.21772684156894684,0.9309999942779541,0.3345000147819519
YMR316W,YOL151W,0,-5.096181,0.21767593920230865,0.9309999942779541,0.3346000015735626
YKL186C,YHR135C,0,-5.0964413,0.21762505173683167,0.9309999942779541,0.33469998836517334
YDR131C,YPL273W,0,-5.0964966,0.21757419407367706,0.9309999942779541,0.33480000495910645
YOR340C,YLR283W,0,-5.0965567,0.21752336621284485,0.9309999942779541,0.33489999175071716
YLR330W,YDR341C,0,-5.097371,0.21747255325317383,0.9309999942779541,0.33500000834465027
YKL089W,YGR096W,0,-5.097804,0.2174217700958252,0.9309999942779541,0.335099995136261
YBL085W,YDR260C,0,-5.0982904,0.21737100183963776,0.9309999942779541,0.3352000117301941
YPR138C,YDR411C,0,-5.09857,0.2173202633857727,0.9309999942779541,0.3352999985218048
YJL104W,YEL037C,0,-5.0985928,0.21726953983306885,0.9309999942779541,0.3353999853134155
YLR078C,YPL016W,0,-5.099371,0.21721884608268738,0.9309999942779541,0.33550000190734863
YLR272C,YPL017C,0,-5.099573,0.2171681821346283,0.9309999942779541,0.33559998869895935
YDL141W,YLR210W,0,-5.099638,0.2171175330877304,0.9309999942779541,0.33570000529289246
YIL084C,YOR211C,0,-5.1003323,0.2170669138431549,0.9309999942779541,0.3357999920845032
YHR207C,YOR228C,0,-5.100342,0.2170163244009018,0.9309999942779541,0.3359000086784363
YOL030W,YHR143W,0,-5.100376,0.21696573495864868,0.9309999942779541,0.335999995470047
YML015C,YNL257C,1,-5.100465,0.21714818477630615,0.9319999814033508,0.335999995470047
YDR409W,YGL141W,0,-5.100788,0.21709759533405304,0.9319999814033508,0.3361000120639801
YDR229W,YNL087W,0,-5.100815,0.21704703569412231,0.9319999814033508,0.3361999988555908
YBL060W,YNL329C,0,-5.1008835,0.21699650585651398,0.9319999814033508,0.33629998564720154
YJL160C,YHR117W,0,-5.1011086,0.21694599092006683,0.9319999814033508,0.33640000224113464
YDR348C,YBR237W,0,-5.101183,0.21689550578594208,0.9319999814033508,0.33649998903274536
YNL309W,YKL195W,0,-5.1011906,0.2168450504541397,0.9319999814033508,0.33660000562667847
YOL108C,YLR394W,0,-5.101405,0.21679461002349854,0.9319999814033508,0.3366999924182892
YPL068C,YDR001C,0,-5.1016407,0.21674418449401855,0.9319999814033508,0.3368000090122223
YDL020C,YIR034C,0,-5.101741,0.21669378876686096,0.9319999814033508,0.336899995803833
YBR061C,YKL041W,0,-5.1018276,0.21664342284202576,0.9319999814033508,0.3370000123977661
YBR061C,YER012W,0,-5.102072,0.21659307181835175,0.9319999814033508,0.33709999918937683
YGR271C-A,YBR095C,0,-5.1020794,0.21654275059700012,0.9319999814033508,0.33719998598098755
YPL194W,YHR179W,0,-5.1022615,0.2164924442768097,0.9319999814033508,0.33730000257492065
YKL004W,YLR403W,0,-5.1023693,0.21644216775894165,0.9319999814033508,0.33739998936653137
YGR077C,YLR418C,0,-5.102395,0.216391921043396,0.9319999814033508,0.3375000059604645
YOL105C,YEL013W,0,-5.10246,0.21634168922901154,0.9319999814033508,0.3375999927520752
YDR113C,YDR326C,0,-5.1024733,0.21629148721694946,0.9319999814033508,0.3377000093460083
YDL108W,YFL021W,1,-5.102516,0.2164733111858368,0.9330000281333923,0.3377000093460083
YJL154C,YBR186W,0,-5.102581,0.21642310917377472,0.9330000281333923,0.337799996137619
YFL039C,YML124C,0,-5.102932,0.21637290716171265,0.9330000281333923,0.3379000127315521
YIL103W,YGR218W,0,-5.1031055,0.21632274985313416,0.9330000281333923,0.33799999952316284
YOL031C,YNL101W,0,-5.1035614,0.21627260744571686,0.9330000281333923,0.33809998631477356
YOL041C,YOL147C,0,-5.103855,0.21622247993946075,0.9330000281333923,0.33820000290870667
YNL101W,YOR321W,0,-5.1042643,0.21617238223552704,0.9330000281333923,0.3382999897003174
YLR310C,YNR046W,0,-5.1043043,0.2161223143339157,0.9330000281333923,0.3384000062942505
YNL188W,YHR178W,0,-5.105089,0.21607226133346558,0.9330000281333923,0.3384999930858612
YIL016W,YHR191C,0,-5.105135,0.21602222323417664,0.9330000281333923,0.3386000096797943
YMR171C,YER012W,0,-5.105178,0.21597221493721008,0.9330000281333923,0.33869999647140503
YPL217C,YJR056C,0,-5.105587,0.21592223644256592,0.9330000281333923,0.33880001306533813
YBR161W,YKL042W,0,-5.105667,0.21587228775024414,0.9330000281333923,0.33889999985694885
YOR083W,YMR293C,0,-5.1057777,0.21582233905792236,0.9330000281333923,0.33899998664855957
YBR150C,YOR115C,0,-5.1061296,0.21577243506908417,0.9330000281333923,0.3391000032424927
YBR236C,YDR347W,0,-5.106164,0.21572254598140717,0.9330000281333923,0.3391999900341034
YFL021W,YGL112C,1,-5.1061735,0.21590383350849152,0.9340000152587891,0.3391999900341034
YOL115W,YPL211W,0,-5.106662,0.21585394442081451,0.9340000152587891,0.3393000066280365
YDR443C,YAL025C,0,-5.1068153,0.2158040702342987,0.9340000152587891,0.3393999934196472
YPL144W,YGL083W,0,-5.107772,0.2157542109489441,0.9340000152587891,0.3395000100135803
YHL009C,YCR072C,0,-5.107974,0.21570438146591187,0.9340000152587891,0.33959999680519104
YDL141W,YAL013W,0,-5.10822,0.21565458178520203,0.9340000152587891,0.33970001339912415
YER001W,YDR337W,0,-5.1082582,0.21560479700565338,0.9340000152587891,0.33980000019073486
YNR051C,YDR229W,0,-5.108343,0.21555504202842712,0.9340000152587891,0.3398999869823456
YJL099W,YLR119W,0,-5.108485,0.21550530195236206,0.9340000152587891,0.3400000035762787
YOL030W,YAL040C,0,-5.1086025,0.21545559167861938,0.9340000152587891,0.3400999903678894
YOL142W,YPL273W,0,-5.108905,0.2154059112071991,0.9340000152587891,0.3402000069618225
YDL110C,YNL005C,0,-5.108924,0.2153562307357788,0.9340000152587891,0.3402999937534332
YLR314C,YHL032C,0,-5.109767,0.2153065949678421,0.9340000152587891,0.34040001034736633
YBR235W,YGR035C,0,-5.109767,0.2152569741010666,0.9340000152587891,0.34049999713897705
YDR006C,YHR209W,0,-5.1099215,0.21520736813545227,0.9340000152587891,0.34060001373291016
YPL241C,YOR354C,0,-5.1100006,0.21515779197216034,0.9340000152587891,0.3407000005245209
YIR035C,YKR025W,0,-5.1101503,0.2151082456111908,0.9340000152587891,0.3407999873161316
YDR390C,YER125W,0,-5.1102047,0.21505871415138245,0.9340000152587891,0.3409000039100647
YPL002C,YDR096W,0,-5.110319,0.21500921249389648,0.9340000152587891,0.3409999907016754
YMR168C,YNL236W,0,-5.1103697,0.21495972573757172,0.9340000152587891,0.3411000072956085
YOR246C,YOR205C,0,-5.1104984,0.21491026878356934,0.9340000152587891,0.34119999408721924
YJL093C,YGL055W,0,-5.11088,0.21486082673072815,0.9340000152587891,0.34130001068115234
YLR192C,YLR027C,0,-5.1109076,0.21481141448020935,0.9340000152587891,0.34139999747276306
YGR166W,YBR041W,0,-5.110937,0.21476201713085175,0.9340000152587891,0.34150001406669617
YDL099W,YKR092C,0,-5.1111097,0.21471264958381653,0.9340000152587891,0.3416000008583069
YLR452C,YMR025W,0,-5.1112404,0.2146632969379425,0.9340000152587891,0.3416999876499176
YKR050W,YJL210W,0,-5.111267,0.21461397409439087,0.9340000152587891,0.3418000042438507
YBR097W,YPR151C,0,-5.111704,0.21456466615200043,0.9340000152587891,0.3418999910354614
YJL046W,YBL042C,0,-5.1117096,0.21451538801193237,0.9340000152587891,0.34200000762939453
YER117W,YBR019C,0,-5.111802,0.2144661247730255,0.9340000152587891,0.34209999442100525
YPL158C,YCR066W,0,-5.111826,0.21441689133644104,0.9340000152587891,0.34220001101493835
YDR291W,YOR046C,0,-5.111866,0.21436768770217896,0.9340000152587891,0.3422999978065491
YGR143W,YJR088C,0,-5.111868,0.21431849896907806,0.9340000152587891,0.3424000144004822
YGR108W,YDR484W,0,-5.1121597,0.21426932513713837,0.9340000152587891,0.3425000011920929
YBR253W,YIL127C,0,-5.1122007,0.21422018110752106,0.9340000152587891,0.3425999879837036
YBL006C,YDR131C,0,-5.1123285,0.21417106688022614,0.9340000152587891,0.3427000045776367
YJL103C,YLR408C,0,-5.112336,0.2141219675540924,0.9340000152587891,0.34279999136924744
YNL316C,YGL043W,0,-5.112401,0.21407288312911987,0.9340000152587891,0.34290000796318054
YKL108W,YLL050C,0,-5.112402,0.21402382850646973,0.9340000152587891,0.34299999475479126
YLR024C,YBR095C,0,-5.112463,0.21397480368614197,0.9340000152587891,0.34310001134872437
YLR427W,YNL304W,0,-5.113076,0.2139257937669754,0.9340000152587891,0.3431999981403351
YOR167C,YPL256C,0,-5.1130915,0.21387679874897003,0.9340000152587891,0.3433000147342682
YKR068C,YGL029W,0,-5.113536,0.21382783353328705,0.9340000152587891,0.3434000015258789
YJL095W,YGR144W,0,-5.113636,0.21377889811992645,0.9340000152587891,0.3434999883174896
YKL101W,YBR104W,0,-5.113743,0.21372997760772705,0.9340000152587891,0.34360000491142273
YCR030C,YGL244W,0,-5.1138554,0.21368108689785004,0.9340000152587891,0.34369999170303345
YNL112W,YDR341C,0,-5.1138706,0.21363221108913422,0.9340000152587891,0.34380000829696655
YML028W,YMR143W,0,-5.114067,0.2135833501815796,0.9340000152587891,0.34389999508857727
YER171W,YMR236W,1,-5.1142035,0.21376314759254456,0.9350000023841858,0.34389999508857727
YLR109W,YGR288W,0,-5.1143856,0.21371428668498993,0.9350000023841858,0.3440000116825104
YLL015W,YLL042C,0,-5.1149254,0.2136654406785965,0.9350000023841858,0.3440999984741211
YHR082C,YOR231W,0,-5.1150084,0.21361663937568665,0.9350000023841858,0.3441999852657318
YKL210W,YPR140W,0,-5.115015,0.2135678380727768,0.9350000023841858,0.3443000018596649
YOL091W,YMR136W,0,-5.115116,0.21351906657218933,0.9350000023841858,0.34439998865127563
YGL133W,YDR518W,0,-5.1153183,0.21347032487392426,0.9350000023841858,0.34450000524520874
YPL023C,YGR012W,0,-5.115411,0.21342159807682037,0.9350000023841858,0.34459999203681946
YMR036C,YIL121W,0,-5.1155453,0.21337288618087769,0.9350000023841858,0.34470000863075256
YOL149W,YNL152W,0,-5.115612,0.21332420408725739,0.9350000023841858,0.3447999954223633
YGR047C,YGL207W,1,-5.1156664,0.2135036438703537,0.9359999895095825,0.3447999954223633
YMR024W,YHR140W,0,-5.11604,0.2134549617767334,0.9359999895095825,0.3449000120162964
YER113C,YER099C,0,-5.116399,0.2134062945842743,0.9359999895095825,0.3449999988079071
YDR420W,YPL148C,0,-5.1164045,0.21335764229297638,0.9359999895095825,0.3450999855995178
YKL042W,YLR126C,0,-5.116702,0.21330901980400085,0.9359999895095825,0.3452000021934509
YBR210W,YLR084C,0,-5.1168337,0.21326042711734772,0.9359999895095825,0.34529998898506165
YER190W,YPR052C,0,-5.1175785,0.21321184933185577,0.9359999895095825,0.34540000557899475
YMR240C,YOR116C,0,-5.1177444,0.21316328644752502,0.9359999895095825,0.34549999237060547
YGL203C,YFR052W,0,-5.1181803,0.21311475336551666,0.9359999895095825,0.3456000089645386
YDR014W,YGR285C,0,-5.118367,0.2130662351846695,0.9359999895095825,0.3456999957561493
YCR087C-A,YKL221W,0,-5.1185284,0.21301774680614471,0.9359999895095825,0.3458000123500824
YMR276W,YBL089W,0,-5.118675,0.21296928822994232,0.9359999895095825,0.3458999991416931
YDL021W,YHR003C,0,-5.118682,0.21292084455490112,0.9359999895095825,0.34599998593330383
YPL108W,YPL227C,0,-5.118848,0.21287241578102112,0.9359999895095825,0.34610000252723694
YDR172W,YCL055W,0,-5.1188993,0.2128240168094635,0.9359999895095825,0.34619998931884766
YPL214C,YLR038C,0,-5.1191225,0.21277563273906708,0.9359999895095825,0.34630000591278076
YDR081C,YGL256W,0,-5.119252,0.21272727847099304,0.9359999895095825,0.3463999927043915
YDR210W,YIL132C,0,-5.1193485,0.2126789391040802,0.9359999895095825,0.3465000092983246
YOR274W,YPR063C,0,-5.1195507,0.21263062953948975,0.9359999895095825,0.3465999960899353
YGL099W,YOR356W,0,-5.1198254,0.21258233487606049,0.9359999895095825,0.3467000126838684
YPL163C,YPL053C,0,-5.119855,0.21253405511379242,0.9359999895095825,0.3467999994754791
YGR192C,YMR297W,0,-5.1204557,0.21248580515384674,0.9359999895095825,0.34689998626708984
YHL040C,YCR043C,0,-5.120672,0.21243758499622345,0.9359999895095825,0.34700000286102295
YER068W,YLR119W,0,-5.1208,0.21238937973976135,0.9359999895095825,0.34709998965263367
YOL060C,YGL205W,0,-5.1208115,0.21234120428562164,0.9359999895095825,0.3472000062465668
YML114C,YPR145W,0,-5.1209126,0.21229304373264313,0.9359999895095825,0.3472999930381775
YPL200W,YDR170C,0,-5.1210546,0.2122448980808258,0.9359999895095825,0.3474000096321106
YGR227W,YBR223C,0,-5.121147,0.21219678223133087,0.9359999895095825,0.3474999964237213
YDR265W,YMR311C,0,-5.1212893,0.21214868128299713,0.9359999895095825,0.3476000130176544
YKR090W,YDR156W,0,-5.121504,0.21210061013698578,0.9359999895095825,0.34769999980926514
YDR314C,YER058W,0,-5.1217527,0.21205255389213562,0.9359999895095825,0.34779998660087585
YDR443C,YGR278W,0,-5.122349,0.21200452744960785,0.9359999895095825,0.34790000319480896
YMR284W,YDR270W,0,-5.122755,0.21195651590824127,0.9359999895095825,0.3479999899864197
YDL161W,YDR415C,0,-5.122881,0.21190853416919708,0.9359999895095825,0.3481000065803528
YNL112W,YGL032C,0,-5.1230936,0.2118605673313141,0.9359999895095825,0.3481999933719635
YLL013C,YFL016C,0,-5.1232033,0.21181263029575348,0.9359999895095825,0.3483000099658966
YBL027W,YJL014W,0,-5.1235304,0.21176470816135406,0.9359999895095825,0.3483999967575073
YJR040W,YHL001W,0,-5.1243258,0.21171680092811584,0.9359999895095825,0.34850001335144043
YNL321W,YHR094C,0,-5.124362,0.2116689234972,0.9359999895095825,0.34860000014305115
YJR033C,YGL201C,0,-5.124426,0.21162107586860657,0.9359999895095825,0.34869998693466187
YDR306C,YKR035W-A,0,-5.1248198,0.21157324314117432,0.9359999895095825,0.34880000352859497
YBL057C,YPL188W,0,-5.124833,0.21152542531490326,0.9359999895095825,0.3488999903202057
YDR123C,YDL059C,0,-5.1255035,0.2114776372909546,0.9359999895095825,0.3490000069141388
YDR456W,YDR081C,0,-5.1255608,0.21142986416816711,0.9359999895095825,0.3490999937057495
YMR295C,YGR191W,0,-5.1257334,0.21138212084770203,0.9359999895095825,0.3492000102996826
YIL049W,YDR351W,0,-5.1261625,0.21133439242839813,0.9359999895095825,0.34929999709129333
YDR141C,YGR223C,0,-5.1262093,0.21128667891025543,0.9359999895095825,0.34940001368522644
YNL134C,YOR293W,0,-5.1262693,0.21123899519443512,0.9359999895095825,0.34950000047683716
YBR066C,YNL272C,0,-5.126466,0.2111913412809372,0.9359999895095825,0.3495999872684479
YKL042W,YPL258C,0,-5.1265717,0.21114370226860046,0.9359999895095825,0.349700003862381
YLR109W,YBR175W,0,-5.12691,0.21109607815742493,0.9359999895095825,0.3497999906539917
YDR523C,YOR349W,0,-5.1270266,0.21104848384857178,0.9359999895095825,0.3499000072479248
YDR415C,YBR245C,0,-5.127062,0.21100090444087982,0.9359999895095825,0.3499999940395355
YHR008C,YDR222W,0,-5.127411,0.21095333993434906,0.9359999895095825,0.35010001063346863
YLR446W,YMR004W,0,-5.127798,0.21090582013130188,0.9359999895095825,0.35019999742507935
YMR168C,YGL186C,0,-5.127985,0.2108583003282547,0.9359999895095825,0.35030001401901245
YFR001W,YPR185W,0,-5.1284714,0.2108108103275299,0.9359999895095825,0.35040000081062317
YOR196C,YMR089C,0,-5.1285124,0.2107633352279663,0.9359999895095825,0.3504999876022339
YBR271W,YGR134W,0,-5.1285353,0.2107158899307251,0.9359999895095825,0.350600004196167
YDL207W,YPL274W,0,-5.1285906,0.21066847443580627,0.9359999895095825,0.3506999909877777
YLR116W,YBR251W,0,-5.1287203,0.21062105894088745,0.9359999895095825,0.3508000075817108
YDR069C,YAL039C,0,-5.1287766,0.21057367324829102,0.9359999895095825,0.35089999437332153
YIL035C,YER055C,0,-5.128788,0.21052631735801697,0.9359999895095825,0.35100001096725464
YMR024W,YHR039C-A,0,-5.1288805,0.2104789763689041,0.9359999895095825,0.35109999775886536
YOL124C,YOL070C,0,-5.129016,0.21043165028095245,0.9359999895095825,0.35120001435279846
YKL013C,YJL101C,0,-5.129036,0.21038435399532318,0.9359999895095825,0.3513000011444092
YHR062C,YLL027W,0,-5.12924,0.2103370726108551,0.9359999895095825,0.3513999879360199
YFR036W,YPR200C,0,-5.1293344,0.2102898210287094,0.9359999895095825,0.351500004529953
YMR087W,YJL207C,0,-5.129403,0.21024258434772491,0.9359999895095825,0.3515999913215637
YHR039C-A,YOR037W,0,-5.129637,0.2101953774690628,0.9359999895095825,0.3517000079154968
YJR089W,YIL049W,0,-5.129653,0.2101481854915619,0.9359999895095825,0.35179999470710754
YJL145W,YNL256W,0,-5.129752,0.21010100841522217,0.9359999895095825,0.35190001130104065
YOL077C,YPR023C,0,-5.1299925,0.21005386114120483,0.9359999895095825,0.35199999809265137
YOL028C,YIL070C,0,-5.1300516,0.2100067287683487,0.9359999895095825,0.3521000146865845
YIL031W,YNL322C,0,-5.1307297,0.20995962619781494,0.9359999895095825,0.3522000014781952
YPR138C,YDL229W,0,-5.130781,0.20991253852844238,0.9359999895095825,0.3522999882698059
YER137C,YOL045W,0,-5.1308174,0.20986546576023102,0.9359999895095825,0.352400004863739
YDR014W,YLR013W,0,-5.1308403,0.20981842279434204,0.9359999895095825,0.35249999165534973
YPR186C,YPL082C,1,-5.1308975,0.20999552309513092,0.9369999766349792,0.35249999165534973
YDR207C,YML019W,0,-5.1310186,0.20994846522808075,0.9369999766349792,0.35260000824928284
YML124C,YOR242C,0,-5.1314383,0.20990143716335297,0.9369999766349792,0.35269999504089355
YDR523C,YLL055W,0,-5.131446,0.20985442399978638,0.9369999766349792,0.35280001163482666
YAL053W,YLR165C,0,-5.131569,0.20980744063854218,0.9369999766349792,0.3528999984264374
YER012W,YPL019C,0,-5.132248,0.20976047217845917,0.9369999766349792,0.3529999852180481
YBL016W,YLR329W,0,-5.1328993,0.20971351861953735,0.9369999766349792,0.3531000018119812
YGR185C,YHR099W,0,-5.133033,0.20966659486293793,0.9369999766349792,0.3531999886035919
YFL039C,YJR091C,0,-5.1331244,0.2096196860074997,0.9369999766349792,0.353300005197525
YOR064C,YDR354W,0,-5.133169,0.20957280695438385,0.9369999766349792,0.35339999198913574
YOR141C,YAL040C,0,-5.133238,0.2095259428024292,0.9369999766349792,0.35350000858306885
YGR239C,YNL122C,0,-5.133436,0.20947909355163574,0.9369999766349792,0.35359999537467957
YER046W,YKL013C,0,-5.1336346,0.20943227410316467,0.9369999766349792,0.35370001196861267
YOL056W,YLR028C,0,-5.1336603,0.2093854695558548,0.9369999766349792,0.3537999987602234
YGR058W,YHR123W,0,-5.133979,0.2093386948108673,0.9369999766349792,0.3538999855518341
YGR105W,YDR393W,0,-5.1340055,0.20929193496704102,0.9369999766349792,0.3540000021457672
YKR081C,YJL204C,0,-5.1340704,0.2092452049255371,0.9369999766349792,0.35409998893737793
YDR354W,YFL053W,0,-5.1340885,0.2091984748840332,0.9369999766349792,0.35420000553131104
YGR125W,YLR077W,0,-5.1348248,0.20915178954601288,0.9369999766349792,0.35429999232292175
YER045C,YMR227C,1,-5.135253,0.2093282788991928,0.9380000233650208,0.35429999232292175
YDR090C,YAL016W,0,-5.135686,0.2092815637588501,0.9380000233650208,0.35440000891685486
YNL315C,YMR100W,0,-5.1361628,0.20923489332199097,0.9380000233650208,0.3544999957084656
YDR113C,YDR131C,0,-5.136284,0.20918822288513184,0.9380000233650208,0.3546000123023987
YER002W,YNL335W,0,-5.136467,0.2091415822505951,0.9380000233650208,0.3546999990940094
YGR001C,YAR035W,0,-5.1368704,0.20909495651721954,0.9380000233650208,0.3547999858856201
YKR071C,YER119C,0,-5.136916,0.20904836058616638,0.9380000233650208,0.3549000024795532
YML091C,YBR087W,0,-5.136941,0.20900177955627441,0.9380000233650208,0.35499998927116394
YGL166W,YPL007C,1,-5.137491,0.20917798578739166,0.9390000104904175,0.35499998927116394
YER148W,YGL166W,1,-5.137807,0.20935411751270294,0.9399999976158142,0.35499998927116394
YKR081C,YIL160C,0,-5.1378307,0.2093075066804886,0.9399999976158142,0.35510000586509705
YMR113W,YAL005C,0,-5.1379757,0.20926091074943542,0.9399999976158142,0.35519999265670776
YPR020W,YOR057W,0,-5.1381817,0.20921432971954346,0.9399999976158142,0.35530000925064087
YPR156C,YNL095C,0,-5.1381903,0.20916777849197388,0.9399999976158142,0.3553999960422516
YPR075C,YGR268C,0,-5.1383047,0.2091212421655655,0.9399999976158142,0.3555000126361847
YOL027C,YJL144W,0,-5.138626,0.2090747356414795,0.9399999976158142,0.3555999994277954
YJR119C,YIL170W,0,-5.1388845,0.2090282440185547,0.9399999976158142,0.35569998621940613
YIL134W,YDR050C,0,-5.1389065,0.20898176729679108,0.9399999976158142,0.35580000281333923
YJL095W,YHR034C,0,-5.139124,0.20893532037734985,0.9399999976158142,0.35589998960494995
YLR138W,YHR091C,0,-5.1392717,0.20888888835906982,0.9399999976158142,0.35600000619888306
YLR398C,YML109W,0,-5.139388,0.20884248614311218,0.9399999976158142,0.3560999929904938
YGL184C,YBL097W,0,-5.1394663,0.20879608392715454,0.9399999976158142,0.3562000095844269
YEL064C,YBR283C,0,-5.1395407,0.20874972641468048,0.9399999976158142,0.3562999963760376
YBR020W,YJL044C,0,-5.1397896,0.20870336890220642,0.9399999976158142,0.3564000129699707
YGL209W,YIR022W,0,-5.1399593,0.20865704119205475,0.9399999976158142,0.3564999997615814
YPL212C,YDL127W,0,-5.14007,0.20861074328422546,0.9399999976158142,0.35659998655319214
YKL061W,YOR285W,0,-5.1405125,0.20856446027755737,0.9399999976158142,0.35670000314712524
YDL065C,YPR009W,0,-5.1405735,0.20851819217205048,0.9399999976158142,0.35679998993873596
YOR174W,YPL095C,0,-5.1409264,0.20847193896770477,0.9399999976158142,0.35690000653266907
YOL071W,YIL112W,0,-5.1410503,0.20842571556568146,0.9399999976158142,0.3569999933242798
YDR164C,YPL099C,0,-5.1417923,0.20837952196598053,0.9399999976158142,0.3571000099182129
YJL122W,YAL003W,0,-5.1424456,0.2083333283662796,0.9399999976158142,0.3571999967098236
YDR226W,YNL289W,0,-5.142991,0.20828716456890106,0.9399999976158142,0.3573000133037567
YML060W,YDR166C,0,-5.1433754,0.2082410305738449,0.9399999976158142,0.35740000009536743
YOR209C,YML116W,0,-5.143512,0.20819491147994995,0.9399999976158142,0.35749998688697815
YPL148C,YPR165W,0,-5.1435766,0.2081488072872162,0.9399999976158142,0.35760000348091125
YGL244W,YML063W,0,-5.1435785,0.20810271799564362,0.9399999976158142,0.357699990272522
YDR394W,YDL084W,0,-5.143588,0.20805665850639343,0.9399999976158142,0.3578000068664551
YLR024C,YEL020C,0,-5.1436205,0.20801062881946564,0.9399999976158142,0.3578999936580658
YIL129C,YER120W,0,-5.143634,0.20796459913253784,0.9399999976158142,0.3580000102519989
YDR524C,YAL043C,0,-5.143654,0.20791859924793243,0.9399999976158142,0.3580999970436096
YMR034C,YGR271W,0,-5.1440525,0.20787262916564941,0.9399999976158142,0.3582000136375427
YER017C,YDL101C,0,-5.1441116,0.2078266590833664,0.9399999976158142,0.35830000042915344
YKL042W,YIL109C,0,-5.144129,0.20778071880340576,0.9399999976158142,0.35839998722076416
YGR076C,YMR043W,0,-5.1444273,0.20773480832576752,0.9399999976158142,0.35850000381469727
YBR087W,YER145C,0,-5.1446943,0.20768891274929047,0.9399999976158142,0.358599990606308
YJL160C,YOR131C,0,-5.144762,0.2076430320739746,0.9399999976158142,0.3587000072002411
YFR029W,YJL206C,0,-5.1449785,0.20759716629981995,0.9399999976158142,0.3587999939918518
YDR020C,YPL152W,0,-5.1457453,0.20755133032798767,0.9399999976158142,0.3589000105857849
YML015C,YGR246C,1,-5.1459026,0.20772626996040344,0.9409999847412109,0.3589000105857849
YCR087C-A,YGR144W,0,-5.146139,0.20768041908740997,0.9409999847412109,0.35899999737739563
YPL187W,YGL183C,0,-5.146306,0.2076345980167389,0.9409999847412109,0.35910001397132874
YML104C,YPL016W,0,-5.146331,0.207588791847229,0.9409999847412109,0.35920000076293945
YML130C,YDL120W,0,-5.146471,0.2075430154800415,0.9409999847412109,0.35929998755455017
YAR018C,YPL273W,0,-5.1466627,0.207497239112854,0.9409999847412109,0.3594000041484833
YMR211W,YDR184C,0,-5.1467915,0.2074514925479889,0.9409999847412109,0.359499990940094
YPL273W,YDR033W,0,-5.1472206,0.20740577578544617,0.9409999847412109,0.3596000075340271
YJR075W,YPR047W,0,-5.147295,0.20736007392406464,0.9409999847412109,0.3596999943256378
YPL195W,YNL312W,0,-5.1474295,0.2073143869638443,0.9409999847412109,0.3598000109195709
YOR378W,YHR203C,0,-5.1482286,0.20726872980594635,0.9409999847412109,0.35989999771118164
YOR201C,YHR143W-A,0,-5.1482525,0.2072230726480484,0.9409999847412109,0.36000001430511475
YOR141C,YPR135W,0,-5.14835,0.20717746019363403,0.9409999847412109,0.36010000109672546
YIL158W,YPR052C,0,-5.1483994,0.20713184773921967,0.9409999847412109,0.3601999878883362
YPR056W,YGL207W,1,-5.1484413,0.20730634033679962,0.9419999718666077,0.3601999878883362
YNL135C,YHR099W,0,-5.1486063,0.20726072788238525,0.9419999718666077,0.3603000044822693
YCL057W,YDL028C,0,-5.1486435,0.20721513032913208,0.9419999718666077,0.36039999127388
YDR495C,YLR353W,0,-5.149338,0.2071695625782013,0.9419999718666077,0.3605000078678131
YKL127W,YML058W,0,-5.1496315,0.2071240097284317,0.9419999718666077,0.36059999465942383
YPR121W,YJL118W,0,-5.149767,0.2070784717798233,0.9419999718666077,0.36070001125335693
YER173W,YOL071W,0,-5.149829,0.2070329636335373,0.9419999718666077,0.36079999804496765
YER039C,YLL039C,0,-5.1498995,0.20698747038841248,0.9419999718666077,0.36090001463890076
YJL140W,YMR023C,0,-5.149995,0.20694200694561005,0.9419999718666077,0.3610000014305115
YIL083C,YBL045C,0,-5.150056,0.2068965584039688,0.9419999718666077,0.3610999882221222
YGL079W,YOR140W,0,-5.1501064,0.20685112476348877,0.9419999718666077,0.3612000048160553
YPL121C,YDR225W,0,-5.150317,0.20680570602416992,0.9419999718666077,0.361299991607666
YML104C,YGL032C,0,-5.1504345,0.20676031708717346,0.9419999718666077,0.3614000082015991
YNL257C,YCR042C,1,-5.150614,0.20693439245224,0.9430000185966492,0.3614000082015991
YBL090W,YLL051C,0,-5.1508503,0.20688898861408234,0.9430000185966492,0.36149999499320984
YBR297W,YDR483W,0,-5.1511307,0.20684359967708588,0.9430000185966492,0.36160001158714294
YGL225W,YGL119W,0,-5.1511917,0.2067982405424118,0.9430000185966492,0.36169999837875366
YOR232W,YGL234W,0,-5.1514673,0.20675291121006012,0.9430000185966492,0.3617999851703644
YML111W,YKL027W,0,-5.1517277,0.20670758187770844,0.9430000185966492,0.3619000017642975
YOR064C,YBR135W,0,-5.1518946,0.20666228234767914,0.9430000185966492,0.3619999885559082
YOR381W,YBL054W,0,-5.1519804,0.20661699771881104,0.9430000185966492,0.3621000051498413
YCR027C,YLR383W,0,-5.152032,0.20657174289226532,0.9430000185966492,0.362199991941452
YIR035C,YBR006W,0,-5.1523304,0.2065265029668808,0.9430000185966492,0.36230000853538513
YGR156W,YDR115W,0,-5.1527443,0.20648127794265747,0.9430000185966492,0.36239999532699585
YPL028W,YGR101W,0,-5.152935,0.20643608272075653,0.9430000185966492,0.36250001192092896
YHR074W,YDL246C,0,-5.1533175,0.20639090240001678,0.9430000185966492,0.3625999987125397
YNL222W,YOL067C,1,-5.1538935,0.2065645456314087,0.9440000057220459,0.3625999987125397
YDR322W,YJL206C,0,-5.154022,0.20651936531066895,0.9440000057220459,0.3626999855041504
YER087C-B,YDR238C,0,-5.1540337,0.2064741849899292,0.9440000057220459,0.3628000020980835
YGL099W,YJR149W,0,-5.1542654,0.20642903447151184,0.9440000057220459,0.3628999888896942
YDR036C,YLL029W,0,-5.154313,0.20638391375541687,0.9440000057220459,0.3630000054836273
YOL147C,YGR239C,0,-5.1544247,0.2063387930393219,0.9440000057220459,0.36309999227523804
YML062C,YCL036W,0,-5.1544714,0.20629370212554932,0.9440000057220459,0.36320000886917114
YBR164C,YPL227C,0,-5.1545296,0.20624864101409912,0.9440000057220459,0.36329999566078186
YER126C,YGL172W,0,-5.154538,0.20620357990264893,0.9440000057220459,0.36340001225471497
YNL222W,YER045C,1,-5.154598,0.20637694001197815,0.9449999928474426,0.36340001225471497
YDR452W,YJL145W,0,-5.155196,0.20633187890052795,0.9449999928474426,0.3634999990463257
YNL308C,YGL124C,0,-5.155216,0.20628683269023895,0.9449999928474426,0.3635999858379364
YMR029C,YKR055W,0,-5.1556215,0.20624181628227234,0.9449999928474426,0.3637000024318695
YHR041C,YLR418C,0,-5.155899,0.20619681477546692,0.9449999928474426,0.3637999892234802
YJR016C,YMR266W,0,-5.1571026,0.2061518281698227,0.9449999928474426,0.36390000581741333
YGL249W,YLR226W,0,-5.157634,0.20610687136650085,0.9449999928474426,0.36399999260902405
YNL037C,YGL254W,0,-5.157736,0.2060619294643402,0.9449999928474426,0.36410000920295715
YDR093W,YPL218W,0,-5.158024,0.20601700246334076,0.9449999928474426,0.36419999599456787
YBR056W,YPR135W,0,-5.1582413,0.2059721052646637,0.9449999928474426,0.364300012588501
YDL122W,YOR020C,0,-5.158352,0.20592722296714783,0.9449999928474426,0.3643999993801117
YOR020C,YIL138C,0,-5.158472,0.20588235557079315,0.9449999928474426,0.3644999861717224
YHR064C,YOL026C,0,-5.158842,0.20583750307559967,0.9449999928474426,0.3646000027656555
YMR173W,YIL066C,0,-5.1593237,0.20579268038272858,0.9449999928474426,0.36469998955726624
YBL010C,YLR073C,0,-5.159444,0.20574787259101868,0.9449999928474426,0.36480000615119934
YKL073W,YJR015W,0,-5.1595554,0.20570309460163116,0.9449999928474426,0.36489999294281006
YPL240C,YDR392W,0,-5.1596174,0.20565833151340485,0.9449999928474426,0.36500000953674316
YJL221C,YLR064W,0,-5.15967,0.20561358332633972,0.9449999928474426,0.3650999963283539
YDL051W,YGL100W,0,-5.1602383,0.2055688500404358,0.9449999928474426,0.365200012922287
YBR275C,YER019W,0,-5.1607046,0.20552414655685425,0.9449999928474426,0.3652999997138977
YGR238C,YMR172W,0,-5.1608047,0.2054794579744339,0.9449999928474426,0.3653999865055084
YDR405W,YPL128C,0,-5.1608562,0.20543478429317474,0.9449999928474426,0.36550000309944153
YPR159W,YBL004W,0,-5.1609087,0.20539012551307678,0.9449999928474426,0.36559998989105225
YHR179W,YPL187W,0,-5.161237,0.2053454965353012,0.9449999928474426,0.36570000648498535
YNL136W,YCR102C,0,-5.161543,0.20530089735984802,0.9449999928474426,0.36579999327659607
YPL194W,YIL050W,0,-5.1615887,0.20525629818439484,0.9449999928474426,0.3659000098705292
YDL246C,YJR089W,0,-5.161744,0.20521172881126404,0.9449999928474426,0.3659999966621399
YNL314W,YMR236W,1,-5.1620016,0.2053842842578888,0.9459999799728394,0.3659999966621399
YDR099W,YIL138C,0,-5.162442,0.2053396999835968,0.9459999799728394,0.366100013256073
YPR029C,YNL254C,0,-5.1624804,0.2052951455116272,0.9459999799728394,0.3662000000476837
YNL281W,YPL266W,0,-5.16253,0.2052505910396576,0.9459999799728394,0.36629998683929443
YGL017W,YOR138C,0,-5.1628895,0.20520606637001038,0.9459999799728394,0.36640000343322754
YDL028C,YDR320C-A,0,-5.1632614,0.20516157150268555,0.9459999799728394,0.36649999022483826
YOR043W,YEL037C,0,-5.1633015,0.2051170915365219,0.9459999799728394,0.36660000681877136
YGR058W,YGL089C,0,-5.1633883,0.20507262647151947,0.9459999799728394,0.3666999936103821
YPL026C,YBR202W,0,-5.163581,0.20502817630767822,0.9459999799728394,0.3668000102043152
YBR080C,YFR037C,0,-5.1637945,0.20498375594615936,0.9459999799728394,0.3668999969959259
YKR020W,YDR253C,0,-5.1639614,0.2049393355846405,0.9459999799728394,0.367000013589859
YER172C,YJR159W,0,-5.1640425,0.20489495992660522,0.9459999799728394,0.3671000003814697
YMR086W,YOR311C,0,-5.164212,0.20485058426856995,0.9459999799728394,0.36719998717308044
YDL156W,YBL079W,0,-5.1644726,0.20480623841285706,0.9459999799728394,0.36730000376701355
YMR231W,YGL097W,0,-5.1644983,0.20476190745830536,0.9459999799728394,0.36739999055862427
YBR098W,YFL009W,0,-5.1645937,0.20471759140491486,0.9459999799728394,0.3675000071525574
YKR020W,YPL108W,0,-5.1645975,0.20467330515384674,0.9459999799728394,0.3675999939441681
YFL045C,YER165W,0,-5.1645985,0.20462903380393982,0.9459999799728394,0.3677000105381012
YOL123W,YMR184W,0,-5.1647882,0.2045847773551941,0.9459999799728394,0.3677999973297119
YLR153C,YOR153W,0,-5.164853,0.20454053580760956,0.9459999799728394,0.367900013923645
YOL040C,YPR181C,0,-5.1651335,0.2044963240623474,0.9459999799728394,0.36800000071525574
YJR113C,YJL138C,0,-5.1653576,0.20445212721824646,0.9459999799728394,0.36809998750686646
YBR286W,YML006C,0,-5.1654015,0.2044079452753067,0.9459999799728394,0.36820000410079956
YHR215W,YDR120C,0,-5.1654673,0.20436379313468933,0.9459999799728394,0.3682999908924103
YHR134W,YHR105W,0,-5.1659527,0.20431965589523315,0.9459999799728394,0.3684000074863434
YLL022C,YEL050C,0,-5.166073,0.20427553355693817,0.9459999799728394,0.3684999942779541
YLR362W,YIR008C,0,-5.166092,0.20423142611980438,0.9459999799728394,0.3686000108718872
YLR144C,YAL012W,0,-5.1661606,0.20418734848499298,0.9459999799728394,0.3686999976634979
YNR041C,YAR015W,0,-5.1671877,0.20414328575134277,0.9459999799728394,0.36880001425743103
YKR045C,YDR054C,0,-5.167227,0.20409923791885376,0.9459999799728394,0.36890000104904175
YAL033W,YNL304W,0,-5.1680603,0.20405521988868713,0.9459999799728394,0.36899998784065247
YGR009C,YJL042W,0,-5.1680956,0.2040112167596817,0.9459999799728394,0.36910000443458557
YKL135C,YKL193C,0,-5.1680956,0.20396722853183746,0.9459999799728394,0.3691999912261963
YCR081W,YNL272C,0,-5.1688004,0.20392325520515442,0.9459999799728394,0.3693000078201294
YMR308C,YDR476C,0,-5.1689463,0.20387931168079376,0.9459999799728394,0.3693999946117401
YJL050W,YDR020C,0,-5.1694403,0.2038353830575943,0.9459999799728394,0.3695000112056732
YBR040W,YOR337W,0,-5.169467,0.20379146933555603,0.9459999799728394,0.36959999799728394
YGL120C,YBL071W-A,0,-5.1703453,0.20374757051467896,0.9459999799728394,0.36970001459121704
YER070W,YBL029C-A,0,-5.1711893,0.20370370149612427,0.9459999799728394,0.36980000138282776
YBL046W,YCL014W,0,-5.171385,0.20365984737873077,0.9459999799728394,0.3698999881744385
YDR523C,YKL144C,0,-5.171463,0.20361600816249847,0.9459999799728394,0.3700000047683716
YDL216C,YFR051C,0,-5.1715136,0.20357219874858856,0.9459999799728394,0.3700999915599823
YLR441C,YNL080C,0,-5.171566,0.20352840423583984,0.9459999799728394,0.3702000081539154
YJL225C,YBL085W,0,-5.171607,0.20348462462425232,0.9459999799728394,0.3702999949455261
YGR241C,YJR130C,0,-5.171694,0.203440859913826,0.9459999799728394,0.37040001153945923
YNL086W,YLR013W,0,-5.1717415,0.20339712500572205,0.9459999799728394,0.37049999833106995
YKL135C,YGR282C,0,-5.1723204,0.2033533900976181,0.9459999799728394,0.37059998512268066
YGR068C,YDR353W,0,-5.1725006,0.20330969989299774,0.9459999799728394,0.37070000171661377
YCL027W,YDR352W,0,-5.1725597,0.20326600968837738,0.9459999799728394,0.3707999885082245
YDL133C-A,YGL257C,0,-5.172653,0.2032223343849182,0.9459999799728394,0.3709000051021576
YBR207W,YPR121W,0,-5.1729794,0.20317868888378143,0.9459999799728394,0.3709999918937683
YJL019W,YBL112C,0,-5.1732883,0.20313505828380585,0.9459999799728394,0.3711000084877014
YDR172W,YBL002W,0,-5.1735115,0.20309145748615265,0.9459999799728394,0.37119999527931213
YNL186W,YHR010W,0,-5.1735945,0.20304787158966064,0.9459999799728394,0.37130001187324524
YGR105W,YGR014W,0,-5.173668,0.20300428569316864,0.9459999799728394,0.37139999866485596
YDR014W,YNR054C,0,-5.1741285,0.20296074450016022,0.9459999799728394,0.3714999854564667
YCR096C,YOL060C,0,-5.1741905,0.2029172033071518,0.9459999799728394,0.3716000020503998
YBR155W,YBR240C,0,-5.1743183,0.20287369191646576,0.9459999799728394,0.3716999888420105
YPL093W,YGL086W,0,-5.174446,0.20283019542694092,0.9459999799728394,0.3718000054359436
YOR162C,YBR030W,0,-5.1745024,0.20278671383857727,0.9459999799728394,0.3718999922275543
YDL184C,YMR188C,0,-5.1745796,0.20274324715137482,0.9459999799728394,0.3720000088214874
YOR106W,YLR100W,0,-5.17498,0.20269981026649475,0.9459999799728394,0.37209999561309814
YDR324C,YGR284C,0,-5.1751175,0.20265638828277588,0.9459999799728394,0.37220001220703125
YBL041W,YOL112W,0,-5.1752815,0.2026129812002182,0.9459999799728394,0.37229999899864197
YNR003C,YJL002C,0,-5.175316,0.20256958901882172,0.9459999799728394,0.3723999857902527
YBR081C,YGL123W,0,-5.1753855,0.20252622663974762,0.9459999799728394,0.3725000023841858
YOL038W,YNL335W,0,-5.1754694,0.20248287916183472,0.9459999799728394,0.3725999891757965
YLL028W,YLR133W,0,-5.175564,0.202439546585083,0.9459999799728394,0.3727000057697296
YOL093W,YML123C,0,-5.175764,0.2023962289094925,0.9459999799728394,0.37279999256134033
YBL021C,YBL106C,0,-5.1761456,0.20235294103622437,0.9459999799728394,0.37290000915527344
YLR419W,YDR425W,0,-5.1762705,0.20230966806411743,0.9459999799728394,0.37299999594688416
YBR072W,YGL039W,0,-5.1764364,0.2022664099931717,0.9459999799728394,0.37310001254081726
YDR449C,YLR066W,0,-5.176634,0.20222316682338715,0.9459999799728394,0.373199999332428
YOL026C,YHR072W,0,-5.177041,0.202179953455925,0.9459999799728394,0.3732999861240387
YOR212W,YCR054C,0,-5.177143,0.20213675498962402,0.9459999799728394,0.3734000027179718
YNL005C,YLR051C,0,-5.17725,0.20209357142448425,0.9459999799728394,0.3734999895095825
YDR073W,YGR059W,0,-5.1773424,0.20205040276050568,0.9459999799728394,0.3736000061035156
YBR098W,YGR054W,0,-5.177454,0.2020072638988495,0.9459999799728394,0.37369999289512634
YCR088W,YDR265W,0,-5.1777544,0.2019641399383545,0.9459999799728394,0.37380000948905945
YIR033W,YOR216C,0,-5.178464,0.2019210308790207,0.9459999799728394,0.37389999628067017
YLR238W,YIR022W,0,-5.1786175,0.20187793672084808,0.9459999799728394,0.37400001287460327
YJL122W,YBR160W,0,-5.178788,0.20183485746383667,0.9459999799728394,0.374099999666214
YML029W,YLR233C,0,-5.178814,0.20179180800914764,0.9459999799728394,0.3741999864578247
YLR172C,YDR044W,0,-5.1788836,0.2017487734556198,0.9459999799728394,0.3743000030517578
YDR060W,YML078W,0,-5.1790476,0.20170575380325317,0.9459999799728394,0.37439998984336853
YNR051C,YDR369C,0,-5.179165,0.20166276395320892,0.9459999799728394,0.37450000643730164
YDR324C,YPL275W,0,-5.17925,0.20161977410316467,0.9459999799728394,0.37459999322891235
YDR376W,YJR010C-A,0,-5.1793957,0.2015768140554428,0.9459999799728394,0.37470000982284546
YHR074W,YDR388W,0,-5.1794176,0.20153386890888214,0.9459999799728394,0.3747999966144562
YDL201W,YMR071C,0,-5.1796503,0.20149095356464386,0.9459999799728394,0.3749000132083893
YBR160W,YML088W,0,-5.180106,0.20144803822040558,0.9459999799728394,0.375
YML015C,YDR079C-A,1,-5.1805553,0.20161806046962738,0.9470000267028809,0.375
YMR025W,YER183C,0,-5.1806564,0.2015751451253891,0.9470000267028809,0.3750999867916107
YLR427W,YNL153C,0,-5.18104,0.201532244682312,0.9470000267028809,0.3752000033855438
YNL191W,YJR138W,0,-5.1813717,0.20148935914039612,0.9470000267028809,0.37529999017715454
YGR062C,YLR213C,0,-5.18147,0.2014465034008026,0.9470000267028809,0.37540000677108765
YPL032C,YHR072W-A,0,-5.181612,0.2014036625623703,0.9470000267028809,0.37549999356269836
YKR080W,YPR181C,0,-5.181775,0.20136083662509918,0.9470000267028809,0.37560001015663147
YOL133W,YKL064W,0,-5.1819725,0.20131802558898926,0.9470000267028809,0.3756999969482422
YDR211W,YNL086W,0,-5.182069,0.20127524435520172,0.9470000267028809,0.3758000135421753
YML074C,YCL055W,0,-5.1822004,0.20123246312141418,0.9470000267028809,0.375900000333786
YLR398C,YDR363W-A,0,-5.182337,0.20118971168994904,0.9470000267028809,0.37599998712539673
YBR253W,YGR166W,0,-5.182828,0.20114699006080627,0.9470000267028809,0.37610000371932983
YJR040W,YEL077C,0,-5.183078,0.2011042684316635,0.9470000267028809,0.37619999051094055
YBR095C,YHL022C,0,-5.183118,0.20106157660484314,0.9470000267028809,0.37630000710487366
YFR032C-A,YNL258C,0,-5.183302,0.20101888477802277,0.9470000267028809,0.3763999938964844
YNR061C,YGL244W,0,-5.183384,0.20097623765468597,0.9470000267028809,0.3765000104904175
YEL011W,YCR098C,0,-5.183529,0.20093359053134918,0.9470000267028809,0.3765999972820282
YGR098C,YIL050W,0,-5.1835384,0.20089095830917358,0.9470000267028809,0.3767000138759613
YLR078C,YOR162C,0,-5.183879,0.20084835588932037,0.9470000267028809,0.376800000667572
YJR095W,YJR137C,0,-5.1840105,0.20080576837062836,0.9470000267028809,0.37689998745918274
YOR346W,YBL024W,0,-5.184026,0.20076319575309753,0.9470000267028809,0.37700000405311584
YIL017C,YOR155C,0,-5.1842012,0.2007206380367279,0.9470000267028809,0.37709999084472656
YHR060W,YIL138C,0,-5.184226,0.20067811012268066,0.9470000267028809,0.37720000743865967
YPL108W,YOL151W,0,-5.1845655,0.20063559710979462,0.9470000267028809,0.3772999942302704
YML007W,YDR156W,0,-5.1846113,0.20059309899806976,0.9470000267028809,0.3774000108242035
YFL009W,YNL049C,0,-5.18464,0.2005506157875061,0.9470000267028809,0.3774999976158142
YBR238C,YNL067W,0,-5.184702,0.20050814747810364,0.9470000267028809,0.3776000142097473
YML130C,YGL254W,0,-5.1847687,0.20046570897102356,0.9470000267028809,0.37770000100135803
YER122C,YLR176C,0,-5.1848183,0.20042328536510468,0.9470000267028809,0.37779998779296875
YPR165W,YJR127C,0,-5.18489,0.20038087666034698,0.9470000267028809,0.37790000438690186
YDR128W,YIL079C,0,-5.185112,0.2003384828567505,0.9470000267028809,0.3779999911785126
YPR058W,YGR077C,0,-5.185339,0.20029610395431519,0.9470000267028809,0.3781000077724457
YDR322W,YLR385C,0,-5.1854954,0.20025375485420227,0.9470000267028809,0.3781999945640564
YPR122W,YAL024C,0,-5.1859293,0.20021142065525055,0.9470000267028809,0.3783000111579895
YDR322W,YGR118W,0,-5.186555,0.20016910135746002,0.9470000267028809,0.3783999979496002
YDR144C,YLR226W,0,-5.1868696,0.2001267969608307,0.9470000267028809,0.3785000145435333
YNL292W,YNR047W,0,-5.187955,0.20008450746536255,0.9470000267028809,0.37860000133514404
YAL061W,YPL024W,0,-5.188526,0.2000422477722168,0.9470000267028809,0.37869998812675476
YEL047C,YGL020C,0,-5.188919,0.20000000298023224,0.9470000267028809,0.37880000472068787
YDR330W,YGL251C,0,-5.1889296,0.19995777308940887,0.9470000267028809,0.3788999915122986
YJL071W,YDR228C,0,-5.1889687,0.1999155580997467,0.9470000267028809,0.3790000081062317
YML029W,YIL083C,0,-5.189069,0.19987335801124573,0.9470000267028809,0.3790999948978424
YFR031C,YCL038C,0,-5.189187,0.19983118772506714,0.9470000267028809,0.3792000114917755
YBR198C,YOL067C,1,-5.1892414,0.20000000298023224,0.9480000138282776,0.3792000114917755
YOL107W,YPL211W,0,-5.1898327,0.19995781779289246,0.9480000138282776,0.37929999828338623
YLL032C,YNL297C,0,-5.1905746,0.19991564750671387,0.9480000138282776,0.37940001487731934
YPL118W,YHR186C,0,-5.1908007,0.19987349212169647,0.9480000138282776,0.37950000166893005
YMR171C,YMR315W,0,-5.1908255,0.19983136653900146,0.9480000138282776,0.37959998846054077
YDR254W,YKL183W,0,-5.190872,0.19978925585746765,0.9480000138282776,0.3797000050544739
YGL169W,YCL008C,0,-5.190895,0.19974716007709503,0.9480000138282776,0.3797999918460846
YNL064C,YOL030W,0,-5.191202,0.1997050791978836,0.9480000138282776,0.3799000084400177
YNL166C,YEL021W,0,-5.191206,0.19966301321983337,0.9480000138282776,0.3799999952316284
YNL257C,YBR123C,1,-5.1916513,0.1998315453529358,0.9490000009536743,0.3799999952316284
YJR139C,YNL151C,0,-5.191695,0.19978947937488556,0.9490000009536743,0.3801000118255615
YPL093W,YLR071C,0,-5.1918545,0.19974742829799652,0.9490000009536743,0.38019999861717224
YPL155C,YJR059W,0,-5.192581,0.19970539212226868,0.9490000009536743,0.38029998540878296
YHR004C,YJL165C,0,-5.192972,0.19966337084770203,0.9490000009536743,0.38040000200271606
YFR037C,YBR014C,0,-5.1931334,0.19962136447429657,0.9490000009536743,0.3804999887943268
YOR017W,YJR013W,0,-5.1937113,0.1995793879032135,0.9490000009536743,0.3806000053882599
YNL153C,YLL062C,0,-5.193884,0.19953742623329163,0.9490000009536743,0.3806999921798706
YCL011C,YHR032W,0,-5.194127,0.19949547946453094,0.9490000009536743,0.3808000087738037
YLR078C,YEL061C,0,-5.194147,0.19945354759693146,0.9490000009536743,0.38089999556541443
YDL069C,YBR159W,0,-5.1942625,0.19941164553165436,0.9490000009536743,0.38100001215934753
YHR031C,YBR030W,0,-5.194669,0.19936974346637726,0.9490000009536743,0.38109999895095825
YOR201C,YNL115C,0,-5.194952,0.19932787120342255,0.9490000009536743,0.38119998574256897
YER185W,YGL174W,0,-5.1954412,0.19928601384162903,0.9490000009536743,0.3813000023365021
YOL147C,YKL078W,0,-5.196063,0.1992441713809967,0.9490000009536743,0.3813999891281128
YDR368W,YLR246W,0,-5.1961,0.19920234382152557,0.9490000009536743,0.3815000057220459
YNL222W,YPL129W,1,-5.196147,0.19937041401863098,0.949999988079071,0.3815000057220459
YGL059W,YMR213W,0,-5.196168,0.19932857155799866,0.949999988079071,0.3815999925136566
YAL017W,YOR291W,0,-5.1961937,0.19928675889968872,0.949999988079071,0.3817000091075897
YGR154C,YLR126C,0,-5.196557,0.19924496114253998,0.949999988079071,0.38179999589920044
YER185W,YLR099C,0,-5.1966515,0.19920319318771362,0.949999988079071,0.38190001249313354
YPL098C,YHR156C,0,-5.1973467,0.19916142523288727,0.949999988079071,0.38199999928474426
YKL119C,YKR020W,0,-5.197447,0.1991196870803833,0.949999988079071,0.382099986076355
YDR318W,YPR018W,0,-5.197462,0.19907794892787933,0.949999988079071,0.3822000026702881
YPL081W,YLR310C,0,-5.197502,0.19903624057769775,0.949999988079071,0.3822999894618988
YLR098C,YBR040W,0,-5.197508,0.19899454712867737,0.949999988079071,0.3824000060558319
YNL186W,YER095W,0,-5.1976786,0.19895288348197937,0.949999988079071,0.3824999928474426
YPL091W,YGL131C,0,-5.1989174,0.19891121983528137,0.949999988079071,0.38260000944137573
YLR359W,YLR050C,0,-5.1997223,0.19886958599090576,0.949999988079071,0.38269999623298645
YJR082C,YAR035W,0,-5.199893,0.19882796704769135,0.949999988079071,0.38280001282691956
YDR523C,YMR293C,0,-5.1999073,0.19878636300563812,0.949999988079071,0.3828999996185303
YNL264C,YOR328W,0,-5.200034,0.1987447738647461,0.949999988079071,0.382999986410141
YDL222C,YGR272C,0,-5.2002907,0.19870319962501526,0.949999988079071,0.3831000030040741
YLR316C,YOL124C,0,-5.2005424,0.1986616551876068,0.949999988079071,0.3831999897956848
YPL065W,YGL059W,0,-5.200632,0.19862011075019836,0.949999988079071,0.3833000063896179
YGR063C,YNL122C,0,-5.200925,0.1985785961151123,0.949999988079071,0.38339999318122864
YDR254W,YIL101C,0,-5.2015123,0.19853709638118744,0.949999988079071,0.38350000977516174
YIL044C,YGR012W,0,-5.201866,0.19849561154842377,0.949999988079071,0.38359999656677246
YFL031W,YBR202W,0,-5.2019405,0.1984541416168213,0.949999988079071,0.38370001316070557
YER021W,YNL010W,0,-5.2020054,0.1984127014875412,0.949999988079071,0.3837999999523163
YER029C,YNL175C,0,-5.202282,0.1983712613582611,0.949999988079071,0.383899986743927
YOR124C,YJL065C,0,-5.20236,0.1983298510313034,0.949999988079071,0.3840000033378601
YFL021W,YOL067C,1,-5.2024813,0.19849717617034912,0.9509999752044678,0.3840000033378601
YLR139C,YJL204C,0,-5.202614,0.19845576584339142,0.9509999752044678,0.3840999901294708
YDL107W,YHR039C-A,0,-5.2026434,0.19841435551643372,0.9509999752044678,0.38420000672340393
YPL266W,YLR278C,0,-5.203478,0.1983729600906372,0.9509999752044678,0.38429999351501465
YNL222W,YNL257C,1,-5.2035894,0.19854015111923218,0.9520000219345093,0.38429999351501465
YBR271W,YOR066W,0,-5.2036057,0.19849875569343567,0.9520000219345093,0.38440001010894775
YNL169C,YOR294W,0,-5.203782,0.19845737516880035,0.9520000219345093,0.38449999690055847
YOR261C,YBR009C,0,-5.204007,0.19841600954532623,0.9520000219345093,0.3846000134944916
YDR387C,YDR348C,0,-5.2046537,0.1983746588230133,0.9520000219345093,0.3847000002861023
YJR095W,YER065C,0,-5.2048454,0.19833333790302277,0.9520000219345093,0.384799987077713
YGR247W,YHR012W,0,-5.2048492,0.19829201698303223,0.9520000219345093,0.3849000036716461
YPR178W,YNL153C,0,-5.204996,0.19825072586536407,0.9520000219345093,0.38499999046325684
YDL229W,YMR163C,0,-5.2050495,0.19820944964885712,0.9520000219345093,0.38510000705718994
YER168C,YNL146W,0,-5.205489,0.19816818833351135,0.9520000219345093,0.38519999384880066
YJL164C,YPL009C,0,-5.205847,0.19812695682048798,0.9520000219345093,0.38530001044273376
YBR223C,YDR228C,0,-5.2058973,0.1980857253074646,0.9520000219345093,0.3853999972343445
YJR036C,YNR010W,0,-5.206606,0.1980445235967636,0.9520000219345093,0.3855000138282776
YBR080C,YBR006W,0,-5.206871,0.19800332188606262,0.9520000219345093,0.3856000006198883
YPL244C,YML034W,0,-5.2069464,0.19796214997768402,0.9520000219345093,0.385699987411499
YOR391C,YKL189W,0,-5.2069664,0.1979209929704666,0.9520000219345093,0.38580000400543213
YOL109W,YGR105W,0,-5.2069683,0.1978798657655716,0.9520000219345093,0.38589999079704285
YDR506C,YOR003W,0,-5.2070675,0.19783873856067657,0.9520000219345093,0.38600000739097595
YGR239C,YGL241W,0,-5.2070704,0.19779762625694275,0.9520000219345093,0.38609999418258667
YNR012W,YBR033W,0,-5.207098,0.1977565437555313,0.9520000219345093,0.3862000107765198
YIL109C,YLR151C,0,-5.207117,0.19771547615528107,0.9520000219345093,0.3862999975681305
YPL144W,YLR147C,0,-5.207262,0.19767442345619202,0.9520000219345093,0.3864000141620636
YDL202W,YNL072W,0,-5.207449,0.19763338565826416,0.9520000219345093,0.3865000009536743
YCL066W,YPR152C,0,-5.2075205,0.1975923627614975,0.9520000219345093,0.38659998774528503
YML072C,YJL165C,0,-5.2075586,0.19755135476589203,0.9520000219345093,0.38670000433921814
YIL047C,YHL004W,0,-5.2077217,0.19751037657260895,0.9520000219345093,0.38679999113082886
YDR054C,YPL273W,0,-5.207943,0.19746939837932587,0.9520000219345093,0.38690000772476196
YBR176W,YHR082C,0,-5.2081985,0.19742844998836517,0.9520000219345093,0.3869999945163727
YKR022C,YLR205C,0,-5.208585,0.19738751649856567,0.9520000219345093,0.3871000111103058
YAL010C,YNR041C,0,-5.2087536,0.19734659790992737,0.9520000219345093,0.3871999979019165
YMR139W,YAL055W,0,-5.2091,0.19730569422245026,0.9520000219345093,0.3873000144958496
YLR183C,YAL031C,0,-5.2091827,0.19726482033729553,0.9520000219345093,0.3874000012874603
YGL145W,YMR021C,0,-5.2092915,0.1972239464521408,0.9520000219345093,0.38749998807907104
YHL018W,YOR061W,0,-5.209488,0.19718310236930847,0.9520000219345093,0.38760000467300415
YOR388C,YDR299W,0,-5.209648,0.19714225828647614,0.9520000219345093,0.38769999146461487
YKR010C,YER145C,0,-5.209944,0.1971014440059662,0.9520000219345093,0.387800008058548
YBR198C,YGL166W,1,-5.209964,0.19726765155792236,0.953000009059906,0.387800008058548
YKR028W,YBR158W,0,-5.2100506,0.19722682237625122,0.953000009059906,0.3878999948501587
YBR217W,YBR154C,0,-5.210394,0.19718600809574127,0.953000009059906,0.3880000114440918
YHR181W,YMR247C,0,-5.2105913,0.1971452236175537,0.953000009059906,0.3880999982357025
YLR306W,YER115C,0,-5.210595,0.19710445404052734,0.953000009059906,0.3882000148296356
YDL171C,YIL122W,0,-5.2110176,0.19706368446350098,0.953000009059906,0.38830000162124634
YNL189W,YKL212W,0,-5.2113333,0.197022944688797,0.953000009059906,0.38839998841285706
YOR080W,YBR014C,0,-5.21136,0.1969822198152542,0.953000009059906,0.38850000500679016
YFR018C,YGL183C,0,-5.2121983,0.19694150984287262,0.953000009059906,0.3885999917984009
YGR063C,YMR099C,0,-5.212204,0.19690082967281342,0.953000009059906,0.388700008392334
YER174C,YEL031W,0,-5.212242,0.1968601495027542,0.953000009059906,0.3887999951839447
YOR070C,YPL099C,0,-5.212412,0.1968194991350174,0.953000009059906,0.3889000117778778
YPL023C,YPL273W,0,-5.212472,0.19677884876728058,0.953000009059906,0.3889999985694885
YPL236C,YDR447C,0,-5.2127466,0.19673822820186615,0.953000009059906,0.38909998536109924
YOL077C,YIL091C,0,-5.2127542,0.19669762253761292,0.953000009059906,0.38920000195503235
YDL056W,YGL032C,0,-5.213216,0.19665703177452087,0.953000009059906,0.38929998874664307
YCL063W,YBR243C,0,-5.213999,0.19661647081375122,0.953000009059906,0.38940000534057617
YKL086W,YDR043C,0,-5.2144136,0.19657590985298157,0.953000009059906,0.3894999921321869
YAL054C,YGR065C,0,-5.214673,0.1965353637933731,0.953000009059906,0.38960000872612
YAR050W,YOR294W,0,-5.215206,0.19649484753608704,0.953000009059906,0.3896999955177307
YER045C,YPL082C,1,-5.2157536,0.19666048884391785,0.9539999961853027,0.3896999955177307
YBL041W,YPL008W,0,-5.2162924,0.19661995768547058,0.9539999961853027,0.3898000121116638
YIL128W,YIL073C,0,-5.2171764,0.1965794414281845,0.9539999961853027,0.38989999890327454
YHR063C,YDR414C,0,-5.2173405,0.19653894007205963,0.9539999961853027,0.38999998569488525
YMR260C,YNR070W,0,-5.217538,0.19649845361709595,0.9539999961853027,0.39010000228881836
YLR084C,YOL054W,0,-5.2175627,0.19645799696445465,0.9539999961853027,0.3901999890804291
YOR022C,YPL020C,0,-5.2179375,0.19641754031181335,0.9539999961853027,0.3903000056743622
YLR301W,YBR135W,0,-5.2179604,0.19637711346149445,0.9539999961853027,0.3903999924659729
YOR208W,YLR073C,0,-5.217984,0.19633670151233673,0.9539999961853027,0.390500009059906
YOR295W,YJL171C,0,-5.2180033,0.19629628956317902,0.9539999961853027,0.3905999958515167
YNL222W,YGR186W,1,-5.218048,0.19646163284778595,0.9549999833106995,0.3905999958515167
YGR227W,YMR214W,0,-5.218851,0.19642122089862823,0.9549999833106995,0.39070001244544983
YDL178W,YNL095C,0,-5.2191763,0.1963808387517929,0.9549999833106995,0.39079999923706055
YMR193W,YGL046W,0,-5.2195377,0.19634045660495758,0.9549999833106995,0.39089998602867126
YBR240C,YKR025W,0,-5.21976,0.19630010426044464,0.9549999833106995,0.39100000262260437
YDL075W,YMR061W,0,-5.2202997,0.1962597668170929,0.9549999833106995,0.3910999894142151
YDR126W,YMR037C,0,-5.220335,0.19621944427490234,0.9549999833106995,0.3912000060081482
YGL100W,YBR264C,0,-5.220701,0.1961791217327118,0.9549999833106995,0.3912999927997589
YJL117W,YOR205C,0,-5.220763,0.19613884389400482,0.9549999833106995,0.391400009393692
YIL047C,YNL107W,0,-5.220867,0.19609856605529785,0.9549999833106995,0.39149999618530273
YNL222W,YGL112C,1,-5.2212048,0.19626359641551971,0.9559999704360962,0.39149999618530273
YPR190C,YGR281W,0,-5.22149,0.19622331857681274,0.9559999704360962,0.39160001277923584
YNL326C,YML036W,0,-5.2216864,0.19618305563926697,0.9559999704360962,0.39169999957084656
YOR356W,YBR261C,0,-5.22176,0.1961427927017212,0.9559999704360962,0.3917999863624573
YNL231C,YJR135C,0,-5.2218676,0.1961025595664978,0.9559999704360962,0.3919000029563904
YLR240W,YER150W,0,-5.2219076,0.1960623413324356,0.9559999704360962,0.3919999897480011
YOR303W,YDL165W,0,-5.2226925,0.1960221379995346,0.9559999704360962,0.3921000063419342
YDL006W,YPL188W,0,-5.222706,0.195981964468956,0.9559999704360962,0.3921999931335449
YOR312C,YLR256W,0,-5.22316,0.19594179093837738,0.9559999704360962,0.392300009727478
YCR028C,YMR022W,0,-5.2232094,0.19590163230895996,0.9559999704360962,0.39239999651908875
YMR150C,YHR094C,0,-5.223342,0.19586150348186493,0.9559999704360962,0.39250001311302185
YPL059W,YDR101C,0,-5.223439,0.1958213895559311,0.9559999704360962,0.39259999990463257
YOL105C,YML046W,0,-5.223528,0.19578127562999725,0.9559999704360962,0.3926999866962433
YER157W,YGR071C,0,-5.2235947,0.1957411915063858,0.9559999704360962,0.3928000032901764
YNL106C,YIL067C,0,-5.223778,0.19570112228393555,0.9559999704360962,0.3928999900817871
YJL143W,YGR116W,0,-5.223895,0.19566106796264648,0.9559999704360962,0.3930000066757202
YLL029W,YDR134C,0,-5.224354,0.19562102854251862,0.9559999704360962,0.39309999346733093
YPL085W,YGL175C,0,-5.2244606,0.19558101892471313,0.9559999704360962,0.39320001006126404
YDL185W,YLR040C,0,-5.2248383,0.19554100930690765,0.9559999704360962,0.39329999685287476
YDL133C-A,YDL165W,0,-5.225131,0.19550102949142456,0.9559999704360962,0.39340001344680786
YPR020W,YPL123C,0,-5.225217,0.19546104967594147,0.9559999704360962,0.3935000002384186
YLR183C,YLR213C,0,-5.2254934,0.19542109966278076,0.9559999704360962,0.3935999870300293
YBR120C,YPL187W,0,-5.2255125,0.19538114964962006,0.9559999704360962,0.3937000036239624
YER045C,YDR460W,1,-5.225585,0.19554556906223297,0.9570000171661377,0.3937000036239624
YDL104C,YDR494W,0,-5.2256327,0.19550561904907227,0.9570000171661377,0.3937999904155731
YIL074C,YHL047C,0,-5.225749,0.19546568393707275,0.9570000171661377,0.3939000070095062
YFR045W,YDR414C,0,-5.2258387,0.19542576372623444,0.9570000171661377,0.39399999380111694
YJR047C,YNR067C,0,-5.226019,0.1953858733177185,0.9570000171661377,0.39410001039505005
YJL025W,YDL231C,0,-5.2260513,0.19534598290920258,0.9570000171661377,0.39419999718666077
YIL150C,YHR161C,0,-5.2262383,0.19530612230300903,0.9570000171661377,0.39430001378059387
YJL112W,YML052W,0,-5.2262497,0.19526627659797668,0.9570000171661377,0.3944000005722046
YJL008C,YOR295W,0,-5.226306,0.19522643089294434,0.9570000171661377,0.3944999873638153
YML091C,YKL181W,0,-5.2263403,0.19518661499023438,0.9570000171661377,0.3946000039577484
YMR271C,YDR218C,0,-5.226471,0.1951468139886856,0.9570000171661377,0.39469999074935913
YOR362C,YPL110C,0,-5.2273846,0.19510702788829803,0.9570000171661377,0.39480000734329224
YOL062C,YJL140W,0,-5.2274427,0.19506727159023285,0.9570000171661377,0.39489999413490295
YGL083W,YMR004W,0,-5.227642,0.19502751529216766,0.9570000171661377,0.39500001072883606
YLR136C,YGL203C,0,-5.228076,0.19498777389526367,0.9570000171661377,0.3950999975204468
YGR037C,YKL096W-A,0,-5.2281246,0.19494804739952087,0.9570000171661377,0.3952000141143799
YMR032W,YOR038C,0,-5.2282076,0.19490835070610046,0.9570000171661377,0.3953000009059906
YPL252C,YOL003C,0,-5.228565,0.19486866891384125,0.9570000171661377,0.3953999876976013
YMR130W,YHL007C,0,-5.229168,0.19482898712158203,0.9570000171661377,0.3955000042915344
YLR376C,YDR371W,0,-5.2292347,0.1947893351316452,0.9570000171661377,0.39559999108314514
YDR003W,YKL064W,0,-5.2292604,0.19474969804286957,0.9570000171661377,0.39570000767707825
YMR130W,YPL108W,0,-5.2294884,0.19471007585525513,0.9570000171661377,0.39579999446868896
YNL191W,YNL158W,0,-5.229513,0.19467046856880188,0.9570000171661377,0.39590001106262207
YNL257C,YGR274C,1,-5.229642,0.19483424723148346,0.9580000042915344,0.39590001106262207
YEL015W,YML028W,0,-5.2297087,0.19479462504386902,0.9580000042915344,0.3959999978542328
YOL142W,YLL062C,0,-5.229842,0.19475503265857697,0.9580000042915344,0.3961000144481659
YKL038W,YCR066W,0,-5.2299433,0.1947154402732849,0.9580000042915344,0.3962000012397766
YJL014W,YNL323W,0,-5.230049,0.19467587769031525,0.9580000042915344,0.39629998803138733
YKL042W,YGL124C,0,-5.230116,0.19463633000850677,0.9580000042915344,0.39640000462532043
YGL095C,YEL052W,0,-5.2304544,0.1945967972278595,0.9580000042915344,0.39649999141693115
YGR001C,YDL214C,0,-5.2305317,0.19455726444721222,0.9580000042915344,0.39660000801086426
YPR098C,YNL012W,0,-5.230707,0.19451776146888733,0.9580000042915344,0.396699994802475
YLR103C,YGR189C,0,-5.2309875,0.19447827339172363,0.9580000042915344,0.3968000113964081
YKR038C,YOR375C,0,-5.2310314,0.19443880021572113,0.9580000042915344,0.3968999981880188
YJR009C,YDL171C,0,-5.231036,0.19439935684204102,0.9580000042915344,0.3970000147819519
YMR277W,YDL115C,0,-5.231142,0.1943599134683609,0.9580000042915344,0.3971000015735626
YBR271W,YOR005C,0,-5.231201,0.19432048499584198,0.9580000042915344,0.39719998836517334
YEL062W,YGR272C,0,-5.231267,0.19428108632564545,0.9580000042915344,0.39730000495910645
YHR141C,YEL031W,0,-5.231921,0.1942416876554489,0.9580000042915344,0.39739999175071716
YNL135C,YML046W,0,-5.2319393,0.19420230388641357,0.9580000042915344,0.39750000834465027
YIR007W,YMR202W,0,-5.2322493,0.19416294991970062,0.9580000042915344,0.397599995136261
YPR049C,YIR034C,0,-5.232526,0.19412361085414886,0.9580000042915344,0.3977000117301941
YNL312W,YKL160W,0,-5.2329416,0.1940842717885971,0.9580000042915344,0.3977999985218048
YGR223C,YPL148C,0,-5.2333117,0.19404496252536774,0.9580000042915344,0.3978999853134155
YLR216C,YDL033C,0,-5.233341,0.19400566816329956,0.9580000042915344,0.39800000190734863
YNR036C,YLR051C,0,-5.2333546,0.19396638870239258,0.9580000042915344,0.39809998869895935
YNL064C,YOL052C,0,-5.2336082,0.1939271241426468,0.9580000042915344,0.39820000529289246
YOR123C,YML001W,0,-5.2336235,0.1938878744840622,0.9580000042915344,0.3982999920845032
YBR231C,YOR100C,0,-5.233717,0.1938486397266388,0.9580000042915344,0.3984000086784363
YDR314C,YHR117W,0,-5.23388,0.19380943477153778,0.9580000042915344,0.398499995470047
YLR100W,YER125W,0,-5.2340307,0.19377022981643677,0.9580000042915344,0.3986000120639801
YJL160C,YLR172C,0,-5.234233,0.19373103976249695,0.9580000042915344,0.3986999988555908
YMR179W,YLR107W,0,-5.234294,0.19369187951087952,0.9580000042915344,0.39879998564720154
YBR139W,YDR170C,0,-5.234439,0.19365271925926208,0.9580000042915344,0.39890000224113464
YPR096C,YDR034C,0,-5.2344494,0.19361357390880585,0.9580000042915344,0.39899998903274536
YER166W,YDR162C,0,-5.2345724,0.193574458360672,0.9580000042915344,0.39910000562667847
YBR290W,YIL073C,0,-5.2349176,0.19353535771369934,0.9580000042915344,0.3991999924182892
YGR247W,YIL155C,0,-5.235012,0.19349625706672668,0.9580000042915344,0.3993000090122223
YDL147W,YPL241C,0,-5.235283,0.19345718622207642,0.9580000042915344,0.399399995803833
YBL113C,YHR191C,0,-5.2354136,0.19341813027858734,0.9580000042915344,0.3995000123977661
YER114C,YNL077W,0,-5.2357645,0.19337908923625946,0.9580000042915344,0.39959999918937683
YHL018W,YAL054C,0,-5.2358437,0.19334006309509277,0.9580000042915344,0.39969998598098755
YLR275W,YCR053W,0,-5.2358503,0.19330105185508728,0.9580000042915344,0.39980000257492065
YPL038W,YIR007W,0,-5.236163,0.19326205551624298,0.9580000042915344,0.39989998936653137
YOL102C,YJL008C,0,-5.236248,0.19322307407855988,0.9580000042915344,0.4000000059604645
YER087W,YOR369C,0,-5.23633,0.19318410754203796,0.9580000042915344,0.4000999927520752
YGR238C,YDL191W,0,-5.236511,0.19314515590667725,0.9580000042915344,0.4002000093460083
YDR088C,YAL012W,0,-5.236701,0.19310623407363892,0.9580000042915344,0.400299996137619
YGL121C,YOR005C,0,-5.236782,0.19306731224060059,0.9580000042915344,0.4004000127315521
YNR049C,YLR028C,0,-5.23724,0.19302840530872345,0.9580000042915344,0.40049999952316284
YBR245C,YAR002C-A,0,-5.2373524,0.1929895281791687,0.9580000042915344,0.40059998631477356
YGL023C,YFR007W,0,-5.2376966,0.19295065104961395,0.9580000042915344,0.40070000290870667
YNL135C,YMR025W,0,-5.2380724,0.1929118037223816,0.9580000042915344,0.4007999897003174
YDR251W,YHR119W,0,-5.2380934,0.19287295639514923,0.9580000042915344,0.4009000062942505
YLR390W,YLR105C,0,-5.238103,0.19283413887023926,0.9580000042915344,0.4009999930858612
YGR200C,YBR244W,0,-5.238158,0.19279533624649048,0.9580000042915344,0.4011000096797943
YLR134W,YIL170W,0,-5.238201,0.1927565336227417,0.9580000042915344,0.40119999647140503
YJL192C,YIL063C,0,-5.238819,0.1927177608013153,0.9580000042915344,0.40130001306533813
YGL029W,YOR005C,0,-5.2393017,0.1926790028810501,0.9580000042915344,0.40139999985694885
YDL054C,YER098W,0,-5.2395544,0.1926402598619461,0.9580000042915344,0.40149998664855957
YML054C,YNL086W,0,-5.2400017,0.1926015317440033,0.9580000042915344,0.4016000032424927
YER018C,YBL079W,0,-5.2403517,0.19256281852722168,0.9580000042915344,0.4016999900341034
YBR057C,YOR338W,0,-5.240938,0.19252412021160126,0.9580000042915344,0.4018000066280365
YJL190C,YJL033W,0,-5.2409916,0.19248543679714203,0.9580000042915344,0.4018999934196472
YGR052W,YAL039C,0,-5.24123,0.192446768283844,0.9580000042915344,0.4020000100135803
YKL213C,YLR265C,0,-5.241272,0.19240811467170715,0.9580000042915344,0.40209999680519104
YGL251C,YOR393W,0,-5.241558,0.1923694759607315,0.9580000042915344,0.40220001339912415
YOR311C,YDR494W,0,-5.24156,0.19233085215091705,0.9580000042915344,0.40230000019073486
YLR160C,YGL012W,0,-5.2417707,0.192292258143425,0.9580000042915344,0.4023999869823456
YKL161C,YBR160W,0,-5.2417917,0.19225366413593292,0.9580000042915344,0.4025000035762787
YLL032C,YAL014C,0,-5.2425776,0.19221508502960205,0.9580000042915344,0.4025999903678894
YNR057C,YOL021C,0,-5.242673,0.19217653572559357,0.9580000042915344,0.4027000069618225
YJR094W-A,YNL072W,0,-5.2428055,0.19213798642158508,0.9580000042915344,0.4027999937534332
YLR208W,YKR006C,0,-5.24286,0.1920994520187378,0.9580000042915344,0.40290001034736633
YPL024W,YLR157C,0,-5.2430067,0.1920609474182129,0.9580000042915344,0.40299999713897705
YJR134C,YDL179W,0,-5.2430906,0.192022442817688,0.9580000042915344,0.40310001373291016
YBR044C,YJR005W,0,-5.243906,0.19198396801948547,0.9580000042915344,0.4032000005245209
YPL046C,YHR124W,0,-5.2441244,0.19194550812244415,0.9580000042915344,0.4032999873161316
YKR068C,YPR006C,0,-5.2443705,0.19190704822540283,0.9580000042915344,0.4034000039100647
YHL002W,YPL132W,0,-5.2444286,0.1918686181306839,0.9580000042915344,0.4034999907016754
YMR077C,YLR307W,0,-5.244445,0.19183020293712616,0.9580000042915344,0.4036000072956085
YNL197C,YDR331W,0,-5.244856,0.19179178774356842,0.9580000042915344,0.40369999408721924
YDR421W,YLR291C,0,-5.245125,0.19175340235233307,0.9580000042915344,0.40380001068115234
YBR185C,YGR199W,0,-5.2451477,0.1917150318622589,0.9580000042915344,0.40389999747276306
YNR070W,YLR312W-A,0,-5.245163,0.19167667627334595,0.9580000042915344,0.40400001406669617
YMR295C,YCL027W,0,-5.245369,0.19163832068443298,0.9580000042915344,0.4041000008583069
YMR173W,YHR140W,0,-5.2455597,0.1915999948978424,0.9580000042915344,0.4041999876499176
YLL054C,YKL168C,0,-5.245676,0.19156168401241302,0.9580000042915344,0.4043000042438507
YOL097C,YJL065C,0,-5.245945,0.19152338802814484,0.9580000042915344,0.4043999910354614
YGR152C,YDR388W,0,-5.2462654,0.19148510694503784,0.9580000042915344,0.40450000762939453
YIL031W,YKR048C,0,-5.246397,0.19144684076309204,0.9580000042915344,0.40459999442100525
YLR165C,YLR433C,0,-5.2464905,0.19140858948230743,0.9580000042915344,0.40470001101493835
YLL034C,YDR119W,0,-5.2465763,0.19137035310268402,0.9580000042915344,0.4047999978065491
YMR197C,YOL057W,0,-5.246952,0.1913321316242218,0.9580000042915344,0.4049000144004822
YDR498C,YBR009C,0,-5.2471285,0.19129392504692078,0.9580000042915344,0.4050000011920929
YMR306W,YNL008C,0,-5.247325,0.19125573337078094,0.9580000042915344,0.4050999879837036
YML094W,YNR072W,0,-5.2473993,0.1912175714969635,0.9580000042915344,0.4052000045776367
YOR064C,YJR104C,0,-5.247758,0.19117940962314606,0.9580000042915344,0.40529999136924744
YBR276C,YDR096W,0,-5.24778,0.1911412626504898,0.9580000042915344,0.40540000796318054
YMR139W,YAL041W,0,-5.248313,0.19110313057899475,0.9580000042915344,0.40549999475479126
YER091C,YCR028C-A,0,-5.248412,0.1910650134086609,0.9580000042915344,0.40560001134872437
YNL267W,YKL175W,0,-5.248453,0.19102692604064941,0.9580000042915344,0.4056999981403351
YHR084W,YPR028W,0,-5.2486076,0.19098883867263794,0.9580000042915344,0.4058000147342682
YLR214W,YMR280C,0,-5.248768,0.19095076620578766,0.9580000042915344,0.4059000015258789
YDL147W,YHR216W,0,-5.2491074,0.19091270864009857,0.9580000042915344,0.4059999883174896
YDR225W,YNL110C,0,-5.249256,0.19087468087673187,0.9580000042915344,0.40610000491142273
YGL020C,YBR175W,0,-5.249318,0.19083665311336517,0.9580000042915344,0.40619999170303345
YLR113W,YLR079W,0,-5.249736,0.19079864025115967,0.9580000042915344,0.40630000829696655
YPL202C,YGL207W,1,-5.2497625,0.19095978140830994,0.9589999914169312,0.40630000829696655
YJL090C,YHR041C,0,-5.249978,0.19092175364494324,0.9589999914169312,0.40639999508857727
YKL009W,YOL018C,0,-5.2510405,0.19088375568389893,0.9589999914169312,0.4065000116825104
YGR261C,YPR156C,0,-5.251215,0.1908457726240158,0.9589999914169312,0.4065999984741211
YCL040W,YBL074C,0,-5.2514687,0.19080780446529388,0.9589999914169312,0.4066999852657318
YLR078C,YDL246C,0,-5.2514925,0.19076983630657196,0.9589999914169312,0.4068000018596649
YNL225C,YGL147C,0,-5.251583,0.19073189795017242,0.9589999914169312,0.40689998865127563
YLR408C,YDR120C,0,-5.2519255,0.19069397449493408,0.9589999914169312,0.40700000524520874
YGR020C,YDR047W,0,-5.2520514,0.19065606594085693,0.9589999914169312,0.40709999203681946
YGL014W,YNR050C,0,-5.252119,0.19061817228794098,0.9589999914169312,0.40720000863075256
YNL227C,YLR100W,0,-5.2521496,0.19058029353618622,0.9589999914169312,0.4072999954223633
YFR013W,YML132W,0,-5.2523327,0.19054241478443146,0.9589999914169312,0.4074000120162964
YDL008W,YDR315C,0,-5.2523775,0.19050456583499908,0.9589999914169312,0.4074999988079071
YBR093C,YML093W,0,-5.25243,0.1904667317867279,0.9589999914169312,0.4075999855995178
YNL115C,YOL005C,0,-5.2525597,0.19042891263961792,0.9589999914169312,0.4077000021934509
YBR276C,YMR186W,0,-5.252633,0.19039110839366913,0.9589999914169312,0.40779998898506165
YOR070C,YIL168W,0,-5.2528086,0.19035331904888153,0.9589999914169312,0.40790000557899475
YBR231C,YHR156C,0,-5.252823,0.19031554460525513,0.9589999914169312,0.40799999237060547
YAL029C,YHR069C,0,-5.253068,0.19027778506278992,0.9589999914169312,0.4081000089645386
YLR330W,YMR221C,0,-5.2533054,0.1902400255203247,0.9589999914169312,0.4081999957561493
YDL045W-A,YFR055W,0,-5.2533884,0.19020229578018188,0.9589999914169312,0.4083000123500824
YMR197C,YML038C,0,-5.253537,0.19016458094120026,0.9589999914169312,0.4083999991416931
YMR049C,YDR492W,0,-5.25356,0.19012688100337982,0.9589999914169312,0.40849998593330383
YLR452C,YJL123C,0,-5.2542725,0.19008919596672058,0.9589999914169312,0.40860000252723694
YML043C,YDR037W,0,-5.2543106,0.19005152583122253,0.9589999914169312,0.40869998931884766
YPR082C,YOL157C,0,-5.254546,0.19001387059688568,0.9589999914169312,0.40880000591278076
YDR376W,YOR206W,0,-5.254588,0.18997623026371002,0.9589999914169312,0.4088999927043915
YKR057W,YJR140C,0,-5.2546606,0.18993860483169556,0.9589999914169312,0.4090000092983246
YDL143W,YGL232W,0,-5.254855,0.18990099430084229,0.9589999914169312,0.4090999960899353
YCR026C,YDR104C,0,-5.254943,0.1898633986711502,0.9589999914169312,0.4092000126838684
YIR008C,YOL034W,0,-5.25496,0.18982581794261932,0.9589999914169312,0.4092999994754791
YNL112W,YOR265W,0,-5.255122,0.18978823721408844,0.9589999914169312,0.40939998626708984
YOR261C,YCR024C-A,0,-5.2551346,0.18975068628787994,0.9589999914169312,0.40950000286102295
YLR431C,YIL050W,0,-5.2553988,0.18971315026283264,0.9589999914169312,0.40959998965263367
YDL213C,YPL200W,0,-5.255719,0.18967562913894653,0.9589999914169312,0.4097000062465668
YDR389W,YDR341C,0,-5.2558575,0.18963812291622162,0.9589999914169312,0.4097999930381775
YBR213W,YER088C,0,-5.2558975,0.1896006315946579,0.9589999914169312,0.4099000096321106
YBR213W,YBR057C,0,-5.255954,0.18956315517425537,0.9589999914169312,0.4099999964237213
YDL039C,YLR145W,0,-5.256036,0.18952569365501404,0.9589999914169312,0.4101000130176544
YFR029W,YDR254W,0,-5.2564077,0.1894882470369339,0.9589999914169312,0.41019999980926514
YBR084C-A,YMR182C,0,-5.2566395,0.18945081532001495,0.9589999914169312,0.41029998660087585
YCR077C,YPR016C,0,-5.256691,0.1894133985042572,0.9589999914169312,0.41040000319480896
YLR139C,YJR158W,0,-5.256835,0.18937598168849945,0.9589999914169312,0.4104999899864197
YGL017W,YDR198C,0,-5.2568417,0.1893385946750641,0.9589999914169312,0.4106000065803528
YJL121C,YDL194W,0,-5.2571306,0.18930122256278992,0.9589999914169312,0.4106999933719635
YKL082C,YGL172W,0,-5.2573776,0.18926386535167694,0.9589999914169312,0.4108000099658966
YML008C,YLR395C,0,-5.257801,0.18922652304172516,0.9589999914169312,0.4108999967575073
YLR450W,YGR180C,0,-5.257926,0.18918919563293457,0.9589999914169312,0.41100001335144043
YJR143C,YDR483W,0,-5.2579975,0.18915186822414398,0.9589999914169312,0.41110000014305115
YER001W,YOL003C,0,-5.2580156,0.18911457061767578,0.9589999914169312,0.41119998693466187
YEL071W,YJL191W,0,-5.2581024,0.18907728791236877,0.9589999914169312,0.41130000352859497
YKL209C,YNL186W,0,-5.258298,0.18904002010822296,0.9589999914169312,0.4113999903202057
YLR100W,YHL008C,0,-5.258889,0.18900275230407715,0.9589999914169312,0.4115000069141388
YOR290C,YCR028C-A,0,-5.259205,0.18896551430225372,0.9589999914169312,0.4115999937057495
YGR261C,YJL177W,0,-5.2592087,0.1889282912015915,0.9589999914169312,0.4117000102996826
YCR081W,YNL316C,0,-5.259392,0.18889108300209045,0.9589999914169312,0.41179999709129333
YDR172W,YJR088C,0,-5.2594156,0.18885387480258942,0.9589999914169312,0.41190001368522644
YCR096C,YCR097W,0,-5.259489,0.18881669640541077,0.9589999914169312,0.41200000047683716
YLL012W,YOL070C,0,-5.2595415,0.1887795329093933,0.9589999914169312,0.4120999872684479
YCR066W,YLR142W,0,-5.2596664,0.18874236941337585,0.9589999914169312,0.412200003862381
YAL031C,YOR033C,0,-5.2601213,0.1887052357196808,0.9589999914169312,0.4122999906539917
YLR028C,YHR206W,0,-5.260276,0.18866810202598572,0.9589999914169312,0.4124000072479248
YKR050W,YNL093W,0,-5.2604885,0.18863099813461304,0.9589999914169312,0.4124999940395355
YFR008W,YDR494W,0,-5.2609024,0.18859390914440155,0.9589999914169312,0.41260001063346863
YDL120W,YNL149C,0,-5.261362,0.18855682015419006,0.9589999914169312,0.41269999742507935
YPL093W,YPR091C,0,-5.2615175,0.18851976096630096,0.9589999914169312,0.41280001401901245
YOR326W,YFL024C,0,-5.26169,0.18848270177841187,0.9589999914169312,0.41290000081062317
YLR182W,YNL305C,0,-5.261901,0.18844567239284515,0.9589999914169312,0.4129999876022339
YGR092W,YJR091C,0,-5.261904,0.18840864300727844,0.9589999914169312,0.413100004196167
YJL160C,YNL136W,0,-5.2620144,0.18837164342403412,0.9589999914169312,0.4131999909877777
YJL024C,YLR135W,0,-5.2621584,0.1883346438407898,0.9589999914169312,0.4133000075817108
YKR102W,YNR039C,0,-5.262166,0.18829765915870667,0.9589999914169312,0.41339999437332153
YHL032C,YMR264W,0,-5.2624903,0.18826070427894592,0.9589999914169312,0.41350001096725464
YBR185C,YBR166C,0,-5.2625275,0.18822374939918518,0.9589999914169312,0.41359999775886536
YFR051C,YKR065C,0,-5.2625446,0.18818680942058563,0.9589999914169312,0.41370001435279846
YNR026C,YGL094C,0,-5.2625885,0.18814989924430847,0.9589999914169312,0.4138000011444092
YBR172C,YMR321C,0,-5.262677,0.1881129890680313,0.9589999914169312,0.4138999879360199
YNR011C,YHR156C,0,-5.2627563,0.18807609379291534,0.9589999914169312,0.414000004529953
YGR179C,YJR133W,0,-5.2632027,0.18803921341896057,0.9589999914169312,0.4140999913215637
YDR440W,YOR221C,0,-5.2633734,0.188002347946167,0.9589999914169312,0.4142000079154968
YPL269W,YCR072C,0,-5.26381,0.1879654973745346,0.9589999914169312,0.41429999470710754
YPL240C,YIL066C,0,-5.2640057,0.1879286766052246,0.9589999914169312,0.41440001130104065
YER089C,YGL229C,0,-5.264058,0.1878918558359146,0.9589999914169312,0.41449999809265137
YPL072W,YGL083W,0,-5.264184,0.1878550499677658,0.9589999914169312,0.4146000146865845
YKL205W,YPR200C,0,-5.2641973,0.1878182590007782,0.9589999914169312,0.4147000014781952
YPL155C,YGR234W,0,-5.26427,0.18778148293495178,0.9589999914169312,0.4147999882698059
YGL060W,YER115C,0,-5.2642736,0.18774470686912537,0.9589999914169312,0.414900004863739
YNL289W,YDL051W,0,-5.264292,0.18770796060562134,0.9589999914169312,0.41499999165534973
YPL029W,YHR168W,0,-5.2644186,0.1876712292432785,0.9589999914169312,0.41510000824928284
YBR105C,YGR258C,0,-5.2645025,0.18763451278209686,0.9589999914169312,0.41519999504089355
YKL010C,YMR321C,0,-5.264803,0.18759781122207642,0.9589999914169312,0.41530001163482666
YGL233W,YPL200W,0,-5.26486,0.18756112456321716,0.9589999914169312,0.4153999984264374
YJL166W,YDL181W,0,-5.265316,0.1875244379043579,0.9589999914169312,0.4154999852180481
YEL053C,YPL124W,0,-5.2655945,0.18748778104782104,0.9589999914169312,0.4156000018119812
YHR211W,YER172C,0,-5.265649,0.18745113909244537,0.9589999914169312,0.4156999886035919
YMR115W,YML111W,0,-5.2657967,0.1874144971370697,0.9589999914169312,0.415800005197525
YGL077C,YDL028C,0,-5.2663307,0.18737788498401642,0.9589999914169312,0.41589999198913574
YIL072W,YHR072W-A,0,-5.2665215,0.18734127283096313,0.9589999914169312,0.41600000858306885
YNL222W,YDR079C-A,1,-5.2667036,0.1875,0.9599999785423279,0.41600000858306885
YJR104C,YPR042C,0,-5.266801,0.18746338784694672,0.9599999785423279,0.41609999537467957
YJL158C,YNL178W,0,-5.2668543,0.18742679059505463,0.9599999785423279,0.41620001196861267
YDR461W,YOR226C,0,-5.2670183,0.18739020824432373,0.9599999785423279,0.4162999987602234
YLR396C,YMR022W,0,-5.2670994,0.18735362589359283,0.9599999785423279,0.4163999855518341
YGL137W,YLR414C,0,-5.267335,0.18731707334518433,0.9599999785423279,0.4165000021457672
YKL186C,YIR005W,0,-5.2673397,0.187280535697937,0.9599999785423279,0.41659998893737793
YIL049W,YBR058C-A,0,-5.267539,0.1872439980506897,0.9599999785423279,0.41670000553131104
YLR029C,YMR208W,0,-5.2675734,0.18720749020576477,0.9599999785423279,0.41679999232292175
YHR098C,YCL026C-B,0,-5.2677183,0.18717098236083984,0.9599999785423279,0.41690000891685486
YAL035W,YBR102C,0,-5.2678194,0.1871345043182373,0.9599999785423279,0.4169999957084656
YLR300W,YNL323W,0,-5.2679014,0.18709802627563477,0.9599999785423279,0.4171000123023987
YBR056W,YDR485C,0,-5.2683706,0.18706157803535461,0.9599999785423279,0.4171999990940094
YPR186C,YER148W,1,-5.268384,0.18721994757652283,0.9610000252723694,0.4171999990940094
YOR125C,YJR155W,0,-5.268441,0.18718348443508148,0.9610000252723694,0.4172999858856201
YPL232W,YMR052W,0,-5.2684774,0.18714703619480133,0.9610000252723694,0.4174000024795532
YOR311C,YGL119W,0,-5.268512,0.18711058795452118,0.9610000252723694,0.41749998927116394
YDR065W,YIL122W,0,-5.269251,0.18707416951656342,0.9610000252723694,0.41760000586509705
YOL007C,YAL032C,0,-5.2693176,0.18703775107860565,0.9610000252723694,0.41769999265670776
YCR098C,YDL136W,0,-5.269356,0.18700136244297028,0.9610000252723694,0.41780000925064087
YIL039W,YOR231W,0,-5.269367,0.1869649738073349,0.9610000252723694,0.4178999960422516
YLR369W,YHR178W,0,-5.269682,0.1869286149740219,0.9610000252723694,0.4180000126361847
YJR053W,YBR141C,0,-5.269767,0.18689225614070892,0.9610000252723694,0.4180999994277954
YJR112W,YIL132C,0,-5.2699804,0.18685592710971832,0.9610000252723694,0.41819998621940613
YKL216W,YCR053W,0,-5.270196,0.18681959807872772,0.9610000252723694,0.41830000281333923
YLR390W,YJR068W,0,-5.2704725,0.18678328394889832,0.9610000252723694,0.41839998960494995
YBR253W,YLR388W,0,-5.27071,0.1867469847202301,0.9610000252723694,0.41850000619888306
YJR107W,YBR235W,0,-5.2708645,0.18671070039272308,0.9610000252723694,0.4185999929904938
YNL009W,YER184C,0,-5.271038,0.18667443096637726,0.9610000252723694,0.4187000095844269
YGR207C,YGR162W,0,-5.27114,0.18663817644119263,0.9610000252723694,0.4187999963760376
YOR246C,YBL058W,0,-5.271226,0.1866019368171692,0.9610000252723694,0.4189000129699707
YEL013W,YGR125W,0,-5.2714643,0.18656571209430695,0.9610000252723694,0.4189999997615814
YOR126C,YLR051C,0,-5.271612,0.1865295022726059,0.9610000252723694,0.41909998655319214
YLR310C,YDR484W,0,-5.2716503,0.18649330735206604,0.9610000252723694,0.41920000314712524
YLL040C,YDR519W,0,-5.271735,0.18645712733268738,0.9610000252723694,0.41929998993873596
YER114C,YFL016C,0,-5.271759,0.18642094731330872,0.9610000252723694,0.41940000653266907
YLR314C,YLR329W,0,-5.271759,0.18638479709625244,0.9610000252723694,0.4194999933242798
YBR179C,YBL009W,0,-5.271923,0.18634864687919617,0.9610000252723694,0.4196000099182129
YMR316W,YDL004W,0,-5.272091,0.18631252646446228,0.9610000252723694,0.4196999967098236
YPL028W,YJR013W,0,-5.2721567,0.1862764060497284,0.9610000252723694,0.4198000133037567
YPL053C,YER131W,0,-5.2725,0.1862403154373169,0.9610000252723694,0.41990000009536743
YBL057C,YIL023C,0,-5.272586,0.1862042248249054,0.9610000252723694,0.41999998688697815
YIL017C,YDR371W,0,-5.2728157,0.1861681491136551,0.9610000252723694,0.42010000348091125
YML110C,YGL008C,0,-5.2729483,0.18613208830356598,0.9610000252723694,0.420199990272522
YGR105W,YKR092C,0,-5.2737474,0.18609604239463806,0.9610000252723694,0.4203000068664551
YOL001W,YJL115W,0,-5.273901,0.18606002628803253,0.9610000252723694,0.4203999936580658
YMR221C,YDR143C,0,-5.2739143,0.186024010181427,0.9610000252723694,0.4205000102519989
YMR316W,YPL085W,0,-5.273962,0.18598799407482147,0.9610000252723694,0.4205999970436096
YNL079C,YHR099W,0,-5.2741137,0.18595200777053833,0.9610000252723694,0.4207000136375427
YJR068W,YJR036C,0,-5.2741356,0.18591603636741638,0.9610000252723694,0.42080000042915344
YBR058C,YGR175C,0,-5.274351,0.18588007986545563,0.9610000252723694,0.42089998722076416
YHR188C,YDL025C,0,-5.274536,0.18584412336349487,0.9610000252723694,0.42100000381469727
YAR071W,YDL028C,0,-5.2750425,0.1858081966638565,0.9610000252723694,0.421099990606308
YKR045C,YMR013C,0,-5.275056,0.18577228486537933,0.9610000252723694,0.4212000072002411
YML026C,YER042W,0,-5.2750883,0.18573637306690216,0.9610000252723694,0.4212999939918518
YLR441C,YPL274W,0,-5.275178,0.18570047616958618,0.9610000252723694,0.4214000105857849
YMR267W,YMR216C,0,-5.275219,0.1856646090745926,0.9610000252723694,0.42149999737739563
YDR155C,YAL055W,0,-5.2752714,0.185628741979599,0.9610000252723694,0.42160001397132874
YML030W,YER115C,0,-5.2752934,0.1855928897857666,0.9610000252723694,0.42170000076293945
YNR028W,YDR047W,0,-5.275338,0.1855570524930954,0.9610000252723694,0.42179998755455017
YIL034C,YOR391C,0,-5.2760515,0.1855212301015854,0.9610000252723694,0.4219000041484833
YBR278W,YJR047C,0,-5.2764597,0.18548542261123657,0.9610000252723694,0.421999990940094
YLR024C,YDL045C,0,-5.27656,0.18544963002204895,0.9610000252723694,0.4221000075340271
YDR332W,YPL088W,0,-5.277483,0.18541385233402252,0.9610000252723694,0.4221999943256378
YML005W,YNL244C,0,-5.2777443,0.1853780895471573,0.9610000252723694,0.4223000109195709
YDR236C,YOR014W,0,-5.277792,0.18534232676029205,0.9610000252723694,0.42239999771118164
YLR129W,YOR388C,0,-5.2779512,0.1853065937757492,0.9610000252723694,0.42250001430511475
YPL029W,YJL156C,0,-5.2780867,0.18527087569236755,0.9610000252723694,0.42260000109672546
YKR036C,YLR278C,0,-5.2785473,0.1852351576089859,0.9610000252723694,0.4226999878883362
YOL147C,YDR238C,0,-5.2787533,0.18519945442676544,0.9610000252723694,0.4228000044822693
YML038C,YNL290W,0,-5.278776,0.18516378104686737,0.9610000252723694,0.42289999127388
YOR354C,YPR023C,0,-5.278901,0.1851281076669693,0.9610000252723694,0.4230000078678131
YOR391C,YFR046C,0,-5.2790546,0.18509244918823242,0.9610000252723694,0.42309999465942383
YNL227C,YGL254W,0,-5.279085,0.18505680561065674,0.9610000252723694,0.42320001125335693
YPL200W,YLR396C,0,-5.279375,0.18502117693424225,0.9610000252723694,0.42329999804496765
YDR389W,YOR106W,0,-5.279682,0.18498556315898895,0.9610000252723694,0.42340001463890076
YKL010C,YER112W,0,-5.2797384,0.18494996428489685,0.9610000252723694,0.4235000014305115
YFL021W,YPL082C,1,-5.279936,0.1851067990064621,0.9620000123977661,0.4235000014305115
YGL054C,YKL139W,0,-5.2800007,0.1850711852312088,0.9620000123977661,0.4235999882221222
YGL209W,YHR203C,0,-5.2801123,0.1850355863571167,0.9620000123977661,0.4237000048160553
YNL192W,YKL154W,0,-5.280863,0.1850000023841858,0.9620000123977661,0.423799991607666
YJL109C,YPR033C,0,-5.280897,0.18496443331241608,0.9620000123977661,0.4239000082015991
YGR072W,YBR001C,0,-5.2810984,0.18492887914180756,0.9620000123977661,0.42399999499320984
YNL310C,YLR035C-A,0,-5.2811556,0.18489332497119904,0.9620000123977661,0.42410001158714294
YLR116W,YIL162W,0,-5.2815714,0.1848578006029129,0.9620000123977661,0.42419999837875366
YKL004W,YML058W-A,0,-5.281824,0.18482229113578796,0.9620000123977661,0.4242999851703644
YOR182C,YPL227C,0,-5.2819223,0.18478678166866302,0.9620000123977661,0.4244000017642975
YIL157C,YAL038W,0,-5.28193,0.18475130200386047,0.9620000123977661,0.4244999885559082
YER101C,YGL004C,0,-5.2819347,0.18471582233905792,0.9620000123977661,0.4246000051498413
YDR222W,YGR268C,0,-5.2821817,0.18468035757541656,0.9620000123977661,0.424699991941452
YNL302C,YBR152W,0,-5.2822075,0.1846449077129364,0.9620000123977661,0.42480000853538513
YER036C,YDR142C,0,-5.2822113,0.18460947275161743,0.9620000123977661,0.42489999532699585
YPL084W,YDR371W,0,-5.282213,0.18457405269145966,0.9620000123977661,0.42500001192092896
YLR183C,YLR414C,0,-5.2823305,0.18453864753246307,0.9620000123977661,0.4250999987125397
YKL053C-A,YDL179W,0,-5.282963,0.18450325727462769,0.9620000123977661,0.4251999855041504
YER008C,YOL125W,0,-5.283036,0.1844678819179535,0.9620000123977661,0.4253000020980835
YGR257C,YLR135W,0,-5.2831316,0.1844325214624405,0.9620000123977661,0.4253999888896942
YDR510W,YGL256W,0,-5.283161,0.1843971610069275,0.9620000123977661,0.4255000054836273
YDR338C,YKL216W,0,-5.283187,0.18436183035373688,0.9620000123977661,0.42559999227523804
YGR001C,YIL049W,0,-5.2831926,0.18432649970054626,0.9620000123977661,0.42570000886917114
YJL206C,YMR312W,0,-5.283535,0.18429118394851685,0.9620000123977661,0.42579999566078186
YNL254C,YJL207C,0,-5.2836294,0.18425588309764862,0.9620000123977661,0.42590001225471497
YLR452C,YEL036C,0,-5.28401,0.18422061204910278,0.9620000123977661,0.4259999990463257
YJL011C,YAL001C,1,-5.2841206,0.1843767911195755,0.9629999995231628,0.4259999990463257
YBR084C-A,YGR271W,0,-5.2841587,0.18434150516986847,0.9629999995231628,0.4260999858379364
YKR019C,YLR408C,0,-5.2843847,0.18430621922016144,0.9629999995231628,0.4262000024318695
YNL273W,YLR079W,0,-5.284727,0.1842709481716156,0.9629999995231628,0.4262999892234802
YOR201C,YBL020W,0,-5.2847967,0.18423569202423096,0.9629999995231628,0.42640000581741333
YLR208W,YBR158W,0,-5.2850094,0.1842004656791687,0.9629999995231628,0.42649999260902405
YGL131C,YPL211W,0,-5.285063,0.18416523933410645,0.9629999995231628,0.42660000920295715
YJR043C,YLR028C,0,-5.285244,0.1841300129890442,0.9629999995231628,0.42669999599456787
YLR449W,YOR224C,0,-5.2856064,0.18409481644630432,0.9629999995231628,0.426800012588501
YLR096W,YGL062W,0,-5.2856674,0.18405963480472565,0.9629999995231628,0.4268999993801117
YNL080C,YGR091W,0,-5.285886,0.18402445316314697,0.9629999995231628,0.4269999861717224
YBR229C,YJL033W,0,-5.2864876,0.18398930132389069,0.9629999995231628,0.4271000027656555
YJL006C,YNL072W,0,-5.286623,0.1839541494846344,0.9629999995231628,0.42719998955726624
YNR020C,YHL001W,0,-5.2866287,0.1839190274477005,0.9629999995231628,0.42730000615119934
YDR174W,YMR224C,0,-5.2866726,0.1838839054107666,0.9629999995231628,0.42739999294281006
YPL087W,YBR199W,0,-5.2867136,0.1838487982749939,0.9629999995231628,0.42750000953674316
YKL171W,YFL034C-A,0,-5.286853,0.18381370604038239,0.9629999995231628,0.4275999963283539
YMR176W,YDR104C,0,-5.286936,0.18377862870693207,0.9629999995231628,0.427700012922287
YOL010W,YJL121C,0,-5.2870684,0.18374356627464294,0.9629999995231628,0.4277999997138977
YNL257C,YLR005W,1,-5.287427,0.18389926850795746,0.9639999866485596,0.4277999997138977
YDR037W,YIL026C,0,-5.2876444,0.18386420607566833,0.9639999866485596,0.4278999865055084
YKL166C,YER012W,0,-5.287653,0.1838291436433792,0.9639999866485596,0.42800000309944153
YPR030W,YFL024C,0,-5.287716,0.18379409611225128,0.9639999866485596,0.42809998989105225
YPL087W,YMR221C,0,-5.287776,0.18375904858112335,0.9639999866485596,0.42820000648498535
YNL257C,YOR194C,1,-5.287792,0.18391461670398712,0.9649999737739563,0.42820000648498535
YJR155W,YEL016C,0,-5.287813,0.1838795691728592,0.9649999737739563,0.42829999327659607
YJR014W,YDR202C,0,-5.2879133,0.18384453654289246,0.9649999737739563,0.4284000098705292
YMR146C,YDR123C,0,-5.288039,0.18380951881408691,0.9649999737739563,0.4284999966621399
YBL066C,YMR088C,0,-5.288395,0.18377451598644257,0.9649999737739563,0.428600013256073
YDR236C,YOR173W,0,-5.288456,0.1837395280599594,0.9649999737739563,0.4287000000476837
YDR320C,YOR144C,0,-5.288556,0.18370455503463745,0.9649999737739563,0.42879998683929443
YKL135C,YJL137C,0,-5.288665,0.1836695820093155,0.9649999737739563,0.42890000343322754
YIL051C,YBL010C,0,-5.288698,0.18363463878631592,0.9649999737739563,0.42899999022483826
YGR206W,YPR096C,0,-5.288704,0.18359969556331635,0.9649999737739563,0.42910000681877136
YLR427W,YOL075C,0,-5.2887974,0.18356476724147797,0.9649999737739563,0.4291999936103821
YER016W,YNL307C,0,-5.2889757,0.18352985382080078,0.9649999737739563,0.4293000102043152
YMR217W,YNR031C,0,-5.289008,0.1834949553012848,0.9649999737739563,0.4293999969959259
YLR312W-A,YCR023C,0,-5.289054,0.18346007168293,0.9649999737739563,0.429500013589859
YMR168C,YCR026C,0,-5.2891264,0.1834252029657364,0.9649999737739563,0.4296000003814697
YEL054C,YHR042W,0,-5.2894773,0.18339034914970398,0.9649999737739563,0.42969998717308044
YNL222W,YIL143C,1,-5.2895355,0.18354550004005432,0.9660000205039978,0.42969998717308044
YLR441C,YMR217W,0,-5.29002,0.18351063132286072,0.9660000205039978,0.42980000376701355
YOR124C,YDR037W,0,-5.2907276,0.1834757775068283,0.9660000205039978,0.42989999055862427
YLR105C,YDR302W,0,-5.2910137,0.1834409385919571,0.9660000205039978,0.4300000071525574
YMR210W,YMR193W,0,-5.291212,0.18340611457824707,0.9660000205039978,0.4300999939441681
YAR035W,YDR260C,0,-5.291315,0.18337130546569824,0.9660000205039978,0.4302000105381012
YGR034W,YBR152W,0,-5.2917824,0.18333649635314941,0.9660000205039978,0.4302999973297119
YAL041W,YOR142W,0,-5.291975,0.18330170214176178,0.9660000205039978,0.430400013923645
YNL163C,YCR043C,0,-5.2920904,0.18326693773269653,0.9660000205039978,0.43050000071525574
YPL046C,YLR237W,0,-5.2923927,0.1832321733236313,0.9660000205039978,0.43059998750686646
YHL019C,YLR074C,0,-5.29243,0.18319742381572723,0.9660000205039978,0.43070000410079956
YHR086W,YIR038C,0,-5.2928534,0.18316268920898438,0.9660000205039978,0.4307999908924103
YCR023C,YGL178W,0,-5.292881,0.1831279695034027,0.9660000205039978,0.4309000074863434
YGR108W,YMR264W,0,-5.293043,0.18309324979782104,0.9660000205039978,0.4309999942779541
YCR069W,YJL091C,0,-5.293212,0.18305855989456177,0.9660000205039978,0.4311000108718872
YCR089W,YKL020C,0,-5.2936316,0.1830238699913025,0.9660000205039978,0.4311999976634979
YPR122W,YDR140W,0,-5.293709,0.1829892098903656,0.9660000205039978,0.43130001425743103
YFR009W,YDR151C,0,-5.293728,0.1829545497894287,0.9660000205039978,0.43140000104904175
YMR060C,YLR278C,0,-5.293906,0.18291990458965302,0.9660000205039978,0.43149998784065247
YKL022C,YPR041W,0,-5.2940836,0.1828852742910385,0.9660000205039978,0.43160000443458557
YNL169C,YER147C,0,-5.294384,0.1828506588935852,0.9660000205039978,0.4316999912261963
YER089C,YOL072W,0,-5.2945356,0.1828160434961319,0.9660000205039978,0.4318000078201294
YDR364C,YCR046C,0,-5.295211,0.18278145790100098,0.9660000205039978,0.4318999946117401
YDL110C,YNL312W,0,-5.2952776,0.18274687230587006,0.9660000205039978,0.4320000112056732
YER046W,YDR320C-A,0,-5.29531,0.18271231651306152,0.9660000205039978,0.43209999799728394
YKL206C,YER019C-A,0,-5.2954636,0.182677760720253,0.9660000205039978,0.43220001459121704
YNR003C,YKR098C,0,-5.295499,0.18264321982860565,0.9660000205039978,0.43230000138282776
YDR090C,YDR497C,0,-5.2958145,0.1826086938381195,0.9660000205039978,0.4323999881744385
YJL093C,YMR233W,0,-5.295885,0.18257418274879456,0.9660000205039978,0.4325000047683716
YLR212C,YBR073W,0,-5.2959805,0.1825396865606308,0.9660000205039978,0.4325999915599823
YOL091W,YPL088W,0,-5.2962065,0.18250519037246704,0.9660000205039978,0.4327000081539154
YNL298W,YMR038C,0,-5.296529,0.18247072398662567,0.9660000205039978,0.4327999949455261
YDL236W,YJL124C,0,-5.2966013,0.1824362576007843,0.9660000205039978,0.43290001153945923
YGR029W,YGL161C,0,-5.2966747,0.18240180611610413,0.9660000205039978,0.43299999833106995
YOL002C,YDL075W,0,-5.2971363,0.18236738443374634,0.9660000205039978,0.43309998512268066
YGL147C,YNL122C,0,-5.2971516,0.18233296275138855,0.9660000205039978,0.43320000171661377
YJL025W,YNL175C,0,-5.2971973,0.18229854106903076,0.9660000205039978,0.4332999885082245
YMR256C,YGR280C,0,-5.2972975,0.18226414918899536,0.9660000205039978,0.4334000051021576
YBR196C,YDL019C,0,-5.2976456,0.18222977221012115,0.9660000205039978,0.4334999918937683
YJL141C,YBL067C,0,-5.2976494,0.18219539523124695,0.9660000205039978,0.4336000084877014
YBR135W,YLR144C,0,-5.2979555,0.18216104805469513,0.9660000205039978,0.43369999527931213
YLL013C,YGL213C,0,-5.2979574,0.1821267008781433,0.9660000205039978,0.43380001187324524
YEL003W,YGL257C,0,-5.2979784,0.18209236860275269,0.9660000205039978,0.43389999866485596
YLR040C,YLL003W,0,-5.298526,0.18205805122852325,0.9660000205039978,0.4339999854564667
YKR038C,YBR205W,0,-5.2985325,0.18202374875545502,0.9660000205039978,0.4341000020503998
YLL051C,YHL016C,0,-5.298812,0.18198944628238678,0.9660000205039978,0.4341999888420105
YNL112W,YDR130C,0,-5.298998,0.18195517361164093,0.9660000205039978,0.4343000054359436
YIR013C,YNL218W,0,-5.2990713,0.18192090094089508,0.9660000205039978,0.4343999922275543
YDR137W,YAL053W,0,-5.2991314,0.18188664317131042,0.9660000205039978,0.4345000088214874
YDL153C,YLR032W,0,-5.299494,0.18185241520404816,0.9660000205039978,0.43459999561309814
YMR079W,YOL068C,0,-5.3003454,0.1818181872367859,0.9660000205039978,0.43470001220703125
YBR115C,YCL027W,0,-5.3004885,0.18178397417068481,0.9660000205039978,0.43479999899864197
YIL015W,YOL112W,0,-5.3005743,0.18174976110458374,0.9660000205039978,0.4348999857902527
YAR050W,YGL244W,0,-5.3006687,0.18171557784080505,0.9660000205039978,0.4350000023841858
YLR197W,YGR287C,0,-5.300811,0.18168139457702637,0.9660000205039978,0.4350999891757965
YNL298W,YNL231C,0,-5.3009815,0.18164724111557007,0.9660000205039978,0.4352000057697296
YPL276W,YMR079W,0,-5.3011274,0.18161308765411377,0.9660000205039978,0.43529999256134033
YNL086W,YCR089W,0,-5.3013,0.18157894909381866,0.9660000205039978,0.43540000915527344
YDR170W-A,YGL026C,0,-5.301361,0.18154482543468475,0.9660000205039978,0.43549999594688416
YKL007W,YNL079C,0,-5.301941,0.18151071667671204,0.9660000205039978,0.43560001254081726
YCR046C,YOR297C,0,-5.302209,0.18147660791873932,0.9660000205039978,0.435699999332428
YBR251W,YNR074C,0,-5.302538,0.181442528963089,0.9660000205039978,0.4357999861240387
YMR136W,YMR288W,0,-5.302884,0.18140845000743866,0.9660000205039978,0.4359000027179718
YNL005C,YGR009C,0,-5.303215,0.18137438595294952,0.9660000205039978,0.4359999895095825
YEL015W,YBL010C,0,-5.3034916,0.18134033679962158,0.9660000205039978,0.4361000061035156
YDL184C,YOR228C,0,-5.3035192,0.18130630254745483,0.9660000205039978,0.43619999289512634
YBR083W,YFR031C,0,-5.303529,0.18127228319644928,0.9660000205039978,0.43630000948905945
YHR099W,YEL052W,0,-5.304166,0.18123827874660492,0.9660000205039978,0.43639999628067017
YGL185C,YBL028C,0,-5.304222,0.18120427429676056,0.9660000205039978,0.43650001287460327
YOL089C,YGL207W,1,-5.3044577,0.18135784566402435,0.9670000076293945,0.43650001287460327
YLR209C,YLR399C,0,-5.3046837,0.1813238263130188,0.9670000076293945,0.436599999666214
YOL149W,YGR263C,0,-5.3047466,0.18128983676433563,0.9670000076293945,0.4366999864578247
YPL072W,YMR244C-A,0,-5.304775,0.18125586211681366,0.9670000076293945,0.4368000030517578
YFL010W-A,YLR353W,0,-5.305113,0.1812218874692917,0.9670000076293945,0.43689998984336853
YJL219W,YCL047C,0,-5.305233,0.1811879277229309,0.9670000076293945,0.43700000643730164
YNL217W,YER050C,0,-5.305235,0.18115398287773132,0.9670000076293945,0.43709999322891235
YNL069C,YBL112C,0,-5.3055716,0.18112005293369293,0.9670000076293945,0.43720000982284546
YGR207C,YBL066C,0,-5.3058424,0.18108613789081573,0.9670000076293945,0.4372999966144562
YJR119C,YNR013C,0,-5.3060045,0.18105223774909973,0.9670000076293945,0.4374000132083893
YOL017W,YPL110C,0,-5.306177,0.18101835250854492,0.9670000076293945,0.4375
YGL031C,YDL042C,0,-5.30618,0.1809844672679901,0.9670000076293945,0.4375999867916107
YDR265W,YOR092W,0,-5.306278,0.1809505969285965,0.9670000076293945,0.4377000033855438
YER124C,YHR112C,0,-5.3067236,0.18091674149036407,0.9670000076293945,0.43779999017715454
YJL187C,YER145C,0,-5.306822,0.18088290095329285,0.9670000076293945,0.43790000677108765
YCL008C,YPR191W,0,-5.3070087,0.1808490753173828,0.9670000076293945,0.43799999356269836
YGL106W,YDR450W,0,-5.3074074,0.18081526458263397,0.9670000076293945,0.43810001015663147
YHL019C,YDL136W,0,-5.307685,0.18078145384788513,0.9670000076293945,0.4381999969482422
YMR020W,YKL100C,0,-5.3078804,0.18074765801429749,0.9670000076293945,0.4383000135421753
YDL181W,YNL275W,0,-5.308057,0.18071389198303223,0.9670000076293945,0.438400000333786
YDL069C,YFR005C,0,-5.3084116,0.18068012595176697,0.9670000076293945,0.43849998712539673
YOR196C,YOR304C-A,0,-5.3087254,0.1806463599205017,0.9670000076293945,0.43860000371932983
YAR044W,YDL155W,0,-5.3091965,0.18061262369155884,0.9670000076293945,0.43869999051094055
YBR217W,YMR154C,0,-5.3093367,0.18057890236377716,0.9670000076293945,0.43880000710487366
YDL097C,YER058W,0,-5.3097153,0.18054518103599548,0.9670000076293945,0.4388999938964844
YBR095C,YJL034W,0,-5.309801,0.180511474609375,0.9670000076293945,0.4390000104904175
YDL110C,YNL172W,0,-5.3099384,0.1804777830839157,0.9670000076293945,0.4390999972820282
YGL099W,YHR056C,0,-5.3107166,0.18044410645961761,0.9670000076293945,0.4392000138759613
YER048C,YDL136W,0,-5.3107634,0.1804104447364807,0.9670000076293945,0.439300000667572
YOR069W,YER131W,0,-5.3108015,0.180376797914505,0.9670000076293945,0.43939998745918274
YGR125W,YML087C,0,-5.3108883,0.1803431510925293,0.9670000076293945,0.43950000405311584
YCR093W,YDR410C,0,-5.310995,0.18030953407287598,0.9670000076293945,0.43959999084472656
YDR387C,YOR381W,0,-5.3113117,0.18027591705322266,0.9670000076293945,0.43970000743865967
YOL057W,YDR487C,0,-5.311516,0.18024231493473053,0.9670000076293945,0.4397999942302704
YHR215W,YGL258W-A,0,-5.311551,0.1802087277173996,0.9670000076293945,0.4399000108242035
YIL072W,YGR282C,0,-5.31159,0.18017514050006866,0.9670000076293945,0.4399999976158142
YJL005W,YGL023C,0,-5.3117647,0.18014158308506012,0.9670000076293945,0.4401000142097473
YIL021W,YBR240C,0,-5.311824,0.18010802567005157,0.9670000076293945,0.44020000100135803
YIL131C,YGR276C,0,-5.311842,0.18007448315620422,0.9670000076293945,0.44029998779296875
YOR162C,YDR523C,0,-5.31215,0.18004095554351807,0.9670000076293945,0.44040000438690186
YOR298W,YGL241W,0,-5.3124075,0.1800074428319931,0.9670000076293945,0.4404999911785126
YBR222C,YEL046C,0,-5.313532,0.17997394502162933,0.9670000076293945,0.4406000077724457
YGR006W,YNL086W,0,-5.313608,0.17994044721126556,0.9670000076293945,0.4406999945640564
YDL133C-A,YDL193W,0,-5.313678,0.17990697920322418,0.9670000076293945,0.4408000111579895
YDR379W,YDR316W,0,-5.3142014,0.1798735111951828,0.9670000076293945,0.4408999979496002
YNR045W,YBL071W-A,0,-5.314227,0.1798400580883026,0.9670000076293945,0.4410000145435333
YJR090C,YOL006C,0,-5.3143463,0.17980661988258362,0.9670000076293945,0.44110000133514404
YJL011C,YER171W,1,-5.314575,0.17995910346508026,0.9679999947547913,0.44110000133514404
YEL011W,YNR018W,0,-5.314698,0.17992565035820007,0.9679999947547913,0.44119998812675476
YDR051C,YKR097W,0,-5.3153505,0.17989221215248108,0.9679999947547913,0.44130000472068787
YKL007W,YOR028C,0,-5.3154697,0.17985878884792328,0.9679999947547913,0.4413999915122986
YGL190C,YNL095C,0,-5.3156233,0.17982538044452667,0.9679999947547913,0.4415000081062317
YOR118W,YGL237C,0,-5.3157663,0.17979197204113007,0.9679999947547913,0.4415999948978424
YOL157C,YML014W,0,-5.31581,0.17975859344005585,0.9679999947547913,0.4417000114917755
YEL009C,YLR364W,0,-5.3165607,0.17972521483898163,0.9679999947547913,0.44179999828338623
YBL098W,YDR170W-A,0,-5.3167534,0.1796918511390686,0.9679999947547913,0.44190001487731934
YBR001C,YLR176C,0,-5.31682,0.17965850234031677,0.9679999947547913,0.44200000166893005
YDL202W,YEL002C,0,-5.316881,0.17962516844272614,0.9679999947547913,0.44209998846054077
YGL168W,YJR143C,0,-5.316943,0.1795918345451355,0.9679999947547913,0.4422000050544739
YGL169W,YBR036C,0,-5.3171263,0.17955853044986725,0.9679999947547913,0.4422999918460846
YER184C,YHR082C,0,-5.317259,0.179525226354599,0.9679999947547913,0.4424000084400177
YBR055C,YKL109W,0,-5.317318,0.17949193716049194,0.9679999947547913,0.4424999952316284
YKL205W,YCR023C,0,-5.3175335,0.17945866286754608,0.9679999947547913,0.4426000118255615
YDR312W,YLR133W,0,-5.3177166,0.17942538857460022,0.9679999947547913,0.44269999861717224
YPL150W,YLR176C,0,-5.317765,0.17939214408397675,0.9679999947547913,0.44279998540878296
YPL162C,YPR075C,0,-5.3178864,0.17935889959335327,0.9679999947547913,0.44290000200271606
YJL025W,YMR088C,0,-5.3181467,0.179325670003891,0.9679999947547913,0.4429999887943268
YNL314W,YPL007C,1,-5.318219,0.17947767674922943,0.968999981880188,0.4429999887943268
YPR101W,YNL322C,0,-5.318303,0.17944444715976715,0.968999981880188,0.4431000053882599
YLR427W,YKL034W,0,-5.3184156,0.17941121757030487,0.968999981880188,0.4431999921798706
YPR021C,YOR206W,0,-5.318491,0.17937800288200378,0.968999981880188,0.4433000087738037
YMR161W,YIL021W,0,-5.3186274,0.1793448030948639,0.968999981880188,0.44339999556541443
YLL027W,YML123C,0,-5.3187475,0.1793116182088852,0.968999981880188,0.44350001215934753
YGL233W,YDR147W,0,-5.318859,0.1792784482240677,0.968999981880188,0.44359999895095825
YBL036C,YNR046W,0,-5.319147,0.17924527823925018,0.968999981880188,0.44369998574256897
YGR198W,YLR418C,0,-5.3193398,0.17921213805675507,0.968999981880188,0.4438000023365021
YDL133C-A,YMR233W,0,-5.3196163,0.17917899787425995,0.968999981880188,0.4438999891281128
YER029C,YGL031C,0,-5.319646,0.17914587259292603,0.968999981880188,0.4440000057220459
YPL037C,YEL002C,0,-5.3201075,0.1791127473115921,0.968999981880188,0.4440999925136566
YOR304C-A,YOL158C,0,-5.320325,0.17907965183258057,0.968999981880188,0.4442000091075897
YMR300C,YNL229C,0,-5.3204527,0.17904655635356903,0.968999981880188,0.44429999589920044
YOR043W,YLR034C,0,-5.320486,0.17901349067687988,0.968999981880188,0.44440001249313354
YKL220C,YMR172W,0,-5.32059,0.17898042500019073,0.968999981880188,0.44449999928474426
YLR170C,YCL069W,0,-5.320595,0.17894737422466278,0.968999981880188,0.444599986076355
YNR036C,YDL058W,0,-5.321459,0.17891432344913483,0.968999981880188,0.4447000026702881
YKR080W,YGL043W,0,-5.3216,0.17888130247592926,0.968999981880188,0.4447999894618988
YPR145W,YLR207W,0,-5.321722,0.1788482815027237,0.968999981880188,0.4449000060558319
YDR052C,YDR255C,0,-5.3217964,0.17881527543067932,0.968999981880188,0.4449999928474426
YJR126C,YJL187C,0,-5.3218,0.17878228425979614,0.968999981880188,0.44510000944137573
YHR082C,YOR326W,0,-5.321987,0.17874930799007416,0.968999981880188,0.44519999623298645
YBR022W,YFL050C,0,-5.3222284,0.17871634662151337,0.968999981880188,0.44530001282691956
YKR054C,YPL050C,0,-5.3225374,0.17868338525295258,0.968999981880188,0.4453999996185303
YLR343W,YLL039C,0,-5.3226147,0.17865043878555298,0.968999981880188,0.445499986410141
YDR450W,YMR281W,0,-5.3227673,0.17861750721931458,0.968999981880188,0.4456000030040741
YLR040C,YDL215C,0,-5.322875,0.17858459055423737,0.968999981880188,0.4456999897956848
YPL194W,YNL212W,0,-5.323057,0.17855168879032135,0.968999981880188,0.4458000063896179
YHR067W,YAR019C,0,-5.323106,0.17851878702640533,0.968999981880188,0.44589999318122864
YDL245C,YDL115C,0,-5.3231726,0.1784859150648117,0.968999981880188,0.44600000977516174
YBL002W,YMR159C,0,-5.3232756,0.17845304310321808,0.968999981880188,0.44609999656677246
YDL132W,YCR028C-A,0,-5.3236294,0.17842018604278564,0.968999981880188,0.44620001316070557
YPL206C,YDR519W,0,-5.3237133,0.1783873289823532,0.968999981880188,0.4462999999523163
YOR312C,YOR291W,0,-5.324012,0.17835450172424316,0.968999981880188,0.446399986743927
YJR007W,YML058W,0,-5.324239,0.17832167446613312,0.968999981880188,0.4465000033378601
YDR116C,YOR069W,0,-5.324316,0.17828886210918427,0.968999981880188,0.4465999901294708
YMR295C,YLR077W,0,-5.3244963,0.1782560646533966,0.968999981880188,0.44670000672340393
YNL091W,YGR001C,0,-5.3245554,0.17822328209877014,0.968999981880188,0.44679999351501465
YMR086W,YER025W,0,-5.324772,0.17819051444530487,0.968999981880188,0.44690001010894775
YDR197W,YIL139C,0,-5.325182,0.1781577467918396,0.968999981880188,0.44699999690055847
YCL008C,YOR030W,0,-5.32576,0.17812499403953552,0.968999981880188,0.4471000134944916
YLR121C,YOR098C,0,-5.325844,0.17809225618839264,0.968999981880188,0.4472000002861023
YIL145C,YKL164C,0,-5.3260202,0.17805953323841095,0.968999981880188,0.447299987077713
YCR087C-A,YAL005C,0,-5.326029,0.17802682518959045,0.968999981880188,0.4474000036716461
YOR014W,YOR374W,0,-5.32625,0.17799411714076996,0.968999981880188,0.44749999046325684
YNL117W,YMR019W,0,-5.326255,0.17796143889427185,0.968999981880188,0.44760000705718994
YNL268W,YNL307C,0,-5.3262854,0.17792876064777374,0.968999981880188,0.44769999384880066
YLR028C,YGL026C,0,-5.3265753,0.17789608240127563,0.968999981880188,0.44780001044273376
YNR061C,YCR092C,0,-5.326623,0.17786343395709991,0.968999981880188,0.4478999972343445
YML024W,YHR058C,0,-5.326726,0.1778308004140854,0.968999981880188,0.4480000138282776
YDR146C,YGL004C,0,-5.32689,0.17779816687107086,0.968999981880188,0.4481000006198883
YEL030W,YDR026C,0,-5.326954,0.17776554822921753,0.968999981880188,0.448199987411499
YHL012W,YGL043W,0,-5.326975,0.1777329444885254,0.968999981880188,0.44830000400543213
YML104C,YDL202W,0,-5.327221,0.17770035564899445,0.968999981880188,0.44839999079704285
YLR285W,YER025W,0,-5.327321,0.1776677668094635,0.968999981880188,0.44850000739097595
YOR073W,YGL044C,0,-5.3273773,0.17763519287109375,0.968999981880188,0.44859999418258667
YGL095C,YLR208W,0,-5.3277073,0.1776026338338852,0.968999981880188,0.4487000107765198
YLR369W,YPR151C,0,-5.3279676,0.17757008969783783,0.968999981880188,0.4487999975681305
YGR167W,YBR122C,0,-5.3280554,0.17753756046295166,0.968999981880188,0.4489000141620636
YGL020C,YDR527W,0,-5.3288183,0.1775050312280655,0.968999981880188,0.4490000009536743
YDL133C-A,YFL033C,0,-5.3290415,0.1774725317955017,0.968999981880188,0.44909998774528503
YPL240C,YOL156W,0,-5.329136,0.17744003236293793,0.968999981880188,0.44920000433921814
YBR223C,YOL016C,0,-5.3295336,0.17740754783153534,0.968999981880188,0.44929999113082886
YGR183C,YML073C,0,-5.3296165,0.17737506330013275,0.968999981880188,0.44940000772476196
YHR129C,YLR237W,0,-5.3296757,0.17734260857105255,0.968999981880188,0.4494999945163727
YGL256W,YHR107C,0,-5.3297033,0.17731015384197235,0.968999981880188,0.4496000111103058
YML051W,YOR228C,0,-5.3301373,0.17727771401405334,0.968999981880188,0.4496999979019165
YIL050W,YPR009W,0,-5.330415,0.17724528908729553,0.968999981880188,0.4498000144958496
YNL135C,YJL029C,0,-5.3306074,0.1772128790616989,0.968999981880188,0.4499000012874603
YOR125C,YMR268C,0,-5.330822,0.1771804690361023,0.968999981880188,0.44999998807907104
YNL222W,YER171W,1,-5.3310385,0.1773308962583542,0.9700000286102295,0.44999998807907104
YDR069C,YGL026C,0,-5.331053,0.17729848623275757,0.9700000286102295,0.45010000467300415
YKR105C,YIR002C,0,-5.331086,0.17726607620716095,0.9700000286102295,0.45019999146461487
YGR034W,YDL180W,0,-5.331298,0.17723369598388672,0.9700000286102295,0.450300008058548
YHR089C,YLR353W,0,-5.3313704,0.1772013157606125,0.9700000286102295,0.4503999948501587
YDR337W,YBL112C,0,-5.331667,0.17716895043849945,0.9700000286102295,0.4505000114440918
YOL141W,YGR216C,0,-5.331896,0.1771366000175476,0.9700000286102295,0.4505999982357025
YJL160C,YDR115W,0,-5.3322372,0.17710424959659576,0.9700000286102295,0.4507000148296356
YPL031C,YLR319C,0,-5.3326902,0.1770719289779663,0.9700000286102295,0.45080000162124634
YOL097C,YKR008W,0,-5.3329706,0.17703960835933685,0.9700000286102295,0.45089998841285706
YML077W,YDR180W,0,-5.333169,0.1770073026418686,0.9700000286102295,0.45100000500679016
YOR368W,YDR171W,0,-5.3340187,0.17697501182556152,0.9700000286102295,0.4510999917984009
YPR166C,YLR192C,0,-5.334049,0.17694272100925446,0.9700000286102295,0.451200008392334
YER045C,YER148W,1,-5.3341875,0.17709283530712128,0.9710000157356262,0.451200008392334
YNL112W,YMR056C,0,-5.3342657,0.1770605444908142,0.9710000157356262,0.4512999951839447
YGL162W,YDR307W,0,-5.3342667,0.17702825367450714,0.9710000157356262,0.4514000117778778
YAL025C,YPR191W,0,-5.3346624,0.17699599266052246,0.9710000157356262,0.4514999985694885
YBR152W,YAL023C,0,-5.334695,0.17696373164653778,0.9710000157356262,0.45159998536109924
YGL203C,YDL215C,0,-5.3347187,0.1769314855337143,0.9710000157356262,0.45170000195503235
YKR058W,YDR534C,0,-5.3347244,0.176899254322052,0.9710000157356262,0.45179998874664307
YOL091W,YBL006C,0,-5.334898,0.1768670380115509,0.9710000157356262,0.45190000534057617
YBL091C-A,YGR177C,0,-5.335437,0.1768348217010498,0.9710000157356262,0.4519999921321869
YCR087C-A,YHR207C,0,-5.335661,0.1768026202917099,0.9710000157356262,0.45210000872612
YER184C,YCL055W,0,-5.336049,0.1767704337835312,0.9710000157356262,0.4521999955177307
YER095W,YDR067C,0,-5.3363953,0.17673826217651367,0.9710000157356262,0.4523000121116638
YJL073W,YDR266C,0,-5.3364334,0.17670609056949615,0.9710000157356262,0.45239999890327454
YGR159C,YOL004W,0,-5.336488,0.17667394876480103,0.9710000157356262,0.45249998569488525
YBR135W,YBR221C,0,-5.337043,0.1766418069601059,0.9710000157356262,0.45260000228881836
YOR149C,YNR054C,0,-5.337229,0.17660968005657196,0.9710000157356262,0.4526999890804291
YGR203W,YDR130C,0,-5.3372974,0.17657755315303802,0.9710000157356262,0.4528000056743622
YJL210W,YNL122C,0,-5.337428,0.17654545605182648,0.9710000157356262,0.4528999924659729
YGL100W,YGL079W,0,-5.337449,0.17651335895061493,0.9710000157356262,0.453000009059906
YBR093C,YPL101W,0,-5.337592,0.17648127675056458,0.9710000157356262,0.4530999958515167
YBR098W,YBR265W,0,-5.3379087,0.17644920945167542,0.9710000157356262,0.45320001244544983
YML046W,YML022W,0,-5.338084,0.17641715705394745,0.9710000157356262,0.45329999923706055
YNR011C,YHR010W,0,-5.338236,0.17638510465621948,0.9710000157356262,0.45339998602867126
YOR035C,YNL272C,0,-5.33844,0.1763530671596527,0.9710000157356262,0.45350000262260437
YER154W,YMR060C,0,-5.338504,0.17632104456424713,0.9710000157356262,0.4535999894142151
YKL090W,YER012W,0,-5.338545,0.17628903687000275,0.9710000157356262,0.4537000060081482
YPL023C,YHR039C-A,0,-5.3389187,0.17625702917575836,0.9710000157356262,0.4537999927997589
YDR285W,YCR009C,0,-5.3390856,0.17622505128383636,0.9710000157356262,0.453900009393692
YKR105C,YPL181W,0,-5.339226,0.17619307339191437,0.9710000157356262,0.45399999618530273
YML104C,YPR163C,0,-5.339287,0.17616111040115356,0.9710000157356262,0.45410001277923584
YMR267W,YDL178W,0,-5.339302,0.17612914741039276,0.9710000157356262,0.45419999957084656
YGR227W,YMR302C,0,-5.3398237,0.17609721422195435,0.9710000157356262,0.4542999863624573
YPL124W,YFL002C,0,-5.3398724,0.17606528103351593,0.9710000157356262,0.4544000029563904
YBR105C,YPL157W,0,-5.3400717,0.1760333627462387,0.9710000157356262,0.4544999897480011
YOR085W,YIL142W,0,-5.340458,0.1760014444589615,0.9710000157356262,0.4546000063419342
YER157W,YGL051W,0,-5.34109,0.17596955597400665,0.9710000157356262,0.4546999931335449
YBR058C,YKR057W,0,-5.341156,0.17593766748905182,0.9710000157356262,0.454800009727478
YKL004W,YMR021C,0,-5.3411694,0.17590579390525818,0.9710000157356262,0.45489999651908875
YJR025C,YGR070W,0,-5.341634,0.17587393522262573,0.9710000157356262,0.45500001311302185
YIL114C,YLR425W,0,-5.341692,0.17584209144115448,0.9710000157356262,0.45509999990463257
YEL059C-A,YGL100W,0,-5.341853,0.17581024765968323,0.9710000157356262,0.4551999866962433
YNL284C,YER087C-B,0,-5.341956,0.17577841877937317,0.9710000157356262,0.4553000032901764
YDL054C,YER052C,0,-5.3423157,0.1757466048002243,0.9710000157356262,0.4553999900817871
YMR087W,YBL067C,0,-5.342783,0.17571480572223663,0.9710000157356262,0.4555000066757202
YHR005C-A,YLR186W,0,-5.342991,0.17568300664424896,0.9710000157356262,0.45559999346733093
YNL242W,YJL204C,0,-5.3435984,0.17565123736858368,0.9710000157356262,0.45570001006126404
YER013W,YMR303C,0,-5.343708,0.1756194680929184,0.9710000157356262,0.45579999685287476
YOR270C,YBR128C,0,-5.34385,0.1755876988172531,0.9710000157356262,0.45590001344680786
YJR151C,YDR447C,0,-5.343994,0.17555595934391022,0.9710000157356262,0.4560000002384186
YKL003C,YGL178W,0,-5.3443813,0.17552421987056732,0.9710000157356262,0.4560999870300293
YBR234C,YOR037W,0,-5.344656,0.17549249529838562,0.9710000157356262,0.4562000036239624
YEL069C,YDL010W,0,-5.3448696,0.1754607856273651,0.9710000157356262,0.4562999904155731
YJL092W,YGL205W,0,-5.345187,0.1754290908575058,0.9710000157356262,0.4564000070095062
YMR087W,YOR221C,0,-5.345546,0.17539739608764648,0.9710000157356262,0.45649999380111694
YFR019W,YGL178W,0,-5.3464117,0.17536571621894836,0.9710000157356262,0.45660001039505005
YOR043W,YGR065C,0,-5.3466873,0.17533405125141144,0.9710000157356262,0.45669999718666077
YDR448W,YAL061W,0,-5.346921,0.1753024011850357,0.9710000157356262,0.45680001378059387
YML030W,YOL043C,0,-5.346986,0.17527075111865997,0.9710000157356262,0.4569000005722046
YLR388W,YKL001C,0,-5.347089,0.17523913085460663,0.9710000157356262,0.4569999873638153
YNL257C,YPL177C,1,-5.347101,0.17538794875144958,0.972000002861023,0.4569999873638153
YML064C,YCR028C-A,0,-5.347657,0.17535629868507385,0.972000002861023,0.4571000039577484
YPL206C,YER012W,0,-5.349139,0.1753246784210205,0.972000002861023,0.45719999074935913
YLR144C,YBL097W,0,-5.3492136,0.17529305815696716,0.972000002861023,0.45730000734329224
YFL001W,YJR033C,0,-5.3493757,0.175261452794075,0.972000002861023,0.45739999413490295
YFL039C,YBR048W,0,-5.349395,0.17522984743118286,0.972000002861023,0.45750001072883606
YHR211W,YDR320C-A,0,-5.3494654,0.1751982718706131,0.972000002861023,0.4575999975204468
YLR286C,YEL061C,0,-5.3495846,0.17516669631004333,0.972000002861023,0.4577000141143799
YJL071W,YJL062W-A,0,-5.3497753,0.17513513565063477,0.972000002861023,0.4578000009059906
YGL124C,YOR326W,0,-5.350336,0.1751035898923874,0.972000002861023,0.4578999876976013
YNL298W,YER068W,0,-5.3505163,0.17507204413414001,0.972000002861023,0.4580000042915344
YBR271W,YDR540C,0,-5.3505497,0.17504051327705383,0.972000002861023,0.45809999108314514
YOR145C,YOR038C,0,-5.3505564,0.17500899732112885,0.972000002861023,0.45820000767707825
YML009C,YDR072C,0,-5.350724,0.17497749626636505,0.972000002861023,0.45829999446868896
YCL033C,YOR124C,0,-5.3507404,0.17494601011276245,0.972000002861023,0.45840001106262207
YFL036W,YPL085W,0,-5.3508883,0.17491452395915985,0.972000002861023,0.4584999978542328
YLR043C,YLL033W,0,-5.3509665,0.17488305270671844,0.972000002861023,0.4586000144481659
YNL134C,YDR231C,0,-5.351017,0.17485159635543823,0.972000002861023,0.4587000012397766
YLR105C,YIL073C,0,-5.3510695,0.17482014000415802,0.972000002861023,0.45879998803138733
YHR102W,YOR332W,0,-5.3510714,0.1747887134552002,0.972000002861023,0.45890000462532043
YEL063C,YER151C,0,-5.3512745,0.17475728690624237,0.972000002861023,0.45899999141693115
YFR042W,YDR466W,0,-5.3512764,0.17472586035728455,0.972000002861023,0.45910000801086426
YAL033W,YBR020W,0,-5.351531,0.1746944636106491,0.972000002861023,0.459199994802475
YKL119C,YDR419W,0,-5.351756,0.17466306686401367,0.972000002861023,0.4593000113964081
YNL306W,YNR063W,0,-5.3517942,0.17463168501853943,0.972000002861023,0.4593999981880188
YAL021C,YNR016C,0,-5.352172,0.17460031807422638,0.972000002861023,0.4595000147819519
YML094W,YGR077C,0,-5.3530397,0.17456896603107452,0.972000002861023,0.4596000015735626
YDR318W,YIL122W,0,-5.3537636,0.17453761398792267,0.972000002861023,0.45969998836517334
YOR088W,YLR154C,0,-5.354042,0.174506276845932,0.972000002861023,0.45980000495910645
YER094C,YPR171W,0,-5.3541946,0.17447495460510254,0.972000002861023,0.45989999175071716
YNL268W,YJR113C,0,-5.354332,0.17444364726543427,0.972000002861023,0.46000000834465027
YOR371C,YOL094C,0,-5.3545065,0.174412339925766,0.972000002861023,0.460099995136261
YDR222W,YKR058W,0,-5.354721,0.1743810474872589,0.972000002861023,0.4602000117301941
YCR069W,YPR162C,0,-5.3547316,0.17434976994991302,0.972000002861023,0.4602999985218048
YHR092C,YGL136C,0,-5.354932,0.17431850731372833,0.972000002861023,0.4603999853134155
YJL143W,YER042W,0,-5.3550844,0.17428724467754364,0.972000002861023,0.46050000190734863
YNL212W,YAR031W,0,-5.3550997,0.17425601184368134,0.972000002861023,0.46059998869895935
YHR067W,YJL144W,0,-5.3552275,0.17422476410865784,0.972000002861023,0.46070000529289246
YPR194C,YMR284W,0,-5.3556957,0.17419354617595673,0.972000002861023,0.4607999920845032
YOR162C,YML085C,0,-5.3558397,0.1741623431444168,0.972000002861023,0.4609000086784363
YGL125W,YMR321C,0,-5.3562393,0.1741311401128769,0.972000002861023,0.460999995470047
YOR274W,YDL045W-A,0,-5.3564625,0.17409995198249817,0.972000002861023,0.4611000120639801
YER148W,YFL021W,1,-5.3566437,0.1742478460073471,0.9729999899864197,0.4611000120639801
YLR134W,YIL105C,0,-5.356716,0.17421665787696838,0.9729999899864197,0.4611999988555908
YFL034C-B,YPR033C,0,-5.356823,0.17418546974658966,0.9729999899864197,0.46129998564720154
YPR192W,YMR321C,0,-5.3569775,0.17415428161621094,0.9729999899864197,0.46140000224113464
YJL062W-A,YKL112W,0,-5.356988,0.1741231232881546,0.9729999899864197,0.46149998903274536
YAL001C,YMR236W,1,-5.3571653,0.1742708832025528,0.9739999771118164,0.46149998903274536
YDL110C,YOR014W,0,-5.3571978,0.17423970997333527,0.9739999771118164,0.46160000562667847
YJL159W,YLR340W,0,-5.357252,0.17420855164527893,0.9739999771118164,0.4616999924182892
YMR123W,YBR302C,0,-5.3573027,0.1741773933172226,0.9739999771118164,0.4618000090122223
YKL027W,YDR424C,0,-5.357909,0.17414624989032745,0.9739999771118164,0.461899995803833
YJL149W,YDR315C,0,-5.357913,0.1741151213645935,0.9739999771118164,0.4620000123977661
YNR010W,YDL033C,0,-5.357953,0.17408400774002075,0.9739999771118164,0.46209999918937683
YGL185C,YOR214C,0,-5.3582335,0.174052894115448,0.9739999771118164,0.46219998598098755
YNL212W,YDR476C,0,-5.358246,0.17402179539203644,0.9739999771118164,0.46230000257492065
YPL030W,YJR089W,0,-5.358323,0.17399071156978607,0.9739999771118164,0.46239998936653137
YGL068W,YLL034C,0,-5.358406,0.1739596426486969,0.9739999771118164,0.4625000059604645
YOR133W,YOL006C,0,-5.3586845,0.17392857372760773,0.9739999771118164,0.4625999927520752
YBR084C-A,YBR152W,0,-5.3590775,0.17389751970767975,0.9739999771118164,0.4627000093460083
YLR212C,YER095W,0,-5.359338,0.17386648058891296,0.9739999771118164,0.462799996137619
YDR320C-A,YDR266C,0,-5.3594027,0.17383544147014618,0.9739999771118164,0.4629000127315521
YMR080C,YNL272C,0,-5.3594723,0.17380443215370178,0.9739999771118164,0.46299999952316284
YJL062W-A,YBR183W,0,-5.359474,0.17377342283725739,0.9739999771118164,0.46309998631477356
YJL200C,YHR117W,0,-5.359659,0.173742413520813,0.9739999771118164,0.46320000290870667
YPL162C,YPL241C,0,-5.3596888,0.17371143400669098,0.9739999771118164,0.4632999897003174
YLR300W,YLL050C,0,-5.360159,0.17368045449256897,0.9739999771118164,0.4634000062942505
YPR079W,YJL051W,0,-5.3609943,0.17364948987960815,0.9739999771118164,0.4634999930858612
YJR135W-A,YOR389W,0,-5.3611813,0.17361854016780853,0.9739999771118164,0.4636000096797943
YDR338C,YKL160W,0,-5.3616066,0.1735875904560089,0.9739999771118164,0.46369999647140503
YDL206W,YJL210W,0,-5.3616076,0.17355667054653168,0.9739999771118164,0.46380001306533813
YHL012W,YJL158C,0,-5.361724,0.17352575063705444,0.9739999771118164,0.46389999985694885
YBL023C,YLR237W,0,-5.3617563,0.1734948307275772,0.9739999771118164,0.46399998664855957
YIL031W,YBR042C,0,-5.361802,0.17346394062042236,0.9739999771118164,0.4641000032424927
YPL047W,YOL003C,0,-5.361927,0.17343305051326752,0.9739999771118164,0.4641999900341034
YNL153C,YML085C,0,-5.3621693,0.17340217530727386,0.9739999771118164,0.4643000066280365
YPL183W-A,YLR305C,0,-5.3623734,0.1733713001012802,0.9739999771118164,0.4643999934196472
YLL035W,YCL075W,0,-5.362505,0.17334045469760895,0.9739999771118164,0.4645000100135803
YIL078W,YJL104W,0,-5.3628407,0.17330960929393768,0.9739999771118164,0.46459999680519104
YBL084C,YGR128C,0,-5.362938,0.1732787787914276,0.9739999771118164,0.46470001339912415
YPL220W,YDR519W,0,-5.3634624,0.17324794828891754,0.9739999771118164,0.46480000019073486
YMR214W,YGR067C,0,-5.363844,0.17321714758872986,0.9739999771118164,0.4648999869823456
YJL062W-A,YJL006C,0,-5.3639803,0.17318634688854218,0.9739999771118164,0.4650000035762787
YGL163C,YDR237W,0,-5.364107,0.17315556108951569,0.9739999771118164,0.4650999903678894
YHR046C,YBL054W,0,-5.3646355,0.1731247752904892,0.9739999771118164,0.4652000069618225
YKL167C,YDL208W,0,-5.364704,0.1730940043926239,0.9739999771118164,0.4652999937534332
YER137C,YJL116C,0,-5.3648415,0.1730632483959198,0.9739999771118164,0.46540001034736633
YER171W,YFL021W,1,-5.3649216,0.17321015894412994,0.9750000238418579,0.46540001034736633
YPL246C,YGR037C,0,-5.3649416,0.17317940294742584,0.9750000238418579,0.46549999713897705
YEL064C,YNL147W,0,-5.3650885,0.17314864695072174,0.9750000238418579,0.46560001373291016
YNR018W,YBR075W,0,-5.3651133,0.17311789095401764,0.9750000238418579,0.4657000005245209
YLR022C,YLL040C,0,-5.3651896,0.17308716475963593,0.9750000238418579,0.4657999873161316
YOL016C,YFL023W,0,-5.3656015,0.1730564385652542,0.9750000238418579,0.4659000039100647
YER082C,YER169W,0,-5.365834,0.1730257272720337,0.9750000238418579,0.4659999907016754
YKL166C,YGR163W,0,-5.365937,0.17299503087997437,0.9750000238418579,0.4661000072956085
YPL206C,YCR011C,0,-5.3664875,0.17296434938907623,0.9750000238418579,0.46619999408721924
YPL124W,YAR044W,0,-5.3665895,0.1729336678981781,0.9750000238418579,0.46630001068115234
YOR099W,YPR159W,0,-5.366621,0.17290300130844116,0.9750000238418579,0.46639999747276306
YJL052W,YGL170C,0,-5.3667784,0.17287233471870422,0.9750000238418579,0.46650001406669617
YMR106C,YCL069W,0,-5.3673143,0.17284169793128967,0.9750000238418579,0.4666000008583069
YLL008W,YGR068C,0,-5.3674393,0.17281106114387512,0.9750000238418579,0.4666999876499176
YHL034C,YJL109C,0,-5.3676033,0.17278043925762177,0.9750000238418579,0.4668000042438507
YLR419W,YNR022C,0,-5.367941,0.1727498173713684,0.9750000238418579,0.4668999910354614
YNL044W,YER042W,0,-5.368122,0.17271922528743744,0.9750000238418579,0.46700000762939453
YJL157C,YPL218W,0,-5.368266,0.17268863320350647,0.9750000238418579,0.46709999442100525
YPL154C,YNL268W,0,-5.3683414,0.1726580411195755,0.9750000238418579,0.46720001101493835
YKL055C,YBR075W,0,-5.3683567,0.17262747883796692,0.9750000238418579,0.4672999978065491
YHL004W,YLL034C,0,-5.3683777,0.17259691655635834,0.9750000238418579,0.4674000144004822
YMR094W,YBR299W,0,-5.368923,0.17256636917591095,0.9750000238418579,0.4675000011920929
YGR183C,YDR058C,0,-5.3689737,0.17253583669662476,0.9750000238418579,0.4675999879837036
YNL110C,YPR165W,0,-5.369012,0.17250530421733856,0.9750000238418579,0.4677000045776367
YGL131C,YER012W,0,-5.369315,0.17247478663921356,0.9750000238418579,0.46779999136924744
YJL076W,YGR231C,0,-5.369667,0.17244428396224976,0.9750000238418579,0.46790000796318054
YHR013C,YNL152W,0,-5.370204,0.17241379618644714,0.9750000238418579,0.46799999475479126
YJL033W,YKL094W,0,-5.3705015,0.17238330841064453,0.9750000238418579,0.46810001134872437
YHR175W,YAL032C,0,-5.370632,0.1723528355360031,0.9750000238418579,0.4681999981403351
YOL077C,YMR298W,0,-5.370776,0.1723223775625229,0.9750000238418579,0.4683000147342682
YIL051C,YBR075W,0,-5.370837,0.17229191958904266,0.9750000238418579,0.4684000015258789
YNL002C,YLR440C,0,-5.3708973,0.17226149141788483,0.9750000238418579,0.4684999883174896
YIL139C,YPL069C,0,-5.370928,0.1722310483455658,0.9750000238418579,0.46860000491142273
YOL033W,YNR008W,0,-5.37127,0.17220063507556915,0.9750000238418579,0.46869999170303345
YML072C,YPL060W,0,-5.3713408,0.1721702218055725,0.9750000238418579,0.46880000829696655
YOL031C,YLR010C,0,-5.371422,0.17213982343673706,0.9750000238418579,0.46889999508857727
YPL098C,YIR003W,0,-5.371479,0.1721094399690628,0.9750000238418579,0.4690000116825104
YNL044W,YLR086W,0,-5.3715687,0.17207907140254974,0.9750000238418579,0.4690999984741211
YNL058C,YNL083W,0,-5.3715744,0.17204870283603668,0.9750000238418579,0.4691999852657318
YLL013C,YLR330W,0,-5.37185,0.17201834917068481,0.9750000238418579,0.4693000018596649
YJL124C,YMR295C,0,-5.3718567,0.17198801040649414,0.9750000238418579,0.46939998865127563
YJR138W,YLR142W,0,-5.3718824,0.17195767164230347,0.9750000238418579,0.46950000524520874
YHR119W,YDR171W,0,-5.3718863,0.171927347779274,0.9750000238418579,0.46959999203681946
YAL024C,YOL141W,0,-5.372054,0.1718970388174057,0.9750000238418579,0.46970000863075256
YPL268W,YGL226C-A,0,-5.372244,0.17186672985553741,0.9750000238418579,0.4697999954223633
YGL160W,YGL226C-A,0,-5.3723507,0.17183645069599152,0.9750000238418579,0.4699000120162964
YGR172C,YMR233W,0,-5.372587,0.17180617153644562,0.9750000238418579,0.4699999988079071
YER175C,YCR066W,0,-5.372614,0.17177589237689972,0.9750000238418579,0.4700999855995178
YDR059C,YOR155C,0,-5.3726377,0.1717456430196762,0.9750000238418579,0.4702000021934509
YMR182C,YER051W,0,-5.3727064,0.1717153936624527,0.9750000238418579,0.47029998898506165
YBL010C,YKL035W,0,-5.372714,0.17168515920639038,0.9750000238418579,0.47040000557899475
YOR056C,YMR052W,0,-5.372759,0.17165492475032806,0.9750000238418579,0.47049999237060547
YLR309C,YML095C,0,-5.3729153,0.17162472009658813,0.9750000238418579,0.4706000089645386
YDL045W-A,YNL080C,0,-5.3730335,0.1715945154428482,0.9750000238418579,0.4706999957561493
YNL258C,YOL043C,0,-5.3730927,0.17156431078910828,0.9750000238418579,0.4708000123500824
YDR378C,YKR104W,0,-5.3735037,0.17153413593769073,0.9750000238418579,0.4708999991416931
YGL084C,YML062C,0,-5.3737116,0.1715039610862732,0.9750000238418579,0.47099998593330383
YPR036W,YLR401C,0,-5.373767,0.17147380113601685,0.9750000238418579,0.47110000252723694
YPL195W,YLR186W,0,-5.3737707,0.1714436411857605,0.9750000238418579,0.47119998931884766
YAR014C,YMR092C,0,-5.3740416,0.17141349613666534,0.9750000238418579,0.47130000591278076
YOR064C,YGL106W,0,-5.374255,0.17138336598873138,0.9750000238418579,0.4713999927043915
YER154W,YGR091W,0,-5.37426,0.17135325074195862,0.9750000238418579,0.4715000092983246
YEL004W,YBR205W,0,-5.3743114,0.17132313549518585,0.9750000238418579,0.4715999960899353
YAL053W,YJL024C,0,-5.3746443,0.17129305005073547,0.9750000238418579,0.4717000126838684
YNR028W,YOR222W,0,-5.3750067,0.1712629497051239,0.9750000238418579,0.4717999994754791
YDR182W,YPR119W,0,-5.3753624,0.17123287916183472,0.9750000238418579,0.47189998626708984
YBR115C,YHR135C,0,-5.375596,0.17120280861854553,0.9750000238418579,0.47200000286102295
YML005W,YNR072W,0,-5.375641,0.17117275297641754,0.9750000238418579,0.47209998965263367
YNR015W,YDR534C,0,-5.3761816,0.17114271223545074,0.9750000238418579,0.4722000062465668
YJL160C,YMR217W,0,-5.3762655,0.17111267149448395,0.9750000238418579,0.4722999930381775
YDL147W,YDR369C,0,-5.3764467,0.17108264565467834,0.9750000238418579,0.4724000096321106
YDL110C,YER183C,0,-5.376932,0.17105263471603394,0.9750000238418579,0.4724999964237213
YLR298C,YAR035W,0,-5.377322,0.17102262377738953,0.9750000238418579,0.4726000130176544
YMR256C,YJR060W,0,-5.377431,0.1709926277399063,0.9750000238418579,0.47269999980926514
YJL109C,YOR007C,0,-5.377532,0.1709626466035843,0.9750000238418579,0.47279998660087585
YIL065C,YDL201W,0,-5.377675,0.17093268036842346,0.9750000238418579,0.47290000319480896
YPR119W,YMR119W,0,-5.377681,0.17090271413326263,0.9750000238418579,0.4729999899864197
YGL241W,YNL067W,0,-5.377846,0.170872762799263,0.9750000238418579,0.4731000065803528
YJL134W,YDR424C,0,-5.3779097,0.17084282636642456,0.9750000238418579,0.4731999933719635
YDR479C,YBR139W,0,-5.3782806,0.17081288993358612,0.9750000238418579,0.4733000099658966
YDR263C,YPR028W,0,-5.3783636,0.17078296840190887,0.9750000238418579,0.4733999967575073
YPL195W,YBR127C,0,-5.378442,0.17075306177139282,0.9750000238418579,0.47350001335144043
YOR196C,YGL205W,0,-5.3784924,0.17072317004203796,0.9750000238418579,0.47360000014305115
YBR170C,YNL238W,0,-5.3788376,0.1706932783126831,0.9750000238418579,0.47369998693466187
YHL002W,YDR038C,0,-5.3788433,0.17066340148448944,0.9750000238418579,0.47380000352859497
YHL013C,YER026C,0,-5.3789806,0.17063352465629578,0.9750000238418579,0.4738999903202057
YBR227C,YLR028C,0,-5.3789873,0.1706036776304245,0.9750000238418579,0.4740000069141388
YBL102W,YML027W,0,-5.379161,0.17057383060455322,0.9750000238418579,0.4740999937057495
YGL212W,YIR018W,0,-5.3792458,0.17054399847984314,0.9750000238418579,0.4742000102996826
YMR197C,YJL144W,0,-5.3792667,0.17051416635513306,0.9750000238418579,0.47429999709129333
YER022W,YMR116C,0,-5.3792887,0.17048434913158417,0.9750000238418579,0.47440001368522644
YGR029W,YDR348C,0,-5.3795204,0.17045454680919647,0.9750000238418579,0.47450000047683716
YER122C,YGR287C,0,-5.3798885,0.17042474448680878,0.9750000238418579,0.4745999872684479
YDR472W,YMR020W,0,-5.3800364,0.17039497196674347,0.9750000238418579,0.474700003862381
YGR123C,YPR182W,0,-5.380185,0.17036519944667816,0.9750000238418579,0.4747999906539917
YOR076C,YPR091C,0,-5.380534,0.17033542692661285,0.9750000238418579,0.4749000072479248
YPL232W,YIL142W,0,-5.3807573,0.17030568420886993,0.9750000238418579,0.4749999940395355
YBL091C-A,YKR094C,0,-5.38078,0.17027594149112701,0.9750000238418579,0.47510001063346863
YLR066W,YBR192W,0,-5.3808184,0.1702461987733841,0.9750000238418579,0.47519999742507935
YEL042W,YLL027W,0,-5.381076,0.17021648585796356,0.9750000238418579,0.47530001401901245
YOR313C,YBL069W,0,-5.381134,0.17018677294254303,0.9750000238418579,0.47540000081062317
YJL117W,YBR079C,0,-5.3816843,0.1701570749282837,0.9750000238418579,0.4754999876022339
YOR094W,YER049W,0,-5.381776,0.17012737691402435,0.9750000238418579,0.475600004196167
YDR186C,YOL001W,0,-5.3819475,0.1700976938009262,0.9750000238418579,0.4756999909877777
YGL124C,YDR507C,0,-5.382061,0.17006802558898926,0.9750000238418579,0.4758000075817108
YGL145W,YDL136W,0,-5.3824377,0.1700383722782135,0.9750000238418579,0.47589999437332153
YJL099W,YBL089W,0,-5.382494,0.17000871896743774,0.9750000238418579,0.47600001096725464
YKL222C,YFL004W,0,-5.382634,0.16997908055782318,0.9750000238418579,0.47609999775886536
YLR244C,YOR229W,0,-5.3827477,0.1699494570493698,0.9750000238418579,0.47620001435279846
YLR045C,YJL080C,0,-5.382806,0.16991983354091644,0.9750000238418579,0.4763000011444092
YFL013C,YEL031W,0,-5.3828344,0.16989022493362427,0.9750000238418579,0.4763999879360199
YJL073W,YNR046W,0,-5.38297,0.1698606312274933,0.9750000238418579,0.476500004529953
YHR070W,YLR003C,0,-5.383271,0.1698310375213623,0.9750000238418579,0.4765999913215637
YOR324C,YML123C,0,-5.3833,0.16980145871639252,0.9750000238418579,0.4767000079154968
YBR201W,YML073C,0,-5.38344,0.16977189481258392,0.9750000238418579,0.47679999470710754
YKR028W,YPL148C,0,-5.383464,0.16974234580993652,0.9750000238418579,0.47690001130104065
YNL311C,YGL135W,0,-5.3835077,0.16971279680728912,0.9750000238418579,0.47699999809265137
YDR237W,YMR190C,0,-5.3835535,0.16968326270580292,0.9750000238418579,0.4771000146865845
YGL153W,YML022W,0,-5.3835764,0.1696537286043167,0.9750000238418579,0.4772000014781952
YCR046C,YPR162C,0,-5.3837976,0.1696242243051529,0.9750000238418579,0.4772999882698059
YOR257W,YBR172C,0,-5.383952,0.16959470510482788,0.9750000238418579,0.477400004863739
YAR044W,YOR228C,0,-5.384102,0.16956521570682526,0.9750000238418579,0.47749999165534973
YLR188W,YNL245C,0,-5.38443,0.16953572630882263,0.9750000238418579,0.47760000824928284
YMR204C,YHR052W,0,-5.3847294,0.1695062518119812,0.9750000238418579,0.47769999504089355
YKL038W,YDR348C,0,-5.384762,0.16947679221630096,0.9750000238418579,0.47780001163482666
YBR115C,YJR058C,0,-5.3847666,0.16944734752178192,0.9750000238418579,0.4778999984264374
YOR234C,YLL002W,0,-5.3849792,0.16941790282726288,0.9750000238418579,0.4779999852180481
YJR053W,YNL049C,0,-5.3850555,0.16938845813274384,0.9750000238418579,0.4781000018119812
YKL199C,YER007W,0,-5.3850956,0.16935904324054718,0.9750000238418579,0.4781999886035919
YCR030C,YGL213C,0,-5.3855953,0.16932962834835052,0.9750000238418579,0.478300005197525
YCR073C,YOL125W,0,-5.3856115,0.16930022835731506,0.9750000238418579,0.47839999198913574
YGL103W,YDR107C,0,-5.385641,0.1692708283662796,0.9750000238418579,0.47850000858306885
YOR155C,YGL150C,0,-5.3858995,0.16924145817756653,0.9750000238418579,0.47859999537467957
YOR270C,YML060W,0,-5.3859673,0.16921207308769226,0.9750000238418579,0.47870001196861267
YKL179C,YKR009C,0,-5.3860416,0.16918271780014038,0.9750000238418579,0.4787999987602234
YOR204W,YNR075W,0,-5.3864193,0.1691533625125885,0.9750000238418579,0.4788999855518341
YNL134C,YPL212C,0,-5.3865185,0.16912402212619781,0.9750000238418579,0.4790000021457672
YGL258W-A,YFR051C,0,-5.3865204,0.16909469664096832,0.9750000238418579,0.47909998893737793
YGL258W-A,YDL155W,0,-5.3865204,0.16906537115573883,0.9750000238418579,0.47920000553131104
YDL014W,YBL029C-A,0,-5.3865204,0.16903606057167053,0.9750000238418579,0.47929999232292175
YDL038C,YKL100C,0,-5.3865204,0.16900676488876343,0.9750000238418579,0.47940000891685486
YOR088W,YKL091C,0,-5.3865204,0.16897746920585632,0.9750000238418579,0.4794999957084656
YPR118W,YBR067C,0,-5.3869333,0.1689481884241104,0.9750000238418579,0.4796000123023987
YBR019C,YMR281W,0,-5.3871794,0.1689189225435257,0.9750000238418579,0.4796999990940094
YDR371W,YPR112C,0,-5.387355,0.16888965666294098,0.9750000238418579,0.4797999858856201
YER051W,YER146W,0,-5.387595,0.16886040568351746,0.9750000238418579,0.4799000024795532
YAL012W,YKR087C,0,-5.3882303,0.16883116960525513,0.9750000238418579,0.47999998927116394
YAL044C,YNL177C,0,-5.388259,0.1688019335269928,0.9750000238418579,0.48010000586509705
YNL207W,YML112W,0,-5.388446,0.16877271234989166,0.9750000238418579,0.48019999265670776
YNL245C,YBL068W,0,-5.388589,0.16874350607395172,0.9750000238418579,0.48030000925064087
YDR450W,YDR496C,0,-5.3886576,0.16871431469917297,0.9750000238418579,0.4803999960422516
YOL146W,YMR305C,0,-5.389223,0.16868512332439423,0.9750000238418579,0.4805000126361847
YNR063W,YDL083C,0,-5.389598,0.16865594685077667,0.9750000238418579,0.4805999994277954
YGL125W,YNR001C,0,-5.389701,0.16862677037715912,0.9750000238418579,0.48069998621940613
YLR008C,YNL091W,0,-5.3899517,0.16859760880470276,0.9750000238418579,0.48080000281333923
YKL220C,YIL113W,0,-5.390046,0.1685684621334076,0.9750000238418579,0.48089998960494995
YPL242C,YMR298W,0,-5.390255,0.16853933036327362,0.9750000238418579,0.48100000619888306
YHR188C,YJR006W,0,-5.3903494,0.16851019859313965,0.9750000238418579,0.4810999929904938
YNL117W,YFL024C,0,-5.390565,0.16848108172416687,0.9750000238418579,0.4812000095844269
YMR278W,YML088W,0,-5.3907785,0.1684519648551941,0.9750000238418579,0.4812999963760376
YBR022W,YJL164C,0,-5.390811,0.1684228777885437,0.9750000238418579,0.4814000129699707
YOR088W,YOL040C,0,-5.3908176,0.16839377582073212,0.9750000238418579,0.4814999997615814
YPL072W,YPL023C,0,-5.3908367,0.16836470365524292,0.9750000238418579,0.48159998655319214
YDL109C,YER119C,0,-5.3910646,0.16833563148975372,0.9750000238418579,0.48170000314712524
YIL125W,YHR003C,0,-5.391182,0.16830657422542572,0.9750000238418579,0.48179998993873596
YOR077W,YNL110C,0,-5.3913765,0.1682775318622589,0.9750000238418579,0.48190000653266907
YLR305C,YCL027W,0,-5.391611,0.1682484894990921,0.9750000238418579,0.4819999933242798
YPL081W,YMR122W-A,0,-5.3916225,0.1682194620370865,0.9750000238418579,0.4821000099182129
YLR205C,YFR007W,0,-5.3916245,0.16819044947624207,0.9750000238418579,0.4821999967098236
YDL201W,YLR308W,0,-5.3916664,0.16816143691539764,0.9750000238418579,0.4823000133037567
YLR266C,YMR201C,0,-5.391691,0.16813243925571442,0.9750000238418579,0.48240000009536743
YNL326C,YDL190C,0,-5.391836,0.1681034415960312,0.9750000238418579,0.48249998688697815
YLL004W,YDL195W,0,-5.391865,0.16807447373867035,0.9750000238418579,0.48260000348091125
YKL183W,YPR094W,0,-5.392043,0.1680455058813095,0.9750000238418579,0.482699990272522
YAL022C,YML051W,0,-5.3924456,0.16801653802394867,0.9750000238418579,0.4828000068664551
YDR382W,YGL226C-A,0,-5.392503,0.16798759996891022,0.9750000238418579,0.4828999936580658
YLR116W,YJR094W-A,0,-5.3926315,0.16795866191387177,0.9750000238418579,0.4830000102519989
YCR096C,YFR037C,0,-5.392658,0.1679297238588333,0.9750000238418579,0.4830999970436096
YDR239C,YOR386W,0,-5.392743,0.16790081560611725,0.9750000238418579,0.4832000136375427
YDR208W,YJL065C,0,-5.392809,0.16787190735340118,0.9750000238418579,0.48330000042915344
YNL227C,YJL062W-A,0,-5.3930197,0.16784299910068512,0.9750000238418579,0.48339998722076416
YMR301C,YER019C-A,0,-5.3930397,0.16781412065029144,0.9750000238418579,0.48350000381469727
YHR079C-A,YHR050W,0,-5.393203,0.16778524219989777,0.9750000238418579,0.483599990606308
YDR341C,YHR061C,0,-5.3936033,0.1677563637495041,0.9750000238418579,0.4837000072002411
YJL053W,YDR326C,0,-5.3937435,0.1677275002002716,0.9750000238418579,0.4837999939918518
YDL198C,YMR285C,0,-5.393779,0.16769865155220032,0.9750000238418579,0.4839000105857849
YMR316W,YDR369C,0,-5.3938246,0.16766981780529022,0.9750000238418579,0.48399999737739563
YOL147C,YFR046C,0,-5.3942175,0.16764098405838013,0.9750000238418579,0.48410001397132874
YNL325C,YNR063W,0,-5.394251,0.16761216521263123,0.9750000238418579,0.48420000076293945
YIL047C,YNL086W,0,-5.394433,0.16758336126804352,0.9750000238418579,0.48429998755455017
YNL083W,YIR010W,0,-5.394519,0.1675545573234558,0.9750000238418579,0.4844000041484833
YDR448W,YER065C,0,-5.394554,0.1675257682800293,0.9750000238418579,0.484499990940094
YJL200C,YOL109W,0,-5.3946314,0.16749699413776398,0.9750000238418579,0.4846000075340271
YDR036C,YKL064W,0,-5.394827,0.16746821999549866,0.9750000238418579,0.4846999943256378
YDR462W,YHL007C,0,-5.394904,0.16743946075439453,0.9750000238418579,0.4848000109195709
YNL293W,YIL171W,0,-5.3950396,0.1674107164144516,0.9750000238418579,0.48489999771118164
YOR378W,YOL070C,0,-5.395567,0.16738197207450867,0.9750000238418579,0.48500001430511475
YOL102C,YPL060W,0,-5.396019,0.16735324263572693,0.9750000238418579,0.48510000109672546
YNR070W,YEL037C,0,-5.396121,0.16732452809810638,0.9750000238418579,0.4851999878883362
YLR369W,YHR172W,0,-5.396346,0.16729581356048584,0.9750000238418579,0.4853000044822693
YPL149W,YHR074W,0,-5.3963585,0.1672671139240265,0.9750000238418579,0.48539999127388
YKR019C,YLR035C,0,-5.3963957,0.16723842918872833,0.9750000238418579,0.4855000078678131
YDR134C,YPL103C,0,-5.3965254,0.16720974445343018,0.9750000238418579,0.48559999465942383
YOL157C,YNL082W,0,-5.396779,0.1671810746192932,0.9750000238418579,0.48570001125335693
YGR200C,YNL297C,0,-5.3969088,0.16715240478515625,0.9750000238418579,0.48579999804496765
YDR210W,YOL090W,0,-5.397004,0.16712374985218048,0.9750000238418579,0.48590001463890076
YMR246W,YDR389W,0,-5.3972216,0.1670951098203659,0.9750000238418579,0.4860000014305115
YLR362W,YKL046C,0,-5.397256,0.16706648468971252,0.9750000238418579,0.4860999882221222
YOR025W,YNL312W,0,-5.3974504,0.16703785955905914,0.9750000238418579,0.4862000048160553
YMR210W,YLR394W,0,-5.3976393,0.16700924932956696,0.9750000238418579,0.486299991607666
YDR425W,YKL201C,0,-5.3978586,0.16698065400123596,0.9750000238418579,0.4864000082015991
YHR211W,YER087C-B,0,-5.397994,0.16695205867290497,0.9750000238418579,0.48649999499320984
YMR078C,YDR226W,0,-5.3982334,0.16692347824573517,0.9750000238418579,0.48660001158714294
YPR166C,YMR271C,0,-5.398243,0.16689489781856537,0.9750000238418579,0.48669999837875366
YPL104W,YPL108W,0,-5.398245,0.16686633229255676,0.9750000238418579,0.4867999851703644
YMR276W,YLR425W,0,-5.398267,0.16683778166770935,0.9750000238418579,0.4869000017642975
YML111W,YKR001C,0,-5.3982687,0.16680924594402313,0.9750000238418579,0.4869999885559082
YBR236C,YGR192C,0,-5.39837,0.16678071022033691,0.9750000238418579,0.4871000051498413
YOL129W,YHR094C,0,-5.398534,0.1667521744966507,0.9750000238418579,0.487199991941452
YDL205C,YOR393W,0,-5.39869,0.16672366857528687,0.9750000238418579,0.48730000853538513
YDR036C,YMR278W,0,-5.39909,0.16669516265392303,0.9750000238418579,0.48739999532699585
YDR186C,YDL038C,0,-5.3991156,0.1666666716337204,0.9750000238418579,0.48750001192092896
YAL033W,YOR071C,0,-5.3993444,0.16663818061351776,0.9750000238418579,0.4875999987125397
YML060W,YKR097W,0,-5.399866,0.16660970449447632,0.9750000238418579,0.4876999855041504
YDL054C,YMR089C,0,-5.4000006,0.16658124327659607,0.9750000238418579,0.4878000020980835
YJL076W,YLR336C,0,-5.4000635,0.16655278205871582,0.9750000238418579,0.4878999888896942
YOR176W,YMR159C,0,-5.4002104,0.16652433574199677,0.9750000238418579,0.4880000054836273
YJL093C,YJR127C,0,-5.4003677,0.1664959043264389,0.9750000238418579,0.48809999227523804
YER166W,YBR092C,0,-5.4005337,0.16646747291088104,0.9750000238418579,0.48820000886917114
YPL259C,YLR386W,0,-5.400587,0.16643905639648438,0.9750000238418579,0.48829999566078186
YGL133W,YNL003C,0,-5.40063,0.1664106547832489,0.9750000238418579,0.48840001225471497
YDL133C-A,YPL190C,0,-5.4006357,0.16638225317001343,0.9750000238418579,0.4884999990463257
YIR021W,YPR004C,0,-5.4006424,0.16635386645793915,0.9750000238418579,0.4885999858379364
YBR014C,YBR182C,0,-5.4007626,0.16632547974586487,0.9750000238418579,0.4887000024318695
YKR036C,YLL017W,0,-5.4008827,0.16629712283611298,0.9750000238418579,0.4887999892234802
YHR067W,YNL230C,0,-5.400955,0.16626876592636108,0.9750000238418579,0.48890000581741333
YOL056W,YLR275W,0,-5.401024,0.1662404090166092,0.9750000238418579,0.48899999260902405
YLL040C,YJL143W,0,-5.4012766,0.1662120670080185,0.9750000238418579,0.48910000920295715
YIL034C,YOR092W,0,-5.401416,0.166183739900589,0.9750000238418579,0.48919999599456787
YBR075W,YIR028W,0,-5.401716,0.16615541279315948,0.9750000238418579,0.489300012588501
YPL194W,YEL054C,0,-5.4017982,0.16612711548805237,0.9750000238418579,0.4893999993801117
YLR188W,YJR013W,0,-5.401823,0.16609880328178406,0.9750000238418579,0.4894999861717224
YOR284W,YJL036W,0,-5.4018803,0.16607052087783813,0.9750000238418579,0.4896000027656555
YIL127C,YNR013C,0,-5.401968,0.1660422384738922,0.9750000238418579,0.48969998955726624
YHL018W,YML088W,0,-5.4021244,0.1660139560699463,0.9750000238418579,0.48980000615119934
YHR031C,YMR273C,0,-5.4022503,0.16598570346832275,0.9750000238418579,0.48989999294281006
YBR179C,YHR102W,0,-5.403199,0.16595745086669922,0.9750000238418579,0.49000000953674316
YML060W,YOR224C,0,-5.403285,0.16592919826507568,0.9750000238418579,0.4900999963283539
YIL108W,YER099C,0,-5.4033756,0.16590097546577454,0.9750000238418579,0.490200012922287
YGL237C,YAR071W,0,-5.403384,0.1658727526664734,0.9750000238418579,0.4902999997138977
YJL103C,YLL028W,0,-5.4040775,0.16584452986717224,0.9750000238418579,0.4903999865055084
YIR011C,YBR299W,0,-5.4042015,0.1658163219690323,0.9750000238418579,0.49050000309944153
YPL113C,YPL038W,0,-5.404275,0.16578812897205353,0.9750000238418579,0.49059998989105225
YNL015W,YHR188C,0,-5.4044647,0.16575995087623596,0.9750000238418579,0.49070000648498535
YKL071W,YNL178W,0,-5.404683,0.1657317727804184,0.9750000238418579,0.49079999327659607
YNL222W,YPR186C,1,-5.4047155,0.16587355732917786,0.9760000109672546,0.49079999327659607
YGR192C,YNR074C,0,-5.404785,0.1658453643321991,0.9760000109672546,0.4909000098705292
YOR221C,YBR096W,0,-5.405098,0.16581718623638153,0.9760000109672546,0.4909999966621399
YDR281C,YGR106C,0,-5.4051094,0.16578902304172516,0.9760000109672546,0.491100013256073
YML066C,YML001W,0,-5.405202,0.16576087474822998,0.9760000109672546,0.4912000000476837
YGR155W,YIL076W,0,-5.4053783,0.1657327264547348,0.9760000109672546,0.49129998683929443
YNL219C,YMR233W,0,-5.405471,0.16570457816123962,0.9760000109672546,0.49140000343322754
YIR012W,YEL071W,0,-5.4062357,0.16567645967006683,0.9760000109672546,0.49149999022483826
YGL160W,YBR087W,0,-5.406534,0.16564834117889404,0.9760000109672546,0.49160000681877136
YCL014W,YML088W,0,-5.406605,0.16562022268772125,0.9760000109672546,0.4916999936103821
YFL052W,YGL097W,0,-5.4068375,0.16559213399887085,0.9760000109672546,0.4918000102043152
YIR025W,YKL088W,0,-5.4069614,0.16556403040885925,0.9760000109672546,0.4918999969959259
YJR086W,YMR273C,0,-5.4070396,0.16553595662117004,0.9760000109672546,0.492000013589859
YNL016W,YJL012C-A,0,-5.407119,0.16550788283348083,0.9760000109672546,0.4921000003814697
YJL157C,YGR271W,0,-5.4077177,0.16547982394695282,0.9760000109672546,0.49219998717308044
YPR119W,YMR238W,0,-5.408263,0.1654517650604248,0.9760000109672546,0.49230000376701355
YPL085W,YMR164C,0,-5.4087477,0.16542373597621918,0.9760000109672546,0.49239999055862427
YOR096W,YOL066C,0,-5.408777,0.16539569199085236,0.9760000109672546,0.4925000071525574
YOL130W,YOR242C,0,-5.409013,0.16536767780780792,0.9760000109672546,0.4925999939441681
YLR285W,YKL160W,0,-5.409173,0.1653396636247635,0.9760000109672546,0.4927000105381012
YIL114C,YFL055W,0,-5.409193,0.16531164944171906,0.9760000109672546,0.4927999973297119
YDR351W,YPL244C,0,-5.4092646,0.165283665060997,0.9760000109672546,0.492900013923645
YDR449C,YGR263C,0,-5.409294,0.16525566577911377,0.9760000109672546,0.49300000071525574
YDR342C,YJL042W,0,-5.4093094,0.16522769629955292,0.9760000109672546,0.49309998750686646
YGL168W,YGR058W,0,-5.4099426,0.16519972681999207,0.9760000109672546,0.49320000410079956
YLR286C,YLR164W,0,-5.410001,0.1651717722415924,0.9760000109672546,0.4932999908924103
YPR054W,YJR083C,0,-5.4103174,0.16514381766319275,0.9760000109672546,0.4934000074863434
YIL088C,YNL049C,0,-5.410349,0.16511589288711548,0.9760000109672546,0.4934999942779541
YPL113C,YML049C,0,-5.410552,0.16508795320987701,0.9760000109672546,0.4936000108718872
YGR037C,YPL151C,0,-5.410633,0.16506004333496094,0.9760000109672546,0.4936999976634979
YBR139W,YBR133C,0,-5.4107084,0.16503213346004486,0.9760000109672546,0.49380001425743103
YAR044W,YDR480W,0,-5.410838,0.16500422358512878,0.9760000109672546,0.49390000104904175
YIL051C,YNL166C,0,-5.410905,0.1649763286113739,0.9760000109672546,0.49399998784065247
YJR107W,YEL052W,0,-5.4109793,0.1649484485387802,0.9760000109672546,0.49410000443458557
YOR143C,YBR237W,0,-5.4110966,0.16492058336734772,0.9760000109672546,0.4941999912261963
YMR092C,YCL027W,0,-5.411195,0.16489271819591522,0.9760000109672546,0.4943000078201294
YFL003C,YDR448W,0,-5.4112663,0.16486486792564392,0.9760000109672546,0.4943999946117401
YIL017C,YKL100C,0,-5.4113626,0.16483701765537262,0.9760000109672546,0.4945000112056732
YGR286C,YCR040W,0,-5.411665,0.1648091822862625,0.9760000109672546,0.49459999799728394
YER190W,YOL110W,0,-5.4116726,0.1647813618183136,0.9760000109672546,0.49470001459121704
YEL042W,YJL046W,0,-5.4117403,0.16475354135036469,0.9760000109672546,0.49480000138282776
YJR119C,YHR116W,0,-5.411908,0.16472573578357697,0.9760000109672546,0.4948999881744385
YDR164C,YGR192C,0,-5.4126234,0.16469794511795044,0.9760000109672546,0.4950000047683716
YDL112W,YOR388C,0,-5.4126387,0.1646701544523239,0.9760000109672546,0.4950999915599823
YML014W,YOL045W,0,-5.4126472,0.16464237868785858,0.9760000109672546,0.4952000081539154
YBR061C,YPL020C,0,-5.4132586,0.16461460292339325,0.9760000109672546,0.4952999949455261
YNL073W,YOR153W,0,-5.4134893,0.1645868420600891,0.9760000109672546,0.49540001153945923
YKL090W,YPL275W,0,-5.4143257,0.16455909609794617,0.9760000109672546,0.49549999833106995
YAL034W-A,YJL051W,0,-5.4143753,0.16453135013580322,0.9760000109672546,0.49559998512268066
YNL329C,YML049C,0,-5.4149876,0.16450361907482147,0.9760000109672546,0.49570000171661377
YKL084W,YNL049C,0,-5.41502,0.16447590291500092,0.9760000109672546,0.4957999885082245
YKR013W,YJR158W,0,-5.4152174,0.16444818675518036,0.9760000109672546,0.4959000051021576
YNL298W,YHR116W,0,-5.415456,0.164420485496521,0.9760000109672546,0.4959999918937683
YNL083W,YDL092W,0,-5.415489,0.16439278423786163,0.9760000109672546,0.4961000084877014
YDR436W,YER017C,0,-5.4155064,0.16436511278152466,0.9760000109672546,0.49619999527931213
YJL018W,YNR016C,0,-5.415531,0.1643374264240265,0.9760000109672546,0.49630001187324524
YGR009C,YLR035C,0,-5.4156256,0.1643097698688507,0.9760000109672546,0.49639999866485596
YDR058C,YNL218W,0,-5.416033,0.16428211331367493,0.9760000109672546,0.4964999854564667
YDL006W,YOR312C,0,-5.4162664,0.16425445675849915,0.9760000109672546,0.4966000020503998
YPL030W,YNL050C,0,-5.416524,0.16422681510448456,0.9760000109672546,0.4966999888420105
YGL251C,YDR026C,0,-5.416604,0.16419918835163116,0.9760000109672546,0.4968000054359436
YJR113C,YJL133W,0,-5.417141,0.16417157649993896,0.9760000109672546,0.4968999922275543
YGR061C,YDL212W,0,-5.417557,0.16414396464824677,0.9760000109672546,0.4970000088214874
YDR324C,YPL220W,0,-5.4179964,0.16411636769771576,0.9760000109672546,0.49709999561309814
YGL160W,YLL023C,0,-5.4181366,0.16408877074718475,0.9760000109672546,0.49720001220703125
YNL239W,YDL127W,0,-5.4182253,0.16406118869781494,0.9760000109672546,0.49729999899864197
YNL073W,YGL172W,0,-5.4184456,0.16403360664844513,0.9760000109672546,0.4973999857902527
YPR032W,YKL112W,0,-5.418988,0.1640060544013977,0.9760000109672546,0.4975000023841858
YCL055W,YOL103W,0,-5.419138,0.1639784872531891,0.9760000109672546,0.4975999891757965
YNL136W,YHR196W,0,-5.419194,0.16395094990730286,0.9760000109672546,0.4977000057697296
YPR082C,YHR091C,0,-5.419367,0.16392341256141663,0.9760000109672546,0.49779999256134033
YHR211W,YDR017C,0,-5.4195995,0.1638958901166916,0.9760000109672546,0.49790000915527344
YKL180W,YDR062W,0,-5.419881,0.16386836767196655,0.9760000109672546,0.49799999594688416
YNL274C,YJR158W,0,-5.419921,0.1638408601284027,0.9760000109672546,0.49810001254081726
YBL016W,YDR461W,0,-5.41996,0.16381336748600006,0.9760000109672546,0.498199999332428
YPL148C,YEL077C,0,-5.4201136,0.1637858748435974,0.9760000109672546,0.4982999861240387
YOL097C,YDR310C,0,-5.4201975,0.16375838220119476,0.9760000109672546,0.4984000027179718
YMR078C,YJL002C,0,-5.420274,0.1637309193611145,0.9760000109672546,0.4984999895095825
YIR035C,YFR042W,0,-5.4203844,0.16370345652103424,0.9760000109672546,0.4986000061035156
YIL168W,YLR071C,0,-5.4204063,0.16367600858211517,0.9760000109672546,0.49869999289512634
YER172C,YAL047C,0,-5.4205236,0.1636485606431961,0.9760000109672546,0.49880000948905945
YGL184C,YKL127W,0,-5.420739,0.16362112760543823,0.9760000109672546,0.49889999628067017
YGR179C,YLR165C,0,-5.420764,0.16359369456768036,0.9760000109672546,0.49900001287460327
YOL039W,YMR233W,0,-5.421154,0.16356627643108368,0.9760000109672546,0.499099999666214
YLR024C,YFL013C,0,-5.421154,0.1635388731956482,0.9760000109672546,0.4991999864578247
YDR198C,YPL094C,0,-5.4212,0.1635114699602127,0.9760000109672546,0.4993000030517578
YGL206C,YKL203C,0,-5.4212303,0.16348408162593842,0.9760000109672546,0.49939998984336853
YMR204C,YNL083W,0,-5.421318,0.16345670819282532,0.9760000109672546,0.49950000643730164
YAL055W,YML094W,0,-5.421794,0.16342933475971222,0.9760000109672546,0.49959999322891235
YLR022C,YPL086C,0,-5.421897,0.16340197622776031,0.9760000109672546,0.49970000982284546
YBR243C,YNL016W,0,-5.422333,0.1633746176958084,0.9760000109672546,0.4997999966144562
YLR221C,YDR495C,0,-5.4223433,0.1633472740650177,0.9760000109672546,0.4999000132083893
YER106W,YNR021W,0,-5.4223785,0.16331994533538818,0.9760000109672546,0.5
YNL207W,YLR373C,0,-5.4225082,0.16329261660575867,0.9760000109672546,0.5001000165939331
YMR137C,YKL148C,0,-5.422572,0.16326530277729034,0.9760000109672546,0.5001999735832214
YOR125C,YER001W,0,-5.4230623,0.16323800384998322,0.9760000109672546,0.5002999901771545
YHR050W,YNL177C,0,-5.4231606,0.1632107049226761,0.9760000109672546,0.5004000067710876
YPL276W,YPL281C,0,-5.423601,0.16318342089653015,0.9760000109672546,0.5005000233650208
YPL241C,YLR448W,0,-5.4237394,0.16315613687038422,0.9760000109672546,0.5005999803543091
YJL030W,YDL004W,0,-5.4237556,0.16312886774539948,0.9760000109672546,0.5006999969482422
YLR147C,YDR260C,0,-5.423869,0.16310159862041473,0.9760000109672546,0.5008000135421753
YNL331C,YOL003C,0,-5.42397,0.16307435929775238,0.9760000109672546,0.5008999705314636
YJL004C,YER083C,0,-5.4240294,0.16304710507392883,0.9760000109672546,0.5009999871253967
YGL175C,YDR298C,0,-5.424259,0.16301988065242767,0.9760000109672546,0.5011000037193298
YNL083W,YBR014C,0,-5.4243774,0.1629926562309265,0.9760000109672546,0.5012000203132629
YDR322W,YNR044W,0,-5.424547,0.16296543180942535,0.9760000109672546,0.5012999773025513
YBL046W,YER052C,0,-5.4246483,0.16293823719024658,0.9760000109672546,0.5013999938964844
YAL042W,YPL144W,0,-5.424797,0.16291102766990662,0.9760000109672546,0.5015000104904175
YHL044W,YKL154W,0,-5.4248095,0.16288384795188904,0.9760000109672546,0.5016000270843506
YER039C,YCL047C,0,-5.424841,0.16285666823387146,0.9760000109672546,0.5016999840736389
YJR077C,YOR375C,0,-5.425153,0.16282950341701508,0.9760000109672546,0.501800000667572
YDR139C,YBR033W,0,-5.42535,0.1628023386001587,0.9760000109672546,0.5019000172615051
YEL013W,YJL171C,0,-5.425744,0.1627751886844635,0.9760000109672546,0.5019999742507935
YLR138W,YFR007W,0,-5.425745,0.1627480387687683,0.9760000109672546,0.5020999908447266
YDR415C,YDR320C,0,-5.425995,0.16272090375423431,0.9760000109672546,0.5022000074386597
YGR076C,YBL004W,0,-5.4260216,0.1626937836408615,0.9760000109672546,0.5023000240325928
YDR444W,YNR046W,0,-5.4262285,0.1626666635274887,0.9760000109672546,0.5023999810218811
YNL261W,YBR001C,0,-5.4262905,0.1626395583152771,0.9760000109672546,0.5024999976158142
YMR214W,YER006W,0,-5.426317,0.16261246800422668,0.9760000109672546,0.5026000142097473
YLR310C,YDR421W,0,-5.426488,0.16258537769317627,0.9760000109672546,0.5026999711990356
YOR306C,YDL095W,0,-5.426737,0.16255828738212585,0.9760000109672546,0.5027999877929688
YNL166C,YMR022W,0,-5.426754,0.16253122687339783,0.9760000109672546,0.5029000043869019
YDR462W,YOR233W,0,-5.4270477,0.1625041663646698,0.9760000109672546,0.503000020980835
YML072C,YPL015C,0,-5.4270754,0.16247710585594177,0.9760000109672546,0.5030999779701233
YLR408C,YBR298C,0,-5.4272833,0.16245006024837494,0.9760000109672546,0.5031999945640564
YDL236W,YDR074W,0,-5.4276543,0.1624230295419693,0.9760000109672546,0.5033000111579895
YAL021C,YKL172W,0,-5.427804,0.16239601373672485,0.9760000109672546,0.5034000277519226
YPL206C,YDL217C,0,-5.4278145,0.1623689830303192,0.9760000109672546,0.5034999847412109
YDL133C-A,YLR453C,0,-5.4279737,0.16234198212623596,0.9760000109672546,0.503600001335144
YOL034W,YOR073W,0,-5.4280577,0.1623149812221527,0.9760000109672546,0.5037000179290771
YMR113W,YDR501W,0,-5.428094,0.16228799521923065,0.9760000109672546,0.5037999749183655
YBR073W,YER131W,0,-5.4282436,0.1622610092163086,0.9760000109672546,0.5038999915122986
YKL055C,YLR325C,0,-5.428564,0.16223403811454773,0.9760000109672546,0.5040000081062317
YNL293W,YBR223C,0,-5.4292545,0.16220708191394806,0.9760000109672546,0.5041000247001648
YJL018W,YDR296W,0,-5.429366,0.1621801257133484,0.9760000109672546,0.5041999816894531
YPL016W,YPL090C,0,-5.4294605,0.1621531844139099,0.9760000109672546,0.5042999982833862
YJR151C,YPR204W,0,-5.429475,0.16212624311447144,0.9760000109672546,0.5044000148773193
YDL128W,YJR058C,0,-5.42994,0.16209931671619415,0.9760000109672546,0.5044999718666077
YDR314C,YER051W,0,-5.430087,0.16207240521907806,0.9760000109672546,0.5045999884605408
YGR171C,YPR096C,0,-5.4303503,0.16204549372196198,0.9760000109672546,0.5047000050544739
YDR038C,YGL213C,0,-5.4304447,0.16201859712600708,0.9760000109672546,0.504800021648407
YPL172C,YIL095W,0,-5.4307833,0.16199170053005219,0.9760000109672546,0.5048999786376953
YKL165C,YBL084C,0,-5.430999,0.16196481883525848,0.9760000109672546,0.5049999952316284
YPR082C,YBL074C,0,-5.4314384,0.16193795204162598,0.9760000109672546,0.5051000118255615
YNL257C,YOL089C,1,-5.4317265,0.16207697987556458,0.9769999980926514,0.5051000118255615
YFR006W,YDR341C,0,-5.4318275,0.16205009818077087,0.9769999980926514,0.5052000284194946
YMR204C,YKL140W,0,-5.432062,0.16202321648597717,0.9769999980926514,0.505299985408783
YLR405W,YOR187W,0,-5.4320745,0.16199634969234467,0.9769999980926514,0.5054000020027161
YMR272C,YKR104W,0,-5.4325304,0.16196949779987335,0.9769999980926514,0.5055000185966492
YJR044C,YNR040W,0,-5.432682,0.16194264590740204,0.9769999980926514,0.5055999755859375
YMR268C,YOR122C,0,-5.432725,0.16191580891609192,0.9769999980926514,0.5056999921798706
YPR186C,YGR246C,1,-5.4328146,0.16205468773841858,0.9779999852180481,0.5056999921798706
YMR168C,YPL218W,0,-5.4331903,0.16202783584594727,0.9779999852180481,0.5058000087738037
YPR192W,YDR416W,0,-5.433235,0.16200099885463715,0.9779999852180481,0.5059000253677368
YJL008C,YDR371W,0,-5.4332905,0.16197416186332703,0.9779999852180481,0.5059999823570251
YNR003C,YFR006W,0,-5.4338884,0.1619473397731781,0.9779999852180481,0.5060999989509583
YMR109W,YLR048W,0,-5.433913,0.16192053258419037,0.9779999852180481,0.5062000155448914
YPR024W,YNL053W,0,-5.4342012,0.16189372539520264,0.9779999852180481,0.5062999725341797
YDL128W,YPR187W,0,-5.434371,0.1618669331073761,0.9779999852180481,0.5063999891281128
YHR140W,YNL172W,0,-5.4351444,0.16184014081954956,0.9779999852180481,0.5065000057220459
YOR047C,YJL062W,0,-5.4352236,0.16181336343288422,0.9779999852180481,0.506600022315979
YIL050W,YDR408C,0,-5.435293,0.16178660094738007,0.9779999852180481,0.5066999793052673
YJR125C,YKL013C,0,-5.43538,0.16175983846187592,0.9779999852180481,0.5067999958992004
YBL113C,YKL206C,0,-5.4353924,0.16173309087753296,0.9779999852180481,0.5069000124931335
YBR203W,YOL008W,0,-5.4354525,0.16170634329319,0.9779999852180481,0.5070000290870667
YJR078W,YOR130C,0,-5.4355574,0.16167961061000824,0.9779999852180481,0.507099986076355
YJL053W,YLR356W,0,-5.435753,0.16165289282798767,0.9779999852180481,0.5072000026702881
YNL265C,YER098W,0,-5.4359884,0.1616261750459671,0.9779999852180481,0.5073000192642212
YOR017W,YJL130C,0,-5.4362764,0.16159947216510773,0.9779999852180481,0.5073999762535095
YNL301C,YEL050C,0,-5.436428,0.16157276928424835,0.9779999852180481,0.5074999928474426
YKL073W,YOR315W,0,-5.4365225,0.16154608130455017,0.9779999852180481,0.5076000094413757
YPR152C,YJR086W,0,-5.436716,0.16151940822601318,0.9779999852180481,0.5077000260353088
YBR075W,YEL002C,0,-5.436776,0.1614927351474762,0.9779999852180481,0.5077999830245972
YHR056C,YDR033W,0,-5.4368343,0.1614660769701004,0.9779999852180481,0.5078999996185303
YDL239C,YEL077C,0,-5.4369087,0.1614394187927246,0.9779999852180481,0.5080000162124634
YER061C,YDL121C,0,-5.4369316,0.16141277551651,0.9779999852180481,0.5080999732017517
YNL222W,YPR056W,1,-5.437333,0.16155114769935608,0.9789999723434448,0.5080999732017517
YIL129C,YIR017C,0,-5.437399,0.16152450442314148,0.9789999723434448,0.5081999897956848
YER153C,YML019W,0,-5.4375687,0.16149786114692688,0.9789999723434448,0.5083000063896179
YKL028W,YMR236W,1,-5.437731,0.16163615882396698,0.9800000190734863,0.5083000063896179
YNL284C,YGL237C,0,-5.437829,0.1616095006465912,0.9800000190734863,0.508400022983551
YGL135W,YDR337W,0,-5.4381437,0.1615828573703766,0.9800000190734863,0.5084999799728394
YDR313C,YLR204W,0,-5.438222,0.161556214094162,0.9800000190734863,0.5085999965667725
YNL070W,YMR036C,0,-5.4386835,0.16152958571910858,0.9800000190734863,0.5087000131607056
YER012W,YAL020C,0,-5.438905,0.16150297224521637,0.9800000190734863,0.5088000297546387
YNL339C,YML064C,0,-5.43892,0.16147635877132416,0.9800000190734863,0.508899986743927
YOR115C,YGL213C,0,-5.438979,0.16144976019859314,0.9800000190734863,0.5090000033378601
YGL097W,YBR281C,0,-5.4394217,0.16142316162586212,0.9800000190734863,0.5091000199317932
YHL020C,YLR467W,0,-5.4396124,0.1613965779542923,0.9800000190734863,0.5091999769210815
YKL135C,YMR273C,0,-5.439742,0.16136999428272247,0.9800000190734863,0.5092999935150146
YCL004W,YDR480W,0,-5.4397507,0.16134342551231384,0.9800000190734863,0.5094000101089478
YGL168W,YGR148C,0,-5.4401693,0.1613168716430664,0.9800000190734863,0.5095000267028809
YGR062C,YDR533C,0,-5.440366,0.16129031777381897,0.9800000190734863,0.5095999836921692
YLR394W,YGR056W,0,-5.440386,0.16126377880573273,0.9800000190734863,0.5097000002861023
YPR107C,YJL143W,0,-5.4404087,0.16123725473880768,0.9800000190734863,0.5098000168800354
YML064C,YML019W,0,-5.440427,0.16121073067188263,0.9800000190734863,0.5098999738693237
YFR041C,YGL244W,0,-5.4404364,0.16118420660495758,0.9800000190734863,0.5099999904632568
YGR207C,YDR316W,0,-5.440752,0.16115769743919373,0.9800000190734863,0.5101000070571899
YOR265W,YIL026C,0,-5.4408684,0.16113120317459106,0.9800000190734863,0.510200023651123
YER036C,YOR321W,0,-5.440915,0.1611047238111496,0.9800000190734863,0.5102999806404114
YMR186W,YLR430W,0,-5.4410763,0.16107824444770813,0.9800000190734863,0.5103999972343445
YBR104W,YCR071C,0,-5.441106,0.16105176508426666,0.9800000190734863,0.5105000138282776
YNL308C,YDR222W,0,-5.441292,0.1610253006219864,0.9800000190734863,0.5105999708175659
YBR004C,YKL199C,0,-5.4414206,0.1609988510608673,0.9800000190734863,0.510699987411499
YLR165C,YJR013W,0,-5.4414644,0.16097240149974823,0.9800000190734863,0.5108000040054321
YNL163C,YLR100W,0,-5.4415684,0.16094596683979034,0.9800000190734863,0.5109000205993652
YJL047C,YIR036C,0,-5.441905,0.16091954708099365,0.9800000190734863,0.5109999775886536
YLR172C,YLR376C,0,-5.4419603,0.16089312732219696,0.9800000190734863,0.5110999941825867
YLR024C,YLR013W,0,-5.442009,0.16086670756340027,0.9800000190734863,0.5112000107765198
YNL298W,YJR019C,0,-5.4422646,0.16084030270576477,0.9800000190734863,0.5113000273704529
YKR028W,YDL226C,0,-5.4425116,0.16081391274929047,0.9800000190734863,0.5113999843597412
YMR104C,YOR061W,0,-5.442666,0.16078753769397736,0.9800000190734863,0.5115000009536743
YLR009W,YGR277C,0,-5.4426804,0.16076114773750305,0.9800000190734863,0.5116000175476074
YDR322W,YDR034C,0,-5.4427376,0.16073478758335114,0.9800000190734863,0.5116999745368958
YHR161C,YJR103W,0,-5.442792,0.16070842742919922,0.9800000190734863,0.5117999911308289
YJR007W,YOR356W,0,-5.4427977,0.1606820821762085,0.9800000190734863,0.511900007724762
YOL002C,YIL067C,0,-5.4429216,0.16065573692321777,0.9800000190734863,0.5120000243186951
YGR121C,YPR182W,0,-5.442974,0.16062940657138824,0.9800000190734863,0.5120999813079834
YMR182C,YBR006W,0,-5.443425,0.16060307621955872,0.9800000190734863,0.5121999979019165
YGR098C,YMR038C,0,-5.44351,0.16057676076889038,0.9800000190734863,0.5123000144958496
YKL186C,YNL236W,0,-5.443736,0.16055046021938324,0.9800000190734863,0.5123999714851379
YOR219C,YGL026C,0,-5.443796,0.1605241596698761,0.9800000190734863,0.512499988079071
YGL051W,YNL047C,0,-5.443817,0.16049787402153015,0.9800000190734863,0.5126000046730042
YOR362C,YER070W,0,-5.4440136,0.1604715883731842,0.9800000190734863,0.5127000212669373
YJL117W,YJR068W,0,-5.444062,0.16044531762599945,0.9800000190734863,0.5127999782562256
YGR081C,YER018C,0,-5.444255,0.1604190468788147,0.9800000190734863,0.5128999948501587
YGR166W,YER170W,0,-5.444373,0.16039280593395233,0.9800000190734863,0.5130000114440918
YDR123C,YDR038C,0,-5.444401,0.16036655008792877,0.9800000190734863,0.5131000280380249
YJR107W,YIL145C,0,-5.4445877,0.1603403091430664,0.9800000190734863,0.5131999850273132
YDL008W,YLR164W,0,-5.444688,0.16031408309936523,0.9800000190734863,0.5133000016212463
YGR001C,YMR273C,0,-5.4448566,0.16028785705566406,0.9800000190734863,0.5134000182151794
YBR050C,YMR307W,0,-5.4449673,0.16026164591312408,0.9800000190734863,0.5134999752044678
YKR050W,YMR016C,0,-5.4458065,0.1602354496717453,0.9800000190734863,0.5135999917984009
YOR371C,YNL086W,0,-5.4458485,0.16020925343036652,0.9800000190734863,0.513700008392334
YOR232W,YDL101C,0,-5.445862,0.16018307209014893,0.9800000190734863,0.5138000249862671
YPL144W,YGR071C,0,-5.4459352,0.16015689074993134,0.9800000190734863,0.5138999819755554
YNL016W,YLR170C,0,-5.446083,0.16013072431087494,0.9800000190734863,0.5139999985694885
YGR214W,YFL054C,0,-5.446207,0.16010455787181854,0.9800000190734863,0.5141000151634216
YHR167W,YPR151C,0,-5.446457,0.16007840633392334,0.9800000190734863,0.51419997215271
YML074C,YER106W,0,-5.446496,0.16005225479602814,0.9800000190734863,0.5142999887466431
YBR093C,YGR109C,0,-5.446556,0.16002613306045532,0.9800000190734863,0.5144000053405762
YNL075W,YMR004W,0,-5.446581,0.1599999964237213,0.9800000190734863,0.5145000219345093
YKL188C,YKL124W,0,-5.4466887,0.1599738746881485,0.9800000190734863,0.5145999789237976
YIL128W,YGL234W,0,-5.4468327,0.15994776785373688,0.9800000190734863,0.5146999955177307
YDL004W,YGL113W,0,-5.4469194,0.15992167592048645,0.9800000190734863,0.5148000121116638
YNL079C,YOR128C,0,-5.4469814,0.15989558398723602,0.9800000190734863,0.5149000287055969
YIR013C,YLR336C,0,-5.447071,0.1598694920539856,0.9800000190734863,0.5149999856948853
YML106W,YMR247C,0,-5.447091,0.15984341502189636,0.9800000190734863,0.5151000022888184
YDR506C,YER070W,0,-5.447219,0.15981735289096832,0.9800000190734863,0.5152000188827515
YML062C,YIL084C,0,-5.44734,0.15979129076004028,0.9800000190734863,0.5152999758720398
YDR293C,YLR370C,0,-5.447562,0.15976524353027344,0.9800000190734863,0.5153999924659729
YFR044C,YBR073W,0,-5.447592,0.1597391963005066,0.9800000190734863,0.515500009059906
YPL059W,YKL025C,0,-5.4476852,0.15971316397190094,0.9800000190734863,0.5156000256538391
YCR077C,YER147C,0,-5.4477262,0.15968714654445648,0.9800000190734863,0.5156999826431274
YDL077C,YJR021C,0,-5.447838,0.15966112911701202,0.9800000190734863,0.5157999992370605
YJL019W,YBL088C,0,-5.4482994,0.15963512659072876,0.9800000190734863,0.5159000158309937
YLL005C,YOR116C,0,-5.448345,0.1596091240644455,0.9800000190734863,0.515999972820282
YMR113W,YER125W,0,-5.448409,0.15958313643932343,0.9800000190734863,0.5160999894142151
YGL166W,YNL314W,1,-5.4484215,0.15971995890140533,0.9810000061988831,0.5160999894142151
YPL121C,YJL008C,0,-5.448559,0.15969395637512207,0.9810000061988831,0.5162000060081482
YKL021C,YEL029C,0,-5.448618,0.15966796875,0.9810000061988831,0.5163000226020813
YCL061C,YDR538W,0,-5.448763,0.15964198112487793,0.9810000061988831,0.5163999795913696
YJL014W,YJR092W,0,-5.4496927,0.15961600840091705,0.9810000061988831,0.5164999961853027
YJR138W,YHR039C-A,0,-5.4502163,0.15959005057811737,0.9810000061988831,0.5166000127792358
YGR123C,YGL153W,0,-5.4502306,0.1595640927553177,0.9810000061988831,0.516700029373169
YOR244W,YGL077C,0,-5.450362,0.159538134932518,0.9810000061988831,0.5167999863624573
YGR143W,YDR177W,0,-5.4507008,0.15951219201087952,0.9810000061988831,0.5169000029563904
YDR208W,YHR160C,0,-5.450754,0.15948626399040222,0.9810000061988831,0.5170000195503235
YBR105C,YGR105W,0,-5.4509716,0.15946033596992493,0.9810000061988831,0.5170999765396118
YDL180W,YMR019W,0,-5.451187,0.15943442285060883,0.9810000061988831,0.5171999931335449
YDR456W,YOL086C,0,-5.4512844,0.15940850973129272,0.9810000061988831,0.517300009727478
YIR005W,YDR238C,0,-5.451339,0.15938261151313782,0.9810000061988831,0.5174000263214111
YMR025W,YPL167C,0,-5.4514494,0.1593567281961441,0.9810000061988831,0.5174999833106995
YLR166C,YHR186C,0,-5.4515142,0.1593308448791504,0.9810000061988831,0.5175999999046326
YJL170C,YER151C,0,-5.4516697,0.15930497646331787,0.9810000061988831,0.5177000164985657
YMR086W,YJL104W,0,-5.4522047,0.15927910804748535,0.9810000061988831,0.517799973487854
YNL339C,YDR139C,0,-5.4526186,0.15925323963165283,0.9810000061988831,0.5178999900817871
YBR216C,YFR046C,0,-5.45292,0.1592274010181427,0.9810000061988831,0.5180000066757202
YJL063C,YGR105W,0,-5.453187,0.15920156240463257,0.9810000061988831,0.5181000232696533
YPR036W,YAR035W,0,-5.4533806,0.15917572379112244,0.9810000061988831,0.5181999802589417
YMR056C,YMR030W,0,-5.4534397,0.1591499000787735,0.9810000061988831,0.5182999968528748
YJL155C,YDR003W,0,-5.4535255,0.15912409126758575,0.9810000061988831,0.5184000134468079
YGR133W,YGL047W,0,-5.4535913,0.159098282456398,0.9810000061988831,0.5184999704360962
YBR158W,YDR402C,0,-5.453787,0.15907248854637146,0.9810000061988831,0.5185999870300293
YJL206C,YDR393W,0,-5.4538956,0.1590466946363449,0.9810000061988831,0.5187000036239624
YNL070W,YKL108W,0,-5.4540787,0.15902091562747955,0.9810000061988831,0.5188000202178955
YNL138W,YMR273C,0,-5.45418,0.1589951366186142,0.9810000061988831,0.5188999772071838
YML043C,YNL210W,0,-5.454273,0.15896937251091003,0.9810000061988831,0.5189999938011169
YPL162C,YPL270W,0,-5.4547243,0.15894362330436707,0.9810000061988831,0.51910001039505
YDL066W,YDR524C,0,-5.4548845,0.1589178740978241,0.9810000061988831,0.5192000269889832
YLL035W,YGL086W,0,-5.4549036,0.15889212489128113,0.9810000061988831,0.5192999839782715
YDL229W,YGL106W,0,-5.4550276,0.15886639058589935,0.9810000061988831,0.5194000005722046
YEL009C,YOR039W,0,-5.455106,0.15884067118167877,0.9810000061988831,0.5195000171661377
YPL082C,YMR236W,1,-5.4552193,0.15897685289382935,0.9819999933242798,0.5195000171661377
YKL095W,YHR203C,0,-5.455247,0.15895111858844757,0.9819999933242798,0.519599974155426
YGL157W,YNR021W,0,-5.455266,0.158925399184227,0.9819999933242798,0.5196999907493591
YHR147C,YJL203W,0,-5.4554043,0.1588996797800064,0.9819999933242798,0.5198000073432922
YKL046C,YOR033C,0,-5.4554214,0.15887397527694702,0.9819999933242798,0.5199000239372253
YNL160W,YKL203C,0,-5.456006,0.15884827077388763,0.9819999933242798,0.5199999809265137
YBR161W,YNR044W,0,-5.456072,0.15882258117198944,0.9819999933242798,0.5200999975204468
YNL305C,YPR181C,0,-5.4568863,0.15879689157009125,0.9819999933242798,0.5202000141143799
YKL113C,YDL137W,0,-5.457119,0.15877121686935425,0.9819999933242798,0.5202999711036682
YGR194C,YLR033W,0,-5.4572754,0.15874555706977844,0.9819999933242798,0.5203999876976013
YAR044W,YGR280C,0,-5.457327,0.15871989727020264,0.9819999933242798,0.5205000042915344
YPL048W,YLR355C,0,-5.457451,0.15869425237178802,0.9819999933242798,0.5206000208854675
YOR106W,YPL206C,0,-5.4574575,0.1586686074733734,0.9819999933242798,0.5206999778747559
YNL311C,YPR102C,0,-5.4574747,0.15864297747612,0.9819999933242798,0.520799994468689
YGR264C,YMR119W,0,-5.457505,0.15861734747886658,0.9819999933242798,0.5209000110626221
YER026C,YJL097W,0,-5.457676,0.15859173238277435,0.9819999933242798,0.5210000276565552
YDR314C,YGR134W,0,-5.4579525,0.15856611728668213,0.9819999933242798,0.5210999846458435
YKR045C,YAL031C,0,-5.458214,0.1585405170917511,0.9819999933242798,0.5212000012397766
YHR203C,YLR015W,0,-5.4583435,0.15851493179798126,0.9819999933242798,0.5213000178337097
YFR028C,YHR172W,0,-5.458457,0.15848934650421143,0.9819999933242798,0.521399974822998
YPL079W,YDR477W,0,-5.45852,0.15846377611160278,0.9819999933242798,0.5214999914169312
YPL060W,YDR496C,0,-5.458687,0.15843820571899414,0.9819999933242798,0.5216000080108643
YLR341W,YJL171C,0,-5.458934,0.1584126502275467,0.9819999933242798,0.5217000246047974
YHL004W,YMR090W,0,-5.458967,0.15838709473609924,0.9819999933242798,0.5217999815940857
YKL004W,YOL094C,0,-5.4589767,0.158361554145813,0.9819999933242798,0.5218999981880188
YNR011C,YAL005C,0,-5.4590893,0.15833601355552673,0.9819999933242798,0.5220000147819519
YBL091C-A,YOR020C,0,-5.4593143,0.15831048786640167,0.9819999933242798,0.5220999717712402
YGR087C,YPL015C,0,-5.459421,0.1582849770784378,0.9819999933242798,0.5221999883651733
YNL138W,YNR041C,0,-5.4597006,0.15825946629047394,0.9819999933242798,0.5223000049591064
YMR295C,YJR158W,0,-5.4599485,0.15823397040367126,0.9819999933242798,0.5224000215530396
YDR065W,YIL063C,0,-5.4600954,0.1582084745168686,0.9819999933242798,0.5224999785423279
YIL115C,YBR280C,0,-5.4602165,0.1581829935312271,0.9819999933242798,0.522599995136261
YDR483W,YMR122W-A,0,-5.4605465,0.15815751254558563,0.9819999933242798,0.5227000117301941
YBR298C,YFL031W,0,-5.460615,0.15813204646110535,0.9819999933242798,0.5228000283241272
YNR060W,YIL142W,0,-5.4606943,0.15810658037662506,0.9819999933242798,0.5228999853134155
YOR133W,YDR402C,0,-5.4608173,0.15808112919330597,0.9819999933242798,0.5230000019073486
YDL099W,YLR283W,0,-5.4608297,0.15805569291114807,0.9819999933242798,0.5231000185012817
YHR215W,YOR298C-A,0,-5.461252,0.15803025662899017,0.9819999933242798,0.5231999754905701
YDL069C,YDR027C,0,-5.461399,0.15800482034683228,0.9819999933242798,0.5232999920845032
YOR025W,YJL151C,0,-5.4619265,0.15797941386699677,0.9819999933242798,0.5234000086784363
YML032C,YLL002W,0,-5.4619293,0.15795399248600006,0.9819999933242798,0.5235000252723694
YOR143C,YOR233W,0,-5.461934,0.15792860090732574,0.9819999933242798,0.5235999822616577
YGR014W,YCR097W,0,-5.461975,0.15790319442749023,0.9819999933242798,0.5236999988555908
YPL108W,YNL209W,0,-5.462002,0.1578778177499771,0.9819999933242798,0.5238000154495239
YDL225W,YML093W,0,-5.462311,0.157852441072464,0.9819999933242798,0.5238999724388123
YDR314C,YGR220C,0,-5.4623775,0.15782706439495087,0.9819999933242798,0.5239999890327454
YNL006W,YDR534C,0,-5.4624043,0.15780170261859894,0.9819999933242798,0.5241000056266785
YOR323C,YLR069C,0,-5.4625864,0.1577763557434082,0.9819999933242798,0.5242000222206116
YJR133W,YPL038W,0,-5.462595,0.15775100886821747,0.9819999933242798,0.5242999792098999
YKR009C,YMR281W,0,-5.4626923,0.15772566199302673,0.9819999933242798,0.524399995803833
YPL119C,YEL017C-A,0,-5.4629507,0.1577003300189972,0.9819999933242798,0.5245000123977661
YOR058C,YER017C,0,-5.4629507,0.15767501294612885,0.9819999933242798,0.5246000289916992
YOL080C,YGL134W,0,-5.4631224,0.1576496958732605,0.9819999933242798,0.5246999859809875
YJL085W,YOR211C,0,-5.463319,0.15762439370155334,0.9819999933242798,0.5248000025749207
YFL054C,YJR082C,0,-5.4635925,0.15759910643100739,0.9819999933242798,0.5249000191688538
YLR097C,YLR430W,0,-5.463769,0.15757381916046143,0.9819999933242798,0.5249999761581421
YDR383C,YKL013C,0,-5.464098,0.15754853188991547,0.9819999933242798,0.5250999927520752
YNL021W,YDR512C,0,-5.4644747,0.1575232595205307,0.9819999933242798,0.5252000093460083
YCL004W,YFR044C,0,-5.464484,0.15749800205230713,0.9819999933242798,0.5253000259399414
YGR144W,YKL148C,0,-5.464772,0.15747274458408356,0.9819999933242798,0.5253999829292297
YDL127W,YDR109C,0,-5.4648085,0.15744748711585999,0.9819999933242798,0.5254999995231628
YGR221C,YNL213C,0,-5.4649935,0.1574222445487976,0.9819999933242798,0.525600016117096
YFL031W,YFL033C,0,-5.465023,0.15739701688289642,0.9819999933242798,0.5256999731063843
YHR099W,YDR318W,0,-5.465152,0.15737178921699524,0.9819999933242798,0.5257999897003174
YDL004W,YKR086W,0,-5.4652643,0.15734657645225525,0.9819999933242798,0.5259000062942505
YKL205W,YER088C,0,-5.4654884,0.15732137858867645,0.9819999933242798,0.5260000228881836
YGR183C,YHL047C,0,-5.4656267,0.15729616582393646,0.9819999933242798,0.5260999798774719
YOR356W,YGR162W,0,-5.4660263,0.15727098286151886,0.9819999933242798,0.526199996471405
YOR122C,YDR067C,0,-5.4663143,0.15724579989910126,0.9819999933242798,0.5263000130653381
YKR061W,YGR026W,0,-5.4664564,0.15722061693668365,0.9819999933242798,0.5264000296592712
YPL028W,YLR103C,0,-5.466488,0.15719544887542725,0.9819999933242798,0.5264999866485596
YHR067W,YOR212W,0,-5.4664946,0.15717029571533203,0.9819999933242798,0.5266000032424927
YHR085W,YLR393W,0,-5.466795,0.15714514255523682,0.9819999933242798,0.5267000198364258
YBR214W,YMR188C,0,-5.4670725,0.1571200042963028,0.9819999933242798,0.5267999768257141
YOR088W,YMR159C,0,-5.467355,0.15709486603736877,0.9819999933242798,0.5268999934196472
YOR346W,YPL095C,0,-5.467396,0.15706974267959595,0.9819999933242798,0.5270000100135803
YGL060W,YJR017C,0,-5.4674816,0.15704461932182312,0.9819999933242798,0.5271000266075134
YBL079W,YPR006C,0,-5.467576,0.1570195108652115,0.9819999933242798,0.5271999835968018
YOR022C,YDR011W,0,-5.467636,0.15699440240859985,0.9819999933242798,0.5273000001907349
YGL094C,YDR494W,0,-5.467744,0.15696930885314941,0.9819999933242798,0.527400016784668
YBR166C,YLR165C,0,-5.4679117,0.15694421529769897,0.9819999933242798,0.5274999737739563
YLR369W,YML012W,0,-5.4681616,0.15691913664340973,0.9819999933242798,0.5275999903678894
YPR048W,YNR017W,0,-5.468363,0.15689407289028168,0.9819999933242798,0.5277000069618225
YNR070W,YPR033C,0,-5.468522,0.15686900913715363,0.9819999933242798,0.5278000235557556
YLR222C,YER002W,0,-5.4686804,0.15684396028518677,0.9819999933242798,0.527899980545044
YJL005W,YDR304C,0,-5.468918,0.1568189114332199,0.9819999933242798,0.527999997138977
YDR146C,YDL168W,0,-5.469001,0.15679386258125305,0.9819999933242798,0.5281000137329102
YLL010C,YJL018W,0,-5.469096,0.15676884353160858,0.9819999933242798,0.5281999707221985
YBR234C,YNL047C,0,-5.4691143,0.15674380958080292,0.9819999933242798,0.5282999873161316
YPL103C,YPL095C,0,-5.4692297,0.15671880543231964,0.9819999933242798,0.5284000039100647
YLR386W,YOL139C,0,-5.469363,0.15669378638267517,0.9819999933242798,0.5285000205039978
YNL002C,YMR019W,0,-5.4693804,0.1566687971353531,0.9819999933242798,0.5285999774932861
YNL309W,YLL043W,0,-5.469384,0.156643807888031,0.9819999933242798,0.5286999940872192
YBL009W,YCR102C,0,-5.469392,0.15661881864070892,0.9819999933242798,0.5288000106811523
YBR251W,YDR501W,0,-5.469493,0.15659384429454803,0.9819999933242798,0.5289000272750854
YBL023C,YOR100C,0,-5.469591,0.15656888484954834,0.9819999933242798,0.5289999842643738
YNL189W,YPR144C,0,-5.469633,0.15654392540454865,0.9819999933242798,0.5291000008583069
YEL064C,YMR160W,0,-5.4698906,0.15651896595954895,0.9819999933242798,0.52920001745224
YMR115W,YFL038C,0,-5.469989,0.15649402141571045,0.9819999933242798,0.5292999744415283
YGR271W,YKR002W,0,-5.4700403,0.15646909177303314,0.9819999933242798,0.5293999910354614
YDR416W,YKL198C,0,-5.470065,0.15644416213035583,0.9819999933242798,0.5295000076293945
YKR028W,YDR368W,0,-5.470587,0.15641924738883972,0.9819999933242798,0.5296000242233276
YBR186W,YNL122C,0,-5.4706526,0.1563943326473236,0.9819999933242798,0.529699981212616
YJL160C,YPL275W,0,-5.4707155,0.1563694328069687,0.9819999933242798,0.5297999978065491
YLR276C,YJL044C,0,-5.4709024,0.15634453296661377,0.9819999933242798,0.5299000144004822
YBR135W,YJL092W,0,-5.471099,0.15631964802742004,0.9819999933242798,0.5299999713897705
YNL049C,YNL124W,0,-5.4714565,0.15629476308822632,0.9819999933242798,0.5300999879837036
YAL038W,YKL071W,0,-5.4716635,0.1562698930501938,0.9819999933242798,0.5302000045776367
YGL135W,YPL009C,0,-5.4717627,0.15624502301216125,0.9819999933242798,0.5303000211715698
YBR201W,YBL027W,0,-5.4718685,0.15622016787528992,0.9819999933242798,0.5303999781608582
YLR283W,YBR281C,0,-5.472536,0.15619532763957977,0.9819999933242798,0.5304999947547913
YDL178W,YDL161W,0,-5.4729404,0.15617048740386963,0.9819999933242798,0.5306000113487244
YPL275W,YLL023C,0,-5.472952,0.15614564716815948,0.9819999933242798,0.5307000279426575
YNL159C,YLR371W,0,-5.472953,0.15612082183361053,0.9819999933242798,0.5307999849319458
YDL164C,YDL021W,0,-5.473015,0.15609601140022278,0.9819999933242798,0.5309000015258789
YDR338C,YFL023W,0,-5.4730177,0.15607120096683502,0.9819999933242798,0.531000018119812
YIL138C,YLR048W,0,-5.4731007,0.15604640543460846,0.9819999933242798,0.5310999751091003
YMR094W,YDR142C,0,-5.4731817,0.1560216099023819,0.9819999933242798,0.5311999917030334
YIL171W,YMR094W,0,-5.473528,0.15599682927131653,0.9819999933242798,0.5313000082969666
YLR105C,YCL008C,0,-5.4738445,0.15597204864025116,0.9819999933242798,0.5314000248908997
YKL222C,YNL049C,0,-5.4739065,0.15594728291034698,0.9819999933242798,0.531499981880188
YPL113C,YER183C,0,-5.474121,0.1559225171804428,0.9819999933242798,0.5315999984741211
YML066C,YLR406C,0,-5.474162,0.15589776635169983,0.9819999933242798,0.5317000150680542
YBL017C,YBR044C,0,-5.4744043,0.15587301552295685,0.9819999933242798,0.5317999720573425
YER106W,YBR083W,0,-5.4744473,0.15584827959537506,0.9819999933242798,0.5318999886512756
YER021W,YBR120C,0,-5.474703,0.15582354366779327,0.9819999933242798,0.5320000052452087
YDL064W,YPL027W,0,-5.474969,0.15579882264137268,0.9819999933242798,0.5321000218391418
YBR267W,YJR149W,0,-5.475093,0.15577411651611328,0.9819999933242798,0.5321999788284302
YOL108C,YOL049W,0,-5.4751177,0.15574941039085388,0.9819999933242798,0.5322999954223633
YGL125W,YMR121C,0,-5.4751606,0.15572470426559448,0.9819999933242798,0.5324000120162964
YPL104W,YMR223W,0,-5.4753246,0.15570001304149628,0.9819999933242798,0.5325000286102295
YLR204W,YDL004W,0,-5.4756413,0.15567533671855927,0.9819999933242798,0.5325999855995178
YDL168W,YDR270W,0,-5.475709,0.15565066039562225,0.9819999933242798,0.5327000021934509
YKL139W,YNL209W,0,-5.4760895,0.15562598407268524,0.9819999933242798,0.532800018787384
YER016W,YPR016C,0,-5.4765224,0.15560133755207062,0.9819999933242798,0.5328999757766724
YER048C,YJR140C,0,-5.4768744,0.1555766761302948,0.9819999933242798,0.5329999923706055
YOR388C,YGR188C,0,-5.4773903,0.15555202960968018,0.9819999933242798,0.5331000089645386
YOR036W,YMR136W,0,-5.477483,0.15552739799022675,0.9819999933242798,0.5332000255584717
YLR450W,YOR291W,0,-5.477771,0.15550276637077332,0.9819999933242798,0.53329998254776
YDR400W,YGR177C,0,-5.4778967,0.15547814965248108,0.9819999933242798,0.5333999991416931
YJL209W,YHR112C,0,-5.477955,0.15545353293418884,0.9819999933242798,0.5335000157356262
YML030W,YLR166C,0,-5.4783316,0.1554289311170578,0.9819999933242798,0.5335999727249146
YBR024W,YJR158W,0,-5.478384,0.15540432929992676,0.9819999933242798,0.5336999893188477
YKL120W,YDR156W,0,-5.4783945,0.1553797423839569,0.9819999933242798,0.5338000059127808
YIL041W,YDR162C,0,-5.4784746,0.15535517036914825,0.9819999933242798,0.5339000225067139
YER008C,YKL146W,0,-5.4788504,0.1553305983543396,0.9819999933242798,0.5339999794960022
YNL242W,YPL186C,0,-5.4788876,0.15530602633953094,0.9819999933242798,0.5340999960899353
YJR125C,YGL002W,0,-5.479208,0.15528146922588348,0.9819999933242798,0.5342000126838684
YDR115W,YHR178W,0,-5.479329,0.15525691211223602,0.9819999933242798,0.5343000292778015
YER078C,YOR036W,0,-5.4793644,0.15523236989974976,0.9819999933242798,0.5343999862670898
YJL018W,YLR210W,0,-5.479578,0.15520784258842468,0.9819999933242798,0.534500002861023
YJL115W,YKL148C,0,-5.4796715,0.1551833152770996,0.9819999933242798,0.534600019454956
YBR276C,YDR202C,0,-5.4800444,0.15515878796577454,0.9819999933242798,0.5346999764442444
YGR125W,YKL096W-A,0,-5.480057,0.15513427555561066,0.9819999933242798,0.5347999930381775
YER096W,YMR094W,0,-5.480197,0.15510977804660797,0.9819999933242798,0.5349000096321106
YOL130W,YBR271W,0,-5.4802923,0.15508528053760529,0.9819999933242798,0.5350000262260437
YPL202C,YDR079C-A,1,-5.4803715,0.1552186906337738,0.9829999804496765,0.5350000262260437
YOR232W,YLL045C,0,-5.4807177,0.15519419312477112,0.9829999804496765,0.535099983215332
YOL028C,YAR035W,0,-5.4808235,0.15516969561576843,0.9829999804496765,0.5351999998092651
YBR251W,YLR233C,0,-5.4811697,0.15514519810676575,0.9829999804496765,0.5353000164031982
YKL088W,YGL226C-A,0,-5.481247,0.15512071549892426,0.9829999804496765,0.5353999733924866
YJL178C,YMR300C,0,-5.4819775,0.15509624779224396,0.9829999804496765,0.5354999899864197
YOR070C,YGR041W,0,-5.482089,0.15507178008556366,0.9829999804496765,0.5356000065803528
YPR032W,YDR265W,0,-5.482106,0.15504731237888336,0.9829999804496765,0.5357000231742859
YOR083W,YBR059C,0,-5.482126,0.15502287447452545,0.9829999804496765,0.5357999801635742
YKL179C,YNL003C,0,-5.482195,0.15499842166900635,0.9829999804496765,0.5358999967575073
YDL069C,YIL026C,0,-5.482506,0.15497398376464844,0.9829999804496765,0.5360000133514404
YML066C,YLR228C,0,-5.4827604,0.15494956076145172,0.9829999804496765,0.5360999703407288
YBR110W,YHR027C,0,-5.483119,0.154925137758255,0.9829999804496765,0.5361999869346619
YKL199C,YOR005C,0,-5.4831676,0.15490072965621948,0.9829999804496765,0.536300003528595
YJR064W,YNL050C,0,-5.4833775,0.15487632155418396,0.9829999804496765,0.5364000201225281
YGR163W,YMR269W,0,-5.483491,0.15485192835330963,0.9829999804496765,0.5364999771118164
YMR204C,YDR411C,0,-5.4835043,0.1548275351524353,0.9829999804496765,0.5365999937057495
YPL108W,YOR344C,0,-5.483635,0.15480315685272217,0.9829999804496765,0.5367000102996826
YLR084C,YDR385W,0,-5.483968,0.15477877855300903,0.9829999804496765,0.5368000268936157
YOR142W,YIR017C,0,-5.4843855,0.1547544151544571,0.9829999804496765,0.536899983882904
YKR050W,YDL042C,0,-5.484705,0.15473005175590515,0.9829999804496765,0.5370000004768372
YER048W-A,YGR014W,0,-5.484764,0.1547057032585144,0.9829999804496765,0.5371000170707703
YOR208W,YML116W,0,-5.4848595,0.15468135476112366,0.9829999804496765,0.5371999740600586
YDR137W,YIR014W,0,-5.485035,0.1546570211648941,0.9829999804496765,0.5372999906539917
YOL031C,YNL252C,0,-5.485303,0.15463268756866455,0.9829999804496765,0.5374000072479248
YFR003C,YNR004W,0,-5.4853544,0.1546083688735962,0.9829999804496765,0.5375000238418579
YDR423C,YKL092C,0,-5.4855566,0.15458405017852783,0.9829999804496765,0.5375999808311462
YOR346W,YLL038C,0,-5.485758,0.15455974638462067,0.9829999804496765,0.5376999974250793
YOR222W,YJL046W,0,-5.4857607,0.1545354574918747,0.9829999804496765,0.5378000140190125
YBR110W,YPR018W,0,-5.4858227,0.15451115369796753,0.9829999804496765,0.5378999710083008
YGR166W,YMR090W,0,-5.4858932,0.15448687970638275,0.9829999804496765,0.5379999876022339
YOL033W,YHR143W,0,-5.4859467,0.15446260571479797,0.9829999804496765,0.538100004196167
YBR133C,YDR022C,0,-5.4860144,0.1544383317232132,0.9829999804496765,0.5382000207901001
YEL053C,YLR216C,0,-5.4860773,0.1544140726327896,0.9829999804496765,0.5382999777793884
YGL236C,YGR263C,0,-5.486417,0.15438982844352722,0.9829999804496765,0.5383999943733215
YNL101W,YNL146W,0,-5.48645,0.15436558425426483,0.9829999804496765,0.5385000109672546
YKR013W,YJR005W,0,-5.486677,0.15434134006500244,0.9829999804496765,0.5386000275611877
YDL014W,YIL134W,0,-5.486974,0.15431711077690125,0.9829999804496765,0.5386999845504761
YAL010C,YOL092W,0,-5.487032,0.15429289638996124,0.9829999804496765,0.5388000011444092
YMR086W,YJR031C,0,-5.4871683,0.15426868200302124,0.9829999804496765,0.5389000177383423
YLL019C,YJR149W,0,-5.487215,0.15424446761608124,0.9829999804496765,0.5389999747276306
YDL020C,YGL083W,0,-5.487335,0.15422026813030243,0.9829999804496765,0.5390999913215637
YBL074C,YER074W,0,-5.4877863,0.15419608354568481,0.9829999804496765,0.5392000079154968
YJL117W,YGR091W,0,-5.4881,0.1541718989610672,0.9829999804496765,0.5393000245094299
YLR035C-A,YGL077C,0,-5.488454,0.15414771437644958,0.9829999804496765,0.5393999814987183
YOR070C,YDR454C,0,-5.4887705,0.15412354469299316,0.9829999804496765,0.5394999980926514
YJR001W,YCL027W,0,-5.48884,0.15409938991069794,0.9829999804496765,0.5396000146865845
YOR188W,YLR025W,0,-5.4888916,0.1540752351284027,0.9829999804496765,0.5396999716758728
YBR294W,YDL058W,0,-5.489112,0.15405109524726868,0.9829999804496765,0.5397999882698059
YHR156C,YBR083W,0,-5.4891806,0.15402695536613464,0.9829999804496765,0.539900004863739
YJR152W,YKL139W,0,-5.4892635,0.1540028154850006,0.9829999804496765,0.5400000214576721
YDR314C,YBR088C,0,-5.489418,0.15397869050502777,0.9829999804496765,0.5400999784469604
YDR511W,YNL030W,0,-5.4894676,0.15395458042621613,0.9829999804496765,0.5401999950408936
YML028W,YLR164W,0,-5.489814,0.15393047034740448,0.9829999804496765,0.5403000116348267
YJL073W,YOL026C,0,-5.490572,0.15390637516975403,0.9829999804496765,0.5404000282287598
YMR036C,YGR189C,0,-5.490593,0.15388227999210358,0.9829999804496765,0.5404999852180481
YIL150C,YLR074C,0,-5.490757,0.15385819971561432,0.9829999804496765,0.5406000018119812
YLR309C,YGL224C,0,-5.491028,0.15383411943912506,0.9829999804496765,0.5407000184059143
YBR234C,YER074W,0,-5.4913273,0.1538100391626358,0.9829999804496765,0.5407999753952026
YNL315C,YIR009W,0,-5.491523,0.15378598868846893,0.9829999804496765,0.5408999919891357
YJL030W,YNL283C,0,-5.491749,0.15376192331314087,0.9829999804496765,0.5410000085830688
YBR104W,YOR020C,0,-5.4917526,0.153737872838974,0.9829999804496765,0.541100025177002
YJL164C,YGL256W,0,-5.491988,0.15371383726596832,0.9829999804496765,0.5411999821662903
YHR016C,YGL010W,0,-5.492009,0.15368980169296265,0.9829999804496765,0.5412999987602234
YLR035C-A,YKR009C,0,-5.492054,0.15366578102111816,0.9829999804496765,0.5414000153541565
YGL065C,YMR033W,0,-5.492197,0.15364176034927368,0.9829999804496765,0.5414999723434448
YOR064C,YMR150C,0,-5.492305,0.1536177545785904,0.9829999804496765,0.5415999889373779
YJR107W,YML058W,0,-5.4923143,0.1535937488079071,0.9829999804496765,0.541700005531311
YGR144W,YPR200C,0,-5.4923325,0.153569757938385,0.9829999804496765,0.5418000221252441
YDR099W,YGR075C,0,-5.492635,0.15354576706886292,0.9829999804496765,0.5418999791145325
YGL033W,YDR237W,0,-5.4929543,0.15352179110050201,0.9829999804496765,0.5419999957084656
YDR186C,YPL208W,0,-5.493124,0.1534978151321411,0.9829999804496765,0.5421000123023987
YMR204C,YDR245W,0,-5.493268,0.1534738540649414,0.9829999804496765,0.5422000288963318
YKL024C,YDR218C,0,-5.493293,0.1534498929977417,0.9829999804496765,0.5422999858856201
YDL115C,YER088C,0,-5.4933195,0.15342594683170319,0.9829999804496765,0.5424000024795532
YER124C,YAR044W,0,-5.493334,0.15340200066566467,0.9829999804496765,0.5425000190734863
YOR088W,YBR298C,0,-5.4934864,0.15337806940078735,0.9829999804496765,0.5425999760627747
YOL066C,YNL172W,0,-5.4935303,0.15335413813591003,0.9829999804496765,0.5426999926567078
YHR147C,YLR310C,0,-5.4935446,0.15333020687103271,0.9829999804496765,0.5428000092506409
YOR329C,YML060W,0,-5.4936447,0.15330630540847778,0.9829999804496765,0.542900025844574
YML130C,YGL155W,0,-5.493845,0.15328238904476166,0.9829999804496765,0.5429999828338623
YDR541C,YBR122C,0,-5.494548,0.15325850248336792,0.9829999804496765,0.5430999994277954
YNL222W,YGL207W,1,-5.4946566,0.15339049696922302,0.984000027179718,0.5430999994277954
YDR488C,YOL064C,0,-5.4948664,0.1533665806055069,0.984000027179718,0.5432000160217285
YBR056W,YHR056C,0,-5.494954,0.15334267914295197,0.984000027179718,0.5432999730110168
YOL043C,YLR187W,0,-5.494982,0.15331879258155823,0.984000027179718,0.54339998960495
YLR024C,YOR098C,0,-5.4957504,0.1532949060201645,0.984000027179718,0.5435000061988831
YOR230W,YJL210W,0,-5.495887,0.15327103435993195,0.984000027179718,0.5436000227928162
YDR099W,YKL096W,0,-5.496044,0.1532471626996994,0.984000027179718,0.5436999797821045
YGR295C,YMR043W,0,-5.496214,0.15322329103946686,0.984000027179718,0.5437999963760376
YLR014C,YMR043W,0,-5.4966393,0.1531994342803955,0.984000027179718,0.5439000129699707
YNL210W,YPR016C,0,-5.496682,0.15317559242248535,0.984000027179718,0.5440000295639038
YDR170W-A,YKL198C,0,-5.4969826,0.1531517505645752,0.984000027179718,0.5440999865531921
YHL013C,YPR165W,0,-5.4975986,0.15312792360782623,0.984000027179718,0.5442000031471252
YMR030W,YOR140W,0,-5.4976187,0.15310409665107727,0.984000027179718,0.5443000197410583
YLL050C,YOR326W,0,-5.4976435,0.1530802696943283,0.984000027179718,0.5443999767303467
YER078C,YBR243C,0,-5.4980917,0.15305645763874054,0.984000027179718,0.5444999933242798
YBR222C,YEL070W,0,-5.49852,0.15303266048431396,0.984000027179718,0.5446000099182129
YLR172C,YJR010W,0,-5.4986286,0.1530088633298874,0.984000027179718,0.544700026512146
YPL237W,YGR275W,0,-5.498826,0.152985081076622,0.984000027179718,0.5447999835014343
YCR102C,YHR003C,0,-5.4988375,0.15296129882335663,0.984000027179718,0.5449000000953674
YLL045C,YPR140W,0,-5.499485,0.15293751657009125,0.984000027179718,0.5450000166893005
YFL039C,YDL246C,0,-5.499673,0.15291374921798706,0.984000027179718,0.5450999736785889
YNL073W,YBR082C,0,-5.499777,0.15288999676704407,0.984000027179718,0.545199990272522
YML085C,YLR186W,0,-5.499817,0.15286624431610107,0.984000027179718,0.5453000068664551
YER027C,YLR051C,0,-5.5008516,0.15284249186515808,0.984000027179718,0.5454000234603882
YEL059C-A,YDR348C,0,-5.5010824,0.15281875431537628,0.984000027179718,0.5454999804496765
YOR251C,YML008C,0,-5.5011597,0.15279503166675568,0.984000027179718,0.5455999970436096
YBR228W,YFL014W,0,-5.5015793,0.15277130901813507,0.984000027179718,0.5457000136375427
YJR040W,YDR382W,0,-5.501786,0.15274760127067566,0.984000027179718,0.545799970626831
YGL168W,YDR143C,0,-5.50181,0.15272389352321625,0.984000027179718,0.5458999872207642
YPL149W,YPR204W,0,-5.501917,0.15270018577575684,0.984000027179718,0.5460000038146973
YKL199C,YKR101W,0,-5.501999,0.15267649292945862,0.984000027179718,0.5461000204086304
YBL046W,YHR042W,0,-5.5021114,0.1526528149843216,0.984000027179718,0.5461999773979187
YDL148C,YMR016C,0,-5.5025864,0.15262913703918457,0.984000027179718,0.5462999939918518
YNR057C,YNL149C,0,-5.5027075,0.15260545909404755,0.984000027179718,0.5464000105857849
YCL066W,YGR277C,0,-5.5029583,0.15258179605007172,0.984000027179718,0.546500027179718
YKL143W,YOL008W,0,-5.5031204,0.1525581330060959,0.984000027179718,0.5465999841690063
YDR479C,YPL072W,0,-5.5032816,0.15253448486328125,0.984000027179718,0.5467000007629395
YGR183C,YJR001W,0,-5.5034275,0.1525108516216278,0.984000027179718,0.5468000173568726
YML091C,YIL090W,0,-5.5035458,0.15248721837997437,0.984000027179718,0.5468999743461609
YNL257C,YFL021W,1,-5.5035934,0.15261852741241455,0.9850000143051147,0.5468999743461609
YNL310C,YJR097W,0,-5.5037804,0.1525948941707611,0.9850000143051147,0.546999990940094
YDR383C,YKR097W,0,-5.5038424,0.15257124602794647,0.9850000143051147,0.5471000075340271
YJR119C,YEL034W,0,-5.503849,0.15254762768745422,0.9850000143051147,0.5472000241279602
YER126C,YLR126C,0,-5.504092,0.15252399444580078,0.9850000143051147,0.5472999811172485
YDR163W,YFL033C,0,-5.5042896,0.15250039100646973,0.9850000143051147,0.5473999977111816
YBR058C,YKL096W-A,0,-5.504403,0.15247678756713867,0.9850000143051147,0.5475000143051147
YGL211W,YJR033C,0,-5.5045004,0.15245318412780762,0.9850000143051147,0.5475999712944031
YLR270W,YKR018C,0,-5.505047,0.15242959558963776,0.9850000143051147,0.5476999878883362
YCR024C-A,YMR179W,0,-5.505392,0.1524060070514679,0.9850000143051147,0.5478000044822693
YJL128C,YCR010C,0,-5.505601,0.15238241851329803,0.9850000143051147,0.5479000210762024
YLR356W,YFR042W,0,-5.5056314,0.15235885977745056,0.9850000143051147,0.5479999780654907
YIR025W,YLL012W,0,-5.505727,0.1523352861404419,0.9850000143051147,0.5480999946594238
YLR229C,YDL188C,0,-5.505822,0.15231174230575562,0.9850000143051147,0.5482000112533569
YPR201W,YCR043C,0,-5.506036,0.15228818356990814,0.9850000143051147,0.54830002784729
YMR047C,YPR047W,0,-5.506424,0.15226463973522186,0.9850000143051147,0.5483999848365784
YDR174W,YFR028C,0,-5.506426,0.15224111080169678,0.9850000143051147,0.5485000014305115
YHR083W,YHR016C,0,-5.5065346,0.1522175818681717,0.9850000143051147,0.5486000180244446
YPL048W,YGR113W,0,-5.5069695,0.1521940678358078,0.9850000143051147,0.5486999750137329
YNL002C,YDL004W,0,-5.506974,0.1521705538034439,0.9850000143051147,0.548799991607666
YAL021C,YDR044W,0,-5.5072193,0.1521470546722412,0.9850000143051147,0.5489000082015991
YLR459W,YPR119W,0,-5.5073586,0.1521235555410385,0.9850000143051147,0.5490000247955322
YDL236W,YFL037W,0,-5.5073614,0.15210005640983582,0.9850000143051147,0.5490999817848206
YIL134W,YBR125C,0,-5.507677,0.1520765721797943,0.9850000143051147,0.5491999983787537
YER168C,YDR524C,0,-5.5077515,0.152053102850914,0.9850000143051147,0.5493000149726868
YJR007W,YKL183W,0,-5.507843,0.1520296335220337,0.9850000143051147,0.5493999719619751
YBR293W,YNL126W,0,-5.508481,0.15200617909431458,0.9850000143051147,0.5494999885559082
YFL017W-A,YHR136C,0,-5.5087185,0.15198272466659546,0.9850000143051147,0.5496000051498413
YMR117C,YHR153C,0,-5.5087366,0.15195927023887634,0.9850000143051147,0.5497000217437744
YML094W,YLR414C,0,-5.5089273,0.15193583071231842,0.9850000143051147,0.5497999787330627
YNL070W,YGR276C,0,-5.5089645,0.1519124060869217,0.9850000143051147,0.5498999953269958
YMR029C,YLR139C,0,-5.5091143,0.15188898146152496,0.9850000143051147,0.550000011920929
YML014W,YDR307W,0,-5.509161,0.15186555683612823,0.9850000143051147,0.5501000285148621
YBR228W,YOL158C,0,-5.509221,0.1518421471118927,0.9850000143051147,0.5501999855041504
YDR155C,YLR016C,0,-5.509246,0.15181873738765717,0.9850000143051147,0.5503000020980835
YER003C,YDR495C,0,-5.509573,0.15179534256458282,0.9850000143051147,0.5504000186920166
YDR501W,YMR043W,0,-5.5099144,0.15177196264266968,0.9850000143051147,0.5504999756813049
YNR063W,YLR096W,0,-5.5099564,0.15174856781959534,0.9850000143051147,0.550599992275238
YNR026C,YKR048C,0,-5.509987,0.15172520279884338,0.9850000143051147,0.5507000088691711
YDR332W,YDR239C,0,-5.5100965,0.15170183777809143,0.9850000143051147,0.5508000254631042
YKL178C,YHR003C,0,-5.510227,0.15167847275733948,0.9850000143051147,0.5508999824523926
YIL122W,YGL040C,0,-5.5102625,0.15165512263774872,0.9850000143051147,0.5509999990463257
YPL194W,YPR073C,0,-5.51062,0.15163177251815796,0.9850000143051147,0.5511000156402588
YMR309C,YGL153W,0,-5.5108156,0.1516084372997284,0.9850000143051147,0.5511999726295471
YDR338C,YER042W,0,-5.511039,0.15158510208129883,0.9850000143051147,0.5512999892234802
YMR121C,YJR112W,0,-5.511441,0.15156178176403046,0.9850000143051147,0.5514000058174133
YGL184C,YPL269W,0,-5.5117044,0.15153846144676208,0.9850000143051147,0.5515000224113464
YOR275C,YGL187C,0,-5.511718,0.1515151560306549,0.9850000143051147,0.5515999794006348
YDR170W-A,YPR112C,0,-5.5118303,0.15149185061454773,0.9850000143051147,0.5516999959945679
YDR443C,YNL299W,0,-5.511965,0.15146856009960175,0.9850000143051147,0.551800012588501
YMR043W,YLR278C,0,-5.512044,0.15144526958465576,0.9850000143051147,0.5519000291824341
YDR202C,YHR044C,0,-5.512144,0.15142197906970978,0.9850000143051147,0.5519999861717224
YHR216W,YOL018C,0,-5.5123796,0.151398703455925,0.9850000143051147,0.5521000027656555
YGL185C,YNL148C,0,-5.512518,0.1513754427433014,0.9850000143051147,0.5522000193595886
YNL096C,YLR132C,0,-5.512536,0.1513521820306778,0.9850000143051147,0.552299976348877
YIL103W,YCL055W,0,-5.512561,0.1513289362192154,0.9850000143051147,0.5523999929428101
YMR135C,YGR189C,0,-5.512575,0.151305690407753,0.9850000143051147,0.5525000095367432
YOL100W,YNR008W,0,-5.512578,0.1512824445962906,0.9850000143051147,0.5526000261306763
YGR156W,YOL108C,0,-5.512624,0.15125921368598938,0.9850000143051147,0.5526999831199646
YCR102C,YEL002C,0,-5.5127068,0.15123598277568817,0.9850000143051147,0.5527999997138977
YPL060W,YMR244C-A,0,-5.5128946,0.15121276676654816,0.9850000143051147,0.5529000163078308
YOR369C,YER184C,0,-5.5132275,0.15118956565856934,0.9850000143051147,0.5529999732971191
YML028W,YBR290W,0,-5.5135126,0.15116636455059052,0.9850000143051147,0.5530999898910522
YEL047C,YMR023C,0,-5.513689,0.1511431634426117,0.9850000143051147,0.5532000064849854
YNL314W,YOL067C,1,-5.513788,0.15127339959144592,0.9860000014305115,0.5532000064849854
YLR369W,YBR286W,0,-5.5138254,0.1512501984834671,0.9860000014305115,0.5533000230789185
YPL150W,YMR301C,0,-5.5138893,0.15122699737548828,0.9860000014305115,0.5533999800682068
YCR039C,YMR311C,0,-5.5139637,0.15120379626750946,0.9860000014305115,0.5534999966621399
YDR310C,YML116W,0,-5.5140066,0.15118062496185303,0.9860000014305115,0.553600013256073
YAR027W,YDL066W,0,-5.5140486,0.1511574387550354,0.9860000014305115,0.5536999702453613
YDL120W,YJR134C,0,-5.514329,0.15113426744937897,0.9860000014305115,0.5537999868392944
YCL055W,YER019W,0,-5.5145426,0.15111111104488373,0.9860000014305115,0.5539000034332275
YKL216W,YNL245C,0,-5.514618,0.1510879546403885,0.9860000014305115,0.5540000200271606
YNL254C,YDR487C,0,-5.514882,0.15106481313705444,0.9860000014305115,0.554099977016449
YOL146W,YIL002C,0,-5.5148973,0.1510416716337204,0.9860000014305115,0.5541999936103821
YAL044C,YLR186W,0,-5.5150843,0.15101853013038635,0.9860000014305115,0.5543000102043152
YML125C,YGL090W,0,-5.5155,0.1509954035282135,0.9860000014305115,0.5544000267982483
YLR047C,YDR288W,0,-5.5158052,0.15097229182720184,0.9860000014305115,0.5544999837875366
YIL129C,YOL086C,0,-5.5160513,0.15094918012619019,0.9860000014305115,0.5546000003814697
YJR051W,YCR092C,0,-5.5161896,0.15092606842517853,0.9860000014305115,0.5547000169754028
YHR008C,YBL020W,0,-5.5163097,0.15090297162532806,0.9860000014305115,0.5547999739646912
YLR297W,YHL007C,0,-5.516618,0.1508798748254776,0.9860000014305115,0.5548999905586243
YDR090C,YDR363W,0,-5.5167084,0.15085679292678833,0.9860000014305115,0.5550000071525574
YFR051C,YHR203C,0,-5.516859,0.15083371102809906,0.9860000014305115,0.5551000237464905
YMR211W,YGL186C,0,-5.516905,0.15081064403057098,0.9860000014305115,0.5551999807357788
YDR210W,YPL074W,0,-5.5173855,0.1507875770330429,0.9860000014305115,0.5552999973297119
YLR129W,YPL101W,0,-5.517421,0.15076452493667603,0.9860000014305115,0.555400013923645
YFR036W,YNR041C,0,-5.5176535,0.15074147284030914,0.9860000014305115,0.5554999709129333
YPL031C,YBL018C,0,-5.5177,0.15071843564510345,0.9860000014305115,0.5555999875068665
YBR154C,YGR169C,0,-5.517702,0.15069539844989777,0.9860000014305115,0.5557000041007996
YGL210W,YNR017W,0,-5.517743,0.15067237615585327,0.9860000014305115,0.5558000206947327
YMR173W,YLR224W,0,-5.517831,0.15064935386180878,0.9860000014305115,0.555899977684021
YDR032C,YPL281C,0,-5.517849,0.15062633156776428,0.9860000014305115,0.5559999942779541
YOR208W,YHL001W,0,-5.5178766,0.15060332417488098,0.9860000014305115,0.5561000108718872
YIL050W,YLR210W,0,-5.5180664,0.15058033168315887,0.9860000014305115,0.5562000274658203
YMR078C,YGL125W,0,-5.5182962,0.15055733919143677,0.9860000014305115,0.5562999844551086
YNL172W,YHR061C,0,-5.5183153,0.15053434669971466,0.9860000014305115,0.5564000010490417
YNR041C,YGL150C,0,-5.5185394,0.15051136910915375,0.9860000014305115,0.5565000176429749
YHR079C-A,YPL032C,0,-5.518696,0.15048840641975403,0.9860000014305115,0.5565999746322632
YML111W,YLL033W,0,-5.5191803,0.15046542882919312,0.9860000014305115,0.5566999912261963
YDR174W,YPL249C,0,-5.519208,0.1504424810409546,0.9860000014305115,0.5568000078201294
YOR327C,YLR233C,0,-5.519227,0.15041953325271606,0.9860000014305115,0.5569000244140625
YGR109C,YBR095C,0,-5.5195312,0.15039658546447754,0.9860000014305115,0.5569999814033508
YOR061W,YDR465C,0,-5.519561,0.1503736525774002,0.9860000014305115,0.5570999979972839
YLR403W,YIL072W,0,-5.51987,0.15035071969032288,0.9860000014305115,0.557200014591217
YMR083W,YBR096W,0,-5.5202017,0.15032778680324554,0.9860000014305115,0.5572999715805054
YDR155C,YJL122W,0,-5.5207872,0.1503048837184906,0.9860000014305115,0.5573999881744385
YCL018W,YMR160W,0,-5.5209446,0.15028196573257446,0.9860000014305115,0.5575000047683716
YER166W,YGL137W,0,-5.5210514,0.15025906264781952,0.9860000014305115,0.5576000213623047
YNL058C,YDR534C,0,-5.521118,0.15023617446422577,0.9860000014305115,0.557699978351593
YPL194W,YGR183C,0,-5.5216446,0.15021328628063202,0.9860000014305115,0.5577999949455261
YGR209C,YDL085W,0,-5.5218973,0.15019039809703827,0.9860000014305115,0.5579000115394592
YHR041C,YHR045W,0,-5.52192,0.1501675248146057,0.9860000014305115,0.5580000281333923
YNL147W,YDL127W,0,-5.522131,0.15014466643333435,0.9860000014305115,0.5580999851226807
YDR211W,YDR146C,0,-5.522768,0.150121808052063,0.9860000014305115,0.5582000017166138
YOR270C,YOL124C,0,-5.5228815,0.15009894967079163,0.9860000014305115,0.5583000183105469
YBR074W,YDR146C,0,-5.523034,0.15007610619068146,0.9860000014305115,0.5583999752998352
YJR032W,YPL024W,0,-5.523052,0.1500532627105713,0.9860000014305115,0.5584999918937683
YGL207W,YNL314W,1,-5.523432,0.1501825898885727,0.9869999885559082,0.5584999918937683
YKR068C,YMR043W,0,-5.523449,0.15015974640846252,0.9869999885559082,0.5586000084877014
YJL028W,YML051W,0,-5.523512,0.15013690292835236,0.9869999885559082,0.5587000250816345
YER112W,YKL203C,0,-5.5240707,0.15011407434940338,0.9869999885559082,0.5587999820709229
YJL176C,YEL070W,0,-5.5242043,0.1500912457704544,0.9869999885559082,0.558899998664856
YEL054C,YNR022C,0,-5.524596,0.15006841719150543,0.9869999885559082,0.5590000152587891
YOR201C,YMR160W,0,-5.524847,0.15004560351371765,0.9869999885559082,0.5590999722480774
YML056C,YPL104W,0,-5.5249243,0.15002280473709106,0.9869999885559082,0.5591999888420105
YNL291C,YKR030W,0,-5.525159,0.15000000596046448,0.9869999885559082,0.5593000054359436
YOR171C,YBL042C,0,-5.5252714,0.1499772071838379,0.9869999885559082,0.5594000220298767
YML111W,YML037C,0,-5.525316,0.1499544233083725,0.9869999885559082,0.559499979019165
YPR166C,YNL012W,0,-5.5253563,0.1499316394329071,0.9869999885559082,0.5595999956130981
YDR239C,YCR054C,0,-5.525485,0.1499088704586029,0.9869999885559082,0.5597000122070312
YGL065C,YCL050C,0,-5.5258226,0.1498861014842987,0.9869999885559082,0.5598000288009644
YOL043C,YEL031W,0,-5.5259,0.1498633474111557,0.9869999885559082,0.5598999857902527
YDL069C,YBR243C,0,-5.526083,0.1498405933380127,0.9869999885559082,0.5600000023841858
YGR171C,YMR032W,0,-5.5263147,0.14981785416603088,0.9869999885559082,0.5601000189781189
YDR090C,YHL004W,0,-5.526332,0.14979511499404907,0.9869999885559082,0.5601999759674072
YPL164C,YDR180W,0,-5.5263577,0.14977237582206726,0.9869999885559082,0.5602999925613403
YJR007W,YDR538W,0,-5.5264435,0.14974965155124664,0.9869999885559082,0.5604000091552734
YOR130C,YCR028C-A,0,-5.5264616,0.14972694218158722,0.9869999885559082,0.5605000257492065
YHL044W,YBR106W,0,-5.526476,0.1497042328119278,0.9869999885559082,0.5605999827384949
YJR126C,YPR020W,0,-5.5266027,0.14968152344226837,0.9869999885559082,0.560699999332428
YDR383C,YGL180W,0,-5.5270185,0.14965882897377014,0.9869999885559082,0.5608000159263611
YDR479C,YGR041W,0,-5.527258,0.1496361494064331,0.9869999885559082,0.5608999729156494
YGR261C,YMR089C,0,-5.527605,0.14961345493793488,0.9869999885559082,0.5609999895095825
YDL067C,YLR353W,0,-5.527897,0.14959079027175903,0.9869999885559082,0.5611000061035156
YNL128W,YGL257C,0,-5.5279064,0.149568110704422,0.9869999885559082,0.5612000226974487
YDL192W,YFL010W-A,0,-5.5280523,0.14954546093940735,0.9869999885559082,0.5612999796867371
YBR179C,YHL027W,0,-5.528409,0.1495227962732315,0.9869999885559082,0.5613999962806702
YFL047W,YNL113W,0,-5.5288725,0.14950014650821686,0.9869999885559082,0.5615000128746033
YBR127C,YJR017C,0,-5.528908,0.1494775116443634,0.9869999885559082,0.5616000294685364
YGR171C,YML110C,0,-5.5290594,0.14945487678050995,0.9869999885559082,0.5616999864578247
YDL030W,YDR496C,0,-5.5292177,0.1494322419166565,0.9869999885559082,0.5618000030517578
YHR074W,YNL309W,0,-5.5292263,0.14940962195396423,0.9869999885559082,0.5619000196456909
YLR356W,YPL112C,0,-5.5292377,0.14938701689243317,0.9869999885559082,0.5619999766349792
YGL033W,YPR035W,0,-5.5293016,0.1493644118309021,0.9869999885559082,0.5620999932289124
YJR009C,YMR162C,0,-5.5293474,0.14934180676937103,0.9869999885559082,0.5622000098228455
YLR240W,YLR289W,0,-5.529353,0.14931921660900116,0.9869999885559082,0.5623000264167786
YMR109W,YIL076W,0,-5.5294275,0.1492966264486313,0.9869999885559082,0.5623999834060669
YKL201C,YIL066C,0,-5.529456,0.1492740511894226,0.9869999885559082,0.5625
YDR405W,YIL061C,0,-5.5295773,0.14925147593021393,0.9869999885559082,0.5626000165939331
YIR013C,YGR191W,0,-5.529601,0.14922891557216644,0.9869999885559082,0.5626999735832214
YMR164C,YKL109W,0,-5.5297403,0.14920635521411896,0.9869999885559082,0.5627999901771545
YDR139C,YMR038C,0,-5.529894,0.14918379485607147,0.9869999885559082,0.5629000067710876
YBR127C,YPL089C,0,-5.5300913,0.14916124939918518,0.9869999885559082,0.5630000233650208
YJL117W,YDR279W,0,-5.531143,0.14913871884346008,0.9869999885559082,0.5630999803543091
YKL090W,YLR353W,0,-5.531316,0.1491161733865738,0.9869999885559082,0.5631999969482422
YBR133C,YPL003W,0,-5.531373,0.1490936577320099,0.9869999885559082,0.5633000135421753
YAL021C,YDL030W,0,-5.531515,0.14907114207744598,0.9869999885559082,0.5633999705314636
YMR295C,YDR530C,0,-5.5317297,0.14904862642288208,0.9869999885559082,0.5634999871253967
YOR257W,YKL096W-A,0,-5.532344,0.14902612566947937,0.9869999885559082,0.5636000037193298
YDR265W,YCL025C,0,-5.5329046,0.14900362491607666,0.9869999885559082,0.5637000203132629
YPL167C,YDR519W,0,-5.5329075,0.14898113906383514,0.9869999885559082,0.5637999773025513
YJR010C-A,YER025W,0,-5.533145,0.14895865321159363,0.9869999885559082,0.5638999938964844
YMR029C,YIL138C,0,-5.533209,0.1489361673593521,0.9869999885559082,0.5640000104904175
YOR362C,YJR025C,0,-5.5332766,0.1489136964082718,0.9869999885559082,0.5641000270843506
YLL035W,YGR209C,0,-5.533308,0.14889124035835266,0.9869999885559082,0.5641999840736389
YLR147C,YLR342W,0,-5.533331,0.14886878430843353,0.9869999885559082,0.564300000667572
YDR239C,YMR119W,0,-5.5338182,0.1488463282585144,0.9869999885559082,0.5644000172615051
YDL180W,YKR092C,0,-5.533828,0.14882388710975647,0.9869999885559082,0.5644999742507935
YPL104W,YOL090W,0,-5.534049,0.14880144596099854,0.9869999885559082,0.5645999908447266
YCL043C,YGR282C,0,-5.5349646,0.1487790197134018,0.9869999885559082,0.5647000074386597
YLR105C,YCR040W,0,-5.53545,0.14875659346580505,0.9869999885559082,0.5648000240325928
YLL029W,YOR321W,0,-5.535472,0.1487341821193695,0.9869999885559082,0.5648999810218811
YOR069W,YJL051W,0,-5.5354853,0.14871177077293396,0.9869999885559082,0.5649999976158142
YIR032C,YPL024W,0,-5.535676,0.1486893594264984,0.9869999885559082,0.5651000142097473
YOR388C,YIL138C,0,-5.535803,0.14866696298122406,0.9869999885559082,0.5651999711990356
YPR133W-A,YDR421W,0,-5.535816,0.1486445814371109,0.9869999885559082,0.5652999877929688
YHR002W,YMR305C,0,-5.5359898,0.14862219989299774,0.9869999885559082,0.5654000043869019
YBR040W,YDR044W,0,-5.5360565,0.14859981834888458,0.9869999885559082,0.565500020980835
YDR027C,YHR161C,0,-5.536317,0.14857745170593262,0.9869999885559082,0.5655999779701233
YJL209W,YBR167C,0,-5.5363455,0.14855508506298065,0.9869999885559082,0.5656999945640564
YMR278W,YGR152C,0,-5.5366125,0.14853273332118988,0.9869999885559082,0.5658000111579895
YKL152C,YHR129C,0,-5.5367556,0.1485103815793991,0.9869999885559082,0.5659000277519226
YOR126C,YEL003W,0,-5.5368376,0.14848804473876953,0.9869999885559082,0.5659999847412109
YDR214W,YJL036W,0,-5.5370464,0.14846570789813995,0.9869999885559082,0.566100001335144
YMR086W,YMR290C,0,-5.537175,0.14844337105751038,0.9869999885559082,0.5662000179290771
YNL217W,YDR034C,0,-5.537181,0.148421049118042,0.9869999885559082,0.5662999749183655
YBR037C,YJR082C,0,-5.5372076,0.1483987420797348,0.9869999885559082,0.5663999915122986
YDR027C,YPL072W,0,-5.5372143,0.1483764350414276,0.9869999885559082,0.5665000081062317
YDR524C,YKR018C,0,-5.537286,0.14835412800312042,0.9869999885559082,0.5666000247001648
YEL053C,YMR143W,0,-5.53738,0.14833183586597443,0.9869999885559082,0.5666999816894531
YBR204C,YOR255W,0,-5.537425,0.14830954372882843,0.9869999885559082,0.5667999982833862
YDR155C,YER183C,0,-5.5374336,0.14828726649284363,0.9869999885559082,0.5669000148773193
YJR044C,YCR014C,0,-5.537656,0.14826498925685883,0.9869999885559082,0.5669999718666077
YOR196C,YDR155C,0,-5.537904,0.14824271202087402,0.9869999885559082,0.5670999884605408
YMR167W,YDL055C,0,-5.537942,0.14822044968605042,0.9869999885559082,0.5672000050544739
YNL270C,YNL244C,0,-5.5379496,0.148198202252388,0.9869999885559082,0.567300021648407
YNL305C,YMR145C,0,-5.5381002,0.14817595481872559,0.9869999885559082,0.5673999786376953
YOR329C,YMR283C,0,-5.5386915,0.14815370738506317,0.9869999885559082,0.5674999952316284
YJL018W,YNL264C,0,-5.539007,0.14813147485256195,0.9869999885559082,0.5676000118255615
YNR012W,YGR195W,0,-5.5392284,0.14810924232006073,0.9869999885559082,0.5677000284194946
YBR031W,YDL067C,0,-5.539233,0.1480870246887207,0.9869999885559082,0.567799985408783
YPL149W,YLR127C,0,-5.539605,0.14806480705738068,0.9869999885559082,0.5679000020027161
YPL017C,YPR033C,0,-5.5397663,0.14804260432720184,0.9869999885559082,0.5680000185966492
YGR221C,YHR085W,0,-5.5397863,0.148020401597023,0.9869999885559082,0.5680999755859375
YIL051C,YFR044C,0,-5.5399866,0.14799819886684418,0.9869999885559082,0.5681999921798706
YNL037C,YML085C,0,-5.5400496,0.14797601103782654,0.9869999885559082,0.5683000087738037
YML129C,YKL172W,0,-5.5403643,0.1479538232088089,0.9869999885559082,0.5684000253677368
YML014W,YMR277W,0,-5.5403996,0.14793165028095245,0.9869999885559082,0.5684999823570251
YOR351C,YEL062W,0,-5.5407743,0.1479094922542572,0.9869999885559082,0.5685999989509583
YER157W,YJL052W,0,-5.5408983,0.14788731932640076,0.9869999885559082,0.5687000155448914
YAL010C,YNL110C,0,-5.541298,0.1478651612997055,0.9869999885559082,0.5687999725341797
YBR203W,YDR097C,0,-5.5417147,0.14784301817417145,0.9869999885559082,0.5688999891281128
YDR385W,YOR326W,0,-5.541954,0.1478208750486374,0.9869999885559082,0.5690000057220459
YDL200C,YER051W,0,-5.542104,0.14779874682426453,0.9869999885559082,0.569100022315979
YGR249W,YDL180W,0,-5.5423784,0.14777661859989166,0.9869999885559082,0.5691999793052673
YER086W,YBR083W,0,-5.542412,0.1477544903755188,0.9869999885559082,0.5692999958992004
YAR018C,YMR165C,0,-5.542486,0.14773237705230713,0.9869999885559082,0.5694000124931335
YHR176W,YLR446W,0,-5.542569,0.14771026372909546,0.9869999885559082,0.5695000290870667
YOL066C,YHR082C,0,-5.5426083,0.14768816530704498,0.9869999885559082,0.569599986076355
YIL157C,YLR148W,0,-5.542701,0.1476660668849945,0.9869999885559082,0.5697000026702881
YOR130C,YHR140W,0,-5.543376,0.14764398336410522,0.9869999885559082,0.5698000192642212
YLR414C,YLR020C,0,-5.5438786,0.14762189984321594,0.9869999885559082,0.5698999762535095
YDR090C,YHR047C,0,-5.5439987,0.14759981632232666,0.9869999885559082,0.5699999928474426
YML104C,YGL191W,0,-5.5440216,0.14757774770259857,0.9869999885559082,0.5701000094413757
YDR332W,YMR034C,0,-5.544153,0.14755569398403168,0.9869999885559082,0.5702000260353088
YLR128W,YCL075W,0,-5.544242,0.1475336253643036,0.9869999885559082,0.5702999830245972
YLR276C,YNL115C,0,-5.544595,0.1475115865468979,0.9869999885559082,0.5703999996185303
YHR166C,YEL055C,0,-5.544595,0.147489532828331,0.9869999885559082,0.5705000162124634
YHR092C,YLR070C,0,-5.544615,0.1474675089120865,0.9869999885559082,0.5705999732017517
YGR255C,YPL214C,0,-5.5448694,0.1474454700946808,0.9869999885559082,0.5706999897956848
YOR128C,YOR243C,0,-5.545024,0.14742344617843628,0.9869999885559082,0.5708000063896179
YHR092C,YHR082C,0,-5.5451183,0.14740143716335297,0.9869999885559082,0.570900022983551
YJL159W,YOR351C,0,-5.545312,0.14737942814826965,0.9869999885559082,0.5709999799728394
YOR038C,YJL164C,0,-5.5460615,0.14735741913318634,0.9869999885559082,0.5710999965667725
YOR311C,YNR011C,0,-5.546256,0.14733542501926422,0.9869999885559082,0.5712000131607056
YGL065C,YBR264C,0,-5.5463686,0.1473134309053421,0.9869999885559082,0.5713000297546387
YDL077C,YNL095C,0,-5.5467606,0.14729145169258118,0.9869999885559082,0.571399986743927
YJL118W,YGR035C,0,-5.5476637,0.14726947247982025,0.9869999885559082,0.5715000033378601
YOL155C,YGR058W,0,-5.5476665,0.14724750816822052,0.9869999885559082,0.5716000199317932
YDR032C,YGR012W,0,-5.54784,0.1472255438566208,0.9869999885559082,0.5716999769210815
YCR024C-A,YMR097C,0,-5.548109,0.14720357954502106,0.9869999885559082,0.5717999935150146
YBL055C,YOR298C-A,0,-5.5482903,0.14718163013458252,0.9869999885559082,0.5719000101089478
YDL122W,YBR105C,0,-5.5484104,0.14715968072414398,0.9869999885559082,0.5720000267028809
YOR389W,YNL202W,0,-5.5484295,0.14713774621486664,0.9869999885559082,0.5720999836921692
YGR192C,YGL029W,0,-5.5485115,0.1471158117055893,0.9869999885559082,0.5722000002861023
YNL222W,YBR198C,1,-5.5485506,0.14724291861057281,0.9879999756813049,0.5722000002861023
YGL185C,YLR268W,0,-5.548624,0.14722098410129547,0.9879999756813049,0.5723000168800354
YJR040W,YNL071W,0,-5.548704,0.14719904959201813,0.9879999756813049,0.5723999738693237
YLR134W,YOR349W,0,-5.5487785,0.14717711508274078,0.9879999756813049,0.5724999904632568
YML065W,YPR113W,0,-5.54939,0.14715519547462463,0.9879999756813049,0.5726000070571899
YBL098W,YNL339C,0,-5.5495243,0.14713329076766968,0.9879999756813049,0.572700023651123
YLR155C,YOR124C,0,-5.5495977,0.14711137115955353,0.9879999756813049,0.5727999806404114
YDL132W,YER111C,0,-5.54984,0.14708948135375977,0.9879999756813049,0.5728999972343445
YDR524C,YPR048W,0,-5.5499096,0.1470675766468048,0.9879999756813049,0.5730000138282776
YOL138C,YPL160W,0,-5.5499516,0.14704568684101105,0.9879999756813049,0.5730999708175659
YDL064W,YGL229C,0,-5.550267,0.14702381193637848,0.9879999756813049,0.573199987411499
YGR023W,YDL168W,0,-5.550336,0.1470019370317459,0.9879999756813049,0.5733000040054321
YGR256W,YIL172C,0,-5.5504646,0.14698006212711334,0.9879999756813049,0.5734000205993652
YLR431C,YMR311C,0,-5.5507574,0.14695820212364197,0.9879999756813049,0.5734999775886536
YFL047W,YHL009C,0,-5.55097,0.1469363421201706,0.9879999756813049,0.5735999941825867
YHR184W,YML022W,0,-5.5512066,0.1469144970178604,0.9879999756813049,0.5737000107765198
YCR040W,YGL077C,0,-5.551715,0.14689265191555023,0.9879999756813049,0.5738000273704529
YFR045W,YJL184W,0,-5.552041,0.14687082171440125,0.9879999756813049,0.5738999843597412
YKL088W,YMR043W,0,-5.552087,0.14684899151325226,0.9879999756813049,0.5740000009536743
YBR302C,YLR453C,0,-5.5521507,0.14682716131210327,0.9879999756813049,0.5741000175476074
YDR065W,YJR053W,0,-5.552224,0.14680534601211548,0.9879999756813049,0.5741999745368958
YGL233W,YOR233W,0,-5.5523434,0.14678354561328888,0.9879999756813049,0.5742999911308289
YOR219C,YMR130W,0,-5.552492,0.1467617303133011,0.9879999756813049,0.574400007724762
YHR056C,YMR172W,0,-5.552513,0.14673994481563568,0.9879999756813049,0.5745000243186951
YDR511W,YPR048W,0,-5.552969,0.14671814441680908,0.9879999756813049,0.5745999813079834
YGR252W,YPR028W,0,-5.55299,0.14669635891914368,0.9879999756813049,0.5746999979019165
YOR215C,YHR178W,0,-5.553378,0.14667458832263947,0.9879999756813049,0.5748000144958496
YGR172C,YIL124W,0,-5.553445,0.14665281772613525,0.9879999756813049,0.5748999714851379
YAL021C,YDR499W,0,-5.55394,0.14663104712963104,0.9879999756813049,0.574999988079071
YCR094W,YOR381W,0,-5.554141,0.14660929143428802,0.9879999756813049,0.5751000046730042
YPL118W,YBR297W,0,-5.554221,0.146587535738945,0.9879999756813049,0.5752000212669373
YDR529C,YAR018C,0,-5.55427,0.14656579494476318,0.9879999756813049,0.5752999782562256
YDL206W,YJL087C,0,-5.554304,0.14654405415058136,0.9879999756813049,0.5753999948501587
YNL315C,YPL244C,0,-5.554597,0.14652231335639954,0.9879999756813049,0.5755000114440918
YNL222W,YAL001C,1,-5.555297,0.14664886891841888,0.9890000224113464,0.5755000114440918
YCR047C,YHR216W,0,-5.555764,0.14662712812423706,0.9890000224113464,0.5756000280380249
YDL178W,YNR067C,0,-5.5558434,0.14660540223121643,0.9890000224113464,0.5756999850273132
YLR078C,YNL208W,0,-5.5559816,0.1465836614370346,0.9890000224113464,0.5758000016212463
YGR227W,YGR175C,0,-5.5559864,0.14656195044517517,0.9890000224113464,0.5759000182151794
YIL042C,YIL049W,0,-5.5562153,0.14654022455215454,0.9890000224113464,0.5759999752044678
YBR052C,YKR029C,0,-5.5562544,0.1465185135602951,0.9890000224113464,0.5760999917984009
YDL044C,YNL005C,0,-5.5562706,0.14649681746959686,0.9890000224113464,0.576200008392334
YHR200W,YEL017C-A,0,-5.556407,0.14647512137889862,0.9890000224113464,0.5763000249862671
YIR025W,YLL039C,0,-5.5565233,0.14645342528820038,0.9890000224113464,0.5763999819755554
YML091C,YGL145W,0,-5.55653,0.14643174409866333,0.9890000224113464,0.5764999985694885
YER101C,YNL264C,0,-5.5565386,0.14641006290912628,0.9890000224113464,0.5766000151634216
YKL101W,YIL049W,0,-5.5567665,0.14638839662075043,0.9890000224113464,0.57669997215271
YKL186C,YDR245W,0,-5.556919,0.14636673033237457,0.9890000224113464,0.5767999887466431
YMR200W,YJL156C,0,-5.557063,0.1463450789451599,0.9890000224113464,0.5769000053405762
YCL052C,YGL232W,0,-5.557296,0.14632342755794525,0.9890000224113464,0.5770000219345093
YHR211W,YPL024W,0,-5.557826,0.1463017761707306,0.9890000224113464,0.5770999789237976
YOR251C,YNL110C,0,-5.558058,0.14628013968467712,0.9890000224113464,0.5771999955177307
YBL102W,YKL201C,0,-5.5581493,0.14625850319862366,0.9890000224113464,0.5773000121116638
YFL048C,YOR321W,0,-5.55826,0.14623688161373138,0.9890000224113464,0.5774000287055969
YPR054W,YOR214C,0,-5.558482,0.1462152600288391,0.9890000224113464,0.5774999856948853
YGR167W,YFL037W,0,-5.5586386,0.14619363844394684,0.9890000224113464,0.5776000022888184
YLR438C-A,YDR210W,0,-5.558733,0.14617203176021576,0.9890000224113464,0.5777000188827515
YKL100C,YGL119W,0,-5.5590897,0.14615043997764587,0.9890000224113464,0.5777999758720398
YDR454C,YPR029C,0,-5.559143,0.146128848195076,0.9890000224113464,0.5778999924659729
YDR210W,YNL189W,0,-5.55943,0.1461072564125061,0.9890000224113464,0.578000009059906
YHR062C,YLR089C,0,-5.559601,0.1460856795310974,0.9890000224113464,0.5781000256538391
YHR041C,YLR376C,0,-5.559664,0.14606410264968872,0.9890000224113464,0.5781999826431274
YPR054W,YHR061C,0,-5.5597506,0.14604252576828003,0.9890000224113464,0.5782999992370605
YEL071W,YJR055W,0,-5.559842,0.14602096378803253,0.9890000224113464,0.5784000158309937
YJR045C,YHR032W,0,-5.559861,0.14599941670894623,0.9890000224113464,0.578499972820282
YIL177C,YNL003C,0,-5.5599375,0.14597785472869873,0.9890000224113464,0.5785999894142151
YKL143W,YBR238C,0,-5.5600624,0.14595632255077362,0.9890000224113464,0.5787000060081482
YAR008W,YGR056W,0,-5.56011,0.14593477547168732,0.9890000224113464,0.5788000226020813
YLR405W,YDR466W,0,-5.560149,0.1459132432937622,0.9890000224113464,0.5788999795913696
YMR171C,YLR406C,0,-5.5605974,0.1458917260169983,0.9890000224113464,0.5789999961853027
YHR132C,YBL071W-A,0,-5.5609474,0.14587020874023438,0.9890000224113464,0.5791000127792358
YBR182C,YMR315W,0,-5.5609922,0.14584869146347046,0.9890000224113464,0.579200029373169
YMR295C,YNR031C,0,-5.561283,0.14582718908786774,0.9890000224113464,0.5792999863624573
YHR143W,YPR096C,0,-5.561304,0.14580568671226501,0.9890000224113464,0.5794000029563904
YER003C,YBR247C,0,-5.561372,0.1457841992378235,0.9890000224113464,0.5795000195503235
YLR204W,YMR296C,0,-5.5613937,0.14576271176338196,0.9890000224113464,0.5795999765396118
YGL169W,YER168C,0,-5.562005,0.14574123919010162,0.9890000224113464,0.5796999931335449
YNL331C,YBL010C,0,-5.562023,0.1457197517156601,0.9890000224113464,0.579800009727478
YMR257C,YDR238C,0,-5.5621815,0.14569829404354095,0.9890000224113464,0.5799000263214111
YFR006W,YBL050W,0,-5.562207,0.14567683637142181,0.9890000224113464,0.5799999833106995
YJR066W,YKL001C,0,-5.562338,0.14565537869930267,0.9890000224113464,0.5800999999046326
YBL016W,YPL005W,0,-5.5624523,0.14563392102718353,0.9890000224113464,0.5802000164985657
YJL210W,YHR003C,0,-5.562543,0.14561247825622559,0.9890000224113464,0.580299973487854
YDR170W-A,YJR058C,0,-5.5627203,0.14559105038642883,0.9890000224113464,0.5803999900817871
YDR523C,YNL202W,0,-5.5632343,0.14556962251663208,0.9890000224113464,0.5805000066757202
YDR461W,YJL204C,0,-5.5633497,0.14554819464683533,0.9890000224113464,0.5806000232696533
YMR300C,YGL043W,0,-5.5633707,0.14552678167819977,0.9890000224113464,0.5806999802589417
YMR145C,YOR144C,0,-5.5635366,0.1455053687095642,0.9890000224113464,0.5807999968528748
YGR191W,YLR348C,0,-5.56357,0.14548397064208984,0.9890000224113464,0.5809000134468079
YNL309W,YLR447C,0,-5.5641613,0.14546257257461548,0.9890000224113464,0.5809999704360962
YEL015W,YPL240C,0,-5.5641794,0.1454411745071411,0.9890000224113464,0.5810999870300293
YGR227W,YLR433C,0,-5.564453,0.14541979134082794,0.9890000224113464,0.5812000036239624
YNL009W,YDL097C,0,-5.5646725,0.14539840817451477,0.9890000224113464,0.5813000202178955
YBR073W,YPL143W,0,-5.5648804,0.1453770399093628,0.9890000224113464,0.5813999772071838
YML029W,YGL137W,0,-5.5649137,0.14535567164421082,0.9890000224113464,0.5814999938011169
YPR138C,YPL037C,0,-5.5659018,0.14533431828022003,0.9890000224113464,0.58160001039505
YJL176C,YHR034C,0,-5.5659237,0.14531296491622925,0.9890000224113464,0.5817000269889832
YKL094W,YAL032C,0,-5.565958,0.14529161155223846,0.9890000224113464,0.5817999839782715
YER165W,YLR139C,0,-5.565982,0.14527027308940887,0.9890000224113464,0.5819000005722046
YGL172W,YDR031W,0,-5.5661583,0.14524893462657928,0.9890000224113464,0.5820000171661377
YOL100W,YBR083W,0,-5.566226,0.1452276110649109,0.9890000224113464,0.582099974155426
YGL209W,YDR237W,0,-5.566374,0.1452062875032425,0.9890000224113464,0.5821999907493591
YKL213C,YER055C,0,-5.566616,0.1451849639415741,0.9890000224113464,0.5823000073432922
YDL180W,YDR006C,0,-5.567152,0.1451636552810669,0.9890000224113464,0.5824000239372253
YGR180C,YCL047C,0,-5.5673113,0.1451423466205597,0.9890000224113464,0.5824999809265137
YJL072C,YBR276C,0,-5.567314,0.14512105286121368,0.9890000224113464,0.5825999975204468
YKL027W,YMR161W,0,-5.567444,0.14509975910186768,0.9890000224113464,0.5827000141143799
YHR057C,YMR090W,0,-5.567461,0.14507848024368286,0.9890000224113464,0.5827999711036682
YLR386W,YJR017C,0,-5.567583,0.14505720138549805,0.9890000224113464,0.5828999876976013
YMR190C,YDR447C,0,-5.5676003,0.14503592252731323,0.9890000224113464,0.5830000042915344
YMR210W,YJR031C,0,-5.567766,0.1450146585702896,0.9890000224113464,0.5831000208854675
YLL045C,YIL109C,0,-5.567807,0.14499340951442719,0.9890000224113464,0.5831999778747559
YAL042W,YNL283C,0,-5.568203,0.14497214555740356,0.9890000224113464,0.583299994468689
YGR077C,YEL038W,0,-5.5682755,0.14495089650154114,0.9890000224113464,0.5834000110626221
YDL128W,YGL201C,0,-5.5683374,0.1449296623468399,0.9890000224113464,0.5835000276565552
YGL044C,YGR280C,0,-5.5683403,0.14490842819213867,0.9890000224113464,0.5835999846458435
YLR047C,YOL057W,0,-5.568619,0.14488719403743744,0.9890000224113464,0.5837000012397766
YPL242C,YBL029C-A,0,-5.5686417,0.1448659747838974,0.9890000224113464,0.5838000178337097
YNL259C,YMR004W,0,-5.568759,0.14484475553035736,0.9890000224113464,0.583899974822998
YFR006W,YPR065W,0,-5.568797,0.14482355117797852,0.9890000224113464,0.5839999914169312
YER114C,YGR123C,0,-5.568824,0.14480234682559967,0.9890000224113464,0.5841000080108643
YNL284C,YJL144W,0,-5.568877,0.14478114247322083,0.9890000224113464,0.5842000246047974
YBR019C,YPL226W,0,-5.569109,0.14475995302200317,0.9890000224113464,0.5842999815940857
YLR216C,YDR522C,0,-5.5692635,0.14473876357078552,0.9890000224113464,0.5843999981880188
YDR118W,YKL130C,0,-5.5693026,0.14471758902072906,0.9890000224113464,0.5845000147819519
YBL079W,YDR432W,0,-5.5694923,0.1446964144706726,0.9890000224113464,0.5845999717712402
YCR096C,YPR111W,0,-5.5695724,0.14467525482177734,0.9890000224113464,0.5846999883651733
YBR216C,YLR148W,0,-5.5698566,0.14465409517288208,0.9890000224113464,0.5848000049591064
YPL121C,YDL028C,0,-5.5699997,0.14463293552398682,0.9890000224113464,0.5849000215530396
YLR027C,YMR297W,0,-5.5700645,0.14461179077625275,0.9890000224113464,0.5849999785423279
YOR076C,YGL206C,0,-5.570348,0.14459064602851868,0.9890000224113464,0.585099995136261
YPL096W,YHR209W,0,-5.5708227,0.1445695012807846,0.9890000224113464,0.5852000117301941
YJR040W,YKL161C,0,-5.570854,0.14454837143421173,0.9890000224113464,0.5853000283241272
YJL170C,YGR180C,0,-5.5712996,0.14452725648880005,0.9890000224113464,0.5853999853134155
YIL016W,YIL046W,0,-5.5713615,0.14450614154338837,0.9890000224113464,0.5855000019073486
YJR010C-A,YOR143C,0,-5.5714912,0.14448502659797668,0.9890000224113464,0.5856000185012817
YBR061C,YOR028C,0,-5.5717087,0.1444639265537262,0.9890000224113464,0.5856999754905701
YMR117C,YNL297C,0,-5.5718117,0.1444428265094757,0.9890000224113464,0.5857999920845032
YBR161W,YGL201C,0,-5.57191,0.14442172646522522,0.9890000224113464,0.5859000086784363
YOL112W,YDL174C,0,-5.572258,0.14440064132213593,0.9890000224113464,0.5860000252723694
YLR362W,YCR077C,0,-5.572506,0.14437955617904663,0.9890000224113464,0.5860999822616577
YLR359W,YNL248C,0,-5.5726137,0.14435848593711853,0.9890000224113464,0.5861999988555908
YLR341W,YLR057W,0,-5.5727177,0.14433741569519043,0.9890000224113464,0.5863000154495239
YLL022C,YPR165W,0,-5.573617,0.14431636035442352,0.9890000224113464,0.5863999724388123
YDR222W,YGR101W,0,-5.573903,0.14429530501365662,0.9890000224113464,0.5864999890327454
YOL088C,YLR172C,0,-5.573924,0.1442742496728897,0.9890000224113464,0.5866000056266785
YJR107W,YBR135W,0,-5.5739326,0.144253209233284,0.9890000224113464,0.5867000222206116
YIL015W,YDL231C,0,-5.5740023,0.14423216879367828,0.9890000224113464,0.5867999792098999
YPL123C,YDR013W,0,-5.5740376,0.14421114325523376,0.9890000224113464,0.586899995803833
YPL081W,YKL107W,0,-5.574254,0.14419011771678925,0.9890000224113464,0.5870000123977661
YNL292W,YJL158C,0,-5.574376,0.14416909217834473,0.9890000224113464,0.5871000289916992
YGR171C,YBL074C,0,-5.574687,0.1441480815410614,0.9890000224113464,0.5871999859809875
YGL253W,YDR497C,0,-5.574687,0.14412707090377808,0.9890000224113464,0.5873000025749207
YEL030W,YHL004W,0,-5.5748568,0.14410607516765594,0.9890000224113464,0.5874000191688538
YML104C,YJL171C,0,-5.5748663,0.1440850794315338,0.9890000224113464,0.5874999761581421
YCR094W,YJR158W,0,-5.57498,0.14406409859657288,0.9890000224113464,0.5875999927520752
YJR129C,YPR091C,0,-5.5754538,0.14404311776161194,0.9890000224113464,0.5877000093460083
YBR118W,YBR237W,0,-5.575493,0.144022136926651,0.9890000224113464,0.5878000259399414
YCL018W,YNL005C,0,-5.5756063,0.14400117099285126,0.9890000224113464,0.5878999829292297
YFR033C,YHR116W,0,-5.575899,0.1439802050590515,0.9890000224113464,0.5879999995231628
YOR077W,YOR168W,0,-5.576028,0.14395923912525177,0.9890000224113464,0.588100016117096
YPL047W,YDL137W,0,-5.5760937,0.14393828809261322,0.9890000224113464,0.5881999731063843
YDL122W,YGL223C,0,-5.576522,0.14391735196113586,0.9890000224113464,0.5882999897003174
YML060W,YGR101W,0,-5.576544,0.14389640092849731,0.9890000224113464,0.5884000062942505
YCR039C,YPR035W,0,-5.576625,0.14387547969818115,0.9890000224113464,0.5885000228881836
YOR217W,YCR020C,0,-5.5768156,0.1438545435667038,0.9890000224113464,0.5885999798774719
YIL108W,YPL015C,0,-5.5770226,0.14383362233638763,0.9890000224113464,0.588699996471405
YDR113C,YLR032W,0,-5.577118,0.14381271600723267,0.9890000224113464,0.5888000130653381
YLL008W,YDR418W,0,-5.5771255,0.1437917947769165,0.9890000224113464,0.5889000296592712
YDR263C,YER101C,0,-5.5772038,0.14377090334892273,0.9890000224113464,0.5889999866485596
YDR483W,YFL034C-A,0,-5.5773363,0.14374999701976776,0.9890000224113464,0.5891000032424927
YMR321C,YAL023C,0,-5.5773573,0.143729105591774,0.9890000224113464,0.5892000198364258
YDL178W,YLR340W,0,-5.5775127,0.1437082290649414,0.9890000224113464,0.5892999768257141
YNL099C,YPR028W,0,-5.577712,0.14368735253810883,0.9890000224113464,0.5893999934196472
YMR204C,YPR052C,0,-5.578417,0.14366647601127625,0.9890000224113464,0.5895000100135803
YIL074C,YMR088C,0,-5.5784388,0.14364559948444366,0.9890000224113464,0.5896000266075134
YHL047C,YGL255W,0,-5.5786724,0.14362475275993347,0.9890000224113464,0.5896999835968018
YDR267C,YNR045W,0,-5.578781,0.14360389113426208,0.9890000224113464,0.5898000001907349
YBR267W,YNL122C,0,-5.578887,0.1435830444097519,0.9890000224113464,0.589900016784668
YDR170W-A,YPR135W,0,-5.5790205,0.1435621976852417,0.9890000224113464,0.5899999737739563
YOL112W,YKR010C,0,-5.579068,0.1435413658618927,0.9890000224113464,0.5900999903678894
YDR338C,YML022W,0,-5.579314,0.1435205340385437,0.9890000224113464,0.5902000069618225
YDL202W,YML049C,0,-5.579324,0.1434997171163559,0.9890000224113464,0.5903000235557556
YBR074W,YBR120C,0,-5.5794125,0.1434788852930069,0.9890000224113464,0.590399980545044
YPL086C,YGR058W,0,-5.579463,0.14345808327198029,0.9890000224113464,0.590499997138977
YOL152W,YGL216W,0,-5.579645,0.14343726634979248,0.9890000224113464,0.5906000137329102
YGR068C,YLR404W,0,-5.5797443,0.14341647922992706,0.9890000224113464,0.5906999707221985
YNR013C,YJL156C,0,-5.579794,0.14339567720890045,0.9890000224113464,0.5907999873161316
YDR251W,YDL144C,0,-5.5800962,0.14337489008903503,0.9890000224113464,0.5909000039100647
YGR171C,YBL085W,0,-5.5802774,0.14335410296916962,0.9890000224113464,0.5910000205039978
YMR012W,YIR018W,0,-5.580532,0.1433333307504654,0.9890000224113464,0.5910999774932861
YDR385W,YAL016W,0,-5.580695,0.14331255853176117,0.9890000224113464,0.5911999940872192
YNL135C,YIL095W,0,-5.5807867,0.14329180121421814,0.9890000224113464,0.5913000106811523
YDR506C,YPR075C,0,-5.5812025,0.1432710438966751,0.9890000224113464,0.5914000272750854
YLR327C,YLR026C,0,-5.5812244,0.14325028657913208,0.9890000224113464,0.5914999842643738
YBR084W,YDL181W,0,-5.581462,0.14322954416275024,0.9890000224113464,0.5916000008583069
YMR301C,YLR401C,0,-5.5815134,0.1432088017463684,0.9890000224113464,0.59170001745224
YOR226C,YNR046W,0,-5.581951,0.14318807423114777,0.9890000224113464,0.5917999744415283
YJR110W,YDL070W,0,-5.5823545,0.14316734671592712,0.9890000224113464,0.5918999910354614
YIL157C,YDR137W,0,-5.5826025,0.14314661920070648,0.9890000224113464,0.5920000076293945
YAL005C,YPL160W,0,-5.5826883,0.14312590658664703,0.9890000224113464,0.5921000242233276
YLR100W,YBR136W,0,-5.582777,0.14310519397258759,0.9890000224113464,0.592199981212616
YDL128W,YBL026W,0,-5.582881,0.14308449625968933,0.9890000224113464,0.5922999978065491
YOR196C,YBR132C,0,-5.5832663,0.14306379854679108,0.9890000224113464,0.5924000144004822
YHR211W,YIL109C,0,-5.583481,0.14304310083389282,0.9890000224113464,0.5924999713897705
YOL157C,YDR363W-A,0,-5.583481,0.14302241802215576,0.9890000224113464,0.5925999879837036
YOR384W,YMR071C,0,-5.5835457,0.1430017352104187,0.9890000224113464,0.5927000045776367
YHR031C,YNL098C,0,-5.5835705,0.14298106729984283,0.9890000224113464,0.5928000211715698
YJR137C,YLR151C,0,-5.5836973,0.14296039938926697,0.9890000224113464,0.5928999781608582
YGL125W,YDL208W,0,-5.583972,0.1429397314786911,0.9890000224113464,0.5929999947547913
YGL134W,YLR206W,0,-5.5839996,0.14291907846927643,0.9890000224113464,0.5931000113487244
YJL194W,YML132W,0,-5.584013,0.14289842545986176,0.9890000224113464,0.5932000279426575
YOR310C,YOR030W,0,-5.584017,0.14287778735160828,0.9890000224113464,0.5932999849319458
YOR351C,YMR127C,0,-5.584404,0.1428571492433548,0.9890000224113464,0.5934000015258789
YIL094C,YAL016W,0,-5.5844126,0.14283651113510132,0.9890000224113464,0.593500018119812
YBR019C,YOR231W,0,-5.585021,0.14281588792800903,0.9890000224113464,0.5935999751091003
YPL152W,YPL258C,0,-5.5853662,0.14279526472091675,0.9890000224113464,0.5936999917030334
YGL050W,YBR299W,0,-5.585533,0.14277465641498566,0.9890000224113464,0.5938000082969666
YGL106W,YOL004W,0,-5.5857363,0.14275404810905457,0.9890000224113464,0.5939000248908997
YGR133W,YGR240C,0,-5.5858335,0.14273343980312347,0.9890000224113464,0.593999981880188
YDR197W,YLR449W,0,-5.585882,0.14271284639835358,0.9890000224113464,0.5940999984741211
YDR331W,YJR031C,0,-5.58599,0.14269225299358368,0.9890000224113464,0.5942000150680542
YBR210W,YDL033C,0,-5.5863028,0.14267167448997498,0.9890000224113464,0.5942999720573425
YML024W,YER022W,0,-5.586589,0.14265109598636627,0.9890000224113464,0.5943999886512756
YNL310C,YGR276C,0,-5.5872746,0.14263051748275757,0.9890000224113464,0.5945000052452087
YER008C,YGL160W,0,-5.5874043,0.14260995388031006,0.9890000224113464,0.5946000218391418
YJL073W,YDR104C,0,-5.587576,0.14258939027786255,0.9890000224113464,0.5946999788284302
YDR134C,YLR135W,0,-5.5878067,0.14256882667541504,0.9890000224113464,0.5947999954223633
YKL010C,YDR432W,0,-5.5879974,0.14254827797412872,0.9890000224113464,0.5949000120162964
YHR008C,YOL104C,0,-5.5882673,0.1425277441740036,0.9890000224113464,0.5950000286102295
YKL208W,YDR043C,0,-5.5885506,0.14250721037387848,0.9890000224113464,0.5950999855995178
YDR454C,YPL060W,0,-5.5888224,0.14248667657375336,0.9890000224113464,0.5952000021934509
YML062C,YJL189W,0,-5.5888643,0.14246614277362823,0.9890000224113464,0.595300018787384
YIL139C,YBL084C,0,-5.589367,0.1424456238746643,0.9890000224113464,0.5953999757766724
YHR109W,YIL048W,0,-5.5895433,0.14242511987686157,0.9890000224113464,0.5954999923706055
YEL026W,YLR191W,0,-5.589713,0.14240460097789764,0.9890000224113464,0.5956000089645386
YLR237W,YGL205W,0,-5.5899734,0.1423841118812561,0.9890000224113464,0.5957000255584717
YHR168W,YMR122W-A,0,-5.590782,0.14236360788345337,0.9890000224113464,0.59579998254776
YFL036W,YGR152C,0,-5.5912104,0.14234311878681183,0.9890000224113464,0.5958999991416931
YLR306W,YPL072W,0,-5.591303,0.1423226296901703,0.9890000224113464,0.5960000157356262
YDL207W,YIL101C,0,-5.591584,0.14230215549468994,0.9890000224113464,0.5960999727249146
YKL198C,YGL173C,0,-5.5917215,0.1422816812992096,0.9890000224113464,0.5961999893188477
YFL066C,YJL214W,0,-5.5917263,0.14226122200489044,0.9890000224113464,0.5963000059127808
YJR077C,YPL029W,0,-5.591818,0.1422407627105713,0.9890000224113464,0.5964000225067139
YKL086W,YOL039W,0,-5.592268,0.14222030341625214,0.9890000224113464,0.5964999794960022
YLR381W,YMR199W,0,-5.592312,0.14219985902309418,0.9890000224113464,0.5965999960899353
YBL064C,YLR453C,0,-5.5923243,0.14217941462993622,0.9890000224113464,0.5967000126838684
YMR216C,YPR009W,0,-5.5923376,0.14215897023677826,0.9890000224113464,0.5968000292778015
YMR024W,YDR054C,0,-5.5924606,0.1421385407447815,0.9890000224113464,0.5968999862670898
YOR171C,YHR072W-A,0,-5.592555,0.14211812615394592,0.9890000224113464,0.597000002861023
YOR228C,YMR283C,0,-5.5927114,0.14209769666194916,0.9890000224113464,0.597100019454956
YHR003C,YNR072W,0,-5.5927744,0.1420772820711136,0.9890000224113464,0.5971999764442444
YDR137W,YOR234C,0,-5.593055,0.1420568823814392,0.9890000224113464,0.5972999930381775
YER086W,YDL080C,0,-5.5930614,0.14203648269176483,0.9890000224113464,0.5974000096321106
YER146W,YKR104W,0,-5.593218,0.14201608300209045,0.9890000224113464,0.5975000262260437
YPL087W,YER017C,0,-5.593561,0.14199569821357727,0.9890000224113464,0.597599983215332
YBR031W,YEL022W,0,-5.593649,0.1419753134250641,0.9890000224113464,0.5976999998092651
YJR089W,YPR191W,0,-5.5938263,0.1419549286365509,0.9890000224113464,0.5978000164031982
YLR009W,YIL150C,0,-5.594182,0.1419345587491989,0.9890000224113464,0.5978999733924866
YDL133C-A,YKL013C,0,-5.594366,0.14191418886184692,0.9890000224113464,0.5979999899864197
YLL022C,YML064C,0,-5.5946484,0.14189383387565613,0.9890000224113464,0.5981000065803528
YOL091W,YJR031C,0,-5.594701,0.14187347888946533,0.9890000224113464,0.5982000231742859
YBR216C,YMR038C,0,-5.5947065,0.14185312390327454,0.9890000224113464,0.5982999801635742
YHR043C,YLR264W,0,-5.5951605,0.14183278381824493,0.9890000224113464,0.5983999967575073
YFL036W,YIL177C,0,-5.5954247,0.14181244373321533,0.9890000224113464,0.5985000133514404
YBR057C,YER146W,0,-5.596079,0.14179211854934692,0.9890000224113464,0.5985999703407288
YKL086W,YER144C,0,-5.5960875,0.14177179336547852,0.9890000224113464,0.5986999869346619
YOR303W,YFR018C,0,-5.596156,0.1417514681816101,0.9890000224113464,0.598800003528595
YHR183W,YER082C,0,-5.596325,0.1417311578989029,0.9890000224113464,0.5989000201225281
YHR116W,YLR439W,0,-5.596545,0.14171084761619568,0.9890000224113464,0.5989999771118164
YJR022W,YER019W,0,-5.596671,0.14169053733348846,0.9890000224113464,0.5990999937057495
YLR406C,YEL037C,0,-5.5972366,0.14167024195194244,0.9890000224113464,0.5992000102996826
YBR031W,YIL095W,0,-5.597272,0.14164996147155762,0.9890000224113464,0.5993000268936157
YOL157C,YDL021W,0,-5.597395,0.1416296660900116,0.9890000224113464,0.599399983882904
YLR389C,YMR189W,0,-5.597596,0.14160938560962677,0.9890000224113464,0.5995000004768372
YFR033C,YPL028W,0,-5.598095,0.14158912003040314,0.9890000224113464,0.5996000170707703
YLR233C,YBR177C,0,-5.598173,0.1415688544511795,0.9890000224113464,0.5996999740600586
YJL141C,YIL048W,0,-5.5982227,0.14154858887195587,0.9890000224113464,0.5997999906539917
YER003C,YJL137C,0,-5.598403,0.14152833819389343,0.9890000224113464,0.5999000072479248
YNR028W,YDR432W,0,-5.5985003,0.141508087515831,0.9890000224113464,0.6000000238418579
YDL067C,YDR378C,0,-5.5985365,0.14148783683776855,0.9890000224113464,0.6000999808311462
YJR086W,YJR135C,0,-5.598777,0.1414676010608673,0.9890000224113464,0.6001999974250793
YDL112W,YKR068C,0,-5.5988817,0.14144736528396606,0.9890000224113464,0.6003000140190125
YBR236C,YAL023C,0,-5.59902,0.141427144408226,0.9890000224113464,0.6003999710083008
YMR304W,YGL241W,0,-5.5990953,0.14140692353248596,0.9890000224113464,0.6004999876022339
YER114C,YGR105W,0,-5.5992136,0.1413867026567459,0.9890000224113464,0.600600004196167
YBR164C,YOL103W,0,-5.5993967,0.14136649668216705,0.9890000224113464,0.6007000207901001
YIL168W,YDL246C,0,-5.59958,0.1413462907075882,0.9890000224113464,0.6007999777793884
YER017C,YJR149W,0,-5.5999613,0.14132609963417053,0.9890000224113464,0.6008999943733215
YHL013C,YDR314C,0,-5.600092,0.14130589365959167,0.9890000224113464,0.6010000109672546
YPL154C,YJL085W,0,-5.6004505,0.1412857174873352,0.9890000224113464,0.6011000275611877
YCL075W,YGL062W,0,-5.6006727,0.14126552641391754,0.9890000224113464,0.6011999845504761
YBR026C,YDL236W,0,-5.6007385,0.14124536514282227,0.9890000224113464,0.6013000011444092
YOR143C,YDL025C,0,-5.601054,0.1412251889705658,0.9890000224113464,0.6014000177383423
YHR092C,YMR231W,0,-5.6010637,0.14120502769947052,0.9890000224113464,0.6014999747276306
YCR040W,YDR231C,0,-5.6015644,0.14118486642837524,0.9890000224113464,0.6015999913215637
YLL023C,YLL039C,0,-5.601593,0.14116472005844116,0.9890000224113464,0.6017000079154968
YGR068C,YPL087W,0,-5.6016073,0.14114457368850708,0.9890000224113464,0.6018000245094299
YDR065W,YGL257C,0,-5.601674,0.141124427318573,0.9890000224113464,0.6018999814987183
YIL051C,YIL091C,0,-5.602049,0.1411042958498001,0.9890000224113464,0.6019999980926514
YMR296C,YOR231W,0,-5.6024055,0.14108416438102722,0.9890000224113464,0.6021000146865845
YDR117C,YPR041W,0,-5.6024847,0.14106404781341553,0.9890000224113464,0.6021999716758728
YDL077C,YJR055W,0,-5.6024895,0.14104393124580383,0.9890000224113464,0.6022999882698059
YDR281C,YPL008W,0,-5.602766,0.14102381467819214,0.9890000224113464,0.602400004863739
YKL004W,YLR134W,0,-5.602908,0.14100371301174164,0.9890000224113464,0.6025000214576721
YPL048W,YER070W,0,-5.6029873,0.14098361134529114,0.9890000224113464,0.6025999784469604
YPL147W,YJL108C,0,-5.6030207,0.14096350967884064,0.9890000224113464,0.6026999950408936
YFL062W,YHR082C,0,-5.6036844,0.14094342291355133,0.9890000224113464,0.6028000116348267
YOR328W,YPR061C,0,-5.603753,0.14092333614826202,0.9890000224113464,0.6029000282287598
YDR195W,YNL275W,0,-5.604168,0.1409032642841339,0.9890000224113464,0.6029999852180481
YIR013C,YCR039C,0,-5.6042233,0.1408831924200058,0.9890000224113464,0.6031000018119812
YJL130C,YDL168W,0,-5.6047573,0.14086312055587769,0.9890000224113464,0.6032000184059143
YBR251W,YIL072W,0,-5.6053047,0.14084306359291077,0.9890000224113464,0.6032999753952026
YMR119W,YDR030C,0,-5.605343,0.14082300662994385,0.9890000224113464,0.6033999919891357
YOL019W,YOR353C,0,-5.6055565,0.14080296456813812,0.9890000224113464,0.6035000085830688
YOR130C,YJR055W,0,-5.6056957,0.1407829225063324,0.9890000224113464,0.603600025177002
YOR125C,YNL106C,0,-5.6057415,0.14076288044452667,0.9890000224113464,0.6036999821662903
YML015C,YAL001C,1,-5.605832,0.1408851593732834,0.9900000095367432,0.6036999821662903
YKL218C,YDR330W,0,-5.6060495,0.14086511731147766,0.9900000095367432,0.6037999987602234
YBR139W,YOR321W,0,-5.6061935,0.14084507524967194,0.9900000095367432,0.6039000153541565
YDR379W,YBR241C,0,-5.6062336,0.1408250331878662,0.9900000095367432,0.6039999723434448
YHR025W,YKL061W,0,-5.6063414,0.14080500602722168,0.9900000095367432,0.6040999889373779
YNL005C,YJR112W,0,-5.606433,0.14078497886657715,0.9900000095367432,0.604200005531311
YLR285W,YBR058C-A,0,-5.6066675,0.1407649666070938,0.9900000095367432,0.6043000221252441
YDL153C,YGL251C,0,-5.6067257,0.14074495434761047,0.9900000095367432,0.6043999791145325
YHR029C,YDL225W,0,-5.606941,0.14072494208812714,0.9900000095367432,0.6044999957084656
YMR090W,YBR082C,0,-5.6070967,0.140704944729805,0.9900000095367432,0.6046000123023987
YER048C,YDR263C,0,-5.607356,0.14068494737148285,0.9900000095367432,0.6047000288963318
YLR035C-A,YMR216C,0,-5.6076107,0.1406649649143219,0.9900000095367432,0.6047999858856201
YDL140C,YOR255W,0,-5.6077356,0.14064498245716095,0.9900000095367432,0.6049000024795532
YPL249C,YPL053C,0,-5.6078186,0.140625,0.9900000095367432,0.6050000190734863
YMR217W,YOR304C-A,0,-5.6079063,0.14060503244400024,0.9900000095367432,0.6050999760627747
YEL026W,YIL125W,0,-5.607957,0.1405850648880005,0.9900000095367432,0.6051999926567078
YBR170C,YOR295W,0,-5.608282,0.14056509733200073,0.9900000095367432,0.6053000092506409
YDL065C,YER065C,0,-5.608485,0.14054514467716217,0.9900000095367432,0.605400025844574
YGR049W,YNR027W,0,-5.608513,0.1405251920223236,0.9900000095367432,0.6054999828338623
YIL015W,YLR191W,0,-5.608573,0.14050525426864624,0.9900000095367432,0.6055999994277954
YKR039W,YJL092W,0,-5.608674,0.14048531651496887,0.9900000095367432,0.6057000160217285
YPL174C,YIL027C,0,-5.6093864,0.1404653787612915,0.9900000095367432,0.6057999730110168
YJL074C,YIL051C,0,-5.6093874,0.14044545590877533,0.9900000095367432,0.60589998960495
YBR210W,YIL023C,0,-5.609847,0.14042553305625916,0.9900000095367432,0.6060000061988831
YOL105C,YNL236W,0,-5.6105747,0.14040561020374298,0.9900000095367432,0.6061000227928162
YJL024C,YDL015C,0,-5.610692,0.140385702252388,0.9900000095367432,0.6061999797821045
YPL119C,YOR130C,0,-5.6107197,0.1403658092021942,0.9900000095367432,0.6062999963760376
YFL066C,YML019W,0,-5.6110077,0.14034590125083923,0.9900000095367432,0.6064000129699707
YFL021W,YNL314W,1,-5.611944,0.14046774804592133,0.9909999966621399,0.6064000129699707
YDL040C,YML087C,0,-5.612129,0.14044784009456635,0.9909999966621399,0.6065000295639038
YIL159W,YHR010W,0,-5.6121626,0.14042794704437256,0.9909999966621399,0.6065999865531921
YJR066W,YOL041C,0,-5.6122503,0.14040805399417877,0.9909999966621399,0.6067000031471252
YKL116C,YPL208W,0,-5.612399,0.14038816094398499,0.9909999966621399,0.6068000197410583
YOR181W,YJL140W,0,-5.6125574,0.1403682678937912,0.9909999966621399,0.6068999767303467
YNR036C,YLR425W,0,-5.6125736,0.1403483897447586,0.9909999966621399,0.6069999933242798
YJR077C,YGL245W,0,-5.6128693,0.140328511595726,0.9909999966621399,0.6071000099182129
YHR184W,YLR297W,0,-5.6128817,0.14030864834785461,0.9909999966621399,0.607200026512146
YJL137C,YMR270C,0,-5.613187,0.14028878509998322,0.9909999966621399,0.6072999835014343
YML113W,YOR292C,0,-5.6131926,0.140268936753273,0.9909999966621399,0.6074000000953674
YBR139W,YNL307C,0,-5.613221,0.1402490735054016,0.9909999966621399,0.6075000166893005
YKL176C,YNL072W,0,-5.6132402,0.1402292400598526,0.9909999966621399,0.6075999736785889
YDL069C,YBL112C,0,-5.6137447,0.1402093917131424,0.9909999966621399,0.607699990272522
YGR020C,YJL204C,0,-5.613796,0.14018955826759338,0.9909999966621399,0.6078000068664551
YDL239C,YGL222C,0,-5.6138115,0.14016972482204437,0.9909999966621399,0.6079000234603882
YCR009C,YNR004W,0,-5.613838,0.14014990627765656,0.9909999966621399,0.6079999804496765
YLR419W,YDR085C,0,-5.614319,0.14013008773326874,0.9909999966621399,0.6080999970436096
YMR321C,YIR009W,0,-5.6143694,0.14011028409004211,0.9909999966621399,0.6082000136375427
YGR087C,YNL209W,0,-5.6145515,0.1400904655456543,0.9909999966621399,0.608299970626831
YNR022C,YLR336C,0,-5.6145697,0.14007067680358887,0.9909999966621399,0.6083999872207642
YER069W,YDR444W,0,-5.614608,0.14005087316036224,0.9909999966621399,0.6085000038146973
YPL242C,YLR233C,0,-5.6147156,0.14003108441829681,0.9909999966621399,0.6086000204086304
YIL076W,YPR020W,0,-5.614769,0.14001129567623138,0.9909999966621399,0.6086999773979187
YLL022C,YOL151W,0,-5.614931,0.13999152183532715,0.9909999966621399,0.6087999939918518
YLR283W,YDR026C,0,-5.6150265,0.1399717479944229,0.9909999966621399,0.6089000105857849
YER078C,YLR098C,0,-5.615038,0.13995198905467987,0.9909999966621399,0.609000027179718
YJR078W,YDR288W,0,-5.615082,0.13993221521377563,0.9909999966621399,0.6090999841690063
YPL009C,YBR204C,0,-5.6151114,0.1399124711751938,0.9909999966621399,0.6092000007629395
YNR016C,YGR067C,0,-5.6159744,0.13989271223545074,0.9909999966621399,0.6093000173568726
YKL084W,YFR021W,0,-5.616436,0.1398729681968689,0.9909999966621399,0.6093999743461609
YDL180W,YLL039C,0,-5.616474,0.13985323905944824,0.9909999966621399,0.609499990940094
YCR024C-A,YJL225C,0,-5.6170006,0.1398334950208664,0.9909999966621399,0.6096000075340271
YPL258C,YIL067C,0,-5.617017,0.13981376588344574,0.9909999966621399,0.6097000241279602
YHR076W,YKR097W,0,-5.617238,0.13979405164718628,0.9909999966621399,0.6097999811172485
YHR215W,YKL175W,0,-5.617296,0.13977433741092682,0.9909999966621399,0.6098999977111816
YBR145W,YJR010W,0,-5.6175184,0.13975462317466736,0.9909999966621399,0.6100000143051147
YJR014W,YML062C,0,-5.617675,0.1397349089384079,0.9909999966621399,0.6100999712944031
YHR188C,YDR251W,0,-5.617687,0.13971520960330963,0.9909999966621399,0.6101999878883362
YOL111C,YER099C,0,-5.6178513,0.13969551026821136,0.9909999966621399,0.6103000044822693
YPR005C,YPL088W,0,-5.617872,0.1396758258342743,0.9909999966621399,0.6104000210762024
YNL169C,YFL004W,0,-5.6180973,0.13965614140033722,0.9909999966621399,0.6104999780654907
YMR067C,YBR243C,0,-5.6182365,0.13963647186756134,0.9909999966621399,0.6105999946594238
YBR200W,YGL178W,0,-5.6182413,0.13961678743362427,0.9909999966621399,0.6107000112533569
YOL031C,YGL021W,0,-5.618808,0.13959713280200958,0.9909999966621399,0.61080002784729
YIL015W,YDR330W,0,-5.618924,0.1395774632692337,0.9909999966621399,0.6108999848365784
YCR008W,YMR038C,0,-5.618925,0.13955780863761902,0.9909999966621399,0.6110000014305115
YNL238W,YKR008W,0,-5.619317,0.13953815400600433,0.9909999966621399,0.6111000180244446
YDR538W,YNL012W,0,-5.619482,0.13951851427555084,0.9909999966621399,0.6111999750137329
YOR075W,YJL066C,0,-5.619488,0.13949887454509735,0.9909999966621399,0.611299991607666
YIL023C,YML037C,0,-5.619505,0.13947923481464386,0.9909999966621399,0.6114000082015991
YLR077W,YER018C,0,-5.619563,0.13945960998535156,0.9909999966621399,0.6115000247955322
YER095W,YDL025C,0,-5.619622,0.13943998515605927,0.9909999966621399,0.6115999817848206
YAL038W,YIL090W,0,-5.6200724,0.13942037522792816,0.9909999966621399,0.6116999983787537
YJL160C,YOR148C,0,-5.6201515,0.13940076529979706,0.9909999966621399,0.6118000149726868
YLR203C,YOR290C,0,-5.6205196,0.13938115537166595,0.9909999966621399,0.6118999719619751
YLR208W,YNL259C,0,-5.62059,0.13936154544353485,0.9909999966621399,0.6119999885559082
YAR035W,YHR082C,0,-5.6206255,0.13934195041656494,0.9909999966621399,0.6121000051498413
YKL084W,YPL255W,0,-5.6206636,0.13932237029075623,0.9909999966621399,0.6122000217437744
YNR061C,YKL144C,0,-5.620736,0.1393027901649475,0.9909999966621399,0.6122999787330627
YLR216C,YNL232W,0,-5.620961,0.1392832100391388,0.9909999966621399,0.6123999953269958
YNR043W,YDR115W,0,-5.6210804,0.13926362991333008,0.9909999966621399,0.612500011920929
YKL089W,YDR524C,0,-5.6211443,0.13924406468868256,0.9909999966621399,0.6126000285148621
YLR359W,YPR070W,0,-5.6212645,0.13922449946403503,0.9909999966621399,0.6126999855041504
YNL072W,YOR292C,0,-5.6216545,0.1392049491405487,0.9909999966621399,0.6128000020980835
YLR332W,YDR003W,0,-5.6217747,0.13918539881706238,0.9909999966621399,0.6129000186920166
YIL172C,YKL154W,0,-5.622073,0.13916584849357605,0.9909999966621399,0.6129999756813049
YCR039C,YML058W,0,-5.622097,0.13914631307125092,0.9909999966621399,0.613099992275238
YDR211W,YDR155C,0,-5.6221952,0.13912677764892578,0.9909999966621399,0.6132000088691711
YGL160W,YKR001C,0,-5.622347,0.13910724222660065,0.9909999966621399,0.6133000254631042
YLR341W,YBR125C,0,-5.622526,0.1390877217054367,0.9909999966621399,0.6133999824523926
YBR006W,YDL155W,0,-5.6227703,0.13906820118427277,0.9909999966621399,0.6134999990463257
YDL051W,YDR096W,0,-5.6230116,0.13904868066310883,0.9909999966621399,0.6136000156402588
YFR031C,YPL230W,0,-5.6230593,0.13902917504310608,0.9909999966621399,0.6136999726295471
YNL325C,YGR240C,0,-5.6231318,0.13900968432426453,0.9909999966621399,0.6137999892234802
YMR298W,YLR079W,0,-5.6232233,0.13899017870426178,0.9909999966621399,0.6139000058174133
YGR132C,YMR264W,0,-5.6233273,0.13897068798542023,0.9909999966621399,0.6140000224113464
YJL053W,YOR349W,0,-5.6234283,0.13895121216773987,0.9909999966621399,0.6140999794006348
YBR135W,YDR214W,0,-5.6235323,0.13893172144889832,0.9909999966621399,0.6141999959945679
YOL149W,YPL227C,0,-5.6235514,0.13891224563121796,0.9909999966621399,0.614300012588501
YIL114C,YDR245W,0,-5.623604,0.1388927847146988,0.9909999966621399,0.6144000291824341
YJR090C,YFR045W,0,-5.6236086,0.13887332379817963,0.9909999966621399,0.6144999861717224
YGL200C,YGL254W,0,-5.623764,0.13885386288166046,0.9909999966621399,0.6146000027656555
YJR010C-A,YOL043C,0,-5.6239166,0.1388344019651413,0.9909999966621399,0.6147000193595886
YNL049C,YOL156W,0,-5.624174,0.13881495594978333,0.9909999966621399,0.614799976348877
YNL015W,YGL245W,0,-5.624563,0.13879552483558655,0.9909999966621399,0.6148999929428101
YMR083W,YAR019C,0,-5.62459,0.13877607882022858,0.9909999966621399,0.6150000095367432
YFL038C,YLR224W,0,-5.6247396,0.1387566477060318,0.9909999966621399,0.6151000261306763
YGL181W,YEL004W,0,-5.624812,0.13873723149299622,0.9909999966621399,0.6151999831199646
YGL233W,YOL018C,0,-5.6249247,0.13871780037879944,0.9909999966621399,0.6152999997138977
YGL162W,YLL051C,0,-5.6253004,0.13869838416576385,0.9909999966621399,0.6154000163078308
YLR371W,YIL126W,0,-5.625451,0.13867898285388947,0.9909999966621399,0.6154999732971191
YFR006W,YMR121C,0,-5.626088,0.13865958154201508,0.9909999966621399,0.6155999898910522
YLR389C,YPL258C,0,-5.626135,0.13864018023014069,0.9909999966621399,0.6157000064849854
YDR536W,YBR106W,0,-5.6263847,0.1386207789182663,0.9909999966621399,0.6158000230789185
YDR314C,YIL155C,0,-5.6264973,0.1386013925075531,0.9909999966621399,0.6158999800682068
YGR068C,YBL004W,0,-5.626583,0.1385820209980011,0.9909999966621399,0.6159999966621399
YDL174C,YPR140W,0,-5.6265945,0.1385626345872879,0.9909999966621399,0.616100013256073
YHL008C,YDR206W,0,-5.6266127,0.1385432630777359,0.9909999966621399,0.6161999702453613
YLR389C,YPL192C,0,-5.6276293,0.1385239064693451,0.9909999966621399,0.6162999868392944
YDR202C,YGL157W,0,-5.6276608,0.1385045349597931,0.9909999966621399,0.6164000034332275
YNL223W,YLR040C,0,-5.6279087,0.13848519325256348,0.9909999966621399,0.6165000200271606
YNR026C,YJR017C,0,-5.628003,0.13846583664417267,0.9909999966621399,0.616599977016449
YNL096C,YJL225C,0,-5.6280413,0.13844649493694305,0.9909999966621399,0.6166999936103821
YBR139W,YHR072W,0,-5.628044,0.13842715322971344,0.9909999966621399,0.6168000102043152
YGR192C,YBR081C,0,-5.62809,0.13840782642364502,0.9909999966621399,0.6169000267982483
YKL167C,YIL172C,0,-5.6286116,0.1383884996175766,0.9909999966621399,0.6169999837875366
YOR035C,YDR180W,0,-5.62895,0.13836917281150818,0.9909999966621399,0.6171000003814697
YPL072W,YLR117C,0,-5.6292515,0.13834984600543976,0.9909999966621399,0.6172000169754028
YGR171C,YNL159C,0,-5.6296654,0.13833054900169373,0.9909999966621399,0.6172999739646912
YKL157W,YNL044W,0,-5.629817,0.1383112370967865,0.9909999966621399,0.6173999905586243
YOR307C,YDR368W,0,-5.629899,0.13829194009304047,0.9909999966621399,0.6175000071525574
YDL045W-A,YDR531W,0,-5.629936,0.13827264308929443,0.9909999966621399,0.6176000237464905
YOL102C,YIR014W,0,-5.630315,0.1382533460855484,0.9909999966621399,0.6176999807357788
YDL033C,YDR151C,0,-5.630356,0.13823406398296356,0.9909999966621399,0.6177999973297119
YGL047W,YMR029C,0,-5.630517,0.13821478188037872,0.9909999966621399,0.617900013923645
YNL058C,YMR022W,0,-5.6306057,0.13819551467895508,0.9909999966621399,0.6179999709129333
YDR497C,YGR292W,0,-5.63062,0.13817624747753143,0.9909999966621399,0.6180999875068665
YEL042W,YPL051W,0,-5.630623,0.1381569802761078,0.9909999966621399,0.6182000041007996
YPL132W,YLR340W,0,-5.6306725,0.13813771307468414,0.9909999966621399,0.6183000206947327
YOR179C,YPR080W,0,-5.630707,0.1381184607744217,0.9909999966621399,0.618399977684021
YPL121C,YBL023C,0,-5.6307936,0.13809922337532043,0.9909999966621399,0.6184999942779541
YIL131C,YHR012W,0,-5.6312914,0.13807997107505798,0.9909999966621399,0.6186000108718872
YGR028W,YAL020C,0,-5.6313086,0.13806074857711792,0.9909999966621399,0.6187000274658203
YOL152W,YGL120C,0,-5.631398,0.13804151117801666,0.9909999966621399,0.6187999844551086
YML005W,YDL109C,0,-5.6316376,0.1380222886800766,0.9909999966621399,0.6189000010490417
YLR013W,YOR293W,0,-5.631653,0.13800306618213654,0.9909999966621399,0.6190000176429749
YMR159C,YGR218W,0,-5.631857,0.13798384368419647,0.9909999966621399,0.6190999746322632
YNL188W,YOR278W,0,-5.6319656,0.1379646360874176,0.9909999966621399,0.6191999912261963
YKL088W,YLR038C,0,-5.632084,0.13794542849063873,0.9909999966621399,0.6193000078201294
YOR251C,YKL218C,0,-5.632103,0.13792623579502106,0.9909999966621399,0.6194000244140625
YLR266C,YML032C,0,-5.632143,0.13790704309940338,0.9909999966621399,0.6194999814033508
YBR238C,YNL265C,0,-5.6322184,0.1378878504037857,0.9909999966621399,0.6195999979972839
YLR433C,YOR099W,0,-5.6322956,0.13786867260932922,0.9909999966621399,0.619700014591217
YER004W,YPL151C,0,-5.632374,0.13784949481487274,0.9909999966621399,0.6197999715805054
YEL054C,YPL110C,0,-5.6324453,0.13783031702041626,0.9909999966621399,0.6198999881744385
YBR213W,YNL061W,0,-5.633092,0.13781115412712097,0.9909999966621399,0.6200000047683716
YDR221W,YMR119W,0,-5.633135,0.13779199123382568,0.9909999966621399,0.6201000213623047
YMR306W,YMR321C,0,-5.633293,0.1377728283405304,0.9909999966621399,0.620199978351593
YHR079C-A,YNL239W,0,-5.6340113,0.1377536803483963,0.9909999966621399,0.6202999949455261
YLR452C,YPR163C,0,-5.6344223,0.1377345323562622,0.9909999966621399,0.6204000115394592
YOR196C,YDR541C,0,-5.6345434,0.1377153992652893,0.9909999966621399,0.6205000281333923
YNR047W,YBR283C,0,-5.634639,0.1376962661743164,0.9909999966621399,0.6205999851226807
YGR194C,YGR077C,0,-5.6355953,0.1376771330833435,0.9909999966621399,0.6207000017166138
YER078C,YNL090W,0,-5.6356573,0.1376580148935318,0.9909999966621399,0.6208000183105469
YDL174C,YLL027W,0,-5.635845,0.1376388818025589,0.9909999966621399,0.6208999752998352
YDR258C,YER098W,0,-5.6358557,0.1376197785139084,0.9909999966621399,0.6209999918937683
YOR143C,YHR066W,0,-5.6361275,0.13760066032409668,0.9909999966621399,0.6211000084877014
YGL060W,YHR124W,0,-5.6362514,0.13758155703544617,0.9909999966621399,0.6212000250816345
YNL117W,YBL050W,0,-5.636712,0.13756246864795685,0.9909999966621399,0.6212999820709229
YOL157C,YEL056W,0,-5.637101,0.13754336535930634,0.9909999966621399,0.621399998664856
YLL045C,YNR020C,0,-5.637146,0.1375242918729782,0.9909999966621399,0.6215000152587891
YJR098C,YJL136C,0,-5.6372814,0.1375052034854889,0.9909999966621399,0.6215999722480774
YOL043C,YGL208W,0,-5.637971,0.13748612999916077,0.9909999966621399,0.6216999888420105
YPR032W,YIL083C,0,-5.638092,0.13746705651283264,0.9909999966621399,0.6218000054359436
YER046W,YIL133C,0,-5.638281,0.13744798302650452,0.9909999966621399,0.6219000220298767
YIR035C,YOR126C,0,-5.6382895,0.13742892444133759,0.9909999966621399,0.621999979019165
YKL125W,YHR136C,0,-5.6385574,0.13740986585617065,0.9909999966621399,0.6220999956130981
YML115C,YLR157C,0,-5.639102,0.13739082217216492,0.9909999966621399,0.6222000122070312
YHR032W,YPL157W,0,-5.639105,0.13737177848815918,0.9909999966621399,0.6223000288009644
YDR263C,YOR326W,0,-5.639304,0.13735273480415344,0.9909999966621399,0.6223999857902527
YDR324C,YBL028C,0,-5.639365,0.1373337060213089,0.9909999966621399,0.6225000023841858
YFL021W,YPL129W,1,-5.639477,0.13745322823524475,0.9919999837875366,0.6225000023841858
YOL109W,YGR282C,0,-5.6398783,0.1374341994524002,0.9919999837875366,0.6226000189781189
YFR015C,YNL264C,0,-5.6399794,0.13741515576839447,0.9919999837875366,0.6226999759674072
YJR040W,YLL019C,0,-5.639988,0.13739612698554993,0.9919999837875366,0.6227999925613403
YKR061W,YPR048W,0,-5.640562,0.13737709820270538,0.9919999837875366,0.6229000091552734
YGL209W,YMR159C,0,-5.6406994,0.13735806941986084,0.9919999837875366,0.6230000257492065
YCR089W,YOR388C,0,-5.641077,0.1373390555381775,0.9919999837875366,0.6230999827384949
YPL270W,YAL021C,0,-5.6411457,0.13732004165649414,0.9919999837875366,0.623199999332428
YGL055W,YOR167C,0,-5.6416674,0.13730104267597198,0.9919999837875366,0.6233000159263611
YNL305C,YDR356W,0,-5.6417093,0.13728204369544983,0.9919999837875366,0.6233999729156494
YKL137W,YBL058W,0,-5.6418743,0.13726304471492767,0.9919999837875366,0.6234999895095825
YDL216C,YDR115W,0,-5.642354,0.13724404573440552,0.9919999837875366,0.6236000061035156
YEL052W,YLR197W,0,-5.6423903,0.13722506165504456,0.9919999837875366,0.6237000226974487
YBR093C,YIR013C,0,-5.6426544,0.1372060924768448,0.9919999837875366,0.6237999796867371
YLL022C,YKL124W,0,-5.6427813,0.13718710839748383,0.9919999837875366,0.6238999962806702
YEL016C,YKL107W,0,-5.6430664,0.13716813921928406,0.9919999837875366,0.6240000128746033
YPL249C,YDR527W,0,-5.643076,0.1371491700410843,0.9919999837875366,0.6241000294685364
YPL144W,YDR369C,0,-5.6435766,0.13713021576404572,0.9919999837875366,0.6241999864578247
YGR052W,YDL070W,0,-5.643717,0.13711126148700714,0.9919999837875366,0.6243000030517578
YCL036W,YAL043C,0,-5.6438475,0.13709232211112976,0.9919999837875366,0.6244000196456909
YJL052W,YLR145W,0,-5.6438866,0.1370733678340912,0.9919999837875366,0.6244999766349792
YFR021W,YOR326W,0,-5.644305,0.1370544284582138,0.9919999837875366,0.6245999932289124
YOR070C,YBR155W,0,-5.6447163,0.13703550398349762,0.9919999837875366,0.6247000098228455
YKL152C,YNL152W,0,-5.645026,0.13701657950878143,0.9919999837875366,0.6248000264167786
YIL015W,YBR251W,0,-5.645257,0.13699765503406525,0.9919999837875366,0.6248999834060669
YLR308W,YOL133W,0,-5.6453714,0.13697873055934906,0.9919999837875366,0.625
YMR306W,YMR184W,0,-5.64548,0.13695982098579407,0.9919999837875366,0.6251000165939331
YMR087W,YDR523C,0,-5.645548,0.13694091141223907,0.9919999837875366,0.6251999735832214
YNL126W,YDR001C,0,-5.6462307,0.13692201673984528,0.9919999837875366,0.6252999901771545
YAL003W,YKL130C,0,-5.646248,0.13690312206745148,0.9919999837875366,0.6254000067710876
YDR341C,YGR038W,0,-5.646331,0.13688422739505768,0.9919999837875366,0.6255000233650208
YLL005C,YDL181W,0,-5.6464453,0.13686534762382507,0.9919999837875366,0.6255999803543091
YNL207W,YNL071W,0,-5.6466484,0.13684646785259247,0.9919999837875366,0.6256999969482422
YNL258C,YDL030W,0,-5.6466684,0.13682758808135986,0.9919999837875366,0.6258000135421753
YJR058C,YCR028C-A,0,-5.646722,0.13680872321128845,0.9919999837875366,0.6258999705314636
YPL079W,YLR008C,0,-5.647109,0.13678985834121704,0.9919999837875366,0.6259999871253967
YEL011W,YDR109C,0,-5.6474094,0.13677099347114563,0.9919999837875366,0.6261000037193298
YGR123C,YOR317W,0,-5.6484118,0.1367521435022354,0.9919999837875366,0.6262000203132629
YOL066C,YNL002C,0,-5.6486034,0.1367332935333252,0.9919999837875366,0.6262999773025513
YNL078W,YDR322C-A,0,-5.648755,0.13671444356441498,0.9919999837875366,0.6263999938964844
YIR006C,YLR353W,0,-5.649026,0.13669560849666595,0.9919999837875366,0.6265000104904175
YIL072W,YLR099C,0,-5.64909,0.13667677342891693,0.9919999837875366,0.6266000270843506
YLR447C,YMR159C,0,-5.649496,0.1366579383611679,0.9919999837875366,0.6266999840736389
YPR072W,YJL063C,0,-5.649585,0.13663911819458008,0.9919999837875366,0.626800000667572
YML036W,YGL123W,0,-5.649872,0.13662029802799225,0.9919999837875366,0.6269000172615051
YAR071W,YNL290W,0,-5.649993,0.1366014927625656,0.9919999837875366,0.6269999742507935
YPR081C,YHR112C,0,-5.650077,0.13658267259597778,0.9919999837875366,0.6270999908447266
YHR027C,YDR402C,0,-5.6502695,0.13656388223171234,0.9919999837875366,0.6272000074386597
YLR013W,YNR008W,0,-5.650319,0.1365450769662857,0.9919999837875366,0.6273000240325928
YDL246C,YBL002W,0,-5.6503887,0.13652628660202026,0.9919999837875366,0.6273999810218811
YOL005C,YKL064W,0,-5.65069,0.13650749623775482,0.9919999837875366,0.6274999976158142
YEL077C,YMR241W,0,-5.6509266,0.13648872077465057,0.9919999837875366,0.6276000142097473
YKL088W,YGR116W,0,-5.6515226,0.13646994531154633,0.9919999837875366,0.6276999711990356
YKR081C,YGL233W,0,-5.651635,0.13645116984844208,0.9919999837875366,0.6277999877929688
YBR068C,YIR014W,0,-5.6518593,0.13643240928649902,0.9919999837875366,0.6279000043869019
YNL128W,YLR210W,0,-5.651988,0.13641364872455597,0.9919999837875366,0.628000020980835
YGL179C,YPR181C,0,-5.652011,0.13639488816261292,0.9919999837875366,0.6280999779701233
YPL200W,YOR304C-A,0,-5.6520967,0.13637612760066986,0.9919999837875366,0.6281999945640564
YGL170C,YMR213W,0,-5.652171,0.136357381939888,0.9919999837875366,0.6283000111579895
YOL033W,YDR461W,0,-5.6522684,0.13633865118026733,0.9919999837875366,0.6284000277519226
YER078C,YKL046C,0,-5.65232,0.13631990551948547,0.9919999837875366,0.6284999847412109
YGR113W,YPR020W,0,-5.652375,0.1363011747598648,0.9919999837875366,0.628600001335144
YDR506C,YOR180C,0,-5.652464,0.13628245890140533,0.9919999837875366,0.6287000179290771
YNL227C,YNL298W,0,-5.6529427,0.13626374304294586,0.9919999837875366,0.6287999749183655
YOR125C,YDL191W,0,-5.6531687,0.1362450271844864,0.9919999837875366,0.6288999915122986
YPL180W,YEL062W,0,-5.6533203,0.13622631132602692,0.9919999837875366,0.6290000081062317
YGR109C,YDR115W,0,-5.6533403,0.13620761036872864,0.9919999837875366,0.6291000247001648
YKR019C,YDR240C,0,-5.653467,0.13618890941143036,0.9919999837875366,0.6291999816894531
YJR145C,YNL281W,0,-5.653676,0.13617020845413208,0.9919999837875366,0.6292999982833862
YNL012W,YGR287C,0,-5.6545744,0.136151522397995,0.9919999837875366,0.6294000148773193
YBR294W,YOR294W,0,-5.6545773,0.1361328363418579,0.9919999837875366,0.6294999718666077
YHR184W,YOR039W,0,-5.65471,0.13611416518688202,0.9919999837875366,0.6295999884605408
YBR008C,YIL132C,0,-5.6547318,0.13609547913074493,0.9919999837875366,0.6297000050544739
YNL003C,YBR010W,0,-5.655031,0.13607682287693024,0.9919999837875366,0.629800021648407
YCL033C,YBL054W,0,-5.655244,0.13605815172195435,0.9919999837875366,0.6298999786376953
YMR137C,YML123C,0,-5.6554775,0.13603949546813965,0.9919999837875366,0.6299999952316284
YDR151C,YDR266C,0,-5.6556425,0.13602083921432495,0.9919999837875366,0.6301000118255615
YBL055C,YLR130C,0,-5.6558495,0.13600219786167145,0.9919999837875366,0.6302000284194946
YDL079C,YPR098C,0,-5.6559896,0.13598355650901794,0.9919999837875366,0.630299985408783
YPL246C,YDL107W,0,-5.6561384,0.13596491515636444,0.9919999837875366,0.6304000020027161
YPL108W,YOR297C,0,-5.6562767,0.13594627380371094,0.9919999837875366,0.6305000185966492
YCR083W,YBR172C,0,-5.656311,0.13592764735221863,0.9919999837875366,0.6305999755859375
YKR054C,YLR095C,0,-5.656329,0.1359090358018875,0.9919999837875366,0.6306999921798706
YBR019C,YIL124W,0,-5.656557,0.1358904093503952,0.9919999837875366,0.6308000087738037
YCL033C,YHL022C,0,-5.6566,0.1358717978000641,0.9919999837875366,0.6309000253677368
YDR536W,YOR338W,0,-5.6569166,0.13585318624973297,0.9919999837875366,0.6309999823570251
YNL336W,YAR002C-A,0,-5.6571302,0.13583458960056305,0.9919999837875366,0.6310999989509583
YIR007W,YHR105W,0,-5.6574383,0.13581599295139313,0.9919999837875366,0.6312000155448914
YLR421C,YMR136W,0,-5.6575212,0.1357973963022232,0.9919999837875366,0.6312999725341797
YGL011C,YIL111W,0,-5.6578197,0.13577881455421448,0.9919999837875366,0.6313999891281128
YMR115W,YLR287C-A,0,-5.6578646,0.13576023280620575,0.9919999837875366,0.6315000057220459
YBR128C,YDL190C,0,-5.658183,0.13574165105819702,0.9919999837875366,0.631600022315979
YNL283C,YJR138W,0,-5.6583385,0.1357230842113495,0.9919999837875366,0.6316999793052673
YDL097C,YNL172W,0,-5.658469,0.13570451736450195,0.9919999837875366,0.6317999958992004
YMR109W,YKR087C,0,-5.658518,0.13568595051765442,0.9919999837875366,0.6319000124931335
YBR050C,YJR070C,0,-5.6586056,0.13566739857196808,0.9919999837875366,0.6320000290870667
YBR021W,YFL018C,0,-5.6586866,0.13564884662628174,0.9919999837875366,0.632099986076355
YPL158C,YHR031C,0,-5.658703,0.1356302946805954,0.9919999837875366,0.6322000026702881
YBR222C,YLL034C,0,-5.658823,0.13561175763607025,0.9919999837875366,0.6323000192642212
YBL057C,YDR003W,0,-5.6589613,0.1355932205915451,0.9919999837875366,0.6323999762535095
YHR112C,YCR008W,0,-5.659793,0.13557468354701996,0.9919999837875366,0.6324999928474426
YDR522C,YIR038C,0,-5.6598377,0.135556161403656,0.9919999837875366,0.6326000094413757
YEL026W,YBR102C,0,-5.659993,0.13553763926029205,0.9919999837875366,0.6327000260353088
YNL115C,YDR393W,0,-5.6601286,0.1355191320180893,0.9919999837875366,0.6327999830245972
YBR267W,YOR037W,0,-5.660247,0.13550060987472534,0.9919999837875366,0.6328999996185303
YHR041C,YML099C,0,-5.6604404,0.13548210263252258,0.9919999837875366,0.6330000162124634
YOR239W,YLR073C,0,-5.66064,0.13546361029148102,0.9919999837875366,0.6330999732017517
YIR021W,YOR332W,0,-5.6609993,0.13544511795043945,0.9919999837875366,0.6331999897956848
YKL198C,YMR270C,0,-5.661104,0.1354266256093979,0.9919999837875366,0.6333000063896179
YGR215W,YER058W,0,-5.6612644,0.13540813326835632,0.9919999837875366,0.633400022983551
YDL128W,YDR164C,0,-5.661498,0.13538965582847595,0.9919999837875366,0.6334999799728394
YMR319C,YER052C,0,-5.6615,0.13537117838859558,0.9919999837875366,0.6335999965667725
YPL249C,YMR061W,0,-5.6615477,0.1353527158498764,0.9919999837875366,0.6337000131607056
YDL049C,YLR057W,0,-5.662011,0.13533423840999603,0.9919999837875366,0.6338000297546387
YHR063C,YIL066C,0,-5.662034,0.13531577587127686,0.9919999837875366,0.633899986743927
YCR081W,YIL172C,0,-5.6625214,0.13529732823371887,0.9919999837875366,0.6340000033378601
YBR018C,YGL200C,0,-5.662799,0.1352788805961609,0.9919999837875366,0.6341000199317932
YLR309C,YFL055W,0,-5.662904,0.1352604329586029,0.9919999837875366,0.6341999769210815
YCL036W,YGR033C,0,-5.663414,0.13524198532104492,0.9919999837875366,0.6342999935150146
YPL200W,YKR008W,0,-5.6634502,0.13522355258464813,0.9919999837875366,0.6344000101089478
YGR074W,YER119C,0,-5.663513,0.13520511984825134,0.9919999837875366,0.6345000267028809
YMR024W,YPL099C,0,-5.663579,0.13518670201301575,0.9919999837875366,0.6345999836921692
YDR443C,YDL004W,0,-5.6637163,0.13516828417778015,0.9919999837875366,0.6347000002861023
YDL109C,YOR291W,0,-5.66391,0.13514986634254456,0.9919999837875366,0.6348000168800354
YLR308W,YGL026C,0,-5.663972,0.13513144850730896,0.9919999837875366,0.6348999738693237
YNL115C,YDR456W,0,-5.6643295,0.13511304557323456,0.9919999837875366,0.6349999904632568
YOL086C,YIL139C,0,-5.6643963,0.13509464263916016,0.9919999837875366,0.6351000070571899
YER162C,YBR199W,0,-5.664713,0.13507625460624695,0.9919999837875366,0.635200023651123
YKR102W,YFL066C,0,-5.6651535,0.13505786657333374,0.9919999837875366,0.6352999806404114
YCR073C,YDR109C,0,-5.6656647,0.13503947854042053,0.9919999837875366,0.6353999972343445
YPR168W,YER035W,0,-5.6658373,0.13502109050750732,0.9919999837875366,0.6355000138282776
YKR019C,YPL228W,0,-5.666603,0.1350027173757553,0.9919999837875366,0.6355999708175659
YOR075W,YLR357W,0,-5.666668,0.1349843442440033,0.9919999837875366,0.635699987411499
YGR068C,YNL254C,0,-5.6667233,0.13496598601341248,0.9919999837875366,0.6358000040054321
YLR022C,YOR228C,0,-5.666789,0.13494762778282166,0.9919999837875366,0.6359000205993652
YPR145W,YOR237W,0,-5.6667967,0.13492926955223083,0.9919999837875366,0.6359999775886536
YHL047C,YNL238W,0,-5.666994,0.1349109262228012,0.9919999837875366,0.6360999941825867
YDR477W,YJR127C,0,-5.667055,0.13489258289337158,0.9919999837875366,0.6362000107765198
YKL126W,YJR134C,0,-5.6673126,0.13487423956394196,0.9919999837875366,0.6363000273704529
YMR049C,YKR044W,0,-5.6673584,0.13485589623451233,0.9919999837875366,0.6363999843597412
YOR076C,YKL206C,0,-5.6675215,0.1348375678062439,0.9919999837875366,0.6365000009536743
YNL003C,YOR308C,0,-5.667593,0.13481923937797546,0.9919999837875366,0.6366000175476074
YGL185C,YNL265C,0,-5.6680765,0.13480092585086823,0.9919999837875366,0.6366999745368958
YHR116W,YMR293C,0,-5.668209,0.134782612323761,0.9919999837875366,0.6367999911308289
YGR124W,YLL017W,0,-5.6682835,0.13476429879665375,0.9919999837875366,0.636900007724762
YER154W,YEL016C,0,-5.6683416,0.1347460001707077,0.9919999837875366,0.6370000243186951
YDR322W,YOR326W,0,-5.668542,0.13472768664360046,0.9919999837875366,0.6370999813079834
YNL079C,YGR144W,0,-5.6685963,0.1347094029188156,0.9919999837875366,0.6371999979019165
YOR384W,YML115C,0,-5.6687536,0.13469110429286957,0.9919999837875366,0.6373000144958496
YER117W,YKL011C,0,-5.668912,0.13467282056808472,0.9919999837875366,0.6373999714851379
YJR066W,YOR133W,0,-5.669076,0.13465453684329987,0.9919999837875366,0.637499988079071
YFR006W,YOR293W,0,-5.6692905,0.1346362680196762,0.9919999837875366,0.6376000046730042
YNL325C,YPL187W,0,-5.669697,0.13461799919605255,0.9919999837875366,0.6377000212669373
YGL237C,YPR028W,0,-5.669961,0.1345997303724289,0.9919999837875366,0.6377999782562256
YLR051C,YEL029C,0,-5.6700077,0.13458146154880524,0.9919999837875366,0.6378999948501587
YOR245C,YFR052W,0,-5.6702204,0.13456320762634277,0.9919999837875366,0.6380000114440918
YNL005C,YDR109C,0,-5.670306,0.1345449686050415,0.9919999837875366,0.6381000280380249
YNL166C,YCR053W,0,-5.670391,0.13452671468257904,0.9919999837875366,0.6381999850273132
YBL024W,YPR094W,0,-5.6705065,0.13450847566127777,0.9919999837875366,0.6383000016212463
YHL019C,YER019W,0,-5.6711903,0.1344902366399765,0.9919999837875366,0.6384000182151794
YLR155C,YBR207W,0,-5.6712694,0.13447201251983643,0.9919999837875366,0.6384999752044678
YPR011C,YDR462W,0,-5.6712837,0.13445378839969635,0.9919999837875366,0.6385999917984009
YHR099W,YIL026C,0,-5.671303,0.13443556427955627,0.9919999837875366,0.638700008392334
YPL220W,YOR140W,0,-5.671486,0.1344173401594162,0.9919999837875366,0.6388000249862671
YLR045C,YKR087C,0,-5.6715355,0.13439913094043732,0.9919999837875366,0.6388999819755554
YPL031C,YNL262W,0,-5.6715593,0.13438092172145844,0.9919999837875366,0.6389999985694885
YBR216C,YPL218W,0,-5.6720524,0.13436272740364075,0.9919999837875366,0.6391000151634216
YBL037W,YOR237W,0,-5.67208,0.13434453308582306,0.9919999837875366,0.63919997215271
YNR040W,YGL090W,0,-5.6723804,0.13432633876800537,0.9919999837875366,0.6392999887466431
YDR064W,YDR096W,0,-5.672743,0.13430814445018768,0.9919999837875366,0.6394000053405762
YGL223C,YOR120W,0,-5.67276,0.1342899650335312,0.9919999837875366,0.6395000219345093
YOR181W,YLR103C,0,-5.672761,0.1342717856168747,0.9919999837875366,0.6395999789237976
YFR013W,YNL178W,0,-5.6728544,0.1342536211013794,0.9919999837875366,0.6396999955177307
YLR414C,YPL031C,0,-5.672861,0.1342354565858841,0.9919999837875366,0.6398000121116638
YER087W,YOR292C,0,-5.6730423,0.1342172920703888,0.9919999837875366,0.6399000287055969
YLR160C,YMR303C,0,-5.6734095,0.1341991275548935,0.9919999837875366,0.6399999856948853
YJL117W,YKL170W,0,-5.6734104,0.1341809779405594,0.9919999837875366,0.6401000022888184
YKR022C,YDR540C,0,-5.673459,0.13416282832622528,0.9919999837875366,0.6402000188827515
YBR093C,YJR149W,0,-5.673688,0.13414469361305237,0.9919999837875366,0.6402999758720398
YPL092W,YML022W,0,-5.6741247,0.13412655889987946,0.9919999837875366,0.6403999924659729
YDL045C,YJR086W,0,-5.674511,0.13410842418670654,0.9919999837875366,0.640500009059906
YDR329C,YHR086W,0,-5.675112,0.13409028947353363,0.9919999837875366,0.6406000256538391
YKL109W,YIL049W,0,-5.6752567,0.1340721696615219,0.9919999837875366,0.6406999826431274
YDR196C,YNL146W,0,-5.675377,0.1340540498495102,0.9919999837875366,0.6407999992370605
YMR189W,YPL187W,0,-5.675521,0.13403594493865967,0.9919999837875366,0.6409000158309937
YGL253W,YML109W,0,-5.675681,0.13401784002780914,0.9919999837875366,0.640999972820282
YOR092W,YHR175W,0,-5.6760874,0.13399973511695862,0.9919999837875366,0.6410999894142151
YGR166W,YHR057C,0,-5.6761217,0.1339816302061081,0.9919999837875366,0.6412000060081482
YOR141C,YNL185C,0,-5.6767435,0.13396354019641876,0.9919999837875366,0.6413000226020813
YBR223C,YOL146W,0,-5.6769476,0.13394545018672943,0.9919999837875366,0.6413999795913696
YDL008W,YLR359W,0,-5.6769934,0.1339273601770401,0.9919999837875366,0.6414999961853027
YGR279C,YIL134W,0,-5.677039,0.13390928506851196,0.9919999837875366,0.6416000127792358
YKL117W,YIL160C,0,-5.6770525,0.13389120995998383,0.9919999837875366,0.641700029373169
YGL003C,YHL016C,0,-5.677166,0.13387314975261688,0.9919999837875366,0.6417999863624573
YKL088W,YBR082C,0,-5.677225,0.13385507464408875,0.9919999837875366,0.6419000029563904
YOL148C,YDR216W,0,-5.6773767,0.1338370144367218,0.9919999837875366,0.6420000195503235
YLR207W,YGL249W,0,-5.6775217,0.13381896913051605,0.9919999837875366,0.6420999765396118
YMR256C,YDR477W,0,-5.6779213,0.1338009238243103,0.9919999837875366,0.6421999931335449
YEL055C,YGL181W,0,-5.678293,0.13378287851810455,0.9919999837875366,0.642300009727478
YJL090C,YBR299W,0,-5.6784716,0.1337648332118988,0.9919999837875366,0.6424000263214111
YNL222W,YMR236W,1,-5.678626,0.13388162851333618,0.9929999709129333,0.6424000263214111
YHR094C,YGL256W,0,-5.6786747,0.13386356830596924,0.9929999709129333,0.6424999833106995
YNL257C,YPL007C,1,-5.6787186,0.13398031890392303,0.9940000176429749,0.6424999833106995
YMR295C,YBR265W,0,-5.678731,0.1339622586965561,0.9940000176429749,0.6425999999046326
YOR017W,YIR014W,0,-5.678898,0.13394421339035034,0.9940000176429749,0.6427000164985657
YFR033C,YMR231W,0,-5.679124,0.1339261680841446,0.9940000176429749,0.642799973487854
YLR229C,YDL080C,0,-5.6791716,0.13390812277793884,0.9940000176429749,0.6428999900817871
YDR294C,YHR115C,0,-5.6792707,0.1338900923728943,0.9940000176429749,0.6430000066757202
YBR274W,YEL058W,0,-5.679306,0.13387204706668854,0.9940000176429749,0.6431000232696533
YMR194W,YCL014W,0,-5.6793814,0.13385403156280518,0.9940000176429749,0.6431999802589417
YGR185C,YCR057C,0,-5.6794167,0.13383600115776062,0.9940000176429749,0.6432999968528748
YGR033C,YDR134C,0,-5.6794615,0.13381798565387726,0.9940000176429749,0.6434000134468079
YLR421C,YMR189W,0,-5.6795235,0.1337999701499939,0.9940000176429749,0.6434999704360962
YOR181W,YOR058C,0,-5.6803055,0.13378196954727173,0.9940000176429749,0.6435999870300293
YLR029C,YFL041W,0,-5.6803284,0.13376396894454956,0.9940000176429749,0.6437000036239624
YGL014W,YKR044W,0,-5.68038,0.1337459683418274,0.9940000176429749,0.6438000202178955
YNL169C,YDR383C,0,-5.6804543,0.13372796773910522,0.9940000176429749,0.6438999772071838
YMR256C,YCR020W-B,0,-5.6807737,0.13370998203754425,0.9940000176429749,0.6439999938011169
YIL006W,YCR020W-B,0,-5.680852,0.13369199633598328,0.9940000176429749,0.64410001039505
YDR182W,YGL083W,0,-5.6808567,0.1336740255355835,0.9940000176429749,0.6442000269889832
YBR105C,YNL087W,0,-5.680975,0.13365603983402252,0.9940000176429749,0.6442999839782715
YHR147C,YBR298C,0,-5.681014,0.13363806903362274,0.9940000176429749,0.6444000005722046
YGR118W,YCR081W,0,-5.6810474,0.13362011313438416,0.9940000176429749,0.6445000171661377
YLR192C,YJL028W,0,-5.6810617,0.13360215723514557,0.9940000176429749,0.644599974155426
YLR343W,YGR255C,0,-5.68176,0.13358420133590698,0.9940000176429749,0.6446999907493591
YPL082C,YGL166W,1,-5.681921,0.13370062410831451,0.9950000047683716,0.6446999907493591
YNL049C,YJR140C,0,-5.6822596,0.13368265330791473,0.9950000047683716,0.6448000073432922
YMR052W,YCL050C,0,-5.682267,0.13366469740867615,0.9950000047683716,0.6449000239372253
YHR215W,YPL200W,0,-5.682376,0.13364674150943756,0.9950000047683716,0.6449999809265137
YER126C,YEL020C,0,-5.6824703,0.13362880051136017,0.9950000047683716,0.6450999975204468
YCL057W,YGR054W,0,-5.6825323,0.13361084461212158,0.9950000047683716,0.6452000141143799
YMR038C,YLR353W,0,-5.682598,0.1335929036140442,0.9950000047683716,0.6452999711036682
YJL071W,YAL061W,0,-5.6827307,0.133574977517128,0.9950000047683716,0.6453999876976013
YOR106W,YMR201C,0,-5.682809,0.1335570514202118,0.9950000047683716,0.6455000042915344
YMR300C,YIL158W,0,-5.683202,0.1335391253232956,0.9950000047683716,0.6456000208854675
YJL200C,YCL050C,0,-5.6832886,0.1335211992263794,0.9950000047683716,0.6456999778747559
YKL208W,YNL127W,0,-5.683443,0.1335032880306244,0.9950000047683716,0.645799994468689
YMR280C,YLR206W,0,-5.68349,0.13348537683486938,0.9950000047683716,0.6459000110626221
YOR346W,YIL066C,0,-5.6837425,0.13346746563911438,0.9950000047683716,0.6460000276565552
YDR511W,YMR273C,0,-5.6839933,0.13344956934452057,0.9950000047683716,0.6460999846458435
YBR210W,YPL152W,0,-5.6840305,0.13343167304992676,0.9950000047683716,0.6462000012397766
YPL085W,YPR065W,0,-5.6843176,0.13341377675533295,0.9950000047683716,0.6463000178337097
YIR037W,YNR045W,0,-5.684766,0.13339589536190033,0.9950000047683716,0.646399974822998
YAR050W,YBR247C,0,-5.6847696,0.1333780139684677,0.9950000047683716,0.6464999914169312
YEL011W,YOR367W,0,-5.6848183,0.1333601325750351,0.9950000047683716,0.6466000080108643
YGR132C,YDR238C,0,-5.6848583,0.13334226608276367,0.9950000047683716,0.6467000246047974
YML109W,YLR376C,0,-5.6850367,0.13332439959049225,0.9950000047683716,0.6467999815940857
YJL072C,YLR364W,0,-5.685067,0.13330653309822083,0.9950000047683716,0.6468999981880188
YLR163C,YML063W,0,-5.6851397,0.1332886815071106,0.9950000047683716,0.6470000147819519
YMR303C,YDR065W,0,-5.6851425,0.13327082991600037,0.9950000047683716,0.6470999717712402
YNL208W,YJL066C,0,-5.6853323,0.13325297832489014,0.9950000047683716,0.6471999883651733
YGL020C,YFR019W,0,-5.685383,0.1332351416349411,0.9950000047683716,0.6473000049591064
YOR244W,YDR156W,0,-5.6855297,0.13321730494499207,0.9950000047683716,0.6474000215530396
YNL188W,YDR296W,0,-5.685769,0.13319946825504303,0.9950000047683716,0.6474999785423279
YNL272C,YLR225C,0,-5.686734,0.133181631565094,0.9950000047683716,0.647599995136261
YLR320W,YFR036W,0,-5.686741,0.13316380977630615,0.9950000047683716,0.6477000117301941
YLR113W,YGR035C,0,-5.6870365,0.1331459879875183,0.9950000047683716,0.6478000283241272
YML085C,YDL039C,0,-5.687086,0.13312818109989166,0.9950000047683716,0.6478999853134155
YFR003C,YGR282C,0,-5.687334,0.13311037421226501,0.9950000047683716,0.6480000019073486
YER003C,YKL011C,0,-5.6875334,0.13309256732463837,0.9950000047683716,0.6481000185012817
YLL045C,YLR035C-A,0,-5.68797,0.13307476043701172,0.9950000047683716,0.6481999754905701
YBR282W,YGL209W,0,-5.688261,0.13305696845054626,0.9950000047683716,0.6482999920845032
YOR106W,YBL054W,0,-5.6883583,0.1330391764640808,0.9950000047683716,0.6484000086784363
YFL039C,YOR367W,0,-5.688406,0.13302138447761536,0.9950000047683716,0.6485000252723694
YHR134W,YDR351W,0,-5.688611,0.1330036073923111,0.9950000047683716,0.6485999822616577
YEL041W,YJR099W,0,-5.6887093,0.13298583030700684,0.9950000047683716,0.6486999988555908
YIR036C,YFL052W,0,-5.6887207,0.13296806812286377,0.9950000047683716,0.6488000154495239
YOR096W,YEL070W,0,-5.688794,0.1329502910375595,0.9950000047683716,0.6488999724388123
YAL035W,YIR034C,0,-5.6888494,0.13293252885341644,0.9950000047683716,0.6489999890327454
YDR330W,YDR037W,0,-5.689006,0.13291478157043457,0.9950000047683716,0.6491000056266785
YJR130C,YMR296C,0,-5.6891603,0.1328970193862915,0.9950000047683716,0.6492000222206116
YOL139C,YDR026C,0,-5.689165,0.13287927210330963,0.9950000047683716,0.6492999792098999
YLR077W,YPL009C,0,-5.6892033,0.13286152482032776,0.9950000047683716,0.649399995803833
YJL090C,YIL160C,0,-5.6892166,0.13284379243850708,0.9950000047683716,0.6495000123977661
YPL121C,YNL016W,0,-5.689533,0.1328260600566864,0.9950000047683716,0.6496000289916992
YER145C,YDR104C,0,-5.689621,0.13280832767486572,0.9950000047683716,0.6496999859809875
YPL237W,YMR266W,0,-5.6897736,0.13279061019420624,0.9950000047683716,0.6498000025749207
YCR003W,YDR134C,0,-5.689886,0.13277287781238556,0.9950000047683716,0.6499000191688538
YGR109C,YER147C,0,-5.6901684,0.13275517523288727,0.9950000047683716,0.6499999761581421
YGR185C,YOL145C,0,-5.6903753,0.13273745775222778,0.9950000047683716,0.6500999927520752
YBR145W,YPL059W,0,-5.6907024,0.1327197551727295,0.9950000047683716,0.6502000093460083
YGL134W,YDL246C,0,-5.690711,0.1327020525932312,0.9950000047683716,0.6503000259399414
YMR309C,YBL046W,0,-5.69083,0.1326843649148941,0.9950000047683716,0.6503999829292297
YHR176W,YJL014W,0,-5.691248,0.1326666623353958,0.9950000047683716,0.6504999995231628
YLR147C,YML116W,0,-5.6912813,0.13264897465705872,0.9950000047683716,0.650600016117096
YPR011C,YHR147C,0,-5.691697,0.1326313018798828,0.9950000047683716,0.6506999731063843
YLR153C,YIR032C,0,-5.691744,0.13261361420154572,0.9950000047683716,0.6507999897003174
YML022W,YGL249W,0,-5.691745,0.1325959414243698,0.9950000047683716,0.6509000062942505
YGL014W,YBL009W,0,-5.6917477,0.1325782835483551,0.9950000047683716,0.6510000228881836
YJR083C,YLR353W,0,-5.6917896,0.1325606107711792,0.9950000047683716,0.6510999798774719
YDR285W,YMR029C,0,-5.6918707,0.1325429528951645,0.9950000047683716,0.651199996471405
YEL002C,YER146W,0,-5.6927013,0.13252530992031097,0.9950000047683716,0.6513000130653381
YOR306C,YBR204C,0,-5.692915,0.13250765204429626,0.9950000047683716,0.6514000296592712
YDR018C,YNR074C,0,-5.692954,0.13249000906944275,0.9950000047683716,0.6514999866485596
YML052W,YLR145W,0,-5.69324,0.13247238099575043,0.9950000047683716,0.6516000032424927
YAL063C,YKL125W,0,-5.693248,0.1324547380208969,0.9950000047683716,0.6517000198364258
YPL152W,YJR112W,0,-5.693281,0.1324371099472046,0.9950000047683716,0.6517999768257141
YDR134C,YMR054W,0,-5.693943,0.13241948187351227,0.9950000047683716,0.6518999934196472
YKR054C,YJR105W,0,-5.6941004,0.13240186870098114,0.9950000047683716,0.6520000100135803
YOR221C,YHR184W,0,-5.694539,0.13238424062728882,0.9950000047683716,0.6521000266075134
YPL134C,YMR189W,0,-5.6948547,0.13236664235591888,0.9950000047683716,0.6521999835968018
YKR069W,YJL210W,0,-5.694968,0.13234902918338776,0.9950000047683716,0.6523000001907349
YNL217W,YPL132W,0,-5.6954155,0.13233143091201782,0.9950000047683716,0.652400016784668
YFL062W,YDL165W,0,-5.695611,0.1323138326406479,0.9950000047683716,0.6524999737739563
YOR043W,YPL005W,0,-5.6956844,0.13229623436927795,0.9950000047683716,0.6525999903678894
YKL024C,YPL101W,0,-5.695875,0.1322786509990692,0.9950000047683716,0.6527000069618225
YLR398C,YKR103W,0,-5.6959057,0.13226106762886047,0.9950000047683716,0.6528000235557556
YFL017W-A,YCL034W,0,-5.6959457,0.13224348425865173,0.9950000047683716,0.652899980545044
YJR007W,YDL040C,0,-5.696104,0.1322259157896042,0.9950000047683716,0.652999997138977
YDR117C,YGL083W,0,-5.6965685,0.13220834732055664,0.9950000047683716,0.6531000137329102
YDR060W,YDL035C,0,-5.696602,0.1321907788515091,0.9950000047683716,0.6531999707221985
YLR309C,YGR148C,0,-5.6969233,0.13217322528362274,0.9950000047683716,0.6532999873161316
YIL050W,YBR230C,0,-5.697256,0.1321556717157364,0.9950000047683716,0.6534000039100647
YCR077C,YNR022C,0,-5.697382,0.13213811814785004,0.9950000047683716,0.6535000205039978
YBR293W,YBL068W,0,-5.6977406,0.13212056457996368,0.9950000047683716,0.6535999774932861
YHR211W,YJL060W,0,-5.6978636,0.13210302591323853,0.9950000047683716,0.6536999940872192
YNL293W,YMR071C,0,-5.697938,0.13208548724651337,0.9950000047683716,0.6538000106811523
YNL027W,YAL039C,0,-5.6979427,0.1320679634809494,0.9950000047683716,0.6539000272750854
YIL111W,YLR040C,0,-5.698082,0.13205042481422424,0.9950000047683716,0.6539999842643738
YHL018W,YGL237C,0,-5.698084,0.13203291594982147,0.9950000047683716,0.6541000008583069
YJL170C,YGR008C,0,-5.6982336,0.1320153921842575,0.9950000047683716,0.65420001745224
YFR006W,YMR104C,0,-5.69839,0.13199788331985474,0.9950000047683716,0.6542999744415283
YEL046C,YOR242C,0,-5.698781,0.13198037445545197,0.9950000047683716,0.6543999910354614
YLR285W,YOL101C,0,-5.6988525,0.1319628655910492,0.9950000047683716,0.6545000076293945
YLR099C,YML112W,0,-5.698925,0.13194537162780762,0.9950000047683716,0.6546000242233276
YHR136C,YGL130W,0,-5.6990128,0.13192787766456604,0.9950000047683716,0.654699981212616
YCR048W,YLR088W,0,-5.6991796,0.13191038370132446,0.9950000047683716,0.6547999978065491
YLL010C,YKL013C,0,-5.6997623,0.13189288973808289,0.9950000047683716,0.6549000144004822
YHR211W,YBR214W,0,-5.6997814,0.1318754106760025,0.9950000047683716,0.6549999713897705
YPR124W,YDR363W-A,0,-5.7000513,0.13185793161392212,0.9950000047683716,0.6550999879837036
YML024W,YPL192C,0,-5.7000694,0.13184046745300293,0.9950000047683716,0.6552000045776367
YDR079W,YDL004W,0,-5.7000885,0.13182300329208374,0.9950000047683716,0.6553000211715698
YGL236C,YDR484W,0,-5.7002335,0.13180553913116455,0.9950000047683716,0.6553999781608582
YMR036C,YJR101W,0,-5.70059,0.13178807497024536,0.9950000047683716,0.6554999947547913
YCR027C,YKL172W,0,-5.7007265,0.13177062571048737,0.9950000047683716,0.6556000113487244
YKL082C,YPR065W,0,-5.7018814,0.13175317645072937,0.9950000047683716,0.6557000279426575
YER141W,YDR270W,0,-5.7021475,0.13173572719097137,0.9950000047683716,0.6557999849319458
YDR331W,YIL076W,0,-5.7026196,0.13171829283237457,0.9950000047683716,0.6559000015258789
YNR028W,YJL108C,0,-5.7027082,0.13170085847377777,0.9950000047683716,0.656000018119812
YFL037W,YGR067C,0,-5.702986,0.13168342411518097,0.9950000047683716,0.6560999751091003
YOR142W,YOR293W,0,-5.7031116,0.13166600465774536,0.9950000047683716,0.6561999917030334
YLR229C,YKL135C,0,-5.703141,0.13164858520030975,0.9950000047683716,0.6563000082969666
YDL141W,YDL130W-A,0,-5.703334,0.13163116574287415,0.9950000047683716,0.6564000248908997
YNL015W,YDR044W,0,-5.7035294,0.13161376118659973,0.9950000047683716,0.656499981880188
YNL149C,YNL283C,0,-5.7039423,0.13159635663032532,0.9950000047683716,0.6565999984741211
YGL038C,YBL030C,0,-5.703964,0.1315789520740509,0.9950000047683716,0.6567000150680542
YNL256W,YJL092W,0,-5.7040386,0.1315615475177765,0.9950000047683716,0.6567999720573425
YKL171W,YBR192W,0,-5.704172,0.13154415786266327,0.9950000047683716,0.6568999886512756
YDR006C,YJR095W,0,-5.7046013,0.13152676820755005,0.9950000047683716,0.6570000052452087
YGR227W,YFL055W,0,-5.704645,0.13150937855243683,0.9950000047683716,0.6571000218391418
YOR301W,YBR201W,0,-5.7046766,0.1314920037984848,0.9950000047683716,0.6571999788284302
YHR104W,YAL017W,0,-5.7048025,0.13147462904453278,0.9950000047683716,0.6572999954223633
YNR035C,YER006W,0,-5.704855,0.13145725429058075,0.9950000047683716,0.6574000120162964
YKL042W,YKL148C,0,-5.7049456,0.13143989443778992,0.9950000047683716,0.6575000286102295
YDR017C,YNL077W,0,-5.705286,0.13142253458499908,0.9950000047683716,0.6575999855995178
YEL030W,YJR160C,0,-5.705434,0.13140517473220825,0.9950000047683716,0.6577000021934509
YMR306W,YKR059W,0,-5.7055264,0.1313878297805786,0.9950000047683716,0.657800018787384
YNL016W,YAR015W,0,-5.7059975,0.13137048482894897,0.9950000047683716,0.6578999757766724
YJR110W,YNL283C,0,-5.7062893,0.13135313987731934,0.9950000047683716,0.6579999923706055
YLR051C,YKL189W,0,-5.7063646,0.1313357949256897,0.9950000047683716,0.6581000089645386
YKL184W,YMR302C,0,-5.706395,0.13131846487522125,0.9950000047683716,0.6582000255584717
YOR003W,YLR383W,0,-5.7064314,0.1313011348247528,0.9950000047683716,0.65829998254776
YFR044C,YIR022W,0,-5.7066526,0.13128380477428436,0.9950000047683716,0.6583999991416931
YER185W,YPR118W,0,-5.7068796,0.1312664896249771,0.9950000047683716,0.6585000157356262
YOL155C,YPR144C,0,-5.706895,0.13124917447566986,0.9950000047683716,0.6585999727249146
YGL033W,YMR061W,0,-5.707308,0.1312318593263626,0.9950000047683716,0.6586999893188477
YNL002C,YDR447C,0,-5.707449,0.13121455907821655,0.9950000047683716,0.6588000059127808
YLL012W,YNL077W,0,-5.7074814,0.1311972588300705,0.9950000047683716,0.6589000225067139
YDL143W,YMR296C,0,-5.707491,0.13117995858192444,0.9950000047683716,0.6589999794960022
YDR393W,YLR048W,0,-5.7077246,0.13116267323493958,0.9950000047683716,0.6590999960899353
YPL055C,YML085C,0,-5.7078943,0.13114537298679352,0.9950000047683716,0.6592000126838684
YML080W,YDR299W,0,-5.707904,0.13112810254096985,0.9950000047683716,0.6593000292778015
YKL137W,YOR127W,0,-5.707961,0.13111081719398499,0.9950000047683716,0.6593999862670898
YDR387C,YDR224C,0,-5.70805,0.13109354674816132,0.9950000047683716,0.659500002861023
YFL057C,YMR176W,0,-5.7088404,0.13107627630233765,0.9950000047683716,0.659600019454956
YHR134W,YML066C,0,-5.7095566,0.13105900585651398,0.9950000047683716,0.6596999764442444
YER106W,YDR424C,0,-5.7095966,0.1310417503118515,0.9950000047683716,0.6597999930381775
YOR313C,YBL093C,0,-5.7098618,0.13102449476718903,0.9950000047683716,0.6599000096321106
YFL023W,YER035W,0,-5.7098866,0.13100723922252655,0.9950000047683716,0.6600000262260437
YHR181W,YDR338C,0,-5.710575,0.13098999857902527,0.9950000047683716,0.660099983215332
YHR117W,YPL095C,0,-5.710783,0.130972757935524,0.9950000047683716,0.6601999998092651
YER078C,YER104W,0,-5.7110186,0.1309555172920227,0.9950000047683716,0.6603000164031982
YDR226W,YDL226C,0,-5.7111053,0.13093827664852142,0.9950000047683716,0.6603999733924866
YJL200C,YKL208W,0,-5.7111197,0.13092105090618134,0.9950000047683716,0.6604999899864197
YLR216C,YGL083W,0,-5.711339,0.13090382516384125,0.9950000047683716,0.6606000065803528
YMR268C,YGL141W,0,-5.711501,0.13088661432266235,0.9950000047683716,0.6607000231742859
YNL321W,YDR322C-A,0,-5.7116146,0.13086938858032227,0.9950000047683716,0.6607999801635742
YMR285C,YOR287C,0,-5.711626,0.13085217773914337,0.9950000047683716,0.6608999967575073
YLR013W,YNL012W,0,-5.7118587,0.13083498179912567,0.9950000047683716,0.6610000133514404
YDR222W,YDR299W,0,-5.7119875,0.13081777095794678,0.9950000047683716,0.6610999703407288
YGR238C,YIL002C,0,-5.7122946,0.13080057501792908,0.9950000047683716,0.6611999869346619
YBR139W,YIL095W,0,-5.7128963,0.13078337907791138,0.9950000047683716,0.661300003528595
YLR240W,YGR277C,0,-5.7131815,0.13076619803905487,0.9950000047683716,0.6614000201225281
YDR315C,YMR321C,0,-5.71332,0.13074901700019836,0.9950000047683716,0.6614999771118164
YGL249W,YIR017C,0,-5.713523,0.13073183596134186,0.9950000047683716,0.6615999937057495
YGR027C,YER011W,0,-5.7136574,0.13071465492248535,0.9950000047683716,0.6617000102996826
YNR043W,YDR393W,0,-5.7139215,0.13069748878479004,0.9950000047683716,0.6618000268936157
YJR005W,YGL040C,0,-5.714058,0.13068032264709473,0.9950000047683716,0.661899983882904
YNL217W,YPR102C,0,-5.7141266,0.1306631714105606,0.9950000047683716,0.6620000004768372
YBR159W,YDR338C,0,-5.714178,0.1306460052728653,0.9950000047683716,0.6621000170707703
YAL041W,YLR395C,0,-5.714431,0.13062885403633118,0.9950000047683716,0.6621999740600586
YIL115C,YKL056C,0,-5.7145414,0.13061170279979706,0.9950000047683716,0.6622999906539917
YNL231C,YMR284W,0,-5.714608,0.13059456646442413,0.9950000047683716,0.6624000072479248
YNR020C,YMR004W,0,-5.714632,0.1305774301290512,0.9950000047683716,0.6625000238418579
YML078W,YBR020W,0,-5.7147293,0.13056029379367828,0.9950000047683716,0.6625999808311462
YGR192C,YCL032W,0,-5.714836,0.13054315745830536,0.9950000047683716,0.6626999974250793
YIR010W,YKR042W,0,-5.715209,0.13052603602409363,0.9950000047683716,0.6628000140190125
YIR035C,YLL013C,0,-5.7153006,0.1305089145898819,0.9950000047683716,0.6628999710083008
YNL026W,YHR135C,0,-5.7153444,0.13049180805683136,0.9950000047683716,0.6629999876022339
YER052C,YOR338W,0,-5.7154007,0.13047468662261963,0.9950000047683716,0.663100004196167
YNL115C,YOL039W,0,-5.7154684,0.1304575800895691,0.9950000047683716,0.6632000207901001
YNR063W,YIL048W,0,-5.71554,0.13044048845767975,0.9950000047683716,0.6632999777793884
YEL022W,YBR205W,0,-5.7159405,0.1304233819246292,0.9950000047683716,0.6633999943733215
YGR286C,YGL089C,0,-5.7159767,0.13040629029273987,0.9950000047683716,0.6635000109672546
YCR102C,YOL140W,0,-5.7166357,0.13038919866085052,0.9950000047683716,0.6636000275611877
YLR154C,YPL095C,0,-5.7170534,0.13037212193012238,0.9950000047683716,0.6636999845504761
YER184C,YKL017C,0,-5.7171564,0.13035503029823303,0.9950000047683716,0.6638000011444092
YJL109C,YOR176W,0,-5.7173414,0.13033796846866608,0.9950000047683716,0.6639000177383423
YNL321W,YJR112W,0,-5.7173862,0.13032089173793793,0.9950000047683716,0.6639999747276306
YER035W,YML036W,0,-5.7175865,0.13030382990837097,0.9950000047683716,0.6640999913215637
YPL072W,YER162C,0,-5.7176714,0.13028676807880402,0.9950000047683716,0.6642000079154968
YGL134W,YGL245W,0,-5.717864,0.13026970624923706,0.9950000047683716,0.6643000245094299
YCL036W,YDR334W,0,-5.718459,0.1302526444196701,0.9950000047683716,0.6643999814987183
YCR043C,YNR027W,0,-5.718663,0.13023559749126434,0.9950000047683716,0.6644999980926514
YBR228W,YLR164W,0,-5.718858,0.13021855056285858,0.9950000047683716,0.6646000146865845
YML130C,YGL255W,0,-5.719221,0.130201518535614,0.9950000047683716,0.6646999716758728
YIL171W,YIR034C,0,-5.7194586,0.13018448650836945,0.9950000047683716,0.6647999882698059
YMR162C,YGR148C,0,-5.719639,0.13016745448112488,0.9950000047683716,0.664900004863739
YOR176W,YFR055W,0,-5.719965,0.1301504224538803,0.9950000047683716,0.6650000214576721
YLR047C,YER044C,0,-5.720257,0.13013340532779694,0.9950000047683716,0.6650999784469604
YML066C,YJL124C,0,-5.720354,0.13011638820171356,0.9950000047683716,0.6651999950408936
YIL160C,YLR265C,0,-5.7208023,0.1300993710756302,0.9950000047683716,0.6653000116348267
YHR032W,YDR288W,0,-5.720889,0.130082368850708,0.9950000047683716,0.6654000282287598
YFR045W,YGR009C,0,-5.721116,0.13006536662578583,0.9950000047683716,0.6654999852180481
YJR044C,YER114C,0,-5.721856,0.13004836440086365,0.9950000047683716,0.6656000018119812
YJL072C,YOR384W,0,-5.722418,0.13003136217594147,0.9950000047683716,0.6657000184059143
YMR029C,YER106W,0,-5.7224236,0.13001437485218048,0.9950000047683716,0.6657999753952026
YML114C,YBR040W,0,-5.7225094,0.1299973875284195,0.9950000047683716,0.6658999919891357
YML091C,YDL033C,0,-5.722513,0.1299804002046585,0.9950000047683716,0.6660000085830688
YJL063C,YKL160W,0,-5.722555,0.12996342778205872,0.9950000047683716,0.666100025177002
YGL039W,YNR046W,0,-5.7228584,0.12994645535945892,0.9950000047683716,0.6661999821662903
YER001W,YHR065C,0,-5.7230587,0.12992948293685913,0.9950000047683716,0.6662999987602234
YER039C,YJL091C,0,-5.7232075,0.12991252541542053,0.9950000047683716,0.6664000153541565
YOR298W,YJR126C,0,-5.7235174,0.12989556789398193,0.9950000047683716,0.6664999723434448
YJL002C,YJR005W,0,-5.7235413,0.12987861037254333,0.9950000047683716,0.6665999889373779
YKR019C,YBL091C-A,0,-5.7242413,0.12986165285110474,0.9950000047683716,0.666700005531311
YDR388W,YOL165C,0,-5.7246723,0.12984471023082733,0.9950000047683716,0.6668000221252441
YML077W,YPL275W,0,-5.7248087,0.12982776761054993,0.9950000047683716,0.6668999791145325
YDR064W,YKL085W,0,-5.7250195,0.12981082499027252,0.9950000047683716,0.6669999957084656
YBR102C,YGR157W,0,-5.725046,0.1297938972711563,0.9950000047683716,0.6671000123023987
YDR265W,YOL139C,0,-5.7252207,0.1297769695520401,0.9950000047683716,0.6672000288963318
YJR121W,YDL036C,0,-5.7252274,0.1297600418329239,0.9950000047683716,0.6672999858856201
YAR066W,YPL218W,0,-5.725419,0.12974312901496887,0.9950000047683716,0.6674000024795532
YAL017W,YGR198W,0,-5.7255516,0.12972620129585266,0.9950000047683716,0.6675000190734863
YLR242C,YPR200C,0,-5.726013,0.12970928847789764,0.9950000047683716,0.6675999760627747
YDR285W,YKR103W,0,-5.726138,0.12969239056110382,0.9950000047683716,0.6676999926567078
YJL166W,YGR271C-A,0,-5.72661,0.12967549264431,0.9950000047683716,0.6678000092506409
YNL321W,YPR011C,0,-5.726777,0.12965859472751617,0.9950000047683716,0.667900025844574
YPL258C,YLR295C,0,-5.7267895,0.12964169681072235,0.9950000047683716,0.6679999828338623
YJR105W,YMR022W,0,-5.7270937,0.12962479889392853,0.9950000047683716,0.6680999994277954
YER086W,YGL216W,0,-5.727256,0.1296079158782959,0.9950000047683716,0.6682000160217285
YDR195W,YBR067C,0,-5.7273846,0.12959103286266327,0.9950000047683716,0.6682999730110168
YOL038W,YGR090W,0,-5.727413,0.12957416474819183,0.9950000047683716,0.66839998960495
YBR128C,YBL102W,0,-5.7274456,0.1295572966337204,0.9950000047683716,0.6685000061988831
YAL005C,YGR284C,0,-5.7275276,0.12954042851924896,0.9950000047683716,0.6686000227928162
YPR060C,YGR289C,0,-5.7279367,0.12952356040477753,0.9950000047683716,0.6686999797821045
YLR204W,YHR164C,0,-5.7279625,0.12950670719146729,0.9950000047683716,0.6687999963760376
YJL138C,YPR070W,0,-5.728133,0.12948985397815704,0.9950000047683716,0.6689000129699707
YDR382W,YMR033W,0,-5.7286186,0.1294730007648468,0.9950000047683716,0.6690000295639038
YGR068C,YBL030C,0,-5.7288256,0.12945614755153656,0.9950000047683716,0.6690999865531921
YCL059C,YDL144C,0,-5.7288303,0.1294393092393875,0.9950000047683716,0.6692000031471252
YMR204C,YBL084C,0,-5.72896,0.12942247092723846,0.9950000047683716,0.6693000197410583
YOR120W,YHR018C,0,-5.7290754,0.1294056475162506,0.9950000047683716,0.6693999767303467
YLR405W,YDL195W,0,-5.729267,0.12938880920410156,0.9950000047683716,0.6694999933242798
YPL195W,YPL032C,0,-5.729328,0.1293719857931137,0.9950000047683716,0.6696000099182129
YML032C,YPL123C,0,-5.730364,0.12935517728328705,0.9950000047683716,0.669700026512146
YPR152C,YCR004C,0,-5.7304564,0.1293383538722992,0.9950000047683716,0.6697999835014343
YIR021W,YMR291W,0,-5.730632,0.12932154536247253,0.9950000047683716,0.6699000000953674
YLL042C,YOR167C,0,-5.730811,0.12930473685264587,0.9950000047683716,0.6700000166893005
YBR237W,YGL037C,0,-5.730812,0.1292879432439804,0.9950000047683716,0.6700999736785889
YPL237W,YLR408C,0,-5.7308245,0.12927114963531494,0.9950000047683716,0.670199990272522
YER054C,YOR039W,0,-5.7312403,0.12925435602664948,0.9950000047683716,0.6703000068664551
YOL007C,YGL249W,0,-5.731344,0.129237562417984,0.9950000047683716,0.6704000234603882
YLR371W,YGR056W,0,-5.731642,0.12922078371047974,0.9950000047683716,0.6704999804496765
YIL113W,YFR007W,0,-5.7318096,0.12920400500297546,0.9950000047683716,0.6705999970436096
YGR109C,YDL194W,0,-5.731842,0.1291872262954712,0.9950000047683716,0.6707000136375427
YPL110C,YCL014W,0,-5.7318707,0.12917044758796692,0.9950000047683716,0.670799970626831
YNL297C,YDR247W,0,-5.7319593,0.12915368378162384,0.9950000047683716,0.6708999872207642
YPL232W,YGL008C,0,-5.732477,0.12913691997528076,0.9950000047683716,0.6710000038146973
YOR290C,YBL002W,0,-5.7326975,0.12912017107009888,0.9950000047683716,0.6711000204086304
YPL033C,YDR013W,0,-5.732977,0.1291034072637558,0.9950000047683716,0.6711999773979187
YIL162W,YHR135C,0,-5.733245,0.1290866583585739,0.9950000047683716,0.6712999939918518
YOR106W,YJR094W-A,0,-5.733345,0.12906992435455322,0.9950000047683716,0.6714000105857849
YHR067W,YIL155C,0,-5.733487,0.12905317544937134,0.9950000047683716,0.671500027179718
YCR026C,YLR228C,0,-5.7337,0.12903644144535065,0.9950000047683716,0.6715999841690063
YPL099C,YML078W,0,-5.7337275,0.12901970744132996,0.9950000047683716,0.6717000007629395
YBL076C,YPL002C,0,-5.7340813,0.12900298833847046,0.9950000047683716,0.6718000173568726
YHR002W,YER074W,0,-5.734749,0.12898625433444977,0.9950000047683716,0.6718999743461609
YOL157C,YCR073C,0,-5.7348766,0.12896953523159027,0.9950000047683716,0.671999990940094
YDL232W,YML115C,0,-5.7348814,0.12895283102989197,0.9950000047683716,0.6721000075340271
YLR183C,YNL069C,0,-5.7350025,0.12893611192703247,0.9950000047683716,0.6722000241279602
YMR083W,YCL047C,0,-5.735729,0.12891940772533417,0.9950000047683716,0.6722999811172485
YPL015C,YGR067C,0,-5.736267,0.12890270352363586,0.9950000047683716,0.6723999977111816
YFR051C,YOR255W,0,-5.7366247,0.12888601422309875,0.9950000047683716,0.6725000143051147
YJL189W,YDR239C,0,-5.737094,0.12886931002140045,0.9950000047683716,0.6725999712944031
YJL209W,YHR147C,0,-5.737194,0.12885263562202454,0.9950000047683716,0.6726999878883362
YHL034C,YMR137C,0,-5.737259,0.12883594632148743,0.9950000047683716,0.6728000044822693
YHR184W,YMR238W,0,-5.737438,0.1288192719221115,0.9950000047683716,0.6729000210762024
YJR126C,YKR037C,0,-5.7375336,0.1288025826215744,0.9950000047683716,0.6729999780654907
YNL090W,YJL079C,0,-5.7382326,0.12878592312335968,0.9950000047683716,0.6730999946594238
YMR271C,YDR348C,0,-5.7384586,0.12876924872398376,0.9950000047683716,0.6732000112533569
YAL063C,YLR289W,0,-5.7391186,0.12875258922576904,0.9950000047683716,0.67330002784729
YFL023W,YHR036W,0,-5.7391815,0.12873592972755432,0.9950000047683716,0.6733999848365784
YLL061W,YNL271C,0,-5.7393694,0.1287192702293396,0.9950000047683716,0.6735000014305115
YML091C,YDL047W,0,-5.739662,0.12870262563228607,0.9950000047683716,0.6736000180244446
YIR013C,YJR137C,0,-5.739768,0.12868598103523254,0.9950000047683716,0.6736999750137329
YKL017C,YOR133W,0,-5.740299,0.12866933643817902,0.9950000047683716,0.673799991607666
YKL161C,YDL170W,0,-5.740814,0.12865270674228668,0.9950000047683716,0.6739000082015991
YNL299W,YBR177C,0,-5.741625,0.12863607704639435,0.9950000047683716,0.6740000247955322
YBR185C,YNL069C,0,-5.74177,0.12861944735050201,0.9950000047683716,0.6740999817848206
YKL220C,YDR378C,0,-5.741996,0.12860281765460968,0.9950000047683716,0.6741999983787537
YHR017W,YOL109W,0,-5.7421284,0.12858620285987854,0.9950000047683716,0.6743000149726868
YDR153C,YBR302C,0,-5.742444,0.1285695880651474,0.9950000047683716,0.6743999719619751
YER045C,YBR198C,1,-5.742548,0.12868216633796692,0.9959999918937683,0.6743999719619751
YJL095W,YNL239W,0,-5.742832,0.12866555154323578,0.9959999918937683,0.6744999885559082
YBR122C,YBR244W,0,-5.7429667,0.12864892184734344,0.9959999918937683,0.6746000051498413
YGL014W,YLR408C,0,-5.7430344,0.1286323070526123,0.9959999918937683,0.6747000217437744
YGR112W,YLR274W,0,-5.7433205,0.12861570715904236,0.9959999918937683,0.6747999787330627
YGR084C,YIL124W,0,-5.743348,0.12859909236431122,0.9959999918937683,0.6748999953269958
YJL170C,YAR019C,0,-5.7440443,0.12858249247074127,0.9959999918937683,0.675000011920929
YOR270C,YCR060W,0,-5.7442484,0.12856589257717133,0.9959999918937683,0.6751000285148621
YNL245C,YLR318W,0,-5.744293,0.12854930758476257,0.9959999918937683,0.6751999855041504
YGR028W,YIL113W,0,-5.744526,0.12853270769119263,0.9959999918937683,0.6753000020980835
YPL005W,YER144C,0,-5.74479,0.12851612269878387,0.9959999918937683,0.6754000186920166
YIL124W,YCL014W,0,-5.744796,0.12849955260753632,0.9959999918937683,0.6754999756813049
YOR222W,YGR012W,0,-5.745225,0.12848296761512756,0.9959999918937683,0.675599992275238
YAL035W,YGR001C,0,-5.745241,0.12846639752388,0.9959999918937683,0.6757000088691711
YBR293W,YDR050C,0,-5.745322,0.12844982743263245,0.9959999918937683,0.6758000254631042
YIL177C,YER140W,0,-5.7454185,0.12843327224254608,0.9959999918937683,0.6758999824523926
YER091C,YOL112W,0,-5.7455273,0.12841671705245972,0.9959999918937683,0.6759999990463257
YPL192C,YDR016C,0,-5.7457027,0.12840016186237335,0.9959999918937683,0.6761000156402588
YPR194C,YGL077C,0,-5.7461367,0.128383606672287,0.9959999918937683,0.6761999726295471
YBL027W,YOR131C,0,-5.7461367,0.12836705148220062,0.9959999918937683,0.6762999892234802
YGR068C,YHR036W,0,-5.7464533,0.12835051119327545,0.9959999918937683,0.6764000058174133
YER101C,YPL143W,0,-5.7464695,0.12833397090435028,0.9959999918937683,0.6765000224113464
YDL143W,YBR021W,0,-5.7465525,0.1283174455165863,0.9959999918937683,0.6765999794006348
YBR294W,YDR158W,0,-5.7465544,0.12830092012882233,0.9959999918937683,0.6766999959945679
YOL093W,YMR302C,0,-5.746562,0.12828439474105835,0.9959999918937683,0.676800012588501
YGR292W,YMR250W,0,-5.7467346,0.12826786935329437,0.9959999918937683,0.6769000291824341
YDL198C,YBR160W,0,-5.7468767,0.1282513588666916,0.9959999918937683,0.6769999861717224
YJR045C,YIL083C,0,-5.747343,0.1282348334789276,0.9959999918937683,0.6771000027656555
YOR085W,YLR073C,0,-5.7477465,0.12821833789348602,0.9959999918937683,0.6772000193595886
YNR057C,YJL209W,0,-5.7477646,0.12820182740688324,0.9959999918937683,0.677299976348877
YHR021C,YEL061C,0,-5.7482367,0.12818533182144165,0.9959999918937683,0.6773999929428101
YDL075W,YOR144C,0,-5.7485313,0.12816883623600006,0.9959999918937683,0.6775000095367432
YJL157C,YHR105W,0,-5.7485313,0.12815234065055847,0.9959999918937683,0.6776000261306763
YAL029C,YPR102C,0,-5.7486954,0.12813585996627808,0.9959999918937683,0.6776999831199646
YHR181W,YOR202W,0,-5.749242,0.12811937928199768,0.9959999918937683,0.6777999997138977
YNR049C,YHR215W,0,-5.749384,0.12810289859771729,0.9959999918937683,0.6779000163078308
YJL176C,YIL111W,0,-5.7494564,0.1280864179134369,0.9959999918937683,0.6779999732971191
YLR336C,YEL050C,0,-5.7497997,0.1280699521303177,0.9959999918937683,0.6780999898910522
YNR013C,YBR010W,0,-5.749878,0.1280534863471985,0.9959999918937683,0.6782000064849854
YIR007W,YNR031C,0,-5.7500353,0.12803702056407928,0.9959999918937683,0.6783000230789185
YPL079W,YDR508C,0,-5.750147,0.12802056968212128,0.9959999918937683,0.6783999800682068
YLR441C,YGR063C,0,-5.75016,0.12800411880016327,0.9959999918937683,0.6784999966621399
YLR027C,YGR284C,0,-5.750264,0.12798766791820526,0.9959999918937683,0.678600013256073
YDL075W,YGR067C,0,-5.750284,0.12797121703624725,0.9959999918937683,0.6786999702453613
YJL141C,YNR007C,0,-5.75037,0.12795478105545044,0.9959999918937683,0.6787999868392944
YHR092C,YNL116W,0,-5.750477,0.12793834507465363,0.9959999918937683,0.6789000034332275
YDL115C,YBR291C,0,-5.7506704,0.1279219090938568,0.9959999918937683,0.6790000200271606
YJL130C,YDR538W,0,-5.750678,0.1279054880142212,0.9959999918937683,0.679099977016449
YLR423C,YLR291C,0,-5.750779,0.12788906693458557,0.9959999918937683,0.6791999936103821
YDR084C,YLR393W,0,-5.750848,0.12787264585494995,0.9959999918937683,0.6793000102043152
YDL130W-A,YML063W,0,-5.751277,0.12785622477531433,0.9959999918937683,0.6794000267982483
YGL135W,YDL130W-A,0,-5.7512846,0.1278398185968399,0.9959999918937683,0.6794999837875366
YIR035C,YDR197W,0,-5.751293,0.12782341241836548,0.9959999918937683,0.6796000003814697
YER039C,YDR218C,0,-5.7515287,0.12780700623989105,0.9959999918937683,0.6797000169754028
YBR185C,YPR073C,0,-5.751584,0.12779061496257782,0.9959999918937683,0.6797999739646912
YGR061C,YIL091C,0,-5.751602,0.1277742087841034,0.9959999918937683,0.6798999905586243
YDR529C,YDL190C,0,-5.751665,0.12775781750679016,0.9959999918937683,0.6800000071525574
YLR427W,YPL123C,0,-5.7518063,0.12774144113063812,0.9959999918937683,0.6801000237464905
YPL079W,YOR198C,0,-5.752136,0.12772506475448608,0.9959999918937683,0.6801999807357788
YER168C,YAR044W,0,-5.752161,0.12770867347717285,0.9959999918937683,0.6802999973297119
YNL037C,YJR144W,0,-5.7523146,0.127692312002182,0.9959999918937683,0.680400013923645
YKL163W,YIL135C,0,-5.7523623,0.12767593562602997,0.9959999918937683,0.6804999709129333
YBL009W,YML027W,0,-5.7526894,0.12765957415103912,0.9959999918937683,0.6805999875068665
YML106W,YBR298C,0,-5.752866,0.12764321267604828,0.9959999918937683,0.6807000041007996
YAL038W,YDL171C,0,-5.75319,0.12762685120105743,0.9959999918937683,0.6808000206947327
YPR032W,YNL098C,0,-5.753833,0.12761050462722778,0.9959999918937683,0.680899977684021
YLR370C,YMR213W,0,-5.7542543,0.12759415805339813,0.9959999918937683,0.6809999942779541
YAL029C,YOR022C,0,-5.7543907,0.12757781147956848,0.9959999918937683,0.6811000108718872
YER056C-A,YIL177C,0,-5.7547235,0.12756147980690002,0.9959999918937683,0.6812000274658203
YNL292W,YBR128C,0,-5.7547693,0.12754513323307037,0.9959999918937683,0.6812999844551086
YNL058C,YNL012W,0,-5.7547865,0.1275288164615631,0.9959999918937683,0.6814000010490417
YIL171W,YGR013W,0,-5.755513,0.12751248478889465,0.9959999918937683,0.6815000176429749
YCR087C-A,YDR074W,0,-5.755746,0.1274961531162262,0.9959999918937683,0.6815999746322632
YHR002W,YKL201C,0,-5.7557783,0.12747983634471893,0.9959999918937683,0.6816999912261963
YOR148C,YOR100C,0,-5.755932,0.12746351957321167,0.9959999918937683,0.6818000078201294
YNR075W,YGL021W,0,-5.756033,0.1274472177028656,0.9959999918937683,0.6819000244140625
YCR089W,YHR081W,0,-5.7560453,0.12743091583251953,0.9959999918937683,0.6819999814033508
YOR230W,YML027W,0,-5.756256,0.12741461396217346,0.9959999918937683,0.6820999979972839
YOL130W,YDL024C,0,-5.7563047,0.1273983120918274,0.9959999918937683,0.682200014591217
YOL019W,YJR031C,0,-5.7564907,0.12738202512264252,0.9959999918937683,0.6822999715805054
YER061C,YMR114C,0,-5.756549,0.12736572325229645,0.9959999918937683,0.6823999881744385
YDR538W,YNL185C,0,-5.7567377,0.12734945118427277,0.9959999918937683,0.6825000047683716
YIL009C-A,YJL214W,0,-5.7569838,0.1273331642150879,0.9959999918937683,0.6826000213623047
YOL008W,YBR182C,0,-5.7572517,0.1273168921470642,0.9959999918937683,0.682699978351593
YGR112W,YPR103W,0,-5.7576027,0.12730062007904053,0.9959999918937683,0.6827999949455261
YLR395C,YGR282C,0,-5.7589636,0.12728434801101685,0.9959999918937683,0.6829000115394592
YGR041W,YPL101W,0,-5.759115,0.12726807594299316,0.9959999918937683,0.6830000281333923
YLR010C,YOL152W,0,-5.759268,0.12725181877613068,0.9959999918937683,0.6830999851226807
YPL232W,YDL015C,0,-5.7594194,0.1272355616092682,0.9959999918937683,0.6832000017166138
YER124C,YER115C,0,-5.7595634,0.1272193193435669,0.9959999918937683,0.6833000183105469
YMR301C,YPR164W,0,-5.7598715,0.1272030621767044,0.9959999918937683,0.6833999752998352
YIR032C,YML049C,0,-5.7600927,0.1271868199110031,0.9959999918937683,0.6834999918937683
YLL004W,YGR035C,0,-5.7603626,0.12717057764530182,0.9959999918937683,0.6836000084877014
YBL041W,YPL211W,0,-5.7606335,0.12715435028076172,0.9959999918937683,0.6837000250816345
YML077W,YLR453C,0,-5.7611895,0.12713812291622162,0.9959999918937683,0.6837999820709229
YHR099W,YGL008C,0,-5.7612505,0.12712189555168152,0.9959999918937683,0.683899998664856
YJR139C,YOR242C,0,-5.761301,0.12710566818714142,0.9959999918937683,0.6840000152587891
YBR002C,YHR043C,0,-5.7616158,0.12708944082260132,0.9959999918937683,0.6840999722480774
YNL192W,YER044C,0,-5.761715,0.1270732283592224,0.9959999918937683,0.6841999888420105
YKL088W,YBL092W,0,-5.7621202,0.1270570158958435,0.9959999918937683,0.6843000054359436
YMR162C,YHL012W,0,-5.7621555,0.1270408183336258,0.9959999918937683,0.6844000220298767
YPR024W,YHR013C,0,-5.7629423,0.12702462077140808,0.9959999918937683,0.684499979019165
YDL040C,YIL039W,0,-5.763049,0.12700842320919037,0.9959999918937683,0.6845999956130981
YJR110W,YNL202W,0,-5.763114,0.12699222564697266,0.9959999918937683,0.6847000122070312
YJL172W,YLR381W,0,-5.763258,0.12697602808475494,0.9959999918937683,0.6848000288009644
YMR189W,YER019C-A,0,-5.7634487,0.12695984542369843,0.9959999918937683,0.6848999857902527
YKR044W,YDR337W,0,-5.763694,0.1269436627626419,0.9959999918937683,0.6850000023841858
YML125C,YDR363W-A,0,-5.7639427,0.12692749500274658,0.9959999918937683,0.6851000189781189
YOL094C,YDR216W,0,-5.764223,0.12691131234169006,0.9959999918937683,0.6851999759674072
YDL197C,YNL189W,0,-5.7642956,0.12689514458179474,0.9959999918937683,0.6852999925613403
YLR405W,YPL086C,0,-5.764366,0.12687897682189941,0.9959999918937683,0.6854000091552734
YNL127W,YLR201C,0,-5.764577,0.12686282396316528,0.9959999918937683,0.6855000257492065
YAL005C,YPL108W,0,-5.7647877,0.12684665620326996,0.9959999918937683,0.6855999827384949
YDL137W,YIL132C,0,-5.76484,0.12683050334453583,0.9959999918937683,0.685699999332428
YKL017C,YBR297W,0,-5.7649403,0.1268143653869629,0.9959999918937683,0.6858000159263611
YPL158C,YDR379W,0,-5.76509,0.12679821252822876,0.9959999918937683,0.6858999729156494
YLL045C,YJR006W,0,-5.7652197,0.12678207457065582,0.9959999918937683,0.6859999895095825
YOL113W,YGL051W,0,-5.7654924,0.12676593661308289,0.9959999918937683,0.6861000061035156
YEL011W,YBR136W,0,-5.7658453,0.12674981355667114,0.9959999918937683,0.6862000226974487
YGR036C,YGR156W,0,-5.765972,0.1267336755990982,0.9959999918937683,0.6862999796867371
YGR199W,YGR012W,0,-5.766103,0.12671755254268646,0.9959999918937683,0.6863999962806702
YPL275W,YHR178W,0,-5.7663918,0.1267014443874359,0.9959999918937683,0.6865000128746033
YBR196C,YKR037C,0,-5.7664337,0.12668532133102417,0.9959999918937683,0.6866000294685364
YNL336W,YGL250W,0,-5.7665777,0.12666921317577362,0.9959999918937683,0.6866999864578247
YKR045C,YLR073C,0,-5.7669363,0.12665310502052307,0.9959999918937683,0.6868000030517578
YGL162W,YOL129W,0,-5.7669773,0.12663699686527252,0.9959999918937683,0.6869000196456909
YGL259W,YBR126C,0,-5.767064,0.12662090361118317,0.9959999918937683,0.6869999766349792
YLR024C,YBR297W,0,-5.767124,0.1266048103570938,0.9959999918937683,0.6870999932289124
YOL071W,YHR036W,0,-5.76756,0.12658871710300446,0.9959999918937683,0.6872000098228455
YIR007W,YKR090W,0,-5.768362,0.1265726238489151,0.9959999918937683,0.6873000264167786
YLR242C,YGL099W,0,-5.768367,0.12655654549598694,0.9959999918937683,0.6873999834060669
YKL089W,YPL200W,0,-5.768733,0.12654046714305878,0.9959999918937683,0.6875
YGR206W,YKL092C,0,-5.7688494,0.12652438879013062,0.9959999918937683,0.6876000165939331
YBR145W,YJL010C,0,-5.7688894,0.12650832533836365,0.9959999918937683,0.6876999735832214
YPL113C,YNL299W,0,-5.7689934,0.12649224698543549,0.9959999918937683,0.6877999901771545
YHR041C,YNR069C,0,-5.7692585,0.12647618353366852,0.9959999918937683,0.6879000067710876
YOR251C,YGL077C,0,-5.769459,0.12646013498306274,0.9959999918937683,0.6880000233650208
YOL086C,YNR075W,0,-5.7698154,0.12644407153129578,0.9959999918937683,0.6880999803543091
YDR236C,YOR176W,0,-5.769889,0.12642802298069,0.9959999918937683,0.6881999969482422
YLR002C,YOL141W,0,-5.770194,0.12641197443008423,0.9959999918937683,0.6883000135421753
YDR411C,YLR329W,0,-5.770236,0.12639594078063965,0.9959999918937683,0.6883999705314636
YDL085W,YJR075W,0,-5.7704477,0.12637990713119507,0.9959999918937683,0.6884999871253967
YGR200C,YDR419W,0,-5.770547,0.1263638734817505,0.9959999918937683,0.6886000037193298
YEL069C,YHR191C,0,-5.7707605,0.1263478398323059,0.9959999918937683,0.6887000203132629
YOR150W,YBL016W,0,-5.770873,0.12633180618286133,0.9959999918937683,0.6887999773025513
YKL209C,YBR156C,0,-5.771453,0.12631578743457794,0.9959999918937683,0.6888999938964844
YOR219C,YBR008C,0,-5.771761,0.12629976868629456,0.9959999918937683,0.6890000104904175
YHR147C,YKL189W,0,-5.771761,0.12628376483917236,0.9959999918937683,0.6891000270843506
YJL048C,YEL013W,0,-5.7718315,0.12626774609088898,0.9959999918937683,0.6891999840736389
YHR211W,YMR106C,0,-5.7720175,0.12625174224376678,0.9959999918937683,0.689300000667572
YBL090W,YDR450W,0,-5.7720222,0.1262357383966446,0.9959999918937683,0.6894000172615051
YDR198C,YLR134W,0,-5.7721643,0.1262197494506836,0.9959999918937683,0.6894999742507935
YER166W,YBR186W,0,-5.77335,0.1262037456035614,0.9959999918937683,0.6895999908447266
YMR098C,YEL043W,0,-5.7735662,0.1261877566576004,0.9959999918937683,0.6897000074386597
YGR156W,YER011W,0,-5.773569,0.1261717826128006,0.9959999918937683,0.6898000240325928
YDR064W,YAL005C,0,-5.7736893,0.1261557936668396,0.9959999918937683,0.6898999810218811
YKR081C,YKR044W,0,-5.7745056,0.1261398196220398,0.9959999918937683,0.6899999976158142
YMR304W,YDR279W,0,-5.7748375,0.12612384557724,0.9959999918937683,0.6901000142097473
YNL281W,YLR393W,0,-5.775098,0.12610787153244019,0.9959999918937683,0.6901999711990356
YIL168W,YOL010W,0,-5.7759495,0.12609191238880157,0.9959999918937683,0.6902999877929688
YNL053W,YFL008W,0,-5.775978,0.12607595324516296,0.9959999918937683,0.6904000043869019
YLL023C,YHR003C,0,-5.7759857,0.12605999410152435,0.9959999918937683,0.690500020980835
YOR153W,YNR075W,0,-5.775996,0.12604403495788574,0.9959999918937683,0.6905999779701233
YJL125C,YKR094C,0,-5.776452,0.12602809071540833,0.9959999918937683,0.6906999945640564
YNL219C,YPL211W,0,-5.776553,0.1260121464729309,0.9959999918937683,0.6908000111579895
YMR304W,YDR218C,0,-5.776614,0.1259962022304535,0.9959999918937683,0.6909000277519226
YNR044W,YDR388W,0,-5.7767324,0.12598027288913727,0.9959999918937683,0.6909999847412109
YDL029W,YPR196W,0,-5.776909,0.12596432864665985,0.9959999918937683,0.691100001335144
YER087C-B,YDL022W,0,-5.7769804,0.12594839930534363,0.9959999918937683,0.6912000179290771
YPR104C,YIL124W,0,-5.7773504,0.1259324848651886,0.9959999918937683,0.6912999749183655
YDR533C,YOR067C,0,-5.7779427,0.12591655552387238,0.9959999918937683,0.6913999915122986
YJL200C,YJR143C,0,-5.7779865,0.12590064108371735,0.9959999918937683,0.6915000081062317
YDL065C,YJR070C,0,-5.778126,0.12588472664356232,0.9959999918937683,0.6916000247001648
YML094W,YIL129C,0,-5.778311,0.12586882710456848,0.9959999918937683,0.6916999816894531
YLR221C,YDR403W,0,-5.7784452,0.12585291266441345,0.9959999918937683,0.6917999982833862
YPR192W,YBR239C,0,-5.7786503,0.12583701312541962,0.9959999918937683,0.6919000148773193
YGR033C,YIL070C,0,-5.7786713,0.12582112848758698,0.9959999918937683,0.6919999718666077
YOR143C,YDR291W,0,-5.778838,0.12580522894859314,0.9959999918937683,0.6920999884605408
YGR101W,YDL179W,0,-5.778966,0.1257893443107605,0.9959999918937683,0.6922000050544739
YOR389W,YBR186W,0,-5.77901,0.12577345967292786,0.9959999918937683,0.692300021648407
YHR077C,YMR159C,0,-5.7793922,0.12575757503509521,0.9959999918937683,0.6923999786376953
YOR125C,YER117W,0,-5.779437,0.12574170529842377,0.9959999918937683,0.6924999952316284
YOR353C,YDR402C,0,-5.779565,0.12572582066059113,0.9959999918937683,0.6926000118255615
YML024W,YNL321W,0,-5.7801447,0.12570995092391968,0.9959999918937683,0.6927000284194946
YJL129C,YJR058C,0,-5.780411,0.12569409608840942,0.9959999918937683,0.692799985408783
YDR022C,YDL208W,0,-5.7806387,0.12567822635173798,0.9959999918937683,0.6929000020027161
YDR371W,YEL037C,0,-5.7808733,0.12566237151622772,0.9959999918937683,0.6930000185966492
YCL063W,YNL325C,0,-5.7812634,0.12564653158187866,0.9959999918937683,0.6930999755859375
YNL073W,YNL090W,0,-5.781273,0.1256306767463684,0.9959999918937683,0.6931999921798706
YGL021W,YOR317W,0,-5.78131,0.12561483681201935,0.9959999918937683,0.6933000087738037
YBR286W,YPR042C,0,-5.7815466,0.1255989968776703,0.9959999918937683,0.6934000253677368
YGR092W,YHL044W,0,-5.781871,0.12558315694332123,0.9959999918937683,0.6934999823570251
YOR162C,YOR234C,0,-5.781929,0.12556731700897217,0.9959999918937683,0.6935999989509583
YJR034W,YIL103W,0,-5.7819433,0.1255514919757843,0.9959999918937683,0.6937000155448914
YOR142W,YGR009C,0,-5.782034,0.12553566694259644,0.9959999918937683,0.6937999725341797
YER061C,YOR378W,0,-5.7820415,0.12551984190940857,0.9959999918937683,0.6938999891281128
YGR061C,YDR400W,0,-5.782196,0.1255040317773819,0.9959999918937683,0.6940000057220459
YNL098C,YLR240W,0,-5.7829456,0.12548822164535522,0.9959999918937683,0.694100022315979
YOL077C,YFL031W,0,-5.783167,0.12547241151332855,0.9959999918937683,0.6941999793052673
YLR371W,YMR169C,0,-5.7832775,0.12545660138130188,0.9959999918937683,0.6942999958992004
YPL154C,YMR319C,0,-5.7835255,0.1254408061504364,0.9959999918937683,0.6944000124931335
YMR165C,YPR080W,0,-5.783704,0.12542501091957092,0.9959999918937683,0.6945000290870667
YFL047W,YOL065C,0,-5.783946,0.12540921568870544,0.9959999918937683,0.694599986076355
YNL212W,YML058W-A,0,-5.78407,0.12539343535900116,0.9959999918937683,0.6947000026702881
YPL028W,YGR037C,0,-5.784459,0.12537764012813568,0.9959999918937683,0.6948000192642212
YML087C,YLL043W,0,-5.784974,0.1253618597984314,0.9959999918937683,0.6948999762535095
YMR247C,YDR358W,0,-5.7849884,0.1253460794687271,0.9959999918937683,0.6949999928474426
YNR073C,YPL020C,0,-5.7849894,0.12533031404018402,0.9959999918937683,0.6951000094413757
YDL078C,YDR146C,0,-5.7851715,0.12531454861164093,0.9959999918937683,0.6952000260353088
YNL070W,YDR251W,0,-5.7852745,0.12529878318309784,0.9959999918937683,0.6952999830245972
YNL070W,YOR077W,0,-5.785818,0.12528301775455475,0.9959999918937683,0.6953999996185303
YFR028C,YOL129W,0,-5.78594,0.12526726722717285,0.9959999918937683,0.6955000162124634
YFL003C,YDL132W,0,-5.7860174,0.12525150179862976,0.9959999918937683,0.6955999732017517
YDR315C,YJR101W,0,-5.7863083,0.12523576617240906,0.9959999918937683,0.6956999897956848
YDR405W,YPR119W,0,-5.786358,0.12522001564502716,0.9959999918937683,0.6958000063896179
YDL138W,YNL093W,0,-5.786454,0.12520428001880646,0.9959999918937683,0.695900022983551
YBR018C,YFL018C,0,-5.786601,0.12518854439258575,0.9959999918937683,0.6959999799728394
YLL040C,YGR152C,0,-5.787217,0.12517280876636505,0.9959999918937683,0.6960999965667725
YPL091W,YBR205W,0,-5.7873135,0.12515707314014435,0.9959999918937683,0.6962000131607056
YML077W,YKR069W,0,-5.787754,0.12514135241508484,0.9959999918937683,0.6963000297546387
YGR229C,YNL077W,0,-5.7878323,0.12512563169002533,0.9959999918937683,0.696399986743927
YNL339C,YOR295W,0,-5.787985,0.12510991096496582,0.9959999918937683,0.6965000033378601
YMR024W,YGR280C,0,-5.787999,0.1250941902399063,0.9959999918937683,0.6966000199317932
YJR143C,YPL057C,0,-5.788044,0.125078484416008,0.9959999918937683,0.6966999769210815
YMR117C,YOR073W,0,-5.7882643,0.12506277859210968,0.9959999918937683,0.6967999935150146
YHR161C,YLR071C,0,-5.7891254,0.12504708766937256,0.9959999918937683,0.6969000101089478
YDR324C,YJR017C,0,-5.789139,0.12503138184547424,0.9959999918937683,0.6970000267028809
YLR308W,YDL136W,0,-5.789174,0.12501569092273712,0.9959999918937683,0.6970999836921692
YPL085W,YBL058W,0,-5.789297,0.125,0.9959999918937683,0.6972000002861023
YJL103C,YOR148C,0,-5.789814,0.12498431652784348,0.9959999918937683,0.6973000168800354
YPL249C-A,YKL213C,0,-5.7902555,0.12496863305568695,0.9959999918937683,0.6973999738693237
YLR160C,YBR186W,0,-5.790388,0.12495295703411102,0.9959999918937683,0.6974999904632568
YPL113C,YLR450W,0,-5.790436,0.1249372810125351,0.9959999918937683,0.6976000070571899
YOL091W,YGL205W,0,-5.7904453,0.12492161244153976,0.9959999918937683,0.697700023651123
YPL249C,YFR019W,0,-5.7905273,0.12490594387054443,0.9959999918937683,0.6977999806404114
YKL088W,YNR031C,0,-5.791052,0.1248902827501297,0.9959999918937683,0.6978999972343445
YDR236C,YIL159W,0,-5.7910967,0.12487462162971497,0.9959999918937683,0.6980000138282776
YHR092C,YDL165W,0,-5.7911043,0.12485896795988083,0.9959999918937683,0.6980999708175659
YLR264W,YIR009W,0,-5.7915344,0.12484332174062729,0.9959999918937683,0.698199987411499
YBR228W,YLR316C,0,-5.7915916,0.12482767552137375,0.9959999918937683,0.6983000040054321
YNL188W,YIL127C,0,-5.791744,0.12481202930212021,0.9959999918937683,0.6984000205993652
YLR308W,YOL125W,0,-5.7920284,0.12479639053344727,0.9959999918937683,0.6984999775886536
YLL052C,YNL110C,0,-5.7921553,0.12478075921535492,0.9959999918937683,0.6985999941825867
YER078C,YOL103W,0,-5.7923136,0.12476512789726257,0.9959999918937683,0.6987000107765198
YLL041C,YNL178W,0,-5.7923336,0.12474949657917023,0.9959999918937683,0.6988000273704529
YLR077W,YGL094C,0,-5.7923994,0.12473387271165848,0.9959999918937683,0.6988999843597412
YLR429W,YOR388C,0,-5.792432,0.12471825629472733,0.9959999918937683,0.6990000009536743
YKL167C,YJL138C,0,-5.7924337,0.12470263987779617,0.9959999918937683,0.6991000175476074
YGL169W,YJL160C,0,-5.792549,0.12468703091144562,0.9959999918937683,0.6991999745368958
YER086W,YPL242C,0,-5.7926188,0.12467142194509506,0.9959999918937683,0.6992999911308289
YCR040W,YIL117C,0,-5.792906,0.1246558204293251,0.9959999918937683,0.699400007724762
YKL003C,YNR013C,0,-5.7929115,0.12464021891355515,0.9959999918937683,0.6995000243186951
YOL091W,YDR156W,0,-5.7929583,0.12462462484836578,0.9959999918937683,0.6995999813079834
YAR066W,YDR402C,0,-5.7929993,0.12460903078317642,0.9959999918937683,0.6996999979019165
YFL045C,YMR016C,0,-5.7930527,0.12459344416856766,0.9959999918937683,0.6998000144958496
YMR285C,YBR299W,0,-5.7930975,0.12457785755395889,0.9959999918937683,0.6998999714851379
YDL112W,YML099C,0,-5.7933474,0.12456227838993073,0.9959999918937683,0.699999988079071
YEL013W,YER046W,0,-5.793441,0.12454670667648315,0.9959999918937683,0.7001000046730042
YOL157C,YDR388W,0,-5.793931,0.12453113496303558,0.9959999918937683,0.7002000212669373
YIL171W,YHR094C,0,-5.7944365,0.12451556324958801,0.9959999918937683,0.7002999782562256
YPL131W,YKL085W,0,-5.794817,0.12449999898672104,0.9959999918937683,0.7003999948501587
YCR075C,YDL210W,0,-5.7950277,0.12448444217443466,0.9959999918937683,0.7005000114440918
YIL027C,YHR086W,0,-5.7950544,0.12446888536214828,0.9959999918937683,0.7006000280380249
YPL270W,YML032C,0,-5.7950983,0.12445332854986191,0.9959999918937683,0.7006999850273132
YPL206C,YOR066W,0,-5.7955265,0.12443777918815613,0.9959999918937683,0.7008000016212463
YCR067C,YOR396W,0,-5.796567,0.12442223727703094,0.9959999918937683,0.7009000182151794
YNL305C,YMR150C,0,-5.7970448,0.12440669536590576,0.9959999918937683,0.7009999752044678
YDL114W,YML113W,0,-5.797756,0.12439116090536118,0.9959999918937683,0.7010999917984009
YCR075C,YJR056C,0,-5.798195,0.12437562644481659,0.9959999918937683,0.701200008392334
YGR106C,YLR393W,0,-5.798498,0.124360091984272,0.9959999918937683,0.7013000249862671
YLR297W,YOR230W,0,-5.7985907,0.12434457242488861,0.9959999918937683,0.7013999819755554
YJR110W,YCL010C,0,-5.7985954,0.12432904541492462,0.9959999918937683,0.7014999985694885
YKL152C,YNL323W,0,-5.7991295,0.12431353330612183,0.9959999918937683,0.7016000151634216
YOR340C,YDR522C,0,-5.7992783,0.12429801374673843,0.9959999918937683,0.70169997215271
YMR228W,YAL003W,0,-5.799303,0.12428250908851624,0.9959999918937683,0.7017999887466431
YLR024C,YJR010C-A,0,-5.7997255,0.12426699697971344,0.9959999918937683,0.7019000053405762
YER070W,YJL133W,0,-5.799737,0.12425149977207184,0.9959999918937683,0.7020000219345093
YDR012W,YHR032W,0,-5.7997513,0.12423599511384964,0.9959999918937683,0.7020999789237976
YDR093W,YJL056C,0,-5.8001366,0.12422050535678864,0.9959999918937683,0.7021999955177307
YDR264C,YJR104C,0,-5.8005276,0.12420501559972763,0.9959999918937683,0.7023000121116638
YFL062W,YBR030W,0,-5.8007,0.12418952584266663,0.9959999918937683,0.7024000287055969
YNL207W,YBL066C,0,-5.8007135,0.12417404353618622,0.9959999918937683,0.7024999856948853
YML104C,YDR044W,0,-5.800948,0.12415856122970581,0.9959999918937683,0.7026000022888184
YPL241C,YGL150C,0,-5.8009663,0.124143086373806,0.9959999918937683,0.7027000188827515
YHR026W,YEL002C,0,-5.8011675,0.12412761896848679,0.9959999918937683,0.7027999758720398
YJL145W,YFL041W,0,-5.801531,0.12411215156316757,0.9959999918937683,0.7028999924659729
YOR237W,YKL074C,0,-5.8016663,0.12409668415784836,0.9959999918937683,0.703000009059906
YHR140W,YIL088C,0,-5.801814,0.12408122420310974,0.9959999918937683,0.7031000256538391
YNR043W,YJR137C,0,-5.8019247,0.12406577169895172,0.9959999918937683,0.7031999826431274
YGL179C,YBR002C,0,-5.8022966,0.1240503191947937,0.9959999918937683,0.7032999992370605
YLL022C,YCL043C,0,-5.8024845,0.12403486669063568,0.9959999918937683,0.7034000158309937
YML038C,YFL062W,0,-5.802637,0.12401942163705826,0.9959999918937683,0.703499972820282
YLL052C,YKL112W,0,-5.802787,0.12400398403406143,0.9959999918937683,0.7035999894142151
YOR246C,YIR036C,0,-5.8028946,0.1239885464310646,0.9959999918937683,0.7037000060081482
YIL109C,YKR002W,0,-5.8029013,0.12397311627864838,0.9959999918937683,0.7038000226020813
YJL130C,YGR065C,0,-5.8031893,0.12395768612623215,0.9959999918937683,0.7038999795913696
YOL082W,YML058W,0,-5.8033915,0.12394226342439651,0.9959999918937683,0.7039999961853027
YNL222W,YGL166W,1,-5.8035126,0.12405126541852951,0.996999979019165,0.7039999961853027
YLR314C,YKL160W,0,-5.803732,0.12403582781553268,0.996999979019165,0.7041000127792358
YGR010W,YLR240W,0,-5.8038034,0.12402039766311646,0.996999979019165,0.704200029373169
YOR348C,YLR368W,0,-5.803837,0.12400497496128082,0.996999979019165,0.7042999863624573
YNL080C,YDR101C,0,-5.8039637,0.12398955225944519,0.996999979019165,0.7044000029563904
YDR146C,YKL020C,0,-5.8042603,0.12397413700819016,0.996999979019165,0.7045000195503235
YER087W,YDL207W,0,-5.8047543,0.12395872175693512,0.996999979019165,0.7045999765396118
YHR079C,YIL134W,0,-5.804759,0.12394331395626068,0.996999979019165,0.7046999931335449
YHR107C,YJR160C,0,-5.804804,0.12392790615558624,0.996999979019165,0.704800009727478
YOR089C,YPL093W,0,-5.804887,0.1239125058054924,0.996999979019165,0.7049000263214111
YLR109W,YGL227W,0,-5.805105,0.12389710545539856,0.996999979019165,0.7049999833106995
YOL013C,YJL014W,0,-5.8052797,0.12388171255588531,0.996999979019165,0.7050999999046326
YGL234W,YER019W,0,-5.8055906,0.12386631965637207,0.996999979019165,0.7052000164985657
YFL057C,YCL018W,0,-5.805771,0.12385093420743942,0.996999979019165,0.705299973487854
YKR094C,YDL043C,0,-5.805849,0.12383554875850677,0.996999979019165,0.7053999900817871
YJL214W,YKL001C,0,-5.806011,0.12382017076015472,0.996999979019165,0.7055000066757202
YGR155W,YBR073W,0,-5.8061705,0.12380479276180267,0.996999979019165,0.7056000232696533
YDR534C,YFL022C,0,-5.806632,0.12378942221403122,0.996999979019165,0.7056999802589417
YJL109C,YOL052C,0,-5.806821,0.12377405166625977,0.996999979019165,0.7057999968528748
YLR380W,YLR096W,0,-5.807315,0.12375868856906891,0.996999979019165,0.7059000134468079
YER131W,YNR017W,0,-5.8079205,0.12374332547187805,0.996999979019165,0.7059999704360962
YNL136W,YLR047C,0,-5.808049,0.12372796982526779,0.996999979019165,0.7060999870300293
YHR176W,YBR008C,0,-5.8081303,0.12371262162923813,0.996999979019165,0.7062000036239624
YJR014W,YLL054C,0,-5.808223,0.12369727343320847,0.996999979019165,0.7063000202178955
YMR301C,YBR167C,0,-5.80842,0.1236819252371788,0.996999979019165,0.7063999772071838
YJL004C,YDL083C,0,-5.808734,0.12366658449172974,0.996999979019165,0.7064999938011169
YLR298C,YGR240C,0,-5.8087664,0.12365124374628067,0.996999979019165,0.70660001039505
YGR183C,YNL169C,0,-5.808894,0.1236359104514122,0.996999979019165,0.7067000269889832
YIR036C,YML088W,0,-5.8089495,0.12362058460712433,0.996999979019165,0.7067999839782715
YKL093W,YOL138C,0,-5.809022,0.12360525876283646,0.996999979019165,0.7069000005722046
YDL067C,YPL104W,0,-5.809246,0.12358993291854858,0.996999979019165,0.7070000171661377
YGR113W,YGR144W,0,-5.8093395,0.12357461452484131,0.996999979019165,0.707099974155426
YJR001W,YJL129C,0,-5.809556,0.12355930358171463,0.996999979019165,0.7071999907493591
YPR032W,YBR291C,0,-5.8096447,0.12354399263858795,0.996999979019165,0.7073000073432922
YDR436W,YPL110C,0,-5.8097134,0.12352868169546127,0.996999979019165,0.7074000239372253
YBL091C-A,YOR322C,0,-5.8097887,0.12351337820291519,0.996999979019165,0.7074999809265137
YDR322W,YOR337W,0,-5.8100634,0.12349808216094971,0.996999979019165,0.7075999975204468
YER153C,YLR158C,0,-5.8104467,0.12348278611898422,0.996999979019165,0.7077000141143799
YPL271W,YGR056W,0,-5.8106556,0.12346749007701874,0.996999979019165,0.7077999711036682
YMR067C,YMR241W,0,-5.8109484,0.12345220148563385,0.996999979019165,0.7078999876976013
YCL034W,YDR451C,0,-5.8114557,0.12343692034482956,0.996999979019165,0.7080000042915344
YNL115C,YOR287C,0,-5.8114967,0.12342163920402527,0.996999979019165,0.7081000208854675
YCL018W,YAL014C,0,-5.811697,0.12340636551380157,0.996999979019165,0.7081999778747559
YCL026C-A,YML075C,0,-5.811781,0.12339109182357788,0.996999979019165,0.708299994468689
YEL052W,YOR292C,0,-5.811846,0.12337581813335419,0.996999979019165,0.7084000110626221
YBL098W,YGL160W,0,-5.812338,0.12336055189371109,0.996999979019165,0.7085000276565552
YAL063C,YBR243C,0,-5.8125916,0.12334529310464859,0.996999979019165,0.7085999846458435
YGL179C,YGL216W,0,-5.8126516,0.12333003431558609,0.996999979019165,0.7087000012397766
YML072C,YKL113C,0,-5.813302,0.12331478297710419,0.996999979019165,0.7088000178337097
YPL119C,YAL013W,0,-5.813303,0.12329953163862228,0.996999979019165,0.708899974822998
YBR128C,YER168C,0,-5.8136463,0.12328428030014038,0.996999979019165,0.7089999914169312
YNL053W,YLR029C,0,-5.8141747,0.12326904386281967,0.996999979019165,0.7091000080108643
YER114C,YPR113W,0,-5.8145,0.12325379997491837,0.996999979019165,0.7092000246047974
YLR207W,YPR006C,0,-5.8145323,0.12323856353759766,0.996999979019165,0.7092999815940857
YJR019C,YPL188W,0,-5.814537,0.12322333455085754,0.996999979019165,0.7093999981880188
YLR459W,YNL241C,0,-5.8149595,0.12320810556411743,0.996999979019165,0.7095000147819519
YJR107W,YDR224C,0,-5.8152075,0.12319288402795792,0.996999979019165,0.7095999717712402
YHR184W,YMR266W,0,-5.8155794,0.1231776624917984,0.996999979019165,0.7096999883651733
YFL036W,YJL145W,0,-5.815714,0.12316244840621948,0.996999979019165,0.7098000049591064
YPR079W,YOR232W,0,-5.8158445,0.12314723432064056,0.996999979019165,0.7099000215530396
YLR209C,YOR099W,0,-5.816435,0.12313202768564224,0.996999979019165,0.7099999785423279
YGR124W,YOR116C,0,-5.816594,0.12311682105064392,0.996999979019165,0.710099995136261
YDR231C,YPR030W,0,-5.816909,0.1231016144156456,0.996999979019165,0.7102000117301941
YOL060C,YHL007C,0,-5.8175106,0.12308642268180847,0.996999979019165,0.7103000283241272
YGR020C,YKL034W,0,-5.8177204,0.12307122349739075,0.996999979019165,0.7103999853134155
YIL171W,YDL045C,0,-5.8177614,0.12305603921413422,0.996999979019165,0.7105000019073486
YMR276W,YDR371W,0,-5.81783,0.12304084748029709,0.996999979019165,0.7106000185012817
YGL033W,YNL316C,0,-5.8181353,0.12302566319704056,0.996999979019165,0.7106999754905701
YAL058W,YHR179W,0,-5.8181896,0.12301048636436462,0.996999979019165,0.7107999920845032
YAL003W,YJR083C,0,-5.8185406,0.12299530953168869,0.996999979019165,0.7109000086784363
YJL106W,YJR090C,0,-5.8188286,0.12298014014959335,0.996999979019165,0.7110000252723694
YPL236C,YML009C,0,-5.819311,0.12296497076749802,0.996999979019165,0.7110999822616577
YJR014W,YHR028C,0,-5.8193502,0.12294980883598328,0.996999979019165,0.7111999988555908
YOL091W,YPL244C,0,-5.819459,0.12293464690446854,0.996999979019165,0.7113000154495239
YOR094W,YGR143W,0,-5.81958,0.1229194924235344,0.996999979019165,0.7113999724388123
YLR216C,YFL033C,0,-5.820058,0.12290433794260025,0.996999979019165,0.7114999890327454
YGL158W,YGR239C,0,-5.820076,0.1228891909122467,0.996999979019165,0.7116000056266785
YBR048W,YNL030W,0,-5.8201733,0.12287404388189316,0.996999979019165,0.7117000222206116
YER003C,YCR052W,0,-5.82028,0.12285890430212021,0.996999979019165,0.7117999792098999
YGL031C,YOR349W,0,-5.8204575,0.12284376472234726,0.996999979019165,0.711899995803833
YFR001W,YIL006W,0,-5.820738,0.12282863259315491,0.996999979019165,0.7120000123977661
YGL185C,YJL028W,0,-5.8208284,0.12281350046396255,0.996999979019165,0.7121000289916992
YJL004C,YGR171C,0,-5.820859,0.1227983757853508,0.996999979019165,0.7121999859809875
YPL087W,YOR057W,0,-5.8211966,0.12278325110673904,0.996999979019165,0.7123000025749207
YGR279C,YHR013C,0,-5.821229,0.12276813387870789,0.996999979019165,0.7124000191688538
YJL157C,YKL007W,0,-5.8213406,0.12275301665067673,0.996999979019165,0.7124999761581421
YDL120W,YOL165C,0,-5.821368,0.12273790687322617,0.996999979019165,0.7125999927520752
YML087C,YLR404W,0,-5.8216515,0.1227227970957756,0.996999979019165,0.7127000093460083
YJR065C,YDL092W,0,-5.8217335,0.12270769476890564,0.996999979019165,0.7128000259399414
YBR275C,YBR024W,0,-5.821828,0.12269259244203568,0.996999979019165,0.7128999829292297
YKL089W,YLR395C,0,-5.8222446,0.12267749756574631,0.996999979019165,0.7129999995231628
YCR075C,YER150W,0,-5.822281,0.12266240268945694,0.996999979019165,0.713100016117096
YBR002C,YPR162C,0,-5.8223095,0.12264731526374817,0.996999979019165,0.7131999731063843
YDL191W,YGL039W,0,-5.8223295,0.1226322278380394,0.996999979019165,0.7132999897003174
YKL205W,YER124C,0,-5.822397,0.12261714786291122,0.996999979019165,0.7134000062942505
YPL157W,YMR169C,0,-5.822706,0.12260206788778305,0.996999979019165,0.7135000228881836
YHR025W,YGR026W,0,-5.8228903,0.12258698791265488,0.996999979019165,0.7135999798774719
YCR026C,YOR378W,0,-5.822892,0.1225719228386879,0.996999979019165,0.713699996471405
YJL170C,YNL110C,0,-5.8231306,0.12255685031414032,0.996999979019165,0.7138000130653381
YIL171W,YGR277C,0,-5.823269,0.12254179269075394,0.996999979019165,0.7139000296592712
YOR127W,YOR378W,0,-5.823509,0.12252672761678696,0.996999979019165,0.7139999866485596
YCL004W,YOL056W,0,-5.823536,0.12251166999340057,0.996999979019165,0.7141000032424927
YDL015C,YIR009W,0,-5.823577,0.12249661982059479,0.996999979019165,0.7142000198364258
YLR155C,YNL095C,0,-5.823592,0.122481569647789,0.996999979019165,0.7142999768257141
YLR340W,YMR152W,0,-5.8236284,0.12246652692556381,0.996999979019165,0.7143999934196472
YDR262W,YLR212C,0,-5.8239307,0.12245148420333862,0.996999979019165,0.7145000100135803
YBL099W,YCR071C,0,-5.824196,0.12243644893169403,0.996999979019165,0.7146000266075134
YNL097C,YNL044W,0,-5.8242474,0.12242141366004944,0.996999979019165,0.7146999835968018
YOR384W,YGL156W,0,-5.824419,0.12240638583898544,0.996999979019165,0.7148000001907349
YPL066W,YJL165C,0,-5.8244267,0.12239135801792145,0.996999979019165,0.714900016784668
YOL100W,YPR009W,0,-5.8246193,0.12237633764743805,0.996999979019165,0.7149999737739563
YGL222C,YKR037C,0,-5.824877,0.12236131727695465,0.996999979019165,0.7150999903678894
YHR011W,YPL094C,0,-5.8254232,0.12234629690647125,0.996999979019165,0.7152000069618225
YNL075W,YPL002C,0,-5.825879,0.12233129143714905,0.996999979019165,0.7153000235557556
YKR037C,YCR010C,0,-5.8264503,0.12231627851724625,0.996999979019165,0.715399980545044
YDR197W,YPL020C,0,-5.8265724,0.12230127304792404,0.996999979019165,0.715499997138977
YBR052C,YAL014C,0,-5.8267517,0.12228627502918243,0.996999979019165,0.7156000137329102
YDR512C,YDL150W,0,-5.827155,0.12227127701044083,0.996999979019165,0.7156999707221985
YJL071W,YPL123C,0,-5.8272257,0.12225628644227982,0.996999979019165,0.7157999873161316
YHR147C,YCR052W,0,-5.8273106,0.1222412958741188,0.996999979019165,0.7159000039100647
YKL157W,YIL079C,0,-5.8273764,0.1222263053059578,0.996999979019165,0.7160000205039978
YDR404C,YDR143C,0,-5.8275347,0.12221132963895798,0.996999979019165,0.7160999774932861
YHR025W,YBR033W,0,-5.8276644,0.12219634652137756,0.996999979019165,0.7161999940872192
YKR024C,YBR287W,0,-5.8278446,0.12218137085437775,0.996999979019165,0.7163000106811523
YOR150W,YDR229W,0,-5.8282814,0.12216640263795853,0.996999979019165,0.7164000272750854
YDR462W,YJL136C,0,-5.8288546,0.1221514344215393,0.996999979019165,0.7164999842643738
YHR076W,YGR192C,0,-5.828868,0.12213646620512009,0.996999979019165,0.7166000008583069
YCL052C,YOR028C,0,-5.829007,0.12212150543928146,0.996999979019165,0.71670001745224
YNL197C,YOR131C,0,-5.8293915,0.12210655212402344,0.996999979019165,0.7167999744415283
YML030W,YJL042W,0,-5.8296404,0.12209159880876541,0.996999979019165,0.7168999910354614
YGR037C,YPL074W,0,-5.829832,0.12207665294408798,0.996999979019165,0.7170000076293945
YCR002C,YGR282C,0,-5.830289,0.12206170707941055,0.996999979019165,0.7171000242233276
YCR047C,YBR273C,0,-5.8304415,0.12204676121473312,0.996999979019165,0.717199981212616
YGL051W,YMR291W,0,-5.830467,0.12203182280063629,0.996999979019165,0.7172999978065491
YFR044C,YPR165W,0,-5.830806,0.12201689183712006,0.996999979019165,0.7174000144004822
YNL339C,YOR338W,0,-5.8312893,0.12200196087360382,0.996999979019165,0.7174999713897705
YCR072C,YJR138W,0,-5.8314133,0.12198702991008759,0.996999979019165,0.7175999879837036
YGR072W,YCL030C,0,-5.832369,0.12197210639715195,0.996999979019165,0.7177000045776367
YDR221W,YBR044C,0,-5.8323784,0.12195718288421631,0.996999979019165,0.7178000211715698
YLR113W,YAL033W,0,-5.832465,0.12194226682186127,0.996999979019165,0.7178999781608582
YKL126W,YMR289W,0,-5.83251,0.12192735821008682,0.996999979019165,0.7179999947547913
YEL064C,YBR042C,0,-5.832862,0.12191244959831238,0.996999979019165,0.7181000113487244
YLR128W,YMR093W,0,-5.832896,0.12189754098653793,0.996999979019165,0.7182000279426575
YPR166C,YLR127C,0,-5.832986,0.12188263982534409,0.996999979019165,0.7182999849319458
YDL015C,YGL038C,0,-5.833104,0.12186773866415024,0.996999979019165,0.7184000015258789
YNL301C,YOR356W,0,-5.8333387,0.12185284495353699,0.996999979019165,0.718500018119812
YDL246C,YIL136W,0,-5.8335104,0.12183795869350433,0.996999979019165,0.7185999751091003
YHR134W,YKR058W,0,-5.833599,0.12182307243347168,0.996999979019165,0.7186999917030334
YFR033C,YPL124W,0,-5.833721,0.12180818617343903,0.996999979019165,0.7188000082969666
YPL274W,YER153C,0,-5.8341455,0.12179330736398697,0.996999979019165,0.7189000248908997
YJL166W,YLR074C,0,-5.834304,0.12177842855453491,0.996999979019165,0.718999981880188
YGR084C,YKL183W,0,-5.8344746,0.12176355719566345,0.996999979019165,0.7190999984741211
YKL181W,YKL124W,0,-5.8345137,0.12174868583679199,0.996999979019165,0.7192000150680542
YBR042C,YOR328W,0,-5.8345613,0.12173382192850113,0.996999979019165,0.7192999720573425
YLR107W,YJL080C,0,-5.8350477,0.12171895802021027,0.996999979019165,0.7193999886512756
YMR200W,YDR484W,0,-5.835145,0.1217041015625,0.996999979019165,0.7195000052452087
YJL097W,YBR216C,0,-5.83529,0.12168924510478973,0.996999979019165,0.7196000218391418
YDR313C,YDL021W,0,-5.8353767,0.12167439609766006,0.996999979019165,0.7196999788284302
YJL117W,YDL055C,0,-5.8354225,0.1216595470905304,0.996999979019165,0.7197999954223633
YMR292W,YBR156C,0,-5.8356113,0.12164470553398132,0.996999979019165,0.7199000120162964
YML018C,YLR042C,0,-5.835638,0.12162986397743225,0.996999979019165,0.7200000286102295
YPL088W,YGL119W,0,-5.835642,0.12161502987146378,0.996999979019165,0.7200999855995178
YMR013C,YDR050C,0,-5.8357677,0.1216001957654953,0.996999979019165,0.7202000021934509
YIR013C,YER161C,0,-5.836153,0.12158536911010742,0.996999979019165,0.720300018787384
YMR297W,YLR268W,0,-5.8362017,0.12157054245471954,0.996999979019165,0.7203999757766724
YOR020C,YGL183C,0,-5.83638,0.12155571579933167,0.996999979019165,0.7204999923706055
YBR186W,YNR001C,0,-5.836974,0.12154089659452438,0.996999979019165,0.7206000089645386
YDR038C,YMR270C,0,-5.8370123,0.1215260848402977,0.996999979019165,0.7207000255584717
YGR206W,YMR257C,0,-5.8370304,0.12151127308607101,0.996999979019165,0.72079998254776
YMR217W,YER164W,0,-5.8370447,0.12149646878242493,0.996999979019165,0.7208999991416931
YNR018W,YIR037W,0,-5.8372555,0.12148166447877884,0.996999979019165,0.7210000157356262
YDR403W,YHR178W,0,-5.837576,0.12146686017513275,0.996999979019165,0.7210999727249146
YHR043C,YEL037C,0,-5.837634,0.12145206332206726,0.996999979019165,0.7211999893188477
YOR312C,YNL107W,0,-5.8379173,0.12143727391958237,0.996999979019165,0.7213000059127808
YER053C,YJL042W,0,-5.8380966,0.12142248451709747,0.996999979019165,0.7214000225067139
YLR441C,YDR034C,0,-5.838298,0.12140769511461258,0.996999979019165,0.7214999794960022
YNR018W,YKL130C,0,-5.838331,0.12139291316270828,0.996999979019165,0.7215999960899353
YNL053W,YPR137W,0,-5.838439,0.12137813121080399,0.996999979019165,0.7217000126838684
YLL042C,YGL094C,0,-5.838707,0.12136335670948029,0.996999979019165,0.7218000292778015
YMR029C,YNR020C,0,-5.838893,0.12134858965873718,0.996999979019165,0.7218999862670898
YER162C,YOL086C,0,-5.839095,0.12133382260799408,0.996999979019165,0.722000002861023
YBR098W,YDR529C,0,-5.839986,0.12131905555725098,0.996999979019165,0.722100019454956
YIL171W,YCR089W,0,-5.840497,0.12130429595708847,0.996999979019165,0.7221999764442444
YJR110W,YKR081C,0,-5.8405895,0.12128953635692596,0.996999979019165,0.7222999930381775
YLR423C,YLR268W,0,-5.8407564,0.12127478420734406,0.996999979019165,0.7224000096321106
YLL005C,YPR159W,0,-5.8410053,0.12126003205776215,0.996999979019165,0.7225000262260437
YPR075C,YNL248C,0,-5.841469,0.12124528735876083,0.996999979019165,0.722599983215332
YGL169W,YOR138C,0,-5.8418207,0.12123054265975952,0.996999979019165,0.7226999998092651
YLR359W,YOR206W,0,-5.841874,0.1212158054113388,0.996999979019165,0.7228000164031982
YJL011C,YFL021W,1,-5.841935,0.1213226318359375,0.9980000257492065,0.7228000164031982
YDR113C,YLR042C,0,-5.8419533,0.12130788713693619,0.9980000257492065,0.7228999733924866
YHR175W,YAL017W,0,-5.84237,0.12129314243793488,0.9980000257492065,0.7229999899864197
YKL109W,YKL021C,0,-5.842514,0.12127840518951416,0.9980000257492065,0.7231000065803528
YAL021C,YJL122W,0,-5.842538,0.12126366794109344,0.9980000257492065,0.7232000231742859
YMR086W,YMR075W,0,-5.8428516,0.12124893814325333,0.9980000257492065,0.7232999801635742
YOR327C,YFL033C,0,-5.843297,0.12123420834541321,0.9980000257492065,0.7233999967575073
YFR018C,YGR281W,0,-5.8434258,0.12121948599815369,0.9980000257492065,0.7235000133514404
YER075C,YKL193C,0,-5.8435593,0.12120476365089417,0.9980000257492065,0.7235999703407288
YER190W,YDL127W,0,-5.843622,0.12119004130363464,0.9980000257492065,0.7236999869346619
YOR130C,YKL021C,0,-5.843747,0.12117532640695572,0.9980000257492065,0.723800003528595
YLL008W,YIL135C,0,-5.8438034,0.12116061896085739,0.9980000257492065,0.7239000201225281
YMR134W,YOL049W,0,-5.843876,0.12114591151475906,0.9980000257492065,0.7239999771118164
YJL141C,YNL071W,0,-5.843895,0.12113120406866074,0.9980000257492065,0.7240999937057495
YKR097W,YIL105C,0,-5.8440742,0.121116504073143,0.9980000257492065,0.7242000102996826
YCR043C,YJL081C,0,-5.844159,0.12110181152820587,0.9980000257492065,0.7243000268936157
YNL212W,YKL107W,0,-5.844473,0.12108711153268814,0.9980000257492065,0.724399983882904
YGR027C,YER027C,0,-5.844939,0.1210724264383316,0.9980000257492065,0.7245000004768372
YDR258C,YIL155C,0,-5.845152,0.12105774134397507,0.9980000257492065,0.7246000170707703
YJR065C,YOR312C,0,-5.845619,0.12104305624961853,0.9980000257492065,0.7246999740600586
YER090W,YGL216W,0,-5.845723,0.12102837860584259,0.9980000257492065,0.7247999906539917
YEL041W,YOR337W,0,-5.8462343,0.12101370096206665,0.9980000257492065,0.7249000072479248
YLR429W,YDR476C,0,-5.8463497,0.12099903076887131,0.9980000257492065,0.7250000238418579
YNL207W,YOL008W,0,-5.846407,0.12098436057567596,0.9980000257492065,0.7250999808311462
YOR349W,YMR305C,0,-5.8464375,0.12096969783306122,0.9980000257492065,0.7251999974250793
YEL064C,YLR222C,0,-5.846487,0.12095503509044647,0.9980000257492065,0.7253000140190125
YCR088W,YDR163W,0,-5.846796,0.12094037979841232,0.9980000257492065,0.7253999710083008
YJR010C-A,YDR510W,0,-5.846798,0.12092572450637817,0.9980000257492065,0.7254999876022339
YCR098C,YDR173C,0,-5.846882,0.12091107666492462,0.9980000257492065,0.725600004196167
YOL041C,YNL007C,0,-5.8473167,0.12089642882347107,0.9980000257492065,0.7257000207901001
YHR181W,YMR235C,0,-5.847721,0.12088178098201752,0.9980000257492065,0.7257999777793884
YDL061C,YMR200W,0,-5.8480654,0.12086714059114456,0.9980000257492065,0.7258999943733215
YGL037C,YPL153C,0,-5.849066,0.1208525076508522,0.9980000257492065,0.7260000109672546
YKL092C,YDR306C,0,-5.849324,0.12083787471055984,0.9980000257492065,0.7261000275611877
YBR093C,YGR056W,0,-5.8494463,0.12082324177026749,0.9980000257492065,0.7261999845504761
YML094W,YGR292W,0,-5.8495827,0.12080861628055573,0.9980000257492065,0.7263000011444092
YJL125C,YKR014C,0,-5.850176,0.12079399824142456,0.9980000257492065,0.7264000177383423
YBR048W,YKR008W,0,-5.8502045,0.1207793802022934,0.9980000257492065,0.7264999747276306
YNL298W,YJL102W,0,-5.8503284,0.12076476216316223,0.9980000257492065,0.7265999913215637
YDL080C,YGL245W,0,-5.850363,0.12075015157461166,0.9980000257492065,0.7267000079154968
YHR168W,YBL061C,0,-5.850548,0.1207355409860611,0.9980000257492065,0.7268000245094299
YHR017W,YPR196W,0,-5.8506756,0.12072093784809113,0.9980000257492065,0.7268999814987183
YIL044C,YAL038W,0,-5.8516197,0.12070633471012115,0.9980000257492065,0.7269999980926514
YDR452W,YGR108W,0,-5.8518085,0.12069173902273178,0.9980000257492065,0.7271000146865845
YPL084W,YNR041C,0,-5.851907,0.12067714333534241,0.9980000257492065,0.7271999716758728
YNL052W,YHL008C,0,-5.8522387,0.12066255509853363,0.9980000257492065,0.7272999882698059
YOR284W,YBR118W,0,-5.8526793,0.12064796686172485,0.9980000257492065,0.727400004863739
YFL039C,YMR097C,0,-5.85277,0.12063338607549667,0.9980000257492065,0.7275000214576721
YDR331W,YGL023C,0,-5.8527718,0.1206188052892685,0.9980000257492065,0.7275999784469604
YJR040W,YOR022C,0,-5.853035,0.12060423195362091,0.9980000257492065,0.7276999950408936
YBR238C,YGR255C,0,-5.8531494,0.12058965861797333,0.9980000257492065,0.7278000116348267
YDL146W,YIR013C,0,-5.853158,0.12057508528232574,0.9980000257492065,0.7279000282287598
YPR192W,YER104W,0,-5.8536444,0.12056051939725876,0.9980000257492065,0.7279999852180481
YBR066C,YNR036C,0,-5.8539305,0.12054596096277237,0.9980000257492065,0.7281000018119812
YGR221C,YBR096W,0,-5.8539896,0.12053140252828598,0.9980000257492065,0.7282000184059143
YLR182W,YGR225W,0,-5.854026,0.12051684409379959,0.9980000257492065,0.7282999753952026
YML072C,YDR511W,0,-5.85413,0.1205022931098938,0.9980000257492065,0.7283999919891357
YER106W,YNL304W,0,-5.8541994,0.1204877495765686,0.9980000257492065,0.7285000085830688
YDR141C,YPL124W,0,-5.8548813,0.12047319859266281,0.9980000257492065,0.728600025177002
YPL023C,YDR512C,0,-5.8551674,0.12045866250991821,0.9980000257492065,0.7286999821662903
YJL158C,YKL221W,0,-5.855957,0.12044411897659302,0.9980000257492065,0.7287999987602234
YHR019C,YGR026W,0,-5.8560877,0.12042959034442902,0.9980000257492065,0.7289000153541565
YPL259C,YNR022C,0,-5.856226,0.12041505426168442,0.9980000257492065,0.7289999723434448
YMR168C,YOR362C,0,-5.856303,0.12040053308010101,0.9980000257492065,0.7290999889373779
YOR070C,YGR010W,0,-5.856303,0.12038600444793701,0.9980000257492065,0.729200005531311
YDL185W,YIR039C,0,-5.8563623,0.1203714907169342,0.9980000257492065,0.7293000221252441
YJL005W,YPL131W,0,-5.8567257,0.1203569695353508,0.9980000257492065,0.7293999791145325
YCR024C-A,YCL011C,0,-5.8569136,0.12034245580434799,0.9980000257492065,0.7294999957084656
YOR070C,YAL031C,0,-5.856942,0.12032794952392578,0.9980000257492065,0.7296000123023987
YIL035C,YPL230W,0,-5.857131,0.12031344324350357,0.9980000257492065,0.7297000288963318
YER154W,YEL012W,0,-5.857239,0.12029893696308136,0.9980000257492065,0.7297999858856201
YMR280C,YMR214W,0,-5.857312,0.12028443813323975,0.9980000257492065,0.7299000024795532
YML132W,YPL153C,0,-5.857359,0.12026994675397873,0.9980000257492065,0.7300000190734863
YBR026C,YKL089W,0,-5.8575153,0.12025545537471771,0.9980000257492065,0.7300999760627747
YHR176W,YEL020C,0,-5.857848,0.1202409639954567,0.9980000257492065,0.7301999926567078
YFR033C,YGL150C,0,-5.857933,0.12022648006677628,0.9980000257492065,0.7303000092506409
YPL091W,YDR497C,0,-5.8579693,0.12021199613809586,0.9980000257492065,0.730400025844574
YLR028C,YHR123W,0,-5.8582935,0.12019751965999603,0.9980000257492065,0.7304999828338623
YBR104W,YDR492W,0,-5.858611,0.12018304318189621,0.9980000257492065,0.7305999994277954
YMR300C,YDL179W,0,-5.858671,0.12016857415437698,0.9980000257492065,0.7307000160217285
YDL174C,YIL076W,0,-5.858762,0.12015410512685776,0.9980000257492065,0.7307999730110168
YPL085W,YJL170C,0,-5.8589163,0.12013964354991913,0.9980000257492065,0.73089998960495
YLL061W,YBR036C,0,-5.858927,0.1201251819729805,0.9980000257492065,0.7310000061988831
YGR037C,YKL168C,0,-5.8590994,0.12011072039604187,0.9980000257492065,0.7311000227928162
YCR087C-A,YER117W,0,-5.8593416,0.12009626626968384,0.9980000257492065,0.7311999797821045
YJL159W,YJL025W,0,-5.859762,0.1200818195939064,0.9980000257492065,0.7312999963760376
YJL177W,YPL046C,0,-5.8597965,0.12006737291812897,0.9980000257492065,0.7314000129699707
YNL321W,YDR512C,0,-5.8602133,0.12005292624235153,0.9980000257492065,0.7315000295639038
YPR101W,YOR230W,0,-5.8606787,0.1200384870171547,0.9980000257492065,0.7315999865531921
YGR012W,YBL068W,0,-5.861026,0.12002405524253845,0.9980000257492065,0.7317000031471252
YOR008C,YDL054C,0,-5.8613367,0.12000962346792221,0.9980000257492065,0.7318000197410583
YMR037C,YGL059W,0,-5.8613663,0.11999519169330597,0.9980000257492065,0.7318999767303467
YBR159W,YKL017C,0,-5.862071,0.11998076736927032,0.9980000257492065,0.7319999933242798
YBR048W,YKL165C,0,-5.8623266,0.11996634304523468,0.9980000257492065,0.7321000099182129
YMR300C,YDR238C,0,-5.8627996,0.11995192617177963,0.9980000257492065,0.732200026512146
YOR301W,YNR069C,0,-5.863076,0.11993750929832458,0.9980000257492065,0.7322999835014343
YCR043C,YMR092C,0,-5.8631306,0.11992309242486954,0.9980000257492065,0.7324000000953674
YOR371C,YBR040W,0,-5.8632107,0.11990869045257568,0.9980000257492065,0.7325000166893005
YPL270W,YOL026C,0,-5.863222,0.11989428102970123,0.9980000257492065,0.7325999736785889
YML066C,YOR230W,0,-5.8632574,0.11987987905740738,0.9980000257492065,0.732699990272522
YJR031C,YGL183C,0,-5.8633156,0.11986548453569412,0.9980000257492065,0.7328000068664551
YBR079C,YGR048W,0,-5.863653,0.11985109001398087,0.9980000257492065,0.7329000234603882
YLR332W,YGL003C,0,-5.864316,0.11983669549226761,0.9980000257492065,0.7329999804496765
YGL084C,YNL154C,0,-5.8648443,0.11982230842113495,0.9980000257492065,0.7330999970436096
YOR020C,YJR149W,0,-5.864896,0.11980792135000229,0.9980000257492065,0.7332000136375427
YPL081W,YPR023C,0,-5.864951,0.11979354172945023,0.9980000257492065,0.733299970626831
YGR194C,YLR148W,0,-5.864976,0.11977916210889816,0.9980000257492065,0.7333999872207642
YPL258C,YDR169C,0,-5.8649817,0.1197647899389267,0.9980000257492065,0.7335000038146973
YHR105W,YDR270W,0,-5.8649874,0.11975041776895523,0.9980000257492065,0.7336000204086304
YCR017C,YJL090C,0,-5.865011,0.11973605304956436,0.9980000257492065,0.7336999773979187
YNR036C,YNL122C,0,-5.8656883,0.11972168833017349,0.9980000257492065,0.7337999939918518
YLR332W,YLR265C,0,-5.865712,0.11970733106136322,0.9980000257492065,0.7339000105857849
YBR298C,YKL154W,0,-5.865855,0.11969297379255295,0.9980000257492065,0.734000027179718
YDR329C,YNR028W,0,-5.865906,0.11967861652374268,0.9980000257492065,0.7340999841690063
YLR084C,YLL054C,0,-5.865939,0.119664266705513,0.9980000257492065,0.7342000007629395
YER048W-A,YDR342C,0,-5.8660727,0.11964992433786392,0.9980000257492065,0.7343000173568726
YML049C,YJL036W,0,-5.8666077,0.11963558197021484,0.9980000257492065,0.7343999743461609
YER069W,YDR510W,0,-5.8667307,0.11962123960256577,0.9980000257492065,0.734499990940094
YDR332W,YLL028W,0,-5.867303,0.11960690468549728,0.9980000257492065,0.7346000075340271
YGR255C,YJR055W,0,-5.867917,0.1195925697684288,0.9980000257492065,0.7347000241279602
YDR116C,YBR294W,0,-5.867936,0.11957824230194092,0.9980000257492065,0.7347999811172485
YDR462W,YDR119W,0,-5.8683977,0.11956391483545303,0.9980000257492065,0.7348999977111816
YKL126W,YER144C,0,-5.8688135,0.11954959481954575,0.9980000257492065,0.7350000143051147
YJR040W,YIL072W,0,-5.8689003,0.11953527480363846,0.9980000257492065,0.7350999712944031
YMR218C,YNR045W,0,-5.8690205,0.11952095478773117,0.9980000257492065,0.7351999878883362
YBL066C,YBL079W,0,-5.8690224,0.11950664222240448,0.9980000257492065,0.7353000044822693
YMR146C,YLR305C,0,-5.8692303,0.11949233710765839,0.9980000257492065,0.7354000210762024
YNL119W,YGR287C,0,-5.869426,0.11947803199291229,0.9980000257492065,0.7354999780654907
YJL144W,YFR004W,0,-5.8696394,0.1194637268781662,0.9980000257492065,0.7355999946594238
YAR008W,YPR021C,0,-5.8699427,0.1194494292140007,0.9980000257492065,0.7357000112533569
YNL125C,YKL007W,0,-5.8700314,0.1194351390004158,0.9980000257492065,0.73580002784729
YKL013C,YNL172W,0,-5.870058,0.1194208413362503,0.9980000257492065,0.7358999848365784
YGR077C,YDR403W,0,-5.8708153,0.119406558573246,0.9980000257492065,0.7360000014305115
YHR057C,YDR496C,0,-5.8716965,0.1193922683596611,0.9980000257492065,0.7361000180244446
YHL018W,YPL230W,0,-5.8723516,0.1193779930472374,0.9980000257492065,0.7361999750137329
YOR149C,YNL014W,0,-5.8725166,0.1193637102842331,0.9980000257492065,0.736299991607666
YNL315C,YNL012W,0,-5.8725586,0.11934943497180939,0.9980000257492065,0.7364000082015991
YJR004C,YLR336C,0,-5.87272,0.11933516710996628,0.9980000257492065,0.7365000247955322
YMR241W,YLR073C,0,-5.8729715,0.11932089924812317,0.9980000257492065,0.7365999817848206
YER018C,YBR158W,0,-5.8734875,0.11930663138628006,0.9980000257492065,0.7366999983787537
YOR221C,YGR264C,0,-5.874092,0.11929237097501755,0.9980000257492065,0.7368000149726868
YBR275C,YBL078C,0,-5.874446,0.11927811801433563,0.9980000257492065,0.7368999719619751
YGR194C,YJR057W,0,-5.874816,0.11926386505365372,0.9980000257492065,0.7369999885559082
YLR359W,YPR104C,0,-5.8748865,0.1192496120929718,0.9980000257492065,0.7371000051498413
YGL179C,YML071C,0,-5.8749247,0.11923536658287048,0.9980000257492065,0.7372000217437744
YPL084W,YOR242C,0,-5.87512,0.11922112107276917,0.9980000257492065,0.7372999787330627
YJR135W-A,YMR214W,0,-5.875125,0.11920688301324844,0.9980000257492065,0.7373999953269958
YGR009C,YBL082C,0,-5.875593,0.11919264495372772,0.9980000257492065,0.737500011920929
YOR196C,YPL048W,0,-5.875785,0.119178406894207,0.9980000257492065,0.7376000285148621
YPR033C,YLR034C,0,-5.875849,0.11916417628526688,0.9980000257492065,0.7376999855041504
YML054C,YNL316C,0,-5.876134,0.11914995312690735,0.9980000257492065,0.7378000020980835
YPL270W,YNL069C,0,-5.8761635,0.11913572996854782,0.9980000257492065,0.7379000186920166
YJR093C,YOR332W,0,-5.8765287,0.1191215068101883,0.9980000257492065,0.7379999756813049
YBR056W,YMR298W,0,-5.8766556,0.11910729110240936,0.9980000257492065,0.738099992275238
YGR118W,YOR351C,0,-5.876725,0.11909307539463043,0.9980000257492065,0.7382000088691711
YOR339C,YLL012W,0,-5.876856,0.1190788671374321,0.9980000257492065,0.7383000254631042
YBR068C,YLR051C,0,-5.8777723,0.11906465888023376,0.9980000257492065,0.7383999824523926
YEL015W,YDL215C,0,-5.877845,0.11905045807361603,0.9980000257492065,0.7384999990463257
YHR104W,YNL339C,0,-5.878193,0.11903625726699829,0.9980000257492065,0.7386000156402588
YFL047W,YPR185W,0,-5.8782063,0.11902206391096115,0.9980000257492065,0.7386999726295471
YJL151C,YNR008W,0,-5.8782597,0.11900787055492401,0.9980000257492065,0.7387999892234802
YLL035W,YOR003W,0,-5.87833,0.11899367719888687,0.9980000257492065,0.7389000058174133
YOR381W,YPR137W,0,-5.878434,0.11897949129343033,0.9980000257492065,0.7390000224113464
YHR098C,YDL130W-A,0,-5.878523,0.11896531283855438,0.9980000257492065,0.7390999794006348
YOR028C,YMR088C,0,-5.879347,0.11895113438367844,0.9980000257492065,0.7391999959945679
YGL170C,YPL153C,0,-5.879423,0.11893695592880249,0.9980000257492065,0.739300012588501
YDR113C,YBL112C,0,-5.8794384,0.11892278492450714,0.9980000257492065,0.7394000291824341
YIL111W,YDR334W,0,-5.879468,0.11890861392021179,0.9980000257492065,0.7394999861717224
YLR386W,YJL052W,0,-5.8795214,0.11889445036649704,0.9980000257492065,0.7396000027656555
YPL096W,YCR004C,0,-5.879901,0.11888028681278229,0.9980000257492065,0.7397000193595886
YGR028W,YKL183W,0,-5.8801155,0.11886612325906754,0.9980000257492065,0.739799976348877
YOR070C,YHL047C,0,-5.8806124,0.11885197460651398,0.9980000257492065,0.7398999929428101
YML094W,YMR122W-A,0,-5.8806906,0.11883781850337982,0.9980000257492065,0.7400000095367432
YNL336W,YNR007C,0,-5.8807306,0.11882366985082626,0.9980000257492065,0.7401000261306763
YMR137C,YMR281W,0,-5.88083,0.1188095211982727,0.9980000257492065,0.7401999831199646
YPL027W,YNL209W,0,-5.880927,0.11879537999629974,0.9980000257492065,0.7402999997138977
YJR004C,YNL329C,0,-5.8818264,0.11878124624490738,0.9980000257492065,0.7404000163078308
YHR072W,YNR045W,0,-5.8819704,0.11876710504293442,0.9980000257492065,0.7404999732971191
YLR274W,YOR228C,0,-5.8821955,0.11875297129154205,0.9980000257492065,0.7405999898910522
YKR013W,YDL043C,0,-5.882392,0.11873884499073029,0.9980000257492065,0.7407000064849854
YER153C,YPR052C,0,-5.882535,0.11872471868991852,0.9980000257492065,0.7408000230789185
YEL065W,YGR070W,0,-5.8825607,0.11871059983968735,0.9980000257492065,0.7408999800682068
YFR033C,YNL113W,0,-5.8825855,0.11869648098945618,0.9980000257492065,0.7409999966621399
YDR489W,YKR081C,0,-5.882677,0.118682362139225,0.9980000257492065,0.741100013256073
YPL005W,YAL012W,0,-5.8826933,0.11866825073957443,0.9980000257492065,0.7411999702453613
YKL046C,YDL038C,0,-5.8827963,0.11865414679050446,0.9980000257492065,0.7412999868392944
YER017C,YDR411C,0,-5.882944,0.11864003539085388,0.9980000257492065,0.7414000034332275
YLR078C,YGR225W,0,-5.882949,0.1186259388923645,0.9980000257492065,0.7415000200271606
YEL020C,YOR361C,0,-5.8830986,0.11861183494329453,0.9980000257492065,0.741599977016449
YDL020C,YIL101C,0,-5.8830996,0.11859773844480515,0.9980000257492065,0.7416999936103821
YNL182C,YNR073C,0,-5.8831615,0.11858364939689636,0.9980000257492065,0.7418000102043152
YJL060W,YLR386W,0,-5.883275,0.11856956034898758,0.9980000257492065,0.7419000267982483
YDR030C,YHR153C,0,-5.8835516,0.1185554787516594,0.9980000257492065,0.7419999837875366
YBR210W,YGL021W,0,-5.884117,0.11854139715433121,0.9980000257492065,0.7421000003814697
YGR084C,YHR002W,0,-5.884197,0.11852731555700302,0.9980000257492065,0.7422000169754028
YDR262W,YMR037C,0,-5.884392,0.11851324141025543,0.9980000257492065,0.7422999739646912
YLR192C,YDR020C,0,-5.884925,0.11849916726350784,0.9980000257492065,0.7423999905586243
YER094C,YLR396C,0,-5.885194,0.11848510056734085,0.9980000257492065,0.7425000071525574
YPL158C,YBL102W,0,-5.885376,0.11847103387117386,0.9980000257492065,0.7426000237464905
YOR354C,YBR092C,0,-5.8856993,0.11845697462558746,0.9980000257492065,0.7426999807357788
YDL130W,YBL011W,0,-5.8857327,0.11844291538000107,0.9980000257492065,0.7427999973297119
YKL137W,YGR156W,0,-5.8858166,0.11842885613441467,0.9980000257492065,0.742900013923645
YJL102W,YAR002C-A,0,-5.8861647,0.11841480433940887,0.9980000257492065,0.7429999709129333
YPR001W,YKR065C,0,-5.8863163,0.11840075999498367,0.9980000257492065,0.7430999875068665
YKL003C,YBR286W,0,-5.88638,0.11838671565055847,0.9980000257492065,0.7432000041007996
YJL109C,YIR018W,0,-5.886716,0.11837267130613327,0.9980000257492065,0.7433000206947327
YJL194W,YDR233C,0,-5.8873405,0.11835863441228867,0.9980000257492065,0.743399977684021
YPL274W,YOL002C,0,-5.8875866,0.11834459751844406,0.9980000257492065,0.7434999942779541
YKR039W,YBL018C,0,-5.8877316,0.11833056807518005,0.9980000257492065,0.7436000108718872
YKR010C,YOR033C,0,-5.887909,0.11831653863191605,0.9980000257492065,0.7437000274658203
YJR129C,YHR063C,0,-5.888212,0.11830251663923264,0.9980000257492065,0.7437999844551086
YFL001W,YML063W,0,-5.8883696,0.11828849464654922,0.9980000257492065,0.7439000010490417
YLR307W,YMR241W,0,-5.888687,0.11827447265386581,0.9980000257492065,0.7440000176429749
YCL063W,YBR125C,0,-5.8887005,0.118260458111763,0.9980000257492065,0.7440999746322632
YPL276W,YNL172W,0,-5.888714,0.11824644356966019,0.9980000257492065,0.7441999912261963
YGL068W,YBL018C,0,-5.8888617,0.11823243647813797,0.9980000257492065,0.7443000078201294
YDL191W,YGL233W,0,-5.888895,0.11821842938661575,0.9980000257492065,0.7444000244140625
YBR105C,YNL113W,0,-5.889366,0.11820442974567413,0.9980000257492065,0.7444999814033508
YDR371W,YLR151C,0,-5.889385,0.11819043010473251,0.9980000257492065,0.7445999979972839
YDR415C,YCR068W,0,-5.889598,0.11817643791437149,0.9980000257492065,0.744700014591217
YDR263C,YGR264C,0,-5.889621,0.11816244572401047,0.9980000257492065,0.7447999715805054
YNL112W,YAL025C,0,-5.889862,0.11814845353364944,0.9980000257492065,0.7448999881744385
YDR497C,YOR297C,0,-5.890538,0.11813446879386902,0.9980000257492065,0.7450000047683716
YPL048W,YDR519W,0,-5.8905745,0.11812048405408859,0.9980000257492065,0.7451000213623047
YBL101C,YBR164C,0,-5.8909273,0.11810650676488876,0.9980000257492065,0.745199978351593
YJR076C,YMR315W,0,-5.890978,0.11809253692626953,0.9980000257492065,0.7452999949455261
YIL051C,YER069W,0,-5.8911486,0.1180785596370697,0.9980000257492065,0.7454000115394592
YPL132W,YOR067C,0,-5.8911734,0.11806458979845047,0.9980000257492065,0.7455000281333923
YDR383C,YJL115W,0,-5.891448,0.11805062741041183,0.9980000257492065,0.7455999851226807
YGR006W,YIL124W,0,-5.89147,0.1180366650223732,0.9980000257492065,0.7457000017166138
YOL109W,YDL227C,0,-5.89178,0.11802270263433456,0.9980000257492065,0.7458000183105469
YFL034C-B,YPL123C,0,-5.8920813,0.11800874769687653,0.9980000257492065,0.7458999752998352
YBR159W,YIL009C-A,0,-5.8922033,0.11799480020999908,0.9980000257492065,0.7459999918937683
YGL099W,YOR228C,0,-5.8923492,0.11798084527254105,0.9980000257492065,0.7461000084877014
YOL062C,YMR130W,0,-5.8925104,0.1179669052362442,0.9980000257492065,0.7462000250816345
YMR250W,YER020W,0,-5.8929987,0.11795295774936676,0.9980000257492065,0.7462999820709229
YMR184W,YBR152W,0,-5.893073,0.11793902516365051,0.9980000257492065,0.746399998664856
YPL270W,YPR026W,0,-5.893339,0.11792508512735367,0.9980000257492065,0.7465000152587891
YDR405W,YDR047W,0,-5.893796,0.11791115254163742,0.9980000257492065,0.7465999722480774
YDR254W,YDL083C,0,-5.8939114,0.11789722740650177,0.9980000257492065,0.7466999888420105
YKR003W,YCR053W,0,-5.8939333,0.11788329482078552,0.9980000257492065,0.7468000054359436
YPL074W,YKR097W,0,-5.894123,0.11786937713623047,0.9980000257492065,0.7469000220298767
YHR181W,YGL162W,0,-5.8941507,0.11785545945167542,0.9980000257492065,0.746999979019165
YMR211W,YAL023C,0,-5.8945723,0.11784154176712036,0.9980000257492065,0.7470999956130981
YPL037C,YJR158W,0,-5.8947763,0.11782762408256531,0.9980000257492065,0.7472000122070312
YNL339C,YPR072W,0,-5.894788,0.11781371384859085,0.9980000257492065,0.7473000288009644
YBR243C,YLL012W,0,-5.894827,0.11779981106519699,0.9980000257492065,0.7473999857902527
YAL029C,YCR010C,0,-5.8953342,0.11778590828180313,0.9980000257492065,0.7475000023841858
YKL116C,YLL041C,0,-5.895404,0.11777200549840927,0.9980000257492065,0.7476000189781189
YGR034W,YGL079W,0,-5.8956766,0.11775811016559601,0.9980000257492065,0.7476999759674072
YDR086C,YOL138C,0,-5.895686,0.11774422228336334,0.9980000257492065,0.7477999925613403
YER061C,YMR154C,0,-5.8958282,0.11773032695055008,0.9980000257492065,0.7479000091552734
YBR040W,YJL010C,0,-5.8959455,0.11771643906831741,0.9980000257492065,0.7480000257492065
YAL044C,YJL149W,0,-5.895999,0.11770255863666534,0.9980000257492065,0.7480999827384949
YMR112C,YDR298C,0,-5.8969383,0.11768867820501328,0.9980000257492065,0.748199999332428
YER137C,YEL056W,0,-5.8980227,0.1176748052239418,0.9980000257492065,0.7483000159263611
YOR201C,YHR042W,0,-5.8982296,0.11766093224287033,0.9980000257492065,0.7483999729156494
YOL128C,YER145C,0,-5.898507,0.11764705926179886,0.9980000257492065,0.7484999895095825
YHR176W,YGL097W,0,-5.8990726,0.11763319373130798,0.9980000257492065,0.7486000061035156
YDL083C,YDR352W,0,-5.8990765,0.11761932820081711,0.9980000257492065,0.7487000226974487
YGL054C,YGR013W,0,-5.8990917,0.11760547012090683,0.9980000257492065,0.7487999796867371
YMR316W,YKL067W,0,-5.8993406,0.11759161204099655,0.9980000257492065,0.7488999962806702
YGL031C,YDR527W,0,-5.8997173,0.11757775396108627,0.9980000257492065,0.7490000128746033
YGR059W,YNL307C,0,-5.8997593,0.11756390333175659,0.9980000257492065,0.7491000294685364
YDL180W,YDR342C,0,-5.90047,0.11755006015300751,0.9980000257492065,0.7491999864578247
YAL021C,YEL012W,0,-5.9006443,0.11753621697425842,0.9980000257492065,0.7493000030517578
YNL321W,YOR377W,0,-5.9012146,0.11752237379550934,0.9980000257492065,0.7494000196456909
YFL066C,YDL028C,0,-5.9013205,0.11750853806734085,0.9980000257492065,0.7494999766349792
YKL168C,YLR401C,0,-5.9015226,0.11749470233917236,0.9980000257492065,0.7495999932289124
YKL189W,YEL037C,0,-5.901581,0.11748087406158447,0.9980000257492065,0.7497000098228455
YDR489W,YMR106C,0,-5.901698,0.11746704578399658,0.9980000257492065,0.7498000264167786
YDR285W,YHR028C,0,-5.9018536,0.11745321750640869,0.9980000257492065,0.7498999834060669
YNL217W,YDR237W,0,-5.9020243,0.1174393966794014,0.9980000257492065,0.75
YJR090C,YBR299W,0,-5.9020576,0.1174255758523941,0.9980000257492065,0.7501000165939331
YKR039W,YJL194W,0,-5.902503,0.11741176247596741,0.9980000257492065,0.7501999735832214
YGR214W,YDL120W,0,-5.902588,0.11739795655012131,0.9980000257492065,0.7502999901771545
YPL033C,YHR179W,0,-5.9031563,0.11738414317369461,0.9980000257492065,0.7504000067710876
YLR233C,YDR156W,0,-5.903576,0.11737033724784851,0.9980000257492065,0.7505000233650208
YPL186C,YMR270C,0,-5.903925,0.11735653877258301,0.9980000257492065,0.7505999803543091
YBR093C,YDL030W,0,-5.9039316,0.1173427402973175,0.9980000257492065,0.7506999969482422
YPR166C,YGR008C,0,-5.903948,0.117328941822052,0.9980000257492065,0.7508000135421753
YPL236C,YMR024W,0,-5.903983,0.1173151507973671,0.9980000257492065,0.7508999705314636
YNL097C,YLR325C,0,-5.9041233,0.11730135977268219,0.9980000257492065,0.7509999871253967
YEL043W,YOR298C-A,0,-5.904128,0.11728757619857788,0.9980000257492065,0.7511000037193298
YLR079W,YPR028W,0,-5.904166,0.11727379262447357,0.9980000257492065,0.7512000203132629
YOR307C,YLR164W,0,-5.904578,0.11726001650094986,0.9980000257492065,0.7512999773025513
YGL259W,YLR383W,0,-5.904912,0.11724624037742615,0.9980000257492065,0.7513999938964844
YIL145C,YKL021C,0,-5.905615,0.11723247170448303,0.9980000257492065,0.7515000104904175
YJL060W,YHR031C,0,-5.9057856,0.11721869558095932,0.9980000257492065,0.7516000270843506
YKL157W,YOR237W,0,-5.9062595,0.1172049343585968,0.9980000257492065,0.7516999840736389
YMR238W,YOL057W,0,-5.9063416,0.11719117313623428,0.9980000257492065,0.751800000667572
YJL157C,YDL215C,0,-5.9069996,0.11717741191387177,0.9980000257492065,0.7519000172615051
YJL019W,YGR287C,0,-5.907386,0.11716365069150925,0.9980000257492065,0.7519999742507935
YDR090C,YCR037C,0,-5.907585,0.11714989691972733,0.9980000257492065,0.7520999908447266
YDR405W,YOR298C-A,0,-5.9076166,0.117136150598526,0.9980000257492065,0.7522000074386597
YGR206W,YJL063C,0,-5.9076176,0.11712240427732468,0.9980000257492065,0.7523000240325928
YDR258C,YPR101W,0,-5.9076805,0.11710865795612335,0.9980000257492065,0.7523999810218811
YJL093C,YDR496C,0,-5.9078903,0.11709491908550262,0.9980000257492065,0.7524999976158142
YNL009W,YOR007C,0,-5.908045,0.1170811802148819,0.9980000257492065,0.7526000142097473
YLR128W,YOR056C,0,-5.908141,0.11706744879484177,0.9980000257492065,0.7526999711990356
YKL073W,YLR073C,0,-5.908149,0.11705371737480164,0.9980000257492065,0.7527999877929688
YCR017C,YJR014W,0,-5.908288,0.1170399934053421,0.9980000257492065,0.7529000043869019
YCL038C,YMR264W,0,-5.9086866,0.11702626943588257,0.9980000257492065,0.753000020980835
YDL184C,YOL071W,0,-5.908848,0.11701254546642303,0.9980000257492065,0.7530999779701233
YIL108W,YDR076W,0,-5.90899,0.1169988289475441,0.9980000257492065,0.7531999945640564
YKL055C,YGR177C,0,-5.909176,0.11698511242866516,0.9980000257492065,0.7533000111579895
YER048C,YER165W,0,-5.909421,0.11697140336036682,0.9980000257492065,0.7534000277519226
YLL040C,YAR007C,0,-5.909568,0.11695769429206848,0.9980000257492065,0.7534999847412109
YAL062W,YJR057W,0,-5.909683,0.11694398522377014,0.9980000257492065,0.753600001335144
YJR133W,YGL170C,0,-5.909706,0.1169302836060524,0.9980000257492065,0.7537000179290771
YBL090W,YJR095W,0,-5.9100637,0.11691658943891525,0.9980000257492065,0.7537999749183655
YGL135W,YBR128C,0,-5.9101276,0.1169028952717781,0.9980000257492065,0.7538999915122986
YBR240C,YOL040C,0,-5.9101667,0.11688920110464096,0.9980000257492065,0.7540000081062317
YJL192C,YGR264C,0,-5.910187,0.11687551438808441,0.9980000257492065,0.7541000247001648
YJL002C,YGR271C-A,0,-5.9102745,0.11686182767152786,0.9980000257492065,0.7541999816894531
YDL166C,YKL124W,0,-5.9104366,0.11684814095497131,0.9980000257492065,0.7542999982833862
YOR202W,YKL167C,0,-5.910555,0.11683446168899536,0.9980000257492065,0.7544000148773193
YPL159C,YGR172C,0,-5.9105635,0.1168207898736,0.9980000257492065,0.7544999718666077
YJL190C,YNL241C,0,-5.910837,0.11680711805820465,0.9980000257492065,0.7545999884605408
YDR498C,YOR116C,0,-5.9108744,0.1167934462428093,0.9980000257492065,0.7547000050544739
YGR113W,YHL004W,0,-5.9110603,0.11677978187799454,0.9980000257492065,0.754800021648407
YLR309C,YNL274C,0,-5.9115667,0.11676611751317978,0.9980000257492065,0.7548999786376953
YNL279W,YML064C,0,-5.9124002,0.11675245314836502,0.9980000257492065,0.7549999952316284
YJR031C,YBR150C,0,-5.9126234,0.11673879623413086,0.9980000257492065,0.7551000118255615
YHR109W,YMR152W,0,-5.9131947,0.1167251467704773,0.9980000257492065,0.7552000284194946
YHR171W,YML132W,0,-5.9132566,0.11671149730682373,0.9980000257492065,0.755299985408783
YGL121C,YOL062C,0,-5.913333,0.11669784784317017,0.9980000257492065,0.7554000020027161
YCR017C,YDR354W,0,-5.9137125,0.1166842058300972,0.9980000257492065,0.7555000185966492
YNL300W,YHR041C,0,-5.9137783,0.11667056381702423,0.9980000257492065,0.7555999755859375
YDR498C,YLR336C,0,-5.913784,0.11665692925453186,0.9980000257492065,0.7556999921798706
YAR071W,YNR028W,0,-5.9139566,0.11664329469203949,0.9980000257492065,0.7558000087738037
YBR096W,YCR011C,0,-5.9141083,0.11662966012954712,0.9980000257492065,0.7559000253677368
YNL279W,YBR245C,0,-5.9141703,0.11661603301763535,0.9980000257492065,0.7559999823570251
YEL013W,YBR021W,0,-5.914652,0.11660240590572357,0.9980000257492065,0.7560999989509583
YDL107W,YGR264C,0,-5.914854,0.1165887862443924,0.9980000257492065,0.7562000155448914
YER069W,YGL225W,0,-5.9152336,0.11657516658306122,0.9980000257492065,0.7562999725341797
YPR020W,YJL210W,0,-5.915984,0.11656155437231064,0.9980000257492065,0.7563999891281128
YBR074W,YHL033C,0,-5.9160595,0.11654794216156006,0.9980000257492065,0.7565000057220459
YBR203W,YAL040C,0,-5.917321,0.11653432995080948,0.9980000257492065,0.756600022315979
YLR024C,YOR217W,0,-5.917511,0.1165207251906395,0.9980000257492065,0.7566999793052673
YLR452C,YLR385C,0,-5.917717,0.11650712043046951,0.9980000257492065,0.7567999958992004
YPR163C,YFR004W,0,-5.917864,0.11649352312088013,0.9980000257492065,0.7569000124931335
YLL040C,YLR378C,0,-5.9178715,0.11647992581129074,0.9980000257492065,0.7570000290870667
YML009C,YGR223C,0,-5.9183044,0.11646632850170135,0.9980000257492065,0.757099986076355
YDR018C,YHR036W,0,-5.918457,0.11645273864269257,0.9980000257492065,0.7572000026702881
YKL119C,YOR294W,0,-5.918661,0.11643915623426437,0.9980000257492065,0.7573000192642212
YKL127W,YHL022C,0,-5.918996,0.11642557382583618,0.9980000257492065,0.7573999762535095
YLR045C,YMR172W,0,-5.9198694,0.11641199141740799,0.9980000257492065,0.7574999928474426
YIL095W,YJR063W,0,-5.9199066,0.1163984164595604,0.9980000257492065,0.7576000094413757
YMR098C,YJL116C,0,-5.9209414,0.1163848415017128,0.9980000257492065,0.7577000260353088
YBR230C,YBR192W,0,-5.921611,0.1163712665438652,0.9980000257492065,0.7577999830245972
YCR089W,YDR120C,0,-5.9217863,0.1163576990365982,0.9980000257492065,0.7578999996185303
YML128C,YKL027W,0,-5.9222965,0.1163441389799118,0.9980000257492065,0.7580000162124634
YAR050W,YDR446W,0,-5.922426,0.1163305714726448,0.9980000257492065,0.7580999732017517
YIR034C,YML036W,0,-5.9225082,0.116317018866539,0.9980000257492065,0.7581999897956848
YDR263C,YPR196W,0,-5.92262,0.1163034588098526,0.9980000257492065,0.7583000063896179
YMR211W,YCR057C,0,-5.9229527,0.1162899062037468,0.9980000257492065,0.758400022983551
YKL157W,YGL095C,0,-5.9233656,0.11627636104822159,0.9980000257492065,0.7584999799728394
YBL009W,YPL095C,0,-5.923498,0.11626281589269638,0.9980000257492065,0.7585999965667725
YPL242C,YGR125W,0,-5.923729,0.11624927073717117,0.9980000257492065,0.7587000131607056
YGR075C,YNR056C,0,-5.9237366,0.11623573303222656,0.9980000257492065,0.7588000297546387
YJL129C,YOR115C,0,-5.9238358,0.11622219532728195,0.9980000257492065,0.758899986743927
YJL192C,YJR075W,0,-5.924204,0.11620866507291794,0.9980000257492065,0.7590000033378601
YDR307W,YJL187C,0,-5.924387,0.11619513481855392,0.9980000257492065,0.7591000199317932
YPL154C,YHR188C,0,-5.92453,0.11618160456418991,0.9980000257492065,0.7591999769210815
YMR139W,YLR121C,0,-5.924532,0.1161680817604065,0.9980000257492065,0.7592999935150146
YDR084C,YIL113W,0,-5.9246454,0.11615455895662308,0.9980000257492065,0.7594000101089478
YDR044W,YPL223C,0,-5.9251356,0.11614104360342026,0.9980000257492065,0.7595000267028809
YOR127W,YDL014W,0,-5.9254723,0.11612752825021744,0.9980000257492065,0.7595999836921692
YER078C,YPL190C,0,-5.9255714,0.11611402034759521,0.9980000257492065,0.7597000002861023
YGR209C,YBR172C,0,-5.925583,0.11610051244497299,0.9980000257492065,0.7598000168800354
YKL024C,YML019W,0,-5.9258366,0.11608700454235077,0.9980000257492065,0.7598999738693237
YNL265C,YPR144C,0,-5.9259624,0.11607350409030914,0.9980000257492065,0.7599999904632568
YIL168W,YLL042C,0,-5.926008,0.11606000363826752,0.9980000257492065,0.7601000070571899
YBR019C,YJR088C,0,-5.926366,0.11604651063680649,0.9980000257492065,0.760200023651123
YBR074W,YJR053W,0,-5.926429,0.11603301763534546,0.9980000257492065,0.7602999806404114
YNL331C,YNL262W,0,-5.9264336,0.11601953208446503,0.9980000257492065,0.7603999972343445
YJL154C,YNL069C,0,-5.9268064,0.1160060465335846,0.9980000257492065,0.7605000138282776
YNL305C,YKL213C,0,-5.9268675,0.11599256098270416,0.9980000257492065,0.7605999708175659
YIL078W,YOR237W,0,-5.9269333,0.11597908288240433,0.9980000257492065,0.760699987411499
YLR306W,YEL037C,0,-5.9273233,0.11596560478210449,0.9980000257492065,0.7608000040054321
YKL119C,YHR013C,0,-5.927984,0.11595213413238525,0.9980000257492065,0.7609000205993652
YDL095W,YEL017C-A,0,-5.9281626,0.11593866348266602,0.9980000257492065,0.7609999775886536
YLR307W,YIL172C,0,-5.928344,0.11592519283294678,0.9980000257492065,0.7610999941825867
YNR050C,YOR116C,0,-5.9284134,0.11591172963380814,0.9980000257492065,0.7612000107765198
YNL070W,YPL163C,0,-5.928482,0.1158982664346695,0.9980000257492065,0.7613000273704529
YOL019W,YML066C,0,-5.9285746,0.11588481068611145,0.9980000257492065,0.7613999843597412
YDL165W,YJL052W,0,-5.928607,0.1158713549375534,0.9980000257492065,0.7615000009536743
YBL040C,YDR096W,0,-5.9287195,0.11585790663957596,0.9980000257492065,0.7616000175476074
YPR200C,YPR164W,0,-5.929455,0.11584445834159851,0.9980000257492065,0.7616999745368958
YFR041C,YGR108W,0,-5.929474,0.11583101004362106,0.9980000257492065,0.7617999911308289
YGR049W,YIL132C,0,-5.929929,0.11581756919622421,0.9980000257492065,0.761900007724762
YNL188W,YGR070W,0,-5.929965,0.11580412834882736,0.9980000257492065,0.7620000243186951
YHR045W,YOR066W,0,-5.9305925,0.11579069495201111,0.9980000257492065,0.7620999813079834
YNL244C,YFL037W,0,-5.9312677,0.11577726155519485,0.9980000257492065,0.7621999979019165
YDL104C,YJR158W,0,-5.931653,0.1157638356089592,0.9980000257492065,0.7623000144958496
YBL091C-A,YER083C,0,-5.93182,0.11575040966272354,0.9980000257492065,0.7623999714851379
YLR155C,YER104W,0,-5.932021,0.11573698371648788,0.9980000257492065,0.762499988079071
YKL090W,YOL005C,0,-5.9325676,0.11572356522083282,0.9980000257492065,0.7626000046730042
YGL213C,YNR046W,0,-5.93266,0.11571014672517776,0.9980000257492065,0.7627000212669373
YMR250W,YLR135W,0,-5.9326887,0.1156967282295227,0.9980000257492065,0.7627999782562256
YBR213W,YMR013C,0,-5.9329844,0.11568331718444824,0.9980000257492065,0.7628999948501587
YGR112W,YDR409W,0,-5.933363,0.11566991358995438,0.9980000257492065,0.7630000114440918
YBR008C,YDR156W,0,-5.933503,0.11565650999546051,0.9980000257492065,0.7631000280380249
YKR059W,YOR046C,0,-5.933712,0.11564310640096664,0.9980000257492065,0.7631999850273132
YJR047C,YER011W,0,-5.9338264,0.11562971025705338,0.9980000257492065,0.7633000016212463
YPR133W-A,YMR238W,0,-5.933979,0.1156163141131401,0.9980000257492065,0.7634000182151794
YOR180C,YDR047W,0,-5.9340973,0.11560291796922684,0.9980000257492065,0.7634999752044678
YDL082W,YDR326C,0,-5.934265,0.11558952927589417,0.9980000257492065,0.7635999917984009
YCL045C,YJL092W,0,-5.934516,0.11557614058256149,0.9980000257492065,0.763700008392334
YCR094W,YEL041W,0,-5.9345284,0.11556275933980942,0.9980000257492065,0.7638000249862671
YEL047C,YLL027W,0,-5.934559,0.11554937809705734,0.9980000257492065,0.7638999819755554
YDL040C,YDR270W,0,-5.934676,0.11553600430488586,0.9980000257492065,0.7639999985694885
YDL178W,YLR064W,0,-5.9349966,0.11552263051271439,0.9980000257492065,0.7641000151634216
YMR197C,YPR063C,0,-5.9353228,0.11550925672054291,0.9980000257492065,0.76419997215271
YMR016C,YNL274C,0,-5.9355927,0.11549589037895203,0.9980000257492065,0.7642999887466431
YPL012W,YDL010W,0,-5.935601,0.11548252403736115,0.9980000257492065,0.7644000053405762
YGL179C,YKL091C,0,-5.9359245,0.11546916514635086,0.9980000257492065,0.7645000219345093
YJR045C,YKR037C,0,-5.935935,0.11545580625534058,0.9980000257492065,0.7645999789237976
YEL003W,YLR453C,0,-5.9362106,0.11544245481491089,0.9980000257492065,0.7646999955177307
YDL207W,YLR134W,0,-5.9362335,0.1154291033744812,0.9980000257492065,0.7648000121116638
YJR044C,YDR134C,0,-5.936612,0.11541575193405151,0.9980000257492065,0.7649000287055969
YML064C,YPL218W,0,-5.9367437,0.11540240794420242,0.9980000257492065,0.7649999856948853
YNL073W,YPL053C,0,-5.937829,0.11538906395435333,0.9980000257492065,0.7651000022888184
YDR222W,YPR132W,0,-5.9381714,0.11537571996450424,0.9980000257492065,0.7652000188827515
YKR036C,YMR305C,0,-5.9383545,0.11536238342523575,0.9980000257492065,0.7652999758720398
YFL003C,YNL071W,0,-5.9383955,0.11534905433654785,0.9980000257492065,0.7653999924659729
YCL004W,YGL040C,0,-5.9385805,0.11533572524785995,0.9980000257492065,0.765500009059906
YDR298C,YJR059W,0,-5.9386673,0.11532239615917206,0.9980000257492065,0.7656000256538391
YJL116C,YER095W,0,-5.9390755,0.11530906707048416,0.9980000257492065,0.7656999826431274
YER094C,YOL133W,0,-5.9393005,0.11529574543237686,0.9980000257492065,0.7657999992370605
YLR027C,YBR132C,0,-5.939521,0.11528243124485016,0.9980000257492065,0.7659000158309937
YAL024C,YHR061C,0,-5.9395533,0.11526911705732346,0.9980000257492065,0.765999972820282
YDL082W,YDR096W,0,-5.9396772,0.11525580286979675,0.9980000257492065,0.7660999894142151
YIL121W,YJL051W,0,-5.9397974,0.11524249613285065,0.9980000257492065,0.7662000060081482
YOR010C,YPR036W,0,-5.940819,0.11522918939590454,0.9980000257492065,0.7663000226020813
YIR037W,YDR394W,0,-5.941036,0.11521588265895844,0.9980000257492065,0.7663999795913696
YDL051W,YDR454C,0,-5.9412804,0.11520258337259293,0.9980000257492065,0.7664999961853027
YOL109W,YMR038C,0,-5.941636,0.11518929153680801,0.9980000257492065,0.7666000127792358
YPL110C,YNL101W,0,-5.941736,0.1151759922504425,0.9980000257492065,0.766700029373169
YBR159W,YFR042W,0,-5.9417906,0.11516270786523819,0.9980000257492065,0.7667999863624573
YKL161C,YDR047W,0,-5.9429836,0.11514941602945328,0.9980000257492065,0.7669000029563904
YNL044W,YPL084W,0,-5.943222,0.11513613164424896,0.9980000257492065,0.7670000195503235
YOR373W,YBR127C,0,-5.9439507,0.11512285470962524,0.9980000257492065,0.7670999765396118
YMR139W,YDR415C,0,-5.944434,0.11510957032442093,0.9980000257492065,0.7671999931335449
YGR012W,YCL043C,0,-5.9445076,0.11509630084037781,0.9980000257492065,0.767300009727478
YJR145C,YJR009C,0,-5.944524,0.11508302390575409,0.9980000257492065,0.7674000263214111
YNR036C,YMR182C,0,-5.9452553,0.11506975442171097,0.9980000257492065,0.7674999833106995
YCR079W,YBR036C,0,-5.9452925,0.11505649238824844,0.9980000257492065,0.7675999999046326
YLR028C,YLR051C,0,-5.9453382,0.11504323035478592,0.9980000257492065,0.7677000164985657
YMR198W,YJR017C,0,-5.94555,0.1150299683213234,0.9980000257492065,0.767799973487854
YLR106C,YGR240C,0,-5.945568,0.11501671373844147,0.9980000257492065,0.7678999900817871
YGR221C,YGL047W,0,-5.945586,0.11500345915555954,0.9980000257492065,0.7680000066757202
YDR394W,YOR388C,0,-5.9456396,0.11499020457267761,0.9980000257492065,0.7681000232696533
YPR066W,YNR007C,0,-5.9467096,0.11497695744037628,0.9980000257492065,0.7681999802589417
YLR304C,YBL067C,0,-5.946765,0.11496371030807495,0.9980000257492065,0.7682999968528748
YNL220W,YLR226W,0,-5.9469137,0.11495047062635422,0.9980000257492065,0.7684000134468079
YMR298W,YEL004W,0,-5.9470034,0.11493723094463348,0.9980000257492065,0.7684999704360962
YHR050W,YBR290W,0,-5.947009,0.11492399871349335,0.9980000257492065,0.7685999870300293
YGR166W,YDL110C,0,-5.9470615,0.11491076648235321,0.9980000257492065,0.7687000036239624
YOL030W,YOL104C,0,-5.947321,0.11489753425121307,0.9980000257492065,0.7688000202178955
YIL074C,YJR159W,0,-5.9477453,0.11488430947065353,0.9980000257492065,0.7688999772071838
YFR033C,YCR068W,0,-5.9479733,0.114871084690094,0.9980000257492065,0.7689999938011169
YNL080C,YJR137C,0,-5.9485016,0.11485786736011505,0.9980000257492065,0.76910001039505
YMR162C,YKR003W,0,-5.9492006,0.11484465003013611,0.9980000257492065,0.7692000269889832
YER056C-A,YLR446W,0,-5.94921,0.11483143270015717,0.9980000257492065,0.7692999839782715
YGL004C,YPL012W,0,-5.9493265,0.11481822282075882,0.9980000257492065,0.7694000005722046
YLR127C,YPL111W,0,-5.9495955,0.11480501294136047,0.9980000257492065,0.7695000171661377
YDL099W,YBR039W,0,-5.949668,0.11479181051254272,0.9980000257492065,0.769599974155426
YGR032W,YKL103C,0,-5.9497595,0.11477860808372498,0.9980000257492065,0.7696999907493591
YAL008W,YLR343W,0,-5.9499035,0.11476541310548782,0.9980000257492065,0.7698000073432922
YBR205W,YGL173C,0,-5.9503593,0.11475221067667007,0.9980000257492065,0.7699000239372253
YJL106W,YBR241C,0,-5.950487,0.11473902314901352,0.9980000257492065,0.7699999809265137
YPL164C,YJR045C,0,-5.9507484,0.11472582817077637,0.9980000257492065,0.7700999975204468
YDL191W,YBL006C,0,-5.950783,0.11471264064311981,0.9980000257492065,0.7702000141143799
YMR161W,YML036W,0,-5.950876,0.11469946056604385,0.9980000257492065,0.7702999711036682
YJL103C,YNL336W,0,-5.950879,0.1146862804889679,0.9980000257492065,0.7703999876976013
YNL239W,YGL097W,0,-5.9509706,0.11467310041189194,0.9980000257492065,0.7705000042915344
YLR027C,YKL074C,0,-5.9512005,0.11465992778539658,0.9980000257492065,0.7706000208854675
YLR043C,YDL080C,0,-5.95173,0.11464675515890121,0.9980000257492065,0.7706999778747559
YNR057C,YJR010C-A,0,-5.9517555,0.11463358253240585,0.9980000257492065,0.770799994468689
YPR164W,YDL227C,0,-5.9520254,0.11462041735649109,0.9980000257492065,0.7709000110626221
YPL005W,YDL214C,0,-5.9521065,0.11460725963115692,0.9980000257492065,0.7710000276565552
YER036C,YNR069C,0,-5.9521866,0.11459409445524216,0.9980000257492065,0.7710999846458435
YLR113W,YLR327C,0,-5.95226,0.11458094418048859,0.9980000257492065,0.7712000012397766
YJL051W,YDR447C,0,-5.9525404,0.11456778645515442,0.9980000257492065,0.7713000178337097
YER180C,YFL001W,0,-5.953002,0.11455463618040085,0.9980000257492065,0.771399974822998
YLR134W,YMR071C,0,-5.953821,0.11454149335622787,0.9980000257492065,0.7714999914169312
YKR066C,YPR204W,0,-5.954233,0.1145283430814743,0.9980000257492065,0.7716000080108643
YCL052C,YBR014C,0,-5.9543247,0.11451520025730133,0.9980000257492065,0.7717000246047974
YHR175W,YPL093W,0,-5.954628,0.11450206488370895,0.9980000257492065,0.7717999815940857
YOR020C,YJR147W,0,-5.95473,0.11448892951011658,0.9980000257492065,0.7718999981880188
YDL120W,YNL087W,0,-5.954809,0.1144757941365242,0.9980000257492065,0.7720000147819519
YLR071C,YIR036C,0,-5.954813,0.11446266621351242,0.9980000257492065,0.7720999717712402
YDL181W,YBL097W,0,-5.9548874,0.11444953829050064,0.9980000257492065,0.7721999883651733
YLR160C,YNL047C,0,-5.954997,0.11443641781806946,0.9980000257492065,0.7723000049591064
YGR206W,YNR032W,0,-5.9556913,0.11442329734563828,0.9980000257492065,0.7724000215530396
YIL051C,YJR017C,0,-5.956579,0.11441017687320709,0.9980000257492065,0.7724999785423279
YGL170C,YPL111W,0,-5.957114,0.1143970638513565,0.9980000257492065,0.772599995136261
YMR146C,YER017C,0,-5.9572353,0.11438395082950592,0.9980000257492065,0.7727000117301941
YKL056C,YBR204C,0,-5.957512,0.11437084525823593,0.9980000257492065,0.7728000283241272
YML012W,YHR084W,0,-5.9575243,0.11435773968696594,0.9980000257492065,0.7728999853134155
YOL113W,YBL112C,0,-5.957697,0.11434464156627655,0.9980000257492065,0.7730000019073486
YKL178C,YGL226C-A,0,-5.9581385,0.11433153599500656,0.9980000257492065,0.7731000185012817
YOL021C,YLR048W,0,-5.958274,0.11431844532489777,0.9980000257492065,0.7731999754905701
YJR110W,YHR203C,0,-5.9583607,0.11430534720420837,0.9980000257492065,0.7732999920845032
YPR121W,YEL031W,0,-5.958685,0.11429225653409958,0.9980000257492065,0.7734000086784363
YBL091C-A,YPL068C,0,-5.958802,0.11427917331457138,0.9980000257492065,0.7735000252723694
YBR294W,YER150W,0,-5.9589796,0.11426609009504318,0.9980000257492065,0.7735999822616577
YPL048W,YKL126W,0,-5.9589977,0.11425300687551498,0.9980000257492065,0.7736999988555908
YER153C,YJL102W,0,-5.95934,0.11423992365598679,0.9980000257492065,0.7738000154495239
YGR134W,YIL070C,0,-5.9601145,0.11422684788703918,0.9980000257492065,0.7738999724388123
YFL034C-B,YAL005C,0,-5.9603148,0.11421377956867218,0.9980000257492065,0.7739999890327454
YPR005C,YJL052W,0,-5.960437,0.11420071125030518,0.9980000257492065,0.7741000056266785
YLR010C,YER169W,0,-5.9609594,0.11418764293193817,0.9980000257492065,0.7742000222206116
YJR065C,YOR256C,0,-5.961075,0.11417458206415176,0.9980000257492065,0.7742999792098999
YGR288W,YNL092W,0,-5.961132,0.11416152119636536,0.9980000257492065,0.774399995803833
YDR349C,YER002W,0,-5.9614544,0.11414846032857895,0.9980000257492065,0.7745000123977661
YNL301C,YLR090W,0,-5.9622335,0.11413540691137314,0.9980000257492065,0.7746000289916992
YGR249W,YKL109W,0,-5.9622383,0.11412235349416733,0.9980000257492065,0.7746999859809875
YER124C,YDR163W,0,-5.962241,0.11410930752754211,0.9980000257492065,0.7748000025749207
YER185W,YAL053W,0,-5.9624157,0.1140962615609169,0.9980000257492065,0.7749000191688538
YDL107W,YMR319C,0,-5.9625034,0.11408321559429169,0.9980000257492065,0.7749999761581421
YJL063C,YER044C,0,-5.962776,0.11407017707824707,0.9980000257492065,0.7750999927520752
YDR446W,YJL062W,0,-5.96284,0.11405714601278305,0.9980000257492065,0.7752000093460083
YER185W,YBR001C,0,-5.9630413,0.11404410749673843,0.9980000257492065,0.7753000259399414
YJL106W,YLR103C,0,-5.9630413,0.11403107643127441,0.9980000257492065,0.7753999829292297
YLR029C,YMR008C,0,-5.9640656,0.11401805281639099,0.9980000257492065,0.7754999995231628
YER103W,YBR009C,0,-5.9645424,0.11400502920150757,0.9980000257492065,0.775600016117096
YGR249W,YPR166C,0,-5.9645596,0.11399200558662415,0.9980000257492065,0.7756999731063843
YDL049C,YLR013W,0,-5.9647636,0.11397898942232132,0.9980000257492065,0.7757999897003174
YKL003C,YHR004C,0,-5.9649143,0.1139659732580185,0.9980000257492065,0.7759000062942505
YHL040C,YPR137W,0,-5.9653196,0.11395295709371567,0.9980000257492065,0.7760000228881836
YPR184W,YBR241C,0,-5.965617,0.11393994837999344,0.9980000257492065,0.7760999798774719
YJR034W,YDL190C,0,-5.965742,0.11392693966627121,0.9980000257492065,0.776199996471405
YMR049C,YGL180W,0,-5.965826,0.11391393840312958,0.9980000257492065,0.7763000130653381
YLR064W,YEL030W,0,-5.9658422,0.11390093713998795,0.9980000257492065,0.7764000296592712
YMR282C,YEL013W,0,-5.966054,0.11388793587684631,0.9980000257492065,0.7764999866485596
YAL035W,YOR285W,0,-5.9662285,0.11387494206428528,0.9980000257492065,0.7766000032424927
YDL104C,YGL208W,0,-5.966297,0.11386194825172424,0.9980000257492065,0.7767000198364258
YPR196W,YMR004W,0,-5.966528,0.1138489618897438,0.9980000257492065,0.7767999768257141
YDL020C,YJL138C,0,-5.96659,0.11383597552776337,0.9980000257492065,0.7768999934196472
YER052C,YJR056C,0,-5.9668436,0.11382298916578293,0.9980000257492065,0.7770000100135803
YJL115W,YIL088C,0,-5.967659,0.11381001025438309,0.9980000257492065,0.7771000266075134
YKR094C,YOR188W,0,-5.96786,0.11379703879356384,0.9980000257492065,0.7771999835968018
YAR066W,YJL213W,0,-5.968055,0.113784059882164,0.9980000257492065,0.7773000001907349
YKL038W,YER048C,0,-5.968074,0.11377108842134476,0.9980000257492065,0.777400016784668
YBL034C,YDR202C,0,-5.968172,0.11375812441110611,0.9980000257492065,0.7774999737739563
YLR042C,YER183C,0,-5.968498,0.11374515295028687,0.9980000257492065,0.7775999903678894
YJR083C,YGL022W,0,-5.968975,0.11373219639062881,0.9980000257492065,0.7777000069618225
YOR127W,YER183C,0,-5.969968,0.11371923238039017,0.9980000257492065,0.7778000235557556
YDL078C,YJL109C,0,-5.9700966,0.11370627582073212,0.9980000257492065,0.777899980545044
YBR240C,YDR270W,0,-5.970357,0.11369332671165466,0.9980000257492065,0.777999997138977
YMR282C,YLR132C,0,-5.9706125,0.11368037015199661,0.9980000257492065,0.7781000137329102
YKL172W,YPL273W,0,-5.970642,0.11366742849349976,0.9980000257492065,0.7781999707221985
YMR300C,YDR233C,0,-5.970954,0.1136544793844223,0.9980000257492065,0.7782999873161316
YOR255W,YLR151C,0,-5.9716253,0.11364153772592545,0.9980000257492065,0.7784000039100647
YLR440C,YML112W,0,-5.971633,0.11362860351800919,0.9980000257492065,0.7785000205039978
YMR169C,YLR133W,0,-5.9717655,0.11361566185951233,0.9980000257492065,0.7785999774932861
YIL027C,YER170W,0,-5.9720135,0.11360273510217667,0.9980000257492065,0.7786999940872192
YDR506C,YAL022C,0,-5.972576,0.1135898008942604,0.9980000257492065,0.7788000106811523
YPR005C,YBL022C,0,-5.972596,0.11357687413692474,0.9980000257492065,0.7789000272750854
YPL147W,YGL021W,0,-5.972724,0.11356394737958908,0.9980000257492065,0.7789999842643738
YPL059W,YFL055W,0,-5.9730844,0.11355102807283401,0.9980000257492065,0.7791000008583069
YDR194C,YML058W,0,-5.9737835,0.11353810876607895,0.9980000257492065,0.77920001745224
YLR340W,YLR278C,0,-5.9738016,0.11352519690990448,0.9980000257492065,0.7792999744415283
YER175C,YDR480W,0,-5.9739265,0.11351228505373001,0.9980000257492065,0.7793999910354614
YML072C,YJR025C,0,-5.9739914,0.11349937319755554,0.9980000257492065,0.7795000076293945
YOL102C,YER153C,0,-5.9744015,0.11348646879196167,0.9980000257492065,0.7796000242233276
YHR175W,YPR020W,0,-5.974663,0.1134735643863678,0.9980000257492065,0.779699981212616
YHL013C,YBR067C,0,-5.97495,0.11346066743135452,0.9980000257492065,0.7797999978065491
YBR126C,YHR105W,0,-5.975297,0.11344776302576065,0.9980000257492065,0.7799000144004822
YHR013C,YPL019C,0,-5.9756193,0.11343487352132797,0.9980000257492065,0.7799999713897705
YBR132C,YER068W,0,-5.9756613,0.1134219765663147,0.9980000257492065,0.7800999879837036
YMR269W,YPL111W,0,-5.975971,0.11340909451246262,0.9980000257492065,0.7802000045776367
YIL157C,YNL273W,0,-5.9764214,0.11339620500802994,0.9980000257492065,0.7803000211715698
YPR151C,YDR033W,0,-5.9768248,0.11338332295417786,0.9980000257492065,0.7803999781608582
YIL117C,YOR230W,0,-5.976861,0.11337044090032578,0.9980000257492065,0.7804999947547913
YDR498C,YIL073C,0,-5.9771414,0.11335756629705429,0.9980000257492065,0.7806000113487244
YHR215W,YBR205W,0,-5.9772587,0.1133446916937828,0.9980000257492065,0.7807000279426575
YER048W-A,YGL208W,0,-5.977315,0.11333181709051132,0.9980000257492065,0.7807999849319458
YOR315W,YER088C,0,-5.9773464,0.11331894993782043,0.9980000257492065,0.7809000015258789
YGL259W,YNL325C,0,-5.9777546,0.11330608278512955,0.9980000257492065,0.781000018119812
YMR304W,YGR231C,0,-5.9782467,0.11329322308301926,0.9980000257492065,0.7810999751091003
YDR141C,YPR192W,0,-5.978488,0.11328036338090897,0.9980000257492065,0.7811999917030334
YPR156C,YBL068W,0,-5.978513,0.11326750367879868,0.9980000257492065,0.7813000082969666
YIL117C,YNR039C,0,-5.9785624,0.11325465142726898,0.9980000257492065,0.7814000248908997
YGR154C,YNL119W,0,-5.9790115,0.11324179917573929,0.9980000257492065,0.781499981880188
YFR001W,YDL181W,0,-5.9790754,0.11322895437479019,0.9980000257492065,0.7815999984741211
YCR017C,YMR114C,0,-5.979536,0.1132161095738411,0.9980000257492065,0.7817000150680542
YHR187W,YLR256W,0,-5.97999,0.113203264772892,0.9980000257492065,0.7817999720573425
YGR199W,YMR145C,0,-5.9806137,0.1131904274225235,0.9980000257492065,0.7818999886512756
YGL158W,YGL205W,0,-5.9806223,0.113177590072155,0.9980000257492065,0.7820000052452087
YNL302C,YKR068C,0,-5.9808245,0.1131647601723671,0.9980000257492065,0.7821000218391418
YEL042W,YLR033W,0,-5.9808626,0.1131519302725792,0.9980000257492065,0.7821999788284302
YNL160W,YOL049W,0,-5.9810915,0.11313910037279129,0.9980000257492065,0.7822999954223633
YNL149C,YCR102C,0,-5.9812727,0.11312627792358398,0.9980000257492065,0.7824000120162964
YGR032W,YNL268W,0,-5.981365,0.11311345547437668,0.9980000257492065,0.7825000286102295
YPL015C,YPL153C,0,-5.9815607,0.11310063302516937,0.9980000257492065,0.7825999855995178
YMR256C,YPR066W,0,-5.9816484,0.11308781802654266,0.9980000257492065,0.7827000021934509
YLL004W,YGR081C,0,-5.981781,0.11307500302791595,0.9980000257492065,0.782800018787384
YNL292W,YIL079C,0,-5.9824505,0.11306219547986984,0.9980000257492065,0.7828999757766724
YOL031C,YHR023W,0,-5.9824924,0.11304938793182373,0.9980000257492065,0.7829999923706055
YEL026W,YPL103C,0,-5.982877,0.11303658038377762,0.9980000257492065,0.7831000089645386
YCR096C,YNL067W,0,-5.9831266,0.1130237802863121,0.9980000257492065,0.7832000255584717
YDL044C,YMR291W,0,-5.9836607,0.11301098763942719,0.9980000257492065,0.78329998254776
YAL012W,YLR099C,0,-5.9837866,0.11299818754196167,0.9980000257492065,0.7833999991416931
YKR010C,YDR143C,0,-5.9839764,0.11298539489507675,0.9980000257492065,0.7835000157356262
YEL041W,YIL132C,0,-5.9844904,0.11297260224819183,0.9980000257492065,0.7835999727249146
YNL128W,YMR127C,0,-5.9858875,0.11295981705188751,0.9980000257492065,0.7836999893188477
YDL069C,YOR067C,0,-5.986041,0.11294703185558319,0.9980000257492065,0.7838000059127808
YOL115W,YPL027W,0,-5.98606,0.11293425410985947,0.9980000257492065,0.7839000225067139
YJL079C,YPR033C,0,-5.9861593,0.11292147636413574,0.9980000257492065,0.7839999794960022
YNL248C,YDR254W,0,-5.986579,0.11290869861841202,0.9980000257492065,0.7840999960899353
YNL244C,YGL250W,0,-5.9866047,0.11289592832326889,0.9980000257492065,0.7842000126838684
YPR160W,YPL276W,0,-5.987383,0.11288315802812576,0.9980000257492065,0.7843000292778015
YBR024W,YHR147C,0,-5.987425,0.11287038773298264,0.9980000257492065,0.7843999862670898
YDR449C,YNL010W,0,-5.987446,0.1128576248884201,0.9980000257492065,0.784500002861023
YOR173W,YJR013W,0,-5.9877777,0.11284486949443817,0.9980000257492065,0.784600019454956
YLR205C,YOR206W,0,-5.9880486,0.11283210664987564,0.9980000257492065,0.7846999764442444
YGR220C,YMR241W,0,-5.9881268,0.11281935125589371,0.9980000257492065,0.7847999930381775
YMR202W,YDL028C,0,-5.988415,0.11280660331249237,0.9980000257492065,0.7849000096321106
YGL222C,YML058W,0,-5.988496,0.11279385536909103,0.9980000257492065,0.7850000262260437
YNL046W,YIR003W,0,-5.988826,0.1127811074256897,0.9980000257492065,0.785099983215332
YMR150C,YBR127C,0,-5.988921,0.11276835948228836,0.9980000257492065,0.7851999998092651
YIL136W,YPL152W,0,-5.9889393,0.11275561898946762,0.9980000257492065,0.7853000164031982
YKR056W,YOR054C,0,-5.9892282,0.11274288594722748,0.9980000257492065,0.7853999733924866
YMR301C,YMR152W,0,-5.989378,0.11273014545440674,0.9980000257492065,0.7854999899864197
YNL217W,YGR086C,0,-5.989498,0.1127174124121666,0.9980000257492065,0.7856000065803528
YMR302C,YIL066C,0,-5.9897785,0.11270468682050705,0.9980000257492065,0.7857000231742859
YMR280C,YBR175W,0,-5.9898157,0.1126919612288475,0.9980000257492065,0.7857999801635742
YNL326C,YJL130C,0,-5.989977,0.11267923563718796,0.9980000257492065,0.7858999967575073
YNL037C,YMR136W,0,-5.9902525,0.11266651749610901,0.9980000257492065,0.7860000133514404
YMR167W,YJR063W,0,-5.990926,0.11265379935503006,0.9980000257492065,0.7860999703407288
YJL221C,YHR135C,0,-5.9911146,0.11264108121395111,0.9980000257492065,0.7861999869346619
YEL060C,YNR021W,0,-5.9911423,0.11262837052345276,0.9980000257492065,0.786300003528595
YNL222W,YFL021W,1,-5.9915314,0.11272850632667542,0.9990000128746033,0.786300003528595
YIL114C,YGR256W,0,-5.991724,0.11271578818559647,0.9990000128746033,0.7864000201225281
YJR016C,YNL209W,0,-5.991843,0.11270307004451752,0.9990000128746033,0.7864999771118164
YOL100W,YJL148W,0,-5.9922514,0.11269035190343857,0.9990000128746033,0.7865999937057495
YBR159W,YBR152W,0,-5.9923553,0.11267764121294022,0.9990000128746033,0.7867000102996826
YLR356W,YGR225W,0,-5.9926186,0.11266493797302246,0.9990000128746033,0.7868000268936157
YBR172C,YDR044W,0,-5.9926414,0.1126522347331047,0.9990000128746033,0.786899983882904
YLR225C,YGR065C,0,-5.9927597,0.11263953149318695,0.9990000128746033,0.7870000004768372
YCR098C,YHR016C,0,-5.99282,0.11262683570384979,0.9990000128746033,0.7871000170707703
YNL244C,YJR021C,0,-5.9928904,0.11261413246393204,0.9990000128746033,0.7871999740600586
YBR222C,YNL283C,0,-5.99323,0.11260144412517548,0.9990000128746033,0.7872999906539917
YOL082W,YCR068W,0,-5.9932375,0.11258875578641891,0.9990000128746033,0.7874000072479248
YER087W,YDR030C,0,-5.993432,0.11257606744766235,0.9990000128746033,0.7875000238418579
YGL225W,YHR123W,0,-5.993449,0.11256337910890579,0.9990000128746033,0.7875999808311462
YDR519W,YAL031C,0,-5.9935045,0.11255069822072983,0.9990000128746033,0.7876999974250793
YGL014W,YBR150C,0,-5.994281,0.11253801733255386,0.9990000128746033,0.7878000140190125
YJL087C,YGR162W,0,-5.994625,0.1125253438949585,0.9990000128746033,0.7878999710083008
YPL033C,YOR295W,0,-5.9951506,0.11251267045736313,0.9990000128746033,0.7879999876022339
YGL256W,YDL217C,0,-5.9952803,0.11249999701976776,0.9990000128746033,0.788100004196167
YHR171W,YJR086W,0,-5.995368,0.11248733103275299,0.9990000128746033,0.7882000207901001
YML009C,YAL005C,0,-5.995681,0.11247466504573822,0.9990000128746033,0.7882999777793884
YDR059C,YDR245W,0,-5.9957724,0.11246200650930405,0.9990000128746033,0.7883999943733215
YCL018W,YER184C,0,-5.996213,0.11244934797286987,0.9990000128746033,0.7885000109672546
YBR287W,YJL010C,0,-5.9966946,0.1124366894364357,0.9990000128746033,0.7886000275611877
YNR070W,YDR236C,0,-5.996725,0.11242403835058212,0.9990000128746033,0.7886999845504761
YJL028W,YMR311C,0,-5.996831,0.11241138726472855,0.9990000128746033,0.7888000011444092
YPL269W,YER104W,0,-5.997031,0.11239873617887497,0.9990000128746033,0.7889000177383423
YBR139W,YIL127C,0,-5.997032,0.11238609254360199,0.9990000128746033,0.7889999747276306
YNL152W,YJL020C,0,-5.9971504,0.1123734563589096,0.9990000128746033,0.7890999913215637
YKR020W,YLR308W,0,-5.9973106,0.11236081272363663,0.9990000128746033,0.7892000079154968
YLR207W,YGL022W,0,-5.997531,0.11234817653894424,0.9990000128746033,0.7893000245094299
YGL224C,YGL183C,0,-5.9979258,0.11233554780483246,0.9990000128746033,0.7893999814987183
YLR014C,YNL119W,0,-5.998353,0.11232291162014008,0.9990000128746033,0.7894999980926514
YHR063C,YLR401C,0,-5.998475,0.11231029033660889,0.9990000128746033,0.7896000146865845
YDR225W,YKR003W,0,-5.9987364,0.1122976616024971,0.9990000128746033,0.7896999716758728
YLR312W-A,YJR053W,0,-5.999976,0.11228504031896591,0.9990000128746033,0.7897999882698059
YMR032W,YGL161C,0,-6.000102,0.11227241903543472,0.9990000128746033,0.789900004863739
YER184C,YLR353W,0,-6.000243,0.11225980520248413,0.9990000128746033,0.7900000214576721
YMR229C,YLR176C,0,-6.0010567,0.11224719136953354,0.9990000128746033,0.7900999784469604
YIR037W,YDR409W,0,-6.001115,0.11223457753658295,0.9990000128746033,0.7901999950408936
YJL033W,YLR287C-A,0,-6.001684,0.11222197115421295,0.9990000128746033,0.7903000116348267
YLR008C,YLR073C,0,-6.002103,0.11220936477184296,0.9990000128746033,0.7904000282287598
YMR271C,YJL124C,0,-6.0028906,0.11219676584005356,0.9990000128746033,0.7904999852180481
YNL016W,YHR045W,0,-6.003048,0.11218416690826416,0.9990000128746033,0.7906000018119812
YOR162C,YGL037C,0,-6.003126,0.11217156797647476,0.9990000128746033,0.7907000184059143
YGL014W,YGR125W,0,-6.0033875,0.11215897649526596,0.9990000128746033,0.7907999753952026
YDR258C,YAL009W,0,-6.0038414,0.11214638501405716,0.9990000128746033,0.7908999919891357
YDR403W,YGL226C-A,0,-6.0038767,0.11213380098342896,0.9990000128746033,0.7910000085830688
YBR274W,YBL002W,0,-6.0041723,0.11212120950222015,0.9990000128746033,0.791100025177002
YMR117C,YNL052W,0,-6.0043125,0.11210863292217255,0.9990000128746033,0.7911999821662903
YBR018C,YBL069W,0,-6.004339,0.11209604889154434,0.9990000128746033,0.7912999987602234
YNL067W,YHL007C,0,-6.0044613,0.11208347231149673,0.9990000128746033,0.7914000153541565
YPL029W,YJL047C,0,-6.0046034,0.11207090318202972,0.9990000128746033,0.7914999723434448
YHR029C,YPR094W,0,-6.0050077,0.11205832660198212,0.9990000128746033,0.7915999889373779
YGR152C,YOR234C,0,-6.0051804,0.1120457574725151,0.9990000128746033,0.791700005531311
YOR347C,YLR357W,0,-6.005253,0.11203319579362869,0.9990000128746033,0.7918000221252441
YPL134C,YDR358W,0,-6.0053062,0.11202063411474228,0.9990000128746033,0.7918999791145325
YCR079W,YGL249W,0,-6.0054693,0.11200807243585587,0.9990000128746033,0.7919999957084656
YLR222C,YMR312W,0,-6.0062284,0.11199551820755005,0.9990000128746033,0.7921000123023987
YKR061W,YDL208W,0,-6.007004,0.11198296397924423,0.9990000128746033,0.7922000288963318
YBL091C-A,YPR005C,0,-6.007201,0.11197040975093842,0.9990000128746033,0.7922999858856201
YDR307W,YBR192W,0,-6.0076685,0.1119578629732132,0.9990000128746033,0.7924000024795532
YGR027C,YOR322C,0,-6.0078745,0.11194531619548798,0.9990000128746033,0.7925000190734863
YJL124C,YPL186C,0,-6.0082808,0.11193276941776276,0.9990000128746033,0.7925999760627747
YKL091C,YBL058W,0,-6.0083313,0.11192023009061813,0.9990000128746033,0.7926999926567078
YKL164C,YER170W,0,-6.008362,0.11190769821405411,0.9990000128746033,0.7928000092506409
YGL047W,YLL003W,0,-6.0084066,0.11189515888690948,0.9990000128746033,0.792900025844574
YDR511W,YLR110C,0,-6.0085335,0.11188262701034546,0.9990000128746033,0.7929999828338623
YPL147W,YBR145W,0,-6.0085344,0.11187010258436203,0.9990000128746033,0.7930999994277954
YOR179C,YLL039C,0,-6.008827,0.1118575781583786,0.9990000128746033,0.7932000160217285
YDL178W,YOL155C,0,-6.010021,0.11184505373239517,0.9990000128746033,0.7932999730110168
YML087C,YGR014W,0,-6.0103903,0.11183252930641174,0.9990000128746033,0.79339998960495
YAL020C,YMR257C,0,-6.010454,0.11182001233100891,0.9990000128746033,0.7935000061988831
YLR110C,YER104W,0,-6.0112495,0.11180749535560608,0.9990000128746033,0.7936000227928162
YPR072W,YML027W,0,-6.01126,0.11179498583078384,0.9990000128746033,0.7936999797821045
YOL026C,YDR031W,0,-6.011508,0.11178247630596161,0.9990000128746033,0.7937999963760376
YOR210W,YLL045C,0,-6.012677,0.11176997423171997,0.9990000128746033,0.7939000129699707
YNL301C,YDR501W,0,-6.012911,0.11175746470689774,0.9990000128746033,0.7940000295639038
YKR050W,YGL128C,0,-6.0129566,0.1117449700832367,0.9990000128746033,0.7940999865531921
YBR150C,YMR006C,0,-6.0134153,0.11173246800899506,0.9990000128746033,0.7942000031471252
YPL104W,YER055C,0,-6.0134897,0.11171997338533401,0.9990000128746033,0.7943000197410583
YLR452C,YLR136C,0,-6.013727,0.11170747876167297,0.9990000128746033,0.7943999767303467
YGL160W,YOR313C,0,-6.013958,0.11169499158859253,0.9990000128746033,0.7944999933242798
YMR104C,YJL062W,0,-6.013996,0.11168250441551208,0.9990000128746033,0.7946000099182129
YLR165C,YGL124C,0,-6.014724,0.11167001724243164,0.9990000128746033,0.794700026512146
YLR297W,YPL078C,0,-6.014985,0.1116575375199318,0.9990000128746033,0.7947999835014343
YLR207W,YLR314C,0,-6.015298,0.11164505779743195,0.9990000128746033,0.7949000000953674
YAR019C,YLR178C,0,-6.0155497,0.1116325855255127,0.9990000128746033,0.7950000166893005
YCL059C,YNR007C,0,-6.0155525,0.11162011325359344,0.9990000128746033,0.7950999736785889
YDL052C,YNR047W,0,-6.015568,0.1116076409816742,0.9990000128746033,0.795199990272522
YJL048C,YPL167C,0,-6.0155716,0.11159517616033554,0.9990000128746033,0.7953000068664551
YMR134W,YDR415C,0,-6.0155754,0.11158271133899689,0.9990000128746033,0.7954000234603882
YMR029C,YER096W,0,-6.0156364,0.11157024651765823,0.9990000128746033,0.7954999804496765
YLR014C,YLL039C,0,-6.015707,0.11155778914690018,0.9990000128746033,0.7955999970436096
YDL122W,YPR185W,0,-6.015769,0.11154533177614212,0.9990000128746033,0.7957000136375427
YJL130C,YHR001W,0,-6.0159235,0.11153288185596466,0.9990000128746033,0.795799970626831
YGR062C,YBL019W,0,-6.0160027,0.1115204319357872,0.9990000128746033,0.7958999872207642
YPR023C,YKL148C,0,-6.016199,0.11150798201560974,0.9990000128746033,0.7960000038146973
YLR300W,YGR067C,0,-6.0162983,0.11149553209543228,0.9990000128746033,0.7961000204086304
YJR151C,YOL133W,0,-6.0165987,0.11148309707641602,0.9990000128746033,0.7961999773979187
YLR027C,YDL010W,0,-6.01729,0.11147065460681915,0.9990000128746033,0.7962999939918518
YER144C,YOR344C,0,-6.0176964,0.11145821958780289,0.9990000128746033,0.7964000105857849
YLR084C,YOL003C,0,-6.017824,0.11144578456878662,0.9990000128746033,0.796500027179718
YCR088W,YER022W,0,-6.0180683,0.11143334954977036,0.9990000128746033,0.7965999841690063
YDL210W,YAL012W,0,-6.018305,0.11142092198133469,0.9990000128746033,0.7967000007629395
YPL202C,YAL001C,1,-6.018382,0.11152001470327377,1.0,0.7967000007629395
YGL039W,YER074W,0,-6.018426,0.11150757968425751,1.0,0.7968000173568726
YMR056C,YIL076W,0,-6.0184298,0.11149515211582184,1.0,0.7968999743461609
YFL003C,YLR330W,0,-6.0187273,0.11148271709680557,1.0,0.796999990940094
YJR034W,YJR159W,0,-6.0190306,0.1114702895283699,1.0,0.7971000075340271
YDR151C,YDR432W,0,-6.0191793,0.11145786941051483,1.0,0.7972000241279602
YHR143W-A,YOR120W,0,-6.0193586,0.11144544929265976,1.0,0.7972999811172485
YNL325C,YPL218W,0,-6.0200167,0.11143302917480469,1.0,0.7973999977111816
YML110C,YDR320C,0,-6.020314,0.11142061650753021,1.0,0.7975000143051147
YER153C,YLR395C,0,-6.0206327,0.11140819638967514,1.0,0.7975999712944031
YGR087C,YGL150C,0,-6.0208406,0.11139579117298126,1.0,0.7976999878883362
YJL151C,YML032C,0,-6.0208845,0.11138337850570679,1.0,0.7978000044822693
YIR021W,YER101C,0,-6.021777,0.11137097328901291,1.0,0.7979000210762024
YMR306W,YAL040C,0,-6.021844,0.11135857552289963,1.0,0.7979999780654907
YDL171C,YHR135C,0,-6.0219555,0.11134617775678635,1.0,0.7980999946594238
YNL232W,YLR133W,0,-6.022187,0.11133377999067307,1.0,0.7982000112533569
YOR375C,YER144C,0,-6.022971,0.11132138222455978,1.0,0.79830002784729
YBL041W,YJR019C,0,-6.022979,0.1113089919090271,1.0,0.7983999848365784
YEL003W,YEL036C,0,-6.0232744,0.11129660904407501,1.0,0.7985000014305115
YMR267W,YKL061W,0,-6.024165,0.11128421872854233,1.0,0.7986000180244446
YHR008C,YFR008W,0,-6.0241756,0.11127183586359024,1.0,0.7986999750137329
YHR017W,YLR134W,0,-6.0243006,0.11125946044921875,1.0,0.798799991607666
YCR096C,YMR250W,0,-6.0244055,0.11124707758426666,1.0,0.7989000082015991
YLR221C,YDR342C,0,-6.024434,0.11123470216989517,1.0,0.7990000247955322
YNL129W,YPL108W,0,-6.024564,0.11122233420610428,1.0,0.7990999817848206
YDR210W,YJL143W,0,-6.024868,0.11120996624231339,1.0,0.7991999983787537
YKR010C,YLR201C,0,-6.024892,0.11119759827852249,1.0,0.7993000149726868
YCL030C,YPL220W,0,-6.0249662,0.1111852377653122,1.0,0.7993999719619751
YNL279W,YHR039C-A,0,-6.0252333,0.1111728772521019,1.0,0.7994999885559082
YPL072W,YDR069C,0,-6.0258036,0.1111605167388916,1.0,0.7996000051498413
YOR294W,YJR056C,0,-6.0264816,0.1111481636762619,1.0,0.7997000217437744
YFR003C,YKL046C,0,-6.0267534,0.1111358106136322,1.0,0.7997999787330627
YGR112W,YOR332W,0,-6.026759,0.1111234575510025,1.0,0.7998999953269958
YOR375C,YAL013W,0,-6.0269375,0.1111111119389534,1.0,0.800000011920929
YPR032W,YHR008C,0,-6.0270844,0.1110987663269043,1.0,0.8001000285148621
YNL236W,YPR026W,0,-6.0271816,0.11108642816543579,1.0,0.8001999855041504
YLR066W,YBL052C,0,-6.027464,0.11107409000396729,1.0,0.8003000020980835
YOR270C,YOR174W,0,-6.0278845,0.11106175184249878,1.0,0.8004000186920166
YPL159C,YDR084C,0,-6.0278997,0.11104941368103027,1.0,0.8004999756813049
YDR086C,YGL163C,0,-6.02792,0.11103708297014236,1.0,0.800599992275238
YMR217W,YBR020W,0,-6.0279903,0.11102475970983505,1.0,0.8007000088691711
YER061C,YLR370C,0,-6.0282383,0.11101243644952774,1.0,0.8008000254631042
YAR071W,YDL245C,0,-6.02874,0.11100011318922043,1.0,0.8008999824523926
YHR123W,YPL101W,0,-6.0289917,0.11098778992891312,1.0,0.8009999990463257
YDR312W,YNL160W,0,-6.029132,0.1109754741191864,1.0,0.8011000156402588
YPL124W,YOR382W,0,-6.0291824,0.11096315830945969,1.0,0.8011999726295471
YGR062C,YNL182C,0,-6.0292854,0.11095084995031357,1.0,0.8012999892234802
YJL116C,YNL323W,0,-6.0292892,0.11093854159116745,1.0,0.8014000058174133
YDR403W,YDR144C,0,-6.029396,0.11092623323202133,1.0,0.8015000224113464
YPL110C,YJR083C,0,-6.029505,0.11091393232345581,1.0,0.8015999794006348
YDR117C,YBR020W,0,-6.0304213,0.11090163141489029,1.0,0.8016999959945679
YGL173C,YGL040C,0,-6.03109,0.11088933050632477,1.0,0.801800012588501
YPR030W,YIR028W,0,-6.0314083,0.11087703704833984,1.0,0.8019000291824341
YKR094C,YOR100C,0,-6.031825,0.11086474359035492,1.0,0.8019999861717224
YNL321W,YOR293W,0,-6.0318794,0.11085245758295059,1.0,0.8021000027656555
YBR039W,YIL070C,0,-6.032323,0.11084017157554626,1.0,0.8022000193595886
YJR077C,YLR158C,0,-6.0326366,0.11082788556814194,1.0,0.802299976348877
YKR066C,YOR381W,0,-6.033203,0.11081559956073761,1.0,0.8023999929428101
YER141W,YCR039C,0,-6.033242,0.11080332100391388,1.0,0.8025000095367432
YDL075W,YNR046W,0,-6.0337296,0.11079104989767075,1.0,0.8026000261306763
YJL028W,YNL147W,0,-6.033945,0.11077877134084702,1.0,0.8026999831199646
YGL181W,YGR287C,0,-6.03413,0.11076650768518448,1.0,0.8027999997138977
YLR130C,YLR274W,0,-6.034856,0.11075423657894135,1.0,0.8029000163078308
YGL099W,YLL051C,0,-6.0351,0.11074197292327881,1.0,0.8029999732971191
YGL001C,YCR102C,0,-6.035284,0.11072970926761627,1.0,0.8030999898910522
YGR128C,YOR326W,0,-6.0353546,0.11071744561195374,1.0,0.8032000064849854
YLR398C,YEL070W,0,-6.0354004,0.1107051894068718,1.0,0.8033000230789185
YOR221C,YLR121C,0,-6.03559,0.11069294065237045,1.0,0.8033999800682068
YDL055C,YHR196W,0,-6.036213,0.11068068444728851,1.0,0.8034999966621399
YML094W,YAR015W,0,-6.0363455,0.11066843569278717,1.0,0.803600013256073
YJR016C,YBL006C,0,-6.036475,0.11065619438886642,1.0,0.8036999702453613
YKL007W,YDR252W,0,-6.0370417,0.11064394563436508,1.0,0.8037999868392944
YGR092W,YLR110C,0,-6.0371256,0.11063170433044434,1.0,0.8039000034332275
YEL003W,YHR036W,0,-6.0375166,0.11061947047710419,1.0,0.8040000200271606
YPL033C,YBR183W,0,-6.0386934,0.11060723662376404,1.0,0.804099977016449
YGL257C,YCR068W,0,-6.0387344,0.11059500277042389,1.0,0.8041999936103821
YPL206C,YMR239C,0,-6.03878,0.11058276891708374,1.0,0.8043000102043152
YMR029C,YOR099W,0,-6.0388556,0.11057054251432419,1.0,0.8044000267982483
YBR096W,YNL121C,0,-6.039259,0.11055831611156464,1.0,0.8044999837875366
YBR203W,YJL145W,0,-6.039646,0.11054609715938568,1.0,0.8046000003814697
YDR302W,YBR164C,0,-6.039673,0.11053387820720673,1.0,0.8047000169754028
YDR518W,YGL244W,0,-6.040366,0.11052165925502777,1.0,0.8047999739646912
YJL189W,YKL172W,0,-6.040715,0.11050944775342941,1.0,0.8048999905586243
YOL016C,YER157W,0,-6.040821,0.11049723625183105,1.0,0.8050000071525574
YDR032C,YLR376C,0,-6.040843,0.1104850322008133,1.0,0.8051000237464905
YHL044W,YGR145W,0,-6.04115,0.11047282069921494,1.0,0.8051999807357788
YMR052W,YBL079W,0,-6.0415764,0.11046062409877777,1.0,0.8052999973297119
YGL160W,YDR523C,0,-6.041973,0.11044842004776001,1.0,0.805400013923645
YOL110W,YPR052C,0,-6.0423346,0.11043622344732285,1.0,0.8054999709129333
YDR265W,YML085C,0,-6.0426464,0.11042402684688568,1.0,0.8055999875068665
YCR027C,YLL045C,0,-6.042759,0.11041183769702911,1.0,0.8057000041007996
YHR209W,YMR311C,0,-6.0428295,0.11039964854717255,1.0,0.8058000206947327
YOR176W,YCL026C-A,0,-6.0430155,0.11038745939731598,1.0,0.805899977684021
YKR020W,YBR021W,0,-6.0430593,0.11037527769804001,1.0,0.8059999942779541
YJL155C,YML110C,0,-6.04309,0.11036309599876404,1.0,0.8061000108718872
YLR084C,YPR121W,0,-6.0433273,0.11035091429948807,1.0,0.8062000274658203
YOR124C,YFL034C-A,0,-6.043357,0.1103387400507927,1.0,0.8062999844551086
YDL232W,YIL078W,0,-6.0438375,0.11032656580209732,1.0,0.8064000010490417
YCL024W,YBR041W,0,-6.0445757,0.11031439900398254,1.0,0.8065000176429749
YOR066W,YOL119C,0,-6.044853,0.11030222475528717,1.0,0.8065999746322632
YJR091C,YGL250W,0,-6.0450773,0.11029006540775299,1.0,0.8066999912261963
YGL054C,YMR130W,0,-6.045186,0.11027789860963821,1.0,0.8068000078201294
YKL195W,YAL005C,0,-6.0455513,0.11026573926210403,1.0,0.8069000244140625
YNL281W,YPR184W,0,-6.0456696,0.11025357991456985,1.0,0.8069999814033508
YBL106C,YNL231C,0,-6.0462055,0.11024142801761627,1.0,0.8070999979972839
YLR242C,YPR160W,0,-6.0462093,0.11022927612066269,1.0,0.807200014591217
YDR332W,YHR089C,0,-6.046673,0.1102171242237091,1.0,0.8072999715805054
YDR387C,YDL191W,0,-6.0467863,0.11020497977733612,1.0,0.8073999881744385
YBR002C,YGL043W,0,-6.0472355,0.11019283533096313,1.0,0.8075000047683716
YKL143W,YAR031W,0,-6.047456,0.11018069833517075,1.0,0.8076000213623047
YJL063C,YHR191C,0,-6.047817,0.11016856133937836,1.0,0.807699978351593
YNL084C,YJL214W,0,-6.0480356,0.11015642434358597,1.0,0.8077999949455261
YDR059C,YOR294W,0,-6.0488386,0.11014428734779358,1.0,0.8079000115394592
YIL114C,YNR061C,0,-6.048891,0.11013215780258179,1.0,0.8080000281333923
YLR440C,YNL093W,0,-6.049032,0.11012002825737,1.0,0.8080999851226807
YMR260C,YOL086C,0,-6.0490665,0.1101079061627388,1.0,0.8082000017166138
YPL121C,YCR072C,0,-6.0500565,0.1100957840681076,1.0,0.8083000183105469
YGR255C,YHR059W,0,-6.050071,0.11008366197347641,1.0,0.8083999752998352
YLR183C,YBR203W,0,-6.050171,0.11007154732942581,1.0,0.8084999918937683
YDR254W,YDL137W,0,-6.0502214,0.11005943268537521,1.0,0.8086000084877014
YNL153C,YER098W,0,-6.050231,0.11004731804132462,1.0,0.8087000250816345
YBR227C,YPL089C,0,-6.050293,0.11003521084785461,1.0,0.8087999820709229
YAL038W,YGL241W,0,-6.0504465,0.11002310365438461,1.0,0.808899998664856
YJL141C,YEL021W,0,-6.0504494,0.11001100391149521,1.0,0.8090000152587891
YER018C,YPL230W,0,-6.050495,0.10999889671802521,1.0,0.8090999722480774
YOR204W,YDR086C,0,-6.0505753,0.1099868044257164,1.0,0.8091999888420105
YJL145W,YER170W,0,-6.050619,0.109974704682827,1.0,0.8093000054359436
YLR304C,YNL106C,0,-6.05066,0.10996261239051819,1.0,0.8094000220298767
YMR024W,YPL088W,0,-6.0514317,0.10995052009820938,1.0,0.809499979019165
YDR126W,YNL182C,0,-6.051449,0.10993843525648117,1.0,0.8095999956130981
YGR239C,YOR100C,0,-6.051689,0.10992635041475296,1.0,0.8097000122070312
YHR141C,YER096W,0,-6.0518503,0.10991426557302475,1.0,0.8098000288009644
YHR023W,YPR033C,0,-6.0520353,0.10990218818187714,1.0,0.8098999857902527
YOR246C,YAR002C-A,0,-6.0523977,0.10989011079072952,1.0,0.8100000023841858
YGR258C,YDR037W,0,-6.052554,0.10987803339958191,1.0,0.8101000189781189
YBL045C,YNL271C,0,-6.0527573,0.10986596345901489,1.0,0.8101999759674072
YBR214W,YGR251W,0,-6.053048,0.10985389351844788,1.0,0.8102999925613403
YJL112W,YJR110W,0,-6.053177,0.10984183102846146,1.0,0.8104000091552734
YLR209C,YNL185C,0,-6.0535183,0.10982976108789444,1.0,0.8105000257492065
YPL066W,YDR408C,0,-6.0540934,0.10981770604848862,1.0,0.8105999827384949
YER014C-A,YER145C,0,-6.054162,0.1098056435585022,1.0,0.810699999332428
YPL132W,YBR260C,0,-6.054281,0.10979358851909637,1.0,0.8108000159263611
YKR037C,YKL107W,0,-6.054429,0.10978153347969055,1.0,0.8108999729156494
YKL218C,YMR008C,0,-6.0545616,0.10976948589086533,1.0,0.8109999895095825
YFL010W-A,YGL103W,0,-6.054594,0.1097574383020401,1.0,0.8111000061035156
YDR376W,YML042W,0,-6.054965,0.10974539071321487,1.0,0.8112000226974487
YNL241C,YLR297W,0,-6.0549974,0.10973335057497025,1.0,0.8112999796867371
YGR249W,YER157W,0,-6.0550013,0.10972131043672562,1.0,0.8113999962806702
YJL012C-A,YLR013W,0,-6.0554485,0.10970927029848099,1.0,0.8115000128746033
YAL063C,YOR332W,0,-6.0554733,0.10969723761081696,1.0,0.8116000294685364
YDL054C,YHR001W,0,-6.0559387,0.10968520492315292,1.0,0.8116999864578247
YDR348C,YPL187W,0,-6.0559883,0.10967317223548889,1.0,0.8118000030517578
YCR017C,YPL101W,0,-6.056053,0.10966114699840546,1.0,0.8119000196456909
YDR038C,YBL018C,0,-6.0571966,0.10964912176132202,1.0,0.8119999766349792
YMR306W,YPR125W,0,-6.057376,0.10963710397481918,1.0,0.8120999932289124
YLR406C,YDR142C,0,-6.057661,0.10962507873773575,1.0,0.8122000098228455
YDR436W,YNL335W,0,-6.058275,0.10961306840181351,1.0,0.8123000264167786
YDL245C,YGR059W,0,-6.0585833,0.10960105061531067,1.0,0.8123999834060669
YPL023C,YLR157C,0,-6.058751,0.10958904027938843,1.0,0.8125
YLR069C,YOR243C,0,-6.059019,0.10957702994346619,1.0,0.8126000165939331
YCR026C,YJL145W,0,-6.059121,0.10956502705812454,1.0,0.8126999735832214
YOL105C,YHR143W,0,-6.0591774,0.1095530241727829,1.0,0.8127999901771545
YMR134W,YJR103W,0,-6.059311,0.10954102128744125,1.0,0.8129000067710876
YPL192C,YML022W,0,-6.059326,0.1095290258526802,1.0,0.8130000233650208
YPL113C,YNL264C,0,-6.059492,0.10951703041791916,1.0,0.8130999803543091
YLR188W,YOL003C,0,-6.059787,0.10950503498315811,1.0,0.8131999969482422
YBR298C,YBR010W,0,-6.0603647,0.10949304699897766,1.0,0.8133000135421753
YDR263C,YPR151C,0,-6.061208,0.10948105901479721,1.0,0.8133999705314636
YDL239C,YBL018C,0,-6.06135,0.10946907848119736,1.0,0.8134999871253967
YER185W,YCR097W,0,-6.061569,0.1094570904970169,1.0,0.8136000037193298
YPR081C,YEL055C,0,-6.0615835,0.10944510996341705,1.0,0.8137000203132629
YML110C,YPL059W,0,-6.061697,0.1094331368803978,1.0,0.8137999773025513
YGL156W,YHR060W,0,-6.062271,0.10942116379737854,1.0,0.8138999938964844
YHR019C,YGL161C,0,-6.062299,0.10940919071435928,1.0,0.8140000104904175
YMR116C,YGL213C,0,-6.0624323,0.10939721763134003,1.0,0.8141000270843506
YJL014W,YGR026W,0,-6.0626583,0.10938525199890137,1.0,0.8141999840736389
YMR309C,YGR180C,0,-6.0627775,0.1093732938170433,1.0,0.814300000667572
YOR125C,YLR014C,0,-6.0628786,0.10936132818460464,1.0,0.8144000172615051
YBR093C,YJR034W,0,-6.0632057,0.10934937000274658,1.0,0.8144999742507935
YHR082C,YKL148C,0,-6.063382,0.10933741182088852,1.0,0.8145999908447266
YOL003C,YNL335W,0,-6.0639515,0.10932546108961105,1.0,0.8147000074386597
YIL125W,YLR222C,0,-6.064377,0.10931351035833359,1.0,0.8148000240325928
YLR165C,YNL209W,0,-6.0652733,0.10930155962705612,1.0,0.8148999810218811
YGL124C,YDR171W,0,-6.0655327,0.10928961634635925,1.0,0.8149999976158142
YIL021W,YHL016C,0,-6.065691,0.10927767306566238,1.0,0.8151000142097473
YOR378W,YLR424W,0,-6.0660286,0.10926573723554611,1.0,0.8151999711990356
YPL106C,YDR074W,0,-6.066101,0.10925379395484924,1.0,0.8152999877929688
YKL093W,YJR022W,0,-6.066801,0.10924185812473297,1.0,0.8154000043869019
YJL153C,YNL232W,0,-6.0672197,0.1092299297451973,1.0,0.815500020980835
YGR185C,YIL065C,0,-6.0674562,0.10921800136566162,1.0,0.8155999779701233
YKR061W,YPL266W,0,-6.067463,0.10920607298612595,1.0,0.8156999945640564
YBR276C,YJR159W,0,-6.0675287,0.10919414460659027,1.0,0.8158000111579895
YDR196C,YBL020W,0,-6.06777,0.10918222367763519,1.0,0.8159000277519226
YML091C,YER091C,0,-6.068452,0.10917030274868011,1.0,0.8159999847412109
YOL128C,YML073C,0,-6.06923,0.10915838927030563,1.0,0.816100001335144
YGR249W,YDR532C,0,-6.069278,0.10914647579193115,1.0,0.8162000179290771
YHR167W,YGR289C,0,-6.0701027,0.10913456231355667,1.0,0.8162999749183655
YKL188C,YGR041W,0,-6.0706987,0.10912265628576279,1.0,0.8163999915122986
YOR381W,YER035W,0,-6.0713663,0.1091107502579689,1.0,0.8165000081062317
YBR052C,YOL008W,0,-6.0721397,0.10909884423017502,1.0,0.8166000247001648
YEL041W,YLL022C,0,-6.072259,0.10908694565296173,1.0,0.8166999816894531
YKL181W,YLR022C,0,-6.072262,0.10907504707574844,1.0,0.8167999982833862
YPL119C,YKL182W,0,-6.073222,0.10906314849853516,1.0,0.8169000148773193
YJR113C,YDR216W,0,-6.073739,0.10905125737190247,1.0,0.8169999718666077
YHR168W,YIL017C,0,-6.0740957,0.10903936624526978,1.0,0.8170999884605408
YDL082W,YER042W,0,-6.0741215,0.10902747511863708,1.0,0.8172000050544739
YNL293W,YML080W,0,-6.074442,0.10901559144258499,1.0,0.817300021648407
YBR002C,YGL079W,0,-6.074601,0.1090037077665329,1.0,0.8173999786376953
YGL134W,YHR107C,0,-6.075001,0.1089918240904808,1.0,0.8174999952316284
YDR411C,YDR485C,0,-6.0756426,0.10897994786500931,1.0,0.8176000118255615
YNL289W,YJL024C,0,-6.075794,0.10896807163953781,1.0,0.8177000284194946
YKL090W,YOR242C,0,-6.0758467,0.10895620286464691,1.0,0.817799985408783
YDR012W,YDR067C,0,-6.076214,0.10894432663917542,1.0,0.8179000020027161
YJL002C,YHR143W,0,-6.077381,0.10893246531486511,1.0,0.8180000185966492
YKL065C,YBR239C,0,-6.077383,0.10892059653997421,1.0,0.8180999755859375
YDR349C,YER051W,0,-6.0779676,0.10890873521566391,1.0,0.8181999921798706
YGR143W,YCL043C,0,-6.0782957,0.10889687389135361,1.0,0.8183000087738037
YER086W,YLR110C,0,-6.0786304,0.1088850200176239,1.0,0.8184000253677368
YEL011W,YPR019W,0,-6.078759,0.1088731661438942,1.0,0.8184999823570251
YDR383C,YHR082C,0,-6.0789137,0.10886131227016449,1.0,0.8185999989509583
YLR147C,YHR032W,0,-6.079108,0.10884945839643478,1.0,0.8187000155448914
YGR034W,YFL045C,0,-6.0792465,0.10883761197328568,1.0,0.8187999725341797
YNL279W,YDR484W,0,-6.079627,0.10882577300071716,1.0,0.8188999891281128
YMR267W,YGR220C,0,-6.080776,0.10881392657756805,1.0,0.8190000057220459
YLR070C,YIR023W,0,-6.0808144,0.10880208760499954,1.0,0.819100022315979
YOR056C,YDR158W,0,-6.08113,0.10879025608301163,1.0,0.8191999793052673
YOR245C,YIL170W,0,-6.0814695,0.10877841711044312,1.0,0.8192999958992004
YDL058W,YJL137C,0,-6.0816708,0.1087665855884552,1.0,0.8194000124931335
YPR063C,YOL125W,0,-6.0818377,0.10875476151704788,1.0,0.8195000290870667
YDR090C,YDR231C,0,-6.082038,0.10874292999505997,1.0,0.819599986076355
YJL097W,YPL032C,0,-6.0828123,0.10873110592365265,1.0,0.8197000026702881
YIL110W,YNL115C,0,-6.0830994,0.10871928930282593,1.0,0.8198000192642212
YLR340W,YPR168W,0,-6.0832424,0.10870746523141861,1.0,0.8198999762535095
YBR291C,YLR225C,0,-6.083661,0.10869564861059189,1.0,0.8199999928474426
YDL066W,YPL153C,0,-6.0836964,0.10868383944034576,1.0,0.8201000094413757
YFL055W,YFR055W,0,-6.083993,0.10867203027009964,1.0,0.8202000260353088
YDR446W,YAL020C,0,-6.084402,0.10866022109985352,1.0,0.8202999830245972
YLR389C,YKL201C,0,-6.0846424,0.10864841192960739,1.0,0.8203999996185303
YGL225W,YJR104C,0,-6.0847197,0.10863661020994186,1.0,0.8205000162124634
YDR225W,YLR148W,0,-6.085243,0.10862480849027634,1.0,0.8205999732017517
YGL253W,YDL206W,0,-6.085801,0.1086130142211914,1.0,0.8206999897956848
YDR128W,YNR044W,0,-6.085943,0.10860121995210648,1.0,0.8208000063896179
YER053C,YKR080W,0,-6.0860777,0.10858942568302155,1.0,0.820900022983551
YNL061W,YMR269W,0,-6.086257,0.10857763141393661,1.0,0.8209999799728394
YLR192C,YOR167C,0,-6.086706,0.10856584459543228,1.0,0.8210999965667725
YLR221C,YAL005C,0,-6.087044,0.10855405777692795,1.0,0.8212000131607056
YOL139C,YDR062W,0,-6.087121,0.10854227840900421,1.0,0.8213000297546387
YMR134W,YOL133W,0,-6.087188,0.10853049904108047,1.0,0.821399986743927
YGR155W,YOR371C,0,-6.0871916,0.10851871967315674,1.0,0.8215000033378601
YOL027C,YDL195W,0,-6.087269,0.1085069477558136,1.0,0.8216000199317932
YGR009C,YGR128C,0,-6.0875273,0.10849516838788986,1.0,0.8216999769210815
YCL040W,YDL055C,0,-6.087694,0.10848340392112732,1.0,0.8217999935150146
YML024W,YDR013W,0,-6.088088,0.10847163200378418,1.0,0.8219000101089478
YML094W,YJL133W,0,-6.088091,0.10845986753702164,1.0,0.8220000267028809
YNL238W,YIL097W,0,-6.0881147,0.10844811052083969,1.0,0.8220999836921692
YOR127W,YJR015W,0,-6.0884523,0.10843634605407715,1.0,0.8222000002861023
YHR136C,YLR165C,0,-6.0884743,0.1084245890378952,1.0,0.8223000168800354
YBL106C,YGL212W,0,-6.0897627,0.10841283947229385,1.0,0.8223999738693237
YOR202W,YBL003C,0,-6.0912085,0.10840108245611191,1.0,0.8224999904632568
YEL016C,YPL111W,0,-6.0917063,0.10838933289051056,1.0,0.8226000070571899
YJL155C,YHR059W,0,-6.092497,0.10837759077548981,1.0,0.822700023651123
YIR036C,YJL056C,0,-6.09278,0.10836584120988846,1.0,0.8227999806404114
YOR312C,YKR098C,0,-6.093439,0.1083540990948677,1.0,0.8228999972343445
YML038C,YKL035W,0,-6.094002,0.10834236443042755,1.0,0.8230000138282776
YDL066W,YLR228C,0,-6.094327,0.1083306223154068,1.0,0.8230999708175659
YML063W,YER146W,0,-6.0946035,0.10831888765096664,1.0,0.823199987411499
YDR032C,YLR132C,0,-6.0946445,0.10830716043710709,1.0,0.8233000040054321
YGR199W,YBR135W,0,-6.0950813,0.10829543322324753,1.0,0.8234000205993652
YCR093W,YOR355W,0,-6.095544,0.10828370600938797,1.0,0.8234999775886536
YCL033C,YEL017C-A,0,-6.096039,0.10827197879552841,1.0,0.8235999941825867
YOL033W,YLL001W,0,-6.0963144,0.10826025903224945,1.0,0.8237000107765198
YNR010W,YGL225W,0,-6.096488,0.10824853926897049,1.0,0.8238000273704529
YMR032W,YOR256C,0,-6.0965786,0.10823681950569153,1.0,0.8238999843597412
YNL325C,YLR205C,0,-6.0966578,0.10822510719299316,1.0,0.8240000009536743
YGL121C,YLR439W,0,-6.097312,0.1082133948802948,1.0,0.8241000175476074
YLR147C,YOR237W,0,-6.0974255,0.10820169001817703,1.0,0.8241999745368958
YOR047C,YNR054C,0,-6.097969,0.10818998515605927,1.0,0.8242999911308289
YJL151C,YPL131W,0,-6.0984507,0.1081782802939415,1.0,0.824400007724762
YEL053C,YDL222C,0,-6.098938,0.10816657543182373,1.0,0.8245000243186951
YGR014W,YGL181W,0,-6.0992756,0.10815487802028656,1.0,0.8245999813079834
YER117W,YDR104C,0,-6.0997705,0.10814318060874939,1.0,0.8246999979019165
YOL102C,YOR176W,0,-6.100259,0.10813149064779282,1.0,0.8248000144958496
YLR172C,YGR239C,0,-6.1005154,0.10811979323625565,1.0,0.8248999714851379
YOR010C,YKL163W,0,-6.1005707,0.10810811072587967,1.0,0.824999988079071
YJR155W,YHR002W,0,-6.1006804,0.1080964207649231,1.0,0.8251000046730042
YOR126C,YPL134C,0,-6.1010656,0.10808473825454712,1.0,0.8252000212669373
YGR062C,YPR073C,0,-6.1011276,0.10807305574417114,1.0,0.8252999782562256
YOR245C,YGR295C,0,-6.101514,0.10806138068437576,1.0,0.8253999948501587
YGR123C,YKR046C,0,-6.101616,0.10804970562458038,1.0,0.8255000114440918
YKR024C,YOL141W,0,-6.1024866,0.108038030564785,1.0,0.8256000280380249
YPL094C,YMR112C,0,-6.1025543,0.10802635550498962,1.0,0.8256999850273132
YNL321W,YPL030W,0,-6.102558,0.10801468789577484,1.0,0.8258000016212463
YMR301C,YPL003W,0,-6.103406,0.10800302773714066,1.0,0.8259000182151794
YMR266W,YPL223C,0,-6.103465,0.10799136012792587,1.0,0.8259999752044678
YNL192W,YJR147W,0,-6.1035423,0.10797969996929169,1.0,0.8260999917984009
YNL252C,YMR199W,0,-6.1039896,0.1079680398106575,1.0,0.826200008392334
YJL214W,YNL071W,0,-6.104088,0.10795638710260391,1.0,0.8263000249862671
YPL094C,YPR164W,0,-6.1041346,0.10794473439455032,1.0,0.8263999819755554
YHR005C-A,YHR175W,0,-6.105047,0.10793308168649673,1.0,0.8264999985694885
YGR059W,YDR013W,0,-6.105075,0.10792143642902374,1.0,0.8266000151634216
YGR200C,YJL130C,0,-6.1054096,0.10790978372097015,1.0,0.82669997215271
YDR523C,YLL041C,0,-6.105975,0.10789814591407776,1.0,0.8267999887466431
YDL025C,YKL085W,0,-6.106677,0.10788650065660477,1.0,0.8269000053405762
YBR203W,YLR148W,0,-6.106881,0.10787486284971237,1.0,0.8270000219345093
YML094W,YJL210W,0,-6.1079683,0.10786323249340057,1.0,0.8270999789237976
YBL060W,YNL098C,0,-6.1084414,0.10785159468650818,1.0,0.8271999955177307
YKL093W,YLR244C,0,-6.108842,0.10783996433019638,1.0,0.8273000121116638
YGL158W,YML019W,0,-6.1090555,0.10782833397388458,1.0,0.8274000287055969
YNR013C,YHR102W,0,-6.1108227,0.10781671106815338,1.0,0.8274999856948853
YGL106W,YOR084W,0,-6.11115,0.10780508816242218,1.0,0.8276000022888184
YGR109C,YOL138C,0,-6.1114492,0.10779346525669098,1.0,0.8277000188827515
YDR162C,YGL089C,0,-6.112116,0.10778184980154037,1.0,0.8277999758720398
YMR134W,YOR028C,0,-6.1122856,0.10777023434638977,1.0,0.8278999924659729
YDR218C,YAL040C,0,-6.1123323,0.10775861889123917,1.0,0.828000009059906
YJR078W,YKL179C,0,-6.1128798,0.10774701088666916,1.0,0.8281000256538391
YGL021W,YOL005C,0,-6.113308,0.10773540288209915,1.0,0.8281999826431274
YBL045C,YGR125W,0,-6.1135616,0.10772379487752914,1.0,0.8282999992370605
YKR059W,YLR327C,0,-6.113778,0.10771219432353973,1.0,0.8284000158309937
YNL002C,YDR501W,0,-6.1139793,0.10770059376955032,1.0,0.828499972820282
YDR518W,YGL216W,0,-6.1144066,0.10768899321556091,1.0,0.8285999894142151
YOR214C,YLR139C,0,-6.114629,0.1076774001121521,1.0,0.8287000060081482
YPL127C,YJL066C,0,-6.1153545,0.10766580700874329,1.0,0.8288000226020813
YJL060W,YLR316C,0,-6.115655,0.10765421390533447,1.0,0.8288999795913696
YJL060W,YIR015W,0,-6.1156874,0.10764262825250626,1.0,0.8289999961853027
YOR069W,YJR070C,0,-6.115815,0.10763104259967804,1.0,0.8291000127792358
YHR216W,YHR081W,0,-6.116103,0.10761945694684982,1.0,0.829200029373169
YMR308C,YOR234C,0,-6.1169243,0.1076078787446022,1.0,0.8292999863624573
YOL091W,YDR022C,0,-6.117237,0.10759630054235458,1.0,0.8294000029563904
YCL018W,YIR011C,0,-6.117257,0.10758472234010696,1.0,0.8295000195503235
YPR145W,YGR280C,0,-6.1174603,0.10757315158843994,1.0,0.8295999765396118
YNL336W,YPL183W-A,0,-6.117672,0.10756158083677292,1.0,0.8296999931335449
YBL098W,YER114C,0,-6.1176815,0.1075500100851059,1.0,0.829800009727478
YPL242C,YGL234W,0,-6.1182785,0.10753844678401947,1.0,0.8299000263214111
YOR180C,YNL192W,0,-6.1185493,0.10752688348293304,1.0,0.8299999833106995
YJL204C,YPL226W,0,-6.119651,0.10751532018184662,1.0,0.8300999999046326
YOR030W,YJR095W,0,-6.119793,0.10750376433134079,1.0,0.8302000164985657
YLL035W,YPR121W,0,-6.120036,0.10749220848083496,1.0,0.830299973487854
YLR380W,YOR285W,0,-6.1202183,0.10748065263032913,1.0,0.8303999900817871
YOL139C,YCR052W,0,-6.120488,0.1074691042304039,1.0,0.8305000066757202
YDR307W,YOR226C,0,-6.1207066,0.10745755583047867,1.0,0.8306000232696533
YHR039C,YCR008W,0,-6.120797,0.10744600743055344,1.0,0.8306999802589417
YCR027C,YDL052C,0,-6.1213408,0.1074344664812088,1.0,0.8307999968528748
YHR060W,YMR264W,0,-6.1214476,0.10742292553186417,1.0,0.8309000134468079
YLR066W,YNL098C,0,-6.121969,0.10741138458251953,1.0,0.8309999704360962
YAL029C,YER054C,0,-6.1219997,0.1073998510837555,1.0,0.8310999870300293
YJL153C,YLR405W,0,-6.1221724,0.10738831758499146,1.0,0.8312000036239624
YBR096W,YOR073W,0,-6.1221914,0.10737678408622742,1.0,0.8313000202178955
YML038C,YLR029C,0,-6.1222725,0.10736525803804398,1.0,0.8313999772071838
YGR118W,YOL043C,0,-6.1224995,0.10735373198986053,1.0,0.8314999938011169
YDL138W,YAL060W,0,-6.122693,0.1073422059416771,1.0,0.83160001039505
YJR036C,YFR052W,0,-6.1232386,0.10733068734407425,1.0,0.8317000269889832
YOR153W,YDR371W,0,-6.123455,0.1073191687464714,1.0,0.8317999839782715
YJR126C,YDR313C,0,-6.123563,0.10730765014886856,1.0,0.8319000005722046
YPL017C,YNL178W,0,-6.1235723,0.10729613900184631,1.0,0.8320000171661377
YFL044C,YLR110C,0,-6.124094,0.10728462785482407,1.0,0.832099974155426
YML007W,YJL172W,0,-6.124592,0.10727311670780182,1.0,0.8321999907493591
YMR303C,YBL003C,0,-6.1249847,0.10726161301136017,1.0,0.8323000073432922
YOR202W,YLR047C,0,-6.125102,0.10725010931491852,1.0,0.8324000239372253
YMR182C,YDL007W,0,-6.1259108,0.10723860561847687,1.0,0.8324999809265137
YFL053W,YEL012W,0,-6.1263266,0.10722710937261581,1.0,0.8325999975204468
YOR063W,YHR105W,0,-6.126769,0.10721561312675476,1.0,0.8327000141143799
YOL004W,YER131W,0,-6.1269903,0.10720411688089371,1.0,0.8327999711036682
YHR171W,YEL034W,0,-6.1277676,0.10719262808561325,1.0,0.8328999876976013
YNL073W,YCL018W,0,-6.127823,0.1071811392903328,1.0,0.8330000042915344
YNR043W,YHR117W,0,-6.128311,0.10716965049505234,1.0,0.8331000208854675
YGL012W,YKL071W,0,-6.1284285,0.10715816915035248,1.0,0.8331999778747559
YJL184W,YDR159W,0,-6.128602,0.10714668035507202,1.0,0.833299994468689
YDR233C,YLR157C,0,-6.1291857,0.10713520646095276,1.0,0.8334000110626221
YDR470C,YLR183C,0,-6.12945,0.1071237251162529,1.0,0.8335000276565552
YPL237W,YOR124C,0,-6.130066,0.10711225122213364,1.0,0.8335999846458435
YOR153W,YNL241C,0,-6.130357,0.10710078477859497,1.0,0.8337000012397766
YPR132W,YGL233W,0,-6.1304626,0.10708931088447571,1.0,0.8338000178337097
YDR497C,YBR073W,0,-6.1304693,0.10707784444093704,1.0,0.833899974822998
YLR160C,YPL019C,0,-6.1309423,0.10706637799739838,1.0,0.8339999914169312
YDR252W,YDR043C,0,-6.1314354,0.10705491900444031,1.0,0.8341000080108643
YMR312W,YDR022C,0,-6.1315317,0.10704346001148224,1.0,0.8342000246047974
YDL178W,YFL016C,0,-6.131815,0.10703200101852417,1.0,0.8342999815940857
YLR203C,YDL049C,0,-6.1319733,0.1070205494761467,1.0,0.8343999981880188
YNL001W,YPL037C,0,-6.1319847,0.10700909793376923,1.0,0.8345000147819519
YGR092W,YNL231C,0,-6.1321135,0.10699764639139175,1.0,0.8345999717712402
YKL126W,YNL232W,0,-6.1321507,0.10698620229959488,1.0,0.8346999883651733
YER008C,YCR046C,0,-6.132371,0.10697475075721741,1.0,0.8348000049591064
YCL043C,YPR030W,0,-6.1336803,0.10696331411600113,1.0,0.8349000215530396
YHR008C,YNL232W,0,-6.1336975,0.10695187002420425,1.0,0.8349999785423279
YBR041W,YER070W,0,-6.134121,0.10694043338298798,1.0,0.835099995136261
YLR341W,YFL002C,0,-6.134383,0.1069289967417717,1.0,0.8352000117301941
YLR459W,YDR247W,0,-6.134508,0.10691756755113602,1.0,0.8353000283241272
YGR112W,YGL200C,0,-6.134616,0.10690613836050034,1.0,0.8353999853134155
YKL042W,YMR088C,0,-6.1349344,0.10689470916986465,1.0,0.8355000019073486
YLR441C,YBL060W,0,-6.135236,0.10688327997922897,1.0,0.8356000185012817
YBR302C,YNR045W,0,-6.135277,0.10687185823917389,1.0,0.8356999754905701
YMR025W,YJL134W,0,-6.1357517,0.1068604439496994,1.0,0.8357999920845032
YER185W,YBR052C,0,-6.136116,0.10684902220964432,1.0,0.8359000086784363
YMR123W,YOL124C,0,-6.1367407,0.10683760792016983,1.0,0.8360000252723694
YNL256W,YOR224C,0,-6.1367655,0.10682619363069534,1.0,0.8360999822616577
YBR276C,YOR198C,0,-6.1370335,0.10681478679180145,1.0,0.8361999988555908
YNL309W,YGR289C,0,-6.137148,0.10680337250232697,1.0,0.8363000154495239
YEL020C,YLR197W,0,-6.137517,0.10679196566343307,1.0,0.8363999724388123
YPR054W,YER115C,0,-6.1381464,0.10678056627511978,1.0,0.8364999890327454
YFR018C,YLR395C,0,-6.138196,0.10676916688680649,1.0,0.8366000056266785
YOR373W,YNL323W,0,-6.13822,0.1067577674984932,1.0,0.8367000222206116
YOL060C,YIL133C,0,-6.13844,0.1067463681101799,1.0,0.8367999792098999
YOR222W,YMR165C,0,-6.138489,0.1067349761724472,1.0,0.836899995803833
YJR007W,YLR192C,0,-6.138567,0.10672358423471451,1.0,0.8370000123977661
YDL045C,YLR353W,0,-6.1390343,0.10671219974756241,1.0,0.8371000289916992
YLR287C-A,YKL211C,0,-6.1400013,0.10670080780982971,1.0,0.8371999859809875
YHL034C,YBR067C,0,-6.140011,0.10668943077325821,1.0,0.8373000025749207
YJL159W,YOL028C,0,-6.1406717,0.10667804628610611,1.0,0.8374000191688538
YCL004W,YLR440C,0,-6.140849,0.1066666692495346,1.0,0.8374999761581421
YOR190W,YER095W,0,-6.140868,0.1066552922129631,1.0,0.8375999927520752
YLR078C,YER011W,0,-6.140932,0.1066439151763916,1.0,0.8377000093460083
YCR048W,YDR314C,0,-6.140991,0.1066325455904007,1.0,0.8378000259399414
YJR099W,YPL027W,0,-6.141014,0.10662117600440979,1.0,0.8378999829292297
YEL056W,YDR501W,0,-6.1410465,0.10660980641841888,1.0,0.8379999995231628
YAL003W,YLR386W,0,-6.1423893,0.10659844428300858,1.0,0.838100016117096
YPL170W,YMR312W,0,-6.1424274,0.10658708214759827,1.0,0.8381999731063843
YDR443C,YOL110W,0,-6.142661,0.10657572001218796,1.0,0.8382999897003174
YDR001C,YBR120C,0,-6.1429253,0.10656436532735825,1.0,0.8384000062942505
YER021W,YPR102C,0,-6.1429796,0.10655301064252853,1.0,0.8385000228881836
YBL106C,YOL102C,0,-6.1431284,0.10654165595769882,1.0,0.8385999798774719
YNL126W,YHL032C,0,-6.1434307,0.10653030872344971,1.0,0.838699996471405
YNL050C,YGL103W,0,-6.1439877,0.10651896148920059,1.0,0.8388000130653381
YLL043W,YGL040C,0,-6.144308,0.10650761425495148,1.0,0.8389000296592712
YAL009W,YPR184W,0,-6.144415,0.10649627447128296,1.0,0.8389999866485596
YPL192C,YPL106C,0,-6.1446276,0.10648493468761444,1.0,0.8391000032424927
YNL279W,YML116W,0,-6.144785,0.10647359490394592,1.0,0.8392000198364258
YER069W,YGR276C,0,-6.145096,0.106462262570858,1.0,0.8392999768257141
YDL121C,YDL213C,0,-6.1452875,0.10645092278718948,1.0,0.8393999934196472
YPL237W,YKL021C,0,-6.1458435,0.10643959790468216,1.0,0.8395000100135803
YMR139W,YGL009C,0,-6.146018,0.10642826557159424,1.0,0.8396000266075134
YOR291W,YLR401C,0,-6.1463614,0.10641694068908691,1.0,0.8396999835968018
YDL146W,YLR268W,0,-6.1464605,0.10640561580657959,1.0,0.8398000001907349
YBL091C-A,YNL206C,0,-6.1465673,0.10639429837465286,1.0,0.839900016784668
YCR017C,YER113C,0,-6.146617,0.10638298094272614,1.0,0.8399999737739563
YNL037C,YMR321C,0,-6.146694,0.10637166351079941,1.0,0.8400999903678894
YKL146W,YEL020C,0,-6.14705,0.10636034607887268,1.0,0.8402000069618225
YBR002C,YGR062C,0,-6.148059,0.10634903609752655,1.0,0.8403000235557556
YLR356W,YLR453C,0,-6.14869,0.10633772611618042,1.0,0.840399980545044
YLR307W,YER125W,0,-6.1489506,0.10632642358541489,1.0,0.840499997138977
YOR085W,YGR109C,0,-6.148988,0.10631512105464935,1.0,0.8406000137329102
YOR149C,YBR298C,0,-6.149025,0.10630381852388382,1.0,0.8406999707221985
YJR135W-A,YBR006W,0,-6.1493216,0.10629251599311829,1.0,0.8407999873161316
YPL154C,YOL062C,0,-6.149439,0.10628122091293335,1.0,0.8409000039100647
YCL057W,YGR108W,0,-6.149743,0.10626992583274841,1.0,0.8410000205039978
YPL274W,YLR246W,0,-6.150381,0.10625863075256348,1.0,0.8410999774932861
YKL042W,YPL027W,0,-6.1511583,0.10624734312295914,1.0,0.8411999940872192
YGL200C,YOL090W,0,-6.151492,0.1062360554933548,1.0,0.8413000106811523
YDL066W,YDR086C,0,-6.1519394,0.10622477531433105,1.0,0.8414000272750854
YEL041W,YER183C,0,-6.152112,0.10621348768472672,1.0,0.8414999842643738
YKL211C,YLR048W,0,-6.1521845,0.10620220750570297,1.0,0.8416000008583069
YKL209C,YNL305C,0,-6.152198,0.10619093477725983,1.0,0.84170001745224
YDR012W,YNL271C,0,-6.153346,0.10617965459823608,1.0,0.8417999744415283
YLL033W,YMR257C,0,-6.1534863,0.10616838186979294,1.0,0.8418999910354614
YPR005C,YJL030W,0,-6.1535006,0.10615710914134979,1.0,0.8420000076293945
YBR001C,YDR480W,0,-6.1537714,0.10614584386348724,1.0,0.8421000242233276
YFL039C,YPR048W,0,-6.1538677,0.1061345785856247,1.0,0.842199981212616
YLR381W,YJR113C,0,-6.1539392,0.10612331330776215,1.0,0.8422999978065491
YHR215W,YKL065C,0,-6.154933,0.1061120554804802,1.0,0.8424000144004822
YEL003W,YHR066W,0,-6.154957,0.10610079765319824,1.0,0.8424999713897705
YBL098W,YKR069W,0,-6.155614,0.10608953982591629,1.0,0.8425999879837036
YNR016C,YFL041W,0,-6.1556683,0.10607828944921494,1.0,0.8427000045776367
YNL008C,YJR137C,0,-6.1558332,0.10606703162193298,1.0,0.8428000211715698
YDR297W,YGL039W,0,-6.1560936,0.10605578869581223,1.0,0.8428999781608582
YGR041W,YMR014W,0,-6.1564293,0.10604453831911087,1.0,0.8429999947547913
YMR298W,YDL204W,0,-6.1568546,0.10603329539299011,1.0,0.8431000113487244
YOL112W,YPL223C,0,-6.15767,0.10602205246686935,1.0,0.8432000279426575
YPL154C,YML087C,0,-6.1580477,0.1060108095407486,1.0,0.8432999849319458
YER055C,YBL058W,0,-6.158104,0.10599957406520844,1.0,0.8434000015258789
YLR203C,YNL047C,0,-6.1581507,0.10598833858966827,1.0,0.843500018119812
YPL170W,YFL055W,0,-6.1584435,0.10597711056470871,1.0,0.8435999751091003
YJL095W,YJR143C,0,-6.1585264,0.10596588253974915,1.0,0.8436999917030334
YOL103W,YKL193C,0,-6.1585293,0.10595465451478958,1.0,0.8438000082969666
YOR070C,YOR084W,0,-6.1585436,0.10594342648983002,1.0,0.8439000248908997
YMR056C,YJL190C,0,-6.159096,0.10593220591545105,1.0,0.843999981880188
YDR536W,YBR204C,0,-6.1594,0.10592098534107208,1.0,0.8440999984741211
YMR116C,YJL139C,0,-6.1596766,0.10590976476669312,1.0,0.8442000150680542
YDL061C,YGR104C,0,-6.159939,0.10589855164289474,1.0,0.8442999720573425
YGL033W,YIL117C,0,-6.1600494,0.10588733851909637,1.0,0.8443999886512756
YJR090C,YMR293C,0,-6.160083,0.105876125395298,1.0,0.8445000052452087
YDL080C,YGR279C,0,-6.160161,0.10586491972208023,1.0,0.8446000218391418
YCR089W,YOR100C,0,-6.160555,0.10585370659828186,1.0,0.8446999788284302
YLR350W,YNL232W,0,-6.1606436,0.10584250837564468,1.0,0.8447999954223633
YPL084W,YDL049C,0,-6.16096,0.10583130270242691,1.0,0.8449000120162964
YBR214W,YGR068C,0,-6.1609755,0.10582010447978973,1.0,0.8450000286102295
YGL077C,YPR042C,0,-6.1613827,0.10580890625715256,1.0,0.8450999855995178
YPL217C,YJL108C,0,-6.1619883,0.10579771548509598,1.0,0.8452000021934509
YHR011W,YOL064C,0,-6.163556,0.1057865247130394,1.0,0.845300018787384
YGL084C,YER170W,0,-6.1635838,0.10577533394098282,1.0,0.8453999757766724
YIL111W,YOR278W,0,-6.1642113,0.10576414316892624,1.0,0.8454999923706055
YOR369C,YKL135C,0,-6.1643295,0.10575295984745026,1.0,0.8456000089645386
YDR497C,YAR003W,0,-6.164796,0.10574177652597427,1.0,0.8457000255584717
YER180C,YLR154C,0,-6.164874,0.10573060065507889,1.0,0.84579998254776
YBR026C,YDR496C,0,-6.1649523,0.1057194173336029,1.0,0.8458999991416931
YMR246W,YKL124W,0,-6.165682,0.10570824891328812,1.0,0.8460000157356262
YPL187W,YHR209W,0,-6.1657267,0.10569707304239273,1.0,0.8460999727249146
YAL038W,YDL104C,0,-6.1659775,0.10568590462207794,1.0,0.8461999893188477
YGL184C,YER074W,0,-6.1664906,0.10567473620176315,1.0,0.8463000059127808
YLR009W,YER088C,0,-6.16677,0.10566356778144836,1.0,0.8464000225067139
YOR245C,YIL094C,0,-6.167493,0.10565240681171417,1.0,0.8464999794960022
YDR210W,YGL200C,0,-6.1676426,0.10564124584197998,1.0,0.8465999960899353
YEL053C,YDL033C,0,-6.1677427,0.10563008487224579,1.0,0.8467000126838684
YML080W,YLR448W,0,-6.1677923,0.1056189239025116,1.0,0.8468000292778015
YLR048W,YNL262W,0,-6.1678696,0.105607770383358,1.0,0.8468999862670898
YNL315C,YLR157C,0,-6.16788,0.105596624314785,1.0,0.847000002861023
YDR297W,YDL204W,0,-6.1683435,0.10558547079563141,1.0,0.847100019454956
YMR238W,YCR037C,0,-6.168416,0.10557432472705841,1.0,0.8471999764442444
YNL315C,YNL185C,0,-6.168825,0.10556317865848541,1.0,0.8472999930381775
YLR160C,YPR098C,0,-6.169009,0.10555204004049301,1.0,0.8474000096321106
YOL097C,YJR053W,0,-6.169347,0.10554089397192001,1.0,0.8475000262260437
YGL047W,YPR091C,0,-6.1693716,0.10552976280450821,1.0,0.847599983215332
YLR013W,YBR164C,0,-6.1696005,0.10551862418651581,1.0,0.8476999998092651
YLR142W,YKR042W,0,-6.1696453,0.105507493019104,1.0,0.8478000164031982
YCR046C,YCR073C,0,-6.169894,0.1054963618516922,1.0,0.8478999733924866
YMR197C,YER126C,0,-6.1706657,0.1054852306842804,1.0,0.8479999899864197
YGR221C,YIL027C,0,-6.1710463,0.10547410696744919,1.0,0.8481000065803528
YMR197C,YDL075W,0,-6.171383,0.10546298325061798,1.0,0.8482000231742859
YGL011C,YPL220W,0,-6.171587,0.10545185953378677,1.0,0.8482999801635742
YMR303C,YPL123C,0,-6.171692,0.10544074326753616,1.0,0.8483999967575073
YDL049C,YLR319C,0,-6.1718283,0.10542962700128555,1.0,0.8485000133514404
YLR016C,YFL037W,0,-6.1719313,0.10541851073503494,1.0,0.8485999703407288
YDL064W,YJL164C,0,-6.1720724,0.10540740191936493,1.0,0.8486999869346619
YDL216C,YDL171C,0,-6.1726236,0.10539629310369492,1.0,0.848800003528595
YCL066W,YPL212C,0,-6.172983,0.1053851842880249,1.0,0.8489000201225281
YDR221W,YPR187W,0,-6.173238,0.10537407547235489,1.0,0.8489999771118164
YBR058C-A,YJR158W,0,-6.1734085,0.10536297410726547,1.0,0.8490999937057495
YBR128C,YGR255C,0,-6.1734285,0.10535187274217606,1.0,0.8492000102996826
YHR008C,YMR090W,0,-6.174573,0.10534077882766724,1.0,0.8493000268936157
YNL220W,YML129C,0,-6.174694,0.10532968491315842,1.0,0.849399983882904
YLR307W,YMR160W,0,-6.174988,0.1053185909986496,1.0,0.8495000004768372
YDL191W,YLR120C,0,-6.1764,0.10530749708414078,1.0,0.8496000170707703
YLR130C,YKR001C,0,-6.1767044,0.10529641062021255,1.0,0.8496999740600586
YNL208W,YPR167C,0,-6.1771135,0.10528532415628433,1.0,0.8497999906539917
YMR197C,YER089C,0,-6.1773996,0.10527423769235611,1.0,0.8499000072479248
YPL033C,YFR044C,0,-6.1775064,0.10526315867900848,1.0,0.8500000238418579
YGR287C,YDR466W,0,-6.177622,0.10525207966566086,1.0,0.8500999808311462
YDL079C,YPR018W,0,-6.1779146,0.10524100065231323,1.0,0.8501999974250793
YEL043W,YBR036C,0,-6.1786413,0.1052299290895462,1.0,0.8503000140190125
YLL029W,YAL005C,0,-6.179057,0.10521885752677917,1.0,0.8503999710083008
YDL222C,YBL079W,0,-6.1790695,0.10520778596401215,1.0,0.8504999876022339
YOR175C,YJL178C,0,-6.1797504,0.10519671440124512,1.0,0.850600004196167
YJR051W,YNL290W,0,-6.1811275,0.10518565028905869,1.0,0.8507000207901001
YBR096W,YDL171C,0,-6.1816893,0.10517458617687225,1.0,0.8507999777793884
YLR356W,YDR512C,0,-6.1818733,0.10516352951526642,1.0,0.8508999943733215
YBR161W,YCL061C,0,-6.1819973,0.10515247285366058,1.0,0.8510000109672546
YKL157W,YBL075C,0,-6.1820116,0.10514141619205475,1.0,0.8511000275611877
YGL001C,YHR036W,0,-6.1827555,0.10513035953044891,1.0,0.8511999845504761
YDR414C,YOR382W,0,-6.182949,0.10511931031942368,1.0,0.8513000011444092
YOL149W,YMR170C,0,-6.1831884,0.10510826110839844,1.0,0.8514000177383423
YDL168W,YBL075C,0,-6.1832237,0.1050972118973732,1.0,0.8514999747276306
YGR185C,YKR039W,0,-6.1833467,0.10508617013692856,1.0,0.8515999913215637
YDR086C,YDR076W,0,-6.183387,0.10507512837648392,1.0,0.8517000079154968
YPL119C,YDR184C,0,-6.183634,0.10506408661603928,1.0,0.8518000245094299
YOL100W,YHR061C,0,-6.183751,0.10505305230617523,1.0,0.8518999814987183
YDR529C,YFR018C,0,-6.184061,0.10504201799631119,1.0,0.8519999980926514
YDL052C,YOR369C,0,-6.1843204,0.10503098368644714,1.0,0.8521000146865845
YHR076W,YOR190W,0,-6.184787,0.1050199568271637,1.0,0.8521999716758728
YOR214C,YCR094W,0,-6.185176,0.10500892251729965,1.0,0.8522999882698059
YIR013C,YOR214C,0,-6.185602,0.1049979031085968,1.0,0.852400004863739
YPR026W,YOR287C,0,-6.1861477,0.10498687624931335,1.0,0.8525000214576721
YMR200W,YJR155W,0,-6.1865854,0.1049758568406105,1.0,0.8525999784469604
YCR048W,YDL006W,0,-6.1872177,0.10496483743190765,1.0,0.8526999950408936
YGR247W,YKL172W,0,-6.188201,0.1049538180232048,1.0,0.8528000116348267
YPR122W,YBR299W,0,-6.1885395,0.10494280606508255,1.0,0.8529000282287598
YOR188W,YOR256C,0,-6.1888924,0.1049317941069603,1.0,0.8529999852180481
YGL121C,YIL034C,0,-6.1891975,0.10492078214883804,1.0,0.8531000018119812
YDR379W,YGR172C,0,-6.190055,0.10490977764129639,1.0,0.8532000184059143
YLR427W,YPL134C,0,-6.190257,0.10489877313375473,1.0,0.8532999753952026
YGR148C,YPL265W,0,-6.1910543,0.10488776862621307,1.0,0.8533999919891357
YJR152W,YKR065C,0,-6.191433,0.10487677156925201,1.0,0.8535000085830688
YLR304C,YOR080W,0,-6.191946,0.10486577451229095,1.0,0.853600025177002
YDL225W,YKR097W,0,-6.192355,0.1048547774553299,1.0,0.8536999821662903
YBR298C,YJL066C,0,-6.192361,0.10484378039836884,1.0,0.8537999987602234
YKL216W,YOL082W,0,-6.192403,0.10483279079198837,1.0,0.8539000153541565
YJL170C,YLR425W,0,-6.1925325,0.10482180118560791,1.0,0.8539999723434448
YPL270W,YHR079C,0,-6.192588,0.10481081902980804,1.0,0.8540999889373779
YOR180C,YMR199W,0,-6.1942406,0.10479982942342758,1.0,0.854200005531311
YIL074C,YNL279W,0,-6.1945972,0.10478884726762772,1.0,0.8543000221252441
YJR010C-A,YOL090W,0,-6.194808,0.10477787256240845,1.0,0.8543999791145325
YOR222W,YDR487C,0,-6.1949835,0.10476689040660858,1.0,0.8544999957084656
YJR045C,YIL108W,0,-6.195531,0.10475591570138931,1.0,0.8546000123023987
YOR378W,YJR159W,0,-6.195654,0.10474494844675064,1.0,0.8547000288963318
YML106W,YIL042C,0,-6.1958427,0.10473397374153137,1.0,0.8547999858856201
YNR049C,YDR012W,0,-6.196265,0.1047230064868927,1.0,0.8549000024795532
YDL121C,YBR122C,0,-6.1965075,0.10471203923225403,1.0,0.8550000190734863
YKL101W,YOR131C,0,-6.1965303,0.10470107942819595,1.0,0.8550999760627747
YPL134C,YIL133C,0,-6.196594,0.10469011962413788,1.0,0.8551999926567078
YDL052C,YOR216C,0,-6.1966314,0.1046791598200798,1.0,0.8553000092506409
YLL028W,YMR122W-A,0,-6.196783,0.10466820001602173,1.0,0.855400025844574
YPR104C,YOR374W,0,-6.197027,0.10465724766254425,1.0,0.8554999828338623
YNL241C,YLR186W,0,-6.197139,0.10464629530906677,1.0,0.8555999994277954
YBR196C,YOR336W,0,-6.197734,0.1046353429555893,1.0,0.8557000160217285
YPR194C,YJL191W,0,-6.1988707,0.10462439805269241,1.0,0.8557999730110168
YKL218C,YIR033W,0,-6.1997175,0.10461345314979553,1.0,0.85589998960495
YER087W,YDR488C,0,-6.201008,0.10460250824689865,1.0,0.8560000061988831
YJL184W,YGR026W,0,-6.201022,0.10459157079458237,1.0,0.8561000227928162
YGR221C,YPL085W,0,-6.201028,0.10458063334226608,1.0,0.8561999797821045
YOL104C,YOR388C,0,-6.201288,0.1045696958899498,1.0,0.8562999963760376
YMR194W,YOR125C,0,-6.2018843,0.10455875843763351,1.0,0.8564000129699707
YBR159W,YDL104C,0,-6.2019024,0.10454782843589783,1.0,0.8565000295639038
YMR104C,YJL036W,0,-6.202261,0.10453689843416214,1.0,0.8565999865531921
YNR044W,YPL069C,0,-6.2027674,0.10452597588300705,1.0,0.8567000031471252
YPL270W,YJL171C,0,-6.203553,0.10451505333185196,1.0,0.8568000197410583
YMR136W,YPL227C,0,-6.2043533,0.10450413078069687,1.0,0.8568999767303467
YMR267W,YDL215C,0,-6.204605,0.10449320822954178,1.0,0.8569999933242798
YIL090W,YER170W,0,-6.2046375,0.10448229312896729,1.0,0.8571000099182129
YJL153C,YJL063C,0,-6.204735,0.10447137802839279,1.0,0.857200026512146
YDR285W,YPR021C,0,-6.2051353,0.1044604629278183,1.0,0.8572999835014343
YOR369C,YMR036C,0,-6.205141,0.1044495478272438,1.0,0.8574000000953674
YNL153C,YOR297C,0,-6.206045,0.10443864017724991,1.0,0.8575000166893005
YDL052C,YIL004C,0,-6.206175,0.10442773252725601,1.0,0.8575999736785889
YIL023C,YMR213W,0,-6.2064133,0.10441683232784271,1.0,0.857699990272522
YGL103W,YFL024C,0,-6.20648,0.10440593212842941,1.0,0.8578000068664551
YLR130C,YJR076C,0,-6.206558,0.10439503192901611,1.0,0.8579000234603882
YMR272C,YGR068C,0,-6.2066526,0.10438413172960281,1.0,0.8579999804496765
YPR138C,YFL033C,0,-6.207534,0.10437323898077011,1.0,0.8580999970436096
YNL117W,YDL190C,0,-6.20759,0.10436234623193741,1.0,0.8582000136375427
YER056C-A,YGL060W,0,-6.207597,0.1043514534831047,1.0,0.858299970626831
YBL040C,YDR283C,0,-6.2083254,0.1043405681848526,1.0,0.8583999872207642
YER165W,YLR414C,0,-6.2086687,0.1043296828866005,1.0,0.8585000038146973
YJL149W,YJL130C,0,-6.2088804,0.10431879758834839,1.0,0.8586000204086304
YOR198C,YGL090W,0,-6.2090626,0.10430791974067688,1.0,0.8586999773979187
YOR214C,YDR484W,0,-6.2103977,0.10429703444242477,1.0,0.8587999939918518
YGL191W,YJR143C,0,-6.2109957,0.10428616404533386,1.0,0.8589000105857849
YBR205W,YPL003W,0,-6.2127094,0.10427528619766235,1.0,0.859000027179718
YNL079C,YLR233C,0,-6.212901,0.10426441580057144,1.0,0.8590999841690063
YOR092W,YIR011C,0,-6.2130938,0.10425354540348053,1.0,0.8592000007629395
YMR194W,YLR394W,0,-6.2133713,0.10424267500638962,1.0,0.8593000173568726
YDR218C,YMR176W,0,-6.2134504,0.1042318120598793,1.0,0.8593999743461609
YPL030W,YGR239C,0,-6.2143326,0.10422094911336899,1.0,0.859499990940094
YBR026C,YLR357W,0,-6.214916,0.10421008616685867,1.0,0.8596000075340271
YOR196C,YDR402C,0,-6.2160397,0.10419923067092896,1.0,0.8597000241279602
YNR070W,YLR113W,0,-6.2166996,0.10418837517499924,1.0,0.8597999811172485
YOR301W,YLR341W,0,-6.2167797,0.10417751967906952,1.0,0.8598999977111816
YMR272C,YDL085W,0,-6.2168264,0.1041666641831398,1.0,0.8600000143051147
YOR198C,YPL038W,0,-6.2175436,0.10415581613779068,1.0,0.8600999712944031
YNL075W,YJL221C,0,-6.2183704,0.10414496809244156,1.0,0.8601999878883362
YHR183W,YHR102W,0,-6.2187624,0.10413412749767303,1.0,0.8603000044822693
YPL159C,YDR016C,0,-6.2189617,0.10412327945232391,1.0,0.8604000210762024
YKL146W,YNL086W,0,-6.2192106,0.10411243885755539,1.0,0.8604999780654907
YMR012W,YPR151C,0,-6.2192993,0.10410160571336746,1.0,0.8605999946594238
YML085C,YOR298C-A,0,-6.219802,0.10409076511859894,1.0,0.8607000112533569
YDR163W,YJL121C,0,-6.220088,0.10407993197441101,1.0,0.86080002784729
YML042W,YDR411C,0,-6.2202883,0.10406909883022308,1.0,0.8608999848365784
YGL065C,YLR278C,0,-6.220875,0.10405827313661575,1.0,0.8610000014305115
YKL165C,YMR188C,0,-6.2212944,0.10404744744300842,1.0,0.8611000180244446
YMR200W,YJL012C-A,0,-6.2216816,0.10403662174940109,1.0,0.8611999750137329
YFR001W,YOR230W,0,-6.221712,0.10402579605579376,1.0,0.861299991607666
YDR498C,YJL164C,0,-6.2219324,0.10401497781276703,1.0,0.8614000082015991
YDR304C,YOR120W,0,-6.221979,0.1040041595697403,1.0,0.8615000247955322
YDL153C,YLR070C,0,-6.222142,0.10399334132671356,1.0,0.8615999817848206
YBR159W,YER046W,0,-6.2222557,0.10398253053426743,1.0,0.8616999983787537
YCR089W,YER153C,0,-6.222416,0.10397171974182129,1.0,0.8618000149726868
YOL140W,YBL004W,0,-6.2226124,0.10396090894937515,1.0,0.8618999719619751
YIL135C,YKR097W,0,-6.22262,0.10395010560750961,1.0,0.8619999885559082
YJL103C,YCR052W,0,-6.2226734,0.10393930226564407,1.0,0.8621000051498413
YPL231W,YKL221W,0,-6.2226887,0.10392849892377853,1.0,0.8622000217437744
YNL280C,YNL070W,0,-6.2226934,0.103917695581913,1.0,0.8622999787330627
YGR144W,YBL042C,0,-6.2233114,0.10390689969062805,1.0,0.8623999953269958
YPR145W,YBR257W,0,-6.2240124,0.10389610379934311,1.0,0.862500011920929
YJL138C,YHR107C,0,-6.224105,0.10388530790805817,1.0,0.8626000285148621
YNL160W,YPL153C,0,-6.224306,0.10387451946735382,1.0,0.8626999855041504
YLL010C,YOR173W,0,-6.2246447,0.10386373102664948,1.0,0.8628000020980835
YJL159W,YEL003W,0,-6.2247686,0.10385294258594513,1.0,0.8629000186920166
YDR403W,YER070W,0,-6.2254457,0.10384216159582138,1.0,0.8629999756813049
YCR011C,YIR015W,0,-6.2257566,0.10383138060569763,1.0,0.863099992275238
YER141W,YKL011C,0,-6.2267046,0.10382059961557388,1.0,0.8632000088691711
YOR313C,YIL073C,0,-6.2270145,0.10380981862545013,1.0,0.8633000254631042
YHL019C,YJL190C,0,-6.227129,0.10379904508590698,1.0,0.8633999824523926
YIL122W,YLL062C,0,-6.227206,0.10378827154636383,1.0,0.8634999990463257
YKR094C,YGL010W,0,-6.228095,0.10377749800682068,1.0,0.8636000156402588
YBL076C,YGL181W,0,-6.2283554,0.10376673191785812,1.0,0.8636999726295471
YER091C,YDL142C,0,-6.229142,0.10375596582889557,1.0,0.8637999892234802
YNL163C,YPL093W,0,-6.2291822,0.10374519973993301,1.0,0.8639000058174133
YNL006W,YCR093W,0,-6.229601,0.10373444110155106,1.0,0.8640000224113464
YJR001W,YGL123W,0,-6.229944,0.1037236824631691,1.0,0.8640999794006348
YLR192C,YDR012W,0,-6.2307835,0.10371292382478714,1.0,0.8641999959945679
YLR047C,YEL054C,0,-6.2309923,0.10370216518640518,1.0,0.864300012588501
YPL023C,YML042W,0,-6.231515,0.10369141399860382,1.0,0.8644000291824341
YMR217W,YOR167C,0,-6.231905,0.10368066281080246,1.0,0.8644999861717224
YOL152W,YJR095W,0,-6.232394,0.1036699116230011,1.0,0.8646000027656555
YLR155C,YDR141C,0,-6.232671,0.10365916788578033,1.0,0.8647000193595886
YIL159W,YNR069C,0,-6.2326813,0.10364842414855957,1.0,0.864799976348877
YPL275W,YMR136W,0,-6.2335405,0.1036376804113388,1.0,0.8648999929428101
YLR369W,YLR340W,0,-6.2336693,0.10362694412469864,1.0,0.8650000095367432
YGR288W,YOL109W,0,-6.2339334,0.10361620783805847,1.0,0.8651000261306763
YML085C,YHR172W,0,-6.2339697,0.1036054715514183,1.0,0.8651999831199646
YNL046W,YDR208W,0,-6.234296,0.10359473526477814,1.0,0.8652999997138977
YGL054C,YCL008C,0,-6.234476,0.10358400642871857,1.0,0.8654000163078308
YHR112C,YPL038W,0,-6.234621,0.103573277592659,1.0,0.8654999732971191
YIL171W,YAL034W-A,0,-6.2356663,0.10356254875659943,1.0,0.8655999898910522
YEL016C,YDL127W,0,-6.2361183,0.10355182737112045,1.0,0.8657000064849854
YLL023C,YKL221W,0,-6.236143,0.10354110598564148,1.0,0.8658000230789185
YGR223C,YPL265W,0,-6.237175,0.1035303846001625,1.0,0.8658999800682068
YDR236C,YER070W,0,-6.237464,0.10351967066526413,1.0,0.8659999966621399
YHR036W,YNR073C,0,-6.2375507,0.10350895673036575,1.0,0.866100013256073
YOL141W,YPL258C,0,-6.237809,0.10349824279546738,1.0,0.8661999702453613
YJR126C,YER051W,0,-6.2381115,0.103487528860569,1.0,0.8662999868392944
YGR241C,YLR380W,0,-6.2386475,0.10347682237625122,1.0,0.8664000034332275
YOR237W,YJL101C,0,-6.238682,0.10346611589193344,1.0,0.8665000200271606
YNL146W,YFL018C,0,-6.2387295,0.10345540940761566,1.0,0.866599977016449
YMR238W,YLR368W,0,-6.238806,0.10344471037387848,1.0,0.8666999936103821
YBR154C,YKL001C,0,-6.238887,0.1034340113401413,1.0,0.8668000102043152
YOR145C,YLR097C,0,-6.2389946,0.10342331230640411,1.0,0.8669000267982483
YGR014W,YPR030W,0,-6.23901,0.10341261327266693,1.0,0.8669999837875366
YPL023C,YOR327C,0,-6.2390566,0.10340192168951035,1.0,0.8671000003814697
YNL095C,YDR358W,0,-6.2398043,0.10339123010635376,1.0,0.8672000169754028
YDR072C,YGR096W,0,-6.2408886,0.10338054597377777,1.0,0.8672999739646912
YHR011W,YMR257C,0,-6.241516,0.10336985439062119,1.0,0.8673999905586243
YLR157C,YDL231C,0,-6.2418747,0.1033591702580452,1.0,0.8675000071525574
YBR179C,YGR096W,0,-6.241969,0.1033484935760498,1.0,0.8676000237464905
YEL040W,YNL001W,0,-6.2420654,0.10333780944347382,1.0,0.8676999807357788
YLL055W,YJL101C,0,-6.2430897,0.10332713276147842,1.0,0.8677999973297119
YDR302W,YLR225C,0,-6.2440233,0.10331645607948303,1.0,0.867900013923645
YAL008W,YFL023W,0,-6.244174,0.10330578684806824,1.0,0.8679999709129333
YDR331W,YPL046C,0,-6.2441998,0.10329511761665344,1.0,0.8680999875068665
YBR213W,YLR084C,0,-6.2442446,0.10328444838523865,1.0,0.8682000041007996
YNL006W,YPR043W,0,-6.2443953,0.10327377915382385,1.0,0.8683000206947327
YOR106W,YER125W,0,-6.244609,0.10326311737298965,1.0,0.868399977684021
YPL240C,YDR050C,0,-6.2455797,0.10325245559215546,1.0,0.8684999942779541
YAL063C,YFL048C,0,-6.2460995,0.10324179381132126,1.0,0.8686000108718872
YDR267C,YAR035W,0,-6.2461977,0.10323113203048706,1.0,0.8687000274658203
YDR524C,YNL080C,0,-6.246442,0.10322047770023346,1.0,0.8687999844551086
YOR251C,YDR155C,0,-6.2466545,0.10320982336997986,1.0,0.8689000010490417
YJL141C,YLR237W,0,-6.246812,0.10319917649030685,1.0,0.8690000176429749
YHR011W,YFL033C,0,-6.2470064,0.10318852216005325,1.0,0.8690999746322632
YLR343W,YMR077C,0,-6.247054,0.10317787528038025,1.0,0.8691999912261963
YBL060W,YNL259C,0,-6.24771,0.10316723585128784,1.0,0.8693000078201294
YBL098W,YJR092W,0,-6.2480116,0.10315658897161484,1.0,0.8694000244140625
YNL274C,YGL062W,0,-6.2480173,0.10314594954252243,1.0,0.8694999814033508
YLR209C,YKL179C,0,-6.248933,0.10313531011343002,1.0,0.8695999979972839
YML064C,YKL175W,0,-6.249523,0.10312467813491821,1.0,0.869700014591217
YLR045C,YPR031W,0,-6.2495384,0.1031140461564064,1.0,0.8697999715805054
YDL138W,YPL244C,0,-6.2511606,0.10310341417789459,1.0,0.8698999881744385
YBR234C,YOR173W,0,-6.25138,0.10309278219938278,1.0,0.8700000047683716
YLR446W,YGL234W,0,-6.2515936,0.10308215767145157,1.0,0.8701000213623047
YDR046C,YGL035C,0,-6.2518187,0.10307153314352036,1.0,0.870199978351593
YML085C,YKL174C,0,-6.2522545,0.10306090861558914,1.0,0.8702999949455261
YLR070C,YDR076W,0,-6.2529783,0.10305029153823853,1.0,0.8704000115394592
YLR080W,YLR308W,0,-6.2540407,0.10303966701030731,1.0,0.8705000281333923
YBR067C,YBL060W,0,-6.254116,0.10302905738353729,1.0,0.8705999851226807
YJR151C,YBR222C,0,-6.254713,0.10301844030618668,1.0,0.8707000017166138
YKL046C,YOR167C,0,-6.255768,0.10300783067941666,1.0,0.8708000183105469
YNR057C,YML028W,0,-6.2565794,0.10299722105264664,1.0,0.8708999752998352
YHL034C,YOL044W,0,-6.257025,0.10298661142587662,1.0,0.8709999918937683
YPL042C,YHR129C,0,-6.2577343,0.1029760092496872,1.0,0.8711000084877014
YBR084C-A,YGL055W,0,-6.2581387,0.10296540707349777,1.0,0.8712000250816345
YGL030W,YLR141W,0,-6.258362,0.10295480489730835,1.0,0.8712999820709229
YLR066W,YML080W,0,-6.258439,0.10294420272111893,1.0,0.871399998664856
YPR049C,YNR043W,0,-6.258643,0.1029336079955101,1.0,0.8715000152587891
YNL154C,YLR099C,0,-6.2586994,0.10292301326990128,1.0,0.8715999722480774
YPL149W,YHR116W,0,-6.258994,0.10291241854429245,1.0,0.8716999888420105
YER118C,YIL010W,0,-6.2590246,0.10290183126926422,1.0,0.8718000054359436
YOR362C,YDL181W,0,-6.2590494,0.10289124399423599,1.0,0.8719000220298767
YJL106W,YIL027C,0,-6.2610283,0.10288065671920776,1.0,0.871999979019165
YDR462W,YDR191W,0,-6.261298,0.10287007689476013,1.0,0.8720999956130981
YBR228W,YKL096W-A,0,-6.2621946,0.1028594970703125,1.0,0.8722000122070312
YGR159C,YJR025C,0,-6.2626495,0.10284891724586487,1.0,0.8723000288009644
YNL079C,YNR002C,0,-6.2631874,0.10283833742141724,1.0,0.8723999857902527
YPR061C,YJR113C,0,-6.2636747,0.1028277650475502,1.0,0.8725000023841858
YER096W,YGL060W,0,-6.2638607,0.10281719267368317,1.0,0.8726000189781189
YGL001C,YFL055W,0,-6.263899,0.10280662029981613,1.0,0.8726999759674072
YPL170W,YFL054C,0,-6.26435,0.1027960553765297,1.0,0.8727999925613403
YMR316W,YLR355C,0,-6.2645493,0.10278548300266266,1.0,0.8729000091552734
YLR064W,YCL038C,0,-6.2646027,0.10277492552995682,1.0,0.8730000257492065
YAR018C,YGR263C,0,-6.264819,0.10276436060667038,1.0,0.8730999827384949
YOL071W,YOR297C,0,-6.2663097,0.10275380313396454,1.0,0.873199999332428
YJL048C,YGL256W,0,-6.2674627,0.1027432456612587,1.0,0.8733000159263611
YOR274W,YNL241C,0,-6.2678843,0.10273268818855286,1.0,0.8733999729156494
YLR308W,YBR200W,0,-6.268264,0.10272213816642761,1.0,0.8734999895095825
YBL009W,YOR099W,0,-6.2682695,0.10271158814430237,1.0,0.8736000061035156
YJL097W,YGL004C,0,-6.2684326,0.10270103812217712,1.0,0.8737000226974487
YDL055C,YBR237W,0,-6.2691364,0.10269048810005188,1.0,0.8737999796867371
YPL230W,YOL090W,0,-6.2695484,0.10267994552850723,1.0,0.8738999962806702
YPL096W,YBR234C,0,-6.2704926,0.10266940295696259,1.0,0.8740000128746033
YDR299W,YJL080C,0,-6.2706556,0.10265886783599854,1.0,0.8741000294685364
YER039C,YKL112W,0,-6.270849,0.10264832526445389,1.0,0.8741999864578247
YIL171W,YMR093W,0,-6.271965,0.10263779014348984,1.0,0.8743000030517578
YDR389W,YKL035W,0,-6.272276,0.10262725502252579,1.0,0.8744000196456909
YNL273W,YPL123C,0,-6.2724066,0.10261672735214233,1.0,0.8744999766349792
YLR066W,YBR205W,0,-6.272688,0.10260619968175888,1.0,0.8745999932289124
YNL267W,YNR060W,0,-6.2734995,0.10259567201137543,1.0,0.8747000098228455
YHR181W,YDR358W,0,-6.2739964,0.10258514434099197,1.0,0.8748000264167786
YNL125C,YDL208W,0,-6.274396,0.10257462412118912,1.0,0.8748999834060669
YBR196C,YBL069W,0,-6.2746487,0.10256410390138626,1.0,0.875
YNL006W,YOL040C,0,-6.2750607,0.1025535836815834,1.0,0.8751000165939331
YER046W,YGR038W,0,-6.275097,0.10254307091236115,1.0,0.8751999735832214
YKL218C,YHR046C,0,-6.275217,0.10253255069255829,1.0,0.8752999901771545
YER017C,YPR198W,0,-6.2752695,0.10252204537391663,1.0,0.8754000067710876
YNL321W,YDL004W,0,-6.2765045,0.10251153260469437,1.0,0.8755000233650208
YLL045C,YDR306C,0,-6.278057,0.1025010272860527,1.0,0.8755999803543091
YDR488C,YER035W,0,-6.278287,0.10249052196741104,1.0,0.8756999969482422
YJL136C,YDR341C,0,-6.2783213,0.10248001664876938,1.0,0.8758000135421753
YML058W-A,YKL085W,0,-6.2783823,0.10246951878070831,1.0,0.8758999705314636
YPL015C,YKL127W,0,-6.2784357,0.10245901346206665,1.0,0.8759999871253967
YNL153C,YJL079C,0,-6.279443,0.10244852304458618,1.0,0.8761000037193298
YDR492W,YOL156W,0,-6.2796926,0.10243802517652512,1.0,0.8762000203132629
YOR178C,YJR059W,0,-6.2812233,0.10242753475904465,1.0,0.8762999773025513
YJR152W,YIL050W,0,-6.281768,0.10241704434156418,1.0,0.8763999938964844
YLR069C,YOL044W,0,-6.2819567,0.10240655392408371,1.0,0.8765000104904175
YPL159C,YJL214W,0,-6.282879,0.10239607095718384,1.0,0.8766000270843506
YJR019C,YIR022W,0,-6.282892,0.10238558053970337,1.0,0.8766999840736389
YOL013C,YLR386W,0,-6.2831335,0.1023751050233841,1.0,0.876800000667572
YGL077C,YDR071C,0,-6.283161,0.10236462205648422,1.0,0.8769000172615051
YDL181W,YBR120C,0,-6.2837515,0.10235414654016495,1.0,0.8769999742507935
YJR009C,YKL216W,0,-6.283828,0.10234367102384567,1.0,0.8770999908447266
YER175C,YAL039C,0,-6.2841473,0.1023331955075264,1.0,0.8772000074386597
YDR436W,YIR007W,0,-6.284423,0.10232272744178772,1.0,0.8773000240325928
YLR414C,YDR171W,0,-6.284874,0.10231225937604904,1.0,0.8773999810218811
YGR241C,YNL259C,0,-6.285494,0.10230179131031036,1.0,0.8774999976158142
YDR449C,YDR450W,0,-6.2854958,0.10229132324457169,1.0,0.8776000142097473
YDL232W,YGR252W,0,-6.28594,0.1022808626294136,1.0,0.8776999711990356
YHR007C,YJL044C,0,-6.2860613,0.10227040201425552,1.0,0.8777999877929688
YJR145C,YDR351W,0,-6.286669,0.10225994139909744,1.0,0.8779000043869019
YHR008C,YJL209W,0,-6.2866764,0.10224948823451996,1.0,0.878000020980835
YKL109W,YNL088W,0,-6.2871437,0.10223903506994247,1.0,0.8780999779701233
YNL072W,YGL208W,0,-6.2877674,0.10222858190536499,1.0,0.8781999945640564
YBR036C,YKR025W,0,-6.2878714,0.1022181361913681,1.0,0.8783000111579895
YKL195W,YMR116C,0,-6.2881794,0.10220768302679062,1.0,0.8784000277519226
YDL147W,YJL121C,0,-6.288801,0.10219723731279373,1.0,0.8784999847412109
YLL040C,YGR086C,0,-6.289611,0.10218679904937744,1.0,0.878600001335144
YML048W,YDR064W,0,-6.289716,0.10217635333538055,1.0,0.8787000179290771
YJL200C,YOR288C,0,-6.290538,0.10216591507196426,1.0,0.8787999749183655
YHR029C,YDL171C,0,-6.2908306,0.10215548425912857,1.0,0.8788999915122986
YOR336W,YMR250W,0,-6.290969,0.10214504599571228,1.0,0.8790000081062317
YDL142C,YGR175C,0,-6.2913265,0.10213461518287659,1.0,0.8791000247001648
YJR004C,YGR268C,0,-6.2914553,0.1021241843700409,1.0,0.8791999816894531
YDL112W,YOR028C,0,-6.2918024,0.1021137535572052,1.0,0.8792999982833862
YMR173W,YPL147W,0,-6.292533,0.1021033301949501,1.0,0.8794000148773193
YBR096W,YIR034C,0,-6.2934914,0.10209290683269501,1.0,0.8794999718666077
YGR049W,YMR043W,0,-6.295725,0.10208248347043991,1.0,0.8795999884605408
YGL249W,YJL121C,0,-6.2960873,0.10207206010818481,1.0,0.8797000050544739
YCR017C,YKL208W,0,-6.2966185,0.10206164419651031,1.0,0.879800021648407
YNL197C,YER046W,0,-6.2969227,0.10205122828483582,1.0,0.8798999786376953
YFL039C,YJL125C,0,-6.2986145,0.10204081982374191,1.0,0.8799999952316284
YJL191W,YCL011C,0,-6.2992525,0.10203040391206741,1.0,0.8801000118255615
YIL157C,YIL070C,0,-6.299383,0.10201999545097351,1.0,0.8802000284194946
YGR271W,YLR142W,0,-6.30005,0.10200958698987961,1.0,0.880299985408783
YEL017C-A,YNL093W,0,-6.300194,0.1019991859793663,1.0,0.8804000020027161
YMR300C,YOR128C,0,-6.301669,0.1019887775182724,1.0,0.8805000185966492
YMR047C,YIL124W,0,-6.302947,0.10197838395833969,1.0,0.8805999755859375
YHR004C,YOL146W,0,-6.3033924,0.10196798294782639,1.0,0.8806999921798706
YOR208W,YLR304C,0,-6.303421,0.10195758193731308,1.0,0.8808000087738037
YNL305C,YPR151C,0,-6.3037653,0.10194718837738037,1.0,0.8809000253677368
YPR149W,YBR126C,0,-6.3040094,0.10193680226802826,1.0,0.8809999823570251
YLR398C,YIL015W,0,-6.304061,0.10192640870809555,1.0,0.8810999989509583
YJR143C,YOR022C,0,-6.3044186,0.10191602259874344,1.0,0.8812000155448914
YGR175C,YJL156C,0,-6.3045797,0.10190563648939133,1.0,0.8812999725341797
YLR042C,YFR019W,0,-6.304866,0.10189525038003922,1.0,0.8813999891281128
YMR056C,YNR028W,0,-6.3051414,0.1018848717212677,1.0,0.8815000057220459
YGL200C,YIL066C,0,-6.3052816,0.10187449306249619,1.0,0.881600022315979
YFL023W,YJL158C,0,-6.3056183,0.10186411440372467,1.0,0.8816999793052673
YER083C,YKL046C,0,-6.305663,0.10185373574495316,1.0,0.8817999958992004
YIL074C,YIR039C,0,-6.305793,0.10184336453676224,1.0,0.8819000124931335
YNL227C,YKL201C,0,-6.3064766,0.10183299332857132,1.0,0.8820000290870667
YDR444W,YLR047C,0,-6.306834,0.1018226221203804,1.0,0.882099986076355
YCL052C,YLL028W,0,-6.3070984,0.10181225836277008,1.0,0.8822000026702881
YEL013W,YDR247W,0,-6.3071156,0.10180189460515976,1.0,0.8823000192642212
YGL179C,YGL002W,0,-6.307701,0.10179153084754944,1.0,0.8823999762535095
YER153C,YDR228C,0,-6.308157,0.10178116708993912,1.0,0.8824999928474426
YLR214W,YHR004C,0,-6.309167,0.1017708107829094,1.0,0.8826000094413757
YNL241C,YBR122C,0,-6.309326,0.10176045447587967,1.0,0.8827000260353088
YHR181W,YJR092W,0,-6.3095074,0.10175009816884995,1.0,0.8827999830245972
YMR321C,YPR073C,0,-6.3106127,0.10173974931240082,1.0,0.8828999996185303
YDL055C,YGL254W,0,-6.3106728,0.10172940045595169,1.0,0.8830000162124634
YBR106W,YOL054W,0,-6.3107224,0.10171905159950256,1.0,0.8830999732017517
YBR068C,YHR018C,0,-6.311947,0.10170870274305344,1.0,0.8831999897956848
YIL094C,YML065W,0,-6.3120184,0.1016983613371849,1.0,0.8833000063896179
YKL181W,YGL229C,0,-6.312042,0.10168801993131638,1.0,0.883400022983551
YMR067C,YPL134C,0,-6.312461,0.10167767852544785,1.0,0.8834999799728394
YDR484W,YBL024W,0,-6.3130846,0.10166734457015991,1.0,0.8835999965667725
YOL065C,YLR099C,0,-6.313302,0.10165701061487198,1.0,0.8837000131607056
YML132W,YDL204W,0,-6.3133745,0.10164667665958405,1.0,0.8838000297546387
YJL042W,YML027W,0,-6.3146353,0.10163634270429611,1.0,0.883899986743927
YOR201C,YNR026C,0,-6.3148804,0.10162601619958878,1.0,0.8840000033378601
YKL119C,YLR040C,0,-6.314996,0.10161568969488144,1.0,0.8841000199317932
YPL186C,YKL148C,0,-6.315549,0.1016053631901741,1.0,0.8841999769210815
YFL057C,YHR143W,0,-6.3172874,0.10159504413604736,1.0,0.8842999935150146
YMR203W,YGR225W,0,-6.3173,0.10158472508192062,1.0,0.8844000101089478
YGL161C,YNL327W,0,-6.3174543,0.10157440602779388,1.0,0.8845000267028809
YBR084C-A,YLR172C,0,-6.3184795,0.10156408697366714,1.0,0.8845999836921692
YKR058W,YMR300C,0,-6.318597,0.101553775370121,1.0,0.8847000002861023
YBR203W,YLR026C,0,-6.318859,0.10154346376657486,1.0,0.8848000168800354
YMR115W,YLL032C,0,-6.3189087,0.10153315216302872,1.0,0.8848999738693237
YDL121C,YCR097W,0,-6.319751,0.10152284055948257,1.0,0.8849999904632568
YOR301W,YDL215C,0,-6.320241,0.10151253640651703,1.0,0.8851000070571899
YLR221C,YDR058C,0,-6.320462,0.10150223225355148,1.0,0.885200023651123
YNL223W,YPL220W,0,-6.3204985,0.10149192810058594,1.0,0.8852999806404114
YBR084C-A,YPL086C,0,-6.3209333,0.10148163139820099,1.0,0.8853999972343445
YGR088W,YPR189W,0,-6.3220863,0.10147133469581604,1.0,0.8855000138282776
YGR159C,YLR176C,0,-6.322319,0.10146103799343109,1.0,0.8855999708175659
YDR385W,YOL133W,0,-6.322706,0.10145074874162674,1.0,0.885699987411499
YLR310C,YJR158W,0,-6.322899,0.10144045203924179,1.0,0.8858000040054321
YGL229C,YKR069W,0,-6.3229713,0.10143016278743744,1.0,0.8859000205993652
YKL017C,YMR165C,0,-6.323102,0.10141988098621368,1.0,0.8859999775886536
YDL014W,YJR112W,0,-6.3244905,0.10140959173440933,1.0,0.8860999941825867
YDR380W,YPR018W,0,-6.324875,0.10139930993318558,1.0,0.8862000107765198
YIL124W,YDR239C,0,-6.3251257,0.10138902813196182,1.0,0.8863000273704529
YDL225W,YLR029C,0,-6.325446,0.10137875378131866,1.0,0.8863999843597412
YFR021W,YLR327C,0,-6.3255854,0.10136847198009491,1.0,0.8865000009536743
YHR005C-A,YMR165C,0,-6.3259945,0.10135819762945175,1.0,0.8866000175476074
YPR160W,YGR095C,0,-6.3261414,0.10134793072938919,1.0,0.8866999745368958
YLL005C,YGR159C,0,-6.326207,0.10133765637874603,1.0,0.8867999911308289
YBR273C,YML131W,0,-6.3263464,0.10132738947868347,1.0,0.886900007724762
YGR171C,YAR019C,0,-6.3263826,0.10131712257862091,1.0,0.8870000243186951
YDR211W,YGR090W,0,-6.327056,0.10130685567855835,1.0,0.8870999813079834
YMR087W,YBL082C,0,-6.327655,0.10129659622907639,1.0,0.8871999979019165
YHR008C,YOR303W,0,-6.3278084,0.10128633677959442,1.0,0.8873000144958496
YLR066W,YGL180W,0,-6.328681,0.10127607733011246,1.0,0.8873999714851379
YOL031C,YGR068C,0,-6.329899,0.10126582533121109,1.0,0.887499988079071
YML126C,YJR033C,0,-6.3301706,0.10125556588172913,1.0,0.8876000046730042
YNL117W,YAR071W,0,-6.33018,0.10124531388282776,1.0,0.8877000212669373
YMR058W,YOR064C,0,-6.330352,0.10123506933450699,1.0,0.8877999782562256
YLL055W,YLR370C,0,-6.3307095,0.10122481733560562,1.0,0.8878999948501587
YCR088W,YKL085W,0,-6.330858,0.10121457278728485,1.0,0.8880000114440918
YJR013W,YPR091C,0,-6.3308926,0.10120432823896408,1.0,0.8881000280380249
YBR002C,YOR116C,0,-6.331026,0.10119409114122391,1.0,0.8881999850273132
YNL115C,YBR106W,0,-6.331373,0.10118385404348373,1.0,0.8883000016212463
YOR092W,YFL052W,0,-6.3314657,0.10117361694574356,1.0,0.8884000182151794
YDR196C,YLR026C,0,-6.331603,0.10116337984800339,1.0,0.8884999752044678
YCR075C,YDL179W,0,-6.331894,0.10115314275026321,1.0,0.8885999917984009
YML012W,YLR307W,0,-6.3326473,0.10114291310310364,1.0,0.888700008392334
YER083C,YMR180C,0,-6.333416,0.10113268345594406,1.0,0.8888000249862671
YIR006C,YKL008C,0,-6.3340406,0.10112246125936508,1.0,0.8888999819755554
YKL084W,YGR086C,0,-6.3343554,0.1011122316122055,1.0,0.8889999985694885
YBR084C-A,YOR303W,0,-6.3343735,0.10110200941562653,1.0,0.8891000151634216
YPL079W,YGR072W,0,-6.335183,0.10109179466962814,1.0,0.88919997215271
YIR025W,YDL110C,0,-6.3358383,0.10108157247304916,1.0,0.8892999887466431
YMR104C,YLR307W,0,-6.3363504,0.10107135772705078,1.0,0.8894000053405762
YOR354C,YOR242C,0,-6.3368587,0.1010611429810524,1.0,0.8895000219345093
YDL107W,YJL214W,0,-6.3371277,0.10105092823505402,1.0,0.8895999789237976
YDL146W,YJL033W,0,-6.337227,0.10104072093963623,1.0,0.8896999955177307
YBR294W,YLR121C,0,-6.33799,0.10103051364421844,1.0,0.8898000121116638
YNL160W,YMR233W,0,-6.3381357,0.10102030634880066,1.0,0.8899000287055969
YMR056C,YER036C,0,-6.338751,0.10101009905338287,1.0,0.8899999856948853
YNR051C,YDL110C,0,-6.338827,0.10099989920854568,1.0,0.8901000022888184
YPR187W,YEL055C,0,-6.340166,0.1009896993637085,1.0,0.8902000188827515
YBR161W,YLR356W,0,-6.340575,0.10097949951887131,1.0,0.8902999758720398
YLR089C,YDL208W,0,-6.340664,0.10096930712461472,1.0,0.8903999924659729
YOR212W,YMR136W,0,-6.3418074,0.10095911473035812,1.0,0.890500009059906
YMR188C,YDL142C,0,-6.341838,0.10094892233610153,1.0,0.8906000256538391
YLR155C,YPL187W,0,-6.3430157,0.10093872994184494,1.0,0.8906999826431274
YGL250W,YJR002W,0,-6.344507,0.10092854499816895,1.0,0.8907999992370605
YBR068C,YDL181W,0,-6.345236,0.10091836005449295,1.0,0.8909000158309937
YLR381W,YAR035W,0,-6.3456144,0.10090817511081696,1.0,0.890999972820282
YPL094C,YIL041W,0,-6.3457613,0.10089799016714096,1.0,0.8910999894142151
YMR083W,YHR186C,0,-6.34593,0.10088781267404556,1.0,0.8912000060081482
YDR221W,YPR204W,0,-6.3462133,0.10087763518095016,1.0,0.8913000226020813
YMR092C,YLR197W,0,-6.346286,0.10086745768785477,1.0,0.8913999795913696
YPR132W,YIL020C,0,-6.3468437,0.10085728764533997,1.0,0.8914999961853027
YBR160W,YOR120W,0,-6.3469877,0.10084711760282516,1.0,0.8916000127792358
YAL063C,YDL064W,0,-6.3489866,0.10083694756031036,1.0,0.891700029373169
YLR080W,YJR097W,0,-6.350047,0.10082677751779556,1.0,0.8917999863624573
YMR004W,YML027W,0,-6.3502197,0.10081661492586136,1.0,0.8919000029563904
YJL134W,YCL027W,0,-6.350377,0.10080645233392715,1.0,0.8920000195503235
YMR184W,YEL036C,0,-6.350704,0.10079628974199295,1.0,0.8920999765396118
YPL118W,YKL201C,0,-6.351286,0.10078613460063934,1.0,0.8921999931335449
YMR321C,YHR081W,0,-6.351514,0.10077597200870514,1.0,0.892300009727478
YHR183W,YNL091W,0,-6.3516817,0.10076581686735153,1.0,0.8924000263214111
YOR214C,YIL023C,0,-6.3520145,0.10075566917657852,1.0,0.8924999833106995
YHR153C,YMR071C,0,-6.3526897,0.10074551403522491,1.0,0.8925999999046326
YPR122W,YFL055W,0,-6.3527145,0.1007353663444519,1.0,0.8927000164985657
YGL170C,YER150W,0,-6.3528767,0.1007252186536789,1.0,0.892799973487854
YGR155W,YGR280C,0,-6.352969,0.10071507841348648,1.0,0.8928999900817871
YJL097W,YML051W,0,-6.353075,0.10070493817329407,1.0,0.8930000066757202
YGL225W,YGL156W,0,-6.3533306,0.10069479048252106,1.0,0.8931000232696533
YOR230W,YKR065C,0,-6.353694,0.10068465769290924,1.0,0.8931999802589417
YDR296W,YNL202W,0,-6.3538427,0.10067451745271683,1.0,0.8932999968528748
YBR026C,YAL032C,0,-6.3539295,0.10066438466310501,1.0,0.8934000134468079
YCR017C,YFL029C,0,-6.3540125,0.1006542518734932,1.0,0.8934999704360962
YBL064C,YBR058C-A,0,-6.3542166,0.10064411908388138,1.0,0.8935999870300293
YGR255C,YML056C,0,-6.354821,0.10063399374485016,1.0,0.8937000036239624
YEL040W,YDR432W,0,-6.3551035,0.10062386840581894,1.0,0.8938000202178955
YLR386W,YCR011C,0,-6.355219,0.10061374306678772,1.0,0.8938999772071838
YML007W,YDR380W,0,-6.3556376,0.1006036251783371,1.0,0.8939999938011169
YGR052W,YPL211W,0,-6.355706,0.10059349983930588,1.0,0.89410001039505
YPR132W,YER096W,0,-6.3558254,0.10058338195085526,1.0,0.8942000269889832
YMR037C,YGL062W,0,-6.3561516,0.10057326406240463,1.0,0.8942999839782715
YMR241W,YKR002W,0,-6.3566017,0.1005631536245346,1.0,0.8944000005722046
YKL093W,YML088W,0,-6.3570223,0.10055304318666458,1.0,0.8945000171661377
YLR084C,YDL035C,0,-6.3573074,0.10054293274879456,1.0,0.894599974155426
YDL146W,YBR167C,0,-6.358094,0.10053282231092453,1.0,0.8946999907493591
YCR048W,YPR160W,0,-6.3581753,0.1005227193236351,1.0,0.8948000073432922
YHR062C,YJL133W,0,-6.358939,0.10051261633634567,1.0,0.8949000239372253
YPL060W,YNL072W,0,-6.359001,0.10050251334905624,1.0,0.8949999809265137
YBR205W,YPL019C,0,-6.359247,0.10049241036176682,1.0,0.8950999975204468
YJR145C,YMR297W,0,-6.3593044,0.10048231482505798,1.0,0.8952000141143799
YML128C,YFR046C,0,-6.3593388,0.10047221928834915,1.0,0.8952999711036682
YNL300W,YMR160W,0,-6.3606796,0.10046212375164032,1.0,0.8953999876976013
YHR067W,YGR157W,0,-6.3607874,0.10045203566551208,1.0,0.8955000042915344
YMR267W,YIL160C,0,-6.360895,0.10044194757938385,1.0,0.8956000208854675
YEL062W,YCR004C,0,-6.3610716,0.10043185949325562,1.0,0.8956999778747559
YMR056C,YPR020W,0,-6.361269,0.10042177140712738,1.0,0.895799994468689
YBR020W,YNR069C,0,-6.3620615,0.10041169077157974,1.0,0.8959000110626221
YBR068C,YER002W,0,-6.362609,0.1004016101360321,1.0,0.8960000276565552
YDL138W,YOR167C,0,-6.362668,0.10039152950048447,1.0,0.8960999846458435
YPL214C,YGR052W,0,-6.3631973,0.10038144886493683,1.0,0.8962000012397766
YLR008C,YGL059W,0,-6.3641872,0.10037137567996979,1.0,0.8963000178337097
YHR112C,YOR224C,0,-6.3644533,0.10036130249500275,1.0,0.896399974822998
YHR039C,YCL036W,0,-6.36456,0.1003512293100357,1.0,0.8964999914169312
YMR068W,YIR028W,0,-6.3650885,0.10034116357564926,1.0,0.8966000080108643
YKR014C,YJR063W,0,-6.365678,0.10033109039068222,1.0,0.8967000246047974
YOR126C,YPR035W,0,-6.3661737,0.10032102465629578,1.0,0.8967999815940857
YNL079C,YPR006C,0,-6.3664675,0.10031096637248993,1.0,0.8968999981880188
YDL130W,YLR399C,0,-6.3667994,0.10030090063810349,1.0,0.8970000147819519
YOL065C,YDR216W,0,-6.367511,0.10029084235429764,1.0,0.8970999717712402
YGR214W,YJR097W,0,-6.3675175,0.10028078407049179,1.0,0.8971999883651733
YEL042W,YBL093C,0,-6.368231,0.10027073323726654,1.0,0.8973000049591064
YLR178C,YOR140W,0,-6.368574,0.1002606749534607,1.0,0.8974000215530396
YOL101C,YPL017C,0,-6.369632,0.10025062412023544,1.0,0.8974999785423279
YNL125C,YBL034C,0,-6.3714123,0.10024058073759079,1.0,0.897599995136261
YDR508C,YEL077C,0,-6.371769,0.10023052990436554,1.0,0.8977000117301941
YOR175C,YHR112C,0,-6.3722706,0.10022048652172089,1.0,0.8978000283241272
YGR112W,YNL284C,0,-6.3722744,0.10021044313907623,1.0,0.8978999853134155
YGL059W,YPR181C,0,-6.37234,0.10020039975643158,1.0,0.8980000019073486
YNL331C,YKL144C,0,-6.3725996,0.10019036382436752,1.0,0.8981000185012817
YKL163W,YGL208W,0,-6.372916,0.10018032789230347,1.0,0.8981999754905701
YGL032C,YKL221W,0,-6.3732567,0.10017029196023941,1.0,0.8982999920845032
YMR298W,YBL030C,0,-6.3734703,0.10016025602817535,1.0,0.8984000086784363
YEL026W,YFR052W,0,-6.375458,0.1001502275466919,1.0,0.8985000252723694
YER141W,YHR105W,0,-6.3762016,0.10014019906520844,1.0,0.8985999822616577
YHR181W,YJR125C,0,-6.3764906,0.10013017058372498,1.0,0.8986999988555908
YBR048W,YOR321W,0,-6.376871,0.10012014210224152,1.0,0.8988000154495239
YJR078W,YOR017W,0,-6.3771553,0.10011012107133865,1.0,0.8988999724388123
YJR091C,YAL032C,0,-6.3774576,0.10010010004043579,1.0,0.8989999890327454
YEL070W,YJL062W,0,-6.3779383,0.10009007900953293,1.0,0.8991000056266785
YJL159W,YAR018C,0,-6.378332,0.10008006542921066,1.0,0.8992000222206116
YFR003C,YKL180W,0,-6.37836,0.1000700518488884,1.0,0.8992999792098999
YKL046C,YHR063C,0,-6.3784437,0.10006003826856613,1.0,0.899399995803833
YBR177C,YMR283C,0,-6.379278,0.10005002468824387,1.0,0.8995000123977661
YGL010W,YNL067W,0,-6.3796616,0.1000400185585022,1.0,0.8996000289916992
YHR143W,YHR196W,0,-6.3814583,0.10003001242876053,1.0,0.8996999859809875
YLL041C,YJR013W,0,-6.382184,0.10002000629901886,1.0,0.8998000025749207
YDL022W,YDR016C,0,-6.3828754,0.10001000016927719,1.0,0.8999000191688538
YGL158W,YJR010W,0,-6.382905,0.10000000149011612,1.0,0.8999999761581421
YJL200C,YGR289C,0,-6.382924,0.09999000281095505,1.0,0.9000999927520752
YOR348C,YAL039C,0,-6.3831177,0.09998000413179398,1.0,0.9002000093460083
YBR001C,YNR044W,0,-6.3832216,0.0999700054526329,1.0,0.9003000259399414
YMR217W,YDL174C,0,-6.3833723,0.09996001422405243,1.0,0.9003999829292297
YOR130C,YJL010C,0,-6.383377,0.09995002299547195,1.0,0.9004999995231628
YDL153C,YJL219W,0,-6.383402,0.09994003921747208,1.0,0.900600016117096
YOR311C,YPL231W,0,-6.3836155,0.0999300479888916,1.0,0.9006999731063843
YER124C,YKL117W,0,-6.3841066,0.09992006421089172,1.0,0.9007999897003174
YKR019C,YIL140W,0,-6.3841343,0.09991008043289185,1.0,0.9009000062942505
YCL033C,YJR094W-A,0,-6.384181,0.09990009665489197,1.0,0.9010000228881836
YDR285W,YDR450W,0,-6.384387,0.09989012032747269,1.0,0.9010999798774719
YER019C-A,YDR248C,0,-6.3849487,0.0998801440000534,1.0,0.901199996471405
YDR307W,YML058W-A,0,-6.384988,0.09987016767263412,1.0,0.9013000130653381
YDR349C,YBR302C,0,-6.3852043,0.09986019879579544,1.0,0.9014000296592712
YCR068W,YHR061C,0,-6.385317,0.09985022246837616,1.0,0.9014999866485596
YCL045C,YER115C,0,-6.3853827,0.09984025359153748,1.0,0.9016000032424927
YGL020C,YDR069C,0,-6.385729,0.09983029216527939,1.0,0.9017000198364258
YDR508C,YOL138C,0,-6.386508,0.0998203232884407,1.0,0.9017999768257141
YDR128W,YML073C,0,-6.3868456,0.09981036186218262,1.0,0.9018999934196472
YHR211W,YML073C,0,-6.3877373,0.09980040043592453,1.0,0.9020000100135803
YDL178W,YDR231C,0,-6.3887777,0.09979043900966644,1.0,0.9021000266075134
YNL321W,YBR156C,0,-6.388954,0.09978048503398895,1.0,0.9021999835968018
YDR077W,YCR097W,0,-6.389599,0.09977053105831146,1.0,0.9023000001907349
YAL038W,YFL014W,0,-6.3909273,0.09976057708263397,1.0,0.902400016784668
YLR207W,YPR133W-A,0,-6.3909397,0.09975062310695648,1.0,0.9024999737739563
YOR140W,YDL021W,0,-6.391101,0.09974067658185959,1.0,0.9025999903678894
YPR160W,YBL042C,0,-6.3914623,0.0997307300567627,1.0,0.9027000069618225
YKL182W,YNL297C,0,-6.3930616,0.0997207835316658,1.0,0.9028000235557556
YBR128C,YDR252W,0,-6.393299,0.09971083700656891,1.0,0.902899980545044
YBR173C,YJL092W,0,-6.3938713,0.09970089793205261,1.0,0.902999997138977
YDR263C,YJL184W,0,-6.3959675,0.09969095885753632,1.0,0.9031000137329102
YMR228W,YJL034W,0,-6.396386,0.09968101978302002,1.0,0.9031999707221985
YML032C,YOR095C,0,-6.3963947,0.09967108815908432,1.0,0.9032999873161316
YDL166C,YOR293W,0,-6.3965254,0.09966114908456802,1.0,0.9034000039100647
YDR077W,YDR026C,0,-6.3974447,0.09965121746063232,1.0,0.9035000205039978
YOR301W,YML097C,0,-6.3975267,0.09964129328727722,1.0,0.9035999774932861
YDR347W,YBR205W,0,-6.397667,0.09963136166334152,1.0,0.9036999940872192
YGL148W,YNL012W,0,-6.397681,0.09962143748998642,1.0,0.9038000106811523
YKR057W,YOR299W,0,-6.397707,0.09961151331663132,1.0,0.9039000272750854
YNL125C,YNL302C,0,-6.398014,0.09960159659385681,1.0,0.9039999842643738
YDR376W,YHR004C,0,-6.398121,0.09959167242050171,1.0,0.9041000008583069
YBR002C,YOR297C,0,-6.398408,0.0995817556977272,1.0,0.90420001745224
YER054C,YNL003C,0,-6.3986826,0.0995718389749527,1.0,0.9042999744415283
YJL192C,YOR293W,0,-6.3990355,0.09956192970275879,1.0,0.9043999910354614
YPR124W,YAL062W,0,-6.399372,0.09955201297998428,1.0,0.9045000076293945
YMR202W,YPR127W,0,-6.39958,0.09954210370779037,1.0,0.9046000242233276
YJL192C,YLR307W,0,-6.400321,0.09953220188617706,1.0,0.904699981212616
YNL075W,YPR121W,0,-6.4003305,0.09952229261398315,1.0,0.9047999978065491
YNL125C,YLR182W,0,-6.4005117,0.09951239079236984,1.0,0.9049000144004822
YER106W,YLR090W,0,-6.4007006,0.09950248897075653,1.0,0.9049999713897705
YOR073W,YDR368W,0,-6.401208,0.09949258714914322,1.0,0.9050999879837036
YGL156W,YAR031W,0,-6.4014206,0.0994826927781105,1.0,0.9052000045776367
YBL099W,YMR250W,0,-6.401572,0.09947279095649719,1.0,0.9053000211715698
YBR294W,YDR373W,0,-6.4016466,0.09946290403604507,1.0,0.9053999781608582
YOR212W,YGL077C,0,-6.402501,0.09945300966501236,1.0,0.9054999947547913
YBR287W,YGL035C,0,-6.403471,0.09944311529397964,1.0,0.9056000113487244
YPL192C,YDR233C,0,-6.404276,0.09943322837352753,1.0,0.9057000279426575
YER054C,YAL014C,0,-6.404663,0.09942334145307541,1.0,0.9057999849319458
YBR031W,YMR071C,0,-6.404664,0.09941346198320389,1.0,0.9059000015258789
YFL057C,YMR290C,0,-6.406513,0.09940357506275177,1.0,0.906000018119812
YDR079W,YDR451C,0,-6.407157,0.09939369559288025,1.0,0.9060999751091003
YER103W,YDR191W,0,-6.407275,0.09938382357358932,1.0,0.9061999917030334
YKL212W,YBR187W,0,-6.407295,0.0993739441037178,1.0,0.9063000082969666
YDL146W,YDR050C,0,-6.4077835,0.09936407208442688,1.0,0.9064000248908997
YDR084C,YGL059W,0,-6.407839,0.09935420006513596,1.0,0.906499981880188
YGR229C,YNL160W,0,-6.4087,0.09934432804584503,1.0,0.9065999984741211
YLR141W,YHR018C,0,-6.409047,0.09933445602655411,1.0,0.9067000150680542
YOR374W,YDR393W,0,-6.4093285,0.09932459145784378,1.0,0.9067999720573425
YDL061C,YHR013C,0,-6.4098625,0.09931472688913345,1.0,0.9068999886512756
YML123C,YCL026C-A,0,-6.409913,0.09930486232042313,1.0,0.9070000052452087
YGR172C,YJR105W,0,-6.4103804,0.0992950052022934,1.0,0.9071000218391418
YNL220W,YPR191W,0,-6.4105673,0.09928514808416367,1.0,0.9071999788284302
YPL079W,YDR403W,0,-6.411875,0.09927529096603394,1.0,0.9072999954223633
YDL015C,YJR088C,0,-6.4121313,0.0992654338479042,1.0,0.9074000120162964
YPR054W,YGR295C,0,-6.412156,0.09925558418035507,1.0,0.9075000286102295
YOR371C,YLL045C,0,-6.41238,0.09924573451280594,1.0,0.9075999855995178
YBL011W,YMR004W,0,-6.412841,0.0992358848452568,1.0,0.9077000021934509
YLR431C,YBL092W,0,-6.4130077,0.09922603517770767,1.0,0.907800018787384
YNL163C,YHL036W,0,-6.4141693,0.09921619296073914,1.0,0.9078999757766724
YOR201C,YER106W,0,-6.4143095,0.0992063507437706,1.0,0.9079999923706055
YOL027C,YPR200C,0,-6.4150543,0.09919650852680206,1.0,0.9081000089645386
YOR106W,YDR263C,0,-6.4157257,0.09918666630983353,1.0,0.9082000255584717
YIL136W,YIL073C,0,-6.416091,0.09917683154344559,1.0,0.90829998254776
YOR028C,YMR092C,0,-6.4169188,0.09916699677705765,1.0,0.9083999991416931
YMR161W,YPL271W,0,-6.417227,0.09915716201066971,1.0,0.9085000157356262
YMR056C,YCR069W,0,-6.4176617,0.09914733469486237,1.0,0.9085999727249146
YOR391C,YGR121C,0,-6.4181366,0.09913750737905502,1.0,0.9086999893188477
YLR084C,YPL281C,0,-6.418501,0.09912768006324768,1.0,0.9088000059127808
YDL014W,YGL103W,0,-6.418663,0.09911785274744034,1.0,0.9089000225067139
YMR068W,YGL039W,0,-6.419133,0.099108025431633,1.0,0.9089999794960022
YDR330W,YGL200C,0,-6.4196367,0.09909820556640625,1.0,0.9090999960899353
YBR170C,YGL123W,0,-6.4197626,0.0990883857011795,1.0,0.9092000126838684
YMR012W,YPR066W,0,-6.419917,0.09907856583595276,1.0,0.9093000292778015
YLR286C,YDR353W,0,-6.4200926,0.09906875342130661,1.0,0.9093999862670898
YDR137W,YGR159C,0,-6.4209595,0.09905894100666046,1.0,0.909500002861023
YDL107W,YAL062W,0,-6.4209623,0.09904912859201431,1.0,0.909600019454956
YDL148C,YGL225W,0,-6.4210453,0.09903931617736816,1.0,0.9096999764442444
YOR307C,YBR020W,0,-6.4213734,0.09902951121330261,1.0,0.9097999930381775
YDR424C,YMR021C,0,-6.4220963,0.09901970624923706,1.0,0.9099000096321106
YBR096W,YPL093W,0,-6.4226723,0.09900990128517151,1.0,0.9100000262260437
YDL120W,YCL036W,0,-6.4228477,0.09900009632110596,1.0,0.910099983215332
YDL143W,YOR310C,0,-6.422989,0.098990298807621,1.0,0.9101999998092651
YMR269W,YJR059W,0,-6.4239616,0.09898050129413605,1.0,0.9103000164031982
YGR076C,YMR135C,0,-6.4241676,0.09897070378065109,1.0,0.9103999733924866
YML104C,YJL034W,0,-6.424733,0.09896091371774673,1.0,0.9104999899864197
YLR129W,YGL208W,0,-6.4248238,0.09895111620426178,1.0,0.9106000065803528
YHR004C,YPL226W,0,-6.4249773,0.09894132614135742,1.0,0.9107000231742859
YPR102C,YPL112C,0,-6.4253235,0.09893153607845306,1.0,0.9107999801635742
YLR459W,YOR297C,0,-6.4255724,0.0989217534661293,1.0,0.9108999967575073
YCL059C,YKR009C,0,-6.42558,0.09891197085380554,1.0,0.9110000133514404
YJL063C,YLR404W,0,-6.4260006,0.09890218824148178,1.0,0.9110999703407288
YDR056C,YGR215W,0,-6.426032,0.09889240562915802,1.0,0.9111999869346619
YDR046C,YLR327C,0,-6.426196,0.09888262301683426,1.0,0.911300003528595
YPR102C,YGL208W,0,-6.426387,0.0988728478550911,1.0,0.9114000201225281
YKL144C,YKR009C,0,-6.4264555,0.09886307269334793,1.0,0.9114999771118164
YPL192C,YHR206W,0,-6.427167,0.09885330498218536,1.0,0.9115999937057495
YJL209W,YMR043W,0,-6.427182,0.0988435298204422,1.0,0.9117000102996826
YKL094W,YOL007C,0,-6.4277544,0.09883376210927963,1.0,0.9118000268936157
YGR289C,YDR414C,0,-6.4279737,0.09882399439811707,1.0,0.911899983882904
YAR019C,YGL125W,0,-6.428109,0.0988142266869545,1.0,0.9120000004768372
YIR037W,YBR172C,0,-6.4282904,0.09880446642637253,1.0,0.9121000170707703
YGR189C,YDR033W,0,-6.4289675,0.09879470616579056,1.0,0.9121999740600586
YBR026C,YOL064C,0,-6.429125,0.09878494590520859,1.0,0.9122999906539917
YDR126W,YAL024C,0,-6.4294977,0.09877518564462662,1.0,0.9124000072479248
YGR288W,YBR267W,0,-6.4296093,0.09876543283462524,1.0,0.9125000238418579
YOL120C,YGL163C,0,-6.4318256,0.09875568002462387,1.0,0.9125999808311462
YHR175W,YDR264C,0,-6.4319067,0.0987459272146225,1.0,0.9126999974250793
YOR374W,YGL021W,0,-6.4321547,0.09873617440462112,1.0,0.9128000140190125
YJR077C,YBR244W,0,-6.43217,0.09872642904520035,1.0,0.9128999710083008
YDR017C,YGL250W,0,-6.4323797,0.09871668368577957,1.0,0.9129999876022339
YBL045C,YGR189C,0,-6.432617,0.0987069383263588,1.0,0.913100004196167
YDR508C,YDR169C,0,-6.432727,0.09869720041751862,1.0,0.9132000207901001
YBR201W,YML008C,0,-6.4334326,0.09868745505809784,1.0,0.9132999777793884
YML048W,YLR077W,0,-6.433564,0.09867771714925766,1.0,0.9133999943733215
YOR182C,YER153C,0,-6.4346247,0.09866797924041748,1.0,0.9135000109672546
YBR298C,YJR127C,0,-6.435112,0.0986582487821579,1.0,0.9136000275611877
YKL212W,YIL160C,0,-6.435609,0.09864851832389832,1.0,0.9136999845504761
YDL061C,YMR277W,0,-6.435752,0.09863878786563873,1.0,0.9138000011444092
YBR302C,YNL335W,0,-6.4359503,0.09862905740737915,1.0,0.9139000177383423
YHL024W,YHL016C,0,-6.4360437,0.09861932694911957,1.0,0.9139999747276306
YLR110C,YDR158W,0,-6.4366465,0.09860960394144058,1.0,0.9140999913215637
YPR113W,YKL034W,0,-6.4368095,0.0985998809337616,1.0,0.9142000079154968
YOR373W,YJL100W,0,-6.4372463,0.09859015792608261,1.0,0.9143000245094299
YNR041C,YNL274C,0,-6.437352,0.09858044236898422,1.0,0.9143999814987183
YNL256W,YGL180W,0,-6.437642,0.09857072681188583,1.0,0.9144999980926514
YML024W,YBR128C,0,-6.4383497,0.09856101125478745,1.0,0.9146000146865845
YLR340W,YCR009C,0,-6.4385023,0.09855129569768906,1.0,0.9146999716758728
YOL013C,YJL170C,0,-6.4387045,0.09854158759117126,1.0,0.9147999882698059
YOR063W,YLL055W,0,-6.439686,0.09853187203407288,1.0,0.914900004863739
YOR348C,YLR240W,0,-6.439996,0.09852216392755508,1.0,0.9150000214576721
YPL192C,YGR108W,0,-6.44048,0.09851246327161789,1.0,0.9150999784469604
YDR488C,YLR364W,0,-6.440523,0.0985027551651001,1.0,0.9151999950408936
YMR162C,YGL059W,0,-6.441203,0.0984930545091629,1.0,0.9153000116348267
YHR039C,YDR047W,0,-6.441903,0.09848335385322571,1.0,0.9154000282287598
YMR143W,YPL015C,0,-6.442402,0.09847366064786911,1.0,0.9154999852180481
YDL112W,YHR196W,0,-6.442815,0.09846395999193192,1.0,0.9156000018119812
YOL147C,YNL152W,0,-6.4431047,0.09845426678657532,1.0,0.9157000184059143
YJL166W,YGL077C,0,-6.443329,0.09844457358121872,1.0,0.9157999753952026
YNL078W,YBR230C,0,-6.444319,0.09843488782644272,1.0,0.9158999919891357
YKL119C,YOR083W,0,-6.4444885,0.09842519462108612,1.0,0.9160000085830688
YDL044C,YDL052C,0,-6.4449863,0.09841550886631012,1.0,0.916100025177002
YBR276C,YMR291W,0,-6.445176,0.09840582311153412,1.0,0.9161999821662903
YPR024W,YCR069W,0,-6.4456387,0.09839614480733871,1.0,0.9162999987602234
YMR272C,YGL229C,0,-6.4456854,0.09838645905256271,1.0,0.9164000153541565
YGR264C,YKR097W,0,-6.4468117,0.09837678074836731,1.0,0.9164999723434448
YNL046W,YBR164C,0,-6.447832,0.0983671024441719,1.0,0.9165999889373779
YNL098C,YLR142W,0,-6.4489107,0.0983574315905571,1.0,0.916700005531311
YCR048W,YGL244W,0,-6.449188,0.09834776073694229,1.0,0.9168000221252441
YJR145C,YJR021C,0,-6.4494553,0.09833808988332748,1.0,0.9168999791145325
YGR179C,YFL014W,0,-6.450033,0.09832841902971268,1.0,0.9169999957084656
YGL147C,YMR247C,0,-6.450078,0.09831874817609787,1.0,0.9171000123023987
YLR014C,YBL075C,0,-6.4510555,0.09830908477306366,1.0,0.9172000288963318
YGR061C,YMR004W,0,-6.4523535,0.09829942137002945,1.0,0.9172999858856201
YMR323W,YNL087W,0,-6.4533463,0.09828975796699524,1.0,0.9174000024795532
YOR310C,YLL028W,0,-6.4536047,0.09828009456396103,1.0,0.9175000190734863
YDR162C,YJR137C,0,-6.454297,0.09827043861150742,1.0,0.9175999760627747
YPL246C,YJL141C,0,-6.454376,0.0982607826590538,1.0,0.9176999926567078
YNL096C,YNR057C,0,-6.454959,0.09825112670660019,1.0,0.9178000092506409
YGR234W,YJL144W,0,-6.4565125,0.09824147820472717,1.0,0.917900025844574
YBR002C,YNR051C,0,-6.457513,0.09823182970285416,1.0,0.9179999828338623
YMR113W,YOR155C,0,-6.457757,0.09822218120098114,1.0,0.9180999994277954
YOR369C,YJL062W,0,-6.45823,0.09821253269910812,1.0,0.9182000160217285
YDR508C,YML097C,0,-6.458807,0.09820288419723511,1.0,0.9182999730110168
YNL027W,YOR317W,0,-6.459219,0.09819324314594269,1.0,0.91839998960495
YHR176W,YOL127W,0,-6.460252,0.09818360209465027,1.0,0.9185000061988831
YOL058W,YLR240W,0,-6.4605207,0.09817396104335785,1.0,0.9186000227928162
YDR252W,YKL130C,0,-6.461048,0.09816432744264603,1.0,0.9186999797821045
YBR102C,YDR492W,0,-6.461232,0.0981546938419342,1.0,0.9187999963760376
YNL002C,YLR073C,0,-6.4615307,0.09814506024122238,1.0,0.9189000129699707
YDR281C,YGL158W,0,-6.4615984,0.09813542664051056,1.0,0.9190000295639038
YGR214W,YER055C,0,-6.4620056,0.09812580049037933,1.0,0.9190999865531921
YDL215C,YLR353W,0,-6.4622326,0.09811616688966751,1.0,0.9192000031471252
YGR247W,YDL061C,0,-6.4622526,0.09810654073953629,1.0,0.9193000197410583
YPL092W,YDR252W,0,-6.4634266,0.09809692203998566,1.0,0.9193999767303467
YDR030C,YGR240C,0,-6.465831,0.09808729588985443,1.0,0.9194999933242798
YPR001W,YDL168W,0,-6.466302,0.0980776771903038,1.0,0.9196000099182129
YHR026W,YJR033C,0,-6.4682903,0.09806805849075317,1.0,0.919700026512146
YBR083W,YKL103C,0,-6.4691296,0.09805843979120255,1.0,0.9197999835014343
YNL008C,YBL082C,0,-6.4699697,0.09804882854223251,1.0,0.9199000000953674
YER165W,YDR341C,0,-6.4702454,0.09803921729326248,1.0,0.9200000166893005
YDR450W,YOL156W,0,-6.4707108,0.09802960604429245,1.0,0.9200999736785889
YPR091C,YNR017W,0,-6.470811,0.09801999479532242,1.0,0.920199990272522
YDR258C,YPL157W,0,-6.4710865,0.09801039099693298,1.0,0.9203000068664551
YEL043W,YMR022W,0,-6.4720163,0.09800078719854355,1.0,0.9204000234603882
YGR221C,YBR136W,0,-6.4721556,0.09799118340015411,1.0,0.9204999804496765
YDL104C,YGL200C,0,-6.4726934,0.09798157960176468,1.0,0.9205999970436096
YLR389C,YLR029C,0,-6.472701,0.09797198325395584,1.0,0.9207000136375427
YGL229C,YPL226W,0,-6.4742355,0.0979623794555664,1.0,0.920799970626831
YDR281C,YLL029W,0,-6.4746304,0.09795278310775757,1.0,0.9208999872207642
YBR296C,YMR052W,0,-6.475214,0.09794319421052933,1.0,0.9210000038146973
YNL241C,YIR005W,0,-6.475251,0.09793359786272049,1.0,0.9211000204086304
YOR175C,YPL188W,0,-6.476141,0.09792400896549225,1.0,0.9211999773979187
YJL141C,YDR510W,0,-6.476657,0.09791442006826401,1.0,0.9212999939918518
YDR307W,YGR191W,0,-6.4769363,0.09790483862161636,1.0,0.9214000105857849
YLR121C,YNL071W,0,-6.478158,0.09789524972438812,1.0,0.921500027179718
YPR047W,YBR125C,0,-6.4786224,0.09788566827774048,1.0,0.9215999841690063
YDR380W,YBL069W,0,-6.478691,0.09787608683109283,1.0,0.9217000007629395
YOL041C,YNL232W,0,-6.479602,0.09786651283502579,1.0,0.9218000173568726
YDL107W,YML075C,0,-6.4801865,0.09785693138837814,1.0,0.9218999743461609
YER053C,YNL291C,0,-6.48075,0.0978473573923111,1.0,0.921999990940094
YNL270C,YOL104C,0,-6.481634,0.09783778339624405,1.0,0.9221000075340271
YNL117W,YML032C,0,-6.481822,0.0978282168507576,1.0,0.9222000241279602
YOR307C,YIL079C,0,-6.48186,0.09781864285469055,1.0,0.9222999811172485
YPL240C,YDR144C,0,-6.4819965,0.0978090763092041,1.0,0.9223999977111816
YBR257W,YIL162W,0,-6.4821024,0.09779950976371765,1.0,0.9225000143051147
YLR120C,YMR264W,0,-6.4822493,0.0977899506688118,1.0,0.9225999712944031
YLR050C,YDR134C,0,-6.4823513,0.09778038412332535,1.0,0.9226999878883362
YOR020C,YHR123W,0,-6.4828873,0.0977708250284195,1.0,0.9228000044822693
YKL096W,YHR105W,0,-6.4850626,0.09776126593351364,1.0,0.9229000210762024
YLR330W,YBR006W,0,-6.4856405,0.09775171428918839,1.0,0.9229999780654907
YDR450W,YHR018C,0,-6.485816,0.09774215519428253,1.0,0.9230999946594238
YGR214W,YGR255C,0,-6.48635,0.09773260354995728,1.0,0.9232000112533569
YNL280C,YLR433C,0,-6.486432,0.09772305190563202,1.0,0.92330002784729
YNR001C,YHL016C,0,-6.4866295,0.09771350771188736,1.0,0.9233999848365784
YLR233C,YCR004C,0,-6.486802,0.0977039560675621,1.0,0.9235000014305115
YDR383C,YJL177W,0,-6.4868298,0.09769441187381744,1.0,0.9236000180244446
YLR362W,YHR215W,0,-6.4886208,0.09768486768007278,1.0,0.9236999750137329
YKL078W,YKL172W,0,-6.48897,0.09767533093690872,1.0,0.923799991607666
YLR348C,YKL035W,0,-6.490385,0.09766578674316406,1.0,0.9239000082015991
YNL178W,YPL157W,0,-6.4916973,0.09765625,1.0,0.9240000247955322
YGR286C,YLR174W,0,-6.491872,0.09764671325683594,1.0,0.9240999817848206
YDR297W,YGL178W,0,-6.4922285,0.09763717651367188,1.0,0.9241999983787537
YIL133C,YKR086W,0,-6.492671,0.09762764722108841,1.0,0.9243000149726868
YCR048W,YDL207W,0,-6.4942207,0.09761811792850494,1.0,0.9243999719619751
YGR061C,YLR070C,0,-6.4948263,0.09760858863592148,1.0,0.9244999885559082
YMR012W,YNL014W,0,-6.4952593,0.09759905934333801,1.0,0.9246000051498413
YKL143W,YGL141W,0,-6.4964104,0.09758953750133514,1.0,0.9247000217437744
YCR026C,YDR233C,0,-6.4964285,0.09758001565933228,1.0,0.9247999787330627
YJR145C,YHR102W,0,-6.4966516,0.0975704938173294,1.0,0.9248999953269958
YOR375C,YOR197W,0,-6.497423,0.09756097197532654,1.0,0.925000011920929
YEL065W,YBR072W,0,-6.497506,0.09755145758390427,1.0,0.9251000285148621
YPR160W,YLR088W,0,-6.4977503,0.097541943192482,1.0,0.9251999855041504
YER083C,YIL170W,0,-6.498204,0.09753242880105972,1.0,0.9253000020980835
YIL111W,YNL163C,0,-6.4983177,0.09752291440963745,1.0,0.9254000186920166
YLR398C,YNL148C,0,-6.498826,0.09751340746879578,1.0,0.9254999756813049
YNR036C,YJL219W,0,-6.499012,0.0975039005279541,1.0,0.925599992275238
YLR042C,YJR112W,0,-6.4991617,0.09749439358711243,1.0,0.9257000088691711
YHL024W,YDR538W,0,-6.499604,0.09748488664627075,1.0,0.9258000254631042
YPR183W,YDR169C,0,-6.4998055,0.09747538715600967,1.0,0.9258999824523926
YDL085W,YJR144W,0,-6.500513,0.0974658876657486,1.0,0.9259999990463257
YOR369C,YNR051C,0,-6.5006104,0.09745638817548752,1.0,0.9261000156402588
YMR011W,YKR086W,0,-6.501152,0.09744688868522644,1.0,0.9261999726295471
YPL183W-A,YOR230W,0,-6.501566,0.09743739664554596,1.0,0.9262999892234802
YNR021W,YPR181C,0,-6.501625,0.09742790460586548,1.0,0.9264000058174133
YDL052C,YJR032W,0,-6.5020227,0.097418412566185,1.0,0.9265000224113464
YOR347C,YIL034C,0,-6.5034084,0.09740892052650452,1.0,0.9265999794006348
YDR205W,YGR177C,0,-6.50439,0.09739943593740463,1.0,0.9266999959945679
YFL053W,YMR142C,0,-6.504777,0.09738995134830475,1.0,0.926800012588501
YBR228W,YGL123W,0,-6.5049667,0.09738046675920486,1.0,0.9269000291824341
YNR026C,YBL024W,0,-6.5052166,0.09737098217010498,1.0,0.9269999861717224
YMR296C,YHR001W,0,-6.505275,0.0973615050315857,1.0,0.9271000027656555
YJL100W,YLR225C,0,-6.506172,0.0973520278930664,1.0,0.9272000193595886
YER039C,YOR278W,0,-6.506442,0.09734255075454712,1.0,0.927299976348877
YMR058W,YMR184W,0,-6.5068226,0.09733307361602783,1.0,0.9273999929428101
YEL011W,YNL282W,0,-6.5082407,0.09732360392808914,1.0,0.9275000095367432
YJL060W,YDL191W,0,-6.5087442,0.09731412678956985,1.0,0.9276000261306763
YEL065W,YOR003W,0,-6.5087976,0.09730466455221176,1.0,0.9276999831199646
YPL087W,YER006W,0,-6.509778,0.09729519486427307,1.0,0.9277999997138977
YGL226C-A,YKR002W,0,-6.5108776,0.09728572517633438,1.0,0.9279000163078308
YNR015W,YDL204W,0,-6.5114307,0.09727626293897629,1.0,0.9279999732971191
YNR013C,YCR052W,0,-6.5119896,0.0972668007016182,1.0,0.9280999898910522
YMR079W,YOR374W,0,-6.512005,0.0972573459148407,1.0,0.9282000064849854
YKR061W,YJL145W,0,-6.5148077,0.0972478836774826,1.0,0.9283000230789185
YDL232W,YGL210W,0,-6.5154305,0.09723842889070511,1.0,0.9283999800682068
YML072C,YDL214C,0,-6.5154467,0.09722897410392761,1.0,0.9284999966621399
YOR188W,YHR196W,0,-6.5157747,0.09721951931715012,1.0,0.928600013256073
YDR144C,YCL034W,0,-6.516199,0.09721007198095322,1.0,0.9286999702453613
YJR155W,YHR043C,0,-6.5171604,0.09720062464475632,1.0,0.9287999868392944
YMR058W,YPL094C,0,-6.5175085,0.09719117730855942,1.0,0.9289000034332275
YDR411C,YOL003C,0,-6.518059,0.09718172997236252,1.0,0.9290000200271606
YKL008C,YIL093C,0,-6.5183926,0.09717229008674622,1.0,0.929099977016449
YMR128W,YJL133W,0,-6.5196486,0.09716284275054932,1.0,0.9291999936103821
YGR221C,YCR077C,0,-6.5199556,0.09715340286493301,1.0,0.9293000102043152
YKL217W,YER133W,0,-6.5209036,0.09714397042989731,1.0,0.9294000267982483
YOR374W,YLR205C,0,-6.5211744,0.097134530544281,1.0,0.9294999837875366
YGR194C,YJL020C,0,-6.5211773,0.0971250981092453,1.0,0.9296000003814697
YNR013C,YOR393W,0,-6.521759,0.0971156656742096,1.0,0.9297000169754028
YJL138C,YNL175C,0,-6.522052,0.09710623323917389,1.0,0.9297999739646912
YBR297W,YMR071C,0,-6.522813,0.09709680825471878,1.0,0.9298999905586243
YJL172W,YGR096W,0,-6.524951,0.09708737581968307,1.0,0.9300000071525574
YMR104C,YNL121C,0,-6.525511,0.09707795083522797,1.0,0.9301000237464905
YGR289C,YDL195W,0,-6.5267925,0.09706853330135345,1.0,0.9301999807357788
YHR045W,YMR043W,0,-6.527334,0.09705910831689835,1.0,0.9302999973297119
YER115C,YNL148C,0,-6.527994,0.09704969078302383,1.0,0.930400013923645
YPL110C,YBL078C,0,-6.52942,0.09704027324914932,1.0,0.9304999709129333
YOL086C,YPL258C,0,-6.5294876,0.09703085571527481,1.0,0.9305999875068665
YGR118W,YML005W,0,-6.529748,0.0970214381814003,1.0,0.9307000041007996
YML048W,YKR050W,0,-6.5310593,0.09701202809810638,1.0,0.9308000206947327
YDR508C,YOR046C,0,-6.5316133,0.09700261801481247,1.0,0.930899977684021
YLL054C,YOR377W,0,-6.5321655,0.09699320793151855,1.0,0.9309999942779541
YDR347W,YLR348C,0,-6.533435,0.09698380529880524,1.0,0.9311000108718872
YGR221C,YMR080C,0,-6.533469,0.09697439521551132,1.0,0.9312000274658203
YHR082C,YNL088W,0,-6.5341415,0.096964992582798,1.0,0.9312999844551086
YDL128W,YIL027C,0,-6.5342817,0.09695559740066528,1.0,0.9314000010490417
YER126C,YMR008C,0,-6.5356207,0.09694619476795197,1.0,0.9315000176429749
YMR068W,YGR123C,0,-6.5361176,0.09693679958581924,1.0,0.9315999746322632
YKL084W,YHR116W,0,-6.536175,0.09692740440368652,1.0,0.9316999912261963
YBL011W,YKL001C,0,-6.536209,0.0969180092215538,1.0,0.9318000078201294
YPR181C,YKL148C,0,-6.536907,0.09690861403942108,1.0,0.9319000244140625
YHR007C,YMR270C,0,-6.5369806,0.09689922630786896,1.0,0.9319999814033508
YKL218C,YHR117W,0,-6.538249,0.09688983857631683,1.0,0.9320999979972839
YFR041C,YJR160C,0,-6.538912,0.09688045084476471,1.0,0.932200014591217
YHR065C,YLR240W,0,-6.539073,0.09687106311321259,1.0,0.9322999715805054
YLR276C,YDL024C,0,-6.5391226,0.09686168283224106,1.0,0.9323999881744385
YLR300W,YDR481C,0,-6.539276,0.09685230255126953,1.0,0.9325000047683716
YOR374W,YJR076C,0,-6.5393057,0.096842922270298,1.0,0.9326000213623047
YNL241C,YGL156W,0,-6.539482,0.09683354198932648,1.0,0.932699978351593
YBR084W,YMR323W,0,-6.53965,0.09682416915893555,1.0,0.9327999949455261
YPL079W,YKR066C,0,-6.5399494,0.09681479632854462,1.0,0.9329000115394592
YMR100W,YBR230C,0,-6.540612,0.09680542349815369,1.0,0.9330000281333923
YBR132C,YPL258C,0,-6.5411167,0.09679605066776276,1.0,0.9330999851226807
YER011W,YGL206C,0,-6.541195,0.09678668528795242,1.0,0.9332000017166138
YHR102W,YOR206W,0,-6.542204,0.09677731245756149,1.0,0.9333000183105469
YGR034W,YML094W,0,-6.5470095,0.09676794707775116,1.0,0.9333999752998352
YMR292W,YPR004C,0,-6.5472727,0.09675858914852142,1.0,0.9334999918937683
YLR203C,YJR152W,0,-6.547429,0.09674922376871109,1.0,0.9336000084877014
YKL120W,YMR291W,0,-6.548973,0.09673986583948135,1.0,0.9337000250816345
YML125C,YLR256W,0,-6.549081,0.09673050791025162,1.0,0.9337999820709229
YML054C,YDR382W,0,-6.549099,0.09672114998102188,1.0,0.933899998664856
YNR051C,YIL113W,0,-6.5494165,0.09671179950237274,1.0,0.9340000152587891
YPL206C,YNL061W,0,-6.549609,0.0967024490237236,1.0,0.9340999722480774
YLR050C,YMR150C,0,-6.5511656,0.09669309854507446,1.0,0.9341999888420105
YHR181W,YOR120W,0,-6.551796,0.09668374806642532,1.0,0.9343000054359436
YMR058W,YGR159C,0,-6.5523844,0.09667439758777618,1.0,0.9344000220298767
YJR004C,YGR189C,0,-6.553172,0.09666505455970764,1.0,0.934499979019165
YAL003W,YOR054C,0,-6.5534496,0.0966557115316391,1.0,0.9345999956130981
YDL051W,YJL020C,0,-6.554267,0.09664636850357056,1.0,0.9347000122070312
YNL099C,YJR127C,0,-6.554819,0.09663703292608261,1.0,0.9348000288009644
YLR050C,YGR090W,0,-6.5549345,0.09662768989801407,1.0,0.9348999857902527
YDR141C,YOR375C,0,-6.5550795,0.09661835432052612,1.0,0.9350000023841858
YGL001C,YLR117C,0,-6.556658,0.09660902619361877,1.0,0.9351000189781189
YNL149C,YLR330W,0,-6.5570574,0.09659969061613083,1.0,0.9351999759674072
YIL111W,YPL084W,0,-6.5572996,0.09659036248922348,1.0,0.9352999925613403
YEL065W,YOR095C,0,-6.5576143,0.09658103436231613,1.0,0.9354000091552734
YCR011C,YOL111C,0,-6.559228,0.09657170623540878,1.0,0.9355000257492065
YBR106W,YIR005W,0,-6.5594654,0.09656237810850143,1.0,0.9355999827384949
YNL274C,YLR003C,0,-6.559476,0.09655305743217468,1.0,0.935699999332428
YHR136C,YGL233W,0,-6.559679,0.09654373675584793,1.0,0.9358000159263611
YJR094W-A,YER017C,0,-6.560587,0.09653441607952118,1.0,0.9358999729156494
YML125C,YJL079C,0,-6.5606623,0.09652509540319443,1.0,0.9359999895095825
YJL219W,YHR196W,0,-6.561473,0.09651578217744827,1.0,0.9361000061035156
YKL093W,YBR175W,0,-6.561784,0.09650646895170212,1.0,0.9362000226974487
YBR002C,YJL190C,0,-6.5622606,0.09649715572595596,1.0,0.9362999796867371
YER110C,YDR120C,0,-6.5633354,0.09648784250020981,1.0,0.9363999962806702
YJR151C,YJR138W,0,-6.5645866,0.09647853672504425,1.0,0.9365000128746033
YJR135W-A,YBR072W,0,-6.56464,0.0964692234992981,1.0,0.9366000294685364
YJL166W,YDL110C,0,-6.565048,0.09645991772413254,1.0,0.9366999864578247
YKL180W,YEL016C,0,-6.565423,0.09645061939954758,1.0,0.9368000030517578
YIL078W,YIL020C,0,-6.5655956,0.09644131362438202,1.0,0.9369000196456909
YIL065C,YMR266W,0,-6.5656347,0.09643201529979706,1.0,0.9369999766349792
YGR221C,YGR289C,0,-6.56647,0.0964227169752121,1.0,0.9370999932289124
YBR039W,YDR038C,0,-6.5672655,0.09641341865062714,1.0,0.9372000098228455
YLL023C,YGR191W,0,-6.5679474,0.09640412777662277,1.0,0.9373000264167786
YML048W,YPL265W,0,-6.5680113,0.09639483690261841,1.0,0.9373999834060669
YOR035C,YDR074W,0,-6.568331,0.09638553857803345,1.0,0.9375
YDL148C,YPR041W,0,-6.568512,0.09637625515460968,1.0,0.9376000165939331
YDL014W,YDR421W,0,-6.569297,0.09636696428060532,1.0,0.9376999735832214
YDR205W,YNL069C,0,-6.569833,0.09635768085718155,1.0,0.9377999901771545
YJL192C,YDR330W,0,-6.5699825,0.09634839743375778,1.0,0.9379000067710876
YMR139W,YPL170W,0,-6.571246,0.09633911401033401,1.0,0.9380000233650208
YJL048C,YIL039W,0,-6.571785,0.09632983058691025,1.0,0.9380999803543091
YHR132C,YLR327C,0,-6.5720224,0.09632055461406708,1.0,0.9381999969482422
YMR197C,YNL124W,0,-6.572175,0.09631127864122391,1.0,0.9383000135421753
YDR001C,YJL008C,0,-6.57298,0.09630200266838074,1.0,0.9383999705314636
YHR045W,YBR230C,0,-6.5740204,0.09629272669553757,1.0,0.9384999871253967
YDL049C,YGL257C,0,-6.575947,0.096283458173275,1.0,0.9386000037193298
YGL250W,YML113W,0,-6.5773067,0.09627418965101242,1.0,0.9387000203132629
YDR255C,YPL027W,0,-6.577429,0.09626492112874985,1.0,0.9387999773025513
YLL061W,YAR003W,0,-6.578149,0.09625565260648727,1.0,0.9388999938964844
YDR508C,YHR164C,0,-6.578906,0.0962463915348053,1.0,0.9390000104904175
YJL091C,YKL206C,0,-6.5793743,0.09623713046312332,1.0,0.9391000270843506
YJR010C-A,YKL091C,0,-6.5795374,0.09622786939144135,1.0,0.9391999840736389
YLR341W,YKL213C,0,-6.579973,0.09621860831975937,1.0,0.939300000667572
YKR019C,YHL040C,0,-6.5802383,0.09620935469865799,1.0,0.9394000172615051
YPR018W,YGR225W,0,-6.58088,0.09620009362697601,1.0,0.9394999742507935
YNL178W,YGL043W,0,-6.5822277,0.09619084000587463,1.0,0.9395999908447266
YDL191W,YDL215C,0,-6.583308,0.09618159383535385,1.0,0.9397000074386597
YMR029C,YEL038W,0,-6.5833473,0.09617234021425247,1.0,0.9398000240325928
YER168C,YLR286C,0,-6.5839834,0.09616309404373169,1.0,0.9398999810218811
YJL095W,YOL147C,0,-6.585949,0.09615384787321091,1.0,0.9399999976158142
YPR082C,YNL280C,0,-6.5865803,0.09614460170269012,1.0,0.9401000142097473
YOR047C,YHR094C,0,-6.5867596,0.09613535553216934,1.0,0.9401999711990356
YGL156W,YLR370C,0,-6.5870686,0.09612611681222916,1.0,0.9402999877929688
YHL024W,YDR247W,0,-6.58762,0.09611687809228897,1.0,0.9404000043869019
YNL274C,YDR432W,0,-6.588108,0.09610763937234879,1.0,0.940500020980835
YJR004C,YOR010C,0,-6.588249,0.0960984081029892,1.0,0.9405999779701233
YDL200C,YGR191W,0,-6.5882826,0.09608916938304901,1.0,0.9406999945640564
YPL270W,YGL141W,0,-6.58873,0.09607993811368942,1.0,0.9408000111579895
YDR060W,YPL226W,0,-6.5894737,0.09607070684432983,1.0,0.9409000277519226
YDR225W,YDL021W,0,-6.5898476,0.09606148302555084,1.0,0.9409999847412109
YPR160W,YBR216C,0,-6.589902,0.09605225175619125,1.0,0.941100001335144
YLR070C,YDR030C,0,-6.5900574,0.09604302793741226,1.0,0.9412000179290771
YKL096W,YBR154C,0,-6.59035,0.09603380411863327,1.0,0.9412999749183655
YLR110C,YBL082C,0,-6.590415,0.09602458029985428,1.0,0.9413999915122986
YKL178C,YNL005C,0,-6.5913763,0.09601536393165588,1.0,0.9415000081062317
YDL082W,YLR222C,0,-6.592991,0.09600614756345749,1.0,0.9416000247001648
YDR379W,YOR375C,0,-6.5940475,0.0959969311952591,1.0,0.9416999816894531
YBR002C,YDL208W,0,-6.5945444,0.0959877148270607,1.0,0.9417999982833862
YMR137C,YML042W,0,-6.595312,0.0959784984588623,1.0,0.9419000148773193
YDL049C,YPR181C,0,-6.5959215,0.0959692895412445,1.0,0.9419999718666077
YPR063C,YDR224C,0,-6.5960846,0.09596008062362671,1.0,0.9420999884605408
YER185W,YML008C,0,-6.59634,0.09595087170600891,1.0,0.9422000050544739
YLR285W,YER054C,0,-6.597249,0.09594167023897171,1.0,0.942300021648407
YGR049W,YIL070C,0,-6.599122,0.09593246132135391,1.0,0.9423999786376953
YBR290W,YER088C,0,-6.599221,0.09592325985431671,1.0,0.9424999952316284
YGL008C,YHR164C,0,-6.599449,0.09591405838727951,1.0,0.9426000118255615
YKL126W,YPR016C,0,-6.5995684,0.0959048643708229,1.0,0.9427000284194946
YGL121C,YEL038W,0,-6.5996056,0.0958956629037857,1.0,0.942799985408783
YNL323W,YGR157W,0,-6.599696,0.0958864688873291,1.0,0.9429000020027161
YOR348C,YKL213C,0,-6.5999994,0.0958772748708725,1.0,0.9430000185966492
YBR110W,YPR001W,0,-6.6031294,0.09586808830499649,1.0,0.9430999755859375
YDL215C,YKL156W,0,-6.604476,0.09585889428853989,1.0,0.9431999921798706
YGL179C,YNL002C,0,-6.6055,0.09584970772266388,1.0,0.9433000087738037
YOR311C,YNL153C,0,-6.6063366,0.09584052115678787,1.0,0.9434000253677368
YDR064W,YKR046C,0,-6.607501,0.09583133459091187,1.0,0.9434999823570251
YEL026W,YAL016W,0,-6.608574,0.09582215547561646,1.0,0.9435999989509583
YDR056C,YMR039C,0,-6.6092033,0.09581297636032104,1.0,0.9437000155448914
YJL192C,YNL231C,0,-6.6096067,0.09580379724502563,1.0,0.9437999725341797
YOR339C,YER012W,0,-6.6102104,0.09579461812973022,1.0,0.9438999891281128
YGR163W,YPL032C,0,-6.61281,0.09578543901443481,1.0,0.9440000057220459
YFR015C,YEL070W,0,-6.6138372,0.09577626734972,1.0,0.944100022315979
YNL306W,YDR511W,0,-6.6150656,0.09576709568500519,1.0,0.9441999793052673
YJR019C,YIL034C,0,-6.615265,0.09575792402029037,1.0,0.9442999958992004
YPL249C,YOR140W,0,-6.616599,0.09574875235557556,1.0,0.9444000124931335
YAR008W,YGR077C,0,-6.6175947,0.09573958814144135,1.0,0.9445000290870667
YLR097C,YNL210W,0,-6.6179237,0.09573042392730713,1.0,0.944599986076355
YOR035C,YOL077C,0,-6.6187725,0.09572125971317291,1.0,0.9447000026702881
YJL198W,YIR005W,0,-6.619422,0.0957120954990387,1.0,0.9448000192642212
YMR170C,YGR200C,0,-6.6197433,0.09570293873548508,1.0,0.9448999762535095
YDR085C,YBL092W,0,-6.620492,0.09569378197193146,1.0,0.9449999928474426
YLR380W,YMR302C,0,-6.620616,0.09568462520837784,1.0,0.9451000094413757
YBR229C,YER070W,0,-6.6222086,0.09567546844482422,1.0,0.9452000260353088
YOR362C,YAL061W,0,-6.622305,0.0956663191318512,1.0,0.9452999830245972
YNL002C,YOL140W,0,-6.6227694,0.09565716236829758,1.0,0.9453999996185303
YAL060W,YIL079C,0,-6.624323,0.09564801305532455,1.0,0.9455000162124634
YDR382W,YMR021C,0,-6.624771,0.09563887119293213,1.0,0.9455999732017517
YBR050C,YKL020C,0,-6.625684,0.0956297218799591,1.0,0.9456999897956848
YMR116C,YDR496C,0,-6.6273146,0.09562058001756668,1.0,0.9458000063896179
YNL207W,YIL097W,0,-6.627488,0.09561143815517426,1.0,0.945900022983551
YAL058W,YKL035W,0,-6.629034,0.09560229629278183,1.0,0.9459999799728394
YHR019C,YNL209W,0,-6.629698,0.0955931544303894,1.0,0.9460999965667725
YDL095W,YDR229W,0,-6.6297026,0.09558402001857758,1.0,0.9462000131607056
YDL150W,YDL021W,0,-6.6297398,0.09557488560676575,1.0,0.9463000297546387
YDL079C,YIL136W,0,-6.631613,0.09556575119495392,1.0,0.946399986743927
YPL220W,YOR382W,0,-6.6316423,0.09555661678314209,1.0,0.9465000033378601
YKL146W,YNL016W,0,-6.6318398,0.09554748982191086,1.0,0.9466000199317932
YOR176W,YPR042C,0,-6.6318617,0.09553835541009903,1.0,0.9466999769210815
YBR171W,YKL091C,0,-6.6327477,0.0955292284488678,1.0,0.9467999935150146
YDL049C,YDR082W,0,-6.6333256,0.09552010893821716,1.0,0.9469000101089478
YPR145W,YIL111W,0,-6.633919,0.09551098197698593,1.0,0.9470000267028809
YDR086C,YMR189W,0,-6.6341286,0.0955018624663353,1.0,0.9470999836921692
YNL163C,YEL041W,0,-6.6347647,0.09549274295568466,1.0,0.9472000002861023
YLR359W,YGL133W,0,-6.635186,0.09548362344503403,1.0,0.9473000168800354
YDR320C,YDR342C,0,-6.63673,0.09547451138496399,1.0,0.9473999738693237
YIL072W,YDR465C,0,-6.6372614,0.09546539187431335,1.0,0.9474999904632568
YPL086C,YFL034C-A,0,-6.6373806,0.09545627981424332,1.0,0.9476000070571899
YOR313C,YGL181W,0,-6.6383,0.09544716775417328,1.0,0.947700023651123
YDL213C,YDR380W,0,-6.6388826,0.09543806314468384,1.0,0.9477999806404114
YDR233C,YGR169C,0,-6.639349,0.0954289510846138,1.0,0.9478999972343445
YLR050C,YHR069C,0,-6.6393623,0.09541984647512436,1.0,0.9480000138282776
YOL101C,YDR285W,0,-6.639963,0.09541074186563492,1.0,0.9480999708175659
YDL212W,YMR319C,0,-6.6409845,0.09540163725614548,1.0,0.948199987411499
YPL220W,YOL077C,0,-6.6417303,0.09539254009723663,1.0,0.9483000040054321
YDR302W,YHR209W,0,-6.642951,0.09538344293832779,1.0,0.9484000205993652
YAL031C,YPL230W,0,-6.643344,0.09537434577941895,1.0,0.9484999775886536
YOR063W,YLR028C,0,-6.6447268,0.0953652486205101,1.0,0.9485999941825867
YAL060W,YGL153W,0,-6.645653,0.09535615891218185,1.0,0.9487000107765198
YCR026C,YOL086C,0,-6.646365,0.09534706175327301,1.0,0.9488000273704529
YGR285C,YOR348C,0,-6.6478186,0.09533797204494476,1.0,0.9488999843597412
YJR143C,YJR160C,0,-6.6478415,0.09532888233661652,1.0,0.9490000009536743
YLL052C,YAL022C,0,-6.649227,0.09531980007886887,1.0,0.9491000175476074
YPL208W,YNR002C,0,-6.649575,0.09531071037054062,1.0,0.9491999745368958
YJL141C,YDR302W,0,-6.6509237,0.09530162811279297,1.0,0.9492999911308289
YNL002C,YGL181W,0,-6.652482,0.09529254585504532,1.0,0.949400007724762
YOR130C,YHR029C,0,-6.6527605,0.09528347104787827,1.0,0.9495000243186951
YBL099W,YER044C,0,-6.653866,0.09527438879013062,1.0,0.9495999813079834
YJL159W,YDR254W,0,-6.6547194,0.09526531398296356,1.0,0.9496999979019165
YOR339C,YJR021C,0,-6.6565742,0.09525623917579651,1.0,0.9498000144958496
YDL165W,YLR256W,0,-6.657998,0.09524716436862946,1.0,0.9498999714851379
YGR027C,YMR235C,0,-6.658881,0.095238097012043,1.0,0.949999988079071
YKL126W,YMR229C,0,-6.6594086,0.09522902220487595,1.0,0.9501000046730042
YOR232W,YJR161C,0,-6.65991,0.09521995484828949,1.0,0.9502000212669373
YPL154C,YOR098C,0,-6.660516,0.09521089494228363,1.0,0.9502999782562256
YGL208W,YGR268C,0,-6.6612844,0.09520182758569717,1.0,0.9503999948501587
YPL170W,YJL033W,0,-6.6630774,0.09519276767969131,1.0,0.9505000114440918
YJR143C,YKL020C,0,-6.6631927,0.09518370777368546,1.0,0.9506000280380249
YJR088C,YGL040C,0,-6.6632624,0.0951746478676796,1.0,0.9506999850273132
YLL035W,YOL127W,0,-6.663349,0.09516558796167374,1.0,0.9508000016212463
YGL001C,YKL174C,0,-6.663722,0.09515653550624847,1.0,0.9509000182151794
YNL009W,YOR153W,0,-6.663744,0.09514747560024261,1.0,0.9509999752044678
YHR051W,YFR055W,0,-6.66508,0.09513842314481735,1.0,0.9510999917984009
YPL094C,YNR067C,0,-6.6650887,0.09512937813997269,1.0,0.951200008392334
YMR093W,YKL085W,0,-6.6652412,0.09512032568454742,1.0,0.9513000249862671
YDR065W,YLL050C,0,-6.66541,0.09511128067970276,1.0,0.9513999819755554
YNL301C,YJR090C,0,-6.666251,0.0951022356748581,1.0,0.9514999985694885
YGR034W,YBR077C,0,-6.6668205,0.09509319067001343,1.0,0.9516000151634216
YLL055W,YDR400W,0,-6.666978,0.09508415311574936,1.0,0.95169997215271
YEL054C,YLR396C,0,-6.6670294,0.0950751081109047,1.0,0.9517999887466431
YKL168C,YDL204W,0,-6.667347,0.09506607055664062,1.0,0.9519000053405762
YPL132W,YBR205W,0,-6.6687136,0.09505703300237656,1.0,0.9520000219345093
YMR307W,YLR126C,0,-6.669039,0.09504800289869308,1.0,0.9520999789237976
YGL055W,YOR393W,0,-6.6690645,0.09503896534442902,1.0,0.9521999955177307
YDL232W,YKL125W,0,-6.6692915,0.09502993524074554,1.0,0.9523000121116638
YPL098C,YJR010C-A,0,-6.6698465,0.09502090513706207,1.0,0.9524000287055969
YER083C,YPR107C,0,-6.6709433,0.0950118750333786,1.0,0.9524999856948853
YKL120W,YNL220W,0,-6.671135,0.09500285238027573,1.0,0.9526000022888184
YJR016C,YDR184C,0,-6.67136,0.09499382227659225,1.0,0.9527000188827515
YDL212W,YGL130W,0,-6.6731815,0.09498479962348938,1.0,0.9527999758720398
YBR058C-A,YOL119C,0,-6.674061,0.0949757844209671,1.0,0.9528999924659729
YPL252C,YER175C,0,-6.6741304,0.09496676176786423,1.0,0.953000009059906
YLR222C,YER025W,0,-6.67472,0.09495774656534195,1.0,0.9531000256538391
YHR010W,YLR099C,0,-6.6747875,0.09494873136281967,1.0,0.9531999826431274
YLR431C,YNL069C,0,-6.6751995,0.0949397161602974,1.0,0.9532999992370605
YER056C-A,YPR102C,0,-6.676223,0.09493070095777512,1.0,0.9534000158309937
YER090W,YLR327C,0,-6.677697,0.09492169320583344,1.0,0.953499972820282
YDL212W,YDR254W,0,-6.6789265,0.09491267800331116,1.0,0.9535999894142151
YBR110W,YMR297W,0,-6.6810884,0.09490367025136948,1.0,0.9537000060081482
YDL222C,YMR093W,0,-6.681345,0.09489466995000839,1.0,0.9538000226020813
YER002W,YGR128C,0,-6.682605,0.09488566219806671,1.0,0.9538999795913696
YPR200C,YFL055W,0,-6.6828127,0.09487666189670563,1.0,0.9539999961853027
YMR260C,YKL074C,0,-6.6828413,0.09486766159534454,1.0,0.9541000127792358
YIL139C,YBL024W,0,-6.683813,0.09485866129398346,1.0,0.954200029373169
YLR130C,YER025W,0,-6.6856174,0.09484966099262238,1.0,0.9542999863624573
YOL101C,YLR439W,0,-6.6857605,0.09484066814184189,1.0,0.9544000029563904
YJL074C,YJL164C,0,-6.6862,0.0948316752910614,1.0,0.9545000195503235
YDR512C,YIL160C,0,-6.686496,0.09482268244028091,1.0,0.9545999765396118
YIL090W,YBL054W,0,-6.6877537,0.09481368958950043,1.0,0.9546999931335449
YDL146W,YER042W,0,-6.689536,0.09480470418930054,1.0,0.954800009727478
YPL266W,YPL152W,0,-6.6904583,0.09479571878910065,1.0,0.9549000263214111
YBR196C,YPR082C,0,-6.6909056,0.09478673338890076,1.0,0.9549999833106995
YPL147W,YJL158C,0,-6.6912613,0.09477774798870087,1.0,0.9550999999046326
YLR342W,YEL012W,0,-6.691909,0.09476876258850098,1.0,0.9552000164985657
YDR524C,YBR072W,0,-6.6939554,0.09475978463888168,1.0,0.955299973487854
YPL113C,YDL142C,0,-6.695407,0.09475080668926239,1.0,0.9553999900817871
YGL014W,YDR079W,0,-6.6967144,0.0947418287396431,1.0,0.9555000066757202
YLR113W,YML022W,0,-6.696782,0.0947328507900238,1.0,0.9556000232696533
YML128C,YNL071W,0,-6.6977224,0.09472388029098511,1.0,0.9556999802589417
YMR189W,YPR144C,0,-6.698059,0.09471490979194641,1.0,0.9557999968528748
YNL037C,YDR107C,0,-6.6983204,0.09470593929290771,1.0,0.9559000134468079
YGR256W,YPL038W,0,-6.6993256,0.09469696879386902,1.0,0.9559999704360962
YBR154C,YAL016W,0,-6.6995344,0.09468800574541092,1.0,0.9560999870300293
YHR082C,YPL211W,0,-6.7003317,0.09467903524637222,1.0,0.9562000036239624
YNL096C,YLR133W,0,-6.7017584,0.09467007219791412,1.0,0.9563000202178955
YGL179C,YDL070W,0,-6.7023373,0.09466111660003662,1.0,0.9563999772071838
YLR378C,YNL271C,0,-6.7028246,0.09465215355157852,1.0,0.9564999938011169
YHR039C,YBL045C,0,-6.7035723,0.09464319795370102,1.0,0.95660001039505
YMR302C,YMR199W,0,-6.7045717,0.09463424235582352,1.0,0.9567000269889832
YBR214W,YEL004W,0,-6.7052994,0.09462528675794601,1.0,0.9567999839782715
YGL014W,YGR059W,0,-6.7058153,0.09461633116006851,1.0,0.9569000005722046
YDR302W,YJL033W,0,-6.707286,0.0946073830127716,1.0,0.9570000171661377
YJR021C,YHL007C,0,-6.7083063,0.0945984274148941,1.0,0.957099974155426
YLR064W,YHR050W,0,-6.7090073,0.0945894792675972,1.0,0.9571999907493591
YCL025C,YLR344W,0,-6.710101,0.09458053857088089,1.0,0.9573000073432922
YPR132W,YOL043C,0,-6.7102613,0.09457159042358398,1.0,0.9574000239372253
YDL121C,YPL131W,0,-6.712634,0.09456264972686768,1.0,0.9574999809265137
YNL115C,YPL256C,0,-6.712945,0.09455370903015137,1.0,0.9575999975204468
YDL143W,YHR143W,0,-6.7139072,0.09454476833343506,1.0,0.9577000141143799
YJL153C,YHR216W,0,-6.7146435,0.09453582763671875,1.0,0.9577999711036682
YIL088C,YOR128C,0,-6.7149944,0.09452689439058304,1.0,0.9578999876976013
YOR145C,YJL052W,0,-6.715416,0.09451796114444733,1.0,0.9580000042915344
YGR256W,YPL131W,0,-6.715866,0.09450902789831161,1.0,0.9581000208854675
YNL117W,YGR128C,0,-6.7160807,0.0945000946521759,1.0,0.9581999778747559
YMR194W,YER104W,0,-6.716963,0.09449116140604019,1.0,0.958299994468689
YJR078W,YBL045C,0,-6.717038,0.09448223561048508,1.0,0.9584000110626221
YDL121C,YCR057C,0,-6.7174997,0.09447330981492996,1.0,0.9585000276565552
YOR198C,YBR182C,0,-6.718853,0.09446438401937485,1.0,0.9585999846458435
YJL192C,YML012W,0,-6.7191,0.09445546567440033,1.0,0.9587000012397766
YGR172C,YNL077W,0,-6.7193146,0.09444653987884521,1.0,0.9588000178337097
YGR183C,YLR121C,0,-6.722865,0.0944376215338707,1.0,0.958899974822998
YML048W,YNL010W,0,-6.7236357,0.09442870318889618,1.0,0.9589999914169312
YDL085W,YDL227C,0,-6.7236605,0.09441979229450226,1.0,0.9591000080108643
YPR081C,YOR373W,0,-6.724843,0.09441087394952774,1.0,0.9592000246047974
YMR052W,YIL133C,0,-6.7258797,0.09440196305513382,1.0,0.9592999815940857
YGL253W,YLR327C,0,-6.726323,0.0943930521607399,1.0,0.9593999981880188
YNL300W,YJR031C,0,-6.727606,0.09438414126634598,1.0,0.9595000147819519
YMR146C,YDR155C,0,-6.7283316,0.09437523782253265,1.0,0.9595999717712402
YOR044W,YOL005C,0,-6.729534,0.09436632692813873,1.0,0.9596999883651733
YGR194C,YIL097W,0,-6.7303295,0.09435742348432541,1.0,0.9598000049591064
YBR006W,YPL111W,0,-6.7309933,0.09434852004051208,1.0,0.9599000215530396
YKL218C,YGL029W,0,-6.7315884,0.09433962404727936,1.0,0.9599999785423279
YER124C,YJL116C,0,-6.733552,0.09433072060346603,1.0,0.960099995136261
YOL110W,YGR199W,0,-6.7337933,0.0943218246102333,1.0,0.9602000117301941
YML048W,YOL034W,0,-6.7344894,0.09431292861700058,1.0,0.9603000283241272
YPL033C,YEL052W,0,-6.7359905,0.09430403262376785,1.0,0.9603999853134155
YIL088C,YKL100C,0,-6.738266,0.09429514408111572,1.0,0.9605000019073486
YHR175W,YGR128C,0,-6.7420187,0.09428625553846359,1.0,0.9606000185012817
YDR171W,YHR153C,0,-6.7420225,0.09427736699581146,1.0,0.9606999754905701
YOL013C,YOR056C,0,-6.74282,0.09426847845315933,1.0,0.9607999920845032
YPR160W,YDR486C,0,-6.7432375,0.0942595899105072,1.0,0.9609000086784363
YIL027C,YLR133W,0,-6.744467,0.09425070881843567,1.0,0.9610000252723694
YJL095W,YMR202W,0,-6.745781,0.09424182772636414,1.0,0.9610999822616577
YNL321W,YDL161W,0,-6.74588,0.0942329466342926,1.0,0.9611999988555908
YLL011W,YLR048W,0,-6.7471046,0.09422406554222107,1.0,0.9613000154495239
YKL096W,YPL170W,0,-6.7477045,0.09421518445014954,1.0,0.9613999724388123
YPR163C,YKL168C,0,-6.7493114,0.0942063108086586,1.0,0.9614999890327454
YOR010C,YPR031W,0,-6.749748,0.09419743716716766,1.0,0.9616000056266785
YCL025C,YER183C,0,-6.7521515,0.09418856352567673,1.0,0.9617000222206116
YER026C,YLL001W,0,-6.75247,0.09417969733476639,1.0,0.9617999792098999
YNL219C,YOR174W,0,-6.753847,0.09417082369327545,1.0,0.961899995803833
YOL110W,YHR066W,0,-6.7539444,0.09416195750236511,1.0,0.9620000123977661
YPL220W,YNR039C,0,-6.7551117,0.09415309131145477,1.0,0.9621000289916992
YLR192C,YDR297W,0,-6.75601,0.09414423257112503,1.0,0.9621999859809875
YLR378C,YIL066C,0,-6.760889,0.09413536638021469,1.0,0.9623000025749207
YGL001C,YBR234C,0,-6.761647,0.09412650763988495,1.0,0.9624000191688538
YOR202W,YML065W,0,-6.761899,0.0941176488995552,1.0,0.9624999761581421
YGL012W,YDR074W,0,-6.7619305,0.09410879015922546,1.0,0.9625999927520752
YLL052C,YDR018C,0,-6.763818,0.09409993141889572,1.0,0.9627000093460083
YBR052C,YOR144C,0,-6.763857,0.09409108012914658,1.0,0.9628000259399414
YGL158W,YCL036W,0,-6.764039,0.09408222883939743,1.0,0.9628999829292297
YER004W,YLR401C,0,-6.7645664,0.09407337754964828,1.0,0.9629999995231628
YEL041W,YJR104C,0,-6.765581,0.09406452625989914,1.0,0.963100016117096
YPL237W,YDL213C,0,-6.765998,0.09405568242073059,1.0,0.9631999731063843
YBR031W,YGR154C,0,-6.7667265,0.09404683858156204,1.0,0.9632999897003174
YDR294C,YGR218W,0,-6.767701,0.0940379947423935,1.0,0.9634000062942505
YBR128C,YPL078C,0,-6.769306,0.09402915090322495,1.0,0.9635000228881836
YJR007W,YBR132C,0,-6.771467,0.0940203070640564,1.0,0.9635999798774719
YML042W,YNL166C,0,-6.77662,0.09401147067546844,1.0,0.963699996471405
YML128C,YJR155W,0,-6.777364,0.0940026342868805,1.0,0.9638000130653381
YGL095C,YOR375C,0,-6.7780943,0.09399379789829254,1.0,0.9639000296592712
YIR012W,YBR001C,0,-6.778469,0.09398496150970459,1.0,0.9639999866485596
YBR132C,YBR182C,0,-6.7785835,0.09397613257169724,1.0,0.9641000032424927
YOR347C,YML056C,0,-6.7826433,0.09396729618310928,1.0,0.9642000198364258
YJL102W,YER055C,0,-6.785568,0.09395846724510193,1.0,0.9642999768257141
YOR221C,YMR049C,0,-6.7864037,0.09394964575767517,1.0,0.9643999934196472
YIR034C,YPR102C,0,-6.7867146,0.09394081681966782,1.0,0.9645000100135803
YDR349C,YLR325C,0,-6.787116,0.09393199533224106,1.0,0.9646000266075134
YAR027W,YNL117W,0,-6.7893295,0.0939231738448143,1.0,0.9646999835968018
YOR375C,YNL026W,0,-6.7894974,0.09391435235738754,1.0,0.9648000001907349
YPL237W,YHL033C,0,-6.7922697,0.09390553086996078,1.0,0.964900016784668
YOL039W,YMR240C,0,-6.7925835,0.09389671683311462,1.0,0.9649999737739563
YOL120C,YHR175W,0,-6.794346,0.09388789534568787,1.0,0.9650999903678894
YMR170C,YBR031W,0,-6.7948112,0.0938790813088417,1.0,0.9652000069618225
YJL112W,YHR043C,0,-6.7961044,0.09387027472257614,1.0,0.9653000235557556
YBR129C,YGR194C,0,-6.800147,0.09386146068572998,1.0,0.965399980545044
YOR306C,YOL128C,0,-6.800565,0.09385265409946442,1.0,0.965499997138977
YHR039C,YDR107C,0,-6.800647,0.09384384751319885,1.0,0.9656000137329102
YOR311C,YIL101C,0,-6.8017483,0.09383504092693329,1.0,0.9656999707221985
YEL038W,YNL274C,0,-6.8026266,0.09382623434066772,1.0,0.9657999873161316
YBR067C,YER007W,0,-6.803546,0.09381742775440216,1.0,0.9659000039100647
YGR061C,YOR005C,0,-6.803918,0.0938086286187172,1.0,0.9660000205039978
YBR001C,YML063W,0,-6.8048925,0.09379982948303223,1.0,0.9660999774932861
YLR027C,YDL024C,0,-6.806093,0.09379103034734726,1.0,0.9661999940872192
YIL099W,YJL008C,0,-6.806136,0.09378223866224289,1.0,0.9663000106811523
YBL040C,YPL163C,0,-6.8067007,0.09377344697713852,1.0,0.9664000272750854
YLR343W,YER074W,0,-6.8078585,0.09376464784145355,1.0,0.9664999842643738
YGL084C,YJR101W,0,-6.809882,0.09375585615634918,1.0,0.9666000008583069
YFL010W-A,YPR020W,0,-6.8099337,0.09374707192182541,1.0,0.96670001745224
YOR063W,YDR043C,0,-6.8107834,0.09373828023672104,1.0,0.9667999744415283
YAL058W,YNL283C,0,-6.8114243,0.09372949600219727,1.0,0.9668999910354614
YDL049C,YCR037C,0,-6.811845,0.09372071176767349,1.0,0.9670000076293945
YDR297W,YEL052W,0,-6.8152704,0.09371192753314972,1.0,0.9671000242233276
YJL097W,YMR052W,0,-6.8173695,0.09370315074920654,1.0,0.967199981212616
YHR008C,YDR378C,0,-6.8174276,0.09369436651468277,1.0,0.9672999978065491
YFL039C,YHR081W,0,-6.817725,0.0936855897307396,1.0,0.9674000144004822
YOR175C,YHR116W,0,-6.8181696,0.09367681294679642,1.0,0.9674999713897705
YNL220W,YOL082W,0,-6.8183374,0.09366804361343384,1.0,0.9675999879837036
YJL053W,YMR128W,0,-6.8209906,0.09365926682949066,1.0,0.9677000045776367
YMR260C,YHR046C,0,-6.824316,0.09365049749612808,1.0,0.9678000211715698
YKL008C,YGR203W,0,-6.825307,0.0936417281627655,1.0,0.9678999781608582
YOL049W,YDL204W,0,-6.827098,0.09363295882940292,1.0,0.9679999947547913
YMR173W,YDL039C,0,-6.827441,0.09362418949604034,1.0,0.9681000113487244
YDR393W,YIL160C,0,-6.829011,0.09361542761325836,1.0,0.9682000279426575
YOR180C,YMR202W,0,-6.8302183,0.09360666573047638,1.0,0.9682999849319458
YNL152W,YDR534C,0,-6.830495,0.0935979038476944,1.0,0.9684000015258789
YNR003C,YGR256W,0,-6.8312464,0.09358914196491241,1.0,0.968500018119812
YAR071W,YBR001C,0,-6.8344736,0.09358038753271103,1.0,0.9685999751091003
YML125C,YOR344C,0,-6.834985,0.09357162564992905,1.0,0.9686999917030334
YPR160W,YHR029C,0,-6.8358297,0.09356287121772766,1.0,0.9688000082969666
YBL075C,YOR243C,0,-6.836299,0.09355412423610687,1.0,0.9689000248908997
YGR184C,YNL185C,0,-6.836731,0.09354536980390549,1.0,0.968999981880188
YOL110W,YDL179W,0,-6.8370457,0.0935366228222847,1.0,0.9690999984741211
YGL123W,YMR004W,0,-6.8410406,0.09352786839008331,1.0,0.9692000150680542
YOR096W,YCL052C,0,-6.8411875,0.09351912140846252,1.0,0.9692999720573425
YHR092C,YML116W,0,-6.844099,0.09351038187742233,1.0,0.9693999886512756
YNL044W,YML028W,0,-6.845274,0.09350163489580154,1.0,0.9695000052452087
YDL052C,YDL201W,0,-6.852006,0.09349289536476135,1.0,0.9696000218391418
YGL179C,YMR241W,0,-6.853281,0.09348415583372116,1.0,0.9696999788284302
YLL012W,YDR492W,0,-6.8533278,0.09347541630268097,1.0,0.9697999954223633
YDR533C,YPL227C,0,-6.853546,0.09346667677164078,1.0,0.9699000120162964
YLL039C,YEL034W,0,-6.854599,0.09345794469118118,1.0,0.9700000286102295
YMR170C,YOL040C,0,-6.8555346,0.09344921261072159,1.0,0.9700999855995178
YKL008C,YNL124W,0,-6.8583727,0.093440480530262,1.0,0.9702000021934509
YMR290C,YBR273C,0,-6.8587036,0.0934317484498024,1.0,0.970300018787384
YMR173W,YLR045C,0,-6.858965,0.0934230163693428,1.0,0.9703999757766724
YMR260C,YFL044C,0,-6.8605795,0.0934142917394638,1.0,0.9704999923706055
YCR081W,YJL042W,0,-6.861438,0.09340556710958481,1.0,0.9706000089645386
YMR119W,YIL136W,0,-6.862239,0.09339684247970581,1.0,0.9707000255584717
YPR163C,YCL052C,0,-6.863058,0.09338811784982681,1.0,0.97079998254776
YMR123W,YBR299W,0,-6.8633137,0.09337940067052841,1.0,0.9708999991416931
YFR041C,YKL085W,0,-6.8635855,0.09337068349123001,1.0,0.9710000157356262
YMR296C,YNL052W,0,-6.8643723,0.09336196631193161,1.0,0.9710999727249146
YPL098C,YKR019C,0,-6.8659744,0.09335324913263321,1.0,0.9711999893188477
YNL125C,YBR238C,0,-6.8661976,0.09334453195333481,1.0,0.9713000059127808
YNL300W,YJL156C,0,-6.868908,0.093335822224617,1.0,0.9714000225067139
YBR126C,YPR009W,0,-6.8697166,0.0933271124958992,1.0,0.9714999794960022
YOL039W,YKL059C,0,-6.8712416,0.0933184027671814,1.0,0.9715999960899353
YOL086C,YDR180W,0,-6.8714733,0.09330969303846359,1.0,0.9717000126838684
YDL045C,YNR016C,0,-6.874379,0.09330099076032639,1.0,0.9718000292778015
YIL041W,YGL077C,0,-6.8769627,0.09329228103160858,1.0,0.9718999862670898
YEL043W,YBL075C,0,-6.877264,0.09328357875347137,1.0,0.972000002861023
YLL045C,YHL007C,0,-6.8772717,0.09327488392591476,1.0,0.972100019454956
YHR216W,YDL030W,0,-6.8791466,0.09326618164777756,1.0,0.9721999764442444
YBR128C,YIL088C,0,-6.8794403,0.09325748682022095,1.0,0.9722999930381775
YLL041C,YGL206C,0,-6.8797865,0.09324878454208374,1.0,0.9724000096321106
YBR170C,YLR153C,0,-6.881321,0.09324008971452713,1.0,0.9725000262260437
YDR424C,YDL126C,0,-6.8820915,0.09323140233755112,1.0,0.972599983215332
YIR039C,YJL080C,0,-6.8828945,0.0932227075099945,1.0,0.9726999998092651
YDR380W,YNR045W,0,-6.8840313,0.0932140201330185,1.0,0.9728000164031982
YOR175C,YOR375C,0,-6.8840523,0.09320533275604248,1.0,0.9728999733924866
YLR348C,YGR220C,0,-6.884673,0.09319664537906647,1.0,0.9729999899864197
YGL236C,YPL154C,0,-6.8850937,0.09318795800209045,1.0,0.9731000065803528
YJR143C,YPL143W,0,-6.886469,0.09317927807569504,1.0,0.9732000231742859
YLR342W,YDR485C,0,-6.887911,0.09317059814929962,1.0,0.9732999801635742
YDL049C,YIL155C,0,-6.8891506,0.0931619182229042,1.0,0.9733999967575073
YBL101C,YDL204W,0,-6.8892937,0.09315323829650879,1.0,0.9735000133514404
YJL198W,YGR240C,0,-6.8896112,0.09314455837011337,1.0,0.9735999703407288
YGR256W,YPL220W,0,-6.890341,0.09313588589429855,1.0,0.9736999869346619
YNL209W,YML132W,0,-6.8934984,0.09312721341848373,1.0,0.973800003528595
YCR088W,YNR043W,0,-6.8974094,0.09311854094266891,1.0,0.9739000201225281
YGR214W,YDL014W,0,-6.8983583,0.0931098684668541,1.0,0.9739999771118164
YCR075C,YOR099W,0,-6.8990126,0.09310120344161987,1.0,0.9740999937057495
YHR023W,YLR178C,0,-6.899251,0.09309253096580505,1.0,0.9742000102996826
YJL192C,YHR174W,0,-6.899255,0.09308386594057083,1.0,0.9743000268936157
YBR052C,YDR512C,0,-6.9011354,0.0930752083659172,1.0,0.974399983882904
YMR116C,YDR320C,0,-6.90193,0.09306654334068298,1.0,0.9745000004768372
YER150W,YPL273W,0,-6.903838,0.09305787831544876,1.0,0.9746000170707703
YER011W,YPR028W,0,-6.9039316,0.09304922074079514,1.0,0.9746999740600586
YNL327W,YOL137W,0,-6.915387,0.09304056316614151,1.0,0.9747999906539917
YGL169W,YLR219W,0,-6.917989,0.09303191304206848,1.0,0.9749000072479248
YIR012W,YFL014W,0,-6.9192295,0.09302325546741486,1.0,0.9750000238418579
YNL300W,YOL070C,0,-6.921029,0.09301460534334183,1.0,0.9750999808311462
YMR058W,YGL148W,0,-6.922845,0.0930059552192688,1.0,0.9751999974250793
YLR264W,YHR196W,0,-6.9268684,0.09299730509519577,1.0,0.9753000140190125
YGR180C,YHR051W,0,-6.928027,0.09298865497112274,1.0,0.9753999710083008
YJL002C,YKL113C,0,-6.928694,0.09298001229763031,1.0,0.9754999876022339
YGR041W,YNR002C,0,-6.929241,0.09297136217355728,1.0,0.975600004196167
YKL065C,YDR180W,0,-6.9294157,0.09296271950006485,1.0,0.9757000207901001
YNL046W,YPR073C,0,-6.929452,0.09295408427715302,1.0,0.9757999777793884
YPL154C,YOL052C,0,-6.9301023,0.09294544160366058,1.0,0.9758999943733215
YDL130W,YHL016C,0,-6.934927,0.09293680638074875,1.0,0.9760000109672546
YER091C,YNL231C,0,-6.93526,0.09292816370725632,1.0,0.9761000275611877
YLL028W,YHR128W,0,-6.9354467,0.09291952848434448,1.0,0.9761999845504761
YJR036C,YIL136W,0,-6.936885,0.09291090071201324,1.0,0.9763000011444092
YHR081W,YER074W,0,-6.942726,0.09290226548910141,1.0,0.9764000177383423
YPL220W,YLR144C,0,-6.9438133,0.09289363771677017,1.0,0.9764999747276306
YEL054C,YJR112W,0,-6.9453325,0.09288500994443893,1.0,0.9765999913215637
YGR038W,YOR234C,0,-6.945448,0.0928763821721077,1.0,0.9767000079154968
YPR030W,YNL262W,0,-6.945491,0.09286775439977646,1.0,0.9768000245094299
YCR046C,YKL035W,0,-6.94742,0.09285913407802582,1.0,0.9768999814987183
YJR147W,YEL012W,0,-6.9494057,0.09285051375627518,1.0,0.9769999980926514
YHR216W,YLR186W,0,-6.9514465,0.09284189343452454,1.0,0.9771000146865845
YBL099W,YLR100W,0,-6.951723,0.0928332731127739,1.0,0.9771999716758728
YMR145C,YJL101C,0,-6.954253,0.09282465279102325,1.0,0.9772999882698059
YBR068C,YMR189W,0,-6.955797,0.09281603991985321,1.0,0.977400004863739
YOR100C,YEL061C,0,-6.9570932,0.09280742704868317,1.0,0.9775000214576721
YPR160W,YHR101C,0,-6.957898,0.09279881417751312,1.0,0.9775999784469604
YER124C,YMR143W,0,-6.958825,0.09279020130634308,1.0,0.9776999950408936
YER001W,YHR124W,0,-6.959071,0.09278158843517303,1.0,0.9778000116348267
YOR145C,YBR106W,0,-6.960249,0.09277298301458359,1.0,0.9779000282287598
YGR154C,YJL080C,0,-6.9623938,0.09276437759399414,1.0,0.9779999852180481
YKL201C,YIR038C,0,-6.965067,0.0927557721734047,1.0,0.9781000018119812
YDR533C,YKL180W,0,-6.9652824,0.09274717420339584,1.0,0.9782000184059143
YOL013C,YKL021C,0,-6.9686966,0.0927385687828064,1.0,0.9782999753952026
YNL169C,YNL274C,0,-6.9703894,0.09272997081279755,1.0,0.9783999919891357
YHR021C,YLR325C,0,-6.9732,0.0927213728427887,1.0,0.9785000085830688
YPR144C,YDR074W,0,-6.9796352,0.09271277487277985,1.0,0.978600025177002
YGL001C,YKR080W,0,-6.979665,0.09270418435335159,1.0,0.9786999821662903
YBR067C,YDL043C,0,-6.98046,0.09269558638334274,1.0,0.9787999987602234
YJL002C,YPL033C,0,-6.980837,0.09268699586391449,1.0,0.9789000153541565
YIL034C,YGR159C,0,-6.9819393,0.09267840534448624,1.0,0.9789999723434448
YDR297W,YJL136C,0,-6.982626,0.09266981482505798,1.0,0.9790999889373779
YGL179C,YMR012W,0,-6.983741,0.09266123175621033,1.0,0.979200005531311
YKR067W,YLR178C,0,-6.9852285,0.09265264868736267,1.0,0.9793000221252441
YCL024W,YLR178C,0,-6.9865026,0.09264405816793442,1.0,0.9793999791145325
YOR311C,YDR465C,0,-6.9871216,0.09263548254966736,1.0,0.9794999957084656
YBL060W,YPL256C,0,-6.987397,0.0926268994808197,1.0,0.9796000123023987
YDR297W,YGR001C,0,-6.9893665,0.09261831641197205,1.0,0.9797000288963318
YMR197C,YKL004W,0,-6.989397,0.09260974079370499,1.0,0.9797999858856201
YOR175C,YLR142W,0,-6.996155,0.09260116517543793,1.0,0.9799000024795532
YHR062C,YMR297W,0,-6.997513,0.09259258955717087,1.0,0.9800000190734863
YNL321W,YOR100C,0,-6.9997587,0.0925840213894844,1.0,0.9800999760627747
YDR055W,YGL123W,0,-7.003004,0.09257544577121735,1.0,0.9801999926567078
YPR160W,YOR141C,0,-7.0033464,0.09256687760353088,1.0,0.9803000092506409
YNL300W,YML088W,0,-7.0055265,0.09255830943584442,1.0,0.980400025844574
YCL040W,YPR189W,0,-7.00772,0.09254974871873856,1.0,0.9804999828338623
YCR079W,YPR102C,0,-7.0097294,0.0925411805510521,1.0,0.9805999994277954
YHR036W,YDL092W,0,-7.0117197,0.09253261983394623,1.0,0.9807000160217285
YDL052C,YPL091W,0,-7.0118465,0.09252405911684036,1.0,0.9807999730110168
YML048W,YPR001W,0,-7.0173197,0.0925154983997345,1.0,0.98089998960495
YDR497C,YLR205C,0,-7.017973,0.09250693768262863,1.0,0.9810000061988831
YLR388W,YDL110C,0,-7.0184603,0.09249838441610336,1.0,0.9811000227928162
YHR029C,YPL090C,0,-7.0253935,0.0924898236989975,1.0,0.9811999797821045
YDL128W,YPL163C,0,-7.0266294,0.09248127043247223,1.0,0.9812999963760376
YLL055W,YLR289W,0,-7.0275726,0.09247271716594696,1.0,0.9814000129699707
YJL116C,YKL144C,0,-7.0277596,0.09246417135000229,1.0,0.9815000295639038
YJR077C,YOR274W,0,-7.0289383,0.09245561808347702,1.0,0.9815999865531921
YAL063C,YGL014W,0,-7.030363,0.09244707226753235,1.0,0.9817000031471252
YGR041W,YCL040W,0,-7.0315914,0.09243852645158768,1.0,0.9818000197410583
YMR305C,YBR125C,0,-7.037219,0.092429980635643,1.0,0.9818999767303467
YPL118W,YLR178C,0,-7.040661,0.09242144227027893,1.0,0.9819999933242798
YKL195W,YLR380W,0,-7.0415154,0.09241290390491486,1.0,0.9821000099182129
YER036C,YOL124C,0,-7.0450516,0.09240435808897018,1.0,0.982200026512146
YDL051W,YKR067W,0,-7.0482626,0.0923958271741867,1.0,0.9822999835014343
YPR081C,YNL162W,0,-7.0500717,0.09238728880882263,1.0,0.9824000000953674
YGL084C,YMR198W,0,-7.0516853,0.09237875044345856,1.0,0.9825000166893005
YLR350W,YHR175W,0,-7.051859,0.09237021952867508,1.0,0.9825999736785889
YDR117C,YPL037C,0,-7.0537786,0.0923616886138916,1.0,0.982699990272522
YNR021W,YDR400W,0,-7.054841,0.09235315769910812,1.0,0.9828000068664551
YHR008C,YOR348C,0,-7.057184,0.09234462678432465,1.0,0.9829000234603882
YBR132C,YPR066W,0,-7.059395,0.09233610332012177,1.0,0.9829999804496765
YHR042W,YKR036C,0,-7.0617113,0.09232757985591888,1.0,0.9830999970436096
YMR217W,YPL160W,0,-7.0627804,0.092319056391716,1.0,0.9832000136375427
YPR001W,YOR374W,0,-7.0630693,0.09231053292751312,1.0,0.983299970626831
YGL001C,YER112W,0,-7.067562,0.09230200946331024,1.0,0.9833999872207642
YPL170W,YOR074C,0,-7.069376,0.09229349344968796,1.0,0.9835000038146973
YJL117W,YIL113W,0,-7.070407,0.09228497743606567,1.0,0.9836000204086304
YML048W,YDR453C,0,-7.076603,0.09227646142244339,1.0,0.9836999773979187
YNL160W,YNL067W,0,-7.079707,0.0922679454088211,1.0,0.9837999939918518
YDR449C,YIL111W,0,-7.081027,0.09225943684577942,1.0,0.9839000105857849
YLL052C,YPR204W,0,-7.082217,0.09225092083215714,1.0,0.984000027179718
YMR308C,YJR070C,0,-7.0894423,0.09224241226911545,1.0,0.9840999841690063
YMR272C,YAL012W,0,-7.092458,0.09223390370607376,1.0,0.9842000007629395
YMR271C,YAR015W,0,-7.100581,0.09222540259361267,1.0,0.9843000173568726
YER053C,YGL029W,0,-7.104656,0.09221689403057098,1.0,0.9843999743461609
YDR055W,YPL226W,0,-7.1060534,0.0922083929181099,1.0,0.984499990940094
YJL141C,YPL050C,0,-7.107545,0.0921998918056488,1.0,0.9846000075340271
YJR016C,YPL226W,0,-7.110298,0.09219139069318771,1.0,0.9847000241279602
YGR148C,YEL012W,0,-7.111706,0.09218288958072662,1.0,0.9847999811172485
YGR222W,YGR088W,0,-7.112115,0.09217439591884613,1.0,0.9848999977111816
YKL154W,YNL178W,0,-7.114793,0.09216590225696564,1.0,0.9850000143051147
YMR235C,YMR297W,0,-7.115404,0.09215740114450455,1.0,0.9850999712944031
YNL075W,YKL156W,0,-7.117155,0.09214891493320465,1.0,0.9851999878883362
YDR058C,YOR095C,0,-7.117386,0.09214042127132416,1.0,0.9853000044822693
YNL026W,YKL182W,0,-7.117753,0.09213193506002426,1.0,0.9854000210762024
YNL310C,YER046W,0,-7.1249905,0.09212344884872437,1.0,0.9854999780654907
YGL055W,YDL101C,0,-7.1287518,0.09211496263742447,1.0,0.9855999946594238
YGR256W,YMR093W,0,-7.1349354,0.09210647642612457,1.0,0.9857000112533569
YCR034W,YGL141W,0,-7.1472025,0.09209799021482468,1.0,0.98580002784729
YGL001C,YPR094W,0,-7.1492558,0.09208951145410538,1.0,0.9858999848365784
YDL051W,YMR290C,0,-7.151125,0.09208103269338608,1.0,0.9860000014305115
YGL156W,YHR010W,0,-7.152631,0.09207255393266678,1.0,0.9861000180244446
YDR085C,YPL266W,0,-7.155322,0.09206407517194748,1.0,0.9861999750137329
YML125C,YFR015C,0,-7.1574917,0.09205560386180878,1.0,0.986299991607666
YDR349C,YER011W,0,-7.1634293,0.09204712510108948,1.0,0.9864000082015991
YGL047W,YJL010C,0,-7.170312,0.09203865379095078,1.0,0.9865000247955322
YPL110C,YMR012W,0,-7.1714582,0.09203018248081207,1.0,0.9865999817848206
YOR167C,YIR039C,0,-7.1726637,0.09202171862125397,1.0,0.9866999983787537
YJR143C,YER161C,0,-7.1840124,0.09201324731111526,1.0,0.9868000149726868
YJL109C,YPL123C,0,-7.186488,0.09200478345155716,1.0,0.9868999719619751
YKL103C,YDR393W,0,-7.187436,0.09199631959199905,1.0,0.9869999885559082
YER039C,YPL237W,0,-7.1874857,0.09198785573244095,1.0,0.9871000051498413
YKR054C,YEL012W,0,-7.192354,0.09197939932346344,1.0,0.9872000217437744
YCR034W,YLR370C,0,-7.194296,0.09197093546390533,1.0,0.9872999787330627
YNL009W,YML072C,0,-7.2027454,0.09196247905492783,1.0,0.9873999953269958
YLL035W,YOL010W,0,-7.210018,0.09195402264595032,1.0,0.987500011920929
YKR024C,YNR012W,0,-7.210245,0.09194556623697281,1.0,0.9876000285148621
YIL034C,YNR002C,0,-7.211982,0.0919371172785759,1.0,0.9876999855041504
YLR009W,YKL172W,0,-7.2121925,0.09192866086959839,1.0,0.9878000020980835
YER118C,YJL164C,0,-7.2203407,0.09192021191120148,1.0,0.9879000186920166
YLR372W,YKL154W,0,-7.2265635,0.09191176295280457,1.0,0.9879999756813049
YDR247W,YMR214W,0,-7.2304277,0.09190331399440765,1.0,0.988099992275238
YDL083C,YOR382W,0,-7.235567,0.09189487248659134,1.0,0.9882000088691711
YCL036W,YHR027C,0,-7.236905,0.09188643097877502,1.0,0.9883000254631042
YLL052C,YHR029C,0,-7.239665,0.09187798947095871,1.0,0.9883999824523926
YGR049W,YBL058W,0,-7.240902,0.0918695479631424,1.0,0.9884999990463257
YDL029W,YOR230W,0,-7.2436066,0.09186110645532608,1.0,0.9886000156402588
YDL085W,YJL133W,0,-7.243781,0.09185266494750977,1.0,0.9886999726295471
YPR160W,YGL212W,0,-7.253889,0.09184423089027405,1.0,0.9887999892234802
YLR350W,YMR012W,0,-7.253969,0.09183579683303833,1.0,0.9889000058174133
YBR294W,YIR039C,0,-7.2580194,0.09182736277580261,1.0,0.9890000224113464
YBR171W,YOR374W,0,-7.2598543,0.09181893616914749,1.0,0.9890999794006348
YBL064C,YEL012W,0,-7.262891,0.09181050211191177,1.0,0.9891999959945679
YJL192C,YLR327C,0,-7.26861,0.09180207550525665,1.0,0.989300012588501
YNL125C,YML027W,0,-7.274127,0.09179364889860153,1.0,0.9894000291824341
YJR019C,YPL227C,0,-7.2792616,0.09178522229194641,1.0,0.9894999861717224
YGR070W,YJR059W,0,-7.2792883,0.09177679568529129,1.0,0.9896000027656555
YKL156W,YNL067W,0,-7.284362,0.09176837652921677,1.0,0.9897000193595886
YNL327W,YBL093C,0,-7.291566,0.09175995737314224,1.0,0.989799976348877
YGL236C,YLR080W,0,-7.2927847,0.09175153821706772,1.0,0.9898999929428101
YCR034W,YOR275C,0,-7.294922,0.0917431190609932,1.0,0.9900000095367432
YLR074C,YPL012W,0,-7.2967634,0.09173469990491867,1.0,0.9901000261306763
YDR450W,YLL039C,0,-7.300767,0.09172628819942474,1.0,0.9901999831199646
YKL146W,YJR121W,0,-7.3017807,0.09171787649393082,1.0,0.9902999997138977
YDR060W,YDR074W,0,-7.3027706,0.09170946478843689,1.0,0.9904000163078308
YLR222C,YDR003W,0,-7.313182,0.09170105308294296,1.0,0.9904999732971191
YLR045C,YBR230C,0,-7.313586,0.09169264882802963,1.0,0.9905999898910522
YHR007C,YBL058W,0,-7.3190956,0.0916842371225357,1.0,0.9907000064849854
YBR031W,YBR280C,0,-7.32841,0.09167583286762238,1.0,0.9908000230789185
YGR049W,YIL041W,0,-7.3334,0.09166742861270905,1.0,0.9908999800682068
YBR287W,YKR097W,0,-7.333515,0.09165903180837631,1.0,0.9909999966621399
YJL033W,YIR038C,0,-7.3399124,0.09165062755346298,1.0,0.991100013256073
YDL148C,YAL061W,0,-7.340621,0.09164223074913025,1.0,0.9911999702453613
YML128C,YJR097W,0,-7.34233,0.09163383394479752,1.0,0.9912999868392944
YER114C,YIR036C,0,-7.343526,0.09162543714046478,1.0,0.9914000034332275
YLR276C,YHR104W,0,-7.3474455,0.09161704033613205,1.0,0.9915000200271606
YPR167C,YER006W,0,-7.3592014,0.09160865098237991,1.0,0.991599977016449
YML128C,YLR406C,0,-7.3601246,0.09160025417804718,1.0,0.9916999936103821
YDL130W,YDL024C,0,-7.3603325,0.09159186482429504,1.0,0.9918000102043152
YBR079C,YGR128C,0,-7.364893,0.09158347547054291,1.0,0.9919000267982483
YOL097C,YMR285C,0,-7.3717785,0.09157509356737137,1.0,0.9919999837875366
YML128C,YBR267W,0,-7.3804665,0.09156670421361923,1.0,0.9921000003814697
YOR245C,YLL062C,0,-7.381427,0.09155832231044769,1.0,0.9922000169754028
YBR287W,YBR010W,0,-7.383526,0.09154994040727615,1.0,0.9922999739646912
YHR007C,YOR317W,0,-7.3928146,0.09154155850410461,1.0,0.9923999905586243
YDL232W,YLL039C,0,-7.3950768,0.09153318405151367,1.0,0.9925000071525574
YFR015C,YDL045C,0,-7.3959618,0.09152480214834213,1.0,0.9926000237464905
YLR276C,YDR436W,0,-7.397148,0.09151642769575119,1.0,0.9926999807357788
YPR160W,YLR080W,0,-7.4175434,0.09150805324316025,1.0,0.9927999973297119
YMR260C,YOL097C,0,-7.419306,0.0914996787905693,1.0,0.992900013923645
YGR214W,YOR096W,0,-7.423792,0.09149131178855896,1.0,0.9929999709129333
YHR085W,YDR171W,0,-7.432461,0.09148293733596802,1.0,0.9930999875068665
YML128C,YDR331W,0,-7.4359064,0.09147457033395767,1.0,0.9932000041007996
YCR034W,YLR371W,0,-7.4376535,0.09146620333194733,1.0,0.9933000206947327
YOR096W,YOR234C,0,-7.439522,0.09145783632993698,1.0,0.993399977684021
YGR036C,YKL164C,0,-7.440324,0.09144947677850723,1.0,0.9934999942779541
YDR085C,YPL131W,0,-7.4440393,0.09144110977649689,1.0,0.9936000108718872
YIL155C,YDR044W,0,-7.4441156,0.09143275022506714,1.0,0.9937000274658203
YEL040W,YDR101C,0,-7.4466944,0.09142439067363739,1.0,0.9937999844551086
YOL013C,YLR154C,0,-7.451853,0.09141603112220764,1.0,0.9939000010490417
YHL024W,YHR043C,0,-7.4519463,0.09140767902135849,1.0,0.9940000176429749
YGL001C,YGR220C,0,-7.4523554,0.09139932692050934,1.0,0.9940999746322632
YHR039C,YFR007W,0,-7.466318,0.09139096736907959,1.0,0.9941999912261963
YOR175C,YLR027C,0,-7.4814844,0.09138262271881104,1.0,0.9943000078201294
YMR011W,YBR001C,0,-7.48505,0.09137427061796188,1.0,0.9944000244140625
YOR374W,YBR177C,0,-7.4916277,0.09136591851711273,1.0,0.9944999814033508
YLR270W,YDL213C,0,-7.49561,0.09135757386684418,1.0,0.9945999979972839
YNL002C,YER119C,0,-7.5004673,0.09134922921657562,1.0,0.994700014591217
YGL147C,YGR158C,0,-7.5079927,0.09134088456630707,1.0,0.9947999715805054
YJL091C,YAL013W,0,-7.510785,0.09133253991603851,1.0,0.9948999881744385
YBR132C,YLR330W,0,-7.557082,0.09132420271635056,1.0,0.9950000047683716
YPR184W,YGL099W,0,-7.570259,0.091315858066082,1.0,0.9951000213623047
YDR465C,YLR327C,0,-7.57143,0.09130752086639404,1.0,0.995199978351593
YMR200W,YGR144W,0,-7.573694,0.09129919111728668,1.0,0.9952999949455261
YLR350W,YDR481C,0,-7.5856895,0.09129085391759872,1.0,0.9954000115394592
YOR307C,YBR299W,0,-7.5948095,0.09128251671791077,1.0,0.9955000281333923
YBR067C,YDR421W,0,-7.5986567,0.0912741869688034,1.0,0.9955999851226807
YOR173W,YNL151C,0,-7.601019,0.09126585721969604,1.0,0.9957000017166138
YGR034W,YGR085C,0,-7.606475,0.09125752747058868,1.0,0.9958000183105469
YDR077W,YHR051W,0,-7.610178,0.09124920517206192,1.0,0.9958999752998352
YOR063W,YER175C,0,-7.6256895,0.09124087542295456,1.0,0.9959999918937683
YKL096W,YNL102W,0,-7.6273136,0.0912325531244278,1.0,0.9961000084877014
YNR043W,YEL012W,0,-7.630295,0.09122423082590103,1.0,0.9962000250816345
YCR034W,YKR003W,0,-7.6369495,0.09121590852737427,1.0,0.9962999820709229
YPL012W,YDR496C,0,-7.6405745,0.0912075862288475,1.0,0.996399998664856
YIL078W,YMR250W,0,-7.6504946,0.09119927138090134,1.0,0.9965000152587891
YNR028W,YOR173W,0,-7.6513786,0.09119095653295517,1.0,0.9965999722480774
YLR406C,YER150W,0,-7.652625,0.091182641685009,1.0,0.9966999888420105
YER150W,YPR033C,0,-7.662798,0.09117432683706284,1.0,0.9968000054359436
YBR006W,YLR325C,0,-7.6679764,0.09116601198911667,1.0,0.9969000220298767
YCL025C,YIL113W,0,-7.678117,0.0911577045917511,1.0,0.996999979019165
YOR310C,YMR049C,0,-7.678876,0.09114939719438553,1.0,0.9970999956130981
YBR230C,YNL175C,0,-7.7056828,0.09114108979701996,1.0,0.9972000122070312
YHR016C,YMR250W,0,-7.746027,0.09113278239965439,1.0,0.9973000288009644
YMR297W,YJL148W,0,-7.7488127,0.09112447500228882,1.0,0.9973999857902527
YMR173W,YJL050W,0,-7.752145,0.09111617505550385,1.0,0.9975000023841858
YDL148C,YLL034C,0,-7.7561703,0.09110787510871887,1.0,0.9976000189781189
YMR303C,YOR328W,0,-7.756777,0.0910995751619339,1.0,0.9976999759674072
YPR160W,YLR330W,0,-7.758992,0.09109127521514893,1.0,0.9977999925613403
YGR185C,YFL014W,0,-7.786497,0.09108297526836395,1.0,0.9979000091552734
YEL011W,YDL213C,0,-7.793109,0.09107468277215958,1.0,0.9980000257492065
YLR251W,YDL110C,0,-7.8087893,0.0910663902759552,1.0,0.9980999827384949
YDR144C,YBR006W,0,-7.842842,0.09105809777975082,1.0,0.998199999332428
YGL099W,YPR144C,0,-7.8459387,0.09104980528354645,1.0,0.9983000159263611
YBL078C,YPL037C,0,-7.861144,0.09104151278734207,1.0,0.9983999729156494
YCL040W,YER030W,0,-7.8724766,0.09103322774171829,1.0,0.9984999895095825
YOR178C,YIL136W,0,-7.8769903,0.09102494269609451,1.0,0.9986000061035156
YOL016C,YLL041C,0,-7.8801126,0.09101665765047073,1.0,0.9987000226974487
YGR028W,YBR092C,0,-7.903055,0.09100837260484695,1.0,0.9987999796867371
YDR492W,YIL136W,0,-7.948946,0.09100008755922318,1.0,0.9988999962806702
YEL026W,YNR054C,0,-7.9566784,0.09099180996417999,1.0,0.9990000128746033
YOR310C,YHR062C,0,-7.9914,0.09098353236913681,1.0,0.9991000294685364
YHR016C,YNL182C,0,-8.042487,0.09097525477409363,1.0,0.9991999864578247
YKL096W,YER004W,0,-8.146306,0.09096697717905045,1.0,0.9993000030517578
YOL120C,YJL191W,0,-8.280014,0.09095870703458786,1.0,0.9994000196456909
YHR128W,YDR358W,0,-8.420002,0.09095042943954468,1.0,0.9994999766349792
YER126C,YDR496C,0,-8.433188,0.09094215929508209,1.0,0.9995999932289124
YLR178C,YHR089C,0,-8.566567,0.0909338891506195,1.0,0.9997000098228455
YGR200C,YBR214W,0,-8.616313,0.09092562645673752,1.0,0.9998000264167786
YGR118W,YOR167C,0,-8.618223,0.09091735631227493,1.0,0.9998999834060669
YGR145W,YJR002W,0,-8.962724,0.09090909361839294,1.0,1.0
