Gene A,Gene B,Label,Score,Precision,Recall,False Positive Rate
YER045C,YLR066W,0,0.54660654,0.0,0.0,0.0008333333535119891
YNL272C,YLR215C,0,0.46809325,0.0,0.0,0.0016666667070239782
YPL046C,YNL299W,0,0.4650205,0.0,0.0,0.0024999999441206455
YFR003C,YOL064C,0,0.450659,0.0,0.0,0.0033333334140479565
YLR147C,YPL194W,0,0.44505766,0.0,0.0,0.004166666883975267
YNL147W,YGL232W,0,0.41973463,0.0,0.0,0.004999999888241291
YMR275C,YBR234C,1,0.389643,0.1428571492433548,0.008333333767950535,0.004999999888241291
YBR057C,YNL090W,0,0.37733182,0.125,0.008333333767950535,0.005833333358168602
YJL203W,YIL155C,0,0.35597846,0.1111111119389534,0.008333333767950535,0.006666666828095913
YOR313C,YLR096W,0,0.34652847,0.10000000149011612,0.008333333767950535,0.007499999832361937
YKL205W,YBR042C,0,0.33326545,0.09090909361839294,0.008333333767950535,0.008333333767950535
YNL075W,YNL030W,0,0.33192036,0.0833333358168602,0.008333333767950535,0.009166666306555271
YFL022C,YPR033C,0,0.3299403,0.07692307978868484,0.008333333767950535,0.009999999776482582
YDL227C,YCR093W,0,0.3273611,0.0714285746216774,0.008333333767950535,0.010833333246409893
YBR106W,YDL150W,0,0.31725204,0.06666667014360428,0.008333333767950535,0.011666666716337204
YGR103W,YOR187W,0,0.3087245,0.0625,0.008333333767950535,0.012500000186264515
YCR071C,YKL112W,0,0.29230553,0.05882352963089943,0.008333333767950535,0.013333333656191826
YIL154C,YGL127C,0,0.28079358,0.0555555559694767,0.008333333767950535,0.014166667126119137
YDL078C,YNL279W,0,0.28057864,0.05263157933950424,0.008333333767950535,0.014999999664723873
YJL002C,YDR123C,0,0.27948532,0.05000000074505806,0.008333333767950535,0.015833333134651184
YHR194W,YPR131C,1,0.27934703,0.095238097012043,0.01666666753590107,0.015833333134651184
YMR275C,YHR194W,1,0.27864507,0.13636364042758942,0.02500000037252903,0.015833333134651184
YNL127W,YDR407C,0,0.26758423,0.1304347813129425,0.02500000037252903,0.01666666753590107
YBR002C,YDR211W,0,0.26233461,0.125,0.02500000037252903,0.017500000074505806
YDR190C,YOL149W,0,0.25729722,0.11999999731779099,0.02500000037252903,0.018333332613110542
YNR003C,YDR198C,0,0.25108102,0.11538461595773697,0.02500000037252903,0.019166667014360428
YLR386W,YPR131C,1,0.24797592,0.14814814925193787,0.03333333507180214,0.019166667014360428
YLR032W,YLR277C,0,0.24506494,0.1428571492433548,0.03333333507180214,0.019999999552965164
YPR024W,YOR132W,0,0.24347916,0.13793103396892548,0.03333333507180214,0.02083333395421505
YBL052C,YOR243C,0,0.24020681,0.13333334028720856,0.03333333507180214,0.021666666492819786
YBR119W,YNL236W,0,0.23722792,0.12903225421905518,0.03333333507180214,0.02250000089406967
YBR117C,YJL116C,0,0.22735444,0.125,0.03333333507180214,0.023333333432674408
YNL257C,YDL116W,0,0.22691357,0.12121212482452393,0.03333333507180214,0.024166665971279144
YLR240W,YHR194W,1,0.22558486,0.14705882966518402,0.0416666679084301,0.024166665971279144
YIR028W,YPL167C,0,0.22026277,0.1428571492433548,0.0416666679084301,0.02500000037252903
YLR431C,YJL085W,0,0.21878439,0.1388888955116272,0.0416666679084301,0.025833332911133766
YOR388C,YIR025W,0,0.21625367,0.13513512909412384,0.0416666679084301,0.02666666731238365
YHL036W,YKR061W,0,0.20707813,0.1315789520740509,0.0416666679084301,0.027499999850988388
YDR495C,YLR240W,1,0.2034944,0.1538461595773697,0.05000000074505806,0.027499999850988388
YKL051W,YLR318W,0,0.19967833,0.15000000596046448,0.05000000074505806,0.028333334252238274
YLR176C,YOR213C,0,0.19756821,0.1463414579629898,0.05000000074505806,0.02916666679084301
YNL239W,YJL116C,0,0.19605908,0.1428571492433548,0.05000000074505806,0.029999999329447746
YDR459C,YMR075W,0,0.19461271,0.13953489065170288,0.05000000074505806,0.030833333730697632
YGR166W,YLR207W,0,0.19267482,0.13636364042758942,0.05000000074505806,0.03166666626930237
YBR265W,YPR008W,0,0.19044629,0.13333334028720856,0.05000000074505806,0.032499998807907104
YNL088W,YBL069W,0,0.18613797,0.1304347813129425,0.05000000074505806,0.03333333507180214
YBL016W,YAR002W,0,0.18597642,0.12765957415103912,0.05000000074505806,0.034166667610406876
YPL195W,YOL148C,0,0.18250108,0.125,0.05000000074505806,0.03500000014901161
YDR495C,YMR204C,1,0.17992935,0.1428571492433548,0.05833333358168602,0.03500000014901161
YKL009W,YGR284C,0,0.17831463,0.14000000059604645,0.05833333358168602,0.03583333268761635
YGL168W,YER001W,0,0.16960272,0.13725490868091583,0.05833333358168602,0.036666665226221085
YML010W,YGL097W,0,0.168811,0.13461539149284363,0.05833333358168602,0.03750000149011612
YDR302W,YEL002C,0,0.16547728,0.1320754736661911,0.05833333358168602,0.038333334028720856
YPR179C,YNL030W,0,0.16332963,0.12962962687015533,0.05833333358168602,0.03916666656732559
YDL116W,YGL238W,0,0.16131353,0.12727272510528564,0.05833333358168602,0.03999999910593033
YLR215C,YCL055W,0,0.16120955,0.125,0.05833333358168602,0.040833331644535065
YDR407C,YKL146W,0,0.1605922,0.12280701845884323,0.05833333358168602,0.0416666679084301
YPL242C,YMR303C,0,0.15941054,0.12068965286016464,0.05833333358168602,0.042500000447034836
YGL223C,YBR152W,0,0.15761396,0.11864406615495682,0.05833333358168602,0.04333333298563957
YOR033C,YOL063C,0,0.15501226,0.11666666716337204,0.05833333358168602,0.04416666552424431
YHR088W,YBR183W,0,0.15100525,0.1147540956735611,0.05833333358168602,0.04500000178813934
YER041W,YIL026C,0,0.14998639,0.11290322244167328,0.05833333358168602,0.04583333432674408
YMR092C,YKR087C,0,0.14707372,0.1111111119389534,0.05833333358168602,0.046666666865348816
YCR020C,YER159C,0,0.14384788,0.109375,0.05833333358168602,0.04749999940395355
YNL250W,YCL004W,0,0.14211755,0.10769230872392654,0.05833333358168602,0.04833333194255829
YNL272C,YMR033W,0,0.14058356,0.10606060922145844,0.05833333358168602,0.04916666820645332
YBR042C,YBL023C,0,0.14045857,0.10447761416435242,0.05833333358168602,0.05000000074505806
YNL244C,YDL128W,0,0.13847929,0.10294117778539658,0.05833333358168602,0.050833333283662796
YDR440W,YNR032C-A,0,0.1370275,0.10144927352666855,0.05833333358168602,0.05166666582226753
YDL007W,YGL174W,0,0.1367785,0.10000000149011612,0.05833333358168602,0.05249999836087227
YOR265W,YNL138W,0,0.13631916,0.09859155118465424,0.05833333358168602,0.0533333346247673
YMR234W,YDL213C,0,0.13251758,0.0972222238779068,0.05833333358168602,0.05416666716337204
YOL071W,YLR195C,0,0.13197993,0.09589041024446487,0.05833333358168602,0.054999999701976776
YPL242C,YLR210W,0,0.1301741,0.09459459781646729,0.05833333358168602,0.05583333224058151
YKL135C,YER005W,0,0.12934692,0.09333333373069763,0.05833333358168602,0.05666666850447655
YDR459C,YBR107C,0,0.12817004,0.09210526198148727,0.05833333358168602,0.057500001043081284
YDR499W,YER041W,0,0.12794611,0.09090909361839294,0.05833333358168602,0.05833333358168602
YGR159C,YGL195W,0,0.12554844,0.08974359184503555,0.05833333358168602,0.059166666120290756
YCL063W,YLR240W,1,0.123495385,0.10126582533121109,0.06666667014360428,0.059166666120290756
YMR234W,YLR277C,0,0.12225214,0.10000000149011612,0.06666667014360428,0.05999999865889549
YDR495C,YEL013W,1,0.120392144,0.1111111119389534,0.07500000298023224,0.05999999865889549
YLR403W,YOR348C,0,0.11784795,0.10975609719753265,0.07500000298023224,0.06083333492279053
YJL115W,YBL023C,0,0.11510375,0.10843373835086823,0.07500000298023224,0.061666667461395264
YPL092W,YDL117W,0,0.11292702,0.1071428582072258,0.07500000298023224,0.0625
YFR002W,YPL122C,0,0.11125794,0.10588235408067703,0.07500000298023224,0.06333333253860474
YNL070W,YNL061W,0,0.109710366,0.10465116053819656,0.07500000298023224,0.06416666507720947
YLR090W,YIL139C,0,0.1092322,0.1034482792019844,0.07500000298023224,0.06499999761581421
YPL040C,YGR099W,0,0.10761808,0.10227272659540176,0.07500000298023224,0.06583333015441895
YHR088W,YDL042C,0,0.106390476,0.10112359374761581,0.07500000298023224,0.06666667014360428
YGR078C,YOL094C,0,0.10627097,0.10000000149011612,0.07500000298023224,0.06750000268220901
YOL116W,YOL071W,0,0.10567318,0.09890110045671463,0.07500000298023224,0.06833333522081375
YMR125W,YJL025W,0,0.10389772,0.09782608598470688,0.07500000298023224,0.06916666775941849
YGL095C,YOR100C,0,0.10226098,0.09677419066429138,0.07500000298023224,0.07000000029802322
YJL145W,YDL231C,0,0.10169107,0.09574468433856964,0.07500000298023224,0.07083333283662796
YER145C,YIR006C,0,0.10117337,0.09473684430122375,0.07500000298023224,0.0716666653752327
YLR277C,YNR019W,0,0.099683255,0.09375,0.07500000298023224,0.07249999791383743
YOL165C,YGR143W,0,0.09890306,0.09278350323438644,0.07500000298023224,0.07333333045244217
YEL015W,YOR201C,0,0.09758267,0.09183673560619354,0.07500000298023224,0.0741666629910469
YGR166W,YOR028C,0,0.09509876,0.09090909361839294,0.07500000298023224,0.07500000298023224
YGL210W,YHR165C,0,0.09395376,0.09000000357627869,0.07500000298023224,0.07583333551883698
YOL067C,YGL153W,0,0.09294695,0.0891089141368866,0.07500000298023224,0.07666666805744171
YER183C,YIL031W,0,0.09189439,0.0882352963089943,0.07500000298023224,0.07750000059604645
YNL331C,YML091C,0,0.08898927,0.08737864345312119,0.07500000298023224,0.07833333313465118
YHR196W,YMR234W,0,0.08860138,0.08653846383094788,0.07500000298023224,0.07916666567325592
YML001W,YLR240W,1,0.088122815,0.095238097012043,0.0833333358168602,0.07916666567325592
YMR100W,YGL054C,0,0.08808197,0.09433962404727936,0.0833333358168602,0.07999999821186066
YMR290C,YPR081C,0,0.0859611,0.09345794469118118,0.0833333358168602,0.0808333307504654
YBR042C,YGL044C,0,0.08031446,0.09259258955717087,0.0833333358168602,0.08166666328907013
YOR221C,YDR382W,0,0.07968652,0.0917431190609932,0.0833333358168602,0.08250000327825546
YOL139C,YDL042C,0,0.07811467,0.09090909361839294,0.0833333358168602,0.0833333358168602
YOL020W,YOL026C,0,0.07762447,0.09009008854627609,0.0833333358168602,0.08416666835546494
YBR267W,YOR174W,0,0.075866014,0.0892857164144516,0.0833333358168602,0.08500000089406967
YIL072W,YOL072W,0,0.07176745,0.08849557489156723,0.0833333358168602,0.08583333343267441
YDR273W,YIL063C,0,0.06945583,0.08771929889917374,0.0833333358168602,0.08666666597127914
YMR266W,YKL080W,0,0.06687546,0.08695652335882187,0.0833333358168602,0.08749999850988388
YJR065C,YMR275C,1,0.06562388,0.09482758492231369,0.09166666865348816,0.08749999850988388
YNL127W,YJR131W,0,0.06536862,0.09401709586381912,0.09166666865348816,0.08833333104848862
YOR295W,YIR025W,0,0.06357172,0.09322033822536469,0.09166666865348816,0.08916666358709335
YHR129C,YHR143W-A,0,0.062370002,0.09243697673082352,0.09166666865348816,0.09000000357627869
YOL034W,YLR010C,0,0.06200394,0.09166666865348816,0.09166666865348816,0.09083333611488342
YBR109C,YLR401C,0,0.06174305,0.09090909361839294,0.09166666865348816,0.09166666865348816
YBR212W,YPL224C,0,0.055823147,0.0901639312505722,0.09166666865348816,0.0925000011920929
YGR078C,YDR040C,0,0.05500622,0.08943089097738266,0.09166666865348816,0.09333333373069763
YKL068W,YLR010C,0,0.054610595,0.08870967477560043,0.09166666865348816,0.09416666626930237
YDR495C,YPR131C,1,0.052146778,0.09600000083446503,0.10000000149011612,0.09416666626930237
YNL073W,YNL138W,0,0.05198911,0.095238097012043,0.10000000149011612,0.0949999988079071
YNL088W,YPR163C,0,0.05132383,0.09448818862438202,0.10000000149011612,0.09583333134651184
YLR105C,YAL013W,0,0.050905824,0.09375,0.10000000149011612,0.09666666388511658
YOR033C,YOR007C,0,0.05048266,0.09302325546741486,0.10000000149011612,0.09749999642372131
YLR136C,YMR200W,0,0.045520455,0.0923076942563057,0.10000000149011612,0.09833333641290665
YBR267W,YFR029W,0,0.04368618,0.09160305559635162,0.10000000149011612,0.09916666895151138
YMR033W,YHR193C,0,0.04356298,0.09090909361839294,0.10000000149011612,0.10000000149011612
YPL213W,YGL174W,0,0.042095244,0.09022556245326996,0.10000000149011612,0.10083333402872086
YOR110W,YNL299W,0,0.040985793,0.08955223858356476,0.10000000149011612,0.10166666656732559
YJR144W,YDL030W,0,0.038955867,0.08888889104127884,0.10000000149011612,0.10249999910593033
YLR011W,YDR214W,0,0.038942665,0.0882352963089943,0.10000000149011612,0.10333333164453506
YCR071C,YHR023W,0,0.038848877,0.08759123831987381,0.10000000149011612,0.1041666641831398
YER142C,YLR105C,0,0.036823764,0.08695652335882187,0.10000000149011612,0.10499999672174454
YLR032W,YDR411C,0,0.036510155,0.08633093535900116,0.10000000149011612,0.10583333671092987
YDR211W,YKL186C,0,0.036079213,0.08571428805589676,0.10000000149011612,0.1066666692495346
YHR196W,YLR210W,0,0.035856247,0.08510638028383255,0.10000000149011612,0.10750000178813934
YPL202C,YKL197C,0,0.03566876,0.0845070406794548,0.10000000149011612,0.10833333432674408
YHR041C,YGL113W,0,0.033752292,0.0839160829782486,0.10000000149011612,0.10916666686534882
YKL148C,YIR037W,0,0.033081025,0.0833333358168602,0.10000000149011612,0.10999999940395355
YMR284W,YOL031C,0,0.03276208,0.08275862038135529,0.10000000149011612,0.11083333194255829
YKR062W,YOL004W,0,0.032109052,0.08219178020954132,0.10000000149011612,0.11166666448116302
YGL020C,YCR018C,0,0.029960826,0.08163265138864517,0.10000000149011612,0.11249999701976776
YLR337C,YGL093W,0,0.029723369,0.0810810774564743,0.10000000149011612,0.1133333370089531
YNL127W,YEL051W,0,0.029244184,0.08053690940141678,0.10000000149011612,0.11416666954755783
YDL132W,YJR010C-A,0,0.028473198,0.07999999821186066,0.10000000149011612,0.11500000208616257
YDR072C,YOL133W,0,0.027549386,0.0794702023267746,0.10000000149011612,0.1158333346247673
YDR443C,YER006W,0,0.026601195,0.07894736528396606,0.10000000149011612,0.11666666716337204
YLR016C,YPR024W,0,0.025861263,0.0784313753247261,0.10000000149011612,0.11749999970197678
YDL120W,YNL026W,0,0.025723822,0.07792207598686218,0.10000000149011612,0.11833333224058151
YML107C,YBR136W,0,0.024649829,0.07741935551166534,0.10000000149011612,0.11916666477918625
YGR116W,YKL112W,0,0.024497122,0.07692307978868484,0.10000000149011612,0.11999999731779099
YNL167C,YGL195W,0,0.02388122,0.07643312215805054,0.10000000149011612,0.12083332985639572
YBR171W,YDR440W,0,0.02142895,0.07594936341047287,0.10000000149011612,0.12166666984558105
YGR075C,YDR040C,0,0.021108352,0.07547169923782349,0.10000000149011612,0.12250000238418579
YCL004W,YOL135C,0,0.021103479,0.07500000298023224,0.10000000149011612,0.12333333492279053
YLR028C,YDR022C,0,0.020994633,0.07453416287899017,0.10000000149011612,0.12416666746139526
YOR243C,YNL299W,0,0.020544603,0.07407407462596893,0.10000000149011612,0.125
YGR002C,YMR015C,0,0.020187974,0.07361963391304016,0.10000000149011612,0.12583333253860474
YCL063W,YMR163C,1,0.018559366,0.07926829159259796,0.10833333432674408,0.12583333253860474
YMR072W,YDR495C,1,0.01772388,0.08484848588705063,0.11666666716337204,0.12583333253860474
YPR081C,YDL134C,0,0.016178124,0.08433734625577927,0.11666666716337204,0.12666666507720947
YBL088C,YDR040C,0,0.016090646,0.08383233845233917,0.11666666716337204,0.1274999976158142
YPL202C,YKL112W,0,0.013328046,0.0833333358168602,0.11666666716337204,0.12833333015441895
YPL085W,YOL165C,0,0.012322277,0.08284023404121399,0.11666666716337204,0.12916666269302368
YLR386W,YBR234C,1,0.012010433,0.0882352963089943,0.125,0.12916666269302368
YGR258C,YPL117C,0,0.011547893,0.08771929889917374,0.125,0.12999999523162842
YOR061W,YBL079W,0,0.011372343,0.0872092992067337,0.125,0.13083332777023315
YMR163C,YBR234C,1,0.009962685,0.09248554706573486,0.13333334028720856,0.13083332777023315
YOR061W,YBR117C,0,0.008336455,0.09195402264595032,0.13333334028720856,0.1316666603088379
YBR048W,YNL323W,0,0.008232437,0.09142857044935226,0.13333334028720856,0.13249999284744263
YGR046W,YDR040C,0,0.0069180503,0.09090909361839294,0.13333334028720856,0.13333334028720856
YKR068C,YPL137C,0,0.0067328364,0.0903954803943634,0.13333334028720856,0.1341666728258133
YNL314W,YKL206C,0,0.0052216128,0.08988764137029648,0.13333334028720856,0.13500000536441803
YLL034C,YGL058W,0,0.005084783,0.08938547223806381,0.13333334028720856,0.13583333790302277
YCL063W,YMR204C,1,0.0035438463,0.09444444626569748,0.14166666567325592,0.13583333790302277
YPL242C,YGL210W,0,0.0029388666,0.09392265230417252,0.14166666567325592,0.1366666704416275
YML042W,YJL198W,0,0.0028674603,0.09340659528970718,0.14166666567325592,0.13750000298023224
YMR303C,YLR210W,0,0.0022545531,0.09289617836475372,0.14166666567325592,0.13833333551883698
YJL002C,YOR213C,0,0.0011445582,0.09239130467176437,0.14166666567325592,0.1391666680574417
YML001W,YEL013W,1,-0.00014525652,0.0972972959280014,0.15000000596046448,0.1391666680574417
YNL030W,YBR257W,0,-0.0020896643,0.09677419066429138,0.15000000596046448,0.14000000059604645
YIL149C,YDR485C,0,-0.0027244687,0.09625668078660965,0.15000000596046448,0.14083333313465118
YKR085C,YMR136W,0,-0.002733782,0.09574468433856964,0.15000000596046448,0.14166666567325592
YNL073W,YLR139C,0,-0.0028556362,0.095238097012043,0.15000000596046448,0.14249999821186066
YNL257C,YDL213C,0,-0.0032471642,0.09473684430122375,0.15000000596046448,0.1433333307504654
YLL001W,YLR386W,1,-0.0042773113,0.09947644174098969,0.15833333134651184,0.1433333307504654
YPL015C,YOR207C,0,-0.004861936,0.0989583358168602,0.15833333134651184,0.14416666328907013
YHL038C,YFR047C,0,-0.0064292997,0.0984455943107605,0.15833333134651184,0.14499999582767487
YNL097C,YDR123C,0,-0.0072891414,0.09793814271688461,0.15833333134651184,0.1458333283662796
YHR012W,YMR106C,0,-0.007705152,0.09743589907884598,0.15833333134651184,0.14666666090488434
YIR005W,YFL038C,0,-0.010162175,0.09693877398967743,0.15833333134651184,0.14749999344348907
YER129W,YPL149W,0,-0.0119011775,0.0964467003941536,0.15833333134651184,0.1483333259820938
YPL224C,YDL235C,0,-0.013834149,0.09595959633588791,0.15833333134651184,0.14916667342185974
YPR154W,YOR039W,0,-0.014898136,0.0954773873090744,0.15833333134651184,0.15000000596046448
YGR171C,YHR107C,0,-0.015096456,0.0949999988079071,0.15833333134651184,0.1508333384990692
YJR069C,YNL030W,0,-0.015848197,0.09452736377716064,0.15833333134651184,0.15166667103767395
YPR191W,YOR094W,0,-0.016329229,0.09405940771102905,0.15833333134651184,0.1525000035762787
YPL093W,YKL146W,0,-0.018421069,0.09359605610370636,0.15833333134651184,0.15333333611488342
YLR011W,YDR078C,0,-0.019366972,0.09313725680112839,0.15833333134651184,0.15416666865348816
YJR065C,YHR194W,1,-0.01963494,0.09756097197532654,0.1666666716337204,0.15416666865348816
YDR106W,YHR034C,0,-0.019812793,0.09708737581968307,0.1666666716337204,0.1550000011920929
YCL062W,YMR163C,1,-0.020422004,0.10144927352666855,0.17499999701976776,0.1550000011920929
YCL063W,YLR386W,1,-0.021327905,0.10576923191547394,0.18333333730697632,0.1550000011920929
YOL072W,YNR003C,0,-0.022928461,0.10526315867900848,0.18333333730697632,0.15583333373069763
YNL314W,YDL231C,0,-0.023499161,0.10476190596818924,0.18333333730697632,0.15666666626930237
YBR119W,YNL070W,0,-0.023769915,0.10426539927721024,0.18333333730697632,0.1574999988079071
YOR267C,YPL059W,0,-0.024261802,0.1037735864520073,0.18333333730697632,0.15833333134651184
YLR240W,YBR234C,1,-0.027092233,0.10798121988773346,0.19166666269302368,0.15833333134651184
YMR072W,YLR386W,1,-0.02828613,0.11214952915906906,0.20000000298023224,0.15833333134651184
YBL034C,YHR150W,0,-0.028480448,0.11162790656089783,0.20000000298023224,0.15916666388511658
YDR459C,YER167W,0,-0.029245958,0.1111111119389534,0.20000000298023224,0.1599999964237213
YOR028C,YML058W,0,-0.030381233,0.1105990782380104,0.20000000298023224,0.16083332896232605
YMR214W,YLL018C-A,0,-0.030852817,0.11009174585342407,0.20000000298023224,0.1616666615009308
YGL116W,YDR098C,0,-0.031323947,0.10958904027938843,0.20000000298023224,0.16249999403953552
YNL239W,YLR435W,0,-0.032168694,0.1090909093618393,0.20000000298023224,0.16333332657814026
YLR386W,YHR194W,1,-0.03350883,0.11312217265367508,0.2083333283662796,0.16333332657814026
YMR080C,YPR021C,0,-0.03366839,0.11261261254549026,0.2083333283662796,0.1641666740179062
YGL167C,YGL058W,0,-0.034329265,0.11210761964321136,0.2083333283662796,0.16500000655651093
YPR179C,YLR210W,0,-0.035692304,0.1116071417927742,0.2083333283662796,0.16583333909511566
YMR075W,YML074C,0,-0.035906717,0.1111111119389534,0.2083333283662796,0.1666666716337204
YOR028C,YGR175C,0,-0.03621514,0.11061947047710419,0.2083333283662796,0.16750000417232513
YLR127C,YOR160W,0,-0.036652572,0.11013215780258179,0.2083333283662796,0.16833333671092987
YOL094C,YOR295W,0,-0.037414767,0.10964912176132202,0.2083333283662796,0.1691666692495346
YCR020W-B,YGL227W,0,-0.03882999,0.10917030274868011,0.2083333283662796,0.17000000178813934
YMR029C,YCR063W,0,-0.039008945,0.10869564861059189,0.2083333283662796,0.17083333432674408
YNL318C,YHR107C,0,-0.040315695,0.10822510719299316,0.2083333283662796,0.17166666686534882
YLR032W,YLL034C,0,-0.041429833,0.10775861889123917,0.2083333283662796,0.17249999940395355
YLR314C,YKL141W,0,-0.043039173,0.10729613900184631,0.2083333283662796,0.1733333319425583
YBR202W,YPR163C,0,-0.043667793,0.10683760792016983,0.2083333283662796,0.17416666448116302
YGR166W,YIL033C,0,-0.0436991,0.10638298094272614,0.2083333283662796,0.17499999701976776
YLL021W,YDL192W,0,-0.044641793,0.10593220591545105,0.2083333283662796,0.1758333295583725
YNL318C,YML006C,0,-0.044952698,0.1054852306842804,0.2083333283662796,0.17666666209697723
YNL272C,YGR163W,0,-0.04499866,0.10504201799631119,0.2083333283662796,0.17749999463558197
YOR173W,YLR466W,0,-0.045709178,0.10460250824689865,0.2083333283662796,0.1783333271741867
YPL117C,YDR057W,0,-0.04669474,0.1041666641831398,0.2083333283662796,0.17916665971279144
YOL072W,YDR393W,0,-0.047064185,0.10373444110155106,0.2083333283662796,0.18000000715255737
YLR145W,YJL116C,0,-0.047914743,0.10330578684806824,0.2083333283662796,0.1808333396911621
YCL062W,YMR204C,1,-0.048444144,0.10699588805437088,0.21666666865348816,0.1808333396911621
YJL060W,YMR113W,0,-0.04871431,0.10655737668275833,0.21666666865348816,0.18166667222976685
YOL164W,YNR038W,0,-0.049813427,0.1061224490404129,0.21666666865348816,0.18250000476837158
YKR062W,YEL032W,0,-0.050436065,0.10569106042385101,0.21666666865348816,0.18333333730697632
YHR196W,YNR003C,0,-0.050533846,0.10526315867900848,0.21666666865348816,0.18416666984558105
YDR273W,YPR132W,0,-0.05056749,0.10483870655298233,0.21666666865348816,0.1850000023841858
YOR371C,YOR132W,0,-0.05095078,0.10441767424345016,0.21666666865348816,0.18583333492279053
YBR240C,YBR257W,0,-0.05145091,0.10400000214576721,0.21666666865348816,0.18666666746139526
YOR079C,YBR042C,0,-0.053563453,0.10358566045761108,0.21666666865348816,0.1875
YNL244C,YDR450W,0,-0.054121144,0.1031746044754982,0.21666666865348816,0.18833333253860474
YGL210W,YIR019C,0,-0.054889098,0.10276679694652557,0.21666666865348816,0.18916666507720947
YLR431C,YOR201C,0,-0.054896846,0.10236220806837082,0.21666666865348816,0.1899999976158142
YDR407C,YDR080W,0,-0.05507668,0.10196078568696976,0.21666666865348816,0.19083333015441895
YBR077C,YOL067C,0,-0.05537262,0.1015625,0.21666666865348816,0.19166666269302368
YNL070W,YDR211W,0,-0.05542153,0.10116731375455856,0.21666666865348816,0.19249999523162842
YLR240W,YPR131C,1,-0.055530228,0.10465116053819656,0.22499999403953552,0.19249999523162842
YPL178W,YPL100W,0,-0.055586547,0.10424710065126419,0.22499999403953552,0.19333332777023315
YBL106C,YOR295W,0,-0.055733174,0.10384615510702133,0.22499999403953552,0.1941666603088379
YLR260W,YLR435W,0,-0.056306913,0.1034482792019844,0.22499999403953552,0.19499999284744263
YJR022W,YBR002C,0,-0.056515764,0.10305343568325043,0.22499999403953552,0.19583334028720856
YML059C,YER044C,0,-0.057099245,0.10266159474849701,0.22499999403953552,0.1966666728258133
YEL051W,YMR106C,0,-0.057336897,0.10227272659540176,0.22499999403953552,0.19750000536441803
YMR165C,YBR106W,0,-0.058416784,0.1018867939710617,0.22499999403953552,0.19833333790302277
YCR065W,YHR082C,0,-0.059521228,0.10150375962257385,0.22499999403953552,0.1991666704416275
YML001W,YDR495C,1,-0.05968722,0.10486891120672226,0.23333333432674408,0.1991666704416275
YJR065C,YLL001W,1,-0.06081313,0.10820895433425903,0.24166665971279144,0.1991666704416275
YPL174C,YAR007C,0,-0.06115584,0.10780669003725052,0.24166665971279144,0.20000000298023224
YNL075W,YER006W,0,-0.06125605,0.10740740597248077,0.24166665971279144,0.20083333551883698
YPR134W,YMR015C,0,-0.062140092,0.10701107233762741,0.24166665971279144,0.2016666680574417
YNL113W,YOL071W,0,-0.06230259,0.10661764442920685,0.24166665971279144,0.20250000059604645
YKL068W,YBR254C,0,-0.064191,0.10622710734605789,0.24166665971279144,0.20333333313465118
YDR302W,YPR104C,0,-0.0644243,0.10583941638469696,0.24166665971279144,0.20416666567325592
YLR314C,YCR031C,0,-0.064609274,0.10545454174280167,0.24166665971279144,0.20499999821186066
YPL093W,YMR134W,0,-0.06462863,0.10507246106863022,0.24166665971279144,0.2058333307504654
YGL033W,YJL025W,0,-0.06506508,0.10469313710927963,0.24166665971279144,0.20666666328907013
YGL098W,YGL116W,0,-0.06545463,0.10431654751300812,0.24166665971279144,0.20749999582767487
YOR028C,YOR100C,0,-0.06819009,0.10394265502691269,0.24166665971279144,0.2083333283662796
YNL015W,YDR194C,0,-0.0705224,0.10357142984867096,0.24166665971279144,0.20916666090488434
YIL132C,YPL122C,0,-0.071297124,0.10320284962654114,0.24166665971279144,0.20999999344348907
YNL113W,YLR210W,0,-0.07154988,0.10283687710762024,0.24166665971279144,0.2108333259820938
YNL036W,YDR009W,0,-0.071701445,0.10247349739074707,0.24166665971279144,0.21166667342185974
YMR134W,YOR213C,0,-0.0720732,0.10211267322301865,0.24166665971279144,0.21250000596046448
YGL013C,YHR005C,0,-0.07290057,0.10175438225269318,0.24166665971279144,0.2133333384990692
YNL041C,YPL262W,0,-0.07304892,0.10139860212802887,0.24166665971279144,0.21416667103767395
YFR046C,YLR423C,0,-0.07321553,0.10104529559612274,0.24166665971279144,0.2150000035762787
YER167W,YPL190C,0,-0.07346125,0.1006944477558136,0.24166665971279144,0.21583333611488342
YBR127C,YJL087C,0,-0.07421346,0.10034602135419846,0.24166665971279144,0.21666666865348816
YOL055C,YLL018C-A,0,-0.0749461,0.10000000149011612,0.24166665971279144,0.2175000011920929
YPL262W,YFL060C,0,-0.075180456,0.0996563583612442,0.24166665971279144,0.21833333373069763
YML107C,YGR247W,0,-0.075985864,0.09931506961584091,0.24166665971279144,0.21916666626930237
YCR084C,YDR324C,0,-0.07608603,0.09897611290216446,0.24166665971279144,0.2199999988079071
YBR171W,YDR472W,0,-0.07640963,0.09863945841789246,0.24166665971279144,0.22083333134651184
YFR024C,YIL101C,0,-0.07689289,0.09830508381128311,0.24166665971279144,0.22166666388511658
YBR012W-A,YDR170W-A,0,-0.07746721,0.09797297418117523,0.24166665971279144,0.2224999964237213
YNL225C,YKR085C,0,-0.07937246,0.09764309972524643,0.24166665971279144,0.22333332896232605
YNR032C-A,YDL165W,0,-0.07951125,0.09731543809175491,0.24166665971279144,0.2241666615009308
YMR275C,YLR240W,1,-0.07959092,0.10033445060253143,0.25,0.2241666615009308
YBR294W,YOR288C,0,-0.08049417,0.10000000149011612,0.25,0.22499999403953552
YJR069C,YNL257C,0,-0.08087345,0.09966777265071869,0.25,0.22583332657814026
YCL063W,YHR194W,1,-0.08118485,0.10264900326728821,0.25833332538604736,0.22583332657814026
YML001W,YCL063W,1,-0.08133075,0.10561056435108185,0.2666666805744171,0.22583332657814026
YER165W,YMR106C,0,-0.081629515,0.10526315867900848,0.2666666805744171,0.2266666740179062
YLR260W,YJR103W,0,-0.08295436,0.10491803288459778,0.2666666805744171,0.22750000655651093
YBR043C,YFL035C,0,-0.0849404,0.10457516461610794,0.2666666805744171,0.22833333909511566
YPL196W,YNL250W,0,-0.08498457,0.10423452407121658,0.2666666805744171,0.2291666716337204
YDR453C,YOR008C-A,0,-0.085270114,0.10389610379934311,0.2666666805744171,0.23000000417232513
YBL023C,YGL033W,0,-0.08534297,0.10355987399816513,0.2666666805744171,0.23083333671092987
YNL085W,YBR260C,0,-0.08552928,0.10322580486536026,0.2666666805744171,0.2316666692495346
YML001W,YCL062W,1,-0.08572081,0.10610932111740112,0.2750000059604645,0.2316666692495346
YOR301W,YKR003W,0,-0.08587986,0.10576923191547394,0.2750000059604645,0.23250000178813934
YJR047C,YCR093W,0,-0.08674368,0.10543131083250046,0.2750000059604645,0.23333333432674408
YHR194W,YBR234C,1,-0.087266535,0.1082802563905716,0.28333333134651184,0.23333333432674408
YMR072W,YCL062W,1,-0.0874725,0.1111111119389534,0.2916666567325592,0.23333333432674408
YBL056W,YPL059W,0,-0.087698035,0.11075949668884277,0.2916666567325592,0.23416666686534882
YEL013W,YLR240W,1,-0.08944096,0.11356467008590698,0.30000001192092896,0.23416666686534882
YNL167C,YML006C,0,-0.08992543,0.11320754885673523,0.30000001192092896,0.23499999940395355
YKR068C,YOL133W,0,-0.0902594,0.11285266280174255,0.30000001192092896,0.2358333319425583
YBR087W,YDL117W,0,-0.09057236,0.11249999701976776,0.30000001192092896,0.23666666448116302
YLR337C,YDL117W,0,-0.09186144,0.11214952915906906,0.30000001192092896,0.23749999701976776
YFR047C,YDR129C,0,-0.0932689,0.11180124431848526,0.30000001192092896,0.2383333295583725
YMR204C,YMR163C,1,-0.093563035,0.11455108225345612,0.3083333373069763,0.2383333295583725
YEL013W,YMR204C,1,-0.09359303,0.11728394776582718,0.3166666626930237,0.2383333295583725
YNL075W,YOR346W,0,-0.09362732,0.11692307889461517,0.3166666626930237,0.23916666209697723
YPR134W,YGL174W,0,-0.0946487,0.11656441539525986,0.3166666626930237,0.23999999463558197
YAL001C,YML074C,0,-0.095869765,0.11620794981718063,0.3166666626930237,0.2408333271741867
YIL010W,YIL065C,0,-0.09608047,0.11585365980863571,0.3166666626930237,0.24166665971279144
YDR472W,YKL203C,0,-0.096177205,0.1155015230178833,0.3166666626930237,0.24250000715255737
YLR084C,YDR170W-A,0,-0.096272245,0.11515151709318161,0.3166666626930237,0.2433333396911621
YDL126C,YER041W,0,-0.09631452,0.11480362713336945,0.3166666626930237,0.24416667222976685
YMR165C,YOR356W,0,-0.096384436,0.11445783078670502,0.3166666626930237,0.24500000476837158
YCR048W,YGL071W,0,-0.097177655,0.11411411315202713,0.3166666626930237,0.24583333730697632
YLR263W,YDL042C,0,-0.09726408,0.113772451877594,0.3166666626930237,0.24666666984558105
YNL047C,YOR137C,0,-0.097607,0.11343283951282501,0.3166666626930237,0.2475000023841858
YCR060W,YDL213C,0,-0.097617164,0.1130952388048172,0.3166666626930237,0.24833333492279053
YOL072W,YPL242C,0,-0.09859195,0.11275964230298996,0.3166666626930237,0.24916666746139526
YLR011W,YJL198W,0,-0.100987345,0.1124260351061821,0.3166666626930237,0.25
YGL043W,YFL038C,0,-0.10209343,0.11209439486265182,0.3166666626930237,0.25083333253860474
YGL038C,YHR042W,0,-0.103004575,0.11176470667123795,0.3166666626930237,0.2516666650772095
YBR257W,YBR186W,0,-0.103695035,0.11143694818019867,0.3166666626930237,0.2524999976158142
YNL177C,YFR024C,0,-0.10379762,0.1111111119389534,0.3166666626930237,0.25333333015441895
YDR443C,YKL186C,0,-0.10386515,0.11078717559576035,0.3166666626930237,0.2541666626930237
YBL056W,YOR087W,0,-0.104086585,0.11046511679887772,0.3166666626930237,0.2549999952316284
YGR027W-B,YBR036C,0,-0.104302,0.11014492809772491,0.3166666626930237,0.25583332777023315
YNL284C-B,YGL054C,0,-0.10455266,0.10982658714056015,0.3166666626930237,0.2566666603088379
YKL113C,YNL284C-B,0,-0.1048347,0.10951008647680283,0.3166666626930237,0.2574999928474426
YGR171C,YDR025W,0,-0.104895934,0.10919540375471115,0.3166666626930237,0.25833332538604736
YDR472W,YGL232W,0,-0.10511666,0.10888252407312393,0.3166666626930237,0.2591666579246521
YGR094W,YDR273W,0,-0.10525551,0.10857142508029938,0.3166666626930237,0.25999999046325684
YMR204C,YHR194W,1,-0.105282456,0.1111111119389534,0.32499998807907104,0.25999999046325684
YDR495C,YCL062W,1,-0.10539981,0.11363636702299118,0.3333333432674408,0.25999999046325684
YOL156W,YIL033C,0,-0.10564302,0.11331444978713989,0.3333333432674408,0.2608333230018616
YLR410W-B,YDR361C,0,-0.10596846,0.11299435049295425,0.3333333432674408,0.2616666555404663
YPR191W,YEL003W,0,-0.106729716,0.11267605423927307,0.3333333432674408,0.26249998807907104
YGR027W-B,YHR005C,0,-0.10710098,0.11235955357551575,0.3333333432674408,0.2633333206176758
YEL066W,YDR490C,0,-0.10726079,0.1120448186993599,0.3333333432674408,0.2641666531562805
YEL015W,YBR152W,0,-0.107608795,0.11173184216022491,0.3333333432674408,0.26499998569488525
YDR382W,YEL002C,0,-0.10793486,0.11142061650753021,0.3333333432674408,0.2658333480358124
YER056C,YPR052C,0,-0.108724505,0.1111111119389534,0.3333333432674408,0.2666666805744171
YBL100W-A,YGR247W,0,-0.10890607,0.11080332100391388,0.3333333432674408,0.26750001311302185
YBR294W,YJL085W,0,-0.108974874,0.11049723625183105,0.3333333432674408,0.2683333456516266
YER145C,YDR059C,0,-0.10903373,0.11019283533096313,0.3333333432674408,0.2691666781902313
YGL089C,YDL030W,0,-0.109037206,0.10989011079072952,0.3333333432674408,0.27000001072883606
YJL025W,YHR008C,0,-0.11017427,0.10958904027938843,0.3333333432674408,0.2708333432674408
YJL085W,YDR432W,0,-0.11029119,0.10928961634635925,0.3333333432674408,0.27166667580604553
YCL062W,YPR131C,1,-0.11077468,0.1117166206240654,0.34166666865348816,0.27166667580604553
YML031W,YLR100W,0,-0.1114754,0.11141304671764374,0.34166666865348816,0.27250000834465027
YDL007W,YLR256W-A,0,-0.11230341,0.1111111119389534,0.34166666865348816,0.273333340883255
YCR080W,YER087C-A,0,-0.11261548,0.11081080883741379,0.34166666865348816,0.27416667342185974
YIR008C,YCL055W,0,-0.11276874,0.1105121299624443,0.34166666865348816,0.2750000059604645
YGR002C,YOR356W,0,-0.112817906,0.11021505296230316,0.34166666865348816,0.2758333384990692
YBR043C,YPL224C,0,-0.11287008,0.10991957038640976,0.34166666865348816,0.27666667103767395
YOR160W,YHR188C,0,-0.11313973,0.1096256673336029,0.34166666865348816,0.2775000035762787
YGL200C,YDL060W,0,-0.114211135,0.109333336353302,0.34166666865348816,0.2783333361148834
YKL011C,YOR319W,0,-0.11510891,0.10904255509376526,0.34166666865348816,0.27916666865348816
YIL049W,YLR066W,0,-0.11695579,0.10875331610441208,0.34166666865348816,0.2800000011920929
YBR081C,YOL135C,0,-0.116995335,0.10846561193466187,0.34166666865348816,0.28083333373069763
YLR011W,YGL130W,0,-0.11701428,0.10817942023277283,0.34166666865348816,0.28166666626930237
YGL005C,YLR201C,0,-0.11729856,0.10789473354816437,0.34166666865348816,0.2824999988079071
YKL170W,YER073W,0,-0.11793451,0.10761155188083649,0.34166666865348816,0.28333333134651184
YNL225C,YLR224W,0,-0.11854887,0.1073298454284668,0.34166666865348816,0.2841666638851166
YDR163W,YLL056C,0,-0.11914326,0.1070496067404747,0.34166666865348816,0.2849999964237213
YHR077C,YBR042C,0,-0.11916734,0.1067708358168602,0.34166666865348816,0.28583332896232605
YMR284W,YHR039C-B,0,-0.11933528,0.1064935028553009,0.34166666865348816,0.2866666615009308
YJR156C,YLR318W,0,-0.1199307,0.10621761530637741,0.34166666865348816,0.2874999940395355
YLR337C,YPR122W,0,-0.12074551,0.10594315081834793,0.34166666865348816,0.28833332657814026
YDR145W,YIL139C,0,-0.12162137,0.10567010194063187,0.34166666865348816,0.289166659116745
YIL021W,YDR040C,0,-0.122551546,0.10539846122264862,0.34166666865348816,0.28999999165534973
YDL159W,YLR401C,0,-0.123199984,0.1051282063126564,0.34166666865348816,0.29083332419395447
YGR027W-B,YGR152C,0,-0.12355076,0.10485933721065521,0.34166666865348816,0.2916666567325592
YBL052C,YGL210W,0,-0.12401196,0.10459183901548386,0.34166666865348816,0.29249998927116394
YLL035W,YKL143W,0,-0.124410376,0.10432569682598114,0.34166666865348816,0.2933333218097687
YHL009W-B,YER103W,0,-0.124754615,0.10406091064214706,0.34166666865348816,0.2941666543483734
YDR453C,YDL060W,0,-0.12478976,0.10379746556282043,0.34166666865348816,0.29499998688697815
YOL149W,YMR243C,0,-0.12593463,0.10353535413742065,0.34166666865348816,0.2958333194255829
YER143W,YDR181C,0,-0.1260061,0.10327456146478653,0.34166666865348816,0.2966666519641876
YNL284C-A,YHR023W,0,-0.12604882,0.10301507264375687,0.34166666865348816,0.29750001430511475
YNL284C-A,YGR134W,0,-0.12604882,0.10275689512491226,0.34166666865348816,0.2983333468437195
YNL284C-A,YLR215C,0,-0.12604882,0.10249999910593033,0.34166666865348816,0.2991666793823242
YNL284C-A,YGR116W,0,-0.12604882,0.10224439203739166,0.34166666865348816,0.30000001192092896
YDR170W-A,YBR183W,0,-0.12628561,0.10199005156755447,0.34166666865348816,0.3008333444595337
YDR495C,YLR386W,1,-0.1266583,0.10421836376190186,0.3499999940395355,0.3008333444595337
YNL214W,YOR209C,0,-0.12712012,0.10396039485931396,0.3499999940395355,0.3016666769981384
YNL084C,YGR085C,0,-0.12723574,0.10370370000600815,0.3499999940395355,0.30250000953674316
YKL152C,YOR087W,0,-0.12743387,0.1034482792019844,0.3499999940395355,0.3033333420753479
YGR027W-B,YDR382W,0,-0.12745832,0.10319410264492035,0.3499999940395355,0.30416667461395264
YMR204C,YPR131C,1,-0.12751386,0.10539215803146362,0.3583333194255829,0.30416667461395264
YBL100W-A,YBR109C,0,-0.12829876,0.10513447225093842,0.3583333194255829,0.3050000071525574
YMR200W,YJL012C-A,0,-0.12845202,0.10487804561853409,0.3583333194255829,0.3058333396911621
YNR032C-A,YHR020W,0,-0.12887806,0.10462287068367004,0.3583333194255829,0.30666667222976685
YJL207C,YOL156W,0,-0.12894946,0.10436893254518509,0.3583333194255829,0.3075000047683716
YBR196C,YNL084C,0,-0.12937802,0.10411622375249863,0.3583333194255829,0.3083333373069763
YLR227W-A,YLL024C,0,-0.12943912,0.10386473685503006,0.3583333194255829,0.30916666984558105
YOR209C,YGR143W,0,-0.12945676,0.1036144569516182,0.3583333194255829,0.3100000023841858
YDR055W,YBR072W,0,-0.12963244,0.10336538404226303,0.3583333194255829,0.3108333349227905
YBR136W,YLR377C,0,-0.12965547,0.10311750322580338,0.3583333194255829,0.31166666746139526
YDR427W,YDL042C,0,-0.12966965,0.10287081450223923,0.3583333194255829,0.3125
YDR172W,YMR091C,0,-0.12996167,0.1026252955198288,0.3583333194255829,0.31333333253860474
YIR015W,YER087C-A,0,-0.13047495,0.10238095372915268,0.3583333194255829,0.3141666650772095
YJR028W,YGR284C,0,-0.13163875,0.10213776677846909,0.3583333194255829,0.3149999976158142
YCL062W,YLR386W,1,-0.13166907,0.10426539927721024,0.36666667461395264,0.3149999976158142
YHR129C,YPL096C-A,0,-0.13178276,0.1040189117193222,0.36666667461395264,0.31583333015441895
YGL187C,YBL079W,0,-0.13239932,0.1037735864520073,0.36666667461395264,0.3166666626930237
YFR046C,YGL095C,0,-0.13267519,0.10352940857410431,0.36666667461395264,0.3174999952316284
YLR329W,YJR144W,0,-0.13270642,0.10328638553619385,0.36666667461395264,0.31833332777023315
YFL021W,YJL012C-A,0,-0.13357008,0.10304449498653412,0.36666667461395264,0.3191666603088379
YGL033W,YLR435W,0,-0.13432874,0.10280373692512512,0.36666667461395264,0.3199999928474426
YMR275C,YCL062W,1,-0.13572916,0.10489510744810104,0.375,0.3199999928474426
YBR228W,YER174C,0,-0.13668439,0.10465116053819656,0.375,0.32083332538604736
YLR256W-A,YPR112C,0,-0.13693886,0.10440835356712341,0.375,0.3216666579246521
YHR123W,YML129C,0,-0.13728955,0.1041666641831398,0.375,0.32249999046325684
YMR072W,YCL063W,1,-0.13770574,0.1062355637550354,0.38333332538604736,0.32249999046325684
YLR130C,YLR410W-B,0,-0.13823095,0.10599078238010406,0.38333332538604736,0.3233333230018616
YLR016C,YOR267C,0,-0.13842443,0.10574712604284286,0.38333332538604736,0.3241666555404663
YDR101C,YKL186C,0,-0.13924453,0.1055045872926712,0.38333332538604736,0.32499998807907104
YOR187W,YCR027C,0,-0.13945392,0.10526315867900848,0.38333332538604736,0.3258333206176758
YNL156C,YOR063W,0,-0.13957354,0.10502283275127411,0.38333332538604736,0.3266666531562805
YDL051W,YFL021W,0,-0.13957797,0.10478360205888748,0.38333332538604736,0.32749998569488525
YJR147W,YML059C,0,-0.14020178,0.10454545170068741,0.38333332538604736,0.3283333480358124
YAL040C,YGR134W,0,-0.14099431,0.10430838912725449,0.38333332538604736,0.3291666805744171
YGR046W,YOR213C,0,-0.1411586,0.10407239943742752,0.38333332538604736,0.33000001311302185
YOR319W,YOL045W,0,-0.14158079,0.10383747518062592,0.38333332538604736,0.3308333456516266
YLR337C,YAR044W,0,-0.14171946,0.10360360145568848,0.38333332538604736,0.3316666781902313
YLR105C,YGR133W,0,-0.14209913,0.1033707857131958,0.38333332538604736,0.33250001072883606
YHR163W,YNL061W,0,-0.1423418,0.1031390130519867,0.38333332538604736,0.3333333432674408
YCR080W,YBL046W,0,-0.14250466,0.10290827602148056,0.38333332538604736,0.33416667580604553
YMR136W,YKL203C,0,-0.14268638,0.1026785746216774,0.38333332538604736,0.33500000834465027
YMR113W,YPL096C-A,0,-0.14326522,0.10244988650083542,0.38333332538604736,0.335833340883255
YOR295W,YDR129C,0,-0.14400405,0.10222221910953522,0.38333332538604736,0.33666667342185974
YAL042W,YHR077C,0,-0.1441468,0.1019955649971962,0.38333332538604736,0.3375000059604645
YEL013W,YBR234C,1,-0.14430906,0.10398229956626892,0.3916666805744171,0.3375000059604645
YHR214C-B,YDR163W,0,-0.1446259,0.10375276207923889,0.3916666805744171,0.3383333384990692
YJR104C,YOR295W,0,-0.14467111,0.10352423042058945,0.3916666805744171,0.33916667103767395
YDL140C,YOR301W,0,-0.1451007,0.10329670459032059,0.3916666805744171,0.3400000035762787
YHL038C,YOL164W,0,-0.145191,0.10307017713785172,0.3916666805744171,0.3408333361148834
YBR081C,YIL031W,0,-0.14558764,0.10284464061260223,0.3916666805744171,0.34166666865348816
YOL045W,YDL112W,0,-0.14583723,0.10262008756399155,0.3916666805744171,0.3425000011920929
YLL034C,YIL033C,0,-0.14590839,0.10239651054143906,0.3916666805744171,0.34333333373069763
YGL120C,YNL084C,0,-0.14623575,0.10217390954494476,0.3916666805744171,0.34416666626930237
YIL016W,YOR085W,0,-0.14702557,0.10195227712392807,0.3916666805744171,0.3449999988079071
YMR075W,YDR211W,0,-0.1471343,0.10173159837722778,0.3916666805744171,0.34583333134651184
YBR202W,YOL040C,0,-0.14733967,0.1015118807554245,0.3916666805744171,0.3466666638851166
YDR459C,YOR307C,0,-0.14740439,0.10129310190677643,0.3916666805744171,0.3474999964237213
YOR142W,YIL129C,0,-0.14842562,0.10107526928186417,0.3916666805744171,0.34833332896232605
YHR214C-B,YDR072C,0,-0.14862806,0.10085836797952652,0.3916666805744171,0.3491666615009308
YBL084C,YGL022W,0,-0.14863083,0.10064239799976349,0.3916666805744171,0.3499999940395355
YGR060W,YDR432W,0,-0.1494978,0.10042735189199448,0.3916666805744171,0.35083332657814026
YMR072W,YMR163C,1,-0.15026699,0.10234541445970535,0.4000000059604645,0.35083332657814026
YDR023W,YBR119W,0,-0.15125594,0.10212765634059906,0.4000000059604645,0.351666659116745
YKL093W,YDL227C,0,-0.15142828,0.10191082954406738,0.4000000059604645,0.35249999165534973
YCR020C-A,YBR183W,0,-0.15168871,0.10169491171836853,0.4000000059604645,0.35333332419395447
YAL032C,YDL078C,0,-0.15174955,0.1014799177646637,0.4000000059604645,0.3541666567325592
YGR070W,YOR061W,0,-0.15179116,0.10126582533121109,0.4000000059604645,0.35499998927116394
YMR047C,YLR410W-B,0,-0.15208536,0.10105263441801071,0.4000000059604645,0.3558333218097687
YGR258C,YBR077C,0,-0.15224776,0.10084033757448196,0.4000000059604645,0.3566666543483734
YGR204W,YBR159W,0,-0.1523456,0.10062892735004425,0.4000000059604645,0.35749998688697815
YLR023C,YOR338W,0,-0.15248543,0.10041841119527817,0.4000000059604645,0.3583333194255829
YAL054C,YIL063C,0,-0.15434636,0.10020876675844193,0.4000000059604645,0.3591666519641876
YPL122C,YLR210W,0,-0.15464725,0.10000000149011612,0.4000000059604645,0.36000001430511475
YMR204C,YBR234C,1,-0.1547633,0.10187110304832458,0.40833333134651184,0.36000001430511475
YOL165C,YJL012C-A,0,-0.15514767,0.10165975242853165,0.40833333134651184,0.3608333468437195
YDR170W-A,YNL037C,0,-0.15535802,0.10144927352666855,0.40833333134651184,0.3616666793823242
YIL010W,YOR110W,0,-0.15568088,0.10123966634273529,0.40833333134651184,0.36250001192092896
YNL318C,YKL203C,0,-0.15579605,0.10103093087673187,0.40833333134651184,0.3633333444595337
YPL015C,YGR134W,0,-0.15635364,0.1008230447769165,0.40833333134651184,0.3641666769981384
YNL107W,YGL227W,0,-0.1567549,0.10061601549386978,0.40833333134651184,0.36500000953674316
YLR426W,YBR228W,0,-0.15692604,0.10040983557701111,0.40833333134651184,0.3658333420753479
YGR163W,YOR207C,0,-0.1571427,0.10020449757575989,0.40833333134651184,0.36666667461395264
YPR119W,YBL023C,0,-0.15732971,0.10000000149011612,0.40833333134651184,0.3675000071525574
YGL098W,YJL116C,0,-0.15741356,0.09979633241891861,0.40833333134651184,0.3683333396911621
YNR003C,YOR338W,0,-0.15857378,0.09959349781274796,0.40833333134651184,0.36916667222976685
YMR216C,YJR118C,0,-0.15896583,0.09939148277044296,0.40833333134651184,0.3700000047683716
YPL196W,YJL006C,0,-0.15971099,0.09919027984142303,0.40833333134651184,0.3708333373069763
YBR012W-A,YHR094C,0,-0.15979214,0.09898989647626877,0.40833333134651184,0.37166666984558105
YMR033W,YGR133W,0,-0.15995413,0.09879032522439957,0.40833333134651184,0.3725000023841858
YCL062W,YHR194W,1,-0.16059493,0.1006036251783371,0.4166666567325592,0.3725000023841858
YBL055C,YAL040C,0,-0.16120274,0.1004016101360321,0.4166666567325592,0.3733333349227905
YAL001C,YOL149W,0,-0.16201457,0.10020039975643158,0.4166666567325592,0.37416666746139526
YDR495C,YLL001W,1,-0.16215892,0.10199999809265137,0.42500001192092896,0.37416666746139526
YDL051W,YOL116W,0,-0.16226219,0.10179640352725983,0.42500001192092896,0.375
YCR080W,YDL213C,0,-0.16265652,0.10159362852573395,0.42500001192092896,0.37583333253860474
YPL083C,YNL279W,0,-0.16278136,0.10139165073633194,0.42500001192092896,0.3766666650772095
YGR171C,YPL083C,0,-0.16300419,0.1011904776096344,0.42500001192092896,0.3774999976158142
YDR059C,YOL165C,0,-0.16322374,0.10099010169506073,0.42500001192092896,0.37833333015441895
YGR238C,YKL080W,0,-0.16370603,0.10079051554203033,0.42500001192092896,0.3791666626930237
YNL026W,YER044C,0,-0.16379458,0.10059171915054321,0.42500001192092896,0.3799999952316284
YMR275C,YEL013W,1,-0.16439241,0.10236220806837082,0.4333333373069763,0.3799999952316284
YNL177C,YDR302W,0,-0.16491203,0.10216110199689865,0.4333333373069763,0.38083332777023315
YMR283C,YKR037C,0,-0.1649431,0.10196078568696976,0.4333333373069763,0.3816666603088379
YHR094C,YDL213C,0,-0.16532423,0.10176125168800354,0.4333333373069763,0.3824999928474426
YMR234W,YPL085W,0,-0.16557428,0.1015625,0.4333333373069763,0.38333332538604736
YLL024C,YNL084C,0,-0.16630009,0.10136452317237854,0.4333333373069763,0.3841666579246521
YHL009W-B,YDR184C,0,-0.16640267,0.10116731375455856,0.4333333373069763,0.38499999046325684
YDL159W,YBR111W-A,0,-0.16650139,0.10097087174654007,0.4333333373069763,0.3858333230018616
YJR144W,YOR142W,0,-0.16659449,0.10077519714832306,0.4333333373069763,0.3866666555404663
YDR273W,YER118C,0,-0.16698691,0.10058026760816574,0.4333333373069763,0.38749998807907104
YPR163C,YOL148C,0,-0.16707888,0.10038609802722931,0.4333333373069763,0.3883333206176758
YKR085C,YNL239W,0,-0.1672892,0.10019268095493317,0.4333333373069763,0.3891666531562805
YDL185W,YBR106W,0,-0.16740867,0.10000000149011612,0.4333333373069763,0.38999998569488525
YLR426W,YJL115W,0,-0.167472,0.09980805963277817,0.4333333373069763,0.3908333480358124
YJR065C,YCL063W,1,-0.16761513,0.10153256356716156,0.4416666626930237,0.3908333480358124
YER155C,YCR071C,0,-0.16803756,0.10133843123912811,0.4416666626930237,0.3916666805744171
YOL077C,YPR132W,0,-0.16810705,0.10114503651857376,0.4416666626930237,0.39250001311302185
YOR079C,YHR042W,0,-0.16876744,0.1009523794054985,0.4416666626930237,0.3933333456516266
YCR065W,YPR163C,0,-0.16883925,0.10076045989990234,0.4416666626930237,0.3941666781902313
YOR087W,YER129W,0,-0.16934007,0.10056926310062408,0.4416666626930237,0.39500001072883606
YLR022C,YDL235C,0,-0.16945852,0.10037878900766373,0.4416666626930237,0.3958333432674408
YKL043W,YIL072W,0,-0.17042418,0.10018903762102127,0.4416666626930237,0.39666667580604553
YJR104C,YGL113W,0,-0.17196456,0.10000000149011612,0.4416666626930237,0.39750000834465027
YNL236W,YCR026C,0,-0.1719785,0.09981167316436768,0.4416666626930237,0.398333340883255
YMR136W,YKR048C,0,-0.17201011,0.09962406009435654,0.4416666626930237,0.39916667342185974
YER118C,YGR133W,0,-0.17237626,0.09943714737892151,0.4416666626930237,0.4000000059604645
YKL075C,YDL150W,0,-0.1729876,0.09925093501806259,0.4416666626930237,0.4008333384990692
YER073W,YPR033C,0,-0.17308919,0.09906542301177979,0.4416666626930237,0.40166667103767395
YKL070W,YLR195C,0,-0.17320836,0.0988805964589119,0.4416666626930237,0.4025000035762787
YAL001C,YBR196C,0,-0.17359468,0.09869646281003952,0.4416666626930237,0.4033333361148834
YMR050C,YOR267C,0,-0.1744064,0.09851301461458206,0.4416666626930237,0.40416666865348816
YCR060W,YOR209C,0,-0.17556499,0.09833024442195892,0.4416666626930237,0.4050000011920929
YKL205W,YGL158W,0,-0.17615426,0.09814814478158951,0.4416666626930237,0.40583333373069763
YBR254C,YGR134W,0,-0.17626551,0.09796673059463501,0.4416666626930237,0.40666666626930237
YDR289C,YDL207W,0,-0.17682937,0.09778597950935364,0.4416666626930237,0.4074999988079071
YLR141W,YOR221C,0,-0.17697436,0.09760589152574539,0.4416666626930237,0.40833333134651184
YJR104C,YOL064C,0,-0.17741475,0.09742647409439087,0.4416666626930237,0.4091666638851166
YHR142W,YNL279W,0,-0.17775102,0.09724770486354828,0.4416666626930237,0.4099999964237213
YBR024W,YKL089W,0,-0.177889,0.09706959873437881,0.4416666626930237,0.41083332896232605
YOR007C,YEL002C,0,-0.17883596,0.09689214080572128,0.4416666626930237,0.4116666615009308
YPR037C,YPL085W,0,-0.17938063,0.09671533107757568,0.4416666626930237,0.4124999940395355
YBR272C,YIR005W,0,-0.17946291,0.09653916209936142,0.4416666626930237,0.41333332657814026
YDL007W,YHR150W,0,-0.18057129,0.09636363387107849,0.4416666626930237,0.414166659116745
YER014C-A,YMR165C,0,-0.18060575,0.0961887463927269,0.4416666626930237,0.41499999165534973
YER180C-A,YML013W,0,-0.18105009,0.09601449221372604,0.4416666626930237,0.41583332419395447
YBR153W,YBR168W,0,-0.18105686,0.09584087133407593,0.4416666626930237,0.4166666567325592
YJL006C,YGL093W,0,-0.18156385,0.09566786885261536,0.4416666626930237,0.41749998927116394
YGL097W,YKR065C,0,-0.1818761,0.09549549221992493,0.4416666626930237,0.4183333218097687
YOR110W,YJL025W,0,-0.1821998,0.09532374143600464,0.4416666626930237,0.4191666543483734
YIR013C,YGR239C,0,-0.18289265,0.0951526015996933,0.4416666626930237,0.41999998688697815
YGL116W,YER061C,0,-0.1830726,0.0949820801615715,0.4416666626930237,0.4208333194255829
YMR068W,YJR155W,0,-0.18314502,0.09481216222047806,0.4416666626930237,0.4216666519641876
YFL060C,YNL147W,0,-0.18353675,0.09464285522699356,0.4416666626930237,0.42250001430511475
YKL051W,YDR302W,0,-0.18359709,0.09447415173053741,0.4416666626930237,0.4233333468437195
YDR295C,YMR104C,0,-0.18441458,0.09430605173110962,0.4416666626930237,0.4241666793823242
YIL139C,YJL116C,0,-0.18447253,0.09413854032754898,0.4416666626930237,0.42500001192092896
YNL075W,YLR207W,0,-0.18469356,0.0939716324210167,0.4416666626930237,0.4258333444595337
YER168C,YMR104C,0,-0.18501368,0.09380531311035156,0.4416666626930237,0.4266666769981384
YDR289C,YBR152W,0,-0.18567494,0.09363957494497299,0.4416666626930237,0.42750000953674316
YBR234C,YPR131C,1,-0.1862393,0.095238097012043,0.44999998807907104,0.42750000953674316
YDL140C,YKL070W,0,-0.18641448,0.09507042169570923,0.44999998807907104,0.4283333420753479
YKL143W,YMR068W,0,-0.18688205,0.09490334242582321,0.44999998807907104,0.42916667461395264
YML031W,YHR114W,0,-0.1879193,0.09473684430122375,0.44999998807907104,0.4300000071525574
YCL055W,YJL025W,0,-0.18873926,0.09457092732191086,0.44999998807907104,0.4308333396911621
YPR163C,YHR001W,0,-0.18894342,0.09440559148788452,0.44999998807907104,0.43166667222976685
YDR393W,YPL083C,0,-0.18922463,0.09424083679914474,0.44999998807907104,0.4325000047683716
YNL272C,YJR059W,0,-0.18947577,0.09407665580511093,0.44999998807907104,0.4333333373069763
YJR121W,YGL044C,0,-0.18956023,0.09391304105520248,0.44999998807907104,0.43416666984558105
YNL015W,YNL090W,0,-0.18957658,0.09375,0.44999998807907104,0.4350000023841858
YIR015W,YER180C-A,0,-0.1907135,0.09358752518892288,0.44999998807907104,0.4358333349227905
YMR204C,YLR386W,1,-0.1917834,0.09515570849180222,0.4583333432674408,0.4358333349227905
YEL013W,YCL062W,1,-0.19184913,0.09671848267316818,0.46666666865348816,0.4358333349227905
YNL075W,YGR199W,0,-0.19212657,0.09655172377824783,0.46666666865348816,0.43666666746139526
YBR267W,YOR295W,0,-0.1922429,0.09638553857803345,0.46666666865348816,0.4375
YCL052C,YOL077C,0,-0.19315688,0.09621993452310562,0.46666666865348816,0.43833333253860474
YMR080C,YJR092W,0,-0.19385923,0.09605488926172256,0.46666666865348816,0.4391666650772095
YCL062W,YLL001W,1,-0.1940208,0.0976027399301529,0.4749999940395355,0.4391666650772095
YHR142W,YDL042C,0,-0.19478169,0.09743589907884598,0.4749999940395355,0.4399999976158142
YJR105W,YKR085C,0,-0.1948142,0.09726962447166443,0.4749999940395355,0.44083333015441895
YDR171W,YLL021W,0,-0.1956349,0.09710391610860825,0.4749999940395355,0.4416666626930237
YHR194W,YMR163C,1,-0.19580068,0.09863945841789246,0.4833333194255829,0.4416666626930237
YPL097W,YDR270W,0,-0.19612616,0.0984719842672348,0.4833333194255829,0.4424999952316284
YJR112W,YGL195W,0,-0.19828565,0.09830508381128311,0.4833333194255829,0.44333332777023315
YER073W,YLL056C,0,-0.1984883,0.09813874959945679,0.4833333194255829,0.4441666603088379
YMR100W,YER056C,0,-0.19935742,0.09797297418117523,0.4833333194255829,0.4449999928474426
YHR214C-B,YNL073W,0,-0.19941539,0.09780775755643845,0.4833333194255829,0.44583332538604736
YNL167C,YBR198C,0,-0.20015723,0.09764309972524643,0.4833333194255829,0.4466666579246521
YER019C-A,YHR001W,0,-0.20084718,0.09747899323701859,0.4833333194255829,0.44749999046325684
YNL244C,YNL262W,0,-0.20117839,0.09731543809175491,0.4833333194255829,0.4483333230018616
YGL200C,YOR001W,0,-0.20215648,0.09715242683887482,0.4833333194255829,0.4491666555404663
YMR275C,YMR204C,1,-0.20263751,0.09866220504045486,0.49166667461395264,0.4491666555404663
YCL005W-A,YOL129W,0,-0.20388761,0.09849749505519867,0.49166667461395264,0.44999998807907104
YMR243C,YOR185C,0,-0.20486422,0.09833333641290665,0.49166667461395264,0.4508333206176758
YBL100W-A,YMR100W,0,-0.2049198,0.0981697142124176,0.49166667461395264,0.4516666531562805
YOL020W,YJR131W,0,-0.20586786,0.09800664335489273,0.49166667461395264,0.45249998569488525
YOR110W,YHR020W,0,-0.20608526,0.09784411638975143,0.49166667461395264,0.4533333480358124
YHR129C,YJL002C,0,-0.20641735,0.09768211841583252,0.49166667461395264,0.4541666805744171
YLL034C,YNL045W,0,-0.2064334,0.09752066433429718,0.49166667461395264,0.45500001311302185
YJR028W,YPL242C,0,-0.20752737,0.09735973924398422,0.49166667461395264,0.4558333456516266
YNL088W,YJR147W,0,-0.20761715,0.09719934314489365,0.49166667461395264,0.4566666781902313
YPR108W,YJR112W,0,-0.20808162,0.09703947603702545,0.49166667461395264,0.45750001072883606
YLR215C,YGR078C,0,-0.20875579,0.09688013046979904,0.49166667461395264,0.4583333432674408
YML014W,YBR159W,0,-0.20901434,0.09672131389379501,0.49166667461395264,0.45916667580604553
YDR214W,YMR038C,0,-0.2094374,0.09656301140785217,0.49166667461395264,0.46000000834465027
YKR087C,YHR020W,0,-0.20946534,0.09640523046255112,0.49166667461395264,0.460833340883255
YLR066W,YHR072W-A,0,-0.20957011,0.09624796360731125,0.49166667461395264,0.46166667342185974
YMR072W,YLR240W,1,-0.21000715,0.09771987050771713,0.5,0.46166667342185974
YEL013W,YLR386W,1,-0.21001983,0.09918699413537979,0.5083333253860474,0.46166667342185974
YIR008C,YOR213C,0,-0.21008636,0.09902597218751907,0.5083333253860474,0.4625000059604645
YBR265W,YER190W,0,-0.21135817,0.09886547923088074,0.5083333253860474,0.4633333384990692
YMR012W,YOR332W,0,-0.21153644,0.09870550036430359,0.5083333253860474,0.46416667103767395
YER014C-A,YHL027W,0,-0.21198097,0.09854604303836823,0.5083333253860474,0.4650000035762787
YKL205W,YPR165W,0,-0.21258864,0.09838709980249405,0.5083333253860474,0.4658333361148834
YIL118W,YKL148C,0,-0.21339503,0.09822866320610046,0.5083333253860474,0.46666666865348816
YJR105W,YEL031W,0,-0.2137374,0.09807074069976807,0.5083333253860474,0.4675000011920929
YJR022W,YPL194W,0,-0.21392831,0.09791332483291626,0.5083333253860474,0.46833333373069763
YJR147W,YGL058W,0,-0.21400571,0.09775640815496445,0.5083333253860474,0.46916666626930237
YPL085W,YJL012C-A,0,-0.21411863,0.09759999811649323,0.5083333253860474,0.4699999988079071
YNL041C,YCL061C,0,-0.21412526,0.097444087266922,0.5083333253860474,0.47083333134651184
YDL185W,YDR432W,0,-0.21476638,0.09728867560625076,0.5083333253860474,0.4716666638851166
YNL090W,YLR210W,0,-0.21551931,0.09713375568389893,0.5083333253860474,0.4724999964237213
YHR161C,YPL224C,0,-0.21564609,0.09697933495044708,0.5083333253860474,0.47333332896232605
YPR179C,YOR295W,0,-0.21714467,0.09682539850473404,0.5083333253860474,0.4741666615009308
YPL283C,YDR075W,0,-0.21785031,0.0966719463467598,0.5083333253860474,0.4749999940395355
YML074C,YOR008C-A,0,-0.21788226,0.09651898592710495,0.5083333253860474,0.47583332657814026
YLR240W,YMR163C,1,-0.21790317,0.09794628620147705,0.5166666507720947,0.47583332657814026
YPL178W,YOR008C-A,0,-0.21883781,0.09779179841279984,0.5166666507720947,0.476666659116745
YMR072W,YPR131C,1,-0.21925065,0.09921260178089142,0.5249999761581421,0.476666659116745
YDR129C,YDR400W,0,-0.22048499,0.09905660152435303,0.5249999761581421,0.47749999165534973
YML001W,YMR204C,1,-0.22142597,0.10047096014022827,0.5333333611488342,0.47749999165534973
YLR130C,YFL004W,0,-0.2214916,0.10031347721815109,0.5333333611488342,0.47833332419395447
YPR021C,YDL126C,0,-0.22230588,0.10015649348497391,0.5333333611488342,0.4791666567325592
YHR106W,YMR214W,0,-0.2234241,0.10000000149011612,0.5333333611488342,0.47999998927116394
YJR065C,YCL062W,1,-0.2236933,0.10140405595302582,0.5416666865348816,0.47999998927116394
YPR134W,YBR015C,0,-0.22388096,0.10124610364437103,0.5416666865348816,0.4808333218097687
YPR154W,YCR026C,0,-0.22392532,0.10108865052461624,0.5416666865348816,0.4816666543483734
YCL004W,YNR003C,0,-0.22431795,0.10093167424201965,0.5416666865348816,0.48249998688697815
YER073W,YOL072W,0,-0.22468936,0.10077519714832306,0.5416666865348816,0.4833333194255829
YDR295C,YML112W,0,-0.2251911,0.10061919689178467,0.5416666865348816,0.4841666519641876
YPL096C-A,YFL021W,0,-0.22568072,0.10046368092298508,0.5416666865348816,0.48500001430511475
YJL198W,YCR067C,0,-0.22589256,0.10030864179134369,0.5416666865348816,0.4858333468437195
YDR214W,YKR035W-A,0,-0.22616199,0.1001540794968605,0.5416666865348816,0.4866666793823242
YOR313C,YGL058W,0,-0.2267203,0.10000000149011612,0.5416666865348816,0.48750001192092896
YOL034W,YIL065C,0,-0.2271003,0.09984639286994934,0.5416666865348816,0.4883333444595337
YFL004W,YEL016C,0,-0.22817779,0.09969325363636017,0.5416666865348816,0.4891666769981384
YKL032C,YBR136W,0,-0.22872303,0.0995405837893486,0.5416666865348816,0.49000000953674316
YKL041W,YPR052C,0,-0.22943234,0.09938837587833405,0.5416666865348816,0.4908333420753479
YHR190W,YLR071C,0,-0.22952534,0.09923664480447769,0.5416666865348816,0.49166667461395264
YLL050C,YCR071C,0,-0.22974487,0.09908536821603775,0.5416666865348816,0.4925000071525574
YEL013W,YMR163C,1,-0.22982816,0.1004566177725792,0.550000011920929,0.4925000071525574
YBR257W,YPR057W,0,-0.23026013,0.10030394792556763,0.550000011920929,0.4933333396911621
YER177W,YOR094W,0,-0.23039612,0.10015174746513367,0.550000011920929,0.49416667222976685
YPR163C,YLL056C,0,-0.23095012,0.10000000149011612,0.550000011920929,0.4950000047683716
YDL132W,YNL299W,0,-0.23166409,0.09984871745109558,0.550000011920929,0.4958333373069763
YCL074W,YIL063C,0,-0.23191535,0.09969788789749146,0.550000011920929,0.49666666984558105
YGR094W,YLR260W,0,-0.2319498,0.09954751282930374,0.550000011920929,0.4975000023841858
YOR187W,YKL075C,0,-0.2329797,0.09939759224653244,0.550000011920929,0.4983333349227905
YOR356W,YIL026C,0,-0.23310487,0.09924811869859695,0.550000011920929,0.49916666746139526
YNL257C,YDR501W,0,-0.2339671,0.09909909963607788,0.550000011920929,0.5
YOR087W,YGR284C,0,-0.23398285,0.09895052760839462,0.550000011920929,0.5008333325386047
YGR202C,YDR400W,0,-0.23405536,0.09880239516496658,0.550000011920929,0.5016666650772095
YDR365C,YML025C,0,-0.23502043,0.09865470975637436,0.550000011920929,0.5024999976158142
YOR187W,YLL034C,0,-0.23511638,0.09850746393203735,0.550000011920929,0.503333330154419
YOL031C,YNL138W,0,-0.23531468,0.09836065769195557,0.550000011920929,0.5041666626930237
YFL003C,YNL262W,0,-0.2354096,0.0982142835855484,0.550000011920929,0.5049999952316284
YNL307C,YIR037W,0,-0.23669647,0.09806834906339645,0.550000011920929,0.5058333277702332
YER129W,YLR023C,0,-0.23752654,0.09792284667491913,0.550000011920929,0.5066666603088379
YMR214W,YDR297W,0,-0.2376669,0.09777777642011642,0.550000011920929,0.5074999928474426
YIL132C,YJR104C,0,-0.23841585,0.09763313829898834,0.550000011920929,0.5083333253860474
YOR028C,YJL170C,0,-0.23898189,0.09748892486095428,0.550000011920929,0.5091666579246521
YLR022C,YDL207W,0,-0.23953545,0.09734513610601425,0.550000011920929,0.5099999904632568
YIL149C,YMR266W,0,-0.23987587,0.09720176458358765,0.550000011920929,0.5108333230018616
YLR272C,YNL091W,0,-0.24077031,0.09705882519483566,0.550000011920929,0.5116666555404663
YNL177C,YGR134W,0,-0.24127318,0.0969163030385971,0.550000011920929,0.512499988079071
YCL062W,YBR234C,1,-0.24189037,0.09824047237634659,0.5583333373069763,0.512499988079071
YGR159C,YDR297W,0,-0.24238648,0.09809663146734238,0.5583333373069763,0.5133333206176758
YIL101C,YIR019C,0,-0.24260832,0.09795321524143219,0.5583333373069763,0.5141666531562805
YEL015W,YPL167C,0,-0.24298987,0.09781021624803543,0.5583333373069763,0.5149999856948853
YBR111W-A,YGL232W,0,-0.24411716,0.0976676419377327,0.5583333373069763,0.51583331823349
YOR079C,YOR338W,0,-0.24537373,0.0975254699587822,0.5583333373069763,0.5166666507720947
YGL150C,YHR065C,0,-0.2466684,0.09738372266292572,0.5583333373069763,0.5174999833106995
YCR020C,YGL044C,0,-0.24669479,0.09724237769842148,0.5583333373069763,0.5183333158493042
YML074C,YGR239C,0,-0.24742505,0.09710144996643066,0.5583333373069763,0.5191666483879089
YLR214W,YDL165W,0,-0.24807937,0.09696092456579208,0.5583333373069763,0.5199999809265137
YGR133W,YHR191C,0,-0.24851198,0.09682080894708633,0.5583333373069763,0.5208333134651184
YNL156C,YOL116W,0,-0.24886084,0.09668109565973282,0.5583333373069763,0.5216666460037231
YCL074W,YMR038C,0,-0.24946144,0.09654178470373154,0.5583333373069763,0.5224999785423279
YJL025W,YLR328W,0,-0.24955446,0.09640287607908249,0.5583333373069763,0.5233333110809326
YOR332W,YPL170W,0,-0.24996635,0.09626436978578568,0.5583333373069763,0.5241666436195374
YFR024C,YHR106W,0,-0.24996892,0.0961262583732605,0.5583333373069763,0.5249999761581421
YGR261C,YJL170C,0,-0.2499991,0.09598854184150696,0.5583333373069763,0.5258333086967468
YER087C-A,YHR142W,0,-0.2505265,0.09585121273994446,0.5583333373069763,0.5266666412353516
YDR214W,YMR311C,0,-0.25055268,0.09571428596973419,0.5583333373069763,0.5274999737739563
YIR008C,YJR156C,0,-0.25108075,0.09557774662971497,0.5583333373069763,0.528333306312561
YBL084C,YLR010C,0,-0.25112057,0.09544159471988678,0.5583333373069763,0.5291666388511658
YPR037C,YNL097C,0,-0.25125313,0.09530583024024963,0.5583333373069763,0.5299999713897705
YJR112W,YJR118C,0,-0.25131005,0.09517045319080353,0.5583333373069763,0.5308333039283752
YDR055W,YJR092W,0,-0.25252706,0.09503546357154846,0.5583333373069763,0.5316666960716248
YDR295C,YLR059C,0,-0.25259718,0.09490084648132324,0.5583333373069763,0.5325000286102295
YMR204C,YLL001W,1,-0.25326505,0.09618104994297028,0.5666666626930237,0.5325000286102295
YGR132C,YDR080W,0,-0.2541542,0.09604519605636597,0.5666666626930237,0.5333333611488342
YHR190W,YDR501W,0,-0.25439727,0.0959097295999527,0.5666666626930237,0.534166693687439
YMR284W,YLR088W,0,-0.25481772,0.09577465057373047,0.5666666626930237,0.5350000262260437
YIL048W,YBR106W,0,-0.25508687,0.09563994407653809,0.5666666626930237,0.5358333587646484
YBL084C,YER087C-A,0,-0.25514424,0.09550561755895615,0.5666666626930237,0.5366666913032532
YOL045W,YDR098C,0,-0.25552917,0.09537167102098465,0.5666666626930237,0.5375000238418579
YMR033W,YOR209C,0,-0.2556496,0.095238097012043,0.5666666626930237,0.5383333563804626
YLR431C,YLR207W,0,-0.25689167,0.0951048955321312,0.5666666626930237,0.5391666889190674
YDL185W,YCR026C,0,-0.25692677,0.09497206658124924,0.5666666626930237,0.5400000214576721
YLL050C,YHR023W,0,-0.25711977,0.09483961015939713,0.5666666626930237,0.5408333539962769
YNL310C,YOL064C,0,-0.2578806,0.09470751881599426,0.5666666626930237,0.5416666865348816
YMR284W,YOL004W,0,-0.25796065,0.09457580000162125,0.5666666626930237,0.5425000190734863
YGL005C,YDR472W,0,-0.25921276,0.09444444626569748,0.5666666626930237,0.5433333516120911
YCR084C,YER159C,0,-0.2599601,0.09431345015764236,0.5666666626930237,0.5441666841506958
YPL128C,YDL132W,0,-0.26112202,0.0941828265786171,0.5666666626930237,0.5450000166893005
YOR346W,YHR072W-A,0,-0.2625637,0.09405256062746048,0.5666666626930237,0.5458333492279053
YBR213W,YJR145C,0,-0.2627809,0.09392265230417252,0.5666666626930237,0.54666668176651
YCL063W,YDR495C,1,-0.26355854,0.09517241269350052,0.574999988079071,0.54666668176651
YCR071C,YDR194C,0,-0.2647805,0.09504131972789764,0.574999988079071,0.5475000143051147
YJR131W,YLR066W,0,-0.26501995,0.09491059184074402,0.574999988079071,0.5483333468437195
YER014C-A,YKL141W,0,-0.2651067,0.09478022158145905,0.574999988079071,0.5491666793823242
YLL024C,YOR249C,0,-0.26532343,0.09465020895004272,0.574999988079071,0.550000011920929
YBR213W,YCL005W-A,0,-0.26640904,0.09452054649591446,0.574999988079071,0.5508333444595337
YDL159W,YGR202C,0,-0.26936364,0.09439124166965485,0.574999988079071,0.5516666769981384
YLR193C,YNR038W,0,-0.26943856,0.09426229447126389,0.574999988079071,0.5525000095367432
YNL073W,YML031W,0,-0.27017307,0.09413369745016098,0.574999988079071,0.5533333420753479
YDR023W,YHR005C,0,-0.27034944,0.09400545060634613,0.574999988079071,0.5541666746139526
YPL046C,YER159C,0,-0.27072164,0.09387755393981934,0.574999988079071,0.5550000071525574
YPL092W,YBR168W,0,-0.27104303,0.09375,0.574999988079071,0.5558333396911621
YML042W,YER177W,0,-0.2711618,0.09362279623746872,0.574999988079071,0.5566666722297668
YNL036W,YBR196C,0,-0.27207583,0.0934959352016449,0.574999988079071,0.5575000047683716
YLR431C,YMR283C,0,-0.2734909,0.09336941689252853,0.574999988079071,0.5583333373069763
YJR092W,YOR338W,0,-0.27362797,0.09324324131011963,0.574999988079071,0.559166669845581
YBR294W,YGL095C,0,-0.27384233,0.09311740845441818,0.574999988079071,0.5600000023841858
YER143W,YGR247W,0,-0.27386433,0.0929919108748436,0.574999988079071,0.5608333349227905
YGR080W,YHR001W,0,-0.27443385,0.09286675602197647,0.574999988079071,0.5616666674613953
YBR111W-A,YDR116C,0,-0.2747004,0.0927419364452362,0.574999988079071,0.5625
YER073W,YBR136W,0,-0.27474976,0.0926174521446228,0.574999988079071,0.5633333325386047
YCL004W,YLR138W,0,-0.2747684,0.09249329566955566,0.574999988079071,0.5641666650772095
YOR087W,YLR028C,0,-0.27538687,0.09236947447061539,0.574999988079071,0.5649999976158142
YMR092C,YGR135W,0,-0.27554762,0.09224598854780197,0.574999988079071,0.565833330154419
YIL002C,YNL045W,0,-0.27559432,0.09212283045053482,0.574999988079071,0.5666666626930237
YPR024W,YIL129C,0,-0.27576938,0.09200000017881393,0.574999988079071,0.5674999952316284
YMR275C,YMR072W,1,-0.27592736,0.09320905804634094,0.5833333134651184,0.5674999952316284
YLR423C,YLL021W,0,-0.27598846,0.09308510273694992,0.5833333134651184,0.5683333277702332
YBR212W,YPL094C,0,-0.27649802,0.09296149015426636,0.5833333134651184,0.5691666603088379
YLL001W,YPR131C,1,-0.27713743,0.09416445344686508,0.5916666388511658,0.5691666603088379
YAL054C,YBR294W,0,-0.27725065,0.09403973817825317,0.5916666388511658,0.5699999928474426
YDR129C,YIL084C,0,-0.2778208,0.09391534328460693,0.5916666388511658,0.5708333253860474
YBR202W,YKR066C,0,-0.27885187,0.09379128366708755,0.5916666388511658,0.5716666579246521
YJR118C,YNL312W,0,-0.2793864,0.09366754442453384,0.5916666388511658,0.5724999904632568
YGR247W,YGL223C,0,-0.28065005,0.093544140458107,0.5916666388511658,0.5733333230018616
YBR265W,YOR304W,0,-0.28157538,0.09342104941606522,0.5916666388511658,0.5741666555404663
YKL143W,YOL156W,0,-0.28223675,0.0932982936501503,0.5916666388511658,0.574999988079071
YIR028W,YPL181W,0,-0.283071,0.09317585080862045,0.5916666388511658,0.5758333206176758
YJR065C,YMR204C,1,-0.28329322,0.09436435252428055,0.6000000238418579,0.5758333206176758
YLR096W,YBR183W,0,-0.2833486,0.09424083679914474,0.6000000238418579,0.5766666531562805
YHR041C,YCR071C,0,-0.28403345,0.0941176488995552,0.6000000238418579,0.5774999856948853
YPL196W,YBR207W,0,-0.28423,0.09399478137493134,0.6000000238418579,0.57833331823349
YML010W,YPL126W,0,-0.2843235,0.09387222677469254,0.6000000238418579,0.5791666507720947
YGL039W,YHR042W,0,-0.2843798,0.09375,0.6000000238418579,0.5799999833106995
YNL156C,YDR009W,0,-0.28547633,0.09362808614969254,0.6000000238418579,0.5808333158493042
YGR238C,YGL150C,0,-0.28630078,0.09350649267435074,0.6000000238418579,0.5816666483879089
YDL126C,YOL049W,0,-0.28632158,0.09338521212339401,0.6000000238418579,0.5824999809265137
YCL062W,YLR240W,1,-0.2864069,0.09455958753824234,0.6083333492279053,0.5824999809265137
YPL092W,YDR228C,0,-0.28709555,0.09443725645542145,0.6083333492279053,0.5833333134651184
YML001W,YPR131C,1,-0.28727213,0.09560723602771759,0.6166666746139526,0.5833333134651184
YPL196W,YOR187W,0,-0.2888801,0.09548386931419373,0.6166666746139526,0.5841666460037231
YGL172W,YGR180C,0,-0.2892183,0.09536082297563553,0.6166666746139526,0.5849999785423279
YJL104W,YIR025W,0,-0.2894143,0.095238097012043,0.6166666746139526,0.5858333110809326
YLR193C,YKL186C,0,-0.29041624,0.09511568397283554,0.6166666746139526,0.5866666436195374
YMR072W,YMR204C,1,-0.2905138,0.09627728164196014,0.625,0.5866666436195374
YHR082C,YDR365C,0,-0.29102287,0.09615384787321091,0.625,0.5874999761581421
YOR371C,YPR104C,0,-0.29201278,0.09603072702884674,0.625,0.5883333086967468
YJR002W,YER044C,0,-0.29213864,0.09590792655944824,0.625,0.5891666412353516
YJR065C,YEL013W,1,-0.2927721,0.09706258028745651,0.6333333253860474,0.5891666412353516
YPR033C,YLR116W,0,-0.2930938,0.09693877398967743,0.6333333253860474,0.5899999737739563
YOR115C,YKL074C,0,-0.29313755,0.09681528806686401,0.6333333253860474,0.590833306312561
YGL005C,YHR001W,0,-0.29327345,0.09669211506843567,0.6333333253860474,0.5916666388511658
YNL026W,YBR254C,0,-0.29347318,0.0965692475438118,0.6333333253860474,0.5924999713897705
YCL005W-A,YBR152W,0,-0.29378283,0.0964467003941536,0.6333333253860474,0.5933333039283752
YBR159W,YNL312W,0,-0.29410186,0.09632445871829987,0.6333333253860474,0.5941666960716248
YGR261C,YNL279W,0,-0.2941269,0.09620252996683121,0.6333333253860474,0.5950000286102295
YOL034W,YJL036W,0,-0.29487023,0.09608090668916702,0.6333333253860474,0.5958333611488342
YLR032W,YLR201C,0,-0.295671,0.09595959633588791,0.6333333253860474,0.596666693687439
YPL046C,YOR087W,0,-0.2959646,0.09583858400583267,0.6333333253860474,0.5975000262260437
YLR200W,YNL279W,0,-0.29670912,0.0957178846001625,0.6333333253860474,0.5983333587646484
YJL087C,YLR435W,0,-0.29676628,0.09559748321771622,0.6333333253860474,0.5991666913032532
YLL001W,YHR194W,1,-0.29705703,0.09673366695642471,0.6416666507720947,0.5991666913032532
YLR147C,YGR159C,0,-0.29776758,0.09661229699850082,0.6416666507720947,0.6000000238418579
YPL041C,YLR139C,0,-0.29807842,0.09649122506380081,0.6416666507720947,0.6008333563804626
YNL085W,YMR104C,0,-0.29824823,0.09637046605348587,0.6416666507720947,0.6016666889190674
YMR033W,YIL010W,0,-0.29888666,0.09624999761581421,0.6416666507720947,0.6025000214576721
YBL016W,YPL283C,0,-0.2990329,0.09612983465194702,0.6416666507720947,0.6033333539962769
YGL020C,YGL044C,0,-0.2991711,0.09600997716188431,0.6416666507720947,0.6041666865348816
YBR107C,YNL279W,0,-0.29987434,0.09589041024446487,0.6416666507720947,0.6050000190734863
YIL065C,YOR132W,0,-0.30092722,0.09577114135026932,0.6416666507720947,0.6058333516120911
YGR094W,YNL085W,0,-0.30096146,0.09565217047929764,0.6416666507720947,0.6066666841506958
YML001W,YHR194W,1,-0.3018282,0.09677419066429138,0.6499999761581421,0.6066666841506958
YDR363W-A,YJR118C,0,-0.3018694,0.09665427356958389,0.6499999761581421,0.6075000166893005
YMR275C,YDR495C,1,-0.30229488,0.0977722778916359,0.6583333611488342,0.6075000166893005
YPL283C,YLR277C,0,-0.30232605,0.0976514220237732,0.6583333611488342,0.6083333492279053
YJR028W,YOR353C,0,-0.30237478,0.09753086417913437,0.6583333611488342,0.60916668176651
YDR216W,YGL058W,0,-0.30285054,0.09741060435771942,0.6583333611488342,0.6100000143051147
YLR314C,YBR065C,0,-0.30344322,0.09729064255952835,0.6583333611488342,0.6108333468437195
YOR288C,YFL022C,0,-0.3036527,0.09717097133398056,0.6583333611488342,0.6116666793823242
YLL018C-A,YLR450W,0,-0.30439654,0.09705159813165665,0.6583333611488342,0.612500011920929
YML001W,YMR072W,1,-0.30462652,0.09815950691699982,0.6666666865348816,0.612500011920929
YDL060W,YPR165W,0,-0.3054057,0.09803921729326248,0.6666666865348816,0.6133333444595337
YLR032W,YJR103W,0,-0.30558673,0.09791921824216843,0.6666666865348816,0.6141666769981384
YML059C,YML074C,0,-0.30564696,0.09779950976371765,0.6666666865348816,0.6150000095367432
YDR171W,YER180C-A,0,-0.30565614,0.09768009930849075,0.6666666865348816,0.6158333420753479
YDL235C,YPL096C-A,0,-0.3066318,0.09756097197532654,0.6666666865348816,0.6166666746139526
YOR033C,YAL001C,0,-0.3074206,0.0974421426653862,0.6666666865348816,0.6175000071525574
YGL200C,YIL132C,0,-0.30744272,0.09732360392808914,0.6666666865348816,0.6183333396911621
YJL025W,YLR377C,0,-0.30780244,0.09720534831285477,0.6666666865348816,0.6191666722297668
YOR213C,YPL190C,0,-0.30798075,0.09708737581968307,0.6666666865348816,0.6200000047683716
YDL159W,YBL069W,0,-0.30830216,0.09696969389915466,0.6666666865348816,0.6208333373069763
YER162C,YDR016C,0,-0.30833015,0.09685230255126953,0.6666666865348816,0.621666669845581
YFL004W,YAR044W,0,-0.31038177,0.09673518687486649,0.6666666865348816,0.6225000023841858
YKL186C,YDR432W,0,-0.31039286,0.09661835432052612,0.6666666865348816,0.6233333349227905
YHR008C,YGR063C,0,-0.31051397,0.09650181233882904,0.6666666865348816,0.6241666674613953
YJL085W,YDR302W,0,-0.31065968,0.09638553857803345,0.6666666865348816,0.625
YML059C,YER118C,0,-0.31082144,0.09626955538988113,0.6666666865348816,0.6258333325386047
YOL067C,YGR116W,0,-0.31229407,0.09615384787321091,0.6666666865348816,0.6266666650772095
YKL060C,YBL069W,0,-0.31271714,0.09603841602802277,0.6666666865348816,0.6274999976158142
YNL272C,YOR113W,0,-0.31278127,0.09592325985431671,0.6666666865348816,0.628333330154419
YML001W,YLR386W,1,-0.31342107,0.09700598567724228,0.675000011920929,0.628333330154419
YGL187C,YOR371C,0,-0.31376296,0.09688995033502579,0.675000011920929,0.6291666626930237
YGR094W,YOR008C-A,0,-0.3148952,0.09677419066429138,0.675000011920929,0.6299999952316284
YHR114W,YLR145W,0,-0.31540018,0.09665871411561966,0.675000011920929,0.6308333277702332
YGL028C,YLR377C,0,-0.31586677,0.09654350578784943,0.675000011920929,0.6316666603088379
YDR469W,YGR199W,0,-0.31661877,0.09642857313156128,0.675000011920929,0.6324999928474426
YPL076W,YAL023C,0,-0.31666172,0.09631390869617462,0.675000011920929,0.6333333253860474
YJL115W,YEL051W,0,-0.31690508,0.09619952738285065,0.675000011920929,0.6341666579246521
YDR363W-A,YAL042W,0,-0.31772968,0.09608540683984756,0.675000011920929,0.6349999904632568
YHR048W,YGR133W,0,-0.31776944,0.09597156196832657,0.675000011920929,0.6358333230018616
YKL130C,YHR034C,0,-0.31789172,0.09585798531770706,0.675000011920929,0.6366666555404663
YCR065W,YLR224W,0,-0.31824645,0.09574468433856964,0.675000011920929,0.637499988079071
YJR065C,YPR131C,1,-0.31879443,0.09681227803230286,0.6833333373069763,0.637499988079071
YER155C,YHR001W-A,0,-0.31893414,0.09669811278581619,0.6833333373069763,0.6383333206176758
YJR065C,YMR163C,1,-0.3200283,0.09776207059621811,0.6916666626930237,0.6383333206176758
YPL137C,YLR033W,0,-0.32136515,0.0976470559835434,0.6916666626930237,0.6391666531562805
YLR105C,YOL072W,0,-0.32174277,0.09753231704235077,0.6916666626930237,0.6399999856948853
YNL047C,YML041C,0,-0.32205874,0.09741783887147903,0.6916666626930237,0.64083331823349
YDR495C,YHR194W,1,-0.32235143,0.09847597032785416,0.699999988079071,0.64083331823349
YER073W,YKL206C,0,-0.32237887,0.09836065769195557,0.699999988079071,0.6416666507720947
YFL033C,YDR123C,0,-0.32243624,0.09824561327695847,0.699999988079071,0.6424999833106995
YBL088C,YER165W,0,-0.32265466,0.09813084453344345,0.699999988079071,0.6433333158493042
YBL055C,YPL137C,0,-0.3226623,0.09801633656024933,0.699999988079071,0.6441666483879089
YDR459C,YJR121W,0,-0.32530224,0.0979020968079567,0.699999988079071,0.6449999809265137
YEL013W,YPR131C,1,-0.32630378,0.0989522710442543,0.7083333134651184,0.6449999809265137
YGL005C,YNL239W,0,-0.32647738,0.09883721172809601,0.7083333134651184,0.6458333134651184
YAL042W,YHR008C,0,-0.32695615,0.0987224131822586,0.7083333134651184,0.6466666460037231
YMR068W,YMR091C,0,-0.32807142,0.09860789030790329,0.7083333134651184,0.6474999785423279
YGL187C,YBR127C,0,-0.32839856,0.09849362820386887,0.7083333134651184,0.6483333110809326
YJL148W,YBR257W,0,-0.33088744,0.09837962687015533,0.7083333134651184,0.6491666436195374
YLR314C,YDL051W,0,-0.33104372,0.09826589375734329,0.7083333134651184,0.6499999761581421
YJL207C,YDR009W,0,-0.33194315,0.09815242141485214,0.7083333134651184,0.6508333086967468
YGR165W,YDR216W,0,-0.33265096,0.09803921729326248,0.7083333134651184,0.6516666412353516
YCL005W-A,YBR036C,0,-0.33359367,0.09792626649141312,0.7083333134651184,0.6524999737739563
YML112W,YLR033W,0,-0.33448786,0.09781357645988464,0.7083333134651184,0.653333306312561
YBR168W,YML058W,0,-0.3348117,0.09770114719867706,0.7083333134651184,0.6541666388511658
YFL021W,YMR146C,0,-0.3352002,0.09758897870779037,0.7083333134651184,0.6549999713897705
YCL063W,YEL013W,1,-0.33566377,0.0986238569021225,0.7166666388511658,0.6549999713897705
YOL077W-A,YCR063W,0,-0.33598152,0.09851088374853134,0.7166666388511658,0.6558333039283752
YPL046C,YFL031W,0,-0.33628586,0.09839817136526108,0.7166666388511658,0.6566666960716248
YNL070W,YHR142W,0,-0.3368898,0.09828571230173111,0.7166666388511658,0.6575000286102295
YBL069W,YJL116C,0,-0.3375062,0.09817351400852203,0.7166666388511658,0.6583333611488342
YGR163W,YDL213C,0,-0.33804792,0.09806157648563385,0.7166666388511658,0.659166693687439
YAL031C,YML010W,0,-0.3382386,0.09794988483190536,0.7166666388511658,0.6600000262260437
YIR005W,YER180C-A,0,-0.33872485,0.09783845394849777,0.7166666388511658,0.6608333587646484
YJR144W,YOR110W,0,-0.33959782,0.09772727638483047,0.7166666388511658,0.6616666913032532
YJR065C,YMR072W,1,-0.34108123,0.09875141829252243,0.7250000238418579,0.6616666913032532
YDL058W,YDR057W,0,-0.34121162,0.09863945841789246,0.7250000238418579,0.6625000238418579
YDR159W,YLR100W,0,-0.34148434,0.09852774441242218,0.7250000238418579,0.6633333563804626
YBL034C,YJL170C,0,-0.34155837,0.0984162911772728,0.7250000238418579,0.6641666889190674
YHR214C-B,YLR272C,0,-0.3418595,0.09830508381128311,0.7250000238418579,0.6650000214576721
YNR015W,YHR050W,0,-0.34285083,0.09819412976503372,0.7250000238418579,0.6658333539962769
YEL026W,YDR270W,0,-0.34333366,0.09808342903852463,0.7250000238418579,0.6666666865348816
YBR294W,YBR272C,0,-0.34425372,0.09797297418117523,0.7250000238418579,0.6675000190734863
YER142C,YML059C,0,-0.34587845,0.09786276519298553,0.7250000238418579,0.6683333516120911
YMR091C,YKR087C,0,-0.34740493,0.09775280952453613,0.7250000238418579,0.6691666841506958
YMR075W,YHR129C,0,-0.34918115,0.09764309972524643,0.7250000238418579,0.6700000166893005
YCR063W,YHR050W,0,-0.3493706,0.09753363579511642,0.7250000238418579,0.6708333492279053
YMR290C,YOL026C,0,-0.34940457,0.09742441028356552,0.7250000238418579,0.67166668176651
YIR013C,YDR382W,0,-0.34956083,0.09731543809175491,0.7250000238418579,0.6725000143051147
YPL032C,YJR155W,0,-0.35040817,0.09720670431852341,0.7250000238418579,0.6733333468437195
YIL010W,YDR025W,0,-0.3517939,0.0970982164144516,0.7250000238418579,0.6741666793823242
YNL250W,YGL172W,0,-0.3527598,0.09698996692895889,0.7250000238418579,0.675000011920929
YGL022W,YGL223C,0,-0.35305622,0.09688196331262589,0.7250000238418579,0.6758333444595337
YPL047W,YHR050W,0,-0.35344747,0.09677419066429138,0.7250000238418579,0.6766666769981384
YDL024C,YMR119W,0,-0.35356528,0.09666666388511658,0.7250000238418579,0.6775000095367432
YPL046C,YBR002C,0,-0.35452953,0.09655937552452087,0.7250000238418579,0.6783333420753479
YML010W,YLR032W,0,-0.3551765,0.09645232558250427,0.7250000238418579,0.6791666746139526
YNL331C,YKR003W,0,-0.35519418,0.09634551405906677,0.7250000238418579,0.6800000071525574
YGL089C,YGR163W,0,-0.3562913,0.09623894095420837,0.7250000238418579,0.6808333396911621
YMR033W,YGL020C,0,-0.35642293,0.09613259881734848,0.7250000238418579,0.6816666722297668
YPL093W,YJR002W,0,-0.35757837,0.09602648764848709,0.7250000238418579,0.6825000047683716
YMR104C,YER167W,0,-0.35782468,0.0959206148982048,0.7250000238418579,0.6833333373069763
YCR065W,YDR314C,0,-0.35846955,0.09581498056650162,0.7250000238418579,0.684166669845581
YNL070W,YNL279W,0,-0.3587208,0.09570956975221634,0.7250000238418579,0.6850000023841858
YKL005C,YNL239W,0,-0.35953856,0.09560439735651016,0.7250000238418579,0.6858333349227905
YJR104C,YMR091C,0,-0.35974982,0.0954994484782219,0.7250000238418579,0.6866666674613953
YMR044W,YBR152W,0,-0.36026117,0.09539473801851273,0.7250000238418579,0.6875
YMR204C,YLR240W,1,-0.36071286,0.09638553857803345,0.7333333492279053,0.6875
YBR202W,YIL155C,0,-0.36125448,0.09628009051084518,0.7333333492279053,0.6883333325386047
YBR012W-A,YGR170W,0,-0.36132783,0.09617486596107483,0.7333333492279053,0.6891666650772095
YKR035W-A,YLR210W,0,-0.36184296,0.09606987237930298,0.7333333492279053,0.6899999976158142
YDR498C,YDR314C,0,-0.3619844,0.09596510231494904,0.7333333492279053,0.690833330154419
YOR079C,YDR469W,0,-0.36212167,0.0958605632185936,0.7333333492279053,0.6916666626930237
YBR109C,YOL129W,0,-0.3631879,0.09575625509023666,0.7333333492279053,0.6924999952316284
YPR051W,YOR008C-A,0,-0.36373815,0.09565217047929764,0.7333333492279053,0.6933333277702332
YBL079W,YJL094C,0,-0.36374986,0.09554831683635712,0.7333333492279053,0.6941666603088379
YJL115W,YDR382W,0,-0.36491594,0.0954446867108345,0.7333333492279053,0.6949999928474426
YDR289C,YHR165C,0,-0.3651012,0.0953412801027298,0.7333333492279053,0.6958333253860474
YCR071C,YOL148C,0,-0.36521056,0.095238097012043,0.7333333492279053,0.6966666579246521
YJL108C,YER001W,0,-0.36525902,0.09513513743877411,0.7333333492279053,0.6974999904632568
YCR020C,YDR040C,0,-0.36566234,0.09503239393234253,0.7333333492279053,0.6983333230018616
YMR050C,YMR091C,0,-0.3662093,0.09492988139390945,0.7333333492279053,0.6991666555404663
YNR060W,YNL147W,0,-0.36692902,0.09482758492231369,0.7333333492279053,0.699999988079071
YKL043W,YGR044C,0,-0.367375,0.09472551196813583,0.7333333492279053,0.7008333206176758
YGR258C,YGL210W,0,-0.367748,0.09462365508079529,0.7333333492279053,0.7016666531562805
YBR112C,YDR393W,0,-0.36834386,0.09452202171087265,0.7333333492279053,0.7024999856948853
YBL023C,YML025C,0,-0.36841577,0.09442060440778732,0.7333333492279053,0.70333331823349
YLR105C,YHR001W-A,0,-0.3685274,0.0943194031715393,0.7333333492279053,0.7041666507720947
YHR190W,YER001W,0,-0.369791,0.0942184180021286,0.7333333492279053,0.7049999833106995
YPL126W,YNL073W,0,-0.3717294,0.0941176488995552,0.7333333492279053,0.7058333158493042
YJR065C,YDR495C,1,-0.37212345,0.09508547186851501,0.7416666746139526,0.7058333158493042
YHL040C,YOR100C,0,-0.37368944,0.09498399496078491,0.7416666746139526,0.7066666483879089
YDR314C,YAL015C,0,-0.37445435,0.09488272666931152,0.7416666746139526,0.7074999809265137
YJR002W,YNL073W,0,-0.3757431,0.09478168189525604,0.7416666746139526,0.7083333134651184
YEL031W,YNR019W,0,-0.3764994,0.09468085318803787,0.7416666746139526,0.7091666460037231
YNL036W,YLR210W,0,-0.3767807,0.09458023309707642,0.7416666746139526,0.7099999785423279
YGL116W,YDR440W,0,-0.37848064,0.09447982907295227,0.7416666746139526,0.7108333110809326
YER014C-A,YJL087C,0,-0.37876144,0.09437964111566544,0.7416666746139526,0.7116666436195374
YHR123W,YPR104C,0,-0.37904727,0.09427966177463531,0.7416666746139526,0.7124999761581421
YPL047W,YGL192W,0,-0.37929145,0.09417989104986191,0.7416666746139526,0.7133333086967468
YKL068W,YLR201C,0,-0.37932995,0.09408033639192581,0.7416666746139526,0.7141666412353516
YML001W,YLL001W,1,-0.37988362,0.09503696113824844,0.75,0.7141666412353516
YPL046C,YGL097W,0,-0.37999442,0.09493670612573624,0.75,0.7149999737739563
YIL042C,YDL150W,0,-0.3802617,0.09483666718006134,0.75,0.715833306312561
YNL030W,YPR057W,0,-0.3804349,0.09473684430122375,0.75,0.7166666388511658
YNL123W,YNR019W,0,-0.38117406,0.09463722258806229,0.75,0.7174999713897705
YMR092C,YGL232W,0,-0.38182586,0.09453781694173813,0.75,0.7183333039283752
YGL001C,YGR180C,0,-0.38193557,0.09443861246109009,0.75,0.7191666960716248
YBR002C,YML058W,0,-0.38215956,0.09433962404727936,0.75,0.7200000286102295
YIL048W,YNL061W,0,-0.38229144,0.09424083679914474,0.75,0.7208333611488342
YMR125W,YCL052C,0,-0.38309807,0.09414225816726685,0.75,0.721666693687439
YLR084C,YNL323W,0,-0.38316706,0.09404388815164566,0.75,0.7225000262260437
YMR275C,YMR163C,1,-0.38401416,0.09498956054449081,0.7583333253860474,0.7225000262260437
YDL195W,YLR210W,0,-0.3842822,0.09489051252603531,0.7583333253860474,0.7233333587646484
YDR231C,YLR224W,0,-0.38544944,0.09479166567325592,0.7583333253860474,0.7241666913032532
YNL250W,YMR303C,0,-0.3866707,0.09469302743673325,0.7583333253860474,0.7250000238418579
YKR067W,YGL089C,0,-0.3869485,0.09459459781646729,0.7583333253860474,0.7258333563804626
YML107C,YNL177C,0,-0.38703826,0.09449636191129684,0.7583333253860474,0.7266666889190674
YBR057C,YNL339C,0,-0.38759243,0.09439834207296371,0.7583333253860474,0.7275000214576721
YCR060W,YHR107C,0,-0.38779593,0.0943005159497261,0.7583333253860474,0.7283333539962769
YDR295C,YOR123C,0,-0.3893334,0.09420289844274521,0.7583333253860474,0.7291666865348816
YDR023W,YDR123C,0,-0.38968396,0.09410548210144043,0.7583333253860474,0.7300000190734863
YGL022W,YFR029W,0,-0.3923005,0.09400826692581177,0.7583333253860474,0.7308333516120911
YAL001C,YGL043W,0,-0.3931212,0.09391124546527863,0.7583333253860474,0.7316666841506958
YOR115C,YNL210W,0,-0.39319748,0.0938144326210022,0.7583333253860474,0.7325000166893005
YFL060C,YML058W,0,-0.3935509,0.09371781349182129,0.7583333253860474,0.7333333492279053
YPR108W,YDR025W,0,-0.39362004,0.0936213955283165,0.7583333253860474,0.73416668176651
YER142C,YKL051W,0,-0.39393595,0.09352517873048782,0.7583333253860474,0.7350000143051147
YOR063W,YKL089W,0,-0.3944088,0.09342915564775467,0.7583333253860474,0.7358333468437195
YJR104C,YLR088W,0,-0.3949513,0.09333333373069763,0.7583333253860474,0.7366666793823242
YMR275C,YLR386W,1,-0.39573386,0.09426229447126389,0.7666666507720947,0.7366666793823242
YOR243C,YJR047C,0,-0.3973714,0.09416581690311432,0.7666666507720947,0.737500011920929
YJR112W,YAR007C,0,-0.3975453,0.09406953305006027,0.7666666507720947,0.7383333444595337
YPL137C,YJL203W,0,-0.39800683,0.09397344291210175,0.7666666507720947,0.7391666769981384
YLR431C,YDR129C,0,-0.39814937,0.09387755393981934,0.7666666507720947,0.7400000095367432
YIL154C,YDR057W,0,-0.39956817,0.09378185868263245,0.7666666507720947,0.7408333420753479
YDR365C,YHR008C,0,-0.40042862,0.09368635714054108,0.7666666507720947,0.7416666746139526
YKR066C,YDR427W,0,-0.4004398,0.09359104931354523,0.7666666507720947,0.7425000071525574
YAL040C,YLR403W,0,-0.400587,0.0934959352016449,0.7666666507720947,0.7433333396911621
YCL074W,YHR027C,0,-0.40083805,0.09340101480484009,0.7666666507720947,0.7441666722297668
YLL024C,YPR103W,0,-0.40090626,0.0933062881231308,0.7666666507720947,0.7450000047683716
YJR112W,YER145C,0,-0.40123597,0.09321175515651703,0.7666666507720947,0.7458333373069763
YOR371C,YCL044C,0,-0.4012839,0.09311740845441818,0.7666666507720947,0.746666669845581
YMR216C,YER087C-A,0,-0.4014782,0.09302325546741486,0.7666666507720947,0.7475000023841858
YDL134C,YBR183W,0,-0.40273818,0.09292929619550705,0.7666666507720947,0.7483333349227905
YMR275C,YPR131C,1,-0.40656,0.09384460002183914,0.7749999761581421,0.7483333349227905
YCR020C-A,YBR265W,0,-0.40783027,0.09375,0.7749999761581421,0.7491666674613953
YJR156C,YNR019W,0,-0.40839478,0.09365558624267578,0.7749999761581421,0.75
YIL048W,YJL087C,0,-0.4085469,0.09356136620044708,0.7749999761581421,0.7508333325386047
YAL023C,YBL007C,0,-0.408797,0.0934673398733139,0.7749999761581421,0.7516666650772095
YJL207C,YFL060C,0,-0.40902597,0.09337349236011505,0.7749999761581421,0.7524999976158142
YGR213C,YML129C,0,-0.40977666,0.09327983856201172,0.7749999761581421,0.753333330154419
YOL067C,YBR228W,0,-0.41002378,0.09318637102842331,0.7749999761581421,0.7541666626930237
YIL132C,YDR432W,0,-0.410107,0.09309308975934982,0.7749999761581421,0.7549999952316284
YPL076W,YML041C,0,-0.41106164,0.09300000220537186,0.7749999761581421,0.7558333277702332
YKR067W,YCR027C,0,-0.4116255,0.09290709346532822,0.7749999761581421,0.7566666603088379
YGL013C,YMR075W,0,-0.41209707,0.0928143709897995,0.7749999761581421,0.7574999928474426
YNL090W,YNL262W,0,-0.41217348,0.0927218347787857,0.7749999761581421,0.7583333253860474
YER005W,YIL101C,0,-0.41272166,0.09262948483228683,0.7749999761581421,0.7591666579246521
YOL139C,YLR023C,0,-0.4129879,0.09253731369972229,0.7749999761581421,0.7599999904632568
YNL085W,YLL042C,0,-0.41340944,0.09244532883167267,0.7749999761581421,0.7608333230018616
YDR023W,YLR260W,0,-0.41403896,0.09235352277755737,0.7749999761581421,0.7616666555404663
YGL120C,YDL017W,0,-0.41569903,0.092261902987957,0.7749999761581421,0.762499988079071
YIL016W,YNL030W,0,-0.4157894,0.09217046946287155,0.7749999761581421,0.7633333206176758
YPL283C,YMR012W,0,-0.41675016,0.09207920730113983,0.7749999761581421,0.7641666531562805
YER111C,YLR423C,0,-0.4169528,0.09198813140392303,0.7749999761581421,0.7649999856948853
YNL257C,YJR155W,0,-0.41765338,0.09189723432064056,0.7749999761581421,0.76583331823349
YGR202C,YOR267C,0,-0.41776302,0.09180651605129242,0.7749999761581421,0.7666666507720947
YJL074C,YER143W,0,-0.41814473,0.0917159765958786,0.7749999761581421,0.7674999833106995
YPR052C,YOL133W,0,-0.41868985,0.09162561595439911,0.7749999761581421,0.7683333158493042
YMR216C,YJL036W,0,-0.41965917,0.09153543412685394,0.7749999761581421,0.7691666483879089
YOR265W,YOR338W,0,-0.41974723,0.0914454311132431,0.7749999761581421,0.7699999809265137
YBR260C,YEL032W,0,-0.4205635,0.09135559946298599,0.7749999761581421,0.7708333134651184
YNL041C,YGR202C,0,-0.4213756,0.09126594662666321,0.7749999761581421,0.7716666460037231
YKL062W,YFR046C,0,-0.42165777,0.09117647260427475,0.7749999761581421,0.7724999785423279
YGR002C,YEL031W,0,-0.42211252,0.09108716994524002,0.7749999761581421,0.7733333110809326
YPL224C,YDL058W,0,-0.42240325,0.09099804610013962,0.7749999761581421,0.7741666436195374
YBR207W,YDR194C,0,-0.42247662,0.09090909361839294,0.7749999761581421,0.7749999761581421
YPR134W,YFR029W,0,-0.4231288,0.0908203125,0.7749999761581421,0.7758333086967468
YHR041C,YNL167C,0,-0.42322746,0.09073171019554138,0.7749999761581421,0.7766666412353516
YMR134W,YJR103W,0,-0.42386147,0.0906432718038559,0.7749999761581421,0.7774999737739563
YIL154C,YOL077W-A,0,-0.42431515,0.09055501222610474,0.7749999761581421,0.778333306312561
YBR202W,YFL004W,0,-0.42754608,0.0904669240117073,0.7749999761581421,0.7791666388511658
YLR130C,YER145C,0,-0.42778608,0.0903790071606636,0.7749999761581421,0.7799999713897705
YLR105C,YML059C,0,-0.428257,0.09029126167297363,0.7749999761581421,0.7808333039283752
YGR258C,YKL068W,0,-0.42843828,0.09020368754863739,0.7749999761581421,0.7816666960716248
YKL060C,YDR159W,0,-0.4294969,0.09011627733707428,0.7749999761581421,0.7825000286102295
YOR087W,YLR071C,0,-0.4299467,0.0900290384888649,0.7749999761581421,0.7833333611488342
YLR240W,YLR386W,1,-0.43005678,0.09090909361839294,0.7833333611488342,0.7833333611488342
YPL093W,YKL089W,0,-0.4302139,0.09082125872373581,0.7833333611488342,0.784166693687439
YML107C,YIL121W,0,-0.4306307,0.0907335877418518,0.7833333611488342,0.7850000262260437
YGL020C,YLR328W,0,-0.43079638,0.09064609557390213,0.7833333611488342,0.7858333587646484
YCL063W,YPR131C,1,-0.43097547,0.09152215719223022,0.7916666865348816,0.7858333587646484
YLR127C,YBL003C,0,-0.43116847,0.0914340689778328,0.7916666865348816,0.7866666913032532
YDR059C,YLR210W,0,-0.43144694,0.09134615212678909,0.7916666865348816,0.7875000238418579
YML059C,YBR196C,0,-0.43274954,0.09125840663909912,0.7916666865348816,0.7883333563804626
YFL004W,YBL046W,0,-0.4337043,0.09117082506418228,0.7916666865348816,0.7891666889190674
YOR221C,YDR116C,0,-0.4338389,0.09108341485261917,0.7916666865348816,0.7900000214576721
YFR029W,YHR082C,0,-0.43405265,0.0909961685538292,0.7916666865348816,0.7908333539962769
YNL091W,YDR440W,0,-0.43445948,0.09090909361839294,0.7916666865348816,0.7916666865348816
YPL032C,YDR057W,0,-0.43501174,0.09082218259572983,0.7916666865348816,0.7925000190734863
YHR005C-A,YLR010C,0,-0.4350405,0.09073543548583984,0.7916666865348816,0.7933333516120911
YDR302W,YDR309C,0,-0.43546355,0.09064885228872299,0.7916666865348816,0.7941666841506958
YHR023W,YDR297W,0,-0.43567023,0.09056244045495987,0.7916666865348816,0.7950000166893005
YLR431C,YNL138W,0,-0.43683735,0.09047619253396988,0.7916666865348816,0.7958333492279053
YPL041C,YGR180C,0,-0.43689343,0.09039010107517242,0.7916666865348816,0.79666668176651
YDR459C,YPL194W,0,-0.43706596,0.0903041809797287,0.7916666865348816,0.7975000143051147
YGL168W,YOR295W,0,-0.4374493,0.0902184247970581,0.7916666865348816,0.7983333468437195
YDR075W,YDR168W,0,-0.43745098,0.09013282507658005,0.7916666865348816,0.7991666793823242
YJR065C,YBR234C,1,-0.43795973,0.09099525958299637,0.800000011920929,0.7991666793823242
YBR057C,YDL051W,0,-0.4382182,0.09090909361839294,0.800000011920929,0.800000011920929
YML074C,YFL038C,0,-0.43836164,0.09082308411598206,0.800000011920929,0.8008333444595337
YER162C,YDR469W,0,-0.43851525,0.0907372385263443,0.800000011920929,0.8016666769981384
YDR258C,YGR116W,0,-0.43962875,0.09065155684947968,0.800000011920929,0.8025000095367432
YML057W,YBL056W,0,-0.43985322,0.09056603908538818,0.800000011920929,0.8033333420753479
YPL213W,YPL242C,0,-0.44030774,0.09048067778348923,0.800000011920929,0.8041666746139526
YNL250W,YGL028C,0,-0.44035083,0.0903954803943634,0.800000011920929,0.8050000071525574
YMR072W,YBR234C,1,-0.44153097,0.0912511795759201,0.8083333373069763,0.8050000071525574
YPL032C,YGR134W,0,-0.4418435,0.09116541594266891,0.8083333373069763,0.8058333396911621
YIL072W,YPR103W,0,-0.44186148,0.09107980877161026,0.8083333373069763,0.8066666722297668
YJR131W,YDR098C,0,-0.44188252,0.09099437296390533,0.8083333373069763,0.8075000047683716
YML042W,YMR303C,0,-0.4455901,0.09090909361839294,0.8083333373069763,0.8083333373069763
YPL096C-A,YPL085W,0,-0.44689393,0.09082397073507309,0.8083333373069763,0.809166669845581
YHR042W,YBR152W,0,-0.44718516,0.09073901176452637,0.8083333373069763,0.8100000023841858
YJL124C,YBR217W,0,-0.44731405,0.09065420925617218,0.8083333373069763,0.8108333349227905
YOR123C,YGL192W,0,-0.4479212,0.09056956321001053,0.8083333373069763,0.8116666674613953
YOR142W,YCR061W,0,-0.44792855,0.09048507362604141,0.8083333373069763,0.8125
YDR329C,YHR001W-A,0,-0.44807202,0.09040074795484543,0.8083333373069763,0.8133333325386047
YBL106C,YLL003W,0,-0.44816968,0.09031657129526138,0.8083333373069763,0.8141666650772095
YCL004W,YBR126C,0,-0.4499016,0.09023255854845047,0.8083333373069763,0.8149999976158142
YGL089C,YML013W,0,-0.45161578,0.09014870226383209,0.8083333373069763,0.815833330154419
YFL004W,YGL223C,0,-0.4540594,0.09006499499082565,0.8083333373069763,0.8166666626930237
YPL015C,YIL010W,0,-0.4553972,0.08998144418001175,0.8083333373069763,0.8174999952316284
YCL005W-A,YJR047C,0,-0.45548758,0.08989805728197098,0.8083333373069763,0.8183333277702332
YHR023W,YOL129W,0,-0.45570788,0.08981481194496155,0.8083333373069763,0.8191666603088379
YPR154W,YGR280C,0,-0.45626986,0.08973173052072525,0.8083333373069763,0.8199999928474426
YIL101C,YNL084C,0,-0.45714024,0.08964879810810089,0.8083333373069763,0.8208333253860474
YCL063W,YBR234C,1,-0.4586697,0.09048938006162643,0.8166666626930237,0.8208333253860474
YER020W,YHR008C,0,-0.4592683,0.0904059037566185,0.8166666626930237,0.8216666579246521
YKL068W,YHL027W,0,-0.45941326,0.0903225839138031,0.8166666626930237,0.8224999904632568
YMR275C,YCL063W,1,-0.46125516,0.09116022288799286,0.824999988079071,0.8224999904632568
YOR347C,YOR113W,0,-0.46231356,0.09107635915279388,0.824999988079071,0.8233333230018616
YKL062W,YGR171C,0,-0.4625022,0.09099264442920685,0.824999988079071,0.8241666555404663
YBR171W,YGL153W,0,-0.46531197,0.09090909361839294,0.824999988079071,0.824999988079071
YJL085W,YHR165C,0,-0.4655127,0.09082568436861038,0.824999988079071,0.8258333206176758
YJL124C,YKL143W,0,-0.46714708,0.09074243903160095,0.824999988079071,0.8266666531562805
YDR498C,YDR473C,0,-0.467427,0.09065934270620346,0.824999988079071,0.8274999856948853
YPL196W,YML031W,0,-0.46966463,0.09057639539241791,0.824999988079071,0.82833331823349
YOR142W,YPL050C,0,-0.46999577,0.09049360454082489,0.824999988079071,0.8291666507720947
YLR176C,YJR118C,0,-0.47001943,0.09041095525026321,0.824999988079071,0.8299999833106995
YLL001W,YBR234C,1,-0.47020367,0.09124087542295456,0.8333333134651184,0.8299999833106995
YCL063W,YLL001W,1,-0.47069594,0.09206928312778473,0.8416666388511658,0.8299999833106995
YGR116W,YFL033C,0,-0.47149152,0.09198542684316635,0.8416666388511658,0.8308333158493042
YOR353C,YEL063C,0,-0.4719858,0.09190172702074051,0.8416666388511658,0.8316666483879089
YHR129C,YBR106W,0,-0.4721839,0.0918181836605072,0.8416666388511658,0.8324999809265137
YDR302W,YOR388C,0,-0.47348365,0.09173478931188583,0.8416666388511658,0.8333333134651184
YJL074C,YLR263W,0,-0.47366667,0.0916515439748764,0.8416666388511658,0.8341666460037231
YNL250W,YLR215C,0,-0.47457135,0.09156844764947891,0.8416666388511658,0.8349999785423279
YDR411C,YIR037W,0,-0.4758037,0.09148550778627396,0.8416666388511658,0.8358333110809326
YGL168W,YHR191C,0,-0.47592363,0.09140271693468094,0.8416666388511658,0.8366666436195374
YKL009W,YMR136W,0,-0.47665563,0.09132007509469986,0.8416666388511658,0.8374999761581421
YML001W,YMR275C,1,-0.4774651,0.09214092046022415,0.8500000238418579,0.8374999761581421
YLL001W,YLR240W,1,-0.4792345,0.09296029061079025,0.8583333492279053,0.8374999761581421
YDR030C,YLR096W,0,-0.4798017,0.09287646412849426,0.8583333492279053,0.8383333086967468
YIL149C,YGR213C,0,-0.4801589,0.09279279410839081,0.8583333492279053,0.8391666412353516
YJR065C,YLR240W,1,-0.48173738,0.09360936284065247,0.8666666746139526,0.8391666412353516
YDR016C,YNL084C,0,-0.48261017,0.09352517873048782,0.8666666746139526,0.8399999737739563
YKL032C,YJL198W,0,-0.48317677,0.09344115108251572,0.8666666746139526,0.840833306312561
YLR466W,YOL031C,0,-0.48338708,0.09335727244615555,0.8666666746139526,0.8416666388511658
YER159C,YDR075W,0,-0.4838073,0.09327354282140732,0.8666666746139526,0.8424999713897705
YBL085W,YDR295C,0,-0.48388854,0.09318996220827103,0.8666666746139526,0.8433333039283752
YHR008C,YLR210W,0,-0.48449028,0.09310653805732727,0.8666666746139526,0.8441666960716248
YNL272C,YHR012W,0,-0.48505592,0.09302325546741486,0.8666666746139526,0.8450000286102295
YAR002W,YGR199W,0,-0.4858916,0.09294012188911438,0.8666666746139526,0.8458333611488342
YOR253W,YNL310C,0,-0.4880012,0.09285714477300644,0.8666666746139526,0.846666693687439
YJL148W,YLR195C,0,-0.48873976,0.09277430921792984,0.8666666746139526,0.8475000262260437
YEL031W,YHR106W,0,-0.4911321,0.09269162267446518,0.8666666746139526,0.8483333587646484
YDR450W,YKL203C,0,-0.49152908,0.09260908514261246,0.8666666746139526,0.8491666913032532
YNL272C,YGL158W,0,-0.49154663,0.09252668917179108,0.8666666746139526,0.8500000238418579
YLR337C,YIL139C,0,-0.4934803,0.09244444221258163,0.8666666746139526,0.8508333563804626
YDR427W,YAR007C,0,-0.49366614,0.09236234426498413,0.8666666746139526,0.8516666889190674
YDR499W,YFL022C,0,-0.49386644,0.09228038787841797,0.8666666746139526,0.8525000214576721
YDR211W,YLR039C,0,-0.49492165,0.09219858050346375,0.8666666746139526,0.8533333539962769
YDR289C,YJR047C,0,-0.49534968,0.09211691468954086,0.8666666746139526,0.8541666865348816
YDL227C,YMR106C,0,-0.49578986,0.09203539788722992,0.8666666746139526,0.8550000190734863
YLR386W,YMR163C,1,-0.49747464,0.09283819794654846,0.875,0.8550000190734863
YLL001W,YMR163C,1,-0.49757537,0.09363957494497299,0.8833333253860474,0.8550000190734863
YGR175C,YDL231C,0,-0.49819455,0.09355692565441132,0.8833333253860474,0.8558333516120911
YER183C,YDR297W,0,-0.49840418,0.09347442537546158,0.8833333253860474,0.8566666841506958
YIL021W,YKL074C,0,-0.49933773,0.09339207410812378,0.8833333253860474,0.8575000166893005
YKR061W,YER159C,0,-0.49990144,0.09330985695123672,0.8833333253860474,0.8583333492279053
YOR221C,YOR113W,0,-0.5014006,0.09322778880596161,0.8833333253860474,0.85916668176651
YOL049W,YCR067C,0,-0.50342435,0.09314586967229843,0.8833333253860474,0.8600000143051147
YML107C,YIL033C,0,-0.50352836,0.0930640920996666,0.8833333253860474,0.8608333468437195
YDL235C,YKR087C,0,-0.50366724,0.0929824560880661,0.8833333253860474,0.8616666793823242
YOL049W,YLR201C,0,-0.50375164,0.09290096163749695,0.8833333253860474,0.862500011920929
YEL037C,YEL063C,0,-0.5051272,0.09281961619853973,0.8833333253860474,0.8633333444595337
YMR072W,YHR194W,1,-0.50527954,0.09361329674720764,0.8916666507720947,0.8633333444595337
YER041W,YEL002C,0,-0.5060439,0.09353146702051163,0.8916666507720947,0.8641666769981384
YGL227W,YNL084C,0,-0.5091264,0.09344977885484695,0.8916666507720947,0.8650000095367432
YBR265W,YKL143W,0,-0.50966424,0.09336823970079422,0.8916666507720947,0.8658333420753479
YMR163C,YPR131C,1,-0.5098113,0.09415867179632187,0.8999999761581421,0.8658333420753479
YDR483W,YPL092W,0,-0.5107769,0.09407665580511093,0.8999999761581421,0.8666666746139526
YMR246W,YNL167C,0,-0.5110551,0.09399478137493134,0.8999999761581421,0.8675000071525574
YEL015W,YPR037C,0,-0.5122405,0.09391304105520248,0.8999999761581421,0.8683333396911621
YBR196C,YGL227W,0,-0.51524866,0.09383144974708557,0.8999999761581421,0.8691666722297668
YDL128W,YGL093W,0,-0.5170704,0.09375,0.8999999761581421,0.8700000047683716
YGL071W,YGR085C,0,-0.5171906,0.09366869181394577,0.8999999761581421,0.8708333373069763
YGR109C,YOR201C,0,-0.51732266,0.09358752518892288,0.8999999761581421,0.871666669845581
YIL101C,YOL004W,0,-0.5174835,0.09350649267435074,0.8999999761581421,0.8725000023841858
YML001W,YMR163C,1,-0.51766694,0.09429065883159637,0.9083333611488342,0.8725000023841858
YDR023W,YER014C-A,0,-0.51772624,0.09420916438102722,0.9083333611488342,0.8733333349227905
YKL054C,YER142C,0,-0.518252,0.09412780404090881,0.9083333611488342,0.8741666674613953
YLR130C,YBL079W,0,-0.51906145,0.09404659271240234,0.9083333611488342,0.875
YBR077C,YLL024C,0,-0.519698,0.09396551549434662,0.9083333611488342,0.8758333325386047
YBR081C,YML058W,0,-0.52037954,0.09388457983732224,0.9083333611488342,0.8766666650772095
YLR127C,YHR005C-A,0,-0.52228814,0.0938037857413292,0.9083333611488342,0.8774999976158142
YPR154W,YHR161C,0,-0.52458155,0.09372313320636749,0.9083333611488342,0.878333330154419
YJR065C,YLR386W,1,-0.52548194,0.09450171887874603,0.9166666865348816,0.878333330154419
YLR380W,YDL017W,0,-0.5263376,0.09442060440778732,0.9166666865348816,0.8791666626930237
YBR107C,YCL061C,0,-0.53052115,0.09433962404727936,0.9166666865348816,0.8799999952316284
YOR094W,YDR469W,0,-0.53082514,0.09425878524780273,0.9166666865348816,0.8808333277702332
YOL054W,YPL137C,0,-0.5313482,0.09417808055877686,0.9166666865348816,0.8816666603088379
YBR294W,YOR243C,0,-0.53226787,0.09409751743078232,0.9166666865348816,0.8824999928474426
YNL061W,YKL032C,0,-0.53271735,0.09401709586381912,0.9166666865348816,0.8833333253860474
YPL036W,YNR032C-A,0,-0.5332569,0.09393680840730667,0.9166666865348816,0.8841666579246521
YDL185W,YKL197C,0,-0.5340482,0.09385665506124496,0.9166666865348816,0.8849999904632568
YKL130C,YJR059W,0,-0.53419995,0.0937766432762146,0.9166666865348816,0.8858333230018616
YKL051W,YOR039W,0,-0.53468907,0.09369676560163498,0.9166666865348816,0.8866666555404663
YGR103W,YHR191C,0,-0.53833973,0.0936170220375061,0.9166666865348816,0.887499988079071
YEL013W,YHR194W,1,-0.5384321,0.09438775479793549,0.925000011920929,0.887499988079071
YPL046C,YLR401C,0,-0.5385486,0.0943075641989708,0.925000011920929,0.8883333206176758
YDR214W,YER061C,0,-0.5391916,0.09422750771045685,0.925000011920929,0.8891666531562805
YKR028W,YBL056W,0,-0.53964984,0.09414758533239365,0.925000011920929,0.8899999856948853
YLR214W,YNL030W,0,-0.540457,0.09406779706478119,0.925000011920929,0.89083331823349
YBR202W,YOR209C,0,-0.5417969,0.09398814290761948,0.925000011920929,0.8916666507720947
YOL026C,YDR365C,0,-0.5428752,0.0939086303114891,0.925000011920929,0.8924999833106995
YBR196C,YOL071W,0,-0.5437465,0.09382924437522888,0.925000011920929,0.8933333158493042
YDR495C,YBR234C,1,-0.54425895,0.09459459781646729,0.9333333373069763,0.8933333158493042
YMR200W,YBR127C,0,-0.544346,0.09451476484537125,0.9333333373069763,0.8941666483879089
YGL227W,YEL002C,0,-0.5445236,0.09443507343530655,0.9333333373069763,0.8949999809265137
YMR290C,YIL072W,0,-0.5446613,0.0943555161356926,0.9333333373069763,0.8958333134651184
YMR072W,YLL001W,1,-0.545298,0.09511784464120865,0.9416666626930237,0.8958333134651184
YOR313C,YGR060W,0,-0.54801774,0.09503784775733948,0.9416666626930237,0.8966666460037231
YPL085W,YIL084C,0,-0.55244553,0.09495798498392105,0.9416666626930237,0.8974999785423279
YFL033C,YGL172W,0,-0.55466425,0.09487825632095337,0.9416666626930237,0.8983333110809326
YPL036W,YJR105W,0,-0.55527306,0.09479865431785583,0.9416666626930237,0.8991666436195374
YDR228C,YMR091C,0,-0.556661,0.09471919387578964,0.9416666626930237,0.8999999761581421
YJL201W,YOL054W,0,-0.55755293,0.0946398675441742,0.9416666626930237,0.9008333086967468
YCR065W,YEL051W,0,-0.55909944,0.0945606678724289,0.9416666626930237,0.9016666412353516
YDR483W,YLR214W,0,-0.56194925,0.09448160231113434,0.9416666626930237,0.9024999737739563
YOR113W,YOR185C,0,-0.5632223,0.09440267086029053,0.9416666626930237,0.903333306312561
YDR483W,YOR132W,0,-0.56353676,0.09432387351989746,0.9416666626930237,0.9041666388511658
YJR104C,YEL002C,0,-0.56502163,0.09424520283937454,0.9416666626930237,0.9049999713897705
YEL013W,YLL001W,1,-0.56655455,0.0949999988079071,0.949999988079071,0.9049999713897705
YIL021W,YFL060C,0,-0.5666405,0.09492089599370956,0.949999988079071,0.9058333039283752
YHR005C,YBR168W,0,-0.56774247,0.09484192728996277,0.949999988079071,0.9066666960716248
YBR196C,YDR472W,0,-0.56804025,0.09476309269666672,0.949999988079071,0.9075000286102295
YLR022C,YEL026W,0,-0.5683888,0.09468438476324081,0.949999988079071,0.9083333611488342
YMR044W,YIL042C,0,-0.5687269,0.09460581094026566,0.949999988079071,0.909166693687439
YML042W,YNR019W,0,-0.56964034,0.09452736377716064,0.949999988079071,0.9100000262260437
YBL106C,YDL132W,0,-0.5698105,0.09444905072450638,0.949999988079071,0.9108333587646484
YDL134C,YPL050C,0,-0.5707722,0.09437086433172226,0.949999988079071,0.9116666913032532
YIL002C,YDR080W,0,-0.57352984,0.09429280459880829,0.949999988079071,0.9125000238418579
YDR273W,YER032W,0,-0.57379615,0.09421487897634506,0.949999988079071,0.9133333563804626
YDR473C,YPL170W,0,-0.57388306,0.09413708001375198,0.949999988079071,0.9141666889190674
YKL143W,YGL167C,0,-0.5752132,0.09405940771102905,0.949999988079071,0.9150000214576721
YML010W,YAL032C,0,-0.5755848,0.09398186206817627,0.949999988079071,0.9158333539962769
YJR131W,YGL097W,0,-0.57685965,0.09390445053577423,0.949999988079071,0.9166666865348816
YCR038C,YPL149W,0,-0.5793216,0.09382715821266174,0.949999988079071,0.9175000190734863
YJR131W,YOL101C,0,-0.58034897,0.09375,0.949999988079071,0.9183333516120911
YCR071C,YLR145W,0,-0.58469176,0.0936729684472084,0.949999988079071,0.9191666841506958
YGL033W,YHR165C,0,-0.5850403,0.09359605610370636,0.949999988079071,0.9200000166893005
YER045C,YLR401C,0,-0.5857222,0.09351927787065506,0.949999988079071,0.9208333492279053
YDL051W,YOL064C,0,-0.5920588,0.09344262629747391,0.949999988079071,0.92166668176651
YKL113C,YPL046C,0,-0.5936502,0.0933660939335823,0.949999988079071,0.9225000143051147
YMR214W,YOR249C,0,-0.59395444,0.09328968822956085,0.949999988079071,0.9233333468437195
YBR265W,YBL046W,0,-0.59613085,0.09321340918540955,0.949999988079071,0.9241666793823242
YBR168W,YMR146C,0,-0.60242784,0.09313725680112839,0.949999988079071,0.925000011920929
YBR257W,YMR146C,0,-0.6036316,0.09306122362613678,0.949999988079071,0.9258333444595337
YPL046C,YLR059C,0,-0.6056589,0.09298531711101532,0.949999988079071,0.9266666769981384
YPL036W,YER145C,0,-0.6066487,0.09290953725576401,0.949999988079071,0.9275000095367432
YGL174W,YOR195W,0,-0.6078893,0.09283387660980225,0.949999988079071,0.9283333420753479
YGR170W,YBL023C,0,-0.6101606,0.09275834262371063,0.949999988079071,0.9291666746139526
YDR273W,YEL002C,0,-0.61020815,0.09268292784690857,0.949999988079071,0.9300000071525574
YNL339C,YPL122C,0,-0.61200666,0.09260763972997665,0.949999988079071,0.9308333396911621
YDR483W,YGR005C,0,-0.61290824,0.09253247082233429,0.949999988079071,0.9316666722297668
YMR283C,YKL148C,0,-0.6223788,0.09245742112398148,0.949999988079071,0.9325000047683716
YJR144W,YNL091W,0,-0.62247753,0.09238249808549881,0.949999988079071,0.9333333373069763
YBR077C,YNL070W,0,-0.6233033,0.0923076942563057,0.949999988079071,0.934166669845581
YMR266W,YGR143W,0,-0.6236235,0.09223300963640213,0.949999988079071,0.9350000023841858
YBL039C,YCR063W,0,-0.6270317,0.09215844422578812,0.949999988079071,0.9358333349227905
YDR270W,YJR092W,0,-0.6273495,0.09208400547504425,0.949999988079071,0.9366666674613953
YGR002C,YMR146C,0,-0.62836945,0.09200968593358994,0.949999988079071,0.9375
YDR093W,YHR048W,0,-0.63295305,0.09193548560142517,0.949999988079071,0.9383333325386047
YOR187W,YHR106W,0,-0.63391364,0.09186140447854996,0.949999988079071,0.9391666650772095
YDL159W,YFR002W,0,-0.63594365,0.0917874425649643,0.949999988079071,0.9399999976158142
YML010W,YOR301W,0,-0.63644207,0.09171359986066818,0.949999988079071,0.940833330154419
YGL043W,YJL045W,0,-0.63702655,0.09163986891508102,0.949999988079071,0.9416666626930237
YMR216C,YGR078C,0,-0.638049,0.09156626462936401,0.949999988079071,0.9424999952316284
YKL051W,YHR042W,0,-0.64097834,0.09149277955293655,0.949999988079071,0.9433333277702332
YML074C,YDR270W,0,-0.6413914,0.09141940623521805,0.949999988079071,0.9441666603088379
YLR214W,YML064C,0,-0.6426765,0.09134615212678909,0.949999988079071,0.9449999928474426
YMR246W,YDR057W,0,-0.6469871,0.09127301722764969,0.949999988079071,0.9458333253860474
YBR002C,YDL227C,0,-0.6479268,0.09120000153779984,0.949999988079071,0.9466666579246521
YER143W,YCR031C,0,-0.64943624,0.09112709760665894,0.949999988079071,0.9474999904632568
YMR072W,YEL013W,1,-0.6495229,0.09185303747653961,0.9583333134651184,0.9474999904632568
YPR179C,YDR254W,0,-0.6521225,0.09177973121404648,0.9583333134651184,0.9483333230018616
YOL164W,YGL089C,0,-0.6533096,0.0917065367102623,0.9583333134651184,0.9491666555404663
YBL084C,YGL130W,0,-0.6631359,0.09163346886634827,0.9583333134651184,0.949999988079071
YAL032C,YDL120W,0,-0.66468716,0.09156051278114319,0.9583333134651184,0.9508333206176758
YDL120W,YOR346W,0,-0.66653085,0.09148766845464706,0.9583333134651184,0.9516666531562805
YGL172W,YJL116C,0,-0.66844845,0.09141494333744049,0.9583333134651184,0.9524999856948853
YJL080C,YJR022W,0,-0.66922987,0.09134233742952347,0.9583333134651184,0.95333331823349
YKR028W,YBR136W,0,-0.6712178,0.0912698432803154,0.9583333134651184,0.9541666507720947
YNL113W,YLR377C,0,-0.6725923,0.09119746088981628,0.9583333134651184,0.9549999833106995
YIL048W,YNL097C,0,-0.6729212,0.09112519770860672,0.9583333134651184,0.9558333158493042
YKL197C,YHR188C,0,-0.6732205,0.09105304628610611,0.9583333134651184,0.9566666483879089
YLR314C,YER145C,0,-0.68134487,0.09098101407289505,0.9583333134651184,0.9574999809265137
YMR275C,YLL001W,1,-0.6858381,0.09169960767030716,0.9666666388511658,0.9574999809265137
YDR216W,YJR118C,0,-0.68682647,0.09162717312574387,0.9666666388511658,0.9583333134651184
YMR044W,YDR078C,0,-0.690336,0.09155485033988953,0.9666666388511658,0.9591666460037231
YAL013W,YER019C-A,0,-0.6908752,0.09148264676332474,0.9666666388511658,0.9599999785423279
YJR118C,YHR050W,0,-0.6930362,0.0914105623960495,0.9666666388511658,0.9608333110809326
YJR065C,YML001W,1,-0.695315,0.09212598204612732,0.9750000238418579,0.9608333110809326
YMR246W,YPL122C,0,-0.6963558,0.09205350279808044,0.9750000238418579,0.9616666436195374
YNL167C,YMR038C,0,-0.6989856,0.09198113530874252,0.9750000238418579,0.9624999761581421
YOR137C,YER006W,0,-0.7013432,0.09190887957811356,0.9750000238418579,0.9633333086967468
YBL023C,YGL150C,0,-0.7033862,0.09183673560619354,0.9750000238418579,0.9641666412353516
YBR043C,YGR180C,0,-0.7039231,0.09176470339298248,0.9750000238418579,0.9649999737739563
YDR163W,YDR129C,0,-0.71155083,0.09169279038906097,0.9750000238418579,0.965833306312561
YDR190C,YML091C,0,-0.71247935,0.09162098914384842,0.9750000238418579,0.9666666388511658
YML001W,YBR234C,1,-0.71410286,0.09233176708221436,0.9833333492279053,0.9666666388511658
YBR265W,YNL167C,0,-0.71699274,0.09225957840681076,0.9833333492279053,0.9674999713897705
YOL020W,YML091C,0,-0.7202258,0.09218750149011612,0.9833333492279053,0.9683333039283752
YBL022C,YKR035W-A,0,-0.72668695,0.09211553633213043,0.9833333492279053,0.9691666960716248
YLR193C,YDR164C,0,-0.7279049,0.0920436829328537,0.9833333492279053,0.9700000286102295
YDR164C,YLR328W,0,-0.72972965,0.09197194129228592,0.9833333492279053,0.9708333611488342
YLR176C,YGL006W,0,-0.73499846,0.0919003114104271,0.9833333492279053,0.971666693687439
YOL071W,YCR093W,0,-0.754449,0.09182879328727722,0.9833333492279053,0.9725000262260437
YBR015C,YGL150C,0,-0.7581768,0.0917573869228363,0.9833333492279053,0.9733333587646484
YCL044C,YJR103W,0,-0.7593763,0.09168609231710434,0.9833333492279053,0.9741666913032532
YBL052C,YDR022C,0,-0.76658714,0.09161490947008133,0.9833333492279053,0.9750000238418579
YEL037C,YGR261C,0,-0.76877165,0.09154383093118668,0.9833333492279053,0.9758333563804626
YDR495C,YMR163C,1,-0.77472854,0.09224805980920792,0.9916666746139526,0.9758333563804626
YML010W,YDR324C,0,-0.7813349,0.09217660874128342,0.9916666746139526,0.9766666889190674
YPL242C,YGL195W,0,-0.78639364,0.09210526198148727,0.9916666746139526,0.9775000214576721
YNL006W,YML091C,0,-0.79015374,0.09203402698040009,0.9916666746139526,0.9783333539962769
YDR039C,YKL032C,0,-0.7950665,0.09196290373802185,0.9916666746139526,0.9791666865348816
YBR212W,YMR302C,0,-0.7994708,0.09189189225435257,0.9916666746139526,0.9800000190734863
YDR459C,YOR209C,0,-0.81453526,0.09182098507881165,0.9916666746139526,0.9808333516120911
YOR087W,YBL022C,0,-0.8150213,0.09175018966197968,0.9916666746139526,0.9816666841506958
YGL038C,YDR382W,0,-0.8190918,0.09167950600385666,0.9916666746139526,0.9825000166893005
YHR034C,YDR194C,0,-0.81990814,0.091608926653862,0.9916666746139526,0.9833333492279053
YJR103W,YOL049W,0,-0.8277011,0.0915384590625763,0.9916666746139526,0.98416668176651
YPL202C,YGR078C,0,-0.838608,0.09146810322999954,0.9916666746139526,0.9850000143051147
YDL116W,YOR137C,0,-0.85242546,0.09139785170555115,0.9916666746139526,0.9858333468437195
YLL003W,YOL064C,0,-0.85667634,0.09132770448923111,0.9916666746139526,0.9866666793823242
YPL202C,YOL101C,0,-0.86174965,0.09125766903162003,0.9916666746139526,0.987500011920929
YDR171W,YDR059C,0,-0.86390615,0.0911877378821373,0.9916666746139526,0.9883333444595337
YPL202C,YOR210W,0,-0.8642005,0.09111791849136353,0.9916666746139526,0.9891666769981384
YGR175C,YML031W,0,-0.8730992,0.09104820340871811,0.9916666746139526,0.9900000095367432
YOR113W,YMR012W,0,-0.89008474,0.09097859263420105,0.9916666746139526,0.9908333420753479
YOR221C,YBL079W,0,-0.8931198,0.09090909361839294,0.9916666746139526,0.9916666746139526
YHR042W,YGL232W,0,-0.89813375,0.0908396914601326,0.9916666746139526,0.9925000071525574
YPL262W,YLR377C,0,-0.9220828,0.09077040106058121,0.9916666746139526,0.9933333396911621
YKR067W,YKL032C,0,-0.9430591,0.09070122241973877,0.9916666746139526,0.9941666722297668
YOL071W,YHR001W-A,0,-0.9476993,0.09063214063644409,0.9916666746139526,0.9950000047683716
YAL032C,YDR075W,0,-0.95007765,0.09056316316127777,0.9916666746139526,0.9958333373069763
YDR335W,YGR005C,0,-0.9535295,0.0904942974448204,0.9916666746139526,0.996666669845581
YHR094C,YBR117C,0,-0.9570979,0.0904255285859108,0.9916666746139526,0.9975000023841858
YDR382W,YDR450W,0,-0.96842396,0.09035687148571014,0.9916666746139526,0.9983333349227905
YOR087W,YML058W,0,-0.99810505,0.09028831869363785,0.9916666746139526,0.9991666674613953
YBR043C,YMR246W,0,-1.01304,0.09021986275911331,0.9916666746139526,1.0
YCL063W,YCL062W,1,-3.4759777,0.09090909361839294,1.0,1.0
